Ascend
Raw:-2.557,-0.2676,10.16,5.875,-11.7,-1.867,-7.38,-1.794,8.234,-6.93
EFT:-2.55,-0.2742,10.13,5.867,-11.69,-1.862,-7.363,-1.785,8.234,-6.92
Descend
Raw:-2.514,-0.2935,10.06,5.83,-11.65,-1.832,-7.32,-1.782,8.2,-6.89
EFT:-2.55,-0.2742,10.13,5.867,-11.69,-1.862,-7.363,-1.785,8.234,-6.92
Random1
Raw:-2.518,-0.2754,10.09,5.86,-11.664,-1.859,-7.367,-1.7705,8.22,-6.914
EFT:-2.55,-0.2742,10.13,5.867,-11.69,-1.862,-7.363,-1.785,8.234,-6.92
Random2
Raw:-2.549,-0.2637,10.14,5.875,-11.68,-1.859,-7.363,-1.775,8.234,-6.918
EFT:-2.55,-0.2742,10.13,5.867,-11.69,-1.862,-7.363,-1.785,8.23,-6.92
Random3
Raw:-2.523,-0.2676,10.14,5.875,-11.67,-1.85,-7.37,-1.78,8.22,-6.91
EFT:-2.55,-0.2742,10.13,5.867,-11.69,-1.862,-7.363,-1.785,8.234,-6.92
Random4
Raw:-2.545,-0.2754,10.17,5.87,-11.695,-1.871,-7.37,-1.786,8.24,-6.93
EFT:-2.55,-0.2742,10.13,5.867,-11.69,-1.862,-7.363,-1.785,8.234,-6.92
Random5
Raw:-2.543,-0.2559,10.14,5.867,-11.69,-1.855,-7.363,-1.799,8.234,-6.92
EFT:-2.55,-0.2742,10.13,5.867,-11.69,-1.862,-7.363,-1.785,8.234,-6.92
Random6
Raw:-2.574,-0.2803,10.16,5.883,-11.71,-1.861,-7.387,-1.78,8.22,-6.938
EFT:-2.55,-0.2742,10.13,5.867,-11.69,-1.862,-7.363,-1.785,8.234,-6.92
Random7
Raw:-2.527,-0.2715,10.1,5.832,-11.63,-1.867,-7.332,-1.786,8.21,-6.9
EFT:-2.55,-0.2742,10.13,5.867,-11.69,-1.862,-7.363,-1.785,8.234,-6.92
Random8
Raw:-2.549,-0.2734,10.15,5.87,-11.7,-1.875,-7.39,-1.778,8.24,-6.92
EFT:-2.55,-0.2742,10.13,5.867,-11.69,-1.862,-7.363,-1.785,8.23,-6.92
Random9
Raw:-2.572,-0.2715,10.16,5.883,-11.72,-1.867,-7.38,-1.772,8.24,-6.953
EFT:-2.55,-0.2742,10.13,5.867,-11.69,-1.862,-7.363,-1.784,8.234,-6.92
Random10
Raw:-2.543,-0.2754,10.125,5.867,-11.695,-1.859,-7.363,-1.784,8.23,-6.92
EFT:-2.55,-0.2742,10.13,5.867,-11.69,-1.862,-7.363,-1.785,8.234,-6.92
Random11
Raw:-2.541,-0.2754,10.125,5.875,-11.67,-1.852,-7.36,-1.81,8.23,-6.91
EFT:-2.55,-0.2742,10.13,5.867,-11.69,-1.862,-7.363,-1.785,8.23,-6.92
Random12
Raw:-2.56,-0.2793,10.125,5.875,-11.695,-1.863,-7.363,-1.781,8.23,-6.92
EFT:-2.55,-0.2742,10.13,5.867,-11.69,-1.862,-7.363,-1.785,8.23,-6.92
Random13
Raw:-2.557,-0.2832,10.125,5.867,-11.695,-1.871,-7.355,-1.78,8.23,-6.92
EFT:-2.55,-0.2742,10.13,5.867,-11.69,-1.862,-7.363,-1.785,8.234,-6.92
Random14
Raw:-2.572,-0.2754,10.16,5.875,-11.72,-1.852,-7.383,-1.786,8.24,-6.938
EFT:-2.55,-0.2742,10.13,5.867,-11.69,-1.862,-7.363,-1.785,8.23,-6.92
Random15
Raw:-2.537,-0.2676,10.125,5.867,-11.68,-1.852,-7.363,-1.786,8.22,-6.92
EFT:-2.55,-0.2742,10.13,5.867,-11.69,-1.862,-7.363,-1.785,8.234,-6.92
Random16
Raw:-2.537,-0.2676,10.15,5.867,-11.695,-1.865,-7.375,-1.793,8.24,-6.93
EFT:-2.55,-0.2742,10.13,5.867,-11.69,-1.862,-7.363,-1.785,8.234,-6.92
Random17
Raw:-2.564,-0.2695,10.13,5.867,-11.69,-1.848,-7.37,-1.784,8.234,-6.938
EFT:-2.55,-0.2742,10.13,5.867,-11.69,-1.862,-7.363,-1.785,8.234,-6.92
Random18
Raw:-2.55,-0.2676,10.16,5.867,-11.695,-1.863,-7.37,-1.788,8.234,-6.934
EFT:-2.55,-0.2742,10.13,5.867,-11.69,-1.862,-7.363,-1.785,8.234,-6.92
Random19
Raw:-2.541,-0.2637,10.16,5.86,-11.695,-1.869,-7.38,-1.782,8.22,-6.934
EFT:-2.55,-0.2742,10.13,5.867,-11.69,-1.862,-7.363,-1.785,8.234,-6.92
Random20
Raw:-2.541,-0.2715,10.125,5.863,-11.67,-1.85,-7.363,-1.763,8.22,-6.906
EFT:-2.55,-0.2742,10.13,5.867,-11.69,-1.862,-7.363,-1.784,8.23,-6.92
Random21
Raw:-2.533,-0.2832,10.11,5.863,-11.664,-1.852,-7.36,-1.786,8.21,-6.91
EFT:-2.55,-0.2742,10.13,5.867,-11.69,-1.862,-7.363,-1.784,8.234,-6.92
Random22
Raw:-2.547,-0.2788,10.125,5.867,-11.69,-1.852,-7.363,-1.784,8.234,-6.918
EFT:-2.55,-0.2742,10.13,5.867,-11.69,-1.862,-7.363,-1.785,8.234,-6.92
Random23
Raw:-2.555,-0.2754,10.13,5.86,-11.69,-1.867,-7.363,-1.778,8.23,-6.93
EFT:-2.55,-0.2742,10.13,5.867,-11.69,-1.862,-7.363,-1.785,8.23,-6.92
Random24
Raw:-2.535,-0.2676,10.16,5.88,-11.695,-1.873,-7.37,-1.786,8.22,-6.93
EFT:-2.55,-0.2742,10.13,5.867,-11.69,-1.862,-7.363,-1.785,8.234,-6.92
Random25
Raw:-2.525,-0.2637,10.09,5.855,-11.664,-1.846,-7.344,-1.789,8.22,-6.914
EFT:-2.55,-0.2742,10.13,5.867,-11.69,-1.862,-7.363,-1.785,8.23,-6.92
Random26
Raw:-2.533,-0.2754,10.11,5.87,-11.664,-1.852,-7.36,-1.774,8.22,-6.9
EFT:-2.55,-0.2742,10.13,5.867,-11.69,-1.862,-7.363,-1.785,8.23,-6.92
Random27
Raw:-2.533,-0.2754,10.13,5.88,-11.68,-1.848,-7.37,-1.798,8.22,-6.914
EFT:-2.55,-0.2742,10.13,5.867,-11.69,-1.862,-7.363,-1.785,8.234,-6.92
Random28
Raw:-2.541,-0.2676,10.125,5.87,-11.66,-1.855,-7.367,-1.767,8.22,-6.914
EFT:-2.55,-0.2742,10.13,5.867,-11.69,-1.862,-7.363,-1.785,8.234,-6.92
Random29
Raw:-2.533,-0.2637,10.14,5.875,-11.695,-1.867,-7.38,-1.79,8.234,-6.926
EFT:-2.55,-0.2742,10.13,5.867,-11.69,-1.862,-7.363,-1.785,8.234,-6.92
Random30
Raw:-2.541,-0.2705,10.125,5.88,-11.69,-1.852,-7.367,-1.774,8.22,-6.92
EFT:-2.55,-0.2742,10.13,5.867,-11.69,-1.862,-7.363,-1.785,8.234,-6.92
Random31
Raw:-2.553,-0.2754,10.16,5.867,-11.695,-1.859,-7.355,-1.79,8.23,-6.918
EFT:-2.55,-0.2742,10.13,5.867,-11.69,-1.862,-7.363,-1.785,8.234,-6.92
Random32
Raw:-2.55,-0.2686,10.15,5.87,-11.69,-1.867,-7.363,-1.787,8.23,-6.93
EFT:-2.55,-0.2742,10.13,5.867,-11.69,-1.862,-7.363,-1.785,8.234,-6.92
Random33
Raw:-2.53,-0.2715,10.11,5.86,-11.664,-1.85,-7.355,-1.774,8.22,-6.91
EFT:-2.55,-0.2742,10.13,5.867,-11.69,-1.862,-7.363,-1.785,8.23,-6.92
Random34
Raw:-2.541,-0.2793,10.14,5.875,-11.68,-1.855,-7.37,-1.794,8.22,-6.914
EFT:-2.55,-0.2742,10.13,5.867,-11.69,-1.862,-7.363,-1.785,8.23,-6.92
Random35
Raw:-2.549,-0.2754,10.13,5.875,-11.695,-1.867,-7.367,-1.786,8.234,-6.92
EFT:-2.55,-0.2742,10.13,5.867,-11.69,-1.862,-7.363,-1.785,8.23,-6.92
Random36
Raw:-2.541,-0.2754,10.125,5.867,-11.664,-1.84,-7.367,-1.774,8.22,-6.914
EFT:-2.55,-0.2742,10.13,5.867,-11.69,-1.862,-7.363,-1.785,8.23,-6.92
Random37
Raw:-2.537,-0.2793,10.13,5.88,-11.68,-1.852,-7.375,-1.779,8.2,-6.906
EFT:-2.55,-0.2742,10.13,5.867,-11.69,-1.862,-7.363,-1.785,8.234,-6.92
Random38
Raw:-2.523,-0.2793,10.09,5.855,-11.64,-1.855,-7.355,-1.7705,8.21,-6.906
EFT:-2.55,-0.2742,10.13,5.867,-11.69,-1.862,-7.363,-1.785,8.23,-6.92
Random39
Raw:-2.545,-0.2773,10.16,5.875,-11.695,-1.865,-7.367,-1.778,8.24,-6.94
EFT:-2.55,-0.2742,10.13,5.867,-11.69,-1.862,-7.363,-1.785,8.23,-6.92
Random40
Raw:-2.537,-0.274,10.125,5.86,-11.664,-1.848,-7.355,-1.778,8.21,-6.906
EFT:-2.55,-0.2742,10.13,5.867,-11.69,-1.862,-7.363,-1.785,8.234,-6.92
Random41
Raw:-2.56,-0.2793,10.14,5.87,-11.695,-1.863,-7.363,-1.776,8.234,-6.93
EFT:-2.55,-0.2742,10.13,5.867,-11.69,-1.862,-7.363,-1.785,8.234,-6.92
Random42
Raw:-2.572,-0.2803,10.17,5.887,-11.71,-1.863,-7.387,-1.783,8.24,-6.945
EFT:-2.55,-0.2742,10.13,5.867,-11.69,-1.862,-7.363,-1.785,8.23,-6.92
Random43
Raw:-2.533,-0.2715,10.125,5.863,-11.68,-1.844,-7.348,-1.798,8.21,-6.93
EFT:-2.55,-0.2742,10.13,5.867,-11.69,-1.862,-7.363,-1.785,8.234,-6.92
Random44
Raw:-2.541,-0.2705,10.125,5.87,-11.68,-1.857,-7.367,-1.775,8.23,-6.914
EFT:-2.55,-0.2742,10.13,5.867,-11.69,-1.862,-7.363,-1.785,8.234,-6.92
Random45
Raw:-2.527,-0.2676,10.125,5.875,-11.68,-1.836,-7.35,-1.778,8.22,-6.914
EFT:-2.55,-0.2742,10.13,5.867,-11.69,-1.862,-7.363,-1.785,8.234,-6.92
Random46
Raw:-2.55,-0.2695,10.16,5.875,-11.695,-1.859,-7.375,-1.782,8.24,-6.934
EFT:-2.55,-0.2742,10.13,5.867,-11.69,-1.862,-7.363,-1.785,8.23,-6.92
Random47
Raw:-2.553,-0.275,10.125,5.863,-11.695,-1.859,-7.363,-1.786,8.24,-6.92
EFT:-2.55,-0.2742,10.13,5.867,-11.69,-1.862,-7.363,-1.785,8.23,-6.92
Random48
Raw:-2.543,-0.2715,10.09,5.844,-11.65,-1.844,-7.34,-1.78,8.21,-6.902
EFT:-2.55,-0.2742,10.13,5.867,-11.69,-1.862,-7.363,-1.785,8.23,-6.92
Random49
Raw:-2.549,-0.2793,10.14,5.867,-11.67,-1.865,-7.37,-1.78,8.234,-6.918
EFT:-2.55,-0.2742,10.13,5.867,-11.69,-1.862,-7.363,-1.784,8.234,-6.92
Random50
Raw:-2.533,-0.2559,10.15,5.87,-11.69,-1.873,-7.375,-1.792,8.24,-6.93
EFT:-2.55,-0.2742,10.13,5.867,-11.69,-1.862,-7.363,-1.785,8.234,-6.92
Random51
Raw:-2.564,-0.2793,10.16,5.883,-11.71,-1.869,-7.363,-1.784,8.24,-6.94
EFT:-2.55,-0.2742,10.13,5.867,-11.69,-1.862,-7.363,-1.785,8.234,-6.92
Random52
Raw:-2.555,-0.2793,10.164,5.883,-11.71,-1.875,-7.38,-1.773,8.24,-6.94
EFT:-2.55,-0.2742,10.13,5.867,-11.69,-1.862,-7.363,-1.784,8.234,-6.92
Random53
Raw:-2.533,-0.269,10.11,5.863,-11.664,-1.848,-7.363,-1.786,8.22,-6.906
EFT:-2.55,-0.2742,10.13,5.867,-11.69,-1.862,-7.363,-1.785,8.23,-6.92
Random54
Raw:-2.562,-0.2754,10.164,5.88,-11.72,-1.859,-7.387,-1.776,8.234,-6.938
EFT:-2.55,-0.2742,10.13,5.867,-11.69,-1.862,-7.363,-1.785,8.234,-6.92
Random55
Raw:-2.545,-0.2793,10.125,5.867,-11.69,-1.865,-7.363,-1.78,8.23,-6.92
EFT:-2.55,-0.2742,10.13,5.867,-11.69,-1.862,-7.363,-1.785,8.234,-6.92
Random56
Raw:-2.53,-0.2793,10.1,5.848,-11.664,-1.85,-7.348,-1.784,8.21,-6.91
EFT:-2.55,-0.2742,10.13,5.867,-11.69,-1.862,-7.363,-1.785,8.23,-6.92
Random57
Raw:-2.543,-0.2695,10.17,5.87,-11.7,-1.865,-7.375,-1.79,8.23,-6.93
EFT:-2.55,-0.2742,10.13,5.867,-11.69,-1.862,-7.363,-1.785,8.234,-6.92
Random58
Raw:-2.553,-0.2715,10.13,5.867,-11.69,-1.859,-7.363,-1.778,8.23,-6.92
EFT:-2.55,-0.2742,10.13,5.867,-11.69,-1.862,-7.363,-1.785,8.234,-6.92
Random59
Raw:-2.545,-0.2715,10.15,5.875,-11.71,-1.867,-7.375,-1.779,8.234,-6.938
EFT:-2.55,-0.2742,10.13,5.867,-11.69,-1.862,-7.363,-1.784,8.23,-6.92
Random60
Raw:-2.562,-0.2832,10.16,5.887,-11.71,-1.867,-7.383,-1.778,8.24,-6.938
EFT:-2.55,-0.2742,10.13,5.867,-11.69,-1.862,-7.363,-1.784,8.234,-6.92
Random61
Raw:-2.545,-0.2754,10.15,5.87,-11.695,-1.885,-7.38,-1.788,8.234,-6.938
EFT:-2.55,-0.2742,10.13,5.867,-11.69,-1.862,-7.363,-1.785,8.234,-6.92
Random62
Raw:-2.549,-0.2715,10.16,5.87,-11.7,-1.861,-7.37,-1.783,8.234,-6.94
EFT:-2.55,-0.2742,10.13,5.867,-11.69,-1.862,-7.363,-1.785,8.234,-6.92
Random63
Raw:-2.549,-0.2832,10.16,5.863,-11.7,-1.871,-7.37,-1.789,8.234,-6.93
EFT:-2.55,-0.2742,10.13,5.867,-11.69,-1.862,-7.363,-1.785,8.23,-6.92
Random64
Raw:-2.564,-0.2715,10.17,5.887,-11.73,-1.867,-7.39,-1.788,8.25,-6.938
EFT:-2.55,-0.2742,10.13,5.867,-11.69,-1.862,-7.363,-1.785,8.234,-6.92
Random65
Raw:-2.533,-0.2676,10.14,5.875,-11.68,-1.852,-7.34,-1.783,8.23,-6.914
EFT:-2.55,-0.2742,10.13,5.867,-11.69,-1.862,-7.363,-1.785,8.234,-6.92
Random66
Raw:-2.533,-0.2832,10.1,5.86,-11.65,-1.846,-7.355,-1.795,8.22,-6.906
EFT:-2.55,-0.2742,10.13,5.867,-11.69,-1.862,-7.363,-1.785,8.23,-6.92
Random67
Raw:-2.553,-0.2715,10.125,5.863,-11.68,-1.877,-7.363,-1.787,8.234,-6.914
EFT:-2.55,-0.2742,10.13,5.867,-11.69,-1.862,-7.363,-1.785,8.23,-6.92
Random68
Raw:-2.564,-0.2676,10.17,5.89,-11.734,-1.871,-7.395,-1.782,8.24,-6.945
EFT:-2.55,-0.2742,10.13,5.867,-11.69,-1.862,-7.363,-1.785,8.234,-6.92
Random69
Raw:-2.537,-0.2754,10.125,5.875,-11.67,-1.859,-7.367,-1.7705,8.22,-6.91
EFT:-2.55,-0.2742,10.13,5.867,-11.69,-1.862,-7.363,-1.785,8.234,-6.92
Random70
Raw:-2.537,-0.2734,10.14,5.875,-11.68,-1.848,-7.367,-1.767,8.22,-6.918
EFT:-2.55,-0.2742,10.13,5.867,-11.69,-1.862,-7.363,-1.785,8.234,-6.92
Random71
Raw:-2.541,-0.2734,10.125,5.867,-11.68,-1.857,-7.363,-1.787,8.22,-6.91
EFT:-2.55,-0.2742,10.13,5.867,-11.69,-1.862,-7.363,-1.785,8.23,-6.92
Random72
Raw:-2.541,-0.2803,10.13,5.875,-11.695,-1.873,-7.375,-1.778,8.234,-6.938
EFT:-2.55,-0.2742,10.13,5.867,-11.69,-1.862,-7.363,-1.785,8.23,-6.92
Random73
Raw:-2.555,-0.2832,10.13,5.863,-11.695,-1.855,-7.363,-1.78,8.23,-6.93
EFT:-2.55,-0.2742,10.13,5.867,-11.69,-1.862,-7.363,-1.785,8.234,-6.92
Random74
Raw:-2.541,-0.2812,10.14,5.86,-11.68,-1.844,-7.367,-1.778,8.234,-6.914
EFT:-2.55,-0.2742,10.13,5.867,-11.69,-1.862,-7.363,-1.785,8.23,-6.92
Random75
Raw:-2.541,-0.2734,10.16,5.875,-11.695,-1.877,-7.375,-1.783,8.234,-6.93
EFT:-2.55,-0.2742,10.13,5.867,-11.69,-1.862,-7.363,-1.785,8.23,-6.92
Random76
Raw:-2.537,-0.2715,10.15,5.855,-11.695,-1.869,-7.375,-1.786,8.24,-6.934
EFT:-2.55,-0.2742,10.13,5.867,-11.69,-1.862,-7.363,-1.785,8.234,-6.92
Random77
Raw:-2.56,-0.2715,10.14,5.855,-11.69,-1.861,-7.355,-1.785,8.23,-6.93
EFT:-2.55,-0.2742,10.13,5.867,-11.69,-1.862,-7.363,-1.785,8.23,-6.92
Random78
Raw:-2.533,-0.2715,10.11,5.867,-11.67,-1.859,-7.36,-1.775,8.21,-6.914
EFT:-2.55,-0.2742,10.13,5.867,-11.69,-1.862,-7.363,-1.785,8.234,-6.92
Random79
Raw:-2.533,-0.2715,10.14,5.875,-11.664,-1.85,-7.38,-1.794,8.23,-6.914
EFT:-2.55,-0.2742,10.13,5.867,-11.69,-1.862,-7.363,-1.785,8.234,-6.92
Random80
Raw:-2.543,-0.2715,10.16,5.88,-11.695,-1.871,-7.38,-1.787,8.234,-6.934
EFT:-2.55,-0.2742,10.13,5.867,-11.69,-1.862,-7.363,-1.784,8.23,-6.92
Random81
Raw:-2.547,-0.2803,10.11,5.855,-11.664,-1.852,-7.34,-1.776,8.22,-6.906
EFT:-2.55,-0.2742,10.13,5.867,-11.69,-1.862,-7.363,-1.785,8.23,-6.92
Random82
Raw:-2.553,-0.2754,10.125,5.863,-11.69,-1.859,-7.37,-1.787,8.23,-6.918
EFT:-2.55,-0.2742,10.13,5.867,-11.69,-1.862,-7.363,-1.785,8.23,-6.92
Random83
Raw:-2.537,-0.2715,10.125,5.867,-11.67,-1.859,-7.37,-1.768,8.23,-6.91
EFT:-2.55,-0.2742,10.13,5.867,-11.69,-1.862,-7.363,-1.785,8.234,-6.92
Random84
Raw:-2.525,-0.2754,10.09,5.855,-11.67,-1.844,-7.348,-1.788,8.22,-6.914
EFT:-2.55,-0.2742,10.13,5.867,-11.69,-1.862,-7.363,-1.785,8.234,-6.92
Random85
Raw:-2.555,-0.271,10.12,5.867,-11.68,-1.867,-7.36,-1.79,8.23,-6.926
EFT:-2.55,-0.2742,10.13,5.867,-11.69,-1.862,-7.363,-1.785,8.234,-6.92
Random86
Raw:-2.53,-0.2705,10.11,5.86,-11.664,-1.854,-7.363,-1.783,8.22,-6.906
EFT:-2.55,-0.2742,10.13,5.867,-11.69,-1.862,-7.363,-1.785,8.23,-6.92
Random87
Raw:-2.52,-0.2832,10.09,5.867,-11.664,-1.863,-7.344,-1.779,8.22,-6.91
EFT:-2.55,-0.2742,10.13,5.867,-11.69,-1.862,-7.363,-1.785,8.234,-6.92
Random88
Raw:-2.545,-0.2793,10.16,5.875,-11.695,-1.867,-7.367,-1.788,8.23,-6.93
EFT:-2.55,-0.2742,10.13,5.867,-11.69,-1.862,-7.363,-1.785,8.234,-6.92
Random89
Raw:-2.553,-0.2754,10.14,5.863,-11.695,-1.859,-7.37,-1.784,8.234,-6.92
EFT:-2.55,-0.2742,10.13,5.867,-11.69,-1.862,-7.363,-1.785,8.23,-6.92
Random90
Raw:-2.541,-0.2715,10.13,5.867,-11.695,-1.875,-7.36,-1.786,8.234,-6.92
EFT:-2.55,-0.2742,10.13,5.867,-11.69,-1.862,-7.363,-1.785,8.23,-6.92
Random91
Raw:-2.56,-0.2754,10.13,5.863,-11.67,-1.859,-7.363,-1.778,8.234,-6.93
EFT:-2.55,-0.2742,10.13,5.867,-11.69,-1.862,-7.363,-1.785,8.234,-6.92
Random92
Raw:-2.533,-0.2734,10.11,5.855,-11.664,-1.855,-7.363,-1.779,8.22,-6.906
EFT:-2.55,-0.2742,10.13,5.867,-11.69,-1.862,-7.363,-1.785,8.23,-6.92
Random93
Raw:-2.557,-0.2754,10.17,5.887,-11.73,-1.869,-7.387,-1.798,8.24,-6.938
EFT:-2.55,-0.2742,10.13,5.867,-11.69,-1.862,-7.363,-1.785,8.234,-6.92
Random94
Raw:-2.533,-0.2754,10.1,5.86,-11.68,-1.855,-7.36,-1.778,8.21,-6.91
EFT:-2.55,-0.2742,10.13,5.867,-11.69,-1.862,-7.363,-1.785,8.234,-6.92
Random95
Raw:-2.531,-0.2754,10.08,5.84,-11.65,-1.852,-7.34,-1.772,8.21,-6.902
EFT:-2.55,-0.2742,10.13,5.867,-11.69,-1.862,-7.363,-1.785,8.234,-6.92
Random96
Raw:-2.564,-0.2715,10.16,5.883,-11.72,-1.859,-7.38,-1.785,8.24,-6.938
EFT:-2.55,-0.2742,10.13,5.867,-11.69,-1.862,-7.363,-1.785,8.23,-6.92
Random97
Raw:-2.549,-0.2773,10.15,5.875,-11.7,-1.875,-7.375,-1.788,8.24,-6.934
EFT:-2.55,-0.2742,10.13,5.867,-11.69,-1.862,-7.363,-1.785,8.23,-6.92
Random98
Raw:-2.559,-0.2754,10.125,5.87,-11.695,-1.859,-7.363,-1.776,8.234,-6.92
EFT:-2.55,-0.2742,10.13,5.867,-11.69,-1.862,-7.363,-1.785,8.23,-6.92
Random99
Raw:-2.537,-0.2754,10.11,5.86,-11.68,-1.865,-7.36,-1.778,8.22,-6.91
EFT:-2.55,-0.2742,10.13,5.867,-11.69,-1.862,-7.363,-1.785,8.234,-6.92
Random100
Raw:-2.549,-0.2715,10.13,5.87,-11.69,-1.852,-7.37,-1.785,8.234,-6.926
EFT:-2.55,-0.2742,10.13,5.867,-11.69,-1.862,-7.363,-1.785,8.234,-6.92
Random101
Raw:-2.572,-0.2744,10.16,5.883,-11.71,-1.861,-7.38,-1.782,8.24,-6.938
EFT:-2.55,-0.2742,10.13,5.867,-11.69,-1.862,-7.363,-1.785,8.23,-6.92
Random102
Raw:-2.549,-0.2832,10.13,5.87,-11.7,-1.871,-7.363,-1.786,8.234,-6.93
EFT:-2.55,-0.2742,10.13,5.867,-11.69,-1.862,-7.363,-1.785,8.234,-6.92
Random103
Raw:-2.559,-0.2715,10.14,5.86,-11.68,-1.867,-7.363,-1.782,8.23,-6.93
EFT:-2.55,-0.2742,10.13,5.867,-11.69,-1.862,-7.363,-1.785,8.23,-6.92
Random104
Raw:-2.55,-0.2764,10.13,5.86,-11.69,-1.852,-7.363,-1.785,8.234,-6.926
EFT:-2.55,-0.2742,10.13,5.867,-11.69,-1.862,-7.363,-1.784,8.234,-6.92
Random105
Raw:-2.564,-0.2832,10.17,5.887,-11.71,-1.867,-7.383,-1.774,8.24,-6.938
EFT:-2.55,-0.2742,10.13,5.867,-11.69,-1.862,-7.363,-1.785,8.234,-6.92
Random106
Raw:-2.553,-0.2734,10.125,5.88,-11.68,-1.854,-7.36,-1.776,8.22,-6.91
EFT:-2.55,-0.2742,10.13,5.867,-11.69,-1.862,-7.363,-1.785,8.234,-6.92
Random107
Raw:-2.53,-0.2773,10.16,5.87,-11.7,-1.871,-7.37,-1.787,8.234,-6.934
EFT:-2.55,-0.2742,10.13,5.867,-11.69,-1.862,-7.363,-1.785,8.234,-6.92
Random108
Raw:-2.525,-0.2793,10.1,5.855,-11.68,-1.852,-7.344,-1.773,8.22,-6.906
EFT:-2.55,-0.2742,10.13,5.867,-11.69,-1.862,-7.363,-1.785,8.234,-6.92
Random109
Raw:-2.545,-0.272,10.11,5.855,-11.664,-1.859,-7.36,-1.782,8.21,-6.914
EFT:-2.55,-0.2742,10.13,5.867,-11.69,-1.862,-7.363,-1.785,8.234,-6.92
Random110
Raw:-2.553,-0.2754,10.125,5.87,-11.69,-1.867,-7.363,-1.787,8.23,-6.92
EFT:-2.55,-0.2742,10.13,5.867,-11.69,-1.862,-7.363,-1.785,8.234,-6.92
Random111
Raw:-2.533,-0.2773,10.11,5.85,-11.68,-1.855,-7.355,-1.7705,8.21,-6.906
EFT:-2.55,-0.2742,10.13,5.867,-11.69,-1.862,-7.363,-1.785,8.234,-6.92
Random112
Raw:-2.53,-0.2754,10.11,5.85,-11.67,-1.844,-7.35,-1.779,8.22,-6.906
EFT:-2.55,-0.2742,10.13,5.867,-11.69,-1.862,-7.363,-1.785,8.23,-6.92
Random113
Raw:-2.562,-0.2773,10.16,5.875,-11.72,-1.859,-7.38,-1.786,8.234,-6.938
EFT:-2.55,-0.2742,10.13,5.867,-11.69,-1.862,-7.363,-1.785,8.234,-6.92
Random114
Raw:-2.545,-0.2695,10.14,5.867,-11.68,-1.844,-7.367,-1.782,8.23,-6.91
EFT:-2.55,-0.2742,10.13,5.867,-11.69,-1.862,-7.363,-1.785,8.234,-6.92
Random115
Raw:-2.553,-0.2725,10.13,5.855,-11.69,-1.855,-7.355,-1.786,8.22,-6.92
EFT:-2.55,-0.2742,10.13,5.867,-11.69,-1.862,-7.363,-1.785,8.23,-6.92
Random116
Raw:-2.553,-0.2715,10.125,5.867,-11.69,-1.867,-7.367,-1.786,8.23,-6.918
EFT:-2.55,-0.2742,10.13,5.867,-11.69,-1.862,-7.363,-1.785,8.234,-6.92
Random117
Raw:-2.55,-0.2715,10.13,5.85,-11.68,-1.859,-7.363,-1.79,8.23,-6.93
EFT:-2.55,-0.2742,10.13,5.867,-11.69,-1.862,-7.363,-1.785,8.234,-6.92
Random118
Raw:-2.54,-0.2793,10.13,5.87,-11.69,-1.848,-7.367,-1.789,8.23,-6.91
EFT:-2.55,-0.2742,10.13,5.867,-11.69,-1.862,-7.363,-1.785,8.23,-6.92
Random119
Raw:-2.537,-0.2754,10.16,5.863,-11.695,-1.867,-7.38,-1.782,8.23,-6.934
EFT:-2.55,-0.2742,10.13,5.867,-11.69,-1.862,-7.363,-1.785,8.234,-6.92
Random120
Raw:-2.549,-0.2725,10.12,5.863,-11.68,-1.852,-7.37,-1.794,8.23,-6.93
EFT:-2.55,-0.2742,10.13,5.867,-11.69,-1.862,-7.363,-1.785,8.234,-6.92
Random121
Raw:-2.555,-0.2725,10.125,5.867,-11.695,-1.867,-7.363,-1.778,8.234,-6.926
EFT:-2.55,-0.2742,10.13,5.867,-11.69,-1.862,-7.363,-1.785,8.234,-6.92
Random122
Raw:-2.555,-0.2764,10.125,5.867,-11.695,-1.863,-7.367,-1.794,8.22,-6.92
EFT:-2.55,-0.2742,10.13,5.867,-11.69,-1.862,-7.363,-1.785,8.23,-6.92
Random123
Raw:-2.541,-0.2676,10.125,5.88,-11.68,-1.867,-7.37,-1.7705,8.23,-6.91
EFT:-2.55,-0.2742,10.13,5.867,-11.69,-1.862,-7.363,-1.785,8.234,-6.92
Random124
Raw:-2.555,-0.2715,10.15,5.863,-11.695,-1.859,-7.367,-1.772,8.234,-6.918
EFT:-2.55,-0.2742,10.13,5.867,-11.69,-1.862,-7.363,-1.785,8.234,-6.92
Random125
Raw:-2.545,-0.2734,10.11,5.855,-11.664,-1.844,-7.348,-1.776,8.21,-6.914
EFT:-2.55,-0.2742,10.13,5.867,-11.69,-1.862,-7.363,-1.785,8.234,-6.92
Random126
Raw:-2.541,-0.2734,10.12,5.875,-11.68,-1.857,-7.363,-1.786,8.22,-6.92
EFT:-2.55,-0.2742,10.13,5.867,-11.69,-1.862,-7.363,-1.785,8.234,-6.92
Random127
Raw:-2.549,-0.2842,10.16,5.875,-11.695,-1.875,-7.367,-1.792,8.234,-6.938
EFT:-2.55,-0.2742,10.13,5.867,-11.69,-1.862,-7.363,-1.785,8.23,-6.92
Random128
Raw:-2.541,-0.2607,10.164,5.867,-11.7,-1.867,-7.38,-1.78,8.234,-6.938
EFT:-2.55,-0.2742,10.13,5.867,-11.69,-1.862,-7.363,-1.784,8.234,-6.92
Random129
Raw:-2.557,-0.2832,10.13,5.87,-11.68,-1.852,-7.38,-1.776,8.22,-6.914
EFT:-2.55,-0.2742,10.13,5.867,-11.69,-1.862,-7.363,-1.785,8.23,-6.92
Random130
Raw:-2.531,-0.2656,10.11,5.875,-11.69,-1.857,-7.363,-1.782,8.22,-6.914
EFT:-2.55,-0.2742,10.13,5.867,-11.69,-1.862,-7.363,-1.785,8.23,-6.92
Random131
Raw:-2.564,-0.2803,10.17,5.88,-11.71,-1.867,-7.387,-1.78,8.24,-6.945
EFT:-2.55,-0.2742,10.13,5.867,-11.69,-1.862,-7.363,-1.785,8.23,-6.92
Random132
Raw:-2.53,-0.2754,10.1,5.844,-11.63,-1.848,-7.34,-1.797,8.2,-6.902
EFT:-2.55,-0.2742,10.13,5.867,-11.69,-1.862,-7.363,-1.785,8.23,-6.92
Random133
Raw:-2.541,-0.2866,10.11,5.863,-11.664,-1.852,-7.355,-1.782,8.21,-6.906
EFT:-2.55,-0.2742,10.13,5.867,-11.69,-1.862,-7.363,-1.785,8.234,-6.92
Random134
Raw:-2.533,-0.2676,10.09,5.86,-11.67,-1.854,-7.35,-1.794,8.22,-6.91
EFT:-2.55,-0.2742,10.13,5.867,-11.69,-1.862,-7.363,-1.785,8.23,-6.92
Random135
Raw:-2.541,-0.2754,10.13,5.863,-11.695,-1.875,-7.363,-1.788,8.23,-6.914
EFT:-2.55,-0.2742,10.13,5.867,-11.69,-1.862,-7.363,-1.785,8.234,-6.92
Random136
Raw:-2.53,-0.2715,10.13,5.863,-11.67,-1.848,-7.367,-1.774,8.22,-6.914
EFT:-2.55,-0.2742,10.13,5.867,-11.69,-1.862,-7.363,-1.785,8.23,-6.92
Random137
Raw:-2.557,-0.2676,10.13,5.863,-11.69,-1.855,-7.363,-1.778,8.234,-6.938
EFT:-2.55,-0.2742,10.13,5.867,-11.69,-1.862,-7.363,-1.785,8.234,-6.92
Random138
Raw:-2.525,-0.2773,10.11,5.863,-11.67,-1.852,-7.34,-1.782,8.22,-6.906
EFT:-2.55,-0.2742,10.13,5.867,-11.69,-1.862,-7.363,-1.784,8.234,-6.92
Random139
Raw:-2.557,-0.2832,10.14,5.867,-11.69,-1.875,-7.37,-1.785,8.23,-6.92
EFT:-2.55,-0.2742,10.13,5.867,-11.69,-1.862,-7.363,-1.785,8.234,-6.92
Random140
Raw:-2.541,-0.2754,10.13,5.867,-11.67,-1.859,-7.37,-1.778,8.22,-6.914
EFT:-2.55,-0.2742,10.13,5.867,-11.69,-1.862,-7.363,-1.785,8.23,-6.92
Random141
Raw:-2.541,-0.2744,10.13,5.875,-11.67,-1.844,-7.367,-1.776,8.22,-6.918
EFT:-2.55,-0.2742,10.13,5.867,-11.69,-1.862,-7.363,-1.785,8.23,-6.92
Random142
Raw:-2.53,-0.2773,10.09,5.85,-11.664,-1.836,-7.355,-1.779,8.23,-6.91
EFT:-2.55,-0.2742,10.13,5.867,-11.69,-1.862,-7.363,-1.785,8.23,-6.92
Random143
Raw:-2.54,-0.2754,10.08,5.824,-11.63,-1.857,-7.33,-1.782,8.21,-6.89
EFT:-2.55,-0.2742,10.13,5.867,-11.69,-1.862,-7.363,-1.785,8.23,-6.92
Random144
Raw:-2.566,-0.2793,10.16,5.88,-11.71,-1.848,-7.38,-1.793,8.24,-6.938
EFT:-2.55,-0.2742,10.13,5.867,-11.69,-1.862,-7.363,-1.785,8.23,-6.92
Random145
Raw:-2.537,-0.271,10.11,5.863,-11.67,-1.863,-7.35,-1.79,8.22,-6.91
EFT:-2.55,-0.2742,10.13,5.867,-11.69,-1.862,-7.363,-1.785,8.23,-6.92
Random146
Raw:-2.557,-0.2656,10.16,5.87,-11.72,-1.865,-7.37,-1.778,8.24,-6.93
EFT:-2.55,-0.2742,10.13,5.867,-11.69,-1.862,-7.363,-1.785,8.234,-6.92
Random147
Raw:-2.541,-0.2764,10.16,5.875,-11.695,-1.869,-7.367,-1.79,8.234,-6.938
EFT:-2.55,-0.2742,10.13,5.867,-11.69,-1.862,-7.363,-1.784,8.23,-6.92
Random148
Raw:-2.545,-0.2754,10.125,5.875,-11.68,-1.848,-7.37,-1.779,8.22,-6.91
EFT:-2.55,-0.2742,10.13,5.867,-11.69,-1.862,-7.363,-1.785,8.234,-6.92
Random149
Raw:-2.541,-0.2715,10.125,5.87,-11.68,-1.852,-7.367,-1.774,8.22,-6.91
EFT:-2.55,-0.2742,10.13,5.867,-11.69,-1.862,-7.363,-1.785,8.234,-6.92
Random150
Raw:-2.525,-0.2773,10.11,5.867,-11.67,-1.855,-7.355,-1.791,8.22,-6.906
EFT:-2.55,-0.2742,10.13,5.867,-11.69,-1.862,-7.363,-1.784,8.23,-6.92
Random151
Raw:-2.549,-0.2764,10.15,5.863,-11.695,-1.865,-7.363,-1.787,8.24,-6.92
EFT:-2.55,-0.2742,10.13,5.867,-11.69,-1.862,-7.363,-1.785,8.234,-6.92
Random152
Raw:-2.553,-0.2725,10.13,5.86,-11.69,-1.859,-7.363,-1.794,8.234,-6.914
EFT:-2.55,-0.2742,10.13,5.867,-11.69,-1.862,-7.363,-1.785,8.234,-6.92
Random153
Raw:-2.54,-0.2715,10.125,5.87,-11.67,-1.867,-7.367,-1.782,8.23,-6.91
EFT:-2.55,-0.2742,10.13,5.867,-11.69,-1.862,-7.363,-1.785,8.23,-6.92
Random154
Raw:-2.531,-0.2715,10.164,5.87,-11.7,-1.871,-7.38,-1.786,8.23,-6.934
EFT:-2.55,-0.2742,10.13,5.867,-11.69,-1.862,-7.363,-1.785,8.23,-6.92
Random155
Raw:-2.537,-0.2773,10.12,5.875,-11.68,-1.852,-7.35,-1.776,8.23,-6.91
EFT:-2.55,-0.2742,10.13,5.867,-11.69,-1.862,-7.363,-1.785,8.23,-6.92
Random156
Raw:-2.549,-0.2773,10.16,5.875,-11.71,-1.875,-7.37,-1.788,8.24,-6.938
EFT:-2.55,-0.2742,10.13,5.867,-11.69,-1.862,-7.363,-1.785,8.234,-6.92
Random157
Raw:-2.525,-0.2773,10.12,5.855,-11.664,-1.852,-7.363,-1.783,8.21,-6.902
EFT:-2.55,-0.2742,10.13,5.867,-11.69,-1.862,-7.363,-1.785,8.234,-6.92
Random158
Raw:-2.537,-0.268,10.11,5.875,-11.664,-1.852,-7.363,-1.778,8.21,-6.91
EFT:-2.55,-0.2742,10.13,5.867,-11.69,-1.862,-7.363,-1.785,8.234,-6.92
Random159
Raw:-2.543,-0.2754,10.13,5.867,-11.68,-1.846,-7.355,-1.782,8.22,-6.914
EFT:-2.55,-0.2742,10.13,5.867,-11.69,-1.862,-7.363,-1.785,8.23,-6.92
Random160
Raw:-2.535,-0.2715,10.13,5.88,-11.68,-1.852,-7.36,-1.777,8.23,-6.91
EFT:-2.55,-0.2742,10.13,5.867,-11.69,-1.862,-7.363,-1.785,8.234,-6.92
Random161
Raw:-2.525,-0.2754,10.09,5.86,-11.664,-1.842,-7.348,-1.775,8.22,-6.906
EFT:-2.55,-0.2742,10.13,5.867,-11.69,-1.862,-7.363,-1.785,8.234,-6.92
Random162
Raw:-2.545,-0.2715,10.17,5.86,-11.695,-1.869,-7.37,-1.785,8.25,-6.934
EFT:-2.55,-0.2742,10.13,5.867,-11.69,-1.862,-7.363,-1.785,8.23,-6.92
Random163
Raw:-2.541,-0.2754,10.125,5.87,-11.664,-1.859,-7.367,-1.77,8.23,-6.91
EFT:-2.55,-0.2742,10.13,5.867,-11.69,-1.862,-7.363,-1.784,8.234,-6.92
Random164
Raw:-2.533,-0.2734,10.1,5.86,-11.664,-1.848,-7.344,-1.784,8.22,-6.906
EFT:-2.55,-0.2742,10.13,5.867,-11.69,-1.862,-7.363,-1.785,8.23,-6.92
Random165
Raw:-2.518,-0.2686,10.09,5.87,-11.664,-1.838,-7.355,-1.778,8.22,-6.91
EFT:-2.55,-0.2742,10.13,5.867,-11.69,-1.862,-7.363,-1.785,8.23,-6.92
Random166
Raw:-2.541,-0.2754,10.15,5.875,-11.7,-1.867,-7.37,-1.776,8.234,-6.938
EFT:-2.55,-0.2742,10.13,5.867,-11.69,-1.862,-7.363,-1.785,8.23,-6.92
Random167
Raw:-2.537,-0.2754,10.16,5.86,-11.72,-1.865,-7.37,-1.794,8.24,-6.934
EFT:-2.55,-0.2742,10.13,5.867,-11.69,-1.862,-7.363,-1.784,8.234,-6.92
Random168
Raw:-2.557,-0.2832,10.125,5.86,-11.68,-1.85,-7.37,-1.788,8.25,-6.92
EFT:-2.55,-0.2742,10.13,5.867,-11.69,-1.862,-7.363,-1.785,8.23,-6.92
Random169
Raw:-2.535,-0.2788,10.11,5.867,-11.664,-1.859,-7.36,-1.782,8.22,-6.906
EFT:-2.55,-0.2742,10.13,5.867,-11.69,-1.862,-7.363,-1.785,8.234,-6.92
Random170
Raw:-2.541,-0.2764,10.13,5.87,-11.695,-1.867,-7.36,-1.789,8.24,-6.92
EFT:-2.55,-0.2742,10.13,5.867,-11.69,-1.862,-7.363,-1.785,8.234,-6.92
Random171
Raw:-2.541,-0.2637,10.13,5.87,-11.695,-1.859,-7.363,-1.798,8.234,-6.92
EFT:-2.55,-0.2742,10.13,5.867,-11.69,-1.862,-7.363,-1.785,8.234,-6.92
Random172
Raw:-2.564,-0.287,10.16,5.883,-11.7,-1.859,-7.383,-1.772,8.24,-6.934
EFT:-2.55,-0.2742,10.13,5.867,-11.69,-1.862,-7.363,-1.785,8.23,-6.92
Random173
Raw:-2.535,-0.2769,10.1,5.86,-11.67,-1.863,-7.363,-1.7705,8.22,-6.906
EFT:-2.55,-0.2742,10.13,5.867,-11.69,-1.862,-7.363,-1.785,8.234,-6.92
Random174
Raw:-2.537,-0.2676,10.15,5.87,-11.69,-1.875,-7.367,-1.786,8.23,-6.93
EFT:-2.55,-0.2742,10.13,5.867,-11.69,-1.862,-7.363,-1.785,8.234,-6.92
Random175
Raw:-2.549,-0.2715,10.16,5.867,-11.695,-1.871,-7.37,-1.788,8.234,-6.93
EFT:-2.55,-0.2742,10.13,5.867,-11.69,-1.862,-7.363,-1.785,8.234,-6.92
Random176
Raw:-2.557,-0.2754,10.17,5.883,-11.71,-1.861,-7.38,-1.782,8.24,-6.934
EFT:-2.55,-0.2742,10.13,5.867,-11.69,-1.862,-7.363,-1.785,8.23,-6.92
Random177
Raw:-2.55,-0.2715,10.125,5.867,-11.695,-1.867,-7.367,-1.782,8.23,-6.918
EFT:-2.55,-0.2742,10.13,5.867,-11.69,-1.862,-7.363,-1.785,8.23,-6.92
Random178
Raw:-2.545,-0.2676,10.125,5.867,-11.69,-1.859,-7.363,-1.79,8.24,-6.918
EFT:-2.55,-0.2742,10.13,5.867,-11.69,-1.862,-7.363,-1.785,8.23,-6.92
Random179
Raw:-2.545,-0.2842,10.13,5.863,-11.68,-1.85,-7.363,-1.786,8.234,-6.92
EFT:-2.55,-0.2742,10.13,5.867,-11.69,-1.862,-7.363,-1.784,8.234,-6.92
Random180
Raw:-2.54,-0.2676,10.125,5.87,-11.67,-1.859,-7.36,-1.771,8.22,-6.92
EFT:-2.55,-0.2742,10.13,5.867,-11.69,-1.862,-7.363,-1.785,8.23,-6.92
Random181
Raw:-2.549,-0.2715,10.13,5.87,-11.7,-1.844,-7.367,-1.765,8.23,-6.914
EFT:-2.55,-0.2742,10.13,5.867,-11.69,-1.862,-7.363,-1.785,8.23,-6.92
Random182
Raw:-2.531,-0.2734,10.1,5.855,-11.66,-1.842,-7.35,-1.786,8.22,-6.906
EFT:-2.55,-0.2742,10.13,5.867,-11.69,-1.862,-7.363,-1.785,8.23,-6.92
Random183
Raw:-2.545,-0.2744,10.125,5.88,-11.67,-1.854,-7.367,-1.767,8.21,-6.91
EFT:-2.55,-0.2742,10.13,5.867,-11.69,-1.862,-7.363,-1.785,8.234,-6.92
Random184
Raw:-2.541,-0.2754,10.125,5.875,-11.68,-1.859,-7.355,-1.782,8.23,-6.914
EFT:-2.55,-0.2742,10.13,5.867,-11.69,-1.862,-7.363,-1.785,8.23,-6.92
Random185
Raw:-2.521,-0.274,10.09,5.848,-11.66,-1.848,-7.35,-1.796,8.22,-6.906
EFT:-2.55,-0.2742,10.13,5.867,-11.69,-1.862,-7.363,-1.785,8.234,-6.92
Random186
Raw:-2.541,-0.2715,10.15,5.875,-11.695,-1.875,-7.38,-1.778,8.24,-6.934
EFT:-2.55,-0.2742,10.13,5.867,-11.69,-1.862,-7.363,-1.785,8.23,-6.92
Random187
Raw:-2.543,-0.2744,10.12,5.88,-11.68,-1.844,-7.367,-1.776,8.21,-6.92
EFT:-2.55,-0.2742,10.13,5.867,-11.69,-1.862,-7.363,-1.785,8.23,-6.92
Random188
Raw:-2.549,-0.2744,10.11,5.863,-11.67,-1.852,-7.363,-1.786,8.21,-6.91
EFT:-2.55,-0.2742,10.13,5.867,-11.69,-1.862,-7.363,-1.785,8.234,-6.92
Random189
Raw:-2.553,-0.2754,10.14,5.863,-11.695,-1.867,-7.363,-1.78,8.234,-6.92
EFT:-2.55,-0.2742,10.13,5.867,-11.69,-1.862,-7.363,-1.785,8.234,-6.92
Random190
Raw:-2.543,-0.2715,10.14,5.867,-11.68,-1.852,-7.367,-1.778,8.21,-6.914
EFT:-2.55,-0.2742,10.13,5.867,-11.69,-1.862,-7.363,-1.785,8.234,-6.92
Random191
Raw:-2.525,-0.2744,10.11,5.863,-11.664,-1.859,-7.363,-1.7705,8.21,-6.91
EFT:-2.55,-0.2742,10.13,5.867,-11.69,-1.862,-7.363,-1.785,8.234,-6.92
Random192
Raw:-2.537,-0.2676,10.1,5.86,-11.68,-1.848,-7.363,-1.771,8.21,-6.914
EFT:-2.55,-0.2742,10.13,5.867,-11.69,-1.862,-7.363,-1.785,8.23,-6.92
Random193
Raw:-2.553,-0.271,10.13,5.863,-11.69,-1.871,-7.363,-1.786,8.234,-6.926
EFT:-2.55,-0.2742,10.13,5.867,-11.69,-1.862,-7.363,-1.785,8.23,-6.92
Random194
Raw:-2.547,-0.2666,10.164,5.883,-11.695,-1.867,-7.375,-1.766,8.24,-6.934
EFT:-2.55,-0.2742,10.13,5.867,-11.69,-1.862,-7.363,-1.785,8.234,-6.92
Random195
Raw:-2.541,-0.2715,10.14,5.86,-11.695,-1.859,-7.363,-1.794,8.23,-6.92
EFT:-2.55,-0.2742,10.13,5.867,-11.69,-1.862,-7.363,-1.785,8.234,-6.92
Random196
Raw:-2.54,-0.2637,10.15,5.848,-11.695,-1.863,-7.383,-1.802,8.234,-6.93
EFT:-2.55,-0.2742,10.13,5.867,-11.69,-1.862,-7.363,-1.784,8.234,-6.92
Random197
Raw:-2.537,-0.2715,10.125,5.88,-11.67,-1.852,-7.363,-1.77,8.234,-6.906
EFT:-2.55,-0.2742,10.13,5.867,-11.69,-1.862,-7.363,-1.785,8.234,-6.92
Random198
Raw:-2.54,-0.2715,10.125,5.88,-11.67,-1.852,-7.363,-1.778,8.21,-6.918
EFT:-2.55,-0.2742,10.13,5.867,-11.69,-1.862,-7.363,-1.785,8.234,-6.92
Random199
Raw:-2.557,-0.271,10.14,5.87,-11.695,-1.863,-7.363,-1.78,8.23,-6.914
EFT:-2.55,-0.2742,10.13,5.867,-11.69,-1.862,-7.363,-1.784,8.234,-6.92
Random200
Raw:-2.537,-0.2832,10.14,5.867,-11.695,-1.871,-7.363,-1.789,8.24,-6.934
EFT:-2.55,-0.2742,10.13,5.867,-11.69,-1.862,-7.363,-1.785,8.234,-6.92
Random201
Raw:-2.55,-0.2676,10.164,5.88,-11.695,-1.871,-7.375,-1.79,8.234,-6.938
EFT:-2.55,-0.2742,10.13,5.867,-11.69,-1.862,-7.363,-1.785,8.234,-6.92
Random202
Raw:-2.533,-0.2695,10.14,5.875,-11.695,-1.859,-7.375,-1.7705,8.22,-6.91
EFT:-2.55,-0.2742,10.13,5.867,-11.69,-1.862,-7.363,-1.785,8.234,-6.92
Random203
Raw:-2.545,-0.2754,10.16,5.875,-11.7,-1.869,-7.367,-1.778,8.23,-6.92
EFT:-2.55,-0.2742,10.13,5.867,-11.69,-1.862,-7.363,-1.785,8.23,-6.92
Random204
Raw:-2.56,-0.2754,10.16,5.875,-11.71,-1.863,-7.375,-1.776,8.24,-6.938
EFT:-2.55,-0.2742,10.13,5.867,-11.69,-1.862,-7.363,-1.785,8.234,-6.92
Random205
Raw:-2.545,-0.2754,10.13,5.863,-11.695,-1.867,-7.367,-1.774,8.234,-6.918
EFT:-2.55,-0.2742,10.13,5.867,-11.69,-1.862,-7.363,-1.785,8.234,-6.92
Random206
Raw:-2.559,-0.2764,10.13,5.86,-11.68,-1.867,-7.367,-1.786,8.23,-6.93
EFT:-2.55,-0.2742,10.13,5.867,-11.69,-1.862,-7.363,-1.784,8.23,-6.92
Random207
Raw:-2.549,-0.2754,10.13,5.863,-11.695,-1.871,-7.363,-1.786,8.23,-6.92
EFT:-2.55,-0.2742,10.13,5.867,-11.69,-1.862,-7.363,-1.785,8.234,-6.92
Random208
Raw:-2.541,-0.2715,10.16,5.87,-11.68,-1.855,-7.363,-1.779,8.22,-6.91
EFT:-2.55,-0.2742,10.13,5.867,-11.69,-1.862,-7.363,-1.785,8.234,-6.92
Random209
Raw:-2.53,-0.2812,10.09,5.867,-11.67,-1.85,-7.367,-1.774,8.21,-6.906
EFT:-2.55,-0.2742,10.13,5.867,-11.69,-1.862,-7.363,-1.785,8.234,-6.92
Random210
Raw:-2.553,-0.288,10.13,5.85,-11.695,-1.875,-7.363,-1.785,8.23,-6.92
EFT:-2.55,-0.2742,10.13,5.867,-11.69,-1.862,-7.363,-1.785,8.23,-6.92
Random211
Raw:-2.545,-0.2725,10.125,5.86,-11.695,-1.852,-7.367,-1.787,8.23,-6.92
EFT:-2.55,-0.2742,10.13,5.867,-11.69,-1.862,-7.363,-1.785,8.234,-6.92
Random212
Raw:-2.543,-0.2715,10.16,5.87,-11.7,-1.875,-7.375,-1.788,8.234,-6.93
EFT:-2.55,-0.2742,10.13,5.867,-11.69,-1.862,-7.363,-1.785,8.23,-6.92
Random213
Raw:-2.54,-0.2656,10.13,5.87,-11.69,-1.84,-7.367,-1.779,8.23,-6.914
EFT:-2.55,-0.2742,10.13,5.867,-11.69,-1.862,-7.363,-1.785,8.234,-6.92
Random214
Raw:-2.533,-0.276,10.11,5.863,-11.66,-1.852,-7.36,-1.7705,8.21,-6.906
EFT:-2.55,-0.2742,10.13,5.867,-11.69,-1.862,-7.363,-1.785,8.234,-6.92
Random215
Raw:-2.523,-0.2715,10.09,5.836,-11.65,-1.846,-7.35,-1.776,8.21,-6.9
EFT:-2.55,-0.2742,10.13,5.867,-11.69,-1.862,-7.363,-1.785,8.234,-6.92
Random216
Raw:-2.533,-0.2773,10.09,5.863,-11.67,-1.855,-7.36,-1.779,8.21,-6.91
EFT:-2.55,-0.2742,10.13,5.867,-11.69,-1.862,-7.363,-1.785,8.234,-6.92
Random217
Raw:-2.541,-0.2754,10.16,5.87,-11.695,-1.871,-7.38,-1.786,8.234,-6.938
EFT:-2.55,-0.2742,10.13,5.867,-11.69,-1.862,-7.363,-1.784,8.234,-6.92
Random218
Raw:-2.521,-0.2676,10.14,5.88,-11.68,-1.852,-7.37,-1.778,8.22,-6.914
EFT:-2.55,-0.2742,10.13,5.867,-11.69,-1.862,-7.363,-1.785,8.23,-6.92
Random219
Raw:-2.55,-0.2764,10.13,5.867,-11.695,-1.859,-7.37,-1.785,8.234,-6.92
EFT:-2.55,-0.2742,10.13,5.867,-11.69,-1.862,-7.363,-1.785,8.23,-6.92
Random220
Raw:-2.545,-0.2832,10.164,5.883,-11.7,-1.852,-7.37,-1.788,8.23,-6.934
EFT:-2.55,-0.2742,10.13,5.867,-11.69,-1.862,-7.363,-1.785,8.23,-6.92
Random221
Raw:-2.557,-0.2754,10.13,5.87,-11.695,-1.855,-7.363,-1.794,8.23,-6.92
EFT:-2.55,-0.2742,10.13,5.867,-11.69,-1.862,-7.363,-1.785,8.23,-6.92
Random222
Raw:-2.543,-0.2676,10.125,5.875,-11.66,-1.863,-7.367,-1.77,8.22,-6.91
EFT:-2.55,-0.2742,10.13,5.867,-11.69,-1.862,-7.363,-1.784,8.23,-6.92
Random223
Raw:-2.541,-0.2715,10.13,5.867,-11.68,-1.844,-7.37,-1.765,8.22,-6.918
EFT:-2.55,-0.2742,10.13,5.867,-11.69,-1.862,-7.363,-1.785,8.234,-6.92
Random224
Raw:-2.537,-0.272,10.11,5.855,-11.664,-1.848,-7.355,-1.771,8.22,-6.91
EFT:-2.55,-0.2742,10.13,5.867,-11.69,-1.862,-7.363,-1.785,8.23,-6.92
Random225
Raw:-2.533,-0.2715,10.15,5.867,-11.71,-1.877,-7.375,-1.78,8.234,-6.926
EFT:-2.55,-0.2742,10.13,5.867,-11.69,-1.862,-7.363,-1.785,8.234,-6.92
Random226
Raw:-2.55,-0.2754,10.13,5.87,-11.68,-1.855,-7.367,-1.784,8.23,-6.93
EFT:-2.55,-0.2742,10.13,5.867,-11.69,-1.862,-7.363,-1.785,8.23,-6.92
Random227
Raw:-2.533,-0.275,10.12,5.867,-11.664,-1.85,-7.355,-1.774,8.22,-6.914
EFT:-2.55,-0.2742,10.13,5.867,-11.69,-1.862,-7.363,-1.785,8.234,-6.92
Random228
Raw:-2.541,-0.2754,10.125,5.88,-11.69,-1.852,-7.367,-1.776,8.22,-6.914
EFT:-2.55,-0.2742,10.13,5.867,-11.69,-1.862,-7.363,-1.785,8.23,-6.92
Random229
Raw:-2.541,-0.2754,10.16,5.883,-11.7,-1.865,-7.375,-1.782,8.234,-6.934
EFT:-2.55,-0.2742,10.13,5.867,-11.69,-1.862,-7.363,-1.785,8.234,-6.92
Random230
Raw:-2.535,-0.2666,10.125,5.863,-11.67,-1.861,-7.363,-1.782,8.234,-6.914
EFT:-2.55,-0.2742,10.13,5.867,-11.69,-1.862,-7.363,-1.784,8.234,-6.92
Random231
Raw:-2.54,-0.2715,10.125,5.855,-11.67,-1.852,-7.367,-1.769,8.22,-6.914
EFT:-2.55,-0.2742,10.13,5.867,-11.69,-1.862,-7.363,-1.785,8.234,-6.92
Random232
Raw:-2.533,-0.2676,10.12,5.875,-11.68,-1.844,-7.367,-1.763,8.23,-6.914
EFT:-2.55,-0.2742,10.13,5.867,-11.69,-1.862,-7.363,-1.785,8.23,-6.92
Random233
Raw:-2.553,-0.2725,10.14,5.855,-11.695,-1.859,-7.363,-1.786,8.234,-6.914
EFT:-2.55,-0.2742,10.13,5.867,-11.69,-1.862,-7.363,-1.785,8.234,-6.92
Random234
Raw:-2.537,-0.2832,10.125,5.85,-11.67,-1.85,-7.363,-1.778,8.22,-6.91
EFT:-2.55,-0.2742,10.13,5.867,-11.69,-1.862,-7.363,-1.785,8.234,-6.92
Random235
Raw:-2.541,-0.2715,10.11,5.863,-11.664,-1.844,-7.363,-1.777,8.21,-6.906
EFT:-2.55,-0.2742,10.13,5.867,-11.69,-1.862,-7.363,-1.785,8.234,-6.92
Random236
Raw:-2.541,-0.2754,10.16,5.867,-11.695,-1.867,-7.37,-1.79,8.234,-6.93
EFT:-2.55,-0.2742,10.13,5.867,-11.69,-1.862,-7.363,-1.785,8.23,-6.92
Random237
Raw:-2.54,-0.2676,10.125,5.863,-11.69,-1.824,-7.363,-1.784,8.22,-6.918
EFT:-2.55,-0.2742,10.13,5.867,-11.69,-1.862,-7.363,-1.785,8.234,-6.92
Random238
Raw:-2.54,-0.2773,10.125,5.87,-11.68,-1.857,-7.363,-1.7705,8.22,-6.9
EFT:-2.55,-0.2742,10.13,5.867,-11.69,-1.862,-7.363,-1.785,8.234,-6.92
Random239
Raw:-2.541,-0.2793,10.15,5.863,-11.69,-1.852,-7.36,-1.786,8.234,-6.926
EFT:-2.55,-0.2742,10.13,5.867,-11.69,-1.862,-7.363,-1.785,8.234,-6.92
Random240
Raw:-2.537,-0.2676,10.125,5.875,-11.664,-1.863,-7.37,-1.7705,8.21,-6.91
EFT:-2.55,-0.2742,10.13,5.867,-11.69,-1.862,-7.363,-1.785,8.23,-6.92
Random241
Raw:-2.535,-0.2754,10.125,5.883,-11.68,-1.852,-7.367,-1.7705,8.23,-6.914
EFT:-2.55,-0.2742,10.13,5.867,-11.69,-1.862,-7.363,-1.785,8.234,-6.92
Random242
Raw:-2.549,-0.2793,10.13,5.863,-11.695,-1.869,-7.363,-1.793,8.234,-6.918
EFT:-2.55,-0.2742,10.13,5.867,-11.69,-1.862,-7.363,-1.785,8.23,-6.92
Random243
Raw:-2.541,-0.2715,10.125,5.87,-11.68,-1.855,-7.363,-1.776,8.22,-6.9
EFT:-2.55,-0.2742,10.13,5.867,-11.69,-1.862,-7.363,-1.785,8.234,-6.92
Random244
Raw:-2.541,-0.2715,10.11,5.863,-11.664,-1.848,-7.363,-1.779,8.21,-6.91
EFT:-2.55,-0.2742,10.13,5.867,-11.69,-1.862,-7.363,-1.785,8.234,-6.92
Random245
Raw:-2.553,-0.2715,10.14,5.86,-11.69,-1.859,-7.355,-1.786,8.234,-6.92
EFT:-2.55,-0.2742,10.13,5.867,-11.69,-1.862,-7.363,-1.785,8.23,-6.92
Random246
Raw:-2.549,-0.2764,10.125,5.85,-11.69,-1.859,-7.363,-1.789,8.234,-6.914
EFT:-2.55,-0.2742,10.13,5.867,-11.69,-1.862,-7.363,-1.785,8.23,-6.92
Random247
Raw:-2.56,-0.2715,10.13,5.867,-11.695,-1.863,-7.37,-1.79,8.234,-6.92
EFT:-2.55,-0.2742,10.13,5.867,-11.69,-1.862,-7.363,-1.785,8.23,-6.92
Random248
Raw:-2.537,-0.2754,10.125,5.88,-11.67,-1.859,-7.367,-1.772,8.21,-6.91
EFT:-2.55,-0.2742,10.13,5.867,-11.69,-1.862,-7.363,-1.785,8.234,-6.92
Random249
Raw:-2.547,-0.2754,10.125,5.867,-11.69,-1.859,-7.363,-1.782,8.234,-6.92
EFT:-2.55,-0.2742,10.13,5.867,-11.69,-1.862,-7.363,-1.785,8.234,-6.92
Random250
Raw:-2.557,-0.2559,10.14,5.86,-11.695,-1.859,-7.363,-1.777,8.234,-6.926
EFT:-2.55,-0.2742,10.13,5.867,-11.69,-1.862,-7.363,-1.785,8.234,-6.92
Random251
Raw:-2.537,-0.2764,10.13,5.867,-11.695,-1.863,-7.363,-1.776,8.234,-6.918
EFT:-2.55,-0.2742,10.13,5.867,-11.69,-1.862,-7.363,-1.785,8.23,-6.92
Random252
Raw:-2.572,-0.2754,10.16,5.89,-11.72,-1.869,-7.38,-1.783,8.24,-6.938
EFT:-2.55,-0.2742,10.13,5.867,-11.69,-1.862,-7.363,-1.785,8.23,-6.92
Random253
Raw:-2.533,-0.268,10.11,5.86,-11.664,-1.857,-7.355,-1.778,8.22,-6.91
EFT:-2.55,-0.2742,10.13,5.867,-11.69,-1.862,-7.363,-1.785,8.23,-6.92
Random254
Raw:-2.553,-0.2715,10.13,5.867,-11.695,-1.852,-7.355,-1.778,8.234,-6.93
EFT:-2.55,-0.2742,10.13,5.867,-11.69,-1.862,-7.363,-1.784,8.234,-6.92
Random255
Raw:-2.562,-0.2793,10.16,5.883,-11.7,-1.875,-7.383,-1.778,8.25,-6.938
EFT:-2.55,-0.2742,10.13,5.867,-11.69,-1.862,-7.363,-1.785,8.234,-6.92
Random256
Raw:-2.541,-0.2734,10.11,5.87,-11.664,-1.852,-7.363,-1.778,8.22,-6.914
EFT:-2.55,-0.2742,10.13,5.867,-11.69,-1.862,-7.363,-1.785,8.234,-6.92
Random257
Raw:-2.55,-0.2744,10.14,5.867,-11.69,-1.873,-7.363,-1.786,8.23,-6.926
EFT:-2.55,-0.2742,10.13,5.867,-11.69,-1.862,-7.363,-1.785,8.234,-6.92
Random258
Raw:-2.533,-0.266,10.12,5.867,-11.68,-1.863,-7.355,-1.778,8.21,-6.91
EFT:-2.55,-0.2742,10.13,5.867,-11.69,-1.862,-7.363,-1.785,8.23,-6.92
Random259
Raw:-2.54,-0.2754,10.17,5.87,-11.695,-1.854,-7.375,-1.779,8.234,-6.934
EFT:-2.55,-0.2742,10.13,5.867,-11.69,-1.862,-7.363,-1.785,8.234,-6.92
Random260
Raw:-2.545,-0.2695,10.125,5.867,-11.69,-1.867,-7.36,-1.781,8.23,-6.92
EFT:-2.55,-0.2742,10.13,5.867,-11.69,-1.862,-7.363,-1.785,8.234,-6.92
Random261
Raw:-2.555,-0.2676,10.15,5.855,-11.695,-1.891,-7.355,-1.779,8.23,-6.92
EFT:-2.55,-0.2742,10.13,5.867,-11.69,-1.862,-7.363,-1.785,8.234,-6.92
Random262
Raw:-2.545,-0.2686,10.17,5.87,-11.7,-1.867,-7.38,-1.79,8.234,-6.92
EFT:-2.55,-0.2742,10.13,5.867,-11.69,-1.862,-7.363,-1.785,8.234,-6.92
Random263
Raw:-2.545,-0.2676,10.14,5.87,-11.695,-1.859,-7.367,-1.789,8.23,-6.92
EFT:-2.55,-0.2742,10.13,5.867,-11.69,-1.862,-7.363,-1.785,8.234,-6.92
Random264
Raw:-2.547,-0.2676,10.125,5.883,-11.68,-1.859,-7.375,-1.778,8.22,-6.914
EFT:-2.55,-0.2742,10.13,5.867,-11.69,-1.862,-7.363,-1.785,8.234,-6.92
Random265
Raw:-2.564,-0.2754,10.13,5.867,-11.695,-1.867,-7.355,-1.794,8.23,-6.93
EFT:-2.55,-0.2742,10.13,5.867,-11.69,-1.862,-7.363,-1.785,8.23,-6.92
Random266
Raw:-2.549,-0.2686,10.13,5.863,-11.7,-1.871,-7.355,-1.786,8.23,-6.918
EFT:-2.55,-0.2742,10.13,5.867,-11.69,-1.862,-7.363,-1.785,8.234,-6.92
Random267
Raw:-2.55,-0.2793,10.16,5.883,-11.72,-1.867,-7.383,-1.778,8.25,-6.94
EFT:-2.55,-0.2742,10.13,5.867,-11.69,-1.862,-7.363,-1.785,8.234,-6.92
Random268
Raw:-2.541,-0.2754,10.15,5.875,-11.67,-1.852,-7.367,-1.774,8.21,-6.906
EFT:-2.55,-0.2742,10.13,5.867,-11.69,-1.862,-7.363,-1.785,8.23,-6.92
Random269
Raw:-2.55,-0.2734,10.16,5.87,-11.7,-1.875,-7.375,-1.786,8.24,-6.934
EFT:-2.55,-0.2742,10.13,5.867,-11.69,-1.862,-7.363,-1.785,8.23,-6.92
Random270
Raw:-2.541,-0.2725,10.17,5.88,-11.68,-1.859,-7.375,-1.78,8.234,-6.938
EFT:-2.55,-0.2742,10.13,5.867,-11.69,-1.862,-7.363,-1.785,8.234,-6.92
Random271
Raw:-2.533,-0.2695,10.125,5.87,-11.68,-1.852,-7.367,-1.776,8.22,-6.914
EFT:-2.55,-0.2742,10.13,5.867,-11.69,-1.862,-7.363,-1.785,8.234,-6.92
Random272
Raw:-2.547,-0.2676,10.125,5.87,-11.68,-1.852,-7.37,-1.782,8.23,-6.91
EFT:-2.55,-0.2742,10.13,5.867,-11.69,-1.862,-7.363,-1.785,8.23,-6.92
Random273
Raw:-2.521,-0.2754,10.09,5.848,-11.66,-1.844,-7.35,-1.775,8.22,-6.906
EFT:-2.55,-0.2742,10.13,5.867,-11.69,-1.862,-7.363,-1.785,8.234,-6.92
Random274
Raw:-2.545,-0.2754,10.16,5.867,-11.7,-1.867,-7.375,-1.789,8.23,-6.93
EFT:-2.55,-0.2742,10.13,5.867,-11.69,-1.862,-7.363,-1.785,8.23,-6.92
Random275
Raw:-2.541,-0.2754,10.16,5.87,-11.695,-1.863,-7.363,-1.788,8.24,-6.934
EFT:-2.55,-0.2742,10.13,5.867,-11.69,-1.862,-7.363,-1.785,8.23,-6.92
Random276
Raw:-2.537,-0.2676,10.125,5.86,-11.68,-1.842,-7.363,-1.776,8.234,-6.918
EFT:-2.55,-0.2742,10.13,5.867,-11.69,-1.862,-7.363,-1.785,8.23,-6.92
Random277
Raw:-2.543,-0.2637,10.125,5.87,-11.67,-1.85,-7.367,-1.775,8.22,-6.906
EFT:-2.55,-0.2742,10.13,5.867,-11.69,-1.862,-7.363,-1.785,8.23,-6.92
Random278
Raw:-2.53,-0.2676,10.12,5.863,-11.664,-1.852,-7.36,-1.783,8.22,-6.914
EFT:-2.55,-0.2742,10.13,5.867,-11.69,-1.862,-7.363,-1.785,8.234,-6.92
Random279
Raw:-2.512,-0.2764,10.09,5.863,-11.664,-1.844,-7.344,-1.786,8.22,-6.91
EFT:-2.55,-0.2742,10.13,5.867,-11.69,-1.862,-7.363,-1.784,8.234,-6.92
Random280
Raw:-2.549,-0.2676,10.125,5.867,-11.695,-1.871,-7.363,-1.788,8.23,-6.918
EFT:-2.55,-0.2742,10.13,5.867,-11.69,-1.862,-7.363,-1.785,8.234,-6.92
Random281
Raw:-2.545,-0.2637,10.16,5.88,-11.71,-1.879,-7.38,-1.785,8.234,-6.934
EFT:-2.55,-0.2742,10.13,5.867,-11.69,-1.862,-7.363,-1.785,8.23,-6.92
Random282
Raw:-2.537,-0.2734,10.12,5.875,-11.67,-1.867,-7.383,-1.772,8.22,-6.918
EFT:-2.55,-0.2742,10.13,5.867,-11.69,-1.862,-7.363,-1.785,8.23,-6.92
Random283
Raw:-2.572,-0.2773,10.16,5.883,-11.71,-1.871,-7.38,-1.774,8.234,-6.938
EFT:-2.55,-0.2742,10.13,5.867,-11.69,-1.862,-7.363,-1.785,8.23,-6.92
Random284
Raw:-2.54,-0.2715,10.125,5.87,-11.69,-1.84,-7.367,-1.778,8.23,-6.91
EFT:-2.55,-0.2742,10.13,5.867,-11.69,-1.862,-7.363,-1.784,8.23,-6.92
Random285
Raw:-2.537,-0.2715,10.16,5.86,-11.695,-1.869,-7.37,-1.796,8.24,-6.934
EFT:-2.55,-0.2742,10.13,5.867,-11.69,-1.862,-7.363,-1.785,8.23,-6.92
Random286
Raw:-2.537,-0.2715,10.11,5.87,-11.68,-1.844,-7.363,-1.784,8.21,-6.914
EFT:-2.55,-0.2742,10.13,5.867,-11.69,-1.862,-7.363,-1.785,8.234,-6.92
Random287
Raw:-2.525,-0.2793,10.08,5.863,-11.66,-1.844,-7.336,-1.778,8.22,-6.906
EFT:-2.55,-0.2742,10.13,5.867,-11.69,-1.862,-7.363,-1.785,8.234,-6.92
Random288
Raw:-2.549,-0.2773,10.125,5.87,-11.69,-1.844,-7.355,-1.7705,8.23,-6.914
EFT:-2.55,-0.2742,10.13,5.867,-11.69,-1.862,-7.363,-1.785,8.23,-6.92
Random289
Raw:-2.54,-0.2734,10.15,5.863,-11.7,-1.867,-7.375,-1.786,8.234,-6.93
EFT:-2.55,-0.2742,10.13,5.867,-11.69,-1.862,-7.363,-1.785,8.234,-6.92
Random290
Raw:-2.535,-0.2793,10.13,5.875,-11.68,-1.855,-7.363,-1.774,8.22,-6.918
EFT:-2.55,-0.2742,10.13,5.867,-11.69,-1.862,-7.363,-1.785,8.234,-6.92
Random291
Raw:-2.549,-0.2812,10.13,5.87,-11.695,-1.844,-7.37,-1.78,8.22,-6.92
EFT:-2.55,-0.2742,10.13,5.867,-11.69,-1.862,-7.363,-1.785,8.234,-6.92
Random292
Raw:-2.557,-0.2676,10.16,5.867,-11.69,-1.855,-7.37,-1.785,8.23,-6.92
EFT:-2.55,-0.2742,10.13,5.867,-11.69,-1.862,-7.363,-1.785,8.234,-6.92
Random293
Raw:-2.543,-0.2754,10.11,5.87,-11.67,-1.855,-7.36,-1.7705,8.21,-6.902
EFT:-2.55,-0.2742,10.13,5.867,-11.69,-1.862,-7.363,-1.785,8.234,-6.92
Random294
Raw:-2.553,-0.272,10.13,5.863,-11.695,-1.859,-7.355,-1.792,8.23,-6.926
EFT:-2.55,-0.2742,10.13,5.867,-11.69,-1.862,-7.363,-1.784,8.234,-6.92
Random295
Raw:-2.541,-0.2676,10.14,5.875,-11.695,-1.873,-7.37,-1.779,8.234,-6.938
EFT:-2.55,-0.2742,10.13,5.867,-11.69,-1.862,-7.363,-1.785,8.234,-6.92
Random296
Raw:-2.53,-0.273,10.11,5.863,-11.67,-1.844,-7.363,-1.783,8.23,-6.92
EFT:-2.55,-0.2742,10.13,5.867,-11.69,-1.862,-7.363,-1.785,8.234,-6.92
Random297
Raw:-2.56,-0.2793,10.14,5.887,-11.71,-1.863,-7.38,-1.7705,8.24,-6.938
EFT:-2.55,-0.2742,10.13,5.867,-11.69,-1.862,-7.363,-1.785,8.234,-6.92
Random298
Raw:-2.518,-0.2754,10.1,5.848,-11.664,-1.855,-7.355,-1.774,8.2,-6.914
EFT:-2.55,-0.2742,10.13,5.867,-11.69,-1.862,-7.363,-1.785,8.234,-6.92
Random299
Raw:-2.54,-0.2715,10.164,5.855,-11.7,-1.871,-7.38,-1.781,8.24,-6.926
EFT:-2.55,-0.2742,10.13,5.867,-11.69,-1.862,-7.363,-1.785,8.23,-6.92
Random300
Raw:-2.541,-0.2754,10.14,5.87,-11.67,-1.844,-7.37,-1.786,8.21,-6.906
EFT:-2.55,-0.2742,10.13,5.867,-11.69,-1.862,-7.363,-1.785,8.234,-6.92
