Original
-10.928602195962139,-18.680682733327473,-8.139123687966123,10.482248647770284,-11.772411911358923,-8.45442449770523,-18.239107460421778,-11.105751791370974,5.415983599948555,14.319280326407055
Ascend
-10.928602195962139,-18.680682733327465,-8.13912368796612,10.482248647770286,-11.772411911358917,-8.45442449770523,-18.239107460421778,-11.105751791370976,5.4159835999485555,14.319280326407062
Descend
-10.92860219596214,-18.68068273332747,-8.139123687966121,10.482248647770284,-11.772411911358914,-8.45442449770523,-18.23910746042178,-11.105751791370976,5.415983599948558,14.319280326407062
Random1
Raw:-10.92860219596214,-18.680682733327465,-8.139123687966128,10.482248647770279,-11.772411911358912,-8.454424497705226,-18.23910746042178,-11.10575179137097,5.415983599948559,14.319280326407057
EFT:-10.92860219596214,-18.68068273332747,-8.139123687966121,10.482248647770284,-11.772411911358915,-8.45442449770523,-18.239107460421778,-11.105751791370976,5.415983599948556,14.319280326407062
Random2
Raw:-10.928602195962135,-18.680682733327465,-8.139123687966125,10.482248647770282,-11.772411911358908,-8.454424497705222,-18.23910746042178,-11.10575179137098,5.415983599948555,14.319280326407059
EFT:-10.928602195962139,-18.68068273332747,-8.139123687966121,10.482248647770284,-11.772411911358915,-8.454424497705228,-18.239107460421778,-11.105751791370976,5.415983599948556,14.319280326407064
Random3
Raw:-10.928602195962146,-18.680682733327473,-8.139123687966128,10.482248647770293,-11.772411911358914,-8.454424497705226,-18.23910746042178,-11.105751791370984,5.415983599948558,14.319280326407059
EFT:-10.928602195962139,-18.68068273332747,-8.139123687966121,10.482248647770284,-11.772411911358915,-8.454424497705228,-18.239107460421778,-11.105751791370976,5.415983599948556,14.319280326407064
Random4
Raw:-10.928602195962142,-18.680682733327462,-8.139123687966126,10.482248647770284,-11.772411911358901,-8.45442449770523,-18.239107460421774,-11.105751791370981,5.415983599948564,14.319280326407064
EFT:-10.928602195962139,-18.68068273332747,-8.139123687966121,10.482248647770284,-11.772411911358915,-8.454424497705228,-18.239107460421778,-11.105751791370976,5.415983599948556,14.319280326407064
Random5
Raw:-10.92860219596214,-18.680682733327465,-8.139123687966128,10.482248647770286,-11.772411911358912,-8.45442449770523,-18.23910746042178,-11.105751791370974,5.4159835999485555,14.31928032640706
EFT:-10.928602195962139,-18.68068273332747,-8.139123687966121,10.482248647770284,-11.772411911358915,-8.454424497705228,-18.239107460421778,-11.105751791370976,5.415983599948556,14.319280326407064
Random6
Raw:-10.928602195962144,-18.68068273332747,-8.139123687966123,10.482248647770277,-11.77241191135891,-8.454424497705222,-18.23910746042177,-11.105751791370972,5.4159835999485555,14.319280326407059
EFT:-10.92860219596214,-18.68068273332747,-8.139123687966121,10.482248647770284,-11.772411911358915,-8.454424497705228,-18.239107460421778,-11.105751791370976,5.415983599948556,14.319280326407062
Random7
Raw:-10.928602195962148,-18.680682733327476,-8.139123687966123,10.48224864777029,-11.772411911358919,-8.45442449770523,-18.239107460421778,-11.105751791370977,5.4159835999485555,14.31928032640706
EFT:-10.92860219596214,-18.68068273332747,-8.139123687966121,10.482248647770284,-11.772411911358915,-8.45442449770523,-18.239107460421778,-11.105751791370976,5.415983599948556,14.319280326407062
Random8
Raw:-10.92860219596214,-18.68068273332747,-8.139123687966128,10.482248647770287,-11.772411911358905,-8.454424497705228,-18.239107460421774,-11.10575179137098,5.4159835999485635,14.319280326407064
EFT:-10.928602195962139,-18.68068273332747,-8.139123687966121,10.482248647770284,-11.772411911358915,-8.454424497705228,-18.239107460421778,-11.105751791370976,5.415983599948556,14.319280326407064
Random9
Raw:-10.928602195962139,-18.68068273332747,-8.139123687966125,10.482248647770286,-11.772411911358903,-8.454424497705228,-18.23910746042178,-11.105751791370981,5.415983599948563,14.319280326407062
EFT:-10.92860219596214,-18.68068273332747,-8.139123687966121,10.482248647770284,-11.772411911358915,-8.454424497705228,-18.239107460421778,-11.105751791370976,5.415983599948556,14.319280326407062
Random10
Raw:-10.928602195962137,-18.68068273332747,-8.13912368796612,10.48224864777029,-11.772411911358917,-8.45442449770523,-18.239107460421785,-11.105751791370974,5.4159835999485555,14.319280326407057
EFT:-10.92860219596214,-18.68068273332747,-8.139123687966121,10.482248647770284,-11.772411911358915,-8.45442449770523,-18.239107460421778,-11.105751791370976,5.415983599948556,14.319280326407062
Random11
Raw:-10.928602195962144,-18.680682733327473,-8.13912368796613,10.482248647770282,-11.772411911358912,-8.45442449770523,-18.239107460421767,-11.10575179137098,5.415983599948564,14.319280326407062
EFT:-10.92860219596214,-18.68068273332747,-8.139123687966121,10.482248647770284,-11.772411911358915,-8.45442449770523,-18.239107460421778,-11.105751791370976,5.415983599948556,14.319280326407062
Random12
Raw:-10.928602195962144,-18.680682733327473,-8.139123687966126,10.48224864777029,-11.772411911358919,-8.45442449770522,-18.239107460421774,-11.105751791370974,5.415983599948552,14.319280326407055
EFT:-10.92860219596214,-18.68068273332747,-8.139123687966121,10.482248647770284,-11.772411911358915,-8.454424497705228,-18.239107460421778,-11.105751791370976,5.415983599948556,14.319280326407062
Random13
Raw:-10.928602195962137,-18.68068273332747,-8.139123687966123,10.482248647770282,-11.772411911358912,-8.454424497705228,-18.239107460421778,-11.105751791370977,5.415983599948564,14.319280326407059
EFT:-10.92860219596214,-18.68068273332747,-8.139123687966121,10.482248647770284,-11.772411911358915,-8.454424497705228,-18.239107460421778,-11.105751791370976,5.415983599948556,14.319280326407062
Random14
Raw:-10.92860219596214,-18.680682733327473,-8.139123687966121,10.482248647770284,-11.77241191135891,-8.454424497705219,-18.23910746042177,-11.105751791370981,5.415983599948561,14.319280326407059
EFT:-10.92860219596214,-18.68068273332747,-8.139123687966121,10.482248647770284,-11.772411911358915,-8.45442449770523,-18.239107460421778,-11.105751791370976,5.415983599948556,14.319280326407062
Random15
Raw:-10.928602195962137,-18.680682733327476,-8.139123687966126,10.482248647770282,-11.772411911358908,-8.454424497705224,-18.239107460421785,-11.105751791370977,5.415983599948562,14.31928032640706
EFT:-10.92860219596214,-18.68068273332747,-8.139123687966121,10.482248647770284,-11.772411911358915,-8.45442449770523,-18.239107460421778,-11.105751791370976,5.415983599948556,14.319280326407062
Random16
Raw:-10.92860219596213,-18.680682733327465,-8.139123687966114,10.482248647770277,-11.772411911358915,-8.45442449770523,-18.23910746042177,-11.105751791370968,5.415983599948556,14.319280326407066
EFT:-10.928602195962139,-18.68068273332747,-8.139123687966121,10.482248647770284,-11.772411911358915,-8.454424497705228,-18.239107460421778,-11.105751791370976,5.415983599948556,14.319280326407064
Random17
Raw:-10.928602195962137,-18.680682733327462,-8.139123687966121,10.482248647770284,-11.77241191135891,-8.454424497705228,-18.239107460421774,-11.105751791370977,5.415983599948564,14.31928032640706
EFT:-10.92860219596214,-18.68068273332747,-8.139123687966121,10.482248647770284,-11.772411911358915,-8.45442449770523,-18.239107460421778,-11.105751791370976,5.415983599948556,14.319280326407062
Random18
Raw:-10.928602195962139,-18.680682733327473,-8.139123687966125,10.482248647770286,-11.77241191135891,-8.454424497705235,-18.239107460421778,-11.10575179137098,5.415983599948567,14.319280326407059
EFT:-10.928602195962139,-18.68068273332747,-8.139123687966121,10.482248647770284,-11.772411911358915,-8.454424497705228,-18.239107460421778,-11.105751791370976,5.415983599948556,14.319280326407064
Random19
Raw:-10.928602195962139,-18.680682733327476,-8.139123687966126,10.482248647770284,-11.772411911358912,-8.454424497705228,-18.239107460421778,-11.105751791370986,5.41598359994856,14.31928032640706
EFT:-10.92860219596214,-18.68068273332747,-8.139123687966121,10.482248647770284,-11.772411911358915,-8.454424497705228,-18.239107460421778,-11.105751791370976,5.415983599948556,14.319280326407062
Random20
Raw:-10.928602195962137,-18.68068273332747,-8.139123687966125,10.482248647770286,-11.772411911358915,-8.454424497705228,-18.239107460421778,-11.105751791370981,5.415983599948561,14.319280326407057
EFT:-10.928602195962139,-18.68068273332747,-8.139123687966121,10.482248647770284,-11.772411911358915,-8.454424497705228,-18.239107460421778,-11.105751791370976,5.415983599948556,14.319280326407064
Random21
Raw:-10.928602195962142,-18.680682733327476,-8.139123687966126,10.482248647770296,-11.772411911358907,-8.454424497705237,-18.23910746042179,-11.10575179137098,5.415983599948565,14.31928032640706
EFT:-10.928602195962139,-18.68068273332747,-8.139123687966121,10.482248647770284,-11.772411911358915,-8.454424497705228,-18.239107460421778,-11.105751791370976,5.415983599948556,14.319280326407064
Random22
Raw:-10.928602195962135,-18.68068273332747,-8.139123687966121,10.48224864777029,-11.772411911358915,-8.454424497705231,-18.23910746042178,-11.105751791370972,5.415983599948554,14.319280326407057
EFT:-10.92860219596214,-18.68068273332747,-8.139123687966121,10.482248647770284,-11.772411911358915,-8.454424497705228,-18.239107460421778,-11.105751791370976,5.415983599948556,14.319280326407062
Random23
Raw:-10.928602195962137,-18.680682733327473,-8.139123687966128,10.482248647770282,-11.77241191135892,-8.454424497705226,-18.23910746042178,-11.105751791370977,5.415983599948558,14.31928032640706
EFT:-10.92860219596214,-18.68068273332747,-8.139123687966121,10.482248647770284,-11.772411911358915,-8.454424497705228,-18.239107460421778,-11.105751791370976,5.415983599948556,14.319280326407064
Random24
Raw:-10.928602195962144,-18.68068273332748,-8.139123687966125,10.482248647770286,-11.772411911358914,-8.454424497705222,-18.23910746042177,-11.105751791370981,5.415983599948557,14.319280326407057
EFT:-10.92860219596214,-18.68068273332747,-8.139123687966121,10.482248647770284,-11.772411911358915,-8.454424497705228,-18.239107460421778,-11.105751791370976,5.415983599948556,14.319280326407062
Random25
Raw:-10.92860219596214,-18.68068273332747,-8.139123687966128,10.482248647770291,-11.772411911358919,-8.454424497705226,-18.239107460421785,-11.105751791370974,5.4159835999485555,14.319280326407059
EFT:-10.92860219596214,-18.68068273332747,-8.139123687966121,10.482248647770284,-11.772411911358915,-8.45442449770523,-18.239107460421778,-11.105751791370976,5.415983599948556,14.319280326407062
Random26
Raw:-10.928602195962135,-18.680682733327462,-8.139123687966128,10.482248647770286,-11.772411911358903,-8.454424497705237,-18.23910746042177,-11.10575179137098,5.415983599948566,14.319280326407064
EFT:-10.928602195962139,-18.68068273332747,-8.139123687966121,10.482248647770284,-11.772411911358915,-8.454424497705228,-18.239107460421778,-11.105751791370976,5.415983599948556,14.319280326407064
Random27
Raw:-10.928602195962135,-18.680682733327462,-8.139123687966116,10.482248647770286,-11.77241191135892,-8.454424497705222,-18.239107460421778,-11.105751791370981,5.415983599948563,14.31928032640706
EFT:-10.928602195962139,-18.68068273332747,-8.139123687966121,10.482248647770284,-11.772411911358915,-8.454424497705228,-18.239107460421778,-11.105751791370976,5.415983599948556,14.319280326407064
Random28
Raw:-10.928602195962142,-18.680682733327473,-8.139123687966128,10.482248647770291,-11.772411911358915,-8.454424497705228,-18.239107460421774,-11.105751791370983,5.415983599948566,14.319280326407055
EFT:-10.92860219596214,-18.68068273332747,-8.139123687966121,10.482248647770284,-11.772411911358915,-8.454424497705228,-18.239107460421778,-11.105751791370976,5.415983599948556,14.319280326407062
Random29
Raw:-10.928602195962146,-18.680682733327473,-8.139123687966126,10.482248647770282,-11.772411911358915,-8.454424497705224,-18.239107460421764,-11.105751791370977,5.415983599948555,14.31928032640706
EFT:-10.92860219596214,-18.68068273332747,-8.139123687966121,10.482248647770284,-11.772411911358915,-8.454424497705228,-18.239107460421778,-11.105751791370976,5.415983599948556,14.319280326407064
Random30
Raw:-10.928602195962133,-18.680682733327473,-8.13912368796612,10.482248647770286,-11.772411911358912,-8.454424497705226,-18.239107460421785,-11.105751791370977,5.415983599948563,14.319280326407066
EFT:-10.92860219596214,-18.68068273332747,-8.139123687966121,10.482248647770284,-11.772411911358915,-8.454424497705228,-18.239107460421778,-11.105751791370976,5.415983599948556,14.319280326407062
Random31
Raw:-10.928602195962135,-18.680682733327462,-8.139123687966121,10.482248647770286,-11.772411911358914,-8.454424497705233,-18.239107460421778,-11.105751791370972,5.415983599948556,14.319280326407066
EFT:-10.928602195962139,-18.68068273332747,-8.139123687966121,10.482248647770284,-11.772411911358915,-8.454424497705228,-18.239107460421778,-11.105751791370976,5.415983599948556,14.319280326407064
Random32
Raw:-10.928602195962137,-18.680682733327473,-8.139123687966125,10.482248647770284,-11.772411911358917,-8.45442449770523,-18.239107460421774,-11.105751791370974,5.415983599948558,14.31928032640706
EFT:-10.928602195962139,-18.68068273332747,-8.139123687966121,10.482248647770284,-11.772411911358915,-8.454424497705228,-18.239107460421778,-11.105751791370976,5.415983599948556,14.319280326407064
Random33
Raw:-10.928602195962137,-18.68068273332747,-8.139123687966123,10.482248647770282,-11.772411911358919,-8.454424497705228,-18.239107460421774,-11.105751791370974,5.415983599948557,14.319280326407057
EFT:-10.928602195962139,-18.68068273332747,-8.139123687966123,10.482248647770284,-11.772411911358915,-8.454424497705228,-18.239107460421778,-11.105751791370976,5.415983599948556,14.319280326407064
Random34
Raw:-10.928602195962137,-18.680682733327473,-8.139123687966128,10.482248647770282,-11.77241191135891,-8.454424497705228,-18.239107460421778,-11.105751791370974,5.415983599948559,14.319280326407059
EFT:-10.928602195962139,-18.68068273332747,-8.139123687966121,10.482248647770284,-11.772411911358915,-8.454424497705228,-18.239107460421778,-11.105751791370976,5.415983599948556,14.319280326407064
Random35
Raw:-10.928602195962135,-18.68068273332747,-8.139123687966123,10.48224864777029,-11.77241191135891,-8.45442449770523,-18.239107460421778,-11.105751791370976,5.415983599948563,14.319280326407064
EFT:-10.928602195962139,-18.68068273332747,-8.139123687966123,10.482248647770284,-11.772411911358915,-8.454424497705228,-18.239107460421778,-11.105751791370976,5.415983599948556,14.319280326407064
Random36
Raw:-10.928602195962133,-18.68068273332747,-8.139123687966125,10.48224864777028,-11.772411911358908,-8.454424497705233,-18.239107460421778,-11.105751791370976,5.415983599948558,14.319280326407059
EFT:-10.92860219596214,-18.68068273332747,-8.139123687966121,10.482248647770284,-11.772411911358915,-8.454424497705228,-18.239107460421778,-11.105751791370976,5.415983599948556,14.319280326407062
Random37
Raw:-10.928602195962133,-18.68068273332748,-8.139123687966121,10.482248647770287,-11.772411911358912,-8.454424497705233,-18.239107460421774,-11.105751791370977,5.415983599948561,14.319280326407066
EFT:-10.92860219596214,-18.68068273332747,-8.139123687966121,10.482248647770284,-11.772411911358915,-8.454424497705228,-18.239107460421778,-11.105751791370976,5.415983599948556,14.319280326407062
Random38
Raw:-10.928602195962137,-18.680682733327465,-8.139123687966126,10.482248647770286,-11.772411911358914,-8.454424497705228,-18.23910746042178,-11.105751791370974,5.415983599948553,14.319280326407059
EFT:-10.928602195962139,-18.68068273332747,-8.139123687966121,10.482248647770284,-11.772411911358915,-8.454424497705228,-18.239107460421778,-11.105751791370976,5.415983599948556,14.319280326407064
Random39
Raw:-10.928602195962135,-18.68068273332747,-8.139123687966125,10.482248647770291,-11.77241191135891,-8.454424497705235,-18.239107460421778,-11.10575179137098,5.415983599948556,14.319280326407062
EFT:-10.92860219596214,-18.68068273332747,-8.139123687966121,10.482248647770284,-11.772411911358915,-8.454424497705228,-18.239107460421778,-11.105751791370976,5.415983599948556,14.319280326407062
Random40
Raw:-10.928602195962139,-18.680682733327473,-8.139123687966123,10.482248647770282,-11.772411911358912,-8.454424497705224,-18.239107460421778,-11.105751791370972,5.415983599948561,14.319280326407062
EFT:-10.928602195962139,-18.68068273332747,-8.139123687966121,10.482248647770284,-11.772411911358915,-8.454424497705228,-18.239107460421778,-11.105751791370976,5.415983599948556,14.319280326407064
Random41
Raw:-10.928602195962133,-18.680682733327462,-8.139123687966125,10.482248647770291,-11.772411911358919,-8.45442449770523,-18.239107460421785,-11.105751791370976,5.415983599948556,14.319280326407064
EFT:-10.92860219596214,-18.68068273332747,-8.139123687966121,10.482248647770284,-11.772411911358915,-8.454424497705228,-18.239107460421778,-11.105751791370976,5.415983599948556,14.319280326407062
Random42
Raw:-10.928602195962144,-18.68068273332747,-8.139123687966134,10.482248647770284,-11.77241191135891,-8.454424497705235,-18.239107460421778,-11.10575179137097,5.415983599948564,14.319280326407059
EFT:-10.928602195962139,-18.68068273332747,-8.139123687966121,10.482248647770284,-11.772411911358915,-8.454424497705228,-18.239107460421778,-11.105751791370976,5.415983599948556,14.319280326407064
Random43
Raw:-10.92860219596214,-18.680682733327473,-8.139123687966128,10.482248647770284,-11.772411911358919,-8.454424497705224,-18.239107460421767,-11.105751791370981,5.415983599948562,14.319280326407062
EFT:-10.92860219596214,-18.68068273332747,-8.139123687966121,10.482248647770284,-11.772411911358915,-8.454424497705228,-18.239107460421778,-11.105751791370976,5.415983599948556,14.319280326407064
Random44
Raw:-10.928602195962142,-18.68068273332748,-8.139123687966126,10.482248647770284,-11.772411911358914,-8.454424497705228,-18.239107460421774,-11.105751791370974,5.4159835999485475,14.319280326407059
EFT:-10.92860219596214,-18.68068273332747,-8.139123687966121,10.482248647770284,-11.772411911358915,-8.454424497705228,-18.239107460421778,-11.105751791370976,5.415983599948556,14.319280326407062
Random45
Raw:-10.928602195962139,-18.680682733327473,-8.139123687966134,10.482248647770287,-11.7724119113589,-8.454424497705228,-18.239107460421778,-11.10575179137098,5.41598359994856,14.319280326407062
EFT:-10.92860219596214,-18.68068273332747,-8.139123687966121,10.482248647770284,-11.772411911358915,-8.454424497705228,-18.239107460421778,-11.105751791370976,5.415983599948556,14.319280326407062
Random46
Raw:-10.928602195962133,-18.680682733327476,-8.139123687966123,10.482248647770287,-11.77241191135891,-8.454424497705228,-18.239107460421778,-11.105751791370984,5.4159835999485715,14.319280326407062
EFT:-10.928602195962139,-18.68068273332747,-8.139123687966121,10.482248647770284,-11.772411911358915,-8.454424497705228,-18.239107460421778,-11.105751791370976,5.415983599948556,14.319280326407064
Random47
Raw:-10.928602195962139,-18.680682733327465,-8.139123687966125,10.482248647770277,-11.772411911358908,-8.454424497705231,-18.239107460421774,-11.105751791370974,5.415983599948562,14.31928032640706
EFT:-10.928602195962139,-18.68068273332747,-8.139123687966121,10.482248647770284,-11.772411911358915,-8.454424497705228,-18.239107460421778,-11.105751791370976,5.415983599948556,14.319280326407064
Random48
Raw:-10.928602195962135,-18.68068273332748,-8.139123687966118,10.48224864777028,-11.77241191135891,-8.45442449770523,-18.239107460421774,-11.105751791370976,5.415983599948563,14.319280326407064
EFT:-10.928602195962139,-18.68068273332747,-8.139123687966121,10.482248647770284,-11.772411911358915,-8.454424497705228,-18.239107460421778,-11.105751791370976,5.415983599948556,14.319280326407064
Random49
Raw:-10.92860219596214,-18.680682733327473,-8.139123687966126,10.48224864777028,-11.772411911358917,-8.454424497705222,-18.239107460421778,-11.10575179137097,5.415983599948551,14.319280326407057
EFT:-10.928602195962139,-18.68068273332747,-8.139123687966121,10.482248647770284,-11.772411911358915,-8.454424497705228,-18.239107460421778,-11.105751791370976,5.415983599948556,14.319280326407064
Random50
Raw:-10.928602195962133,-18.68068273332748,-8.139123687966125,10.482248647770282,-11.77241191135891,-8.454424497705219,-18.23910746042177,-11.105751791370981,5.415983599948556,14.319280326407062
EFT:-10.92860219596214,-18.68068273332747,-8.139123687966121,10.482248647770284,-11.772411911358915,-8.454424497705228,-18.239107460421778,-11.105751791370976,5.415983599948556,14.319280326407062
Random51
Raw:-10.928602195962144,-18.680682733327473,-8.139123687966126,10.482248647770284,-11.772411911358917,-8.45442449770523,-18.239107460421778,-11.105751791370972,5.4159835999485555,14.319280326407068
EFT:-10.92860219596214,-18.68068273332747,-8.139123687966121,10.482248647770284,-11.772411911358915,-8.454424497705228,-18.239107460421778,-11.105751791370976,5.415983599948556,14.319280326407062
Random52
Raw:-10.92860219596214,-18.68068273332748,-8.139123687966125,10.482248647770286,-11.772411911358912,-8.454424497705231,-18.239107460421764,-11.105751791370981,5.415983599948558,14.319280326407055
EFT:-10.928602195962139,-18.68068273332747,-8.139123687966121,10.482248647770284,-11.772411911358915,-8.454424497705228,-18.239107460421778,-11.105751791370976,5.415983599948556,14.319280326407064
Random53
Raw:-10.928602195962142,-18.68068273332747,-8.139123687966125,10.482248647770282,-11.772411911358915,-8.45442449770523,-18.23910746042178,-11.105751791370976,5.415983599948562,14.319280326407062
EFT:-10.92860219596214,-18.68068273332747,-8.139123687966121,10.482248647770284,-11.772411911358915,-8.454424497705228,-18.239107460421778,-11.105751791370976,5.415983599948556,14.319280326407062
Random54
Raw:-10.928602195962142,-18.680682733327473,-8.139123687966125,10.482248647770286,-11.77241191135891,-8.45442449770523,-18.239107460421778,-11.105751791370981,5.41598359994856,14.319280326407059
EFT:-10.92860219596214,-18.68068273332747,-8.139123687966121,10.482248647770284,-11.772411911358915,-8.454424497705228,-18.239107460421778,-11.105751791370976,5.415983599948556,14.319280326407062
Random55
Raw:-10.928602195962139,-18.680682733327476,-8.139123687966125,10.48224864777029,-11.772411911358908,-8.454424497705233,-18.239107460421785,-11.105751791370977,5.415983599948558,14.319280326407064
EFT:-10.928602195962139,-18.68068273332747,-8.139123687966121,10.482248647770284,-11.772411911358915,-8.454424497705228,-18.239107460421778,-11.105751791370976,5.415983599948556,14.319280326407064
Random56
Raw:-10.928602195962137,-18.680682733327465,-8.139123687966126,10.482248647770282,-11.772411911358917,-8.454424497705224,-18.23910746042177,-11.105751791370977,5.4159835999485555,14.319280326407059
EFT:-10.92860219596214,-18.68068273332747,-8.139123687966121,10.482248647770284,-11.772411911358915,-8.454424497705228,-18.239107460421778,-11.105751791370976,5.415983599948556,14.319280326407062
Random57
Raw:-10.928602195962142,-18.680682733327473,-8.139123687966123,10.482248647770284,-11.772411911358915,-8.454424497705226,-18.239107460421767,-11.105751791370977,5.415983599948557,14.319280326407062
EFT:-10.92860219596214,-18.68068273332747,-8.139123687966121,10.482248647770284,-11.772411911358915,-8.45442449770523,-18.239107460421778,-11.105751791370976,5.415983599948556,14.319280326407062
Random58
Raw:-10.928602195962137,-18.680682733327473,-8.139123687966132,10.482248647770286,-11.77241191135891,-8.454424497705226,-18.239107460421774,-11.105751791370976,5.415983599948557,14.319280326407059
EFT:-10.92860219596214,-18.68068273332747,-8.139123687966121,10.482248647770284,-11.772411911358915,-8.454424497705228,-18.239107460421778,-11.105751791370976,5.415983599948556,14.319280326407062
Random59
Raw:-10.928602195962139,-18.680682733327465,-8.139123687966121,10.48224864777028,-11.772411911358908,-8.454424497705237,-18.239107460421774,-11.10575179137097,5.415983599948562,14.319280326407059
EFT:-10.92860219596214,-18.68068273332747,-8.139123687966121,10.482248647770284,-11.772411911358915,-8.454424497705228,-18.239107460421778,-11.105751791370976,5.415983599948556,14.319280326407062
Random60
Raw:-10.928602195962133,-18.680682733327465,-8.13912368796612,10.482248647770286,-11.772411911358917,-8.454424497705228,-18.239107460421778,-11.105751791370972,5.4159835999485555,14.319280326407066
EFT:-10.928602195962139,-18.68068273332747,-8.139123687966121,10.482248647770284,-11.772411911358915,-8.454424497705228,-18.239107460421778,-11.105751791370976,5.415983599948556,14.319280326407064
Random61
Raw:-10.928602195962133,-18.68068273332747,-8.139123687966116,10.482248647770286,-11.772411911358912,-8.454424497705226,-18.239107460421778,-11.105751791370977,5.41598359994856,14.319280326407062
EFT:-10.928602195962139,-18.68068273332747,-8.139123687966121,10.482248647770284,-11.772411911358915,-8.454424497705228,-18.239107460421778,-11.105751791370976,5.415983599948556,14.319280326407064
Random62
Raw:-10.928602195962142,-18.680682733327476,-8.139123687966125,10.48224864777028,-11.772411911358917,-8.454424497705224,-18.239107460421774,-11.10575179137097,5.415983599948549,14.319280326407059
EFT:-10.928602195962139,-18.68068273332747,-8.139123687966121,10.482248647770284,-11.772411911358915,-8.454424497705228,-18.239107460421778,-11.105751791370976,5.415983599948556,14.319280326407064
Random63
Raw:-10.928602195962139,-18.680682733327476,-8.139123687966128,10.482248647770286,-11.77241191135891,-8.454424497705219,-18.239107460421767,-11.105751791370983,5.415983599948552,14.31928032640706
EFT:-10.928602195962139,-18.68068273332747,-8.139123687966121,10.482248647770284,-11.772411911358915,-8.454424497705228,-18.239107460421778,-11.105751791370976,5.415983599948556,14.319280326407064
Random64
Raw:-10.92860219596214,-18.680682733327465,-8.139123687966118,10.482248647770287,-11.772411911358915,-8.454424497705233,-18.23910746042178,-11.10575179137098,5.415983599948558,14.319280326407066
EFT:-10.928602195962139,-18.68068273332747,-8.139123687966121,10.482248647770284,-11.772411911358915,-8.454424497705228,-18.239107460421778,-11.105751791370976,5.415983599948556,14.319280326407064
Random65
Raw:-10.928602195962135,-18.680682733327476,-8.139123687966125,10.482248647770286,-11.772411911358917,-8.454424497705233,-18.239107460421774,-11.105751791370976,5.415983599948556,14.319280326407055
EFT:-10.92860219596214,-18.68068273332747,-8.139123687966121,10.482248647770284,-11.772411911358915,-8.45442449770523,-18.239107460421778,-11.105751791370976,5.415983599948556,14.319280326407062
Random66
Raw:-10.92860219596214,-18.68068273332747,-8.139123687966118,10.482248647770279,-11.772411911358917,-8.45442449770523,-18.239107460421778,-11.105751791370977,5.415983599948556,14.31928032640706
EFT:-10.92860219596214,-18.68068273332747,-8.139123687966121,10.482248647770284,-11.772411911358915,-8.454424497705228,-18.239107460421778,-11.105751791370976,5.415983599948556,14.319280326407062
Random67
Raw:-10.928602195962139,-18.68068273332747,-8.139123687966118,10.482248647770286,-11.772411911358924,-8.454424497705224,-18.23910746042178,-11.10575179137098,5.4159835999485555,14.319280326407062
EFT:-10.92860219596214,-18.68068273332747,-8.139123687966121,10.482248647770284,-11.772411911358915,-8.454424497705228,-18.239107460421778,-11.105751791370976,5.415983599948556,14.319280326407062
Random68
Raw:-10.928602195962135,-18.68068273332747,-8.139123687966121,10.482248647770284,-11.772411911358912,-8.454424497705224,-18.239107460421774,-11.105751791370984,5.415983599948562,14.31928032640706
EFT:-10.92860219596214,-18.68068273332747,-8.139123687966121,10.482248647770284,-11.772411911358915,-8.454424497705228,-18.239107460421778,-11.105751791370976,5.415983599948556,14.319280326407062
Random69
Raw:-10.928602195962137,-18.680682733327473,-8.139123687966121,10.482248647770287,-11.77241191135892,-8.454424497705233,-18.239107460421767,-11.105751791370974,5.415983599948558,14.319280326407062
EFT:-10.928602195962139,-18.68068273332747,-8.139123687966121,10.482248647770284,-11.772411911358915,-8.454424497705228,-18.239107460421778,-11.105751791370976,5.415983599948556,14.319280326407064
Random70
Raw:-10.928602195962135,-18.680682733327465,-8.139123687966123,10.482248647770284,-11.772411911358907,-8.454424497705228,-18.239107460421778,-11.10575179137098,5.415983599948566,14.319280326407053
EFT:-10.92860219596214,-18.68068273332747,-8.139123687966121,10.482248647770284,-11.772411911358915,-8.45442449770523,-18.239107460421778,-11.105751791370976,5.415983599948556,14.319280326407062
Random71
Raw:-10.928602195962142,-18.68068273332747,-8.139123687966125,10.48224864777028,-11.772411911358917,-8.454424497705224,-18.239107460421767,-11.10575179137098,5.4159835999485555,14.319280326407059
EFT:-10.92860219596214,-18.68068273332747,-8.139123687966121,10.482248647770284,-11.772411911358915,-8.454424497705228,-18.239107460421778,-11.105751791370976,5.415983599948556,14.319280326407062
Random72
Raw:-10.92860219596214,-18.680682733327465,-8.139123687966126,10.482248647770286,-11.772411911358908,-8.45442449770522,-18.239107460421778,-11.105751791370977,5.415983599948562,14.319280326407053
EFT:-10.928602195962139,-18.68068273332747,-8.139123687966121,10.482248647770284,-11.772411911358915,-8.454424497705228,-18.239107460421778,-11.105751791370976,5.415983599948556,14.319280326407064
Random73
Raw:-10.928602195962139,-18.680682733327473,-8.139123687966126,10.48224864777028,-11.77241191135891,-8.45442449770523,-18.239107460421778,-11.105751791370976,5.415983599948563,14.31928032640706
EFT:-10.92860219596214,-18.68068273332747,-8.139123687966121,10.482248647770284,-11.772411911358915,-8.45442449770523,-18.239107460421778,-11.105751791370976,5.415983599948556,14.319280326407062
Random74
Raw:-10.928602195962137,-18.680682733327465,-8.139123687966123,10.482248647770286,-11.772411911358914,-8.454424497705226,-18.239107460421774,-11.105751791370972,5.415983599948548,14.319280326407062
EFT:-10.928602195962139,-18.68068273332747,-8.139123687966123,10.482248647770284,-11.772411911358915,-8.454424497705228,-18.239107460421778,-11.105751791370976,5.415983599948556,14.319280326407064
Random75
Raw:-10.92860219596214,-18.680682733327462,-8.139123687966126,10.482248647770284,-11.772411911358912,-8.454424497705228,-18.239107460421785,-11.105751791370972,5.4159835999485555,14.319280326407055
EFT:-10.92860219596214,-18.68068273332747,-8.139123687966121,10.482248647770284,-11.772411911358915,-8.454424497705228,-18.239107460421778,-11.105751791370976,5.415983599948556,14.319280326407062
Random76
Raw:-10.92860219596214,-18.68068273332747,-8.13912368796612,10.482248647770282,-11.77241191135891,-8.454424497705231,-18.239107460421778,-11.105751791370967,5.415983599948552,14.319280326407055
EFT:-10.92860219596214,-18.68068273332747,-8.139123687966121,10.482248647770284,-11.772411911358915,-8.454424497705228,-18.239107460421778,-11.105751791370976,5.415983599948556,14.319280326407062
Random77
Raw:-10.928602195962144,-18.680682733327465,-8.139123687966128,10.482248647770286,-11.772411911358917,-8.454424497705233,-18.23910746042178,-11.10575179137097,5.415983599948554,14.319280326407062
EFT:-10.928602195962139,-18.68068273332747,-8.139123687966121,10.482248647770284,-11.772411911358915,-8.454424497705228,-18.239107460421778,-11.105751791370976,5.415983599948556,14.319280326407064
Random78
Raw:-10.92860219596214,-18.68068273332747,-8.13912368796612,10.482248647770287,-11.772411911358919,-8.454424497705231,-18.23910746042179,-11.105751791370974,5.4159835999485555,14.319280326407055
EFT:-10.92860219596214,-18.68068273332747,-8.139123687966121,10.482248647770284,-11.772411911358915,-8.454424497705228,-18.239107460421778,-11.105751791370976,5.415983599948556,14.319280326407062
Random79
Raw:-10.92860219596214,-18.680682733327473,-8.139123687966123,10.482248647770286,-11.772411911358919,-8.454424497705222,-18.23910746042177,-11.105751791370981,5.41598359994856,14.319280326407064
EFT:-10.92860219596214,-18.68068273332747,-8.139123687966121,10.482248647770284,-11.772411911358915,-8.454424497705228,-18.239107460421778,-11.105751791370976,5.415983599948556,14.319280326407062
Random80
Raw:-10.92860219596214,-18.68068273332747,-8.139123687966123,10.482248647770282,-11.772411911358914,-8.454424497705228,-18.239107460421785,-11.105751791370974,5.415983599948555,14.319280326407066
EFT:-10.92860219596214,-18.68068273332747,-8.139123687966121,10.482248647770284,-11.772411911358915,-8.454424497705228,-18.239107460421778,-11.105751791370976,5.415983599948556,14.319280326407062
Random81
Raw:-10.928602195962148,-18.680682733327473,-8.139123687966125,10.482248647770286,-11.77241191135892,-8.454424497705222,-18.239107460421785,-11.105751791370977,5.415983599948551,14.319280326407057
EFT:-10.928602195962139,-18.68068273332747,-8.139123687966121,10.482248647770284,-11.772411911358915,-8.454424497705228,-18.239107460421778,-11.105751791370976,5.415983599948556,14.319280326407064
Random82
Raw:-10.928602195962137,-18.68068273332747,-8.139123687966121,10.482248647770284,-11.772411911358917,-8.454424497705231,-18.239107460421778,-11.105751791370977,5.415983599948562,14.319280326407062
EFT:-10.92860219596214,-18.68068273332747,-8.139123687966121,10.482248647770284,-11.772411911358915,-8.45442449770523,-18.239107460421778,-11.105751791370976,5.415983599948556,14.319280326407062
Random83
Raw:-10.928602195962142,-18.68068273332748,-8.139123687966128,10.48224864777029,-11.772411911358912,-8.45442449770523,-18.23910746042178,-11.105751791370977,5.415983599948558,14.319280326407059
EFT:-10.92860219596214,-18.68068273332747,-8.139123687966121,10.482248647770284,-11.772411911358915,-8.454424497705228,-18.239107460421778,-11.105751791370976,5.415983599948556,14.319280326407062
Random84
Raw:-10.928602195962137,-18.680682733327462,-8.139123687966121,10.482248647770286,-11.772411911358907,-8.45442449770524,-18.23910746042179,-11.105751791370976,5.41598359994856,14.319280326407064
EFT:-10.92860219596214,-18.68068273332747,-8.139123687966121,10.482248647770284,-11.772411911358915,-8.454424497705228,-18.239107460421778,-11.105751791370976,5.415983599948556,14.319280326407064
Random85
Raw:-10.92860219596213,-18.68068273332747,-8.139123687966114,10.482248647770282,-11.772411911358919,-8.454424497705226,-18.239107460421774,-11.105751791370976,5.41598359994856,14.319280326407062
EFT:-10.92860219596214,-18.68068273332747,-8.139123687966121,10.482248647770284,-11.772411911358915,-8.454424497705228,-18.239107460421778,-11.105751791370976,5.415983599948556,14.319280326407062
Random86
Raw:-10.928602195962135,-18.68068273332747,-8.139123687966132,10.482248647770286,-11.772411911358907,-8.454424497705224,-18.23910746042178,-11.105751791370976,5.415983599948562,14.319280326407059
EFT:-10.92860219596214,-18.68068273332747,-8.139123687966121,10.482248647770284,-11.772411911358915,-8.454424497705228,-18.239107460421778,-11.105751791370976,5.415983599948556,14.319280326407064
Random87
Raw:-10.928602195962135,-18.680682733327465,-8.139123687966123,10.482248647770286,-11.77241191135891,-8.454424497705237,-18.239107460421774,-11.105751791370977,5.415983599948561,14.319280326407057
EFT:-10.928602195962139,-18.68068273332747,-8.139123687966121,10.482248647770284,-11.772411911358915,-8.454424497705228,-18.239107460421778,-11.105751791370976,5.415983599948556,14.319280326407064
Random88
Raw:-10.928602195962133,-18.68068273332747,-8.139123687966121,10.482248647770284,-11.772411911358919,-8.454424497705233,-18.239107460421785,-11.105751791370981,5.415983599948559,14.319280326407068
EFT:-10.92860219596214,-18.68068273332747,-8.139123687966121,10.482248647770284,-11.772411911358915,-8.454424497705228,-18.239107460421778,-11.105751791370976,5.415983599948556,14.319280326407064
Random89
Raw:-10.928602195962133,-18.680682733327455,-8.139123687966125,10.482248647770284,-11.772411911358905,-8.454424497705231,-18.239107460421767,-11.105751791370972,5.415983599948562,14.319280326407055
EFT:-10.92860219596214,-18.68068273332747,-8.139123687966121,10.482248647770284,-11.772411911358915,-8.454424497705228,-18.239107460421778,-11.105751791370976,5.415983599948556,14.319280326407062
Random90
Raw:-10.92860219596214,-18.680682733327465,-8.139123687966125,10.48224864777029,-11.772411911358908,-8.454424497705231,-18.239107460421774,-11.105751791370981,5.4159835999485635,14.319280326407055
EFT:-10.92860219596214,-18.68068273332747,-8.139123687966121,10.482248647770284,-11.772411911358915,-8.454424497705228,-18.239107460421778,-11.105751791370976,5.415983599948556,14.319280326407062
Random91
Raw:-10.928602195962137,-18.680682733327473,-8.139123687966125,10.482248647770286,-11.772411911358923,-8.454424497705228,-18.239107460421785,-11.105751791370976,5.415983599948552,14.319280326407064
EFT:-10.92860219596214,-18.68068273332747,-8.139123687966121,10.482248647770284,-11.772411911358915,-8.454424497705228,-18.239107460421778,-11.105751791370976,5.415983599948556,14.319280326407062
Random92
Raw:-10.928602195962144,-18.680682733327465,-8.139123687966128,10.482248647770286,-11.772411911358908,-8.454424497705226,-18.23910746042178,-11.105751791370972,5.4159835999485555,14.31928032640706
EFT:-10.92860219596214,-18.68068273332747,-8.139123687966121,10.482248647770284,-11.772411911358915,-8.45442449770523,-18.239107460421778,-11.105751791370976,5.415983599948556,14.319280326407062
Random93
Raw:-10.928602195962132,-18.68068273332747,-8.139123687966123,10.482248647770282,-11.772411911358915,-8.454424497705224,-18.239107460421778,-11.10575179137098,5.415983599948557,14.319280326407059
EFT:-10.92860219596214,-18.68068273332747,-8.139123687966121,10.482248647770284,-11.772411911358915,-8.454424497705228,-18.239107460421778,-11.105751791370976,5.415983599948556,14.319280326407062
Random94
Raw:-10.928602195962133,-18.68068273332747,-8.13912368796612,10.482248647770279,-11.772411911358917,-8.454424497705222,-18.239107460421774,-11.105751791370972,5.415983599948558,14.319280326407057
EFT:-10.92860219596214,-18.68068273332747,-8.139123687966121,10.482248647770284,-11.772411911358915,-8.454424497705228,-18.239107460421778,-11.105751791370976,5.415983599948556,14.319280326407064
Random95
Raw:-10.928602195962132,-18.68068273332747,-8.139123687966123,10.482248647770282,-11.772411911358903,-8.45442449770523,-18.239107460421767,-11.105751791370977,5.415983599948556,14.31928032640706
EFT:-10.928602195962139,-18.68068273332747,-8.139123687966121,10.482248647770284,-11.772411911358915,-8.454424497705228,-18.239107460421778,-11.105751791370976,5.415983599948556,14.319280326407064
Random96
Raw:-10.928602195962137,-18.680682733327476,-8.139123687966125,10.482248647770287,-11.772411911358908,-8.454424497705235,-18.23910746042178,-11.105751791370983,5.415983599948568,14.319280326407064
EFT:-10.92860219596214,-18.68068273332747,-8.139123687966121,10.482248647770284,-11.772411911358915,-8.454424497705228,-18.239107460421778,-11.105751791370976,5.415983599948556,14.319280326407062
Random97
Raw:-10.928602195962137,-18.680682733327476,-8.13912368796613,10.482248647770284,-11.772411911358914,-8.454424497705222,-18.23910746042177,-11.105751791370976,5.4159835999485555,14.319280326407064
EFT:-10.928602195962139,-18.68068273332747,-8.139123687966121,10.482248647770284,-11.772411911358915,-8.454424497705228,-18.239107460421778,-11.105751791370976,5.415983599948556,14.319280326407064
Random98
Raw:-10.928602195962137,-18.68068273332747,-8.139123687966125,10.482248647770286,-11.772411911358914,-8.454424497705224,-18.239107460421767,-11.105751791370976,5.415983599948556,14.31928032640706
EFT:-10.92860219596214,-18.68068273332747,-8.139123687966121,10.482248647770284,-11.772411911358915,-8.454424497705228,-18.239107460421778,-11.105751791370976,5.415983599948556,14.319280326407064
Random99
Raw:-10.928602195962139,-18.68068273332747,-8.139123687966125,10.48224864777029,-11.772411911358917,-8.454424497705226,-18.239107460421778,-11.105751791370976,5.415983599948558,14.31928032640706
EFT:-10.92860219596214,-18.68068273332747,-8.139123687966121,10.482248647770284,-11.772411911358915,-8.45442449770523,-18.239107460421778,-11.105751791370976,5.415983599948556,14.319280326407062
Random100
Raw:-10.928602195962133,-18.680682733327476,-8.139123687966126,10.482248647770282,-11.772411911358912,-8.454424497705224,-18.239107460421774,-11.105751791370977,5.415983599948562,14.31928032640706
EFT:-10.928602195962139,-18.68068273332747,-8.139123687966121,10.482248647770284,-11.772411911358915,-8.454424497705228,-18.239107460421778,-11.105751791370976,5.415983599948556,14.319280326407064
Random101
Raw:-10.928602195962146,-18.68068273332748,-8.139123687966126,10.482248647770293,-11.772411911358917,-8.454424497705235,-18.239107460421778,-11.10575179137098,5.415983599948555,14.319280326407064
EFT:-10.928602195962139,-18.68068273332747,-8.139123687966121,10.482248647770284,-11.772411911358915,-8.454424497705228,-18.239107460421778,-11.105751791370976,5.415983599948556,14.319280326407064
Random102
Raw:-10.928602195962142,-18.680682733327473,-8.13912368796612,10.482248647770286,-11.772411911358926,-8.45442449770523,-18.239107460421774,-11.105751791370977,5.415983599948555,14.319280326407059
EFT:-10.92860219596214,-18.68068273332747,-8.139123687966121,10.482248647770284,-11.772411911358915,-8.454424497705228,-18.239107460421778,-11.105751791370976,5.415983599948556,14.319280326407064
Random103
Raw:-10.928602195962137,-18.680682733327465,-8.139123687966125,10.48224864777028,-11.772411911358905,-8.45442449770523,-18.23910746042177,-11.10575179137098,5.415983599948559,14.319280326407059
EFT:-10.928602195962139,-18.68068273332747,-8.139123687966121,10.482248647770284,-11.772411911358915,-8.454424497705228,-18.239107460421778,-11.105751791370976,5.415983599948556,14.319280326407064
Random104
Raw:-10.928602195962132,-18.680682733327473,-8.13912368796612,10.482248647770287,-11.772411911358907,-8.454424497705237,-18.239107460421778,-11.10575179137097,5.415983599948559,14.31928032640706
EFT:-10.928602195962139,-18.68068273332747,-8.139123687966121,10.482248647770284,-11.772411911358915,-8.454424497705228,-18.239107460421778,-11.105751791370976,5.415983599948556,14.319280326407064
Random105
Raw:-10.928602195962139,-18.680682733327476,-8.139123687966125,10.482248647770287,-11.772411911358905,-8.45442449770523,-18.239107460421774,-11.105751791370981,5.415983599948559,14.319280326407064
EFT:-10.928602195962139,-18.68068273332747,-8.139123687966121,10.482248647770284,-11.772411911358915,-8.454424497705228,-18.239107460421778,-11.105751791370976,5.415983599948556,14.319280326407064
Random106
Raw:-10.928602195962135,-18.68068273332748,-8.139123687966134,10.482248647770282,-11.7724119113589,-8.454424497705222,-18.239107460421778,-11.105751791370974,5.415983599948558,14.31928032640707
EFT:-10.92860219596214,-18.68068273332747,-8.139123687966121,10.482248647770284,-11.772411911358915,-8.454424497705228,-18.239107460421778,-11.105751791370976,5.415983599948556,14.319280326407062
Random107
Raw:-10.92860219596214,-18.68068273332748,-8.139123687966125,10.482248647770287,-11.772411911358912,-8.454424497705231,-18.239107460421778,-11.105751791370976,5.415983599948561,14.319280326407064
EFT:-10.928602195962139,-18.68068273332747,-8.139123687966121,10.482248647770284,-11.772411911358915,-8.454424497705228,-18.239107460421778,-11.105751791370976,5.415983599948556,14.319280326407064
Random108
Raw:-10.928602195962137,-18.68068273332748,-8.139123687966123,10.482248647770284,-11.772411911358901,-8.454424497705231,-18.239107460421774,-11.105751791370977,5.415983599948566,14.319280326407053
EFT:-10.928602195962139,-18.68068273332747,-8.139123687966121,10.482248647770284,-11.772411911358915,-8.454424497705228,-18.239107460421778,-11.105751791370976,5.415983599948556,14.319280326407064
Random109
Raw:-10.92860219596214,-18.68068273332747,-8.139123687966126,10.482248647770282,-11.772411911358914,-8.454424497705233,-18.239107460421774,-11.105751791370972,5.4159835999485555,14.319280326407066
EFT:-10.92860219596214,-18.68068273332747,-8.139123687966121,10.482248647770284,-11.772411911358915,-8.454424497705228,-18.239107460421778,-11.105751791370976,5.415983599948556,14.319280326407062
Random110
Raw:-10.92860219596214,-18.680682733327476,-8.139123687966125,10.482248647770287,-11.772411911358919,-8.45442449770523,-18.239107460421778,-11.105751791370976,5.415983599948559,14.319280326407055
EFT:-10.92860219596214,-18.68068273332747,-8.139123687966121,10.482248647770284,-11.772411911358915,-8.454424497705228,-18.239107460421778,-11.105751791370976,5.415983599948556,14.319280326407062
Random111
Raw:-10.928602195962139,-18.680682733327473,-8.139123687966125,10.482248647770286,-11.772411911358915,-8.454424497705226,-18.23910746042178,-11.105751791370983,5.415983599948563,14.319280326407057
EFT:-10.928602195962139,-18.68068273332747,-8.139123687966121,10.482248647770284,-11.772411911358915,-8.454424497705228,-18.239107460421778,-11.105751791370976,5.415983599948556,14.319280326407064
Random112
Raw:-10.92860219596215,-18.68068273332747,-8.139123687966125,10.482248647770291,-11.77241191135891,-8.454424497705224,-18.239107460421774,-11.105751791370977,5.415983599948559,14.319280326407064
EFT:-10.92860219596214,-18.68068273332747,-8.139123687966121,10.482248647770284,-11.772411911358915,-8.454424497705228,-18.239107460421778,-11.105751791370976,5.415983599948556,14.319280326407062
Random113
Raw:-10.92860219596214,-18.68068273332747,-8.139123687966128,10.482248647770286,-11.77241191135891,-8.454424497705228,-18.23910746042178,-11.105751791370972,5.415983599948556,14.319280326407062
EFT:-10.92860219596214,-18.68068273332747,-8.139123687966121,10.482248647770284,-11.772411911358915,-8.454424497705228,-18.239107460421778,-11.105751791370976,5.415983599948556,14.319280326407062
Random114
Raw:-10.928602195962137,-18.680682733327465,-8.139123687966125,10.482248647770286,-11.772411911358912,-8.454424497705224,-18.239107460421785,-11.105751791370984,5.415983599948563,14.319280326407062
EFT:-10.928602195962139,-18.68068273332747,-8.139123687966121,10.482248647770284,-11.772411911358915,-8.454424497705228,-18.239107460421778,-11.105751791370976,5.415983599948556,14.319280326407064
Random115
Raw:-10.928602195962142,-18.680682733327473,-8.139123687966123,10.48224864777029,-11.772411911358908,-8.454424497705228,-18.239107460421778,-11.105751791370983,5.415983599948557,14.319280326407064
EFT:-10.928602195962139,-18.68068273332747,-8.139123687966121,10.482248647770284,-11.772411911358915,-8.454424497705228,-18.239107460421778,-11.105751791370976,5.415983599948556,14.319280326407064
Random116
Raw:-10.928602195962144,-18.680682733327473,-8.13912368796613,10.482248647770287,-11.772411911358903,-8.454424497705222,-18.239107460421785,-11.105751791370977,5.415983599948559,14.31928032640706
EFT:-10.92860219596214,-18.68068273332747,-8.139123687966121,10.482248647770284,-11.772411911358915,-8.454424497705228,-18.239107460421778,-11.105751791370976,5.415983599948556,14.319280326407062
Random117
Raw:-10.928602195962142,-18.68068273332747,-8.139123687966125,10.482248647770287,-11.772411911358917,-8.45442449770523,-18.239107460421774,-11.10575179137098,5.41598359994856,14.319280326407062
EFT:-10.928602195962139,-18.68068273332747,-8.139123687966121,10.482248647770284,-11.772411911358915,-8.454424497705228,-18.239107460421778,-11.105751791370976,5.415983599948556,14.319280326407064
Random118
Raw:-10.928602195962142,-18.68068273332747,-8.139123687966126,10.482248647770287,-11.772411911358908,-8.45442449770523,-18.239107460421774,-11.10575179137098,5.415983599948565,14.31928032640706
EFT:-10.92860219596214,-18.68068273332747,-8.139123687966121,10.482248647770284,-11.772411911358915,-8.45442449770523,-18.239107460421778,-11.105751791370976,5.415983599948556,14.319280326407062
Random119
Raw:-10.928602195962132,-18.680682733327465,-8.139123687966123,10.482248647770287,-11.772411911358907,-8.45442449770524,-18.239107460421778,-11.105751791370976,5.415983599948566,14.319280326407059
EFT:-10.92860219596214,-18.68068273332747,-8.139123687966121,10.482248647770284,-11.772411911358915,-8.454424497705228,-18.239107460421778,-11.105751791370976,5.415983599948556,14.319280326407062
Random120
Raw:-10.92860219596214,-18.680682733327483,-8.139123687966126,10.48224864777029,-11.772411911358905,-8.454424497705228,-18.23910746042178,-11.105751791370981,5.415983599948561,14.319280326407068
EFT:-10.92860219596214,-18.68068273332747,-8.139123687966121,10.482248647770284,-11.772411911358915,-8.454424497705228,-18.239107460421778,-11.105751791370976,5.415983599948556,14.319280326407062
Random121
Raw:-10.92860219596214,-18.680682733327473,-8.139123687966123,10.482248647770287,-11.772411911358919,-8.454424497705226,-18.239107460421785,-11.10575179137098,5.415983599948557,14.319280326407062
EFT:-10.92860219596214,-18.68068273332747,-8.139123687966121,10.482248647770284,-11.772411911358915,-8.454424497705228,-18.239107460421778,-11.105751791370976,5.415983599948556,14.319280326407062
Random122
Raw:-10.928602195962133,-18.680682733327465,-8.139123687966123,10.482248647770287,-11.77241191135891,-8.454424497705222,-18.239107460421767,-11.105751791370984,5.41598359994856,14.319280326407059
EFT:-10.928602195962139,-18.68068273332747,-8.139123687966121,10.482248647770284,-11.772411911358915,-8.454424497705228,-18.239107460421778,-11.105751791370976,5.415983599948556,14.319280326407064
Random123
Raw:-10.92860219596214,-18.68068273332747,-8.139123687966118,10.482248647770282,-11.772411911358924,-8.45442449770523,-18.23910746042178,-11.105751791370972,5.415983599948551,14.319280326407064
EFT:-10.92860219596214,-18.68068273332747,-8.139123687966121,10.482248647770284,-11.772411911358915,-8.454424497705228,-18.239107460421778,-11.105751791370976,5.415983599948556,14.319280326407062
Random124
Raw:-10.928602195962137,-18.680682733327473,-8.139123687966128,10.48224864777029,-11.77241191135891,-8.454424497705228,-18.239107460421778,-11.105751791370977,5.415983599948554,14.319280326407062
EFT:-10.92860219596214,-18.68068273332747,-8.139123687966121,10.482248647770284,-11.772411911358915,-8.454424497705228,-18.239107460421778,-11.105751791370976,5.415983599948556,14.319280326407064
Random125
Raw:-10.928602195962139,-18.680682733327462,-8.139123687966123,10.48224864777029,-11.772411911358912,-8.454424497705228,-18.239107460421774,-11.105751791370974,5.415983599948555,14.319280326407059
EFT:-10.92860219596214,-18.68068273332747,-8.139123687966121,10.482248647770284,-11.772411911358915,-8.454424497705228,-18.239107460421778,-11.105751791370976,5.415983599948556,14.319280326407062
Random126
Raw:-10.928602195962137,-18.68068273332747,-8.139123687966123,10.482248647770287,-11.772411911358919,-8.454424497705226,-18.23910746042178,-11.105751791370977,5.415983599948554,14.31928032640706
EFT:-10.92860219596214,-18.68068273332747,-8.139123687966121,10.482248647770284,-11.772411911358915,-8.454424497705228,-18.239107460421778,-11.105751791370976,5.415983599948556,14.319280326407062
Random127
Raw:-10.92860219596213,-18.680682733327465,-8.139123687966126,10.482248647770282,-11.7724119113589,-8.454424497705231,-18.239107460421778,-11.105751791370976,5.415983599948567,14.319280326407064
EFT:-10.928602195962139,-18.68068273332747,-8.139123687966121,10.482248647770284,-11.772411911358915,-8.454424497705228,-18.239107460421778,-11.105751791370976,5.415983599948556,14.319280326407064
Random128
Raw:-10.928602195962137,-18.680682733327473,-8.13912368796613,10.482248647770282,-11.772411911358908,-8.454424497705222,-18.23910746042177,-11.10575179137098,5.4159835999485635,14.319280326407059
EFT:-10.92860219596214,-18.68068273332747,-8.139123687966121,10.482248647770284,-11.772411911358915,-8.454424497705228,-18.239107460421778,-11.105751791370976,5.415983599948556,14.319280326407064
Random129
Raw:-10.92860219596213,-18.680682733327465,-8.139123687966121,10.482248647770282,-11.772411911358908,-8.454424497705228,-18.239107460421785,-11.10575179137097,5.415983599948561,14.319280326407057
EFT:-10.92860219596214,-18.68068273332747,-8.139123687966121,10.482248647770284,-11.772411911358915,-8.454424497705228,-18.239107460421778,-11.105751791370976,5.415983599948556,14.319280326407064
Random130
Raw:-10.92860219596214,-18.680682733327473,-8.139123687966128,10.482248647770287,-11.772411911358914,-8.454424497705228,-18.239107460421778,-11.10575179137098,5.4159835999485635,14.319280326407062
EFT:-10.92860219596214,-18.68068273332747,-8.139123687966121,10.482248647770284,-11.772411911358915,-8.454424497705228,-18.239107460421778,-11.105751791370976,5.415983599948556,14.319280326407064
Random131
Raw:-10.928602195962139,-18.68068273332747,-8.139123687966128,10.482248647770286,-11.772411911358914,-8.454424497705231,-18.23910746042177,-11.105751791370972,5.4159835999485635,14.319280326407053
EFT:-10.928602195962139,-18.68068273332747,-8.139123687966121,10.482248647770284,-11.772411911358915,-8.454424497705228,-18.239107460421778,-11.105751791370976,5.415983599948556,14.319280326407064
Random132
Raw:-10.928602195962135,-18.68068273332747,-8.139123687966125,10.482248647770286,-11.772411911358908,-8.454424497705228,-18.239107460421767,-11.105751791370981,5.415983599948561,14.31928032640706
EFT:-10.928602195962139,-18.68068273332747,-8.139123687966121,10.482248647770284,-11.772411911358915,-8.454424497705228,-18.239107460421778,-11.105751791370976,5.415983599948556,14.319280326407064
Random133
Raw:-10.92860219596214,-18.680682733327473,-8.139123687966125,10.482248647770284,-11.772411911358914,-8.454424497705233,-18.239107460421774,-11.105751791370977,5.415983599948561,14.319280326407062
EFT:-10.928602195962139,-18.68068273332747,-8.139123687966121,10.482248647770284,-11.772411911358915,-8.454424497705228,-18.239107460421778,-11.105751791370976,5.415983599948556,14.319280326407064
Random134
Raw:-10.928602195962137,-18.680682733327473,-8.139123687966121,10.482248647770282,-11.772411911358914,-8.454424497705224,-18.23910746042178,-11.105751791370977,5.415983599948558,14.319280326407062
EFT:-10.928602195962139,-18.68068273332747,-8.139123687966121,10.482248647770284,-11.772411911358915,-8.454424497705228,-18.239107460421778,-11.105751791370976,5.415983599948556,14.319280326407064
Random135
Raw:-10.928602195962135,-18.680682733327476,-8.139123687966121,10.482248647770279,-11.772411911358908,-8.45442449770522,-18.239107460421774,-11.105751791370974,5.415983599948554,14.319280326407062
EFT:-10.92860219596214,-18.68068273332747,-8.139123687966121,10.482248647770284,-11.772411911358915,-8.454424497705228,-18.239107460421778,-11.105751791370976,5.415983599948556,14.319280326407062
Random136
Raw:-10.928602195962139,-18.680682733327476,-8.139123687966128,10.482248647770284,-11.772411911358907,-8.454424497705226,-18.23910746042178,-11.10575179137098,5.41598359994855,14.319280326407075
EFT:-10.928602195962139,-18.68068273332747,-8.139123687966121,10.482248647770284,-11.772411911358915,-8.454424497705228,-18.239107460421778,-11.105751791370976,5.415983599948556,14.319280326407064
Random137
Raw:-10.928602195962133,-18.68068273332747,-8.139123687966132,10.482248647770282,-11.772411911358908,-8.454424497705228,-18.239107460421778,-11.105751791370972,5.415983599948558,14.319280326407062
EFT:-10.92860219596214,-18.68068273332747,-8.139123687966121,10.482248647770284,-11.772411911358915,-8.454424497705228,-18.239107460421778,-11.105751791370976,5.415983599948556,14.319280326407064
Random138
Raw:-10.928602195962132,-18.680682733327465,-8.139123687966118,10.482248647770277,-11.772411911358915,-8.454424497705237,-18.239107460421767,-11.10575179137097,5.415983599948565,14.319280326407057
EFT:-10.928602195962139,-18.68068273332747,-8.139123687966121,10.482248647770284,-11.772411911358915,-8.454424497705228,-18.239107460421778,-11.105751791370976,5.415983599948556,14.319280326407064
Random139
Raw:-10.928602195962135,-18.680682733327465,-8.139123687966123,10.482248647770287,-11.772411911358907,-8.454424497705237,-18.239107460421778,-11.105751791370976,5.415983599948559,14.319280326407059
EFT:-10.92860219596214,-18.68068273332747,-8.139123687966121,10.482248647770284,-11.772411911358915,-8.454424497705228,-18.239107460421778,-11.105751791370976,5.415983599948556,14.319280326407062
Random140
Raw:-10.928602195962135,-18.680682733327465,-8.13912368796612,10.482248647770284,-11.772411911358917,-8.454424497705226,-18.23910746042178,-11.105751791370972,5.41598359994856,14.319280326407059
EFT:-10.92860219596214,-18.68068273332747,-8.139123687966121,10.482248647770284,-11.772411911358915,-8.454424497705228,-18.239107460421778,-11.105751791370976,5.415983599948556,14.319280326407062
Random141
Raw:-10.928602195962139,-18.680682733327473,-8.139123687966121,10.482248647770282,-11.77241191135892,-8.45442449770523,-18.239107460421774,-11.105751791370972,5.415983599948557,14.319280326407059
EFT:-10.92860219596214,-18.68068273332747,-8.139123687966121,10.482248647770284,-11.772411911358915,-8.454424497705228,-18.239107460421778,-11.105751791370976,5.415983599948556,14.319280326407064
Random142
Raw:-10.928602195962144,-18.680682733327473,-8.13912368796613,10.482248647770291,-11.772411911358915,-8.454424497705228,-18.239107460421778,-11.105751791370983,5.415983599948562,14.319280326407057
EFT:-10.92860219596214,-18.68068273332747,-8.139123687966121,10.482248647770284,-11.772411911358915,-8.454424497705228,-18.239107460421778,-11.105751791370976,5.415983599948556,14.319280326407064
Random143
Raw:-10.928602195962144,-18.680682733327476,-8.13912368796612,10.482248647770284,-11.772411911358923,-8.45442449770523,-18.239107460421778,-11.10575179137097,5.415983599948553,14.319280326407066
EFT:-10.92860219596214,-18.68068273332747,-8.139123687966121,10.482248647770284,-11.772411911358915,-8.454424497705228,-18.239107460421778,-11.105751791370976,5.415983599948556,14.319280326407062
Random144
Raw:-10.928602195962139,-18.680682733327473,-8.139123687966125,10.482248647770282,-11.772411911358907,-8.45442449770523,-18.23910746042177,-11.105751791370977,5.415983599948562,14.319280326407055
EFT:-10.92860219596214,-18.68068273332747,-8.139123687966121,10.482248647770284,-11.772411911358915,-8.454424497705228,-18.239107460421778,-11.105751791370976,5.415983599948556,14.319280326407062
Random145
Raw:-10.928602195962139,-18.680682733327465,-8.139123687966125,10.482248647770279,-11.772411911358905,-8.45442449770523,-18.239107460421778,-11.105751791370967,5.4159835999485555,14.319280326407064
EFT:-10.928602195962139,-18.68068273332747,-8.139123687966121,10.482248647770284,-11.772411911358915,-8.454424497705228,-18.239107460421778,-11.105751791370976,5.415983599948556,14.319280326407064
Random146
Raw:-10.928602195962133,-18.680682733327462,-8.139123687966123,10.482248647770284,-11.77241191135891,-8.454424497705231,-18.239107460421778,-11.105751791370976,5.415983599948554,14.319280326407062
EFT:-10.92860219596214,-18.68068273332747,-8.139123687966121,10.482248647770284,-11.772411911358915,-8.454424497705228,-18.239107460421778,-11.105751791370976,5.415983599948556,14.319280326407062
Random147
Raw:-10.928602195962142,-18.680682733327462,-8.139123687966123,10.482248647770287,-11.772411911358914,-8.45442449770523,-18.23910746042178,-11.105751791370981,5.415983599948559,14.319280326407062
EFT:-10.928602195962139,-18.68068273332747,-8.139123687966121,10.482248647770284,-11.772411911358915,-8.454424497705228,-18.239107460421778,-11.105751791370976,5.415983599948556,14.319280326407064
Random148
Raw:-10.92860219596214,-18.680682733327476,-8.139123687966128,10.482248647770295,-11.772411911358912,-8.454424497705226,-18.23910746042178,-11.105751791370981,5.4159835999485555,14.319280326407059
EFT:-10.92860219596214,-18.68068273332747,-8.139123687966121,10.482248647770284,-11.772411911358915,-8.45442449770523,-18.239107460421778,-11.105751791370976,5.415983599948556,14.319280326407062
Random149
Raw:-10.92860219596214,-18.680682733327473,-8.139123687966125,10.482248647770286,-11.772411911358912,-8.454424497705238,-18.23910746042178,-11.105751791370983,5.415983599948558,14.319280326407066
EFT:-10.92860219596214,-18.68068273332747,-8.139123687966121,10.482248647770284,-11.772411911358915,-8.45442449770523,-18.239107460421778,-11.105751791370976,5.415983599948556,14.319280326407062
Random150
Raw:-10.928602195962137,-18.680682733327473,-8.139123687966121,10.482248647770284,-11.772411911358908,-8.45442449770522,-18.239107460421785,-11.105751791370972,5.415983599948554,14.319280326407064
EFT:-10.92860219596214,-18.68068273332747,-8.139123687966121,10.482248647770284,-11.772411911358915,-8.454424497705228,-18.239107460421778,-11.105751791370976,5.415983599948556,14.319280326407062
Random151
Raw:-10.92860219596214,-18.680682733327476,-8.139123687966128,10.48224864777029,-11.772411911358912,-8.45442449770523,-18.239107460421785,-11.105751791370981,5.415983599948563,14.319280326407068
EFT:-10.928602195962139,-18.68068273332747,-8.139123687966121,10.482248647770284,-11.772411911358915,-8.454424497705228,-18.239107460421778,-11.105751791370976,5.415983599948556,14.319280326407064
Random152
Raw:-10.928602195962142,-18.680682733327462,-8.139123687966123,10.482248647770284,-11.77241191135891,-8.454424497705226,-18.239107460421778,-11.105751791370972,5.415983599948558,14.319280326407059
EFT:-10.92860219596214,-18.68068273332747,-8.139123687966121,10.482248647770284,-11.772411911358915,-8.454424497705228,-18.239107460421778,-11.105751791370976,5.415983599948556,14.319280326407062
Random153
Raw:-10.928602195962139,-18.68068273332747,-8.139123687966128,10.482248647770286,-11.772411911358907,-8.45442449770523,-18.23910746042178,-11.10575179137098,5.415983599948567,14.319280326407066
EFT:-10.92860219596214,-18.68068273332747,-8.139123687966121,10.482248647770284,-11.772411911358915,-8.454424497705228,-18.239107460421778,-11.105751791370976,5.415983599948556,14.319280326407062
Random154
Raw:-10.928602195962139,-18.680682733327465,-8.139123687966126,10.482248647770277,-11.77241191135891,-8.45442449770523,-18.239107460421778,-11.105751791370976,5.415983599948561,14.319280326407064
EFT:-10.928602195962139,-18.68068273332747,-8.139123687966121,10.482248647770284,-11.772411911358915,-8.454424497705228,-18.239107460421778,-11.105751791370976,5.415983599948556,14.319280326407064
Random155
Raw:-10.928602195962133,-18.680682733327473,-8.139123687966128,10.482248647770271,-11.772411911358907,-8.45442449770522,-18.23910746042177,-11.10575179137097,5.415983599948558,14.319280326407062
EFT:-10.92860219596214,-18.68068273332747,-8.139123687966121,10.482248647770284,-11.772411911358915,-8.454424497705228,-18.239107460421778,-11.105751791370976,5.415983599948556,14.319280326407064
Random156
Raw:-10.928602195962135,-18.680682733327462,-8.139123687966123,10.482248647770279,-11.772411911358903,-8.454424497705224,-18.239107460421774,-11.105751791370977,5.415983599948561,14.319280326407059
EFT:-10.92860219596214,-18.68068273332747,-8.139123687966121,10.482248647770284,-11.772411911358915,-8.454424497705228,-18.239107460421778,-11.105751791370976,5.415983599948556,14.319280326407062
Random157
Raw:-10.928602195962137,-18.68068273332746,-8.139123687966132,10.482248647770286,-11.7724119113589,-8.454424497705235,-18.23910746042178,-11.10575179137098,5.415983599948568,14.319280326407062
EFT:-10.92860219596214,-18.68068273332747,-8.139123687966121,10.482248647770284,-11.772411911358915,-8.45442449770523,-18.239107460421778,-11.105751791370976,5.415983599948556,14.319280326407062
Random158
Raw:-10.92860219596214,-18.680682733327483,-8.13912368796613,10.48224864777029,-11.772411911358907,-8.454424497705226,-18.239107460421778,-11.105751791370974,5.4159835999485555,14.319280326407062
EFT:-10.928602195962139,-18.68068273332747,-8.139123687966121,10.482248647770284,-11.772411911358915,-8.454424497705228,-18.239107460421778,-11.105751791370976,5.415983599948556,14.319280326407064
Random159
Raw:-10.928602195962142,-18.680682733327473,-8.139123687966134,10.482248647770282,-11.772411911358898,-8.454424497705222,-18.239107460421774,-11.105751791370972,5.415983599948551,14.319280326407057
EFT:-10.92860219596214,-18.68068273332747,-8.139123687966121,10.482248647770284,-11.772411911358915,-8.454424497705228,-18.239107460421778,-11.105751791370976,5.415983599948556,14.319280326407064
Random160
Raw:-10.928602195962137,-18.68068273332747,-8.139123687966125,10.482248647770286,-11.77241191135891,-8.454424497705242,-18.239107460421774,-11.105751791370974,5.415983599948562,14.319280326407066
EFT:-10.92860219596214,-18.68068273332747,-8.139123687966121,10.482248647770284,-11.772411911358915,-8.454424497705228,-18.239107460421778,-11.105751791370976,5.415983599948556,14.319280326407064
Random161
Raw:-10.92860219596214,-18.680682733327473,-8.139123687966128,10.482248647770287,-11.772411911358908,-8.454424497705224,-18.23910746042178,-11.10575179137098,5.415983599948561,14.31928032640706
EFT:-10.928602195962139,-18.68068273332747,-8.139123687966121,10.482248647770284,-11.772411911358915,-8.454424497705228,-18.239107460421778,-11.105751791370976,5.415983599948556,14.319280326407064
Random162
Raw:-10.928602195962139,-18.68068273332747,-8.13912368796613,10.482248647770284,-11.772411911358914,-8.454424497705226,-18.239107460421778,-11.105751791370977,5.415983599948563,14.319280326407064
EFT:-10.928602195962139,-18.68068273332747,-8.139123687966121,10.482248647770284,-11.772411911358915,-8.454424497705228,-18.239107460421778,-11.105751791370976,5.415983599948556,14.319280326407064
Random163
Raw:-10.928602195962135,-18.680682733327462,-8.139123687966123,10.482248647770279,-11.772411911358912,-8.454424497705222,-18.23910746042178,-11.105751791370976,5.415983599948563,14.31928032640706
EFT:-10.928602195962139,-18.68068273332747,-8.139123687966121,10.482248647770284,-11.772411911358915,-8.454424497705228,-18.239107460421778,-11.105751791370976,5.415983599948556,14.319280326407064
Random164
Raw:-10.928602195962137,-18.680682733327462,-8.139123687966125,10.482248647770286,-11.77241191135891,-8.454424497705231,-18.23910746042179,-11.105751791370977,5.415983599948559,14.319280326407066
EFT:-10.92860219596214,-18.68068273332747,-8.139123687966121,10.482248647770284,-11.772411911358915,-8.454424497705228,-18.239107460421778,-11.105751791370976,5.415983599948556,14.319280326407062
Random165
Raw:-10.928602195962139,-18.680682733327473,-8.139123687966121,10.482248647770284,-11.77241191135892,-8.45442449770523,-18.239107460421778,-11.105751791370974,5.415983599948554,14.31928032640706
EFT:-10.92860219596214,-18.68068273332747,-8.139123687966121,10.482248647770284,-11.772411911358915,-8.454424497705228,-18.239107460421778,-11.105751791370976,5.415983599948556,14.319280326407062
Random166
Raw:-10.928602195962144,-18.680682733327473,-8.139123687966125,10.48224864777029,-11.772411911358926,-8.454424497705226,-18.239107460421778,-11.10575179137098,5.4159835999485555,14.319280326407057
EFT:-10.92860219596214,-18.68068273332747,-8.139123687966121,10.482248647770284,-11.772411911358915,-8.454424497705228,-18.239107460421778,-11.105751791370976,5.415983599948556,14.319280326407062
Random167
Raw:-10.92860219596214,-18.68068273332747,-8.139123687966126,10.48224864777028,-11.772411911358908,-8.454424497705226,-18.239107460421774,-11.105751791370972,5.415983599948556,14.319280326407062
EFT:-10.92860219596214,-18.68068273332747,-8.139123687966121,10.482248647770284,-11.772411911358915,-8.454424497705228,-18.239107460421778,-11.105751791370976,5.415983599948556,14.319280326407062
Random168
Raw:-10.928602195962135,-18.680682733327476,-8.139123687966116,10.482248647770287,-11.77241191135891,-8.454424497705226,-18.239107460421785,-11.105751791370977,5.4159835999485555,14.319280326407059
EFT:-10.92860219596214,-18.68068273332747,-8.139123687966121,10.482248647770284,-11.772411911358915,-8.454424497705228,-18.239107460421778,-11.105751791370976,5.415983599948556,14.319280326407062
Random169
Raw:-10.928602195962133,-18.680682733327462,-8.139123687966125,10.48224864777028,-11.772411911358914,-8.454424497705224,-18.239107460421778,-11.105751791370972,5.415983599948556,14.319280326407064
EFT:-10.928602195962139,-18.68068273332747,-8.139123687966121,10.482248647770284,-11.772411911358915,-8.454424497705228,-18.239107460421778,-11.105751791370976,5.415983599948556,14.319280326407064
Random170
Raw:-10.928602195962144,-18.68068273332747,-8.139123687966126,10.482248647770287,-11.772411911358914,-8.454424497705226,-18.239107460421785,-11.105751791370977,5.41598359994856,14.319280326407062
EFT:-10.928602195962139,-18.68068273332747,-8.139123687966121,10.482248647770284,-11.772411911358915,-8.454424497705228,-18.239107460421778,-11.105751791370976,5.415983599948556,14.319280326407064
Random171
Raw:-10.92860219596214,-18.68068273332747,-8.139123687966128,10.482248647770286,-11.772411911358915,-8.454424497705226,-18.23910746042178,-11.105751791370977,5.41598359994856,14.31928032640706
EFT:-10.928602195962139,-18.68068273332747,-8.139123687966121,10.482248647770284,-11.772411911358915,-8.454424497705228,-18.239107460421778,-11.105751791370976,5.415983599948556,14.319280326407064
Random172
Raw:-10.928602195962139,-18.680682733327465,-8.139123687966128,10.48224864777028,-11.772411911358907,-8.454424497705233,-18.23910746042178,-11.105751791370974,5.415983599948561,14.319280326407062
EFT:-10.92860219596214,-18.68068273332747,-8.139123687966121,10.482248647770284,-11.772411911358915,-8.454424497705228,-18.239107460421778,-11.105751791370976,5.415983599948556,14.319280326407064
Random173
Raw:-10.92860219596214,-18.68068273332747,-8.139123687966123,10.482248647770286,-11.77241191135891,-8.454424497705222,-18.23910746042177,-11.105751791370976,5.415983599948561,14.319280326407059
EFT:-10.92860219596214,-18.68068273332747,-8.139123687966121,10.482248647770284,-11.772411911358915,-8.454424497705228,-18.239107460421778,-11.105751791370976,5.415983599948556,14.319280326407062
Random174
Raw:-10.928602195962139,-18.680682733327465,-8.139123687966121,10.482248647770279,-11.772411911358917,-8.45442449770523,-18.239107460421774,-11.105751791370972,5.4159835999485635,14.319280326407055
EFT:-10.92860219596214,-18.68068273332747,-8.139123687966121,10.482248647770284,-11.772411911358915,-8.454424497705228,-18.239107460421778,-11.105751791370976,5.415983599948556,14.319280326407064
Random175
Raw:-10.928602195962137,-18.68068273332747,-8.139123687966132,10.48224864777029,-11.772411911358907,-8.454424497705233,-18.23910746042177,-11.10575179137098,5.415983599948561,14.319280326407057
EFT:-10.92860219596214,-18.68068273332747,-8.139123687966121,10.482248647770284,-11.772411911358915,-8.454424497705228,-18.239107460421778,-11.105751791370976,5.415983599948556,14.319280326407062
Random176
Raw:-10.928602195962137,-18.680682733327473,-8.139123687966121,10.482248647770284,-11.772411911358917,-8.454424497705224,-18.239107460421792,-11.105751791370974,5.415983599948556,14.319280326407066
EFT:-10.92860219596214,-18.68068273332747,-8.139123687966121,10.482248647770284,-11.772411911358915,-8.454424497705228,-18.239107460421778,-11.105751791370976,5.415983599948556,14.319280326407062
Random177
Raw:-10.928602195962142,-18.680682733327473,-8.139123687966125,10.482248647770282,-11.772411911358914,-8.45442449770523,-18.23910746042177,-11.10575179137098,5.415983599948562,14.31928032640706
EFT:-10.928602195962139,-18.68068273332747,-8.139123687966121,10.482248647770284,-11.772411911358915,-8.454424497705228,-18.239107460421778,-11.105751791370976,5.415983599948556,14.319280326407064
Random178
Raw:-10.92860219596214,-18.68068273332747,-8.139123687966126,10.482248647770287,-11.772411911358912,-8.454424497705226,-18.239107460421774,-11.105751791370976,5.415983599948561,14.319280326407062
EFT:-10.92860219596214,-18.68068273332747,-8.139123687966121,10.482248647770284,-11.772411911358915,-8.454424497705228,-18.239107460421778,-11.105751791370976,5.415983599948556,14.319280326407062
Random179
Raw:-10.928602195962139,-18.680682733327473,-8.139123687966121,10.482248647770287,-11.772411911358919,-8.454424497705235,-18.239107460421785,-11.105751791370972,5.415983599948557,14.319280326407059
EFT:-10.92860219596214,-18.68068273332747,-8.139123687966121,10.482248647770284,-11.772411911358915,-8.454424497705228,-18.239107460421778,-11.105751791370976,5.415983599948556,14.319280326407062
Random180
Raw:-10.928602195962133,-18.68068273332747,-8.139123687966121,10.482248647770284,-11.772411911358907,-8.454424497705235,-18.239107460421778,-11.105751791370977,5.415983599948565,14.319280326407062
EFT:-10.92860219596214,-18.68068273332747,-8.139123687966121,10.482248647770284,-11.772411911358915,-8.454424497705228,-18.239107460421778,-11.105751791370976,5.415983599948556,14.319280326407062
Random181
Raw:-10.92860219596215,-18.68068273332747,-8.139123687966128,10.482248647770293,-11.772411911358914,-8.45442449770523,-18.23910746042178,-11.105751791370974,5.415983599948556,14.319280326407052
EFT:-10.928602195962139,-18.68068273332747,-8.139123687966121,10.482248647770284,-11.772411911358915,-8.454424497705228,-18.239107460421778,-11.105751791370976,5.415983599948556,14.319280326407064
Random182
Raw:-10.928602195962137,-18.68068273332747,-8.139123687966125,10.482248647770286,-11.772411911358915,-8.45442449770523,-18.239107460421778,-11.105751791370974,5.415983599948561,14.319280326407066
EFT:-10.92860219596214,-18.68068273332747,-8.139123687966121,10.482248647770284,-11.772411911358915,-8.454424497705228,-18.239107460421778,-11.105751791370976,5.415983599948556,14.319280326407062
Random183
Raw:-10.928602195962139,-18.68068273332747,-8.139123687966125,10.482248647770282,-11.772411911358919,-8.454424497705226,-18.239107460421778,-11.105751791370977,5.415983599948556,14.319280326407066
EFT:-10.92860219596214,-18.68068273332747,-8.139123687966121,10.482248647770284,-11.772411911358915,-8.45442449770523,-18.239107460421778,-11.105751791370976,5.415983599948556,14.319280326407062
Random184
Raw:-10.928602195962137,-18.680682733327476,-8.139123687966121,10.482248647770279,-11.772411911358917,-8.45442449770523,-18.23910746042178,-11.105751791370977,5.415983599948561,14.319280326407062
EFT:-10.92860219596214,-18.68068273332747,-8.139123687966121,10.482248647770284,-11.772411911358915,-8.454424497705228,-18.239107460421778,-11.105751791370976,5.415983599948556,14.319280326407062
Random185
Raw:-10.928602195962137,-18.680682733327465,-8.139123687966128,10.482248647770279,-11.772411911358914,-8.454424497705226,-18.23910746042177,-11.105751791370972,5.415983599948558,14.319280326407059
EFT:-10.92860219596214,-18.68068273332747,-8.139123687966121,10.482248647770284,-11.772411911358915,-8.454424497705228,-18.239107460421778,-11.105751791370976,5.415983599948556,14.319280326407064
Random186
Raw:-10.92860219596214,-18.680682733327465,-8.139123687966128,10.48224864777029,-11.772411911358914,-8.454424497705231,-18.239107460421767,-11.105751791370977,5.415983599948556,14.319280326407053
EFT:-10.928602195962139,-18.68068273332747,-8.139123687966121,10.482248647770284,-11.772411911358915,-8.454424497705228,-18.239107460421778,-11.105751791370976,5.415983599948556,14.319280326407064
Random187
Raw:-10.928602195962139,-18.680682733327465,-8.139123687966123,10.482248647770282,-11.772411911358914,-8.454424497705228,-18.23910746042178,-11.105751791370977,5.415983599948556,14.319280326407059
EFT:-10.92860219596214,-18.68068273332747,-8.139123687966121,10.482248647770284,-11.772411911358915,-8.454424497705228,-18.239107460421778,-11.105751791370976,5.415983599948556,14.319280326407062
Random188
Raw:-10.928602195962139,-18.68068273332747,-8.139123687966128,10.482248647770286,-11.772411911358914,-8.454424497705222,-18.239107460421785,-11.105751791370974,5.415983599948558,14.319280326407064
EFT:-10.92860219596214,-18.68068273332747,-8.139123687966121,10.482248647770284,-11.772411911358915,-8.454424497705228,-18.239107460421778,-11.105751791370976,5.415983599948556,14.319280326407062
Random189
Raw:-10.928602195962144,-18.680682733327473,-8.139123687966126,10.482248647770286,-11.772411911358914,-8.454424497705228,-18.239107460421778,-11.105751791370968,5.415983599948554,14.319280326407062
EFT:-10.92860219596214,-18.68068273332747,-8.139123687966121,10.482248647770284,-11.772411911358915,-8.454424497705228,-18.239107460421778,-11.105751791370976,5.415983599948556,14.319280326407064
Random190
Raw:-10.928602195962139,-18.680682733327476,-8.139123687966123,10.482248647770282,-11.772411911358923,-8.454424497705224,-18.23910746042177,-11.10575179137098,5.415983599948559,14.319280326407059
EFT:-10.928602195962139,-18.68068273332747,-8.139123687966121,10.482248647770284,-11.772411911358915,-8.454424497705228,-18.239107460421778,-11.105751791370976,5.415983599948556,14.319280326407064
Random191
Raw:-10.928602195962133,-18.68068273332747,-8.139123687966125,10.482248647770287,-11.772411911358912,-8.454424497705235,-18.239107460421785,-11.105751791370974,5.415983599948559,14.319280326407062
EFT:-10.92860219596214,-18.68068273332747,-8.139123687966121,10.482248647770284,-11.772411911358915,-8.454424497705228,-18.239107460421778,-11.105751791370976,5.415983599948556,14.319280326407064
Random192
Raw:-10.928602195962139,-18.68068273332747,-8.139123687966121,10.482248647770286,-11.772411911358915,-8.454424497705235,-18.239107460421778,-11.10575179137097,5.415983599948554,14.319280326407064
EFT:-10.928602195962139,-18.68068273332747,-8.139123687966121,10.482248647770284,-11.772411911358915,-8.454424497705228,-18.239107460421778,-11.105751791370976,5.415983599948556,14.319280326407064
Random193
Raw:-10.928602195962139,-18.68068273332747,-8.139123687966125,10.482248647770282,-11.77241191135892,-8.45442449770523,-18.239107460421778,-11.10575179137098,5.415983599948559,14.319280326407059
EFT:-10.928602195962139,-18.68068273332747,-8.139123687966121,10.482248647770284,-11.772411911358915,-8.454424497705228,-18.239107460421778,-11.105751791370976,5.415983599948556,14.319280326407064
Random194
Raw:-10.928602195962146,-18.68068273332747,-8.13912368796613,10.482248647770293,-11.772411911358901,-8.454424497705226,-18.239107460421774,-11.105751791370981,5.415983599948561,14.31928032640706
EFT:-10.928602195962139,-18.68068273332747,-8.139123687966123,10.482248647770284,-11.772411911358915,-8.454424497705228,-18.239107460421778,-11.105751791370976,5.415983599948556,14.319280326407064
Random195
Raw:-10.928602195962135,-18.68068273332747,-8.139123687966128,10.482248647770279,-11.772411911358914,-8.45442449770522,-18.239107460421767,-11.105751791370972,5.415983599948552,14.319280326407057
EFT:-10.92860219596214,-18.68068273332747,-8.139123687966121,10.482248647770284,-11.772411911358915,-8.454424497705228,-18.239107460421778,-11.105751791370976,5.415983599948556,14.319280326407062
Random196
Raw:-10.928602195962139,-18.68068273332747,-8.139123687966126,10.482248647770286,-11.77241191135891,-8.454424497705237,-18.23910746042179,-11.105751791370977,5.415983599948564,14.319280326407066
EFT:-10.92860219596214,-18.68068273332747,-8.139123687966121,10.482248647770284,-11.772411911358915,-8.454424497705228,-18.239107460421778,-11.105751791370976,5.415983599948556,14.319280326407062
Random197
Raw:-10.928602195962132,-18.68068273332747,-8.139123687966123,10.482248647770279,-11.77241191135892,-8.454424497705228,-18.239107460421778,-11.10575179137098,5.415983599948554,14.31928032640706
EFT:-10.928602195962139,-18.68068273332747,-8.139123687966121,10.482248647770284,-11.772411911358915,-8.454424497705228,-18.239107460421778,-11.105751791370976,5.415983599948556,14.319280326407064
Random198
Raw:-10.928602195962132,-18.680682733327473,-8.139123687966126,10.48224864777028,-11.772411911358915,-8.454424497705226,-18.23910746042177,-11.105751791370977,5.415983599948565,14.319280326407059
EFT:-10.92860219596214,-18.68068273332747,-8.139123687966121,10.482248647770284,-11.772411911358915,-8.454424497705228,-18.239107460421778,-11.105751791370976,5.415983599948556,14.319280326407062
Random199
Raw:-10.928602195962135,-18.680682733327465,-8.139123687966123,10.482248647770284,-11.772411911358919,-8.454424497705222,-18.239107460421778,-11.105751791370977,5.415983599948555,14.319280326407059
EFT:-10.928602195962139,-18.68068273332747,-8.139123687966121,10.482248647770284,-11.772411911358915,-8.454424497705228,-18.239107460421778,-11.105751791370976,5.415983599948556,14.319280326407064
Random200
Raw:-10.928602195962137,-18.68068273332747,-8.139123687966125,10.482248647770284,-11.772411911358908,-8.454424497705226,-18.239107460421774,-11.10575179137097,5.415983599948552,14.319280326407057
EFT:-10.92860219596214,-18.68068273332747,-8.139123687966121,10.482248647770284,-11.772411911358915,-8.454424497705228,-18.239107460421778,-11.105751791370976,5.415983599948556,14.319280326407062
Random201
Raw:-10.928602195962137,-18.680682733327483,-8.13912368796613,10.482248647770284,-11.772411911358914,-8.454424497705228,-18.239107460421778,-11.105751791370977,5.415983599948558,14.319280326407064
EFT:-10.92860219596214,-18.68068273332747,-8.139123687966121,10.482248647770284,-11.772411911358915,-8.454424497705228,-18.239107460421778,-11.105751791370976,5.415983599948556,14.319280326407062
Random202
Raw:-10.928602195962139,-18.68068273332747,-8.139123687966125,10.482248647770287,-11.77241191135892,-8.45442449770522,-18.23910746042179,-11.105751791370977,5.415983599948545,14.319280326407062
EFT:-10.92860219596214,-18.68068273332747,-8.139123687966121,10.482248647770284,-11.772411911358915,-8.454424497705228,-18.239107460421778,-11.105751791370976,5.415983599948556,14.319280326407062
Random203
Raw:-10.928602195962144,-18.68068273332747,-8.13912368796613,10.482248647770282,-11.772411911358908,-8.454424497705222,-18.239107460421778,-11.105751791370974,5.415983599948557,14.319280326407068
EFT:-10.92860219596214,-18.68068273332747,-8.139123687966121,10.482248647770284,-11.772411911358915,-8.454424497705228,-18.239107460421778,-11.105751791370976,5.415983599948556,14.319280326407062
Random204
Raw:-10.92860219596214,-18.680682733327473,-8.139123687966125,10.48224864777028,-11.772411911358908,-8.45442449770523,-18.23910746042178,-11.10575179137097,5.41598359994856,14.319280326407062
EFT:-10.92860219596214,-18.68068273332747,-8.139123687966121,10.482248647770284,-11.772411911358915,-8.454424497705228,-18.239107460421778,-11.105751791370976,5.415983599948556,14.319280326407062
Random205
Raw:-10.92860219596214,-18.680682733327473,-8.139123687966121,10.482248647770286,-11.772411911358914,-8.454424497705226,-18.239107460421778,-11.10575179137098,5.41598359994856,14.319280326407064
EFT:-10.928602195962139,-18.68068273332747,-8.139123687966121,10.482248647770284,-11.772411911358915,-8.454424497705228,-18.239107460421778,-11.105751791370976,5.415983599948556,14.319280326407064
Random206
Raw:-10.928602195962139,-18.680682733327465,-8.139123687966125,10.482248647770284,-11.772411911358917,-8.45442449770523,-18.239107460421792,-11.105751791370972,5.415983599948556,14.319280326407066
EFT:-10.92860219596214,-18.68068273332747,-8.139123687966121,10.482248647770284,-11.772411911358915,-8.454424497705228,-18.239107460421778,-11.105751791370976,5.415983599948556,14.319280326407062
Random207
Raw:-10.928602195962139,-18.680682733327476,-8.139123687966126,10.482248647770293,-11.772411911358919,-8.454424497705228,-18.23910746042178,-11.105751791370977,5.415983599948552,14.319280326407068
EFT:-10.92860219596214,-18.68068273332747,-8.139123687966121,10.482248647770284,-11.772411911358915,-8.45442449770523,-18.239107460421778,-11.105751791370976,5.415983599948556,14.319280326407062
Random208
Raw:-10.92860219596214,-18.68068273332748,-8.139123687966132,10.48224864777029,-11.7724119113589,-8.454424497705231,-18.239107460421778,-11.105751791370972,5.415983599948564,14.31928032640706
EFT:-10.92860219596214,-18.68068273332747,-8.139123687966121,10.482248647770284,-11.772411911358915,-8.454424497705228,-18.239107460421778,-11.105751791370976,5.415983599948556,14.319280326407062
Random209
Raw:-10.928602195962135,-18.680682733327473,-8.13912368796612,10.48224864777029,-11.772411911358924,-8.45442449770523,-18.23910746042178,-11.10575179137098,5.415983599948559,14.31928032640706
EFT:-10.928602195962139,-18.68068273332747,-8.139123687966123,10.482248647770284,-11.772411911358915,-8.454424497705228,-18.239107460421778,-11.105751791370976,5.415983599948556,14.319280326407064
Random210
Raw:-10.92860219596214,-18.68068273332747,-8.139123687966125,10.482248647770282,-11.772411911358907,-8.454424497705228,-18.23910746042178,-11.105751791370968,5.4159835999485555,14.31928032640706
EFT:-10.92860219596214,-18.68068273332747,-8.139123687966121,10.482248647770284,-11.772411911358915,-8.45442449770523,-18.239107460421778,-11.105751791370976,5.415983599948556,14.319280326407062
Random211
Raw:-10.928602195962139,-18.680682733327473,-8.139123687966125,10.482248647770282,-11.772411911358917,-8.454424497705226,-18.239107460421778,-11.105751791370977,5.415983599948563,14.319280326407059
EFT:-10.92860219596214,-18.68068273332747,-8.139123687966121,10.482248647770284,-11.772411911358915,-8.454424497705228,-18.239107460421778,-11.105751791370976,5.415983599948556,14.319280326407062
Random212
Raw:-10.928602195962137,-18.680682733327465,-8.139123687966125,10.482248647770287,-11.772411911358914,-8.45442449770522,-18.239107460421774,-11.10575179137098,5.415983599948553,14.31928032640706
EFT:-10.92860219596214,-18.68068273332747,-8.139123687966121,10.482248647770284,-11.772411911358915,-8.454424497705228,-18.239107460421778,-11.105751791370976,5.415983599948556,14.319280326407064
Random213
Raw:-10.928602195962146,-18.68068273332747,-8.139123687966125,10.482248647770284,-11.772411911358915,-8.454424497705228,-18.239107460421778,-11.105751791370972,5.415983599948554,14.31928032640706
EFT:-10.92860219596214,-18.68068273332747,-8.139123687966121,10.482248647770284,-11.772411911358915,-8.454424497705228,-18.239107460421778,-11.105751791370976,5.415983599948556,14.319280326407064
Random214
Raw:-10.928602195962142,-18.680682733327465,-8.139123687966126,10.482248647770286,-11.77241191135892,-8.454424497705233,-18.23910746042177,-11.105751791370974,5.415983599948561,14.319280326407059
EFT:-10.92860219596214,-18.68068273332747,-8.139123687966121,10.482248647770284,-11.772411911358915,-8.454424497705228,-18.239107460421778,-11.105751791370976,5.415983599948556,14.319280326407062
Random215
Raw:-10.928602195962135,-18.68068273332747,-8.139123687966123,10.482248647770284,-11.772411911358914,-8.454424497705228,-18.239107460421774,-11.10575179137098,5.415983599948559,14.31928032640706
EFT:-10.92860219596214,-18.68068273332747,-8.139123687966121,10.482248647770284,-11.772411911358915,-8.454424497705228,-18.239107460421778,-11.105751791370976,5.415983599948556,14.319280326407064
Random216
Raw:-10.928602195962137,-18.68068273332747,-8.13912368796612,10.482248647770282,-11.772411911358912,-8.454424497705222,-18.23910746042177,-11.105751791370976,5.415983599948563,14.31928032640706
EFT:-10.92860219596214,-18.68068273332747,-8.139123687966121,10.482248647770284,-11.772411911358915,-8.454424497705228,-18.239107460421778,-11.105751791370976,5.415983599948556,14.319280326407062
Random217
Raw:-10.92860219596214,-18.680682733327476,-8.139123687966125,10.482248647770287,-11.772411911358917,-8.454424497705224,-18.239107460421778,-11.105751791370977,5.415983599948558,14.319280326407062
EFT:-10.928602195962139,-18.68068273332747,-8.139123687966121,10.482248647770284,-11.772411911358915,-8.454424497705228,-18.239107460421778,-11.105751791370976,5.415983599948556,14.319280326407064
Random218
Raw:-10.928602195962148,-18.680682733327462,-8.13912368796612,10.482248647770284,-11.772411911358919,-8.454424497705233,-18.239107460421778,-11.105751791370965,5.415983599948551,14.319280326407062
EFT:-10.92860219596214,-18.68068273332747,-8.139123687966121,10.482248647770284,-11.772411911358915,-8.454424497705228,-18.239107460421778,-11.105751791370976,5.415983599948556,14.319280326407064
Random219
Raw:-10.928602195962135,-18.680682733327476,-8.139123687966125,10.482248647770284,-11.772411911358908,-8.454424497705231,-18.239107460421774,-11.10575179137098,5.415983599948559,14.319280326407066
EFT:-10.92860219596214,-18.68068273332747,-8.139123687966121,10.482248647770284,-11.772411911358915,-8.454424497705228,-18.239107460421778,-11.105751791370976,5.415983599948556,14.319280326407062
Random220
Raw:-10.928602195962139,-18.680682733327465,-8.139123687966126,10.48224864777028,-11.77241191135891,-8.45442449770523,-18.23910746042177,-11.105751791370976,5.415983599948561,14.31928032640706
EFT:-10.92860219596214,-18.68068273332747,-8.139123687966121,10.482248647770284,-11.772411911358915,-8.454424497705228,-18.239107460421778,-11.105751791370976,5.415983599948556,14.319280326407062
Random221
Raw:-10.92860219596214,-18.680682733327473,-8.139123687966125,10.482248647770282,-11.772411911358912,-8.454424497705228,-18.23910746042178,-11.105751791370976,5.415983599948559,14.31928032640706
EFT:-10.92860219596214,-18.68068273332747,-8.139123687966121,10.482248647770284,-11.772411911358915,-8.454424497705228,-18.239107460421778,-11.105751791370976,5.415983599948556,14.319280326407064
Random222
Raw:-10.928602195962135,-18.68068273332746,-8.139123687966126,10.482248647770282,-11.77241191135891,-8.454424497705226,-18.239107460421778,-11.105751791370976,5.415983599948558,14.319280326407057
EFT:-10.92860219596214,-18.68068273332747,-8.139123687966121,10.482248647770284,-11.772411911358915,-8.454424497705228,-18.239107460421778,-11.105751791370976,5.415983599948556,14.319280326407064
Random223
Raw:-10.928602195962139,-18.680682733327473,-8.139123687966125,10.482248647770286,-11.772411911358914,-8.454424497705226,-18.23910746042177,-11.105751791370981,5.415983599948556,14.319280326407068
EFT:-10.92860219596214,-18.68068273332747,-8.139123687966121,10.482248647770284,-11.772411911358915,-8.454424497705228,-18.239107460421778,-11.105751791370976,5.415983599948556,14.319280326407062
Random224
Raw:-10.928602195962137,-18.680682733327462,-8.13912368796612,10.482248647770279,-11.772411911358914,-8.454424497705226,-18.239107460421785,-11.105751791370967,5.415983599948554,14.319280326407059
EFT:-10.92860219596214,-18.68068273332747,-8.139123687966121,10.482248647770284,-11.772411911358915,-8.454424497705228,-18.239107460421778,-11.105751791370976,5.415983599948556,14.319280326407062
Random225
Raw:-10.928602195962139,-18.68068273332747,-8.139123687966128,10.482248647770291,-11.772411911358917,-8.454424497705226,-18.239107460421785,-11.10575179137098,5.415983599948561,14.319280326407062
EFT:-10.92860219596214,-18.68068273332747,-8.139123687966121,10.482248647770284,-11.772411911358915,-8.454424497705228,-18.239107460421778,-11.105751791370976,5.415983599948556,14.319280326407062
Random226
Raw:-10.92860219596214,-18.680682733327455,-8.139123687966125,10.48224864777028,-11.77241191135891,-8.454424497705226,-18.23910746042177,-11.105751791370972,5.415983599948557,14.319280326407064
EFT:-10.92860219596214,-18.68068273332747,-8.139123687966121,10.482248647770284,-11.772411911358915,-8.454424497705228,-18.239107460421778,-11.105751791370976,5.415983599948556,14.319280326407062
Random227
Raw:-10.928602195962146,-18.680682733327465,-8.139123687966126,10.482248647770279,-11.772411911358915,-8.454424497705226,-18.239107460421774,-11.105751791370974,5.415983599948561,14.319280326407062
EFT:-10.928602195962139,-18.68068273332747,-8.139123687966123,10.482248647770284,-11.772411911358915,-8.454424497705228,-18.239107460421778,-11.105751791370976,5.415983599948556,14.319280326407064
Random228
Raw:-10.928602195962137,-18.680682733327473,-8.13912368796613,10.48224864777029,-11.772411911358914,-8.454424497705224,-18.239107460421778,-11.105751791370981,5.4159835999485635,14.31928032640706
EFT:-10.92860219596214,-18.68068273332747,-8.139123687966121,10.482248647770284,-11.772411911358915,-8.454424497705228,-18.239107460421778,-11.105751791370976,5.415983599948556,14.319280326407062
Random229
Raw:-10.928602195962142,-18.680682733327473,-8.13912368796612,10.482248647770287,-11.772411911358919,-8.454424497705233,-18.23910746042178,-11.105751791370977,5.415983599948564,14.319280326407064
EFT:-10.92860219596214,-18.68068273332747,-8.139123687966121,10.482248647770284,-11.772411911358915,-8.454424497705228,-18.239107460421778,-11.105751791370976,5.415983599948556,14.319280326407064
Random230
Raw:-10.928602195962144,-18.680682733327476,-8.139123687966121,10.482248647770284,-11.772411911358923,-8.454424497705224,-18.23910746042178,-11.105751791370972,5.41598359994855,14.319280326407062
EFT:-10.92860219596214,-18.68068273332747,-8.139123687966121,10.482248647770284,-11.772411911358915,-8.454424497705228,-18.239107460421778,-11.105751791370976,5.415983599948556,14.319280326407062
Random231
Raw:-10.92860219596214,-18.680682733327462,-8.139123687966126,10.482248647770284,-11.772411911358914,-8.454424497705222,-18.23910746042178,-11.105751791370968,5.415983599948554,14.319280326407059
EFT:-10.92860219596214,-18.68068273332747,-8.139123687966121,10.482248647770284,-11.772411911358915,-8.454424497705228,-18.239107460421778,-11.105751791370976,5.415983599948556,14.319280326407062
Random232
Raw:-10.92860219596214,-18.68068273332747,-8.139123687966126,10.482248647770284,-11.772411911358908,-8.454424497705226,-18.23910746042179,-11.105751791370974,5.415983599948557,14.319280326407059
EFT:-10.928602195962139,-18.68068273332747,-8.139123687966121,10.482248647770284,-11.772411911358915,-8.454424497705228,-18.239107460421778,-11.105751791370976,5.415983599948556,14.319280326407064
Random233
Raw:-10.92860219596214,-18.68068273332747,-8.13912368796613,10.482248647770284,-11.772411911358903,-8.45442449770523,-18.239107460421774,-11.105751791370976,5.415983599948559,14.319280326407066
EFT:-10.928602195962139,-18.68068273332747,-8.139123687966121,10.482248647770284,-11.772411911358915,-8.454424497705228,-18.239107460421778,-11.105751791370976,5.415983599948556,14.319280326407064
Random234
Raw:-10.92860219596214,-18.680682733327465,-8.13912368796612,10.48224864777029,-11.772411911358912,-8.454424497705233,-18.23910746042178,-11.105751791370976,5.415983599948559,14.319280326407057
EFT:-10.92860219596214,-18.68068273332747,-8.139123687966121,10.482248647770284,-11.772411911358915,-8.454424497705228,-18.239107460421778,-11.105751791370976,5.415983599948556,14.319280326407064
Random235
Raw:-10.928602195962139,-18.680682733327473,-8.13912368796613,10.482248647770291,-11.772411911358905,-8.454424497705235,-18.239107460421792,-11.105751791370972,5.415983599948561,14.31928032640707
EFT:-10.92860219596214,-18.68068273332747,-8.139123687966121,10.482248647770284,-11.772411911358915,-8.454424497705228,-18.239107460421778,-11.105751791370976,5.415983599948556,14.319280326407064
Random236
Raw:-10.92860219596214,-18.680682733327483,-8.139123687966126,10.482248647770282,-11.772411911358905,-8.45442449770522,-18.239107460421774,-11.10575179137098,5.415983599948557,14.319280326407062
EFT:-10.92860219596214,-18.68068273332747,-8.139123687966121,10.482248647770284,-11.772411911358915,-8.454424497705228,-18.239107460421778,-11.105751791370976,5.415983599948556,14.319280326407064
Random237
Raw:-10.928602195962135,-18.68068273332747,-8.139123687966126,10.482248647770282,-11.77241191135891,-8.454424497705224,-18.239107460421767,-11.105751791370972,5.4159835999485555,14.319280326407059
EFT:-10.928602195962139,-18.68068273332747,-8.139123687966121,10.482248647770284,-11.772411911358915,-8.454424497705228,-18.239107460421778,-11.105751791370976,5.415983599948556,14.319280326407064
Random238
Raw:-10.928602195962139,-18.68068273332747,-8.139123687966125,10.48224864777028,-11.772411911358908,-8.454424497705233,-18.239107460421778,-11.105751791370977,5.415983599948563,14.319280326407059
EFT:-10.928602195962139,-18.68068273332747,-8.139123687966121,10.482248647770284,-11.772411911358915,-8.454424497705228,-18.239107460421778,-11.105751791370976,5.415983599948556,14.319280326407064
Random239
Raw:-10.928602195962133,-18.680682733327465,-8.139123687966123,10.482248647770282,-11.772411911358914,-8.454424497705231,-18.23910746042178,-11.105751791370976,5.415983599948559,14.31928032640706
EFT:-10.92860219596214,-18.68068273332747,-8.139123687966121,10.482248647770284,-11.772411911358915,-8.454424497705228,-18.239107460421778,-11.105751791370976,5.415983599948556,14.319280326407062
Random240
Raw:-10.92860219596214,-18.680682733327483,-8.139123687966128,10.482248647770287,-11.772411911358914,-8.454424497705226,-18.239107460421774,-11.10575179137098,5.415983599948563,14.319280326407068
EFT:-10.92860219596214,-18.68068273332747,-8.139123687966121,10.482248647770284,-11.772411911358915,-8.454424497705228,-18.239107460421778,-11.105751791370976,5.415983599948556,14.319280326407064
Random241
Raw:-10.928602195962135,-18.680682733327473,-8.139123687966132,10.482248647770287,-11.772411911358907,-8.454424497705228,-18.23910746042178,-11.105751791370974,5.415983599948562,14.319280326407055
EFT:-10.92860219596214,-18.68068273332747,-8.139123687966121,10.482248647770284,-11.772411911358915,-8.454424497705228,-18.239107460421778,-11.105751791370976,5.415983599948556,14.319280326407062
Random242
Raw:-10.928602195962139,-18.68068273332746,-8.139123687966123,10.48224864777028,-11.772411911358912,-8.454424497705224,-18.239107460421778,-11.105751791370972,5.415983599948556,14.319280326407064
EFT:-10.928602195962139,-18.68068273332747,-8.139123687966123,10.482248647770284,-11.772411911358915,-8.454424497705228,-18.239107460421778,-11.105751791370976,5.415983599948556,14.319280326407064
Random243
Raw:-10.92860219596214,-18.68068273332748,-8.139123687966125,10.482248647770286,-11.772411911358917,-8.454424497705224,-18.23910746042177,-11.10575179137098,5.415983599948557,14.319280326407062
EFT:-10.92860219596214,-18.68068273332747,-8.139123687966121,10.482248647770284,-11.772411911358915,-8.45442449770523,-18.239107460421778,-11.105751791370976,5.415983599948556,14.319280326407062
Random244
Raw:-10.928602195962144,-18.68068273332747,-8.139123687966126,10.482248647770287,-11.772411911358908,-8.45442449770523,-18.239107460421778,-11.105751791370986,5.415983599948563,14.319280326407064
EFT:-10.928602195962139,-18.68068273332747,-8.139123687966121,10.482248647770284,-11.772411911358915,-8.454424497705228,-18.239107460421778,-11.105751791370976,5.415983599948556,14.319280326407064
Random245
Raw:-10.928602195962142,-18.680682733327476,-8.139123687966126,10.482248647770284,-11.77241191135891,-8.45442449770523,-18.23910746042178,-11.105751791370965,5.415983599948554,14.31928032640707
EFT:-10.92860219596214,-18.68068273332747,-8.139123687966121,10.482248647770284,-11.772411911358915,-8.45442449770523,-18.239107460421778,-11.105751791370976,5.415983599948556,14.319280326407062
Random246
Raw:-10.92860219596214,-18.680682733327465,-8.139123687966126,10.482248647770286,-11.772411911358908,-8.454424497705237,-18.23910746042177,-11.105751791370974,5.415983599948559,14.319280326407053
EFT:-10.92860219596214,-18.68068273332747,-8.139123687966121,10.482248647770284,-11.772411911358915,-8.454424497705228,-18.239107460421778,-11.105751791370976,5.415983599948556,14.319280326407062
Random247
Raw:-10.928602195962142,-18.68068273332747,-8.139123687966128,10.482248647770287,-11.772411911358919,-8.45442449770523,-18.239107460421778,-11.10575179137098,5.415983599948561,14.319280326407059
EFT:-10.92860219596214,-18.68068273332747,-8.139123687966121,10.482248647770284,-11.772411911358915,-8.454424497705228,-18.239107460421778,-11.105751791370976,5.415983599948556,14.319280326407062
Random248
Raw:-10.928602195962132,-18.680682733327465,-8.139123687966128,10.482248647770286,-11.772411911358912,-8.454424497705224,-18.239107460421774,-11.105751791370977,5.415983599948563,14.319280326407059
EFT:-10.92860219596214,-18.68068273332747,-8.139123687966121,10.482248647770284,-11.772411911358915,-8.454424497705228,-18.239107460421778,-11.105751791370976,5.415983599948556,14.319280326407062
Random249
Raw:-10.928602195962142,-18.68068273332747,-8.139123687966126,10.482248647770282,-11.77241191135891,-8.454424497705228,-18.239107460421778,-11.105751791370976,5.415983599948553,14.31928032640706
EFT:-10.92860219596214,-18.68068273332747,-8.139123687966121,10.482248647770284,-11.772411911358915,-8.454424497705228,-18.239107460421778,-11.105751791370976,5.415983599948556,14.319280326407062
Random250
Raw:-10.928602195962139,-18.680682733327473,-8.139123687966123,10.482248647770282,-11.772411911358907,-8.454424497705237,-18.23910746042177,-11.105751791370976,5.415983599948564,14.31928032640706
EFT:-10.928602195962139,-18.68068273332747,-8.139123687966123,10.482248647770284,-11.772411911358915,-8.454424497705228,-18.239107460421778,-11.105751791370976,5.415983599948556,14.319280326407064
Random251
Raw:-10.928602195962139,-18.68068273332747,-8.139123687966125,10.482248647770284,-11.772411911358908,-8.454424497705224,-18.239107460421778,-11.105751791370976,5.415983599948559,14.31928032640706
EFT:-10.92860219596214,-18.68068273332747,-8.139123687966121,10.482248647770284,-11.772411911358915,-8.454424497705228,-18.239107460421778,-11.105751791370976,5.415983599948556,14.319280326407064
Random252
Raw:-10.92860219596214,-18.68068273332747,-8.139123687966135,10.482248647770291,-11.772411911358914,-8.454424497705226,-18.23910746042178,-11.105751791370981,5.415983599948559,14.319280326407071
EFT:-10.92860219596214,-18.68068273332747,-8.139123687966121,10.482248647770284,-11.772411911358915,-8.454424497705228,-18.239107460421778,-11.105751791370976,5.415983599948556,14.319280326407064
Random253
Raw:-10.92860219596214,-18.68068273332747,-8.139123687966126,10.482248647770287,-11.772411911358912,-8.45442449770523,-18.239107460421792,-11.105751791370972,5.415983599948556,14.319280326407068
EFT:-10.928602195962139,-18.68068273332747,-8.139123687966123,10.482248647770284,-11.772411911358915,-8.454424497705228,-18.239107460421778,-11.105751791370976,5.415983599948556,14.319280326407064
Random254
Raw:-10.928602195962139,-18.680682733327487,-8.139123687966125,10.482248647770282,-11.772411911358912,-8.454424497705224,-18.23910746042177,-11.105751791370976,5.415983599948557,14.31928032640706
EFT:-10.92860219596214,-18.68068273332747,-8.139123687966121,10.482248647770284,-11.772411911358915,-8.454424497705228,-18.239107460421778,-11.105751791370976,5.415983599948556,14.319280326407062
Random255
Raw:-10.928602195962137,-18.680682733327473,-8.139123687966123,10.482248647770287,-11.772411911358914,-8.454424497705233,-18.239107460421774,-11.105751791370984,5.415983599948563,14.319280326407062
EFT:-10.928602195962139,-18.68068273332747,-8.139123687966121,10.482248647770284,-11.772411911358915,-8.454424497705228,-18.239107460421778,-11.105751791370976,5.415983599948556,14.319280326407064
Random256
Raw:-10.928602195962135,-18.68068273332747,-8.139123687966123,10.482248647770284,-11.772411911358912,-8.454424497705224,-18.23910746042178,-11.105751791370972,5.4159835999485555,14.319280326407059
EFT:-10.92860219596214,-18.68068273332747,-8.139123687966121,10.482248647770284,-11.772411911358915,-8.454424497705228,-18.239107460421778,-11.105751791370976,5.415983599948556,14.319280326407062
Random257
Raw:-10.928602195962135,-18.68068273332747,-8.139123687966123,10.482248647770295,-11.772411911358914,-8.454424497705231,-18.239107460421778,-11.105751791370977,5.415983599948561,14.319280326407059
EFT:-10.92860219596214,-18.68068273332747,-8.139123687966121,10.482248647770284,-11.772411911358915,-8.454424497705228,-18.239107460421778,-11.105751791370976,5.415983599948556,14.319280326407064
Random258
Raw:-10.928602195962142,-18.680682733327473,-8.139123687966123,10.482248647770282,-11.77241191135891,-8.454424497705228,-18.23910746042177,-11.105751791370984,5.415983599948559,14.319280326407059
EFT:-10.92860219596214,-18.68068273332747,-8.139123687966121,10.482248647770284,-11.772411911358915,-8.454424497705228,-18.239107460421778,-11.105751791370976,5.415983599948556,14.319280326407064
Random259
Raw:-10.928602195962139,-18.680682733327473,-8.139123687966126,10.482248647770284,-11.772411911358917,-8.454424497705222,-18.23910746042178,-11.105751791370974,5.415983599948561,14.319280326407062
EFT:-10.92860219596214,-18.68068273332747,-8.139123687966121,10.482248647770284,-11.772411911358915,-8.454424497705228,-18.239107460421778,-11.105751791370976,5.415983599948556,14.319280326407064
Random260
Raw:-10.92860219596214,-18.68068273332747,-8.139123687966123,10.482248647770284,-11.772411911358915,-8.454424497705228,-18.23910746042178,-11.105751791370974,5.415983599948556,14.319280326407066
EFT:-10.928602195962139,-18.68068273332747,-8.139123687966121,10.482248647770284,-11.772411911358915,-8.45442449770523,-18.239107460421778,-11.105751791370976,5.415983599948556,14.319280326407064
Random261
Raw:-10.928602195962139,-18.680682733327465,-8.139123687966125,10.482248647770284,-11.77241191135891,-8.454424497705228,-18.23910746042178,-11.10575179137097,5.415983599948558,14.319280326407062
EFT:-10.92860219596214,-18.68068273332747,-8.139123687966121,10.482248647770284,-11.772411911358915,-8.454424497705228,-18.239107460421778,-11.105751791370976,5.415983599948556,14.319280326407062
Random262
Raw:-10.928602195962133,-18.680682733327476,-8.139123687966123,10.48224864777029,-11.772411911358915,-8.454424497705233,-18.239107460421778,-11.105751791370977,5.415983599948556,14.319280326407062
EFT:-10.92860219596214,-18.68068273332747,-8.139123687966121,10.482248647770284,-11.772411911358915,-8.454424497705228,-18.239107460421778,-11.105751791370976,5.415983599948556,14.319280326407064
Random263
Raw:-10.928602195962139,-18.68068273332747,-8.139123687966125,10.482248647770284,-11.772411911358915,-8.454424497705235,-18.239107460421785,-11.105751791370977,5.415983599948563,14.319280326407064
EFT:-10.92860219596214,-18.68068273332747,-8.139123687966121,10.482248647770284,-11.772411911358915,-8.45442449770523,-18.239107460421778,-11.105751791370976,5.415983599948556,14.319280326407062
Random264
Raw:-10.928602195962144,-18.68068273332748,-8.139123687966128,10.482248647770295,-11.772411911358912,-8.454424497705224,-18.239107460421778,-11.105751791370981,5.415983599948559,14.319280326407066
EFT:-10.92860219596214,-18.68068273332747,-8.139123687966121,10.482248647770284,-11.772411911358915,-8.454424497705228,-18.239107460421778,-11.105751791370976,5.415983599948556,14.319280326407062
Random265
Raw:-10.928602195962142,-18.68068273332748,-8.139123687966125,10.48224864777029,-11.772411911358919,-8.454424497705226,-18.23910746042177,-11.105751791370976,5.4159835999485555,14.319280326407059
EFT:-10.92860219596214,-18.68068273332747,-8.139123687966121,10.482248647770284,-11.772411911358915,-8.454424497705228,-18.239107460421778,-11.105751791370976,5.415983599948556,14.319280326407062
Random266
Raw:-10.928602195962135,-18.680682733327473,-8.139123687966134,10.482248647770287,-11.772411911358903,-8.454424497705233,-18.23910746042178,-11.105751791370977,5.415983599948562,14.319280326407064
EFT:-10.928602195962139,-18.68068273332747,-8.139123687966121,10.482248647770284,-11.772411911358915,-8.454424497705228,-18.239107460421778,-11.105751791370976,5.415983599948556,14.319280326407064
Random267
Raw:-10.92860219596214,-18.680682733327465,-8.139123687966126,10.482248647770287,-11.77241191135891,-8.454424497705238,-18.239107460421785,-11.10575179137098,5.415983599948557,14.319280326407062
EFT:-10.92860219596214,-18.68068273332747,-8.139123687966121,10.482248647770284,-11.772411911358915,-8.454424497705228,-18.239107460421778,-11.105751791370976,5.415983599948556,14.319280326407062
Random268
Raw:-10.928602195962139,-18.680682733327473,-8.139123687966125,10.482248647770291,-11.772411911358908,-8.454424497705233,-18.239107460421778,-11.105751791370981,5.415983599948562,14.319280326407059
EFT:-10.92860219596214,-18.68068273332747,-8.139123687966121,10.482248647770284,-11.772411911358915,-8.454424497705228,-18.239107460421778,-11.105751791370976,5.415983599948556,14.319280326407064
Random269
Raw:-10.928602195962135,-18.680682733327473,-8.139123687966125,10.48224864777028,-11.772411911358912,-8.454424497705226,-18.239107460421767,-11.105751791370977,5.415983599948557,14.319280326407055
EFT:-10.92860219596214,-18.68068273332747,-8.139123687966121,10.482248647770284,-11.772411911358915,-8.454424497705228,-18.239107460421778,-11.105751791370976,5.415983599948556,14.319280326407064
Random270
Raw:-10.928602195962139,-18.680682733327462,-8.139123687966128,10.482248647770284,-11.772411911358903,-8.45442449770523,-18.239107460421778,-11.10575179137098,5.415983599948562,14.319280326407057
EFT:-10.92860219596214,-18.68068273332747,-8.139123687966121,10.482248647770284,-11.772411911358915,-8.454424497705228,-18.239107460421778,-11.105751791370976,5.415983599948556,14.319280326407062
Random271
Raw:-10.92860219596214,-18.680682733327465,-8.139123687966128,10.48224864777028,-11.772411911358914,-8.454424497705226,-18.23910746042177,-11.105751791370983,5.415983599948563,14.319280326407059
EFT:-10.92860219596214,-18.68068273332747,-8.139123687966121,10.482248647770284,-11.772411911358915,-8.454424497705228,-18.239107460421778,-11.105751791370976,5.415983599948556,14.319280326407062
Random272
Raw:-10.928602195962133,-18.68068273332747,-8.13912368796612,10.48224864777028,-11.772411911358923,-8.454424497705231,-18.239107460421785,-11.105751791370963,5.415983599948553,14.31928032640707
EFT:-10.92860219596214,-18.68068273332747,-8.139123687966121,10.482248647770284,-11.772411911358915,-8.454424497705228,-18.239107460421778,-11.105751791370976,5.415983599948556,14.319280326407064
Random273
Raw:-10.928602195962139,-18.680682733327476,-8.139123687966123,10.482248647770282,-11.772411911358905,-8.454424497705231,-18.23910746042177,-11.105751791370974,5.415983599948558,14.319280326407066
EFT:-10.928602195962139,-18.68068273332747,-8.139123687966121,10.482248647770284,-11.772411911358915,-8.454424497705228,-18.239107460421778,-11.105751791370976,5.415983599948556,14.319280326407064
Random274
Raw:-10.92860219596214,-18.680682733327465,-8.139123687966123,10.482248647770287,-11.772411911358914,-8.454424497705222,-18.239107460421778,-11.105751791370976,5.4159835999485555,14.319280326407055
EFT:-10.92860219596214,-18.68068273332747,-8.139123687966121,10.482248647770284,-11.772411911358915,-8.454424497705228,-18.239107460421778,-11.105751791370976,5.415983599948556,14.319280326407064
Random275
Raw:-10.92860219596214,-18.680682733327487,-8.139123687966126,10.482248647770284,-11.77241191135892,-8.45442449770522,-18.239107460421785,-11.105751791370981,5.415983599948554,14.31928032640706
EFT:-10.92860219596214,-18.68068273332747,-8.139123687966121,10.482248647770284,-11.772411911358915,-8.454424497705228,-18.239107460421778,-11.105751791370976,5.415983599948556,14.319280326407062
Random276
Raw:-10.928602195962144,-18.680682733327465,-8.139123687966126,10.482248647770284,-11.772411911358905,-8.45442449770523,-18.23910746042178,-11.105751791370977,5.415983599948558,14.319280326407059
EFT:-10.92860219596214,-18.68068273332747,-8.139123687966121,10.482248647770284,-11.772411911358915,-8.454424497705228,-18.239107460421778,-11.105751791370976,5.415983599948556,14.319280326407062
Random277
Raw:-10.928602195962133,-18.680682733327476,-8.139123687966121,10.48224864777028,-11.77241191135892,-8.454424497705224,-18.239107460421778,-11.10575179137098,5.415983599948557,14.31928032640706
EFT:-10.92860219596214,-18.68068273332747,-8.139123687966121,10.482248647770284,-11.772411911358915,-8.454424497705228,-18.239107460421778,-11.105751791370976,5.415983599948556,14.319280326407064
Random278
Raw:-10.928602195962142,-18.680682733327473,-8.139123687966123,10.482248647770286,-11.772411911358912,-8.454424497705228,-18.239107460421778,-11.105751791370976,5.415983599948561,14.319280326407057
EFT:-10.92860219596214,-18.68068273332747,-8.139123687966121,10.482248647770284,-11.772411911358915,-8.454424497705228,-18.239107460421778,-11.105751791370976,5.415983599948556,14.319280326407062
Random279
Raw:-10.92860219596214,-18.680682733327476,-8.139123687966132,10.482248647770295,-11.772411911358912,-8.454424497705222,-18.23910746042177,-11.10575179137098,5.415983599948553,14.319280326407055
EFT:-10.928602195962139,-18.68068273332747,-8.139123687966123,10.482248647770284,-11.772411911358915,-8.454424497705228,-18.239107460421778,-11.105751791370976,5.415983599948556,14.319280326407064
Random280
Raw:-10.928602195962142,-18.68068273332748,-8.13912368796613,10.482248647770284,-11.772411911358905,-8.45442449770523,-18.239107460421764,-11.105751791370977,5.415983599948564,14.319280326407059
EFT:-10.92860219596214,-18.68068273332747,-8.139123687966121,10.482248647770284,-11.772411911358915,-8.454424497705228,-18.239107460421778,-11.105751791370976,5.415983599948556,14.319280326407062
Random281
Raw:-10.92860219596214,-18.680682733327465,-8.139123687966123,10.482248647770291,-11.77241191135891,-8.454424497705235,-18.239107460421785,-11.105751791370977,5.415983599948558,14.319280326407064
EFT:-10.928602195962139,-18.68068273332747,-8.139123687966121,10.482248647770284,-11.772411911358915,-8.454424497705228,-18.239107460421778,-11.105751791370976,5.415983599948556,14.319280326407064
Random282
Raw:-10.928602195962137,-18.680682733327476,-8.139123687966123,10.48224864777028,-11.7724119113589,-8.454424497705228,-18.239107460421785,-11.105751791370972,5.415983599948561,14.319280326407068
EFT:-10.92860219596214,-18.68068273332747,-8.139123687966121,10.482248647770284,-11.772411911358915,-8.454424497705228,-18.239107460421778,-11.105751791370976,5.415983599948556,14.319280326407062
Random283
Raw:-10.928602195962135,-18.680682733327465,-8.139123687966125,10.482248647770286,-11.772411911358915,-8.45442449770523,-18.239107460421778,-11.10575179137098,5.415983599948552,14.319280326407062
EFT:-10.92860219596214,-18.68068273332747,-8.139123687966121,10.482248647770284,-11.772411911358915,-8.454424497705228,-18.239107460421778,-11.105751791370976,5.415983599948556,14.319280326407062
Random284
Raw:-10.928602195962139,-18.680682733327476,-8.139123687966125,10.48224864777029,-11.772411911358915,-8.454424497705228,-18.23910746042178,-11.105751791370974,5.415983599948555,14.319280326407062
EFT:-10.92860219596214,-18.68068273332747,-8.139123687966121,10.482248647770284,-11.772411911358915,-8.45442449770523,-18.239107460421778,-11.105751791370976,5.415983599948556,14.319280326407062
Random285
Raw:-10.928602195962133,-18.68068273332748,-8.139123687966121,10.482248647770282,-11.772411911358914,-8.45442449770522,-18.239107460421774,-11.105751791370977,5.415983599948557,14.319280326407068
EFT:-10.92860219596214,-18.68068273332747,-8.139123687966121,10.482248647770284,-11.772411911358915,-8.454424497705228,-18.239107460421778,-11.105751791370976,5.415983599948556,14.319280326407064
Random286
Raw:-10.928602195962137,-18.68068273332747,-8.139123687966128,10.482248647770287,-11.772411911358914,-8.454424497705222,-18.239107460421774,-11.105751791370976,5.415983599948553,14.319280326407062
EFT:-10.928602195962139,-18.68068273332747,-8.139123687966121,10.482248647770284,-11.772411911358915,-8.454424497705228,-18.239107460421778,-11.105751791370976,5.415983599948556,14.319280326407064
Random287
Raw:-10.928602195962133,-18.68068273332747,-8.139123687966125,10.482248647770286,-11.772411911358917,-8.454424497705228,-18.23910746042178,-11.105751791370974,5.415983599948558,14.31928032640706
EFT:-10.928602195962139,-18.68068273332747,-8.139123687966123,10.482248647770284,-11.772411911358915,-8.454424497705228,-18.239107460421778,-11.105751791370976,5.415983599948556,14.319280326407064
Random288
Raw:-10.928602195962142,-18.680682733327483,-8.13912368796613,10.48224864777029,-11.772411911358914,-8.45442449770523,-18.23910746042178,-11.105751791370981,5.415983599948563,14.319280326407064
EFT:-10.928602195962139,-18.68068273332747,-8.139123687966121,10.482248647770284,-11.772411911358915,-8.454424497705228,-18.239107460421778,-11.105751791370976,5.415983599948556,14.319280326407064
Random289
Raw:-10.928602195962144,-18.68068273332747,-8.139123687966132,10.482248647770286,-11.772411911358912,-8.454424497705217,-18.23910746042177,-11.105751791370977,5.415983599948554,14.319280326407062
EFT:-10.92860219596214,-18.68068273332747,-8.139123687966121,10.482248647770284,-11.772411911358915,-8.454424497705228,-18.239107460421778,-11.105751791370976,5.415983599948556,14.319280326407062
Random290
Raw:-10.928602195962133,-18.68068273332747,-8.139123687966118,10.482248647770286,-11.772411911358907,-8.454424497705247,-18.239107460421785,-11.105751791370967,5.415983599948563,14.319280326407064
EFT:-10.92860219596214,-18.68068273332747,-8.139123687966121,10.482248647770284,-11.772411911358915,-8.45442449770523,-18.239107460421778,-11.105751791370976,5.415983599948556,14.319280326407062
Random291
Raw:-10.928602195962142,-18.680682733327465,-8.139123687966125,10.482248647770282,-11.772411911358914,-8.454424497705226,-18.239107460421778,-11.105751791370974,5.415983599948559,14.31928032640706
EFT:-10.92860219596214,-18.68068273332747,-8.139123687966121,10.482248647770284,-11.772411911358915,-8.454424497705228,-18.239107460421778,-11.105751791370976,5.415983599948556,14.319280326407062
Random292
Raw:-10.928602195962146,-18.68068273332748,-8.139123687966135,10.482248647770286,-11.772411911358914,-8.454424497705222,-18.23910746042177,-11.105751791370977,5.415983599948561,14.319280326407057
EFT:-10.92860219596214,-18.68068273332747,-8.139123687966121,10.482248647770284,-11.772411911358915,-8.45442449770523,-18.239107460421778,-11.105751791370976,5.415983599948556,14.319280326407062
Random293
Raw:-10.928602195962139,-18.680682733327476,-8.13912368796613,10.482248647770287,-11.772411911358908,-8.454424497705233,-18.23910746042177,-11.105751791370976,5.4159835999485555,14.319280326407066
EFT:-10.92860219596214,-18.68068273332747,-8.139123687966121,10.482248647770284,-11.772411911358915,-8.454424497705228,-18.239107460421778,-11.105751791370976,5.415983599948556,14.319280326407062
Random294
Raw:-10.928602195962144,-18.68068273332747,-8.139123687966123,10.482248647770286,-11.77241191135892,-8.454424497705228,-18.23910746042178,-11.105751791370976,5.415983599948557,14.319280326407066
EFT:-10.928602195962139,-18.68068273332747,-8.139123687966121,10.482248647770284,-11.772411911358915,-8.454424497705228,-18.239107460421778,-11.105751791370976,5.415983599948556,14.319280326407064
Random295
Raw:-10.928602195962139,-18.680682733327465,-8.139123687966128,10.48224864777029,-11.772411911358908,-8.454424497705228,-18.239107460421774,-11.10575179137098,5.415983599948561,14.319280326407064
EFT:-10.92860219596214,-18.68068273332747,-8.139123687966121,10.482248647770284,-11.772411911358915,-8.454424497705228,-18.239107460421778,-11.105751791370976,5.415983599948556,14.319280326407064
Random296
Raw:-10.928602195962142,-18.680682733327473,-8.139123687966128,10.482248647770282,-11.772411911358912,-8.454424497705217,-18.239107460421778,-11.105751791370974,5.415983599948557,14.319280326407059
EFT:-10.928602195962139,-18.68068273332747,-8.139123687966123,10.482248647770284,-11.772411911358915,-8.454424497705228,-18.239107460421778,-11.105751791370976,5.415983599948556,14.319280326407064
Random297
Raw:-10.928602195962137,-18.680682733327473,-8.139123687966126,10.482248647770282,-11.772411911358907,-8.454424497705224,-18.239107460421774,-11.105751791370974,5.415983599948558,14.31928032640706
EFT:-10.928602195962139,-18.68068273332747,-8.139123687966121,10.482248647770284,-11.772411911358915,-8.454424497705228,-18.239107460421778,-11.105751791370976,5.415983599948556,14.319280326407064
Random298
Raw:-10.928602195962135,-18.680682733327476,-8.139123687966125,10.482248647770287,-11.772411911358912,-8.454424497705231,-18.239107460421778,-11.105751791370981,5.415983599948567,14.319280326407064
EFT:-10.92860219596214,-18.68068273332747,-8.139123687966121,10.482248647770284,-11.772411911358915,-8.454424497705228,-18.239107460421778,-11.105751791370976,5.415983599948556,14.319280326407062
Random299
Raw:-10.92860219596214,-18.68068273332747,-8.13912368796613,10.48224864777028,-11.772411911358917,-8.45442449770522,-18.23910746042177,-11.105751791370977,5.415983599948555,14.319280326407059
EFT:-10.928602195962139,-18.68068273332747,-8.139123687966121,10.482248647770284,-11.772411911358915,-8.454424497705228,-18.239107460421778,-11.105751791370976,5.415983599948556,14.319280326407064
Random300
Raw:-10.928602195962139,-18.68068273332747,-8.139123687966132,10.48224864777029,-11.772411911358914,-8.454424497705222,-18.23910746042177,-11.105751791370977,5.415983599948559,14.31928032640706
EFT:-10.92860219596214,-18.68068273332747,-8.139123687966121,10.482248647770284,-11.772411911358915,-8.454424497705228,-18.239107460421778,-11.105751791370976,5.415983599948556,14.319280326407062
Random301
Raw:-10.928602195962133,-18.68068273332748,-8.139123687966121,10.482248647770287,-11.772411911358912,-8.454424497705237,-18.239107460421785,-11.105751791370972,5.415983599948556,14.319280326407062
EFT:-10.92860219596214,-18.68068273332747,-8.139123687966121,10.482248647770284,-11.772411911358915,-8.454424497705228,-18.239107460421778,-11.105751791370976,5.415983599948556,14.319280326407062
Random302
Raw:-10.92860219596214,-18.68068273332747,-8.139123687966125,10.482248647770284,-11.77241191135891,-8.454424497705222,-18.239107460421774,-11.105751791370977,5.415983599948563,14.319280326407064
EFT:-10.92860219596214,-18.68068273332747,-8.139123687966121,10.482248647770284,-11.772411911358915,-8.454424497705228,-18.239107460421778,-11.105751791370976,5.415983599948556,14.319280326407064
Random303
Raw:-10.928602195962144,-18.680682733327473,-8.139123687966126,10.482248647770286,-11.772411911358908,-8.454424497705222,-18.239107460421778,-11.10575179137098,5.415983599948565,14.319280326407064
EFT:-10.92860219596214,-18.68068273332747,-8.139123687966121,10.482248647770284,-11.772411911358915,-8.454424497705228,-18.239107460421778,-11.105751791370976,5.415983599948556,14.319280326407062
Random304
Raw:-10.928602195962139,-18.68068273332747,-8.139123687966125,10.482248647770282,-11.772411911358912,-8.45442449770522,-18.239107460421774,-11.105751791370976,5.4159835999485555,14.319280326407059
EFT:-10.92860219596214,-18.68068273332747,-8.139123687966121,10.482248647770284,-11.772411911358915,-8.454424497705228,-18.239107460421778,-11.105751791370976,5.415983599948556,14.319280326407062
Random305
Raw:-10.92860219596214,-18.680682733327473,-8.139123687966121,10.48224864777028,-11.772411911358923,-8.454424497705224,-18.239107460421778,-11.10575179137097,5.415983599948559,14.319280326407055
EFT:-10.928602195962139,-18.68068273332747,-8.139123687966121,10.482248647770284,-11.772411911358915,-8.454424497705228,-18.239107460421778,-11.105751791370976,5.415983599948556,14.319280326407064
Random306
Raw:-10.92860219596214,-18.680682733327473,-8.139123687966123,10.482248647770293,-11.772411911358915,-8.454424497705224,-18.239107460421778,-11.10575179137098,5.4159835999485555,14.319280326407059
EFT:-10.92860219596214,-18.68068273332747,-8.139123687966121,10.482248647770284,-11.772411911358915,-8.454424497705228,-18.239107460421778,-11.105751791370976,5.415983599948556,14.319280326407062
Random307
Raw:-10.928602195962139,-18.68068273332747,-8.139123687966121,10.482248647770286,-11.77241191135891,-8.454424497705235,-18.239107460421785,-11.105751791370976,5.415983599948556,14.31928032640706
EFT:-10.92860219596214,-18.68068273332747,-8.139123687966121,10.482248647770284,-11.772411911358915,-8.454424497705228,-18.239107460421778,-11.105751791370976,5.415983599948556,14.319280326407062
Random308
Raw:-10.928602195962135,-18.680682733327476,-8.139123687966128,10.48224864777029,-11.77241191135891,-8.45442449770523,-18.239107460421778,-11.10575179137098,5.415983599948561,14.319280326407062
EFT:-10.92860219596214,-18.68068273332747,-8.139123687966121,10.482248647770284,-11.772411911358915,-8.45442449770523,-18.239107460421778,-11.105751791370976,5.415983599948556,14.319280326407062
Random309
Raw:-10.928602195962133,-18.680682733327476,-8.139123687966123,10.48224864777028,-11.772411911358903,-8.454424497705228,-18.239107460421774,-11.105751791370974,5.415983599948567,14.31928032640706
EFT:-10.92860219596214,-18.68068273332747,-8.139123687966121,10.482248647770284,-11.772411911358915,-8.454424497705228,-18.239107460421778,-11.105751791370976,5.415983599948556,14.319280326407062
Random310
Raw:-10.928602195962142,-18.68068273332747,-8.13912368796612,10.482248647770279,-11.77241191135891,-8.45442449770523,-18.239107460421767,-11.105751791370972,5.41598359994856,14.31928032640706
EFT:-10.92860219596214,-18.68068273332747,-8.139123687966121,10.482248647770284,-11.772411911358915,-8.454424497705228,-18.239107460421778,-11.105751791370976,5.415983599948556,14.319280326407062
Random311
Raw:-10.928602195962133,-18.68068273332746,-8.13912368796612,10.482248647770279,-11.772411911358908,-8.45442449770523,-18.239107460421778,-11.10575179137097,5.415983599948558,14.31928032640706
EFT:-10.92860219596214,-18.68068273332747,-8.139123687966121,10.482248647770284,-11.772411911358915,-8.454424497705228,-18.239107460421778,-11.105751791370976,5.415983599948556,14.319280326407062
Random312
Raw:-10.928602195962135,-18.680682733327473,-8.139123687966118,10.48224864777028,-11.772411911358914,-8.45442449770524,-18.239107460421778,-11.105751791370977,5.415983599948561,14.319280326407059
EFT:-10.92860219596214,-18.68068273332747,-8.139123687966121,10.482248647770284,-11.772411911358915,-8.45442449770523,-18.239107460421778,-11.105751791370976,5.415983599948556,14.319280326407062
Random313
Raw:-10.928602195962135,-18.68068273332747,-8.139123687966126,10.48224864777029,-11.772411911358917,-8.45442449770523,-18.239107460421778,-11.105751791370981,5.415983599948562,14.319280326407059
EFT:-10.92860219596214,-18.68068273332747,-8.139123687966121,10.482248647770284,-11.772411911358915,-8.454424497705228,-18.239107460421778,-11.105751791370976,5.415983599948556,14.319280326407062
Random314
Raw:-10.92860219596214,-18.680682733327465,-8.139123687966134,10.48224864777029,-11.772411911358914,-8.45442449770523,-18.23910746042178,-11.105751791370981,5.41598359994856,14.319280326407059
EFT:-10.92860219596214,-18.68068273332747,-8.139123687966121,10.482248647770284,-11.772411911358915,-8.454424497705228,-18.239107460421778,-11.105751791370976,5.415983599948556,14.319280326407062
Random315
Raw:-10.928602195962142,-18.680682733327473,-8.139123687966123,10.482248647770286,-11.772411911358908,-8.454424497705226,-18.239107460421778,-11.105751791370977,5.415983599948558,14.319280326407059
EFT:-10.92860219596214,-18.68068273332747,-8.139123687966121,10.482248647770284,-11.772411911358915,-8.454424497705228,-18.239107460421778,-11.105751791370976,5.415983599948556,14.319280326407062
Random316
Raw:-10.92860219596214,-18.680682733327465,-8.139123687966123,10.482248647770279,-11.772411911358914,-8.454424497705222,-18.23910746042177,-11.10575179137098,5.415983599948559,14.319280326407059
EFT:-10.928602195962139,-18.68068273332747,-8.139123687966121,10.482248647770284,-11.772411911358915,-8.454424497705228,-18.239107460421778,-11.105751791370976,5.415983599948556,14.319280326407064
Random317
Raw:-10.92860219596214,-18.680682733327473,-8.139123687966132,10.48224864777028,-11.772411911358912,-8.45442449770523,-18.239107460421778,-11.105751791370976,5.415983599948557,14.31928032640706
EFT:-10.92860219596214,-18.68068273332747,-8.139123687966121,10.482248647770284,-11.772411911358915,-8.454424497705228,-18.239107460421778,-11.105751791370976,5.415983599948556,14.319280326407062
Random318
Raw:-10.928602195962135,-18.68068273332748,-8.139123687966128,10.482248647770286,-11.772411911358912,-8.454424497705231,-18.23910746042177,-11.105751791370977,5.415983599948561,14.31928032640706
EFT:-10.928602195962139,-18.68068273332747,-8.139123687966121,10.482248647770284,-11.772411911358915,-8.454424497705228,-18.239107460421778,-11.105751791370976,5.415983599948556,14.319280326407064
Random319
Raw:-10.928602195962132,-18.680682733327476,-8.13912368796613,10.482248647770286,-11.772411911358908,-8.454424497705224,-18.23910746042178,-11.105751791370977,5.415983599948561,14.31928032640706
EFT:-10.928602195962139,-18.68068273332747,-8.139123687966121,10.482248647770284,-11.772411911358915,-8.454424497705228,-18.239107460421778,-11.105751791370976,5.415983599948556,14.319280326407064
Random320
Raw:-10.928602195962144,-18.680682733327473,-8.139123687966126,10.482248647770286,-11.772411911358914,-8.45442449770523,-18.239107460421778,-11.105751791370976,5.415983599948556,14.319280326407062
EFT:-10.928602195962139,-18.68068273332747,-8.139123687966121,10.482248647770284,-11.772411911358915,-8.454424497705228,-18.239107460421778,-11.105751791370976,5.415983599948556,14.319280326407064
Random321
Raw:-10.92860219596214,-18.680682733327462,-8.139123687966132,10.482248647770287,-11.772411911358903,-8.454424497705222,-18.239107460421774,-11.105751791370976,5.415983599948563,14.319280326407059
EFT:-10.928602195962139,-18.68068273332747,-8.139123687966121,10.482248647770284,-11.772411911358915,-8.454424497705228,-18.239107460421778,-11.105751791370976,5.415983599948556,14.319280326407064
Random322
Raw:-10.92860219596213,-18.680682733327473,-8.139123687966125,10.482248647770284,-11.772411911358919,-8.454424497705238,-18.23910746042178,-11.105751791370972,5.41598359994856,14.319280326407066
EFT:-10.92860219596214,-18.68068273332747,-8.139123687966121,10.482248647770284,-11.772411911358915,-8.454424497705228,-18.239107460421778,-11.105751791370976,5.415983599948556,14.319280326407064
Random323
Raw:-10.928602195962137,-18.680682733327462,-8.139123687966125,10.482248647770284,-11.772411911358907,-8.454424497705228,-18.239107460421778,-11.105751791370974,5.415983599948561,14.319280326407066
EFT:-10.92860219596214,-18.68068273332747,-8.139123687966121,10.482248647770284,-11.772411911358915,-8.454424497705228,-18.239107460421778,-11.105751791370976,5.415983599948556,14.319280326407062
Random324
Raw:-10.928602195962137,-18.680682733327462,-8.139123687966126,10.48224864777028,-11.772411911358905,-8.454424497705228,-18.239107460421774,-11.105751791370967,5.415983599948557,14.319280326407052
EFT:-10.928602195962139,-18.68068273332747,-8.139123687966121,10.482248647770284,-11.772411911358915,-8.454424497705228,-18.239107460421778,-11.105751791370976,5.415983599948556,14.319280326407064
Random325
Raw:-10.928602195962132,-18.680682733327476,-8.139123687966121,10.482248647770286,-11.772411911358905,-8.454424497705237,-18.239107460421767,-11.105751791370977,5.415983599948561,14.319280326407059
EFT:-10.928602195962139,-18.68068273332747,-8.139123687966121,10.482248647770284,-11.772411911358915,-8.454424497705228,-18.239107460421778,-11.105751791370976,5.415983599948556,14.319280326407064
Random326
Raw:-10.928602195962135,-18.680682733327473,-8.139123687966118,10.482248647770282,-11.772411911358917,-8.45442449770523,-18.239107460421774,-11.105751791370976,5.415983599948554,14.319280326407059
EFT:-10.92860219596214,-18.68068273332747,-8.139123687966121,10.482248647770284,-11.772411911358915,-8.454424497705228,-18.239107460421778,-11.105751791370976,5.415983599948556,14.319280326407062
Random327
Raw:-10.928602195962133,-18.680682733327462,-8.139123687966126,10.482248647770282,-11.772411911358901,-8.454424497705233,-18.239107460421774,-11.105751791370977,5.41598359994856,14.319280326407068
EFT:-10.92860219596214,-18.68068273332747,-8.139123687966121,10.482248647770284,-11.772411911358915,-8.454424497705228,-18.239107460421778,-11.105751791370976,5.415983599948556,14.319280326407064
Random328
Raw:-10.928602195962133,-18.68068273332747,-8.139123687966123,10.48224864777029,-11.772411911358924,-8.454424497705233,-18.239107460421778,-11.105751791370977,5.415983599948562,14.319280326407062
EFT:-10.92860219596214,-18.68068273332747,-8.139123687966121,10.482248647770284,-11.772411911358915,-8.45442449770523,-18.239107460421778,-11.105751791370976,5.415983599948556,14.319280326407062
Random329
Raw:-10.928602195962135,-18.68068273332748,-8.13912368796613,10.482248647770293,-11.772411911358908,-8.454424497705233,-18.239107460421778,-11.10575179137098,5.415983599948563,14.319280326407064
EFT:-10.92860219596214,-18.68068273332747,-8.139123687966121,10.482248647770284,-11.772411911358915,-8.454424497705228,-18.239107460421778,-11.105751791370976,5.415983599948556,14.319280326407062
Random330
Raw:-10.928602195962135,-18.68068273332747,-8.139123687966132,10.48224864777028,-11.772411911358907,-8.454424497705224,-18.239107460421774,-11.105751791370976,5.415983599948552,14.31928032640706
EFT:-10.928602195962139,-18.68068273332747,-8.139123687966121,10.482248647770284,-11.772411911358915,-8.454424497705228,-18.239107460421778,-11.105751791370976,5.415983599948556,14.319280326407064
Random331
Raw:-10.928602195962133,-18.68068273332747,-8.139123687966126,10.482248647770293,-11.772411911358914,-8.454424497705226,-18.239107460421778,-11.105751791370977,5.415983599948563,14.319280326407055
EFT:-10.92860219596214,-18.68068273332747,-8.139123687966121,10.482248647770284,-11.772411911358915,-8.454424497705228,-18.239107460421778,-11.105751791370976,5.415983599948556,14.319280326407064
Random332
Raw:-10.928602195962139,-18.68068273332747,-8.139123687966125,10.482248647770291,-11.772411911358912,-8.454424497705231,-18.239107460421796,-11.10575179137098,5.415983599948562,14.319280326407062
EFT:-10.92860219596214,-18.68068273332747,-8.139123687966121,10.482248647770284,-11.772411911358915,-8.454424497705228,-18.239107460421778,-11.105751791370976,5.415983599948556,14.319280326407064
Random333
Raw:-10.928602195962133,-18.68068273332746,-8.139123687966128,10.482248647770279,-11.772411911358907,-8.454424497705226,-18.239107460421778,-11.105751791370968,5.415983599948556,14.319280326407062
EFT:-10.92860219596214,-18.68068273332747,-8.139123687966121,10.482248647770284,-11.772411911358915,-8.454424497705228,-18.239107460421778,-11.105751791370976,5.415983599948556,14.319280326407064
Random334
Raw:-10.92860219596213,-18.680682733327476,-8.13912368796613,10.48224864777028,-11.772411911358901,-8.454424497705228,-18.23910746042177,-11.105751791370976,5.415983599948561,14.319280326407064
EFT:-10.92860219596214,-18.68068273332747,-8.139123687966121,10.482248647770284,-11.772411911358915,-8.454424497705228,-18.239107460421778,-11.105751791370976,5.415983599948556,14.319280326407062
Random335
Raw:-10.928602195962137,-18.68068273332748,-8.139123687966121,10.48224864777029,-11.772411911358914,-8.454424497705231,-18.239107460421778,-11.105751791370976,5.415983599948562,14.319280326407062
EFT:-10.928602195962139,-18.68068273332747,-8.139123687966121,10.482248647770284,-11.772411911358915,-8.454424497705228,-18.239107460421778,-11.105751791370976,5.415983599948556,14.319280326407064
Random336
Raw:-10.928602195962148,-18.680682733327476,-8.139123687966132,10.482248647770287,-11.772411911358912,-8.454424497705226,-18.23910746042178,-11.105751791370977,5.415983599948563,14.319280326407059
EFT:-10.928602195962139,-18.68068273332747,-8.139123687966121,10.482248647770284,-11.772411911358915,-8.454424497705228,-18.239107460421778,-11.105751791370976,5.415983599948556,14.319280326407064
Random337
Raw:-10.92860219596214,-18.68068273332748,-8.139123687966128,10.482248647770282,-11.772411911358908,-8.454424497705224,-18.239107460421774,-11.105751791370976,5.415983599948558,14.319280326407062
EFT:-10.928602195962139,-18.68068273332747,-8.139123687966121,10.482248647770284,-11.772411911358915,-8.454424497705228,-18.239107460421778,-11.105751791370976,5.415983599948556,14.319280326407064
Random338
Raw:-10.92860219596214,-18.68068273332746,-8.13912368796613,10.482248647770286,-11.772411911358907,-8.45442449770522,-18.239107460421778,-11.105751791370974,5.415983599948553,14.319280326407057
EFT:-10.92860219596214,-18.68068273332747,-8.139123687966121,10.482248647770284,-11.772411911358915,-8.454424497705228,-18.239107460421778,-11.105751791370976,5.415983599948556,14.319280326407062
Random339
Raw:-10.928602195962135,-18.680682733327465,-8.139123687966125,10.482248647770282,-11.772411911358905,-8.454424497705235,-18.239107460421778,-11.105751791370974,5.4159835999485635,14.31928032640707
EFT:-10.928602195962139,-18.68068273332747,-8.139123687966121,10.482248647770284,-11.772411911358915,-8.454424497705228,-18.239107460421778,-11.105751791370976,5.415983599948556,14.319280326407064
Random340
Raw:-10.928602195962137,-18.680682733327476,-8.139123687966121,10.482248647770286,-11.77241191135891,-8.454424497705231,-18.239107460421778,-11.105751791370976,5.415983599948558,14.319280326407062
EFT:-10.92860219596214,-18.68068273332747,-8.139123687966121,10.482248647770284,-11.772411911358915,-8.454424497705228,-18.239107460421778,-11.105751791370976,5.415983599948556,14.319280326407062
Random341
Raw:-10.928602195962137,-18.680682733327476,-8.139123687966126,10.482248647770286,-11.772411911358903,-8.454424497705226,-18.23910746042177,-11.105751791370976,5.415983599948555,14.319280326407055
EFT:-10.92860219596214,-18.68068273332747,-8.139123687966121,10.482248647770284,-11.772411911358915,-8.454424497705228,-18.239107460421778,-11.105751791370976,5.415983599948556,14.319280326407062
Random342
Raw:-10.928602195962137,-18.680682733327473,-8.139123687966125,10.482248647770282,-11.772411911358912,-8.45442449770523,-18.23910746042178,-11.105751791370976,5.415983599948562,14.319280326407064
EFT:-10.92860219596214,-18.68068273332747,-8.139123687966121,10.482248647770284,-11.772411911358915,-8.454424497705228,-18.239107460421778,-11.105751791370976,5.415983599948556,14.319280326407062
Random343
Raw:-10.928602195962139,-18.680682733327465,-8.139123687966128,10.482248647770286,-11.772411911358915,-8.45442449770522,-18.239107460421778,-11.10575179137098,5.415983599948556,14.31928032640706
EFT:-10.928602195962139,-18.68068273332747,-8.139123687966121,10.482248647770284,-11.772411911358915,-8.454424497705228,-18.239107460421778,-11.105751791370976,5.415983599948556,14.319280326407064
Random344
Raw:-10.928602195962144,-18.68068273332747,-8.139123687966123,10.482248647770284,-11.772411911358917,-8.454424497705222,-18.23910746042178,-11.105751791370976,5.415983599948558,14.319280326407064
EFT:-10.928602195962139,-18.68068273332747,-8.139123687966121,10.482248647770284,-11.772411911358915,-8.454424497705228,-18.239107460421778,-11.105751791370976,5.415983599948556,14.319280326407064
Random345
Raw:-10.928602195962139,-18.680682733327476,-8.139123687966123,10.48224864777029,-11.772411911358917,-8.454424497705228,-18.239107460421774,-11.105751791370981,5.415983599948556,14.319280326407066
EFT:-10.92860219596214,-18.68068273332747,-8.139123687966121,10.482248647770284,-11.772411911358915,-8.454424497705228,-18.239107460421778,-11.105751791370976,5.415983599948556,14.319280326407062
Random346
Raw:-10.928602195962135,-18.680682733327462,-8.139123687966125,10.48224864777028,-11.77241191135891,-8.45442449770523,-18.239107460421774,-11.105751791370972,5.415983599948558,14.319280326407064
EFT:-10.92860219596214,-18.68068273332747,-8.139123687966121,10.482248647770284,-11.772411911358915,-8.454424497705228,-18.239107460421778,-11.105751791370976,5.415983599948556,14.319280326407062
Random347
Raw:-10.928602195962139,-18.68068273332747,-8.139123687966128,10.482248647770286,-11.772411911358919,-8.45442449770522,-18.239107460421785,-11.105751791370972,5.415983599948554,14.31928032640706
EFT:-10.92860219596214,-18.68068273332747,-8.139123687966121,10.482248647770284,-11.772411911358915,-8.454424497705228,-18.239107460421778,-11.105751791370976,5.415983599948556,14.319280326407062
Random348
Raw:-10.928602195962135,-18.680682733327465,-8.139123687966125,10.482248647770282,-11.772411911358912,-8.454424497705231,-18.23910746042178,-11.105751791370974,5.415983599948554,14.319280326407059
EFT:-10.928602195962139,-18.68068273332747,-8.139123687966121,10.482248647770284,-11.772411911358915,-8.454424497705228,-18.239107460421778,-11.105751791370976,5.415983599948556,14.319280326407064
Random349
Raw:-10.928602195962139,-18.68068273332747,-8.139123687966125,10.482248647770282,-11.772411911358907,-8.45442449770522,-18.23910746042178,-11.105751791370977,5.4159835999485555,14.31928032640706
EFT:-10.92860219596214,-18.68068273332747,-8.139123687966121,10.482248647770284,-11.772411911358915,-8.454424497705228,-18.239107460421778,-11.105751791370976,5.415983599948556,14.319280326407062
Random350
Raw:-10.928602195962137,-18.68068273332747,-8.139123687966128,10.482248647770284,-11.772411911358917,-8.454424497705237,-18.23910746042178,-11.10575179137097,5.415983599948558,14.319280326407062
EFT:-10.92860219596214,-18.68068273332747,-8.139123687966121,10.482248647770284,-11.772411911358915,-8.454424497705228,-18.239107460421778,-11.105751791370976,5.415983599948556,14.319280326407064
Random351
Raw:-10.928602195962139,-18.680682733327476,-8.139123687966121,10.482248647770286,-11.772411911358915,-8.454424497705222,-18.23910746042178,-11.10575179137098,5.415983599948557,14.319280326407057
EFT:-10.92860219596214,-18.68068273332747,-8.139123687966121,10.482248647770284,-11.772411911358915,-8.454424497705228,-18.239107460421778,-11.105751791370976,5.415983599948556,14.319280326407062
Random352
Raw:-10.928602195962132,-18.68068273332747,-8.139123687966118,10.482248647770284,-11.772411911358908,-8.45442449770524,-18.23910746042178,-11.10575179137097,5.415983599948561,14.319280326407066
EFT:-10.92860219596214,-18.68068273332747,-8.139123687966121,10.482248647770284,-11.772411911358915,-8.454424497705228,-18.239107460421778,-11.105751791370976,5.415983599948556,14.319280326407064
Random353
Raw:-10.928602195962133,-18.68068273332746,-8.139123687966125,10.482248647770282,-11.772411911358907,-8.454424497705226,-18.23910746042178,-11.105751791370967,5.415983599948557,14.319280326407059
EFT:-10.928602195962139,-18.68068273332747,-8.139123687966121,10.482248647770284,-11.772411911358915,-8.454424497705228,-18.239107460421778,-11.105751791370976,5.415983599948556,14.319280326407064
Random354
Raw:-10.928602195962139,-18.680682733327473,-8.13912368796612,10.48224864777028,-11.772411911358914,-8.454424497705224,-18.239107460421774,-11.10575179137097,5.4159835999485555,14.31928032640706
EFT:-10.92860219596214,-18.68068273332747,-8.139123687966121,10.482248647770284,-11.772411911358915,-8.45442449770523,-18.239107460421778,-11.105751791370976,5.415983599948556,14.319280326407062
Random355
Raw:-10.92860219596214,-18.68068273332748,-8.13912368796612,10.482248647770286,-11.772411911358914,-8.454424497705233,-18.239107460421778,-11.105751791370976,5.41598359994856,14.31928032640706
EFT:-10.92860219596214,-18.68068273332747,-8.139123687966121,10.482248647770284,-11.772411911358915,-8.454424497705228,-18.239107460421778,-11.105751791370976,5.415983599948556,14.319280326407062
Random356
Raw:-10.928602195962135,-18.68068273332748,-8.139123687966125,10.482248647770282,-11.77241191135891,-8.454424497705228,-18.239107460421778,-11.105751791370977,5.415983599948563,14.319280326407062
EFT:-10.92860219596214,-18.68068273332747,-8.139123687966121,10.482248647770284,-11.772411911358915,-8.45442449770523,-18.239107460421778,-11.105751791370976,5.415983599948556,14.319280326407062
Random357
Raw:-10.928602195962133,-18.680682733327465,-8.139123687966123,10.482248647770287,-11.772411911358907,-8.454424497705233,-18.239107460421774,-11.105751791370974,5.41598359994856,14.319280326407062
EFT:-10.928602195962139,-18.68068273332747,-8.139123687966121,10.482248647770284,-11.772411911358915,-8.454424497705228,-18.239107460421778,-11.105751791370976,5.415983599948556,14.319280326407064
Random358
Raw:-10.928602195962139,-18.680682733327473,-8.139123687966126,10.482248647770286,-11.772411911358908,-8.45442449770523,-18.23910746042178,-11.105751791370984,5.415983599948569,14.319280326407066
EFT:-10.92860219596214,-18.68068273332747,-8.139123687966121,10.482248647770284,-11.772411911358915,-8.45442449770523,-18.239107460421778,-11.105751791370976,5.415983599948556,14.319280326407062
Random359
Raw:-10.92860219596214,-18.68068273332747,-8.139123687966126,10.482248647770287,-11.772411911358912,-8.454424497705228,-18.23910746042177,-11.10575179137098,5.41598359994856,14.319280326407059
EFT:-10.92860219596214,-18.68068273332747,-8.139123687966121,10.482248647770284,-11.772411911358915,-8.454424497705228,-18.239107460421778,-11.105751791370976,5.415983599948556,14.319280326407064
Random360
Raw:-10.928602195962137,-18.680682733327473,-8.139123687966125,10.482248647770286,-11.772411911358914,-8.454424497705231,-18.239107460421778,-11.10575179137098,5.415983599948561,14.319280326407057
EFT:-10.92860219596214,-18.68068273332747,-8.139123687966121,10.482248647770284,-11.772411911358915,-8.45442449770523,-18.239107460421778,-11.105751791370976,5.415983599948556,14.319280326407062
Random361
Raw:-10.928602195962139,-18.680682733327473,-8.139123687966126,10.48224864777029,-11.772411911358917,-8.454424497705226,-18.239107460421774,-11.10575179137098,5.415983599948561,14.319280326407057
EFT:-10.92860219596214,-18.68068273332747,-8.139123687966121,10.482248647770284,-11.772411911358915,-8.454424497705228,-18.239107460421778,-11.105751791370976,5.415983599948556,14.319280326407062
Random362
Raw:-10.928602195962139,-18.68068273332747,-8.139123687966126,10.482248647770284,-11.772411911358912,-8.454424497705222,-18.23910746042178,-11.105751791370977,5.415983599948561,14.319280326407062
EFT:-10.92860219596214,-18.68068273332747,-8.139123687966121,10.482248647770284,-11.772411911358915,-8.454424497705228,-18.239107460421778,-11.105751791370976,5.415983599948556,14.319280326407064
Random363
Raw:-10.928602195962137,-18.68068273332747,-8.139123687966125,10.48224864777029,-11.772411911358903,-8.454424497705237,-18.239107460421785,-11.105751791370977,5.415983599948562,14.319280326407064
EFT:-10.92860219596214,-18.68068273332747,-8.139123687966121,10.482248647770284,-11.772411911358915,-8.454424497705228,-18.239107460421778,-11.105751791370976,5.415983599948556,14.319280326407062
Random364
Raw:-10.92860219596214,-18.680682733327473,-8.139123687966123,10.482248647770291,-11.772411911358923,-8.454424497705231,-18.239107460421778,-11.105751791370977,5.41598359994856,14.319280326407059
EFT:-10.928602195962139,-18.68068273332747,-8.139123687966121,10.482248647770284,-11.772411911358915,-8.454424497705228,-18.239107460421778,-11.105751791370976,5.415983599948556,14.319280326407064
Random365
Raw:-10.928602195962139,-18.680682733327465,-8.139123687966126,10.482248647770284,-11.77241191135891,-8.454424497705226,-18.239107460421778,-11.10575179137097,5.415983599948552,14.319280326407062
EFT:-10.92860219596214,-18.68068273332747,-8.139123687966121,10.482248647770284,-11.772411911358915,-8.454424497705228,-18.239107460421778,-11.105751791370976,5.415983599948556,14.319280326407064
Random366
Raw:-10.928602195962139,-18.680682733327473,-8.139123687966121,10.48224864777028,-11.772411911358917,-8.454424497705219,-18.239107460421785,-11.10575179137097,5.415983599948557,14.31928032640706
EFT:-10.92860219596214,-18.68068273332747,-8.139123687966121,10.482248647770284,-11.772411911358915,-8.454424497705228,-18.239107460421778,-11.105751791370976,5.415983599948556,14.319280326407064
Random367
Raw:-10.928602195962146,-18.680682733327476,-8.139123687966125,10.48224864777029,-11.772411911358915,-8.454424497705222,-18.239107460421778,-11.105751791370981,5.415983599948558,14.31928032640706
EFT:-10.92860219596214,-18.68068273332747,-8.139123687966121,10.482248647770284,-11.772411911358915,-8.454424497705228,-18.239107460421778,-11.105751791370976,5.415983599948556,14.319280326407064
Random368
Raw:-10.928602195962135,-18.680682733327465,-8.139123687966128,10.482248647770282,-11.772411911358908,-8.454424497705226,-18.23910746042177,-11.105751791370974,5.415983599948567,14.319280326407062
EFT:-10.92860219596214,-18.68068273332747,-8.139123687966121,10.482248647770284,-11.772411911358915,-8.454424497705228,-18.239107460421778,-11.105751791370976,5.415983599948556,14.319280326407062
Random369
Raw:-10.928602195962139,-18.680682733327476,-8.139123687966126,10.482248647770291,-11.772411911358908,-8.45442449770524,-18.23910746042178,-11.105751791370981,5.415983599948568,14.31928032640706
EFT:-10.92860219596214,-18.68068273332747,-8.139123687966121,10.482248647770284,-11.772411911358915,-8.454424497705228,-18.239107460421778,-11.105751791370976,5.415983599948556,14.319280326407062
Random370
Raw:-10.928602195962135,-18.680682733327465,-8.139123687966125,10.48224864777028,-11.772411911358912,-8.454424497705226,-18.239107460421774,-11.105751791370963,5.415983599948555,14.319280326407057
EFT:-10.92860219596214,-18.68068273332747,-8.139123687966121,10.482248647770284,-11.772411911358915,-8.454424497705228,-18.239107460421778,-11.105751791370976,5.415983599948556,14.319280326407062
Random371
Raw:-10.928602195962137,-18.680682733327476,-8.139123687966126,10.482248647770286,-11.772411911358914,-8.454424497705226,-18.23910746042177,-11.105751791370983,5.415983599948563,14.31928032640706
EFT:-10.928602195962139,-18.68068273332747,-8.139123687966121,10.482248647770284,-11.772411911358915,-8.454424497705228,-18.239107460421778,-11.105751791370976,5.415983599948556,14.319280326407064
Random372
Raw:-10.928602195962133,-18.680682733327462,-8.139123687966128,10.482248647770277,-11.772411911358914,-8.454424497705228,-18.239107460421778,-11.105751791370965,5.415983599948554,14.31928032640706
EFT:-10.92860219596214,-18.68068273332747,-8.139123687966121,10.482248647770284,-11.772411911358915,-8.45442449770523,-18.239107460421778,-11.105751791370976,5.415983599948556,14.319280326407064
Random373
Raw:-10.92860219596214,-18.680682733327473,-8.139123687966126,10.48224864777029,-11.772411911358915,-8.45442449770523,-18.239107460421785,-11.10575179137098,5.415983599948562,14.319280326407062
EFT:-10.92860219596214,-18.68068273332747,-8.139123687966121,10.482248647770284,-11.772411911358915,-8.454424497705228,-18.239107460421778,-11.105751791370976,5.415983599948556,14.319280326407062
Random374
Raw:-10.928602195962146,-18.68068273332747,-8.139123687966128,10.48224864777029,-11.77241191135891,-8.454424497705222,-18.239107460421774,-11.105751791370984,5.415983599948558,14.319280326407057
EFT:-10.92860219596214,-18.68068273332747,-8.139123687966121,10.482248647770284,-11.772411911358915,-8.45442449770523,-18.239107460421778,-11.105751791370976,5.415983599948556,14.319280326407062
Random375
Raw:-10.928602195962137,-18.680682733327465,-8.139123687966126,10.482248647770284,-11.77241191135891,-8.454424497705231,-18.239107460421778,-11.105751791370976,5.4159835999485635,14.31928032640706
EFT:-10.928602195962139,-18.68068273332747,-8.139123687966123,10.482248647770284,-11.772411911358915,-8.454424497705228,-18.239107460421778,-11.105751791370976,5.415983599948556,14.319280326407064
Random376
Raw:-10.92860219596214,-18.680682733327462,-8.139123687966128,10.482248647770279,-11.772411911358903,-8.45442449770523,-18.23910746042177,-11.105751791370965,5.415983599948554,14.319280326407059
EFT:-10.92860219596214,-18.68068273332747,-8.139123687966121,10.482248647770284,-11.772411911358915,-8.454424497705228,-18.239107460421778,-11.105751791370976,5.415983599948556,14.319280326407062
Random377
Raw:-10.928602195962146,-18.680682733327487,-8.139123687966132,10.48224864777029,-11.772411911358915,-8.45442449770522,-18.23910746042178,-11.105751791370983,5.41598359994856,14.319280326407066
EFT:-10.92860219596214,-18.68068273332747,-8.139123687966121,10.482248647770284,-11.772411911358915,-8.454424497705228,-18.239107460421778,-11.105751791370976,5.415983599948556,14.319280326407064
Random378
Raw:-10.928602195962137,-18.68068273332747,-8.139123687966126,10.48224864777029,-11.77241191135891,-8.454424497705235,-18.239107460421785,-11.105751791370977,5.41598359994856,14.31928032640707
EFT:-10.92860219596214,-18.68068273332747,-8.139123687966121,10.482248647770284,-11.772411911358915,-8.454424497705228,-18.239107460421778,-11.105751791370976,5.415983599948556,14.319280326407064
Random379
Raw:-10.928602195962139,-18.680682733327473,-8.139123687966125,10.482248647770287,-11.772411911358912,-8.454424497705235,-18.239107460421785,-11.105751791370974,5.415983599948555,14.319280326407066
EFT:-10.92860219596214,-18.68068273332747,-8.139123687966121,10.482248647770284,-11.772411911358915,-8.454424497705228,-18.239107460421778,-11.105751791370976,5.415983599948556,14.319280326407062
Random380
Raw:-10.928602195962128,-18.680682733327473,-8.139123687966121,10.482248647770282,-11.772411911358908,-8.454424497705228,-18.23910746042177,-11.105751791370976,5.415983599948556,14.319280326407064
EFT:-10.92860219596214,-18.68068273332747,-8.139123687966121,10.482248647770284,-11.772411911358915,-8.45442449770523,-18.239107460421778,-11.105751791370976,5.415983599948556,14.319280326407062
Random381
Raw:-10.928602195962142,-18.680682733327473,-8.139123687966126,10.482248647770284,-11.772411911358912,-8.454424497705237,-18.239107460421792,-11.105751791370974,5.415983599948561,14.319280326407071
EFT:-10.928602195962139,-18.68068273332747,-8.139123687966121,10.482248647770284,-11.772411911358915,-8.454424497705228,-18.239107460421778,-11.105751791370976,5.415983599948556,14.319280326407064
Random382
Raw:-10.928602195962137,-18.680682733327483,-8.139123687966125,10.482248647770293,-11.772411911358914,-8.454424497705233,-18.239107460421778,-11.105751791370984,5.415983599948561,14.31928032640706
EFT:-10.92860219596214,-18.68068273332747,-8.139123687966121,10.482248647770284,-11.772411911358915,-8.454424497705228,-18.239107460421778,-11.105751791370976,5.415983599948556,14.319280326407064
Random383
Raw:-10.928602195962137,-18.68068273332747,-8.139123687966118,10.482248647770284,-11.772411911358915,-8.454424497705235,-18.23910746042178,-11.105751791370963,5.415983599948554,14.319280326407059
EFT:-10.92860219596214,-18.68068273332747,-8.139123687966121,10.482248647770284,-11.772411911358915,-8.454424497705228,-18.239107460421778,-11.105751791370976,5.415983599948556,14.319280326407064
Random384
Raw:-10.92860219596214,-18.68068273332747,-8.139123687966121,10.482248647770291,-11.772411911358919,-8.454424497705238,-18.23910746042178,-11.105751791370977,5.41598359994856,14.319280326407057
EFT:-10.92860219596214,-18.68068273332747,-8.139123687966121,10.482248647770284,-11.772411911358915,-8.454424497705228,-18.239107460421778,-11.105751791370976,5.415983599948556,14.319280326407062
Random385
Raw:-10.928602195962144,-18.680682733327476,-8.139123687966128,10.482248647770286,-11.77241191135891,-8.454424497705228,-18.239107460421767,-11.105751791370977,5.415983599948558,14.319280326407053
EFT:-10.928602195962139,-18.68068273332747,-8.139123687966121,10.482248647770284,-11.772411911358915,-8.454424497705228,-18.239107460421778,-11.105751791370976,5.415983599948556,14.319280326407064
Random386
Raw:-10.928602195962139,-18.68068273332747,-8.139123687966125,10.482248647770286,-11.772411911358912,-8.454424497705233,-18.239107460421774,-11.105751791370976,5.415983599948554,14.319280326407059
EFT:-10.92860219596214,-18.68068273332747,-8.139123687966121,10.482248647770284,-11.772411911358915,-8.454424497705228,-18.239107460421778,-11.105751791370976,5.415983599948556,14.319280326407064
Random387
Raw:-10.928602195962139,-18.68068273332748,-8.139123687966126,10.482248647770293,-11.772411911358915,-8.454424497705233,-18.239107460421785,-11.105751791370983,5.41598359994856,14.319280326407062
EFT:-10.92860219596214,-18.68068273332747,-8.139123687966121,10.482248647770284,-11.772411911358915,-8.454424497705228,-18.239107460421778,-11.105751791370976,5.415983599948556,14.319280326407062
Random388
Raw:-10.928602195962137,-18.680682733327462,-8.139123687966123,10.48224864777028,-11.772411911358914,-8.454424497705228,-18.23910746042177,-11.105751791370974,5.415983599948556,14.31928032640706
EFT:-10.92860219596214,-18.68068273332747,-8.139123687966121,10.482248647770284,-11.772411911358915,-8.45442449770523,-18.239107460421778,-11.105751791370976,5.415983599948556,14.319280326407062
Random389
Raw:-10.928602195962137,-18.68068273332747,-8.139123687966126,10.482248647770295,-11.772411911358915,-8.454424497705222,-18.239107460421785,-11.105751791370981,5.415983599948556,14.319280326407066
EFT:-10.928602195962139,-18.68068273332747,-8.139123687966123,10.482248647770284,-11.772411911358915,-8.454424497705228,-18.239107460421778,-11.105751791370976,5.415983599948556,14.319280326407064
Random390
Raw:-10.92860219596214,-18.680682733327465,-8.139123687966128,10.48224864777028,-11.772411911358915,-8.454424497705226,-18.23910746042178,-11.105751791370972,5.415983599948557,14.319280326407066
EFT:-10.92860219596214,-18.68068273332747,-8.139123687966121,10.482248647770284,-11.772411911358915,-8.454424497705228,-18.239107460421778,-11.105751791370976,5.415983599948556,14.319280326407064
Random391
Raw:-10.928602195962133,-18.680682733327465,-8.139123687966121,10.482248647770282,-11.772411911358915,-8.454424497705235,-18.239107460421785,-11.10575179137098,5.415983599948564,14.31928032640706
EFT:-10.92860219596214,-18.68068273332747,-8.139123687966121,10.482248647770284,-11.772411911358915,-8.45442449770523,-18.239107460421778,-11.105751791370976,5.415983599948556,14.319280326407062
Random392
Raw:-10.92860219596214,-18.680682733327476,-8.139123687966126,10.482248647770286,-11.772411911358915,-8.454424497705226,-18.23910746042177,-11.105751791370974,5.415983599948549,14.319280326407062
EFT:-10.92860219596214,-18.68068273332747,-8.139123687966121,10.482248647770284,-11.772411911358915,-8.45442449770523,-18.239107460421778,-11.105751791370976,5.415983599948556,14.319280326407062
Random393
Raw:-10.92860219596214,-18.680682733327465,-8.139123687966123,10.482248647770286,-11.772411911358914,-8.454424497705233,-18.239107460421778,-11.105751791370976,5.415983599948564,14.319280326407059
EFT:-10.92860219596214,-18.68068273332747,-8.139123687966121,10.482248647770284,-11.772411911358915,-8.454424497705228,-18.239107460421778,-11.105751791370976,5.415983599948556,14.319280326407062
Random394
Raw:-10.928602195962137,-18.680682733327473,-8.13912368796612,10.482248647770286,-11.772411911358924,-8.454424497705231,-18.23910746042179,-11.105751791370972,5.415983599948554,14.319280326407064
EFT:-10.92860219596214,-18.68068273332747,-8.139123687966121,10.482248647770284,-11.772411911358915,-8.45442449770523,-18.239107460421778,-11.105751791370976,5.415983599948556,14.319280326407062
Random395
Raw:-10.928602195962137,-18.680682733327473,-8.139123687966126,10.482248647770287,-11.772411911358912,-8.454424497705235,-18.23910746042179,-11.105751791370977,5.415983599948562,14.319280326407064
EFT:-10.92860219596214,-18.68068273332747,-8.139123687966121,10.482248647770284,-11.772411911358915,-8.454424497705228,-18.239107460421778,-11.105751791370976,5.415983599948556,14.319280326407064
Random396
Raw:-10.928602195962137,-18.680682733327473,-8.139123687966128,10.482248647770287,-11.772411911358914,-8.454424497705231,-18.239107460421785,-11.105751791370976,5.415983599948561,14.319280326407062
EFT:-10.928602195962139,-18.68068273332747,-8.139123687966121,10.482248647770284,-11.772411911358915,-8.454424497705228,-18.239107460421778,-11.105751791370976,5.415983599948556,14.319280326407064
Random397
Raw:-10.928602195962133,-18.680682733327465,-8.139123687966118,10.482248647770282,-11.772411911358908,-8.454424497705231,-18.23910746042177,-11.105751791370974,5.415983599948556,14.319280326407066
EFT:-10.92860219596214,-18.68068273332747,-8.139123687966121,10.482248647770284,-11.772411911358915,-8.454424497705228,-18.239107460421778,-11.105751791370976,5.415983599948556,14.319280326407064
Random398
Raw:-10.928602195962135,-18.680682733327476,-8.13912368796612,10.48224864777028,-11.77241191135891,-8.454424497705231,-18.239107460421778,-11.105751791370976,5.41598359994856,14.319280326407064
EFT:-10.92860219596214,-18.68068273332747,-8.139123687966121,10.482248647770284,-11.772411911358915,-8.454424497705228,-18.239107460421778,-11.105751791370976,5.415983599948556,14.319280326407062
Random399
Raw:-10.928602195962137,-18.680682733327473,-8.139123687966125,10.482248647770293,-11.772411911358915,-8.454424497705233,-18.239107460421785,-11.105751791370981,5.415983599948561,14.31928032640706
EFT:-10.92860219596214,-18.68068273332747,-8.139123687966121,10.482248647770284,-11.772411911358915,-8.454424497705228,-18.239107460421778,-11.105751791370976,5.415983599948556,14.319280326407062
Random400
Raw:-10.928602195962146,-18.680682733327465,-8.139123687966125,10.482248647770284,-11.772411911358912,-8.454424497705215,-18.239107460421767,-11.10575179137098,5.415983599948556,14.319280326407055
EFT:-10.928602195962139,-18.68068273332747,-8.139123687966121,10.482248647770284,-11.772411911358915,-8.454424497705228,-18.239107460421778,-11.105751791370976,5.415983599948556,14.319280326407064
Random401
Raw:-10.928602195962137,-18.680682733327465,-8.139123687966126,10.482248647770282,-11.772411911358908,-8.454424497705226,-18.23910746042178,-11.105751791370974,5.41598359994856,14.319280326407062
EFT:-10.92860219596214,-18.68068273332747,-8.139123687966121,10.482248647770284,-11.772411911358915,-8.454424497705228,-18.239107460421778,-11.105751791370976,5.415983599948556,14.319280326407062
Random402
Raw:-10.928602195962142,-18.68068273332747,-8.139123687966125,10.482248647770287,-11.772411911358914,-8.454424497705228,-18.239107460421778,-11.105751791370974,5.415983599948555,14.319280326407057
EFT:-10.92860219596214,-18.68068273332747,-8.139123687966121,10.482248647770284,-11.772411911358915,-8.454424497705228,-18.239107460421778,-11.105751791370976,5.415983599948556,14.319280326407062
Random403
Raw:-10.928602195962139,-18.68068273332747,-8.139123687966123,10.482248647770282,-11.772411911358901,-8.454424497705235,-18.239107460421778,-11.105751791370974,5.415983599948561,14.31928032640706
EFT:-10.92860219596214,-18.68068273332747,-8.139123687966121,10.482248647770284,-11.772411911358915,-8.454424497705228,-18.239107460421778,-11.105751791370976,5.415983599948556,14.319280326407064
Random404
Raw:-10.928602195962137,-18.680682733327473,-8.139123687966128,10.48224864777028,-11.772411911358907,-8.454424497705219,-18.23910746042178,-11.105751791370981,5.415983599948563,14.319280326407062
EFT:-10.928602195962139,-18.68068273332747,-8.139123687966121,10.482248647770284,-11.772411911358915,-8.454424497705228,-18.239107460421778,-11.105751791370976,5.415983599948556,14.319280326407064
Random405
Raw:-10.928602195962139,-18.680682733327465,-8.139123687966126,10.482248647770282,-11.772411911358907,-8.454424497705224,-18.23910746042178,-11.105751791370976,5.415983599948562,14.319280326407062
EFT:-10.928602195962139,-18.68068273332747,-8.139123687966121,10.482248647770284,-11.772411911358915,-8.454424497705228,-18.239107460421778,-11.105751791370976,5.415983599948556,14.319280326407064
Random406
Raw:-10.928602195962142,-18.680682733327465,-8.13912368796613,10.482248647770279,-11.77241191135891,-8.454424497705235,-18.239107460421778,-11.10575179137097,5.41598359994856,14.319280326407064
EFT:-10.928602195962139,-18.68068273332747,-8.139123687966121,10.482248647770284,-11.772411911358915,-8.454424497705228,-18.239107460421778,-11.105751791370976,5.415983599948556,14.319280326407064
Random407
Raw:-10.928602195962148,-18.680682733327476,-8.139123687966135,10.482248647770287,-11.77241191135891,-8.454424497705226,-18.23910746042178,-11.105751791370974,5.415983599948558,14.319280326407059
EFT:-10.928602195962139,-18.68068273332747,-8.139123687966121,10.482248647770284,-11.772411911358915,-8.454424497705228,-18.239107460421778,-11.105751791370976,5.415983599948556,14.319280326407064
Random408
Raw:-10.928602195962137,-18.680682733327476,-8.139123687966123,10.482248647770287,-11.772411911358917,-8.45442449770523,-18.23910746042177,-11.10575179137098,5.4159835999485635,14.319280326407059
EFT:-10.928602195962139,-18.68068273332747,-8.139123687966121,10.482248647770284,-11.772411911358915,-8.454424497705228,-18.239107460421778,-11.105751791370976,5.415983599948556,14.319280326407064
Random409
Raw:-10.928602195962142,-18.68068273332747,-8.139123687966128,10.482248647770284,-11.772411911358915,-8.454424497705226,-18.239107460421767,-11.105751791370972,5.415983599948562,14.31928032640705
EFT:-10.928602195962139,-18.68068273332747,-8.139123687966121,10.482248647770284,-11.772411911358915,-8.454424497705228,-18.239107460421778,-11.105751791370976,5.415983599948556,14.319280326407064
Random410
Raw:-10.928602195962146,-18.680682733327473,-8.139123687966126,10.48224864777029,-11.772411911358912,-8.454424497705235,-18.23910746042178,-11.10575179137097,5.415983599948553,14.319280326407066
EFT:-10.92860219596214,-18.68068273332747,-8.139123687966121,10.482248647770284,-11.772411911358915,-8.454424497705228,-18.239107460421778,-11.105751791370976,5.415983599948556,14.319280326407062
Random411
Raw:-10.928602195962135,-18.68068273332747,-8.139123687966128,10.482248647770287,-11.772411911358914,-8.454424497705228,-18.239107460421785,-11.105751791370983,5.415983599948563,14.319280326407062
EFT:-10.928602195962139,-18.68068273332747,-8.139123687966121,10.482248647770284,-11.772411911358915,-8.454424497705228,-18.239107460421778,-11.105751791370976,5.415983599948556,14.319280326407064
Random412
Raw:-10.928602195962139,-18.68068273332747,-8.139123687966121,10.482248647770277,-11.77241191135892,-8.454424497705224,-18.239107460421778,-11.10575179137097,5.415983599948553,14.31928032640706
EFT:-10.92860219596214,-18.68068273332747,-8.139123687966121,10.482248647770284,-11.772411911358915,-8.45442449770523,-18.239107460421778,-11.105751791370976,5.415983599948556,14.319280326407062
Random413
Raw:-10.92860219596213,-18.680682733327473,-8.139123687966128,10.482248647770287,-11.7724119113589,-8.454424497705235,-18.239107460421785,-11.10575179137098,5.415983599948564,14.319280326407066
EFT:-10.928602195962139,-18.68068273332747,-8.139123687966121,10.482248647770284,-11.772411911358915,-8.454424497705228,-18.239107460421778,-11.105751791370976,5.415983599948556,14.319280326407064
Random414
Raw:-10.928602195962133,-18.68068273332748,-8.139123687966123,10.482248647770287,-11.772411911358919,-8.454424497705228,-18.239107460421778,-11.105751791370974,5.415983599948557,14.31928032640706
EFT:-10.92860219596214,-18.68068273332747,-8.139123687966121,10.482248647770284,-11.772411911358915,-8.454424497705228,-18.239107460421778,-11.105751791370976,5.415983599948556,14.319280326407062
Random415
Raw:-10.928602195962142,-18.680682733327483,-8.139123687966126,10.482248647770287,-11.772411911358915,-8.454424497705222,-18.239107460421785,-11.105751791370983,5.415983599948557,14.319280326407066
EFT:-10.92860219596214,-18.68068273332747,-8.139123687966121,10.482248647770284,-11.772411911358915,-8.454424497705228,-18.239107460421778,-11.105751791370976,5.415983599948556,14.319280326407064
Random416
Raw:-10.928602195962142,-18.680682733327473,-8.139123687966126,10.482248647770287,-11.772411911358917,-8.454424497705231,-18.239107460421778,-11.105751791370977,5.415983599948562,14.319280326407062
EFT:-10.92860219596214,-18.68068273332747,-8.139123687966121,10.482248647770284,-11.772411911358915,-8.454424497705228,-18.239107460421778,-11.105751791370976,5.415983599948556,14.319280326407062
Random417
Raw:-10.928602195962133,-18.680682733327465,-8.13912368796612,10.482248647770282,-11.772411911358923,-8.454424497705219,-18.239107460421774,-11.105751791370974,5.415983599948549,14.319280326407057
EFT:-10.92860219596214,-18.68068273332747,-8.139123687966121,10.482248647770284,-11.772411911358915,-8.454424497705228,-18.239107460421778,-11.105751791370976,5.415983599948556,14.319280326407062
Random418
Raw:-10.928602195962139,-18.68068273332747,-8.13912368796613,10.48224864777029,-11.77241191135891,-8.454424497705226,-18.239107460421778,-11.105751791370981,5.415983599948563,14.319280326407062
EFT:-10.92860219596214,-18.68068273332747,-8.139123687966121,10.482248647770284,-11.772411911358915,-8.454424497705228,-18.239107460421778,-11.105751791370976,5.415983599948556,14.319280326407062
Random419
Raw:-10.928602195962135,-18.680682733327462,-8.139123687966121,10.482248647770284,-11.77241191135892,-8.454424497705233,-18.23910746042178,-11.105751791370976,5.41598359994856,14.319280326407062
EFT:-10.928602195962139,-18.68068273332747,-8.139123687966121,10.482248647770284,-11.772411911358915,-8.454424497705228,-18.239107460421778,-11.105751791370976,5.415983599948556,14.319280326407064
Random420
Raw:-10.92860219596214,-18.68068273332747,-8.139123687966125,10.482248647770284,-11.77241191135891,-8.454424497705226,-18.239107460421774,-11.105751791370977,5.415983599948565,14.319280326407057
EFT:-10.928602195962139,-18.68068273332747,-8.139123687966121,10.482248647770284,-11.772411911358915,-8.454424497705228,-18.239107460421778,-11.105751791370976,5.415983599948556,14.319280326407064
Random421
Raw:-10.928602195962137,-18.68068273332747,-8.139123687966121,10.48224864777029,-11.772411911358912,-8.454424497705235,-18.239107460421792,-11.105751791370977,5.415983599948558,14.319280326407066
EFT:-10.928602195962139,-18.68068273332747,-8.139123687966121,10.482248647770284,-11.772411911358915,-8.454424497705228,-18.239107460421778,-11.105751791370976,5.415983599948556,14.319280326407064
Random422
Raw:-10.928602195962142,-18.68068273332747,-8.139123687966126,10.482248647770282,-11.772411911358917,-8.454424497705233,-18.239107460421774,-11.105751791370972,5.415983599948557,14.319280326407059
EFT:-10.92860219596214,-18.68068273332747,-8.139123687966121,10.482248647770284,-11.772411911358915,-8.454424497705228,-18.239107460421778,-11.105751791370976,5.415983599948556,14.319280326407064
Random423
Raw:-10.928602195962139,-18.680682733327476,-8.139123687966123,10.48224864777028,-11.772411911358924,-8.454424497705231,-18.239107460421778,-11.105751791370974,5.415983599948559,14.319280326407066
EFT:-10.92860219596214,-18.68068273332747,-8.139123687966121,10.482248647770284,-11.772411911358915,-8.454424497705228,-18.239107460421778,-11.105751791370976,5.415983599948556,14.319280326407064
Random424
Raw:-10.928602195962133,-18.680682733327473,-8.13912368796612,10.48224864777029,-11.772411911358912,-8.45442449770524,-18.23910746042178,-11.105751791370976,5.415983599948559,14.31928032640707
EFT:-10.928602195962139,-18.68068273332747,-8.139123687966121,10.482248647770284,-11.772411911358915,-8.454424497705228,-18.239107460421778,-11.105751791370976,5.415983599948556,14.319280326407064
Random425
Raw:-10.928602195962142,-18.680682733327473,-8.139123687966128,10.482248647770291,-11.77241191135891,-8.454424497705231,-18.23910746042179,-11.105751791370977,5.415983599948561,14.31928032640706
EFT:-10.92860219596214,-18.68068273332747,-8.139123687966121,10.482248647770284,-11.772411911358915,-8.454424497705228,-18.239107460421778,-11.105751791370976,5.415983599948556,14.319280326407064
Random426
Raw:-10.928602195962139,-18.680682733327462,-8.139123687966126,10.482248647770286,-11.772411911358914,-8.45442449770522,-18.23910746042178,-11.10575179137098,5.415983599948561,14.319280326407059
EFT:-10.92860219596214,-18.68068273332747,-8.139123687966121,10.482248647770284,-11.772411911358915,-8.454424497705228,-18.239107460421778,-11.105751791370976,5.415983599948556,14.319280326407064
Random427
Raw:-10.928602195962139,-18.680682733327465,-8.139123687966125,10.482248647770282,-11.772411911358915,-8.454424497705226,-18.23910746042177,-11.105751791370967,5.41598359994856,14.319280326407064
EFT:-10.928602195962139,-18.68068273332747,-8.139123687966121,10.482248647770284,-11.772411911358915,-8.454424497705228,-18.239107460421778,-11.105751791370976,5.415983599948556,14.319280326407064
Random428
Raw:-10.928602195962139,-18.68068273332747,-8.13912368796612,10.48224864777028,-11.772411911358912,-8.454424497705222,-18.23910746042177,-11.105751791370974,5.415983599948558,14.319280326407064
EFT:-10.92860219596214,-18.68068273332747,-8.139123687966121,10.482248647770284,-11.772411911358915,-8.454424497705228,-18.239107460421778,-11.105751791370976,5.415983599948556,14.319280326407062
Random429
Raw:-10.928602195962142,-18.68068273332747,-8.139123687966123,10.482248647770287,-11.77241191135891,-8.45442449770523,-18.239107460421778,-11.105751791370972,5.415983599948561,14.319280326407057
EFT:-10.928602195962139,-18.68068273332747,-8.139123687966121,10.482248647770284,-11.772411911358915,-8.454424497705228,-18.239107460421778,-11.105751791370976,5.415983599948556,14.319280326407064
Random430
Raw:-10.928602195962137,-18.68068273332748,-8.13912368796613,10.482248647770296,-11.772411911358919,-8.454424497705222,-18.239107460421774,-11.105751791370983,5.415983599948558,14.319280326407059
EFT:-10.92860219596214,-18.68068273332747,-8.139123687966121,10.482248647770284,-11.772411911358915,-8.454424497705228,-18.239107460421778,-11.105751791370976,5.415983599948556,14.319280326407062
Random431
Raw:-10.92860219596213,-18.680682733327465,-8.139123687966121,10.48224864777028,-11.772411911358917,-8.454424497705231,-18.239107460421785,-11.105751791370976,5.415983599948562,14.31928032640706
EFT:-10.928602195962139,-18.68068273332747,-8.139123687966121,10.482248647770284,-11.772411911358915,-8.454424497705228,-18.239107460421778,-11.105751791370976,5.415983599948556,14.319280326407064
Random432
Raw:-10.928602195962139,-18.680682733327473,-8.139123687966125,10.482248647770282,-11.772411911358914,-8.454424497705228,-18.23910746042177,-11.105751791370983,5.41598359994856,14.319280326407062
EFT:-10.928602195962139,-18.68068273332747,-8.139123687966121,10.482248647770284,-11.772411911358915,-8.454424497705228,-18.239107460421778,-11.105751791370976,5.415983599948556,14.319280326407064
Random433
Raw:-10.928602195962135,-18.680682733327473,-8.139123687966126,10.48224864777028,-11.77241191135891,-8.454424497705235,-18.239107460421764,-11.105751791370976,5.415983599948559,14.319280326407057
EFT:-10.92860219596214,-18.68068273332747,-8.139123687966121,10.482248647770284,-11.772411911358915,-8.454424497705228,-18.239107460421778,-11.105751791370976,5.415983599948556,14.319280326407062
Random434
Raw:-10.928602195962135,-18.68068273332747,-8.139123687966125,10.482248647770284,-11.772411911358907,-8.454424497705222,-18.23910746042177,-11.105751791370974,5.415983599948563,14.31928032640706
EFT:-10.928602195962139,-18.68068273332747,-8.139123687966121,10.482248647770284,-11.772411911358915,-8.454424497705228,-18.239107460421778,-11.105751791370976,5.415983599948556,14.319280326407064
Random435
Raw:-10.92860219596214,-18.680682733327476,-8.139123687966128,10.482248647770286,-11.77241191135891,-8.45442449770523,-18.239107460421778,-11.10575179137098,5.4159835999485555,14.319280326407059
EFT:-10.92860219596214,-18.68068273332747,-8.139123687966121,10.482248647770284,-11.772411911358915,-8.454424497705228,-18.239107460421778,-11.105751791370976,5.415983599948556,14.319280326407062
Random436
Raw:-10.92860219596214,-18.68068273332746,-8.139123687966126,10.482248647770286,-11.772411911358912,-8.45442449770523,-18.239107460421774,-11.105751791370977,5.4159835999485635,14.31928032640706
EFT:-10.928602195962139,-18.68068273332747,-8.139123687966121,10.482248647770284,-11.772411911358915,-8.454424497705228,-18.239107460421778,-11.105751791370976,5.415983599948556,14.319280326407064
Random437
Raw:-10.92860219596214,-18.68068273332747,-8.139123687966125,10.482248647770287,-11.77241191135892,-8.454424497705226,-18.23910746042178,-11.105751791370972,5.415983599948559,14.319280326407057
EFT:-10.92860219596214,-18.68068273332747,-8.139123687966121,10.482248647770284,-11.772411911358915,-8.454424497705228,-18.239107460421778,-11.105751791370976,5.415983599948556,14.319280326407062
Random438
Raw:-10.928602195962137,-18.68068273332746,-8.139123687966126,10.482248647770282,-11.7724119113589,-8.454424497705224,-18.239107460421774,-11.105751791370976,5.415983599948564,14.319280326407064
EFT:-10.92860219596214,-18.68068273332747,-8.139123687966121,10.482248647770284,-11.772411911358915,-8.45442449770523,-18.239107460421778,-11.105751791370976,5.415983599948556,14.319280326407062
Random439
Raw:-10.928602195962137,-18.680682733327473,-8.139123687966123,10.482248647770287,-11.772411911358907,-8.45442449770523,-18.23910746042178,-11.10575179137098,5.415983599948558,14.319280326407064
EFT:-10.92860219596214,-18.68068273332747,-8.139123687966121,10.482248647770284,-11.772411911358915,-8.454424497705228,-18.239107460421778,-11.105751791370976,5.415983599948556,14.319280326407062
Random440
Raw:-10.928602195962142,-18.680682733327465,-8.139123687966121,10.482248647770284,-11.77241191135891,-8.454424497705231,-18.23910746042177,-11.105751791370974,5.4159835999485555,14.319280326407059
EFT:-10.928602195962139,-18.68068273332747,-8.139123687966121,10.482248647770284,-11.772411911358915,-8.454424497705228,-18.239107460421778,-11.105751791370976,5.415983599948556,14.319280326407064
Random441
Raw:-10.928602195962137,-18.680682733327473,-8.139123687966125,10.482248647770286,-11.772411911358903,-8.454424497705228,-18.239107460421774,-11.105751791370983,5.415983599948564,14.319280326407059
EFT:-10.92860219596214,-18.68068273332747,-8.139123687966121,10.482248647770284,-11.772411911358915,-8.454424497705228,-18.239107460421778,-11.105751791370976,5.415983599948556,14.319280326407062
Random442
Raw:-10.928602195962137,-18.680682733327473,-8.139123687966125,10.482248647770284,-11.772411911358917,-8.454424497705228,-18.23910746042177,-11.105751791370976,5.415983599948557,14.319280326407062
EFT:-10.92860219596214,-18.68068273332747,-8.139123687966121,10.482248647770284,-11.772411911358915,-8.454424497705228,-18.239107460421778,-11.105751791370976,5.415983599948556,14.319280326407064
Random443
Raw:-10.928602195962144,-18.680682733327462,-8.139123687966126,10.482248647770284,-11.772411911358912,-8.454424497705228,-18.239107460421774,-11.105751791370976,5.415983599948557,14.319280326407064
EFT:-10.928602195962139,-18.68068273332747,-8.139123687966121,10.482248647770284,-11.772411911358915,-8.454424497705228,-18.239107460421778,-11.105751791370976,5.415983599948556,14.319280326407064
Random444
Raw:-10.928602195962137,-18.680682733327455,-8.13912368796612,10.482248647770282,-11.772411911358908,-8.45442449770524,-18.239107460421778,-11.105751791370967,5.415983599948564,14.319280326407057
EFT:-10.92860219596214,-18.68068273332747,-8.139123687966121,10.482248647770284,-11.772411911358915,-8.454424497705228,-18.239107460421778,-11.105751791370976,5.415983599948556,14.319280326407062
Random445
Raw:-10.928602195962139,-18.680682733327476,-8.139123687966126,10.48224864777028,-11.77241191135891,-8.454424497705222,-18.23910746042177,-11.105751791370976,5.415983599948561,14.319280326407059
EFT:-10.92860219596214,-18.68068273332747,-8.139123687966121,10.482248647770284,-11.772411911358915,-8.454424497705228,-18.239107460421778,-11.105751791370976,5.415983599948556,14.319280326407062
Random446
Raw:-10.928602195962132,-18.68068273332747,-8.139123687966121,10.482248647770284,-11.772411911358912,-8.454424497705237,-18.239107460421778,-11.105751791370976,5.415983599948562,14.319280326407064
EFT:-10.92860219596214,-18.68068273332747,-8.139123687966121,10.482248647770284,-11.772411911358915,-8.454424497705228,-18.239107460421778,-11.105751791370976,5.415983599948556,14.319280326407062
Random447
Raw:-10.92860219596214,-18.680682733327473,-8.13912368796612,10.482248647770282,-11.77241191135891,-8.45442449770522,-18.23910746042178,-11.105751791370977,5.41598359994856,14.319280326407064
EFT:-10.928602195962139,-18.68068273332747,-8.139123687966121,10.482248647770284,-11.772411911358915,-8.454424497705228,-18.239107460421778,-11.105751791370976,5.415983599948556,14.319280326407064
Random448
Raw:-10.928602195962133,-18.680682733327462,-8.13912368796612,10.482248647770284,-11.772411911358908,-8.454424497705228,-18.239107460421778,-11.105751791370977,5.41598359994856,14.319280326407066
EFT:-10.92860219596214,-18.68068273332747,-8.139123687966121,10.482248647770284,-11.772411911358915,-8.454424497705228,-18.239107460421778,-11.105751791370976,5.415983599948556,14.319280326407062
Random449
Raw:-10.92860219596214,-18.68068273332747,-8.13912368796613,10.482248647770282,-11.77241191135891,-8.45442449770523,-18.23910746042177,-11.105751791370974,5.415983599948564,14.319280326407055
EFT:-10.92860219596214,-18.68068273332747,-8.139123687966121,10.482248647770284,-11.772411911358915,-8.45442449770523,-18.239107460421778,-11.105751791370976,5.415983599948556,14.319280326407062
Random450
Raw:-10.92860219596214,-18.68068273332747,-8.139123687966123,10.482248647770286,-11.772411911358924,-8.454424497705224,-18.239107460421785,-11.105751791370968,5.415983599948554,14.319280326407064
EFT:-10.928602195962139,-18.68068273332747,-8.139123687966121,10.482248647770284,-11.772411911358915,-8.454424497705228,-18.239107460421778,-11.105751791370976,5.415983599948556,14.319280326407064
Random451
Raw:-10.928602195962142,-18.68068273332747,-8.139123687966121,10.482248647770277,-11.772411911358914,-8.45442449770523,-18.239107460421767,-11.10575179137097,5.415983599948565,14.319280326407059
EFT:-10.92860219596214,-18.68068273332747,-8.139123687966121,10.482248647770284,-11.772411911358915,-8.454424497705228,-18.239107460421778,-11.105751791370976,5.415983599948556,14.319280326407062
Random452
Raw:-10.928602195962142,-18.680682733327476,-8.139123687966121,10.482248647770291,-11.772411911358919,-8.454424497705235,-18.239107460421778,-11.105751791370972,5.41598359994856,14.319280326407064
EFT:-10.928602195962139,-18.68068273332747,-8.139123687966121,10.482248647770284,-11.772411911358915,-8.454424497705228,-18.239107460421778,-11.105751791370976,5.415983599948556,14.319280326407064
Random453
Raw:-10.928602195962142,-18.680682733327476,-8.139123687966126,10.482248647770287,-11.772411911358912,-8.454424497705224,-18.239107460421778,-11.105751791370981,5.415983599948559,14.319280326407064
EFT:-10.92860219596214,-18.68068273332747,-8.139123687966121,10.482248647770284,-11.772411911358915,-8.454424497705228,-18.239107460421778,-11.105751791370976,5.415983599948556,14.319280326407064
Random454
Raw:-10.928602195962137,-18.680682733327465,-8.139123687966125,10.482248647770287,-11.772411911358917,-8.454424497705231,-18.23910746042178,-11.105751791370977,5.415983599948561,14.319280326407064
EFT:-10.92860219596214,-18.68068273332747,-8.139123687966121,10.482248647770284,-11.772411911358915,-8.454424497705228,-18.239107460421778,-11.105751791370976,5.415983599948556,14.319280326407064
Random455
Raw:-10.928602195962142,-18.680682733327473,-8.139123687966125,10.482248647770286,-11.77241191135891,-8.454424497705231,-18.23910746042178,-11.105751791370976,5.415983599948553,14.319280326407062
EFT:-10.92860219596214,-18.68068273332747,-8.139123687966121,10.482248647770284,-11.772411911358915,-8.454424497705228,-18.239107460421778,-11.105751791370976,5.415983599948556,14.319280326407062
Random456
Raw:-10.928602195962137,-18.68068273332747,-8.139123687966125,10.482248647770286,-11.772411911358917,-8.45442449770523,-18.239107460421778,-11.105751791370976,5.415983599948559,14.31928032640706
EFT:-10.92860219596214,-18.68068273332747,-8.139123687966121,10.482248647770284,-11.772411911358915,-8.454424497705228,-18.239107460421778,-11.105751791370976,5.415983599948556,14.319280326407062
Random457
Raw:-10.928602195962144,-18.680682733327483,-8.139123687966126,10.482248647770287,-11.772411911358915,-8.454424497705224,-18.23910746042178,-11.105751791370984,5.415983599948558,14.31928032640706
EFT:-10.92860219596214,-18.68068273332747,-8.139123687966121,10.482248647770284,-11.772411911358915,-8.454424497705228,-18.239107460421778,-11.105751791370976,5.415983599948556,14.319280326407062
Random458
Raw:-10.928602195962142,-18.68068273332747,-8.139123687966125,10.482248647770293,-11.772411911358915,-8.45442449770523,-18.23910746042178,-11.105751791370976,5.415983599948561,14.319280326407062
EFT:-10.92860219596214,-18.68068273332747,-8.139123687966121,10.482248647770284,-11.772411911358915,-8.454424497705228,-18.239107460421778,-11.105751791370976,5.415983599948556,14.319280326407064
Random459
Raw:-10.928602195962135,-18.68068273332747,-8.139123687966121,10.482248647770282,-11.772411911358914,-8.454424497705233,-18.23910746042178,-11.105751791370977,5.415983599948566,14.319280326407066
EFT:-10.928602195962139,-18.68068273332747,-8.139123687966121,10.482248647770284,-11.772411911358915,-8.454424497705228,-18.239107460421778,-11.105751791370976,5.415983599948556,14.319280326407064
Random460
Raw:-10.92860219596214,-18.680682733327465,-8.139123687966121,10.482248647770284,-11.772411911358919,-8.454424497705231,-18.239107460421785,-11.105751791370981,5.415983599948564,14.319280326407062
EFT:-10.92860219596214,-18.68068273332747,-8.139123687966121,10.482248647770284,-11.772411911358915,-8.454424497705228,-18.239107460421778,-11.105751791370976,5.415983599948556,14.319280326407062
Random461
Raw:-10.928602195962142,-18.680682733327476,-8.139123687966125,10.482248647770286,-11.772411911358914,-8.45442449770523,-18.239107460421778,-11.105751791370976,5.415983599948561,14.319280326407062
EFT:-10.92860219596214,-18.68068273332747,-8.139123687966121,10.482248647770284,-11.772411911358915,-8.454424497705228,-18.239107460421778,-11.105751791370976,5.415983599948556,14.319280326407062
Random462
Raw:-10.928602195962135,-18.680682733327462,-8.139123687966128,10.482248647770279,-11.77241191135891,-8.454424497705228,-18.239107460421778,-11.105751791370972,5.4159835999485555,14.319280326407059
EFT:-10.92860219596214,-18.68068273332747,-8.139123687966121,10.482248647770284,-11.772411911358915,-8.454424497705228,-18.239107460421778,-11.105751791370976,5.415983599948556,14.319280326407062
Random463
Raw:-10.928602195962135,-18.68068273332748,-8.13912368796612,10.482248647770284,-11.77241191135892,-8.454424497705222,-18.239107460421778,-11.105751791370974,5.415983599948556,14.31928032640707
EFT:-10.92860219596214,-18.68068273332747,-8.139123687966121,10.482248647770284,-11.772411911358915,-8.454424497705228,-18.239107460421778,-11.105751791370976,5.415983599948556,14.319280326407062
Random464
Raw:-10.928602195962142,-18.680682733327473,-8.139123687966121,10.482248647770287,-11.77241191135892,-8.45442449770523,-18.239107460421778,-11.105751791370974,5.4159835999485555,14.319280326407055
EFT:-10.92860219596214,-18.68068273332747,-8.139123687966121,10.482248647770284,-11.772411911358915,-8.454424497705228,-18.239107460421778,-11.105751791370976,5.415983599948556,14.319280326407064
Random465
Raw:-10.928602195962137,-18.680682733327476,-8.139123687966128,10.48224864777029,-11.77241191135891,-8.454424497705237,-18.239107460421778,-11.105751791370977,5.415983599948569,14.319280326407062
EFT:-10.92860219596214,-18.68068273332747,-8.139123687966121,10.482248647770284,-11.772411911358915,-8.45442449770523,-18.239107460421778,-11.105751791370976,5.415983599948556,14.319280326407062
Random466
Raw:-10.928602195962144,-18.680682733327473,-8.139123687966126,10.482248647770287,-11.772411911358908,-8.454424497705228,-18.239107460421778,-11.105751791370974,5.4159835999485555,14.31928032640706
EFT:-10.92860219596214,-18.68068273332747,-8.139123687966121,10.482248647770284,-11.772411911358915,-8.454424497705228,-18.239107460421778,-11.105751791370976,5.415983599948556,14.319280326407062
Random467
Raw:-10.928602195962137,-18.680682733327465,-8.139123687966126,10.482248647770287,-11.772411911358914,-8.454424497705228,-18.239107460421778,-11.105751791370976,5.415983599948562,14.319280326407062
EFT:-10.928602195962139,-18.68068273332747,-8.139123687966121,10.482248647770284,-11.772411911358915,-8.454424497705228,-18.239107460421778,-11.105751791370976,5.415983599948556,14.319280326407064
Random468
Raw:-10.92860219596214,-18.680682733327465,-8.139123687966125,10.482248647770286,-11.772411911358907,-8.454424497705235,-18.239107460421778,-11.105751791370981,5.415983599948567,14.319280326407059
EFT:-10.92860219596214,-18.68068273332747,-8.139123687966121,10.482248647770284,-11.772411911358915,-8.454424497705228,-18.239107460421778,-11.105751791370976,5.415983599948556,14.319280326407064
Random469
Raw:-10.928602195962142,-18.680682733327483,-8.139123687966125,10.482248647770286,-11.772411911358914,-8.454424497705228,-18.23910746042177,-11.10575179137098,5.415983599948562,14.319280326407064
EFT:-10.92860219596214,-18.68068273332747,-8.139123687966121,10.482248647770284,-11.772411911358915,-8.454424497705228,-18.239107460421778,-11.105751791370976,5.415983599948556,14.319280326407062
Random470
Raw:-10.928602195962137,-18.680682733327465,-8.139123687966123,10.482248647770287,-11.77241191135891,-8.454424497705235,-18.239107460421778,-11.105751791370977,5.415983599948562,14.319280326407057
EFT:-10.92860219596214,-18.68068273332747,-8.139123687966121,10.482248647770284,-11.772411911358915,-8.45442449770523,-18.239107460421778,-11.105751791370976,5.415983599948556,14.319280326407062
Random471
Raw:-10.928602195962144,-18.680682733327476,-8.139123687966128,10.482248647770286,-11.772411911358912,-8.454424497705219,-18.239107460421774,-11.10575179137098,5.415983599948556,14.319280326407062
EFT:-10.928602195962139,-18.68068273332747,-8.139123687966121,10.482248647770284,-11.772411911358915,-8.454424497705228,-18.239107460421778,-11.105751791370976,5.415983599948556,14.319280326407064
Random472
Raw:-10.928602195962133,-18.680682733327473,-8.139123687966125,10.482248647770287,-11.772411911358907,-8.454424497705238,-18.239107460421785,-11.105751791370976,5.415983599948561,14.319280326407062
EFT:-10.92860219596214,-18.68068273332747,-8.139123687966121,10.482248647770284,-11.772411911358915,-8.454424497705228,-18.239107460421778,-11.105751791370976,5.415983599948556,14.319280326407062
Random473
Raw:-10.928602195962137,-18.680682733327476,-8.13912368796613,10.48224864777028,-11.77241191135891,-8.454424497705228,-18.239107460421778,-11.105751791370981,5.415983599948566,14.319280326407068
EFT:-10.92860219596214,-18.68068273332747,-8.139123687966121,10.482248647770284,-11.772411911358915,-8.454424497705228,-18.239107460421778,-11.105751791370976,5.415983599948556,14.319280326407062
Random474
Raw:-10.928602195962132,-18.680682733327473,-8.139123687966123,10.482248647770287,-11.772411911358912,-8.454424497705228,-18.239107460421778,-11.10575179137097,5.415983599948558,14.319280326407066
EFT:-10.92860219596214,-18.68068273332747,-8.139123687966121,10.482248647770284,-11.772411911358915,-8.454424497705228,-18.239107460421778,-11.105751791370976,5.415983599948556,14.319280326407062
Random475
Raw:-10.928602195962139,-18.680682733327476,-8.139123687966123,10.482248647770284,-11.772411911358915,-8.454424497705222,-18.239107460421778,-11.105751791370972,5.415983599948556,14.319280326407066
EFT:-10.92860219596214,-18.68068273332747,-8.139123687966121,10.482248647770284,-11.772411911358915,-8.454424497705228,-18.239107460421778,-11.105751791370976,5.415983599948556,14.319280326407064
Random476
Raw:-10.928602195962132,-18.68068273332747,-8.139123687966123,10.48224864777028,-11.77241191135892,-8.45442449770523,-18.239107460421778,-11.105751791370977,5.415983599948564,14.319280326407059
EFT:-10.92860219596214,-18.68068273332747,-8.139123687966121,10.482248647770284,-11.772411911358915,-8.454424497705228,-18.239107460421778,-11.105751791370976,5.415983599948556,14.319280326407062
Random477
Raw:-10.928602195962139,-18.68068273332747,-8.139123687966125,10.48224864777029,-11.772411911358907,-8.45442449770524,-18.239107460421778,-11.105751791370976,5.415983599948556,14.319280326407066
EFT:-10.92860219596214,-18.68068273332747,-8.139123687966121,10.482248647770284,-11.772411911358915,-8.454424497705228,-18.239107460421778,-11.105751791370976,5.415983599948556,14.319280326407062
Random478
Raw:-10.928602195962135,-18.680682733327465,-8.139123687966121,10.48224864777028,-11.772411911358908,-8.454424497705231,-18.23910746042177,-11.105751791370972,5.415983599948562,14.319280326407055
EFT:-10.92860219596214,-18.68068273332747,-8.139123687966121,10.482248647770284,-11.772411911358915,-8.454424497705228,-18.239107460421778,-11.105751791370976,5.415983599948556,14.319280326407064
Random479
Raw:-10.928602195962137,-18.680682733327476,-8.139123687966123,10.482248647770287,-11.772411911358915,-8.45442449770523,-18.239107460421774,-11.105751791370976,5.415983599948553,14.319280326407059
EFT:-10.928602195962139,-18.68068273332747,-8.139123687966121,10.482248647770284,-11.772411911358915,-8.454424497705228,-18.239107460421778,-11.105751791370976,5.415983599948556,14.319280326407064
Random480
Raw:-10.928602195962137,-18.680682733327473,-8.139123687966126,10.482248647770286,-11.772411911358915,-8.454424497705228,-18.239107460421778,-11.105751791370974,5.415983599948556,14.319280326407064
EFT:-10.92860219596214,-18.68068273332747,-8.139123687966121,10.482248647770284,-11.772411911358915,-8.454424497705228,-18.239107460421778,-11.105751791370976,5.415983599948556,14.319280326407064
Random481
Raw:-10.928602195962137,-18.68068273332747,-8.13912368796612,10.482248647770284,-11.772411911358914,-8.454424497705226,-18.239107460421785,-11.105751791370977,5.415983599948559,14.319280326407062
EFT:-10.92860219596214,-18.68068273332747,-8.139123687966121,10.482248647770284,-11.772411911358915,-8.454424497705228,-18.239107460421778,-11.105751791370976,5.415983599948556,14.319280326407062
Random482
Raw:-10.928602195962139,-18.680682733327473,-8.139123687966128,10.482248647770295,-11.772411911358907,-8.454424497705235,-18.239107460421785,-11.105751791370981,5.415983599948563,14.319280326407062
EFT:-10.928602195962139,-18.68068273332747,-8.139123687966121,10.482248647770284,-11.772411911358915,-8.454424497705228,-18.239107460421778,-11.105751791370976,5.415983599948556,14.319280326407064
Random483
Raw:-10.928602195962139,-18.680682733327473,-8.139123687966123,10.482248647770282,-11.772411911358914,-8.45442449770523,-18.239107460421774,-11.105751791370974,5.415983599948557,14.319280326407064
EFT:-10.928602195962139,-18.68068273332747,-8.139123687966121,10.482248647770284,-11.772411911358915,-8.454424497705228,-18.239107460421778,-11.105751791370976,5.415983599948556,14.319280326407064
Random484
Raw:-10.928602195962137,-18.68068273332746,-8.13912368796613,10.482248647770284,-11.772411911358912,-8.454424497705226,-18.239107460421774,-11.105751791370981,5.415983599948561,14.319280326407059
EFT:-10.92860219596214,-18.68068273332747,-8.139123687966121,10.482248647770284,-11.772411911358915,-8.454424497705228,-18.239107460421778,-11.105751791370976,5.415983599948556,14.319280326407064
Random485
Raw:-10.928602195962142,-18.680682733327476,-8.139123687966123,10.482248647770282,-11.772411911358908,-8.454424497705228,-18.239107460421785,-11.10575179137097,5.415983599948562,14.319280326407066
EFT:-10.928602195962139,-18.68068273332747,-8.139123687966121,10.482248647770284,-11.772411911358915,-8.454424497705228,-18.239107460421778,-11.105751791370976,5.415983599948556,14.319280326407064
Random486
Raw:-10.928602195962133,-18.68068273332748,-8.139123687966125,10.482248647770284,-11.772411911358912,-8.454424497705226,-18.239107460421774,-11.10575179137098,5.415983599948562,14.319280326407066
EFT:-10.92860219596214,-18.68068273332747,-8.139123687966121,10.482248647770284,-11.772411911358915,-8.454424497705228,-18.239107460421778,-11.105751791370976,5.415983599948556,14.319280326407062
Random487
Raw:-10.92860219596214,-18.680682733327473,-8.139123687966128,10.482248647770287,-11.772411911358907,-8.45442449770522,-18.239107460421778,-11.105751791370976,5.41598359994856,14.319280326407057
EFT:-10.92860219596214,-18.68068273332747,-8.139123687966121,10.482248647770284,-11.772411911358915,-8.454424497705228,-18.239107460421778,-11.105751791370976,5.415983599948556,14.319280326407062
Random488
Raw:-10.928602195962132,-18.68068273332747,-8.139123687966123,10.482248647770284,-11.772411911358905,-8.454424497705235,-18.239107460421778,-11.105751791370976,5.415983599948563,14.319280326407064
EFT:-10.92860219596214,-18.68068273332747,-8.139123687966121,10.482248647770284,-11.772411911358915,-8.45442449770523,-18.239107460421778,-11.105751791370976,5.415983599948556,14.319280326407062
Random489
Raw:-10.928602195962137,-18.680682733327465,-8.139123687966125,10.482248647770277,-11.772411911358917,-8.454424497705219,-18.239107460421767,-11.105751791370976,5.415983599948562,14.319280326407057
EFT:-10.928602195962139,-18.68068273332747,-8.139123687966121,10.482248647770284,-11.772411911358915,-8.454424497705228,-18.239107460421778,-11.105751791370976,5.415983599948556,14.319280326407064
Random490
Raw:-10.928602195962139,-18.680682733327465,-8.139123687966126,10.48224864777028,-11.772411911358912,-8.454424497705231,-18.23910746042177,-11.105751791370977,5.415983599948561,14.319280326407059
EFT:-10.928602195962139,-18.68068273332747,-8.139123687966121,10.482248647770284,-11.772411911358915,-8.454424497705228,-18.239107460421778,-11.105751791370976,5.415983599948556,14.319280326407064
Random491
Raw:-10.92860219596214,-18.68068273332747,-8.139123687966121,10.482248647770286,-11.772411911358915,-8.454424497705226,-18.23910746042178,-11.105751791370974,5.415983599948562,14.319280326407062
EFT:-10.92860219596214,-18.68068273332747,-8.139123687966121,10.482248647770284,-11.772411911358915,-8.454424497705228,-18.239107460421778,-11.105751791370976,5.415983599948556,14.319280326407062
Random492
Raw:-10.928602195962133,-18.680682733327476,-8.13912368796612,10.482248647770286,-11.772411911358919,-8.454424497705233,-18.23910746042178,-11.10575179137098,5.415983599948557,14.319280326407068
EFT:-10.92860219596214,-18.68068273332747,-8.139123687966121,10.482248647770284,-11.772411911358915,-8.45442449770523,-18.239107460421778,-11.105751791370976,5.415983599948556,14.319280326407062
Random493
Raw:-10.928602195962135,-18.680682733327465,-8.139123687966128,10.482248647770286,-11.77241191135891,-8.454424497705228,-18.239107460421778,-11.105751791370972,5.415983599948557,14.319280326407057
EFT:-10.928602195962139,-18.68068273332747,-8.139123687966121,10.482248647770284,-11.772411911358915,-8.454424497705228,-18.239107460421778,-11.105751791370976,5.415983599948556,14.319280326407064
Random494
Raw:-10.928602195962137,-18.68068273332748,-8.139123687966128,10.482248647770279,-11.772411911358908,-8.454424497705226,-18.23910746042177,-11.10575179137098,5.4159835999485555,14.319280326407062
EFT:-10.92860219596214,-18.68068273332747,-8.139123687966121,10.482248647770284,-11.772411911358915,-8.454424497705228,-18.239107460421778,-11.105751791370976,5.415983599948556,14.319280326407064
Random495
Raw:-10.928602195962137,-18.680682733327462,-8.139123687966132,10.482248647770282,-11.772411911358898,-8.454424497705226,-18.239107460421778,-11.105751791370972,5.41598359994856,14.319280326407059
EFT:-10.928602195962139,-18.68068273332747,-8.139123687966121,10.482248647770284,-11.772411911358915,-8.454424497705228,-18.239107460421778,-11.105751791370976,5.415983599948556,14.319280326407064
Random496
Raw:-10.928602195962137,-18.68068273332747,-8.139123687966121,10.482248647770284,-11.772411911358914,-8.454424497705235,-18.239107460421778,-11.105751791370974,5.415983599948554,14.31928032640706
EFT:-10.92860219596214,-18.68068273332747,-8.139123687966121,10.482248647770284,-11.772411911358915,-8.454424497705228,-18.239107460421778,-11.105751791370976,5.415983599948556,14.319280326407062
Random497
Raw:-10.92860219596214,-18.68068273332747,-8.139123687966128,10.482248647770287,-11.772411911358905,-8.454424497705233,-18.239107460421774,-11.10575179137098,5.415983599948568,14.319280326407057
EFT:-10.92860219596214,-18.68068273332747,-8.139123687966121,10.482248647770284,-11.772411911358915,-8.454424497705228,-18.239107460421778,-11.105751791370976,5.415983599948556,14.319280326407064
Random498
Raw:-10.928602195962148,-18.680682733327476,-8.13912368796613,10.482248647770287,-11.772411911358915,-8.454424497705226,-18.239107460421778,-11.105751791370981,5.415983599948559,14.319280326407062
EFT:-10.92860219596214,-18.68068273332747,-8.139123687966121,10.482248647770284,-11.772411911358915,-8.454424497705228,-18.239107460421778,-11.105751791370976,5.415983599948556,14.319280326407062
Random499
Raw:-10.928602195962144,-18.680682733327483,-8.139123687966121,10.482248647770286,-11.772411911358915,-8.454424497705224,-18.239107460421774,-11.105751791370976,5.415983599948558,14.319280326407062
EFT:-10.92860219596214,-18.68068273332747,-8.139123687966121,10.482248647770284,-11.772411911358915,-8.45442449770523,-18.239107460421778,-11.105751791370976,5.415983599948556,14.319280326407062
Random500
Raw:-10.928602195962133,-18.680682733327473,-8.139123687966125,10.482248647770286,-11.772411911358912,-8.454424497705231,-18.239107460421774,-11.105751791370977,5.415983599948565,14.319280326407059
EFT:-10.928602195962139,-18.68068273332747,-8.139123687966121,10.482248647770284,-11.772411911358915,-8.454424497705228,-18.239107460421778,-11.105751791370976,5.415983599948556,14.319280326407064
Random501
Raw:-10.928602195962137,-18.68068273332745,-8.139123687966121,10.48224864777028,-11.772411911358914,-8.454424497705228,-18.23910746042177,-11.105751791370976,5.415983599948561,14.319280326407055
EFT:-10.92860219596214,-18.68068273332747,-8.139123687966121,10.482248647770284,-11.772411911358915,-8.454424497705228,-18.239107460421778,-11.105751791370976,5.415983599948556,14.319280326407062
Random502
Raw:-10.928602195962133,-18.680682733327465,-8.139123687966126,10.482248647770296,-11.772411911358923,-8.454424497705237,-18.239107460421778,-11.105751791370977,5.415983599948553,14.31928032640706
EFT:-10.928602195962139,-18.68068273332747,-8.139123687966121,10.482248647770284,-11.772411911358915,-8.454424497705228,-18.239107460421778,-11.105751791370976,5.415983599948556,14.319280326407064
Random503
Raw:-10.928602195962142,-18.680682733327473,-8.139123687966125,10.482248647770286,-11.772411911358914,-8.454424497705228,-18.239107460421792,-11.105751791370974,5.415983599948554,14.319280326407062
EFT:-10.92860219596214,-18.68068273332747,-8.139123687966121,10.482248647770284,-11.772411911358915,-8.454424497705228,-18.239107460421778,-11.105751791370976,5.415983599948556,14.319280326407062
Random504
Raw:-10.928602195962135,-18.680682733327473,-8.139123687966118,10.482248647770286,-11.772411911358912,-8.454424497705231,-18.239107460421778,-11.105751791370967,5.415983599948556,14.319280326407066
EFT:-10.928602195962139,-18.68068273332747,-8.139123687966121,10.482248647770284,-11.772411911358915,-8.454424497705228,-18.239107460421778,-11.105751791370976,5.415983599948556,14.319280326407064
Random505
Raw:-10.928602195962133,-18.68068273332747,-8.139123687966125,10.48224864777028,-11.772411911358903,-8.454424497705233,-18.239107460421785,-11.10575179137097,5.415983599948557,14.319280326407062
EFT:-10.928602195962139,-18.68068273332747,-8.139123687966121,10.482248647770284,-11.772411911358915,-8.454424497705228,-18.239107460421778,-11.105751791370976,5.415983599948556,14.319280326407064
Random506
Raw:-10.928602195962146,-18.680682733327483,-8.13912368796613,10.482248647770291,-11.772411911358919,-8.454424497705224,-18.239107460421785,-11.10575179137098,5.4159835999485555,14.31928032640706
EFT:-10.928602195962139,-18.68068273332747,-8.139123687966121,10.482248647770284,-11.772411911358915,-8.454424497705228,-18.239107460421778,-11.105751791370976,5.415983599948556,14.319280326407064
Random507
Raw:-10.928602195962135,-18.68068273332747,-8.139123687966121,10.482248647770287,-11.772411911358917,-8.45442449770523,-18.23910746042178,-11.105751791370977,5.415983599948557,14.319280326407068
EFT:-10.92860219596214,-18.68068273332747,-8.139123687966121,10.482248647770284,-11.772411911358915,-8.454424497705228,-18.239107460421778,-11.105751791370976,5.415983599948556,14.319280326407062
Random508
Raw:-10.928602195962137,-18.680682733327465,-8.139123687966125,10.482248647770287,-11.772411911358915,-8.454424497705226,-18.239107460421778,-11.10575179137098,5.415983599948556,14.31928032640706
EFT:-10.928602195962139,-18.68068273332747,-8.139123687966121,10.482248647770284,-11.772411911358915,-8.454424497705228,-18.239107460421778,-11.105751791370976,5.415983599948556,14.319280326407064
Random509
Raw:-10.928602195962135,-18.68068273332747,-8.139123687966121,10.482248647770287,-11.772411911358917,-8.454424497705231,-18.23910746042179,-11.10575179137098,5.415983599948559,14.319280326407062
EFT:-10.92860219596214,-18.68068273332747,-8.139123687966121,10.482248647770284,-11.772411911358915,-8.45442449770523,-18.239107460421778,-11.105751791370976,5.415983599948556,14.319280326407062
Random510
Raw:-10.928602195962142,-18.680682733327473,-8.139123687966125,10.482248647770287,-11.772411911358917,-8.454424497705222,-18.239107460421778,-11.10575179137098,5.415983599948553,14.319280326407059
EFT:-10.92860219596214,-18.68068273332747,-8.139123687966121,10.482248647770284,-11.772411911358915,-8.45442449770523,-18.239107460421778,-11.105751791370976,5.415983599948556,14.319280326407062
Random511
Raw:-10.928602195962133,-18.680682733327465,-8.139123687966118,10.482248647770286,-11.772411911358915,-8.454424497705231,-18.239107460421778,-11.105751791370977,5.415983599948558,14.319280326407064
EFT:-10.92860219596214,-18.68068273332747,-8.139123687966121,10.482248647770284,-11.772411911358915,-8.454424497705228,-18.239107460421778,-11.105751791370976,5.415983599948556,14.319280326407062
Random512
Raw:-10.928602195962133,-18.680682733327473,-8.139123687966121,10.482248647770284,-11.77241191135891,-8.45442449770523,-18.239107460421774,-11.105751791370976,5.415983599948557,14.31928032640706
EFT:-10.92860219596214,-18.68068273332747,-8.139123687966121,10.482248647770284,-11.772411911358915,-8.454424497705228,-18.239107460421778,-11.105751791370976,5.415983599948556,14.319280326407062
Random513
Raw:-10.928602195962139,-18.68068273332747,-8.139123687966126,10.482248647770287,-11.772411911358919,-8.454424497705228,-18.239107460421778,-11.105751791370977,5.415983599948552,14.319280326407062
EFT:-10.92860219596214,-18.68068273332747,-8.139123687966121,10.482248647770284,-11.772411911358915,-8.454424497705228,-18.239107460421778,-11.105751791370976,5.415983599948556,14.319280326407062
Random514
Raw:-10.92860219596214,-18.680682733327462,-8.139123687966123,10.482248647770284,-11.77241191135891,-8.454424497705235,-18.239107460421778,-11.105751791370976,5.415983599948559,14.319280326407064
EFT:-10.928602195962139,-18.68068273332747,-8.139123687966121,10.482248647770284,-11.772411911358915,-8.454424497705228,-18.239107460421778,-11.105751791370976,5.415983599948556,14.319280326407064
Random515
Raw:-10.92860219596214,-18.680682733327473,-8.139123687966123,10.482248647770282,-11.772411911358917,-8.454424497705226,-18.239107460421778,-11.105751791370972,5.415983599948557,14.319280326407062
EFT:-10.928602195962139,-18.68068273332747,-8.139123687966121,10.482248647770284,-11.772411911358915,-8.454424497705228,-18.239107460421778,-11.105751791370976,5.415983599948556,14.319280326407064
Random516
Raw:-10.928602195962135,-18.680682733327473,-8.139123687966121,10.48224864777029,-11.772411911358917,-8.454424497705226,-18.239107460421785,-11.10575179137098,5.415983599948557,14.319280326407064
EFT:-10.92860219596214,-18.68068273332747,-8.139123687966121,10.482248647770284,-11.772411911358915,-8.454424497705228,-18.239107460421778,-11.105751791370976,5.415983599948556,14.319280326407064
Random517
Raw:-10.928602195962146,-18.68068273332747,-8.139123687966134,10.482248647770284,-11.772411911358908,-8.454424497705222,-18.239107460421778,-11.10575179137098,5.415983599948557,14.319280326407066
EFT:-10.928602195962139,-18.68068273332747,-8.139123687966121,10.482248647770284,-11.772411911358915,-8.454424497705228,-18.239107460421778,-11.105751791370976,5.415983599948556,14.319280326407064
Random518
Raw:-10.928602195962137,-18.680682733327473,-8.139123687966132,10.48224864777029,-11.772411911358915,-8.454424497705224,-18.23910746042178,-11.105751791370976,5.415983599948558,14.319280326407059
EFT:-10.928602195962139,-18.68068273332747,-8.139123687966121,10.482248647770284,-11.772411911358915,-8.454424497705228,-18.239107460421778,-11.105751791370976,5.415983599948556,14.319280326407064
Random519
Raw:-10.928602195962139,-18.680682733327476,-8.139123687966125,10.482248647770287,-11.772411911358914,-8.454424497705228,-18.23910746042178,-11.105751791370977,5.415983599948553,14.319280326407059
EFT:-10.928602195962139,-18.68068273332747,-8.139123687966121,10.482248647770284,-11.772411911358915,-8.454424497705228,-18.239107460421778,-11.105751791370976,5.415983599948556,14.319280326407064
Random520
Raw:-10.928602195962142,-18.68068273332747,-8.139123687966118,10.482248647770279,-11.772411911358923,-8.454424497705235,-18.239107460421778,-11.105751791370968,5.415983599948551,14.319280326407062
EFT:-10.928602195962139,-18.68068273332747,-8.139123687966121,10.482248647770284,-11.772411911358915,-8.454424497705228,-18.239107460421778,-11.105751791370976,5.415983599948556,14.319280326407064
Random521
Raw:-10.928602195962137,-18.680682733327473,-8.139123687966125,10.482248647770293,-11.772411911358914,-8.454424497705226,-18.239107460421778,-11.105751791370977,5.41598359994856,14.319280326407062
EFT:-10.92860219596214,-18.68068273332747,-8.139123687966121,10.482248647770284,-11.772411911358915,-8.454424497705228,-18.239107460421778,-11.105751791370976,5.415983599948556,14.319280326407064
Random522
Raw:-10.928602195962137,-18.680682733327465,-8.139123687966128,10.482248647770279,-11.772411911358908,-8.454424497705231,-18.23910746042179,-11.105751791370961,5.415983599948556,14.319280326407073
EFT:-10.928602195962139,-18.68068273332747,-8.139123687966121,10.482248647770284,-11.772411911358915,-8.454424497705228,-18.239107460421778,-11.105751791370976,5.415983599948556,14.319280326407064
Random523
Raw:-10.928602195962142,-18.680682733327462,-8.13912368796613,10.482248647770287,-11.772411911358903,-8.454424497705228,-18.239107460421785,-11.105751791370977,5.415983599948562,14.319280326407064
EFT:-10.928602195962139,-18.68068273332747,-8.139123687966121,10.482248647770284,-11.772411911358915,-8.454424497705228,-18.239107460421778,-11.105751791370976,5.415983599948556,14.319280326407064
Random524
Raw:-10.92860219596214,-18.68068273332747,-8.139123687966121,10.48224864777028,-11.772411911358919,-8.454424497705233,-18.239107460421774,-11.10575179137097,5.415983599948551,14.319280326407064
EFT:-10.92860219596214,-18.68068273332747,-8.139123687966121,10.482248647770284,-11.772411911358915,-8.45442449770523,-18.239107460421778,-11.105751791370976,5.415983599948556,14.319280326407062
Random525
Raw:-10.928602195962137,-18.680682733327476,-8.139123687966125,10.482248647770282,-11.772411911358907,-8.454424497705231,-18.239107460421774,-11.105751791370976,5.415983599948555,14.31928032640706
EFT:-10.92860219596214,-18.68068273332747,-8.139123687966121,10.482248647770284,-11.772411911358915,-8.454424497705228,-18.239107460421778,-11.105751791370976,5.415983599948556,14.319280326407062
Random526
Raw:-10.92860219596214,-18.680682733327473,-8.139123687966128,10.482248647770284,-11.77241191135892,-8.454424497705226,-18.239107460421778,-11.10575179137098,5.41598359994856,14.31928032640706
EFT:-10.92860219596214,-18.68068273332747,-8.139123687966121,10.482248647770284,-11.772411911358915,-8.454424497705228,-18.239107460421778,-11.105751791370976,5.415983599948556,14.319280326407064
Random527
Raw:-10.928602195962133,-18.68068273332747,-8.139123687966125,10.48224864777028,-11.77241191135891,-8.454424497705228,-18.239107460421778,-11.105751791370968,5.415983599948557,14.319280326407059
EFT:-10.92860219596214,-18.68068273332747,-8.139123687966121,10.482248647770284,-11.772411911358915,-8.454424497705228,-18.239107460421778,-11.105751791370976,5.415983599948556,14.319280326407062
Random528
Raw:-10.928602195962137,-18.680682733327473,-8.139123687966126,10.482248647770286,-11.77241191135891,-8.454424497705242,-18.23910746042178,-11.105751791370981,5.415983599948558,14.319280326407062
EFT:-10.92860219596214,-18.68068273332747,-8.139123687966121,10.482248647770284,-11.772411911358915,-8.454424497705228,-18.239107460421778,-11.105751791370976,5.415983599948556,14.319280326407064
Random529
Raw:-10.928602195962137,-18.680682733327465,-8.139123687966118,10.48224864777028,-11.772411911358912,-8.454424497705235,-18.23910746042177,-11.10575179137098,5.415983599948561,14.31928032640706
EFT:-10.928602195962139,-18.68068273332747,-8.139123687966121,10.482248647770284,-11.772411911358915,-8.454424497705228,-18.239107460421778,-11.105751791370976,5.415983599948556,14.319280326407064
Random530
Raw:-10.928602195962133,-18.68068273332747,-8.139123687966125,10.48224864777029,-11.772411911358919,-8.454424497705228,-18.239107460421796,-11.10575179137098,5.415983599948559,14.319280326407062
EFT:-10.92860219596214,-18.68068273332747,-8.139123687966121,10.482248647770284,-11.772411911358915,-8.454424497705228,-18.239107460421778,-11.105751791370976,5.415983599948556,14.319280326407062
Random531
Raw:-10.928602195962139,-18.68068273332747,-8.139123687966123,10.48224864777029,-11.77241191135891,-8.454424497705228,-18.239107460421785,-11.105751791370976,5.415983599948561,14.319280326407064
EFT:-10.92860219596214,-18.68068273332747,-8.139123687966121,10.482248647770284,-11.772411911358915,-8.454424497705228,-18.239107460421778,-11.105751791370976,5.415983599948556,14.319280326407062
Random532
Raw:-10.92860219596214,-18.680682733327473,-8.139123687966125,10.482248647770282,-11.77241191135891,-8.454424497705228,-18.239107460421767,-11.10575179137098,5.415983599948559,14.319280326407062
EFT:-10.928602195962139,-18.68068273332747,-8.139123687966121,10.482248647770284,-11.772411911358915,-8.454424497705228,-18.239107460421778,-11.105751791370976,5.415983599948556,14.319280326407064
Random533
Raw:-10.928602195962142,-18.680682733327473,-8.13912368796612,10.48224864777028,-11.772411911358915,-8.454424497705228,-18.239107460421774,-11.105751791370976,5.415983599948562,14.319280326407059
EFT:-10.92860219596214,-18.68068273332747,-8.139123687966121,10.482248647770284,-11.772411911358915,-8.454424497705228,-18.239107460421778,-11.105751791370976,5.415983599948556,14.319280326407062
Random534
Raw:-10.928602195962137,-18.680682733327462,-8.139123687966128,10.482248647770284,-11.7724119113589,-8.454424497705233,-18.23910746042178,-11.10575179137097,5.415983599948561,14.31928032640706
EFT:-10.928602195962139,-18.68068273332747,-8.139123687966121,10.482248647770284,-11.772411911358915,-8.454424497705228,-18.239107460421778,-11.105751791370976,5.415983599948556,14.319280326407064
Random535
Raw:-10.928602195962139,-18.680682733327476,-8.13912368796613,10.48224864777029,-11.77241191135892,-8.454424497705224,-18.23910746042178,-11.105751791370977,5.415983599948558,14.319280326407064
EFT:-10.92860219596214,-18.68068273332747,-8.139123687966121,10.482248647770284,-11.772411911358915,-8.45442449770523,-18.239107460421778,-11.105751791370976,5.415983599948556,14.319280326407062
Random536
Raw:-10.928602195962137,-18.680682733327465,-8.13912368796612,10.482248647770284,-11.772411911358912,-8.45442449770523,-18.23910746042177,-11.105751791370976,5.415983599948559,14.31928032640706
EFT:-10.92860219596214,-18.68068273332747,-8.139123687966121,10.482248647770284,-11.772411911358915,-8.454424497705228,-18.239107460421778,-11.105751791370976,5.415983599948556,14.319280326407062
Random537
Raw:-10.92860219596214,-18.680682733327465,-8.139123687966125,10.482248647770284,-11.77241191135891,-8.454424497705222,-18.23910746042178,-11.105751791370972,5.415983599948561,14.319280326407064
EFT:-10.928602195962139,-18.68068273332747,-8.139123687966121,10.482248647770284,-11.772411911358915,-8.454424497705228,-18.239107460421778,-11.105751791370976,5.415983599948556,14.319280326407064
Random538
Raw:-10.92860219596214,-18.68068273332747,-8.139123687966125,10.482248647770287,-11.77241191135891,-8.454424497705224,-18.23910746042178,-11.105751791370974,5.415983599948554,14.31928032640706
EFT:-10.928602195962139,-18.68068273332747,-8.139123687966121,10.482248647770284,-11.772411911358915,-8.454424497705228,-18.239107460421778,-11.105751791370976,5.415983599948556,14.319280326407064
Random539
Raw:-10.928602195962139,-18.68068273332747,-8.139123687966123,10.482248647770286,-11.772411911358912,-8.454424497705233,-18.23910746042178,-11.105751791370981,5.4159835999485555,14.319280326407066
EFT:-10.92860219596214,-18.68068273332747,-8.139123687966121,10.482248647770284,-11.772411911358915,-8.454424497705228,-18.239107460421778,-11.105751791370976,5.415983599948556,14.319280326407064
Random540
Raw:-10.928602195962137,-18.68068273332746,-8.139123687966126,10.482248647770282,-11.772411911358905,-8.454424497705228,-18.239107460421778,-11.105751791370968,5.415983599948554,14.31928032640706
EFT:-10.92860219596214,-18.68068273332747,-8.139123687966121,10.482248647770284,-11.772411911358915,-8.454424497705228,-18.239107460421778,-11.105751791370976,5.415983599948556,14.319280326407062
Random541
Raw:-10.928602195962137,-18.680682733327473,-8.139123687966123,10.482248647770282,-11.772411911358908,-8.454424497705235,-18.23910746042178,-11.10575179137098,5.415983599948565,14.319280326407066
EFT:-10.928602195962139,-18.68068273332747,-8.139123687966121,10.482248647770284,-11.772411911358915,-8.454424497705228,-18.239107460421778,-11.105751791370976,5.415983599948556,14.319280326407064
Random542
Raw:-10.92860219596214,-18.680682733327473,-8.139123687966123,10.482248647770287,-11.772411911358908,-8.454424497705235,-18.239107460421785,-11.105751791370976,5.4159835999485635,14.319280326407062
EFT:-10.928602195962139,-18.68068273332747,-8.139123687966121,10.482248647770284,-11.772411911358915,-8.454424497705228,-18.239107460421778,-11.105751791370976,5.415983599948556,14.319280326407064
Random543
Raw:-10.928602195962137,-18.680682733327473,-8.139123687966118,10.482248647770287,-11.772411911358915,-8.45442449770524,-18.23910746042179,-11.105751791370974,5.415983599948564,14.319280326407066
EFT:-10.928602195962139,-18.68068273332747,-8.139123687966121,10.482248647770284,-11.772411911358915,-8.454424497705228,-18.239107460421778,-11.105751791370976,5.415983599948556,14.319280326407064
Random544
Raw:-10.928602195962144,-18.68068273332747,-8.139123687966128,10.48224864777029,-11.772411911358903,-8.454424497705233,-18.239107460421785,-11.105751791370976,5.415983599948563,14.319280326407068
EFT:-10.92860219596214,-18.68068273332747,-8.139123687966121,10.482248647770284,-11.772411911358915,-8.454424497705228,-18.239107460421778,-11.105751791370976,5.415983599948556,14.319280326407062
Random545
Raw:-10.928602195962146,-18.68068273332747,-8.139123687966123,10.48224864777029,-11.772411911358915,-8.45442449770524,-18.239107460421785,-11.10575179137098,5.415983599948561,14.319280326407064
EFT:-10.928602195962139,-18.68068273332747,-8.139123687966121,10.482248647770284,-11.772411911358915,-8.454424497705228,-18.239107460421778,-11.105751791370976,5.415983599948556,14.319280326407064
Random546
Raw:-10.928602195962135,-18.68068273332747,-8.139123687966123,10.482248647770284,-11.772411911358905,-8.454424497705228,-18.23910746042177,-11.105751791370983,5.415983599948564,14.31928032640706
EFT:-10.92860219596214,-18.68068273332747,-8.139123687966121,10.482248647770284,-11.772411911358915,-8.454424497705228,-18.239107460421778,-11.105751791370976,5.415983599948556,14.319280326407064
Random547
Raw:-10.928602195962133,-18.680682733327465,-8.139123687966126,10.482248647770282,-11.772411911358905,-8.454424497705235,-18.23910746042178,-11.105751791370976,5.415983599948558,14.319280326407064
EFT:-10.928602195962139,-18.68068273332747,-8.139123687966121,10.482248647770284,-11.772411911358915,-8.454424497705228,-18.239107460421778,-11.105751791370976,5.415983599948556,14.319280326407064
Random548
Raw:-10.928602195962142,-18.680682733327465,-8.139123687966125,10.48224864777029,-11.77241191135891,-8.454424497705237,-18.239107460421778,-11.105751791370977,5.415983599948565,14.319280326407062
EFT:-10.92860219596214,-18.68068273332747,-8.139123687966121,10.482248647770284,-11.772411911358915,-8.454424497705228,-18.239107460421778,-11.105751791370976,5.415983599948556,14.319280326407062
Random549
Raw:-10.928602195962137,-18.68068273332747,-8.139123687966126,10.482248647770287,-11.77241191135891,-8.454424497705228,-18.239107460421785,-11.10575179137097,5.415983599948551,14.319280326407064
EFT:-10.92860219596214,-18.68068273332747,-8.139123687966121,10.482248647770284,-11.772411911358915,-8.454424497705228,-18.239107460421778,-11.105751791370976,5.415983599948556,14.319280326407064
Random550
Raw:-10.92860219596214,-18.680682733327473,-8.139123687966125,10.482248647770282,-11.772411911358919,-8.45442449770522,-18.23910746042178,-11.105751791370974,5.415983599948557,14.319280326407057
EFT:-10.92860219596214,-18.68068273332747,-8.139123687966121,10.482248647770284,-11.772411911358915,-8.45442449770523,-18.239107460421778,-11.105751791370976,5.415983599948556,14.319280326407062
Random551
Raw:-10.928602195962137,-18.68068273332747,-8.139123687966123,10.482248647770282,-11.772411911358914,-8.454424497705224,-18.239107460421778,-11.105751791370974,5.415983599948559,14.319280326407059
EFT:-10.92860219596214,-18.68068273332747,-8.139123687966121,10.482248647770284,-11.772411911358915,-8.45442449770523,-18.239107460421778,-11.105751791370976,5.415983599948556,14.319280326407062
Random552
Raw:-10.928602195962135,-18.680682733327465,-8.139123687966123,10.482248647770287,-11.772411911358912,-8.454424497705235,-18.23910746042179,-11.105751791370972,5.41598359994856,14.319280326407059
EFT:-10.92860219596214,-18.68068273332747,-8.139123687966121,10.482248647770284,-11.772411911358915,-8.454424497705228,-18.239107460421778,-11.105751791370976,5.415983599948556,14.319280326407064
Random553
Raw:-10.92860219596214,-18.680682733327473,-8.139123687966128,10.48224864777028,-11.772411911358919,-8.454424497705217,-18.239107460421767,-11.105751791370976,5.415983599948557,14.319280326407062
EFT:-10.92860219596214,-18.68068273332747,-8.139123687966121,10.482248647770284,-11.772411911358915,-8.454424497705228,-18.239107460421778,-11.105751791370976,5.415983599948556,14.319280326407062
Random554
Raw:-10.92860219596214,-18.680682733327462,-8.139123687966128,10.482248647770286,-11.772411911358912,-8.454424497705235,-18.23910746042178,-11.105751791370972,5.415983599948556,14.319280326407062
EFT:-10.92860219596214,-18.68068273332747,-8.139123687966121,10.482248647770284,-11.772411911358915,-8.454424497705228,-18.239107460421778,-11.105751791370976,5.415983599948556,14.319280326407064
Random555
Raw:-10.928602195962139,-18.68068273332747,-8.13912368796613,10.48224864777029,-11.772411911358914,-8.45442449770523,-18.239107460421778,-11.105751791370983,5.41598359994856,14.319280326407062
EFT:-10.92860219596214,-18.68068273332747,-8.139123687966121,10.482248647770284,-11.772411911358915,-8.454424497705228,-18.239107460421778,-11.105751791370976,5.415983599948556,14.319280326407062
Random556
Raw:-10.928602195962135,-18.680682733327465,-8.139123687966128,10.482248647770286,-11.772411911358907,-8.45442449770523,-18.239107460421774,-11.105751791370976,5.415983599948556,14.319280326407062
EFT:-10.92860219596214,-18.68068273332747,-8.139123687966121,10.482248647770284,-11.772411911358915,-8.454424497705228,-18.239107460421778,-11.105751791370976,5.415983599948556,14.319280326407062
Random557
Raw:-10.92860219596214,-18.680682733327476,-8.13912368796612,10.482248647770286,-11.772411911358917,-8.454424497705237,-18.239107460421785,-11.105751791370977,5.415983599948561,14.319280326407066
EFT:-10.92860219596214,-18.68068273332747,-8.139123687966121,10.482248647770284,-11.772411911358915,-8.454424497705228,-18.239107460421778,-11.105751791370976,5.415983599948556,14.319280326407062
Random558
Raw:-10.928602195962135,-18.680682733327476,-8.139123687966126,10.48224864777029,-11.772411911358908,-8.454424497705224,-18.23910746042177,-11.105751791370983,5.415983599948564,14.319280326407055
EFT:-10.92860219596214,-18.68068273332747,-8.139123687966121,10.482248647770284,-11.772411911358915,-8.454424497705228,-18.239107460421778,-11.105751791370976,5.415983599948556,14.319280326407062
Random559
Raw:-10.92860219596214,-18.68068273332747,-8.139123687966123,10.482248647770287,-11.772411911358915,-8.454424497705228,-18.23910746042178,-11.10575179137097,5.415983599948554,14.319280326407062
EFT:-10.92860219596214,-18.68068273332747,-8.139123687966121,10.482248647770284,-11.772411911358915,-8.454424497705228,-18.239107460421778,-11.105751791370976,5.415983599948556,14.319280326407062
Random560
Raw:-10.928602195962137,-18.680682733327476,-8.139123687966128,10.482248647770286,-11.772411911358914,-8.45442449770522,-18.239107460421778,-11.10575179137098,5.415983599948557,14.319280326407064
EFT:-10.92860219596214,-18.68068273332747,-8.139123687966121,10.482248647770284,-11.772411911358915,-8.454424497705228,-18.239107460421778,-11.105751791370976,5.415983599948556,14.319280326407062
Random561
Raw:-10.928602195962137,-18.680682733327462,-8.139123687966126,10.482248647770287,-11.772411911358912,-8.454424497705224,-18.239107460421774,-11.10575179137098,5.415983599948562,14.31928032640706
EFT:-10.92860219596214,-18.68068273332747,-8.139123687966121,10.482248647770284,-11.772411911358915,-8.45442449770523,-18.239107460421778,-11.105751791370976,5.415983599948556,14.319280326407062
Random562
Raw:-10.928602195962137,-18.680682733327476,-8.139123687966121,10.48224864777028,-11.77241191135892,-8.454424497705224,-18.239107460421774,-11.10575179137098,5.415983599948569,14.319280326407055
EFT:-10.928602195962139,-18.68068273332747,-8.139123687966121,10.482248647770284,-11.772411911358915,-8.454424497705228,-18.239107460421778,-11.105751791370976,5.415983599948556,14.319280326407064
Random563
Raw:-10.928602195962137,-18.680682733327473,-8.139123687966118,10.482248647770282,-11.772411911358917,-8.454424497705226,-18.239107460421778,-11.105751791370967,5.415983599948558,14.319280326407062
EFT:-10.92860219596214,-18.68068273332747,-8.139123687966121,10.482248647770284,-11.772411911358915,-8.454424497705228,-18.239107460421778,-11.105751791370976,5.415983599948556,14.319280326407062
Random564
Raw:-10.92860219596214,-18.68068273332747,-8.139123687966132,10.482248647770286,-11.772411911358903,-8.454424497705233,-18.23910746042177,-11.10575179137098,5.4159835999485635,14.319280326407066
EFT:-10.928602195962139,-18.68068273332747,-8.139123687966121,10.482248647770284,-11.772411911358915,-8.454424497705228,-18.239107460421778,-11.105751791370976,5.415983599948556,14.319280326407064
Random565
Raw:-10.928602195962133,-18.680682733327473,-8.139123687966128,10.482248647770291,-11.772411911358915,-8.45442449770524,-18.239107460421785,-11.105751791370972,5.415983599948558,14.319280326407066
EFT:-10.928602195962139,-18.68068273332747,-8.139123687966121,10.482248647770284,-11.772411911358915,-8.454424497705228,-18.239107460421778,-11.105751791370976,5.415983599948556,14.319280326407064
Random566
Raw:-10.928602195962139,-18.680682733327473,-8.139123687966123,10.482248647770284,-11.772411911358914,-8.454424497705228,-18.239107460421778,-11.105751791370981,5.415983599948557,14.319280326407057
EFT:-10.928602195962139,-18.68068273332747,-8.139123687966121,10.482248647770284,-11.772411911358915,-8.454424497705228,-18.239107460421778,-11.105751791370976,5.415983599948556,14.319280326407064
Random567
Raw:-10.928602195962139,-18.680682733327476,-8.13912368796612,10.482248647770286,-11.772411911358914,-8.454424497705228,-18.239107460421764,-11.10575179137098,5.4159835999485635,14.31928032640706
EFT:-10.92860219596214,-18.68068273332747,-8.139123687966121,10.482248647770284,-11.772411911358915,-8.454424497705228,-18.239107460421778,-11.105751791370976,5.415983599948556,14.319280326407062
Random568
Raw:-10.928602195962137,-18.680682733327465,-8.139123687966121,10.482248647770282,-11.772411911358915,-8.454424497705231,-18.239107460421774,-11.105751791370974,5.41598359994856,14.319280326407066
EFT:-10.92860219596214,-18.68068273332747,-8.139123687966121,10.482248647770284,-11.772411911358915,-8.454424497705228,-18.239107460421778,-11.105751791370976,5.415983599948556,14.319280326407064
Random569
Raw:-10.928602195962137,-18.68068273332747,-8.139123687966123,10.482248647770284,-11.772411911358914,-8.45442449770523,-18.23910746042178,-11.105751791370968,5.415983599948557,14.319280326407059
EFT:-10.928602195962139,-18.68068273332747,-8.139123687966121,10.482248647770284,-11.772411911358915,-8.454424497705228,-18.239107460421778,-11.105751791370976,5.415983599948556,14.319280326407064
Random570
Raw:-10.92860219596214,-18.680682733327476,-8.139123687966126,10.48224864777029,-11.772411911358905,-8.454424497705226,-18.23910746042178,-11.105751791370976,5.4159835999485555,14.319280326407068
EFT:-10.928602195962139,-18.68068273332747,-8.139123687966121,10.482248647770284,-11.772411911358915,-8.454424497705228,-18.239107460421778,-11.105751791370976,5.415983599948556,14.319280326407064
Random571
Raw:-10.928602195962139,-18.68068273332747,-8.139123687966128,10.482248647770291,-11.772411911358912,-8.454424497705233,-18.239107460421774,-11.105751791370983,5.415983599948567,14.319280326407059
EFT:-10.92860219596214,-18.68068273332747,-8.139123687966121,10.482248647770284,-11.772411911358915,-8.454424497705228,-18.239107460421778,-11.105751791370976,5.415983599948556,14.319280326407062
Random572
Raw:-10.928602195962142,-18.680682733327476,-8.139123687966128,10.482248647770287,-11.77241191135891,-8.454424497705222,-18.239107460421774,-11.105751791370983,5.415983599948562,14.319280326407064
EFT:-10.92860219596214,-18.68068273332747,-8.139123687966121,10.482248647770284,-11.772411911358915,-8.454424497705228,-18.239107460421778,-11.105751791370976,5.415983599948556,14.319280326407064
Random573
Raw:-10.928602195962148,-18.68068273332747,-8.139123687966125,10.482248647770286,-11.772411911358915,-8.454424497705237,-18.239107460421778,-11.105751791370976,5.415983599948561,14.319280326407062
EFT:-10.928602195962139,-18.68068273332747,-8.139123687966121,10.482248647770284,-11.772411911358915,-8.454424497705228,-18.239107460421778,-11.105751791370976,5.415983599948556,14.319280326407064
Random574
Raw:-10.928602195962142,-18.68068273332747,-8.139123687966123,10.482248647770286,-11.77241191135892,-8.454424497705222,-18.239107460421778,-11.105751791370977,5.415983599948552,14.319280326407064
EFT:-10.928602195962139,-18.68068273332747,-8.139123687966121,10.482248647770284,-11.772411911358915,-8.454424497705228,-18.239107460421778,-11.105751791370976,5.415983599948556,14.319280326407064
Random575
Raw:-10.928602195962137,-18.680682733327465,-8.139123687966125,10.482248647770282,-11.772411911358914,-8.454424497705226,-18.239107460421778,-11.105751791370974,5.4159835999485555,14.319280326407059
EFT:-10.92860219596214,-18.68068273332747,-8.139123687966121,10.482248647770284,-11.772411911358915,-8.454424497705228,-18.239107460421778,-11.105751791370976,5.415983599948556,14.319280326407062
Random576
Raw:-10.928602195962132,-18.680682733327476,-8.139123687966126,10.482248647770277,-11.772411911358901,-8.454424497705228,-18.239107460421774,-11.10575179137098,5.415983599948557,14.319280326407059
EFT:-10.928602195962139,-18.68068273332747,-8.139123687966121,10.482248647770284,-11.772411911358915,-8.454424497705228,-18.239107460421778,-11.105751791370976,5.415983599948556,14.319280326407064
Random577
Raw:-10.92860219596214,-18.680682733327473,-8.139123687966125,10.48224864777029,-11.772411911358919,-8.45442449770523,-18.23910746042178,-11.105751791370981,5.415983599948564,14.319280326407059
EFT:-10.928602195962139,-18.68068273332747,-8.139123687966121,10.482248647770284,-11.772411911358915,-8.454424497705228,-18.239107460421778,-11.105751791370976,5.415983599948556,14.319280326407064
Random578
Raw:-10.92860219596214,-18.680682733327483,-8.139123687966118,10.48224864777029,-11.772411911358919,-8.454424497705228,-18.239107460421778,-11.10575179137098,5.415983599948562,14.319280326407059
EFT:-10.92860219596214,-18.68068273332747,-8.139123687966121,10.482248647770284,-11.772411911358915,-8.454424497705228,-18.239107460421778,-11.105751791370976,5.415983599948556,14.319280326407062
Random579
Raw:-10.928602195962139,-18.680682733327473,-8.139123687966128,10.482248647770287,-11.772411911358912,-8.454424497705231,-18.239107460421774,-11.10575179137098,5.415983599948557,14.319280326407062
EFT:-10.92860219596214,-18.68068273332747,-8.139123687966121,10.482248647770284,-11.772411911358915,-8.454424497705228,-18.239107460421778,-11.105751791370976,5.415983599948556,14.319280326407062
Random580
Raw:-10.928602195962139,-18.680682733327473,-8.139123687966126,10.48224864777029,-11.772411911358912,-8.454424497705226,-18.23910746042178,-11.105751791370974,5.415983599948555,14.319280326407062
EFT:-10.92860219596214,-18.68068273332747,-8.139123687966121,10.482248647770284,-11.772411911358915,-8.454424497705228,-18.239107460421778,-11.105751791370976,5.415983599948556,14.319280326407062
Random581
Raw:-10.928602195962137,-18.68068273332747,-8.139123687966128,10.482248647770286,-11.772411911358908,-8.454424497705224,-18.239107460421785,-11.105751791370972,5.415983599948551,14.319280326407064
EFT:-10.92860219596214,-18.68068273332747,-8.139123687966121,10.482248647770284,-11.772411911358915,-8.454424497705228,-18.239107460421778,-11.105751791370976,5.415983599948556,14.319280326407062
Random582
Raw:-10.928602195962142,-18.680682733327462,-8.139123687966125,10.482248647770284,-11.772411911358917,-8.454424497705233,-18.239107460421785,-11.10575179137097,5.415983599948561,14.319280326407062
EFT:-10.92860219596214,-18.68068273332747,-8.139123687966121,10.482248647770284,-11.772411911358915,-8.454424497705228,-18.239107460421778,-11.105751791370976,5.415983599948556,14.319280326407062
Random583
Raw:-10.928602195962137,-18.68068273332747,-8.139123687966121,10.482248647770277,-11.772411911358914,-8.454424497705231,-18.239107460421785,-11.105751791370972,5.415983599948562,14.319280326407062
EFT:-10.92860219596214,-18.68068273332747,-8.139123687966121,10.482248647770284,-11.772411911358915,-8.454424497705228,-18.239107460421778,-11.105751791370976,5.415983599948556,14.319280326407064
Random584
Raw:-10.928602195962139,-18.680682733327476,-8.139123687966123,10.48224864777029,-11.772411911358915,-8.454424497705224,-18.23910746042177,-11.105751791370984,5.415983599948559,14.319280326407062
EFT:-10.92860219596214,-18.68068273332747,-8.139123687966121,10.482248647770284,-11.772411911358915,-8.454424497705228,-18.239107460421778,-11.105751791370976,5.415983599948556,14.319280326407064
Random585
Raw:-10.928602195962137,-18.680682733327462,-8.139123687966123,10.48224864777028,-11.772411911358914,-8.454424497705224,-18.23910746042178,-11.10575179137098,5.415983599948562,14.319280326407053
EFT:-10.92860219596214,-18.68068273332747,-8.139123687966121,10.482248647770284,-11.772411911358915,-8.454424497705228,-18.239107460421778,-11.105751791370976,5.415983599948556,14.319280326407064
Random586
Raw:-10.92860219596214,-18.68068273332747,-8.139123687966126,10.48224864777029,-11.772411911358905,-8.454424497705228,-18.23910746042178,-11.105751791370981,5.415983599948559,14.319280326407062
EFT:-10.92860219596214,-18.68068273332747,-8.139123687966121,10.482248647770284,-11.772411911358915,-8.454424497705228,-18.239107460421778,-11.105751791370976,5.415983599948556,14.319280326407062
Random587
Raw:-10.928602195962144,-18.680682733327465,-8.13912368796612,10.48224864777028,-11.772411911358919,-8.45442449770523,-18.239107460421785,-11.105751791370967,5.4159835999485635,14.319280326407059
EFT:-10.928602195962139,-18.68068273332747,-8.139123687966121,10.482248647770284,-11.772411911358915,-8.454424497705228,-18.239107460421778,-11.105751791370976,5.415983599948556,14.319280326407064
Random588
Raw:-10.928602195962137,-18.68068273332747,-8.139123687966121,10.482248647770284,-11.772411911358915,-8.454424497705224,-18.239107460421774,-11.105751791370977,5.4159835999485555,14.31928032640706
EFT:-10.928602195962139,-18.68068273332747,-8.139123687966121,10.482248647770284,-11.772411911358915,-8.454424497705228,-18.239107460421778,-11.105751791370976,5.415983599948556,14.319280326407064
Random589
Raw:-10.928602195962133,-18.680682733327473,-8.13912368796613,10.482248647770287,-11.772411911358905,-8.45442449770523,-18.239107460421778,-11.105751791370977,5.415983599948564,14.319280326407064
EFT:-10.92860219596214,-18.68068273332747,-8.139123687966121,10.482248647770284,-11.772411911358915,-8.454424497705228,-18.239107460421778,-11.105751791370976,5.415983599948556,14.319280326407062
Random590
Raw:-10.92860219596214,-18.68068273332747,-8.139123687966128,10.482248647770284,-11.772411911358919,-8.454424497705226,-18.239107460421778,-11.105751791370972,5.415983599948557,14.319280326407059
EFT:-10.92860219596214,-18.68068273332747,-8.139123687966121,10.482248647770284,-11.772411911358915,-8.454424497705228,-18.239107460421778,-11.105751791370976,5.415983599948556,14.319280326407062
Random591
Raw:-10.928602195962139,-18.68068273332747,-8.139123687966126,10.482248647770291,-11.77241191135891,-8.454424497705224,-18.23910746042178,-11.105751791370976,5.415983599948561,14.319280326407064
EFT:-10.92860219596214,-18.68068273332747,-8.139123687966121,10.482248647770284,-11.772411911358915,-8.454424497705228,-18.239107460421778,-11.105751791370976,5.415983599948556,14.319280326407064
Random592
Raw:-10.928602195962137,-18.680682733327465,-8.139123687966128,10.482248647770287,-11.772411911358905,-8.454424497705242,-18.23910746042178,-11.105751791370977,5.415983599948562,14.319280326407059
EFT:-10.92860219596214,-18.68068273332747,-8.139123687966121,10.482248647770284,-11.772411911358915,-8.454424497705228,-18.239107460421778,-11.105751791370976,5.415983599948556,14.319280326407062
Random593
Raw:-10.928602195962132,-18.680682733327462,-8.139123687966123,10.48224864777028,-11.772411911358912,-8.454424497705231,-18.239107460421778,-11.105751791370965,5.415983599948557,14.319280326407064
EFT:-10.92860219596214,-18.68068273332747,-8.139123687966121,10.482248647770284,-11.772411911358915,-8.454424497705228,-18.239107460421778,-11.105751791370976,5.415983599948556,14.319280326407062
Random594
Raw:-10.928602195962144,-18.680682733327473,-8.139123687966128,10.482248647770291,-11.772411911358908,-8.454424497705235,-18.239107460421778,-11.105751791370981,5.415983599948559,14.319280326407066
EFT:-10.92860219596214,-18.68068273332747,-8.139123687966121,10.482248647770284,-11.772411911358915,-8.454424497705228,-18.239107460421778,-11.105751791370976,5.415983599948556,14.319280326407064
Random595
Raw:-10.928602195962144,-18.680682733327473,-8.139123687966126,10.48224864777029,-11.772411911358926,-8.45442449770523,-18.239107460421774,-11.105751791370981,5.415983599948562,14.319280326407055
EFT:-10.92860219596214,-18.68068273332747,-8.139123687966121,10.482248647770284,-11.772411911358915,-8.454424497705228,-18.239107460421778,-11.105751791370976,5.415983599948556,14.319280326407062
Random596
Raw:-10.928602195962142,-18.68068273332747,-8.139123687966123,10.482248647770287,-11.772411911358912,-8.454424497705233,-18.23910746042178,-11.105751791370981,5.4159835999485555,14.319280326407068
EFT:-10.92860219596214,-18.68068273332747,-8.139123687966121,10.482248647770284,-11.772411911358915,-8.454424497705228,-18.239107460421778,-11.105751791370976,5.415983599948556,14.319280326407062
Random597
Raw:-10.92860219596214,-18.680682733327465,-8.139123687966123,10.482248647770282,-11.772411911358919,-8.45442449770522,-18.239107460421778,-11.105751791370974,5.415983599948556,14.319280326407066
EFT:-10.92860219596214,-18.68068273332747,-8.139123687966121,10.482248647770284,-11.772411911358915,-8.454424497705228,-18.239107460421778,-11.105751791370976,5.415983599948556,14.319280326407062
Random598
Raw:-10.928602195962137,-18.680682733327465,-8.13912368796613,10.482248647770286,-11.772411911358898,-8.45442449770523,-18.23910746042178,-11.105751791370972,5.415983599948557,14.319280326407062
EFT:-10.92860219596214,-18.68068273332747,-8.139123687966121,10.482248647770284,-11.772411911358915,-8.454424497705228,-18.239107460421778,-11.105751791370976,5.415983599948556,14.319280326407064
Random599
Raw:-10.928602195962144,-18.680682733327465,-8.139123687966126,10.482248647770282,-11.772411911358914,-8.45442449770523,-18.239107460421774,-11.105751791370972,5.415983599948563,14.319280326407062
EFT:-10.92860219596214,-18.68068273332747,-8.139123687966121,10.482248647770284,-11.772411911358915,-8.454424497705228,-18.239107460421778,-11.105751791370976,5.415983599948556,14.319280326407062
Random600
Raw:-10.928602195962144,-18.680682733327465,-8.13912368796613,10.482248647770282,-11.772411911358905,-8.454424497705226,-18.239107460421774,-11.105751791370972,5.415983599948561,14.319280326407055
EFT:-10.928602195962139,-18.68068273332747,-8.139123687966121,10.482248647770284,-11.772411911358915,-8.454424497705228,-18.239107460421778,-11.105751791370976,5.415983599948556,14.319280326407064
Random601
Raw:-10.928602195962132,-18.680682733327465,-8.139123687966121,10.48224864777028,-11.77241191135891,-8.45442449770523,-18.23910746042177,-11.105751791370977,5.4159835999485635,14.31928032640706
EFT:-10.92860219596214,-18.68068273332747,-8.139123687966121,10.482248647770284,-11.772411911358915,-8.454424497705228,-18.239107460421778,-11.105751791370976,5.415983599948556,14.319280326407062
Random602
Raw:-10.92860219596214,-18.68068273332748,-8.139123687966126,10.482248647770291,-11.772411911358914,-8.454424497705231,-18.23910746042178,-11.105751791370977,5.41598359994856,14.319280326407059
EFT:-10.92860219596214,-18.68068273332747,-8.139123687966121,10.482248647770284,-11.772411911358915,-8.454424497705228,-18.239107460421778,-11.105751791370976,5.415983599948556,14.319280326407064
Random603
Raw:-10.928602195962139,-18.68068273332747,-8.139123687966123,10.482248647770284,-11.772411911358912,-8.454424497705233,-18.239107460421785,-11.10575179137097,5.415983599948559,14.319280326407059
EFT:-10.928602195962139,-18.68068273332747,-8.139123687966121,10.482248647770284,-11.772411911358915,-8.454424497705228,-18.239107460421778,-11.105751791370976,5.415983599948556,14.319280326407064
Random604
Raw:-10.92860219596214,-18.680682733327476,-8.139123687966125,10.48224864777029,-11.772411911358912,-8.454424497705233,-18.239107460421785,-11.105751791370976,5.415983599948563,14.319280326407066
EFT:-10.92860219596214,-18.68068273332747,-8.139123687966121,10.482248647770284,-11.772411911358915,-8.454424497705228,-18.239107460421778,-11.105751791370976,5.415983599948556,14.319280326407062
Random605
Raw:-10.928602195962144,-18.680682733327476,-8.139123687966125,10.482248647770287,-11.772411911358914,-8.45442449770523,-18.239107460421778,-11.105751791370977,5.415983599948561,14.319280326407055
EFT:-10.92860219596214,-18.68068273332747,-8.139123687966121,10.482248647770284,-11.772411911358915,-8.454424497705228,-18.239107460421778,-11.105751791370976,5.415983599948556,14.319280326407064
Random606
Raw:-10.928602195962139,-18.68068273332746,-8.139123687966121,10.482248647770282,-11.772411911358912,-8.454424497705233,-18.239107460421796,-11.105751791370967,5.415983599948559,14.319280326407068
EFT:-10.92860219596214,-18.68068273332747,-8.139123687966121,10.482248647770284,-11.772411911358915,-8.454424497705228,-18.239107460421778,-11.105751791370976,5.415983599948556,14.319280326407062
Random607
Raw:-10.92860219596214,-18.680682733327476,-8.139123687966118,10.482248647770286,-11.772411911358917,-8.454424497705231,-18.23910746042178,-11.105751791370974,5.415983599948557,14.319280326407064
EFT:-10.92860219596214,-18.68068273332747,-8.139123687966121,10.482248647770284,-11.772411911358915,-8.454424497705228,-18.239107460421778,-11.105751791370976,5.415983599948556,14.319280326407064
Random608
Raw:-10.928602195962142,-18.68068273332747,-8.139123687966126,10.48224864777029,-11.77241191135891,-8.454424497705228,-18.239107460421774,-11.105751791370972,5.415983599948556,14.319280326407057
EFT:-10.92860219596214,-18.68068273332747,-8.139123687966121,10.482248647770284,-11.772411911358915,-8.45442449770523,-18.239107460421778,-11.105751791370976,5.415983599948556,14.319280326407062
Random609
Raw:-10.92860219596214,-18.68068273332747,-8.139123687966126,10.482248647770282,-11.772411911358901,-8.454424497705226,-18.239107460421774,-11.105751791370976,5.415983599948565,14.319280326407059
EFT:-10.92860219596214,-18.68068273332747,-8.139123687966121,10.482248647770284,-11.772411911358915,-8.454424497705228,-18.239107460421778,-11.105751791370976,5.415983599948556,14.319280326407064
Random610
Raw:-10.928602195962133,-18.68068273332747,-8.13912368796613,10.482248647770282,-11.772411911358908,-8.45442449770523,-18.239107460421774,-11.105751791370972,5.415983599948554,14.31928032640706
EFT:-10.92860219596214,-18.68068273332747,-8.139123687966121,10.482248647770284,-11.772411911358915,-8.454424497705228,-18.239107460421778,-11.105751791370976,5.415983599948556,14.319280326407064
Random611
Raw:-10.928602195962139,-18.68068273332747,-8.139123687966125,10.482248647770284,-11.772411911358912,-8.45442449770523,-18.239107460421785,-11.105751791370974,5.415983599948557,14.319280326407064
EFT:-10.92860219596214,-18.68068273332747,-8.139123687966121,10.482248647770284,-11.772411911358915,-8.45442449770523,-18.239107460421778,-11.105751791370976,5.415983599948556,14.319280326407062
Random612
Raw:-10.928602195962137,-18.680682733327473,-8.139123687966125,10.482248647770282,-11.772411911358915,-8.454424497705231,-18.239107460421774,-11.105751791370977,5.415983599948563,14.319280326407066
EFT:-10.92860219596214,-18.68068273332747,-8.139123687966121,10.482248647770284,-11.772411911358915,-8.454424497705228,-18.239107460421778,-11.105751791370976,5.415983599948556,14.319280326407062
Random613
Raw:-10.928602195962133,-18.68068273332747,-8.139123687966123,10.482248647770284,-11.772411911358915,-8.454424497705233,-18.23910746042177,-11.105751791370977,5.4159835999485635,14.319280326407053
EFT:-10.92860219596214,-18.68068273332747,-8.139123687966121,10.482248647770284,-11.772411911358915,-8.45442449770523,-18.239107460421778,-11.105751791370976,5.415983599948556,14.319280326407062
Random614
Raw:-10.928602195962137,-18.680682733327465,-8.139123687966128,10.482248647770284,-11.77241191135891,-8.45442449770523,-18.239107460421778,-11.10575179137098,5.415983599948561,14.319280326407066
EFT:-10.92860219596214,-18.68068273332747,-8.139123687966121,10.482248647770284,-11.772411911358915,-8.454424497705228,-18.239107460421778,-11.105751791370976,5.415983599948556,14.319280326407064
Random615
Raw:-10.92860219596214,-18.680682733327473,-8.139123687966126,10.482248647770293,-11.772411911358914,-8.45442449770523,-18.239107460421778,-11.105751791370981,5.415983599948557,14.319280326407057
EFT:-10.928602195962139,-18.68068273332747,-8.139123687966121,10.482248647770284,-11.772411911358915,-8.454424497705228,-18.239107460421778,-11.105751791370976,5.415983599948556,14.319280326407064
Random616
Raw:-10.928602195962139,-18.68068273332747,-8.139123687966125,10.48224864777028,-11.772411911358917,-8.454424497705226,-18.239107460421785,-11.105751791370965,5.415983599948553,14.319280326407055
EFT:-10.92860219596214,-18.68068273332747,-8.139123687966121,10.482248647770284,-11.772411911358915,-8.454424497705228,-18.239107460421778,-11.105751791370976,5.415983599948556,14.319280326407062
Random617
Raw:-10.928602195962139,-18.68068273332747,-8.139123687966125,10.482248647770295,-11.772411911358905,-8.454424497705231,-18.239107460421774,-11.105751791370983,5.415983599948566,14.31928032640706
EFT:-10.928602195962139,-18.68068273332747,-8.139123687966123,10.482248647770284,-11.772411911358915,-8.454424497705228,-18.239107460421778,-11.105751791370976,5.415983599948556,14.319280326407064
Random618
Raw:-10.928602195962139,-18.68068273332747,-8.139123687966121,10.482248647770287,-11.772411911358914,-8.454424497705238,-18.23910746042178,-11.105751791370972,5.415983599948557,14.319280326407057
EFT:-10.928602195962139,-18.68068273332747,-8.139123687966121,10.482248647770284,-11.772411911358915,-8.454424497705228,-18.239107460421778,-11.105751791370976,5.415983599948556,14.319280326407064
Random619
Raw:-10.928602195962133,-18.68068273332747,-8.139123687966125,10.48224864777029,-11.772411911358912,-8.454424497705233,-18.239107460421774,-11.10575179137098,5.415983599948559,14.319280326407059
EFT:-10.92860219596214,-18.68068273332747,-8.139123687966121,10.482248647770284,-11.772411911358915,-8.454424497705228,-18.239107460421778,-11.105751791370976,5.415983599948556,14.319280326407064
Random620
Raw:-10.928602195962142,-18.68068273332747,-8.139123687966125,10.482248647770287,-11.772411911358917,-8.454424497705222,-18.23910746042177,-11.105751791370972,5.415983599948556,14.31928032640706
EFT:-10.92860219596214,-18.68068273332747,-8.139123687966121,10.482248647770284,-11.772411911358915,-8.454424497705228,-18.239107460421778,-11.105751791370976,5.415983599948556,14.319280326407062
Random621
Raw:-10.928602195962142,-18.680682733327476,-8.139123687966134,10.482248647770286,-11.772411911358907,-8.454424497705228,-18.23910746042177,-11.105751791370976,5.41598359994856,14.31928032640706
EFT:-10.92860219596214,-18.68068273332747,-8.139123687966121,10.482248647770284,-11.772411911358915,-8.454424497705228,-18.239107460421778,-11.105751791370976,5.415983599948556,14.319280326407062
Random622
Raw:-10.928602195962142,-18.680682733327476,-8.139123687966128,10.482248647770291,-11.772411911358915,-8.454424497705231,-18.239107460421785,-11.105751791370976,5.415983599948557,14.319280326407059
EFT:-10.928602195962139,-18.68068273332747,-8.139123687966121,10.482248647770284,-11.772411911358915,-8.454424497705228,-18.239107460421778,-11.105751791370976,5.415983599948556,14.319280326407064
Random623
Raw:-10.928602195962142,-18.680682733327473,-8.139123687966134,10.482248647770287,-11.772411911358903,-8.454424497705222,-18.23910746042178,-11.105751791370981,5.4159835999485635,14.319280326407059
EFT:-10.92860219596214,-18.68068273332747,-8.139123687966121,10.482248647770284,-11.772411911358915,-8.454424497705228,-18.239107460421778,-11.105751791370976,5.415983599948556,14.319280326407062
Random624
Raw:-10.928602195962144,-18.68068273332748,-8.139123687966125,10.482248647770287,-11.772411911358924,-8.454424497705222,-18.23910746042178,-11.105751791370981,5.415983599948557,14.31928032640706
EFT:-10.92860219596214,-18.68068273332747,-8.139123687966121,10.482248647770284,-11.772411911358915,-8.454424497705228,-18.239107460421778,-11.105751791370976,5.415983599948556,14.319280326407062
Random625
Raw:-10.928602195962137,-18.68068273332748,-8.139123687966125,10.482248647770284,-11.772411911358903,-8.454424497705235,-18.239107460421778,-11.105751791370974,5.41598359994856,14.319280326407053
EFT:-10.928602195962139,-18.68068273332747,-8.139123687966121,10.482248647770284,-11.772411911358915,-8.454424497705228,-18.239107460421778,-11.105751791370976,5.415983599948556,14.319280326407064
Random626
Raw:-10.928602195962139,-18.68068273332747,-8.139123687966125,10.48224864777029,-11.772411911358917,-8.454424497705228,-18.23910746042177,-11.10575179137098,5.41598359994856,14.319280326407057
EFT:-10.92860219596214,-18.68068273332747,-8.139123687966121,10.482248647770284,-11.772411911358915,-8.454424497705228,-18.239107460421778,-11.105751791370976,5.415983599948556,14.319280326407064
Random627
Raw:-10.92860219596214,-18.68068273332747,-8.139123687966128,10.482248647770282,-11.77241191135891,-8.454424497705219,-18.23910746042178,-11.105751791370976,5.415983599948557,14.319280326407055
EFT:-10.92860219596214,-18.68068273332747,-8.139123687966121,10.482248647770284,-11.772411911358915,-8.454424497705228,-18.239107460421778,-11.105751791370976,5.415983599948556,14.319280326407062
Random628
Raw:-10.928602195962137,-18.680682733327473,-8.139123687966128,10.482248647770279,-11.772411911358914,-8.454424497705226,-18.239107460421767,-11.105751791370976,5.415983599948558,14.319280326407062
EFT:-10.92860219596214,-18.68068273332747,-8.139123687966121,10.482248647770284,-11.772411911358915,-8.454424497705228,-18.239107460421778,-11.105751791370976,5.415983599948556,14.319280326407064
Random629
Raw:-10.928602195962139,-18.680682733327473,-8.139123687966126,10.482248647770286,-11.772411911358915,-8.454424497705224,-18.239107460421778,-11.105751791370976,5.415983599948563,14.319280326407055
EFT:-10.928602195962139,-18.68068273332747,-8.139123687966121,10.482248647770284,-11.772411911358915,-8.454424497705228,-18.239107460421778,-11.105751791370976,5.415983599948556,14.319280326407064
Random630
Raw:-10.928602195962139,-18.680682733327465,-8.139123687966125,10.482248647770291,-11.77241191135892,-8.454424497705233,-18.239107460421778,-11.105751791370977,5.415983599948559,14.319280326407057
EFT:-10.928602195962139,-18.68068273332747,-8.139123687966121,10.482248647770284,-11.772411911358915,-8.454424497705228,-18.239107460421778,-11.105751791370976,5.415983599948556,14.319280326407064
Random631
Raw:-10.928602195962137,-18.68068273332747,-8.139123687966126,10.482248647770286,-11.772411911358905,-8.45442449770523,-18.239107460421774,-11.105751791370976,5.415983599948559,14.319280326407064
EFT:-10.92860219596214,-18.68068273332747,-8.139123687966121,10.482248647770284,-11.772411911358915,-8.454424497705228,-18.239107460421778,-11.105751791370976,5.415983599948556,14.319280326407062
Random632
Raw:-10.928602195962146,-18.680682733327473,-8.139123687966121,10.482248647770284,-11.772411911358926,-8.454424497705222,-18.239107460421764,-11.105751791370974,5.415983599948558,14.319280326407059
EFT:-10.92860219596214,-18.68068273332747,-8.139123687966121,10.482248647770284,-11.772411911358915,-8.45442449770523,-18.239107460421778,-11.105751791370976,5.415983599948556,14.319280326407062
Random633
Raw:-10.928602195962137,-18.68068273332747,-8.139123687966125,10.482248647770286,-11.772411911358919,-8.454424497705228,-18.239107460421778,-11.105751791370981,5.415983599948558,14.319280326407064
EFT:-10.928602195962139,-18.68068273332747,-8.139123687966121,10.482248647770284,-11.772411911358915,-8.454424497705228,-18.239107460421778,-11.105751791370976,5.415983599948556,14.319280326407064
Random634
Raw:-10.928602195962135,-18.680682733327473,-8.139123687966123,10.482248647770282,-11.772411911358914,-8.45442449770523,-18.239107460421778,-11.105751791370972,5.4159835999485555,14.319280326407066
EFT:-10.928602195962139,-18.68068273332747,-8.139123687966123,10.482248647770284,-11.772411911358915,-8.454424497705228,-18.239107460421778,-11.105751791370976,5.415983599948556,14.319280326407064
Random635
Raw:-10.928602195962142,-18.680682733327473,-8.139123687966128,10.482248647770286,-11.772411911358912,-8.45442449770523,-18.239107460421778,-11.105751791370976,5.415983599948556,14.319280326407059
EFT:-10.92860219596214,-18.68068273332747,-8.139123687966121,10.482248647770284,-11.772411911358915,-8.454424497705228,-18.239107460421778,-11.105751791370976,5.415983599948556,14.319280326407064
Random636
Raw:-10.928602195962142,-18.68068273332747,-8.139123687966128,10.482248647770284,-11.772411911358908,-8.45442449770523,-18.239107460421778,-11.105751791370974,5.415983599948561,14.319280326407064
EFT:-10.92860219596214,-18.68068273332747,-8.139123687966121,10.482248647770284,-11.772411911358915,-8.45442449770523,-18.239107460421778,-11.105751791370976,5.415983599948556,14.319280326407062
Random637
Raw:-10.928602195962142,-18.68068273332747,-8.139123687966132,10.482248647770286,-11.772411911358905,-8.454424497705233,-18.23910746042178,-11.105751791370976,5.4159835999485635,14.319280326407053
EFT:-10.92860219596214,-18.68068273332747,-8.139123687966121,10.482248647770284,-11.772411911358915,-8.454424497705228,-18.239107460421778,-11.105751791370976,5.415983599948556,14.319280326407062
Random638
Raw:-10.928602195962132,-18.680682733327473,-8.139123687966121,10.482248647770286,-11.772411911358914,-8.454424497705237,-18.239107460421778,-11.10575179137098,5.4159835999485635,14.31928032640707
EFT:-10.92860219596214,-18.68068273332747,-8.139123687966121,10.482248647770284,-11.772411911358915,-8.454424497705228,-18.239107460421778,-11.105751791370976,5.415983599948556,14.319280326407062
Random639
Raw:-10.92860219596214,-18.680682733327473,-8.139123687966128,10.482248647770286,-11.772411911358908,-8.454424497705226,-18.239107460421774,-11.10575179137098,5.415983599948562,14.319280326407057
EFT:-10.92860219596214,-18.68068273332747,-8.139123687966121,10.482248647770284,-11.772411911358915,-8.45442449770523,-18.239107460421778,-11.105751791370976,5.415983599948556,14.319280326407062
Random640
Raw:-10.92860219596214,-18.68068273332747,-8.139123687966125,10.48224864777029,-11.772411911358914,-8.454424497705222,-18.23910746042178,-11.105751791370977,5.415983599948557,14.319280326407062
EFT:-10.92860219596214,-18.68068273332747,-8.139123687966121,10.482248647770284,-11.772411911358915,-8.454424497705228,-18.239107460421778,-11.105751791370976,5.415983599948556,14.319280326407064
Random641
Raw:-10.928602195962137,-18.680682733327465,-8.139123687966125,10.48224864777029,-11.772411911358915,-8.454424497705233,-18.23910746042178,-11.105751791370977,5.415983599948562,14.31928032640706
EFT:-10.92860219596214,-18.68068273332747,-8.139123687966121,10.482248647770284,-11.772411911358915,-8.454424497705228,-18.239107460421778,-11.105751791370976,5.415983599948556,14.319280326407062
Random642
Raw:-10.92860219596214,-18.680682733327465,-8.139123687966126,10.482248647770287,-11.772411911358915,-8.454424497705222,-18.239107460421785,-11.10575179137098,5.415983599948559,14.319280326407059
EFT:-10.928602195962139,-18.68068273332747,-8.139123687966121,10.482248647770284,-11.772411911358915,-8.454424497705228,-18.239107460421778,-11.105751791370976,5.415983599948556,14.319280326407064
Random643
Raw:-10.928602195962135,-18.680682733327473,-8.13912368796612,10.482248647770286,-11.772411911358912,-8.454424497705224,-18.239107460421778,-11.105751791370977,5.415983599948558,14.319280326407059
EFT:-10.92860219596214,-18.68068273332747,-8.139123687966121,10.482248647770284,-11.772411911358915,-8.454424497705228,-18.239107460421778,-11.105751791370976,5.415983599948556,14.319280326407062
Random644
Raw:-10.928602195962135,-18.680682733327473,-8.139123687966125,10.48224864777029,-11.772411911358912,-8.454424497705226,-18.239107460421767,-11.105751791370977,5.41598359994856,14.319280326407057
EFT:-10.928602195962139,-18.68068273332747,-8.139123687966123,10.482248647770284,-11.772411911358915,-8.454424497705228,-18.239107460421778,-11.105751791370976,5.415983599948556,14.319280326407064
Random645
Raw:-10.92860219596215,-18.68068273332747,-8.139123687966132,10.482248647770286,-11.772411911358926,-8.45442449770523,-18.239107460421774,-11.105751791370977,5.415983599948562,14.319280326407059
EFT:-10.92860219596214,-18.68068273332747,-8.139123687966121,10.482248647770284,-11.772411911358915,-8.454424497705228,-18.239107460421778,-11.105751791370976,5.415983599948556,14.319280326407062
Random646
Raw:-10.928602195962124,-18.680682733327473,-8.13912368796612,10.48224864777028,-11.772411911358908,-8.454424497705238,-18.239107460421778,-11.105751791370968,5.4159835999485555,14.319280326407062
EFT:-10.92860219596214,-18.68068273332747,-8.139123687966121,10.482248647770284,-11.772411911358915,-8.454424497705228,-18.239107460421778,-11.105751791370976,5.415983599948556,14.319280326407062
Random647
Raw:-10.928602195962139,-18.68068273332747,-8.139123687966123,10.482248647770279,-11.772411911358914,-8.45442449770523,-18.239107460421778,-11.105751791370976,5.415983599948567,14.31928032640706
EFT:-10.928602195962139,-18.68068273332747,-8.139123687966123,10.482248647770284,-11.772411911358915,-8.454424497705228,-18.239107460421778,-11.105751791370976,5.415983599948556,14.319280326407064
Random648
Raw:-10.928602195962133,-18.680682733327465,-8.139123687966132,10.482248647770284,-11.77241191135891,-8.45442449770523,-18.23910746042177,-11.105751791370981,5.415983599948564,14.319280326407057
EFT:-10.92860219596214,-18.68068273332747,-8.139123687966121,10.482248647770284,-11.772411911358915,-8.454424497705228,-18.239107460421778,-11.105751791370976,5.415983599948556,14.319280326407062
Random649
Raw:-10.928602195962133,-18.680682733327473,-8.139123687966126,10.482248647770284,-11.772411911358905,-8.45442449770522,-18.23910746042178,-11.105751791370968,5.415983599948558,14.319280326407062
EFT:-10.92860219596214,-18.68068273332747,-8.139123687966121,10.482248647770284,-11.772411911358915,-8.454424497705228,-18.239107460421778,-11.105751791370976,5.415983599948556,14.319280326407062
Random650
Raw:-10.928602195962137,-18.68068273332748,-8.139123687966123,10.482248647770293,-11.772411911358923,-8.454424497705228,-18.23910746042178,-11.10575179137098,5.415983599948557,14.319280326407059
EFT:-10.92860219596214,-18.68068273332747,-8.139123687966121,10.482248647770284,-11.772411911358915,-8.454424497705228,-18.239107460421778,-11.105751791370976,5.415983599948556,14.319280326407062
Random651
Raw:-10.928602195962128,-18.68068273332747,-8.139123687966116,10.482248647770279,-11.772411911358917,-8.454424497705226,-18.23910746042178,-11.105751791370968,5.41598359994856,14.319280326407059
EFT:-10.92860219596214,-18.68068273332747,-8.139123687966121,10.482248647770284,-11.772411911358915,-8.454424497705228,-18.239107460421778,-11.105751791370976,5.415983599948556,14.319280326407062
Random652
Raw:-10.92860219596214,-18.680682733327473,-8.139123687966125,10.482248647770282,-11.772411911358923,-8.454424497705231,-18.239107460421785,-11.10575179137098,5.415983599948561,14.319280326407062
EFT:-10.92860219596214,-18.68068273332747,-8.139123687966121,10.482248647770284,-11.772411911358915,-8.454424497705228,-18.239107460421778,-11.105751791370976,5.415983599948556,14.319280326407064
Random653
Raw:-10.928602195962144,-18.68068273332747,-8.139123687966125,10.482248647770284,-11.772411911358915,-8.454424497705231,-18.239107460421778,-11.105751791370977,5.415983599948561,14.319280326407064
EFT:-10.928602195962139,-18.68068273332747,-8.139123687966121,10.482248647770284,-11.772411911358915,-8.454424497705228,-18.239107460421778,-11.105751791370976,5.415983599948556,14.319280326407064
Random654
Raw:-10.928602195962142,-18.68068273332747,-8.13912368796612,10.482248647770282,-11.772411911358926,-8.454424497705228,-18.239107460421778,-11.10575179137098,5.415983599948558,14.319280326407062
EFT:-10.928602195962139,-18.68068273332747,-8.139123687966121,10.482248647770284,-11.772411911358915,-8.454424497705228,-18.239107460421778,-11.105751791370976,5.415983599948556,14.319280326407064
Random655
Raw:-10.928602195962132,-18.68068273332747,-8.139123687966121,10.482248647770284,-11.772411911358915,-8.454424497705231,-18.239107460421778,-11.105751791370972,5.415983599948567,14.31928032640706
EFT:-10.92860219596214,-18.68068273332747,-8.139123687966121,10.482248647770284,-11.772411911358915,-8.454424497705228,-18.239107460421778,-11.105751791370976,5.415983599948556,14.319280326407064
Random656
Raw:-10.928602195962133,-18.68068273332747,-8.139123687966126,10.48224864777029,-11.772411911358914,-8.454424497705231,-18.239107460421778,-11.105751791370974,5.4159835999485635,14.319280326407059
EFT:-10.928602195962139,-18.68068273332747,-8.139123687966121,10.482248647770284,-11.772411911358915,-8.454424497705228,-18.239107460421778,-11.105751791370976,5.415983599948556,14.319280326407064
Random657
Raw:-10.928602195962135,-18.68068273332747,-8.139123687966123,10.482248647770293,-11.772411911358914,-8.45442449770523,-18.239107460421785,-11.105751791370977,5.415983599948557,14.319280326407064
EFT:-10.92860219596214,-18.68068273332747,-8.139123687966121,10.482248647770284,-11.772411911358915,-8.454424497705228,-18.239107460421778,-11.105751791370976,5.415983599948556,14.319280326407062
Random658
Raw:-10.928602195962139,-18.68068273332747,-8.139123687966123,10.482248647770282,-11.772411911358917,-8.454424497705233,-18.239107460421785,-11.105751791370972,5.415983599948557,14.319280326407062
EFT:-10.92860219596214,-18.68068273332747,-8.139123687966121,10.482248647770284,-11.772411911358915,-8.454424497705228,-18.239107460421778,-11.105751791370976,5.415983599948556,14.319280326407062
Random659
Raw:-10.928602195962135,-18.680682733327476,-8.139123687966128,10.482248647770287,-11.772411911358905,-8.454424497705233,-18.23910746042178,-11.105751791370972,5.415983599948559,14.319280326407059
EFT:-10.92860219596214,-18.68068273332747,-8.139123687966121,10.482248647770284,-11.772411911358915,-8.45442449770523,-18.239107460421778,-11.105751791370976,5.415983599948556,14.319280326407062
Random660
Raw:-10.928602195962137,-18.680682733327473,-8.139123687966126,10.48224864777029,-11.772411911358908,-8.454424497705237,-18.23910746042178,-11.105751791370981,5.415983599948561,14.31928032640706
EFT:-10.92860219596214,-18.68068273332747,-8.139123687966121,10.482248647770284,-11.772411911358915,-8.454424497705228,-18.239107460421778,-11.105751791370976,5.415983599948556,14.319280326407062
Random661
Raw:-10.928602195962139,-18.68068273332747,-8.139123687966126,10.482248647770287,-11.772411911358914,-8.454424497705222,-18.239107460421778,-11.105751791370976,5.415983599948559,14.319280326407057
EFT:-10.92860219596214,-18.68068273332747,-8.139123687966121,10.482248647770284,-11.772411911358915,-8.454424497705228,-18.239107460421778,-11.105751791370976,5.415983599948556,14.319280326407064
Random662
Raw:-10.928602195962135,-18.680682733327476,-8.139123687966125,10.482248647770291,-11.772411911358912,-8.454424497705231,-18.23910746042178,-11.105751791370981,5.415983599948565,14.319280326407064
EFT:-10.928602195962139,-18.68068273332747,-8.139123687966121,10.482248647770284,-11.772411911358915,-8.454424497705228,-18.239107460421778,-11.105751791370976,5.415983599948556,14.319280326407064
Random663
Raw:-10.928602195962133,-18.68068273332747,-8.139123687966121,10.482248647770282,-11.772411911358914,-8.454424497705224,-18.239107460421767,-11.105751791370976,5.415983599948563,14.319280326407059
EFT:-10.928602195962139,-18.68068273332747,-8.139123687966121,10.482248647770284,-11.772411911358915,-8.454424497705228,-18.239107460421778,-11.105751791370976,5.415983599948556,14.319280326407064
Random664
Raw:-10.928602195962137,-18.680682733327462,-8.139123687966123,10.48224864777029,-11.77241191135891,-8.454424497705233,-18.239107460421785,-11.105751791370977,5.415983599948556,14.319280326407066
EFT:-10.92860219596214,-18.68068273332747,-8.139123687966121,10.482248647770284,-11.772411911358915,-8.454424497705228,-18.239107460421778,-11.105751791370976,5.415983599948556,14.319280326407062
Random665
Raw:-10.928602195962137,-18.680682733327465,-8.139123687966125,10.482248647770286,-11.772411911358908,-8.45442449770523,-18.239107460421774,-11.105751791370981,5.415983599948558,14.31928032640707
EFT:-10.92860219596214,-18.68068273332747,-8.139123687966121,10.482248647770284,-11.772411911358915,-8.454424497705228,-18.239107460421778,-11.105751791370976,5.415983599948556,14.319280326407064
Random666
Raw:-10.928602195962139,-18.68068273332747,-8.139123687966128,10.482248647770287,-11.77241191135891,-8.45442449770522,-18.239107460421778,-11.10575179137098,5.415983599948559,14.319280326407057
EFT:-10.928602195962139,-18.68068273332747,-8.139123687966121,10.482248647770284,-11.772411911358915,-8.454424497705228,-18.239107460421778,-11.105751791370976,5.415983599948556,14.319280326407064
Random667
Raw:-10.928602195962135,-18.68068273332747,-8.139123687966126,10.482248647770287,-11.772411911358914,-8.454424497705226,-18.239107460421778,-11.105751791370977,5.415983599948562,14.319280326407055
EFT:-10.928602195962139,-18.68068273332747,-8.139123687966121,10.482248647770284,-11.772411911358915,-8.454424497705228,-18.239107460421778,-11.105751791370976,5.415983599948556,14.319280326407064
Random668
Raw:-10.928602195962137,-18.68068273332747,-8.139123687966128,10.482248647770282,-11.772411911358907,-8.454424497705226,-18.239107460421767,-11.105751791370981,5.415983599948563,14.319280326407066
EFT:-10.92860219596214,-18.68068273332747,-8.139123687966121,10.482248647770284,-11.772411911358915,-8.454424497705228,-18.239107460421778,-11.105751791370976,5.415983599948556,14.319280326407062
Random669
Raw:-10.928602195962137,-18.680682733327473,-8.139123687966125,10.482248647770286,-11.77241191135891,-8.454424497705226,-18.23910746042178,-11.105751791370974,5.415983599948557,14.319280326407064
EFT:-10.928602195962139,-18.68068273332747,-8.139123687966121,10.482248647770284,-11.772411911358915,-8.454424497705228,-18.239107460421778,-11.105751791370976,5.415983599948556,14.319280326407064
Random670
Raw:-10.928602195962148,-18.680682733327473,-8.139123687966123,10.482248647770286,-11.772411911358919,-8.454424497705228,-18.239107460421774,-11.105751791370984,5.415983599948564,14.319280326407055
EFT:-10.92860219596214,-18.68068273332747,-8.139123687966121,10.482248647770284,-11.772411911358915,-8.454424497705228,-18.239107460421778,-11.105751791370976,5.415983599948556,14.319280326407064
Random671
Raw:-10.928602195962137,-18.68068273332747,-8.139123687966128,10.482248647770282,-11.772411911358901,-8.45442449770523,-18.239107460421774,-11.105751791370976,5.415983599948566,14.319280326407068
EFT:-10.92860219596214,-18.68068273332747,-8.139123687966121,10.482248647770284,-11.772411911358915,-8.45442449770523,-18.239107460421778,-11.105751791370976,5.415983599948556,14.319280326407062
Random672
Raw:-10.92860219596214,-18.68068273332747,-8.139123687966125,10.482248647770291,-11.772411911358914,-8.454424497705235,-18.239107460421778,-11.105751791370981,5.415983599948563,14.319280326407064
EFT:-10.928602195962139,-18.68068273332747,-8.139123687966123,10.482248647770284,-11.772411911358915,-8.454424497705228,-18.239107460421778,-11.105751791370976,5.415983599948556,14.319280326407064
Random673
Raw:-10.928602195962133,-18.68068273332747,-8.139123687966121,10.48224864777028,-11.77241191135891,-8.454424497705235,-18.23910746042177,-11.105751791370976,5.415983599948564,14.319280326407057
EFT:-10.92860219596214,-18.68068273332747,-8.139123687966121,10.482248647770284,-11.772411911358915,-8.454424497705228,-18.239107460421778,-11.105751791370976,5.415983599948556,14.319280326407064
Random674
Raw:-10.92860219596214,-18.680682733327473,-8.139123687966128,10.482248647770291,-11.77241191135891,-8.454424497705233,-18.239107460421785,-11.105751791370981,5.415983599948562,14.319280326407059
EFT:-10.928602195962139,-18.68068273332747,-8.139123687966121,10.482248647770284,-11.772411911358915,-8.454424497705228,-18.239107460421778,-11.105751791370976,5.415983599948556,14.319280326407064
Random675
Raw:-10.928602195962137,-18.680682733327473,-8.139123687966121,10.482248647770286,-11.772411911358917,-8.454424497705231,-18.239107460421785,-11.105751791370972,5.415983599948552,14.319280326407066
EFT:-10.92860219596214,-18.68068273332747,-8.139123687966121,10.482248647770284,-11.772411911358915,-8.454424497705228,-18.239107460421778,-11.105751791370976,5.415983599948556,14.319280326407062
Random676
Raw:-10.928602195962137,-18.68068273332747,-8.139123687966128,10.48224864777029,-11.77241191135891,-8.45442449770523,-18.23910746042178,-11.105751791370968,5.415983599948559,14.319280326407057
EFT:-10.928602195962139,-18.68068273332747,-8.139123687966121,10.482248647770284,-11.772411911358915,-8.454424497705228,-18.239107460421778,-11.105751791370976,5.415983599948556,14.319280326407064
Random677
Raw:-10.928602195962135,-18.680682733327476,-8.139123687966118,10.482248647770284,-11.772411911358914,-8.454424497705237,-18.239107460421774,-11.105751791370972,5.41598359994856,14.319280326407059
EFT:-10.92860219596214,-18.68068273332747,-8.139123687966121,10.482248647770284,-11.772411911358915,-8.454424497705228,-18.239107460421778,-11.105751791370976,5.415983599948556,14.319280326407062
Random678
Raw:-10.928602195962139,-18.680682733327465,-8.139123687966134,10.482248647770291,-11.7724119113589,-8.454424497705231,-18.239107460421785,-11.105751791370974,5.41598359994856,14.319280326407059
EFT:-10.928602195962139,-18.68068273332747,-8.139123687966121,10.482248647770284,-11.772411911358915,-8.454424497705228,-18.239107460421778,-11.105751791370976,5.415983599948556,14.319280326407064
Random679
Raw:-10.928602195962146,-18.680682733327465,-8.139123687966128,10.482248647770284,-11.77241191135891,-8.454424497705226,-18.23910746042177,-11.105751791370976,5.415983599948556,14.319280326407059
EFT:-10.928602195962139,-18.68068273332747,-8.139123687966121,10.482248647770284,-11.772411911358915,-8.454424497705228,-18.239107460421778,-11.105751791370976,5.415983599948556,14.319280326407064
Random680
Raw:-10.928602195962135,-18.680682733327473,-8.139123687966128,10.482248647770282,-11.77241191135891,-8.454424497705228,-18.239107460421774,-11.105751791370976,5.415983599948565,14.319280326407057
EFT:-10.928602195962139,-18.68068273332747,-8.139123687966121,10.482248647770284,-11.772411911358915,-8.454424497705228,-18.239107460421778,-11.105751791370976,5.415983599948556,14.319280326407064
Random681
Raw:-10.928602195962139,-18.680682733327476,-8.139123687966123,10.482248647770287,-11.77241191135892,-8.454424497705224,-18.239107460421778,-11.10575179137098,5.415983599948556,14.31928032640706
EFT:-10.92860219596214,-18.68068273332747,-8.139123687966121,10.482248647770284,-11.772411911358915,-8.45442449770523,-18.239107460421778,-11.105751791370976,5.415983599948556,14.319280326407062
Random682
Raw:-10.928602195962137,-18.68068273332747,-8.139123687966123,10.482248647770279,-11.77241191135891,-8.454424497705233,-18.239107460421778,-11.105751791370974,5.415983599948556,14.319280326407066
EFT:-10.928602195962139,-18.68068273332747,-8.139123687966121,10.482248647770284,-11.772411911358915,-8.454424497705228,-18.239107460421778,-11.105751791370976,5.415983599948556,14.319280326407064
Random683
Raw:-10.928602195962144,-18.680682733327473,-8.139123687966121,10.48224864777028,-11.772411911358912,-8.454424497705231,-18.239107460421778,-11.105751791370974,5.415983599948557,14.31928032640706
EFT:-10.92860219596214,-18.68068273332747,-8.139123687966121,10.482248647770284,-11.772411911358915,-8.454424497705228,-18.239107460421778,-11.105751791370976,5.415983599948556,14.319280326407064
Random684
Raw:-10.928602195962142,-18.680682733327465,-8.139123687966126,10.482248647770293,-11.772411911358914,-8.45442449770524,-18.239107460421785,-11.105751791370977,5.4159835999485635,14.319280326407062
EFT:-10.928602195962139,-18.68068273332747,-8.139123687966121,10.482248647770284,-11.772411911358915,-8.454424497705228,-18.239107460421778,-11.105751791370976,5.415983599948556,14.319280326407064
Random685
Raw:-10.928602195962137,-18.680682733327462,-8.139123687966128,10.48224864777028,-11.772411911358907,-8.454424497705226,-18.239107460421774,-11.105751791370972,5.415983599948556,14.319280326407059
EFT:-10.928602195962139,-18.68068273332747,-8.139123687966121,10.482248647770284,-11.772411911358915,-8.454424497705228,-18.239107460421778,-11.105751791370976,5.415983599948556,14.319280326407064
Random686
Raw:-10.928602195962139,-18.680682733327487,-8.139123687966125,10.482248647770282,-11.772411911358912,-8.45442449770522,-18.239107460421778,-11.105751791370976,5.415983599948561,14.319280326407057
EFT:-10.928602195962139,-18.68068273332747,-8.139123687966121,10.482248647770284,-11.772411911358915,-8.454424497705228,-18.239107460421778,-11.105751791370976,5.415983599948556,14.319280326407064
Random687
Raw:-10.92860219596214,-18.68068273332747,-8.139123687966116,10.48224864777028,-11.772411911358926,-8.454424497705231,-18.23910746042178,-11.10575179137097,5.415983599948552,14.319280326407062
EFT:-10.928602195962139,-18.68068273332747,-8.139123687966123,10.482248647770284,-11.772411911358915,-8.454424497705228,-18.239107460421778,-11.105751791370976,5.415983599948556,14.319280326407064
Random688
Raw:-10.928602195962137,-18.680682733327473,-8.139123687966128,10.482248647770286,-11.772411911358908,-8.45442449770523,-18.239107460421778,-11.10575179137097,5.415983599948551,14.319280326407064
EFT:-10.928602195962139,-18.68068273332747,-8.139123687966121,10.482248647770284,-11.772411911358915,-8.454424497705228,-18.239107460421778,-11.105751791370976,5.415983599948556,14.319280326407064
Random689
Raw:-10.928602195962144,-18.68068273332747,-8.139123687966118,10.482248647770287,-11.772411911358931,-8.45442449770523,-18.23910746042178,-11.105751791370976,5.415983599948551,14.319280326407057
EFT:-10.928602195962139,-18.68068273332747,-8.139123687966121,10.482248647770284,-11.772411911358915,-8.454424497705228,-18.239107460421778,-11.105751791370976,5.415983599948556,14.319280326407064
Random690
Raw:-10.928602195962133,-18.68068273332747,-8.139123687966126,10.482248647770282,-11.772411911358905,-8.454424497705233,-18.239107460421774,-11.105751791370968,5.415983599948564,14.31928032640706
EFT:-10.928602195962139,-18.68068273332747,-8.139123687966121,10.482248647770284,-11.772411911358915,-8.454424497705228,-18.239107460421778,-11.105751791370976,5.415983599948556,14.319280326407064
Random691
Raw:-10.928602195962142,-18.68068273332747,-8.139123687966126,10.482248647770286,-11.772411911358919,-8.454424497705226,-18.239107460421778,-11.105751791370974,5.415983599948553,14.319280326407059
EFT:-10.92860219596214,-18.68068273332747,-8.139123687966121,10.482248647770284,-11.772411911358915,-8.454424497705228,-18.239107460421778,-11.105751791370976,5.415983599948556,14.319280326407062
Random692
Raw:-10.928602195962137,-18.680682733327465,-8.139123687966125,10.482248647770279,-11.772411911358908,-8.454424497705233,-18.239107460421778,-11.10575179137097,5.415983599948562,14.319280326407066
EFT:-10.92860219596214,-18.68068273332747,-8.139123687966121,10.482248647770284,-11.772411911358915,-8.454424497705228,-18.239107460421778,-11.105751791370976,5.415983599948556,14.319280326407062
Random693
Raw:-10.928602195962137,-18.680682733327473,-8.139123687966125,10.482248647770286,-11.772411911358907,-8.454424497705228,-18.239107460421774,-11.10575179137097,5.415983599948553,14.319280326407059
EFT:-10.92860219596214,-18.68068273332747,-8.139123687966121,10.482248647770284,-11.772411911358915,-8.454424497705228,-18.239107460421778,-11.105751791370976,5.415983599948556,14.319280326407062
Random694
Raw:-10.928602195962133,-18.68068273332747,-8.139123687966125,10.482248647770284,-11.772411911358908,-8.45442449770524,-18.239107460421778,-11.10575179137097,5.415983599948554,14.319280326407064
EFT:-10.92860219596214,-18.68068273332747,-8.139123687966121,10.482248647770284,-11.772411911358915,-8.45442449770523,-18.239107460421778,-11.105751791370976,5.415983599948556,14.319280326407062
Random695
Raw:-10.928602195962137,-18.68068273332747,-8.139123687966126,10.48224864777029,-11.77241191135891,-8.454424497705233,-18.239107460421785,-11.105751791370972,5.415983599948566,14.319280326407064
EFT:-10.928602195962139,-18.68068273332747,-8.139123687966121,10.482248647770284,-11.772411911358915,-8.454424497705228,-18.239107460421778,-11.105751791370976,5.415983599948556,14.319280326407064
Random696
Raw:-10.928602195962142,-18.680682733327473,-8.139123687966121,10.482248647770286,-11.772411911358914,-8.45442449770523,-18.23910746042179,-11.105751791370972,5.415983599948559,14.31928032640706
EFT:-10.928602195962139,-18.68068273332747,-8.139123687966123,10.482248647770284,-11.772411911358915,-8.454424497705228,-18.239107460421778,-11.105751791370976,5.415983599948556,14.319280326407064
Random697
Raw:-10.92860219596213,-18.68068273332747,-8.139123687966123,10.482248647770284,-11.772411911358915,-8.454424497705228,-18.239107460421778,-11.105751791370981,5.415983599948561,14.319280326407064
EFT:-10.92860219596214,-18.68068273332747,-8.139123687966121,10.482248647770284,-11.772411911358915,-8.454424497705228,-18.239107460421778,-11.105751791370976,5.415983599948556,14.319280326407062
Random698
Raw:-10.928602195962135,-18.680682733327476,-8.13912368796612,10.482248647770284,-11.772411911358914,-8.454424497705228,-18.239107460421785,-11.105751791370977,5.415983599948555,14.319280326407059
EFT:-10.928602195962139,-18.68068273332747,-8.139123687966121,10.482248647770284,-11.772411911358915,-8.454424497705228,-18.239107460421778,-11.105751791370976,5.415983599948556,14.319280326407064
Random699
Raw:-10.928602195962132,-18.680682733327476,-8.139123687966125,10.482248647770284,-11.772411911358915,-8.454424497705233,-18.23910746042177,-11.105751791370983,5.4159835999485555,14.319280326407057
EFT:-10.928602195962139,-18.68068273332747,-8.139123687966121,10.482248647770284,-11.772411911358915,-8.454424497705228,-18.239107460421778,-11.105751791370976,5.415983599948556,14.319280326407064
Random700
Raw:-10.92860219596214,-18.68068273332747,-8.139123687966126,10.482248647770287,-11.77241191135892,-8.454424497705231,-18.23910746042178,-11.105751791370972,5.4159835999485555,14.319280326407064
EFT:-10.92860219596214,-18.68068273332747,-8.139123687966121,10.482248647770284,-11.772411911358915,-8.454424497705228,-18.239107460421778,-11.105751791370976,5.415983599948556,14.319280326407062
Random701
Raw:-10.928602195962139,-18.680682733327476,-8.139123687966121,10.482248647770286,-11.772411911358908,-8.454424497705226,-18.23910746042178,-11.105751791370976,5.415983599948552,14.319280326407068
EFT:-10.92860219596214,-18.68068273332747,-8.139123687966121,10.482248647770284,-11.772411911358915,-8.454424497705228,-18.239107460421778,-11.105751791370976,5.415983599948556,14.319280326407062
Random702
Raw:-10.92860219596214,-18.68068273332747,-8.139123687966125,10.482248647770282,-11.772411911358912,-8.45442449770523,-18.23910746042178,-11.105751791370976,5.41598359994856,14.319280326407062
EFT:-10.92860219596214,-18.68068273332747,-8.139123687966121,10.482248647770284,-11.772411911358915,-8.454424497705228,-18.239107460421778,-11.105751791370976,5.415983599948556,14.319280326407062
Random703
Raw:-10.928602195962139,-18.68068273332747,-8.13912368796613,10.48224864777028,-11.772411911358908,-8.454424497705228,-18.239107460421767,-11.105751791370981,5.4159835999485635,14.319280326407062
EFT:-10.92860219596214,-18.68068273332747,-8.139123687966121,10.482248647770284,-11.772411911358915,-8.454424497705228,-18.239107460421778,-11.105751791370976,5.415983599948556,14.319280326407064
Random704
Raw:-10.928602195962139,-18.680682733327473,-8.139123687966126,10.482248647770286,-11.772411911358917,-8.454424497705222,-18.23910746042177,-11.10575179137098,5.4159835999485555,14.31928032640706
EFT:-10.92860219596214,-18.68068273332747,-8.139123687966121,10.482248647770284,-11.772411911358915,-8.454424497705228,-18.239107460421778,-11.105751791370976,5.415983599948556,14.319280326407062
Random705
Raw:-10.928602195962133,-18.68068273332746,-8.139123687966125,10.48224864777028,-11.772411911358912,-8.45442449770522,-18.239107460421767,-11.105751791370967,5.415983599948553,14.319280326407055
EFT:-10.92860219596214,-18.68068273332747,-8.139123687966121,10.482248647770284,-11.772411911358915,-8.454424497705228,-18.239107460421778,-11.105751791370976,5.415983599948556,14.319280326407062
Random706
Raw:-10.928602195962135,-18.68068273332747,-8.139123687966125,10.482248647770277,-11.77241191135892,-8.454424497705226,-18.239107460421778,-11.105751791370976,5.415983599948561,14.319280326407059
EFT:-10.92860219596214,-18.68068273332747,-8.139123687966121,10.482248647770284,-11.772411911358915,-8.454424497705228,-18.239107460421778,-11.105751791370976,5.415983599948556,14.319280326407064
Random707
Raw:-10.92860219596214,-18.68068273332748,-8.139123687966125,10.482248647770284,-11.772411911358912,-8.454424497705228,-18.239107460421774,-11.105751791370983,5.415983599948558,14.319280326407066
EFT:-10.92860219596214,-18.68068273332747,-8.139123687966121,10.482248647770284,-11.772411911358915,-8.454424497705228,-18.239107460421778,-11.105751791370976,5.415983599948556,14.319280326407062
Random708
Raw:-10.928602195962132,-18.680682733327465,-8.139123687966126,10.48224864777029,-11.77241191135891,-8.454424497705224,-18.23910746042178,-11.105751791370977,5.415983599948554,14.319280326407059
EFT:-10.92860219596214,-18.68068273332747,-8.139123687966121,10.482248647770284,-11.772411911358915,-8.454424497705228,-18.239107460421778,-11.105751791370976,5.415983599948556,14.319280326407062
Random709
Raw:-10.928602195962142,-18.680682733327473,-8.139123687966126,10.482248647770279,-11.772411911358914,-8.454424497705226,-18.239107460421774,-11.105751791370981,5.41598359994857,14.319280326407055
EFT:-10.92860219596214,-18.68068273332747,-8.139123687966121,10.482248647770284,-11.772411911358915,-8.454424497705228,-18.239107460421778,-11.105751791370976,5.415983599948556,14.319280326407062
Random710
Raw:-10.928602195962135,-18.68068273332748,-8.13912368796612,10.48224864777028,-11.772411911358915,-8.454424497705226,-18.239107460421764,-11.105751791370981,5.41598359994856,14.31928032640706
EFT:-10.92860219596214,-18.68068273332747,-8.139123687966121,10.482248647770284,-11.772411911358915,-8.454424497705228,-18.239107460421778,-11.105751791370976,5.415983599948556,14.319280326407062
Random711
Raw:-10.928602195962139,-18.68068273332748,-8.139123687966126,10.48224864777029,-11.77241191135891,-8.45442449770523,-18.23910746042178,-11.105751791370981,5.415983599948564,14.319280326407062
EFT:-10.92860219596214,-18.68068273332747,-8.139123687966121,10.482248647770284,-11.772411911358915,-8.454424497705228,-18.239107460421778,-11.105751791370976,5.415983599948556,14.319280326407064
Random712
Raw:-10.928602195962139,-18.680682733327483,-8.139123687966123,10.48224864777029,-11.772411911358915,-8.454424497705226,-18.23910746042178,-11.105751791370983,5.415983599948553,14.319280326407062
EFT:-10.92860219596214,-18.68068273332747,-8.139123687966121,10.482248647770284,-11.772411911358915,-8.454424497705228,-18.239107460421778,-11.105751791370976,5.415983599948556,14.319280326407062
Random713
Raw:-10.928602195962137,-18.680682733327476,-8.139123687966121,10.482248647770284,-11.772411911358915,-8.454424497705226,-18.23910746042177,-11.105751791370984,5.415983599948558,14.31928032640706
EFT:-10.928602195962139,-18.68068273332747,-8.139123687966121,10.482248647770284,-11.772411911358915,-8.454424497705228,-18.239107460421778,-11.105751791370976,5.415983599948556,14.319280326407064
Random714
Raw:-10.928602195962144,-18.68068273332747,-8.139123687966126,10.482248647770287,-11.772411911358914,-8.45442449770523,-18.23910746042178,-11.105751791370977,5.41598359994856,14.319280326407062
EFT:-10.928602195962139,-18.68068273332747,-8.139123687966121,10.482248647770284,-11.772411911358915,-8.454424497705228,-18.239107460421778,-11.105751791370976,5.415983599948556,14.319280326407064
Random715
Raw:-10.928602195962144,-18.68068273332747,-8.139123687966121,10.482248647770277,-11.772411911358919,-8.454424497705233,-18.239107460421778,-11.105751791370968,5.415983599948554,14.319280326407055
EFT:-10.928602195962139,-18.68068273332747,-8.139123687966123,10.482248647770284,-11.772411911358915,-8.454424497705228,-18.239107460421778,-11.105751791370976,5.415983599948556,14.319280326407064
Random716
Raw:-10.92860219596214,-18.680682733327473,-8.139123687966126,10.48224864777029,-11.772411911358908,-8.454424497705226,-18.239107460421785,-11.105751791370983,5.41598359994856,14.319280326407062
EFT:-10.928602195962139,-18.68068273332747,-8.139123687966121,10.482248647770284,-11.772411911358915,-8.454424497705228,-18.239107460421778,-11.105751791370976,5.415983599948556,14.319280326407064
Random717
Raw:-10.928602195962137,-18.680682733327465,-8.139123687966121,10.482248647770286,-11.772411911358907,-8.454424497705226,-18.239107460421785,-11.10575179137097,5.415983599948559,14.319280326407064
EFT:-10.928602195962139,-18.68068273332747,-8.139123687966121,10.482248647770284,-11.772411911358915,-8.454424497705228,-18.239107460421778,-11.105751791370976,5.415983599948556,14.319280326407064
Random718
Raw:-10.92860219596214,-18.68068273332748,-8.139123687966125,10.48224864777028,-11.772411911358915,-8.454424497705226,-18.239107460421778,-11.105751791370972,5.415983599948553,14.319280326407062
EFT:-10.92860219596214,-18.68068273332747,-8.139123687966121,10.482248647770284,-11.772411911358915,-8.454424497705228,-18.239107460421778,-11.105751791370976,5.415983599948556,14.319280326407062
Random719
Raw:-10.928602195962146,-18.680682733327476,-8.139123687966135,10.482248647770296,-11.772411911358912,-8.454424497705224,-18.239107460421778,-11.105751791370981,5.415983599948558,14.319280326407057
EFT:-10.928602195962139,-18.68068273332747,-8.139123687966121,10.482248647770284,-11.772411911358915,-8.454424497705228,-18.239107460421778,-11.105751791370976,5.415983599948556,14.319280326407064
Random720
Raw:-10.928602195962135,-18.68068273332748,-8.139123687966116,10.482248647770284,-11.77241191135891,-8.454424497705231,-18.23910746042178,-11.10575179137098,5.415983599948562,14.319280326407062
EFT:-10.92860219596214,-18.68068273332747,-8.139123687966121,10.482248647770284,-11.772411911358915,-8.454424497705228,-18.239107460421778,-11.105751791370976,5.415983599948556,14.319280326407062
Random721
Raw:-10.92860219596214,-18.680682733327476,-8.139123687966132,10.482248647770291,-11.772411911358905,-8.454424497705235,-18.239107460421785,-11.105751791370981,5.4159835999485715,14.319280326407068
EFT:-10.92860219596214,-18.68068273332747,-8.139123687966121,10.482248647770284,-11.772411911358915,-8.454424497705228,-18.239107460421778,-11.105751791370976,5.415983599948556,14.319280326407064
Random722
Raw:-10.928602195962144,-18.680682733327462,-8.139123687966126,10.482248647770282,-11.772411911358907,-8.454424497705226,-18.23910746042177,-11.105751791370974,5.415983599948557,14.319280326407053
EFT:-10.928602195962139,-18.68068273332747,-8.139123687966121,10.482248647770284,-11.772411911358915,-8.454424497705228,-18.239107460421778,-11.105751791370976,5.415983599948556,14.319280326407064
Random723
Raw:-10.928602195962137,-18.680682733327462,-8.139123687966125,10.482248647770287,-11.772411911358907,-8.454424497705237,-18.23910746042178,-11.10575179137098,5.415983599948561,14.319280326407059
EFT:-10.92860219596214,-18.68068273332747,-8.139123687966121,10.482248647770284,-11.772411911358915,-8.45442449770523,-18.239107460421778,-11.105751791370976,5.415983599948556,14.319280326407062
Random724
Raw:-10.928602195962137,-18.680682733327462,-8.139123687966123,10.482248647770286,-11.772411911358923,-8.454424497705231,-18.239107460421774,-11.105751791370976,5.415983599948559,14.319280326407057
EFT:-10.92860219596214,-18.68068273332747,-8.139123687966121,10.482248647770284,-11.772411911358915,-8.45442449770523,-18.239107460421778,-11.105751791370976,5.415983599948556,14.319280326407062
Random725
Raw:-10.928602195962137,-18.680682733327465,-8.139123687966114,10.48224864777028,-11.772411911358912,-8.454424497705231,-18.239107460421785,-11.105751791370967,5.41598359994855,14.319280326407064
EFT:-10.928602195962139,-18.68068273332747,-8.139123687966121,10.482248647770284,-11.772411911358915,-8.454424497705228,-18.239107460421778,-11.105751791370976,5.415983599948556,14.319280326407064
Random726
Raw:-10.928602195962135,-18.68068273332747,-8.139123687966123,10.482248647770286,-11.77241191135891,-8.45442449770523,-18.239107460421774,-11.10575179137098,5.4159835999485555,14.319280326407066
EFT:-10.92860219596214,-18.68068273332747,-8.139123687966121,10.482248647770284,-11.772411911358915,-8.454424497705228,-18.239107460421778,-11.105751791370976,5.415983599948556,14.319280326407062
Random727
Raw:-10.928602195962142,-18.680682733327476,-8.13912368796613,10.48224864777028,-11.772411911358912,-8.454424497705228,-18.239107460421778,-11.105751791370974,5.415983599948558,14.31928032640706
EFT:-10.928602195962139,-18.68068273332747,-8.139123687966121,10.482248647770284,-11.772411911358915,-8.45442449770523,-18.239107460421778,-11.105751791370976,5.415983599948556,14.319280326407064
Random728
Raw:-10.928602195962135,-18.680682733327476,-8.13912368796612,10.482248647770277,-11.772411911358915,-8.454424497705226,-18.23910746042177,-11.105751791370974,5.415983599948557,14.319280326407062
EFT:-10.92860219596214,-18.68068273332747,-8.139123687966121,10.482248647770284,-11.772411911358915,-8.45442449770523,-18.239107460421778,-11.105751791370976,5.415983599948556,14.319280326407062
Random729
Raw:-10.92860219596213,-18.68068273332747,-8.139123687966132,10.482248647770286,-11.772411911358908,-8.454424497705237,-18.239107460421774,-11.105751791370983,5.415983599948565,14.319280326407064
EFT:-10.92860219596214,-18.68068273332747,-8.139123687966121,10.482248647770284,-11.772411911358915,-8.454424497705228,-18.239107460421778,-11.105751791370976,5.415983599948556,14.319280326407064
Random730
Raw:-10.928602195962139,-18.680682733327462,-8.139123687966125,10.482248647770275,-11.772411911358912,-8.454424497705233,-18.23910746042177,-11.105751791370968,5.415983599948559,14.319280326407062
EFT:-10.92860219596214,-18.68068273332747,-8.139123687966121,10.482248647770284,-11.772411911358915,-8.454424497705228,-18.239107460421778,-11.105751791370976,5.415983599948556,14.319280326407062
Random731
Raw:-10.928602195962137,-18.680682733327465,-8.139123687966125,10.482248647770279,-11.772411911358914,-8.454424497705219,-18.239107460421778,-11.105751791370972,5.415983599948557,14.319280326407059
EFT:-10.928602195962139,-18.68068273332747,-8.139123687966121,10.482248647770284,-11.772411911358915,-8.454424497705228,-18.239107460421778,-11.105751791370976,5.415983599948556,14.319280326407064
Random732
Raw:-10.928602195962139,-18.68068273332747,-8.139123687966128,10.482248647770286,-11.772411911358917,-8.454424497705233,-18.239107460421774,-11.105751791370972,5.415983599948558,14.319280326407062
EFT:-10.92860219596214,-18.68068273332747,-8.139123687966121,10.482248647770284,-11.772411911358915,-8.454424497705228,-18.239107460421778,-11.105751791370976,5.415983599948556,14.319280326407062
Random733
Raw:-10.928602195962142,-18.68068273332747,-8.139123687966125,10.48224864777029,-11.772411911358915,-8.454424497705226,-18.23910746042178,-11.105751791370972,5.415983599948561,14.319280326407059
EFT:-10.928602195962139,-18.68068273332747,-8.139123687966123,10.482248647770284,-11.772411911358915,-8.454424497705228,-18.239107460421778,-11.105751791370976,5.415983599948556,14.319280326407064
Random734
Raw:-10.928602195962142,-18.68068273332748,-8.13912368796613,10.48224864777028,-11.772411911358914,-8.454424497705222,-18.23910746042178,-11.105751791370977,5.41598359994856,14.31928032640706
EFT:-10.928602195962139,-18.68068273332747,-8.139123687966121,10.482248647770284,-11.772411911358915,-8.454424497705228,-18.239107460421778,-11.105751791370976,5.415983599948556,14.319280326407064
Random735
Raw:-10.928602195962144,-18.680682733327476,-8.139123687966123,10.48224864777028,-11.77241191135891,-8.45442449770523,-18.239107460421778,-11.10575179137097,5.4159835999485635,14.31928032640706
EFT:-10.928602195962139,-18.68068273332747,-8.139123687966123,10.482248647770284,-11.772411911358915,-8.454424497705228,-18.239107460421778,-11.105751791370976,5.415983599948556,14.319280326407064
Random736
Raw:-10.92860219596214,-18.680682733327473,-8.13912368796612,10.482248647770282,-11.772411911358914,-8.454424497705224,-18.239107460421774,-11.105751791370977,5.415983599948556,14.319280326407057
EFT:-10.92860219596214,-18.68068273332747,-8.139123687966121,10.482248647770284,-11.772411911358915,-8.45442449770523,-18.239107460421778,-11.105751791370976,5.415983599948556,14.319280326407062
Random737
Raw:-10.928602195962137,-18.680682733327476,-8.139123687966128,10.482248647770286,-11.772411911358912,-8.454424497705228,-18.23910746042178,-11.10575179137098,5.415983599948559,14.31928032640706
EFT:-10.928602195962139,-18.68068273332747,-8.139123687966121,10.482248647770284,-11.772411911358915,-8.454424497705228,-18.239107460421778,-11.105751791370976,5.415983599948556,14.319280326407064
Random738
Raw:-10.928602195962137,-18.680682733327473,-8.13912368796612,10.482248647770282,-11.772411911358917,-8.454424497705237,-18.23910746042179,-11.10575179137097,5.4159835999485555,14.31928032640706
EFT:-10.92860219596214,-18.68068273332747,-8.139123687966121,10.482248647770284,-11.772411911358915,-8.45442449770523,-18.239107460421778,-11.105751791370976,5.415983599948556,14.319280326407062
Random739
Raw:-10.928602195962133,-18.68068273332747,-8.139123687966123,10.48224864777028,-11.772411911358919,-8.454424497705226,-18.239107460421778,-11.105751791370972,5.415983599948556,14.31928032640706
EFT:-10.928602195962139,-18.68068273332747,-8.139123687966121,10.482248647770284,-11.772411911358915,-8.454424497705228,-18.239107460421778,-11.105751791370976,5.415983599948556,14.319280326407064
Random740
Raw:-10.928602195962133,-18.68068273332747,-8.139123687966126,10.482248647770284,-11.77241191135891,-8.454424497705235,-18.23910746042178,-11.105751791370972,5.415983599948556,14.319280326407068
EFT:-10.92860219596214,-18.68068273332747,-8.139123687966121,10.482248647770284,-11.772411911358915,-8.454424497705228,-18.239107460421778,-11.105751791370976,5.415983599948556,14.319280326407064
Random741
Raw:-10.928602195962139,-18.68068273332747,-8.139123687966123,10.482248647770282,-11.77241191135891,-8.454424497705222,-18.239107460421774,-11.105751791370977,5.415983599948561,14.319280326407059
EFT:-10.92860219596214,-18.68068273332747,-8.139123687966121,10.482248647770284,-11.772411911358915,-8.454424497705228,-18.239107460421778,-11.105751791370976,5.415983599948556,14.319280326407062
Random742
Raw:-10.928602195962133,-18.68068273332747,-8.139123687966125,10.482248647770284,-11.772411911358915,-8.454424497705231,-18.239107460421774,-11.105751791370968,5.415983599948559,14.319280326407066
EFT:-10.92860219596214,-18.68068273332747,-8.139123687966121,10.482248647770284,-11.772411911358915,-8.454424497705228,-18.239107460421778,-11.105751791370976,5.415983599948556,14.319280326407064
Random743
Raw:-10.928602195962139,-18.68068273332747,-8.139123687966125,10.482248647770286,-11.772411911358907,-8.45442449770523,-18.239107460421774,-11.105751791370977,5.415983599948564,14.319280326407059
EFT:-10.928602195962139,-18.68068273332747,-8.139123687966121,10.482248647770284,-11.772411911358915,-8.454424497705228,-18.239107460421778,-11.105751791370976,5.415983599948556,14.319280326407064
Random744
Raw:-10.928602195962142,-18.680682733327476,-8.139123687966128,10.482248647770286,-11.772411911358907,-8.454424497705228,-18.23910746042178,-11.105751791370974,5.41598359994856,14.319280326407064
EFT:-10.92860219596214,-18.68068273332747,-8.139123687966121,10.482248647770284,-11.772411911358915,-8.454424497705228,-18.239107460421778,-11.105751791370976,5.415983599948556,14.319280326407062
Random745
Raw:-10.928602195962142,-18.68068273332747,-8.139123687966125,10.48224864777029,-11.77241191135892,-8.454424497705224,-18.23910746042178,-11.105751791370983,5.415983599948551,14.319280326407059
EFT:-10.92860219596214,-18.68068273332747,-8.139123687966121,10.482248647770284,-11.772411911358915,-8.454424497705228,-18.239107460421778,-11.105751791370976,5.415983599948556,14.319280326407064
Random746
Raw:-10.928602195962142,-18.680682733327473,-8.139123687966125,10.482248647770287,-11.772411911358919,-8.454424497705228,-18.239107460421774,-11.105751791370988,5.415983599948562,14.31928032640706
EFT:-10.92860219596214,-18.68068273332747,-8.139123687966121,10.482248647770284,-11.772411911358915,-8.454424497705228,-18.239107460421778,-11.105751791370976,5.415983599948556,14.319280326407062
Random747
Raw:-10.928602195962139,-18.680682733327476,-8.139123687966116,10.482248647770287,-11.772411911358912,-8.454424497705237,-18.239107460421785,-11.105751791370974,5.4159835999485555,14.319280326407064
EFT:-10.928602195962139,-18.68068273332747,-8.139123687966123,10.482248647770284,-11.772411911358915,-8.454424497705228,-18.239107460421778,-11.105751791370976,5.415983599948556,14.319280326407064
Random748
Raw:-10.928602195962133,-18.680682733327473,-8.139123687966125,10.482248647770282,-11.772411911358907,-8.454424497705226,-18.239107460421778,-11.10575179137098,5.415983599948561,14.319280326407059
EFT:-10.928602195962139,-18.68068273332747,-8.139123687966121,10.482248647770284,-11.772411911358915,-8.454424497705228,-18.239107460421778,-11.105751791370976,5.415983599948556,14.319280326407064
Random749
Raw:-10.928602195962139,-18.680682733327473,-8.139123687966123,10.482248647770291,-11.772411911358917,-8.454424497705228,-18.23910746042179,-11.105751791370983,5.415983599948562,14.319280326407068
EFT:-10.928602195962139,-18.68068273332747,-8.139123687966121,10.482248647770284,-11.772411911358915,-8.454424497705228,-18.239107460421778,-11.105751791370976,5.415983599948556,14.319280326407064
Random750
Raw:-10.92860219596214,-18.680682733327476,-8.139123687966123,10.482248647770279,-11.772411911358907,-8.454424497705226,-18.239107460421785,-11.105751791370974,5.415983599948561,14.319280326407066
EFT:-10.928602195962139,-18.68068273332747,-8.139123687966123,10.482248647770284,-11.772411911358915,-8.454424497705228,-18.239107460421778,-11.105751791370976,5.415983599948556,14.319280326407064
Random751
Raw:-10.928602195962142,-18.680682733327465,-8.139123687966125,10.482248647770287,-11.772411911358915,-8.454424497705226,-18.239107460421774,-11.105751791370976,5.415983599948554,14.319280326407059
EFT:-10.928602195962139,-18.68068273332747,-8.139123687966121,10.482248647770284,-11.772411911358915,-8.454424497705228,-18.239107460421778,-11.105751791370976,5.415983599948556,14.319280326407064
Random752
Raw:-10.928602195962142,-18.68068273332747,-8.139123687966123,10.482248647770286,-11.772411911358908,-8.45442449770523,-18.239107460421785,-11.10575179137097,5.415983599948557,14.319280326407064
EFT:-10.92860219596214,-18.68068273332747,-8.139123687966121,10.482248647770284,-11.772411911358915,-8.454424497705228,-18.239107460421778,-11.105751791370976,5.415983599948556,14.319280326407062
Random753
Raw:-10.92860219596214,-18.680682733327462,-8.139123687966123,10.482248647770293,-11.772411911358915,-8.454424497705237,-18.23910746042178,-11.10575179137098,5.415983599948562,14.319280326407062
EFT:-10.92860219596214,-18.68068273332747,-8.139123687966121,10.482248647770284,-11.772411911358915,-8.454424497705228,-18.239107460421778,-11.105751791370976,5.415983599948556,14.319280326407062
Random754
Raw:-10.928602195962142,-18.680682733327462,-8.13912368796613,10.482248647770293,-11.772411911358903,-8.454424497705235,-18.23910746042179,-11.10575179137098,5.415983599948564,14.319280326407062
EFT:-10.92860219596214,-18.68068273332747,-8.139123687966121,10.482248647770284,-11.772411911358915,-8.454424497705228,-18.239107460421778,-11.105751791370976,5.415983599948556,14.319280326407064
Random755
Raw:-10.928602195962144,-18.680682733327476,-8.139123687966128,10.48224864777029,-11.772411911358901,-8.454424497705231,-18.23910746042177,-11.105751791370981,5.41598359994856,14.319280326407064
EFT:-10.928602195962139,-18.68068273332747,-8.139123687966121,10.482248647770284,-11.772411911358915,-8.454424497705228,-18.239107460421778,-11.105751791370976,5.415983599948556,14.319280326407064
Random756
Raw:-10.92860219596214,-18.680682733327473,-8.139123687966125,10.482248647770282,-11.772411911358907,-8.454424497705231,-18.239107460421778,-11.105751791370976,5.415983599948559,14.31928032640706
EFT:-10.92860219596214,-18.68068273332747,-8.139123687966121,10.482248647770284,-11.772411911358915,-8.454424497705228,-18.239107460421778,-11.105751791370976,5.415983599948556,14.319280326407062
Random757
Raw:-10.92860219596214,-18.68068273332747,-8.139123687966128,10.482248647770295,-11.772411911358914,-8.454424497705228,-18.239107460421785,-11.105751791370984,5.415983599948564,14.31928032640706
EFT:-10.928602195962139,-18.68068273332747,-8.139123687966121,10.482248647770284,-11.772411911358915,-8.454424497705228,-18.239107460421778,-11.105751791370976,5.415983599948556,14.319280326407064
Random758
Raw:-10.928602195962135,-18.680682733327473,-8.139123687966125,10.482248647770284,-11.772411911358901,-8.454424497705233,-18.23910746042178,-11.105751791370977,5.41598359994856,14.319280326407059
EFT:-10.928602195962139,-18.68068273332747,-8.139123687966123,10.482248647770284,-11.772411911358915,-8.454424497705228,-18.239107460421778,-11.105751791370976,5.415983599948556,14.319280326407064
Random759
Raw:-10.928602195962137,-18.680682733327462,-8.139123687966125,10.48224864777028,-11.772411911358907,-8.45442449770523,-18.239107460421767,-11.105751791370976,5.415983599948556,14.319280326407055
EFT:-10.92860219596214,-18.68068273332747,-8.139123687966121,10.482248647770284,-11.772411911358915,-8.454424497705228,-18.239107460421778,-11.105751791370976,5.415983599948556,14.319280326407064
Random760
Raw:-10.928602195962137,-18.680682733327473,-8.139123687966128,10.482248647770282,-11.772411911358907,-8.454424497705231,-18.239107460421778,-11.105751791370977,5.415983599948562,14.319280326407068
EFT:-10.92860219596214,-18.68068273332747,-8.139123687966121,10.482248647770284,-11.772411911358915,-8.454424497705228,-18.239107460421778,-11.105751791370976,5.415983599948556,14.319280326407062
Random761
Raw:-10.928602195962146,-18.68068273332747,-8.13912368796613,10.482248647770282,-11.772411911358907,-8.454424497705222,-18.239107460421767,-11.105751791370977,5.415983599948559,14.31928032640706
EFT:-10.92860219596214,-18.68068273332747,-8.139123687966121,10.482248647770284,-11.772411911358915,-8.454424497705228,-18.239107460421778,-11.105751791370976,5.415983599948556,14.319280326407064
Random762
Raw:-10.928602195962137,-18.680682733327473,-8.13912368796612,10.482248647770287,-11.772411911358917,-8.454424497705231,-18.23910746042179,-11.10575179137098,5.415983599948562,14.319280326407066
EFT:-10.92860219596214,-18.68068273332747,-8.139123687966121,10.482248647770284,-11.772411911358915,-8.454424497705228,-18.239107460421778,-11.105751791370976,5.415983599948556,14.319280326407062
Random763
Raw:-10.928602195962135,-18.680682733327476,-8.139123687966123,10.482248647770286,-11.772411911358903,-8.454424497705222,-18.239107460421778,-11.105751791370976,5.41598359994856,14.31928032640706
EFT:-10.928602195962139,-18.68068273332747,-8.139123687966121,10.482248647770284,-11.772411911358915,-8.454424497705228,-18.239107460421778,-11.105751791370976,5.415983599948556,14.319280326407064
Random764
Raw:-10.92860219596214,-18.680682733327473,-8.13912368796613,10.482248647770286,-11.772411911358919,-8.454424497705226,-18.239107460421785,-11.105751791370976,5.415983599948557,14.319280326407066
EFT:-10.928602195962139,-18.68068273332747,-8.139123687966121,10.482248647770284,-11.772411911358915,-8.454424497705228,-18.239107460421778,-11.105751791370976,5.415983599948556,14.319280326407064
Random765
Raw:-10.92860219596214,-18.68068273332747,-8.13912368796612,10.48224864777028,-11.772411911358914,-8.45442449770523,-18.239107460421774,-11.105751791370977,5.415983599948568,14.31928032640706
EFT:-10.92860219596214,-18.68068273332747,-8.139123687966121,10.482248647770284,-11.772411911358915,-8.45442449770523,-18.239107460421778,-11.105751791370976,5.415983599948556,14.319280326407062
Random766
Raw:-10.928602195962139,-18.680682733327465,-8.139123687966126,10.482248647770284,-11.77241191135891,-8.454424497705235,-18.23910746042177,-11.10575179137098,5.415983599948562,14.319280326407059
EFT:-10.92860219596214,-18.68068273332747,-8.139123687966121,10.482248647770284,-11.772411911358915,-8.454424497705228,-18.239107460421778,-11.105751791370976,5.415983599948556,14.319280326407062
Random767
Raw:-10.928602195962132,-18.68068273332747,-8.139123687966121,10.482248647770282,-11.772411911358917,-8.454424497705233,-18.239107460421774,-11.105751791370976,5.415983599948558,14.319280326407062
EFT:-10.928602195962139,-18.68068273332747,-8.139123687966121,10.482248647770284,-11.772411911358915,-8.454424497705228,-18.239107460421778,-11.105751791370976,5.415983599948556,14.319280326407064
Random768
Raw:-10.92860219596214,-18.680682733327473,-8.139123687966132,10.482248647770287,-11.772411911358919,-8.454424497705226,-18.239107460421778,-11.10575179137098,5.41598359994856,14.319280326407059
EFT:-10.92860219596214,-18.68068273332747,-8.139123687966121,10.482248647770284,-11.772411911358915,-8.454424497705228,-18.239107460421778,-11.105751791370976,5.415983599948556,14.319280326407062
Random769
Raw:-10.92860219596214,-18.68068273332747,-8.139123687966121,10.482248647770287,-11.772411911358917,-8.454424497705226,-18.239107460421785,-11.105751791370981,5.41598359994856,14.319280326407064
EFT:-10.92860219596214,-18.68068273332747,-8.139123687966121,10.482248647770284,-11.772411911358915,-8.45442449770523,-18.239107460421778,-11.105751791370976,5.415983599948556,14.319280326407062
Random770
Raw:-10.928602195962133,-18.680682733327473,-8.139123687966121,10.482248647770287,-11.772411911358908,-8.454424497705222,-18.239107460421778,-11.105751791370976,5.415983599948557,14.319280326407068
EFT:-10.92860219596214,-18.68068273332747,-8.139123687966121,10.482248647770284,-11.772411911358915,-8.454424497705228,-18.239107460421778,-11.105751791370976,5.415983599948556,14.319280326407062
Random771
Raw:-10.92860219596214,-18.68068273332747,-8.139123687966125,10.482248647770287,-11.772411911358914,-8.454424497705228,-18.239107460421778,-11.105751791370984,5.415983599948561,14.319280326407062
EFT:-10.928602195962139,-18.68068273332747,-8.139123687966121,10.482248647770284,-11.772411911358915,-8.454424497705228,-18.239107460421778,-11.105751791370976,5.415983599948556,14.319280326407064
Random772
Raw:-10.928602195962146,-18.680682733327476,-8.139123687966132,10.482248647770287,-11.772411911358905,-8.454424497705224,-18.239107460421785,-11.105751791370977,5.415983599948555,14.319280326407068
EFT:-10.92860219596214,-18.68068273332747,-8.139123687966121,10.482248647770284,-11.772411911358915,-8.454424497705228,-18.239107460421778,-11.105751791370976,5.415983599948556,14.319280326407062
Random773
Raw:-10.928602195962135,-18.68068273332747,-8.139123687966123,10.48224864777028,-11.77241191135891,-8.454424497705224,-18.23910746042177,-11.105751791370976,5.415983599948561,14.319280326407057
EFT:-10.928602195962139,-18.68068273332747,-8.139123687966121,10.482248647770284,-11.772411911358915,-8.454424497705228,-18.239107460421778,-11.105751791370976,5.415983599948556,14.319280326407064
Random774
Raw:-10.928602195962137,-18.68068273332747,-8.13912368796612,10.48224864777029,-11.772411911358914,-8.454424497705226,-18.239107460421774,-11.105751791370983,5.41598359994856,14.319280326407055
EFT:-10.928602195962139,-18.68068273332747,-8.139123687966121,10.482248647770284,-11.772411911358915,-8.454424497705228,-18.239107460421778,-11.105751791370976,5.415983599948556,14.319280326407064
Random775
Raw:-10.928602195962139,-18.680682733327473,-8.139123687966132,10.482248647770287,-11.772411911358907,-8.454424497705226,-18.239107460421774,-11.105751791370983,5.415983599948561,14.31928032640706
EFT:-10.92860219596214,-18.68068273332747,-8.139123687966121,10.482248647770284,-11.772411911358915,-8.45442449770523,-18.239107460421778,-11.105751791370976,5.415983599948556,14.319280326407062
Random776
Raw:-10.92860219596214,-18.680682733327476,-8.139123687966128,10.482248647770286,-11.772411911358914,-8.45442449770523,-18.239107460421778,-11.105751791370977,5.4159835999485635,14.319280326407066
EFT:-10.92860219596214,-18.68068273332747,-8.139123687966121,10.482248647770284,-11.772411911358915,-8.45442449770523,-18.239107460421778,-11.105751791370976,5.415983599948556,14.319280326407062
Random777
Raw:-10.928602195962142,-18.68068273332748,-8.139123687966123,10.482248647770286,-11.772411911358923,-8.454424497705222,-18.239107460421785,-11.105751791370974,5.415983599948551,14.319280326407066
EFT:-10.92860219596214,-18.68068273332747,-8.139123687966121,10.482248647770284,-11.772411911358915,-8.454424497705228,-18.239107460421778,-11.105751791370976,5.415983599948556,14.319280326407062
Random778
Raw:-10.928602195962139,-18.680682733327473,-8.139123687966123,10.482248647770279,-11.772411911358915,-8.454424497705228,-18.239107460421764,-11.105751791370972,5.415983599948555,14.319280326407057
EFT:-10.92860219596214,-18.68068273332747,-8.139123687966121,10.482248647770284,-11.772411911358915,-8.454424497705228,-18.239107460421778,-11.105751791370976,5.415983599948556,14.319280326407062
Random779
Raw:-10.928602195962139,-18.68068273332747,-8.139123687966126,10.482248647770284,-11.77241191135891,-8.454424497705231,-18.239107460421785,-11.10575179137098,5.415983599948558,14.319280326407062
EFT:-10.92860219596214,-18.68068273332747,-8.139123687966121,10.482248647770284,-11.772411911358915,-8.454424497705228,-18.239107460421778,-11.105751791370976,5.415983599948556,14.319280326407062
Random780
Raw:-10.928602195962144,-18.680682733327473,-8.13912368796613,10.482248647770287,-11.772411911358919,-8.45442449770523,-18.23910746042178,-11.105751791370983,5.41598359994856,14.319280326407059
EFT:-10.92860219596214,-18.68068273332747,-8.139123687966121,10.482248647770284,-11.772411911358915,-8.454424497705228,-18.239107460421778,-11.105751791370976,5.415983599948556,14.319280326407062
Random781
Raw:-10.928602195962132,-18.680682733327465,-8.139123687966121,10.482248647770282,-11.772411911358915,-8.454424497705233,-18.23910746042178,-11.105751791370976,5.4159835999485635,14.319280326407064
EFT:-10.92860219596214,-18.68068273332747,-8.139123687966121,10.482248647770284,-11.772411911358915,-8.454424497705228,-18.239107460421778,-11.105751791370976,5.415983599948556,14.319280326407062
Random782
Raw:-10.928602195962139,-18.680682733327465,-8.139123687966128,10.48224864777029,-11.772411911358905,-8.454424497705233,-18.23910746042178,-11.105751791370974,5.415983599948559,14.319280326407057
EFT:-10.92860219596214,-18.68068273332747,-8.139123687966121,10.482248647770284,-11.772411911358915,-8.45442449770523,-18.239107460421778,-11.105751791370976,5.415983599948556,14.319280326407062
Random783
Raw:-10.928602195962142,-18.680682733327476,-8.139123687966118,10.482248647770286,-11.772411911358914,-8.454424497705231,-18.239107460421774,-11.105751791370983,5.415983599948564,14.319280326407064
EFT:-10.92860219596214,-18.68068273332747,-8.139123687966121,10.482248647770284,-11.772411911358915,-8.454424497705228,-18.239107460421778,-11.105751791370976,5.415983599948556,14.319280326407062
Random784
Raw:-10.928602195962142,-18.680682733327473,-8.139123687966121,10.482248647770287,-11.772411911358915,-8.454424497705226,-18.23910746042178,-11.105751791370976,5.415983599948557,14.319280326407059
EFT:-10.928602195962139,-18.68068273332747,-8.139123687966121,10.482248647770284,-11.772411911358915,-8.454424497705228,-18.239107460421778,-11.105751791370976,5.415983599948556,14.319280326407064
Random785
Raw:-10.928602195962142,-18.68068273332747,-8.139123687966128,10.482248647770287,-11.772411911358915,-8.454424497705233,-18.23910746042178,-11.105751791370983,5.415983599948559,14.319280326407064
EFT:-10.92860219596214,-18.68068273332747,-8.139123687966121,10.482248647770284,-11.772411911358915,-8.454424497705228,-18.239107460421778,-11.105751791370976,5.415983599948556,14.319280326407062
Random786
Raw:-10.928602195962142,-18.680682733327473,-8.139123687966123,10.482248647770287,-11.772411911358924,-8.454424497705238,-18.23910746042178,-11.105751791370983,5.415983599948561,14.319280326407064
EFT:-10.92860219596214,-18.68068273332747,-8.139123687966121,10.482248647770284,-11.772411911358915,-8.454424497705228,-18.239107460421778,-11.105751791370976,5.415983599948556,14.319280326407064
Random787
Raw:-10.928602195962135,-18.68068273332748,-8.139123687966121,10.482248647770282,-11.77241191135891,-8.454424497705222,-18.239107460421778,-11.105751791370981,5.4159835999485555,14.319280326407064
EFT:-10.92860219596214,-18.68068273332747,-8.139123687966121,10.482248647770284,-11.772411911358915,-8.454424497705228,-18.239107460421778,-11.105751791370976,5.415983599948556,14.319280326407062
Random788
Raw:-10.928602195962137,-18.68068273332747,-8.139123687966121,10.482248647770279,-11.772411911358914,-8.454424497705231,-18.23910746042177,-11.105751791370974,5.415983599948561,14.319280326407064
EFT:-10.92860219596214,-18.68068273332747,-8.139123687966121,10.482248647770284,-11.772411911358915,-8.454424497705228,-18.239107460421778,-11.105751791370976,5.415983599948556,14.319280326407062
Random789
Raw:-10.92860219596214,-18.680682733327473,-8.139123687966126,10.482248647770287,-11.77241191135891,-8.454424497705226,-18.239107460421785,-11.105751791370972,5.415983599948553,14.319280326407062
EFT:-10.928602195962139,-18.68068273332747,-8.139123687966121,10.482248647770284,-11.772411911358915,-8.454424497705228,-18.239107460421778,-11.105751791370976,5.415983599948556,14.319280326407064
Random790
Raw:-10.928602195962135,-18.68068273332747,-8.139123687966123,10.482248647770282,-11.772411911358915,-8.454424497705231,-18.23910746042177,-11.10575179137098,5.415983599948566,14.319280326407062
EFT:-10.928602195962139,-18.68068273332747,-8.139123687966121,10.482248647770284,-11.772411911358915,-8.454424497705228,-18.239107460421778,-11.105751791370976,5.415983599948556,14.319280326407064
Random791
Raw:-10.928602195962146,-18.680682733327473,-8.139123687966121,10.482248647770287,-11.772411911358919,-8.454424497705231,-18.239107460421774,-11.10575179137097,5.415983599948552,14.31928032640706
EFT:-10.92860219596214,-18.68068273332747,-8.139123687966121,10.482248647770284,-11.772411911358915,-8.45442449770523,-18.239107460421778,-11.105751791370976,5.415983599948556,14.319280326407062
Random792
Raw:-10.928602195962146,-18.680682733327476,-8.139123687966121,10.482248647770287,-11.77241191135892,-8.454424497705222,-18.23910746042177,-11.105751791370981,5.415983599948559,14.319280326407066
EFT:-10.92860219596214,-18.68068273332747,-8.139123687966121,10.482248647770284,-11.772411911358915,-8.454424497705228,-18.239107460421778,-11.105751791370976,5.415983599948556,14.319280326407064
Random793
Raw:-10.928602195962132,-18.68068273332748,-8.13912368796612,10.482248647770286,-11.77241191135892,-8.454424497705231,-18.239107460421792,-11.105751791370974,5.415983599948562,14.31928032640706
EFT:-10.92860219596214,-18.68068273332747,-8.139123687966121,10.482248647770284,-11.772411911358915,-8.45442449770523,-18.239107460421778,-11.105751791370976,5.415983599948556,14.319280326407062
Random794
Raw:-10.928602195962142,-18.68068273332747,-8.139123687966128,10.482248647770286,-11.772411911358914,-8.454424497705226,-18.239107460421778,-11.10575179137098,5.415983599948559,14.31928032640706
EFT:-10.92860219596214,-18.68068273332747,-8.139123687966121,10.482248647770284,-11.772411911358915,-8.454424497705228,-18.239107460421778,-11.105751791370976,5.415983599948556,14.319280326407062
Random795
Raw:-10.928602195962137,-18.680682733327473,-8.139123687966125,10.482248647770284,-11.77241191135891,-8.454424497705233,-18.239107460421778,-11.10575179137098,5.415983599948562,14.31928032640706
EFT:-10.92860219596214,-18.68068273332747,-8.139123687966121,10.482248647770284,-11.772411911358915,-8.454424497705228,-18.239107460421778,-11.105751791370976,5.415983599948556,14.319280326407062
Random796
Raw:-10.928602195962148,-18.680682733327465,-8.139123687966128,10.482248647770291,-11.77241191135891,-8.454424497705233,-18.23910746042178,-11.105751791370977,5.415983599948562,14.319280326407066
EFT:-10.928602195962139,-18.68068273332747,-8.139123687966121,10.482248647770284,-11.772411911358915,-8.454424497705228,-18.239107460421778,-11.105751791370976,5.415983599948556,14.319280326407064
Random797
Raw:-10.928602195962137,-18.680682733327476,-8.139123687966121,10.48224864777028,-11.772411911358912,-8.45442449770523,-18.23910746042177,-11.105751791370965,5.41598359994856,14.31928032640706
EFT:-10.92860219596214,-18.68068273332747,-8.139123687966121,10.482248647770284,-11.772411911358915,-8.454424497705228,-18.239107460421778,-11.105751791370976,5.415983599948556,14.319280326407062
Random798
Raw:-10.928602195962139,-18.680682733327462,-8.13912368796612,10.48224864777028,-11.772411911358912,-8.454424497705233,-18.23910746042178,-11.105751791370976,5.415983599948559,14.319280326407066
EFT:-10.928602195962139,-18.68068273332747,-8.139123687966121,10.482248647770284,-11.772411911358915,-8.454424497705228,-18.239107460421778,-11.105751791370976,5.415983599948556,14.319280326407064
Random799
Raw:-10.928602195962137,-18.680682733327465,-8.139123687966126,10.482248647770286,-11.772411911358907,-8.45442449770523,-18.239107460421774,-11.10575179137098,5.41598359994856,14.319280326407055
EFT:-10.92860219596214,-18.68068273332747,-8.139123687966121,10.482248647770284,-11.772411911358915,-8.454424497705228,-18.239107460421778,-11.105751791370976,5.415983599948556,14.319280326407062
Random800
Raw:-10.928602195962135,-18.680682733327465,-8.139123687966125,10.482248647770286,-11.77241191135891,-8.454424497705231,-18.23910746042178,-11.105751791370976,5.415983599948557,14.319280326407059
EFT:-10.928602195962139,-18.68068273332747,-8.139123687966121,10.482248647770284,-11.772411911358915,-8.454424497705228,-18.239107460421778,-11.105751791370976,5.415983599948556,14.319280326407064
Random801
Raw:-10.928602195962132,-18.680682733327465,-8.139123687966123,10.48224864777028,-11.772411911358907,-8.45442449770523,-18.23910746042177,-11.105751791370976,5.4159835999485635,14.319280326407064
EFT:-10.92860219596214,-18.68068273332747,-8.139123687966121,10.482248647770284,-11.772411911358915,-8.454424497705228,-18.239107460421778,-11.105751791370976,5.415983599948556,14.319280326407062
Random802
Raw:-10.92860219596214,-18.68068273332747,-8.139123687966121,10.482248647770284,-11.772411911358919,-8.454424497705228,-18.239107460421774,-11.105751791370968,5.415983599948553,14.31928032640706
EFT:-10.92860219596214,-18.68068273332747,-8.139123687966121,10.482248647770284,-11.772411911358915,-8.454424497705228,-18.239107460421778,-11.105751791370976,5.415983599948556,14.319280326407062
Random803
Raw:-10.92860219596215,-18.680682733327462,-8.139123687966125,10.482248647770286,-11.772411911358917,-8.454424497705228,-18.23910746042177,-11.105751791370977,5.415983599948551,14.319280326407059
EFT:-10.92860219596214,-18.68068273332747,-8.139123687966121,10.482248647770284,-11.772411911358915,-8.454424497705228,-18.239107460421778,-11.105751791370976,5.415983599948556,14.319280326407062
Random804
Raw:-10.928602195962144,-18.680682733327465,-8.139123687966125,10.482248647770286,-11.772411911358912,-8.454424497705228,-18.239107460421785,-11.10575179137097,5.41598359994856,14.319280326407062
EFT:-10.92860219596214,-18.68068273332747,-8.139123687966121,10.482248647770284,-11.772411911358915,-8.45442449770523,-18.239107460421778,-11.105751791370976,5.415983599948556,14.319280326407062
Random805
Raw:-10.928602195962142,-18.68068273332747,-8.139123687966132,10.482248647770284,-11.772411911358908,-8.45442449770523,-18.239107460421774,-11.105751791370974,5.415983599948564,14.319280326407059
EFT:-10.92860219596214,-18.68068273332747,-8.139123687966121,10.482248647770284,-11.772411911358915,-8.454424497705228,-18.239107460421778,-11.105751791370976,5.415983599948556,14.319280326407064
Random806
Raw:-10.928602195962146,-18.680682733327483,-8.139123687966121,10.482248647770287,-11.772411911358919,-8.454424497705228,-18.23910746042177,-11.105751791370983,5.415983599948557,14.319280326407059
EFT:-10.92860219596214,-18.68068273332747,-8.139123687966121,10.482248647770284,-11.772411911358915,-8.454424497705228,-18.239107460421778,-11.105751791370976,5.415983599948556,14.319280326407062
Random807
Raw:-10.928602195962142,-18.680682733327473,-8.139123687966121,10.482248647770286,-11.772411911358915,-8.45442449770523,-18.239107460421785,-11.10575179137097,5.415983599948555,14.319280326407068
EFT:-10.92860219596214,-18.68068273332747,-8.139123687966121,10.482248647770284,-11.772411911358915,-8.454424497705228,-18.239107460421778,-11.105751791370976,5.415983599948556,14.319280326407062
Random808
Raw:-10.928602195962135,-18.680682733327473,-8.13912368796612,10.48224864777028,-11.772411911358914,-8.454424497705228,-18.239107460421778,-11.105751791370974,5.415983599948557,14.319280326407064
EFT:-10.928602195962139,-18.68068273332747,-8.139123687966121,10.482248647770284,-11.772411911358915,-8.454424497705228,-18.239107460421778,-11.105751791370976,5.415983599948556,14.319280326407064
Random809
Raw:-10.928602195962137,-18.680682733327476,-8.139123687966128,10.482248647770287,-11.772411911358924,-8.45442449770522,-18.239107460421778,-11.105751791370976,5.415983599948557,14.319280326407066
EFT:-10.92860219596214,-18.68068273332747,-8.139123687966121,10.482248647770284,-11.772411911358915,-8.45442449770523,-18.239107460421778,-11.105751791370976,5.415983599948556,14.319280326407062
Random810
Raw:-10.928602195962135,-18.680682733327473,-8.139123687966121,10.482248647770293,-11.772411911358912,-8.454424497705233,-18.239107460421774,-11.105751791370983,5.415983599948563,14.31928032640706
EFT:-10.928602195962139,-18.68068273332747,-8.139123687966121,10.482248647770284,-11.772411911358915,-8.454424497705228,-18.239107460421778,-11.105751791370976,5.415983599948556,14.319280326407064
Random811
Raw:-10.928602195962139,-18.680682733327465,-8.139123687966126,10.482248647770284,-11.772411911358908,-8.454424497705235,-18.23910746042178,-11.105751791370976,5.415983599948559,14.319280326407064
EFT:-10.928602195962139,-18.68068273332747,-8.139123687966121,10.482248647770284,-11.772411911358915,-8.454424497705228,-18.239107460421778,-11.105751791370976,5.415983599948556,14.319280326407064
Random812
Raw:-10.92860219596214,-18.68068273332747,-8.139123687966128,10.482248647770286,-11.772411911358914,-8.454424497705231,-18.23910746042177,-11.105751791370977,5.415983599948556,14.319280326407062
EFT:-10.92860219596214,-18.68068273332747,-8.139123687966121,10.482248647770284,-11.772411911358915,-8.454424497705228,-18.239107460421778,-11.105751791370976,5.415983599948556,14.319280326407064
Random813
Raw:-10.928602195962137,-18.68068273332747,-8.139123687966126,10.482248647770282,-11.77241191135891,-8.45442449770522,-18.23910746042177,-11.105751791370974,5.415983599948556,14.319280326407062
EFT:-10.92860219596214,-18.68068273332747,-8.139123687966121,10.482248647770284,-11.772411911358915,-8.454424497705228,-18.239107460421778,-11.105751791370976,5.415983599948556,14.319280326407062
Random814
Raw:-10.92860219596214,-18.680682733327476,-8.139123687966126,10.482248647770284,-11.77241191135892,-8.45442449770523,-18.239107460421774,-11.10575179137097,5.415983599948563,14.319280326407062
EFT:-10.92860219596214,-18.68068273332747,-8.139123687966121,10.482248647770284,-11.772411911358915,-8.454424497705228,-18.239107460421778,-11.105751791370976,5.415983599948556,14.319280326407062
Random815
Raw:-10.928602195962135,-18.680682733327465,-8.139123687966126,10.482248647770293,-11.772411911358907,-8.454424497705237,-18.239107460421774,-11.10575179137098,5.415983599948565,14.319280326407059
EFT:-10.928602195962139,-18.68068273332747,-8.139123687966123,10.482248647770284,-11.772411911358915,-8.454424497705228,-18.239107460421778,-11.105751791370976,5.415983599948556,14.319280326407064
Random816
Raw:-10.928602195962137,-18.680682733327465,-8.139123687966128,10.48224864777029,-11.77241191135891,-8.454424497705228,-18.23910746042177,-11.105751791370976,5.415983599948562,14.319280326407059
EFT:-10.92860219596214,-18.68068273332747,-8.139123687966121,10.482248647770284,-11.772411911358915,-8.454424497705228,-18.239107460421778,-11.105751791370976,5.415983599948556,14.319280326407062
Random817
Raw:-10.928602195962135,-18.680682733327465,-8.139123687966126,10.482248647770282,-11.772411911358907,-8.45442449770523,-18.239107460421774,-11.105751791370968,5.415983599948554,14.319280326407057
EFT:-10.928602195962139,-18.68068273332747,-8.139123687966121,10.482248647770284,-11.772411911358915,-8.454424497705228,-18.239107460421778,-11.105751791370976,5.415983599948556,14.319280326407064
Random818
Raw:-10.928602195962133,-18.680682733327476,-8.139123687966123,10.48224864777028,-11.772411911358908,-8.454424497705226,-18.239107460421778,-11.105751791370972,5.415983599948568,14.319280326407062
EFT:-10.92860219596214,-18.68068273332747,-8.139123687966121,10.482248647770284,-11.772411911358915,-8.454424497705228,-18.239107460421778,-11.105751791370976,5.415983599948556,14.319280326407062
Random819
Raw:-10.928602195962137,-18.680682733327476,-8.139123687966128,10.482248647770282,-11.77241191135891,-8.454424497705222,-18.239107460421774,-11.105751791370972,5.415983599948562,14.31928032640706
EFT:-10.92860219596214,-18.68068273332747,-8.139123687966121,10.482248647770284,-11.772411911358915,-8.454424497705228,-18.239107460421778,-11.105751791370976,5.415983599948556,14.319280326407064
Random820
Raw:-10.928602195962139,-18.68068273332746,-8.139123687966121,10.482248647770282,-11.772411911358919,-8.454424497705231,-18.23910746042177,-11.105751791370972,5.4159835999485635,14.319280326407059
EFT:-10.92860219596214,-18.68068273332747,-8.139123687966121,10.482248647770284,-11.772411911358915,-8.454424497705228,-18.239107460421778,-11.105751791370976,5.415983599948556,14.319280326407062
Random821
Raw:-10.928602195962142,-18.68068273332747,-8.139123687966125,10.482248647770275,-11.772411911358907,-8.454424497705228,-18.239107460421778,-11.105751791370974,5.415983599948563,14.319280326407066
EFT:-10.92860219596214,-18.68068273332747,-8.139123687966121,10.482248647770284,-11.772411911358915,-8.454424497705228,-18.239107460421778,-11.105751791370976,5.415983599948556,14.319280326407064
Random822
Raw:-10.928602195962142,-18.68068273332747,-8.13912368796612,10.482248647770284,-11.772411911358917,-8.454424497705224,-18.239107460421774,-11.105751791370977,5.415983599948561,14.319280326407055
EFT:-10.92860219596214,-18.68068273332747,-8.139123687966121,10.482248647770284,-11.772411911358915,-8.454424497705228,-18.239107460421778,-11.105751791370976,5.415983599948556,14.319280326407062
Random823
Raw:-10.928602195962148,-18.68068273332748,-8.139123687966128,10.48224864777028,-11.77241191135891,-8.454424497705226,-18.239107460421774,-11.105751791370981,5.415983599948556,14.319280326407057
EFT:-10.928602195962139,-18.68068273332747,-8.139123687966121,10.482248647770284,-11.772411911358915,-8.454424497705228,-18.239107460421778,-11.105751791370976,5.415983599948556,14.319280326407064
Random824
Raw:-10.928602195962139,-18.68068273332747,-8.13912368796612,10.482248647770287,-11.772411911358914,-8.45442449770523,-18.239107460421778,-11.105751791370976,5.415983599948559,14.319280326407062
EFT:-10.92860219596214,-18.68068273332747,-8.139123687966121,10.482248647770284,-11.772411911358915,-8.454424497705228,-18.239107460421778,-11.105751791370976,5.415983599948556,14.319280326407064
Random825
Raw:-10.928602195962142,-18.680682733327473,-8.139123687966128,10.482248647770287,-11.772411911358903,-8.454424497705228,-18.239107460421778,-11.105751791370977,5.415983599948563,14.319280326407066
EFT:-10.92860219596214,-18.68068273332747,-8.139123687966121,10.482248647770284,-11.772411911358915,-8.454424497705228,-18.239107460421778,-11.105751791370976,5.415983599948556,14.319280326407062
Random826
Raw:-10.928602195962139,-18.680682733327476,-8.139123687966126,10.48224864777029,-11.772411911358914,-8.454424497705233,-18.239107460421774,-11.10575179137098,5.41598359994856,14.319280326407064
EFT:-10.928602195962139,-18.68068273332747,-8.139123687966121,10.482248647770284,-11.772411911358915,-8.454424497705228,-18.239107460421778,-11.105751791370976,5.415983599948556,14.319280326407064
Random827
Raw:-10.928602195962135,-18.680682733327473,-8.13912368796613,10.482248647770291,-11.772411911358912,-8.45442449770523,-18.239107460421778,-11.105751791370986,5.415983599948568,14.31928032640706
EFT:-10.92860219596214,-18.68068273332747,-8.139123687966121,10.482248647770284,-11.772411911358915,-8.454424497705228,-18.239107460421778,-11.105751791370976,5.415983599948556,14.319280326407062
Random828
Raw:-10.928602195962135,-18.680682733327462,-8.139123687966128,10.482248647770286,-11.772411911358894,-8.454424497705226,-18.239107460421778,-11.10575179137098,5.4159835999485635,14.31928032640706
EFT:-10.928602195962139,-18.68068273332747,-8.139123687966121,10.482248647770284,-11.772411911358915,-8.454424497705228,-18.239107460421778,-11.105751791370976,5.415983599948556,14.319280326407064
Random829
Raw:-10.928602195962146,-18.68068273332747,-8.139123687966126,10.482248647770282,-11.772411911358908,-8.454424497705224,-18.239107460421778,-11.105751791370976,5.415983599948557,14.31928032640706
EFT:-10.928602195962139,-18.68068273332747,-8.139123687966121,10.482248647770284,-11.772411911358915,-8.454424497705228,-18.239107460421778,-11.105751791370976,5.415983599948556,14.319280326407064
Random830
Raw:-10.928602195962135,-18.680682733327465,-8.139123687966126,10.48224864777028,-11.77241191135891,-8.454424497705235,-18.239107460421778,-11.105751791370981,5.4159835999485635,14.319280326407066
EFT:-10.928602195962139,-18.68068273332747,-8.139123687966121,10.482248647770284,-11.772411911358915,-8.454424497705228,-18.239107460421778,-11.105751791370976,5.415983599948556,14.319280326407064
Random831
Raw:-10.928602195962139,-18.68068273332747,-8.139123687966126,10.482248647770286,-11.772411911358907,-8.454424497705231,-18.23910746042177,-11.10575179137098,5.4159835999485635,14.319280326407059
EFT:-10.928602195962139,-18.68068273332747,-8.139123687966121,10.482248647770284,-11.772411911358915,-8.454424497705228,-18.239107460421778,-11.105751791370976,5.415983599948556,14.319280326407064
Random832
Raw:-10.928602195962137,-18.680682733327476,-8.139123687966121,10.48224864777028,-11.772411911358914,-8.454424497705224,-18.239107460421774,-11.105751791370977,5.41598359994856,14.319280326407062
EFT:-10.92860219596214,-18.68068273332747,-8.139123687966121,10.482248647770284,-11.772411911358915,-8.454424497705228,-18.239107460421778,-11.105751791370976,5.415983599948556,14.319280326407062
Random833
Raw:-10.928602195962133,-18.680682733327465,-8.139123687966123,10.482248647770279,-11.772411911358907,-8.454424497705231,-18.239107460421774,-11.10575179137098,5.41598359994856,14.319280326407059
EFT:-10.92860219596214,-18.68068273332747,-8.139123687966121,10.482248647770284,-11.772411911358915,-8.45442449770523,-18.239107460421778,-11.105751791370976,5.415983599948556,14.319280326407062
Random834
Raw:-10.928602195962133,-18.680682733327473,-8.13912368796612,10.482248647770282,-11.772411911358915,-8.454424497705238,-18.239107460421785,-11.105751791370974,5.415983599948556,14.31928032640707
EFT:-10.92860219596214,-18.68068273332747,-8.139123687966121,10.482248647770284,-11.772411911358915,-8.454424497705228,-18.239107460421778,-11.105751791370976,5.415983599948556,14.319280326407064
Random835
Raw:-10.928602195962137,-18.68068273332747,-8.139123687966126,10.482248647770287,-11.772411911358915,-8.454424497705231,-18.23910746042177,-11.10575179137098,5.415983599948564,14.319280326407055
EFT:-10.928602195962139,-18.68068273332747,-8.139123687966121,10.482248647770284,-11.772411911358915,-8.454424497705228,-18.239107460421778,-11.105751791370976,5.415983599948556,14.319280326407064
Random836
Raw:-10.928602195962135,-18.680682733327476,-8.139123687966125,10.482248647770284,-11.772411911358923,-8.454424497705215,-18.239107460421778,-11.10575179137097,5.4159835999485475,14.319280326407064
EFT:-10.92860219596214,-18.68068273332747,-8.139123687966121,10.482248647770284,-11.772411911358915,-8.454424497705228,-18.239107460421778,-11.105751791370976,5.415983599948556,14.319280326407062
Random837
Raw:-10.928602195962139,-18.68068273332747,-8.139123687966128,10.482248647770284,-11.772411911358915,-8.45442449770523,-18.23910746042177,-11.105751791370977,5.415983599948559,14.319280326407057
EFT:-10.92860219596214,-18.68068273332747,-8.139123687966121,10.482248647770284,-11.772411911358915,-8.45442449770523,-18.239107460421778,-11.105751791370976,5.415983599948556,14.319280326407062
Random838
Raw:-10.928602195962144,-18.68068273332747,-8.13912368796612,10.482248647770286,-11.772411911358919,-8.454424497705235,-18.23910746042178,-11.105751791370981,5.415983599948557,14.319280326407059
EFT:-10.92860219596214,-18.68068273332747,-8.139123687966121,10.482248647770284,-11.772411911358915,-8.454424497705228,-18.239107460421778,-11.105751791370976,5.415983599948556,14.319280326407064
Random839
Raw:-10.928602195962139,-18.680682733327465,-8.139123687966126,10.482248647770286,-11.772411911358917,-8.454424497705226,-18.239107460421774,-11.105751791370972,5.415983599948556,14.319280326407062
EFT:-10.928602195962139,-18.68068273332747,-8.139123687966121,10.482248647770284,-11.772411911358915,-8.454424497705228,-18.239107460421778,-11.105751791370976,5.415983599948556,14.319280326407064
Random840
Raw:-10.928602195962137,-18.680682733327465,-8.139123687966121,10.48224864777028,-11.772411911358917,-8.454424497705228,-18.239107460421778,-11.105751791370976,5.415983599948559,14.319280326407055
EFT:-10.92860219596214,-18.68068273332747,-8.139123687966121,10.482248647770284,-11.772411911358915,-8.454424497705228,-18.239107460421778,-11.105751791370976,5.415983599948556,14.319280326407062
Random841
Raw:-10.928602195962135,-18.680682733327473,-8.139123687966123,10.482248647770287,-11.772411911358905,-8.454424497705226,-18.239107460421774,-11.105751791370977,5.415983599948562,14.319280326407062
EFT:-10.928602195962139,-18.68068273332747,-8.139123687966121,10.482248647770284,-11.772411911358915,-8.454424497705228,-18.239107460421778,-11.105751791370976,5.415983599948556,14.319280326407064
Random842
Raw:-10.928602195962142,-18.680682733327473,-8.13912368796613,10.482248647770287,-11.772411911358907,-8.454424497705226,-18.23910746042178,-11.105751791370972,5.415983599948552,14.31928032640706
EFT:-10.92860219596214,-18.68068273332747,-8.139123687966121,10.482248647770284,-11.772411911358915,-8.45442449770523,-18.239107460421778,-11.105751791370976,5.415983599948556,14.319280326407062
Random843
Raw:-10.928602195962135,-18.680682733327473,-8.139123687966126,10.48224864777029,-11.772411911358907,-8.454424497705233,-18.239107460421774,-11.105751791370974,5.415983599948556,14.31928032640706
EFT:-10.92860219596214,-18.68068273332747,-8.139123687966121,10.482248647770284,-11.772411911358915,-8.454424497705228,-18.239107460421778,-11.105751791370976,5.415983599948556,14.319280326407062
Random844
Raw:-10.928602195962144,-18.680682733327473,-8.139123687966128,10.482248647770293,-11.77241191135891,-8.454424497705228,-18.239107460421785,-11.105751791370981,5.415983599948568,14.319280326407062
EFT:-10.928602195962139,-18.68068273332747,-8.139123687966121,10.482248647770284,-11.772411911358915,-8.454424497705228,-18.239107460421778,-11.105751791370976,5.415983599948556,14.319280326407064
Random845
Raw:-10.92860219596214,-18.68068273332748,-8.139123687966125,10.482248647770287,-11.772411911358912,-8.454424497705228,-18.239107460421774,-11.105751791370977,5.415983599948557,14.319280326407059
EFT:-10.92860219596214,-18.68068273332747,-8.139123687966121,10.482248647770284,-11.772411911358915,-8.454424497705228,-18.239107460421778,-11.105751791370976,5.415983599948556,14.319280326407064
Random846
Raw:-10.928602195962137,-18.680682733327473,-8.139123687966126,10.48224864777029,-11.772411911358907,-8.454424497705235,-18.23910746042178,-11.10575179137098,5.415983599948562,14.31928032640706
EFT:-10.92860219596214,-18.68068273332747,-8.139123687966121,10.482248647770284,-11.772411911358915,-8.454424497705228,-18.239107460421778,-11.105751791370976,5.415983599948556,14.319280326407062
Random847
Raw:-10.928602195962137,-18.680682733327465,-8.139123687966121,10.482248647770286,-11.772411911358907,-8.454424497705231,-18.239107460421767,-11.105751791370974,5.415983599948561,14.319280326407064
EFT:-10.92860219596214,-18.68068273332747,-8.139123687966121,10.482248647770284,-11.772411911358915,-8.454424497705228,-18.239107460421778,-11.105751791370976,5.415983599948556,14.319280326407064
Random848
Raw:-10.928602195962135,-18.680682733327465,-8.139123687966126,10.482248647770282,-11.772411911358914,-8.454424497705226,-18.23910746042178,-11.105751791370974,5.415983599948559,14.319280326407062
EFT:-10.928602195962139,-18.68068273332747,-8.139123687966121,10.482248647770284,-11.772411911358915,-8.454424497705228,-18.239107460421778,-11.105751791370976,5.415983599948556,14.319280326407064
Random849
Raw:-10.92860219596214,-18.680682733327473,-8.139123687966126,10.482248647770287,-11.77241191135892,-8.45442449770523,-18.23910746042178,-11.10575179137098,5.415983599948557,14.319280326407064
EFT:-10.92860219596214,-18.68068273332747,-8.139123687966121,10.482248647770284,-11.772411911358915,-8.454424497705228,-18.239107460421778,-11.105751791370976,5.415983599948556,14.319280326407064
Random850
Raw:-10.928602195962137,-18.68068273332747,-8.139123687966123,10.482248647770279,-11.772411911358905,-8.454424497705237,-18.23910746042177,-11.105751791370976,5.415983599948559,14.319280326407064
EFT:-10.928602195962139,-18.68068273332747,-8.139123687966121,10.482248647770284,-11.772411911358915,-8.454424497705228,-18.239107460421778,-11.105751791370976,5.415983599948556,14.319280326407064
Random851
Raw:-10.92860219596214,-18.680682733327465,-8.139123687966126,10.482248647770286,-11.77241191135891,-8.454424497705231,-18.239107460421778,-11.105751791370977,5.4159835999485555,14.319280326407068
EFT:-10.92860219596214,-18.68068273332747,-8.139123687966121,10.482248647770284,-11.772411911358915,-8.45442449770523,-18.239107460421778,-11.105751791370976,5.415983599948556,14.319280326407062
Random852
Raw:-10.928602195962139,-18.680682733327473,-8.139123687966132,10.482248647770279,-11.772411911358907,-8.454424497705224,-18.23910746042177,-11.105751791370976,5.415983599948564,14.319280326407062
EFT:-10.928602195962139,-18.68068273332747,-8.139123687966121,10.482248647770284,-11.772411911358915,-8.454424497705228,-18.239107460421778,-11.105751791370976,5.415983599948556,14.319280326407064
Random853
Raw:-10.928602195962139,-18.680682733327473,-8.139123687966128,10.482248647770284,-11.772411911358905,-8.45442449770523,-18.239107460421774,-11.105751791370981,5.415983599948566,14.319280326407059
EFT:-10.92860219596214,-18.68068273332747,-8.139123687966121,10.482248647770284,-11.772411911358915,-8.454424497705228,-18.239107460421778,-11.105751791370976,5.415983599948556,14.319280326407062
Random854
Raw:-10.928602195962133,-18.68068273332747,-8.139123687966114,10.482248647770284,-11.77241191135892,-8.454424497705231,-18.239107460421774,-11.105751791370974,5.415983599948559,14.31928032640706
EFT:-10.92860219596214,-18.68068273332747,-8.139123687966121,10.482248647770284,-11.772411911358915,-8.454424497705228,-18.239107460421778,-11.105751791370976,5.415983599948556,14.319280326407062
Random855
Raw:-10.928602195962133,-18.680682733327465,-8.139123687966125,10.482248647770286,-11.772411911358907,-8.454424497705231,-18.239107460421774,-11.105751791370981,5.415983599948565,14.319280326407062
EFT:-10.92860219596214,-18.68068273332747,-8.139123687966121,10.482248647770284,-11.772411911358915,-8.454424497705228,-18.239107460421778,-11.105751791370976,5.415983599948556,14.319280326407062
Random856
Raw:-10.92860219596214,-18.68068273332747,-8.139123687966128,10.482248647770286,-11.77241191135892,-8.454424497705222,-18.23910746042178,-11.105751791370976,5.415983599948557,14.319280326407064
EFT:-10.928602195962139,-18.68068273332747,-8.139123687966121,10.482248647770284,-11.772411911358915,-8.454424497705228,-18.239107460421778,-11.105751791370976,5.415983599948556,14.319280326407064
Random857
Raw:-10.928602195962144,-18.680682733327462,-8.139123687966125,10.48224864777029,-11.772411911358912,-8.454424497705231,-18.239107460421778,-11.105751791370976,5.415983599948561,14.319280326407057
EFT:-10.92860219596214,-18.68068273332747,-8.139123687966121,10.482248647770284,-11.772411911358915,-8.45442449770523,-18.239107460421778,-11.105751791370976,5.415983599948556,14.319280326407062
Random858
Raw:-10.928602195962142,-18.68068273332747,-8.139123687966128,10.482248647770293,-11.772411911358915,-8.454424497705233,-18.23910746042178,-11.10575179137098,5.415983599948559,14.31928032640706
EFT:-10.92860219596214,-18.68068273332747,-8.139123687966121,10.482248647770284,-11.772411911358915,-8.45442449770523,-18.239107460421778,-11.105751791370976,5.415983599948556,14.319280326407062
Random859
Raw:-10.928602195962137,-18.68068273332747,-8.13912368796612,10.482248647770287,-11.772411911358914,-8.454424497705228,-18.23910746042179,-11.105751791370967,5.415983599948557,14.319280326407066
EFT:-10.92860219596214,-18.68068273332747,-8.139123687966121,10.482248647770284,-11.772411911358915,-8.454424497705228,-18.239107460421778,-11.105751791370976,5.415983599948556,14.319280326407064
Random860
Raw:-10.928602195962137,-18.68068273332747,-8.139123687966123,10.48224864777029,-11.772411911358912,-8.454424497705233,-18.239107460421778,-11.105751791370981,5.415983599948562,14.319280326407064
EFT:-10.928602195962139,-18.68068273332747,-8.139123687966121,10.482248647770284,-11.772411911358915,-8.454424497705228,-18.239107460421778,-11.105751791370976,5.415983599948556,14.319280326407064
Random861
Raw:-10.928602195962135,-18.680682733327465,-8.13912368796612,10.48224864777028,-11.772411911358917,-8.45442449770523,-18.239107460421774,-11.10575179137097,5.41598359994856,14.319280326407057
EFT:-10.92860219596214,-18.68068273332747,-8.139123687966121,10.482248647770284,-11.772411911358915,-8.454424497705228,-18.239107460421778,-11.105751791370976,5.415983599948556,14.319280326407062
Random862
Raw:-10.92860219596214,-18.68068273332747,-8.139123687966126,10.482248647770282,-11.77241191135891,-8.454424497705233,-18.239107460421778,-11.10575179137098,5.4159835999485635,14.319280326407064
EFT:-10.92860219596214,-18.68068273332747,-8.139123687966121,10.482248647770284,-11.772411911358915,-8.45442449770523,-18.239107460421778,-11.105751791370976,5.415983599948556,14.319280326407062
Random863
Raw:-10.92860219596214,-18.680682733327487,-8.139123687966125,10.482248647770282,-11.772411911358912,-8.454424497705222,-18.23910746042178,-11.105751791370974,5.415983599948557,14.319280326407062
EFT:-10.92860219596214,-18.68068273332747,-8.139123687966121,10.482248647770284,-11.772411911358915,-8.454424497705228,-18.239107460421778,-11.105751791370976,5.415983599948556,14.319280326407064
Random864
Raw:-10.92860219596214,-18.680682733327476,-8.139123687966128,10.48224864777029,-11.772411911358905,-8.454424497705231,-18.239107460421778,-11.105751791370977,5.415983599948564,14.319280326407064
EFT:-10.928602195962139,-18.68068273332747,-8.139123687966121,10.482248647770284,-11.772411911358915,-8.454424497705228,-18.239107460421778,-11.105751791370976,5.415983599948556,14.319280326407064
Random865
Raw:-10.92860219596214,-18.680682733327473,-8.139123687966123,10.48224864777028,-11.77241191135891,-8.45442449770523,-18.23910746042178,-11.105751791370976,5.41598359994856,14.319280326407068
EFT:-10.92860219596214,-18.68068273332747,-8.139123687966121,10.482248647770284,-11.772411911358915,-8.454424497705228,-18.239107460421778,-11.105751791370976,5.415983599948556,14.319280326407062
Random866
Raw:-10.92860219596214,-18.68068273332748,-8.139123687966126,10.482248647770293,-11.772411911358915,-8.454424497705228,-18.23910746042178,-11.105751791370976,5.415983599948558,14.31928032640706
EFT:-10.928602195962139,-18.68068273332747,-8.139123687966121,10.482248647770284,-11.772411911358915,-8.454424497705228,-18.239107460421778,-11.105751791370976,5.415983599948556,14.319280326407064
Random867
Raw:-10.92860219596214,-18.68068273332747,-8.139123687966125,10.48224864777029,-11.772411911358914,-8.454424497705224,-18.239107460421778,-11.105751791370976,5.4159835999485555,14.319280326407059
EFT:-10.92860219596214,-18.68068273332747,-8.139123687966121,10.482248647770284,-11.772411911358915,-8.454424497705228,-18.239107460421778,-11.105751791370976,5.415983599948556,14.319280326407062
Random868
Raw:-10.928602195962135,-18.680682733327462,-8.139123687966132,10.482248647770287,-11.772411911358903,-8.454424497705235,-18.239107460421778,-11.105751791370974,5.415983599948558,14.319280326407059
EFT:-10.92860219596214,-18.68068273332747,-8.139123687966121,10.482248647770284,-11.772411911358915,-8.454424497705228,-18.239107460421778,-11.105751791370976,5.415983599948556,14.319280326407064
Random869
Raw:-10.928602195962139,-18.680682733327473,-8.139123687966125,10.482248647770286,-11.772411911358912,-8.454424497705228,-18.239107460421767,-11.105751791370981,5.415983599948554,14.31928032640706
EFT:-10.92860219596214,-18.68068273332747,-8.139123687966121,10.482248647770284,-11.772411911358915,-8.454424497705228,-18.239107460421778,-11.105751791370976,5.415983599948556,14.319280326407062
Random870
Raw:-10.928602195962142,-18.68068273332747,-8.139123687966118,10.48224864777028,-11.772411911358915,-8.454424497705226,-18.23910746042177,-11.105751791370984,5.415983599948563,14.31928032640706
EFT:-10.92860219596214,-18.68068273332747,-8.139123687966121,10.482248647770284,-11.772411911358915,-8.454424497705228,-18.239107460421778,-11.105751791370976,5.415983599948556,14.319280326407062
Random871
Raw:-10.928602195962142,-18.680682733327465,-8.139123687966125,10.482248647770287,-11.772411911358908,-8.454424497705238,-18.23910746042179,-11.105751791370972,5.415983599948558,14.319280326407057
EFT:-10.92860219596214,-18.68068273332747,-8.139123687966121,10.482248647770284,-11.772411911358915,-8.454424497705228,-18.239107460421778,-11.105751791370976,5.415983599948556,14.319280326407062
Random872
Raw:-10.92860219596214,-18.68068273332747,-8.139123687966128,10.482248647770287,-11.772411911358908,-8.454424497705235,-18.239107460421785,-11.105751791370972,5.415983599948557,14.319280326407066
EFT:-10.92860219596214,-18.68068273332747,-8.139123687966121,10.482248647770284,-11.772411911358915,-8.454424497705228,-18.239107460421778,-11.105751791370976,5.415983599948556,14.319280326407064
Random873
Raw:-10.928602195962144,-18.680682733327465,-8.13912368796613,10.482248647770282,-11.772411911358908,-8.454424497705231,-18.23910746042178,-11.105751791370976,5.41598359994856,14.319280326407062
EFT:-10.92860219596214,-18.68068273332747,-8.139123687966121,10.482248647770284,-11.772411911358915,-8.454424497705228,-18.239107460421778,-11.105751791370976,5.415983599948556,14.319280326407064
Random874
Raw:-10.928602195962137,-18.680682733327473,-8.139123687966123,10.48224864777028,-11.77241191135891,-8.454424497705231,-18.239107460421778,-11.105751791370977,5.415983599948559,14.319280326407064
EFT:-10.92860219596214,-18.68068273332747,-8.139123687966121,10.482248647770284,-11.772411911358915,-8.454424497705228,-18.239107460421778,-11.105751791370976,5.415983599948556,14.319280326407062
Random875
Raw:-10.928602195962144,-18.68068273332748,-8.139123687966128,10.48224864777029,-11.772411911358919,-8.454424497705224,-18.23910746042177,-11.105751791370984,5.415983599948559,14.319280326407059
EFT:-10.928602195962139,-18.68068273332747,-8.139123687966121,10.482248647770284,-11.772411911358915,-8.454424497705228,-18.239107460421778,-11.105751791370976,5.415983599948556,14.319280326407064
Random876
Raw:-10.928602195962142,-18.680682733327473,-8.139123687966123,10.48224864777028,-11.772411911358917,-8.45442449770522,-18.239107460421778,-11.105751791370977,5.415983599948554,14.319280326407059
EFT:-10.928602195962139,-18.68068273332747,-8.139123687966121,10.482248647770284,-11.772411911358915,-8.454424497705228,-18.239107460421778,-11.105751791370976,5.415983599948556,14.319280326407064
Random877
Raw:-10.92860219596214,-18.680682733327473,-8.139123687966125,10.482248647770293,-11.772411911358908,-8.454424497705237,-18.23910746042178,-11.105751791370983,5.415983599948566,14.319280326407068
EFT:-10.928602195962139,-18.68068273332747,-8.139123687966121,10.482248647770284,-11.772411911358915,-8.454424497705228,-18.239107460421778,-11.105751791370976,5.415983599948556,14.319280326407064
Random878
Raw:-10.928602195962144,-18.680682733327476,-8.139123687966123,10.482248647770286,-11.772411911358914,-8.454424497705231,-18.239107460421785,-11.105751791370976,5.4159835999485555,14.319280326407066
EFT:-10.928602195962139,-18.68068273332747,-8.139123687966121,10.482248647770284,-11.772411911358915,-8.454424497705228,-18.239107460421778,-11.105751791370976,5.415983599948556,14.319280326407064
Random879
Raw:-10.928602195962142,-18.68068273332747,-8.139123687966121,10.48224864777028,-11.772411911358912,-8.454424497705231,-18.239107460421778,-11.105751791370977,5.415983599948564,14.319280326407057
EFT:-10.92860219596214,-18.68068273332747,-8.139123687966121,10.482248647770284,-11.772411911358915,-8.454424497705228,-18.239107460421778,-11.105751791370976,5.415983599948556,14.319280326407064
Random880
Raw:-10.928602195962148,-18.680682733327465,-8.139123687966123,10.482248647770284,-11.772411911358915,-8.454424497705224,-18.239107460421774,-11.105751791370976,5.4159835999485635,14.319280326407059
EFT:-10.92860219596214,-18.68068273332747,-8.139123687966121,10.482248647770284,-11.772411911358915,-8.454424497705228,-18.239107460421778,-11.105751791370976,5.415983599948556,14.319280326407064
Random881
Raw:-10.928602195962142,-18.68068273332747,-8.139123687966126,10.482248647770282,-11.772411911358914,-8.45442449770522,-18.239107460421774,-11.105751791370976,5.415983599948556,14.319280326407064
EFT:-10.92860219596214,-18.68068273332747,-8.139123687966121,10.482248647770284,-11.772411911358915,-8.454424497705228,-18.239107460421778,-11.105751791370976,5.415983599948556,14.319280326407062
Random882
Raw:-10.928602195962144,-18.68068273332747,-8.139123687966132,10.482248647770287,-11.772411911358914,-8.454424497705226,-18.239107460421778,-11.105751791370977,5.4159835999485635,14.319280326407057
EFT:-10.92860219596214,-18.68068273332747,-8.139123687966121,10.482248647770284,-11.772411911358915,-8.45442449770523,-18.239107460421778,-11.105751791370976,5.415983599948556,14.319280326407062
Random883
Raw:-10.928602195962137,-18.680682733327462,-8.139123687966126,10.48224864777028,-11.772411911358901,-8.45442449770523,-18.23910746042178,-11.105751791370972,5.415983599948561,14.319280326407059
EFT:-10.92860219596214,-18.68068273332747,-8.139123687966121,10.482248647770284,-11.772411911358915,-8.454424497705228,-18.239107460421778,-11.105751791370976,5.415983599948556,14.319280326407062
Random884
Raw:-10.92860219596214,-18.680682733327476,-8.139123687966125,10.482248647770293,-11.772411911358907,-8.454424497705231,-18.239107460421785,-11.105751791370976,5.415983599948556,14.319280326407057
EFT:-10.92860219596214,-18.68068273332747,-8.139123687966121,10.482248647770284,-11.772411911358915,-8.454424497705228,-18.239107460421778,-11.105751791370976,5.415983599948556,14.319280326407064
Random885
Raw:-10.928602195962137,-18.68068273332747,-8.139123687966123,10.482248647770282,-11.772411911358914,-8.454424497705235,-18.239107460421778,-11.105751791370976,5.4159835999485555,14.319280326407062
EFT:-10.928602195962139,-18.68068273332747,-8.139123687966121,10.482248647770284,-11.772411911358915,-8.454424497705228,-18.239107460421778,-11.105751791370976,5.415983599948556,14.319280326407064
Random886
Raw:-10.928602195962135,-18.68068273332747,-8.139123687966121,10.482248647770286,-11.77241191135891,-8.454424497705233,-18.239107460421778,-11.105751791370984,5.415983599948562,14.319280326407059
EFT:-10.92860219596214,-18.68068273332747,-8.139123687966121,10.482248647770284,-11.772411911358915,-8.454424497705228,-18.239107460421778,-11.105751791370976,5.415983599948556,14.319280326407062
Random887
Raw:-10.92860219596214,-18.68068273332747,-8.139123687966118,10.48224864777029,-11.772411911358917,-8.45442449770523,-18.23910746042177,-11.105751791370976,5.415983599948554,14.31928032640706
EFT:-10.92860219596214,-18.68068273332747,-8.139123687966121,10.482248647770284,-11.772411911358915,-8.454424497705228,-18.239107460421778,-11.105751791370976,5.415983599948556,14.319280326407062
Random888
Raw:-10.92860219596214,-18.68068273332747,-8.139123687966125,10.482248647770286,-11.772411911358912,-8.454424497705226,-18.239107460421778,-11.10575179137097,5.415983599948554,14.319280326407057
EFT:-10.92860219596214,-18.68068273332747,-8.139123687966121,10.482248647770284,-11.772411911358915,-8.454424497705228,-18.239107460421778,-11.105751791370976,5.415983599948556,14.319280326407064
Random889
Raw:-10.92860219596213,-18.680682733327462,-8.139123687966132,10.482248647770279,-11.772411911358894,-8.454424497705226,-18.239107460421778,-11.105751791370976,5.4159835999485635,14.319280326407062
EFT:-10.928602195962139,-18.68068273332747,-8.139123687966121,10.482248647770284,-11.772411911358915,-8.454424497705228,-18.239107460421778,-11.105751791370976,5.415983599948556,14.319280326407064
Random890
Raw:-10.928602195962139,-18.680682733327473,-8.139123687966132,10.48224864777029,-11.772411911358908,-8.454424497705226,-18.23910746042179,-11.105751791370976,5.415983599948553,14.31928032640706
EFT:-10.92860219596214,-18.68068273332747,-8.139123687966121,10.482248647770284,-11.772411911358915,-8.454424497705228,-18.239107460421778,-11.105751791370976,5.415983599948556,14.319280326407064
Random891
Raw:-10.928602195962137,-18.680682733327473,-8.139123687966121,10.48224864777029,-11.772411911358915,-8.454424497705226,-18.23910746042178,-11.105751791370984,5.41598359994856,14.319280326407059
EFT:-10.928602195962139,-18.68068273332747,-8.139123687966121,10.482248647770284,-11.772411911358915,-8.454424497705228,-18.239107460421778,-11.105751791370976,5.415983599948556,14.319280326407064
Random892
Raw:-10.928602195962139,-18.68068273332747,-8.139123687966126,10.482248647770286,-11.772411911358912,-8.45442449770523,-18.23910746042178,-11.10575179137097,5.415983599948556,14.31928032640706
EFT:-10.928602195962139,-18.68068273332747,-8.139123687966121,10.482248647770284,-11.772411911358915,-8.454424497705228,-18.239107460421778,-11.105751791370976,5.415983599948556,14.319280326407064
Random893
Raw:-10.92860219596214,-18.680682733327462,-8.139123687966126,10.482248647770286,-11.772411911358914,-8.454424497705233,-18.23910746042178,-11.105751791370972,5.415983599948559,14.31928032640706
EFT:-10.92860219596214,-18.68068273332747,-8.139123687966121,10.482248647770284,-11.772411911358915,-8.454424497705228,-18.239107460421778,-11.105751791370976,5.415983599948556,14.319280326407062
Random894
Raw:-10.928602195962139,-18.680682733327465,-8.139123687966126,10.482248647770282,-11.772411911358915,-8.454424497705226,-18.239107460421778,-11.105751791370977,5.415983599948567,14.319280326407062
EFT:-10.928602195962139,-18.68068273332747,-8.139123687966123,10.482248647770284,-11.772411911358915,-8.454424497705228,-18.239107460421778,-11.105751791370976,5.415983599948556,14.319280326407064
Random895
Raw:-10.92860219596214,-18.68068273332747,-8.139123687966123,10.482248647770287,-11.772411911358924,-8.454424497705231,-18.23910746042178,-11.105751791370977,5.415983599948556,14.31928032640706
EFT:-10.92860219596214,-18.68068273332747,-8.139123687966121,10.482248647770284,-11.772411911358915,-8.454424497705228,-18.239107460421778,-11.105751791370976,5.415983599948556,14.319280326407062
Random896
Raw:-10.928602195962135,-18.68068273332747,-8.13912368796612,10.482248647770287,-11.772411911358917,-8.454424497705228,-18.23910746042177,-11.105751791370983,5.4159835999485555,14.319280326407059
EFT:-10.928602195962139,-18.68068273332747,-8.139123687966121,10.482248647770284,-11.772411911358915,-8.454424497705228,-18.239107460421778,-11.105751791370976,5.415983599948556,14.319280326407064
Random897
Raw:-10.92860219596214,-18.68068273332747,-8.139123687966123,10.482248647770279,-11.772411911358914,-8.454424497705226,-18.239107460421774,-11.105751791370972,5.415983599948559,14.319280326407057
EFT:-10.92860219596214,-18.68068273332747,-8.139123687966121,10.482248647770284,-11.772411911358915,-8.454424497705228,-18.239107460421778,-11.105751791370976,5.415983599948556,14.319280326407062
Random898
Raw:-10.928602195962139,-18.68068273332747,-8.139123687966125,10.482248647770284,-11.772411911358908,-8.454424497705233,-18.239107460421785,-11.105751791370974,5.415983599948553,14.319280326407066
EFT:-10.92860219596214,-18.68068273332747,-8.139123687966121,10.482248647770284,-11.772411911358915,-8.454424497705228,-18.239107460421778,-11.105751791370976,5.415983599948556,14.319280326407062
Random899
Raw:-10.928602195962132,-18.68068273332748,-8.139123687966128,10.482248647770284,-11.772411911358908,-8.454424497705222,-18.239107460421774,-11.10575179137098,5.415983599948559,14.319280326407062
EFT:-10.928602195962139,-18.68068273332747,-8.139123687966121,10.482248647770284,-11.772411911358915,-8.454424497705228,-18.239107460421778,-11.105751791370976,5.415983599948556,14.319280326407064
Random900
Raw:-10.928602195962137,-18.68068273332747,-8.139123687966128,10.482248647770286,-11.772411911358903,-8.454424497705233,-18.23910746042178,-11.105751791370977,5.415983599948565,14.319280326407059
EFT:-10.92860219596214,-18.68068273332747,-8.139123687966121,10.482248647770284,-11.772411911358915,-8.454424497705228,-18.239107460421778,-11.105751791370976,5.415983599948556,14.319280326407062
Random901
Raw:-10.928602195962137,-18.68068273332748,-8.139123687966123,10.482248647770282,-11.772411911358917,-8.454424497705224,-18.239107460421778,-11.105751791370977,5.415983599948563,14.319280326407062
EFT:-10.92860219596214,-18.68068273332747,-8.139123687966121,10.482248647770284,-11.772411911358915,-8.454424497705228,-18.239107460421778,-11.105751791370976,5.415983599948556,14.319280326407064
Random902
Raw:-10.928602195962139,-18.680682733327465,-8.139123687966125,10.482248647770282,-11.77241191135891,-8.454424497705231,-18.239107460421778,-11.10575179137097,5.415983599948556,14.319280326407062
EFT:-10.928602195962139,-18.68068273332747,-8.139123687966121,10.482248647770284,-11.772411911358915,-8.454424497705228,-18.239107460421778,-11.105751791370976,5.415983599948556,14.319280326407064
Random903
Raw:-10.928602195962137,-18.680682733327473,-8.139123687966121,10.482248647770291,-11.772411911358914,-8.454424497705231,-18.23910746042177,-11.105751791370977,5.41598359994856,14.319280326407062
EFT:-10.92860219596214,-18.68068273332747,-8.139123687966121,10.482248647770284,-11.772411911358915,-8.454424497705228,-18.239107460421778,-11.105751791370976,5.415983599948556,14.319280326407062
Random904
Raw:-10.928602195962137,-18.680682733327473,-8.13912368796613,10.482248647770286,-11.7724119113589,-8.454424497705222,-18.23910746042178,-11.105751791370984,5.415983599948562,14.319280326407066
EFT:-10.928602195962139,-18.68068273332747,-8.139123687966121,10.482248647770284,-11.772411911358915,-8.454424497705228,-18.239107460421778,-11.105751791370976,5.415983599948556,14.319280326407064
Random905
Raw:-10.928602195962144,-18.68068273332748,-8.13912368796613,10.482248647770291,-11.772411911358914,-8.454424497705226,-18.23910746042178,-11.105751791370983,5.415983599948555,14.31928032640706
EFT:-10.92860219596214,-18.68068273332747,-8.139123687966121,10.482248647770284,-11.772411911358915,-8.454424497705228,-18.239107460421778,-11.105751791370976,5.415983599948556,14.319280326407062
Random906
Raw:-10.928602195962144,-18.680682733327462,-8.139123687966128,10.48224864777028,-11.772411911358903,-8.454424497705233,-18.239107460421774,-11.105751791370967,5.4159835999485555,14.319280326407066
EFT:-10.92860219596214,-18.68068273332747,-8.139123687966121,10.482248647770284,-11.772411911358915,-8.454424497705228,-18.239107460421778,-11.105751791370976,5.415983599948556,14.319280326407062
Random907
Raw:-10.928602195962132,-18.68068273332747,-8.139123687966123,10.482248647770286,-11.77241191135891,-8.454424497705226,-18.239107460421778,-11.105751791370976,5.415983599948567,14.319280326407059
EFT:-10.928602195962139,-18.68068273332747,-8.139123687966121,10.482248647770284,-11.772411911358915,-8.454424497705228,-18.239107460421778,-11.105751791370976,5.415983599948556,14.319280326407064
Random908
Raw:-10.928602195962146,-18.680682733327476,-8.13912368796613,10.482248647770286,-11.772411911358908,-8.454424497705226,-18.239107460421778,-11.10575179137098,5.415983599948564,14.319280326407055
EFT:-10.92860219596214,-18.68068273332747,-8.139123687966121,10.482248647770284,-11.772411911358915,-8.454424497705228,-18.239107460421778,-11.105751791370976,5.415983599948556,14.319280326407064
Random909
Raw:-10.92860219596214,-18.680682733327473,-8.139123687966126,10.482248647770284,-11.772411911358912,-8.454424497705219,-18.239107460421778,-11.105751791370976,5.415983599948556,14.319280326407064
EFT:-10.92860219596214,-18.68068273332747,-8.139123687966121,10.482248647770284,-11.772411911358915,-8.454424497705228,-18.239107460421778,-11.105751791370976,5.415983599948556,14.319280326407064
Random910
Raw:-10.928602195962146,-18.680682733327476,-8.139123687966125,10.482248647770293,-11.772411911358914,-8.454424497705237,-18.239107460421778,-11.105751791370981,5.415983599948559,14.31928032640706
EFT:-10.92860219596214,-18.68068273332747,-8.139123687966121,10.482248647770284,-11.772411911358915,-8.454424497705228,-18.239107460421778,-11.105751791370976,5.415983599948556,14.319280326407062
Random911
Raw:-10.928602195962146,-18.68068273332747,-8.139123687966128,10.482248647770286,-11.772411911358912,-8.454424497705222,-18.23910746042178,-11.105751791370981,5.41598359994856,14.31928032640706
EFT:-10.92860219596214,-18.68068273332747,-8.139123687966121,10.482248647770284,-11.772411911358915,-8.45442449770523,-18.239107460421778,-11.105751791370976,5.415983599948556,14.319280326407062
Random912
Raw:-10.928602195962137,-18.68068273332747,-8.139123687966125,10.482248647770284,-11.772411911358917,-8.454424497705222,-18.239107460421778,-11.105751791370974,5.415983599948555,14.31928032640706
EFT:-10.928602195962139,-18.68068273332747,-8.139123687966121,10.482248647770284,-11.772411911358915,-8.454424497705228,-18.239107460421778,-11.105751791370976,5.415983599948556,14.319280326407064
Random913
Raw:-10.928602195962137,-18.680682733327465,-8.139123687966123,10.482248647770287,-11.772411911358907,-8.454424497705233,-18.23910746042179,-11.105751791370974,5.41598359994856,14.319280326407057
EFT:-10.928602195962139,-18.68068273332747,-8.139123687966121,10.482248647770284,-11.772411911358915,-8.454424497705228,-18.239107460421778,-11.105751791370976,5.415983599948556,14.319280326407064
Random914
Raw:-10.92860219596214,-18.680682733327465,-8.139123687966125,10.482248647770284,-11.77241191135891,-8.454424497705226,-18.239107460421774,-11.105751791370976,5.41598359994856,14.31928032640706
EFT:-10.92860219596214,-18.68068273332747,-8.139123687966121,10.482248647770284,-11.772411911358915,-8.454424497705228,-18.239107460421778,-11.105751791370976,5.415983599948556,14.319280326407062
Random915
Raw:-10.92860219596214,-18.680682733327476,-8.139123687966128,10.482248647770286,-11.77241191135891,-8.45442449770523,-18.23910746042178,-11.105751791370976,5.415983599948561,14.319280326407062
EFT:-10.92860219596214,-18.68068273332747,-8.139123687966121,10.482248647770284,-11.772411911358915,-8.454424497705228,-18.239107460421778,-11.105751791370976,5.415983599948556,14.319280326407062
Random916
Raw:-10.92860219596214,-18.680682733327465,-8.139123687966123,10.482248647770284,-11.772411911358919,-8.454424497705231,-18.239107460421785,-11.105751791370972,5.415983599948558,14.31928032640706
EFT:-10.928602195962139,-18.68068273332747,-8.139123687966123,10.482248647770284,-11.772411911358915,-8.454424497705228,-18.239107460421778,-11.105751791370976,5.415983599948556,14.319280326407064
Random917
Raw:-10.928602195962144,-18.680682733327476,-8.139123687966128,10.482248647770291,-11.772411911358914,-8.454424497705233,-18.239107460421785,-11.105751791370974,5.415983599948562,14.319280326407059
EFT:-10.92860219596214,-18.68068273332747,-8.139123687966121,10.482248647770284,-11.772411911358915,-8.454424497705228,-18.239107460421778,-11.105751791370976,5.415983599948556,14.319280326407062
Random918
Raw:-10.928602195962133,-18.680682733327483,-8.139123687966134,10.482248647770286,-11.772411911358917,-8.454424497705228,-18.23910746042177,-11.105751791370984,5.415983599948559,14.31928032640706
EFT:-10.92860219596214,-18.68068273332747,-8.139123687966121,10.482248647770284,-11.772411911358915,-8.454424497705228,-18.239107460421778,-11.105751791370976,5.415983599948556,14.319280326407062
Random919
Raw:-10.928602195962132,-18.68068273332747,-8.139123687966121,10.482248647770287,-11.772411911358914,-8.45442449770523,-18.23910746042178,-11.105751791370972,5.415983599948556,14.319280326407062
EFT:-10.92860219596214,-18.68068273332747,-8.139123687966121,10.482248647770284,-11.772411911358915,-8.454424497705228,-18.239107460421778,-11.105751791370976,5.415983599948556,14.319280326407064
Random920
Raw:-10.928602195962139,-18.680682733327462,-8.13912368796612,10.482248647770282,-11.77241191135892,-8.454424497705231,-18.23910746042177,-11.105751791370965,5.415983599948547,14.319280326407064
EFT:-10.92860219596214,-18.68068273332747,-8.139123687966121,10.482248647770284,-11.772411911358915,-8.454424497705228,-18.239107460421778,-11.105751791370976,5.415983599948556,14.319280326407064
Random921
Raw:-10.928602195962139,-18.68068273332747,-8.139123687966125,10.48224864777028,-11.772411911358914,-8.45442449770522,-18.239107460421774,-11.105751791370976,5.415983599948558,14.31928032640706
EFT:-10.928602195962139,-18.68068273332747,-8.139123687966121,10.482248647770284,-11.772411911358915,-8.454424497705228,-18.239107460421778,-11.105751791370976,5.415983599948556,14.319280326407064
Random922
Raw:-10.928602195962139,-18.680682733327465,-8.139123687966132,10.482248647770287,-11.772411911358903,-8.45442449770523,-18.23910746042178,-11.105751791370974,5.415983599948564,14.319280326407062
EFT:-10.928602195962139,-18.68068273332747,-8.139123687966121,10.482248647770284,-11.772411911358915,-8.454424497705228,-18.239107460421778,-11.105751791370976,5.415983599948556,14.319280326407064
Random923
Raw:-10.928602195962144,-18.680682733327476,-8.139123687966123,10.482248647770287,-11.772411911358917,-8.454424497705226,-18.239107460421792,-11.105751791370977,5.415983599948557,14.319280326407059
EFT:-10.92860219596214,-18.68068273332747,-8.139123687966121,10.482248647770284,-11.772411911358915,-8.45442449770523,-18.239107460421778,-11.105751791370976,5.415983599948556,14.319280326407062
Random924
Raw:-10.928602195962139,-18.680682733327476,-8.139123687966128,10.482248647770293,-11.772411911358908,-8.454424497705233,-18.23910746042178,-11.105751791370972,5.41598359994856,14.319280326407055
EFT:-10.928602195962139,-18.68068273332747,-8.139123687966121,10.482248647770284,-11.772411911358915,-8.454424497705228,-18.239107460421778,-11.105751791370976,5.415983599948556,14.319280326407064
Random925
Raw:-10.928602195962132,-18.680682733327462,-8.139123687966118,10.482248647770282,-11.77241191135892,-8.454424497705237,-18.239107460421785,-11.105751791370974,5.415983599948564,14.319280326407062
EFT:-10.92860219596214,-18.68068273332747,-8.139123687966121,10.482248647770284,-11.772411911358915,-8.454424497705228,-18.239107460421778,-11.105751791370976,5.415983599948556,14.319280326407062
Random926
Raw:-10.92860219596214,-18.68068273332747,-8.139123687966126,10.48224864777028,-11.772411911358907,-8.454424497705231,-18.23910746042178,-11.105751791370963,5.4159835999485555,14.319280326407062
EFT:-10.928602195962139,-18.68068273332747,-8.139123687966121,10.482248647770284,-11.772411911358915,-8.454424497705228,-18.239107460421778,-11.105751791370976,5.415983599948556,14.319280326407064
Random927
Raw:-10.928602195962133,-18.680682733327473,-8.139123687966121,10.482248647770286,-11.772411911358915,-8.45442449770523,-18.239107460421774,-11.105751791370977,5.415983599948559,14.319280326407059
EFT:-10.92860219596214,-18.68068273332747,-8.139123687966121,10.482248647770284,-11.772411911358915,-8.454424497705228,-18.239107460421778,-11.105751791370976,5.415983599948556,14.319280326407062
Random928
Raw:-10.92860219596214,-18.680682733327462,-8.13912368796613,10.482248647770287,-11.772411911358905,-8.45442449770523,-18.239107460421778,-11.105751791370972,5.4159835999485635,14.319280326407055
EFT:-10.928602195962139,-18.68068273332747,-8.139123687966121,10.482248647770284,-11.772411911358915,-8.454424497705228,-18.239107460421778,-11.105751791370976,5.415983599948556,14.319280326407064
Random929
Raw:-10.928602195962135,-18.68068273332747,-8.139123687966121,10.482248647770279,-11.772411911358914,-8.45442449770522,-18.239107460421778,-11.105751791370972,5.415983599948562,14.319280326407059
EFT:-10.928602195962139,-18.68068273332747,-8.139123687966121,10.482248647770284,-11.772411911358915,-8.454424497705228,-18.239107460421778,-11.105751791370976,5.415983599948556,14.319280326407064
Random930
Raw:-10.92860219596214,-18.68068273332747,-8.139123687966118,10.482248647770287,-11.772411911358917,-8.454424497705231,-18.239107460421785,-11.105751791370974,5.41598359994856,14.319280326407052
EFT:-10.928602195962139,-18.68068273332747,-8.139123687966123,10.482248647770284,-11.772411911358915,-8.454424497705228,-18.239107460421778,-11.105751791370976,5.415983599948556,14.319280326407064
Random931
Raw:-10.928602195962142,-18.68068273332747,-8.139123687966126,10.482248647770286,-11.772411911358915,-8.454424497705231,-18.239107460421778,-11.105751791370977,5.415983599948559,14.319280326407055
EFT:-10.92860219596214,-18.68068273332747,-8.139123687966121,10.482248647770284,-11.772411911358915,-8.454424497705228,-18.239107460421778,-11.105751791370976,5.415983599948556,14.319280326407062
Random932
Raw:-10.928602195962139,-18.680682733327465,-8.13912368796613,10.482248647770293,-11.772411911358905,-8.454424497705228,-18.239107460421785,-11.105751791370974,5.415983599948554,14.319280326407064
EFT:-10.928602195962139,-18.68068273332747,-8.139123687966121,10.482248647770284,-11.772411911358915,-8.454424497705228,-18.239107460421778,-11.105751791370976,5.415983599948556,14.319280326407064
Random933
Raw:-10.928602195962133,-18.68068273332749,-8.139123687966118,10.482248647770282,-11.772411911358908,-8.454424497705228,-18.239107460421778,-11.105751791370968,5.4159835999485555,14.319280326407068
EFT:-10.928602195962139,-18.68068273332747,-8.139123687966121,10.482248647770284,-11.772411911358915,-8.45442449770523,-18.239107460421778,-11.105751791370976,5.415983599948556,14.319280326407064
Random934
Raw:-10.928602195962135,-18.680682733327476,-8.139123687966121,10.482248647770291,-11.77241191135892,-8.454424497705231,-18.239107460421778,-11.105751791370977,5.415983599948558,14.319280326407055
EFT:-10.92860219596214,-18.68068273332747,-8.139123687966121,10.482248647770284,-11.772411911358915,-8.454424497705228,-18.239107460421778,-11.105751791370976,5.415983599948556,14.319280326407062
Random935
Raw:-10.928602195962137,-18.680682733327476,-8.139123687966132,10.48224864777029,-11.772411911358907,-8.454424497705231,-18.239107460421778,-11.105751791370983,5.415983599948557,14.319280326407066
EFT:-10.92860219596214,-18.68068273332747,-8.139123687966121,10.482248647770284,-11.772411911358915,-8.454424497705228,-18.239107460421778,-11.105751791370976,5.415983599948556,14.319280326407062
Random936
Raw:-10.928602195962139,-18.680682733327473,-8.139123687966123,10.482248647770286,-11.772411911358915,-8.454424497705224,-18.239107460421785,-11.10575179137098,5.415983599948563,14.319280326407055
EFT:-10.92860219596214,-18.68068273332747,-8.139123687966121,10.482248647770284,-11.772411911358915,-8.454424497705228,-18.239107460421778,-11.105751791370976,5.415983599948556,14.319280326407062
Random937
Raw:-10.928602195962133,-18.680682733327465,-8.139123687966128,10.48224864777028,-11.772411911358907,-8.454424497705228,-18.239107460421767,-11.105751791370976,5.41598359994856,14.319280326407059
EFT:-10.92860219596214,-18.68068273332747,-8.139123687966121,10.482248647770284,-11.772411911358915,-8.454424497705228,-18.239107460421778,-11.105751791370976,5.415983599948556,14.319280326407062
Random938
Raw:-10.928602195962133,-18.68068273332747,-8.13912368796613,10.48224864777028,-11.772411911358898,-8.454424497705226,-18.239107460421767,-11.105751791370977,5.415983599948557,14.319280326407064
EFT:-10.928602195962139,-18.68068273332747,-8.139123687966121,10.482248647770284,-11.772411911358915,-8.454424497705228,-18.239107460421778,-11.105751791370976,5.415983599948556,14.319280326407064
Random939
Raw:-10.92860219596214,-18.680682733327473,-8.139123687966126,10.482248647770286,-11.77241191135891,-8.454424497705228,-18.239107460421774,-11.105751791370976,5.415983599948559,14.319280326407064
EFT:-10.92860219596214,-18.68068273332747,-8.139123687966121,10.482248647770284,-11.772411911358915,-8.454424497705228,-18.239107460421778,-11.105751791370976,5.415983599948556,14.319280326407062
Random940
Raw:-10.928602195962135,-18.680682733327473,-8.139123687966118,10.482248647770291,-11.772411911358919,-8.454424497705231,-18.23910746042178,-11.105751791370981,5.41598359994856,14.319280326407064
EFT:-10.928602195962139,-18.68068273332747,-8.139123687966121,10.482248647770284,-11.772411911358915,-8.454424497705228,-18.239107460421778,-11.105751791370976,5.415983599948556,14.319280326407064
Random941
Raw:-10.928602195962137,-18.680682733327465,-8.139123687966125,10.482248647770284,-11.772411911358914,-8.454424497705224,-18.239107460421767,-11.105751791370974,5.41598359994856,14.319280326407059
EFT:-10.92860219596214,-18.68068273332747,-8.139123687966121,10.482248647770284,-11.772411911358915,-8.454424497705228,-18.239107460421778,-11.105751791370976,5.415983599948556,14.319280326407062
Random942
Raw:-10.928602195962133,-18.680682733327473,-8.139123687966123,10.482248647770282,-11.772411911358907,-8.454424497705233,-18.239107460421774,-11.105751791370981,5.415983599948567,14.319280326407068
EFT:-10.928602195962139,-18.68068273332747,-8.139123687966123,10.482248647770284,-11.772411911358915,-8.454424497705228,-18.239107460421778,-11.105751791370976,5.415983599948556,14.319280326407064
Random943
Raw:-10.928602195962135,-18.680682733327462,-8.139123687966116,10.482248647770279,-11.772411911358917,-8.454424497705231,-18.23910746042178,-11.105751791370967,5.415983599948556,14.319280326407062
EFT:-10.928602195962139,-18.68068273332747,-8.139123687966123,10.482248647770284,-11.772411911358915,-8.454424497705228,-18.239107460421778,-11.105751791370976,5.415983599948556,14.319280326407064
Random944
Raw:-10.928602195962139,-18.68068273332747,-8.139123687966126,10.482248647770284,-11.77241191135891,-8.454424497705224,-18.239107460421774,-11.10575179137098,5.415983599948563,14.319280326407059
EFT:-10.928602195962139,-18.68068273332747,-8.139123687966121,10.482248647770284,-11.772411911358915,-8.454424497705228,-18.239107460421778,-11.105751791370976,5.415983599948556,14.319280326407064
Random945
Raw:-10.928602195962142,-18.680682733327465,-8.13912368796613,10.482248647770286,-11.772411911358912,-8.454424497705226,-18.239107460421778,-11.105751791370977,5.415983599948559,14.319280326407064
EFT:-10.928602195962139,-18.68068273332747,-8.139123687966121,10.482248647770284,-11.772411911358915,-8.454424497705228,-18.239107460421778,-11.105751791370976,5.415983599948556,14.319280326407064
Random946
Raw:-10.928602195962139,-18.68068273332747,-8.13912368796612,10.482248647770287,-11.772411911358919,-8.454424497705228,-18.239107460421778,-11.105751791370976,5.415983599948559,14.319280326407059
EFT:-10.928602195962139,-18.68068273332747,-8.139123687966123,10.482248647770284,-11.772411911358915,-8.454424497705228,-18.239107460421778,-11.105751791370976,5.415983599948556,14.319280326407064
Random947
Raw:-10.92860219596214,-18.680682733327476,-8.139123687966123,10.482248647770282,-11.772411911358914,-8.454424497705222,-18.23910746042178,-11.105751791370972,5.415983599948559,14.319280326407059
EFT:-10.92860219596214,-18.68068273332747,-8.139123687966121,10.482248647770284,-11.772411911358915,-8.45442449770523,-18.239107460421778,-11.105751791370976,5.415983599948556,14.319280326407062
Random948
Raw:-10.928602195962137,-18.68068273332747,-8.139123687966128,10.482248647770291,-11.772411911358912,-8.454424497705228,-18.23910746042178,-11.105751791370976,5.415983599948563,14.319280326407064
EFT:-10.92860219596214,-18.68068273332747,-8.139123687966121,10.482248647770284,-11.772411911358915,-8.454424497705228,-18.239107460421778,-11.105751791370976,5.415983599948556,14.319280326407062
Random949
Raw:-10.928602195962144,-18.680682733327465,-8.139123687966126,10.482248647770293,-11.772411911358914,-8.454424497705231,-18.23910746042178,-11.105751791370977,5.415983599948561,14.319280326407059
EFT:-10.928602195962139,-18.68068273332747,-8.139123687966121,10.482248647770284,-11.772411911358915,-8.454424497705228,-18.239107460421778,-11.105751791370976,5.415983599948556,14.319280326407064
Random950
Raw:-10.928602195962135,-18.680682733327473,-8.139123687966125,10.482248647770287,-11.772411911358907,-8.454424497705228,-18.239107460421778,-11.105751791370972,5.415983599948555,14.319280326407059
EFT:-10.92860219596214,-18.68068273332747,-8.139123687966121,10.482248647770284,-11.772411911358915,-8.454424497705228,-18.239107460421778,-11.105751791370976,5.415983599948556,14.319280326407062
Random951
Raw:-10.928602195962139,-18.68068273332747,-8.139123687966123,10.48224864777029,-11.772411911358919,-8.454424497705228,-18.23910746042178,-11.10575179137098,5.415983599948558,14.319280326407057
EFT:-10.928602195962139,-18.68068273332747,-8.139123687966121,10.482248647770284,-11.772411911358915,-8.454424497705228,-18.239107460421778,-11.105751791370976,5.415983599948556,14.319280326407064
Random952
Raw:-10.928602195962137,-18.68068273332748,-8.139123687966123,10.482248647770287,-11.772411911358907,-8.454424497705233,-18.23910746042177,-11.105751791370977,5.415983599948561,14.319280326407059
EFT:-10.92860219596214,-18.68068273332747,-8.139123687966121,10.482248647770284,-11.772411911358915,-8.454424497705228,-18.239107460421778,-11.105751791370976,5.415983599948556,14.319280326407062
Random953
Raw:-10.928602195962142,-18.680682733327473,-8.139123687966123,10.482248647770291,-11.772411911358917,-8.454424497705233,-18.23910746042179,-11.105751791370972,5.415983599948564,14.31928032640706
EFT:-10.928602195962139,-18.68068273332747,-8.139123687966121,10.482248647770284,-11.772411911358915,-8.454424497705228,-18.239107460421778,-11.105751791370976,5.415983599948556,14.319280326407064
Random954
Raw:-10.92860219596214,-18.68068273332747,-8.139123687966128,10.482248647770287,-11.772411911358914,-8.454424497705228,-18.23910746042178,-11.105751791370974,5.415983599948561,14.319280326407062
EFT:-10.928602195962139,-18.68068273332747,-8.139123687966121,10.482248647770284,-11.772411911358915,-8.454424497705228,-18.239107460421778,-11.105751791370976,5.415983599948556,14.319280326407064
Random955
Raw:-10.928602195962142,-18.680682733327473,-8.13912368796612,10.48224864777029,-11.772411911358915,-8.454424497705226,-18.239107460421785,-11.105751791370981,5.415983599948561,14.31928032640706
EFT:-10.92860219596214,-18.68068273332747,-8.139123687966121,10.482248647770284,-11.772411911358915,-8.454424497705228,-18.239107460421778,-11.105751791370976,5.415983599948556,14.319280326407064
Random956
Raw:-10.92860219596214,-18.68068273332747,-8.139123687966123,10.48224864777028,-11.77241191135891,-8.454424497705238,-18.23910746042178,-11.105751791370968,5.41598359994857,14.319280326407066
EFT:-10.928602195962139,-18.68068273332747,-8.139123687966121,10.482248647770284,-11.772411911358915,-8.454424497705228,-18.239107460421778,-11.105751791370976,5.415983599948556,14.319280326407064
Random957
Raw:-10.928602195962148,-18.680682733327473,-8.139123687966137,10.482248647770286,-11.772411911358915,-8.454424497705226,-18.23910746042177,-11.105751791370974,5.415983599948558,14.319280326407064
EFT:-10.92860219596214,-18.68068273332747,-8.139123687966121,10.482248647770284,-11.772411911358915,-8.45442449770523,-18.239107460421778,-11.105751791370976,5.415983599948556,14.319280326407062
Random958
Raw:-10.928602195962139,-18.680682733327476,-8.139123687966123,10.482248647770287,-11.77241191135891,-8.454424497705228,-18.239107460421778,-11.10575179137098,5.415983599948556,14.319280326407066
EFT:-10.928602195962139,-18.68068273332747,-8.139123687966121,10.482248647770284,-11.772411911358915,-8.454424497705228,-18.239107460421778,-11.105751791370976,5.415983599948556,14.319280326407064
Random959
Raw:-10.928602195962135,-18.680682733327465,-8.139123687966118,10.482248647770287,-11.772411911358923,-8.454424497705231,-18.23910746042178,-11.10575179137098,5.415983599948561,14.319280326407062
EFT:-10.92860219596214,-18.68068273332747,-8.139123687966121,10.482248647770284,-11.772411911358915,-8.45442449770523,-18.239107460421778,-11.105751791370976,5.415983599948556,14.319280326407062
Random960
Raw:-10.928602195962144,-18.68068273332746,-8.139123687966123,10.482248647770279,-11.772411911358908,-8.45442449770523,-18.23910746042178,-11.105751791370968,5.415983599948559,14.31928032640706
EFT:-10.928602195962139,-18.68068273332747,-8.139123687966121,10.482248647770284,-11.772411911358915,-8.454424497705228,-18.239107460421778,-11.105751791370976,5.415983599948556,14.319280326407064
Random961
Raw:-10.928602195962137,-18.680682733327465,-8.139123687966118,10.482248647770284,-11.77241191135892,-8.45442449770523,-18.239107460421778,-11.105751791370972,5.415983599948558,14.319280326407064
EFT:-10.928602195962139,-18.68068273332747,-8.139123687966121,10.482248647770284,-11.772411911358915,-8.454424497705228,-18.239107460421778,-11.105751791370976,5.415983599948556,14.319280326407064
Random962
Raw:-10.92860219596214,-18.68068273332747,-8.139123687966126,10.482248647770287,-11.772411911358908,-8.45442449770523,-18.239107460421778,-11.105751791370976,5.4159835999485635,14.31928032640706
EFT:-10.92860219596214,-18.68068273332747,-8.139123687966121,10.482248647770284,-11.772411911358915,-8.454424497705228,-18.239107460421778,-11.105751791370976,5.415983599948556,14.319280326407062
Random963
Raw:-10.928602195962135,-18.680682733327465,-8.139123687966125,10.482248647770286,-11.772411911358912,-8.454424497705237,-18.239107460421774,-11.105751791370977,5.41598359994856,14.319280326407062
EFT:-10.928602195962139,-18.68068273332747,-8.139123687966121,10.482248647770284,-11.772411911358915,-8.454424497705228,-18.239107460421778,-11.105751791370976,5.415983599948556,14.319280326407064
Random964
Raw:-10.928602195962137,-18.68068273332747,-8.13912368796612,10.482248647770286,-11.772411911358912,-8.454424497705233,-18.239107460421774,-11.105751791370974,5.415983599948555,14.319280326407055
EFT:-10.92860219596214,-18.68068273332747,-8.139123687966121,10.482248647770284,-11.772411911358915,-8.454424497705228,-18.239107460421778,-11.105751791370976,5.415983599948556,14.319280326407062
Random965
Raw:-10.928602195962142,-18.680682733327462,-8.139123687966126,10.482248647770284,-11.77241191135891,-8.454424497705224,-18.239107460421785,-11.105751791370972,5.415983599948556,14.31928032640706
EFT:-10.928602195962139,-18.68068273332747,-8.139123687966121,10.482248647770284,-11.772411911358915,-8.454424497705228,-18.239107460421778,-11.105751791370976,5.415983599948556,14.319280326407064
Random966
Raw:-10.928602195962137,-18.68068273332747,-8.139123687966125,10.482248647770287,-11.772411911358903,-8.45442449770523,-18.23910746042178,-11.10575179137097,5.415983599948564,14.319280326407055
EFT:-10.92860219596214,-18.68068273332747,-8.139123687966121,10.482248647770284,-11.772411911358915,-8.454424497705228,-18.239107460421778,-11.105751791370976,5.415983599948556,14.319280326407062
Random967
Raw:-10.92860219596214,-18.680682733327473,-8.139123687966126,10.482248647770287,-11.772411911358915,-8.454424497705233,-18.239107460421778,-11.105751791370977,5.415983599948564,14.319280326407062
EFT:-10.928602195962139,-18.68068273332747,-8.139123687966121,10.482248647770284,-11.772411911358915,-8.454424497705228,-18.239107460421778,-11.105751791370976,5.415983599948556,14.319280326407064
Random968
Raw:-10.928602195962137,-18.680682733327465,-8.139123687966125,10.482248647770284,-11.772411911358912,-8.454424497705226,-18.239107460421774,-11.105751791370976,5.415983599948564,14.319280326407055
EFT:-10.92860219596214,-18.68068273332747,-8.139123687966121,10.482248647770284,-11.772411911358915,-8.454424497705228,-18.239107460421778,-11.105751791370976,5.415983599948556,14.319280326407062
Random969
Raw:-10.928602195962137,-18.680682733327476,-8.139123687966125,10.482248647770284,-11.772411911358907,-8.454424497705237,-18.23910746042178,-11.10575179137098,5.415983599948563,14.319280326407066
EFT:-10.928602195962139,-18.68068273332747,-8.139123687966121,10.482248647770284,-11.772411911358915,-8.454424497705228,-18.239107460421778,-11.105751791370976,5.415983599948556,14.319280326407064
Random970
Raw:-10.92860219596214,-18.680682733327473,-8.139123687966132,10.482248647770287,-11.772411911358912,-8.454424497705219,-18.239107460421778,-11.105751791370986,5.415983599948562,14.319280326407064
EFT:-10.92860219596214,-18.68068273332747,-8.139123687966121,10.482248647770284,-11.772411911358915,-8.45442449770523,-18.239107460421778,-11.105751791370976,5.415983599948556,14.319280326407062
Random971
Raw:-10.92860219596214,-18.68068273332747,-8.139123687966126,10.482248647770286,-11.772411911358905,-8.454424497705228,-18.23910746042177,-11.105751791370977,5.415983599948557,14.319280326407066
EFT:-10.92860219596214,-18.68068273332747,-8.139123687966121,10.482248647770284,-11.772411911358915,-8.454424497705228,-18.239107460421778,-11.105751791370976,5.415983599948556,14.319280326407062
Random972
Raw:-10.928602195962144,-18.680682733327476,-8.139123687966128,10.482248647770293,-11.772411911358915,-8.454424497705228,-18.239107460421792,-11.10575179137098,5.415983599948556,14.319280326407068
EFT:-10.92860219596214,-18.68068273332747,-8.139123687966121,10.482248647770284,-11.772411911358915,-8.454424497705228,-18.239107460421778,-11.105751791370976,5.415983599948556,14.319280326407062
Random973
Raw:-10.928602195962139,-18.68068273332747,-8.139123687966128,10.482248647770284,-11.77241191135891,-8.45442449770523,-18.239107460421785,-11.105751791370968,5.415983599948557,14.319280326407062
EFT:-10.928602195962139,-18.68068273332747,-8.139123687966121,10.482248647770284,-11.772411911358915,-8.454424497705228,-18.239107460421778,-11.105751791370976,5.415983599948556,14.319280326407064
Random974
Raw:-10.928602195962137,-18.680682733327465,-8.139123687966125,10.48224864777029,-11.772411911358907,-8.454424497705235,-18.239107460421785,-11.105751791370974,5.415983599948558,14.319280326407064
EFT:-10.928602195962139,-18.68068273332747,-8.139123687966123,10.482248647770284,-11.772411911358915,-8.454424497705228,-18.239107460421778,-11.105751791370976,5.415983599948556,14.319280326407064
Random975
Raw:-10.928602195962139,-18.680682733327476,-8.139123687966121,10.482248647770286,-11.77241191135891,-8.45442449770523,-18.239107460421778,-11.105751791370981,5.41598359994856,14.319280326407064
EFT:-10.92860219596214,-18.68068273332747,-8.139123687966121,10.482248647770284,-11.772411911358915,-8.454424497705228,-18.239107460421778,-11.105751791370976,5.415983599948556,14.319280326407062
Random976
Raw:-10.928602195962144,-18.68068273332747,-8.139123687966126,10.482248647770282,-11.77241191135891,-8.454424497705226,-18.23910746042177,-11.105751791370981,5.415983599948561,14.319280326407066
EFT:-10.928602195962139,-18.68068273332747,-8.139123687966123,10.482248647770284,-11.772411911358915,-8.454424497705228,-18.239107460421778,-11.105751791370976,5.415983599948556,14.319280326407064
Random977
Raw:-10.928602195962146,-18.680682733327462,-8.13912368796613,10.48224864777029,-11.772411911358914,-8.454424497705224,-18.23910746042177,-11.105751791370974,5.415983599948554,14.319280326407053
EFT:-10.92860219596214,-18.68068273332747,-8.139123687966121,10.482248647770284,-11.772411911358915,-8.454424497705228,-18.239107460421778,-11.105751791370976,5.415983599948556,14.319280326407062
Random978
Raw:-10.928602195962139,-18.680682733327487,-8.139123687966121,10.482248647770286,-11.772411911358917,-8.454424497705231,-18.23910746042178,-11.105751791370976,5.415983599948558,14.319280326407068
EFT:-10.92860219596214,-18.68068273332747,-8.139123687966121,10.482248647770284,-11.772411911358915,-8.454424497705228,-18.239107460421778,-11.105751791370976,5.415983599948556,14.319280326407064
Random979
Raw:-10.928602195962142,-18.680682733327476,-8.139123687966125,10.482248647770286,-11.77241191135891,-8.454424497705224,-18.239107460421785,-11.105751791370977,5.415983599948558,14.319280326407064
EFT:-10.92860219596214,-18.68068273332747,-8.139123687966121,10.482248647770284,-11.772411911358915,-8.454424497705228,-18.239107460421778,-11.105751791370976,5.415983599948556,14.319280326407062
Random980
Raw:-10.928602195962137,-18.680682733327473,-8.139123687966126,10.482248647770282,-11.772411911358907,-8.45442449770523,-18.239107460421774,-11.105751791370977,5.415983599948558,14.319280326407062
EFT:-10.92860219596214,-18.68068273332747,-8.139123687966121,10.482248647770284,-11.772411911358915,-8.454424497705228,-18.239107460421778,-11.105751791370976,5.415983599948556,14.319280326407064
Random981
Raw:-10.928602195962137,-18.68068273332747,-8.139123687966121,10.482248647770287,-11.772411911358915,-8.454424497705233,-18.239107460421778,-11.105751791370983,5.415983599948559,14.319280326407059
EFT:-10.92860219596214,-18.68068273332747,-8.139123687966121,10.482248647770284,-11.772411911358915,-8.454424497705228,-18.239107460421778,-11.105751791370976,5.415983599948556,14.319280326407062
Random982
Raw:-10.928602195962146,-18.680682733327476,-8.139123687966126,10.482248647770286,-11.772411911358907,-8.454424497705228,-18.239107460421785,-11.105751791370977,5.4159835999485635,14.31928032640706
EFT:-10.92860219596214,-18.68068273332747,-8.139123687966121,10.482248647770284,-11.772411911358915,-8.454424497705228,-18.239107460421778,-11.105751791370976,5.415983599948556,14.319280326407062
Random983
Raw:-10.92860219596214,-18.68068273332747,-8.139123687966125,10.482248647770282,-11.772411911358908,-8.454424497705231,-18.239107460421774,-11.10575179137097,5.415983599948554,14.319280326407066
EFT:-10.928602195962139,-18.68068273332747,-8.139123687966121,10.482248647770284,-11.772411911358915,-8.454424497705228,-18.239107460421778,-11.105751791370976,5.415983599948556,14.319280326407064
Random984
Raw:-10.928602195962144,-18.68068273332747,-8.139123687966126,10.482248647770286,-11.772411911358914,-8.454424497705226,-18.23910746042177,-11.105751791370977,5.415983599948559,14.319280326407064
EFT:-10.92860219596214,-18.68068273332747,-8.139123687966121,10.482248647770284,-11.772411911358915,-8.454424497705228,-18.239107460421778,-11.105751791370976,5.415983599948556,14.319280326407062
Random985
Raw:-10.92860219596214,-18.680682733327473,-8.139123687966121,10.482248647770284,-11.772411911358915,-8.454424497705228,-18.23910746042177,-11.105751791370976,5.41598359994856,14.31928032640706
EFT:-10.92860219596214,-18.68068273332747,-8.139123687966121,10.482248647770284,-11.772411911358915,-8.454424497705228,-18.239107460421778,-11.105751791370976,5.415983599948556,14.319280326407062
Random986
Raw:-10.928602195962137,-18.68068273332747,-8.139123687966118,10.48224864777028,-11.772411911358919,-8.45442449770523,-18.239107460421778,-11.105751791370972,5.415983599948558,14.319280326407059
EFT:-10.92860219596214,-18.68068273332747,-8.139123687966121,10.482248647770284,-11.772411911358915,-8.454424497705228,-18.239107460421778,-11.105751791370976,5.415983599948556,14.319280326407062
Random987
Raw:-10.928602195962135,-18.680682733327462,-8.13912368796612,10.48224864777029,-11.772411911358917,-8.454424497705231,-18.23910746042179,-11.105751791370976,5.415983599948556,14.319280326407059
EFT:-10.928602195962139,-18.68068273332747,-8.139123687966121,10.482248647770284,-11.772411911358915,-8.454424497705228,-18.239107460421778,-11.105751791370976,5.415983599948556,14.319280326407064
Random988
Raw:-10.928602195962133,-18.68068273332748,-8.139123687966126,10.48224864777029,-11.772411911358912,-8.45442449770523,-18.239107460421785,-11.10575179137098,5.415983599948561,14.319280326407064
EFT:-10.92860219596214,-18.68068273332747,-8.139123687966121,10.482248647770284,-11.772411911358915,-8.454424497705228,-18.239107460421778,-11.105751791370976,5.415983599948556,14.319280326407062
Random989
Raw:-10.928602195962142,-18.68068273332747,-8.139123687966126,10.482248647770279,-11.77241191135891,-8.45442449770523,-18.23910746042178,-11.105751791370972,5.41598359994856,14.319280326407062
EFT:-10.92860219596214,-18.68068273332747,-8.139123687966121,10.482248647770284,-11.772411911358915,-8.454424497705228,-18.239107460421778,-11.105751791370976,5.415983599948556,14.319280326407064
Random990
Raw:-10.928602195962142,-18.680682733327476,-8.13912368796613,10.482248647770293,-11.772411911358917,-8.45442449770523,-18.239107460421785,-11.105751791370981,5.41598359994856,14.319280326407057
EFT:-10.92860219596214,-18.68068273332747,-8.139123687966121,10.482248647770284,-11.772411911358915,-8.454424497705228,-18.239107460421778,-11.105751791370976,5.415983599948556,14.319280326407062
Random991
Raw:-10.928602195962137,-18.68068273332747,-8.139123687966123,10.482248647770282,-11.772411911358907,-8.454424497705224,-18.23910746042178,-11.105751791370976,5.415983599948554,14.319280326407062
EFT:-10.928602195962139,-18.68068273332747,-8.139123687966121,10.482248647770284,-11.772411911358915,-8.454424497705228,-18.239107460421778,-11.105751791370976,5.415983599948556,14.319280326407064
Random992
Raw:-10.928602195962144,-18.680682733327487,-8.13912368796613,10.48224864777029,-11.772411911358908,-8.454424497705222,-18.23910746042179,-11.105751791370977,5.415983599948555,14.31928032640707
EFT:-10.92860219596214,-18.68068273332747,-8.139123687966121,10.482248647770284,-11.772411911358915,-8.454424497705228,-18.239107460421778,-11.105751791370976,5.415983599948556,14.319280326407062
Random993
Raw:-10.928602195962139,-18.680682733327473,-8.13912368796613,10.482248647770293,-11.772411911358914,-8.454424497705233,-18.23910746042178,-11.10575179137099,5.415983599948558,14.319280326407066
EFT:-10.92860219596214,-18.68068273332747,-8.139123687966121,10.482248647770284,-11.772411911358915,-8.45442449770523,-18.239107460421778,-11.105751791370976,5.415983599948556,14.319280326407062
Random994
Raw:-10.928602195962139,-18.680682733327465,-8.139123687966125,10.482248647770291,-11.772411911358914,-8.45442449770524,-18.239107460421785,-11.105751791370977,5.415983599948565,14.319280326407062
EFT:-10.928602195962139,-18.68068273332747,-8.139123687966121,10.482248647770284,-11.772411911358915,-8.454424497705228,-18.239107460421778,-11.105751791370976,5.415983599948556,14.319280326407064
Random995
Raw:-10.928602195962139,-18.680682733327473,-8.139123687966118,10.482248647770287,-11.772411911358919,-8.45442449770523,-18.239107460421778,-11.105751791370984,5.415983599948566,14.319280326407062
EFT:-10.92860219596214,-18.68068273332747,-8.139123687966121,10.482248647770284,-11.772411911358915,-8.454424497705228,-18.239107460421778,-11.105751791370976,5.415983599948556,14.319280326407062
Random996
Raw:-10.928602195962137,-18.680682733327473,-8.139123687966125,10.482248647770286,-11.77241191135892,-8.454424497705235,-18.23910746042178,-11.105751791370983,5.415983599948565,14.319280326407064
EFT:-10.92860219596214,-18.68068273332747,-8.139123687966121,10.482248647770284,-11.772411911358915,-8.45442449770523,-18.239107460421778,-11.105751791370976,5.415983599948556,14.319280326407062
Random997
Raw:-10.928602195962148,-18.680682733327476,-8.139123687966132,10.482248647770291,-11.772411911358912,-8.454424497705228,-18.239107460421785,-11.105751791370981,5.4159835999485555,14.319280326407059
EFT:-10.92860219596214,-18.68068273332747,-8.139123687966121,10.482248647770284,-11.772411911358915,-8.454424497705228,-18.239107460421778,-11.105751791370976,5.415983599948556,14.319280326407064
Random998
Raw:-10.928602195962137,-18.680682733327476,-8.139123687966125,10.48224864777029,-11.772411911358914,-8.454424497705231,-18.239107460421778,-11.10575179137098,5.415983599948559,14.319280326407066
EFT:-10.92860219596214,-18.68068273332747,-8.139123687966121,10.482248647770284,-11.772411911358915,-8.454424497705228,-18.239107460421778,-11.105751791370976,5.415983599948556,14.319280326407062
Random999
Raw:-10.928602195962137,-18.680682733327465,-8.139123687966128,10.482248647770279,-11.772411911358905,-8.454424497705226,-18.239107460421774,-11.105751791370972,5.41598359994856,14.319280326407059
EFT:-10.92860219596214,-18.68068273332747,-8.139123687966121,10.482248647770284,-11.772411911358915,-8.454424497705228,-18.239107460421778,-11.105751791370976,5.415983599948556,14.319280326407062
Random1000
Raw:-10.928602195962137,-18.680682733327462,-8.139123687966126,10.48224864777029,-11.772411911358907,-8.454424497705235,-18.239107460421785,-11.10575179137098,5.415983599948563,14.319280326407059
EFT:-10.92860219596214,-18.68068273332747,-8.139123687966121,10.482248647770284,-11.772411911358915,-8.45442449770523,-18.239107460421778,-11.105751791370976,5.415983599948556,14.319280326407062
