Tensorflow
1.573124463698525e-15,1.023596787884735e-09,4.1946234752789936e-13,0.9999999540792247,1.4242664697574124e-14,9.655630754863267e-09,1.1394335887558956e-16,1.3432094372760711e-11,1.0083266236003632e-08,2.5144414119722088e-08
Original
1.5731250871811277e-15,1.0235969799118207e-09,4.194624619187393e-13,0.9999999540792174,1.4242668627870077e-14,9.655632391914014e-09,1.1394340680931644e-16,1.3432097015993546e-11,1.0083268214701489e-08,2.514441745648214e-08
Ascend
1.5731250871811277e-15,1.0235969799118207e-09,4.1946246191873777e-13,0.9999999540792174,1.4242668627870027e-14,9.65563239191398e-09,1.1394340680931644e-16,1.3432097015993546e-11,1.0083268214701489e-08,2.514441745648214e-08
Descend
1.5731250871811277e-15,1.023596979911817e-09,4.194624619187363e-13,0.9999999540792174,1.4242668627869976e-14,9.655632391913945e-09,1.1394340680931482e-16,1.34320970159935e-11,1.0083268214701452e-08,2.514441745648205e-08
Random1
Raw:1.5731250871811277e-15,1.023596979911817e-09,4.194624619187393e-13,0.9999999540792174,1.4242668627869976e-14,9.655632391914014e-09,1.1394340680931644e-16,1.34320970159935e-11,1.0083268214701489e-08,2.514441745648223e-08
EFT:1.5731250871811277e-15,1.0235969799118207e-09,4.1946246191873777e-13,0.9999999540792174,1.4242668627870027e-14,9.65563239191398e-09,1.1394340680931563e-16,1.34320970159935e-11,1.0083268214701489e-08,2.514441745648223e-08
Random2
Raw:1.5731250871811277e-15,1.0235969799118243e-09,4.194624619187393e-13,0.9999999540792174,1.4242668627870077e-14,9.655632391914047e-09,1.1394340680931644e-16,1.3432097015993546e-11,1.0083268214701525e-08,2.514441745648214e-08
EFT:1.5731250871811277e-15,1.0235969799118207e-09,4.1946246191873777e-13,0.9999999540792174,1.4242668627870027e-14,9.65563239191398e-09,1.1394340680931563e-16,1.34320970159935e-11,1.0083268214701489e-08,2.514441745648223e-08
Random3
Raw:1.5731250871811167e-15,1.0235969799118243e-09,4.194624619187393e-13,0.9999999540792174,1.4242668627869976e-14,9.655632391914014e-09,1.1394340680931482e-16,1.3432097015993546e-11,1.0083268214701452e-08,2.514441745648214e-08
EFT:1.5731250871811277e-15,1.0235969799118207e-09,4.1946246191873777e-13,0.9999999540792174,1.4242668627870027e-14,9.65563239191398e-09,1.1394340680931563e-16,1.34320970159935e-11,1.0083268214701489e-08,2.514441745648223e-08
Random4
Raw:1.5731250871811277e-15,1.023596979911817e-09,4.194624619187363e-13,0.9999999540792174,1.4242668627869976e-14,9.655632391913945e-09,1.1394340680931563e-16,1.34320970159935e-11,1.0083268214701452e-08,2.514441745648205e-08
EFT:1.5731250871811277e-15,1.0235969799118207e-09,4.1946246191873777e-13,0.9999999540792174,1.4242668627870027e-14,9.65563239191398e-09,1.1394340680931563e-16,1.34320970159935e-11,1.0083268214701489e-08,2.514441745648223e-08
Random5
Raw:1.5731250871811167e-15,1.023596979911817e-09,4.194624619187393e-13,0.9999999540792174,1.4242668627869976e-14,9.655632391913945e-09,1.1394340680931482e-16,1.3432097015993451e-11,1.0083268214701452e-08,2.514441745648205e-08
EFT:1.5731250871811277e-15,1.0235969799118207e-09,4.1946246191873777e-13,0.9999999540792174,1.4242668627870027e-14,9.65563239191398e-09,1.1394340680931563e-16,1.34320970159935e-11,1.0083268214701489e-08,2.514441745648223e-08
Random6
Raw:1.5731250871811277e-15,1.0235969799118243e-09,4.194624619187393e-13,0.9999999540792174,1.4242668627870077e-14,9.655632391914014e-09,1.1394340680931644e-16,1.3432097015993546e-11,1.0083268214701525e-08,2.514441745648223e-08
EFT:1.5731250871811277e-15,1.0235969799118207e-09,4.1946246191873777e-13,0.9999999540792174,1.4242668627870077e-14,9.65563239191398e-09,1.1394340680931563e-16,1.34320970159935e-11,1.0083268214701489e-08,2.514441745648223e-08
Random7
Raw:1.5731250871811277e-15,1.023596979911817e-09,4.194624619187363e-13,0.9999999540792174,1.4242668627870027e-14,9.655632391914047e-09,1.1394340680931563e-16,1.3432097015993546e-11,1.0083268214701452e-08,2.514441745648223e-08
EFT:1.5731250871811277e-15,1.0235969799118207e-09,4.1946246191873777e-13,0.9999999540792174,1.4242668627870027e-14,9.65563239191398e-09,1.1394340680931563e-16,1.34320970159935e-11,1.0083268214701489e-08,2.514441745648223e-08
Random8
Raw:1.5731250871811277e-15,1.0235969799118207e-09,4.194624619187393e-13,0.9999999540792174,1.4242668627870077e-14,9.655632391913945e-09,1.1394340680931644e-16,1.3432097015993595e-11,1.0083268214701489e-08,2.514441745648223e-08
EFT:1.5731250871811277e-15,1.0235969799118207e-09,4.1946246191873777e-13,0.9999999540792174,1.4242668627870027e-14,9.65563239191398e-09,1.1394340680931563e-16,1.34320970159935e-11,1.0083268214701489e-08,2.514441745648223e-08
Random9
Raw:1.5731250871811277e-15,1.0235969799118207e-09,4.1946246191874075e-13,0.9999999540792174,1.4242668627869976e-14,9.655632391913945e-09,1.1394340680931644e-16,1.3432097015993595e-11,1.0083268214701489e-08,2.514441745648205e-08
EFT:1.5731250871811277e-15,1.0235969799118207e-09,4.1946246191873777e-13,0.9999999540792174,1.4242668627870027e-14,9.65563239191398e-09,1.1394340680931563e-16,1.34320970159935e-11,1.0083268214701489e-08,2.514441745648223e-08
Random10
Raw:1.5731250871811277e-15,1.0235969799118207e-09,4.1946246191873777e-13,0.9999999540792174,1.4242668627869875e-14,9.655632391914014e-09,1.1394340680931563e-16,1.34320970159935e-11,1.0083268214701452e-08,2.514441745648223e-08
EFT:1.5731250871811277e-15,1.0235969799118207e-09,4.1946246191873777e-13,0.9999999540792174,1.4242668627870077e-14,9.65563239191398e-09,1.1394340680931563e-16,1.34320970159935e-11,1.0083268214701489e-08,2.514441745648223e-08
Random11
Raw:1.5731250871811502e-15,1.023596979911828e-09,4.1946246191874226e-13,0.9999999540792174,1.4242668627870178e-14,9.655632391914047e-09,1.1394340680931807e-16,1.3432097015993642e-11,1.008326821470156e-08,2.514441745648223e-08
EFT:1.5731250871811277e-15,1.0235969799118207e-09,4.1946246191873777e-13,0.9999999540792174,1.4242668627870027e-14,9.65563239191398e-09,1.1394340680931563e-16,1.34320970159935e-11,1.0083268214701489e-08,2.514441745648223e-08
Random12
Raw:1.5731250871811277e-15,1.0235969799118207e-09,4.194624619187363e-13,0.9999999540792174,1.4242668627869976e-14,9.65563239191398e-09,1.1394340680931563e-16,1.34320970159935e-11,1.0083268214701525e-08,2.514441745648223e-08
EFT:1.5731250871811277e-15,1.0235969799118207e-09,4.1946246191873777e-13,0.9999999540792174,1.4242668627870027e-14,9.65563239191398e-09,1.1394340680931563e-16,1.34320970159935e-11,1.0083268214701489e-08,2.514441745648223e-08
Random13
Raw:1.5731250871811502e-15,1.023596979911828e-09,4.194624619187393e-13,0.9999999540792174,1.4242668627870077e-14,9.655632391914082e-09,1.1394340680931644e-16,1.3432097015993546e-11,1.008326821470156e-08,2.5144417456482408e-08
EFT:1.5731250871811277e-15,1.0235969799118207e-09,4.1946246191873777e-13,0.9999999540792174,1.4242668627870027e-14,9.65563239191398e-09,1.1394340680931563e-16,1.34320970159935e-11,1.0083268214701489e-08,2.514441745648223e-08
Random14
Raw:1.5731250871811277e-15,1.0235969799118243e-09,4.194624619187393e-13,0.9999999540792174,1.4242668627870077e-14,9.655632391914047e-09,1.1394340680931644e-16,1.3432097015993546e-11,1.0083268214701525e-08,2.5144417456482318e-08
EFT:1.5731250871811277e-15,1.0235969799118207e-09,4.1946246191873777e-13,0.9999999540792174,1.4242668627870077e-14,9.65563239191398e-09,1.1394340680931563e-16,1.34320970159935e-11,1.0083268214701489e-08,2.514441745648223e-08
Random15
Raw:1.5731250871811167e-15,1.0235969799118135e-09,4.194624619187363e-13,0.9999999540792174,1.4242668627869976e-14,9.655632391913945e-09,1.1394340680931482e-16,1.34320970159935e-11,1.0083268214701418e-08,2.514441745648205e-08
EFT:1.5731250871811277e-15,1.0235969799118207e-09,4.1946246191873777e-13,0.9999999540792174,1.4242668627870027e-14,9.65563239191398e-09,1.1394340680931563e-16,1.34320970159935e-11,1.0083268214701489e-08,2.514441745648223e-08
Random16
Raw:1.5731250871811277e-15,1.0235969799118135e-09,4.194624619187363e-13,0.9999999540792174,1.4242668627870077e-14,9.65563239191398e-09,1.1394340680931482e-16,1.34320970159935e-11,1.0083268214701452e-08,2.514441745648214e-08
EFT:1.5731250871811277e-15,1.0235969799118207e-09,4.1946246191873777e-13,0.9999999540792174,1.4242668627870027e-14,9.65563239191398e-09,1.1394340680931563e-16,1.34320970159935e-11,1.0083268214701489e-08,2.514441745648223e-08
Random17
Raw:1.5731250871811054e-15,1.0235969799118207e-09,4.194624619187363e-13,0.9999999540792174,1.4242668627870027e-14,9.655632391913945e-09,1.1394340680931482e-16,1.34320970159935e-11,1.0083268214701452e-08,2.514441745648214e-08
EFT:1.5731250871811277e-15,1.0235969799118207e-09,4.1946246191873777e-13,0.9999999540792174,1.4242668627870077e-14,9.65563239191398e-09,1.1394340680931563e-16,1.34320970159935e-11,1.0083268214701489e-08,2.514441745648223e-08
Random18
Raw:1.5731250871811277e-15,1.0235969799118207e-09,4.194624619187363e-13,0.9999999540792174,1.4242668627870077e-14,9.655632391914014e-09,1.1394340680931482e-16,1.34320970159935e-11,1.0083268214701525e-08,2.514441745648223e-08
EFT:1.5731250871811277e-15,1.0235969799118207e-09,4.1946246191873777e-13,0.9999999540792174,1.4242668627870027e-14,9.65563239191398e-09,1.1394340680931563e-16,1.34320970159935e-11,1.0083268214701489e-08,2.514441745648223e-08
Random19
Raw:1.5731250871811277e-15,1.023596979911817e-09,4.194624619187393e-13,0.9999999540792174,1.4242668627870027e-14,9.655632391914014e-09,1.1394340680931644e-16,1.34320970159935e-11,1.0083268214701489e-08,2.514441745648214e-08
EFT:1.5731250871811277e-15,1.0235969799118207e-09,4.1946246191873777e-13,0.9999999540792174,1.4242668627870027e-14,9.65563239191398e-09,1.1394340680931563e-16,1.34320970159935e-11,1.0083268214701489e-08,2.514441745648223e-08
Random20
Raw:1.5731250871811167e-15,1.0235969799118135e-09,4.194624619187348e-13,0.9999999540792174,1.4242668627869976e-14,9.655632391913912e-09,1.1394340680931482e-16,1.3432097015993451e-11,1.0083268214701418e-08,2.514441745648196e-08
EFT:1.5731250871811277e-15,1.0235969799118207e-09,4.1946246191873777e-13,0.9999999540792174,1.4242668627870027e-14,9.65563239191398e-09,1.1394340680931563e-16,1.34320970159935e-11,1.0083268214701489e-08,2.514441745648223e-08
Random21
Raw:1.5731250871811277e-15,1.0235969799118207e-09,4.194624619187393e-13,0.9999999540792174,1.4242668627870077e-14,9.655632391914082e-09,1.1394340680931644e-16,1.34320970159935e-11,1.0083268214701525e-08,2.5144417456482318e-08
EFT:1.5731250871811277e-15,1.0235969799118207e-09,4.1946246191873777e-13,0.9999999540792174,1.4242668627870077e-14,9.65563239191398e-09,1.1394340680931563e-16,1.34320970159935e-11,1.0083268214701489e-08,2.514441745648223e-08
Random22
Raw:1.5731250871811277e-15,1.0235969799118207e-09,4.194624619187363e-13,0.9999999540792174,1.4242668627869926e-14,9.65563239191398e-09,1.1394340680931563e-16,1.34320970159935e-11,1.0083268214701489e-08,2.514441745648223e-08
EFT:1.5731250871811277e-15,1.0235969799118207e-09,4.1946246191873777e-13,0.9999999540792174,1.4242668627870077e-14,9.65563239191398e-09,1.1394340680931563e-16,1.34320970159935e-11,1.0083268214701489e-08,2.514441745648223e-08
Random23
Raw:1.5731250871811277e-15,1.0235969799118207e-09,4.194624619187393e-13,0.9999999540792174,1.4242668627869976e-14,9.655632391914014e-09,1.1394340680931644e-16,1.34320970159935e-11,1.0083268214701489e-08,2.514441745648223e-08
EFT:1.5731250871811277e-15,1.0235969799118207e-09,4.1946246191873777e-13,0.9999999540792174,1.4242668627870027e-14,9.65563239191398e-09,1.1394340680931563e-16,1.34320970159935e-11,1.0083268214701489e-08,2.514441745648223e-08
Random24
Raw:1.5731250871811277e-15,1.023596979911817e-09,4.194624619187363e-13,0.9999999540792174,1.4242668627869926e-14,9.655632391913945e-09,1.1394340680931482e-16,1.3432097015993451e-11,1.0083268214701452e-08,2.514441745648214e-08
EFT:1.5731250871811277e-15,1.0235969799118207e-09,4.1946246191873777e-13,0.9999999540792174,1.4242668627870027e-14,9.65563239191398e-09,1.1394340680931563e-16,1.34320970159935e-11,1.0083268214701489e-08,2.514441745648223e-08
Random25
Raw:1.5731250871811277e-15,1.023596979911817e-09,4.194624619187348e-13,0.9999999540792174,1.4242668627870077e-14,9.65563239191398e-09,1.1394340680931482e-16,1.3432097015993404e-11,1.0083268214701489e-08,2.514441745648214e-08
EFT:1.5731250871811277e-15,1.0235969799118207e-09,4.1946246191873777e-13,0.9999999540792174,1.4242668627870027e-14,9.65563239191398e-09,1.1394340680931563e-16,1.34320970159935e-11,1.0083268214701489e-08,2.514441745648223e-08
Random26
Raw:1.5731250871811277e-15,1.0235969799118243e-09,4.1946246191874075e-13,0.9999999540792174,1.4242668627870178e-14,9.655632391914014e-09,1.1394340680931644e-16,1.3432097015993642e-11,1.0083268214701525e-08,2.514441745648214e-08
EFT:1.5731250871811277e-15,1.0235969799118207e-09,4.1946246191873777e-13,0.9999999540792174,1.4242668627870077e-14,9.65563239191398e-09,1.1394340680931563e-16,1.34320970159935e-11,1.0083268214701489e-08,2.514441745648223e-08
Random27
Raw:1.5731250871811502e-15,1.023596979911817e-09,4.194624619187393e-13,0.9999999540792174,1.4242668627870027e-14,9.65563239191398e-09,1.1394340680931563e-16,1.34320970159935e-11,1.0083268214701489e-08,2.514441745648223e-08
EFT:1.5731250871811277e-15,1.0235969799118207e-09,4.1946246191873777e-13,0.9999999540792174,1.4242668627870027e-14,9.65563239191398e-09,1.1394340680931563e-16,1.34320970159935e-11,1.0083268214701489e-08,2.514441745648223e-08
Random28
Raw:1.5731250871811277e-15,1.023596979911828e-09,4.194624619187393e-13,0.9999999540792174,1.4242668627870178e-14,9.655632391914082e-09,1.1394340680931644e-16,1.3432097015993595e-11,1.008326821470156e-08,2.5144417456482408e-08
EFT:1.5731250871811277e-15,1.0235969799118207e-09,4.1946246191873777e-13,0.9999999540792174,1.4242668627870027e-14,9.65563239191398e-09,1.1394340680931563e-16,1.34320970159935e-11,1.0083268214701489e-08,2.514441745648223e-08
Random29
Raw:1.5731250871811167e-15,1.023596979911817e-09,4.194624619187393e-13,0.9999999540792174,1.4242668627869976e-14,9.655632391913945e-09,1.1394340680931482e-16,1.34320970159935e-11,1.0083268214701452e-08,2.514441745648205e-08
EFT:1.5731250871811277e-15,1.0235969799118207e-09,4.1946246191873777e-13,0.9999999540792174,1.4242668627870027e-14,9.65563239191398e-09,1.1394340680931563e-16,1.34320970159935e-11,1.0083268214701489e-08,2.514441745648223e-08
Random30
Raw:1.5731250871811277e-15,1.023596979911817e-09,4.194624619187393e-13,0.9999999540792174,1.4242668627869976e-14,9.655632391914014e-09,1.1394340680931644e-16,1.34320970159935e-11,1.0083268214701489e-08,2.514441745648223e-08
EFT:1.5731250871811277e-15,1.0235969799118207e-09,4.1946246191873777e-13,0.9999999540792174,1.4242668627870077e-14,9.65563239191398e-09,1.1394340680931563e-16,1.34320970159935e-11,1.0083268214701489e-08,2.514441745648223e-08
Random31
Raw:1.5731250871811277e-15,1.0235969799118207e-09,4.194624619187393e-13,0.9999999540792174,1.4242668627870027e-14,9.655632391913945e-09,1.1394340680931644e-16,1.3432097015993595e-11,1.0083268214701489e-08,2.514441745648214e-08
EFT:1.5731250871811277e-15,1.0235969799118207e-09,4.1946246191873777e-13,0.9999999540792174,1.4242668627870027e-14,9.65563239191398e-09,1.1394340680931563e-16,1.34320970159935e-11,1.0083268214701489e-08,2.514441745648223e-08
Random32
Raw:1.5731250871811277e-15,1.0235969799118243e-09,4.194624619187393e-13,0.9999999540792174,1.4242668627870077e-14,9.655632391914014e-09,1.1394340680931644e-16,1.3432097015993642e-11,1.0083268214701525e-08,2.514441745648223e-08
EFT:1.5731250871811277e-15,1.0235969799118207e-09,4.1946246191873777e-13,0.9999999540792174,1.4242668627870077e-14,9.65563239191398e-09,1.1394340680931563e-16,1.34320970159935e-11,1.0083268214701489e-08,2.514441745648223e-08
Random33
Raw:1.5731250871811054e-15,1.0235969799118135e-09,4.1946246191873333e-13,0.9999999540792174,1.4242668627869875e-14,9.655632391913945e-09,1.1394340680931403e-16,1.3432097015993404e-11,1.0083268214701418e-08,2.514441745648214e-08
EFT:1.5731250871811277e-15,1.0235969799118207e-09,4.1946246191873777e-13,0.9999999540792174,1.4242668627870027e-14,9.65563239191398e-09,1.1394340680931563e-16,1.34320970159935e-11,1.0083268214701489e-08,2.514441745648223e-08
Random34
Raw:1.5731250871811277e-15,1.023596979911828e-09,4.194624619187393e-13,0.9999999540792174,1.4242668627870077e-14,9.655632391914047e-09,1.1394340680931563e-16,1.3432097015993595e-11,1.0083268214701525e-08,2.514441745648223e-08
EFT:1.5731250871811277e-15,1.0235969799118207e-09,4.1946246191873777e-13,0.9999999540792174,1.4242668627870027e-14,9.65563239191398e-09,1.1394340680931563e-16,1.34320970159935e-11,1.0083268214701489e-08,2.514441745648223e-08
Random35
Raw:1.5731250871811054e-15,1.0235969799118135e-09,4.194624619187348e-13,0.9999999540792174,1.4242668627869875e-14,9.655632391913912e-09,1.1394340680931482e-16,1.34320970159935e-11,1.0083268214701381e-08,2.514441745648196e-08
EFT:1.5731250871811277e-15,1.0235969799118207e-09,4.1946246191873777e-13,0.9999999540792174,1.4242668627870027e-14,9.65563239191398e-09,1.1394340680931563e-16,1.34320970159935e-11,1.0083268214701489e-08,2.514441745648223e-08
Random36
Raw:1.5731250871811054e-15,1.0235969799118098e-09,4.1946246191873333e-13,0.9999999540792174,1.4242668627869875e-14,9.655632391913877e-09,1.1394340680931482e-16,1.3432097015993404e-11,1.0083268214701345e-08,2.5144417456481782e-08
EFT:1.5731250871811277e-15,1.0235969799118207e-09,4.1946246191873777e-13,0.9999999540792174,1.4242668627870027e-14,9.65563239191398e-09,1.1394340680931563e-16,1.34320970159935e-11,1.0083268214701489e-08,2.514441745648223e-08
Random37
Raw:1.5731250871811054e-15,1.0235969799118135e-09,4.194624619187363e-13,0.9999999540792174,1.4242668627869976e-14,9.65563239191398e-09,1.1394340680931482e-16,1.3432097015993451e-11,1.0083268214701452e-08,2.514441745648214e-08
EFT:1.5731250871811277e-15,1.0235969799118207e-09,4.1946246191873777e-13,0.9999999540792174,1.4242668627870027e-14,9.65563239191398e-09,1.1394340680931563e-16,1.34320970159935e-11,1.0083268214701489e-08,2.514441745648223e-08
Random38
Raw:1.5731250871811277e-15,1.0235969799118243e-09,4.194624619187393e-13,0.9999999540792174,1.4242668627869976e-14,9.655632391914014e-09,1.1394340680931644e-16,1.3432097015993546e-11,1.0083268214701452e-08,2.514441745648214e-08
EFT:1.5731250871811277e-15,1.0235969799118207e-09,4.1946246191873777e-13,0.9999999540792174,1.4242668627870027e-14,9.65563239191398e-09,1.1394340680931563e-16,1.34320970159935e-11,1.0083268214701489e-08,2.514441745648223e-08
Random39
Raw:1.5731250871811277e-15,1.0235969799118135e-09,4.194624619187363e-13,0.9999999540792174,1.4242668627869976e-14,9.65563239191398e-09,1.1394340680931563e-16,1.34320970159935e-11,1.0083268214701452e-08,2.514441745648223e-08
EFT:1.5731250871811277e-15,1.0235969799118207e-09,4.1946246191873777e-13,0.9999999540792174,1.4242668627870027e-14,9.65563239191398e-09,1.1394340680931563e-16,1.34320970159935e-11,1.0083268214701489e-08,2.514441745648223e-08
Random40
Raw:1.5731250871811054e-15,1.023596979911817e-09,4.194624619187363e-13,0.9999999540792174,1.4242668627869926e-14,9.65563239191398e-09,1.1394340680931563e-16,1.3432097015993451e-11,1.0083268214701452e-08,2.514441745648205e-08
EFT:1.5731250871811277e-15,1.0235969799118207e-09,4.1946246191873777e-13,0.9999999540792174,1.4242668627870027e-14,9.65563239191398e-09,1.1394340680931563e-16,1.34320970159935e-11,1.0083268214701489e-08,2.514441745648223e-08
Random41
Raw:1.5731250871811277e-15,1.0235969799118207e-09,4.194624619187393e-13,0.9999999540792174,1.4242668627870027e-14,9.65563239191398e-09,1.1394340680931563e-16,1.34320970159935e-11,1.0083268214701525e-08,2.514441745648223e-08
EFT:1.5731250871811277e-15,1.0235969799118207e-09,4.1946246191873777e-13,0.9999999540792174,1.4242668627870077e-14,9.65563239191398e-09,1.1394340680931563e-16,1.34320970159935e-11,1.0083268214701489e-08,2.514441745648223e-08
Random42
Raw:1.5731250871811277e-15,1.023596979911817e-09,4.1946246191873777e-13,0.9999999540792174,1.4242668627869976e-14,9.655632391914014e-09,1.1394340680931563e-16,1.34320970159935e-11,1.0083268214701525e-08,2.514441745648223e-08
EFT:1.5731250871811277e-15,1.0235969799118207e-09,4.1946246191873777e-13,0.9999999540792174,1.4242668627870027e-14,9.65563239191398e-09,1.1394340680931563e-16,1.34320970159935e-11,1.0083268214701489e-08,2.514441745648223e-08
Random43
Raw:1.5731250871811054e-15,1.023596979911817e-09,4.194624619187348e-13,0.9999999540792174,1.4242668627869976e-14,9.65563239191398e-09,1.1394340680931482e-16,1.34320970159935e-11,1.0083268214701418e-08,2.514441745648214e-08
EFT:1.5731250871811277e-15,1.0235969799118207e-09,4.1946246191873777e-13,0.9999999540792174,1.4242668627870027e-14,9.65563239191398e-09,1.1394340680931563e-16,1.34320970159935e-11,1.0083268214701489e-08,2.514441745648223e-08
Random44
Raw:1.573125087181139e-15,1.0235969799118243e-09,4.1946246191874226e-13,0.9999999540792174,1.4242668627870027e-14,9.655632391914014e-09,1.1394340680931644e-16,1.3432097015993595e-11,1.0083268214701525e-08,2.514441745648223e-08
EFT:1.5731250871811277e-15,1.0235969799118207e-09,4.1946246191873777e-13,0.9999999540792174,1.4242668627870027e-14,9.65563239191398e-09,1.1394340680931563e-16,1.34320970159935e-11,1.0083268214701489e-08,2.514441745648223e-08
Random45
Raw:1.5731250871811277e-15,1.023596979911817e-09,4.1946246191873777e-13,0.9999999540792174,1.4242668627869976e-14,9.655632391913945e-09,1.1394340680931482e-16,1.3432097015993451e-11,1.0083268214701489e-08,2.514441745648214e-08
EFT:1.5731250871811277e-15,1.0235969799118207e-09,4.1946246191873777e-13,0.9999999540792174,1.4242668627870027e-14,9.65563239191398e-09,1.1394340680931563e-16,1.34320970159935e-11,1.0083268214701489e-08,2.514441745648223e-08
Random46
Raw:1.5731250871811167e-15,1.023596979911817e-09,4.194624619187348e-13,0.9999999540792174,1.4242668627869976e-14,9.65563239191398e-09,1.1394340680931563e-16,1.3432097015993404e-11,1.0083268214701452e-08,2.514441745648214e-08
EFT:1.5731250871811277e-15,1.0235969799118207e-09,4.1946246191873777e-13,0.9999999540792174,1.4242668627870027e-14,9.65563239191398e-09,1.1394340680931563e-16,1.34320970159935e-11,1.0083268214701489e-08,2.514441745648223e-08
Random47
Raw:1.5731250871811277e-15,1.023596979911817e-09,4.194624619187393e-13,0.9999999540792174,1.4242668627869875e-14,9.655632391913945e-09,1.1394340680931563e-16,1.34320970159935e-11,1.0083268214701418e-08,2.514441745648196e-08
EFT:1.5731250871811277e-15,1.0235969799118207e-09,4.1946246191873777e-13,0.9999999540792174,1.4242668627870077e-14,9.65563239191398e-09,1.1394340680931563e-16,1.34320970159935e-11,1.0083268214701489e-08,2.514441745648223e-08
Random48
Raw:1.5731250871811277e-15,1.023596979911817e-09,4.194624619187393e-13,0.9999999540792174,1.4242668627869875e-14,9.655632391913945e-09,1.1394340680931644e-16,1.3432097015993451e-11,1.0083268214701452e-08,2.514441745648196e-08
EFT:1.5731250871811277e-15,1.0235969799118207e-09,4.1946246191873777e-13,0.9999999540792174,1.4242668627870027e-14,9.65563239191398e-09,1.1394340680931563e-16,1.34320970159935e-11,1.0083268214701489e-08,2.514441745648223e-08
Random49
Raw:1.5731250871811277e-15,1.0235969799118207e-09,4.194624619187363e-13,0.9999999540792174,1.4242668627870027e-14,9.65563239191398e-09,1.1394340680931563e-16,1.34320970159935e-11,1.0083268214701452e-08,2.514441745648223e-08
EFT:1.5731250871811277e-15,1.0235969799118207e-09,4.1946246191873777e-13,0.9999999540792174,1.4242668627870077e-14,9.65563239191398e-09,1.1394340680931563e-16,1.34320970159935e-11,1.0083268214701489e-08,2.514441745648223e-08
Random50
Raw:1.5731250871811054e-15,1.0235969799118135e-09,4.1946246191873333e-13,0.9999999540792174,1.4242668627869926e-14,9.655632391913912e-09,1.1394340680931482e-16,1.3432097015993404e-11,1.0083268214701418e-08,2.514441745648196e-08
EFT:1.5731250871811277e-15,1.0235969799118207e-09,4.1946246191873777e-13,0.9999999540792174,1.4242668627870027e-14,9.65563239191398e-09,1.1394340680931563e-16,1.34320970159935e-11,1.0083268214701489e-08,2.514441745648223e-08
Random51
Raw:1.5731250871811277e-15,1.0235969799118207e-09,4.194624619187393e-13,0.9999999540792174,1.4242668627870077e-14,9.655632391914014e-09,1.1394340680931644e-16,1.3432097015993546e-11,1.0083268214701489e-08,2.514441745648214e-08
EFT:1.5731250871811277e-15,1.0235969799118207e-09,4.1946246191873777e-13,0.9999999540792174,1.4242668627870027e-14,9.65563239191398e-09,1.1394340680931563e-16,1.34320970159935e-11,1.0083268214701489e-08,2.514441745648223e-08
Random52
Raw:1.5731250871811277e-15,1.023596979911817e-09,4.194624619187393e-13,0.9999999540792174,1.4242668627869976e-14,9.655632391913945e-09,1.1394340680931644e-16,1.3432097015993546e-11,1.0083268214701489e-08,2.514441745648214e-08
EFT:1.5731250871811277e-15,1.0235969799118207e-09,4.1946246191873777e-13,0.9999999540792174,1.4242668627870077e-14,9.65563239191398e-09,1.1394340680931563e-16,1.34320970159935e-11,1.0083268214701489e-08,2.514441745648223e-08
Random53
Raw:1.573125087181139e-15,1.0235969799118243e-09,4.1946246191874226e-13,0.9999999540792174,1.4242668627870077e-14,9.655632391914014e-09,1.1394340680931644e-16,1.343209701599369e-11,1.0083268214701489e-08,2.514441745648214e-08
EFT:1.5731250871811277e-15,1.0235969799118207e-09,4.1946246191873777e-13,0.9999999540792174,1.4242668627870027e-14,9.65563239191398e-09,1.1394340680931563e-16,1.34320970159935e-11,1.0083268214701489e-08,2.514441745648223e-08
Random54
Raw:1.5731250871811277e-15,1.0235969799118207e-09,4.1946246191873777e-13,0.9999999540792174,1.4242668627870077e-14,9.655632391914014e-09,1.1394340680931563e-16,1.3432097015993546e-11,1.0083268214701489e-08,2.514441745648223e-08
EFT:1.5731250871811277e-15,1.0235969799118207e-09,4.1946246191873777e-13,0.9999999540792174,1.4242668627870027e-14,9.65563239191398e-09,1.1394340680931563e-16,1.34320970159935e-11,1.0083268214701489e-08,2.514441745648223e-08
Random55
Raw:1.5731250871811277e-15,1.0235969799118243e-09,4.194624619187393e-13,0.9999999540792174,1.4242668627869976e-14,9.65563239191398e-09,1.1394340680931644e-16,1.3432097015993546e-11,1.0083268214701525e-08,2.5144417456482318e-08
EFT:1.5731250871811277e-15,1.0235969799118207e-09,4.1946246191873777e-13,0.9999999540792174,1.4242668627870077e-14,9.65563239191398e-09,1.1394340680931563e-16,1.34320970159935e-11,1.0083268214701489e-08,2.514441745648223e-08
Random56
Raw:1.5731250871811277e-15,1.0235969799118243e-09,4.194624619187393e-13,0.9999999540792174,1.4242668627870128e-14,9.655632391914047e-09,1.1394340680931644e-16,1.3432097015993546e-11,1.008326821470156e-08,2.5144417456482318e-08
EFT:1.5731250871811277e-15,1.0235969799118207e-09,4.1946246191873777e-13,0.9999999540792174,1.4242668627870077e-14,9.65563239191398e-09,1.1394340680931563e-16,1.34320970159935e-11,1.0083268214701489e-08,2.514441745648223e-08
Random57
Raw:1.5731250871811054e-15,1.0235969799118135e-09,4.194624619187363e-13,0.9999999540792174,1.4242668627869926e-14,9.65563239191398e-09,1.1394340680931563e-16,1.3432097015993451e-11,1.0083268214701418e-08,2.514441745648205e-08
EFT:1.5731250871811277e-15,1.0235969799118207e-09,4.1946246191873777e-13,0.9999999540792174,1.4242668627870027e-14,9.65563239191398e-09,1.1394340680931563e-16,1.34320970159935e-11,1.0083268214701489e-08,2.514441745648223e-08
Random58
Raw:1.5731250871811277e-15,1.0235969799118207e-09,4.194624619187363e-13,0.9999999540792174,1.4242668627870077e-14,9.65563239191398e-09,1.1394340680931644e-16,1.3432097015993546e-11,1.0083268214701489e-08,2.514441745648214e-08
EFT:1.5731250871811277e-15,1.0235969799118207e-09,4.1946246191873777e-13,0.9999999540792174,1.4242668627870027e-14,9.65563239191398e-09,1.1394340680931563e-16,1.34320970159935e-11,1.0083268214701489e-08,2.514441745648223e-08
Random59
Raw:1.5731250871811277e-15,1.0235969799118243e-09,4.194624619187393e-13,0.9999999540792174,1.4242668627869976e-14,9.65563239191398e-09,1.1394340680931644e-16,1.3432097015993546e-11,1.0083268214701452e-08,2.514441745648214e-08
EFT:1.5731250871811277e-15,1.0235969799118207e-09,4.1946246191873777e-13,0.9999999540792174,1.4242668627870027e-14,9.65563239191398e-09,1.1394340680931563e-16,1.34320970159935e-11,1.0083268214701489e-08,2.514441745648223e-08
Random60
Raw:1.5731250871811277e-15,1.0235969799118207e-09,4.194624619187393e-13,0.9999999540792174,1.4242668627870077e-14,9.655632391913912e-09,1.1394340680931644e-16,1.3432097015993546e-11,1.0083268214701525e-08,2.514441745648223e-08
EFT:1.5731250871811277e-15,1.0235969799118207e-09,4.1946246191873777e-13,0.9999999540792174,1.4242668627870027e-14,9.65563239191398e-09,1.1394340680931563e-16,1.34320970159935e-11,1.0083268214701489e-08,2.514441745648223e-08
Random61
Raw:1.5731250871811277e-15,1.0235969799118207e-09,4.194624619187393e-13,0.9999999540792174,1.4242668627869926e-14,9.655632391913945e-09,1.1394340680931644e-16,1.3432097015993546e-11,1.0083268214701452e-08,2.514441745648205e-08
EFT:1.5731250871811277e-15,1.0235969799118207e-09,4.1946246191873777e-13,0.9999999540792174,1.4242668627870027e-14,9.65563239191398e-09,1.1394340680931563e-16,1.34320970159935e-11,1.0083268214701489e-08,2.514441745648223e-08
Random62
Raw:1.5731250871811277e-15,1.0235969799118207e-09,4.194624619187393e-13,0.9999999540792174,1.4242668627870027e-14,9.655632391913945e-09,1.1394340680931644e-16,1.3432097015993546e-11,1.0083268214701489e-08,2.514441745648214e-08
EFT:1.5731250871811277e-15,1.0235969799118207e-09,4.1946246191873777e-13,0.9999999540792174,1.4242668627870027e-14,9.65563239191398e-09,1.1394340680931563e-16,1.34320970159935e-11,1.0083268214701489e-08,2.514441745648223e-08
Random63
Raw:1.5731250871811167e-15,1.0235969799118207e-09,4.1946246191873777e-13,0.9999999540792174,1.4242668627869875e-14,9.655632391913945e-09,1.1394340680931563e-16,1.3432097015993546e-11,1.0083268214701418e-08,2.514441745648205e-08
EFT:1.5731250871811277e-15,1.0235969799118207e-09,4.1946246191873777e-13,0.9999999540792174,1.4242668627870027e-14,9.65563239191398e-09,1.1394340680931563e-16,1.34320970159935e-11,1.0083268214701489e-08,2.514441745648223e-08
Random64
Raw:1.5731250871811277e-15,1.023596979911817e-09,4.194624619187363e-13,0.9999999540792174,1.4242668627869976e-14,9.655632391913945e-09,1.1394340680931563e-16,1.3432097015993451e-11,1.0083268214701452e-08,2.514441745648205e-08
EFT:1.5731250871811277e-15,1.0235969799118207e-09,4.1946246191873777e-13,0.9999999540792174,1.4242668627870027e-14,9.65563239191398e-09,1.1394340680931563e-16,1.34320970159935e-11,1.0083268214701489e-08,2.514441745648223e-08
Random65
Raw:1.5731250871811277e-15,1.0235969799118243e-09,4.1946246191874075e-13,0.9999999540792174,1.4242668627870077e-14,9.655632391914014e-09,1.1394340680931644e-16,1.34320970159935e-11,1.0083268214701525e-08,2.514441745648223e-08
EFT:1.5731250871811277e-15,1.0235969799118207e-09,4.1946246191873777e-13,0.9999999540792174,1.4242668627870027e-14,9.65563239191398e-09,1.1394340680931563e-16,1.34320970159935e-11,1.0083268214701489e-08,2.514441745648223e-08
Random66
Raw:1.5731250871811277e-15,1.0235969799118135e-09,4.1946246191873777e-13,0.9999999540792174,1.4242668627869976e-14,9.655632391913912e-09,1.1394340680931563e-16,1.3432097015993404e-11,1.0083268214701489e-08,2.514441745648214e-08
EFT:1.5731250871811277e-15,1.0235969799118207e-09,4.1946246191873777e-13,0.9999999540792174,1.4242668627870027e-14,9.65563239191398e-09,1.1394340680931563e-16,1.34320970159935e-11,1.0083268214701489e-08,2.514441745648223e-08
Random67
Raw:1.5731250871811277e-15,1.023596979911817e-09,4.194624619187393e-13,0.9999999540792174,1.4242668627870077e-14,9.65563239191398e-09,1.1394340680931563e-16,1.3432097015993546e-11,1.0083268214701489e-08,2.514441745648223e-08
EFT:1.5731250871811277e-15,1.0235969799118207e-09,4.1946246191873777e-13,0.9999999540792174,1.4242668627870027e-14,9.65563239191398e-09,1.1394340680931563e-16,1.34320970159935e-11,1.0083268214701489e-08,2.514441745648223e-08
Random68
Raw:1.5731250871811277e-15,1.023596979911817e-09,4.194624619187363e-13,0.9999999540792174,1.4242668627869926e-14,9.65563239191398e-09,1.1394340680931644e-16,1.3432097015993451e-11,1.0083268214701452e-08,2.514441745648214e-08
EFT:1.5731250871811277e-15,1.0235969799118207e-09,4.1946246191873777e-13,0.9999999540792174,1.4242668627870077e-14,9.65563239191398e-09,1.1394340680931563e-16,1.34320970159935e-11,1.0083268214701489e-08,2.514441745648223e-08
Random69
Raw:1.5731250871811277e-15,1.0235969799118207e-09,4.194624619187393e-13,0.9999999540792174,1.4242668627869976e-14,9.65563239191398e-09,1.1394340680931563e-16,1.3432097015993595e-11,1.0083268214701489e-08,2.514441745648214e-08
EFT:1.5731250871811277e-15,1.0235969799118207e-09,4.1946246191873777e-13,0.9999999540792174,1.4242668627870027e-14,9.65563239191398e-09,1.1394340680931563e-16,1.34320970159935e-11,1.0083268214701489e-08,2.514441745648223e-08
Random70
Raw:1.5731250871811167e-15,1.0235969799118207e-09,4.194624619187393e-13,0.9999999540792174,1.4242668627870027e-14,9.65563239191398e-09,1.1394340680931644e-16,1.3432097015993595e-11,1.0083268214701489e-08,2.514441745648214e-08
EFT:1.5731250871811277e-15,1.0235969799118207e-09,4.1946246191873777e-13,0.9999999540792174,1.4242668627870027e-14,9.65563239191398e-09,1.1394340680931563e-16,1.34320970159935e-11,1.0083268214701489e-08,2.514441745648223e-08
Random71
Raw:1.5731250871811277e-15,1.023596979911817e-09,4.194624619187393e-13,0.9999999540792174,1.4242668627870077e-14,9.655632391914014e-09,1.1394340680931644e-16,1.34320970159935e-11,1.0083268214701489e-08,2.514441745648223e-08
EFT:1.5731250871811277e-15,1.0235969799118207e-09,4.1946246191873777e-13,0.9999999540792174,1.4242668627870027e-14,9.65563239191398e-09,1.1394340680931563e-16,1.34320970159935e-11,1.0083268214701489e-08,2.514441745648223e-08
Random72
Raw:1.5731250871811277e-15,1.0235969799118207e-09,4.194624619187393e-13,0.9999999540792174,1.4242668627870077e-14,9.65563239191398e-09,1.1394340680931644e-16,1.3432097015993546e-11,1.0083268214701525e-08,2.514441745648223e-08
EFT:1.5731250871811277e-15,1.0235969799118207e-09,4.1946246191873777e-13,0.9999999540792174,1.4242668627870027e-14,9.65563239191398e-09,1.1394340680931563e-16,1.34320970159935e-11,1.0083268214701489e-08,2.514441745648223e-08
Random73
Raw:1.5731250871811054e-15,1.0235969799118135e-09,4.194624619187363e-13,0.9999999540792174,1.4242668627869976e-14,9.655632391913877e-09,1.1394340680931563e-16,1.3432097015993451e-11,1.0083268214701418e-08,2.514441745648196e-08
EFT:1.5731250871811277e-15,1.0235969799118207e-09,4.1946246191873777e-13,0.9999999540792174,1.4242668627870077e-14,9.65563239191398e-09,1.1394340680931563e-16,1.34320970159935e-11,1.0083268214701489e-08,2.514441745648223e-08
Random74
Raw:1.5731250871811167e-15,1.023596979911817e-09,4.194624619187363e-13,0.9999999540792174,1.4242668627869976e-14,9.655632391913945e-09,1.1394340680931644e-16,1.3432097015993451e-11,1.0083268214701452e-08,2.514441745648205e-08
EFT:1.5731250871811277e-15,1.0235969799118207e-09,4.1946246191873777e-13,0.9999999540792174,1.4242668627870077e-14,9.65563239191398e-09,1.1394340680931563e-16,1.34320970159935e-11,1.0083268214701489e-08,2.514441745648223e-08
Random75
Raw:1.5731250871811277e-15,1.023596979911817e-09,4.194624619187363e-13,0.9999999540792174,1.4242668627869976e-14,9.65563239191398e-09,1.1394340680931563e-16,1.34320970159935e-11,1.0083268214701452e-08,2.514441745648205e-08
EFT:1.5731250871811277e-15,1.0235969799118207e-09,4.1946246191873777e-13,0.9999999540792174,1.4242668627870027e-14,9.65563239191398e-09,1.1394340680931563e-16,1.34320970159935e-11,1.0083268214701489e-08,2.514441745648223e-08
Random76
Raw:1.5731250871811277e-15,1.0235969799118207e-09,4.194624619187393e-13,0.9999999540792174,1.4242668627869926e-14,9.65563239191398e-09,1.1394340680931482e-16,1.3432097015993546e-11,1.0083268214701489e-08,2.514441745648205e-08
EFT:1.5731250871811277e-15,1.0235969799118207e-09,4.1946246191873777e-13,0.9999999540792174,1.4242668627870077e-14,9.65563239191398e-09,1.1394340680931563e-16,1.34320970159935e-11,1.0083268214701489e-08,2.514441745648223e-08
Random77
Raw:1.5731250871811167e-15,1.0235969799118207e-09,4.194624619187348e-13,0.9999999540792174,1.4242668627869875e-14,9.655632391913945e-09,1.1394340680931563e-16,1.3432097015993451e-11,1.0083268214701452e-08,2.514441745648205e-08
EFT:1.5731250871811277e-15,1.0235969799118207e-09,4.1946246191873777e-13,0.9999999540792174,1.4242668627870027e-14,9.65563239191398e-09,1.1394340680931563e-16,1.34320970159935e-11,1.0083268214701489e-08,2.514441745648223e-08
Random78
Raw:1.5731250871811277e-15,1.0235969799118243e-09,4.194624619187393e-13,0.9999999540792174,1.4242668627870077e-14,9.655632391914014e-09,1.1394340680931563e-16,1.34320970159935e-11,1.0083268214701418e-08,2.514441745648223e-08
EFT:1.5731250871811277e-15,1.0235969799118207e-09,4.1946246191873777e-13,0.9999999540792174,1.4242668627870027e-14,9.65563239191398e-09,1.1394340680931563e-16,1.34320970159935e-11,1.0083268214701489e-08,2.514441745648223e-08
Random79
Raw:1.573125087181139e-15,1.0235969799118207e-09,4.1946246191874226e-13,0.9999999540792174,1.4242668627870077e-14,9.65563239191398e-09,1.1394340680931644e-16,1.3432097015993595e-11,1.0083268214701489e-08,2.514441745648205e-08
EFT:1.5731250871811277e-15,1.0235969799118207e-09,4.1946246191873777e-13,0.9999999540792174,1.4242668627870027e-14,9.65563239191398e-09,1.1394340680931563e-16,1.34320970159935e-11,1.0083268214701489e-08,2.514441745648223e-08
Random80
Raw:1.573125087181139e-15,1.0235969799118207e-09,4.194624619187393e-13,0.9999999540792174,1.4242668627870128e-14,9.655632391914082e-09,1.1394340680931644e-16,1.3432097015993546e-11,1.0083268214701525e-08,2.514441745648223e-08
EFT:1.5731250871811277e-15,1.0235969799118207e-09,4.1946246191873777e-13,0.9999999540792174,1.4242668627870027e-14,9.65563239191398e-09,1.1394340680931563e-16,1.34320970159935e-11,1.0083268214701489e-08,2.514441745648223e-08
Random81
Raw:1.5731250871811054e-15,1.023596979911817e-09,4.1946246191873777e-13,0.9999999540792174,1.4242668627869926e-14,9.65563239191398e-09,1.1394340680931482e-16,1.34320970159935e-11,1.0083268214701452e-08,2.514441745648214e-08
EFT:1.5731250871811277e-15,1.0235969799118207e-09,4.1946246191873777e-13,0.9999999540792174,1.4242668627870027e-14,9.65563239191398e-09,1.1394340680931563e-16,1.34320970159935e-11,1.0083268214701489e-08,2.514441745648223e-08
Random82
Raw:1.5731250871811277e-15,1.023596979911817e-09,4.194624619187363e-13,0.9999999540792174,1.4242668627869926e-14,9.65563239191398e-09,1.1394340680931563e-16,1.34320970159935e-11,1.0083268214701452e-08,2.514441745648205e-08
EFT:1.5731250871811277e-15,1.0235969799118207e-09,4.1946246191873777e-13,0.9999999540792174,1.4242668627870027e-14,9.65563239191398e-09,1.1394340680931563e-16,1.34320970159935e-11,1.0083268214701489e-08,2.514441745648223e-08
Random83
Raw:1.5731250871811167e-15,1.0235969799118135e-09,4.194624619187348e-13,0.9999999540792174,1.4242668627869976e-14,9.655632391913877e-09,1.1394340680931482e-16,1.3432097015993404e-11,1.0083268214701418e-08,2.514441745648205e-08
EFT:1.5731250871811277e-15,1.0235969799118207e-09,4.1946246191873777e-13,0.9999999540792174,1.4242668627870077e-14,9.65563239191398e-09,1.1394340680931563e-16,1.34320970159935e-11,1.0083268214701489e-08,2.514441745648223e-08
Random84
Raw:1.5731250871811167e-15,1.0235969799118135e-09,4.194624619187363e-13,0.9999999540792174,1.4242668627869875e-14,9.655632391913912e-09,1.1394340680931482e-16,1.3432097015993451e-11,1.0083268214701418e-08,2.514441745648196e-08
EFT:1.5731250871811277e-15,1.0235969799118207e-09,4.1946246191873777e-13,0.9999999540792174,1.4242668627870077e-14,9.65563239191398e-09,1.1394340680931563e-16,1.34320970159935e-11,1.0083268214701489e-08,2.514441745648223e-08
Random85
Raw:1.5731250871811277e-15,1.0235969799118243e-09,4.1946246191874226e-13,0.9999999540792174,1.4242668627870077e-14,9.65563239191398e-09,1.1394340680931644e-16,1.3432097015993595e-11,1.008326821470156e-08,2.514441745648223e-08
EFT:1.5731250871811277e-15,1.0235969799118207e-09,4.1946246191873777e-13,0.9999999540792174,1.4242668627870077e-14,9.65563239191398e-09,1.1394340680931563e-16,1.34320970159935e-11,1.0083268214701489e-08,2.514441745648223e-08
Random86
Raw:1.573125087181139e-15,1.0235969799118243e-09,4.1946246191874075e-13,0.9999999540792174,1.4242668627870128e-14,9.655632391914014e-09,1.1394340680931644e-16,1.3432097015993595e-11,1.008326821470156e-08,2.514441745648223e-08
EFT:1.5731250871811277e-15,1.0235969799118207e-09,4.1946246191873777e-13,0.9999999540792174,1.4242668627870077e-14,9.65563239191398e-09,1.1394340680931563e-16,1.34320970159935e-11,1.0083268214701489e-08,2.514441745648223e-08
Random87
Raw:1.5731250871811277e-15,1.0235969799118207e-09,4.194624619187393e-13,0.9999999540792174,1.4242668627870077e-14,9.655632391914047e-09,1.1394340680931644e-16,1.3432097015993451e-11,1.008326821470156e-08,2.514441745648223e-08
EFT:1.5731250871811277e-15,1.0235969799118207e-09,4.1946246191873777e-13,0.9999999540792174,1.4242668627870027e-14,9.65563239191398e-09,1.1394340680931563e-16,1.34320970159935e-11,1.0083268214701489e-08,2.514441745648223e-08
Random88
Raw:1.5731250871811054e-15,1.023596979911817e-09,4.1946246191873777e-13,0.9999999540792174,1.4242668627869875e-14,9.655632391913945e-09,1.1394340680931644e-16,1.3432097015993451e-11,1.0083268214701452e-08,2.514441745648205e-08
EFT:1.5731250871811277e-15,1.0235969799118207e-09,4.1946246191873777e-13,0.9999999540792174,1.4242668627870027e-14,9.65563239191398e-09,1.1394340680931563e-16,1.34320970159935e-11,1.0083268214701489e-08,2.514441745648223e-08
Random89
Raw:1.5731250871811167e-15,1.0235969799118135e-09,4.194624619187363e-13,0.9999999540792174,1.4242668627869875e-14,9.655632391913912e-09,1.1394340680931482e-16,1.3432097015993451e-11,1.0083268214701418e-08,2.514441745648196e-08
EFT:1.5731250871811277e-15,1.0235969799118207e-09,4.1946246191873777e-13,0.9999999540792174,1.4242668627870027e-14,9.65563239191398e-09,1.1394340680931563e-16,1.34320970159935e-11,1.0083268214701489e-08,2.514441745648223e-08
Random90
Raw:1.5731250871811277e-15,1.0235969799118207e-09,4.194624619187393e-13,0.9999999540792174,1.4242668627869976e-14,9.65563239191398e-09,1.1394340680931644e-16,1.34320970159935e-11,1.0083268214701489e-08,2.514441745648223e-08
EFT:1.5731250871811277e-15,1.0235969799118207e-09,4.1946246191873777e-13,0.9999999540792174,1.4242668627870027e-14,9.65563239191398e-09,1.1394340680931563e-16,1.34320970159935e-11,1.0083268214701489e-08,2.514441745648223e-08
Random91
Raw:1.5731250871811054e-15,1.0235969799118135e-09,4.1946246191873333e-13,0.9999999540792174,1.4242668627869875e-14,9.655632391913945e-09,1.1394340680931482e-16,1.3432097015993356e-11,1.0083268214701452e-08,2.514441745648205e-08
EFT:1.5731250871811277e-15,1.0235969799118207e-09,4.1946246191873777e-13,0.9999999540792174,1.4242668627870027e-14,9.65563239191398e-09,1.1394340680931563e-16,1.34320970159935e-11,1.0083268214701489e-08,2.514441745648223e-08
Random92
Raw:1.5731250871811277e-15,1.023596979911817e-09,4.194624619187363e-13,0.9999999540792174,1.4242668627869976e-14,9.655632391913945e-09,1.1394340680931482e-16,1.3432097015993404e-11,1.0083268214701452e-08,2.514441745648214e-08
EFT:1.5731250871811277e-15,1.0235969799118207e-09,4.1946246191873777e-13,0.9999999540792174,1.4242668627870027e-14,9.65563239191398e-09,1.1394340680931563e-16,1.34320970159935e-11,1.0083268214701489e-08,2.514441745648223e-08
Random93
Raw:1.5731250871811167e-15,1.023596979911817e-09,4.194624619187363e-13,0.9999999540792174,1.4242668627869976e-14,9.655632391913945e-09,1.1394340680931482e-16,1.3432097015993451e-11,1.0083268214701452e-08,2.514441745648214e-08
EFT:1.5731250871811277e-15,1.0235969799118207e-09,4.1946246191873777e-13,0.9999999540792174,1.4242668627870077e-14,9.65563239191398e-09,1.1394340680931563e-16,1.34320970159935e-11,1.0083268214701489e-08,2.514441745648223e-08
Random94
Raw:1.5731250871811167e-15,1.023596979911817e-09,4.194624619187348e-13,0.9999999540792174,1.4242668627869976e-14,9.65563239191398e-09,1.1394340680931482e-16,1.3432097015993404e-11,1.0083268214701489e-08,2.514441745648205e-08
EFT:1.5731250871811277e-15,1.0235969799118207e-09,4.1946246191873777e-13,0.9999999540792174,1.4242668627870077e-14,9.65563239191398e-09,1.1394340680931563e-16,1.34320970159935e-11,1.0083268214701489e-08,2.514441745648223e-08
Random95
Raw:1.5731250871811277e-15,1.0235969799118207e-09,4.194624619187393e-13,0.9999999540792174,1.4242668627870027e-14,9.655632391914014e-09,1.1394340680931644e-16,1.3432097015993451e-11,1.0083268214701452e-08,2.514441745648214e-08
EFT:1.5731250871811277e-15,1.0235969799118207e-09,4.1946246191873777e-13,0.9999999540792174,1.4242668627870077e-14,9.65563239191398e-09,1.1394340680931563e-16,1.34320970159935e-11,1.0083268214701489e-08,2.514441745648223e-08
Random96
Raw:1.5731250871811277e-15,1.0235969799118207e-09,4.194624619187393e-13,0.9999999540792174,1.4242668627870027e-14,9.655632391914014e-09,1.1394340680931644e-16,1.3432097015993546e-11,1.0083268214701489e-08,2.514441745648214e-08
EFT:1.5731250871811277e-15,1.0235969799118207e-09,4.1946246191873777e-13,0.9999999540792174,1.4242668627870027e-14,9.65563239191398e-09,1.1394340680931563e-16,1.34320970159935e-11,1.0083268214701489e-08,2.514441745648223e-08
Random97
Raw:1.5731250871811277e-15,1.0235969799118207e-09,4.194624619187363e-13,0.9999999540792174,1.4242668627870077e-14,9.655632391914014e-09,1.1394340680931644e-16,1.34320970159935e-11,1.0083268214701489e-08,2.514441745648223e-08
EFT:1.5731250871811277e-15,1.0235969799118207e-09,4.1946246191873777e-13,0.9999999540792174,1.4242668627870077e-14,9.65563239191398e-09,1.1394340680931563e-16,1.34320970159935e-11,1.0083268214701489e-08,2.514441745648223e-08
Random98
Raw:1.5731250871811167e-15,1.023596979911817e-09,4.194624619187393e-13,0.9999999540792174,1.4242668627869825e-14,9.655632391914014e-09,1.1394340680931482e-16,1.3432097015993451e-11,1.0083268214701418e-08,2.514441745648205e-08
EFT:1.5731250871811277e-15,1.0235969799118207e-09,4.1946246191873777e-13,0.9999999540792174,1.4242668627870027e-14,9.65563239191398e-09,1.1394340680931563e-16,1.34320970159935e-11,1.0083268214701489e-08,2.514441745648223e-08
Random99
Raw:1.5731250871811277e-15,1.023596979911817e-09,4.1946246191873777e-13,0.9999999540792174,1.4242668627870077e-14,9.655632391914014e-09,1.1394340680931644e-16,1.3432097015993451e-11,1.0083268214701525e-08,2.5144417456482318e-08
EFT:1.5731250871811277e-15,1.0235969799118207e-09,4.1946246191873777e-13,0.9999999540792174,1.4242668627870027e-14,9.65563239191398e-09,1.1394340680931563e-16,1.34320970159935e-11,1.0083268214701489e-08,2.514441745648223e-08
Random100
Raw:1.5731250871811167e-15,1.0235969799118098e-09,4.194624619187363e-13,0.9999999540792174,1.4242668627869976e-14,9.655632391913912e-09,1.1394340680931482e-16,1.3432097015993451e-11,1.0083268214701418e-08,2.514441745648205e-08
EFT:1.5731250871811277e-15,1.0235969799118207e-09,4.1946246191873777e-13,0.9999999540792174,1.4242668627870027e-14,9.65563239191398e-09,1.1394340680931563e-16,1.34320970159935e-11,1.0083268214701489e-08,2.514441745648223e-08
Random101
Raw:1.5731250871811277e-15,1.0235969799118207e-09,4.194624619187393e-13,0.9999999540792174,1.4242668627869976e-14,9.655632391914014e-09,1.1394340680931563e-16,1.34320970159935e-11,1.0083268214701489e-08,2.514441745648223e-08
EFT:1.5731250871811277e-15,1.0235969799118207e-09,4.1946246191873777e-13,0.9999999540792174,1.4242668627870027e-14,9.65563239191398e-09,1.1394340680931563e-16,1.34320970159935e-11,1.0083268214701489e-08,2.514441745648223e-08
Random102
Raw:1.5731250871811277e-15,1.023596979911817e-09,4.194624619187348e-13,0.9999999540792174,1.4242668627869976e-14,9.655632391914014e-09,1.1394340680931563e-16,1.34320970159935e-11,1.0083268214701452e-08,2.514441745648214e-08
EFT:1.5731250871811277e-15,1.0235969799118207e-09,4.1946246191873777e-13,0.9999999540792174,1.4242668627870027e-14,9.65563239191398e-09,1.1394340680931563e-16,1.34320970159935e-11,1.0083268214701489e-08,2.514441745648223e-08
Random103
Raw:1.5731250871811277e-15,1.0235969799118243e-09,4.194624619187393e-13,0.9999999540792174,1.4242668627870027e-14,9.655632391914047e-09,1.1394340680931644e-16,1.3432097015993546e-11,1.0083268214701525e-08,2.514441745648223e-08
EFT:1.5731250871811277e-15,1.0235969799118207e-09,4.1946246191873777e-13,0.9999999540792174,1.4242668627870027e-14,9.65563239191398e-09,1.1394340680931563e-16,1.34320970159935e-11,1.0083268214701489e-08,2.514441745648223e-08
Random104
Raw:1.5731250871811054e-15,1.0235969799118207e-09,4.1946246191873777e-13,0.9999999540792174,1.4242668627869976e-14,9.655632391913945e-09,1.1394340680931482e-16,1.34320970159935e-11,1.0083268214701452e-08,2.514441745648205e-08
EFT:1.5731250871811277e-15,1.0235969799118207e-09,4.1946246191873777e-13,0.9999999540792174,1.4242668627870027e-14,9.65563239191398e-09,1.1394340680931563e-16,1.34320970159935e-11,1.0083268214701489e-08,2.514441745648223e-08
Random105
Raw:1.5731250871811277e-15,1.0235969799118207e-09,4.194624619187363e-13,0.9999999540792174,1.4242668627869976e-14,9.655632391914014e-09,1.1394340680931482e-16,1.34320970159935e-11,1.0083268214701489e-08,2.5144417456482318e-08
EFT:1.5731250871811277e-15,1.0235969799118207e-09,4.1946246191873777e-13,0.9999999540792174,1.4242668627870027e-14,9.65563239191398e-09,1.1394340680931563e-16,1.34320970159935e-11,1.0083268214701489e-08,2.514441745648223e-08
Random106
Raw:1.5731250871811167e-15,1.023596979911817e-09,4.194624619187363e-13,0.9999999540792174,1.4242668627869926e-14,9.65563239191398e-09,1.1394340680931644e-16,1.34320970159935e-11,1.0083268214701418e-08,2.514441745648214e-08
EFT:1.5731250871811277e-15,1.0235969799118207e-09,4.1946246191873777e-13,0.9999999540792174,1.4242668627870027e-14,9.65563239191398e-09,1.1394340680931563e-16,1.34320970159935e-11,1.0083268214701489e-08,2.514441745648223e-08
Random107
Raw:1.5731250871811277e-15,1.023596979911817e-09,4.194624619187393e-13,0.9999999540792174,1.4242668627870077e-14,9.655632391914014e-09,1.1394340680931563e-16,1.34320970159935e-11,1.0083268214701525e-08,2.514441745648223e-08
EFT:1.5731250871811277e-15,1.0235969799118207e-09,4.1946246191873777e-13,0.9999999540792174,1.4242668627870027e-14,9.65563239191398e-09,1.1394340680931563e-16,1.34320970159935e-11,1.0083268214701489e-08,2.514441745648223e-08
Random108
Raw:1.5731250871811277e-15,1.023596979911817e-09,4.194624619187363e-13,0.9999999540792174,1.4242668627870027e-14,9.655632391913945e-09,1.1394340680931644e-16,1.3432097015993451e-11,1.0083268214701489e-08,2.514441745648214e-08
EFT:1.5731250871811277e-15,1.0235969799118207e-09,4.1946246191873777e-13,0.9999999540792174,1.4242668627870027e-14,9.65563239191398e-09,1.1394340680931563e-16,1.34320970159935e-11,1.0083268214701489e-08,2.514441745648223e-08
Random109
Raw:1.5731250871811054e-15,1.0235969799118098e-09,4.1946246191873333e-13,0.9999999540792174,1.4242668627869774e-14,9.655632391913877e-09,1.1394340680931482e-16,1.3432097015993356e-11,1.0083268214701381e-08,2.514441745648196e-08
EFT:1.5731250871811277e-15,1.0235969799118207e-09,4.1946246191873777e-13,0.9999999540792174,1.4242668627870027e-14,9.65563239191398e-09,1.1394340680931563e-16,1.34320970159935e-11,1.0083268214701489e-08,2.514441745648223e-08
Random110
Raw:1.5731250871811277e-15,1.0235969799118207e-09,4.194624619187393e-13,0.9999999540792174,1.4242668627869976e-14,9.65563239191398e-09,1.1394340680931644e-16,1.3432097015993546e-11,1.0083268214701489e-08,2.514441745648214e-08
EFT:1.5731250871811277e-15,1.0235969799118207e-09,4.1946246191873777e-13,0.9999999540792174,1.4242668627870027e-14,9.65563239191398e-09,1.1394340680931563e-16,1.34320970159935e-11,1.0083268214701489e-08,2.514441745648223e-08
Random111
Raw:1.5731250871811277e-15,1.0235969799118243e-09,4.194624619187393e-13,0.9999999540792174,1.4242668627870077e-14,9.655632391914047e-09,1.1394340680931644e-16,1.3432097015993546e-11,1.008326821470156e-08,2.5144417456482318e-08
EFT:1.5731250871811277e-15,1.0235969799118207e-09,4.1946246191873777e-13,0.9999999540792174,1.4242668627870027e-14,9.65563239191398e-09,1.1394340680931563e-16,1.34320970159935e-11,1.0083268214701489e-08,2.514441745648223e-08
Random112
Raw:1.5731250871811167e-15,1.023596979911817e-09,4.194624619187363e-13,0.9999999540792174,1.4242668627869926e-14,9.65563239191398e-09,1.1394340680931482e-16,1.3432097015993404e-11,1.0083268214701489e-08,2.514441745648214e-08
EFT:1.5731250871811277e-15,1.0235969799118207e-09,4.1946246191873777e-13,0.9999999540792174,1.4242668627870027e-14,9.65563239191398e-09,1.1394340680931563e-16,1.34320970159935e-11,1.0083268214701489e-08,2.514441745648223e-08
Random113
Raw:1.5731250871811167e-15,1.023596979911817e-09,4.194624619187363e-13,0.9999999540792174,1.4242668627869976e-14,9.655632391913912e-09,1.1394340680931482e-16,1.34320970159935e-11,1.0083268214701452e-08,2.514441745648205e-08
EFT:1.5731250871811277e-15,1.0235969799118207e-09,4.1946246191873777e-13,0.9999999540792174,1.4242668627870027e-14,9.65563239191398e-09,1.1394340680931563e-16,1.34320970159935e-11,1.0083268214701489e-08,2.514441745648223e-08
Random114
Raw:1.5731250871811054e-15,1.0235969799118135e-09,4.194624619187363e-13,0.9999999540792174,1.4242668627869976e-14,9.655632391914014e-09,1.1394340680931644e-16,1.3432097015993404e-11,1.0083268214701452e-08,2.514441745648214e-08
EFT:1.5731250871811277e-15,1.0235969799118207e-09,4.1946246191873777e-13,0.9999999540792174,1.4242668627870027e-14,9.65563239191398e-09,1.1394340680931563e-16,1.34320970159935e-11,1.0083268214701489e-08,2.514441745648223e-08
Random115
Raw:1.5731250871811054e-15,1.023596979911817e-09,4.194624619187363e-13,0.9999999540792174,1.4242668627869976e-14,9.655632391913912e-09,1.1394340680931482e-16,1.3432097015993546e-11,1.0083268214701418e-08,2.514441745648196e-08
EFT:1.5731250871811277e-15,1.0235969799118207e-09,4.1946246191873777e-13,0.9999999540792174,1.4242668627870027e-14,9.65563239191398e-09,1.1394340680931563e-16,1.34320970159935e-11,1.0083268214701489e-08,2.514441745648223e-08
Random116
Raw:1.5731250871811277e-15,1.0235969799118207e-09,4.194624619187393e-13,0.9999999540792174,1.4242668627869976e-14,9.655632391913945e-09,1.1394340680931644e-16,1.34320970159935e-11,1.0083268214701489e-08,2.514441745648223e-08
EFT:1.5731250871811277e-15,1.0235969799118207e-09,4.1946246191873777e-13,0.9999999540792174,1.4242668627870027e-14,9.65563239191398e-09,1.1394340680931563e-16,1.34320970159935e-11,1.0083268214701489e-08,2.514441745648223e-08
Random117
Raw:1.5731250871811277e-15,1.0235969799118207e-09,4.194624619187393e-13,0.9999999540792174,1.4242668627869976e-14,9.65563239191398e-09,1.1394340680931644e-16,1.34320970159935e-11,1.0083268214701489e-08,2.514441745648223e-08
EFT:1.5731250871811277e-15,1.0235969799118207e-09,4.1946246191873777e-13,0.9999999540792174,1.4242668627870077e-14,9.65563239191398e-09,1.1394340680931563e-16,1.34320970159935e-11,1.0083268214701489e-08,2.514441745648223e-08
Random118
Raw:1.5731250871811277e-15,1.0235969799118207e-09,4.194624619187363e-13,0.9999999540792174,1.4242668627870027e-14,9.655632391914014e-09,1.1394340680931644e-16,1.3432097015993451e-11,1.0083268214701525e-08,2.514441745648223e-08
EFT:1.5731250871811277e-15,1.0235969799118207e-09,4.1946246191873777e-13,0.9999999540792174,1.4242668627870027e-14,9.65563239191398e-09,1.1394340680931563e-16,1.34320970159935e-11,1.0083268214701489e-08,2.514441745648223e-08
Random119
Raw:1.5731250871811277e-15,1.0235969799118135e-09,4.194624619187363e-13,0.9999999540792174,1.4242668627870027e-14,9.65563239191398e-09,1.1394340680931644e-16,1.34320970159935e-11,1.0083268214701452e-08,2.514441745648205e-08
EFT:1.5731250871811277e-15,1.0235969799118207e-09,4.1946246191873777e-13,0.9999999540792174,1.4242668627870027e-14,9.65563239191398e-09,1.1394340680931563e-16,1.34320970159935e-11,1.0083268214701489e-08,2.514441745648223e-08
Random120
Raw:1.5731250871811277e-15,1.0235969799118243e-09,4.1946246191874226e-13,0.9999999540792174,1.4242668627870077e-14,9.655632391914014e-09,1.1394340680931644e-16,1.3432097015993595e-11,1.008326821470156e-08,2.514441745648223e-08
EFT:1.5731250871811277e-15,1.0235969799118207e-09,4.1946246191873777e-13,0.9999999540792174,1.4242668627870077e-14,9.65563239191398e-09,1.1394340680931563e-16,1.34320970159935e-11,1.0083268214701489e-08,2.514441745648223e-08
Random121
Raw:1.5731250871811167e-15,1.023596979911817e-09,4.194624619187363e-13,0.9999999540792174,1.4242668627869926e-14,9.655632391913945e-09,1.1394340680931482e-16,1.34320970159935e-11,1.0083268214701452e-08,2.514441745648205e-08
EFT:1.5731250871811277e-15,1.0235969799118207e-09,4.1946246191873777e-13,0.9999999540792174,1.4242668627870027e-14,9.65563239191398e-09,1.1394340680931563e-16,1.34320970159935e-11,1.0083268214701489e-08,2.514441745648223e-08
Random122
Raw:1.5731250871811167e-15,1.023596979911817e-09,4.1946246191873333e-13,0.9999999540792174,1.4242668627869875e-14,9.65563239191398e-09,1.1394340680931482e-16,1.34320970159935e-11,1.0083268214701452e-08,2.514441745648223e-08
EFT:1.5731250871811277e-15,1.0235969799118207e-09,4.1946246191873777e-13,0.9999999540792174,1.4242668627870077e-14,9.65563239191398e-09,1.1394340680931563e-16,1.34320970159935e-11,1.0083268214701489e-08,2.514441745648223e-08
Random123
Raw:1.5731250871811277e-15,1.023596979911817e-09,4.194624619187393e-13,0.9999999540792174,1.4242668627869875e-14,9.65563239191398e-09,1.1394340680931482e-16,1.34320970159935e-11,1.0083268214701489e-08,2.514441745648223e-08
EFT:1.5731250871811277e-15,1.0235969799118207e-09,4.1946246191873777e-13,0.9999999540792174,1.4242668627870027e-14,9.65563239191398e-09,1.1394340680931563e-16,1.34320970159935e-11,1.0083268214701489e-08,2.514441745648223e-08
Random124
Raw:1.5731250871811277e-15,1.0235969799118207e-09,4.194624619187393e-13,0.9999999540792174,1.4242668627869875e-14,9.655632391913945e-09,1.1394340680931644e-16,1.34320970159935e-11,1.0083268214701452e-08,2.514441745648196e-08
EFT:1.5731250871811277e-15,1.0235969799118207e-09,4.1946246191873777e-13,0.9999999540792174,1.4242668627870027e-14,9.65563239191398e-09,1.1394340680931563e-16,1.34320970159935e-11,1.0083268214701489e-08,2.514441745648223e-08
Random125
Raw:1.5731250871811277e-15,1.0235969799118135e-09,4.194624619187363e-13,0.9999999540792174,1.4242668627869976e-14,9.65563239191398e-09,1.1394340680931482e-16,1.3432097015993451e-11,1.0083268214701452e-08,2.514441745648214e-08
EFT:1.5731250871811277e-15,1.0235969799118207e-09,4.1946246191873777e-13,0.9999999540792174,1.4242668627870027e-14,9.65563239191398e-09,1.1394340680931563e-16,1.34320970159935e-11,1.0083268214701489e-08,2.514441745648223e-08
Random126
Raw:1.5731250871811054e-15,1.0235969799118207e-09,4.1946246191873333e-13,0.9999999540792174,1.4242668627869976e-14,9.65563239191398e-09,1.1394340680931482e-16,1.34320970159935e-11,1.0083268214701452e-08,2.514441745648214e-08
EFT:1.5731250871811277e-15,1.0235969799118207e-09,4.1946246191873777e-13,0.9999999540792174,1.4242668627870027e-14,9.65563239191398e-09,1.1394340680931563e-16,1.34320970159935e-11,1.0083268214701489e-08,2.514441745648223e-08
Random127
Raw:1.5731250871811054e-15,1.0235969799118135e-09,4.1946246191873333e-13,0.9999999540792174,1.4242668627869875e-14,9.655632391913945e-09,1.1394340680931482e-16,1.3432097015993404e-11,1.0083268214701418e-08,2.514441745648205e-08
EFT:1.5731250871811277e-15,1.0235969799118207e-09,4.1946246191873777e-13,0.9999999540792174,1.4242668627870027e-14,9.65563239191398e-09,1.1394340680931563e-16,1.34320970159935e-11,1.0083268214701489e-08,2.514441745648223e-08
Random128
Raw:1.573125087181139e-15,1.0235969799118243e-09,4.1946246191874226e-13,0.9999999540792174,1.4242668627870077e-14,9.65563239191398e-09,1.1394340680931644e-16,1.3432097015993595e-11,1.0083268214701525e-08,2.5144417456482318e-08
EFT:1.5731250871811277e-15,1.0235969799118207e-09,4.1946246191873777e-13,0.9999999540792174,1.4242668627870027e-14,9.65563239191398e-09,1.1394340680931563e-16,1.34320970159935e-11,1.0083268214701489e-08,2.514441745648223e-08
Random129
Raw:1.5731250871811277e-15,1.023596979911817e-09,4.194624619187363e-13,0.9999999540792174,1.4242668627869976e-14,9.655632391913945e-09,1.1394340680931644e-16,1.3432097015993451e-11,1.0083268214701452e-08,2.514441745648205e-08
EFT:1.5731250871811277e-15,1.0235969799118207e-09,4.1946246191873777e-13,0.9999999540792174,1.4242668627870077e-14,9.65563239191398e-09,1.1394340680931563e-16,1.34320970159935e-11,1.0083268214701489e-08,2.514441745648223e-08
Random130
Raw:1.5731250871811277e-15,1.0235969799118207e-09,4.1946246191873777e-13,0.9999999540792174,1.4242668627869976e-14,9.65563239191398e-09,1.1394340680931563e-16,1.34320970159935e-11,1.0083268214701525e-08,2.514441745648223e-08
EFT:1.5731250871811277e-15,1.0235969799118207e-09,4.1946246191873777e-13,0.9999999540792174,1.4242668627870077e-14,9.65563239191398e-09,1.1394340680931563e-16,1.34320970159935e-11,1.0083268214701489e-08,2.514441745648223e-08
Random131
Raw:1.5731250871811277e-15,1.0235969799118207e-09,4.1946246191874075e-13,0.9999999540792174,1.4242668627870027e-14,9.655632391914014e-09,1.1394340680931644e-16,1.3432097015993546e-11,1.0083268214701489e-08,2.514441745648214e-08
EFT:1.5731250871811277e-15,1.0235969799118207e-09,4.1946246191873777e-13,0.9999999540792174,1.4242668627870077e-14,9.65563239191398e-09,1.1394340680931563e-16,1.34320970159935e-11,1.0083268214701489e-08,2.514441745648223e-08
Random132
Raw:1.5731250871811277e-15,1.0235969799118243e-09,4.194624619187393e-13,0.9999999540792174,1.4242668627870077e-14,9.65563239191398e-09,1.1394340680931726e-16,1.34320970159935e-11,1.0083268214701489e-08,2.514441745648205e-08
EFT:1.5731250871811277e-15,1.0235969799118207e-09,4.1946246191873777e-13,0.9999999540792174,1.4242668627870027e-14,9.65563239191398e-09,1.1394340680931563e-16,1.34320970159935e-11,1.0083268214701489e-08,2.514441745648223e-08
Random133
Raw:1.5731250871811277e-15,1.0235969799118243e-09,4.194624619187393e-13,0.9999999540792174,1.4242668627869976e-14,9.655632391913945e-09,1.1394340680931482e-16,1.3432097015993595e-11,1.0083268214701452e-08,2.514441745648205e-08
EFT:1.5731250871811277e-15,1.0235969799118207e-09,4.1946246191873777e-13,0.9999999540792174,1.4242668627870027e-14,9.65563239191398e-09,1.1394340680931563e-16,1.34320970159935e-11,1.0083268214701489e-08,2.514441745648223e-08
Random134
Raw:1.5731250871811277e-15,1.023596979911828e-09,4.1946246191873777e-13,0.9999999540792174,1.4242668627870077e-14,9.655632391914082e-09,1.1394340680931644e-16,1.3432097015993595e-11,1.0083268214701489e-08,2.514441745648223e-08
EFT:1.5731250871811277e-15,1.0235969799118207e-09,4.1946246191873777e-13,0.9999999540792174,1.4242668627870027e-14,9.65563239191398e-09,1.1394340680931563e-16,1.34320970159935e-11,1.0083268214701489e-08,2.514441745648223e-08
Random135
Raw:1.5731250871811054e-15,1.0235969799118098e-09,4.1946246191873333e-13,0.9999999540792174,1.4242668627869875e-14,9.655632391913912e-09,1.1394340680931482e-16,1.3432097015993451e-11,1.0083268214701381e-08,2.514441745648205e-08
EFT:1.5731250871811277e-15,1.0235969799118207e-09,4.1946246191873777e-13,0.9999999540792174,1.4242668627870077e-14,9.65563239191398e-09,1.1394340680931563e-16,1.34320970159935e-11,1.0083268214701489e-08,2.514441745648223e-08
Random136
Raw:1.5731250871811054e-15,1.0235969799118098e-09,4.194624619187363e-13,0.9999999540792174,1.4242668627869976e-14,9.655632391913945e-09,1.1394340680931482e-16,1.3432097015993451e-11,1.0083268214701381e-08,2.514441745648205e-08
EFT:1.5731250871811277e-15,1.0235969799118207e-09,4.1946246191873777e-13,0.9999999540792174,1.4242668627870027e-14,9.65563239191398e-09,1.1394340680931563e-16,1.34320970159935e-11,1.0083268214701489e-08,2.514441745648223e-08
Random137
Raw:1.573125087181139e-15,1.0235969799118243e-09,4.194624619187393e-13,0.9999999540792174,1.4242668627870027e-14,9.655632391914047e-09,1.1394340680931644e-16,1.34320970159935e-11,1.008326821470156e-08,2.5144417456482318e-08
EFT:1.5731250871811277e-15,1.0235969799118207e-09,4.1946246191873777e-13,0.9999999540792174,1.4242668627870027e-14,9.65563239191398e-09,1.1394340680931563e-16,1.34320970159935e-11,1.0083268214701489e-08,2.514441745648223e-08
Random138
Raw:1.573125087181139e-15,1.0235969799118243e-09,4.1946246191873777e-13,0.9999999540792174,1.4242668627870077e-14,9.655632391914082e-09,1.1394340680931644e-16,1.3432097015993546e-11,1.008326821470156e-08,2.5144417456482318e-08
EFT:1.5731250871811277e-15,1.0235969799118207e-09,4.1946246191873777e-13,0.9999999540792174,1.4242668627870027e-14,9.65563239191398e-09,1.1394340680931563e-16,1.34320970159935e-11,1.0083268214701489e-08,2.514441745648223e-08
Random139
Raw:1.5731250871811277e-15,1.023596979911817e-09,4.1946246191873777e-13,0.9999999540792174,1.4242668627869976e-14,9.65563239191398e-09,1.1394340680931644e-16,1.34320970159935e-11,1.0083268214701525e-08,2.514441745648223e-08
EFT:1.5731250871811277e-15,1.0235969799118207e-09,4.1946246191873777e-13,0.9999999540792174,1.4242668627870027e-14,9.65563239191398e-09,1.1394340680931563e-16,1.34320970159935e-11,1.0083268214701489e-08,2.514441745648223e-08
Random140
Raw:1.5731250871811277e-15,1.0235969799118207e-09,4.1946246191874226e-13,0.9999999540792174,1.4242668627869976e-14,9.655632391913912e-09,1.1394340680931563e-16,1.3432097015993546e-11,1.0083268214701489e-08,2.514441745648205e-08
EFT:1.5731250871811277e-15,1.0235969799118207e-09,4.1946246191873777e-13,0.9999999540792174,1.4242668627870027e-14,9.65563239191398e-09,1.1394340680931563e-16,1.34320970159935e-11,1.0083268214701489e-08,2.514441745648223e-08
Random141
Raw:1.5731250871811277e-15,1.0235969799118135e-09,4.194624619187363e-13,0.9999999540792174,1.4242668627869875e-14,9.65563239191398e-09,1.1394340680931482e-16,1.34320970159935e-11,1.0083268214701452e-08,2.514441745648205e-08
EFT:1.5731250871811277e-15,1.0235969799118207e-09,4.1946246191873777e-13,0.9999999540792174,1.4242668627870027e-14,9.65563239191398e-09,1.1394340680931563e-16,1.34320970159935e-11,1.0083268214701489e-08,2.514441745648223e-08
Random142
Raw:1.5731250871811167e-15,1.023596979911817e-09,4.194624619187363e-13,0.9999999540792174,1.4242668627870027e-14,9.655632391913945e-09,1.1394340680931563e-16,1.34320970159935e-11,1.0083268214701418e-08,2.514441745648205e-08
EFT:1.5731250871811277e-15,1.0235969799118207e-09,4.1946246191873777e-13,0.9999999540792174,1.4242668627870027e-14,9.65563239191398e-09,1.1394340680931563e-16,1.34320970159935e-11,1.0083268214701489e-08,2.514441745648223e-08
Random143
Raw:1.5731250871811277e-15,1.0235969799118207e-09,4.1946246191874226e-13,0.9999999540792174,1.4242668627869976e-14,9.65563239191398e-09,1.1394340680931644e-16,1.3432097015993546e-11,1.0083268214701489e-08,2.514441745648214e-08
EFT:1.5731250871811277e-15,1.0235969799118207e-09,4.1946246191873777e-13,0.9999999540792174,1.4242668627870027e-14,9.65563239191398e-09,1.1394340680931563e-16,1.34320970159935e-11,1.0083268214701489e-08,2.514441745648223e-08
Random144
Raw:1.5731250871811277e-15,1.0235969799118207e-09,4.194624619187393e-13,0.9999999540792174,1.4242668627869976e-14,9.655632391914014e-09,1.1394340680931482e-16,1.34320970159935e-11,1.0083268214701489e-08,2.514441745648214e-08
EFT:1.5731250871811277e-15,1.0235969799118207e-09,4.1946246191873777e-13,0.9999999540792174,1.4242668627870027e-14,9.65563239191398e-09,1.1394340680931563e-16,1.34320970159935e-11,1.0083268214701489e-08,2.514441745648223e-08
Random145
Raw:1.5731250871811277e-15,1.0235969799118135e-09,4.1946246191873777e-13,0.9999999540792174,1.4242668627869926e-14,9.655632391913912e-09,1.1394340680931644e-16,1.3432097015993451e-11,1.0083268214701489e-08,2.514441745648214e-08
EFT:1.5731250871811277e-15,1.0235969799118207e-09,4.1946246191873777e-13,0.9999999540792174,1.4242668627870027e-14,9.65563239191398e-09,1.1394340680931563e-16,1.34320970159935e-11,1.0083268214701489e-08,2.514441745648223e-08
Random146
Raw:1.573125087181139e-15,1.0235969799118243e-09,4.1946246191874075e-13,0.9999999540792174,1.4242668627870128e-14,9.655632391914014e-09,1.1394340680931644e-16,1.34320970159935e-11,1.008326821470156e-08,2.514441745648223e-08
EFT:1.5731250871811277e-15,1.0235969799118207e-09,4.1946246191873777e-13,0.9999999540792174,1.4242668627870077e-14,9.65563239191398e-09,1.1394340680931563e-16,1.34320970159935e-11,1.0083268214701489e-08,2.514441745648223e-08
Random147
Raw:1.5731250871811277e-15,1.0235969799118243e-09,4.194624619187393e-13,0.9999999540792174,1.4242668627870077e-14,9.655632391914014e-09,1.1394340680931644e-16,1.3432097015993642e-11,1.0083268214701525e-08,2.5144417456482318e-08
EFT:1.5731250871811277e-15,1.0235969799118207e-09,4.1946246191873777e-13,0.9999999540792174,1.4242668627870027e-14,9.65563239191398e-09,1.1394340680931563e-16,1.34320970159935e-11,1.0083268214701489e-08,2.514441745648223e-08
Random148
Raw:1.5731250871811277e-15,1.023596979911828e-09,4.1946246191874226e-13,0.9999999540792174,1.4242668627870077e-14,9.655632391914014e-09,1.1394340680931644e-16,1.3432097015993546e-11,1.0083268214701525e-08,2.5144417456482318e-08
EFT:1.5731250871811277e-15,1.0235969799118207e-09,4.1946246191873777e-13,0.9999999540792174,1.4242668627870027e-14,9.65563239191398e-09,1.1394340680931563e-16,1.34320970159935e-11,1.0083268214701489e-08,2.514441745648223e-08
Random149
Raw:1.5731250871811277e-15,1.0235969799118243e-09,4.194624619187393e-13,0.9999999540792174,1.4242668627870077e-14,9.65563239191398e-09,1.1394340680931644e-16,1.3432097015993595e-11,1.0083268214701489e-08,2.514441745648223e-08
EFT:1.5731250871811277e-15,1.0235969799118207e-09,4.1946246191873777e-13,0.9999999540792174,1.4242668627870077e-14,9.65563239191398e-09,1.1394340680931563e-16,1.34320970159935e-11,1.0083268214701489e-08,2.514441745648223e-08
Random150
Raw:1.5731250871811167e-15,1.023596979911817e-09,4.194624619187393e-13,0.9999999540792174,1.4242668627869976e-14,9.655632391913945e-09,1.1394340680931563e-16,1.3432097015993451e-11,1.0083268214701452e-08,2.514441745648196e-08
EFT:1.5731250871811277e-15,1.0235969799118207e-09,4.1946246191873777e-13,0.9999999540792174,1.4242668627870027e-14,9.65563239191398e-09,1.1394340680931563e-16,1.34320970159935e-11,1.0083268214701489e-08,2.514441745648223e-08
Random151
Raw:1.5731250871811277e-15,1.0235969799118207e-09,4.194624619187393e-13,0.9999999540792174,1.4242668627870077e-14,9.65563239191398e-09,1.1394340680931482e-16,1.3432097015993546e-11,1.0083268214701525e-08,2.514441745648223e-08
EFT:1.5731250871811277e-15,1.0235969799118207e-09,4.1946246191873777e-13,0.9999999540792174,1.4242668627870027e-14,9.65563239191398e-09,1.1394340680931563e-16,1.34320970159935e-11,1.0083268214701489e-08,2.514441745648223e-08
Random152
Raw:1.5731250871811167e-15,1.0235969799118207e-09,4.194624619187363e-13,0.9999999540792174,1.4242668627870077e-14,9.655632391914014e-09,1.1394340680931482e-16,1.3432097015993451e-11,1.0083268214701489e-08,2.514441745648223e-08
EFT:1.5731250871811277e-15,1.0235969799118207e-09,4.1946246191873777e-13,0.9999999540792174,1.4242668627870027e-14,9.65563239191398e-09,1.1394340680931563e-16,1.34320970159935e-11,1.0083268214701489e-08,2.514441745648223e-08
Random153
Raw:1.5731250871811277e-15,1.0235969799118207e-09,4.194624619187393e-13,0.9999999540792174,1.4242668627870077e-14,9.65563239191398e-09,1.1394340680931644e-16,1.3432097015993546e-11,1.0083268214701489e-08,2.514441745648223e-08
EFT:1.5731250871811277e-15,1.0235969799118207e-09,4.1946246191873777e-13,0.9999999540792174,1.4242668627870027e-14,9.65563239191398e-09,1.1394340680931563e-16,1.34320970159935e-11,1.0083268214701489e-08,2.514441745648223e-08
Random154
Raw:1.5731250871811277e-15,1.0235969799118243e-09,4.194624619187393e-13,0.9999999540792174,1.4242668627870128e-14,9.655632391914014e-09,1.1394340680931644e-16,1.3432097015993595e-11,1.0083268214701525e-08,2.5144417456482318e-08
EFT:1.5731250871811277e-15,1.0235969799118207e-09,4.1946246191873777e-13,0.9999999540792174,1.4242668627870077e-14,9.65563239191398e-09,1.1394340680931563e-16,1.34320970159935e-11,1.0083268214701489e-08,2.514441745648223e-08
Random155
Raw:1.5731250871811277e-15,1.0235969799118207e-09,4.1946246191874075e-13,0.9999999540792174,1.4242668627870077e-14,9.65563239191398e-09,1.1394340680931644e-16,1.3432097015993546e-11,1.0083268214701489e-08,2.514441745648214e-08
EFT:1.5731250871811277e-15,1.0235969799118207e-09,4.1946246191873777e-13,0.9999999540792174,1.4242668627870077e-14,9.65563239191398e-09,1.1394340680931563e-16,1.34320970159935e-11,1.0083268214701489e-08,2.514441745648223e-08
Random156
Raw:1.5731250871811277e-15,1.023596979911817e-09,4.194624619187393e-13,0.9999999540792174,1.4242668627869926e-14,9.65563239191398e-09,1.1394340680931644e-16,1.3432097015993546e-11,1.0083268214701489e-08,2.514441745648214e-08
EFT:1.5731250871811277e-15,1.0235969799118207e-09,4.1946246191873777e-13,0.9999999540792174,1.4242668627870027e-14,9.65563239191398e-09,1.1394340680931563e-16,1.34320970159935e-11,1.0083268214701489e-08,2.514441745648223e-08
Random157
Raw:1.5731250871811277e-15,1.0235969799118207e-09,4.194624619187393e-13,0.9999999540792174,1.4242668627870077e-14,9.655632391914014e-09,1.1394340680931644e-16,1.34320970159935e-11,1.0083268214701525e-08,2.514441745648223e-08
EFT:1.5731250871811277e-15,1.0235969799118207e-09,4.1946246191873777e-13,0.9999999540792174,1.4242668627870077e-14,9.65563239191398e-09,1.1394340680931563e-16,1.34320970159935e-11,1.0083268214701489e-08,2.514441745648223e-08
Random158
Raw:1.5731250871811054e-15,1.0235969799118135e-09,4.1946246191873777e-13,0.9999999540792174,1.4242668627869926e-14,9.655632391913945e-09,1.1394340680931482e-16,1.34320970159935e-11,1.0083268214701452e-08,2.514441745648205e-08
EFT:1.5731250871811277e-15,1.0235969799118207e-09,4.1946246191873777e-13,0.9999999540792174,1.4242668627870027e-14,9.65563239191398e-09,1.1394340680931563e-16,1.34320970159935e-11,1.0083268214701489e-08,2.514441745648223e-08
Random159
Raw:1.5731250871811277e-15,1.0235969799118207e-09,4.194624619187393e-13,0.9999999540792174,1.4242668627869976e-14,9.655632391914014e-09,1.1394340680931644e-16,1.34320970159935e-11,1.0083268214701489e-08,2.5144417456482318e-08
EFT:1.5731250871811277e-15,1.0235969799118207e-09,4.1946246191873777e-13,0.9999999540792174,1.4242668627870027e-14,9.65563239191398e-09,1.1394340680931563e-16,1.34320970159935e-11,1.0083268214701489e-08,2.514441745648223e-08
Random160
Raw:1.5731250871811277e-15,1.0235969799118243e-09,4.194624619187393e-13,0.9999999540792174,1.4242668627870027e-14,9.655632391913945e-09,1.1394340680931644e-16,1.3432097015993595e-11,1.0083268214701489e-08,2.514441745648214e-08
EFT:1.5731250871811277e-15,1.0235969799118207e-09,4.1946246191873777e-13,0.9999999540792174,1.4242668627870027e-14,9.65563239191398e-09,1.1394340680931563e-16,1.34320970159935e-11,1.0083268214701489e-08,2.514441745648223e-08
Random161
Raw:1.5731250871811502e-15,1.0235969799118207e-09,4.1946246191874226e-13,0.9999999540792174,1.4242668627870027e-14,9.655632391914014e-09,1.1394340680931644e-16,1.3432097015993595e-11,1.008326821470156e-08,2.514441745648214e-08
EFT:1.5731250871811277e-15,1.0235969799118207e-09,4.1946246191873777e-13,0.9999999540792174,1.4242668627870027e-14,9.65563239191398e-09,1.1394340680931563e-16,1.34320970159935e-11,1.0083268214701489e-08,2.514441745648223e-08
Random162
Raw:1.5731250871811277e-15,1.0235969799118135e-09,4.194624619187348e-13,0.9999999540792174,1.4242668627869976e-14,9.65563239191398e-09,1.1394340680931482e-16,1.3432097015993451e-11,1.0083268214701452e-08,2.514441745648214e-08
EFT:1.5731250871811277e-15,1.0235969799118207e-09,4.1946246191873777e-13,0.9999999540792174,1.4242668627870027e-14,9.65563239191398e-09,1.1394340680931563e-16,1.34320970159935e-11,1.0083268214701489e-08,2.514441745648223e-08
Random163
Raw:1.573125087181139e-15,1.0235969799118243e-09,4.1946246191874075e-13,0.9999999540792174,1.4242668627870077e-14,9.655632391914014e-09,1.1394340680931644e-16,1.3432097015993546e-11,1.0083268214701489e-08,2.514441745648223e-08
EFT:1.5731250871811277e-15,1.0235969799118207e-09,4.1946246191873777e-13,0.9999999540792174,1.4242668627870027e-14,9.65563239191398e-09,1.1394340680931563e-16,1.34320970159935e-11,1.0083268214701489e-08,2.514441745648223e-08
Random164
Raw:1.5731250871811054e-15,1.0235969799118098e-09,4.194624619187363e-13,0.9999999540792174,1.4242668627869875e-14,9.655632391913912e-09,1.1394340680931482e-16,1.3432097015993451e-11,1.0083268214701418e-08,2.514441745648205e-08
EFT:1.5731250871811277e-15,1.0235969799118207e-09,4.1946246191873777e-13,0.9999999540792174,1.4242668627870027e-14,9.65563239191398e-09,1.1394340680931563e-16,1.34320970159935e-11,1.0083268214701489e-08,2.514441745648223e-08
Random165
Raw:1.5731250871811277e-15,1.0235969799118243e-09,4.1946246191874075e-13,0.9999999540792174,1.4242668627870077e-14,9.655632391914014e-09,1.1394340680931644e-16,1.3432097015993595e-11,1.008326821470156e-08,2.5144417456482318e-08
EFT:1.5731250871811277e-15,1.0235969799118207e-09,4.1946246191873777e-13,0.9999999540792174,1.4242668627870027e-14,9.65563239191398e-09,1.1394340680931563e-16,1.34320970159935e-11,1.0083268214701489e-08,2.514441745648223e-08
Random166
Raw:1.5731250871811277e-15,1.023596979911817e-09,4.1946246191873777e-13,0.9999999540792174,1.4242668627869976e-14,9.65563239191398e-09,1.1394340680931482e-16,1.34320970159935e-11,1.0083268214701418e-08,2.514441745648196e-08
EFT:1.5731250871811277e-15,1.0235969799118207e-09,4.1946246191873777e-13,0.9999999540792174,1.4242668627870077e-14,9.65563239191398e-09,1.1394340680931563e-16,1.34320970159935e-11,1.0083268214701489e-08,2.514441745648223e-08
Random167
Raw:1.5731250871811167e-15,1.0235969799118135e-09,4.194624619187363e-13,0.9999999540792174,1.4242668627869875e-14,9.655632391913912e-09,1.1394340680931482e-16,1.3432097015993451e-11,1.0083268214701418e-08,2.514441745648196e-08
EFT:1.5731250871811277e-15,1.0235969799118207e-09,4.1946246191873777e-13,0.9999999540792174,1.4242668627870077e-14,9.65563239191398e-09,1.1394340680931563e-16,1.34320970159935e-11,1.0083268214701489e-08,2.514441745648223e-08
Random168
Raw:1.5731250871811277e-15,1.0235969799118207e-09,4.194624619187363e-13,0.9999999540792174,1.4242668627869976e-14,9.655632391914014e-09,1.1394340680931644e-16,1.34320970159935e-11,1.0083268214701525e-08,2.514441745648223e-08
EFT:1.5731250871811277e-15,1.0235969799118207e-09,4.1946246191873777e-13,0.9999999540792174,1.4242668627870077e-14,9.65563239191398e-09,1.1394340680931563e-16,1.34320970159935e-11,1.0083268214701489e-08,2.514441745648223e-08
Random169
Raw:1.5731250871811277e-15,1.0235969799118207e-09,4.1946246191873777e-13,0.9999999540792174,1.4242668627870077e-14,9.65563239191398e-09,1.1394340680931482e-16,1.3432097015993546e-11,1.0083268214701489e-08,2.514441745648214e-08
EFT:1.5731250871811277e-15,1.0235969799118207e-09,4.1946246191873777e-13,0.9999999540792174,1.4242668627870027e-14,9.65563239191398e-09,1.1394340680931563e-16,1.34320970159935e-11,1.0083268214701489e-08,2.514441745648223e-08
Random170
Raw:1.5731250871811167e-15,1.0235969799118135e-09,4.194624619187363e-13,0.9999999540792174,1.4242668627869875e-14,9.655632391913912e-09,1.1394340680931563e-16,1.3432097015993451e-11,1.0083268214701381e-08,2.514441745648196e-08
EFT:1.5731250871811277e-15,1.0235969799118207e-09,4.1946246191873777e-13,0.9999999540792174,1.4242668627870077e-14,9.65563239191398e-09,1.1394340680931563e-16,1.34320970159935e-11,1.0083268214701489e-08,2.514441745648223e-08
Random171
Raw:1.5731250871811277e-15,1.023596979911817e-09,4.194624619187363e-13,0.9999999540792174,1.4242668627869926e-14,9.65563239191398e-09,1.1394340680931482e-16,1.34320970159935e-11,1.0083268214701452e-08,2.514441745648205e-08
EFT:1.5731250871811277e-15,1.0235969799118207e-09,4.1946246191873777e-13,0.9999999540792174,1.4242668627870027e-14,9.65563239191398e-09,1.1394340680931563e-16,1.34320970159935e-11,1.0083268214701489e-08,2.514441745648223e-08
Random172
Raw:1.5731250871811502e-15,1.0235969799118207e-09,4.1946246191874226e-13,0.9999999540792174,1.4242668627870077e-14,9.655632391914014e-09,1.1394340680931644e-16,1.3432097015993546e-11,1.008326821470156e-08,2.514441745648223e-08
EFT:1.5731250871811277e-15,1.0235969799118207e-09,4.1946246191873777e-13,0.9999999540792174,1.4242668627870027e-14,9.65563239191398e-09,1.1394340680931563e-16,1.34320970159935e-11,1.0083268214701489e-08,2.514441745648223e-08
Random173
Raw:1.5731250871811167e-15,1.023596979911817e-09,4.194624619187363e-13,0.9999999540792174,1.4242668627869976e-14,9.655632391913945e-09,1.1394340680931482e-16,1.34320970159935e-11,1.0083268214701452e-08,2.514441745648214e-08
EFT:1.5731250871811277e-15,1.0235969799118207e-09,4.1946246191873777e-13,0.9999999540792174,1.4242668627870027e-14,9.65563239191398e-09,1.1394340680931563e-16,1.34320970159935e-11,1.0083268214701489e-08,2.514441745648223e-08
Random174
Raw:1.5731250871811277e-15,1.0235969799118207e-09,4.1946246191874075e-13,0.9999999540792174,1.4242668627869976e-14,9.65563239191398e-09,1.1394340680931644e-16,1.34320970159935e-11,1.0083268214701489e-08,2.514441745648214e-08
EFT:1.5731250871811277e-15,1.0235969799118207e-09,4.1946246191873777e-13,0.9999999540792174,1.4242668627870027e-14,9.65563239191398e-09,1.1394340680931563e-16,1.34320970159935e-11,1.0083268214701489e-08,2.514441745648223e-08
Random175
Raw:1.5731250871811277e-15,1.0235969799118243e-09,4.1946246191873777e-13,0.9999999540792174,1.4242668627869976e-14,9.655632391914047e-09,1.1394340680931644e-16,1.3432097015993595e-11,1.0083268214701525e-08,2.5144417456482318e-08
EFT:1.5731250871811277e-15,1.0235969799118207e-09,4.1946246191873777e-13,0.9999999540792174,1.4242668627870077e-14,9.65563239191398e-09,1.1394340680931563e-16,1.34320970159935e-11,1.0083268214701489e-08,2.514441745648223e-08
Random176
Raw:1.5731250871811502e-15,1.023596979911828e-09,4.1946246191874373e-13,0.9999999540792174,1.4242668627870128e-14,9.655632391914047e-09,1.1394340680931726e-16,1.3432097015993642e-11,1.008326821470156e-08,2.5144417456482318e-08
EFT:1.5731250871811277e-15,1.0235969799118207e-09,4.1946246191873777e-13,0.9999999540792174,1.4242668627870027e-14,9.65563239191398e-09,1.1394340680931563e-16,1.34320970159935e-11,1.0083268214701489e-08,2.514441745648223e-08
Random177
Raw:1.573125087181139e-15,1.0235969799118243e-09,4.1946246191874226e-13,0.9999999540792174,1.4242668627870077e-14,9.655632391914047e-09,1.1394340680931644e-16,1.3432097015993595e-11,1.0083268214701525e-08,2.514441745648223e-08
EFT:1.5731250871811277e-15,1.0235969799118207e-09,4.1946246191873777e-13,0.9999999540792174,1.4242668627870077e-14,9.65563239191398e-09,1.1394340680931563e-16,1.34320970159935e-11,1.0083268214701489e-08,2.514441745648223e-08
Random178
Raw:1.5731250871811277e-15,1.023596979911817e-09,4.194624619187363e-13,0.9999999540792174,1.4242668627869976e-14,9.65563239191398e-09,1.1394340680931482e-16,1.34320970159935e-11,1.0083268214701418e-08,2.514441745648205e-08
EFT:1.5731250871811277e-15,1.0235969799118207e-09,4.1946246191873777e-13,0.9999999540792174,1.4242668627870077e-14,9.65563239191398e-09,1.1394340680931563e-16,1.34320970159935e-11,1.0083268214701489e-08,2.514441745648223e-08
Random179
Raw:1.5731250871811167e-15,1.0235969799118207e-09,4.194624619187393e-13,0.9999999540792174,1.4242668627869976e-14,9.655632391914014e-09,1.1394340680931644e-16,1.3432097015993546e-11,1.0083268214701489e-08,2.514441745648214e-08
EFT:1.5731250871811277e-15,1.0235969799118207e-09,4.1946246191873777e-13,0.9999999540792174,1.4242668627870027e-14,9.65563239191398e-09,1.1394340680931563e-16,1.34320970159935e-11,1.0083268214701489e-08,2.514441745648223e-08
Random180
Raw:1.5731250871811054e-15,1.0235969799118135e-09,4.194624619187363e-13,0.9999999540792174,1.4242668627869875e-14,9.655632391913912e-09,1.1394340680931482e-16,1.3432097015993451e-11,1.0083268214701418e-08,2.514441745648196e-08
EFT:1.5731250871811277e-15,1.0235969799118207e-09,4.1946246191873777e-13,0.9999999540792174,1.4242668627870027e-14,9.65563239191398e-09,1.1394340680931563e-16,1.34320970159935e-11,1.0083268214701489e-08,2.514441745648223e-08
Random181
Raw:1.5731250871811277e-15,1.0235969799118207e-09,4.194624619187393e-13,0.9999999540792174,1.4242668627870077e-14,9.655632391914014e-09,1.1394340680931644e-16,1.34320970159935e-11,1.0083268214701489e-08,2.514441745648223e-08
EFT:1.5731250871811277e-15,1.0235969799118207e-09,4.1946246191873777e-13,0.9999999540792174,1.4242668627870027e-14,9.65563239191398e-09,1.1394340680931563e-16,1.34320970159935e-11,1.0083268214701489e-08,2.514441745648223e-08
Random182
Raw:1.5731250871811167e-15,1.0235969799118135e-09,4.194624619187363e-13,0.9999999540792174,1.4242668627869976e-14,9.655632391913912e-09,1.1394340680931482e-16,1.3432097015993451e-11,1.0083268214701418e-08,2.514441745648196e-08
EFT:1.5731250871811277e-15,1.0235969799118207e-09,4.1946246191873777e-13,0.9999999540792174,1.4242668627870027e-14,9.65563239191398e-09,1.1394340680931563e-16,1.34320970159935e-11,1.0083268214701489e-08,2.514441745648223e-08
Random183
Raw:1.5731250871811277e-15,1.0235969799118243e-09,4.194624619187393e-13,0.9999999540792174,1.4242668627870077e-14,9.655632391914047e-09,1.1394340680931644e-16,1.3432097015993595e-11,1.0083268214701525e-08,2.5144417456482318e-08
EFT:1.5731250871811277e-15,1.0235969799118207e-09,4.1946246191873777e-13,0.9999999540792174,1.4242668627870027e-14,9.65563239191398e-09,1.1394340680931563e-16,1.34320970159935e-11,1.0083268214701489e-08,2.514441745648223e-08
Random184
Raw:1.5731250871811167e-15,1.0235969799118207e-09,4.194624619187363e-13,0.9999999540792174,1.4242668627869926e-14,9.655632391914014e-09,1.1394340680931563e-16,1.34320970159935e-11,1.0083268214701489e-08,2.514441745648223e-08
EFT:1.5731250871811277e-15,1.0235969799118207e-09,4.1946246191873777e-13,0.9999999540792174,1.4242668627870027e-14,9.65563239191398e-09,1.1394340680931563e-16,1.34320970159935e-11,1.0083268214701489e-08,2.514441745648223e-08
Random185
Raw:1.5731250871811277e-15,1.0235969799118135e-09,4.194624619187393e-13,0.9999999540792174,1.4242668627869926e-14,9.655632391913912e-09,1.1394340680931644e-16,1.34320970159935e-11,1.0083268214701452e-08,2.514441745648205e-08
EFT:1.5731250871811277e-15,1.0235969799118207e-09,4.1946246191873777e-13,0.9999999540792174,1.4242668627870077e-14,9.65563239191398e-09,1.1394340680931563e-16,1.34320970159935e-11,1.0083268214701489e-08,2.514441745648223e-08
Random186
Raw:1.573125087181139e-15,1.0235969799118207e-09,4.1946246191873777e-13,0.9999999540792174,1.4242668627870077e-14,9.65563239191398e-09,1.1394340680931644e-16,1.3432097015993595e-11,1.0083268214701489e-08,2.514441745648214e-08
EFT:1.5731250871811277e-15,1.0235969799118207e-09,4.1946246191873777e-13,0.9999999540792174,1.4242668627870027e-14,9.65563239191398e-09,1.1394340680931563e-16,1.34320970159935e-11,1.0083268214701489e-08,2.514441745648223e-08
Random187
Raw:1.5731250871811277e-15,1.023596979911817e-09,4.194624619187363e-13,0.9999999540792174,1.4242668627870027e-14,9.65563239191398e-09,1.1394340680931482e-16,1.3432097015993451e-11,1.0083268214701489e-08,2.514441745648223e-08
EFT:1.5731250871811277e-15,1.0235969799118207e-09,4.1946246191873777e-13,0.9999999540792174,1.4242668627870027e-14,9.65563239191398e-09,1.1394340680931563e-16,1.34320970159935e-11,1.0083268214701489e-08,2.514441745648223e-08
Random188
Raw:1.5731250871811054e-15,1.0235969799118135e-09,4.1946246191873333e-13,0.9999999540792174,1.4242668627869875e-14,9.655632391913945e-09,1.1394340680931563e-16,1.3432097015993404e-11,1.0083268214701418e-08,2.514441745648205e-08
EFT:1.5731250871811277e-15,1.0235969799118207e-09,4.1946246191873777e-13,0.9999999540792174,1.4242668627870027e-14,9.65563239191398e-09,1.1394340680931563e-16,1.34320970159935e-11,1.0083268214701489e-08,2.514441745648223e-08
Random189
Raw:1.5731250871811277e-15,1.0235969799118207e-09,4.194624619187393e-13,0.9999999540792174,1.4242668627869976e-14,9.65563239191398e-09,1.1394340680931644e-16,1.34320970159935e-11,1.0083268214701489e-08,2.514441745648214e-08
EFT:1.5731250871811277e-15,1.0235969799118207e-09,4.1946246191873777e-13,0.9999999540792174,1.4242668627870077e-14,9.65563239191398e-09,1.1394340680931563e-16,1.34320970159935e-11,1.0083268214701489e-08,2.514441745648223e-08
Random190
Raw:1.5731250871811054e-15,1.023596979911817e-09,4.194624619187363e-13,0.9999999540792174,1.4242668627869875e-14,9.655632391913945e-09,1.1394340680931482e-16,1.3432097015993451e-11,1.0083268214701452e-08,2.514441745648205e-08
EFT:1.5731250871811277e-15,1.0235969799118207e-09,4.1946246191873777e-13,0.9999999540792174,1.4242668627870027e-14,9.65563239191398e-09,1.1394340680931563e-16,1.34320970159935e-11,1.0083268214701489e-08,2.514441745648223e-08
Random191
Raw:1.5731250871811167e-15,1.0235969799118135e-09,4.194624619187363e-13,0.9999999540792174,1.4242668627869926e-14,9.655632391913912e-09,1.1394340680931482e-16,1.3432097015993404e-11,1.0083268214701418e-08,2.514441745648196e-08
EFT:1.5731250871811277e-15,1.0235969799118207e-09,4.1946246191873777e-13,0.9999999540792174,1.4242668627870027e-14,9.65563239191398e-09,1.1394340680931563e-16,1.34320970159935e-11,1.0083268214701489e-08,2.514441745648223e-08
Random192
Raw:1.5731250871811277e-15,1.0235969799118207e-09,4.194624619187393e-13,0.9999999540792174,1.4242668627870027e-14,9.655632391913945e-09,1.1394340680931563e-16,1.3432097015993546e-11,1.0083268214701489e-08,2.514441745648205e-08
EFT:1.5731250871811277e-15,1.0235969799118207e-09,4.1946246191873777e-13,0.9999999540792174,1.4242668627870027e-14,9.65563239191398e-09,1.1394340680931563e-16,1.34320970159935e-11,1.0083268214701489e-08,2.514441745648223e-08
Random193
Raw:1.5731250871811277e-15,1.0235969799118135e-09,4.194624619187363e-13,0.9999999540792174,1.4242668627869976e-14,9.655632391913945e-09,1.1394340680931482e-16,1.3432097015993404e-11,1.0083268214701418e-08,2.514441745648205e-08
EFT:1.5731250871811277e-15,1.0235969799118207e-09,4.1946246191873777e-13,0.9999999540792174,1.4242668627870027e-14,9.65563239191398e-09,1.1394340680931563e-16,1.34320970159935e-11,1.0083268214701489e-08,2.514441745648223e-08
Random194
Raw:1.5731250871811277e-15,1.0235969799118243e-09,4.194624619187363e-13,0.9999999540792174,1.4242668627869976e-14,9.65563239191398e-09,1.1394340680931563e-16,1.34320970159935e-11,1.0083268214701489e-08,2.514441745648214e-08
EFT:1.5731250871811277e-15,1.0235969799118207e-09,4.1946246191873777e-13,0.9999999540792174,1.4242668627870027e-14,9.65563239191398e-09,1.1394340680931563e-16,1.34320970159935e-11,1.0083268214701489e-08,2.514441745648223e-08
Random195
Raw:1.5731250871811054e-15,1.0235969799118135e-09,4.194624619187363e-13,0.9999999540792174,1.4242668627869875e-14,9.655632391913912e-09,1.1394340680931482e-16,1.34320970159935e-11,1.0083268214701381e-08,2.514441745648196e-08
EFT:1.5731250871811277e-15,1.0235969799118207e-09,4.1946246191873777e-13,0.9999999540792174,1.4242668627870027e-14,9.65563239191398e-09,1.1394340680931563e-16,1.34320970159935e-11,1.0083268214701489e-08,2.514441745648223e-08
Random196
Raw:1.5731250871811054e-15,1.0235969799118207e-09,4.1946246191873333e-13,0.9999999540792174,1.4242668627869976e-14,9.65563239191398e-09,1.1394340680931563e-16,1.34320970159935e-11,1.0083268214701418e-08,2.514441745648205e-08
EFT:1.5731250871811277e-15,1.0235969799118207e-09,4.1946246191873777e-13,0.9999999540792174,1.4242668627870027e-14,9.65563239191398e-09,1.1394340680931563e-16,1.34320970159935e-11,1.0083268214701489e-08,2.514441745648223e-08
Random197
Raw:1.5731250871811277e-15,1.023596979911817e-09,4.194624619187348e-13,0.9999999540792174,1.4242668627869976e-14,9.65563239191398e-09,1.1394340680931482e-16,1.3432097015993451e-11,1.0083268214701452e-08,2.514441745648214e-08
EFT:1.5731250871811277e-15,1.0235969799118207e-09,4.1946246191873777e-13,0.9999999540792174,1.4242668627870027e-14,9.65563239191398e-09,1.1394340680931563e-16,1.34320970159935e-11,1.0083268214701489e-08,2.514441745648223e-08
Random198
Raw:1.5731250871811277e-15,1.023596979911817e-09,4.194624619187393e-13,0.9999999540792174,1.4242668627870027e-14,9.655632391914014e-09,1.1394340680931563e-16,1.3432097015993546e-11,1.0083268214701489e-08,2.514441745648223e-08
EFT:1.5731250871811277e-15,1.0235969799118207e-09,4.1946246191873777e-13,0.9999999540792174,1.4242668627870027e-14,9.65563239191398e-09,1.1394340680931563e-16,1.34320970159935e-11,1.0083268214701489e-08,2.514441745648223e-08
Random199
Raw:1.5731250871811277e-15,1.0235969799118243e-09,4.194624619187393e-13,0.9999999540792174,1.4242668627870128e-14,9.655632391914047e-09,1.1394340680931644e-16,1.3432097015993546e-11,1.0083268214701525e-08,2.514441745648223e-08
EFT:1.5731250871811277e-15,1.0235969799118207e-09,4.1946246191873777e-13,0.9999999540792174,1.4242668627870027e-14,9.65563239191398e-09,1.1394340680931563e-16,1.34320970159935e-11,1.0083268214701489e-08,2.514441745648223e-08
Random200
Raw:1.5731250871811167e-15,1.023596979911817e-09,4.194624619187363e-13,0.9999999540792174,1.4242668627869976e-14,9.655632391913945e-09,1.1394340680931563e-16,1.34320970159935e-11,1.0083268214701418e-08,2.514441745648205e-08
EFT:1.5731250871811277e-15,1.0235969799118207e-09,4.1946246191873777e-13,0.9999999540792174,1.4242668627870027e-14,9.65563239191398e-09,1.1394340680931563e-16,1.34320970159935e-11,1.0083268214701489e-08,2.514441745648223e-08
Random201
Raw:1.5731250871811167e-15,1.0235969799118135e-09,4.194624619187348e-13,0.9999999540792174,1.4242668627869976e-14,9.655632391913945e-09,1.1394340680931482e-16,1.3432097015993451e-11,1.0083268214701418e-08,2.514441745648205e-08
EFT:1.5731250871811277e-15,1.0235969799118207e-09,4.1946246191873777e-13,0.9999999540792174,1.4242668627870027e-14,9.65563239191398e-09,1.1394340680931563e-16,1.34320970159935e-11,1.0083268214701489e-08,2.514441745648223e-08
Random202
Raw:1.5731250871811277e-15,1.0235969799118207e-09,4.194624619187393e-13,0.9999999540792174,1.4242668627870077e-14,9.655632391914014e-09,1.1394340680931644e-16,1.3432097015993546e-11,1.0083268214701489e-08,2.514441745648214e-08
EFT:1.5731250871811277e-15,1.0235969799118207e-09,4.1946246191873777e-13,0.9999999540792174,1.4242668627870077e-14,9.65563239191398e-09,1.1394340680931563e-16,1.34320970159935e-11,1.0083268214701489e-08,2.514441745648223e-08
Random203
Raw:1.5731250871811277e-15,1.023596979911817e-09,4.194624619187363e-13,0.9999999540792174,1.4242668627869976e-14,9.65563239191398e-09,1.1394340680931482e-16,1.34320970159935e-11,1.0083268214701418e-08,2.514441745648205e-08
EFT:1.5731250871811277e-15,1.0235969799118207e-09,4.1946246191873777e-13,0.9999999540792174,1.4242668627870027e-14,9.65563239191398e-09,1.1394340680931563e-16,1.34320970159935e-11,1.0083268214701489e-08,2.514441745648223e-08
Random204
Raw:1.5731250871811054e-15,1.0235969799118135e-09,4.194624619187363e-13,0.9999999540792174,1.4242668627869926e-14,9.655632391913945e-09,1.1394340680931482e-16,1.3432097015993404e-11,1.0083268214701418e-08,2.514441745648205e-08
EFT:1.5731250871811277e-15,1.0235969799118207e-09,4.1946246191873777e-13,0.9999999540792174,1.4242668627870027e-14,9.65563239191398e-09,1.1394340680931563e-16,1.34320970159935e-11,1.0083268214701489e-08,2.514441745648223e-08
Random205
Raw:1.5731250871811054e-15,1.0235969799118098e-09,4.194624619187348e-13,0.9999999540792174,1.4242668627869774e-14,9.655632391913877e-09,1.1394340680931403e-16,1.3432097015993404e-11,1.0083268214701381e-08,2.514441745648187e-08
EFT:1.5731250871811277e-15,1.0235969799118207e-09,4.1946246191873777e-13,0.9999999540792174,1.4242668627870027e-14,9.65563239191398e-09,1.1394340680931563e-16,1.34320970159935e-11,1.0083268214701489e-08,2.514441745648223e-08
Random206
Raw:1.5731250871811277e-15,1.0235969799118243e-09,4.194624619187393e-13,0.9999999540792174,1.4242668627870077e-14,9.655632391914047e-09,1.1394340680931644e-16,1.3432097015993595e-11,1.0083268214701525e-08,2.5144417456482318e-08
EFT:1.5731250871811277e-15,1.0235969799118207e-09,4.1946246191873777e-13,0.9999999540792174,1.4242668627870077e-14,9.65563239191398e-09,1.1394340680931563e-16,1.34320970159935e-11,1.0083268214701489e-08,2.514441745648223e-08
Random207
Raw:1.5731250871811277e-15,1.023596979911817e-09,4.1946246191873777e-13,0.9999999540792174,1.4242668627869976e-14,9.655632391913945e-09,1.1394340680931644e-16,1.34320970159935e-11,1.0083268214701452e-08,2.514441745648205e-08
EFT:1.5731250871811277e-15,1.0235969799118207e-09,4.1946246191873777e-13,0.9999999540792174,1.4242668627870027e-14,9.65563239191398e-09,1.1394340680931563e-16,1.34320970159935e-11,1.0083268214701489e-08,2.514441745648223e-08
Random208
Raw:1.5731250871811277e-15,1.0235969799118243e-09,4.1946246191874226e-13,0.9999999540792174,1.4242668627870178e-14,9.655632391914047e-09,1.1394340680931726e-16,1.3432097015993595e-11,1.0083268214701596e-08,2.5144417456482318e-08
EFT:1.5731250871811277e-15,1.0235969799118207e-09,4.1946246191873777e-13,0.9999999540792174,1.4242668627870027e-14,9.65563239191398e-09,1.1394340680931563e-16,1.34320970159935e-11,1.0083268214701489e-08,2.514441745648223e-08
Random209
Raw:1.5731250871811167e-15,1.0235969799118135e-09,4.1946246191873333e-13,0.9999999540792174,1.4242668627869875e-14,9.655632391913945e-09,1.1394340680931482e-16,1.3432097015993404e-11,1.0083268214701418e-08,2.514441745648205e-08
EFT:1.5731250871811277e-15,1.0235969799118207e-09,4.1946246191873777e-13,0.9999999540792174,1.4242668627870027e-14,9.65563239191398e-09,1.1394340680931563e-16,1.34320970159935e-11,1.0083268214701489e-08,2.514441745648223e-08
Random210
Raw:1.573125087181139e-15,1.0235969799118207e-09,4.1946246191874075e-13,0.9999999540792174,1.4242668627870077e-14,9.655632391914047e-09,1.1394340680931644e-16,1.3432097015993595e-11,1.008326821470156e-08,2.5144417456482318e-08
EFT:1.5731250871811277e-15,1.0235969799118207e-09,4.1946246191873777e-13,0.9999999540792174,1.4242668627870027e-14,9.65563239191398e-09,1.1394340680931563e-16,1.34320970159935e-11,1.0083268214701489e-08,2.514441745648223e-08
Random211
Raw:1.5731250871811277e-15,1.0235969799118207e-09,4.194624619187363e-13,0.9999999540792174,1.4242668627870027e-14,9.65563239191398e-09,1.1394340680931644e-16,1.34320970159935e-11,1.0083268214701489e-08,2.514441745648223e-08
EFT:1.5731250871811277e-15,1.0235969799118207e-09,4.1946246191873777e-13,0.9999999540792174,1.4242668627870027e-14,9.65563239191398e-09,1.1394340680931563e-16,1.34320970159935e-11,1.0083268214701489e-08,2.514441745648223e-08
Random212
Raw:1.5731250871811277e-15,1.023596979911817e-09,4.194624619187363e-13,0.9999999540792174,1.4242668627870077e-14,9.655632391914014e-09,1.1394340680931563e-16,1.34320970159935e-11,1.0083268214701452e-08,2.514441745648205e-08
EFT:1.5731250871811277e-15,1.0235969799118207e-09,4.1946246191873777e-13,0.9999999540792174,1.4242668627870027e-14,9.65563239191398e-09,1.1394340680931563e-16,1.34320970159935e-11,1.0083268214701489e-08,2.514441745648223e-08
Random213
Raw:1.5731250871811167e-15,1.023596979911817e-09,4.194624619187348e-13,0.9999999540792174,1.4242668627870027e-14,9.655632391913945e-09,1.1394340680931563e-16,1.34320970159935e-11,1.0083268214701452e-08,2.514441745648205e-08
EFT:1.5731250871811277e-15,1.0235969799118207e-09,4.1946246191873777e-13,0.9999999540792174,1.4242668627870027e-14,9.65563239191398e-09,1.1394340680931563e-16,1.34320970159935e-11,1.0083268214701489e-08,2.514441745648223e-08
Random214
Raw:1.5731250871811277e-15,1.0235969799118207e-09,4.194624619187393e-13,0.9999999540792174,1.4242668627870077e-14,9.65563239191398e-09,1.1394340680931482e-16,1.34320970159935e-11,1.0083268214701452e-08,2.514441745648214e-08
EFT:1.5731250871811277e-15,1.0235969799118207e-09,4.1946246191873777e-13,0.9999999540792174,1.4242668627870077e-14,9.65563239191398e-09,1.1394340680931563e-16,1.34320970159935e-11,1.0083268214701489e-08,2.514441745648223e-08
Random215
Raw:1.5731250871811277e-15,1.023596979911817e-09,4.194624619187363e-13,0.9999999540792174,1.4242668627869976e-14,9.655632391913945e-09,1.1394340680931644e-16,1.34320970159935e-11,1.0083268214701489e-08,2.514441745648214e-08
EFT:1.5731250871811277e-15,1.0235969799118207e-09,4.1946246191873777e-13,0.9999999540792174,1.4242668627870077e-14,9.65563239191398e-09,1.1394340680931563e-16,1.34320970159935e-11,1.0083268214701489e-08,2.514441745648223e-08
Random216
Raw:1.5731250871811167e-15,1.023596979911817e-09,4.194624619187363e-13,0.9999999540792174,1.4242668627869875e-14,9.655632391913912e-09,1.1394340680931644e-16,1.3432097015993451e-11,1.0083268214701452e-08,2.514441745648214e-08
EFT:1.5731250871811277e-15,1.0235969799118207e-09,4.1946246191873777e-13,0.9999999540792174,1.4242668627870027e-14,9.65563239191398e-09,1.1394340680931563e-16,1.34320970159935e-11,1.0083268214701489e-08,2.514441745648223e-08
Random217
Raw:1.5731250871811277e-15,1.0235969799118207e-09,4.194624619187393e-13,0.9999999540792174,1.4242668627870027e-14,9.655632391914014e-09,1.1394340680931644e-16,1.34320970159935e-11,1.0083268214701525e-08,2.514441745648223e-08
EFT:1.5731250871811277e-15,1.0235969799118207e-09,4.1946246191873777e-13,0.9999999540792174,1.4242668627870027e-14,9.65563239191398e-09,1.1394340680931563e-16,1.34320970159935e-11,1.0083268214701489e-08,2.514441745648223e-08
Random218
Raw:1.5731250871811054e-15,1.023596979911817e-09,4.194624619187348e-13,0.9999999540792174,1.4242668627869875e-14,9.65563239191398e-09,1.1394340680931482e-16,1.34320970159935e-11,1.0083268214701452e-08,2.514441745648214e-08
EFT:1.5731250871811277e-15,1.0235969799118207e-09,4.1946246191873777e-13,0.9999999540792174,1.4242668627870027e-14,9.65563239191398e-09,1.1394340680931563e-16,1.34320970159935e-11,1.0083268214701489e-08,2.514441745648223e-08
Random219
Raw:1.5731250871811277e-15,1.0235969799118207e-09,4.1946246191873777e-13,0.9999999540792174,1.4242668627869976e-14,9.655632391914014e-09,1.1394340680931482e-16,1.34320970159935e-11,1.0083268214701489e-08,2.5144417456482318e-08
EFT:1.5731250871811277e-15,1.0235969799118207e-09,4.1946246191873777e-13,0.9999999540792174,1.4242668627870027e-14,9.65563239191398e-09,1.1394340680931563e-16,1.34320970159935e-11,1.0083268214701489e-08,2.514441745648223e-08
Random220
Raw:1.5731250871811277e-15,1.023596979911817e-09,4.194624619187363e-13,0.9999999540792174,1.4242668627869875e-14,9.655632391913912e-09,1.1394340680931482e-16,1.3432097015993451e-11,1.0083268214701452e-08,2.514441745648205e-08
EFT:1.5731250871811277e-15,1.0235969799118207e-09,4.1946246191873777e-13,0.9999999540792174,1.4242668627870027e-14,9.65563239191398e-09,1.1394340680931563e-16,1.34320970159935e-11,1.0083268214701489e-08,2.514441745648223e-08
Random221
Raw:1.5731250871811054e-15,1.0235969799118135e-09,4.194624619187393e-13,0.9999999540792174,1.4242668627869875e-14,9.655632391913877e-09,1.1394340680931482e-16,1.3432097015993404e-11,1.0083268214701418e-08,2.514441745648196e-08
EFT:1.5731250871811277e-15,1.0235969799118207e-09,4.1946246191873777e-13,0.9999999540792174,1.4242668627870027e-14,9.65563239191398e-09,1.1394340680931563e-16,1.34320970159935e-11,1.0083268214701489e-08,2.514441745648223e-08
Random222
Raw:1.5731250871811277e-15,1.0235969799118243e-09,4.1946246191874226e-13,0.9999999540792174,1.4242668627870077e-14,9.65563239191398e-09,1.1394340680931644e-16,1.3432097015993546e-11,1.008326821470156e-08,2.514441745648223e-08
EFT:1.5731250871811277e-15,1.0235969799118207e-09,4.1946246191873777e-13,0.9999999540792174,1.4242668627870027e-14,9.65563239191398e-09,1.1394340680931563e-16,1.34320970159935e-11,1.0083268214701489e-08,2.514441745648223e-08
Random223
Raw:1.5731250871811054e-15,1.0235969799118135e-09,4.194624619187363e-13,0.9999999540792174,1.4242668627869875e-14,9.655632391913945e-09,1.1394340680931482e-16,1.3432097015993451e-11,1.0083268214701381e-08,2.514441745648205e-08
EFT:1.5731250871811277e-15,1.0235969799118207e-09,4.1946246191873777e-13,0.9999999540792174,1.4242668627870027e-14,9.65563239191398e-09,1.1394340680931563e-16,1.34320970159935e-11,1.0083268214701489e-08,2.514441745648223e-08
Random224
Raw:1.5731250871811277e-15,1.0235969799118207e-09,4.194624619187393e-13,0.9999999540792174,1.4242668627869976e-14,9.655632391914014e-09,1.1394340680931644e-16,1.3432097015993546e-11,1.0083268214701489e-08,2.514441745648214e-08
EFT:1.5731250871811277e-15,1.0235969799118207e-09,4.1946246191873777e-13,0.9999999540792174,1.4242668627870027e-14,9.65563239191398e-09,1.1394340680931563e-16,1.34320970159935e-11,1.0083268214701489e-08,2.514441745648223e-08
Random225
Raw:1.5731250871811277e-15,1.0235969799118243e-09,4.1946246191874226e-13,0.9999999540792174,1.4242668627870178e-14,9.655632391914047e-09,1.1394340680931726e-16,1.3432097015993595e-11,1.0083268214701633e-08,2.5144417456482318e-08
EFT:1.5731250871811277e-15,1.0235969799118207e-09,4.1946246191873777e-13,0.9999999540792174,1.4242668627870077e-14,9.65563239191398e-09,1.1394340680931563e-16,1.34320970159935e-11,1.0083268214701489e-08,2.514441745648223e-08
Random226
Raw:1.5731250871811167e-15,1.023596979911817e-09,4.194624619187393e-13,0.9999999540792174,1.4242668627869976e-14,9.655632391913945e-09,1.1394340680931482e-16,1.34320970159935e-11,1.0083268214701452e-08,2.514441745648205e-08
EFT:1.5731250871811277e-15,1.0235969799118207e-09,4.1946246191873777e-13,0.9999999540792174,1.4242668627870027e-14,9.65563239191398e-09,1.1394340680931563e-16,1.34320970159935e-11,1.0083268214701489e-08,2.514441745648223e-08
Random227
Raw:1.5731250871811277e-15,1.0235969799118207e-09,4.194624619187393e-13,0.9999999540792174,1.4242668627869976e-14,9.65563239191398e-09,1.1394340680931644e-16,1.34320970159935e-11,1.0083268214701525e-08,2.514441745648214e-08
EFT:1.5731250871811277e-15,1.0235969799118207e-09,4.1946246191873777e-13,0.9999999540792174,1.4242668627870027e-14,9.65563239191398e-09,1.1394340680931563e-16,1.34320970159935e-11,1.0083268214701489e-08,2.514441745648223e-08
Random228
Raw:1.5731250871811167e-15,1.0235969799118135e-09,4.194624619187363e-13,0.9999999540792174,1.4242668627870027e-14,9.65563239191398e-09,1.1394340680931644e-16,1.3432097015993451e-11,1.0083268214701489e-08,2.514441745648223e-08
EFT:1.5731250871811277e-15,1.0235969799118207e-09,4.1946246191873777e-13,0.9999999540792174,1.4242668627870027e-14,9.65563239191398e-09,1.1394340680931563e-16,1.34320970159935e-11,1.0083268214701489e-08,2.514441745648223e-08
Random229
Raw:1.5731250871811277e-15,1.023596979911817e-09,4.1946246191873777e-13,0.9999999540792174,1.4242668627870077e-14,9.65563239191398e-09,1.1394340680931563e-16,1.3432097015993546e-11,1.0083268214701489e-08,2.514441745648223e-08
EFT:1.5731250871811277e-15,1.0235969799118207e-09,4.1946246191873777e-13,0.9999999540792174,1.4242668627870027e-14,9.65563239191398e-09,1.1394340680931563e-16,1.34320970159935e-11,1.0083268214701489e-08,2.514441745648223e-08
Random230
Raw:1.5731250871811277e-15,1.0235969799118207e-09,4.194624619187393e-13,0.9999999540792174,1.4242668627869976e-14,9.655632391914014e-09,1.1394340680931644e-16,1.34320970159935e-11,1.0083268214701525e-08,2.514441745648214e-08
EFT:1.5731250871811277e-15,1.0235969799118207e-09,4.1946246191873777e-13,0.9999999540792174,1.4242668627870077e-14,9.65563239191398e-09,1.1394340680931563e-16,1.34320970159935e-11,1.0083268214701489e-08,2.514441745648223e-08
Random231
Raw:1.5731250871811167e-15,1.0235969799118207e-09,4.194624619187363e-13,0.9999999540792174,1.4242668627869976e-14,9.65563239191398e-09,1.1394340680931482e-16,1.34320970159935e-11,1.0083268214701418e-08,2.514441745648205e-08
EFT:1.5731250871811277e-15,1.0235969799118207e-09,4.1946246191873777e-13,0.9999999540792174,1.4242668627870027e-14,9.65563239191398e-09,1.1394340680931563e-16,1.34320970159935e-11,1.0083268214701489e-08,2.514441745648223e-08
Random232
Raw:1.5731250871811277e-15,1.023596979911817e-09,4.1946246191873777e-13,0.9999999540792174,1.4242668627869976e-14,9.655632391913945e-09,1.1394340680931563e-16,1.34320970159935e-11,1.0083268214701418e-08,2.514441745648196e-08
EFT:1.5731250871811277e-15,1.0235969799118207e-09,4.1946246191873777e-13,0.9999999540792174,1.4242668627870027e-14,9.65563239191398e-09,1.1394340680931563e-16,1.34320970159935e-11,1.0083268214701489e-08,2.514441745648223e-08
Random233
Raw:1.5731250871811277e-15,1.0235969799118243e-09,4.1946246191874075e-13,0.9999999540792174,1.4242668627869976e-14,9.65563239191398e-09,1.1394340680931482e-16,1.3432097015993546e-11,1.0083268214701489e-08,2.514441745648214e-08
EFT:1.5731250871811277e-15,1.0235969799118207e-09,4.1946246191873777e-13,0.9999999540792174,1.4242668627870027e-14,9.65563239191398e-09,1.1394340680931563e-16,1.34320970159935e-11,1.0083268214701489e-08,2.514441745648223e-08
Random234
Raw:1.5731250871811167e-15,1.0235969799118207e-09,4.194624619187393e-13,0.9999999540792174,1.4242668627869976e-14,9.65563239191398e-09,1.1394340680931563e-16,1.3432097015993546e-11,1.0083268214701452e-08,2.514441745648214e-08
EFT:1.5731250871811277e-15,1.0235969799118207e-09,4.1946246191873777e-13,0.9999999540792174,1.4242668627870027e-14,9.65563239191398e-09,1.1394340680931563e-16,1.34320970159935e-11,1.0083268214701489e-08,2.514441745648223e-08
Random235
Raw:1.5731250871811277e-15,1.0235969799118243e-09,4.194624619187393e-13,0.9999999540792174,1.4242668627870077e-14,9.655632391914047e-09,1.1394340680931726e-16,1.3432097015993546e-11,1.0083268214701525e-08,2.514441745648223e-08
EFT:1.5731250871811277e-15,1.0235969799118207e-09,4.1946246191873777e-13,0.9999999540792174,1.4242668627870027e-14,9.65563239191398e-09,1.1394340680931563e-16,1.34320970159935e-11,1.0083268214701489e-08,2.514441745648223e-08
Random236
Raw:1.5731250871811277e-15,1.0235969799118243e-09,4.1946246191874075e-13,0.9999999540792174,1.4242668627870077e-14,9.655632391914047e-09,1.1394340680931644e-16,1.3432097015993595e-11,1.0083268214701525e-08,2.514441745648223e-08
EFT:1.5731250871811277e-15,1.0235969799118207e-09,4.1946246191873777e-13,0.9999999540792174,1.4242668627870027e-14,9.65563239191398e-09,1.1394340680931563e-16,1.34320970159935e-11,1.0083268214701489e-08,2.514441745648223e-08
Random237
Raw:1.5731250871811277e-15,1.0235969799118207e-09,4.194624619187393e-13,0.9999999540792174,1.4242668627870027e-14,9.655632391914014e-09,1.1394340680931563e-16,1.34320970159935e-11,1.0083268214701489e-08,2.514441745648223e-08
EFT:1.5731250871811277e-15,1.0235969799118207e-09,4.1946246191873777e-13,0.9999999540792174,1.4242668627870077e-14,9.65563239191398e-09,1.1394340680931563e-16,1.34320970159935e-11,1.0083268214701489e-08,2.514441745648223e-08
Random238
Raw:1.5731250871811054e-15,1.0235969799118135e-09,4.1946246191873333e-13,0.9999999540792174,1.4242668627869926e-14,9.655632391913945e-09,1.1394340680931482e-16,1.3432097015993404e-11,1.0083268214701418e-08,2.514441745648214e-08
EFT:1.5731250871811277e-15,1.0235969799118207e-09,4.1946246191873777e-13,0.9999999540792174,1.4242668627870027e-14,9.65563239191398e-09,1.1394340680931563e-16,1.34320970159935e-11,1.0083268214701489e-08,2.514441745648223e-08
Random239
Raw:1.5731250871811054e-15,1.0235969799118135e-09,4.194624619187348e-13,0.9999999540792174,1.4242668627869926e-14,9.655632391913945e-09,1.1394340680931482e-16,1.3432097015993451e-11,1.0083268214701381e-08,2.514441745648196e-08
EFT:1.5731250871811277e-15,1.0235969799118207e-09,4.1946246191873777e-13,0.9999999540792174,1.4242668627870027e-14,9.65563239191398e-09,1.1394340680931563e-16,1.34320970159935e-11,1.0083268214701489e-08,2.514441745648223e-08
Random240
Raw:1.5731250871811277e-15,1.023596979911817e-09,4.194624619187363e-13,0.9999999540792174,1.4242668627869976e-14,9.65563239191398e-09,1.1394340680931563e-16,1.3432097015993404e-11,1.0083268214701489e-08,2.514441745648214e-08
EFT:1.5731250871811277e-15,1.0235969799118207e-09,4.1946246191873777e-13,0.9999999540792174,1.4242668627870027e-14,9.65563239191398e-09,1.1394340680931563e-16,1.34320970159935e-11,1.0083268214701489e-08,2.514441745648223e-08
Random241
Raw:1.5731250871811277e-15,1.0235969799118207e-09,4.1946246191873777e-13,0.9999999540792174,1.4242668627870077e-14,9.655632391914014e-09,1.1394340680931644e-16,1.3432097015993451e-11,1.0083268214701489e-08,2.514441745648223e-08
EFT:1.5731250871811277e-15,1.0235969799118207e-09,4.1946246191873777e-13,0.9999999540792174,1.4242668627870027e-14,9.65563239191398e-09,1.1394340680931563e-16,1.34320970159935e-11,1.0083268214701489e-08,2.514441745648223e-08
Random242
Raw:1.5731250871811167e-15,1.023596979911817e-09,4.1946246191873777e-13,0.9999999540792174,1.4242668627869875e-14,9.655632391913945e-09,1.1394340680931644e-16,1.34320970159935e-11,1.0083268214701452e-08,2.514441745648205e-08
EFT:1.5731250871811277e-15,1.0235969799118207e-09,4.1946246191873777e-13,0.9999999540792174,1.4242668627870027e-14,9.65563239191398e-09,1.1394340680931563e-16,1.34320970159935e-11,1.0083268214701489e-08,2.514441745648223e-08
Random243
Raw:1.5731250871811277e-15,1.023596979911817e-09,4.1946246191873777e-13,0.9999999540792174,1.4242668627870077e-14,9.655632391914014e-09,1.1394340680931563e-16,1.34320970159935e-11,1.0083268214701489e-08,2.514441745648223e-08
EFT:1.5731250871811277e-15,1.0235969799118207e-09,4.1946246191873777e-13,0.9999999540792174,1.4242668627870027e-14,9.65563239191398e-09,1.1394340680931563e-16,1.34320970159935e-11,1.0083268214701489e-08,2.514441745648223e-08
Random244
Raw:1.5731250871811054e-15,1.023596979911817e-09,4.194624619187363e-13,0.9999999540792174,1.4242668627869926e-14,9.655632391913945e-09,1.1394340680931482e-16,1.34320970159935e-11,1.0083268214701452e-08,2.514441745648214e-08
EFT:1.5731250871811277e-15,1.0235969799118207e-09,4.1946246191873777e-13,0.9999999540792174,1.4242668627870027e-14,9.65563239191398e-09,1.1394340680931563e-16,1.34320970159935e-11,1.0083268214701489e-08,2.514441745648223e-08
Random245
Raw:1.5731250871811054e-15,1.0235969799118135e-09,4.194624619187363e-13,0.9999999540792174,1.4242668627869875e-14,9.655632391913945e-09,1.1394340680931482e-16,1.3432097015993404e-11,1.0083268214701418e-08,2.514441745648196e-08
EFT:1.5731250871811277e-15,1.0235969799118207e-09,4.1946246191873777e-13,0.9999999540792174,1.4242668627870077e-14,9.65563239191398e-09,1.1394340680931563e-16,1.34320970159935e-11,1.0083268214701489e-08,2.514441745648223e-08
Random246
Raw:1.5731250871811277e-15,1.0235969799118207e-09,4.194624619187363e-13,0.9999999540792174,1.4242668627869976e-14,9.65563239191398e-09,1.1394340680931644e-16,1.34320970159935e-11,1.0083268214701489e-08,2.514441745648223e-08
EFT:1.5731250871811277e-15,1.0235969799118207e-09,4.1946246191873777e-13,0.9999999540792174,1.4242668627870077e-14,9.65563239191398e-09,1.1394340680931563e-16,1.34320970159935e-11,1.0083268214701489e-08,2.514441745648223e-08
Random247
Raw:1.5731250871811277e-15,1.023596979911817e-09,4.1946246191873777e-13,0.9999999540792174,1.4242668627870027e-14,9.65563239191398e-09,1.1394340680931644e-16,1.34320970159935e-11,1.0083268214701525e-08,2.514441745648223e-08
EFT:1.5731250871811277e-15,1.0235969799118207e-09,4.1946246191873777e-13,0.9999999540792174,1.4242668627870027e-14,9.65563239191398e-09,1.1394340680931563e-16,1.34320970159935e-11,1.0083268214701489e-08,2.514441745648223e-08
Random248
Raw:1.5731250871811054e-15,1.023596979911817e-09,4.194624619187363e-13,0.9999999540792174,1.4242668627869926e-14,9.65563239191398e-09,1.1394340680931644e-16,1.3432097015993451e-11,1.0083268214701452e-08,2.514441745648205e-08
EFT:1.5731250871811277e-15,1.0235969799118207e-09,4.1946246191873777e-13,0.9999999540792174,1.4242668627870027e-14,9.65563239191398e-09,1.1394340680931563e-16,1.34320970159935e-11,1.0083268214701489e-08,2.514441745648223e-08
Random249
Raw:1.5731250871811277e-15,1.023596979911817e-09,4.194624619187348e-13,0.9999999540792174,1.4242668627869976e-14,9.65563239191398e-09,1.1394340680931482e-16,1.3432097015993404e-11,1.0083268214701452e-08,2.514441745648214e-08
EFT:1.5731250871811277e-15,1.0235969799118207e-09,4.1946246191873777e-13,0.9999999540792174,1.4242668627870027e-14,9.65563239191398e-09,1.1394340680931563e-16,1.34320970159935e-11,1.0083268214701489e-08,2.514441745648223e-08
Random250
Raw:1.5731250871811277e-15,1.0235969799118207e-09,4.194624619187363e-13,0.9999999540792174,1.4242668627869976e-14,9.655632391913945e-09,1.1394340680931644e-16,1.34320970159935e-11,1.0083268214701418e-08,2.514441745648205e-08
EFT:1.5731250871811277e-15,1.0235969799118207e-09,4.1946246191873777e-13,0.9999999540792174,1.4242668627870027e-14,9.65563239191398e-09,1.1394340680931563e-16,1.34320970159935e-11,1.0083268214701489e-08,2.514441745648223e-08
Random251
Raw:1.5731250871811054e-15,1.0235969799118207e-09,4.194624619187363e-13,0.9999999540792174,1.4242668627869875e-14,9.655632391913945e-09,1.1394340680931482e-16,1.34320970159935e-11,1.0083268214701418e-08,2.514441745648214e-08
EFT:1.5731250871811277e-15,1.0235969799118207e-09,4.1946246191873777e-13,0.9999999540792174,1.4242668627870027e-14,9.65563239191398e-09,1.1394340680931563e-16,1.34320970159935e-11,1.0083268214701489e-08,2.514441745648223e-08
Random252
Raw:1.5731250871811277e-15,1.023596979911817e-09,4.194624619187393e-13,0.9999999540792174,1.4242668627870077e-14,9.65563239191398e-09,1.1394340680931644e-16,1.3432097015993546e-11,1.0083268214701489e-08,2.514441745648214e-08
EFT:1.5731250871811277e-15,1.0235969799118207e-09,4.1946246191873777e-13,0.9999999540792174,1.4242668627870027e-14,9.65563239191398e-09,1.1394340680931563e-16,1.34320970159935e-11,1.0083268214701489e-08,2.514441745648223e-08
Random253
Raw:1.573125087181139e-15,1.0235969799118207e-09,4.1946246191874075e-13,0.9999999540792174,1.4242668627870077e-14,9.655632391914014e-09,1.1394340680931644e-16,1.34320970159935e-11,1.008326821470156e-08,2.5144417456482318e-08
EFT:1.5731250871811277e-15,1.0235969799118207e-09,4.1946246191873777e-13,0.9999999540792174,1.4242668627870027e-14,9.65563239191398e-09,1.1394340680931563e-16,1.34320970159935e-11,1.0083268214701489e-08,2.514441745648223e-08
Random254
Raw:1.5731250871811054e-15,1.023596979911817e-09,4.194624619187363e-13,0.9999999540792174,1.4242668627869976e-14,9.655632391913945e-09,1.1394340680931482e-16,1.34320970159935e-11,1.0083268214701418e-08,2.514441745648205e-08
EFT:1.5731250871811277e-15,1.0235969799118207e-09,4.1946246191873777e-13,0.9999999540792174,1.4242668627870027e-14,9.65563239191398e-09,1.1394340680931563e-16,1.34320970159935e-11,1.0083268214701489e-08,2.514441745648223e-08
Random255
Raw:1.573125087181139e-15,1.0235969799118243e-09,4.194624619187393e-13,0.9999999540792174,1.4242668627870077e-14,9.655632391914047e-09,1.1394340680931644e-16,1.3432097015993595e-11,1.0083268214701525e-08,2.5144417456482318e-08
EFT:1.5731250871811277e-15,1.0235969799118207e-09,4.1946246191873777e-13,0.9999999540792174,1.4242668627870027e-14,9.65563239191398e-09,1.1394340680931563e-16,1.34320970159935e-11,1.0083268214701489e-08,2.514441745648223e-08
Random256
Raw:1.5731250871811277e-15,1.0235969799118243e-09,4.194624619187393e-13,0.9999999540792174,1.4242668627870077e-14,9.655632391914082e-09,1.1394340680931644e-16,1.3432097015993595e-11,1.0083268214701525e-08,2.5144417456482318e-08
EFT:1.5731250871811277e-15,1.0235969799118207e-09,4.1946246191873777e-13,0.9999999540792174,1.4242668627870077e-14,9.65563239191398e-09,1.1394340680931563e-16,1.34320970159935e-11,1.0083268214701489e-08,2.514441745648223e-08
Random257
Raw:1.5731250871811277e-15,1.0235969799118243e-09,4.194624619187363e-13,0.9999999540792174,1.4242668627870027e-14,9.655632391914047e-09,1.1394340680931644e-16,1.34320970159935e-11,1.0083268214701525e-08,2.514441745648223e-08
EFT:1.5731250871811277e-15,1.0235969799118207e-09,4.1946246191873777e-13,0.9999999540792174,1.4242668627870027e-14,9.65563239191398e-09,1.1394340680931563e-16,1.34320970159935e-11,1.0083268214701489e-08,2.514441745648223e-08
Random258
Raw:1.5731250871811277e-15,1.0235969799118207e-09,4.194624619187393e-13,0.9999999540792174,1.4242668627869976e-14,9.655632391914014e-09,1.1394340680931644e-16,1.3432097015993595e-11,1.0083268214701452e-08,2.514441745648214e-08
EFT:1.5731250871811277e-15,1.0235969799118207e-09,4.1946246191873777e-13,0.9999999540792174,1.4242668627870027e-14,9.65563239191398e-09,1.1394340680931563e-16,1.34320970159935e-11,1.0083268214701489e-08,2.514441745648223e-08
Random259
Raw:1.5731250871811277e-15,1.0235969799118243e-09,4.194624619187393e-13,0.9999999540792174,1.4242668627870077e-14,9.655632391914014e-09,1.1394340680931644e-16,1.3432097015993595e-11,1.0083268214701525e-08,2.5144417456482318e-08
EFT:1.5731250871811277e-15,1.0235969799118207e-09,4.1946246191873777e-13,0.9999999540792174,1.4242668627870027e-14,9.65563239191398e-09,1.1394340680931563e-16,1.34320970159935e-11,1.0083268214701489e-08,2.514441745648223e-08
Random260
Raw:1.5731250871811277e-15,1.0235969799118207e-09,4.1946246191873777e-13,0.9999999540792174,1.4242668627869976e-14,9.655632391914014e-09,1.1394340680931644e-16,1.34320970159935e-11,1.0083268214701489e-08,2.514441745648214e-08
EFT:1.5731250871811277e-15,1.0235969799118207e-09,4.1946246191873777e-13,0.9999999540792174,1.4242668627870077e-14,9.65563239191398e-09,1.1394340680931563e-16,1.34320970159935e-11,1.0083268214701489e-08,2.514441745648223e-08
Random261
Raw:1.5731250871811502e-15,1.0235969799118243e-09,4.1946246191874075e-13,0.9999999540792174,1.4242668627870027e-14,9.65563239191398e-09,1.1394340680931644e-16,1.3432097015993546e-11,1.0083268214701489e-08,2.514441745648214e-08
EFT:1.5731250871811277e-15,1.0235969799118207e-09,4.1946246191873777e-13,0.9999999540792174,1.4242668627870077e-14,9.65563239191398e-09,1.1394340680931563e-16,1.34320970159935e-11,1.0083268214701489e-08,2.514441745648223e-08
Random262
Raw:1.5731250871811277e-15,1.023596979911828e-09,4.1946246191874075e-13,0.9999999540792174,1.4242668627870077e-14,9.65563239191398e-09,1.1394340680931644e-16,1.3432097015993546e-11,1.0083268214701525e-08,2.514441745648223e-08
EFT:1.5731250871811277e-15,1.0235969799118207e-09,4.1946246191873777e-13,0.9999999540792174,1.4242668627870027e-14,9.65563239191398e-09,1.1394340680931563e-16,1.34320970159935e-11,1.0083268214701489e-08,2.514441745648223e-08
Random263
Raw:1.5731250871811277e-15,1.0235969799118207e-09,4.194624619187363e-13,0.9999999540792174,1.4242668627869976e-14,9.655632391914014e-09,1.1394340680931563e-16,1.34320970159935e-11,1.0083268214701525e-08,2.5144417456482318e-08
EFT:1.5731250871811277e-15,1.0235969799118207e-09,4.1946246191873777e-13,0.9999999540792174,1.4242668627870027e-14,9.65563239191398e-09,1.1394340680931563e-16,1.34320970159935e-11,1.0083268214701489e-08,2.514441745648223e-08
Random264
Raw:1.5731250871811277e-15,1.0235969799118243e-09,4.1946246191873777e-13,0.9999999540792174,1.4242668627870027e-14,9.655632391914047e-09,1.1394340680931644e-16,1.3432097015993595e-11,1.0083268214701525e-08,2.5144417456482408e-08
EFT:1.5731250871811277e-15,1.0235969799118207e-09,4.1946246191873777e-13,0.9999999540792174,1.4242668627870077e-14,9.65563239191398e-09,1.1394340680931563e-16,1.34320970159935e-11,1.0083268214701489e-08,2.514441745648223e-08
Random265
Raw:1.5731250871811277e-15,1.0235969799118207e-09,4.1946246191873777e-13,0.9999999540792174,1.4242668627869976e-14,9.65563239191398e-09,1.1394340680931563e-16,1.3432097015993546e-11,1.0083268214701489e-08,2.514441745648214e-08
EFT:1.5731250871811277e-15,1.0235969799118207e-09,4.1946246191873777e-13,0.9999999540792174,1.4242668627870077e-14,9.65563239191398e-09,1.1394340680931563e-16,1.34320970159935e-11,1.0083268214701489e-08,2.514441745648223e-08
Random266
Raw:1.5731250871811277e-15,1.0235969799118207e-09,4.194624619187393e-13,0.9999999540792174,1.4242668627869976e-14,9.65563239191398e-09,1.1394340680931644e-16,1.34320970159935e-11,1.0083268214701489e-08,2.514441745648223e-08
EFT:1.5731250871811277e-15,1.0235969799118207e-09,4.1946246191873777e-13,0.9999999540792174,1.4242668627870027e-14,9.65563239191398e-09,1.1394340680931563e-16,1.34320970159935e-11,1.0083268214701489e-08,2.514441745648223e-08
Random267
Raw:1.5731250871811277e-15,1.0235969799118207e-09,4.194624619187393e-13,0.9999999540792174,1.4242668627869926e-14,9.65563239191398e-09,1.1394340680931644e-16,1.3432097015993546e-11,1.0083268214701452e-08,2.514441745648214e-08
EFT:1.5731250871811277e-15,1.0235969799118207e-09,4.1946246191873777e-13,0.9999999540792174,1.4242668627870027e-14,9.65563239191398e-09,1.1394340680931563e-16,1.34320970159935e-11,1.0083268214701489e-08,2.514441745648223e-08
Random268
Raw:1.5731250871811277e-15,1.0235969799118207e-09,4.194624619187363e-13,0.9999999540792174,1.4242668627870027e-14,9.655632391914014e-09,1.1394340680931563e-16,1.3432097015993451e-11,1.0083268214701489e-08,2.514441745648223e-08
EFT:1.5731250871811277e-15,1.0235969799118207e-09,4.1946246191873777e-13,0.9999999540792174,1.4242668627870077e-14,9.65563239191398e-09,1.1394340680931563e-16,1.34320970159935e-11,1.0083268214701489e-08,2.514441745648223e-08
Random269
Raw:1.5731250871811277e-15,1.0235969799118243e-09,4.1946246191874226e-13,0.9999999540792174,1.4242668627870128e-14,9.65563239191398e-09,1.1394340680931644e-16,1.3432097015993595e-11,1.008326821470156e-08,2.514441745648223e-08
EFT:1.5731250871811277e-15,1.0235969799118207e-09,4.1946246191873777e-13,0.9999999540792174,1.4242668627870077e-14,9.65563239191398e-09,1.1394340680931563e-16,1.34320970159935e-11,1.0083268214701489e-08,2.514441745648223e-08
Random270
Raw:1.5731250871811277e-15,1.0235969799118207e-09,4.194624619187363e-13,0.9999999540792174,1.4242668627869976e-14,9.655632391913945e-09,1.1394340680931563e-16,1.34320970159935e-11,1.0083268214701418e-08,2.514441745648205e-08
EFT:1.5731250871811277e-15,1.0235969799118207e-09,4.1946246191873777e-13,0.9999999540792174,1.4242668627870077e-14,9.65563239191398e-09,1.1394340680931563e-16,1.34320970159935e-11,1.0083268214701489e-08,2.514441745648223e-08
Random271
Raw:1.5731250871811277e-15,1.0235969799118207e-09,4.1946246191873777e-13,0.9999999540792174,1.4242668627870077e-14,9.655632391914014e-09,1.1394340680931563e-16,1.34320970159935e-11,1.0083268214701452e-08,2.514441745648214e-08
EFT:1.5731250871811277e-15,1.0235969799118207e-09,4.1946246191873777e-13,0.9999999540792174,1.4242668627870077e-14,9.65563239191398e-09,1.1394340680931563e-16,1.34320970159935e-11,1.0083268214701489e-08,2.514441745648223e-08
Random272
Raw:1.5731250871811277e-15,1.023596979911817e-09,4.194624619187393e-13,0.9999999540792174,1.4242668627869976e-14,9.655632391914014e-09,1.1394340680931644e-16,1.34320970159935e-11,1.0083268214701489e-08,2.514441745648223e-08
EFT:1.5731250871811277e-15,1.0235969799118207e-09,4.1946246191873777e-13,0.9999999540792174,1.4242668627870077e-14,9.65563239191398e-09,1.1394340680931563e-16,1.34320970159935e-11,1.0083268214701489e-08,2.514441745648223e-08
Random273
Raw:1.5731250871811277e-15,1.0235969799118135e-09,4.194624619187393e-13,0.9999999540792174,1.4242668627869976e-14,9.655632391913945e-09,1.1394340680931482e-16,1.3432097015993451e-11,1.0083268214701452e-08,2.514441745648205e-08
EFT:1.5731250871811277e-15,1.0235969799118207e-09,4.1946246191873777e-13,0.9999999540792174,1.4242668627870027e-14,9.65563239191398e-09,1.1394340680931563e-16,1.34320970159935e-11,1.0083268214701489e-08,2.514441745648223e-08
Random274
Raw:1.5731250871811277e-15,1.0235969799118207e-09,4.194624619187363e-13,0.9999999540792174,1.4242668627869976e-14,9.65563239191398e-09,1.1394340680931644e-16,1.3432097015993546e-11,1.0083268214701525e-08,2.514441745648214e-08
EFT:1.5731250871811277e-15,1.0235969799118207e-09,4.1946246191873777e-13,0.9999999540792174,1.4242668627870077e-14,9.65563239191398e-09,1.1394340680931563e-16,1.34320970159935e-11,1.0083268214701489e-08,2.514441745648223e-08
Random275
Raw:1.5731250871811277e-15,1.0235969799118207e-09,4.194624619187393e-13,0.9999999540792174,1.4242668627869976e-14,9.655632391914014e-09,1.1394340680931644e-16,1.34320970159935e-11,1.0083268214701525e-08,2.514441745648223e-08
EFT:1.5731250871811277e-15,1.0235969799118207e-09,4.1946246191873777e-13,0.9999999540792174,1.4242668627870027e-14,9.65563239191398e-09,1.1394340680931563e-16,1.34320970159935e-11,1.0083268214701489e-08,2.514441745648223e-08
Random276
Raw:1.5731250871811277e-15,1.0235969799118207e-09,4.194624619187393e-13,0.9999999540792174,1.4242668627869976e-14,9.65563239191398e-09,1.1394340680931644e-16,1.3432097015993546e-11,1.0083268214701489e-08,2.514441745648214e-08
EFT:1.5731250871811277e-15,1.0235969799118207e-09,4.1946246191873777e-13,0.9999999540792174,1.4242668627870077e-14,9.65563239191398e-09,1.1394340680931563e-16,1.34320970159935e-11,1.0083268214701489e-08,2.514441745648223e-08
Random277
Raw:1.5731250871811167e-15,1.023596979911817e-09,4.194624619187363e-13,0.9999999540792174,1.4242668627869976e-14,9.65563239191398e-09,1.1394340680931482e-16,1.3432097015993451e-11,1.0083268214701489e-08,2.514441745648205e-08
EFT:1.5731250871811277e-15,1.0235969799118207e-09,4.1946246191873777e-13,0.9999999540792174,1.4242668627870027e-14,9.65563239191398e-09,1.1394340680931563e-16,1.34320970159935e-11,1.0083268214701489e-08,2.514441745648223e-08
Random278
Raw:1.5731250871811277e-15,1.0235969799118207e-09,4.194624619187363e-13,0.9999999540792174,1.4242668627870027e-14,9.655632391914014e-09,1.1394340680931482e-16,1.34320970159935e-11,1.0083268214701489e-08,2.514441745648223e-08
EFT:1.5731250871811277e-15,1.0235969799118207e-09,4.1946246191873777e-13,0.9999999540792174,1.4242668627870027e-14,9.65563239191398e-09,1.1394340680931563e-16,1.34320970159935e-11,1.0083268214701489e-08,2.514441745648223e-08
Random279
Raw:1.5731250871811167e-15,1.0235969799118135e-09,4.194624619187363e-13,0.9999999540792174,1.4242668627869926e-14,9.655632391914014e-09,1.1394340680931482e-16,1.3432097015993404e-11,1.0083268214701452e-08,2.514441745648223e-08
EFT:1.5731250871811277e-15,1.0235969799118207e-09,4.1946246191873777e-13,0.9999999540792174,1.4242668627870027e-14,9.65563239191398e-09,1.1394340680931563e-16,1.34320970159935e-11,1.0083268214701489e-08,2.514441745648223e-08
Random280
Raw:1.5731250871811167e-15,1.0235969799118207e-09,4.1946246191873777e-13,0.9999999540792174,1.4242668627870077e-14,9.655632391914047e-09,1.1394340680931644e-16,1.34320970159935e-11,1.0083268214701489e-08,2.514441745648223e-08
EFT:1.5731250871811277e-15,1.0235969799118207e-09,4.1946246191873777e-13,0.9999999540792174,1.4242668627870027e-14,9.65563239191398e-09,1.1394340680931563e-16,1.34320970159935e-11,1.0083268214701489e-08,2.514441745648223e-08
Random281
Raw:1.5731250871811277e-15,1.023596979911817e-09,4.194624619187363e-13,0.9999999540792174,1.4242668627869875e-14,9.655632391913945e-09,1.1394340680931644e-16,1.34320970159935e-11,1.0083268214701452e-08,2.514441745648205e-08
EFT:1.5731250871811277e-15,1.0235969799118207e-09,4.1946246191873777e-13,0.9999999540792174,1.4242668627870027e-14,9.65563239191398e-09,1.1394340680931563e-16,1.34320970159935e-11,1.0083268214701489e-08,2.514441745648223e-08
Random282
Raw:1.5731250871811277e-15,1.023596979911817e-09,4.194624619187363e-13,0.9999999540792174,1.4242668627869976e-14,9.65563239191398e-09,1.1394340680931563e-16,1.3432097015993404e-11,1.0083268214701525e-08,2.514441745648214e-08
EFT:1.5731250871811277e-15,1.0235969799118207e-09,4.1946246191873777e-13,0.9999999540792174,1.4242668627870027e-14,9.65563239191398e-09,1.1394340680931563e-16,1.34320970159935e-11,1.0083268214701489e-08,2.514441745648223e-08
Random283
Raw:1.5731250871811167e-15,1.0235969799118243e-09,4.194624619187393e-13,0.9999999540792174,1.4242668627869976e-14,9.655632391914014e-09,1.1394340680931563e-16,1.3432097015993595e-11,1.0083268214701452e-08,2.514441745648214e-08
EFT:1.5731250871811277e-15,1.0235969799118207e-09,4.1946246191873777e-13,0.9999999540792174,1.4242668627870077e-14,9.65563239191398e-09,1.1394340680931563e-16,1.34320970159935e-11,1.0083268214701489e-08,2.514441745648223e-08
Random284
Raw:1.5731250871811167e-15,1.0235969799118207e-09,4.194624619187393e-13,0.9999999540792174,1.4242668627869976e-14,9.655632391913945e-09,1.1394340680931403e-16,1.34320970159935e-11,1.0083268214701418e-08,2.514441745648205e-08
EFT:1.5731250871811277e-15,1.0235969799118207e-09,4.1946246191873777e-13,0.9999999540792174,1.4242668627870027e-14,9.65563239191398e-09,1.1394340680931563e-16,1.34320970159935e-11,1.0083268214701489e-08,2.514441745648223e-08
Random285
Raw:1.5731250871811167e-15,1.023596979911817e-09,4.194624619187348e-13,0.9999999540792174,1.4242668627869976e-14,9.655632391914047e-09,1.1394340680931482e-16,1.3432097015993451e-11,1.0083268214701418e-08,2.514441745648214e-08
EFT:1.5731250871811277e-15,1.0235969799118207e-09,4.1946246191873777e-13,0.9999999540792174,1.4242668627870027e-14,9.65563239191398e-09,1.1394340680931563e-16,1.34320970159935e-11,1.0083268214701489e-08,2.514441745648223e-08
Random286
Raw:1.5731250871811167e-15,1.0235969799118135e-09,4.194624619187363e-13,0.9999999540792174,1.4242668627869875e-14,9.655632391913912e-09,1.1394340680931563e-16,1.3432097015993451e-11,1.0083268214701381e-08,2.514441745648196e-08
EFT:1.5731250871811277e-15,1.0235969799118207e-09,4.1946246191873777e-13,0.9999999540792174,1.4242668627870027e-14,9.65563239191398e-09,1.1394340680931563e-16,1.34320970159935e-11,1.0083268214701489e-08,2.514441745648223e-08
Random287
Raw:1.5731250871811277e-15,1.0235969799118207e-09,4.194624619187393e-13,0.9999999540792174,1.4242668627870077e-14,9.655632391914014e-09,1.1394340680931644e-16,1.34320970159935e-11,1.0083268214701525e-08,2.514441745648214e-08
EFT:1.5731250871811277e-15,1.0235969799118207e-09,4.1946246191873777e-13,0.9999999540792174,1.4242668627870027e-14,9.65563239191398e-09,1.1394340680931563e-16,1.34320970159935e-11,1.0083268214701489e-08,2.514441745648223e-08
Random288
Raw:1.5731250871811054e-15,1.0235969799118135e-09,4.194624619187348e-13,0.9999999540792174,1.4242668627869875e-14,9.655632391913912e-09,1.1394340680931482e-16,1.3432097015993451e-11,1.0083268214701381e-08,2.514441745648196e-08
EFT:1.5731250871811277e-15,1.0235969799118207e-09,4.1946246191873777e-13,0.9999999540792174,1.4242668627870077e-14,9.65563239191398e-09,1.1394340680931563e-16,1.34320970159935e-11,1.0083268214701489e-08,2.514441745648223e-08
Random289
Raw:1.5731250871811167e-15,1.0235969799118135e-09,4.194624619187348e-13,0.9999999540792174,1.4242668627869976e-14,9.655632391913912e-09,1.1394340680931482e-16,1.3432097015993404e-11,1.0083268214701418e-08,2.514441745648205e-08
EFT:1.5731250871811277e-15,1.0235969799118207e-09,4.1946246191873777e-13,0.9999999540792174,1.4242668627870027e-14,9.65563239191398e-09,1.1394340680931563e-16,1.34320970159935e-11,1.0083268214701489e-08,2.514441745648223e-08
Random290
Raw:1.5731250871811277e-15,1.023596979911817e-09,4.194624619187393e-13,0.9999999540792174,1.4242668627869976e-14,9.65563239191398e-09,1.1394340680931644e-16,1.34320970159935e-11,1.0083268214701489e-08,2.514441745648214e-08
EFT:1.5731250871811277e-15,1.0235969799118207e-09,4.1946246191873777e-13,0.9999999540792174,1.4242668627870077e-14,9.65563239191398e-09,1.1394340680931563e-16,1.34320970159935e-11,1.0083268214701489e-08,2.514441745648223e-08
Random291
Raw:1.5731250871811277e-15,1.0235969799118207e-09,4.1946246191874075e-13,0.9999999540792174,1.4242668627869976e-14,9.65563239191398e-09,1.1394340680931644e-16,1.3432097015993546e-11,1.008326821470156e-08,2.514441745648223e-08
EFT:1.5731250871811277e-15,1.0235969799118207e-09,4.1946246191873777e-13,0.9999999540792174,1.4242668627870077e-14,9.65563239191398e-09,1.1394340680931563e-16,1.34320970159935e-11,1.0083268214701489e-08,2.514441745648223e-08
Random292
Raw:1.5731250871811167e-15,1.0235969799118135e-09,4.1946246191873333e-13,0.9999999540792174,1.4242668627869875e-14,9.655632391913945e-09,1.1394340680931563e-16,1.3432097015993451e-11,1.0083268214701418e-08,2.514441745648205e-08
EFT:1.5731250871811277e-15,1.0235969799118207e-09,4.1946246191873777e-13,0.9999999540792174,1.4242668627870027e-14,9.65563239191398e-09,1.1394340680931563e-16,1.34320970159935e-11,1.0083268214701489e-08,2.514441745648223e-08
Random293
Raw:1.5731250871811054e-15,1.023596979911817e-09,4.194624619187348e-13,0.9999999540792174,1.4242668627869976e-14,9.65563239191398e-09,1.1394340680931482e-16,1.34320970159935e-11,1.0083268214701452e-08,2.514441745648214e-08
EFT:1.5731250871811277e-15,1.0235969799118207e-09,4.1946246191873777e-13,0.9999999540792174,1.4242668627870077e-14,9.65563239191398e-09,1.1394340680931563e-16,1.34320970159935e-11,1.0083268214701489e-08,2.514441745648223e-08
Random294
Raw:1.5731250871811277e-15,1.023596979911817e-09,4.194624619187363e-13,0.9999999540792174,1.4242668627869926e-14,9.655632391913945e-09,1.1394340680931482e-16,1.34320970159935e-11,1.0083268214701452e-08,2.514441745648205e-08
EFT:1.5731250871811277e-15,1.0235969799118207e-09,4.1946246191873777e-13,0.9999999540792174,1.4242668627870077e-14,9.65563239191398e-09,1.1394340680931563e-16,1.34320970159935e-11,1.0083268214701489e-08,2.514441745648223e-08
Random295
Raw:1.5731250871811277e-15,1.023596979911817e-09,4.194624619187363e-13,0.9999999540792174,1.4242668627869976e-14,9.655632391913945e-09,1.1394340680931644e-16,1.34320970159935e-11,1.0083268214701452e-08,2.514441745648205e-08
EFT:1.5731250871811277e-15,1.0235969799118207e-09,4.1946246191873777e-13,0.9999999540792174,1.4242668627870077e-14,9.65563239191398e-09,1.1394340680931563e-16,1.34320970159935e-11,1.0083268214701489e-08,2.514441745648223e-08
Random296
Raw:1.5731250871811277e-15,1.0235969799118207e-09,4.1946246191873777e-13,0.9999999540792174,1.4242668627869976e-14,9.655632391913945e-09,1.1394340680931644e-16,1.34320970159935e-11,1.0083268214701525e-08,2.514441745648223e-08
EFT:1.5731250871811277e-15,1.0235969799118207e-09,4.1946246191873777e-13,0.9999999540792174,1.4242668627870027e-14,9.65563239191398e-09,1.1394340680931563e-16,1.34320970159935e-11,1.0083268214701489e-08,2.514441745648223e-08
Random297
Raw:1.5731250871811167e-15,1.0235969799118135e-09,4.194624619187363e-13,0.9999999540792174,1.4242668627869976e-14,9.655632391913877e-09,1.1394340680931482e-16,1.3432097015993404e-11,1.0083268214701418e-08,2.514441745648196e-08
EFT:1.5731250871811277e-15,1.0235969799118207e-09,4.1946246191873777e-13,0.9999999540792174,1.4242668627870027e-14,9.65563239191398e-09,1.1394340680931563e-16,1.34320970159935e-11,1.0083268214701489e-08,2.514441745648223e-08
Random298
Raw:1.5731250871811277e-15,1.0235969799118207e-09,4.1946246191873777e-13,0.9999999540792174,1.4242668627869976e-14,9.655632391914014e-09,1.1394340680931644e-16,1.34320970159935e-11,1.0083268214701452e-08,2.514441745648214e-08
EFT:1.5731250871811277e-15,1.0235969799118207e-09,4.1946246191873777e-13,0.9999999540792174,1.4242668627870027e-14,9.65563239191398e-09,1.1394340680931563e-16,1.34320970159935e-11,1.0083268214701489e-08,2.514441745648223e-08
Random299
Raw:1.5731250871811277e-15,1.0235969799118243e-09,4.194624619187393e-13,0.9999999540792174,1.4242668627870077e-14,9.655632391914014e-09,1.1394340680931644e-16,1.3432097015993546e-11,1.0083268214701525e-08,2.5144417456482318e-08
EFT:1.5731250871811277e-15,1.0235969799118207e-09,4.1946246191873777e-13,0.9999999540792174,1.4242668627870027e-14,9.65563239191398e-09,1.1394340680931563e-16,1.34320970159935e-11,1.0083268214701489e-08,2.514441745648223e-08
Random300
Raw:1.5731250871811277e-15,1.0235969799118243e-09,4.1946246191874075e-13,0.9999999540792174,1.4242668627870077e-14,9.655632391914047e-09,1.1394340680931644e-16,1.3432097015993595e-11,1.0083268214701489e-08,2.5144417456482318e-08
EFT:1.5731250871811277e-15,1.0235969799118207e-09,4.1946246191873777e-13,0.9999999540792174,1.4242668627870027e-14,9.65563239191398e-09,1.1394340680931563e-16,1.34320970159935e-11,1.0083268214701489e-08,2.514441745648223e-08
Random301
Raw:1.5731250871811277e-15,1.023596979911817e-09,4.1946246191873777e-13,0.9999999540792174,1.4242668627869976e-14,9.655632391914014e-09,1.1394340680931563e-16,1.3432097015993546e-11,1.0083268214701489e-08,2.514441745648223e-08
EFT:1.5731250871811277e-15,1.0235969799118207e-09,4.1946246191873777e-13,0.9999999540792174,1.4242668627870027e-14,9.65563239191398e-09,1.1394340680931563e-16,1.34320970159935e-11,1.0083268214701489e-08,2.514441745648223e-08
Random302
Raw:1.5731250871811277e-15,1.023596979911817e-09,4.194624619187393e-13,0.9999999540792174,1.4242668627869976e-14,9.65563239191398e-09,1.1394340680931482e-16,1.34320970159935e-11,1.0083268214701525e-08,2.514441745648223e-08
EFT:1.5731250871811277e-15,1.0235969799118207e-09,4.1946246191873777e-13,0.9999999540792174,1.4242668627870027e-14,9.65563239191398e-09,1.1394340680931563e-16,1.34320970159935e-11,1.0083268214701489e-08,2.514441745648223e-08
Random303
Raw:1.5731250871811277e-15,1.0235969799118243e-09,4.194624619187393e-13,0.9999999540792174,1.4242668627870077e-14,9.655632391914014e-09,1.1394340680931644e-16,1.3432097015993595e-11,1.0083268214701525e-08,2.514441745648223e-08
EFT:1.5731250871811277e-15,1.0235969799118207e-09,4.1946246191873777e-13,0.9999999540792174,1.4242668627870077e-14,9.65563239191398e-09,1.1394340680931563e-16,1.34320970159935e-11,1.0083268214701489e-08,2.514441745648223e-08
Random304
Raw:1.5731250871811277e-15,1.0235969799118207e-09,4.194624619187393e-13,0.9999999540792174,1.4242668627869976e-14,9.655632391914047e-09,1.1394340680931644e-16,1.3432097015993451e-11,1.0083268214701489e-08,2.514441745648214e-08
EFT:1.5731250871811277e-15,1.0235969799118207e-09,4.1946246191873777e-13,0.9999999540792174,1.4242668627870027e-14,9.65563239191398e-09,1.1394340680931563e-16,1.34320970159935e-11,1.0083268214701489e-08,2.514441745648223e-08
Random305
Raw:1.5731250871811277e-15,1.0235969799118207e-09,4.1946246191873777e-13,0.9999999540792174,1.4242668627870027e-14,9.655632391914014e-09,1.1394340680931644e-16,1.34320970159935e-11,1.0083268214701489e-08,2.514441745648223e-08
EFT:1.5731250871811277e-15,1.0235969799118207e-09,4.1946246191873777e-13,0.9999999540792174,1.4242668627870027e-14,9.65563239191398e-09,1.1394340680931563e-16,1.34320970159935e-11,1.0083268214701489e-08,2.514441745648223e-08
Random306
Raw:1.5731250871811277e-15,1.0235969799118243e-09,4.194624619187393e-13,0.9999999540792174,1.4242668627870027e-14,9.655632391914047e-09,1.1394340680931644e-16,1.3432097015993546e-11,1.0083268214701525e-08,2.5144417456482318e-08
EFT:1.5731250871811277e-15,1.0235969799118207e-09,4.1946246191873777e-13,0.9999999540792174,1.4242668627870077e-14,9.65563239191398e-09,1.1394340680931563e-16,1.34320970159935e-11,1.0083268214701489e-08,2.514441745648223e-08
Random307
Raw:1.5731250871811277e-15,1.0235969799118207e-09,4.194624619187393e-13,0.9999999540792174,1.4242668627869976e-14,9.65563239191398e-09,1.1394340680931563e-16,1.3432097015993546e-11,1.0083268214701489e-08,2.514441745648223e-08
EFT:1.5731250871811277e-15,1.0235969799118207e-09,4.1946246191873777e-13,0.9999999540792174,1.4242668627870027e-14,9.65563239191398e-09,1.1394340680931563e-16,1.34320970159935e-11,1.0083268214701489e-08,2.514441745648223e-08
Random308
Raw:1.5731250871811277e-15,1.0235969799118243e-09,4.194624619187393e-13,0.9999999540792174,1.4242668627870077e-14,9.65563239191398e-09,1.1394340680931563e-16,1.3432097015993595e-11,1.0083268214701452e-08,2.514441745648223e-08
EFT:1.5731250871811277e-15,1.0235969799118207e-09,4.1946246191873777e-13,0.9999999540792174,1.4242668627870027e-14,9.65563239191398e-09,1.1394340680931563e-16,1.34320970159935e-11,1.0083268214701489e-08,2.514441745648223e-08
Random309
Raw:1.5731250871811277e-15,1.0235969799118207e-09,4.194624619187393e-13,0.9999999540792174,1.4242668627869976e-14,9.65563239191398e-09,1.1394340680931644e-16,1.3432097015993546e-11,1.0083268214701489e-08,2.514441745648214e-08
EFT:1.5731250871811277e-15,1.0235969799118207e-09,4.1946246191873777e-13,0.9999999540792174,1.4242668627870027e-14,9.65563239191398e-09,1.1394340680931563e-16,1.34320970159935e-11,1.0083268214701489e-08,2.514441745648223e-08
Random310
Raw:1.5731250871811054e-15,1.0235969799118207e-09,4.194624619187363e-13,0.9999999540792174,1.4242668627869976e-14,9.655632391913945e-09,1.1394340680931482e-16,1.34320970159935e-11,1.0083268214701418e-08,2.514441745648205e-08
EFT:1.5731250871811277e-15,1.0235969799118207e-09,4.1946246191873777e-13,0.9999999540792174,1.4242668627870027e-14,9.65563239191398e-09,1.1394340680931563e-16,1.34320970159935e-11,1.0083268214701489e-08,2.514441745648223e-08
Random311
Raw:1.5731250871811277e-15,1.0235969799118243e-09,4.194624619187393e-13,0.9999999540792174,1.4242668627870077e-14,9.655632391914014e-09,1.1394340680931644e-16,1.3432097015993595e-11,1.008326821470156e-08,2.514441745648223e-08
EFT:1.5731250871811277e-15,1.0235969799118207e-09,4.1946246191873777e-13,0.9999999540792174,1.4242668627870027e-14,9.65563239191398e-09,1.1394340680931563e-16,1.34320970159935e-11,1.0083268214701489e-08,2.514441745648223e-08
Random312
Raw:1.5731250871811277e-15,1.0235969799118207e-09,4.194624619187393e-13,0.9999999540792174,1.4242668627870077e-14,9.655632391914014e-09,1.1394340680931644e-16,1.3432097015993546e-11,1.0083268214701489e-08,2.514441745648223e-08
EFT:1.5731250871811277e-15,1.0235969799118207e-09,4.1946246191873777e-13,0.9999999540792174,1.4242668627870027e-14,9.65563239191398e-09,1.1394340680931563e-16,1.34320970159935e-11,1.0083268214701489e-08,2.514441745648223e-08
Random313
Raw:1.5731250871811277e-15,1.0235969799118207e-09,4.194624619187393e-13,0.9999999540792174,1.4242668627869976e-14,9.655632391914014e-09,1.1394340680931563e-16,1.3432097015993546e-11,1.0083268214701452e-08,2.514441745648214e-08
EFT:1.5731250871811277e-15,1.0235969799118207e-09,4.1946246191873777e-13,0.9999999540792174,1.4242668627870077e-14,9.65563239191398e-09,1.1394340680931563e-16,1.34320970159935e-11,1.0083268214701489e-08,2.514441745648223e-08
Random314
Raw:1.5731250871811277e-15,1.0235969799118207e-09,4.194624619187393e-13,0.9999999540792174,1.4242668627870027e-14,9.65563239191398e-09,1.1394340680931644e-16,1.3432097015993546e-11,1.0083268214701489e-08,2.514441745648223e-08
EFT:1.5731250871811277e-15,1.0235969799118207e-09,4.1946246191873777e-13,0.9999999540792174,1.4242668627870027e-14,9.65563239191398e-09,1.1394340680931563e-16,1.34320970159935e-11,1.0083268214701489e-08,2.514441745648223e-08
Random315
Raw:1.5731250871811277e-15,1.0235969799118207e-09,4.1946246191873777e-13,0.9999999540792174,1.4242668627869976e-14,9.65563239191398e-09,1.1394340680931644e-16,1.34320970159935e-11,1.0083268214701489e-08,2.514441745648223e-08
EFT:1.5731250871811277e-15,1.0235969799118207e-09,4.1946246191873777e-13,0.9999999540792174,1.4242668627870077e-14,9.65563239191398e-09,1.1394340680931563e-16,1.34320970159935e-11,1.0083268214701489e-08,2.514441745648223e-08
Random316
Raw:1.5731250871811277e-15,1.023596979911817e-09,4.194624619187363e-13,0.9999999540792174,1.4242668627870027e-14,9.655632391914047e-09,1.1394340680931482e-16,1.34320970159935e-11,1.0083268214701525e-08,2.5144417456482318e-08
EFT:1.5731250871811277e-15,1.0235969799118207e-09,4.1946246191873777e-13,0.9999999540792174,1.4242668627870027e-14,9.65563239191398e-09,1.1394340680931563e-16,1.34320970159935e-11,1.0083268214701489e-08,2.514441745648223e-08
Random317
Raw:1.5731250871811167e-15,1.023596979911817e-09,4.1946246191873777e-13,0.9999999540792174,1.4242668627869976e-14,9.655632391913945e-09,1.1394340680931563e-16,1.3432097015993404e-11,1.0083268214701452e-08,2.514441745648214e-08
EFT:1.5731250871811277e-15,1.0235969799118207e-09,4.1946246191873777e-13,0.9999999540792174,1.4242668627870027e-14,9.65563239191398e-09,1.1394340680931563e-16,1.34320970159935e-11,1.0083268214701489e-08,2.514441745648223e-08
Random318
Raw:1.5731250871811054e-15,1.0235969799118135e-09,4.194624619187348e-13,0.9999999540792174,1.4242668627869875e-14,9.655632391913912e-09,1.1394340680931482e-16,1.3432097015993451e-11,1.0083268214701381e-08,2.514441745648196e-08
EFT:1.5731250871811277e-15,1.0235969799118207e-09,4.1946246191873777e-13,0.9999999540792174,1.4242668627870077e-14,9.65563239191398e-09,1.1394340680931563e-16,1.34320970159935e-11,1.0083268214701489e-08,2.514441745648223e-08
Random319
Raw:1.5731250871811277e-15,1.0235969799118207e-09,4.194624619187393e-13,0.9999999540792174,1.4242668627869976e-14,9.65563239191398e-09,1.1394340680931644e-16,1.3432097015993546e-11,1.0083268214701489e-08,2.514441745648214e-08
EFT:1.5731250871811277e-15,1.0235969799118207e-09,4.1946246191873777e-13,0.9999999540792174,1.4242668627870027e-14,9.65563239191398e-09,1.1394340680931563e-16,1.34320970159935e-11,1.0083268214701489e-08,2.514441745648223e-08
Random320
Raw:1.5731250871811277e-15,1.023596979911817e-09,4.194624619187393e-13,0.9999999540792174,1.4242668627870077e-14,9.655632391913945e-09,1.1394340680931644e-16,1.3432097015993546e-11,1.0083268214701489e-08,2.514441745648205e-08
EFT:1.5731250871811277e-15,1.0235969799118207e-09,4.1946246191873777e-13,0.9999999540792174,1.4242668627870027e-14,9.65563239191398e-09,1.1394340680931563e-16,1.34320970159935e-11,1.0083268214701489e-08,2.514441745648223e-08
Random321
Raw:1.5731250871811277e-15,1.023596979911817e-09,4.194624619187363e-13,0.9999999540792174,1.4242668627869926e-14,9.655632391914014e-09,1.1394340680931644e-16,1.34320970159935e-11,1.0083268214701525e-08,2.514441745648223e-08
EFT:1.5731250871811277e-15,1.0235969799118207e-09,4.1946246191873777e-13,0.9999999540792174,1.4242668627870027e-14,9.65563239191398e-09,1.1394340680931563e-16,1.34320970159935e-11,1.0083268214701489e-08,2.514441745648223e-08
Random322
Raw:1.5731250871811277e-15,1.0235969799118207e-09,4.1946246191873777e-13,0.9999999540792174,1.4242668627869976e-14,9.655632391914014e-09,1.1394340680931563e-16,1.34320970159935e-11,1.0083268214701489e-08,2.514441745648223e-08
EFT:1.5731250871811277e-15,1.0235969799118207e-09,4.1946246191873777e-13,0.9999999540792174,1.4242668627870077e-14,9.65563239191398e-09,1.1394340680931563e-16,1.34320970159935e-11,1.0083268214701489e-08,2.514441745648223e-08
Random323
Raw:1.5731250871811277e-15,1.023596979911817e-09,4.194624619187363e-13,0.9999999540792174,1.4242668627869976e-14,9.655632391913945e-09,1.1394340680931563e-16,1.3432097015993451e-11,1.0083268214701452e-08,2.514441745648214e-08
EFT:1.5731250871811277e-15,1.0235969799118207e-09,4.1946246191873777e-13,0.9999999540792174,1.4242668627870027e-14,9.65563239191398e-09,1.1394340680931563e-16,1.34320970159935e-11,1.0083268214701489e-08,2.514441745648223e-08
Random324
Raw:1.5731250871811277e-15,1.0235969799118243e-09,4.1946246191874226e-13,0.9999999540792174,1.4242668627870128e-14,9.655632391914014e-09,1.1394340680931644e-16,1.34320970159935e-11,1.0083268214701525e-08,2.5144417456482318e-08
EFT:1.5731250871811277e-15,1.0235969799118207e-09,4.1946246191873777e-13,0.9999999540792174,1.4242668627870077e-14,9.65563239191398e-09,1.1394340680931563e-16,1.34320970159935e-11,1.0083268214701489e-08,2.514441745648223e-08
Random325
Raw:1.5731250871811277e-15,1.0235969799118207e-09,4.1946246191873777e-13,0.9999999540792174,1.4242668627870077e-14,9.655632391914014e-09,1.1394340680931644e-16,1.34320970159935e-11,1.0083268214701489e-08,2.514441745648214e-08
EFT:1.5731250871811277e-15,1.0235969799118207e-09,4.1946246191873777e-13,0.9999999540792174,1.4242668627870027e-14,9.65563239191398e-09,1.1394340680931563e-16,1.34320970159935e-11,1.0083268214701489e-08,2.514441745648223e-08
Random326
Raw:1.5731250871811277e-15,1.0235969799118243e-09,4.194624619187393e-13,0.9999999540792174,1.4242668627870077e-14,9.655632391914047e-09,1.1394340680931644e-16,1.3432097015993595e-11,1.0083268214701525e-08,2.5144417456482318e-08
EFT:1.5731250871811277e-15,1.0235969799118207e-09,4.1946246191873777e-13,0.9999999540792174,1.4242668627870027e-14,9.65563239191398e-09,1.1394340680931563e-16,1.34320970159935e-11,1.0083268214701489e-08,2.514441745648223e-08
Random327
Raw:1.5731250871811167e-15,1.023596979911817e-09,4.194624619187363e-13,0.9999999540792174,1.4242668627869875e-14,9.655632391913945e-09,1.1394340680931563e-16,1.3432097015993404e-11,1.0083268214701489e-08,2.514441745648205e-08
EFT:1.5731250871811277e-15,1.0235969799118207e-09,4.1946246191873777e-13,0.9999999540792174,1.4242668627870077e-14,9.65563239191398e-09,1.1394340680931563e-16,1.34320970159935e-11,1.0083268214701489e-08,2.514441745648223e-08
Random328
Raw:1.5731250871811167e-15,1.023596979911817e-09,4.194624619187363e-13,0.9999999540792174,1.4242668627869976e-14,9.655632391913945e-09,1.1394340680931563e-16,1.34320970159935e-11,1.0083268214701452e-08,2.514441745648205e-08
EFT:1.5731250871811277e-15,1.0235969799118207e-09,4.1946246191873777e-13,0.9999999540792174,1.4242668627870077e-14,9.65563239191398e-09,1.1394340680931563e-16,1.34320970159935e-11,1.0083268214701489e-08,2.514441745648223e-08
Random329
Raw:1.5731250871811054e-15,1.0235969799118135e-09,4.1946246191873333e-13,0.9999999540792174,1.4242668627869976e-14,9.655632391913945e-09,1.1394340680931482e-16,1.3432097015993356e-11,1.0083268214701418e-08,2.514441745648196e-08
EFT:1.5731250871811277e-15,1.0235969799118207e-09,4.1946246191873777e-13,0.9999999540792174,1.4242668627870027e-14,9.65563239191398e-09,1.1394340680931563e-16,1.34320970159935e-11,1.0083268214701489e-08,2.514441745648223e-08
Random330
Raw:1.5731250871811277e-15,1.0235969799118207e-09,4.194624619187363e-13,0.9999999540792174,1.4242668627869976e-14,9.655632391914014e-09,1.1394340680931563e-16,1.34320970159935e-11,1.0083268214701489e-08,2.514441745648223e-08
EFT:1.5731250871811277e-15,1.0235969799118207e-09,4.1946246191873777e-13,0.9999999540792174,1.4242668627870027e-14,9.65563239191398e-09,1.1394340680931563e-16,1.34320970159935e-11,1.0083268214701489e-08,2.514441745648223e-08
Random331
Raw:1.5731250871811277e-15,1.0235969799118135e-09,4.194624619187363e-13,0.9999999540792174,1.4242668627869976e-14,9.65563239191398e-09,1.1394340680931563e-16,1.34320970159935e-11,1.0083268214701452e-08,2.514441745648205e-08
EFT:1.5731250871811277e-15,1.0235969799118207e-09,4.1946246191873777e-13,0.9999999540792174,1.4242668627870027e-14,9.65563239191398e-09,1.1394340680931563e-16,1.34320970159935e-11,1.0083268214701489e-08,2.514441745648223e-08
Random332
Raw:1.5731250871811277e-15,1.023596979911817e-09,4.194624619187363e-13,0.9999999540792174,1.4242668627869976e-14,9.65563239191398e-09,1.1394340680931644e-16,1.3432097015993451e-11,1.0083268214701489e-08,2.514441745648214e-08
EFT:1.5731250871811277e-15,1.0235969799118207e-09,4.1946246191873777e-13,0.9999999540792174,1.4242668627870027e-14,9.65563239191398e-09,1.1394340680931563e-16,1.34320970159935e-11,1.0083268214701489e-08,2.514441745648223e-08
Random333
Raw:1.5731250871811277e-15,1.023596979911817e-09,4.194624619187363e-13,0.9999999540792174,1.4242668627869976e-14,9.655632391913945e-09,1.1394340680931563e-16,1.34320970159935e-11,1.0083268214701489e-08,2.514441745648214e-08
EFT:1.5731250871811277e-15,1.0235969799118207e-09,4.1946246191873777e-13,0.9999999540792174,1.4242668627870077e-14,9.65563239191398e-09,1.1394340680931563e-16,1.34320970159935e-11,1.0083268214701489e-08,2.514441745648223e-08
Random334
Raw:1.5731250871811167e-15,1.0235969799118207e-09,4.194624619187393e-13,0.9999999540792174,1.4242668627870027e-14,9.65563239191398e-09,1.1394340680931563e-16,1.34320970159935e-11,1.0083268214701489e-08,2.514441745648223e-08
EFT:1.5731250871811277e-15,1.0235969799118207e-09,4.1946246191873777e-13,0.9999999540792174,1.4242668627870027e-14,9.65563239191398e-09,1.1394340680931563e-16,1.34320970159935e-11,1.0083268214701489e-08,2.514441745648223e-08
Random335
Raw:1.5731250871811277e-15,1.023596979911817e-09,4.194624619187363e-13,0.9999999540792174,1.4242668627870027e-14,9.655632391913945e-09,1.1394340680931482e-16,1.3432097015993451e-11,1.0083268214701452e-08,2.514441745648214e-08
EFT:1.5731250871811277e-15,1.0235969799118207e-09,4.1946246191873777e-13,0.9999999540792174,1.4242668627870077e-14,9.65563239191398e-09,1.1394340680931563e-16,1.34320970159935e-11,1.0083268214701489e-08,2.514441745648223e-08
Random336
Raw:1.5731250871811277e-15,1.023596979911817e-09,4.194624619187363e-13,0.9999999540792174,1.4242668627869926e-14,9.655632391913945e-09,1.1394340680931563e-16,1.34320970159935e-11,1.0083268214701489e-08,2.514441745648214e-08
EFT:1.5731250871811277e-15,1.0235969799118207e-09,4.1946246191873777e-13,0.9999999540792174,1.4242668627870027e-14,9.65563239191398e-09,1.1394340680931563e-16,1.34320970159935e-11,1.0083268214701489e-08,2.514441745648223e-08
Random337
Raw:1.5731250871811054e-15,1.023596979911806e-09,4.1946246191873035e-13,0.9999999540792174,1.4242668627869825e-14,9.655632391913877e-09,1.1394340680931482e-16,1.3432097015993309e-11,1.0083268214701381e-08,2.514441745648187e-08
EFT:1.5731250871811277e-15,1.0235969799118207e-09,4.1946246191873777e-13,0.9999999540792174,1.4242668627870027e-14,9.65563239191398e-09,1.1394340680931563e-16,1.34320970159935e-11,1.0083268214701489e-08,2.514441745648223e-08
Random338
Raw:1.5731250871811277e-15,1.023596979911806e-09,4.194624619187363e-13,0.9999999540792174,1.4242668627869875e-14,9.655632391913877e-09,1.1394340680931482e-16,1.3432097015993404e-11,1.0083268214701381e-08,2.514441745648196e-08
EFT:1.5731250871811277e-15,1.0235969799118207e-09,4.1946246191873777e-13,0.9999999540792174,1.4242668627870077e-14,9.65563239191398e-09,1.1394340680931563e-16,1.34320970159935e-11,1.0083268214701489e-08,2.514441745648223e-08
Random339
Raw:1.5731250871811277e-15,1.0235969799118243e-09,4.194624619187393e-13,0.9999999540792174,1.4242668627870077e-14,9.655632391914014e-09,1.1394340680931644e-16,1.3432097015993546e-11,1.0083268214701525e-08,2.514441745648223e-08
EFT:1.5731250871811277e-15,1.0235969799118207e-09,4.1946246191873777e-13,0.9999999540792174,1.4242668627870027e-14,9.65563239191398e-09,1.1394340680931563e-16,1.34320970159935e-11,1.0083268214701489e-08,2.514441745648223e-08
Random340
Raw:1.5731250871811277e-15,1.0235969799118243e-09,4.194624619187393e-13,0.9999999540792174,1.4242668627870077e-14,9.65563239191398e-09,1.1394340680931563e-16,1.3432097015993595e-11,1.008326821470156e-08,2.514441745648223e-08
EFT:1.5731250871811277e-15,1.0235969799118207e-09,4.1946246191873777e-13,0.9999999540792174,1.4242668627870027e-14,9.65563239191398e-09,1.1394340680931563e-16,1.34320970159935e-11,1.0083268214701489e-08,2.514441745648223e-08
Random341
Raw:1.5731250871811277e-15,1.0235969799118207e-09,4.1946246191874075e-13,0.9999999540792174,1.4242668627870077e-14,9.655632391914014e-09,1.1394340680931644e-16,1.3432097015993546e-11,1.0083268214701525e-08,2.5144417456482318e-08
EFT:1.5731250871811277e-15,1.0235969799118207e-09,4.1946246191873777e-13,0.9999999540792174,1.4242668627870027e-14,9.65563239191398e-09,1.1394340680931563e-16,1.34320970159935e-11,1.0083268214701489e-08,2.514441745648223e-08
Random342
Raw:1.5731250871811277e-15,1.023596979911817e-09,4.194624619187363e-13,0.9999999540792174,1.4242668627869926e-14,9.65563239191398e-09,1.1394340680931482e-16,1.3432097015993451e-11,1.0083268214701452e-08,2.514441745648214e-08
EFT:1.5731250871811277e-15,1.0235969799118207e-09,4.1946246191873777e-13,0.9999999540792174,1.4242668627870027e-14,9.65563239191398e-09,1.1394340680931563e-16,1.34320970159935e-11,1.0083268214701489e-08,2.514441745648223e-08
Random343
Raw:1.5731250871811277e-15,1.0235969799118207e-09,4.1946246191873777e-13,0.9999999540792174,1.4242668627869976e-14,9.655632391913945e-09,1.1394340680931482e-16,1.34320970159935e-11,1.0083268214701489e-08,2.514441745648214e-08
EFT:1.5731250871811277e-15,1.0235969799118207e-09,4.1946246191873777e-13,0.9999999540792174,1.4242668627870027e-14,9.65563239191398e-09,1.1394340680931563e-16,1.34320970159935e-11,1.0083268214701489e-08,2.514441745648223e-08
Random344
Raw:1.5731250871811277e-15,1.0235969799118243e-09,4.1946246191874075e-13,0.9999999540792174,1.4242668627870077e-14,9.655632391914082e-09,1.1394340680931644e-16,1.3432097015993546e-11,1.0083268214701525e-08,2.5144417456482318e-08
EFT:1.5731250871811277e-15,1.0235969799118207e-09,4.1946246191873777e-13,0.9999999540792174,1.4242668627870077e-14,9.65563239191398e-09,1.1394340680931563e-16,1.34320970159935e-11,1.0083268214701489e-08,2.514441745648223e-08
Random345
Raw:1.5731250871811277e-15,1.0235969799118135e-09,4.194624619187363e-13,0.9999999540792174,1.4242668627869875e-14,9.655632391913912e-09,1.1394340680931482e-16,1.3432097015993404e-11,1.0083268214701418e-08,2.514441745648187e-08
EFT:1.5731250871811277e-15,1.0235969799118207e-09,4.1946246191873777e-13,0.9999999540792174,1.4242668627870077e-14,9.65563239191398e-09,1.1394340680931563e-16,1.34320970159935e-11,1.0083268214701489e-08,2.514441745648223e-08
Random346
Raw:1.5731250871811277e-15,1.0235969799118207e-09,4.1946246191873777e-13,0.9999999540792174,1.4242668627869976e-14,9.65563239191398e-09,1.1394340680931644e-16,1.3432097015993546e-11,1.0083268214701489e-08,2.514441745648214e-08
EFT:1.5731250871811277e-15,1.0235969799118207e-09,4.1946246191873777e-13,0.9999999540792174,1.4242668627870027e-14,9.65563239191398e-09,1.1394340680931563e-16,1.34320970159935e-11,1.0083268214701489e-08,2.514441745648223e-08
Random347
Raw:1.573125087181139e-15,1.0235969799118207e-09,4.1946246191874226e-13,0.9999999540792174,1.4242668627870077e-14,9.655632391914014e-09,1.1394340680931726e-16,1.3432097015993546e-11,1.0083268214701596e-08,2.514441745648223e-08
EFT:1.5731250871811277e-15,1.0235969799118207e-09,4.1946246191873777e-13,0.9999999540792174,1.4242668627870027e-14,9.65563239191398e-09,1.1394340680931563e-16,1.34320970159935e-11,1.0083268214701489e-08,2.514441745648223e-08
Random348
Raw:1.5731250871811167e-15,1.023596979911817e-09,4.194624619187363e-13,0.9999999540792174,1.4242668627869926e-14,9.655632391913945e-09,1.1394340680931563e-16,1.34320970159935e-11,1.0083268214701418e-08,2.514441745648214e-08
EFT:1.5731250871811277e-15,1.0235969799118207e-09,4.1946246191873777e-13,0.9999999540792174,1.4242668627870077e-14,9.65563239191398e-09,1.1394340680931563e-16,1.34320970159935e-11,1.0083268214701489e-08,2.514441745648223e-08
Random349
Raw:1.5731250871811277e-15,1.0235969799118207e-09,4.194624619187393e-13,0.9999999540792174,1.4242668627869976e-14,9.655632391914014e-09,1.1394340680931644e-16,1.3432097015993546e-11,1.0083268214701489e-08,2.514441745648205e-08
EFT:1.5731250871811277e-15,1.0235969799118207e-09,4.1946246191873777e-13,0.9999999540792174,1.4242668627870027e-14,9.65563239191398e-09,1.1394340680931563e-16,1.34320970159935e-11,1.0083268214701489e-08,2.514441745648223e-08
Random350
Raw:1.5731250871811167e-15,1.023596979911817e-09,4.194624619187363e-13,0.9999999540792174,1.4242668627869976e-14,9.655632391913945e-09,1.1394340680931482e-16,1.3432097015993546e-11,1.0083268214701418e-08,2.514441745648205e-08
EFT:1.5731250871811277e-15,1.0235969799118207e-09,4.1946246191873777e-13,0.9999999540792174,1.4242668627870027e-14,9.65563239191398e-09,1.1394340680931563e-16,1.34320970159935e-11,1.0083268214701489e-08,2.514441745648223e-08
Random351
Raw:1.5731250871811167e-15,1.023596979911817e-09,4.194624619187363e-13,0.9999999540792174,1.4242668627870077e-14,9.655632391913945e-09,1.1394340680931563e-16,1.34320970159935e-11,1.0083268214701452e-08,2.514441745648205e-08
EFT:1.5731250871811277e-15,1.0235969799118207e-09,4.1946246191873777e-13,0.9999999540792174,1.4242668627870027e-14,9.65563239191398e-09,1.1394340680931563e-16,1.34320970159935e-11,1.0083268214701489e-08,2.514441745648223e-08
Random352
Raw:1.5731250871811277e-15,1.023596979911817e-09,4.194624619187363e-13,0.9999999540792174,1.4242668627869976e-14,9.655632391913945e-09,1.1394340680931563e-16,1.34320970159935e-11,1.0083268214701418e-08,2.514441745648196e-08
EFT:1.5731250871811277e-15,1.0235969799118207e-09,4.1946246191873777e-13,0.9999999540792174,1.4242668627870027e-14,9.65563239191398e-09,1.1394340680931563e-16,1.34320970159935e-11,1.0083268214701489e-08,2.514441745648223e-08
Random353
Raw:1.5731250871811277e-15,1.0235969799118243e-09,4.1946246191873777e-13,0.9999999540792174,1.4242668627870077e-14,9.655632391914047e-09,1.1394340680931726e-16,1.3432097015993595e-11,1.0083268214701525e-08,2.5144417456482318e-08
EFT:1.5731250871811277e-15,1.0235969799118207e-09,4.1946246191873777e-13,0.9999999540792174,1.4242668627870027e-14,9.65563239191398e-09,1.1394340680931563e-16,1.34320970159935e-11,1.0083268214701489e-08,2.514441745648223e-08
Random354
Raw:1.5731250871811054e-15,1.023596979911817e-09,4.194624619187363e-13,0.9999999540792174,1.4242668627869875e-14,9.655632391913945e-09,1.1394340680931482e-16,1.34320970159935e-11,1.0083268214701418e-08,2.514441745648196e-08
EFT:1.5731250871811277e-15,1.0235969799118207e-09,4.1946246191873777e-13,0.9999999540792174,1.4242668627870027e-14,9.65563239191398e-09,1.1394340680931563e-16,1.34320970159935e-11,1.0083268214701489e-08,2.514441745648223e-08
Random355
Raw:1.5731250871811277e-15,1.0235969799118207e-09,4.194624619187393e-13,0.9999999540792174,1.4242668627870077e-14,9.655632391914014e-09,1.1394340680931644e-16,1.3432097015993595e-11,1.0083268214701525e-08,2.514441745648223e-08
EFT:1.5731250871811277e-15,1.0235969799118207e-09,4.1946246191873777e-13,0.9999999540792174,1.4242668627870027e-14,9.65563239191398e-09,1.1394340680931563e-16,1.34320970159935e-11,1.0083268214701489e-08,2.514441745648223e-08
Random356
Raw:1.5731250871811167e-15,1.0235969799118207e-09,4.194624619187363e-13,0.9999999540792174,1.4242668627869976e-14,9.655632391913945e-09,1.1394340680931482e-16,1.3432097015993546e-11,1.0083268214701418e-08,2.514441745648196e-08
EFT:1.5731250871811277e-15,1.0235969799118207e-09,4.1946246191873777e-13,0.9999999540792174,1.4242668627870027e-14,9.65563239191398e-09,1.1394340680931563e-16,1.34320970159935e-11,1.0083268214701489e-08,2.514441745648223e-08
Random357
Raw:1.5731250871811277e-15,1.023596979911817e-09,4.194624619187363e-13,0.9999999540792174,1.4242668627869976e-14,9.655632391913945e-09,1.1394340680931482e-16,1.3432097015993546e-11,1.0083268214701452e-08,2.514441745648205e-08
EFT:1.5731250871811277e-15,1.0235969799118207e-09,4.1946246191873777e-13,0.9999999540792174,1.4242668627870077e-14,9.65563239191398e-09,1.1394340680931563e-16,1.34320970159935e-11,1.0083268214701489e-08,2.514441745648223e-08
Random358
Raw:1.5731250871811277e-15,1.023596979911817e-09,4.194624619187393e-13,0.9999999540792174,1.4242668627869976e-14,9.655632391914014e-09,1.1394340680931563e-16,1.34320970159935e-11,1.0083268214701525e-08,2.514441745648223e-08
EFT:1.5731250871811277e-15,1.0235969799118207e-09,4.1946246191873777e-13,0.9999999540792174,1.4242668627870077e-14,9.65563239191398e-09,1.1394340680931563e-16,1.34320970159935e-11,1.0083268214701489e-08,2.514441745648223e-08
Random359
Raw:1.5731250871811277e-15,1.0235969799118207e-09,4.194624619187363e-13,0.9999999540792174,1.4242668627870027e-14,9.65563239191398e-09,1.1394340680931563e-16,1.34320970159935e-11,1.0083268214701489e-08,2.514441745648214e-08
EFT:1.5731250871811277e-15,1.0235969799118207e-09,4.1946246191873777e-13,0.9999999540792174,1.4242668627870027e-14,9.65563239191398e-09,1.1394340680931563e-16,1.34320970159935e-11,1.0083268214701489e-08,2.514441745648223e-08
Random360
Raw:1.5731250871811277e-15,1.0235969799118207e-09,4.194624619187393e-13,0.9999999540792174,1.4242668627870077e-14,9.65563239191398e-09,1.1394340680931644e-16,1.34320970159935e-11,1.0083268214701525e-08,2.514441745648214e-08
EFT:1.5731250871811277e-15,1.0235969799118207e-09,4.1946246191873777e-13,0.9999999540792174,1.4242668627870027e-14,9.65563239191398e-09,1.1394340680931563e-16,1.34320970159935e-11,1.0083268214701489e-08,2.514441745648223e-08
Random361
Raw:1.5731250871811277e-15,1.0235969799118243e-09,4.194624619187393e-13,0.9999999540792174,1.4242668627870077e-14,9.655632391914014e-09,1.1394340680931644e-16,1.3432097015993595e-11,1.0083268214701489e-08,2.5144417456482318e-08
EFT:1.5731250871811277e-15,1.0235969799118207e-09,4.1946246191873777e-13,0.9999999540792174,1.4242668627870027e-14,9.65563239191398e-09,1.1394340680931563e-16,1.34320970159935e-11,1.0083268214701489e-08,2.514441745648223e-08
Random362
Raw:1.573125087181139e-15,1.0235969799118207e-09,4.194624619187393e-13,0.9999999540792174,1.4242668627870077e-14,9.655632391914014e-09,1.1394340680931563e-16,1.3432097015993546e-11,1.0083268214701489e-08,2.514441745648223e-08
EFT:1.5731250871811277e-15,1.0235969799118207e-09,4.1946246191873777e-13,0.9999999540792174,1.4242668627870027e-14,9.65563239191398e-09,1.1394340680931563e-16,1.34320970159935e-11,1.0083268214701489e-08,2.514441745648223e-08
Random363
Raw:1.5731250871811277e-15,1.0235969799118207e-09,4.194624619187393e-13,0.9999999540792174,1.4242668627870077e-14,9.65563239191398e-09,1.1394340680931644e-16,1.34320970159935e-11,1.0083268214701489e-08,2.514441745648223e-08
EFT:1.5731250871811277e-15,1.0235969799118207e-09,4.1946246191873777e-13,0.9999999540792174,1.4242668627870027e-14,9.65563239191398e-09,1.1394340680931563e-16,1.34320970159935e-11,1.0083268214701489e-08,2.514441745648223e-08
Random364
Raw:1.5731250871811054e-15,1.0235969799118135e-09,4.194624619187348e-13,0.9999999540792174,1.4242668627869875e-14,9.655632391913912e-09,1.1394340680931482e-16,1.3432097015993451e-11,1.0083268214701418e-08,2.514441745648196e-08
EFT:1.5731250871811277e-15,1.0235969799118207e-09,4.1946246191873777e-13,0.9999999540792174,1.4242668627870027e-14,9.65563239191398e-09,1.1394340680931563e-16,1.34320970159935e-11,1.0083268214701489e-08,2.514441745648223e-08
Random365
Raw:1.5731250871811277e-15,1.0235969799118207e-09,4.194624619187393e-13,0.9999999540792174,1.4242668627869976e-14,9.65563239191398e-09,1.1394340680931644e-16,1.3432097015993546e-11,1.0083268214701489e-08,2.514441745648223e-08
EFT:1.5731250871811277e-15,1.0235969799118207e-09,4.1946246191873777e-13,0.9999999540792174,1.4242668627870027e-14,9.65563239191398e-09,1.1394340680931563e-16,1.34320970159935e-11,1.0083268214701489e-08,2.514441745648223e-08
Random366
Raw:1.5731250871811167e-15,1.023596979911817e-09,4.194624619187363e-13,0.9999999540792174,1.4242668627869976e-14,9.65563239191398e-09,1.1394340680931563e-16,1.34320970159935e-11,1.0083268214701452e-08,2.514441745648205e-08
EFT:1.5731250871811277e-15,1.0235969799118207e-09,4.1946246191873777e-13,0.9999999540792174,1.4242668627870027e-14,9.65563239191398e-09,1.1394340680931563e-16,1.34320970159935e-11,1.0083268214701489e-08,2.514441745648223e-08
Random367
Raw:1.5731250871811277e-15,1.023596979911817e-09,4.194624619187363e-13,0.9999999540792174,1.4242668627869976e-14,9.655632391913945e-09,1.1394340680931563e-16,1.34320970159935e-11,1.0083268214701452e-08,2.514441745648214e-08
EFT:1.5731250871811277e-15,1.0235969799118207e-09,4.1946246191873777e-13,0.9999999540792174,1.4242668627870077e-14,9.65563239191398e-09,1.1394340680931563e-16,1.34320970159935e-11,1.0083268214701489e-08,2.514441745648223e-08
Random368
Raw:1.5731250871811277e-15,1.023596979911817e-09,4.194624619187363e-13,0.9999999540792174,1.4242668627869976e-14,9.655632391914014e-09,1.1394340680931482e-16,1.3432097015993451e-11,1.0083268214701489e-08,2.514441745648214e-08
EFT:1.5731250871811277e-15,1.0235969799118207e-09,4.1946246191873777e-13,0.9999999540792174,1.4242668627870027e-14,9.65563239191398e-09,1.1394340680931563e-16,1.34320970159935e-11,1.0083268214701489e-08,2.514441745648223e-08
Random369
Raw:1.5731250871811277e-15,1.023596979911817e-09,4.194624619187393e-13,0.9999999540792174,1.4242668627869976e-14,9.65563239191398e-09,1.1394340680931644e-16,1.3432097015993404e-11,1.0083268214701489e-08,2.514441745648205e-08
EFT:1.5731250871811277e-15,1.0235969799118207e-09,4.1946246191873777e-13,0.9999999540792174,1.4242668627870077e-14,9.65563239191398e-09,1.1394340680931563e-16,1.34320970159935e-11,1.0083268214701489e-08,2.514441745648223e-08
Random370
Raw:1.5731250871811167e-15,1.023596979911817e-09,4.194624619187363e-13,0.9999999540792174,1.4242668627869976e-14,9.655632391913945e-09,1.1394340680931482e-16,1.3432097015993451e-11,1.0083268214701452e-08,2.514441745648214e-08
EFT:1.5731250871811277e-15,1.0235969799118207e-09,4.1946246191873777e-13,0.9999999540792174,1.4242668627870077e-14,9.65563239191398e-09,1.1394340680931563e-16,1.34320970159935e-11,1.0083268214701489e-08,2.514441745648223e-08
Random371
Raw:1.5731250871811277e-15,1.0235969799118207e-09,4.194624619187393e-13,0.9999999540792174,1.4242668627870077e-14,9.65563239191398e-09,1.1394340680931644e-16,1.34320970159935e-11,1.0083268214701525e-08,2.514441745648214e-08
EFT:1.5731250871811277e-15,1.0235969799118207e-09,4.1946246191873777e-13,0.9999999540792174,1.4242668627870027e-14,9.65563239191398e-09,1.1394340680931563e-16,1.34320970159935e-11,1.0083268214701489e-08,2.514441745648223e-08
Random372
Raw:1.5731250871811277e-15,1.0235969799118207e-09,4.194624619187363e-13,0.9999999540792174,1.4242668627869926e-14,9.65563239191398e-09,1.1394340680931644e-16,1.3432097015993451e-11,1.0083268214701525e-08,2.514441745648223e-08
EFT:1.5731250871811277e-15,1.0235969799118207e-09,4.1946246191873777e-13,0.9999999540792174,1.4242668627870077e-14,9.65563239191398e-09,1.1394340680931563e-16,1.34320970159935e-11,1.0083268214701489e-08,2.514441745648223e-08
Random373
Raw:1.5731250871811502e-15,1.023596979911828e-09,4.1946246191874226e-13,0.9999999540792174,1.4242668627870178e-14,9.655632391914047e-09,1.1394340680931807e-16,1.3432097015993595e-11,1.0083268214701596e-08,2.5144417456482408e-08
EFT:1.5731250871811277e-15,1.0235969799118207e-09,4.1946246191873777e-13,0.9999999540792174,1.4242668627870077e-14,9.65563239191398e-09,1.1394340680931563e-16,1.34320970159935e-11,1.0083268214701489e-08,2.514441745648223e-08
Random374
Raw:1.5731250871811277e-15,1.0235969799118135e-09,4.1946246191873777e-13,0.9999999540792174,1.4242668627869976e-14,9.655632391913945e-09,1.1394340680931482e-16,1.34320970159935e-11,1.0083268214701452e-08,2.514441745648205e-08
EFT:1.5731250871811277e-15,1.0235969799118207e-09,4.1946246191873777e-13,0.9999999540792174,1.4242668627870077e-14,9.65563239191398e-09,1.1394340680931563e-16,1.34320970159935e-11,1.0083268214701489e-08,2.514441745648223e-08
Random375
Raw:1.5731250871811277e-15,1.023596979911817e-09,4.194624619187363e-13,0.9999999540792174,1.4242668627869976e-14,9.655632391913945e-09,1.1394340680931644e-16,1.34320970159935e-11,1.0083268214701489e-08,2.514441745648214e-08
EFT:1.5731250871811277e-15,1.0235969799118207e-09,4.1946246191873777e-13,0.9999999540792174,1.4242668627870027e-14,9.65563239191398e-09,1.1394340680931563e-16,1.34320970159935e-11,1.0083268214701489e-08,2.514441745648223e-08
Random376
Raw:1.5731250871811277e-15,1.0235969799118135e-09,4.194624619187363e-13,0.9999999540792174,1.4242668627869976e-14,9.65563239191398e-09,1.1394340680931644e-16,1.3432097015993404e-11,1.0083268214701452e-08,2.514441745648214e-08
EFT:1.5731250871811277e-15,1.0235969799118207e-09,4.1946246191873777e-13,0.9999999540792174,1.4242668627870027e-14,9.65563239191398e-09,1.1394340680931563e-16,1.34320970159935e-11,1.0083268214701489e-08,2.514441745648223e-08
Random377
Raw:1.5731250871811277e-15,1.0235969799118243e-09,4.194624619187393e-13,0.9999999540792174,1.4242668627870077e-14,9.655632391914047e-09,1.1394340680931644e-16,1.34320970159935e-11,1.008326821470156e-08,2.5144417456482318e-08
EFT:1.5731250871811277e-15,1.0235969799118207e-09,4.1946246191873777e-13,0.9999999540792174,1.4242668627870027e-14,9.65563239191398e-09,1.1394340680931563e-16,1.34320970159935e-11,1.0083268214701489e-08,2.514441745648223e-08
Random378
Raw:1.5731250871811054e-15,1.023596979911817e-09,4.194624619187363e-13,0.9999999540792174,1.4242668627869976e-14,9.655632391914014e-09,1.1394340680931482e-16,1.34320970159935e-11,1.0083268214701452e-08,2.514441745648205e-08
EFT:1.5731250871811277e-15,1.0235969799118207e-09,4.1946246191873777e-13,0.9999999540792174,1.4242668627870027e-14,9.65563239191398e-09,1.1394340680931563e-16,1.34320970159935e-11,1.0083268214701489e-08,2.514441745648223e-08
Random379
Raw:1.5731250871811054e-15,1.0235969799118135e-09,4.194624619187363e-13,0.9999999540792174,1.4242668627869875e-14,9.655632391913912e-09,1.1394340680931482e-16,1.3432097015993404e-11,1.0083268214701418e-08,2.514441745648196e-08
EFT:1.5731250871811277e-15,1.0235969799118207e-09,4.1946246191873777e-13,0.9999999540792174,1.4242668627870027e-14,9.65563239191398e-09,1.1394340680931563e-16,1.34320970159935e-11,1.0083268214701489e-08,2.514441745648223e-08
Random380
Raw:1.5731250871811167e-15,1.023596979911817e-09,4.194624619187348e-13,0.9999999540792174,1.4242668627869976e-14,9.65563239191398e-09,1.1394340680931482e-16,1.3432097015993451e-11,1.0083268214701452e-08,2.514441745648214e-08
EFT:1.5731250871811277e-15,1.0235969799118207e-09,4.1946246191873777e-13,0.9999999540792174,1.4242668627870027e-14,9.65563239191398e-09,1.1394340680931563e-16,1.34320970159935e-11,1.0083268214701489e-08,2.514441745648223e-08
Random381
Raw:1.5731250871811277e-15,1.0235969799118207e-09,4.194624619187393e-13,0.9999999540792174,1.4242668627869976e-14,9.655632391913945e-09,1.1394340680931644e-16,1.3432097015993546e-11,1.0083268214701525e-08,2.514441745648214e-08
EFT:1.5731250871811277e-15,1.0235969799118207e-09,4.1946246191873777e-13,0.9999999540792174,1.4242668627870027e-14,9.65563239191398e-09,1.1394340680931563e-16,1.34320970159935e-11,1.0083268214701489e-08,2.514441745648223e-08
Random382
Raw:1.5731250871811054e-15,1.023596979911817e-09,4.194624619187363e-13,0.9999999540792174,1.4242668627869976e-14,9.65563239191398e-09,1.1394340680931482e-16,1.34320970159935e-11,1.0083268214701452e-08,2.514441745648214e-08
EFT:1.5731250871811277e-15,1.0235969799118207e-09,4.1946246191873777e-13,0.9999999540792174,1.4242668627870027e-14,9.65563239191398e-09,1.1394340680931563e-16,1.34320970159935e-11,1.0083268214701489e-08,2.514441745648223e-08
Random383
Raw:1.5731250871811167e-15,1.023596979911817e-09,4.1946246191873777e-13,0.9999999540792174,1.4242668627869976e-14,9.65563239191398e-09,1.1394340680931644e-16,1.3432097015993451e-11,1.0083268214701452e-08,2.514441745648205e-08
EFT:1.5731250871811277e-15,1.0235969799118207e-09,4.1946246191873777e-13,0.9999999540792174,1.4242668627870027e-14,9.65563239191398e-09,1.1394340680931563e-16,1.34320970159935e-11,1.0083268214701489e-08,2.514441745648223e-08
Random384
Raw:1.5731250871811277e-15,1.0235969799118243e-09,4.1946246191874075e-13,0.9999999540792174,1.4242668627870077e-14,9.655632391914014e-09,1.1394340680931644e-16,1.3432097015993642e-11,1.0083268214701489e-08,2.514441745648223e-08
EFT:1.5731250871811277e-15,1.0235969799118207e-09,4.1946246191873777e-13,0.9999999540792174,1.4242668627870027e-14,9.65563239191398e-09,1.1394340680931563e-16,1.34320970159935e-11,1.0083268214701489e-08,2.514441745648223e-08
Random385
Raw:1.5731250871811277e-15,1.023596979911817e-09,4.194624619187363e-13,0.9999999540792174,1.4242668627869976e-14,9.65563239191398e-09,1.1394340680931644e-16,1.3432097015993404e-11,1.0083268214701452e-08,2.514441745648205e-08
EFT:1.5731250871811277e-15,1.0235969799118207e-09,4.1946246191873777e-13,0.9999999540792174,1.4242668627870027e-14,9.65563239191398e-09,1.1394340680931563e-16,1.34320970159935e-11,1.0083268214701489e-08,2.514441745648223e-08
Random386
Raw:1.5731250871811167e-15,1.023596979911817e-09,4.194624619187363e-13,0.9999999540792174,1.4242668627869875e-14,9.65563239191398e-09,1.1394340680931482e-16,1.3432097015993451e-11,1.0083268214701452e-08,2.514441745648205e-08
EFT:1.5731250871811277e-15,1.0235969799118207e-09,4.1946246191873777e-13,0.9999999540792174,1.4242668627870077e-14,9.65563239191398e-09,1.1394340680931563e-16,1.34320970159935e-11,1.0083268214701489e-08,2.514441745648223e-08
Random387
Raw:1.5731250871811167e-15,1.0235969799118135e-09,4.194624619187348e-13,0.9999999540792174,1.4242668627869875e-14,9.655632391913945e-09,1.1394340680931482e-16,1.3432097015993404e-11,1.0083268214701345e-08,2.514441745648187e-08
EFT:1.5731250871811277e-15,1.0235969799118207e-09,4.1946246191873777e-13,0.9999999540792174,1.4242668627870027e-14,9.65563239191398e-09,1.1394340680931563e-16,1.34320970159935e-11,1.0083268214701489e-08,2.514441745648223e-08
Random388
Raw:1.5731250871811277e-15,1.0235969799118207e-09,4.194624619187393e-13,0.9999999540792174,1.4242668627869976e-14,9.65563239191398e-09,1.1394340680931563e-16,1.34320970159935e-11,1.0083268214701489e-08,2.514441745648214e-08
EFT:1.5731250871811277e-15,1.0235969799118207e-09,4.1946246191873777e-13,0.9999999540792174,1.4242668627870027e-14,9.65563239191398e-09,1.1394340680931563e-16,1.34320970159935e-11,1.0083268214701489e-08,2.514441745648223e-08
Random389
Raw:1.5731250871811277e-15,1.0235969799118207e-09,4.194624619187363e-13,0.9999999540792174,1.4242668627870027e-14,9.655632391913945e-09,1.1394340680931563e-16,1.34320970159935e-11,1.0083268214701489e-08,2.514441745648214e-08
EFT:1.5731250871811277e-15,1.0235969799118207e-09,4.1946246191873777e-13,0.9999999540792174,1.4242668627870027e-14,9.65563239191398e-09,1.1394340680931563e-16,1.34320970159935e-11,1.0083268214701489e-08,2.514441745648223e-08
Random390
Raw:1.573125087181139e-15,1.0235969799118243e-09,4.1946246191874226e-13,0.9999999540792174,1.4242668627870178e-14,9.655632391914014e-09,1.1394340680931644e-16,1.3432097015993546e-11,1.008326821470156e-08,2.514441745648223e-08
EFT:1.5731250871811277e-15,1.0235969799118207e-09,4.1946246191873777e-13,0.9999999540792174,1.4242668627870027e-14,9.65563239191398e-09,1.1394340680931563e-16,1.34320970159935e-11,1.0083268214701489e-08,2.514441745648223e-08
Random391
Raw:1.5731250871811167e-15,1.023596979911817e-09,4.194624619187363e-13,0.9999999540792174,1.4242668627869976e-14,9.655632391913945e-09,1.1394340680931482e-16,1.34320970159935e-11,1.0083268214701452e-08,2.514441745648214e-08
EFT:1.5731250871811277e-15,1.0235969799118207e-09,4.1946246191873777e-13,0.9999999540792174,1.4242668627870077e-14,9.65563239191398e-09,1.1394340680931563e-16,1.34320970159935e-11,1.0083268214701489e-08,2.514441745648223e-08
Random392
Raw:1.5731250871811054e-15,1.023596979911817e-09,4.194624619187363e-13,0.9999999540792174,1.4242668627869976e-14,9.65563239191398e-09,1.1394340680931482e-16,1.34320970159935e-11,1.0083268214701452e-08,2.514441745648214e-08
EFT:1.5731250871811277e-15,1.0235969799118207e-09,4.1946246191873777e-13,0.9999999540792174,1.4242668627870027e-14,9.65563239191398e-09,1.1394340680931563e-16,1.34320970159935e-11,1.0083268214701489e-08,2.514441745648223e-08
Random393
Raw:1.5731250871811054e-15,1.023596979911817e-09,4.194624619187363e-13,0.9999999540792174,1.4242668627869976e-14,9.65563239191398e-09,1.1394340680931482e-16,1.34320970159935e-11,1.0083268214701381e-08,2.514441745648214e-08
EFT:1.5731250871811277e-15,1.0235969799118207e-09,4.1946246191873777e-13,0.9999999540792174,1.4242668627870027e-14,9.65563239191398e-09,1.1394340680931563e-16,1.34320970159935e-11,1.0083268214701489e-08,2.514441745648223e-08
Random394
Raw:1.5731250871811054e-15,1.0235969799118135e-09,4.194624619187348e-13,0.9999999540792174,1.4242668627869926e-14,9.655632391913945e-09,1.1394340680931482e-16,1.3432097015993451e-11,1.0083268214701381e-08,2.514441745648196e-08
EFT:1.5731250871811277e-15,1.0235969799118207e-09,4.1946246191873777e-13,0.9999999540792174,1.4242668627870027e-14,9.65563239191398e-09,1.1394340680931563e-16,1.34320970159935e-11,1.0083268214701489e-08,2.514441745648223e-08
Random395
Raw:1.5731250871811502e-15,1.0235969799118317e-09,4.1946246191874226e-13,0.9999999540792174,1.4242668627870128e-14,9.655632391914082e-09,1.1394340680931644e-16,1.3432097015993595e-11,1.008326821470156e-08,2.5144417456482318e-08
EFT:1.5731250871811277e-15,1.0235969799118207e-09,4.1946246191873777e-13,0.9999999540792174,1.4242668627870027e-14,9.65563239191398e-09,1.1394340680931563e-16,1.34320970159935e-11,1.0083268214701489e-08,2.514441745648223e-08
Random396
Raw:1.5731250871811277e-15,1.023596979911817e-09,4.194624619187363e-13,0.9999999540792174,1.4242668627869976e-14,9.655632391914014e-09,1.1394340680931563e-16,1.3432097015993451e-11,1.0083268214701452e-08,2.514441745648214e-08
EFT:1.5731250871811277e-15,1.0235969799118207e-09,4.1946246191873777e-13,0.9999999540792174,1.4242668627870027e-14,9.65563239191398e-09,1.1394340680931563e-16,1.34320970159935e-11,1.0083268214701489e-08,2.514441745648223e-08
Random397
Raw:1.5731250871811167e-15,1.023596979911817e-09,4.194624619187393e-13,0.9999999540792174,1.4242668627869976e-14,9.655632391913945e-09,1.1394340680931563e-16,1.34320970159935e-11,1.0083268214701418e-08,2.514441745648205e-08
EFT:1.5731250871811277e-15,1.0235969799118207e-09,4.1946246191873777e-13,0.9999999540792174,1.4242668627870027e-14,9.65563239191398e-09,1.1394340680931563e-16,1.34320970159935e-11,1.0083268214701489e-08,2.514441745648223e-08
Random398
Raw:1.5731250871811502e-15,1.023596979911828e-09,4.1946246191874075e-13,0.9999999540792174,1.4242668627870178e-14,9.655632391914082e-09,1.1394340680931726e-16,1.3432097015993642e-11,1.008326821470156e-08,2.5144417456482318e-08
EFT:1.5731250871811277e-15,1.0235969799118207e-09,4.1946246191873777e-13,0.9999999540792174,1.4242668627870027e-14,9.65563239191398e-09,1.1394340680931563e-16,1.34320970159935e-11,1.0083268214701489e-08,2.514441745648223e-08
Random399
Raw:1.5731250871811277e-15,1.0235969799118207e-09,4.194624619187393e-13,0.9999999540792174,1.4242668627869976e-14,9.655632391914014e-09,1.1394340680931563e-16,1.34320970159935e-11,1.0083268214701489e-08,2.514441745648223e-08
EFT:1.5731250871811277e-15,1.0235969799118207e-09,4.1946246191873777e-13,0.9999999540792174,1.4242668627870077e-14,9.65563239191398e-09,1.1394340680931563e-16,1.34320970159935e-11,1.0083268214701489e-08,2.514441745648223e-08
Random400
Raw:1.5731250871811167e-15,1.0235969799118135e-09,4.194624619187348e-13,0.9999999540792174,1.4242668627869875e-14,9.655632391913945e-09,1.1394340680931563e-16,1.3432097015993451e-11,1.0083268214701418e-08,2.514441745648196e-08
EFT:1.5731250871811277e-15,1.0235969799118207e-09,4.1946246191873777e-13,0.9999999540792174,1.4242668627870027e-14,9.65563239191398e-09,1.1394340680931563e-16,1.34320970159935e-11,1.0083268214701489e-08,2.514441745648223e-08
Random401
Raw:1.5731250871811277e-15,1.023596979911817e-09,4.1946246191873777e-13,0.9999999540792174,1.4242668627869926e-14,9.655632391913877e-09,1.1394340680931482e-16,1.34320970159935e-11,1.0083268214701452e-08,2.514441745648205e-08
EFT:1.5731250871811277e-15,1.0235969799118207e-09,4.1946246191873777e-13,0.9999999540792174,1.4242668627870027e-14,9.65563239191398e-09,1.1394340680931563e-16,1.34320970159935e-11,1.0083268214701489e-08,2.514441745648223e-08
Random402
Raw:1.5731250871811277e-15,1.0235969799118243e-09,4.1946246191874226e-13,0.9999999540792174,1.4242668627870077e-14,9.655632391914014e-09,1.1394340680931644e-16,1.3432097015993595e-11,1.0083268214701525e-08,2.514441745648223e-08
EFT:1.5731250871811277e-15,1.0235969799118207e-09,4.1946246191873777e-13,0.9999999540792174,1.4242668627870027e-14,9.65563239191398e-09,1.1394340680931563e-16,1.34320970159935e-11,1.0083268214701489e-08,2.514441745648223e-08
Random403
Raw:1.5731250871811502e-15,1.0235969799118243e-09,4.194624619187393e-13,0.9999999540792174,1.4242668627870077e-14,9.655632391914014e-09,1.1394340680931644e-16,1.3432097015993546e-11,1.0083268214701525e-08,2.5144417456482318e-08
EFT:1.5731250871811277e-15,1.0235969799118207e-09,4.1946246191873777e-13,0.9999999540792174,1.4242668627870027e-14,9.65563239191398e-09,1.1394340680931563e-16,1.34320970159935e-11,1.0083268214701489e-08,2.514441745648223e-08
Random404
Raw:1.5731250871811277e-15,1.0235969799118243e-09,4.194624619187393e-13,0.9999999540792174,1.4242668627870077e-14,9.655632391914047e-09,1.1394340680931644e-16,1.34320970159935e-11,1.0083268214701525e-08,2.5144417456482318e-08
EFT:1.5731250871811277e-15,1.0235969799118207e-09,4.1946246191873777e-13,0.9999999540792174,1.4242668627870027e-14,9.65563239191398e-09,1.1394340680931563e-16,1.34320970159935e-11,1.0083268214701489e-08,2.514441745648223e-08
Random405
Raw:1.5731250871811277e-15,1.0235969799118243e-09,4.194624619187452e-13,0.9999999540792174,1.4242668627870077e-14,9.655632391914014e-09,1.1394340680931644e-16,1.3432097015993595e-11,1.008326821470156e-08,2.514441745648214e-08
EFT:1.5731250871811277e-15,1.0235969799118207e-09,4.1946246191873777e-13,0.9999999540792174,1.4242668627870027e-14,9.65563239191398e-09,1.1394340680931563e-16,1.34320970159935e-11,1.0083268214701489e-08,2.514441745648223e-08
Random406
Raw:1.5731250871811277e-15,1.0235969799118207e-09,4.194624619187393e-13,0.9999999540792174,1.4242668627870077e-14,9.655632391914014e-09,1.1394340680931644e-16,1.34320970159935e-11,1.0083268214701489e-08,2.514441745648214e-08
EFT:1.5731250871811277e-15,1.0235969799118207e-09,4.1946246191873777e-13,0.9999999540792174,1.4242668627870027e-14,9.65563239191398e-09,1.1394340680931563e-16,1.34320970159935e-11,1.0083268214701489e-08,2.514441745648223e-08
Random407
Raw:1.5731250871811167e-15,1.023596979911817e-09,4.194624619187393e-13,0.9999999540792174,1.4242668627869875e-14,9.655632391913912e-09,1.1394340680931482e-16,1.34320970159935e-11,1.0083268214701418e-08,2.514441745648205e-08
EFT:1.5731250871811277e-15,1.0235969799118207e-09,4.1946246191873777e-13,0.9999999540792174,1.4242668627870077e-14,9.65563239191398e-09,1.1394340680931563e-16,1.34320970159935e-11,1.0083268214701489e-08,2.514441745648223e-08
Random408
Raw:1.5731250871811167e-15,1.023596979911817e-09,4.194624619187363e-13,0.9999999540792174,1.4242668627869976e-14,9.65563239191398e-09,1.1394340680931482e-16,1.3432097015993451e-11,1.0083268214701452e-08,2.514441745648205e-08
EFT:1.5731250871811277e-15,1.0235969799118207e-09,4.1946246191873777e-13,0.9999999540792174,1.4242668627870027e-14,9.65563239191398e-09,1.1394340680931563e-16,1.34320970159935e-11,1.0083268214701489e-08,2.514441745648223e-08
Random409
Raw:1.5731250871811167e-15,1.023596979911817e-09,4.194624619187363e-13,0.9999999540792174,1.4242668627869875e-14,9.655632391913945e-09,1.1394340680931644e-16,1.3432097015993451e-11,1.0083268214701489e-08,2.514441745648214e-08
EFT:1.5731250871811277e-15,1.0235969799118207e-09,4.1946246191873777e-13,0.9999999540792174,1.4242668627870027e-14,9.65563239191398e-09,1.1394340680931563e-16,1.34320970159935e-11,1.0083268214701489e-08,2.514441745648223e-08
Random410
Raw:1.5731250871811277e-15,1.0235969799118207e-09,4.1946246191874226e-13,0.9999999540792174,1.4242668627870077e-14,9.65563239191398e-09,1.1394340680931644e-16,1.3432097015993595e-11,1.0083268214701452e-08,2.514441745648214e-08
EFT:1.5731250871811277e-15,1.0235969799118207e-09,4.1946246191873777e-13,0.9999999540792174,1.4242668627870027e-14,9.65563239191398e-09,1.1394340680931563e-16,1.34320970159935e-11,1.0083268214701489e-08,2.514441745648223e-08
Random411
Raw:1.5731250871811277e-15,1.0235969799118207e-09,4.194624619187393e-13,0.9999999540792174,1.4242668627869976e-14,9.65563239191398e-09,1.1394340680931644e-16,1.34320970159935e-11,1.0083268214701489e-08,2.514441745648214e-08
EFT:1.5731250871811277e-15,1.0235969799118207e-09,4.1946246191873777e-13,0.9999999540792174,1.4242668627870077e-14,9.65563239191398e-09,1.1394340680931563e-16,1.34320970159935e-11,1.0083268214701489e-08,2.514441745648223e-08
Random412
Raw:1.5731250871811277e-15,1.023596979911828e-09,4.194624619187393e-13,0.9999999540792174,1.4242668627870077e-14,9.655632391914047e-09,1.1394340680931644e-16,1.3432097015993546e-11,1.008326821470156e-08,2.5144417456482318e-08
EFT:1.5731250871811277e-15,1.0235969799118207e-09,4.1946246191873777e-13,0.9999999540792174,1.4242668627870027e-14,9.65563239191398e-09,1.1394340680931563e-16,1.34320970159935e-11,1.0083268214701489e-08,2.514441745648223e-08
Random413
Raw:1.5731250871811054e-15,1.0235969799118098e-09,4.194624619187363e-13,0.9999999540792174,1.4242668627869875e-14,9.655632391913912e-09,1.1394340680931482e-16,1.3432097015993451e-11,1.0083268214701418e-08,2.514441745648205e-08
EFT:1.5731250871811277e-15,1.0235969799118207e-09,4.1946246191873777e-13,0.9999999540792174,1.4242668627870027e-14,9.65563239191398e-09,1.1394340680931563e-16,1.34320970159935e-11,1.0083268214701489e-08,2.514441745648223e-08
Random414
Raw:1.5731250871811167e-15,1.023596979911817e-09,4.194624619187363e-13,0.9999999540792174,1.4242668627869976e-14,9.65563239191398e-09,1.1394340680931644e-16,1.34320970159935e-11,1.0083268214701418e-08,2.514441745648214e-08
EFT:1.5731250871811277e-15,1.0235969799118207e-09,4.1946246191873777e-13,0.9999999540792174,1.4242668627870027e-14,9.65563239191398e-09,1.1394340680931563e-16,1.34320970159935e-11,1.0083268214701489e-08,2.514441745648223e-08
Random415
Raw:1.5731250871811277e-15,1.0235969799118243e-09,4.194624619187393e-13,0.9999999540792174,1.4242668627870128e-14,9.655632391914014e-09,1.1394340680931644e-16,1.3432097015993595e-11,1.0083268214701525e-08,2.5144417456482318e-08
EFT:1.5731250871811277e-15,1.0235969799118207e-09,4.1946246191873777e-13,0.9999999540792174,1.4242668627870027e-14,9.65563239191398e-09,1.1394340680931563e-16,1.34320970159935e-11,1.0083268214701489e-08,2.514441745648223e-08
Random416
Raw:1.5731250871811277e-15,1.023596979911817e-09,4.1946246191873777e-13,0.9999999540792174,1.4242668627870077e-14,9.65563239191398e-09,1.1394340680931644e-16,1.34320970159935e-11,1.0083268214701489e-08,2.514441745648205e-08
EFT:1.5731250871811277e-15,1.0235969799118207e-09,4.1946246191873777e-13,0.9999999540792174,1.4242668627870027e-14,9.65563239191398e-09,1.1394340680931563e-16,1.34320970159935e-11,1.0083268214701489e-08,2.514441745648223e-08
Random417
Raw:1.5731250871811277e-15,1.023596979911817e-09,4.194624619187393e-13,0.9999999540792174,1.4242668627869976e-14,9.65563239191398e-09,1.1394340680931482e-16,1.3432097015993451e-11,1.0083268214701452e-08,2.514441745648214e-08
EFT:1.5731250871811277e-15,1.0235969799118207e-09,4.1946246191873777e-13,0.9999999540792174,1.4242668627870027e-14,9.65563239191398e-09,1.1394340680931563e-16,1.34320970159935e-11,1.0083268214701489e-08,2.514441745648223e-08
Random418
Raw:1.5731250871811277e-15,1.0235969799118207e-09,4.194624619187393e-13,0.9999999540792174,1.4242668627870077e-14,9.655632391913945e-09,1.1394340680931563e-16,1.3432097015993595e-11,1.0083268214701489e-08,2.514441745648214e-08
EFT:1.5731250871811277e-15,1.0235969799118207e-09,4.1946246191873777e-13,0.9999999540792174,1.4242668627870077e-14,9.65563239191398e-09,1.1394340680931563e-16,1.34320970159935e-11,1.0083268214701489e-08,2.514441745648223e-08
Random419
Raw:1.5731250871811277e-15,1.0235969799118207e-09,4.1946246191873777e-13,0.9999999540792174,1.4242668627870027e-14,9.655632391914014e-09,1.1394340680931563e-16,1.34320970159935e-11,1.0083268214701489e-08,2.514441745648223e-08
EFT:1.5731250871811277e-15,1.0235969799118207e-09,4.1946246191873777e-13,0.9999999540792174,1.4242668627870027e-14,9.65563239191398e-09,1.1394340680931563e-16,1.34320970159935e-11,1.0083268214701489e-08,2.514441745648223e-08
Random420
Raw:1.5731250871811277e-15,1.0235969799118243e-09,4.194624619187393e-13,0.9999999540792174,1.4242668627870077e-14,9.655632391914014e-09,1.1394340680931644e-16,1.3432097015993595e-11,1.0083268214701489e-08,2.514441745648223e-08
EFT:1.5731250871811277e-15,1.0235969799118207e-09,4.1946246191873777e-13,0.9999999540792174,1.4242668627870027e-14,9.65563239191398e-09,1.1394340680931563e-16,1.34320970159935e-11,1.0083268214701489e-08,2.514441745648223e-08
Random421
Raw:1.5731250871811277e-15,1.0235969799118243e-09,4.194624619187393e-13,0.9999999540792174,1.4242668627870077e-14,9.655632391914047e-09,1.1394340680931563e-16,1.3432097015993546e-11,1.0083268214701525e-08,2.5144417456482318e-08
EFT:1.5731250871811277e-15,1.0235969799118207e-09,4.1946246191873777e-13,0.9999999540792174,1.4242668627870027e-14,9.65563239191398e-09,1.1394340680931563e-16,1.34320970159935e-11,1.0083268214701489e-08,2.514441745648223e-08
Random422
Raw:1.5731250871811277e-15,1.023596979911817e-09,4.194624619187393e-13,0.9999999540792174,1.4242668627869976e-14,9.65563239191398e-09,1.1394340680931482e-16,1.34320970159935e-11,1.0083268214701525e-08,2.514441745648214e-08
EFT:1.5731250871811277e-15,1.0235969799118207e-09,4.1946246191873777e-13,0.9999999540792174,1.4242668627870077e-14,9.65563239191398e-09,1.1394340680931563e-16,1.34320970159935e-11,1.0083268214701489e-08,2.514441745648223e-08
Random423
Raw:1.5731250871811277e-15,1.0235969799118243e-09,4.1946246191874075e-13,0.9999999540792174,1.4242668627870027e-14,9.655632391914014e-09,1.1394340680931644e-16,1.3432097015993595e-11,1.0083268214701525e-08,2.514441745648214e-08
EFT:1.5731250871811277e-15,1.0235969799118207e-09,4.1946246191873777e-13,0.9999999540792174,1.4242668627870027e-14,9.65563239191398e-09,1.1394340680931563e-16,1.34320970159935e-11,1.0083268214701489e-08,2.514441745648223e-08
Random424
Raw:1.5731250871811054e-15,1.0235969799118135e-09,4.194624619187363e-13,0.9999999540792174,1.4242668627869825e-14,9.655632391913912e-09,1.1394340680931563e-16,1.3432097015993404e-11,1.0083268214701418e-08,2.514441745648196e-08
EFT:1.5731250871811277e-15,1.0235969799118207e-09,4.1946246191873777e-13,0.9999999540792174,1.4242668627870027e-14,9.65563239191398e-09,1.1394340680931563e-16,1.34320970159935e-11,1.0083268214701489e-08,2.514441745648223e-08
Random425
Raw:1.5731250871811167e-15,1.023596979911817e-09,4.194624619187393e-13,0.9999999540792174,1.4242668627869976e-14,9.655632391913912e-09,1.1394340680931563e-16,1.3432097015993451e-11,1.0083268214701489e-08,2.514441745648205e-08
EFT:1.5731250871811277e-15,1.0235969799118207e-09,4.1946246191873777e-13,0.9999999540792174,1.4242668627870027e-14,9.65563239191398e-09,1.1394340680931563e-16,1.34320970159935e-11,1.0083268214701489e-08,2.514441745648223e-08
Random426
Raw:1.573125087181139e-15,1.023596979911828e-09,4.1946246191874075e-13,0.9999999540792174,1.4242668627870077e-14,9.655632391914082e-09,1.1394340680931644e-16,1.3432097015993595e-11,1.0083268214701596e-08,2.5144417456482408e-08
EFT:1.5731250871811277e-15,1.0235969799118207e-09,4.1946246191873777e-13,0.9999999540792174,1.4242668627870027e-14,9.65563239191398e-09,1.1394340680931563e-16,1.34320970159935e-11,1.0083268214701489e-08,2.514441745648223e-08
Random427
Raw:1.5731250871811277e-15,1.0235969799118207e-09,4.1946246191873777e-13,0.9999999540792174,1.4242668627870077e-14,9.655632391914047e-09,1.1394340680931644e-16,1.3432097015993546e-11,1.0083268214701489e-08,2.514441745648214e-08
EFT:1.5731250871811277e-15,1.0235969799118207e-09,4.1946246191873777e-13,0.9999999540792174,1.4242668627870027e-14,9.65563239191398e-09,1.1394340680931563e-16,1.34320970159935e-11,1.0083268214701489e-08,2.514441745648223e-08
Random428
Raw:1.5731250871811167e-15,1.023596979911817e-09,4.194624619187363e-13,0.9999999540792174,1.4242668627869976e-14,9.655632391913945e-09,1.1394340680931482e-16,1.34320970159935e-11,1.0083268214701452e-08,2.514441745648214e-08
EFT:1.5731250871811277e-15,1.0235969799118207e-09,4.1946246191873777e-13,0.9999999540792174,1.4242668627870077e-14,9.65563239191398e-09,1.1394340680931563e-16,1.34320970159935e-11,1.0083268214701489e-08,2.514441745648223e-08
Random429
Raw:1.5731250871811054e-15,1.0235969799118098e-09,4.1946246191873333e-13,0.9999999540792174,1.4242668627869825e-14,9.655632391913912e-09,1.1394340680931482e-16,1.3432097015993404e-11,1.0083268214701381e-08,2.514441745648187e-08
EFT:1.5731250871811277e-15,1.0235969799118207e-09,4.1946246191873777e-13,0.9999999540792174,1.4242668627870027e-14,9.65563239191398e-09,1.1394340680931563e-16,1.34320970159935e-11,1.0083268214701489e-08,2.514441745648223e-08
Random430
Raw:1.5731250871811277e-15,1.0235969799118207e-09,4.194624619187393e-13,0.9999999540792174,1.4242668627870027e-14,9.655632391914014e-09,1.1394340680931644e-16,1.3432097015993546e-11,1.0083268214701489e-08,2.514441745648214e-08
EFT:1.5731250871811277e-15,1.0235969799118207e-09,4.1946246191873777e-13,0.9999999540792174,1.4242668627870027e-14,9.65563239191398e-09,1.1394340680931563e-16,1.34320970159935e-11,1.0083268214701489e-08,2.514441745648223e-08
Random431
Raw:1.573125087181139e-15,1.0235969799118243e-09,4.1946246191874075e-13,0.9999999540792174,1.4242668627870077e-14,9.65563239191398e-09,1.1394340680931644e-16,1.3432097015993595e-11,1.0083268214701525e-08,2.5144417456482318e-08
EFT:1.5731250871811277e-15,1.0235969799118207e-09,4.1946246191873777e-13,0.9999999540792174,1.4242668627870027e-14,9.65563239191398e-09,1.1394340680931563e-16,1.34320970159935e-11,1.0083268214701489e-08,2.514441745648223e-08
Random432
Raw:1.5731250871811277e-15,1.0235969799118243e-09,4.1946246191874226e-13,0.9999999540792174,1.4242668627869976e-14,9.655632391914014e-09,1.1394340680931644e-16,1.3432097015993595e-11,1.0083268214701525e-08,2.514441745648223e-08
EFT:1.5731250871811277e-15,1.0235969799118207e-09,4.1946246191873777e-13,0.9999999540792174,1.4242668627870027e-14,9.65563239191398e-09,1.1394340680931563e-16,1.34320970159935e-11,1.0083268214701489e-08,2.514441745648223e-08
Random433
Raw:1.5731250871811277e-15,1.0235969799118135e-09,4.194624619187363e-13,0.9999999540792174,1.4242668627869976e-14,9.655632391913945e-09,1.1394340680931482e-16,1.34320970159935e-11,1.0083268214701489e-08,2.514441745648214e-08
EFT:1.5731250871811277e-15,1.0235969799118207e-09,4.1946246191873777e-13,0.9999999540792174,1.4242668627870077e-14,9.65563239191398e-09,1.1394340680931563e-16,1.34320970159935e-11,1.0083268214701489e-08,2.514441745648223e-08
Random434
Raw:1.5731250871811277e-15,1.0235969799118135e-09,4.194624619187363e-13,0.9999999540792174,1.4242668627869976e-14,9.65563239191398e-09,1.1394340680931644e-16,1.3432097015993451e-11,1.0083268214701452e-08,2.514441745648214e-08
EFT:1.5731250871811277e-15,1.0235969799118207e-09,4.1946246191873777e-13,0.9999999540792174,1.4242668627870027e-14,9.65563239191398e-09,1.1394340680931563e-16,1.34320970159935e-11,1.0083268214701489e-08,2.514441745648223e-08
Random435
Raw:1.5731250871811167e-15,1.023596979911817e-09,4.194624619187363e-13,0.9999999540792174,1.4242668627869976e-14,9.65563239191398e-09,1.1394340680931482e-16,1.34320970159935e-11,1.0083268214701418e-08,2.514441745648214e-08
EFT:1.5731250871811277e-15,1.0235969799118207e-09,4.1946246191873777e-13,0.9999999540792174,1.4242668627870027e-14,9.65563239191398e-09,1.1394340680931563e-16,1.34320970159935e-11,1.0083268214701489e-08,2.514441745648223e-08
Random436
Raw:1.5731250871811277e-15,1.023596979911817e-09,4.194624619187363e-13,0.9999999540792174,1.4242668627869976e-14,9.655632391913945e-09,1.1394340680931644e-16,1.34320970159935e-11,1.0083268214701489e-08,2.514441745648205e-08
EFT:1.5731250871811277e-15,1.0235969799118207e-09,4.1946246191873777e-13,0.9999999540792174,1.4242668627870027e-14,9.65563239191398e-09,1.1394340680931563e-16,1.34320970159935e-11,1.0083268214701489e-08,2.514441745648223e-08
Random437
Raw:1.5731250871811277e-15,1.0235969799118207e-09,4.1946246191873777e-13,0.9999999540792174,1.4242668627870077e-14,9.655632391914082e-09,1.1394340680931644e-16,1.34320970159935e-11,1.0083268214701525e-08,2.5144417456482408e-08
EFT:1.5731250871811277e-15,1.0235969799118207e-09,4.1946246191873777e-13,0.9999999540792174,1.4242668627870027e-14,9.65563239191398e-09,1.1394340680931563e-16,1.34320970159935e-11,1.0083268214701489e-08,2.514441745648223e-08
Random438
Raw:1.5731250871811277e-15,1.0235969799118243e-09,4.194624619187393e-13,0.9999999540792174,1.4242668627869976e-14,9.655632391914014e-09,1.1394340680931563e-16,1.34320970159935e-11,1.0083268214701489e-08,2.514441745648223e-08
EFT:1.5731250871811277e-15,1.0235969799118207e-09,4.1946246191873777e-13,0.9999999540792174,1.4242668627870027e-14,9.65563239191398e-09,1.1394340680931563e-16,1.34320970159935e-11,1.0083268214701489e-08,2.514441745648223e-08
Random439
Raw:1.5731250871811277e-15,1.0235969799118243e-09,4.1946246191874075e-13,0.9999999540792174,1.4242668627870128e-14,9.655632391914082e-09,1.1394340680931644e-16,1.3432097015993546e-11,1.0083268214701525e-08,2.5144417456482318e-08
EFT:1.5731250871811277e-15,1.0235969799118207e-09,4.1946246191873777e-13,0.9999999540792174,1.4242668627870077e-14,9.65563239191398e-09,1.1394340680931563e-16,1.34320970159935e-11,1.0083268214701489e-08,2.514441745648223e-08
Random440
Raw:1.5731250871811054e-15,1.0235969799118098e-09,4.1946246191873333e-13,0.9999999540792174,1.4242668627869875e-14,9.655632391913945e-09,1.1394340680931482e-16,1.3432097015993404e-11,1.0083268214701418e-08,2.514441745648196e-08
EFT:1.5731250871811277e-15,1.0235969799118207e-09,4.1946246191873777e-13,0.9999999540792174,1.4242668627870027e-14,9.65563239191398e-09,1.1394340680931563e-16,1.34320970159935e-11,1.0083268214701489e-08,2.514441745648223e-08
Random441
Raw:1.573125087181139e-15,1.0235969799118243e-09,4.194624619187393e-13,0.9999999540792174,1.4242668627870077e-14,9.655632391914047e-09,1.1394340680931563e-16,1.3432097015993546e-11,1.0083268214701525e-08,2.5144417456482318e-08
EFT:1.5731250871811277e-15,1.0235969799118207e-09,4.1946246191873777e-13,0.9999999540792174,1.4242668627870027e-14,9.65563239191398e-09,1.1394340680931563e-16,1.34320970159935e-11,1.0083268214701489e-08,2.514441745648223e-08
Random442
Raw:1.5731250871811054e-15,1.0235969799118135e-09,4.1946246191873333e-13,0.9999999540792174,1.4242668627869976e-14,9.655632391913912e-09,1.1394340680931403e-16,1.3432097015993451e-11,1.0083268214701418e-08,2.514441745648205e-08
EFT:1.5731250871811277e-15,1.0235969799118207e-09,4.1946246191873777e-13,0.9999999540792174,1.4242668627870077e-14,9.65563239191398e-09,1.1394340680931563e-16,1.34320970159935e-11,1.0083268214701489e-08,2.514441745648223e-08
Random443
Raw:1.5731250871811277e-15,1.023596979911817e-09,4.194624619187363e-13,0.9999999540792174,1.4242668627869875e-14,9.655632391913945e-09,1.1394340680931563e-16,1.3432097015993451e-11,1.0083268214701452e-08,2.514441745648205e-08
EFT:1.5731250871811277e-15,1.0235969799118207e-09,4.1946246191873777e-13,0.9999999540792174,1.4242668627870027e-14,9.65563239191398e-09,1.1394340680931563e-16,1.34320970159935e-11,1.0083268214701489e-08,2.514441745648223e-08
Random444
Raw:1.5731250871811167e-15,1.023596979911817e-09,4.194624619187363e-13,0.9999999540792174,1.4242668627869976e-14,9.65563239191398e-09,1.1394340680931482e-16,1.34320970159935e-11,1.0083268214701452e-08,2.514441745648214e-08
EFT:1.5731250871811277e-15,1.0235969799118207e-09,4.1946246191873777e-13,0.9999999540792174,1.4242668627870027e-14,9.65563239191398e-09,1.1394340680931563e-16,1.34320970159935e-11,1.0083268214701489e-08,2.514441745648223e-08
Random445
Raw:1.5731250871811277e-15,1.0235969799118207e-09,4.194624619187393e-13,0.9999999540792174,1.4242668627869976e-14,9.65563239191398e-09,1.1394340680931644e-16,1.34320970159935e-11,1.0083268214701489e-08,2.514441745648214e-08
EFT:1.5731250871811277e-15,1.0235969799118207e-09,4.1946246191873777e-13,0.9999999540792174,1.4242668627870077e-14,9.65563239191398e-09,1.1394340680931563e-16,1.34320970159935e-11,1.0083268214701489e-08,2.514441745648223e-08
Random446
Raw:1.5731250871811277e-15,1.023596979911817e-09,4.194624619187363e-13,0.9999999540792174,1.4242668627869976e-14,9.655632391914014e-09,1.1394340680931563e-16,1.34320970159935e-11,1.0083268214701489e-08,2.514441745648223e-08
EFT:1.5731250871811277e-15,1.0235969799118207e-09,4.1946246191873777e-13,0.9999999540792174,1.4242668627870027e-14,9.65563239191398e-09,1.1394340680931563e-16,1.34320970159935e-11,1.0083268214701489e-08,2.514441745648223e-08
Random447
Raw:1.573125087181139e-15,1.0235969799118243e-09,4.1946246191874226e-13,0.9999999540792174,1.4242668627870077e-14,9.65563239191398e-09,1.1394340680931644e-16,1.3432097015993595e-11,1.0083268214701525e-08,2.514441745648223e-08
EFT:1.5731250871811277e-15,1.0235969799118207e-09,4.1946246191873777e-13,0.9999999540792174,1.4242668627870027e-14,9.65563239191398e-09,1.1394340680931563e-16,1.34320970159935e-11,1.0083268214701489e-08,2.514441745648223e-08
Random448
Raw:1.5731250871811277e-15,1.023596979911817e-09,4.194624619187363e-13,0.9999999540792174,1.4242668627869976e-14,9.65563239191398e-09,1.1394340680931482e-16,1.34320970159935e-11,1.0083268214701418e-08,2.514441745648214e-08
EFT:1.5731250871811277e-15,1.0235969799118207e-09,4.1946246191873777e-13,0.9999999540792174,1.4242668627870027e-14,9.65563239191398e-09,1.1394340680931563e-16,1.34320970159935e-11,1.0083268214701489e-08,2.514441745648223e-08
Random449
Raw:1.5731250871811277e-15,1.0235969799118243e-09,4.194624619187393e-13,0.9999999540792174,1.4242668627870077e-14,9.655632391914047e-09,1.1394340680931644e-16,1.3432097015993546e-11,1.0083268214701489e-08,2.514441745648223e-08
EFT:1.5731250871811277e-15,1.0235969799118207e-09,4.1946246191873777e-13,0.9999999540792174,1.4242668627870077e-14,9.65563239191398e-09,1.1394340680931563e-16,1.34320970159935e-11,1.0083268214701489e-08,2.514441745648223e-08
Random450
Raw:1.5731250871811277e-15,1.0235969799118207e-09,4.194624619187393e-13,0.9999999540792174,1.4242668627870027e-14,9.655632391914014e-09,1.1394340680931644e-16,1.3432097015993546e-11,1.0083268214701489e-08,2.514441745648214e-08
EFT:1.5731250871811277e-15,1.0235969799118207e-09,4.1946246191873777e-13,0.9999999540792174,1.4242668627870077e-14,9.65563239191398e-09,1.1394340680931563e-16,1.34320970159935e-11,1.0083268214701489e-08,2.514441745648223e-08
Random451
Raw:1.5731250871811277e-15,1.0235969799118243e-09,4.1946246191874226e-13,0.9999999540792174,1.4242668627870077e-14,9.655632391914014e-09,1.1394340680931644e-16,1.3432097015993546e-11,1.008326821470156e-08,2.5144417456482318e-08
EFT:1.5731250871811277e-15,1.0235969799118207e-09,4.1946246191873777e-13,0.9999999540792174,1.4242668627870027e-14,9.65563239191398e-09,1.1394340680931563e-16,1.34320970159935e-11,1.0083268214701489e-08,2.514441745648223e-08
Random452
Raw:1.5731250871811277e-15,1.0235969799118207e-09,4.194624619187363e-13,0.9999999540792174,1.4242668627869976e-14,9.655632391914014e-09,1.1394340680931482e-16,1.3432097015993451e-11,1.0083268214701489e-08,2.514441745648223e-08
EFT:1.5731250871811277e-15,1.0235969799118207e-09,4.1946246191873777e-13,0.9999999540792174,1.4242668627870077e-14,9.65563239191398e-09,1.1394340680931563e-16,1.34320970159935e-11,1.0083268214701489e-08,2.514441745648223e-08
Random453
Raw:1.5731250871811167e-15,1.023596979911817e-09,4.194624619187363e-13,0.9999999540792174,1.4242668627869976e-14,9.65563239191398e-09,1.1394340680931482e-16,1.3432097015993451e-11,1.0083268214701452e-08,2.514441745648214e-08
EFT:1.5731250871811277e-15,1.0235969799118207e-09,4.1946246191873777e-13,0.9999999540792174,1.4242668627870027e-14,9.65563239191398e-09,1.1394340680931563e-16,1.34320970159935e-11,1.0083268214701489e-08,2.514441745648223e-08
Random454
Raw:1.5731250871811277e-15,1.023596979911817e-09,4.194624619187363e-13,0.9999999540792174,1.4242668627869926e-14,9.655632391913945e-09,1.1394340680931482e-16,1.34320970159935e-11,1.0083268214701452e-08,2.514441745648205e-08
EFT:1.5731250871811277e-15,1.0235969799118207e-09,4.1946246191873777e-13,0.9999999540792174,1.4242668627870027e-14,9.65563239191398e-09,1.1394340680931563e-16,1.34320970159935e-11,1.0083268214701489e-08,2.514441745648223e-08
Random455
Raw:1.573125087181139e-15,1.0235969799118243e-09,4.194624619187393e-13,0.9999999540792174,1.4242668627870077e-14,9.65563239191398e-09,1.1394340680931644e-16,1.3432097015993595e-11,1.0083268214701525e-08,2.514441745648223e-08
EFT:1.5731250871811277e-15,1.0235969799118207e-09,4.1946246191873777e-13,0.9999999540792174,1.4242668627870027e-14,9.65563239191398e-09,1.1394340680931563e-16,1.34320970159935e-11,1.0083268214701489e-08,2.514441745648223e-08
Random456
Raw:1.5731250871811277e-15,1.023596979911817e-09,4.194624619187363e-13,0.9999999540792174,1.4242668627869976e-14,9.65563239191398e-09,1.1394340680931482e-16,1.3432097015993404e-11,1.0083268214701489e-08,2.514441745648214e-08
EFT:1.5731250871811277e-15,1.0235969799118207e-09,4.1946246191873777e-13,0.9999999540792174,1.4242668627870077e-14,9.65563239191398e-09,1.1394340680931563e-16,1.34320970159935e-11,1.0083268214701489e-08,2.514441745648223e-08
Random457
Raw:1.5731250871811277e-15,1.023596979911828e-09,4.1946246191874226e-13,0.9999999540792174,1.4242668627870077e-14,9.655632391914014e-09,1.1394340680931644e-16,1.3432097015993595e-11,1.0083268214701525e-08,2.514441745648214e-08
EFT:1.5731250871811277e-15,1.0235969799118207e-09,4.1946246191873777e-13,0.9999999540792174,1.4242668627870027e-14,9.65563239191398e-09,1.1394340680931563e-16,1.34320970159935e-11,1.0083268214701489e-08,2.514441745648223e-08
Random458
Raw:1.5731250871811167e-15,1.0235969799118135e-09,4.194624619187363e-13,0.9999999540792174,1.4242668627869976e-14,9.655632391913912e-09,1.1394340680931563e-16,1.3432097015993404e-11,1.0083268214701418e-08,2.514441745648196e-08
EFT:1.5731250871811277e-15,1.0235969799118207e-09,4.1946246191873777e-13,0.9999999540792174,1.4242668627870027e-14,9.65563239191398e-09,1.1394340680931563e-16,1.34320970159935e-11,1.0083268214701489e-08,2.514441745648223e-08
Random459
Raw:1.5731250871811277e-15,1.023596979911817e-09,4.1946246191874226e-13,0.9999999540792174,1.4242668627870077e-14,9.65563239191398e-09,1.1394340680931563e-16,1.3432097015993546e-11,1.0083268214701525e-08,2.514441745648214e-08
EFT:1.5731250871811277e-15,1.0235969799118207e-09,4.1946246191873777e-13,0.9999999540792174,1.4242668627870027e-14,9.65563239191398e-09,1.1394340680931563e-16,1.34320970159935e-11,1.0083268214701489e-08,2.514441745648223e-08
Random460
Raw:1.5731250871811277e-15,1.023596979911817e-09,4.194624619187348e-13,0.9999999540792174,1.4242668627869875e-14,9.655632391913945e-09,1.1394340680931482e-16,1.3432097015993404e-11,1.0083268214701381e-08,2.514441745648196e-08
EFT:1.5731250871811277e-15,1.0235969799118207e-09,4.1946246191873777e-13,0.9999999540792174,1.4242668627870027e-14,9.65563239191398e-09,1.1394340680931563e-16,1.34320970159935e-11,1.0083268214701489e-08,2.514441745648223e-08
Random461
Raw:1.5731250871811277e-15,1.0235969799118207e-09,4.194624619187393e-13,0.9999999540792174,1.4242668627870027e-14,9.65563239191398e-09,1.1394340680931644e-16,1.34320970159935e-11,1.0083268214701525e-08,2.514441745648223e-08
EFT:1.5731250871811277e-15,1.0235969799118207e-09,4.1946246191873777e-13,0.9999999540792174,1.4242668627870027e-14,9.65563239191398e-09,1.1394340680931563e-16,1.34320970159935e-11,1.0083268214701489e-08,2.514441745648223e-08
Random462
Raw:1.5731250871811277e-15,1.0235969799118207e-09,4.194624619187393e-13,0.9999999540792174,1.4242668627870077e-14,9.65563239191398e-09,1.1394340680931644e-16,1.3432097015993546e-11,1.0083268214701452e-08,2.514441745648214e-08
EFT:1.5731250871811277e-15,1.0235969799118207e-09,4.1946246191873777e-13,0.9999999540792174,1.4242668627870027e-14,9.65563239191398e-09,1.1394340680931563e-16,1.34320970159935e-11,1.0083268214701489e-08,2.514441745648223e-08
Random463
Raw:1.5731250871811277e-15,1.0235969799118135e-09,4.1946246191873777e-13,0.9999999540792174,1.4242668627869976e-14,9.655632391913945e-09,1.1394340680931563e-16,1.3432097015993451e-11,1.0083268214701489e-08,2.514441745648214e-08
EFT:1.5731250871811277e-15,1.0235969799118207e-09,4.1946246191873777e-13,0.9999999540792174,1.4242668627870027e-14,9.65563239191398e-09,1.1394340680931563e-16,1.34320970159935e-11,1.0083268214701489e-08,2.514441745648223e-08
Random464
Raw:1.5731250871811277e-15,1.0235969799118243e-09,4.194624619187393e-13,0.9999999540792174,1.4242668627869976e-14,9.655632391914014e-09,1.1394340680931644e-16,1.3432097015993546e-11,1.0083268214701452e-08,2.514441745648214e-08
EFT:1.5731250871811277e-15,1.0235969799118207e-09,4.1946246191873777e-13,0.9999999540792174,1.4242668627870027e-14,9.65563239191398e-09,1.1394340680931563e-16,1.34320970159935e-11,1.0083268214701489e-08,2.514441745648223e-08
Random465
Raw:1.5731250871811167e-15,1.023596979911817e-09,4.194624619187363e-13,0.9999999540792174,1.4242668627869926e-14,9.655632391913945e-09,1.1394340680931482e-16,1.3432097015993451e-11,1.0083268214701489e-08,2.514441745648214e-08
EFT:1.5731250871811277e-15,1.0235969799118207e-09,4.1946246191873777e-13,0.9999999540792174,1.4242668627870027e-14,9.65563239191398e-09,1.1394340680931563e-16,1.34320970159935e-11,1.0083268214701489e-08,2.514441745648223e-08
Random466
Raw:1.5731250871811277e-15,1.023596979911817e-09,4.194624619187363e-13,0.9999999540792174,1.4242668627869976e-14,9.655632391913945e-09,1.1394340680931644e-16,1.34320970159935e-11,1.0083268214701418e-08,2.514441745648205e-08
EFT:1.5731250871811277e-15,1.0235969799118207e-09,4.1946246191873777e-13,0.9999999540792174,1.4242668627870027e-14,9.65563239191398e-09,1.1394340680931563e-16,1.34320970159935e-11,1.0083268214701489e-08,2.514441745648223e-08
Random467
Raw:1.5731250871811277e-15,1.023596979911817e-09,4.194624619187363e-13,0.9999999540792174,1.4242668627869976e-14,9.65563239191398e-09,1.1394340680931563e-16,1.34320970159935e-11,1.0083268214701418e-08,2.514441745648214e-08
EFT:1.5731250871811277e-15,1.0235969799118207e-09,4.1946246191873777e-13,0.9999999540792174,1.4242668627870077e-14,9.65563239191398e-09,1.1394340680931563e-16,1.34320970159935e-11,1.0083268214701489e-08,2.514441745648223e-08
Random468
Raw:1.5731250871811277e-15,1.0235969799118243e-09,4.194624619187393e-13,0.9999999540792174,1.4242668627870077e-14,9.655632391914014e-09,1.1394340680931563e-16,1.3432097015993546e-11,1.0083268214701525e-08,2.5144417456482408e-08
EFT:1.5731250871811277e-15,1.0235969799118207e-09,4.1946246191873777e-13,0.9999999540792174,1.4242668627870077e-14,9.65563239191398e-09,1.1394340680931563e-16,1.34320970159935e-11,1.0083268214701489e-08,2.514441745648223e-08
Random469
Raw:1.5731250871811277e-15,1.0235969799118207e-09,4.194624619187393e-13,0.9999999540792174,1.4242668627869976e-14,9.65563239191398e-09,1.1394340680931563e-16,1.3432097015993546e-11,1.0083268214701489e-08,2.514441745648214e-08
EFT:1.5731250871811277e-15,1.0235969799118207e-09,4.1946246191873777e-13,0.9999999540792174,1.4242668627870027e-14,9.65563239191398e-09,1.1394340680931563e-16,1.34320970159935e-11,1.0083268214701489e-08,2.514441745648223e-08
Random470
Raw:1.573125087181139e-15,1.0235969799118243e-09,4.1946246191874226e-13,0.9999999540792174,1.4242668627870128e-14,9.655632391914047e-09,1.1394340680931644e-16,1.3432097015993595e-11,1.0083268214701596e-08,2.5144417456482408e-08
EFT:1.5731250871811277e-15,1.0235969799118207e-09,4.1946246191873777e-13,0.9999999540792174,1.4242668627870027e-14,9.65563239191398e-09,1.1394340680931563e-16,1.34320970159935e-11,1.0083268214701489e-08,2.514441745648223e-08
Random471
Raw:1.5731250871811054e-15,1.0235969799118098e-09,4.1946246191873333e-13,0.9999999540792174,1.4242668627869825e-14,9.655632391913912e-09,1.1394340680931403e-16,1.3432097015993404e-11,1.0083268214701345e-08,2.514441745648187e-08
EFT:1.5731250871811277e-15,1.0235969799118207e-09,4.1946246191873777e-13,0.9999999540792174,1.4242668627870027e-14,9.65563239191398e-09,1.1394340680931563e-16,1.34320970159935e-11,1.0083268214701489e-08,2.514441745648223e-08
Random472
Raw:1.5731250871811277e-15,1.0235969799118207e-09,4.194624619187393e-13,0.9999999540792174,1.4242668627870077e-14,9.65563239191398e-09,1.1394340680931644e-16,1.3432097015993595e-11,1.0083268214701489e-08,2.514441745648214e-08
EFT:1.5731250871811277e-15,1.0235969799118207e-09,4.1946246191873777e-13,0.9999999540792174,1.4242668627870077e-14,9.65563239191398e-09,1.1394340680931563e-16,1.34320970159935e-11,1.0083268214701489e-08,2.514441745648223e-08
Random473
Raw:1.5731250871811277e-15,1.023596979911817e-09,4.1946246191873777e-13,0.9999999540792174,1.4242668627870027e-14,9.655632391914014e-09,1.1394340680931563e-16,1.3432097015993595e-11,1.0083268214701452e-08,2.514441745648223e-08
EFT:1.5731250871811277e-15,1.0235969799118207e-09,4.1946246191873777e-13,0.9999999540792174,1.4242668627870027e-14,9.65563239191398e-09,1.1394340680931563e-16,1.34320970159935e-11,1.0083268214701489e-08,2.514441745648223e-08
Random474
Raw:1.5731250871811502e-15,1.023596979911828e-09,4.1946246191874075e-13,0.9999999540792174,1.4242668627870128e-14,9.655632391914082e-09,1.1394340680931644e-16,1.3432097015993546e-11,1.0083268214701596e-08,2.5144417456482497e-08
EFT:1.5731250871811277e-15,1.0235969799118207e-09,4.1946246191873777e-13,0.9999999540792174,1.4242668627870027e-14,9.65563239191398e-09,1.1394340680931563e-16,1.34320970159935e-11,1.0083268214701489e-08,2.514441745648223e-08
Random475
Raw:1.5731250871811277e-15,1.0235969799118207e-09,4.194624619187393e-13,0.9999999540792174,1.4242668627870027e-14,9.655632391913945e-09,1.1394340680931563e-16,1.3432097015993546e-11,1.0083268214701489e-08,2.514441745648214e-08
EFT:1.5731250871811277e-15,1.0235969799118207e-09,4.1946246191873777e-13,0.9999999540792174,1.4242668627870027e-14,9.65563239191398e-09,1.1394340680931563e-16,1.34320970159935e-11,1.0083268214701489e-08,2.514441745648223e-08
Random476
Raw:1.5731250871811167e-15,1.0235969799118135e-09,4.194624619187363e-13,0.9999999540792174,1.4242668627869976e-14,9.655632391913945e-09,1.1394340680931482e-16,1.34320970159935e-11,1.0083268214701452e-08,2.514441745648205e-08
EFT:1.5731250871811277e-15,1.0235969799118207e-09,4.1946246191873777e-13,0.9999999540792174,1.4242668627870027e-14,9.65563239191398e-09,1.1394340680931563e-16,1.34320970159935e-11,1.0083268214701489e-08,2.514441745648223e-08
Random477
Raw:1.5731250871811277e-15,1.023596979911817e-09,4.194624619187363e-13,0.9999999540792174,1.4242668627870027e-14,9.655632391914014e-09,1.1394340680931563e-16,1.34320970159935e-11,1.0083268214701489e-08,2.514441745648223e-08
EFT:1.5731250871811277e-15,1.0235969799118207e-09,4.1946246191873777e-13,0.9999999540792174,1.4242668627870027e-14,9.65563239191398e-09,1.1394340680931563e-16,1.34320970159935e-11,1.0083268214701489e-08,2.514441745648223e-08
Random478
Raw:1.5731250871811277e-15,1.0235969799118207e-09,4.194624619187393e-13,0.9999999540792174,1.4242668627870027e-14,9.65563239191398e-09,1.1394340680931644e-16,1.34320970159935e-11,1.0083268214701489e-08,2.514441745648223e-08
EFT:1.5731250871811277e-15,1.0235969799118207e-09,4.1946246191873777e-13,0.9999999540792174,1.4242668627870027e-14,9.65563239191398e-09,1.1394340680931563e-16,1.34320970159935e-11,1.0083268214701489e-08,2.514441745648223e-08
Random479
Raw:1.5731250871811277e-15,1.0235969799118207e-09,4.194624619187393e-13,0.9999999540792174,1.4242668627869976e-14,9.65563239191398e-09,1.1394340680931644e-16,1.34320970159935e-11,1.0083268214701489e-08,2.514441745648214e-08
EFT:1.5731250871811277e-15,1.0235969799118207e-09,4.1946246191873777e-13,0.9999999540792174,1.4242668627870077e-14,9.65563239191398e-09,1.1394340680931563e-16,1.34320970159935e-11,1.0083268214701489e-08,2.514441745648223e-08
Random480
Raw:1.573125087181139e-15,1.0235969799118243e-09,4.194624619187393e-13,0.9999999540792174,1.4242668627870027e-14,9.655632391914014e-09,1.1394340680931644e-16,1.3432097015993595e-11,1.0083268214701525e-08,2.5144417456482318e-08
EFT:1.5731250871811277e-15,1.0235969799118207e-09,4.1946246191873777e-13,0.9999999540792174,1.4242668627870027e-14,9.65563239191398e-09,1.1394340680931563e-16,1.34320970159935e-11,1.0083268214701489e-08,2.514441745648223e-08
Random481
Raw:1.573125087181139e-15,1.0235969799118243e-09,4.1946246191874075e-13,0.9999999540792174,1.4242668627870077e-14,9.655632391914014e-09,1.1394340680931726e-16,1.3432097015993546e-11,1.008326821470156e-08,2.514441745648223e-08
EFT:1.5731250871811277e-15,1.0235969799118207e-09,4.1946246191873777e-13,0.9999999540792174,1.4242668627870027e-14,9.65563239191398e-09,1.1394340680931563e-16,1.34320970159935e-11,1.0083268214701489e-08,2.514441745648223e-08
Random482
Raw:1.5731250871811277e-15,1.0235969799118207e-09,4.194624619187363e-13,0.9999999540792174,1.4242668627869976e-14,9.65563239191398e-09,1.1394340680931482e-16,1.34320970159935e-11,1.0083268214701489e-08,2.514441745648223e-08
EFT:1.5731250871811277e-15,1.0235969799118207e-09,4.1946246191873777e-13,0.9999999540792174,1.4242668627870027e-14,9.65563239191398e-09,1.1394340680931563e-16,1.34320970159935e-11,1.0083268214701489e-08,2.514441745648223e-08
Random483
Raw:1.5731250871811054e-15,1.0235969799118135e-09,4.1946246191873333e-13,0.9999999540792174,1.4242668627869926e-14,9.655632391913945e-09,1.1394340680931482e-16,1.34320970159935e-11,1.0083268214701381e-08,2.514441745648205e-08
EFT:1.5731250871811277e-15,1.0235969799118207e-09,4.1946246191873777e-13,0.9999999540792174,1.4242668627870027e-14,9.65563239191398e-09,1.1394340680931563e-16,1.34320970159935e-11,1.0083268214701489e-08,2.514441745648223e-08
Random484
Raw:1.5731250871811277e-15,1.0235969799118207e-09,4.194624619187393e-13,0.9999999540792174,1.4242668627870027e-14,9.65563239191398e-09,1.1394340680931563e-16,1.3432097015993546e-11,1.0083268214701452e-08,2.514441745648214e-08
EFT:1.5731250871811277e-15,1.0235969799118207e-09,4.1946246191873777e-13,0.9999999540792174,1.4242668627870027e-14,9.65563239191398e-09,1.1394340680931563e-16,1.34320970159935e-11,1.0083268214701489e-08,2.514441745648223e-08
Random485
Raw:1.5731250871811167e-15,1.0235969799118135e-09,4.1946246191873333e-13,0.9999999540792174,1.4242668627869926e-14,9.655632391913912e-09,1.1394340680931482e-16,1.3432097015993404e-11,1.0083268214701418e-08,2.514441745648205e-08
EFT:1.5731250871811277e-15,1.0235969799118207e-09,4.1946246191873777e-13,0.9999999540792174,1.4242668627870027e-14,9.65563239191398e-09,1.1394340680931563e-16,1.34320970159935e-11,1.0083268214701489e-08,2.514441745648223e-08
Random486
Raw:1.5731250871811167e-15,1.0235969799118135e-09,4.194624619187363e-13,0.9999999540792174,1.4242668627869976e-14,9.655632391913945e-09,1.1394340680931482e-16,1.3432097015993451e-11,1.0083268214701418e-08,2.514441745648196e-08
EFT:1.5731250871811277e-15,1.0235969799118207e-09,4.1946246191873777e-13,0.9999999540792174,1.4242668627870077e-14,9.65563239191398e-09,1.1394340680931563e-16,1.34320970159935e-11,1.0083268214701489e-08,2.514441745648223e-08
Random487
Raw:1.5731250871811167e-15,1.023596979911817e-09,4.194624619187393e-13,0.9999999540792174,1.4242668627869875e-14,9.655632391913912e-09,1.1394340680931563e-16,1.34320970159935e-11,1.0083268214701418e-08,2.514441745648196e-08
EFT:1.5731250871811277e-15,1.0235969799118207e-09,4.1946246191873777e-13,0.9999999540792174,1.4242668627870077e-14,9.65563239191398e-09,1.1394340680931563e-16,1.34320970159935e-11,1.0083268214701489e-08,2.514441745648223e-08
Random488
Raw:1.5731250871811054e-15,1.023596979911817e-09,4.1946246191873333e-13,0.9999999540792174,1.4242668627869926e-14,9.655632391913912e-09,1.1394340680931403e-16,1.3432097015993451e-11,1.0083268214701381e-08,2.514441745648205e-08
EFT:1.5731250871811277e-15,1.0235969799118207e-09,4.1946246191873777e-13,0.9999999540792174,1.4242668627870027e-14,9.65563239191398e-09,1.1394340680931563e-16,1.34320970159935e-11,1.0083268214701489e-08,2.514441745648223e-08
Random489
Raw:1.5731250871811277e-15,1.023596979911817e-09,4.194624619187393e-13,0.9999999540792174,1.4242668627869976e-14,9.655632391913945e-09,1.1394340680931482e-16,1.34320970159935e-11,1.0083268214701418e-08,2.514441745648214e-08
EFT:1.5731250871811277e-15,1.0235969799118207e-09,4.1946246191873777e-13,0.9999999540792174,1.4242668627870027e-14,9.65563239191398e-09,1.1394340680931563e-16,1.34320970159935e-11,1.0083268214701489e-08,2.514441745648223e-08
Random490
Raw:1.5731250871811277e-15,1.0235969799118207e-09,4.1946246191873777e-13,0.9999999540792174,1.4242668627870027e-14,9.655632391914047e-09,1.1394340680931644e-16,1.34320970159935e-11,1.0083268214701489e-08,2.514441745648223e-08
EFT:1.5731250871811277e-15,1.0235969799118207e-09,4.1946246191873777e-13,0.9999999540792174,1.4242668627870077e-14,9.65563239191398e-09,1.1394340680931563e-16,1.34320970159935e-11,1.0083268214701489e-08,2.514441745648223e-08
Random491
Raw:1.5731250871811054e-15,1.0235969799118243e-09,4.194624619187393e-13,0.9999999540792174,1.4242668627870027e-14,9.655632391914014e-09,1.1394340680931563e-16,1.34320970159935e-11,1.0083268214701489e-08,2.514441745648214e-08
EFT:1.5731250871811277e-15,1.0235969799118207e-09,4.1946246191873777e-13,0.9999999540792174,1.4242668627870027e-14,9.65563239191398e-09,1.1394340680931563e-16,1.34320970159935e-11,1.0083268214701489e-08,2.514441745648223e-08
Random492
Raw:1.5731250871811277e-15,1.023596979911817e-09,4.194624619187393e-13,0.9999999540792174,1.4242668627870027e-14,9.65563239191398e-09,1.1394340680931644e-16,1.34320970159935e-11,1.0083268214701489e-08,2.514441745648214e-08
EFT:1.5731250871811277e-15,1.0235969799118207e-09,4.1946246191873777e-13,0.9999999540792174,1.4242668627870027e-14,9.65563239191398e-09,1.1394340680931563e-16,1.34320970159935e-11,1.0083268214701489e-08,2.514441745648223e-08
Random493
Raw:1.5731250871811054e-15,1.0235969799118135e-09,4.194624619187348e-13,0.9999999540792174,1.4242668627869875e-14,9.655632391913945e-09,1.1394340680931482e-16,1.3432097015993404e-11,1.0083268214701381e-08,2.514441745648196e-08
EFT:1.5731250871811277e-15,1.0235969799118207e-09,4.1946246191873777e-13,0.9999999540792174,1.4242668627870027e-14,9.65563239191398e-09,1.1394340680931563e-16,1.34320970159935e-11,1.0083268214701489e-08,2.514441745648223e-08
Random494
Raw:1.5731250871811277e-15,1.023596979911817e-09,4.194624619187393e-13,0.9999999540792174,1.4242668627869976e-14,9.65563239191398e-09,1.1394340680931644e-16,1.3432097015993546e-11,1.0083268214701525e-08,2.514441745648214e-08
EFT:1.5731250871811277e-15,1.0235969799118207e-09,4.1946246191873777e-13,0.9999999540792174,1.4242668627870027e-14,9.65563239191398e-09,1.1394340680931563e-16,1.34320970159935e-11,1.0083268214701489e-08,2.514441745648223e-08
Random495
Raw:1.573125087181139e-15,1.023596979911828e-09,4.1946246191874226e-13,0.9999999540792174,1.4242668627870128e-14,9.655632391914047e-09,1.1394340680931726e-16,1.343209701599369e-11,1.008326821470156e-08,2.514441745648223e-08
EFT:1.5731250871811277e-15,1.0235969799118207e-09,4.1946246191873777e-13,0.9999999540792174,1.4242668627870077e-14,9.65563239191398e-09,1.1394340680931563e-16,1.34320970159935e-11,1.0083268214701489e-08,2.514441745648223e-08
Random496
Raw:1.5731250871811277e-15,1.0235969799118207e-09,4.1946246191873777e-13,0.9999999540792174,1.4242668627870077e-14,9.655632391914014e-09,1.1394340680931644e-16,1.34320970159935e-11,1.0083268214701489e-08,2.514441745648214e-08
EFT:1.5731250871811277e-15,1.0235969799118207e-09,4.1946246191873777e-13,0.9999999540792174,1.4242668627870027e-14,9.65563239191398e-09,1.1394340680931563e-16,1.34320970159935e-11,1.0083268214701489e-08,2.514441745648223e-08
Random497
Raw:1.5731250871811277e-15,1.023596979911817e-09,4.194624619187393e-13,0.9999999540792174,1.4242668627869976e-14,9.65563239191398e-09,1.1394340680931644e-16,1.34320970159935e-11,1.0083268214701489e-08,2.514441745648214e-08
EFT:1.5731250871811277e-15,1.0235969799118207e-09,4.1946246191873777e-13,0.9999999540792174,1.4242668627870077e-14,9.65563239191398e-09,1.1394340680931563e-16,1.34320970159935e-11,1.0083268214701489e-08,2.514441745648223e-08
Random498
Raw:1.5731250871811277e-15,1.0235969799118243e-09,4.1946246191874075e-13,0.9999999540792174,1.4242668627870077e-14,9.655632391914014e-09,1.1394340680931644e-16,1.3432097015993595e-11,1.0083268214701525e-08,2.5144417456482318e-08
EFT:1.5731250871811277e-15,1.0235969799118207e-09,4.1946246191873777e-13,0.9999999540792174,1.4242668627870027e-14,9.65563239191398e-09,1.1394340680931563e-16,1.34320970159935e-11,1.0083268214701489e-08,2.514441745648223e-08
Random499
Raw:1.5731250871811054e-15,1.023596979911806e-09,4.1946246191873333e-13,0.9999999540792174,1.4242668627869875e-14,9.655632391913877e-09,1.1394340680931403e-16,1.3432097015993404e-11,1.0083268214701381e-08,2.514441745648187e-08
EFT:1.5731250871811277e-15,1.0235969799118207e-09,4.1946246191873777e-13,0.9999999540792174,1.4242668627870077e-14,9.65563239191398e-09,1.1394340680931563e-16,1.34320970159935e-11,1.0083268214701489e-08,2.514441745648223e-08
Random500
Raw:1.5731250871811277e-15,1.0235969799118207e-09,4.194624619187393e-13,0.9999999540792174,1.4242668627869976e-14,9.655632391914014e-09,1.1394340680931644e-16,1.3432097015993595e-11,1.0083268214701452e-08,2.514441745648214e-08
EFT:1.5731250871811277e-15,1.0235969799118207e-09,4.1946246191873777e-13,0.9999999540792174,1.4242668627870027e-14,9.65563239191398e-09,1.1394340680931563e-16,1.34320970159935e-11,1.0083268214701489e-08,2.514441745648223e-08
Random501
Raw:1.5731250871811277e-15,1.023596979911817e-09,4.194624619187348e-13,0.9999999540792174,1.4242668627869875e-14,9.655632391913945e-09,1.1394340680931482e-16,1.34320970159935e-11,1.0083268214701452e-08,2.514441745648214e-08
EFT:1.5731250871811277e-15,1.0235969799118207e-09,4.1946246191873777e-13,0.9999999540792174,1.4242668627870027e-14,9.65563239191398e-09,1.1394340680931563e-16,1.34320970159935e-11,1.0083268214701489e-08,2.514441745648223e-08
Random502
Raw:1.5731250871811054e-15,1.0235969799118135e-09,4.1946246191873333e-13,0.9999999540792174,1.4242668627869875e-14,9.655632391913945e-09,1.1394340680931482e-16,1.3432097015993451e-11,1.0083268214701381e-08,2.514441745648196e-08
EFT:1.5731250871811277e-15,1.0235969799118207e-09,4.1946246191873777e-13,0.9999999540792174,1.4242668627870027e-14,9.65563239191398e-09,1.1394340680931563e-16,1.34320970159935e-11,1.0083268214701489e-08,2.514441745648223e-08
Random503
Raw:1.573125087181139e-15,1.0235969799118243e-09,4.1946246191874075e-13,0.9999999540792174,1.4242668627870077e-14,9.655632391914082e-09,1.1394340680931644e-16,1.3432097015993595e-11,1.0083268214701596e-08,2.5144417456482318e-08
EFT:1.5731250871811277e-15,1.0235969799118207e-09,4.1946246191873777e-13,0.9999999540792174,1.4242668627870027e-14,9.65563239191398e-09,1.1394340680931563e-16,1.34320970159935e-11,1.0083268214701489e-08,2.514441745648223e-08
Random504
Raw:1.5731250871811277e-15,1.0235969799118135e-09,4.1946246191873777e-13,0.9999999540792174,1.4242668627869976e-14,9.655632391913912e-09,1.1394340680931482e-16,1.34320970159935e-11,1.0083268214701489e-08,2.514441745648214e-08
EFT:1.5731250871811277e-15,1.0235969799118207e-09,4.1946246191873777e-13,0.9999999540792174,1.4242668627870027e-14,9.65563239191398e-09,1.1394340680931563e-16,1.34320970159935e-11,1.0083268214701489e-08,2.514441745648223e-08
Random505
Raw:1.5731250871811277e-15,1.0235969799118135e-09,4.194624619187348e-13,0.9999999540792174,1.4242668627869875e-14,9.65563239191398e-09,1.1394340680931563e-16,1.3432097015993451e-11,1.0083268214701452e-08,2.514441745648223e-08
EFT:1.5731250871811277e-15,1.0235969799118207e-09,4.1946246191873777e-13,0.9999999540792174,1.4242668627870027e-14,9.65563239191398e-09,1.1394340680931563e-16,1.34320970159935e-11,1.0083268214701489e-08,2.514441745648223e-08
Random506
Raw:1.5731250871811277e-15,1.0235969799118243e-09,4.194624619187393e-13,0.9999999540792174,1.4242668627870077e-14,9.655632391914014e-09,1.1394340680931644e-16,1.3432097015993595e-11,1.0083268214701525e-08,2.5144417456482318e-08
EFT:1.5731250871811277e-15,1.0235969799118207e-09,4.1946246191873777e-13,0.9999999540792174,1.4242668627870027e-14,9.65563239191398e-09,1.1394340680931563e-16,1.34320970159935e-11,1.0083268214701489e-08,2.514441745648223e-08
Random507
Raw:1.573125087181139e-15,1.0235969799118243e-09,4.1946246191874226e-13,0.9999999540792174,1.4242668627870077e-14,9.655632391914047e-09,1.1394340680931644e-16,1.3432097015993595e-11,1.0083268214701596e-08,2.5144417456482408e-08
EFT:1.5731250871811277e-15,1.0235969799118207e-09,4.1946246191873777e-13,0.9999999540792174,1.4242668627870077e-14,9.65563239191398e-09,1.1394340680931563e-16,1.34320970159935e-11,1.0083268214701489e-08,2.514441745648223e-08
Random508
Raw:1.5731250871811277e-15,1.023596979911828e-09,4.1946246191873777e-13,0.9999999540792174,1.4242668627869976e-14,9.655632391914014e-09,1.1394340680931644e-16,1.3432097015993595e-11,1.0083268214701525e-08,2.5144417456482318e-08
EFT:1.5731250871811277e-15,1.0235969799118207e-09,4.1946246191873777e-13,0.9999999540792174,1.4242668627870027e-14,9.65563239191398e-09,1.1394340680931563e-16,1.34320970159935e-11,1.0083268214701489e-08,2.514441745648223e-08
Random509
Raw:1.5731250871811167e-15,1.023596979911817e-09,4.194624619187393e-13,0.9999999540792174,1.4242668627869926e-14,9.655632391913945e-09,1.1394340680931482e-16,1.34320970159935e-11,1.0083268214701418e-08,2.514441745648196e-08
EFT:1.5731250871811277e-15,1.0235969799118207e-09,4.1946246191873777e-13,0.9999999540792174,1.4242668627870027e-14,9.65563239191398e-09,1.1394340680931563e-16,1.34320970159935e-11,1.0083268214701489e-08,2.514441745648223e-08
Random510
Raw:1.5731250871811054e-15,1.0235969799118135e-09,4.194624619187363e-13,0.9999999540792174,1.4242668627869875e-14,9.655632391913945e-09,1.1394340680931482e-16,1.3432097015993451e-11,1.0083268214701418e-08,2.514441745648196e-08
EFT:1.5731250871811277e-15,1.0235969799118207e-09,4.1946246191873777e-13,0.9999999540792174,1.4242668627870027e-14,9.65563239191398e-09,1.1394340680931563e-16,1.34320970159935e-11,1.0083268214701489e-08,2.514441745648223e-08
Random511
Raw:1.5731250871811167e-15,1.0235969799118098e-09,4.194624619187348e-13,0.9999999540792174,1.4242668627869825e-14,9.655632391913912e-09,1.1394340680931482e-16,1.3432097015993404e-11,1.0083268214701418e-08,2.514441745648205e-08
EFT:1.5731250871811277e-15,1.0235969799118207e-09,4.1946246191873777e-13,0.9999999540792174,1.4242668627870027e-14,9.65563239191398e-09,1.1394340680931563e-16,1.34320970159935e-11,1.0083268214701489e-08,2.514441745648223e-08
Random512
Raw:1.5731250871811502e-15,1.023596979911828e-09,4.194624619187452e-13,0.9999999540792174,1.4242668627870178e-14,9.655632391914047e-09,1.1394340680931644e-16,1.3432097015993595e-11,1.0083268214701596e-08,2.5144417456482318e-08
EFT:1.5731250871811277e-15,1.0235969799118207e-09,4.1946246191873777e-13,0.9999999540792174,1.4242668627870027e-14,9.65563239191398e-09,1.1394340680931563e-16,1.34320970159935e-11,1.0083268214701489e-08,2.514441745648223e-08
Random513
Raw:1.573125087181139e-15,1.023596979911828e-09,4.1946246191874226e-13,0.9999999540792174,1.4242668627870077e-14,9.655632391914047e-09,1.1394340680931726e-16,1.3432097015993642e-11,1.008326821470156e-08,2.5144417456482318e-08
EFT:1.5731250871811277e-15,1.0235969799118207e-09,4.1946246191873777e-13,0.9999999540792174,1.4242668627870077e-14,9.65563239191398e-09,1.1394340680931563e-16,1.34320970159935e-11,1.0083268214701489e-08,2.514441745648223e-08
Random514
Raw:1.5731250871811277e-15,1.0235969799118207e-09,4.194624619187393e-13,0.9999999540792174,1.4242668627869976e-14,9.65563239191398e-09,1.1394340680931644e-16,1.34320970159935e-11,1.0083268214701489e-08,2.514441745648205e-08
EFT:1.5731250871811277e-15,1.0235969799118207e-09,4.1946246191873777e-13,0.9999999540792174,1.4242668627870027e-14,9.65563239191398e-09,1.1394340680931563e-16,1.34320970159935e-11,1.0083268214701489e-08,2.514441745648223e-08
Random515
Raw:1.5731250871811277e-15,1.023596979911817e-09,4.194624619187363e-13,0.9999999540792174,1.4242668627869976e-14,9.655632391914014e-09,1.1394340680931563e-16,1.34320970159935e-11,1.0083268214701489e-08,2.514441745648223e-08
EFT:1.5731250871811277e-15,1.0235969799118207e-09,4.1946246191873777e-13,0.9999999540792174,1.4242668627870027e-14,9.65563239191398e-09,1.1394340680931563e-16,1.34320970159935e-11,1.0083268214701489e-08,2.514441745648223e-08
Random516
Raw:1.5731250871811277e-15,1.023596979911817e-09,4.194624619187363e-13,0.9999999540792174,1.4242668627869976e-14,9.655632391913945e-09,1.1394340680931563e-16,1.34320970159935e-11,1.0083268214701452e-08,2.514441745648205e-08
EFT:1.5731250871811277e-15,1.0235969799118207e-09,4.1946246191873777e-13,0.9999999540792174,1.4242668627870027e-14,9.65563239191398e-09,1.1394340680931563e-16,1.34320970159935e-11,1.0083268214701489e-08,2.514441745648223e-08
Random517
Raw:1.5731250871811167e-15,1.023596979911817e-09,4.194624619187363e-13,0.9999999540792174,1.4242668627869926e-14,9.655632391914014e-09,1.1394340680931563e-16,1.3432097015993451e-11,1.0083268214701452e-08,2.514441745648214e-08
EFT:1.5731250871811277e-15,1.0235969799118207e-09,4.1946246191873777e-13,0.9999999540792174,1.4242668627870027e-14,9.65563239191398e-09,1.1394340680931563e-16,1.34320970159935e-11,1.0083268214701489e-08,2.514441745648223e-08
Random518
Raw:1.573125087181139e-15,1.0235969799118207e-09,4.194624619187393e-13,0.9999999540792174,1.4242668627870027e-14,9.655632391914047e-09,1.1394340680931644e-16,1.3432097015993595e-11,1.0083268214701489e-08,2.5144417456482318e-08
EFT:1.5731250871811277e-15,1.0235969799118207e-09,4.1946246191873777e-13,0.9999999540792174,1.4242668627870027e-14,9.65563239191398e-09,1.1394340680931563e-16,1.34320970159935e-11,1.0083268214701489e-08,2.514441745648223e-08
Random519
Raw:1.5731250871811167e-15,1.023596979911817e-09,4.194624619187363e-13,0.9999999540792174,1.4242668627869875e-14,9.655632391913945e-09,1.1394340680931563e-16,1.34320970159935e-11,1.0083268214701452e-08,2.514441745648214e-08
EFT:1.5731250871811277e-15,1.0235969799118207e-09,4.1946246191873777e-13,0.9999999540792174,1.4242668627870027e-14,9.65563239191398e-09,1.1394340680931563e-16,1.34320970159935e-11,1.0083268214701489e-08,2.514441745648223e-08
Random520
Raw:1.5731250871811277e-15,1.0235969799118207e-09,4.194624619187393e-13,0.9999999540792174,1.4242668627869976e-14,9.655632391914014e-09,1.1394340680931644e-16,1.3432097015993546e-11,1.0083268214701489e-08,2.514441745648214e-08
EFT:1.5731250871811277e-15,1.0235969799118207e-09,4.1946246191873777e-13,0.9999999540792174,1.4242668627870077e-14,9.65563239191398e-09,1.1394340680931563e-16,1.34320970159935e-11,1.0083268214701489e-08,2.514441745648223e-08
Random521
Raw:1.5731250871811054e-15,1.023596979911817e-09,4.1946246191873777e-13,0.9999999540792174,1.4242668627869976e-14,9.65563239191398e-09,1.1394340680931482e-16,1.34320970159935e-11,1.0083268214701452e-08,2.514441745648205e-08
EFT:1.5731250871811277e-15,1.0235969799118207e-09,4.1946246191873777e-13,0.9999999540792174,1.4242668627870027e-14,9.65563239191398e-09,1.1394340680931563e-16,1.34320970159935e-11,1.0083268214701489e-08,2.514441745648223e-08
Random522
Raw:1.5731250871811277e-15,1.023596979911817e-09,4.194624619187363e-13,0.9999999540792174,1.4242668627869875e-14,9.655632391913945e-09,1.1394340680931563e-16,1.34320970159935e-11,1.0083268214701452e-08,2.514441745648214e-08
EFT:1.5731250871811277e-15,1.0235969799118207e-09,4.1946246191873777e-13,0.9999999540792174,1.4242668627870027e-14,9.65563239191398e-09,1.1394340680931563e-16,1.34320970159935e-11,1.0083268214701489e-08,2.514441745648223e-08
Random523
Raw:1.573125087181139e-15,1.0235969799118243e-09,4.194624619187393e-13,0.9999999540792174,1.4242668627870077e-14,9.655632391914014e-09,1.1394340680931644e-16,1.3432097015993595e-11,1.008326821470156e-08,2.514441745648223e-08
EFT:1.5731250871811277e-15,1.0235969799118207e-09,4.1946246191873777e-13,0.9999999540792174,1.4242668627870027e-14,9.65563239191398e-09,1.1394340680931563e-16,1.34320970159935e-11,1.0083268214701489e-08,2.514441745648223e-08
Random524
Raw:1.5731250871811167e-15,1.023596979911817e-09,4.194624619187363e-13,0.9999999540792174,1.4242668627869976e-14,9.65563239191398e-09,1.1394340680931644e-16,1.3432097015993451e-11,1.0083268214701452e-08,2.514441745648214e-08
EFT:1.5731250871811277e-15,1.0235969799118207e-09,4.1946246191873777e-13,0.9999999540792174,1.4242668627870027e-14,9.65563239191398e-09,1.1394340680931563e-16,1.34320970159935e-11,1.0083268214701489e-08,2.514441745648223e-08
Random525
Raw:1.5731250871811054e-15,1.0235969799118135e-09,4.1946246191873333e-13,0.9999999540792174,1.4242668627869976e-14,9.655632391913945e-09,1.1394340680931482e-16,1.3432097015993451e-11,1.0083268214701381e-08,2.514441745648205e-08
EFT:1.5731250871811277e-15,1.0235969799118207e-09,4.1946246191873777e-13,0.9999999540792174,1.4242668627870027e-14,9.65563239191398e-09,1.1394340680931563e-16,1.34320970159935e-11,1.0083268214701489e-08,2.514441745648223e-08
Random526
Raw:1.5731250871811277e-15,1.023596979911817e-09,4.1946246191873777e-13,0.9999999540792174,1.4242668627869976e-14,9.655632391914014e-09,1.1394340680931563e-16,1.34320970159935e-11,1.0083268214701525e-08,2.514441745648223e-08
EFT:1.5731250871811277e-15,1.0235969799118207e-09,4.1946246191873777e-13,0.9999999540792174,1.4242668627870027e-14,9.65563239191398e-09,1.1394340680931563e-16,1.34320970159935e-11,1.0083268214701489e-08,2.514441745648223e-08
Random527
Raw:1.5731250871811167e-15,1.0235969799118135e-09,4.194624619187363e-13,0.9999999540792174,1.4242668627869875e-14,9.655632391913912e-09,1.1394340680931482e-16,1.3432097015993404e-11,1.0083268214701418e-08,2.514441745648187e-08
EFT:1.5731250871811277e-15,1.0235969799118207e-09,4.1946246191873777e-13,0.9999999540792174,1.4242668627870027e-14,9.65563239191398e-09,1.1394340680931563e-16,1.34320970159935e-11,1.0083268214701489e-08,2.514441745648223e-08
Random528
Raw:1.5731250871811054e-15,1.023596979911817e-09,4.194624619187363e-13,0.9999999540792174,1.4242668627869976e-14,9.655632391913945e-09,1.1394340680931482e-16,1.3432097015993451e-11,1.0083268214701452e-08,2.514441745648214e-08
EFT:1.5731250871811277e-15,1.0235969799118207e-09,4.1946246191873777e-13,0.9999999540792174,1.4242668627870027e-14,9.65563239191398e-09,1.1394340680931563e-16,1.34320970159935e-11,1.0083268214701489e-08,2.514441745648223e-08
Random529
Raw:1.5731250871811277e-15,1.0235969799118207e-09,4.194624619187393e-13,0.9999999540792174,1.4242668627869976e-14,9.65563239191398e-09,1.1394340680931644e-16,1.3432097015993546e-11,1.0083268214701489e-08,2.514441745648214e-08
EFT:1.5731250871811277e-15,1.0235969799118207e-09,4.1946246191873777e-13,0.9999999540792174,1.4242668627870027e-14,9.65563239191398e-09,1.1394340680931563e-16,1.34320970159935e-11,1.0083268214701489e-08,2.514441745648223e-08
Random530
Raw:1.5731250871811167e-15,1.023596979911817e-09,4.1946246191873777e-13,0.9999999540792174,1.4242668627870027e-14,9.655632391913945e-09,1.1394340680931644e-16,1.3432097015993451e-11,1.0083268214701452e-08,2.514441745648214e-08
EFT:1.5731250871811277e-15,1.0235969799118207e-09,4.1946246191873777e-13,0.9999999540792174,1.4242668627870027e-14,9.65563239191398e-09,1.1394340680931563e-16,1.34320970159935e-11,1.0083268214701489e-08,2.514441745648223e-08
Random531
Raw:1.5731250871811277e-15,1.0235969799118207e-09,4.194624619187393e-13,0.9999999540792174,1.4242668627869976e-14,9.65563239191398e-09,1.1394340680931644e-16,1.3432097015993595e-11,1.0083268214701452e-08,2.514441745648223e-08
EFT:1.5731250871811277e-15,1.0235969799118207e-09,4.1946246191873777e-13,0.9999999540792174,1.4242668627870027e-14,9.65563239191398e-09,1.1394340680931563e-16,1.34320970159935e-11,1.0083268214701489e-08,2.514441745648223e-08
Random532
Raw:1.5731250871811277e-15,1.0235969799118207e-09,4.194624619187393e-13,0.9999999540792174,1.4242668627869976e-14,9.655632391913945e-09,1.1394340680931644e-16,1.3432097015993546e-11,1.0083268214701489e-08,2.514441745648205e-08
EFT:1.5731250871811277e-15,1.0235969799118207e-09,4.1946246191873777e-13,0.9999999540792174,1.4242668627870027e-14,9.65563239191398e-09,1.1394340680931563e-16,1.34320970159935e-11,1.0083268214701489e-08,2.514441745648223e-08
Random533
Raw:1.5731250871811167e-15,1.023596979911817e-09,4.194624619187363e-13,0.9999999540792174,1.4242668627869976e-14,9.65563239191398e-09,1.1394340680931482e-16,1.3432097015993451e-11,1.0083268214701452e-08,2.514441745648214e-08
EFT:1.5731250871811277e-15,1.0235969799118207e-09,4.1946246191873777e-13,0.9999999540792174,1.4242668627870077e-14,9.65563239191398e-09,1.1394340680931563e-16,1.34320970159935e-11,1.0083268214701489e-08,2.514441745648223e-08
Random534
Raw:1.5731250871811277e-15,1.023596979911817e-09,4.194624619187393e-13,0.9999999540792174,1.4242668627870027e-14,9.65563239191398e-09,1.1394340680931644e-16,1.34320970159935e-11,1.0083268214701525e-08,2.514441745648214e-08
EFT:1.5731250871811277e-15,1.0235969799118207e-09,4.1946246191873777e-13,0.9999999540792174,1.4242668627870027e-14,9.65563239191398e-09,1.1394340680931563e-16,1.34320970159935e-11,1.0083268214701489e-08,2.514441745648223e-08
Random535
Raw:1.5731250871811277e-15,1.0235969799118243e-09,4.1946246191873777e-13,0.9999999540792174,1.4242668627869976e-14,9.655632391913945e-09,1.1394340680931644e-16,1.3432097015993546e-11,1.0083268214701525e-08,2.514441745648214e-08
EFT:1.5731250871811277e-15,1.0235969799118207e-09,4.1946246191873777e-13,0.9999999540792174,1.4242668627870027e-14,9.65563239191398e-09,1.1394340680931563e-16,1.34320970159935e-11,1.0083268214701489e-08,2.514441745648223e-08
Random536
Raw:1.5731250871811277e-15,1.0235969799118207e-09,4.1946246191873777e-13,0.9999999540792174,1.4242668627870077e-14,9.655632391914014e-09,1.1394340680931644e-16,1.34320970159935e-11,1.0083268214701489e-08,2.514441745648214e-08
EFT:1.5731250871811277e-15,1.0235969799118207e-09,4.1946246191873777e-13,0.9999999540792174,1.4242668627870077e-14,9.65563239191398e-09,1.1394340680931563e-16,1.34320970159935e-11,1.0083268214701489e-08,2.514441745648223e-08
Random537
Raw:1.5731250871811277e-15,1.023596979911817e-09,4.1946246191873777e-13,0.9999999540792174,1.4242668627869976e-14,9.655632391913945e-09,1.1394340680931563e-16,1.34320970159935e-11,1.0083268214701452e-08,2.514441745648205e-08
EFT:1.5731250871811277e-15,1.0235969799118207e-09,4.1946246191873777e-13,0.9999999540792174,1.4242668627870027e-14,9.65563239191398e-09,1.1394340680931563e-16,1.34320970159935e-11,1.0083268214701489e-08,2.514441745648223e-08
Random538
Raw:1.5731250871811277e-15,1.0235969799118207e-09,4.1946246191873777e-13,0.9999999540792174,1.4242668627870077e-14,9.655632391914047e-09,1.1394340680931644e-16,1.34320970159935e-11,1.0083268214701489e-08,2.514441745648214e-08
EFT:1.5731250871811277e-15,1.0235969799118207e-09,4.1946246191873777e-13,0.9999999540792174,1.4242668627870027e-14,9.65563239191398e-09,1.1394340680931563e-16,1.34320970159935e-11,1.0083268214701489e-08,2.514441745648223e-08
Random539
Raw:1.5731250871811277e-15,1.023596979911817e-09,4.1946246191873777e-13,0.9999999540792174,1.4242668627869976e-14,9.655632391914014e-09,1.1394340680931563e-16,1.3432097015993546e-11,1.0083268214701525e-08,2.514441745648223e-08
EFT:1.5731250871811277e-15,1.0235969799118207e-09,4.1946246191873777e-13,0.9999999540792174,1.4242668627870027e-14,9.65563239191398e-09,1.1394340680931563e-16,1.34320970159935e-11,1.0083268214701489e-08,2.514441745648223e-08
Random540
Raw:1.573125087181139e-15,1.0235969799118317e-09,4.194624619187452e-13,0.9999999540792174,1.4242668627870077e-14,9.655632391914047e-09,1.1394340680931644e-16,1.3432097015993642e-11,1.0083268214701596e-08,2.5144417456482408e-08
EFT:1.5731250871811277e-15,1.0235969799118207e-09,4.1946246191873777e-13,0.9999999540792174,1.4242668627870027e-14,9.65563239191398e-09,1.1394340680931563e-16,1.34320970159935e-11,1.0083268214701489e-08,2.514441745648223e-08
Random541
Raw:1.5731250871811167e-15,1.0235969799118207e-09,4.194624619187393e-13,0.9999999540792174,1.4242668627870027e-14,9.65563239191398e-09,1.1394340680931644e-16,1.34320970159935e-11,1.0083268214701489e-08,2.514441745648223e-08
EFT:1.5731250871811277e-15,1.0235969799118207e-09,4.1946246191873777e-13,0.9999999540792174,1.4242668627870027e-14,9.65563239191398e-09,1.1394340680931563e-16,1.34320970159935e-11,1.0083268214701489e-08,2.514441745648223e-08
Random542
Raw:1.5731250871811167e-15,1.023596979911817e-09,4.194624619187363e-13,0.9999999540792174,1.4242668627869976e-14,9.655632391913945e-09,1.1394340680931563e-16,1.34320970159935e-11,1.0083268214701418e-08,2.514441745648205e-08
EFT:1.5731250871811277e-15,1.0235969799118207e-09,4.1946246191873777e-13,0.9999999540792174,1.4242668627870027e-14,9.65563239191398e-09,1.1394340680931563e-16,1.34320970159935e-11,1.0083268214701489e-08,2.514441745648223e-08
Random543
Raw:1.5731250871811277e-15,1.0235969799118207e-09,4.1946246191873777e-13,0.9999999540792174,1.4242668627870077e-14,9.655632391914014e-09,1.1394340680931644e-16,1.34320970159935e-11,1.0083268214701489e-08,2.514441745648214e-08
EFT:1.5731250871811277e-15,1.0235969799118207e-09,4.1946246191873777e-13,0.9999999540792174,1.4242668627870027e-14,9.65563239191398e-09,1.1394340680931563e-16,1.34320970159935e-11,1.0083268214701489e-08,2.514441745648223e-08
Random544
Raw:1.5731250871811277e-15,1.023596979911817e-09,4.1946246191873777e-13,0.9999999540792174,1.4242668627869976e-14,9.655632391913945e-09,1.1394340680931563e-16,1.3432097015993451e-11,1.0083268214701452e-08,2.514441745648205e-08
EFT:1.5731250871811277e-15,1.0235969799118207e-09,4.1946246191873777e-13,0.9999999540792174,1.4242668627870027e-14,9.65563239191398e-09,1.1394340680931563e-16,1.34320970159935e-11,1.0083268214701489e-08,2.514441745648223e-08
Random545
Raw:1.5731250871811054e-15,1.0235969799118135e-09,4.194624619187363e-13,0.9999999540792174,1.4242668627869976e-14,9.655632391913945e-09,1.1394340680931563e-16,1.3432097015993451e-11,1.0083268214701489e-08,2.514441745648214e-08
EFT:1.5731250871811277e-15,1.0235969799118207e-09,4.1946246191873777e-13,0.9999999540792174,1.4242668627870027e-14,9.65563239191398e-09,1.1394340680931563e-16,1.34320970159935e-11,1.0083268214701489e-08,2.514441745648223e-08
Random546
Raw:1.5731250871811277e-15,1.0235969799118207e-09,4.194624619187393e-13,0.9999999540792174,1.4242668627869976e-14,9.655632391914014e-09,1.1394340680931563e-16,1.3432097015993546e-11,1.0083268214701489e-08,2.514441745648223e-08
EFT:1.5731250871811277e-15,1.0235969799118207e-09,4.1946246191873777e-13,0.9999999540792174,1.4242668627870027e-14,9.65563239191398e-09,1.1394340680931563e-16,1.34320970159935e-11,1.0083268214701489e-08,2.514441745648223e-08
Random547
Raw:1.5731250871811277e-15,1.0235969799118243e-09,4.194624619187393e-13,0.9999999540792174,1.4242668627869976e-14,9.655632391914047e-09,1.1394340680931644e-16,1.3432097015993595e-11,1.008326821470156e-08,2.5144417456482318e-08
EFT:1.5731250871811277e-15,1.0235969799118207e-09,4.1946246191873777e-13,0.9999999540792174,1.4242668627870027e-14,9.65563239191398e-09,1.1394340680931563e-16,1.34320970159935e-11,1.0083268214701489e-08,2.514441745648223e-08
Random548
Raw:1.573125087181139e-15,1.023596979911828e-09,4.1946246191874075e-13,0.9999999540792174,1.4242668627870077e-14,9.655632391914082e-09,1.1394340680931726e-16,1.3432097015993595e-11,1.008326821470156e-08,2.5144417456482408e-08
EFT:1.5731250871811277e-15,1.0235969799118207e-09,4.1946246191873777e-13,0.9999999540792174,1.4242668627870027e-14,9.65563239191398e-09,1.1394340680931563e-16,1.34320970159935e-11,1.0083268214701489e-08,2.514441745648223e-08
Random549
Raw:1.5731250871811054e-15,1.0235969799118135e-09,4.194624619187348e-13,0.9999999540792174,1.4242668627869976e-14,9.65563239191398e-09,1.1394340680931482e-16,1.34320970159935e-11,1.0083268214701452e-08,2.514441745648214e-08
EFT:1.5731250871811277e-15,1.0235969799118207e-09,4.1946246191873777e-13,0.9999999540792174,1.4242668627870077e-14,9.65563239191398e-09,1.1394340680931563e-16,1.34320970159935e-11,1.0083268214701489e-08,2.514441745648223e-08
Random550
Raw:1.5731250871811054e-15,1.023596979911817e-09,4.194624619187363e-13,0.9999999540792174,1.4242668627869976e-14,9.655632391914014e-09,1.1394340680931482e-16,1.3432097015993451e-11,1.0083268214701452e-08,2.514441745648214e-08
EFT:1.5731250871811277e-15,1.0235969799118207e-09,4.1946246191873777e-13,0.9999999540792174,1.4242668627870027e-14,9.65563239191398e-09,1.1394340680931563e-16,1.34320970159935e-11,1.0083268214701489e-08,2.514441745648223e-08
Random551
Raw:1.5731250871811167e-15,1.0235969799118243e-09,4.194624619187393e-13,0.9999999540792174,1.4242668627870027e-14,9.655632391914047e-09,1.1394340680931644e-16,1.34320970159935e-11,1.0083268214701489e-08,2.514441745648223e-08
EFT:1.5731250871811277e-15,1.0235969799118207e-09,4.1946246191873777e-13,0.9999999540792174,1.4242668627870027e-14,9.65563239191398e-09,1.1394340680931563e-16,1.34320970159935e-11,1.0083268214701489e-08,2.514441745648223e-08
Random552
Raw:1.5731250871811277e-15,1.0235969799118243e-09,4.1946246191873777e-13,0.9999999540792174,1.4242668627870027e-14,9.655632391914014e-09,1.1394340680931644e-16,1.34320970159935e-11,1.0083268214701489e-08,2.514441745648223e-08
EFT:1.5731250871811277e-15,1.0235969799118207e-09,4.1946246191873777e-13,0.9999999540792174,1.4242668627870027e-14,9.65563239191398e-09,1.1394340680931563e-16,1.34320970159935e-11,1.0083268214701489e-08,2.514441745648223e-08
Random553
Raw:1.5731250871811167e-15,1.023596979911817e-09,4.194624619187363e-13,0.9999999540792174,1.4242668627869976e-14,9.65563239191398e-09,1.1394340680931563e-16,1.34320970159935e-11,1.0083268214701452e-08,2.514441745648214e-08
EFT:1.5731250871811277e-15,1.0235969799118207e-09,4.1946246191873777e-13,0.9999999540792174,1.4242668627870027e-14,9.65563239191398e-09,1.1394340680931563e-16,1.34320970159935e-11,1.0083268214701489e-08,2.514441745648223e-08
Random554
Raw:1.5731250871811277e-15,1.0235969799118207e-09,4.194624619187393e-13,0.9999999540792174,1.4242668627869976e-14,9.655632391914014e-09,1.1394340680931563e-16,1.34320970159935e-11,1.0083268214701489e-08,2.514441745648214e-08
EFT:1.5731250871811277e-15,1.0235969799118207e-09,4.1946246191873777e-13,0.9999999540792174,1.4242668627870077e-14,9.65563239191398e-09,1.1394340680931563e-16,1.34320970159935e-11,1.0083268214701489e-08,2.514441745648223e-08
Random555
Raw:1.5731250871811277e-15,1.0235969799118207e-09,4.194624619187393e-13,0.9999999540792174,1.4242668627869976e-14,9.655632391913945e-09,1.1394340680931644e-16,1.3432097015993546e-11,1.0083268214701525e-08,2.514441745648214e-08
EFT:1.5731250871811277e-15,1.0235969799118207e-09,4.1946246191873777e-13,0.9999999540792174,1.4242668627870027e-14,9.65563239191398e-09,1.1394340680931563e-16,1.34320970159935e-11,1.0083268214701489e-08,2.514441745648223e-08
Random556
Raw:1.5731250871811277e-15,1.0235969799118207e-09,4.1946246191873777e-13,0.9999999540792174,1.4242668627869976e-14,9.65563239191398e-09,1.1394340680931482e-16,1.3432097015993546e-11,1.0083268214701489e-08,2.514441745648223e-08
EFT:1.5731250871811277e-15,1.0235969799118207e-09,4.1946246191873777e-13,0.9999999540792174,1.4242668627870027e-14,9.65563239191398e-09,1.1394340680931563e-16,1.34320970159935e-11,1.0083268214701489e-08,2.514441745648223e-08
Random557
Raw:1.5731250871811277e-15,1.0235969799118207e-09,4.194624619187393e-13,0.9999999540792174,1.4242668627869976e-14,9.655632391914014e-09,1.1394340680931482e-16,1.34320970159935e-11,1.0083268214701489e-08,2.514441745648214e-08
EFT:1.5731250871811277e-15,1.0235969799118207e-09,4.1946246191873777e-13,0.9999999540792174,1.4242668627870077e-14,9.65563239191398e-09,1.1394340680931563e-16,1.34320970159935e-11,1.0083268214701489e-08,2.514441745648223e-08
Random558
Raw:1.5731250871811502e-15,1.023596979911828e-09,4.1946246191874226e-13,0.9999999540792174,1.4242668627870077e-14,9.655632391914047e-09,1.1394340680931644e-16,1.3432097015993595e-11,1.008326821470156e-08,2.5144417456482408e-08
EFT:1.5731250871811277e-15,1.0235969799118207e-09,4.1946246191873777e-13,0.9999999540792174,1.4242668627870027e-14,9.65563239191398e-09,1.1394340680931563e-16,1.34320970159935e-11,1.0083268214701489e-08,2.514441745648223e-08
Random559
Raw:1.5731250871811277e-15,1.0235969799118207e-09,4.1946246191874075e-13,0.9999999540792174,1.4242668627869976e-14,9.65563239191398e-09,1.1394340680931644e-16,1.34320970159935e-11,1.0083268214701489e-08,2.514441745648223e-08
EFT:1.5731250871811277e-15,1.0235969799118207e-09,4.1946246191873777e-13,0.9999999540792174,1.4242668627870027e-14,9.65563239191398e-09,1.1394340680931563e-16,1.34320970159935e-11,1.0083268214701489e-08,2.514441745648223e-08
Random560
Raw:1.573125087181139e-15,1.0235969799118207e-09,4.1946246191874075e-13,0.9999999540792174,1.4242668627870077e-14,9.655632391914014e-09,1.1394340680931644e-16,1.3432097015993546e-11,1.0083268214701525e-08,2.514441745648223e-08
EFT:1.5731250871811277e-15,1.0235969799118207e-09,4.1946246191873777e-13,0.9999999540792174,1.4242668627870027e-14,9.65563239191398e-09,1.1394340680931563e-16,1.34320970159935e-11,1.0083268214701489e-08,2.514441745648223e-08
Random561
Raw:1.5731250871811277e-15,1.023596979911817e-09,4.194624619187393e-13,0.9999999540792174,1.4242668627869976e-14,9.655632391914014e-09,1.1394340680931563e-16,1.34320970159935e-11,1.0083268214701489e-08,2.514441745648223e-08
EFT:1.5731250871811277e-15,1.0235969799118207e-09,4.1946246191873777e-13,0.9999999540792174,1.4242668627870027e-14,9.65563239191398e-09,1.1394340680931563e-16,1.34320970159935e-11,1.0083268214701489e-08,2.514441745648223e-08
Random562
Raw:1.5731250871811277e-15,1.0235969799118207e-09,4.194624619187393e-13,0.9999999540792174,1.4242668627869976e-14,9.655632391913945e-09,1.1394340680931644e-16,1.34320970159935e-11,1.0083268214701452e-08,2.514441745648214e-08
EFT:1.5731250871811277e-15,1.0235969799118207e-09,4.1946246191873777e-13,0.9999999540792174,1.4242668627870027e-14,9.65563239191398e-09,1.1394340680931563e-16,1.34320970159935e-11,1.0083268214701489e-08,2.514441745648223e-08
Random563
Raw:1.5731250871811167e-15,1.0235969799118098e-09,4.194624619187363e-13,0.9999999540792174,1.4242668627869875e-14,9.655632391913945e-09,1.1394340680931563e-16,1.3432097015993404e-11,1.0083268214701452e-08,2.514441745648196e-08
EFT:1.5731250871811277e-15,1.0235969799118207e-09,4.1946246191873777e-13,0.9999999540792174,1.4242668627870027e-14,9.65563239191398e-09,1.1394340680931563e-16,1.34320970159935e-11,1.0083268214701489e-08,2.514441745648223e-08
Random564
Raw:1.5731250871811502e-15,1.0235969799118317e-09,4.1946246191874226e-13,0.9999999540792174,1.4242668627870178e-14,9.655632391914117e-09,1.1394340680931807e-16,1.3432097015993642e-11,1.0083268214701633e-08,2.5144417456482497e-08
EFT:1.5731250871811277e-15,1.0235969799118207e-09,4.1946246191873777e-13,0.9999999540792174,1.4242668627870027e-14,9.65563239191398e-09,1.1394340680931563e-16,1.34320970159935e-11,1.0083268214701489e-08,2.514441745648223e-08
Random565
Raw:1.5731250871811054e-15,1.0235969799118135e-09,4.194624619187348e-13,0.9999999540792174,1.4242668627869976e-14,9.655632391913945e-09,1.1394340680931482e-16,1.3432097015993404e-11,1.0083268214701381e-08,2.514441745648205e-08
EFT:1.5731250871811277e-15,1.0235969799118207e-09,4.1946246191873777e-13,0.9999999540792174,1.4242668627870027e-14,9.65563239191398e-09,1.1394340680931563e-16,1.34320970159935e-11,1.0083268214701489e-08,2.514441745648223e-08
Random566
Raw:1.5731250871811277e-15,1.023596979911817e-09,4.1946246191873777e-13,0.9999999540792174,1.4242668627869875e-14,9.655632391913945e-09,1.1394340680931482e-16,1.34320970159935e-11,1.0083268214701452e-08,2.514441745648205e-08
EFT:1.5731250871811277e-15,1.0235969799118207e-09,4.1946246191873777e-13,0.9999999540792174,1.4242668627870027e-14,9.65563239191398e-09,1.1394340680931563e-16,1.34320970159935e-11,1.0083268214701489e-08,2.514441745648223e-08
Random567
Raw:1.5731250871811277e-15,1.0235969799118243e-09,4.194624619187393e-13,0.9999999540792174,1.4242668627870077e-14,9.655632391914047e-09,1.1394340680931644e-16,1.3432097015993595e-11,1.0083268214701525e-08,2.514441745648223e-08
EFT:1.5731250871811277e-15,1.0235969799118207e-09,4.1946246191873777e-13,0.9999999540792174,1.4242668627870027e-14,9.65563239191398e-09,1.1394340680931563e-16,1.34320970159935e-11,1.0083268214701489e-08,2.514441745648223e-08
Random568
Raw:1.5731250871811054e-15,1.0235969799118135e-09,4.194624619187363e-13,0.9999999540792174,1.4242668627869976e-14,9.65563239191398e-09,1.1394340680931563e-16,1.3432097015993451e-11,1.0083268214701452e-08,2.514441745648223e-08
EFT:1.5731250871811277e-15,1.0235969799118207e-09,4.1946246191873777e-13,0.9999999540792174,1.4242668627870027e-14,9.65563239191398e-09,1.1394340680931563e-16,1.34320970159935e-11,1.0083268214701489e-08,2.514441745648223e-08
Random569
Raw:1.5731250871811277e-15,1.0235969799118243e-09,4.194624619187363e-13,0.9999999540792174,1.4242668627869976e-14,9.655632391914014e-09,1.1394340680931644e-16,1.34320970159935e-11,1.0083268214701452e-08,2.514441745648223e-08
EFT:1.5731250871811277e-15,1.0235969799118207e-09,4.1946246191873777e-13,0.9999999540792174,1.4242668627870027e-14,9.65563239191398e-09,1.1394340680931563e-16,1.34320970159935e-11,1.0083268214701489e-08,2.514441745648223e-08
Random570
Raw:1.5731250871811277e-15,1.0235969799118207e-09,4.194624619187393e-13,0.9999999540792174,1.4242668627869976e-14,9.655632391914014e-09,1.1394340680931563e-16,1.34320970159935e-11,1.0083268214701489e-08,2.514441745648214e-08
EFT:1.5731250871811277e-15,1.0235969799118207e-09,4.1946246191873777e-13,0.9999999540792174,1.4242668627870027e-14,9.65563239191398e-09,1.1394340680931563e-16,1.34320970159935e-11,1.0083268214701489e-08,2.514441745648223e-08
Random571
Raw:1.5731250871811054e-15,1.0235969799118135e-09,4.194624619187363e-13,0.9999999540792174,1.4242668627869875e-14,9.655632391913912e-09,1.1394340680931482e-16,1.3432097015993404e-11,1.0083268214701418e-08,2.514441745648196e-08
EFT:1.5731250871811277e-15,1.0235969799118207e-09,4.1946246191873777e-13,0.9999999540792174,1.4242668627870027e-14,9.65563239191398e-09,1.1394340680931563e-16,1.34320970159935e-11,1.0083268214701489e-08,2.514441745648223e-08
Random572
Raw:1.5731250871811167e-15,1.023596979911817e-09,4.194624619187363e-13,0.9999999540792174,1.4242668627869976e-14,9.655632391913945e-09,1.1394340680931482e-16,1.3432097015993404e-11,1.0083268214701489e-08,2.514441745648214e-08
EFT:1.5731250871811277e-15,1.0235969799118207e-09,4.1946246191873777e-13,0.9999999540792174,1.4242668627870027e-14,9.65563239191398e-09,1.1394340680931563e-16,1.34320970159935e-11,1.0083268214701489e-08,2.514441745648223e-08
Random573
Raw:1.5731250871811167e-15,1.023596979911817e-09,4.194624619187363e-13,0.9999999540792174,1.4242668627870027e-14,9.655632391913945e-09,1.1394340680931563e-16,1.34320970159935e-11,1.0083268214701452e-08,2.514441745648205e-08
EFT:1.5731250871811277e-15,1.0235969799118207e-09,4.1946246191873777e-13,0.9999999540792174,1.4242668627870077e-14,9.65563239191398e-09,1.1394340680931563e-16,1.34320970159935e-11,1.0083268214701489e-08,2.514441745648223e-08
Random574
Raw:1.5731250871811054e-15,1.0235969799118135e-09,4.194624619187348e-13,0.9999999540792174,1.4242668627869875e-14,9.655632391913912e-09,1.1394340680931482e-16,1.3432097015993356e-11,1.0083268214701418e-08,2.514441745648205e-08
EFT:1.5731250871811277e-15,1.0235969799118207e-09,4.1946246191873777e-13,0.9999999540792174,1.4242668627870077e-14,9.65563239191398e-09,1.1394340680931563e-16,1.34320970159935e-11,1.0083268214701489e-08,2.514441745648223e-08
Random575
Raw:1.5731250871811277e-15,1.0235969799118207e-09,4.194624619187393e-13,0.9999999540792174,1.4242668627869976e-14,9.655632391914014e-09,1.1394340680931482e-16,1.3432097015993546e-11,1.0083268214701452e-08,2.514441745648214e-08
EFT:1.5731250871811277e-15,1.0235969799118207e-09,4.1946246191873777e-13,0.9999999540792174,1.4242668627870027e-14,9.65563239191398e-09,1.1394340680931563e-16,1.34320970159935e-11,1.0083268214701489e-08,2.514441745648223e-08
Random576
Raw:1.573125087181139e-15,1.0235969799118207e-09,4.1946246191874226e-13,0.9999999540792174,1.4242668627870077e-14,9.655632391914047e-09,1.1394340680931644e-16,1.3432097015993595e-11,1.008326821470156e-08,2.5144417456482318e-08
EFT:1.5731250871811277e-15,1.0235969799118207e-09,4.1946246191873777e-13,0.9999999540792174,1.4242668627870027e-14,9.65563239191398e-09,1.1394340680931563e-16,1.34320970159935e-11,1.0083268214701489e-08,2.514441745648223e-08
Random577
Raw:1.5731250871811277e-15,1.023596979911817e-09,4.194624619187393e-13,0.9999999540792174,1.4242668627869976e-14,9.655632391913912e-09,1.1394340680931563e-16,1.34320970159935e-11,1.0083268214701452e-08,2.514441745648196e-08
EFT:1.5731250871811277e-15,1.0235969799118207e-09,4.1946246191873777e-13,0.9999999540792174,1.4242668627870027e-14,9.65563239191398e-09,1.1394340680931563e-16,1.34320970159935e-11,1.0083268214701489e-08,2.514441745648223e-08
Random578
Raw:1.5731250871811277e-15,1.023596979911817e-09,4.194624619187393e-13,0.9999999540792174,1.4242668627869976e-14,9.65563239191398e-09,1.1394340680931563e-16,1.3432097015993546e-11,1.0083268214701489e-08,2.514441745648214e-08
EFT:1.5731250871811277e-15,1.0235969799118207e-09,4.1946246191873777e-13,0.9999999540792174,1.4242668627870027e-14,9.65563239191398e-09,1.1394340680931563e-16,1.34320970159935e-11,1.0083268214701489e-08,2.514441745648223e-08
Random579
Raw:1.5731250871811277e-15,1.0235969799118207e-09,4.194624619187393e-13,0.9999999540792174,1.4242668627870077e-14,9.655632391913945e-09,1.1394340680931644e-16,1.3432097015993546e-11,1.0083268214701489e-08,2.514441745648214e-08
EFT:1.5731250871811277e-15,1.0235969799118207e-09,4.1946246191873777e-13,0.9999999540792174,1.4242668627870027e-14,9.65563239191398e-09,1.1394340680931563e-16,1.34320970159935e-11,1.0083268214701489e-08,2.514441745648223e-08
Random580
Raw:1.5731250871811277e-15,1.0235969799118207e-09,4.1946246191874075e-13,0.9999999540792174,1.4242668627870077e-14,9.65563239191398e-09,1.1394340680931726e-16,1.3432097015993546e-11,1.0083268214701489e-08,2.514441745648214e-08
EFT:1.5731250871811277e-15,1.0235969799118207e-09,4.1946246191873777e-13,0.9999999540792174,1.4242668627870027e-14,9.65563239191398e-09,1.1394340680931563e-16,1.34320970159935e-11,1.0083268214701489e-08,2.514441745648223e-08
Random581
Raw:1.5731250871811277e-15,1.023596979911817e-09,4.194624619187393e-13,0.9999999540792174,1.4242668627870077e-14,9.655632391913945e-09,1.1394340680931644e-16,1.3432097015993546e-11,1.0083268214701489e-08,2.514441745648223e-08
EFT:1.5731250871811277e-15,1.0235969799118207e-09,4.1946246191873777e-13,0.9999999540792174,1.4242668627870077e-14,9.65563239191398e-09,1.1394340680931563e-16,1.34320970159935e-11,1.0083268214701489e-08,2.514441745648223e-08
Random582
Raw:1.5731250871811277e-15,1.023596979911817e-09,4.194624619187348e-13,0.9999999540792174,1.4242668627869976e-14,9.65563239191398e-09,1.1394340680931482e-16,1.34320970159935e-11,1.0083268214701452e-08,2.514441745648205e-08
EFT:1.5731250871811277e-15,1.0235969799118207e-09,4.1946246191873777e-13,0.9999999540792174,1.4242668627870027e-14,9.65563239191398e-09,1.1394340680931563e-16,1.34320970159935e-11,1.0083268214701489e-08,2.514441745648223e-08
Random583
Raw:1.5731250871811277e-15,1.0235969799118243e-09,4.1946246191874075e-13,0.9999999540792174,1.4242668627870128e-14,9.655632391914014e-09,1.1394340680931644e-16,1.3432097015993595e-11,1.0083268214701489e-08,2.514441745648223e-08
EFT:1.5731250871811277e-15,1.0235969799118207e-09,4.1946246191873777e-13,0.9999999540792174,1.4242668627870077e-14,9.65563239191398e-09,1.1394340680931563e-16,1.34320970159935e-11,1.0083268214701489e-08,2.514441745648223e-08
Random584
Raw:1.5731250871811277e-15,1.023596979911817e-09,4.194624619187363e-13,0.9999999540792174,1.4242668627869875e-14,9.655632391913945e-09,1.1394340680931644e-16,1.3432097015993451e-11,1.0083268214701489e-08,2.514441745648214e-08
EFT:1.5731250871811277e-15,1.0235969799118207e-09,4.1946246191873777e-13,0.9999999540792174,1.4242668627870077e-14,9.65563239191398e-09,1.1394340680931563e-16,1.34320970159935e-11,1.0083268214701489e-08,2.514441745648223e-08
Random585
Raw:1.5731250871811277e-15,1.0235969799118207e-09,4.194624619187393e-13,0.9999999540792174,1.4242668627870077e-14,9.655632391914014e-09,1.1394340680931644e-16,1.3432097015993546e-11,1.0083268214701452e-08,2.514441745648214e-08
EFT:1.5731250871811277e-15,1.0235969799118207e-09,4.1946246191873777e-13,0.9999999540792174,1.4242668627870027e-14,9.65563239191398e-09,1.1394340680931563e-16,1.34320970159935e-11,1.0083268214701489e-08,2.514441745648223e-08
Random586
Raw:1.5731250871811277e-15,1.023596979911817e-09,4.194624619187363e-13,0.9999999540792174,1.4242668627870027e-14,9.65563239191398e-09,1.1394340680931482e-16,1.3432097015993451e-11,1.0083268214701452e-08,2.514441745648205e-08
EFT:1.5731250871811277e-15,1.0235969799118207e-09,4.1946246191873777e-13,0.9999999540792174,1.4242668627870027e-14,9.65563239191398e-09,1.1394340680931563e-16,1.34320970159935e-11,1.0083268214701489e-08,2.514441745648223e-08
Random587
Raw:1.5731250871811277e-15,1.0235969799118207e-09,4.194624619187393e-13,0.9999999540792174,1.4242668627870077e-14,9.65563239191398e-09,1.1394340680931644e-16,1.3432097015993546e-11,1.0083268214701489e-08,2.514441745648223e-08
EFT:1.5731250871811277e-15,1.0235969799118207e-09,4.1946246191873777e-13,0.9999999540792174,1.4242668627870027e-14,9.65563239191398e-09,1.1394340680931563e-16,1.34320970159935e-11,1.0083268214701489e-08,2.514441745648223e-08
Random588
Raw:1.5731250871811054e-15,1.0235969799118135e-09,4.1946246191873333e-13,0.9999999540792174,1.4242668627869976e-14,9.655632391913912e-09,1.1394340680931482e-16,1.3432097015993404e-11,1.0083268214701418e-08,2.514441745648205e-08
EFT:1.5731250871811277e-15,1.0235969799118207e-09,4.1946246191873777e-13,0.9999999540792174,1.4242668627870077e-14,9.65563239191398e-09,1.1394340680931563e-16,1.34320970159935e-11,1.0083268214701489e-08,2.514441745648223e-08
Random589
Raw:1.5731250871811277e-15,1.0235969799118207e-09,4.194624619187363e-13,0.9999999540792174,1.4242668627869976e-14,9.65563239191398e-09,1.1394340680931482e-16,1.3432097015993404e-11,1.0083268214701452e-08,2.514441745648214e-08
EFT:1.5731250871811277e-15,1.0235969799118207e-09,4.1946246191873777e-13,0.9999999540792174,1.4242668627870027e-14,9.65563239191398e-09,1.1394340680931563e-16,1.34320970159935e-11,1.0083268214701489e-08,2.514441745648223e-08
Random590
Raw:1.5731250871811277e-15,1.0235969799118207e-09,4.194624619187393e-13,0.9999999540792174,1.4242668627870027e-14,9.65563239191398e-09,1.1394340680931644e-16,1.3432097015993546e-11,1.0083268214701489e-08,2.514441745648223e-08
EFT:1.5731250871811277e-15,1.0235969799118207e-09,4.1946246191873777e-13,0.9999999540792174,1.4242668627870027e-14,9.65563239191398e-09,1.1394340680931563e-16,1.34320970159935e-11,1.0083268214701489e-08,2.514441745648223e-08
Random591
Raw:1.5731250871811054e-15,1.023596979911817e-09,4.194624619187363e-13,0.9999999540792174,1.4242668627869976e-14,9.655632391913945e-09,1.1394340680931644e-16,1.34320970159935e-11,1.0083268214701452e-08,2.514441745648205e-08
EFT:1.5731250871811277e-15,1.0235969799118207e-09,4.1946246191873777e-13,0.9999999540792174,1.4242668627870027e-14,9.65563239191398e-09,1.1394340680931563e-16,1.34320970159935e-11,1.0083268214701489e-08,2.514441745648223e-08
Random592
Raw:1.5731250871811277e-15,1.023596979911817e-09,4.194624619187363e-13,0.9999999540792174,1.4242668627870077e-14,9.655632391914014e-09,1.1394340680931482e-16,1.34320970159935e-11,1.0083268214701489e-08,2.514441745648223e-08
EFT:1.5731250871811277e-15,1.0235969799118207e-09,4.1946246191873777e-13,0.9999999540792174,1.4242668627870027e-14,9.65563239191398e-09,1.1394340680931563e-16,1.34320970159935e-11,1.0083268214701489e-08,2.514441745648223e-08
Random593
Raw:1.5731250871811277e-15,1.0235969799118243e-09,4.194624619187393e-13,0.9999999540792174,1.4242668627869976e-14,9.65563239191398e-09,1.1394340680931563e-16,1.3432097015993546e-11,1.0083268214701489e-08,2.514441745648214e-08
EFT:1.5731250871811277e-15,1.0235969799118207e-09,4.1946246191873777e-13,0.9999999540792174,1.4242668627870027e-14,9.65563239191398e-09,1.1394340680931563e-16,1.34320970159935e-11,1.0083268214701489e-08,2.514441745648223e-08
Random594
Raw:1.5731250871811167e-15,1.023596979911817e-09,4.194624619187363e-13,0.9999999540792174,1.4242668627869926e-14,9.655632391913945e-09,1.1394340680931482e-16,1.34320970159935e-11,1.0083268214701452e-08,2.514441745648205e-08
EFT:1.5731250871811277e-15,1.0235969799118207e-09,4.1946246191873777e-13,0.9999999540792174,1.4242668627870027e-14,9.65563239191398e-09,1.1394340680931563e-16,1.34320970159935e-11,1.0083268214701489e-08,2.514441745648223e-08
Random595
Raw:1.5731250871811277e-15,1.023596979911817e-09,4.194624619187393e-13,0.9999999540792174,1.4242668627869976e-14,9.65563239191398e-09,1.1394340680931563e-16,1.34320970159935e-11,1.0083268214701418e-08,2.514441745648205e-08
EFT:1.5731250871811277e-15,1.0235969799118207e-09,4.1946246191873777e-13,0.9999999540792174,1.4242668627870077e-14,9.65563239191398e-09,1.1394340680931563e-16,1.34320970159935e-11,1.0083268214701489e-08,2.514441745648223e-08
Random596
Raw:1.5731250871811277e-15,1.0235969799118207e-09,4.194624619187393e-13,0.9999999540792174,1.4242668627870027e-14,9.65563239191398e-09,1.1394340680931644e-16,1.3432097015993546e-11,1.0083268214701489e-08,2.514441745648214e-08
EFT:1.5731250871811277e-15,1.0235969799118207e-09,4.1946246191873777e-13,0.9999999540792174,1.4242668627870027e-14,9.65563239191398e-09,1.1394340680931563e-16,1.34320970159935e-11,1.0083268214701489e-08,2.514441745648223e-08
Random597
Raw:1.5731250871811054e-15,1.023596979911817e-09,4.194624619187348e-13,0.9999999540792174,1.4242668627869976e-14,9.65563239191398e-09,1.1394340680931482e-16,1.34320970159935e-11,1.0083268214701418e-08,2.514441745648214e-08
EFT:1.5731250871811277e-15,1.0235969799118207e-09,4.1946246191873777e-13,0.9999999540792174,1.4242668627870027e-14,9.65563239191398e-09,1.1394340680931563e-16,1.34320970159935e-11,1.0083268214701489e-08,2.514441745648223e-08
Random598
Raw:1.5731250871811167e-15,1.023596979911817e-09,4.194624619187363e-13,0.9999999540792174,1.4242668627869976e-14,9.65563239191398e-09,1.1394340680931482e-16,1.34320970159935e-11,1.0083268214701418e-08,2.514441745648214e-08
EFT:1.5731250871811277e-15,1.0235969799118207e-09,4.1946246191873777e-13,0.9999999540792174,1.4242668627870027e-14,9.65563239191398e-09,1.1394340680931563e-16,1.34320970159935e-11,1.0083268214701489e-08,2.514441745648223e-08
Random599
Raw:1.5731250871811277e-15,1.023596979911817e-09,4.194624619187363e-13,0.9999999540792174,1.4242668627869976e-14,9.655632391913945e-09,1.1394340680931482e-16,1.3432097015993451e-11,1.0083268214701452e-08,2.514441745648205e-08
EFT:1.5731250871811277e-15,1.0235969799118207e-09,4.1946246191873777e-13,0.9999999540792174,1.4242668627870027e-14,9.65563239191398e-09,1.1394340680931563e-16,1.34320970159935e-11,1.0083268214701489e-08,2.514441745648223e-08
Random600
Raw:1.5731250871811167e-15,1.0235969799118243e-09,4.194624619187393e-13,0.9999999540792174,1.4242668627869976e-14,9.65563239191398e-09,1.1394340680931644e-16,1.3432097015993546e-11,1.0083268214701452e-08,2.514441745648214e-08
EFT:1.5731250871811277e-15,1.0235969799118207e-09,4.1946246191873777e-13,0.9999999540792174,1.4242668627870027e-14,9.65563239191398e-09,1.1394340680931563e-16,1.34320970159935e-11,1.0083268214701489e-08,2.514441745648223e-08
Random601
Raw:1.573125087181139e-15,1.0235969799118243e-09,4.194624619187393e-13,0.9999999540792174,1.4242668627870077e-14,9.655632391914047e-09,1.1394340680931644e-16,1.3432097015993546e-11,1.008326821470156e-08,2.5144417456482318e-08
EFT:1.5731250871811277e-15,1.0235969799118207e-09,4.1946246191873777e-13,0.9999999540792174,1.4242668627870027e-14,9.65563239191398e-09,1.1394340680931563e-16,1.34320970159935e-11,1.0083268214701489e-08,2.514441745648223e-08
Random602
Raw:1.5731250871811277e-15,1.023596979911817e-09,4.194624619187393e-13,0.9999999540792174,1.4242668627870027e-14,9.65563239191398e-09,1.1394340680931644e-16,1.34320970159935e-11,1.0083268214701525e-08,2.514441745648214e-08
EFT:1.5731250871811277e-15,1.0235969799118207e-09,4.1946246191873777e-13,0.9999999540792174,1.4242668627870027e-14,9.65563239191398e-09,1.1394340680931563e-16,1.34320970159935e-11,1.0083268214701489e-08,2.514441745648223e-08
Random603
Raw:1.5731250871811277e-15,1.023596979911817e-09,4.194624619187393e-13,0.9999999540792174,1.4242668627869976e-14,9.655632391914014e-09,1.1394340680931644e-16,1.34320970159935e-11,1.0083268214701489e-08,2.514441745648214e-08
EFT:1.5731250871811277e-15,1.0235969799118207e-09,4.1946246191873777e-13,0.9999999540792174,1.4242668627870027e-14,9.65563239191398e-09,1.1394340680931563e-16,1.34320970159935e-11,1.0083268214701489e-08,2.514441745648223e-08
Random604
Raw:1.5731250871811277e-15,1.0235969799118207e-09,4.194624619187363e-13,0.9999999540792174,1.4242668627870077e-14,9.655632391914047e-09,1.1394340680931563e-16,1.34320970159935e-11,1.0083268214701489e-08,2.514441745648223e-08
EFT:1.5731250871811277e-15,1.0235969799118207e-09,4.1946246191873777e-13,0.9999999540792174,1.4242668627870077e-14,9.65563239191398e-09,1.1394340680931563e-16,1.34320970159935e-11,1.0083268214701489e-08,2.514441745648223e-08
Random605
Raw:1.5731250871811277e-15,1.0235969799118207e-09,4.1946246191874075e-13,0.9999999540792174,1.4242668627870077e-14,9.655632391914014e-09,1.1394340680931563e-16,1.34320970159935e-11,1.0083268214701489e-08,2.514441745648214e-08
EFT:1.5731250871811277e-15,1.0235969799118207e-09,4.1946246191873777e-13,0.9999999540792174,1.4242668627870077e-14,9.65563239191398e-09,1.1394340680931563e-16,1.34320970159935e-11,1.0083268214701489e-08,2.514441745648223e-08
Random606
Raw:1.5731250871811167e-15,1.023596979911817e-09,4.194624619187393e-13,0.9999999540792174,1.4242668627869875e-14,9.65563239191398e-09,1.1394340680931563e-16,1.3432097015993546e-11,1.0083268214701418e-08,2.514441745648205e-08
EFT:1.5731250871811277e-15,1.0235969799118207e-09,4.1946246191873777e-13,0.9999999540792174,1.4242668627870027e-14,9.65563239191398e-09,1.1394340680931563e-16,1.34320970159935e-11,1.0083268214701489e-08,2.514441745648223e-08
Random607
Raw:1.5731250871811277e-15,1.023596979911817e-09,4.194624619187393e-13,0.9999999540792174,1.4242668627869976e-14,9.655632391913945e-09,1.1394340680931644e-16,1.34320970159935e-11,1.0083268214701452e-08,2.514441745648205e-08
EFT:1.5731250871811277e-15,1.0235969799118207e-09,4.1946246191873777e-13,0.9999999540792174,1.4242668627870027e-14,9.65563239191398e-09,1.1394340680931563e-16,1.34320970159935e-11,1.0083268214701489e-08,2.514441745648223e-08
Random608
Raw:1.573125087181139e-15,1.0235969799118243e-09,4.194624619187393e-13,0.9999999540792174,1.4242668627870077e-14,9.655632391914014e-09,1.1394340680931563e-16,1.3432097015993595e-11,1.0083268214701489e-08,2.5144417456482408e-08
EFT:1.5731250871811277e-15,1.0235969799118207e-09,4.1946246191873777e-13,0.9999999540792174,1.4242668627870027e-14,9.65563239191398e-09,1.1394340680931563e-16,1.34320970159935e-11,1.0083268214701489e-08,2.514441745648223e-08
Random609
Raw:1.5731250871811277e-15,1.023596979911817e-09,4.1946246191874075e-13,0.9999999540792174,1.4242668627869976e-14,9.65563239191398e-09,1.1394340680931644e-16,1.34320970159935e-11,1.0083268214701489e-08,2.514441745648214e-08
EFT:1.5731250871811277e-15,1.0235969799118207e-09,4.1946246191873777e-13,0.9999999540792174,1.4242668627870027e-14,9.65563239191398e-09,1.1394340680931563e-16,1.34320970159935e-11,1.0083268214701489e-08,2.514441745648223e-08
Random610
Raw:1.5731250871811277e-15,1.0235969799118207e-09,4.194624619187393e-13,0.9999999540792174,1.4242668627869875e-14,9.65563239191398e-09,1.1394340680931482e-16,1.34320970159935e-11,1.0083268214701452e-08,2.514441745648214e-08
EFT:1.5731250871811277e-15,1.0235969799118207e-09,4.1946246191873777e-13,0.9999999540792174,1.4242668627870077e-14,9.65563239191398e-09,1.1394340680931563e-16,1.34320970159935e-11,1.0083268214701489e-08,2.514441745648223e-08
Random611
Raw:1.5731250871811277e-15,1.023596979911817e-09,4.194624619187363e-13,0.9999999540792174,1.4242668627869976e-14,9.655632391913945e-09,1.1394340680931563e-16,1.34320970159935e-11,1.0083268214701418e-08,2.514441745648214e-08
EFT:1.5731250871811277e-15,1.0235969799118207e-09,4.1946246191873777e-13,0.9999999540792174,1.4242668627870027e-14,9.65563239191398e-09,1.1394340680931563e-16,1.34320970159935e-11,1.0083268214701489e-08,2.514441745648223e-08
Random612
Raw:1.573125087181139e-15,1.0235969799118243e-09,4.1946246191874226e-13,0.9999999540792174,1.4242668627870027e-14,9.655632391914014e-09,1.1394340680931644e-16,1.3432097015993595e-11,1.0083268214701525e-08,2.514441745648223e-08
EFT:1.5731250871811277e-15,1.0235969799118207e-09,4.1946246191873777e-13,0.9999999540792174,1.4242668627870077e-14,9.65563239191398e-09,1.1394340680931563e-16,1.34320970159935e-11,1.0083268214701489e-08,2.514441745648223e-08
Random613
Raw:1.5731250871811502e-15,1.0235969799118317e-09,4.1946246191874373e-13,0.9999999540792174,1.424266862787028e-14,9.655632391914117e-09,1.1394340680931644e-16,1.343209701599369e-11,1.0083268214701633e-08,2.5144417456482408e-08
EFT:1.5731250871811277e-15,1.0235969799118207e-09,4.1946246191873777e-13,0.9999999540792174,1.4242668627870027e-14,9.65563239191398e-09,1.1394340680931563e-16,1.34320970159935e-11,1.0083268214701489e-08,2.514441745648223e-08
Random614
Raw:1.5731250871811277e-15,1.023596979911817e-09,4.194624619187393e-13,0.9999999540792174,1.4242668627869976e-14,9.65563239191398e-09,1.1394340680931644e-16,1.34320970159935e-11,1.0083268214701525e-08,2.514441745648214e-08
EFT:1.5731250871811277e-15,1.0235969799118207e-09,4.1946246191873777e-13,0.9999999540792174,1.4242668627870027e-14,9.65563239191398e-09,1.1394340680931563e-16,1.34320970159935e-11,1.0083268214701489e-08,2.514441745648223e-08
Random615
Raw:1.5731250871811277e-15,1.0235969799118207e-09,4.1946246191873777e-13,0.9999999540792174,1.4242668627869976e-14,9.65563239191398e-09,1.1394340680931644e-16,1.34320970159935e-11,1.0083268214701525e-08,2.514441745648214e-08
EFT:1.5731250871811277e-15,1.0235969799118207e-09,4.1946246191873777e-13,0.9999999540792174,1.4242668627870027e-14,9.65563239191398e-09,1.1394340680931563e-16,1.34320970159935e-11,1.0083268214701489e-08,2.514441745648223e-08
Random616
Raw:1.5731250871811277e-15,1.0235969799118207e-09,4.194624619187363e-13,0.9999999540792174,1.4242668627869976e-14,9.655632391914047e-09,1.1394340680931482e-16,1.34320970159935e-11,1.0083268214701489e-08,2.514441745648223e-08
EFT:1.5731250871811277e-15,1.0235969799118207e-09,4.1946246191873777e-13,0.9999999540792174,1.4242668627870027e-14,9.65563239191398e-09,1.1394340680931563e-16,1.34320970159935e-11,1.0083268214701489e-08,2.514441745648223e-08
Random617
Raw:1.5731250871811167e-15,1.023596979911817e-09,4.194624619187363e-13,0.9999999540792174,1.4242668627869875e-14,9.655632391913945e-09,1.1394340680931482e-16,1.34320970159935e-11,1.0083268214701452e-08,2.514441745648205e-08
EFT:1.5731250871811277e-15,1.0235969799118207e-09,4.1946246191873777e-13,0.9999999540792174,1.4242668627870027e-14,9.65563239191398e-09,1.1394340680931563e-16,1.34320970159935e-11,1.0083268214701489e-08,2.514441745648223e-08
Random618
Raw:1.5731250871811277e-15,1.023596979911817e-09,4.194624619187363e-13,0.9999999540792174,1.4242668627869875e-14,9.655632391913912e-09,1.1394340680931563e-16,1.3432097015993451e-11,1.0083268214701489e-08,2.514441745648214e-08
EFT:1.5731250871811277e-15,1.0235969799118207e-09,4.1946246191873777e-13,0.9999999540792174,1.4242668627870027e-14,9.65563239191398e-09,1.1394340680931563e-16,1.34320970159935e-11,1.0083268214701489e-08,2.514441745648223e-08
Random619
Raw:1.5731250871811277e-15,1.0235969799118207e-09,4.194624619187363e-13,0.9999999540792174,1.4242668627869976e-14,9.655632391914014e-09,1.1394340680931563e-16,1.3432097015993546e-11,1.0083268214701489e-08,2.514441745648223e-08
EFT:1.5731250871811277e-15,1.0235969799118207e-09,4.1946246191873777e-13,0.9999999540792174,1.4242668627870027e-14,9.65563239191398e-09,1.1394340680931563e-16,1.34320970159935e-11,1.0083268214701489e-08,2.514441745648223e-08
Random620
Raw:1.5731250871811277e-15,1.0235969799118243e-09,4.194624619187393e-13,0.9999999540792174,1.4242668627869976e-14,9.655632391914014e-09,1.1394340680931563e-16,1.34320970159935e-11,1.0083268214701489e-08,2.514441745648223e-08
EFT:1.5731250871811277e-15,1.0235969799118207e-09,4.1946246191873777e-13,0.9999999540792174,1.4242668627870027e-14,9.65563239191398e-09,1.1394340680931563e-16,1.34320970159935e-11,1.0083268214701489e-08,2.514441745648223e-08
Random621
Raw:1.5731250871811167e-15,1.0235969799118135e-09,4.194624619187348e-13,0.9999999540792174,1.4242668627869926e-14,9.655632391913912e-09,1.1394340680931482e-16,1.3432097015993451e-11,1.0083268214701418e-08,2.514441745648196e-08
EFT:1.5731250871811277e-15,1.0235969799118207e-09,4.1946246191873777e-13,0.9999999540792174,1.4242668627870027e-14,9.65563239191398e-09,1.1394340680931563e-16,1.34320970159935e-11,1.0083268214701489e-08,2.514441745648223e-08
Random622
Raw:1.5731250871811054e-15,1.023596979911817e-09,4.194624619187363e-13,0.9999999540792174,1.4242668627869976e-14,9.655632391913945e-09,1.1394340680931482e-16,1.34320970159935e-11,1.0083268214701489e-08,2.514441745648205e-08
EFT:1.5731250871811277e-15,1.0235969799118207e-09,4.1946246191873777e-13,0.9999999540792174,1.4242668627870027e-14,9.65563239191398e-09,1.1394340680931563e-16,1.34320970159935e-11,1.0083268214701489e-08,2.514441745648223e-08
Random623
Raw:1.5731250871811277e-15,1.0235969799118243e-09,4.194624619187393e-13,0.9999999540792174,1.4242668627870077e-14,9.655632391913945e-09,1.1394340680931563e-16,1.3432097015993595e-11,1.0083268214701452e-08,2.514441745648214e-08
EFT:1.5731250871811277e-15,1.0235969799118207e-09,4.1946246191873777e-13,0.9999999540792174,1.4242668627870027e-14,9.65563239191398e-09,1.1394340680931563e-16,1.34320970159935e-11,1.0083268214701489e-08,2.514441745648223e-08
Random624
Raw:1.5731250871811167e-15,1.0235969799118207e-09,4.194624619187363e-13,0.9999999540792174,1.4242668627870027e-14,9.655632391914047e-09,1.1394340680931644e-16,1.34320970159935e-11,1.0083268214701489e-08,2.514441745648223e-08
EFT:1.5731250871811277e-15,1.0235969799118207e-09,4.1946246191873777e-13,0.9999999540792174,1.4242668627870027e-14,9.65563239191398e-09,1.1394340680931563e-16,1.34320970159935e-11,1.0083268214701489e-08,2.514441745648223e-08
Random625
Raw:1.5731250871811054e-15,1.023596979911817e-09,4.194624619187348e-13,0.9999999540792174,1.4242668627869976e-14,9.655632391914014e-09,1.1394340680931482e-16,1.3432097015993451e-11,1.0083268214701452e-08,2.514441745648214e-08
EFT:1.5731250871811277e-15,1.0235969799118207e-09,4.1946246191873777e-13,0.9999999540792174,1.4242668627870027e-14,9.65563239191398e-09,1.1394340680931563e-16,1.34320970159935e-11,1.0083268214701489e-08,2.514441745648223e-08
Random626
Raw:1.5731250871811277e-15,1.0235969799118135e-09,4.194624619187363e-13,0.9999999540792174,1.4242668627869976e-14,9.65563239191398e-09,1.1394340680931644e-16,1.3432097015993451e-11,1.0083268214701452e-08,2.514441745648205e-08
EFT:1.5731250871811277e-15,1.0235969799118207e-09,4.1946246191873777e-13,0.9999999540792174,1.4242668627870027e-14,9.65563239191398e-09,1.1394340680931563e-16,1.34320970159935e-11,1.0083268214701489e-08,2.514441745648223e-08
Random627
Raw:1.5731250871811277e-15,1.023596979911817e-09,4.194624619187393e-13,0.9999999540792174,1.4242668627869976e-14,9.65563239191398e-09,1.1394340680931563e-16,1.3432097015993451e-11,1.0083268214701525e-08,2.514441745648223e-08
EFT:1.5731250871811277e-15,1.0235969799118207e-09,4.1946246191873777e-13,0.9999999540792174,1.4242668627870027e-14,9.65563239191398e-09,1.1394340680931563e-16,1.34320970159935e-11,1.0083268214701489e-08,2.514441745648223e-08
Random628
Raw:1.5731250871811277e-15,1.0235969799118207e-09,4.194624619187363e-13,0.9999999540792174,1.4242668627870077e-14,9.65563239191398e-09,1.1394340680931563e-16,1.34320970159935e-11,1.0083268214701525e-08,2.5144417456482318e-08
EFT:1.5731250871811277e-15,1.0235969799118207e-09,4.1946246191873777e-13,0.9999999540792174,1.4242668627870027e-14,9.65563239191398e-09,1.1394340680931563e-16,1.34320970159935e-11,1.0083268214701489e-08,2.514441745648223e-08
Random629
Raw:1.5731250871811277e-15,1.0235969799118207e-09,4.194624619187393e-13,0.9999999540792174,1.4242668627870027e-14,9.65563239191398e-09,1.1394340680931644e-16,1.3432097015993546e-11,1.0083268214701452e-08,2.514441745648223e-08
EFT:1.5731250871811277e-15,1.0235969799118207e-09,4.1946246191873777e-13,0.9999999540792174,1.4242668627870027e-14,9.65563239191398e-09,1.1394340680931563e-16,1.34320970159935e-11,1.0083268214701489e-08,2.514441745648223e-08
Random630
Raw:1.5731250871811167e-15,1.0235969799118207e-09,4.1946246191874226e-13,0.9999999540792174,1.4242668627869976e-14,9.65563239191398e-09,1.1394340680931563e-16,1.34320970159935e-11,1.0083268214701452e-08,2.514441745648214e-08
EFT:1.5731250871811277e-15,1.0235969799118207e-09,4.1946246191873777e-13,0.9999999540792174,1.4242668627870077e-14,9.65563239191398e-09,1.1394340680931563e-16,1.34320970159935e-11,1.0083268214701489e-08,2.514441745648223e-08
Random631
Raw:1.5731250871811277e-15,1.023596979911817e-09,4.194624619187363e-13,0.9999999540792174,1.4242668627870027e-14,9.655632391914014e-09,1.1394340680931644e-16,1.34320970159935e-11,1.0083268214701489e-08,2.514441745648223e-08
EFT:1.5731250871811277e-15,1.0235969799118207e-09,4.1946246191873777e-13,0.9999999540792174,1.4242668627870027e-14,9.65563239191398e-09,1.1394340680931563e-16,1.34320970159935e-11,1.0083268214701489e-08,2.514441745648223e-08
Random632
Raw:1.5731250871811167e-15,1.0235969799118207e-09,4.1946246191874075e-13,0.9999999540792174,1.4242668627869976e-14,9.65563239191398e-09,1.1394340680931563e-16,1.3432097015993546e-11,1.0083268214701489e-08,2.514441745648214e-08
EFT:1.5731250871811277e-15,1.0235969799118207e-09,4.1946246191873777e-13,0.9999999540792174,1.4242668627870027e-14,9.65563239191398e-09,1.1394340680931563e-16,1.34320970159935e-11,1.0083268214701489e-08,2.514441745648223e-08
Random633
Raw:1.5731250871811167e-15,1.023596979911817e-09,4.194624619187363e-13,0.9999999540792174,1.4242668627869976e-14,9.655632391913945e-09,1.1394340680931563e-16,1.34320970159935e-11,1.0083268214701452e-08,2.514441745648205e-08
EFT:1.5731250871811277e-15,1.0235969799118207e-09,4.1946246191873777e-13,0.9999999540792174,1.4242668627870077e-14,9.65563239191398e-09,1.1394340680931563e-16,1.34320970159935e-11,1.0083268214701489e-08,2.514441745648223e-08
Random634
Raw:1.5731250871811167e-15,1.023596979911817e-09,4.194624619187363e-13,0.9999999540792174,1.4242668627869976e-14,9.655632391913945e-09,1.1394340680931482e-16,1.34320970159935e-11,1.0083268214701452e-08,2.514441745648214e-08
EFT:1.5731250871811277e-15,1.0235969799118207e-09,4.1946246191873777e-13,0.9999999540792174,1.4242668627870027e-14,9.65563239191398e-09,1.1394340680931563e-16,1.34320970159935e-11,1.0083268214701489e-08,2.514441745648223e-08
Random635
Raw:1.5731250871811277e-15,1.023596979911817e-09,4.194624619187363e-13,0.9999999540792174,1.4242668627869976e-14,9.655632391913945e-09,1.1394340680931482e-16,1.3432097015993451e-11,1.0083268214701452e-08,2.514441745648214e-08
EFT:1.5731250871811277e-15,1.0235969799118207e-09,4.1946246191873777e-13,0.9999999540792174,1.4242668627870077e-14,9.65563239191398e-09,1.1394340680931563e-16,1.34320970159935e-11,1.0083268214701489e-08,2.514441745648223e-08
Random636
Raw:1.573125087181139e-15,1.0235969799118207e-09,4.1946246191874226e-13,0.9999999540792174,1.4242668627870128e-14,9.655632391914014e-09,1.1394340680931644e-16,1.3432097015993595e-11,1.008326821470156e-08,2.514441745648223e-08
EFT:1.5731250871811277e-15,1.0235969799118207e-09,4.1946246191873777e-13,0.9999999540792174,1.4242668627870027e-14,9.65563239191398e-09,1.1394340680931563e-16,1.34320970159935e-11,1.0083268214701489e-08,2.514441745648223e-08
Random637
Raw:1.573125087181139e-15,1.023596979911817e-09,4.1946246191873777e-13,0.9999999540792174,1.4242668627869976e-14,9.655632391914014e-09,1.1394340680931644e-16,1.34320970159935e-11,1.0083268214701489e-08,2.514441745648223e-08
EFT:1.5731250871811277e-15,1.0235969799118207e-09,4.1946246191873777e-13,0.9999999540792174,1.4242668627870027e-14,9.65563239191398e-09,1.1394340680931563e-16,1.34320970159935e-11,1.0083268214701489e-08,2.514441745648223e-08
Random638
Raw:1.5731250871811277e-15,1.0235969799118207e-09,4.194624619187393e-13,0.9999999540792174,1.4242668627870027e-14,9.65563239191398e-09,1.1394340680931644e-16,1.34320970159935e-11,1.0083268214701489e-08,2.514441745648214e-08
EFT:1.5731250871811277e-15,1.0235969799118207e-09,4.1946246191873777e-13,0.9999999540792174,1.4242668627870027e-14,9.65563239191398e-09,1.1394340680931563e-16,1.34320970159935e-11,1.0083268214701489e-08,2.514441745648223e-08
Random639
Raw:1.5731250871811054e-15,1.0235969799118207e-09,4.194624619187348e-13,0.9999999540792174,1.4242668627869976e-14,9.65563239191398e-09,1.1394340680931482e-16,1.34320970159935e-11,1.0083268214701418e-08,2.514441745648214e-08
EFT:1.5731250871811277e-15,1.0235969799118207e-09,4.1946246191873777e-13,0.9999999540792174,1.4242668627870027e-14,9.65563239191398e-09,1.1394340680931563e-16,1.34320970159935e-11,1.0083268214701489e-08,2.514441745648223e-08
Random640
Raw:1.5731250871811502e-15,1.0235969799118207e-09,4.1946246191874075e-13,0.9999999540792174,1.4242668627870077e-14,9.655632391914014e-09,1.1394340680931563e-16,1.34320970159935e-11,1.008326821470156e-08,2.5144417456482408e-08
EFT:1.5731250871811277e-15,1.0235969799118207e-09,4.1946246191873777e-13,0.9999999540792174,1.4242668627870027e-14,9.65563239191398e-09,1.1394340680931563e-16,1.34320970159935e-11,1.0083268214701489e-08,2.514441745648223e-08
Random641
Raw:1.5731250871811167e-15,1.0235969799118098e-09,4.194624619187363e-13,0.9999999540792174,1.4242668627869875e-14,9.655632391913912e-09,1.1394340680931482e-16,1.34320970159935e-11,1.0083268214701418e-08,2.514441745648205e-08
EFT:1.5731250871811277e-15,1.0235969799118207e-09,4.1946246191873777e-13,0.9999999540792174,1.4242668627870027e-14,9.65563239191398e-09,1.1394340680931563e-16,1.34320970159935e-11,1.0083268214701489e-08,2.514441745648223e-08
Random642
Raw:1.573125087181139e-15,1.0235969799118243e-09,4.1946246191874226e-13,0.9999999540792174,1.4242668627870077e-14,9.65563239191398e-09,1.1394340680931644e-16,1.3432097015993595e-11,1.008326821470156e-08,2.514441745648214e-08
EFT:1.5731250871811277e-15,1.0235969799118207e-09,4.1946246191873777e-13,0.9999999540792174,1.4242668627870027e-14,9.65563239191398e-09,1.1394340680931563e-16,1.34320970159935e-11,1.0083268214701489e-08,2.514441745648223e-08
Random643
Raw:1.573125087181139e-15,1.0235969799118243e-09,4.1946246191874226e-13,0.9999999540792174,1.4242668627870077e-14,9.655632391914014e-09,1.1394340680931726e-16,1.3432097015993595e-11,1.008326821470156e-08,2.514441745648223e-08
EFT:1.5731250871811277e-15,1.0235969799118207e-09,4.1946246191873777e-13,0.9999999540792174,1.4242668627870027e-14,9.65563239191398e-09,1.1394340680931563e-16,1.34320970159935e-11,1.0083268214701489e-08,2.514441745648223e-08
Random644
Raw:1.5731250871811277e-15,1.023596979911817e-09,4.194624619187363e-13,0.9999999540792174,1.4242668627870077e-14,9.655632391914014e-09,1.1394340680931644e-16,1.34320970159935e-11,1.0083268214701489e-08,2.514441745648223e-08
EFT:1.5731250871811277e-15,1.0235969799118207e-09,4.1946246191873777e-13,0.9999999540792174,1.4242668627870027e-14,9.65563239191398e-09,1.1394340680931563e-16,1.34320970159935e-11,1.0083268214701489e-08,2.514441745648223e-08
Random645
Raw:1.5731250871811277e-15,1.0235969799118207e-09,4.194624619187393e-13,0.9999999540792174,1.4242668627869976e-14,9.65563239191398e-09,1.1394340680931563e-16,1.34320970159935e-11,1.0083268214701452e-08,2.514441745648223e-08
EFT:1.5731250871811277e-15,1.0235969799118207e-09,4.1946246191873777e-13,0.9999999540792174,1.4242668627870027e-14,9.65563239191398e-09,1.1394340680931563e-16,1.34320970159935e-11,1.0083268214701489e-08,2.514441745648223e-08
Random646
Raw:1.5731250871811054e-15,1.0235969799118135e-09,4.194624619187348e-13,0.9999999540792174,1.4242668627869875e-14,9.655632391913912e-09,1.1394340680931482e-16,1.3432097015993404e-11,1.0083268214701452e-08,2.514441745648196e-08
EFT:1.5731250871811277e-15,1.0235969799118207e-09,4.1946246191873777e-13,0.9999999540792174,1.4242668627870027e-14,9.65563239191398e-09,1.1394340680931563e-16,1.34320970159935e-11,1.0083268214701489e-08,2.514441745648223e-08
Random647
Raw:1.5731250871811277e-15,1.0235969799118243e-09,4.194624619187393e-13,0.9999999540792174,1.4242668627870128e-14,9.655632391914014e-09,1.1394340680931644e-16,1.3432097015993642e-11,1.0083268214701489e-08,2.514441745648223e-08
EFT:1.5731250871811277e-15,1.0235969799118207e-09,4.1946246191873777e-13,0.9999999540792174,1.4242668627870027e-14,9.65563239191398e-09,1.1394340680931563e-16,1.34320970159935e-11,1.0083268214701489e-08,2.514441745648223e-08
Random648
Raw:1.5731250871811277e-15,1.0235969799118243e-09,4.194624619187363e-13,0.9999999540792174,1.4242668627870027e-14,9.655632391914014e-09,1.1394340680931644e-16,1.34320970159935e-11,1.0083268214701452e-08,2.514441745648223e-08
EFT:1.5731250871811277e-15,1.0235969799118207e-09,4.1946246191873777e-13,0.9999999540792174,1.4242668627870027e-14,9.65563239191398e-09,1.1394340680931563e-16,1.34320970159935e-11,1.0083268214701489e-08,2.514441745648223e-08
Random649
Raw:1.5731250871811277e-15,1.023596979911817e-09,4.194624619187363e-13,0.9999999540792174,1.4242668627869976e-14,9.655632391913945e-09,1.1394340680931563e-16,1.34320970159935e-11,1.0083268214701452e-08,2.514441745648214e-08
EFT:1.5731250871811277e-15,1.0235969799118207e-09,4.1946246191873777e-13,0.9999999540792174,1.4242668627870027e-14,9.65563239191398e-09,1.1394340680931563e-16,1.34320970159935e-11,1.0083268214701489e-08,2.514441745648223e-08
Random650
Raw:1.5731250871811277e-15,1.0235969799118207e-09,4.194624619187393e-13,0.9999999540792174,1.4242668627870077e-14,9.655632391914047e-09,1.1394340680931644e-16,1.3432097015993595e-11,1.0083268214701525e-08,2.5144417456482318e-08
EFT:1.5731250871811277e-15,1.0235969799118207e-09,4.1946246191873777e-13,0.9999999540792174,1.4242668627870027e-14,9.65563239191398e-09,1.1394340680931563e-16,1.34320970159935e-11,1.0083268214701489e-08,2.514441745648223e-08
Random651
Raw:1.573125087181139e-15,1.023596979911828e-09,4.1946246191874373e-13,0.9999999540792174,1.4242668627870178e-14,9.655632391914047e-09,1.1394340680931644e-16,1.3432097015993642e-11,1.008326821470156e-08,2.5144417456482408e-08
EFT:1.5731250871811277e-15,1.0235969799118207e-09,4.1946246191873777e-13,0.9999999540792174,1.4242668627870077e-14,9.65563239191398e-09,1.1394340680931563e-16,1.34320970159935e-11,1.0083268214701489e-08,2.514441745648223e-08
Random652
Raw:1.5731250871811054e-15,1.0235969799118135e-09,4.1946246191873333e-13,0.9999999540792174,1.4242668627869875e-14,9.655632391913912e-09,1.1394340680931482e-16,1.3432097015993404e-11,1.0083268214701418e-08,2.514441745648196e-08
EFT:1.5731250871811277e-15,1.0235969799118207e-09,4.1946246191873777e-13,0.9999999540792174,1.4242668627870077e-14,9.65563239191398e-09,1.1394340680931563e-16,1.34320970159935e-11,1.0083268214701489e-08,2.514441745648223e-08
Random653
Raw:1.5731250871811277e-15,1.023596979911817e-09,4.1946246191873777e-13,0.9999999540792174,1.4242668627869976e-14,9.65563239191398e-09,1.1394340680931563e-16,1.34320970159935e-11,1.0083268214701489e-08,2.514441745648223e-08
EFT:1.5731250871811277e-15,1.0235969799118207e-09,4.1946246191873777e-13,0.9999999540792174,1.4242668627870027e-14,9.65563239191398e-09,1.1394340680931563e-16,1.34320970159935e-11,1.0083268214701489e-08,2.514441745648223e-08
Random654
Raw:1.5731250871811277e-15,1.0235969799118207e-09,4.194624619187363e-13,0.9999999540792174,1.4242668627869976e-14,9.655632391914047e-09,1.1394340680931563e-16,1.34320970159935e-11,1.0083268214701489e-08,2.514441745648214e-08
EFT:1.5731250871811277e-15,1.0235969799118207e-09,4.1946246191873777e-13,0.9999999540792174,1.4242668627870027e-14,9.65563239191398e-09,1.1394340680931563e-16,1.34320970159935e-11,1.0083268214701489e-08,2.514441745648223e-08
Random655
Raw:1.5731250871811277e-15,1.0235969799118243e-09,4.1946246191873777e-13,0.9999999540792174,1.4242668627870077e-14,9.65563239191398e-09,1.1394340680931644e-16,1.34320970159935e-11,1.0083268214701489e-08,2.514441745648223e-08
EFT:1.5731250871811277e-15,1.0235969799118207e-09,4.1946246191873777e-13,0.9999999540792174,1.4242668627870027e-14,9.65563239191398e-09,1.1394340680931563e-16,1.34320970159935e-11,1.0083268214701489e-08,2.514441745648223e-08
Random656
Raw:1.5731250871811277e-15,1.023596979911817e-09,4.194624619187348e-13,0.9999999540792174,1.4242668627869976e-14,9.655632391914014e-09,1.1394340680931482e-16,1.34320970159935e-11,1.0083268214701525e-08,2.514441745648223e-08
EFT:1.5731250871811277e-15,1.0235969799118207e-09,4.1946246191873777e-13,0.9999999540792174,1.4242668627870027e-14,9.65563239191398e-09,1.1394340680931563e-16,1.34320970159935e-11,1.0083268214701489e-08,2.514441745648223e-08
Random657
Raw:1.5731250871811167e-15,1.0235969799118098e-09,4.194624619187363e-13,0.9999999540792174,1.4242668627869926e-14,9.655632391913912e-09,1.1394340680931563e-16,1.3432097015993404e-11,1.0083268214701418e-08,2.514441745648196e-08
EFT:1.5731250871811277e-15,1.0235969799118207e-09,4.1946246191873777e-13,0.9999999540792174,1.4242668627870077e-14,9.65563239191398e-09,1.1394340680931563e-16,1.34320970159935e-11,1.0083268214701489e-08,2.514441745648223e-08
Random658
Raw:1.573125087181139e-15,1.023596979911828e-09,4.1946246191874373e-13,0.9999999540792174,1.4242668627870077e-14,9.655632391914047e-09,1.1394340680931726e-16,1.3432097015993595e-11,1.0083268214701596e-08,2.5144417456482408e-08
EFT:1.5731250871811277e-15,1.0235969799118207e-09,4.1946246191873777e-13,0.9999999540792174,1.4242668627870027e-14,9.65563239191398e-09,1.1394340680931563e-16,1.34320970159935e-11,1.0083268214701489e-08,2.514441745648223e-08
Random659
Raw:1.5731250871811277e-15,1.023596979911817e-09,4.1946246191873333e-13,0.9999999540792174,1.4242668627869976e-14,9.655632391913945e-09,1.1394340680931482e-16,1.3432097015993451e-11,1.0083268214701452e-08,2.514441745648223e-08
EFT:1.5731250871811277e-15,1.0235969799118207e-09,4.1946246191873777e-13,0.9999999540792174,1.4242668627870077e-14,9.65563239191398e-09,1.1394340680931563e-16,1.34320970159935e-11,1.0083268214701489e-08,2.514441745648223e-08
Random660
Raw:1.5731250871811277e-15,1.023596979911817e-09,4.194624619187393e-13,0.9999999540792174,1.4242668627870077e-14,9.65563239191398e-09,1.1394340680931482e-16,1.34320970159935e-11,1.0083268214701525e-08,2.514441745648214e-08
EFT:1.5731250871811277e-15,1.0235969799118207e-09,4.1946246191873777e-13,0.9999999540792174,1.4242668627870077e-14,9.65563239191398e-09,1.1394340680931563e-16,1.34320970159935e-11,1.0083268214701489e-08,2.514441745648223e-08
Random661
Raw:1.5731250871811054e-15,1.023596979911817e-09,4.1946246191873333e-13,0.9999999540792174,1.4242668627869976e-14,9.65563239191398e-09,1.1394340680931563e-16,1.3432097015993451e-11,1.0083268214701452e-08,2.514441745648214e-08
EFT:1.5731250871811277e-15,1.0235969799118207e-09,4.1946246191873777e-13,0.9999999540792174,1.4242668627870027e-14,9.65563239191398e-09,1.1394340680931563e-16,1.34320970159935e-11,1.0083268214701489e-08,2.514441745648223e-08
Random662
Raw:1.5731250871811167e-15,1.023596979911817e-09,4.194624619187363e-13,0.9999999540792174,1.4242668627869976e-14,9.65563239191398e-09,1.1394340680931482e-16,1.34320970159935e-11,1.0083268214701452e-08,2.514441745648214e-08
EFT:1.5731250871811277e-15,1.0235969799118207e-09,4.1946246191873777e-13,0.9999999540792174,1.4242668627870027e-14,9.65563239191398e-09,1.1394340680931563e-16,1.34320970159935e-11,1.0083268214701489e-08,2.514441745648223e-08
Random663
Raw:1.5731250871811054e-15,1.0235969799118098e-09,4.1946246191873333e-13,0.9999999540792174,1.4242668627869875e-14,9.65563239191398e-09,1.1394340680931482e-16,1.3432097015993404e-11,1.0083268214701452e-08,2.514441745648205e-08
EFT:1.5731250871811277e-15,1.0235969799118207e-09,4.1946246191873777e-13,0.9999999540792174,1.4242668627870027e-14,9.65563239191398e-09,1.1394340680931563e-16,1.34320970159935e-11,1.0083268214701489e-08,2.514441745648223e-08
Random664
Raw:1.5731250871811167e-15,1.023596979911817e-09,4.1946246191873777e-13,0.9999999540792174,1.4242668627869976e-14,9.655632391913945e-09,1.1394340680931482e-16,1.34320970159935e-11,1.0083268214701452e-08,2.514441745648205e-08
EFT:1.5731250871811277e-15,1.0235969799118207e-09,4.1946246191873777e-13,0.9999999540792174,1.4242668627870027e-14,9.65563239191398e-09,1.1394340680931563e-16,1.34320970159935e-11,1.0083268214701489e-08,2.514441745648223e-08
Random665
Raw:1.5731250871811054e-15,1.0235969799118135e-09,4.194624619187363e-13,0.9999999540792174,1.4242668627869875e-14,9.655632391913945e-09,1.1394340680931482e-16,1.3432097015993451e-11,1.0083268214701381e-08,2.514441745648196e-08
EFT:1.5731250871811277e-15,1.0235969799118207e-09,4.1946246191873777e-13,0.9999999540792174,1.4242668627870027e-14,9.65563239191398e-09,1.1394340680931563e-16,1.34320970159935e-11,1.0083268214701489e-08,2.514441745648223e-08
Random666
Raw:1.5731250871811277e-15,1.0235969799118207e-09,4.194624619187393e-13,0.9999999540792174,1.4242668627869926e-14,9.65563239191398e-09,1.1394340680931644e-16,1.34320970159935e-11,1.0083268214701489e-08,2.514441745648223e-08
EFT:1.5731250871811277e-15,1.0235969799118207e-09,4.1946246191873777e-13,0.9999999540792174,1.4242668627870077e-14,9.65563239191398e-09,1.1394340680931563e-16,1.34320970159935e-11,1.0083268214701489e-08,2.514441745648223e-08
Random667
Raw:1.5731250871811277e-15,1.0235969799118207e-09,4.194624619187393e-13,0.9999999540792174,1.4242668627869976e-14,9.65563239191398e-09,1.1394340680931563e-16,1.3432097015993546e-11,1.0083268214701489e-08,2.514441745648223e-08
EFT:1.5731250871811277e-15,1.0235969799118207e-09,4.1946246191873777e-13,0.9999999540792174,1.4242668627870077e-14,9.65563239191398e-09,1.1394340680931563e-16,1.34320970159935e-11,1.0083268214701489e-08,2.514441745648223e-08
Random668
Raw:1.573125087181139e-15,1.0235969799118243e-09,4.1946246191874075e-13,0.9999999540792174,1.4242668627869976e-14,9.655632391914014e-09,1.1394340680931644e-16,1.3432097015993595e-11,1.0083268214701525e-08,2.514441745648223e-08
EFT:1.5731250871811277e-15,1.0235969799118207e-09,4.1946246191873777e-13,0.9999999540792174,1.4242668627870027e-14,9.65563239191398e-09,1.1394340680931563e-16,1.34320970159935e-11,1.0083268214701489e-08,2.514441745648223e-08
Random669
Raw:1.5731250871811277e-15,1.0235969799118243e-09,4.194624619187363e-13,0.9999999540792174,1.4242668627869976e-14,9.655632391914014e-09,1.1394340680931644e-16,1.34320970159935e-11,1.0083268214701489e-08,2.514441745648223e-08
EFT:1.5731250871811277e-15,1.0235969799118207e-09,4.1946246191873777e-13,0.9999999540792174,1.4242668627870027e-14,9.65563239191398e-09,1.1394340680931563e-16,1.34320970159935e-11,1.0083268214701489e-08,2.514441745648223e-08
Random670
Raw:1.5731250871811277e-15,1.0235969799118207e-09,4.1946246191873777e-13,0.9999999540792174,1.4242668627870077e-14,9.65563239191398e-09,1.1394340680931644e-16,1.34320970159935e-11,1.0083268214701452e-08,2.514441745648214e-08
EFT:1.5731250871811277e-15,1.0235969799118207e-09,4.1946246191873777e-13,0.9999999540792174,1.4242668627870077e-14,9.65563239191398e-09,1.1394340680931563e-16,1.34320970159935e-11,1.0083268214701489e-08,2.514441745648223e-08
Random671
Raw:1.5731250871811167e-15,1.023596979911817e-09,4.194624619187348e-13,0.9999999540792174,1.4242668627869875e-14,9.655632391913912e-09,1.1394340680931482e-16,1.3432097015993451e-11,1.0083268214701381e-08,2.514441745648196e-08
EFT:1.5731250871811277e-15,1.0235969799118207e-09,4.1946246191873777e-13,0.9999999540792174,1.4242668627870027e-14,9.65563239191398e-09,1.1394340680931563e-16,1.34320970159935e-11,1.0083268214701489e-08,2.514441745648223e-08
Random672
Raw:1.5731250871811277e-15,1.0235969799118207e-09,4.194624619187393e-13,0.9999999540792174,1.4242668627869976e-14,9.655632391914014e-09,1.1394340680931482e-16,1.34320970159935e-11,1.0083268214701489e-08,2.514441745648223e-08
EFT:1.5731250871811277e-15,1.0235969799118207e-09,4.1946246191873777e-13,0.9999999540792174,1.4242668627870027e-14,9.65563239191398e-09,1.1394340680931563e-16,1.34320970159935e-11,1.0083268214701489e-08,2.514441745648223e-08
Random673
Raw:1.5731250871811277e-15,1.0235969799118207e-09,4.194624619187363e-13,0.9999999540792174,1.4242668627869976e-14,9.655632391914014e-09,1.1394340680931482e-16,1.34320970159935e-11,1.0083268214701489e-08,2.514441745648223e-08
EFT:1.5731250871811277e-15,1.0235969799118207e-09,4.1946246191873777e-13,0.9999999540792174,1.4242668627870077e-14,9.65563239191398e-09,1.1394340680931563e-16,1.34320970159935e-11,1.0083268214701489e-08,2.514441745648223e-08
Random674
Raw:1.5731250871811277e-15,1.023596979911817e-09,4.194624619187393e-13,0.9999999540792174,1.4242668627869926e-14,9.655632391913912e-09,1.1394340680931563e-16,1.3432097015993546e-11,1.0083268214701452e-08,2.514441745648205e-08
EFT:1.5731250871811277e-15,1.0235969799118207e-09,4.1946246191873777e-13,0.9999999540792174,1.4242668627870027e-14,9.65563239191398e-09,1.1394340680931563e-16,1.34320970159935e-11,1.0083268214701489e-08,2.514441745648223e-08
Random675
Raw:1.5731250871811277e-15,1.0235969799118207e-09,4.194624619187363e-13,0.9999999540792174,1.4242668627870027e-14,9.655632391914014e-09,1.1394340680931644e-16,1.34320970159935e-11,1.0083268214701489e-08,2.514441745648223e-08
EFT:1.5731250871811277e-15,1.0235969799118207e-09,4.1946246191873777e-13,0.9999999540792174,1.4242668627870027e-14,9.65563239191398e-09,1.1394340680931563e-16,1.34320970159935e-11,1.0083268214701489e-08,2.514441745648223e-08
Random676
Raw:1.5731250871811167e-15,1.023596979911817e-09,4.194624619187363e-13,0.9999999540792174,1.4242668627869976e-14,9.65563239191398e-09,1.1394340680931482e-16,1.34320970159935e-11,1.0083268214701452e-08,2.514441745648205e-08
EFT:1.5731250871811277e-15,1.0235969799118207e-09,4.1946246191873777e-13,0.9999999540792174,1.4242668627870027e-14,9.65563239191398e-09,1.1394340680931563e-16,1.34320970159935e-11,1.0083268214701489e-08,2.514441745648223e-08
Random677
Raw:1.5731250871811054e-15,1.0235969799118135e-09,4.194624619187348e-13,0.9999999540792174,1.4242668627869875e-14,9.655632391913945e-09,1.1394340680931482e-16,1.3432097015993451e-11,1.0083268214701418e-08,2.514441745648205e-08
EFT:1.5731250871811277e-15,1.0235969799118207e-09,4.1946246191873777e-13,0.9999999540792174,1.4242668627870027e-14,9.65563239191398e-09,1.1394340680931563e-16,1.34320970159935e-11,1.0083268214701489e-08,2.514441745648223e-08
Random678
Raw:1.5731250871811277e-15,1.023596979911817e-09,4.194624619187363e-13,0.9999999540792174,1.4242668627869976e-14,9.655632391914014e-09,1.1394340680931644e-16,1.34320970159935e-11,1.0083268214701452e-08,2.514441745648214e-08
EFT:1.5731250871811277e-15,1.0235969799118207e-09,4.1946246191873777e-13,0.9999999540792174,1.4242668627870027e-14,9.65563239191398e-09,1.1394340680931563e-16,1.34320970159935e-11,1.0083268214701489e-08,2.514441745648223e-08
Random679
Raw:1.5731250871811277e-15,1.0235969799118207e-09,4.194624619187363e-13,0.9999999540792174,1.4242668627870077e-14,9.655632391914047e-09,1.1394340680931482e-16,1.3432097015993546e-11,1.0083268214701489e-08,2.5144417456482318e-08
EFT:1.5731250871811277e-15,1.0235969799118207e-09,4.1946246191873777e-13,0.9999999540792174,1.4242668627870027e-14,9.65563239191398e-09,1.1394340680931563e-16,1.34320970159935e-11,1.0083268214701489e-08,2.514441745648223e-08
Random680
Raw:1.573125087181139e-15,1.023596979911828e-09,4.1946246191874226e-13,0.9999999540792174,1.4242668627870178e-14,9.655632391914014e-09,1.1394340680931644e-16,1.3432097015993595e-11,1.0083268214701489e-08,2.514441745648223e-08
EFT:1.5731250871811277e-15,1.0235969799118207e-09,4.1946246191873777e-13,0.9999999540792174,1.4242668627870027e-14,9.65563239191398e-09,1.1394340680931563e-16,1.34320970159935e-11,1.0083268214701489e-08,2.514441745648223e-08
Random681
Raw:1.573125087181139e-15,1.0235969799118243e-09,4.194624619187393e-13,0.9999999540792174,1.4242668627870128e-14,9.655632391914014e-09,1.1394340680931644e-16,1.3432097015993546e-11,1.0083268214701525e-08,2.5144417456482318e-08
EFT:1.5731250871811277e-15,1.0235969799118207e-09,4.1946246191873777e-13,0.9999999540792174,1.4242668627870027e-14,9.65563239191398e-09,1.1394340680931563e-16,1.34320970159935e-11,1.0083268214701489e-08,2.514441745648223e-08
Random682
Raw:1.5731250871811277e-15,1.0235969799118207e-09,4.194624619187393e-13,0.9999999540792174,1.4242668627869976e-14,9.65563239191398e-09,1.1394340680931644e-16,1.3432097015993546e-11,1.0083268214701452e-08,2.514441745648214e-08
EFT:1.5731250871811277e-15,1.0235969799118207e-09,4.1946246191873777e-13,0.9999999540792174,1.4242668627870027e-14,9.65563239191398e-09,1.1394340680931563e-16,1.34320970159935e-11,1.0083268214701489e-08,2.514441745648223e-08
Random683
Raw:1.5731250871811277e-15,1.023596979911817e-09,4.194624619187363e-13,0.9999999540792174,1.4242668627869926e-14,9.655632391913945e-09,1.1394340680931482e-16,1.3432097015993451e-11,1.0083268214701452e-08,2.514441745648205e-08
EFT:1.5731250871811277e-15,1.0235969799118207e-09,4.1946246191873777e-13,0.9999999540792174,1.4242668627870027e-14,9.65563239191398e-09,1.1394340680931563e-16,1.34320970159935e-11,1.0083268214701489e-08,2.514441745648223e-08
Random684
Raw:1.5731250871811277e-15,1.023596979911828e-09,4.194624619187393e-13,0.9999999540792174,1.4242668627870178e-14,9.655632391914014e-09,1.1394340680931644e-16,1.3432097015993595e-11,1.0083268214701525e-08,2.5144417456482318e-08
EFT:1.5731250871811277e-15,1.0235969799118207e-09,4.1946246191873777e-13,0.9999999540792174,1.4242668627870027e-14,9.65563239191398e-09,1.1394340680931563e-16,1.34320970159935e-11,1.0083268214701489e-08,2.514441745648223e-08
Random685
Raw:1.573125087181139e-15,1.0235969799118243e-09,4.194624619187393e-13,0.9999999540792174,1.4242668627870077e-14,9.655632391914047e-09,1.1394340680931644e-16,1.3432097015993546e-11,1.0083268214701525e-08,2.514441745648223e-08
EFT:1.5731250871811277e-15,1.0235969799118207e-09,4.1946246191873777e-13,0.9999999540792174,1.4242668627870077e-14,9.65563239191398e-09,1.1394340680931563e-16,1.34320970159935e-11,1.0083268214701489e-08,2.514441745648223e-08
Random686
Raw:1.5731250871811277e-15,1.0235969799118207e-09,4.1946246191873777e-13,0.9999999540792174,1.4242668627869976e-14,9.655632391913945e-09,1.1394340680931482e-16,1.34320970159935e-11,1.0083268214701452e-08,2.514441745648214e-08
EFT:1.5731250871811277e-15,1.0235969799118207e-09,4.1946246191873777e-13,0.9999999540792174,1.4242668627870027e-14,9.65563239191398e-09,1.1394340680931563e-16,1.34320970159935e-11,1.0083268214701489e-08,2.514441745648223e-08
Random687
Raw:1.5731250871811277e-15,1.0235969799118207e-09,4.1946246191873777e-13,0.9999999540792174,1.4242668627869875e-14,9.655632391913945e-09,1.1394340680931644e-16,1.34320970159935e-11,1.0083268214701452e-08,2.514441745648196e-08
EFT:1.5731250871811277e-15,1.0235969799118207e-09,4.1946246191873777e-13,0.9999999540792174,1.4242668627870027e-14,9.65563239191398e-09,1.1394340680931563e-16,1.34320970159935e-11,1.0083268214701489e-08,2.514441745648223e-08
Random688
Raw:1.5731250871811277e-15,1.0235969799118243e-09,4.1946246191873777e-13,0.9999999540792174,1.4242668627869976e-14,9.655632391914014e-09,1.1394340680931563e-16,1.34320970159935e-11,1.0083268214701489e-08,2.514441745648214e-08
EFT:1.5731250871811277e-15,1.0235969799118207e-09,4.1946246191873777e-13,0.9999999540792174,1.4242668627870027e-14,9.65563239191398e-09,1.1394340680931563e-16,1.34320970159935e-11,1.0083268214701489e-08,2.514441745648223e-08
Random689
Raw:1.5731250871811277e-15,1.0235969799118207e-09,4.194624619187393e-13,0.9999999540792174,1.4242668627870027e-14,9.65563239191398e-09,1.1394340680931644e-16,1.34320970159935e-11,1.0083268214701489e-08,2.514441745648214e-08
EFT:1.5731250871811277e-15,1.0235969799118207e-09,4.1946246191873777e-13,0.9999999540792174,1.4242668627870027e-14,9.65563239191398e-09,1.1394340680931563e-16,1.34320970159935e-11,1.0083268214701489e-08,2.514441745648223e-08
Random690
Raw:1.5731250871811277e-15,1.023596979911817e-09,4.194624619187393e-13,0.9999999540792174,1.4242668627869875e-14,9.655632391913912e-09,1.1394340680931563e-16,1.34320970159935e-11,1.0083268214701489e-08,2.514441745648205e-08
EFT:1.5731250871811277e-15,1.0235969799118207e-09,4.1946246191873777e-13,0.9999999540792174,1.4242668627870027e-14,9.65563239191398e-09,1.1394340680931563e-16,1.34320970159935e-11,1.0083268214701489e-08,2.514441745648223e-08
Random691
Raw:1.5731250871811502e-15,1.0235969799118243e-09,4.194624619187393e-13,0.9999999540792174,1.4242668627870077e-14,9.655632391914014e-09,1.1394340680931644e-16,1.3432097015993595e-11,1.0083268214701525e-08,2.5144417456482318e-08
EFT:1.5731250871811277e-15,1.0235969799118207e-09,4.1946246191873777e-13,0.9999999540792174,1.4242668627870027e-14,9.65563239191398e-09,1.1394340680931563e-16,1.34320970159935e-11,1.0083268214701489e-08,2.514441745648223e-08
Random692
Raw:1.573125087181139e-15,1.0235969799118243e-09,4.194624619187393e-13,0.9999999540792174,1.4242668627870027e-14,9.655632391914014e-09,1.1394340680931644e-16,1.3432097015993595e-11,1.0083268214701525e-08,2.5144417456482318e-08
EFT:1.5731250871811277e-15,1.0235969799118207e-09,4.1946246191873777e-13,0.9999999540792174,1.4242668627870027e-14,9.65563239191398e-09,1.1394340680931563e-16,1.34320970159935e-11,1.0083268214701489e-08,2.514441745648223e-08
Random693
Raw:1.573125087181139e-15,1.023596979911828e-09,4.1946246191874075e-13,0.9999999540792174,1.4242668627870128e-14,9.655632391914014e-09,1.1394340680931644e-16,1.3432097015993595e-11,1.0083268214701525e-08,2.514441745648223e-08
EFT:1.5731250871811277e-15,1.0235969799118207e-09,4.1946246191873777e-13,0.9999999540792174,1.4242668627870077e-14,9.65563239191398e-09,1.1394340680931563e-16,1.34320970159935e-11,1.0083268214701489e-08,2.514441745648223e-08
Random694
Raw:1.573125087181139e-15,1.0235969799118243e-09,4.194624619187393e-13,0.9999999540792174,1.4242668627869976e-14,9.655632391914047e-09,1.1394340680931644e-16,1.34320970159935e-11,1.008326821470156e-08,2.5144417456482318e-08
EFT:1.5731250871811277e-15,1.0235969799118207e-09,4.1946246191873777e-13,0.9999999540792174,1.4242668627870027e-14,9.65563239191398e-09,1.1394340680931563e-16,1.34320970159935e-11,1.0083268214701489e-08,2.514441745648223e-08
Random695
Raw:1.5731250871811277e-15,1.023596979911817e-09,4.194624619187393e-13,0.9999999540792174,1.4242668627870027e-14,9.655632391913945e-09,1.1394340680931644e-16,1.34320970159935e-11,1.0083268214701525e-08,2.514441745648223e-08
EFT:1.5731250871811277e-15,1.0235969799118207e-09,4.1946246191873777e-13,0.9999999540792174,1.4242668627870027e-14,9.65563239191398e-09,1.1394340680931563e-16,1.34320970159935e-11,1.0083268214701489e-08,2.514441745648223e-08
Random696
Raw:1.5731250871811054e-15,1.0235969799118135e-09,4.1946246191873777e-13,0.9999999540792174,1.4242668627869875e-14,9.655632391913912e-09,1.1394340680931482e-16,1.3432097015993404e-11,1.0083268214701418e-08,2.514441745648196e-08
EFT:1.5731250871811277e-15,1.0235969799118207e-09,4.1946246191873777e-13,0.9999999540792174,1.4242668627870077e-14,9.65563239191398e-09,1.1394340680931563e-16,1.34320970159935e-11,1.0083268214701489e-08,2.514441745648223e-08
Random697
Raw:1.573125087181139e-15,1.0235969799118207e-09,4.1946246191874075e-13,0.9999999540792174,1.4242668627870077e-14,9.655632391914014e-09,1.1394340680931644e-16,1.3432097015993546e-11,1.008326821470156e-08,2.5144417456482318e-08
EFT:1.5731250871811277e-15,1.0235969799118207e-09,4.1946246191873777e-13,0.9999999540792174,1.4242668627870077e-14,9.65563239191398e-09,1.1394340680931563e-16,1.34320970159935e-11,1.0083268214701489e-08,2.514441745648223e-08
Random698
Raw:1.5731250871811502e-15,1.0235969799118243e-09,4.1946246191874075e-13,0.9999999540792174,1.4242668627870077e-14,9.655632391914014e-09,1.1394340680931644e-16,1.3432097015993595e-11,1.008326821470156e-08,2.5144417456482318e-08
EFT:1.5731250871811277e-15,1.0235969799118207e-09,4.1946246191873777e-13,0.9999999540792174,1.4242668627870027e-14,9.65563239191398e-09,1.1394340680931563e-16,1.34320970159935e-11,1.0083268214701489e-08,2.514441745648223e-08
Random699
Raw:1.5731250871811277e-15,1.0235969799118207e-09,4.194624619187393e-13,0.9999999540792174,1.4242668627869976e-14,9.655632391913945e-09,1.1394340680931563e-16,1.3432097015993546e-11,1.0083268214701489e-08,2.514441745648214e-08
EFT:1.5731250871811277e-15,1.0235969799118207e-09,4.1946246191873777e-13,0.9999999540792174,1.4242668627870027e-14,9.65563239191398e-09,1.1394340680931563e-16,1.34320970159935e-11,1.0083268214701489e-08,2.514441745648223e-08
Random700
Raw:1.5731250871811277e-15,1.0235969799118243e-09,4.194624619187393e-13,0.9999999540792174,1.4242668627870077e-14,9.655632391914014e-09,1.1394340680931644e-16,1.3432097015993595e-11,1.0083268214701489e-08,2.5144417456482318e-08
EFT:1.5731250871811277e-15,1.0235969799118207e-09,4.1946246191873777e-13,0.9999999540792174,1.4242668627870077e-14,9.65563239191398e-09,1.1394340680931563e-16,1.34320970159935e-11,1.0083268214701489e-08,2.514441745648223e-08
Random701
Raw:1.5731250871811277e-15,1.0235969799118243e-09,4.194624619187393e-13,0.9999999540792174,1.4242668627870077e-14,9.655632391914047e-09,1.1394340680931563e-16,1.3432097015993595e-11,1.008326821470156e-08,2.5144417456482318e-08
EFT:1.5731250871811277e-15,1.0235969799118207e-09,4.1946246191873777e-13,0.9999999540792174,1.4242668627870027e-14,9.65563239191398e-09,1.1394340680931563e-16,1.34320970159935e-11,1.0083268214701489e-08,2.514441745648223e-08
Random702
Raw:1.5731250871811277e-15,1.0235969799118243e-09,4.194624619187393e-13,0.9999999540792174,1.4242668627870077e-14,9.655632391914047e-09,1.1394340680931644e-16,1.3432097015993546e-11,1.0083268214701525e-08,2.5144417456482318e-08
EFT:1.5731250871811277e-15,1.0235969799118207e-09,4.1946246191873777e-13,0.9999999540792174,1.4242668627870027e-14,9.65563239191398e-09,1.1394340680931563e-16,1.34320970159935e-11,1.0083268214701489e-08,2.514441745648223e-08
Random703
Raw:1.5731250871811277e-15,1.023596979911817e-09,4.194624619187363e-13,0.9999999540792174,1.4242668627870077e-14,9.655632391914047e-09,1.1394340680931563e-16,1.34320970159935e-11,1.0083268214701525e-08,2.5144417456482318e-08
EFT:1.5731250871811277e-15,1.0235969799118207e-09,4.1946246191873777e-13,0.9999999540792174,1.4242668627870027e-14,9.65563239191398e-09,1.1394340680931563e-16,1.34320970159935e-11,1.0083268214701489e-08,2.514441745648223e-08
Random704
Raw:1.5731250871811054e-15,1.0235969799118135e-09,4.1946246191873333e-13,0.9999999540792174,1.4242668627869976e-14,9.655632391913912e-09,1.1394340680931482e-16,1.3432097015993404e-11,1.0083268214701418e-08,2.514441745648205e-08
EFT:1.5731250871811277e-15,1.0235969799118207e-09,4.1946246191873777e-13,0.9999999540792174,1.4242668627870027e-14,9.65563239191398e-09,1.1394340680931563e-16,1.34320970159935e-11,1.0083268214701489e-08,2.514441745648223e-08
Random705
Raw:1.573125087181139e-15,1.0235969799118243e-09,4.194624619187393e-13,0.9999999540792174,1.4242668627870027e-14,9.655632391914047e-09,1.1394340680931563e-16,1.34320970159935e-11,1.0083268214701525e-08,2.5144417456482318e-08
EFT:1.5731250871811277e-15,1.0235969799118207e-09,4.1946246191873777e-13,0.9999999540792174,1.4242668627870077e-14,9.65563239191398e-09,1.1394340680931563e-16,1.34320970159935e-11,1.0083268214701489e-08,2.514441745648223e-08
Random706
Raw:1.5731250871811277e-15,1.023596979911817e-09,4.194624619187393e-13,0.9999999540792174,1.4242668627869976e-14,9.65563239191398e-09,1.1394340680931563e-16,1.34320970159935e-11,1.0083268214701418e-08,2.514441745648205e-08
EFT:1.5731250871811277e-15,1.0235969799118207e-09,4.1946246191873777e-13,0.9999999540792174,1.4242668627870027e-14,9.65563239191398e-09,1.1394340680931563e-16,1.34320970159935e-11,1.0083268214701489e-08,2.514441745648223e-08
Random707
Raw:1.5731250871811054e-15,1.0235969799118098e-09,4.194624619187363e-13,0.9999999540792174,1.4242668627869875e-14,9.655632391913912e-09,1.1394340680931482e-16,1.3432097015993451e-11,1.0083268214701418e-08,2.514441745648205e-08
EFT:1.5731250871811277e-15,1.0235969799118207e-09,4.1946246191873777e-13,0.9999999540792174,1.4242668627870027e-14,9.65563239191398e-09,1.1394340680931563e-16,1.34320970159935e-11,1.0083268214701489e-08,2.514441745648223e-08
Random708
Raw:1.5731250871811277e-15,1.023596979911817e-09,4.194624619187393e-13,0.9999999540792174,1.4242668627870027e-14,9.655632391914014e-09,1.1394340680931644e-16,1.3432097015993546e-11,1.0083268214701489e-08,2.514441745648214e-08
EFT:1.5731250871811277e-15,1.0235969799118207e-09,4.1946246191873777e-13,0.9999999540792174,1.4242668627870027e-14,9.65563239191398e-09,1.1394340680931563e-16,1.34320970159935e-11,1.0083268214701489e-08,2.514441745648223e-08
Random709
Raw:1.5731250871811277e-15,1.0235969799118243e-09,4.194624619187393e-13,0.9999999540792174,1.4242668627870027e-14,9.65563239191398e-09,1.1394340680931563e-16,1.3432097015993546e-11,1.0083268214701489e-08,2.514441745648214e-08
EFT:1.5731250871811277e-15,1.0235969799118207e-09,4.1946246191873777e-13,0.9999999540792174,1.4242668627870027e-14,9.65563239191398e-09,1.1394340680931563e-16,1.34320970159935e-11,1.0083268214701489e-08,2.514441745648223e-08
Random710
Raw:1.5731250871811277e-15,1.0235969799118207e-09,4.194624619187393e-13,0.9999999540792174,1.4242668627870027e-14,9.65563239191398e-09,1.1394340680931644e-16,1.34320970159935e-11,1.0083268214701489e-08,2.514441745648214e-08
EFT:1.5731250871811277e-15,1.0235969799118207e-09,4.1946246191873777e-13,0.9999999540792174,1.4242668627870027e-14,9.65563239191398e-09,1.1394340680931563e-16,1.34320970159935e-11,1.0083268214701489e-08,2.514441745648223e-08
Random711
Raw:1.5731250871811054e-15,1.0235969799118098e-09,4.1946246191873333e-13,0.9999999540792174,1.4242668627869875e-14,9.655632391913912e-09,1.1394340680931482e-16,1.3432097015993356e-11,1.0083268214701345e-08,2.514441745648196e-08
EFT:1.5731250871811277e-15,1.0235969799118207e-09,4.1946246191873777e-13,0.9999999540792174,1.4242668627870027e-14,9.65563239191398e-09,1.1394340680931563e-16,1.34320970159935e-11,1.0083268214701489e-08,2.514441745648223e-08
Random712
Raw:1.5731250871811167e-15,1.023596979911817e-09,4.194624619187393e-13,0.9999999540792174,1.4242668627869926e-14,9.655632391913912e-09,1.1394340680931563e-16,1.34320970159935e-11,1.0083268214701452e-08,2.514441745648205e-08
EFT:1.5731250871811277e-15,1.0235969799118207e-09,4.1946246191873777e-13,0.9999999540792174,1.4242668627870027e-14,9.65563239191398e-09,1.1394340680931563e-16,1.34320970159935e-11,1.0083268214701489e-08,2.514441745648223e-08
Random713
Raw:1.5731250871811277e-15,1.023596979911817e-09,4.1946246191873777e-13,0.9999999540792174,1.4242668627870027e-14,9.65563239191398e-09,1.1394340680931644e-16,1.3432097015993451e-11,1.008326821470156e-08,2.514441745648223e-08
EFT:1.5731250871811277e-15,1.0235969799118207e-09,4.1946246191873777e-13,0.9999999540792174,1.4242668627870077e-14,9.65563239191398e-09,1.1394340680931563e-16,1.34320970159935e-11,1.0083268214701489e-08,2.514441745648223e-08
Random714
Raw:1.5731250871811054e-15,1.0235969799118098e-09,4.1946246191873035e-13,0.9999999540792174,1.4242668627869976e-14,9.655632391913945e-09,1.1394340680931482e-16,1.3432097015993451e-11,1.0083268214701418e-08,2.514441745648205e-08
EFT:1.5731250871811277e-15,1.0235969799118207e-09,4.1946246191873777e-13,0.9999999540792174,1.4242668627870027e-14,9.65563239191398e-09,1.1394340680931563e-16,1.34320970159935e-11,1.0083268214701489e-08,2.514441745648223e-08
Random715
Raw:1.5731250871811277e-15,1.0235969799118207e-09,4.194624619187393e-13,0.9999999540792174,1.4242668627870077e-14,9.65563239191398e-09,1.1394340680931644e-16,1.34320970159935e-11,1.0083268214701489e-08,2.514441745648214e-08
EFT:1.5731250871811277e-15,1.0235969799118207e-09,4.1946246191873777e-13,0.9999999540792174,1.4242668627870027e-14,9.65563239191398e-09,1.1394340680931563e-16,1.34320970159935e-11,1.0083268214701489e-08,2.514441745648223e-08
Random716
Raw:1.5731250871811167e-15,1.023596979911817e-09,4.194624619187363e-13,0.9999999540792174,1.4242668627870027e-14,9.655632391913945e-09,1.1394340680931482e-16,1.34320970159935e-11,1.0083268214701452e-08,2.514441745648214e-08
EFT:1.5731250871811277e-15,1.0235969799118207e-09,4.1946246191873777e-13,0.9999999540792174,1.4242668627870027e-14,9.65563239191398e-09,1.1394340680931563e-16,1.34320970159935e-11,1.0083268214701489e-08,2.514441745648223e-08
Random717
Raw:1.5731250871811277e-15,1.0235969799118243e-09,4.194624619187393e-13,0.9999999540792174,1.4242668627870027e-14,9.655632391914047e-09,1.1394340680931644e-16,1.3432097015993595e-11,1.0083268214701525e-08,2.5144417456482318e-08
EFT:1.5731250871811277e-15,1.0235969799118207e-09,4.1946246191873777e-13,0.9999999540792174,1.4242668627870027e-14,9.65563239191398e-09,1.1394340680931563e-16,1.34320970159935e-11,1.0083268214701489e-08,2.514441745648223e-08
Random718
Raw:1.5731250871811277e-15,1.023596979911817e-09,4.194624619187363e-13,0.9999999540792174,1.4242668627870027e-14,9.655632391913945e-09,1.1394340680931644e-16,1.34320970159935e-11,1.0083268214701452e-08,2.514441745648214e-08
EFT:1.5731250871811277e-15,1.0235969799118207e-09,4.1946246191873777e-13,0.9999999540792174,1.4242668627870077e-14,9.65563239191398e-09,1.1394340680931563e-16,1.34320970159935e-11,1.0083268214701489e-08,2.514441745648223e-08
Random719
Raw:1.5731250871811054e-15,1.0235969799118135e-09,4.194624619187348e-13,0.9999999540792174,1.4242668627869976e-14,9.655632391913945e-09,1.1394340680931482e-16,1.34320970159935e-11,1.0083268214701418e-08,2.514441745648214e-08
EFT:1.5731250871811277e-15,1.0235969799118207e-09,4.1946246191873777e-13,0.9999999540792174,1.4242668627870077e-14,9.65563239191398e-09,1.1394340680931563e-16,1.34320970159935e-11,1.0083268214701489e-08,2.514441745648223e-08
Random720
Raw:1.5731250871811277e-15,1.023596979911817e-09,4.194624619187393e-13,0.9999999540792174,1.4242668627870077e-14,9.655632391913945e-09,1.1394340680931482e-16,1.3432097015993451e-11,1.0083268214701452e-08,2.514441745648205e-08
EFT:1.5731250871811277e-15,1.0235969799118207e-09,4.1946246191873777e-13,0.9999999540792174,1.4242668627870027e-14,9.65563239191398e-09,1.1394340680931563e-16,1.34320970159935e-11,1.0083268214701489e-08,2.514441745648223e-08
Random721
Raw:1.573125087181139e-15,1.0235969799118243e-09,4.1946246191874226e-13,0.9999999540792174,1.4242668627870178e-14,9.65563239191398e-09,1.1394340680931644e-16,1.3432097015993595e-11,1.008326821470156e-08,2.5144417456482318e-08
EFT:1.5731250871811277e-15,1.0235969799118207e-09,4.1946246191873777e-13,0.9999999540792174,1.4242668627870027e-14,9.65563239191398e-09,1.1394340680931563e-16,1.34320970159935e-11,1.0083268214701489e-08,2.514441745648223e-08
Random722
Raw:1.5731250871811277e-15,1.0235969799118207e-09,4.194624619187363e-13,0.9999999540792174,1.4242668627869976e-14,9.655632391914014e-09,1.1394340680931644e-16,1.3432097015993451e-11,1.0083268214701525e-08,2.514441745648223e-08
EFT:1.5731250871811277e-15,1.0235969799118207e-09,4.1946246191873777e-13,0.9999999540792174,1.4242668627870027e-14,9.65563239191398e-09,1.1394340680931563e-16,1.34320970159935e-11,1.0083268214701489e-08,2.514441745648223e-08
Random723
Raw:1.5731250871811277e-15,1.0235969799118207e-09,4.1946246191873777e-13,0.9999999540792174,1.4242668627869976e-14,9.655632391914014e-09,1.1394340680931563e-16,1.3432097015993546e-11,1.0083268214701489e-08,2.514441745648214e-08
EFT:1.5731250871811277e-15,1.0235969799118207e-09,4.1946246191873777e-13,0.9999999540792174,1.4242668627870027e-14,9.65563239191398e-09,1.1394340680931563e-16,1.34320970159935e-11,1.0083268214701489e-08,2.514441745648223e-08
Random724
Raw:1.5731250871811277e-15,1.0235969799118207e-09,4.194624619187393e-13,0.9999999540792174,1.4242668627870077e-14,9.65563239191398e-09,1.1394340680931563e-16,1.3432097015993546e-11,1.0083268214701489e-08,2.514441745648223e-08
EFT:1.5731250871811277e-15,1.0235969799118207e-09,4.1946246191873777e-13,0.9999999540792174,1.4242668627870027e-14,9.65563239191398e-09,1.1394340680931563e-16,1.34320970159935e-11,1.0083268214701489e-08,2.514441745648223e-08
Random725
Raw:1.5731250871811277e-15,1.0235969799118207e-09,4.194624619187393e-13,0.9999999540792174,1.4242668627869976e-14,9.65563239191398e-09,1.1394340680931644e-16,1.3432097015993546e-11,1.0083268214701489e-08,2.514441745648214e-08
EFT:1.5731250871811277e-15,1.0235969799118207e-09,4.1946246191873777e-13,0.9999999540792174,1.4242668627870077e-14,9.65563239191398e-09,1.1394340680931563e-16,1.34320970159935e-11,1.0083268214701489e-08,2.514441745648223e-08
Random726
Raw:1.5731250871811054e-15,1.0235969799118098e-09,4.194624619187363e-13,0.9999999540792174,1.4242668627869926e-14,9.655632391913945e-09,1.1394340680931482e-16,1.3432097015993404e-11,1.0083268214701418e-08,2.514441745648205e-08
EFT:1.5731250871811277e-15,1.0235969799118207e-09,4.1946246191873777e-13,0.9999999540792174,1.4242668627870027e-14,9.65563239191398e-09,1.1394340680931563e-16,1.34320970159935e-11,1.0083268214701489e-08,2.514441745648223e-08
Random727
Raw:1.5731250871811277e-15,1.0235969799118243e-09,4.194624619187393e-13,0.9999999540792174,1.4242668627869976e-14,9.655632391914014e-09,1.1394340680931644e-16,1.3432097015993546e-11,1.008326821470156e-08,2.5144417456482318e-08
EFT:1.5731250871811277e-15,1.0235969799118207e-09,4.1946246191873777e-13,0.9999999540792174,1.4242668627870077e-14,9.65563239191398e-09,1.1394340680931563e-16,1.34320970159935e-11,1.0083268214701489e-08,2.514441745648223e-08
Random728
Raw:1.5731250871811502e-15,1.0235969799118243e-09,4.1946246191874226e-13,0.9999999540792174,1.4242668627870077e-14,9.655632391914014e-09,1.1394340680931644e-16,1.3432097015993595e-11,1.0083268214701525e-08,2.514441745648223e-08
EFT:1.5731250871811277e-15,1.0235969799118207e-09,4.1946246191873777e-13,0.9999999540792174,1.4242668627870027e-14,9.65563239191398e-09,1.1394340680931563e-16,1.34320970159935e-11,1.0083268214701489e-08,2.514441745648223e-08
Random729
Raw:1.5731250871811277e-15,1.0235969799118207e-09,4.194624619187393e-13,0.9999999540792174,1.4242668627870027e-14,9.655632391913945e-09,1.1394340680931644e-16,1.3432097015993546e-11,1.0083268214701489e-08,2.514441745648214e-08
EFT:1.5731250871811277e-15,1.0235969799118207e-09,4.1946246191873777e-13,0.9999999540792174,1.4242668627870027e-14,9.65563239191398e-09,1.1394340680931563e-16,1.34320970159935e-11,1.0083268214701489e-08,2.514441745648223e-08
Random730
Raw:1.5731250871811277e-15,1.0235969799118207e-09,4.194624619187393e-13,0.9999999540792174,1.4242668627870077e-14,9.655632391914014e-09,1.1394340680931644e-16,1.34320970159935e-11,1.0083268214701489e-08,2.514441745648223e-08
EFT:1.5731250871811277e-15,1.0235969799118207e-09,4.1946246191873777e-13,0.9999999540792174,1.4242668627870027e-14,9.65563239191398e-09,1.1394340680931563e-16,1.34320970159935e-11,1.0083268214701489e-08,2.514441745648223e-08
Random731
Raw:1.5731250871811277e-15,1.0235969799118243e-09,4.194624619187393e-13,0.9999999540792174,1.4242668627870077e-14,9.655632391914047e-09,1.1394340680931644e-16,1.3432097015993595e-11,1.0083268214701489e-08,2.5144417456482318e-08
EFT:1.5731250871811277e-15,1.0235969799118207e-09,4.1946246191873777e-13,0.9999999540792174,1.4242668627870027e-14,9.65563239191398e-09,1.1394340680931563e-16,1.34320970159935e-11,1.0083268214701489e-08,2.514441745648223e-08
Random732
Raw:1.5731250871811277e-15,1.0235969799118243e-09,4.194624619187393e-13,0.9999999540792174,1.4242668627870077e-14,9.655632391914047e-09,1.1394340680931644e-16,1.3432097015993595e-11,1.0083268214701525e-08,2.514441745648223e-08
EFT:1.5731250871811277e-15,1.0235969799118207e-09,4.1946246191873777e-13,0.9999999540792174,1.4242668627870027e-14,9.65563239191398e-09,1.1394340680931563e-16,1.34320970159935e-11,1.0083268214701489e-08,2.514441745648223e-08
Random733
Raw:1.5731250871811167e-15,1.0235969799118135e-09,4.194624619187363e-13,0.9999999540792174,1.4242668627869976e-14,9.65563239191398e-09,1.1394340680931563e-16,1.34320970159935e-11,1.0083268214701452e-08,2.514441745648205e-08
EFT:1.5731250871811277e-15,1.0235969799118207e-09,4.1946246191873777e-13,0.9999999540792174,1.4242668627870027e-14,9.65563239191398e-09,1.1394340680931563e-16,1.34320970159935e-11,1.0083268214701489e-08,2.514441745648223e-08
Random734
Raw:1.573125087181139e-15,1.0235969799118243e-09,4.194624619187393e-13,0.9999999540792174,1.4242668627870178e-14,9.655632391914047e-09,1.1394340680931644e-16,1.3432097015993595e-11,1.0083268214701525e-08,2.5144417456482318e-08
EFT:1.5731250871811277e-15,1.0235969799118207e-09,4.1946246191873777e-13,0.9999999540792174,1.4242668627870077e-14,9.65563239191398e-09,1.1394340680931563e-16,1.34320970159935e-11,1.0083268214701489e-08,2.514441745648223e-08
Random735
Raw:1.5731250871811277e-15,1.0235969799118207e-09,4.1946246191873777e-13,0.9999999540792174,1.4242668627870077e-14,9.655632391914014e-09,1.1394340680931482e-16,1.34320970159935e-11,1.0083268214701489e-08,2.514441745648214e-08
EFT:1.5731250871811277e-15,1.0235969799118207e-09,4.1946246191873777e-13,0.9999999540792174,1.4242668627870027e-14,9.65563239191398e-09,1.1394340680931563e-16,1.34320970159935e-11,1.0083268214701489e-08,2.514441745648223e-08
Random736
Raw:1.5731250871811277e-15,1.0235969799118207e-09,4.194624619187393e-13,0.9999999540792174,1.4242668627869976e-14,9.65563239191398e-09,1.1394340680931644e-16,1.34320970159935e-11,1.0083268214701489e-08,2.514441745648214e-08
EFT:1.5731250871811277e-15,1.0235969799118207e-09,4.1946246191873777e-13,0.9999999540792174,1.4242668627870027e-14,9.65563239191398e-09,1.1394340680931563e-16,1.34320970159935e-11,1.0083268214701489e-08,2.514441745648223e-08
Random737
Raw:1.5731250871811277e-15,1.023596979911817e-09,4.194624619187363e-13,0.9999999540792174,1.4242668627869976e-14,9.65563239191398e-09,1.1394340680931563e-16,1.34320970159935e-11,1.0083268214701418e-08,2.514441745648214e-08
EFT:1.5731250871811277e-15,1.0235969799118207e-09,4.1946246191873777e-13,0.9999999540792174,1.4242668627870027e-14,9.65563239191398e-09,1.1394340680931563e-16,1.34320970159935e-11,1.0083268214701489e-08,2.514441745648223e-08
Random738
Raw:1.5731250871811277e-15,1.0235969799118207e-09,4.194624619187393e-13,0.9999999540792174,1.4242668627870027e-14,9.65563239191398e-09,1.1394340680931563e-16,1.34320970159935e-11,1.0083268214701489e-08,2.514441745648223e-08
EFT:1.5731250871811277e-15,1.0235969799118207e-09,4.1946246191873777e-13,0.9999999540792174,1.4242668627870027e-14,9.65563239191398e-09,1.1394340680931563e-16,1.34320970159935e-11,1.0083268214701489e-08,2.514441745648223e-08
Random739
Raw:1.5731250871811054e-15,1.0235969799118135e-09,4.1946246191873333e-13,0.9999999540792174,1.4242668627869875e-14,9.655632391913945e-09,1.1394340680931482e-16,1.3432097015993404e-11,1.0083268214701418e-08,2.514441745648196e-08
EFT:1.5731250871811277e-15,1.0235969799118207e-09,4.1946246191873777e-13,0.9999999540792174,1.4242668627870027e-14,9.65563239191398e-09,1.1394340680931563e-16,1.34320970159935e-11,1.0083268214701489e-08,2.514441745648223e-08
Random740
Raw:1.5731250871811167e-15,1.0235969799118135e-09,4.194624619187363e-13,0.9999999540792174,1.4242668627869976e-14,9.655632391913945e-09,1.1394340680931563e-16,1.34320970159935e-11,1.0083268214701489e-08,2.514441745648214e-08
EFT:1.5731250871811277e-15,1.0235969799118207e-09,4.1946246191873777e-13,0.9999999540792174,1.4242668627870077e-14,9.65563239191398e-09,1.1394340680931563e-16,1.34320970159935e-11,1.0083268214701489e-08,2.514441745648223e-08
Random741
Raw:1.5731250871811277e-15,1.0235969799118207e-09,4.194624619187363e-13,0.9999999540792174,1.4242668627869976e-14,9.65563239191398e-09,1.1394340680931563e-16,1.34320970159935e-11,1.0083268214701489e-08,2.514441745648223e-08
EFT:1.5731250871811277e-15,1.0235969799118207e-09,4.1946246191873777e-13,0.9999999540792174,1.4242668627870077e-14,9.65563239191398e-09,1.1394340680931563e-16,1.34320970159935e-11,1.0083268214701489e-08,2.514441745648223e-08
Random742
Raw:1.5731250871811054e-15,1.023596979911817e-09,4.1946246191873333e-13,0.9999999540792174,1.4242668627869825e-14,9.655632391913945e-09,1.1394340680931482e-16,1.3432097015993404e-11,1.0083268214701418e-08,2.514441745648196e-08
EFT:1.5731250871811277e-15,1.0235969799118207e-09,4.1946246191873777e-13,0.9999999540792174,1.4242668627870027e-14,9.65563239191398e-09,1.1394340680931563e-16,1.34320970159935e-11,1.0083268214701489e-08,2.514441745648223e-08
Random743
Raw:1.5731250871811277e-15,1.023596979911817e-09,4.1946246191873777e-13,0.9999999540792174,1.4242668627869976e-14,9.655632391913912e-09,1.1394340680931563e-16,1.34320970159935e-11,1.0083268214701418e-08,2.514441745648205e-08
EFT:1.5731250871811277e-15,1.0235969799118207e-09,4.1946246191873777e-13,0.9999999540792174,1.4242668627870027e-14,9.65563239191398e-09,1.1394340680931563e-16,1.34320970159935e-11,1.0083268214701489e-08,2.514441745648223e-08
Random744
Raw:1.5731250871811277e-15,1.0235969799118135e-09,4.194624619187363e-13,0.9999999540792174,1.4242668627869976e-14,9.655632391913945e-09,1.1394340680931563e-16,1.3432097015993451e-11,1.0083268214701489e-08,2.514441745648214e-08
EFT:1.5731250871811277e-15,1.0235969799118207e-09,4.1946246191873777e-13,0.9999999540792174,1.4242668627870027e-14,9.65563239191398e-09,1.1394340680931563e-16,1.34320970159935e-11,1.0083268214701489e-08,2.514441745648223e-08
Random745
Raw:1.5731250871811277e-15,1.0235969799118207e-09,4.1946246191873777e-13,0.9999999540792174,1.4242668627870077e-14,9.65563239191398e-09,1.1394340680931644e-16,1.3432097015993546e-11,1.0083268214701489e-08,2.514441745648214e-08
EFT:1.5731250871811277e-15,1.0235969799118207e-09,4.1946246191873777e-13,0.9999999540792174,1.4242668627870027e-14,9.65563239191398e-09,1.1394340680931563e-16,1.34320970159935e-11,1.0083268214701489e-08,2.514441745648223e-08
Random746
Raw:1.5731250871811167e-15,1.023596979911817e-09,4.1946246191873777e-13,0.9999999540792174,1.4242668627869976e-14,9.655632391913945e-09,1.1394340680931482e-16,1.34320970159935e-11,1.0083268214701418e-08,2.514441745648205e-08
EFT:1.5731250871811277e-15,1.0235969799118207e-09,4.1946246191873777e-13,0.9999999540792174,1.4242668627870077e-14,9.65563239191398e-09,1.1394340680931563e-16,1.34320970159935e-11,1.0083268214701489e-08,2.514441745648223e-08
Random747
Raw:1.5731250871811277e-15,1.0235969799118243e-09,4.194624619187393e-13,0.9999999540792174,1.4242668627869976e-14,9.655632391913945e-09,1.1394340680931644e-16,1.34320970159935e-11,1.0083268214701489e-08,2.514441745648214e-08
EFT:1.5731250871811277e-15,1.0235969799118207e-09,4.1946246191873777e-13,0.9999999540792174,1.4242668627870027e-14,9.65563239191398e-09,1.1394340680931563e-16,1.34320970159935e-11,1.0083268214701489e-08,2.514441745648223e-08
Random748
Raw:1.573125087181139e-15,1.0235969799118243e-09,4.1946246191874226e-13,0.9999999540792174,1.4242668627869976e-14,9.655632391914014e-09,1.1394340680931644e-16,1.3432097015993595e-11,1.0083268214701525e-08,2.514441745648223e-08
EFT:1.5731250871811277e-15,1.0235969799118207e-09,4.1946246191873777e-13,0.9999999540792174,1.4242668627870027e-14,9.65563239191398e-09,1.1394340680931563e-16,1.34320970159935e-11,1.0083268214701489e-08,2.514441745648223e-08
Random749
Raw:1.5731250871811277e-15,1.0235969799118207e-09,4.194624619187393e-13,0.9999999540792174,1.4242668627869976e-14,9.65563239191398e-09,1.1394340680931644e-16,1.34320970159935e-11,1.0083268214701525e-08,2.514441745648214e-08
EFT:1.5731250871811277e-15,1.0235969799118207e-09,4.1946246191873777e-13,0.9999999540792174,1.4242668627870027e-14,9.65563239191398e-09,1.1394340680931563e-16,1.34320970159935e-11,1.0083268214701489e-08,2.514441745648223e-08
Random750
Raw:1.5731250871811277e-15,1.0235969799118207e-09,4.194624619187393e-13,0.9999999540792174,1.4242668627869976e-14,9.65563239191398e-09,1.1394340680931644e-16,1.3432097015993546e-11,1.0083268214701452e-08,2.514441745648205e-08
EFT:1.5731250871811277e-15,1.0235969799118207e-09,4.1946246191873777e-13,0.9999999540792174,1.4242668627870027e-14,9.65563239191398e-09,1.1394340680931563e-16,1.34320970159935e-11,1.0083268214701489e-08,2.514441745648223e-08
Random751
Raw:1.5731250871811277e-15,1.023596979911817e-09,4.1946246191873777e-13,0.9999999540792174,1.4242668627869976e-14,9.655632391913945e-09,1.1394340680931644e-16,1.34320970159935e-11,1.0083268214701452e-08,2.514441745648205e-08
EFT:1.5731250871811277e-15,1.0235969799118207e-09,4.1946246191873777e-13,0.9999999540792174,1.4242668627870027e-14,9.65563239191398e-09,1.1394340680931563e-16,1.34320970159935e-11,1.0083268214701489e-08,2.514441745648223e-08
Random752
Raw:1.5731250871811167e-15,1.0235969799118098e-09,4.194624619187318e-13,0.9999999540792174,1.4242668627869875e-14,9.65563239191398e-09,1.1394340680931482e-16,1.3432097015993404e-11,1.0083268214701418e-08,2.514441745648214e-08
EFT:1.5731250871811277e-15,1.0235969799118207e-09,4.1946246191873777e-13,0.9999999540792174,1.4242668627870027e-14,9.65563239191398e-09,1.1394340680931563e-16,1.34320970159935e-11,1.0083268214701489e-08,2.514441745648223e-08
Random753
Raw:1.5731250871811277e-15,1.023596979911817e-09,4.1946246191874075e-13,0.9999999540792174,1.4242668627869976e-14,9.655632391913945e-09,1.1394340680931563e-16,1.34320970159935e-11,1.0083268214701489e-08,2.514441745648214e-08
EFT:1.5731250871811277e-15,1.0235969799118207e-09,4.1946246191873777e-13,0.9999999540792174,1.4242668627870027e-14,9.65563239191398e-09,1.1394340680931563e-16,1.34320970159935e-11,1.0083268214701489e-08,2.514441745648223e-08
Random754
Raw:1.5731250871811277e-15,1.023596979911817e-09,4.194624619187363e-13,0.9999999540792174,1.4242668627869875e-14,9.655632391913945e-09,1.1394340680931482e-16,1.34320970159935e-11,1.0083268214701452e-08,2.514441745648205e-08
EFT:1.5731250871811277e-15,1.0235969799118207e-09,4.1946246191873777e-13,0.9999999540792174,1.4242668627870027e-14,9.65563239191398e-09,1.1394340680931563e-16,1.34320970159935e-11,1.0083268214701489e-08,2.514441745648223e-08
Random755
Raw:1.5731250871811277e-15,1.0235969799118135e-09,4.194624619187363e-13,0.9999999540792174,1.4242668627869926e-14,9.655632391913912e-09,1.1394340680931482e-16,1.3432097015993451e-11,1.0083268214701489e-08,2.514441745648205e-08
EFT:1.5731250871811277e-15,1.0235969799118207e-09,4.1946246191873777e-13,0.9999999540792174,1.4242668627870077e-14,9.65563239191398e-09,1.1394340680931563e-16,1.34320970159935e-11,1.0083268214701489e-08,2.514441745648223e-08
Random756
Raw:1.5731250871811054e-15,1.0235969799118207e-09,4.1946246191873777e-13,0.9999999540792174,1.4242668627869976e-14,9.655632391913945e-09,1.1394340680931482e-16,1.34320970159935e-11,1.0083268214701418e-08,2.514441745648205e-08
EFT:1.5731250871811277e-15,1.0235969799118207e-09,4.1946246191873777e-13,0.9999999540792174,1.4242668627870027e-14,9.65563239191398e-09,1.1394340680931563e-16,1.34320970159935e-11,1.0083268214701489e-08,2.514441745648223e-08
Random757
Raw:1.5731250871811277e-15,1.023596979911817e-09,4.194624619187393e-13,0.9999999540792174,1.4242668627869976e-14,9.65563239191398e-09,1.1394340680931644e-16,1.3432097015993546e-11,1.0083268214701452e-08,2.514441745648205e-08
EFT:1.5731250871811277e-15,1.0235969799118207e-09,4.1946246191873777e-13,0.9999999540792174,1.4242668627870077e-14,9.65563239191398e-09,1.1394340680931563e-16,1.34320970159935e-11,1.0083268214701489e-08,2.514441745648223e-08
Random758
Raw:1.5731250871811277e-15,1.0235969799118243e-09,4.1946246191874226e-13,0.9999999540792174,1.4242668627870077e-14,9.655632391914014e-09,1.1394340680931644e-16,1.3432097015993546e-11,1.0083268214701525e-08,2.514441745648223e-08
EFT:1.5731250871811277e-15,1.0235969799118207e-09,4.1946246191873777e-13,0.9999999540792174,1.4242668627870027e-14,9.65563239191398e-09,1.1394340680931563e-16,1.34320970159935e-11,1.0083268214701489e-08,2.514441745648223e-08
Random759
Raw:1.5731250871811277e-15,1.0235969799118207e-09,4.194624619187393e-13,0.9999999540792174,1.4242668627869976e-14,9.65563239191398e-09,1.1394340680931563e-16,1.34320970159935e-11,1.0083268214701489e-08,2.514441745648214e-08
EFT:1.5731250871811277e-15,1.0235969799118207e-09,4.1946246191873777e-13,0.9999999540792174,1.4242668627870027e-14,9.65563239191398e-09,1.1394340680931563e-16,1.34320970159935e-11,1.0083268214701489e-08,2.514441745648223e-08
Random760
Raw:1.5731250871811277e-15,1.0235969799118207e-09,4.194624619187363e-13,0.9999999540792174,1.4242668627870077e-14,9.655632391914047e-09,1.1394340680931644e-16,1.34320970159935e-11,1.0083268214701489e-08,2.514441745648214e-08
EFT:1.5731250871811277e-15,1.0235969799118207e-09,4.1946246191873777e-13,0.9999999540792174,1.4242668627870027e-14,9.65563239191398e-09,1.1394340680931563e-16,1.34320970159935e-11,1.0083268214701489e-08,2.514441745648223e-08
Random761
Raw:1.5731250871811277e-15,1.023596979911817e-09,4.194624619187393e-13,0.9999999540792174,1.4242668627869976e-14,9.655632391913912e-09,1.1394340680931482e-16,1.34320970159935e-11,1.0083268214701452e-08,2.514441745648205e-08
EFT:1.5731250871811277e-15,1.0235969799118207e-09,4.1946246191873777e-13,0.9999999540792174,1.4242668627870027e-14,9.65563239191398e-09,1.1394340680931563e-16,1.34320970159935e-11,1.0083268214701489e-08,2.514441745648223e-08
Random762
Raw:1.5731250871811277e-15,1.023596979911817e-09,4.194624619187393e-13,0.9999999540792174,1.4242668627870027e-14,9.65563239191398e-09,1.1394340680931644e-16,1.34320970159935e-11,1.0083268214701525e-08,2.514441745648223e-08
EFT:1.5731250871811277e-15,1.0235969799118207e-09,4.1946246191873777e-13,0.9999999540792174,1.4242668627870077e-14,9.65563239191398e-09,1.1394340680931563e-16,1.34320970159935e-11,1.0083268214701489e-08,2.514441745648223e-08
Random763
Raw:1.5731250871811277e-15,1.023596979911817e-09,4.194624619187393e-13,0.9999999540792174,1.4242668627869976e-14,9.655632391913945e-09,1.1394340680931644e-16,1.34320970159935e-11,1.0083268214701452e-08,2.514441745648196e-08
EFT:1.5731250871811277e-15,1.0235969799118207e-09,4.1946246191873777e-13,0.9999999540792174,1.4242668627870027e-14,9.65563239191398e-09,1.1394340680931563e-16,1.34320970159935e-11,1.0083268214701489e-08,2.514441745648223e-08
Random764
Raw:1.5731250871811277e-15,1.0235969799118207e-09,4.1946246191873777e-13,0.9999999540792174,1.4242668627869976e-14,9.655632391914014e-09,1.1394340680931644e-16,1.34320970159935e-11,1.0083268214701489e-08,2.514441745648223e-08
EFT:1.5731250871811277e-15,1.0235969799118207e-09,4.1946246191873777e-13,0.9999999540792174,1.4242668627870027e-14,9.65563239191398e-09,1.1394340680931563e-16,1.34320970159935e-11,1.0083268214701489e-08,2.514441745648223e-08
Random765
Raw:1.5731250871811054e-15,1.023596979911817e-09,4.1946246191873333e-13,0.9999999540792174,1.4242668627869976e-14,9.655632391913945e-09,1.1394340680931482e-16,1.3432097015993404e-11,1.0083268214701381e-08,2.514441745648196e-08
EFT:1.5731250871811277e-15,1.0235969799118207e-09,4.1946246191873777e-13,0.9999999540792174,1.4242668627870027e-14,9.65563239191398e-09,1.1394340680931563e-16,1.34320970159935e-11,1.0083268214701489e-08,2.514441745648223e-08
Random766
Raw:1.5731250871811502e-15,1.0235969799118243e-09,4.194624619187393e-13,0.9999999540792174,1.4242668627870027e-14,9.655632391914047e-09,1.1394340680931644e-16,1.3432097015993546e-11,1.0083268214701525e-08,2.5144417456482408e-08
EFT:1.5731250871811277e-15,1.0235969799118207e-09,4.1946246191873777e-13,0.9999999540792174,1.4242668627870027e-14,9.65563239191398e-09,1.1394340680931563e-16,1.34320970159935e-11,1.0083268214701489e-08,2.514441745648223e-08
Random767
Raw:1.5731250871811167e-15,1.0235969799118135e-09,4.194624619187363e-13,0.9999999540792174,1.4242668627869875e-14,9.655632391913945e-09,1.1394340680931563e-16,1.3432097015993451e-11,1.0083268214701418e-08,2.514441745648196e-08
EFT:1.5731250871811277e-15,1.0235969799118207e-09,4.1946246191873777e-13,0.9999999540792174,1.4242668627870027e-14,9.65563239191398e-09,1.1394340680931563e-16,1.34320970159935e-11,1.0083268214701489e-08,2.514441745648223e-08
Random768
Raw:1.5731250871811502e-15,1.0235969799118243e-09,4.194624619187393e-13,0.9999999540792174,1.4242668627870027e-14,9.655632391914014e-09,1.1394340680931644e-16,1.3432097015993595e-11,1.008326821470156e-08,2.5144417456482318e-08
EFT:1.5731250871811277e-15,1.0235969799118207e-09,4.1946246191873777e-13,0.9999999540792174,1.4242668627870027e-14,9.65563239191398e-09,1.1394340680931563e-16,1.34320970159935e-11,1.0083268214701489e-08,2.514441745648223e-08
Random769
Raw:1.5731250871811167e-15,1.023596979911817e-09,4.1946246191873777e-13,0.9999999540792174,1.4242668627869976e-14,9.65563239191398e-09,1.1394340680931482e-16,1.34320970159935e-11,1.0083268214701418e-08,2.514441745648214e-08
EFT:1.5731250871811277e-15,1.0235969799118207e-09,4.1946246191873777e-13,0.9999999540792174,1.4242668627870077e-14,9.65563239191398e-09,1.1394340680931563e-16,1.34320970159935e-11,1.0083268214701489e-08,2.514441745648223e-08
Random770
Raw:1.5731250871811054e-15,1.023596979911817e-09,4.194624619187348e-13,0.9999999540792174,1.4242668627869976e-14,9.655632391914014e-09,1.1394340680931563e-16,1.3432097015993451e-11,1.0083268214701452e-08,2.514441745648214e-08
EFT:1.5731250871811277e-15,1.0235969799118207e-09,4.1946246191873777e-13,0.9999999540792174,1.4242668627870077e-14,9.65563239191398e-09,1.1394340680931563e-16,1.34320970159935e-11,1.0083268214701489e-08,2.514441745648223e-08
Random771
Raw:1.5731250871811054e-15,1.023596979911806e-09,4.1946246191873333e-13,0.9999999540792174,1.4242668627869875e-14,9.655632391913842e-09,1.1394340680931403e-16,1.3432097015993404e-11,1.008326821470131e-08,2.5144417456481782e-08
EFT:1.5731250871811277e-15,1.0235969799118207e-09,4.1946246191873777e-13,0.9999999540792174,1.4242668627870027e-14,9.65563239191398e-09,1.1394340680931563e-16,1.34320970159935e-11,1.0083268214701489e-08,2.514441745648223e-08
Random772
Raw:1.5731250871811277e-15,1.0235969799118243e-09,4.1946246191873777e-13,0.9999999540792174,1.4242668627870077e-14,9.655632391914047e-09,1.1394340680931563e-16,1.34320970159935e-11,1.008326821470156e-08,2.5144417456482318e-08
EFT:1.5731250871811277e-15,1.0235969799118207e-09,4.1946246191873777e-13,0.9999999540792174,1.4242668627870027e-14,9.65563239191398e-09,1.1394340680931563e-16,1.34320970159935e-11,1.0083268214701489e-08,2.514441745648223e-08
Random773
Raw:1.5731250871811167e-15,1.0235969799118207e-09,4.194624619187393e-13,0.9999999540792174,1.4242668627869976e-14,9.65563239191398e-09,1.1394340680931644e-16,1.3432097015993546e-11,1.0083268214701489e-08,2.514441745648223e-08
EFT:1.5731250871811277e-15,1.0235969799118207e-09,4.1946246191873777e-13,0.9999999540792174,1.4242668627870027e-14,9.65563239191398e-09,1.1394340680931563e-16,1.34320970159935e-11,1.0083268214701489e-08,2.514441745648223e-08
Random774
Raw:1.5731250871811277e-15,1.023596979911817e-09,4.1946246191874075e-13,0.9999999540792174,1.4242668627869875e-14,9.655632391913877e-09,1.1394340680931563e-16,1.34320970159935e-11,1.0083268214701452e-08,2.514441745648196e-08
EFT:1.5731250871811277e-15,1.0235969799118207e-09,4.1946246191873777e-13,0.9999999540792174,1.4242668627870077e-14,9.65563239191398e-09,1.1394340680931563e-16,1.34320970159935e-11,1.0083268214701489e-08,2.514441745648223e-08
Random775
Raw:1.5731250871811277e-15,1.0235969799118207e-09,4.1946246191874075e-13,0.9999999540792174,1.4242668627870077e-14,9.655632391914014e-09,1.1394340680931644e-16,1.3432097015993595e-11,1.008326821470156e-08,2.514441745648223e-08
EFT:1.5731250871811277e-15,1.0235969799118207e-09,4.1946246191873777e-13,0.9999999540792174,1.4242668627870027e-14,9.65563239191398e-09,1.1394340680931563e-16,1.34320970159935e-11,1.0083268214701489e-08,2.514441745648223e-08
Random776
Raw:1.5731250871811054e-15,1.0235969799118135e-09,4.1946246191873333e-13,0.9999999540792174,1.4242668627869875e-14,9.655632391913912e-09,1.1394340680931482e-16,1.3432097015993451e-11,1.0083268214701418e-08,2.514441745648196e-08
EFT:1.5731250871811277e-15,1.0235969799118207e-09,4.1946246191873777e-13,0.9999999540792174,1.4242668627870027e-14,9.65563239191398e-09,1.1394340680931563e-16,1.34320970159935e-11,1.0083268214701489e-08,2.514441745648223e-08
Random777
Raw:1.5731250871811054e-15,1.023596979911817e-09,4.1946246191873777e-13,0.9999999540792174,1.4242668627869875e-14,9.655632391913912e-09,1.1394340680931644e-16,1.3432097015993451e-11,1.0083268214701381e-08,2.514441745648196e-08
EFT:1.5731250871811277e-15,1.0235969799118207e-09,4.1946246191873777e-13,0.9999999540792174,1.4242668627870027e-14,9.65563239191398e-09,1.1394340680931563e-16,1.34320970159935e-11,1.0083268214701489e-08,2.514441745648223e-08
Random778
Raw:1.5731250871811054e-15,1.0235969799118135e-09,4.1946246191873333e-13,0.9999999540792174,1.4242668627869926e-14,9.655632391913945e-09,1.1394340680931482e-16,1.34320970159935e-11,1.0083268214701381e-08,2.514441745648205e-08
EFT:1.5731250871811277e-15,1.0235969799118207e-09,4.1946246191873777e-13,0.9999999540792174,1.4242668627870027e-14,9.65563239191398e-09,1.1394340680931563e-16,1.34320970159935e-11,1.0083268214701489e-08,2.514441745648223e-08
Random779
Raw:1.5731250871811277e-15,1.023596979911817e-09,4.194624619187363e-13,0.9999999540792174,1.4242668627869976e-14,9.655632391913945e-09,1.1394340680931482e-16,1.3432097015993451e-11,1.0083268214701452e-08,2.514441745648214e-08
EFT:1.5731250871811277e-15,1.0235969799118207e-09,4.1946246191873777e-13,0.9999999540792174,1.4242668627870027e-14,9.65563239191398e-09,1.1394340680931563e-16,1.34320970159935e-11,1.0083268214701489e-08,2.514441745648223e-08
Random780
Raw:1.5731250871811277e-15,1.023596979911817e-09,4.194624619187363e-13,0.9999999540792174,1.4242668627870027e-14,9.655632391913945e-09,1.1394340680931563e-16,1.3432097015993451e-11,1.0083268214701489e-08,2.514441745648214e-08
EFT:1.5731250871811277e-15,1.0235969799118207e-09,4.1946246191873777e-13,0.9999999540792174,1.4242668627870077e-14,9.65563239191398e-09,1.1394340680931563e-16,1.34320970159935e-11,1.0083268214701489e-08,2.514441745648223e-08
Random781
Raw:1.5731250871811277e-15,1.023596979911817e-09,4.194624619187363e-13,0.9999999540792174,1.4242668627870077e-14,9.65563239191398e-09,1.1394340680931644e-16,1.3432097015993546e-11,1.0083268214701525e-08,2.514441745648223e-08
EFT:1.5731250871811277e-15,1.0235969799118207e-09,4.1946246191873777e-13,0.9999999540792174,1.4242668627870077e-14,9.65563239191398e-09,1.1394340680931563e-16,1.34320970159935e-11,1.0083268214701489e-08,2.514441745648223e-08
Random782
Raw:1.5731250871811054e-15,1.0235969799118135e-09,4.194624619187348e-13,0.9999999540792174,1.4242668627869926e-14,9.655632391913912e-09,1.1394340680931482e-16,1.3432097015993451e-11,1.0083268214701418e-08,2.514441745648205e-08
EFT:1.5731250871811277e-15,1.0235969799118207e-09,4.1946246191873777e-13,0.9999999540792174,1.4242668627870027e-14,9.65563239191398e-09,1.1394340680931563e-16,1.34320970159935e-11,1.0083268214701489e-08,2.514441745648223e-08
Random783
Raw:1.5731250871811054e-15,1.023596979911806e-09,4.1946246191873333e-13,0.9999999540792174,1.4242668627869875e-14,9.655632391913877e-09,1.1394340680931482e-16,1.3432097015993404e-11,1.0083268214701345e-08,2.514441745648196e-08
EFT:1.5731250871811277e-15,1.0235969799118207e-09,4.1946246191873777e-13,0.9999999540792174,1.4242668627870027e-14,9.65563239191398e-09,1.1394340680931563e-16,1.34320970159935e-11,1.0083268214701489e-08,2.514441745648223e-08
Random784
Raw:1.573125087181139e-15,1.0235969799118243e-09,4.194624619187393e-13,0.9999999540792174,1.4242668627870128e-14,9.655632391914047e-09,1.1394340680931644e-16,1.3432097015993595e-11,1.008326821470156e-08,2.5144417456482408e-08
EFT:1.5731250871811277e-15,1.0235969799118207e-09,4.1946246191873777e-13,0.9999999540792174,1.4242668627870077e-14,9.65563239191398e-09,1.1394340680931563e-16,1.34320970159935e-11,1.0083268214701489e-08,2.514441745648223e-08
Random785
Raw:1.5731250871811277e-15,1.023596979911817e-09,4.194624619187363e-13,0.9999999540792174,1.4242668627869976e-14,9.655632391913945e-09,1.1394340680931482e-16,1.3432097015993546e-11,1.0083268214701418e-08,2.514441745648214e-08
EFT:1.5731250871811277e-15,1.0235969799118207e-09,4.1946246191873777e-13,0.9999999540792174,1.4242668627870027e-14,9.65563239191398e-09,1.1394340680931563e-16,1.34320970159935e-11,1.0083268214701489e-08,2.514441745648223e-08
Random786
Raw:1.5731250871811054e-15,1.0235969799118135e-09,4.194624619187363e-13,0.9999999540792174,1.4242668627869875e-14,9.655632391913877e-09,1.1394340680931482e-16,1.3432097015993451e-11,1.0083268214701381e-08,2.514441745648196e-08
EFT:1.5731250871811277e-15,1.0235969799118207e-09,4.1946246191873777e-13,0.9999999540792174,1.4242668627870027e-14,9.65563239191398e-09,1.1394340680931563e-16,1.34320970159935e-11,1.0083268214701489e-08,2.514441745648223e-08
Random787
Raw:1.5731250871811277e-15,1.0235969799118207e-09,4.194624619187393e-13,0.9999999540792174,1.4242668627870027e-14,9.655632391914014e-09,1.1394340680931644e-16,1.34320970159935e-11,1.0083268214701489e-08,2.514441745648214e-08
EFT:1.5731250871811277e-15,1.0235969799118207e-09,4.1946246191873777e-13,0.9999999540792174,1.4242668627870027e-14,9.65563239191398e-09,1.1394340680931563e-16,1.34320970159935e-11,1.0083268214701489e-08,2.514441745648223e-08
Random788
Raw:1.5731250871811502e-15,1.023596979911828e-09,4.194624619187393e-13,0.9999999540792174,1.4242668627870178e-14,9.655632391914117e-09,1.1394340680931644e-16,1.3432097015993642e-11,1.008326821470156e-08,2.5144417456482497e-08
EFT:1.5731250871811277e-15,1.0235969799118207e-09,4.1946246191873777e-13,0.9999999540792174,1.4242668627870027e-14,9.65563239191398e-09,1.1394340680931563e-16,1.34320970159935e-11,1.0083268214701489e-08,2.514441745648223e-08
Random789
Raw:1.5731250871811277e-15,1.0235969799118207e-09,4.194624619187393e-13,0.9999999540792174,1.4242668627870077e-14,9.655632391913945e-09,1.1394340680931563e-16,1.3432097015993546e-11,1.0083268214701489e-08,2.514441745648214e-08
EFT:1.5731250871811277e-15,1.0235969799118207e-09,4.1946246191873777e-13,0.9999999540792174,1.4242668627870027e-14,9.65563239191398e-09,1.1394340680931563e-16,1.34320970159935e-11,1.0083268214701489e-08,2.514441745648223e-08
Random790
Raw:1.573125087181139e-15,1.0235969799118243e-09,4.194624619187393e-13,0.9999999540792174,1.4242668627870077e-14,9.655632391914047e-09,1.1394340680931644e-16,1.3432097015993546e-11,1.008326821470156e-08,2.514441745648223e-08
EFT:1.5731250871811277e-15,1.0235969799118207e-09,4.1946246191873777e-13,0.9999999540792174,1.4242668627870077e-14,9.65563239191398e-09,1.1394340680931563e-16,1.34320970159935e-11,1.0083268214701489e-08,2.514441745648223e-08
Random791
Raw:1.5731250871811502e-15,1.0235969799118243e-09,4.1946246191874226e-13,0.9999999540792174,1.4242668627870077e-14,9.655632391914014e-09,1.1394340680931644e-16,1.3432097015993595e-11,1.008326821470156e-08,2.514441745648214e-08
EFT:1.5731250871811277e-15,1.0235969799118207e-09,4.1946246191873777e-13,0.9999999540792174,1.4242668627870077e-14,9.65563239191398e-09,1.1394340680931563e-16,1.34320970159935e-11,1.0083268214701489e-08,2.514441745648223e-08
Random792
Raw:1.5731250871811277e-15,1.023596979911817e-09,4.194624619187363e-13,0.9999999540792174,1.4242668627869976e-14,9.65563239191398e-09,1.1394340680931563e-16,1.34320970159935e-11,1.0083268214701452e-08,2.514441745648205e-08
EFT:1.5731250871811277e-15,1.0235969799118207e-09,4.1946246191873777e-13,0.9999999540792174,1.4242668627870027e-14,9.65563239191398e-09,1.1394340680931563e-16,1.34320970159935e-11,1.0083268214701489e-08,2.514441745648223e-08
Random793
Raw:1.5731250871811054e-15,1.0235969799118135e-09,4.194624619187363e-13,0.9999999540792174,1.4242668627869875e-14,9.655632391913912e-09,1.1394340680931482e-16,1.3432097015993404e-11,1.0083268214701418e-08,2.514441745648196e-08
EFT:1.5731250871811277e-15,1.0235969799118207e-09,4.1946246191873777e-13,0.9999999540792174,1.4242668627870027e-14,9.65563239191398e-09,1.1394340680931563e-16,1.34320970159935e-11,1.0083268214701489e-08,2.514441745648223e-08
Random794
Raw:1.5731250871811277e-15,1.0235969799118207e-09,4.194624619187363e-13,0.9999999540792174,1.4242668627869976e-14,9.655632391914014e-09,1.1394340680931644e-16,1.34320970159935e-11,1.0083268214701489e-08,2.514441745648223e-08
EFT:1.5731250871811277e-15,1.0235969799118207e-09,4.1946246191873777e-13,0.9999999540792174,1.4242668627870077e-14,9.65563239191398e-09,1.1394340680931563e-16,1.34320970159935e-11,1.0083268214701489e-08,2.514441745648223e-08
Random795
Raw:1.5731250871811277e-15,1.0235969799118207e-09,4.194624619187393e-13,0.9999999540792174,1.4242668627869976e-14,9.65563239191398e-09,1.1394340680931644e-16,1.3432097015993546e-11,1.0083268214701489e-08,2.514441745648214e-08
EFT:1.5731250871811277e-15,1.0235969799118207e-09,4.1946246191873777e-13,0.9999999540792174,1.4242668627870027e-14,9.65563239191398e-09,1.1394340680931563e-16,1.34320970159935e-11,1.0083268214701489e-08,2.514441745648223e-08
Random796
Raw:1.5731250871811277e-15,1.023596979911817e-09,4.194624619187393e-13,0.9999999540792174,1.4242668627869976e-14,9.65563239191398e-09,1.1394340680931482e-16,1.34320970159935e-11,1.0083268214701452e-08,2.514441745648205e-08
EFT:1.5731250871811277e-15,1.0235969799118207e-09,4.1946246191873777e-13,0.9999999540792174,1.4242668627870027e-14,9.65563239191398e-09,1.1394340680931563e-16,1.34320970159935e-11,1.0083268214701489e-08,2.514441745648223e-08
Random797
Raw:1.5731250871811277e-15,1.0235969799118207e-09,4.1946246191874075e-13,0.9999999540792174,1.4242668627869976e-14,9.65563239191398e-09,1.1394340680931563e-16,1.3432097015993546e-11,1.0083268214701489e-08,2.514441745648223e-08
EFT:1.5731250871811277e-15,1.0235969799118207e-09,4.1946246191873777e-13,0.9999999540792174,1.4242668627870027e-14,9.65563239191398e-09,1.1394340680931563e-16,1.34320970159935e-11,1.0083268214701489e-08,2.514441745648223e-08
Random798
Raw:1.5731250871811054e-15,1.0235969799118135e-09,4.194624619187363e-13,0.9999999540792174,1.4242668627869875e-14,9.655632391913912e-09,1.1394340680931482e-16,1.34320970159935e-11,1.0083268214701418e-08,2.514441745648196e-08
EFT:1.5731250871811277e-15,1.0235969799118207e-09,4.1946246191873777e-13,0.9999999540792174,1.4242668627870027e-14,9.65563239191398e-09,1.1394340680931563e-16,1.34320970159935e-11,1.0083268214701489e-08,2.514441745648223e-08
Random799
Raw:1.5731250871811054e-15,1.0235969799118098e-09,4.1946246191873333e-13,0.9999999540792174,1.4242668627869875e-14,9.655632391913912e-09,1.1394340680931482e-16,1.3432097015993404e-11,1.0083268214701345e-08,2.514441745648196e-08
EFT:1.5731250871811277e-15,1.0235969799118207e-09,4.1946246191873777e-13,0.9999999540792174,1.4242668627870027e-14,9.65563239191398e-09,1.1394340680931563e-16,1.34320970159935e-11,1.0083268214701489e-08,2.514441745648223e-08
Random800
Raw:1.5731250871811277e-15,1.023596979911828e-09,4.1946246191874226e-13,0.9999999540792174,1.4242668627870077e-14,9.655632391914014e-09,1.1394340680931644e-16,1.3432097015993595e-11,1.0083268214701525e-08,2.514441745648214e-08
EFT:1.5731250871811277e-15,1.0235969799118207e-09,4.1946246191873777e-13,0.9999999540792174,1.4242668627870077e-14,9.65563239191398e-09,1.1394340680931563e-16,1.34320970159935e-11,1.0083268214701489e-08,2.514441745648223e-08
Random801
Raw:1.5731250871811277e-15,1.0235969799118135e-09,4.1946246191873777e-13,0.9999999540792174,1.4242668627869926e-14,9.655632391913912e-09,1.1394340680931482e-16,1.34320970159935e-11,1.0083268214701452e-08,2.514441745648214e-08
EFT:1.5731250871811277e-15,1.0235969799118207e-09,4.1946246191873777e-13,0.9999999540792174,1.4242668627870077e-14,9.65563239191398e-09,1.1394340680931563e-16,1.34320970159935e-11,1.0083268214701489e-08,2.514441745648223e-08
Random802
Raw:1.5731250871811167e-15,1.023596979911817e-09,4.194624619187363e-13,0.9999999540792174,1.4242668627869976e-14,9.655632391913912e-09,1.1394340680931644e-16,1.34320970159935e-11,1.0083268214701418e-08,2.514441745648205e-08
EFT:1.5731250871811277e-15,1.0235969799118207e-09,4.1946246191873777e-13,0.9999999540792174,1.4242668627870027e-14,9.65563239191398e-09,1.1394340680931563e-16,1.34320970159935e-11,1.0083268214701489e-08,2.514441745648223e-08
Random803
Raw:1.5731250871811277e-15,1.0235969799118207e-09,4.1946246191873777e-13,0.9999999540792174,1.4242668627869976e-14,9.655632391914014e-09,1.1394340680931644e-16,1.3432097015993546e-11,1.0083268214701452e-08,2.514441745648214e-08
EFT:1.5731250871811277e-15,1.0235969799118207e-09,4.1946246191873777e-13,0.9999999540792174,1.4242668627870027e-14,9.65563239191398e-09,1.1394340680931563e-16,1.34320970159935e-11,1.0083268214701489e-08,2.514441745648223e-08
Random804
Raw:1.5731250871811167e-15,1.0235969799118207e-09,4.194624619187363e-13,0.9999999540792174,1.4242668627869976e-14,9.655632391913945e-09,1.1394340680931482e-16,1.34320970159935e-11,1.0083268214701418e-08,2.514441745648196e-08
EFT:1.5731250871811277e-15,1.0235969799118207e-09,4.1946246191873777e-13,0.9999999540792174,1.4242668627870027e-14,9.65563239191398e-09,1.1394340680931563e-16,1.34320970159935e-11,1.0083268214701489e-08,2.514441745648223e-08
Random805
Raw:1.5731250871811277e-15,1.023596979911817e-09,4.194624619187393e-13,0.9999999540792174,1.4242668627870027e-14,9.655632391914014e-09,1.1394340680931563e-16,1.34320970159935e-11,1.0083268214701525e-08,2.514441745648223e-08
EFT:1.5731250871811277e-15,1.0235969799118207e-09,4.1946246191873777e-13,0.9999999540792174,1.4242668627870027e-14,9.65563239191398e-09,1.1394340680931563e-16,1.34320970159935e-11,1.0083268214701489e-08,2.514441745648223e-08
Random806
Raw:1.5731250871811054e-15,1.0235969799118135e-09,4.194624619187363e-13,0.9999999540792174,1.4242668627869976e-14,9.655632391913945e-09,1.1394340680931482e-16,1.3432097015993404e-11,1.0083268214701381e-08,2.514441745648196e-08
EFT:1.5731250871811277e-15,1.0235969799118207e-09,4.1946246191873777e-13,0.9999999540792174,1.4242668627870027e-14,9.65563239191398e-09,1.1394340680931563e-16,1.34320970159935e-11,1.0083268214701489e-08,2.514441745648223e-08
Random807
Raw:1.5731250871811277e-15,1.023596979911817e-09,4.194624619187363e-13,0.9999999540792174,1.4242668627869926e-14,9.655632391913945e-09,1.1394340680931563e-16,1.34320970159935e-11,1.0083268214701418e-08,2.514441745648205e-08
EFT:1.5731250871811277e-15,1.0235969799118207e-09,4.1946246191873777e-13,0.9999999540792174,1.4242668627870027e-14,9.65563239191398e-09,1.1394340680931563e-16,1.34320970159935e-11,1.0083268214701489e-08,2.514441745648223e-08
Random808
Raw:1.5731250871811277e-15,1.0235969799118207e-09,4.194624619187393e-13,0.9999999540792174,1.4242668627869976e-14,9.655632391914014e-09,1.1394340680931482e-16,1.34320970159935e-11,1.0083268214701489e-08,2.514441745648223e-08
EFT:1.5731250871811277e-15,1.0235969799118207e-09,4.1946246191873777e-13,0.9999999540792174,1.4242668627870027e-14,9.65563239191398e-09,1.1394340680931563e-16,1.34320970159935e-11,1.0083268214701489e-08,2.514441745648223e-08
Random809
Raw:1.5731250871811277e-15,1.023596979911817e-09,4.194624619187363e-13,0.9999999540792174,1.4242668627869976e-14,9.655632391913945e-09,1.1394340680931563e-16,1.34320970159935e-11,1.0083268214701418e-08,2.514441745648205e-08
EFT:1.5731250871811277e-15,1.0235969799118207e-09,4.1946246191873777e-13,0.9999999540792174,1.4242668627870027e-14,9.65563239191398e-09,1.1394340680931563e-16,1.34320970159935e-11,1.0083268214701489e-08,2.514441745648223e-08
Random810
Raw:1.5731250871811054e-15,1.0235969799118098e-09,4.194624619187348e-13,0.9999999540792174,1.4242668627869875e-14,9.655632391913877e-09,1.1394340680931482e-16,1.3432097015993356e-11,1.0083268214701381e-08,2.514441745648187e-08
EFT:1.5731250871811277e-15,1.0235969799118207e-09,4.1946246191873777e-13,0.9999999540792174,1.4242668627870027e-14,9.65563239191398e-09,1.1394340680931563e-16,1.34320970159935e-11,1.0083268214701489e-08,2.514441745648223e-08
Random811
Raw:1.5731250871811054e-15,1.0235969799118098e-09,4.1946246191873777e-13,0.9999999540792174,1.4242668627869875e-14,9.655632391913877e-09,1.1394340680931482e-16,1.3432097015993451e-11,1.0083268214701418e-08,2.514441745648196e-08
EFT:1.5731250871811277e-15,1.0235969799118207e-09,4.1946246191873777e-13,0.9999999540792174,1.4242668627870077e-14,9.65563239191398e-09,1.1394340680931563e-16,1.34320970159935e-11,1.0083268214701489e-08,2.514441745648223e-08
Random812
Raw:1.573125087181139e-15,1.0235969799118207e-09,4.1946246191874075e-13,0.9999999540792174,1.4242668627870077e-14,9.65563239191398e-09,1.1394340680931644e-16,1.3432097015993546e-11,1.008326821470156e-08,2.5144417456482318e-08
EFT:1.5731250871811277e-15,1.0235969799118207e-09,4.1946246191873777e-13,0.9999999540792174,1.4242668627870077e-14,9.65563239191398e-09,1.1394340680931563e-16,1.34320970159935e-11,1.0083268214701489e-08,2.514441745648223e-08
Random813
Raw:1.5731250871811277e-15,1.0235969799118207e-09,4.194624619187393e-13,0.9999999540792174,1.4242668627870077e-14,9.65563239191398e-09,1.1394340680931644e-16,1.34320970159935e-11,1.0083268214701525e-08,2.514441745648214e-08
EFT:1.5731250871811277e-15,1.0235969799118207e-09,4.1946246191873777e-13,0.9999999540792174,1.4242668627870077e-14,9.65563239191398e-09,1.1394340680931563e-16,1.34320970159935e-11,1.0083268214701489e-08,2.514441745648223e-08
Random814
Raw:1.5731250871811277e-15,1.0235969799118207e-09,4.194624619187393e-13,0.9999999540792174,1.4242668627870077e-14,9.655632391914014e-09,1.1394340680931644e-16,1.34320970159935e-11,1.0083268214701489e-08,2.514441745648223e-08
EFT:1.5731250871811277e-15,1.0235969799118207e-09,4.1946246191873777e-13,0.9999999540792174,1.4242668627870077e-14,9.65563239191398e-09,1.1394340680931563e-16,1.34320970159935e-11,1.0083268214701489e-08,2.514441745648223e-08
Random815
Raw:1.5731250871811167e-15,1.023596979911817e-09,4.1946246191873777e-13,0.9999999540792174,1.4242668627869976e-14,9.655632391913945e-09,1.1394340680931563e-16,1.34320970159935e-11,1.0083268214701489e-08,2.514441745648214e-08
EFT:1.5731250871811277e-15,1.0235969799118207e-09,4.1946246191873777e-13,0.9999999540792174,1.4242668627870027e-14,9.65563239191398e-09,1.1394340680931563e-16,1.34320970159935e-11,1.0083268214701489e-08,2.514441745648223e-08
Random816
Raw:1.5731250871811054e-15,1.023596979911817e-09,4.194624619187348e-13,0.9999999540792174,1.4242668627870027e-14,9.65563239191398e-09,1.1394340680931482e-16,1.3432097015993546e-11,1.0083268214701418e-08,2.514441745648214e-08
EFT:1.5731250871811277e-15,1.0235969799118207e-09,4.1946246191873777e-13,0.9999999540792174,1.4242668627870027e-14,9.65563239191398e-09,1.1394340680931563e-16,1.34320970159935e-11,1.0083268214701489e-08,2.514441745648223e-08
Random817
Raw:1.5731250871811277e-15,1.0235969799118207e-09,4.1946246191873777e-13,0.9999999540792174,1.4242668627869976e-14,9.655632391914014e-09,1.1394340680931482e-16,1.34320970159935e-11,1.0083268214701489e-08,2.514441745648223e-08
EFT:1.5731250871811277e-15,1.0235969799118207e-09,4.1946246191873777e-13,0.9999999540792174,1.4242668627870027e-14,9.65563239191398e-09,1.1394340680931563e-16,1.34320970159935e-11,1.0083268214701489e-08,2.514441745648223e-08
Random818
Raw:1.5731250871811277e-15,1.0235969799118207e-09,4.194624619187393e-13,0.9999999540792174,1.4242668627870077e-14,9.65563239191398e-09,1.1394340680931563e-16,1.34320970159935e-11,1.0083268214701489e-08,2.514441745648223e-08
EFT:1.5731250871811277e-15,1.0235969799118207e-09,4.1946246191873777e-13,0.9999999540792174,1.4242668627870077e-14,9.65563239191398e-09,1.1394340680931563e-16,1.34320970159935e-11,1.0083268214701489e-08,2.514441745648223e-08
Random819
Raw:1.5731250871811277e-15,1.0235969799118207e-09,4.194624619187393e-13,0.9999999540792174,1.4242668627869976e-14,9.65563239191398e-09,1.1394340680931644e-16,1.3432097015993546e-11,1.0083268214701489e-08,2.514441745648214e-08
EFT:1.5731250871811277e-15,1.0235969799118207e-09,4.1946246191873777e-13,0.9999999540792174,1.4242668627870027e-14,9.65563239191398e-09,1.1394340680931563e-16,1.34320970159935e-11,1.0083268214701489e-08,2.514441745648223e-08
Random820
Raw:1.5731250871811054e-15,1.023596979911817e-09,4.1946246191873777e-13,0.9999999540792174,1.4242668627869976e-14,9.65563239191398e-09,1.1394340680931563e-16,1.3432097015993451e-11,1.0083268214701452e-08,2.514441745648214e-08
EFT:1.5731250871811277e-15,1.0235969799118207e-09,4.1946246191873777e-13,0.9999999540792174,1.4242668627870027e-14,9.65563239191398e-09,1.1394340680931563e-16,1.34320970159935e-11,1.0083268214701489e-08,2.514441745648223e-08
Random821
Raw:1.5731250871811277e-15,1.0235969799118207e-09,4.194624619187363e-13,0.9999999540792174,1.4242668627870027e-14,9.655632391914014e-09,1.1394340680931563e-16,1.3432097015993451e-11,1.0083268214701489e-08,2.514441745648223e-08
EFT:1.5731250871811277e-15,1.0235969799118207e-09,4.1946246191873777e-13,0.9999999540792174,1.4242668627870027e-14,9.65563239191398e-09,1.1394340680931563e-16,1.34320970159935e-11,1.0083268214701489e-08,2.514441745648223e-08
Random822
Raw:1.573125087181139e-15,1.023596979911817e-09,4.194624619187393e-13,0.9999999540792174,1.4242668627869976e-14,9.655632391913945e-09,1.1394340680931644e-16,1.34320970159935e-11,1.0083268214701525e-08,2.514441745648223e-08
EFT:1.5731250871811277e-15,1.0235969799118207e-09,4.1946246191873777e-13,0.9999999540792174,1.4242668627870027e-14,9.65563239191398e-09,1.1394340680931563e-16,1.34320970159935e-11,1.0083268214701489e-08,2.514441745648223e-08
Random823
Raw:1.5731250871811277e-15,1.023596979911817e-09,4.194624619187363e-13,0.9999999540792174,1.4242668627869875e-14,9.65563239191398e-09,1.1394340680931563e-16,1.3432097015993451e-11,1.0083268214701452e-08,2.514441745648205e-08
EFT:1.5731250871811277e-15,1.0235969799118207e-09,4.1946246191873777e-13,0.9999999540792174,1.4242668627870027e-14,9.65563239191398e-09,1.1394340680931563e-16,1.34320970159935e-11,1.0083268214701489e-08,2.514441745648223e-08
Random824
Raw:1.5731250871811054e-15,1.0235969799118135e-09,4.194624619187363e-13,0.9999999540792174,1.4242668627869976e-14,9.655632391913912e-09,1.1394340680931482e-16,1.34320970159935e-11,1.0083268214701381e-08,2.514441745648196e-08
EFT:1.5731250871811277e-15,1.0235969799118207e-09,4.1946246191873777e-13,0.9999999540792174,1.4242668627870077e-14,9.65563239191398e-09,1.1394340680931563e-16,1.34320970159935e-11,1.0083268214701489e-08,2.514441745648223e-08
Random825
Raw:1.5731250871811277e-15,1.0235969799118243e-09,4.1946246191874075e-13,0.9999999540792174,1.4242668627870077e-14,9.65563239191398e-09,1.1394340680931644e-16,1.3432097015993595e-11,1.0083268214701525e-08,2.5144417456482318e-08
EFT:1.5731250871811277e-15,1.0235969799118207e-09,4.1946246191873777e-13,0.9999999540792174,1.4242668627870077e-14,9.65563239191398e-09,1.1394340680931563e-16,1.34320970159935e-11,1.0083268214701489e-08,2.514441745648223e-08
Random826
Raw:1.5731250871811277e-15,1.0235969799118207e-09,4.194624619187393e-13,0.9999999540792174,1.4242668627869926e-14,9.655632391914014e-09,1.1394340680931563e-16,1.34320970159935e-11,1.0083268214701452e-08,2.514441745648214e-08
EFT:1.5731250871811277e-15,1.0235969799118207e-09,4.1946246191873777e-13,0.9999999540792174,1.4242668627870027e-14,9.65563239191398e-09,1.1394340680931563e-16,1.34320970159935e-11,1.0083268214701489e-08,2.514441745648223e-08
Random827
Raw:1.5731250871811167e-15,1.0235969799118207e-09,4.194624619187393e-13,0.9999999540792174,1.4242668627869976e-14,9.655632391913945e-09,1.1394340680931482e-16,1.34320970159935e-11,1.0083268214701418e-08,2.514441745648196e-08
EFT:1.5731250871811277e-15,1.0235969799118207e-09,4.1946246191873777e-13,0.9999999540792174,1.4242668627870027e-14,9.65563239191398e-09,1.1394340680931563e-16,1.34320970159935e-11,1.0083268214701489e-08,2.514441745648223e-08
Random828
Raw:1.5731250871811054e-15,1.0235969799118135e-09,4.194624619187348e-13,0.9999999540792174,1.4242668627869926e-14,9.655632391913945e-09,1.1394340680931482e-16,1.3432097015993451e-11,1.0083268214701381e-08,2.514441745648205e-08
EFT:1.5731250871811277e-15,1.0235969799118207e-09,4.1946246191873777e-13,0.9999999540792174,1.4242668627870027e-14,9.65563239191398e-09,1.1394340680931563e-16,1.34320970159935e-11,1.0083268214701489e-08,2.514441745648223e-08
Random829
Raw:1.5731250871811277e-15,1.023596979911817e-09,4.1946246191873777e-13,0.9999999540792174,1.4242668627870027e-14,9.655632391913945e-09,1.1394340680931482e-16,1.34320970159935e-11,1.0083268214701452e-08,2.514441745648214e-08
EFT:1.5731250871811277e-15,1.0235969799118207e-09,4.1946246191873777e-13,0.9999999540792174,1.4242668627870077e-14,9.65563239191398e-09,1.1394340680931563e-16,1.34320970159935e-11,1.0083268214701489e-08,2.514441745648223e-08
Random830
Raw:1.5731250871811277e-15,1.0235969799118207e-09,4.194624619187393e-13,0.9999999540792174,1.4242668627870077e-14,9.655632391914014e-09,1.1394340680931644e-16,1.3432097015993546e-11,1.0083268214701489e-08,2.514441745648214e-08
EFT:1.5731250871811277e-15,1.0235969799118207e-09,4.1946246191873777e-13,0.9999999540792174,1.4242668627870027e-14,9.65563239191398e-09,1.1394340680931563e-16,1.34320970159935e-11,1.0083268214701489e-08,2.514441745648223e-08
Random831
Raw:1.573125087181139e-15,1.023596979911817e-09,4.194624619187393e-13,0.9999999540792174,1.4242668627870027e-14,9.65563239191398e-09,1.1394340680931644e-16,1.3432097015993546e-11,1.0083268214701489e-08,2.514441745648223e-08
EFT:1.5731250871811277e-15,1.0235969799118207e-09,4.1946246191873777e-13,0.9999999540792174,1.4242668627870027e-14,9.65563239191398e-09,1.1394340680931563e-16,1.34320970159935e-11,1.0083268214701489e-08,2.514441745648223e-08
Random832
Raw:1.5731250871811277e-15,1.0235969799118207e-09,4.194624619187393e-13,0.9999999540792174,1.4242668627870077e-14,9.655632391914047e-09,1.1394340680931644e-16,1.34320970159935e-11,1.008326821470156e-08,2.5144417456482318e-08
EFT:1.5731250871811277e-15,1.0235969799118207e-09,4.1946246191873777e-13,0.9999999540792174,1.4242668627870027e-14,9.65563239191398e-09,1.1394340680931563e-16,1.34320970159935e-11,1.0083268214701489e-08,2.514441745648223e-08
Random833
Raw:1.5731250871811277e-15,1.0235969799118207e-09,4.194624619187363e-13,0.9999999540792174,1.4242668627870077e-14,9.655632391914014e-09,1.1394340680931563e-16,1.34320970159935e-11,1.0083268214701525e-08,2.514441745648223e-08
EFT:1.5731250871811277e-15,1.0235969799118207e-09,4.1946246191873777e-13,0.9999999540792174,1.4242668627870027e-14,9.65563239191398e-09,1.1394340680931563e-16,1.34320970159935e-11,1.0083268214701489e-08,2.514441745648223e-08
Random834
Raw:1.5731250871811277e-15,1.0235969799118243e-09,4.194624619187393e-13,0.9999999540792174,1.4242668627870077e-14,9.655632391914014e-09,1.1394340680931644e-16,1.3432097015993595e-11,1.008326821470156e-08,2.514441745648223e-08
EFT:1.5731250871811277e-15,1.0235969799118207e-09,4.1946246191873777e-13,0.9999999540792174,1.4242668627870027e-14,9.65563239191398e-09,1.1394340680931563e-16,1.34320970159935e-11,1.0083268214701489e-08,2.514441745648223e-08
Random835
Raw:1.5731250871811167e-15,1.0235969799118207e-09,4.194624619187363e-13,0.9999999540792174,1.4242668627869976e-14,9.655632391913945e-09,1.1394340680931563e-16,1.34320970159935e-11,1.0083268214701452e-08,2.514441745648196e-08
EFT:1.5731250871811277e-15,1.0235969799118207e-09,4.1946246191873777e-13,0.9999999540792174,1.4242668627870027e-14,9.65563239191398e-09,1.1394340680931563e-16,1.34320970159935e-11,1.0083268214701489e-08,2.514441745648223e-08
Random836
Raw:1.5731250871811054e-15,1.0235969799118135e-09,4.1946246191873777e-13,0.9999999540792174,1.4242668627869926e-14,9.655632391913912e-09,1.1394340680931482e-16,1.3432097015993404e-11,1.0083268214701381e-08,2.514441745648196e-08
EFT:1.5731250871811277e-15,1.0235969799118207e-09,4.1946246191873777e-13,0.9999999540792174,1.4242668627870027e-14,9.65563239191398e-09,1.1394340680931563e-16,1.34320970159935e-11,1.0083268214701489e-08,2.514441745648223e-08
Random837
Raw:1.5731250871811054e-15,1.0235969799118098e-09,4.1946246191873333e-13,0.9999999540792174,1.4242668627869875e-14,9.655632391913842e-09,1.1394340680931403e-16,1.3432097015993404e-11,1.0083268214701345e-08,2.514441745648187e-08
EFT:1.5731250871811277e-15,1.0235969799118207e-09,4.1946246191873777e-13,0.9999999540792174,1.4242668627870077e-14,9.65563239191398e-09,1.1394340680931563e-16,1.34320970159935e-11,1.0083268214701489e-08,2.514441745648223e-08
Random838
Raw:1.5731250871811277e-15,1.023596979911828e-09,4.194624619187393e-13,0.9999999540792174,1.4242668627870077e-14,9.655632391914082e-09,1.1394340680931644e-16,1.3432097015993595e-11,1.0083268214701525e-08,2.514441745648223e-08
EFT:1.5731250871811277e-15,1.0235969799118207e-09,4.1946246191873777e-13,0.9999999540792174,1.4242668627870027e-14,9.65563239191398e-09,1.1394340680931563e-16,1.34320970159935e-11,1.0083268214701489e-08,2.514441745648223e-08
Random839
Raw:1.5731250871811167e-15,1.0235969799118207e-09,4.194624619187393e-13,0.9999999540792174,1.4242668627870077e-14,9.655632391914014e-09,1.1394340680931644e-16,1.34320970159935e-11,1.0083268214701489e-08,2.514441745648223e-08
EFT:1.5731250871811277e-15,1.0235969799118207e-09,4.1946246191873777e-13,0.9999999540792174,1.4242668627870027e-14,9.65563239191398e-09,1.1394340680931563e-16,1.34320970159935e-11,1.0083268214701489e-08,2.514441745648223e-08
Random840
Raw:1.5731250871811277e-15,1.0235969799118243e-09,4.194624619187393e-13,0.9999999540792174,1.4242668627870027e-14,9.65563239191398e-09,1.1394340680931482e-16,1.34320970159935e-11,1.0083268214701489e-08,2.514441745648223e-08
EFT:1.5731250871811277e-15,1.0235969799118207e-09,4.1946246191873777e-13,0.9999999540792174,1.4242668627870027e-14,9.65563239191398e-09,1.1394340680931563e-16,1.34320970159935e-11,1.0083268214701489e-08,2.514441745648223e-08
Random841
Raw:1.5731250871811277e-15,1.0235969799118207e-09,4.194624619187393e-13,0.9999999540792174,1.4242668627869976e-14,9.655632391913945e-09,1.1394340680931563e-16,1.3432097015993546e-11,1.0083268214701525e-08,2.514441745648223e-08
EFT:1.5731250871811277e-15,1.0235969799118207e-09,4.1946246191873777e-13,0.9999999540792174,1.4242668627870077e-14,9.65563239191398e-09,1.1394340680931563e-16,1.34320970159935e-11,1.0083268214701489e-08,2.514441745648223e-08
Random842
Raw:1.5731250871811054e-15,1.023596979911817e-09,4.194624619187363e-13,0.9999999540792174,1.4242668627869976e-14,9.65563239191398e-09,1.1394340680931482e-16,1.34320970159935e-11,1.0083268214701452e-08,2.514441745648214e-08
EFT:1.5731250871811277e-15,1.0235969799118207e-09,4.1946246191873777e-13,0.9999999540792174,1.4242668627870077e-14,9.65563239191398e-09,1.1394340680931563e-16,1.34320970159935e-11,1.0083268214701489e-08,2.514441745648223e-08
Random843
Raw:1.5731250871811277e-15,1.0235969799118207e-09,4.1946246191874075e-13,0.9999999540792174,1.4242668627870027e-14,9.65563239191398e-09,1.1394340680931644e-16,1.3432097015993546e-11,1.0083268214701489e-08,2.514441745648214e-08
EFT:1.5731250871811277e-15,1.0235969799118207e-09,4.1946246191873777e-13,0.9999999540792174,1.4242668627870027e-14,9.65563239191398e-09,1.1394340680931563e-16,1.34320970159935e-11,1.0083268214701489e-08,2.514441745648223e-08
Random844
Raw:1.5731250871811277e-15,1.0235969799118207e-09,4.194624619187363e-13,0.9999999540792174,1.4242668627869976e-14,9.655632391914014e-09,1.1394340680931644e-16,1.34320970159935e-11,1.0083268214701489e-08,2.514441745648214e-08
EFT:1.5731250871811277e-15,1.0235969799118207e-09,4.1946246191873777e-13,0.9999999540792174,1.4242668627870027e-14,9.65563239191398e-09,1.1394340680931563e-16,1.34320970159935e-11,1.0083268214701489e-08,2.514441745648223e-08
Random845
Raw:1.5731250871811277e-15,1.0235969799118207e-09,4.194624619187393e-13,0.9999999540792174,1.4242668627869976e-14,9.655632391914047e-09,1.1394340680931644e-16,1.3432097015993546e-11,1.008326821470156e-08,2.5144417456482408e-08
EFT:1.5731250871811277e-15,1.0235969799118207e-09,4.1946246191873777e-13,0.9999999540792174,1.4242668627870027e-14,9.65563239191398e-09,1.1394340680931563e-16,1.34320970159935e-11,1.0083268214701489e-08,2.514441745648223e-08
Random846
Raw:1.5731250871811277e-15,1.0235969799118207e-09,4.194624619187363e-13,0.9999999540792174,1.4242668627870077e-14,9.655632391914014e-09,1.1394340680931482e-16,1.34320970159935e-11,1.0083268214701489e-08,2.514441745648223e-08
EFT:1.5731250871811277e-15,1.0235969799118207e-09,4.1946246191873777e-13,0.9999999540792174,1.4242668627870027e-14,9.65563239191398e-09,1.1394340680931563e-16,1.34320970159935e-11,1.0083268214701489e-08,2.514441745648223e-08
Random847
Raw:1.5731250871811277e-15,1.0235969799118135e-09,4.194624619187348e-13,0.9999999540792174,1.4242668627869976e-14,9.65563239191398e-09,1.1394340680931482e-16,1.34320970159935e-11,1.0083268214701452e-08,2.514441745648214e-08
EFT:1.5731250871811277e-15,1.0235969799118207e-09,4.1946246191873777e-13,0.9999999540792174,1.4242668627870027e-14,9.65563239191398e-09,1.1394340680931563e-16,1.34320970159935e-11,1.0083268214701489e-08,2.514441745648223e-08
Random848
Raw:1.5731250871811277e-15,1.023596979911828e-09,4.194624619187393e-13,0.9999999540792174,1.4242668627870077e-14,9.655632391914014e-09,1.1394340680931644e-16,1.3432097015993595e-11,1.0083268214701489e-08,2.514441745648214e-08
EFT:1.5731250871811277e-15,1.0235969799118207e-09,4.1946246191873777e-13,0.9999999540792174,1.4242668627870027e-14,9.65563239191398e-09,1.1394340680931563e-16,1.34320970159935e-11,1.0083268214701489e-08,2.514441745648223e-08
Random849
Raw:1.5731250871811277e-15,1.023596979911828e-09,4.1946246191873777e-13,0.9999999540792174,1.4242668627870077e-14,9.655632391914082e-09,1.1394340680931644e-16,1.3432097015993595e-11,1.0083268214701489e-08,2.514441745648223e-08
EFT:1.5731250871811277e-15,1.0235969799118207e-09,4.1946246191873777e-13,0.9999999540792174,1.4242668627870027e-14,9.65563239191398e-09,1.1394340680931563e-16,1.34320970159935e-11,1.0083268214701489e-08,2.514441745648223e-08
Random850
Raw:1.5731250871811054e-15,1.0235969799118135e-09,4.1946246191873333e-13,0.9999999540792174,1.4242668627869926e-14,9.655632391913912e-09,1.1394340680931482e-16,1.3432097015993404e-11,1.0083268214701418e-08,2.514441745648205e-08
EFT:1.5731250871811277e-15,1.0235969799118207e-09,4.1946246191873777e-13,0.9999999540792174,1.4242668627870027e-14,9.65563239191398e-09,1.1394340680931563e-16,1.34320970159935e-11,1.0083268214701489e-08,2.514441745648223e-08
Random851
Raw:1.5731250871811277e-15,1.0235969799118207e-09,4.194624619187393e-13,0.9999999540792174,1.4242668627869976e-14,9.65563239191398e-09,1.1394340680931482e-16,1.3432097015993546e-11,1.0083268214701489e-08,2.514441745648223e-08
EFT:1.5731250871811277e-15,1.0235969799118207e-09,4.1946246191873777e-13,0.9999999540792174,1.4242668627870027e-14,9.65563239191398e-09,1.1394340680931563e-16,1.34320970159935e-11,1.0083268214701489e-08,2.514441745648223e-08
Random852
Raw:1.5731250871811277e-15,1.023596979911817e-09,4.194624619187363e-13,0.9999999540792174,1.4242668627869976e-14,9.65563239191398e-09,1.1394340680931482e-16,1.34320970159935e-11,1.0083268214701418e-08,2.514441745648205e-08
EFT:1.5731250871811277e-15,1.0235969799118207e-09,4.1946246191873777e-13,0.9999999540792174,1.4242668627870027e-14,9.65563239191398e-09,1.1394340680931563e-16,1.34320970159935e-11,1.0083268214701489e-08,2.514441745648223e-08
Random853
Raw:1.5731250871811277e-15,1.0235969799118207e-09,4.194624619187363e-13,0.9999999540792174,1.4242668627869976e-14,9.65563239191398e-09,1.1394340680931563e-16,1.34320970159935e-11,1.0083268214701418e-08,2.514441745648205e-08
EFT:1.5731250871811277e-15,1.0235969799118207e-09,4.1946246191873777e-13,0.9999999540792174,1.4242668627870027e-14,9.65563239191398e-09,1.1394340680931563e-16,1.34320970159935e-11,1.0083268214701489e-08,2.514441745648223e-08
Random854
Raw:1.5731250871811277e-15,1.0235969799118135e-09,4.194624619187348e-13,0.9999999540792174,1.4242668627869875e-14,9.655632391913912e-09,1.1394340680931482e-16,1.3432097015993451e-11,1.0083268214701418e-08,2.514441745648205e-08
EFT:1.5731250871811277e-15,1.0235969799118207e-09,4.1946246191873777e-13,0.9999999540792174,1.4242668627870027e-14,9.65563239191398e-09,1.1394340680931563e-16,1.34320970159935e-11,1.0083268214701489e-08,2.514441745648223e-08
Random855
Raw:1.5731250871811277e-15,1.0235969799118207e-09,4.194624619187393e-13,0.9999999540792174,1.4242668627869926e-14,9.65563239191398e-09,1.1394340680931644e-16,1.3432097015993546e-11,1.0083268214701489e-08,2.514441745648214e-08
EFT:1.5731250871811277e-15,1.0235969799118207e-09,4.1946246191873777e-13,0.9999999540792174,1.4242668627870027e-14,9.65563239191398e-09,1.1394340680931563e-16,1.34320970159935e-11,1.0083268214701489e-08,2.514441745648223e-08
Random856
Raw:1.5731250871811277e-15,1.023596979911817e-09,4.194624619187363e-13,0.9999999540792174,1.4242668627869976e-14,9.655632391913945e-09,1.1394340680931482e-16,1.34320970159935e-11,1.0083268214701452e-08,2.514441745648205e-08
EFT:1.5731250871811277e-15,1.0235969799118207e-09,4.1946246191873777e-13,0.9999999540792174,1.4242668627870027e-14,9.65563239191398e-09,1.1394340680931563e-16,1.34320970159935e-11,1.0083268214701489e-08,2.514441745648223e-08
Random857
Raw:1.5731250871811277e-15,1.023596979911817e-09,4.1946246191874075e-13,0.9999999540792174,1.4242668627870027e-14,9.65563239191398e-09,1.1394340680931644e-16,1.3432097015993546e-11,1.0083268214701489e-08,2.514441745648223e-08
EFT:1.5731250871811277e-15,1.0235969799118207e-09,4.1946246191873777e-13,0.9999999540792174,1.4242668627870027e-14,9.65563239191398e-09,1.1394340680931563e-16,1.34320970159935e-11,1.0083268214701489e-08,2.514441745648223e-08
Random858
Raw:1.5731250871811167e-15,1.023596979911817e-09,4.1946246191873777e-13,0.9999999540792174,1.4242668627869875e-14,9.655632391913945e-09,1.1394340680931482e-16,1.34320970159935e-11,1.0083268214701418e-08,2.514441745648205e-08
EFT:1.5731250871811277e-15,1.0235969799118207e-09,4.1946246191873777e-13,0.9999999540792174,1.4242668627870027e-14,9.65563239191398e-09,1.1394340680931563e-16,1.34320970159935e-11,1.0083268214701489e-08,2.514441745648223e-08
Random859
Raw:1.5731250871811277e-15,1.0235969799118135e-09,4.194624619187363e-13,0.9999999540792174,1.4242668627869976e-14,9.655632391913945e-09,1.1394340680931482e-16,1.3432097015993404e-11,1.0083268214701489e-08,2.514441745648214e-08
EFT:1.5731250871811277e-15,1.0235969799118207e-09,4.1946246191873777e-13,0.9999999540792174,1.4242668627870027e-14,9.65563239191398e-09,1.1394340680931563e-16,1.34320970159935e-11,1.0083268214701489e-08,2.514441745648223e-08
Random860
Raw:1.573125087181139e-15,1.0235969799118207e-09,4.194624619187393e-13,0.9999999540792174,1.4242668627870077e-14,9.655632391914047e-09,1.1394340680931644e-16,1.34320970159935e-11,1.008326821470156e-08,2.5144417456482318e-08
EFT:1.5731250871811277e-15,1.0235969799118207e-09,4.1946246191873777e-13,0.9999999540792174,1.4242668627870027e-14,9.65563239191398e-09,1.1394340680931563e-16,1.34320970159935e-11,1.0083268214701489e-08,2.514441745648223e-08
Random861
Raw:1.5731250871811277e-15,1.0235969799118243e-09,4.194624619187393e-13,0.9999999540792174,1.4242668627870077e-14,9.655632391914014e-09,1.1394340680931644e-16,1.3432097015993546e-11,1.008326821470156e-08,2.5144417456482318e-08
EFT:1.5731250871811277e-15,1.0235969799118207e-09,4.1946246191873777e-13,0.9999999540792174,1.4242668627870077e-14,9.65563239191398e-09,1.1394340680931563e-16,1.34320970159935e-11,1.0083268214701489e-08,2.514441745648223e-08
Random862
Raw:1.5731250871811054e-15,1.023596979911817e-09,4.194624619187363e-13,0.9999999540792174,1.4242668627869875e-14,9.655632391913877e-09,1.1394340680931482e-16,1.34320970159935e-11,1.0083268214701381e-08,2.514441745648187e-08
EFT:1.5731250871811277e-15,1.0235969799118207e-09,4.1946246191873777e-13,0.9999999540792174,1.4242668627870077e-14,9.65563239191398e-09,1.1394340680931563e-16,1.34320970159935e-11,1.0083268214701489e-08,2.514441745648223e-08
Random863
Raw:1.5731250871811277e-15,1.0235969799118207e-09,4.194624619187393e-13,0.9999999540792174,1.4242668627870077e-14,9.65563239191398e-09,1.1394340680931644e-16,1.34320970159935e-11,1.0083268214701489e-08,2.514441745648214e-08
EFT:1.5731250871811277e-15,1.0235969799118207e-09,4.1946246191873777e-13,0.9999999540792174,1.4242668627870027e-14,9.65563239191398e-09,1.1394340680931563e-16,1.34320970159935e-11,1.0083268214701489e-08,2.514441745648223e-08
Random864
Raw:1.5731250871811277e-15,1.023596979911828e-09,4.1946246191874226e-13,0.9999999540792174,1.4242668627870077e-14,9.655632391914014e-09,1.1394340680931644e-16,1.3432097015993546e-11,1.0083268214701525e-08,2.514441745648214e-08
EFT:1.5731250871811277e-15,1.0235969799118207e-09,4.1946246191873777e-13,0.9999999540792174,1.4242668627870027e-14,9.65563239191398e-09,1.1394340680931563e-16,1.34320970159935e-11,1.0083268214701489e-08,2.514441745648223e-08
Random865
Raw:1.5731250871811277e-15,1.0235969799118243e-09,4.194624619187393e-13,0.9999999540792174,1.4242668627869976e-14,9.655632391914082e-09,1.1394340680931644e-16,1.3432097015993546e-11,1.008326821470156e-08,2.514441745648223e-08
EFT:1.5731250871811277e-15,1.0235969799118207e-09,4.1946246191873777e-13,0.9999999540792174,1.4242668627870077e-14,9.65563239191398e-09,1.1394340680931563e-16,1.34320970159935e-11,1.0083268214701489e-08,2.514441745648223e-08
Random866
Raw:1.5731250871811502e-15,1.023596979911828e-09,4.1946246191874226e-13,0.9999999540792174,1.4242668627870077e-14,9.655632391914047e-09,1.1394340680931726e-16,1.3432097015993595e-11,1.0083268214701596e-08,2.5144417456482318e-08
EFT:1.5731250871811277e-15,1.0235969799118207e-09,4.1946246191873777e-13,0.9999999540792174,1.4242668627870077e-14,9.65563239191398e-09,1.1394340680931563e-16,1.34320970159935e-11,1.0083268214701489e-08,2.514441745648223e-08
Random867
Raw:1.5731250871811277e-15,1.0235969799118207e-09,4.194624619187363e-13,0.9999999540792174,1.4242668627869976e-14,9.65563239191398e-09,1.1394340680931563e-16,1.34320970159935e-11,1.0083268214701452e-08,2.514441745648205e-08
EFT:1.5731250871811277e-15,1.0235969799118207e-09,4.1946246191873777e-13,0.9999999540792174,1.4242668627870027e-14,9.65563239191398e-09,1.1394340680931563e-16,1.34320970159935e-11,1.0083268214701489e-08,2.514441745648223e-08
Random868
Raw:1.5731250871811167e-15,1.0235969799118243e-09,4.1946246191874226e-13,0.9999999540792174,1.4242668627869976e-14,9.655632391913945e-09,1.1394340680931482e-16,1.3432097015993595e-11,1.0083268214701489e-08,2.514441745648214e-08
EFT:1.5731250871811277e-15,1.0235969799118207e-09,4.1946246191873777e-13,0.9999999540792174,1.4242668627870027e-14,9.65563239191398e-09,1.1394340680931563e-16,1.34320970159935e-11,1.0083268214701489e-08,2.514441745648223e-08
Random869
Raw:1.5731250871811167e-15,1.0235969799118207e-09,4.194624619187393e-13,0.9999999540792174,1.4242668627869976e-14,9.655632391913945e-09,1.1394340680931563e-16,1.34320970159935e-11,1.0083268214701452e-08,2.514441745648205e-08
EFT:1.5731250871811277e-15,1.0235969799118207e-09,4.1946246191873777e-13,0.9999999540792174,1.4242668627870077e-14,9.65563239191398e-09,1.1394340680931563e-16,1.34320970159935e-11,1.0083268214701489e-08,2.514441745648223e-08
Random870
Raw:1.5731250871811167e-15,1.0235969799118135e-09,4.1946246191873777e-13,0.9999999540792174,1.4242668627869875e-14,9.655632391913945e-09,1.1394340680931482e-16,1.34320970159935e-11,1.0083268214701452e-08,2.514441745648205e-08
EFT:1.5731250871811277e-15,1.0235969799118207e-09,4.1946246191873777e-13,0.9999999540792174,1.4242668627870027e-14,9.65563239191398e-09,1.1394340680931563e-16,1.34320970159935e-11,1.0083268214701489e-08,2.514441745648223e-08
Random871
Raw:1.5731250871811167e-15,1.023596979911817e-09,4.194624619187363e-13,0.9999999540792174,1.4242668627869926e-14,9.655632391913912e-09,1.1394340680931482e-16,1.34320970159935e-11,1.0083268214701418e-08,2.514441745648196e-08
EFT:1.5731250871811277e-15,1.0235969799118207e-09,4.1946246191873777e-13,0.9999999540792174,1.4242668627870077e-14,9.65563239191398e-09,1.1394340680931563e-16,1.34320970159935e-11,1.0083268214701489e-08,2.514441745648223e-08
Random872
Raw:1.5731250871811277e-15,1.0235969799118135e-09,4.194624619187363e-13,0.9999999540792174,1.4242668627869926e-14,9.655632391913945e-09,1.1394340680931482e-16,1.34320970159935e-11,1.0083268214701489e-08,2.514441745648205e-08
EFT:1.5731250871811277e-15,1.0235969799118207e-09,4.1946246191873777e-13,0.9999999540792174,1.4242668627870077e-14,9.65563239191398e-09,1.1394340680931563e-16,1.34320970159935e-11,1.0083268214701489e-08,2.514441745648223e-08
Random873
Raw:1.5731250871811277e-15,1.0235969799118135e-09,4.194624619187363e-13,0.9999999540792174,1.4242668627869976e-14,9.655632391913945e-09,1.1394340680931563e-16,1.3432097015993451e-11,1.0083268214701489e-08,2.514441745648214e-08
EFT:1.5731250871811277e-15,1.0235969799118207e-09,4.1946246191873777e-13,0.9999999540792174,1.4242668627870027e-14,9.65563239191398e-09,1.1394340680931563e-16,1.34320970159935e-11,1.0083268214701489e-08,2.514441745648223e-08
Random874
Raw:1.5731250871811167e-15,1.023596979911817e-09,4.1946246191873777e-13,0.9999999540792174,1.4242668627869976e-14,9.655632391913945e-09,1.1394340680931563e-16,1.3432097015993451e-11,1.0083268214701452e-08,2.514441745648205e-08
EFT:1.5731250871811277e-15,1.0235969799118207e-09,4.1946246191873777e-13,0.9999999540792174,1.4242668627870027e-14,9.65563239191398e-09,1.1394340680931563e-16,1.34320970159935e-11,1.0083268214701489e-08,2.514441745648223e-08
Random875
Raw:1.5731250871811167e-15,1.0235969799118135e-09,4.1946246191873333e-13,0.9999999540792174,1.4242668627869926e-14,9.655632391913945e-09,1.1394340680931563e-16,1.3432097015993404e-11,1.0083268214701418e-08,2.514441745648205e-08
EFT:1.5731250871811277e-15,1.0235969799118207e-09,4.1946246191873777e-13,0.9999999540792174,1.4242668627870077e-14,9.65563239191398e-09,1.1394340680931563e-16,1.34320970159935e-11,1.0083268214701489e-08,2.514441745648223e-08
Random876
Raw:1.5731250871811167e-15,1.023596979911817e-09,4.194624619187363e-13,0.9999999540792174,1.4242668627869976e-14,9.655632391913912e-09,1.1394340680931482e-16,1.34320970159935e-11,1.0083268214701418e-08,2.514441745648205e-08
EFT:1.5731250871811277e-15,1.0235969799118207e-09,4.1946246191873777e-13,0.9999999540792174,1.4242668627870027e-14,9.65563239191398e-09,1.1394340680931563e-16,1.34320970159935e-11,1.0083268214701489e-08,2.514441745648223e-08
Random877
Raw:1.5731250871811277e-15,1.0235969799118207e-09,4.194624619187393e-13,0.9999999540792174,1.4242668627869926e-14,9.65563239191398e-09,1.1394340680931563e-16,1.3432097015993546e-11,1.0083268214701452e-08,2.514441745648214e-08
EFT:1.5731250871811277e-15,1.0235969799118207e-09,4.1946246191873777e-13,0.9999999540792174,1.4242668627870077e-14,9.65563239191398e-09,1.1394340680931563e-16,1.34320970159935e-11,1.0083268214701489e-08,2.514441745648223e-08
Random878
Raw:1.5731250871811277e-15,1.023596979911817e-09,4.1946246191873777e-13,0.9999999540792174,1.4242668627869976e-14,9.655632391914014e-09,1.1394340680931482e-16,1.34320970159935e-11,1.0083268214701525e-08,2.514441745648214e-08
EFT:1.5731250871811277e-15,1.0235969799118207e-09,4.1946246191873777e-13,0.9999999540792174,1.4242668627870077e-14,9.65563239191398e-09,1.1394340680931563e-16,1.34320970159935e-11,1.0083268214701489e-08,2.514441745648223e-08
Random879
Raw:1.5731250871811167e-15,1.0235969799118135e-09,4.194624619187363e-13,0.9999999540792174,1.4242668627869976e-14,9.655632391913912e-09,1.1394340680931482e-16,1.3432097015993451e-11,1.0083268214701418e-08,2.514441745648196e-08
EFT:1.5731250871811277e-15,1.0235969799118207e-09,4.1946246191873777e-13,0.9999999540792174,1.4242668627870027e-14,9.65563239191398e-09,1.1394340680931563e-16,1.34320970159935e-11,1.0083268214701489e-08,2.514441745648223e-08
Random880
Raw:1.5731250871811167e-15,1.0235969799118207e-09,4.194624619187393e-13,0.9999999540792174,1.4242668627870027e-14,9.65563239191398e-09,1.1394340680931644e-16,1.3432097015993546e-11,1.0083268214701452e-08,2.514441745648214e-08
EFT:1.5731250871811277e-15,1.0235969799118207e-09,4.1946246191873777e-13,0.9999999540792174,1.4242668627870027e-14,9.65563239191398e-09,1.1394340680931563e-16,1.34320970159935e-11,1.0083268214701489e-08,2.514441745648223e-08
Random881
Raw:1.5731250871811167e-15,1.0235969799118135e-09,4.1946246191873333e-13,0.9999999540792174,1.4242668627869926e-14,9.655632391913945e-09,1.1394340680931482e-16,1.3432097015993404e-11,1.0083268214701418e-08,2.514441745648205e-08
EFT:1.5731250871811277e-15,1.0235969799118207e-09,4.1946246191873777e-13,0.9999999540792174,1.4242668627870027e-14,9.65563239191398e-09,1.1394340680931563e-16,1.34320970159935e-11,1.0083268214701489e-08,2.514441745648223e-08
Random882
Raw:1.5731250871811167e-15,1.023596979911817e-09,4.1946246191873777e-13,0.9999999540792174,1.4242668627869875e-14,9.65563239191398e-09,1.1394340680931563e-16,1.3432097015993451e-11,1.0083268214701418e-08,2.514441745648205e-08
EFT:1.5731250871811277e-15,1.0235969799118207e-09,4.1946246191873777e-13,0.9999999540792174,1.4242668627870027e-14,9.65563239191398e-09,1.1394340680931563e-16,1.34320970159935e-11,1.0083268214701489e-08,2.514441745648223e-08
Random883
Raw:1.5731250871811054e-15,1.0235969799118135e-09,4.194624619187363e-13,0.9999999540792174,1.4242668627869774e-14,9.655632391913877e-09,1.1394340680931482e-16,1.3432097015993451e-11,1.0083268214701418e-08,2.514441745648187e-08
EFT:1.5731250871811277e-15,1.0235969799118207e-09,4.1946246191873777e-13,0.9999999540792174,1.4242668627870027e-14,9.65563239191398e-09,1.1394340680931563e-16,1.34320970159935e-11,1.0083268214701489e-08,2.514441745648223e-08
Random884
Raw:1.573125087181139e-15,1.023596979911828e-09,4.194624619187393e-13,0.9999999540792174,1.4242668627870077e-14,9.655632391914047e-09,1.1394340680931644e-16,1.3432097015993595e-11,1.0083268214701525e-08,2.5144417456482318e-08
EFT:1.5731250871811277e-15,1.0235969799118207e-09,4.1946246191873777e-13,0.9999999540792174,1.4242668627870027e-14,9.65563239191398e-09,1.1394340680931563e-16,1.34320970159935e-11,1.0083268214701489e-08,2.514441745648223e-08
Random885
Raw:1.5731250871811277e-15,1.0235969799118243e-09,4.1946246191874226e-13,0.9999999540792174,1.4242668627869976e-14,9.655632391914014e-09,1.1394340680931644e-16,1.3432097015993595e-11,1.0083268214701525e-08,2.514441745648223e-08
EFT:1.5731250871811277e-15,1.0235969799118207e-09,4.1946246191873777e-13,0.9999999540792174,1.4242668627870077e-14,9.65563239191398e-09,1.1394340680931563e-16,1.34320970159935e-11,1.0083268214701489e-08,2.514441745648223e-08
Random886
Raw:1.5731250871811167e-15,1.0235969799118135e-09,4.1946246191873333e-13,0.9999999540792174,1.4242668627869976e-14,9.65563239191398e-09,1.1394340680931482e-16,1.3432097015993404e-11,1.0083268214701452e-08,2.514441745648214e-08
EFT:1.5731250871811277e-15,1.0235969799118207e-09,4.1946246191873777e-13,0.9999999540792174,1.4242668627870027e-14,9.65563239191398e-09,1.1394340680931563e-16,1.34320970159935e-11,1.0083268214701489e-08,2.514441745648223e-08
Random887
Raw:1.5731250871811277e-15,1.0235969799118207e-09,4.194624619187393e-13,0.9999999540792174,1.4242668627870077e-14,9.65563239191398e-09,1.1394340680931644e-16,1.3432097015993546e-11,1.0083268214701525e-08,2.514441745648214e-08
EFT:1.5731250871811277e-15,1.0235969799118207e-09,4.1946246191873777e-13,0.9999999540792174,1.4242668627870027e-14,9.65563239191398e-09,1.1394340680931563e-16,1.34320970159935e-11,1.0083268214701489e-08,2.514441745648223e-08
Random888
Raw:1.5731250871811277e-15,1.0235969799118207e-09,4.194624619187393e-13,0.9999999540792174,1.4242668627869976e-14,9.65563239191398e-09,1.1394340680931644e-16,1.34320970159935e-11,1.0083268214701489e-08,2.514441745648223e-08
EFT:1.5731250871811277e-15,1.0235969799118207e-09,4.1946246191873777e-13,0.9999999540792174,1.4242668627870077e-14,9.65563239191398e-09,1.1394340680931563e-16,1.34320970159935e-11,1.0083268214701489e-08,2.514441745648223e-08
Random889
Raw:1.5731250871811277e-15,1.023596979911817e-09,4.194624619187363e-13,0.9999999540792174,1.4242668627869976e-14,9.655632391913945e-09,1.1394340680931482e-16,1.3432097015993451e-11,1.0083268214701452e-08,2.514441745648205e-08
EFT:1.5731250871811277e-15,1.0235969799118207e-09,4.1946246191873777e-13,0.9999999540792174,1.4242668627870027e-14,9.65563239191398e-09,1.1394340680931563e-16,1.34320970159935e-11,1.0083268214701489e-08,2.514441745648223e-08
Random890
Raw:1.5731250871811277e-15,1.023596979911828e-09,4.1946246191874075e-13,0.9999999540792174,1.4242668627870077e-14,9.655632391914014e-09,1.1394340680931644e-16,1.3432097015993595e-11,1.0083268214701489e-08,2.514441745648223e-08
EFT:1.5731250871811277e-15,1.0235969799118207e-09,4.1946246191873777e-13,0.9999999540792174,1.4242668627870077e-14,9.65563239191398e-09,1.1394340680931563e-16,1.34320970159935e-11,1.0083268214701489e-08,2.514441745648223e-08
Random891
Raw:1.5731250871811277e-15,1.023596979911817e-09,4.194624619187393e-13,0.9999999540792174,1.4242668627869976e-14,9.655632391913945e-09,1.1394340680931482e-16,1.34320970159935e-11,1.0083268214701418e-08,2.514441745648205e-08
EFT:1.5731250871811277e-15,1.0235969799118207e-09,4.1946246191873777e-13,0.9999999540792174,1.4242668627870027e-14,9.65563239191398e-09,1.1394340680931563e-16,1.34320970159935e-11,1.0083268214701489e-08,2.514441745648223e-08
Random892
Raw:1.5731250871811277e-15,1.0235969799118207e-09,4.194624619187393e-13,0.9999999540792174,1.4242668627869976e-14,9.655632391913945e-09,1.1394340680931644e-16,1.34320970159935e-11,1.0083268214701489e-08,2.514441745648223e-08
EFT:1.5731250871811277e-15,1.0235969799118207e-09,4.1946246191873777e-13,0.9999999540792174,1.4242668627870027e-14,9.65563239191398e-09,1.1394340680931563e-16,1.34320970159935e-11,1.0083268214701489e-08,2.514441745648223e-08
Random893
Raw:1.5731250871811167e-15,1.023596979911817e-09,4.194624619187363e-13,0.9999999540792174,1.4242668627869976e-14,9.65563239191398e-09,1.1394340680931563e-16,1.34320970159935e-11,1.0083268214701418e-08,2.514441745648205e-08
EFT:1.5731250871811277e-15,1.0235969799118207e-09,4.1946246191873777e-13,0.9999999540792174,1.4242668627870027e-14,9.65563239191398e-09,1.1394340680931563e-16,1.34320970159935e-11,1.0083268214701489e-08,2.514441745648223e-08
Random894
Raw:1.5731250871811277e-15,1.023596979911817e-09,4.194624619187363e-13,0.9999999540792174,1.4242668627869976e-14,9.65563239191398e-09,1.1394340680931563e-16,1.3432097015993451e-11,1.0083268214701452e-08,2.514441745648214e-08
EFT:1.5731250871811277e-15,1.0235969799118207e-09,4.1946246191873777e-13,0.9999999540792174,1.4242668627870027e-14,9.65563239191398e-09,1.1394340680931563e-16,1.34320970159935e-11,1.0083268214701489e-08,2.514441745648223e-08
Random895
Raw:1.5731250871811167e-15,1.023596979911817e-09,4.194624619187363e-13,0.9999999540792174,1.4242668627869976e-14,9.65563239191398e-09,1.1394340680931563e-16,1.3432097015993451e-11,1.0083268214701452e-08,2.514441745648214e-08
EFT:1.5731250871811277e-15,1.0235969799118207e-09,4.1946246191873777e-13,0.9999999540792174,1.4242668627870077e-14,9.65563239191398e-09,1.1394340680931563e-16,1.34320970159935e-11,1.0083268214701489e-08,2.514441745648223e-08
Random896
Raw:1.5731250871811167e-15,1.0235969799118135e-09,4.194624619187363e-13,0.9999999540792174,1.4242668627869875e-14,9.655632391913912e-09,1.1394340680931563e-16,1.3432097015993404e-11,1.0083268214701418e-08,2.514441745648196e-08
EFT:1.5731250871811277e-15,1.0235969799118207e-09,4.1946246191873777e-13,0.9999999540792174,1.4242668627870027e-14,9.65563239191398e-09,1.1394340680931563e-16,1.34320970159935e-11,1.0083268214701489e-08,2.514441745648223e-08
Random897
Raw:1.5731250871811277e-15,1.0235969799118207e-09,4.194624619187393e-13,0.9999999540792174,1.4242668627870077e-14,9.65563239191398e-09,1.1394340680931563e-16,1.3432097015993546e-11,1.0083268214701489e-08,2.514441745648223e-08
EFT:1.5731250871811277e-15,1.0235969799118207e-09,4.1946246191873777e-13,0.9999999540792174,1.4242668627870027e-14,9.65563239191398e-09,1.1394340680931563e-16,1.34320970159935e-11,1.0083268214701489e-08,2.514441745648223e-08
Random898
Raw:1.5731250871811277e-15,1.0235969799118207e-09,4.194624619187393e-13,0.9999999540792174,1.4242668627869976e-14,9.655632391914014e-09,1.1394340680931644e-16,1.34320970159935e-11,1.0083268214701489e-08,2.514441745648223e-08
EFT:1.5731250871811277e-15,1.0235969799118207e-09,4.1946246191873777e-13,0.9999999540792174,1.4242668627870027e-14,9.65563239191398e-09,1.1394340680931563e-16,1.34320970159935e-11,1.0083268214701489e-08,2.514441745648223e-08
Random899
Raw:1.573125087181139e-15,1.0235969799118243e-09,4.1946246191874075e-13,0.9999999540792174,1.4242668627870077e-14,9.655632391914047e-09,1.1394340680931644e-16,1.3432097015993546e-11,1.0083268214701525e-08,2.5144417456482318e-08
EFT:1.5731250871811277e-15,1.0235969799118207e-09,4.1946246191873777e-13,0.9999999540792174,1.4242668627870027e-14,9.65563239191398e-09,1.1394340680931563e-16,1.34320970159935e-11,1.0083268214701489e-08,2.514441745648223e-08
Random900
Raw:1.5731250871811277e-15,1.0235969799118243e-09,4.194624619187393e-13,0.9999999540792174,1.4242668627870128e-14,9.65563239191398e-09,1.1394340680931644e-16,1.3432097015993595e-11,1.0083268214701525e-08,2.514441745648223e-08
EFT:1.5731250871811277e-15,1.0235969799118207e-09,4.1946246191873777e-13,0.9999999540792174,1.4242668627870027e-14,9.65563239191398e-09,1.1394340680931563e-16,1.34320970159935e-11,1.0083268214701489e-08,2.514441745648223e-08
Random901
Raw:1.5731250871811277e-15,1.0235969799118207e-09,4.1946246191874226e-13,0.9999999540792174,1.4242668627870027e-14,9.655632391914014e-09,1.1394340680931644e-16,1.3432097015993546e-11,1.0083268214701489e-08,2.514441745648214e-08
EFT:1.5731250871811277e-15,1.0235969799118207e-09,4.1946246191873777e-13,0.9999999540792174,1.4242668627870027e-14,9.65563239191398e-09,1.1394340680931563e-16,1.34320970159935e-11,1.0083268214701489e-08,2.514441745648223e-08
Random902
Raw:1.5731250871811054e-15,1.0235969799118098e-09,4.1946246191873333e-13,0.9999999540792174,1.4242668627869875e-14,9.655632391913877e-09,1.1394340680931403e-16,1.3432097015993404e-11,1.0083268214701345e-08,2.514441745648187e-08
EFT:1.5731250871811277e-15,1.0235969799118207e-09,4.1946246191873777e-13,0.9999999540792174,1.4242668627870027e-14,9.65563239191398e-09,1.1394340680931563e-16,1.34320970159935e-11,1.0083268214701489e-08,2.514441745648223e-08
Random903
Raw:1.5731250871811277e-15,1.0235969799118207e-09,4.194624619187393e-13,0.9999999540792174,1.4242668627869926e-14,9.65563239191398e-09,1.1394340680931644e-16,1.34320970159935e-11,1.0083268214701525e-08,2.514441745648214e-08
EFT:1.5731250871811277e-15,1.0235969799118207e-09,4.1946246191873777e-13,0.9999999540792174,1.4242668627870077e-14,9.65563239191398e-09,1.1394340680931563e-16,1.34320970159935e-11,1.0083268214701489e-08,2.514441745648223e-08
Random904
Raw:1.5731250871811054e-15,1.0235969799118135e-09,4.194624619187348e-13,0.9999999540792174,1.4242668627869976e-14,9.655632391913912e-09,1.1394340680931482e-16,1.34320970159935e-11,1.0083268214701418e-08,2.514441745648196e-08
EFT:1.5731250871811277e-15,1.0235969799118207e-09,4.1946246191873777e-13,0.9999999540792174,1.4242668627870027e-14,9.65563239191398e-09,1.1394340680931563e-16,1.34320970159935e-11,1.0083268214701489e-08,2.514441745648223e-08
Random905
Raw:1.5731250871811167e-15,1.023596979911817e-09,4.194624619187393e-13,0.9999999540792174,1.4242668627869976e-14,9.655632391913945e-09,1.1394340680931563e-16,1.34320970159935e-11,1.0083268214701452e-08,2.514441745648205e-08
EFT:1.5731250871811277e-15,1.0235969799118207e-09,4.1946246191873777e-13,0.9999999540792174,1.4242668627870027e-14,9.65563239191398e-09,1.1394340680931563e-16,1.34320970159935e-11,1.0083268214701489e-08,2.514441745648223e-08
Random906
Raw:1.5731250871811277e-15,1.0235969799118207e-09,4.1946246191874226e-13,0.9999999540792174,1.4242668627869976e-14,9.655632391914014e-09,1.1394340680931644e-16,1.3432097015993546e-11,1.0083268214701525e-08,2.514441745648223e-08
EFT:1.5731250871811277e-15,1.0235969799118207e-09,4.1946246191873777e-13,0.9999999540792174,1.4242668627870027e-14,9.65563239191398e-09,1.1394340680931563e-16,1.34320970159935e-11,1.0083268214701489e-08,2.514441745648223e-08
Random907
Raw:1.5731250871811167e-15,1.0235969799118135e-09,4.194624619187363e-13,0.9999999540792174,1.4242668627869976e-14,9.655632391913945e-09,1.1394340680931563e-16,1.3432097015993404e-11,1.0083268214701418e-08,2.514441745648187e-08
EFT:1.5731250871811277e-15,1.0235969799118207e-09,4.1946246191873777e-13,0.9999999540792174,1.4242668627870027e-14,9.65563239191398e-09,1.1394340680931563e-16,1.34320970159935e-11,1.0083268214701489e-08,2.514441745648223e-08
Random908
Raw:1.5731250871811277e-15,1.0235969799118207e-09,4.194624619187393e-13,0.9999999540792174,1.4242668627869976e-14,9.65563239191398e-09,1.1394340680931644e-16,1.3432097015993451e-11,1.0083268214701525e-08,2.514441745648223e-08
EFT:1.5731250871811277e-15,1.0235969799118207e-09,4.1946246191873777e-13,0.9999999540792174,1.4242668627870027e-14,9.65563239191398e-09,1.1394340680931563e-16,1.34320970159935e-11,1.0083268214701489e-08,2.514441745648223e-08
Random909
Raw:1.5731250871811277e-15,1.023596979911817e-09,4.194624619187363e-13,0.9999999540792174,1.4242668627869976e-14,9.655632391913912e-09,1.1394340680931563e-16,1.34320970159935e-11,1.0083268214701418e-08,2.514441745648214e-08
EFT:1.5731250871811277e-15,1.0235969799118207e-09,4.1946246191873777e-13,0.9999999540792174,1.4242668627870027e-14,9.65563239191398e-09,1.1394340680931563e-16,1.34320970159935e-11,1.0083268214701489e-08,2.514441745648223e-08
Random910
Raw:1.5731250871811167e-15,1.023596979911817e-09,4.194624619187348e-13,0.9999999540792174,1.4242668627869976e-14,9.65563239191398e-09,1.1394340680931482e-16,1.34320970159935e-11,1.0083268214701452e-08,2.514441745648214e-08
EFT:1.5731250871811277e-15,1.0235969799118207e-09,4.1946246191873777e-13,0.9999999540792174,1.4242668627870027e-14,9.65563239191398e-09,1.1394340680931563e-16,1.34320970159935e-11,1.0083268214701489e-08,2.514441745648223e-08
Random911
Raw:1.5731250871811277e-15,1.0235969799118207e-09,4.194624619187363e-13,0.9999999540792174,1.4242668627870077e-14,9.65563239191398e-09,1.1394340680931644e-16,1.34320970159935e-11,1.0083268214701489e-08,2.514441745648223e-08
EFT:1.5731250871811277e-15,1.0235969799118207e-09,4.1946246191873777e-13,0.9999999540792174,1.4242668627870027e-14,9.65563239191398e-09,1.1394340680931563e-16,1.34320970159935e-11,1.0083268214701489e-08,2.514441745648223e-08
Random912
Raw:1.5731250871811277e-15,1.0235969799118207e-09,4.194624619187393e-13,0.9999999540792174,1.4242668627869976e-14,9.65563239191398e-09,1.1394340680931644e-16,1.3432097015993546e-11,1.0083268214701489e-08,2.514441745648223e-08
EFT:1.5731250871811277e-15,1.0235969799118207e-09,4.1946246191873777e-13,0.9999999540792174,1.4242668627870027e-14,9.65563239191398e-09,1.1394340680931563e-16,1.34320970159935e-11,1.0083268214701489e-08,2.514441745648223e-08
Random913
Raw:1.5731250871811277e-15,1.023596979911817e-09,4.1946246191873777e-13,0.9999999540792174,1.4242668627869976e-14,9.655632391913945e-09,1.1394340680931482e-16,1.34320970159935e-11,1.0083268214701489e-08,2.514441745648205e-08
EFT:1.5731250871811277e-15,1.0235969799118207e-09,4.1946246191873777e-13,0.9999999540792174,1.4242668627870027e-14,9.65563239191398e-09,1.1394340680931563e-16,1.34320970159935e-11,1.0083268214701489e-08,2.514441745648223e-08
Random914
Raw:1.5731250871811277e-15,1.0235969799118243e-09,4.194624619187393e-13,0.9999999540792174,1.4242668627870077e-14,9.655632391914014e-09,1.1394340680931726e-16,1.3432097015993595e-11,1.0083268214701525e-08,2.514441745648223e-08
EFT:1.5731250871811277e-15,1.0235969799118207e-09,4.1946246191873777e-13,0.9999999540792174,1.4242668627870027e-14,9.65563239191398e-09,1.1394340680931563e-16,1.34320970159935e-11,1.0083268214701489e-08,2.514441745648223e-08
Random915
Raw:1.5731250871811277e-15,1.0235969799118243e-09,4.194624619187393e-13,0.9999999540792174,1.4242668627870077e-14,9.655632391914014e-09,1.1394340680931644e-16,1.3432097015993546e-11,1.0083268214701525e-08,2.514441745648223e-08
EFT:1.5731250871811277e-15,1.0235969799118207e-09,4.1946246191873777e-13,0.9999999540792174,1.4242668627870077e-14,9.65563239191398e-09,1.1394340680931563e-16,1.34320970159935e-11,1.0083268214701489e-08,2.514441745648223e-08
Random916
Raw:1.5731250871811277e-15,1.0235969799118207e-09,4.194624619187363e-13,0.9999999540792174,1.4242668627869976e-14,9.655632391914014e-09,1.1394340680931563e-16,1.34320970159935e-11,1.0083268214701489e-08,2.514441745648223e-08
EFT:1.5731250871811277e-15,1.0235969799118207e-09,4.1946246191873777e-13,0.9999999540792174,1.4242668627870027e-14,9.65563239191398e-09,1.1394340680931563e-16,1.34320970159935e-11,1.0083268214701489e-08,2.514441745648223e-08
Random917
Raw:1.5731250871811277e-15,1.023596979911817e-09,4.194624619187363e-13,0.9999999540792174,1.4242668627870027e-14,9.655632391913945e-09,1.1394340680931644e-16,1.3432097015993451e-11,1.0083268214701452e-08,2.514441745648205e-08
EFT:1.5731250871811277e-15,1.0235969799118207e-09,4.1946246191873777e-13,0.9999999540792174,1.4242668627870027e-14,9.65563239191398e-09,1.1394340680931563e-16,1.34320970159935e-11,1.0083268214701489e-08,2.514441745648223e-08
Random918
Raw:1.5731250871811277e-15,1.0235969799118207e-09,4.194624619187393e-13,0.9999999540792174,1.4242668627870077e-14,9.65563239191398e-09,1.1394340680931563e-16,1.3432097015993595e-11,1.0083268214701489e-08,2.514441745648205e-08
EFT:1.5731250871811277e-15,1.0235969799118207e-09,4.1946246191873777e-13,0.9999999540792174,1.4242668627870027e-14,9.65563239191398e-09,1.1394340680931563e-16,1.34320970159935e-11,1.0083268214701489e-08,2.514441745648223e-08
Random919
Raw:1.5731250871811277e-15,1.0235969799118207e-09,4.1946246191874075e-13,0.9999999540792174,1.4242668627870077e-14,9.65563239191398e-09,1.1394340680931563e-16,1.3432097015993595e-11,1.0083268214701525e-08,2.5144417456482318e-08
EFT:1.5731250871811277e-15,1.0235969799118207e-09,4.1946246191873777e-13,0.9999999540792174,1.4242668627870077e-14,9.65563239191398e-09,1.1394340680931563e-16,1.34320970159935e-11,1.0083268214701489e-08,2.514441745648223e-08
Random920
Raw:1.573125087181139e-15,1.0235969799118243e-09,4.194624619187393e-13,0.9999999540792174,1.4242668627870077e-14,9.655632391914014e-09,1.1394340680931563e-16,1.3432097015993595e-11,1.0083268214701525e-08,2.5144417456482318e-08
EFT:1.5731250871811277e-15,1.0235969799118207e-09,4.1946246191873777e-13,0.9999999540792174,1.4242668627870077e-14,9.65563239191398e-09,1.1394340680931563e-16,1.34320970159935e-11,1.0083268214701489e-08,2.514441745648223e-08
Random921
Raw:1.5731250871811277e-15,1.0235969799118243e-09,4.194624619187393e-13,0.9999999540792174,1.4242668627870077e-14,9.655632391914014e-09,1.1394340680931644e-16,1.3432097015993595e-11,1.0083268214701525e-08,2.514441745648223e-08
EFT:1.5731250871811277e-15,1.0235969799118207e-09,4.1946246191873777e-13,0.9999999540792174,1.4242668627870077e-14,9.65563239191398e-09,1.1394340680931563e-16,1.34320970159935e-11,1.0083268214701489e-08,2.514441745648223e-08
Random922
Raw:1.5731250871810942e-15,1.023596979911817e-09,4.194624619187363e-13,0.9999999540792174,1.4242668627869976e-14,9.655632391914014e-09,1.1394340680931482e-16,1.3432097015993451e-11,1.0083268214701452e-08,2.514441745648214e-08
EFT:1.5731250871811277e-15,1.0235969799118207e-09,4.1946246191873777e-13,0.9999999540792174,1.4242668627870027e-14,9.65563239191398e-09,1.1394340680931563e-16,1.34320970159935e-11,1.0083268214701489e-08,2.514441745648223e-08
Random923
Raw:1.5731250871811277e-15,1.0235969799118207e-09,4.194624619187393e-13,0.9999999540792174,1.4242668627870077e-14,9.655632391913945e-09,1.1394340680931644e-16,1.3432097015993546e-11,1.0083268214701489e-08,2.514441745648214e-08
EFT:1.5731250871811277e-15,1.0235969799118207e-09,4.1946246191873777e-13,0.9999999540792174,1.4242668627870027e-14,9.65563239191398e-09,1.1394340680931563e-16,1.34320970159935e-11,1.0083268214701489e-08,2.514441745648223e-08
Random924
Raw:1.5731250871811277e-15,1.0235969799118207e-09,4.194624619187393e-13,0.9999999540792174,1.4242668627870077e-14,9.65563239191398e-09,1.1394340680931644e-16,1.3432097015993546e-11,1.0083268214701489e-08,2.514441745648214e-08
EFT:1.5731250871811277e-15,1.0235969799118207e-09,4.1946246191873777e-13,0.9999999540792174,1.4242668627870027e-14,9.65563239191398e-09,1.1394340680931563e-16,1.34320970159935e-11,1.0083268214701489e-08,2.514441745648223e-08
Random925
Raw:1.5731250871811277e-15,1.023596979911817e-09,4.1946246191873777e-13,0.9999999540792174,1.4242668627869976e-14,9.655632391913945e-09,1.1394340680931482e-16,1.34320970159935e-11,1.0083268214701418e-08,2.514441745648196e-08
EFT:1.5731250871811277e-15,1.0235969799118207e-09,4.1946246191873777e-13,0.9999999540792174,1.4242668627870027e-14,9.65563239191398e-09,1.1394340680931563e-16,1.34320970159935e-11,1.0083268214701489e-08,2.514441745648223e-08
Random926
Raw:1.5731250871811167e-15,1.0235969799118135e-09,4.194624619187363e-13,0.9999999540792174,1.4242668627869875e-14,9.655632391913912e-09,1.1394340680931563e-16,1.3432097015993451e-11,1.0083268214701418e-08,2.514441745648196e-08
EFT:1.5731250871811277e-15,1.0235969799118207e-09,4.1946246191873777e-13,0.9999999540792174,1.4242668627870027e-14,9.65563239191398e-09,1.1394340680931563e-16,1.34320970159935e-11,1.0083268214701489e-08,2.514441745648223e-08
Random927
Raw:1.5731250871811054e-15,1.023596979911817e-09,4.194624619187363e-13,0.9999999540792174,1.4242668627869926e-14,9.655632391913945e-09,1.1394340680931482e-16,1.3432097015993451e-11,1.0083268214701381e-08,2.514441745648196e-08
EFT:1.5731250871811277e-15,1.0235969799118207e-09,4.1946246191873777e-13,0.9999999540792174,1.4242668627870027e-14,9.65563239191398e-09,1.1394340680931563e-16,1.34320970159935e-11,1.0083268214701489e-08,2.514441745648223e-08
Random928
Raw:1.5731250871811277e-15,1.0235969799118243e-09,4.194624619187393e-13,0.9999999540792174,1.4242668627870027e-14,9.655632391914014e-09,1.1394340680931644e-16,1.3432097015993595e-11,1.0083268214701525e-08,2.514441745648223e-08
EFT:1.5731250871811277e-15,1.0235969799118207e-09,4.1946246191873777e-13,0.9999999540792174,1.4242668627870027e-14,9.65563239191398e-09,1.1394340680931563e-16,1.34320970159935e-11,1.0083268214701489e-08,2.514441745648223e-08
Random929
Raw:1.5731250871811277e-15,1.0235969799118207e-09,4.194624619187363e-13,0.9999999540792174,1.4242668627869976e-14,9.655632391913945e-09,1.1394340680931644e-16,1.34320970159935e-11,1.0083268214701489e-08,2.5144417456482318e-08
EFT:1.5731250871811277e-15,1.0235969799118207e-09,4.1946246191873777e-13,0.9999999540792174,1.4242668627870027e-14,9.65563239191398e-09,1.1394340680931563e-16,1.34320970159935e-11,1.0083268214701489e-08,2.514441745648223e-08
Random930
Raw:1.573125087181139e-15,1.0235969799118243e-09,4.1946246191874226e-13,0.9999999540792174,1.4242668627870077e-14,9.655632391914014e-09,1.1394340680931644e-16,1.3432097015993595e-11,1.008326821470156e-08,2.514441745648223e-08
EFT:1.5731250871811277e-15,1.0235969799118207e-09,4.1946246191873777e-13,0.9999999540792174,1.4242668627870027e-14,9.65563239191398e-09,1.1394340680931563e-16,1.34320970159935e-11,1.0083268214701489e-08,2.514441745648223e-08
Random931
Raw:1.5731250871811277e-15,1.023596979911817e-09,4.194624619187363e-13,0.9999999540792174,1.4242668627870077e-14,9.65563239191398e-09,1.1394340680931563e-16,1.3432097015993546e-11,1.0083268214701489e-08,2.514441745648223e-08
EFT:1.5731250871811277e-15,1.0235969799118207e-09,4.1946246191873777e-13,0.9999999540792174,1.4242668627870027e-14,9.65563239191398e-09,1.1394340680931563e-16,1.34320970159935e-11,1.0083268214701489e-08,2.514441745648223e-08
Random932
Raw:1.5731250871811054e-15,1.023596979911817e-09,4.1946246191873333e-13,0.9999999540792174,1.4242668627869875e-14,9.655632391913912e-09,1.1394340680931482e-16,1.3432097015993404e-11,1.0083268214701418e-08,2.514441745648196e-08
EFT:1.5731250871811277e-15,1.0235969799118207e-09,4.1946246191873777e-13,0.9999999540792174,1.4242668627870077e-14,9.65563239191398e-09,1.1394340680931563e-16,1.34320970159935e-11,1.0083268214701489e-08,2.514441745648223e-08
Random933
Raw:1.5731250871811277e-15,1.023596979911817e-09,4.194624619187363e-13,0.9999999540792174,1.4242668627870077e-14,9.65563239191398e-09,1.1394340680931482e-16,1.3432097015993451e-11,1.0083268214701525e-08,2.514441745648223e-08
EFT:1.5731250871811277e-15,1.0235969799118207e-09,4.1946246191873777e-13,0.9999999540792174,1.4242668627870027e-14,9.65563239191398e-09,1.1394340680931563e-16,1.34320970159935e-11,1.0083268214701489e-08,2.514441745648223e-08
Random934
Raw:1.5731250871811167e-15,1.023596979911817e-09,4.194624619187363e-13,0.9999999540792174,1.4242668627869926e-14,9.65563239191398e-09,1.1394340680931482e-16,1.3432097015993451e-11,1.0083268214701452e-08,2.514441745648214e-08
EFT:1.5731250871811277e-15,1.0235969799118207e-09,4.1946246191873777e-13,0.9999999540792174,1.4242668627870027e-14,9.65563239191398e-09,1.1394340680931563e-16,1.34320970159935e-11,1.0083268214701489e-08,2.514441745648223e-08
Random935
Raw:1.573125087181139e-15,1.0235969799118243e-09,4.1946246191874226e-13,0.9999999540792174,1.4242668627870178e-14,9.655632391914047e-09,1.1394340680931644e-16,1.3432097015993595e-11,1.0083268214701596e-08,2.5144417456482318e-08
EFT:1.5731250871811277e-15,1.0235969799118207e-09,4.1946246191873777e-13,0.9999999540792174,1.4242668627870077e-14,9.65563239191398e-09,1.1394340680931563e-16,1.34320970159935e-11,1.0083268214701489e-08,2.514441745648223e-08
Random936
Raw:1.5731250871811277e-15,1.023596979911817e-09,4.194624619187363e-13,0.9999999540792174,1.4242668627869976e-14,9.655632391913945e-09,1.1394340680931563e-16,1.3432097015993451e-11,1.0083268214701489e-08,2.514441745648214e-08
EFT:1.5731250871811277e-15,1.0235969799118207e-09,4.1946246191873777e-13,0.9999999540792174,1.4242668627870027e-14,9.65563239191398e-09,1.1394340680931563e-16,1.34320970159935e-11,1.0083268214701489e-08,2.514441745648223e-08
Random937
Raw:1.5731250871811277e-15,1.0235969799118243e-09,4.194624619187393e-13,0.9999999540792174,1.4242668627870027e-14,9.65563239191398e-09,1.1394340680931644e-16,1.34320970159935e-11,1.0083268214701525e-08,2.5144417456482318e-08
EFT:1.5731250871811277e-15,1.0235969799118207e-09,4.1946246191873777e-13,0.9999999540792174,1.4242668627870077e-14,9.65563239191398e-09,1.1394340680931563e-16,1.34320970159935e-11,1.0083268214701489e-08,2.514441745648223e-08
Random938
Raw:1.5731250871811054e-15,1.023596979911817e-09,4.194624619187363e-13,0.9999999540792174,1.4242668627869926e-14,9.655632391913945e-09,1.1394340680931482e-16,1.3432097015993451e-11,1.0083268214701452e-08,2.514441745648205e-08
EFT:1.5731250871811277e-15,1.0235969799118207e-09,4.1946246191873777e-13,0.9999999540792174,1.4242668627870027e-14,9.65563239191398e-09,1.1394340680931563e-16,1.34320970159935e-11,1.0083268214701489e-08,2.514441745648223e-08
Random939
Raw:1.5731250871811277e-15,1.0235969799118207e-09,4.194624619187363e-13,0.9999999540792174,1.4242668627870077e-14,9.655632391914047e-09,1.1394340680931644e-16,1.34320970159935e-11,1.0083268214701489e-08,2.514441745648223e-08
EFT:1.5731250871811277e-15,1.0235969799118207e-09,4.1946246191873777e-13,0.9999999540792174,1.4242668627870077e-14,9.65563239191398e-09,1.1394340680931563e-16,1.34320970159935e-11,1.0083268214701489e-08,2.514441745648223e-08
Random940
Raw:1.5731250871811277e-15,1.0235969799118207e-09,4.1946246191873777e-13,0.9999999540792174,1.4242668627870077e-14,9.655632391914014e-09,1.1394340680931644e-16,1.34320970159935e-11,1.0083268214701489e-08,2.514441745648223e-08
EFT:1.5731250871811277e-15,1.0235969799118207e-09,4.1946246191873777e-13,0.9999999540792174,1.4242668627870077e-14,9.65563239191398e-09,1.1394340680931563e-16,1.34320970159935e-11,1.0083268214701489e-08,2.514441745648223e-08
Random941
Raw:1.5731250871811277e-15,1.023596979911817e-09,4.194624619187393e-13,0.9999999540792174,1.4242668627869926e-14,9.65563239191398e-09,1.1394340680931482e-16,1.3432097015993451e-11,1.0083268214701452e-08,2.514441745648214e-08
EFT:1.5731250871811277e-15,1.0235969799118207e-09,4.1946246191873777e-13,0.9999999540792174,1.4242668627870027e-14,9.65563239191398e-09,1.1394340680931563e-16,1.34320970159935e-11,1.0083268214701489e-08,2.514441745648223e-08
Random942
Raw:1.5731250871811277e-15,1.0235969799118207e-09,4.194624619187363e-13,0.9999999540792174,1.4242668627870077e-14,9.65563239191398e-09,1.1394340680931563e-16,1.34320970159935e-11,1.0083268214701489e-08,2.514441745648223e-08
EFT:1.5731250871811277e-15,1.0235969799118207e-09,4.1946246191873777e-13,0.9999999540792174,1.4242668627870027e-14,9.65563239191398e-09,1.1394340680931563e-16,1.34320970159935e-11,1.0083268214701489e-08,2.514441745648223e-08
Random943
Raw:1.5731250871811054e-15,1.023596979911817e-09,4.194624619187363e-13,0.9999999540792174,1.4242668627869875e-14,9.65563239191398e-09,1.1394340680931563e-16,1.3432097015993451e-11,1.0083268214701452e-08,2.514441745648205e-08
EFT:1.5731250871811277e-15,1.0235969799118207e-09,4.1946246191873777e-13,0.9999999540792174,1.4242668627870077e-14,9.65563239191398e-09,1.1394340680931563e-16,1.34320970159935e-11,1.0083268214701489e-08,2.514441745648223e-08
Random944
Raw:1.5731250871811277e-15,1.0235969799118207e-09,4.194624619187363e-13,0.9999999540792174,1.4242668627869926e-14,9.655632391913945e-09,1.1394340680931482e-16,1.34320970159935e-11,1.0083268214701452e-08,2.514441745648205e-08
EFT:1.5731250871811277e-15,1.0235969799118207e-09,4.1946246191873777e-13,0.9999999540792174,1.4242668627870077e-14,9.65563239191398e-09,1.1394340680931563e-16,1.34320970159935e-11,1.0083268214701489e-08,2.514441745648223e-08
Random945
Raw:1.5731250871811277e-15,1.0235969799118135e-09,4.194624619187363e-13,0.9999999540792174,1.4242668627869976e-14,9.655632391913945e-09,1.1394340680931482e-16,1.3432097015993451e-11,1.0083268214701489e-08,2.514441745648214e-08
EFT:1.5731250871811277e-15,1.0235969799118207e-09,4.1946246191873777e-13,0.9999999540792174,1.4242668627870027e-14,9.65563239191398e-09,1.1394340680931563e-16,1.34320970159935e-11,1.0083268214701489e-08,2.514441745648223e-08
Random946
Raw:1.5731250871811277e-15,1.023596979911817e-09,4.194624619187363e-13,0.9999999540792174,1.4242668627869976e-14,9.655632391914014e-09,1.1394340680931563e-16,1.34320970159935e-11,1.0083268214701525e-08,2.514441745648223e-08
EFT:1.5731250871811277e-15,1.0235969799118207e-09,4.1946246191873777e-13,0.9999999540792174,1.4242668627870027e-14,9.65563239191398e-09,1.1394340680931563e-16,1.34320970159935e-11,1.0083268214701489e-08,2.514441745648223e-08
Random947
Raw:1.5731250871811277e-15,1.023596979911817e-09,4.194624619187363e-13,0.9999999540792174,1.4242668627869875e-14,9.65563239191398e-09,1.1394340680931482e-16,1.3432097015993451e-11,1.0083268214701418e-08,2.514441745648205e-08
EFT:1.5731250871811277e-15,1.0235969799118207e-09,4.1946246191873777e-13,0.9999999540792174,1.4242668627870077e-14,9.65563239191398e-09,1.1394340680931563e-16,1.34320970159935e-11,1.0083268214701489e-08,2.514441745648223e-08
Random948
Raw:1.5731250871811277e-15,1.0235969799118207e-09,4.1946246191873777e-13,0.9999999540792174,1.4242668627870128e-14,9.655632391914047e-09,1.1394340680931644e-16,1.3432097015993546e-11,1.0083268214701525e-08,2.5144417456482408e-08
EFT:1.5731250871811277e-15,1.0235969799118207e-09,4.1946246191873777e-13,0.9999999540792174,1.4242668627870027e-14,9.65563239191398e-09,1.1394340680931563e-16,1.34320970159935e-11,1.0083268214701489e-08,2.514441745648223e-08
Random949
Raw:1.5731250871811277e-15,1.0235969799118207e-09,4.194624619187393e-13,0.9999999540792174,1.4242668627870077e-14,9.655632391914014e-09,1.1394340680931563e-16,1.3432097015993595e-11,1.008326821470156e-08,2.514441745648223e-08
EFT:1.5731250871811277e-15,1.0235969799118207e-09,4.1946246191873777e-13,0.9999999540792174,1.4242668627870027e-14,9.65563239191398e-09,1.1394340680931563e-16,1.34320970159935e-11,1.0083268214701489e-08,2.514441745648223e-08
Random950
Raw:1.5731250871811277e-15,1.0235969799118207e-09,4.1946246191874226e-13,0.9999999540792174,1.4242668627869976e-14,9.65563239191398e-09,1.1394340680931563e-16,1.34320970159935e-11,1.0083268214701489e-08,2.514441745648214e-08
EFT:1.5731250871811277e-15,1.0235969799118207e-09,4.1946246191873777e-13,0.9999999540792174,1.4242668627870027e-14,9.65563239191398e-09,1.1394340680931563e-16,1.34320970159935e-11,1.0083268214701489e-08,2.514441745648223e-08
Random951
Raw:1.5731250871811167e-15,1.0235969799118207e-09,4.194624619187363e-13,0.9999999540792174,1.4242668627870077e-14,9.655632391914014e-09,1.1394340680931563e-16,1.34320970159935e-11,1.0083268214701489e-08,2.514441745648223e-08
EFT:1.5731250871811277e-15,1.0235969799118207e-09,4.1946246191873777e-13,0.9999999540792174,1.4242668627870027e-14,9.65563239191398e-09,1.1394340680931563e-16,1.34320970159935e-11,1.0083268214701489e-08,2.514441745648223e-08
Random952
Raw:1.5731250871811277e-15,1.0235969799118135e-09,4.194624619187363e-13,0.9999999540792174,1.4242668627869976e-14,9.65563239191398e-09,1.1394340680931563e-16,1.3432097015993451e-11,1.0083268214701452e-08,2.514441745648214e-08
EFT:1.5731250871811277e-15,1.0235969799118207e-09,4.1946246191873777e-13,0.9999999540792174,1.4242668627870027e-14,9.65563239191398e-09,1.1394340680931563e-16,1.34320970159935e-11,1.0083268214701489e-08,2.514441745648223e-08
Random953
Raw:1.5731250871811054e-15,1.0235969799118135e-09,4.194624619187363e-13,0.9999999540792174,1.4242668627869926e-14,9.65563239191398e-09,1.1394340680931482e-16,1.3432097015993451e-11,1.0083268214701381e-08,2.514441745648196e-08
EFT:1.5731250871811277e-15,1.0235969799118207e-09,4.1946246191873777e-13,0.9999999540792174,1.4242668627870027e-14,9.65563239191398e-09,1.1394340680931563e-16,1.34320970159935e-11,1.0083268214701489e-08,2.514441745648223e-08
Random954
Raw:1.5731250871811277e-15,1.023596979911828e-09,4.1946246191874226e-13,0.9999999540792174,1.4242668627869976e-14,9.655632391914014e-09,1.1394340680931644e-16,1.3432097015993595e-11,1.0083268214701525e-08,2.514441745648214e-08
EFT:1.5731250871811277e-15,1.0235969799118207e-09,4.1946246191873777e-13,0.9999999540792174,1.4242668627870027e-14,9.65563239191398e-09,1.1394340680931563e-16,1.34320970159935e-11,1.0083268214701489e-08,2.514441745648223e-08
Random955
Raw:1.5731250871811167e-15,1.023596979911817e-09,4.194624619187363e-13,0.9999999540792174,1.4242668627869976e-14,9.655632391913912e-09,1.1394340680931563e-16,1.34320970159935e-11,1.0083268214701452e-08,2.514441745648205e-08
EFT:1.5731250871811277e-15,1.0235969799118207e-09,4.1946246191873777e-13,0.9999999540792174,1.4242668627870077e-14,9.65563239191398e-09,1.1394340680931563e-16,1.34320970159935e-11,1.0083268214701489e-08,2.514441745648223e-08
Random956
Raw:1.5731250871811277e-15,1.023596979911817e-09,4.194624619187393e-13,0.9999999540792174,1.4242668627870027e-14,9.655632391914014e-09,1.1394340680931563e-16,1.3432097015993546e-11,1.0083268214701489e-08,2.514441745648223e-08
EFT:1.5731250871811277e-15,1.0235969799118207e-09,4.1946246191873777e-13,0.9999999540792174,1.4242668627870027e-14,9.65563239191398e-09,1.1394340680931563e-16,1.34320970159935e-11,1.0083268214701489e-08,2.514441745648223e-08
Random957
Raw:1.5731250871811167e-15,1.0235969799118135e-09,4.194624619187348e-13,0.9999999540792174,1.4242668627870027e-14,9.655632391913945e-09,1.1394340680931482e-16,1.3432097015993451e-11,1.0083268214701489e-08,2.514441745648223e-08
EFT:1.5731250871811277e-15,1.0235969799118207e-09,4.1946246191873777e-13,0.9999999540792174,1.4242668627870027e-14,9.65563239191398e-09,1.1394340680931563e-16,1.34320970159935e-11,1.0083268214701489e-08,2.514441745648223e-08
Random958
Raw:1.5731250871811054e-15,1.0235969799118135e-09,4.194624619187348e-13,0.9999999540792174,1.4242668627869875e-14,9.655632391913912e-09,1.1394340680931482e-16,1.3432097015993404e-11,1.0083268214701452e-08,2.514441745648214e-08
EFT:1.5731250871811277e-15,1.0235969799118207e-09,4.1946246191873777e-13,0.9999999540792174,1.4242668627870027e-14,9.65563239191398e-09,1.1394340680931563e-16,1.34320970159935e-11,1.0083268214701489e-08,2.514441745648223e-08
Random959
Raw:1.5731250871811277e-15,1.0235969799118207e-09,4.194624619187393e-13,0.9999999540792174,1.4242668627869976e-14,9.655632391913945e-09,1.1394340680931482e-16,1.34320970159935e-11,1.0083268214701452e-08,2.514441745648205e-08
EFT:1.5731250871811277e-15,1.0235969799118207e-09,4.1946246191873777e-13,0.9999999540792174,1.4242668627870027e-14,9.65563239191398e-09,1.1394340680931563e-16,1.34320970159935e-11,1.0083268214701489e-08,2.514441745648223e-08
Random960
Raw:1.5731250871811054e-15,1.0235969799118135e-09,4.1946246191873333e-13,0.9999999540792174,1.4242668627869976e-14,9.655632391913945e-09,1.1394340680931482e-16,1.3432097015993451e-11,1.0083268214701381e-08,2.514441745648196e-08
EFT:1.5731250871811277e-15,1.0235969799118207e-09,4.1946246191873777e-13,0.9999999540792174,1.4242668627870027e-14,9.65563239191398e-09,1.1394340680931563e-16,1.34320970159935e-11,1.0083268214701489e-08,2.514441745648223e-08
Random961
Raw:1.5731250871811167e-15,1.023596979911817e-09,4.1946246191873333e-13,0.9999999540792174,1.4242668627869976e-14,9.65563239191398e-09,1.1394340680931482e-16,1.3432097015993404e-11,1.0083268214701452e-08,2.514441745648214e-08
EFT:1.5731250871811277e-15,1.0235969799118207e-09,4.1946246191873777e-13,0.9999999540792174,1.4242668627870077e-14,9.65563239191398e-09,1.1394340680931563e-16,1.34320970159935e-11,1.0083268214701489e-08,2.514441745648223e-08
Random962
Raw:1.5731250871811277e-15,1.0235969799118207e-09,4.1946246191873777e-13,0.9999999540792174,1.4242668627869976e-14,9.655632391914047e-09,1.1394340680931644e-16,1.34320970159935e-11,1.0083268214701489e-08,2.514441745648223e-08
EFT:1.5731250871811277e-15,1.0235969799118207e-09,4.1946246191873777e-13,0.9999999540792174,1.4242668627870027e-14,9.65563239191398e-09,1.1394340680931563e-16,1.34320970159935e-11,1.0083268214701489e-08,2.514441745648223e-08
Random963
Raw:1.5731250871811167e-15,1.023596979911817e-09,4.194624619187363e-13,0.9999999540792174,1.4242668627869875e-14,9.65563239191398e-09,1.1394340680931482e-16,1.3432097015993451e-11,1.0083268214701452e-08,2.514441745648205e-08
EFT:1.5731250871811277e-15,1.0235969799118207e-09,4.1946246191873777e-13,0.9999999540792174,1.4242668627870027e-14,9.65563239191398e-09,1.1394340680931563e-16,1.34320970159935e-11,1.0083268214701489e-08,2.514441745648223e-08
Random964
Raw:1.5731250871811167e-15,1.0235969799118135e-09,4.194624619187363e-13,0.9999999540792174,1.4242668627869875e-14,9.655632391913912e-09,1.1394340680931482e-16,1.3432097015993451e-11,1.0083268214701418e-08,2.514441745648196e-08
EFT:1.5731250871811277e-15,1.0235969799118207e-09,4.1946246191873777e-13,0.9999999540792174,1.4242668627870027e-14,9.65563239191398e-09,1.1394340680931563e-16,1.34320970159935e-11,1.0083268214701489e-08,2.514441745648223e-08
Random965
Raw:1.5731250871811277e-15,1.023596979911817e-09,4.194624619187363e-13,0.9999999540792174,1.4242668627870077e-14,9.65563239191398e-09,1.1394340680931644e-16,1.3432097015993451e-11,1.0083268214701525e-08,2.514441745648223e-08
EFT:1.5731250871811277e-15,1.0235969799118207e-09,4.1946246191873777e-13,0.9999999540792174,1.4242668627870027e-14,9.65563239191398e-09,1.1394340680931563e-16,1.34320970159935e-11,1.0083268214701489e-08,2.514441745648223e-08
Random966
Raw:1.5731250871811277e-15,1.0235969799118207e-09,4.194624619187393e-13,0.9999999540792174,1.4242668627870027e-14,9.655632391914014e-09,1.1394340680931644e-16,1.34320970159935e-11,1.0083268214701489e-08,2.514441745648214e-08
EFT:1.5731250871811277e-15,1.0235969799118207e-09,4.1946246191873777e-13,0.9999999540792174,1.4242668627870077e-14,9.65563239191398e-09,1.1394340680931563e-16,1.34320970159935e-11,1.0083268214701489e-08,2.514441745648223e-08
Random967
Raw:1.5731250871811502e-15,1.0235969799118207e-09,4.194624619187393e-13,0.9999999540792174,1.4242668627869976e-14,9.655632391914014e-09,1.1394340680931644e-16,1.34320970159935e-11,1.0083268214701489e-08,2.514441745648214e-08
EFT:1.5731250871811277e-15,1.0235969799118207e-09,4.1946246191873777e-13,0.9999999540792174,1.4242668627870027e-14,9.65563239191398e-09,1.1394340680931563e-16,1.34320970159935e-11,1.0083268214701489e-08,2.514441745648223e-08
Random968
Raw:1.5731250871811277e-15,1.0235969799118243e-09,4.194624619187393e-13,0.9999999540792174,1.4242668627870027e-14,9.655632391913945e-09,1.1394340680931644e-16,1.3432097015993546e-11,1.0083268214701489e-08,2.514441745648214e-08
EFT:1.5731250871811277e-15,1.0235969799118207e-09,4.1946246191873777e-13,0.9999999540792174,1.4242668627870027e-14,9.65563239191398e-09,1.1394340680931563e-16,1.34320970159935e-11,1.0083268214701489e-08,2.514441745648223e-08
Random969
Raw:1.5731250871811277e-15,1.023596979911817e-09,4.194624619187363e-13,0.9999999540792174,1.4242668627869976e-14,9.655632391913912e-09,1.1394340680931644e-16,1.34320970159935e-11,1.0083268214701452e-08,2.514441745648205e-08
EFT:1.5731250871811277e-15,1.0235969799118207e-09,4.1946246191873777e-13,0.9999999540792174,1.4242668627870027e-14,9.65563239191398e-09,1.1394340680931563e-16,1.34320970159935e-11,1.0083268214701489e-08,2.514441745648223e-08
Random970
Raw:1.5731250871811277e-15,1.0235969799118243e-09,4.194624619187393e-13,0.9999999540792174,1.4242668627870077e-14,9.655632391914014e-09,1.1394340680931482e-16,1.3432097015993546e-11,1.0083268214701489e-08,2.514441745648223e-08
EFT:1.5731250871811277e-15,1.0235969799118207e-09,4.1946246191873777e-13,0.9999999540792174,1.4242668627870027e-14,9.65563239191398e-09,1.1394340680931563e-16,1.34320970159935e-11,1.0083268214701489e-08,2.514441745648223e-08
Random971
Raw:1.573125087181139e-15,1.0235969799118243e-09,4.1946246191874226e-13,0.9999999540792174,1.4242668627870077e-14,9.655632391914047e-09,1.1394340680931644e-16,1.34320970159935e-11,1.008326821470156e-08,2.5144417456482408e-08
EFT:1.5731250871811277e-15,1.0235969799118207e-09,4.1946246191873777e-13,0.9999999540792174,1.4242668627870077e-14,9.65563239191398e-09,1.1394340680931563e-16,1.34320970159935e-11,1.0083268214701489e-08,2.514441745648223e-08
Random972
Raw:1.5731250871811277e-15,1.0235969799118207e-09,4.194624619187393e-13,0.9999999540792174,1.4242668627870077e-14,9.65563239191398e-09,1.1394340680931644e-16,1.34320970159935e-11,1.0083268214701489e-08,2.514441745648214e-08
EFT:1.5731250871811277e-15,1.0235969799118207e-09,4.1946246191873777e-13,0.9999999540792174,1.4242668627870077e-14,9.65563239191398e-09,1.1394340680931563e-16,1.34320970159935e-11,1.0083268214701489e-08,2.514441745648223e-08
Random973
Raw:1.5731250871811277e-15,1.023596979911817e-09,4.194624619187363e-13,0.9999999540792174,1.4242668627869976e-14,9.655632391913945e-09,1.1394340680931563e-16,1.34320970159935e-11,1.0083268214701452e-08,2.514441745648205e-08
EFT:1.5731250871811277e-15,1.0235969799118207e-09,4.1946246191873777e-13,0.9999999540792174,1.4242668627870027e-14,9.65563239191398e-09,1.1394340680931563e-16,1.34320970159935e-11,1.0083268214701489e-08,2.514441745648223e-08
Random974
Raw:1.5731250871811167e-15,1.0235969799118207e-09,4.194624619187393e-13,0.9999999540792174,1.4242668627869976e-14,9.655632391913945e-09,1.1394340680931563e-16,1.3432097015993451e-11,1.0083268214701452e-08,2.514441745648214e-08
EFT:1.5731250871811277e-15,1.0235969799118207e-09,4.1946246191873777e-13,0.9999999540792174,1.4242668627870077e-14,9.65563239191398e-09,1.1394340680931563e-16,1.34320970159935e-11,1.0083268214701489e-08,2.514441745648223e-08
Random975
Raw:1.5731250871811277e-15,1.0235969799118243e-09,4.194624619187393e-13,0.9999999540792174,1.4242668627870178e-14,9.655632391914047e-09,1.1394340680931644e-16,1.3432097015993595e-11,1.0083268214701525e-08,2.5144417456482318e-08
EFT:1.5731250871811277e-15,1.0235969799118207e-09,4.1946246191873777e-13,0.9999999540792174,1.4242668627870027e-14,9.65563239191398e-09,1.1394340680931563e-16,1.34320970159935e-11,1.0083268214701489e-08,2.514441745648223e-08
Random976
Raw:1.5731250871811277e-15,1.023596979911817e-09,4.194624619187363e-13,0.9999999540792174,1.4242668627869976e-14,9.655632391914014e-09,1.1394340680931644e-16,1.34320970159935e-11,1.0083268214701489e-08,2.514441745648214e-08
EFT:1.5731250871811277e-15,1.0235969799118207e-09,4.1946246191873777e-13,0.9999999540792174,1.4242668627870027e-14,9.65563239191398e-09,1.1394340680931563e-16,1.34320970159935e-11,1.0083268214701489e-08,2.514441745648223e-08
Random977
Raw:1.5731250871811277e-15,1.023596979911817e-09,4.194624619187363e-13,0.9999999540792174,1.4242668627869976e-14,9.65563239191398e-09,1.1394340680931482e-16,1.34320970159935e-11,1.0083268214701452e-08,2.514441745648214e-08
EFT:1.5731250871811277e-15,1.0235969799118207e-09,4.1946246191873777e-13,0.9999999540792174,1.4242668627870027e-14,9.65563239191398e-09,1.1394340680931563e-16,1.34320970159935e-11,1.0083268214701489e-08,2.514441745648223e-08
Random978
Raw:1.5731250871811277e-15,1.023596979911817e-09,4.194624619187393e-13,0.9999999540792174,1.4242668627869976e-14,9.65563239191398e-09,1.1394340680931644e-16,1.34320970159935e-11,1.0083268214701525e-08,2.514441745648223e-08
EFT:1.5731250871811277e-15,1.0235969799118207e-09,4.1946246191873777e-13,0.9999999540792174,1.4242668627870027e-14,9.65563239191398e-09,1.1394340680931563e-16,1.34320970159935e-11,1.0083268214701489e-08,2.514441745648223e-08
Random979
Raw:1.5731250871811277e-15,1.023596979911817e-09,4.194624619187363e-13,0.9999999540792174,1.4242668627869976e-14,9.655632391913912e-09,1.1394340680931563e-16,1.3432097015993451e-11,1.0083268214701452e-08,2.514441745648205e-08
EFT:1.5731250871811277e-15,1.0235969799118207e-09,4.1946246191873777e-13,0.9999999540792174,1.4242668627870027e-14,9.65563239191398e-09,1.1394340680931563e-16,1.34320970159935e-11,1.0083268214701489e-08,2.514441745648223e-08
Random980
Raw:1.5731250871811167e-15,1.023596979911817e-09,4.194624619187363e-13,0.9999999540792174,1.4242668627869875e-14,9.655632391913945e-09,1.1394340680931482e-16,1.3432097015993404e-11,1.0083268214701452e-08,2.514441745648205e-08
EFT:1.5731250871811277e-15,1.0235969799118207e-09,4.1946246191873777e-13,0.9999999540792174,1.4242668627870027e-14,9.65563239191398e-09,1.1394340680931563e-16,1.34320970159935e-11,1.0083268214701489e-08,2.514441745648223e-08
Random981
Raw:1.5731250871811054e-15,1.023596979911817e-09,4.194624619187363e-13,0.9999999540792174,1.4242668627869976e-14,9.65563239191398e-09,1.1394340680931482e-16,1.34320970159935e-11,1.0083268214701418e-08,2.514441745648205e-08
EFT:1.5731250871811277e-15,1.0235969799118207e-09,4.1946246191873777e-13,0.9999999540792174,1.4242668627870077e-14,9.65563239191398e-09,1.1394340680931563e-16,1.34320970159935e-11,1.0083268214701489e-08,2.514441745648223e-08
Random982
Raw:1.5731250871811277e-15,1.0235969799118243e-09,4.194624619187393e-13,0.9999999540792174,1.4242668627869976e-14,9.655632391914014e-09,1.1394340680931482e-16,1.34320970159935e-11,1.0083268214701489e-08,2.514441745648214e-08
EFT:1.5731250871811277e-15,1.0235969799118207e-09,4.1946246191873777e-13,0.9999999540792174,1.4242668627870027e-14,9.65563239191398e-09,1.1394340680931563e-16,1.34320970159935e-11,1.0083268214701489e-08,2.514441745648223e-08
Random983
Raw:1.5731250871811277e-15,1.0235969799118243e-09,4.194624619187393e-13,0.9999999540792174,1.4242668627870027e-14,9.655632391914014e-09,1.1394340680931644e-16,1.3432097015993595e-11,1.0083268214701525e-08,2.514441745648223e-08
EFT:1.5731250871811277e-15,1.0235969799118207e-09,4.1946246191873777e-13,0.9999999540792174,1.4242668627870027e-14,9.65563239191398e-09,1.1394340680931563e-16,1.34320970159935e-11,1.0083268214701489e-08,2.514441745648223e-08
Random984
Raw:1.5731250871811277e-15,1.023596979911817e-09,4.194624619187363e-13,0.9999999540792174,1.4242668627869875e-14,9.65563239191398e-09,1.1394340680931644e-16,1.3432097015993404e-11,1.0083268214701489e-08,2.514441745648214e-08
EFT:1.5731250871811277e-15,1.0235969799118207e-09,4.1946246191873777e-13,0.9999999540792174,1.4242668627870027e-14,9.65563239191398e-09,1.1394340680931563e-16,1.34320970159935e-11,1.0083268214701489e-08,2.514441745648223e-08
Random985
Raw:1.5731250871811167e-15,1.023596979911817e-09,4.194624619187363e-13,0.9999999540792174,1.4242668627869976e-14,9.655632391913945e-09,1.1394340680931644e-16,1.34320970159935e-11,1.0083268214701418e-08,2.514441745648196e-08
EFT:1.5731250871811277e-15,1.0235969799118207e-09,4.1946246191873777e-13,0.9999999540792174,1.4242668627870027e-14,9.65563239191398e-09,1.1394340680931563e-16,1.34320970159935e-11,1.0083268214701489e-08,2.514441745648223e-08
Random986
Raw:1.5731250871811167e-15,1.0235969799118135e-09,4.194624619187348e-13,0.9999999540792174,1.4242668627869926e-14,9.655632391913912e-09,1.1394340680931563e-16,1.34320970159935e-11,1.0083268214701418e-08,2.514441745648196e-08
EFT:1.5731250871811277e-15,1.0235969799118207e-09,4.1946246191873777e-13,0.9999999540792174,1.4242668627870027e-14,9.65563239191398e-09,1.1394340680931563e-16,1.34320970159935e-11,1.0083268214701489e-08,2.514441745648223e-08
Random987
Raw:1.5731250871811277e-15,1.0235969799118243e-09,4.194624619187393e-13,0.9999999540792174,1.4242668627870027e-14,9.655632391914014e-09,1.1394340680931644e-16,1.3432097015993546e-11,1.0083268214701489e-08,2.514441745648214e-08
EFT:1.5731250871811277e-15,1.0235969799118207e-09,4.1946246191873777e-13,0.9999999540792174,1.4242668627870027e-14,9.65563239191398e-09,1.1394340680931563e-16,1.34320970159935e-11,1.0083268214701489e-08,2.514441745648223e-08
Random988
Raw:1.5731250871811277e-15,1.023596979911817e-09,4.194624619187363e-13,0.9999999540792174,1.4242668627869926e-14,9.655632391913945e-09,1.1394340680931563e-16,1.3432097015993404e-11,1.0083268214701452e-08,2.514441745648205e-08
EFT:1.5731250871811277e-15,1.0235969799118207e-09,4.1946246191873777e-13,0.9999999540792174,1.4242668627870027e-14,9.65563239191398e-09,1.1394340680931563e-16,1.34320970159935e-11,1.0083268214701489e-08,2.514441745648223e-08
Random989
Raw:1.5731250871811277e-15,1.023596979911817e-09,4.194624619187363e-13,0.9999999540792174,1.4242668627870077e-14,9.655632391914014e-09,1.1394340680931644e-16,1.34320970159935e-11,1.0083268214701489e-08,2.514441745648223e-08
EFT:1.5731250871811277e-15,1.0235969799118207e-09,4.1946246191873777e-13,0.9999999540792174,1.4242668627870077e-14,9.65563239191398e-09,1.1394340680931563e-16,1.34320970159935e-11,1.0083268214701489e-08,2.514441745648223e-08
Random990
Raw:1.5731250871811277e-15,1.023596979911817e-09,4.1946246191873777e-13,0.9999999540792174,1.4242668627869976e-14,9.655632391913912e-09,1.1394340680931644e-16,1.34320970159935e-11,1.0083268214701452e-08,2.514441745648205e-08
EFT:1.5731250871811277e-15,1.0235969799118207e-09,4.1946246191873777e-13,0.9999999540792174,1.4242668627870027e-14,9.65563239191398e-09,1.1394340680931563e-16,1.34320970159935e-11,1.0083268214701489e-08,2.514441745648223e-08
Random991
Raw:1.5731250871811277e-15,1.0235969799118243e-09,4.194624619187393e-13,0.9999999540792174,1.4242668627870178e-14,9.655632391914047e-09,1.1394340680931644e-16,1.3432097015993595e-11,1.0083268214701525e-08,2.5144417456482318e-08
EFT:1.5731250871811277e-15,1.0235969799118207e-09,4.1946246191873777e-13,0.9999999540792174,1.4242668627870077e-14,9.65563239191398e-09,1.1394340680931563e-16,1.34320970159935e-11,1.0083268214701489e-08,2.514441745648223e-08
Random992
Raw:1.5731250871811277e-15,1.0235969799118207e-09,4.194624619187393e-13,0.9999999540792174,1.4242668627870077e-14,9.65563239191398e-09,1.1394340680931644e-16,1.3432097015993546e-11,1.0083268214701452e-08,2.514441745648223e-08
EFT:1.5731250871811277e-15,1.0235969799118207e-09,4.1946246191873777e-13,0.9999999540792174,1.4242668627870027e-14,9.65563239191398e-09,1.1394340680931563e-16,1.34320970159935e-11,1.0083268214701489e-08,2.514441745648223e-08
Random993
Raw:1.5731250871811277e-15,1.0235969799118207e-09,4.194624619187393e-13,0.9999999540792174,1.4242668627870077e-14,9.655632391914014e-09,1.1394340680931563e-16,1.3432097015993595e-11,1.0083268214701489e-08,2.514441745648223e-08
EFT:1.5731250871811277e-15,1.0235969799118207e-09,4.1946246191873777e-13,0.9999999540792174,1.4242668627870027e-14,9.65563239191398e-09,1.1394340680931563e-16,1.34320970159935e-11,1.0083268214701489e-08,2.514441745648223e-08
Random994
Raw:1.5731250871811277e-15,1.0235969799118207e-09,4.1946246191873777e-13,0.9999999540792174,1.4242668627869976e-14,9.655632391914014e-09,1.1394340680931644e-16,1.34320970159935e-11,1.0083268214701489e-08,2.514441745648214e-08
EFT:1.5731250871811277e-15,1.0235969799118207e-09,4.1946246191873777e-13,0.9999999540792174,1.4242668627870027e-14,9.65563239191398e-09,1.1394340680931563e-16,1.34320970159935e-11,1.0083268214701489e-08,2.514441745648223e-08
Random995
Raw:1.5731250871811277e-15,1.0235969799118243e-09,4.194624619187393e-13,0.9999999540792174,1.4242668627870077e-14,9.655632391914014e-09,1.1394340680931644e-16,1.3432097015993595e-11,1.0083268214701525e-08,2.514441745648223e-08
EFT:1.5731250871811277e-15,1.0235969799118207e-09,4.1946246191873777e-13,0.9999999540792174,1.4242668627870077e-14,9.65563239191398e-09,1.1394340680931563e-16,1.34320970159935e-11,1.0083268214701489e-08,2.514441745648223e-08
Random996
Raw:1.5731250871811167e-15,1.0235969799118243e-09,4.1946246191874075e-13,0.9999999540792174,1.4242668627869875e-14,9.65563239191398e-09,1.1394340680931644e-16,1.3432097015993546e-11,1.0083268214701489e-08,2.514441745648205e-08
EFT:1.5731250871811277e-15,1.0235969799118207e-09,4.1946246191873777e-13,0.9999999540792174,1.4242668627870027e-14,9.65563239191398e-09,1.1394340680931563e-16,1.34320970159935e-11,1.0083268214701489e-08,2.514441745648223e-08
Random997
Raw:1.5731250871811167e-15,1.0235969799118098e-09,4.194624619187363e-13,0.9999999540792174,1.4242668627869875e-14,9.655632391913912e-09,1.1394340680931482e-16,1.3432097015993404e-11,1.0083268214701418e-08,2.514441745648196e-08
EFT:1.5731250871811277e-15,1.0235969799118207e-09,4.1946246191873777e-13,0.9999999540792174,1.4242668627870027e-14,9.65563239191398e-09,1.1394340680931563e-16,1.34320970159935e-11,1.0083268214701489e-08,2.514441745648223e-08
Random998
Raw:1.5731250871811167e-15,1.023596979911817e-09,4.194624619187363e-13,0.9999999540792174,1.4242668627869976e-14,9.655632391913945e-09,1.1394340680931644e-16,1.3432097015993404e-11,1.0083268214701452e-08,2.514441745648214e-08
EFT:1.5731250871811277e-15,1.0235969799118207e-09,4.1946246191873777e-13,0.9999999540792174,1.4242668627870027e-14,9.65563239191398e-09,1.1394340680931563e-16,1.34320970159935e-11,1.0083268214701489e-08,2.514441745648223e-08
Random999
Raw:1.5731250871811054e-15,1.023596979911817e-09,4.194624619187363e-13,0.9999999540792174,1.4242668627869875e-14,9.655632391913912e-09,1.1394340680931482e-16,1.3432097015993546e-11,1.0083268214701418e-08,2.514441745648205e-08
EFT:1.5731250871811277e-15,1.0235969799118207e-09,4.1946246191873777e-13,0.9999999540792174,1.4242668627870027e-14,9.65563239191398e-09,1.1394340680931563e-16,1.34320970159935e-11,1.0083268214701489e-08,2.514441745648223e-08
Random1000
Raw:1.5731250871811277e-15,1.0235969799118207e-09,4.194624619187393e-13,0.9999999540792174,1.4242668627870077e-14,9.65563239191398e-09,1.1394340680931644e-16,1.3432097015993546e-11,1.0083268214701452e-08,2.514441745648214e-08
EFT:1.5731250871811277e-15,1.0235969799118207e-09,4.1946246191873777e-13,0.9999999540792174,1.4242668627870027e-14,9.65563239191398e-09,1.1394340680931563e-16,1.34320970159935e-11,1.0083268214701489e-08,2.514441745648223e-08
