Tensorflow
6.954358881292877e-08,3.1659096786476616e-13,5.372087387673722e-08,1.192651159311361e-07,3.746506396423931e-08,0.0029347867604856566,0.00023794904609431895,3.213323267755067e-17,0.9968267521019026,2.3209655831692783e-07
Original
6.954358881292778e-08,3.165909678647616e-13,5.372087387673645e-08,1.1926511593113524e-07,3.7465063964238784e-08,0.002934786760485615,0.00023794904609431553,3.213323267755022e-17,0.9968267521019026,2.3209655831692453e-07
Ascend
6.954358881292926e-08,3.1659096786476616e-13,5.372087387673722e-08,1.192651159311361e-07,3.746506396423931e-08,0.0029347867604856566,0.00023794904609431895,3.21332326775509e-17,0.9968267521019026,2.320965583169262e-07
Descend
6.954358881292828e-08,3.1659096786476384e-13,5.372087387673645e-08,1.1926511593113524e-07,3.746506396423931e-08,0.002934786760485615,0.00023794904609431553,3.213323267755067e-17,0.9968267521019026,2.320965583169262e-07
Random1
Raw:6.954358881292877e-08,3.1659096786476384e-13,5.3720873876736835e-08,1.1926511593113524e-07,3.746506396423905e-08,0.0029347867604856566,0.00023794904609431895,3.213323267755045e-17,0.9968267521019026,2.320965583169262e-07
EFT:6.954358881292877e-08,3.1659096786476384e-13,5.3720873876736835e-08,1.1926511593113524e-07,3.746506396423931e-08,0.0029347867604856566,0.00023794904609431895,3.213323267755067e-17,0.9968267521019026,2.3209655831692783e-07
Random2
Raw:6.954358881292778e-08,3.1659096786475935e-13,5.372087387673645e-08,1.192651159311344e-07,3.7465063964238784e-08,0.002934786760485615,0.00023794904609431553,3.213323267754999e-17,0.9968267521019026,2.3209655831692453e-07
EFT:6.954358881292877e-08,3.1659096786476384e-13,5.3720873876736835e-08,1.1926511593113524e-07,3.746506396423931e-08,0.0029347867604856566,0.00023794904609431895,3.213323267755067e-17,0.9968267521019026,2.3209655831692783e-07
Random3
Raw:6.954358881292926e-08,3.1659096786476616e-13,5.372087387673722e-08,1.192651159311361e-07,3.746506396423957e-08,0.0029347867604856566,0.00023794904609431895,3.213323267755067e-17,0.9968267521019026,2.3209655831692948e-07
EFT:6.954358881292877e-08,3.1659096786476384e-13,5.3720873876736835e-08,1.1926511593113524e-07,3.746506396423931e-08,0.0029347867604856566,0.00023794904609431895,3.213323267755067e-17,0.9968267521019026,2.3209655831692783e-07
Random4
Raw:6.954358881292828e-08,3.165909678647616e-13,5.372087387673722e-08,1.1926511593113524e-07,3.746506396423931e-08,0.0029347867604856566,0.00023794904609431895,3.213323267754999e-17,0.9968267521019026,2.320965583169262e-07
EFT:6.954358881292877e-08,3.1659096786476384e-13,5.3720873876736835e-08,1.1926511593113524e-07,3.746506396423931e-08,0.0029347867604856566,0.00023794904609431895,3.213323267755067e-17,0.9968267521019026,2.3209655831692783e-07
Random5
Raw:6.954358881292828e-08,3.165909678647616e-13,5.372087387673645e-08,1.192651159311344e-07,3.7465063964238784e-08,0.002934786760485615,0.00023794904609431553,3.213323267755045e-17,0.9968267521019026,2.3209655831692453e-07
EFT:6.954358881292877e-08,3.1659096786476384e-13,5.3720873876736835e-08,1.1926511593113524e-07,3.746506396423931e-08,0.0029347867604856566,0.00023794904609431895,3.213323267755067e-17,0.9968267521019026,2.3209655831692783e-07
Random6
Raw:6.954358881292926e-08,3.1659096786476616e-13,5.372087387673722e-08,1.192651159311361e-07,3.746506396423957e-08,0.0029347867604856566,0.00023794904609431895,3.213323267755067e-17,0.9968267521019026,2.3209655831692948e-07
EFT:6.954358881292877e-08,3.1659096786476384e-13,5.3720873876736835e-08,1.1926511593113524e-07,3.746506396423931e-08,0.0029347867604856566,0.00023794904609431895,3.213323267755067e-17,0.9968267521019026,2.3209655831692783e-07
Random7
Raw:6.954358881292828e-08,3.1659096786476384e-13,5.3720873876736835e-08,1.1926511593113524e-07,3.746506396423931e-08,0.0029347867604856566,0.00023794904609431895,3.213323267755067e-17,0.9968267521019026,2.3209655831692783e-07
EFT:6.954358881292877e-08,3.1659096786476384e-13,5.3720873876736835e-08,1.1926511593113524e-07,3.746506396423931e-08,0.0029347867604856566,0.00023794904609431895,3.213323267755067e-17,0.9968267521019026,2.3209655831692783e-07
Random8
Raw:6.954358881292828e-08,3.1659096786476384e-13,5.372087387673645e-08,1.1926511593113524e-07,3.746506396423931e-08,0.002934786760485615,0.00023794904609431553,3.213323267755067e-17,0.9968267521019026,2.320965583169262e-07
EFT:6.954358881292877e-08,3.1659096786476384e-13,5.3720873876736835e-08,1.1926511593113524e-07,3.746506396423931e-08,0.0029347867604856566,0.00023794904609431895,3.213323267755067e-17,0.9968267521019026,2.3209655831692783e-07
Random9
Raw:6.954358881292828e-08,3.165909678647616e-13,5.372087387673645e-08,1.192651159311344e-07,3.7465063964238784e-08,0.002934786760485615,0.00023794904609431553,3.213323267755045e-17,0.9968267521019026,2.3209655831692453e-07
EFT:6.954358881292877e-08,3.1659096786476384e-13,5.3720873876736835e-08,1.1926511593113524e-07,3.746506396423931e-08,0.0029347867604856566,0.00023794904609431895,3.213323267755067e-17,0.9968267521019026,2.3209655831692783e-07
Random10
Raw:6.954358881292778e-08,3.165909678647616e-13,5.372087387673645e-08,1.1926511593113524e-07,3.7465063964238784e-08,0.002934786760485615,0.00023794904609431553,3.213323267755045e-17,0.9968267521019026,2.3209655831692453e-07
EFT:6.954358881292877e-08,3.1659096786476384e-13,5.3720873876736835e-08,1.1926511593113524e-07,3.746506396423931e-08,0.0029347867604856566,0.00023794904609431895,3.213323267755067e-17,0.9968267521019026,2.3209655831692783e-07
Random11
Raw:6.954358881292926e-08,3.1659096786476616e-13,5.372087387673722e-08,1.192651159311361e-07,3.746506396423957e-08,0.0029347867604856566,0.00023794904609431895,3.213323267755113e-17,0.9968267521019026,2.3209655831692948e-07
EFT:6.954358881292877e-08,3.1659096786476384e-13,5.3720873876736835e-08,1.1926511593113524e-07,3.746506396423931e-08,0.0029347867604856566,0.00023794904609431895,3.213323267755067e-17,0.9968267521019026,2.3209655831692783e-07
Random12
Raw:6.954358881292877e-08,3.1659096786476616e-13,5.372087387673722e-08,1.192651159311361e-07,3.746506396423931e-08,0.002934786760485615,0.00023794904609431895,3.21332326775509e-17,0.9968267521019026,2.320965583169262e-07
EFT:6.954358881292877e-08,3.1659096786476384e-13,5.3720873876736835e-08,1.1926511593113524e-07,3.746506396423931e-08,0.0029347867604856566,0.00023794904609431895,3.213323267755067e-17,0.9968267521019026,2.3209655831692783e-07
Random13
Raw:6.954358881292828e-08,3.165909678647616e-13,5.3720873876736835e-08,1.1926511593113524e-07,3.746506396423905e-08,0.002934786760485615,0.00023794904609431553,3.213323267755045e-17,0.9968267521019026,2.320965583169262e-07
EFT:6.954358881292877e-08,3.1659096786476384e-13,5.3720873876736835e-08,1.1926511593113524e-07,3.746506396423931e-08,0.0029347867604856566,0.00023794904609431895,3.213323267755067e-17,0.9968267521019026,2.3209655831692783e-07
Random14
Raw:6.954358881292926e-08,3.165909678647684e-13,5.372087387673722e-08,1.1926511593113694e-07,3.746506396423931e-08,0.0029347867604856566,0.00023794904609431895,3.213323267755136e-17,0.9968267521019026,2.3209655831692783e-07
EFT:6.954358881292877e-08,3.1659096786476384e-13,5.3720873876736835e-08,1.1926511593113524e-07,3.746506396423931e-08,0.0029347867604856566,0.00023794904609431895,3.213323267755067e-17,0.9968267521019026,2.3209655831692783e-07
Random15
Raw:6.954358881292729e-08,3.165909678647616e-13,5.372087387673645e-08,1.192651159311344e-07,3.7465063964238784e-08,0.002934786760485615,0.00023794904609431553,3.213323267755022e-17,0.9968267521019026,2.3209655831692453e-07
EFT:6.954358881292877e-08,3.1659096786476384e-13,5.3720873876736835e-08,1.1926511593113524e-07,3.746506396423931e-08,0.0029347867604856566,0.00023794904609431895,3.213323267755067e-17,0.9968267521019026,2.3209655831692783e-07
Random16
Raw:6.954358881292828e-08,3.1659096786476384e-13,5.3720873876736835e-08,1.1926511593113524e-07,3.746506396423905e-08,0.0029347867604856566,0.00023794904609431895,3.213323267755045e-17,0.9968267521019026,2.3209655831692453e-07
EFT:6.954358881292877e-08,3.1659096786476384e-13,5.3720873876736835e-08,1.1926511593113524e-07,3.746506396423931e-08,0.0029347867604856566,0.00023794904609431895,3.213323267755067e-17,0.9968267521019026,2.3209655831692783e-07
Random17
Raw:6.954358881292976e-08,3.165909678647684e-13,5.3720873876737596e-08,1.1926511593113694e-07,3.746506396423957e-08,0.0029347867604856566,0.0002379490460943223,3.213323267755113e-17,0.9968267521019026,2.3209655831692948e-07
EFT:6.954358881292877e-08,3.1659096786476384e-13,5.3720873876736835e-08,1.1926511593113524e-07,3.746506396423931e-08,0.0029347867604856566,0.00023794904609431895,3.213323267755067e-17,0.9968267521019026,2.3209655831692783e-07
Random18
Raw:6.954358881292877e-08,3.1659096786476616e-13,5.372087387673722e-08,1.192651159311361e-07,3.746506396423931e-08,0.0029347867604856566,0.00023794904609431895,3.213323267755067e-17,0.9968267521019026,2.3209655831692783e-07
EFT:6.954358881292877e-08,3.1659096786476384e-13,5.3720873876736835e-08,1.1926511593113524e-07,3.746506396423931e-08,0.0029347867604856566,0.00023794904609431895,3.213323267755067e-17,0.9968267521019026,2.3209655831692783e-07
Random19
Raw:6.954358881292877e-08,3.1659096786476616e-13,5.372087387673722e-08,1.192651159311361e-07,3.746506396423931e-08,0.002934786760485615,0.00023794904609431895,3.21332326775509e-17,0.9968267521019026,2.320965583169262e-07
EFT:6.954358881292877e-08,3.1659096786476384e-13,5.3720873876736835e-08,1.1926511593113524e-07,3.746506396423931e-08,0.0029347867604856566,0.00023794904609431895,3.213323267755067e-17,0.9968267521019026,2.3209655831692783e-07
Random20
Raw:6.954358881292828e-08,3.165909678647616e-13,5.372087387673722e-08,1.1926511593113524e-07,3.746506396423931e-08,0.0029347867604856566,0.00023794904609431895,3.213323267754999e-17,0.9968267521019026,2.320965583169262e-07
EFT:6.954358881292877e-08,3.1659096786476384e-13,5.3720873876736835e-08,1.1926511593113524e-07,3.746506396423931e-08,0.0029347867604856566,0.00023794904609431895,3.213323267755067e-17,0.9968267521019026,2.3209655831692783e-07
Random21
Raw:6.954358881292828e-08,3.1659096786476616e-13,5.3720873876736835e-08,1.1926511593113524e-07,3.746506396423905e-08,0.002934786760485615,0.00023794904609431553,3.21332326775509e-17,0.9968267521019026,2.320965583169262e-07
EFT:6.954358881292877e-08,3.1659096786476384e-13,5.3720873876736835e-08,1.1926511593113524e-07,3.746506396423931e-08,0.0029347867604856566,0.00023794904609431895,3.213323267755067e-17,0.9968267521019026,2.3209655831692783e-07
Random22
Raw:6.954358881292828e-08,3.165909678647616e-13,5.3720873876736835e-08,1.1926511593113524e-07,3.746506396423905e-08,0.002934786760485615,0.00023794904609431553,3.213323267755045e-17,0.9968267521019026,2.320965583169262e-07
EFT:6.954358881292877e-08,3.1659096786476384e-13,5.3720873876736835e-08,1.1926511593113524e-07,3.746506396423931e-08,0.0029347867604856566,0.00023794904609431895,3.213323267755067e-17,0.9968267521019026,2.3209655831692783e-07
Random23
Raw:6.954358881292877e-08,3.1659096786476616e-13,5.372087387673722e-08,1.192651159311361e-07,3.746506396423931e-08,0.002934786760485615,0.00023794904609431553,3.213323267755113e-17,0.9968267521019026,2.3209655831692948e-07
EFT:6.954358881292877e-08,3.1659096786476384e-13,5.3720873876736835e-08,1.1926511593113524e-07,3.746506396423931e-08,0.0029347867604856566,0.00023794904609431895,3.213323267755067e-17,0.9968267521019026,2.3209655831692783e-07
Random24
Raw:6.954358881292828e-08,3.165909678647616e-13,5.372087387673645e-08,1.192651159311344e-07,3.7465063964238784e-08,0.002934786760485615,0.00023794904609431553,3.213323267755045e-17,0.9968267521019026,2.3209655831692453e-07
EFT:6.954358881292877e-08,3.1659096786476384e-13,5.3720873876736835e-08,1.1926511593113524e-07,3.746506396423931e-08,0.0029347867604856566,0.00023794904609431895,3.213323267755067e-17,0.9968267521019026,2.3209655831692783e-07
Random25
Raw:6.954358881292926e-08,3.1659096786476616e-13,5.372087387673722e-08,1.192651159311361e-07,3.746506396423931e-08,0.0029347867604856566,0.00023794904609431895,3.21332326775509e-17,0.9968267521019026,2.320965583169262e-07
EFT:6.954358881292877e-08,3.1659096786476384e-13,5.3720873876736835e-08,1.1926511593113524e-07,3.746506396423931e-08,0.0029347867604856566,0.00023794904609431895,3.213323267755067e-17,0.9968267521019026,2.3209655831692783e-07
Random26
Raw:6.954358881292926e-08,3.1659096786476616e-13,5.372087387673722e-08,1.192651159311361e-07,3.746506396423957e-08,0.0029347867604856566,0.00023794904609431895,3.213323267755113e-17,0.9968267521019026,2.3209655831692948e-07
EFT:6.954358881292877e-08,3.1659096786476384e-13,5.3720873876736835e-08,1.1926511593113524e-07,3.746506396423931e-08,0.0029347867604856566,0.00023794904609431895,3.213323267755067e-17,0.9968267521019026,2.3209655831692783e-07
Random27
Raw:6.954358881292926e-08,3.1659096786476616e-13,5.372087387673722e-08,1.192651159311361e-07,3.746506396423931e-08,0.0029347867604856566,0.00023794904609431895,3.21332326775509e-17,0.9968267521019026,2.320965583169262e-07
EFT:6.954358881292877e-08,3.1659096786476384e-13,5.3720873876736835e-08,1.1926511593113524e-07,3.746506396423931e-08,0.0029347867604856566,0.00023794904609431895,3.213323267755067e-17,0.9968267521019026,2.3209655831692783e-07
Random28
Raw:6.954358881292778e-08,3.1659096786475935e-13,5.372087387673645e-08,1.192651159311344e-07,3.7465063964238784e-08,0.002934786760485615,0.00023794904609431553,3.213323267754999e-17,0.9968267521019026,2.3209655831692453e-07
EFT:6.954358881292877e-08,3.1659096786476384e-13,5.3720873876736835e-08,1.1926511593113524e-07,3.746506396423931e-08,0.0029347867604856566,0.00023794904609431895,3.213323267755067e-17,0.9968267521019026,2.3209655831692783e-07
Random29
Raw:6.954358881292877e-08,3.1659096786476616e-13,5.372087387673722e-08,1.192651159311361e-07,3.746506396423931e-08,0.0029347867604856566,0.00023794904609431895,3.213323267755067e-17,0.9968267521019026,2.3209655831692783e-07
EFT:6.954358881292877e-08,3.1659096786476384e-13,5.3720873876736835e-08,1.1926511593113524e-07,3.746506396423931e-08,0.0029347867604856566,0.00023794904609431895,3.213323267755067e-17,0.9968267521019026,2.3209655831692783e-07
Random30
Raw:6.954358881292877e-08,3.1659096786476384e-13,5.372087387673722e-08,1.1926511593113524e-07,3.746506396423931e-08,0.0029347867604856566,0.00023794904609431895,3.213323267755045e-17,0.9968267521019026,2.320965583169262e-07
EFT:6.954358881292877e-08,3.1659096786476384e-13,5.3720873876736835e-08,1.1926511593113524e-07,3.746506396423931e-08,0.0029347867604856566,0.00023794904609431895,3.213323267755067e-17,0.9968267521019026,2.3209655831692783e-07
Random31
Raw:6.954358881292926e-08,3.1659096786477066e-13,5.3720873876737596e-08,1.1926511593113694e-07,3.746506396423957e-08,0.0029347867604856566,0.00023794904609431895,3.213323267755136e-17,0.9968267521019026,2.3209655831692948e-07
EFT:6.954358881292877e-08,3.1659096786476384e-13,5.3720873876736835e-08,1.1926511593113524e-07,3.746506396423931e-08,0.0029347867604856566,0.00023794904609431895,3.213323267755067e-17,0.9968267521019026,2.3209655831692783e-07
Random32
Raw:6.954358881292828e-08,3.165909678647616e-13,5.372087387673722e-08,1.192651159311361e-07,3.746506396423931e-08,0.0029347867604856566,0.00023794904609431553,3.213323267755045e-17,0.9968267521019026,2.320965583169262e-07
EFT:6.954358881292877e-08,3.1659096786476384e-13,5.3720873876736835e-08,1.1926511593113524e-07,3.746506396423931e-08,0.0029347867604856566,0.00023794904609431895,3.213323267755067e-17,0.9968267521019026,2.3209655831692783e-07
Random33
Raw:6.954358881292877e-08,3.1659096786476616e-13,5.3720873876736835e-08,1.192651159311361e-07,3.746506396423905e-08,0.002934786760485615,0.00023794904609431553,3.21332326775509e-17,0.9968267521019026,2.320965583169262e-07
EFT:6.954358881292877e-08,3.1659096786476384e-13,5.3720873876736835e-08,1.1926511593113524e-07,3.746506396423931e-08,0.0029347867604856566,0.00023794904609431895,3.213323267755067e-17,0.9968267521019026,2.3209655831692783e-07
Random34
Raw:6.954358881292976e-08,3.165909678647684e-13,5.3720873876737596e-08,1.1926511593113694e-07,3.746506396423957e-08,0.0029347867604856566,0.0002379490460943223,3.21332326775509e-17,0.9968267521019026,2.3209655831692948e-07
EFT:6.954358881292877e-08,3.1659096786476384e-13,5.3720873876736835e-08,1.1926511593113524e-07,3.746506396423931e-08,0.0029347867604856566,0.00023794904609431895,3.213323267755067e-17,0.9968267521019026,2.3209655831692783e-07
Random35
Raw:6.954358881292828e-08,3.165909678647616e-13,5.372087387673645e-08,1.192651159311344e-07,3.746506396423931e-08,0.002934786760485615,0.00023794904609431553,3.213323267755022e-17,0.9968267521019026,2.320965583169262e-07
EFT:6.954358881292877e-08,3.1659096786476384e-13,5.3720873876736835e-08,1.1926511593113524e-07,3.746506396423931e-08,0.0029347867604856566,0.00023794904609431895,3.213323267755067e-17,0.9968267521019026,2.3209655831692783e-07
Random36
Raw:6.954358881292828e-08,3.1659096786476616e-13,5.3720873876736835e-08,1.1926511593113524e-07,3.746506396423905e-08,0.002934786760485615,0.00023794904609431553,3.213323267755113e-17,0.9968267521019026,2.3209655831692783e-07
EFT:6.954358881292877e-08,3.1659096786476384e-13,5.3720873876736835e-08,1.1926511593113524e-07,3.746506396423931e-08,0.0029347867604856566,0.00023794904609431895,3.213323267755067e-17,0.9968267521019026,2.3209655831692783e-07
Random37
Raw:6.954358881292877e-08,3.1659096786476384e-13,5.372087387673722e-08,1.1926511593113524e-07,3.746506396423931e-08,0.0029347867604856566,0.00023794904609431895,3.213323267755045e-17,0.9968267521019026,2.320965583169262e-07
EFT:6.954358881292877e-08,3.1659096786476384e-13,5.3720873876736835e-08,1.1926511593113524e-07,3.746506396423931e-08,0.0029347867604856566,0.00023794904609431895,3.213323267755067e-17,0.9968267521019026,2.3209655831692783e-07
Random38
Raw:6.954358881292828e-08,3.1659096786476384e-13,5.3720873876736835e-08,1.1926511593113524e-07,3.746506396423905e-08,0.0029347867604856566,0.00023794904609431895,3.213323267755045e-17,0.9968267521019026,2.3209655831692453e-07
EFT:6.954358881292877e-08,3.1659096786476384e-13,5.3720873876736835e-08,1.1926511593113524e-07,3.746506396423931e-08,0.0029347867604856566,0.00023794904609431895,3.213323267755067e-17,0.9968267521019026,2.3209655831692783e-07
Random39
Raw:6.954358881292877e-08,3.1659096786476616e-13,5.372087387673722e-08,1.192651159311361e-07,3.746506396423931e-08,0.002934786760485615,0.00023794904609431895,3.21332326775509e-17,0.9968267521019026,2.320965583169262e-07
EFT:6.954358881292877e-08,3.1659096786476384e-13,5.3720873876736835e-08,1.1926511593113524e-07,3.746506396423931e-08,0.0029347867604856566,0.00023794904609431895,3.213323267755067e-17,0.9968267521019026,2.3209655831692783e-07
Random40
Raw:6.954358881292828e-08,3.165909678647616e-13,5.3720873876736835e-08,1.1926511593113524e-07,3.746506396423905e-08,0.002934786760485615,0.00023794904609431553,3.213323267755045e-17,0.9968267521019026,2.320965583169262e-07
EFT:6.954358881292877e-08,3.1659096786476384e-13,5.3720873876736835e-08,1.1926511593113524e-07,3.746506396423931e-08,0.0029347867604856566,0.00023794904609431895,3.213323267755067e-17,0.9968267521019026,2.3209655831692783e-07
Random41
Raw:6.954358881292828e-08,3.1659096786476384e-13,5.3720873876736835e-08,1.1926511593113524e-07,3.7465063964238784e-08,0.002934786760485615,0.00023794904609431553,3.21332326775509e-17,0.9968267521019026,2.320965583169262e-07
EFT:6.954358881292877e-08,3.1659096786476384e-13,5.3720873876736835e-08,1.1926511593113524e-07,3.746506396423931e-08,0.0029347867604856566,0.00023794904609431895,3.213323267755067e-17,0.9968267521019026,2.3209655831692783e-07
Random42
Raw:6.954358881292828e-08,3.165909678647616e-13,5.372087387673645e-08,1.192651159311344e-07,3.7465063964238784e-08,0.002934786760485615,0.00023794904609431553,3.213323267755045e-17,0.9968267521019026,2.3209655831692453e-07
EFT:6.954358881292877e-08,3.1659096786476384e-13,5.3720873876736835e-08,1.1926511593113524e-07,3.746506396423931e-08,0.0029347867604856566,0.00023794904609431895,3.213323267755067e-17,0.9968267521019026,2.3209655831692783e-07
Random43
Raw:6.954358881292926e-08,3.1659096786476616e-13,5.372087387673722e-08,1.192651159311361e-07,3.746506396423931e-08,0.0029347867604856566,0.00023794904609431895,3.213323267755067e-17,0.9968267521019026,2.320965583169262e-07
EFT:6.954358881292877e-08,3.1659096786476384e-13,5.3720873876736835e-08,1.1926511593113524e-07,3.746506396423931e-08,0.0029347867604856566,0.00023794904609431895,3.213323267755067e-17,0.9968267521019026,2.3209655831692783e-07
Random44
Raw:6.954358881292778e-08,3.165909678647616e-13,5.372087387673645e-08,1.1926511593113524e-07,3.7465063964238784e-08,0.002934786760485615,0.00023794904609431553,3.213323267755045e-17,0.9968267521019026,2.3209655831692453e-07
EFT:6.954358881292877e-08,3.1659096786476384e-13,5.3720873876736835e-08,1.1926511593113524e-07,3.746506396423931e-08,0.0029347867604856566,0.00023794904609431895,3.213323267755067e-17,0.9968267521019026,2.3209655831692783e-07
Random45
Raw:6.954358881292926e-08,3.1659096786476616e-13,5.372087387673722e-08,1.192651159311361e-07,3.746506396423957e-08,0.0029347867604856566,0.00023794904609431895,3.213323267755067e-17,0.9968267521019026,2.3209655831692783e-07
EFT:6.954358881292877e-08,3.1659096786476384e-13,5.3720873876736835e-08,1.1926511593113524e-07,3.746506396423931e-08,0.0029347867604856566,0.00023794904609431895,3.213323267755067e-17,0.9968267521019026,2.3209655831692783e-07
Random46
Raw:6.954358881292926e-08,3.1659096786476616e-13,5.372087387673722e-08,1.192651159311361e-07,3.746506396423957e-08,0.0029347867604856566,0.00023794904609431895,3.213323267755067e-17,0.9968267521019026,2.3209655831692783e-07
EFT:6.954358881292877e-08,3.1659096786476384e-13,5.3720873876736835e-08,1.1926511593113524e-07,3.746506396423931e-08,0.0029347867604856566,0.00023794904609431895,3.213323267755067e-17,0.9968267521019026,2.3209655831692783e-07
Random47
Raw:6.954358881292926e-08,3.1659096786476616e-13,5.372087387673722e-08,1.192651159311361e-07,3.746506396423957e-08,0.0029347867604856566,0.00023794904609431895,3.213323267755067e-17,0.9968267521019026,2.3209655831692783e-07
EFT:6.954358881292877e-08,3.1659096786476384e-13,5.3720873876736835e-08,1.1926511593113524e-07,3.746506396423931e-08,0.0029347867604856566,0.00023794904609431895,3.213323267755067e-17,0.9968267521019026,2.3209655831692783e-07
Random48
Raw:6.954358881292976e-08,3.165909678647684e-13,5.3720873876737596e-08,1.1926511593113694e-07,3.746506396423957e-08,0.0029347867604856566,0.0002379490460943223,3.213323267755113e-17,0.9968267521019026,2.3209655831692948e-07
EFT:6.954358881292877e-08,3.1659096786476384e-13,5.3720873876736835e-08,1.1926511593113524e-07,3.746506396423931e-08,0.0029347867604856566,0.00023794904609431895,3.213323267755067e-17,0.9968267521019026,2.3209655831692783e-07
Random49
Raw:6.954358881292926e-08,3.165909678647684e-13,5.3720873876737596e-08,1.1926511593113694e-07,3.746506396423957e-08,0.0029347867604856566,0.0002379490460943223,3.21332326775509e-17,0.9968267521019026,2.3209655831692948e-07
EFT:6.954358881292877e-08,3.1659096786476384e-13,5.3720873876736835e-08,1.1926511593113524e-07,3.746506396423931e-08,0.0029347867604856566,0.00023794904609431895,3.213323267755067e-17,0.9968267521019026,2.3209655831692783e-07
Random50
Raw:6.954358881292828e-08,3.165909678647616e-13,5.372087387673645e-08,1.192651159311344e-07,3.7465063964238784e-08,0.002934786760485615,0.00023794904609431553,3.213323267755045e-17,0.9968267521019026,2.3209655831692453e-07
EFT:6.954358881292877e-08,3.1659096786476384e-13,5.3720873876736835e-08,1.1926511593113524e-07,3.746506396423931e-08,0.0029347867604856566,0.00023794904609431895,3.213323267755067e-17,0.9968267521019026,2.3209655831692783e-07
Random51
Raw:6.954358881292926e-08,3.165909678647684e-13,5.372087387673722e-08,1.1926511593113694e-07,3.746506396423931e-08,0.0029347867604856566,0.00023794904609431895,3.213323267755113e-17,0.9968267521019026,2.3209655831692783e-07
EFT:6.954358881292877e-08,3.1659096786476384e-13,5.3720873876736835e-08,1.1926511593113524e-07,3.746506396423931e-08,0.0029347867604856566,0.00023794904609431895,3.213323267755067e-17,0.9968267521019026,2.3209655831692783e-07
Random52
Raw:6.954358881292828e-08,3.165909678647616e-13,5.3720873876736835e-08,1.1926511593113524e-07,3.746506396423905e-08,0.002934786760485615,0.00023794904609431553,3.213323267755045e-17,0.9968267521019026,2.320965583169262e-07
EFT:6.954358881292877e-08,3.1659096786476384e-13,5.3720873876736835e-08,1.1926511593113524e-07,3.746506396423931e-08,0.0029347867604856566,0.00023794904609431895,3.213323267755067e-17,0.9968267521019026,2.3209655831692783e-07
Random53
Raw:6.954358881292828e-08,3.1659096786476384e-13,5.3720873876736835e-08,1.1926511593113524e-07,3.746506396423931e-08,0.0029347867604856566,0.00023794904609431895,3.213323267755067e-17,0.9968267521019026,2.3209655831692783e-07
EFT:6.954358881292877e-08,3.1659096786476384e-13,5.3720873876736835e-08,1.1926511593113524e-07,3.746506396423931e-08,0.0029347867604856566,0.00023794904609431895,3.213323267755067e-17,0.9968267521019026,2.3209655831692783e-07
Random54
Raw:6.954358881292926e-08,3.1659096786477066e-13,5.372087387673722e-08,1.1926511593113694e-07,3.746506396423957e-08,0.0029347867604856566,0.00023794904609431895,3.213323267755159e-17,0.9968267521019026,2.3209655831692948e-07
EFT:6.954358881292877e-08,3.1659096786476384e-13,5.3720873876736835e-08,1.1926511593113524e-07,3.746506396423931e-08,0.0029347867604856566,0.00023794904609431895,3.213323267755067e-17,0.9968267521019026,2.3209655831692783e-07
Random55
Raw:6.954358881292828e-08,3.1659096786475935e-13,5.372087387673645e-08,1.192651159311344e-07,3.7465063964238784e-08,0.002934786760485615,0.00023794904609431553,3.213323267754953e-17,0.9968267521019026,2.3209655831692288e-07
EFT:6.954358881292877e-08,3.1659096786476384e-13,5.3720873876736835e-08,1.1926511593113524e-07,3.746506396423931e-08,0.0029347867604856566,0.00023794904609431895,3.213323267755067e-17,0.9968267521019026,2.3209655831692783e-07
Random56
Raw:6.954358881292778e-08,3.1659096786475935e-13,5.372087387673645e-08,1.192651159311344e-07,3.7465063964238784e-08,0.002934786760485615,0.00023794904609431553,3.213323267754999e-17,0.9968267521019026,2.3209655831692453e-07
EFT:6.954358881292877e-08,3.1659096786476384e-13,5.3720873876736835e-08,1.1926511593113524e-07,3.746506396423931e-08,0.0029347867604856566,0.00023794904609431895,3.213323267755067e-17,0.9968267521019026,2.3209655831692783e-07
Random57
Raw:6.954358881292828e-08,3.165909678647616e-13,5.372087387673645e-08,1.192651159311344e-07,3.7465063964238784e-08,0.002934786760485615,0.00023794904609431553,3.213323267755045e-17,0.9968267521019026,2.3209655831692453e-07
EFT:6.954358881292877e-08,3.1659096786476384e-13,5.3720873876736835e-08,1.1926511593113524e-07,3.746506396423931e-08,0.0029347867604856566,0.00023794904609431895,3.213323267755067e-17,0.9968267521019026,2.3209655831692783e-07
Random58
Raw:6.954358881292926e-08,3.1659096786477066e-13,5.3720873876737596e-08,1.1926511593113694e-07,3.746506396423957e-08,0.0029347867604856566,0.00023794904609431895,3.213323267755136e-17,0.9968267521019026,2.3209655831692948e-07
EFT:6.954358881292877e-08,3.1659096786476384e-13,5.3720873876736835e-08,1.1926511593113524e-07,3.746506396423931e-08,0.0029347867604856566,0.00023794904609431895,3.213323267755067e-17,0.9968267521019026,2.3209655831692783e-07
Random59
Raw:6.954358881292926e-08,3.1659096786476616e-13,5.372087387673722e-08,1.192651159311361e-07,3.746506396423931e-08,0.0029347867604856566,0.00023794904609431895,3.213323267755067e-17,0.9968267521019026,2.320965583169262e-07
EFT:6.954358881292877e-08,3.1659096786476384e-13,5.3720873876736835e-08,1.1926511593113524e-07,3.746506396423931e-08,0.0029347867604856566,0.00023794904609431895,3.213323267755067e-17,0.9968267521019026,2.3209655831692783e-07
Random60
Raw:6.954358881292877e-08,3.1659096786476616e-13,5.372087387673722e-08,1.192651159311361e-07,3.746506396423931e-08,0.0029347867604856566,0.00023794904609431895,3.213323267755067e-17,0.9968267521019026,2.3209655831692783e-07
EFT:6.954358881292877e-08,3.1659096786476384e-13,5.3720873876736835e-08,1.1926511593113524e-07,3.746506396423931e-08,0.0029347867604856566,0.00023794904609431895,3.213323267755067e-17,0.9968267521019026,2.3209655831692783e-07
Random61
Raw:6.954358881292828e-08,3.165909678647616e-13,5.372087387673645e-08,1.192651159311344e-07,3.7465063964238784e-08,0.002934786760485615,0.00023794904609431553,3.213323267755045e-17,0.9968267521019026,2.3209655831692453e-07
EFT:6.954358881292877e-08,3.1659096786476384e-13,5.3720873876736835e-08,1.1926511593113524e-07,3.746506396423931e-08,0.0029347867604856566,0.00023794904609431895,3.213323267755067e-17,0.9968267521019026,2.3209655831692783e-07
Random62
Raw:6.954358881292828e-08,3.1659096786476384e-13,5.3720873876736835e-08,1.1926511593113524e-07,3.7465063964238784e-08,0.002934786760485615,0.00023794904609431553,3.21332326775509e-17,0.9968267521019026,2.320965583169262e-07
EFT:6.954358881292877e-08,3.1659096786476384e-13,5.3720873876736835e-08,1.1926511593113524e-07,3.746506396423931e-08,0.0029347867604856566,0.00023794904609431895,3.213323267755067e-17,0.9968267521019026,2.3209655831692783e-07
Random63
Raw:6.954358881292877e-08,3.1659096786476616e-13,5.3720873876736835e-08,1.192651159311361e-07,3.746506396423905e-08,0.002934786760485615,0.00023794904609431895,3.21332326775509e-17,0.9968267521019026,2.320965583169262e-07
EFT:6.954358881292877e-08,3.1659096786476384e-13,5.3720873876736835e-08,1.1926511593113524e-07,3.746506396423931e-08,0.0029347867604856566,0.00023794904609431895,3.213323267755067e-17,0.9968267521019026,2.3209655831692783e-07
Random64
Raw:6.954358881292877e-08,3.1659096786476616e-13,5.372087387673722e-08,1.192651159311361e-07,3.746506396423931e-08,0.002934786760485615,0.00023794904609431895,3.21332326775509e-17,0.9968267521019026,2.320965583169262e-07
EFT:6.954358881292877e-08,3.1659096786476384e-13,5.3720873876736835e-08,1.1926511593113524e-07,3.746506396423931e-08,0.0029347867604856566,0.00023794904609431895,3.213323267755067e-17,0.9968267521019026,2.3209655831692783e-07
Random65
Raw:6.954358881292877e-08,3.165909678647684e-13,5.372087387673722e-08,1.192651159311361e-07,3.746506396423931e-08,0.0029347867604856566,0.00023794904609431895,3.213323267755136e-17,0.9968267521019026,2.3209655831692783e-07
EFT:6.954358881292877e-08,3.1659096786476384e-13,5.3720873876736835e-08,1.1926511593113524e-07,3.746506396423931e-08,0.0029347867604856566,0.00023794904609431895,3.213323267755067e-17,0.9968267521019026,2.3209655831692783e-07
Random66
Raw:6.954358881292926e-08,3.1659096786476616e-13,5.372087387673722e-08,1.192651159311361e-07,3.746506396423931e-08,0.0029347867604856566,0.00023794904609431895,3.21332326775509e-17,0.9968267521019026,2.3209655831692783e-07
EFT:6.954358881292877e-08,3.1659096786476384e-13,5.3720873876736835e-08,1.1926511593113524e-07,3.746506396423931e-08,0.0029347867604856566,0.00023794904609431895,3.213323267755067e-17,0.9968267521019026,2.3209655831692783e-07
Random67
Raw:6.954358881292926e-08,3.1659096786476616e-13,5.372087387673722e-08,1.192651159311361e-07,3.746506396423957e-08,0.0029347867604856566,0.00023794904609431895,3.213323267755067e-17,0.9968267521019026,2.3209655831692783e-07
EFT:6.954358881292877e-08,3.1659096786476384e-13,5.3720873876736835e-08,1.1926511593113524e-07,3.746506396423931e-08,0.0029347867604856566,0.00023794904609431895,3.213323267755067e-17,0.9968267521019026,2.3209655831692783e-07
Random68
Raw:6.954358881292877e-08,3.1659096786476616e-13,5.372087387673722e-08,1.192651159311361e-07,3.746506396423931e-08,0.002934786760485615,0.00023794904609431895,3.21332326775509e-17,0.9968267521019026,2.320965583169262e-07
EFT:6.954358881292877e-08,3.1659096786476384e-13,5.3720873876736835e-08,1.1926511593113524e-07,3.746506396423931e-08,0.0029347867604856566,0.00023794904609431895,3.213323267755067e-17,0.9968267521019026,2.3209655831692783e-07
Random69
Raw:6.954358881292926e-08,3.165909678647684e-13,5.3720873876737596e-08,1.1926511593113694e-07,3.746506396423957e-08,0.0029347867604856566,0.00023794904609431895,3.213323267755113e-17,0.9968267521019026,2.3209655831692948e-07
EFT:6.954358881292877e-08,3.1659096786476384e-13,5.3720873876736835e-08,1.1926511593113524e-07,3.746506396423931e-08,0.0029347867604856566,0.00023794904609431895,3.213323267755067e-17,0.9968267521019026,2.3209655831692783e-07
Random70
Raw:6.954358881292828e-08,3.1659096786476616e-13,5.372087387673722e-08,1.192651159311361e-07,3.746506396423931e-08,0.0029347867604856566,0.00023794904609431553,3.21332326775509e-17,0.9968267521019026,2.3209655831692783e-07
EFT:6.954358881292877e-08,3.1659096786476384e-13,5.3720873876736835e-08,1.1926511593113524e-07,3.746506396423931e-08,0.0029347867604856566,0.00023794904609431895,3.213323267755067e-17,0.9968267521019026,2.3209655831692783e-07
Random71
Raw:6.954358881292877e-08,3.1659096786476616e-13,5.372087387673722e-08,1.192651159311361e-07,3.746506396423931e-08,0.002934786760485615,0.00023794904609431895,3.21332326775509e-17,0.9968267521019026,2.320965583169262e-07
EFT:6.954358881292877e-08,3.1659096786476384e-13,5.3720873876736835e-08,1.1926511593113524e-07,3.746506396423931e-08,0.0029347867604856566,0.00023794904609431895,3.213323267755067e-17,0.9968267521019026,2.3209655831692783e-07
Random72
Raw:6.954358881292926e-08,3.1659096786476616e-13,5.372087387673722e-08,1.192651159311361e-07,3.746506396423957e-08,0.0029347867604856566,0.00023794904609431895,3.213323267755067e-17,0.9968267521019026,2.3209655831692948e-07
EFT:6.954358881292877e-08,3.1659096786476384e-13,5.3720873876736835e-08,1.1926511593113524e-07,3.746506396423931e-08,0.0029347867604856566,0.00023794904609431895,3.213323267755067e-17,0.9968267521019026,2.3209655831692783e-07
Random73
Raw:6.954358881292877e-08,3.1659096786476616e-13,5.3720873876736835e-08,1.192651159311361e-07,3.746506396423905e-08,0.002934786760485615,0.00023794904609431553,3.21332326775509e-17,0.9968267521019026,2.320965583169262e-07
EFT:6.954358881292877e-08,3.1659096786476384e-13,5.3720873876736835e-08,1.1926511593113524e-07,3.746506396423931e-08,0.0029347867604856566,0.00023794904609431895,3.213323267755067e-17,0.9968267521019026,2.3209655831692783e-07
Random74
Raw:6.954358881292828e-08,3.165909678647616e-13,5.3720873876736835e-08,1.1926511593113524e-07,3.746506396423905e-08,0.002934786760485615,0.00023794904609431553,3.213323267755045e-17,0.9968267521019026,2.320965583169262e-07
EFT:6.954358881292877e-08,3.1659096786476384e-13,5.3720873876736835e-08,1.1926511593113524e-07,3.746506396423931e-08,0.0029347867604856566,0.00023794904609431895,3.213323267755067e-17,0.9968267521019026,2.3209655831692783e-07
Random75
Raw:6.954358881292877e-08,3.1659096786476384e-13,5.3720873876736835e-08,1.1926511593113524e-07,3.746506396423931e-08,0.0029347867604856566,0.00023794904609431895,3.213323267755067e-17,0.9968267521019026,2.3209655831692783e-07
EFT:6.954358881292877e-08,3.1659096786476384e-13,5.3720873876736835e-08,1.1926511593113524e-07,3.746506396423931e-08,0.0029347867604856566,0.00023794904609431895,3.213323267755067e-17,0.9968267521019026,2.3209655831692783e-07
Random76
Raw:6.954358881292828e-08,3.165909678647616e-13,5.372087387673722e-08,1.1926511593113524e-07,3.746506396423931e-08,0.0029347867604856566,0.00023794904609431895,3.213323267754999e-17,0.9968267521019026,2.320965583169262e-07
EFT:6.954358881292877e-08,3.1659096786476384e-13,5.3720873876736835e-08,1.1926511593113524e-07,3.746506396423931e-08,0.0029347867604856566,0.00023794904609431895,3.213323267755067e-17,0.9968267521019026,2.3209655831692783e-07
Random77
Raw:6.954358881292828e-08,3.165909678647616e-13,5.372087387673722e-08,1.1926511593113524e-07,3.746506396423931e-08,0.0029347867604856566,0.00023794904609431895,3.213323267754999e-17,0.9968267521019026,2.320965583169262e-07
EFT:6.954358881292877e-08,3.1659096786476384e-13,5.3720873876736835e-08,1.1926511593113524e-07,3.746506396423931e-08,0.0029347867604856566,0.00023794904609431895,3.213323267755067e-17,0.9968267521019026,2.3209655831692783e-07
Random78
Raw:6.954358881292877e-08,3.1659096786476616e-13,5.372087387673722e-08,1.192651159311361e-07,3.746506396423931e-08,0.0029347867604856566,0.00023794904609431895,3.213323267755067e-17,0.9968267521019026,2.3209655831692783e-07
EFT:6.954358881292877e-08,3.1659096786476384e-13,5.3720873876736835e-08,1.1926511593113524e-07,3.746506396423931e-08,0.0029347867604856566,0.00023794904609431895,3.213323267755067e-17,0.9968267521019026,2.3209655831692783e-07
Random79
Raw:6.954358881292828e-08,3.1659096786476384e-13,5.3720873876736835e-08,1.1926511593113524e-07,3.746506396423905e-08,0.0029347867604856566,0.00023794904609431895,3.213323267755045e-17,0.9968267521019026,2.320965583169262e-07
EFT:6.954358881292877e-08,3.1659096786476384e-13,5.3720873876736835e-08,1.1926511593113524e-07,3.746506396423931e-08,0.0029347867604856566,0.00023794904609431895,3.213323267755067e-17,0.9968267521019026,2.3209655831692783e-07
Random80
Raw:6.954358881292926e-08,3.165909678647684e-13,5.372087387673722e-08,1.1926511593113694e-07,3.746506396423931e-08,0.0029347867604856566,0.00023794904609431895,3.213323267755113e-17,0.9968267521019026,2.3209655831692783e-07
EFT:6.954358881292877e-08,3.1659096786476384e-13,5.3720873876736835e-08,1.1926511593113524e-07,3.746506396423931e-08,0.0029347867604856566,0.00023794904609431895,3.213323267755067e-17,0.9968267521019026,2.3209655831692783e-07
Random81
Raw:6.954358881292828e-08,3.1659096786476616e-13,5.372087387673722e-08,1.192651159311361e-07,3.746506396423905e-08,0.002934786760485615,0.00023794904609431553,3.213323267755136e-17,0.9968267521019026,2.320965583169262e-07
EFT:6.954358881292877e-08,3.1659096786476384e-13,5.3720873876736835e-08,1.1926511593113524e-07,3.746506396423931e-08,0.0029347867604856566,0.00023794904609431895,3.213323267755067e-17,0.9968267521019026,2.3209655831692783e-07
Random82
Raw:6.954358881292828e-08,3.1659096786476384e-13,5.372087387673722e-08,1.192651159311361e-07,3.746506396423931e-08,0.0029347867604856566,0.00023794904609431553,3.213323267755045e-17,0.9968267521019026,2.320965583169262e-07
EFT:6.954358881292877e-08,3.1659096786476384e-13,5.3720873876736835e-08,1.1926511593113524e-07,3.746506396423931e-08,0.0029347867604856566,0.00023794904609431895,3.213323267755067e-17,0.9968267521019026,2.3209655831692783e-07
Random83
Raw:6.954358881292877e-08,3.1659096786476616e-13,5.372087387673722e-08,1.192651159311361e-07,3.746506396423905e-08,0.0029347867604856566,0.00023794904609431895,3.213323267755113e-17,0.9968267521019026,2.320965583169262e-07
EFT:6.954358881292877e-08,3.1659096786476384e-13,5.3720873876736835e-08,1.1926511593113524e-07,3.746506396423931e-08,0.0029347867604856566,0.00023794904609431895,3.213323267755067e-17,0.9968267521019026,2.3209655831692783e-07
Random84
Raw:6.954358881292926e-08,3.1659096786476616e-13,5.372087387673722e-08,1.192651159311361e-07,3.746506396423931e-08,0.0029347867604856566,0.0002379490460943223,3.213323267755067e-17,0.9968267521019026,2.3209655831692783e-07
EFT:6.954358881292877e-08,3.1659096786476384e-13,5.3720873876736835e-08,1.1926511593113524e-07,3.746506396423931e-08,0.0029347867604856566,0.00023794904609431895,3.213323267755067e-17,0.9968267521019026,2.3209655831692783e-07
Random85
Raw:6.954358881292828e-08,3.1659096786476616e-13,5.372087387673722e-08,1.192651159311361e-07,3.746506396423931e-08,0.0029347867604856566,0.00023794904609431553,3.21332326775509e-17,0.9968267521019026,2.3209655831692783e-07
EFT:6.954358881292877e-08,3.1659096786476384e-13,5.3720873876736835e-08,1.1926511593113524e-07,3.746506396423931e-08,0.0029347867604856566,0.00023794904609431895,3.213323267755067e-17,0.9968267521019026,2.3209655831692783e-07
Random86
Raw:6.954358881292926e-08,3.1659096786476616e-13,5.372087387673722e-08,1.192651159311361e-07,3.746506396423957e-08,0.0029347867604856566,0.00023794904609431895,3.213323267755067e-17,0.9968267521019026,2.3209655831692948e-07
EFT:6.954358881292877e-08,3.1659096786476384e-13,5.3720873876736835e-08,1.1926511593113524e-07,3.746506396423931e-08,0.0029347867604856566,0.00023794904609431895,3.213323267755067e-17,0.9968267521019026,2.3209655831692783e-07
Random87
Raw:6.954358881292877e-08,3.1659096786476616e-13,5.372087387673722e-08,1.192651159311361e-07,3.746506396423905e-08,0.002934786760485615,0.00023794904609431553,3.213323267755136e-17,0.9968267521019026,2.3209655831692783e-07
EFT:6.954358881292877e-08,3.1659096786476384e-13,5.3720873876736835e-08,1.1926511593113524e-07,3.746506396423931e-08,0.0029347867604856566,0.00023794904609431895,3.213323267755067e-17,0.9968267521019026,2.3209655831692783e-07
Random88
Raw:6.954358881292778e-08,3.165909678647616e-13,5.3720873876736835e-08,1.1926511593113524e-07,3.7465063964238784e-08,0.002934786760485615,0.00023794904609431553,3.213323267755045e-17,0.9968267521019026,2.320965583169262e-07
EFT:6.954358881292877e-08,3.1659096786476384e-13,5.3720873876736835e-08,1.1926511593113524e-07,3.746506396423931e-08,0.0029347867604856566,0.00023794904609431895,3.213323267755067e-17,0.9968267521019026,2.3209655831692783e-07
Random89
Raw:6.954358881292926e-08,3.1659096786476616e-13,5.372087387673722e-08,1.192651159311361e-07,3.746506396423957e-08,0.0029347867604856566,0.00023794904609431895,3.213323267755067e-17,0.9968267521019026,2.3209655831692948e-07
EFT:6.954358881292877e-08,3.1659096786476384e-13,5.3720873876736835e-08,1.1926511593113524e-07,3.746506396423931e-08,0.0029347867604856566,0.00023794904609431895,3.213323267755067e-17,0.9968267521019026,2.3209655831692783e-07
Random90
Raw:6.954358881292877e-08,3.1659096786476384e-13,5.3720873876736835e-08,1.1926511593113524e-07,3.746506396423931e-08,0.0029347867604856566,0.00023794904609431895,3.213323267755067e-17,0.9968267521019026,2.3209655831692783e-07
EFT:6.954358881292877e-08,3.1659096786476384e-13,5.3720873876736835e-08,1.1926511593113524e-07,3.746506396423931e-08,0.0029347867604856566,0.00023794904609431895,3.213323267755067e-17,0.9968267521019026,2.3209655831692783e-07
Random91
Raw:6.954358881292828e-08,3.1659096786476384e-13,5.3720873876736835e-08,1.1926511593113524e-07,3.746506396423905e-08,0.0029347867604856566,0.00023794904609431895,3.213323267755045e-17,0.9968267521019026,2.320965583169262e-07
EFT:6.954358881292877e-08,3.1659096786476384e-13,5.3720873876736835e-08,1.1926511593113524e-07,3.746506396423931e-08,0.0029347867604856566,0.00023794904609431895,3.213323267755067e-17,0.9968267521019026,2.3209655831692783e-07
Random92
Raw:6.954358881292828e-08,3.1659096786476384e-13,5.3720873876736835e-08,1.1926511593113524e-07,3.746506396423905e-08,0.0029347867604856566,0.00023794904609431895,3.213323267755045e-17,0.9968267521019026,2.3209655831692453e-07
EFT:6.954358881292877e-08,3.1659096786476384e-13,5.3720873876736835e-08,1.1926511593113524e-07,3.746506396423931e-08,0.0029347867604856566,0.00023794904609431895,3.213323267755067e-17,0.9968267521019026,2.3209655831692783e-07
Random93
Raw:6.954358881292926e-08,3.1659096786476616e-13,5.372087387673722e-08,1.192651159311361e-07,3.746506396423957e-08,0.0029347867604856566,0.00023794904609431895,3.213323267755067e-17,0.9968267521019026,2.3209655831692783e-07
EFT:6.954358881292877e-08,3.1659096786476384e-13,5.3720873876736835e-08,1.1926511593113524e-07,3.746506396423931e-08,0.0029347867604856566,0.00023794904609431895,3.213323267755067e-17,0.9968267521019026,2.3209655831692783e-07
Random94
Raw:6.954358881292877e-08,3.165909678647616e-13,5.372087387673722e-08,1.192651159311361e-07,3.746506396423931e-08,0.0029347867604856566,0.00023794904609431895,3.213323267754999e-17,0.9968267521019026,2.320965583169262e-07
EFT:6.954358881292877e-08,3.1659096786476384e-13,5.3720873876736835e-08,1.1926511593113524e-07,3.746506396423931e-08,0.0029347867604856566,0.00023794904609431895,3.213323267755067e-17,0.9968267521019026,2.3209655831692783e-07
Random95
Raw:6.954358881292828e-08,3.165909678647616e-13,5.372087387673722e-08,1.192651159311361e-07,3.746506396423931e-08,0.0029347867604856566,0.00023794904609431553,3.213323267755045e-17,0.9968267521019026,2.320965583169262e-07
EFT:6.954358881292877e-08,3.1659096786476384e-13,5.3720873876736835e-08,1.1926511593113524e-07,3.746506396423931e-08,0.0029347867604856566,0.00023794904609431895,3.213323267755067e-17,0.9968267521019026,2.3209655831692783e-07
Random96
Raw:6.954358881292828e-08,3.165909678647616e-13,5.372087387673722e-08,1.192651159311361e-07,3.746506396423931e-08,0.0029347867604856566,0.00023794904609431553,3.213323267755045e-17,0.9968267521019026,2.320965583169262e-07
EFT:6.954358881292877e-08,3.1659096786476384e-13,5.3720873876736835e-08,1.1926511593113524e-07,3.746506396423931e-08,0.0029347867604856566,0.00023794904609431895,3.213323267755067e-17,0.9968267521019026,2.3209655831692783e-07
Random97
Raw:6.954358881292828e-08,3.1659096786476384e-13,5.3720873876736835e-08,1.1926511593113524e-07,3.746506396423931e-08,0.0029347867604856566,0.00023794904609431895,3.213323267755067e-17,0.9968267521019026,2.3209655831692783e-07
EFT:6.954358881292877e-08,3.1659096786476384e-13,5.3720873876736835e-08,1.1926511593113524e-07,3.746506396423931e-08,0.0029347867604856566,0.00023794904609431895,3.213323267755067e-17,0.9968267521019026,2.3209655831692783e-07
Random98
Raw:6.954358881292828e-08,3.165909678647616e-13,5.372087387673645e-08,1.192651159311344e-07,3.746506396423931e-08,0.002934786760485615,0.00023794904609431553,3.213323267755022e-17,0.9968267521019026,2.320965583169262e-07
EFT:6.954358881292877e-08,3.1659096786476384e-13,5.3720873876736835e-08,1.1926511593113524e-07,3.746506396423931e-08,0.0029347867604856566,0.00023794904609431895,3.213323267755067e-17,0.9968267521019026,2.3209655831692783e-07
Random99
Raw:6.954358881292926e-08,3.1659096786476616e-13,5.372087387673722e-08,1.192651159311361e-07,3.746506396423931e-08,0.0029347867604856566,0.00023794904609431895,3.21332326775509e-17,0.9968267521019026,2.320965583169262e-07
EFT:6.954358881292877e-08,3.1659096786476384e-13,5.3720873876736835e-08,1.1926511593113524e-07,3.746506396423931e-08,0.0029347867604856566,0.00023794904609431895,3.213323267755067e-17,0.9968267521019026,2.3209655831692783e-07
Random100
Raw:6.954358881292926e-08,3.1659096786476616e-13,5.372087387673722e-08,1.192651159311361e-07,3.746506396423931e-08,0.0029347867604856566,0.00023794904609431895,3.21332326775509e-17,0.9968267521019026,2.3209655831692783e-07
EFT:6.954358881292877e-08,3.1659096786476384e-13,5.3720873876736835e-08,1.1926511593113524e-07,3.746506396423931e-08,0.0029347867604856566,0.00023794904609431895,3.213323267755067e-17,0.9968267521019026,2.3209655831692783e-07
Random101
Raw:6.954358881292926e-08,3.1659096786476616e-13,5.372087387673722e-08,1.192651159311361e-07,3.746506396423957e-08,0.0029347867604856566,0.00023794904609431895,3.213323267755067e-17,0.9968267521019026,2.3209655831692948e-07
EFT:6.954358881292877e-08,3.1659096786476384e-13,5.3720873876736835e-08,1.1926511593113524e-07,3.746506396423931e-08,0.0029347867604856566,0.00023794904609431895,3.213323267755067e-17,0.9968267521019026,2.3209655831692783e-07
Random102
Raw:6.954358881292828e-08,3.165909678647616e-13,5.3720873876736835e-08,1.1926511593113524e-07,3.746506396423905e-08,0.002934786760485615,0.00023794904609431553,3.213323267755045e-17,0.9968267521019026,2.320965583169262e-07
EFT:6.954358881292877e-08,3.1659096786476384e-13,5.3720873876736835e-08,1.1926511593113524e-07,3.746506396423931e-08,0.0029347867604856566,0.00023794904609431895,3.213323267755067e-17,0.9968267521019026,2.3209655831692783e-07
Random103
Raw:6.954358881292828e-08,3.165909678647616e-13,5.372087387673645e-08,1.192651159311344e-07,3.746506396423931e-08,0.002934786760485615,0.00023794904609431553,3.213323267755022e-17,0.9968267521019026,2.320965583169262e-07
EFT:6.954358881292877e-08,3.1659096786476384e-13,5.3720873876736835e-08,1.1926511593113524e-07,3.746506396423931e-08,0.0029347867604856566,0.00023794904609431895,3.213323267755067e-17,0.9968267521019026,2.3209655831692783e-07
Random104
Raw:6.954358881292877e-08,3.1659096786476616e-13,5.372087387673722e-08,1.192651159311361e-07,3.746506396423905e-08,0.0029347867604856566,0.00023794904609431895,3.213323267755113e-17,0.9968267521019026,2.320965583169262e-07
EFT:6.954358881292877e-08,3.1659096786476384e-13,5.3720873876736835e-08,1.1926511593113524e-07,3.746506396423931e-08,0.0029347867604856566,0.00023794904609431895,3.213323267755067e-17,0.9968267521019026,2.3209655831692783e-07
Random105
Raw:6.954358881292828e-08,3.165909678647616e-13,5.372087387673645e-08,1.192651159311344e-07,3.7465063964238784e-08,0.002934786760485615,0.00023794904609431553,3.213323267755045e-17,0.9968267521019026,2.3209655831692453e-07
EFT:6.954358881292877e-08,3.1659096786476384e-13,5.3720873876736835e-08,1.1926511593113524e-07,3.746506396423931e-08,0.0029347867604856566,0.00023794904609431895,3.213323267755067e-17,0.9968267521019026,2.3209655831692783e-07
Random106
Raw:6.954358881292828e-08,3.165909678647616e-13,5.3720873876736835e-08,1.1926511593113524e-07,3.746506396423905e-08,0.002934786760485615,0.00023794904609431553,3.213323267755045e-17,0.9968267521019026,2.320965583169262e-07
EFT:6.954358881292877e-08,3.1659096786476384e-13,5.3720873876736835e-08,1.1926511593113524e-07,3.746506396423931e-08,0.0029347867604856566,0.00023794904609431895,3.213323267755067e-17,0.9968267521019026,2.3209655831692783e-07
Random107
Raw:6.954358881292926e-08,3.165909678647684e-13,5.3720873876737596e-08,1.1926511593113694e-07,3.746506396423957e-08,0.0029347867604856566,0.00023794904609431895,3.213323267755113e-17,0.9968267521019026,2.3209655831692948e-07
EFT:6.954358881292877e-08,3.1659096786476384e-13,5.3720873876736835e-08,1.1926511593113524e-07,3.746506396423931e-08,0.0029347867604856566,0.00023794904609431895,3.213323267755067e-17,0.9968267521019026,2.3209655831692783e-07
Random108
Raw:6.954358881292828e-08,3.165909678647616e-13,5.372087387673645e-08,1.192651159311344e-07,3.746506396423931e-08,0.002934786760485615,0.00023794904609431553,3.213323267755022e-17,0.9968267521019026,2.320965583169262e-07
EFT:6.954358881292877e-08,3.1659096786476384e-13,5.3720873876736835e-08,1.1926511593113524e-07,3.746506396423931e-08,0.0029347867604856566,0.00023794904609431895,3.213323267755067e-17,0.9968267521019026,2.3209655831692783e-07
Random109
Raw:6.954358881292926e-08,3.165909678647684e-13,5.372087387673722e-08,1.1926511593113694e-07,3.746506396423931e-08,0.002934786760485615,0.00023794904609431895,3.213323267755136e-17,0.9968267521019026,2.3209655831692783e-07
EFT:6.954358881292877e-08,3.1659096786476384e-13,5.3720873876736835e-08,1.1926511593113524e-07,3.746506396423931e-08,0.0029347867604856566,0.00023794904609431895,3.213323267755067e-17,0.9968267521019026,2.3209655831692783e-07
Random110
Raw:6.954358881292926e-08,3.1659096786476616e-13,5.372087387673722e-08,1.192651159311361e-07,3.746506396423931e-08,0.0029347867604856566,0.00023794904609431895,3.21332326775509e-17,0.9968267521019026,2.320965583169262e-07
EFT:6.954358881292877e-08,3.1659096786476384e-13,5.3720873876736835e-08,1.1926511593113524e-07,3.746506396423931e-08,0.0029347867604856566,0.00023794904609431895,3.213323267755067e-17,0.9968267521019026,2.3209655831692783e-07
Random111
Raw:6.954358881292877e-08,3.1659096786476616e-13,5.3720873876736835e-08,1.192651159311361e-07,3.746506396423905e-08,0.002934786760485615,0.00023794904609431553,3.21332326775509e-17,0.9968267521019026,2.320965583169262e-07
EFT:6.954358881292877e-08,3.1659096786476384e-13,5.3720873876736835e-08,1.1926511593113524e-07,3.746506396423931e-08,0.0029347867604856566,0.00023794904609431895,3.213323267755067e-17,0.9968267521019026,2.3209655831692783e-07
Random112
Raw:6.954358881292778e-08,3.1659096786475935e-13,5.372087387673645e-08,1.192651159311344e-07,3.7465063964238784e-08,0.002934786760485615,0.00023794904609431553,3.2133232677549763e-17,0.9968267521019026,2.3209655831692453e-07
EFT:6.954358881292877e-08,3.1659096786476384e-13,5.3720873876736835e-08,1.1926511593113524e-07,3.746506396423931e-08,0.0029347867604856566,0.00023794904609431895,3.213323267755067e-17,0.9968267521019026,2.3209655831692783e-07
Random113
Raw:6.954358881292926e-08,3.1659096786476616e-13,5.372087387673722e-08,1.192651159311361e-07,3.746506396423957e-08,0.0029347867604856566,0.00023794904609431895,3.213323267755067e-17,0.9968267521019026,2.3209655831692948e-07
EFT:6.954358881292877e-08,3.1659096786476384e-13,5.3720873876736835e-08,1.1926511593113524e-07,3.746506396423931e-08,0.0029347867604856566,0.00023794904609431895,3.213323267755067e-17,0.9968267521019026,2.3209655831692783e-07
Random114
Raw:6.954358881292926e-08,3.1659096786476616e-13,5.372087387673722e-08,1.192651159311361e-07,3.746506396423931e-08,0.0029347867604856566,0.00023794904609431895,3.21332326775509e-17,0.9968267521019026,2.320965583169262e-07
EFT:6.954358881292877e-08,3.1659096786476384e-13,5.3720873876736835e-08,1.1926511593113524e-07,3.746506396423931e-08,0.0029347867604856566,0.00023794904609431895,3.213323267755067e-17,0.9968267521019026,2.3209655831692783e-07
Random115
Raw:6.954358881292828e-08,3.165909678647616e-13,5.372087387673645e-08,1.192651159311344e-07,3.7465063964238784e-08,0.002934786760485615,0.00023794904609431553,3.213323267755045e-17,0.9968267521019026,2.3209655831692453e-07
EFT:6.954358881292877e-08,3.1659096786476384e-13,5.3720873876736835e-08,1.1926511593113524e-07,3.746506396423931e-08,0.0029347867604856566,0.00023794904609431895,3.213323267755067e-17,0.9968267521019026,2.3209655831692783e-07
Random116
Raw:6.954358881292877e-08,3.1659096786476616e-13,5.372087387673722e-08,1.192651159311361e-07,3.746506396423931e-08,0.002934786760485615,0.00023794904609431895,3.21332326775509e-17,0.9968267521019026,2.320965583169262e-07
EFT:6.954358881292877e-08,3.1659096786476384e-13,5.3720873876736835e-08,1.1926511593113524e-07,3.746506396423931e-08,0.0029347867604856566,0.00023794904609431895,3.213323267755067e-17,0.9968267521019026,2.3209655831692783e-07
Random117
Raw:6.954358881292877e-08,3.1659096786476616e-13,5.3720873876736835e-08,1.192651159311361e-07,3.746506396423905e-08,0.002934786760485615,0.00023794904609431553,3.21332326775509e-17,0.9968267521019026,2.320965583169262e-07
EFT:6.954358881292877e-08,3.1659096786476384e-13,5.3720873876736835e-08,1.1926511593113524e-07,3.746506396423931e-08,0.0029347867604856566,0.00023794904609431895,3.213323267755067e-17,0.9968267521019026,2.3209655831692783e-07
Random118
Raw:6.954358881292828e-08,3.165909678647616e-13,5.372087387673645e-08,1.192651159311344e-07,3.746506396423931e-08,0.002934786760485615,0.00023794904609431553,3.213323267755022e-17,0.9968267521019026,2.320965583169262e-07
EFT:6.954358881292877e-08,3.1659096786476384e-13,5.3720873876736835e-08,1.1926511593113524e-07,3.746506396423931e-08,0.0029347867604856566,0.00023794904609431895,3.213323267755067e-17,0.9968267521019026,2.3209655831692783e-07
Random119
Raw:6.954358881292877e-08,3.1659096786476616e-13,5.372087387673722e-08,1.192651159311361e-07,3.746506396423931e-08,0.002934786760485615,0.00023794904609431895,3.21332326775509e-17,0.9968267521019026,2.320965583169262e-07
EFT:6.954358881292877e-08,3.1659096786476384e-13,5.3720873876736835e-08,1.1926511593113524e-07,3.746506396423931e-08,0.0029347867604856566,0.00023794904609431895,3.213323267755067e-17,0.9968267521019026,2.3209655831692783e-07
Random120
Raw:6.954358881292877e-08,3.1659096786476384e-13,5.372087387673722e-08,1.1926511593113524e-07,3.746506396423931e-08,0.0029347867604856566,0.00023794904609431895,3.213323267755045e-17,0.9968267521019026,2.320965583169262e-07
EFT:6.954358881292877e-08,3.1659096786476384e-13,5.3720873876736835e-08,1.1926511593113524e-07,3.746506396423931e-08,0.0029347867604856566,0.00023794904609431895,3.213323267755067e-17,0.9968267521019026,2.3209655831692783e-07
Random121
Raw:6.954358881292828e-08,3.1659096786476384e-13,5.372087387673645e-08,1.192651159311344e-07,3.746506396423905e-08,0.002934786760485615,0.00023794904609431553,3.213323267755067e-17,0.9968267521019026,2.320965583169262e-07
EFT:6.954358881292877e-08,3.1659096786476384e-13,5.3720873876736835e-08,1.1926511593113524e-07,3.746506396423931e-08,0.0029347867604856566,0.00023794904609431895,3.213323267755067e-17,0.9968267521019026,2.3209655831692783e-07
Random122
Raw:6.954358881292926e-08,3.1659096786477066e-13,5.3720873876737596e-08,1.1926511593113694e-07,3.746506396423931e-08,0.0029347867604856566,0.00023794904609431895,3.213323267755159e-17,0.9968267521019026,2.3209655831692948e-07
EFT:6.954358881292877e-08,3.1659096786476384e-13,5.3720873876736835e-08,1.1926511593113524e-07,3.746506396423931e-08,0.0029347867604856566,0.00023794904609431895,3.213323267755067e-17,0.9968267521019026,2.3209655831692783e-07
Random123
Raw:6.954358881292828e-08,3.165909678647616e-13,5.372087387673645e-08,1.192651159311344e-07,3.7465063964238784e-08,0.002934786760485615,0.00023794904609431553,3.213323267755045e-17,0.9968267521019026,2.3209655831692453e-07
EFT:6.954358881292877e-08,3.1659096786476384e-13,5.3720873876736835e-08,1.1926511593113524e-07,3.746506396423931e-08,0.0029347867604856566,0.00023794904609431895,3.213323267755067e-17,0.9968267521019026,2.3209655831692783e-07
Random124
Raw:6.954358881292926e-08,3.165909678647684e-13,5.3720873876737596e-08,1.1926511593113694e-07,3.746506396423957e-08,0.0029347867604856566,0.00023794904609431895,3.21332326775509e-17,0.9968267521019026,2.3209655831692783e-07
EFT:6.954358881292877e-08,3.1659096786476384e-13,5.3720873876736835e-08,1.1926511593113524e-07,3.746506396423931e-08,0.0029347867604856566,0.00023794904609431895,3.213323267755067e-17,0.9968267521019026,2.3209655831692783e-07
Random125
Raw:6.954358881292877e-08,3.1659096786476616e-13,5.372087387673722e-08,1.192651159311361e-07,3.746506396423905e-08,0.002934786760485615,0.00023794904609431553,3.213323267755136e-17,0.9968267521019026,2.3209655831692783e-07
EFT:6.954358881292877e-08,3.1659096786476384e-13,5.3720873876736835e-08,1.1926511593113524e-07,3.746506396423931e-08,0.0029347867604856566,0.00023794904609431895,3.213323267755067e-17,0.9968267521019026,2.3209655831692783e-07
Random126
Raw:6.954358881292828e-08,3.1659096786476384e-13,5.372087387673645e-08,1.192651159311344e-07,3.746506396423905e-08,0.002934786760485615,0.00023794904609431553,3.213323267755067e-17,0.9968267521019026,2.320965583169262e-07
EFT:6.954358881292877e-08,3.1659096786476384e-13,5.3720873876736835e-08,1.1926511593113524e-07,3.746506396423931e-08,0.0029347867604856566,0.00023794904609431895,3.213323267755067e-17,0.9968267521019026,2.3209655831692783e-07
Random127
Raw:6.954358881292828e-08,3.1659096786476384e-13,5.372087387673645e-08,1.1926511593113524e-07,3.746506396423931e-08,0.002934786760485615,0.00023794904609431553,3.213323267755067e-17,0.9968267521019026,2.320965583169262e-07
EFT:6.954358881292877e-08,3.1659096786476384e-13,5.3720873876736835e-08,1.1926511593113524e-07,3.746506396423931e-08,0.0029347867604856566,0.00023794904609431895,3.213323267755067e-17,0.9968267521019026,2.3209655831692783e-07
Random128
Raw:6.954358881292926e-08,3.1659096786476616e-13,5.372087387673722e-08,1.192651159311361e-07,3.746506396423957e-08,0.0029347867604856566,0.00023794904609431895,3.213323267755067e-17,0.9968267521019026,2.3209655831692948e-07
EFT:6.954358881292877e-08,3.1659096786476384e-13,5.3720873876736835e-08,1.1926511593113524e-07,3.746506396423931e-08,0.0029347867604856566,0.00023794904609431895,3.213323267755067e-17,0.9968267521019026,2.3209655831692783e-07
Random129
Raw:6.954358881292828e-08,3.1659096786476384e-13,5.3720873876736835e-08,1.1926511593113524e-07,3.746506396423931e-08,0.002934786760485615,0.00023794904609431553,3.213323267755067e-17,0.9968267521019026,2.320965583169262e-07
EFT:6.954358881292877e-08,3.1659096786476384e-13,5.3720873876736835e-08,1.1926511593113524e-07,3.746506396423931e-08,0.0029347867604856566,0.00023794904609431895,3.213323267755067e-17,0.9968267521019026,2.3209655831692783e-07
Random130
Raw:6.954358881292877e-08,3.1659096786476616e-13,5.372087387673722e-08,1.192651159311361e-07,3.746506396423931e-08,0.0029347867604856566,0.00023794904609431895,3.213323267755067e-17,0.9968267521019026,2.3209655831692783e-07
EFT:6.954358881292877e-08,3.1659096786476384e-13,5.3720873876736835e-08,1.1926511593113524e-07,3.746506396423931e-08,0.0029347867604856566,0.00023794904609431895,3.213323267755067e-17,0.9968267521019026,2.3209655831692783e-07
Random131
Raw:6.954358881292828e-08,3.165909678647616e-13,5.372087387673645e-08,1.192651159311344e-07,3.7465063964238784e-08,0.002934786760485615,0.00023794904609431553,3.213323267755045e-17,0.9968267521019026,2.3209655831692453e-07
EFT:6.954358881292877e-08,3.1659096786476384e-13,5.3720873876736835e-08,1.1926511593113524e-07,3.746506396423931e-08,0.0029347867604856566,0.00023794904609431895,3.213323267755067e-17,0.9968267521019026,2.3209655831692783e-07
Random132
Raw:6.954358881292828e-08,3.1659096786476616e-13,5.372087387673722e-08,1.192651159311361e-07,3.746506396423931e-08,0.0029347867604856566,0.00023794904609431553,3.21332326775509e-17,0.9968267521019026,2.3209655831692783e-07
EFT:6.954358881292877e-08,3.1659096786476384e-13,5.3720873876736835e-08,1.1926511593113524e-07,3.746506396423931e-08,0.0029347867604856566,0.00023794904609431895,3.213323267755067e-17,0.9968267521019026,2.3209655831692783e-07
Random133
Raw:6.954358881292828e-08,3.1659096786476384e-13,5.372087387673722e-08,1.192651159311361e-07,3.746506396423931e-08,0.0029347867604856566,0.00023794904609431895,3.213323267755045e-17,0.9968267521019026,2.320965583169262e-07
EFT:6.954358881292877e-08,3.1659096786476384e-13,5.3720873876736835e-08,1.1926511593113524e-07,3.746506396423931e-08,0.0029347867604856566,0.00023794904609431895,3.213323267755067e-17,0.9968267521019026,2.3209655831692783e-07
Random134
Raw:6.954358881292877e-08,3.1659096786476384e-13,5.372087387673722e-08,1.1926511593113524e-07,3.746506396423931e-08,0.0029347867604856566,0.00023794904609431895,3.213323267755045e-17,0.9968267521019026,2.320965583169262e-07
EFT:6.954358881292877e-08,3.1659096786476384e-13,5.3720873876736835e-08,1.1926511593113524e-07,3.746506396423931e-08,0.0029347867604856566,0.00023794904609431895,3.213323267755067e-17,0.9968267521019026,2.3209655831692783e-07
Random135
Raw:6.954358881292926e-08,3.1659096786477066e-13,5.3720873876737596e-08,1.1926511593113694e-07,3.746506396423957e-08,0.0029347867604856566,0.00023794904609431895,3.213323267755136e-17,0.9968267521019026,2.3209655831692948e-07
EFT:6.954358881292877e-08,3.1659096786476384e-13,5.3720873876736835e-08,1.1926511593113524e-07,3.746506396423931e-08,0.0029347867604856566,0.00023794904609431895,3.213323267755067e-17,0.9968267521019026,2.3209655831692783e-07
Random136
Raw:6.954358881292926e-08,3.165909678647684e-13,5.372087387673722e-08,1.192651159311361e-07,3.746506396423931e-08,0.0029347867604856566,0.00023794904609431895,3.213323267755136e-17,0.9968267521019026,2.3209655831692783e-07
EFT:6.954358881292877e-08,3.1659096786476384e-13,5.3720873876736835e-08,1.1926511593113524e-07,3.746506396423931e-08,0.0029347867604856566,0.00023794904609431895,3.213323267755067e-17,0.9968267521019026,2.3209655831692783e-07
Random137
Raw:6.954358881292877e-08,3.1659096786476616e-13,5.372087387673722e-08,1.192651159311361e-07,3.746506396423931e-08,0.002934786760485615,0.00023794904609431895,3.21332326775509e-17,0.9968267521019026,2.320965583169262e-07
EFT:6.954358881292877e-08,3.1659096786476384e-13,5.3720873876736835e-08,1.1926511593113524e-07,3.746506396423931e-08,0.0029347867604856566,0.00023794904609431895,3.213323267755067e-17,0.9968267521019026,2.3209655831692783e-07
Random138
Raw:6.954358881292877e-08,3.1659096786476616e-13,5.372087387673722e-08,1.192651159311361e-07,3.746506396423931e-08,0.0029347867604856566,0.00023794904609431895,3.213323267755067e-17,0.9968267521019026,2.3209655831692783e-07
EFT:6.954358881292877e-08,3.1659096786476384e-13,5.3720873876736835e-08,1.1926511593113524e-07,3.746506396423931e-08,0.0029347867604856566,0.00023794904609431895,3.213323267755067e-17,0.9968267521019026,2.3209655831692783e-07
Random139
Raw:6.954358881292877e-08,3.1659096786476384e-13,5.372087387673722e-08,1.1926511593113524e-07,3.746506396423931e-08,0.0029347867604856566,0.00023794904609431895,3.213323267755045e-17,0.9968267521019026,2.320965583169262e-07
EFT:6.954358881292877e-08,3.1659096786476384e-13,5.3720873876736835e-08,1.1926511593113524e-07,3.746506396423931e-08,0.0029347867604856566,0.00023794904609431895,3.213323267755067e-17,0.9968267521019026,2.3209655831692783e-07
Random140
Raw:6.954358881292877e-08,3.1659096786476384e-13,5.3720873876736835e-08,1.1926511593113524e-07,3.746506396423931e-08,0.0029347867604856566,0.00023794904609431895,3.213323267755067e-17,0.9968267521019026,2.3209655831692783e-07
EFT:6.954358881292877e-08,3.1659096786476384e-13,5.3720873876736835e-08,1.1926511593113524e-07,3.746506396423931e-08,0.0029347867604856566,0.00023794904609431895,3.213323267755067e-17,0.9968267521019026,2.3209655831692783e-07
Random141
Raw:6.954358881292828e-08,3.1659096786476384e-13,5.372087387673722e-08,1.192651159311361e-07,3.746506396423931e-08,0.0029347867604856566,0.00023794904609431895,3.213323267755045e-17,0.9968267521019026,2.320965583169262e-07
EFT:6.954358881292877e-08,3.1659096786476384e-13,5.3720873876736835e-08,1.1926511593113524e-07,3.746506396423931e-08,0.0029347867604856566,0.00023794904609431895,3.213323267755067e-17,0.9968267521019026,2.3209655831692783e-07
Random142
Raw:6.954358881292828e-08,3.165909678647616e-13,5.372087387673722e-08,1.1926511593113524e-07,3.746506396423931e-08,0.0029347867604856566,0.00023794904609431895,3.213323267754999e-17,0.9968267521019026,2.320965583169262e-07
EFT:6.954358881292877e-08,3.1659096786476384e-13,5.3720873876736835e-08,1.1926511593113524e-07,3.746506396423931e-08,0.0029347867604856566,0.00023794904609431895,3.213323267755067e-17,0.9968267521019026,2.3209655831692783e-07
Random143
Raw:6.954358881292926e-08,3.1659096786476616e-13,5.372087387673722e-08,1.192651159311361e-07,3.746506396423931e-08,0.0029347867604856566,0.00023794904609431895,3.21332326775509e-17,0.9968267521019026,2.320965583169262e-07
EFT:6.954358881292877e-08,3.1659096786476384e-13,5.3720873876736835e-08,1.1926511593113524e-07,3.746506396423931e-08,0.0029347867604856566,0.00023794904609431895,3.213323267755067e-17,0.9968267521019026,2.3209655831692783e-07
Random144
Raw:6.954358881292926e-08,3.1659096786476616e-13,5.372087387673722e-08,1.192651159311361e-07,3.746506396423957e-08,0.0029347867604856566,0.00023794904609431895,3.213323267755067e-17,0.9968267521019026,2.3209655831692783e-07
EFT:6.954358881292877e-08,3.1659096786476384e-13,5.3720873876736835e-08,1.1926511593113524e-07,3.746506396423931e-08,0.0029347867604856566,0.00023794904609431895,3.213323267755067e-17,0.9968267521019026,2.3209655831692783e-07
Random145
Raw:6.954358881292877e-08,3.1659096786476384e-13,5.3720873876736835e-08,1.1926511593113524e-07,3.746506396423931e-08,0.0029347867604856566,0.00023794904609431895,3.213323267755067e-17,0.9968267521019026,2.3209655831692783e-07
EFT:6.954358881292877e-08,3.1659096786476384e-13,5.3720873876736835e-08,1.1926511593113524e-07,3.746506396423931e-08,0.0029347867604856566,0.00023794904609431895,3.213323267755067e-17,0.9968267521019026,2.3209655831692783e-07
Random146
Raw:6.954358881292828e-08,3.1659096786475935e-13,5.3720873876736835e-08,1.192651159311344e-07,3.746506396423905e-08,0.0029347867604856566,0.00023794904609431553,3.213323267754999e-17,0.9968267521019026,2.3209655831692453e-07
EFT:6.954358881292877e-08,3.1659096786476384e-13,5.3720873876736835e-08,1.1926511593113524e-07,3.746506396423931e-08,0.0029347867604856566,0.00023794904609431895,3.213323267755067e-17,0.9968267521019026,2.3209655831692783e-07
Random147
Raw:6.954358881292828e-08,3.165909678647616e-13,5.3720873876736835e-08,1.1926511593113524e-07,3.746506396423905e-08,0.002934786760485615,0.00023794904609431553,3.213323267755045e-17,0.9968267521019026,2.320965583169262e-07
EFT:6.954358881292877e-08,3.1659096786476384e-13,5.3720873876736835e-08,1.1926511593113524e-07,3.746506396423931e-08,0.0029347867604856566,0.00023794904609431895,3.213323267755067e-17,0.9968267521019026,2.3209655831692783e-07
Random148
Raw:6.954358881292926e-08,3.165909678647684e-13,5.372087387673722e-08,1.192651159311361e-07,3.746506396423931e-08,0.0029347867604856566,0.00023794904609431895,3.213323267755113e-17,0.9968267521019026,2.3209655831692783e-07
EFT:6.954358881292877e-08,3.1659096786476384e-13,5.3720873876736835e-08,1.1926511593113524e-07,3.746506396423931e-08,0.0029347867604856566,0.00023794904609431895,3.213323267755067e-17,0.9968267521019026,2.3209655831692783e-07
Random149
Raw:6.954358881292877e-08,3.1659096786476616e-13,5.372087387673722e-08,1.192651159311361e-07,3.746506396423957e-08,0.0029347867604856566,0.00023794904609431553,3.213323267755113e-17,0.9968267521019026,2.3209655831692948e-07
EFT:6.954358881292877e-08,3.1659096786476384e-13,5.3720873876736835e-08,1.1926511593113524e-07,3.746506396423931e-08,0.0029347867604856566,0.00023794904609431895,3.213323267755067e-17,0.9968267521019026,2.3209655831692783e-07
Random150
Raw:6.954358881292877e-08,3.1659096786476616e-13,5.372087387673722e-08,1.192651159311361e-07,3.746506396423931e-08,0.002934786760485615,0.00023794904609431553,3.213323267755113e-17,0.9968267521019026,2.3209655831692948e-07
EFT:6.954358881292877e-08,3.1659096786476384e-13,5.3720873876736835e-08,1.1926511593113524e-07,3.746506396423931e-08,0.0029347867604856566,0.00023794904609431895,3.213323267755067e-17,0.9968267521019026,2.3209655831692783e-07
Random151
Raw:6.954358881292926e-08,3.1659096786476616e-13,5.372087387673722e-08,1.192651159311361e-07,3.746506396423957e-08,0.0029347867604856566,0.00023794904609431895,3.213323267755067e-17,0.9968267521019026,2.3209655831692783e-07
EFT:6.954358881292877e-08,3.1659096786476384e-13,5.3720873876736835e-08,1.1926511593113524e-07,3.746506396423931e-08,0.0029347867604856566,0.00023794904609431895,3.213323267755067e-17,0.9968267521019026,2.3209655831692783e-07
Random152
Raw:6.954358881292877e-08,3.1659096786476384e-13,5.3720873876736835e-08,1.1926511593113524e-07,3.746506396423905e-08,0.0029347867604856566,0.00023794904609431895,3.213323267755045e-17,0.9968267521019026,2.320965583169262e-07
EFT:6.954358881292877e-08,3.1659096786476384e-13,5.3720873876736835e-08,1.1926511593113524e-07,3.746506396423931e-08,0.0029347867604856566,0.00023794904609431895,3.213323267755067e-17,0.9968267521019026,2.3209655831692783e-07
Random153
Raw:6.954358881292828e-08,3.165909678647616e-13,5.3720873876736835e-08,1.1926511593113524e-07,3.746506396423905e-08,0.002934786760485615,0.00023794904609431553,3.213323267755045e-17,0.9968267521019026,2.320965583169262e-07
EFT:6.954358881292877e-08,3.1659096786476384e-13,5.3720873876736835e-08,1.1926511593113524e-07,3.746506396423931e-08,0.0029347867604856566,0.00023794904609431895,3.213323267755067e-17,0.9968267521019026,2.3209655831692783e-07
Random154
Raw:6.954358881292828e-08,3.1659096786476384e-13,5.372087387673722e-08,1.192651159311361e-07,3.746506396423931e-08,0.0029347867604856566,0.00023794904609431553,3.213323267755045e-17,0.9968267521019026,2.320965583169262e-07
EFT:6.954358881292877e-08,3.1659096786476384e-13,5.3720873876736835e-08,1.1926511593113524e-07,3.746506396423931e-08,0.0029347867604856566,0.00023794904609431895,3.213323267755067e-17,0.9968267521019026,2.3209655831692783e-07
Random155
Raw:6.954358881292828e-08,3.165909678647616e-13,5.372087387673645e-08,1.192651159311344e-07,3.7465063964238784e-08,0.002934786760485615,0.00023794904609431553,3.213323267755045e-17,0.9968267521019026,2.3209655831692453e-07
EFT:6.954358881292877e-08,3.1659096786476384e-13,5.3720873876736835e-08,1.1926511593113524e-07,3.746506396423931e-08,0.0029347867604856566,0.00023794904609431895,3.213323267755067e-17,0.9968267521019026,2.3209655831692783e-07
Random156
Raw:6.954358881292926e-08,3.165909678647684e-13,5.372087387673722e-08,1.1926511593113694e-07,3.746506396423931e-08,0.0029347867604856566,0.00023794904609431895,3.213323267755136e-17,0.9968267521019026,2.3209655831692783e-07
EFT:6.954358881292877e-08,3.1659096786476384e-13,5.3720873876736835e-08,1.1926511593113524e-07,3.746506396423931e-08,0.0029347867604856566,0.00023794904609431895,3.213323267755067e-17,0.9968267521019026,2.3209655831692783e-07
Random157
Raw:6.954358881292828e-08,3.1659096786476384e-13,5.3720873876736835e-08,1.1926511593113524e-07,3.746506396423905e-08,0.0029347867604856566,0.00023794904609431895,3.213323267755045e-17,0.9968267521019026,2.3209655831692453e-07
EFT:6.954358881292877e-08,3.1659096786476384e-13,5.3720873876736835e-08,1.1926511593113524e-07,3.746506396423931e-08,0.0029347867604856566,0.00023794904609431895,3.213323267755067e-17,0.9968267521019026,2.3209655831692783e-07
Random158
Raw:6.954358881292828e-08,3.1659096786476616e-13,5.3720873876736835e-08,1.1926511593113524e-07,3.746506396423905e-08,0.002934786760485615,0.00023794904609431553,3.21332326775509e-17,0.9968267521019026,2.320965583169262e-07
EFT:6.954358881292877e-08,3.1659096786476384e-13,5.3720873876736835e-08,1.1926511593113524e-07,3.746506396423931e-08,0.0029347867604856566,0.00023794904609431895,3.213323267755067e-17,0.9968267521019026,2.3209655831692783e-07
Random159
Raw:6.954358881292877e-08,3.1659096786476384e-13,5.3720873876736835e-08,1.1926511593113524e-07,3.746506396423931e-08,0.0029347867604856566,0.00023794904609431895,3.213323267755067e-17,0.9968267521019026,2.3209655831692783e-07
EFT:6.954358881292877e-08,3.1659096786476384e-13,5.3720873876736835e-08,1.1926511593113524e-07,3.746506396423931e-08,0.0029347867604856566,0.00023794904609431895,3.213323267755067e-17,0.9968267521019026,2.3209655831692783e-07
Random160
Raw:6.954358881292828e-08,3.165909678647616e-13,5.3720873876736835e-08,1.1926511593113524e-07,3.746506396423905e-08,0.002934786760485615,0.00023794904609431553,3.213323267755045e-17,0.9968267521019026,2.320965583169262e-07
EFT:6.954358881292877e-08,3.1659096786476384e-13,5.3720873876736835e-08,1.1926511593113524e-07,3.746506396423931e-08,0.0029347867604856566,0.00023794904609431895,3.213323267755067e-17,0.9968267521019026,2.3209655831692783e-07
Random161
Raw:6.954358881292877e-08,3.1659096786476616e-13,5.372087387673722e-08,1.192651159311361e-07,3.746506396423957e-08,0.0029347867604856566,0.00023794904609431553,3.213323267755113e-17,0.9968267521019026,2.3209655831692948e-07
EFT:6.954358881292877e-08,3.1659096786476384e-13,5.3720873876736835e-08,1.1926511593113524e-07,3.746506396423931e-08,0.0029347867604856566,0.00023794904609431895,3.213323267755067e-17,0.9968267521019026,2.3209655831692783e-07
Random162
Raw:6.954358881292828e-08,3.165909678647616e-13,5.3720873876736835e-08,1.1926511593113524e-07,3.746506396423905e-08,0.002934786760485615,0.00023794904609431553,3.213323267755045e-17,0.9968267521019026,2.320965583169262e-07
EFT:6.954358881292877e-08,3.1659096786476384e-13,5.3720873876736835e-08,1.1926511593113524e-07,3.746506396423931e-08,0.0029347867604856566,0.00023794904609431895,3.213323267755067e-17,0.9968267521019026,2.3209655831692783e-07
Random163
Raw:6.954358881292828e-08,3.1659096786476616e-13,5.3720873876736835e-08,1.1926511593113524e-07,3.746506396423905e-08,0.002934786760485615,0.00023794904609431553,3.21332326775509e-17,0.9968267521019026,2.320965583169262e-07
EFT:6.954358881292877e-08,3.1659096786476384e-13,5.3720873876736835e-08,1.1926511593113524e-07,3.746506396423931e-08,0.0029347867604856566,0.00023794904609431895,3.213323267755067e-17,0.9968267521019026,2.3209655831692783e-07
Random164
Raw:6.954358881292926e-08,3.1659096786476616e-13,5.372087387673722e-08,1.192651159311361e-07,3.746506396423957e-08,0.0029347867604856566,0.00023794904609431895,3.213323267755113e-17,0.9968267521019026,2.3209655831692948e-07
EFT:6.954358881292877e-08,3.1659096786476384e-13,5.3720873876736835e-08,1.1926511593113524e-07,3.746506396423931e-08,0.0029347867604856566,0.00023794904609431895,3.213323267755067e-17,0.9968267521019026,2.3209655831692783e-07
Random165
Raw:6.954358881292828e-08,3.165909678647616e-13,5.3720873876736835e-08,1.1926511593113524e-07,3.746506396423905e-08,0.002934786760485615,0.00023794904609431553,3.213323267755045e-17,0.9968267521019026,2.320965583169262e-07
EFT:6.954358881292877e-08,3.1659096786476384e-13,5.3720873876736835e-08,1.1926511593113524e-07,3.746506396423931e-08,0.0029347867604856566,0.00023794904609431895,3.213323267755067e-17,0.9968267521019026,2.3209655831692783e-07
Random166
Raw:6.954358881292828e-08,3.1659096786476384e-13,5.372087387673645e-08,1.192651159311344e-07,3.746506396423905e-08,0.002934786760485615,0.00023794904609431553,3.213323267755067e-17,0.9968267521019026,2.320965583169262e-07
EFT:6.954358881292877e-08,3.1659096786476384e-13,5.3720873876736835e-08,1.1926511593113524e-07,3.746506396423931e-08,0.0029347867604856566,0.00023794904609431895,3.213323267755067e-17,0.9968267521019026,2.3209655831692783e-07
Random167
Raw:6.954358881292877e-08,3.165909678647684e-13,5.372087387673722e-08,1.192651159311361e-07,3.746506396423931e-08,0.0029347867604856566,0.00023794904609431895,3.213323267755136e-17,0.9968267521019026,2.3209655831692783e-07
EFT:6.954358881292877e-08,3.1659096786476384e-13,5.3720873876736835e-08,1.1926511593113524e-07,3.746506396423931e-08,0.0029347867604856566,0.00023794904609431895,3.213323267755067e-17,0.9968267521019026,2.3209655831692783e-07
Random168
Raw:6.954358881292926e-08,3.1659096786476616e-13,5.372087387673722e-08,1.192651159311361e-07,3.746506396423957e-08,0.0029347867604856566,0.00023794904609431895,3.213323267755067e-17,0.9968267521019026,2.3209655831692948e-07
EFT:6.954358881292877e-08,3.1659096786476384e-13,5.3720873876736835e-08,1.1926511593113524e-07,3.746506396423931e-08,0.0029347867604856566,0.00023794904609431895,3.213323267755067e-17,0.9968267521019026,2.3209655831692783e-07
Random169
Raw:6.954358881292877e-08,3.165909678647616e-13,5.372087387673722e-08,1.192651159311361e-07,3.746506396423931e-08,0.0029347867604856566,0.00023794904609431895,3.213323267754999e-17,0.9968267521019026,2.320965583169262e-07
EFT:6.954358881292877e-08,3.1659096786476384e-13,5.3720873876736835e-08,1.1926511593113524e-07,3.746506396423931e-08,0.0029347867604856566,0.00023794904609431895,3.213323267755067e-17,0.9968267521019026,2.3209655831692783e-07
Random170
Raw:6.954358881292926e-08,3.1659096786476616e-13,5.372087387673722e-08,1.192651159311361e-07,3.746506396423957e-08,0.0029347867604856566,0.00023794904609431895,3.213323267755067e-17,0.9968267521019026,2.3209655831692783e-07
EFT:6.954358881292877e-08,3.1659096786476384e-13,5.3720873876736835e-08,1.1926511593113524e-07,3.746506396423931e-08,0.0029347867604856566,0.00023794904609431895,3.213323267755067e-17,0.9968267521019026,2.3209655831692783e-07
Random171
Raw:6.954358881292926e-08,3.165909678647684e-13,5.372087387673722e-08,1.1926511593113694e-07,3.746506396423931e-08,0.0029347867604856566,0.00023794904609431895,3.213323267755113e-17,0.9968267521019026,2.3209655831692783e-07
EFT:6.954358881292877e-08,3.1659096786476384e-13,5.3720873876736835e-08,1.1926511593113524e-07,3.746506396423931e-08,0.0029347867604856566,0.00023794904609431895,3.213323267755067e-17,0.9968267521019026,2.3209655831692783e-07
Random172
Raw:6.954358881292926e-08,3.1659096786476616e-13,5.372087387673722e-08,1.192651159311361e-07,3.746506396423957e-08,0.0029347867604856566,0.00023794904609431895,3.213323267755067e-17,0.9968267521019026,2.3209655831692783e-07
EFT:6.954358881292877e-08,3.1659096786476384e-13,5.3720873876736835e-08,1.1926511593113524e-07,3.746506396423931e-08,0.0029347867604856566,0.00023794904609431895,3.213323267755067e-17,0.9968267521019026,2.3209655831692783e-07
Random173
Raw:6.954358881292877e-08,3.1659096786476616e-13,5.372087387673722e-08,1.192651159311361e-07,3.746506396423931e-08,0.002934786760485615,0.00023794904609431895,3.21332326775509e-17,0.9968267521019026,2.320965583169262e-07
EFT:6.954358881292877e-08,3.1659096786476384e-13,5.3720873876736835e-08,1.1926511593113524e-07,3.746506396423931e-08,0.0029347867604856566,0.00023794904609431895,3.213323267755067e-17,0.9968267521019026,2.3209655831692783e-07
Random174
Raw:6.954358881292877e-08,3.1659096786476616e-13,5.372087387673722e-08,1.192651159311361e-07,3.746506396423931e-08,0.002934786760485615,0.00023794904609431895,3.21332326775509e-17,0.9968267521019026,2.320965583169262e-07
EFT:6.954358881292877e-08,3.1659096786476384e-13,5.3720873876736835e-08,1.1926511593113524e-07,3.746506396423931e-08,0.0029347867604856566,0.00023794904609431895,3.213323267755067e-17,0.9968267521019026,2.3209655831692783e-07
Random175
Raw:6.954358881292828e-08,3.1659096786476384e-13,5.372087387673645e-08,1.1926511593113524e-07,3.746506396423931e-08,0.002934786760485615,0.00023794904609431553,3.213323267755067e-17,0.9968267521019026,2.320965583169262e-07
EFT:6.954358881292877e-08,3.1659096786476384e-13,5.3720873876736835e-08,1.1926511593113524e-07,3.746506396423931e-08,0.0029347867604856566,0.00023794904609431895,3.213323267755067e-17,0.9968267521019026,2.3209655831692783e-07
Random176
Raw:6.954358881292877e-08,3.1659096786476384e-13,5.3720873876736835e-08,1.1926511593113524e-07,3.746506396423931e-08,0.0029347867604856566,0.00023794904609431895,3.213323267755067e-17,0.9968267521019026,2.3209655831692783e-07
EFT:6.954358881292877e-08,3.1659096786476384e-13,5.3720873876736835e-08,1.1926511593113524e-07,3.746506396423931e-08,0.0029347867604856566,0.00023794904609431895,3.213323267755067e-17,0.9968267521019026,2.3209655831692783e-07
Random177
Raw:6.954358881292926e-08,3.1659096786476616e-13,5.372087387673722e-08,1.192651159311361e-07,3.746506396423957e-08,0.0029347867604856566,0.00023794904609431895,3.213323267755067e-17,0.9968267521019026,2.3209655831692783e-07
EFT:6.954358881292877e-08,3.1659096786476384e-13,5.3720873876736835e-08,1.1926511593113524e-07,3.746506396423931e-08,0.0029347867604856566,0.00023794904609431895,3.213323267755067e-17,0.9968267521019026,2.3209655831692783e-07
Random178
Raw:6.954358881292877e-08,3.1659096786476616e-13,5.372087387673722e-08,1.192651159311361e-07,3.746506396423931e-08,0.002934786760485615,0.00023794904609431895,3.21332326775509e-17,0.9968267521019026,2.320965583169262e-07
EFT:6.954358881292877e-08,3.1659096786476384e-13,5.3720873876736835e-08,1.1926511593113524e-07,3.746506396423931e-08,0.0029347867604856566,0.00023794904609431895,3.213323267755067e-17,0.9968267521019026,2.3209655831692783e-07
Random179
Raw:6.954358881292877e-08,3.165909678647616e-13,5.3720873876736835e-08,1.1926511593113524e-07,3.746506396423931e-08,0.0029347867604856566,0.00023794904609431895,3.213323267755022e-17,0.9968267521019026,2.320965583169262e-07
EFT:6.954358881292877e-08,3.1659096786476384e-13,5.3720873876736835e-08,1.1926511593113524e-07,3.746506396423931e-08,0.0029347867604856566,0.00023794904609431895,3.213323267755067e-17,0.9968267521019026,2.3209655831692783e-07
Random180
Raw:6.954358881292926e-08,3.1659096786476616e-13,5.372087387673722e-08,1.192651159311361e-07,3.746506396423931e-08,0.0029347867604856566,0.00023794904609431895,3.213323267755045e-17,0.9968267521019026,2.320965583169262e-07
EFT:6.954358881292877e-08,3.1659096786476384e-13,5.3720873876736835e-08,1.1926511593113524e-07,3.746506396423931e-08,0.0029347867604856566,0.00023794904609431895,3.213323267755067e-17,0.9968267521019026,2.3209655831692783e-07
Random181
Raw:6.954358881292828e-08,3.165909678647616e-13,5.372087387673645e-08,1.192651159311344e-07,3.746506396423931e-08,0.002934786760485615,0.00023794904609431553,3.213323267755022e-17,0.9968267521019026,2.320965583169262e-07
EFT:6.954358881292877e-08,3.1659096786476384e-13,5.3720873876736835e-08,1.1926511593113524e-07,3.746506396423931e-08,0.0029347867604856566,0.00023794904609431895,3.213323267755067e-17,0.9968267521019026,2.3209655831692783e-07
Random182
Raw:6.954358881292828e-08,3.1659096786476384e-13,5.372087387673645e-08,1.1926511593113524e-07,3.746506396423931e-08,0.002934786760485615,0.00023794904609431553,3.213323267755067e-17,0.9968267521019026,2.320965583169262e-07
EFT:6.954358881292877e-08,3.1659096786476384e-13,5.3720873876736835e-08,1.1926511593113524e-07,3.746506396423931e-08,0.0029347867604856566,0.00023794904609431895,3.213323267755067e-17,0.9968267521019026,2.3209655831692783e-07
Random183
Raw:6.954358881292828e-08,3.1659096786476384e-13,5.372087387673645e-08,1.192651159311344e-07,3.746506396423905e-08,0.002934786760485615,0.00023794904609431553,3.213323267755067e-17,0.9968267521019026,2.320965583169262e-07
EFT:6.954358881292877e-08,3.1659096786476384e-13,5.3720873876736835e-08,1.1926511593113524e-07,3.746506396423931e-08,0.0029347867604856566,0.00023794904609431895,3.213323267755067e-17,0.9968267521019026,2.3209655831692783e-07
Random184
Raw:6.954358881292828e-08,3.165909678647616e-13,5.372087387673645e-08,1.192651159311344e-07,3.746506396423931e-08,0.002934786760485615,0.00023794904609431553,3.213323267755022e-17,0.9968267521019026,2.320965583169262e-07
EFT:6.954358881292877e-08,3.1659096786476384e-13,5.3720873876736835e-08,1.1926511593113524e-07,3.746506396423931e-08,0.0029347867604856566,0.00023794904609431895,3.213323267755067e-17,0.9968267521019026,2.3209655831692783e-07
Random185
Raw:6.954358881292877e-08,3.1659096786476616e-13,5.3720873876736835e-08,1.192651159311361e-07,3.746506396423905e-08,0.002934786760485615,0.00023794904609431553,3.21332326775509e-17,0.9968267521019026,2.320965583169262e-07
EFT:6.954358881292877e-08,3.1659096786476384e-13,5.3720873876736835e-08,1.1926511593113524e-07,3.746506396423931e-08,0.0029347867604856566,0.00023794904609431895,3.213323267755067e-17,0.9968267521019026,2.3209655831692783e-07
Random186
Raw:6.954358881292926e-08,3.165909678647684e-13,5.3720873876737596e-08,1.1926511593113694e-07,3.746506396423957e-08,0.0029347867604856566,0.00023794904609431895,3.213323267755113e-17,0.9968267521019026,2.3209655831692948e-07
EFT:6.954358881292877e-08,3.1659096786476384e-13,5.3720873876736835e-08,1.1926511593113524e-07,3.746506396423931e-08,0.0029347867604856566,0.00023794904609431895,3.213323267755067e-17,0.9968267521019026,2.3209655831692783e-07
Random187
Raw:6.954358881292877e-08,3.1659096786476616e-13,5.3720873876736835e-08,1.192651159311361e-07,3.746506396423905e-08,0.002934786760485615,0.00023794904609431553,3.21332326775509e-17,0.9968267521019026,2.320965583169262e-07
EFT:6.954358881292877e-08,3.1659096786476384e-13,5.3720873876736835e-08,1.1926511593113524e-07,3.746506396423931e-08,0.0029347867604856566,0.00023794904609431895,3.213323267755067e-17,0.9968267521019026,2.3209655831692783e-07
Random188
Raw:6.954358881292877e-08,3.1659096786476616e-13,5.372087387673722e-08,1.192651159311361e-07,3.746506396423905e-08,0.002934786760485615,0.00023794904609431553,3.213323267755136e-17,0.9968267521019026,2.3209655831692783e-07
EFT:6.954358881292877e-08,3.1659096786476384e-13,5.3720873876736835e-08,1.1926511593113524e-07,3.746506396423931e-08,0.0029347867604856566,0.00023794904609431895,3.213323267755067e-17,0.9968267521019026,2.3209655831692783e-07
Random189
Raw:6.954358881292877e-08,3.1659096786476616e-13,5.372087387673722e-08,1.192651159311361e-07,3.746506396423931e-08,0.0029347867604856566,0.00023794904609431895,3.213323267755067e-17,0.9968267521019026,2.3209655831692783e-07
EFT:6.954358881292877e-08,3.1659096786476384e-13,5.3720873876736835e-08,1.1926511593113524e-07,3.746506396423931e-08,0.0029347867604856566,0.00023794904609431895,3.213323267755067e-17,0.9968267521019026,2.3209655831692783e-07
Random190
Raw:6.954358881292828e-08,3.1659096786476384e-13,5.372087387673645e-08,1.1926511593113524e-07,3.746506396423931e-08,0.002934786760485615,0.00023794904609431553,3.213323267755067e-17,0.9968267521019026,2.320965583169262e-07
EFT:6.954358881292877e-08,3.1659096786476384e-13,5.3720873876736835e-08,1.1926511593113524e-07,3.746506396423931e-08,0.0029347867604856566,0.00023794904609431895,3.213323267755067e-17,0.9968267521019026,2.3209655831692783e-07
Random191
Raw:6.954358881292828e-08,3.1659096786476384e-13,5.3720873876736835e-08,1.1926511593113524e-07,3.746506396423905e-08,0.0029347867604856566,0.00023794904609431895,3.213323267755045e-17,0.9968267521019026,2.3209655831692453e-07
EFT:6.954358881292877e-08,3.1659096786476384e-13,5.3720873876736835e-08,1.1926511593113524e-07,3.746506396423931e-08,0.0029347867604856566,0.00023794904609431895,3.213323267755067e-17,0.9968267521019026,2.3209655831692783e-07
Random192
Raw:6.954358881292926e-08,3.1659096786476616e-13,5.372087387673722e-08,1.192651159311361e-07,3.746506396423957e-08,0.0029347867604856566,0.00023794904609431895,3.213323267755067e-17,0.9968267521019026,2.3209655831692783e-07
EFT:6.954358881292877e-08,3.1659096786476384e-13,5.3720873876736835e-08,1.1926511593113524e-07,3.746506396423931e-08,0.0029347867604856566,0.00023794904609431895,3.213323267755067e-17,0.9968267521019026,2.3209655831692783e-07
Random193
Raw:6.954358881292926e-08,3.165909678647684e-13,5.372087387673722e-08,1.192651159311361e-07,3.746506396423931e-08,0.0029347867604856566,0.00023794904609431895,3.213323267755136e-17,0.9968267521019026,2.3209655831692783e-07
EFT:6.954358881292877e-08,3.1659096786476384e-13,5.3720873876736835e-08,1.1926511593113524e-07,3.746506396423931e-08,0.0029347867604856566,0.00023794904609431895,3.213323267755067e-17,0.9968267521019026,2.3209655831692783e-07
Random194
Raw:6.954358881292828e-08,3.1659096786476616e-13,5.3720873876736835e-08,1.1926511593113524e-07,3.746506396423905e-08,0.002934786760485615,0.00023794904609431553,3.21332326775509e-17,0.9968267521019026,2.320965583169262e-07
EFT:6.954358881292877e-08,3.1659096786476384e-13,5.3720873876736835e-08,1.1926511593113524e-07,3.746506396423931e-08,0.0029347867604856566,0.00023794904609431895,3.213323267755067e-17,0.9968267521019026,2.3209655831692783e-07
Random195
Raw:6.954358881292926e-08,3.1659096786476616e-13,5.372087387673722e-08,1.192651159311361e-07,3.746506396423931e-08,0.0029347867604856566,0.00023794904609431895,3.21332326775509e-17,0.9968267521019026,2.320965583169262e-07
EFT:6.954358881292877e-08,3.1659096786476384e-13,5.3720873876736835e-08,1.1926511593113524e-07,3.746506396423931e-08,0.0029347867604856566,0.00023794904609431895,3.213323267755067e-17,0.9968267521019026,2.3209655831692783e-07
Random196
Raw:6.954358881292828e-08,3.1659096786476616e-13,5.3720873876736835e-08,1.1926511593113524e-07,3.746506396423905e-08,0.002934786760485615,0.00023794904609431553,3.21332326775509e-17,0.9968267521019026,2.320965583169262e-07
EFT:6.954358881292877e-08,3.1659096786476384e-13,5.3720873876736835e-08,1.1926511593113524e-07,3.746506396423931e-08,0.0029347867604856566,0.00023794904609431895,3.213323267755067e-17,0.9968267521019026,2.3209655831692783e-07
Random197
Raw:6.954358881292778e-08,3.165909678647616e-13,5.3720873876736835e-08,1.1926511593113524e-07,3.7465063964238784e-08,0.002934786760485615,0.00023794904609431553,3.213323267755045e-17,0.9968267521019026,2.320965583169262e-07
EFT:6.954358881292877e-08,3.1659096786476384e-13,5.3720873876736835e-08,1.1926511593113524e-07,3.746506396423931e-08,0.0029347867604856566,0.00023794904609431895,3.213323267755067e-17,0.9968267521019026,2.3209655831692783e-07
Random198
Raw:6.954358881292778e-08,3.165909678647616e-13,5.372087387673645e-08,1.1926511593113524e-07,3.7465063964238784e-08,0.002934786760485615,0.00023794904609431553,3.213323267755045e-17,0.9968267521019026,2.3209655831692453e-07
EFT:6.954358881292877e-08,3.1659096786476384e-13,5.3720873876736835e-08,1.1926511593113524e-07,3.746506396423931e-08,0.0029347867604856566,0.00023794904609431895,3.213323267755067e-17,0.9968267521019026,2.3209655831692783e-07
Random199
Raw:6.954358881292828e-08,3.165909678647616e-13,5.3720873876736835e-08,1.1926511593113524e-07,3.746506396423905e-08,0.002934786760485615,0.00023794904609431553,3.213323267755045e-17,0.9968267521019026,2.320965583169262e-07
EFT:6.954358881292877e-08,3.1659096786476384e-13,5.3720873876736835e-08,1.1926511593113524e-07,3.746506396423931e-08,0.0029347867604856566,0.00023794904609431895,3.213323267755067e-17,0.9968267521019026,2.3209655831692783e-07
Random200
Raw:6.954358881292778e-08,3.1659096786475935e-13,5.372087387673645e-08,1.192651159311344e-07,3.7465063964238784e-08,0.002934786760485615,0.00023794904609431553,3.213323267754999e-17,0.9968267521019026,2.3209655831692453e-07
EFT:6.954358881292877e-08,3.1659096786476384e-13,5.3720873876736835e-08,1.1926511593113524e-07,3.746506396423931e-08,0.0029347867604856566,0.00023794904609431895,3.213323267755067e-17,0.9968267521019026,2.3209655831692783e-07
Random201
Raw:6.954358881292877e-08,3.1659096786476616e-13,5.372087387673722e-08,1.192651159311361e-07,3.746506396423957e-08,0.0029347867604856566,0.00023794904609431553,3.213323267755113e-17,0.9968267521019026,2.3209655831692948e-07
EFT:6.954358881292877e-08,3.1659096786476384e-13,5.3720873876736835e-08,1.1926511593113524e-07,3.746506396423931e-08,0.0029347867604856566,0.00023794904609431895,3.213323267755067e-17,0.9968267521019026,2.3209655831692783e-07
Random202
Raw:6.954358881292828e-08,3.165909678647616e-13,5.3720873876736835e-08,1.1926511593113524e-07,3.746506396423905e-08,0.002934786760485615,0.00023794904609431553,3.213323267755045e-17,0.9968267521019026,2.320965583169262e-07
EFT:6.954358881292877e-08,3.1659096786476384e-13,5.3720873876736835e-08,1.1926511593113524e-07,3.746506396423931e-08,0.0029347867604856566,0.00023794904609431895,3.213323267755067e-17,0.9968267521019026,2.3209655831692783e-07
Random203
Raw:6.954358881292877e-08,3.1659096786476616e-13,5.372087387673722e-08,1.192651159311361e-07,3.746506396423931e-08,0.002934786760485615,0.00023794904609431553,3.213323267755113e-17,0.9968267521019026,2.3209655831692948e-07
EFT:6.954358881292877e-08,3.1659096786476384e-13,5.3720873876736835e-08,1.1926511593113524e-07,3.746506396423931e-08,0.0029347867604856566,0.00023794904609431895,3.213323267755067e-17,0.9968267521019026,2.3209655831692783e-07
Random204
Raw:6.954358881292828e-08,3.165909678647616e-13,5.3720873876736835e-08,1.1926511593113524e-07,3.746506396423905e-08,0.002934786760485615,0.00023794904609431553,3.213323267755045e-17,0.9968267521019026,2.320965583169262e-07
EFT:6.954358881292877e-08,3.1659096786476384e-13,5.3720873876736835e-08,1.1926511593113524e-07,3.746506396423931e-08,0.0029347867604856566,0.00023794904609431895,3.213323267755067e-17,0.9968267521019026,2.3209655831692783e-07
Random205
Raw:6.954358881292828e-08,3.1659096786476384e-13,5.3720873876736835e-08,1.1926511593113524e-07,3.746506396423931e-08,0.0029347867604856566,0.00023794904609431895,3.213323267755067e-17,0.9968267521019026,2.3209655831692783e-07
EFT:6.954358881292877e-08,3.1659096786476384e-13,5.3720873876736835e-08,1.1926511593113524e-07,3.746506396423931e-08,0.0029347867604856566,0.00023794904609431895,3.213323267755067e-17,0.9968267521019026,2.3209655831692783e-07
Random206
Raw:6.954358881292926e-08,3.1659096786476616e-13,5.372087387673722e-08,1.192651159311361e-07,3.746506396423931e-08,0.0029347867604856566,0.00023794904609431895,3.213323267755067e-17,0.9968267521019026,2.320965583169262e-07
EFT:6.954358881292877e-08,3.1659096786476384e-13,5.3720873876736835e-08,1.1926511593113524e-07,3.746506396423931e-08,0.0029347867604856566,0.00023794904609431895,3.213323267755067e-17,0.9968267521019026,2.3209655831692783e-07
Random207
Raw:6.954358881292877e-08,3.1659096786476616e-13,5.372087387673722e-08,1.192651159311361e-07,3.746506396423931e-08,0.0029347867604856566,0.00023794904609431895,3.213323267755067e-17,0.9968267521019026,2.3209655831692783e-07
EFT:6.954358881292877e-08,3.1659096786476384e-13,5.3720873876736835e-08,1.1926511593113524e-07,3.746506396423931e-08,0.0029347867604856566,0.00023794904609431895,3.213323267755067e-17,0.9968267521019026,2.3209655831692783e-07
Random208
Raw:6.954358881292926e-08,3.1659096786476616e-13,5.372087387673722e-08,1.192651159311361e-07,3.746506396423957e-08,0.0029347867604856566,0.00023794904609431895,3.213323267755067e-17,0.9968267521019026,2.3209655831692948e-07
EFT:6.954358881292877e-08,3.1659096786476384e-13,5.3720873876736835e-08,1.1926511593113524e-07,3.746506396423931e-08,0.0029347867604856566,0.00023794904609431895,3.213323267755067e-17,0.9968267521019026,2.3209655831692783e-07
Random209
Raw:6.954358881292877e-08,3.1659096786476616e-13,5.372087387673722e-08,1.192651159311361e-07,3.746506396423931e-08,0.0029347867604856566,0.00023794904609431895,3.213323267755067e-17,0.9968267521019026,2.320965583169262e-07
EFT:6.954358881292877e-08,3.1659096786476384e-13,5.3720873876736835e-08,1.1926511593113524e-07,3.746506396423931e-08,0.0029347867604856566,0.00023794904609431895,3.213323267755067e-17,0.9968267521019026,2.3209655831692783e-07
Random210
Raw:6.954358881292828e-08,3.1659096786476384e-13,5.3720873876736835e-08,1.1926511593113524e-07,3.7465063964238784e-08,0.002934786760485615,0.00023794904609431553,3.21332326775509e-17,0.9968267521019026,2.320965583169262e-07
EFT:6.954358881292877e-08,3.1659096786476384e-13,5.3720873876736835e-08,1.1926511593113524e-07,3.746506396423931e-08,0.0029347867604856566,0.00023794904609431895,3.213323267755067e-17,0.9968267521019026,2.3209655831692783e-07
Random211
Raw:6.954358881292926e-08,3.1659096786476616e-13,5.372087387673722e-08,1.192651159311361e-07,3.746506396423957e-08,0.0029347867604856566,0.00023794904609431895,3.213323267755113e-17,0.9968267521019026,2.3209655831692948e-07
EFT:6.954358881292877e-08,3.1659096786476384e-13,5.3720873876736835e-08,1.1926511593113524e-07,3.746506396423931e-08,0.0029347867604856566,0.00023794904609431895,3.213323267755067e-17,0.9968267521019026,2.3209655831692783e-07
Random212
Raw:6.954358881292877e-08,3.1659096786476384e-13,5.3720873876736835e-08,1.1926511593113524e-07,3.746506396423931e-08,0.0029347867604856566,0.00023794904609431895,3.213323267755022e-17,0.9968267521019026,2.320965583169262e-07
EFT:6.954358881292877e-08,3.1659096786476384e-13,5.3720873876736835e-08,1.1926511593113524e-07,3.746506396423931e-08,0.0029347867604856566,0.00023794904609431895,3.213323267755067e-17,0.9968267521019026,2.3209655831692783e-07
Random213
Raw:6.954358881292926e-08,3.165909678647684e-13,5.372087387673722e-08,1.1926511593113694e-07,3.746506396423931e-08,0.0029347867604856566,0.00023794904609431895,3.213323267755113e-17,0.9968267521019026,2.3209655831692783e-07
EFT:6.954358881292877e-08,3.1659096786476384e-13,5.3720873876736835e-08,1.1926511593113524e-07,3.746506396423931e-08,0.0029347867604856566,0.00023794904609431895,3.213323267755067e-17,0.9968267521019026,2.3209655831692783e-07
Random214
Raw:6.954358881292828e-08,3.1659096786476384e-13,5.372087387673722e-08,1.192651159311361e-07,3.746506396423931e-08,0.0029347867604856566,0.00023794904609431553,3.213323267755045e-17,0.9968267521019026,2.320965583169262e-07
EFT:6.954358881292877e-08,3.1659096786476384e-13,5.3720873876736835e-08,1.1926511593113524e-07,3.746506396423931e-08,0.0029347867604856566,0.00023794904609431895,3.213323267755067e-17,0.9968267521019026,2.3209655831692783e-07
Random215
Raw:6.954358881292926e-08,3.1659096786476616e-13,5.372087387673722e-08,1.192651159311361e-07,3.746506396423957e-08,0.0029347867604856566,0.00023794904609431895,3.213323267755113e-17,0.9968267521019026,2.3209655831692948e-07
EFT:6.954358881292877e-08,3.1659096786476384e-13,5.3720873876736835e-08,1.1926511593113524e-07,3.746506396423931e-08,0.0029347867604856566,0.00023794904609431895,3.213323267755067e-17,0.9968267521019026,2.3209655831692783e-07
Random216
Raw:6.954358881292877e-08,3.1659096786476384e-13,5.372087387673722e-08,1.1926511593113524e-07,3.746506396423931e-08,0.0029347867604856566,0.00023794904609431895,3.213323267755045e-17,0.9968267521019026,2.320965583169262e-07
EFT:6.954358881292877e-08,3.1659096786476384e-13,5.3720873876736835e-08,1.1926511593113524e-07,3.746506396423931e-08,0.0029347867604856566,0.00023794904609431895,3.213323267755067e-17,0.9968267521019026,2.3209655831692783e-07
Random217
Raw:6.954358881292877e-08,3.1659096786476616e-13,5.372087387673722e-08,1.192651159311361e-07,3.746506396423931e-08,0.0029347867604856566,0.00023794904609431895,3.213323267755067e-17,0.9968267521019026,2.320965583169262e-07
EFT:6.954358881292877e-08,3.1659096786476384e-13,5.3720873876736835e-08,1.1926511593113524e-07,3.746506396423931e-08,0.0029347867604856566,0.00023794904609431895,3.213323267755067e-17,0.9968267521019026,2.3209655831692783e-07
Random218
Raw:6.954358881292828e-08,3.165909678647616e-13,5.3720873876736835e-08,1.1926511593113524e-07,3.746506396423905e-08,0.002934786760485615,0.00023794904609431553,3.213323267755045e-17,0.9968267521019026,2.320965583169262e-07
EFT:6.954358881292877e-08,3.1659096786476384e-13,5.3720873876736835e-08,1.1926511593113524e-07,3.746506396423931e-08,0.0029347867604856566,0.00023794904609431895,3.213323267755067e-17,0.9968267521019026,2.3209655831692783e-07
Random219
Raw:6.954358881292877e-08,3.1659096786476384e-13,5.3720873876736835e-08,1.1926511593113524e-07,3.746506396423931e-08,0.0029347867604856566,0.00023794904609431895,3.213323267755067e-17,0.9968267521019026,2.3209655831692783e-07
EFT:6.954358881292877e-08,3.1659096786476384e-13,5.3720873876736835e-08,1.1926511593113524e-07,3.746506396423931e-08,0.0029347867604856566,0.00023794904609431895,3.213323267755067e-17,0.9968267521019026,2.3209655831692783e-07
Random220
Raw:6.954358881292926e-08,3.1659096786476616e-13,5.372087387673722e-08,1.192651159311361e-07,3.746506396423931e-08,0.0029347867604856566,0.00023794904609431895,3.21332326775509e-17,0.9968267521019026,2.3209655831692783e-07
EFT:6.954358881292877e-08,3.1659096786476384e-13,5.3720873876736835e-08,1.1926511593113524e-07,3.746506396423931e-08,0.0029347867604856566,0.00023794904609431895,3.213323267755067e-17,0.9968267521019026,2.3209655831692783e-07
Random221
Raw:6.954358881292926e-08,3.165909678647616e-13,5.3720873876736835e-08,1.1926511593113524e-07,3.746506396423931e-08,0.0029347867604856566,0.0002379490460943223,3.213323267754999e-17,0.9968267521019026,2.3209655831692453e-07
EFT:6.954358881292877e-08,3.1659096786476384e-13,5.3720873876736835e-08,1.1926511593113524e-07,3.746506396423931e-08,0.0029347867604856566,0.00023794904609431895,3.213323267755067e-17,0.9968267521019026,2.3209655831692783e-07
Random222
Raw:6.954358881292828e-08,3.1659096786476384e-13,5.3720873876736835e-08,1.1926511593113524e-07,3.746506396423931e-08,0.0029347867604856566,0.00023794904609431895,3.213323267755067e-17,0.9968267521019026,2.3209655831692783e-07
EFT:6.954358881292877e-08,3.1659096786476384e-13,5.3720873876736835e-08,1.1926511593113524e-07,3.746506396423931e-08,0.0029347867604856566,0.00023794904609431895,3.213323267755067e-17,0.9968267521019026,2.3209655831692783e-07
Random223
Raw:6.954358881292828e-08,3.165909678647616e-13,5.372087387673645e-08,1.192651159311344e-07,3.7465063964238784e-08,0.002934786760485615,0.00023794904609431553,3.213323267755045e-17,0.9968267521019026,2.3209655831692453e-07
EFT:6.954358881292877e-08,3.1659096786476384e-13,5.3720873876736835e-08,1.1926511593113524e-07,3.746506396423931e-08,0.0029347867604856566,0.00023794904609431895,3.213323267755067e-17,0.9968267521019026,2.3209655831692783e-07
Random224
Raw:6.954358881292828e-08,3.165909678647616e-13,5.3720873876736835e-08,1.1926511593113524e-07,3.746506396423905e-08,0.0029347867604856566,0.00023794904609431895,3.213323267754999e-17,0.9968267521019026,2.3209655831692453e-07
EFT:6.954358881292877e-08,3.1659096786476384e-13,5.3720873876736835e-08,1.1926511593113524e-07,3.746506396423931e-08,0.0029347867604856566,0.00023794904609431895,3.213323267755067e-17,0.9968267521019026,2.3209655831692783e-07
Random225
Raw:6.954358881292828e-08,3.165909678647616e-13,5.372087387673645e-08,1.192651159311344e-07,3.7465063964238784e-08,0.002934786760485615,0.00023794904609431553,3.213323267755045e-17,0.9968267521019026,2.3209655831692453e-07
EFT:6.954358881292877e-08,3.1659096786476384e-13,5.3720873876736835e-08,1.1926511593113524e-07,3.746506396423931e-08,0.0029347867604856566,0.00023794904609431895,3.213323267755067e-17,0.9968267521019026,2.3209655831692783e-07
Random226
Raw:6.954358881292877e-08,3.165909678647616e-13,5.3720873876736835e-08,1.1926511593113524e-07,3.746506396423931e-08,0.0029347867604856566,0.00023794904609431895,3.213323267755022e-17,0.9968267521019026,2.320965583169262e-07
EFT:6.954358881292877e-08,3.1659096786476384e-13,5.3720873876736835e-08,1.1926511593113524e-07,3.746506396423931e-08,0.0029347867604856566,0.00023794904609431895,3.213323267755067e-17,0.9968267521019026,2.3209655831692783e-07
Random227
Raw:6.954358881292828e-08,3.165909678647616e-13,5.3720873876736835e-08,1.1926511593113524e-07,3.746506396423905e-08,0.002934786760485615,0.00023794904609431553,3.213323267755045e-17,0.9968267521019026,2.320965583169262e-07
EFT:6.954358881292877e-08,3.1659096786476384e-13,5.3720873876736835e-08,1.1926511593113524e-07,3.746506396423931e-08,0.0029347867604856566,0.00023794904609431895,3.213323267755067e-17,0.9968267521019026,2.3209655831692783e-07
Random228
Raw:6.954358881292828e-08,3.1659096786476384e-13,5.372087387673722e-08,1.192651159311361e-07,3.746506396423931e-08,0.0029347867604856566,0.00023794904609431553,3.213323267755045e-17,0.9968267521019026,2.320965583169262e-07
EFT:6.954358881292877e-08,3.1659096786476384e-13,5.3720873876736835e-08,1.1926511593113524e-07,3.746506396423931e-08,0.0029347867604856566,0.00023794904609431895,3.213323267755067e-17,0.9968267521019026,2.3209655831692783e-07
Random229
Raw:6.954358881292877e-08,3.1659096786476384e-13,5.3720873876736835e-08,1.1926511593113524e-07,3.746506396423905e-08,0.0029347867604856566,0.00023794904609431895,3.213323267755045e-17,0.9968267521019026,2.320965583169262e-07
EFT:6.954358881292877e-08,3.1659096786476384e-13,5.3720873876736835e-08,1.1926511593113524e-07,3.746506396423931e-08,0.0029347867604856566,0.00023794904609431895,3.213323267755067e-17,0.9968267521019026,2.3209655831692783e-07
Random230
Raw:6.954358881292828e-08,3.1659096786476384e-13,5.3720873876736835e-08,1.1926511593113524e-07,3.746506396423931e-08,0.002934786760485615,0.00023794904609431553,3.213323267755067e-17,0.9968267521019026,2.320965583169262e-07
EFT:6.954358881292877e-08,3.1659096786476384e-13,5.3720873876736835e-08,1.1926511593113524e-07,3.746506396423931e-08,0.0029347867604856566,0.00023794904609431895,3.213323267755067e-17,0.9968267521019026,2.3209655831692783e-07
Random231
Raw:6.954358881292828e-08,3.1659096786476616e-13,5.3720873876736835e-08,1.192651159311361e-07,3.746506396423931e-08,0.002934786760485615,0.00023794904609431553,3.213323267755113e-17,0.9968267521019026,2.3209655831692783e-07
EFT:6.954358881292877e-08,3.1659096786476384e-13,5.3720873876736835e-08,1.1926511593113524e-07,3.746506396423931e-08,0.0029347867604856566,0.00023794904609431895,3.213323267755067e-17,0.9968267521019026,2.3209655831692783e-07
Random232
Raw:6.954358881292877e-08,3.1659096786476616e-13,5.372087387673722e-08,1.192651159311361e-07,3.746506396423931e-08,0.0029347867604856566,0.00023794904609431895,3.213323267755067e-17,0.9968267521019026,2.3209655831692783e-07
EFT:6.954358881292877e-08,3.1659096786476384e-13,5.3720873876736835e-08,1.1926511593113524e-07,3.746506396423931e-08,0.0029347867604856566,0.00023794904609431895,3.213323267755067e-17,0.9968267521019026,2.3209655831692783e-07
Random233
Raw:6.954358881292729e-08,3.165909678647572e-13,5.372087387673645e-08,1.192651159311344e-07,3.7465063964238784e-08,0.002934786760485615,0.00023794904609431553,3.2133232677549763e-17,0.9968267521019026,2.3209655831692288e-07
EFT:6.954358881292877e-08,3.1659096786476384e-13,5.3720873876736835e-08,1.1926511593113524e-07,3.746506396423931e-08,0.0029347867604856566,0.00023794904609431895,3.213323267755067e-17,0.9968267521019026,2.3209655831692783e-07
Random234
Raw:6.954358881292926e-08,3.1659096786476384e-13,5.372087387673722e-08,1.192651159311361e-07,3.746506396423931e-08,0.0029347867604856566,0.00023794904609431895,3.213323267755045e-17,0.9968267521019026,2.320965583169262e-07
EFT:6.954358881292877e-08,3.1659096786476384e-13,5.3720873876736835e-08,1.1926511593113524e-07,3.746506396423931e-08,0.0029347867604856566,0.00023794904609431895,3.213323267755067e-17,0.9968267521019026,2.3209655831692783e-07
Random235
Raw:6.954358881292828e-08,3.1659096786476384e-13,5.3720873876736835e-08,1.1926511593113524e-07,3.746506396423905e-08,0.0029347867604856566,0.00023794904609431895,3.213323267755045e-17,0.9968267521019026,2.3209655831692453e-07
EFT:6.954358881292877e-08,3.1659096786476384e-13,5.3720873876736835e-08,1.1926511593113524e-07,3.746506396423931e-08,0.0029347867604856566,0.00023794904609431895,3.213323267755067e-17,0.9968267521019026,2.3209655831692783e-07
Random236
Raw:6.954358881292778e-08,3.1659096786475935e-13,5.372087387673645e-08,1.192651159311344e-07,3.7465063964238784e-08,0.002934786760485615,0.00023794904609431553,3.213323267754999e-17,0.9968267521019026,2.3209655831692453e-07
EFT:6.954358881292877e-08,3.1659096786476384e-13,5.3720873876736835e-08,1.1926511593113524e-07,3.746506396423931e-08,0.0029347867604856566,0.00023794904609431895,3.213323267755067e-17,0.9968267521019026,2.3209655831692783e-07
Random237
Raw:6.954358881292926e-08,3.1659096786476616e-13,5.372087387673722e-08,1.192651159311361e-07,3.746506396423931e-08,0.0029347867604856566,0.00023794904609431895,3.21332326775509e-17,0.9968267521019026,2.3209655831692783e-07
EFT:6.954358881292877e-08,3.1659096786476384e-13,5.3720873876736835e-08,1.1926511593113524e-07,3.746506396423931e-08,0.0029347867604856566,0.00023794904609431895,3.213323267755067e-17,0.9968267521019026,2.3209655831692783e-07
Random238
Raw:6.954358881292877e-08,3.1659096786476616e-13,5.372087387673722e-08,1.192651159311361e-07,3.746506396423931e-08,0.0029347867604856566,0.00023794904609431895,3.213323267755067e-17,0.9968267521019026,2.3209655831692783e-07
EFT:6.954358881292877e-08,3.1659096786476384e-13,5.3720873876736835e-08,1.1926511593113524e-07,3.746506396423931e-08,0.0029347867604856566,0.00023794904609431895,3.213323267755067e-17,0.9968267521019026,2.3209655831692783e-07
Random239
Raw:6.954358881292828e-08,3.1659096786476616e-13,5.372087387673722e-08,1.192651159311361e-07,3.746506396423931e-08,0.0029347867604856566,0.00023794904609431553,3.21332326775509e-17,0.9968267521019026,2.3209655831692783e-07
EFT:6.954358881292877e-08,3.1659096786476384e-13,5.3720873876736835e-08,1.1926511593113524e-07,3.746506396423931e-08,0.0029347867604856566,0.00023794904609431895,3.213323267755067e-17,0.9968267521019026,2.3209655831692783e-07
Random240
Raw:6.954358881292877e-08,3.1659096786476616e-13,5.372087387673722e-08,1.192651159311361e-07,3.746506396423931e-08,0.0029347867604856566,0.00023794904609431895,3.213323267755067e-17,0.9968267521019026,2.3209655831692783e-07
EFT:6.954358881292877e-08,3.1659096786476384e-13,5.3720873876736835e-08,1.1926511593113524e-07,3.746506396423931e-08,0.0029347867604856566,0.00023794904609431895,3.213323267755067e-17,0.9968267521019026,2.3209655831692783e-07
Random241
Raw:6.954358881292926e-08,3.165909678647684e-13,5.372087387673722e-08,1.1926511593113694e-07,3.746506396423931e-08,0.0029347867604856566,0.00023794904609431895,3.213323267755113e-17,0.9968267521019026,2.3209655831692783e-07
EFT:6.954358881292877e-08,3.1659096786476384e-13,5.3720873876736835e-08,1.1926511593113524e-07,3.746506396423931e-08,0.0029347867604856566,0.00023794904609431895,3.213323267755067e-17,0.9968267521019026,2.3209655831692783e-07
Random242
Raw:6.954358881292877e-08,3.1659096786476616e-13,5.372087387673722e-08,1.192651159311361e-07,3.746506396423931e-08,0.002934786760485615,0.00023794904609431895,3.21332326775509e-17,0.9968267521019026,2.320965583169262e-07
EFT:6.954358881292877e-08,3.1659096786476384e-13,5.3720873876736835e-08,1.1926511593113524e-07,3.746506396423931e-08,0.0029347867604856566,0.00023794904609431895,3.213323267755067e-17,0.9968267521019026,2.3209655831692783e-07
Random243
Raw:6.954358881292877e-08,3.1659096786476616e-13,5.372087387673722e-08,1.192651159311361e-07,3.746506396423931e-08,0.0029347867604856566,0.00023794904609431895,3.213323267755067e-17,0.9968267521019026,2.320965583169262e-07
EFT:6.954358881292877e-08,3.1659096786476384e-13,5.3720873876736835e-08,1.1926511593113524e-07,3.746506396423931e-08,0.0029347867604856566,0.00023794904609431895,3.213323267755067e-17,0.9968267521019026,2.3209655831692783e-07
Random244
Raw:6.954358881292828e-08,3.1659096786476384e-13,5.3720873876736835e-08,1.1926511593113524e-07,3.746506396423905e-08,0.0029347867604856566,0.00023794904609431895,3.213323267755045e-17,0.9968267521019026,2.320965583169262e-07
EFT:6.954358881292877e-08,3.1659096786476384e-13,5.3720873876736835e-08,1.1926511593113524e-07,3.746506396423931e-08,0.0029347867604856566,0.00023794904609431895,3.213323267755067e-17,0.9968267521019026,2.3209655831692783e-07
Random245
Raw:6.954358881292828e-08,3.165909678647616e-13,5.372087387673645e-08,1.192651159311344e-07,3.7465063964238784e-08,0.002934786760485615,0.00023794904609431553,3.213323267755045e-17,0.9968267521019026,2.3209655831692453e-07
EFT:6.954358881292877e-08,3.1659096786476384e-13,5.3720873876736835e-08,1.1926511593113524e-07,3.746506396423931e-08,0.0029347867604856566,0.00023794904609431895,3.213323267755067e-17,0.9968267521019026,2.3209655831692783e-07
Random246
Raw:6.954358881292778e-08,3.1659096786475935e-13,5.372087387673645e-08,1.192651159311344e-07,3.7465063964238784e-08,0.002934786760485615,0.00023794904609431553,3.213323267754999e-17,0.9968267521019026,2.3209655831692453e-07
EFT:6.954358881292877e-08,3.1659096786476384e-13,5.3720873876736835e-08,1.1926511593113524e-07,3.746506396423931e-08,0.0029347867604856566,0.00023794904609431895,3.213323267755067e-17,0.9968267521019026,2.3209655831692783e-07
Random247
Raw:6.954358881292828e-08,3.1659096786476384e-13,5.3720873876736835e-08,1.1926511593113524e-07,3.746506396423905e-08,0.0029347867604856566,0.00023794904609431895,3.213323267755045e-17,0.9968267521019026,2.3209655831692453e-07
EFT:6.954358881292877e-08,3.1659096786476384e-13,5.3720873876736835e-08,1.1926511593113524e-07,3.746506396423931e-08,0.0029347867604856566,0.00023794904609431895,3.213323267755067e-17,0.9968267521019026,2.3209655831692783e-07
Random248
Raw:6.954358881292926e-08,3.1659096786476616e-13,5.372087387673722e-08,1.192651159311361e-07,3.746506396423931e-08,0.0029347867604856566,0.00023794904609431895,3.213323267755045e-17,0.9968267521019026,2.320965583169262e-07
EFT:6.954358881292877e-08,3.1659096786476384e-13,5.3720873876736835e-08,1.1926511593113524e-07,3.746506396423931e-08,0.0029347867604856566,0.00023794904609431895,3.213323267755067e-17,0.9968267521019026,2.3209655831692783e-07
Random249
Raw:6.954358881292877e-08,3.1659096786476384e-13,5.372087387673722e-08,1.1926511593113524e-07,3.746506396423931e-08,0.0029347867604856566,0.00023794904609431895,3.213323267755045e-17,0.9968267521019026,2.320965583169262e-07
EFT:6.954358881292877e-08,3.1659096786476384e-13,5.3720873876736835e-08,1.1926511593113524e-07,3.746506396423931e-08,0.0029347867604856566,0.00023794904609431895,3.213323267755067e-17,0.9968267521019026,2.3209655831692783e-07
Random250
Raw:6.954358881292828e-08,3.165909678647616e-13,5.372087387673722e-08,1.192651159311361e-07,3.746506396423931e-08,0.0029347867604856566,0.00023794904609431553,3.213323267755045e-17,0.9968267521019026,2.320965583169262e-07
EFT:6.954358881292877e-08,3.1659096786476384e-13,5.3720873876736835e-08,1.1926511593113524e-07,3.746506396423931e-08,0.0029347867604856566,0.00023794904609431895,3.213323267755067e-17,0.9968267521019026,2.3209655831692783e-07
Random251
Raw:6.954358881292828e-08,3.1659096786476384e-13,5.3720873876736835e-08,1.1926511593113524e-07,3.746506396423931e-08,0.0029347867604856566,0.00023794904609431895,3.213323267755067e-17,0.9968267521019026,2.3209655831692783e-07
EFT:6.954358881292877e-08,3.1659096786476384e-13,5.3720873876736835e-08,1.1926511593113524e-07,3.746506396423931e-08,0.0029347867604856566,0.00023794904609431895,3.213323267755067e-17,0.9968267521019026,2.3209655831692783e-07
Random252
Raw:6.954358881292828e-08,3.1659096786476616e-13,5.372087387673722e-08,1.192651159311361e-07,3.746506396423931e-08,0.0029347867604856566,0.00023794904609431553,3.21332326775509e-17,0.9968267521019026,2.3209655831692783e-07
EFT:6.954358881292877e-08,3.1659096786476384e-13,5.3720873876736835e-08,1.1926511593113524e-07,3.746506396423931e-08,0.0029347867604856566,0.00023794904609431895,3.213323267755067e-17,0.9968267521019026,2.3209655831692783e-07
Random253
Raw:6.954358881292926e-08,3.1659096786476616e-13,5.372087387673722e-08,1.192651159311361e-07,3.746506396423957e-08,0.0029347867604856566,0.00023794904609431895,3.213323267755113e-17,0.9968267521019026,2.3209655831692948e-07
EFT:6.954358881292877e-08,3.1659096786476384e-13,5.3720873876736835e-08,1.1926511593113524e-07,3.746506396423931e-08,0.0029347867604856566,0.00023794904609431895,3.213323267755067e-17,0.9968267521019026,2.3209655831692783e-07
Random254
Raw:6.954358881292926e-08,3.1659096786476384e-13,5.372087387673722e-08,1.192651159311361e-07,3.746506396423931e-08,0.0029347867604856566,0.0002379490460943223,3.213323267755022e-17,0.9968267521019026,2.320965583169262e-07
EFT:6.954358881292877e-08,3.1659096786476384e-13,5.3720873876736835e-08,1.1926511593113524e-07,3.746506396423931e-08,0.0029347867604856566,0.00023794904609431895,3.213323267755067e-17,0.9968267521019026,2.3209655831692783e-07
Random255
Raw:6.954358881292828e-08,3.1659096786476384e-13,5.3720873876736835e-08,1.1926511593113524e-07,3.746506396423931e-08,0.002934786760485615,0.00023794904609431553,3.213323267755067e-17,0.9968267521019026,2.320965583169262e-07
EFT:6.954358881292877e-08,3.1659096786476384e-13,5.3720873876736835e-08,1.1926511593113524e-07,3.746506396423931e-08,0.0029347867604856566,0.00023794904609431895,3.213323267755067e-17,0.9968267521019026,2.3209655831692783e-07
Random256
Raw:6.954358881292926e-08,3.1659096786476616e-13,5.372087387673722e-08,1.192651159311361e-07,3.746506396423931e-08,0.0029347867604856566,0.00023794904609431895,3.21332326775509e-17,0.9968267521019026,2.320965583169262e-07
EFT:6.954358881292877e-08,3.1659096786476384e-13,5.3720873876736835e-08,1.1926511593113524e-07,3.746506396423931e-08,0.0029347867604856566,0.00023794904609431895,3.213323267755067e-17,0.9968267521019026,2.3209655831692783e-07
Random257
Raw:6.954358881292828e-08,3.1659096786476384e-13,5.3720873876736835e-08,1.1926511593113524e-07,3.746506396423931e-08,0.0029347867604856566,0.00023794904609431895,3.213323267755067e-17,0.9968267521019026,2.3209655831692783e-07
EFT:6.954358881292877e-08,3.1659096786476384e-13,5.3720873876736835e-08,1.1926511593113524e-07,3.746506396423931e-08,0.0029347867604856566,0.00023794904609431895,3.213323267755067e-17,0.9968267521019026,2.3209655831692783e-07
Random258
Raw:6.954358881292877e-08,3.1659096786476384e-13,5.372087387673722e-08,1.1926511593113524e-07,3.746506396423931e-08,0.0029347867604856566,0.00023794904609431895,3.213323267755045e-17,0.9968267521019026,2.320965583169262e-07
EFT:6.954358881292877e-08,3.1659096786476384e-13,5.3720873876736835e-08,1.1926511593113524e-07,3.746506396423931e-08,0.0029347867604856566,0.00023794904609431895,3.213323267755067e-17,0.9968267521019026,2.3209655831692783e-07
Random259
Raw:6.954358881292926e-08,3.1659096786476616e-13,5.372087387673722e-08,1.192651159311361e-07,3.746506396423931e-08,0.0029347867604856566,0.00023794904609431895,3.21332326775509e-17,0.9968267521019026,2.320965583169262e-07
EFT:6.954358881292877e-08,3.1659096786476384e-13,5.3720873876736835e-08,1.1926511593113524e-07,3.746506396423931e-08,0.0029347867604856566,0.00023794904609431895,3.213323267755067e-17,0.9968267521019026,2.3209655831692783e-07
Random260
Raw:6.954358881292828e-08,3.1659096786476384e-13,5.372087387673722e-08,1.192651159311361e-07,3.746506396423931e-08,0.002934786760485615,0.00023794904609431553,3.213323267755045e-17,0.9968267521019026,2.320965583169262e-07
EFT:6.954358881292877e-08,3.1659096786476384e-13,5.3720873876736835e-08,1.1926511593113524e-07,3.746506396423931e-08,0.0029347867604856566,0.00023794904609431895,3.213323267755067e-17,0.9968267521019026,2.3209655831692783e-07
Random261
Raw:6.954358881292877e-08,3.1659096786476384e-13,5.3720873876736835e-08,1.1926511593113524e-07,3.746506396423931e-08,0.0029347867604856566,0.00023794904609431895,3.213323267755067e-17,0.9968267521019026,2.3209655831692783e-07
EFT:6.954358881292877e-08,3.1659096786476384e-13,5.3720873876736835e-08,1.1926511593113524e-07,3.746506396423931e-08,0.0029347867604856566,0.00023794904609431895,3.213323267755067e-17,0.9968267521019026,2.3209655831692783e-07
Random262
Raw:6.954358881292828e-08,3.165909678647616e-13,5.3720873876736835e-08,1.1926511593113524e-07,3.746506396423905e-08,0.002934786760485615,0.00023794904609431553,3.213323267755045e-17,0.9968267521019026,2.320965583169262e-07
EFT:6.954358881292877e-08,3.1659096786476384e-13,5.3720873876736835e-08,1.1926511593113524e-07,3.746506396423931e-08,0.0029347867604856566,0.00023794904609431895,3.213323267755067e-17,0.9968267521019026,2.3209655831692783e-07
Random263
Raw:6.954358881292976e-08,3.165909678647684e-13,5.3720873876737596e-08,1.1926511593113694e-07,3.746506396423957e-08,0.0029347867604856566,0.0002379490460943223,3.213323267755113e-17,0.9968267521019026,2.3209655831692948e-07
EFT:6.954358881292877e-08,3.1659096786476384e-13,5.3720873876736835e-08,1.1926511593113524e-07,3.746506396423931e-08,0.0029347867604856566,0.00023794904609431895,3.213323267755067e-17,0.9968267521019026,2.3209655831692783e-07
Random264
Raw:6.954358881292926e-08,3.1659096786476616e-13,5.372087387673722e-08,1.192651159311361e-07,3.746506396423931e-08,0.0029347867604856566,0.00023794904609431895,3.21332326775509e-17,0.9968267521019026,2.3209655831692783e-07
EFT:6.954358881292877e-08,3.1659096786476384e-13,5.3720873876736835e-08,1.1926511593113524e-07,3.746506396423931e-08,0.0029347867604856566,0.00023794904609431895,3.213323267755067e-17,0.9968267521019026,2.3209655831692783e-07
Random265
Raw:6.954358881292877e-08,3.1659096786476384e-13,5.3720873876736835e-08,1.1926511593113524e-07,3.746506396423931e-08,0.0029347867604856566,0.00023794904609431895,3.213323267755022e-17,0.9968267521019026,2.320965583169262e-07
EFT:6.954358881292877e-08,3.1659096786476384e-13,5.3720873876736835e-08,1.1926511593113524e-07,3.746506396423931e-08,0.0029347867604856566,0.00023794904609431895,3.213323267755067e-17,0.9968267521019026,2.3209655831692783e-07
Random266
Raw:6.954358881292828e-08,3.1659096786475935e-13,5.3720873876736835e-08,1.192651159311344e-07,3.746506396423905e-08,0.0029347867604856566,0.00023794904609431553,3.213323267754999e-17,0.9968267521019026,2.3209655831692453e-07
EFT:6.954358881292877e-08,3.1659096786476384e-13,5.3720873876736835e-08,1.1926511593113524e-07,3.746506396423931e-08,0.0029347867604856566,0.00023794904609431895,3.213323267755067e-17,0.9968267521019026,2.3209655831692783e-07
Random267
Raw:6.954358881292828e-08,3.165909678647616e-13,5.372087387673722e-08,1.192651159311361e-07,3.746506396423931e-08,0.0029347867604856566,0.00023794904609431553,3.213323267755045e-17,0.9968267521019026,2.320965583169262e-07
EFT:6.954358881292877e-08,3.1659096786476384e-13,5.3720873876736835e-08,1.1926511593113524e-07,3.746506396423931e-08,0.0029347867604856566,0.00023794904609431895,3.213323267755067e-17,0.9968267521019026,2.3209655831692783e-07
Random268
Raw:6.954358881292877e-08,3.1659096786476616e-13,5.372087387673722e-08,1.192651159311361e-07,3.746506396423931e-08,0.0029347867604856566,0.00023794904609431895,3.21332326775509e-17,0.9968267521019026,2.3209655831692783e-07
EFT:6.954358881292877e-08,3.1659096786476384e-13,5.3720873876736835e-08,1.1926511593113524e-07,3.746506396423931e-08,0.0029347867604856566,0.00023794904609431895,3.213323267755067e-17,0.9968267521019026,2.3209655831692783e-07
Random269
Raw:6.954358881292778e-08,3.1659096786475935e-13,5.372087387673645e-08,1.192651159311344e-07,3.7465063964238784e-08,0.002934786760485615,0.00023794904609431553,3.213323267754999e-17,0.9968267521019026,2.3209655831692453e-07
EFT:6.954358881292877e-08,3.1659096786476384e-13,5.3720873876736835e-08,1.1926511593113524e-07,3.746506396423931e-08,0.0029347867604856566,0.00023794904609431895,3.213323267755067e-17,0.9968267521019026,2.3209655831692783e-07
Random270
Raw:6.954358881292976e-08,3.165909678647684e-13,5.3720873876737596e-08,1.1926511593113694e-07,3.746506396423957e-08,0.0029347867604856566,0.0002379490460943223,3.213323267755113e-17,0.9968267521019026,2.3209655831692948e-07
EFT:6.954358881292877e-08,3.1659096786476384e-13,5.3720873876736835e-08,1.1926511593113524e-07,3.746506396423931e-08,0.0029347867604856566,0.00023794904609431895,3.213323267755067e-17,0.9968267521019026,2.3209655831692783e-07
Random271
Raw:6.954358881292926e-08,3.1659096786476616e-13,5.372087387673722e-08,1.192651159311361e-07,3.746506396423931e-08,0.0029347867604856566,0.00023794904609431895,3.213323267755067e-17,0.9968267521019026,2.320965583169262e-07
EFT:6.954358881292877e-08,3.1659096786476384e-13,5.3720873876736835e-08,1.1926511593113524e-07,3.746506396423931e-08,0.0029347867604856566,0.00023794904609431895,3.213323267755067e-17,0.9968267521019026,2.3209655831692783e-07
Random272
Raw:6.954358881292828e-08,3.1659096786476384e-13,5.3720873876736835e-08,1.1926511593113524e-07,3.746506396423931e-08,0.002934786760485615,0.00023794904609431553,3.213323267755067e-17,0.9968267521019026,2.320965583169262e-07
EFT:6.954358881292877e-08,3.1659096786476384e-13,5.3720873876736835e-08,1.1926511593113524e-07,3.746506396423931e-08,0.0029347867604856566,0.00023794904609431895,3.213323267755067e-17,0.9968267521019026,2.3209655831692783e-07
Random273
Raw:6.954358881292926e-08,3.1659096786476616e-13,5.372087387673722e-08,1.192651159311361e-07,3.746506396423931e-08,0.0029347867604856566,0.00023794904609431895,3.213323267755113e-17,0.9968267521019026,2.3209655831692783e-07
EFT:6.954358881292877e-08,3.1659096786476384e-13,5.3720873876736835e-08,1.1926511593113524e-07,3.746506396423931e-08,0.0029347867604856566,0.00023794904609431895,3.213323267755067e-17,0.9968267521019026,2.3209655831692783e-07
Random274
Raw:6.954358881292828e-08,3.165909678647616e-13,5.372087387673645e-08,1.192651159311344e-07,3.7465063964238784e-08,0.002934786760485615,0.00023794904609431553,3.213323267755045e-17,0.9968267521019026,2.3209655831692453e-07
EFT:6.954358881292877e-08,3.1659096786476384e-13,5.3720873876736835e-08,1.1926511593113524e-07,3.746506396423931e-08,0.0029347867604856566,0.00023794904609431895,3.213323267755067e-17,0.9968267521019026,2.3209655831692783e-07
Random275
Raw:6.954358881292828e-08,3.1659096786476384e-13,5.372087387673645e-08,1.192651159311344e-07,3.746506396423905e-08,0.002934786760485615,0.00023794904609431553,3.213323267755067e-17,0.9968267521019026,2.320965583169262e-07
EFT:6.954358881292877e-08,3.1659096786476384e-13,5.3720873876736835e-08,1.1926511593113524e-07,3.746506396423931e-08,0.0029347867604856566,0.00023794904609431895,3.213323267755067e-17,0.9968267521019026,2.3209655831692783e-07
Random276
Raw:6.954358881292877e-08,3.1659096786476616e-13,5.372087387673722e-08,1.192651159311361e-07,3.746506396423905e-08,0.0029347867604856566,0.00023794904609431895,3.213323267755113e-17,0.9968267521019026,2.320965583169262e-07
EFT:6.954358881292877e-08,3.1659096786476384e-13,5.3720873876736835e-08,1.1926511593113524e-07,3.746506396423931e-08,0.0029347867604856566,0.00023794904609431895,3.213323267755067e-17,0.9968267521019026,2.3209655831692783e-07
Random277
Raw:6.954358881292877e-08,3.1659096786476384e-13,5.372087387673722e-08,1.1926511593113524e-07,3.746506396423931e-08,0.0029347867604856566,0.00023794904609431895,3.213323267755045e-17,0.9968267521019026,2.320965583169262e-07
EFT:6.954358881292877e-08,3.1659096786476384e-13,5.3720873876736835e-08,1.1926511593113524e-07,3.746506396423931e-08,0.0029347867604856566,0.00023794904609431895,3.213323267755067e-17,0.9968267521019026,2.3209655831692783e-07
Random278
Raw:6.954358881292926e-08,3.1659096786476616e-13,5.372087387673722e-08,1.192651159311361e-07,3.746506396423931e-08,0.0029347867604856566,0.00023794904609431895,3.21332326775509e-17,0.9968267521019026,2.320965583169262e-07
EFT:6.954358881292877e-08,3.1659096786476384e-13,5.3720873876736835e-08,1.1926511593113524e-07,3.746506396423931e-08,0.0029347867604856566,0.00023794904609431895,3.213323267755067e-17,0.9968267521019026,2.3209655831692783e-07
Random279
Raw:6.954358881292828e-08,3.165909678647616e-13,5.372087387673722e-08,1.1926511593113524e-07,3.746506396423931e-08,0.0029347867604856566,0.00023794904609431895,3.213323267754999e-17,0.9968267521019026,2.320965583169262e-07
EFT:6.954358881292877e-08,3.1659096786476384e-13,5.3720873876736835e-08,1.1926511593113524e-07,3.746506396423931e-08,0.0029347867604856566,0.00023794904609431895,3.213323267755067e-17,0.9968267521019026,2.3209655831692783e-07
Random280
Raw:6.954358881292828e-08,3.165909678647616e-13,5.372087387673645e-08,1.192651159311344e-07,3.7465063964238784e-08,0.002934786760485615,0.00023794904609431553,3.213323267755045e-17,0.9968267521019026,2.3209655831692453e-07
EFT:6.954358881292877e-08,3.1659096786476384e-13,5.3720873876736835e-08,1.1926511593113524e-07,3.746506396423931e-08,0.0029347867604856566,0.00023794904609431895,3.213323267755067e-17,0.9968267521019026,2.3209655831692783e-07
Random281
Raw:6.954358881292877e-08,3.1659096786476616e-13,5.372087387673722e-08,1.192651159311361e-07,3.746506396423931e-08,0.0029347867604856566,0.00023794904609431895,3.213323267755067e-17,0.9968267521019026,2.3209655831692783e-07
EFT:6.954358881292877e-08,3.1659096786476384e-13,5.3720873876736835e-08,1.1926511593113524e-07,3.746506396423931e-08,0.0029347867604856566,0.00023794904609431895,3.213323267755067e-17,0.9968267521019026,2.3209655831692783e-07
Random282
Raw:6.954358881292828e-08,3.165909678647616e-13,5.3720873876736835e-08,1.192651159311344e-07,3.746506396423931e-08,0.002934786760485615,0.00023794904609431895,3.213323267755022e-17,0.9968267521019026,2.320965583169262e-07
EFT:6.954358881292877e-08,3.1659096786476384e-13,5.3720873876736835e-08,1.1926511593113524e-07,3.746506396423931e-08,0.0029347867604856566,0.00023794904609431895,3.213323267755067e-17,0.9968267521019026,2.3209655831692783e-07
Random283
Raw:6.954358881292828e-08,3.1659096786476616e-13,5.372087387673722e-08,1.192651159311361e-07,3.746506396423931e-08,0.002934786760485615,0.00023794904609431553,3.213323267755113e-17,0.9968267521019026,2.3209655831692783e-07
EFT:6.954358881292877e-08,3.1659096786476384e-13,5.3720873876736835e-08,1.1926511593113524e-07,3.746506396423931e-08,0.0029347867604856566,0.00023794904609431895,3.213323267755067e-17,0.9968267521019026,2.3209655831692783e-07
Random284
Raw:6.954358881292828e-08,3.165909678647616e-13,5.372087387673645e-08,1.192651159311344e-07,3.746506396423931e-08,0.002934786760485615,0.00023794904609431553,3.213323267755022e-17,0.9968267521019026,2.320965583169262e-07
EFT:6.954358881292877e-08,3.1659096786476384e-13,5.3720873876736835e-08,1.1926511593113524e-07,3.746506396423931e-08,0.0029347867604856566,0.00023794904609431895,3.213323267755067e-17,0.9968267521019026,2.3209655831692783e-07
Random285
Raw:6.954358881292828e-08,3.165909678647616e-13,5.3720873876736835e-08,1.1926511593113524e-07,3.746506396423905e-08,0.002934786760485615,0.00023794904609431553,3.213323267755045e-17,0.9968267521019026,2.320965583169262e-07
EFT:6.954358881292877e-08,3.1659096786476384e-13,5.3720873876736835e-08,1.1926511593113524e-07,3.746506396423931e-08,0.0029347867604856566,0.00023794904609431895,3.213323267755067e-17,0.9968267521019026,2.3209655831692783e-07
Random286
Raw:6.954358881292926e-08,3.1659096786476616e-13,5.372087387673722e-08,1.192651159311361e-07,3.746506396423931e-08,0.0029347867604856566,0.00023794904609431895,3.213323267755067e-17,0.9968267521019026,2.320965583169262e-07
EFT:6.954358881292877e-08,3.1659096786476384e-13,5.3720873876736835e-08,1.1926511593113524e-07,3.746506396423931e-08,0.0029347867604856566,0.00023794904609431895,3.213323267755067e-17,0.9968267521019026,2.3209655831692783e-07
Random287
Raw:6.954358881292828e-08,3.1659096786476616e-13,5.3720873876736835e-08,1.1926511593113524e-07,3.746506396423905e-08,0.002934786760485615,0.00023794904609431553,3.21332326775509e-17,0.9968267521019026,2.320965583169262e-07
EFT:6.954358881292877e-08,3.1659096786476384e-13,5.3720873876736835e-08,1.1926511593113524e-07,3.746506396423931e-08,0.0029347867604856566,0.00023794904609431895,3.213323267755067e-17,0.9968267521019026,2.3209655831692783e-07
Random288
Raw:6.954358881292877e-08,3.1659096786476616e-13,5.372087387673722e-08,1.192651159311361e-07,3.746506396423931e-08,0.0029347867604856566,0.00023794904609431895,3.213323267755067e-17,0.9968267521019026,2.320965583169262e-07
EFT:6.954358881292877e-08,3.1659096786476384e-13,5.3720873876736835e-08,1.1926511593113524e-07,3.746506396423931e-08,0.0029347867604856566,0.00023794904609431895,3.213323267755067e-17,0.9968267521019026,2.3209655831692783e-07
Random289
Raw:6.954358881292828e-08,3.1659096786476384e-13,5.372087387673722e-08,1.192651159311361e-07,3.746506396423905e-08,0.002934786760485615,0.00023794904609431553,3.21332326775509e-17,0.9968267521019026,2.320965583169262e-07
EFT:6.954358881292877e-08,3.1659096786476384e-13,5.3720873876736835e-08,1.1926511593113524e-07,3.746506396423931e-08,0.0029347867604856566,0.00023794904609431895,3.213323267755067e-17,0.9968267521019026,2.3209655831692783e-07
Random290
Raw:6.954358881292828e-08,3.1659096786476616e-13,5.3720873876736835e-08,1.1926511593113524e-07,3.746506396423905e-08,0.002934786760485615,0.00023794904609431553,3.21332326775509e-17,0.9968267521019026,2.320965583169262e-07
EFT:6.954358881292877e-08,3.1659096786476384e-13,5.3720873876736835e-08,1.1926511593113524e-07,3.746506396423931e-08,0.0029347867604856566,0.00023794904609431895,3.213323267755067e-17,0.9968267521019026,2.3209655831692783e-07
Random291
Raw:6.954358881292877e-08,3.1659096786476616e-13,5.3720873876736835e-08,1.192651159311361e-07,3.746506396423905e-08,0.002934786760485615,0.00023794904609431553,3.21332326775509e-17,0.9968267521019026,2.320965583169262e-07
EFT:6.954358881292877e-08,3.1659096786476384e-13,5.3720873876736835e-08,1.1926511593113524e-07,3.746506396423931e-08,0.0029347867604856566,0.00023794904609431895,3.213323267755067e-17,0.9968267521019026,2.3209655831692783e-07
Random292
Raw:6.954358881292828e-08,3.1659096786476616e-13,5.3720873876736835e-08,1.1926511593113524e-07,3.746506396423905e-08,0.002934786760485615,0.00023794904609431553,3.213323267755113e-17,0.9968267521019026,2.3209655831692783e-07
EFT:6.954358881292877e-08,3.1659096786476384e-13,5.3720873876736835e-08,1.1926511593113524e-07,3.746506396423931e-08,0.0029347867604856566,0.00023794904609431895,3.213323267755067e-17,0.9968267521019026,2.3209655831692783e-07
Random293
Raw:6.954358881292926e-08,3.165909678647684e-13,5.372087387673722e-08,1.1926511593113694e-07,3.746506396423931e-08,0.0029347867604856566,0.00023794904609431895,3.213323267755136e-17,0.9968267521019026,2.3209655831692783e-07
EFT:6.954358881292877e-08,3.1659096786476384e-13,5.3720873876736835e-08,1.1926511593113524e-07,3.746506396423931e-08,0.0029347867604856566,0.00023794904609431895,3.213323267755067e-17,0.9968267521019026,2.3209655831692783e-07
Random294
Raw:6.954358881292828e-08,3.1659096786476384e-13,5.372087387673645e-08,1.1926511593113524e-07,3.746506396423931e-08,0.002934786760485615,0.00023794904609431553,3.213323267755067e-17,0.9968267521019026,2.320965583169262e-07
EFT:6.954358881292877e-08,3.1659096786476384e-13,5.3720873876736835e-08,1.1926511593113524e-07,3.746506396423931e-08,0.0029347867604856566,0.00023794904609431895,3.213323267755067e-17,0.9968267521019026,2.3209655831692783e-07
Random295
Raw:6.954358881292926e-08,3.165909678647684e-13,5.3720873876737596e-08,1.1926511593113694e-07,3.746506396423957e-08,0.0029347867604856566,0.00023794904609431895,3.213323267755113e-17,0.9968267521019026,2.3209655831692948e-07
EFT:6.954358881292877e-08,3.1659096786476384e-13,5.3720873876736835e-08,1.1926511593113524e-07,3.746506396423931e-08,0.0029347867604856566,0.00023794904609431895,3.213323267755067e-17,0.9968267521019026,2.3209655831692783e-07
Random296
Raw:6.954358881292926e-08,3.1659096786476616e-13,5.372087387673722e-08,1.192651159311361e-07,3.746506396423957e-08,0.0029347867604856566,0.00023794904609431895,3.213323267755067e-17,0.9968267521019026,2.3209655831692948e-07
EFT:6.954358881292877e-08,3.1659096786476384e-13,5.3720873876736835e-08,1.1926511593113524e-07,3.746506396423931e-08,0.0029347867604856566,0.00023794904609431895,3.213323267755067e-17,0.9968267521019026,2.3209655831692783e-07
Random297
Raw:6.954358881292828e-08,3.1659096786476616e-13,5.3720873876736835e-08,1.1926511593113524e-07,3.746506396423905e-08,0.002934786760485615,0.00023794904609431553,3.21332326775509e-17,0.9968267521019026,2.320965583169262e-07
EFT:6.954358881292877e-08,3.1659096786476384e-13,5.3720873876736835e-08,1.1926511593113524e-07,3.746506396423931e-08,0.0029347867604856566,0.00023794904609431895,3.213323267755067e-17,0.9968267521019026,2.3209655831692783e-07
Random298
Raw:6.954358881292828e-08,3.165909678647616e-13,5.3720873876736835e-08,1.1926511593113524e-07,3.746506396423905e-08,0.002934786760485615,0.00023794904609431553,3.213323267755045e-17,0.9968267521019026,2.320965583169262e-07
EFT:6.954358881292877e-08,3.1659096786476384e-13,5.3720873876736835e-08,1.1926511593113524e-07,3.746506396423931e-08,0.0029347867604856566,0.00023794904609431895,3.213323267755067e-17,0.9968267521019026,2.3209655831692783e-07
Random299
Raw:6.954358881292828e-08,3.165909678647616e-13,5.372087387673722e-08,1.192651159311361e-07,3.746506396423931e-08,0.0029347867604856566,0.00023794904609431553,3.213323267755045e-17,0.9968267521019026,2.320965583169262e-07
EFT:6.954358881292877e-08,3.1659096786476384e-13,5.3720873876736835e-08,1.1926511593113524e-07,3.746506396423931e-08,0.0029347867604856566,0.00023794904609431895,3.213323267755067e-17,0.9968267521019026,2.3209655831692783e-07
Random300
Raw:6.954358881292877e-08,3.1659096786476616e-13,5.372087387673722e-08,1.192651159311361e-07,3.746506396423905e-08,0.0029347867604856566,0.00023794904609431895,3.213323267755113e-17,0.9968267521019026,2.320965583169262e-07
EFT:6.954358881292877e-08,3.1659096786476384e-13,5.3720873876736835e-08,1.1926511593113524e-07,3.746506396423931e-08,0.0029347867604856566,0.00023794904609431895,3.213323267755067e-17,0.9968267521019026,2.3209655831692783e-07
Random301
Raw:6.954358881292828e-08,3.1659096786476384e-13,5.3720873876736835e-08,1.1926511593113524e-07,3.746506396423905e-08,0.0029347867604856566,0.00023794904609431895,3.213323267755045e-17,0.9968267521019026,2.3209655831692453e-07
EFT:6.954358881292877e-08,3.1659096786476384e-13,5.3720873876736835e-08,1.1926511593113524e-07,3.746506396423931e-08,0.0029347867604856566,0.00023794904609431895,3.213323267755067e-17,0.9968267521019026,2.3209655831692783e-07
Random302
Raw:6.954358881292877e-08,3.1659096786476616e-13,5.372087387673722e-08,1.192651159311361e-07,3.746506396423931e-08,0.002934786760485615,0.00023794904609431553,3.213323267755113e-17,0.9968267521019026,2.3209655831692948e-07
EFT:6.954358881292877e-08,3.1659096786476384e-13,5.3720873876736835e-08,1.1926511593113524e-07,3.746506396423931e-08,0.0029347867604856566,0.00023794904609431895,3.213323267755067e-17,0.9968267521019026,2.3209655831692783e-07
Random303
Raw:6.954358881292877e-08,3.1659096786476384e-13,5.372087387673722e-08,1.1926511593113524e-07,3.746506396423931e-08,0.0029347867604856566,0.00023794904609431895,3.213323267755045e-17,0.9968267521019026,2.320965583169262e-07
EFT:6.954358881292877e-08,3.1659096786476384e-13,5.3720873876736835e-08,1.1926511593113524e-07,3.746506396423931e-08,0.0029347867604856566,0.00023794904609431895,3.213323267755067e-17,0.9968267521019026,2.3209655831692783e-07
Random304
Raw:6.954358881292926e-08,3.1659096786476616e-13,5.372087387673722e-08,1.192651159311361e-07,3.746506396423931e-08,0.0029347867604856566,0.00023794904609431895,3.213323267755067e-17,0.9968267521019026,2.3209655831692783e-07
EFT:6.954358881292877e-08,3.1659096786476384e-13,5.3720873876736835e-08,1.1926511593113524e-07,3.746506396423931e-08,0.0029347867604856566,0.00023794904609431895,3.213323267755067e-17,0.9968267521019026,2.3209655831692783e-07
Random305
Raw:6.954358881292877e-08,3.1659096786476616e-13,5.372087387673722e-08,1.192651159311361e-07,3.746506396423931e-08,0.0029347867604856566,0.00023794904609431895,3.213323267755067e-17,0.9968267521019026,2.3209655831692783e-07
EFT:6.954358881292877e-08,3.1659096786476384e-13,5.3720873876736835e-08,1.1926511593113524e-07,3.746506396423931e-08,0.0029347867604856566,0.00023794904609431895,3.213323267755067e-17,0.9968267521019026,2.3209655831692783e-07
Random306
Raw:6.954358881292877e-08,3.1659096786476384e-13,5.372087387673722e-08,1.1926511593113524e-07,3.746506396423931e-08,0.0029347867604856566,0.00023794904609431895,3.213323267755045e-17,0.9968267521019026,2.320965583169262e-07
EFT:6.954358881292877e-08,3.1659096786476384e-13,5.3720873876736835e-08,1.1926511593113524e-07,3.746506396423931e-08,0.0029347867604856566,0.00023794904609431895,3.213323267755067e-17,0.9968267521019026,2.3209655831692783e-07
Random307
Raw:6.954358881292976e-08,3.1659096786476616e-13,5.3720873876737596e-08,1.1926511593113694e-07,3.746506396423957e-08,0.0029347867604856983,0.0002379490460943223,3.213323267755067e-17,0.9968267521019026,2.3209655831692783e-07
EFT:6.954358881292877e-08,3.1659096786476384e-13,5.3720873876736835e-08,1.1926511593113524e-07,3.746506396423931e-08,0.0029347867604856566,0.00023794904609431895,3.213323267755067e-17,0.9968267521019026,2.3209655831692783e-07
Random308
Raw:6.954358881292828e-08,3.165909678647616e-13,5.3720873876736835e-08,1.1926511593113524e-07,3.746506396423905e-08,0.0029347867604856566,0.00023794904609431895,3.213323267754999e-17,0.9968267521019026,2.3209655831692453e-07
EFT:6.954358881292877e-08,3.1659096786476384e-13,5.3720873876736835e-08,1.1926511593113524e-07,3.746506396423931e-08,0.0029347867604856566,0.00023794904609431895,3.213323267755067e-17,0.9968267521019026,2.3209655831692783e-07
Random309
Raw:6.954358881292828e-08,3.1659096786476384e-13,5.3720873876736835e-08,1.1926511593113524e-07,3.746506396423905e-08,0.0029347867604856566,0.00023794904609431895,3.213323267755045e-17,0.9968267521019026,2.320965583169262e-07
EFT:6.954358881292877e-08,3.1659096786476384e-13,5.3720873876736835e-08,1.1926511593113524e-07,3.746506396423931e-08,0.0029347867604856566,0.00023794904609431895,3.213323267755067e-17,0.9968267521019026,2.3209655831692783e-07
Random310
Raw:6.954358881292877e-08,3.1659096786476616e-13,5.372087387673722e-08,1.192651159311361e-07,3.746506396423931e-08,0.0029347867604856566,0.00023794904609431895,3.21332326775509e-17,0.9968267521019026,2.3209655831692783e-07
EFT:6.954358881292877e-08,3.1659096786476384e-13,5.3720873876736835e-08,1.1926511593113524e-07,3.746506396423931e-08,0.0029347867604856566,0.00023794904609431895,3.213323267755067e-17,0.9968267521019026,2.3209655831692783e-07
Random311
Raw:6.954358881292828e-08,3.1659096786476384e-13,5.3720873876736835e-08,1.1926511593113524e-07,3.746506396423931e-08,0.002934786760485615,0.00023794904609431553,3.213323267755067e-17,0.9968267521019026,2.320965583169262e-07
EFT:6.954358881292877e-08,3.1659096786476384e-13,5.3720873876736835e-08,1.1926511593113524e-07,3.746506396423931e-08,0.0029347867604856566,0.00023794904609431895,3.213323267755067e-17,0.9968267521019026,2.3209655831692783e-07
Random312
Raw:6.954358881292828e-08,3.1659096786476616e-13,5.3720873876736835e-08,1.1926511593113524e-07,3.746506396423905e-08,0.002934786760485615,0.00023794904609431553,3.21332326775509e-17,0.9968267521019026,2.320965583169262e-07
EFT:6.954358881292877e-08,3.1659096786476384e-13,5.3720873876736835e-08,1.1926511593113524e-07,3.746506396423931e-08,0.0029347867604856566,0.00023794904609431895,3.213323267755067e-17,0.9968267521019026,2.3209655831692783e-07
Random313
Raw:6.954358881292926e-08,3.165909678647684e-13,5.3720873876737596e-08,1.1926511593113694e-07,3.746506396423957e-08,0.0029347867604856566,0.00023794904609431895,3.21332326775509e-17,0.9968267521019026,2.3209655831692783e-07
EFT:6.954358881292877e-08,3.1659096786476384e-13,5.3720873876736835e-08,1.1926511593113524e-07,3.746506396423931e-08,0.0029347867604856566,0.00023794904609431895,3.213323267755067e-17,0.9968267521019026,2.3209655831692783e-07
Random314
Raw:6.954358881292926e-08,3.165909678647684e-13,5.372087387673722e-08,1.1926511593113694e-07,3.746506396423931e-08,0.0029347867604856566,0.00023794904609431895,3.213323267755113e-17,0.9968267521019026,2.3209655831692783e-07
EFT:6.954358881292877e-08,3.1659096786476384e-13,5.3720873876736835e-08,1.1926511593113524e-07,3.746506396423931e-08,0.0029347867604856566,0.00023794904609431895,3.213323267755067e-17,0.9968267521019026,2.3209655831692783e-07
Random315
Raw:6.954358881292828e-08,3.165909678647616e-13,5.3720873876736835e-08,1.192651159311344e-07,3.746506396423931e-08,0.002934786760485615,0.00023794904609431895,3.213323267755022e-17,0.9968267521019026,2.320965583169262e-07
EFT:6.954358881292877e-08,3.1659096786476384e-13,5.3720873876736835e-08,1.1926511593113524e-07,3.746506396423931e-08,0.0029347867604856566,0.00023794904609431895,3.213323267755067e-17,0.9968267521019026,2.3209655831692783e-07
Random316
Raw:6.954358881292828e-08,3.1659096786476384e-13,5.3720873876736835e-08,1.1926511593113524e-07,3.7465063964238784e-08,0.002934786760485615,0.00023794904609431553,3.21332326775509e-17,0.9968267521019026,2.320965583169262e-07
EFT:6.954358881292877e-08,3.1659096786476384e-13,5.3720873876736835e-08,1.1926511593113524e-07,3.746506396423931e-08,0.0029347867604856566,0.00023794904609431895,3.213323267755067e-17,0.9968267521019026,2.3209655831692783e-07
Random317
Raw:6.954358881292828e-08,3.1659096786476384e-13,5.3720873876736835e-08,1.1926511593113524e-07,3.746506396423931e-08,0.002934786760485615,0.00023794904609431553,3.213323267755067e-17,0.9968267521019026,2.320965583169262e-07
EFT:6.954358881292877e-08,3.1659096786476384e-13,5.3720873876736835e-08,1.1926511593113524e-07,3.746506396423931e-08,0.0029347867604856566,0.00023794904609431895,3.213323267755067e-17,0.9968267521019026,2.3209655831692783e-07
Random318
Raw:6.954358881292877e-08,3.1659096786476616e-13,5.372087387673722e-08,1.192651159311361e-07,3.746506396423931e-08,0.002934786760485615,0.00023794904609431895,3.21332326775509e-17,0.9968267521019026,2.320965583169262e-07
EFT:6.954358881292877e-08,3.1659096786476384e-13,5.3720873876736835e-08,1.1926511593113524e-07,3.746506396423931e-08,0.0029347867604856566,0.00023794904609431895,3.213323267755067e-17,0.9968267521019026,2.3209655831692783e-07
Random319
Raw:6.954358881292877e-08,3.1659096786476616e-13,5.372087387673722e-08,1.192651159311361e-07,3.746506396423931e-08,0.002934786760485615,0.00023794904609431895,3.21332326775509e-17,0.9968267521019026,2.320965583169262e-07
EFT:6.954358881292877e-08,3.1659096786476384e-13,5.3720873876736835e-08,1.1926511593113524e-07,3.746506396423931e-08,0.0029347867604856566,0.00023794904609431895,3.213323267755067e-17,0.9968267521019026,2.3209655831692783e-07
Random320
Raw:6.954358881292877e-08,3.1659096786476384e-13,5.3720873876736835e-08,1.1926511593113524e-07,3.746506396423931e-08,0.0029347867604856566,0.00023794904609431895,3.213323267755067e-17,0.9968267521019026,2.3209655831692783e-07
EFT:6.954358881292877e-08,3.1659096786476384e-13,5.3720873876736835e-08,1.1926511593113524e-07,3.746506396423931e-08,0.0029347867604856566,0.00023794904609431895,3.213323267755067e-17,0.9968267521019026,2.3209655831692783e-07
Random321
Raw:6.954358881292926e-08,3.1659096786476616e-13,5.372087387673722e-08,1.192651159311361e-07,3.746506396423931e-08,0.0029347867604856566,0.00023794904609431895,3.21332326775509e-17,0.9968267521019026,2.320965583169262e-07
EFT:6.954358881292877e-08,3.1659096786476384e-13,5.3720873876736835e-08,1.1926511593113524e-07,3.746506396423931e-08,0.0029347867604856566,0.00023794904609431895,3.213323267755067e-17,0.9968267521019026,2.3209655831692783e-07
Random322
Raw:6.954358881292877e-08,3.1659096786476384e-13,5.3720873876736835e-08,1.1926511593113524e-07,3.746506396423905e-08,0.0029347867604856566,0.00023794904609431895,3.213323267755045e-17,0.9968267521019026,2.320965583169262e-07
EFT:6.954358881292877e-08,3.1659096786476384e-13,5.3720873876736835e-08,1.1926511593113524e-07,3.746506396423931e-08,0.0029347867604856566,0.00023794904609431895,3.213323267755067e-17,0.9968267521019026,2.3209655831692783e-07
Random323
Raw:6.954358881292828e-08,3.165909678647616e-13,5.372087387673645e-08,1.192651159311344e-07,3.7465063964238784e-08,0.002934786760485615,0.00023794904609431553,3.213323267755045e-17,0.9968267521019026,2.3209655831692453e-07
EFT:6.954358881292877e-08,3.1659096786476384e-13,5.3720873876736835e-08,1.1926511593113524e-07,3.746506396423931e-08,0.0029347867604856566,0.00023794904609431895,3.213323267755067e-17,0.9968267521019026,2.3209655831692783e-07
Random324
Raw:6.954358881292926e-08,3.1659096786476616e-13,5.372087387673722e-08,1.192651159311361e-07,3.746506396423931e-08,0.0029347867604856566,0.00023794904609431895,3.213323267755045e-17,0.9968267521019026,2.320965583169262e-07
EFT:6.954358881292877e-08,3.1659096786476384e-13,5.3720873876736835e-08,1.1926511593113524e-07,3.746506396423931e-08,0.0029347867604856566,0.00023794904609431895,3.213323267755067e-17,0.9968267521019026,2.3209655831692783e-07
Random325
Raw:6.954358881292828e-08,3.165909678647616e-13,5.3720873876736835e-08,1.1926511593113524e-07,3.746506396423905e-08,0.0029347867604856566,0.00023794904609431553,3.213323267754999e-17,0.9968267521019026,2.320965583169262e-07
EFT:6.954358881292877e-08,3.1659096786476384e-13,5.3720873876736835e-08,1.1926511593113524e-07,3.746506396423931e-08,0.0029347867604856566,0.00023794904609431895,3.213323267755067e-17,0.9968267521019026,2.3209655831692783e-07
Random326
Raw:6.954358881292828e-08,3.1659096786476384e-13,5.3720873876736835e-08,1.1926511593113524e-07,3.746506396423905e-08,0.0029347867604856566,0.00023794904609431895,3.213323267755045e-17,0.9968267521019026,2.320965583169262e-07
EFT:6.954358881292877e-08,3.1659096786476384e-13,5.3720873876736835e-08,1.1926511593113524e-07,3.746506396423931e-08,0.0029347867604856566,0.00023794904609431895,3.213323267755067e-17,0.9968267521019026,2.3209655831692783e-07
Random327
Raw:6.954358881292828e-08,3.165909678647616e-13,5.372087387673722e-08,1.192651159311361e-07,3.746506396423931e-08,0.0029347867604856566,0.00023794904609431553,3.213323267755045e-17,0.9968267521019026,2.320965583169262e-07
EFT:6.954358881292877e-08,3.1659096786476384e-13,5.3720873876736835e-08,1.1926511593113524e-07,3.746506396423931e-08,0.0029347867604856566,0.00023794904609431895,3.213323267755067e-17,0.9968267521019026,2.3209655831692783e-07
Random328
Raw:6.954358881292877e-08,3.1659096786476384e-13,5.3720873876736835e-08,1.1926511593113524e-07,3.746506396423931e-08,0.0029347867604856566,0.00023794904609431895,3.213323267755067e-17,0.9968267521019026,2.3209655831692783e-07
EFT:6.954358881292877e-08,3.1659096786476384e-13,5.3720873876736835e-08,1.1926511593113524e-07,3.746506396423931e-08,0.0029347867604856566,0.00023794904609431895,3.213323267755067e-17,0.9968267521019026,2.3209655831692783e-07
Random329
Raw:6.954358881292828e-08,3.1659096786476384e-13,5.3720873876736835e-08,1.1926511593113524e-07,3.746506396423931e-08,0.0029347867604856566,0.00023794904609431895,3.213323267755067e-17,0.9968267521019026,2.3209655831692783e-07
EFT:6.954358881292877e-08,3.1659096786476384e-13,5.3720873876736835e-08,1.1926511593113524e-07,3.746506396423931e-08,0.0029347867604856566,0.00023794904609431895,3.213323267755067e-17,0.9968267521019026,2.3209655831692783e-07
Random330
Raw:6.954358881292828e-08,3.1659096786476384e-13,5.372087387673722e-08,1.192651159311361e-07,3.746506396423931e-08,0.0029347867604856566,0.00023794904609431895,3.213323267755045e-17,0.9968267521019026,2.320965583169262e-07
EFT:6.954358881292877e-08,3.1659096786476384e-13,5.3720873876736835e-08,1.1926511593113524e-07,3.746506396423931e-08,0.0029347867604856566,0.00023794904609431895,3.213323267755067e-17,0.9968267521019026,2.3209655831692783e-07
Random331
Raw:6.954358881292828e-08,3.1659096786476616e-13,5.3720873876736835e-08,1.1926511593113524e-07,3.746506396423905e-08,0.002934786760485615,0.00023794904609431553,3.21332326775509e-17,0.9968267521019026,2.320965583169262e-07
EFT:6.954358881292877e-08,3.1659096786476384e-13,5.3720873876736835e-08,1.1926511593113524e-07,3.746506396423931e-08,0.0029347867604856566,0.00023794904609431895,3.213323267755067e-17,0.9968267521019026,2.3209655831692783e-07
Random332
Raw:6.954358881292926e-08,3.165909678647684e-13,5.372087387673722e-08,1.1926511593113694e-07,3.746506396423931e-08,0.0029347867604856566,0.00023794904609431895,3.213323267755136e-17,0.9968267521019026,2.3209655831692783e-07
EFT:6.954358881292877e-08,3.1659096786476384e-13,5.3720873876736835e-08,1.1926511593113524e-07,3.746506396423931e-08,0.0029347867604856566,0.00023794904609431895,3.213323267755067e-17,0.9968267521019026,2.3209655831692783e-07
Random333
Raw:6.954358881292828e-08,3.1659096786476384e-13,5.372087387673645e-08,1.192651159311344e-07,3.746506396423905e-08,0.002934786760485615,0.00023794904609431553,3.213323267755067e-17,0.9968267521019026,2.320965583169262e-07
EFT:6.954358881292877e-08,3.1659096786476384e-13,5.3720873876736835e-08,1.1926511593113524e-07,3.746506396423931e-08,0.0029347867604856566,0.00023794904609431895,3.213323267755067e-17,0.9968267521019026,2.3209655831692783e-07
Random334
Raw:6.954358881292828e-08,3.1659096786476384e-13,5.372087387673645e-08,1.1926511593113524e-07,3.746506396423931e-08,0.002934786760485615,0.00023794904609431553,3.213323267755067e-17,0.9968267521019026,2.320965583169262e-07
EFT:6.954358881292877e-08,3.1659096786476384e-13,5.3720873876736835e-08,1.1926511593113524e-07,3.746506396423931e-08,0.0029347867604856566,0.00023794904609431895,3.213323267755067e-17,0.9968267521019026,2.3209655831692783e-07
Random335
Raw:6.954358881292926e-08,3.1659096786476616e-13,5.372087387673722e-08,1.192651159311361e-07,3.746506396423931e-08,0.0029347867604856566,0.00023794904609431895,3.21332326775509e-17,0.9968267521019026,2.320965583169262e-07
EFT:6.954358881292877e-08,3.1659096786476384e-13,5.3720873876736835e-08,1.1926511593113524e-07,3.746506396423931e-08,0.0029347867604856566,0.00023794904609431895,3.213323267755067e-17,0.9968267521019026,2.3209655831692783e-07
Random336
Raw:6.954358881292877e-08,3.1659096786476384e-13,5.3720873876736835e-08,1.1926511593113524e-07,3.746506396423905e-08,0.0029347867604856566,0.00023794904609431895,3.213323267755045e-17,0.9968267521019026,2.320965583169262e-07
EFT:6.954358881292877e-08,3.1659096786476384e-13,5.3720873876736835e-08,1.1926511593113524e-07,3.746506396423931e-08,0.0029347867604856566,0.00023794904609431895,3.213323267755067e-17,0.9968267521019026,2.3209655831692783e-07
Random337
Raw:6.954358881292778e-08,3.1659096786475935e-13,5.372087387673645e-08,1.192651159311344e-07,3.7465063964238784e-08,0.002934786760485615,0.00023794904609431553,3.213323267754999e-17,0.9968267521019026,2.3209655831692453e-07
EFT:6.954358881292877e-08,3.1659096786476384e-13,5.3720873876736835e-08,1.1926511593113524e-07,3.746506396423931e-08,0.0029347867604856566,0.00023794904609431895,3.213323267755067e-17,0.9968267521019026,2.3209655831692783e-07
Random338
Raw:6.954358881292778e-08,3.1659096786475935e-13,5.372087387673645e-08,1.192651159311344e-07,3.7465063964238784e-08,0.002934786760485615,0.00023794904609431553,3.213323267754999e-17,0.9968267521019026,2.3209655831692453e-07
EFT:6.954358881292877e-08,3.1659096786476384e-13,5.3720873876736835e-08,1.1926511593113524e-07,3.746506396423931e-08,0.0029347867604856566,0.00023794904609431895,3.213323267755067e-17,0.9968267521019026,2.3209655831692783e-07
Random339
Raw:6.954358881292828e-08,3.165909678647616e-13,5.372087387673722e-08,1.192651159311361e-07,3.746506396423931e-08,0.0029347867604856566,0.00023794904609431553,3.213323267755045e-17,0.9968267521019026,2.320965583169262e-07
EFT:6.954358881292877e-08,3.1659096786476384e-13,5.3720873876736835e-08,1.1926511593113524e-07,3.746506396423931e-08,0.0029347867604856566,0.00023794904609431895,3.213323267755067e-17,0.9968267521019026,2.3209655831692783e-07
Random340
Raw:6.954358881292877e-08,3.1659096786476616e-13,5.372087387673722e-08,1.192651159311361e-07,3.746506396423957e-08,0.0029347867604856566,0.00023794904609431553,3.213323267755113e-17,0.9968267521019026,2.3209655831692948e-07
EFT:6.954358881292877e-08,3.1659096786476384e-13,5.3720873876736835e-08,1.1926511593113524e-07,3.746506396423931e-08,0.0029347867604856566,0.00023794904609431895,3.213323267755067e-17,0.9968267521019026,2.3209655831692783e-07
Random341
Raw:6.954358881292877e-08,3.1659096786476616e-13,5.372087387673722e-08,1.192651159311361e-07,3.746506396423931e-08,0.002934786760485615,0.00023794904609431895,3.21332326775509e-17,0.9968267521019026,2.320965583169262e-07
EFT:6.954358881292877e-08,3.1659096786476384e-13,5.3720873876736835e-08,1.1926511593113524e-07,3.746506396423931e-08,0.0029347867604856566,0.00023794904609431895,3.213323267755067e-17,0.9968267521019026,2.3209655831692783e-07
Random342
Raw:6.954358881292877e-08,3.1659096786476616e-13,5.372087387673722e-08,1.192651159311361e-07,3.746506396423931e-08,0.002934786760485615,0.00023794904609431553,3.213323267755113e-17,0.9968267521019026,2.3209655831692948e-07
EFT:6.954358881292877e-08,3.1659096786476384e-13,5.3720873876736835e-08,1.1926511593113524e-07,3.746506396423931e-08,0.0029347867604856566,0.00023794904609431895,3.213323267755067e-17,0.9968267521019026,2.3209655831692783e-07
Random343
Raw:6.954358881292926e-08,3.1659096786476616e-13,5.372087387673722e-08,1.192651159311361e-07,3.746506396423931e-08,0.0029347867604856566,0.00023794904609431895,3.21332326775509e-17,0.9968267521019026,2.320965583169262e-07
EFT:6.954358881292877e-08,3.1659096786476384e-13,5.3720873876736835e-08,1.1926511593113524e-07,3.746506396423931e-08,0.0029347867604856566,0.00023794904609431895,3.213323267755067e-17,0.9968267521019026,2.3209655831692783e-07
Random344
Raw:6.954358881292926e-08,3.1659096786476616e-13,5.372087387673722e-08,1.192651159311361e-07,3.746506396423957e-08,0.0029347867604856566,0.00023794904609431895,3.213323267755067e-17,0.9968267521019026,2.3209655831692783e-07
EFT:6.954358881292877e-08,3.1659096786476384e-13,5.3720873876736835e-08,1.1926511593113524e-07,3.746506396423931e-08,0.0029347867604856566,0.00023794904609431895,3.213323267755067e-17,0.9968267521019026,2.3209655831692783e-07
Random345
Raw:6.954358881292828e-08,3.165909678647616e-13,5.372087387673722e-08,1.192651159311361e-07,3.746506396423931e-08,0.0029347867604856566,0.00023794904609431553,3.213323267755045e-17,0.9968267521019026,2.320965583169262e-07
EFT:6.954358881292877e-08,3.1659096786476384e-13,5.3720873876736835e-08,1.1926511593113524e-07,3.746506396423931e-08,0.0029347867604856566,0.00023794904609431895,3.213323267755067e-17,0.9968267521019026,2.3209655831692783e-07
Random346
Raw:6.954358881292828e-08,3.1659096786476384e-13,5.3720873876736835e-08,1.1926511593113524e-07,3.746506396423905e-08,0.0029347867604856566,0.00023794904609431895,3.213323267755045e-17,0.9968267521019026,2.320965583169262e-07
EFT:6.954358881292877e-08,3.1659096786476384e-13,5.3720873876736835e-08,1.1926511593113524e-07,3.746506396423931e-08,0.0029347867604856566,0.00023794904609431895,3.213323267755067e-17,0.9968267521019026,2.3209655831692783e-07
Random347
Raw:6.954358881292828e-08,3.165909678647616e-13,5.372087387673645e-08,1.192651159311344e-07,3.7465063964238784e-08,0.002934786760485615,0.00023794904609431553,3.213323267755045e-17,0.9968267521019026,2.3209655831692453e-07
EFT:6.954358881292877e-08,3.1659096786476384e-13,5.3720873876736835e-08,1.1926511593113524e-07,3.746506396423931e-08,0.0029347867604856566,0.00023794904609431895,3.213323267755067e-17,0.9968267521019026,2.3209655831692783e-07
Random348
Raw:6.954358881292828e-08,3.165909678647616e-13,5.3720873876736835e-08,1.192651159311344e-07,3.746506396423931e-08,0.002934786760485615,0.00023794904609431895,3.213323267755022e-17,0.9968267521019026,2.320965583169262e-07
EFT:6.954358881292877e-08,3.1659096786476384e-13,5.3720873876736835e-08,1.1926511593113524e-07,3.746506396423931e-08,0.0029347867604856566,0.00023794904609431895,3.213323267755067e-17,0.9968267521019026,2.3209655831692783e-07
Random349
Raw:6.954358881292828e-08,3.1659096786476616e-13,5.3720873876736835e-08,1.192651159311361e-07,3.746506396423905e-08,0.002934786760485615,0.00023794904609431553,3.213323267755136e-17,0.9968267521019026,2.320965583169262e-07
EFT:6.954358881292877e-08,3.1659096786476384e-13,5.3720873876736835e-08,1.1926511593113524e-07,3.746506396423931e-08,0.0029347867604856566,0.00023794904609431895,3.213323267755067e-17,0.9968267521019026,2.3209655831692783e-07
Random350
Raw:6.954358881292828e-08,3.165909678647616e-13,5.3720873876736835e-08,1.1926511593113524e-07,3.746506396423905e-08,0.002934786760485615,0.00023794904609431553,3.213323267755045e-17,0.9968267521019026,2.320965583169262e-07
EFT:6.954358881292877e-08,3.1659096786476384e-13,5.3720873876736835e-08,1.1926511593113524e-07,3.746506396423931e-08,0.0029347867604856566,0.00023794904609431895,3.213323267755067e-17,0.9968267521019026,2.3209655831692783e-07
Random351
Raw:6.954358881292877e-08,3.1659096786476616e-13,5.372087387673722e-08,1.192651159311361e-07,3.746506396423905e-08,0.0029347867604856566,0.00023794904609431895,3.213323267755113e-17,0.9968267521019026,2.320965583169262e-07
EFT:6.954358881292877e-08,3.1659096786476384e-13,5.3720873876736835e-08,1.1926511593113524e-07,3.746506396423931e-08,0.0029347867604856566,0.00023794904609431895,3.213323267755067e-17,0.9968267521019026,2.3209655831692783e-07
Random352
Raw:6.954358881292877e-08,3.1659096786476384e-13,5.372087387673722e-08,1.1926511593113524e-07,3.746506396423931e-08,0.0029347867604856566,0.00023794904609431895,3.213323267755045e-17,0.9968267521019026,2.320965583169262e-07
EFT:6.954358881292877e-08,3.1659096786476384e-13,5.3720873876736835e-08,1.1926511593113524e-07,3.746506396423931e-08,0.0029347867604856566,0.00023794904609431895,3.213323267755067e-17,0.9968267521019026,2.3209655831692783e-07
Random353
Raw:6.954358881292828e-08,3.1659096786476384e-13,5.3720873876736835e-08,1.1926511593113524e-07,3.746506396423905e-08,0.0029347867604856566,0.00023794904609431895,3.213323267755045e-17,0.9968267521019026,2.320965583169262e-07
EFT:6.954358881292877e-08,3.1659096786476384e-13,5.3720873876736835e-08,1.1926511593113524e-07,3.746506396423931e-08,0.0029347867604856566,0.00023794904609431895,3.213323267755067e-17,0.9968267521019026,2.3209655831692783e-07
Random354
Raw:6.954358881292926e-08,3.1659096786476616e-13,5.372087387673722e-08,1.192651159311361e-07,3.746506396423931e-08,0.0029347867604856566,0.00023794904609431895,3.213323267755113e-17,0.9968267521019026,2.3209655831692783e-07
EFT:6.954358881292877e-08,3.1659096786476384e-13,5.3720873876736835e-08,1.1926511593113524e-07,3.746506396423931e-08,0.0029347867604856566,0.00023794904609431895,3.213323267755067e-17,0.9968267521019026,2.3209655831692783e-07
Random355
Raw:6.954358881292828e-08,3.1659096786476384e-13,5.3720873876736835e-08,1.1926511593113524e-07,3.746506396423905e-08,0.0029347867604856566,0.00023794904609431895,3.213323267755045e-17,0.9968267521019026,2.320965583169262e-07
EFT:6.954358881292877e-08,3.1659096786476384e-13,5.3720873876736835e-08,1.1926511593113524e-07,3.746506396423931e-08,0.0029347867604856566,0.00023794904609431895,3.213323267755067e-17,0.9968267521019026,2.3209655831692783e-07
Random356
Raw:6.954358881292926e-08,3.165909678647684e-13,5.372087387673722e-08,1.1926511593113694e-07,3.746506396423931e-08,0.0029347867604856566,0.00023794904609431895,3.213323267755113e-17,0.9968267521019026,2.3209655831692783e-07
EFT:6.954358881292877e-08,3.1659096786476384e-13,5.3720873876736835e-08,1.1926511593113524e-07,3.746506396423931e-08,0.0029347867604856566,0.00023794904609431895,3.213323267755067e-17,0.9968267521019026,2.3209655831692783e-07
Random357
Raw:6.954358881292828e-08,3.1659096786476384e-13,5.3720873876736835e-08,1.1926511593113524e-07,3.746506396423905e-08,0.0029347867604856566,0.00023794904609431895,3.213323267755045e-17,0.9968267521019026,2.3209655831692453e-07
EFT:6.954358881292877e-08,3.1659096786476384e-13,5.3720873876736835e-08,1.1926511593113524e-07,3.746506396423931e-08,0.0029347867604856566,0.00023794904609431895,3.213323267755067e-17,0.9968267521019026,2.3209655831692783e-07
Random358
Raw:6.954358881292828e-08,3.165909678647616e-13,5.372087387673645e-08,1.192651159311344e-07,3.7465063964238784e-08,0.002934786760485615,0.00023794904609431553,3.213323267755045e-17,0.9968267521019026,2.3209655831692453e-07
EFT:6.954358881292877e-08,3.1659096786476384e-13,5.3720873876736835e-08,1.1926511593113524e-07,3.746506396423931e-08,0.0029347867604856566,0.00023794904609431895,3.213323267755067e-17,0.9968267521019026,2.3209655831692783e-07
Random359
Raw:6.954358881292877e-08,3.1659096786476384e-13,5.3720873876736835e-08,1.1926511593113524e-07,3.746506396423931e-08,0.0029347867604856566,0.00023794904609431895,3.213323267755067e-17,0.9968267521019026,2.3209655831692783e-07
EFT:6.954358881292877e-08,3.1659096786476384e-13,5.3720873876736835e-08,1.1926511593113524e-07,3.746506396423931e-08,0.0029347867604856566,0.00023794904609431895,3.213323267755067e-17,0.9968267521019026,2.3209655831692783e-07
Random360
Raw:6.954358881292778e-08,3.1659096786475935e-13,5.372087387673645e-08,1.192651159311344e-07,3.7465063964238784e-08,0.002934786760485615,0.00023794904609431553,3.213323267754999e-17,0.9968267521019026,2.3209655831692453e-07
EFT:6.954358881292877e-08,3.1659096786476384e-13,5.3720873876736835e-08,1.1926511593113524e-07,3.746506396423931e-08,0.0029347867604856566,0.00023794904609431895,3.213323267755067e-17,0.9968267521019026,2.3209655831692783e-07
Random361
Raw:6.954358881292877e-08,3.1659096786476616e-13,5.372087387673722e-08,1.192651159311361e-07,3.746506396423931e-08,0.0029347867604856566,0.00023794904609431895,3.213323267755067e-17,0.9968267521019026,2.3209655831692783e-07
EFT:6.954358881292877e-08,3.1659096786476384e-13,5.3720873876736835e-08,1.1926511593113524e-07,3.746506396423931e-08,0.0029347867604856566,0.00023794904609431895,3.213323267755067e-17,0.9968267521019026,2.3209655831692783e-07
Random362
Raw:6.954358881292778e-08,3.1659096786475935e-13,5.372087387673645e-08,1.192651159311344e-07,3.7465063964238784e-08,0.002934786760485615,0.00023794904609431553,3.213323267754999e-17,0.9968267521019026,2.3209655831692453e-07
EFT:6.954358881292877e-08,3.1659096786476384e-13,5.3720873876736835e-08,1.1926511593113524e-07,3.746506396423931e-08,0.0029347867604856566,0.00023794904609431895,3.213323267755067e-17,0.9968267521019026,2.3209655831692783e-07
Random363
Raw:6.954358881292778e-08,3.1659096786475935e-13,5.372087387673645e-08,1.192651159311344e-07,3.7465063964238784e-08,0.002934786760485615,0.00023794904609431553,3.213323267754999e-17,0.9968267521019026,2.3209655831692453e-07
EFT:6.954358881292877e-08,3.1659096786476384e-13,5.3720873876736835e-08,1.1926511593113524e-07,3.746506396423931e-08,0.0029347867604856566,0.00023794904609431895,3.213323267755067e-17,0.9968267521019026,2.3209655831692783e-07
Random364
Raw:6.954358881292828e-08,3.165909678647616e-13,5.3720873876736835e-08,1.1926511593113524e-07,3.746506396423905e-08,0.002934786760485615,0.00023794904609431553,3.213323267755045e-17,0.9968267521019026,2.320965583169262e-07
EFT:6.954358881292877e-08,3.1659096786476384e-13,5.3720873876736835e-08,1.1926511593113524e-07,3.746506396423931e-08,0.0029347867604856566,0.00023794904609431895,3.213323267755067e-17,0.9968267521019026,2.3209655831692783e-07
Random365
Raw:6.954358881292926e-08,3.165909678647684e-13,5.3720873876737596e-08,1.1926511593113694e-07,3.746506396423957e-08,0.0029347867604856566,0.00023794904609431895,3.213323267755113e-17,0.9968267521019026,2.3209655831692948e-07
EFT:6.954358881292877e-08,3.1659096786476384e-13,5.3720873876736835e-08,1.1926511593113524e-07,3.746506396423931e-08,0.0029347867604856566,0.00023794904609431895,3.213323267755067e-17,0.9968267521019026,2.3209655831692783e-07
Random366
Raw:6.954358881292828e-08,3.1659096786476384e-13,5.3720873876736835e-08,1.1926511593113524e-07,3.746506396423931e-08,0.0029347867604856566,0.00023794904609431895,3.213323267755067e-17,0.9968267521019026,2.3209655831692783e-07
EFT:6.954358881292877e-08,3.1659096786476384e-13,5.3720873876736835e-08,1.1926511593113524e-07,3.746506396423931e-08,0.0029347867604856566,0.00023794904609431895,3.213323267755067e-17,0.9968267521019026,2.3209655831692783e-07
Random367
Raw:6.954358881292828e-08,3.1659096786476384e-13,5.3720873876736835e-08,1.1926511593113524e-07,3.7465063964238784e-08,0.002934786760485615,0.00023794904609431553,3.21332326775509e-17,0.9968267521019026,2.320965583169262e-07
EFT:6.954358881292877e-08,3.1659096786476384e-13,5.3720873876736835e-08,1.1926511593113524e-07,3.746506396423931e-08,0.0029347867604856566,0.00023794904609431895,3.213323267755067e-17,0.9968267521019026,2.3209655831692783e-07
Random368
Raw:6.954358881292828e-08,3.1659096786476384e-13,5.3720873876736835e-08,1.1926511593113524e-07,3.746506396423931e-08,0.0029347867604856566,0.00023794904609431895,3.213323267755067e-17,0.9968267521019026,2.3209655831692783e-07
EFT:6.954358881292877e-08,3.1659096786476384e-13,5.3720873876736835e-08,1.1926511593113524e-07,3.746506396423931e-08,0.0029347867604856566,0.00023794904609431895,3.213323267755067e-17,0.9968267521019026,2.3209655831692783e-07
Random369
Raw:6.954358881292828e-08,3.1659096786476616e-13,5.3720873876736835e-08,1.1926511593113524e-07,3.746506396423905e-08,0.002934786760485615,0.00023794904609431553,3.21332326775509e-17,0.9968267521019026,2.320965583169262e-07
EFT:6.954358881292877e-08,3.1659096786476384e-13,5.3720873876736835e-08,1.1926511593113524e-07,3.746506396423931e-08,0.0029347867604856566,0.00023794904609431895,3.213323267755067e-17,0.9968267521019026,2.3209655831692783e-07
Random370
Raw:6.954358881292778e-08,3.1659096786475935e-13,5.372087387673645e-08,1.192651159311344e-07,3.7465063964238784e-08,0.002934786760485615,0.00023794904609431553,3.213323267754999e-17,0.9968267521019026,2.3209655831692453e-07
EFT:6.954358881292877e-08,3.1659096786476384e-13,5.3720873876736835e-08,1.1926511593113524e-07,3.746506396423931e-08,0.0029347867604856566,0.00023794904609431895,3.213323267755067e-17,0.9968267521019026,2.3209655831692783e-07
Random371
Raw:6.954358881292877e-08,3.1659096786476616e-13,5.372087387673722e-08,1.192651159311361e-07,3.746506396423957e-08,0.0029347867604856566,0.00023794904609431553,3.213323267755113e-17,0.9968267521019026,2.3209655831692948e-07
EFT:6.954358881292877e-08,3.1659096786476384e-13,5.3720873876736835e-08,1.1926511593113524e-07,3.746506396423931e-08,0.0029347867604856566,0.00023794904609431895,3.213323267755067e-17,0.9968267521019026,2.3209655831692783e-07
Random372
Raw:6.954358881292877e-08,3.1659096786476384e-13,5.3720873876736835e-08,1.1926511593113524e-07,3.746506396423931e-08,0.0029347867604856566,0.00023794904609431895,3.213323267755067e-17,0.9968267521019026,2.3209655831692783e-07
EFT:6.954358881292877e-08,3.1659096786476384e-13,5.3720873876736835e-08,1.1926511593113524e-07,3.746506396423931e-08,0.0029347867604856566,0.00023794904609431895,3.213323267755067e-17,0.9968267521019026,2.3209655831692783e-07
Random373
Raw:6.954358881292877e-08,3.1659096786476616e-13,5.3720873876736835e-08,1.192651159311361e-07,3.746506396423905e-08,0.002934786760485615,0.00023794904609431553,3.21332326775509e-17,0.9968267521019026,2.320965583169262e-07
EFT:6.954358881292877e-08,3.1659096786476384e-13,5.3720873876736835e-08,1.1926511593113524e-07,3.746506396423931e-08,0.0029347867604856566,0.00023794904609431895,3.213323267755067e-17,0.9968267521019026,2.3209655831692783e-07
Random374
Raw:6.954358881292926e-08,3.1659096786476616e-13,5.372087387673722e-08,1.192651159311361e-07,3.746506396423957e-08,0.0029347867604856566,0.00023794904609431895,3.213323267755067e-17,0.9968267521019026,2.3209655831692783e-07
EFT:6.954358881292877e-08,3.1659096786476384e-13,5.3720873876736835e-08,1.1926511593113524e-07,3.746506396423931e-08,0.0029347867604856566,0.00023794904609431895,3.213323267755067e-17,0.9968267521019026,2.3209655831692783e-07
Random375
Raw:6.954358881292828e-08,3.1659096786476616e-13,5.3720873876736835e-08,1.1926511593113524e-07,3.746506396423905e-08,0.002934786760485615,0.00023794904609431553,3.21332326775509e-17,0.9968267521019026,2.320965583169262e-07
EFT:6.954358881292877e-08,3.1659096786476384e-13,5.3720873876736835e-08,1.1926511593113524e-07,3.746506396423931e-08,0.0029347867604856566,0.00023794904609431895,3.213323267755067e-17,0.9968267521019026,2.3209655831692783e-07
Random376
Raw:6.954358881292877e-08,3.1659096786476616e-13,5.372087387673722e-08,1.192651159311361e-07,3.746506396423931e-08,0.0029347867604856566,0.00023794904609431895,3.21332326775509e-17,0.9968267521019026,2.3209655831692783e-07
EFT:6.954358881292877e-08,3.1659096786476384e-13,5.3720873876736835e-08,1.1926511593113524e-07,3.746506396423931e-08,0.0029347867604856566,0.00023794904609431895,3.213323267755067e-17,0.9968267521019026,2.3209655831692783e-07
Random377
Raw:6.954358881292976e-08,3.165909678647684e-13,5.3720873876737596e-08,1.1926511593113694e-07,3.746506396423957e-08,0.0029347867604856566,0.0002379490460943223,3.21332326775509e-17,0.9968267521019026,2.3209655831692948e-07
EFT:6.954358881292877e-08,3.1659096786476384e-13,5.3720873876736835e-08,1.1926511593113524e-07,3.746506396423931e-08,0.0029347867604856566,0.00023794904609431895,3.213323267755067e-17,0.9968267521019026,2.3209655831692783e-07
Random378
Raw:6.954358881292828e-08,3.165909678647616e-13,5.3720873876736835e-08,1.1926511593113524e-07,3.746506396423905e-08,0.002934786760485615,0.00023794904609431553,3.213323267755045e-17,0.9968267521019026,2.320965583169262e-07
EFT:6.954358881292877e-08,3.1659096786476384e-13,5.3720873876736835e-08,1.1926511593113524e-07,3.746506396423931e-08,0.0029347867604856566,0.00023794904609431895,3.213323267755067e-17,0.9968267521019026,2.3209655831692783e-07
Random379
Raw:6.954358881292926e-08,3.165909678647684e-13,5.372087387673722e-08,1.1926511593113694e-07,3.746506396423931e-08,0.0029347867604856566,0.00023794904609431895,3.213323267755113e-17,0.9968267521019026,2.3209655831692783e-07
EFT:6.954358881292877e-08,3.1659096786476384e-13,5.3720873876736835e-08,1.1926511593113524e-07,3.746506396423931e-08,0.0029347867604856566,0.00023794904609431895,3.213323267755067e-17,0.9968267521019026,2.3209655831692783e-07
Random380
Raw:6.954358881292828e-08,3.165909678647616e-13,5.3720873876736835e-08,1.1926511593113524e-07,3.746506396423905e-08,0.0029347867604856566,0.00023794904609431895,3.213323267754999e-17,0.9968267521019026,2.3209655831692453e-07
EFT:6.954358881292877e-08,3.1659096786476384e-13,5.3720873876736835e-08,1.1926511593113524e-07,3.746506396423931e-08,0.0029347867604856566,0.00023794904609431895,3.213323267755067e-17,0.9968267521019026,2.3209655831692783e-07
Random381
Raw:6.954358881292926e-08,3.1659096786476616e-13,5.372087387673722e-08,1.192651159311361e-07,3.746506396423957e-08,0.0029347867604856566,0.00023794904609431895,3.213323267755067e-17,0.9968267521019026,2.3209655831692783e-07
EFT:6.954358881292877e-08,3.1659096786476384e-13,5.3720873876736835e-08,1.1926511593113524e-07,3.746506396423931e-08,0.0029347867604856566,0.00023794904609431895,3.213323267755067e-17,0.9968267521019026,2.3209655831692783e-07
Random382
Raw:6.954358881292926e-08,3.1659096786476616e-13,5.372087387673722e-08,1.192651159311361e-07,3.746506396423931e-08,0.0029347867604856566,0.00023794904609431895,3.213323267755113e-17,0.9968267521019026,2.3209655831692783e-07
EFT:6.954358881292877e-08,3.1659096786476384e-13,5.3720873876736835e-08,1.1926511593113524e-07,3.746506396423931e-08,0.0029347867604856566,0.00023794904609431895,3.213323267755067e-17,0.9968267521019026,2.3209655831692783e-07
Random383
Raw:6.954358881292828e-08,3.1659096786476384e-13,5.372087387673722e-08,1.192651159311361e-07,3.746506396423931e-08,0.0029347867604856566,0.00023794904609431895,3.213323267755045e-17,0.9968267521019026,2.320965583169262e-07
EFT:6.954358881292877e-08,3.1659096786476384e-13,5.3720873876736835e-08,1.1926511593113524e-07,3.746506396423931e-08,0.0029347867604856566,0.00023794904609431895,3.213323267755067e-17,0.9968267521019026,2.3209655831692783e-07
Random384
Raw:6.954358881292828e-08,3.1659096786476384e-13,5.3720873876736835e-08,1.1926511593113524e-07,3.746506396423931e-08,0.002934786760485615,0.00023794904609431553,3.213323267755067e-17,0.9968267521019026,2.320965583169262e-07
EFT:6.954358881292877e-08,3.1659096786476384e-13,5.3720873876736835e-08,1.1926511593113524e-07,3.746506396423931e-08,0.0029347867604856566,0.00023794904609431895,3.213323267755067e-17,0.9968267521019026,2.3209655831692783e-07
Random385
Raw:6.954358881292877e-08,3.1659096786476384e-13,5.3720873876736835e-08,1.1926511593113524e-07,3.746506396423931e-08,0.0029347867604856566,0.00023794904609431895,3.213323267755067e-17,0.9968267521019026,2.3209655831692783e-07
EFT:6.954358881292877e-08,3.1659096786476384e-13,5.3720873876736835e-08,1.1926511593113524e-07,3.746506396423931e-08,0.0029347867604856566,0.00023794904609431895,3.213323267755067e-17,0.9968267521019026,2.3209655831692783e-07
Random386
Raw:6.954358881292828e-08,3.165909678647616e-13,5.372087387673645e-08,1.192651159311344e-07,3.7465063964238784e-08,0.002934786760485615,0.00023794904609431553,3.213323267755045e-17,0.9968267521019026,2.3209655831692453e-07
EFT:6.954358881292877e-08,3.1659096786476384e-13,5.3720873876736835e-08,1.1926511593113524e-07,3.746506396423931e-08,0.0029347867604856566,0.00023794904609431895,3.213323267755067e-17,0.9968267521019026,2.3209655831692783e-07
Random387
Raw:6.954358881292926e-08,3.1659096786476616e-13,5.372087387673722e-08,1.192651159311361e-07,3.746506396423957e-08,0.0029347867604856566,0.00023794904609431895,3.213323267755067e-17,0.9968267521019026,2.3209655831692948e-07
EFT:6.954358881292877e-08,3.1659096786476384e-13,5.3720873876736835e-08,1.1926511593113524e-07,3.746506396423931e-08,0.0029347867604856566,0.00023794904609431895,3.213323267755067e-17,0.9968267521019026,2.3209655831692783e-07
Random388
Raw:6.954358881292828e-08,3.1659096786476616e-13,5.372087387673722e-08,1.192651159311361e-07,3.746506396423931e-08,0.002934786760485615,0.00023794904609431553,3.213323267755113e-17,0.9968267521019026,2.3209655831692783e-07
EFT:6.954358881292877e-08,3.1659096786476384e-13,5.3720873876736835e-08,1.1926511593113524e-07,3.746506396423931e-08,0.0029347867604856566,0.00023794904609431895,3.213323267755067e-17,0.9968267521019026,2.3209655831692783e-07
Random389
Raw:6.954358881292828e-08,3.165909678647616e-13,5.3720873876736835e-08,1.1926511593113524e-07,3.746506396423905e-08,0.002934786760485615,0.00023794904609431553,3.213323267755045e-17,0.9968267521019026,2.320965583169262e-07
EFT:6.954358881292877e-08,3.1659096786476384e-13,5.3720873876736835e-08,1.1926511593113524e-07,3.746506396423931e-08,0.0029347867604856566,0.00023794904609431895,3.213323267755067e-17,0.9968267521019026,2.3209655831692783e-07
Random390
Raw:6.954358881292877e-08,3.1659096786476616e-13,5.372087387673722e-08,1.192651159311361e-07,3.746506396423905e-08,0.002934786760485615,0.00023794904609431553,3.213323267755136e-17,0.9968267521019026,2.3209655831692783e-07
EFT:6.954358881292877e-08,3.1659096786476384e-13,5.3720873876736835e-08,1.1926511593113524e-07,3.746506396423931e-08,0.0029347867604856566,0.00023794904609431895,3.213323267755067e-17,0.9968267521019026,2.3209655831692783e-07
Random391
Raw:6.954358881292877e-08,3.165909678647684e-13,5.372087387673722e-08,1.192651159311361e-07,3.746506396423931e-08,0.0029347867604856566,0.00023794904609431895,3.213323267755136e-17,0.9968267521019026,2.3209655831692783e-07
EFT:6.954358881292877e-08,3.1659096786476384e-13,5.3720873876736835e-08,1.1926511593113524e-07,3.746506396423931e-08,0.0029347867604856566,0.00023794904609431895,3.213323267755067e-17,0.9968267521019026,2.3209655831692783e-07
Random392
Raw:6.954358881292926e-08,3.1659096786476616e-13,5.372087387673722e-08,1.192651159311361e-07,3.746506396423957e-08,0.0029347867604856566,0.00023794904609431895,3.213323267755067e-17,0.9968267521019026,2.3209655831692783e-07
EFT:6.954358881292877e-08,3.1659096786476384e-13,5.3720873876736835e-08,1.1926511593113524e-07,3.746506396423931e-08,0.0029347867604856566,0.00023794904609431895,3.213323267755067e-17,0.9968267521019026,2.3209655831692783e-07
Random393
Raw:6.954358881292828e-08,3.165909678647616e-13,5.3720873876736835e-08,1.1926511593113524e-07,3.746506396423905e-08,0.002934786760485615,0.00023794904609431553,3.213323267755045e-17,0.9968267521019026,2.320965583169262e-07
EFT:6.954358881292877e-08,3.1659096786476384e-13,5.3720873876736835e-08,1.1926511593113524e-07,3.746506396423931e-08,0.0029347867604856566,0.00023794904609431895,3.213323267755067e-17,0.9968267521019026,2.3209655831692783e-07
Random394
Raw:6.954358881292828e-08,3.165909678647616e-13,5.372087387673645e-08,1.192651159311344e-07,3.7465063964238784e-08,0.002934786760485615,0.00023794904609431553,3.213323267755045e-17,0.9968267521019026,2.3209655831692453e-07
EFT:6.954358881292877e-08,3.1659096786476384e-13,5.3720873876736835e-08,1.1926511593113524e-07,3.746506396423931e-08,0.0029347867604856566,0.00023794904609431895,3.213323267755067e-17,0.9968267521019026,2.3209655831692783e-07
Random395
Raw:6.954358881292926e-08,3.1659096786476616e-13,5.372087387673722e-08,1.192651159311361e-07,3.746506396423931e-08,0.0029347867604856566,0.00023794904609431895,3.21332326775509e-17,0.9968267521019026,2.320965583169262e-07
EFT:6.954358881292877e-08,3.1659096786476384e-13,5.3720873876736835e-08,1.1926511593113524e-07,3.746506396423931e-08,0.0029347867604856566,0.00023794904609431895,3.213323267755067e-17,0.9968267521019026,2.3209655831692783e-07
Random396
Raw:6.954358881292828e-08,3.165909678647616e-13,5.372087387673645e-08,1.192651159311344e-07,3.7465063964238784e-08,0.002934786760485615,0.00023794904609431553,3.213323267755045e-17,0.9968267521019026,2.3209655831692453e-07
EFT:6.954358881292877e-08,3.1659096786476384e-13,5.3720873876736835e-08,1.1926511593113524e-07,3.746506396423931e-08,0.0029347867604856566,0.00023794904609431895,3.213323267755067e-17,0.9968267521019026,2.3209655831692783e-07
Random397
Raw:6.954358881292828e-08,3.1659096786476384e-13,5.3720873876736835e-08,1.1926511593113524e-07,3.746506396423931e-08,0.002934786760485615,0.00023794904609431553,3.213323267755067e-17,0.9968267521019026,2.320965583169262e-07
EFT:6.954358881292877e-08,3.1659096786476384e-13,5.3720873876736835e-08,1.1926511593113524e-07,3.746506396423931e-08,0.0029347867604856566,0.00023794904609431895,3.213323267755067e-17,0.9968267521019026,2.3209655831692783e-07
Random398
Raw:6.954358881292877e-08,3.1659096786476616e-13,5.372087387673722e-08,1.192651159311361e-07,3.746506396423957e-08,0.0029347867604856566,0.00023794904609431553,3.213323267755113e-17,0.9968267521019026,2.3209655831692948e-07
EFT:6.954358881292877e-08,3.1659096786476384e-13,5.3720873876736835e-08,1.1926511593113524e-07,3.746506396423931e-08,0.0029347867604856566,0.00023794904609431895,3.213323267755067e-17,0.9968267521019026,2.3209655831692783e-07
Random399
Raw:6.954358881292828e-08,3.1659096786476384e-13,5.3720873876736835e-08,1.1926511593113524e-07,3.746506396423905e-08,0.0029347867604856566,0.00023794904609431895,3.213323267755045e-17,0.9968267521019026,2.3209655831692453e-07
EFT:6.954358881292877e-08,3.1659096786476384e-13,5.3720873876736835e-08,1.1926511593113524e-07,3.746506396423931e-08,0.0029347867604856566,0.00023794904609431895,3.213323267755067e-17,0.9968267521019026,2.3209655831692783e-07
Random400
Raw:6.954358881292877e-08,3.1659096786476616e-13,5.372087387673722e-08,1.192651159311361e-07,3.746506396423931e-08,0.0029347867604856566,0.00023794904609431895,3.213323267755067e-17,0.9968267521019026,2.3209655831692783e-07
EFT:6.954358881292877e-08,3.1659096786476384e-13,5.3720873876736835e-08,1.1926511593113524e-07,3.746506396423931e-08,0.0029347867604856566,0.00023794904609431895,3.213323267755067e-17,0.9968267521019026,2.3209655831692783e-07
Random401
Raw:6.954358881292926e-08,3.1659096786476616e-13,5.372087387673722e-08,1.192651159311361e-07,3.746506396423931e-08,0.0029347867604856566,0.00023794904609431895,3.21332326775509e-17,0.9968267521019026,2.320965583169262e-07
EFT:6.954358881292877e-08,3.1659096786476384e-13,5.3720873876736835e-08,1.1926511593113524e-07,3.746506396423931e-08,0.0029347867604856566,0.00023794904609431895,3.213323267755067e-17,0.9968267521019026,2.3209655831692783e-07
Random402
Raw:6.954358881292828e-08,3.1659096786476384e-13,5.372087387673722e-08,1.192651159311361e-07,3.746506396423905e-08,0.002934786760485615,0.00023794904609431553,3.21332326775509e-17,0.9968267521019026,2.320965583169262e-07
EFT:6.954358881292877e-08,3.1659096786476384e-13,5.3720873876736835e-08,1.1926511593113524e-07,3.746506396423931e-08,0.0029347867604856566,0.00023794904609431895,3.213323267755067e-17,0.9968267521019026,2.3209655831692783e-07
Random403
Raw:6.954358881292877e-08,3.1659096786476384e-13,5.372087387673722e-08,1.1926511593113524e-07,3.746506396423931e-08,0.0029347867604856566,0.00023794904609431895,3.213323267755045e-17,0.9968267521019026,2.320965583169262e-07
EFT:6.954358881292877e-08,3.1659096786476384e-13,5.3720873876736835e-08,1.1926511593113524e-07,3.746506396423931e-08,0.0029347867604856566,0.00023794904609431895,3.213323267755067e-17,0.9968267521019026,2.3209655831692783e-07
Random404
Raw:6.954358881292828e-08,3.1659096786476616e-13,5.372087387673722e-08,1.192651159311361e-07,3.746506396423931e-08,0.0029347867604856566,0.00023794904609431553,3.21332326775509e-17,0.9968267521019026,2.3209655831692783e-07
EFT:6.954358881292877e-08,3.1659096786476384e-13,5.3720873876736835e-08,1.1926511593113524e-07,3.746506396423931e-08,0.0029347867604856566,0.00023794904609431895,3.213323267755067e-17,0.9968267521019026,2.3209655831692783e-07
Random405
Raw:6.954358881292828e-08,3.1659096786475935e-13,5.3720873876736835e-08,1.192651159311344e-07,3.746506396423905e-08,0.0029347867604856566,0.00023794904609431553,3.213323267754999e-17,0.9968267521019026,2.3209655831692453e-07
EFT:6.954358881292877e-08,3.1659096786476384e-13,5.3720873876736835e-08,1.1926511593113524e-07,3.746506396423931e-08,0.0029347867604856566,0.00023794904609431895,3.213323267755067e-17,0.9968267521019026,2.3209655831692783e-07
Random406
Raw:6.954358881292828e-08,3.1659096786476384e-13,5.372087387673645e-08,1.192651159311344e-07,3.746506396423905e-08,0.002934786760485615,0.00023794904609431553,3.213323267755067e-17,0.9968267521019026,2.320965583169262e-07
EFT:6.954358881292877e-08,3.1659096786476384e-13,5.3720873876736835e-08,1.1926511593113524e-07,3.746506396423931e-08,0.0029347867604856566,0.00023794904609431895,3.213323267755067e-17,0.9968267521019026,2.3209655831692783e-07
Random407
Raw:6.954358881292828e-08,3.165909678647616e-13,5.372087387673722e-08,1.1926511593113524e-07,3.746506396423931e-08,0.0029347867604856566,0.00023794904609431895,3.213323267754999e-17,0.9968267521019026,2.320965583169262e-07
EFT:6.954358881292877e-08,3.1659096786476384e-13,5.3720873876736835e-08,1.1926511593113524e-07,3.746506396423931e-08,0.0029347867604856566,0.00023794904609431895,3.213323267755067e-17,0.9968267521019026,2.3209655831692783e-07
Random408
Raw:6.954358881292828e-08,3.1659096786476384e-13,5.3720873876736835e-08,1.1926511593113524e-07,3.746506396423931e-08,0.0029347867604856566,0.00023794904609431895,3.213323267755067e-17,0.9968267521019026,2.3209655831692783e-07
EFT:6.954358881292877e-08,3.1659096786476384e-13,5.3720873876736835e-08,1.1926511593113524e-07,3.746506396423931e-08,0.0029347867604856566,0.00023794904609431895,3.213323267755067e-17,0.9968267521019026,2.3209655831692783e-07
Random409
Raw:6.954358881292926e-08,3.1659096786476616e-13,5.372087387673722e-08,1.192651159311361e-07,3.746506396423931e-08,0.0029347867604856566,0.00023794904609431895,3.21332326775509e-17,0.9968267521019026,2.320965583169262e-07
EFT:6.954358881292877e-08,3.1659096786476384e-13,5.3720873876736835e-08,1.1926511593113524e-07,3.746506396423931e-08,0.0029347867604856566,0.00023794904609431895,3.213323267755067e-17,0.9968267521019026,2.3209655831692783e-07
Random410
Raw:6.954358881292828e-08,3.1659096786476384e-13,5.372087387673722e-08,1.192651159311361e-07,3.746506396423931e-08,0.0029347867604856566,0.00023794904609431895,3.213323267755045e-17,0.9968267521019026,2.320965583169262e-07
EFT:6.954358881292877e-08,3.1659096786476384e-13,5.3720873876736835e-08,1.1926511593113524e-07,3.746506396423931e-08,0.0029347867604856566,0.00023794904609431895,3.213323267755067e-17,0.9968267521019026,2.3209655831692783e-07
Random411
Raw:6.954358881292877e-08,3.1659096786476616e-13,5.372087387673722e-08,1.192651159311361e-07,3.746506396423957e-08,0.0029347867604856566,0.00023794904609431553,3.213323267755113e-17,0.9968267521019026,2.3209655831692948e-07
EFT:6.954358881292877e-08,3.1659096786476384e-13,5.3720873876736835e-08,1.1926511593113524e-07,3.746506396423931e-08,0.0029347867604856566,0.00023794904609431895,3.213323267755067e-17,0.9968267521019026,2.3209655831692783e-07
Random412
Raw:6.954358881292828e-08,3.165909678647616e-13,5.372087387673645e-08,1.192651159311344e-07,3.746506396423931e-08,0.002934786760485615,0.00023794904609431553,3.213323267755022e-17,0.9968267521019026,2.320965583169262e-07
EFT:6.954358881292877e-08,3.1659096786476384e-13,5.3720873876736835e-08,1.1926511593113524e-07,3.746506396423931e-08,0.0029347867604856566,0.00023794904609431895,3.213323267755067e-17,0.9968267521019026,2.3209655831692783e-07
Random413
Raw:6.954358881292877e-08,3.1659096786476616e-13,5.3720873876736835e-08,1.192651159311361e-07,3.746506396423905e-08,0.002934786760485615,0.00023794904609431553,3.21332326775509e-17,0.9968267521019026,2.320965583169262e-07
EFT:6.954358881292877e-08,3.1659096786476384e-13,5.3720873876736835e-08,1.1926511593113524e-07,3.746506396423931e-08,0.0029347867604856566,0.00023794904609431895,3.213323267755067e-17,0.9968267521019026,2.3209655831692783e-07
Random414
Raw:6.954358881292828e-08,3.1659096786476384e-13,5.3720873876736835e-08,1.1926511593113524e-07,3.746506396423931e-08,0.0029347867604856566,0.00023794904609431895,3.213323267755067e-17,0.9968267521019026,2.3209655831692783e-07
EFT:6.954358881292877e-08,3.1659096786476384e-13,5.3720873876736835e-08,1.1926511593113524e-07,3.746506396423931e-08,0.0029347867604856566,0.00023794904609431895,3.213323267755067e-17,0.9968267521019026,2.3209655831692783e-07
Random415
Raw:6.954358881292926e-08,3.165909678647684e-13,5.372087387673722e-08,1.1926511593113694e-07,3.746506396423931e-08,0.002934786760485615,0.00023794904609431553,3.213323267755159e-17,0.9968267521019026,2.3209655831692948e-07
EFT:6.954358881292877e-08,3.1659096786476384e-13,5.3720873876736835e-08,1.1926511593113524e-07,3.746506396423931e-08,0.0029347867604856566,0.00023794904609431895,3.213323267755067e-17,0.9968267521019026,2.3209655831692783e-07
Random416
Raw:6.954358881292828e-08,3.1659096786476384e-13,5.372087387673722e-08,1.192651159311361e-07,3.746506396423931e-08,0.002934786760485615,0.00023794904609431553,3.213323267755045e-17,0.9968267521019026,2.320965583169262e-07
EFT:6.954358881292877e-08,3.1659096786476384e-13,5.3720873876736835e-08,1.1926511593113524e-07,3.746506396423931e-08,0.0029347867604856566,0.00023794904609431895,3.213323267755067e-17,0.9968267521019026,2.3209655831692783e-07
Random417
Raw:6.954358881292877e-08,3.1659096786476616e-13,5.3720873876736835e-08,1.192651159311361e-07,3.746506396423905e-08,0.002934786760485615,0.00023794904609431553,3.21332326775509e-17,0.9968267521019026,2.320965583169262e-07
EFT:6.954358881292877e-08,3.1659096786476384e-13,5.3720873876736835e-08,1.1926511593113524e-07,3.746506396423931e-08,0.0029347867604856566,0.00023794904609431895,3.213323267755067e-17,0.9968267521019026,2.3209655831692783e-07
Random418
Raw:6.954358881292926e-08,3.165909678647684e-13,5.3720873876737596e-08,1.1926511593113694e-07,3.746506396423957e-08,0.0029347867604856566,0.00023794904609431895,3.213323267755113e-17,0.9968267521019026,2.3209655831692948e-07
EFT:6.954358881292877e-08,3.1659096786476384e-13,5.3720873876736835e-08,1.1926511593113524e-07,3.746506396423931e-08,0.0029347867604856566,0.00023794904609431895,3.213323267755067e-17,0.9968267521019026,2.3209655831692783e-07
Random419
Raw:6.954358881292828e-08,3.1659096786476384e-13,5.372087387673722e-08,1.192651159311361e-07,3.746506396423931e-08,0.0029347867604856566,0.00023794904609431553,3.213323267755045e-17,0.9968267521019026,2.3209655831692783e-07
EFT:6.954358881292877e-08,3.1659096786476384e-13,5.3720873876736835e-08,1.1926511593113524e-07,3.746506396423931e-08,0.0029347867604856566,0.00023794904609431895,3.213323267755067e-17,0.9968267521019026,2.3209655831692783e-07
Random420
Raw:6.954358881292828e-08,3.165909678647616e-13,5.372087387673645e-08,1.192651159311344e-07,3.7465063964238784e-08,0.002934786760485615,0.00023794904609431553,3.213323267755045e-17,0.9968267521019026,2.3209655831692453e-07
EFT:6.954358881292877e-08,3.1659096786476384e-13,5.3720873876736835e-08,1.1926511593113524e-07,3.746506396423931e-08,0.0029347867604856566,0.00023794904609431895,3.213323267755067e-17,0.9968267521019026,2.3209655831692783e-07
Random421
Raw:6.954358881292828e-08,3.1659096786475935e-13,5.3720873876736835e-08,1.192651159311344e-07,3.746506396423905e-08,0.0029347867604856566,0.00023794904609431553,3.213323267754999e-17,0.9968267521019026,2.3209655831692453e-07
EFT:6.954358881292877e-08,3.1659096786476384e-13,5.3720873876736835e-08,1.1926511593113524e-07,3.746506396423931e-08,0.0029347867604856566,0.00023794904609431895,3.213323267755067e-17,0.9968267521019026,2.3209655831692783e-07
Random422
Raw:6.954358881292778e-08,3.1659096786475935e-13,5.372087387673645e-08,1.192651159311344e-07,3.7465063964238784e-08,0.002934786760485615,0.00023794904609431553,3.213323267754999e-17,0.9968267521019026,2.3209655831692453e-07
EFT:6.954358881292877e-08,3.1659096786476384e-13,5.3720873876736835e-08,1.1926511593113524e-07,3.746506396423931e-08,0.0029347867604856566,0.00023794904609431895,3.213323267755067e-17,0.9968267521019026,2.3209655831692783e-07
Random423
Raw:6.954358881292926e-08,3.1659096786476616e-13,5.372087387673722e-08,1.192651159311361e-07,3.746506396423957e-08,0.0029347867604856566,0.00023794904609431895,3.213323267755067e-17,0.9968267521019026,2.3209655831692948e-07
EFT:6.954358881292877e-08,3.1659096786476384e-13,5.3720873876736835e-08,1.1926511593113524e-07,3.746506396423931e-08,0.0029347867604856566,0.00023794904609431895,3.213323267755067e-17,0.9968267521019026,2.3209655831692783e-07
Random424
Raw:6.954358881292877e-08,3.1659096786476616e-13,5.3720873876736835e-08,1.192651159311361e-07,3.746506396423905e-08,0.002934786760485615,0.00023794904609431553,3.21332326775509e-17,0.9968267521019026,2.320965583169262e-07
EFT:6.954358881292877e-08,3.1659096786476384e-13,5.3720873876736835e-08,1.1926511593113524e-07,3.746506396423931e-08,0.0029347867604856566,0.00023794904609431895,3.213323267755067e-17,0.9968267521019026,2.3209655831692783e-07
Random425
Raw:6.954358881292828e-08,3.1659096786476384e-13,5.372087387673722e-08,1.192651159311361e-07,3.746506396423905e-08,0.0029347867604856566,0.00023794904609431553,3.21332326775509e-17,0.9968267521019026,2.320965583169262e-07
EFT:6.954358881292877e-08,3.1659096786476384e-13,5.3720873876736835e-08,1.1926511593113524e-07,3.746506396423931e-08,0.0029347867604856566,0.00023794904609431895,3.213323267755067e-17,0.9968267521019026,2.3209655831692783e-07
Random426
Raw:6.954358881292926e-08,3.1659096786476616e-13,5.372087387673722e-08,1.192651159311361e-07,3.746506396423957e-08,0.0029347867604856566,0.00023794904609431895,3.213323267755067e-17,0.9968267521019026,2.3209655831692783e-07
EFT:6.954358881292877e-08,3.1659096786476384e-13,5.3720873876736835e-08,1.1926511593113524e-07,3.746506396423931e-08,0.0029347867604856566,0.00023794904609431895,3.213323267755067e-17,0.9968267521019026,2.3209655831692783e-07
Random427
Raw:6.954358881292828e-08,3.1659096786476384e-13,5.372087387673722e-08,1.192651159311361e-07,3.746506396423931e-08,0.0029347867604856566,0.00023794904609431895,3.213323267755045e-17,0.9968267521019026,2.320965583169262e-07
EFT:6.954358881292877e-08,3.1659096786476384e-13,5.3720873876736835e-08,1.1926511593113524e-07,3.746506396423931e-08,0.0029347867604856566,0.00023794904609431895,3.213323267755067e-17,0.9968267521019026,2.3209655831692783e-07
Random428
Raw:6.954358881292877e-08,3.1659096786476616e-13,5.372087387673722e-08,1.192651159311361e-07,3.746506396423931e-08,0.0029347867604856566,0.00023794904609431895,3.213323267755067e-17,0.9968267521019026,2.3209655831692783e-07
EFT:6.954358881292877e-08,3.1659096786476384e-13,5.3720873876736835e-08,1.1926511593113524e-07,3.746506396423931e-08,0.0029347867604856566,0.00023794904609431895,3.213323267755067e-17,0.9968267521019026,2.3209655831692783e-07
Random429
Raw:6.954358881292828e-08,3.1659096786476384e-13,5.3720873876736835e-08,1.1926511593113524e-07,3.746506396423905e-08,0.0029347867604856566,0.00023794904609431895,3.213323267755045e-17,0.9968267521019026,2.320965583169262e-07
EFT:6.954358881292877e-08,3.1659096786476384e-13,5.3720873876736835e-08,1.1926511593113524e-07,3.746506396423931e-08,0.0029347867604856566,0.00023794904609431895,3.213323267755067e-17,0.9968267521019026,2.3209655831692783e-07
Random430
Raw:6.954358881292828e-08,3.165909678647616e-13,5.372087387673645e-08,1.192651159311344e-07,3.7465063964238784e-08,0.002934786760485615,0.00023794904609431553,3.213323267755045e-17,0.9968267521019026,2.3209655831692453e-07
EFT:6.954358881292877e-08,3.1659096786476384e-13,5.3720873876736835e-08,1.1926511593113524e-07,3.746506396423931e-08,0.0029347867604856566,0.00023794904609431895,3.213323267755067e-17,0.9968267521019026,2.3209655831692783e-07
Random431
Raw:6.954358881292828e-08,3.165909678647616e-13,5.372087387673645e-08,1.192651159311344e-07,3.7465063964238784e-08,0.002934786760485615,0.00023794904609431553,3.213323267755045e-17,0.9968267521019026,2.3209655831692453e-07
EFT:6.954358881292877e-08,3.1659096786476384e-13,5.3720873876736835e-08,1.1926511593113524e-07,3.746506396423931e-08,0.0029347867604856566,0.00023794904609431895,3.213323267755067e-17,0.9968267521019026,2.3209655831692783e-07
Random432
Raw:6.954358881292877e-08,3.1659096786476384e-13,5.3720873876736835e-08,1.1926511593113524e-07,3.746506396423931e-08,0.0029347867604856566,0.00023794904609431895,3.213323267755067e-17,0.9968267521019026,2.3209655831692783e-07
EFT:6.954358881292877e-08,3.1659096786476384e-13,5.3720873876736835e-08,1.1926511593113524e-07,3.746506396423931e-08,0.0029347867604856566,0.00023794904609431895,3.213323267755067e-17,0.9968267521019026,2.3209655831692783e-07
Random433
Raw:6.954358881292926e-08,3.1659096786476616e-13,5.372087387673722e-08,1.192651159311361e-07,3.746506396423931e-08,0.0029347867604856566,0.00023794904609431895,3.213323267755067e-17,0.9968267521019026,2.320965583169262e-07
EFT:6.954358881292877e-08,3.1659096786476384e-13,5.3720873876736835e-08,1.1926511593113524e-07,3.746506396423931e-08,0.0029347867604856566,0.00023794904609431895,3.213323267755067e-17,0.9968267521019026,2.3209655831692783e-07
Random434
Raw:6.954358881292877e-08,3.1659096786476616e-13,5.372087387673722e-08,1.192651159311361e-07,3.746506396423931e-08,0.002934786760485615,0.00023794904609431553,3.213323267755113e-17,0.9968267521019026,2.3209655831692948e-07
EFT:6.954358881292877e-08,3.1659096786476384e-13,5.3720873876736835e-08,1.1926511593113524e-07,3.746506396423931e-08,0.0029347867604856566,0.00023794904609431895,3.213323267755067e-17,0.9968267521019026,2.3209655831692783e-07
Random435
Raw:6.954358881292828e-08,3.1659096786476616e-13,5.372087387673722e-08,1.192651159311361e-07,3.746506396423931e-08,0.0029347867604856566,0.00023794904609431553,3.21332326775509e-17,0.9968267521019026,2.3209655831692783e-07
EFT:6.954358881292877e-08,3.1659096786476384e-13,5.3720873876736835e-08,1.1926511593113524e-07,3.746506396423931e-08,0.0029347867604856566,0.00023794904609431895,3.213323267755067e-17,0.9968267521019026,2.3209655831692783e-07
Random436
Raw:6.954358881292877e-08,3.1659096786476384e-13,5.3720873876736835e-08,1.1926511593113524e-07,3.746506396423905e-08,0.0029347867604856566,0.00023794904609431895,3.213323267755045e-17,0.9968267521019026,2.320965583169262e-07
EFT:6.954358881292877e-08,3.1659096786476384e-13,5.3720873876736835e-08,1.1926511593113524e-07,3.746506396423931e-08,0.0029347867604856566,0.00023794904609431895,3.213323267755067e-17,0.9968267521019026,2.3209655831692783e-07
Random437
Raw:6.954358881292828e-08,3.165909678647616e-13,5.372087387673645e-08,1.192651159311344e-07,3.7465063964238784e-08,0.002934786760485615,0.00023794904609431553,3.213323267755045e-17,0.9968267521019026,2.3209655831692453e-07
EFT:6.954358881292877e-08,3.1659096786476384e-13,5.3720873876736835e-08,1.1926511593113524e-07,3.746506396423931e-08,0.0029347867604856566,0.00023794904609431895,3.213323267755067e-17,0.9968267521019026,2.3209655831692783e-07
Random438
Raw:6.954358881292828e-08,3.1659096786476384e-13,5.3720873876736835e-08,1.1926511593113524e-07,3.746506396423905e-08,0.0029347867604856566,0.00023794904609431895,3.213323267755045e-17,0.9968267521019026,2.320965583169262e-07
EFT:6.954358881292877e-08,3.1659096786476384e-13,5.3720873876736835e-08,1.1926511593113524e-07,3.746506396423931e-08,0.0029347867604856566,0.00023794904609431895,3.213323267755067e-17,0.9968267521019026,2.3209655831692783e-07
Random439
Raw:6.954358881292828e-08,3.1659096786476616e-13,5.3720873876736835e-08,1.1926511593113524e-07,3.746506396423905e-08,0.002934786760485615,0.00023794904609431553,3.21332326775509e-17,0.9968267521019026,2.320965583169262e-07
EFT:6.954358881292877e-08,3.1659096786476384e-13,5.3720873876736835e-08,1.1926511593113524e-07,3.746506396423931e-08,0.0029347867604856566,0.00023794904609431895,3.213323267755067e-17,0.9968267521019026,2.3209655831692783e-07
Random440
Raw:6.954358881292828e-08,3.1659096786476384e-13,5.372087387673645e-08,1.192651159311344e-07,3.746506396423905e-08,0.002934786760485615,0.00023794904609431553,3.213323267755067e-17,0.9968267521019026,2.320965583169262e-07
EFT:6.954358881292877e-08,3.1659096786476384e-13,5.3720873876736835e-08,1.1926511593113524e-07,3.746506396423931e-08,0.0029347867604856566,0.00023794904609431895,3.213323267755067e-17,0.9968267521019026,2.3209655831692783e-07
Random441
Raw:6.954358881292926e-08,3.165909678647684e-13,5.372087387673722e-08,1.192651159311361e-07,3.746506396423931e-08,0.0029347867604856566,0.00023794904609431895,3.213323267755113e-17,0.9968267521019026,2.3209655831692783e-07
EFT:6.954358881292877e-08,3.1659096786476384e-13,5.3720873876736835e-08,1.1926511593113524e-07,3.746506396423931e-08,0.0029347867604856566,0.00023794904609431895,3.213323267755067e-17,0.9968267521019026,2.3209655831692783e-07
Random442
Raw:6.954358881292926e-08,3.1659096786476616e-13,5.372087387673722e-08,1.192651159311361e-07,3.746506396423931e-08,0.0029347867604856566,0.00023794904609431895,3.21332326775509e-17,0.9968267521019026,2.3209655831692783e-07
EFT:6.954358881292877e-08,3.1659096786476384e-13,5.3720873876736835e-08,1.1926511593113524e-07,3.746506396423931e-08,0.0029347867604856566,0.00023794904609431895,3.213323267755067e-17,0.9968267521019026,2.3209655831692783e-07
Random443
Raw:6.954358881292828e-08,3.1659096786476384e-13,5.3720873876736835e-08,1.1926511593113524e-07,3.746506396423931e-08,0.002934786760485615,0.00023794904609431553,3.213323267755067e-17,0.9968267521019026,2.320965583169262e-07
EFT:6.954358881292877e-08,3.1659096786476384e-13,5.3720873876736835e-08,1.1926511593113524e-07,3.746506396423931e-08,0.0029347867604856566,0.00023794904609431895,3.213323267755067e-17,0.9968267521019026,2.3209655831692783e-07
Random444
Raw:6.954358881292926e-08,3.1659096786476616e-13,5.372087387673722e-08,1.192651159311361e-07,3.746506396423931e-08,0.0029347867604856566,0.00023794904609431895,3.21332326775509e-17,0.9968267521019026,2.320965583169262e-07
EFT:6.954358881292877e-08,3.1659096786476384e-13,5.3720873876736835e-08,1.1926511593113524e-07,3.746506396423931e-08,0.0029347867604856566,0.00023794904609431895,3.213323267755067e-17,0.9968267521019026,2.3209655831692783e-07
Random445
Raw:6.954358881292828e-08,3.1659096786476384e-13,5.372087387673722e-08,1.192651159311361e-07,3.746506396423905e-08,0.0029347867604856566,0.00023794904609431553,3.21332326775509e-17,0.9968267521019026,2.320965583169262e-07
EFT:6.954358881292877e-08,3.1659096786476384e-13,5.3720873876736835e-08,1.1926511593113524e-07,3.746506396423931e-08,0.0029347867604856566,0.00023794904609431895,3.213323267755067e-17,0.9968267521019026,2.3209655831692783e-07
Random446
Raw:6.954358881292828e-08,3.1659096786476616e-13,5.3720873876736835e-08,1.1926511593113524e-07,3.746506396423905e-08,0.002934786760485615,0.00023794904609431553,3.21332326775509e-17,0.9968267521019026,2.320965583169262e-07
EFT:6.954358881292877e-08,3.1659096786476384e-13,5.3720873876736835e-08,1.1926511593113524e-07,3.746506396423931e-08,0.0029347867604856566,0.00023794904609431895,3.213323267755067e-17,0.9968267521019026,2.3209655831692783e-07
Random447
Raw:6.954358881292926e-08,3.1659096786476384e-13,5.372087387673722e-08,1.192651159311361e-07,3.746506396423931e-08,0.0029347867604856566,0.00023794904609431895,3.213323267755045e-17,0.9968267521019026,2.320965583169262e-07
EFT:6.954358881292877e-08,3.1659096786476384e-13,5.3720873876736835e-08,1.1926511593113524e-07,3.746506396423931e-08,0.0029347867604856566,0.00023794904609431895,3.213323267755067e-17,0.9968267521019026,2.3209655831692783e-07
Random448
Raw:6.954358881292877e-08,3.1659096786476616e-13,5.372087387673722e-08,1.192651159311361e-07,3.746506396423931e-08,0.002934786760485615,0.00023794904609431895,3.21332326775509e-17,0.9968267521019026,2.320965583169262e-07
EFT:6.954358881292877e-08,3.1659096786476384e-13,5.3720873876736835e-08,1.1926511593113524e-07,3.746506396423931e-08,0.0029347867604856566,0.00023794904609431895,3.213323267755067e-17,0.9968267521019026,2.3209655831692783e-07
Random449
Raw:6.954358881292877e-08,3.1659096786476384e-13,5.372087387673722e-08,1.1926511593113524e-07,3.746506396423931e-08,0.0029347867604856566,0.00023794904609431895,3.213323267755045e-17,0.9968267521019026,2.320965583169262e-07
EFT:6.954358881292877e-08,3.1659096786476384e-13,5.3720873876736835e-08,1.1926511593113524e-07,3.746506396423931e-08,0.0029347867604856566,0.00023794904609431895,3.213323267755067e-17,0.9968267521019026,2.3209655831692783e-07
Random450
Raw:6.954358881292926e-08,3.165909678647684e-13,5.3720873876737596e-08,1.1926511593113694e-07,3.746506396423957e-08,0.0029347867604856566,0.00023794904609431895,3.213323267755113e-17,0.9968267521019026,2.3209655831692948e-07
EFT:6.954358881292877e-08,3.1659096786476384e-13,5.3720873876736835e-08,1.1926511593113524e-07,3.746506396423931e-08,0.0029347867604856566,0.00023794904609431895,3.213323267755067e-17,0.9968267521019026,2.3209655831692783e-07
Random451
Raw:6.954358881292828e-08,3.165909678647616e-13,5.3720873876736835e-08,1.1926511593113524e-07,3.746506396423905e-08,0.002934786760485615,0.00023794904609431553,3.213323267755045e-17,0.9968267521019026,2.320965583169262e-07
EFT:6.954358881292877e-08,3.1659096786476384e-13,5.3720873876736835e-08,1.1926511593113524e-07,3.746506396423931e-08,0.0029347867604856566,0.00023794904609431895,3.213323267755067e-17,0.9968267521019026,2.3209655831692783e-07
Random452
Raw:6.954358881292828e-08,3.165909678647616e-13,5.372087387673645e-08,1.192651159311344e-07,3.7465063964238784e-08,0.002934786760485615,0.00023794904609431553,3.213323267755045e-17,0.9968267521019026,2.3209655831692453e-07
EFT:6.954358881292877e-08,3.1659096786476384e-13,5.3720873876736835e-08,1.1926511593113524e-07,3.746506396423931e-08,0.0029347867604856566,0.00023794904609431895,3.213323267755067e-17,0.9968267521019026,2.3209655831692783e-07
Random453
Raw:6.954358881292926e-08,3.1659096786476616e-13,5.372087387673722e-08,1.192651159311361e-07,3.746506396423931e-08,0.0029347867604856566,0.00023794904609431895,3.213323267755045e-17,0.9968267521019026,2.320965583169262e-07
EFT:6.954358881292877e-08,3.1659096786476384e-13,5.3720873876736835e-08,1.1926511593113524e-07,3.746506396423931e-08,0.0029347867604856566,0.00023794904609431895,3.213323267755067e-17,0.9968267521019026,2.3209655831692783e-07
Random454
Raw:6.954358881292778e-08,3.1659096786475935e-13,5.372087387673645e-08,1.192651159311344e-07,3.7465063964238784e-08,0.002934786760485615,0.00023794904609431553,3.213323267754999e-17,0.9968267521019026,2.3209655831692453e-07
EFT:6.954358881292877e-08,3.1659096786476384e-13,5.3720873876736835e-08,1.1926511593113524e-07,3.746506396423931e-08,0.0029347867604856566,0.00023794904609431895,3.213323267755067e-17,0.9968267521019026,2.3209655831692783e-07
Random455
Raw:6.954358881292877e-08,3.1659096786476616e-13,5.372087387673722e-08,1.192651159311361e-07,3.746506396423931e-08,0.0029347867604856566,0.00023794904609431895,3.213323267755067e-17,0.9968267521019026,2.3209655831692783e-07
EFT:6.954358881292877e-08,3.1659096786476384e-13,5.3720873876736835e-08,1.1926511593113524e-07,3.746506396423931e-08,0.0029347867604856566,0.00023794904609431895,3.213323267755067e-17,0.9968267521019026,2.3209655831692783e-07
Random456
Raw:6.954358881292926e-08,3.1659096786476616e-13,5.372087387673722e-08,1.192651159311361e-07,3.746506396423957e-08,0.0029347867604856566,0.00023794904609431895,3.213323267755067e-17,0.9968267521019026,2.3209655831692783e-07
EFT:6.954358881292877e-08,3.1659096786476384e-13,5.3720873876736835e-08,1.1926511593113524e-07,3.746506396423931e-08,0.0029347867604856566,0.00023794904609431895,3.213323267755067e-17,0.9968267521019026,2.3209655831692783e-07
Random457
Raw:6.954358881292828e-08,3.165909678647616e-13,5.372087387673722e-08,1.192651159311361e-07,3.746506396423931e-08,0.0029347867604856566,0.00023794904609431553,3.213323267755045e-17,0.9968267521019026,2.320965583169262e-07
EFT:6.954358881292877e-08,3.1659096786476384e-13,5.3720873876736835e-08,1.1926511593113524e-07,3.746506396423931e-08,0.0029347867604856566,0.00023794904609431895,3.213323267755067e-17,0.9968267521019026,2.3209655831692783e-07
Random458
Raw:6.954358881292828e-08,3.1659096786476384e-13,5.3720873876736835e-08,1.1926511593113524e-07,3.746506396423905e-08,0.0029347867604856566,0.00023794904609431895,3.213323267755045e-17,0.9968267521019026,2.3209655831692453e-07
EFT:6.954358881292877e-08,3.1659096786476384e-13,5.3720873876736835e-08,1.1926511593113524e-07,3.746506396423931e-08,0.0029347867604856566,0.00023794904609431895,3.213323267755067e-17,0.9968267521019026,2.3209655831692783e-07
Random459
Raw:6.954358881292828e-08,3.1659096786476384e-13,5.372087387673645e-08,1.1926511593113524e-07,3.746506396423931e-08,0.002934786760485615,0.00023794904609431553,3.213323267755067e-17,0.9968267521019026,2.320965583169262e-07
EFT:6.954358881292877e-08,3.1659096786476384e-13,5.3720873876736835e-08,1.1926511593113524e-07,3.746506396423931e-08,0.0029347867604856566,0.00023794904609431895,3.213323267755067e-17,0.9968267521019026,2.3209655831692783e-07
Random460
Raw:6.954358881292926e-08,3.1659096786476616e-13,5.372087387673722e-08,1.192651159311361e-07,3.746506396423957e-08,0.0029347867604856566,0.00023794904609431895,3.213323267755067e-17,0.9968267521019026,2.3209655831692948e-07
EFT:6.954358881292877e-08,3.1659096786476384e-13,5.3720873876736835e-08,1.1926511593113524e-07,3.746506396423931e-08,0.0029347867604856566,0.00023794904609431895,3.213323267755067e-17,0.9968267521019026,2.3209655831692783e-07
Random461
Raw:6.954358881292926e-08,3.1659096786476616e-13,5.372087387673722e-08,1.192651159311361e-07,3.746506396423957e-08,0.0029347867604856566,0.00023794904609431895,3.213323267755113e-17,0.9968267521019026,2.3209655831692948e-07
EFT:6.954358881292877e-08,3.1659096786476384e-13,5.3720873876736835e-08,1.1926511593113524e-07,3.746506396423931e-08,0.0029347867604856566,0.00023794904609431895,3.213323267755067e-17,0.9968267521019026,2.3209655831692783e-07
Random462
Raw:6.954358881292828e-08,3.165909678647616e-13,5.372087387673645e-08,1.192651159311344e-07,3.746506396423931e-08,0.002934786760485615,0.00023794904609431553,3.213323267755022e-17,0.9968267521019026,2.320965583169262e-07
EFT:6.954358881292877e-08,3.1659096786476384e-13,5.3720873876736835e-08,1.1926511593113524e-07,3.746506396423931e-08,0.0029347867604856566,0.00023794904609431895,3.213323267755067e-17,0.9968267521019026,2.3209655831692783e-07
Random463
Raw:6.954358881292828e-08,3.165909678647616e-13,5.372087387673645e-08,1.192651159311344e-07,3.7465063964238784e-08,0.002934786760485615,0.00023794904609431553,3.213323267755045e-17,0.9968267521019026,2.3209655831692453e-07
EFT:6.954358881292877e-08,3.1659096786476384e-13,5.3720873876736835e-08,1.1926511593113524e-07,3.746506396423931e-08,0.0029347867604856566,0.00023794904609431895,3.213323267755067e-17,0.9968267521019026,2.3209655831692783e-07
Random464
Raw:6.954358881292828e-08,3.165909678647616e-13,5.3720873876736835e-08,1.1926511593113524e-07,3.746506396423905e-08,0.0029347867604856566,0.00023794904609431895,3.213323267754999e-17,0.9968267521019026,2.320965583169262e-07
EFT:6.954358881292877e-08,3.1659096786476384e-13,5.3720873876736835e-08,1.1926511593113524e-07,3.746506396423931e-08,0.0029347867604856566,0.00023794904609431895,3.213323267755067e-17,0.9968267521019026,2.3209655831692783e-07
Random465
Raw:6.954358881292877e-08,3.1659096786476616e-13,5.372087387673722e-08,1.192651159311361e-07,3.746506396423931e-08,0.002934786760485615,0.00023794904609431895,3.21332326775509e-17,0.9968267521019026,2.320965583169262e-07
EFT:6.954358881292877e-08,3.1659096786476384e-13,5.3720873876736835e-08,1.1926511593113524e-07,3.746506396423931e-08,0.0029347867604856566,0.00023794904609431895,3.213323267755067e-17,0.9968267521019026,2.3209655831692783e-07
Random466
Raw:6.954358881292828e-08,3.1659096786476616e-13,5.3720873876736835e-08,1.1926511593113524e-07,3.746506396423905e-08,0.002934786760485615,0.00023794904609431553,3.21332326775509e-17,0.9968267521019026,2.320965583169262e-07
EFT:6.954358881292877e-08,3.1659096786476384e-13,5.3720873876736835e-08,1.1926511593113524e-07,3.746506396423931e-08,0.0029347867604856566,0.00023794904609431895,3.213323267755067e-17,0.9968267521019026,2.3209655831692783e-07
Random467
Raw:6.954358881292926e-08,3.1659096786476616e-13,5.372087387673722e-08,1.192651159311361e-07,3.746506396423931e-08,0.0029347867604856566,0.00023794904609431895,3.21332326775509e-17,0.9968267521019026,2.3209655831692783e-07
EFT:6.954358881292877e-08,3.1659096786476384e-13,5.3720873876736835e-08,1.1926511593113524e-07,3.746506396423931e-08,0.0029347867604856566,0.00023794904609431895,3.213323267755067e-17,0.9968267521019026,2.3209655831692783e-07
Random468
Raw:6.954358881292828e-08,3.1659096786476384e-13,5.3720873876736835e-08,1.1926511593113524e-07,3.7465063964238784e-08,0.002934786760485615,0.00023794904609431553,3.21332326775509e-17,0.9968267521019026,2.320965583169262e-07
EFT:6.954358881292877e-08,3.1659096786476384e-13,5.3720873876736835e-08,1.1926511593113524e-07,3.746506396423931e-08,0.0029347867604856566,0.00023794904609431895,3.213323267755067e-17,0.9968267521019026,2.3209655831692783e-07
Random469
Raw:6.954358881292926e-08,3.1659096786476616e-13,5.372087387673722e-08,1.192651159311361e-07,3.746506396423931e-08,0.0029347867604856566,0.00023794904609431895,3.21332326775509e-17,0.9968267521019026,2.3209655831692783e-07
EFT:6.954358881292877e-08,3.1659096786476384e-13,5.3720873876736835e-08,1.1926511593113524e-07,3.746506396423931e-08,0.0029347867604856566,0.00023794904609431895,3.213323267755067e-17,0.9968267521019026,2.3209655831692783e-07
Random470
Raw:6.954358881292828e-08,3.165909678647616e-13,5.372087387673645e-08,1.192651159311344e-07,3.7465063964238784e-08,0.002934786760485615,0.00023794904609431553,3.213323267755045e-17,0.9968267521019026,2.3209655831692453e-07
EFT:6.954358881292877e-08,3.1659096786476384e-13,5.3720873876736835e-08,1.1926511593113524e-07,3.746506396423931e-08,0.0029347867604856566,0.00023794904609431895,3.213323267755067e-17,0.9968267521019026,2.3209655831692783e-07
Random471
Raw:6.954358881292877e-08,3.1659096786476616e-13,5.372087387673722e-08,1.192651159311361e-07,3.746506396423905e-08,0.002934786760485615,0.00023794904609431553,3.213323267755136e-17,0.9968267521019026,2.3209655831692783e-07
EFT:6.954358881292877e-08,3.1659096786476384e-13,5.3720873876736835e-08,1.1926511593113524e-07,3.746506396423931e-08,0.0029347867604856566,0.00023794904609431895,3.213323267755067e-17,0.9968267521019026,2.3209655831692783e-07
Random472
Raw:6.954358881292778e-08,3.1659096786476384e-13,5.3720873876736835e-08,1.192651159311361e-07,3.7465063964238784e-08,0.002934786760485615,0.00023794904609431215,3.21332326775509e-17,0.9968267521019026,2.320965583169262e-07
EFT:6.954358881292877e-08,3.1659096786476384e-13,5.3720873876736835e-08,1.1926511593113524e-07,3.746506396423931e-08,0.0029347867604856566,0.00023794904609431895,3.213323267755067e-17,0.9968267521019026,2.3209655831692783e-07
Random473
Raw:6.954358881292828e-08,3.1659096786476384e-13,5.372087387673722e-08,1.192651159311361e-07,3.746506396423931e-08,0.0029347867604856566,0.00023794904609431553,3.213323267755045e-17,0.9968267521019026,2.320965583169262e-07
EFT:6.954358881292877e-08,3.1659096786476384e-13,5.3720873876736835e-08,1.1926511593113524e-07,3.746506396423931e-08,0.0029347867604856566,0.00023794904609431895,3.213323267755067e-17,0.9968267521019026,2.3209655831692783e-07
Random474
Raw:6.954358881292926e-08,3.1659096786476616e-13,5.372087387673722e-08,1.192651159311361e-07,3.746506396423931e-08,0.0029347867604856566,0.00023794904609431895,3.213323267755045e-17,0.9968267521019026,2.320965583169262e-07
EFT:6.954358881292877e-08,3.1659096786476384e-13,5.3720873876736835e-08,1.1926511593113524e-07,3.746506396423931e-08,0.0029347867604856566,0.00023794904609431895,3.213323267755067e-17,0.9968267521019026,2.3209655831692783e-07
Random475
Raw:6.954358881292877e-08,3.1659096786476616e-13,5.372087387673722e-08,1.192651159311361e-07,3.746506396423931e-08,0.0029347867604856566,0.00023794904609431895,3.213323267755067e-17,0.9968267521019026,2.320965583169262e-07
EFT:6.954358881292877e-08,3.1659096786476384e-13,5.3720873876736835e-08,1.1926511593113524e-07,3.746506396423931e-08,0.0029347867604856566,0.00023794904609431895,3.213323267755067e-17,0.9968267521019026,2.3209655831692783e-07
Random476
Raw:6.954358881292926e-08,3.165909678647684e-13,5.3720873876737596e-08,1.1926511593113694e-07,3.746506396423957e-08,0.0029347867604856566,0.00023794904609431895,3.213323267755113e-17,0.9968267521019026,2.3209655831692948e-07
EFT:6.954358881292877e-08,3.1659096786476384e-13,5.3720873876736835e-08,1.1926511593113524e-07,3.746506396423931e-08,0.0029347867604856566,0.00023794904609431895,3.213323267755067e-17,0.9968267521019026,2.3209655831692783e-07
Random477
Raw:6.954358881292828e-08,3.1659096786476384e-13,5.372087387673645e-08,1.192651159311344e-07,3.746506396423905e-08,0.002934786760485615,0.00023794904609431553,3.213323267755067e-17,0.9968267521019026,2.320965583169262e-07
EFT:6.954358881292877e-08,3.1659096786476384e-13,5.3720873876736835e-08,1.1926511593113524e-07,3.746506396423931e-08,0.0029347867604856566,0.00023794904609431895,3.213323267755067e-17,0.9968267521019026,2.3209655831692783e-07
Random478
Raw:6.954358881292877e-08,3.1659096786476384e-13,5.3720873876736835e-08,1.1926511593113524e-07,3.746506396423931e-08,0.0029347867604856566,0.00023794904609431895,3.213323267755022e-17,0.9968267521019026,2.320965583169262e-07
EFT:6.954358881292877e-08,3.1659096786476384e-13,5.3720873876736835e-08,1.1926511593113524e-07,3.746506396423931e-08,0.0029347867604856566,0.00023794904609431895,3.213323267755067e-17,0.9968267521019026,2.3209655831692783e-07
Random479
Raw:6.954358881292926e-08,3.1659096786476616e-13,5.372087387673722e-08,1.192651159311361e-07,3.746506396423931e-08,0.0029347867604856566,0.00023794904609431895,3.213323267755113e-17,0.9968267521019026,2.3209655831692783e-07
EFT:6.954358881292877e-08,3.1659096786476384e-13,5.3720873876736835e-08,1.1926511593113524e-07,3.746506396423931e-08,0.0029347867604856566,0.00023794904609431895,3.213323267755067e-17,0.9968267521019026,2.3209655831692783e-07
Random480
Raw:6.954358881292828e-08,3.165909678647616e-13,5.3720873876736835e-08,1.192651159311344e-07,3.746506396423931e-08,0.002934786760485615,0.00023794904609431895,3.213323267755022e-17,0.9968267521019026,2.320965583169262e-07
EFT:6.954358881292877e-08,3.1659096786476384e-13,5.3720873876736835e-08,1.1926511593113524e-07,3.746506396423931e-08,0.0029347867604856566,0.00023794904609431895,3.213323267755067e-17,0.9968267521019026,2.3209655831692783e-07
Random481
Raw:6.954358881292828e-08,3.1659096786476384e-13,5.372087387673722e-08,1.192651159311361e-07,3.746506396423931e-08,0.002934786760485615,0.00023794904609431553,3.213323267755045e-17,0.9968267521019026,2.320965583169262e-07
EFT:6.954358881292877e-08,3.1659096786476384e-13,5.3720873876736835e-08,1.1926511593113524e-07,3.746506396423931e-08,0.0029347867604856566,0.00023794904609431895,3.213323267755067e-17,0.9968267521019026,2.3209655831692783e-07
Random482
Raw:6.954358881292926e-08,3.1659096786476616e-13,5.372087387673722e-08,1.192651159311361e-07,3.746506396423931e-08,0.0029347867604856566,0.00023794904609431895,3.21332326775509e-17,0.9968267521019026,2.3209655831692783e-07
EFT:6.954358881292877e-08,3.1659096786476384e-13,5.3720873876736835e-08,1.1926511593113524e-07,3.746506396423931e-08,0.0029347867604856566,0.00023794904609431895,3.213323267755067e-17,0.9968267521019026,2.3209655831692783e-07
Random483
Raw:6.954358881292877e-08,3.1659096786476616e-13,5.372087387673722e-08,1.192651159311361e-07,3.746506396423931e-08,0.0029347867604856566,0.00023794904609431895,3.21332326775509e-17,0.9968267521019026,2.3209655831692783e-07
EFT:6.954358881292877e-08,3.1659096786476384e-13,5.3720873876736835e-08,1.1926511593113524e-07,3.746506396423931e-08,0.0029347867604856566,0.00023794904609431895,3.213323267755067e-17,0.9968267521019026,2.3209655831692783e-07
Random484
Raw:6.954358881292926e-08,3.1659096786476616e-13,5.372087387673722e-08,1.192651159311361e-07,3.746506396423931e-08,0.0029347867604856566,0.00023794904609431895,3.21332326775509e-17,0.9968267521019026,2.320965583169262e-07
EFT:6.954358881292877e-08,3.1659096786476384e-13,5.3720873876736835e-08,1.1926511593113524e-07,3.746506396423931e-08,0.0029347867604856566,0.00023794904609431895,3.213323267755067e-17,0.9968267521019026,2.3209655831692783e-07
Random485
Raw:6.954358881292828e-08,3.1659096786476384e-13,5.372087387673722e-08,1.192651159311361e-07,3.746506396423931e-08,0.0029347867604856566,0.00023794904609431553,3.213323267755045e-17,0.9968267521019026,2.320965583169262e-07
EFT:6.954358881292877e-08,3.1659096786476384e-13,5.3720873876736835e-08,1.1926511593113524e-07,3.746506396423931e-08,0.0029347867604856566,0.00023794904609431895,3.213323267755067e-17,0.9968267521019026,2.3209655831692783e-07
Random486
Raw:6.954358881292828e-08,3.1659096786476384e-13,5.3720873876736835e-08,1.1926511593113524e-07,3.746506396423931e-08,0.002934786760485615,0.00023794904609431553,3.213323267755067e-17,0.9968267521019026,2.320965583169262e-07
EFT:6.954358881292877e-08,3.1659096786476384e-13,5.3720873876736835e-08,1.1926511593113524e-07,3.746506396423931e-08,0.0029347867604856566,0.00023794904609431895,3.213323267755067e-17,0.9968267521019026,2.3209655831692783e-07
Random487
Raw:6.954358881292877e-08,3.1659096786476616e-13,5.372087387673722e-08,1.192651159311361e-07,3.746506396423931e-08,0.0029347867604856566,0.00023794904609431895,3.213323267755067e-17,0.9968267521019026,2.3209655831692783e-07
EFT:6.954358881292877e-08,3.1659096786476384e-13,5.3720873876736835e-08,1.1926511593113524e-07,3.746506396423931e-08,0.0029347867604856566,0.00023794904609431895,3.213323267755067e-17,0.9968267521019026,2.3209655831692783e-07
Random488
Raw:6.954358881292877e-08,3.1659096786476384e-13,5.3720873876736835e-08,1.1926511593113524e-07,3.746506396423931e-08,0.0029347867604856566,0.00023794904609431895,3.213323267755067e-17,0.9968267521019026,2.3209655831692783e-07
EFT:6.954358881292877e-08,3.1659096786476384e-13,5.3720873876736835e-08,1.1926511593113524e-07,3.746506396423931e-08,0.0029347867604856566,0.00023794904609431895,3.213323267755067e-17,0.9968267521019026,2.3209655831692783e-07
Random489
Raw:6.954358881292926e-08,3.1659096786476616e-13,5.372087387673722e-08,1.192651159311361e-07,3.746506396423931e-08,0.0029347867604856566,0.00023794904609431895,3.213323267755067e-17,0.9968267521019026,2.320965583169262e-07
EFT:6.954358881292877e-08,3.1659096786476384e-13,5.3720873876736835e-08,1.1926511593113524e-07,3.746506396423931e-08,0.0029347867604856566,0.00023794904609431895,3.213323267755067e-17,0.9968267521019026,2.3209655831692783e-07
Random490
Raw:6.954358881292926e-08,3.165909678647684e-13,5.372087387673722e-08,1.192651159311361e-07,3.746506396423931e-08,0.0029347867604856566,0.00023794904609431895,3.213323267755136e-17,0.9968267521019026,2.3209655831692783e-07
EFT:6.954358881292877e-08,3.1659096786476384e-13,5.3720873876736835e-08,1.1926511593113524e-07,3.746506396423931e-08,0.0029347867604856566,0.00023794904609431895,3.213323267755067e-17,0.9968267521019026,2.3209655831692783e-07
Random491
Raw:6.954358881292828e-08,3.165909678647616e-13,5.372087387673645e-08,1.192651159311344e-07,3.746506396423931e-08,0.002934786760485615,0.00023794904609431553,3.213323267755022e-17,0.9968267521019026,2.320965583169262e-07
EFT:6.954358881292877e-08,3.1659096786476384e-13,5.3720873876736835e-08,1.1926511593113524e-07,3.746506396423931e-08,0.0029347867604856566,0.00023794904609431895,3.213323267755067e-17,0.9968267521019026,2.3209655831692783e-07
Random492
Raw:6.954358881292877e-08,3.1659096786476616e-13,5.372087387673722e-08,1.192651159311361e-07,3.746506396423905e-08,0.0029347867604856566,0.00023794904609431895,3.213323267755113e-17,0.9968267521019026,2.320965583169262e-07
EFT:6.954358881292877e-08,3.1659096786476384e-13,5.3720873876736835e-08,1.1926511593113524e-07,3.746506396423931e-08,0.0029347867604856566,0.00023794904609431895,3.213323267755067e-17,0.9968267521019026,2.3209655831692783e-07
Random493
Raw:6.954358881292926e-08,3.1659096786476616e-13,5.372087387673722e-08,1.192651159311361e-07,3.746506396423931e-08,0.0029347867604856566,0.00023794904609431895,3.21332326775509e-17,0.9968267521019026,2.3209655831692783e-07
EFT:6.954358881292877e-08,3.1659096786476384e-13,5.3720873876736835e-08,1.1926511593113524e-07,3.746506396423931e-08,0.0029347867604856566,0.00023794904609431895,3.213323267755067e-17,0.9968267521019026,2.3209655831692783e-07
Random494
Raw:6.954358881292877e-08,3.1659096786476616e-13,5.3720873876736835e-08,1.192651159311361e-07,3.746506396423905e-08,0.002934786760485615,0.00023794904609431553,3.21332326775509e-17,0.9968267521019026,2.320965583169262e-07
EFT:6.954358881292877e-08,3.1659096786476384e-13,5.3720873876736835e-08,1.1926511593113524e-07,3.746506396423931e-08,0.0029347867604856566,0.00023794904609431895,3.213323267755067e-17,0.9968267521019026,2.3209655831692783e-07
Random495
Raw:6.954358881292828e-08,3.1659096786476384e-13,5.3720873876736835e-08,1.1926511593113524e-07,3.7465063964238784e-08,0.002934786760485615,0.00023794904609431553,3.21332326775509e-17,0.9968267521019026,2.320965583169262e-07
EFT:6.954358881292877e-08,3.1659096786476384e-13,5.3720873876736835e-08,1.1926511593113524e-07,3.746506396423931e-08,0.0029347867604856566,0.00023794904609431895,3.213323267755067e-17,0.9968267521019026,2.3209655831692783e-07
Random496
Raw:6.954358881292926e-08,3.1659096786477066e-13,5.3720873876737596e-08,1.1926511593113694e-07,3.746506396423957e-08,0.0029347867604856566,0.00023794904609431895,3.213323267755136e-17,0.9968267521019026,2.3209655831692948e-07
EFT:6.954358881292877e-08,3.1659096786476384e-13,5.3720873876736835e-08,1.1926511593113524e-07,3.746506396423931e-08,0.0029347867604856566,0.00023794904609431895,3.213323267755067e-17,0.9968267521019026,2.3209655831692783e-07
Random497
Raw:6.954358881292877e-08,3.1659096786476616e-13,5.372087387673722e-08,1.192651159311361e-07,3.746506396423931e-08,0.0029347867604856566,0.00023794904609431895,3.213323267755067e-17,0.9968267521019026,2.3209655831692783e-07
EFT:6.954358881292877e-08,3.1659096786476384e-13,5.3720873876736835e-08,1.1926511593113524e-07,3.746506396423931e-08,0.0029347867604856566,0.00023794904609431895,3.213323267755067e-17,0.9968267521019026,2.3209655831692783e-07
Random498
Raw:6.954358881292926e-08,3.1659096786476616e-13,5.372087387673722e-08,1.192651159311361e-07,3.746506396423931e-08,0.0029347867604856566,0.0002379490460943223,3.213323267755045e-17,0.9968267521019026,2.320965583169262e-07
EFT:6.954358881292877e-08,3.1659096786476384e-13,5.3720873876736835e-08,1.1926511593113524e-07,3.746506396423931e-08,0.0029347867604856566,0.00023794904609431895,3.213323267755067e-17,0.9968267521019026,2.3209655831692783e-07
Random499
Raw:6.954358881292828e-08,3.1659096786476384e-13,5.372087387673722e-08,1.192651159311361e-07,3.746506396423905e-08,0.0029347867604856566,0.00023794904609431553,3.21332326775509e-17,0.9968267521019026,2.320965583169262e-07
EFT:6.954358881292877e-08,3.1659096786476384e-13,5.3720873876736835e-08,1.1926511593113524e-07,3.746506396423931e-08,0.0029347867604856566,0.00023794904609431895,3.213323267755067e-17,0.9968267521019026,2.3209655831692783e-07
Random500
Raw:6.954358881292778e-08,3.165909678647616e-13,5.3720873876736835e-08,1.1926511593113524e-07,3.7465063964238784e-08,0.002934786760485615,0.00023794904609431553,3.213323267755045e-17,0.9968267521019026,2.320965583169262e-07
EFT:6.954358881292877e-08,3.1659096786476384e-13,5.3720873876736835e-08,1.1926511593113524e-07,3.746506396423931e-08,0.0029347867604856566,0.00023794904609431895,3.213323267755067e-17,0.9968267521019026,2.3209655831692783e-07
Random501
Raw:6.954358881292877e-08,3.1659096786476384e-13,5.3720873876736835e-08,1.1926511593113524e-07,3.746506396423931e-08,0.0029347867604856566,0.00023794904609431895,3.213323267755067e-17,0.9968267521019026,2.3209655831692783e-07
EFT:6.954358881292877e-08,3.1659096786476384e-13,5.3720873876736835e-08,1.1926511593113524e-07,3.746506396423931e-08,0.0029347867604856566,0.00023794904609431895,3.213323267755067e-17,0.9968267521019026,2.3209655831692783e-07
Random502
Raw:6.954358881292926e-08,3.165909678647684e-13,5.372087387673722e-08,1.1926511593113694e-07,3.746506396423931e-08,0.002934786760485615,0.00023794904609431895,3.213323267755136e-17,0.9968267521019026,2.3209655831692783e-07
EFT:6.954358881292877e-08,3.1659096786476384e-13,5.3720873876736835e-08,1.1926511593113524e-07,3.746506396423931e-08,0.0029347867604856566,0.00023794904609431895,3.213323267755067e-17,0.9968267521019026,2.3209655831692783e-07
Random503
Raw:6.954358881292828e-08,3.165909678647616e-13,5.372087387673645e-08,1.192651159311344e-07,3.7465063964238784e-08,0.002934786760485615,0.00023794904609431553,3.213323267755045e-17,0.9968267521019026,2.3209655831692453e-07
EFT:6.954358881292877e-08,3.1659096786476384e-13,5.3720873876736835e-08,1.1926511593113524e-07,3.746506396423931e-08,0.0029347867604856566,0.00023794904609431895,3.213323267755067e-17,0.9968267521019026,2.3209655831692783e-07
Random504
Raw:6.954358881292926e-08,3.1659096786476616e-13,5.372087387673722e-08,1.192651159311361e-07,3.746506396423957e-08,0.0029347867604856566,0.00023794904609431895,3.213323267755067e-17,0.9968267521019026,2.3209655831692783e-07
EFT:6.954358881292877e-08,3.1659096786476384e-13,5.3720873876736835e-08,1.1926511593113524e-07,3.746506396423931e-08,0.0029347867604856566,0.00023794904609431895,3.213323267755067e-17,0.9968267521019026,2.3209655831692783e-07
Random505
Raw:6.954358881292926e-08,3.1659096786476616e-13,5.372087387673722e-08,1.192651159311361e-07,3.746506396423931e-08,0.0029347867604856566,0.00023794904609431895,3.21332326775509e-17,0.9968267521019026,2.320965583169262e-07
EFT:6.954358881292877e-08,3.1659096786476384e-13,5.3720873876736835e-08,1.1926511593113524e-07,3.746506396423931e-08,0.0029347867604856566,0.00023794904609431895,3.213323267755067e-17,0.9968267521019026,2.3209655831692783e-07
Random506
Raw:6.954358881292828e-08,3.165909678647616e-13,5.3720873876736835e-08,1.1926511593113524e-07,3.746506396423905e-08,0.002934786760485615,0.00023794904609431553,3.213323267755045e-17,0.9968267521019026,2.320965583169262e-07
EFT:6.954358881292877e-08,3.1659096786476384e-13,5.3720873876736835e-08,1.1926511593113524e-07,3.746506396423931e-08,0.0029347867604856566,0.00023794904609431895,3.213323267755067e-17,0.9968267521019026,2.3209655831692783e-07
Random507
Raw:6.954358881292926e-08,3.1659096786476616e-13,5.372087387673722e-08,1.192651159311361e-07,3.746506396423931e-08,0.0029347867604856566,0.00023794904609431895,3.21332326775509e-17,0.9968267521019026,2.3209655831692783e-07
EFT:6.954358881292877e-08,3.1659096786476384e-13,5.3720873876736835e-08,1.1926511593113524e-07,3.746506396423931e-08,0.0029347867604856566,0.00023794904609431895,3.213323267755067e-17,0.9968267521019026,2.3209655831692783e-07
Random508
Raw:6.954358881292877e-08,3.1659096786476616e-13,5.372087387673722e-08,1.192651159311361e-07,3.746506396423931e-08,0.0029347867604856566,0.00023794904609431895,3.21332326775509e-17,0.9968267521019026,2.3209655831692783e-07
EFT:6.954358881292877e-08,3.1659096786476384e-13,5.3720873876736835e-08,1.1926511593113524e-07,3.746506396423931e-08,0.0029347867604856566,0.00023794904609431895,3.213323267755067e-17,0.9968267521019026,2.3209655831692783e-07
Random509
Raw:6.954358881292926e-08,3.1659096786476616e-13,5.372087387673722e-08,1.192651159311361e-07,3.746506396423957e-08,0.0029347867604856566,0.00023794904609431895,3.213323267755067e-17,0.9968267521019026,2.3209655831692783e-07
EFT:6.954358881292877e-08,3.1659096786476384e-13,5.3720873876736835e-08,1.1926511593113524e-07,3.746506396423931e-08,0.0029347867604856566,0.00023794904609431895,3.213323267755067e-17,0.9968267521019026,2.3209655831692783e-07
Random510
Raw:6.954358881292877e-08,3.1659096786476616e-13,5.372087387673722e-08,1.192651159311361e-07,3.746506396423931e-08,0.002934786760485615,0.00023794904609431895,3.21332326775509e-17,0.9968267521019026,2.320965583169262e-07
EFT:6.954358881292877e-08,3.1659096786476384e-13,5.3720873876736835e-08,1.1926511593113524e-07,3.746506396423931e-08,0.0029347867604856566,0.00023794904609431895,3.213323267755067e-17,0.9968267521019026,2.3209655831692783e-07
Random511
Raw:6.954358881292828e-08,3.165909678647616e-13,5.372087387673645e-08,1.192651159311344e-07,3.7465063964238784e-08,0.002934786760485615,0.00023794904609431553,3.213323267755045e-17,0.9968267521019026,2.3209655831692453e-07
EFT:6.954358881292877e-08,3.1659096786476384e-13,5.3720873876736835e-08,1.1926511593113524e-07,3.746506396423931e-08,0.0029347867604856566,0.00023794904609431895,3.213323267755067e-17,0.9968267521019026,2.3209655831692783e-07
Random512
Raw:6.954358881292877e-08,3.1659096786476384e-13,5.3720873876736835e-08,1.1926511593113524e-07,3.746506396423905e-08,0.0029347867604856566,0.00023794904609431895,3.213323267755045e-17,0.9968267521019026,2.320965583169262e-07
EFT:6.954358881292877e-08,3.1659096786476384e-13,5.3720873876736835e-08,1.1926511593113524e-07,3.746506396423931e-08,0.0029347867604856566,0.00023794904609431895,3.213323267755067e-17,0.9968267521019026,2.3209655831692783e-07
Random513
Raw:6.954358881292877e-08,3.1659096786476384e-13,5.3720873876736835e-08,1.1926511593113524e-07,3.746506396423931e-08,0.0029347867604856566,0.00023794904609431895,3.213323267755022e-17,0.9968267521019026,2.320965583169262e-07
EFT:6.954358881292877e-08,3.1659096786476384e-13,5.3720873876736835e-08,1.1926511593113524e-07,3.746506396423931e-08,0.0029347867604856566,0.00023794904609431895,3.213323267755067e-17,0.9968267521019026,2.3209655831692783e-07
Random514
Raw:6.954358881292926e-08,3.1659096786476616e-13,5.372087387673722e-08,1.192651159311361e-07,3.746506396423931e-08,0.0029347867604856566,0.00023794904609431895,3.21332326775509e-17,0.9968267521019026,2.3209655831692783e-07
EFT:6.954358881292877e-08,3.1659096786476384e-13,5.3720873876736835e-08,1.1926511593113524e-07,3.746506396423931e-08,0.0029347867604856566,0.00023794904609431895,3.213323267755067e-17,0.9968267521019026,2.3209655831692783e-07
Random515
Raw:6.954358881292828e-08,3.1659096786476384e-13,5.372087387673722e-08,1.192651159311361e-07,3.746506396423931e-08,0.0029347867604856566,0.00023794904609431553,3.213323267755045e-17,0.9968267521019026,2.320965583169262e-07
EFT:6.954358881292877e-08,3.1659096786476384e-13,5.3720873876736835e-08,1.1926511593113524e-07,3.746506396423931e-08,0.0029347867604856566,0.00023794904609431895,3.213323267755067e-17,0.9968267521019026,2.3209655831692783e-07
Random516
Raw:6.954358881292877e-08,3.1659096786476616e-13,5.372087387673722e-08,1.192651159311361e-07,3.746506396423957e-08,0.0029347867604856566,0.00023794904609431553,3.213323267755113e-17,0.9968267521019026,2.3209655831692948e-07
EFT:6.954358881292877e-08,3.1659096786476384e-13,5.3720873876736835e-08,1.1926511593113524e-07,3.746506396423931e-08,0.0029347867604856566,0.00023794904609431895,3.213323267755067e-17,0.9968267521019026,2.3209655831692783e-07
Random517
Raw:6.954358881292828e-08,3.1659096786476616e-13,5.3720873876736835e-08,1.1926511593113524e-07,3.746506396423905e-08,0.002934786760485615,0.00023794904609431553,3.21332326775509e-17,0.9968267521019026,2.320965583169262e-07
EFT:6.954358881292877e-08,3.1659096786476384e-13,5.3720873876736835e-08,1.1926511593113524e-07,3.746506396423931e-08,0.0029347867604856566,0.00023794904609431895,3.213323267755067e-17,0.9968267521019026,2.3209655831692783e-07
Random518
Raw:6.954358881292926e-08,3.1659096786476616e-13,5.372087387673722e-08,1.192651159311361e-07,3.746506396423931e-08,0.0029347867604856566,0.00023794904609431895,3.213323267755067e-17,0.9968267521019026,2.320965583169262e-07
EFT:6.954358881292877e-08,3.1659096786476384e-13,5.3720873876736835e-08,1.1926511593113524e-07,3.746506396423931e-08,0.0029347867604856566,0.00023794904609431895,3.213323267755067e-17,0.9968267521019026,2.3209655831692783e-07
Random519
Raw:6.954358881292926e-08,3.165909678647684e-13,5.372087387673722e-08,1.1926511593113694e-07,3.746506396423931e-08,0.0029347867604856566,0.00023794904609431895,3.213323267755136e-17,0.9968267521019026,2.3209655831692783e-07
EFT:6.954358881292877e-08,3.1659096786476384e-13,5.3720873876736835e-08,1.1926511593113524e-07,3.746506396423931e-08,0.0029347867604856566,0.00023794904609431895,3.213323267755067e-17,0.9968267521019026,2.3209655831692783e-07
Random520
Raw:6.954358881292926e-08,3.1659096786477066e-13,5.3720873876737596e-08,1.192651159311378e-07,3.746506396423957e-08,0.0029347867604856566,0.00023794904609431895,3.213323267755159e-17,0.9968267521019026,2.3209655831692948e-07
EFT:6.954358881292877e-08,3.1659096786476384e-13,5.3720873876736835e-08,1.1926511593113524e-07,3.746506396423931e-08,0.0029347867604856566,0.00023794904609431895,3.213323267755067e-17,0.9968267521019026,2.3209655831692783e-07
Random521
Raw:6.954358881292926e-08,3.165909678647684e-13,5.3720873876737596e-08,1.1926511593113694e-07,3.746506396423957e-08,0.0029347867604856566,0.00023794904609431895,3.213323267755113e-17,0.9968267521019026,2.3209655831692948e-07
EFT:6.954358881292877e-08,3.1659096786476384e-13,5.3720873876736835e-08,1.1926511593113524e-07,3.746506396423931e-08,0.0029347867604856566,0.00023794904609431895,3.213323267755067e-17,0.9968267521019026,2.3209655831692783e-07
Random522
Raw:6.954358881292926e-08,3.1659096786476616e-13,5.372087387673722e-08,1.192651159311361e-07,3.746506396423931e-08,0.002934786760485615,0.00023794904609431895,3.21332326775509e-17,0.9968267521019026,2.320965583169262e-07
EFT:6.954358881292877e-08,3.1659096786476384e-13,5.3720873876736835e-08,1.1926511593113524e-07,3.746506396423931e-08,0.0029347867604856566,0.00023794904609431895,3.213323267755067e-17,0.9968267521019026,2.3209655831692783e-07
Random523
Raw:6.954358881292828e-08,3.1659096786476616e-13,5.3720873876736835e-08,1.1926511593113524e-07,3.746506396423905e-08,0.002934786760485615,0.00023794904609431553,3.21332326775509e-17,0.9968267521019026,2.320965583169262e-07
EFT:6.954358881292877e-08,3.1659096786476384e-13,5.3720873876736835e-08,1.1926511593113524e-07,3.746506396423931e-08,0.0029347867604856566,0.00023794904609431895,3.213323267755067e-17,0.9968267521019026,2.3209655831692783e-07
Random524
Raw:6.954358881292828e-08,3.165909678647616e-13,5.372087387673722e-08,1.192651159311361e-07,3.746506396423931e-08,0.0029347867604856566,0.00023794904609431553,3.213323267755045e-17,0.9968267521019026,2.320965583169262e-07
EFT:6.954358881292877e-08,3.1659096786476384e-13,5.3720873876736835e-08,1.1926511593113524e-07,3.746506396423931e-08,0.0029347867604856566,0.00023794904609431895,3.213323267755067e-17,0.9968267521019026,2.3209655831692783e-07
Random525
Raw:6.954358881292828e-08,3.165909678647616e-13,5.3720873876736835e-08,1.1926511593113524e-07,3.746506396423905e-08,0.002934786760485615,0.00023794904609431553,3.213323267755045e-17,0.9968267521019026,2.320965583169262e-07
EFT:6.954358881292877e-08,3.1659096786476384e-13,5.3720873876736835e-08,1.1926511593113524e-07,3.746506396423931e-08,0.0029347867604856566,0.00023794904609431895,3.213323267755067e-17,0.9968267521019026,2.3209655831692783e-07
Random526
Raw:6.954358881292877e-08,3.1659096786476616e-13,5.372087387673722e-08,1.192651159311361e-07,3.746506396423957e-08,0.0029347867604856566,0.00023794904609431553,3.213323267755113e-17,0.9968267521019026,2.3209655831692948e-07
EFT:6.954358881292877e-08,3.1659096786476384e-13,5.3720873876736835e-08,1.1926511593113524e-07,3.746506396423931e-08,0.0029347867604856566,0.00023794904609431895,3.213323267755067e-17,0.9968267521019026,2.3209655831692783e-07
Random527
Raw:6.954358881292926e-08,3.1659096786476616e-13,5.372087387673722e-08,1.192651159311361e-07,3.746506396423931e-08,0.0029347867604856566,0.00023794904609431895,3.213323267755067e-17,0.9968267521019026,2.320965583169262e-07
EFT:6.954358881292877e-08,3.1659096786476384e-13,5.3720873876736835e-08,1.1926511593113524e-07,3.746506396423931e-08,0.0029347867604856566,0.00023794904609431895,3.213323267755067e-17,0.9968267521019026,2.3209655831692783e-07
Random528
Raw:6.954358881292926e-08,3.165909678647684e-13,5.372087387673722e-08,1.192651159311361e-07,3.746506396423931e-08,0.0029347867604856566,0.00023794904609431895,3.213323267755136e-17,0.9968267521019026,2.3209655831692783e-07
EFT:6.954358881292877e-08,3.1659096786476384e-13,5.3720873876736835e-08,1.1926511593113524e-07,3.746506396423931e-08,0.0029347867604856566,0.00023794904609431895,3.213323267755067e-17,0.9968267521019026,2.3209655831692783e-07
Random529
Raw:6.954358881292828e-08,3.1659096786476384e-13,5.3720873876736835e-08,1.1926511593113524e-07,3.746506396423931e-08,0.0029347867604856566,0.00023794904609431895,3.213323267755067e-17,0.9968267521019026,2.3209655831692783e-07
EFT:6.954358881292877e-08,3.1659096786476384e-13,5.3720873876736835e-08,1.1926511593113524e-07,3.746506396423931e-08,0.0029347867604856566,0.00023794904609431895,3.213323267755067e-17,0.9968267521019026,2.3209655831692783e-07
Random530
Raw:6.954358881292828e-08,3.165909678647616e-13,5.3720873876736835e-08,1.1926511593113524e-07,3.746506396423905e-08,0.002934786760485615,0.00023794904609431553,3.213323267755045e-17,0.9968267521019026,2.320965583169262e-07
EFT:6.954358881292877e-08,3.1659096786476384e-13,5.3720873876736835e-08,1.1926511593113524e-07,3.746506396423931e-08,0.0029347867604856566,0.00023794904609431895,3.213323267755067e-17,0.9968267521019026,2.3209655831692783e-07
Random531
Raw:6.954358881292828e-08,3.1659096786476616e-13,5.3720873876736835e-08,1.192651159311361e-07,3.746506396423931e-08,0.002934786760485615,0.00023794904609431553,3.213323267755113e-17,0.9968267521019026,2.3209655831692783e-07
EFT:6.954358881292877e-08,3.1659096786476384e-13,5.3720873876736835e-08,1.1926511593113524e-07,3.746506396423931e-08,0.0029347867604856566,0.00023794904609431895,3.213323267755067e-17,0.9968267521019026,2.3209655831692783e-07
Random532
Raw:6.954358881292926e-08,3.1659096786476616e-13,5.372087387673722e-08,1.192651159311361e-07,3.746506396423931e-08,0.0029347867604856566,0.00023794904609431895,3.21332326775509e-17,0.9968267521019026,2.3209655831692783e-07
EFT:6.954358881292877e-08,3.1659096786476384e-13,5.3720873876736835e-08,1.1926511593113524e-07,3.746506396423931e-08,0.0029347867604856566,0.00023794904609431895,3.213323267755067e-17,0.9968267521019026,2.3209655831692783e-07
Random533
Raw:6.954358881292926e-08,3.165909678647684e-13,5.372087387673722e-08,1.1926511593113694e-07,3.746506396423931e-08,0.0029347867604856566,0.00023794904609431895,3.213323267755113e-17,0.9968267521019026,2.3209655831692783e-07
EFT:6.954358881292877e-08,3.1659096786476384e-13,5.3720873876736835e-08,1.1926511593113524e-07,3.746506396423931e-08,0.0029347867604856566,0.00023794904609431895,3.213323267755067e-17,0.9968267521019026,2.3209655831692783e-07
Random534
Raw:6.954358881292926e-08,3.165909678647684e-13,5.372087387673722e-08,1.1926511593113694e-07,3.746506396423931e-08,0.0029347867604856566,0.00023794904609431895,3.213323267755136e-17,0.9968267521019026,2.3209655831692783e-07
EFT:6.954358881292877e-08,3.1659096786476384e-13,5.3720873876736835e-08,1.1926511593113524e-07,3.746506396423931e-08,0.0029347867604856566,0.00023794904609431895,3.213323267755067e-17,0.9968267521019026,2.3209655831692783e-07
Random535
Raw:6.954358881292828e-08,3.165909678647616e-13,5.3720873876736835e-08,1.1926511593113524e-07,3.746506396423905e-08,0.002934786760485615,0.00023794904609431553,3.213323267755045e-17,0.9968267521019026,2.320965583169262e-07
EFT:6.954358881292877e-08,3.1659096786476384e-13,5.3720873876736835e-08,1.1926511593113524e-07,3.746506396423931e-08,0.0029347867604856566,0.00023794904609431895,3.213323267755067e-17,0.9968267521019026,2.3209655831692783e-07
Random536
Raw:6.954358881292926e-08,3.1659096786476616e-13,5.3720873876737596e-08,1.192651159311361e-07,3.746506396423957e-08,0.0029347867604856983,0.0002379490460943223,3.213323267755067e-17,0.9968267521019026,2.3209655831692783e-07
EFT:6.954358881292877e-08,3.1659096786476384e-13,5.3720873876736835e-08,1.1926511593113524e-07,3.746506396423931e-08,0.0029347867604856566,0.00023794904609431895,3.213323267755067e-17,0.9968267521019026,2.3209655831692783e-07
Random537
Raw:6.954358881292778e-08,3.165909678647616e-13,5.372087387673645e-08,1.1926511593113524e-07,3.7465063964238784e-08,0.002934786760485615,0.00023794904609431553,3.213323267755045e-17,0.9968267521019026,2.3209655831692453e-07
EFT:6.954358881292877e-08,3.1659096786476384e-13,5.3720873876736835e-08,1.1926511593113524e-07,3.746506396423931e-08,0.0029347867604856566,0.00023794904609431895,3.213323267755067e-17,0.9968267521019026,2.3209655831692783e-07
Random538
Raw:6.954358881292828e-08,3.1659096786476384e-13,5.372087387673645e-08,1.1926511593113524e-07,3.746506396423931e-08,0.002934786760485615,0.00023794904609431553,3.213323267755067e-17,0.9968267521019026,2.320965583169262e-07
EFT:6.954358881292877e-08,3.1659096786476384e-13,5.3720873876736835e-08,1.1926511593113524e-07,3.746506396423931e-08,0.0029347867604856566,0.00023794904609431895,3.213323267755067e-17,0.9968267521019026,2.3209655831692783e-07
Random539
Raw:6.954358881292926e-08,3.1659096786476616e-13,5.372087387673722e-08,1.192651159311361e-07,3.746506396423957e-08,0.0029347867604856566,0.00023794904609431895,3.213323267755067e-17,0.9968267521019026,2.3209655831692783e-07
EFT:6.954358881292877e-08,3.1659096786476384e-13,5.3720873876736835e-08,1.1926511593113524e-07,3.746506396423931e-08,0.0029347867604856566,0.00023794904609431895,3.213323267755067e-17,0.9968267521019026,2.3209655831692783e-07
Random540
Raw:6.954358881292877e-08,3.1659096786476616e-13,5.372087387673722e-08,1.192651159311361e-07,3.746506396423931e-08,0.002934786760485615,0.00023794904609431895,3.21332326775509e-17,0.9968267521019026,2.320965583169262e-07
EFT:6.954358881292877e-08,3.1659096786476384e-13,5.3720873876736835e-08,1.1926511593113524e-07,3.746506396423931e-08,0.0029347867604856566,0.00023794904609431895,3.213323267755067e-17,0.9968267521019026,2.3209655831692783e-07
Random541
Raw:6.954358881292926e-08,3.1659096786476616e-13,5.372087387673722e-08,1.192651159311361e-07,3.746506396423957e-08,0.0029347867604856566,0.00023794904609431895,3.213323267755067e-17,0.9968267521019026,2.3209655831692783e-07
EFT:6.954358881292877e-08,3.1659096786476384e-13,5.3720873876736835e-08,1.1926511593113524e-07,3.746506396423931e-08,0.0029347867604856566,0.00023794904609431895,3.213323267755067e-17,0.9968267521019026,2.3209655831692783e-07
Random542
Raw:6.954358881292877e-08,3.1659096786476616e-13,5.372087387673722e-08,1.192651159311361e-07,3.746506396423931e-08,0.0029347867604856566,0.00023794904609431895,3.213323267755067e-17,0.9968267521019026,2.3209655831692783e-07
EFT:6.954358881292877e-08,3.1659096786476384e-13,5.3720873876736835e-08,1.1926511593113524e-07,3.746506396423931e-08,0.0029347867604856566,0.00023794904609431895,3.213323267755067e-17,0.9968267521019026,2.3209655831692783e-07
Random543
Raw:6.954358881292828e-08,3.165909678647616e-13,5.372087387673645e-08,1.192651159311344e-07,3.7465063964238784e-08,0.002934786760485615,0.00023794904609431895,3.213323267754999e-17,0.9968267521019026,2.3209655831692288e-07
EFT:6.954358881292877e-08,3.1659096786476384e-13,5.3720873876736835e-08,1.1926511593113524e-07,3.746506396423931e-08,0.0029347867604856566,0.00023794904609431895,3.213323267755067e-17,0.9968267521019026,2.3209655831692783e-07
Random544
Raw:6.954358881292729e-08,3.1659096786475935e-13,5.372087387673645e-08,1.192651159311344e-07,3.7465063964238784e-08,0.002934786760485615,0.00023794904609431553,3.2133232677549763e-17,0.9968267521019026,2.3209655831692288e-07
EFT:6.954358881292877e-08,3.1659096786476384e-13,5.3720873876736835e-08,1.1926511593113524e-07,3.746506396423931e-08,0.0029347867604856566,0.00023794904609431895,3.213323267755067e-17,0.9968267521019026,2.3209655831692783e-07
Random545
Raw:6.954358881292926e-08,3.1659096786476616e-13,5.372087387673722e-08,1.192651159311361e-07,3.746506396423957e-08,0.0029347867604856566,0.00023794904609431895,3.213323267755067e-17,0.9968267521019026,2.3209655831692783e-07
EFT:6.954358881292877e-08,3.1659096786476384e-13,5.3720873876736835e-08,1.1926511593113524e-07,3.746506396423931e-08,0.0029347867604856566,0.00023794904609431895,3.213323267755067e-17,0.9968267521019026,2.3209655831692783e-07
Random546
Raw:6.954358881292877e-08,3.1659096786476384e-13,5.3720873876736835e-08,1.1926511593113524e-07,3.746506396423931e-08,0.0029347867604856566,0.00023794904609431895,3.213323267755067e-17,0.9968267521019026,2.3209655831692783e-07
EFT:6.954358881292877e-08,3.1659096786476384e-13,5.3720873876736835e-08,1.1926511593113524e-07,3.746506396423931e-08,0.0029347867604856566,0.00023794904609431895,3.213323267755067e-17,0.9968267521019026,2.3209655831692783e-07
Random547
Raw:6.954358881292828e-08,3.165909678647616e-13,5.372087387673722e-08,1.1926511593113524e-07,3.746506396423931e-08,0.0029347867604856566,0.00023794904609431895,3.213323267754999e-17,0.9968267521019026,2.320965583169262e-07
EFT:6.954358881292877e-08,3.1659096786476384e-13,5.3720873876736835e-08,1.1926511593113524e-07,3.746506396423931e-08,0.0029347867604856566,0.00023794904609431895,3.213323267755067e-17,0.9968267521019026,2.3209655831692783e-07
Random548
Raw:6.954358881292828e-08,3.1659096786476384e-13,5.372087387673722e-08,1.192651159311361e-07,3.746506396423931e-08,0.0029347867604856566,0.00023794904609431895,3.213323267755045e-17,0.9968267521019026,2.320965583169262e-07
EFT:6.954358881292877e-08,3.1659096786476384e-13,5.3720873876736835e-08,1.1926511593113524e-07,3.746506396423931e-08,0.0029347867604856566,0.00023794904609431895,3.213323267755067e-17,0.9968267521019026,2.3209655831692783e-07
Random549
Raw:6.954358881292828e-08,3.1659096786476384e-13,5.3720873876736835e-08,1.1926511593113524e-07,3.746506396423931e-08,0.002934786760485615,0.00023794904609431553,3.213323267755067e-17,0.9968267521019026,2.320965583169262e-07
EFT:6.954358881292877e-08,3.1659096786476384e-13,5.3720873876736835e-08,1.1926511593113524e-07,3.746506396423931e-08,0.0029347867604856566,0.00023794904609431895,3.213323267755067e-17,0.9968267521019026,2.3209655831692783e-07
Random550
Raw:6.954358881292828e-08,3.1659096786476384e-13,5.372087387673645e-08,1.1926511593113524e-07,3.746506396423931e-08,0.002934786760485615,0.00023794904609431553,3.213323267755067e-17,0.9968267521019026,2.320965583169262e-07
EFT:6.954358881292877e-08,3.1659096786476384e-13,5.3720873876736835e-08,1.1926511593113524e-07,3.746506396423931e-08,0.0029347867604856566,0.00023794904609431895,3.213323267755067e-17,0.9968267521019026,2.3209655831692783e-07
Random551
Raw:6.954358881292828e-08,3.1659096786475935e-13,5.3720873876736835e-08,1.192651159311344e-07,3.746506396423905e-08,0.0029347867604856566,0.00023794904609431553,3.213323267754999e-17,0.9968267521019026,2.3209655831692453e-07
EFT:6.954358881292877e-08,3.1659096786476384e-13,5.3720873876736835e-08,1.1926511593113524e-07,3.746506396423931e-08,0.0029347867604856566,0.00023794904609431895,3.213323267755067e-17,0.9968267521019026,2.3209655831692783e-07
Random552
Raw:6.954358881292926e-08,3.1659096786476616e-13,5.372087387673722e-08,1.192651159311361e-07,3.746506396423957e-08,0.0029347867604856566,0.00023794904609431895,3.213323267755067e-17,0.9968267521019026,2.3209655831692948e-07
EFT:6.954358881292877e-08,3.1659096786476384e-13,5.3720873876736835e-08,1.1926511593113524e-07,3.746506396423931e-08,0.0029347867604856566,0.00023794904609431895,3.213323267755067e-17,0.9968267521019026,2.3209655831692783e-07
Random553
Raw:6.954358881292877e-08,3.1659096786476616e-13,5.372087387673722e-08,1.192651159311361e-07,3.746506396423957e-08,0.0029347867604856566,0.00023794904609431553,3.213323267755113e-17,0.9968267521019026,2.3209655831692948e-07
EFT:6.954358881292877e-08,3.1659096786476384e-13,5.3720873876736835e-08,1.1926511593113524e-07,3.746506396423931e-08,0.0029347867604856566,0.00023794904609431895,3.213323267755067e-17,0.9968267521019026,2.3209655831692783e-07
Random554
Raw:6.954358881292778e-08,3.165909678647616e-13,5.372087387673645e-08,1.1926511593113524e-07,3.7465063964238784e-08,0.002934786760485615,0.00023794904609431553,3.213323267755045e-17,0.9968267521019026,2.3209655831692453e-07
EFT:6.954358881292877e-08,3.1659096786476384e-13,5.3720873876736835e-08,1.1926511593113524e-07,3.746506396423931e-08,0.0029347867604856566,0.00023794904609431895,3.213323267755067e-17,0.9968267521019026,2.3209655831692783e-07
Random555
Raw:6.954358881292828e-08,3.165909678647616e-13,5.3720873876736835e-08,1.1926511593113524e-07,3.746506396423905e-08,0.002934786760485615,0.00023794904609431553,3.213323267755045e-17,0.9968267521019026,2.320965583169262e-07
EFT:6.954358881292877e-08,3.1659096786476384e-13,5.3720873876736835e-08,1.1926511593113524e-07,3.746506396423931e-08,0.0029347867604856566,0.00023794904609431895,3.213323267755067e-17,0.9968267521019026,2.3209655831692783e-07
Random556
Raw:6.954358881292828e-08,3.1659096786476384e-13,5.372087387673645e-08,1.192651159311344e-07,3.746506396423905e-08,0.002934786760485615,0.00023794904609431553,3.213323267755067e-17,0.9968267521019026,2.320965583169262e-07
EFT:6.954358881292877e-08,3.1659096786476384e-13,5.3720873876736835e-08,1.1926511593113524e-07,3.746506396423931e-08,0.0029347867604856566,0.00023794904609431895,3.213323267755067e-17,0.9968267521019026,2.3209655831692783e-07
Random557
Raw:6.954358881292828e-08,3.165909678647616e-13,5.372087387673722e-08,1.192651159311361e-07,3.746506396423931e-08,0.0029347867604856566,0.00023794904609431553,3.213323267755045e-17,0.9968267521019026,2.320965583169262e-07
EFT:6.954358881292877e-08,3.1659096786476384e-13,5.3720873876736835e-08,1.1926511593113524e-07,3.746506396423931e-08,0.0029347867604856566,0.00023794904609431895,3.213323267755067e-17,0.9968267521019026,2.3209655831692783e-07
Random558
Raw:6.954358881292926e-08,3.1659096786476616e-13,5.372087387673722e-08,1.192651159311361e-07,3.746506396423931e-08,0.0029347867604856566,0.00023794904609431895,3.21332326775509e-17,0.9968267521019026,2.320965583169262e-07
EFT:6.954358881292877e-08,3.1659096786476384e-13,5.3720873876736835e-08,1.1926511593113524e-07,3.746506396423931e-08,0.0029347867604856566,0.00023794904609431895,3.213323267755067e-17,0.9968267521019026,2.3209655831692783e-07
Random559
Raw:6.954358881292926e-08,3.1659096786476616e-13,5.372087387673722e-08,1.192651159311361e-07,3.746506396423931e-08,0.0029347867604856566,0.00023794904609431895,3.21332326775509e-17,0.9968267521019026,2.3209655831692783e-07
EFT:6.954358881292877e-08,3.1659096786476384e-13,5.3720873876736835e-08,1.1926511593113524e-07,3.746506396423931e-08,0.0029347867604856566,0.00023794904609431895,3.213323267755067e-17,0.9968267521019026,2.3209655831692783e-07
Random560
Raw:6.954358881292926e-08,3.165909678647684e-13,5.372087387673722e-08,1.192651159311361e-07,3.746506396423931e-08,0.0029347867604856566,0.00023794904609431895,3.213323267755113e-17,0.9968267521019026,2.3209655831692783e-07
EFT:6.954358881292877e-08,3.1659096786476384e-13,5.3720873876736835e-08,1.1926511593113524e-07,3.746506396423931e-08,0.0029347867604856566,0.00023794904609431895,3.213323267755067e-17,0.9968267521019026,2.3209655831692783e-07
Random561
Raw:6.954358881292926e-08,3.165909678647684e-13,5.372087387673722e-08,1.1926511593113694e-07,3.746506396423931e-08,0.0029347867604856566,0.00023794904609431895,3.213323267755136e-17,0.9968267521019026,2.3209655831692783e-07
EFT:6.954358881292877e-08,3.1659096786476384e-13,5.3720873876736835e-08,1.1926511593113524e-07,3.746506396423931e-08,0.0029347867604856566,0.00023794904609431895,3.213323267755067e-17,0.9968267521019026,2.3209655831692783e-07
Random562
Raw:6.954358881292877e-08,3.1659096786476616e-13,5.372087387673722e-08,1.192651159311361e-07,3.746506396423931e-08,0.002934786760485615,0.00023794904609431895,3.21332326775509e-17,0.9968267521019026,2.320965583169262e-07
EFT:6.954358881292877e-08,3.1659096786476384e-13,5.3720873876736835e-08,1.1926511593113524e-07,3.746506396423931e-08,0.0029347867604856566,0.00023794904609431895,3.213323267755067e-17,0.9968267521019026,2.3209655831692783e-07
Random563
Raw:6.954358881292877e-08,3.165909678647616e-13,5.3720873876736835e-08,1.1926511593113524e-07,3.746506396423931e-08,0.0029347867604856566,0.00023794904609431895,3.213323267755022e-17,0.9968267521019026,2.320965583169262e-07
EFT:6.954358881292877e-08,3.1659096786476384e-13,5.3720873876736835e-08,1.1926511593113524e-07,3.746506396423931e-08,0.0029347867604856566,0.00023794904609431895,3.213323267755067e-17,0.9968267521019026,2.3209655831692783e-07
Random564
Raw:6.954358881292877e-08,3.1659096786476616e-13,5.372087387673722e-08,1.192651159311361e-07,3.746506396423931e-08,0.0029347867604856566,0.00023794904609431895,3.21332326775509e-17,0.9968267521019026,2.3209655831692783e-07
EFT:6.954358881292877e-08,3.1659096786476384e-13,5.3720873876736835e-08,1.1926511593113524e-07,3.746506396423931e-08,0.0029347867604856566,0.00023794904609431895,3.213323267755067e-17,0.9968267521019026,2.3209655831692783e-07
Random565
Raw:6.954358881292828e-08,3.1659096786476384e-13,5.372087387673645e-08,1.1926511593113524e-07,3.746506396423931e-08,0.002934786760485615,0.00023794904609431553,3.213323267755067e-17,0.9968267521019026,2.320965583169262e-07
EFT:6.954358881292877e-08,3.1659096786476384e-13,5.3720873876736835e-08,1.1926511593113524e-07,3.746506396423931e-08,0.0029347867604856566,0.00023794904609431895,3.213323267755067e-17,0.9968267521019026,2.3209655831692783e-07
Random566
Raw:6.954358881292828e-08,3.1659096786476616e-13,5.3720873876736835e-08,1.1926511593113524e-07,3.746506396423905e-08,0.002934786760485615,0.00023794904609431553,3.21332326775509e-17,0.9968267521019026,2.320965583169262e-07
EFT:6.954358881292877e-08,3.1659096786476384e-13,5.3720873876736835e-08,1.1926511593113524e-07,3.746506396423931e-08,0.0029347867604856566,0.00023794904609431895,3.213323267755067e-17,0.9968267521019026,2.3209655831692783e-07
Random567
Raw:6.954358881292877e-08,3.1659096786476616e-13,5.372087387673722e-08,1.192651159311361e-07,3.746506396423905e-08,0.0029347867604856566,0.00023794904609431895,3.213323267755113e-17,0.9968267521019026,2.320965583169262e-07
EFT:6.954358881292877e-08,3.1659096786476384e-13,5.3720873876736835e-08,1.1926511593113524e-07,3.746506396423931e-08,0.0029347867604856566,0.00023794904609431895,3.213323267755067e-17,0.9968267521019026,2.3209655831692783e-07
Random568
Raw:6.954358881292877e-08,3.1659096786476616e-13,5.372087387673722e-08,1.192651159311361e-07,3.746506396423931e-08,0.002934786760485615,0.00023794904609431553,3.213323267755113e-17,0.9968267521019026,2.3209655831692948e-07
EFT:6.954358881292877e-08,3.1659096786476384e-13,5.3720873876736835e-08,1.1926511593113524e-07,3.746506396423931e-08,0.0029347867604856566,0.00023794904609431895,3.213323267755067e-17,0.9968267521019026,2.3209655831692783e-07
Random569
Raw:6.954358881292877e-08,3.1659096786476616e-13,5.372087387673722e-08,1.192651159311361e-07,3.746506396423905e-08,0.002934786760485615,0.00023794904609431553,3.213323267755136e-17,0.9968267521019026,2.3209655831692783e-07
EFT:6.954358881292877e-08,3.1659096786476384e-13,5.3720873876736835e-08,1.1926511593113524e-07,3.746506396423931e-08,0.0029347867604856566,0.00023794904609431895,3.213323267755067e-17,0.9968267521019026,2.3209655831692783e-07
Random570
Raw:6.954358881292877e-08,3.1659096786476384e-13,5.3720873876736835e-08,1.1926511593113524e-07,3.746506396423931e-08,0.0029347867604856566,0.00023794904609431895,3.213323267755067e-17,0.9968267521019026,2.3209655831692783e-07
EFT:6.954358881292877e-08,3.1659096786476384e-13,5.3720873876736835e-08,1.1926511593113524e-07,3.746506396423931e-08,0.0029347867604856566,0.00023794904609431895,3.213323267755067e-17,0.9968267521019026,2.3209655831692783e-07
Random571
Raw:6.954358881292926e-08,3.1659096786476616e-13,5.372087387673722e-08,1.192651159311361e-07,3.746506396423931e-08,0.0029347867604856566,0.00023794904609431895,3.213323267755113e-17,0.9968267521019026,2.3209655831692783e-07
EFT:6.954358881292877e-08,3.1659096786476384e-13,5.3720873876736835e-08,1.1926511593113524e-07,3.746506396423931e-08,0.0029347867604856566,0.00023794904609431895,3.213323267755067e-17,0.9968267521019026,2.3209655831692783e-07
Random572
Raw:6.954358881292926e-08,3.1659096786476384e-13,5.372087387673722e-08,1.192651159311361e-07,3.746506396423931e-08,0.0029347867604856566,0.00023794904609431895,3.213323267755045e-17,0.9968267521019026,2.320965583169262e-07
EFT:6.954358881292877e-08,3.1659096786476384e-13,5.3720873876736835e-08,1.1926511593113524e-07,3.746506396423931e-08,0.0029347867604856566,0.00023794904609431895,3.213323267755067e-17,0.9968267521019026,2.3209655831692783e-07
Random573
Raw:6.954358881292828e-08,3.165909678647616e-13,5.372087387673645e-08,1.192651159311344e-07,3.7465063964238784e-08,0.002934786760485615,0.00023794904609431553,3.213323267755045e-17,0.9968267521019026,2.3209655831692453e-07
EFT:6.954358881292877e-08,3.1659096786476384e-13,5.3720873876736835e-08,1.1926511593113524e-07,3.746506396423931e-08,0.0029347867604856566,0.00023794904609431895,3.213323267755067e-17,0.9968267521019026,2.3209655831692783e-07
Random574
Raw:6.954358881292926e-08,3.1659096786477066e-13,5.3720873876737596e-08,1.192651159311378e-07,3.746506396423957e-08,0.0029347867604856566,0.00023794904609431895,3.213323267755159e-17,0.9968267521019026,2.3209655831692948e-07
EFT:6.954358881292877e-08,3.1659096786476384e-13,5.3720873876736835e-08,1.1926511593113524e-07,3.746506396423931e-08,0.0029347867604856566,0.00023794904609431895,3.213323267755067e-17,0.9968267521019026,2.3209655831692783e-07
Random575
Raw:6.954358881292926e-08,3.1659096786476616e-13,5.372087387673722e-08,1.192651159311361e-07,3.746506396423957e-08,0.0029347867604856566,0.00023794904609431895,3.213323267755067e-17,0.9968267521019026,2.3209655831692948e-07
EFT:6.954358881292877e-08,3.1659096786476384e-13,5.3720873876736835e-08,1.1926511593113524e-07,3.746506396423931e-08,0.0029347867604856566,0.00023794904609431895,3.213323267755067e-17,0.9968267521019026,2.3209655831692783e-07
Random576
Raw:6.954358881292877e-08,3.1659096786476616e-13,5.372087387673722e-08,1.192651159311361e-07,3.746506396423931e-08,0.002934786760485615,0.00023794904609431895,3.21332326775509e-17,0.9968267521019026,2.320965583169262e-07
EFT:6.954358881292877e-08,3.1659096786476384e-13,5.3720873876736835e-08,1.1926511593113524e-07,3.746506396423931e-08,0.0029347867604856566,0.00023794904609431895,3.213323267755067e-17,0.9968267521019026,2.3209655831692783e-07
Random577
Raw:6.954358881292926e-08,3.1659096786476616e-13,5.372087387673722e-08,1.192651159311361e-07,3.746506396423931e-08,0.0029347867604856566,0.00023794904609431895,3.213323267755067e-17,0.9968267521019026,2.320965583169262e-07
EFT:6.954358881292877e-08,3.1659096786476384e-13,5.3720873876736835e-08,1.1926511593113524e-07,3.746506396423931e-08,0.0029347867604856566,0.00023794904609431895,3.213323267755067e-17,0.9968267521019026,2.3209655831692783e-07
Random578
Raw:6.954358881292926e-08,3.1659096786476616e-13,5.372087387673722e-08,1.192651159311361e-07,3.746506396423931e-08,0.0029347867604856566,0.00023794904609431895,3.21332326775509e-17,0.9968267521019026,2.3209655831692783e-07
EFT:6.954358881292877e-08,3.1659096786476384e-13,5.3720873876736835e-08,1.1926511593113524e-07,3.746506396423931e-08,0.0029347867604856566,0.00023794904609431895,3.213323267755067e-17,0.9968267521019026,2.3209655831692783e-07
Random579
Raw:6.954358881292828e-08,3.165909678647616e-13,5.3720873876736835e-08,1.1926511593113524e-07,3.746506396423905e-08,0.002934786760485615,0.00023794904609431553,3.213323267755045e-17,0.9968267521019026,2.320965583169262e-07
EFT:6.954358881292877e-08,3.1659096786476384e-13,5.3720873876736835e-08,1.1926511593113524e-07,3.746506396423931e-08,0.0029347867604856566,0.00023794904609431895,3.213323267755067e-17,0.9968267521019026,2.3209655831692783e-07
Random580
Raw:6.954358881292828e-08,3.165909678647616e-13,5.372087387673645e-08,1.192651159311344e-07,3.746506396423931e-08,0.002934786760485615,0.00023794904609431553,3.213323267755022e-17,0.9968267521019026,2.320965583169262e-07
EFT:6.954358881292877e-08,3.1659096786476384e-13,5.3720873876736835e-08,1.1926511593113524e-07,3.746506396423931e-08,0.0029347867604856566,0.00023794904609431895,3.213323267755067e-17,0.9968267521019026,2.3209655831692783e-07
Random581
Raw:6.954358881292926e-08,3.1659096786476616e-13,5.372087387673722e-08,1.192651159311361e-07,3.746506396423957e-08,0.0029347867604856566,0.00023794904609431895,3.213323267755067e-17,0.9968267521019026,2.3209655831692948e-07
EFT:6.954358881292877e-08,3.1659096786476384e-13,5.3720873876736835e-08,1.1926511593113524e-07,3.746506396423931e-08,0.0029347867604856566,0.00023794904609431895,3.213323267755067e-17,0.9968267521019026,2.3209655831692783e-07
Random582
Raw:6.954358881292926e-08,3.165909678647684e-13,5.372087387673722e-08,1.1926511593113694e-07,3.746506396423931e-08,0.0029347867604856566,0.00023794904609431895,3.213323267755113e-17,0.9968267521019026,2.3209655831692783e-07
EFT:6.954358881292877e-08,3.1659096786476384e-13,5.3720873876736835e-08,1.1926511593113524e-07,3.746506396423931e-08,0.0029347867604856566,0.00023794904609431895,3.213323267755067e-17,0.9968267521019026,2.3209655831692783e-07
Random583
Raw:6.954358881292926e-08,3.1659096786477066e-13,5.372087387673798e-08,1.192651159311378e-07,3.746506396423957e-08,0.0029347867604856566,0.00023794904609431895,3.213323267755159e-17,0.9968267521019026,2.3209655831692948e-07
EFT:6.954358881292877e-08,3.1659096786476384e-13,5.3720873876736835e-08,1.1926511593113524e-07,3.746506396423931e-08,0.0029347867604856566,0.00023794904609431895,3.213323267755067e-17,0.9968267521019026,2.3209655831692783e-07
Random584
Raw:6.954358881292828e-08,3.1659096786476384e-13,5.372087387673645e-08,1.192651159311344e-07,3.746506396423905e-08,0.002934786760485615,0.00023794904609431553,3.213323267755067e-17,0.9968267521019026,2.320965583169262e-07
EFT:6.954358881292877e-08,3.1659096786476384e-13,5.3720873876736835e-08,1.1926511593113524e-07,3.746506396423931e-08,0.0029347867604856566,0.00023794904609431895,3.213323267755067e-17,0.9968267521019026,2.3209655831692783e-07
Random585
Raw:6.954358881292778e-08,3.165909678647616e-13,5.372087387673645e-08,1.1926511593113524e-07,3.7465063964238784e-08,0.002934786760485615,0.00023794904609431553,3.213323267755045e-17,0.9968267521019026,2.3209655831692453e-07
EFT:6.954358881292877e-08,3.1659096786476384e-13,5.3720873876736835e-08,1.1926511593113524e-07,3.746506396423931e-08,0.0029347867604856566,0.00023794904609431895,3.213323267755067e-17,0.9968267521019026,2.3209655831692783e-07
Random586
Raw:6.954358881292828e-08,3.165909678647616e-13,5.372087387673645e-08,1.192651159311344e-07,3.7465063964238784e-08,0.002934786760485615,0.00023794904609431553,3.213323267755045e-17,0.9968267521019026,2.3209655831692453e-07
EFT:6.954358881292877e-08,3.1659096786476384e-13,5.3720873876736835e-08,1.1926511593113524e-07,3.746506396423931e-08,0.0029347867604856566,0.00023794904609431895,3.213323267755067e-17,0.9968267521019026,2.3209655831692783e-07
Random587
Raw:6.954358881292778e-08,3.165909678647616e-13,5.372087387673645e-08,1.1926511593113524e-07,3.7465063964238784e-08,0.002934786760485615,0.00023794904609431553,3.213323267755045e-17,0.9968267521019026,2.3209655831692453e-07
EFT:6.954358881292877e-08,3.1659096786476384e-13,5.3720873876736835e-08,1.1926511593113524e-07,3.746506396423931e-08,0.0029347867604856566,0.00023794904609431895,3.213323267755067e-17,0.9968267521019026,2.3209655831692783e-07
Random588
Raw:6.954358881292828e-08,3.1659096786476384e-13,5.3720873876736835e-08,1.1926511593113524e-07,3.746506396423931e-08,0.002934786760485615,0.00023794904609431553,3.213323267755067e-17,0.9968267521019026,2.320965583169262e-07
EFT:6.954358881292877e-08,3.1659096786476384e-13,5.3720873876736835e-08,1.1926511593113524e-07,3.746506396423931e-08,0.0029347867604856566,0.00023794904609431895,3.213323267755067e-17,0.9968267521019026,2.3209655831692783e-07
Random589
Raw:6.954358881292828e-08,3.1659096786476384e-13,5.372087387673722e-08,1.192651159311361e-07,3.746506396423905e-08,0.0029347867604856566,0.00023794904609431553,3.21332326775509e-17,0.9968267521019026,2.320965583169262e-07
EFT:6.954358881292877e-08,3.1659096786476384e-13,5.3720873876736835e-08,1.1926511593113524e-07,3.746506396423931e-08,0.0029347867604856566,0.00023794904609431895,3.213323267755067e-17,0.9968267521019026,2.3209655831692783e-07
Random590
Raw:6.954358881292828e-08,3.1659096786476616e-13,5.3720873876736835e-08,1.1926511593113524e-07,3.746506396423905e-08,0.002934786760485615,0.00023794904609431553,3.21332326775509e-17,0.9968267521019026,2.320965583169262e-07
EFT:6.954358881292877e-08,3.1659096786476384e-13,5.3720873876736835e-08,1.1926511593113524e-07,3.746506396423931e-08,0.0029347867604856566,0.00023794904609431895,3.213323267755067e-17,0.9968267521019026,2.3209655831692783e-07
Random591
Raw:6.954358881292828e-08,3.1659096786476384e-13,5.3720873876736835e-08,1.1926511593113524e-07,3.746506396423931e-08,0.0029347867604856566,0.00023794904609431895,3.213323267755067e-17,0.9968267521019026,2.3209655831692783e-07
EFT:6.954358881292877e-08,3.1659096786476384e-13,5.3720873876736835e-08,1.1926511593113524e-07,3.746506396423931e-08,0.0029347867604856566,0.00023794904609431895,3.213323267755067e-17,0.9968267521019026,2.3209655831692783e-07
Random592
Raw:6.954358881292828e-08,3.1659096786476384e-13,5.372087387673722e-08,1.192651159311361e-07,3.746506396423931e-08,0.002934786760485615,0.00023794904609431553,3.213323267755045e-17,0.9968267521019026,2.320965583169262e-07
EFT:6.954358881292877e-08,3.1659096786476384e-13,5.3720873876736835e-08,1.1926511593113524e-07,3.746506396423931e-08,0.0029347867604856566,0.00023794904609431895,3.213323267755067e-17,0.9968267521019026,2.3209655831692783e-07
Random593
Raw:6.954358881292828e-08,3.1659096786476384e-13,5.3720873876736835e-08,1.1926511593113524e-07,3.746506396423905e-08,0.0029347867604856566,0.00023794904609431895,3.213323267755045e-17,0.9968267521019026,2.320965583169262e-07
EFT:6.954358881292877e-08,3.1659096786476384e-13,5.3720873876736835e-08,1.1926511593113524e-07,3.746506396423931e-08,0.0029347867604856566,0.00023794904609431895,3.213323267755067e-17,0.9968267521019026,2.3209655831692783e-07
Random594
Raw:6.954358881292877e-08,3.1659096786476616e-13,5.372087387673722e-08,1.192651159311361e-07,3.746506396423931e-08,0.0029347867604856566,0.00023794904609431895,3.213323267755067e-17,0.9968267521019026,2.3209655831692783e-07
EFT:6.954358881292877e-08,3.1659096786476384e-13,5.3720873876736835e-08,1.1926511593113524e-07,3.746506396423931e-08,0.0029347867604856566,0.00023794904609431895,3.213323267755067e-17,0.9968267521019026,2.3209655831692783e-07
Random595
Raw:6.954358881292828e-08,3.1659096786476616e-13,5.372087387673722e-08,1.192651159311361e-07,3.746506396423905e-08,0.002934786760485615,0.00023794904609431553,3.213323267755113e-17,0.9968267521019026,2.320965583169262e-07
EFT:6.954358881292877e-08,3.1659096786476384e-13,5.3720873876736835e-08,1.1926511593113524e-07,3.746506396423931e-08,0.0029347867604856566,0.00023794904609431895,3.213323267755067e-17,0.9968267521019026,2.3209655831692783e-07
Random596
Raw:6.954358881292828e-08,3.1659096786476384e-13,5.372087387673722e-08,1.192651159311361e-07,3.746506396423931e-08,0.0029347867604856566,0.00023794904609431895,3.213323267755045e-17,0.9968267521019026,2.320965583169262e-07
EFT:6.954358881292877e-08,3.1659096786476384e-13,5.3720873876736835e-08,1.1926511593113524e-07,3.746506396423931e-08,0.0029347867604856566,0.00023794904609431895,3.213323267755067e-17,0.9968267521019026,2.3209655831692783e-07
Random597
Raw:6.954358881292828e-08,3.1659096786476384e-13,5.3720873876736835e-08,1.1926511593113524e-07,3.746506396423905e-08,0.0029347867604856566,0.00023794904609431895,3.213323267755045e-17,0.9968267521019026,2.320965583169262e-07
EFT:6.954358881292877e-08,3.1659096786476384e-13,5.3720873876736835e-08,1.1926511593113524e-07,3.746506396423931e-08,0.0029347867604856566,0.00023794904609431895,3.213323267755067e-17,0.9968267521019026,2.3209655831692783e-07
Random598
Raw:6.954358881292828e-08,3.1659096786476384e-13,5.372087387673722e-08,1.192651159311361e-07,3.746506396423931e-08,0.0029347867604856566,0.00023794904609431895,3.213323267755045e-17,0.9968267521019026,2.320965583169262e-07
EFT:6.954358881292877e-08,3.1659096786476384e-13,5.3720873876736835e-08,1.1926511593113524e-07,3.746506396423931e-08,0.0029347867604856566,0.00023794904609431895,3.213323267755067e-17,0.9968267521019026,2.3209655831692783e-07
Random599
Raw:6.954358881292828e-08,3.1659096786476384e-13,5.3720873876736835e-08,1.1926511593113524e-07,3.7465063964238784e-08,0.002934786760485615,0.00023794904609431553,3.21332326775509e-17,0.9968267521019026,2.320965583169262e-07
EFT:6.954358881292877e-08,3.1659096786476384e-13,5.3720873876736835e-08,1.1926511593113524e-07,3.746506396423931e-08,0.0029347867604856566,0.00023794904609431895,3.213323267755067e-17,0.9968267521019026,2.3209655831692783e-07
Random600
Raw:6.954358881292828e-08,3.165909678647616e-13,5.3720873876736835e-08,1.1926511593113524e-07,3.746506396423905e-08,0.002934786760485615,0.00023794904609431553,3.213323267755045e-17,0.9968267521019026,2.320965583169262e-07
EFT:6.954358881292877e-08,3.1659096786476384e-13,5.3720873876736835e-08,1.1926511593113524e-07,3.746506396423931e-08,0.0029347867604856566,0.00023794904609431895,3.213323267755067e-17,0.9968267521019026,2.3209655831692783e-07
Random601
Raw:6.954358881292877e-08,3.1659096786476616e-13,5.372087387673722e-08,1.192651159311361e-07,3.746506396423931e-08,0.0029347867604856566,0.00023794904609431895,3.21332326775509e-17,0.9968267521019026,2.3209655831692783e-07
EFT:6.954358881292877e-08,3.1659096786476384e-13,5.3720873876736835e-08,1.1926511593113524e-07,3.746506396423931e-08,0.0029347867604856566,0.00023794904609431895,3.213323267755067e-17,0.9968267521019026,2.3209655831692783e-07
Random602
Raw:6.954358881292828e-08,3.1659096786476616e-13,5.3720873876736835e-08,1.1926511593113524e-07,3.746506396423905e-08,0.002934786760485615,0.00023794904609431553,3.21332326775509e-17,0.9968267521019026,2.320965583169262e-07
EFT:6.954358881292877e-08,3.1659096786476384e-13,5.3720873876736835e-08,1.1926511593113524e-07,3.746506396423931e-08,0.0029347867604856566,0.00023794904609431895,3.213323267755067e-17,0.9968267521019026,2.3209655831692783e-07
Random603
Raw:6.954358881292877e-08,3.1659096786476384e-13,5.3720873876736835e-08,1.1926511593113524e-07,3.746506396423905e-08,0.0029347867604856566,0.00023794904609431895,3.213323267755045e-17,0.9968267521019026,2.320965583169262e-07
EFT:6.954358881292877e-08,3.1659096786476384e-13,5.3720873876736835e-08,1.1926511593113524e-07,3.746506396423931e-08,0.0029347867604856566,0.00023794904609431895,3.213323267755067e-17,0.9968267521019026,2.3209655831692783e-07
Random604
Raw:6.954358881292828e-08,3.1659096786476384e-13,5.3720873876736835e-08,1.1926511593113524e-07,3.746506396423905e-08,0.0029347867604856566,0.00023794904609431895,3.213323267755045e-17,0.9968267521019026,2.320965583169262e-07
EFT:6.954358881292877e-08,3.1659096786476384e-13,5.3720873876736835e-08,1.1926511593113524e-07,3.746506396423931e-08,0.0029347867604856566,0.00023794904609431895,3.213323267755067e-17,0.9968267521019026,2.3209655831692783e-07
Random605
Raw:6.954358881292828e-08,3.165909678647616e-13,5.372087387673645e-08,1.192651159311344e-07,3.746506396423931e-08,0.002934786760485615,0.00023794904609431553,3.213323267755022e-17,0.9968267521019026,2.320965583169262e-07
EFT:6.954358881292877e-08,3.1659096786476384e-13,5.3720873876736835e-08,1.1926511593113524e-07,3.746506396423931e-08,0.0029347867604856566,0.00023794904609431895,3.213323267755067e-17,0.9968267521019026,2.3209655831692783e-07
Random606
Raw:6.954358881292778e-08,3.165909678647616e-13,5.372087387673645e-08,1.1926511593113524e-07,3.7465063964238784e-08,0.002934786760485615,0.00023794904609431553,3.213323267755045e-17,0.9968267521019026,2.3209655831692453e-07
EFT:6.954358881292877e-08,3.1659096786476384e-13,5.3720873876736835e-08,1.1926511593113524e-07,3.746506396423931e-08,0.0029347867604856566,0.00023794904609431895,3.213323267755067e-17,0.9968267521019026,2.3209655831692783e-07
Random607
Raw:6.954358881292828e-08,3.165909678647616e-13,5.3720873876736835e-08,1.1926511593113524e-07,3.746506396423905e-08,0.002934786760485615,0.00023794904609431553,3.213323267755045e-17,0.9968267521019026,2.320965583169262e-07
EFT:6.954358881292877e-08,3.1659096786476384e-13,5.3720873876736835e-08,1.1926511593113524e-07,3.746506396423931e-08,0.0029347867604856566,0.00023794904609431895,3.213323267755067e-17,0.9968267521019026,2.3209655831692783e-07
Random608
Raw:6.954358881292926e-08,3.1659096786476616e-13,5.372087387673722e-08,1.192651159311361e-07,3.746506396423957e-08,0.0029347867604856566,0.00023794904609431895,3.213323267755067e-17,0.9968267521019026,2.3209655831692783e-07
EFT:6.954358881292877e-08,3.1659096786476384e-13,5.3720873876736835e-08,1.1926511593113524e-07,3.746506396423931e-08,0.0029347867604856566,0.00023794904609431895,3.213323267755067e-17,0.9968267521019026,2.3209655831692783e-07
Random609
Raw:6.954358881292828e-08,3.1659096786476384e-13,5.3720873876736835e-08,1.1926511593113524e-07,3.746506396423931e-08,0.0029347867604856566,0.00023794904609431895,3.213323267755067e-17,0.9968267521019026,2.3209655831692783e-07
EFT:6.954358881292877e-08,3.1659096786476384e-13,5.3720873876736835e-08,1.1926511593113524e-07,3.746506396423931e-08,0.0029347867604856566,0.00023794904609431895,3.213323267755067e-17,0.9968267521019026,2.3209655831692783e-07
Random610
Raw:6.954358881292828e-08,3.165909678647616e-13,5.3720873876736835e-08,1.1926511593113524e-07,3.746506396423905e-08,0.002934786760485615,0.00023794904609431553,3.213323267755045e-17,0.9968267521019026,2.320965583169262e-07
EFT:6.954358881292877e-08,3.1659096786476384e-13,5.3720873876736835e-08,1.1926511593113524e-07,3.746506396423931e-08,0.0029347867604856566,0.00023794904609431895,3.213323267755067e-17,0.9968267521019026,2.3209655831692783e-07
Random611
Raw:6.954358881292877e-08,3.1659096786476616e-13,5.372087387673722e-08,1.192651159311361e-07,3.746506396423931e-08,0.0029347867604856566,0.00023794904609431895,3.213323267755067e-17,0.9968267521019026,2.3209655831692783e-07
EFT:6.954358881292877e-08,3.1659096786476384e-13,5.3720873876736835e-08,1.1926511593113524e-07,3.746506396423931e-08,0.0029347867604856566,0.00023794904609431895,3.213323267755067e-17,0.9968267521019026,2.3209655831692783e-07
Random612
Raw:6.954358881292828e-08,3.1659096786476616e-13,5.3720873876736835e-08,1.1926511593113524e-07,3.746506396423905e-08,0.002934786760485615,0.00023794904609431553,3.21332326775509e-17,0.9968267521019026,2.320965583169262e-07
EFT:6.954358881292877e-08,3.1659096786476384e-13,5.3720873876736835e-08,1.1926511593113524e-07,3.746506396423931e-08,0.0029347867604856566,0.00023794904609431895,3.213323267755067e-17,0.9968267521019026,2.3209655831692783e-07
Random613
Raw:6.954358881292877e-08,3.1659096786476616e-13,5.3720873876736835e-08,1.192651159311361e-07,3.746506396423905e-08,0.002934786760485615,0.00023794904609431553,3.21332326775509e-17,0.9968267521019026,2.320965583169262e-07
EFT:6.954358881292877e-08,3.1659096786476384e-13,5.3720873876736835e-08,1.1926511593113524e-07,3.746506396423931e-08,0.0029347867604856566,0.00023794904609431895,3.213323267755067e-17,0.9968267521019026,2.3209655831692783e-07
Random614
Raw:6.954358881292828e-08,3.165909678647616e-13,5.3720873876736835e-08,1.1926511593113524e-07,3.746506396423905e-08,0.002934786760485615,0.00023794904609431553,3.213323267755045e-17,0.9968267521019026,2.320965583169262e-07
EFT:6.954358881292877e-08,3.1659096786476384e-13,5.3720873876736835e-08,1.1926511593113524e-07,3.746506396423931e-08,0.0029347867604856566,0.00023794904609431895,3.213323267755067e-17,0.9968267521019026,2.3209655831692783e-07
Random615
Raw:6.954358881292926e-08,3.1659096786476616e-13,5.372087387673722e-08,1.192651159311361e-07,3.746506396423931e-08,0.0029347867604856566,0.00023794904609431895,3.213323267755067e-17,0.9968267521019026,2.3209655831692783e-07
EFT:6.954358881292877e-08,3.1659096786476384e-13,5.3720873876736835e-08,1.1926511593113524e-07,3.746506396423931e-08,0.0029347867604856566,0.00023794904609431895,3.213323267755067e-17,0.9968267521019026,2.3209655831692783e-07
Random616
Raw:6.954358881292828e-08,3.165909678647616e-13,5.3720873876736835e-08,1.1926511593113524e-07,3.746506396423905e-08,0.002934786760485615,0.00023794904609431553,3.213323267755045e-17,0.9968267521019026,2.320965583169262e-07
EFT:6.954358881292877e-08,3.1659096786476384e-13,5.3720873876736835e-08,1.1926511593113524e-07,3.746506396423931e-08,0.0029347867604856566,0.00023794904609431895,3.213323267755067e-17,0.9968267521019026,2.3209655831692783e-07
Random617
Raw:6.954358881292828e-08,3.1659096786476384e-13,5.372087387673645e-08,1.1926511593113524e-07,3.746506396423931e-08,0.002934786760485615,0.00023794904609431553,3.213323267755067e-17,0.9968267521019026,2.320965583169262e-07
EFT:6.954358881292877e-08,3.1659096786476384e-13,5.3720873876736835e-08,1.1926511593113524e-07,3.746506396423931e-08,0.0029347867604856566,0.00023794904609431895,3.213323267755067e-17,0.9968267521019026,2.3209655831692783e-07
Random618
Raw:6.954358881292828e-08,3.1659096786476616e-13,5.3720873876736835e-08,1.1926511593113524e-07,3.746506396423905e-08,0.002934786760485615,0.00023794904609431553,3.21332326775509e-17,0.9968267521019026,2.320965583169262e-07
EFT:6.954358881292877e-08,3.1659096786476384e-13,5.3720873876736835e-08,1.1926511593113524e-07,3.746506396423931e-08,0.0029347867604856566,0.00023794904609431895,3.213323267755067e-17,0.9968267521019026,2.3209655831692783e-07
Random619
Raw:6.954358881292926e-08,3.1659096786476384e-13,5.372087387673722e-08,1.192651159311361e-07,3.746506396423931e-08,0.0029347867604856566,0.00023794904609431895,3.213323267755045e-17,0.9968267521019026,2.320965583169262e-07
EFT:6.954358881292877e-08,3.1659096786476384e-13,5.3720873876736835e-08,1.1926511593113524e-07,3.746506396423931e-08,0.0029347867604856566,0.00023794904609431895,3.213323267755067e-17,0.9968267521019026,2.3209655831692783e-07
Random620
Raw:6.954358881292926e-08,3.1659096786476384e-13,5.372087387673722e-08,1.192651159311361e-07,3.746506396423931e-08,0.0029347867604856566,0.00023794904609431895,3.213323267755045e-17,0.9968267521019026,2.320965583169262e-07
EFT:6.954358881292877e-08,3.1659096786476384e-13,5.3720873876736835e-08,1.1926511593113524e-07,3.746506396423931e-08,0.0029347867604856566,0.00023794904609431895,3.213323267755067e-17,0.9968267521019026,2.3209655831692783e-07
Random621
Raw:6.954358881292926e-08,3.1659096786476616e-13,5.372087387673722e-08,1.192651159311361e-07,3.746506396423931e-08,0.0029347867604856566,0.00023794904609431895,3.21332326775509e-17,0.9968267521019026,2.320965583169262e-07
EFT:6.954358881292877e-08,3.1659096786476384e-13,5.3720873876736835e-08,1.1926511593113524e-07,3.746506396423931e-08,0.0029347867604856566,0.00023794904609431895,3.213323267755067e-17,0.9968267521019026,2.3209655831692783e-07
Random622
Raw:6.954358881292877e-08,3.1659096786476384e-13,5.372087387673722e-08,1.1926511593113524e-07,3.746506396423931e-08,0.0029347867604856566,0.00023794904609431895,3.213323267755045e-17,0.9968267521019026,2.320965583169262e-07
EFT:6.954358881292877e-08,3.1659096786476384e-13,5.3720873876736835e-08,1.1926511593113524e-07,3.746506396423931e-08,0.0029347867604856566,0.00023794904609431895,3.213323267755067e-17,0.9968267521019026,2.3209655831692783e-07
Random623
Raw:6.954358881292778e-08,3.165909678647616e-13,5.372087387673645e-08,1.1926511593113524e-07,3.7465063964238784e-08,0.002934786760485615,0.00023794904609431553,3.213323267755045e-17,0.9968267521019026,2.3209655831692453e-07
EFT:6.954358881292877e-08,3.1659096786476384e-13,5.3720873876736835e-08,1.1926511593113524e-07,3.746506396423931e-08,0.0029347867604856566,0.00023794904609431895,3.213323267755067e-17,0.9968267521019026,2.3209655831692783e-07
Random624
Raw:6.954358881292828e-08,3.165909678647616e-13,5.3720873876736835e-08,1.1926511593113524e-07,3.746506396423905e-08,0.002934786760485615,0.00023794904609431553,3.213323267755045e-17,0.9968267521019026,2.320965583169262e-07
EFT:6.954358881292877e-08,3.1659096786476384e-13,5.3720873876736835e-08,1.1926511593113524e-07,3.746506396423931e-08,0.0029347867604856566,0.00023794904609431895,3.213323267755067e-17,0.9968267521019026,2.3209655831692783e-07
Random625
Raw:6.954358881292877e-08,3.165909678647616e-13,5.3720873876736835e-08,1.1926511593113524e-07,3.746506396423931e-08,0.0029347867604856566,0.00023794904609431895,3.213323267755022e-17,0.9968267521019026,2.320965583169262e-07
EFT:6.954358881292877e-08,3.1659096786476384e-13,5.3720873876736835e-08,1.1926511593113524e-07,3.746506396423931e-08,0.0029347867604856566,0.00023794904609431895,3.213323267755067e-17,0.9968267521019026,2.3209655831692783e-07
Random626
Raw:6.954358881292828e-08,3.1659096786476384e-13,5.372087387673722e-08,1.192651159311361e-07,3.746506396423931e-08,0.0029347867604856566,0.00023794904609431895,3.213323267755045e-17,0.9968267521019026,2.320965583169262e-07
EFT:6.954358881292877e-08,3.1659096786476384e-13,5.3720873876736835e-08,1.1926511593113524e-07,3.746506396423931e-08,0.0029347867604856566,0.00023794904609431895,3.213323267755067e-17,0.9968267521019026,2.3209655831692783e-07
Random627
Raw:6.954358881292828e-08,3.165909678647616e-13,5.3720873876736835e-08,1.1926511593113524e-07,3.746506396423905e-08,0.002934786760485615,0.00023794904609431553,3.213323267755045e-17,0.9968267521019026,2.320965583169262e-07
EFT:6.954358881292877e-08,3.1659096786476384e-13,5.3720873876736835e-08,1.1926511593113524e-07,3.746506396423931e-08,0.0029347867604856566,0.00023794904609431895,3.213323267755067e-17,0.9968267521019026,2.3209655831692783e-07
Random628
Raw:6.954358881292828e-08,3.165909678647616e-13,5.3720873876736835e-08,1.1926511593113524e-07,3.746506396423905e-08,0.002934786760485615,0.00023794904609431553,3.213323267755045e-17,0.9968267521019026,2.320965583169262e-07
EFT:6.954358881292877e-08,3.1659096786476384e-13,5.3720873876736835e-08,1.1926511593113524e-07,3.746506396423931e-08,0.0029347867604856566,0.00023794904609431895,3.213323267755067e-17,0.9968267521019026,2.3209655831692783e-07
Random629
Raw:6.954358881292828e-08,3.1659096786476384e-13,5.3720873876736835e-08,1.1926511593113524e-07,3.746506396423905e-08,0.0029347867604856566,0.00023794904609431895,3.213323267755045e-17,0.9968267521019026,2.3209655831692453e-07
EFT:6.954358881292877e-08,3.1659096786476384e-13,5.3720873876736835e-08,1.1926511593113524e-07,3.746506396423931e-08,0.0029347867604856566,0.00023794904609431895,3.213323267755067e-17,0.9968267521019026,2.3209655831692783e-07
Random630
Raw:6.954358881292828e-08,3.165909678647616e-13,5.372087387673645e-08,1.192651159311344e-07,3.7465063964238784e-08,0.002934786760485615,0.00023794904609431553,3.213323267755045e-17,0.9968267521019026,2.3209655831692453e-07
EFT:6.954358881292877e-08,3.1659096786476384e-13,5.3720873876736835e-08,1.1926511593113524e-07,3.746506396423931e-08,0.0029347867604856566,0.00023794904609431895,3.213323267755067e-17,0.9968267521019026,2.3209655831692783e-07
Random631
Raw:6.954358881292828e-08,3.1659096786476616e-13,5.3720873876736835e-08,1.192651159311361e-07,3.746506396423931e-08,0.002934786760485615,0.00023794904609431553,3.213323267755113e-17,0.9968267521019026,2.3209655831692783e-07
EFT:6.954358881292877e-08,3.1659096786476384e-13,5.3720873876736835e-08,1.1926511593113524e-07,3.746506396423931e-08,0.0029347867604856566,0.00023794904609431895,3.213323267755067e-17,0.9968267521019026,2.3209655831692783e-07
Random632
Raw:6.954358881292877e-08,3.165909678647616e-13,5.3720873876736835e-08,1.1926511593113524e-07,3.746506396423931e-08,0.0029347867604856566,0.00023794904609431895,3.213323267755022e-17,0.9968267521019026,2.320965583169262e-07
EFT:6.954358881292877e-08,3.1659096786476384e-13,5.3720873876736835e-08,1.1926511593113524e-07,3.746506396423931e-08,0.0029347867604856566,0.00023794904609431895,3.213323267755067e-17,0.9968267521019026,2.3209655831692783e-07
Random633
Raw:6.954358881292828e-08,3.165909678647616e-13,5.372087387673645e-08,1.192651159311344e-07,3.746506396423931e-08,0.002934786760485615,0.00023794904609431553,3.213323267755022e-17,0.9968267521019026,2.320965583169262e-07
EFT:6.954358881292877e-08,3.1659096786476384e-13,5.3720873876736835e-08,1.1926511593113524e-07,3.746506396423931e-08,0.0029347867604856566,0.00023794904609431895,3.213323267755067e-17,0.9968267521019026,2.3209655831692783e-07
Random634
Raw:6.954358881292778e-08,3.1659096786475935e-13,5.372087387673645e-08,1.192651159311344e-07,3.7465063964238784e-08,0.002934786760485615,0.00023794904609431553,3.213323267754999e-17,0.9968267521019026,2.3209655831692453e-07
EFT:6.954358881292877e-08,3.1659096786476384e-13,5.3720873876736835e-08,1.1926511593113524e-07,3.746506396423931e-08,0.0029347867604856566,0.00023794904609431895,3.213323267755067e-17,0.9968267521019026,2.3209655831692783e-07
Random635
Raw:6.954358881292828e-08,3.1659096786476384e-13,5.3720873876736835e-08,1.1926511593113524e-07,3.746506396423905e-08,0.0029347867604856566,0.00023794904609431895,3.213323267755045e-17,0.9968267521019026,2.3209655831692453e-07
EFT:6.954358881292877e-08,3.1659096786476384e-13,5.3720873876736835e-08,1.1926511593113524e-07,3.746506396423931e-08,0.0029347867604856566,0.00023794904609431895,3.213323267755067e-17,0.9968267521019026,2.3209655831692783e-07
Random636
Raw:6.954358881292926e-08,3.1659096786476384e-13,5.372087387673722e-08,1.192651159311361e-07,3.746506396423931e-08,0.0029347867604856566,0.00023794904609431895,3.213323267755045e-17,0.9968267521019026,2.320965583169262e-07
EFT:6.954358881292877e-08,3.1659096786476384e-13,5.3720873876736835e-08,1.1926511593113524e-07,3.746506396423931e-08,0.0029347867604856566,0.00023794904609431895,3.213323267755067e-17,0.9968267521019026,2.3209655831692783e-07
Random637
Raw:6.954358881292828e-08,3.1659096786476616e-13,5.372087387673722e-08,1.192651159311361e-07,3.746506396423931e-08,0.0029347867604856566,0.00023794904609431553,3.21332326775509e-17,0.9968267521019026,2.3209655831692783e-07
EFT:6.954358881292877e-08,3.1659096786476384e-13,5.3720873876736835e-08,1.1926511593113524e-07,3.746506396423931e-08,0.0029347867604856566,0.00023794904609431895,3.213323267755067e-17,0.9968267521019026,2.3209655831692783e-07
Random638
Raw:6.954358881292926e-08,3.165909678647684e-13,5.372087387673722e-08,1.1926511593113694e-07,3.746506396423931e-08,0.0029347867604856566,0.00023794904609431895,3.213323267755113e-17,0.9968267521019026,2.3209655831692783e-07
EFT:6.954358881292877e-08,3.1659096786476384e-13,5.3720873876736835e-08,1.1926511593113524e-07,3.746506396423931e-08,0.0029347867604856566,0.00023794904609431895,3.213323267755067e-17,0.9968267521019026,2.3209655831692783e-07
Random639
Raw:6.954358881292926e-08,3.1659096786476384e-13,5.372087387673722e-08,1.1926511593113524e-07,3.746506396423931e-08,0.0029347867604856566,0.00023794904609431895,3.213323267755022e-17,0.9968267521019026,2.320965583169262e-07
EFT:6.954358881292877e-08,3.1659096786476384e-13,5.3720873876736835e-08,1.1926511593113524e-07,3.746506396423931e-08,0.0029347867604856566,0.00023794904609431895,3.213323267755067e-17,0.9968267521019026,2.3209655831692783e-07
Random640
Raw:6.954358881292828e-08,3.1659096786476384e-13,5.3720873876736835e-08,1.1926511593113524e-07,3.746506396423905e-08,0.0029347867604856566,0.00023794904609431895,3.213323267755045e-17,0.9968267521019026,2.3209655831692453e-07
EFT:6.954358881292877e-08,3.1659096786476384e-13,5.3720873876736835e-08,1.1926511593113524e-07,3.746506396423931e-08,0.0029347867604856566,0.00023794904609431895,3.213323267755067e-17,0.9968267521019026,2.3209655831692783e-07
Random641
Raw:6.954358881292877e-08,3.1659096786476616e-13,5.372087387673722e-08,1.192651159311361e-07,3.746506396423931e-08,0.0029347867604856566,0.00023794904609431895,3.213323267755067e-17,0.9968267521019026,2.3209655831692783e-07
EFT:6.954358881292877e-08,3.1659096786476384e-13,5.3720873876736835e-08,1.1926511593113524e-07,3.746506396423931e-08,0.0029347867604856566,0.00023794904609431895,3.213323267755067e-17,0.9968267521019026,2.3209655831692783e-07
Random642
Raw:6.954358881292926e-08,3.1659096786476616e-13,5.372087387673722e-08,1.192651159311361e-07,3.746506396423957e-08,0.0029347867604856566,0.00023794904609431895,3.213323267755067e-17,0.9968267521019026,2.3209655831692783e-07
EFT:6.954358881292877e-08,3.1659096786476384e-13,5.3720873876736835e-08,1.1926511593113524e-07,3.746506396423931e-08,0.0029347867604856566,0.00023794904609431895,3.213323267755067e-17,0.9968267521019026,2.3209655831692783e-07
Random643
Raw:6.954358881292926e-08,3.1659096786476616e-13,5.372087387673722e-08,1.192651159311361e-07,3.746506396423931e-08,0.0029347867604856566,0.0002379490460943223,3.213323267755045e-17,0.9968267521019026,2.320965583169262e-07
EFT:6.954358881292877e-08,3.1659096786476384e-13,5.3720873876736835e-08,1.1926511593113524e-07,3.746506396423931e-08,0.0029347867604856566,0.00023794904609431895,3.213323267755067e-17,0.9968267521019026,2.3209655831692783e-07
Random644
Raw:6.954358881292828e-08,3.1659096786476384e-13,5.3720873876736835e-08,1.1926511593113524e-07,3.746506396423931e-08,0.0029347867604856566,0.00023794904609431895,3.213323267755067e-17,0.9968267521019026,2.3209655831692783e-07
EFT:6.954358881292877e-08,3.1659096786476384e-13,5.3720873876736835e-08,1.1926511593113524e-07,3.746506396423931e-08,0.0029347867604856566,0.00023794904609431895,3.213323267755067e-17,0.9968267521019026,2.3209655831692783e-07
Random645
Raw:6.954358881292877e-08,3.1659096786476616e-13,5.372087387673722e-08,1.192651159311361e-07,3.746506396423931e-08,0.0029347867604856566,0.00023794904609431895,3.21332326775509e-17,0.9968267521019026,2.3209655831692783e-07
EFT:6.954358881292877e-08,3.1659096786476384e-13,5.3720873876736835e-08,1.1926511593113524e-07,3.746506396423931e-08,0.0029347867604856566,0.00023794904609431895,3.213323267755067e-17,0.9968267521019026,2.3209655831692783e-07
Random646
Raw:6.954358881292828e-08,3.165909678647616e-13,5.3720873876736835e-08,1.1926511593113524e-07,3.746506396423905e-08,0.002934786760485615,0.00023794904609431553,3.213323267755045e-17,0.9968267521019026,2.320965583169262e-07
EFT:6.954358881292877e-08,3.1659096786476384e-13,5.3720873876736835e-08,1.1926511593113524e-07,3.746506396423931e-08,0.0029347867604856566,0.00023794904609431895,3.213323267755067e-17,0.9968267521019026,2.3209655831692783e-07
Random647
Raw:6.954358881292778e-08,3.1659096786475935e-13,5.372087387673645e-08,1.192651159311344e-07,3.7465063964238784e-08,0.002934786760485615,0.00023794904609431553,3.213323267754999e-17,0.9968267521019026,2.3209655831692453e-07
EFT:6.954358881292877e-08,3.1659096786476384e-13,5.3720873876736835e-08,1.1926511593113524e-07,3.746506396423931e-08,0.0029347867604856566,0.00023794904609431895,3.213323267755067e-17,0.9968267521019026,2.3209655831692783e-07
Random648
Raw:6.954358881292828e-08,3.165909678647616e-13,5.3720873876736835e-08,1.1926511593113524e-07,3.746506396423905e-08,0.002934786760485615,0.00023794904609431553,3.213323267755045e-17,0.9968267521019026,2.320965583169262e-07
EFT:6.954358881292877e-08,3.1659096786476384e-13,5.3720873876736835e-08,1.1926511593113524e-07,3.746506396423931e-08,0.0029347867604856566,0.00023794904609431895,3.213323267755067e-17,0.9968267521019026,2.3209655831692783e-07
Random649
Raw:6.954358881292828e-08,3.1659096786476384e-13,5.3720873876736835e-08,1.1926511593113524e-07,3.746506396423905e-08,0.0029347867604856566,0.00023794904609431895,3.213323267755045e-17,0.9968267521019026,2.320965583169262e-07
EFT:6.954358881292877e-08,3.1659096786476384e-13,5.3720873876736835e-08,1.1926511593113524e-07,3.746506396423931e-08,0.0029347867604856566,0.00023794904609431895,3.213323267755067e-17,0.9968267521019026,2.3209655831692783e-07
Random650
Raw:6.954358881292926e-08,3.1659096786476616e-13,5.372087387673722e-08,1.192651159311361e-07,3.746506396423957e-08,0.0029347867604856566,0.00023794904609431895,3.213323267755067e-17,0.9968267521019026,2.3209655831692948e-07
EFT:6.954358881292877e-08,3.1659096786476384e-13,5.3720873876736835e-08,1.1926511593113524e-07,3.746506396423931e-08,0.0029347867604856566,0.00023794904609431895,3.213323267755067e-17,0.9968267521019026,2.3209655831692783e-07
Random651
Raw:6.954358881292828e-08,3.165909678647616e-13,5.3720873876736835e-08,1.1926511593113524e-07,3.746506396423905e-08,0.0029347867604856566,0.00023794904609431895,3.213323267754999e-17,0.9968267521019026,2.3209655831692453e-07
EFT:6.954358881292877e-08,3.1659096786476384e-13,5.3720873876736835e-08,1.1926511593113524e-07,3.746506396423931e-08,0.0029347867604856566,0.00023794904609431895,3.213323267755067e-17,0.9968267521019026,2.3209655831692783e-07
Random652
Raw:6.954358881292877e-08,3.1659096786476616e-13,5.372087387673722e-08,1.192651159311361e-07,3.746506396423931e-08,0.002934786760485615,0.00023794904609431553,3.213323267755113e-17,0.9968267521019026,2.3209655831692948e-07
EFT:6.954358881292877e-08,3.1659096786476384e-13,5.3720873876736835e-08,1.1926511593113524e-07,3.746506396423931e-08,0.0029347867604856566,0.00023794904609431895,3.213323267755067e-17,0.9968267521019026,2.3209655831692783e-07
Random653
Raw:6.954358881292926e-08,3.1659096786476616e-13,5.372087387673722e-08,1.192651159311361e-07,3.746506396423931e-08,0.0029347867604856566,0.00023794904609431895,3.21332326775509e-17,0.9968267521019026,2.3209655831692783e-07
EFT:6.954358881292877e-08,3.1659096786476384e-13,5.3720873876736835e-08,1.1926511593113524e-07,3.746506396423931e-08,0.0029347867604856566,0.00023794904609431895,3.213323267755067e-17,0.9968267521019026,2.3209655831692783e-07
Random654
Raw:6.954358881292926e-08,3.1659096786476616e-13,5.372087387673722e-08,1.192651159311361e-07,3.746506396423931e-08,0.0029347867604856566,0.00023794904609431895,3.21332326775509e-17,0.9968267521019026,2.320965583169262e-07
EFT:6.954358881292877e-08,3.1659096786476384e-13,5.3720873876736835e-08,1.1926511593113524e-07,3.746506396423931e-08,0.0029347867604856566,0.00023794904609431895,3.213323267755067e-17,0.9968267521019026,2.3209655831692783e-07
Random655
Raw:6.954358881292828e-08,3.1659096786476384e-13,5.3720873876736835e-08,1.1926511593113524e-07,3.746506396423931e-08,0.002934786760485615,0.00023794904609431553,3.213323267755067e-17,0.9968267521019026,2.320965583169262e-07
EFT:6.954358881292877e-08,3.1659096786476384e-13,5.3720873876736835e-08,1.1926511593113524e-07,3.746506396423931e-08,0.0029347867604856566,0.00023794904609431895,3.213323267755067e-17,0.9968267521019026,2.3209655831692783e-07
Random656
Raw:6.954358881292778e-08,3.1659096786475935e-13,5.372087387673645e-08,1.192651159311344e-07,3.7465063964238784e-08,0.002934786760485615,0.00023794904609431553,3.213323267754999e-17,0.9968267521019026,2.3209655831692453e-07
EFT:6.954358881292877e-08,3.1659096786476384e-13,5.3720873876736835e-08,1.1926511593113524e-07,3.746506396423931e-08,0.0029347867604856566,0.00023794904609431895,3.213323267755067e-17,0.9968267521019026,2.3209655831692783e-07
Random657
Raw:6.954358881292877e-08,3.1659096786476384e-13,5.3720873876736835e-08,1.1926511593113524e-07,3.746506396423931e-08,0.0029347867604856566,0.00023794904609431895,3.213323267755067e-17,0.9968267521019026,2.3209655831692783e-07
EFT:6.954358881292877e-08,3.1659096786476384e-13,5.3720873876736835e-08,1.1926511593113524e-07,3.746506396423931e-08,0.0029347867604856566,0.00023794904609431895,3.213323267755067e-17,0.9968267521019026,2.3209655831692783e-07
Random658
Raw:6.954358881292877e-08,3.1659096786476384e-13,5.3720873876736835e-08,1.1926511593113524e-07,3.746506396423931e-08,0.0029347867604856566,0.00023794904609431895,3.213323267755067e-17,0.9968267521019026,2.3209655831692783e-07
EFT:6.954358881292877e-08,3.1659096786476384e-13,5.3720873876736835e-08,1.1926511593113524e-07,3.746506396423931e-08,0.0029347867604856566,0.00023794904609431895,3.213323267755067e-17,0.9968267521019026,2.3209655831692783e-07
Random659
Raw:6.954358881292926e-08,3.1659096786476616e-13,5.372087387673722e-08,1.192651159311361e-07,3.746506396423957e-08,0.0029347867604856566,0.00023794904609431895,3.213323267755067e-17,0.9968267521019026,2.3209655831692948e-07
EFT:6.954358881292877e-08,3.1659096786476384e-13,5.3720873876736835e-08,1.1926511593113524e-07,3.746506396423931e-08,0.0029347867604856566,0.00023794904609431895,3.213323267755067e-17,0.9968267521019026,2.3209655831692783e-07
Random660
Raw:6.954358881292828e-08,3.1659096786476616e-13,5.3720873876736835e-08,1.1926511593113524e-07,3.746506396423905e-08,0.002934786760485615,0.00023794904609431553,3.21332326775509e-17,0.9968267521019026,2.320965583169262e-07
EFT:6.954358881292877e-08,3.1659096786476384e-13,5.3720873876736835e-08,1.1926511593113524e-07,3.746506396423931e-08,0.0029347867604856566,0.00023794904609431895,3.213323267755067e-17,0.9968267521019026,2.3209655831692783e-07
Random661
Raw:6.954358881292828e-08,3.1659096786476384e-13,5.372087387673722e-08,1.192651159311361e-07,3.746506396423931e-08,0.0029347867604856566,0.00023794904609431553,3.213323267755045e-17,0.9968267521019026,2.320965583169262e-07
EFT:6.954358881292877e-08,3.1659096786476384e-13,5.3720873876736835e-08,1.1926511593113524e-07,3.746506396423931e-08,0.0029347867604856566,0.00023794904609431895,3.213323267755067e-17,0.9968267521019026,2.3209655831692783e-07
Random662
Raw:6.954358881292828e-08,3.1659096786476384e-13,5.372087387673722e-08,1.192651159311361e-07,3.746506396423931e-08,0.0029347867604856566,0.00023794904609431553,3.213323267755045e-17,0.9968267521019026,2.320965583169262e-07
EFT:6.954358881292877e-08,3.1659096786476384e-13,5.3720873876736835e-08,1.1926511593113524e-07,3.746506396423931e-08,0.0029347867604856566,0.00023794904609431895,3.213323267755067e-17,0.9968267521019026,2.3209655831692783e-07
Random663
Raw:6.954358881292828e-08,3.1659096786476384e-13,5.3720873876736835e-08,1.1926511593113524e-07,3.746506396423931e-08,0.002934786760485615,0.00023794904609431553,3.213323267755067e-17,0.9968267521019026,2.320965583169262e-07
EFT:6.954358881292877e-08,3.1659096786476384e-13,5.3720873876736835e-08,1.1926511593113524e-07,3.746506396423931e-08,0.0029347867604856566,0.00023794904609431895,3.213323267755067e-17,0.9968267521019026,2.3209655831692783e-07
Random664
Raw:6.954358881292926e-08,3.1659096786477066e-13,5.3720873876737596e-08,1.192651159311378e-07,3.746506396423931e-08,0.0029347867604856566,0.00023794904609431895,3.2133232677551816e-17,0.9968267521019026,2.3209655831692948e-07
EFT:6.954358881292877e-08,3.1659096786476384e-13,5.3720873876736835e-08,1.1926511593113524e-07,3.746506396423931e-08,0.0029347867604856566,0.00023794904609431895,3.213323267755067e-17,0.9968267521019026,2.3209655831692783e-07
Random665
Raw:6.954358881292828e-08,3.165909678647616e-13,5.3720873876736835e-08,1.1926511593113524e-07,3.746506396423905e-08,0.002934786760485615,0.00023794904609431553,3.213323267755045e-17,0.9968267521019026,2.320965583169262e-07
EFT:6.954358881292877e-08,3.1659096786476384e-13,5.3720873876736835e-08,1.1926511593113524e-07,3.746506396423931e-08,0.0029347867604856566,0.00023794904609431895,3.213323267755067e-17,0.9968267521019026,2.3209655831692783e-07
Random666
Raw:6.954358881292877e-08,3.1659096786476384e-13,5.3720873876736835e-08,1.1926511593113524e-07,3.746506396423905e-08,0.0029347867604856566,0.00023794904609431895,3.213323267755045e-17,0.9968267521019026,2.320965583169262e-07
EFT:6.954358881292877e-08,3.1659096786476384e-13,5.3720873876736835e-08,1.1926511593113524e-07,3.746506396423931e-08,0.0029347867604856566,0.00023794904609431895,3.213323267755067e-17,0.9968267521019026,2.3209655831692783e-07
Random667
Raw:6.954358881292877e-08,3.1659096786476616e-13,5.372087387673722e-08,1.192651159311361e-07,3.746506396423931e-08,0.0029347867604856566,0.00023794904609431895,3.213323267755067e-17,0.9968267521019026,2.320965583169262e-07
EFT:6.954358881292877e-08,3.1659096786476384e-13,5.3720873876736835e-08,1.1926511593113524e-07,3.746506396423931e-08,0.0029347867604856566,0.00023794904609431895,3.213323267755067e-17,0.9968267521019026,2.3209655831692783e-07
Random668
Raw:6.954358881292828e-08,3.165909678647616e-13,5.3720873876736835e-08,1.1926511593113524e-07,3.746506396423905e-08,0.002934786760485615,0.00023794904609431553,3.213323267755045e-17,0.9968267521019026,2.320965583169262e-07
EFT:6.954358881292877e-08,3.1659096786476384e-13,5.3720873876736835e-08,1.1926511593113524e-07,3.746506396423931e-08,0.0029347867604856566,0.00023794904609431895,3.213323267755067e-17,0.9968267521019026,2.3209655831692783e-07
Random669
Raw:6.954358881292926e-08,3.1659096786476616e-13,5.372087387673722e-08,1.192651159311361e-07,3.746506396423931e-08,0.0029347867604856566,0.00023794904609431895,3.21332326775509e-17,0.9968267521019026,2.3209655831692783e-07
EFT:6.954358881292877e-08,3.1659096786476384e-13,5.3720873876736835e-08,1.1926511593113524e-07,3.746506396423931e-08,0.0029347867604856566,0.00023794904609431895,3.213323267755067e-17,0.9968267521019026,2.3209655831692783e-07
Random670
Raw:6.954358881292926e-08,3.1659096786476616e-13,5.372087387673722e-08,1.192651159311361e-07,3.746506396423931e-08,0.0029347867604856566,0.00023794904609431895,3.213323267755067e-17,0.9968267521019026,2.3209655831692783e-07
EFT:6.954358881292877e-08,3.1659096786476384e-13,5.3720873876736835e-08,1.1926511593113524e-07,3.746506396423931e-08,0.0029347867604856566,0.00023794904609431895,3.213323267755067e-17,0.9968267521019026,2.3209655831692783e-07
Random671
Raw:6.954358881292828e-08,3.1659096786476384e-13,5.3720873876736835e-08,1.1926511593113524e-07,3.746506396423931e-08,0.002934786760485615,0.00023794904609431553,3.213323267755067e-17,0.9968267521019026,2.320965583169262e-07
EFT:6.954358881292877e-08,3.1659096786476384e-13,5.3720873876736835e-08,1.1926511593113524e-07,3.746506396423931e-08,0.0029347867604856566,0.00023794904609431895,3.213323267755067e-17,0.9968267521019026,2.3209655831692783e-07
Random672
Raw:6.954358881292877e-08,3.1659096786476384e-13,5.3720873876736835e-08,1.1926511593113524e-07,3.746506396423931e-08,0.0029347867604856566,0.00023794904609431895,3.213323267755067e-17,0.9968267521019026,2.3209655831692783e-07
EFT:6.954358881292877e-08,3.1659096786476384e-13,5.3720873876736835e-08,1.1926511593113524e-07,3.746506396423931e-08,0.0029347867604856566,0.00023794904609431895,3.213323267755067e-17,0.9968267521019026,2.3209655831692783e-07
Random673
Raw:6.954358881292877e-08,3.1659096786476384e-13,5.3720873876736835e-08,1.1926511593113524e-07,3.746506396423905e-08,0.0029347867604856566,0.00023794904609431895,3.213323267755045e-17,0.9968267521019026,2.320965583169262e-07
EFT:6.954358881292877e-08,3.1659096786476384e-13,5.3720873876736835e-08,1.1926511593113524e-07,3.746506396423931e-08,0.0029347867604856566,0.00023794904609431895,3.213323267755067e-17,0.9968267521019026,2.3209655831692783e-07
Random674
Raw:6.954358881292828e-08,3.165909678647616e-13,5.372087387673645e-08,1.192651159311344e-07,3.7465063964238784e-08,0.002934786760485615,0.00023794904609431895,3.213323267754999e-17,0.9968267521019026,2.3209655831692288e-07
EFT:6.954358881292877e-08,3.1659096786476384e-13,5.3720873876736835e-08,1.1926511593113524e-07,3.746506396423931e-08,0.0029347867604856566,0.00023794904609431895,3.213323267755067e-17,0.9968267521019026,2.3209655831692783e-07
Random675
Raw:6.954358881292926e-08,3.165909678647684e-13,5.3720873876737596e-08,1.1926511593113694e-07,3.746506396423957e-08,0.0029347867604856566,0.00023794904609431895,3.213323267755113e-17,0.9968267521019026,2.3209655831692948e-07
EFT:6.954358881292877e-08,3.1659096786476384e-13,5.3720873876736835e-08,1.1926511593113524e-07,3.746506396423931e-08,0.0029347867604856566,0.00023794904609431895,3.213323267755067e-17,0.9968267521019026,2.3209655831692783e-07
Random676
Raw:6.954358881292828e-08,3.1659096786476384e-13,5.372087387673645e-08,1.1926511593113524e-07,3.746506396423931e-08,0.002934786760485615,0.00023794904609431553,3.213323267755067e-17,0.9968267521019026,2.320965583169262e-07
EFT:6.954358881292877e-08,3.1659096786476384e-13,5.3720873876736835e-08,1.1926511593113524e-07,3.746506396423931e-08,0.0029347867604856566,0.00023794904609431895,3.213323267755067e-17,0.9968267521019026,2.3209655831692783e-07
Random677
Raw:6.954358881292778e-08,3.165909678647616e-13,5.372087387673645e-08,1.192651159311344e-07,3.7465063964238784e-08,0.002934786760485615,0.00023794904609431553,3.213323267754999e-17,0.9968267521019026,2.3209655831692453e-07
EFT:6.954358881292877e-08,3.1659096786476384e-13,5.3720873876736835e-08,1.1926511593113524e-07,3.746506396423931e-08,0.0029347867604856566,0.00023794904609431895,3.213323267755067e-17,0.9968267521019026,2.3209655831692783e-07
Random678
Raw:6.954358881292926e-08,3.1659096786477066e-13,5.372087387673722e-08,1.1926511593113694e-07,3.746506396423931e-08,0.0029347867604856566,0.00023794904609431553,3.213323267755159e-17,0.9968267521019026,2.3209655831692948e-07
EFT:6.954358881292877e-08,3.1659096786476384e-13,5.3720873876736835e-08,1.1926511593113524e-07,3.746506396423931e-08,0.0029347867604856566,0.00023794904609431895,3.213323267755067e-17,0.9968267521019026,2.3209655831692783e-07
Random679
Raw:6.954358881292926e-08,3.1659096786476616e-13,5.372087387673722e-08,1.192651159311361e-07,3.746506396423931e-08,0.0029347867604856566,0.00023794904609431895,3.21332326775509e-17,0.9968267521019026,2.320965583169262e-07
EFT:6.954358881292877e-08,3.1659096786476384e-13,5.3720873876736835e-08,1.1926511593113524e-07,3.746506396423931e-08,0.0029347867604856566,0.00023794904609431895,3.213323267755067e-17,0.9968267521019026,2.3209655831692783e-07
Random680
Raw:6.954358881292828e-08,3.165909678647616e-13,5.372087387673645e-08,1.192651159311344e-07,3.7465063964238784e-08,0.002934786760485615,0.00023794904609431553,3.213323267755045e-17,0.9968267521019026,2.3209655831692453e-07
EFT:6.954358881292877e-08,3.1659096786476384e-13,5.3720873876736835e-08,1.1926511593113524e-07,3.746506396423931e-08,0.0029347867604856566,0.00023794904609431895,3.213323267755067e-17,0.9968267521019026,2.3209655831692783e-07
Random681
Raw:6.954358881292926e-08,3.1659096786476616e-13,5.372087387673722e-08,1.192651159311361e-07,3.746506396423957e-08,0.0029347867604856566,0.00023794904609431895,3.213323267755067e-17,0.9968267521019026,2.3209655831692783e-07
EFT:6.954358881292877e-08,3.1659096786476384e-13,5.3720873876736835e-08,1.1926511593113524e-07,3.746506396423931e-08,0.0029347867604856566,0.00023794904609431895,3.213323267755067e-17,0.9968267521019026,2.3209655831692783e-07
Random682
Raw:6.954358881292877e-08,3.1659096786476616e-13,5.372087387673722e-08,1.192651159311361e-07,3.746506396423931e-08,0.0029347867604856566,0.00023794904609431895,3.21332326775509e-17,0.9968267521019026,2.3209655831692783e-07
EFT:6.954358881292877e-08,3.1659096786476384e-13,5.3720873876736835e-08,1.1926511593113524e-07,3.746506396423931e-08,0.0029347867604856566,0.00023794904609431895,3.213323267755067e-17,0.9968267521019026,2.3209655831692783e-07
Random683
Raw:6.954358881292778e-08,3.165909678647616e-13,5.372087387673645e-08,1.1926511593113524e-07,3.7465063964238784e-08,0.002934786760485615,0.00023794904609431553,3.213323267755045e-17,0.9968267521019026,2.3209655831692453e-07
EFT:6.954358881292877e-08,3.1659096786476384e-13,5.3720873876736835e-08,1.1926511593113524e-07,3.746506396423931e-08,0.0029347867604856566,0.00023794904609431895,3.213323267755067e-17,0.9968267521019026,2.3209655831692783e-07
Random684
Raw:6.954358881292877e-08,3.1659096786476616e-13,5.3720873876736835e-08,1.192651159311361e-07,3.746506396423905e-08,0.002934786760485615,0.00023794904609431553,3.21332326775509e-17,0.9968267521019026,2.320965583169262e-07
EFT:6.954358881292877e-08,3.1659096786476384e-13,5.3720873876736835e-08,1.1926511593113524e-07,3.746506396423931e-08,0.0029347867604856566,0.00023794904609431895,3.213323267755067e-17,0.9968267521019026,2.3209655831692783e-07
Random685
Raw:6.954358881292926e-08,3.1659096786476616e-13,5.372087387673722e-08,1.192651159311361e-07,3.746506396423957e-08,0.0029347867604856566,0.00023794904609431895,3.213323267755067e-17,0.9968267521019026,2.3209655831692783e-07
EFT:6.954358881292877e-08,3.1659096786476384e-13,5.3720873876736835e-08,1.1926511593113524e-07,3.746506396423931e-08,0.0029347867604856566,0.00023794904609431895,3.213323267755067e-17,0.9968267521019026,2.3209655831692783e-07
Random686
Raw:6.954358881292828e-08,3.1659096786476384e-13,5.3720873876736835e-08,1.1926511593113524e-07,3.746506396423931e-08,0.0029347867604856566,0.00023794904609431895,3.213323267755067e-17,0.9968267521019026,2.3209655831692783e-07
EFT:6.954358881292877e-08,3.1659096786476384e-13,5.3720873876736835e-08,1.1926511593113524e-07,3.746506396423931e-08,0.0029347867604856566,0.00023794904609431895,3.213323267755067e-17,0.9968267521019026,2.3209655831692783e-07
Random687
Raw:6.954358881292828e-08,3.1659096786476384e-13,5.372087387673645e-08,1.1926511593113524e-07,3.746506396423931e-08,0.002934786760485615,0.00023794904609431553,3.213323267755067e-17,0.9968267521019026,2.320965583169262e-07
EFT:6.954358881292877e-08,3.1659096786476384e-13,5.3720873876736835e-08,1.1926511593113524e-07,3.746506396423931e-08,0.0029347867604856566,0.00023794904609431895,3.213323267755067e-17,0.9968267521019026,2.3209655831692783e-07
Random688
Raw:6.954358881292828e-08,3.1659096786476384e-13,5.372087387673645e-08,1.1926511593113524e-07,3.746506396423931e-08,0.002934786760485615,0.00023794904609431553,3.213323267755067e-17,0.9968267521019026,2.320965583169262e-07
EFT:6.954358881292877e-08,3.1659096786476384e-13,5.3720873876736835e-08,1.1926511593113524e-07,3.746506396423931e-08,0.0029347867604856566,0.00023794904609431895,3.213323267755067e-17,0.9968267521019026,2.3209655831692783e-07
Random689
Raw:6.954358881292926e-08,3.1659096786476616e-13,5.372087387673722e-08,1.192651159311361e-07,3.746506396423931e-08,0.0029347867604856566,0.00023794904609431895,3.213323267755067e-17,0.9968267521019026,2.3209655831692783e-07
EFT:6.954358881292877e-08,3.1659096786476384e-13,5.3720873876736835e-08,1.1926511593113524e-07,3.746506396423931e-08,0.0029347867604856566,0.00023794904609431895,3.213323267755067e-17,0.9968267521019026,2.3209655831692783e-07
Random690
Raw:6.954358881292926e-08,3.1659096786476384e-13,5.372087387673722e-08,1.192651159311361e-07,3.746506396423931e-08,0.0029347867604856566,0.00023794904609431895,3.213323267755045e-17,0.9968267521019026,2.320965583169262e-07
EFT:6.954358881292877e-08,3.1659096786476384e-13,5.3720873876736835e-08,1.1926511593113524e-07,3.746506396423931e-08,0.0029347867604856566,0.00023794904609431895,3.213323267755067e-17,0.9968267521019026,2.3209655831692783e-07
Random691
Raw:6.954358881292926e-08,3.1659096786476616e-13,5.372087387673722e-08,1.192651159311361e-07,3.746506396423931e-08,0.0029347867604856566,0.00023794904609431895,3.213323267755113e-17,0.9968267521019026,2.3209655831692783e-07
EFT:6.954358881292877e-08,3.1659096786476384e-13,5.3720873876736835e-08,1.1926511593113524e-07,3.746506396423931e-08,0.0029347867604856566,0.00023794904609431895,3.213323267755067e-17,0.9968267521019026,2.3209655831692783e-07
Random692
Raw:6.954358881292877e-08,3.1659096786476616e-13,5.372087387673722e-08,1.192651159311361e-07,3.746506396423957e-08,0.0029347867604856566,0.00023794904609431553,3.213323267755113e-17,0.9968267521019026,2.3209655831692948e-07
EFT:6.954358881292877e-08,3.1659096786476384e-13,5.3720873876736835e-08,1.1926511593113524e-07,3.746506396423931e-08,0.0029347867604856566,0.00023794904609431895,3.213323267755067e-17,0.9968267521019026,2.3209655831692783e-07
Random693
Raw:6.954358881292828e-08,3.1659096786476384e-13,5.3720873876736835e-08,1.1926511593113524e-07,3.746506396423931e-08,0.002934786760485615,0.00023794904609431553,3.213323267755067e-17,0.9968267521019026,2.320965583169262e-07
EFT:6.954358881292877e-08,3.1659096786476384e-13,5.3720873876736835e-08,1.1926511593113524e-07,3.746506396423931e-08,0.0029347867604856566,0.00023794904609431895,3.213323267755067e-17,0.9968267521019026,2.3209655831692783e-07
Random694
Raw:6.954358881292828e-08,3.1659096786476616e-13,5.3720873876736835e-08,1.192651159311361e-07,3.746506396423905e-08,0.002934786760485615,0.00023794904609431553,3.213323267755136e-17,0.9968267521019026,2.320965583169262e-07
EFT:6.954358881292877e-08,3.1659096786476384e-13,5.3720873876736835e-08,1.1926511593113524e-07,3.746506396423931e-08,0.0029347867604856566,0.00023794904609431895,3.213323267755067e-17,0.9968267521019026,2.3209655831692783e-07
Random695
Raw:6.954358881292828e-08,3.165909678647616e-13,5.3720873876736835e-08,1.1926511593113524e-07,3.746506396423905e-08,0.0029347867604856566,0.00023794904609431895,3.213323267754999e-17,0.9968267521019026,2.3209655831692453e-07
EFT:6.954358881292877e-08,3.1659096786476384e-13,5.3720873876736835e-08,1.1926511593113524e-07,3.746506396423931e-08,0.0029347867604856566,0.00023794904609431895,3.213323267755067e-17,0.9968267521019026,2.3209655831692783e-07
Random696
Raw:6.954358881292828e-08,3.1659096786476616e-13,5.372087387673722e-08,1.192651159311361e-07,3.746506396423931e-08,0.0029347867604856566,0.00023794904609431553,3.21332326775509e-17,0.9968267521019026,2.3209655831692783e-07
EFT:6.954358881292877e-08,3.1659096786476384e-13,5.3720873876736835e-08,1.1926511593113524e-07,3.746506396423931e-08,0.0029347867604856566,0.00023794904609431895,3.213323267755067e-17,0.9968267521019026,2.3209655831692783e-07
Random697
Raw:6.954358881292877e-08,3.1659096786476616e-13,5.3720873876736835e-08,1.192651159311361e-07,3.746506396423905e-08,0.002934786760485615,0.00023794904609431553,3.21332326775509e-17,0.9968267521019026,2.320965583169262e-07
EFT:6.954358881292877e-08,3.1659096786476384e-13,5.3720873876736835e-08,1.1926511593113524e-07,3.746506396423931e-08,0.0029347867604856566,0.00023794904609431895,3.213323267755067e-17,0.9968267521019026,2.3209655831692783e-07
Random698
Raw:6.954358881292877e-08,3.1659096786476384e-13,5.3720873876736835e-08,1.1926511593113524e-07,3.746506396423931e-08,0.0029347867604856566,0.00023794904609431895,3.213323267755022e-17,0.9968267521019026,2.320965583169262e-07
EFT:6.954358881292877e-08,3.1659096786476384e-13,5.3720873876736835e-08,1.1926511593113524e-07,3.746506396423931e-08,0.0029347867604856566,0.00023794904609431895,3.213323267755067e-17,0.9968267521019026,2.3209655831692783e-07
Random699
Raw:6.954358881292877e-08,3.1659096786476616e-13,5.372087387673722e-08,1.192651159311361e-07,3.746506396423931e-08,0.002934786760485615,0.00023794904609431895,3.21332326775509e-17,0.9968267521019026,2.320965583169262e-07
EFT:6.954358881292877e-08,3.1659096786476384e-13,5.3720873876736835e-08,1.1926511593113524e-07,3.746506396423931e-08,0.0029347867604856566,0.00023794904609431895,3.213323267755067e-17,0.9968267521019026,2.3209655831692783e-07
Random700
Raw:6.954358881292877e-08,3.1659096786476616e-13,5.372087387673722e-08,1.192651159311361e-07,3.746506396423931e-08,0.0029347867604856566,0.00023794904609431895,3.213323267755067e-17,0.9968267521019026,2.3209655831692783e-07
EFT:6.954358881292877e-08,3.1659096786476384e-13,5.3720873876736835e-08,1.1926511593113524e-07,3.746506396423931e-08,0.0029347867604856566,0.00023794904609431895,3.213323267755067e-17,0.9968267521019026,2.3209655831692783e-07
Random701
Raw:6.954358881292877e-08,3.1659096786476384e-13,5.3720873876736835e-08,1.1926511593113524e-07,3.746506396423905e-08,0.0029347867604856566,0.00023794904609431895,3.213323267755045e-17,0.9968267521019026,2.320965583169262e-07
EFT:6.954358881292877e-08,3.1659096786476384e-13,5.3720873876736835e-08,1.1926511593113524e-07,3.746506396423931e-08,0.0029347867604856566,0.00023794904609431895,3.213323267755067e-17,0.9968267521019026,2.3209655831692783e-07
Random702
Raw:6.954358881292926e-08,3.1659096786476616e-13,5.372087387673722e-08,1.192651159311361e-07,3.746506396423957e-08,0.0029347867604856566,0.00023794904609431895,3.213323267755067e-17,0.9968267521019026,2.3209655831692783e-07
EFT:6.954358881292877e-08,3.1659096786476384e-13,5.3720873876736835e-08,1.1926511593113524e-07,3.746506396423931e-08,0.0029347867604856566,0.00023794904609431895,3.213323267755067e-17,0.9968267521019026,2.3209655831692783e-07
Random703
Raw:6.954358881292828e-08,3.1659096786476384e-13,5.3720873876736835e-08,1.1926511593113524e-07,3.746506396423931e-08,0.0029347867604856566,0.00023794904609431895,3.213323267755067e-17,0.9968267521019026,2.3209655831692783e-07
EFT:6.954358881292877e-08,3.1659096786476384e-13,5.3720873876736835e-08,1.1926511593113524e-07,3.746506396423931e-08,0.0029347867604856566,0.00023794904609431895,3.213323267755067e-17,0.9968267521019026,2.3209655831692783e-07
Random704
Raw:6.954358881292926e-08,3.1659096786476616e-13,5.372087387673722e-08,1.192651159311361e-07,3.746506396423957e-08,0.0029347867604856566,0.00023794904609431895,3.213323267755067e-17,0.9968267521019026,2.3209655831692948e-07
EFT:6.954358881292877e-08,3.1659096786476384e-13,5.3720873876736835e-08,1.1926511593113524e-07,3.746506396423931e-08,0.0029347867604856566,0.00023794904609431895,3.213323267755067e-17,0.9968267521019026,2.3209655831692783e-07
Random705
Raw:6.954358881292828e-08,3.165909678647616e-13,5.372087387673645e-08,1.192651159311344e-07,3.7465063964238784e-08,0.002934786760485615,0.00023794904609431553,3.213323267755045e-17,0.9968267521019026,2.3209655831692453e-07
EFT:6.954358881292877e-08,3.1659096786476384e-13,5.3720873876736835e-08,1.1926511593113524e-07,3.746506396423931e-08,0.0029347867604856566,0.00023794904609431895,3.213323267755067e-17,0.9968267521019026,2.3209655831692783e-07
Random706
Raw:6.954358881292828e-08,3.1659096786476384e-13,5.372087387673722e-08,1.192651159311361e-07,3.746506396423931e-08,0.0029347867604856566,0.00023794904609431895,3.213323267755045e-17,0.9968267521019026,2.320965583169262e-07
EFT:6.954358881292877e-08,3.1659096786476384e-13,5.3720873876736835e-08,1.1926511593113524e-07,3.746506396423931e-08,0.0029347867604856566,0.00023794904609431895,3.213323267755067e-17,0.9968267521019026,2.3209655831692783e-07
Random707
Raw:6.954358881292778e-08,3.1659096786475935e-13,5.372087387673645e-08,1.192651159311344e-07,3.7465063964238784e-08,0.002934786760485615,0.00023794904609431553,3.213323267754999e-17,0.9968267521019026,2.3209655831692453e-07
EFT:6.954358881292877e-08,3.1659096786476384e-13,5.3720873876736835e-08,1.1926511593113524e-07,3.746506396423931e-08,0.0029347867604856566,0.00023794904609431895,3.213323267755067e-17,0.9968267521019026,2.3209655831692783e-07
Random708
Raw:6.954358881292828e-08,3.1659096786476384e-13,5.372087387673722e-08,1.192651159311361e-07,3.746506396423931e-08,0.0029347867604856566,0.00023794904609431553,3.213323267755045e-17,0.9968267521019026,2.320965583169262e-07
EFT:6.954358881292877e-08,3.1659096786476384e-13,5.3720873876736835e-08,1.1926511593113524e-07,3.746506396423931e-08,0.0029347867604856566,0.00023794904609431895,3.213323267755067e-17,0.9968267521019026,2.3209655831692783e-07
Random709
Raw:6.954358881292877e-08,3.1659096786476384e-13,5.3720873876736835e-08,1.1926511593113524e-07,3.746506396423905e-08,0.0029347867604856566,0.00023794904609431895,3.213323267755045e-17,0.9968267521019026,2.320965583169262e-07
EFT:6.954358881292877e-08,3.1659096786476384e-13,5.3720873876736835e-08,1.1926511593113524e-07,3.746506396423931e-08,0.0029347867604856566,0.00023794904609431895,3.213323267755067e-17,0.9968267521019026,2.3209655831692783e-07
Random710
Raw:6.954358881292926e-08,3.1659096786476616e-13,5.372087387673722e-08,1.192651159311361e-07,3.746506396423931e-08,0.0029347867604856566,0.00023794904609431895,3.21332326775509e-17,0.9968267521019026,2.3209655831692783e-07
EFT:6.954358881292877e-08,3.1659096786476384e-13,5.3720873876736835e-08,1.1926511593113524e-07,3.746506396423931e-08,0.0029347867604856566,0.00023794904609431895,3.213323267755067e-17,0.9968267521019026,2.3209655831692783e-07
Random711
Raw:6.954358881292877e-08,3.1659096786476616e-13,5.3720873876736835e-08,1.192651159311361e-07,3.746506396423905e-08,0.002934786760485615,0.00023794904609431553,3.21332326775509e-17,0.9968267521019026,2.320965583169262e-07
EFT:6.954358881292877e-08,3.1659096786476384e-13,5.3720873876736835e-08,1.1926511593113524e-07,3.746506396423931e-08,0.0029347867604856566,0.00023794904609431895,3.213323267755067e-17,0.9968267521019026,2.3209655831692783e-07
Random712
Raw:6.954358881292828e-08,3.165909678647616e-13,5.372087387673722e-08,1.192651159311361e-07,3.746506396423931e-08,0.0029347867604856566,0.00023794904609431553,3.213323267755045e-17,0.9968267521019026,2.320965583169262e-07
EFT:6.954358881292877e-08,3.1659096786476384e-13,5.3720873876736835e-08,1.1926511593113524e-07,3.746506396423931e-08,0.0029347867604856566,0.00023794904609431895,3.213323267755067e-17,0.9968267521019026,2.3209655831692783e-07
Random713
Raw:6.954358881292926e-08,3.1659096786476616e-13,5.372087387673722e-08,1.192651159311361e-07,3.746506396423931e-08,0.0029347867604856566,0.00023794904609431895,3.21332326775509e-17,0.9968267521019026,2.3209655831692783e-07
EFT:6.954358881292877e-08,3.1659096786476384e-13,5.3720873876736835e-08,1.1926511593113524e-07,3.746506396423931e-08,0.0029347867604856566,0.00023794904609431895,3.213323267755067e-17,0.9968267521019026,2.3209655831692783e-07
Random714
Raw:6.954358881292828e-08,3.165909678647616e-13,5.372087387673645e-08,1.192651159311344e-07,3.7465063964238784e-08,0.002934786760485615,0.00023794904609431553,3.213323267755045e-17,0.9968267521019026,2.3209655831692453e-07
EFT:6.954358881292877e-08,3.1659096786476384e-13,5.3720873876736835e-08,1.1926511593113524e-07,3.746506396423931e-08,0.0029347867604856566,0.00023794904609431895,3.213323267755067e-17,0.9968267521019026,2.3209655831692783e-07
Random715
Raw:6.954358881292877e-08,3.1659096786476384e-13,5.3720873876736835e-08,1.1926511593113524e-07,3.746506396423931e-08,0.0029347867604856566,0.00023794904609431895,3.213323267755067e-17,0.9968267521019026,2.3209655831692783e-07
EFT:6.954358881292877e-08,3.1659096786476384e-13,5.3720873876736835e-08,1.1926511593113524e-07,3.746506396423931e-08,0.0029347867604856566,0.00023794904609431895,3.213323267755067e-17,0.9968267521019026,2.3209655831692783e-07
Random716
Raw:6.954358881292877e-08,3.1659096786476616e-13,5.372087387673722e-08,1.192651159311361e-07,3.746506396423931e-08,0.002934786760485615,0.00023794904609431895,3.21332326775509e-17,0.9968267521019026,2.320965583169262e-07
EFT:6.954358881292877e-08,3.1659096786476384e-13,5.3720873876736835e-08,1.1926511593113524e-07,3.746506396423931e-08,0.0029347867604856566,0.00023794904609431895,3.213323267755067e-17,0.9968267521019026,2.3209655831692783e-07
Random717
Raw:6.954358881292926e-08,3.1659096786476616e-13,5.372087387673722e-08,1.192651159311361e-07,3.746506396423957e-08,0.0029347867604856566,0.00023794904609431895,3.213323267755067e-17,0.9968267521019026,2.3209655831692948e-07
EFT:6.954358881292877e-08,3.1659096786476384e-13,5.3720873876736835e-08,1.1926511593113524e-07,3.746506396423931e-08,0.0029347867604856566,0.00023794904609431895,3.213323267755067e-17,0.9968267521019026,2.3209655831692783e-07
Random718
Raw:6.954358881292828e-08,3.1659096786476384e-13,5.3720873876736835e-08,1.1926511593113524e-07,3.746506396423931e-08,0.0029347867604856566,0.00023794904609431895,3.213323267755067e-17,0.9968267521019026,2.3209655831692783e-07
EFT:6.954358881292877e-08,3.1659096786476384e-13,5.3720873876736835e-08,1.1926511593113524e-07,3.746506396423931e-08,0.0029347867604856566,0.00023794904609431895,3.213323267755067e-17,0.9968267521019026,2.3209655831692783e-07
Random719
Raw:6.954358881292778e-08,3.165909678647616e-13,5.372087387673645e-08,1.192651159311344e-07,3.7465063964238784e-08,0.002934786760485615,0.00023794904609431553,3.213323267754999e-17,0.9968267521019026,2.3209655831692453e-07
EFT:6.954358881292877e-08,3.1659096786476384e-13,5.3720873876736835e-08,1.1926511593113524e-07,3.746506396423931e-08,0.0029347867604856566,0.00023794904609431895,3.213323267755067e-17,0.9968267521019026,2.3209655831692783e-07
Random720
Raw:6.954358881292976e-08,3.165909678647684e-13,5.3720873876737596e-08,1.1926511593113694e-07,3.746506396423957e-08,0.0029347867604856566,0.0002379490460943223,3.213323267755113e-17,0.9968267521019026,2.3209655831692948e-07
EFT:6.954358881292877e-08,3.1659096786476384e-13,5.3720873876736835e-08,1.1926511593113524e-07,3.746506396423931e-08,0.0029347867604856566,0.00023794904609431895,3.213323267755067e-17,0.9968267521019026,2.3209655831692783e-07
Random721
Raw:6.954358881292828e-08,3.165909678647616e-13,5.372087387673645e-08,1.192651159311344e-07,3.746506396423931e-08,0.002934786760485615,0.00023794904609431553,3.213323267755022e-17,0.9968267521019026,2.320965583169262e-07
EFT:6.954358881292877e-08,3.1659096786476384e-13,5.3720873876736835e-08,1.1926511593113524e-07,3.746506396423931e-08,0.0029347867604856566,0.00023794904609431895,3.213323267755067e-17,0.9968267521019026,2.3209655831692783e-07
Random722
Raw:6.954358881292926e-08,3.165909678647684e-13,5.3720873876737596e-08,1.1926511593113694e-07,3.746506396423957e-08,0.0029347867604856566,0.00023794904609431895,3.213323267755113e-17,0.9968267521019026,2.3209655831692948e-07
EFT:6.954358881292877e-08,3.1659096786476384e-13,5.3720873876736835e-08,1.1926511593113524e-07,3.746506396423931e-08,0.0029347867604856566,0.00023794904609431895,3.213323267755067e-17,0.9968267521019026,2.3209655831692783e-07
Random723
Raw:6.954358881292926e-08,3.165909678647684e-13,5.3720873876737596e-08,1.1926511593113694e-07,3.746506396423957e-08,0.0029347867604856566,0.00023794904609431895,3.213323267755113e-17,0.9968267521019026,2.3209655831692948e-07
EFT:6.954358881292877e-08,3.1659096786476384e-13,5.3720873876736835e-08,1.1926511593113524e-07,3.746506396423931e-08,0.0029347867604856566,0.00023794904609431895,3.213323267755067e-17,0.9968267521019026,2.3209655831692783e-07
Random724
Raw:6.954358881292926e-08,3.1659096786476616e-13,5.372087387673722e-08,1.192651159311361e-07,3.746506396423957e-08,0.0029347867604856566,0.00023794904609431895,3.213323267755067e-17,0.9968267521019026,2.3209655831692948e-07
EFT:6.954358881292877e-08,3.1659096786476384e-13,5.3720873876736835e-08,1.1926511593113524e-07,3.746506396423931e-08,0.0029347867604856566,0.00023794904609431895,3.213323267755067e-17,0.9968267521019026,2.3209655831692783e-07
Random725
Raw:6.954358881292877e-08,3.1659096786476616e-13,5.372087387673722e-08,1.192651159311361e-07,3.746506396423931e-08,0.0029347867604856566,0.00023794904609431895,3.213323267755067e-17,0.9968267521019026,2.3209655831692783e-07
EFT:6.954358881292877e-08,3.1659096786476384e-13,5.3720873876736835e-08,1.1926511593113524e-07,3.746506396423931e-08,0.0029347867604856566,0.00023794904609431895,3.213323267755067e-17,0.9968267521019026,2.3209655831692783e-07
Random726
Raw:6.954358881292877e-08,3.1659096786476384e-13,5.3720873876736835e-08,1.1926511593113524e-07,3.746506396423931e-08,0.0029347867604856566,0.00023794904609431895,3.213323267755067e-17,0.9968267521019026,2.3209655831692783e-07
EFT:6.954358881292877e-08,3.1659096786476384e-13,5.3720873876736835e-08,1.1926511593113524e-07,3.746506396423931e-08,0.0029347867604856566,0.00023794904609431895,3.213323267755067e-17,0.9968267521019026,2.3209655831692783e-07
Random727
Raw:6.954358881292828e-08,3.1659096786476616e-13,5.3720873876736835e-08,1.1926511593113524e-07,3.746506396423905e-08,0.002934786760485615,0.00023794904609431553,3.21332326775509e-17,0.9968267521019026,2.320965583169262e-07
EFT:6.954358881292877e-08,3.1659096786476384e-13,5.3720873876736835e-08,1.1926511593113524e-07,3.746506396423931e-08,0.0029347867604856566,0.00023794904609431895,3.213323267755067e-17,0.9968267521019026,2.3209655831692783e-07
Random728
Raw:6.954358881292828e-08,3.165909678647616e-13,5.372087387673722e-08,1.192651159311361e-07,3.746506396423931e-08,0.0029347867604856566,0.00023794904609431553,3.213323267755045e-17,0.9968267521019026,2.320965583169262e-07
EFT:6.954358881292877e-08,3.1659096786476384e-13,5.3720873876736835e-08,1.1926511593113524e-07,3.746506396423931e-08,0.0029347867604856566,0.00023794904609431895,3.213323267755067e-17,0.9968267521019026,2.3209655831692783e-07
Random729
Raw:6.954358881292877e-08,3.1659096786476616e-13,5.372087387673722e-08,1.192651159311361e-07,3.746506396423931e-08,0.0029347867604856566,0.00023794904609431895,3.213323267755067e-17,0.9968267521019026,2.320965583169262e-07
EFT:6.954358881292877e-08,3.1659096786476384e-13,5.3720873876736835e-08,1.1926511593113524e-07,3.746506396423931e-08,0.0029347867604856566,0.00023794904609431895,3.213323267755067e-17,0.9968267521019026,2.3209655831692783e-07
Random730
Raw:6.954358881292828e-08,3.165909678647616e-13,5.372087387673645e-08,1.192651159311344e-07,3.7465063964238784e-08,0.002934786760485615,0.00023794904609431553,3.213323267755045e-17,0.9968267521019026,2.3209655831692453e-07
EFT:6.954358881292877e-08,3.1659096786476384e-13,5.3720873876736835e-08,1.1926511593113524e-07,3.746506396423931e-08,0.0029347867604856566,0.00023794904609431895,3.213323267755067e-17,0.9968267521019026,2.3209655831692783e-07
Random731
Raw:6.954358881292877e-08,3.1659096786476616e-13,5.372087387673722e-08,1.192651159311361e-07,3.746506396423931e-08,0.0029347867604856566,0.00023794904609431895,3.213323267755067e-17,0.9968267521019026,2.3209655831692783e-07
EFT:6.954358881292877e-08,3.1659096786476384e-13,5.3720873876736835e-08,1.1926511593113524e-07,3.746506396423931e-08,0.0029347867604856566,0.00023794904609431895,3.213323267755067e-17,0.9968267521019026,2.3209655831692783e-07
Random732
Raw:6.954358881292877e-08,3.1659096786476616e-13,5.3720873876736835e-08,1.192651159311361e-07,3.746506396423905e-08,0.002934786760485615,0.00023794904609431553,3.21332326775509e-17,0.9968267521019026,2.320965583169262e-07
EFT:6.954358881292877e-08,3.1659096786476384e-13,5.3720873876736835e-08,1.1926511593113524e-07,3.746506396423931e-08,0.0029347867604856566,0.00023794904609431895,3.213323267755067e-17,0.9968267521019026,2.3209655831692783e-07
Random733
Raw:6.954358881292828e-08,3.1659096786476616e-13,5.372087387673722e-08,1.192651159311361e-07,3.746506396423931e-08,0.0029347867604856566,0.00023794904609431553,3.21332326775509e-17,0.9968267521019026,2.3209655831692783e-07
EFT:6.954358881292877e-08,3.1659096786476384e-13,5.3720873876736835e-08,1.1926511593113524e-07,3.746506396423931e-08,0.0029347867604856566,0.00023794904609431895,3.213323267755067e-17,0.9968267521019026,2.3209655831692783e-07
Random734
Raw:6.954358881292926e-08,3.1659096786476616e-13,5.3720873876737596e-08,1.192651159311361e-07,3.746506396423957e-08,0.0029347867604856983,0.0002379490460943223,3.213323267755067e-17,0.9968267521019026,2.3209655831692783e-07
EFT:6.954358881292877e-08,3.1659096786476384e-13,5.3720873876736835e-08,1.1926511593113524e-07,3.746506396423931e-08,0.0029347867604856566,0.00023794904609431895,3.213323267755067e-17,0.9968267521019026,2.3209655831692783e-07
Random735
Raw:6.954358881292877e-08,3.1659096786476616e-13,5.372087387673722e-08,1.192651159311361e-07,3.746506396423931e-08,0.0029347867604856566,0.00023794904609431895,3.213323267755067e-17,0.9968267521019026,2.3209655831692783e-07
EFT:6.954358881292877e-08,3.1659096786476384e-13,5.3720873876736835e-08,1.1926511593113524e-07,3.746506396423931e-08,0.0029347867604856566,0.00023794904609431895,3.213323267755067e-17,0.9968267521019026,2.3209655831692783e-07
Random736
Raw:6.954358881292828e-08,3.1659096786476384e-13,5.372087387673722e-08,1.192651159311361e-07,3.746506396423931e-08,0.0029347867604856566,0.00023794904609431895,3.213323267755045e-17,0.9968267521019026,2.320965583169262e-07
EFT:6.954358881292877e-08,3.1659096786476384e-13,5.3720873876736835e-08,1.1926511593113524e-07,3.746506396423931e-08,0.0029347867604856566,0.00023794904609431895,3.213323267755067e-17,0.9968267521019026,2.3209655831692783e-07
Random737
Raw:6.954358881292828e-08,3.1659096786476616e-13,5.372087387673722e-08,1.192651159311361e-07,3.746506396423931e-08,0.0029347867604856566,0.00023794904609431553,3.21332326775509e-17,0.9968267521019026,2.3209655831692783e-07
EFT:6.954358881292877e-08,3.1659096786476384e-13,5.3720873876736835e-08,1.1926511593113524e-07,3.746506396423931e-08,0.0029347867604856566,0.00023794904609431895,3.213323267755067e-17,0.9968267521019026,2.3209655831692783e-07
Random738
Raw:6.954358881292828e-08,3.1659096786476384e-13,5.3720873876736835e-08,1.1926511593113524e-07,3.746506396423905e-08,0.0029347867604856566,0.00023794904609431895,3.213323267755045e-17,0.9968267521019026,2.3209655831692453e-07
EFT:6.954358881292877e-08,3.1659096786476384e-13,5.3720873876736835e-08,1.1926511593113524e-07,3.746506396423931e-08,0.0029347867604856566,0.00023794904609431895,3.213323267755067e-17,0.9968267521019026,2.3209655831692783e-07
Random739
Raw:6.954358881292828e-08,3.165909678647616e-13,5.3720873876736835e-08,1.192651159311344e-07,3.746506396423931e-08,0.002934786760485615,0.00023794904609431895,3.213323267755022e-17,0.9968267521019026,2.320965583169262e-07
EFT:6.954358881292877e-08,3.1659096786476384e-13,5.3720873876736835e-08,1.1926511593113524e-07,3.746506396423931e-08,0.0029347867604856566,0.00023794904609431895,3.213323267755067e-17,0.9968267521019026,2.3209655831692783e-07
Random740
Raw:6.954358881292926e-08,3.165909678647684e-13,5.3720873876737596e-08,1.1926511593113694e-07,3.746506396423957e-08,0.0029347867604856566,0.00023794904609431895,3.213323267755113e-17,0.9968267521019026,2.3209655831692948e-07
EFT:6.954358881292877e-08,3.1659096786476384e-13,5.3720873876736835e-08,1.1926511593113524e-07,3.746506396423931e-08,0.0029347867604856566,0.00023794904609431895,3.213323267755067e-17,0.9968267521019026,2.3209655831692783e-07
Random741
Raw:6.954358881292828e-08,3.1659096786476616e-13,5.372087387673722e-08,1.192651159311361e-07,3.746506396423931e-08,0.0029347867604856566,0.00023794904609431553,3.21332326775509e-17,0.9968267521019026,2.3209655831692783e-07
EFT:6.954358881292877e-08,3.1659096786476384e-13,5.3720873876736835e-08,1.1926511593113524e-07,3.746506396423931e-08,0.0029347867604856566,0.00023794904609431895,3.213323267755067e-17,0.9968267521019026,2.3209655831692783e-07
Random742
Raw:6.954358881292828e-08,3.165909678647616e-13,5.372087387673722e-08,1.192651159311361e-07,3.746506396423931e-08,0.0029347867604856566,0.00023794904609431553,3.213323267755045e-17,0.9968267521019026,2.320965583169262e-07
EFT:6.954358881292877e-08,3.1659096786476384e-13,5.3720873876736835e-08,1.1926511593113524e-07,3.746506396423931e-08,0.0029347867604856566,0.00023794904609431895,3.213323267755067e-17,0.9968267521019026,2.3209655831692783e-07
Random743
Raw:6.954358881292828e-08,3.165909678647616e-13,5.3720873876736835e-08,1.192651159311344e-07,3.746506396423931e-08,0.002934786760485615,0.00023794904609431895,3.213323267755022e-17,0.9968267521019026,2.320965583169262e-07
EFT:6.954358881292877e-08,3.1659096786476384e-13,5.3720873876736835e-08,1.1926511593113524e-07,3.746506396423931e-08,0.0029347867604856566,0.00023794904609431895,3.213323267755067e-17,0.9968267521019026,2.3209655831692783e-07
Random744
Raw:6.954358881292778e-08,3.1659096786475935e-13,5.372087387673645e-08,1.192651159311344e-07,3.7465063964238784e-08,0.002934786760485615,0.00023794904609431553,3.213323267754999e-17,0.9968267521019026,2.3209655831692453e-07
EFT:6.954358881292877e-08,3.1659096786476384e-13,5.3720873876736835e-08,1.1926511593113524e-07,3.746506396423931e-08,0.0029347867604856566,0.00023794904609431895,3.213323267755067e-17,0.9968267521019026,2.3209655831692783e-07
Random745
Raw:6.954358881292828e-08,3.1659096786476384e-13,5.372087387673722e-08,1.192651159311361e-07,3.746506396423931e-08,0.0029347867604856566,0.00023794904609431553,3.213323267755045e-17,0.9968267521019026,2.320965583169262e-07
EFT:6.954358881292877e-08,3.1659096786476384e-13,5.3720873876736835e-08,1.1926511593113524e-07,3.746506396423931e-08,0.0029347867604856566,0.00023794904609431895,3.213323267755067e-17,0.9968267521019026,2.3209655831692783e-07
Random746
Raw:6.954358881292828e-08,3.1659096786476384e-13,5.372087387673645e-08,1.1926511593113524e-07,3.746506396423931e-08,0.002934786760485615,0.00023794904609431553,3.213323267755067e-17,0.9968267521019026,2.320965583169262e-07
EFT:6.954358881292877e-08,3.1659096786476384e-13,5.3720873876736835e-08,1.1926511593113524e-07,3.746506396423931e-08,0.0029347867604856566,0.00023794904609431895,3.213323267755067e-17,0.9968267521019026,2.3209655831692783e-07
Random747
Raw:6.954358881292877e-08,3.1659096786476384e-13,5.3720873876736835e-08,1.1926511593113524e-07,3.746506396423931e-08,0.0029347867604856566,0.00023794904609431895,3.213323267755067e-17,0.9968267521019026,2.3209655831692783e-07
EFT:6.954358881292877e-08,3.1659096786476384e-13,5.3720873876736835e-08,1.1926511593113524e-07,3.746506396423931e-08,0.0029347867604856566,0.00023794904609431895,3.213323267755067e-17,0.9968267521019026,2.3209655831692783e-07
Random748
Raw:6.954358881292926e-08,3.165909678647684e-13,5.3720873876737596e-08,1.1926511593113694e-07,3.746506396423957e-08,0.0029347867604856566,0.00023794904609431895,3.21332326775509e-17,0.9968267521019026,2.3209655831692783e-07
EFT:6.954358881292877e-08,3.1659096786476384e-13,5.3720873876736835e-08,1.1926511593113524e-07,3.746506396423931e-08,0.0029347867604856566,0.00023794904609431895,3.213323267755067e-17,0.9968267521019026,2.3209655831692783e-07
Random749
Raw:6.954358881292877e-08,3.1659096786476616e-13,5.372087387673722e-08,1.192651159311361e-07,3.746506396423931e-08,0.002934786760485615,0.00023794904609431553,3.213323267755113e-17,0.9968267521019026,2.3209655831692948e-07
EFT:6.954358881292877e-08,3.1659096786476384e-13,5.3720873876736835e-08,1.1926511593113524e-07,3.746506396423931e-08,0.0029347867604856566,0.00023794904609431895,3.213323267755067e-17,0.9968267521019026,2.3209655831692783e-07
Random750
Raw:6.954358881292926e-08,3.1659096786476616e-13,5.372087387673722e-08,1.192651159311361e-07,3.746506396423957e-08,0.0029347867604856566,0.00023794904609431895,3.213323267755113e-17,0.9968267521019026,2.3209655831692948e-07
EFT:6.954358881292877e-08,3.1659096786476384e-13,5.3720873876736835e-08,1.1926511593113524e-07,3.746506396423931e-08,0.0029347867604856566,0.00023794904609431895,3.213323267755067e-17,0.9968267521019026,2.3209655831692783e-07
Random751
Raw:6.954358881292828e-08,3.165909678647616e-13,5.3720873876736835e-08,1.1926511593113524e-07,3.746506396423905e-08,0.002934786760485615,0.00023794904609431553,3.213323267755045e-17,0.9968267521019026,2.320965583169262e-07
EFT:6.954358881292877e-08,3.1659096786476384e-13,5.3720873876736835e-08,1.1926511593113524e-07,3.746506396423931e-08,0.0029347867604856566,0.00023794904609431895,3.213323267755067e-17,0.9968267521019026,2.3209655831692783e-07
Random752
Raw:6.954358881292926e-08,3.1659096786476616e-13,5.372087387673722e-08,1.192651159311361e-07,3.746506396423957e-08,0.0029347867604856566,0.00023794904609431895,3.213323267755113e-17,0.9968267521019026,2.3209655831692948e-07
EFT:6.954358881292877e-08,3.1659096786476384e-13,5.3720873876736835e-08,1.1926511593113524e-07,3.746506396423931e-08,0.0029347867604856566,0.00023794904609431895,3.213323267755067e-17,0.9968267521019026,2.3209655831692783e-07
Random753
Raw:6.954358881292926e-08,3.1659096786476616e-13,5.372087387673722e-08,1.192651159311361e-07,3.746506396423931e-08,0.0029347867604856566,0.0002379490460943223,3.213323267755067e-17,0.9968267521019026,2.3209655831692783e-07
EFT:6.954358881292877e-08,3.1659096786476384e-13,5.3720873876736835e-08,1.1926511593113524e-07,3.746506396423931e-08,0.0029347867604856566,0.00023794904609431895,3.213323267755067e-17,0.9968267521019026,2.3209655831692783e-07
Random754
Raw:6.954358881292976e-08,3.1659096786476616e-13,5.3720873876737596e-08,1.1926511593113694e-07,3.746506396423957e-08,0.0029347867604856983,0.0002379490460943223,3.213323267755067e-17,0.9968267521019026,2.3209655831692783e-07
EFT:6.954358881292877e-08,3.1659096786476384e-13,5.3720873876736835e-08,1.1926511593113524e-07,3.746506396423931e-08,0.0029347867604856566,0.00023794904609431895,3.213323267755067e-17,0.9968267521019026,2.3209655831692783e-07
Random755
Raw:6.954358881292828e-08,3.165909678647616e-13,5.372087387673722e-08,1.192651159311361e-07,3.746506396423931e-08,0.0029347867604856566,0.00023794904609431553,3.213323267755045e-17,0.9968267521019026,2.320965583169262e-07
EFT:6.954358881292877e-08,3.1659096786476384e-13,5.3720873876736835e-08,1.1926511593113524e-07,3.746506396423931e-08,0.0029347867604856566,0.00023794904609431895,3.213323267755067e-17,0.9968267521019026,2.3209655831692783e-07
Random756
Raw:6.954358881292828e-08,3.1659096786476384e-13,5.372087387673722e-08,1.192651159311361e-07,3.746506396423931e-08,0.0029347867604856566,0.00023794904609431895,3.213323267755045e-17,0.9968267521019026,2.320965583169262e-07
EFT:6.954358881292877e-08,3.1659096786476384e-13,5.3720873876736835e-08,1.1926511593113524e-07,3.746506396423931e-08,0.0029347867604856566,0.00023794904609431895,3.213323267755067e-17,0.9968267521019026,2.3209655831692783e-07
Random757
Raw:6.954358881292828e-08,3.1659096786476384e-13,5.372087387673722e-08,1.192651159311361e-07,3.746506396423931e-08,0.0029347867604856566,0.00023794904609431553,3.213323267755045e-17,0.9968267521019026,2.320965583169262e-07
EFT:6.954358881292877e-08,3.1659096786476384e-13,5.3720873876736835e-08,1.1926511593113524e-07,3.746506396423931e-08,0.0029347867604856566,0.00023794904609431895,3.213323267755067e-17,0.9968267521019026,2.3209655831692783e-07
Random758
Raw:6.954358881292828e-08,3.165909678647616e-13,5.3720873876736835e-08,1.1926511593113524e-07,3.746506396423905e-08,0.002934786760485615,0.00023794904609431553,3.213323267755045e-17,0.9968267521019026,2.320965583169262e-07
EFT:6.954358881292877e-08,3.1659096786476384e-13,5.3720873876736835e-08,1.1926511593113524e-07,3.746506396423931e-08,0.0029347867604856566,0.00023794904609431895,3.213323267755067e-17,0.9968267521019026,2.3209655831692783e-07
Random759
Raw:6.954358881292828e-08,3.165909678647616e-13,5.3720873876736835e-08,1.1926511593113524e-07,3.746506396423905e-08,0.002934786760485615,0.00023794904609431553,3.213323267755045e-17,0.9968267521019026,2.320965583169262e-07
EFT:6.954358881292877e-08,3.1659096786476384e-13,5.3720873876736835e-08,1.1926511593113524e-07,3.746506396423931e-08,0.0029347867604856566,0.00023794904609431895,3.213323267755067e-17,0.9968267521019026,2.3209655831692783e-07
Random760
Raw:6.954358881292877e-08,3.1659096786476616e-13,5.372087387673722e-08,1.192651159311361e-07,3.746506396423931e-08,0.002934786760485615,0.00023794904609431553,3.213323267755113e-17,0.9968267521019026,2.3209655831692948e-07
EFT:6.954358881292877e-08,3.1659096786476384e-13,5.3720873876736835e-08,1.1926511593113524e-07,3.746506396423931e-08,0.0029347867604856566,0.00023794904609431895,3.213323267755067e-17,0.9968267521019026,2.3209655831692783e-07
Random761
Raw:6.954358881292926e-08,3.1659096786476616e-13,5.372087387673722e-08,1.192651159311361e-07,3.746506396423931e-08,0.0029347867604856566,0.00023794904609431895,3.21332326775509e-17,0.9968267521019026,2.320965583169262e-07
EFT:6.954358881292877e-08,3.1659096786476384e-13,5.3720873876736835e-08,1.1926511593113524e-07,3.746506396423931e-08,0.0029347867604856566,0.00023794904609431895,3.213323267755067e-17,0.9968267521019026,2.3209655831692783e-07
Random762
Raw:6.954358881292828e-08,3.1659096786476384e-13,5.3720873876736835e-08,1.1926511593113524e-07,3.746506396423931e-08,0.002934786760485615,0.00023794904609431553,3.213323267755067e-17,0.9968267521019026,2.320965583169262e-07
EFT:6.954358881292877e-08,3.1659096786476384e-13,5.3720873876736835e-08,1.1926511593113524e-07,3.746506396423931e-08,0.0029347867604856566,0.00023794904609431895,3.213323267755067e-17,0.9968267521019026,2.3209655831692783e-07
Random763
Raw:6.954358881292877e-08,3.1659096786476384e-13,5.3720873876736835e-08,1.1926511593113524e-07,3.746506396423905e-08,0.0029347867604856566,0.00023794904609431895,3.213323267755045e-17,0.9968267521019026,2.320965583169262e-07
EFT:6.954358881292877e-08,3.1659096786476384e-13,5.3720873876736835e-08,1.1926511593113524e-07,3.746506396423931e-08,0.0029347867604856566,0.00023794904609431895,3.213323267755067e-17,0.9968267521019026,2.3209655831692783e-07
Random764
Raw:6.954358881292828e-08,3.165909678647616e-13,5.372087387673645e-08,1.192651159311344e-07,3.7465063964238784e-08,0.002934786760485615,0.00023794904609431553,3.213323267755045e-17,0.9968267521019026,2.3209655831692453e-07
EFT:6.954358881292877e-08,3.1659096786476384e-13,5.3720873876736835e-08,1.1926511593113524e-07,3.746506396423931e-08,0.0029347867604856566,0.00023794904609431895,3.213323267755067e-17,0.9968267521019026,2.3209655831692783e-07
Random765
Raw:6.954358881292926e-08,3.1659096786476616e-13,5.372087387673722e-08,1.192651159311361e-07,3.746506396423931e-08,0.0029347867604856566,0.00023794904609431895,3.213323267755067e-17,0.9968267521019026,2.320965583169262e-07
EFT:6.954358881292877e-08,3.1659096786476384e-13,5.3720873876736835e-08,1.1926511593113524e-07,3.746506396423931e-08,0.0029347867604856566,0.00023794904609431895,3.213323267755067e-17,0.9968267521019026,2.3209655831692783e-07
Random766
Raw:6.954358881292828e-08,3.1659096786476384e-13,5.372087387673645e-08,1.192651159311344e-07,3.746506396423905e-08,0.002934786760485615,0.00023794904609431553,3.213323267755067e-17,0.9968267521019026,2.320965583169262e-07
EFT:6.954358881292877e-08,3.1659096786476384e-13,5.3720873876736835e-08,1.1926511593113524e-07,3.746506396423931e-08,0.0029347867604856566,0.00023794904609431895,3.213323267755067e-17,0.9968267521019026,2.3209655831692783e-07
Random767
Raw:6.954358881292828e-08,3.1659096786476384e-13,5.3720873876736835e-08,1.1926511593113524e-07,3.746506396423931e-08,0.002934786760485615,0.00023794904609431553,3.213323267755067e-17,0.9968267521019026,2.320965583169262e-07
EFT:6.954358881292877e-08,3.1659096786476384e-13,5.3720873876736835e-08,1.1926511593113524e-07,3.746506396423931e-08,0.0029347867604856566,0.00023794904609431895,3.213323267755067e-17,0.9968267521019026,2.3209655831692783e-07
Random768
Raw:6.954358881292828e-08,3.1659096786476384e-13,5.3720873876736835e-08,1.1926511593113524e-07,3.7465063964238784e-08,0.002934786760485615,0.00023794904609431553,3.21332326775509e-17,0.9968267521019026,2.320965583169262e-07
EFT:6.954358881292877e-08,3.1659096786476384e-13,5.3720873876736835e-08,1.1926511593113524e-07,3.746506396423931e-08,0.0029347867604856566,0.00023794904609431895,3.213323267755067e-17,0.9968267521019026,2.3209655831692783e-07
Random769
Raw:6.954358881292877e-08,3.1659096786476616e-13,5.372087387673722e-08,1.192651159311361e-07,3.746506396423931e-08,0.0029347867604856566,0.00023794904609431895,3.213323267755067e-17,0.9968267521019026,2.3209655831692783e-07
EFT:6.954358881292877e-08,3.1659096786476384e-13,5.3720873876736835e-08,1.1926511593113524e-07,3.746506396423931e-08,0.0029347867604856566,0.00023794904609431895,3.213323267755067e-17,0.9968267521019026,2.3209655831692783e-07
Random770
Raw:6.954358881292877e-08,3.1659096786476384e-13,5.3720873876736835e-08,1.1926511593113524e-07,3.746506396423931e-08,0.0029347867604856566,0.00023794904609431895,3.213323267755067e-17,0.9968267521019026,2.3209655831692783e-07
EFT:6.954358881292877e-08,3.1659096786476384e-13,5.3720873876736835e-08,1.1926511593113524e-07,3.746506396423931e-08,0.0029347867604856566,0.00023794904609431895,3.213323267755067e-17,0.9968267521019026,2.3209655831692783e-07
Random771
Raw:6.954358881292828e-08,3.165909678647616e-13,5.3720873876736835e-08,1.1926511593113524e-07,3.746506396423905e-08,0.0029347867604856566,0.00023794904609431553,3.213323267754999e-17,0.9968267521019026,2.320965583169262e-07
EFT:6.954358881292877e-08,3.1659096786476384e-13,5.3720873876736835e-08,1.1926511593113524e-07,3.746506396423931e-08,0.0029347867604856566,0.00023794904609431895,3.213323267755067e-17,0.9968267521019026,2.3209655831692783e-07
Random772
Raw:6.954358881292828e-08,3.165909678647616e-13,5.372087387673645e-08,1.192651159311344e-07,3.746506396423931e-08,0.002934786760485615,0.00023794904609431553,3.213323267755022e-17,0.9968267521019026,2.320965583169262e-07
EFT:6.954358881292877e-08,3.1659096786476384e-13,5.3720873876736835e-08,1.1926511593113524e-07,3.746506396423931e-08,0.0029347867604856566,0.00023794904609431895,3.213323267755067e-17,0.9968267521019026,2.3209655831692783e-07
Random773
Raw:6.954358881292877e-08,3.1659096786476616e-13,5.372087387673722e-08,1.192651159311361e-07,3.746506396423931e-08,0.002934786760485615,0.00023794904609431553,3.213323267755113e-17,0.9968267521019026,2.3209655831692948e-07
EFT:6.954358881292877e-08,3.1659096786476384e-13,5.3720873876736835e-08,1.1926511593113524e-07,3.746506396423931e-08,0.0029347867604856566,0.00023794904609431895,3.213323267755067e-17,0.9968267521019026,2.3209655831692783e-07
Random774
Raw:6.954358881292828e-08,3.1659096786476384e-13,5.3720873876736835e-08,1.1926511593113524e-07,3.7465063964238784e-08,0.002934786760485615,0.00023794904609431553,3.21332326775509e-17,0.9968267521019026,2.320965583169262e-07
EFT:6.954358881292877e-08,3.1659096786476384e-13,5.3720873876736835e-08,1.1926511593113524e-07,3.746506396423931e-08,0.0029347867604856566,0.00023794904609431895,3.213323267755067e-17,0.9968267521019026,2.3209655831692783e-07
Random775
Raw:6.954358881292976e-08,3.165909678647684e-13,5.3720873876737596e-08,1.1926511593113694e-07,3.746506396423957e-08,0.0029347867604856566,0.0002379490460943223,3.213323267755113e-17,0.9968267521019026,2.3209655831692948e-07
EFT:6.954358881292877e-08,3.1659096786476384e-13,5.3720873876736835e-08,1.1926511593113524e-07,3.746506396423931e-08,0.0029347867604856566,0.00023794904609431895,3.213323267755067e-17,0.9968267521019026,2.3209655831692783e-07
Random776
Raw:6.954358881292828e-08,3.165909678647616e-13,5.3720873876736835e-08,1.1926511593113524e-07,3.746506396423905e-08,0.002934786760485615,0.00023794904609431553,3.213323267755045e-17,0.9968267521019026,2.320965583169262e-07
EFT:6.954358881292877e-08,3.1659096786476384e-13,5.3720873876736835e-08,1.1926511593113524e-07,3.746506396423931e-08,0.0029347867604856566,0.00023794904609431895,3.213323267755067e-17,0.9968267521019026,2.3209655831692783e-07
Random777
Raw:6.954358881292828e-08,3.1659096786476616e-13,5.3720873876736835e-08,1.1926511593113524e-07,3.746506396423905e-08,0.002934786760485615,0.00023794904609431553,3.21332326775509e-17,0.9968267521019026,2.320965583169262e-07
EFT:6.954358881292877e-08,3.1659096786476384e-13,5.3720873876736835e-08,1.1926511593113524e-07,3.746506396423931e-08,0.0029347867604856566,0.00023794904609431895,3.213323267755067e-17,0.9968267521019026,2.3209655831692783e-07
Random778
Raw:6.954358881292828e-08,3.1659096786476616e-13,5.3720873876736835e-08,1.192651159311361e-07,3.746506396423931e-08,0.002934786760485615,0.00023794904609431553,3.213323267755113e-17,0.9968267521019026,2.3209655831692783e-07
EFT:6.954358881292877e-08,3.1659096786476384e-13,5.3720873876736835e-08,1.1926511593113524e-07,3.746506396423931e-08,0.0029347867604856566,0.00023794904609431895,3.213323267755067e-17,0.9968267521019026,2.3209655831692783e-07
Random779
Raw:6.954358881292926e-08,3.1659096786476384e-13,5.372087387673722e-08,1.192651159311361e-07,3.746506396423931e-08,0.0029347867604856566,0.00023794904609431895,3.213323267755045e-17,0.9968267521019026,2.320965583169262e-07
EFT:6.954358881292877e-08,3.1659096786476384e-13,5.3720873876736835e-08,1.1926511593113524e-07,3.746506396423931e-08,0.0029347867604856566,0.00023794904609431895,3.213323267755067e-17,0.9968267521019026,2.3209655831692783e-07
Random780
Raw:6.954358881292877e-08,3.1659096786476384e-13,5.3720873876736835e-08,1.1926511593113524e-07,3.746506396423905e-08,0.0029347867604856566,0.00023794904609431895,3.213323267755045e-17,0.9968267521019026,2.320965583169262e-07
EFT:6.954358881292877e-08,3.1659096786476384e-13,5.3720873876736835e-08,1.1926511593113524e-07,3.746506396423931e-08,0.0029347867604856566,0.00023794904609431895,3.213323267755067e-17,0.9968267521019026,2.3209655831692783e-07
Random781
Raw:6.954358881292877e-08,3.1659096786476616e-13,5.372087387673722e-08,1.192651159311361e-07,3.746506396423931e-08,0.0029347867604856566,0.00023794904609431895,3.21332326775509e-17,0.9968267521019026,2.3209655831692783e-07
EFT:6.954358881292877e-08,3.1659096786476384e-13,5.3720873876736835e-08,1.1926511593113524e-07,3.746506396423931e-08,0.0029347867604856566,0.00023794904609431895,3.213323267755067e-17,0.9968267521019026,2.3209655831692783e-07
Random782
Raw:6.954358881292828e-08,3.1659096786476384e-13,5.3720873876736835e-08,1.192651159311361e-07,3.746506396423905e-08,0.002934786760485615,0.00023794904609431215,3.21332326775509e-17,0.9968267521019026,2.320965583169262e-07
EFT:6.954358881292877e-08,3.1659096786476384e-13,5.3720873876736835e-08,1.1926511593113524e-07,3.746506396423931e-08,0.0029347867604856566,0.00023794904609431895,3.213323267755067e-17,0.9968267521019026,2.3209655831692783e-07
Random783
Raw:6.954358881292926e-08,3.1659096786476616e-13,5.372087387673722e-08,1.192651159311361e-07,3.746506396423931e-08,0.0029347867604856566,0.00023794904609431895,3.21332326775509e-17,0.9968267521019026,2.3209655831692783e-07
EFT:6.954358881292877e-08,3.1659096786476384e-13,5.3720873876736835e-08,1.1926511593113524e-07,3.746506396423931e-08,0.0029347867604856566,0.00023794904609431895,3.213323267755067e-17,0.9968267521019026,2.3209655831692783e-07
Random784
Raw:6.954358881292926e-08,3.1659096786476616e-13,5.372087387673722e-08,1.192651159311361e-07,3.746506396423931e-08,0.0029347867604856566,0.00023794904609431895,3.213323267755067e-17,0.9968267521019026,2.320965583169262e-07
EFT:6.954358881292877e-08,3.1659096786476384e-13,5.3720873876736835e-08,1.1926511593113524e-07,3.746506396423931e-08,0.0029347867604856566,0.00023794904609431895,3.213323267755067e-17,0.9968267521019026,2.3209655831692783e-07
Random785
Raw:6.954358881292828e-08,3.165909678647616e-13,5.372087387673645e-08,1.192651159311344e-07,3.7465063964238784e-08,0.002934786760485615,0.00023794904609431553,3.213323267755045e-17,0.9968267521019026,2.3209655831692453e-07
EFT:6.954358881292877e-08,3.1659096786476384e-13,5.3720873876736835e-08,1.1926511593113524e-07,3.746506396423931e-08,0.0029347867604856566,0.00023794904609431895,3.213323267755067e-17,0.9968267521019026,2.3209655831692783e-07
Random786
Raw:6.954358881292778e-08,3.1659096786475935e-13,5.372087387673645e-08,1.192651159311344e-07,3.7465063964238784e-08,0.002934786760485615,0.00023794904609431553,3.213323267754999e-17,0.9968267521019026,2.3209655831692453e-07
EFT:6.954358881292877e-08,3.1659096786476384e-13,5.3720873876736835e-08,1.1926511593113524e-07,3.746506396423931e-08,0.0029347867604856566,0.00023794904609431895,3.213323267755067e-17,0.9968267521019026,2.3209655831692783e-07
Random787
Raw:6.954358881292828e-08,3.1659096786476384e-13,5.372087387673645e-08,1.1926511593113524e-07,3.746506396423931e-08,0.002934786760485615,0.00023794904609431553,3.213323267755067e-17,0.9968267521019026,2.320965583169262e-07
EFT:6.954358881292877e-08,3.1659096786476384e-13,5.3720873876736835e-08,1.1926511593113524e-07,3.746506396423931e-08,0.0029347867604856566,0.00023794904609431895,3.213323267755067e-17,0.9968267521019026,2.3209655831692783e-07
Random788
Raw:6.954358881292828e-08,3.1659096786476384e-13,5.372087387673645e-08,1.1926511593113524e-07,3.746506396423931e-08,0.002934786760485615,0.00023794904609431553,3.213323267755067e-17,0.9968267521019026,2.320965583169262e-07
EFT:6.954358881292877e-08,3.1659096786476384e-13,5.3720873876736835e-08,1.1926511593113524e-07,3.746506396423931e-08,0.0029347867604856566,0.00023794904609431895,3.213323267755067e-17,0.9968267521019026,2.3209655831692783e-07
Random789
Raw:6.954358881292778e-08,3.1659096786475935e-13,5.372087387673645e-08,1.192651159311344e-07,3.7465063964238784e-08,0.002934786760485615,0.00023794904609431553,3.213323267754999e-17,0.9968267521019026,2.3209655831692453e-07
EFT:6.954358881292877e-08,3.1659096786476384e-13,5.3720873876736835e-08,1.1926511593113524e-07,3.746506396423931e-08,0.0029347867604856566,0.00023794904609431895,3.213323267755067e-17,0.9968267521019026,2.3209655831692783e-07
Random790
Raw:6.954358881292828e-08,3.1659096786476384e-13,5.3720873876736835e-08,1.1926511593113524e-07,3.746506396423905e-08,0.0029347867604856566,0.00023794904609431895,3.213323267755045e-17,0.9968267521019026,2.320965583169262e-07
EFT:6.954358881292877e-08,3.1659096786476384e-13,5.3720873876736835e-08,1.1926511593113524e-07,3.746506396423931e-08,0.0029347867604856566,0.00023794904609431895,3.213323267755067e-17,0.9968267521019026,2.3209655831692783e-07
Random791
Raw:6.954358881292926e-08,3.1659096786476616e-13,5.372087387673722e-08,1.192651159311361e-07,3.746506396423931e-08,0.0029347867604856566,0.00023794904609431895,3.213323267755113e-17,0.9968267521019026,2.3209655831692783e-07
EFT:6.954358881292877e-08,3.1659096786476384e-13,5.3720873876736835e-08,1.1926511593113524e-07,3.746506396423931e-08,0.0029347867604856566,0.00023794904609431895,3.213323267755067e-17,0.9968267521019026,2.3209655831692783e-07
Random792
Raw:6.954358881292828e-08,3.1659096786476384e-13,5.372087387673645e-08,1.192651159311344e-07,3.746506396423905e-08,0.002934786760485615,0.00023794904609431553,3.213323267755067e-17,0.9968267521019026,2.320965583169262e-07
EFT:6.954358881292877e-08,3.1659096786476384e-13,5.3720873876736835e-08,1.1926511593113524e-07,3.746506396423931e-08,0.0029347867604856566,0.00023794904609431895,3.213323267755067e-17,0.9968267521019026,2.3209655831692783e-07
Random793
Raw:6.954358881292828e-08,3.165909678647616e-13,5.372087387673645e-08,1.192651159311344e-07,3.746506396423931e-08,0.0029347867604856566,0.00023794904609431895,3.2133232677549763e-17,0.9968267521019026,2.320965583169262e-07
EFT:6.954358881292877e-08,3.1659096786476384e-13,5.3720873876736835e-08,1.1926511593113524e-07,3.746506396423931e-08,0.0029347867604856566,0.00023794904609431895,3.213323267755067e-17,0.9968267521019026,2.3209655831692783e-07
Random794
Raw:6.954358881292926e-08,3.165909678647684e-13,5.372087387673722e-08,1.1926511593113694e-07,3.746506396423931e-08,0.0029347867604856566,0.00023794904609431895,3.213323267755136e-17,0.9968267521019026,2.3209655831692783e-07
EFT:6.954358881292877e-08,3.1659096786476384e-13,5.3720873876736835e-08,1.1926511593113524e-07,3.746506396423931e-08,0.0029347867604856566,0.00023794904609431895,3.213323267755067e-17,0.9968267521019026,2.3209655831692783e-07
Random795
Raw:6.954358881292877e-08,3.1659096786476616e-13,5.372087387673722e-08,1.192651159311361e-07,3.746506396423931e-08,0.0029347867604856566,0.00023794904609431895,3.213323267755067e-17,0.9968267521019026,2.320965583169262e-07
EFT:6.954358881292877e-08,3.1659096786476384e-13,5.3720873876736835e-08,1.1926511593113524e-07,3.746506396423931e-08,0.0029347867604856566,0.00023794904609431895,3.213323267755067e-17,0.9968267521019026,2.3209655831692783e-07
Random796
Raw:6.954358881292828e-08,3.1659096786476616e-13,5.3720873876736835e-08,1.192651159311361e-07,3.746506396423931e-08,0.002934786760485615,0.00023794904609431553,3.213323267755113e-17,0.9968267521019026,2.3209655831692783e-07
EFT:6.954358881292877e-08,3.1659096786476384e-13,5.3720873876736835e-08,1.1926511593113524e-07,3.746506396423931e-08,0.0029347867604856566,0.00023794904609431895,3.213323267755067e-17,0.9968267521019026,2.3209655831692783e-07
Random797
Raw:6.954358881292877e-08,3.1659096786476384e-13,5.3720873876736835e-08,1.1926511593113524e-07,3.746506396423931e-08,0.0029347867604856566,0.00023794904609431895,3.213323267755067e-17,0.9968267521019026,2.3209655831692783e-07
EFT:6.954358881292877e-08,3.1659096786476384e-13,5.3720873876736835e-08,1.1926511593113524e-07,3.746506396423931e-08,0.0029347867604856566,0.00023794904609431895,3.213323267755067e-17,0.9968267521019026,2.3209655831692783e-07
Random798
Raw:6.954358881292828e-08,3.1659096786476384e-13,5.372087387673722e-08,1.192651159311361e-07,3.746506396423905e-08,0.002934786760485615,0.00023794904609431553,3.21332326775509e-17,0.9968267521019026,2.320965583169262e-07
EFT:6.954358881292877e-08,3.1659096786476384e-13,5.3720873876736835e-08,1.1926511593113524e-07,3.746506396423931e-08,0.0029347867604856566,0.00023794904609431895,3.213323267755067e-17,0.9968267521019026,2.3209655831692783e-07
Random799
Raw:6.954358881292828e-08,3.165909678647616e-13,5.3720873876736835e-08,1.1926511593113524e-07,3.746506396423905e-08,0.002934786760485615,0.00023794904609431553,3.213323267755045e-17,0.9968267521019026,2.320965583169262e-07
EFT:6.954358881292877e-08,3.1659096786476384e-13,5.3720873876736835e-08,1.1926511593113524e-07,3.746506396423931e-08,0.0029347867604856566,0.00023794904609431895,3.213323267755067e-17,0.9968267521019026,2.3209655831692783e-07
Random800
Raw:6.954358881292877e-08,3.165909678647616e-13,5.3720873876736835e-08,1.192651159311344e-07,3.746506396423905e-08,0.0029347867604856566,0.00023794904609431895,3.213323267754999e-17,0.9968267521019026,2.3209655831692453e-07
EFT:6.954358881292877e-08,3.1659096786476384e-13,5.3720873876736835e-08,1.1926511593113524e-07,3.746506396423931e-08,0.0029347867604856566,0.00023794904609431895,3.213323267755067e-17,0.9968267521019026,2.3209655831692783e-07
Random801
Raw:6.954358881292778e-08,3.1659096786475935e-13,5.372087387673645e-08,1.192651159311344e-07,3.7465063964238784e-08,0.002934786760485615,0.00023794904609431553,3.213323267754999e-17,0.9968267521019026,2.3209655831692453e-07
EFT:6.954358881292877e-08,3.1659096786476384e-13,5.3720873876736835e-08,1.1926511593113524e-07,3.746506396423931e-08,0.0029347867604856566,0.00023794904609431895,3.213323267755067e-17,0.9968267521019026,2.3209655831692783e-07
Random802
Raw:6.954358881292828e-08,3.1659096786476384e-13,5.372087387673645e-08,1.192651159311344e-07,3.746506396423905e-08,0.002934786760485615,0.00023794904609431553,3.213323267755067e-17,0.9968267521019026,2.320965583169262e-07
EFT:6.954358881292877e-08,3.1659096786476384e-13,5.3720873876736835e-08,1.1926511593113524e-07,3.746506396423931e-08,0.0029347867604856566,0.00023794904609431895,3.213323267755067e-17,0.9968267521019026,2.3209655831692783e-07
Random803
Raw:6.954358881292828e-08,3.1659096786476384e-13,5.3720873876736835e-08,1.1926511593113524e-07,3.746506396423905e-08,0.0029347867604856566,0.00023794904609431895,3.213323267755045e-17,0.9968267521019026,2.3209655831692453e-07
EFT:6.954358881292877e-08,3.1659096786476384e-13,5.3720873876736835e-08,1.1926511593113524e-07,3.746506396423931e-08,0.0029347867604856566,0.00023794904609431895,3.213323267755067e-17,0.9968267521019026,2.3209655831692783e-07
Random804
Raw:6.954358881292926e-08,3.1659096786476384e-13,5.372087387673722e-08,1.192651159311361e-07,3.746506396423931e-08,0.0029347867604856566,0.00023794904609431895,3.213323267755045e-17,0.9968267521019026,2.320965583169262e-07
EFT:6.954358881292877e-08,3.1659096786476384e-13,5.3720873876736835e-08,1.1926511593113524e-07,3.746506396423931e-08,0.0029347867604856566,0.00023794904609431895,3.213323267755067e-17,0.9968267521019026,2.3209655831692783e-07
Random805
Raw:6.954358881292828e-08,3.1659096786476384e-13,5.3720873876736835e-08,1.1926511593113524e-07,3.746506396423905e-08,0.0029347867604856566,0.00023794904609431895,3.213323267755045e-17,0.9968267521019026,2.3209655831692453e-07
EFT:6.954358881292877e-08,3.1659096786476384e-13,5.3720873876736835e-08,1.1926511593113524e-07,3.746506396423931e-08,0.0029347867604856566,0.00023794904609431895,3.213323267755067e-17,0.9968267521019026,2.3209655831692783e-07
Random806
Raw:6.954358881292877e-08,3.1659096786476616e-13,5.3720873876736835e-08,1.192651159311361e-07,3.746506396423905e-08,0.002934786760485615,0.00023794904609431553,3.21332326775509e-17,0.9968267521019026,2.320965583169262e-07
EFT:6.954358881292877e-08,3.1659096786476384e-13,5.3720873876736835e-08,1.1926511593113524e-07,3.746506396423931e-08,0.0029347867604856566,0.00023794904609431895,3.213323267755067e-17,0.9968267521019026,2.3209655831692783e-07
Random807
Raw:6.954358881292828e-08,3.1659096786476616e-13,5.3720873876736835e-08,1.192651159311361e-07,3.746506396423931e-08,0.002934786760485615,0.00023794904609431553,3.213323267755113e-17,0.9968267521019026,2.3209655831692783e-07
EFT:6.954358881292877e-08,3.1659096786476384e-13,5.3720873876736835e-08,1.1926511593113524e-07,3.746506396423931e-08,0.0029347867604856566,0.00023794904609431895,3.213323267755067e-17,0.9968267521019026,2.3209655831692783e-07
Random808
Raw:6.954358881292828e-08,3.1659096786475935e-13,5.3720873876736835e-08,1.192651159311344e-07,3.746506396423905e-08,0.0029347867604856566,0.00023794904609431553,3.213323267754999e-17,0.9968267521019026,2.3209655831692453e-07
EFT:6.954358881292877e-08,3.1659096786476384e-13,5.3720873876736835e-08,1.1926511593113524e-07,3.746506396423931e-08,0.0029347867604856566,0.00023794904609431895,3.213323267755067e-17,0.9968267521019026,2.3209655831692783e-07
Random809
Raw:6.954358881292926e-08,3.1659096786476616e-13,5.372087387673722e-08,1.192651159311361e-07,3.746506396423931e-08,0.0029347867604856566,0.00023794904609431895,3.21332326775509e-17,0.9968267521019026,2.3209655831692783e-07
EFT:6.954358881292877e-08,3.1659096786476384e-13,5.3720873876736835e-08,1.1926511593113524e-07,3.746506396423931e-08,0.0029347867604856566,0.00023794904609431895,3.213323267755067e-17,0.9968267521019026,2.3209655831692783e-07
Random810
Raw:6.954358881292877e-08,3.1659096786476384e-13,5.3720873876736835e-08,1.1926511593113524e-07,3.746506396423931e-08,0.0029347867604856566,0.00023794904609431895,3.213323267755067e-17,0.9968267521019026,2.3209655831692783e-07
EFT:6.954358881292877e-08,3.1659096786476384e-13,5.3720873876736835e-08,1.1926511593113524e-07,3.746506396423931e-08,0.0029347867604856566,0.00023794904609431895,3.213323267755067e-17,0.9968267521019026,2.3209655831692783e-07
Random811
Raw:6.954358881292926e-08,3.165909678647684e-13,5.372087387673722e-08,1.192651159311361e-07,3.746506396423931e-08,0.0029347867604856566,0.00023794904609431895,3.213323267755113e-17,0.9968267521019026,2.3209655831692783e-07
EFT:6.954358881292877e-08,3.1659096786476384e-13,5.3720873876736835e-08,1.1926511593113524e-07,3.746506396423931e-08,0.0029347867604856566,0.00023794904609431895,3.213323267755067e-17,0.9968267521019026,2.3209655831692783e-07
Random812
Raw:6.954358881292828e-08,3.165909678647616e-13,5.3720873876736835e-08,1.1926511593113524e-07,3.746506396423905e-08,0.002934786760485615,0.00023794904609431553,3.213323267755045e-17,0.9968267521019026,2.320965583169262e-07
EFT:6.954358881292877e-08,3.1659096786476384e-13,5.3720873876736835e-08,1.1926511593113524e-07,3.746506396423931e-08,0.0029347867604856566,0.00023794904609431895,3.213323267755067e-17,0.9968267521019026,2.3209655831692783e-07
Random813
Raw:6.954358881292828e-08,3.165909678647616e-13,5.372087387673645e-08,1.192651159311344e-07,3.746506396423931e-08,0.002934786760485615,0.00023794904609431553,3.213323267755022e-17,0.9968267521019026,2.320965583169262e-07
EFT:6.954358881292877e-08,3.1659096786476384e-13,5.3720873876736835e-08,1.1926511593113524e-07,3.746506396423931e-08,0.0029347867604856566,0.00023794904609431895,3.213323267755067e-17,0.9968267521019026,2.3209655831692783e-07
Random814
Raw:6.954358881292828e-08,3.1659096786476384e-13,5.372087387673645e-08,1.1926511593113524e-07,3.746506396423931e-08,0.002934786760485615,0.00023794904609431553,3.213323267755067e-17,0.9968267521019026,2.320965583169262e-07
EFT:6.954358881292877e-08,3.1659096786476384e-13,5.3720873876736835e-08,1.1926511593113524e-07,3.746506396423931e-08,0.0029347867604856566,0.00023794904609431895,3.213323267755067e-17,0.9968267521019026,2.3209655831692783e-07
Random815
Raw:6.954358881292828e-08,3.1659096786476384e-13,5.372087387673722e-08,1.192651159311361e-07,3.746506396423931e-08,0.002934786760485615,0.00023794904609431553,3.213323267755045e-17,0.9968267521019026,2.320965583169262e-07
EFT:6.954358881292877e-08,3.1659096786476384e-13,5.3720873876736835e-08,1.1926511593113524e-07,3.746506396423931e-08,0.0029347867604856566,0.00023794904609431895,3.213323267755067e-17,0.9968267521019026,2.3209655831692783e-07
Random816
Raw:6.954358881292877e-08,3.1659096786476384e-13,5.372087387673722e-08,1.1926511593113524e-07,3.746506396423931e-08,0.0029347867604856566,0.00023794904609431895,3.213323267755045e-17,0.9968267521019026,2.320965583169262e-07
EFT:6.954358881292877e-08,3.1659096786476384e-13,5.3720873876736835e-08,1.1926511593113524e-07,3.746506396423931e-08,0.0029347867604856566,0.00023794904609431895,3.213323267755067e-17,0.9968267521019026,2.3209655831692783e-07
Random817
Raw:6.954358881292926e-08,3.1659096786476616e-13,5.372087387673722e-08,1.192651159311361e-07,3.746506396423931e-08,0.0029347867604856566,0.00023794904609431895,3.21332326775509e-17,0.9968267521019026,2.3209655831692783e-07
EFT:6.954358881292877e-08,3.1659096786476384e-13,5.3720873876736835e-08,1.1926511593113524e-07,3.746506396423931e-08,0.0029347867604856566,0.00023794904609431895,3.213323267755067e-17,0.9968267521019026,2.3209655831692783e-07
Random818
Raw:6.954358881292828e-08,3.165909678647616e-13,5.3720873876736835e-08,1.1926511593113524e-07,3.746506396423905e-08,0.002934786760485615,0.00023794904609431553,3.213323267755045e-17,0.9968267521019026,2.320965583169262e-07
EFT:6.954358881292877e-08,3.1659096786476384e-13,5.3720873876736835e-08,1.1926511593113524e-07,3.746506396423931e-08,0.0029347867604856566,0.00023794904609431895,3.213323267755067e-17,0.9968267521019026,2.3209655831692783e-07
Random819
Raw:6.954358881292926e-08,3.1659096786476616e-13,5.372087387673722e-08,1.192651159311361e-07,3.746506396423931e-08,0.0029347867604856566,0.00023794904609431895,3.21332326775509e-17,0.9968267521019026,2.3209655831692783e-07
EFT:6.954358881292877e-08,3.1659096786476384e-13,5.3720873876736835e-08,1.1926511593113524e-07,3.746506396423931e-08,0.0029347867604856566,0.00023794904609431895,3.213323267755067e-17,0.9968267521019026,2.3209655831692783e-07
Random820
Raw:6.954358881292828e-08,3.1659096786476616e-13,5.3720873876736835e-08,1.192651159311361e-07,3.746506396423931e-08,0.002934786760485615,0.00023794904609431553,3.213323267755113e-17,0.9968267521019026,2.3209655831692783e-07
EFT:6.954358881292877e-08,3.1659096786476384e-13,5.3720873876736835e-08,1.1926511593113524e-07,3.746506396423931e-08,0.0029347867604856566,0.00023794904609431895,3.213323267755067e-17,0.9968267521019026,2.3209655831692783e-07
Random821
Raw:6.954358881292926e-08,3.1659096786476616e-13,5.372087387673722e-08,1.192651159311361e-07,3.746506396423957e-08,0.0029347867604856566,0.00023794904609431895,3.213323267755067e-17,0.9968267521019026,2.3209655831692948e-07
EFT:6.954358881292877e-08,3.1659096786476384e-13,5.3720873876736835e-08,1.1926511593113524e-07,3.746506396423931e-08,0.0029347867604856566,0.00023794904609431895,3.213323267755067e-17,0.9968267521019026,2.3209655831692783e-07
Random822
Raw:6.954358881292828e-08,3.165909678647616e-13,5.3720873876736835e-08,1.1926511593113524e-07,3.746506396423905e-08,0.002934786760485615,0.00023794904609431553,3.213323267755045e-17,0.9968267521019026,2.320965583169262e-07
EFT:6.954358881292877e-08,3.1659096786476384e-13,5.3720873876736835e-08,1.1926511593113524e-07,3.746506396423931e-08,0.0029347867604856566,0.00023794904609431895,3.213323267755067e-17,0.9968267521019026,2.3209655831692783e-07
Random823
Raw:6.954358881292926e-08,3.165909678647684e-13,5.3720873876737596e-08,1.1926511593113694e-07,3.746506396423957e-08,0.0029347867604856566,0.00023794904609431895,3.213323267755113e-17,0.9968267521019026,2.3209655831692948e-07
EFT:6.954358881292877e-08,3.1659096786476384e-13,5.3720873876736835e-08,1.1926511593113524e-07,3.746506396423931e-08,0.0029347867604856566,0.00023794904609431895,3.213323267755067e-17,0.9968267521019026,2.3209655831692783e-07
Random824
Raw:6.954358881292877e-08,3.1659096786476616e-13,5.372087387673722e-08,1.192651159311361e-07,3.746506396423931e-08,0.002934786760485615,0.00023794904609431895,3.21332326775509e-17,0.9968267521019026,2.320965583169262e-07
EFT:6.954358881292877e-08,3.1659096786476384e-13,5.3720873876736835e-08,1.1926511593113524e-07,3.746506396423931e-08,0.0029347867604856566,0.00023794904609431895,3.213323267755067e-17,0.9968267521019026,2.3209655831692783e-07
Random825
Raw:6.954358881292926e-08,3.165909678647684e-13,5.372087387673722e-08,1.1926511593113694e-07,3.746506396423931e-08,0.002934786760485615,0.00023794904609431895,3.213323267755136e-17,0.9968267521019026,2.3209655831692783e-07
EFT:6.954358881292877e-08,3.1659096786476384e-13,5.3720873876736835e-08,1.1926511593113524e-07,3.746506396423931e-08,0.0029347867604856566,0.00023794904609431895,3.213323267755067e-17,0.9968267521019026,2.3209655831692783e-07
Random826
Raw:6.954358881292877e-08,3.1659096786476616e-13,5.372087387673722e-08,1.192651159311361e-07,3.746506396423931e-08,0.0029347867604856566,0.00023794904609431895,3.213323267755067e-17,0.9968267521019026,2.3209655831692783e-07
EFT:6.954358881292877e-08,3.1659096786476384e-13,5.3720873876736835e-08,1.1926511593113524e-07,3.746506396423931e-08,0.0029347867604856566,0.00023794904609431895,3.213323267755067e-17,0.9968267521019026,2.3209655831692783e-07
Random827
Raw:6.954358881292877e-08,3.1659096786476616e-13,5.372087387673722e-08,1.192651159311361e-07,3.746506396423931e-08,0.0029347867604856566,0.00023794904609431895,3.213323267755067e-17,0.9968267521019026,2.3209655831692783e-07
EFT:6.954358881292877e-08,3.1659096786476384e-13,5.3720873876736835e-08,1.1926511593113524e-07,3.746506396423931e-08,0.0029347867604856566,0.00023794904609431895,3.213323267755067e-17,0.9968267521019026,2.3209655831692783e-07
Random828
Raw:6.954358881292778e-08,3.165909678647616e-13,5.372087387673645e-08,1.1926511593113524e-07,3.7465063964238784e-08,0.002934786760485615,0.00023794904609431553,3.213323267755045e-17,0.9968267521019026,2.3209655831692453e-07
EFT:6.954358881292877e-08,3.1659096786476384e-13,5.3720873876736835e-08,1.1926511593113524e-07,3.746506396423931e-08,0.0029347867604856566,0.00023794904609431895,3.213323267755067e-17,0.9968267521019026,2.3209655831692783e-07
Random829
Raw:6.954358881292828e-08,3.1659096786476616e-13,5.372087387673722e-08,1.192651159311361e-07,3.746506396423931e-08,0.0029347867604856566,0.00023794904609431553,3.21332326775509e-17,0.9968267521019026,2.3209655831692783e-07
EFT:6.954358881292877e-08,3.1659096786476384e-13,5.3720873876736835e-08,1.1926511593113524e-07,3.746506396423931e-08,0.0029347867604856566,0.00023794904609431895,3.213323267755067e-17,0.9968267521019026,2.3209655831692783e-07
Random830
Raw:6.954358881292926e-08,3.1659096786476616e-13,5.372087387673722e-08,1.192651159311361e-07,3.746506396423931e-08,0.0029347867604856566,0.00023794904609431895,3.21332326775509e-17,0.9968267521019026,2.320965583169262e-07
EFT:6.954358881292877e-08,3.1659096786476384e-13,5.3720873876736835e-08,1.1926511593113524e-07,3.746506396423931e-08,0.0029347867604856566,0.00023794904609431895,3.213323267755067e-17,0.9968267521019026,2.3209655831692783e-07
Random831
Raw:6.954358881292926e-08,3.1659096786476616e-13,5.372087387673722e-08,1.192651159311361e-07,3.746506396423931e-08,0.0029347867604856566,0.00023794904609431895,3.21332326775509e-17,0.9968267521019026,2.3209655831692783e-07
EFT:6.954358881292877e-08,3.1659096786476384e-13,5.3720873876736835e-08,1.1926511593113524e-07,3.746506396423931e-08,0.0029347867604856566,0.00023794904609431895,3.213323267755067e-17,0.9968267521019026,2.3209655831692783e-07
Random832
Raw:6.954358881292828e-08,3.1659096786476384e-13,5.3720873876736835e-08,1.1926511593113524e-07,3.746506396423931e-08,0.002934786760485615,0.00023794904609431553,3.213323267755067e-17,0.9968267521019026,2.320965583169262e-07
EFT:6.954358881292877e-08,3.1659096786476384e-13,5.3720873876736835e-08,1.1926511593113524e-07,3.746506396423931e-08,0.0029347867604856566,0.00023794904609431895,3.213323267755067e-17,0.9968267521019026,2.3209655831692783e-07
Random833
Raw:6.954358881292828e-08,3.165909678647616e-13,5.372087387673645e-08,1.192651159311344e-07,3.746506396423931e-08,0.002934786760485615,0.00023794904609431553,3.213323267755022e-17,0.9968267521019026,2.320965583169262e-07
EFT:6.954358881292877e-08,3.1659096786476384e-13,5.3720873876736835e-08,1.1926511593113524e-07,3.746506396423931e-08,0.0029347867604856566,0.00023794904609431895,3.213323267755067e-17,0.9968267521019026,2.3209655831692783e-07
Random834
Raw:6.954358881292926e-08,3.165909678647684e-13,5.372087387673722e-08,1.1926511593113694e-07,3.746506396423931e-08,0.0029347867604856566,0.00023794904609431895,3.213323267755136e-17,0.9968267521019026,2.3209655831692783e-07
EFT:6.954358881292877e-08,3.1659096786476384e-13,5.3720873876736835e-08,1.1926511593113524e-07,3.746506396423931e-08,0.0029347867604856566,0.00023794904609431895,3.213323267755067e-17,0.9968267521019026,2.3209655831692783e-07
Random835
Raw:6.954358881292877e-08,3.1659096786476384e-13,5.3720873876736835e-08,1.1926511593113524e-07,3.746506396423931e-08,0.0029347867604856566,0.00023794904609431895,3.213323267755067e-17,0.9968267521019026,2.3209655831692783e-07
EFT:6.954358881292877e-08,3.1659096786476384e-13,5.3720873876736835e-08,1.1926511593113524e-07,3.746506396423931e-08,0.0029347867604856566,0.00023794904609431895,3.213323267755067e-17,0.9968267521019026,2.3209655831692783e-07
Random836
Raw:6.954358881292828e-08,3.165909678647616e-13,5.372087387673722e-08,1.192651159311361e-07,3.746506396423931e-08,0.0029347867604856566,0.00023794904609431553,3.213323267755045e-17,0.9968267521019026,2.320965583169262e-07
EFT:6.954358881292877e-08,3.1659096786476384e-13,5.3720873876736835e-08,1.1926511593113524e-07,3.746506396423931e-08,0.0029347867604856566,0.00023794904609431895,3.213323267755067e-17,0.9968267521019026,2.3209655831692783e-07
Random837
Raw:6.954358881292877e-08,3.1659096786476616e-13,5.3720873876736835e-08,1.192651159311361e-07,3.746506396423905e-08,0.002934786760485615,0.00023794904609431895,3.21332326775509e-17,0.9968267521019026,2.320965583169262e-07
EFT:6.954358881292877e-08,3.1659096786476384e-13,5.3720873876736835e-08,1.1926511593113524e-07,3.746506396423931e-08,0.0029347867604856566,0.00023794904609431895,3.213323267755067e-17,0.9968267521019026,2.3209655831692783e-07
Random838
Raw:6.954358881292877e-08,3.1659096786476616e-13,5.372087387673722e-08,1.192651159311361e-07,3.746506396423931e-08,0.002934786760485615,0.00023794904609431895,3.21332326775509e-17,0.9968267521019026,2.320965583169262e-07
EFT:6.954358881292877e-08,3.1659096786476384e-13,5.3720873876736835e-08,1.1926511593113524e-07,3.746506396423931e-08,0.0029347867604856566,0.00023794904609431895,3.213323267755067e-17,0.9968267521019026,2.3209655831692783e-07
Random839
Raw:6.954358881292778e-08,3.165909678647616e-13,5.372087387673645e-08,1.1926511593113524e-07,3.7465063964238784e-08,0.002934786760485615,0.00023794904609431553,3.213323267755045e-17,0.9968267521019026,2.3209655831692453e-07
EFT:6.954358881292877e-08,3.1659096786476384e-13,5.3720873876736835e-08,1.1926511593113524e-07,3.746506396423931e-08,0.0029347867604856566,0.00023794904609431895,3.213323267755067e-17,0.9968267521019026,2.3209655831692783e-07
Random840
Raw:6.954358881292877e-08,3.1659096786476616e-13,5.372087387673722e-08,1.192651159311361e-07,3.746506396423931e-08,0.002934786760485615,0.00023794904609431895,3.21332326775509e-17,0.9968267521019026,2.320965583169262e-07
EFT:6.954358881292877e-08,3.1659096786476384e-13,5.3720873876736835e-08,1.1926511593113524e-07,3.746506396423931e-08,0.0029347867604856566,0.00023794904609431895,3.213323267755067e-17,0.9968267521019026,2.3209655831692783e-07
Random841
Raw:6.954358881292828e-08,3.1659096786476384e-13,5.372087387673722e-08,1.192651159311361e-07,3.746506396423905e-08,0.002934786760485615,0.00023794904609431553,3.21332326775509e-17,0.9968267521019026,2.320965583169262e-07
EFT:6.954358881292877e-08,3.1659096786476384e-13,5.3720873876736835e-08,1.1926511593113524e-07,3.746506396423931e-08,0.0029347867604856566,0.00023794904609431895,3.213323267755067e-17,0.9968267521019026,2.3209655831692783e-07
Random842
Raw:6.954358881292877e-08,3.1659096786476384e-13,5.3720873876736835e-08,1.1926511593113524e-07,3.746506396423931e-08,0.0029347867604856566,0.00023794904609431895,3.213323267755067e-17,0.9968267521019026,2.3209655831692783e-07
EFT:6.954358881292877e-08,3.1659096786476384e-13,5.3720873876736835e-08,1.1926511593113524e-07,3.746506396423931e-08,0.0029347867604856566,0.00023794904609431895,3.213323267755067e-17,0.9968267521019026,2.3209655831692783e-07
Random843
Raw:6.954358881292926e-08,3.1659096786476616e-13,5.372087387673722e-08,1.192651159311361e-07,3.746506396423931e-08,0.0029347867604856566,0.00023794904609431895,3.21332326775509e-17,0.9968267521019026,2.3209655831692783e-07
EFT:6.954358881292877e-08,3.1659096786476384e-13,5.3720873876736835e-08,1.1926511593113524e-07,3.746506396423931e-08,0.0029347867604856566,0.00023794904609431895,3.213323267755067e-17,0.9968267521019026,2.3209655831692783e-07
Random844
Raw:6.954358881292926e-08,3.1659096786476616e-13,5.372087387673722e-08,1.192651159311361e-07,3.746506396423957e-08,0.0029347867604856566,0.00023794904609431895,3.213323267755067e-17,0.9968267521019026,2.3209655831692783e-07
EFT:6.954358881292877e-08,3.1659096786476384e-13,5.3720873876736835e-08,1.1926511593113524e-07,3.746506396423931e-08,0.0029347867604856566,0.00023794904609431895,3.213323267755067e-17,0.9968267521019026,2.3209655831692783e-07
Random845
Raw:6.954358881292926e-08,3.165909678647684e-13,5.3720873876737596e-08,1.1926511593113694e-07,3.746506396423957e-08,0.0029347867604856566,0.00023794904609431895,3.213323267755113e-17,0.9968267521019026,2.3209655831692948e-07
EFT:6.954358881292877e-08,3.1659096786476384e-13,5.3720873876736835e-08,1.1926511593113524e-07,3.746506396423931e-08,0.0029347867604856566,0.00023794904609431895,3.213323267755067e-17,0.9968267521019026,2.3209655831692783e-07
Random846
Raw:6.954358881292877e-08,3.1659096786476384e-13,5.372087387673722e-08,1.192651159311361e-07,3.746506396423931e-08,0.0029347867604856566,0.00023794904609431895,3.213323267754999e-17,0.9968267521019026,2.320965583169262e-07
EFT:6.954358881292877e-08,3.1659096786476384e-13,5.3720873876736835e-08,1.1926511593113524e-07,3.746506396423931e-08,0.0029347867604856566,0.00023794904609431895,3.213323267755067e-17,0.9968267521019026,2.3209655831692783e-07
Random847
Raw:6.954358881292778e-08,3.165909678647616e-13,5.372087387673645e-08,1.192651159311344e-07,3.7465063964238784e-08,0.002934786760485615,0.00023794904609431553,3.213323267754999e-17,0.9968267521019026,2.3209655831692453e-07
EFT:6.954358881292877e-08,3.1659096786476384e-13,5.3720873876736835e-08,1.1926511593113524e-07,3.746506396423931e-08,0.0029347867604856566,0.00023794904609431895,3.213323267755067e-17,0.9968267521019026,2.3209655831692783e-07
Random848
Raw:6.954358881292926e-08,3.1659096786476616e-13,5.372087387673722e-08,1.192651159311361e-07,3.746506396423931e-08,0.0029347867604856566,0.00023794904609431895,3.21332326775509e-17,0.9968267521019026,2.3209655831692783e-07
EFT:6.954358881292877e-08,3.1659096786476384e-13,5.3720873876736835e-08,1.1926511593113524e-07,3.746506396423931e-08,0.0029347867604856566,0.00023794904609431895,3.213323267755067e-17,0.9968267521019026,2.3209655831692783e-07
Random849
Raw:6.954358881292828e-08,3.1659096786476616e-13,5.3720873876736835e-08,1.192651159311361e-07,3.746506396423931e-08,0.002934786760485615,0.00023794904609431553,3.213323267755113e-17,0.9968267521019026,2.3209655831692783e-07
EFT:6.954358881292877e-08,3.1659096786476384e-13,5.3720873876736835e-08,1.1926511593113524e-07,3.746506396423931e-08,0.0029347867604856566,0.00023794904609431895,3.213323267755067e-17,0.9968267521019026,2.3209655831692783e-07
Random850
Raw:6.954358881292828e-08,3.1659096786476384e-13,5.3720873876736835e-08,1.1926511593113524e-07,3.746506396423905e-08,0.0029347867604856566,0.00023794904609431895,3.213323267755045e-17,0.9968267521019026,2.3209655831692453e-07
EFT:6.954358881292877e-08,3.1659096786476384e-13,5.3720873876736835e-08,1.1926511593113524e-07,3.746506396423931e-08,0.0029347867604856566,0.00023794904609431895,3.213323267755067e-17,0.9968267521019026,2.3209655831692783e-07
Random851
Raw:6.954358881292828e-08,3.165909678647616e-13,5.372087387673645e-08,1.192651159311344e-07,3.7465063964238784e-08,0.002934786760485615,0.00023794904609431553,3.213323267755045e-17,0.9968267521019026,2.3209655831692453e-07
EFT:6.954358881292877e-08,3.1659096786476384e-13,5.3720873876736835e-08,1.1926511593113524e-07,3.746506396423931e-08,0.0029347867604856566,0.00023794904609431895,3.213323267755067e-17,0.9968267521019026,2.3209655831692783e-07
Random852
Raw:6.954358881292778e-08,3.165909678647616e-13,5.372087387673645e-08,1.1926511593113524e-07,3.7465063964238784e-08,0.002934786760485615,0.00023794904609431553,3.213323267755045e-17,0.9968267521019026,2.3209655831692453e-07
EFT:6.954358881292877e-08,3.1659096786476384e-13,5.3720873876736835e-08,1.1926511593113524e-07,3.746506396423931e-08,0.0029347867604856566,0.00023794904609431895,3.213323267755067e-17,0.9968267521019026,2.3209655831692783e-07
Random853
Raw:6.954358881292926e-08,3.1659096786476616e-13,5.372087387673722e-08,1.192651159311361e-07,3.746506396423957e-08,0.0029347867604856566,0.00023794904609431895,3.213323267755113e-17,0.9968267521019026,2.3209655831692948e-07
EFT:6.954358881292877e-08,3.1659096786476384e-13,5.3720873876736835e-08,1.1926511593113524e-07,3.746506396423931e-08,0.0029347867604856566,0.00023794904609431895,3.213323267755067e-17,0.9968267521019026,2.3209655831692783e-07
Random854
Raw:6.954358881292828e-08,3.165909678647616e-13,5.3720873876736835e-08,1.1926511593113524e-07,3.746506396423905e-08,0.002934786760485615,0.00023794904609431553,3.213323267755045e-17,0.9968267521019026,2.320965583169262e-07
EFT:6.954358881292877e-08,3.1659096786476384e-13,5.3720873876736835e-08,1.1926511593113524e-07,3.746506396423931e-08,0.0029347867604856566,0.00023794904609431895,3.213323267755067e-17,0.9968267521019026,2.3209655831692783e-07
Random855
Raw:6.954358881292828e-08,3.1659096786476384e-13,5.372087387673645e-08,1.1926511593113524e-07,3.746506396423931e-08,0.002934786760485615,0.00023794904609431553,3.213323267755067e-17,0.9968267521019026,2.320965583169262e-07
EFT:6.954358881292877e-08,3.1659096786476384e-13,5.3720873876736835e-08,1.1926511593113524e-07,3.746506396423931e-08,0.0029347867604856566,0.00023794904609431895,3.213323267755067e-17,0.9968267521019026,2.3209655831692783e-07
Random856
Raw:6.954358881292828e-08,3.1659096786476616e-13,5.3720873876736835e-08,1.1926511593113524e-07,3.746506396423905e-08,0.002934786760485615,0.00023794904609431553,3.21332326775509e-17,0.9968267521019026,2.320965583169262e-07
EFT:6.954358881292877e-08,3.1659096786476384e-13,5.3720873876736835e-08,1.1926511593113524e-07,3.746506396423931e-08,0.0029347867604856566,0.00023794904609431895,3.213323267755067e-17,0.9968267521019026,2.3209655831692783e-07
Random857
Raw:6.954358881292729e-08,3.165909678647572e-13,5.372087387673645e-08,1.192651159311344e-07,3.7465063964238784e-08,0.002934786760485615,0.00023794904609431553,3.2133232677549763e-17,0.9968267521019026,2.3209655831692288e-07
EFT:6.954358881292877e-08,3.1659096786476384e-13,5.3720873876736835e-08,1.1926511593113524e-07,3.746506396423931e-08,0.0029347867604856566,0.00023794904609431895,3.213323267755067e-17,0.9968267521019026,2.3209655831692783e-07
Random858
Raw:6.954358881292828e-08,3.1659096786476616e-13,5.3720873876736835e-08,1.1926511593113524e-07,3.746506396423905e-08,0.002934786760485615,0.00023794904609431553,3.21332326775509e-17,0.9968267521019026,2.320965583169262e-07
EFT:6.954358881292877e-08,3.1659096786476384e-13,5.3720873876736835e-08,1.1926511593113524e-07,3.746506396423931e-08,0.0029347867604856566,0.00023794904609431895,3.213323267755067e-17,0.9968267521019026,2.3209655831692783e-07
Random859
Raw:6.954358881292828e-08,3.1659096786476384e-13,5.372087387673722e-08,1.192651159311361e-07,3.746506396423931e-08,0.0029347867604856566,0.00023794904609431895,3.213323267755045e-17,0.9968267521019026,2.320965583169262e-07
EFT:6.954358881292877e-08,3.1659096786476384e-13,5.3720873876736835e-08,1.1926511593113524e-07,3.746506396423931e-08,0.0029347867604856566,0.00023794904609431895,3.213323267755067e-17,0.9968267521019026,2.3209655831692783e-07
Random860
Raw:6.954358881292926e-08,3.165909678647684e-13,5.372087387673722e-08,1.1926511593113694e-07,3.746506396423931e-08,0.0029347867604856566,0.00023794904609431895,3.213323267755113e-17,0.9968267521019026,2.3209655831692783e-07
EFT:6.954358881292877e-08,3.1659096786476384e-13,5.3720873876736835e-08,1.1926511593113524e-07,3.746506396423931e-08,0.0029347867604856566,0.00023794904609431895,3.213323267755067e-17,0.9968267521019026,2.3209655831692783e-07
Random861
Raw:6.954358881292926e-08,3.1659096786476616e-13,5.372087387673722e-08,1.192651159311361e-07,3.746506396423931e-08,0.0029347867604856566,0.0002379490460943223,3.213323267755045e-17,0.9968267521019026,2.320965583169262e-07
EFT:6.954358881292877e-08,3.1659096786476384e-13,5.3720873876736835e-08,1.1926511593113524e-07,3.746506396423931e-08,0.0029347867604856566,0.00023794904609431895,3.213323267755067e-17,0.9968267521019026,2.3209655831692783e-07
Random862
Raw:6.954358881292828e-08,3.165909678647616e-13,5.3720873876736835e-08,1.1926511593113524e-07,3.746506396423905e-08,0.002934786760485615,0.00023794904609431553,3.213323267755045e-17,0.9968267521019026,2.320965583169262e-07
EFT:6.954358881292877e-08,3.1659096786476384e-13,5.3720873876736835e-08,1.1926511593113524e-07,3.746506396423931e-08,0.0029347867604856566,0.00023794904609431895,3.213323267755067e-17,0.9968267521019026,2.3209655831692783e-07
Random863
Raw:6.954358881292828e-08,3.1659096786476384e-13,5.372087387673722e-08,1.192651159311361e-07,3.746506396423905e-08,0.0029347867604856566,0.00023794904609431553,3.21332326775509e-17,0.9968267521019026,2.320965583169262e-07
EFT:6.954358881292877e-08,3.1659096786476384e-13,5.3720873876736835e-08,1.1926511593113524e-07,3.746506396423931e-08,0.0029347867604856566,0.00023794904609431895,3.213323267755067e-17,0.9968267521019026,2.3209655831692783e-07
Random864
Raw:6.954358881292877e-08,3.1659096786476384e-13,5.3720873876736835e-08,1.1926511593113524e-07,3.746506396423905e-08,0.0029347867604856566,0.00023794904609431895,3.213323267755022e-17,0.9968267521019026,2.320965583169262e-07
EFT:6.954358881292877e-08,3.1659096786476384e-13,5.3720873876736835e-08,1.1926511593113524e-07,3.746506396423931e-08,0.0029347867604856566,0.00023794904609431895,3.213323267755067e-17,0.9968267521019026,2.3209655831692783e-07
Random865
Raw:6.954358881292828e-08,3.165909678647616e-13,5.372087387673645e-08,1.192651159311344e-07,3.7465063964238784e-08,0.002934786760485615,0.00023794904609431553,3.213323267755045e-17,0.9968267521019026,2.3209655831692453e-07
EFT:6.954358881292877e-08,3.1659096786476384e-13,5.3720873876736835e-08,1.1926511593113524e-07,3.746506396423931e-08,0.0029347867604856566,0.00023794904609431895,3.213323267755067e-17,0.9968267521019026,2.3209655831692783e-07
Random866
Raw:6.954358881292877e-08,3.1659096786476616e-13,5.372087387673722e-08,1.192651159311361e-07,3.746506396423931e-08,0.002934786760485615,0.00023794904609431895,3.21332326775509e-17,0.9968267521019026,2.320965583169262e-07
EFT:6.954358881292877e-08,3.1659096786476384e-13,5.3720873876736835e-08,1.1926511593113524e-07,3.746506396423931e-08,0.0029347867604856566,0.00023794904609431895,3.213323267755067e-17,0.9968267521019026,2.3209655831692783e-07
Random867
Raw:6.954358881292828e-08,3.165909678647616e-13,5.372087387673722e-08,1.192651159311361e-07,3.746506396423931e-08,0.0029347867604856566,0.00023794904609431553,3.213323267755045e-17,0.9968267521019026,2.320965583169262e-07
EFT:6.954358881292877e-08,3.1659096786476384e-13,5.3720873876736835e-08,1.1926511593113524e-07,3.746506396423931e-08,0.0029347867604856566,0.00023794904609431895,3.213323267755067e-17,0.9968267521019026,2.3209655831692783e-07
Random868
Raw:6.954358881292828e-08,3.1659096786476384e-13,5.372087387673645e-08,1.192651159311344e-07,3.746506396423905e-08,0.002934786760485615,0.00023794904609431553,3.213323267755067e-17,0.9968267521019026,2.320965583169262e-07
EFT:6.954358881292877e-08,3.1659096786476384e-13,5.3720873876736835e-08,1.1926511593113524e-07,3.746506396423931e-08,0.0029347867604856566,0.00023794904609431895,3.213323267755067e-17,0.9968267521019026,2.3209655831692783e-07
Random869
Raw:6.954358881292926e-08,3.1659096786476616e-13,5.372087387673722e-08,1.192651159311361e-07,3.746506396423931e-08,0.0029347867604856566,0.00023794904609431895,3.21332326775509e-17,0.9968267521019026,2.3209655831692783e-07
EFT:6.954358881292877e-08,3.1659096786476384e-13,5.3720873876736835e-08,1.1926511593113524e-07,3.746506396423931e-08,0.0029347867604856566,0.00023794904609431895,3.213323267755067e-17,0.9968267521019026,2.3209655831692783e-07
Random870
Raw:6.954358881292877e-08,3.1659096786476384e-13,5.3720873876736835e-08,1.1926511593113524e-07,3.746506396423931e-08,0.0029347867604856566,0.00023794904609431895,3.213323267755067e-17,0.9968267521019026,2.3209655831692783e-07
EFT:6.954358881292877e-08,3.1659096786476384e-13,5.3720873876736835e-08,1.1926511593113524e-07,3.746506396423931e-08,0.0029347867604856566,0.00023794904609431895,3.213323267755067e-17,0.9968267521019026,2.3209655831692783e-07
Random871
Raw:6.954358881292926e-08,3.1659096786476616e-13,5.372087387673722e-08,1.192651159311361e-07,3.746506396423957e-08,0.0029347867604856566,0.00023794904609431895,3.213323267755067e-17,0.9968267521019026,2.3209655831692783e-07
EFT:6.954358881292877e-08,3.1659096786476384e-13,5.3720873876736835e-08,1.1926511593113524e-07,3.746506396423931e-08,0.0029347867604856566,0.00023794904609431895,3.213323267755067e-17,0.9968267521019026,2.3209655831692783e-07
Random872
Raw:6.954358881292976e-08,3.165909678647684e-13,5.3720873876737596e-08,1.1926511593113694e-07,3.746506396423957e-08,0.0029347867604856566,0.0002379490460943223,3.213323267755113e-17,0.9968267521019026,2.3209655831692948e-07
EFT:6.954358881292877e-08,3.1659096786476384e-13,5.3720873876736835e-08,1.1926511593113524e-07,3.746506396423931e-08,0.0029347867604856566,0.00023794904609431895,3.213323267755067e-17,0.9968267521019026,2.3209655831692783e-07
Random873
Raw:6.954358881292926e-08,3.1659096786476616e-13,5.372087387673722e-08,1.192651159311361e-07,3.746506396423957e-08,0.0029347867604856566,0.00023794904609431895,3.213323267755067e-17,0.9968267521019026,2.3209655831692783e-07
EFT:6.954358881292877e-08,3.1659096786476384e-13,5.3720873876736835e-08,1.1926511593113524e-07,3.746506396423931e-08,0.0029347867604856566,0.00023794904609431895,3.213323267755067e-17,0.9968267521019026,2.3209655831692783e-07
Random874
Raw:6.954358881292877e-08,3.1659096786476384e-13,5.3720873876736835e-08,1.1926511593113524e-07,3.746506396423905e-08,0.0029347867604856566,0.00023794904609431895,3.213323267755045e-17,0.9968267521019026,2.320965583169262e-07
EFT:6.954358881292877e-08,3.1659096786476384e-13,5.3720873876736835e-08,1.1926511593113524e-07,3.746506396423931e-08,0.0029347867604856566,0.00023794904609431895,3.213323267755067e-17,0.9968267521019026,2.3209655831692783e-07
Random875
Raw:6.954358881292828e-08,3.165909678647616e-13,5.3720873876736835e-08,1.1926511593113524e-07,3.746506396423905e-08,0.002934786760485615,0.00023794904609431553,3.213323267755045e-17,0.9968267521019026,2.320965583169262e-07
EFT:6.954358881292877e-08,3.1659096786476384e-13,5.3720873876736835e-08,1.1926511593113524e-07,3.746506396423931e-08,0.0029347867604856566,0.00023794904609431895,3.213323267755067e-17,0.9968267521019026,2.3209655831692783e-07
Random876
Raw:6.954358881292877e-08,3.1659096786476384e-13,5.3720873876736835e-08,1.1926511593113524e-07,3.746506396423905e-08,0.0029347867604856566,0.00023794904609431895,3.213323267755045e-17,0.9968267521019026,2.320965583169262e-07
EFT:6.954358881292877e-08,3.1659096786476384e-13,5.3720873876736835e-08,1.1926511593113524e-07,3.746506396423931e-08,0.0029347867604856566,0.00023794904609431895,3.213323267755067e-17,0.9968267521019026,2.3209655831692783e-07
Random877
Raw:6.954358881292828e-08,3.1659096786476384e-13,5.3720873876736835e-08,1.1926511593113524e-07,3.746506396423931e-08,0.0029347867604856566,0.00023794904609431895,3.213323267755067e-17,0.9968267521019026,2.3209655831692783e-07
EFT:6.954358881292877e-08,3.1659096786476384e-13,5.3720873876736835e-08,1.1926511593113524e-07,3.746506396423931e-08,0.0029347867604856566,0.00023794904609431895,3.213323267755067e-17,0.9968267521019026,2.3209655831692783e-07
Random878
Raw:6.954358881292828e-08,3.1659096786476616e-13,5.3720873876736835e-08,1.1926511593113524e-07,3.746506396423905e-08,0.002934786760485615,0.00023794904609431553,3.21332326775509e-17,0.9968267521019026,2.320965583169262e-07
EFT:6.954358881292877e-08,3.1659096786476384e-13,5.3720873876736835e-08,1.1926511593113524e-07,3.746506396423931e-08,0.0029347867604856566,0.00023794904609431895,3.213323267755067e-17,0.9968267521019026,2.3209655831692783e-07
Random879
Raw:6.954358881292877e-08,3.1659096786476616e-13,5.372087387673722e-08,1.192651159311361e-07,3.746506396423931e-08,0.002934786760485615,0.00023794904609431895,3.21332326775509e-17,0.9968267521019026,2.320965583169262e-07
EFT:6.954358881292877e-08,3.1659096786476384e-13,5.3720873876736835e-08,1.1926511593113524e-07,3.746506396423931e-08,0.0029347867604856566,0.00023794904609431895,3.213323267755067e-17,0.9968267521019026,2.3209655831692783e-07
Random880
Raw:6.954358881292877e-08,3.1659096786476616e-13,5.372087387673722e-08,1.192651159311361e-07,3.746506396423931e-08,0.0029347867604856566,0.00023794904609431895,3.213323267755067e-17,0.9968267521019026,2.3209655831692783e-07
EFT:6.954358881292877e-08,3.1659096786476384e-13,5.3720873876736835e-08,1.1926511593113524e-07,3.746506396423931e-08,0.0029347867604856566,0.00023794904609431895,3.213323267755067e-17,0.9968267521019026,2.3209655831692783e-07
Random881
Raw:6.954358881292877e-08,3.1659096786476616e-13,5.372087387673722e-08,1.192651159311361e-07,3.746506396423931e-08,0.0029347867604856566,0.00023794904609431895,3.213323267755113e-17,0.9968267521019026,2.3209655831692783e-07
EFT:6.954358881292877e-08,3.1659096786476384e-13,5.3720873876736835e-08,1.1926511593113524e-07,3.746506396423931e-08,0.0029347867604856566,0.00023794904609431895,3.213323267755067e-17,0.9968267521019026,2.3209655831692783e-07
Random882
Raw:6.954358881292828e-08,3.1659096786476384e-13,5.372087387673722e-08,1.192651159311361e-07,3.746506396423931e-08,0.0029347867604856566,0.00023794904609431895,3.213323267755045e-17,0.9968267521019026,2.320965583169262e-07
EFT:6.954358881292877e-08,3.1659096786476384e-13,5.3720873876736835e-08,1.1926511593113524e-07,3.746506396423931e-08,0.0029347867604856566,0.00023794904609431895,3.213323267755067e-17,0.9968267521019026,2.3209655831692783e-07
Random883
Raw:6.954358881292828e-08,3.1659096786475935e-13,5.3720873876736835e-08,1.192651159311344e-07,3.746506396423905e-08,0.0029347867604856566,0.00023794904609431553,3.213323267754999e-17,0.9968267521019026,2.3209655831692453e-07
EFT:6.954358881292877e-08,3.1659096786476384e-13,5.3720873876736835e-08,1.1926511593113524e-07,3.746506396423931e-08,0.0029347867604856566,0.00023794904609431895,3.213323267755067e-17,0.9968267521019026,2.3209655831692783e-07
Random884
Raw:6.954358881292828e-08,3.1659096786476384e-13,5.372087387673722e-08,1.192651159311361e-07,3.746506396423931e-08,0.0029347867604856566,0.00023794904609431553,3.213323267755045e-17,0.9968267521019026,2.3209655831692783e-07
EFT:6.954358881292877e-08,3.1659096786476384e-13,5.3720873876736835e-08,1.1926511593113524e-07,3.746506396423931e-08,0.0029347867604856566,0.00023794904609431895,3.213323267755067e-17,0.9968267521019026,2.3209655831692783e-07
Random885
Raw:6.954358881292926e-08,3.1659096786476616e-13,5.372087387673722e-08,1.192651159311361e-07,3.746506396423957e-08,0.0029347867604856566,0.00023794904609431895,3.213323267755067e-17,0.9968267521019026,2.3209655831692783e-07
EFT:6.954358881292877e-08,3.1659096786476384e-13,5.3720873876736835e-08,1.1926511593113524e-07,3.746506396423931e-08,0.0029347867604856566,0.00023794904609431895,3.213323267755067e-17,0.9968267521019026,2.3209655831692783e-07
Random886
Raw:6.954358881292926e-08,3.1659096786476616e-13,5.372087387673722e-08,1.192651159311361e-07,3.746506396423931e-08,0.0029347867604856566,0.0002379490460943223,3.213323267755067e-17,0.9968267521019026,2.3209655831692783e-07
EFT:6.954358881292877e-08,3.1659096786476384e-13,5.3720873876736835e-08,1.1926511593113524e-07,3.746506396423931e-08,0.0029347867604856566,0.00023794904609431895,3.213323267755067e-17,0.9968267521019026,2.3209655831692783e-07
Random887
Raw:6.954358881292828e-08,3.1659096786476384e-13,5.3720873876736835e-08,1.1926511593113524e-07,3.746506396423905e-08,0.0029347867604856566,0.00023794904609431895,3.213323267755045e-17,0.9968267521019026,2.320965583169262e-07
EFT:6.954358881292877e-08,3.1659096786476384e-13,5.3720873876736835e-08,1.1926511593113524e-07,3.746506396423931e-08,0.0029347867604856566,0.00023794904609431895,3.213323267755067e-17,0.9968267521019026,2.3209655831692783e-07
Random888
Raw:6.954358881292828e-08,3.1659096786476616e-13,5.3720873876736835e-08,1.1926511593113524e-07,3.746506396423905e-08,0.002934786760485615,0.00023794904609431553,3.21332326775509e-17,0.9968267521019026,2.320965583169262e-07
EFT:6.954358881292877e-08,3.1659096786476384e-13,5.3720873876736835e-08,1.1926511593113524e-07,3.746506396423931e-08,0.0029347867604856566,0.00023794904609431895,3.213323267755067e-17,0.9968267521019026,2.3209655831692783e-07
Random889
Raw:6.954358881292877e-08,3.1659096786476616e-13,5.372087387673722e-08,1.192651159311361e-07,3.746506396423931e-08,0.002934786760485615,0.00023794904609431895,3.21332326775509e-17,0.9968267521019026,2.320965583169262e-07
EFT:6.954358881292877e-08,3.1659096786476384e-13,5.3720873876736835e-08,1.1926511593113524e-07,3.746506396423931e-08,0.0029347867604856566,0.00023794904609431895,3.213323267755067e-17,0.9968267521019026,2.3209655831692783e-07
Random890
Raw:6.954358881292877e-08,3.1659096786476616e-13,5.372087387673722e-08,1.192651159311361e-07,3.746506396423931e-08,0.002934786760485615,0.00023794904609431895,3.21332326775509e-17,0.9968267521019026,2.320965583169262e-07
EFT:6.954358881292877e-08,3.1659096786476384e-13,5.3720873876736835e-08,1.1926511593113524e-07,3.746506396423931e-08,0.0029347867604856566,0.00023794904609431895,3.213323267755067e-17,0.9968267521019026,2.3209655831692783e-07
Random891
Raw:6.954358881292828e-08,3.1659096786476384e-13,5.372087387673645e-08,1.192651159311344e-07,3.746506396423905e-08,0.002934786760485615,0.00023794904609431553,3.213323267755067e-17,0.9968267521019026,2.320965583169262e-07
EFT:6.954358881292877e-08,3.1659096786476384e-13,5.3720873876736835e-08,1.1926511593113524e-07,3.746506396423931e-08,0.0029347867604856566,0.00023794904609431895,3.213323267755067e-17,0.9968267521019026,2.3209655831692783e-07
Random892
Raw:6.954358881292926e-08,3.165909678647684e-13,5.372087387673722e-08,1.192651159311361e-07,3.746506396423931e-08,0.0029347867604856566,0.00023794904609431895,3.213323267755136e-17,0.9968267521019026,2.3209655831692783e-07
EFT:6.954358881292877e-08,3.1659096786476384e-13,5.3720873876736835e-08,1.1926511593113524e-07,3.746506396423931e-08,0.0029347867604856566,0.00023794904609431895,3.213323267755067e-17,0.9968267521019026,2.3209655831692783e-07
Random893
Raw:6.954358881292828e-08,3.1659096786476384e-13,5.3720873876736835e-08,1.1926511593113524e-07,3.746506396423905e-08,0.0029347867604856566,0.00023794904609431895,3.213323267755045e-17,0.9968267521019026,2.3209655831692453e-07
EFT:6.954358881292877e-08,3.1659096786476384e-13,5.3720873876736835e-08,1.1926511593113524e-07,3.746506396423931e-08,0.0029347867604856566,0.00023794904609431895,3.213323267755067e-17,0.9968267521019026,2.3209655831692783e-07
Random894
Raw:6.954358881292877e-08,3.1659096786476616e-13,5.372087387673722e-08,1.192651159311361e-07,3.746506396423931e-08,0.002934786760485615,0.00023794904609431553,3.213323267755113e-17,0.9968267521019026,2.3209655831692948e-07
EFT:6.954358881292877e-08,3.1659096786476384e-13,5.3720873876736835e-08,1.1926511593113524e-07,3.746506396423931e-08,0.0029347867604856566,0.00023794904609431895,3.213323267755067e-17,0.9968267521019026,2.3209655831692783e-07
Random895
Raw:6.954358881292828e-08,3.1659096786476384e-13,5.3720873876736835e-08,1.1926511593113524e-07,3.746506396423905e-08,0.0029347867604856566,0.00023794904609431895,3.213323267755045e-17,0.9968267521019026,2.3209655831692453e-07
EFT:6.954358881292877e-08,3.1659096786476384e-13,5.3720873876736835e-08,1.1926511593113524e-07,3.746506396423931e-08,0.0029347867604856566,0.00023794904609431895,3.213323267755067e-17,0.9968267521019026,2.3209655831692783e-07
Random896
Raw:6.954358881292926e-08,3.1659096786476616e-13,5.372087387673722e-08,1.192651159311361e-07,3.746506396423957e-08,0.0029347867604856566,0.00023794904609431895,3.213323267755113e-17,0.9968267521019026,2.3209655831692948e-07
EFT:6.954358881292877e-08,3.1659096786476384e-13,5.3720873876736835e-08,1.1926511593113524e-07,3.746506396423931e-08,0.0029347867604856566,0.00023794904609431895,3.213323267755067e-17,0.9968267521019026,2.3209655831692783e-07
Random897
Raw:6.954358881292877e-08,3.1659096786476616e-13,5.372087387673722e-08,1.192651159311361e-07,3.746506396423931e-08,0.0029347867604856566,0.00023794904609431895,3.213323267755067e-17,0.9968267521019026,2.3209655831692783e-07
EFT:6.954358881292877e-08,3.1659096786476384e-13,5.3720873876736835e-08,1.1926511593113524e-07,3.746506396423931e-08,0.0029347867604856566,0.00023794904609431895,3.213323267755067e-17,0.9968267521019026,2.3209655831692783e-07
Random898
Raw:6.954358881292828e-08,3.1659096786476384e-13,5.372087387673722e-08,1.192651159311361e-07,3.746506396423931e-08,0.0029347867604856566,0.00023794904609431553,3.213323267755045e-17,0.9968267521019026,2.320965583169262e-07
EFT:6.954358881292877e-08,3.1659096786476384e-13,5.3720873876736835e-08,1.1926511593113524e-07,3.746506396423931e-08,0.0029347867604856566,0.00023794904609431895,3.213323267755067e-17,0.9968267521019026,2.3209655831692783e-07
Random899
Raw:6.954358881292828e-08,3.1659096786476384e-13,5.372087387673645e-08,1.1926511593113524e-07,3.746506396423931e-08,0.002934786760485615,0.00023794904609431553,3.213323267755067e-17,0.9968267521019026,2.320965583169262e-07
EFT:6.954358881292877e-08,3.1659096786476384e-13,5.3720873876736835e-08,1.1926511593113524e-07,3.746506396423931e-08,0.0029347867604856566,0.00023794904609431895,3.213323267755067e-17,0.9968267521019026,2.3209655831692783e-07
Random900
Raw:6.954358881292828e-08,3.165909678647616e-13,5.3720873876736835e-08,1.1926511593113524e-07,3.746506396423905e-08,0.002934786760485615,0.00023794904609431553,3.213323267755045e-17,0.9968267521019026,2.320965583169262e-07
EFT:6.954358881292877e-08,3.1659096786476384e-13,5.3720873876736835e-08,1.1926511593113524e-07,3.746506396423931e-08,0.0029347867604856566,0.00023794904609431895,3.213323267755067e-17,0.9968267521019026,2.3209655831692783e-07
Random901
Raw:6.954358881292877e-08,3.1659096786476384e-13,5.3720873876736835e-08,1.1926511593113524e-07,3.746506396423905e-08,0.0029347867604856566,0.00023794904609431895,3.213323267755045e-17,0.9968267521019026,2.320965583169262e-07
EFT:6.954358881292877e-08,3.1659096786476384e-13,5.3720873876736835e-08,1.1926511593113524e-07,3.746506396423931e-08,0.0029347867604856566,0.00023794904609431895,3.213323267755067e-17,0.9968267521019026,2.3209655831692783e-07
Random902
Raw:6.954358881292828e-08,3.1659096786476616e-13,5.372087387673722e-08,1.192651159311361e-07,3.746506396423905e-08,0.002934786760485615,0.00023794904609431553,3.213323267755113e-17,0.9968267521019026,2.320965583169262e-07
EFT:6.954358881292877e-08,3.1659096786476384e-13,5.3720873876736835e-08,1.1926511593113524e-07,3.746506396423931e-08,0.0029347867604856566,0.00023794904609431895,3.213323267755067e-17,0.9968267521019026,2.3209655831692783e-07
Random903
Raw:6.954358881292828e-08,3.165909678647616e-13,5.372087387673722e-08,1.192651159311361e-07,3.746506396423931e-08,0.0029347867604856566,0.00023794904609431553,3.213323267755045e-17,0.9968267521019026,2.320965583169262e-07
EFT:6.954358881292877e-08,3.1659096786476384e-13,5.3720873876736835e-08,1.1926511593113524e-07,3.746506396423931e-08,0.0029347867604856566,0.00023794904609431895,3.213323267755067e-17,0.9968267521019026,2.3209655831692783e-07
Random904
Raw:6.954358881292828e-08,3.165909678647616e-13,5.372087387673645e-08,1.192651159311344e-07,3.7465063964238784e-08,0.002934786760485615,0.00023794904609431553,3.213323267755045e-17,0.9968267521019026,2.3209655831692453e-07
EFT:6.954358881292877e-08,3.1659096786476384e-13,5.3720873876736835e-08,1.1926511593113524e-07,3.746506396423931e-08,0.0029347867604856566,0.00023794904609431895,3.213323267755067e-17,0.9968267521019026,2.3209655831692783e-07
Random905
Raw:6.954358881292828e-08,3.1659096786476384e-13,5.3720873876736835e-08,1.1926511593113524e-07,3.7465063964238784e-08,0.002934786760485615,0.00023794904609431553,3.21332326775509e-17,0.9968267521019026,2.320965583169262e-07
EFT:6.954358881292877e-08,3.1659096786476384e-13,5.3720873876736835e-08,1.1926511593113524e-07,3.746506396423931e-08,0.0029347867604856566,0.00023794904609431895,3.213323267755067e-17,0.9968267521019026,2.3209655831692783e-07
Random906
Raw:6.954358881292926e-08,3.1659096786476616e-13,5.372087387673722e-08,1.192651159311361e-07,3.746506396423957e-08,0.0029347867604856566,0.00023794904609431895,3.213323267755113e-17,0.9968267521019026,2.3209655831692948e-07
EFT:6.954358881292877e-08,3.1659096786476384e-13,5.3720873876736835e-08,1.1926511593113524e-07,3.746506396423931e-08,0.0029347867604856566,0.00023794904609431895,3.213323267755067e-17,0.9968267521019026,2.3209655831692783e-07
Random907
Raw:6.954358881292877e-08,3.1659096786476616e-13,5.372087387673722e-08,1.192651159311361e-07,3.746506396423931e-08,0.002934786760485615,0.00023794904609431553,3.213323267755113e-17,0.9968267521019026,2.3209655831692948e-07
EFT:6.954358881292877e-08,3.1659096786476384e-13,5.3720873876736835e-08,1.1926511593113524e-07,3.746506396423931e-08,0.0029347867604856566,0.00023794904609431895,3.213323267755067e-17,0.9968267521019026,2.3209655831692783e-07
Random908
Raw:6.954358881292926e-08,3.1659096786476616e-13,5.372087387673722e-08,1.192651159311361e-07,3.746506396423957e-08,0.0029347867604856566,0.00023794904609431895,3.213323267755067e-17,0.9968267521019026,2.3209655831692783e-07
EFT:6.954358881292877e-08,3.1659096786476384e-13,5.3720873876736835e-08,1.1926511593113524e-07,3.746506396423931e-08,0.0029347867604856566,0.00023794904609431895,3.213323267755067e-17,0.9968267521019026,2.3209655831692783e-07
Random909
Raw:6.954358881292828e-08,3.165909678647616e-13,5.3720873876736835e-08,1.1926511593113524e-07,3.746506396423905e-08,0.002934786760485615,0.00023794904609431553,3.213323267755045e-17,0.9968267521019026,2.320965583169262e-07
EFT:6.954358881292877e-08,3.1659096786476384e-13,5.3720873876736835e-08,1.1926511593113524e-07,3.746506396423931e-08,0.0029347867604856566,0.00023794904609431895,3.213323267755067e-17,0.9968267521019026,2.3209655831692783e-07
Random910
Raw:6.954358881292926e-08,3.165909678647616e-13,5.3720873876736835e-08,1.1926511593113524e-07,3.746506396423931e-08,0.0029347867604856566,0.0002379490460943223,3.213323267754999e-17,0.9968267521019026,2.3209655831692453e-07
EFT:6.954358881292877e-08,3.1659096786476384e-13,5.3720873876736835e-08,1.1926511593113524e-07,3.746506396423931e-08,0.0029347867604856566,0.00023794904609431895,3.213323267755067e-17,0.9968267521019026,2.3209655831692783e-07
Random911
Raw:6.954358881292828e-08,3.1659096786476384e-13,5.3720873876736835e-08,1.1926511593113524e-07,3.746506396423931e-08,0.002934786760485615,0.00023794904609431553,3.213323267755067e-17,0.9968267521019026,2.320965583169262e-07
EFT:6.954358881292877e-08,3.1659096786476384e-13,5.3720873876736835e-08,1.1926511593113524e-07,3.746506396423931e-08,0.0029347867604856566,0.00023794904609431895,3.213323267755067e-17,0.9968267521019026,2.3209655831692783e-07
Random912
Raw:6.954358881292778e-08,3.165909678647616e-13,5.372087387673645e-08,1.1926511593113524e-07,3.7465063964238784e-08,0.002934786760485615,0.00023794904609431553,3.213323267755045e-17,0.9968267521019026,2.3209655831692453e-07
EFT:6.954358881292877e-08,3.1659096786476384e-13,5.3720873876736835e-08,1.1926511593113524e-07,3.746506396423931e-08,0.0029347867604856566,0.00023794904609431895,3.213323267755067e-17,0.9968267521019026,2.3209655831692783e-07
Random913
Raw:6.954358881292778e-08,3.165909678647616e-13,5.372087387673645e-08,1.192651159311344e-07,3.7465063964238784e-08,0.002934786760485615,0.00023794904609431553,3.213323267754999e-17,0.9968267521019026,2.3209655831692453e-07
EFT:6.954358881292877e-08,3.1659096786476384e-13,5.3720873876736835e-08,1.1926511593113524e-07,3.746506396423931e-08,0.0029347867604856566,0.00023794904609431895,3.213323267755067e-17,0.9968267521019026,2.3209655831692783e-07
Random914
Raw:6.954358881292828e-08,3.1659096786476384e-13,5.3720873876736835e-08,1.1926511593113524e-07,3.746506396423931e-08,0.0029347867604856566,0.00023794904609431895,3.213323267755067e-17,0.9968267521019026,2.3209655831692783e-07
EFT:6.954358881292877e-08,3.1659096786476384e-13,5.3720873876736835e-08,1.1926511593113524e-07,3.746506396423931e-08,0.0029347867604856566,0.00023794904609431895,3.213323267755067e-17,0.9968267521019026,2.3209655831692783e-07
Random915
Raw:6.954358881292926e-08,3.1659096786476616e-13,5.372087387673722e-08,1.192651159311361e-07,3.746506396423957e-08,0.0029347867604856566,0.00023794904609431895,3.213323267755067e-17,0.9968267521019026,2.3209655831692948e-07
EFT:6.954358881292877e-08,3.1659096786476384e-13,5.3720873876736835e-08,1.1926511593113524e-07,3.746506396423931e-08,0.0029347867604856566,0.00023794904609431895,3.213323267755067e-17,0.9968267521019026,2.3209655831692783e-07
Random916
Raw:6.954358881292778e-08,3.1659096786475935e-13,5.372087387673645e-08,1.192651159311344e-07,3.7465063964238784e-08,0.002934786760485615,0.00023794904609431553,3.213323267754999e-17,0.9968267521019026,2.3209655831692453e-07
EFT:6.954358881292877e-08,3.1659096786476384e-13,5.3720873876736835e-08,1.1926511593113524e-07,3.746506396423931e-08,0.0029347867604856566,0.00023794904609431895,3.213323267755067e-17,0.9968267521019026,2.3209655831692783e-07
Random917
Raw:6.954358881292877e-08,3.165909678647616e-13,5.372087387673722e-08,1.192651159311361e-07,3.746506396423931e-08,0.0029347867604856566,0.00023794904609431895,3.213323267754999e-17,0.9968267521019026,2.320965583169262e-07
EFT:6.954358881292877e-08,3.1659096786476384e-13,5.3720873876736835e-08,1.1926511593113524e-07,3.746506396423931e-08,0.0029347867604856566,0.00023794904609431895,3.213323267755067e-17,0.9968267521019026,2.3209655831692783e-07
Random918
Raw:6.954358881292926e-08,3.1659096786476616e-13,5.372087387673722e-08,1.192651159311361e-07,3.746506396423931e-08,0.0029347867604856566,0.00023794904609431895,3.213323267755045e-17,0.9968267521019026,2.320965583169262e-07
EFT:6.954358881292877e-08,3.1659096786476384e-13,5.3720873876736835e-08,1.1926511593113524e-07,3.746506396423931e-08,0.0029347867604856566,0.00023794904609431895,3.213323267755067e-17,0.9968267521019026,2.3209655831692783e-07
Random919
Raw:6.954358881292778e-08,3.1659096786476384e-13,5.3720873876736835e-08,1.192651159311361e-07,3.7465063964238784e-08,0.002934786760485615,0.00023794904609431215,3.21332326775509e-17,0.9968267521019026,2.320965583169262e-07
EFT:6.954358881292877e-08,3.1659096786476384e-13,5.3720873876736835e-08,1.1926511593113524e-07,3.746506396423931e-08,0.0029347867604856566,0.00023794904609431895,3.213323267755067e-17,0.9968267521019026,2.3209655831692783e-07
Random920
Raw:6.954358881292828e-08,3.1659096786476384e-13,5.3720873876736835e-08,1.1926511593113524e-07,3.746506396423931e-08,0.0029347867604856566,0.00023794904609431895,3.213323267755067e-17,0.9968267521019026,2.3209655831692783e-07
EFT:6.954358881292877e-08,3.1659096786476384e-13,5.3720873876736835e-08,1.1926511593113524e-07,3.746506396423931e-08,0.0029347867604856566,0.00023794904609431895,3.213323267755067e-17,0.9968267521019026,2.3209655831692783e-07
Random921
Raw:6.954358881292828e-08,3.165909678647616e-13,5.372087387673645e-08,1.192651159311344e-07,3.7465063964238784e-08,0.002934786760485615,0.00023794904609431553,3.213323267755045e-17,0.9968267521019026,2.3209655831692453e-07
EFT:6.954358881292877e-08,3.1659096786476384e-13,5.3720873876736835e-08,1.1926511593113524e-07,3.746506396423931e-08,0.0029347867604856566,0.00023794904609431895,3.213323267755067e-17,0.9968267521019026,2.3209655831692783e-07
Random922
Raw:6.954358881292828e-08,3.1659096786476384e-13,5.3720873876736835e-08,1.1926511593113524e-07,3.746506396423931e-08,0.0029347867604856566,0.00023794904609431895,3.213323267755067e-17,0.9968267521019026,2.3209655831692783e-07
EFT:6.954358881292877e-08,3.1659096786476384e-13,5.3720873876736835e-08,1.1926511593113524e-07,3.746506396423931e-08,0.0029347867604856566,0.00023794904609431895,3.213323267755067e-17,0.9968267521019026,2.3209655831692783e-07
Random923
Raw:6.954358881292926e-08,3.1659096786476384e-13,5.372087387673722e-08,1.192651159311361e-07,3.746506396423931e-08,0.0029347867604856566,0.00023794904609431895,3.213323267755045e-17,0.9968267521019026,2.320965583169262e-07
EFT:6.954358881292877e-08,3.1659096786476384e-13,5.3720873876736835e-08,1.1926511593113524e-07,3.746506396423931e-08,0.0029347867604856566,0.00023794904609431895,3.213323267755067e-17,0.9968267521019026,2.3209655831692783e-07
Random924
Raw:6.954358881292828e-08,3.165909678647616e-13,5.3720873876736835e-08,1.1926511593113524e-07,3.746506396423905e-08,0.0029347867604856566,0.00023794904609431895,3.213323267754999e-17,0.9968267521019026,2.3209655831692453e-07
EFT:6.954358881292877e-08,3.1659096786476384e-13,5.3720873876736835e-08,1.1926511593113524e-07,3.746506396423931e-08,0.0029347867604856566,0.00023794904609431895,3.213323267755067e-17,0.9968267521019026,2.3209655831692783e-07
Random925
Raw:6.954358881292926e-08,3.1659096786476616e-13,5.372087387673722e-08,1.192651159311361e-07,3.746506396423931e-08,0.0029347867604856566,0.00023794904609431895,3.213323267755067e-17,0.9968267521019026,2.320965583169262e-07
EFT:6.954358881292877e-08,3.1659096786476384e-13,5.3720873876736835e-08,1.1926511593113524e-07,3.746506396423931e-08,0.0029347867604856566,0.00023794904609431895,3.213323267755067e-17,0.9968267521019026,2.3209655831692783e-07
Random926
Raw:6.954358881292926e-08,3.165909678647684e-13,5.3720873876737596e-08,1.1926511593113694e-07,3.746506396423957e-08,0.0029347867604856566,0.00023794904609431895,3.213323267755113e-17,0.9968267521019026,2.3209655831692948e-07
EFT:6.954358881292877e-08,3.1659096786476384e-13,5.3720873876736835e-08,1.1926511593113524e-07,3.746506396423931e-08,0.0029347867604856566,0.00023794904609431895,3.213323267755067e-17,0.9968267521019026,2.3209655831692783e-07
Random927
Raw:6.954358881292926e-08,3.1659096786476616e-13,5.372087387673722e-08,1.192651159311361e-07,3.746506396423931e-08,0.0029347867604856566,0.00023794904609431895,3.21332326775509e-17,0.9968267521019026,2.3209655831692783e-07
EFT:6.954358881292877e-08,3.1659096786476384e-13,5.3720873876736835e-08,1.1926511593113524e-07,3.746506396423931e-08,0.0029347867604856566,0.00023794904609431895,3.213323267755067e-17,0.9968267521019026,2.3209655831692783e-07
Random928
Raw:6.954358881292926e-08,3.1659096786476616e-13,5.372087387673722e-08,1.192651159311361e-07,3.746506396423957e-08,0.0029347867604856566,0.00023794904609431895,3.213323267755067e-17,0.9968267521019026,2.3209655831692948e-07
EFT:6.954358881292877e-08,3.1659096786476384e-13,5.3720873876736835e-08,1.1926511593113524e-07,3.746506396423931e-08,0.0029347867604856566,0.00023794904609431895,3.213323267755067e-17,0.9968267521019026,2.3209655831692783e-07
Random929
Raw:6.954358881292926e-08,3.1659096786476616e-13,5.372087387673722e-08,1.192651159311361e-07,3.746506396423931e-08,0.0029347867604856566,0.00023794904609431895,3.21332326775509e-17,0.9968267521019026,2.3209655831692783e-07
EFT:6.954358881292877e-08,3.1659096786476384e-13,5.3720873876736835e-08,1.1926511593113524e-07,3.746506396423931e-08,0.0029347867604856566,0.00023794904609431895,3.213323267755067e-17,0.9968267521019026,2.3209655831692783e-07
Random930
Raw:6.954358881292926e-08,3.1659096786476616e-13,5.372087387673722e-08,1.192651159311361e-07,3.746506396423931e-08,0.0029347867604856566,0.0002379490460943223,3.213323267755067e-17,0.9968267521019026,2.3209655831692783e-07
EFT:6.954358881292877e-08,3.1659096786476384e-13,5.3720873876736835e-08,1.1926511593113524e-07,3.746506396423931e-08,0.0029347867604856566,0.00023794904609431895,3.213323267755067e-17,0.9968267521019026,2.3209655831692783e-07
Random931
Raw:6.954358881292926e-08,3.1659096786476616e-13,5.372087387673722e-08,1.192651159311361e-07,3.746506396423957e-08,0.0029347867604856566,0.00023794904609431895,3.213323267755067e-17,0.9968267521019026,2.3209655831692948e-07
EFT:6.954358881292877e-08,3.1659096786476384e-13,5.3720873876736835e-08,1.1926511593113524e-07,3.746506396423931e-08,0.0029347867604856566,0.00023794904609431895,3.213323267755067e-17,0.9968267521019026,2.3209655831692783e-07
Random932
Raw:6.954358881292828e-08,3.165909678647616e-13,5.372087387673722e-08,1.1926511593113524e-07,3.746506396423931e-08,0.0029347867604856566,0.00023794904609431895,3.213323267754999e-17,0.9968267521019026,2.320965583169262e-07
EFT:6.954358881292877e-08,3.1659096786476384e-13,5.3720873876736835e-08,1.1926511593113524e-07,3.746506396423931e-08,0.0029347867604856566,0.00023794904609431895,3.213323267755067e-17,0.9968267521019026,2.3209655831692783e-07
Random933
Raw:6.954358881292926e-08,3.1659096786476616e-13,5.372087387673722e-08,1.192651159311361e-07,3.746506396423957e-08,0.0029347867604856566,0.00023794904609431895,3.213323267755067e-17,0.9968267521019026,2.3209655831692783e-07
EFT:6.954358881292877e-08,3.1659096786476384e-13,5.3720873876736835e-08,1.1926511593113524e-07,3.746506396423931e-08,0.0029347867604856566,0.00023794904609431895,3.213323267755067e-17,0.9968267521019026,2.3209655831692783e-07
Random934
Raw:6.954358881292828e-08,3.1659096786476384e-13,5.3720873876736835e-08,1.1926511593113524e-07,3.746506396423905e-08,0.0029347867604856566,0.00023794904609431895,3.213323267755045e-17,0.9968267521019026,2.320965583169262e-07
EFT:6.954358881292877e-08,3.1659096786476384e-13,5.3720873876736835e-08,1.1926511593113524e-07,3.746506396423931e-08,0.0029347867604856566,0.00023794904609431895,3.213323267755067e-17,0.9968267521019026,2.3209655831692783e-07
Random935
Raw:6.954358881292926e-08,3.1659096786476616e-13,5.372087387673722e-08,1.192651159311361e-07,3.746506396423931e-08,0.0029347867604856566,0.00023794904609431895,3.21332326775509e-17,0.9968267521019026,2.320965583169262e-07
EFT:6.954358881292877e-08,3.1659096786476384e-13,5.3720873876736835e-08,1.1926511593113524e-07,3.746506396423931e-08,0.0029347867604856566,0.00023794904609431895,3.213323267755067e-17,0.9968267521019026,2.3209655831692783e-07
Random936
Raw:6.954358881292877e-08,3.165909678647684e-13,5.372087387673722e-08,1.192651159311361e-07,3.746506396423931e-08,0.0029347867604856566,0.00023794904609431895,3.213323267755136e-17,0.9968267521019026,2.3209655831692783e-07
EFT:6.954358881292877e-08,3.1659096786476384e-13,5.3720873876736835e-08,1.1926511593113524e-07,3.746506396423931e-08,0.0029347867604856566,0.00023794904609431895,3.213323267755067e-17,0.9968267521019026,2.3209655831692783e-07
Random937
Raw:6.954358881292877e-08,3.1659096786476616e-13,5.372087387673722e-08,1.192651159311361e-07,3.746506396423931e-08,0.002934786760485615,0.00023794904609431895,3.21332326775509e-17,0.9968267521019026,2.320965583169262e-07
EFT:6.954358881292877e-08,3.1659096786476384e-13,5.3720873876736835e-08,1.1926511593113524e-07,3.746506396423931e-08,0.0029347867604856566,0.00023794904609431895,3.213323267755067e-17,0.9968267521019026,2.3209655831692783e-07
Random938
Raw:6.954358881292828e-08,3.165909678647616e-13,5.372087387673722e-08,1.192651159311361e-07,3.746506396423931e-08,0.0029347867604856566,0.00023794904609431553,3.213323267755045e-17,0.9968267521019026,2.320965583169262e-07
EFT:6.954358881292877e-08,3.1659096786476384e-13,5.3720873876736835e-08,1.1926511593113524e-07,3.746506396423931e-08,0.0029347867604856566,0.00023794904609431895,3.213323267755067e-17,0.9968267521019026,2.3209655831692783e-07
Random939
Raw:6.954358881292778e-08,3.1659096786475935e-13,5.372087387673645e-08,1.192651159311344e-07,3.7465063964238784e-08,0.002934786760485615,0.00023794904609431553,3.213323267754999e-17,0.9968267521019026,2.3209655831692453e-07
EFT:6.954358881292877e-08,3.1659096786476384e-13,5.3720873876736835e-08,1.1926511593113524e-07,3.746506396423931e-08,0.0029347867604856566,0.00023794904609431895,3.213323267755067e-17,0.9968267521019026,2.3209655831692783e-07
Random940
Raw:6.954358881292926e-08,3.1659096786476616e-13,5.372087387673722e-08,1.192651159311361e-07,3.746506396423957e-08,0.0029347867604856566,0.00023794904609431895,3.213323267755067e-17,0.9968267521019026,2.3209655831692783e-07
EFT:6.954358881292877e-08,3.1659096786476384e-13,5.3720873876736835e-08,1.1926511593113524e-07,3.746506396423931e-08,0.0029347867604856566,0.00023794904609431895,3.213323267755067e-17,0.9968267521019026,2.3209655831692783e-07
Random941
Raw:6.954358881292877e-08,3.1659096786476384e-13,5.3720873876736835e-08,1.1926511593113524e-07,3.746506396423905e-08,0.0029347867604856566,0.00023794904609431895,3.213323267755045e-17,0.9968267521019026,2.320965583169262e-07
EFT:6.954358881292877e-08,3.1659096786476384e-13,5.3720873876736835e-08,1.1926511593113524e-07,3.746506396423931e-08,0.0029347867604856566,0.00023794904609431895,3.213323267755067e-17,0.9968267521019026,2.3209655831692783e-07
Random942
Raw:6.954358881292926e-08,3.1659096786476616e-13,5.372087387673722e-08,1.192651159311361e-07,3.746506396423957e-08,0.0029347867604856566,0.00023794904609431895,3.213323267755067e-17,0.9968267521019026,2.3209655831692783e-07
EFT:6.954358881292877e-08,3.1659096786476384e-13,5.3720873876736835e-08,1.1926511593113524e-07,3.746506396423931e-08,0.0029347867604856566,0.00023794904609431895,3.213323267755067e-17,0.9968267521019026,2.3209655831692783e-07
Random943
Raw:6.954358881292926e-08,3.1659096786476616e-13,5.372087387673722e-08,1.192651159311361e-07,3.746506396423931e-08,0.0029347867604856566,0.00023794904609431895,3.213323267755067e-17,0.9968267521019026,2.320965583169262e-07
EFT:6.954358881292877e-08,3.1659096786476384e-13,5.3720873876736835e-08,1.1926511593113524e-07,3.746506396423931e-08,0.0029347867604856566,0.00023794904609431895,3.213323267755067e-17,0.9968267521019026,2.3209655831692783e-07
Random944
Raw:6.954358881292877e-08,3.1659096786476616e-13,5.372087387673722e-08,1.192651159311361e-07,3.746506396423931e-08,0.002934786760485615,0.00023794904609431895,3.21332326775509e-17,0.9968267521019026,2.320965583169262e-07
EFT:6.954358881292877e-08,3.1659096786476384e-13,5.3720873876736835e-08,1.1926511593113524e-07,3.746506396423931e-08,0.0029347867604856566,0.00023794904609431895,3.213323267755067e-17,0.9968267521019026,2.3209655831692783e-07
Random945
Raw:6.954358881292877e-08,3.1659096786476616e-13,5.372087387673722e-08,1.192651159311361e-07,3.746506396423957e-08,0.0029347867604856566,0.00023794904609431553,3.213323267755113e-17,0.9968267521019026,2.3209655831692948e-07
EFT:6.954358881292877e-08,3.1659096786476384e-13,5.3720873876736835e-08,1.1926511593113524e-07,3.746506396423931e-08,0.0029347867604856566,0.00023794904609431895,3.213323267755067e-17,0.9968267521019026,2.3209655831692783e-07
Random946
Raw:6.954358881292926e-08,3.1659096786477066e-13,5.3720873876737596e-08,1.1926511593113694e-07,3.746506396423957e-08,0.0029347867604856566,0.00023794904609431895,3.213323267755136e-17,0.9968267521019026,2.3209655831692948e-07
EFT:6.954358881292877e-08,3.1659096786476384e-13,5.3720873876736835e-08,1.1926511593113524e-07,3.746506396423931e-08,0.0029347867604856566,0.00023794904609431895,3.213323267755067e-17,0.9968267521019026,2.3209655831692783e-07
Random947
Raw:6.954358881292828e-08,3.1659096786476384e-13,5.372087387673645e-08,1.1926511593113524e-07,3.746506396423931e-08,0.002934786760485615,0.00023794904609431553,3.213323267755067e-17,0.9968267521019026,2.320965583169262e-07
EFT:6.954358881292877e-08,3.1659096786476384e-13,5.3720873876736835e-08,1.1926511593113524e-07,3.746506396423931e-08,0.0029347867604856566,0.00023794904609431895,3.213323267755067e-17,0.9968267521019026,2.3209655831692783e-07
Random948
Raw:6.954358881292828e-08,3.1659096786476616e-13,5.372087387673722e-08,1.192651159311361e-07,3.746506396423931e-08,0.0029347867604856566,0.00023794904609431553,3.21332326775509e-17,0.9968267521019026,2.3209655831692783e-07
EFT:6.954358881292877e-08,3.1659096786476384e-13,5.3720873876736835e-08,1.1926511593113524e-07,3.746506396423931e-08,0.0029347867604856566,0.00023794904609431895,3.213323267755067e-17,0.9968267521019026,2.3209655831692783e-07
Random949
Raw:6.954358881292828e-08,3.1659096786476384e-13,5.3720873876736835e-08,1.1926511593113524e-07,3.746506396423905e-08,0.0029347867604856566,0.00023794904609431895,3.213323267755045e-17,0.9968267521019026,2.3209655831692453e-07
EFT:6.954358881292877e-08,3.1659096786476384e-13,5.3720873876736835e-08,1.1926511593113524e-07,3.746506396423931e-08,0.0029347867604856566,0.00023794904609431895,3.213323267755067e-17,0.9968267521019026,2.3209655831692783e-07
Random950
Raw:6.954358881292926e-08,3.1659096786476616e-13,5.372087387673722e-08,1.192651159311361e-07,3.746506396423957e-08,0.0029347867604856566,0.00023794904609431895,3.213323267755067e-17,0.9968267521019026,2.3209655831692948e-07
EFT:6.954358881292877e-08,3.1659096786476384e-13,5.3720873876736835e-08,1.1926511593113524e-07,3.746506396423931e-08,0.0029347867604856566,0.00023794904609431895,3.213323267755067e-17,0.9968267521019026,2.3209655831692783e-07
Random951
Raw:6.954358881292926e-08,3.1659096786476616e-13,5.372087387673722e-08,1.192651159311361e-07,3.746506396423931e-08,0.0029347867604856566,0.00023794904609431895,3.21332326775509e-17,0.9968267521019026,2.3209655831692783e-07
EFT:6.954358881292877e-08,3.1659096786476384e-13,5.3720873876736835e-08,1.1926511593113524e-07,3.746506396423931e-08,0.0029347867604856566,0.00023794904609431895,3.213323267755067e-17,0.9968267521019026,2.3209655831692783e-07
Random952
Raw:6.954358881292976e-08,3.165909678647684e-13,5.3720873876737596e-08,1.1926511593113694e-07,3.746506396423957e-08,0.0029347867604856566,0.0002379490460943223,3.213323267755113e-17,0.9968267521019026,2.3209655831692948e-07
EFT:6.954358881292877e-08,3.1659096786476384e-13,5.3720873876736835e-08,1.1926511593113524e-07,3.746506396423931e-08,0.0029347867604856566,0.00023794904609431895,3.213323267755067e-17,0.9968267521019026,2.3209655831692783e-07
Random953
Raw:6.954358881292926e-08,3.1659096786476616e-13,5.372087387673722e-08,1.192651159311361e-07,3.746506396423931e-08,0.0029347867604856566,0.00023794904609431895,3.21332326775509e-17,0.9968267521019026,2.3209655831692783e-07
EFT:6.954358881292877e-08,3.1659096786476384e-13,5.3720873876736835e-08,1.1926511593113524e-07,3.746506396423931e-08,0.0029347867604856566,0.00023794904609431895,3.213323267755067e-17,0.9968267521019026,2.3209655831692783e-07
Random954
Raw:6.954358881292828e-08,3.165909678647616e-13,5.3720873876736835e-08,1.192651159311344e-07,3.746506396423905e-08,0.002934786760485615,0.00023794904609431895,3.213323267754999e-17,0.9968267521019026,2.3209655831692453e-07
EFT:6.954358881292877e-08,3.1659096786476384e-13,5.3720873876736835e-08,1.1926511593113524e-07,3.746506396423931e-08,0.0029347867604856566,0.00023794904609431895,3.213323267755067e-17,0.9968267521019026,2.3209655831692783e-07
Random955
Raw:6.954358881292926e-08,3.1659096786476616e-13,5.372087387673722e-08,1.192651159311361e-07,3.746506396423957e-08,0.0029347867604856566,0.00023794904609431895,3.213323267755067e-17,0.9968267521019026,2.3209655831692783e-07
EFT:6.954358881292877e-08,3.1659096786476384e-13,5.3720873876736835e-08,1.1926511593113524e-07,3.746506396423931e-08,0.0029347867604856566,0.00023794904609431895,3.213323267755067e-17,0.9968267521019026,2.3209655831692783e-07
Random956
Raw:6.954358881292828e-08,3.1659096786476384e-13,5.372087387673645e-08,1.192651159311344e-07,3.746506396423905e-08,0.002934786760485615,0.00023794904609431553,3.213323267755067e-17,0.9968267521019026,2.320965583169262e-07
EFT:6.954358881292877e-08,3.1659096786476384e-13,5.3720873876736835e-08,1.1926511593113524e-07,3.746506396423931e-08,0.0029347867604856566,0.00023794904609431895,3.213323267755067e-17,0.9968267521019026,2.3209655831692783e-07
Random957
Raw:6.954358881292926e-08,3.1659096786476616e-13,5.372087387673722e-08,1.192651159311361e-07,3.746506396423957e-08,0.0029347867604856566,0.00023794904609431895,3.213323267755067e-17,0.9968267521019026,2.3209655831692948e-07
EFT:6.954358881292877e-08,3.1659096786476384e-13,5.3720873876736835e-08,1.1926511593113524e-07,3.746506396423931e-08,0.0029347867604856566,0.00023794904609431895,3.213323267755067e-17,0.9968267521019026,2.3209655831692783e-07
Random958
Raw:6.954358881292926e-08,3.1659096786476616e-13,5.372087387673722e-08,1.192651159311361e-07,3.746506396423957e-08,0.0029347867604856566,0.00023794904609431895,3.213323267755067e-17,0.9968267521019026,2.3209655831692783e-07
EFT:6.954358881292877e-08,3.1659096786476384e-13,5.3720873876736835e-08,1.1926511593113524e-07,3.746506396423931e-08,0.0029347867604856566,0.00023794904609431895,3.213323267755067e-17,0.9968267521019026,2.3209655831692783e-07
Random959
Raw:6.954358881292778e-08,3.1659096786475935e-13,5.372087387673645e-08,1.192651159311344e-07,3.7465063964238784e-08,0.002934786760485615,0.00023794904609431553,3.213323267754999e-17,0.9968267521019026,2.3209655831692453e-07
EFT:6.954358881292877e-08,3.1659096786476384e-13,5.3720873876736835e-08,1.1926511593113524e-07,3.746506396423931e-08,0.0029347867604856566,0.00023794904609431895,3.213323267755067e-17,0.9968267521019026,2.3209655831692783e-07
Random960
Raw:6.954358881292877e-08,3.165909678647616e-13,5.3720873876736835e-08,1.1926511593113524e-07,3.746506396423931e-08,0.0029347867604856566,0.00023794904609431895,3.213323267755022e-17,0.9968267521019026,2.320965583169262e-07
EFT:6.954358881292877e-08,3.1659096786476384e-13,5.3720873876736835e-08,1.1926511593113524e-07,3.746506396423931e-08,0.0029347867604856566,0.00023794904609431895,3.213323267755067e-17,0.9968267521019026,2.3209655831692783e-07
Random961
Raw:6.954358881292778e-08,3.1659096786475935e-13,5.372087387673645e-08,1.192651159311344e-07,3.7465063964238784e-08,0.002934786760485615,0.00023794904609431553,3.213323267754999e-17,0.9968267521019026,2.3209655831692453e-07
EFT:6.954358881292877e-08,3.1659096786476384e-13,5.3720873876736835e-08,1.1926511593113524e-07,3.746506396423931e-08,0.0029347867604856566,0.00023794904609431895,3.213323267755067e-17,0.9968267521019026,2.3209655831692783e-07
Random962
Raw:6.954358881292877e-08,3.1659096786476616e-13,5.372087387673722e-08,1.192651159311361e-07,3.746506396423931e-08,0.0029347867604856566,0.00023794904609431895,3.21332326775509e-17,0.9968267521019026,2.3209655831692783e-07
EFT:6.954358881292877e-08,3.1659096786476384e-13,5.3720873876736835e-08,1.1926511593113524e-07,3.746506396423931e-08,0.0029347867604856566,0.00023794904609431895,3.213323267755067e-17,0.9968267521019026,2.3209655831692783e-07
Random963
Raw:6.954358881292926e-08,3.1659096786476616e-13,5.372087387673722e-08,1.192651159311361e-07,3.746506396423957e-08,0.0029347867604856566,0.00023794904609431895,3.213323267755067e-17,0.9968267521019026,2.3209655831692948e-07
EFT:6.954358881292877e-08,3.1659096786476384e-13,5.3720873876736835e-08,1.1926511593113524e-07,3.746506396423931e-08,0.0029347867604856566,0.00023794904609431895,3.213323267755067e-17,0.9968267521019026,2.3209655831692783e-07
Random964
Raw:6.954358881292828e-08,3.1659096786476616e-13,5.3720873876736835e-08,1.1926511593113524e-07,3.746506396423905e-08,0.002934786760485615,0.00023794904609431553,3.21332326775509e-17,0.9968267521019026,2.320965583169262e-07
EFT:6.954358881292877e-08,3.1659096786476384e-13,5.3720873876736835e-08,1.1926511593113524e-07,3.746506396423931e-08,0.0029347867604856566,0.00023794904609431895,3.213323267755067e-17,0.9968267521019026,2.3209655831692783e-07
Random965
Raw:6.954358881292877e-08,3.1659096786476384e-13,5.372087387673722e-08,1.1926511593113524e-07,3.746506396423931e-08,0.0029347867604856566,0.00023794904609431895,3.213323267755045e-17,0.9968267521019026,2.320965583169262e-07
EFT:6.954358881292877e-08,3.1659096786476384e-13,5.3720873876736835e-08,1.1926511593113524e-07,3.746506396423931e-08,0.0029347867604856566,0.00023794904609431895,3.213323267755067e-17,0.9968267521019026,2.3209655831692783e-07
Random966
Raw:6.954358881292828e-08,3.1659096786476384e-13,5.372087387673722e-08,1.192651159311361e-07,3.746506396423931e-08,0.0029347867604856566,0.00023794904609431553,3.213323267755045e-17,0.9968267521019026,2.320965583169262e-07
EFT:6.954358881292877e-08,3.1659096786476384e-13,5.3720873876736835e-08,1.1926511593113524e-07,3.746506396423931e-08,0.0029347867604856566,0.00023794904609431895,3.213323267755067e-17,0.9968267521019026,2.3209655831692783e-07
Random967
Raw:6.954358881292828e-08,3.1659096786476384e-13,5.372087387673722e-08,1.192651159311361e-07,3.746506396423905e-08,0.0029347867604856566,0.00023794904609431553,3.21332326775509e-17,0.9968267521019026,2.320965583169262e-07
EFT:6.954358881292877e-08,3.1659096786476384e-13,5.3720873876736835e-08,1.1926511593113524e-07,3.746506396423931e-08,0.0029347867604856566,0.00023794904609431895,3.213323267755067e-17,0.9968267521019026,2.3209655831692783e-07
Random968
Raw:6.954358881292976e-08,3.165909678647684e-13,5.3720873876737596e-08,1.1926511593113694e-07,3.746506396423957e-08,0.0029347867604856566,0.0002379490460943223,3.213323267755113e-17,0.9968267521019026,2.3209655831692948e-07
EFT:6.954358881292877e-08,3.1659096786476384e-13,5.3720873876736835e-08,1.1926511593113524e-07,3.746506396423931e-08,0.0029347867604856566,0.00023794904609431895,3.213323267755067e-17,0.9968267521019026,2.3209655831692783e-07
Random969
Raw:6.954358881292828e-08,3.1659096786476616e-13,5.3720873876736835e-08,1.1926511593113524e-07,3.746506396423905e-08,0.002934786760485615,0.00023794904609431553,3.21332326775509e-17,0.9968267521019026,2.320965583169262e-07
EFT:6.954358881292877e-08,3.1659096786476384e-13,5.3720873876736835e-08,1.1926511593113524e-07,3.746506396423931e-08,0.0029347867604856566,0.00023794904609431895,3.213323267755067e-17,0.9968267521019026,2.3209655831692783e-07
Random970
Raw:6.954358881292828e-08,3.1659096786476384e-13,5.3720873876736835e-08,1.1926511593113524e-07,3.746506396423905e-08,0.0029347867604856566,0.00023794904609431895,3.213323267755045e-17,0.9968267521019026,2.3209655831692453e-07
EFT:6.954358881292877e-08,3.1659096786476384e-13,5.3720873876736835e-08,1.1926511593113524e-07,3.746506396423931e-08,0.0029347867604856566,0.00023794904609431895,3.213323267755067e-17,0.9968267521019026,2.3209655831692783e-07
Random971
Raw:6.954358881292877e-08,3.1659096786476616e-13,5.372087387673722e-08,1.192651159311361e-07,3.746506396423931e-08,0.002934786760485615,0.00023794904609431895,3.21332326775509e-17,0.9968267521019026,2.320965583169262e-07
EFT:6.954358881292877e-08,3.1659096786476384e-13,5.3720873876736835e-08,1.1926511593113524e-07,3.746506396423931e-08,0.0029347867604856566,0.00023794904609431895,3.213323267755067e-17,0.9968267521019026,2.3209655831692783e-07
Random972
Raw:6.954358881292828e-08,3.1659096786476384e-13,5.3720873876736835e-08,1.1926511593113524e-07,3.746506396423905e-08,0.0029347867604856566,0.00023794904609431895,3.213323267755045e-17,0.9968267521019026,2.320965583169262e-07
EFT:6.954358881292877e-08,3.1659096786476384e-13,5.3720873876736835e-08,1.1926511593113524e-07,3.746506396423931e-08,0.0029347867604856566,0.00023794904609431895,3.213323267755067e-17,0.9968267521019026,2.3209655831692783e-07
Random973
Raw:6.954358881292828e-08,3.1659096786476384e-13,5.372087387673722e-08,1.192651159311361e-07,3.746506396423905e-08,0.0029347867604856566,0.00023794904609431553,3.21332326775509e-17,0.9968267521019026,2.320965583169262e-07
EFT:6.954358881292877e-08,3.1659096786476384e-13,5.3720873876736835e-08,1.1926511593113524e-07,3.746506396423931e-08,0.0029347867604856566,0.00023794904609431895,3.213323267755067e-17,0.9968267521019026,2.3209655831692783e-07
Random974
Raw:6.954358881292828e-08,3.1659096786476384e-13,5.372087387673645e-08,1.1926511593113524e-07,3.746506396423931e-08,0.002934786760485615,0.00023794904609431553,3.213323267755067e-17,0.9968267521019026,2.320965583169262e-07
EFT:6.954358881292877e-08,3.1659096786476384e-13,5.3720873876736835e-08,1.1926511593113524e-07,3.746506396423931e-08,0.0029347867604856566,0.00023794904609431895,3.213323267755067e-17,0.9968267521019026,2.3209655831692783e-07
Random975
Raw:6.954358881292926e-08,3.1659096786476616e-13,5.372087387673722e-08,1.192651159311361e-07,3.746506396423931e-08,0.0029347867604856566,0.00023794904609431895,3.21332326775509e-17,0.9968267521019026,2.3209655831692783e-07
EFT:6.954358881292877e-08,3.1659096786476384e-13,5.3720873876736835e-08,1.1926511593113524e-07,3.746506396423931e-08,0.0029347867604856566,0.00023794904609431895,3.213323267755067e-17,0.9968267521019026,2.3209655831692783e-07
Random976
Raw:6.954358881292828e-08,3.1659096786476616e-13,5.372087387673722e-08,1.192651159311361e-07,3.746506396423905e-08,0.002934786760485615,0.00023794904609431553,3.213323267755113e-17,0.9968267521019026,2.320965583169262e-07
EFT:6.954358881292877e-08,3.1659096786476384e-13,5.3720873876736835e-08,1.1926511593113524e-07,3.746506396423931e-08,0.0029347867604856566,0.00023794904609431895,3.213323267755067e-17,0.9968267521019026,2.3209655831692783e-07
Random977
Raw:6.954358881292778e-08,3.1659096786475935e-13,5.372087387673645e-08,1.192651159311344e-07,3.7465063964238784e-08,0.002934786760485615,0.00023794904609431553,3.213323267754999e-17,0.9968267521019026,2.3209655831692453e-07
EFT:6.954358881292877e-08,3.1659096786476384e-13,5.3720873876736835e-08,1.1926511593113524e-07,3.746506396423931e-08,0.0029347867604856566,0.00023794904609431895,3.213323267755067e-17,0.9968267521019026,2.3209655831692783e-07
Random978
Raw:6.954358881292828e-08,3.1659096786475935e-13,5.3720873876736835e-08,1.192651159311344e-07,3.746506396423905e-08,0.0029347867604856566,0.00023794904609431553,3.213323267754999e-17,0.9968267521019026,2.3209655831692453e-07
EFT:6.954358881292877e-08,3.1659096786476384e-13,5.3720873876736835e-08,1.1926511593113524e-07,3.746506396423931e-08,0.0029347867604856566,0.00023794904609431895,3.213323267755067e-17,0.9968267521019026,2.3209655831692783e-07
Random979
Raw:6.954358881292976e-08,3.165909678647684e-13,5.3720873876737596e-08,1.1926511593113694e-07,3.746506396423957e-08,0.0029347867604856566,0.0002379490460943223,3.213323267755113e-17,0.9968267521019026,2.3209655831692948e-07
EFT:6.954358881292877e-08,3.1659096786476384e-13,5.3720873876736835e-08,1.1926511593113524e-07,3.746506396423931e-08,0.0029347867604856566,0.00023794904609431895,3.213323267755067e-17,0.9968267521019026,2.3209655831692783e-07
Random980
Raw:6.954358881292828e-08,3.1659096786476384e-13,5.372087387673645e-08,1.1926511593113524e-07,3.746506396423931e-08,0.002934786760485615,0.00023794904609431553,3.213323267755067e-17,0.9968267521019026,2.320965583169262e-07
EFT:6.954358881292877e-08,3.1659096786476384e-13,5.3720873876736835e-08,1.1926511593113524e-07,3.746506396423931e-08,0.0029347867604856566,0.00023794904609431895,3.213323267755067e-17,0.9968267521019026,2.3209655831692783e-07
Random981
Raw:6.954358881292926e-08,3.165909678647684e-13,5.3720873876737596e-08,1.1926511593113694e-07,3.746506396423957e-08,0.0029347867604856566,0.00023794904609431895,3.213323267755113e-17,0.9968267521019026,2.3209655831692948e-07
EFT:6.954358881292877e-08,3.1659096786476384e-13,5.3720873876736835e-08,1.1926511593113524e-07,3.746506396423931e-08,0.0029347867604856566,0.00023794904609431895,3.213323267755067e-17,0.9968267521019026,2.3209655831692783e-07
Random982
Raw:6.954358881292877e-08,3.1659096786476616e-13,5.372087387673722e-08,1.192651159311361e-07,3.746506396423931e-08,0.002934786760485615,0.00023794904609431553,3.213323267755113e-17,0.9968267521019026,2.3209655831692948e-07
EFT:6.954358881292877e-08,3.1659096786476384e-13,5.3720873876736835e-08,1.1926511593113524e-07,3.746506396423931e-08,0.0029347867604856566,0.00023794904609431895,3.213323267755067e-17,0.9968267521019026,2.3209655831692783e-07
Random983
Raw:6.954358881292877e-08,3.1659096786476616e-13,5.3720873876736835e-08,1.192651159311361e-07,3.746506396423905e-08,0.002934786760485615,0.00023794904609431553,3.21332326775509e-17,0.9968267521019026,2.320965583169262e-07
EFT:6.954358881292877e-08,3.1659096786476384e-13,5.3720873876736835e-08,1.1926511593113524e-07,3.746506396423931e-08,0.0029347867604856566,0.00023794904609431895,3.213323267755067e-17,0.9968267521019026,2.3209655831692783e-07
Random984
Raw:6.954358881292877e-08,3.165909678647616e-13,5.372087387673722e-08,1.192651159311361e-07,3.746506396423931e-08,0.0029347867604856566,0.00023794904609431895,3.213323267754999e-17,0.9968267521019026,2.320965583169262e-07
EFT:6.954358881292877e-08,3.1659096786476384e-13,5.3720873876736835e-08,1.1926511593113524e-07,3.746506396423931e-08,0.0029347867604856566,0.00023794904609431895,3.213323267755067e-17,0.9968267521019026,2.3209655831692783e-07
Random985
Raw:6.954358881292926e-08,3.165909678647684e-13,5.3720873876737596e-08,1.1926511593113694e-07,3.746506396423957e-08,0.0029347867604856566,0.00023794904609431895,3.213323267755113e-17,0.9968267521019026,2.3209655831692948e-07
EFT:6.954358881292877e-08,3.1659096786476384e-13,5.3720873876736835e-08,1.1926511593113524e-07,3.746506396423931e-08,0.0029347867604856566,0.00023794904609431895,3.213323267755067e-17,0.9968267521019026,2.3209655831692783e-07
Random986
Raw:6.954358881292828e-08,3.1659096786476616e-13,5.3720873876736835e-08,1.1926511593113524e-07,3.746506396423905e-08,0.002934786760485615,0.00023794904609431553,3.21332326775509e-17,0.9968267521019026,2.320965583169262e-07
EFT:6.954358881292877e-08,3.1659096786476384e-13,5.3720873876736835e-08,1.1926511593113524e-07,3.746506396423931e-08,0.0029347867604856566,0.00023794904609431895,3.213323267755067e-17,0.9968267521019026,2.3209655831692783e-07
Random987
Raw:6.954358881292828e-08,3.1659096786476384e-13,5.3720873876736835e-08,1.1926511593113524e-07,3.746506396423905e-08,0.0029347867604856566,0.00023794904609431895,3.213323267755045e-17,0.9968267521019026,2.3209655831692453e-07
EFT:6.954358881292877e-08,3.1659096786476384e-13,5.3720873876736835e-08,1.1926511593113524e-07,3.746506396423931e-08,0.0029347867604856566,0.00023794904609431895,3.213323267755067e-17,0.9968267521019026,2.3209655831692783e-07
Random988
Raw:6.954358881292877e-08,3.1659096786476616e-13,5.3720873876736835e-08,1.192651159311361e-07,3.746506396423905e-08,0.002934786760485615,0.00023794904609431553,3.21332326775509e-17,0.9968267521019026,2.320965583169262e-07
EFT:6.954358881292877e-08,3.1659096786476384e-13,5.3720873876736835e-08,1.1926511593113524e-07,3.746506396423931e-08,0.0029347867604856566,0.00023794904609431895,3.213323267755067e-17,0.9968267521019026,2.3209655831692783e-07
Random989
Raw:6.954358881292877e-08,3.1659096786476384e-13,5.3720873876736835e-08,1.1926511593113524e-07,3.746506396423905e-08,0.0029347867604856566,0.00023794904609431895,3.213323267755045e-17,0.9968267521019026,2.320965583169262e-07
EFT:6.954358881292877e-08,3.1659096786476384e-13,5.3720873876736835e-08,1.1926511593113524e-07,3.746506396423931e-08,0.0029347867604856566,0.00023794904609431895,3.213323267755067e-17,0.9968267521019026,2.3209655831692783e-07
Random990
Raw:6.954358881292877e-08,3.165909678647616e-13,5.3720873876736835e-08,1.1926511593113524e-07,3.746506396423931e-08,0.0029347867604856566,0.00023794904609431895,3.213323267755022e-17,0.9968267521019026,2.320965583169262e-07
EFT:6.954358881292877e-08,3.1659096786476384e-13,5.3720873876736835e-08,1.1926511593113524e-07,3.746506396423931e-08,0.0029347867604856566,0.00023794904609431895,3.213323267755067e-17,0.9968267521019026,2.3209655831692783e-07
Random991
Raw:6.954358881292828e-08,3.1659096786476384e-13,5.3720873876736835e-08,1.1926511593113524e-07,3.7465063964238784e-08,0.002934786760485615,0.00023794904609431553,3.21332326775509e-17,0.9968267521019026,2.320965583169262e-07
EFT:6.954358881292877e-08,3.1659096786476384e-13,5.3720873876736835e-08,1.1926511593113524e-07,3.746506396423931e-08,0.0029347867604856566,0.00023794904609431895,3.213323267755067e-17,0.9968267521019026,2.3209655831692783e-07
Random992
Raw:6.954358881292877e-08,3.1659096786476616e-13,5.3720873876736835e-08,1.192651159311361e-07,3.746506396423905e-08,0.002934786760485615,0.00023794904609431553,3.21332326775509e-17,0.9968267521019026,2.320965583169262e-07
EFT:6.954358881292877e-08,3.1659096786476384e-13,5.3720873876736835e-08,1.1926511593113524e-07,3.746506396423931e-08,0.0029347867604856566,0.00023794904609431895,3.213323267755067e-17,0.9968267521019026,2.3209655831692783e-07
Random993
Raw:6.954358881292828e-08,3.165909678647616e-13,5.372087387673645e-08,1.192651159311344e-07,3.7465063964238784e-08,0.002934786760485615,0.00023794904609431553,3.213323267755045e-17,0.9968267521019026,2.3209655831692453e-07
EFT:6.954358881292877e-08,3.1659096786476384e-13,5.3720873876736835e-08,1.1926511593113524e-07,3.746506396423931e-08,0.0029347867604856566,0.00023794904609431895,3.213323267755067e-17,0.9968267521019026,2.3209655831692783e-07
Random994
Raw:6.954358881292926e-08,3.1659096786476384e-13,5.372087387673722e-08,1.192651159311361e-07,3.746506396423931e-08,0.0029347867604856566,0.00023794904609431895,3.213323267755045e-17,0.9968267521019026,2.320965583169262e-07
EFT:6.954358881292877e-08,3.1659096786476384e-13,5.3720873876736835e-08,1.1926511593113524e-07,3.746506396423931e-08,0.0029347867604856566,0.00023794904609431895,3.213323267755067e-17,0.9968267521019026,2.3209655831692783e-07
Random995
Raw:6.954358881292926e-08,3.1659096786476616e-13,5.372087387673722e-08,1.192651159311361e-07,3.746506396423931e-08,0.0029347867604856566,0.00023794904609431895,3.213323267755067e-17,0.9968267521019026,2.320965583169262e-07
EFT:6.954358881292877e-08,3.1659096786476384e-13,5.3720873876736835e-08,1.1926511593113524e-07,3.746506396423931e-08,0.0029347867604856566,0.00023794904609431895,3.213323267755067e-17,0.9968267521019026,2.3209655831692783e-07
Random996
Raw:6.954358881292778e-08,3.1659096786475935e-13,5.372087387673645e-08,1.192651159311344e-07,3.7465063964238784e-08,0.002934786760485615,0.00023794904609431553,3.213323267754999e-17,0.9968267521019026,2.3209655831692453e-07
EFT:6.954358881292877e-08,3.1659096786476384e-13,5.3720873876736835e-08,1.1926511593113524e-07,3.746506396423931e-08,0.0029347867604856566,0.00023794904609431895,3.213323267755067e-17,0.9968267521019026,2.3209655831692783e-07
Random997
Raw:6.954358881292877e-08,3.1659096786476384e-13,5.372087387673722e-08,1.1926511593113524e-07,3.746506396423931e-08,0.0029347867604856566,0.00023794904609431895,3.213323267755045e-17,0.9968267521019026,2.320965583169262e-07
EFT:6.954358881292877e-08,3.1659096786476384e-13,5.3720873876736835e-08,1.1926511593113524e-07,3.746506396423931e-08,0.0029347867604856566,0.00023794904609431895,3.213323267755067e-17,0.9968267521019026,2.3209655831692783e-07
Random998
Raw:6.954358881292926e-08,3.1659096786476384e-13,5.372087387673722e-08,1.1926511593113524e-07,3.746506396423931e-08,0.0029347867604856566,0.00023794904609431895,3.213323267755022e-17,0.9968267521019026,2.320965583169262e-07
EFT:6.954358881292877e-08,3.1659096786476384e-13,5.3720873876736835e-08,1.1926511593113524e-07,3.746506396423931e-08,0.0029347867604856566,0.00023794904609431895,3.213323267755067e-17,0.9968267521019026,2.3209655831692783e-07
Random999
Raw:6.954358881292828e-08,3.1659096786476384e-13,5.3720873876736835e-08,1.1926511593113524e-07,3.746506396423931e-08,0.002934786760485615,0.00023794904609431553,3.213323267755067e-17,0.9968267521019026,2.320965583169262e-07
EFT:6.954358881292877e-08,3.1659096786476384e-13,5.3720873876736835e-08,1.1926511593113524e-07,3.746506396423931e-08,0.0029347867604856566,0.00023794904609431895,3.213323267755067e-17,0.9968267521019026,2.3209655831692783e-07
Random1000
Raw:6.954358881292877e-08,3.1659096786476616e-13,5.372087387673722e-08,1.192651159311361e-07,3.746506396423931e-08,0.0029347867604856566,0.00023794904609431895,3.21332326775509e-17,0.9968267521019026,2.3209655831692783e-07
EFT:6.954358881292877e-08,3.1659096786476384e-13,5.3720873876736835e-08,1.1926511593113524e-07,3.746506396423931e-08,0.0029347867604856566,0.00023794904609431895,3.213323267755067e-17,0.9968267521019026,2.3209655831692783e-07
