Original
2.4644036,-19.757696,-2.3970153,-6.838983,-4.157643,-4.7328467,-1.4244317,-2.4856453,-3.9173982,-1.4413826
Ascend
2.4644039,-19.757698,-2.3970156,-6.838984,-4.157644,-4.732847,-1.4244319,-2.4856458,-3.9173992,-1.4413829
Descend
2.464403,-19.75769,-2.3970149,-6.8389816,-4.157642,-4.732846,-1.4244314,-2.4856448,-3.9173973,-1.4413824
Random1
Raw:2.4644032,-19.757692,-2.3970149,-6.838982,-4.1576424,-4.7328463,-1.4244316,-2.4856453,-3.9173977,-1.4413825
EFT:2.4644036,-19.757696,-2.3970153,-6.838983,-4.157643,-4.7328467,-1.4244317,-2.4856453,-3.9173982,-1.4413826
Random2
Raw:2.4644043,-19.7577,-2.397016,-6.838985,-4.1576443,-4.732848,-1.424432,-2.4856462,-3.9173996,-1.441383
EFT:2.4644036,-19.757696,-2.3970153,-6.838983,-4.157643,-4.7328467,-1.4244317,-2.4856453,-3.9173982,-1.4413826
Random3
Raw:2.4644048,-19.757706,-2.3970165,-6.8389864,-4.157645,-4.732849,-1.4244323,-2.4856467,-3.9174006,-1.4413832
EFT:2.4644036,-19.757696,-2.3970153,-6.838983,-4.157643,-4.7328467,-1.4244317,-2.4856453,-3.9173982,-1.4413826
Random4
Raw:2.4644043,-19.7577,-2.397016,-6.838985,-4.1576443,-4.732848,-1.424432,-2.4856462,-3.9173996,-1.441383
EFT:2.4644036,-19.757696,-2.3970153,-6.838983,-4.157643,-4.7328467,-1.4244317,-2.4856453,-3.9173982,-1.4413826
Random5
Raw:2.4644048,-19.757706,-2.3970165,-6.8389864,-4.157645,-4.732849,-1.4244323,-2.4856467,-3.9174006,-1.4413832
EFT:2.4644036,-19.757696,-2.3970153,-6.838983,-4.157643,-4.7328467,-1.4244317,-2.4856453,-3.9173982,-1.4413826
Random6
Raw:2.4644034,-19.757694,-2.397015,-6.8389826,-4.157643,-4.7328463,-1.4244316,-2.4856453,-3.9173982,-1.4413826
EFT:2.4644036,-19.757696,-2.3970153,-6.838983,-4.157643,-4.7328467,-1.4244317,-2.4856453,-3.9173982,-1.4413826
Random7
Raw:2.4644034,-19.757694,-2.397015,-6.8389826,-4.157643,-4.7328463,-1.4244316,-2.4856453,-3.9173982,-1.4413826
EFT:2.4644036,-19.757696,-2.3970153,-6.838983,-4.157643,-4.7328467,-1.4244317,-2.4856453,-3.9173982,-1.4413826
Random8
Raw:2.464405,-19.757706,-2.3970168,-6.838987,-4.1576457,-4.732849,-1.4244324,-2.4856467,-3.917401,-1.4413834
EFT:2.4644036,-19.757696,-2.3970153,-6.838983,-4.157643,-4.7328467,-1.4244317,-2.4856453,-3.9173982,-1.4413826
Random9
Raw:2.4644039,-19.757698,-2.3970156,-6.838984,-4.157644,-4.732847,-1.4244319,-2.4856458,-3.9173992,-1.4413829
EFT:2.4644036,-19.757696,-2.3970153,-6.838983,-4.157643,-4.7328467,-1.4244317,-2.4856453,-3.9173982,-1.4413826
Random10
Raw:2.4644022,-19.757685,-2.3970141,-6.8389797,-4.157641,-4.7328444,-1.4244311,-2.4856443,-3.9173963,-1.4413822
EFT:2.4644036,-19.757696,-2.3970153,-6.838983,-4.157643,-4.7328467,-1.4244317,-2.4856453,-3.9173982,-1.4413826
Random11
Raw:2.4644046,-19.757702,-2.3970163,-6.8389854,-4.1576447,-4.732848,-1.4244322,-2.4856462,-3.9174001,-1.4413831
EFT:2.4644036,-19.757696,-2.3970153,-6.838983,-4.157643,-4.7328467,-1.4244317,-2.4856453,-3.9173982,-1.4413826
Random12
Raw:2.4644048,-19.757706,-2.3970165,-6.8389864,-4.157645,-4.732849,-1.4244323,-2.4856467,-3.9174006,-1.4413832
EFT:2.4644036,-19.757696,-2.3970153,-6.838983,-4.157643,-4.7328467,-1.4244317,-2.4856453,-3.9173982,-1.4413826
Random13
Raw:2.4644055,-19.75771,-2.3970172,-6.838988,-4.157646,-4.73285,-1.4244325,-2.4856472,-3.9174016,-1.4413835
EFT:2.4644036,-19.757696,-2.3970153,-6.838983,-4.157643,-4.7328467,-1.4244317,-2.4856453,-3.9173982,-1.4413826
Random14
Raw:2.4644032,-19.757692,-2.3970149,-6.838982,-4.1576424,-4.7328463,-1.4244316,-2.4856453,-3.9173977,-1.4413825
EFT:2.4644036,-19.757696,-2.3970153,-6.838983,-4.157643,-4.7328467,-1.4244317,-2.4856453,-3.9173982,-1.4413826
Random15
Raw:2.4644039,-19.757698,-2.3970156,-6.838984,-4.157644,-4.732847,-1.4244319,-2.4856458,-3.9173992,-1.4413829
EFT:2.4644036,-19.757696,-2.3970153,-6.838983,-4.157643,-4.7328467,-1.4244317,-2.4856453,-3.9173982,-1.4413826
Random16
Raw:2.4644053,-19.757708,-2.397017,-6.8389874,-4.1576457,-4.7328496,-1.4244325,-2.4856467,-3.9174016,-1.4413834
EFT:2.4644036,-19.757696,-2.3970153,-6.838983,-4.157643,-4.7328467,-1.4244317,-2.4856453,-3.9173982,-1.4413826
Random17
Raw:2.4644034,-19.757694,-2.397015,-6.8389826,-4.157643,-4.7328463,-1.4244316,-2.4856453,-3.9173982,-1.4413826
EFT:2.4644036,-19.757696,-2.3970153,-6.838983,-4.157643,-4.7328467,-1.4244317,-2.4856453,-3.9173982,-1.4413826
Random18
Raw:2.4644032,-19.757692,-2.3970149,-6.838982,-4.1576424,-4.7328463,-1.4244316,-2.4856453,-3.9173977,-1.4413825
EFT:2.4644036,-19.757696,-2.3970153,-6.838983,-4.157643,-4.7328467,-1.4244317,-2.4856453,-3.9173982,-1.4413826
Random19
Raw:2.4644053,-19.757708,-2.397017,-6.8389874,-4.1576457,-4.7328496,-1.4244325,-2.4856467,-3.9174016,-1.4413834
EFT:2.4644036,-19.757696,-2.3970153,-6.838983,-4.157643,-4.7328467,-1.4244317,-2.4856453,-3.9173982,-1.4413826
Random20
Raw:2.4644039,-19.757696,-2.3970156,-6.8389835,-4.1576433,-4.732847,-1.4244318,-2.4856458,-3.9173987,-1.4413828
EFT:2.4644036,-19.757696,-2.3970153,-6.838983,-4.157643,-4.7328467,-1.4244317,-2.4856453,-3.9173982,-1.4413826
Random21
Raw:2.4644027,-19.757689,-2.3970144,-6.8389807,-4.1576414,-4.7328453,-1.4244313,-2.4856448,-3.9173968,-1.4413823
EFT:2.4644036,-19.757696,-2.3970153,-6.838983,-4.157643,-4.7328467,-1.4244317,-2.4856453,-3.9173982,-1.4413826
Random22
Raw:2.4644036,-19.757696,-2.3970153,-6.838983,-4.157643,-4.7328467,-1.4244317,-2.4856453,-3.9173982,-1.4413826
EFT:2.4644036,-19.757696,-2.3970153,-6.838983,-4.157643,-4.7328467,-1.4244317,-2.4856453,-3.9173982,-1.4413826
Random23
Raw:2.4644034,-19.757694,-2.397015,-6.8389826,-4.157643,-4.7328463,-1.4244316,-2.4856453,-3.9173982,-1.4413826
EFT:2.4644036,-19.757696,-2.3970153,-6.838983,-4.157643,-4.7328467,-1.4244317,-2.4856453,-3.9173982,-1.4413826
Random24
Raw:2.4644034,-19.757694,-2.397015,-6.8389826,-4.157643,-4.7328463,-1.4244316,-2.4856453,-3.9173982,-1.4413826
EFT:2.4644036,-19.757696,-2.3970153,-6.838983,-4.157643,-4.7328467,-1.4244317,-2.4856453,-3.9173982,-1.4413826
Random25
Raw:2.4644034,-19.757694,-2.397015,-6.8389826,-4.157643,-4.7328463,-1.4244316,-2.4856453,-3.9173982,-1.4413826
EFT:2.4644036,-19.757696,-2.3970153,-6.838983,-4.157643,-4.7328467,-1.4244317,-2.4856453,-3.9173982,-1.4413826
Random26
Raw:2.4644036,-19.757696,-2.3970153,-6.838983,-4.157643,-4.7328467,-1.4244317,-2.4856453,-3.9173982,-1.4413826
EFT:2.4644036,-19.757696,-2.3970153,-6.838983,-4.157643,-4.7328467,-1.4244317,-2.4856453,-3.9173982,-1.4413826
Random27
Raw:2.464402,-19.757685,-2.397014,-6.8389792,-4.1576405,-4.7328444,-1.424431,-2.4856439,-3.9173958,-1.441382
EFT:2.4644036,-19.757696,-2.3970153,-6.838983,-4.157643,-4.7328467,-1.4244317,-2.4856453,-3.9173982,-1.4413826
Random28
Raw:2.464403,-19.75769,-2.3970149,-6.8389816,-4.157642,-4.732846,-1.4244314,-2.4856448,-3.9173973,-1.4413824
EFT:2.4644036,-19.757696,-2.3970153,-6.838983,-4.157643,-4.7328467,-1.4244317,-2.4856453,-3.9173982,-1.4413826
Random29
Raw:2.4644032,-19.757692,-2.3970149,-6.838982,-4.1576424,-4.7328463,-1.4244316,-2.4856453,-3.9173977,-1.4413825
EFT:2.4644036,-19.757696,-2.3970153,-6.838983,-4.157643,-4.7328467,-1.4244317,-2.4856453,-3.9173982,-1.4413826
Random30
Raw:2.4644039,-19.757696,-2.3970156,-6.8389835,-4.1576433,-4.732847,-1.4244318,-2.4856458,-3.9173987,-1.4413828
EFT:2.4644036,-19.757696,-2.3970153,-6.838983,-4.157643,-4.7328467,-1.4244317,-2.4856453,-3.9173982,-1.4413826
Random31
Raw:2.4644039,-19.757698,-2.3970156,-6.838984,-4.157644,-4.732847,-1.4244319,-2.4856458,-3.9173992,-1.4413829
EFT:2.4644036,-19.757696,-2.3970153,-6.838983,-4.157643,-4.7328467,-1.4244317,-2.4856453,-3.9173982,-1.4413826
Random32
Raw:2.464403,-19.75769,-2.3970146,-6.838981,-4.157642,-4.7328453,-1.4244313,-2.4856448,-3.9173973,-1.4413824
EFT:2.4644036,-19.757696,-2.3970153,-6.838983,-4.157643,-4.7328467,-1.4244317,-2.4856453,-3.9173982,-1.4413826
Random33
Raw:2.464403,-19.75769,-2.3970149,-6.8389816,-4.157642,-4.732846,-1.4244314,-2.4856448,-3.9173973,-1.4413824
EFT:2.4644036,-19.757696,-2.3970153,-6.838983,-4.157643,-4.7328467,-1.4244317,-2.4856453,-3.9173982,-1.4413826
Random34
Raw:2.464403,-19.75769,-2.3970149,-6.8389816,-4.157642,-4.732846,-1.4244314,-2.4856448,-3.9173973,-1.4413824
EFT:2.4644036,-19.757696,-2.3970153,-6.838983,-4.157643,-4.7328467,-1.4244317,-2.4856453,-3.9173982,-1.4413826
Random35
Raw:2.4644034,-19.757694,-2.397015,-6.8389826,-4.157643,-4.7328463,-1.4244316,-2.4856453,-3.9173982,-1.4413826
EFT:2.4644036,-19.757696,-2.3970153,-6.838983,-4.157643,-4.7328467,-1.4244317,-2.4856453,-3.9173982,-1.4413826
Random36
Raw:2.464405,-19.757706,-2.3970168,-6.838987,-4.1576457,-4.732849,-1.4244324,-2.4856467,-3.917401,-1.4413834
EFT:2.4644036,-19.757696,-2.3970153,-6.838983,-4.157643,-4.7328467,-1.4244317,-2.4856453,-3.9173982,-1.4413826
Random37
Raw:2.4644053,-19.757708,-2.397017,-6.8389874,-4.1576457,-4.7328496,-1.4244325,-2.4856467,-3.9174016,-1.4413834
EFT:2.4644036,-19.757696,-2.3970153,-6.838983,-4.157643,-4.7328467,-1.4244317,-2.4856453,-3.9173982,-1.4413826
Random38
Raw:2.4644039,-19.757698,-2.3970156,-6.838984,-4.157644,-4.732847,-1.4244319,-2.4856458,-3.9173992,-1.4413829
EFT:2.4644036,-19.757696,-2.3970153,-6.838983,-4.157643,-4.7328467,-1.4244317,-2.4856453,-3.9173982,-1.4413826
Random39
Raw:2.4644039,-19.757698,-2.3970156,-6.838984,-4.157644,-4.732847,-1.4244319,-2.4856458,-3.9173992,-1.4413829
EFT:2.4644036,-19.757696,-2.3970153,-6.838983,-4.157643,-4.7328467,-1.4244317,-2.4856453,-3.9173982,-1.4413826
Random40
Raw:2.4644036,-19.757696,-2.3970153,-6.838983,-4.157643,-4.7328467,-1.4244317,-2.4856453,-3.9173982,-1.4413826
EFT:2.4644036,-19.757696,-2.3970153,-6.838983,-4.157643,-4.7328467,-1.4244317,-2.4856453,-3.9173982,-1.4413826
Random41
Raw:2.4644058,-19.757711,-2.3970175,-6.838989,-4.1576467,-4.7328506,-1.4244328,-2.4856472,-3.9174025,-1.4413836
EFT:2.4644036,-19.757696,-2.3970153,-6.838983,-4.157643,-4.7328467,-1.4244317,-2.4856453,-3.9173982,-1.4413826
Random42
Raw:2.4644039,-19.757696,-2.3970156,-6.8389835,-4.1576433,-4.732847,-1.4244318,-2.4856458,-3.9173987,-1.4413828
EFT:2.4644036,-19.757696,-2.3970153,-6.838983,-4.157643,-4.7328467,-1.4244317,-2.4856453,-3.9173982,-1.4413826
Random43
Raw:2.4644024,-19.757687,-2.3970141,-6.83898,-4.157641,-4.732845,-1.4244312,-2.4856443,-3.9173963,-1.4413822
EFT:2.4644036,-19.757696,-2.3970153,-6.838983,-4.157643,-4.7328467,-1.4244317,-2.4856453,-3.9173982,-1.4413826
Random44
Raw:2.4644036,-19.757696,-2.3970153,-6.838983,-4.157643,-4.7328467,-1.4244317,-2.4856453,-3.9173982,-1.4413826
EFT:2.4644036,-19.757696,-2.3970153,-6.838983,-4.157643,-4.7328467,-1.4244317,-2.4856453,-3.9173982,-1.4413826
Random45
Raw:2.4644046,-19.757704,-2.3970165,-6.838986,-4.1576447,-4.7328486,-1.4244323,-2.4856462,-3.9174001,-1.4413831
EFT:2.4644036,-19.757696,-2.3970153,-6.838983,-4.157643,-4.7328467,-1.4244317,-2.4856453,-3.9173982,-1.4413826
Random46
Raw:2.4644039,-19.757698,-2.3970156,-6.838984,-4.157644,-4.732847,-1.4244319,-2.4856458,-3.9173992,-1.4413829
EFT:2.4644036,-19.757696,-2.3970153,-6.838983,-4.157643,-4.7328467,-1.4244317,-2.4856453,-3.9173982,-1.4413826
Random47
Raw:2.4644036,-19.757696,-2.3970153,-6.838983,-4.157643,-4.7328467,-1.4244317,-2.4856453,-3.9173982,-1.4413826
EFT:2.4644036,-19.757696,-2.3970153,-6.838983,-4.157643,-4.7328467,-1.4244317,-2.4856453,-3.9173982,-1.4413826
Random48
Raw:2.4644046,-19.757704,-2.3970165,-6.838986,-4.1576447,-4.7328486,-1.4244323,-2.4856462,-3.9174001,-1.4413831
EFT:2.4644036,-19.757696,-2.3970153,-6.838983,-4.157643,-4.7328467,-1.4244317,-2.4856453,-3.9173982,-1.4413826
Random49
Raw:2.4644065,-19.757717,-2.3970182,-6.83899,-4.157648,-4.732852,-1.4244331,-2.4856482,-3.9174035,-1.441384
EFT:2.4644036,-19.757696,-2.3970153,-6.838983,-4.157643,-4.7328467,-1.4244317,-2.4856453,-3.9173982,-1.4413826
Random50
Raw:2.4644043,-19.7577,-2.397016,-6.838985,-4.1576443,-4.732848,-1.424432,-2.4856462,-3.9173996,-1.441383
EFT:2.4644036,-19.757696,-2.3970153,-6.838983,-4.157643,-4.7328467,-1.4244317,-2.4856453,-3.9173982,-1.4413826
Random51
Raw:2.4644039,-19.757696,-2.3970156,-6.8389835,-4.1576433,-4.732847,-1.4244318,-2.4856458,-3.9173987,-1.4413828
EFT:2.4644036,-19.757696,-2.3970153,-6.838983,-4.157643,-4.7328467,-1.4244317,-2.4856453,-3.9173982,-1.4413826
Random52
Raw:2.464404,-19.7577,-2.3970158,-6.8389845,-4.157644,-4.7328477,-1.4244319,-2.4856458,-3.9173992,-1.4413829
EFT:2.4644036,-19.757696,-2.3970153,-6.838983,-4.157643,-4.7328467,-1.4244317,-2.4856453,-3.9173982,-1.4413826
Random53
Raw:2.4644024,-19.757687,-2.3970141,-6.83898,-4.157641,-4.732845,-1.4244312,-2.4856443,-3.9173963,-1.4413822
EFT:2.4644036,-19.757696,-2.3970153,-6.838983,-4.157643,-4.7328467,-1.4244317,-2.4856453,-3.9173982,-1.4413826
Random54
Raw:2.4644036,-19.757696,-2.3970153,-6.838983,-4.157643,-4.7328467,-1.4244317,-2.4856453,-3.9173982,-1.4413826
EFT:2.4644036,-19.757696,-2.3970153,-6.838983,-4.157643,-4.7328467,-1.4244317,-2.4856453,-3.9173982,-1.4413826
Random55
Raw:2.4644015,-19.757679,-2.3970132,-6.838978,-4.1576395,-4.7328434,-1.4244307,-2.4856434,-3.9173949,-1.4413818
EFT:2.4644036,-19.757696,-2.3970153,-6.838983,-4.157643,-4.7328467,-1.4244317,-2.4856453,-3.9173982,-1.4413826
Random56
Raw:2.4644046,-19.757702,-2.3970163,-6.8389854,-4.1576447,-4.732848,-1.4244322,-2.4856462,-3.9174001,-1.4413831
EFT:2.4644036,-19.757696,-2.3970153,-6.838983,-4.157643,-4.7328467,-1.4244317,-2.4856453,-3.9173982,-1.4413826
Random57
Raw:2.4644039,-19.757696,-2.3970156,-6.8389835,-4.1576433,-4.732847,-1.4244318,-2.4856458,-3.9173987,-1.4413828
EFT:2.4644036,-19.757696,-2.3970153,-6.838983,-4.157643,-4.7328467,-1.4244317,-2.4856453,-3.9173982,-1.4413826
Random58
Raw:2.4644055,-19.757711,-2.3970172,-6.8389883,-4.1576467,-4.7328506,-1.4244326,-2.4856472,-3.917402,-1.4413836
EFT:2.4644036,-19.757696,-2.3970153,-6.838983,-4.157643,-4.7328467,-1.4244317,-2.4856453,-3.9173982,-1.4413826
Random59
Raw:2.464402,-19.757683,-2.3970137,-6.838979,-4.15764,-4.732844,-1.424431,-2.4856439,-3.9173954,-1.4413819
EFT:2.4644036,-19.757696,-2.3970153,-6.838983,-4.157643,-4.7328467,-1.4244317,-2.4856453,-3.9173982,-1.4413826
Random60
Raw:2.4644027,-19.757689,-2.3970144,-6.8389807,-4.1576414,-4.7328453,-1.4244313,-2.4856448,-3.9173968,-1.4413823
EFT:2.4644036,-19.757696,-2.3970153,-6.838983,-4.157643,-4.7328467,-1.4244317,-2.4856453,-3.9173982,-1.4413826
Random61
Raw:2.464402,-19.757685,-2.397014,-6.8389792,-4.1576405,-4.7328444,-1.424431,-2.4856439,-3.9173958,-1.441382
EFT:2.4644036,-19.757696,-2.3970153,-6.838983,-4.157643,-4.7328467,-1.4244317,-2.4856453,-3.9173982,-1.4413826
Random62
Raw:2.4644046,-19.757704,-2.3970165,-6.838986,-4.1576447,-4.7328486,-1.4244323,-2.4856462,-3.9174001,-1.4413831
EFT:2.4644036,-19.757696,-2.3970153,-6.838983,-4.157643,-4.7328467,-1.4244317,-2.4856453,-3.9173982,-1.4413826
Random63
Raw:2.4644012,-19.757679,-2.3970132,-6.8389773,-4.157639,-4.732843,-1.4244306,-2.4856434,-3.9173944,-1.4413817
EFT:2.4644036,-19.757696,-2.3970153,-6.838983,-4.157643,-4.7328467,-1.4244317,-2.4856453,-3.9173982,-1.4413826
Random64
Raw:2.464405,-19.757706,-2.3970168,-6.838987,-4.1576457,-4.732849,-1.4244324,-2.4856467,-3.917401,-1.4413834
EFT:2.4644036,-19.757696,-2.3970153,-6.838983,-4.157643,-4.7328467,-1.4244317,-2.4856453,-3.9173982,-1.4413826
Random65
Raw:2.4644039,-19.757696,-2.3970156,-6.8389835,-4.1576433,-4.732847,-1.4244318,-2.4856458,-3.9173987,-1.4413828
EFT:2.4644036,-19.757696,-2.3970153,-6.838983,-4.157643,-4.7328467,-1.4244317,-2.4856453,-3.9173982,-1.4413826
Random66
Raw:2.4644032,-19.757692,-2.3970149,-6.838982,-4.1576424,-4.7328463,-1.4244316,-2.4856453,-3.9173977,-1.4413825
EFT:2.4644036,-19.757696,-2.3970153,-6.838983,-4.157643,-4.7328467,-1.4244317,-2.4856453,-3.9173982,-1.4413826
Random67
Raw:2.4644065,-19.757717,-2.3970182,-6.83899,-4.157648,-4.732852,-1.4244331,-2.4856482,-3.9174035,-1.441384
EFT:2.4644036,-19.757696,-2.3970153,-6.838983,-4.157643,-4.7328467,-1.4244317,-2.4856453,-3.9173982,-1.4413826
Random68
Raw:2.464404,-19.7577,-2.3970158,-6.8389845,-4.157644,-4.7328477,-1.4244319,-2.4856458,-3.9173992,-1.4413829
EFT:2.4644036,-19.757696,-2.3970153,-6.838983,-4.157643,-4.7328467,-1.4244317,-2.4856453,-3.9173982,-1.4413826
Random69
Raw:2.4644036,-19.757696,-2.3970153,-6.838983,-4.157643,-4.7328467,-1.4244317,-2.4856453,-3.9173982,-1.4413826
EFT:2.4644036,-19.757696,-2.3970153,-6.838983,-4.157643,-4.7328467,-1.4244317,-2.4856453,-3.9173982,-1.4413826
Random70
Raw:2.4644024,-19.757687,-2.3970141,-6.83898,-4.157641,-4.732845,-1.4244312,-2.4856443,-3.9173963,-1.4413822
EFT:2.4644036,-19.757696,-2.3970153,-6.838983,-4.157643,-4.7328467,-1.4244317,-2.4856453,-3.9173982,-1.4413826
Random71
Raw:2.464404,-19.7577,-2.3970158,-6.8389845,-4.157644,-4.7328477,-1.4244319,-2.4856458,-3.9173992,-1.4413829
EFT:2.4644036,-19.757696,-2.3970153,-6.838983,-4.157643,-4.7328467,-1.4244317,-2.4856453,-3.9173982,-1.4413826
Random72
Raw:2.4644046,-19.757704,-2.3970165,-6.838986,-4.1576447,-4.7328486,-1.4244323,-2.4856462,-3.9174001,-1.4413831
EFT:2.4644036,-19.757696,-2.3970153,-6.838983,-4.157643,-4.7328467,-1.4244317,-2.4856453,-3.9173982,-1.4413826
Random73
Raw:2.4644043,-19.7577,-2.397016,-6.838985,-4.1576443,-4.732848,-1.424432,-2.4856462,-3.9173996,-1.441383
EFT:2.4644036,-19.757696,-2.3970153,-6.838983,-4.157643,-4.7328467,-1.4244317,-2.4856453,-3.9173982,-1.4413826
Random74
Raw:2.4644046,-19.757702,-2.3970163,-6.8389854,-4.1576447,-4.732848,-1.4244322,-2.4856462,-3.9174001,-1.4413831
EFT:2.4644036,-19.757696,-2.3970153,-6.838983,-4.157643,-4.7328467,-1.4244317,-2.4856453,-3.9173982,-1.4413826
Random75
Raw:2.464404,-19.7577,-2.3970158,-6.8389845,-4.157644,-4.7328477,-1.4244319,-2.4856458,-3.9173992,-1.4413829
EFT:2.4644036,-19.757696,-2.3970153,-6.838983,-4.157643,-4.7328467,-1.4244317,-2.4856453,-3.9173982,-1.4413826
Random76
Raw:2.464404,-19.7577,-2.3970158,-6.8389845,-4.157644,-4.7328477,-1.4244319,-2.4856458,-3.9173992,-1.4413829
EFT:2.4644036,-19.757696,-2.3970153,-6.838983,-4.157643,-4.7328467,-1.4244317,-2.4856453,-3.9173982,-1.4413826
Random77
Raw:2.4644034,-19.757694,-2.397015,-6.8389826,-4.157643,-4.7328463,-1.4244316,-2.4856453,-3.9173982,-1.4413826
EFT:2.4644036,-19.757696,-2.3970153,-6.838983,-4.157643,-4.7328467,-1.4244317,-2.4856453,-3.9173982,-1.4413826
Random78
Raw:2.464403,-19.75769,-2.3970149,-6.8389816,-4.157642,-4.732846,-1.4244314,-2.4856448,-3.9173973,-1.4413824
EFT:2.4644036,-19.757696,-2.3970153,-6.838983,-4.157643,-4.7328467,-1.4244317,-2.4856453,-3.9173982,-1.4413826
Random79
Raw:2.464403,-19.75769,-2.3970149,-6.8389816,-4.157642,-4.732846,-1.4244314,-2.4856448,-3.9173973,-1.4413824
EFT:2.4644036,-19.757696,-2.3970153,-6.838983,-4.157643,-4.7328467,-1.4244317,-2.4856453,-3.9173982,-1.4413826
Random80
Raw:2.464402,-19.757685,-2.397014,-6.8389792,-4.1576405,-4.7328444,-1.424431,-2.4856439,-3.9173958,-1.441382
EFT:2.4644036,-19.757696,-2.3970153,-6.838983,-4.157643,-4.7328467,-1.4244317,-2.4856453,-3.9173982,-1.4413826
Random81
Raw:2.4644036,-19.757696,-2.3970153,-6.838983,-4.157643,-4.7328467,-1.4244317,-2.4856453,-3.9173982,-1.4413826
EFT:2.4644036,-19.757696,-2.3970153,-6.838983,-4.157643,-4.7328467,-1.4244317,-2.4856453,-3.9173982,-1.4413826
Random82
Raw:2.4644046,-19.757702,-2.3970163,-6.8389854,-4.1576447,-4.732848,-1.4244322,-2.4856462,-3.9174001,-1.4413831
EFT:2.4644036,-19.757696,-2.3970153,-6.838983,-4.157643,-4.7328467,-1.4244317,-2.4856453,-3.9173982,-1.4413826
Random83
Raw:2.464404,-19.7577,-2.3970158,-6.8389845,-4.157644,-4.7328477,-1.4244319,-2.4856458,-3.9173992,-1.4413829
EFT:2.4644036,-19.757696,-2.3970153,-6.838983,-4.157643,-4.7328467,-1.4244317,-2.4856453,-3.9173982,-1.4413826
Random84
Raw:2.4644055,-19.75771,-2.3970172,-6.838988,-4.157646,-4.73285,-1.4244325,-2.4856472,-3.9174016,-1.4413835
EFT:2.4644036,-19.757696,-2.3970153,-6.838983,-4.157643,-4.7328467,-1.4244317,-2.4856453,-3.9173982,-1.4413826
Random85
Raw:2.4644055,-19.75771,-2.3970172,-6.838988,-4.157646,-4.73285,-1.4244325,-2.4856472,-3.9174016,-1.4413835
EFT:2.4644036,-19.757696,-2.3970153,-6.838983,-4.157643,-4.7328467,-1.4244317,-2.4856453,-3.9173982,-1.4413826
Random86
Raw:2.464405,-19.757706,-2.3970168,-6.838987,-4.1576457,-4.732849,-1.4244324,-2.4856467,-3.917401,-1.4413834
EFT:2.4644036,-19.757696,-2.3970153,-6.838983,-4.157643,-4.7328467,-1.4244317,-2.4856453,-3.9173982,-1.4413826
Random87
Raw:2.4644039,-19.757698,-2.3970156,-6.838984,-4.157644,-4.732847,-1.4244319,-2.4856458,-3.9173992,-1.4413829
EFT:2.4644036,-19.757696,-2.3970153,-6.838983,-4.157643,-4.7328467,-1.4244317,-2.4856453,-3.9173982,-1.4413826
Random88
Raw:2.4644039,-19.757696,-2.3970156,-6.8389835,-4.1576433,-4.732847,-1.4244318,-2.4856458,-3.9173987,-1.4413828
EFT:2.4644036,-19.757696,-2.3970153,-6.838983,-4.157643,-4.7328467,-1.4244317,-2.4856453,-3.9173982,-1.4413826
Random89
Raw:2.4644046,-19.757702,-2.3970163,-6.8389854,-4.1576447,-4.732848,-1.4244322,-2.4856462,-3.9174001,-1.4413831
EFT:2.4644036,-19.757696,-2.3970153,-6.838983,-4.157643,-4.7328467,-1.4244317,-2.4856453,-3.9173982,-1.4413826
Random90
Raw:2.4644058,-19.757711,-2.3970175,-6.838989,-4.1576467,-4.7328506,-1.4244328,-2.4856472,-3.9174025,-1.4413836
EFT:2.4644036,-19.757696,-2.3970153,-6.838983,-4.157643,-4.7328467,-1.4244317,-2.4856453,-3.9173982,-1.4413826
Random91
Raw:2.4644039,-19.757698,-2.3970156,-6.838984,-4.157644,-4.732847,-1.4244319,-2.4856458,-3.9173992,-1.4413829
EFT:2.4644036,-19.757696,-2.3970153,-6.838983,-4.157643,-4.7328467,-1.4244317,-2.4856453,-3.9173982,-1.4413826
Random92
Raw:2.4644039,-19.757698,-2.3970156,-6.838984,-4.157644,-4.732847,-1.4244319,-2.4856458,-3.9173992,-1.4413829
EFT:2.4644036,-19.757696,-2.3970153,-6.838983,-4.157643,-4.7328467,-1.4244317,-2.4856453,-3.9173982,-1.4413826
Random93
Raw:2.464404,-19.7577,-2.3970158,-6.8389845,-4.157644,-4.7328477,-1.4244319,-2.4856458,-3.9173992,-1.4413829
EFT:2.4644036,-19.757696,-2.3970153,-6.838983,-4.157643,-4.7328467,-1.4244317,-2.4856453,-3.9173982,-1.4413826
Random94
Raw:2.4644032,-19.757692,-2.3970149,-6.838982,-4.1576424,-4.7328463,-1.4244316,-2.4856453,-3.9173977,-1.4413825
EFT:2.4644036,-19.757696,-2.3970153,-6.838983,-4.157643,-4.7328467,-1.4244317,-2.4856453,-3.9173982,-1.4413826
Random95
Raw:2.4644032,-19.757692,-2.3970149,-6.838982,-4.1576424,-4.7328463,-1.4244316,-2.4856453,-3.9173977,-1.4413825
EFT:2.4644036,-19.757696,-2.3970153,-6.838983,-4.157643,-4.7328467,-1.4244317,-2.4856453,-3.9173982,-1.4413826
Random96
Raw:2.464403,-19.75769,-2.3970146,-6.838981,-4.157642,-4.7328453,-1.4244313,-2.4856448,-3.9173973,-1.4413824
EFT:2.4644036,-19.757696,-2.3970153,-6.838983,-4.157643,-4.7328467,-1.4244317,-2.4856453,-3.9173982,-1.4413826
Random97
Raw:2.464403,-19.75769,-2.3970149,-6.8389816,-4.157642,-4.732846,-1.4244314,-2.4856448,-3.9173973,-1.4413824
EFT:2.4644036,-19.757696,-2.3970153,-6.838983,-4.157643,-4.7328467,-1.4244317,-2.4856453,-3.9173982,-1.4413826
Random98
Raw:2.464402,-19.757685,-2.397014,-6.8389792,-4.1576405,-4.7328444,-1.424431,-2.4856439,-3.9173958,-1.441382
EFT:2.4644036,-19.757696,-2.3970153,-6.838983,-4.157643,-4.7328467,-1.4244317,-2.4856453,-3.9173982,-1.4413826
Random99
Raw:2.4644053,-19.757708,-2.397017,-6.8389874,-4.1576457,-4.7328496,-1.4244325,-2.4856467,-3.9174016,-1.4413834
EFT:2.4644036,-19.757696,-2.3970153,-6.838983,-4.157643,-4.7328467,-1.4244317,-2.4856453,-3.9173982,-1.4413826
Random100
Raw:2.4644039,-19.757698,-2.3970156,-6.838984,-4.157644,-4.732847,-1.4244319,-2.4856458,-3.9173992,-1.4413829
EFT:2.4644036,-19.757696,-2.3970153,-6.838983,-4.157643,-4.7328467,-1.4244317,-2.4856453,-3.9173982,-1.4413826
Random101
Raw:2.464403,-19.75769,-2.3970149,-6.8389816,-4.157642,-4.732846,-1.4244314,-2.4856448,-3.9173973,-1.4413824
EFT:2.4644036,-19.757696,-2.3970153,-6.838983,-4.157643,-4.7328467,-1.4244317,-2.4856453,-3.9173982,-1.4413826
Random102
Raw:2.4644055,-19.75771,-2.3970172,-6.838988,-4.157646,-4.73285,-1.4244325,-2.4856472,-3.9174016,-1.4413835
EFT:2.4644036,-19.757696,-2.3970153,-6.838983,-4.157643,-4.7328467,-1.4244317,-2.4856453,-3.9173982,-1.4413826
Random103
Raw:2.4644043,-19.7577,-2.397016,-6.838985,-4.1576443,-4.732848,-1.424432,-2.4856462,-3.9173996,-1.441383
EFT:2.4644036,-19.757696,-2.3970153,-6.838983,-4.157643,-4.7328467,-1.4244317,-2.4856453,-3.9173982,-1.4413826
Random104
Raw:2.464403,-19.75769,-2.3970149,-6.8389816,-4.157642,-4.732846,-1.4244314,-2.4856448,-3.9173973,-1.4413824
EFT:2.4644036,-19.757696,-2.3970153,-6.838983,-4.157643,-4.7328467,-1.4244317,-2.4856453,-3.9173982,-1.4413826
Random105
Raw:2.4644055,-19.75771,-2.3970172,-6.838988,-4.157646,-4.73285,-1.4244325,-2.4856472,-3.9174016,-1.4413835
EFT:2.4644036,-19.757696,-2.3970153,-6.838983,-4.157643,-4.7328467,-1.4244317,-2.4856453,-3.9173982,-1.4413826
Random106
Raw:2.4644032,-19.757692,-2.3970149,-6.838982,-4.1576424,-4.7328463,-1.4244316,-2.4856453,-3.9173977,-1.4413825
EFT:2.4644036,-19.757696,-2.3970153,-6.838983,-4.157643,-4.7328467,-1.4244317,-2.4856453,-3.9173982,-1.4413826
Random107
Raw:2.4644036,-19.757696,-2.3970153,-6.838983,-4.157643,-4.7328467,-1.4244317,-2.4856453,-3.9173982,-1.4413826
EFT:2.4644036,-19.757696,-2.3970153,-6.838983,-4.157643,-4.7328467,-1.4244317,-2.4856453,-3.9173982,-1.4413826
Random108
Raw:2.4644036,-19.757696,-2.3970153,-6.838983,-4.157643,-4.7328467,-1.4244317,-2.4856453,-3.9173982,-1.4413826
EFT:2.4644036,-19.757696,-2.3970153,-6.838983,-4.157643,-4.7328467,-1.4244317,-2.4856453,-3.9173982,-1.4413826
Random109
Raw:2.4644043,-19.7577,-2.397016,-6.838985,-4.1576443,-4.732848,-1.424432,-2.4856462,-3.9173996,-1.441383
EFT:2.4644036,-19.757696,-2.3970153,-6.838983,-4.157643,-4.7328467,-1.4244317,-2.4856453,-3.9173982,-1.4413826
Random110
Raw:2.4644039,-19.757698,-2.3970156,-6.838984,-4.157644,-4.732847,-1.4244319,-2.4856458,-3.9173992,-1.4413829
EFT:2.4644036,-19.757696,-2.3970153,-6.838983,-4.157643,-4.7328467,-1.4244317,-2.4856453,-3.9173982,-1.4413826
Random111
Raw:2.4644048,-19.757706,-2.3970165,-6.8389864,-4.157645,-4.732849,-1.4244323,-2.4856467,-3.9174006,-1.4413832
EFT:2.4644036,-19.757696,-2.3970153,-6.838983,-4.157643,-4.7328467,-1.4244317,-2.4856453,-3.9173982,-1.4413826
Random112
Raw:2.4644039,-19.757698,-2.3970156,-6.838984,-4.157644,-4.732847,-1.4244319,-2.4856458,-3.9173992,-1.4413829
EFT:2.4644036,-19.757696,-2.3970153,-6.838983,-4.157643,-4.7328467,-1.4244317,-2.4856453,-3.9173982,-1.4413826
Random113
Raw:2.4644053,-19.757708,-2.397017,-6.8389874,-4.1576457,-4.7328496,-1.4244325,-2.4856467,-3.9174016,-1.4413834
EFT:2.4644036,-19.757696,-2.3970153,-6.838983,-4.157643,-4.7328467,-1.4244317,-2.4856453,-3.9173982,-1.4413826
Random114
Raw:2.464404,-19.7577,-2.3970158,-6.8389845,-4.157644,-4.7328477,-1.4244319,-2.4856458,-3.9173992,-1.4413829
EFT:2.4644036,-19.757696,-2.3970153,-6.838983,-4.157643,-4.7328467,-1.4244317,-2.4856453,-3.9173982,-1.4413826
Random115
Raw:2.464403,-19.75769,-2.3970149,-6.8389816,-4.157642,-4.732846,-1.4244314,-2.4856448,-3.9173973,-1.4413824
EFT:2.4644036,-19.757696,-2.3970153,-6.838983,-4.157643,-4.7328467,-1.4244317,-2.4856453,-3.9173982,-1.4413826
Random116
Raw:2.4644043,-19.7577,-2.397016,-6.838985,-4.1576443,-4.732848,-1.424432,-2.4856462,-3.9173996,-1.441383
EFT:2.4644036,-19.757696,-2.3970153,-6.838983,-4.157643,-4.7328467,-1.4244317,-2.4856453,-3.9173982,-1.4413826
Random117
Raw:2.4644032,-19.757692,-2.3970149,-6.838982,-4.1576424,-4.7328463,-1.4244316,-2.4856453,-3.9173977,-1.4413825
EFT:2.4644036,-19.757696,-2.3970153,-6.838983,-4.157643,-4.7328467,-1.4244317,-2.4856453,-3.9173982,-1.4413826
Random118
Raw:2.4644039,-19.757696,-2.3970156,-6.8389835,-4.1576433,-4.732847,-1.4244318,-2.4856458,-3.9173987,-1.4413828
EFT:2.4644036,-19.757696,-2.3970153,-6.838983,-4.157643,-4.7328467,-1.4244317,-2.4856453,-3.9173982,-1.4413826
Random119
Raw:2.464404,-19.7577,-2.3970158,-6.8389845,-4.157644,-4.7328477,-1.4244319,-2.4856458,-3.9173992,-1.4413829
EFT:2.4644036,-19.757696,-2.3970153,-6.838983,-4.157643,-4.7328467,-1.4244317,-2.4856453,-3.9173982,-1.4413826
Random120
Raw:2.464403,-19.75769,-2.3970146,-6.838981,-4.157642,-4.7328453,-1.4244313,-2.4856448,-3.9173973,-1.4413824
EFT:2.4644036,-19.757696,-2.3970153,-6.838983,-4.157643,-4.7328467,-1.4244317,-2.4856453,-3.9173982,-1.4413826
Random121
Raw:2.4644036,-19.757696,-2.3970153,-6.838983,-4.157643,-4.7328467,-1.4244317,-2.4856453,-3.9173982,-1.4413826
EFT:2.4644036,-19.757696,-2.3970153,-6.838983,-4.157643,-4.7328467,-1.4244317,-2.4856453,-3.9173982,-1.4413826
Random122
Raw:2.464403,-19.75769,-2.3970149,-6.8389816,-4.157642,-4.732846,-1.4244314,-2.4856448,-3.9173973,-1.4413824
EFT:2.4644036,-19.757696,-2.3970153,-6.838983,-4.157643,-4.7328467,-1.4244317,-2.4856453,-3.9173982,-1.4413826
Random123
Raw:2.464403,-19.75769,-2.3970146,-6.838981,-4.157642,-4.7328453,-1.4244313,-2.4856448,-3.9173973,-1.4413824
EFT:2.4644036,-19.757696,-2.3970153,-6.838983,-4.157643,-4.7328467,-1.4244317,-2.4856453,-3.9173982,-1.4413826
Random124
Raw:2.464404,-19.7577,-2.3970158,-6.8389845,-4.157644,-4.7328477,-1.4244319,-2.4856458,-3.9173992,-1.4413829
EFT:2.4644036,-19.757696,-2.3970153,-6.838983,-4.157643,-4.7328467,-1.4244317,-2.4856453,-3.9173982,-1.4413826
Random125
Raw:2.4644055,-19.75771,-2.3970172,-6.838988,-4.157646,-4.73285,-1.4244325,-2.4856472,-3.9174016,-1.4413835
EFT:2.4644036,-19.757696,-2.3970153,-6.838983,-4.157643,-4.7328467,-1.4244317,-2.4856453,-3.9173982,-1.4413826
Random126
Raw:2.464404,-19.7577,-2.3970158,-6.8389845,-4.157644,-4.7328477,-1.4244319,-2.4856458,-3.9173992,-1.4413829
EFT:2.4644036,-19.757696,-2.3970153,-6.838983,-4.157643,-4.7328467,-1.4244317,-2.4856453,-3.9173982,-1.4413826
Random127
Raw:2.464404,-19.7577,-2.3970158,-6.8389845,-4.157644,-4.7328477,-1.4244319,-2.4856458,-3.9173992,-1.4413829
EFT:2.4644036,-19.757696,-2.3970153,-6.838983,-4.157643,-4.7328467,-1.4244317,-2.4856453,-3.9173982,-1.4413826
Random128
Raw:2.464404,-19.7577,-2.3970158,-6.8389845,-4.157644,-4.7328477,-1.4244319,-2.4856458,-3.9173992,-1.4413829
EFT:2.4644036,-19.757696,-2.3970153,-6.838983,-4.157643,-4.7328467,-1.4244317,-2.4856453,-3.9173982,-1.4413826
Random129
Raw:2.4644043,-19.7577,-2.397016,-6.838985,-4.1576443,-4.732848,-1.424432,-2.4856462,-3.9173996,-1.441383
EFT:2.4644036,-19.757696,-2.3970153,-6.838983,-4.157643,-4.7328467,-1.4244317,-2.4856453,-3.9173982,-1.4413826
Random130
Raw:2.464404,-19.7577,-2.3970158,-6.8389845,-4.157644,-4.7328477,-1.4244319,-2.4856458,-3.9173992,-1.4413829
EFT:2.4644036,-19.757696,-2.3970153,-6.838983,-4.157643,-4.7328467,-1.4244317,-2.4856453,-3.9173982,-1.4413826
Random131
Raw:2.464403,-19.75769,-2.3970149,-6.8389816,-4.157642,-4.732846,-1.4244314,-2.4856448,-3.9173973,-1.4413824
EFT:2.4644036,-19.757696,-2.3970153,-6.838983,-4.157643,-4.7328467,-1.4244317,-2.4856453,-3.9173982,-1.4413826
Random132
Raw:2.4644043,-19.7577,-2.397016,-6.838985,-4.1576443,-4.732848,-1.424432,-2.4856462,-3.9173996,-1.441383
EFT:2.4644036,-19.757696,-2.3970153,-6.838983,-4.157643,-4.7328467,-1.4244317,-2.4856453,-3.9173982,-1.4413826
Random133
Raw:2.4644039,-19.757696,-2.3970156,-6.8389835,-4.1576433,-4.732847,-1.4244318,-2.4856458,-3.9173987,-1.4413828
EFT:2.4644036,-19.757696,-2.3970153,-6.838983,-4.157643,-4.7328467,-1.4244317,-2.4856453,-3.9173982,-1.4413826
Random134
Raw:2.4644039,-19.757696,-2.3970156,-6.8389835,-4.1576433,-4.732847,-1.4244318,-2.4856458,-3.9173987,-1.4413828
EFT:2.4644036,-19.757696,-2.3970153,-6.838983,-4.157643,-4.7328467,-1.4244317,-2.4856453,-3.9173982,-1.4413826
Random135
Raw:2.4644048,-19.757706,-2.3970165,-6.8389864,-4.157645,-4.732849,-1.4244323,-2.4856467,-3.9174006,-1.4413832
EFT:2.4644036,-19.757696,-2.3970153,-6.838983,-4.157643,-4.7328467,-1.4244317,-2.4856453,-3.9173982,-1.4413826
Random136
Raw:2.464405,-19.757706,-2.3970168,-6.838987,-4.1576457,-4.732849,-1.4244324,-2.4856467,-3.917401,-1.4413834
EFT:2.4644036,-19.757696,-2.3970153,-6.838983,-4.157643,-4.7328467,-1.4244317,-2.4856453,-3.9173982,-1.4413826
Random137
Raw:2.4644043,-19.7577,-2.397016,-6.838985,-4.1576443,-4.732848,-1.424432,-2.4856462,-3.9173996,-1.441383
EFT:2.4644036,-19.757696,-2.3970153,-6.838983,-4.157643,-4.7328467,-1.4244317,-2.4856453,-3.9173982,-1.4413826
Random138
Raw:2.4644048,-19.757706,-2.3970165,-6.8389864,-4.157645,-4.732849,-1.4244323,-2.4856467,-3.9174006,-1.4413832
EFT:2.4644036,-19.757696,-2.3970153,-6.838983,-4.157643,-4.7328467,-1.4244317,-2.4856453,-3.9173982,-1.4413826
Random139
Raw:2.464403,-19.75769,-2.3970146,-6.838981,-4.157642,-4.7328453,-1.4244313,-2.4856448,-3.9173973,-1.4413824
EFT:2.4644036,-19.757696,-2.3970153,-6.838983,-4.157643,-4.7328467,-1.4244317,-2.4856453,-3.9173982,-1.4413826
Random140
Raw:2.4644032,-19.757692,-2.3970149,-6.838982,-4.1576424,-4.7328463,-1.4244316,-2.4856453,-3.9173977,-1.4413825
EFT:2.4644036,-19.757696,-2.3970153,-6.838983,-4.157643,-4.7328467,-1.4244317,-2.4856453,-3.9173982,-1.4413826
Random141
Raw:2.4644034,-19.757694,-2.397015,-6.8389826,-4.157643,-4.7328463,-1.4244316,-2.4856453,-3.9173982,-1.4413826
EFT:2.4644036,-19.757696,-2.3970153,-6.838983,-4.157643,-4.7328467,-1.4244317,-2.4856453,-3.9173982,-1.4413826
Random142
Raw:2.4644039,-19.757698,-2.3970156,-6.838984,-4.157644,-4.732847,-1.4244319,-2.4856458,-3.9173992,-1.4413829
EFT:2.4644036,-19.757696,-2.3970153,-6.838983,-4.157643,-4.7328467,-1.4244317,-2.4856453,-3.9173982,-1.4413826
Random143
Raw:2.4644039,-19.757696,-2.3970156,-6.8389835,-4.1576433,-4.732847,-1.4244318,-2.4856458,-3.9173987,-1.4413828
EFT:2.4644036,-19.757696,-2.3970153,-6.838983,-4.157643,-4.7328467,-1.4244317,-2.4856453,-3.9173982,-1.4413826
Random144
Raw:2.4644036,-19.757696,-2.3970153,-6.838983,-4.157643,-4.7328467,-1.4244317,-2.4856453,-3.9173982,-1.4413826
EFT:2.4644036,-19.757696,-2.3970153,-6.838983,-4.157643,-4.7328467,-1.4244317,-2.4856453,-3.9173982,-1.4413826
Random145
Raw:2.4644048,-19.757706,-2.3970165,-6.8389864,-4.157645,-4.732849,-1.4244323,-2.4856467,-3.9174006,-1.4413832
EFT:2.4644036,-19.757696,-2.3970153,-6.838983,-4.157643,-4.7328467,-1.4244317,-2.4856453,-3.9173982,-1.4413826
Random146
Raw:2.4644027,-19.757689,-2.3970144,-6.8389807,-4.1576414,-4.7328453,-1.4244313,-2.4856448,-3.9173968,-1.4413823
EFT:2.4644036,-19.757696,-2.3970153,-6.838983,-4.157643,-4.7328467,-1.4244317,-2.4856453,-3.9173982,-1.4413826
Random147
Raw:2.464403,-19.75769,-2.3970149,-6.8389816,-4.157642,-4.732846,-1.4244314,-2.4856448,-3.9173973,-1.4413824
EFT:2.4644036,-19.757696,-2.3970153,-6.838983,-4.157643,-4.7328467,-1.4244317,-2.4856453,-3.9173982,-1.4413826
Random148
Raw:2.4644036,-19.757696,-2.3970153,-6.838983,-4.157643,-4.7328467,-1.4244317,-2.4856453,-3.9173982,-1.4413826
EFT:2.4644036,-19.757696,-2.3970153,-6.838983,-4.157643,-4.7328467,-1.4244317,-2.4856453,-3.9173982,-1.4413826
Random149
Raw:2.464404,-19.7577,-2.3970158,-6.8389845,-4.157644,-4.7328477,-1.4244319,-2.4856458,-3.9173992,-1.4413829
EFT:2.4644036,-19.757696,-2.3970153,-6.838983,-4.157643,-4.7328467,-1.4244317,-2.4856453,-3.9173982,-1.4413826
Random150
Raw:2.4644034,-19.757694,-2.397015,-6.8389826,-4.157643,-4.7328463,-1.4244316,-2.4856453,-3.9173982,-1.4413826
EFT:2.4644036,-19.757696,-2.3970153,-6.838983,-4.157643,-4.7328467,-1.4244317,-2.4856453,-3.9173982,-1.4413826
Random151
Raw:2.4644022,-19.757685,-2.3970141,-6.8389797,-4.157641,-4.7328444,-1.4244311,-2.4856443,-3.9173963,-1.4413822
EFT:2.4644036,-19.757696,-2.3970153,-6.838983,-4.157643,-4.7328467,-1.4244317,-2.4856453,-3.9173982,-1.4413826
Random152
Raw:2.4644046,-19.757704,-2.3970165,-6.838986,-4.1576447,-4.7328486,-1.4244323,-2.4856462,-3.9174001,-1.4413831
EFT:2.4644036,-19.757696,-2.3970153,-6.838983,-4.157643,-4.7328467,-1.4244317,-2.4856453,-3.9173982,-1.4413826
Random153
Raw:2.4644039,-19.757698,-2.3970156,-6.838984,-4.157644,-4.732847,-1.4244319,-2.4856458,-3.9173992,-1.4413829
EFT:2.4644036,-19.757696,-2.3970153,-6.838983,-4.157643,-4.7328467,-1.4244317,-2.4856453,-3.9173982,-1.4413826
Random154
Raw:2.4644046,-19.757702,-2.3970163,-6.8389854,-4.1576447,-4.732848,-1.4244322,-2.4856462,-3.9174001,-1.4413831
EFT:2.4644036,-19.757696,-2.3970153,-6.838983,-4.157643,-4.7328467,-1.4244317,-2.4856453,-3.9173982,-1.4413826
Random155
Raw:2.464403,-19.75769,-2.3970146,-6.838981,-4.157642,-4.7328453,-1.4244313,-2.4856448,-3.9173973,-1.4413824
EFT:2.4644036,-19.757696,-2.3970153,-6.838983,-4.157643,-4.7328467,-1.4244317,-2.4856453,-3.9173982,-1.4413826
Random156
Raw:2.4644032,-19.757692,-2.3970149,-6.838982,-4.1576424,-4.7328463,-1.4244316,-2.4856453,-3.9173977,-1.4413825
EFT:2.4644036,-19.757696,-2.3970153,-6.838983,-4.157643,-4.7328467,-1.4244317,-2.4856453,-3.9173982,-1.4413826
Random157
Raw:2.4644043,-19.7577,-2.397016,-6.838985,-4.1576443,-4.732848,-1.424432,-2.4856462,-3.9173996,-1.441383
EFT:2.4644036,-19.757696,-2.3970153,-6.838983,-4.157643,-4.7328467,-1.4244317,-2.4856453,-3.9173982,-1.4413826
Random158
Raw:2.464405,-19.757706,-2.3970168,-6.838987,-4.1576457,-4.732849,-1.4244324,-2.4856467,-3.917401,-1.4413834
EFT:2.4644036,-19.757696,-2.3970153,-6.838983,-4.157643,-4.7328467,-1.4244317,-2.4856453,-3.9173982,-1.4413826
Random159
Raw:2.464404,-19.7577,-2.3970158,-6.8389845,-4.157644,-4.7328477,-1.4244319,-2.4856458,-3.9173992,-1.4413829
EFT:2.4644036,-19.757696,-2.3970153,-6.838983,-4.157643,-4.7328467,-1.4244317,-2.4856453,-3.9173982,-1.4413826
Random160
Raw:2.4644034,-19.757694,-2.397015,-6.8389826,-4.157643,-4.7328463,-1.4244316,-2.4856453,-3.9173982,-1.4413826
EFT:2.4644036,-19.757696,-2.3970153,-6.838983,-4.157643,-4.7328467,-1.4244317,-2.4856453,-3.9173982,-1.4413826
Random161
Raw:2.4644039,-19.757698,-2.3970156,-6.838984,-4.157644,-4.732847,-1.4244319,-2.4856458,-3.9173992,-1.4413829
EFT:2.4644036,-19.757696,-2.3970153,-6.838983,-4.157643,-4.7328467,-1.4244317,-2.4856453,-3.9173982,-1.4413826
Random162
Raw:2.464403,-19.75769,-2.3970149,-6.8389816,-4.157642,-4.732846,-1.4244314,-2.4856448,-3.9173973,-1.4413824
EFT:2.4644036,-19.757696,-2.3970153,-6.838983,-4.157643,-4.7328467,-1.4244317,-2.4856453,-3.9173982,-1.4413826
Random163
Raw:2.464403,-19.75769,-2.3970149,-6.8389816,-4.157642,-4.732846,-1.4244314,-2.4856448,-3.9173973,-1.4413824
EFT:2.4644036,-19.757696,-2.3970153,-6.838983,-4.157643,-4.7328467,-1.4244317,-2.4856453,-3.9173982,-1.4413826
Random164
Raw:2.4644039,-19.757698,-2.3970156,-6.838984,-4.157644,-4.732847,-1.4244319,-2.4856458,-3.9173992,-1.4413829
EFT:2.4644036,-19.757696,-2.3970153,-6.838983,-4.157643,-4.7328467,-1.4244317,-2.4856453,-3.9173982,-1.4413826
Random165
Raw:2.4644046,-19.757702,-2.3970163,-6.8389854,-4.1576447,-4.732848,-1.4244322,-2.4856462,-3.9174001,-1.4413831
EFT:2.4644036,-19.757696,-2.3970153,-6.838983,-4.157643,-4.7328467,-1.4244317,-2.4856453,-3.9173982,-1.4413826
Random166
Raw:2.4644036,-19.757696,-2.3970153,-6.838983,-4.157643,-4.7328467,-1.4244317,-2.4856453,-3.9173982,-1.4413826
EFT:2.4644036,-19.757696,-2.3970153,-6.838983,-4.157643,-4.7328467,-1.4244317,-2.4856453,-3.9173982,-1.4413826
Random167
Raw:2.464404,-19.7577,-2.3970158,-6.8389845,-4.157644,-4.7328477,-1.4244319,-2.4856458,-3.9173992,-1.4413829
EFT:2.4644036,-19.757696,-2.3970153,-6.838983,-4.157643,-4.7328467,-1.4244317,-2.4856453,-3.9173982,-1.4413826
Random168
Raw:2.4644036,-19.757696,-2.3970153,-6.838983,-4.157643,-4.7328467,-1.4244317,-2.4856453,-3.9173982,-1.4413826
EFT:2.4644036,-19.757696,-2.3970153,-6.838983,-4.157643,-4.7328467,-1.4244317,-2.4856453,-3.9173982,-1.4413826
Random169
Raw:2.4644036,-19.757696,-2.3970153,-6.838983,-4.157643,-4.7328467,-1.4244317,-2.4856453,-3.9173982,-1.4413826
EFT:2.4644036,-19.757696,-2.3970153,-6.838983,-4.157643,-4.7328467,-1.4244317,-2.4856453,-3.9173982,-1.4413826
Random170
Raw:2.4644034,-19.757694,-2.397015,-6.8389826,-4.157643,-4.7328463,-1.4244316,-2.4856453,-3.9173982,-1.4413826
EFT:2.4644036,-19.757696,-2.3970153,-6.838983,-4.157643,-4.7328467,-1.4244317,-2.4856453,-3.9173982,-1.4413826
Random171
Raw:2.4644043,-19.7577,-2.397016,-6.838985,-4.1576443,-4.732848,-1.424432,-2.4856462,-3.9173996,-1.441383
EFT:2.4644036,-19.757696,-2.3970153,-6.838983,-4.157643,-4.7328467,-1.4244317,-2.4856453,-3.9173982,-1.4413826
Random172
Raw:2.4644036,-19.757696,-2.3970153,-6.838983,-4.157643,-4.7328467,-1.4244317,-2.4856453,-3.9173982,-1.4413826
EFT:2.4644036,-19.757696,-2.3970153,-6.838983,-4.157643,-4.7328467,-1.4244317,-2.4856453,-3.9173982,-1.4413826
Random173
Raw:2.4644043,-19.7577,-2.397016,-6.838985,-4.1576443,-4.732848,-1.424432,-2.4856462,-3.9173996,-1.441383
EFT:2.4644036,-19.757696,-2.3970153,-6.838983,-4.157643,-4.7328467,-1.4244317,-2.4856453,-3.9173982,-1.4413826
Random174
Raw:2.464402,-19.757683,-2.3970137,-6.838979,-4.15764,-4.732844,-1.424431,-2.4856439,-3.9173954,-1.4413819
EFT:2.4644036,-19.757696,-2.3970153,-6.838983,-4.157643,-4.7328467,-1.4244317,-2.4856453,-3.9173982,-1.4413826
Random175
Raw:2.464403,-19.75769,-2.3970149,-6.8389816,-4.157642,-4.732846,-1.4244314,-2.4856448,-3.9173973,-1.4413824
EFT:2.4644036,-19.757696,-2.3970153,-6.838983,-4.157643,-4.7328467,-1.4244317,-2.4856453,-3.9173982,-1.4413826
Random176
Raw:2.464405,-19.757706,-2.3970168,-6.838987,-4.1576457,-4.732849,-1.4244324,-2.4856467,-3.917401,-1.4413834
EFT:2.4644036,-19.757696,-2.3970153,-6.838983,-4.157643,-4.7328467,-1.4244317,-2.4856453,-3.9173982,-1.4413826
Random177
Raw:2.4644043,-19.7577,-2.397016,-6.838985,-4.1576443,-4.732848,-1.424432,-2.4856462,-3.9173996,-1.441383
EFT:2.4644036,-19.757696,-2.3970153,-6.838983,-4.157643,-4.7328467,-1.4244317,-2.4856453,-3.9173982,-1.4413826
Random178
Raw:2.4644043,-19.7577,-2.397016,-6.838985,-4.1576443,-4.732848,-1.424432,-2.4856462,-3.9173996,-1.441383
EFT:2.4644036,-19.757696,-2.3970153,-6.838983,-4.157643,-4.7328467,-1.4244317,-2.4856453,-3.9173982,-1.4413826
Random179
Raw:2.4644036,-19.757696,-2.3970153,-6.838983,-4.157643,-4.7328467,-1.4244317,-2.4856453,-3.9173982,-1.4413826
EFT:2.4644036,-19.757696,-2.3970153,-6.838983,-4.157643,-4.7328467,-1.4244317,-2.4856453,-3.9173982,-1.4413826
Random180
Raw:2.4644032,-19.757692,-2.3970149,-6.838982,-4.1576424,-4.7328463,-1.4244316,-2.4856453,-3.9173977,-1.4413825
EFT:2.4644036,-19.757696,-2.3970153,-6.838983,-4.157643,-4.7328467,-1.4244317,-2.4856453,-3.9173982,-1.4413826
Random181
Raw:2.4644058,-19.757711,-2.3970175,-6.838989,-4.1576467,-4.7328506,-1.4244328,-2.4856472,-3.9174025,-1.4413836
EFT:2.4644036,-19.757696,-2.3970153,-6.838983,-4.157643,-4.7328467,-1.4244317,-2.4856453,-3.9173982,-1.4413826
Random182
Raw:2.4644032,-19.757692,-2.3970149,-6.838982,-4.1576424,-4.7328463,-1.4244316,-2.4856453,-3.9173977,-1.4413825
EFT:2.4644036,-19.757696,-2.3970153,-6.838983,-4.157643,-4.7328467,-1.4244317,-2.4856453,-3.9173982,-1.4413826
Random183
Raw:2.4644043,-19.7577,-2.397016,-6.838985,-4.1576443,-4.732848,-1.424432,-2.4856462,-3.9173996,-1.441383
EFT:2.4644036,-19.757696,-2.3970153,-6.838983,-4.157643,-4.7328467,-1.4244317,-2.4856453,-3.9173982,-1.4413826
Random184
Raw:2.4644053,-19.757708,-2.397017,-6.8389874,-4.1576457,-4.7328496,-1.4244325,-2.4856467,-3.9174016,-1.4413834
EFT:2.4644036,-19.757696,-2.3970153,-6.838983,-4.157643,-4.7328467,-1.4244317,-2.4856453,-3.9173982,-1.4413826
Random185
Raw:2.464404,-19.7577,-2.3970158,-6.8389845,-4.157644,-4.7328477,-1.4244319,-2.4856458,-3.9173992,-1.4413829
EFT:2.4644036,-19.757696,-2.3970153,-6.838983,-4.157643,-4.7328467,-1.4244317,-2.4856453,-3.9173982,-1.4413826
Random186
Raw:2.4644039,-19.757698,-2.3970156,-6.838984,-4.157644,-4.732847,-1.4244319,-2.4856458,-3.9173992,-1.4413829
EFT:2.4644036,-19.757696,-2.3970153,-6.838983,-4.157643,-4.7328467,-1.4244317,-2.4856453,-3.9173982,-1.4413826
Random187
Raw:2.4644039,-19.757698,-2.3970156,-6.838984,-4.157644,-4.732847,-1.4244319,-2.4856458,-3.9173992,-1.4413829
EFT:2.4644036,-19.757696,-2.3970153,-6.838983,-4.157643,-4.7328467,-1.4244317,-2.4856453,-3.9173982,-1.4413826
Random188
Raw:2.4644043,-19.7577,-2.397016,-6.838985,-4.1576443,-4.732848,-1.424432,-2.4856462,-3.9173996,-1.441383
EFT:2.4644036,-19.757696,-2.3970153,-6.838983,-4.157643,-4.7328467,-1.4244317,-2.4856453,-3.9173982,-1.4413826
Random189
Raw:2.4644039,-19.757698,-2.3970156,-6.838984,-4.157644,-4.732847,-1.4244319,-2.4856458,-3.9173992,-1.4413829
EFT:2.4644036,-19.757696,-2.3970153,-6.838983,-4.157643,-4.7328467,-1.4244317,-2.4856453,-3.9173982,-1.4413826
Random190
Raw:2.4644046,-19.757704,-2.3970165,-6.838986,-4.1576447,-4.7328486,-1.4244323,-2.4856462,-3.9174001,-1.4413831
EFT:2.4644036,-19.757696,-2.3970153,-6.838983,-4.157643,-4.7328467,-1.4244317,-2.4856453,-3.9173982,-1.4413826
Random191
Raw:2.4644027,-19.757689,-2.3970144,-6.8389807,-4.1576414,-4.7328453,-1.4244313,-2.4856448,-3.9173968,-1.4413823
EFT:2.4644036,-19.757696,-2.3970153,-6.838983,-4.157643,-4.7328467,-1.4244317,-2.4856453,-3.9173982,-1.4413826
Random192
Raw:2.4644039,-19.757698,-2.3970156,-6.838984,-4.157644,-4.732847,-1.4244319,-2.4856458,-3.9173992,-1.4413829
EFT:2.4644036,-19.757696,-2.3970153,-6.838983,-4.157643,-4.7328467,-1.4244317,-2.4856453,-3.9173982,-1.4413826
Random193
Raw:2.4644048,-19.757706,-2.3970165,-6.8389864,-4.157645,-4.732849,-1.4244323,-2.4856467,-3.9174006,-1.4413832
EFT:2.4644036,-19.757696,-2.3970153,-6.838983,-4.157643,-4.7328467,-1.4244317,-2.4856453,-3.9173982,-1.4413826
Random194
Raw:2.4644024,-19.757687,-2.3970141,-6.83898,-4.157641,-4.732845,-1.4244312,-2.4856443,-3.9173963,-1.4413822
EFT:2.4644036,-19.757696,-2.3970153,-6.838983,-4.157643,-4.7328467,-1.4244317,-2.4856453,-3.9173982,-1.4413826
Random195
Raw:2.4644039,-19.757696,-2.3970156,-6.8389835,-4.1576433,-4.732847,-1.4244318,-2.4856458,-3.9173987,-1.4413828
EFT:2.4644036,-19.757696,-2.3970153,-6.838983,-4.157643,-4.7328467,-1.4244317,-2.4856453,-3.9173982,-1.4413826
Random196
Raw:2.4644036,-19.757696,-2.3970153,-6.838983,-4.157643,-4.7328467,-1.4244317,-2.4856453,-3.9173982,-1.4413826
EFT:2.4644036,-19.757696,-2.3970153,-6.838983,-4.157643,-4.7328467,-1.4244317,-2.4856453,-3.9173982,-1.4413826
Random197
Raw:2.4644053,-19.757708,-2.397017,-6.8389874,-4.1576457,-4.7328496,-1.4244325,-2.4856467,-3.9174016,-1.4413834
EFT:2.4644036,-19.757696,-2.3970153,-6.838983,-4.157643,-4.7328467,-1.4244317,-2.4856453,-3.9173982,-1.4413826
Random198
Raw:2.464404,-19.7577,-2.3970158,-6.8389845,-4.157644,-4.7328477,-1.4244319,-2.4856458,-3.9173992,-1.4413829
EFT:2.4644036,-19.757696,-2.3970153,-6.838983,-4.157643,-4.7328467,-1.4244317,-2.4856453,-3.9173982,-1.4413826
Random199
Raw:2.464404,-19.7577,-2.3970158,-6.8389845,-4.157644,-4.7328477,-1.4244319,-2.4856458,-3.9173992,-1.4413829
EFT:2.4644036,-19.757696,-2.3970153,-6.838983,-4.157643,-4.7328467,-1.4244317,-2.4856453,-3.9173982,-1.4413826
Random200
Raw:2.4644036,-19.757696,-2.3970153,-6.838983,-4.157643,-4.7328467,-1.4244317,-2.4856453,-3.9173982,-1.4413826
EFT:2.4644036,-19.757696,-2.3970153,-6.838983,-4.157643,-4.7328467,-1.4244317,-2.4856453,-3.9173982,-1.4413826
Random201
Raw:2.4644039,-19.757696,-2.3970156,-6.8389835,-4.1576433,-4.732847,-1.4244318,-2.4856458,-3.9173987,-1.4413828
EFT:2.4644036,-19.757696,-2.3970153,-6.838983,-4.157643,-4.7328467,-1.4244317,-2.4856453,-3.9173982,-1.4413826
Random202
Raw:2.4644036,-19.757696,-2.3970153,-6.838983,-4.157643,-4.7328467,-1.4244317,-2.4856453,-3.9173982,-1.4413826
EFT:2.4644036,-19.757696,-2.3970153,-6.838983,-4.157643,-4.7328467,-1.4244317,-2.4856453,-3.9173982,-1.4413826
Random203
Raw:2.4644046,-19.757702,-2.3970163,-6.8389854,-4.1576447,-4.732848,-1.4244322,-2.4856462,-3.9174001,-1.4413831
EFT:2.4644036,-19.757696,-2.3970153,-6.838983,-4.157643,-4.7328467,-1.4244317,-2.4856453,-3.9173982,-1.4413826
Random204
Raw:2.464404,-19.7577,-2.3970158,-6.8389845,-4.157644,-4.7328477,-1.4244319,-2.4856458,-3.9173992,-1.4413829
EFT:2.4644036,-19.757696,-2.3970153,-6.838983,-4.157643,-4.7328467,-1.4244317,-2.4856453,-3.9173982,-1.4413826
Random205
Raw:2.4644036,-19.757696,-2.3970153,-6.838983,-4.157643,-4.7328467,-1.4244317,-2.4856453,-3.9173982,-1.4413826
EFT:2.4644036,-19.757696,-2.3970153,-6.838983,-4.157643,-4.7328467,-1.4244317,-2.4856453,-3.9173982,-1.4413826
Random206
Raw:2.4644046,-19.757702,-2.3970163,-6.8389854,-4.1576447,-4.732848,-1.4244322,-2.4856462,-3.9174001,-1.4413831
EFT:2.4644036,-19.757696,-2.3970153,-6.838983,-4.157643,-4.7328467,-1.4244317,-2.4856453,-3.9173982,-1.4413826
Random207
Raw:2.464405,-19.757706,-2.3970168,-6.838987,-4.1576457,-4.732849,-1.4244324,-2.4856467,-3.917401,-1.4413834
EFT:2.4644036,-19.757696,-2.3970153,-6.838983,-4.157643,-4.7328467,-1.4244317,-2.4856453,-3.9173982,-1.4413826
Random208
Raw:2.4644039,-19.757696,-2.3970156,-6.8389835,-4.1576433,-4.732847,-1.4244318,-2.4856458,-3.9173987,-1.4413828
EFT:2.4644036,-19.757696,-2.3970153,-6.838983,-4.157643,-4.7328467,-1.4244317,-2.4856453,-3.9173982,-1.4413826
Random209
Raw:2.4644053,-19.757708,-2.397017,-6.8389874,-4.1576457,-4.7328496,-1.4244325,-2.4856467,-3.9174016,-1.4413834
EFT:2.4644036,-19.757696,-2.3970153,-6.838983,-4.157643,-4.7328467,-1.4244317,-2.4856453,-3.9173982,-1.4413826
Random210
Raw:2.4644055,-19.757711,-2.3970172,-6.8389883,-4.1576467,-4.7328506,-1.4244326,-2.4856472,-3.917402,-1.4413836
EFT:2.4644036,-19.757696,-2.3970153,-6.838983,-4.157643,-4.7328467,-1.4244317,-2.4856453,-3.9173982,-1.4413826
Random211
Raw:2.4644043,-19.7577,-2.397016,-6.838985,-4.1576443,-4.732848,-1.424432,-2.4856462,-3.9173996,-1.441383
EFT:2.4644036,-19.757696,-2.3970153,-6.838983,-4.157643,-4.7328467,-1.4244317,-2.4856453,-3.9173982,-1.4413826
Random212
Raw:2.4644046,-19.757702,-2.3970163,-6.8389854,-4.1576447,-4.732848,-1.4244322,-2.4856462,-3.9174001,-1.4413831
EFT:2.4644036,-19.757696,-2.3970153,-6.838983,-4.157643,-4.7328467,-1.4244317,-2.4856453,-3.9173982,-1.4413826
Random213
Raw:2.4644039,-19.757698,-2.3970156,-6.838984,-4.157644,-4.732847,-1.4244319,-2.4856458,-3.9173992,-1.4413829
EFT:2.4644036,-19.757696,-2.3970153,-6.838983,-4.157643,-4.7328467,-1.4244317,-2.4856453,-3.9173982,-1.4413826
Random214
Raw:2.4644046,-19.757702,-2.3970163,-6.8389854,-4.1576447,-4.732848,-1.4244322,-2.4856462,-3.9174001,-1.4413831
EFT:2.4644036,-19.757696,-2.3970153,-6.838983,-4.157643,-4.7328467,-1.4244317,-2.4856453,-3.9173982,-1.4413826
Random215
Raw:2.4644046,-19.757704,-2.3970165,-6.838986,-4.1576447,-4.7328486,-1.4244323,-2.4856462,-3.9174001,-1.4413831
EFT:2.4644036,-19.757696,-2.3970153,-6.838983,-4.157643,-4.7328467,-1.4244317,-2.4856453,-3.9173982,-1.4413826
Random216
Raw:2.464403,-19.75769,-2.3970146,-6.838981,-4.157642,-4.7328453,-1.4244313,-2.4856448,-3.9173973,-1.4413824
EFT:2.4644036,-19.757696,-2.3970153,-6.838983,-4.157643,-4.7328467,-1.4244317,-2.4856453,-3.9173982,-1.4413826
Random217
Raw:2.4644039,-19.757698,-2.3970156,-6.838984,-4.157644,-4.732847,-1.4244319,-2.4856458,-3.9173992,-1.4413829
EFT:2.4644036,-19.757696,-2.3970153,-6.838983,-4.157643,-4.7328467,-1.4244317,-2.4856453,-3.9173982,-1.4413826
Random218
Raw:2.4644058,-19.757711,-2.3970175,-6.838989,-4.1576467,-4.7328506,-1.4244328,-2.4856472,-3.9174025,-1.4413836
EFT:2.4644036,-19.757696,-2.3970153,-6.838983,-4.157643,-4.7328467,-1.4244317,-2.4856453,-3.9173982,-1.4413826
Random219
Raw:2.4644039,-19.757698,-2.3970156,-6.838984,-4.157644,-4.732847,-1.4244319,-2.4856458,-3.9173992,-1.4413829
EFT:2.4644036,-19.757696,-2.3970153,-6.838983,-4.157643,-4.7328467,-1.4244317,-2.4856453,-3.9173982,-1.4413826
Random220
Raw:2.464403,-19.75769,-2.3970146,-6.838981,-4.157642,-4.7328453,-1.4244313,-2.4856448,-3.9173973,-1.4413824
EFT:2.4644036,-19.757696,-2.3970153,-6.838983,-4.157643,-4.7328467,-1.4244317,-2.4856453,-3.9173982,-1.4413826
Random221
Raw:2.4644032,-19.757692,-2.3970149,-6.838982,-4.1576424,-4.7328463,-1.4244316,-2.4856453,-3.9173977,-1.4413825
EFT:2.4644036,-19.757696,-2.3970153,-6.838983,-4.157643,-4.7328467,-1.4244317,-2.4856453,-3.9173982,-1.4413826
Random222
Raw:2.464404,-19.7577,-2.3970158,-6.8389845,-4.157644,-4.7328477,-1.4244319,-2.4856458,-3.9173992,-1.4413829
EFT:2.4644036,-19.757696,-2.3970153,-6.838983,-4.157643,-4.7328467,-1.4244317,-2.4856453,-3.9173982,-1.4413826
Random223
Raw:2.4644048,-19.757706,-2.3970165,-6.8389864,-4.157645,-4.732849,-1.4244323,-2.4856467,-3.9174006,-1.4413832
EFT:2.4644036,-19.757696,-2.3970153,-6.838983,-4.157643,-4.7328467,-1.4244317,-2.4856453,-3.9173982,-1.4413826
Random224
Raw:2.4644039,-19.757696,-2.3970156,-6.8389835,-4.1576433,-4.732847,-1.4244318,-2.4856458,-3.9173987,-1.4413828
EFT:2.4644036,-19.757696,-2.3970153,-6.838983,-4.157643,-4.7328467,-1.4244317,-2.4856453,-3.9173982,-1.4413826
Random225
Raw:2.4644032,-19.757692,-2.3970149,-6.838982,-4.1576424,-4.7328463,-1.4244316,-2.4856453,-3.9173977,-1.4413825
EFT:2.4644036,-19.757696,-2.3970153,-6.838983,-4.157643,-4.7328467,-1.4244317,-2.4856453,-3.9173982,-1.4413826
Random226
Raw:2.464402,-19.757685,-2.397014,-6.8389792,-4.1576405,-4.7328444,-1.424431,-2.4856439,-3.9173958,-1.441382
EFT:2.4644036,-19.757696,-2.3970153,-6.838983,-4.157643,-4.7328467,-1.4244317,-2.4856453,-3.9173982,-1.4413826
Random227
Raw:2.464404,-19.7577,-2.3970158,-6.8389845,-4.157644,-4.7328477,-1.4244319,-2.4856458,-3.9173992,-1.4413829
EFT:2.4644036,-19.757696,-2.3970153,-6.838983,-4.157643,-4.7328467,-1.4244317,-2.4856453,-3.9173982,-1.4413826
Random228
Raw:2.464403,-19.75769,-2.3970146,-6.838981,-4.157642,-4.7328453,-1.4244313,-2.4856448,-3.9173973,-1.4413824
EFT:2.4644036,-19.757696,-2.3970153,-6.838983,-4.157643,-4.7328467,-1.4244317,-2.4856453,-3.9173982,-1.4413826
Random229
Raw:2.4644048,-19.757706,-2.3970165,-6.8389864,-4.157645,-4.732849,-1.4244323,-2.4856467,-3.9174006,-1.4413832
EFT:2.4644036,-19.757696,-2.3970153,-6.838983,-4.157643,-4.7328467,-1.4244317,-2.4856453,-3.9173982,-1.4413826
Random230
Raw:2.4644039,-19.757698,-2.3970156,-6.838984,-4.157644,-4.732847,-1.4244319,-2.4856458,-3.9173992,-1.4413829
EFT:2.4644036,-19.757696,-2.3970153,-6.838983,-4.157643,-4.7328467,-1.4244317,-2.4856453,-3.9173982,-1.4413826
Random231
Raw:2.464404,-19.7577,-2.3970158,-6.8389845,-4.157644,-4.7328477,-1.4244319,-2.4856458,-3.9173992,-1.4413829
EFT:2.4644036,-19.757696,-2.3970153,-6.838983,-4.157643,-4.7328467,-1.4244317,-2.4856453,-3.9173982,-1.4413826
Random232
Raw:2.4644032,-19.757692,-2.3970149,-6.838982,-4.1576424,-4.7328463,-1.4244316,-2.4856453,-3.9173977,-1.4413825
EFT:2.4644036,-19.757696,-2.3970153,-6.838983,-4.157643,-4.7328467,-1.4244317,-2.4856453,-3.9173982,-1.4413826
Random233
Raw:2.4644043,-19.7577,-2.397016,-6.838985,-4.1576443,-4.732848,-1.424432,-2.4856462,-3.9173996,-1.441383
EFT:2.4644036,-19.757696,-2.3970153,-6.838983,-4.157643,-4.7328467,-1.4244317,-2.4856453,-3.9173982,-1.4413826
Random234
Raw:2.464403,-19.75769,-2.3970149,-6.8389816,-4.157642,-4.732846,-1.4244314,-2.4856448,-3.9173973,-1.4413824
EFT:2.4644036,-19.757696,-2.3970153,-6.838983,-4.157643,-4.7328467,-1.4244317,-2.4856453,-3.9173982,-1.4413826
Random235
Raw:2.4644032,-19.757692,-2.3970149,-6.838982,-4.1576424,-4.7328463,-1.4244316,-2.4856453,-3.9173977,-1.4413825
EFT:2.4644036,-19.757696,-2.3970153,-6.838983,-4.157643,-4.7328467,-1.4244317,-2.4856453,-3.9173982,-1.4413826
Random236
Raw:2.4644034,-19.757694,-2.397015,-6.8389826,-4.157643,-4.7328463,-1.4244316,-2.4856453,-3.9173982,-1.4413826
EFT:2.4644036,-19.757696,-2.3970153,-6.838983,-4.157643,-4.7328467,-1.4244317,-2.4856453,-3.9173982,-1.4413826
Random237
Raw:2.4644048,-19.757706,-2.3970165,-6.8389864,-4.157645,-4.732849,-1.4244323,-2.4856467,-3.9174006,-1.4413832
EFT:2.4644036,-19.757696,-2.3970153,-6.838983,-4.157643,-4.7328467,-1.4244317,-2.4856453,-3.9173982,-1.4413826
Random238
Raw:2.4644027,-19.757689,-2.3970144,-6.8389807,-4.1576414,-4.7328453,-1.4244313,-2.4856448,-3.9173968,-1.4413823
EFT:2.4644036,-19.757696,-2.3970153,-6.838983,-4.157643,-4.7328467,-1.4244317,-2.4856453,-3.9173982,-1.4413826
Random239
Raw:2.4644046,-19.757704,-2.3970165,-6.838986,-4.1576447,-4.7328486,-1.4244323,-2.4856462,-3.9174001,-1.4413831
EFT:2.4644036,-19.757696,-2.3970153,-6.838983,-4.157643,-4.7328467,-1.4244317,-2.4856453,-3.9173982,-1.4413826
Random240
Raw:2.4644032,-19.757692,-2.3970149,-6.838982,-4.1576424,-4.7328463,-1.4244316,-2.4856453,-3.9173977,-1.4413825
EFT:2.4644036,-19.757696,-2.3970153,-6.838983,-4.157643,-4.7328467,-1.4244317,-2.4856453,-3.9173982,-1.4413826
Random241
Raw:2.4644039,-19.757698,-2.3970156,-6.838984,-4.157644,-4.732847,-1.4244319,-2.4856458,-3.9173992,-1.4413829
EFT:2.4644036,-19.757696,-2.3970153,-6.838983,-4.157643,-4.7328467,-1.4244317,-2.4856453,-3.9173982,-1.4413826
Random242
Raw:2.4644036,-19.757696,-2.3970153,-6.838983,-4.157643,-4.7328467,-1.4244317,-2.4856453,-3.9173982,-1.4413826
EFT:2.4644036,-19.757696,-2.3970153,-6.838983,-4.157643,-4.7328467,-1.4244317,-2.4856453,-3.9173982,-1.4413826
Random243
Raw:2.4644032,-19.757692,-2.3970149,-6.838982,-4.1576424,-4.7328463,-1.4244316,-2.4856453,-3.9173977,-1.4413825
EFT:2.4644036,-19.757696,-2.3970153,-6.838983,-4.157643,-4.7328467,-1.4244317,-2.4856453,-3.9173982,-1.4413826
Random244
Raw:2.464404,-19.7577,-2.3970158,-6.8389845,-4.157644,-4.7328477,-1.4244319,-2.4856458,-3.9173992,-1.4413829
EFT:2.4644036,-19.757696,-2.3970153,-6.838983,-4.157643,-4.7328467,-1.4244317,-2.4856453,-3.9173982,-1.4413826
Random245
Raw:2.4644036,-19.757696,-2.3970153,-6.838983,-4.157643,-4.7328467,-1.4244317,-2.4856453,-3.9173982,-1.4413826
EFT:2.4644036,-19.757696,-2.3970153,-6.838983,-4.157643,-4.7328467,-1.4244317,-2.4856453,-3.9173982,-1.4413826
Random246
Raw:2.464402,-19.757685,-2.397014,-6.8389792,-4.1576405,-4.7328444,-1.424431,-2.4856439,-3.9173958,-1.441382
EFT:2.4644036,-19.757696,-2.3970153,-6.838983,-4.157643,-4.7328467,-1.4244317,-2.4856453,-3.9173982,-1.4413826
Random247
Raw:2.464405,-19.757706,-2.3970168,-6.838987,-4.1576457,-4.732849,-1.4244324,-2.4856467,-3.917401,-1.4413834
EFT:2.4644036,-19.757696,-2.3970153,-6.838983,-4.157643,-4.7328467,-1.4244317,-2.4856453,-3.9173982,-1.4413826
Random248
Raw:2.4644043,-19.7577,-2.397016,-6.838985,-4.1576443,-4.732848,-1.424432,-2.4856462,-3.9173996,-1.441383
EFT:2.4644036,-19.757696,-2.3970153,-6.838983,-4.157643,-4.7328467,-1.4244317,-2.4856453,-3.9173982,-1.4413826
Random249
Raw:2.4644039,-19.757698,-2.3970156,-6.838984,-4.157644,-4.732847,-1.4244319,-2.4856458,-3.9173992,-1.4413829
EFT:2.4644036,-19.757696,-2.3970153,-6.838983,-4.157643,-4.7328467,-1.4244317,-2.4856453,-3.9173982,-1.4413826
Random250
Raw:2.464403,-19.75769,-2.3970146,-6.838981,-4.157642,-4.7328453,-1.4244313,-2.4856448,-3.9173973,-1.4413824
EFT:2.4644036,-19.757696,-2.3970153,-6.838983,-4.157643,-4.7328467,-1.4244317,-2.4856453,-3.9173982,-1.4413826
Random251
Raw:2.4644027,-19.757689,-2.3970144,-6.8389807,-4.1576414,-4.7328453,-1.4244313,-2.4856448,-3.9173968,-1.4413823
EFT:2.4644036,-19.757696,-2.3970153,-6.838983,-4.157643,-4.7328467,-1.4244317,-2.4856453,-3.9173982,-1.4413826
Random252
Raw:2.4644036,-19.757696,-2.3970153,-6.838983,-4.157643,-4.7328467,-1.4244317,-2.4856453,-3.9173982,-1.4413826
EFT:2.4644036,-19.757696,-2.3970153,-6.838983,-4.157643,-4.7328467,-1.4244317,-2.4856453,-3.9173982,-1.4413826
Random253
Raw:2.4644036,-19.757696,-2.3970153,-6.838983,-4.157643,-4.7328467,-1.4244317,-2.4856453,-3.9173982,-1.4413826
EFT:2.4644036,-19.757696,-2.3970153,-6.838983,-4.157643,-4.7328467,-1.4244317,-2.4856453,-3.9173982,-1.4413826
Random254
Raw:2.4644053,-19.757708,-2.397017,-6.8389874,-4.1576457,-4.7328496,-1.4244325,-2.4856467,-3.9174016,-1.4413834
EFT:2.4644036,-19.757696,-2.3970153,-6.838983,-4.157643,-4.7328467,-1.4244317,-2.4856453,-3.9173982,-1.4413826
Random255
Raw:2.4644039,-19.757698,-2.3970156,-6.838984,-4.157644,-4.732847,-1.4244319,-2.4856458,-3.9173992,-1.4413829
EFT:2.4644036,-19.757696,-2.3970153,-6.838983,-4.157643,-4.7328467,-1.4244317,-2.4856453,-3.9173982,-1.4413826
Random256
Raw:2.4644039,-19.757698,-2.3970156,-6.838984,-4.157644,-4.732847,-1.4244319,-2.4856458,-3.9173992,-1.4413829
EFT:2.4644036,-19.757696,-2.3970153,-6.838983,-4.157643,-4.7328467,-1.4244317,-2.4856453,-3.9173982,-1.4413826
Random257
Raw:2.4644036,-19.757696,-2.3970153,-6.838983,-4.157643,-4.7328467,-1.4244317,-2.4856453,-3.9173982,-1.4413826
EFT:2.4644036,-19.757696,-2.3970153,-6.838983,-4.157643,-4.7328467,-1.4244317,-2.4856453,-3.9173982,-1.4413826
Random258
Raw:2.4644034,-19.757694,-2.397015,-6.8389826,-4.157643,-4.7328463,-1.4244316,-2.4856453,-3.9173982,-1.4413826
EFT:2.4644036,-19.757696,-2.3970153,-6.838983,-4.157643,-4.7328467,-1.4244317,-2.4856453,-3.9173982,-1.4413826
Random259
Raw:2.4644046,-19.757704,-2.3970165,-6.838986,-4.1576447,-4.7328486,-1.4244323,-2.4856462,-3.9174001,-1.4413831
EFT:2.4644036,-19.757696,-2.3970153,-6.838983,-4.157643,-4.7328467,-1.4244317,-2.4856453,-3.9173982,-1.4413826
Random260
Raw:2.4644036,-19.757696,-2.3970153,-6.838983,-4.157643,-4.7328467,-1.4244317,-2.4856453,-3.9173982,-1.4413826
EFT:2.4644036,-19.757696,-2.3970153,-6.838983,-4.157643,-4.7328467,-1.4244317,-2.4856453,-3.9173982,-1.4413826
Random261
Raw:2.464402,-19.757685,-2.397014,-6.8389792,-4.1576405,-4.7328444,-1.424431,-2.4856439,-3.9173958,-1.441382
EFT:2.4644036,-19.757696,-2.3970153,-6.838983,-4.157643,-4.7328467,-1.4244317,-2.4856453,-3.9173982,-1.4413826
Random262
Raw:2.4644046,-19.757704,-2.3970165,-6.838986,-4.1576447,-4.7328486,-1.4244323,-2.4856462,-3.9174001,-1.4413831
EFT:2.4644036,-19.757696,-2.3970153,-6.838983,-4.157643,-4.7328467,-1.4244317,-2.4856453,-3.9173982,-1.4413826
Random263
Raw:2.464404,-19.7577,-2.3970158,-6.8389845,-4.157644,-4.7328477,-1.4244319,-2.4856458,-3.9173992,-1.4413829
EFT:2.4644036,-19.757696,-2.3970153,-6.838983,-4.157643,-4.7328467,-1.4244317,-2.4856453,-3.9173982,-1.4413826
Random264
Raw:2.4644046,-19.757702,-2.3970163,-6.8389854,-4.1576447,-4.732848,-1.4244322,-2.4856462,-3.9174001,-1.4413831
EFT:2.4644036,-19.757696,-2.3970153,-6.838983,-4.157643,-4.7328467,-1.4244317,-2.4856453,-3.9173982,-1.4413826
Random265
Raw:2.4644039,-19.757696,-2.3970156,-6.8389835,-4.1576433,-4.732847,-1.4244318,-2.4856458,-3.9173987,-1.4413828
EFT:2.4644036,-19.757696,-2.3970153,-6.838983,-4.157643,-4.7328467,-1.4244317,-2.4856453,-3.9173982,-1.4413826
Random266
Raw:2.4644055,-19.75771,-2.3970172,-6.838988,-4.157646,-4.73285,-1.4244325,-2.4856472,-3.9174016,-1.4413835
EFT:2.4644036,-19.757696,-2.3970153,-6.838983,-4.157643,-4.7328467,-1.4244317,-2.4856453,-3.9173982,-1.4413826
Random267
Raw:2.464403,-19.75769,-2.3970149,-6.8389816,-4.157642,-4.732846,-1.4244314,-2.4856448,-3.9173973,-1.4413824
EFT:2.4644036,-19.757696,-2.3970153,-6.838983,-4.157643,-4.7328467,-1.4244317,-2.4856453,-3.9173982,-1.4413826
Random268
Raw:2.4644046,-19.757702,-2.3970163,-6.8389854,-4.1576447,-4.732848,-1.4244322,-2.4856462,-3.9174001,-1.4413831
EFT:2.4644036,-19.757696,-2.3970153,-6.838983,-4.157643,-4.7328467,-1.4244317,-2.4856453,-3.9173982,-1.4413826
Random269
Raw:2.464404,-19.7577,-2.3970158,-6.8389845,-4.157644,-4.7328477,-1.4244319,-2.4856458,-3.9173992,-1.4413829
EFT:2.4644036,-19.757696,-2.3970153,-6.838983,-4.157643,-4.7328467,-1.4244317,-2.4856453,-3.9173982,-1.4413826
Random270
Raw:2.4644039,-19.757698,-2.3970156,-6.838984,-4.157644,-4.732847,-1.4244319,-2.4856458,-3.9173992,-1.4413829
EFT:2.4644036,-19.757696,-2.3970153,-6.838983,-4.157643,-4.7328467,-1.4244317,-2.4856453,-3.9173982,-1.4413826
Random271
Raw:2.4644039,-19.757696,-2.3970156,-6.8389835,-4.1576433,-4.732847,-1.4244318,-2.4856458,-3.9173987,-1.4413828
EFT:2.4644036,-19.757696,-2.3970153,-6.838983,-4.157643,-4.7328467,-1.4244317,-2.4856453,-3.9173982,-1.4413826
Random272
Raw:2.464404,-19.7577,-2.3970158,-6.8389845,-4.157644,-4.7328477,-1.4244319,-2.4856458,-3.9173992,-1.4413829
EFT:2.4644036,-19.757696,-2.3970153,-6.838983,-4.157643,-4.7328467,-1.4244317,-2.4856453,-3.9173982,-1.4413826
Random273
Raw:2.4644039,-19.757698,-2.3970156,-6.838984,-4.157644,-4.732847,-1.4244319,-2.4856458,-3.9173992,-1.4413829
EFT:2.4644036,-19.757696,-2.3970153,-6.838983,-4.157643,-4.7328467,-1.4244317,-2.4856453,-3.9173982,-1.4413826
Random274
Raw:2.464405,-19.757706,-2.3970168,-6.838987,-4.1576457,-4.732849,-1.4244324,-2.4856467,-3.917401,-1.4413834
EFT:2.4644036,-19.757696,-2.3970153,-6.838983,-4.157643,-4.7328467,-1.4244317,-2.4856453,-3.9173982,-1.4413826
Random275
Raw:2.4644039,-19.757698,-2.3970156,-6.838984,-4.157644,-4.732847,-1.4244319,-2.4856458,-3.9173992,-1.4413829
EFT:2.4644036,-19.757696,-2.3970153,-6.838983,-4.157643,-4.7328467,-1.4244317,-2.4856453,-3.9173982,-1.4413826
Random276
Raw:2.4644039,-19.757696,-2.3970156,-6.8389835,-4.1576433,-4.732847,-1.4244318,-2.4856458,-3.9173987,-1.4413828
EFT:2.4644036,-19.757696,-2.3970153,-6.838983,-4.157643,-4.7328467,-1.4244317,-2.4856453,-3.9173982,-1.4413826
Random277
Raw:2.464404,-19.7577,-2.3970158,-6.8389845,-4.157644,-4.7328477,-1.4244319,-2.4856458,-3.9173992,-1.4413829
EFT:2.4644036,-19.757696,-2.3970153,-6.838983,-4.157643,-4.7328467,-1.4244317,-2.4856453,-3.9173982,-1.4413826
Random278
Raw:2.464404,-19.7577,-2.3970158,-6.8389845,-4.157644,-4.7328477,-1.4244319,-2.4856458,-3.9173992,-1.4413829
EFT:2.4644036,-19.757696,-2.3970153,-6.838983,-4.157643,-4.7328467,-1.4244317,-2.4856453,-3.9173982,-1.4413826
Random279
Raw:2.4644036,-19.757696,-2.3970153,-6.838983,-4.157643,-4.7328467,-1.4244317,-2.4856453,-3.9173982,-1.4413826
EFT:2.4644036,-19.757696,-2.3970153,-6.838983,-4.157643,-4.7328467,-1.4244317,-2.4856453,-3.9173982,-1.4413826
Random280
Raw:2.4644053,-19.757708,-2.397017,-6.8389874,-4.1576457,-4.7328496,-1.4244325,-2.4856467,-3.9174016,-1.4413834
EFT:2.4644036,-19.757696,-2.3970153,-6.838983,-4.157643,-4.7328467,-1.4244317,-2.4856453,-3.9173982,-1.4413826
Random281
Raw:2.4644039,-19.757698,-2.3970156,-6.838984,-4.157644,-4.732847,-1.4244319,-2.4856458,-3.9173992,-1.4413829
EFT:2.4644036,-19.757696,-2.3970153,-6.838983,-4.157643,-4.7328467,-1.4244317,-2.4856453,-3.9173982,-1.4413826
Random282
Raw:2.4644039,-19.757698,-2.3970156,-6.838984,-4.157644,-4.732847,-1.4244319,-2.4856458,-3.9173992,-1.4413829
EFT:2.4644036,-19.757696,-2.3970153,-6.838983,-4.157643,-4.7328467,-1.4244317,-2.4856453,-3.9173982,-1.4413826
Random283
Raw:2.4644032,-19.757692,-2.3970149,-6.838982,-4.1576424,-4.7328463,-1.4244316,-2.4856453,-3.9173977,-1.4413825
EFT:2.4644036,-19.757696,-2.3970153,-6.838983,-4.157643,-4.7328467,-1.4244317,-2.4856453,-3.9173982,-1.4413826
Random284
Raw:2.4644039,-19.757698,-2.3970156,-6.838984,-4.157644,-4.732847,-1.4244319,-2.4856458,-3.9173992,-1.4413829
EFT:2.4644036,-19.757696,-2.3970153,-6.838983,-4.157643,-4.7328467,-1.4244317,-2.4856453,-3.9173982,-1.4413826
Random285
Raw:2.4644039,-19.757698,-2.3970156,-6.838984,-4.157644,-4.732847,-1.4244319,-2.4856458,-3.9173992,-1.4413829
EFT:2.4644036,-19.757696,-2.3970153,-6.838983,-4.157643,-4.7328467,-1.4244317,-2.4856453,-3.9173982,-1.4413826
Random286
Raw:2.4644043,-19.7577,-2.397016,-6.838985,-4.1576443,-4.732848,-1.424432,-2.4856462,-3.9173996,-1.441383
EFT:2.4644036,-19.757696,-2.3970153,-6.838983,-4.157643,-4.7328467,-1.4244317,-2.4856453,-3.9173982,-1.4413826
Random287
Raw:2.4644046,-19.757704,-2.3970165,-6.838986,-4.1576447,-4.7328486,-1.4244323,-2.4856462,-3.9174001,-1.4413831
EFT:2.4644036,-19.757696,-2.3970153,-6.838983,-4.157643,-4.7328467,-1.4244317,-2.4856453,-3.9173982,-1.4413826
Random288
Raw:2.4644063,-19.757715,-2.397018,-6.8389897,-4.1576476,-4.7328515,-1.4244329,-2.4856477,-3.917403,-1.4413838
EFT:2.4644036,-19.757696,-2.3970153,-6.838983,-4.157643,-4.7328467,-1.4244317,-2.4856453,-3.9173982,-1.4413826
Random289
Raw:2.4644036,-19.757696,-2.3970153,-6.838983,-4.157643,-4.7328467,-1.4244317,-2.4856453,-3.9173982,-1.4413826
EFT:2.4644036,-19.757696,-2.3970153,-6.838983,-4.157643,-4.7328467,-1.4244317,-2.4856453,-3.9173982,-1.4413826
Random290
Raw:2.4644043,-19.7577,-2.397016,-6.838985,-4.1576443,-4.732848,-1.424432,-2.4856462,-3.9173996,-1.441383
EFT:2.4644036,-19.757696,-2.3970153,-6.838983,-4.157643,-4.7328467,-1.4244317,-2.4856453,-3.9173982,-1.4413826
Random291
Raw:2.4644027,-19.757689,-2.3970144,-6.8389807,-4.1576414,-4.7328453,-1.4244313,-2.4856448,-3.9173968,-1.4413823
EFT:2.4644036,-19.757696,-2.3970153,-6.838983,-4.157643,-4.7328467,-1.4244317,-2.4856453,-3.9173982,-1.4413826
Random292
Raw:2.464403,-19.75769,-2.3970149,-6.8389816,-4.157642,-4.732846,-1.4244314,-2.4856448,-3.9173973,-1.4413824
EFT:2.4644036,-19.757696,-2.3970153,-6.838983,-4.157643,-4.7328467,-1.4244317,-2.4856453,-3.9173982,-1.4413826
Random293
Raw:2.4644027,-19.757689,-2.3970144,-6.8389807,-4.1576414,-4.7328453,-1.4244313,-2.4856448,-3.9173968,-1.4413823
EFT:2.4644036,-19.757696,-2.3970153,-6.838983,-4.157643,-4.7328467,-1.4244317,-2.4856453,-3.9173982,-1.4413826
Random294
Raw:2.4644027,-19.757689,-2.3970144,-6.8389807,-4.1576414,-4.7328453,-1.4244313,-2.4856448,-3.9173968,-1.4413823
EFT:2.4644036,-19.757696,-2.3970153,-6.838983,-4.157643,-4.7328467,-1.4244317,-2.4856453,-3.9173982,-1.4413826
Random295
Raw:2.4644065,-19.757717,-2.3970182,-6.83899,-4.157648,-4.732852,-1.4244331,-2.4856482,-3.9174035,-1.441384
EFT:2.4644036,-19.757696,-2.3970153,-6.838983,-4.157643,-4.7328467,-1.4244317,-2.4856453,-3.9173982,-1.4413826
Random296
Raw:2.464404,-19.7577,-2.3970158,-6.8389845,-4.157644,-4.7328477,-1.4244319,-2.4856458,-3.9173992,-1.4413829
EFT:2.4644036,-19.757696,-2.3970153,-6.838983,-4.157643,-4.7328467,-1.4244317,-2.4856453,-3.9173982,-1.4413826
Random297
Raw:2.464403,-19.75769,-2.3970149,-6.8389816,-4.157642,-4.732846,-1.4244314,-2.4856448,-3.9173973,-1.4413824
EFT:2.4644036,-19.757696,-2.3970153,-6.838983,-4.157643,-4.7328467,-1.4244317,-2.4856453,-3.9173982,-1.4413826
Random298
Raw:2.4644032,-19.757692,-2.3970149,-6.838982,-4.1576424,-4.7328463,-1.4244316,-2.4856453,-3.9173977,-1.4413825
EFT:2.4644036,-19.757696,-2.3970153,-6.838983,-4.157643,-4.7328467,-1.4244317,-2.4856453,-3.9173982,-1.4413826
Random299
Raw:2.4644046,-19.757704,-2.3970165,-6.838986,-4.1576447,-4.7328486,-1.4244323,-2.4856462,-3.9174001,-1.4413831
EFT:2.4644036,-19.757696,-2.3970153,-6.838983,-4.157643,-4.7328467,-1.4244317,-2.4856453,-3.9173982,-1.4413826
Random300
Raw:2.464405,-19.757706,-2.3970168,-6.838987,-4.1576457,-4.732849,-1.4244324,-2.4856467,-3.917401,-1.4413834
EFT:2.4644036,-19.757696,-2.3970153,-6.838983,-4.157643,-4.7328467,-1.4244317,-2.4856453,-3.9173982,-1.4413826
Random301
Raw:2.464402,-19.757685,-2.397014,-6.8389792,-4.1576405,-4.7328444,-1.424431,-2.4856439,-3.9173958,-1.441382
EFT:2.4644036,-19.757696,-2.3970153,-6.838983,-4.157643,-4.7328467,-1.4244317,-2.4856453,-3.9173982,-1.4413826
Random302
Raw:2.4644036,-19.757696,-2.3970153,-6.838983,-4.157643,-4.7328467,-1.4244317,-2.4856453,-3.9173982,-1.4413826
EFT:2.4644036,-19.757696,-2.3970153,-6.838983,-4.157643,-4.7328467,-1.4244317,-2.4856453,-3.9173982,-1.4413826
Random303
Raw:2.464405,-19.757706,-2.3970168,-6.838987,-4.1576457,-4.732849,-1.4244324,-2.4856467,-3.917401,-1.4413834
EFT:2.4644036,-19.757696,-2.3970153,-6.838983,-4.157643,-4.7328467,-1.4244317,-2.4856453,-3.9173982,-1.4413826
Random304
Raw:2.464405,-19.757706,-2.3970168,-6.838987,-4.1576457,-4.732849,-1.4244324,-2.4856467,-3.917401,-1.4413834
EFT:2.4644036,-19.757696,-2.3970153,-6.838983,-4.157643,-4.7328467,-1.4244317,-2.4856453,-3.9173982,-1.4413826
Random305
Raw:2.464407,-19.75772,-2.3970187,-6.838991,-4.1576486,-4.7328525,-1.4244332,-2.4856486,-3.9174044,-1.4413841
EFT:2.4644036,-19.757696,-2.3970153,-6.838983,-4.157643,-4.7328467,-1.4244317,-2.4856453,-3.9173982,-1.4413826
Random306
Raw:2.4644043,-19.7577,-2.397016,-6.838985,-4.1576443,-4.732848,-1.424432,-2.4856462,-3.9173996,-1.441383
EFT:2.4644036,-19.757696,-2.3970153,-6.838983,-4.157643,-4.7328467,-1.4244317,-2.4856453,-3.9173982,-1.4413826
Random307
Raw:2.4644032,-19.757692,-2.3970149,-6.838982,-4.1576424,-4.7328463,-1.4244316,-2.4856453,-3.9173977,-1.4413825
EFT:2.4644036,-19.757696,-2.3970153,-6.838983,-4.157643,-4.7328467,-1.4244317,-2.4856453,-3.9173982,-1.4413826
Random308
Raw:2.4644034,-19.757694,-2.397015,-6.8389826,-4.157643,-4.7328463,-1.4244316,-2.4856453,-3.9173982,-1.4413826
EFT:2.4644036,-19.757696,-2.3970153,-6.838983,-4.157643,-4.7328467,-1.4244317,-2.4856453,-3.9173982,-1.4413826
Random309
Raw:2.4644034,-19.757694,-2.397015,-6.8389826,-4.157643,-4.7328463,-1.4244316,-2.4856453,-3.9173982,-1.4413826
EFT:2.4644036,-19.757696,-2.3970153,-6.838983,-4.157643,-4.7328467,-1.4244317,-2.4856453,-3.9173982,-1.4413826
Random310
Raw:2.4644039,-19.757698,-2.3970156,-6.838984,-4.157644,-4.732847,-1.4244319,-2.4856458,-3.9173992,-1.4413829
EFT:2.4644036,-19.757696,-2.3970153,-6.838983,-4.157643,-4.7328467,-1.4244317,-2.4856453,-3.9173982,-1.4413826
Random311
Raw:2.4644022,-19.757685,-2.3970141,-6.8389797,-4.157641,-4.7328444,-1.4244311,-2.4856443,-3.9173963,-1.4413822
EFT:2.4644036,-19.757696,-2.3970153,-6.838983,-4.157643,-4.7328467,-1.4244317,-2.4856453,-3.9173982,-1.4413826
Random312
Raw:2.4644039,-19.757698,-2.3970156,-6.838984,-4.157644,-4.732847,-1.4244319,-2.4856458,-3.9173992,-1.4413829
EFT:2.4644036,-19.757696,-2.3970153,-6.838983,-4.157643,-4.7328467,-1.4244317,-2.4856453,-3.9173982,-1.4413826
Random313
Raw:2.4644034,-19.757694,-2.397015,-6.8389826,-4.157643,-4.7328463,-1.4244316,-2.4856453,-3.9173982,-1.4413826
EFT:2.4644036,-19.757696,-2.3970153,-6.838983,-4.157643,-4.7328467,-1.4244317,-2.4856453,-3.9173982,-1.4413826
Random314
Raw:2.4644039,-19.757698,-2.3970156,-6.838984,-4.157644,-4.732847,-1.4244319,-2.4856458,-3.9173992,-1.4413829
EFT:2.4644036,-19.757696,-2.3970153,-6.838983,-4.157643,-4.7328467,-1.4244317,-2.4856453,-3.9173982,-1.4413826
Random315
Raw:2.4644043,-19.7577,-2.397016,-6.838985,-4.1576443,-4.732848,-1.424432,-2.4856462,-3.9173996,-1.441383
EFT:2.4644036,-19.757696,-2.3970153,-6.838983,-4.157643,-4.7328467,-1.4244317,-2.4856453,-3.9173982,-1.4413826
Random316
Raw:2.4644055,-19.75771,-2.3970172,-6.838988,-4.157646,-4.73285,-1.4244325,-2.4856472,-3.9174016,-1.4413835
EFT:2.4644036,-19.757696,-2.3970153,-6.838983,-4.157643,-4.7328467,-1.4244317,-2.4856453,-3.9173982,-1.4413826
Random317
Raw:2.464403,-19.75769,-2.3970146,-6.838981,-4.157642,-4.7328453,-1.4244313,-2.4856448,-3.9173973,-1.4413824
EFT:2.4644036,-19.757696,-2.3970153,-6.838983,-4.157643,-4.7328467,-1.4244317,-2.4856453,-3.9173982,-1.4413826
Random318
Raw:2.4644048,-19.757706,-2.3970165,-6.8389864,-4.157645,-4.732849,-1.4244323,-2.4856467,-3.9174006,-1.4413832
EFT:2.4644036,-19.757696,-2.3970153,-6.838983,-4.157643,-4.7328467,-1.4244317,-2.4856453,-3.9173982,-1.4413826
Random319
Raw:2.4644039,-19.757696,-2.3970156,-6.8389835,-4.1576433,-4.732847,-1.4244318,-2.4856458,-3.9173987,-1.4413828
EFT:2.4644036,-19.757696,-2.3970153,-6.838983,-4.157643,-4.7328467,-1.4244317,-2.4856453,-3.9173982,-1.4413826
Random320
Raw:2.4644065,-19.757717,-2.397018,-6.83899,-4.1576476,-4.7328515,-1.424433,-2.4856482,-3.9174035,-1.4413838
EFT:2.4644036,-19.757696,-2.3970153,-6.838983,-4.157643,-4.7328467,-1.4244317,-2.4856453,-3.9173982,-1.4413826
Random321
Raw:2.464405,-19.757706,-2.3970168,-6.838987,-4.1576457,-4.732849,-1.4244324,-2.4856467,-3.917401,-1.4413834
EFT:2.4644036,-19.757696,-2.3970153,-6.838983,-4.157643,-4.7328467,-1.4244317,-2.4856453,-3.9173982,-1.4413826
Random322
Raw:2.4644046,-19.757704,-2.3970165,-6.838986,-4.1576447,-4.7328486,-1.4244323,-2.4856462,-3.9174001,-1.4413831
EFT:2.4644036,-19.757696,-2.3970153,-6.838983,-4.157643,-4.7328467,-1.4244317,-2.4856453,-3.9173982,-1.4413826
Random323
Raw:2.4644043,-19.7577,-2.397016,-6.838985,-4.1576443,-4.732848,-1.424432,-2.4856462,-3.9173996,-1.441383
EFT:2.4644036,-19.757696,-2.3970153,-6.838983,-4.157643,-4.7328467,-1.4244317,-2.4856453,-3.9173982,-1.4413826
Random324
Raw:2.464404,-19.7577,-2.3970158,-6.8389845,-4.157644,-4.7328477,-1.4244319,-2.4856458,-3.9173992,-1.4413829
EFT:2.4644036,-19.757696,-2.3970153,-6.838983,-4.157643,-4.7328467,-1.4244317,-2.4856453,-3.9173982,-1.4413826
Random325
Raw:2.4644039,-19.757696,-2.3970156,-6.8389835,-4.1576433,-4.732847,-1.4244318,-2.4856458,-3.9173987,-1.4413828
EFT:2.4644036,-19.757696,-2.3970153,-6.838983,-4.157643,-4.7328467,-1.4244317,-2.4856453,-3.9173982,-1.4413826
Random326
Raw:2.4644039,-19.757698,-2.3970156,-6.838984,-4.157644,-4.732847,-1.4244319,-2.4856458,-3.9173992,-1.4413829
EFT:2.4644036,-19.757696,-2.3970153,-6.838983,-4.157643,-4.7328467,-1.4244317,-2.4856453,-3.9173982,-1.4413826
Random327
Raw:2.4644036,-19.757696,-2.3970153,-6.838983,-4.157643,-4.7328467,-1.4244317,-2.4856453,-3.9173982,-1.4413826
EFT:2.4644036,-19.757696,-2.3970153,-6.838983,-4.157643,-4.7328467,-1.4244317,-2.4856453,-3.9173982,-1.4413826
Random328
Raw:2.4644039,-19.757698,-2.3970156,-6.838984,-4.157644,-4.732847,-1.4244319,-2.4856458,-3.9173992,-1.4413829
EFT:2.4644036,-19.757696,-2.3970153,-6.838983,-4.157643,-4.7328467,-1.4244317,-2.4856453,-3.9173982,-1.4413826
Random329
Raw:2.4644022,-19.757685,-2.3970141,-6.8389797,-4.157641,-4.7328444,-1.4244311,-2.4856443,-3.9173963,-1.4413822
EFT:2.4644036,-19.757696,-2.3970153,-6.838983,-4.157643,-4.7328467,-1.4244317,-2.4856453,-3.9173982,-1.4413826
Random330
Raw:2.4644036,-19.757696,-2.3970153,-6.838983,-4.157643,-4.7328467,-1.4244317,-2.4856453,-3.9173982,-1.4413826
EFT:2.4644036,-19.757696,-2.3970153,-6.838983,-4.157643,-4.7328467,-1.4244317,-2.4856453,-3.9173982,-1.4413826
Random331
Raw:2.4644024,-19.757687,-2.3970141,-6.83898,-4.157641,-4.732845,-1.4244312,-2.4856443,-3.9173963,-1.4413822
EFT:2.4644036,-19.757696,-2.3970153,-6.838983,-4.157643,-4.7328467,-1.4244317,-2.4856453,-3.9173982,-1.4413826
Random332
Raw:2.4644034,-19.757694,-2.397015,-6.8389826,-4.157643,-4.7328463,-1.4244316,-2.4856453,-3.9173982,-1.4413826
EFT:2.4644036,-19.757696,-2.3970153,-6.838983,-4.157643,-4.7328467,-1.4244317,-2.4856453,-3.9173982,-1.4413826
Random333
Raw:2.464404,-19.7577,-2.3970158,-6.8389845,-4.157644,-4.7328477,-1.4244319,-2.4856458,-3.9173992,-1.4413829
EFT:2.4644036,-19.757696,-2.3970153,-6.838983,-4.157643,-4.7328467,-1.4244317,-2.4856453,-3.9173982,-1.4413826
Random334
Raw:2.4644039,-19.757698,-2.3970156,-6.838984,-4.157644,-4.732847,-1.4244319,-2.4856458,-3.9173992,-1.4413829
EFT:2.4644036,-19.757696,-2.3970153,-6.838983,-4.157643,-4.7328467,-1.4244317,-2.4856453,-3.9173982,-1.4413826
Random335
Raw:2.4644065,-19.757717,-2.397018,-6.83899,-4.1576476,-4.7328515,-1.424433,-2.4856482,-3.9174035,-1.4413838
EFT:2.4644036,-19.757696,-2.3970153,-6.838983,-4.157643,-4.7328467,-1.4244317,-2.4856453,-3.9173982,-1.4413826
Random336
Raw:2.4644046,-19.757704,-2.3970165,-6.838986,-4.1576447,-4.7328486,-1.4244323,-2.4856462,-3.9174001,-1.4413831
EFT:2.4644036,-19.757696,-2.3970153,-6.838983,-4.157643,-4.7328467,-1.4244317,-2.4856453,-3.9173982,-1.4413826
Random337
Raw:2.4644032,-19.757692,-2.3970149,-6.838982,-4.1576424,-4.7328463,-1.4244316,-2.4856453,-3.9173977,-1.4413825
EFT:2.4644036,-19.757696,-2.3970153,-6.838983,-4.157643,-4.7328467,-1.4244317,-2.4856453,-3.9173982,-1.4413826
Random338
Raw:2.4644053,-19.757708,-2.397017,-6.8389874,-4.1576457,-4.7328496,-1.4244325,-2.4856467,-3.9174016,-1.4413834
EFT:2.4644036,-19.757696,-2.3970153,-6.838983,-4.157643,-4.7328467,-1.4244317,-2.4856453,-3.9173982,-1.4413826
Random339
Raw:2.4644015,-19.757679,-2.3970132,-6.838978,-4.1576395,-4.7328434,-1.4244307,-2.4856434,-3.9173949,-1.4413818
EFT:2.4644036,-19.757696,-2.3970153,-6.838983,-4.157643,-4.7328467,-1.4244317,-2.4856453,-3.9173982,-1.4413826
Random340
Raw:2.4644043,-19.7577,-2.397016,-6.838985,-4.1576443,-4.732848,-1.424432,-2.4856462,-3.9173996,-1.441383
EFT:2.4644036,-19.757696,-2.3970153,-6.838983,-4.157643,-4.7328467,-1.4244317,-2.4856453,-3.9173982,-1.4413826
Random341
Raw:2.4644032,-19.757692,-2.3970149,-6.838982,-4.1576424,-4.7328463,-1.4244316,-2.4856453,-3.9173977,-1.4413825
EFT:2.4644036,-19.757696,-2.3970153,-6.838983,-4.157643,-4.7328467,-1.4244317,-2.4856453,-3.9173982,-1.4413826
Random342
Raw:2.4644034,-19.757694,-2.397015,-6.8389826,-4.157643,-4.7328463,-1.4244316,-2.4856453,-3.9173982,-1.4413826
EFT:2.4644036,-19.757696,-2.3970153,-6.838983,-4.157643,-4.7328467,-1.4244317,-2.4856453,-3.9173982,-1.4413826
Random343
Raw:2.4644039,-19.757698,-2.3970156,-6.838984,-4.157644,-4.732847,-1.4244319,-2.4856458,-3.9173992,-1.4413829
EFT:2.4644036,-19.757696,-2.3970153,-6.838983,-4.157643,-4.7328467,-1.4244317,-2.4856453,-3.9173982,-1.4413826
Random344
Raw:2.4644048,-19.757706,-2.3970165,-6.8389864,-4.157645,-4.732849,-1.4244323,-2.4856467,-3.9174006,-1.4413832
EFT:2.4644036,-19.757696,-2.3970153,-6.838983,-4.157643,-4.7328467,-1.4244317,-2.4856453,-3.9173982,-1.4413826
Random345
Raw:2.4644039,-19.757698,-2.3970156,-6.838984,-4.157644,-4.732847,-1.4244319,-2.4856458,-3.9173992,-1.4413829
EFT:2.4644036,-19.757696,-2.3970153,-6.838983,-4.157643,-4.7328467,-1.4244317,-2.4856453,-3.9173982,-1.4413826
Random346
Raw:2.4644039,-19.757698,-2.3970156,-6.838984,-4.157644,-4.732847,-1.4244319,-2.4856458,-3.9173992,-1.4413829
EFT:2.4644036,-19.757696,-2.3970153,-6.838983,-4.157643,-4.7328467,-1.4244317,-2.4856453,-3.9173982,-1.4413826
Random347
Raw:2.464404,-19.7577,-2.3970158,-6.8389845,-4.157644,-4.7328477,-1.4244319,-2.4856458,-3.9173992,-1.4413829
EFT:2.4644036,-19.757696,-2.3970153,-6.838983,-4.157643,-4.7328467,-1.4244317,-2.4856453,-3.9173982,-1.4413826
Random348
Raw:2.4644046,-19.757702,-2.3970163,-6.8389854,-4.1576447,-4.732848,-1.4244322,-2.4856462,-3.9174001,-1.4413831
EFT:2.4644036,-19.757696,-2.3970153,-6.838983,-4.157643,-4.7328467,-1.4244317,-2.4856453,-3.9173982,-1.4413826
Random349
Raw:2.4644046,-19.757704,-2.3970165,-6.838986,-4.1576447,-4.7328486,-1.4244323,-2.4856462,-3.9174001,-1.4413831
EFT:2.4644036,-19.757696,-2.3970153,-6.838983,-4.157643,-4.7328467,-1.4244317,-2.4856453,-3.9173982,-1.4413826
Random350
Raw:2.4644039,-19.757698,-2.3970156,-6.838984,-4.157644,-4.732847,-1.4244319,-2.4856458,-3.9173992,-1.4413829
EFT:2.4644036,-19.757696,-2.3970153,-6.838983,-4.157643,-4.7328467,-1.4244317,-2.4856453,-3.9173982,-1.4413826
Random351
Raw:2.4644034,-19.757694,-2.397015,-6.8389826,-4.157643,-4.7328463,-1.4244316,-2.4856453,-3.9173982,-1.4413826
EFT:2.4644036,-19.757696,-2.3970153,-6.838983,-4.157643,-4.7328467,-1.4244317,-2.4856453,-3.9173982,-1.4413826
Random352
Raw:2.4644043,-19.7577,-2.397016,-6.838985,-4.1576443,-4.732848,-1.424432,-2.4856462,-3.9173996,-1.441383
EFT:2.4644036,-19.757696,-2.3970153,-6.838983,-4.157643,-4.7328467,-1.4244317,-2.4856453,-3.9173982,-1.4413826
Random353
Raw:2.4644043,-19.7577,-2.397016,-6.838985,-4.1576443,-4.732848,-1.424432,-2.4856462,-3.9173996,-1.441383
EFT:2.4644036,-19.757696,-2.3970153,-6.838983,-4.157643,-4.7328467,-1.4244317,-2.4856453,-3.9173982,-1.4413826
Random354
Raw:2.4644027,-19.757689,-2.3970144,-6.8389807,-4.1576414,-4.7328453,-1.4244313,-2.4856448,-3.9173968,-1.4413823
EFT:2.4644036,-19.757696,-2.3970153,-6.838983,-4.157643,-4.7328467,-1.4244317,-2.4856453,-3.9173982,-1.4413826
Random355
Raw:2.4644043,-19.7577,-2.397016,-6.838985,-4.1576443,-4.732848,-1.424432,-2.4856462,-3.9173996,-1.441383
EFT:2.4644036,-19.757696,-2.3970153,-6.838983,-4.157643,-4.7328467,-1.4244317,-2.4856453,-3.9173982,-1.4413826
Random356
Raw:2.4644053,-19.757708,-2.397017,-6.8389874,-4.1576457,-4.7328496,-1.4244325,-2.4856467,-3.9174016,-1.4413834
EFT:2.4644036,-19.757696,-2.3970153,-6.838983,-4.157643,-4.7328467,-1.4244317,-2.4856453,-3.9173982,-1.4413826
Random357
Raw:2.4644039,-19.757696,-2.3970156,-6.8389835,-4.1576433,-4.732847,-1.4244318,-2.4856458,-3.9173987,-1.4413828
EFT:2.4644036,-19.757696,-2.3970153,-6.838983,-4.157643,-4.7328467,-1.4244317,-2.4856453,-3.9173982,-1.4413826
Random358
Raw:2.4644039,-19.757698,-2.3970156,-6.838984,-4.157644,-4.732847,-1.4244319,-2.4856458,-3.9173992,-1.4413829
EFT:2.4644036,-19.757696,-2.3970153,-6.838983,-4.157643,-4.7328467,-1.4244317,-2.4856453,-3.9173982,-1.4413826
Random359
Raw:2.4644039,-19.757696,-2.3970156,-6.8389835,-4.1576433,-4.732847,-1.4244318,-2.4856458,-3.9173987,-1.4413828
EFT:2.4644036,-19.757696,-2.3970153,-6.838983,-4.157643,-4.7328467,-1.4244317,-2.4856453,-3.9173982,-1.4413826
Random360
Raw:2.4644036,-19.757696,-2.3970153,-6.838983,-4.157643,-4.7328467,-1.4244317,-2.4856453,-3.9173982,-1.4413826
EFT:2.4644036,-19.757696,-2.3970153,-6.838983,-4.157643,-4.7328467,-1.4244317,-2.4856453,-3.9173982,-1.4413826
Random361
Raw:2.4644039,-19.757698,-2.3970156,-6.838984,-4.157644,-4.732847,-1.4244319,-2.4856458,-3.9173992,-1.4413829
EFT:2.4644036,-19.757696,-2.3970153,-6.838983,-4.157643,-4.7328467,-1.4244317,-2.4856453,-3.9173982,-1.4413826
Random362
Raw:2.4644036,-19.757696,-2.3970153,-6.838983,-4.157643,-4.7328467,-1.4244317,-2.4856453,-3.9173982,-1.4413826
EFT:2.4644036,-19.757696,-2.3970153,-6.838983,-4.157643,-4.7328467,-1.4244317,-2.4856453,-3.9173982,-1.4413826
Random363
Raw:2.4644039,-19.757698,-2.3970156,-6.838984,-4.157644,-4.732847,-1.4244319,-2.4856458,-3.9173992,-1.4413829
EFT:2.4644036,-19.757696,-2.3970153,-6.838983,-4.157643,-4.7328467,-1.4244317,-2.4856453,-3.9173982,-1.4413826
Random364
Raw:2.464404,-19.7577,-2.3970158,-6.8389845,-4.157644,-4.7328477,-1.4244319,-2.4856458,-3.9173992,-1.4413829
EFT:2.4644036,-19.757696,-2.3970153,-6.838983,-4.157643,-4.7328467,-1.4244317,-2.4856453,-3.9173982,-1.4413826
Random365
Raw:2.4644039,-19.757698,-2.3970156,-6.838984,-4.157644,-4.732847,-1.4244319,-2.4856458,-3.9173992,-1.4413829
EFT:2.4644036,-19.757696,-2.3970153,-6.838983,-4.157643,-4.7328467,-1.4244317,-2.4856453,-3.9173982,-1.4413826
Random366
Raw:2.4644036,-19.757696,-2.3970153,-6.838983,-4.157643,-4.7328467,-1.4244317,-2.4856453,-3.9173982,-1.4413826
EFT:2.4644036,-19.757696,-2.3970153,-6.838983,-4.157643,-4.7328467,-1.4244317,-2.4856453,-3.9173982,-1.4413826
Random367
Raw:2.4644039,-19.757698,-2.3970156,-6.838984,-4.157644,-4.732847,-1.4244319,-2.4856458,-3.9173992,-1.4413829
EFT:2.4644036,-19.757696,-2.3970153,-6.838983,-4.157643,-4.7328467,-1.4244317,-2.4856453,-3.9173982,-1.4413826
Random368
Raw:2.4644036,-19.757696,-2.3970153,-6.838983,-4.157643,-4.7328467,-1.4244317,-2.4856453,-3.9173982,-1.4413826
EFT:2.4644036,-19.757696,-2.3970153,-6.838983,-4.157643,-4.7328467,-1.4244317,-2.4856453,-3.9173982,-1.4413826
Random369
Raw:2.4644039,-19.757696,-2.3970156,-6.8389835,-4.1576433,-4.732847,-1.4244318,-2.4856458,-3.9173987,-1.4413828
EFT:2.4644036,-19.757696,-2.3970153,-6.838983,-4.157643,-4.7328467,-1.4244317,-2.4856453,-3.9173982,-1.4413826
Random370
Raw:2.4644048,-19.757706,-2.3970165,-6.8389864,-4.157645,-4.732849,-1.4244323,-2.4856467,-3.9174006,-1.4413832
EFT:2.4644036,-19.757696,-2.3970153,-6.838983,-4.157643,-4.7328467,-1.4244317,-2.4856453,-3.9173982,-1.4413826
Random371
Raw:2.4644039,-19.757698,-2.3970156,-6.838984,-4.157644,-4.732847,-1.4244319,-2.4856458,-3.9173992,-1.4413829
EFT:2.4644036,-19.757696,-2.3970153,-6.838983,-4.157643,-4.7328467,-1.4244317,-2.4856453,-3.9173982,-1.4413826
Random372
Raw:2.4644034,-19.757694,-2.397015,-6.8389826,-4.157643,-4.7328463,-1.4244316,-2.4856453,-3.9173982,-1.4413826
EFT:2.4644036,-19.757696,-2.3970153,-6.838983,-4.157643,-4.7328467,-1.4244317,-2.4856453,-3.9173982,-1.4413826
Random373
Raw:2.4644046,-19.757702,-2.3970163,-6.8389854,-4.1576447,-4.732848,-1.4244322,-2.4856462,-3.9174001,-1.4413831
EFT:2.4644036,-19.757696,-2.3970153,-6.838983,-4.157643,-4.7328467,-1.4244317,-2.4856453,-3.9173982,-1.4413826
Random374
Raw:2.4644055,-19.75771,-2.3970172,-6.838988,-4.157646,-4.73285,-1.4244325,-2.4856472,-3.9174016,-1.4413835
EFT:2.4644036,-19.757696,-2.3970153,-6.838983,-4.157643,-4.7328467,-1.4244317,-2.4856453,-3.9173982,-1.4413826
Random375
Raw:2.4644034,-19.757694,-2.397015,-6.8389826,-4.157643,-4.7328463,-1.4244316,-2.4856453,-3.9173982,-1.4413826
EFT:2.4644036,-19.757696,-2.3970153,-6.838983,-4.157643,-4.7328467,-1.4244317,-2.4856453,-3.9173982,-1.4413826
Random376
Raw:2.464406,-19.757713,-2.3970177,-6.8389893,-4.157647,-4.732851,-1.4244329,-2.4856477,-3.9174025,-1.4413837
EFT:2.4644036,-19.757696,-2.3970153,-6.838983,-4.157643,-4.7328467,-1.4244317,-2.4856453,-3.9173982,-1.4413826
Random377
Raw:2.4644034,-19.757694,-2.397015,-6.8389826,-4.157643,-4.7328463,-1.4244316,-2.4856453,-3.9173982,-1.4413826
EFT:2.4644036,-19.757696,-2.3970153,-6.838983,-4.157643,-4.7328467,-1.4244317,-2.4856453,-3.9173982,-1.4413826
Random378
Raw:2.4644048,-19.757706,-2.3970165,-6.8389864,-4.157645,-4.732849,-1.4244323,-2.4856467,-3.9174006,-1.4413832
EFT:2.4644036,-19.757696,-2.3970153,-6.838983,-4.157643,-4.7328467,-1.4244317,-2.4856453,-3.9173982,-1.4413826
Random379
Raw:2.4644039,-19.757698,-2.3970156,-6.838984,-4.157644,-4.732847,-1.4244319,-2.4856458,-3.9173992,-1.4413829
EFT:2.4644036,-19.757696,-2.3970153,-6.838983,-4.157643,-4.7328467,-1.4244317,-2.4856453,-3.9173982,-1.4413826
Random380
Raw:2.4644027,-19.757689,-2.3970144,-6.8389807,-4.1576414,-4.7328453,-1.4244313,-2.4856448,-3.9173968,-1.4413823
EFT:2.4644036,-19.757696,-2.3970153,-6.838983,-4.157643,-4.7328467,-1.4244317,-2.4856453,-3.9173982,-1.4413826
Random381
Raw:2.464405,-19.757706,-2.3970168,-6.838987,-4.1576457,-4.732849,-1.4244324,-2.4856467,-3.917401,-1.4413834
EFT:2.4644036,-19.757696,-2.3970153,-6.838983,-4.157643,-4.7328467,-1.4244317,-2.4856453,-3.9173982,-1.4413826
Random382
Raw:2.4644046,-19.757702,-2.3970163,-6.8389854,-4.1576447,-4.732848,-1.4244322,-2.4856462,-3.9174001,-1.4413831
EFT:2.4644036,-19.757696,-2.3970153,-6.838983,-4.157643,-4.7328467,-1.4244317,-2.4856453,-3.9173982,-1.4413826
Random383
Raw:2.4644046,-19.757702,-2.3970163,-6.8389854,-4.1576447,-4.732848,-1.4244322,-2.4856462,-3.9174001,-1.4413831
EFT:2.4644036,-19.757696,-2.3970153,-6.838983,-4.157643,-4.7328467,-1.4244317,-2.4856453,-3.9173982,-1.4413826
Random384
Raw:2.4644043,-19.7577,-2.397016,-6.838985,-4.1576443,-4.732848,-1.424432,-2.4856462,-3.9173996,-1.441383
EFT:2.4644036,-19.757696,-2.3970153,-6.838983,-4.157643,-4.7328467,-1.4244317,-2.4856453,-3.9173982,-1.4413826
Random385
Raw:2.4644032,-19.757692,-2.3970149,-6.838982,-4.1576424,-4.7328463,-1.4244316,-2.4856453,-3.9173977,-1.4413825
EFT:2.4644036,-19.757696,-2.3970153,-6.838983,-4.157643,-4.7328467,-1.4244317,-2.4856453,-3.9173982,-1.4413826
Random386
Raw:2.4644043,-19.7577,-2.397016,-6.838985,-4.1576443,-4.732848,-1.424432,-2.4856462,-3.9173996,-1.441383
EFT:2.4644036,-19.757696,-2.3970153,-6.838983,-4.157643,-4.7328467,-1.4244317,-2.4856453,-3.9173982,-1.4413826
Random387
Raw:2.4644034,-19.757694,-2.397015,-6.8389826,-4.157643,-4.7328463,-1.4244316,-2.4856453,-3.9173982,-1.4413826
EFT:2.4644036,-19.757696,-2.3970153,-6.838983,-4.157643,-4.7328467,-1.4244317,-2.4856453,-3.9173982,-1.4413826
Random388
Raw:2.464403,-19.75769,-2.3970146,-6.838981,-4.157642,-4.7328453,-1.4244313,-2.4856448,-3.9173973,-1.4413824
EFT:2.4644036,-19.757696,-2.3970153,-6.838983,-4.157643,-4.7328467,-1.4244317,-2.4856453,-3.9173982,-1.4413826
Random389
Raw:2.4644034,-19.757694,-2.397015,-6.8389826,-4.157643,-4.7328463,-1.4244316,-2.4856453,-3.9173982,-1.4413826
EFT:2.4644036,-19.757696,-2.3970153,-6.838983,-4.157643,-4.7328467,-1.4244317,-2.4856453,-3.9173982,-1.4413826
Random390
Raw:2.4644055,-19.757711,-2.3970172,-6.8389883,-4.1576467,-4.7328506,-1.4244326,-2.4856472,-3.917402,-1.4413836
EFT:2.4644036,-19.757696,-2.3970153,-6.838983,-4.157643,-4.7328467,-1.4244317,-2.4856453,-3.9173982,-1.4413826
Random391
Raw:2.4644043,-19.7577,-2.397016,-6.838985,-4.1576443,-4.732848,-1.424432,-2.4856462,-3.9173996,-1.441383
EFT:2.4644036,-19.757696,-2.3970153,-6.838983,-4.157643,-4.7328467,-1.4244317,-2.4856453,-3.9173982,-1.4413826
Random392
Raw:2.4644032,-19.757692,-2.3970149,-6.838982,-4.1576424,-4.7328463,-1.4244316,-2.4856453,-3.9173977,-1.4413825
EFT:2.4644036,-19.757696,-2.3970153,-6.838983,-4.157643,-4.7328467,-1.4244317,-2.4856453,-3.9173982,-1.4413826
Random393
Raw:2.4644032,-19.757692,-2.3970149,-6.838982,-4.1576424,-4.7328463,-1.4244316,-2.4856453,-3.9173977,-1.4413825
EFT:2.4644036,-19.757696,-2.3970153,-6.838983,-4.157643,-4.7328467,-1.4244317,-2.4856453,-3.9173982,-1.4413826
Random394
Raw:2.4644027,-19.757689,-2.3970144,-6.8389807,-4.1576414,-4.7328453,-1.4244313,-2.4856448,-3.9173968,-1.4413823
EFT:2.4644036,-19.757696,-2.3970153,-6.838983,-4.157643,-4.7328467,-1.4244317,-2.4856453,-3.9173982,-1.4413826
Random395
Raw:2.4644058,-19.757711,-2.3970175,-6.838989,-4.1576467,-4.7328506,-1.4244328,-2.4856472,-3.9174025,-1.4413836
EFT:2.4644036,-19.757696,-2.3970153,-6.838983,-4.157643,-4.7328467,-1.4244317,-2.4856453,-3.9173982,-1.4413826
Random396
Raw:2.464403,-19.75769,-2.3970146,-6.838981,-4.157642,-4.7328453,-1.4244313,-2.4856448,-3.9173973,-1.4413824
EFT:2.4644036,-19.757696,-2.3970153,-6.838983,-4.157643,-4.7328467,-1.4244317,-2.4856453,-3.9173982,-1.4413826
Random397
Raw:2.464403,-19.75769,-2.3970146,-6.838981,-4.157642,-4.7328453,-1.4244313,-2.4856448,-3.9173973,-1.4413824
EFT:2.4644036,-19.757696,-2.3970153,-6.838983,-4.157643,-4.7328467,-1.4244317,-2.4856453,-3.9173982,-1.4413826
Random398
Raw:2.4644046,-19.757702,-2.3970163,-6.8389854,-4.1576447,-4.732848,-1.4244322,-2.4856462,-3.9174001,-1.4413831
EFT:2.4644036,-19.757696,-2.3970153,-6.838983,-4.157643,-4.7328467,-1.4244317,-2.4856453,-3.9173982,-1.4413826
Random399
Raw:2.464404,-19.7577,-2.3970158,-6.8389845,-4.157644,-4.7328477,-1.4244319,-2.4856458,-3.9173992,-1.4413829
EFT:2.4644036,-19.757696,-2.3970153,-6.838983,-4.157643,-4.7328467,-1.4244317,-2.4856453,-3.9173982,-1.4413826
Random400
Raw:2.4644039,-19.757696,-2.3970156,-6.8389835,-4.1576433,-4.732847,-1.4244318,-2.4856458,-3.9173987,-1.4413828
EFT:2.4644036,-19.757696,-2.3970153,-6.838983,-4.157643,-4.7328467,-1.4244317,-2.4856453,-3.9173982,-1.4413826
Random401
Raw:2.464404,-19.7577,-2.3970158,-6.8389845,-4.157644,-4.7328477,-1.4244319,-2.4856458,-3.9173992,-1.4413829
EFT:2.4644036,-19.757696,-2.3970153,-6.838983,-4.157643,-4.7328467,-1.4244317,-2.4856453,-3.9173982,-1.4413826
Random402
Raw:2.4644032,-19.757692,-2.3970149,-6.838982,-4.1576424,-4.7328463,-1.4244316,-2.4856453,-3.9173977,-1.4413825
EFT:2.4644036,-19.757696,-2.3970153,-6.838983,-4.157643,-4.7328467,-1.4244317,-2.4856453,-3.9173982,-1.4413826
Random403
Raw:2.4644039,-19.757698,-2.3970156,-6.838984,-4.157644,-4.732847,-1.4244319,-2.4856458,-3.9173992,-1.4413829
EFT:2.4644036,-19.757696,-2.3970153,-6.838983,-4.157643,-4.7328467,-1.4244317,-2.4856453,-3.9173982,-1.4413826
Random404
Raw:2.4644034,-19.757694,-2.397015,-6.8389826,-4.157643,-4.7328463,-1.4244316,-2.4856453,-3.9173982,-1.4413826
EFT:2.4644036,-19.757696,-2.3970153,-6.838983,-4.157643,-4.7328467,-1.4244317,-2.4856453,-3.9173982,-1.4413826
Random405
Raw:2.4644034,-19.757694,-2.397015,-6.8389826,-4.157643,-4.7328463,-1.4244316,-2.4856453,-3.9173982,-1.4413826
EFT:2.4644036,-19.757696,-2.3970153,-6.838983,-4.157643,-4.7328467,-1.4244317,-2.4856453,-3.9173982,-1.4413826
Random406
Raw:2.4644034,-19.757694,-2.397015,-6.8389826,-4.157643,-4.7328463,-1.4244316,-2.4856453,-3.9173982,-1.4413826
EFT:2.4644036,-19.757696,-2.3970153,-6.838983,-4.157643,-4.7328467,-1.4244317,-2.4856453,-3.9173982,-1.4413826
Random407
Raw:2.464405,-19.757706,-2.3970168,-6.838987,-4.1576457,-4.732849,-1.4244324,-2.4856467,-3.917401,-1.4413834
EFT:2.4644036,-19.757696,-2.3970153,-6.838983,-4.157643,-4.7328467,-1.4244317,-2.4856453,-3.9173982,-1.4413826
Random408
Raw:2.4644024,-19.757687,-2.3970141,-6.83898,-4.157641,-4.732845,-1.4244312,-2.4856443,-3.9173963,-1.4413822
EFT:2.4644036,-19.757696,-2.3970153,-6.838983,-4.157643,-4.7328467,-1.4244317,-2.4856453,-3.9173982,-1.4413826
Random409
Raw:2.464404,-19.7577,-2.3970158,-6.8389845,-4.157644,-4.7328477,-1.4244319,-2.4856458,-3.9173992,-1.4413829
EFT:2.4644036,-19.757696,-2.3970153,-6.838983,-4.157643,-4.7328467,-1.4244317,-2.4856453,-3.9173982,-1.4413826
Random410
Raw:2.4644046,-19.757704,-2.3970165,-6.838986,-4.1576447,-4.7328486,-1.4244323,-2.4856462,-3.9174001,-1.4413831
EFT:2.4644036,-19.757696,-2.3970153,-6.838983,-4.157643,-4.7328467,-1.4244317,-2.4856453,-3.9173982,-1.4413826
Random411
Raw:2.4644063,-19.757715,-2.397018,-6.8389897,-4.1576476,-4.7328515,-1.4244329,-2.4856477,-3.917403,-1.4413838
EFT:2.4644036,-19.757696,-2.3970153,-6.838983,-4.157643,-4.7328467,-1.4244317,-2.4856453,-3.9173982,-1.4413826
Random412
Raw:2.4644055,-19.75771,-2.3970172,-6.838988,-4.157646,-4.73285,-1.4244325,-2.4856472,-3.9174016,-1.4413835
EFT:2.4644036,-19.757696,-2.3970153,-6.838983,-4.157643,-4.7328467,-1.4244317,-2.4856453,-3.9173982,-1.4413826
Random413
Raw:2.4644032,-19.757692,-2.3970149,-6.838982,-4.1576424,-4.7328463,-1.4244316,-2.4856453,-3.9173977,-1.4413825
EFT:2.4644036,-19.757696,-2.3970153,-6.838983,-4.157643,-4.7328467,-1.4244317,-2.4856453,-3.9173982,-1.4413826
Random414
Raw:2.4644036,-19.757696,-2.3970153,-6.838983,-4.157643,-4.7328467,-1.4244317,-2.4856453,-3.9173982,-1.4413826
EFT:2.4644036,-19.757696,-2.3970153,-6.838983,-4.157643,-4.7328467,-1.4244317,-2.4856453,-3.9173982,-1.4413826
Random415
Raw:2.4644039,-19.757698,-2.3970156,-6.838984,-4.157644,-4.732847,-1.4244319,-2.4856458,-3.9173992,-1.4413829
EFT:2.4644036,-19.757696,-2.3970153,-6.838983,-4.157643,-4.7328467,-1.4244317,-2.4856453,-3.9173982,-1.4413826
Random416
Raw:2.464405,-19.757706,-2.3970168,-6.838987,-4.1576457,-4.732849,-1.4244324,-2.4856467,-3.917401,-1.4413834
EFT:2.4644036,-19.757696,-2.3970153,-6.838983,-4.157643,-4.7328467,-1.4244317,-2.4856453,-3.9173982,-1.4413826
Random417
Raw:2.4644039,-19.757698,-2.3970156,-6.838984,-4.157644,-4.732847,-1.4244319,-2.4856458,-3.9173992,-1.4413829
EFT:2.4644036,-19.757696,-2.3970153,-6.838983,-4.157643,-4.7328467,-1.4244317,-2.4856453,-3.9173982,-1.4413826
Random418
Raw:2.4644046,-19.757704,-2.3970165,-6.838986,-4.1576447,-4.7328486,-1.4244323,-2.4856462,-3.9174001,-1.4413831
EFT:2.4644036,-19.757696,-2.3970153,-6.838983,-4.157643,-4.7328467,-1.4244317,-2.4856453,-3.9173982,-1.4413826
Random419
Raw:2.4644043,-19.7577,-2.397016,-6.838985,-4.1576443,-4.732848,-1.424432,-2.4856462,-3.9173996,-1.441383
EFT:2.4644036,-19.757696,-2.3970153,-6.838983,-4.157643,-4.7328467,-1.4244317,-2.4856453,-3.9173982,-1.4413826
Random420
Raw:2.4644043,-19.7577,-2.397016,-6.838985,-4.1576443,-4.732848,-1.424432,-2.4856462,-3.9173996,-1.441383
EFT:2.4644036,-19.757696,-2.3970153,-6.838983,-4.157643,-4.7328467,-1.4244317,-2.4856453,-3.9173982,-1.4413826
Random421
Raw:2.4644046,-19.757702,-2.3970163,-6.8389854,-4.1576447,-4.732848,-1.4244322,-2.4856462,-3.9174001,-1.4413831
EFT:2.4644036,-19.757696,-2.3970153,-6.838983,-4.157643,-4.7328467,-1.4244317,-2.4856453,-3.9173982,-1.4413826
Random422
Raw:2.4644043,-19.7577,-2.397016,-6.838985,-4.1576443,-4.732848,-1.424432,-2.4856462,-3.9173996,-1.441383
EFT:2.4644036,-19.757696,-2.3970153,-6.838983,-4.157643,-4.7328467,-1.4244317,-2.4856453,-3.9173982,-1.4413826
Random423
Raw:2.4644046,-19.757704,-2.3970165,-6.838986,-4.1576447,-4.7328486,-1.4244323,-2.4856462,-3.9174001,-1.4413831
EFT:2.4644036,-19.757696,-2.3970153,-6.838983,-4.157643,-4.7328467,-1.4244317,-2.4856453,-3.9173982,-1.4413826
Random424
Raw:2.4644005,-19.757673,-2.3970125,-6.8389754,-4.157638,-4.7328415,-1.4244304,-2.485643,-3.917393,-1.4413815
EFT:2.4644036,-19.757696,-2.3970153,-6.838983,-4.157643,-4.7328467,-1.4244317,-2.4856453,-3.9173982,-1.4413826
Random425
Raw:2.4644048,-19.757706,-2.3970165,-6.8389864,-4.157645,-4.732849,-1.4244323,-2.4856467,-3.9174006,-1.4413832
EFT:2.4644036,-19.757696,-2.3970153,-6.838983,-4.157643,-4.7328467,-1.4244317,-2.4856453,-3.9173982,-1.4413826
Random426
Raw:2.4644039,-19.757698,-2.3970156,-6.838984,-4.157644,-4.732847,-1.4244319,-2.4856458,-3.9173992,-1.4413829
EFT:2.4644036,-19.757696,-2.3970153,-6.838983,-4.157643,-4.7328467,-1.4244317,-2.4856453,-3.9173982,-1.4413826
Random427
Raw:2.4644058,-19.757711,-2.3970175,-6.838989,-4.1576467,-4.7328506,-1.4244328,-2.4856472,-3.9174025,-1.4413836
EFT:2.4644036,-19.757696,-2.3970153,-6.838983,-4.157643,-4.7328467,-1.4244317,-2.4856453,-3.9173982,-1.4413826
Random428
Raw:2.4644034,-19.757694,-2.397015,-6.8389826,-4.157643,-4.7328463,-1.4244316,-2.4856453,-3.9173982,-1.4413826
EFT:2.4644036,-19.757696,-2.3970153,-6.838983,-4.157643,-4.7328467,-1.4244317,-2.4856453,-3.9173982,-1.4413826
Random429
Raw:2.464405,-19.757706,-2.3970168,-6.838987,-4.1576457,-4.732849,-1.4244324,-2.4856467,-3.917401,-1.4413834
EFT:2.4644036,-19.757696,-2.3970153,-6.838983,-4.157643,-4.7328467,-1.4244317,-2.4856453,-3.9173982,-1.4413826
Random430
Raw:2.4644024,-19.757687,-2.3970141,-6.83898,-4.157641,-4.732845,-1.4244312,-2.4856443,-3.9173963,-1.4413822
EFT:2.4644036,-19.757696,-2.3970153,-6.838983,-4.157643,-4.7328467,-1.4244317,-2.4856453,-3.9173982,-1.4413826
Random431
Raw:2.464405,-19.757706,-2.3970168,-6.838987,-4.1576457,-4.732849,-1.4244324,-2.4856467,-3.917401,-1.4413834
EFT:2.4644036,-19.757696,-2.3970153,-6.838983,-4.157643,-4.7328467,-1.4244317,-2.4856453,-3.9173982,-1.4413826
Random432
Raw:2.464405,-19.757706,-2.3970168,-6.838987,-4.1576457,-4.732849,-1.4244324,-2.4856467,-3.917401,-1.4413834
EFT:2.4644036,-19.757696,-2.3970153,-6.838983,-4.157643,-4.7328467,-1.4244317,-2.4856453,-3.9173982,-1.4413826
Random433
Raw:2.464404,-19.7577,-2.3970158,-6.8389845,-4.157644,-4.7328477,-1.4244319,-2.4856458,-3.9173992,-1.4413829
EFT:2.4644036,-19.757696,-2.3970153,-6.838983,-4.157643,-4.7328467,-1.4244317,-2.4856453,-3.9173982,-1.4413826
Random434
Raw:2.4644039,-19.757698,-2.3970156,-6.838984,-4.157644,-4.732847,-1.4244319,-2.4856458,-3.9173992,-1.4413829
EFT:2.4644036,-19.757696,-2.3970153,-6.838983,-4.157643,-4.7328467,-1.4244317,-2.4856453,-3.9173982,-1.4413826
Random435
Raw:2.4644036,-19.757696,-2.3970153,-6.838983,-4.157643,-4.7328467,-1.4244317,-2.4856453,-3.9173982,-1.4413826
EFT:2.4644036,-19.757696,-2.3970153,-6.838983,-4.157643,-4.7328467,-1.4244317,-2.4856453,-3.9173982,-1.4413826
Random436
Raw:2.4644046,-19.757704,-2.3970165,-6.838986,-4.1576447,-4.7328486,-1.4244323,-2.4856462,-3.9174001,-1.4413831
EFT:2.4644036,-19.757696,-2.3970153,-6.838983,-4.157643,-4.7328467,-1.4244317,-2.4856453,-3.9173982,-1.4413826
Random437
Raw:2.4644046,-19.757702,-2.3970163,-6.8389854,-4.1576447,-4.732848,-1.4244322,-2.4856462,-3.9174001,-1.4413831
EFT:2.4644036,-19.757696,-2.3970153,-6.838983,-4.157643,-4.7328467,-1.4244317,-2.4856453,-3.9173982,-1.4413826
Random438
Raw:2.4644046,-19.757704,-2.3970165,-6.838986,-4.1576447,-4.7328486,-1.4244323,-2.4856462,-3.9174001,-1.4413831
EFT:2.4644036,-19.757696,-2.3970153,-6.838983,-4.157643,-4.7328467,-1.4244317,-2.4856453,-3.9173982,-1.4413826
Random439
Raw:2.4644043,-19.7577,-2.397016,-6.838985,-4.1576443,-4.732848,-1.424432,-2.4856462,-3.9173996,-1.441383
EFT:2.4644036,-19.757696,-2.3970153,-6.838983,-4.157643,-4.7328467,-1.4244317,-2.4856453,-3.9173982,-1.4413826
Random440
Raw:2.4644046,-19.757702,-2.3970163,-6.8389854,-4.1576447,-4.732848,-1.4244322,-2.4856462,-3.9174001,-1.4413831
EFT:2.4644036,-19.757696,-2.3970153,-6.838983,-4.157643,-4.7328467,-1.4244317,-2.4856453,-3.9173982,-1.4413826
Random441
Raw:2.4644046,-19.757704,-2.3970165,-6.838986,-4.1576447,-4.7328486,-1.4244323,-2.4856462,-3.9174001,-1.4413831
EFT:2.4644036,-19.757696,-2.3970153,-6.838983,-4.157643,-4.7328467,-1.4244317,-2.4856453,-3.9173982,-1.4413826
Random442
Raw:2.464404,-19.7577,-2.3970158,-6.8389845,-4.157644,-4.7328477,-1.4244319,-2.4856458,-3.9173992,-1.4413829
EFT:2.4644036,-19.757696,-2.3970153,-6.838983,-4.157643,-4.7328467,-1.4244317,-2.4856453,-3.9173982,-1.4413826
Random443
Raw:2.4644036,-19.757696,-2.3970153,-6.838983,-4.157643,-4.7328467,-1.4244317,-2.4856453,-3.9173982,-1.4413826
EFT:2.4644036,-19.757696,-2.3970153,-6.838983,-4.157643,-4.7328467,-1.4244317,-2.4856453,-3.9173982,-1.4413826
Random444
Raw:2.4644036,-19.757696,-2.3970153,-6.838983,-4.157643,-4.7328467,-1.4244317,-2.4856453,-3.9173982,-1.4413826
EFT:2.4644036,-19.757696,-2.3970153,-6.838983,-4.157643,-4.7328467,-1.4244317,-2.4856453,-3.9173982,-1.4413826
Random445
Raw:2.464402,-19.757683,-2.3970137,-6.838979,-4.15764,-4.732844,-1.424431,-2.4856439,-3.9173954,-1.4413819
EFT:2.4644036,-19.757696,-2.3970153,-6.838983,-4.157643,-4.7328467,-1.4244317,-2.4856453,-3.9173982,-1.4413826
Random446
Raw:2.464405,-19.757706,-2.3970168,-6.838987,-4.1576457,-4.732849,-1.4244324,-2.4856467,-3.917401,-1.4413834
EFT:2.4644036,-19.757696,-2.3970153,-6.838983,-4.157643,-4.7328467,-1.4244317,-2.4856453,-3.9173982,-1.4413826
Random447
Raw:2.4644039,-19.757696,-2.3970156,-6.8389835,-4.1576433,-4.732847,-1.4244318,-2.4856458,-3.9173987,-1.4413828
EFT:2.4644036,-19.757696,-2.3970153,-6.838983,-4.157643,-4.7328467,-1.4244317,-2.4856453,-3.9173982,-1.4413826
Random448
Raw:2.464405,-19.757706,-2.3970168,-6.838987,-4.1576457,-4.732849,-1.4244324,-2.4856467,-3.917401,-1.4413834
EFT:2.4644036,-19.757696,-2.3970153,-6.838983,-4.157643,-4.7328467,-1.4244317,-2.4856453,-3.9173982,-1.4413826
Random449
Raw:2.4644032,-19.757692,-2.3970149,-6.838982,-4.1576424,-4.7328463,-1.4244316,-2.4856453,-3.9173977,-1.4413825
EFT:2.4644036,-19.757696,-2.3970153,-6.838983,-4.157643,-4.7328467,-1.4244317,-2.4856453,-3.9173982,-1.4413826
Random450
Raw:2.4644032,-19.757692,-2.3970149,-6.838982,-4.1576424,-4.7328463,-1.4244316,-2.4856453,-3.9173977,-1.4413825
EFT:2.4644036,-19.757696,-2.3970153,-6.838983,-4.157643,-4.7328467,-1.4244317,-2.4856453,-3.9173982,-1.4413826
Random451
Raw:2.464403,-19.75769,-2.3970146,-6.838981,-4.157642,-4.7328453,-1.4244313,-2.4856448,-3.9173973,-1.4413824
EFT:2.4644036,-19.757696,-2.3970153,-6.838983,-4.157643,-4.7328467,-1.4244317,-2.4856453,-3.9173982,-1.4413826
Random452
Raw:2.4644046,-19.757702,-2.3970163,-6.8389854,-4.1576447,-4.732848,-1.4244322,-2.4856462,-3.9174001,-1.4413831
EFT:2.4644036,-19.757696,-2.3970153,-6.838983,-4.157643,-4.7328467,-1.4244317,-2.4856453,-3.9173982,-1.4413826
Random453
Raw:2.4644058,-19.757711,-2.3970175,-6.838989,-4.1576467,-4.7328506,-1.4244328,-2.4856472,-3.9174025,-1.4413836
EFT:2.4644036,-19.757696,-2.3970153,-6.838983,-4.157643,-4.7328467,-1.4244317,-2.4856453,-3.9173982,-1.4413826
Random454
Raw:2.4644046,-19.757702,-2.3970163,-6.8389854,-4.1576447,-4.732848,-1.4244322,-2.4856462,-3.9174001,-1.4413831
EFT:2.4644036,-19.757696,-2.3970153,-6.838983,-4.157643,-4.7328467,-1.4244317,-2.4856453,-3.9173982,-1.4413826
Random455
Raw:2.4644046,-19.757704,-2.3970165,-6.838986,-4.1576447,-4.7328486,-1.4244323,-2.4856462,-3.9174001,-1.4413831
EFT:2.4644036,-19.757696,-2.3970153,-6.838983,-4.157643,-4.7328467,-1.4244317,-2.4856453,-3.9173982,-1.4413826
Random456
Raw:2.4644067,-19.757719,-2.3970184,-6.8389907,-4.1576486,-4.7328525,-1.4244332,-2.4856482,-3.917404,-1.4413841
EFT:2.4644036,-19.757696,-2.3970153,-6.838983,-4.157643,-4.7328467,-1.4244317,-2.4856453,-3.9173982,-1.4413826
Random457
Raw:2.4644055,-19.757711,-2.3970172,-6.8389883,-4.1576467,-4.7328506,-1.4244326,-2.4856472,-3.917402,-1.4413836
EFT:2.4644036,-19.757696,-2.3970153,-6.838983,-4.157643,-4.7328467,-1.4244317,-2.4856453,-3.9173982,-1.4413826
Random458
Raw:2.4644036,-19.757696,-2.3970153,-6.838983,-4.157643,-4.7328467,-1.4244317,-2.4856453,-3.9173982,-1.4413826
EFT:2.4644036,-19.757696,-2.3970153,-6.838983,-4.157643,-4.7328467,-1.4244317,-2.4856453,-3.9173982,-1.4413826
Random459
Raw:2.4644039,-19.757696,-2.3970156,-6.8389835,-4.1576433,-4.732847,-1.4244318,-2.4856458,-3.9173987,-1.4413828
EFT:2.4644036,-19.757696,-2.3970153,-6.838983,-4.157643,-4.7328467,-1.4244317,-2.4856453,-3.9173982,-1.4413826
Random460
Raw:2.4644055,-19.75771,-2.3970172,-6.838988,-4.157646,-4.73285,-1.4244325,-2.4856472,-3.9174016,-1.4413835
EFT:2.4644036,-19.757696,-2.3970153,-6.838983,-4.157643,-4.7328467,-1.4244317,-2.4856453,-3.9173982,-1.4413826
Random461
Raw:2.4644034,-19.757694,-2.397015,-6.8389826,-4.157643,-4.7328463,-1.4244316,-2.4856453,-3.9173982,-1.4413826
EFT:2.4644036,-19.757696,-2.3970153,-6.838983,-4.157643,-4.7328467,-1.4244317,-2.4856453,-3.9173982,-1.4413826
Random462
Raw:2.4644046,-19.757704,-2.3970165,-6.838986,-4.1576447,-4.7328486,-1.4244323,-2.4856462,-3.9174001,-1.4413831
EFT:2.4644036,-19.757696,-2.3970153,-6.838983,-4.157643,-4.7328467,-1.4244317,-2.4856453,-3.9173982,-1.4413826
Random463
Raw:2.464405,-19.757706,-2.3970168,-6.838987,-4.1576457,-4.732849,-1.4244324,-2.4856467,-3.917401,-1.4413834
EFT:2.4644036,-19.757696,-2.3970153,-6.838983,-4.157643,-4.7328467,-1.4244317,-2.4856453,-3.9173982,-1.4413826
Random464
Raw:2.464403,-19.75769,-2.3970146,-6.838981,-4.157642,-4.7328453,-1.4244313,-2.4856448,-3.9173973,-1.4413824
EFT:2.4644036,-19.757696,-2.3970153,-6.838983,-4.157643,-4.7328467,-1.4244317,-2.4856453,-3.9173982,-1.4413826
Random465
Raw:2.4644039,-19.757698,-2.3970156,-6.838984,-4.157644,-4.732847,-1.4244319,-2.4856458,-3.9173992,-1.4413829
EFT:2.4644036,-19.757696,-2.3970153,-6.838983,-4.157643,-4.7328467,-1.4244317,-2.4856453,-3.9173982,-1.4413826
Random466
Raw:2.4644046,-19.757704,-2.3970165,-6.838986,-4.1576447,-4.7328486,-1.4244323,-2.4856462,-3.9174001,-1.4413831
EFT:2.4644036,-19.757696,-2.3970153,-6.838983,-4.157643,-4.7328467,-1.4244317,-2.4856453,-3.9173982,-1.4413826
Random467
Raw:2.4644032,-19.757692,-2.3970149,-6.838982,-4.1576424,-4.7328463,-1.4244316,-2.4856453,-3.9173977,-1.4413825
EFT:2.4644036,-19.757696,-2.3970153,-6.838983,-4.157643,-4.7328467,-1.4244317,-2.4856453,-3.9173982,-1.4413826
Random468
Raw:2.4644036,-19.757696,-2.3970153,-6.838983,-4.157643,-4.7328467,-1.4244317,-2.4856453,-3.9173982,-1.4413826
EFT:2.4644036,-19.757696,-2.3970153,-6.838983,-4.157643,-4.7328467,-1.4244317,-2.4856453,-3.9173982,-1.4413826
Random469
Raw:2.4644027,-19.757689,-2.3970144,-6.8389807,-4.1576414,-4.7328453,-1.4244313,-2.4856448,-3.9173968,-1.4413823
EFT:2.4644036,-19.757696,-2.3970153,-6.838983,-4.157643,-4.7328467,-1.4244317,-2.4856453,-3.9173982,-1.4413826
Random470
Raw:2.4644043,-19.7577,-2.397016,-6.838985,-4.1576443,-4.732848,-1.424432,-2.4856462,-3.9173996,-1.441383
EFT:2.4644036,-19.757696,-2.3970153,-6.838983,-4.157643,-4.7328467,-1.4244317,-2.4856453,-3.9173982,-1.4413826
Random471
Raw:2.4644039,-19.757696,-2.3970156,-6.8389835,-4.1576433,-4.732847,-1.4244318,-2.4856458,-3.9173987,-1.4413828
EFT:2.4644036,-19.757696,-2.3970153,-6.838983,-4.157643,-4.7328467,-1.4244317,-2.4856453,-3.9173982,-1.4413826
Random472
Raw:2.464406,-19.757713,-2.3970177,-6.8389893,-4.157647,-4.732851,-1.4244329,-2.4856477,-3.9174025,-1.4413837
EFT:2.4644036,-19.757696,-2.3970153,-6.838983,-4.157643,-4.7328467,-1.4244317,-2.4856453,-3.9173982,-1.4413826
Random473
Raw:2.464404,-19.7577,-2.3970158,-6.8389845,-4.157644,-4.7328477,-1.4244319,-2.4856458,-3.9173992,-1.4413829
EFT:2.4644036,-19.757696,-2.3970153,-6.838983,-4.157643,-4.7328467,-1.4244317,-2.4856453,-3.9173982,-1.4413826
Random474
Raw:2.464404,-19.7577,-2.3970158,-6.8389845,-4.157644,-4.7328477,-1.4244319,-2.4856458,-3.9173992,-1.4413829
EFT:2.4644036,-19.757696,-2.3970153,-6.838983,-4.157643,-4.7328467,-1.4244317,-2.4856453,-3.9173982,-1.4413826
Random475
Raw:2.4644039,-19.757696,-2.3970156,-6.8389835,-4.1576433,-4.732847,-1.4244318,-2.4856458,-3.9173987,-1.4413828
EFT:2.4644036,-19.757696,-2.3970153,-6.838983,-4.157643,-4.7328467,-1.4244317,-2.4856453,-3.9173982,-1.4413826
Random476
Raw:2.4644039,-19.757698,-2.3970156,-6.838984,-4.157644,-4.732847,-1.4244319,-2.4856458,-3.9173992,-1.4413829
EFT:2.4644036,-19.757696,-2.3970153,-6.838983,-4.157643,-4.7328467,-1.4244317,-2.4856453,-3.9173982,-1.4413826
Random477
Raw:2.4644043,-19.7577,-2.397016,-6.838985,-4.1576443,-4.732848,-1.424432,-2.4856462,-3.9173996,-1.441383
EFT:2.4644036,-19.757696,-2.3970153,-6.838983,-4.157643,-4.7328467,-1.4244317,-2.4856453,-3.9173982,-1.4413826
Random478
Raw:2.4644058,-19.757711,-2.3970175,-6.838989,-4.1576467,-4.7328506,-1.4244328,-2.4856472,-3.9174025,-1.4413836
EFT:2.4644036,-19.757696,-2.3970153,-6.838983,-4.157643,-4.7328467,-1.4244317,-2.4856453,-3.9173982,-1.4413826
Random479
Raw:2.4644043,-19.7577,-2.397016,-6.838985,-4.1576443,-4.732848,-1.424432,-2.4856462,-3.9173996,-1.441383
EFT:2.4644036,-19.757696,-2.3970153,-6.838983,-4.157643,-4.7328467,-1.4244317,-2.4856453,-3.9173982,-1.4413826
Random480
Raw:2.4644043,-19.7577,-2.397016,-6.838985,-4.1576443,-4.732848,-1.424432,-2.4856462,-3.9173996,-1.441383
EFT:2.4644036,-19.757696,-2.3970153,-6.838983,-4.157643,-4.7328467,-1.4244317,-2.4856453,-3.9173982,-1.4413826
Random481
Raw:2.4644032,-19.757692,-2.3970149,-6.838982,-4.1576424,-4.7328463,-1.4244316,-2.4856453,-3.9173977,-1.4413825
EFT:2.4644036,-19.757696,-2.3970153,-6.838983,-4.157643,-4.7328467,-1.4244317,-2.4856453,-3.9173982,-1.4413826
Random482
Raw:2.4644053,-19.757708,-2.397017,-6.8389874,-4.1576457,-4.7328496,-1.4244325,-2.4856467,-3.9174016,-1.4413834
EFT:2.4644036,-19.757696,-2.3970153,-6.838983,-4.157643,-4.7328467,-1.4244317,-2.4856453,-3.9173982,-1.4413826
Random483
Raw:2.4644046,-19.757704,-2.3970165,-6.838986,-4.1576447,-4.7328486,-1.4244323,-2.4856462,-3.9174001,-1.4413831
EFT:2.4644036,-19.757696,-2.3970153,-6.838983,-4.157643,-4.7328467,-1.4244317,-2.4856453,-3.9173982,-1.4413826
Random484
Raw:2.4644046,-19.757704,-2.3970165,-6.838986,-4.1576447,-4.7328486,-1.4244323,-2.4856462,-3.9174001,-1.4413831
EFT:2.4644036,-19.757696,-2.3970153,-6.838983,-4.157643,-4.7328467,-1.4244317,-2.4856453,-3.9173982,-1.4413826
Random485
Raw:2.4644032,-19.757692,-2.3970149,-6.838982,-4.1576424,-4.7328463,-1.4244316,-2.4856453,-3.9173977,-1.4413825
EFT:2.4644036,-19.757696,-2.3970153,-6.838983,-4.157643,-4.7328467,-1.4244317,-2.4856453,-3.9173982,-1.4413826
Random486
Raw:2.4644055,-19.75771,-2.3970172,-6.838988,-4.157646,-4.73285,-1.4244325,-2.4856472,-3.9174016,-1.4413835
EFT:2.4644036,-19.757696,-2.3970153,-6.838983,-4.157643,-4.7328467,-1.4244317,-2.4856453,-3.9173982,-1.4413826
Random487
Raw:2.464403,-19.75769,-2.3970149,-6.8389816,-4.157642,-4.732846,-1.4244314,-2.4856448,-3.9173973,-1.4413824
EFT:2.4644036,-19.757696,-2.3970153,-6.838983,-4.157643,-4.7328467,-1.4244317,-2.4856453,-3.9173982,-1.4413826
Random488
Raw:2.4644039,-19.757696,-2.3970156,-6.8389835,-4.1576433,-4.732847,-1.4244318,-2.4856458,-3.9173987,-1.4413828
EFT:2.4644036,-19.757696,-2.3970153,-6.838983,-4.157643,-4.7328467,-1.4244317,-2.4856453,-3.9173982,-1.4413826
Random489
Raw:2.4644048,-19.757706,-2.3970165,-6.8389864,-4.157645,-4.732849,-1.4244323,-2.4856467,-3.9174006,-1.4413832
EFT:2.4644036,-19.757696,-2.3970153,-6.838983,-4.157643,-4.7328467,-1.4244317,-2.4856453,-3.9173982,-1.4413826
Random490
Raw:2.4644043,-19.7577,-2.397016,-6.838985,-4.1576443,-4.732848,-1.424432,-2.4856462,-3.9173996,-1.441383
EFT:2.4644036,-19.757696,-2.3970153,-6.838983,-4.157643,-4.7328467,-1.4244317,-2.4856453,-3.9173982,-1.4413826
Random491
Raw:2.4644043,-19.7577,-2.397016,-6.838985,-4.1576443,-4.732848,-1.424432,-2.4856462,-3.9173996,-1.441383
EFT:2.4644036,-19.757696,-2.3970153,-6.838983,-4.157643,-4.7328467,-1.4244317,-2.4856453,-3.9173982,-1.4413826
Random492
Raw:2.4644039,-19.757698,-2.3970156,-6.838984,-4.157644,-4.732847,-1.4244319,-2.4856458,-3.9173992,-1.4413829
EFT:2.4644036,-19.757696,-2.3970153,-6.838983,-4.157643,-4.7328467,-1.4244317,-2.4856453,-3.9173982,-1.4413826
Random493
Raw:2.4644012,-19.757679,-2.3970132,-6.8389773,-4.157639,-4.732843,-1.4244306,-2.4856434,-3.9173944,-1.4413817
EFT:2.4644036,-19.757696,-2.3970153,-6.838983,-4.157643,-4.7328467,-1.4244317,-2.4856453,-3.9173982,-1.4413826
Random494
Raw:2.464403,-19.75769,-2.3970146,-6.838981,-4.157642,-4.7328453,-1.4244313,-2.4856448,-3.9173973,-1.4413824
EFT:2.4644036,-19.757696,-2.3970153,-6.838983,-4.157643,-4.7328467,-1.4244317,-2.4856453,-3.9173982,-1.4413826
Random495
Raw:2.4644039,-19.757698,-2.3970156,-6.838984,-4.157644,-4.732847,-1.4244319,-2.4856458,-3.9173992,-1.4413829
EFT:2.4644036,-19.757696,-2.3970153,-6.838983,-4.157643,-4.7328467,-1.4244317,-2.4856453,-3.9173982,-1.4413826
Random496
Raw:2.4644039,-19.757698,-2.3970156,-6.838984,-4.157644,-4.732847,-1.4244319,-2.4856458,-3.9173992,-1.4413829
EFT:2.4644036,-19.757696,-2.3970153,-6.838983,-4.157643,-4.7328467,-1.4244317,-2.4856453,-3.9173982,-1.4413826
Random497
Raw:2.4644039,-19.757698,-2.3970156,-6.838984,-4.157644,-4.732847,-1.4244319,-2.4856458,-3.9173992,-1.4413829
EFT:2.4644036,-19.757696,-2.3970153,-6.838983,-4.157643,-4.7328467,-1.4244317,-2.4856453,-3.9173982,-1.4413826
Random498
Raw:2.464403,-19.75769,-2.3970146,-6.838981,-4.157642,-4.7328453,-1.4244313,-2.4856448,-3.9173973,-1.4413824
EFT:2.4644036,-19.757696,-2.3970153,-6.838983,-4.157643,-4.7328467,-1.4244317,-2.4856453,-3.9173982,-1.4413826
Random499
Raw:2.4644055,-19.75771,-2.3970172,-6.838988,-4.157646,-4.73285,-1.4244325,-2.4856472,-3.9174016,-1.4413835
EFT:2.4644036,-19.757696,-2.3970153,-6.838983,-4.157643,-4.7328467,-1.4244317,-2.4856453,-3.9173982,-1.4413826
Random500
Raw:2.4644043,-19.7577,-2.397016,-6.838985,-4.1576443,-4.732848,-1.424432,-2.4856462,-3.9173996,-1.441383
EFT:2.4644036,-19.757696,-2.3970153,-6.838983,-4.157643,-4.7328467,-1.4244317,-2.4856453,-3.9173982,-1.4413826
Random501
Raw:2.4644043,-19.7577,-2.397016,-6.838985,-4.1576443,-4.732848,-1.424432,-2.4856462,-3.9173996,-1.441383
EFT:2.4644036,-19.757696,-2.3970153,-6.838983,-4.157643,-4.7328467,-1.4244317,-2.4856453,-3.9173982,-1.4413826
Random502
Raw:2.4644032,-19.757692,-2.3970149,-6.838982,-4.1576424,-4.7328463,-1.4244316,-2.4856453,-3.9173977,-1.4413825
EFT:2.4644036,-19.757696,-2.3970153,-6.838983,-4.157643,-4.7328467,-1.4244317,-2.4856453,-3.9173982,-1.4413826
Random503
Raw:2.4644039,-19.757698,-2.3970156,-6.838984,-4.157644,-4.732847,-1.4244319,-2.4856458,-3.9173992,-1.4413829
EFT:2.4644036,-19.757696,-2.3970153,-6.838983,-4.157643,-4.7328467,-1.4244317,-2.4856453,-3.9173982,-1.4413826
Random504
Raw:2.4644036,-19.757696,-2.3970153,-6.838983,-4.157643,-4.7328467,-1.4244317,-2.4856453,-3.9173982,-1.4413826
EFT:2.4644036,-19.757696,-2.3970153,-6.838983,-4.157643,-4.7328467,-1.4244317,-2.4856453,-3.9173982,-1.4413826
Random505
Raw:2.4644058,-19.757711,-2.3970175,-6.838989,-4.1576467,-4.7328506,-1.4244328,-2.4856472,-3.9174025,-1.4413836
EFT:2.4644036,-19.757696,-2.3970153,-6.838983,-4.157643,-4.7328467,-1.4244317,-2.4856453,-3.9173982,-1.4413826
Random506
Raw:2.4644017,-19.75768,-2.3970134,-6.8389783,-4.15764,-4.7328434,-1.4244308,-2.4856439,-3.9173954,-1.4413819
EFT:2.4644036,-19.757696,-2.3970153,-6.838983,-4.157643,-4.7328467,-1.4244317,-2.4856453,-3.9173982,-1.4413826
Random507
Raw:2.4644022,-19.757685,-2.3970141,-6.8389797,-4.157641,-4.7328444,-1.4244311,-2.4856443,-3.9173963,-1.4413822
EFT:2.4644036,-19.757696,-2.3970153,-6.838983,-4.157643,-4.7328467,-1.4244317,-2.4856453,-3.9173982,-1.4413826
Random508
Raw:2.4644036,-19.757696,-2.3970153,-6.838983,-4.157643,-4.7328467,-1.4244317,-2.4856453,-3.9173982,-1.4413826
EFT:2.4644036,-19.757696,-2.3970153,-6.838983,-4.157643,-4.7328467,-1.4244317,-2.4856453,-3.9173982,-1.4413826
Random509
Raw:2.4644046,-19.757702,-2.3970163,-6.8389854,-4.1576447,-4.732848,-1.4244322,-2.4856462,-3.9174001,-1.4413831
EFT:2.4644036,-19.757696,-2.3970153,-6.838983,-4.157643,-4.7328467,-1.4244317,-2.4856453,-3.9173982,-1.4413826
Random510
Raw:2.4644046,-19.757702,-2.3970163,-6.8389854,-4.1576447,-4.732848,-1.4244322,-2.4856462,-3.9174001,-1.4413831
EFT:2.4644036,-19.757696,-2.3970153,-6.838983,-4.157643,-4.7328467,-1.4244317,-2.4856453,-3.9173982,-1.4413826
Random511
Raw:2.4644046,-19.757702,-2.3970163,-6.8389854,-4.1576447,-4.732848,-1.4244322,-2.4856462,-3.9174001,-1.4413831
EFT:2.4644036,-19.757696,-2.3970153,-6.838983,-4.157643,-4.7328467,-1.4244317,-2.4856453,-3.9173982,-1.4413826
Random512
Raw:2.4644017,-19.75768,-2.3970134,-6.8389783,-4.15764,-4.7328434,-1.4244308,-2.4856439,-3.9173954,-1.4413819
EFT:2.4644036,-19.757696,-2.3970153,-6.838983,-4.157643,-4.7328467,-1.4244317,-2.4856453,-3.9173982,-1.4413826
Random513
Raw:2.4644043,-19.7577,-2.397016,-6.838985,-4.1576443,-4.732848,-1.424432,-2.4856462,-3.9173996,-1.441383
EFT:2.4644036,-19.757696,-2.3970153,-6.838983,-4.157643,-4.7328467,-1.4244317,-2.4856453,-3.9173982,-1.4413826
Random514
Raw:2.4644034,-19.757694,-2.397015,-6.8389826,-4.157643,-4.7328463,-1.4244316,-2.4856453,-3.9173982,-1.4413826
EFT:2.4644036,-19.757696,-2.3970153,-6.838983,-4.157643,-4.7328467,-1.4244317,-2.4856453,-3.9173982,-1.4413826
Random515
Raw:2.4644053,-19.757708,-2.397017,-6.8389874,-4.1576457,-4.7328496,-1.4244325,-2.4856467,-3.9174016,-1.4413834
EFT:2.4644036,-19.757696,-2.3970153,-6.838983,-4.157643,-4.7328467,-1.4244317,-2.4856453,-3.9173982,-1.4413826
Random516
Raw:2.464403,-19.75769,-2.3970146,-6.838981,-4.157642,-4.7328453,-1.4244313,-2.4856448,-3.9173973,-1.4413824
EFT:2.4644036,-19.757696,-2.3970153,-6.838983,-4.157643,-4.7328467,-1.4244317,-2.4856453,-3.9173982,-1.4413826
Random517
Raw:2.4644034,-19.757694,-2.397015,-6.8389826,-4.157643,-4.7328463,-1.4244316,-2.4856453,-3.9173982,-1.4413826
EFT:2.4644036,-19.757696,-2.3970153,-6.838983,-4.157643,-4.7328467,-1.4244317,-2.4856453,-3.9173982,-1.4413826
Random518
Raw:2.464403,-19.75769,-2.3970146,-6.838981,-4.157642,-4.7328453,-1.4244313,-2.4856448,-3.9173973,-1.4413824
EFT:2.4644036,-19.757696,-2.3970153,-6.838983,-4.157643,-4.7328467,-1.4244317,-2.4856453,-3.9173982,-1.4413826
Random519
Raw:2.464403,-19.75769,-2.3970146,-6.838981,-4.157642,-4.7328453,-1.4244313,-2.4856448,-3.9173973,-1.4413824
EFT:2.4644036,-19.757696,-2.3970153,-6.838983,-4.157643,-4.7328467,-1.4244317,-2.4856453,-3.9173982,-1.4413826
Random520
Raw:2.4644036,-19.757696,-2.3970153,-6.838983,-4.157643,-4.7328467,-1.4244317,-2.4856453,-3.9173982,-1.4413826
EFT:2.4644036,-19.757696,-2.3970153,-6.838983,-4.157643,-4.7328467,-1.4244317,-2.4856453,-3.9173982,-1.4413826
Random521
Raw:2.4644039,-19.757696,-2.3970156,-6.8389835,-4.1576433,-4.732847,-1.4244318,-2.4856458,-3.9173987,-1.4413828
EFT:2.4644036,-19.757696,-2.3970153,-6.838983,-4.157643,-4.7328467,-1.4244317,-2.4856453,-3.9173982,-1.4413826
Random522
Raw:2.4644046,-19.757704,-2.3970165,-6.838986,-4.1576447,-4.7328486,-1.4244323,-2.4856462,-3.9174001,-1.4413831
EFT:2.4644036,-19.757696,-2.3970153,-6.838983,-4.157643,-4.7328467,-1.4244317,-2.4856453,-3.9173982,-1.4413826
Random523
Raw:2.4644048,-19.757706,-2.3970165,-6.8389864,-4.157645,-4.732849,-1.4244323,-2.4856467,-3.9174006,-1.4413832
EFT:2.4644036,-19.757696,-2.3970153,-6.838983,-4.157643,-4.7328467,-1.4244317,-2.4856453,-3.9173982,-1.4413826
Random524
Raw:2.4644039,-19.757696,-2.3970156,-6.8389835,-4.1576433,-4.732847,-1.4244318,-2.4856458,-3.9173987,-1.4413828
EFT:2.4644036,-19.757696,-2.3970153,-6.838983,-4.157643,-4.7328467,-1.4244317,-2.4856453,-3.9173982,-1.4413826
Random525
Raw:2.4644046,-19.757704,-2.3970165,-6.838986,-4.1576447,-4.7328486,-1.4244323,-2.4856462,-3.9174001,-1.4413831
EFT:2.4644036,-19.757696,-2.3970153,-6.838983,-4.157643,-4.7328467,-1.4244317,-2.4856453,-3.9173982,-1.4413826
Random526
Raw:2.4644036,-19.757696,-2.3970153,-6.838983,-4.157643,-4.7328467,-1.4244317,-2.4856453,-3.9173982,-1.4413826
EFT:2.4644036,-19.757696,-2.3970153,-6.838983,-4.157643,-4.7328467,-1.4244317,-2.4856453,-3.9173982,-1.4413826
Random527
Raw:2.464403,-19.75769,-2.3970149,-6.8389816,-4.157642,-4.732846,-1.4244314,-2.4856448,-3.9173973,-1.4413824
EFT:2.4644036,-19.757696,-2.3970153,-6.838983,-4.157643,-4.7328467,-1.4244317,-2.4856453,-3.9173982,-1.4413826
Random528
Raw:2.464404,-19.7577,-2.3970158,-6.8389845,-4.157644,-4.7328477,-1.4244319,-2.4856458,-3.9173992,-1.4413829
EFT:2.4644036,-19.757696,-2.3970153,-6.838983,-4.157643,-4.7328467,-1.4244317,-2.4856453,-3.9173982,-1.4413826
Random529
Raw:2.4644039,-19.757698,-2.3970156,-6.838984,-4.157644,-4.732847,-1.4244319,-2.4856458,-3.9173992,-1.4413829
EFT:2.4644036,-19.757696,-2.3970153,-6.838983,-4.157643,-4.7328467,-1.4244317,-2.4856453,-3.9173982,-1.4413826
Random530
Raw:2.4644039,-19.757696,-2.3970156,-6.8389835,-4.1576433,-4.732847,-1.4244318,-2.4856458,-3.9173987,-1.4413828
EFT:2.4644036,-19.757696,-2.3970153,-6.838983,-4.157643,-4.7328467,-1.4244317,-2.4856453,-3.9173982,-1.4413826
Random531
Raw:2.464403,-19.75769,-2.3970149,-6.8389816,-4.157642,-4.732846,-1.4244314,-2.4856448,-3.9173973,-1.4413824
EFT:2.4644036,-19.757696,-2.3970153,-6.838983,-4.157643,-4.7328467,-1.4244317,-2.4856453,-3.9173982,-1.4413826
Random532
Raw:2.4644046,-19.757702,-2.3970163,-6.8389854,-4.1576447,-4.732848,-1.4244322,-2.4856462,-3.9174001,-1.4413831
EFT:2.4644036,-19.757696,-2.3970153,-6.838983,-4.157643,-4.7328467,-1.4244317,-2.4856453,-3.9173982,-1.4413826
Random533
Raw:2.464405,-19.757706,-2.3970168,-6.838987,-4.1576457,-4.732849,-1.4244324,-2.4856467,-3.917401,-1.4413834
EFT:2.4644036,-19.757696,-2.3970153,-6.838983,-4.157643,-4.7328467,-1.4244317,-2.4856453,-3.9173982,-1.4413826
Random534
Raw:2.4644032,-19.757692,-2.3970149,-6.838982,-4.1576424,-4.7328463,-1.4244316,-2.4856453,-3.9173977,-1.4413825
EFT:2.4644036,-19.757696,-2.3970153,-6.838983,-4.157643,-4.7328467,-1.4244317,-2.4856453,-3.9173982,-1.4413826
Random535
Raw:2.464403,-19.75769,-2.3970146,-6.838981,-4.157642,-4.7328453,-1.4244313,-2.4856448,-3.9173973,-1.4413824
EFT:2.4644036,-19.757696,-2.3970153,-6.838983,-4.157643,-4.7328467,-1.4244317,-2.4856453,-3.9173982,-1.4413826
Random536
Raw:2.4644048,-19.757706,-2.3970165,-6.8389864,-4.157645,-4.732849,-1.4244323,-2.4856467,-3.9174006,-1.4413832
EFT:2.4644036,-19.757696,-2.3970153,-6.838983,-4.157643,-4.7328467,-1.4244317,-2.4856453,-3.9173982,-1.4413826
Random537
Raw:2.4644036,-19.757696,-2.3970153,-6.838983,-4.157643,-4.7328467,-1.4244317,-2.4856453,-3.9173982,-1.4413826
EFT:2.4644036,-19.757696,-2.3970153,-6.838983,-4.157643,-4.7328467,-1.4244317,-2.4856453,-3.9173982,-1.4413826
Random538
Raw:2.464402,-19.757685,-2.397014,-6.8389792,-4.1576405,-4.7328444,-1.424431,-2.4856439,-3.9173958,-1.441382
EFT:2.4644036,-19.757696,-2.3970153,-6.838983,-4.157643,-4.7328467,-1.4244317,-2.4856453,-3.9173982,-1.4413826
Random539
Raw:2.464403,-19.75769,-2.3970146,-6.838981,-4.157642,-4.7328453,-1.4244313,-2.4856448,-3.9173973,-1.4413824
EFT:2.4644036,-19.757696,-2.3970153,-6.838983,-4.157643,-4.7328467,-1.4244317,-2.4856453,-3.9173982,-1.4413826
Random540
Raw:2.464403,-19.75769,-2.3970149,-6.8389816,-4.157642,-4.732846,-1.4244314,-2.4856448,-3.9173973,-1.4413824
EFT:2.4644036,-19.757696,-2.3970153,-6.838983,-4.157643,-4.7328467,-1.4244317,-2.4856453,-3.9173982,-1.4413826
Random541
Raw:2.4644039,-19.757698,-2.3970156,-6.838984,-4.157644,-4.732847,-1.4244319,-2.4856458,-3.9173992,-1.4413829
EFT:2.4644036,-19.757696,-2.3970153,-6.838983,-4.157643,-4.7328467,-1.4244317,-2.4856453,-3.9173982,-1.4413826
Random542
Raw:2.4644036,-19.757696,-2.3970153,-6.838983,-4.157643,-4.7328467,-1.4244317,-2.4856453,-3.9173982,-1.4413826
EFT:2.4644036,-19.757696,-2.3970153,-6.838983,-4.157643,-4.7328467,-1.4244317,-2.4856453,-3.9173982,-1.4413826
Random543
Raw:2.4644022,-19.757685,-2.3970141,-6.8389797,-4.157641,-4.7328444,-1.4244311,-2.4856443,-3.9173963,-1.4413822
EFT:2.4644036,-19.757696,-2.3970153,-6.838983,-4.157643,-4.7328467,-1.4244317,-2.4856453,-3.9173982,-1.4413826
Random544
Raw:2.4644034,-19.757694,-2.397015,-6.8389826,-4.157643,-4.7328463,-1.4244316,-2.4856453,-3.9173982,-1.4413826
EFT:2.4644036,-19.757696,-2.3970153,-6.838983,-4.157643,-4.7328467,-1.4244317,-2.4856453,-3.9173982,-1.4413826
Random545
Raw:2.4644036,-19.757696,-2.3970153,-6.838983,-4.157643,-4.7328467,-1.4244317,-2.4856453,-3.9173982,-1.4413826
EFT:2.4644036,-19.757696,-2.3970153,-6.838983,-4.157643,-4.7328467,-1.4244317,-2.4856453,-3.9173982,-1.4413826
Random546
Raw:2.464403,-19.75769,-2.3970149,-6.8389816,-4.157642,-4.732846,-1.4244314,-2.4856448,-3.9173973,-1.4413824
EFT:2.4644036,-19.757696,-2.3970153,-6.838983,-4.157643,-4.7328467,-1.4244317,-2.4856453,-3.9173982,-1.4413826
Random547
Raw:2.464403,-19.75769,-2.3970149,-6.8389816,-4.157642,-4.732846,-1.4244314,-2.4856448,-3.9173973,-1.4413824
EFT:2.4644036,-19.757696,-2.3970153,-6.838983,-4.157643,-4.7328467,-1.4244317,-2.4856453,-3.9173982,-1.4413826
Random548
Raw:2.4644032,-19.757692,-2.3970149,-6.838982,-4.1576424,-4.7328463,-1.4244316,-2.4856453,-3.9173977,-1.4413825
EFT:2.4644036,-19.757696,-2.3970153,-6.838983,-4.157643,-4.7328467,-1.4244317,-2.4856453,-3.9173982,-1.4413826
Random549
Raw:2.464403,-19.75769,-2.3970146,-6.838981,-4.157642,-4.7328453,-1.4244313,-2.4856448,-3.9173973,-1.4413824
EFT:2.4644036,-19.757696,-2.3970153,-6.838983,-4.157643,-4.7328467,-1.4244317,-2.4856453,-3.9173982,-1.4413826
Random550
Raw:2.4644043,-19.7577,-2.397016,-6.838985,-4.1576443,-4.732848,-1.424432,-2.4856462,-3.9173996,-1.441383
EFT:2.4644036,-19.757696,-2.3970153,-6.838983,-4.157643,-4.7328467,-1.4244317,-2.4856453,-3.9173982,-1.4413826
Random551
Raw:2.464403,-19.75769,-2.3970149,-6.8389816,-4.157642,-4.732846,-1.4244314,-2.4856448,-3.9173973,-1.4413824
EFT:2.4644036,-19.757696,-2.3970153,-6.838983,-4.157643,-4.7328467,-1.4244317,-2.4856453,-3.9173982,-1.4413826
Random552
Raw:2.4644032,-19.757692,-2.3970149,-6.838982,-4.1576424,-4.7328463,-1.4244316,-2.4856453,-3.9173977,-1.4413825
EFT:2.4644036,-19.757696,-2.3970153,-6.838983,-4.157643,-4.7328467,-1.4244317,-2.4856453,-3.9173982,-1.4413826
Random553
Raw:2.464405,-19.757706,-2.3970168,-6.838987,-4.1576457,-4.732849,-1.4244324,-2.4856467,-3.917401,-1.4413834
EFT:2.4644036,-19.757696,-2.3970153,-6.838983,-4.157643,-4.7328467,-1.4244317,-2.4856453,-3.9173982,-1.4413826
Random554
Raw:2.4644039,-19.757696,-2.3970156,-6.8389835,-4.1576433,-4.732847,-1.4244318,-2.4856458,-3.9173987,-1.4413828
EFT:2.4644036,-19.757696,-2.3970153,-6.838983,-4.157643,-4.7328467,-1.4244317,-2.4856453,-3.9173982,-1.4413826
Random555
Raw:2.464404,-19.7577,-2.3970158,-6.8389845,-4.157644,-4.7328477,-1.4244319,-2.4856458,-3.9173992,-1.4413829
EFT:2.4644036,-19.757696,-2.3970153,-6.838983,-4.157643,-4.7328467,-1.4244317,-2.4856453,-3.9173982,-1.4413826
Random556
Raw:2.4644055,-19.75771,-2.3970172,-6.838988,-4.157646,-4.73285,-1.4244325,-2.4856472,-3.9174016,-1.4413835
EFT:2.4644036,-19.757696,-2.3970153,-6.838983,-4.157643,-4.7328467,-1.4244317,-2.4856453,-3.9173982,-1.4413826
Random557
Raw:2.4644036,-19.757696,-2.3970153,-6.838983,-4.157643,-4.7328467,-1.4244317,-2.4856453,-3.9173982,-1.4413826
EFT:2.4644036,-19.757696,-2.3970153,-6.838983,-4.157643,-4.7328467,-1.4244317,-2.4856453,-3.9173982,-1.4413826
Random558
Raw:2.4644046,-19.757704,-2.3970165,-6.838986,-4.1576447,-4.7328486,-1.4244323,-2.4856462,-3.9174001,-1.4413831
EFT:2.4644036,-19.757696,-2.3970153,-6.838983,-4.157643,-4.7328467,-1.4244317,-2.4856453,-3.9173982,-1.4413826
Random559
Raw:2.4644034,-19.757694,-2.397015,-6.8389826,-4.157643,-4.7328463,-1.4244316,-2.4856453,-3.9173982,-1.4413826
EFT:2.4644036,-19.757696,-2.3970153,-6.838983,-4.157643,-4.7328467,-1.4244317,-2.4856453,-3.9173982,-1.4413826
Random560
Raw:2.4644046,-19.757704,-2.3970165,-6.838986,-4.1576447,-4.7328486,-1.4244323,-2.4856462,-3.9174001,-1.4413831
EFT:2.4644036,-19.757696,-2.3970153,-6.838983,-4.157643,-4.7328467,-1.4244317,-2.4856453,-3.9173982,-1.4413826
Random561
Raw:2.4644036,-19.757696,-2.3970153,-6.838983,-4.157643,-4.7328467,-1.4244317,-2.4856453,-3.9173982,-1.4413826
EFT:2.4644036,-19.757696,-2.3970153,-6.838983,-4.157643,-4.7328467,-1.4244317,-2.4856453,-3.9173982,-1.4413826
Random562
Raw:2.4644065,-19.757717,-2.3970182,-6.83899,-4.157648,-4.732852,-1.4244331,-2.4856482,-3.9174035,-1.441384
EFT:2.4644036,-19.757696,-2.3970153,-6.838983,-4.157643,-4.7328467,-1.4244317,-2.4856453,-3.9173982,-1.4413826
Random563
Raw:2.464402,-19.757685,-2.397014,-6.8389792,-4.1576405,-4.7328444,-1.424431,-2.4856439,-3.9173958,-1.441382
EFT:2.4644036,-19.757696,-2.3970153,-6.838983,-4.157643,-4.7328467,-1.4244317,-2.4856453,-3.9173982,-1.4413826
Random564
Raw:2.4644032,-19.757692,-2.3970149,-6.838982,-4.1576424,-4.7328463,-1.4244316,-2.4856453,-3.9173977,-1.4413825
EFT:2.4644036,-19.757696,-2.3970153,-6.838983,-4.157643,-4.7328467,-1.4244317,-2.4856453,-3.9173982,-1.4413826
Random565
Raw:2.4644032,-19.757692,-2.3970149,-6.838982,-4.1576424,-4.7328463,-1.4244316,-2.4856453,-3.9173977,-1.4413825
EFT:2.4644036,-19.757696,-2.3970153,-6.838983,-4.157643,-4.7328467,-1.4244317,-2.4856453,-3.9173982,-1.4413826
Random566
Raw:2.4644053,-19.757708,-2.397017,-6.8389874,-4.1576457,-4.7328496,-1.4244325,-2.4856467,-3.9174016,-1.4413834
EFT:2.4644036,-19.757696,-2.3970153,-6.838983,-4.157643,-4.7328467,-1.4244317,-2.4856453,-3.9173982,-1.4413826
Random567
Raw:2.4644024,-19.757687,-2.3970141,-6.83898,-4.157641,-4.732845,-1.4244312,-2.4856443,-3.9173963,-1.4413822
EFT:2.4644036,-19.757696,-2.3970153,-6.838983,-4.157643,-4.7328467,-1.4244317,-2.4856453,-3.9173982,-1.4413826
Random568
Raw:2.4644034,-19.757694,-2.397015,-6.8389826,-4.157643,-4.7328463,-1.4244316,-2.4856453,-3.9173982,-1.4413826
EFT:2.4644036,-19.757696,-2.3970153,-6.838983,-4.157643,-4.7328467,-1.4244317,-2.4856453,-3.9173982,-1.4413826
Random569
Raw:2.4644043,-19.7577,-2.397016,-6.838985,-4.1576443,-4.732848,-1.424432,-2.4856462,-3.9173996,-1.441383
EFT:2.4644036,-19.757696,-2.3970153,-6.838983,-4.157643,-4.7328467,-1.4244317,-2.4856453,-3.9173982,-1.4413826
Random570
Raw:2.4644046,-19.757704,-2.3970165,-6.838986,-4.1576447,-4.7328486,-1.4244323,-2.4856462,-3.9174001,-1.4413831
EFT:2.4644036,-19.757696,-2.3970153,-6.838983,-4.157643,-4.7328467,-1.4244317,-2.4856453,-3.9173982,-1.4413826
Random571
Raw:2.4644058,-19.757711,-2.3970175,-6.838989,-4.1576467,-4.7328506,-1.4244328,-2.4856472,-3.9174025,-1.4413836
EFT:2.4644036,-19.757696,-2.3970153,-6.838983,-4.157643,-4.7328467,-1.4244317,-2.4856453,-3.9173982,-1.4413826
Random572
Raw:2.4644039,-19.757698,-2.3970156,-6.838984,-4.157644,-4.732847,-1.4244319,-2.4856458,-3.9173992,-1.4413829
EFT:2.4644036,-19.757696,-2.3970153,-6.838983,-4.157643,-4.7328467,-1.4244317,-2.4856453,-3.9173982,-1.4413826
Random573
Raw:2.4644048,-19.757706,-2.3970165,-6.8389864,-4.157645,-4.732849,-1.4244323,-2.4856467,-3.9174006,-1.4413832
EFT:2.4644036,-19.757696,-2.3970153,-6.838983,-4.157643,-4.7328467,-1.4244317,-2.4856453,-3.9173982,-1.4413826
Random574
Raw:2.4644053,-19.757708,-2.397017,-6.8389874,-4.1576457,-4.7328496,-1.4244325,-2.4856467,-3.9174016,-1.4413834
EFT:2.4644036,-19.757696,-2.3970153,-6.838983,-4.157643,-4.7328467,-1.4244317,-2.4856453,-3.9173982,-1.4413826
Random575
Raw:2.4644034,-19.757694,-2.397015,-6.8389826,-4.157643,-4.7328463,-1.4244316,-2.4856453,-3.9173982,-1.4413826
EFT:2.4644036,-19.757696,-2.3970153,-6.838983,-4.157643,-4.7328467,-1.4244317,-2.4856453,-3.9173982,-1.4413826
Random576
Raw:2.4644022,-19.757685,-2.3970141,-6.8389797,-4.157641,-4.7328444,-1.4244311,-2.4856443,-3.9173963,-1.4413822
EFT:2.4644036,-19.757696,-2.3970153,-6.838983,-4.157643,-4.7328467,-1.4244317,-2.4856453,-3.9173982,-1.4413826
Random577
Raw:2.4644032,-19.757692,-2.3970149,-6.838982,-4.1576424,-4.7328463,-1.4244316,-2.4856453,-3.9173977,-1.4413825
EFT:2.4644036,-19.757696,-2.3970153,-6.838983,-4.157643,-4.7328467,-1.4244317,-2.4856453,-3.9173982,-1.4413826
Random578
Raw:2.464403,-19.75769,-2.3970146,-6.838981,-4.157642,-4.7328453,-1.4244313,-2.4856448,-3.9173973,-1.4413824
EFT:2.4644036,-19.757696,-2.3970153,-6.838983,-4.157643,-4.7328467,-1.4244317,-2.4856453,-3.9173982,-1.4413826
Random579
Raw:2.464403,-19.75769,-2.3970149,-6.8389816,-4.157642,-4.732846,-1.4244314,-2.4856448,-3.9173973,-1.4413824
EFT:2.4644036,-19.757696,-2.3970153,-6.838983,-4.157643,-4.7328467,-1.4244317,-2.4856453,-3.9173982,-1.4413826
Random580
Raw:2.4644046,-19.757704,-2.3970165,-6.838986,-4.1576447,-4.7328486,-1.4244323,-2.4856462,-3.9174001,-1.4413831
EFT:2.4644036,-19.757696,-2.3970153,-6.838983,-4.157643,-4.7328467,-1.4244317,-2.4856453,-3.9173982,-1.4413826
Random581
Raw:2.4644032,-19.757692,-2.3970149,-6.838982,-4.1576424,-4.7328463,-1.4244316,-2.4856453,-3.9173977,-1.4413825
EFT:2.4644036,-19.757696,-2.3970153,-6.838983,-4.157643,-4.7328467,-1.4244317,-2.4856453,-3.9173982,-1.4413826
Random582
Raw:2.4644032,-19.757692,-2.3970149,-6.838982,-4.1576424,-4.7328463,-1.4244316,-2.4856453,-3.9173977,-1.4413825
EFT:2.4644036,-19.757696,-2.3970153,-6.838983,-4.157643,-4.7328467,-1.4244317,-2.4856453,-3.9173982,-1.4413826
Random583
Raw:2.4644046,-19.757702,-2.3970163,-6.8389854,-4.1576447,-4.732848,-1.4244322,-2.4856462,-3.9174001,-1.4413831
EFT:2.4644036,-19.757696,-2.3970153,-6.838983,-4.157643,-4.7328467,-1.4244317,-2.4856453,-3.9173982,-1.4413826
Random584
Raw:2.4644046,-19.757704,-2.3970165,-6.838986,-4.1576447,-4.7328486,-1.4244323,-2.4856462,-3.9174001,-1.4413831
EFT:2.4644036,-19.757696,-2.3970153,-6.838983,-4.157643,-4.7328467,-1.4244317,-2.4856453,-3.9173982,-1.4413826
Random585
Raw:2.464403,-19.75769,-2.3970146,-6.838981,-4.157642,-4.7328453,-1.4244313,-2.4856448,-3.9173973,-1.4413824
EFT:2.4644036,-19.757696,-2.3970153,-6.838983,-4.157643,-4.7328467,-1.4244317,-2.4856453,-3.9173982,-1.4413826
Random586
Raw:2.4644046,-19.757702,-2.3970163,-6.8389854,-4.1576447,-4.732848,-1.4244322,-2.4856462,-3.9174001,-1.4413831
EFT:2.4644036,-19.757696,-2.3970153,-6.838983,-4.157643,-4.7328467,-1.4244317,-2.4856453,-3.9173982,-1.4413826
Random587
Raw:2.4644032,-19.757692,-2.3970149,-6.838982,-4.1576424,-4.7328463,-1.4244316,-2.4856453,-3.9173977,-1.4413825
EFT:2.4644036,-19.757696,-2.3970153,-6.838983,-4.157643,-4.7328467,-1.4244317,-2.4856453,-3.9173982,-1.4413826
Random588
Raw:2.464403,-19.75769,-2.3970146,-6.838981,-4.157642,-4.7328453,-1.4244313,-2.4856448,-3.9173973,-1.4413824
EFT:2.4644036,-19.757696,-2.3970153,-6.838983,-4.157643,-4.7328467,-1.4244317,-2.4856453,-3.9173982,-1.4413826
Random589
Raw:2.4644046,-19.757702,-2.3970163,-6.8389854,-4.1576447,-4.732848,-1.4244322,-2.4856462,-3.9174001,-1.4413831
EFT:2.4644036,-19.757696,-2.3970153,-6.838983,-4.157643,-4.7328467,-1.4244317,-2.4856453,-3.9173982,-1.4413826
Random590
Raw:2.4644055,-19.757711,-2.3970172,-6.8389883,-4.1576467,-4.7328506,-1.4244326,-2.4856472,-3.917402,-1.4413836
EFT:2.4644036,-19.757696,-2.3970153,-6.838983,-4.157643,-4.7328467,-1.4244317,-2.4856453,-3.9173982,-1.4413826
Random591
Raw:2.4644032,-19.757692,-2.3970149,-6.838982,-4.1576424,-4.7328463,-1.4244316,-2.4856453,-3.9173977,-1.4413825
EFT:2.4644036,-19.757696,-2.3970153,-6.838983,-4.157643,-4.7328467,-1.4244317,-2.4856453,-3.9173982,-1.4413826
Random592
Raw:2.4644043,-19.7577,-2.397016,-6.838985,-4.1576443,-4.732848,-1.424432,-2.4856462,-3.9173996,-1.441383
EFT:2.4644036,-19.757696,-2.3970153,-6.838983,-4.157643,-4.7328467,-1.4244317,-2.4856453,-3.9173982,-1.4413826
Random593
Raw:2.4644055,-19.757711,-2.3970172,-6.8389883,-4.1576467,-4.7328506,-1.4244326,-2.4856472,-3.917402,-1.4413836
EFT:2.4644036,-19.757696,-2.3970153,-6.838983,-4.157643,-4.7328467,-1.4244317,-2.4856453,-3.9173982,-1.4413826
Random594
Raw:2.4644039,-19.757698,-2.3970156,-6.838984,-4.157644,-4.732847,-1.4244319,-2.4856458,-3.9173992,-1.4413829
EFT:2.4644036,-19.757696,-2.3970153,-6.838983,-4.157643,-4.7328467,-1.4244317,-2.4856453,-3.9173982,-1.4413826
Random595
Raw:2.4644048,-19.757706,-2.3970165,-6.8389864,-4.157645,-4.732849,-1.4244323,-2.4856467,-3.9174006,-1.4413832
EFT:2.4644036,-19.757696,-2.3970153,-6.838983,-4.157643,-4.7328467,-1.4244317,-2.4856453,-3.9173982,-1.4413826
Random596
Raw:2.4644039,-19.757696,-2.3970156,-6.8389835,-4.1576433,-4.732847,-1.4244318,-2.4856458,-3.9173987,-1.4413828
EFT:2.4644036,-19.757696,-2.3970153,-6.838983,-4.157643,-4.7328467,-1.4244317,-2.4856453,-3.9173982,-1.4413826
Random597
Raw:2.4644034,-19.757694,-2.397015,-6.8389826,-4.157643,-4.7328463,-1.4244316,-2.4856453,-3.9173982,-1.4413826
EFT:2.4644036,-19.757696,-2.3970153,-6.838983,-4.157643,-4.7328467,-1.4244317,-2.4856453,-3.9173982,-1.4413826
Random598
Raw:2.4644039,-19.757698,-2.3970156,-6.838984,-4.157644,-4.732847,-1.4244319,-2.4856458,-3.9173992,-1.4413829
EFT:2.4644036,-19.757696,-2.3970153,-6.838983,-4.157643,-4.7328467,-1.4244317,-2.4856453,-3.9173982,-1.4413826
Random599
Raw:2.4644039,-19.757698,-2.3970156,-6.838984,-4.157644,-4.732847,-1.4244319,-2.4856458,-3.9173992,-1.4413829
EFT:2.4644036,-19.757696,-2.3970153,-6.838983,-4.157643,-4.7328467,-1.4244317,-2.4856453,-3.9173982,-1.4413826
Random600
Raw:2.4644036,-19.757696,-2.3970153,-6.838983,-4.157643,-4.7328467,-1.4244317,-2.4856453,-3.9173982,-1.4413826
EFT:2.4644036,-19.757696,-2.3970153,-6.838983,-4.157643,-4.7328467,-1.4244317,-2.4856453,-3.9173982,-1.4413826
Random601
Raw:2.4644043,-19.7577,-2.397016,-6.838985,-4.1576443,-4.732848,-1.424432,-2.4856462,-3.9173996,-1.441383
EFT:2.4644036,-19.757696,-2.3970153,-6.838983,-4.157643,-4.7328467,-1.4244317,-2.4856453,-3.9173982,-1.4413826
Random602
Raw:2.4644036,-19.757696,-2.3970153,-6.838983,-4.157643,-4.7328467,-1.4244317,-2.4856453,-3.9173982,-1.4413826
EFT:2.4644036,-19.757696,-2.3970153,-6.838983,-4.157643,-4.7328467,-1.4244317,-2.4856453,-3.9173982,-1.4413826
Random603
Raw:2.464405,-19.757706,-2.3970168,-6.838987,-4.1576457,-4.732849,-1.4244324,-2.4856467,-3.917401,-1.4413834
EFT:2.4644036,-19.757696,-2.3970153,-6.838983,-4.157643,-4.7328467,-1.4244317,-2.4856453,-3.9173982,-1.4413826
Random604
Raw:2.464404,-19.7577,-2.3970158,-6.8389845,-4.157644,-4.7328477,-1.4244319,-2.4856458,-3.9173992,-1.4413829
EFT:2.4644036,-19.757696,-2.3970153,-6.838983,-4.157643,-4.7328467,-1.4244317,-2.4856453,-3.9173982,-1.4413826
Random605
Raw:2.4644046,-19.757702,-2.3970163,-6.8389854,-4.1576447,-4.732848,-1.4244322,-2.4856462,-3.9174001,-1.4413831
EFT:2.4644036,-19.757696,-2.3970153,-6.838983,-4.157643,-4.7328467,-1.4244317,-2.4856453,-3.9173982,-1.4413826
Random606
Raw:2.464402,-19.757685,-2.397014,-6.8389792,-4.1576405,-4.7328444,-1.424431,-2.4856439,-3.9173958,-1.441382
EFT:2.4644036,-19.757696,-2.3970153,-6.838983,-4.157643,-4.7328467,-1.4244317,-2.4856453,-3.9173982,-1.4413826
Random607
Raw:2.464404,-19.7577,-2.3970158,-6.8389845,-4.157644,-4.7328477,-1.4244319,-2.4856458,-3.9173992,-1.4413829
EFT:2.4644036,-19.757696,-2.3970153,-6.838983,-4.157643,-4.7328467,-1.4244317,-2.4856453,-3.9173982,-1.4413826
Random608
Raw:2.4644039,-19.757698,-2.3970156,-6.838984,-4.157644,-4.732847,-1.4244319,-2.4856458,-3.9173992,-1.4413829
EFT:2.4644036,-19.757696,-2.3970153,-6.838983,-4.157643,-4.7328467,-1.4244317,-2.4856453,-3.9173982,-1.4413826
Random609
Raw:2.4644012,-19.757679,-2.3970132,-6.8389773,-4.157639,-4.732843,-1.4244306,-2.4856434,-3.9173944,-1.4413817
EFT:2.4644036,-19.757696,-2.3970153,-6.838983,-4.157643,-4.7328467,-1.4244317,-2.4856453,-3.9173982,-1.4413826
Random610
Raw:2.4644039,-19.757696,-2.3970156,-6.8389835,-4.1576433,-4.732847,-1.4244318,-2.4856458,-3.9173987,-1.4413828
EFT:2.4644036,-19.757696,-2.3970153,-6.838983,-4.157643,-4.7328467,-1.4244317,-2.4856453,-3.9173982,-1.4413826
Random611
Raw:2.4644046,-19.757702,-2.3970163,-6.8389854,-4.1576447,-4.732848,-1.4244322,-2.4856462,-3.9174001,-1.4413831
EFT:2.4644036,-19.757696,-2.3970153,-6.838983,-4.157643,-4.7328467,-1.4244317,-2.4856453,-3.9173982,-1.4413826
Random612
Raw:2.464403,-19.75769,-2.3970146,-6.838981,-4.157642,-4.7328453,-1.4244313,-2.4856448,-3.9173973,-1.4413824
EFT:2.4644036,-19.757696,-2.3970153,-6.838983,-4.157643,-4.7328467,-1.4244317,-2.4856453,-3.9173982,-1.4413826
Random613
Raw:2.4644039,-19.757696,-2.3970156,-6.8389835,-4.1576433,-4.732847,-1.4244318,-2.4856458,-3.9173987,-1.4413828
EFT:2.4644036,-19.757696,-2.3970153,-6.838983,-4.157643,-4.7328467,-1.4244317,-2.4856453,-3.9173982,-1.4413826
Random614
Raw:2.4644017,-19.75768,-2.3970134,-6.8389783,-4.15764,-4.7328434,-1.4244308,-2.4856439,-3.9173954,-1.4413819
EFT:2.4644036,-19.757696,-2.3970153,-6.838983,-4.157643,-4.7328467,-1.4244317,-2.4856453,-3.9173982,-1.4413826
Random615
Raw:2.4644022,-19.757685,-2.3970141,-6.8389797,-4.157641,-4.7328444,-1.4244311,-2.4856443,-3.9173963,-1.4413822
EFT:2.4644036,-19.757696,-2.3970153,-6.838983,-4.157643,-4.7328467,-1.4244317,-2.4856453,-3.9173982,-1.4413826
Random616
Raw:2.4644036,-19.757696,-2.3970153,-6.838983,-4.157643,-4.7328467,-1.4244317,-2.4856453,-3.9173982,-1.4413826
EFT:2.4644036,-19.757696,-2.3970153,-6.838983,-4.157643,-4.7328467,-1.4244317,-2.4856453,-3.9173982,-1.4413826
Random617
Raw:2.464404,-19.7577,-2.3970158,-6.8389845,-4.157644,-4.7328477,-1.4244319,-2.4856458,-3.9173992,-1.4413829
EFT:2.4644036,-19.757696,-2.3970153,-6.838983,-4.157643,-4.7328467,-1.4244317,-2.4856453,-3.9173982,-1.4413826
Random618
Raw:2.4644032,-19.757692,-2.3970149,-6.838982,-4.1576424,-4.7328463,-1.4244316,-2.4856453,-3.9173977,-1.4413825
EFT:2.4644036,-19.757696,-2.3970153,-6.838983,-4.157643,-4.7328467,-1.4244317,-2.4856453,-3.9173982,-1.4413826
Random619
Raw:2.4644043,-19.7577,-2.397016,-6.838985,-4.1576443,-4.732848,-1.424432,-2.4856462,-3.9173996,-1.441383
EFT:2.4644036,-19.757696,-2.3970153,-6.838983,-4.157643,-4.7328467,-1.4244317,-2.4856453,-3.9173982,-1.4413826
Random620
Raw:2.4644032,-19.757692,-2.3970149,-6.838982,-4.1576424,-4.7328463,-1.4244316,-2.4856453,-3.9173977,-1.4413825
EFT:2.4644036,-19.757696,-2.3970153,-6.838983,-4.157643,-4.7328467,-1.4244317,-2.4856453,-3.9173982,-1.4413826
Random621
Raw:2.4644039,-19.757696,-2.3970156,-6.8389835,-4.1576433,-4.732847,-1.4244318,-2.4856458,-3.9173987,-1.4413828
EFT:2.4644036,-19.757696,-2.3970153,-6.838983,-4.157643,-4.7328467,-1.4244317,-2.4856453,-3.9173982,-1.4413826
Random622
Raw:2.4644048,-19.757706,-2.3970165,-6.8389864,-4.157645,-4.732849,-1.4244323,-2.4856467,-3.9174006,-1.4413832
EFT:2.4644036,-19.757696,-2.3970153,-6.838983,-4.157643,-4.7328467,-1.4244317,-2.4856453,-3.9173982,-1.4413826
Random623
Raw:2.464403,-19.75769,-2.3970146,-6.838981,-4.157642,-4.7328453,-1.4244313,-2.4856448,-3.9173973,-1.4413824
EFT:2.4644036,-19.757696,-2.3970153,-6.838983,-4.157643,-4.7328467,-1.4244317,-2.4856453,-3.9173982,-1.4413826
Random624
Raw:2.4644046,-19.757704,-2.3970165,-6.838986,-4.1576447,-4.7328486,-1.4244323,-2.4856462,-3.9174001,-1.4413831
EFT:2.4644036,-19.757696,-2.3970153,-6.838983,-4.157643,-4.7328467,-1.4244317,-2.4856453,-3.9173982,-1.4413826
Random625
Raw:2.4644036,-19.757696,-2.3970153,-6.838983,-4.157643,-4.7328467,-1.4244317,-2.4856453,-3.9173982,-1.4413826
EFT:2.4644036,-19.757696,-2.3970153,-6.838983,-4.157643,-4.7328467,-1.4244317,-2.4856453,-3.9173982,-1.4413826
Random626
Raw:2.4644027,-19.757689,-2.3970144,-6.8389807,-4.1576414,-4.7328453,-1.4244313,-2.4856448,-3.9173968,-1.4413823
EFT:2.4644036,-19.757696,-2.3970153,-6.838983,-4.157643,-4.7328467,-1.4244317,-2.4856453,-3.9173982,-1.4413826
Random627
Raw:2.4644046,-19.757704,-2.3970165,-6.838986,-4.1576447,-4.7328486,-1.4244323,-2.4856462,-3.9174001,-1.4413831
EFT:2.4644036,-19.757696,-2.3970153,-6.838983,-4.157643,-4.7328467,-1.4244317,-2.4856453,-3.9173982,-1.4413826
Random628
Raw:2.464402,-19.757685,-2.397014,-6.8389792,-4.1576405,-4.7328444,-1.424431,-2.4856439,-3.9173958,-1.441382
EFT:2.4644036,-19.757696,-2.3970153,-6.838983,-4.157643,-4.7328467,-1.4244317,-2.4856453,-3.9173982,-1.4413826
Random629
Raw:2.4644055,-19.757711,-2.3970172,-6.8389883,-4.1576467,-4.7328506,-1.4244326,-2.4856472,-3.917402,-1.4413836
EFT:2.4644036,-19.757696,-2.3970153,-6.838983,-4.157643,-4.7328467,-1.4244317,-2.4856453,-3.9173982,-1.4413826
Random630
Raw:2.464405,-19.757706,-2.3970168,-6.838987,-4.1576457,-4.732849,-1.4244324,-2.4856467,-3.917401,-1.4413834
EFT:2.4644036,-19.757696,-2.3970153,-6.838983,-4.157643,-4.7328467,-1.4244317,-2.4856453,-3.9173982,-1.4413826
Random631
Raw:2.464403,-19.75769,-2.3970146,-6.838981,-4.157642,-4.7328453,-1.4244313,-2.4856448,-3.9173973,-1.4413824
EFT:2.4644036,-19.757696,-2.3970153,-6.838983,-4.157643,-4.7328467,-1.4244317,-2.4856453,-3.9173982,-1.4413826
Random632
Raw:2.4644036,-19.757696,-2.3970153,-6.838983,-4.157643,-4.7328467,-1.4244317,-2.4856453,-3.9173982,-1.4413826
EFT:2.4644036,-19.757696,-2.3970153,-6.838983,-4.157643,-4.7328467,-1.4244317,-2.4856453,-3.9173982,-1.4413826
Random633
Raw:2.4644034,-19.757694,-2.397015,-6.8389826,-4.157643,-4.7328463,-1.4244316,-2.4856453,-3.9173982,-1.4413826
EFT:2.4644036,-19.757696,-2.3970153,-6.838983,-4.157643,-4.7328467,-1.4244317,-2.4856453,-3.9173982,-1.4413826
Random634
Raw:2.4644046,-19.757704,-2.3970165,-6.838986,-4.1576447,-4.7328486,-1.4244323,-2.4856462,-3.9174001,-1.4413831
EFT:2.4644036,-19.757696,-2.3970153,-6.838983,-4.157643,-4.7328467,-1.4244317,-2.4856453,-3.9173982,-1.4413826
Random635
Raw:2.4644032,-19.757692,-2.3970149,-6.838982,-4.1576424,-4.7328463,-1.4244316,-2.4856453,-3.9173977,-1.4413825
EFT:2.4644036,-19.757696,-2.3970153,-6.838983,-4.157643,-4.7328467,-1.4244317,-2.4856453,-3.9173982,-1.4413826
Random636
Raw:2.4644048,-19.757706,-2.3970165,-6.8389864,-4.157645,-4.732849,-1.4244323,-2.4856467,-3.9174006,-1.4413832
EFT:2.4644036,-19.757696,-2.3970153,-6.838983,-4.157643,-4.7328467,-1.4244317,-2.4856453,-3.9173982,-1.4413826
Random637
Raw:2.4644012,-19.757679,-2.3970132,-6.8389773,-4.157639,-4.732843,-1.4244306,-2.4856434,-3.9173944,-1.4413817
EFT:2.4644036,-19.757696,-2.3970153,-6.838983,-4.157643,-4.7328467,-1.4244317,-2.4856453,-3.9173982,-1.4413826
Random638
Raw:2.4644012,-19.757677,-2.397013,-6.838977,-4.157639,-4.7328424,-1.4244306,-2.4856434,-3.9173944,-1.4413817
EFT:2.4644036,-19.757696,-2.3970153,-6.838983,-4.157643,-4.7328467,-1.4244317,-2.4856453,-3.9173982,-1.4413826
Random639
Raw:2.4644034,-19.757694,-2.397015,-6.8389826,-4.157643,-4.7328463,-1.4244316,-2.4856453,-3.9173982,-1.4413826
EFT:2.4644036,-19.757696,-2.3970153,-6.838983,-4.157643,-4.7328467,-1.4244317,-2.4856453,-3.9173982,-1.4413826
Random640
Raw:2.464403,-19.75769,-2.3970149,-6.8389816,-4.157642,-4.732846,-1.4244314,-2.4856448,-3.9173973,-1.4413824
EFT:2.4644036,-19.757696,-2.3970153,-6.838983,-4.157643,-4.7328467,-1.4244317,-2.4856453,-3.9173982,-1.4413826
Random641
Raw:2.464403,-19.75769,-2.3970146,-6.838981,-4.157642,-4.7328453,-1.4244313,-2.4856448,-3.9173973,-1.4413824
EFT:2.4644036,-19.757696,-2.3970153,-6.838983,-4.157643,-4.7328467,-1.4244317,-2.4856453,-3.9173982,-1.4413826
Random642
Raw:2.4644043,-19.7577,-2.397016,-6.838985,-4.1576443,-4.732848,-1.424432,-2.4856462,-3.9173996,-1.441383
EFT:2.4644036,-19.757696,-2.3970153,-6.838983,-4.157643,-4.7328467,-1.4244317,-2.4856453,-3.9173982,-1.4413826
Random643
Raw:2.4644039,-19.757698,-2.3970156,-6.838984,-4.157644,-4.732847,-1.4244319,-2.4856458,-3.9173992,-1.4413829
EFT:2.4644036,-19.757696,-2.3970153,-6.838983,-4.157643,-4.7328467,-1.4244317,-2.4856453,-3.9173982,-1.4413826
Random644
Raw:2.4644032,-19.757692,-2.3970149,-6.838982,-4.1576424,-4.7328463,-1.4244316,-2.4856453,-3.9173977,-1.4413825
EFT:2.4644036,-19.757696,-2.3970153,-6.838983,-4.157643,-4.7328467,-1.4244317,-2.4856453,-3.9173982,-1.4413826
Random645
Raw:2.464404,-19.7577,-2.3970158,-6.8389845,-4.157644,-4.7328477,-1.4244319,-2.4856458,-3.9173992,-1.4413829
EFT:2.4644036,-19.757696,-2.3970153,-6.838983,-4.157643,-4.7328467,-1.4244317,-2.4856453,-3.9173982,-1.4413826
Random646
Raw:2.4644032,-19.757692,-2.3970149,-6.838982,-4.1576424,-4.7328463,-1.4244316,-2.4856453,-3.9173977,-1.4413825
EFT:2.4644036,-19.757696,-2.3970153,-6.838983,-4.157643,-4.7328467,-1.4244317,-2.4856453,-3.9173982,-1.4413826
Random647
Raw:2.4644032,-19.757692,-2.3970149,-6.838982,-4.1576424,-4.7328463,-1.4244316,-2.4856453,-3.9173977,-1.4413825
EFT:2.4644036,-19.757696,-2.3970153,-6.838983,-4.157643,-4.7328467,-1.4244317,-2.4856453,-3.9173982,-1.4413826
Random648
Raw:2.4644043,-19.7577,-2.397016,-6.838985,-4.1576443,-4.732848,-1.424432,-2.4856462,-3.9173996,-1.441383
EFT:2.4644036,-19.757696,-2.3970153,-6.838983,-4.157643,-4.7328467,-1.4244317,-2.4856453,-3.9173982,-1.4413826
Random649
Raw:2.4644046,-19.757704,-2.3970165,-6.838986,-4.1576447,-4.7328486,-1.4244323,-2.4856462,-3.9174001,-1.4413831
EFT:2.4644036,-19.757696,-2.3970153,-6.838983,-4.157643,-4.7328467,-1.4244317,-2.4856453,-3.9173982,-1.4413826
Random650
Raw:2.4644043,-19.7577,-2.397016,-6.838985,-4.1576443,-4.732848,-1.424432,-2.4856462,-3.9173996,-1.441383
EFT:2.4644036,-19.757696,-2.3970153,-6.838983,-4.157643,-4.7328467,-1.4244317,-2.4856453,-3.9173982,-1.4413826
Random651
Raw:2.4644046,-19.757704,-2.3970165,-6.838986,-4.1576447,-4.7328486,-1.4244323,-2.4856462,-3.9174001,-1.4413831
EFT:2.4644036,-19.757696,-2.3970153,-6.838983,-4.157643,-4.7328467,-1.4244317,-2.4856453,-3.9173982,-1.4413826
Random652
Raw:2.4644027,-19.757689,-2.3970144,-6.8389807,-4.1576414,-4.7328453,-1.4244313,-2.4856448,-3.9173968,-1.4413823
EFT:2.4644036,-19.757696,-2.3970153,-6.838983,-4.157643,-4.7328467,-1.4244317,-2.4856453,-3.9173982,-1.4413826
Random653
Raw:2.4644043,-19.7577,-2.397016,-6.838985,-4.1576443,-4.732848,-1.424432,-2.4856462,-3.9173996,-1.441383
EFT:2.4644036,-19.757696,-2.3970153,-6.838983,-4.157643,-4.7328467,-1.4244317,-2.4856453,-3.9173982,-1.4413826
Random654
Raw:2.4644053,-19.757708,-2.397017,-6.8389874,-4.1576457,-4.7328496,-1.4244325,-2.4856467,-3.9174016,-1.4413834
EFT:2.4644036,-19.757696,-2.3970153,-6.838983,-4.157643,-4.7328467,-1.4244317,-2.4856453,-3.9173982,-1.4413826
Random655
Raw:2.4644043,-19.7577,-2.397016,-6.838985,-4.1576443,-4.732848,-1.424432,-2.4856462,-3.9173996,-1.441383
EFT:2.4644036,-19.757696,-2.3970153,-6.838983,-4.157643,-4.7328467,-1.4244317,-2.4856453,-3.9173982,-1.4413826
Random656
Raw:2.4644022,-19.757685,-2.3970141,-6.8389797,-4.157641,-4.7328444,-1.4244311,-2.4856443,-3.9173963,-1.4413822
EFT:2.4644036,-19.757696,-2.3970153,-6.838983,-4.157643,-4.7328467,-1.4244317,-2.4856453,-3.9173982,-1.4413826
Random657
Raw:2.4644043,-19.7577,-2.397016,-6.838985,-4.1576443,-4.732848,-1.424432,-2.4856462,-3.9173996,-1.441383
EFT:2.4644036,-19.757696,-2.3970153,-6.838983,-4.157643,-4.7328467,-1.4244317,-2.4856453,-3.9173982,-1.4413826
Random658
Raw:2.4644043,-19.7577,-2.397016,-6.838985,-4.1576443,-4.732848,-1.424432,-2.4856462,-3.9173996,-1.441383
EFT:2.4644036,-19.757696,-2.3970153,-6.838983,-4.157643,-4.7328467,-1.4244317,-2.4856453,-3.9173982,-1.4413826
Random659
Raw:2.464405,-19.757706,-2.3970168,-6.838987,-4.1576457,-4.732849,-1.4244324,-2.4856467,-3.917401,-1.4413834
EFT:2.4644036,-19.757696,-2.3970153,-6.838983,-4.157643,-4.7328467,-1.4244317,-2.4856453,-3.9173982,-1.4413826
Random660
Raw:2.4644055,-19.757711,-2.3970172,-6.8389883,-4.1576467,-4.7328506,-1.4244326,-2.4856472,-3.917402,-1.4413836
EFT:2.4644036,-19.757696,-2.3970153,-6.838983,-4.157643,-4.7328467,-1.4244317,-2.4856453,-3.9173982,-1.4413826
Random661
Raw:2.4644046,-19.757704,-2.3970165,-6.838986,-4.1576447,-4.7328486,-1.4244323,-2.4856462,-3.9174001,-1.4413831
EFT:2.4644036,-19.757696,-2.3970153,-6.838983,-4.157643,-4.7328467,-1.4244317,-2.4856453,-3.9173982,-1.4413826
Random662
Raw:2.4644039,-19.757696,-2.3970156,-6.8389835,-4.1576433,-4.732847,-1.4244318,-2.4856458,-3.9173987,-1.4413828
EFT:2.4644036,-19.757696,-2.3970153,-6.838983,-4.157643,-4.7328467,-1.4244317,-2.4856453,-3.9173982,-1.4413826
Random663
Raw:2.464404,-19.7577,-2.3970158,-6.8389845,-4.157644,-4.7328477,-1.4244319,-2.4856458,-3.9173992,-1.4413829
EFT:2.4644036,-19.757696,-2.3970153,-6.838983,-4.157643,-4.7328467,-1.4244317,-2.4856453,-3.9173982,-1.4413826
Random664
Raw:2.4644055,-19.75771,-2.3970172,-6.838988,-4.157646,-4.73285,-1.4244325,-2.4856472,-3.9174016,-1.4413835
EFT:2.4644036,-19.757696,-2.3970153,-6.838983,-4.157643,-4.7328467,-1.4244317,-2.4856453,-3.9173982,-1.4413826
Random665
Raw:2.464404,-19.7577,-2.3970158,-6.8389845,-4.157644,-4.7328477,-1.4244319,-2.4856458,-3.9173992,-1.4413829
EFT:2.4644036,-19.757696,-2.3970153,-6.838983,-4.157643,-4.7328467,-1.4244317,-2.4856453,-3.9173982,-1.4413826
Random666
Raw:2.4644032,-19.757692,-2.3970149,-6.838982,-4.1576424,-4.7328463,-1.4244316,-2.4856453,-3.9173977,-1.4413825
EFT:2.4644036,-19.757696,-2.3970153,-6.838983,-4.157643,-4.7328467,-1.4244317,-2.4856453,-3.9173982,-1.4413826
Random667
Raw:2.4644032,-19.757692,-2.3970149,-6.838982,-4.1576424,-4.7328463,-1.4244316,-2.4856453,-3.9173977,-1.4413825
EFT:2.4644036,-19.757696,-2.3970153,-6.838983,-4.157643,-4.7328467,-1.4244317,-2.4856453,-3.9173982,-1.4413826
Random668
Raw:2.4644017,-19.75768,-2.3970134,-6.8389783,-4.15764,-4.7328434,-1.4244308,-2.4856439,-3.9173954,-1.4413819
EFT:2.4644036,-19.757696,-2.3970153,-6.838983,-4.157643,-4.7328467,-1.4244317,-2.4856453,-3.9173982,-1.4413826
Random669
Raw:2.4644046,-19.757704,-2.3970165,-6.838986,-4.1576447,-4.7328486,-1.4244323,-2.4856462,-3.9174001,-1.4413831
EFT:2.4644036,-19.757696,-2.3970153,-6.838983,-4.157643,-4.7328467,-1.4244317,-2.4856453,-3.9173982,-1.4413826
Random670
Raw:2.4644046,-19.757704,-2.3970165,-6.838986,-4.1576447,-4.7328486,-1.4244323,-2.4856462,-3.9174001,-1.4413831
EFT:2.4644036,-19.757696,-2.3970153,-6.838983,-4.157643,-4.7328467,-1.4244317,-2.4856453,-3.9173982,-1.4413826
Random671
Raw:2.4644039,-19.757698,-2.3970156,-6.838984,-4.157644,-4.732847,-1.4244319,-2.4856458,-3.9173992,-1.4413829
EFT:2.4644036,-19.757696,-2.3970153,-6.838983,-4.157643,-4.7328467,-1.4244317,-2.4856453,-3.9173982,-1.4413826
Random672
Raw:2.4644034,-19.757694,-2.397015,-6.8389826,-4.157643,-4.7328463,-1.4244316,-2.4856453,-3.9173982,-1.4413826
EFT:2.4644036,-19.757696,-2.3970153,-6.838983,-4.157643,-4.7328467,-1.4244317,-2.4856453,-3.9173982,-1.4413826
Random673
Raw:2.4644039,-19.757698,-2.3970156,-6.838984,-4.157644,-4.732847,-1.4244319,-2.4856458,-3.9173992,-1.4413829
EFT:2.4644036,-19.757696,-2.3970153,-6.838983,-4.157643,-4.7328467,-1.4244317,-2.4856453,-3.9173982,-1.4413826
Random674
Raw:2.4644036,-19.757696,-2.3970153,-6.838983,-4.157643,-4.7328467,-1.4244317,-2.4856453,-3.9173982,-1.4413826
EFT:2.4644036,-19.757696,-2.3970153,-6.838983,-4.157643,-4.7328467,-1.4244317,-2.4856453,-3.9173982,-1.4413826
Random675
Raw:2.4644036,-19.757696,-2.3970153,-6.838983,-4.157643,-4.7328467,-1.4244317,-2.4856453,-3.9173982,-1.4413826
EFT:2.4644036,-19.757696,-2.3970153,-6.838983,-4.157643,-4.7328467,-1.4244317,-2.4856453,-3.9173982,-1.4413826
Random676
Raw:2.4644053,-19.757708,-2.397017,-6.8389874,-4.1576457,-4.7328496,-1.4244325,-2.4856467,-3.9174016,-1.4413834
EFT:2.4644036,-19.757696,-2.3970153,-6.838983,-4.157643,-4.7328467,-1.4244317,-2.4856453,-3.9173982,-1.4413826
Random677
Raw:2.4644039,-19.757696,-2.3970156,-6.8389835,-4.1576433,-4.732847,-1.4244318,-2.4856458,-3.9173987,-1.4413828
EFT:2.4644036,-19.757696,-2.3970153,-6.838983,-4.157643,-4.7328467,-1.4244317,-2.4856453,-3.9173982,-1.4413826
Random678
Raw:2.4644027,-19.757689,-2.3970144,-6.8389807,-4.1576414,-4.7328453,-1.4244313,-2.4856448,-3.9173968,-1.4413823
EFT:2.4644036,-19.757696,-2.3970153,-6.838983,-4.157643,-4.7328467,-1.4244317,-2.4856453,-3.9173982,-1.4413826
Random679
Raw:2.4644034,-19.757694,-2.397015,-6.8389826,-4.157643,-4.7328463,-1.4244316,-2.4856453,-3.9173982,-1.4413826
EFT:2.4644036,-19.757696,-2.3970153,-6.838983,-4.157643,-4.7328467,-1.4244317,-2.4856453,-3.9173982,-1.4413826
Random680
Raw:2.4644043,-19.7577,-2.397016,-6.838985,-4.1576443,-4.732848,-1.424432,-2.4856462,-3.9173996,-1.441383
EFT:2.4644036,-19.757696,-2.3970153,-6.838983,-4.157643,-4.7328467,-1.4244317,-2.4856453,-3.9173982,-1.4413826
Random681
Raw:2.4644046,-19.757702,-2.3970163,-6.8389854,-4.1576447,-4.732848,-1.4244322,-2.4856462,-3.9174001,-1.4413831
EFT:2.4644036,-19.757696,-2.3970153,-6.838983,-4.157643,-4.7328467,-1.4244317,-2.4856453,-3.9173982,-1.4413826
Random682
Raw:2.4644039,-19.757698,-2.3970156,-6.838984,-4.157644,-4.732847,-1.4244319,-2.4856458,-3.9173992,-1.4413829
EFT:2.4644036,-19.757696,-2.3970153,-6.838983,-4.157643,-4.7328467,-1.4244317,-2.4856453,-3.9173982,-1.4413826
Random683
Raw:2.464404,-19.7577,-2.3970158,-6.8389845,-4.157644,-4.7328477,-1.4244319,-2.4856458,-3.9173992,-1.4413829
EFT:2.4644036,-19.757696,-2.3970153,-6.838983,-4.157643,-4.7328467,-1.4244317,-2.4856453,-3.9173982,-1.4413826
Random684
Raw:2.4644039,-19.757696,-2.3970156,-6.8389835,-4.1576433,-4.732847,-1.4244318,-2.4856458,-3.9173987,-1.4413828
EFT:2.4644036,-19.757696,-2.3970153,-6.838983,-4.157643,-4.7328467,-1.4244317,-2.4856453,-3.9173982,-1.4413826
Random685
Raw:2.4644043,-19.7577,-2.397016,-6.838985,-4.1576443,-4.732848,-1.424432,-2.4856462,-3.9173996,-1.441383
EFT:2.4644036,-19.757696,-2.3970153,-6.838983,-4.157643,-4.7328467,-1.4244317,-2.4856453,-3.9173982,-1.4413826
Random686
Raw:2.4644039,-19.757698,-2.3970156,-6.838984,-4.157644,-4.732847,-1.4244319,-2.4856458,-3.9173992,-1.4413829
EFT:2.4644036,-19.757696,-2.3970153,-6.838983,-4.157643,-4.7328467,-1.4244317,-2.4856453,-3.9173982,-1.4413826
Random687
Raw:2.4644039,-19.757696,-2.3970156,-6.8389835,-4.1576433,-4.732847,-1.4244318,-2.4856458,-3.9173987,-1.4413828
EFT:2.4644036,-19.757696,-2.3970153,-6.838983,-4.157643,-4.7328467,-1.4244317,-2.4856453,-3.9173982,-1.4413826
Random688
Raw:2.4644046,-19.757704,-2.3970165,-6.838986,-4.1576447,-4.7328486,-1.4244323,-2.4856462,-3.9174001,-1.4413831
EFT:2.4644036,-19.757696,-2.3970153,-6.838983,-4.157643,-4.7328467,-1.4244317,-2.4856453,-3.9173982,-1.4413826
Random689
Raw:2.4644046,-19.757704,-2.3970165,-6.838986,-4.1576447,-4.7328486,-1.4244323,-2.4856462,-3.9174001,-1.4413831
EFT:2.4644036,-19.757696,-2.3970153,-6.838983,-4.157643,-4.7328467,-1.4244317,-2.4856453,-3.9173982,-1.4413826
Random690
Raw:2.4644032,-19.757692,-2.3970149,-6.838982,-4.1576424,-4.7328463,-1.4244316,-2.4856453,-3.9173977,-1.4413825
EFT:2.4644036,-19.757696,-2.3970153,-6.838983,-4.157643,-4.7328467,-1.4244317,-2.4856453,-3.9173982,-1.4413826
Random691
Raw:2.4644055,-19.75771,-2.3970172,-6.838988,-4.157646,-4.73285,-1.4244325,-2.4856472,-3.9174016,-1.4413835
EFT:2.4644036,-19.757696,-2.3970153,-6.838983,-4.157643,-4.7328467,-1.4244317,-2.4856453,-3.9173982,-1.4413826
Random692
Raw:2.464406,-19.757713,-2.3970177,-6.8389893,-4.157647,-4.732851,-1.4244329,-2.4856477,-3.9174025,-1.4413837
EFT:2.4644036,-19.757696,-2.3970153,-6.838983,-4.157643,-4.7328467,-1.4244317,-2.4856453,-3.9173982,-1.4413826
Random693
Raw:2.464405,-19.757706,-2.3970168,-6.838987,-4.1576457,-4.732849,-1.4244324,-2.4856467,-3.917401,-1.4413834
EFT:2.4644036,-19.757696,-2.3970153,-6.838983,-4.157643,-4.7328467,-1.4244317,-2.4856453,-3.9173982,-1.4413826
Random694
Raw:2.4644036,-19.757696,-2.3970153,-6.838983,-4.157643,-4.7328467,-1.4244317,-2.4856453,-3.9173982,-1.4413826
EFT:2.4644036,-19.757696,-2.3970153,-6.838983,-4.157643,-4.7328467,-1.4244317,-2.4856453,-3.9173982,-1.4413826
Random695
Raw:2.4644046,-19.757702,-2.3970163,-6.8389854,-4.1576447,-4.732848,-1.4244322,-2.4856462,-3.9174001,-1.4413831
EFT:2.4644036,-19.757696,-2.3970153,-6.838983,-4.157643,-4.7328467,-1.4244317,-2.4856453,-3.9173982,-1.4413826
Random696
Raw:2.4644046,-19.757704,-2.3970165,-6.838986,-4.1576447,-4.7328486,-1.4244323,-2.4856462,-3.9174001,-1.4413831
EFT:2.4644036,-19.757696,-2.3970153,-6.838983,-4.157643,-4.7328467,-1.4244317,-2.4856453,-3.9173982,-1.4413826
Random697
Raw:2.4644039,-19.757698,-2.3970156,-6.838984,-4.157644,-4.732847,-1.4244319,-2.4856458,-3.9173992,-1.4413829
EFT:2.4644036,-19.757696,-2.3970153,-6.838983,-4.157643,-4.7328467,-1.4244317,-2.4856453,-3.9173982,-1.4413826
Random698
Raw:2.4644039,-19.757698,-2.3970156,-6.838984,-4.157644,-4.732847,-1.4244319,-2.4856458,-3.9173992,-1.4413829
EFT:2.4644036,-19.757696,-2.3970153,-6.838983,-4.157643,-4.7328467,-1.4244317,-2.4856453,-3.9173982,-1.4413826
Random699
Raw:2.4644032,-19.757692,-2.3970149,-6.838982,-4.1576424,-4.7328463,-1.4244316,-2.4856453,-3.9173977,-1.4413825
EFT:2.4644036,-19.757696,-2.3970153,-6.838983,-4.157643,-4.7328467,-1.4244317,-2.4856453,-3.9173982,-1.4413826
Random700
Raw:2.4644043,-19.7577,-2.397016,-6.838985,-4.1576443,-4.732848,-1.424432,-2.4856462,-3.9173996,-1.441383
EFT:2.4644036,-19.757696,-2.3970153,-6.838983,-4.157643,-4.7328467,-1.4244317,-2.4856453,-3.9173982,-1.4413826
Random701
Raw:2.464405,-19.757706,-2.3970168,-6.838987,-4.1576457,-4.732849,-1.4244324,-2.4856467,-3.917401,-1.4413834
EFT:2.4644036,-19.757696,-2.3970153,-6.838983,-4.157643,-4.7328467,-1.4244317,-2.4856453,-3.9173982,-1.4413826
Random702
Raw:2.464404,-19.7577,-2.3970158,-6.8389845,-4.157644,-4.7328477,-1.4244319,-2.4856458,-3.9173992,-1.4413829
EFT:2.4644036,-19.757696,-2.3970153,-6.838983,-4.157643,-4.7328467,-1.4244317,-2.4856453,-3.9173982,-1.4413826
Random703
Raw:2.4644024,-19.757687,-2.3970141,-6.83898,-4.157641,-4.732845,-1.4244312,-2.4856443,-3.9173963,-1.4413822
EFT:2.4644036,-19.757696,-2.3970153,-6.838983,-4.157643,-4.7328467,-1.4244317,-2.4856453,-3.9173982,-1.4413826
Random704
Raw:2.4644032,-19.757692,-2.3970149,-6.838982,-4.1576424,-4.7328463,-1.4244316,-2.4856453,-3.9173977,-1.4413825
EFT:2.4644036,-19.757696,-2.3970153,-6.838983,-4.157643,-4.7328467,-1.4244317,-2.4856453,-3.9173982,-1.4413826
Random705
Raw:2.4644034,-19.757694,-2.397015,-6.8389826,-4.157643,-4.7328463,-1.4244316,-2.4856453,-3.9173982,-1.4413826
EFT:2.4644036,-19.757696,-2.3970153,-6.838983,-4.157643,-4.7328467,-1.4244317,-2.4856453,-3.9173982,-1.4413826
Random706
Raw:2.464403,-19.75769,-2.3970149,-6.8389816,-4.157642,-4.732846,-1.4244314,-2.4856448,-3.9173973,-1.4413824
EFT:2.4644036,-19.757696,-2.3970153,-6.838983,-4.157643,-4.7328467,-1.4244317,-2.4856453,-3.9173982,-1.4413826
Random707
Raw:2.4644043,-19.7577,-2.397016,-6.838985,-4.1576443,-4.732848,-1.424432,-2.4856462,-3.9173996,-1.441383
EFT:2.4644036,-19.757696,-2.3970153,-6.838983,-4.157643,-4.7328467,-1.4244317,-2.4856453,-3.9173982,-1.4413826
Random708
Raw:2.4644027,-19.757689,-2.3970144,-6.8389807,-4.1576414,-4.7328453,-1.4244313,-2.4856448,-3.9173968,-1.4413823
EFT:2.4644036,-19.757696,-2.3970153,-6.838983,-4.157643,-4.7328467,-1.4244317,-2.4856453,-3.9173982,-1.4413826
Random709
Raw:2.4644063,-19.757715,-2.397018,-6.8389897,-4.1576476,-4.7328515,-1.4244329,-2.4856477,-3.917403,-1.4413838
EFT:2.4644036,-19.757696,-2.3970153,-6.838983,-4.157643,-4.7328467,-1.4244317,-2.4856453,-3.9173982,-1.4413826
Random710
Raw:2.4644039,-19.757696,-2.3970156,-6.8389835,-4.1576433,-4.732847,-1.4244318,-2.4856458,-3.9173987,-1.4413828
EFT:2.4644036,-19.757696,-2.3970153,-6.838983,-4.157643,-4.7328467,-1.4244317,-2.4856453,-3.9173982,-1.4413826
Random711
Raw:2.4644043,-19.7577,-2.397016,-6.838985,-4.1576443,-4.732848,-1.424432,-2.4856462,-3.9173996,-1.441383
EFT:2.4644036,-19.757696,-2.3970153,-6.838983,-4.157643,-4.7328467,-1.4244317,-2.4856453,-3.9173982,-1.4413826
Random712
Raw:2.464404,-19.7577,-2.3970158,-6.8389845,-4.157644,-4.7328477,-1.4244319,-2.4856458,-3.9173992,-1.4413829
EFT:2.4644036,-19.757696,-2.3970153,-6.838983,-4.157643,-4.7328467,-1.4244317,-2.4856453,-3.9173982,-1.4413826
Random713
Raw:2.4644036,-19.757696,-2.3970153,-6.838983,-4.157643,-4.7328467,-1.4244317,-2.4856453,-3.9173982,-1.4413826
EFT:2.4644036,-19.757696,-2.3970153,-6.838983,-4.157643,-4.7328467,-1.4244317,-2.4856453,-3.9173982,-1.4413826
Random714
Raw:2.4644039,-19.757698,-2.3970156,-6.838984,-4.157644,-4.732847,-1.4244319,-2.4856458,-3.9173992,-1.4413829
EFT:2.4644036,-19.757696,-2.3970153,-6.838983,-4.157643,-4.7328467,-1.4244317,-2.4856453,-3.9173982,-1.4413826
Random715
Raw:2.4644039,-19.757698,-2.3970156,-6.838984,-4.157644,-4.732847,-1.4244319,-2.4856458,-3.9173992,-1.4413829
EFT:2.4644036,-19.757696,-2.3970153,-6.838983,-4.157643,-4.7328467,-1.4244317,-2.4856453,-3.9173982,-1.4413826
Random716
Raw:2.4644032,-19.757692,-2.3970149,-6.838982,-4.1576424,-4.7328463,-1.4244316,-2.4856453,-3.9173977,-1.4413825
EFT:2.4644036,-19.757696,-2.3970153,-6.838983,-4.157643,-4.7328467,-1.4244317,-2.4856453,-3.9173982,-1.4413826
Random717
Raw:2.4644063,-19.757715,-2.397018,-6.8389897,-4.1576476,-4.7328515,-1.4244329,-2.4856477,-3.917403,-1.4413838
EFT:2.4644036,-19.757696,-2.3970153,-6.838983,-4.157643,-4.7328467,-1.4244317,-2.4856453,-3.9173982,-1.4413826
Random718
Raw:2.4644048,-19.757706,-2.3970165,-6.8389864,-4.157645,-4.732849,-1.4244323,-2.4856467,-3.9174006,-1.4413832
EFT:2.4644036,-19.757696,-2.3970153,-6.838983,-4.157643,-4.7328467,-1.4244317,-2.4856453,-3.9173982,-1.4413826
Random719
Raw:2.4644039,-19.757696,-2.3970156,-6.8389835,-4.1576433,-4.732847,-1.4244318,-2.4856458,-3.9173987,-1.4413828
EFT:2.4644036,-19.757696,-2.3970153,-6.838983,-4.157643,-4.7328467,-1.4244317,-2.4856453,-3.9173982,-1.4413826
Random720
Raw:2.4644036,-19.757696,-2.3970153,-6.838983,-4.157643,-4.7328467,-1.4244317,-2.4856453,-3.9173982,-1.4413826
EFT:2.4644036,-19.757696,-2.3970153,-6.838983,-4.157643,-4.7328467,-1.4244317,-2.4856453,-3.9173982,-1.4413826
Random721
Raw:2.4644043,-19.7577,-2.397016,-6.838985,-4.1576443,-4.732848,-1.424432,-2.4856462,-3.9173996,-1.441383
EFT:2.4644036,-19.757696,-2.3970153,-6.838983,-4.157643,-4.7328467,-1.4244317,-2.4856453,-3.9173982,-1.4413826
Random722
Raw:2.4644022,-19.757685,-2.3970141,-6.8389797,-4.157641,-4.7328444,-1.4244311,-2.4856443,-3.9173963,-1.4413822
EFT:2.4644036,-19.757696,-2.3970153,-6.838983,-4.157643,-4.7328467,-1.4244317,-2.4856453,-3.9173982,-1.4413826
Random723
Raw:2.464403,-19.75769,-2.3970146,-6.838981,-4.157642,-4.7328453,-1.4244313,-2.4856448,-3.9173973,-1.4413824
EFT:2.4644036,-19.757696,-2.3970153,-6.838983,-4.157643,-4.7328467,-1.4244317,-2.4856453,-3.9173982,-1.4413826
Random724
Raw:2.4644046,-19.757702,-2.3970163,-6.8389854,-4.1576447,-4.732848,-1.4244322,-2.4856462,-3.9174001,-1.4413831
EFT:2.4644036,-19.757696,-2.3970153,-6.838983,-4.157643,-4.7328467,-1.4244317,-2.4856453,-3.9173982,-1.4413826
Random725
Raw:2.4644043,-19.7577,-2.397016,-6.838985,-4.1576443,-4.732848,-1.424432,-2.4856462,-3.9173996,-1.441383
EFT:2.4644036,-19.757696,-2.3970153,-6.838983,-4.157643,-4.7328467,-1.4244317,-2.4856453,-3.9173982,-1.4413826
Random726
Raw:2.464402,-19.757685,-2.397014,-6.8389792,-4.1576405,-4.7328444,-1.424431,-2.4856439,-3.9173958,-1.441382
EFT:2.4644036,-19.757696,-2.3970153,-6.838983,-4.157643,-4.7328467,-1.4244317,-2.4856453,-3.9173982,-1.4413826
Random727
Raw:2.4644032,-19.757692,-2.3970149,-6.838982,-4.1576424,-4.7328463,-1.4244316,-2.4856453,-3.9173977,-1.4413825
EFT:2.4644036,-19.757696,-2.3970153,-6.838983,-4.157643,-4.7328467,-1.4244317,-2.4856453,-3.9173982,-1.4413826
Random728
Raw:2.4644024,-19.757687,-2.3970141,-6.83898,-4.157641,-4.732845,-1.4244312,-2.4856443,-3.9173963,-1.4413822
EFT:2.4644036,-19.757696,-2.3970153,-6.838983,-4.157643,-4.7328467,-1.4244317,-2.4856453,-3.9173982,-1.4413826
Random729
Raw:2.4644046,-19.757704,-2.3970165,-6.838986,-4.1576447,-4.7328486,-1.4244323,-2.4856462,-3.9174001,-1.4413831
EFT:2.4644036,-19.757696,-2.3970153,-6.838983,-4.157643,-4.7328467,-1.4244317,-2.4856453,-3.9173982,-1.4413826
Random730
Raw:2.4644039,-19.757698,-2.3970156,-6.838984,-4.157644,-4.732847,-1.4244319,-2.4856458,-3.9173992,-1.4413829
EFT:2.4644036,-19.757696,-2.3970153,-6.838983,-4.157643,-4.7328467,-1.4244317,-2.4856453,-3.9173982,-1.4413826
Random731
Raw:2.4644039,-19.757698,-2.3970156,-6.838984,-4.157644,-4.732847,-1.4244319,-2.4856458,-3.9173992,-1.4413829
EFT:2.4644036,-19.757696,-2.3970153,-6.838983,-4.157643,-4.7328467,-1.4244317,-2.4856453,-3.9173982,-1.4413826
Random732
Raw:2.464403,-19.75769,-2.3970146,-6.838981,-4.157642,-4.7328453,-1.4244313,-2.4856448,-3.9173973,-1.4413824
EFT:2.4644036,-19.757696,-2.3970153,-6.838983,-4.157643,-4.7328467,-1.4244317,-2.4856453,-3.9173982,-1.4413826
Random733
Raw:2.4644043,-19.7577,-2.397016,-6.838985,-4.1576443,-4.732848,-1.424432,-2.4856462,-3.9173996,-1.441383
EFT:2.4644036,-19.757696,-2.3970153,-6.838983,-4.157643,-4.7328467,-1.4244317,-2.4856453,-3.9173982,-1.4413826
Random734
Raw:2.464404,-19.7577,-2.3970158,-6.8389845,-4.157644,-4.7328477,-1.4244319,-2.4856458,-3.9173992,-1.4413829
EFT:2.4644036,-19.757696,-2.3970153,-6.838983,-4.157643,-4.7328467,-1.4244317,-2.4856453,-3.9173982,-1.4413826
Random735
Raw:2.4644039,-19.757698,-2.3970156,-6.838984,-4.157644,-4.732847,-1.4244319,-2.4856458,-3.9173992,-1.4413829
EFT:2.4644036,-19.757696,-2.3970153,-6.838983,-4.157643,-4.7328467,-1.4244317,-2.4856453,-3.9173982,-1.4413826
Random736
Raw:2.4644034,-19.757694,-2.397015,-6.8389826,-4.157643,-4.7328463,-1.4244316,-2.4856453,-3.9173982,-1.4413826
EFT:2.4644036,-19.757696,-2.3970153,-6.838983,-4.157643,-4.7328467,-1.4244317,-2.4856453,-3.9173982,-1.4413826
Random737
Raw:2.4644039,-19.757696,-2.3970156,-6.8389835,-4.1576433,-4.732847,-1.4244318,-2.4856458,-3.9173987,-1.4413828
EFT:2.4644036,-19.757696,-2.3970153,-6.838983,-4.157643,-4.7328467,-1.4244317,-2.4856453,-3.9173982,-1.4413826
Random738
Raw:2.4644046,-19.757702,-2.3970163,-6.8389854,-4.1576447,-4.732848,-1.4244322,-2.4856462,-3.9174001,-1.4413831
EFT:2.4644036,-19.757696,-2.3970153,-6.838983,-4.157643,-4.7328467,-1.4244317,-2.4856453,-3.9173982,-1.4413826
Random739
Raw:2.464402,-19.757685,-2.397014,-6.8389792,-4.1576405,-4.7328444,-1.424431,-2.4856439,-3.9173958,-1.441382
EFT:2.4644036,-19.757696,-2.3970153,-6.838983,-4.157643,-4.7328467,-1.4244317,-2.4856453,-3.9173982,-1.4413826
Random740
Raw:2.4644043,-19.7577,-2.397016,-6.838985,-4.1576443,-4.732848,-1.424432,-2.4856462,-3.9173996,-1.441383
EFT:2.4644036,-19.757696,-2.3970153,-6.838983,-4.157643,-4.7328467,-1.4244317,-2.4856453,-3.9173982,-1.4413826
Random741
Raw:2.4644046,-19.757704,-2.3970165,-6.838986,-4.1576447,-4.7328486,-1.4244323,-2.4856462,-3.9174001,-1.4413831
EFT:2.4644036,-19.757696,-2.3970153,-6.838983,-4.157643,-4.7328467,-1.4244317,-2.4856453,-3.9173982,-1.4413826
Random742
Raw:2.4644036,-19.757696,-2.3970153,-6.838983,-4.157643,-4.7328467,-1.4244317,-2.4856453,-3.9173982,-1.4413826
EFT:2.4644036,-19.757696,-2.3970153,-6.838983,-4.157643,-4.7328467,-1.4244317,-2.4856453,-3.9173982,-1.4413826
Random743
Raw:2.4644039,-19.757698,-2.3970156,-6.838984,-4.157644,-4.732847,-1.4244319,-2.4856458,-3.9173992,-1.4413829
EFT:2.4644036,-19.757696,-2.3970153,-6.838983,-4.157643,-4.7328467,-1.4244317,-2.4856453,-3.9173982,-1.4413826
Random744
Raw:2.4644055,-19.75771,-2.3970172,-6.838988,-4.157646,-4.73285,-1.4244325,-2.4856472,-3.9174016,-1.4413835
EFT:2.4644036,-19.757696,-2.3970153,-6.838983,-4.157643,-4.7328467,-1.4244317,-2.4856453,-3.9173982,-1.4413826
Random745
Raw:2.464404,-19.7577,-2.3970158,-6.8389845,-4.157644,-4.7328477,-1.4244319,-2.4856458,-3.9173992,-1.4413829
EFT:2.4644036,-19.757696,-2.3970153,-6.838983,-4.157643,-4.7328467,-1.4244317,-2.4856453,-3.9173982,-1.4413826
Random746
Raw:2.4644032,-19.757692,-2.3970149,-6.838982,-4.1576424,-4.7328463,-1.4244316,-2.4856453,-3.9173977,-1.4413825
EFT:2.4644036,-19.757696,-2.3970153,-6.838983,-4.157643,-4.7328467,-1.4244317,-2.4856453,-3.9173982,-1.4413826
Random747
Raw:2.4644039,-19.757696,-2.3970156,-6.8389835,-4.1576433,-4.732847,-1.4244318,-2.4856458,-3.9173987,-1.4413828
EFT:2.4644036,-19.757696,-2.3970153,-6.838983,-4.157643,-4.7328467,-1.4244317,-2.4856453,-3.9173982,-1.4413826
Random748
Raw:2.4644048,-19.757706,-2.3970165,-6.8389864,-4.157645,-4.732849,-1.4244323,-2.4856467,-3.9174006,-1.4413832
EFT:2.4644036,-19.757696,-2.3970153,-6.838983,-4.157643,-4.7328467,-1.4244317,-2.4856453,-3.9173982,-1.4413826
Random749
Raw:2.464405,-19.757706,-2.3970168,-6.838987,-4.1576457,-4.732849,-1.4244324,-2.4856467,-3.917401,-1.4413834
EFT:2.4644036,-19.757696,-2.3970153,-6.838983,-4.157643,-4.7328467,-1.4244317,-2.4856453,-3.9173982,-1.4413826
Random750
Raw:2.464404,-19.7577,-2.3970158,-6.8389845,-4.157644,-4.7328477,-1.4244319,-2.4856458,-3.9173992,-1.4413829
EFT:2.4644036,-19.757696,-2.3970153,-6.838983,-4.157643,-4.7328467,-1.4244317,-2.4856453,-3.9173982,-1.4413826
Random751
Raw:2.4644048,-19.757706,-2.3970165,-6.8389864,-4.157645,-4.732849,-1.4244323,-2.4856467,-3.9174006,-1.4413832
EFT:2.4644036,-19.757696,-2.3970153,-6.838983,-4.157643,-4.7328467,-1.4244317,-2.4856453,-3.9173982,-1.4413826
Random752
Raw:2.464403,-19.75769,-2.3970149,-6.8389816,-4.157642,-4.732846,-1.4244314,-2.4856448,-3.9173973,-1.4413824
EFT:2.4644036,-19.757696,-2.3970153,-6.838983,-4.157643,-4.7328467,-1.4244317,-2.4856453,-3.9173982,-1.4413826
Random753
Raw:2.4644034,-19.757694,-2.397015,-6.8389826,-4.157643,-4.7328463,-1.4244316,-2.4856453,-3.9173982,-1.4413826
EFT:2.4644036,-19.757696,-2.3970153,-6.838983,-4.157643,-4.7328467,-1.4244317,-2.4856453,-3.9173982,-1.4413826
Random754
Raw:2.4644055,-19.75771,-2.3970172,-6.838988,-4.157646,-4.73285,-1.4244325,-2.4856472,-3.9174016,-1.4413835
EFT:2.4644036,-19.757696,-2.3970153,-6.838983,-4.157643,-4.7328467,-1.4244317,-2.4856453,-3.9173982,-1.4413826
Random755
Raw:2.4644039,-19.757696,-2.3970156,-6.8389835,-4.1576433,-4.732847,-1.4244318,-2.4856458,-3.9173987,-1.4413828
EFT:2.4644036,-19.757696,-2.3970153,-6.838983,-4.157643,-4.7328467,-1.4244317,-2.4856453,-3.9173982,-1.4413826
Random756
Raw:2.4644039,-19.757698,-2.3970156,-6.838984,-4.157644,-4.732847,-1.4244319,-2.4856458,-3.9173992,-1.4413829
EFT:2.4644036,-19.757696,-2.3970153,-6.838983,-4.157643,-4.7328467,-1.4244317,-2.4856453,-3.9173982,-1.4413826
Random757
Raw:2.4644034,-19.757694,-2.397015,-6.8389826,-4.157643,-4.7328463,-1.4244316,-2.4856453,-3.9173982,-1.4413826
EFT:2.4644036,-19.757696,-2.3970153,-6.838983,-4.157643,-4.7328467,-1.4244317,-2.4856453,-3.9173982,-1.4413826
Random758
Raw:2.4644036,-19.757696,-2.3970153,-6.838983,-4.157643,-4.7328467,-1.4244317,-2.4856453,-3.9173982,-1.4413826
EFT:2.4644036,-19.757696,-2.3970153,-6.838983,-4.157643,-4.7328467,-1.4244317,-2.4856453,-3.9173982,-1.4413826
Random759
Raw:2.4644039,-19.757698,-2.3970156,-6.838984,-4.157644,-4.732847,-1.4244319,-2.4856458,-3.9173992,-1.4413829
EFT:2.4644036,-19.757696,-2.3970153,-6.838983,-4.157643,-4.7328467,-1.4244317,-2.4856453,-3.9173982,-1.4413826
Random760
Raw:2.4644027,-19.757689,-2.3970144,-6.8389807,-4.1576414,-4.7328453,-1.4244313,-2.4856448,-3.9173968,-1.4413823
EFT:2.4644036,-19.757696,-2.3970153,-6.838983,-4.157643,-4.7328467,-1.4244317,-2.4856453,-3.9173982,-1.4413826
Random761
Raw:2.4644022,-19.757685,-2.3970141,-6.8389797,-4.157641,-4.7328444,-1.4244311,-2.4856443,-3.9173963,-1.4413822
EFT:2.4644036,-19.757696,-2.3970153,-6.838983,-4.157643,-4.7328467,-1.4244317,-2.4856453,-3.9173982,-1.4413826
Random762
Raw:2.4644039,-19.757698,-2.3970156,-6.838984,-4.157644,-4.732847,-1.4244319,-2.4856458,-3.9173992,-1.4413829
EFT:2.4644036,-19.757696,-2.3970153,-6.838983,-4.157643,-4.7328467,-1.4244317,-2.4856453,-3.9173982,-1.4413826
Random763
Raw:2.4644036,-19.757696,-2.3970153,-6.838983,-4.157643,-4.7328467,-1.4244317,-2.4856453,-3.9173982,-1.4413826
EFT:2.4644036,-19.757696,-2.3970153,-6.838983,-4.157643,-4.7328467,-1.4244317,-2.4856453,-3.9173982,-1.4413826
Random764
Raw:2.4644058,-19.757711,-2.3970175,-6.838989,-4.1576467,-4.7328506,-1.4244328,-2.4856472,-3.9174025,-1.4413836
EFT:2.4644036,-19.757696,-2.3970153,-6.838983,-4.157643,-4.7328467,-1.4244317,-2.4856453,-3.9173982,-1.4413826
Random765
Raw:2.4644034,-19.757694,-2.397015,-6.8389826,-4.157643,-4.7328463,-1.4244316,-2.4856453,-3.9173982,-1.4413826
EFT:2.4644036,-19.757696,-2.3970153,-6.838983,-4.157643,-4.7328467,-1.4244317,-2.4856453,-3.9173982,-1.4413826
Random766
Raw:2.464403,-19.75769,-2.3970146,-6.838981,-4.157642,-4.7328453,-1.4244313,-2.4856448,-3.9173973,-1.4413824
EFT:2.4644036,-19.757696,-2.3970153,-6.838983,-4.157643,-4.7328467,-1.4244317,-2.4856453,-3.9173982,-1.4413826
Random767
Raw:2.464403,-19.75769,-2.3970149,-6.8389816,-4.157642,-4.732846,-1.4244314,-2.4856448,-3.9173973,-1.4413824
EFT:2.4644036,-19.757696,-2.3970153,-6.838983,-4.157643,-4.7328467,-1.4244317,-2.4856453,-3.9173982,-1.4413826
Random768
Raw:2.464403,-19.75769,-2.3970149,-6.8389816,-4.157642,-4.732846,-1.4244314,-2.4856448,-3.9173973,-1.4413824
EFT:2.4644036,-19.757696,-2.3970153,-6.838983,-4.157643,-4.7328467,-1.4244317,-2.4856453,-3.9173982,-1.4413826
Random769
Raw:2.4644055,-19.75771,-2.3970172,-6.838988,-4.157646,-4.73285,-1.4244325,-2.4856472,-3.9174016,-1.4413835
EFT:2.4644036,-19.757696,-2.3970153,-6.838983,-4.157643,-4.7328467,-1.4244317,-2.4856453,-3.9173982,-1.4413826
Random770
Raw:2.4644022,-19.757685,-2.3970141,-6.8389797,-4.157641,-4.7328444,-1.4244311,-2.4856443,-3.9173963,-1.4413822
EFT:2.4644036,-19.757696,-2.3970153,-6.838983,-4.157643,-4.7328467,-1.4244317,-2.4856453,-3.9173982,-1.4413826
Random771
Raw:2.4644058,-19.757711,-2.3970175,-6.838989,-4.1576467,-4.7328506,-1.4244328,-2.4856472,-3.9174025,-1.4413836
EFT:2.4644036,-19.757696,-2.3970153,-6.838983,-4.157643,-4.7328467,-1.4244317,-2.4856453,-3.9173982,-1.4413826
Random772
Raw:2.4644012,-19.757679,-2.3970132,-6.8389773,-4.157639,-4.732843,-1.4244306,-2.4856434,-3.9173944,-1.4413817
EFT:2.4644036,-19.757696,-2.3970153,-6.838983,-4.157643,-4.7328467,-1.4244317,-2.4856453,-3.9173982,-1.4413826
Random773
Raw:2.4644039,-19.757698,-2.3970156,-6.838984,-4.157644,-4.732847,-1.4244319,-2.4856458,-3.9173992,-1.4413829
EFT:2.4644036,-19.757696,-2.3970153,-6.838983,-4.157643,-4.7328467,-1.4244317,-2.4856453,-3.9173982,-1.4413826
Random774
Raw:2.4644036,-19.757696,-2.3970153,-6.838983,-4.157643,-4.7328467,-1.4244317,-2.4856453,-3.9173982,-1.4413826
EFT:2.4644036,-19.757696,-2.3970153,-6.838983,-4.157643,-4.7328467,-1.4244317,-2.4856453,-3.9173982,-1.4413826
Random775
Raw:2.4644039,-19.757698,-2.3970156,-6.838984,-4.157644,-4.732847,-1.4244319,-2.4856458,-3.9173992,-1.4413829
EFT:2.4644036,-19.757696,-2.3970153,-6.838983,-4.157643,-4.7328467,-1.4244317,-2.4856453,-3.9173982,-1.4413826
Random776
Raw:2.4644046,-19.757704,-2.3970165,-6.838986,-4.1576447,-4.7328486,-1.4244323,-2.4856462,-3.9174001,-1.4413831
EFT:2.4644036,-19.757696,-2.3970153,-6.838983,-4.157643,-4.7328467,-1.4244317,-2.4856453,-3.9173982,-1.4413826
Random777
Raw:2.4644046,-19.757704,-2.3970165,-6.838986,-4.1576447,-4.7328486,-1.4244323,-2.4856462,-3.9174001,-1.4413831
EFT:2.4644036,-19.757696,-2.3970153,-6.838983,-4.157643,-4.7328467,-1.4244317,-2.4856453,-3.9173982,-1.4413826
Random778
Raw:2.4644039,-19.757696,-2.3970156,-6.8389835,-4.1576433,-4.732847,-1.4244318,-2.4856458,-3.9173987,-1.4413828
EFT:2.4644036,-19.757696,-2.3970153,-6.838983,-4.157643,-4.7328467,-1.4244317,-2.4856453,-3.9173982,-1.4413826
Random779
Raw:2.4644036,-19.757696,-2.3970153,-6.838983,-4.157643,-4.7328467,-1.4244317,-2.4856453,-3.9173982,-1.4413826
EFT:2.4644036,-19.757696,-2.3970153,-6.838983,-4.157643,-4.7328467,-1.4244317,-2.4856453,-3.9173982,-1.4413826
Random780
Raw:2.4644039,-19.757698,-2.3970156,-6.838984,-4.157644,-4.732847,-1.4244319,-2.4856458,-3.9173992,-1.4413829
EFT:2.4644036,-19.757696,-2.3970153,-6.838983,-4.157643,-4.7328467,-1.4244317,-2.4856453,-3.9173982,-1.4413826
Random781
Raw:2.4644034,-19.757694,-2.397015,-6.8389826,-4.157643,-4.7328463,-1.4244316,-2.4856453,-3.9173982,-1.4413826
EFT:2.4644036,-19.757696,-2.3970153,-6.838983,-4.157643,-4.7328467,-1.4244317,-2.4856453,-3.9173982,-1.4413826
Random782
Raw:2.4644024,-19.757687,-2.3970141,-6.83898,-4.157641,-4.732845,-1.4244312,-2.4856443,-3.9173963,-1.4413822
EFT:2.4644036,-19.757696,-2.3970153,-6.838983,-4.157643,-4.7328467,-1.4244317,-2.4856453,-3.9173982,-1.4413826
Random783
Raw:2.464405,-19.757706,-2.3970168,-6.838987,-4.1576457,-4.732849,-1.4244324,-2.4856467,-3.917401,-1.4413834
EFT:2.4644036,-19.757696,-2.3970153,-6.838983,-4.157643,-4.7328467,-1.4244317,-2.4856453,-3.9173982,-1.4413826
Random784
Raw:2.4644039,-19.757698,-2.3970156,-6.838984,-4.157644,-4.732847,-1.4244319,-2.4856458,-3.9173992,-1.4413829
EFT:2.4644036,-19.757696,-2.3970153,-6.838983,-4.157643,-4.7328467,-1.4244317,-2.4856453,-3.9173982,-1.4413826
Random785
Raw:2.4644036,-19.757696,-2.3970153,-6.838983,-4.157643,-4.7328467,-1.4244317,-2.4856453,-3.9173982,-1.4413826
EFT:2.4644036,-19.757696,-2.3970153,-6.838983,-4.157643,-4.7328467,-1.4244317,-2.4856453,-3.9173982,-1.4413826
Random786
Raw:2.464405,-19.757706,-2.3970168,-6.838987,-4.1576457,-4.732849,-1.4244324,-2.4856467,-3.917401,-1.4413834
EFT:2.4644036,-19.757696,-2.3970153,-6.838983,-4.157643,-4.7328467,-1.4244317,-2.4856453,-3.9173982,-1.4413826
Random787
Raw:2.4644055,-19.757711,-2.3970172,-6.8389883,-4.1576467,-4.7328506,-1.4244326,-2.4856472,-3.917402,-1.4413836
EFT:2.4644036,-19.757696,-2.3970153,-6.838983,-4.157643,-4.7328467,-1.4244317,-2.4856453,-3.9173982,-1.4413826
Random788
Raw:2.4644032,-19.757692,-2.3970149,-6.838982,-4.1576424,-4.7328463,-1.4244316,-2.4856453,-3.9173977,-1.4413825
EFT:2.4644036,-19.757696,-2.3970153,-6.838983,-4.157643,-4.7328467,-1.4244317,-2.4856453,-3.9173982,-1.4413826
Random789
Raw:2.4644032,-19.757692,-2.3970149,-6.838982,-4.1576424,-4.7328463,-1.4244316,-2.4856453,-3.9173977,-1.4413825
EFT:2.4644036,-19.757696,-2.3970153,-6.838983,-4.157643,-4.7328467,-1.4244317,-2.4856453,-3.9173982,-1.4413826
Random790
Raw:2.4644039,-19.757696,-2.3970156,-6.8389835,-4.1576433,-4.732847,-1.4244318,-2.4856458,-3.9173987,-1.4413828
EFT:2.4644036,-19.757696,-2.3970153,-6.838983,-4.157643,-4.7328467,-1.4244317,-2.4856453,-3.9173982,-1.4413826
Random791
Raw:2.464404,-19.7577,-2.3970158,-6.8389845,-4.157644,-4.7328477,-1.4244319,-2.4856458,-3.9173992,-1.4413829
EFT:2.4644036,-19.757696,-2.3970153,-6.838983,-4.157643,-4.7328467,-1.4244317,-2.4856453,-3.9173982,-1.4413826
Random792
Raw:2.4644043,-19.7577,-2.397016,-6.838985,-4.1576443,-4.732848,-1.424432,-2.4856462,-3.9173996,-1.441383
EFT:2.4644036,-19.757696,-2.3970153,-6.838983,-4.157643,-4.7328467,-1.4244317,-2.4856453,-3.9173982,-1.4413826
Random793
Raw:2.4644039,-19.757698,-2.3970156,-6.838984,-4.157644,-4.732847,-1.4244319,-2.4856458,-3.9173992,-1.4413829
EFT:2.4644036,-19.757696,-2.3970153,-6.838983,-4.157643,-4.7328467,-1.4244317,-2.4856453,-3.9173982,-1.4413826
Random794
Raw:2.4644043,-19.7577,-2.397016,-6.838985,-4.1576443,-4.732848,-1.424432,-2.4856462,-3.9173996,-1.441383
EFT:2.4644036,-19.757696,-2.3970153,-6.838983,-4.157643,-4.7328467,-1.4244317,-2.4856453,-3.9173982,-1.4413826
Random795
Raw:2.4644046,-19.757704,-2.3970165,-6.838986,-4.1576447,-4.7328486,-1.4244323,-2.4856462,-3.9174001,-1.4413831
EFT:2.4644036,-19.757696,-2.3970153,-6.838983,-4.157643,-4.7328467,-1.4244317,-2.4856453,-3.9173982,-1.4413826
Random796
Raw:2.4644032,-19.757692,-2.3970149,-6.838982,-4.1576424,-4.7328463,-1.4244316,-2.4856453,-3.9173977,-1.4413825
EFT:2.4644036,-19.757696,-2.3970153,-6.838983,-4.157643,-4.7328467,-1.4244317,-2.4856453,-3.9173982,-1.4413826
Random797
Raw:2.4644034,-19.757694,-2.397015,-6.8389826,-4.157643,-4.7328463,-1.4244316,-2.4856453,-3.9173982,-1.4413826
EFT:2.4644036,-19.757696,-2.3970153,-6.838983,-4.157643,-4.7328467,-1.4244317,-2.4856453,-3.9173982,-1.4413826
Random798
Raw:2.464405,-19.757706,-2.3970168,-6.838987,-4.1576457,-4.732849,-1.4244324,-2.4856467,-3.917401,-1.4413834
EFT:2.4644036,-19.757696,-2.3970153,-6.838983,-4.157643,-4.7328467,-1.4244317,-2.4856453,-3.9173982,-1.4413826
Random799
Raw:2.4644043,-19.7577,-2.397016,-6.838985,-4.1576443,-4.732848,-1.424432,-2.4856462,-3.9173996,-1.441383
EFT:2.4644036,-19.757696,-2.3970153,-6.838983,-4.157643,-4.7328467,-1.4244317,-2.4856453,-3.9173982,-1.4413826
Random800
Raw:2.4644032,-19.757692,-2.3970149,-6.838982,-4.1576424,-4.7328463,-1.4244316,-2.4856453,-3.9173977,-1.4413825
EFT:2.4644036,-19.757696,-2.3970153,-6.838983,-4.157643,-4.7328467,-1.4244317,-2.4856453,-3.9173982,-1.4413826
Random801
Raw:2.4644012,-19.757679,-2.3970132,-6.8389773,-4.157639,-4.732843,-1.4244306,-2.4856434,-3.9173944,-1.4413817
EFT:2.4644036,-19.757696,-2.3970153,-6.838983,-4.157643,-4.7328467,-1.4244317,-2.4856453,-3.9173982,-1.4413826
Random802
Raw:2.4644046,-19.757702,-2.3970163,-6.8389854,-4.1576447,-4.732848,-1.4244322,-2.4856462,-3.9174001,-1.4413831
EFT:2.4644036,-19.757696,-2.3970153,-6.838983,-4.157643,-4.7328467,-1.4244317,-2.4856453,-3.9173982,-1.4413826
Random803
Raw:2.464402,-19.757685,-2.397014,-6.8389792,-4.1576405,-4.7328444,-1.424431,-2.4856439,-3.9173958,-1.441382
EFT:2.4644036,-19.757696,-2.3970153,-6.838983,-4.157643,-4.7328467,-1.4244317,-2.4856453,-3.9173982,-1.4413826
Random804
Raw:2.4644032,-19.757692,-2.3970149,-6.838982,-4.1576424,-4.7328463,-1.4244316,-2.4856453,-3.9173977,-1.4413825
EFT:2.4644036,-19.757696,-2.3970153,-6.838983,-4.157643,-4.7328467,-1.4244317,-2.4856453,-3.9173982,-1.4413826
Random805
Raw:2.4644036,-19.757696,-2.3970153,-6.838983,-4.157643,-4.7328467,-1.4244317,-2.4856453,-3.9173982,-1.4413826
EFT:2.4644036,-19.757696,-2.3970153,-6.838983,-4.157643,-4.7328467,-1.4244317,-2.4856453,-3.9173982,-1.4413826
Random806
Raw:2.4644048,-19.757706,-2.3970165,-6.8389864,-4.157645,-4.732849,-1.4244323,-2.4856467,-3.9174006,-1.4413832
EFT:2.4644036,-19.757696,-2.3970153,-6.838983,-4.157643,-4.7328467,-1.4244317,-2.4856453,-3.9173982,-1.4413826
Random807
Raw:2.464405,-19.757706,-2.3970168,-6.838987,-4.1576457,-4.732849,-1.4244324,-2.4856467,-3.917401,-1.4413834
EFT:2.4644036,-19.757696,-2.3970153,-6.838983,-4.157643,-4.7328467,-1.4244317,-2.4856453,-3.9173982,-1.4413826
Random808
Raw:2.4644039,-19.757696,-2.3970156,-6.8389835,-4.1576433,-4.732847,-1.4244318,-2.4856458,-3.9173987,-1.4413828
EFT:2.4644036,-19.757696,-2.3970153,-6.838983,-4.157643,-4.7328467,-1.4244317,-2.4856453,-3.9173982,-1.4413826
Random809
Raw:2.4644039,-19.757698,-2.3970156,-6.838984,-4.157644,-4.732847,-1.4244319,-2.4856458,-3.9173992,-1.4413829
EFT:2.4644036,-19.757696,-2.3970153,-6.838983,-4.157643,-4.7328467,-1.4244317,-2.4856453,-3.9173982,-1.4413826
Random810
Raw:2.4644048,-19.757706,-2.3970165,-6.8389864,-4.157645,-4.732849,-1.4244323,-2.4856467,-3.9174006,-1.4413832
EFT:2.4644036,-19.757696,-2.3970153,-6.838983,-4.157643,-4.7328467,-1.4244317,-2.4856453,-3.9173982,-1.4413826
Random811
Raw:2.4644039,-19.757696,-2.3970156,-6.8389835,-4.1576433,-4.732847,-1.4244318,-2.4856458,-3.9173987,-1.4413828
EFT:2.4644036,-19.757696,-2.3970153,-6.838983,-4.157643,-4.7328467,-1.4244317,-2.4856453,-3.9173982,-1.4413826
Random812
Raw:2.4644043,-19.7577,-2.397016,-6.838985,-4.1576443,-4.732848,-1.424432,-2.4856462,-3.9173996,-1.441383
EFT:2.4644036,-19.757696,-2.3970153,-6.838983,-4.157643,-4.7328467,-1.4244317,-2.4856453,-3.9173982,-1.4413826
Random813
Raw:2.4644032,-19.757692,-2.3970149,-6.838982,-4.1576424,-4.7328463,-1.4244316,-2.4856453,-3.9173977,-1.4413825
EFT:2.4644036,-19.757696,-2.3970153,-6.838983,-4.157643,-4.7328467,-1.4244317,-2.4856453,-3.9173982,-1.4413826
Random814
Raw:2.464402,-19.757685,-2.397014,-6.8389792,-4.1576405,-4.7328444,-1.424431,-2.4856439,-3.9173958,-1.441382
EFT:2.4644036,-19.757696,-2.3970153,-6.838983,-4.157643,-4.7328467,-1.4244317,-2.4856453,-3.9173982,-1.4413826
Random815
Raw:2.4644039,-19.757698,-2.3970156,-6.838984,-4.157644,-4.732847,-1.4244319,-2.4856458,-3.9173992,-1.4413829
EFT:2.4644036,-19.757696,-2.3970153,-6.838983,-4.157643,-4.7328467,-1.4244317,-2.4856453,-3.9173982,-1.4413826
Random816
Raw:2.4644034,-19.757694,-2.397015,-6.8389826,-4.157643,-4.7328463,-1.4244316,-2.4856453,-3.9173982,-1.4413826
EFT:2.4644036,-19.757696,-2.3970153,-6.838983,-4.157643,-4.7328467,-1.4244317,-2.4856453,-3.9173982,-1.4413826
Random817
Raw:2.464404,-19.7577,-2.3970158,-6.8389845,-4.157644,-4.7328477,-1.4244319,-2.4856458,-3.9173992,-1.4413829
EFT:2.4644036,-19.757696,-2.3970153,-6.838983,-4.157643,-4.7328467,-1.4244317,-2.4856453,-3.9173982,-1.4413826
Random818
Raw:2.4644039,-19.757696,-2.3970156,-6.8389835,-4.1576433,-4.732847,-1.4244318,-2.4856458,-3.9173987,-1.4413828
EFT:2.4644036,-19.757696,-2.3970153,-6.838983,-4.157643,-4.7328467,-1.4244317,-2.4856453,-3.9173982,-1.4413826
Random819
Raw:2.4644032,-19.757692,-2.3970149,-6.838982,-4.1576424,-4.7328463,-1.4244316,-2.4856453,-3.9173977,-1.4413825
EFT:2.4644036,-19.757696,-2.3970153,-6.838983,-4.157643,-4.7328467,-1.4244317,-2.4856453,-3.9173982,-1.4413826
Random820
Raw:2.4644036,-19.757696,-2.3970153,-6.838983,-4.157643,-4.7328467,-1.4244317,-2.4856453,-3.9173982,-1.4413826
EFT:2.4644036,-19.757696,-2.3970153,-6.838983,-4.157643,-4.7328467,-1.4244317,-2.4856453,-3.9173982,-1.4413826
Random821
Raw:2.4644039,-19.757696,-2.3970156,-6.8389835,-4.1576433,-4.732847,-1.4244318,-2.4856458,-3.9173987,-1.4413828
EFT:2.4644036,-19.757696,-2.3970153,-6.838983,-4.157643,-4.7328467,-1.4244317,-2.4856453,-3.9173982,-1.4413826
Random822
Raw:2.464404,-19.7577,-2.3970158,-6.8389845,-4.157644,-4.7328477,-1.4244319,-2.4856458,-3.9173992,-1.4413829
EFT:2.4644036,-19.757696,-2.3970153,-6.838983,-4.157643,-4.7328467,-1.4244317,-2.4856453,-3.9173982,-1.4413826
Random823
Raw:2.4644032,-19.757692,-2.3970149,-6.838982,-4.1576424,-4.7328463,-1.4244316,-2.4856453,-3.9173977,-1.4413825
EFT:2.4644036,-19.757696,-2.3970153,-6.838983,-4.157643,-4.7328467,-1.4244317,-2.4856453,-3.9173982,-1.4413826
Random824
Raw:2.464404,-19.7577,-2.3970158,-6.8389845,-4.157644,-4.7328477,-1.4244319,-2.4856458,-3.9173992,-1.4413829
EFT:2.4644036,-19.757696,-2.3970153,-6.838983,-4.157643,-4.7328467,-1.4244317,-2.4856453,-3.9173982,-1.4413826
Random825
Raw:2.4644036,-19.757696,-2.3970153,-6.838983,-4.157643,-4.7328467,-1.4244317,-2.4856453,-3.9173982,-1.4413826
EFT:2.4644036,-19.757696,-2.3970153,-6.838983,-4.157643,-4.7328467,-1.4244317,-2.4856453,-3.9173982,-1.4413826
Random826
Raw:2.464403,-19.75769,-2.3970146,-6.838981,-4.157642,-4.7328453,-1.4244313,-2.4856448,-3.9173973,-1.4413824
EFT:2.4644036,-19.757696,-2.3970153,-6.838983,-4.157643,-4.7328467,-1.4244317,-2.4856453,-3.9173982,-1.4413826
Random827
Raw:2.4644036,-19.757696,-2.3970153,-6.838983,-4.157643,-4.7328467,-1.4244317,-2.4856453,-3.9173982,-1.4413826
EFT:2.4644036,-19.757696,-2.3970153,-6.838983,-4.157643,-4.7328467,-1.4244317,-2.4856453,-3.9173982,-1.4413826
Random828
Raw:2.4644036,-19.757696,-2.3970153,-6.838983,-4.157643,-4.7328467,-1.4244317,-2.4856453,-3.9173982,-1.4413826
EFT:2.4644036,-19.757696,-2.3970153,-6.838983,-4.157643,-4.7328467,-1.4244317,-2.4856453,-3.9173982,-1.4413826
Random829
Raw:2.4644046,-19.757702,-2.3970163,-6.8389854,-4.1576447,-4.732848,-1.4244322,-2.4856462,-3.9174001,-1.4413831
EFT:2.4644036,-19.757696,-2.3970153,-6.838983,-4.157643,-4.7328467,-1.4244317,-2.4856453,-3.9173982,-1.4413826
Random830
Raw:2.4644027,-19.757689,-2.3970144,-6.8389807,-4.1576414,-4.7328453,-1.4244313,-2.4856448,-3.9173968,-1.4413823
EFT:2.4644036,-19.757696,-2.3970153,-6.838983,-4.157643,-4.7328467,-1.4244317,-2.4856453,-3.9173982,-1.4413826
Random831
Raw:2.464403,-19.75769,-2.3970149,-6.8389816,-4.157642,-4.732846,-1.4244314,-2.4856448,-3.9173973,-1.4413824
EFT:2.4644036,-19.757696,-2.3970153,-6.838983,-4.157643,-4.7328467,-1.4244317,-2.4856453,-3.9173982,-1.4413826
Random832
Raw:2.4644055,-19.75771,-2.3970172,-6.838988,-4.157646,-4.73285,-1.4244325,-2.4856472,-3.9174016,-1.4413835
EFT:2.4644036,-19.757696,-2.3970153,-6.838983,-4.157643,-4.7328467,-1.4244317,-2.4856453,-3.9173982,-1.4413826
Random833
Raw:2.4644039,-19.757698,-2.3970156,-6.838984,-4.157644,-4.732847,-1.4244319,-2.4856458,-3.9173992,-1.4413829
EFT:2.4644036,-19.757696,-2.3970153,-6.838983,-4.157643,-4.7328467,-1.4244317,-2.4856453,-3.9173982,-1.4413826
Random834
Raw:2.4644043,-19.7577,-2.397016,-6.838985,-4.1576443,-4.732848,-1.424432,-2.4856462,-3.9173996,-1.441383
EFT:2.4644036,-19.757696,-2.3970153,-6.838983,-4.157643,-4.7328467,-1.4244317,-2.4856453,-3.9173982,-1.4413826
Random835
Raw:2.4644048,-19.757706,-2.3970165,-6.8389864,-4.157645,-4.732849,-1.4244323,-2.4856467,-3.9174006,-1.4413832
EFT:2.4644036,-19.757696,-2.3970153,-6.838983,-4.157643,-4.7328467,-1.4244317,-2.4856453,-3.9173982,-1.4413826
Random836
Raw:2.4644027,-19.757689,-2.3970144,-6.8389807,-4.1576414,-4.7328453,-1.4244313,-2.4856448,-3.9173968,-1.4413823
EFT:2.4644036,-19.757696,-2.3970153,-6.838983,-4.157643,-4.7328467,-1.4244317,-2.4856453,-3.9173982,-1.4413826
Random837
Raw:2.4644032,-19.757692,-2.3970149,-6.838982,-4.1576424,-4.7328463,-1.4244316,-2.4856453,-3.9173977,-1.4413825
EFT:2.4644036,-19.757696,-2.3970153,-6.838983,-4.157643,-4.7328467,-1.4244317,-2.4856453,-3.9173982,-1.4413826
Random838
Raw:2.464405,-19.757706,-2.3970168,-6.838987,-4.1576457,-4.732849,-1.4244324,-2.4856467,-3.917401,-1.4413834
EFT:2.4644036,-19.757696,-2.3970153,-6.838983,-4.157643,-4.7328467,-1.4244317,-2.4856453,-3.9173982,-1.4413826
Random839
Raw:2.4644043,-19.7577,-2.397016,-6.838985,-4.1576443,-4.732848,-1.424432,-2.4856462,-3.9173996,-1.441383
EFT:2.4644036,-19.757696,-2.3970153,-6.838983,-4.157643,-4.7328467,-1.4244317,-2.4856453,-3.9173982,-1.4413826
Random840
Raw:2.4644043,-19.7577,-2.397016,-6.838985,-4.1576443,-4.732848,-1.424432,-2.4856462,-3.9173996,-1.441383
EFT:2.4644036,-19.757696,-2.3970153,-6.838983,-4.157643,-4.7328467,-1.4244317,-2.4856453,-3.9173982,-1.4413826
Random841
Raw:2.4644034,-19.757694,-2.397015,-6.8389826,-4.157643,-4.7328463,-1.4244316,-2.4856453,-3.9173982,-1.4413826
EFT:2.4644036,-19.757696,-2.3970153,-6.838983,-4.157643,-4.7328467,-1.4244317,-2.4856453,-3.9173982,-1.4413826
Random842
Raw:2.464403,-19.75769,-2.3970149,-6.8389816,-4.157642,-4.732846,-1.4244314,-2.4856448,-3.9173973,-1.4413824
EFT:2.4644036,-19.757696,-2.3970153,-6.838983,-4.157643,-4.7328467,-1.4244317,-2.4856453,-3.9173982,-1.4413826
Random843
Raw:2.4644046,-19.757704,-2.3970165,-6.838986,-4.1576447,-4.7328486,-1.4244323,-2.4856462,-3.9174001,-1.4413831
EFT:2.4644036,-19.757696,-2.3970153,-6.838983,-4.157643,-4.7328467,-1.4244317,-2.4856453,-3.9173982,-1.4413826
Random844
Raw:2.4644043,-19.7577,-2.397016,-6.838985,-4.1576443,-4.732848,-1.424432,-2.4856462,-3.9173996,-1.441383
EFT:2.4644036,-19.757696,-2.3970153,-6.838983,-4.157643,-4.7328467,-1.4244317,-2.4856453,-3.9173982,-1.4413826
Random845
Raw:2.4644039,-19.757698,-2.3970156,-6.838984,-4.157644,-4.732847,-1.4244319,-2.4856458,-3.9173992,-1.4413829
EFT:2.4644036,-19.757696,-2.3970153,-6.838983,-4.157643,-4.7328467,-1.4244317,-2.4856453,-3.9173982,-1.4413826
Random846
Raw:2.4644036,-19.757696,-2.3970153,-6.838983,-4.157643,-4.7328467,-1.4244317,-2.4856453,-3.9173982,-1.4413826
EFT:2.4644036,-19.757696,-2.3970153,-6.838983,-4.157643,-4.7328467,-1.4244317,-2.4856453,-3.9173982,-1.4413826
Random847
Raw:2.4644039,-19.757696,-2.3970156,-6.8389835,-4.1576433,-4.732847,-1.4244318,-2.4856458,-3.9173987,-1.4413828
EFT:2.4644036,-19.757696,-2.3970153,-6.838983,-4.157643,-4.7328467,-1.4244317,-2.4856453,-3.9173982,-1.4413826
Random848
Raw:2.4644027,-19.757689,-2.3970144,-6.8389807,-4.1576414,-4.7328453,-1.4244313,-2.4856448,-3.9173968,-1.4413823
EFT:2.4644036,-19.757696,-2.3970153,-6.838983,-4.157643,-4.7328467,-1.4244317,-2.4856453,-3.9173982,-1.4413826
Random849
Raw:2.464403,-19.75769,-2.3970146,-6.838981,-4.157642,-4.7328453,-1.4244313,-2.4856448,-3.9173973,-1.4413824
EFT:2.4644036,-19.757696,-2.3970153,-6.838983,-4.157643,-4.7328467,-1.4244317,-2.4856453,-3.9173982,-1.4413826
Random850
Raw:2.4644046,-19.757704,-2.3970165,-6.838986,-4.1576447,-4.7328486,-1.4244323,-2.4856462,-3.9174001,-1.4413831
EFT:2.4644036,-19.757696,-2.3970153,-6.838983,-4.157643,-4.7328467,-1.4244317,-2.4856453,-3.9173982,-1.4413826
Random851
Raw:2.4644032,-19.757692,-2.3970149,-6.838982,-4.1576424,-4.7328463,-1.4244316,-2.4856453,-3.9173977,-1.4413825
EFT:2.4644036,-19.757696,-2.3970153,-6.838983,-4.157643,-4.7328467,-1.4244317,-2.4856453,-3.9173982,-1.4413826
Random852
Raw:2.464403,-19.75769,-2.3970146,-6.838981,-4.157642,-4.7328453,-1.4244313,-2.4856448,-3.9173973,-1.4413824
EFT:2.4644036,-19.757696,-2.3970153,-6.838983,-4.157643,-4.7328467,-1.4244317,-2.4856453,-3.9173982,-1.4413826
Random853
Raw:2.464405,-19.757706,-2.3970168,-6.838987,-4.1576457,-4.732849,-1.4244324,-2.4856467,-3.917401,-1.4413834
EFT:2.4644036,-19.757696,-2.3970153,-6.838983,-4.157643,-4.7328467,-1.4244317,-2.4856453,-3.9173982,-1.4413826
Random854
Raw:2.464404,-19.7577,-2.3970158,-6.8389845,-4.157644,-4.7328477,-1.4244319,-2.4856458,-3.9173992,-1.4413829
EFT:2.4644036,-19.757696,-2.3970153,-6.838983,-4.157643,-4.7328467,-1.4244317,-2.4856453,-3.9173982,-1.4413826
Random855
Raw:2.464404,-19.7577,-2.3970158,-6.8389845,-4.157644,-4.7328477,-1.4244319,-2.4856458,-3.9173992,-1.4413829
EFT:2.4644036,-19.757696,-2.3970153,-6.838983,-4.157643,-4.7328467,-1.4244317,-2.4856453,-3.9173982,-1.4413826
Random856
Raw:2.4644055,-19.757711,-2.3970172,-6.8389883,-4.1576467,-4.7328506,-1.4244326,-2.4856472,-3.917402,-1.4413836
EFT:2.4644036,-19.757696,-2.3970153,-6.838983,-4.157643,-4.7328467,-1.4244317,-2.4856453,-3.9173982,-1.4413826
Random857
Raw:2.4644032,-19.757692,-2.3970149,-6.838982,-4.1576424,-4.7328463,-1.4244316,-2.4856453,-3.9173977,-1.4413825
EFT:2.4644036,-19.757696,-2.3970153,-6.838983,-4.157643,-4.7328467,-1.4244317,-2.4856453,-3.9173982,-1.4413826
Random858
Raw:2.4644039,-19.757698,-2.3970156,-6.838984,-4.157644,-4.732847,-1.4244319,-2.4856458,-3.9173992,-1.4413829
EFT:2.4644036,-19.757696,-2.3970153,-6.838983,-4.157643,-4.7328467,-1.4244317,-2.4856453,-3.9173982,-1.4413826
Random859
Raw:2.464405,-19.757706,-2.3970168,-6.838987,-4.1576457,-4.732849,-1.4244324,-2.4856467,-3.917401,-1.4413834
EFT:2.4644036,-19.757696,-2.3970153,-6.838983,-4.157643,-4.7328467,-1.4244317,-2.4856453,-3.9173982,-1.4413826
Random860
Raw:2.4644039,-19.757696,-2.3970156,-6.8389835,-4.1576433,-4.732847,-1.4244318,-2.4856458,-3.9173987,-1.4413828
EFT:2.4644036,-19.757696,-2.3970153,-6.838983,-4.157643,-4.7328467,-1.4244317,-2.4856453,-3.9173982,-1.4413826
Random861
Raw:2.464403,-19.75769,-2.3970146,-6.838981,-4.157642,-4.7328453,-1.4244313,-2.4856448,-3.9173973,-1.4413824
EFT:2.4644036,-19.757696,-2.3970153,-6.838983,-4.157643,-4.7328467,-1.4244317,-2.4856453,-3.9173982,-1.4413826
Random862
Raw:2.4644039,-19.757696,-2.3970156,-6.8389835,-4.1576433,-4.732847,-1.4244318,-2.4856458,-3.9173987,-1.4413828
EFT:2.4644036,-19.757696,-2.3970153,-6.838983,-4.157643,-4.7328467,-1.4244317,-2.4856453,-3.9173982,-1.4413826
Random863
Raw:2.4644027,-19.757689,-2.3970144,-6.8389807,-4.1576414,-4.7328453,-1.4244313,-2.4856448,-3.9173968,-1.4413823
EFT:2.4644036,-19.757696,-2.3970153,-6.838983,-4.157643,-4.7328467,-1.4244317,-2.4856453,-3.9173982,-1.4413826
Random864
Raw:2.4644046,-19.757702,-2.3970163,-6.8389854,-4.1576447,-4.732848,-1.4244322,-2.4856462,-3.9174001,-1.4413831
EFT:2.4644036,-19.757696,-2.3970153,-6.838983,-4.157643,-4.7328467,-1.4244317,-2.4856453,-3.9173982,-1.4413826
Random865
Raw:2.4644039,-19.757696,-2.3970156,-6.8389835,-4.1576433,-4.732847,-1.4244318,-2.4856458,-3.9173987,-1.4413828
EFT:2.4644036,-19.757696,-2.3970153,-6.838983,-4.157643,-4.7328467,-1.4244317,-2.4856453,-3.9173982,-1.4413826
Random866
Raw:2.4644027,-19.757689,-2.3970144,-6.8389807,-4.1576414,-4.7328453,-1.4244313,-2.4856448,-3.9173968,-1.4413823
EFT:2.4644036,-19.757696,-2.3970153,-6.838983,-4.157643,-4.7328467,-1.4244317,-2.4856453,-3.9173982,-1.4413826
Random867
Raw:2.4644043,-19.7577,-2.397016,-6.838985,-4.1576443,-4.732848,-1.424432,-2.4856462,-3.9173996,-1.441383
EFT:2.4644036,-19.757696,-2.3970153,-6.838983,-4.157643,-4.7328467,-1.4244317,-2.4856453,-3.9173982,-1.4413826
Random868
Raw:2.4644043,-19.7577,-2.397016,-6.838985,-4.1576443,-4.732848,-1.424432,-2.4856462,-3.9173996,-1.441383
EFT:2.4644036,-19.757696,-2.3970153,-6.838983,-4.157643,-4.7328467,-1.4244317,-2.4856453,-3.9173982,-1.4413826
Random869
Raw:2.464404,-19.7577,-2.3970158,-6.8389845,-4.157644,-4.7328477,-1.4244319,-2.4856458,-3.9173992,-1.4413829
EFT:2.4644036,-19.757696,-2.3970153,-6.838983,-4.157643,-4.7328467,-1.4244317,-2.4856453,-3.9173982,-1.4413826
Random870
Raw:2.4644036,-19.757696,-2.3970153,-6.838983,-4.157643,-4.7328467,-1.4244317,-2.4856453,-3.9173982,-1.4413826
EFT:2.4644036,-19.757696,-2.3970153,-6.838983,-4.157643,-4.7328467,-1.4244317,-2.4856453,-3.9173982,-1.4413826
Random871
Raw:2.4644039,-19.757698,-2.3970156,-6.838984,-4.157644,-4.732847,-1.4244319,-2.4856458,-3.9173992,-1.4413829
EFT:2.4644036,-19.757696,-2.3970153,-6.838983,-4.157643,-4.7328467,-1.4244317,-2.4856453,-3.9173982,-1.4413826
Random872
Raw:2.4644048,-19.757706,-2.3970165,-6.8389864,-4.157645,-4.732849,-1.4244323,-2.4856467,-3.9174006,-1.4413832
EFT:2.4644036,-19.757696,-2.3970153,-6.838983,-4.157643,-4.7328467,-1.4244317,-2.4856453,-3.9173982,-1.4413826
Random873
Raw:2.4644043,-19.7577,-2.397016,-6.838985,-4.1576443,-4.732848,-1.424432,-2.4856462,-3.9173996,-1.441383
EFT:2.4644036,-19.757696,-2.3970153,-6.838983,-4.157643,-4.7328467,-1.4244317,-2.4856453,-3.9173982,-1.4413826
Random874
Raw:2.4644046,-19.757704,-2.3970165,-6.838986,-4.1576447,-4.7328486,-1.4244323,-2.4856462,-3.9174001,-1.4413831
EFT:2.4644036,-19.757696,-2.3970153,-6.838983,-4.157643,-4.7328467,-1.4244317,-2.4856453,-3.9173982,-1.4413826
Random875
Raw:2.4644039,-19.757696,-2.3970156,-6.8389835,-4.1576433,-4.732847,-1.4244318,-2.4856458,-3.9173987,-1.4413828
EFT:2.4644036,-19.757696,-2.3970153,-6.838983,-4.157643,-4.7328467,-1.4244317,-2.4856453,-3.9173982,-1.4413826
Random876
Raw:2.4644039,-19.757698,-2.3970156,-6.838984,-4.157644,-4.732847,-1.4244319,-2.4856458,-3.9173992,-1.4413829
EFT:2.4644036,-19.757696,-2.3970153,-6.838983,-4.157643,-4.7328467,-1.4244317,-2.4856453,-3.9173982,-1.4413826
Random877
Raw:2.4644036,-19.757696,-2.3970153,-6.838983,-4.157643,-4.7328467,-1.4244317,-2.4856453,-3.9173982,-1.4413826
EFT:2.4644036,-19.757696,-2.3970153,-6.838983,-4.157643,-4.7328467,-1.4244317,-2.4856453,-3.9173982,-1.4413826
Random878
Raw:2.4644039,-19.757698,-2.3970156,-6.838984,-4.157644,-4.732847,-1.4244319,-2.4856458,-3.9173992,-1.4413829
EFT:2.4644036,-19.757696,-2.3970153,-6.838983,-4.157643,-4.7328467,-1.4244317,-2.4856453,-3.9173982,-1.4413826
Random879
Raw:2.4644046,-19.757702,-2.3970163,-6.8389854,-4.1576447,-4.732848,-1.4244322,-2.4856462,-3.9174001,-1.4413831
EFT:2.4644036,-19.757696,-2.3970153,-6.838983,-4.157643,-4.7328467,-1.4244317,-2.4856453,-3.9173982,-1.4413826
Random880
Raw:2.4644043,-19.7577,-2.397016,-6.838985,-4.1576443,-4.732848,-1.424432,-2.4856462,-3.9173996,-1.441383
EFT:2.4644036,-19.757696,-2.3970153,-6.838983,-4.157643,-4.7328467,-1.4244317,-2.4856453,-3.9173982,-1.4413826
Random881
Raw:2.4644039,-19.757698,-2.3970156,-6.838984,-4.157644,-4.732847,-1.4244319,-2.4856458,-3.9173992,-1.4413829
EFT:2.4644036,-19.757696,-2.3970153,-6.838983,-4.157643,-4.7328467,-1.4244317,-2.4856453,-3.9173982,-1.4413826
Random882
Raw:2.464404,-19.7577,-2.3970158,-6.8389845,-4.157644,-4.7328477,-1.4244319,-2.4856458,-3.9173992,-1.4413829
EFT:2.4644036,-19.757696,-2.3970153,-6.838983,-4.157643,-4.7328467,-1.4244317,-2.4856453,-3.9173982,-1.4413826
Random883
Raw:2.4644039,-19.757698,-2.3970156,-6.838984,-4.157644,-4.732847,-1.4244319,-2.4856458,-3.9173992,-1.4413829
EFT:2.4644036,-19.757696,-2.3970153,-6.838983,-4.157643,-4.7328467,-1.4244317,-2.4856453,-3.9173982,-1.4413826
Random884
Raw:2.4644055,-19.757711,-2.3970172,-6.8389883,-4.1576467,-4.7328506,-1.4244326,-2.4856472,-3.917402,-1.4413836
EFT:2.4644036,-19.757696,-2.3970153,-6.838983,-4.157643,-4.7328467,-1.4244317,-2.4856453,-3.9173982,-1.4413826
Random885
Raw:2.4644046,-19.757702,-2.3970163,-6.8389854,-4.1576447,-4.732848,-1.4244322,-2.4856462,-3.9174001,-1.4413831
EFT:2.4644036,-19.757696,-2.3970153,-6.838983,-4.157643,-4.7328467,-1.4244317,-2.4856453,-3.9173982,-1.4413826
Random886
Raw:2.4644046,-19.757704,-2.3970165,-6.838986,-4.1576447,-4.7328486,-1.4244323,-2.4856462,-3.9174001,-1.4413831
EFT:2.4644036,-19.757696,-2.3970153,-6.838983,-4.157643,-4.7328467,-1.4244317,-2.4856453,-3.9173982,-1.4413826
Random887
Raw:2.4644063,-19.757715,-2.397018,-6.8389897,-4.1576476,-4.7328515,-1.4244329,-2.4856477,-3.917403,-1.4413838
EFT:2.4644036,-19.757696,-2.3970153,-6.838983,-4.157643,-4.7328467,-1.4244317,-2.4856453,-3.9173982,-1.4413826
Random888
Raw:2.464402,-19.757685,-2.397014,-6.8389792,-4.1576405,-4.7328444,-1.424431,-2.4856439,-3.9173958,-1.441382
EFT:2.4644036,-19.757696,-2.3970153,-6.838983,-4.157643,-4.7328467,-1.4244317,-2.4856453,-3.9173982,-1.4413826
Random889
Raw:2.4644036,-19.757696,-2.3970153,-6.838983,-4.157643,-4.7328467,-1.4244317,-2.4856453,-3.9173982,-1.4413826
EFT:2.4644036,-19.757696,-2.3970153,-6.838983,-4.157643,-4.7328467,-1.4244317,-2.4856453,-3.9173982,-1.4413826
Random890
Raw:2.4644046,-19.757704,-2.3970165,-6.838986,-4.1576447,-4.7328486,-1.4244323,-2.4856462,-3.9174001,-1.4413831
EFT:2.4644036,-19.757696,-2.3970153,-6.838983,-4.157643,-4.7328467,-1.4244317,-2.4856453,-3.9173982,-1.4413826
Random891
Raw:2.464403,-19.75769,-2.3970146,-6.838981,-4.157642,-4.7328453,-1.4244313,-2.4856448,-3.9173973,-1.4413824
EFT:2.4644036,-19.757696,-2.3970153,-6.838983,-4.157643,-4.7328467,-1.4244317,-2.4856453,-3.9173982,-1.4413826
Random892
Raw:2.4644046,-19.757704,-2.3970165,-6.838986,-4.1576447,-4.7328486,-1.4244323,-2.4856462,-3.9174001,-1.4413831
EFT:2.4644036,-19.757696,-2.3970153,-6.838983,-4.157643,-4.7328467,-1.4244317,-2.4856453,-3.9173982,-1.4413826
Random893
Raw:2.4644043,-19.7577,-2.397016,-6.838985,-4.1576443,-4.732848,-1.424432,-2.4856462,-3.9173996,-1.441383
EFT:2.4644036,-19.757696,-2.3970153,-6.838983,-4.157643,-4.7328467,-1.4244317,-2.4856453,-3.9173982,-1.4413826
Random894
Raw:2.4644032,-19.757692,-2.3970149,-6.838982,-4.1576424,-4.7328463,-1.4244316,-2.4856453,-3.9173977,-1.4413825
EFT:2.4644036,-19.757696,-2.3970153,-6.838983,-4.157643,-4.7328467,-1.4244317,-2.4856453,-3.9173982,-1.4413826
Random895
Raw:2.464404,-19.7577,-2.3970158,-6.8389845,-4.157644,-4.7328477,-1.4244319,-2.4856458,-3.9173992,-1.4413829
EFT:2.4644036,-19.757696,-2.3970153,-6.838983,-4.157643,-4.7328467,-1.4244317,-2.4856453,-3.9173982,-1.4413826
Random896
Raw:2.464403,-19.75769,-2.3970149,-6.8389816,-4.157642,-4.732846,-1.4244314,-2.4856448,-3.9173973,-1.4413824
EFT:2.4644036,-19.757696,-2.3970153,-6.838983,-4.157643,-4.7328467,-1.4244317,-2.4856453,-3.9173982,-1.4413826
Random897
Raw:2.4644046,-19.757704,-2.3970165,-6.838986,-4.1576447,-4.7328486,-1.4244323,-2.4856462,-3.9174001,-1.4413831
EFT:2.4644036,-19.757696,-2.3970153,-6.838983,-4.157643,-4.7328467,-1.4244317,-2.4856453,-3.9173982,-1.4413826
Random898
Raw:2.4644046,-19.757704,-2.3970165,-6.838986,-4.1576447,-4.7328486,-1.4244323,-2.4856462,-3.9174001,-1.4413831
EFT:2.4644036,-19.757696,-2.3970153,-6.838983,-4.157643,-4.7328467,-1.4244317,-2.4856453,-3.9173982,-1.4413826
Random899
Raw:2.464405,-19.757706,-2.3970168,-6.838987,-4.1576457,-4.732849,-1.4244324,-2.4856467,-3.917401,-1.4413834
EFT:2.4644036,-19.757696,-2.3970153,-6.838983,-4.157643,-4.7328467,-1.4244317,-2.4856453,-3.9173982,-1.4413826
Random900
Raw:2.464402,-19.757685,-2.397014,-6.8389792,-4.1576405,-4.7328444,-1.424431,-2.4856439,-3.9173958,-1.441382
EFT:2.4644036,-19.757696,-2.3970153,-6.838983,-4.157643,-4.7328467,-1.4244317,-2.4856453,-3.9173982,-1.4413826
Random901
Raw:2.464403,-19.75769,-2.3970146,-6.838981,-4.157642,-4.7328453,-1.4244313,-2.4856448,-3.9173973,-1.4413824
EFT:2.4644036,-19.757696,-2.3970153,-6.838983,-4.157643,-4.7328467,-1.4244317,-2.4856453,-3.9173982,-1.4413826
Random902
Raw:2.4644043,-19.7577,-2.397016,-6.838985,-4.1576443,-4.732848,-1.424432,-2.4856462,-3.9173996,-1.441383
EFT:2.4644036,-19.757696,-2.3970153,-6.838983,-4.157643,-4.7328467,-1.4244317,-2.4856453,-3.9173982,-1.4413826
Random903
Raw:2.4644043,-19.7577,-2.397016,-6.838985,-4.1576443,-4.732848,-1.424432,-2.4856462,-3.9173996,-1.441383
EFT:2.4644036,-19.757696,-2.3970153,-6.838983,-4.157643,-4.7328467,-1.4244317,-2.4856453,-3.9173982,-1.4413826
Random904
Raw:2.4644036,-19.757696,-2.3970153,-6.838983,-4.157643,-4.7328467,-1.4244317,-2.4856453,-3.9173982,-1.4413826
EFT:2.4644036,-19.757696,-2.3970153,-6.838983,-4.157643,-4.7328467,-1.4244317,-2.4856453,-3.9173982,-1.4413826
Random905
Raw:2.4644039,-19.757698,-2.3970156,-6.838984,-4.157644,-4.732847,-1.4244319,-2.4856458,-3.9173992,-1.4413829
EFT:2.4644036,-19.757696,-2.3970153,-6.838983,-4.157643,-4.7328467,-1.4244317,-2.4856453,-3.9173982,-1.4413826
Random906
Raw:2.4644039,-19.757698,-2.3970156,-6.838984,-4.157644,-4.732847,-1.4244319,-2.4856458,-3.9173992,-1.4413829
EFT:2.4644036,-19.757696,-2.3970153,-6.838983,-4.157643,-4.7328467,-1.4244317,-2.4856453,-3.9173982,-1.4413826
Random907
Raw:2.4644046,-19.757704,-2.3970165,-6.838986,-4.1576447,-4.7328486,-1.4244323,-2.4856462,-3.9174001,-1.4413831
EFT:2.4644036,-19.757696,-2.3970153,-6.838983,-4.157643,-4.7328467,-1.4244317,-2.4856453,-3.9173982,-1.4413826
Random908
Raw:2.464403,-19.75769,-2.3970149,-6.8389816,-4.157642,-4.732846,-1.4244314,-2.4856448,-3.9173973,-1.4413824
EFT:2.4644036,-19.757696,-2.3970153,-6.838983,-4.157643,-4.7328467,-1.4244317,-2.4856453,-3.9173982,-1.4413826
Random909
Raw:2.4644039,-19.757698,-2.3970156,-6.838984,-4.157644,-4.732847,-1.4244319,-2.4856458,-3.9173992,-1.4413829
EFT:2.4644036,-19.757696,-2.3970153,-6.838983,-4.157643,-4.7328467,-1.4244317,-2.4856453,-3.9173982,-1.4413826
Random910
Raw:2.4644017,-19.75768,-2.3970134,-6.8389783,-4.15764,-4.7328434,-1.4244308,-2.4856439,-3.9173954,-1.4413819
EFT:2.4644036,-19.757696,-2.3970153,-6.838983,-4.157643,-4.7328467,-1.4244317,-2.4856453,-3.9173982,-1.4413826
Random911
Raw:2.4644036,-19.757696,-2.3970153,-6.838983,-4.157643,-4.7328467,-1.4244317,-2.4856453,-3.9173982,-1.4413826
EFT:2.4644036,-19.757696,-2.3970153,-6.838983,-4.157643,-4.7328467,-1.4244317,-2.4856453,-3.9173982,-1.4413826
Random912
Raw:2.4644039,-19.757698,-2.3970156,-6.838984,-4.157644,-4.732847,-1.4244319,-2.4856458,-3.9173992,-1.4413829
EFT:2.4644036,-19.757696,-2.3970153,-6.838983,-4.157643,-4.7328467,-1.4244317,-2.4856453,-3.9173982,-1.4413826
Random913
Raw:2.4644022,-19.757685,-2.3970141,-6.8389797,-4.157641,-4.7328444,-1.4244311,-2.4856443,-3.9173963,-1.4413822
EFT:2.4644036,-19.757696,-2.3970153,-6.838983,-4.157643,-4.7328467,-1.4244317,-2.4856453,-3.9173982,-1.4413826
Random914
Raw:2.4644032,-19.757692,-2.3970149,-6.838982,-4.1576424,-4.7328463,-1.4244316,-2.4856453,-3.9173977,-1.4413825
EFT:2.4644036,-19.757696,-2.3970153,-6.838983,-4.157643,-4.7328467,-1.4244317,-2.4856453,-3.9173982,-1.4413826
Random915
Raw:2.4644039,-19.757698,-2.3970156,-6.838984,-4.157644,-4.732847,-1.4244319,-2.4856458,-3.9173992,-1.4413829
EFT:2.4644036,-19.757696,-2.3970153,-6.838983,-4.157643,-4.7328467,-1.4244317,-2.4856453,-3.9173982,-1.4413826
Random916
Raw:2.4644039,-19.757698,-2.3970156,-6.838984,-4.157644,-4.732847,-1.4244319,-2.4856458,-3.9173992,-1.4413829
EFT:2.4644036,-19.757696,-2.3970153,-6.838983,-4.157643,-4.7328467,-1.4244317,-2.4856453,-3.9173982,-1.4413826
Random917
Raw:2.464405,-19.757706,-2.3970168,-6.838987,-4.1576457,-4.732849,-1.4244324,-2.4856467,-3.917401,-1.4413834
EFT:2.4644036,-19.757696,-2.3970153,-6.838983,-4.157643,-4.7328467,-1.4244317,-2.4856453,-3.9173982,-1.4413826
Random918
Raw:2.4644039,-19.757698,-2.3970156,-6.838984,-4.157644,-4.732847,-1.4244319,-2.4856458,-3.9173992,-1.4413829
EFT:2.4644036,-19.757696,-2.3970153,-6.838983,-4.157643,-4.7328467,-1.4244317,-2.4856453,-3.9173982,-1.4413826
Random919
Raw:2.4644034,-19.757694,-2.397015,-6.8389826,-4.157643,-4.7328463,-1.4244316,-2.4856453,-3.9173982,-1.4413826
EFT:2.4644036,-19.757696,-2.3970153,-6.838983,-4.157643,-4.7328467,-1.4244317,-2.4856453,-3.9173982,-1.4413826
Random920
Raw:2.4644036,-19.757696,-2.3970153,-6.838983,-4.157643,-4.7328467,-1.4244317,-2.4856453,-3.9173982,-1.4413826
EFT:2.4644036,-19.757696,-2.3970153,-6.838983,-4.157643,-4.7328467,-1.4244317,-2.4856453,-3.9173982,-1.4413826
Random921
Raw:2.4644039,-19.757696,-2.3970156,-6.8389835,-4.1576433,-4.732847,-1.4244318,-2.4856458,-3.9173987,-1.4413828
EFT:2.4644036,-19.757696,-2.3970153,-6.838983,-4.157643,-4.7328467,-1.4244317,-2.4856453,-3.9173982,-1.4413826
Random922
Raw:2.4644043,-19.7577,-2.397016,-6.838985,-4.1576443,-4.732848,-1.424432,-2.4856462,-3.9173996,-1.441383
EFT:2.4644036,-19.757696,-2.3970153,-6.838983,-4.157643,-4.7328467,-1.4244317,-2.4856453,-3.9173982,-1.4413826
Random923
Raw:2.464405,-19.757706,-2.3970168,-6.838987,-4.1576457,-4.732849,-1.4244324,-2.4856467,-3.917401,-1.4413834
EFT:2.4644036,-19.757696,-2.3970153,-6.838983,-4.157643,-4.7328467,-1.4244317,-2.4856453,-3.9173982,-1.4413826
Random924
Raw:2.4644036,-19.757696,-2.3970153,-6.838983,-4.157643,-4.7328467,-1.4244317,-2.4856453,-3.9173982,-1.4413826
EFT:2.4644036,-19.757696,-2.3970153,-6.838983,-4.157643,-4.7328467,-1.4244317,-2.4856453,-3.9173982,-1.4413826
Random925
Raw:2.464403,-19.75769,-2.3970146,-6.838981,-4.157642,-4.7328453,-1.4244313,-2.4856448,-3.9173973,-1.4413824
EFT:2.4644036,-19.757696,-2.3970153,-6.838983,-4.157643,-4.7328467,-1.4244317,-2.4856453,-3.9173982,-1.4413826
Random926
Raw:2.4644046,-19.757704,-2.3970165,-6.838986,-4.1576447,-4.7328486,-1.4244323,-2.4856462,-3.9174001,-1.4413831
EFT:2.4644036,-19.757696,-2.3970153,-6.838983,-4.157643,-4.7328467,-1.4244317,-2.4856453,-3.9173982,-1.4413826
Random927
Raw:2.464404,-19.7577,-2.3970158,-6.8389845,-4.157644,-4.7328477,-1.4244319,-2.4856458,-3.9173992,-1.4413829
EFT:2.4644036,-19.757696,-2.3970153,-6.838983,-4.157643,-4.7328467,-1.4244317,-2.4856453,-3.9173982,-1.4413826
Random928
Raw:2.4644032,-19.757692,-2.3970149,-6.838982,-4.1576424,-4.7328463,-1.4244316,-2.4856453,-3.9173977,-1.4413825
EFT:2.4644036,-19.757696,-2.3970153,-6.838983,-4.157643,-4.7328467,-1.4244317,-2.4856453,-3.9173982,-1.4413826
Random929
Raw:2.464404,-19.7577,-2.3970158,-6.8389845,-4.157644,-4.7328477,-1.4244319,-2.4856458,-3.9173992,-1.4413829
EFT:2.4644036,-19.757696,-2.3970153,-6.838983,-4.157643,-4.7328467,-1.4244317,-2.4856453,-3.9173982,-1.4413826
Random930
Raw:2.4644039,-19.757698,-2.3970156,-6.838984,-4.157644,-4.732847,-1.4244319,-2.4856458,-3.9173992,-1.4413829
EFT:2.4644036,-19.757696,-2.3970153,-6.838983,-4.157643,-4.7328467,-1.4244317,-2.4856453,-3.9173982,-1.4413826
Random931
Raw:2.464404,-19.7577,-2.3970158,-6.8389845,-4.157644,-4.7328477,-1.4244319,-2.4856458,-3.9173992,-1.4413829
EFT:2.4644036,-19.757696,-2.3970153,-6.838983,-4.157643,-4.7328467,-1.4244317,-2.4856453,-3.9173982,-1.4413826
Random932
Raw:2.4644034,-19.757694,-2.397015,-6.8389826,-4.157643,-4.7328463,-1.4244316,-2.4856453,-3.9173982,-1.4413826
EFT:2.4644036,-19.757696,-2.3970153,-6.838983,-4.157643,-4.7328467,-1.4244317,-2.4856453,-3.9173982,-1.4413826
Random933
Raw:2.4644048,-19.757706,-2.3970165,-6.8389864,-4.157645,-4.732849,-1.4244323,-2.4856467,-3.9174006,-1.4413832
EFT:2.4644036,-19.757696,-2.3970153,-6.838983,-4.157643,-4.7328467,-1.4244317,-2.4856453,-3.9173982,-1.4413826
Random934
Raw:2.4644043,-19.7577,-2.397016,-6.838985,-4.1576443,-4.732848,-1.424432,-2.4856462,-3.9173996,-1.441383
EFT:2.4644036,-19.757696,-2.3970153,-6.838983,-4.157643,-4.7328467,-1.4244317,-2.4856453,-3.9173982,-1.4413826
Random935
Raw:2.4644046,-19.757704,-2.3970165,-6.838986,-4.1576447,-4.7328486,-1.4244323,-2.4856462,-3.9174001,-1.4413831
EFT:2.4644036,-19.757696,-2.3970153,-6.838983,-4.157643,-4.7328467,-1.4244317,-2.4856453,-3.9173982,-1.4413826
Random936
Raw:2.464405,-19.757706,-2.3970168,-6.838987,-4.1576457,-4.732849,-1.4244324,-2.4856467,-3.917401,-1.4413834
EFT:2.4644036,-19.757696,-2.3970153,-6.838983,-4.157643,-4.7328467,-1.4244317,-2.4856453,-3.9173982,-1.4413826
Random937
Raw:2.4644039,-19.757698,-2.3970156,-6.838984,-4.157644,-4.732847,-1.4244319,-2.4856458,-3.9173992,-1.4413829
EFT:2.4644036,-19.757696,-2.3970153,-6.838983,-4.157643,-4.7328467,-1.4244317,-2.4856453,-3.9173982,-1.4413826
Random938
Raw:2.4644055,-19.75771,-2.3970172,-6.838988,-4.157646,-4.73285,-1.4244325,-2.4856472,-3.9174016,-1.4413835
EFT:2.4644036,-19.757696,-2.3970153,-6.838983,-4.157643,-4.7328467,-1.4244317,-2.4856453,-3.9173982,-1.4413826
Random939
Raw:2.4644046,-19.757704,-2.3970165,-6.838986,-4.1576447,-4.7328486,-1.4244323,-2.4856462,-3.9174001,-1.4413831
EFT:2.4644036,-19.757696,-2.3970153,-6.838983,-4.157643,-4.7328467,-1.4244317,-2.4856453,-3.9173982,-1.4413826
Random940
Raw:2.4644055,-19.75771,-2.3970172,-6.838988,-4.157646,-4.73285,-1.4244325,-2.4856472,-3.9174016,-1.4413835
EFT:2.4644036,-19.757696,-2.3970153,-6.838983,-4.157643,-4.7328467,-1.4244317,-2.4856453,-3.9173982,-1.4413826
Random941
Raw:2.4644032,-19.757692,-2.3970149,-6.838982,-4.1576424,-4.7328463,-1.4244316,-2.4856453,-3.9173977,-1.4413825
EFT:2.4644036,-19.757696,-2.3970153,-6.838983,-4.157643,-4.7328467,-1.4244317,-2.4856453,-3.9173982,-1.4413826
Random942
Raw:2.4644055,-19.75771,-2.3970172,-6.838988,-4.157646,-4.73285,-1.4244325,-2.4856472,-3.9174016,-1.4413835
EFT:2.4644036,-19.757696,-2.3970153,-6.838983,-4.157643,-4.7328467,-1.4244317,-2.4856453,-3.9173982,-1.4413826
Random943
Raw:2.464402,-19.757685,-2.397014,-6.8389792,-4.1576405,-4.7328444,-1.424431,-2.4856439,-3.9173958,-1.441382
EFT:2.4644036,-19.757696,-2.3970153,-6.838983,-4.157643,-4.7328467,-1.4244317,-2.4856453,-3.9173982,-1.4413826
Random944
Raw:2.4644039,-19.757698,-2.3970156,-6.838984,-4.157644,-4.732847,-1.4244319,-2.4856458,-3.9173992,-1.4413829
EFT:2.4644036,-19.757696,-2.3970153,-6.838983,-4.157643,-4.7328467,-1.4244317,-2.4856453,-3.9173982,-1.4413826
Random945
Raw:2.4644032,-19.757692,-2.3970149,-6.838982,-4.1576424,-4.7328463,-1.4244316,-2.4856453,-3.9173977,-1.4413825
EFT:2.4644036,-19.757696,-2.3970153,-6.838983,-4.157643,-4.7328467,-1.4244317,-2.4856453,-3.9173982,-1.4413826
Random946
Raw:2.4644034,-19.757694,-2.397015,-6.8389826,-4.157643,-4.7328463,-1.4244316,-2.4856453,-3.9173982,-1.4413826
EFT:2.4644036,-19.757696,-2.3970153,-6.838983,-4.157643,-4.7328467,-1.4244317,-2.4856453,-3.9173982,-1.4413826
Random947
Raw:2.4644039,-19.757696,-2.3970156,-6.8389835,-4.1576433,-4.732847,-1.4244318,-2.4856458,-3.9173987,-1.4413828
EFT:2.4644036,-19.757696,-2.3970153,-6.838983,-4.157643,-4.7328467,-1.4244317,-2.4856453,-3.9173982,-1.4413826
Random948
Raw:2.4644036,-19.757696,-2.3970153,-6.838983,-4.157643,-4.7328467,-1.4244317,-2.4856453,-3.9173982,-1.4413826
EFT:2.4644036,-19.757696,-2.3970153,-6.838983,-4.157643,-4.7328467,-1.4244317,-2.4856453,-3.9173982,-1.4413826
Random949
Raw:2.4644046,-19.757704,-2.3970165,-6.838986,-4.1576447,-4.7328486,-1.4244323,-2.4856462,-3.9174001,-1.4413831
EFT:2.4644036,-19.757696,-2.3970153,-6.838983,-4.157643,-4.7328467,-1.4244317,-2.4856453,-3.9173982,-1.4413826
Random950
Raw:2.4644048,-19.757706,-2.3970165,-6.8389864,-4.157645,-4.732849,-1.4244323,-2.4856467,-3.9174006,-1.4413832
EFT:2.4644036,-19.757696,-2.3970153,-6.838983,-4.157643,-4.7328467,-1.4244317,-2.4856453,-3.9173982,-1.4413826
Random951
Raw:2.4644046,-19.757704,-2.3970165,-6.838986,-4.1576447,-4.7328486,-1.4244323,-2.4856462,-3.9174001,-1.4413831
EFT:2.4644036,-19.757696,-2.3970153,-6.838983,-4.157643,-4.7328467,-1.4244317,-2.4856453,-3.9173982,-1.4413826
Random952
Raw:2.464402,-19.757685,-2.397014,-6.8389792,-4.1576405,-4.7328444,-1.424431,-2.4856439,-3.9173958,-1.441382
EFT:2.4644036,-19.757696,-2.3970153,-6.838983,-4.157643,-4.7328467,-1.4244317,-2.4856453,-3.9173982,-1.4413826
Random953
Raw:2.464403,-19.75769,-2.3970149,-6.8389816,-4.157642,-4.732846,-1.4244314,-2.4856448,-3.9173973,-1.4413824
EFT:2.4644036,-19.757696,-2.3970153,-6.838983,-4.157643,-4.7328467,-1.4244317,-2.4856453,-3.9173982,-1.4413826
Random954
Raw:2.4644048,-19.757706,-2.3970165,-6.8389864,-4.157645,-4.732849,-1.4244323,-2.4856467,-3.9174006,-1.4413832
EFT:2.4644036,-19.757696,-2.3970153,-6.838983,-4.157643,-4.7328467,-1.4244317,-2.4856453,-3.9173982,-1.4413826
Random955
Raw:2.4644036,-19.757696,-2.3970153,-6.838983,-4.157643,-4.7328467,-1.4244317,-2.4856453,-3.9173982,-1.4413826
EFT:2.4644036,-19.757696,-2.3970153,-6.838983,-4.157643,-4.7328467,-1.4244317,-2.4856453,-3.9173982,-1.4413826
Random956
Raw:2.4644039,-19.757696,-2.3970156,-6.8389835,-4.1576433,-4.732847,-1.4244318,-2.4856458,-3.9173987,-1.4413828
EFT:2.4644036,-19.757696,-2.3970153,-6.838983,-4.157643,-4.7328467,-1.4244317,-2.4856453,-3.9173982,-1.4413826
Random957
Raw:2.4644043,-19.7577,-2.397016,-6.838985,-4.1576443,-4.732848,-1.424432,-2.4856462,-3.9173996,-1.441383
EFT:2.4644036,-19.757696,-2.3970153,-6.838983,-4.157643,-4.7328467,-1.4244317,-2.4856453,-3.9173982,-1.4413826
Random958
Raw:2.464405,-19.757706,-2.3970168,-6.838987,-4.1576457,-4.732849,-1.4244324,-2.4856467,-3.917401,-1.4413834
EFT:2.4644036,-19.757696,-2.3970153,-6.838983,-4.157643,-4.7328467,-1.4244317,-2.4856453,-3.9173982,-1.4413826
Random959
Raw:2.4644046,-19.757702,-2.3970163,-6.8389854,-4.1576447,-4.732848,-1.4244322,-2.4856462,-3.9174001,-1.4413831
EFT:2.4644036,-19.757696,-2.3970153,-6.838983,-4.157643,-4.7328467,-1.4244317,-2.4856453,-3.9173982,-1.4413826
Random960
Raw:2.4644015,-19.757679,-2.3970132,-6.838978,-4.1576395,-4.7328434,-1.4244307,-2.4856434,-3.9173949,-1.4413818
EFT:2.4644036,-19.757696,-2.3970153,-6.838983,-4.157643,-4.7328467,-1.4244317,-2.4856453,-3.9173982,-1.4413826
Random961
Raw:2.4644046,-19.757704,-2.3970165,-6.838986,-4.1576447,-4.7328486,-1.4244323,-2.4856462,-3.9174001,-1.4413831
EFT:2.4644036,-19.757696,-2.3970153,-6.838983,-4.157643,-4.7328467,-1.4244317,-2.4856453,-3.9173982,-1.4413826
Random962
Raw:2.4644046,-19.757702,-2.3970163,-6.8389854,-4.1576447,-4.732848,-1.4244322,-2.4856462,-3.9174001,-1.4413831
EFT:2.4644036,-19.757696,-2.3970153,-6.838983,-4.157643,-4.7328467,-1.4244317,-2.4856453,-3.9173982,-1.4413826
Random963
Raw:2.4644046,-19.757704,-2.3970165,-6.838986,-4.1576447,-4.7328486,-1.4244323,-2.4856462,-3.9174001,-1.4413831
EFT:2.4644036,-19.757696,-2.3970153,-6.838983,-4.157643,-4.7328467,-1.4244317,-2.4856453,-3.9173982,-1.4413826
Random964
Raw:2.4644046,-19.757702,-2.3970163,-6.8389854,-4.1576447,-4.732848,-1.4244322,-2.4856462,-3.9174001,-1.4413831
EFT:2.4644036,-19.757696,-2.3970153,-6.838983,-4.157643,-4.7328467,-1.4244317,-2.4856453,-3.9173982,-1.4413826
Random965
Raw:2.4644034,-19.757694,-2.397015,-6.8389826,-4.157643,-4.7328463,-1.4244316,-2.4856453,-3.9173982,-1.4413826
EFT:2.4644036,-19.757696,-2.3970153,-6.838983,-4.157643,-4.7328467,-1.4244317,-2.4856453,-3.9173982,-1.4413826
Random966
Raw:2.464403,-19.75769,-2.3970149,-6.8389816,-4.157642,-4.732846,-1.4244314,-2.4856448,-3.9173973,-1.4413824
EFT:2.4644036,-19.757696,-2.3970153,-6.838983,-4.157643,-4.7328467,-1.4244317,-2.4856453,-3.9173982,-1.4413826
Random967
Raw:2.4644034,-19.757694,-2.397015,-6.8389826,-4.157643,-4.7328463,-1.4244316,-2.4856453,-3.9173982,-1.4413826
EFT:2.4644036,-19.757696,-2.3970153,-6.838983,-4.157643,-4.7328467,-1.4244317,-2.4856453,-3.9173982,-1.4413826
Random968
Raw:2.4644046,-19.757704,-2.3970165,-6.838986,-4.1576447,-4.7328486,-1.4244323,-2.4856462,-3.9174001,-1.4413831
EFT:2.4644036,-19.757696,-2.3970153,-6.838983,-4.157643,-4.7328467,-1.4244317,-2.4856453,-3.9173982,-1.4413826
Random969
Raw:2.4644048,-19.757706,-2.3970165,-6.8389864,-4.157645,-4.732849,-1.4244323,-2.4856467,-3.9174006,-1.4413832
EFT:2.4644036,-19.757696,-2.3970153,-6.838983,-4.157643,-4.7328467,-1.4244317,-2.4856453,-3.9173982,-1.4413826
Random970
Raw:2.4644036,-19.757696,-2.3970153,-6.838983,-4.157643,-4.7328467,-1.4244317,-2.4856453,-3.9173982,-1.4413826
EFT:2.4644036,-19.757696,-2.3970153,-6.838983,-4.157643,-4.7328467,-1.4244317,-2.4856453,-3.9173982,-1.4413826
Random971
Raw:2.4644048,-19.757706,-2.3970165,-6.8389864,-4.157645,-4.732849,-1.4244323,-2.4856467,-3.9174006,-1.4413832
EFT:2.4644036,-19.757696,-2.3970153,-6.838983,-4.157643,-4.7328467,-1.4244317,-2.4856453,-3.9173982,-1.4413826
Random972
Raw:2.4644036,-19.757696,-2.3970153,-6.838983,-4.157643,-4.7328467,-1.4244317,-2.4856453,-3.9173982,-1.4413826
EFT:2.4644036,-19.757696,-2.3970153,-6.838983,-4.157643,-4.7328467,-1.4244317,-2.4856453,-3.9173982,-1.4413826
Random973
Raw:2.4644027,-19.757689,-2.3970144,-6.8389807,-4.1576414,-4.7328453,-1.4244313,-2.4856448,-3.9173968,-1.4413823
EFT:2.4644036,-19.757696,-2.3970153,-6.838983,-4.157643,-4.7328467,-1.4244317,-2.4856453,-3.9173982,-1.4413826
Random974
Raw:2.4644036,-19.757696,-2.3970153,-6.838983,-4.157643,-4.7328467,-1.4244317,-2.4856453,-3.9173982,-1.4413826
EFT:2.4644036,-19.757696,-2.3970153,-6.838983,-4.157643,-4.7328467,-1.4244317,-2.4856453,-3.9173982,-1.4413826
Random975
Raw:2.4644034,-19.757694,-2.397015,-6.8389826,-4.157643,-4.7328463,-1.4244316,-2.4856453,-3.9173982,-1.4413826
EFT:2.4644036,-19.757696,-2.3970153,-6.838983,-4.157643,-4.7328467,-1.4244317,-2.4856453,-3.9173982,-1.4413826
Random976
Raw:2.464404,-19.7577,-2.3970158,-6.8389845,-4.157644,-4.7328477,-1.4244319,-2.4856458,-3.9173992,-1.4413829
EFT:2.4644036,-19.757696,-2.3970153,-6.838983,-4.157643,-4.7328467,-1.4244317,-2.4856453,-3.9173982,-1.4413826
Random977
Raw:2.464403,-19.75769,-2.3970149,-6.8389816,-4.157642,-4.732846,-1.4244314,-2.4856448,-3.9173973,-1.4413824
EFT:2.4644036,-19.757696,-2.3970153,-6.838983,-4.157643,-4.7328467,-1.4244317,-2.4856453,-3.9173982,-1.4413826
Random978
Raw:2.4644053,-19.757708,-2.397017,-6.8389874,-4.1576457,-4.7328496,-1.4244325,-2.4856467,-3.9174016,-1.4413834
EFT:2.4644036,-19.757696,-2.3970153,-6.838983,-4.157643,-4.7328467,-1.4244317,-2.4856453,-3.9173982,-1.4413826
Random979
Raw:2.4644027,-19.757689,-2.3970144,-6.8389807,-4.1576414,-4.7328453,-1.4244313,-2.4856448,-3.9173968,-1.4413823
EFT:2.4644036,-19.757696,-2.3970153,-6.838983,-4.157643,-4.7328467,-1.4244317,-2.4856453,-3.9173982,-1.4413826
Random980
Raw:2.4644017,-19.75768,-2.3970134,-6.8389783,-4.15764,-4.7328434,-1.4244308,-2.4856439,-3.9173954,-1.4413819
EFT:2.4644036,-19.757696,-2.3970153,-6.838983,-4.157643,-4.7328467,-1.4244317,-2.4856453,-3.9173982,-1.4413826
Random981
Raw:2.464403,-19.75769,-2.3970146,-6.838981,-4.157642,-4.7328453,-1.4244313,-2.4856448,-3.9173973,-1.4413824
EFT:2.4644036,-19.757696,-2.3970153,-6.838983,-4.157643,-4.7328467,-1.4244317,-2.4856453,-3.9173982,-1.4413826
Random982
Raw:2.4644036,-19.757696,-2.3970153,-6.838983,-4.157643,-4.7328467,-1.4244317,-2.4856453,-3.9173982,-1.4413826
EFT:2.4644036,-19.757696,-2.3970153,-6.838983,-4.157643,-4.7328467,-1.4244317,-2.4856453,-3.9173982,-1.4413826
Random983
Raw:2.464404,-19.7577,-2.3970158,-6.8389845,-4.157644,-4.7328477,-1.4244319,-2.4856458,-3.9173992,-1.4413829
EFT:2.4644036,-19.757696,-2.3970153,-6.838983,-4.157643,-4.7328467,-1.4244317,-2.4856453,-3.9173982,-1.4413826
Random984
Raw:2.4644055,-19.75771,-2.3970172,-6.838988,-4.157646,-4.73285,-1.4244325,-2.4856472,-3.9174016,-1.4413835
EFT:2.4644036,-19.757696,-2.3970153,-6.838983,-4.157643,-4.7328467,-1.4244317,-2.4856453,-3.9173982,-1.4413826
Random985
Raw:2.464403,-19.75769,-2.3970146,-6.838981,-4.157642,-4.7328453,-1.4244313,-2.4856448,-3.9173973,-1.4413824
EFT:2.4644036,-19.757696,-2.3970153,-6.838983,-4.157643,-4.7328467,-1.4244317,-2.4856453,-3.9173982,-1.4413826
Random986
Raw:2.4644039,-19.757696,-2.3970156,-6.8389835,-4.1576433,-4.732847,-1.4244318,-2.4856458,-3.9173987,-1.4413828
EFT:2.4644036,-19.757696,-2.3970153,-6.838983,-4.157643,-4.7328467,-1.4244317,-2.4856453,-3.9173982,-1.4413826
Random987
Raw:2.4644036,-19.757696,-2.3970153,-6.838983,-4.157643,-4.7328467,-1.4244317,-2.4856453,-3.9173982,-1.4413826
EFT:2.4644036,-19.757696,-2.3970153,-6.838983,-4.157643,-4.7328467,-1.4244317,-2.4856453,-3.9173982,-1.4413826
Random988
Raw:2.4644043,-19.7577,-2.397016,-6.838985,-4.1576443,-4.732848,-1.424432,-2.4856462,-3.9173996,-1.441383
EFT:2.4644036,-19.757696,-2.3970153,-6.838983,-4.157643,-4.7328467,-1.4244317,-2.4856453,-3.9173982,-1.4413826
Random989
Raw:2.4644032,-19.757692,-2.3970149,-6.838982,-4.1576424,-4.7328463,-1.4244316,-2.4856453,-3.9173977,-1.4413825
EFT:2.4644036,-19.757696,-2.3970153,-6.838983,-4.157643,-4.7328467,-1.4244317,-2.4856453,-3.9173982,-1.4413826
Random990
Raw:2.4644017,-19.75768,-2.3970134,-6.8389783,-4.15764,-4.7328434,-1.4244308,-2.4856439,-3.9173954,-1.4413819
EFT:2.4644036,-19.757696,-2.3970153,-6.838983,-4.157643,-4.7328467,-1.4244317,-2.4856453,-3.9173982,-1.4413826
Random991
Raw:2.4644053,-19.757708,-2.397017,-6.8389874,-4.1576457,-4.7328496,-1.4244325,-2.4856467,-3.9174016,-1.4413834
EFT:2.4644036,-19.757696,-2.3970153,-6.838983,-4.157643,-4.7328467,-1.4244317,-2.4856453,-3.9173982,-1.4413826
Random992
Raw:2.4644043,-19.7577,-2.397016,-6.838985,-4.1576443,-4.732848,-1.424432,-2.4856462,-3.9173996,-1.441383
EFT:2.4644036,-19.757696,-2.3970153,-6.838983,-4.157643,-4.7328467,-1.4244317,-2.4856453,-3.9173982,-1.4413826
Random993
Raw:2.4644039,-19.757698,-2.3970156,-6.838984,-4.157644,-4.732847,-1.4244319,-2.4856458,-3.9173992,-1.4413829
EFT:2.4644036,-19.757696,-2.3970153,-6.838983,-4.157643,-4.7328467,-1.4244317,-2.4856453,-3.9173982,-1.4413826
Random994
Raw:2.4644046,-19.757704,-2.3970165,-6.838986,-4.1576447,-4.7328486,-1.4244323,-2.4856462,-3.9174001,-1.4413831
EFT:2.4644036,-19.757696,-2.3970153,-6.838983,-4.157643,-4.7328467,-1.4244317,-2.4856453,-3.9173982,-1.4413826
Random995
Raw:2.464403,-19.75769,-2.3970146,-6.838981,-4.157642,-4.7328453,-1.4244313,-2.4856448,-3.9173973,-1.4413824
EFT:2.4644036,-19.757696,-2.3970153,-6.838983,-4.157643,-4.7328467,-1.4244317,-2.4856453,-3.9173982,-1.4413826
Random996
Raw:2.4644022,-19.757685,-2.3970141,-6.8389797,-4.157641,-4.7328444,-1.4244311,-2.4856443,-3.9173963,-1.4413822
EFT:2.4644036,-19.757696,-2.3970153,-6.838983,-4.157643,-4.7328467,-1.4244317,-2.4856453,-3.9173982,-1.4413826
Random997
Raw:2.4644027,-19.757689,-2.3970144,-6.8389807,-4.1576414,-4.7328453,-1.4244313,-2.4856448,-3.9173968,-1.4413823
EFT:2.4644036,-19.757696,-2.3970153,-6.838983,-4.157643,-4.7328467,-1.4244317,-2.4856453,-3.9173982,-1.4413826
Random998
Raw:2.4644046,-19.757704,-2.3970165,-6.838986,-4.1576447,-4.7328486,-1.4244323,-2.4856462,-3.9174001,-1.4413831
EFT:2.4644036,-19.757696,-2.3970153,-6.838983,-4.157643,-4.7328467,-1.4244317,-2.4856453,-3.9173982,-1.4413826
Random999
Raw:2.4644039,-19.757696,-2.3970156,-6.8389835,-4.1576433,-4.732847,-1.4244318,-2.4856458,-3.9173987,-1.4413828
EFT:2.4644036,-19.757696,-2.3970153,-6.838983,-4.157643,-4.7328467,-1.4244317,-2.4856453,-3.9173982,-1.4413826
Random1000
Raw:2.464403,-19.75769,-2.3970146,-6.838981,-4.157642,-4.7328453,-1.4244313,-2.4856448,-3.9173973,-1.4413824
EFT:2.4644036,-19.757696,-2.3970153,-6.838983,-4.157643,-4.7328467,-1.4244317,-2.4856453,-3.9173982,-1.4413826
