Original
-7.188674075784875,4.06762400742978,-3.217323589846268,-15.608188890140212,22.181034728074085,-2.3224262907812485,-7.751351722429438,2.0147202056113036,-7.194092797199359,2.816049393101695
Ascend
-7.188674075784878,4.0676240074297825,-3.2173235898462704,-15.60818889014021,22.181034728074092,-2.322426290781247,-7.7513517224294395,2.0147202056113076,-7.19409279719936,2.8160493931016934
Descend
-7.188674075784877,4.067624007429786,-3.21732358984627,-15.608188890140214,22.181034728074092,-2.3224262907812494,-7.751351722429441,2.0147202056113103,-7.194092797199362,2.8160493931016943
Random1
Raw:-7.188674075784876,4.0676240074297825,-3.217323589846268,-15.608188890140214,22.181034728074092,-2.3224262907812516,-7.75135172242944,2.014720205611309,-7.194092797199364,2.816049393101694
EFT:-7.188674075784877,4.067624007429783,-3.21732358984627,-15.608188890140214,22.18103472807409,-2.322426290781248,-7.75135172242944,2.014720205611307,-7.194092797199361,2.8160493931016934
Random2
Raw:-7.188674075784878,4.067624007429784,-3.2173235898462686,-15.608188890140212,22.181034728074085,-2.3224262907812485,-7.751351722429444,2.014720205611308,-7.194092797199364,2.8160493931016988
EFT:-7.188674075784877,4.067624007429783,-3.2173235898462695,-15.608188890140214,22.18103472807409,-2.322426290781248,-7.75135172242944,2.0147202056113076,-7.194092797199361,2.8160493931016934
Random3
Raw:-7.188674075784876,4.067624007429784,-3.217323589846268,-15.608188890140214,22.181034728074092,-2.3224262907812485,-7.751351722429441,2.014720205611309,-7.194092797199359,2.8160493931016948
EFT:-7.188674075784877,4.067624007429783,-3.2173235898462695,-15.608188890140214,22.18103472807409,-2.322426290781248,-7.7513517224294395,2.0147202056113076,-7.194092797199361,2.8160493931016934
Random4
Raw:-7.188674075784873,4.0676240074297825,-3.2173235898462695,-15.608188890140209,22.181034728074092,-2.3224262907812494,-7.751351722429442,2.0147202056113067,-7.194092797199359,2.816049393101697
EFT:-7.188674075784877,4.067624007429783,-3.2173235898462695,-15.608188890140214,22.18103472807409,-2.322426290781248,-7.75135172242944,2.0147202056113076,-7.194092797199361,2.8160493931016934
Random5
Raw:-7.188674075784878,4.0676240074297825,-3.2173235898462678,-15.60818889014021,22.18103472807409,-2.3224262907812463,-7.751351722429444,2.014720205611307,-7.19409279719936,2.816049393101694
EFT:-7.188674075784877,4.067624007429783,-3.21732358984627,-15.608188890140214,22.18103472807409,-2.322426290781248,-7.75135172242944,2.0147202056113076,-7.194092797199361,2.8160493931016934
Random6
Raw:-7.18867407578488,4.0676240074297825,-3.2173235898462686,-15.608188890140209,22.181034728074092,-2.3224262907812467,-7.751351722429439,2.014720205611305,-7.194092797199364,2.8160493931016903
EFT:-7.188674075784877,4.067624007429783,-3.21732358984627,-15.608188890140214,22.18103472807409,-2.322426290781248,-7.75135172242944,2.014720205611307,-7.194092797199361,2.8160493931016934
Random7
Raw:-7.1886740757848795,4.067624007429784,-3.217323589846269,-15.608188890140214,22.181034728074092,-2.3224262907812476,-7.751351722429444,2.014720205611307,-7.194092797199361,2.8160493931016926
EFT:-7.188674075784877,4.067624007429783,-3.2173235898462695,-15.608188890140214,22.18103472807409,-2.322426290781248,-7.75135172242944,2.014720205611307,-7.194092797199361,2.8160493931016934
Random8
Raw:-7.1886740757848795,4.067624007429788,-3.217323589846268,-15.608188890140214,22.181034728074092,-2.3224262907812467,-7.7513517224294395,2.014720205611308,-7.194092797199365,2.816049393101694
EFT:-7.188674075784877,4.067624007429783,-3.2173235898462695,-15.608188890140214,22.18103472807409,-2.322426290781248,-7.75135172242944,2.0147202056113076,-7.194092797199361,2.8160493931016934
Random9
Raw:-7.188674075784874,4.067624007429788,-3.217323589846268,-15.608188890140214,22.181034728074092,-2.3224262907812503,-7.751351722429438,2.01472020561131,-7.194092797199362,2.816049393101691
EFT:-7.188674075784877,4.067624007429783,-3.2173235898462695,-15.608188890140214,22.18103472807409,-2.322426290781248,-7.75135172242944,2.014720205611307,-7.194092797199361,2.8160493931016934
Random10
Raw:-7.188674075784878,4.067624007429784,-3.2173235898462664,-15.608188890140212,22.181034728074092,-2.32242629078125,-7.751351722429443,2.01472020561131,-7.194092797199364,2.8160493931016957
EFT:-7.188674075784877,4.067624007429783,-3.2173235898462695,-15.608188890140214,22.18103472807409,-2.322426290781248,-7.75135172242944,2.014720205611307,-7.194092797199361,2.8160493931016934
Random11
Raw:-7.188674075784874,4.067624007429782,-3.2173235898462655,-15.608188890140212,22.181034728074092,-2.322426290781249,-7.75135172242944,2.0147202056113023,-7.194092797199362,2.8160493931016926
EFT:-7.188674075784877,4.067624007429783,-3.2173235898462695,-15.608188890140214,22.18103472807409,-2.322426290781248,-7.75135172242944,2.0147202056113076,-7.194092797199361,2.8160493931016934
Random12
Raw:-7.188674075784874,4.067624007429787,-3.217323589846268,-15.608188890140214,22.181034728074096,-2.3224262907812503,-7.751351722429445,2.0147202056113094,-7.194092797199367,2.816049393101697
EFT:-7.188674075784877,4.067624007429783,-3.2173235898462695,-15.608188890140214,22.18103472807409,-2.322426290781248,-7.75135172242944,2.0147202056113076,-7.194092797199361,2.8160493931016934
Random13
Raw:-7.188674075784874,4.0676240074297825,-3.217323589846268,-15.608188890140214,22.18103472807409,-2.322426290781248,-7.751351722429441,2.014720205611306,-7.19409279719936,2.8160493931016943
EFT:-7.188674075784877,4.067624007429783,-3.21732358984627,-15.608188890140214,22.18103472807409,-2.322426290781248,-7.75135172242944,2.014720205611307,-7.194092797199361,2.8160493931016934
Random14
Raw:-7.188674075784881,4.067624007429785,-3.2173235898462673,-15.60818889014021,22.181034728074092,-2.3224262907812476,-7.751351722429441,2.0147202056113094,-7.194092797199365,2.8160493931016948
EFT:-7.188674075784877,4.067624007429783,-3.21732358984627,-15.608188890140214,22.18103472807409,-2.322426290781248,-7.75135172242944,2.014720205611307,-7.194092797199361,2.8160493931016934
Random15
Raw:-7.188674075784878,4.067624007429784,-3.2173235898462673,-15.60818889014021,22.181034728074092,-2.322426290781248,-7.75135172242944,2.0147202056113076,-7.194092797199366,2.816049393101695
EFT:-7.188674075784877,4.067624007429783,-3.217323589846269,-15.608188890140214,22.18103472807409,-2.322426290781248,-7.7513517224294395,2.0147202056113076,-7.194092797199361,2.8160493931016934
Random16
Raw:-7.188674075784874,4.067624007429783,-3.217323589846268,-15.608188890140212,22.18103472807409,-2.3224262907812494,-7.751351722429439,2.0147202056113094,-7.194092797199362,2.816049393101695
EFT:-7.188674075784877,4.067624007429783,-3.21732358984627,-15.608188890140214,22.18103472807409,-2.322426290781248,-7.75135172242944,2.0147202056113076,-7.194092797199361,2.8160493931016934
Random17
Raw:-7.188674075784879,4.067624007429783,-3.217323589846268,-15.60818889014021,22.181034728074092,-2.322426290781244,-7.751351722429441,2.014720205611306,-7.194092797199363,2.8160493931016957
EFT:-7.188674075784877,4.067624007429783,-3.21732358984627,-15.608188890140214,22.18103472807409,-2.322426290781248,-7.75135172242944,2.014720205611307,-7.194092797199361,2.8160493931016934
Random18
Raw:-7.188674075784876,4.067624007429784,-3.2173235898462673,-15.608188890140216,22.181034728074092,-2.3224262907812476,-7.751351722429443,2.014720205611311,-7.194092797199365,2.8160493931016926
EFT:-7.188674075784877,4.067624007429783,-3.2173235898462695,-15.608188890140214,22.18103472807409,-2.322426290781248,-7.75135172242944,2.0147202056113076,-7.194092797199361,2.8160493931016934
Random19
Raw:-7.188674075784875,4.0676240074297825,-3.21732358984627,-15.60818889014021,22.181034728074092,-2.3224262907812485,-7.751351722429442,2.0147202056113107,-7.194092797199365,2.816049393101696
EFT:-7.188674075784877,4.067624007429783,-3.217323589846269,-15.608188890140214,22.18103472807409,-2.322426290781248,-7.7513517224294395,2.0147202056113076,-7.194092797199361,2.8160493931016934
Random20
Raw:-7.188674075784876,4.0676240074297825,-3.2173235898462704,-15.608188890140214,22.18103472807409,-2.3224262907812485,-7.751351722429447,2.014720205611309,-7.194092797199363,2.816049393101695
EFT:-7.188674075784877,4.067624007429783,-3.2173235898462695,-15.608188890140214,22.18103472807409,-2.322426290781248,-7.75135172242944,2.0147202056113076,-7.194092797199361,2.8160493931016934
Random21
Raw:-7.188674075784874,4.067624007429784,-3.21732358984627,-15.60818889014021,22.18103472807409,-2.3224262907812494,-7.75135172242944,2.0147202056113094,-7.19409279719936,2.8160493931016912
EFT:-7.188674075784877,4.067624007429783,-3.2173235898462695,-15.608188890140214,22.18103472807409,-2.322426290781248,-7.75135172242944,2.0147202056113076,-7.194092797199361,2.8160493931016934
Random22
Raw:-7.188674075784878,4.067624007429785,-3.21732358984627,-15.608188890140214,22.1810347280741,-2.3224262907812467,-7.751351722429442,2.0147202056113107,-7.194092797199363,2.816049393101694
EFT:-7.188674075784877,4.067624007429783,-3.2173235898462695,-15.608188890140214,22.18103472807409,-2.322426290781248,-7.7513517224294395,2.0147202056113076,-7.194092797199361,2.8160493931016934
Random23
Raw:-7.188674075784879,4.067624007429782,-3.2173235898462647,-15.608188890140209,22.18103472807409,-2.3224262907812454,-7.751351722429436,2.0147202056113067,-7.194092797199363,2.816049393101693
EFT:-7.188674075784877,4.067624007429783,-3.2173235898462695,-15.608188890140214,22.18103472807409,-2.322426290781248,-7.75135172242944,2.0147202056113076,-7.194092797199361,2.8160493931016934
Random24
Raw:-7.188674075784876,4.067624007429784,-3.2173235898462695,-15.608188890140209,22.18103472807409,-2.322426290781246,-7.751351722429443,2.0147202056113067,-7.194092797199362,2.8160493931016943
EFT:-7.188674075784877,4.067624007429783,-3.2173235898462695,-15.608188890140214,22.18103472807409,-2.322426290781248,-7.75135172242944,2.0147202056113076,-7.194092797199361,2.8160493931016934
Random25
Raw:-7.188674075784877,4.067624007429783,-3.2173235898462678,-15.608188890140214,22.18103472807409,-2.322426290781244,-7.751351722429436,2.0147202056113094,-7.19409279719936,2.8160493931016966
EFT:-7.188674075784877,4.067624007429783,-3.2173235898462695,-15.608188890140214,22.18103472807409,-2.322426290781248,-7.75135172242944,2.0147202056113076,-7.194092797199361,2.8160493931016934
Random26
Raw:-7.1886740757848795,4.067624007429781,-3.217323589846271,-15.608188890140218,22.181034728074092,-2.322426290781246,-7.751351722429442,2.0147202056113054,-7.194092797199361,2.816049393101695
EFT:-7.188674075784877,4.067624007429783,-3.217323589846269,-15.608188890140214,22.18103472807409,-2.322426290781248,-7.7513517224294395,2.0147202056113076,-7.194092797199361,2.8160493931016934
Random27
Raw:-7.188674075784879,4.067624007429787,-3.217323589846272,-15.608188890140218,22.181034728074096,-2.3224262907812476,-7.751351722429445,2.014720205611308,-7.194092797199369,2.8160493931016926
EFT:-7.188674075784877,4.067624007429783,-3.2173235898462695,-15.608188890140214,22.18103472807409,-2.322426290781248,-7.75135172242944,2.014720205611307,-7.194092797199361,2.8160493931016934
Random28
Raw:-7.188674075784877,4.067624007429784,-3.21732358984627,-15.60818889014022,22.181034728074085,-2.3224262907812463,-7.751351722429442,2.0147202056113103,-7.19409279719936,2.8160493931016948
EFT:-7.188674075784877,4.067624007429783,-3.217323589846269,-15.608188890140214,22.18103472807409,-2.322426290781248,-7.7513517224294395,2.0147202056113076,-7.194092797199361,2.8160493931016934
Random29
Raw:-7.1886740757848715,4.067624007429785,-3.2173235898462686,-15.608188890140218,22.181034728074092,-2.322426290781247,-7.751351722429443,2.0147202056113067,-7.194092797199362,2.8160493931016943
EFT:-7.188674075784877,4.067624007429783,-3.2173235898462695,-15.608188890140214,22.18103472807409,-2.322426290781248,-7.75135172242944,2.0147202056113076,-7.194092797199361,2.8160493931016934
Random30
Raw:-7.188674075784878,4.067624007429782,-3.2173235898462704,-15.60818889014021,22.18103472807409,-2.322426290781246,-7.751351722429443,2.0147202056113054,-7.194092797199359,2.816049393101698
EFT:-7.188674075784877,4.067624007429783,-3.2173235898462695,-15.608188890140214,22.18103472807409,-2.322426290781248,-7.7513517224294395,2.0147202056113076,-7.194092797199361,2.8160493931016934
Random31
Raw:-7.188674075784877,4.067624007429783,-3.217323589846269,-15.60818889014021,22.18103472807409,-2.322426290781248,-7.75135172242944,2.0147202056113076,-7.194092797199362,2.816049393101695
EFT:-7.188674075784877,4.067624007429783,-3.2173235898462695,-15.608188890140214,22.18103472807409,-2.322426290781248,-7.75135172242944,2.014720205611307,-7.194092797199361,2.8160493931016934
Random32
Raw:-7.188674075784872,4.067624007429782,-3.2173235898462686,-15.608188890140216,22.181034728074092,-2.3224262907812445,-7.751351722429439,2.014720205611306,-7.194092797199363,2.8160493931016926
EFT:-7.188674075784877,4.067624007429783,-3.2173235898462695,-15.608188890140214,22.18103472807409,-2.322426290781248,-7.75135172242944,2.0147202056113076,-7.194092797199361,2.8160493931016934
Random33
Raw:-7.188674075784876,4.0676240074297825,-3.21732358984627,-15.608188890140212,22.181034728074085,-2.322426290781246,-7.751351722429441,2.0147202056113107,-7.194092797199359,2.8160493931016957
EFT:-7.188674075784877,4.067624007429783,-3.21732358984627,-15.608188890140214,22.18103472807409,-2.322426290781248,-7.75135172242944,2.0147202056113076,-7.194092797199361,2.8160493931016934
Random34
Raw:-7.188674075784875,4.067624007429784,-3.2173235898462664,-15.60818889014021,22.181034728074085,-2.32242629078125,-7.751351722429444,2.0147202056113085,-7.19409279719936,2.816049393101694
EFT:-7.188674075784877,4.067624007429783,-3.21732358984627,-15.608188890140214,22.18103472807409,-2.322426290781248,-7.75135172242944,2.0147202056113076,-7.194092797199361,2.8160493931016934
Random35
Raw:-7.188674075784877,4.067624007429783,-3.217323589846269,-15.608188890140209,22.18103472807409,-2.3224262907812454,-7.751351722429442,2.0147202056113076,-7.194092797199361,2.816049393101697
EFT:-7.188674075784877,4.067624007429783,-3.2173235898462695,-15.608188890140214,22.18103472807409,-2.322426290781248,-7.75135172242944,2.014720205611307,-7.194092797199361,2.8160493931016934
Random36
Raw:-7.188674075784877,4.067624007429782,-3.217323589846269,-15.608188890140212,22.18103472807409,-2.322426290781245,-7.751351722429434,2.014720205611305,-7.19409279719936,2.816049393101692
EFT:-7.188674075784877,4.067624007429783,-3.2173235898462695,-15.608188890140214,22.18103472807409,-2.322426290781248,-7.75135172242944,2.0147202056113076,-7.194092797199361,2.8160493931016934
Random37
Raw:-7.188674075784878,4.067624007429786,-3.2173235898462673,-15.608188890140212,22.181034728074092,-2.3224262907812485,-7.751351722429443,2.0147202056113094,-7.194092797199365,2.8160493931016948
EFT:-7.188674075784877,4.067624007429783,-3.217323589846269,-15.608188890140214,22.18103472807409,-2.322426290781248,-7.7513517224294395,2.0147202056113076,-7.194092797199361,2.8160493931016934
Random38
Raw:-7.188674075784877,4.067624007429781,-3.21732358984627,-15.608188890140207,22.181034728074085,-2.322426290781251,-7.751351722429443,2.0147202056113103,-7.194092797199362,2.816049393101698
EFT:-7.188674075784877,4.067624007429783,-3.21732358984627,-15.608188890140214,22.18103472807409,-2.322426290781248,-7.75135172242944,2.014720205611307,-7.194092797199361,2.8160493931016934
Random39
Raw:-7.188674075784876,4.067624007429782,-3.21732358984627,-15.60818889014021,22.181034728074096,-2.322426290781246,-7.751351722429444,2.0147202056113067,-7.194092797199362,2.816049393101694
EFT:-7.188674075784877,4.067624007429783,-3.21732358984627,-15.608188890140214,22.18103472807409,-2.322426290781248,-7.75135172242944,2.0147202056113076,-7.194092797199361,2.8160493931016934
Random40
Raw:-7.188674075784878,4.0676240074297825,-3.217323589846271,-15.60818889014021,22.18103472807409,-2.322426290781244,-7.751351722429441,2.0147202056113036,-7.19409279719936,2.8160493931016934
EFT:-7.188674075784877,4.067624007429783,-3.2173235898462695,-15.608188890140214,22.18103472807409,-2.322426290781248,-7.7513517224294395,2.0147202056113076,-7.194092797199361,2.8160493931016934
Random41
Raw:-7.188674075784874,4.067624007429779,-3.217323589846269,-15.60818889014021,22.181034728074085,-2.322426290781245,-7.751351722429433,2.014720205611305,-7.194092797199358,2.816049393101691
EFT:-7.188674075784877,4.067624007429783,-3.2173235898462695,-15.608188890140214,22.18103472807409,-2.322426290781248,-7.75135172242944,2.0147202056113076,-7.194092797199361,2.8160493931016934
Random42
Raw:-7.188674075784874,4.067624007429782,-3.2173235898462655,-15.60818889014021,22.181034728074096,-2.322426290781244,-7.751351722429438,2.014720205611306,-7.194092797199364,2.8160493931016926
EFT:-7.188674075784877,4.067624007429783,-3.2173235898462695,-15.608188890140214,22.18103472807409,-2.322426290781248,-7.75135172242944,2.014720205611307,-7.194092797199361,2.8160493931016934
Random43
Raw:-7.188674075784875,4.067624007429784,-3.2173235898462673,-15.60818889014021,22.181034728074085,-2.3224262907812516,-7.751351722429443,2.014720205611306,-7.194092797199359,2.816049393101693
EFT:-7.188674075784877,4.067624007429783,-3.21732358984627,-15.608188890140214,22.18103472807409,-2.322426290781248,-7.75135172242944,2.014720205611307,-7.194092797199361,2.8160493931016934
Random44
Raw:-7.188674075784872,4.067624007429785,-3.2173235898462704,-15.608188890140214,22.18103472807409,-2.3224262907812503,-7.751351722429446,2.014720205611313,-7.194092797199362,2.8160493931016983
EFT:-7.188674075784877,4.067624007429783,-3.2173235898462695,-15.608188890140214,22.18103472807409,-2.322426290781248,-7.75135172242944,2.014720205611307,-7.194092797199361,2.8160493931016934
Random45
Raw:-7.188674075784878,4.0676240074297825,-3.2173235898462686,-15.60818889014021,22.18103472807409,-2.322426290781245,-7.751351722429445,2.014720205611306,-7.194092797199363,2.816049393101698
EFT:-7.188674075784877,4.067624007429783,-3.2173235898462695,-15.608188890140214,22.18103472807409,-2.322426290781248,-7.75135172242944,2.0147202056113076,-7.194092797199361,2.8160493931016934
Random46
Raw:-7.188674075784872,4.067624007429786,-3.2173235898462718,-15.608188890140214,22.181034728074092,-2.3224262907812476,-7.751351722429443,2.0147202056113103,-7.194092797199362,2.8160493931016917
EFT:-7.188674075784877,4.067624007429783,-3.2173235898462695,-15.608188890140214,22.18103472807409,-2.322426290781248,-7.75135172242944,2.0147202056113076,-7.194092797199361,2.8160493931016934
Random47
Raw:-7.188674075784876,4.067624007429785,-3.217323589846268,-15.608188890140218,22.181034728074092,-2.32242629078125,-7.7513517224294395,2.014720205611309,-7.194092797199361,2.81604939310169
EFT:-7.188674075784877,4.067624007429783,-3.2173235898462695,-15.608188890140214,22.18103472807409,-2.322426290781248,-7.75135172242944,2.014720205611307,-7.194092797199361,2.8160493931016934
Random48
Raw:-7.188674075784875,4.067624007429781,-3.21732358984627,-15.608188890140212,22.18103472807409,-2.3224262907812463,-7.751351722429442,2.0147202056113076,-7.194092797199364,2.816049393101695
EFT:-7.188674075784877,4.067624007429783,-3.2173235898462695,-15.608188890140214,22.18103472807409,-2.322426290781248,-7.75135172242944,2.0147202056113076,-7.194092797199361,2.8160493931016934
Random49
Raw:-7.188674075784876,4.067624007429788,-3.21732358984627,-15.608188890140214,22.181034728074092,-2.3224262907812507,-7.751351722429443,2.014720205611312,-7.194092797199362,2.8160493931016948
EFT:-7.188674075784877,4.067624007429783,-3.2173235898462695,-15.608188890140214,22.18103472807409,-2.322426290781248,-7.75135172242944,2.014720205611307,-7.194092797199361,2.8160493931016934
Random50
Raw:-7.188674075784877,4.0676240074297825,-3.2173235898462695,-15.608188890140216,22.18103472807409,-2.3224262907812445,-7.7513517224294395,2.0147202056113067,-7.194092797199362,2.816049393101695
EFT:-7.188674075784877,4.067624007429783,-3.2173235898462695,-15.608188890140214,22.18103472807409,-2.322426290781248,-7.7513517224294395,2.0147202056113076,-7.194092797199361,2.8160493931016934
Random51
Raw:-7.188674075784878,4.0676240074297825,-3.2173235898462713,-15.608188890140212,22.181034728074092,-2.3224262907812463,-7.751351722429445,2.0147202056113107,-7.194092797199365,2.816049393101695
EFT:-7.188674075784877,4.067624007429783,-3.2173235898462695,-15.608188890140214,22.18103472807409,-2.322426290781248,-7.75135172242944,2.0147202056113076,-7.194092797199361,2.8160493931016934
Random52
Raw:-7.188674075784877,4.067624007429784,-3.21732358984627,-15.608188890140214,22.181034728074092,-2.322426290781246,-7.75135172242944,2.014720205611308,-7.194092797199362,2.816049393101695
EFT:-7.188674075784877,4.067624007429783,-3.2173235898462695,-15.608188890140214,22.18103472807409,-2.322426290781248,-7.75135172242944,2.0147202056113076,-7.194092797199361,2.8160493931016934
Random53
Raw:-7.188674075784879,4.067624007429788,-3.2173235898462704,-15.608188890140212,22.181034728074092,-2.32242629078125,-7.751351722429447,2.0147202056113076,-7.194092797199361,2.816049393101697
EFT:-7.188674075784877,4.067624007429783,-3.2173235898462695,-15.608188890140214,22.18103472807409,-2.322426290781248,-7.7513517224294395,2.0147202056113076,-7.194092797199361,2.8160493931016934
Random54
Raw:-7.188674075784877,4.067624007429783,-3.2173235898462686,-15.608188890140207,22.181034728074092,-2.322426290781249,-7.751351722429442,2.014720205611307,-7.1940927971993585,2.816049393101697
EFT:-7.188674075784877,4.067624007429783,-3.2173235898462695,-15.608188890140214,22.18103472807409,-2.322426290781248,-7.75135172242944,2.014720205611307,-7.194092797199361,2.8160493931016934
Random55
Raw:-7.188674075784878,4.067624007429785,-3.21732358984627,-15.608188890140212,22.181034728074092,-2.3224262907812476,-7.7513517224294395,2.0147202056113076,-7.19409279719936,2.8160493931016943
EFT:-7.188674075784877,4.067624007429783,-3.21732358984627,-15.608188890140214,22.18103472807409,-2.322426290781248,-7.75135172242944,2.014720205611307,-7.194092797199361,2.8160493931016934
Random56
Raw:-7.188674075784875,4.067624007429782,-3.2173235898462686,-15.608188890140209,22.181034728074092,-2.3224262907812485,-7.751351722429441,2.014720205611307,-7.194092797199364,2.8160493931016926
EFT:-7.188674075784877,4.067624007429783,-3.21732358984627,-15.608188890140214,22.18103472807409,-2.322426290781248,-7.75135172242944,2.014720205611307,-7.194092797199361,2.8160493931016934
Random57
Raw:-7.188674075784878,4.067624007429785,-3.217323589846271,-15.608188890140214,22.181034728074092,-2.3224262907812454,-7.7513517224294395,2.014720205611306,-7.19409279719936,2.8160493931016917
EFT:-7.188674075784877,4.067624007429783,-3.2173235898462695,-15.608188890140214,22.18103472807409,-2.322426290781248,-7.7513517224294395,2.0147202056113076,-7.194092797199361,2.8160493931016934
Random58
Raw:-7.188674075784874,4.067624007429782,-3.217323589846271,-15.60818889014021,22.18103472807409,-2.3224262907812485,-7.751351722429446,2.0147202056113045,-7.194092797199359,2.816049393101698
EFT:-7.188674075784877,4.067624007429783,-3.2173235898462695,-15.608188890140214,22.18103472807409,-2.322426290781248,-7.75135172242944,2.0147202056113076,-7.194092797199361,2.8160493931016934
Random59
Raw:-7.188674075784876,4.067624007429784,-3.2173235898462686,-15.60818889014021,22.181034728074096,-2.322426290781251,-7.751351722429444,2.0147202056113076,-7.194092797199362,2.8160493931016966
EFT:-7.188674075784877,4.067624007429783,-3.2173235898462695,-15.608188890140214,22.18103472807409,-2.322426290781248,-7.7513517224294395,2.0147202056113076,-7.194092797199361,2.8160493931016934
Random60
Raw:-7.188674075784878,4.067624007429783,-3.217323589846271,-15.608188890140214,22.181034728074096,-2.322426290781244,-7.751351722429445,2.014720205611306,-7.194092797199361,2.816049393101694
EFT:-7.188674075784877,4.067624007429783,-3.2173235898462695,-15.608188890140214,22.18103472807409,-2.322426290781248,-7.75135172242944,2.014720205611307,-7.194092797199361,2.8160493931016934
Random61
Raw:-7.188674075784879,4.0676240074297825,-3.21732358984627,-15.608188890140212,22.18103472807409,-2.322426290781248,-7.751351722429443,2.01472020561131,-7.194092797199363,2.8160493931016934
EFT:-7.188674075784877,4.067624007429783,-3.217323589846269,-15.608188890140214,22.18103472807409,-2.322426290781248,-7.7513517224294395,2.0147202056113076,-7.194092797199361,2.8160493931016934
Random62
Raw:-7.188674075784875,4.067624007429782,-3.21732358984627,-15.60818889014021,22.181034728074096,-2.32242629078125,-7.751351722429441,2.0147202056113107,-7.194092797199361,2.816049393101692
EFT:-7.188674075784877,4.067624007429783,-3.2173235898462695,-15.608188890140214,22.18103472807409,-2.322426290781248,-7.75135172242944,2.014720205611307,-7.194092797199361,2.8160493931016934
Random63
Raw:-7.18867407578488,4.067624007429788,-3.21732358984627,-15.608188890140214,22.1810347280741,-2.322426290781251,-7.751351722429444,2.014720205611314,-7.194092797199368,2.8160493931016957
EFT:-7.188674075784877,4.067624007429783,-3.2173235898462695,-15.608188890140214,22.18103472807409,-2.322426290781248,-7.75135172242944,2.0147202056113076,-7.194092797199361,2.8160493931016934
Random64
Raw:-7.188674075784875,4.067624007429787,-3.2173235898462664,-15.608188890140214,22.181034728074092,-2.3224262907812494,-7.75135172242944,2.0147202056113134,-7.194092797199367,2.8160493931016948
EFT:-7.188674075784877,4.067624007429783,-3.2173235898462695,-15.608188890140214,22.18103472807409,-2.322426290781248,-7.75135172242944,2.0147202056113076,-7.194092797199361,2.8160493931016934
Random65
Raw:-7.188674075784878,4.06762400742978,-3.217323589846269,-15.608188890140205,22.181034728074092,-2.3224262907812476,-7.751351722429438,2.014720205611304,-7.19409279719936,2.8160493931016926
EFT:-7.188674075784877,4.067624007429783,-3.217323589846269,-15.608188890140214,22.18103472807409,-2.322426290781248,-7.7513517224294395,2.0147202056113076,-7.194092797199361,2.8160493931016934
Random66
Raw:-7.188674075784875,4.067624007429781,-3.21732358984627,-15.60818889014021,22.181034728074092,-2.3224262907812436,-7.7513517224294395,2.0147202056113036,-7.194092797199364,2.8160493931016926
EFT:-7.188674075784877,4.067624007429783,-3.2173235898462695,-15.608188890140214,22.18103472807409,-2.322426290781248,-7.75135172242944,2.0147202056113076,-7.194092797199361,2.8160493931016934
Random67
Raw:-7.188674075784873,4.067624007429783,-3.217323589846267,-15.608188890140214,22.181034728074085,-2.3224262907812476,-7.751351722429441,2.0147202056113107,-7.194092797199364,2.8160493931016948
EFT:-7.188674075784877,4.067624007429783,-3.2173235898462695,-15.608188890140214,22.18103472807409,-2.322426290781248,-7.75135172242944,2.0147202056113076,-7.194092797199361,2.8160493931016934
Random68
Raw:-7.188674075784872,4.067624007429783,-3.2173235898462673,-15.608188890140209,22.181034728074092,-2.3224262907812485,-7.751351722429443,2.0147202056113107,-7.194092797199362,2.816049393101696
EFT:-7.188674075784877,4.067624007429783,-3.2173235898462695,-15.608188890140214,22.18103472807409,-2.322426290781248,-7.75135172242944,2.0147202056113076,-7.194092797199361,2.8160493931016934
Random69
Raw:-7.188674075784877,4.067624007429781,-3.217323589846271,-15.60818889014021,22.181034728074096,-2.322426290781245,-7.751351722429442,2.014720205611303,-7.19409279719936,2.8160493931016957
EFT:-7.188674075784877,4.067624007429783,-3.2173235898462695,-15.608188890140214,22.18103472807409,-2.322426290781248,-7.75135172242944,2.0147202056113076,-7.194092797199361,2.8160493931016934
Random70
Raw:-7.1886740757848715,4.0676240074297825,-3.217323589846268,-15.608188890140212,22.181034728074092,-2.3224262907812485,-7.751351722429441,2.014720205611307,-7.194092797199363,2.816049393101695
EFT:-7.188674075784877,4.067624007429783,-3.2173235898462695,-15.608188890140214,22.18103472807409,-2.322426290781248,-7.75135172242944,2.0147202056113076,-7.194092797199361,2.8160493931016934
Random71
Raw:-7.188674075784877,4.067624007429786,-3.21732358984627,-15.608188890140214,22.181034728074096,-2.3224262907812467,-7.751351722429441,2.0147202056113103,-7.194092797199366,2.8160493931016943
EFT:-7.188674075784877,4.067624007429783,-3.217323589846269,-15.608188890140214,22.18103472807409,-2.322426290781248,-7.7513517224294395,2.0147202056113076,-7.194092797199361,2.8160493931016934
Random72
Raw:-7.188674075784877,4.0676240074297825,-3.21732358984627,-15.608188890140216,22.181034728074092,-2.322426290781248,-7.751351722429439,2.014720205611305,-7.194092797199362,2.816049393101695
EFT:-7.188674075784877,4.067624007429783,-3.2173235898462695,-15.608188890140214,22.18103472807409,-2.322426290781248,-7.75135172242944,2.0147202056113076,-7.194092797199361,2.8160493931016934
Random73
Raw:-7.188674075784876,4.067624007429786,-3.217323589846268,-15.608188890140216,22.181034728074096,-2.32242629078125,-7.751351722429445,2.014720205611311,-7.194092797199365,2.816049393101695
EFT:-7.188674075784877,4.067624007429783,-3.2173235898462695,-15.608188890140214,22.18103472807409,-2.322426290781248,-7.75135172242944,2.014720205611307,-7.194092797199361,2.8160493931016934
Random74
Raw:-7.188674075784881,4.067624007429784,-3.2173235898462695,-15.608188890140212,22.18103472807409,-2.3224262907812476,-7.751351722429444,2.0147202056113103,-7.194092797199364,2.816049393101696
EFT:-7.188674075784877,4.067624007429783,-3.2173235898462695,-15.608188890140214,22.18103472807409,-2.322426290781248,-7.75135172242944,2.0147202056113076,-7.194092797199361,2.8160493931016934
Random75
Raw:-7.18867407578488,4.0676240074297825,-3.2173235898462718,-15.608188890140209,22.181034728074085,-2.3224262907812454,-7.751351722429444,2.014720205611306,-7.194092797199359,2.816049393101694
EFT:-7.188674075784877,4.067624007429783,-3.21732358984627,-15.608188890140214,22.18103472807409,-2.322426290781248,-7.75135172242944,2.014720205611307,-7.194092797199361,2.8160493931016934
Random76
Raw:-7.188674075784877,4.067624007429781,-3.2173235898462713,-15.60818889014021,22.18103472807409,-2.322426290781241,-7.751351722429442,2.0147202056113076,-7.194092797199362,2.816049393101695
EFT:-7.188674075784877,4.067624007429783,-3.21732358984627,-15.608188890140214,22.18103472807409,-2.322426290781248,-7.75135172242944,2.0147202056113076,-7.194092797199361,2.8160493931016934
Random77
Raw:-7.188674075784876,4.067624007429785,-3.2173235898462713,-15.608188890140216,22.181034728074096,-2.3224262907812467,-7.7513517224294395,2.014720205611307,-7.194092797199362,2.8160493931016903
EFT:-7.188674075784877,4.067624007429783,-3.2173235898462695,-15.608188890140214,22.18103472807409,-2.322426290781248,-7.75135172242944,2.0147202056113076,-7.194092797199361,2.8160493931016934
Random78
Raw:-7.188674075784875,4.067624007429782,-3.217323589846268,-15.608188890140216,22.18103472807409,-2.322426290781245,-7.751351722429444,2.0147202056113063,-7.194092797199364,2.816049393101692
EFT:-7.188674075784877,4.067624007429783,-3.217323589846269,-15.608188890140214,22.18103472807409,-2.322426290781248,-7.7513517224294395,2.0147202056113076,-7.194092797199361,2.8160493931016934
Random79
Raw:-7.188674075784874,4.0676240074297825,-3.2173235898462673,-15.608188890140209,22.18103472807409,-2.3224262907812476,-7.751351722429441,2.014720205611308,-7.194092797199362,2.8160493931016957
EFT:-7.188674075784877,4.067624007429783,-3.2173235898462695,-15.608188890140214,22.18103472807409,-2.322426290781248,-7.7513517224294395,2.0147202056113076,-7.194092797199361,2.8160493931016934
Random80
Raw:-7.188674075784878,4.067624007429786,-3.217323589846271,-15.608188890140212,22.181034728074092,-2.3224262907812485,-7.751351722429444,2.0147202056113085,-7.194092797199365,2.8160493931016957
EFT:-7.188674075784877,4.067624007429783,-3.2173235898462695,-15.608188890140214,22.18103472807409,-2.322426290781248,-7.75135172242944,2.0147202056113076,-7.194092797199361,2.8160493931016934
Random81
Raw:-7.188674075784878,4.067624007429787,-3.2173235898462704,-15.608188890140212,22.181034728074092,-2.3224262907812467,-7.751351722429441,2.0147202056113107,-7.194092797199367,2.8160493931016988
EFT:-7.188674075784877,4.067624007429783,-3.2173235898462695,-15.608188890140214,22.18103472807409,-2.322426290781248,-7.75135172242944,2.014720205611307,-7.194092797199361,2.8160493931016934
Random82
Raw:-7.188674075784876,4.0676240074297825,-3.217323589846268,-15.608188890140209,22.181034728074092,-2.3224262907812463,-7.7513517224294395,2.0147202056113085,-7.19409279719936,2.816049393101693
EFT:-7.188674075784877,4.067624007429783,-3.2173235898462695,-15.608188890140214,22.18103472807409,-2.322426290781248,-7.75135172242944,2.014720205611307,-7.194092797199361,2.8160493931016934
Random83
Raw:-7.188674075784874,4.067624007429786,-3.2173235898462704,-15.608188890140214,22.18103472807409,-2.322426290781246,-7.751351722429442,2.014720205611308,-7.194092797199366,2.8160493931016926
EFT:-7.188674075784877,4.067624007429783,-3.21732358984627,-15.608188890140214,22.18103472807409,-2.322426290781248,-7.75135172242944,2.0147202056113076,-7.194092797199361,2.8160493931016934
Random84
Raw:-7.188674075784874,4.0676240074297825,-3.217323589846266,-15.60818889014021,22.18103472807408,-2.322426290781252,-7.751351722429443,2.0147202056113085,-7.194092797199361,2.816049393101697
EFT:-7.188674075784877,4.067624007429783,-3.2173235898462695,-15.608188890140214,22.18103472807409,-2.322426290781248,-7.75135172242944,2.014720205611307,-7.194092797199361,2.8160493931016934
Random85
Raw:-7.188674075784879,4.067624007429788,-3.2173235898462686,-15.608188890140214,22.181034728074096,-2.3224262907812503,-7.751351722429444,2.0147202056113067,-7.1940927971993665,2.816049393101696
EFT:-7.188674075784877,4.067624007429783,-3.2173235898462695,-15.608188890140214,22.18103472807409,-2.322426290781248,-7.7513517224294395,2.0147202056113076,-7.194092797199361,2.8160493931016934
Random86
Raw:-7.188674075784875,4.067624007429785,-3.2173235898462673,-15.608188890140214,22.181034728074096,-2.3224262907812463,-7.751351722429438,2.014720205611305,-7.194092797199364,2.8160493931016917
EFT:-7.188674075784877,4.067624007429783,-3.2173235898462695,-15.608188890140214,22.18103472807409,-2.322426290781248,-7.75135172242944,2.0147202056113076,-7.194092797199361,2.8160493931016934
Random87
Raw:-7.188674075784873,4.0676240074297825,-3.217323589846272,-15.60818889014021,22.181034728074096,-2.3224262907812454,-7.751351722429441,2.0147202056113045,-7.19409279719936,2.816049393101694
EFT:-7.188674075784877,4.067624007429783,-3.21732358984627,-15.608188890140214,22.18103472807409,-2.322426290781248,-7.75135172242944,2.0147202056113076,-7.194092797199361,2.8160493931016934
Random88
Raw:-7.188674075784875,4.067624007429781,-3.2173235898462726,-15.608188890140212,22.18103472807409,-2.3224262907812454,-7.75135172242944,2.0147202056113063,-7.1940927971993585,2.816049393101694
EFT:-7.188674075784877,4.067624007429783,-3.2173235898462695,-15.608188890140214,22.18103472807409,-2.322426290781248,-7.75135172242944,2.0147202056113076,-7.194092797199361,2.8160493931016934
Random89
Raw:-7.188674075784877,4.0676240074297825,-3.217323589846269,-15.608188890140209,22.181034728074092,-2.322426290781246,-7.75135172242944,2.014720205611305,-7.1940927971993665,2.816049393101692
EFT:-7.188674075784877,4.067624007429783,-3.21732358984627,-15.608188890140214,22.18103472807409,-2.322426290781248,-7.75135172242944,2.0147202056113076,-7.194092797199361,2.8160493931016934
Random90
Raw:-7.188674075784874,4.067624007429782,-3.2173235898462695,-15.608188890140209,22.18103472807409,-2.322426290781244,-7.751351722429439,2.014720205611306,-7.19409279719936,2.816049393101694
EFT:-7.188674075784877,4.067624007429783,-3.21732358984627,-15.608188890140214,22.18103472807409,-2.322426290781248,-7.75135172242944,2.0147202056113076,-7.194092797199361,2.8160493931016934
Random91
Raw:-7.188674075784877,4.067624007429784,-3.2173235898462673,-15.608188890140214,22.181034728074103,-2.3224262907812476,-7.751351722429441,2.014720205611309,-7.19409279719936,2.816049393101693
EFT:-7.188674075784877,4.067624007429783,-3.2173235898462695,-15.608188890140214,22.18103472807409,-2.322426290781248,-7.7513517224294395,2.0147202056113076,-7.194092797199361,2.8160493931016934
Random92
Raw:-7.1886740757848795,4.067624007429786,-3.21732358984627,-15.608188890140218,22.18103472807409,-2.322426290781247,-7.751351722429442,2.0147202056113094,-7.194092797199364,2.8160493931016926
EFT:-7.188674075784877,4.067624007429783,-3.217323589846269,-15.608188890140214,22.18103472807409,-2.322426290781248,-7.7513517224294395,2.0147202056113076,-7.194092797199361,2.8160493931016934
Random93
Raw:-7.188674075784875,4.067624007429787,-3.2173235898462678,-15.608188890140214,22.181034728074092,-2.322426290781249,-7.751351722429442,2.014720205611311,-7.194092797199364,2.816049393101697
EFT:-7.188674075784877,4.067624007429783,-3.2173235898462695,-15.608188890140214,22.18103472807409,-2.322426290781248,-7.75135172242944,2.0147202056113076,-7.194092797199361,2.8160493931016934
Random94
Raw:-7.188674075784878,4.067624007429782,-3.217323589846271,-15.608188890140214,22.181034728074092,-2.3224262907812454,-7.75135172242944,2.0147202056113067,-7.194092797199362,2.8160493931016983
EFT:-7.188674075784877,4.067624007429783,-3.21732358984627,-15.608188890140214,22.18103472807409,-2.322426290781248,-7.75135172242944,2.0147202056113076,-7.194092797199361,2.8160493931016934
Random95
Raw:-7.1886740757848795,4.067624007429783,-3.2173235898462673,-15.608188890140207,22.181034728074092,-2.3224262907812463,-7.7513517224294395,2.0147202056113067,-7.19409279719936,2.8160493931016934
EFT:-7.188674075784877,4.067624007429783,-3.2173235898462695,-15.608188890140214,22.18103472807409,-2.322426290781248,-7.75135172242944,2.0147202056113076,-7.194092797199361,2.8160493931016934
Random96
Raw:-7.188674075784875,4.0676240074297825,-3.217323589846269,-15.608188890140212,22.181034728074085,-2.322426290781249,-7.751351722429442,2.014720205611308,-7.194092797199366,2.816049393101692
EFT:-7.188674075784877,4.067624007429783,-3.2173235898462695,-15.608188890140214,22.18103472807409,-2.322426290781248,-7.75135172242944,2.0147202056113076,-7.194092797199361,2.8160493931016934
Random97
Raw:-7.188674075784875,4.067624007429783,-3.217323589846269,-15.608188890140216,22.181034728074092,-2.3224262907812476,-7.751351722429443,2.0147202056113063,-7.194092797199359,2.816049393101694
EFT:-7.188674075784877,4.067624007429783,-3.2173235898462695,-15.608188890140214,22.18103472807409,-2.322426290781248,-7.75135172242944,2.014720205611307,-7.194092797199361,2.8160493931016934
Random98
Raw:-7.188674075784873,4.067624007429784,-3.217323589846269,-15.60818889014022,22.181034728074096,-2.3224262907812476,-7.751351722429443,2.0147202056113085,-7.194092797199362,2.8160493931016917
EFT:-7.188674075784877,4.067624007429783,-3.2173235898462695,-15.608188890140214,22.18103472807409,-2.322426290781248,-7.7513517224294395,2.0147202056113076,-7.194092797199361,2.8160493931016934
Random99
Raw:-7.188674075784876,4.067624007429784,-3.217323589846271,-15.608188890140214,22.181034728074092,-2.3224262907812494,-7.7513517224294395,2.0147202056113094,-7.194092797199364,2.816049393101694
EFT:-7.188674075784877,4.067624007429783,-3.21732358984627,-15.608188890140214,22.18103472807409,-2.322426290781248,-7.75135172242944,2.014720205611307,-7.194092797199361,2.8160493931016934
Random100
Raw:-7.188674075784879,4.067624007429786,-3.217323589846268,-15.608188890140218,22.181034728074092,-2.3224262907812467,-7.751351722429441,2.0147202056113094,-7.194092797199365,2.8160493931016948
EFT:-7.188674075784877,4.067624007429783,-3.21732358984627,-15.608188890140214,22.18103472807409,-2.322426290781248,-7.75135172242944,2.014720205611307,-7.194092797199361,2.8160493931016934
Random101
Raw:-7.188674075784874,4.067624007429784,-3.2173235898462713,-15.608188890140209,22.18103472807409,-2.3224262907812476,-7.7513517224294395,2.0147202056113085,-7.194092797199359,2.816049393101691
EFT:-7.188674075784877,4.067624007429783,-3.2173235898462695,-15.608188890140214,22.18103472807409,-2.322426290781248,-7.75135172242944,2.0147202056113076,-7.194092797199361,2.8160493931016934
Random102
Raw:-7.188674075784877,4.067624007429781,-3.217323589846269,-15.608188890140209,22.181034728074096,-2.3224262907812436,-7.751351722429441,2.0147202056113067,-7.194092797199361,2.8160493931016948
EFT:-7.188674075784877,4.067624007429783,-3.21732358984627,-15.608188890140214,22.18103472807409,-2.322426290781248,-7.75135172242944,2.0147202056113076,-7.194092797199361,2.8160493931016934
Random103
Raw:-7.188674075784876,4.067624007429785,-3.2173235898462686,-15.60818889014021,22.18103472807409,-2.322426290781247,-7.751351722429438,2.0147202056113054,-7.194092797199363,2.816049393101692
EFT:-7.188674075784877,4.067624007429783,-3.21732358984627,-15.608188890140214,22.18103472807409,-2.322426290781248,-7.75135172242944,2.014720205611307,-7.194092797199361,2.8160493931016934
Random104
Raw:-7.188674075784878,4.067624007429782,-3.2173235898462704,-15.608188890140207,22.181034728074092,-2.322426290781244,-7.751351722429444,2.014720205611306,-7.194092797199359,2.8160493931016957
EFT:-7.188674075784877,4.067624007429783,-3.2173235898462695,-15.608188890140214,22.18103472807409,-2.322426290781248,-7.75135172242944,2.0147202056113076,-7.194092797199361,2.8160493931016934
Random105
Raw:-7.188674075784877,4.067624007429786,-3.2173235898462713,-15.608188890140216,22.18103472807409,-2.322426290781247,-7.751351722429444,2.0147202056113094,-7.194092797199361,2.8160493931016934
EFT:-7.188674075784877,4.067624007429783,-3.2173235898462695,-15.608188890140214,22.18103472807409,-2.322426290781248,-7.75135172242944,2.0147202056113076,-7.194092797199361,2.8160493931016934
Random106
Raw:-7.188674075784874,4.067624007429784,-3.2173235898462673,-15.608188890140214,22.18103472807408,-2.322426290781247,-7.751351722429443,2.014720205611307,-7.19409279719936,2.8160493931016943
EFT:-7.188674075784877,4.067624007429783,-3.2173235898462695,-15.608188890140214,22.18103472807409,-2.322426290781248,-7.75135172242944,2.014720205611307,-7.194092797199361,2.8160493931016934
Random107
Raw:-7.188674075784878,4.067624007429786,-3.2173235898462713,-15.608188890140212,22.181034728074096,-2.3224262907812467,-7.7513517224294395,2.0147202056113067,-7.194092797199366,2.816049393101697
EFT:-7.188674075784877,4.067624007429783,-3.2173235898462695,-15.608188890140214,22.18103472807409,-2.322426290781248,-7.75135172242944,2.0147202056113076,-7.194092797199361,2.8160493931016934
Random108
Raw:-7.188674075784876,4.067624007429782,-3.217323589846268,-15.60818889014021,22.181034728074092,-2.3224262907812476,-7.7513517224294475,2.014720205611307,-7.194092797199364,2.816049393101698
EFT:-7.188674075784877,4.067624007429783,-3.2173235898462695,-15.608188890140214,22.18103472807409,-2.322426290781248,-7.75135172242944,2.0147202056113076,-7.194092797199361,2.8160493931016934
Random109
Raw:-7.188674075784879,4.067624007429783,-3.217323589846271,-15.608188890140218,22.181034728074092,-2.3224262907812503,-7.751351722429446,2.0147202056113125,-7.194092797199366,2.8160493931016943
EFT:-7.188674075784877,4.067624007429783,-3.2173235898462695,-15.608188890140214,22.18103472807409,-2.322426290781248,-7.75135172242944,2.0147202056113076,-7.194092797199361,2.8160493931016934
Random110
Raw:-7.188674075784878,4.0676240074297825,-3.217323589846272,-15.60818889014021,22.181034728074096,-2.3224262907812463,-7.751351722429446,2.0147202056113067,-7.194092797199365,2.816049393101699
EFT:-7.188674075784877,4.067624007429783,-3.2173235898462695,-15.608188890140214,22.18103472807409,-2.322426290781248,-7.7513517224294395,2.0147202056113076,-7.194092797199361,2.8160493931016934
Random111
Raw:-7.188674075784875,4.067624007429783,-3.2173235898462718,-15.608188890140209,22.181034728074096,-2.322426290781246,-7.751351722429444,2.0147202056113085,-7.194092797199364,2.816049393101697
EFT:-7.188674075784877,4.067624007429783,-3.2173235898462695,-15.608188890140214,22.18103472807409,-2.322426290781248,-7.75135172242944,2.0147202056113076,-7.194092797199361,2.8160493931016934
Random112
Raw:-7.1886740757848715,4.0676240074297825,-3.2173235898462686,-15.608188890140214,22.181034728074092,-2.3224262907812467,-7.751351722429442,2.0147202056113094,-7.19409279719936,2.816049393101698
EFT:-7.188674075784877,4.067624007429783,-3.2173235898462695,-15.608188890140214,22.18103472807409,-2.322426290781248,-7.75135172242944,2.014720205611307,-7.194092797199361,2.8160493931016934
Random113
Raw:-7.188674075784879,4.067624007429786,-3.217323589846268,-15.608188890140218,22.181034728074092,-2.322426290781247,-7.751351722429441,2.0147202056113103,-7.194092797199364,2.8160493931016934
EFT:-7.188674075784877,4.067624007429783,-3.21732358984627,-15.608188890140214,22.18103472807409,-2.322426290781248,-7.75135172242944,2.0147202056113076,-7.194092797199361,2.8160493931016934
Random114
Raw:-7.188674075784877,4.067624007429784,-3.2173235898462673,-15.608188890140216,22.181034728074092,-2.322426290781251,-7.751351722429441,2.0147202056113085,-7.194092797199363,2.816049393101695
EFT:-7.188674075784877,4.067624007429783,-3.2173235898462695,-15.608188890140214,22.18103472807409,-2.322426290781248,-7.7513517224294395,2.0147202056113076,-7.194092797199361,2.8160493931016934
Random115
Raw:-7.188674075784877,4.067624007429786,-3.217323589846271,-15.608188890140214,22.181034728074096,-2.3224262907812467,-7.751351722429441,2.0147202056113054,-7.194092797199364,2.8160493931016943
EFT:-7.188674075784877,4.067624007429783,-3.21732358984627,-15.608188890140214,22.18103472807409,-2.322426290781248,-7.75135172242944,2.014720205611307,-7.194092797199361,2.8160493931016934
Random116
Raw:-7.188674075784876,4.067624007429783,-3.217323589846265,-15.608188890140214,22.181034728074092,-2.322426290781246,-7.751351722429445,2.0147202056113134,-7.194092797199365,2.816049393101697
EFT:-7.188674075784877,4.067624007429783,-3.2173235898462695,-15.608188890140214,22.18103472807409,-2.322426290781248,-7.75135172242944,2.0147202056113076,-7.194092797199361,2.8160493931016934
Random117
Raw:-7.18867407578488,4.067624007429783,-3.2173235898462678,-15.60818889014021,22.181034728074096,-2.3224262907812494,-7.751351722429447,2.014720205611309,-7.194092797199364,2.8160493931016966
EFT:-7.188674075784877,4.067624007429783,-3.217323589846269,-15.608188890140214,22.18103472807409,-2.322426290781248,-7.7513517224294395,2.0147202056113076,-7.194092797199361,2.8160493931016934
Random118
Raw:-7.188674075784882,4.067624007429786,-3.2173235898462686,-15.608188890140214,22.181034728074092,-2.322426290781245,-7.7513517224294395,2.01472020561131,-7.194092797199364,2.8160493931016934
EFT:-7.188674075784877,4.067624007429783,-3.2173235898462695,-15.608188890140214,22.18103472807409,-2.322426290781248,-7.75135172242944,2.0147202056113076,-7.194092797199361,2.8160493931016934
Random119
Raw:-7.188674075784875,4.067624007429785,-3.2173235898462678,-15.608188890140218,22.181034728074092,-2.3224262907812467,-7.751351722429438,2.014720205611306,-7.194092797199364,2.8160493931016917
EFT:-7.188674075784877,4.067624007429783,-3.21732358984627,-15.608188890140214,22.18103472807409,-2.322426290781248,-7.75135172242944,2.0147202056113076,-7.194092797199361,2.8160493931016934
Random120
Raw:-7.188674075784879,4.067624007429786,-3.2173235898462713,-15.608188890140214,22.181034728074096,-2.322426290781249,-7.751351722429443,2.0147202056113085,-7.194092797199363,2.8160493931016943
EFT:-7.188674075784877,4.067624007429783,-3.2173235898462695,-15.608188890140214,22.18103472807409,-2.322426290781248,-7.75135172242944,2.0147202056113076,-7.194092797199361,2.8160493931016934
Random121
Raw:-7.188674075784878,4.067624007429784,-3.2173235898462726,-15.608188890140216,22.1810347280741,-2.3224262907812494,-7.751351722429445,2.014720205611313,-7.194092797199362,2.8160493931016988
EFT:-7.188674075784877,4.067624007429783,-3.21732358984627,-15.608188890140214,22.18103472807409,-2.322426290781248,-7.75135172242944,2.0147202056113076,-7.194092797199361,2.8160493931016934
Random122
Raw:-7.188674075784878,4.0676240074297825,-3.217323589846272,-15.608188890140214,22.181034728074085,-2.3224262907812454,-7.751351722429442,2.0147202056113063,-7.194092797199362,2.8160493931016943
EFT:-7.188674075784877,4.067624007429783,-3.2173235898462695,-15.608188890140214,22.18103472807409,-2.322426290781248,-7.75135172242944,2.0147202056113076,-7.194092797199361,2.8160493931016934
Random123
Raw:-7.188674075784876,4.067624007429785,-3.217323589846271,-15.608188890140212,22.181034728074092,-2.322426290781248,-7.751351722429441,2.0147202056113045,-7.194092797199362,2.8160493931016957
EFT:-7.188674075784877,4.067624007429783,-3.2173235898462695,-15.608188890140214,22.18103472807409,-2.322426290781248,-7.75135172242944,2.0147202056113076,-7.194092797199361,2.8160493931016934
Random124
Raw:-7.188674075784878,4.067624007429785,-3.2173235898462673,-15.608188890140214,22.181034728074092,-2.3224262907812476,-7.751351722429435,2.014720205611311,-7.194092797199365,2.8160493931016886
EFT:-7.188674075784877,4.067624007429783,-3.2173235898462695,-15.608188890140214,22.18103472807409,-2.322426290781248,-7.75135172242944,2.0147202056113076,-7.194092797199361,2.8160493931016934
Random125
Raw:-7.1886740757848795,4.067624007429785,-3.21732358984627,-15.608188890140214,22.181034728074092,-2.322426290781247,-7.751351722429442,2.0147202056113076,-7.194092797199364,2.816049393101696
EFT:-7.188674075784877,4.067624007429783,-3.21732358984627,-15.608188890140214,22.18103472807409,-2.322426290781248,-7.75135172242944,2.014720205611307,-7.194092797199361,2.8160493931016934
Random126
Raw:-7.188674075784877,4.067624007429783,-3.21732358984627,-15.608188890140214,22.181034728074096,-2.322426290781247,-7.751351722429443,2.0147202056113063,-7.194092797199365,2.816049393101696
EFT:-7.188674075784877,4.067624007429783,-3.2173235898462695,-15.608188890140214,22.18103472807409,-2.322426290781248,-7.75135172242944,2.014720205611307,-7.194092797199361,2.8160493931016934
Random127
Raw:-7.188674075784878,4.067624007429784,-3.2173235898462713,-15.608188890140212,22.18103472807409,-2.322426290781247,-7.751351722429444,2.0147202056113094,-7.194092797199364,2.8160493931016934
EFT:-7.188674075784877,4.067624007429783,-3.2173235898462695,-15.608188890140214,22.18103472807409,-2.322426290781248,-7.75135172242944,2.014720205611307,-7.194092797199361,2.8160493931016934
Random128
Raw:-7.188674075784878,4.067624007429784,-3.2173235898462704,-15.608188890140221,22.181034728074096,-2.322426290781249,-7.751351722429445,2.014720205611312,-7.194092797199364,2.816049393101695
EFT:-7.188674075784877,4.067624007429783,-3.2173235898462695,-15.608188890140214,22.18103472807409,-2.322426290781248,-7.75135172242944,2.0147202056113076,-7.194092797199361,2.8160493931016934
Random129
Raw:-7.188674075784877,4.067624007429784,-3.2173235898462695,-15.60818889014021,22.181034728074092,-2.322426290781247,-7.7513517224294395,2.014720205611309,-7.194092797199362,2.8160493931016926
EFT:-7.188674075784877,4.067624007429783,-3.2173235898462695,-15.608188890140214,22.18103472807409,-2.322426290781248,-7.75135172242944,2.0147202056113076,-7.194092797199361,2.8160493931016934
Random130
Raw:-7.188674075784876,4.067624007429788,-3.217323589846271,-15.608188890140218,22.181034728074092,-2.3224262907812476,-7.75135172242944,2.0147202056113076,-7.194092797199363,2.8160493931016943
EFT:-7.188674075784877,4.067624007429783,-3.2173235898462695,-15.608188890140214,22.18103472807409,-2.322426290781248,-7.75135172242944,2.0147202056113076,-7.194092797199361,2.8160493931016934
Random131
Raw:-7.188674075784878,4.067624007429787,-3.21732358984627,-15.608188890140216,22.181034728074092,-2.3224262907812485,-7.7513517224294395,2.014720205611311,-7.194092797199366,2.816049393101695
EFT:-7.188674075784877,4.067624007429783,-3.2173235898462695,-15.608188890140214,22.18103472807409,-2.322426290781248,-7.75135172242944,2.0147202056113076,-7.194092797199361,2.8160493931016934
Random132
Raw:-7.188674075784878,4.067624007429782,-3.2173235898462695,-15.608188890140209,22.18103472807409,-2.322426290781249,-7.751351722429442,2.0147202056113076,-7.19409279719936,2.816049393101696
EFT:-7.188674075784877,4.067624007429783,-3.21732358984627,-15.608188890140214,22.18103472807409,-2.322426290781248,-7.75135172242944,2.0147202056113076,-7.194092797199361,2.8160493931016934
Random133
Raw:-7.188674075784874,4.067624007429784,-3.217323589846268,-15.608188890140212,22.181034728074092,-2.322426290781248,-7.751351722429445,2.0147202056113085,-7.194092797199363,2.8160493931016957
EFT:-7.188674075784877,4.067624007429783,-3.217323589846269,-15.608188890140214,22.18103472807409,-2.322426290781248,-7.7513517224294395,2.0147202056113076,-7.194092797199361,2.8160493931016934
Random134
Raw:-7.188674075784876,4.067624007429785,-3.217323589846272,-15.608188890140214,22.181034728074085,-2.3224262907812503,-7.75135172242944,2.0147202056113076,-7.194092797199361,2.816049393101695
EFT:-7.188674075784877,4.067624007429783,-3.2173235898462695,-15.608188890140214,22.18103472807409,-2.322426290781248,-7.75135172242944,2.0147202056113076,-7.194092797199361,2.8160493931016934
Random135
Raw:-7.188674075784879,4.067624007429785,-3.21732358984627,-15.608188890140212,22.1810347280741,-2.3224262907812476,-7.751351722429443,2.0147202056113107,-7.194092797199366,2.816049393101692
EFT:-7.188674075784877,4.067624007429783,-3.2173235898462695,-15.608188890140214,22.18103472807409,-2.322426290781248,-7.75135172242944,2.0147202056113076,-7.194092797199361,2.8160493931016934
Random136
Raw:-7.188674075784873,4.067624007429785,-3.2173235898462695,-15.608188890140207,22.18103472807409,-2.3224262907812476,-7.751351722429441,2.0147202056113076,-7.1940927971993585,2.816049393101696
EFT:-7.188674075784877,4.067624007429783,-3.2173235898462695,-15.608188890140214,22.18103472807409,-2.322426290781248,-7.75135172242944,2.0147202056113076,-7.194092797199361,2.8160493931016934
Random137
Raw:-7.188674075784879,4.067624007429786,-3.217323589846268,-15.608188890140214,22.1810347280741,-2.3224262907812467,-7.751351722429444,2.0147202056113103,-7.194092797199363,2.8160493931016943
EFT:-7.188674075784877,4.067624007429783,-3.2173235898462695,-15.608188890140214,22.18103472807409,-2.322426290781248,-7.75135172242944,2.0147202056113076,-7.194092797199361,2.8160493931016934
Random138
Raw:-7.188674075784874,4.067624007429782,-3.217323589846269,-15.608188890140214,22.181034728074096,-2.3224262907812467,-7.751351722429441,2.0147202056113076,-7.194092797199363,2.8160493931016948
EFT:-7.188674075784877,4.067624007429783,-3.2173235898462695,-15.608188890140214,22.18103472807409,-2.322426290781248,-7.75135172242944,2.0147202056113076,-7.194092797199361,2.8160493931016934
Random139
Raw:-7.188674075784878,4.067624007429789,-3.2173235898462673,-15.608188890140216,22.181034728074096,-2.3224262907812494,-7.751351722429442,2.014720205611313,-7.194092797199367,2.8160493931016948
EFT:-7.188674075784877,4.067624007429783,-3.2173235898462695,-15.608188890140214,22.18103472807409,-2.322426290781248,-7.75135172242944,2.0147202056113076,-7.194092797199361,2.8160493931016934
Random140
Raw:-7.1886740757848795,4.0676240074297825,-3.217323589846269,-15.608188890140212,22.181034728074092,-2.3224262907812463,-7.75135172242944,2.014720205611307,-7.19409279719936,2.8160493931016948
EFT:-7.188674075784877,4.067624007429783,-3.2173235898462695,-15.608188890140214,22.18103472807409,-2.322426290781248,-7.75135172242944,2.0147202056113076,-7.194092797199361,2.8160493931016934
Random141
Raw:-7.188674075784873,4.067624007429784,-3.2173235898462718,-15.608188890140216,22.18103472807409,-2.3224262907812445,-7.7513517224294395,2.014720205611307,-7.194092797199361,2.8160493931016934
EFT:-7.188674075784877,4.067624007429783,-3.2173235898462695,-15.608188890140214,22.18103472807409,-2.322426290781248,-7.75135172242944,2.0147202056113076,-7.194092797199361,2.8160493931016934
Random142
Raw:-7.188674075784877,4.067624007429787,-3.217323589846269,-15.608188890140218,22.181034728074092,-2.322426290781247,-7.751351722429441,2.0147202056113116,-7.194092797199364,2.8160493931016966
EFT:-7.188674075784877,4.067624007429783,-3.21732358984627,-15.608188890140214,22.18103472807409,-2.322426290781248,-7.75135172242944,2.0147202056113076,-7.194092797199361,2.8160493931016934
Random143
Raw:-7.188674075784879,4.067624007429788,-3.2173235898462678,-15.608188890140216,22.181034728074096,-2.32242629078125,-7.751351722429441,2.0147202056113094,-7.194092797199367,2.8160493931016943
EFT:-7.188674075784877,4.067624007429783,-3.2173235898462695,-15.608188890140214,22.18103472807409,-2.322426290781248,-7.75135172242944,2.0147202056113076,-7.194092797199361,2.8160493931016934
Random144
Raw:-7.188674075784877,4.067624007429783,-3.217323589846269,-15.608188890140214,22.181034728074096,-2.3224262907812463,-7.751351722429446,2.0147202056113085,-7.194092797199366,2.8160493931016943
EFT:-7.188674075784877,4.067624007429783,-3.217323589846269,-15.608188890140214,22.18103472807409,-2.322426290781248,-7.7513517224294395,2.0147202056113076,-7.194092797199361,2.8160493931016934
Random145
Raw:-7.188674075784878,4.067624007429785,-3.2173235898462673,-15.608188890140212,22.181034728074096,-2.3224262907812503,-7.7513517224294395,2.0147202056113107,-7.194092797199366,2.8160493931016948
EFT:-7.188674075784877,4.067624007429783,-3.2173235898462695,-15.608188890140214,22.18103472807409,-2.322426290781248,-7.75135172242944,2.014720205611307,-7.194092797199361,2.8160493931016934
Random146
Raw:-7.188674075784876,4.067624007429783,-3.217323589846268,-15.608188890140214,22.181034728074092,-2.322426290781249,-7.75135172242944,2.01472020561131,-7.194092797199362,2.8160493931016926
EFT:-7.188674075784877,4.067624007429783,-3.21732358984627,-15.608188890140214,22.18103472807409,-2.322426290781248,-7.75135172242944,2.014720205611307,-7.194092797199361,2.8160493931016934
Random147
Raw:-7.188674075784877,4.067624007429782,-3.21732358984627,-15.608188890140212,22.181034728074085,-2.3224262907812423,-7.75135172242944,2.0147202056113067,-7.194092797199363,2.816049393101696
EFT:-7.188674075784877,4.067624007429783,-3.217323589846269,-15.608188890140214,22.18103472807409,-2.322426290781248,-7.7513517224294395,2.0147202056113076,-7.194092797199361,2.8160493931016934
Random148
Raw:-7.188674075784878,4.067624007429782,-3.2173235898462678,-15.608188890140214,22.181034728074092,-2.322426290781248,-7.7513517224294395,2.014720205611311,-7.194092797199364,2.816049393101695
EFT:-7.188674075784877,4.067624007429783,-3.2173235898462695,-15.608188890140214,22.18103472807409,-2.322426290781248,-7.75135172242944,2.0147202056113076,-7.194092797199361,2.8160493931016934
Random149
Raw:-7.188674075784876,4.067624007429785,-3.2173235898462678,-15.60818889014021,22.18103472807409,-2.3224262907812463,-7.751351722429443,2.0147202056113094,-7.194092797199361,2.8160493931016957
EFT:-7.188674075784877,4.067624007429783,-3.2173235898462695,-15.608188890140214,22.18103472807409,-2.322426290781248,-7.75135172242944,2.014720205611307,-7.194092797199361,2.8160493931016934
Random150
Raw:-7.1886740757848795,4.067624007429783,-3.2173235898462686,-15.608188890140214,22.181034728074092,-2.3224262907812476,-7.751351722429445,2.0147202056113076,-7.194092797199364,2.8160493931016988
EFT:-7.188674075784877,4.067624007429783,-3.2173235898462695,-15.608188890140214,22.18103472807409,-2.322426290781248,-7.75135172242944,2.0147202056113076,-7.194092797199361,2.8160493931016934
Random151
Raw:-7.188674075784878,4.0676240074297825,-3.21732358984627,-15.608188890140205,22.181034728074092,-2.322426290781246,-7.751351722429441,2.0147202056113063,-7.194092797199364,2.8160493931016943
EFT:-7.188674075784877,4.067624007429783,-3.2173235898462695,-15.608188890140214,22.18103472807409,-2.322426290781248,-7.75135172242944,2.0147202056113076,-7.194092797199361,2.8160493931016934
Random152
Raw:-7.188674075784878,4.067624007429784,-3.217323589846268,-15.60818889014022,22.18103472807409,-2.322426290781249,-7.751351722429442,2.0147202056113107,-7.194092797199363,2.8160493931016957
EFT:-7.188674075784877,4.067624007429783,-3.2173235898462695,-15.608188890140214,22.18103472807409,-2.322426290781248,-7.75135172242944,2.0147202056113076,-7.194092797199361,2.8160493931016934
Random153
Raw:-7.188674075784879,4.067624007429787,-3.2173235898462686,-15.608188890140216,22.181034728074092,-2.3224262907812476,-7.751351722429445,2.014720205611311,-7.194092797199365,2.816049393101696
EFT:-7.188674075784877,4.067624007429783,-3.2173235898462695,-15.608188890140214,22.18103472807409,-2.322426290781248,-7.75135172242944,2.0147202056113076,-7.194092797199361,2.8160493931016934
Random154
Raw:-7.188674075784874,4.067624007429783,-3.2173235898462695,-15.608188890140212,22.181034728074085,-2.3224262907812463,-7.751351722429442,2.014720205611306,-7.194092797199365,2.816049393101694
EFT:-7.188674075784877,4.067624007429783,-3.2173235898462695,-15.608188890140214,22.18103472807409,-2.322426290781248,-7.7513517224294395,2.0147202056113076,-7.194092797199361,2.8160493931016934
Random155
Raw:-7.188674075784877,4.067624007429782,-3.21732358984627,-15.608188890140216,22.18103472807409,-2.3224262907812436,-7.7513517224294395,2.0147202056113085,-7.194092797199361,2.8160493931016943
EFT:-7.188674075784877,4.067624007429783,-3.2173235898462695,-15.608188890140214,22.18103472807409,-2.322426290781248,-7.75135172242944,2.0147202056113076,-7.194092797199361,2.8160493931016934
Random156
Raw:-7.188674075784876,4.067624007429784,-3.21732358984627,-15.608188890140209,22.18103472807409,-2.3224262907812485,-7.751351722429444,2.0147202056113085,-7.194092797199364,2.8160493931016943
EFT:-7.188674075784877,4.067624007429783,-3.2173235898462695,-15.608188890140214,22.18103472807409,-2.322426290781248,-7.75135172242944,2.0147202056113076,-7.194092797199361,2.8160493931016934
Random157
Raw:-7.188674075784879,4.067624007429781,-3.217323589846269,-15.608188890140212,22.181034728074096,-2.3224262907812445,-7.751351722429443,2.014720205611306,-7.194092797199361,2.816049393101695
EFT:-7.188674075784877,4.067624007429783,-3.21732358984627,-15.608188890140214,22.18103472807409,-2.322426290781248,-7.75135172242944,2.0147202056113076,-7.194092797199361,2.8160493931016934
Random158
Raw:-7.188674075784876,4.067624007429783,-3.2173235898462695,-15.608188890140212,22.18103472807409,-2.3224262907812467,-7.751351722429436,2.0147202056113085,-7.19409279719936,2.816049393101695
EFT:-7.188674075784877,4.067624007429783,-3.2173235898462695,-15.608188890140214,22.18103472807409,-2.322426290781248,-7.75135172242944,2.014720205611307,-7.194092797199361,2.8160493931016934
Random159
Raw:-7.188674075784876,4.067624007429786,-3.217323589846268,-15.608188890140214,22.181034728074092,-2.3224262907812503,-7.751351722429445,2.014720205611311,-7.194092797199366,2.816049393101695
EFT:-7.188674075784877,4.067624007429783,-3.21732358984627,-15.608188890140214,22.18103472807409,-2.322426290781248,-7.75135172242944,2.014720205611307,-7.194092797199361,2.8160493931016934
Random160
Raw:-7.188674075784878,4.067624007429781,-3.217323589846268,-15.608188890140214,22.181034728074092,-2.3224262907812454,-7.75135172242944,2.014720205611308,-7.19409279719936,2.8160493931016948
EFT:-7.188674075784877,4.067624007429783,-3.21732358984627,-15.608188890140214,22.18103472807409,-2.322426290781248,-7.75135172242944,2.014720205611307,-7.194092797199361,2.8160493931016934
Random161
Raw:-7.1886740757848795,4.0676240074297825,-3.2173235898462664,-15.608188890140216,22.181034728074096,-2.3224262907812494,-7.7513517224294395,2.0147202056113085,-7.194092797199363,2.8160493931016934
EFT:-7.188674075784877,4.067624007429783,-3.21732358984627,-15.608188890140214,22.18103472807409,-2.322426290781248,-7.75135172242944,2.0147202056113076,-7.194092797199361,2.8160493931016934
Random162
Raw:-7.188674075784878,4.067624007429784,-3.217323589846269,-15.608188890140218,22.1810347280741,-2.322426290781247,-7.751351722429441,2.0147202056113107,-7.194092797199363,2.8160493931016926
EFT:-7.188674075784877,4.067624007429783,-3.2173235898462695,-15.608188890140214,22.18103472807409,-2.322426290781248,-7.75135172242944,2.0147202056113076,-7.194092797199361,2.8160493931016934
Random163
Raw:-7.188674075784879,4.067624007429787,-3.217323589846269,-15.608188890140212,22.181034728074096,-2.322426290781245,-7.751351722429439,2.014720205611307,-7.19409279719936,2.8160493931016903
EFT:-7.188674075784877,4.067624007429783,-3.21732358984627,-15.608188890140214,22.18103472807409,-2.322426290781248,-7.75135172242944,2.0147202056113076,-7.194092797199361,2.8160493931016934
Random164
Raw:-7.188674075784875,4.067624007429785,-3.2173235898462695,-15.608188890140214,22.18103472807409,-2.322426290781248,-7.751351722429441,2.0147202056113094,-7.194092797199362,2.8160493931016926
EFT:-7.188674075784877,4.067624007429783,-3.2173235898462695,-15.608188890140214,22.18103472807409,-2.322426290781248,-7.75135172242944,2.0147202056113076,-7.194092797199361,2.8160493931016934
Random165
Raw:-7.188674075784876,4.067624007429782,-3.2173235898462673,-15.60818889014021,22.18103472807409,-2.322426290781246,-7.75135172242944,2.0147202056113085,-7.194092797199364,2.8160493931016943
EFT:-7.188674075784877,4.067624007429783,-3.217323589846269,-15.608188890140214,22.18103472807409,-2.322426290781248,-7.7513517224294395,2.0147202056113076,-7.194092797199361,2.8160493931016934
Random166
Raw:-7.1886740757848795,4.067624007429785,-3.2173235898462704,-15.608188890140216,22.181034728074092,-2.3224262907812467,-7.75135172242944,2.014720205611311,-7.194092797199361,2.8160493931016917
EFT:-7.188674075784877,4.067624007429783,-3.2173235898462695,-15.608188890140214,22.18103472807409,-2.322426290781248,-7.75135172242944,2.0147202056113076,-7.194092797199361,2.8160493931016934
Random167
Raw:-7.188674075784876,4.067624007429787,-3.2173235898462704,-15.608188890140214,22.181034728074092,-2.3224262907812476,-7.7513517224294395,2.0147202056113094,-7.194092797199363,2.8160493931016934
EFT:-7.188674075784877,4.067624007429783,-3.2173235898462695,-15.608188890140214,22.18103472807409,-2.322426290781248,-7.7513517224294395,2.0147202056113076,-7.194092797199361,2.8160493931016934
Random168
Raw:-7.188674075784879,4.0676240074297825,-3.217323589846272,-15.608188890140212,22.18103472807409,-2.322426290781244,-7.751351722429441,2.014720205611305,-7.194092797199361,2.8160493931016943
EFT:-7.188674075784877,4.067624007429783,-3.2173235898462695,-15.608188890140214,22.18103472807409,-2.322426290781248,-7.75135172242944,2.0147202056113076,-7.194092797199361,2.8160493931016934
Random169
Raw:-7.188674075784879,4.067624007429783,-3.2173235898462718,-15.608188890140212,22.181034728074092,-2.322426290781244,-7.751351722429445,2.0147202056113076,-7.194092797199361,2.8160493931016957
EFT:-7.188674075784877,4.067624007429783,-3.2173235898462695,-15.608188890140214,22.18103472807409,-2.322426290781248,-7.75135172242944,2.0147202056113076,-7.194092797199361,2.8160493931016934
Random170
Raw:-7.188674075784876,4.067624007429784,-3.2173235898462686,-15.608188890140209,22.181034728074085,-2.3224262907812467,-7.751351722429441,2.0147202056113067,-7.194092797199359,2.8160493931016943
EFT:-7.188674075784877,4.067624007429783,-3.2173235898462695,-15.608188890140214,22.18103472807409,-2.322426290781248,-7.75135172242944,2.0147202056113076,-7.194092797199361,2.8160493931016934
Random171
Raw:-7.18867407578488,4.067624007429783,-3.21732358984627,-15.608188890140214,22.18103472807409,-2.3224262907812463,-7.751351722429443,2.01472020561131,-7.19409279719936,2.8160493931016997
EFT:-7.188674075784877,4.067624007429783,-3.21732358984627,-15.608188890140214,22.18103472807409,-2.322426290781248,-7.75135172242944,2.014720205611307,-7.194092797199361,2.8160493931016934
Random172
Raw:-7.188674075784874,4.067624007429784,-3.217323589846269,-15.608188890140212,22.181034728074092,-2.322426290781248,-7.751351722429438,2.0147202056113076,-7.194092797199363,2.8160493931016912
EFT:-7.188674075784877,4.067624007429783,-3.2173235898462695,-15.608188890140214,22.18103472807409,-2.322426290781248,-7.75135172242944,2.0147202056113076,-7.194092797199361,2.8160493931016934
Random173
Raw:-7.188674075784878,4.067624007429786,-3.21732358984627,-15.608188890140218,22.181034728074092,-2.322426290781247,-7.751351722429443,2.0147202056113094,-7.194092797199364,2.8160493931016943
EFT:-7.188674075784877,4.067624007429783,-3.2173235898462695,-15.608188890140214,22.18103472807409,-2.322426290781248,-7.7513517224294395,2.0147202056113076,-7.194092797199361,2.8160493931016934
Random174
Raw:-7.188674075784875,4.067624007429782,-3.2173235898462695,-15.608188890140212,22.181034728074092,-2.3224262907812467,-7.751351722429441,2.014720205611309,-7.1940927971993585,2.8160493931016957
EFT:-7.188674075784877,4.067624007429783,-3.2173235898462695,-15.608188890140214,22.18103472807409,-2.322426290781248,-7.75135172242944,2.0147202056113076,-7.194092797199361,2.8160493931016934
Random175
Raw:-7.188674075784879,4.067624007429785,-3.21732358984627,-15.608188890140214,22.181034728074096,-2.3224262907812507,-7.751351722429445,2.0147202056113094,-7.194092797199359,2.816049393101695
EFT:-7.188674075784877,4.067624007429783,-3.2173235898462695,-15.608188890140214,22.18103472807409,-2.322426290781248,-7.75135172242944,2.0147202056113076,-7.194092797199361,2.8160493931016934
Random176
Raw:-7.188674075784876,4.067624007429788,-3.2173235898462673,-15.608188890140216,22.181034728074096,-2.3224262907812503,-7.751351722429443,2.014720205611312,-7.194092797199364,2.8160493931016934
EFT:-7.188674075784877,4.067624007429783,-3.21732358984627,-15.608188890140214,22.18103472807409,-2.322426290781248,-7.75135172242944,2.014720205611307,-7.194092797199361,2.8160493931016934
Random177
Raw:-7.188674075784878,4.0676240074297825,-3.217323589846266,-15.60818889014021,22.18103472807409,-2.3224262907812494,-7.751351722429441,2.014720205611307,-7.194092797199366,2.8160493931016943
EFT:-7.188674075784877,4.067624007429783,-3.2173235898462695,-15.608188890140214,22.18103472807409,-2.322426290781248,-7.75135172242944,2.014720205611307,-7.194092797199361,2.8160493931016934
Random178
Raw:-7.188674075784874,4.06762400742978,-3.2173235898462704,-15.608188890140207,22.181034728074092,-2.3224262907812427,-7.751351722429443,2.014720205611305,-7.194092797199361,2.8160493931016974
EFT:-7.188674075784877,4.067624007429783,-3.2173235898462695,-15.608188890140214,22.18103472807409,-2.322426290781248,-7.75135172242944,2.0147202056113076,-7.194092797199361,2.8160493931016934
Random179
Raw:-7.188674075784877,4.067624007429785,-3.217323589846268,-15.608188890140214,22.181034728074092,-2.32242629078125,-7.751351722429442,2.0147202056113103,-7.194092797199363,2.8160493931016943
EFT:-7.188674075784877,4.067624007429783,-3.21732358984627,-15.608188890140214,22.18103472807409,-2.322426290781248,-7.75135172242944,2.014720205611307,-7.194092797199361,2.8160493931016934
Random180
Raw:-7.188674075784877,4.067624007429784,-3.21732358984627,-15.608188890140212,22.181034728074092,-2.3224262907812454,-7.751351722429441,2.014720205611307,-7.194092797199364,2.816049393101697
EFT:-7.188674075784877,4.067624007429783,-3.21732358984627,-15.608188890140214,22.18103472807409,-2.322426290781248,-7.75135172242944,2.0147202056113076,-7.194092797199361,2.8160493931016934
Random181
Raw:-7.1886740757848795,4.067624007429784,-3.2173235898462704,-15.608188890140216,22.181034728074096,-2.3224262907812485,-7.751351722429438,2.014720205611308,-7.194092797199366,2.8160493931016917
EFT:-7.188674075784877,4.067624007429783,-3.217323589846269,-15.608188890140214,22.18103472807409,-2.322426290781248,-7.7513517224294395,2.0147202056113076,-7.194092797199361,2.8160493931016934
Random182
Raw:-7.188674075784879,4.067624007429785,-3.2173235898462726,-15.608188890140214,22.181034728074092,-2.3224262907812445,-7.751351722429441,2.0147202056113094,-7.194092797199361,2.816049393101696
EFT:-7.188674075784877,4.067624007429783,-3.217323589846269,-15.608188890140214,22.18103472807409,-2.322426290781248,-7.7513517224294395,2.0147202056113076,-7.194092797199361,2.8160493931016934
Random183
Raw:-7.188674075784877,4.067624007429782,-3.2173235898462713,-15.608188890140209,22.18103472807408,-2.3224262907812467,-7.75135172242944,2.014720205611304,-7.194092797199359,2.816049393101692
EFT:-7.188674075784877,4.067624007429783,-3.2173235898462695,-15.608188890140214,22.18103472807409,-2.322426290781248,-7.7513517224294395,2.0147202056113076,-7.194092797199361,2.8160493931016934
Random184
Raw:-7.188674075784876,4.067624007429786,-3.2173235898462704,-15.608188890140214,22.18103472807409,-2.3224262907812476,-7.751351722429443,2.0147202056113085,-7.194092797199363,2.8160493931016948
EFT:-7.188674075784877,4.067624007429783,-3.2173235898462695,-15.608188890140214,22.18103472807409,-2.322426290781248,-7.7513517224294395,2.0147202056113076,-7.194092797199361,2.8160493931016934
Random185
Raw:-7.188674075784877,4.067624007429785,-3.2173235898462713,-15.608188890140218,22.181034728074092,-2.322426290781246,-7.751351722429443,2.014720205611306,-7.19409279719936,2.8160493931016943
EFT:-7.188674075784877,4.067624007429783,-3.2173235898462695,-15.608188890140214,22.18103472807409,-2.322426290781248,-7.75135172242944,2.014720205611307,-7.194092797199361,2.8160493931016934
Random186
Raw:-7.188674075784875,4.0676240074297825,-3.2173235898462673,-15.608188890140212,22.18103472807409,-2.322426290781248,-7.751351722429439,2.014720205611306,-7.19409279719936,2.8160493931016948
EFT:-7.188674075784877,4.067624007429783,-3.21732358984627,-15.608188890140214,22.18103472807409,-2.322426290781248,-7.75135172242944,2.014720205611307,-7.194092797199361,2.8160493931016934
Random187
Raw:-7.188674075784877,4.067624007429785,-3.2173235898462726,-15.608188890140214,22.181034728074092,-2.322426290781243,-7.751351722429435,2.014720205611306,-7.194092797199361,2.8160493931016886
EFT:-7.188674075784877,4.067624007429783,-3.21732358984627,-15.608188890140214,22.18103472807409,-2.322426290781248,-7.75135172242944,2.014720205611307,-7.194092797199361,2.8160493931016934
Random188
Raw:-7.188674075784878,4.067624007429788,-3.2173235898462713,-15.608188890140212,22.18103472807409,-2.3224262907812467,-7.751351722429438,2.014720205611309,-7.194092797199365,2.8160493931016926
EFT:-7.188674075784877,4.067624007429783,-3.21732358984627,-15.608188890140214,22.18103472807409,-2.322426290781248,-7.75135172242944,2.0147202056113076,-7.194092797199361,2.8160493931016934
Random189
Raw:-7.188674075784876,4.067624007429783,-3.2173235898462638,-15.608188890140218,22.181034728074092,-2.32242629078125,-7.751351722429444,2.014720205611308,-7.194092797199364,2.816049393101694
EFT:-7.188674075784877,4.067624007429783,-3.2173235898462695,-15.608188890140214,22.18103472807409,-2.322426290781248,-7.75135172242944,2.014720205611307,-7.194092797199361,2.8160493931016934
Random190
Raw:-7.188674075784877,4.067624007429784,-3.2173235898462655,-15.608188890140214,22.181034728074096,-2.32242629078125,-7.751351722429444,2.0147202056113085,-7.194092797199364,2.816049393101697
EFT:-7.188674075784877,4.067624007429783,-3.2173235898462695,-15.608188890140214,22.18103472807409,-2.322426290781248,-7.75135172242944,2.0147202056113076,-7.194092797199361,2.8160493931016934
Random191
Raw:-7.188674075784876,4.067624007429784,-3.21732358984627,-15.608188890140214,22.181034728074092,-2.3224262907812485,-7.751351722429442,2.0147202056113067,-7.194092797199359,2.8160493931016948
EFT:-7.188674075784877,4.067624007429783,-3.217323589846269,-15.608188890140214,22.18103472807409,-2.322426290781248,-7.7513517224294395,2.0147202056113076,-7.194092797199361,2.8160493931016934
Random192
Raw:-7.188674075784875,4.067624007429782,-3.2173235898462695,-15.60818889014021,22.181034728074085,-2.3224262907812467,-7.751351722429438,2.014720205611309,-7.194092797199363,2.816049393101697
EFT:-7.188674075784877,4.067624007429783,-3.2173235898462695,-15.608188890140214,22.18103472807409,-2.322426290781248,-7.75135172242944,2.0147202056113076,-7.194092797199361,2.8160493931016934
Random193
Raw:-7.188674075784874,4.067624007429784,-3.2173235898462678,-15.608188890140216,22.181034728074092,-2.3224262907812467,-7.751351722429438,2.014720205611309,-7.194092797199362,2.8160493931016917
EFT:-7.188674075784877,4.067624007429783,-3.21732358984627,-15.608188890140214,22.18103472807409,-2.322426290781248,-7.75135172242944,2.014720205611307,-7.194092797199361,2.8160493931016934
Random194
Raw:-7.188674075784877,4.067624007429786,-3.217323589846268,-15.608188890140212,22.18103472807409,-2.3224262907812494,-7.751351722429439,2.0147202056113085,-7.194092797199364,2.8160493931016948
EFT:-7.188674075784877,4.067624007429783,-3.2173235898462695,-15.608188890140214,22.18103472807409,-2.322426290781248,-7.75135172242944,2.014720205611307,-7.194092797199361,2.8160493931016934
Random195
Raw:-7.188674075784879,4.067624007429784,-3.217323589846268,-15.608188890140221,22.1810347280741,-2.3224262907812494,-7.751351722429443,2.0147202056113067,-7.194092797199367,2.816049393101693
EFT:-7.188674075784877,4.067624007429783,-3.21732358984627,-15.608188890140214,22.18103472807409,-2.322426290781248,-7.75135172242944,2.014720205611307,-7.194092797199361,2.8160493931016934
Random196
Raw:-7.188674075784879,4.067624007429785,-3.217323589846267,-15.60818889014021,22.18103472807409,-2.322426290781248,-7.7513517224294395,2.01472020561131,-7.194092797199364,2.8160493931016926
EFT:-7.188674075784877,4.067624007429783,-3.21732358984627,-15.608188890140214,22.18103472807409,-2.322426290781248,-7.75135172242944,2.014720205611307,-7.194092797199361,2.8160493931016934
Random197
Raw:-7.188674075784879,4.067624007429786,-3.2173235898462686,-15.608188890140216,22.181034728074096,-2.322426290781248,-7.7513517224294395,2.0147202056113076,-7.194092797199364,2.81604939310169
EFT:-7.188674075784877,4.067624007429783,-3.2173235898462695,-15.608188890140214,22.18103472807409,-2.322426290781248,-7.75135172242944,2.0147202056113076,-7.194092797199361,2.8160493931016934
Random198
Raw:-7.188674075784877,4.067624007429782,-3.217323589846271,-15.608188890140214,22.181034728074092,-2.3224262907812445,-7.751351722429441,2.01472020561131,-7.194092797199364,2.8160493931016948
EFT:-7.188674075784877,4.067624007429783,-3.21732358984627,-15.608188890140214,22.18103472807409,-2.322426290781248,-7.75135172242944,2.014720205611307,-7.194092797199361,2.8160493931016934
Random199
Raw:-7.188674075784875,4.067624007429786,-3.217323589846269,-15.608188890140214,22.181034728074085,-2.322426290781248,-7.751351722429442,2.0147202056113076,-7.194092797199363,2.816049393101695
EFT:-7.188674075784877,4.067624007429783,-3.2173235898462695,-15.608188890140214,22.18103472807409,-2.322426290781248,-7.75135172242944,2.0147202056113076,-7.194092797199361,2.8160493931016934
Random200
Raw:-7.188674075784874,4.067624007429782,-3.217323589846267,-15.60818889014021,22.18103472807409,-2.3224262907812476,-7.75135172242944,2.0147202056113036,-7.1940927971993585,2.8160493931016934
EFT:-7.188674075784877,4.067624007429783,-3.2173235898462695,-15.608188890140214,22.18103472807409,-2.322426290781248,-7.75135172242944,2.014720205611307,-7.194092797199361,2.8160493931016934
Random201
Raw:-7.188674075784874,4.067624007429788,-3.217323589846269,-15.608188890140216,22.181034728074092,-2.322426290781248,-7.75135172242944,2.0147202056113116,-7.194092797199361,2.8160493931016934
EFT:-7.188674075784877,4.067624007429783,-3.2173235898462695,-15.608188890140214,22.18103472807409,-2.322426290781248,-7.75135172242944,2.0147202056113076,-7.194092797199361,2.8160493931016934
Random202
Raw:-7.188674075784878,4.067624007429781,-3.21732358984627,-15.608188890140209,22.181034728074092,-2.322426290781243,-7.751351722429445,2.014720205611305,-7.194092797199363,2.8160493931016983
EFT:-7.188674075784877,4.067624007429783,-3.21732358984627,-15.608188890140214,22.18103472807409,-2.322426290781248,-7.75135172242944,2.0147202056113076,-7.194092797199361,2.8160493931016934
Random203
Raw:-7.188674075784875,4.067624007429784,-3.2173235898462678,-15.608188890140214,22.181034728074092,-2.322426290781251,-7.7513517224294395,2.0147202056113094,-7.194092797199359,2.816049393101693
EFT:-7.188674075784877,4.067624007429783,-3.2173235898462695,-15.608188890140214,22.18103472807409,-2.322426290781248,-7.75135172242944,2.014720205611307,-7.194092797199361,2.8160493931016934
Random204
Raw:-7.188674075784874,4.067624007429781,-3.2173235898462713,-15.608188890140214,22.18103472807409,-2.322426290781248,-7.751351722429439,2.014720205611309,-7.19409279719936,2.8160493931016934
EFT:-7.188674075784877,4.067624007429783,-3.21732358984627,-15.608188890140214,22.18103472807409,-2.322426290781248,-7.75135172242944,2.014720205611307,-7.194092797199361,2.8160493931016934
Random205
Raw:-7.188674075784879,4.067624007429784,-3.21732358984627,-15.60818889014021,22.18103472807409,-2.322426290781247,-7.751351722429441,2.0147202056113085,-7.19409279719936,2.816049393101693
EFT:-7.188674075784877,4.067624007429783,-3.2173235898462695,-15.608188890140214,22.18103472807409,-2.322426290781248,-7.75135172242944,2.0147202056113076,-7.194092797199361,2.8160493931016934
Random206
Raw:-7.188674075784879,4.067624007429783,-3.217323589846269,-15.608188890140216,22.181034728074096,-2.322426290781244,-7.751351722429441,2.0147202056113067,-7.1940927971993665,2.8160493931016943
EFT:-7.188674075784877,4.067624007429783,-3.217323589846269,-15.608188890140214,22.18103472807409,-2.322426290781248,-7.7513517224294395,2.0147202056113076,-7.194092797199361,2.8160493931016934
Random207
Raw:-7.188674075784876,4.067624007429785,-3.2173235898462695,-15.608188890140212,22.1810347280741,-2.322426290781245,-7.7513517224294395,2.014720205611307,-7.1940927971993585,2.8160493931016926
EFT:-7.188674075784877,4.067624007429783,-3.2173235898462695,-15.608188890140214,22.18103472807409,-2.322426290781248,-7.75135172242944,2.0147202056113076,-7.194092797199361,2.8160493931016934
Random208
Raw:-7.188674075784873,4.067624007429785,-3.21732358984627,-15.60818889014021,22.181034728074092,-2.3224262907812463,-7.751351722429442,2.0147202056113067,-7.194092797199365,2.8160493931016966
EFT:-7.188674075784877,4.067624007429783,-3.2173235898462695,-15.608188890140214,22.18103472807409,-2.322426290781248,-7.75135172242944,2.0147202056113076,-7.194092797199361,2.8160493931016934
Random209
Raw:-7.188674075784875,4.0676240074297825,-3.217323589846269,-15.608188890140214,22.181034728074085,-2.322426290781248,-7.751351722429445,2.014720205611307,-7.19409279719936,2.8160493931016966
EFT:-7.188674075784877,4.067624007429783,-3.217323589846269,-15.608188890140214,22.18103472807409,-2.322426290781248,-7.7513517224294395,2.0147202056113076,-7.194092797199361,2.8160493931016934
Random210
Raw:-7.188674075784878,4.067624007429785,-3.217323589846268,-15.608188890140218,22.1810347280741,-2.3224262907812485,-7.751351722429447,2.014720205611309,-7.194092797199366,2.8160493931016943
EFT:-7.188674075784877,4.067624007429783,-3.217323589846269,-15.608188890140214,22.18103472807409,-2.322426290781248,-7.7513517224294395,2.0147202056113076,-7.194092797199361,2.8160493931016934
Random211
Raw:-7.188674075784877,4.067624007429786,-3.2173235898462686,-15.608188890140216,22.18103472807409,-2.32242629078125,-7.751351722429441,2.014720205611309,-7.194092797199363,2.816049393101693
EFT:-7.188674075784877,4.067624007429783,-3.21732358984627,-15.608188890140214,22.18103472807409,-2.322426290781248,-7.75135172242944,2.014720205611307,-7.194092797199361,2.8160493931016934
Random212
Raw:-7.188674075784879,4.067624007429786,-3.2173235898462686,-15.608188890140214,22.181034728074092,-2.322426290781249,-7.75135172242944,2.014720205611309,-7.194092797199361,2.816049393101697
EFT:-7.188674075784877,4.067624007429783,-3.21732358984627,-15.608188890140214,22.18103472807409,-2.322426290781248,-7.75135172242944,2.014720205611307,-7.194092797199361,2.8160493931016934
Random213
Raw:-7.188674075784874,4.067624007429783,-3.217323589846269,-15.608188890140214,22.181034728074096,-2.3224262907812476,-7.751351722429446,2.0147202056113063,-7.194092797199364,2.816049393101697
EFT:-7.188674075784877,4.067624007429783,-3.2173235898462695,-15.608188890140214,22.18103472807409,-2.322426290781248,-7.75135172242944,2.014720205611307,-7.194092797199361,2.8160493931016934
Random214
Raw:-7.1886740757848795,4.067624007429783,-3.2173235898462704,-15.608188890140209,22.18103472807409,-2.322426290781246,-7.751351722429445,2.0147202056113067,-7.19409279719936,2.8160493931016948
EFT:-7.188674075784877,4.067624007429783,-3.21732358984627,-15.608188890140214,22.18103472807409,-2.322426290781248,-7.75135172242944,2.014720205611307,-7.194092797199361,2.8160493931016934
Random215
Raw:-7.188674075784878,4.0676240074297825,-3.217323589846268,-15.608188890140212,22.181034728074092,-2.322426290781251,-7.751351722429441,2.0147202056113076,-7.19409279719936,2.8160493931016926
EFT:-7.188674075784877,4.067624007429783,-3.2173235898462695,-15.608188890140214,22.18103472807409,-2.322426290781248,-7.75135172242944,2.0147202056113076,-7.194092797199361,2.8160493931016934
Random216
Raw:-7.188674075784875,4.067624007429783,-3.21732358984627,-15.608188890140212,22.18103472807409,-2.322426290781246,-7.75135172242944,2.01472020561131,-7.194092797199362,2.8160493931016943
EFT:-7.188674075784877,4.067624007429783,-3.2173235898462695,-15.608188890140214,22.18103472807409,-2.322426290781248,-7.7513517224294395,2.0147202056113076,-7.194092797199361,2.8160493931016934
Random217
Raw:-7.188674075784879,4.067624007429784,-3.2173235898462686,-15.60818889014021,22.181034728074092,-2.3224262907812494,-7.751351722429439,2.014720205611307,-7.194092797199362,2.816049393101696
EFT:-7.188674075784877,4.067624007429783,-3.2173235898462695,-15.608188890140214,22.18103472807409,-2.322426290781248,-7.75135172242944,2.014720205611307,-7.194092797199361,2.8160493931016934
Random218
Raw:-7.188674075784877,4.0676240074297825,-3.21732358984627,-15.60818889014021,22.181034728074085,-2.3224262907812445,-7.751351722429442,2.0147202056113067,-7.194092797199362,2.8160493931016974
EFT:-7.188674075784877,4.067624007429783,-3.2173235898462695,-15.608188890140214,22.18103472807409,-2.322426290781248,-7.75135172242944,2.0147202056113076,-7.194092797199361,2.8160493931016934
Random219
Raw:-7.1886740757848795,4.0676240074297825,-3.2173235898462673,-15.608188890140212,22.181034728074092,-2.322426290781247,-7.75135172242944,2.0147202056113094,-7.194092797199364,2.816049393101696
EFT:-7.188674075784877,4.067624007429783,-3.2173235898462695,-15.608188890140214,22.18103472807409,-2.322426290781248,-7.75135172242944,2.0147202056113076,-7.194092797199361,2.8160493931016934
Random220
Raw:-7.1886740757848795,4.067624007429785,-3.217323589846268,-15.608188890140212,22.1810347280741,-2.3224262907812476,-7.751351722429438,2.0147202056113085,-7.194092797199363,2.816049393101691
EFT:-7.188674075784877,4.067624007429783,-3.21732358984627,-15.608188890140214,22.18103472807409,-2.322426290781248,-7.75135172242944,2.014720205611307,-7.194092797199361,2.8160493931016934
Random221
Raw:-7.188674075784875,4.067624007429786,-3.217323589846269,-15.60818889014021,22.181034728074092,-2.322426290781248,-7.75135172242944,2.014720205611311,-7.194092797199366,2.8160493931016943
EFT:-7.188674075784877,4.067624007429783,-3.2173235898462695,-15.608188890140214,22.18103472807409,-2.322426290781248,-7.75135172242944,2.014720205611307,-7.194092797199361,2.8160493931016934
Random222
Raw:-7.188674075784872,4.067624007429784,-3.217323589846268,-15.60818889014021,22.181034728074092,-2.3224262907812476,-7.751351722429443,2.0147202056113063,-7.1940927971993585,2.816049393101694
EFT:-7.188674075784877,4.067624007429783,-3.21732358984627,-15.608188890140214,22.18103472807409,-2.322426290781248,-7.75135172242944,2.014720205611307,-7.194092797199361,2.8160493931016934
Random223
Raw:-7.1886740757848795,4.067624007429785,-3.217323589846268,-15.608188890140212,22.181034728074096,-2.3224262907812507,-7.751351722429441,2.014720205611306,-7.194092797199364,2.8160493931016943
EFT:-7.188674075784877,4.067624007429783,-3.2173235898462695,-15.608188890140214,22.18103472807409,-2.322426290781248,-7.75135172242944,2.0147202056113076,-7.194092797199361,2.8160493931016934
Random224
Raw:-7.188674075784879,4.067624007429783,-3.21732358984627,-15.60818889014021,22.18103472807409,-2.3224262907812463,-7.751351722429444,2.0147202056113067,-7.194092797199361,2.8160493931016974
EFT:-7.188674075784877,4.067624007429783,-3.2173235898462695,-15.608188890140214,22.18103472807409,-2.322426290781248,-7.75135172242944,2.0147202056113076,-7.194092797199361,2.8160493931016934
Random225
Raw:-7.18867407578488,4.067624007429785,-3.217323589846269,-15.608188890140218,22.181034728074096,-2.3224262907812463,-7.751351722429444,2.0147202056113085,-7.194092797199364,2.8160493931016934
EFT:-7.188674075784877,4.067624007429783,-3.2173235898462695,-15.608188890140214,22.18103472807409,-2.322426290781248,-7.75135172242944,2.0147202056113076,-7.194092797199361,2.8160493931016934
Random226
Raw:-7.188674075784874,4.067624007429783,-3.217323589846268,-15.608188890140212,22.18103472807409,-2.322426290781249,-7.751351722429441,2.0147202056113067,-7.194092797199362,2.8160493931016943
EFT:-7.188674075784877,4.067624007429783,-3.21732358984627,-15.608188890140214,22.18103472807409,-2.322426290781248,-7.75135172242944,2.014720205611307,-7.194092797199361,2.8160493931016934
Random227
Raw:-7.188674075784874,4.067624007429785,-3.2173235898462686,-15.60818889014021,22.181034728074085,-2.32242629078125,-7.751351722429444,2.0147202056113103,-7.194092797199362,2.816049393101698
EFT:-7.188674075784877,4.067624007429783,-3.21732358984627,-15.608188890140214,22.18103472807409,-2.322426290781248,-7.75135172242944,2.0147202056113076,-7.194092797199361,2.8160493931016934
Random228
Raw:-7.188674075784876,4.067624007429785,-3.2173235898462695,-15.608188890140214,22.181034728074092,-2.3224262907812463,-7.751351722429441,2.014720205611309,-7.194092797199365,2.8160493931016917
EFT:-7.188674075784877,4.067624007429783,-3.2173235898462695,-15.608188890140214,22.18103472807409,-2.322426290781248,-7.75135172242944,2.0147202056113076,-7.194092797199361,2.8160493931016934
Random229
Raw:-7.188674075784879,4.067624007429788,-3.2173235898462686,-15.608188890140216,22.1810347280741,-2.322426290781248,-7.751351722429443,2.0147202056113107,-7.194092797199366,2.8160493931016943
EFT:-7.188674075784877,4.067624007429783,-3.2173235898462695,-15.608188890140214,22.18103472807409,-2.322426290781248,-7.75135172242944,2.0147202056113076,-7.194092797199361,2.8160493931016934
Random230
Raw:-7.188674075784876,4.067624007429783,-3.2173235898462695,-15.60818889014021,22.18103472807409,-2.3224262907812445,-7.751351722429441,2.0147202056113094,-7.194092797199359,2.816049393101691
EFT:-7.188674075784877,4.067624007429783,-3.2173235898462695,-15.608188890140214,22.18103472807409,-2.322426290781248,-7.75135172242944,2.0147202056113076,-7.194092797199361,2.8160493931016934
Random231
Raw:-7.188674075784873,4.0676240074297825,-3.217323589846269,-15.608188890140214,22.18103472807409,-2.3224262907812476,-7.75135172242944,2.014720205611312,-7.194092797199366,2.8160493931016948
EFT:-7.188674075784877,4.067624007429783,-3.21732358984627,-15.608188890140214,22.18103472807409,-2.322426290781248,-7.75135172242944,2.0147202056113076,-7.194092797199361,2.8160493931016934
Random232
Raw:-7.188674075784876,4.067624007429785,-3.2173235898462718,-15.608188890140216,22.1810347280741,-2.3224262907812485,-7.751351722429438,2.01472020561131,-7.19409279719936,2.81604939310169
EFT:-7.188674075784877,4.067624007429783,-3.2173235898462695,-15.608188890140214,22.18103472807409,-2.322426290781248,-7.75135172242944,2.014720205611307,-7.194092797199361,2.8160493931016934
Random233
Raw:-7.1886740757848795,4.067624007429784,-3.217323589846272,-15.608188890140216,22.18103472807409,-2.322426290781249,-7.751351722429443,2.014720205611309,-7.194092797199363,2.8160493931016943
EFT:-7.188674075784877,4.067624007429783,-3.21732358984627,-15.608188890140214,22.18103472807409,-2.322426290781248,-7.75135172242944,2.0147202056113076,-7.194092797199361,2.8160493931016934
Random234
Raw:-7.188674075784875,4.067624007429785,-3.2173235898462686,-15.60818889014021,22.18103472807409,-2.3224262907812503,-7.751351722429443,2.0147202056113103,-7.194092797199363,2.8160493931016943
EFT:-7.188674075784877,4.067624007429783,-3.2173235898462695,-15.608188890140214,22.18103472807409,-2.322426290781248,-7.75135172242944,2.0147202056113076,-7.194092797199361,2.8160493931016934
Random235
Raw:-7.188674075784875,4.067624007429776,-3.217323589846269,-15.608188890140207,22.18103472807408,-2.3224262907812445,-7.75135172242944,2.0147202056113063,-7.194092797199359,2.816049393101695
EFT:-7.188674075784877,4.067624007429783,-3.21732358984627,-15.608188890140214,22.18103472807409,-2.322426290781248,-7.75135172242944,2.0147202056113076,-7.194092797199361,2.8160493931016934
Random236
Raw:-7.188674075784879,4.0676240074297825,-3.217323589846267,-15.60818889014021,22.18103472807409,-2.3224262907812485,-7.751351722429439,2.014720205611309,-7.1940927971993665,2.8160493931016934
EFT:-7.188674075784877,4.067624007429783,-3.2173235898462695,-15.608188890140214,22.18103472807409,-2.322426290781248,-7.75135172242944,2.0147202056113076,-7.194092797199361,2.8160493931016934
Random237
Raw:-7.188674075784878,4.067624007429784,-3.2173235898462695,-15.608188890140212,22.181034728074092,-2.322426290781246,-7.751351722429442,2.01472020561131,-7.194092797199364,2.8160493931016943
EFT:-7.188674075784877,4.067624007429783,-3.2173235898462695,-15.608188890140214,22.18103472807409,-2.322426290781248,-7.75135172242944,2.014720205611307,-7.194092797199361,2.8160493931016934
Random238
Raw:-7.188674075784877,4.067624007429786,-3.21732358984627,-15.608188890140214,22.181034728074092,-2.322426290781246,-7.75135172242944,2.014720205611307,-7.194092797199364,2.8160493931016934
EFT:-7.188674075784877,4.067624007429783,-3.217323589846269,-15.608188890140214,22.18103472807409,-2.322426290781248,-7.7513517224294395,2.0147202056113076,-7.194092797199361,2.8160493931016934
Random239
Raw:-7.188674075784877,4.067624007429785,-3.2173235898462686,-15.608188890140216,22.181034728074096,-2.322426290781246,-7.75135172242944,2.0147202056113085,-7.194092797199361,2.8160493931016948
EFT:-7.188674075784877,4.067624007429783,-3.2173235898462695,-15.608188890140214,22.18103472807409,-2.322426290781248,-7.75135172242944,2.0147202056113076,-7.194092797199361,2.8160493931016934
Random240
Raw:-7.188674075784875,4.067624007429783,-3.217323589846269,-15.60818889014021,22.181034728074092,-2.3224262907812476,-7.751351722429436,2.0147202056113076,-7.1940927971993585,2.8160493931016926
EFT:-7.188674075784877,4.067624007429783,-3.2173235898462695,-15.608188890140214,22.18103472807409,-2.322426290781248,-7.75135172242944,2.0147202056113076,-7.194092797199361,2.8160493931016934
Random241
Raw:-7.188674075784873,4.067624007429781,-3.217323589846269,-15.608188890140216,22.18103472807409,-2.3224262907812467,-7.751351722429446,2.014720205611308,-7.19409279719936,2.816049393101697
EFT:-7.188674075784877,4.067624007429783,-3.2173235898462695,-15.608188890140214,22.18103472807409,-2.322426290781248,-7.75135172242944,2.0147202056113076,-7.194092797199361,2.8160493931016934
Random242
Raw:-7.188674075784875,4.067624007429783,-3.2173235898462686,-15.608188890140212,22.18103472807409,-2.3224262907812467,-7.75135172242944,2.01472020561131,-7.194092797199362,2.8160493931016917
EFT:-7.188674075784877,4.067624007429783,-3.2173235898462695,-15.608188890140214,22.18103472807409,-2.322426290781248,-7.75135172242944,2.0147202056113076,-7.194092797199361,2.8160493931016934
Random243
Raw:-7.188674075784876,4.067624007429784,-3.2173235898462718,-15.608188890140214,22.181034728074092,-2.322426290781246,-7.751351722429445,2.0147202056113116,-7.194092797199362,2.8160493931016997
EFT:-7.188674075784877,4.067624007429783,-3.2173235898462695,-15.608188890140214,22.18103472807409,-2.322426290781248,-7.75135172242944,2.0147202056113076,-7.194092797199361,2.8160493931016934
Random244
Raw:-7.188674075784876,4.0676240074297825,-3.2173235898462718,-15.608188890140214,22.181034728074096,-2.3224262907812463,-7.7513517224294395,2.014720205611306,-7.194092797199361,2.8160493931016934
EFT:-7.188674075784877,4.067624007429783,-3.2173235898462695,-15.608188890140214,22.18103472807409,-2.322426290781248,-7.75135172242944,2.014720205611307,-7.194092797199361,2.8160493931016934
Random245
Raw:-7.188674075784874,4.0676240074297825,-3.2173235898462695,-15.608188890140212,22.18103472807409,-2.322426290781247,-7.751351722429437,2.014720205611307,-7.194092797199361,2.816049393101692
EFT:-7.188674075784877,4.067624007429783,-3.21732358984627,-15.608188890140214,22.18103472807409,-2.322426290781248,-7.75135172242944,2.014720205611307,-7.194092797199361,2.8160493931016934
Random246
Raw:-7.188674075784875,4.067624007429784,-3.21732358984627,-15.608188890140212,22.181034728074085,-2.3224262907812494,-7.751351722429443,2.0147202056113076,-7.194092797199362,2.8160493931016957
EFT:-7.188674075784877,4.067624007429783,-3.2173235898462695,-15.608188890140214,22.18103472807409,-2.322426290781248,-7.75135172242944,2.0147202056113076,-7.194092797199361,2.8160493931016934
Random247
Raw:-7.188674075784875,4.067624007429784,-3.2173235898462726,-15.608188890140218,22.18103472807409,-2.3224262907812454,-7.751351722429443,2.014720205611305,-7.19409279719936,2.8160493931016943
EFT:-7.188674075784877,4.067624007429783,-3.21732358984627,-15.608188890140214,22.18103472807409,-2.322426290781248,-7.75135172242944,2.014720205611307,-7.194092797199361,2.8160493931016934
Random248
Raw:-7.188674075784876,4.067624007429785,-3.21732358984627,-15.608188890140212,22.181034728074096,-2.322426290781247,-7.751351722429445,2.014720205611312,-7.194092797199369,2.8160493931016974
EFT:-7.188674075784877,4.067624007429783,-3.2173235898462695,-15.608188890140214,22.18103472807409,-2.322426290781248,-7.75135172242944,2.0147202056113076,-7.194092797199361,2.8160493931016934
Random249
Raw:-7.188674075784878,4.0676240074297825,-3.217323589846268,-15.608188890140214,22.181034728074092,-2.322426290781245,-7.751351722429442,2.014720205611309,-7.194092797199365,2.8160493931016957
EFT:-7.188674075784877,4.067624007429783,-3.2173235898462695,-15.608188890140214,22.18103472807409,-2.322426290781248,-7.75135172242944,2.0147202056113076,-7.194092797199361,2.8160493931016934
Random250
Raw:-7.188674075784878,4.0676240074297825,-3.217323589846268,-15.60818889014021,22.18103472807409,-2.3224262907812463,-7.751351722429438,2.0147202056113063,-7.194092797199362,2.8160493931016926
EFT:-7.188674075784877,4.067624007429783,-3.2173235898462695,-15.608188890140214,22.18103472807409,-2.322426290781248,-7.75135172242944,2.0147202056113076,-7.194092797199361,2.8160493931016934
Random251
Raw:-7.188674075784879,4.067624007429781,-3.2173235898462713,-15.60818889014021,22.181034728074096,-2.3224262907812445,-7.751351722429443,2.014720205611308,-7.194092797199364,2.816049393101698
EFT:-7.188674075784877,4.067624007429783,-3.2173235898462695,-15.608188890140214,22.18103472807409,-2.322426290781248,-7.75135172242944,2.0147202056113076,-7.194092797199361,2.8160493931016934
Random252
Raw:-7.188674075784878,4.067624007429785,-3.2173235898462695,-15.608188890140212,22.18103472807409,-2.322426290781246,-7.751351722429442,2.0147202056113085,-7.194092797199362,2.816049393101695
EFT:-7.188674075784877,4.067624007429783,-3.2173235898462695,-15.608188890140214,22.18103472807409,-2.322426290781248,-7.75135172242944,2.014720205611307,-7.194092797199361,2.8160493931016934
Random253
Raw:-7.188674075784878,4.067624007429787,-3.2173235898462686,-15.608188890140216,22.181034728074092,-2.3224262907812463,-7.751351722429441,2.014720205611308,-7.19409279719936,2.816049393101692
EFT:-7.188674075784877,4.067624007429783,-3.2173235898462695,-15.608188890140214,22.18103472807409,-2.322426290781248,-7.75135172242944,2.0147202056113076,-7.194092797199361,2.8160493931016934
Random254
Raw:-7.188674075784874,4.0676240074297825,-3.217323589846269,-15.60818889014021,22.181034728074092,-2.322426290781247,-7.7513517224294395,2.014720205611308,-7.194092797199359,2.816049393101695
EFT:-7.188674075784877,4.067624007429783,-3.2173235898462695,-15.608188890140214,22.18103472807409,-2.322426290781248,-7.75135172242944,2.0147202056113076,-7.194092797199361,2.8160493931016934
Random255
Raw:-7.188674075784879,4.067624007429784,-3.21732358984627,-15.608188890140218,22.181034728074085,-2.322426290781248,-7.751351722429443,2.0147202056113076,-7.194092797199362,2.8160493931016943
EFT:-7.188674075784877,4.067624007429783,-3.21732358984627,-15.608188890140214,22.18103472807409,-2.322426290781248,-7.75135172242944,2.0147202056113076,-7.194092797199361,2.8160493931016934
Random256
Raw:-7.188674075784877,4.0676240074297825,-3.217323589846266,-15.608188890140212,22.181034728074085,-2.3224262907812507,-7.751351722429441,2.014720205611308,-7.19409279719936,2.816049393101693
EFT:-7.188674075784877,4.067624007429783,-3.21732358984627,-15.608188890140214,22.18103472807409,-2.322426290781248,-7.75135172242944,2.014720205611307,-7.194092797199361,2.8160493931016934
Random257
Raw:-7.188674075784874,4.067624007429783,-3.2173235898462704,-15.608188890140207,22.18103472807409,-2.3224262907812467,-7.751351722429443,2.014720205611308,-7.194092797199361,2.8160493931016966
EFT:-7.188674075784877,4.067624007429783,-3.2173235898462695,-15.608188890140214,22.18103472807409,-2.322426290781248,-7.75135172242944,2.014720205611307,-7.194092797199361,2.8160493931016934
Random258
Raw:-7.188674075784873,4.067624007429781,-3.217323589846269,-15.608188890140214,22.18103472807409,-2.3224262907812463,-7.75135172242944,2.0147202056113067,-7.19409279719936,2.8160493931016934
EFT:-7.188674075784877,4.067624007429783,-3.2173235898462695,-15.608188890140214,22.18103472807409,-2.322426290781248,-7.75135172242944,2.014720205611307,-7.194092797199361,2.8160493931016934
Random259
Raw:-7.188674075784878,4.067624007429784,-3.2173235898462695,-15.60818889014021,22.18103472807409,-2.3224262907812467,-7.75135172242944,2.0147202056113067,-7.194092797199364,2.8160493931016903
EFT:-7.188674075784877,4.067624007429783,-3.2173235898462695,-15.608188890140214,22.18103472807409,-2.322426290781248,-7.75135172242944,2.0147202056113076,-7.194092797199361,2.8160493931016934
Random260
Raw:-7.188674075784878,4.067624007429781,-3.217323589846269,-15.608188890140209,22.18103472807409,-2.322426290781246,-7.751351722429443,2.014720205611306,-7.194092797199364,2.8160493931016948
EFT:-7.188674075784877,4.067624007429783,-3.2173235898462695,-15.608188890140214,22.18103472807409,-2.322426290781248,-7.75135172242944,2.014720205611307,-7.194092797199361,2.8160493931016934
Random261
Raw:-7.188674075784877,4.067624007429785,-3.2173235898462704,-15.608188890140216,22.181034728074092,-2.322426290781249,-7.751351722429437,2.0147202056113054,-7.19409279719936,2.816049393101692
EFT:-7.188674075784877,4.067624007429783,-3.21732358984627,-15.608188890140214,22.18103472807409,-2.322426290781248,-7.75135172242944,2.0147202056113076,-7.194092797199361,2.8160493931016934
Random262
Raw:-7.188674075784876,4.067624007429785,-3.2173235898462713,-15.608188890140214,22.181034728074096,-2.322426290781245,-7.751351722429441,2.014720205611312,-7.194092797199362,2.816049393101693
EFT:-7.188674075784877,4.067624007429783,-3.2173235898462695,-15.608188890140214,22.18103472807409,-2.322426290781248,-7.75135172242944,2.0147202056113076,-7.194092797199361,2.8160493931016934
Random263
Raw:-7.188674075784879,4.067624007429786,-3.217323589846269,-15.608188890140212,22.18103472807409,-2.3224262907812476,-7.751351722429441,2.0147202056113076,-7.194092797199362,2.816049393101693
EFT:-7.188674075784877,4.067624007429783,-3.21732358984627,-15.608188890140214,22.18103472807409,-2.322426290781248,-7.75135172242944,2.0147202056113076,-7.194092797199361,2.8160493931016934
Random264
Raw:-7.188674075784877,4.067624007429781,-3.2173235898462686,-15.608188890140212,22.181034728074085,-2.3224262907812467,-7.751351722429443,2.0147202056113085,-7.194092797199362,2.816049393101695
EFT:-7.188674075784877,4.067624007429783,-3.2173235898462695,-15.608188890140214,22.18103472807409,-2.322426290781248,-7.75135172242944,2.0147202056113076,-7.194092797199361,2.8160493931016934
Random265
Raw:-7.188674075784873,4.067624007429784,-3.217323589846269,-15.608188890140212,22.181034728074092,-2.3224262907812485,-7.751351722429441,2.0147202056113103,-7.194092797199361,2.8160493931016934
EFT:-7.188674075784877,4.067624007429783,-3.2173235898462695,-15.608188890140214,22.18103472807409,-2.322426290781248,-7.75135172242944,2.0147202056113076,-7.194092797199361,2.8160493931016934
Random266
Raw:-7.188674075784873,4.067624007429784,-3.2173235898462673,-15.608188890140214,22.181034728074092,-2.322426290781249,-7.751351722429441,2.014720205611306,-7.194092797199365,2.8160493931016934
EFT:-7.188674075784877,4.067624007429783,-3.2173235898462695,-15.608188890140214,22.18103472807409,-2.322426290781248,-7.75135172242944,2.0147202056113076,-7.194092797199361,2.8160493931016934
Random267
Raw:-7.188674075784879,4.067624007429786,-3.2173235898462726,-15.608188890140216,22.181034728074092,-2.322426290781246,-7.751351722429442,2.0147202056113103,-7.194092797199364,2.8160493931016957
EFT:-7.188674075784877,4.067624007429783,-3.217323589846269,-15.608188890140214,22.18103472807409,-2.322426290781248,-7.7513517224294395,2.0147202056113076,-7.194092797199361,2.8160493931016934
Random268
Raw:-7.188674075784877,4.067624007429788,-3.2173235898462655,-15.608188890140212,22.181034728074092,-2.3224262907812503,-7.75135172242944,2.014720205611312,-7.194092797199367,2.816049393101696
EFT:-7.188674075784877,4.067624007429783,-3.2173235898462695,-15.608188890140214,22.18103472807409,-2.322426290781248,-7.75135172242944,2.0147202056113076,-7.194092797199361,2.8160493931016934
Random269
Raw:-7.188674075784878,4.0676240074297825,-3.217323589846271,-15.608188890140214,22.181034728074092,-2.322426290781246,-7.751351722429443,2.0147202056113103,-7.194092797199364,2.8160493931016934
EFT:-7.188674075784877,4.067624007429783,-3.217323589846269,-15.608188890140214,22.18103472807409,-2.322426290781248,-7.7513517224294395,2.0147202056113076,-7.194092797199361,2.8160493931016934
Random270
Raw:-7.188674075784877,4.067624007429785,-3.2173235898462686,-15.60818889014021,22.18103472807409,-2.3224262907812467,-7.7513517224294395,2.014720205611309,-7.194092797199363,2.8160493931016926
EFT:-7.188674075784877,4.067624007429783,-3.2173235898462695,-15.608188890140214,22.18103472807409,-2.322426290781248,-7.75135172242944,2.0147202056113076,-7.194092797199361,2.8160493931016934
Random271
Raw:-7.188674075784874,4.067624007429784,-3.2173235898462713,-15.608188890140216,22.181034728074092,-2.3224262907812485,-7.751351722429445,2.0147202056113094,-7.19409279719936,2.8160493931016983
EFT:-7.188674075784877,4.067624007429783,-3.21732358984627,-15.608188890140214,22.18103472807409,-2.322426290781248,-7.75135172242944,2.014720205611307,-7.194092797199361,2.8160493931016934
Random272
Raw:-7.188674075784878,4.0676240074297825,-3.21732358984627,-15.60818889014021,22.18103472807409,-2.322426290781248,-7.751351722429441,2.0147202056113094,-7.194092797199361,2.8160493931016974
EFT:-7.188674075784877,4.067624007429783,-3.217323589846269,-15.608188890140214,22.18103472807409,-2.322426290781248,-7.7513517224294395,2.0147202056113076,-7.194092797199361,2.8160493931016934
Random273
Raw:-7.188674075784879,4.067624007429781,-3.21732358984627,-15.608188890140214,22.181034728074096,-2.3224262907812445,-7.751351722429447,2.0147202056113094,-7.194092797199365,2.8160493931016948
EFT:-7.188674075784877,4.067624007429783,-3.2173235898462695,-15.608188890140214,22.18103472807409,-2.322426290781248,-7.75135172242944,2.0147202056113076,-7.194092797199361,2.8160493931016934
Random274
Raw:-7.188674075784879,4.067624007429784,-3.2173235898462678,-15.608188890140209,22.181034728074092,-2.322426290781247,-7.751351722429436,2.014720205611308,-7.194092797199359,2.816049393101692
EFT:-7.188674075784877,4.067624007429783,-3.21732358984627,-15.608188890140214,22.18103472807409,-2.322426290781248,-7.75135172242944,2.014720205611307,-7.194092797199361,2.8160493931016934
Random275
Raw:-7.188674075784874,4.067624007429786,-3.2173235898462673,-15.608188890140214,22.181034728074092,-2.322426290781253,-7.751351722429442,2.014720205611307,-7.194092797199362,2.8160493931016934
EFT:-7.188674075784877,4.067624007429783,-3.2173235898462695,-15.608188890140214,22.18103472807409,-2.322426290781248,-7.75135172242944,2.014720205611307,-7.194092797199361,2.8160493931016934
Random276
Raw:-7.188674075784873,4.067624007429784,-3.2173235898462695,-15.608188890140218,22.18103472807409,-2.3224262907812476,-7.75135172242944,2.01472020561131,-7.19409279719936,2.8160493931016917
EFT:-7.188674075784877,4.067624007429783,-3.2173235898462695,-15.608188890140214,22.18103472807409,-2.322426290781248,-7.75135172242944,2.0147202056113076,-7.194092797199361,2.8160493931016934
Random277
Raw:-7.188674075784874,4.067624007429785,-3.2173235898462664,-15.60818889014021,22.181034728074092,-2.3224262907812516,-7.751351722429446,2.0147202056113085,-7.194092797199366,2.816049393101696
EFT:-7.188674075784877,4.067624007429783,-3.2173235898462695,-15.608188890140214,22.18103472807409,-2.322426290781248,-7.75135172242944,2.0147202056113076,-7.194092797199361,2.8160493931016934
Random278
Raw:-7.1886740757848795,4.067624007429783,-3.2173235898462744,-15.608188890140214,22.181034728074092,-2.3224262907812454,-7.75135172242944,2.0147202056113107,-7.194092797199364,2.816049393101693
EFT:-7.188674075784877,4.067624007429783,-3.2173235898462695,-15.608188890140214,22.18103472807409,-2.322426290781248,-7.75135172242944,2.0147202056113076,-7.194092797199361,2.8160493931016934
Random279
Raw:-7.1886740757848795,4.067624007429783,-3.21732358984627,-15.608188890140218,22.181034728074085,-2.3224262907812503,-7.751351722429445,2.014720205611312,-7.194092797199362,2.816049393101696
EFT:-7.188674075784877,4.067624007429783,-3.217323589846269,-15.608188890140214,22.18103472807409,-2.322426290781248,-7.7513517224294395,2.0147202056113076,-7.194092797199361,2.8160493931016934
Random280
Raw:-7.188674075784878,4.067624007429781,-3.2173235898462695,-15.608188890140209,22.181034728074085,-2.322426290781244,-7.751351722429443,2.0147202056113094,-7.194092797199363,2.8160493931016948
EFT:-7.188674075784877,4.067624007429783,-3.2173235898462695,-15.608188890140214,22.18103472807409,-2.322426290781248,-7.75135172242944,2.0147202056113076,-7.194092797199361,2.8160493931016934
Random281
Raw:-7.188674075784878,4.067624007429783,-3.2173235898462704,-15.608188890140214,22.181034728074085,-2.3224262907812467,-7.751351722429441,2.0147202056113063,-7.194092797199359,2.816049393101693
EFT:-7.188674075784877,4.067624007429783,-3.2173235898462695,-15.608188890140214,22.18103472807409,-2.322426290781248,-7.75135172242944,2.0147202056113076,-7.194092797199361,2.8160493931016934
Random282
Raw:-7.188674075784874,4.067624007429783,-3.217323589846269,-15.60818889014021,22.181034728074096,-2.3224262907812476,-7.751351722429441,2.014720205611313,-7.194092797199363,2.8160493931016988
EFT:-7.188674075784877,4.067624007429783,-3.21732358984627,-15.608188890140214,22.18103472807409,-2.322426290781248,-7.75135172242944,2.014720205611307,-7.194092797199361,2.8160493931016934
Random283
Raw:-7.188674075784875,4.0676240074297825,-3.217323589846271,-15.60818889014021,22.18103472807409,-2.3224262907812436,-7.751351722429439,2.0147202056113085,-7.19409279719936,2.816049393101692
EFT:-7.188674075784877,4.067624007429783,-3.2173235898462695,-15.608188890140214,22.18103472807409,-2.322426290781248,-7.75135172242944,2.0147202056113076,-7.194092797199361,2.8160493931016934
Random284
Raw:-7.188674075784876,4.06762400742979,-3.21732358984627,-15.608188890140218,22.181034728074092,-2.322426290781246,-7.75135172242944,2.0147202056113085,-7.194092797199362,2.816049393101694
EFT:-7.188674075784877,4.067624007429783,-3.2173235898462695,-15.608188890140214,22.18103472807409,-2.322426290781248,-7.75135172242944,2.0147202056113076,-7.194092797199361,2.8160493931016934
Random285
Raw:-7.18867407578488,4.067624007429787,-3.21732358984627,-15.608188890140218,22.181034728074096,-2.3224262907812463,-7.75135172242944,2.014720205611308,-7.194092797199361,2.816049393101695
EFT:-7.188674075784877,4.067624007429783,-3.2173235898462695,-15.608188890140214,22.18103472807409,-2.322426290781248,-7.75135172242944,2.0147202056113076,-7.194092797199361,2.8160493931016934
Random286
Raw:-7.188674075784878,4.067624007429782,-3.217323589846268,-15.608188890140216,22.181034728074096,-2.3224262907812427,-7.75135172242944,2.014720205611308,-7.194092797199362,2.816049393101696
EFT:-7.188674075784877,4.067624007429783,-3.2173235898462695,-15.608188890140214,22.18103472807409,-2.322426290781248,-7.75135172242944,2.0147202056113076,-7.194092797199361,2.8160493931016934
Random287
Raw:-7.188674075784877,4.067624007429782,-3.217323589846271,-15.608188890140212,22.181034728074085,-2.3224262907812476,-7.751351722429441,2.014720205611308,-7.194092797199365,2.816049393101696
EFT:-7.188674075784877,4.067624007429783,-3.2173235898462695,-15.608188890140214,22.18103472807409,-2.322426290781248,-7.75135172242944,2.014720205611307,-7.194092797199361,2.8160493931016934
Random288
Raw:-7.188674075784875,4.067624007429782,-3.217323589846269,-15.60818889014021,22.18103472807409,-2.322426290781247,-7.751351722429439,2.0147202056113103,-7.194092797199361,2.8160493931016974
EFT:-7.188674075784877,4.067624007429783,-3.2173235898462695,-15.608188890140214,22.18103472807409,-2.322426290781248,-7.75135172242944,2.014720205611307,-7.194092797199361,2.8160493931016934
Random289
Raw:-7.188674075784878,4.067624007429783,-3.217323589846268,-15.608188890140209,22.181034728074096,-2.322426290781246,-7.751351722429439,2.014720205611308,-7.194092797199361,2.816049393101695
EFT:-7.188674075784877,4.067624007429783,-3.2173235898462695,-15.608188890140214,22.18103472807409,-2.322426290781248,-7.75135172242944,2.014720205611307,-7.194092797199361,2.8160493931016934
Random290
Raw:-7.188674075784877,4.067624007429784,-3.2173235898462713,-15.608188890140216,22.181034728074092,-2.322426290781242,-7.751351722429439,2.014720205611306,-7.194092797199365,2.816049393101691
EFT:-7.188674075784877,4.067624007429783,-3.21732358984627,-15.608188890140214,22.18103472807409,-2.322426290781248,-7.75135172242944,2.014720205611307,-7.194092797199361,2.8160493931016934
Random291
Raw:-7.188674075784878,4.067624007429785,-3.217323589846269,-15.608188890140216,22.181034728074092,-2.3224262907812485,-7.751351722429441,2.014720205611307,-7.194092797199364,2.8160493931016934
EFT:-7.188674075784877,4.067624007429783,-3.2173235898462695,-15.608188890140214,22.18103472807409,-2.322426290781248,-7.75135172242944,2.0147202056113076,-7.194092797199361,2.8160493931016934
Random292
Raw:-7.188674075784878,4.0676240074297825,-3.2173235898462726,-15.60818889014021,22.18103472807409,-2.3224262907812485,-7.751351722429438,2.0147202056113076,-7.1940927971993585,2.8160493931016966
EFT:-7.188674075784877,4.067624007429783,-3.2173235898462695,-15.608188890140214,22.18103472807409,-2.322426290781248,-7.75135172242944,2.014720205611307,-7.194092797199361,2.8160493931016934
Random293
Raw:-7.188674075784875,4.067624007429783,-3.217323589846268,-15.608188890140214,22.181034728074096,-2.3224262907812494,-7.751351722429442,2.01472020561131,-7.194092797199364,2.8160493931016934
EFT:-7.188674075784877,4.067624007429783,-3.2173235898462695,-15.608188890140214,22.18103472807409,-2.322426290781248,-7.75135172242944,2.0147202056113076,-7.194092797199361,2.8160493931016934
Random294
Raw:-7.188674075784877,4.0676240074297825,-3.217323589846269,-15.608188890140216,22.181034728074096,-2.3224262907812427,-7.75135172242944,2.014720205611308,-7.194092797199362,2.8160493931016943
EFT:-7.188674075784877,4.067624007429783,-3.2173235898462695,-15.608188890140214,22.18103472807409,-2.322426290781248,-7.75135172242944,2.014720205611307,-7.194092797199361,2.8160493931016934
Random295
Raw:-7.188674075784875,4.067624007429785,-3.217323589846267,-15.608188890140214,22.181034728074092,-2.3224262907812494,-7.7513517224294395,2.0147202056113085,-7.194092797199362,2.8160493931016917
EFT:-7.188674075784877,4.067624007429783,-3.2173235898462695,-15.608188890140214,22.18103472807409,-2.322426290781248,-7.7513517224294395,2.0147202056113076,-7.194092797199361,2.8160493931016934
Random296
Raw:-7.188674075784878,4.067624007429783,-3.2173235898462704,-15.608188890140218,22.181034728074096,-2.3224262907812476,-7.7513517224294395,2.014720205611308,-7.194092797199362,2.8160493931016903
EFT:-7.188674075784877,4.067624007429783,-3.2173235898462695,-15.608188890140214,22.18103472807409,-2.322426290781248,-7.75135172242944,2.0147202056113076,-7.194092797199361,2.8160493931016934
Random297
Raw:-7.188674075784876,4.067624007429785,-3.217323589846268,-15.608188890140214,22.18103472807409,-2.3224262907812503,-7.751351722429444,2.014720205611309,-7.194092797199362,2.8160493931016957
EFT:-7.188674075784877,4.067624007429783,-3.217323589846269,-15.608188890140214,22.18103472807409,-2.322426290781248,-7.7513517224294395,2.0147202056113076,-7.194092797199361,2.8160493931016934
Random298
Raw:-7.188674075784879,4.067624007429788,-3.2173235898462695,-15.608188890140214,22.181034728074092,-2.322426290781245,-7.751351722429443,2.014720205611308,-7.1940927971993665,2.816049393101694
EFT:-7.188674075784877,4.067624007429783,-3.21732358984627,-15.608188890140214,22.18103472807409,-2.322426290781248,-7.75135172242944,2.0147202056113076,-7.194092797199361,2.8160493931016934
Random299
Raw:-7.188674075784877,4.067624007429784,-3.2173235898462726,-15.608188890140218,22.181034728074092,-2.3224262907812485,-7.7513517224294395,2.014720205611313,-7.194092797199365,2.816049393101695
EFT:-7.188674075784877,4.067624007429783,-3.21732358984627,-15.608188890140214,22.18103472807409,-2.322426290781248,-7.75135172242944,2.014720205611307,-7.194092797199361,2.8160493931016934
Random300
Raw:-7.188674075784874,4.067624007429783,-3.2173235898462678,-15.60818889014021,22.181034728074092,-2.32242629078125,-7.751351722429443,2.0147202056113094,-7.194092797199362,2.8160493931016948
EFT:-7.188674075784877,4.067624007429783,-3.2173235898462695,-15.608188890140214,22.18103472807409,-2.322426290781248,-7.75135172242944,2.014720205611307,-7.194092797199361,2.8160493931016934
Random301
Raw:-7.1886740757848795,4.067624007429785,-3.2173235898462695,-15.608188890140212,22.18103472807409,-2.322426290781248,-7.7513517224294395,2.0147202056113063,-7.194092797199362,2.816049393101694
EFT:-7.188674075784877,4.067624007429783,-3.2173235898462695,-15.608188890140214,22.18103472807409,-2.322426290781248,-7.75135172242944,2.0147202056113076,-7.194092797199361,2.8160493931016934
Random302
Raw:-7.188674075784878,4.067624007429784,-3.217323589846267,-15.608188890140212,22.181034728074096,-2.3224262907812494,-7.751351722429444,2.0147202056113107,-7.194092797199365,2.816049393101696
EFT:-7.188674075784877,4.067624007429783,-3.2173235898462695,-15.608188890140214,22.18103472807409,-2.322426290781248,-7.75135172242944,2.0147202056113076,-7.194092797199361,2.8160493931016934
Random303
Raw:-7.188674075784879,4.067624007429782,-3.217323589846269,-15.608188890140214,22.181034728074096,-2.322426290781246,-7.751351722429445,2.0147202056113076,-7.194092797199364,2.816049393101697
EFT:-7.188674075784877,4.067624007429783,-3.2173235898462695,-15.608188890140214,22.18103472807409,-2.322426290781248,-7.75135172242944,2.0147202056113076,-7.194092797199361,2.8160493931016934
Random304
Raw:-7.188674075784874,4.067624007429786,-3.2173235898462704,-15.608188890140216,22.181034728074092,-2.3224262907812454,-7.7513517224294395,2.014720205611309,-7.194092797199361,2.8160493931016957
EFT:-7.188674075784877,4.067624007429783,-3.2173235898462695,-15.608188890140214,22.18103472807409,-2.322426290781248,-7.75135172242944,2.0147202056113076,-7.194092797199361,2.8160493931016934
Random305
Raw:-7.1886740757848795,4.067624007429781,-3.217323589846268,-15.608188890140216,22.181034728074092,-2.3224262907812463,-7.751351722429444,2.0147202056113085,-7.194092797199365,2.8160493931016966
EFT:-7.188674075784877,4.067624007429783,-3.217323589846269,-15.608188890140214,22.18103472807409,-2.322426290781248,-7.7513517224294395,2.0147202056113076,-7.194092797199361,2.8160493931016934
Random306
Raw:-7.188674075784878,4.0676240074297825,-3.217323589846269,-15.608188890140214,22.18103472807409,-2.3224262907812476,-7.75135172242944,2.0147202056113076,-7.194092797199359,2.816049393101695
EFT:-7.188674075784877,4.067624007429783,-3.217323589846269,-15.608188890140214,22.18103472807409,-2.322426290781248,-7.7513517224294395,2.0147202056113076,-7.194092797199361,2.8160493931016934
Random307
Raw:-7.188674075784876,4.067624007429787,-3.217323589846269,-15.608188890140218,22.181034728074096,-2.3224262907812485,-7.751351722429436,2.01472020561131,-7.194092797199362,2.81604939310169
EFT:-7.188674075784877,4.067624007429783,-3.2173235898462695,-15.608188890140214,22.18103472807409,-2.322426290781248,-7.7513517224294395,2.0147202056113076,-7.194092797199361,2.8160493931016934
Random308
Raw:-7.188674075784876,4.0676240074297825,-3.2173235898462713,-15.608188890140212,22.18103472807409,-2.3224262907812436,-7.75135172242944,2.014720205611306,-7.194092797199362,2.816049393101694
EFT:-7.188674075784877,4.067624007429783,-3.21732358984627,-15.608188890140214,22.18103472807409,-2.322426290781248,-7.75135172242944,2.0147202056113076,-7.194092797199361,2.8160493931016934
Random309
Raw:-7.188674075784879,4.067624007429786,-3.2173235898462695,-15.608188890140212,22.181034728074096,-2.3224262907812445,-7.75135172242944,2.0147202056113063,-7.19409279719936,2.8160493931016934
EFT:-7.188674075784877,4.067624007429783,-3.217323589846269,-15.608188890140214,22.18103472807409,-2.322426290781248,-7.7513517224294395,2.0147202056113076,-7.194092797199361,2.8160493931016934
Random310
Raw:-7.188674075784877,4.067624007429785,-3.2173235898462713,-15.608188890140216,22.181034728074096,-2.3224262907812476,-7.7513517224294395,2.0147202056113076,-7.194092797199364,2.8160493931016943
EFT:-7.188674075784877,4.067624007429783,-3.21732358984627,-15.608188890140214,22.18103472807409,-2.322426290781248,-7.75135172242944,2.0147202056113076,-7.194092797199361,2.8160493931016934
Random311
Raw:-7.188674075784878,4.0676240074297825,-3.2173235898462704,-15.60818889014021,22.181034728074096,-2.3224262907812485,-7.75135172242944,2.014720205611305,-7.194092797199362,2.8160493931016943
EFT:-7.188674075784877,4.067624007429783,-3.21732358984627,-15.608188890140214,22.18103472807409,-2.322426290781248,-7.75135172242944,2.014720205611307,-7.194092797199361,2.8160493931016934
Random312
Raw:-7.188674075784873,4.067624007429785,-3.217323589846268,-15.608188890140209,22.18103472807409,-2.3224262907812476,-7.751351722429442,2.0147202056113085,-7.194092797199364,2.8160493931016934
EFT:-7.188674075784877,4.067624007429783,-3.2173235898462695,-15.608188890140214,22.18103472807409,-2.322426290781248,-7.75135172242944,2.0147202056113076,-7.194092797199361,2.8160493931016934
Random313
Raw:-7.188674075784876,4.067624007429785,-3.21732358984627,-15.608188890140212,22.18103472807409,-2.3224262907812476,-7.751351722429441,2.014720205611307,-7.194092797199361,2.816049393101695
EFT:-7.188674075784877,4.067624007429783,-3.2173235898462695,-15.608188890140214,22.18103472807409,-2.322426290781248,-7.75135172242944,2.014720205611307,-7.194092797199361,2.8160493931016934
Random314
Raw:-7.188674075784876,4.0676240074297825,-3.217323589846269,-15.608188890140209,22.181034728074085,-2.3224262907812445,-7.751351722429445,2.0147202056113094,-7.194092797199365,2.816049393101695
EFT:-7.188674075784877,4.067624007429783,-3.2173235898462695,-15.608188890140214,22.18103472807409,-2.322426290781248,-7.75135172242944,2.014720205611307,-7.194092797199361,2.8160493931016934
Random315
Raw:-7.188674075784879,4.067624007429784,-3.2173235898462704,-15.608188890140218,22.181034728074092,-2.3224262907812476,-7.7513517224294395,2.0147202056113085,-7.19409279719936,2.8160493931016934
EFT:-7.188674075784877,4.067624007429783,-3.2173235898462695,-15.608188890140214,22.18103472807409,-2.322426290781248,-7.75135172242944,2.0147202056113076,-7.194092797199361,2.8160493931016934
Random316
Raw:-7.188674075784881,4.067624007429784,-3.2173235898462686,-15.608188890140212,22.181034728074092,-2.322426290781245,-7.7513517224294395,2.0147202056113076,-7.19409279719936,2.8160493931016926
EFT:-7.188674075784877,4.067624007429783,-3.2173235898462695,-15.608188890140214,22.18103472807409,-2.322426290781248,-7.75135172242944,2.0147202056113076,-7.194092797199361,2.8160493931016934
Random317
Raw:-7.18867407578488,4.067624007429786,-3.2173235898462673,-15.60818889014021,22.181034728074096,-2.3224262907812503,-7.751351722429443,2.0147202056113103,-7.194092797199365,2.816049393101694
EFT:-7.188674075784877,4.067624007429783,-3.2173235898462695,-15.608188890140214,22.18103472807409,-2.322426290781248,-7.75135172242944,2.014720205611307,-7.194092797199361,2.8160493931016934
Random318
Raw:-7.188674075784875,4.067624007429784,-3.21732358984627,-15.60818889014022,22.181034728074092,-2.322426290781245,-7.751351722429444,2.0147202056113067,-7.194092797199361,2.816049393101695
EFT:-7.188674075784877,4.067624007429783,-3.2173235898462695,-15.608188890140214,22.18103472807409,-2.322426290781248,-7.75135172242944,2.0147202056113076,-7.194092797199361,2.8160493931016934
Random319
Raw:-7.18867407578488,4.067624007429786,-3.2173235898462664,-15.608188890140218,22.181034728074085,-2.3224262907812476,-7.75135172242944,2.0147202056113107,-7.194092797199365,2.816049393101693
EFT:-7.188674075784877,4.067624007429783,-3.2173235898462695,-15.608188890140214,22.18103472807409,-2.322426290781248,-7.75135172242944,2.0147202056113076,-7.194092797199361,2.8160493931016934
Random320
Raw:-7.188674075784876,4.067624007429783,-3.2173235898462678,-15.608188890140212,22.181034728074096,-2.32242629078125,-7.751351722429443,2.014720205611313,-7.194092797199363,2.8160493931016983
EFT:-7.188674075784877,4.067624007429783,-3.21732358984627,-15.608188890140214,22.18103472807409,-2.322426290781248,-7.75135172242944,2.014720205611307,-7.194092797199361,2.8160493931016934
Random321
Raw:-7.188674075784874,4.067624007429786,-3.2173235898462664,-15.608188890140216,22.181034728074092,-2.3224262907812525,-7.751351722429443,2.0147202056113063,-7.19409279719936,2.8160493931016966
EFT:-7.188674075784877,4.067624007429783,-3.2173235898462695,-15.608188890140214,22.18103472807409,-2.322426290781248,-7.75135172242944,2.0147202056113076,-7.194092797199361,2.8160493931016934
Random322
Raw:-7.188674075784876,4.0676240074297825,-3.2173235898462678,-15.608188890140218,22.181034728074085,-2.322426290781252,-7.751351722429441,2.01472020561131,-7.194092797199362,2.8160493931016957
EFT:-7.188674075784877,4.067624007429783,-3.2173235898462695,-15.608188890140214,22.18103472807409,-2.322426290781248,-7.75135172242944,2.0147202056113076,-7.194092797199361,2.8160493931016934
Random323
Raw:-7.188674075784876,4.067624007429782,-3.2173235898462678,-15.608188890140207,22.181034728074085,-2.322426290781245,-7.7513517224294395,2.0147202056113067,-7.194092797199364,2.8160493931016948
EFT:-7.188674075784877,4.067624007429783,-3.2173235898462695,-15.608188890140214,22.18103472807409,-2.322426290781248,-7.75135172242944,2.0147202056113076,-7.194092797199361,2.8160493931016934
Random324
Raw:-7.188674075784879,4.067624007429782,-3.2173235898462695,-15.608188890140214,22.181034728074096,-2.3224262907812454,-7.751351722429445,2.014720205611309,-7.194092797199362,2.816049393101698
EFT:-7.188674075784877,4.067624007429783,-3.2173235898462695,-15.608188890140214,22.18103472807409,-2.322426290781248,-7.75135172242944,2.014720205611307,-7.194092797199361,2.8160493931016934
Random325
Raw:-7.188674075784876,4.067624007429786,-3.217323589846268,-15.608188890140212,22.181034728074092,-2.322426290781247,-7.751351722429441,2.0147202056113076,-7.194092797199364,2.816049393101691
EFT:-7.188674075784877,4.067624007429783,-3.21732358984627,-15.608188890140214,22.18103472807409,-2.322426290781248,-7.75135172242944,2.0147202056113076,-7.194092797199361,2.8160493931016934
Random326
Raw:-7.188674075784874,4.0676240074297825,-3.217323589846267,-15.608188890140216,22.181034728074092,-2.322426290781249,-7.751351722429442,2.014720205611306,-7.1940927971993585,2.8160493931016912
EFT:-7.188674075784877,4.067624007429783,-3.21732358984627,-15.608188890140214,22.18103472807409,-2.322426290781248,-7.75135172242944,2.0147202056113076,-7.194092797199361,2.8160493931016934
Random327
Raw:-7.188674075784876,4.0676240074297825,-3.217323589846269,-15.608188890140212,22.18103472807409,-2.3224262907812485,-7.751351722429442,2.0147202056113076,-7.194092797199361,2.8160493931016948
EFT:-7.188674075784877,4.067624007429783,-3.21732358984627,-15.608188890140214,22.18103472807409,-2.322426290781248,-7.75135172242944,2.0147202056113076,-7.194092797199361,2.8160493931016934
Random328
Raw:-7.188674075784879,4.067624007429784,-3.217323589846269,-15.608188890140214,22.181034728074096,-2.3224262907812467,-7.75135172242944,2.0147202056113085,-7.194092797199362,2.8160493931016948
EFT:-7.188674075784877,4.067624007429783,-3.2173235898462695,-15.608188890140214,22.18103472807409,-2.322426290781248,-7.75135172242944,2.0147202056113076,-7.194092797199361,2.8160493931016934
Random329
Raw:-7.188674075784876,4.067624007429784,-3.21732358984627,-15.608188890140216,22.181034728074092,-2.322426290781248,-7.75135172242944,2.0147202056113076,-7.194092797199364,2.816049393101694
EFT:-7.188674075784877,4.067624007429783,-3.21732358984627,-15.608188890140214,22.18103472807409,-2.322426290781248,-7.75135172242944,2.0147202056113076,-7.194092797199361,2.8160493931016934
Random330
Raw:-7.188674075784874,4.067624007429784,-3.2173235898462695,-15.608188890140218,22.18103472807409,-2.3224262907812485,-7.7513517224294395,2.0147202056113094,-7.194092797199361,2.8160493931016934
EFT:-7.188674075784877,4.067624007429783,-3.2173235898462695,-15.608188890140214,22.18103472807409,-2.322426290781248,-7.75135172242944,2.014720205611307,-7.194092797199361,2.8160493931016934
Random331
Raw:-7.188674075784873,4.067624007429782,-3.217323589846272,-15.60818889014021,22.181034728074092,-2.3224262907812436,-7.751351722429442,2.0147202056113085,-7.194092797199363,2.816049393101697
EFT:-7.188674075784877,4.067624007429783,-3.2173235898462695,-15.608188890140214,22.18103472807409,-2.322426290781248,-7.75135172242944,2.0147202056113076,-7.194092797199361,2.8160493931016934
Random332
Raw:-7.188674075784876,4.067624007429785,-3.217323589846271,-15.608188890140216,22.18103472807409,-2.3224262907812476,-7.751351722429443,2.0147202056113085,-7.194092797199362,2.8160493931016926
EFT:-7.188674075784877,4.067624007429783,-3.2173235898462695,-15.608188890140214,22.18103472807409,-2.322426290781248,-7.75135172242944,2.0147202056113076,-7.194092797199361,2.8160493931016934
Random333
Raw:-7.188674075784875,4.067624007429784,-3.2173235898462713,-15.608188890140214,22.18103472807409,-2.322426290781246,-7.751351722429441,2.0147202056113036,-7.19409279719936,2.816049393101693
EFT:-7.188674075784877,4.067624007429783,-3.21732358984627,-15.608188890140214,22.18103472807409,-2.322426290781248,-7.75135172242944,2.0147202056113076,-7.194092797199361,2.8160493931016934
Random334
Raw:-7.188674075784876,4.067624007429786,-3.2173235898462686,-15.608188890140216,22.181034728074092,-2.3224262907812445,-7.75135172242944,2.0147202056113094,-7.194092797199362,2.8160493931016926
EFT:-7.188674075784877,4.067624007429783,-3.2173235898462695,-15.608188890140214,22.18103472807409,-2.322426290781248,-7.75135172242944,2.0147202056113076,-7.194092797199361,2.8160493931016934
Random335
Raw:-7.188674075784877,4.067624007429782,-3.217323589846271,-15.60818889014021,22.181034728074096,-2.3224262907812454,-7.751351722429444,2.0147202056113063,-7.194092797199362,2.816049393101693
EFT:-7.188674075784877,4.067624007429783,-3.21732358984627,-15.608188890140214,22.18103472807409,-2.322426290781248,-7.75135172242944,2.0147202056113076,-7.194092797199361,2.8160493931016934
Random336
Raw:-7.188674075784877,4.067624007429784,-3.2173235898462695,-15.60818889014021,22.1810347280741,-2.322426290781246,-7.751351722429445,2.0147202056113103,-7.194092797199361,2.816049393101695
EFT:-7.188674075784877,4.067624007429783,-3.2173235898462695,-15.608188890140214,22.18103472807409,-2.322426290781248,-7.75135172242944,2.0147202056113076,-7.194092797199361,2.8160493931016934
Random337
Raw:-7.188674075784874,4.0676240074297825,-3.2173235898462678,-15.60818889014021,22.181034728074092,-2.322426290781247,-7.751351722429442,2.0147202056113067,-7.194092797199362,2.8160493931016943
EFT:-7.188674075784877,4.067624007429783,-3.2173235898462695,-15.608188890140214,22.18103472807409,-2.322426290781248,-7.75135172242944,2.014720205611307,-7.194092797199361,2.8160493931016934
Random338
Raw:-7.188674075784876,4.067624007429784,-3.21732358984627,-15.60818889014021,22.181034728074092,-2.3224262907812445,-7.751351722429442,2.014720205611307,-7.194092797199362,2.816049393101693
EFT:-7.188674075784877,4.067624007429783,-3.21732358984627,-15.608188890140214,22.18103472807409,-2.322426290781248,-7.75135172242944,2.0147202056113076,-7.194092797199361,2.8160493931016934
Random339
Raw:-7.188674075784876,4.067624007429784,-3.2173235898462673,-15.608188890140214,22.181034728074092,-2.3224262907812476,-7.751351722429439,2.0147202056113094,-7.194092797199363,2.8160493931016912
EFT:-7.188674075784877,4.067624007429783,-3.2173235898462695,-15.608188890140214,22.18103472807409,-2.322426290781248,-7.75135172242944,2.0147202056113076,-7.194092797199361,2.8160493931016934
Random340
Raw:-7.1886740757848795,4.067624007429783,-3.21732358984627,-15.608188890140214,22.181034728074092,-2.3224262907812494,-7.751351722429443,2.0147202056113094,-7.1940927971993585,2.8160493931016957
EFT:-7.188674075784877,4.067624007429783,-3.217323589846269,-15.608188890140214,22.18103472807409,-2.322426290781248,-7.7513517224294395,2.0147202056113076,-7.194092797199361,2.8160493931016934
Random341
Raw:-7.188674075784876,4.067624007429786,-3.2173235898462678,-15.608188890140212,22.181034728074096,-2.3224262907812503,-7.751351722429444,2.014720205611307,-7.194092797199361,2.8160493931016943
EFT:-7.188674075784877,4.067624007429783,-3.217323589846269,-15.608188890140214,22.18103472807409,-2.322426290781248,-7.7513517224294395,2.0147202056113076,-7.194092797199361,2.8160493931016934
Random342
Raw:-7.188674075784874,4.067624007429783,-3.217323589846269,-15.608188890140209,22.18103472807409,-2.3224262907812467,-7.75135172242944,2.014720205611307,-7.194092797199362,2.816049393101692
EFT:-7.188674075784877,4.067624007429783,-3.2173235898462695,-15.608188890140214,22.18103472807409,-2.322426290781248,-7.75135172242944,2.0147202056113076,-7.194092797199361,2.8160493931016934
Random343
Raw:-7.188674075784873,4.0676240074297825,-3.217323589846269,-15.608188890140212,22.181034728074096,-2.3224262907812476,-7.751351722429444,2.014720205611309,-7.194092797199364,2.816049393101695
EFT:-7.188674075784877,4.067624007429783,-3.2173235898462695,-15.608188890140214,22.18103472807409,-2.322426290781248,-7.75135172242944,2.0147202056113076,-7.194092797199361,2.8160493931016934
Random344
Raw:-7.188674075784873,4.067624007429785,-3.21732358984627,-15.608188890140212,22.18103472807409,-2.3224262907812454,-7.751351722429439,2.0147202056113054,-7.194092797199359,2.816049393101689
EFT:-7.188674075784877,4.067624007429783,-3.2173235898462695,-15.608188890140214,22.18103472807409,-2.322426290781248,-7.75135172242944,2.0147202056113076,-7.194092797199361,2.8160493931016934
Random345
Raw:-7.188674075784876,4.067624007429787,-3.2173235898462686,-15.608188890140216,22.181034728074092,-2.322426290781247,-7.7513517224294395,2.0147202056113103,-7.194092797199362,2.8160493931016943
EFT:-7.188674075784877,4.067624007429783,-3.2173235898462695,-15.608188890140214,22.18103472807409,-2.322426290781248,-7.75135172242944,2.0147202056113076,-7.194092797199361,2.8160493931016934
Random346
Raw:-7.188674075784878,4.0676240074297825,-3.217323589846268,-15.608188890140207,22.18103472807409,-2.3224262907812476,-7.751351722429446,2.0147202056113067,-7.194092797199365,2.8160493931016988
EFT:-7.188674075784877,4.067624007429783,-3.21732358984627,-15.608188890140214,22.18103472807409,-2.322426290781248,-7.75135172242944,2.014720205611307,-7.194092797199361,2.8160493931016934
Random347
Raw:-7.188674075784877,4.067624007429787,-3.2173235898462704,-15.608188890140214,22.18103472807409,-2.3224262907812463,-7.751351722429441,2.0147202056113063,-7.194092797199362,2.8160493931016948
EFT:-7.188674075784877,4.067624007429783,-3.2173235898462695,-15.608188890140214,22.18103472807409,-2.322426290781248,-7.7513517224294395,2.0147202056113076,-7.194092797199361,2.8160493931016934
Random348
Raw:-7.188674075784878,4.067624007429782,-3.217323589846271,-15.60818889014021,22.181034728074096,-2.322426290781245,-7.751351722429439,2.0147202056113045,-7.194092797199364,2.8160493931016912
EFT:-7.188674075784877,4.067624007429783,-3.21732358984627,-15.608188890140214,22.18103472807409,-2.322426290781248,-7.75135172242944,2.014720205611307,-7.194092797199361,2.8160493931016934
Random349
Raw:-7.188674075784874,4.067624007429784,-3.2173235898462678,-15.60818889014021,22.18103472807409,-2.322426290781245,-7.751351722429441,2.014720205611312,-7.194092797199363,2.816049393101697
EFT:-7.188674075784877,4.067624007429783,-3.2173235898462695,-15.608188890140214,22.18103472807409,-2.322426290781248,-7.75135172242944,2.014720205611307,-7.194092797199361,2.8160493931016934
Random350
Raw:-7.188674075784875,4.0676240074297825,-3.2173235898462718,-15.608188890140214,22.181034728074092,-2.322426290781245,-7.751351722429445,2.0147202056113085,-7.194092797199365,2.8160493931016997
EFT:-7.188674075784877,4.067624007429783,-3.217323589846269,-15.608188890140214,22.18103472807409,-2.322426290781248,-7.7513517224294395,2.0147202056113076,-7.194092797199361,2.8160493931016934
Random351
Raw:-7.188674075784879,4.067624007429785,-3.2173235898462686,-15.60818889014021,22.181034728074092,-2.3224262907812463,-7.751351722429443,2.014720205611308,-7.194092797199367,2.8160493931016934
EFT:-7.188674075784877,4.067624007429783,-3.2173235898462695,-15.608188890140214,22.18103472807409,-2.322426290781248,-7.75135172242944,2.0147202056113076,-7.194092797199361,2.8160493931016934
Random352
Raw:-7.18867407578488,4.067624007429783,-3.21732358984627,-15.608188890140207,22.18103472807409,-2.322426290781246,-7.75135172242944,2.014720205611311,-7.194092797199362,2.8160493931016957
EFT:-7.188674075784877,4.067624007429783,-3.2173235898462695,-15.608188890140214,22.18103472807409,-2.322426290781248,-7.75135172242944,2.014720205611307,-7.194092797199361,2.8160493931016934
Random353
Raw:-7.188674075784879,4.06762400742979,-3.2173235898462686,-15.60818889014021,22.181034728074092,-2.3224262907812485,-7.75135172242944,2.0147202056113067,-7.194092797199361,2.816049393101692
EFT:-7.188674075784877,4.067624007429783,-3.2173235898462695,-15.608188890140214,22.18103472807409,-2.322426290781248,-7.75135172242944,2.0147202056113076,-7.194092797199361,2.8160493931016934
Random354
Raw:-7.188674075784879,4.067624007429777,-3.2173235898462713,-15.608188890140214,22.181034728074096,-2.3224262907812436,-7.751351722429447,2.014720205611305,-7.1940927971993585,2.816049393101699
EFT:-7.188674075784877,4.067624007429783,-3.2173235898462695,-15.608188890140214,22.18103472807409,-2.322426290781248,-7.75135172242944,2.0147202056113076,-7.194092797199361,2.8160493931016934
Random355
Raw:-7.188674075784876,4.0676240074297825,-3.21732358984627,-15.608188890140205,22.18103472807408,-2.322426290781246,-7.751351722429438,2.0147202056113045,-7.194092797199356,2.816049393101695
EFT:-7.188674075784877,4.067624007429783,-3.2173235898462695,-15.608188890140214,22.18103472807409,-2.322426290781248,-7.75135172242944,2.0147202056113076,-7.194092797199361,2.8160493931016934
Random356
Raw:-7.188674075784874,4.0676240074297825,-3.217323589846271,-15.608188890140214,22.181034728074092,-2.3224262907812467,-7.75135172242944,2.0147202056113103,-7.19409279719936,2.8160493931016943
EFT:-7.188674075784877,4.067624007429783,-3.2173235898462695,-15.608188890140214,22.18103472807409,-2.322426290781248,-7.75135172242944,2.0147202056113076,-7.194092797199361,2.8160493931016934
Random357
Raw:-7.188674075784877,4.067624007429784,-3.217323589846269,-15.608188890140218,22.181034728074092,-2.3224262907812467,-7.75135172242944,2.0147202056113054,-7.19409279719936,2.816049393101694
EFT:-7.188674075784877,4.067624007429783,-3.2173235898462695,-15.608188890140214,22.18103472807409,-2.322426290781248,-7.75135172242944,2.0147202056113076,-7.194092797199361,2.8160493931016934
Random358
Raw:-7.1886740757848795,4.067624007429784,-3.2173235898462726,-15.608188890140214,22.181034728074096,-2.3224262907812436,-7.7513517224294395,2.0147202056113054,-7.194092797199361,2.8160493931016926
EFT:-7.188674075784877,4.067624007429783,-3.21732358984627,-15.608188890140214,22.18103472807409,-2.322426290781248,-7.75135172242944,2.014720205611307,-7.194092797199361,2.8160493931016934
Random359
Raw:-7.188674075784878,4.0676240074297825,-3.217323589846271,-15.608188890140214,22.181034728074092,-2.322426290781245,-7.751351722429443,2.0147202056113045,-7.19409279719936,2.8160493931016948
EFT:-7.188674075784877,4.067624007429783,-3.2173235898462695,-15.608188890140214,22.18103472807409,-2.322426290781248,-7.75135172242944,2.014720205611307,-7.194092797199361,2.8160493931016934
Random360
Raw:-7.188674075784877,4.0676240074297825,-3.2173235898462726,-15.60818889014021,22.181034728074096,-2.3224262907812436,-7.75135172242944,2.014720205611302,-7.194092797199358,2.816049393101695
EFT:-7.188674075784877,4.067624007429783,-3.217323589846269,-15.608188890140214,22.18103472807409,-2.322426290781248,-7.7513517224294395,2.0147202056113076,-7.194092797199361,2.8160493931016934
Random361
Raw:-7.188674075784876,4.067624007429785,-3.2173235898462695,-15.608188890140212,22.181034728074092,-2.3224262907812476,-7.751351722429437,2.014720205611311,-7.194092797199363,2.8160493931016926
EFT:-7.188674075784877,4.067624007429783,-3.2173235898462695,-15.608188890140214,22.18103472807409,-2.322426290781248,-7.75135172242944,2.014720205611307,-7.194092797199361,2.8160493931016934
Random362
Raw:-7.188674075784879,4.067624007429785,-3.21732358984627,-15.608188890140218,22.181034728074092,-2.3224262907812463,-7.751351722429442,2.01472020561131,-7.194092797199364,2.816049393101697
EFT:-7.188674075784877,4.067624007429783,-3.2173235898462695,-15.608188890140214,22.18103472807409,-2.322426290781248,-7.7513517224294395,2.0147202056113076,-7.194092797199361,2.8160493931016934
Random363
Raw:-7.188674075784877,4.0676240074297825,-3.2173235898462713,-15.608188890140209,22.181034728074092,-2.3224262907812467,-7.751351722429444,2.0147202056113076,-7.19409279719936,2.816049393101697
EFT:-7.188674075784877,4.067624007429783,-3.2173235898462695,-15.608188890140214,22.18103472807409,-2.322426290781248,-7.75135172242944,2.0147202056113076,-7.194092797199361,2.8160493931016934
Random364
Raw:-7.188674075784878,4.067624007429783,-3.217323589846272,-15.608188890140221,22.181034728074092,-2.322426290781247,-7.751351722429439,2.014720205611311,-7.194092797199361,2.8160493931016943
EFT:-7.188674075784877,4.067624007429783,-3.2173235898462695,-15.608188890140214,22.18103472807409,-2.322426290781248,-7.75135172242944,2.0147202056113076,-7.194092797199361,2.8160493931016934
Random365
Raw:-7.188674075784875,4.067624007429782,-3.217323589846269,-15.608188890140216,22.181034728074096,-2.3224262907812485,-7.751351722429447,2.0147202056113076,-7.194092797199364,2.816049393101695
EFT:-7.188674075784877,4.067624007429783,-3.2173235898462695,-15.608188890140214,22.18103472807409,-2.322426290781248,-7.75135172242944,2.014720205611307,-7.194092797199361,2.8160493931016934
Random366
Raw:-7.188674075784879,4.067624007429786,-3.2173235898462704,-15.608188890140214,22.181034728074096,-2.3224262907812476,-7.751351722429442,2.014720205611309,-7.194092797199364,2.8160493931016926
EFT:-7.188674075784877,4.067624007429783,-3.2173235898462695,-15.608188890140214,22.18103472807409,-2.322426290781248,-7.75135172242944,2.0147202056113076,-7.194092797199361,2.8160493931016934
Random367
Raw:-7.188674075784878,4.067624007429786,-3.2173235898462673,-15.608188890140212,22.18103472807409,-2.3224262907812494,-7.751351722429445,2.01472020561131,-7.194092797199366,2.816049393101694
EFT:-7.188674075784877,4.067624007429783,-3.2173235898462695,-15.608188890140214,22.18103472807409,-2.322426290781248,-7.75135172242944,2.014720205611307,-7.194092797199361,2.8160493931016934
Random368
Raw:-7.188674075784879,4.067624007429782,-3.217323589846271,-15.608188890140212,22.18103472807409,-2.322426290781247,-7.751351722429444,2.014720205611304,-7.194092797199359,2.816049393101699
EFT:-7.188674075784877,4.067624007429783,-3.21732358984627,-15.608188890140214,22.18103472807409,-2.322426290781248,-7.75135172242944,2.014720205611307,-7.194092797199361,2.8160493931016934
Random369
Raw:-7.188674075784876,4.067624007429789,-3.2173235898462726,-15.608188890140212,22.181034728074092,-2.3224262907812467,-7.751351722429446,2.014720205611305,-7.19409279719936,2.816049393101696
EFT:-7.188674075784877,4.067624007429783,-3.2173235898462695,-15.608188890140214,22.18103472807409,-2.322426290781248,-7.75135172242944,2.0147202056113076,-7.194092797199361,2.8160493931016934
Random370
Raw:-7.188674075784877,4.067624007429784,-3.217323589846269,-15.608188890140212,22.181034728074092,-2.3224262907812463,-7.75135172242944,2.0147202056113085,-7.194092797199362,2.8160493931016948
EFT:-7.188674075784877,4.067624007429783,-3.2173235898462695,-15.608188890140214,22.18103472807409,-2.322426290781248,-7.7513517224294395,2.0147202056113076,-7.194092797199361,2.8160493931016934
Random371
Raw:-7.188674075784878,4.0676240074297825,-3.2173235898462673,-15.608188890140209,22.18103472807409,-2.3224262907812485,-7.75135172242944,2.0147202056113076,-7.194092797199363,2.8160493931016917
EFT:-7.188674075784877,4.067624007429783,-3.2173235898462695,-15.608188890140214,22.18103472807409,-2.322426290781248,-7.75135172242944,2.0147202056113076,-7.194092797199361,2.8160493931016934
Random372
Raw:-7.188674075784879,4.067624007429784,-3.21732358984627,-15.608188890140214,22.181034728074092,-2.322426290781248,-7.751351722429445,2.0147202056113094,-7.194092797199363,2.8160493931016966
EFT:-7.188674075784877,4.067624007429783,-3.2173235898462695,-15.608188890140214,22.18103472807409,-2.322426290781248,-7.75135172242944,2.0147202056113076,-7.194092797199361,2.8160493931016934
Random373
Raw:-7.188674075784878,4.067624007429785,-3.217323589846268,-15.60818889014021,22.181034728074085,-2.3224262907812445,-7.751351722429441,2.014720205611307,-7.194092797199361,2.8160493931016948
EFT:-7.188674075784877,4.067624007429783,-3.2173235898462695,-15.608188890140214,22.18103472807409,-2.322426290781248,-7.75135172242944,2.0147202056113076,-7.194092797199361,2.8160493931016934
Random374
Raw:-7.188674075784878,4.067624007429783,-3.21732358984627,-15.608188890140216,22.181034728074096,-2.322426290781245,-7.751351722429438,2.014720205611309,-7.194092797199363,2.8160493931016903
EFT:-7.188674075784877,4.067624007429783,-3.21732358984627,-15.608188890140214,22.18103472807409,-2.322426290781248,-7.75135172242944,2.014720205611307,-7.194092797199361,2.8160493931016934
Random375
Raw:-7.188674075784875,4.067624007429783,-3.2173235898462718,-15.608188890140209,22.181034728074092,-2.3224262907812454,-7.751351722429442,2.014720205611306,-7.19409279719936,2.816049393101695
EFT:-7.188674075784877,4.067624007429783,-3.2173235898462695,-15.608188890140214,22.18103472807409,-2.322426290781248,-7.7513517224294395,2.0147202056113076,-7.194092797199361,2.8160493931016934
Random376
Raw:-7.188674075784875,4.067624007429784,-3.217323589846272,-15.608188890140218,22.181034728074096,-2.3224262907812463,-7.751351722429438,2.01472020561131,-7.194092797199364,2.8160493931016943
EFT:-7.188674075784877,4.067624007429783,-3.2173235898462695,-15.608188890140214,22.18103472807409,-2.322426290781248,-7.75135172242944,2.0147202056113076,-7.194092797199361,2.8160493931016934
Random377
Raw:-7.188674075784876,4.067624007429785,-3.217323589846271,-15.608188890140212,22.181034728074092,-2.3224262907812436,-7.751351722429439,2.014720205611308,-7.194092797199362,2.816049393101693
EFT:-7.188674075784877,4.067624007429783,-3.2173235898462695,-15.608188890140214,22.18103472807409,-2.322426290781248,-7.75135172242944,2.014720205611307,-7.194092797199361,2.8160493931016934
Random378
Raw:-7.188674075784877,4.067624007429788,-3.217323589846269,-15.608188890140212,22.181034728074092,-2.322426290781243,-7.751351722429444,2.014720205611311,-7.194092797199366,2.8160493931016948
EFT:-7.188674075784877,4.067624007429783,-3.2173235898462695,-15.608188890140214,22.18103472807409,-2.322426290781248,-7.75135172242944,2.0147202056113076,-7.194092797199361,2.8160493931016934
Random379
Raw:-7.1886740757848795,4.0676240074297825,-3.2173235898462704,-15.608188890140212,22.181034728074096,-2.322426290781247,-7.751351722429445,2.0147202056113054,-7.194092797199365,2.8160493931016983
EFT:-7.188674075784877,4.067624007429783,-3.21732358984627,-15.608188890140214,22.18103472807409,-2.322426290781248,-7.75135172242944,2.014720205611307,-7.194092797199361,2.8160493931016934
Random380
Raw:-7.188674075784876,4.067624007429786,-3.2173235898462686,-15.608188890140216,22.18103472807409,-2.322426290781249,-7.751351722429439,2.014720205611311,-7.19409279719936,2.8160493931016943
EFT:-7.188674075784877,4.067624007429783,-3.2173235898462695,-15.608188890140214,22.18103472807409,-2.322426290781248,-7.75135172242944,2.0147202056113076,-7.194092797199361,2.8160493931016934
Random381
Raw:-7.188674075784875,4.067624007429784,-3.2173235898462726,-15.608188890140214,22.181034728074085,-2.322426290781246,-7.751351722429447,2.0147202056113067,-7.194092797199361,2.8160493931016988
EFT:-7.188674075784877,4.067624007429783,-3.2173235898462695,-15.608188890140214,22.18103472807409,-2.322426290781248,-7.75135172242944,2.0147202056113076,-7.194092797199361,2.8160493931016934
Random382
Raw:-7.188674075784875,4.067624007429781,-3.2173235898462695,-15.608188890140214,22.18103472807409,-2.3224262907812454,-7.751351722429447,2.0147202056113063,-7.194092797199362,2.8160493931016974
EFT:-7.188674075784877,4.067624007429783,-3.2173235898462695,-15.608188890140214,22.18103472807409,-2.322426290781248,-7.7513517224294395,2.0147202056113076,-7.194092797199361,2.8160493931016934
Random383
Raw:-7.188674075784877,4.067624007429783,-3.2173235898462655,-15.608188890140214,22.181034728074092,-2.322426290781247,-7.75135172242944,2.0147202056113076,-7.194092797199359,2.816049393101691
EFT:-7.188674075784877,4.067624007429783,-3.2173235898462695,-15.608188890140214,22.18103472807409,-2.322426290781248,-7.75135172242944,2.0147202056113076,-7.194092797199361,2.8160493931016934
Random384
Raw:-7.188674075784873,4.067624007429785,-3.21732358984627,-15.608188890140216,22.181034728074085,-2.3224262907812485,-7.7513517224294395,2.0147202056113107,-7.194092797199364,2.816049393101692
EFT:-7.188674075784877,4.067624007429783,-3.2173235898462695,-15.608188890140214,22.18103472807409,-2.322426290781248,-7.75135172242944,2.0147202056113076,-7.194092797199361,2.8160493931016934
Random385
Raw:-7.188674075784876,4.067624007429785,-3.2173235898462713,-15.608188890140214,22.181034728074096,-2.3224262907812476,-7.751351722429442,2.014720205611308,-7.194092797199357,2.816049393101694
EFT:-7.188674075784877,4.067624007429783,-3.2173235898462695,-15.608188890140214,22.18103472807409,-2.322426290781248,-7.75135172242944,2.0147202056113076,-7.194092797199361,2.8160493931016934
Random386
Raw:-7.188674075784876,4.067624007429783,-3.2173235898462686,-15.608188890140212,22.181034728074092,-2.3224262907812485,-7.751351722429443,2.0147202056113103,-7.194092797199364,2.8160493931016943
EFT:-7.188674075784877,4.067624007429783,-3.2173235898462695,-15.608188890140214,22.18103472807409,-2.322426290781248,-7.75135172242944,2.014720205611307,-7.194092797199361,2.8160493931016934
Random387
Raw:-7.188674075784877,4.067624007429788,-3.217323589846269,-15.608188890140212,22.181034728074092,-2.3224262907812467,-7.751351722429442,2.0147202056113085,-7.194092797199366,2.816049393101694
EFT:-7.188674075784877,4.067624007429783,-3.2173235898462695,-15.608188890140214,22.18103472807409,-2.322426290781248,-7.75135172242944,2.0147202056113076,-7.194092797199361,2.8160493931016934
Random388
Raw:-7.188674075784875,4.067624007429783,-3.21732358984627,-15.608188890140212,22.18103472807409,-2.3224262907812454,-7.7513517224294395,2.0147202056113094,-7.194092797199365,2.8160493931016943
EFT:-7.188674075784877,4.067624007429783,-3.2173235898462695,-15.608188890140214,22.18103472807409,-2.322426290781248,-7.75135172242944,2.0147202056113076,-7.194092797199361,2.8160493931016934
Random389
Raw:-7.188674075784876,4.067624007429784,-3.2173235898462678,-15.608188890140212,22.181034728074092,-2.3224262907812516,-7.751351722429443,2.014720205611309,-7.1940927971993585,2.8160493931016943
EFT:-7.188674075784877,4.067624007429783,-3.2173235898462695,-15.608188890140214,22.18103472807409,-2.322426290781248,-7.75135172242944,2.014720205611307,-7.194092797199361,2.8160493931016934
Random390
Raw:-7.188674075784876,4.067624007429787,-3.217323589846271,-15.608188890140212,22.18103472807409,-2.322426290781245,-7.751351722429443,2.0147202056113076,-7.194092797199361,2.8160493931016943
EFT:-7.188674075784877,4.067624007429783,-3.2173235898462695,-15.608188890140214,22.18103472807409,-2.322426290781248,-7.75135172242944,2.014720205611307,-7.194092797199361,2.8160493931016934
Random391
Raw:-7.188674075784876,4.067624007429783,-3.21732358984627,-15.60818889014021,22.18103472807409,-2.3224262907812436,-7.751351722429441,2.014720205611306,-7.194092797199363,2.8160493931016943
EFT:-7.188674075784877,4.067624007429783,-3.21732358984627,-15.608188890140214,22.18103472807409,-2.322426290781248,-7.75135172242944,2.0147202056113076,-7.194092797199361,2.8160493931016934
Random392
Raw:-7.188674075784878,4.0676240074297905,-3.2173235898462695,-15.608188890140212,22.1810347280741,-2.3224262907812476,-7.7513517224294395,2.0147202056113085,-7.194092797199362,2.816049393101694
EFT:-7.188674075784877,4.067624007429783,-3.2173235898462695,-15.608188890140214,22.18103472807409,-2.322426290781248,-7.75135172242944,2.0147202056113076,-7.194092797199361,2.8160493931016934
Random393
Raw:-7.188674075784879,4.067624007429785,-3.217323589846265,-15.608188890140212,22.181034728074092,-2.3224262907812485,-7.751351722429438,2.014720205611307,-7.194092797199366,2.816049393101691
EFT:-7.188674075784877,4.067624007429783,-3.2173235898462695,-15.608188890140214,22.18103472807409,-2.322426290781248,-7.75135172242944,2.014720205611307,-7.194092797199361,2.8160493931016934
Random394
Raw:-7.188674075784878,4.0676240074297825,-3.217323589846269,-15.608188890140218,22.181034728074092,-2.322426290781247,-7.751351722429442,2.014720205611311,-7.194092797199361,2.816049393101695
EFT:-7.188674075784877,4.067624007429783,-3.21732358984627,-15.608188890140214,22.18103472807409,-2.322426290781248,-7.75135172242944,2.014720205611307,-7.194092797199361,2.8160493931016934
Random395
Raw:-7.188674075784873,4.067624007429787,-3.21732358984627,-15.608188890140212,22.181034728074092,-2.3224262907812485,-7.751351722429443,2.0147202056113107,-7.194092797199365,2.816049393101695
EFT:-7.188674075784877,4.067624007429783,-3.2173235898462695,-15.608188890140214,22.18103472807409,-2.322426290781248,-7.75135172242944,2.0147202056113076,-7.194092797199361,2.8160493931016934
Random396
Raw:-7.188674075784875,4.067624007429783,-3.2173235898462673,-15.608188890140216,22.181034728074096,-2.322426290781253,-7.751351722429447,2.0147202056113094,-7.194092797199363,2.8160493931017005
EFT:-7.188674075784877,4.067624007429783,-3.21732358984627,-15.608188890140214,22.18103472807409,-2.322426290781248,-7.75135172242944,2.014720205611307,-7.194092797199361,2.8160493931016934
Random397
Raw:-7.1886740757848795,4.067624007429782,-3.2173235898462735,-15.608188890140207,22.18103472807409,-2.322426290781243,-7.751351722429439,2.014720205611304,-7.19409279719936,2.8160493931016926
EFT:-7.188674075784877,4.067624007429783,-3.2173235898462695,-15.608188890140214,22.18103472807409,-2.322426290781248,-7.75135172242944,2.014720205611307,-7.194092797199361,2.8160493931016934
Random398
Raw:-7.188674075784874,4.067624007429785,-3.2173235898462718,-15.608188890140216,22.181034728074092,-2.3224262907812485,-7.751351722429442,2.014720205611306,-7.194092797199365,2.816049393101696
EFT:-7.188674075784877,4.067624007429783,-3.2173235898462695,-15.608188890140214,22.18103472807409,-2.322426290781248,-7.75135172242944,2.0147202056113076,-7.194092797199361,2.8160493931016934
Random399
Raw:-7.188674075784874,4.067624007429783,-3.21732358984627,-15.608188890140216,22.181034728074092,-2.3224262907812476,-7.7513517224294395,2.014720205611307,-7.194092797199362,2.8160493931016934
EFT:-7.188674075784877,4.067624007429783,-3.2173235898462695,-15.608188890140214,22.18103472807409,-2.322426290781248,-7.75135172242944,2.0147202056113076,-7.194092797199361,2.8160493931016934
Random400
Raw:-7.188674075784876,4.067624007429784,-3.2173235898462695,-15.608188890140214,22.18103472807408,-2.3224262907812503,-7.75135172242944,2.0147202056113076,-7.19409279719936,2.8160493931016957
EFT:-7.188674075784877,4.067624007429783,-3.2173235898462695,-15.608188890140214,22.18103472807409,-2.322426290781248,-7.75135172242944,2.0147202056113076,-7.194092797199361,2.8160493931016934
Random401
Raw:-7.188674075784878,4.067624007429783,-3.217323589846273,-15.608188890140207,22.181034728074092,-2.322426290781245,-7.751351722429443,2.014720205611306,-7.194092797199363,2.816049393101697
EFT:-7.188674075784877,4.067624007429783,-3.2173235898462695,-15.608188890140214,22.18103472807409,-2.322426290781248,-7.75135172242944,2.014720205611307,-7.194092797199361,2.8160493931016934
Random402
Raw:-7.18867407578488,4.067624007429779,-3.217323589846272,-15.608188890140214,22.181034728074092,-2.322426290781245,-7.751351722429443,2.014720205611307,-7.194092797199362,2.816049393101697
EFT:-7.188674075784877,4.067624007429783,-3.2173235898462695,-15.608188890140214,22.18103472807409,-2.322426290781248,-7.75135172242944,2.0147202056113076,-7.194092797199361,2.8160493931016934
Random403
Raw:-7.188674075784876,4.067624007429782,-3.217323589846268,-15.608188890140216,22.1810347280741,-2.322426290781247,-7.751351722429441,2.0147202056113107,-7.194092797199362,2.8160493931016903
EFT:-7.188674075784877,4.067624007429783,-3.2173235898462695,-15.608188890140214,22.18103472807409,-2.322426290781248,-7.75135172242944,2.0147202056113076,-7.194092797199361,2.8160493931016934
Random404
Raw:-7.188674075784879,4.067624007429786,-3.217323589846267,-15.608188890140209,22.181034728074096,-2.3224262907812476,-7.751351722429442,2.014720205611308,-7.194092797199361,2.816049393101694
EFT:-7.188674075784877,4.067624007429783,-3.217323589846269,-15.608188890140214,22.18103472807409,-2.322426290781248,-7.7513517224294395,2.0147202056113076,-7.194092797199361,2.8160493931016934
Random405
Raw:-7.188674075784877,4.067624007429783,-3.217323589846267,-15.608188890140214,22.181034728074096,-2.3224262907812476,-7.751351722429444,2.0147202056113067,-7.194092797199365,2.816049393101697
EFT:-7.188674075784877,4.067624007429783,-3.217323589846269,-15.608188890140214,22.18103472807409,-2.322426290781248,-7.7513517224294395,2.0147202056113076,-7.194092797199361,2.8160493931016934
Random406
Raw:-7.188674075784879,4.067624007429781,-3.2173235898462718,-15.608188890140216,22.181034728074096,-2.322426290781244,-7.751351722429443,2.0147202056113076,-7.19409279719936,2.816049393101695
EFT:-7.188674075784877,4.067624007429783,-3.2173235898462695,-15.608188890140214,22.18103472807409,-2.322426290781248,-7.75135172242944,2.0147202056113076,-7.194092797199361,2.8160493931016934
Random407
Raw:-7.188674075784877,4.067624007429787,-3.217323589846268,-15.608188890140214,22.181034728074096,-2.3224262907812467,-7.751351722429437,2.0147202056113076,-7.194092797199365,2.816049393101693
EFT:-7.188674075784877,4.067624007429783,-3.217323589846269,-15.608188890140214,22.18103472807409,-2.322426290781248,-7.7513517224294395,2.0147202056113076,-7.194092797199361,2.8160493931016934
Random408
Raw:-7.188674075784879,4.0676240074297825,-3.2173235898462726,-15.60818889014021,22.18103472807409,-2.322426290781246,-7.751351722429438,2.0147202056113094,-7.194092797199362,2.816049393101696
EFT:-7.188674075784877,4.067624007429783,-3.2173235898462695,-15.608188890140214,22.18103472807409,-2.322426290781248,-7.75135172242944,2.014720205611307,-7.194092797199361,2.8160493931016934
Random409
Raw:-7.188674075784875,4.067624007429783,-3.2173235898462695,-15.60818889014021,22.181034728074085,-2.3224262907812503,-7.7513517224294395,2.01472020561131,-7.194092797199361,2.816049393101694
EFT:-7.188674075784877,4.067624007429783,-3.2173235898462695,-15.608188890140214,22.18103472807409,-2.322426290781248,-7.75135172242944,2.0147202056113076,-7.194092797199361,2.8160493931016934
Random410
Raw:-7.188674075784875,4.067624007429783,-3.21732358984627,-15.608188890140212,22.181034728074085,-2.3224262907812503,-7.751351722429442,2.014720205611309,-7.194092797199362,2.816049393101693
EFT:-7.188674075784877,4.067624007429783,-3.2173235898462695,-15.608188890140214,22.18103472807409,-2.322426290781248,-7.75135172242944,2.0147202056113076,-7.194092797199361,2.8160493931016934
Random411
Raw:-7.188674075784875,4.067624007429786,-3.217323589846271,-15.608188890140218,22.181034728074096,-2.3224262907812485,-7.7513517224294395,2.0147202056113094,-7.19409279719936,2.8160493931016948
EFT:-7.188674075784877,4.067624007429783,-3.2173235898462695,-15.608188890140214,22.18103472807409,-2.322426290781248,-7.75135172242944,2.0147202056113076,-7.194092797199361,2.8160493931016934
Random412
Raw:-7.1886740757848795,4.067624007429785,-3.2173235898462673,-15.608188890140214,22.181034728074092,-2.32242629078125,-7.751351722429442,2.014720205611312,-7.19409279719936,2.8160493931016948
EFT:-7.188674075784877,4.067624007429783,-3.2173235898462695,-15.608188890140214,22.18103472807409,-2.322426290781248,-7.75135172242944,2.0147202056113076,-7.194092797199361,2.8160493931016934
Random413
Raw:-7.188674075784877,4.067624007429787,-3.217323589846273,-15.608188890140216,22.181034728074092,-2.3224262907812507,-7.751351722429443,2.01472020561131,-7.194092797199359,2.8160493931016957
EFT:-7.188674075784877,4.067624007429783,-3.21732358984627,-15.608188890140214,22.18103472807409,-2.322426290781248,-7.75135172242944,2.0147202056113076,-7.194092797199361,2.8160493931016934
Random414
Raw:-7.188674075784872,4.067624007429785,-3.21732358984627,-15.60818889014021,22.181034728074085,-2.322426290781245,-7.751351722429443,2.014720205611308,-7.194092797199365,2.816049393101696
EFT:-7.188674075784877,4.067624007429783,-3.2173235898462695,-15.608188890140214,22.18103472807409,-2.322426290781248,-7.75135172242944,2.014720205611307,-7.194092797199361,2.8160493931016934
Random415
Raw:-7.188674075784878,4.067624007429787,-3.2173235898462718,-15.608188890140214,22.181034728074096,-2.32242629078125,-7.751351722429443,2.0147202056113125,-7.194092797199364,2.816049393101698
EFT:-7.188674075784877,4.067624007429783,-3.2173235898462695,-15.608188890140214,22.18103472807409,-2.322426290781248,-7.75135172242944,2.0147202056113076,-7.194092797199361,2.8160493931016934
Random416
Raw:-7.188674075784878,4.067624007429786,-3.217323589846272,-15.608188890140216,22.181034728074092,-2.322426290781245,-7.751351722429437,2.014720205611306,-7.194092797199359,2.81604939310169
EFT:-7.188674075784877,4.067624007429783,-3.2173235898462695,-15.608188890140214,22.18103472807409,-2.322426290781248,-7.75135172242944,2.0147202056113076,-7.194092797199361,2.8160493931016934
Random417
Raw:-7.188674075784878,4.067624007429784,-3.217323589846268,-15.608188890140216,22.181034728074096,-2.322426290781247,-7.751351722429446,2.0147202056113076,-7.194092797199366,2.816049393101695
EFT:-7.188674075784877,4.067624007429783,-3.2173235898462695,-15.608188890140214,22.18103472807409,-2.322426290781248,-7.75135172242944,2.0147202056113076,-7.194092797199361,2.8160493931016934
Random418
Raw:-7.188674075784876,4.0676240074297825,-3.2173235898462704,-15.608188890140212,22.181034728074092,-2.3224262907812467,-7.751351722429443,2.0147202056113067,-7.194092797199362,2.8160493931016966
EFT:-7.188674075784877,4.067624007429783,-3.21732358984627,-15.608188890140214,22.18103472807409,-2.322426290781248,-7.75135172242944,2.014720205611307,-7.194092797199361,2.8160493931016934
Random419
Raw:-7.1886740757848795,4.067624007429782,-3.21732358984627,-15.608188890140212,22.181034728074096,-2.3224262907812436,-7.751351722429444,2.0147202056113103,-7.194092797199366,2.816049393101695
EFT:-7.188674075784877,4.067624007429783,-3.2173235898462695,-15.608188890140214,22.18103472807409,-2.322426290781248,-7.7513517224294395,2.0147202056113076,-7.194092797199361,2.8160493931016934
Random420
Raw:-7.188674075784878,4.067624007429781,-3.2173235898462713,-15.608188890140207,22.18103472807409,-2.3224262907812423,-7.751351722429444,2.014720205611304,-7.1940927971993585,2.816049393101695
EFT:-7.188674075784877,4.067624007429783,-3.2173235898462695,-15.608188890140214,22.18103472807409,-2.322426290781248,-7.75135172242944,2.0147202056113076,-7.194092797199361,2.8160493931016934
Random421
Raw:-7.188674075784877,4.0676240074297825,-3.2173235898462713,-15.608188890140214,22.181034728074092,-2.3224262907812467,-7.751351722429442,2.0147202056113094,-7.194092797199364,2.8160493931016943
EFT:-7.188674075784877,4.067624007429783,-3.2173235898462695,-15.608188890140214,22.18103472807409,-2.322426290781248,-7.75135172242944,2.0147202056113076,-7.194092797199361,2.8160493931016934
Random422
Raw:-7.188674075784877,4.0676240074297825,-3.217323589846272,-15.608188890140212,22.181034728074092,-2.322426290781245,-7.751351722429438,2.014720205611305,-7.19409279719936,2.8160493931016926
EFT:-7.188674075784877,4.067624007429783,-3.2173235898462695,-15.608188890140214,22.18103472807409,-2.322426290781248,-7.75135172242944,2.0147202056113076,-7.194092797199361,2.8160493931016934
Random423
Raw:-7.188674075784879,4.067624007429783,-3.2173235898462678,-15.60818889014021,22.181034728074092,-2.322426290781248,-7.751351722429442,2.0147202056113094,-7.194092797199366,2.816049393101697
EFT:-7.188674075784877,4.067624007429783,-3.2173235898462695,-15.608188890140214,22.18103472807409,-2.322426290781248,-7.75135172242944,2.0147202056113076,-7.194092797199361,2.8160493931016934
Random424
Raw:-7.188674075784877,4.0676240074297825,-3.2173235898462678,-15.60818889014021,22.181034728074092,-2.322426290781249,-7.751351722429444,2.014720205611312,-7.194092797199361,2.816049393101696
EFT:-7.188674075784877,4.067624007429783,-3.2173235898462695,-15.608188890140214,22.18103472807409,-2.322426290781248,-7.75135172242944,2.0147202056113076,-7.194092797199361,2.8160493931016934
Random425
Raw:-7.1886740757848795,4.067624007429782,-3.217323589846269,-15.608188890140214,22.181034728074092,-2.3224262907812463,-7.75135172242944,2.0147202056113076,-7.194092797199361,2.816049393101694
EFT:-7.188674075784877,4.067624007429783,-3.2173235898462695,-15.608188890140214,22.18103472807409,-2.322426290781248,-7.75135172242944,2.014720205611307,-7.194092797199361,2.8160493931016934
Random426
Raw:-7.18867407578488,4.0676240074297825,-3.2173235898462686,-15.608188890140214,22.181034728074092,-2.3224262907812467,-7.751351722429438,2.014720205611306,-7.194092797199362,2.816049393101691
EFT:-7.188674075784877,4.067624007429783,-3.217323589846269,-15.608188890140214,22.18103472807409,-2.322426290781248,-7.7513517224294395,2.0147202056113076,-7.194092797199361,2.8160493931016934
Random427
Raw:-7.188674075784876,4.067624007429785,-3.217323589846272,-15.608188890140212,22.181034728074096,-2.322426290781246,-7.751351722429445,2.014720205611311,-7.194092797199362,2.8160493931016943
EFT:-7.188674075784877,4.067624007429783,-3.2173235898462695,-15.608188890140214,22.18103472807409,-2.322426290781248,-7.75135172242944,2.0147202056113076,-7.194092797199361,2.8160493931016934
Random428
Raw:-7.188674075784877,4.067624007429784,-3.2173235898462713,-15.608188890140218,22.18103472807409,-2.322426290781245,-7.751351722429441,2.014720205611309,-7.194092797199361,2.8160493931016934
EFT:-7.188674075784877,4.067624007429783,-3.2173235898462695,-15.608188890140214,22.18103472807409,-2.322426290781248,-7.75135172242944,2.0147202056113076,-7.194092797199361,2.8160493931016934
Random429
Raw:-7.188674075784877,4.067624007429782,-3.217323589846273,-15.608188890140214,22.181034728074092,-2.322426290781245,-7.751351722429441,2.0147202056113076,-7.194092797199363,2.816049393101695
EFT:-7.188674075784877,4.067624007429783,-3.2173235898462695,-15.608188890140214,22.18103472807409,-2.322426290781248,-7.7513517224294395,2.0147202056113076,-7.194092797199361,2.8160493931016934
Random430
Raw:-7.188674075784876,4.067624007429781,-3.21732358984627,-15.608188890140214,22.181034728074092,-2.322426290781246,-7.7513517224294395,2.014720205611306,-7.19409279719936,2.8160493931016943
EFT:-7.188674075784877,4.067624007429783,-3.2173235898462695,-15.608188890140214,22.18103472807409,-2.322426290781248,-7.75135172242944,2.0147202056113076,-7.194092797199361,2.8160493931016934
Random431
Raw:-7.188674075784881,4.067624007429779,-3.217323589846268,-15.60818889014021,22.18103472807409,-2.3224262907812445,-7.751351722429443,2.014720205611305,-7.194092797199362,2.8160493931016948
EFT:-7.188674075784877,4.067624007429783,-3.2173235898462695,-15.608188890140214,22.18103472807409,-2.322426290781248,-7.75135172242944,2.0147202056113076,-7.194092797199361,2.8160493931016934
Random432
Raw:-7.18867407578488,4.0676240074297825,-3.217323589846271,-15.608188890140205,22.181034728074092,-2.3224262907812467,-7.751351722429445,2.014720205611308,-7.194092797199364,2.8160493931016988
EFT:-7.188674075784877,4.067624007429783,-3.217323589846269,-15.608188890140214,22.18103472807409,-2.322426290781248,-7.7513517224294395,2.0147202056113076,-7.194092797199361,2.8160493931016934
Random433
Raw:-7.188674075784875,4.067624007429785,-3.217323589846271,-15.608188890140212,22.18103472807409,-2.322426290781245,-7.75135172242944,2.014720205611308,-7.194092797199362,2.816049393101696
EFT:-7.188674075784877,4.067624007429783,-3.2173235898462695,-15.608188890140214,22.18103472807409,-2.322426290781248,-7.75135172242944,2.0147202056113076,-7.194092797199361,2.8160493931016934
Random434
Raw:-7.188674075784875,4.067624007429784,-3.2173235898462704,-15.608188890140209,22.18103472807409,-2.3224262907812476,-7.751351722429443,2.0147202056113094,-7.19409279719936,2.816049393101695
EFT:-7.188674075784877,4.067624007429783,-3.2173235898462695,-15.608188890140214,22.18103472807409,-2.322426290781248,-7.75135172242944,2.014720205611307,-7.194092797199361,2.8160493931016934
Random435
Raw:-7.188674075784878,4.067624007429783,-3.2173235898462664,-15.608188890140212,22.181034728074096,-2.322426290781248,-7.751351722429446,2.014720205611308,-7.194092797199363,2.816049393101696
EFT:-7.188674075784877,4.067624007429783,-3.21732358984627,-15.608188890140214,22.18103472807409,-2.322426290781248,-7.75135172242944,2.0147202056113076,-7.194092797199361,2.8160493931016934
Random436
Raw:-7.188674075784875,4.0676240074297825,-3.2173235898462695,-15.608188890140209,22.181034728074085,-2.322426290781243,-7.7513517224294395,2.0147202056113036,-7.194092797199362,2.8160493931016934
EFT:-7.188674075784877,4.067624007429783,-3.21732358984627,-15.608188890140214,22.18103472807409,-2.322426290781248,-7.75135172242944,2.014720205611307,-7.194092797199361,2.8160493931016934
Random437
Raw:-7.188674075784877,4.067624007429783,-3.2173235898462695,-15.608188890140212,22.181034728074096,-2.3224262907812436,-7.7513517224294395,2.014720205611306,-7.194092797199362,2.8160493931016917
EFT:-7.188674075784877,4.067624007429783,-3.2173235898462695,-15.608188890140214,22.18103472807409,-2.322426290781248,-7.75135172242944,2.014720205611307,-7.194092797199361,2.8160493931016934
Random438
Raw:-7.188674075784877,4.067624007429787,-3.2173235898462695,-15.608188890140218,22.181034728074092,-2.3224262907812476,-7.751351722429443,2.014720205611307,-7.194092797199364,2.8160493931016948
EFT:-7.188674075784877,4.067624007429783,-3.2173235898462695,-15.608188890140214,22.18103472807409,-2.322426290781248,-7.75135172242944,2.0147202056113076,-7.194092797199361,2.8160493931016934
Random439
Raw:-7.188674075784877,4.067624007429788,-3.217323589846266,-15.60818889014021,22.181034728074085,-2.3224262907812494,-7.75135172242944,2.0147202056113085,-7.194092797199362,2.8160493931016934
EFT:-7.188674075784877,4.067624007429783,-3.2173235898462695,-15.608188890140212,22.18103472807409,-2.322426290781248,-7.75135172242944,2.0147202056113076,-7.194092797199361,2.8160493931016934
Random440
Raw:-7.188674075784874,4.0676240074297825,-3.2173235898462664,-15.608188890140212,22.181034728074092,-2.3224262907812485,-7.75135172242944,2.0147202056113103,-7.194092797199365,2.8160493931016957
EFT:-7.188674075784877,4.067624007429783,-3.2173235898462695,-15.608188890140214,22.18103472807409,-2.322426290781248,-7.75135172242944,2.014720205611307,-7.194092797199361,2.8160493931016934
Random441
Raw:-7.188674075784879,4.067624007429785,-3.217323589846268,-15.608188890140214,22.181034728074096,-2.3224262907812463,-7.75135172242944,2.0147202056113067,-7.194092797199367,2.8160493931016943
EFT:-7.188674075784877,4.067624007429783,-3.2173235898462695,-15.608188890140214,22.18103472807409,-2.322426290781248,-7.7513517224294395,2.0147202056113076,-7.194092797199361,2.8160493931016934
Random442
Raw:-7.1886740757848795,4.067624007429785,-3.2173235898462713,-15.608188890140214,22.181034728074092,-2.3224262907812454,-7.751351722429444,2.0147202056113094,-7.194092797199364,2.816049393101698
EFT:-7.188674075784877,4.067624007429783,-3.2173235898462695,-15.608188890140214,22.18103472807409,-2.322426290781248,-7.75135172242944,2.014720205611307,-7.194092797199361,2.8160493931016934
Random443
Raw:-7.188674075784874,4.0676240074297825,-3.2173235898462664,-15.60818889014021,22.18103472807409,-2.322426290781245,-7.7513517224294395,2.0147202056113076,-7.19409279719936,2.816049393101697
EFT:-7.188674075784877,4.067624007429783,-3.2173235898462695,-15.608188890140214,22.18103472807409,-2.322426290781248,-7.75135172242944,2.0147202056113076,-7.194092797199361,2.8160493931016934
Random444
Raw:-7.188674075784877,4.067624007429786,-3.217323589846271,-15.608188890140216,22.181034728074092,-2.322426290781248,-7.751351722429441,2.014720205611307,-7.194092797199361,2.8160493931016917
EFT:-7.188674075784877,4.067624007429783,-3.21732358984627,-15.608188890140214,22.18103472807409,-2.322426290781248,-7.75135172242944,2.014720205611307,-7.194092797199361,2.8160493931016934
Random445
Raw:-7.188674075784877,4.067624007429783,-3.217323589846269,-15.608188890140214,22.181034728074092,-2.322426290781246,-7.751351722429443,2.014720205611305,-7.194092797199363,2.8160493931016948
EFT:-7.188674075784877,4.067624007429783,-3.2173235898462695,-15.608188890140214,22.18103472807409,-2.322426290781248,-7.75135172242944,2.0147202056113076,-7.194092797199361,2.8160493931016934
Random446
Raw:-7.188674075784877,4.067624007429786,-3.217323589846269,-15.608188890140218,22.181034728074092,-2.32242629078125,-7.751351722429444,2.0147202056113107,-7.194092797199365,2.8160493931016966
EFT:-7.188674075784877,4.067624007429783,-3.217323589846269,-15.608188890140214,22.18103472807409,-2.322426290781248,-7.7513517224294395,2.0147202056113076,-7.194092797199361,2.8160493931016934
Random447
Raw:-7.188674075784877,4.0676240074297825,-3.21732358984627,-15.60818889014021,22.18103472807409,-2.3224262907812454,-7.751351722429444,2.01472020561131,-7.194092797199362,2.816049393101696
EFT:-7.188674075784877,4.067624007429783,-3.21732358984627,-15.608188890140214,22.18103472807409,-2.322426290781248,-7.75135172242944,2.0147202056113076,-7.194092797199361,2.8160493931016934
Random448
Raw:-7.188674075784877,4.067624007429786,-3.2173235898462695,-15.608188890140218,22.181034728074092,-2.322426290781249,-7.751351722429442,2.014720205611309,-7.19409279719936,2.8160493931016934
EFT:-7.188674075784877,4.067624007429783,-3.2173235898462695,-15.608188890140214,22.18103472807409,-2.322426290781248,-7.75135172242944,2.0147202056113076,-7.194092797199361,2.8160493931016934
Random449
Raw:-7.188674075784877,4.067624007429781,-3.2173235898462718,-15.608188890140214,22.181034728074085,-2.3224262907812445,-7.751351722429445,2.0147202056113067,-7.194092797199359,2.8160493931016974
EFT:-7.188674075784877,4.067624007429783,-3.2173235898462695,-15.608188890140214,22.18103472807409,-2.322426290781248,-7.75135172242944,2.014720205611307,-7.194092797199361,2.8160493931016934
Random450
Raw:-7.188674075784877,4.0676240074297825,-3.2173235898462713,-15.608188890140207,22.181034728074092,-2.3224262907812476,-7.751351722429441,2.014720205611312,-7.194092797199361,2.8160493931016988
EFT:-7.188674075784877,4.067624007429783,-3.217323589846269,-15.608188890140214,22.18103472807409,-2.322426290781248,-7.7513517224294395,2.0147202056113076,-7.194092797199361,2.8160493931016934
Random451
Raw:-7.188674075784881,4.067624007429781,-3.2173235898462673,-15.608188890140207,22.18103472807409,-2.322426290781247,-7.751351722429444,2.014720205611305,-7.194092797199362,2.8160493931016966
EFT:-7.188674075784877,4.067624007429783,-3.2173235898462695,-15.608188890140214,22.18103472807409,-2.322426290781248,-7.75135172242944,2.0147202056113076,-7.194092797199361,2.8160493931016934
Random452
Raw:-7.188674075784879,4.067624007429784,-3.2173235898462718,-15.608188890140214,22.181034728074092,-2.3224262907812463,-7.751351722429447,2.014720205611308,-7.194092797199362,2.8160493931016943
EFT:-7.188674075784877,4.067624007429783,-3.2173235898462695,-15.608188890140214,22.18103472807409,-2.322426290781248,-7.75135172242944,2.0147202056113076,-7.194092797199361,2.8160493931016934
Random453
Raw:-7.188674075784876,4.067624007429786,-3.2173235898462718,-15.608188890140212,22.181034728074092,-2.3224262907812485,-7.7513517224294395,2.0147202056113107,-7.194092797199361,2.816049393101694
EFT:-7.188674075784877,4.067624007429783,-3.2173235898462695,-15.608188890140214,22.18103472807409,-2.322426290781248,-7.75135172242944,2.0147202056113076,-7.194092797199361,2.8160493931016934
Random454
Raw:-7.188674075784876,4.067624007429787,-3.21732358984627,-15.608188890140216,22.181034728074092,-2.322426290781251,-7.751351722429443,2.0147202056113107,-7.194092797199363,2.8160493931016934
EFT:-7.188674075784877,4.067624007429783,-3.2173235898462695,-15.608188890140214,22.18103472807409,-2.322426290781248,-7.75135172242944,2.0147202056113076,-7.194092797199361,2.8160493931016934
Random455
Raw:-7.188674075784876,4.067624007429785,-3.217323589846268,-15.608188890140216,22.181034728074096,-2.322426290781249,-7.751351722429438,2.0147202056113067,-7.194092797199363,2.816049393101689
EFT:-7.188674075784877,4.067624007429783,-3.2173235898462695,-15.608188890140214,22.18103472807409,-2.322426290781248,-7.75135172242944,2.014720205611307,-7.194092797199361,2.8160493931016934
Random456
Raw:-7.188674075784876,4.067624007429786,-3.217323589846268,-15.608188890140212,22.18103472807409,-2.322426290781247,-7.751351722429442,2.014720205611309,-7.194092797199366,2.8160493931016934
EFT:-7.188674075784877,4.067624007429783,-3.2173235898462695,-15.608188890140214,22.18103472807409,-2.322426290781248,-7.75135172242944,2.0147202056113076,-7.194092797199361,2.8160493931016934
Random457
Raw:-7.188674075784878,4.067624007429783,-3.2173235898462695,-15.608188890140216,22.181034728074092,-2.322426290781249,-7.751351722429447,2.0147202056113067,-7.194092797199364,2.8160493931017
EFT:-7.188674075784877,4.067624007429783,-3.2173235898462695,-15.608188890140214,22.18103472807409,-2.322426290781248,-7.75135172242944,2.0147202056113076,-7.194092797199361,2.8160493931016934
Random458
Raw:-7.188674075784879,4.067624007429783,-3.21732358984627,-15.608188890140212,22.181034728074092,-2.322426290781245,-7.751351722429443,2.014720205611308,-7.194092797199365,2.8160493931016948
EFT:-7.188674075784877,4.067624007429783,-3.217323589846269,-15.608188890140214,22.18103472807409,-2.322426290781248,-7.7513517224294395,2.0147202056113076,-7.194092797199361,2.8160493931016934
Random459
Raw:-7.188674075784878,4.067624007429786,-3.21732358984627,-15.608188890140214,22.18103472807409,-2.322426290781246,-7.751351722429442,2.0147202056113085,-7.194092797199363,2.816049393101697
EFT:-7.188674075784877,4.067624007429783,-3.217323589846269,-15.608188890140214,22.18103472807409,-2.322426290781248,-7.7513517224294395,2.0147202056113076,-7.194092797199361,2.8160493931016934
Random460
Raw:-7.1886740757848795,4.067624007429785,-3.2173235898462686,-15.608188890140212,22.181034728074092,-2.3224262907812467,-7.7513517224294395,2.0147202056113085,-7.194092797199361,2.816049393101697
EFT:-7.188674075784877,4.067624007429783,-3.2173235898462695,-15.608188890140214,22.18103472807409,-2.322426290781248,-7.75135172242944,2.0147202056113076,-7.194092797199361,2.8160493931016934
Random461
Raw:-7.188674075784875,4.067624007429784,-3.217323589846268,-15.608188890140216,22.181034728074096,-2.3224262907812476,-7.751351722429442,2.0147202056113076,-7.194092797199363,2.8160493931016917
EFT:-7.188674075784877,4.067624007429783,-3.2173235898462695,-15.608188890140214,22.18103472807409,-2.322426290781248,-7.75135172242944,2.0147202056113076,-7.194092797199361,2.8160493931016934
Random462
Raw:-7.1886740757848795,4.067624007429785,-3.2173235898462695,-15.608188890140214,22.181034728074103,-2.3224262907812463,-7.751351722429442,2.01472020561131,-7.1940927971993665,2.816049393101695
EFT:-7.188674075784877,4.067624007429783,-3.21732358984627,-15.608188890140214,22.18103472807409,-2.322426290781248,-7.75135172242944,2.014720205611307,-7.194092797199361,2.8160493931016934
Random463
Raw:-7.188674075784875,4.06762400742978,-3.217323589846269,-15.608188890140205,22.181034728074092,-2.3224262907812485,-7.751351722429445,2.0147202056113067,-7.194092797199365,2.8160493931016966
EFT:-7.188674075784877,4.067624007429783,-3.2173235898462695,-15.608188890140214,22.18103472807409,-2.322426290781248,-7.75135172242944,2.014720205611307,-7.194092797199361,2.8160493931016934
Random464
Raw:-7.188674075784878,4.067624007429783,-3.21732358984627,-15.608188890140212,22.181034728074085,-2.3224262907812485,-7.751351722429445,2.014720205611311,-7.194092797199365,2.8160493931016988
EFT:-7.188674075784877,4.067624007429783,-3.2173235898462695,-15.608188890140214,22.18103472807409,-2.322426290781248,-7.75135172242944,2.0147202056113076,-7.194092797199361,2.8160493931016934
Random465
Raw:-7.188674075784878,4.067624007429788,-3.2173235898462678,-15.60818889014022,22.18103472807409,-2.3224262907812485,-7.751351722429441,2.014720205611312,-7.194092797199364,2.816049393101693
EFT:-7.188674075784877,4.067624007429783,-3.2173235898462695,-15.608188890140214,22.18103472807409,-2.322426290781248,-7.75135172242944,2.014720205611307,-7.194092797199361,2.8160493931016934
Random466
Raw:-7.188674075784876,4.067624007429783,-3.217323589846268,-15.608188890140212,22.181034728074092,-2.3224262907812467,-7.751351722429443,2.0147202056113063,-7.194092797199363,2.8160493931016943
EFT:-7.188674075784877,4.067624007429783,-3.217323589846269,-15.608188890140214,22.18103472807409,-2.322426290781248,-7.7513517224294395,2.0147202056113076,-7.194092797199361,2.8160493931016934
Random467
Raw:-7.188674075784879,4.067624007429785,-3.2173235898462713,-15.608188890140216,22.18103472807409,-2.322426290781246,-7.751351722429444,2.0147202056113085,-7.194092797199364,2.8160493931016974
EFT:-7.188674075784877,4.067624007429783,-3.2173235898462695,-15.608188890140214,22.18103472807409,-2.322426290781248,-7.75135172242944,2.0147202056113076,-7.194092797199361,2.8160493931016934
Random468
Raw:-7.188674075784875,4.0676240074297825,-3.21732358984627,-15.60818889014021,22.181034728074092,-2.3224262907812454,-7.751351722429444,2.0147202056113103,-7.194092797199362,2.8160493931016957
EFT:-7.188674075784877,4.067624007429783,-3.2173235898462695,-15.608188890140214,22.18103472807409,-2.322426290781248,-7.75135172242944,2.0147202056113076,-7.194092797199361,2.8160493931016934
Random469
Raw:-7.188674075784877,4.067624007429785,-3.2173235898462704,-15.60818889014021,22.181034728074092,-2.322426290781247,-7.751351722429439,2.0147202056113067,-7.194092797199362,2.8160493931016943
EFT:-7.188674075784877,4.067624007429783,-3.21732358984627,-15.608188890140214,22.18103472807409,-2.322426290781248,-7.75135172242944,2.014720205611307,-7.194092797199361,2.8160493931016934
Random470
Raw:-7.1886740757848795,4.0676240074297825,-3.217323589846268,-15.60818889014021,22.181034728074096,-2.3224262907812463,-7.75135172242944,2.0147202056113085,-7.194092797199362,2.816049393101693
EFT:-7.188674075784877,4.067624007429783,-3.2173235898462695,-15.608188890140214,22.18103472807409,-2.322426290781248,-7.75135172242944,2.0147202056113076,-7.194092797199361,2.8160493931016934
Random471
Raw:-7.18867407578488,4.0676240074297825,-3.2173235898462704,-15.60818889014021,22.18103472807409,-2.322426290781249,-7.751351722429438,2.0147202056113076,-7.194092797199361,2.8160493931016943
EFT:-7.188674075784877,4.067624007429783,-3.2173235898462695,-15.608188890140214,22.18103472807409,-2.322426290781248,-7.75135172242944,2.0147202056113076,-7.194092797199361,2.8160493931016934
Random472
Raw:-7.188674075784876,4.067624007429783,-3.21732358984627,-15.60818889014021,22.181034728074092,-2.3224262907812476,-7.751351722429442,2.01472020561131,-7.194092797199362,2.8160493931016957
EFT:-7.188674075784877,4.067624007429783,-3.2173235898462695,-15.608188890140214,22.18103472807409,-2.322426290781248,-7.75135172242944,2.0147202056113076,-7.194092797199361,2.8160493931016934
Random473
Raw:-7.188674075784879,4.067624007429784,-3.2173235898462718,-15.608188890140214,22.18103472807409,-2.322426290781243,-7.751351722429445,2.0147202056113085,-7.194092797199362,2.816049393101696
EFT:-7.188674075784877,4.067624007429783,-3.2173235898462695,-15.608188890140214,22.18103472807409,-2.322426290781248,-7.75135172242944,2.0147202056113076,-7.194092797199361,2.8160493931016934
Random474
Raw:-7.188674075784876,4.067624007429786,-3.217323589846273,-15.608188890140212,22.1810347280741,-2.322426290781245,-7.751351722429447,2.014720205611307,-7.194092797199361,2.816049393101696
EFT:-7.188674075784877,4.067624007429783,-3.2173235898462695,-15.608188890140214,22.18103472807409,-2.322426290781248,-7.7513517224294395,2.0147202056113076,-7.194092797199361,2.8160493931016934
Random475
Raw:-7.1886740757848795,4.067624007429784,-3.21732358984627,-15.60818889014021,22.181034728074096,-2.322426290781246,-7.751351722429445,2.0147202056113094,-7.194092797199365,2.816049393101697
EFT:-7.188674075784877,4.067624007429783,-3.21732358984627,-15.608188890140214,22.18103472807409,-2.322426290781248,-7.75135172242944,2.0147202056113076,-7.194092797199361,2.8160493931016934
Random476
Raw:-7.188674075784876,4.067624007429783,-3.2173235898462704,-15.608188890140212,22.181034728074092,-2.322426290781248,-7.751351722429443,2.0147202056113085,-7.194092797199362,2.8160493931016912
EFT:-7.188674075784877,4.067624007429783,-3.2173235898462695,-15.608188890140214,22.18103472807409,-2.322426290781248,-7.75135172242944,2.0147202056113076,-7.194092797199361,2.8160493931016934
Random477
Raw:-7.188674075784879,4.0676240074297825,-3.2173235898462704,-15.608188890140214,22.18103472807408,-2.322426290781249,-7.751351722429443,2.0147202056113103,-7.194092797199362,2.816049393101697
EFT:-7.188674075784877,4.067624007429783,-3.2173235898462695,-15.608188890140214,22.18103472807409,-2.322426290781248,-7.75135172242944,2.014720205611307,-7.194092797199361,2.8160493931016934
Random478
Raw:-7.188674075784877,4.067624007429782,-3.2173235898462704,-15.608188890140216,22.181034728074096,-2.322426290781247,-7.751351722429446,2.0147202056113067,-7.194092797199362,2.8160493931016943
EFT:-7.188674075784877,4.067624007429783,-3.21732358984627,-15.608188890140214,22.18103472807409,-2.322426290781248,-7.75135172242944,2.014720205611307,-7.194092797199361,2.8160493931016934
Random479
Raw:-7.1886740757848795,4.0676240074297825,-3.217323589846269,-15.608188890140214,22.18103472807409,-2.322426290781246,-7.751351722429443,2.0147202056113067,-7.194092797199363,2.8160493931016966
EFT:-7.188674075784877,4.067624007429783,-3.2173235898462695,-15.608188890140214,22.18103472807409,-2.322426290781248,-7.75135172242944,2.014720205611307,-7.194092797199361,2.8160493931016934
Random480
Raw:-7.188674075784878,4.067624007429786,-3.2173235898462678,-15.608188890140212,22.181034728074092,-2.3224262907812485,-7.751351722429443,2.014720205611311,-7.194092797199364,2.8160493931016997
EFT:-7.188674075784877,4.067624007429783,-3.2173235898462695,-15.608188890140214,22.18103472807409,-2.322426290781248,-7.75135172242944,2.0147202056113076,-7.194092797199361,2.8160493931016934
Random481
Raw:-7.18867407578488,4.067624007429781,-3.2173235898462673,-15.60818889014021,22.18103472807409,-2.322426290781247,-7.751351722429443,2.0147202056113094,-7.194092797199363,2.8160493931016966
EFT:-7.188674075784877,4.067624007429783,-3.2173235898462695,-15.608188890140214,22.18103472807409,-2.322426290781248,-7.75135172242944,2.014720205611307,-7.194092797199361,2.8160493931016934
Random482
Raw:-7.188674075784874,4.067624007429783,-3.217323589846269,-15.60818889014021,22.18103472807409,-2.322426290781248,-7.75135172242944,2.0147202056113063,-7.194092797199363,2.816049393101693
EFT:-7.188674075784877,4.067624007429783,-3.21732358984627,-15.608188890140214,22.18103472807409,-2.322426290781248,-7.75135172242944,2.014720205611307,-7.194092797199361,2.8160493931016934
Random483
Raw:-7.188674075784875,4.067624007429781,-3.21732358984627,-15.60818889014021,22.18103472807409,-2.322426290781248,-7.751351722429442,2.0147202056113063,-7.19409279719936,2.8160493931016974
EFT:-7.188674075784877,4.067624007429783,-3.21732358984627,-15.608188890140214,22.18103472807409,-2.322426290781248,-7.75135172242944,2.014720205611307,-7.194092797199361,2.8160493931016934
Random484
Raw:-7.188674075784876,4.067624007429786,-3.2173235898462718,-15.608188890140214,22.18103472807409,-2.32242629078125,-7.751351722429442,2.014720205611311,-7.194092797199362,2.8160493931016943
EFT:-7.188674075784877,4.067624007429783,-3.2173235898462695,-15.608188890140214,22.18103472807409,-2.322426290781248,-7.7513517224294395,2.0147202056113076,-7.194092797199361,2.8160493931016934
Random485
Raw:-7.188674075784879,4.067624007429786,-3.217323589846269,-15.60818889014021,22.181034728074092,-2.322426290781245,-7.751351722429443,2.014720205611309,-7.194092797199367,2.8160493931017
EFT:-7.188674075784877,4.067624007429783,-3.2173235898462695,-15.608188890140214,22.18103472807409,-2.322426290781248,-7.75135172242944,2.014720205611307,-7.194092797199361,2.8160493931016934
Random486
Raw:-7.188674075784875,4.067624007429787,-3.2173235898462713,-15.608188890140216,22.181034728074092,-2.3224262907812507,-7.751351722429441,2.0147202056113076,-7.194092797199361,2.8160493931016934
EFT:-7.188674075784877,4.067624007429783,-3.2173235898462695,-15.608188890140214,22.18103472807409,-2.322426290781248,-7.75135172242944,2.0147202056113076,-7.194092797199361,2.8160493931016934
Random487
Raw:-7.188674075784876,4.0676240074297825,-3.2173235898462695,-15.60818889014021,22.18103472807409,-2.3224262907812467,-7.751351722429439,2.014720205611309,-7.194092797199362,2.816049393101697
EFT:-7.188674075784877,4.067624007429783,-3.2173235898462695,-15.608188890140214,22.18103472807409,-2.322426290781248,-7.75135172242944,2.0147202056113076,-7.194092797199361,2.8160493931016934
Random488
Raw:-7.188674075784876,4.067624007429784,-3.217323589846269,-15.608188890140216,22.181034728074092,-2.32242629078125,-7.751351722429444,2.014720205611312,-7.194092797199365,2.816049393101694
EFT:-7.188674075784877,4.067624007429783,-3.21732358984627,-15.608188890140214,22.18103472807409,-2.322426290781248,-7.75135172242944,2.0147202056113076,-7.194092797199361,2.8160493931016934
Random489
Raw:-7.188674075784879,4.067624007429782,-3.217323589846271,-15.608188890140212,22.181034728074092,-2.3224262907812427,-7.751351722429443,2.0147202056113076,-7.194092797199361,2.8160493931016943
EFT:-7.188674075784877,4.067624007429783,-3.21732358984627,-15.608188890140214,22.18103472807409,-2.322426290781248,-7.75135172242944,2.014720205611307,-7.194092797199361,2.8160493931016934
Random490
Raw:-7.188674075784875,4.0676240074297825,-3.217323589846268,-15.608188890140214,22.181034728074092,-2.322426290781246,-7.751351722429435,2.014720205611308,-7.194092797199361,2.8160493931016917
EFT:-7.188674075784877,4.067624007429783,-3.2173235898462695,-15.608188890140214,22.18103472807409,-2.322426290781248,-7.75135172242944,2.0147202056113076,-7.194092797199361,2.8160493931016934
Random491
Raw:-7.188674075784874,4.067624007429782,-3.217323589846269,-15.608188890140209,22.181034728074092,-2.322426290781245,-7.751351722429447,2.0147202056113063,-7.194092797199362,2.8160493931016997
EFT:-7.188674075784877,4.067624007429783,-3.2173235898462695,-15.608188890140214,22.18103472807409,-2.322426290781248,-7.75135172242944,2.0147202056113076,-7.194092797199361,2.8160493931016934
Random492
Raw:-7.1886740757848795,4.067624007429784,-3.21732358984627,-15.608188890140214,22.181034728074092,-2.322426290781248,-7.751351722429443,2.014720205611309,-7.194092797199361,2.8160493931016983
EFT:-7.188674075784877,4.067624007429783,-3.2173235898462695,-15.608188890140214,22.18103472807409,-2.322426290781248,-7.75135172242944,2.0147202056113076,-7.194092797199361,2.8160493931016934
Random493
Raw:-7.188674075784873,4.067624007429783,-3.217323589846272,-15.608188890140214,22.181034728074092,-2.322426290781246,-7.751351722429443,2.014720205611311,-7.194092797199363,2.816049393101693
EFT:-7.188674075784877,4.067624007429783,-3.2173235898462695,-15.608188890140214,22.18103472807409,-2.322426290781248,-7.7513517224294395,2.0147202056113076,-7.194092797199361,2.8160493931016934
Random494
Raw:-7.188674075784878,4.067624007429787,-3.217323589846268,-15.608188890140207,22.181034728074085,-2.3224262907812494,-7.751351722429441,2.014720205611311,-7.194092797199366,2.8160493931016966
EFT:-7.188674075784877,4.067624007429783,-3.2173235898462695,-15.608188890140214,22.18103472807409,-2.322426290781248,-7.75135172242944,2.0147202056113076,-7.194092797199361,2.8160493931016934
Random495
Raw:-7.188674075784875,4.067624007429785,-3.21732358984627,-15.608188890140214,22.181034728074092,-2.3224262907812485,-7.751351722429442,2.0147202056113085,-7.194092797199362,2.8160493931016934
EFT:-7.188674075784877,4.067624007429783,-3.2173235898462695,-15.608188890140214,22.18103472807409,-2.322426290781248,-7.75135172242944,2.0147202056113076,-7.194092797199361,2.8160493931016934
Random496
Raw:-7.188674075784879,4.067624007429787,-3.2173235898462695,-15.608188890140214,22.181034728074092,-2.322426290781249,-7.751351722429441,2.0147202056113045,-7.19409279719936,2.8160493931016948
EFT:-7.188674075784877,4.067624007429783,-3.2173235898462695,-15.608188890140214,22.18103472807409,-2.322426290781248,-7.7513517224294395,2.0147202056113076,-7.194092797199361,2.8160493931016934
Random497
Raw:-7.188674075784877,4.067624007429783,-3.2173235898462704,-15.608188890140218,22.181034728074092,-2.322426290781251,-7.751351722429441,2.014720205611306,-7.19409279719936,2.816049393101695
EFT:-7.188674075784877,4.067624007429783,-3.2173235898462695,-15.608188890140214,22.18103472807409,-2.322426290781248,-7.75135172242944,2.0147202056113076,-7.194092797199361,2.8160493931016934
Random498
Raw:-7.18867407578488,4.067624007429785,-3.217323589846272,-15.608188890140212,22.181034728074092,-2.322426290781247,-7.751351722429445,2.0147202056113103,-7.194092797199364,2.816049393101695
EFT:-7.188674075784877,4.067624007429783,-3.2173235898462695,-15.608188890140214,22.18103472807409,-2.322426290781248,-7.75135172242944,2.0147202056113076,-7.194092797199361,2.8160493931016934
Random499
Raw:-7.1886740757848795,4.067624007429785,-3.217323589846267,-15.608188890140216,22.18103472807409,-2.322426290781249,-7.7513517224294395,2.014720205611307,-7.194092797199361,2.816049393101694
EFT:-7.188674075784877,4.067624007429783,-3.21732358984627,-15.608188890140214,22.18103472807409,-2.322426290781248,-7.75135172242944,2.0147202056113076,-7.194092797199361,2.8160493931016934
Random500
Raw:-7.188674075784875,4.067624007429784,-3.21732358984627,-15.608188890140214,22.1810347280741,-2.322426290781248,-7.751351722429444,2.014720205611308,-7.194092797199362,2.816049393101695
EFT:-7.188674075784877,4.067624007429783,-3.2173235898462695,-15.608188890140214,22.18103472807409,-2.322426290781248,-7.75135172242944,2.0147202056113076,-7.194092797199361,2.8160493931016934
Random501
Raw:-7.188674075784878,4.0676240074297825,-3.2173235898462673,-15.608188890140212,22.18103472807409,-2.322426290781248,-7.751351722429443,2.0147202056113103,-7.194092797199364,2.8160493931016943
EFT:-7.188674075784877,4.067624007429783,-3.2173235898462695,-15.608188890140214,22.18103472807409,-2.322426290781248,-7.75135172242944,2.014720205611307,-7.194092797199361,2.8160493931016934
Random502
Raw:-7.188674075784876,4.0676240074297825,-3.21732358984627,-15.608188890140209,22.181034728074092,-2.322426290781239,-7.751351722429441,2.0147202056113045,-7.194092797199361,2.8160493931016934
EFT:-7.188674075784877,4.067624007429783,-3.21732358984627,-15.608188890140214,22.18103472807409,-2.322426290781248,-7.75135172242944,2.0147202056113076,-7.194092797199361,2.8160493931016934
Random503
Raw:-7.188674075784879,4.067624007429784,-3.217323589846268,-15.60818889014021,22.18103472807408,-2.3224262907812463,-7.751351722429442,2.014720205611308,-7.194092797199363,2.816049393101697
EFT:-7.188674075784877,4.067624007429783,-3.21732358984627,-15.608188890140214,22.18103472807409,-2.322426290781248,-7.75135172242944,2.0147202056113076,-7.194092797199361,2.8160493931016934
Random504
Raw:-7.188674075784877,4.067624007429785,-3.217323589846271,-15.608188890140212,22.18103472807409,-2.3224262907812467,-7.751351722429443,2.01472020561131,-7.194092797199363,2.8160493931016957
EFT:-7.188674075784877,4.067624007429783,-3.21732358984627,-15.608188890140214,22.18103472807409,-2.322426290781248,-7.75135172242944,2.014720205611307,-7.194092797199361,2.8160493931016934
Random505
Raw:-7.188674075784878,4.067624007429783,-3.2173235898462686,-15.608188890140212,22.181034728074092,-2.322426290781243,-7.751351722429439,2.0147202056113005,-7.194092797199367,2.816049393101692
EFT:-7.188674075784877,4.067624007429783,-3.2173235898462695,-15.608188890140214,22.18103472807409,-2.322426290781248,-7.75135172242944,2.0147202056113076,-7.194092797199361,2.8160493931016934
Random506
Raw:-7.188674075784877,4.0676240074297825,-3.21732358984627,-15.60818889014021,22.18103472807409,-2.322426290781246,-7.751351722429441,2.0147202056113085,-7.194092797199359,2.8160493931016934
EFT:-7.188674075784877,4.067624007429783,-3.2173235898462695,-15.608188890140214,22.18103472807409,-2.322426290781248,-7.75135172242944,2.0147202056113076,-7.194092797199361,2.8160493931016934
Random507
Raw:-7.188674075784876,4.067624007429783,-3.2173235898462726,-15.608188890140209,22.18103472807409,-2.3224262907812445,-7.751351722429445,2.01472020561131,-7.1940927971993585,2.8160493931016988
EFT:-7.188674075784877,4.067624007429783,-3.2173235898462695,-15.608188890140214,22.18103472807409,-2.322426290781248,-7.75135172242944,2.014720205611307,-7.194092797199361,2.8160493931016934
Random508
Raw:-7.188674075784874,4.067624007429784,-3.2173235898462695,-15.608188890140209,22.181034728074092,-2.322426290781247,-7.751351722429444,2.014720205611307,-7.19409279719936,2.816049393101696
EFT:-7.188674075784877,4.067624007429783,-3.21732358984627,-15.608188890140214,22.18103472807409,-2.322426290781248,-7.75135172242944,2.0147202056113076,-7.194092797199361,2.8160493931016934
Random509
Raw:-7.188674075784878,4.06762400742978,-3.2173235898462704,-15.60818889014021,22.181034728074085,-2.3224262907812463,-7.751351722429442,2.0147202056113045,-7.194092797199359,2.8160493931016948
EFT:-7.188674075784877,4.067624007429783,-3.2173235898462695,-15.608188890140214,22.18103472807409,-2.322426290781248,-7.75135172242944,2.0147202056113076,-7.194092797199361,2.8160493931016934
Random510
Raw:-7.188674075784878,4.067624007429788,-3.2173235898462695,-15.608188890140212,22.181034728074096,-2.322426290781245,-7.751351722429441,2.0147202056113076,-7.194092797199362,2.816049393101692
EFT:-7.188674075784877,4.067624007429783,-3.2173235898462695,-15.608188890140214,22.18103472807409,-2.322426290781248,-7.75135172242944,2.0147202056113076,-7.194092797199361,2.8160493931016934
Random511
Raw:-7.188674075784878,4.067624007429787,-3.2173235898462673,-15.60818889014021,22.181034728074092,-2.3224262907812494,-7.751351722429444,2.014720205611311,-7.194092797199366,2.816049393101695
EFT:-7.188674075784877,4.067624007429783,-3.2173235898462695,-15.608188890140214,22.18103472807409,-2.322426290781248,-7.75135172242944,2.0147202056113076,-7.194092797199361,2.8160493931016934
Random512
Raw:-7.188674075784878,4.067624007429784,-3.2173235898462664,-15.608188890140214,22.18103472807409,-2.322426290781251,-7.751351722429441,2.0147202056113085,-7.194092797199362,2.8160493931016934
EFT:-7.188674075784877,4.067624007429783,-3.2173235898462695,-15.608188890140214,22.18103472807409,-2.322426290781248,-7.75135172242944,2.014720205611307,-7.194092797199361,2.8160493931016934
Random513
Raw:-7.188674075784878,4.067624007429783,-3.217323589846269,-15.608188890140214,22.181034728074092,-2.3224262907812467,-7.751351722429442,2.0147202056113094,-7.194092797199365,2.816049393101696
EFT:-7.188674075784877,4.067624007429783,-3.21732358984627,-15.608188890140214,22.18103472807409,-2.322426290781248,-7.75135172242944,2.014720205611307,-7.194092797199361,2.8160493931016934
Random514
Raw:-7.1886740757848795,4.067624007429787,-3.2173235898462713,-15.608188890140214,22.18103472807409,-2.322426290781244,-7.7513517224294395,2.0147202056113085,-7.194092797199361,2.816049393101694
EFT:-7.188674075784877,4.067624007429783,-3.217323589846269,-15.608188890140214,22.18103472807409,-2.322426290781248,-7.7513517224294395,2.0147202056113076,-7.194092797199361,2.8160493931016934
Random515
Raw:-7.188674075784877,4.067624007429783,-3.217323589846267,-15.60818889014021,22.181034728074092,-2.3224262907812503,-7.751351722429443,2.0147202056113103,-7.194092797199361,2.8160493931016948
EFT:-7.188674075784877,4.067624007429783,-3.2173235898462695,-15.608188890140214,22.18103472807409,-2.322426290781248,-7.75135172242944,2.0147202056113076,-7.194092797199361,2.8160493931016934
Random516
Raw:-7.188674075784877,4.0676240074297825,-3.217323589846271,-15.60818889014021,22.181034728074092,-2.322426290781244,-7.751351722429442,2.014720205611305,-7.194092797199361,2.816049393101693
EFT:-7.188674075784877,4.067624007429783,-3.2173235898462695,-15.608188890140214,22.18103472807409,-2.322426290781248,-7.75135172242944,2.0147202056113076,-7.194092797199361,2.8160493931016934
Random517
Raw:-7.188674075784874,4.067624007429781,-3.217323589846266,-15.60818889014021,22.181034728074096,-2.3224262907812494,-7.7513517224294395,2.0147202056113076,-7.19409279719936,2.816049393101693
EFT:-7.188674075784877,4.067624007429783,-3.2173235898462695,-15.608188890140214,22.18103472807409,-2.322426290781248,-7.75135172242944,2.0147202056113076,-7.194092797199361,2.8160493931016934
Random518
Raw:-7.188674075784883,4.067624007429785,-3.2173235898462704,-15.608188890140212,22.18103472807409,-2.3224262907812476,-7.751351722429445,2.0147202056113067,-7.194092797199364,2.8160493931016934
EFT:-7.188674075784877,4.067624007429783,-3.2173235898462695,-15.608188890140214,22.18103472807409,-2.322426290781248,-7.75135172242944,2.0147202056113076,-7.194092797199361,2.8160493931016934
Random519
Raw:-7.188674075784879,4.067624007429786,-3.2173235898462713,-15.608188890140214,22.181034728074092,-2.322426290781248,-7.751351722429442,2.0147202056113085,-7.194092797199362,2.816049393101695
EFT:-7.188674075784877,4.067624007429783,-3.2173235898462695,-15.608188890140214,22.18103472807409,-2.322426290781248,-7.75135172242944,2.0147202056113076,-7.194092797199361,2.8160493931016934
Random520
Raw:-7.18867407578488,4.067624007429786,-3.21732358984627,-15.608188890140214,22.181034728074096,-2.322426290781247,-7.751351722429442,2.0147202056113085,-7.194092797199365,2.816049393101696
EFT:-7.188674075784877,4.067624007429783,-3.2173235898462695,-15.608188890140214,22.18103472807409,-2.322426290781248,-7.75135172242944,2.0147202056113076,-7.194092797199361,2.8160493931016934
Random521
Raw:-7.188674075784878,4.067624007429782,-3.21732358984627,-15.608188890140205,22.18103472807409,-2.3224262907812454,-7.751351722429443,2.014720205611304,-7.194092797199362,2.8160493931016997
EFT:-7.188674075784877,4.067624007429783,-3.2173235898462695,-15.608188890140214,22.18103472807409,-2.322426290781248,-7.75135172242944,2.014720205611307,-7.194092797199361,2.8160493931016934
Random522
Raw:-7.188674075784873,4.067624007429783,-3.217323589846268,-15.608188890140218,22.181034728074096,-2.3224262907812503,-7.751351722429445,2.0147202056113103,-7.1940927971993665,2.816049393101697
EFT:-7.188674075784877,4.067624007429783,-3.2173235898462695,-15.608188890140214,22.18103472807409,-2.322426290781248,-7.75135172242944,2.0147202056113076,-7.194092797199361,2.8160493931016934
Random523
Raw:-7.188674075784876,4.067624007429785,-3.2173235898462686,-15.608188890140209,22.181034728074096,-2.322426290781248,-7.7513517224294395,2.014720205611308,-7.194092797199362,2.816049393101693
EFT:-7.188674075784877,4.067624007429783,-3.21732358984627,-15.608188890140214,22.18103472807409,-2.322426290781248,-7.75135172242944,2.014720205611307,-7.194092797199361,2.8160493931016934
Random524
Raw:-7.18867407578488,4.0676240074297825,-3.2173235898462673,-15.608188890140214,22.181034728074085,-2.3224262907812467,-7.751351722429441,2.014720205611309,-7.194092797199365,2.8160493931016974
EFT:-7.188674075784877,4.067624007429783,-3.2173235898462695,-15.608188890140214,22.18103472807409,-2.322426290781248,-7.7513517224294395,2.0147202056113076,-7.194092797199361,2.8160493931016934
Random525
Raw:-7.188674075784879,4.067624007429784,-3.2173235898462686,-15.608188890140214,22.181034728074092,-2.322426290781248,-7.751351722429443,2.0147202056113085,-7.194092797199363,2.8160493931016934
EFT:-7.188674075784877,4.067624007429783,-3.2173235898462695,-15.608188890140214,22.18103472807409,-2.322426290781248,-7.75135172242944,2.0147202056113076,-7.194092797199361,2.8160493931016934
Random526
Raw:-7.188674075784879,4.067624007429783,-3.2173235898462718,-15.60818889014021,22.1810347280741,-2.3224262907812476,-7.751351722429443,2.0147202056113085,-7.194092797199362,2.816049393101698
EFT:-7.188674075784877,4.067624007429783,-3.2173235898462695,-15.608188890140214,22.18103472807409,-2.322426290781248,-7.75135172242944,2.0147202056113076,-7.194092797199361,2.8160493931016934
Random527
Raw:-7.188674075784875,4.067624007429781,-3.21732358984627,-15.608188890140214,22.181034728074096,-2.3224262907812476,-7.751351722429441,2.014720205611308,-7.194092797199364,2.8160493931016983
EFT:-7.188674075784877,4.067624007429783,-3.2173235898462695,-15.608188890140214,22.18103472807409,-2.322426290781248,-7.75135172242944,2.0147202056113076,-7.194092797199361,2.8160493931016934
Random528
Raw:-7.188674075784878,4.067624007429784,-3.2173235898462695,-15.608188890140207,22.181034728074096,-2.3224262907812476,-7.75135172242944,2.014720205611308,-7.194092797199362,2.816049393101693
EFT:-7.188674075784877,4.067624007429783,-3.2173235898462695,-15.608188890140214,22.18103472807409,-2.322426290781248,-7.75135172242944,2.0147202056113076,-7.194092797199361,2.8160493931016934
Random529
Raw:-7.188674075784876,4.0676240074297825,-3.2173235898462718,-15.608188890140214,22.181034728074096,-2.3224262907812494,-7.75135172242944,2.0147202056113054,-7.194092797199361,2.816049393101695
EFT:-7.188674075784877,4.067624007429783,-3.2173235898462695,-15.608188890140214,22.18103472807409,-2.322426290781248,-7.75135172242944,2.014720205611307,-7.194092797199361,2.8160493931016934
Random530
Raw:-7.188674075784876,4.067624007429783,-3.21732358984627,-15.60818889014021,22.181034728074085,-2.322426290781246,-7.751351722429444,2.0147202056113076,-7.194092797199361,2.816049393101697
EFT:-7.188674075784877,4.067624007429783,-3.217323589846269,-15.608188890140214,22.18103472807409,-2.322426290781248,-7.7513517224294395,2.0147202056113076,-7.194092797199361,2.8160493931016934
Random531
Raw:-7.188674075784879,4.067624007429786,-3.2173235898462686,-15.608188890140212,22.181034728074092,-2.32242629078125,-7.751351722429441,2.014720205611308,-7.194092797199363,2.816049393101694
EFT:-7.188674075784877,4.067624007429783,-3.2173235898462695,-15.608188890140214,22.18103472807409,-2.322426290781248,-7.75135172242944,2.0147202056113076,-7.194092797199361,2.8160493931016934
Random532
Raw:-7.188674075784879,4.067624007429782,-3.217323589846269,-15.608188890140207,22.181034728074092,-2.3224262907812467,-7.751351722429445,2.0147202056113085,-7.194092797199365,2.816049393101698
EFT:-7.188674075784877,4.067624007429783,-3.21732358984627,-15.608188890140214,22.18103472807409,-2.322426290781248,-7.75135172242944,2.0147202056113076,-7.194092797199361,2.8160493931016934
Random533
Raw:-7.188674075784877,4.067624007429786,-3.217323589846274,-15.608188890140221,22.181034728074096,-2.3224262907812467,-7.751351722429441,2.014720205611312,-7.194092797199367,2.816049393101693
EFT:-7.188674075784877,4.067624007429783,-3.2173235898462695,-15.608188890140214,22.18103472807409,-2.322426290781248,-7.75135172242944,2.0147202056113076,-7.194092797199361,2.8160493931016934
Random534
Raw:-7.188674075784878,4.067624007429786,-3.2173235898462695,-15.608188890140212,22.181034728074092,-2.3224262907812454,-7.751351722429444,2.0147202056113094,-7.194092797199369,2.816049393101695
EFT:-7.188674075784877,4.067624007429783,-3.2173235898462695,-15.608188890140214,22.18103472807409,-2.322426290781248,-7.75135172242944,2.0147202056113076,-7.194092797199361,2.8160493931016934
Random535
Raw:-7.188674075784878,4.067624007429783,-3.2173235898462678,-15.608188890140209,22.181034728074085,-2.322426290781248,-7.751351722429439,2.0147202056113116,-7.194092797199363,2.816049393101696
EFT:-7.188674075784877,4.067624007429783,-3.2173235898462695,-15.608188890140214,22.18103472807409,-2.322426290781248,-7.7513517224294395,2.0147202056113076,-7.194092797199361,2.8160493931016934
Random536
Raw:-7.188674075784876,4.0676240074297825,-3.217323589846268,-15.608188890140212,22.181034728074092,-2.3224262907812476,-7.751351722429441,2.014720205611308,-7.194092797199367,2.816049393101694
EFT:-7.188674075784877,4.067624007429783,-3.2173235898462695,-15.608188890140214,22.18103472807409,-2.322426290781248,-7.75135172242944,2.014720205611307,-7.194092797199361,2.8160493931016934
Random537
Raw:-7.188674075784877,4.067624007429787,-3.2173235898462695,-15.608188890140212,22.181034728074092,-2.322426290781246,-7.751351722429443,2.014720205611307,-7.194092797199364,2.8160493931016926
EFT:-7.188674075784877,4.067624007429783,-3.21732358984627,-15.608188890140214,22.18103472807409,-2.322426290781248,-7.75135172242944,2.0147202056113076,-7.194092797199361,2.8160493931016934
Random538
Raw:-7.188674075784874,4.067624007429786,-3.2173235898462673,-15.608188890140214,22.181034728074092,-2.3224262907812476,-7.751351722429438,2.014720205611308,-7.194092797199364,2.816049393101688
EFT:-7.188674075784877,4.067624007429783,-3.2173235898462695,-15.608188890140214,22.18103472807409,-2.322426290781248,-7.7513517224294395,2.0147202056113076,-7.194092797199361,2.8160493931016934
Random539
Raw:-7.188674075784876,4.067624007429786,-3.2173235898462713,-15.608188890140212,22.18103472807408,-2.3224262907812454,-7.751351722429445,2.0147202056113103,-7.194092797199363,2.8160493931016988
EFT:-7.188674075784877,4.067624007429783,-3.2173235898462695,-15.608188890140214,22.18103472807409,-2.322426290781248,-7.75135172242944,2.0147202056113076,-7.194092797199361,2.8160493931016934
Random540
Raw:-7.188674075784878,4.067624007429786,-3.2173235898462686,-15.608188890140214,22.18103472807409,-2.3224262907812467,-7.75135172242944,2.0147202056113103,-7.194092797199363,2.816049393101692
EFT:-7.188674075784877,4.067624007429783,-3.217323589846269,-15.608188890140214,22.18103472807409,-2.322426290781248,-7.7513517224294395,2.0147202056113076,-7.194092797199361,2.8160493931016934
Random541
Raw:-7.188674075784878,4.067624007429784,-3.2173235898462695,-15.608188890140214,22.181034728074096,-2.3224262907812467,-7.751351722429441,2.0147202056113116,-7.194092797199367,2.816049393101695
EFT:-7.188674075784877,4.067624007429783,-3.2173235898462695,-15.608188890140214,22.18103472807409,-2.322426290781248,-7.75135172242944,2.0147202056113076,-7.194092797199361,2.8160493931016934
Random542
Raw:-7.188674075784876,4.067624007429782,-3.2173235898462713,-15.608188890140212,22.181034728074096,-2.3224262907812445,-7.7513517224294395,2.014720205611305,-7.1940927971993585,2.8160493931016934
EFT:-7.188674075784877,4.067624007429783,-3.2173235898462695,-15.608188890140214,22.18103472807409,-2.322426290781248,-7.75135172242944,2.0147202056113076,-7.194092797199361,2.8160493931016934
Random543
Raw:-7.188674075784878,4.0676240074297825,-3.217323589846269,-15.608188890140216,22.18103472807409,-2.3224262907812463,-7.751351722429443,2.0147202056113085,-7.194092797199362,2.816049393101699
EFT:-7.188674075784877,4.067624007429783,-3.21732358984627,-15.608188890140214,22.18103472807409,-2.322426290781248,-7.75135172242944,2.0147202056113076,-7.194092797199361,2.8160493931016934
Random544
Raw:-7.188674075784876,4.067624007429784,-3.217323589846268,-15.608188890140212,22.181034728074092,-2.3224262907812494,-7.751351722429439,2.0147202056113125,-7.194092797199366,2.8160493931016943
EFT:-7.188674075784877,4.067624007429783,-3.217323589846269,-15.608188890140214,22.18103472807409,-2.322426290781248,-7.7513517224294395,2.0147202056113076,-7.194092797199361,2.8160493931016934
Random545
Raw:-7.188674075784874,4.067624007429779,-3.217323589846271,-15.608188890140209,22.181034728074092,-2.322426290781243,-7.751351722429439,2.0147202056113027,-7.194092797199359,2.816049393101691
EFT:-7.188674075784877,4.067624007429783,-3.2173235898462695,-15.608188890140214,22.18103472807409,-2.322426290781248,-7.75135172242944,2.014720205611307,-7.194092797199361,2.8160493931016934
Random546
Raw:-7.188674075784877,4.067624007429786,-3.217323589846272,-15.608188890140214,22.181034728074092,-2.322426290781247,-7.75135172242944,2.014720205611307,-7.194092797199363,2.816049393101692
EFT:-7.188674075784877,4.067624007429783,-3.21732358984627,-15.608188890140214,22.18103472807409,-2.322426290781248,-7.75135172242944,2.0147202056113076,-7.194092797199361,2.8160493931016934
Random547
Raw:-7.188674075784874,4.0676240074297825,-3.2173235898462664,-15.608188890140207,22.181034728074085,-2.3224262907812485,-7.751351722429445,2.014720205611307,-7.194092797199363,2.8160493931017005
EFT:-7.188674075784877,4.067624007429783,-3.21732358984627,-15.608188890140214,22.18103472807409,-2.322426290781248,-7.75135172242944,2.014720205611307,-7.194092797199361,2.8160493931016934
Random548
Raw:-7.188674075784875,4.067624007429786,-3.217323589846269,-15.608188890140212,22.181034728074092,-2.322426290781248,-7.751351722429442,2.014720205611307,-7.194092797199359,2.816049393101694
EFT:-7.188674075784877,4.067624007429783,-3.21732358984627,-15.608188890140214,22.18103472807409,-2.322426290781248,-7.75135172242944,2.0147202056113076,-7.194092797199361,2.8160493931016934
Random549
Raw:-7.188674075784878,4.067624007429784,-3.21732358984627,-15.608188890140214,22.1810347280741,-2.3224262907812467,-7.751351722429444,2.0147202056113067,-7.194092797199364,2.8160493931016966
EFT:-7.188674075784877,4.067624007429783,-3.2173235898462695,-15.608188890140214,22.18103472807409,-2.322426290781248,-7.7513517224294395,2.0147202056113076,-7.194092797199361,2.8160493931016934
Random550
Raw:-7.188674075784878,4.0676240074297825,-3.21732358984627,-15.608188890140212,22.181034728074096,-2.322426290781246,-7.751351722429439,2.014720205611306,-7.19409279719936,2.8160493931016917
EFT:-7.188674075784877,4.067624007429783,-3.2173235898462695,-15.608188890140214,22.18103472807409,-2.322426290781248,-7.75135172242944,2.014720205611307,-7.194092797199361,2.8160493931016934
Random551
Raw:-7.188674075784876,4.067624007429785,-3.21732358984627,-15.608188890140212,22.181034728074092,-2.3224262907812494,-7.751351722429445,2.014720205611312,-7.194092797199364,2.816049393101698
EFT:-7.188674075784877,4.067624007429783,-3.2173235898462695,-15.608188890140214,22.18103472807409,-2.322426290781248,-7.75135172242944,2.0147202056113076,-7.194092797199361,2.8160493931016934
Random552
Raw:-7.188674075784878,4.067624007429785,-3.217323589846272,-15.608188890140212,22.181034728074092,-2.3224262907812445,-7.751351722429444,2.014720205611308,-7.19409279719936,2.8160493931016943
EFT:-7.188674075784877,4.067624007429783,-3.2173235898462695,-15.608188890140214,22.18103472807409,-2.322426290781248,-7.75135172242944,2.0147202056113076,-7.194092797199361,2.8160493931016934
Random553
Raw:-7.1886740757848795,4.0676240074297825,-3.2173235898462686,-15.608188890140205,22.181034728074092,-2.322426290781246,-7.751351722429443,2.014720205611306,-7.194092797199364,2.8160493931016943
EFT:-7.188674075784877,4.067624007429783,-3.2173235898462695,-15.608188890140214,22.18103472807409,-2.322426290781248,-7.75135172242944,2.014720205611307,-7.194092797199361,2.8160493931016934
Random554
Raw:-7.188674075784873,4.067624007429784,-3.217323589846272,-15.608188890140214,22.181034728074092,-2.3224262907812476,-7.751351722429443,2.014720205611306,-7.194092797199363,2.816049393101694
EFT:-7.188674075784877,4.067624007429783,-3.21732358984627,-15.608188890140214,22.18103472807409,-2.322426290781248,-7.75135172242944,2.0147202056113076,-7.194092797199361,2.8160493931016934
Random555
Raw:-7.188674075784879,4.067624007429783,-3.2173235898462704,-15.608188890140212,22.181034728074096,-2.322426290781247,-7.751351722429444,2.0147202056113085,-7.194092797199362,2.8160493931016983
EFT:-7.188674075784877,4.067624007429783,-3.2173235898462695,-15.608188890140214,22.18103472807409,-2.322426290781248,-7.75135172242944,2.0147202056113076,-7.194092797199361,2.8160493931016934
Random556
Raw:-7.188674075784877,4.067624007429786,-3.217323589846269,-15.608188890140209,22.18103472807409,-2.322426290781247,-7.751351722429443,2.0147202056113085,-7.194092797199363,2.8160493931016966
EFT:-7.188674075784877,4.067624007429783,-3.2173235898462695,-15.608188890140214,22.18103472807409,-2.322426290781248,-7.75135172242944,2.0147202056113076,-7.194092797199361,2.8160493931016934
Random557
Raw:-7.188674075784879,4.067624007429785,-3.217323589846269,-15.608188890140212,22.181034728074092,-2.322426290781245,-7.751351722429441,2.0147202056113085,-7.194092797199364,2.8160493931016917
EFT:-7.188674075784877,4.067624007429783,-3.21732358984627,-15.608188890140214,22.18103472807409,-2.322426290781248,-7.75135172242944,2.0147202056113076,-7.194092797199361,2.8160493931016934
Random558
Raw:-7.188674075784877,4.067624007429787,-3.2173235898462718,-15.608188890140214,22.181034728074092,-2.322426290781248,-7.751351722429442,2.0147202056113094,-7.194092797199362,2.816049393101696
EFT:-7.188674075784877,4.067624007429783,-3.2173235898462695,-15.608188890140214,22.18103472807409,-2.322426290781248,-7.75135172242944,2.0147202056113076,-7.194092797199361,2.8160493931016934
Random559
Raw:-7.188674075784876,4.067624007429785,-3.2173235898462713,-15.608188890140212,22.18103472807409,-2.3224262907812463,-7.751351722429445,2.014720205611306,-7.194092797199361,2.8160493931016988
EFT:-7.188674075784877,4.067624007429783,-3.21732358984627,-15.608188890140214,22.18103472807409,-2.322426290781248,-7.75135172242944,2.0147202056113076,-7.194092797199361,2.8160493931016934
Random560
Raw:-7.188674075784876,4.067624007429783,-3.2173235898462695,-15.608188890140214,22.181034728074092,-2.3224262907812476,-7.751351722429442,2.0147202056113085,-7.194092797199363,2.8160493931016943
EFT:-7.188674075784877,4.067624007429783,-3.2173235898462695,-15.608188890140214,22.18103472807409,-2.322426290781248,-7.7513517224294395,2.0147202056113076,-7.194092797199361,2.8160493931016934
Random561
Raw:-7.188674075784877,4.067624007429782,-3.2173235898462718,-15.608188890140212,22.18103472807409,-2.322426290781245,-7.751351722429443,2.0147202056113076,-7.19409279719936,2.8160493931016988
EFT:-7.188674075784877,4.067624007429783,-3.21732358984627,-15.608188890140214,22.18103472807409,-2.322426290781248,-7.75135172242944,2.014720205611307,-7.194092797199361,2.8160493931016934
Random562
Raw:-7.188674075784879,4.067624007429783,-3.217323589846268,-15.608188890140212,22.181034728074085,-2.322426290781245,-7.75135172242944,2.014720205611306,-7.19409279719936,2.816049393101695
EFT:-7.188674075784877,4.067624007429783,-3.2173235898462695,-15.608188890140214,22.18103472807409,-2.322426290781248,-7.75135172242944,2.0147202056113076,-7.194092797199361,2.8160493931016934
Random563
Raw:-7.188674075784876,4.067624007429784,-3.217323589846271,-15.60818889014021,22.181034728074103,-2.3224262907812454,-7.751351722429445,2.0147202056113094,-7.194092797199361,2.816049393101697
EFT:-7.188674075784877,4.067624007429783,-3.2173235898462695,-15.608188890140214,22.18103472807409,-2.322426290781248,-7.75135172242944,2.0147202056113076,-7.194092797199361,2.8160493931016934
Random564
Raw:-7.188674075784875,4.067624007429785,-3.217323589846271,-15.608188890140212,22.181034728074092,-2.322426290781245,-7.7513517224294395,2.014720205611304,-7.194092797199361,2.816049393101693
EFT:-7.188674075784877,4.067624007429783,-3.2173235898462695,-15.608188890140214,22.18103472807409,-2.322426290781248,-7.75135172242944,2.0147202056113076,-7.194092797199361,2.8160493931016934
Random565
Raw:-7.1886740757848715,4.0676240074297825,-3.21732358984627,-15.608188890140216,22.181034728074085,-2.3224262907812485,-7.751351722429436,2.014720205611308,-7.194092797199357,2.8160493931016903
EFT:-7.188674075784877,4.067624007429783,-3.2173235898462695,-15.608188890140214,22.18103472807409,-2.322426290781248,-7.75135172242944,2.0147202056113076,-7.194092797199361,2.8160493931016934
Random566
Raw:-7.1886740757848795,4.067624007429785,-3.2173235898462686,-15.608188890140209,22.181034728074092,-2.3224262907812476,-7.751351722429443,2.0147202056113067,-7.194092797199363,2.816049393101693
EFT:-7.188674075784877,4.067624007429783,-3.217323589846269,-15.608188890140214,22.18103472807409,-2.322426290781248,-7.7513517224294395,2.0147202056113076,-7.194092797199361,2.8160493931016934
Random567
Raw:-7.188674075784878,4.067624007429784,-3.2173235898462718,-15.608188890140209,22.18103472807409,-2.322426290781247,-7.751351722429444,2.0147202056113085,-7.194092797199363,2.8160493931016966
EFT:-7.188674075784877,4.067624007429783,-3.21732358984627,-15.608188890140214,22.18103472807409,-2.322426290781248,-7.75135172242944,2.014720205611307,-7.194092797199361,2.8160493931016934
Random568
Raw:-7.188674075784876,4.067624007429782,-3.217323589846269,-15.608188890140214,22.181034728074092,-2.322426290781248,-7.751351722429444,2.014720205611307,-7.194092797199362,2.816049393101696
EFT:-7.188674075784877,4.067624007429783,-3.2173235898462695,-15.608188890140214,22.18103472807409,-2.322426290781248,-7.75135172242944,2.0147202056113076,-7.194092797199361,2.8160493931016934
Random569
Raw:-7.188674075784874,4.067624007429782,-3.2173235898462718,-15.608188890140214,22.181034728074092,-2.3224262907812476,-7.751351722429444,2.0147202056113067,-7.19409279719936,2.8160493931016926
EFT:-7.188674075784877,4.067624007429783,-3.2173235898462695,-15.608188890140214,22.18103472807409,-2.322426290781248,-7.75135172242944,2.0147202056113076,-7.194092797199361,2.8160493931016934
Random570
Raw:-7.188674075784877,4.067624007429783,-3.21732358984627,-15.608188890140212,22.181034728074092,-2.3224262907812454,-7.751351722429444,2.0147202056113085,-7.194092797199363,2.8160493931016966
EFT:-7.188674075784877,4.067624007429783,-3.2173235898462695,-15.608188890140214,22.18103472807409,-2.322426290781248,-7.75135172242944,2.0147202056113076,-7.194092797199361,2.8160493931016934
Random571
Raw:-7.188674075784879,4.067624007429784,-3.2173235898462758,-15.608188890140216,22.181034728074085,-2.3224262907812427,-7.751351722429443,2.01472020561131,-7.1940927971993665,2.816049393101694
EFT:-7.188674075784877,4.067624007429783,-3.2173235898462695,-15.608188890140214,22.18103472807409,-2.322426290781248,-7.75135172242944,2.0147202056113076,-7.194092797199361,2.8160493931016934
Random572
Raw:-7.1886740757848795,4.067624007429786,-3.2173235898462704,-15.608188890140218,22.1810347280741,-2.322426290781249,-7.751351722429442,2.0147202056113107,-7.194092797199361,2.8160493931016934
EFT:-7.188674075784877,4.067624007429783,-3.2173235898462695,-15.608188890140214,22.18103472807409,-2.322426290781248,-7.75135172242944,2.0147202056113076,-7.194092797199361,2.8160493931016934
Random573
Raw:-7.188674075784878,4.067624007429783,-3.217323589846269,-15.608188890140212,22.181034728074092,-2.3224262907812454,-7.751351722429447,2.0147202056113103,-7.1940927971993665,2.8160493931016988
EFT:-7.188674075784877,4.067624007429783,-3.2173235898462695,-15.608188890140214,22.18103472807409,-2.322426290781248,-7.75135172242944,2.014720205611307,-7.194092797199361,2.8160493931016934
Random574
Raw:-7.188674075784877,4.067624007429784,-3.21732358984627,-15.608188890140214,22.181034728074092,-2.322426290781246,-7.751351722429445,2.0147202056113067,-7.194092797199363,2.816049393101694
EFT:-7.188674075784877,4.067624007429783,-3.21732358984627,-15.608188890140214,22.18103472807409,-2.322426290781248,-7.75135172242944,2.0147202056113076,-7.194092797199361,2.8160493931016934
Random575
Raw:-7.188674075784873,4.067624007429784,-3.217323589846266,-15.608188890140207,22.18103472807409,-2.322426290781247,-7.7513517224294395,2.0147202056113076,-7.194092797199366,2.8160493931016934
EFT:-7.188674075784877,4.067624007429783,-3.21732358984627,-15.608188890140214,22.18103472807409,-2.322426290781248,-7.75135172242944,2.014720205611307,-7.194092797199361,2.8160493931016934
Random576
Raw:-7.188674075784879,4.067624007429785,-3.2173235898462704,-15.608188890140214,22.18103472807409,-2.322426290781248,-7.751351722429445,2.0147202056113125,-7.194092797199368,2.8160493931016974
EFT:-7.188674075784877,4.067624007429783,-3.2173235898462695,-15.608188890140214,22.18103472807409,-2.322426290781248,-7.75135172242944,2.014720205611307,-7.194092797199361,2.8160493931016934
Random577
Raw:-7.18867407578488,4.067624007429784,-3.2173235898462718,-15.608188890140214,22.181034728074092,-2.322426290781245,-7.751351722429442,2.014720205611307,-7.194092797199364,2.8160493931016943
EFT:-7.188674075784877,4.067624007429783,-3.2173235898462695,-15.608188890140214,22.18103472807409,-2.322426290781248,-7.75135172242944,2.0147202056113076,-7.194092797199361,2.8160493931016934
Random578
Raw:-7.188674075784878,4.0676240074297825,-3.2173235898462713,-15.60818889014021,22.181034728074085,-2.322426290781245,-7.751351722429443,2.0147202056113067,-7.1940927971993585,2.816049393101698
EFT:-7.188674075784877,4.067624007429783,-3.2173235898462695,-15.608188890140214,22.18103472807409,-2.322426290781248,-7.75135172242944,2.0147202056113076,-7.194092797199361,2.8160493931016934
Random579
Raw:-7.188674075784877,4.067624007429785,-3.217323589846268,-15.608188890140212,22.181034728074096,-2.322426290781247,-7.751351722429444,2.014720205611309,-7.1940927971993665,2.816049393101694
EFT:-7.188674075784877,4.067624007429783,-3.2173235898462695,-15.608188890140214,22.18103472807409,-2.322426290781248,-7.75135172242944,2.014720205611307,-7.194092797199361,2.8160493931016934
Random580
Raw:-7.188674075784876,4.067624007429783,-3.217323589846269,-15.608188890140214,22.181034728074085,-2.3224262907812467,-7.7513517224294395,2.0147202056113103,-7.194092797199364,2.8160493931016957
EFT:-7.188674075784877,4.067624007429783,-3.2173235898462695,-15.608188890140214,22.18103472807409,-2.322426290781248,-7.75135172242944,2.014720205611307,-7.194092797199361,2.8160493931016934
Random581
Raw:-7.188674075784875,4.067624007429784,-3.2173235898462726,-15.608188890140218,22.181034728074092,-2.322426290781245,-7.75135172242944,2.0147202056113054,-7.19409279719936,2.816049393101692
EFT:-7.188674075784877,4.067624007429783,-3.21732358984627,-15.608188890140214,22.18103472807409,-2.322426290781248,-7.75135172242944,2.014720205611307,-7.194092797199361,2.8160493931016934
Random582
Raw:-7.188674075784878,4.067624007429787,-3.217323589846268,-15.608188890140216,22.181034728074096,-2.3224262907812485,-7.751351722429443,2.01472020561131,-7.194092797199362,2.8160493931016934
EFT:-7.188674075784877,4.067624007429783,-3.21732358984627,-15.608188890140214,22.18103472807409,-2.322426290781248,-7.75135172242944,2.0147202056113076,-7.194092797199361,2.8160493931016934
Random583
Raw:-7.188674075784875,4.0676240074297825,-3.2173235898462713,-15.608188890140212,22.18103472807409,-2.3224262907812494,-7.751351722429445,2.0147202056113085,-7.19409279719936,2.8160493931016974
EFT:-7.188674075784877,4.067624007429783,-3.2173235898462695,-15.608188890140214,22.18103472807409,-2.322426290781248,-7.75135172242944,2.0147202056113076,-7.194092797199361,2.8160493931016934
Random584
Raw:-7.188674075784878,4.067624007429782,-3.217323589846269,-15.60818889014021,22.181034728074092,-2.322426290781246,-7.751351722429437,2.0147202056113027,-7.194092797199359,2.8160493931016934
EFT:-7.188674075784877,4.067624007429783,-3.21732358984627,-15.608188890140214,22.18103472807409,-2.322426290781248,-7.75135172242944,2.014720205611307,-7.194092797199361,2.8160493931016934
Random585
Raw:-7.188674075784878,4.067624007429785,-3.217323589846271,-15.608188890140214,22.181034728074092,-2.3224262907812454,-7.751351722429436,2.0147202056113076,-7.194092797199361,2.8160493931016943
EFT:-7.188674075784877,4.067624007429783,-3.2173235898462695,-15.608188890140214,22.18103472807409,-2.322426290781248,-7.75135172242944,2.014720205611307,-7.194092797199361,2.8160493931016934
Random586
Raw:-7.188674075784878,4.067624007429785,-3.2173235898462695,-15.608188890140212,22.181034728074092,-2.322426290781247,-7.751351722429441,2.0147202056113103,-7.194092797199361,2.8160493931016917
EFT:-7.188674075784877,4.067624007429783,-3.21732358984627,-15.608188890140214,22.18103472807409,-2.322426290781248,-7.75135172242944,2.014720205611307,-7.194092797199361,2.8160493931016934
Random587
Raw:-7.188674075784878,4.067624007429783,-3.2173235898462704,-15.608188890140207,22.181034728074092,-2.322426290781246,-7.751351722429442,2.0147202056113076,-7.194092797199362,2.816049393101696
EFT:-7.188674075784877,4.067624007429783,-3.21732358984627,-15.608188890140214,22.18103472807409,-2.322426290781248,-7.75135172242944,2.0147202056113076,-7.194092797199361,2.8160493931016934
Random588
Raw:-7.188674075784878,4.067624007429784,-3.217323589846268,-15.608188890140218,22.18103472807408,-2.322426290781247,-7.751351722429439,2.0147202056113076,-7.19409279719936,2.8160493931016926
EFT:-7.188674075784877,4.067624007429783,-3.217323589846269,-15.608188890140214,22.18103472807409,-2.322426290781248,-7.7513517224294395,2.0147202056113076,-7.194092797199361,2.8160493931016934
Random589
Raw:-7.188674075784877,4.067624007429788,-3.2173235898462704,-15.608188890140218,22.181034728074092,-2.322426290781246,-7.751351722429446,2.01472020561131,-7.194092797199362,2.8160493931016988
EFT:-7.188674075784877,4.067624007429783,-3.2173235898462695,-15.608188890140214,22.18103472807409,-2.322426290781248,-7.75135172242944,2.0147202056113076,-7.194092797199361,2.8160493931016934
Random590
Raw:-7.188674075784878,4.067624007429783,-3.217323589846267,-15.608188890140212,22.18103472807409,-2.322426290781247,-7.7513517224294395,2.0147202056113067,-7.194092797199364,2.816049393101696
EFT:-7.188674075784877,4.067624007429783,-3.2173235898462695,-15.608188890140214,22.18103472807409,-2.322426290781248,-7.75135172242944,2.0147202056113076,-7.194092797199361,2.8160493931016934
Random591
Raw:-7.188674075784879,4.0676240074297825,-3.217323589846271,-15.608188890140214,22.181034728074096,-2.3224262907812463,-7.751351722429443,2.014720205611311,-7.194092797199362,2.8160493931016983
EFT:-7.188674075784877,4.067624007429783,-3.2173235898462695,-15.608188890140214,22.18103472807409,-2.322426290781248,-7.7513517224294395,2.0147202056113076,-7.194092797199361,2.8160493931016934
Random592
Raw:-7.188674075784874,4.0676240074297825,-3.217323589846271,-15.608188890140216,22.18103472807409,-2.322426290781243,-7.751351722429437,2.0147202056113085,-7.194092797199357,2.8160493931016917
EFT:-7.188674075784877,4.067624007429783,-3.2173235898462695,-15.608188890140214,22.18103472807409,-2.322426290781248,-7.75135172242944,2.0147202056113076,-7.194092797199361,2.8160493931016934
Random593
Raw:-7.188674075784878,4.067624007429786,-3.217323589846268,-15.608188890140214,22.181034728074092,-2.3224262907812485,-7.751351722429439,2.0147202056113094,-7.194092797199364,2.816049393101693
EFT:-7.188674075784877,4.067624007429783,-3.2173235898462695,-15.608188890140214,22.18103472807409,-2.322426290781248,-7.75135172242944,2.0147202056113076,-7.194092797199361,2.8160493931016934
Random594
Raw:-7.188674075784879,4.067624007429783,-3.2173235898462686,-15.608188890140214,22.181034728074092,-2.3224262907812476,-7.751351722429443,2.014720205611311,-7.194092797199366,2.816049393101695
EFT:-7.188674075784877,4.067624007429783,-3.2173235898462695,-15.608188890140214,22.18103472807409,-2.322426290781248,-7.75135172242944,2.0147202056113076,-7.194092797199361,2.8160493931016934
Random595
Raw:-7.188674075784878,4.067624007429787,-3.2173235898462695,-15.608188890140212,22.181034728074096,-2.322426290781247,-7.751351722429444,2.014720205611307,-7.194092797199364,2.816049393101692
EFT:-7.188674075784877,4.067624007429783,-3.21732358984627,-15.608188890140214,22.18103472807409,-2.322426290781248,-7.75135172242944,2.014720205611307,-7.194092797199361,2.8160493931016934
Random596
Raw:-7.188674075784874,4.067624007429784,-3.217323589846268,-15.60818889014021,22.181034728074092,-2.3224262907812494,-7.7513517224294395,2.0147202056113094,-7.194092797199362,2.816049393101693
EFT:-7.188674075784877,4.067624007429783,-3.21732358984627,-15.608188890140214,22.18103472807409,-2.322426290781248,-7.75135172242944,2.014720205611307,-7.194092797199361,2.8160493931016934
Random597
Raw:-7.188674075784877,4.067624007429784,-3.2173235898462726,-15.608188890140209,22.181034728074085,-2.322426290781245,-7.751351722429443,2.014720205611308,-7.194092797199362,2.8160493931016943
EFT:-7.188674075784877,4.067624007429783,-3.2173235898462695,-15.608188890140214,22.18103472807409,-2.322426290781248,-7.75135172242944,2.0147202056113076,-7.194092797199361,2.8160493931016934
Random598
Raw:-7.188674075784878,4.067624007429783,-3.217323589846269,-15.60818889014021,22.181034728074085,-2.322426290781247,-7.751351722429443,2.014720205611309,-7.194092797199363,2.8160493931016966
EFT:-7.188674075784877,4.067624007429783,-3.21732358984627,-15.608188890140214,22.18103472807409,-2.322426290781248,-7.75135172242944,2.0147202056113076,-7.194092797199361,2.8160493931016934
Random599
Raw:-7.188674075784874,4.067624007429784,-3.217323589846269,-15.608188890140214,22.181034728074096,-2.322426290781248,-7.751351722429441,2.0147202056113076,-7.194092797199362,2.8160493931016912
EFT:-7.188674075784877,4.067624007429783,-3.2173235898462695,-15.608188890140214,22.18103472807409,-2.322426290781248,-7.75135172242944,2.0147202056113076,-7.194092797199361,2.8160493931016934
Random600
Raw:-7.188674075784875,4.0676240074297825,-3.217323589846267,-15.608188890140214,22.181034728074092,-2.3224262907812494,-7.751351722429441,2.0147202056113116,-7.194092797199364,2.8160493931016934
EFT:-7.188674075784877,4.067624007429783,-3.2173235898462695,-15.608188890140214,22.18103472807409,-2.322426290781248,-7.7513517224294395,2.0147202056113076,-7.194092797199361,2.8160493931016934
Random601
Raw:-7.1886740757848795,4.067624007429782,-3.2173235898462695,-15.60818889014021,22.181034728074092,-2.322426290781245,-7.751351722429439,2.0147202056113023,-7.194092797199364,2.8160493931016943
EFT:-7.188674075784877,4.067624007429783,-3.2173235898462695,-15.608188890140214,22.18103472807409,-2.322426290781248,-7.75135172242944,2.014720205611307,-7.194092797199361,2.8160493931016934
Random602
Raw:-7.188674075784877,4.067624007429784,-3.217323589846267,-15.60818889014021,22.1810347280741,-2.3224262907812485,-7.751351722429441,2.0147202056113085,-7.194092797199362,2.8160493931016934
EFT:-7.188674075784877,4.067624007429783,-3.2173235898462695,-15.608188890140214,22.18103472807409,-2.322426290781248,-7.75135172242944,2.014720205611307,-7.194092797199361,2.8160493931016934
Random603
Raw:-7.188674075784877,4.067624007429783,-3.217323589846269,-15.608188890140212,22.181034728074096,-2.322426290781245,-7.751351722429442,2.0147202056113094,-7.194092797199364,2.816049393101695
EFT:-7.188674075784877,4.067624007429783,-3.21732358984627,-15.608188890140214,22.18103472807409,-2.322426290781248,-7.75135172242944,2.014720205611307,-7.194092797199361,2.8160493931016934
Random604
Raw:-7.188674075784876,4.067624007429786,-3.217323589846271,-15.60818889014021,22.18103472807409,-2.3224262907812476,-7.751351722429444,2.0147202056113103,-7.194092797199363,2.8160493931016966
EFT:-7.188674075784877,4.067624007429783,-3.2173235898462695,-15.608188890140214,22.18103472807409,-2.322426290781248,-7.75135172242944,2.014720205611307,-7.194092797199361,2.8160493931016934
Random605
Raw:-7.188674075784878,4.067624007429782,-3.2173235898462695,-15.608188890140214,22.181034728074085,-2.3224262907812463,-7.751351722429445,2.0147202056113063,-7.194092797199361,2.816049393101695
EFT:-7.188674075784877,4.067624007429783,-3.21732358984627,-15.608188890140214,22.18103472807409,-2.322426290781248,-7.75135172242944,2.0147202056113076,-7.194092797199361,2.8160493931016934
Random606
Raw:-7.188674075784874,4.067624007429785,-3.217323589846268,-15.608188890140209,22.181034728074092,-2.322426290781249,-7.751351722429441,2.014720205611308,-7.194092797199362,2.816049393101692
EFT:-7.188674075784877,4.067624007429783,-3.2173235898462695,-15.608188890140214,22.18103472807409,-2.322426290781248,-7.75135172242944,2.0147202056113076,-7.194092797199361,2.8160493931016934
Random607
Raw:-7.188674075784877,4.067624007429783,-3.217323589846268,-15.608188890140216,22.1810347280741,-2.3224262907812476,-7.751351722429443,2.0147202056113076,-7.194092797199365,2.816049393101694
EFT:-7.188674075784877,4.067624007429783,-3.2173235898462695,-15.608188890140214,22.18103472807409,-2.322426290781248,-7.75135172242944,2.0147202056113076,-7.194092797199361,2.8160493931016934
Random608
Raw:-7.188674075784873,4.067624007429779,-3.21732358984627,-15.608188890140207,22.181034728074092,-2.3224262907812463,-7.751351722429445,2.014720205611304,-7.1940927971993585,2.8160493931016983
EFT:-7.188674075784877,4.067624007429783,-3.2173235898462695,-15.608188890140214,22.18103472807409,-2.322426290781248,-7.7513517224294395,2.0147202056113076,-7.194092797199361,2.8160493931016934
Random609
Raw:-7.188674075784879,4.067624007429784,-3.2173235898462713,-15.608188890140209,22.181034728074092,-2.322426290781245,-7.751351722429443,2.0147202056113067,-7.19409279719936,2.8160493931016934
EFT:-7.188674075784877,4.067624007429783,-3.2173235898462695,-15.608188890140214,22.18103472807409,-2.322426290781248,-7.75135172242944,2.014720205611307,-7.194092797199361,2.8160493931016934
Random610
Raw:-7.188674075784879,4.067624007429786,-3.2173235898462713,-15.608188890140214,22.18103472807409,-2.322426290781246,-7.751351722429443,2.0147202056113107,-7.194092797199364,2.816049393101697
EFT:-7.188674075784877,4.067624007429783,-3.217323589846269,-15.608188890140214,22.18103472807409,-2.322426290781248,-7.7513517224294395,2.0147202056113076,-7.194092797199361,2.8160493931016934
Random611
Raw:-7.188674075784874,4.0676240074297825,-3.2173235898462664,-15.60818889014021,22.181034728074092,-2.3224262907812454,-7.751351722429438,2.014720205611303,-7.19409279719936,2.8160493931016934
EFT:-7.188674075784877,4.067624007429783,-3.2173235898462695,-15.608188890140214,22.18103472807409,-2.322426290781248,-7.75135172242944,2.0147202056113076,-7.194092797199361,2.8160493931016934
Random612
Raw:-7.188674075784882,4.067624007429788,-3.217323589846268,-15.608188890140207,22.18103472807409,-2.322426290781246,-7.7513517224294395,2.01472020561131,-7.194092797199367,2.816049393101694
EFT:-7.188674075784877,4.067624007429783,-3.2173235898462695,-15.608188890140214,22.18103472807409,-2.322426290781248,-7.75135172242944,2.014720205611307,-7.194092797199361,2.8160493931016934
Random613
Raw:-7.1886740757848795,4.067624007429786,-3.2173235898462686,-15.608188890140214,22.1810347280741,-2.322426290781252,-7.751351722429442,2.0147202056113067,-7.194092797199363,2.8160493931016934
EFT:-7.188674075784877,4.067624007429783,-3.2173235898462695,-15.608188890140214,22.18103472807409,-2.322426290781248,-7.75135172242944,2.0147202056113076,-7.194092797199361,2.8160493931016934
Random614
Raw:-7.188674075784877,4.067624007429784,-3.2173235898462713,-15.60818889014021,22.18103472807409,-2.3224262907812463,-7.75135172242944,2.014720205611306,-7.194092797199366,2.8160493931016934
EFT:-7.188674075784877,4.067624007429783,-3.2173235898462695,-15.608188890140214,22.18103472807409,-2.322426290781248,-7.75135172242944,2.0147202056113076,-7.194092797199361,2.8160493931016934
Random615
Raw:-7.188674075784872,4.067624007429784,-3.217323589846269,-15.608188890140214,22.18103472807408,-2.3224262907812454,-7.75135172242944,2.014720205611308,-7.194092797199362,2.8160493931016934
EFT:-7.188674075784877,4.067624007429783,-3.2173235898462695,-15.608188890140214,22.18103472807409,-2.322426290781248,-7.7513517224294395,2.0147202056113076,-7.194092797199361,2.8160493931016934
Random616
Raw:-7.188674075784879,4.067624007429783,-3.2173235898462713,-15.608188890140216,22.181034728074092,-2.322426290781244,-7.751351722429438,2.014720205611307,-7.194092797199363,2.8160493931016917
EFT:-7.188674075784877,4.067624007429783,-3.2173235898462695,-15.608188890140214,22.18103472807409,-2.322426290781248,-7.75135172242944,2.0147202056113076,-7.194092797199361,2.8160493931016934
Random617
Raw:-7.188674075784875,4.0676240074297825,-3.217323589846269,-15.608188890140212,22.181034728074092,-2.322426290781249,-7.751351722429442,2.0147202056113094,-7.194092797199362,2.8160493931016934
EFT:-7.188674075784877,4.067624007429783,-3.21732358984627,-15.608188890140214,22.18103472807409,-2.322426290781248,-7.75135172242944,2.0147202056113076,-7.194092797199361,2.8160493931016934
Random618
Raw:-7.188674075784878,4.067624007429785,-3.217323589846269,-15.608188890140214,22.181034728074092,-2.3224262907812445,-7.751351722429446,2.0147202056113094,-7.194092797199365,2.816049393101697
EFT:-7.188674075784877,4.067624007429783,-3.2173235898462695,-15.608188890140214,22.18103472807409,-2.322426290781248,-7.75135172242944,2.0147202056113076,-7.194092797199361,2.8160493931016934
Random619
Raw:-7.188674075784877,4.067624007429782,-3.2173235898462718,-15.60818889014021,22.181034728074085,-2.3224262907812436,-7.751351722429439,2.014720205611304,-7.19409279719936,2.8160493931016943
EFT:-7.188674075784877,4.067624007429783,-3.21732358984627,-15.608188890140214,22.18103472807409,-2.322426290781248,-7.75135172242944,2.0147202056113076,-7.194092797199361,2.8160493931016934
Random620
Raw:-7.188674075784879,4.067624007429785,-3.217323589846269,-15.608188890140216,22.181034728074096,-2.322426290781246,-7.751351722429443,2.014720205611306,-7.194092797199359,2.8160493931016926
EFT:-7.188674075784877,4.067624007429783,-3.2173235898462695,-15.608188890140214,22.18103472807409,-2.322426290781248,-7.75135172242944,2.0147202056113076,-7.194092797199361,2.8160493931016934
Random621
Raw:-7.188674075784875,4.0676240074297825,-3.2173235898462678,-15.60818889014021,22.18103472807409,-2.3224262907812467,-7.7513517224294395,2.014720205611307,-7.194092797199362,2.816049393101693
EFT:-7.188674075784877,4.067624007429783,-3.2173235898462695,-15.608188890140214,22.18103472807409,-2.322426290781248,-7.75135172242944,2.0147202056113076,-7.194092797199361,2.8160493931016934
Random622
Raw:-7.1886740757848795,4.067624007429784,-3.2173235898462678,-15.60818889014021,22.18103472807409,-2.3224262907812463,-7.751351722429447,2.01472020561131,-7.194092797199366,2.8160493931016997
EFT:-7.188674075784877,4.067624007429783,-3.2173235898462695,-15.608188890140214,22.18103472807409,-2.322426290781248,-7.7513517224294395,2.0147202056113076,-7.194092797199361,2.8160493931016934
Random623
Raw:-7.188674075784874,4.067624007429781,-3.217323589846269,-15.60818889014021,22.18103472807408,-2.322426290781245,-7.751351722429447,2.014720205611305,-7.194092797199364,2.8160493931016988
EFT:-7.188674075784877,4.067624007429783,-3.2173235898462695,-15.608188890140214,22.18103472807409,-2.322426290781248,-7.75135172242944,2.0147202056113076,-7.194092797199361,2.8160493931016934
Random624
Raw:-7.188674075784878,4.067624007429785,-3.21732358984627,-15.608188890140214,22.181034728074092,-2.322426290781249,-7.751351722429446,2.0147202056113094,-7.194092797199362,2.8160493931016957
EFT:-7.188674075784877,4.067624007429783,-3.2173235898462695,-15.608188890140214,22.18103472807409,-2.322426290781248,-7.75135172242944,2.0147202056113076,-7.194092797199361,2.8160493931016934
Random625
Raw:-7.188674075784877,4.067624007429782,-3.2173235898462704,-15.608188890140214,22.181034728074092,-2.3224262907812445,-7.751351722429437,2.0147202056113085,-7.194092797199363,2.8160493931016966
EFT:-7.188674075784877,4.067624007429783,-3.2173235898462695,-15.608188890140214,22.18103472807409,-2.322426290781248,-7.75135172242944,2.0147202056113076,-7.194092797199361,2.8160493931016934
Random626
Raw:-7.188674075784878,4.067624007429783,-3.2173235898462726,-15.60818889014021,22.181034728074096,-2.3224262907812467,-7.751351722429445,2.014720205611307,-7.194092797199364,2.8160493931016957
EFT:-7.188674075784877,4.067624007429783,-3.21732358984627,-15.608188890140214,22.18103472807409,-2.322426290781248,-7.75135172242944,2.0147202056113076,-7.194092797199361,2.8160493931016934
Random627
Raw:-7.188674075784878,4.067624007429784,-3.2173235898462704,-15.60818889014021,22.181034728074092,-2.322426290781247,-7.751351722429445,2.01472020561131,-7.194092797199362,2.8160493931016983
EFT:-7.188674075784877,4.067624007429783,-3.2173235898462695,-15.608188890140214,22.18103472807409,-2.322426290781248,-7.75135172242944,2.014720205611307,-7.194092797199361,2.8160493931016934
Random628
Raw:-7.188674075784875,4.067624007429788,-3.2173235898462655,-15.608188890140218,22.181034728074096,-2.3224262907812516,-7.751351722429445,2.014720205611311,-7.194092797199366,2.816049393101695
EFT:-7.188674075784877,4.067624007429783,-3.2173235898462695,-15.608188890140214,22.18103472807409,-2.322426290781248,-7.7513517224294395,2.0147202056113076,-7.194092797199361,2.8160493931016934
Random629
Raw:-7.188674075784877,4.0676240074297825,-3.2173235898462704,-15.608188890140212,22.18103472807409,-2.3224262907812467,-7.751351722429445,2.0147202056113107,-7.194092797199364,2.8160493931016988
EFT:-7.188674075784877,4.067624007429783,-3.2173235898462695,-15.608188890140214,22.18103472807409,-2.322426290781248,-7.75135172242944,2.0147202056113076,-7.194092797199361,2.8160493931016934
Random630
Raw:-7.188674075784876,4.067624007429779,-3.217323589846269,-15.60818889014021,22.18103472807408,-2.3224262907812476,-7.751351722429442,2.014720205611308,-7.194092797199361,2.8160493931016997
EFT:-7.188674075784877,4.067624007429783,-3.2173235898462695,-15.608188890140214,22.18103472807409,-2.322426290781248,-7.75135172242944,2.0147202056113076,-7.194092797199361,2.8160493931016934
Random631
Raw:-7.188674075784878,4.067624007429784,-3.2173235898462695,-15.608188890140209,22.181034728074085,-2.322426290781245,-7.751351722429446,2.0147202056113085,-7.194092797199362,2.816049393101693
EFT:-7.188674075784877,4.067624007429783,-3.2173235898462695,-15.608188890140214,22.18103472807409,-2.322426290781248,-7.75135172242944,2.014720205611307,-7.194092797199361,2.8160493931016934
Random632
Raw:-7.188674075784878,4.067624007429786,-3.2173235898462704,-15.608188890140214,22.181034728074092,-2.3224262907812503,-7.75135172242944,2.0147202056113054,-7.194092797199361,2.816049393101695
EFT:-7.188674075784877,4.067624007429783,-3.2173235898462695,-15.608188890140214,22.18103472807409,-2.322426290781248,-7.75135172242944,2.014720205611307,-7.194092797199361,2.8160493931016934
Random633
Raw:-7.188674075784876,4.0676240074297825,-3.2173235898462695,-15.608188890140214,22.181034728074096,-2.3224262907812485,-7.751351722429443,2.0147202056113067,-7.194092797199361,2.8160493931016948
EFT:-7.188674075784877,4.067624007429783,-3.2173235898462695,-15.608188890140214,22.18103472807409,-2.322426290781248,-7.75135172242944,2.0147202056113076,-7.194092797199361,2.8160493931016934
Random634
Raw:-7.188674075784877,4.067624007429784,-3.21732358984627,-15.608188890140216,22.181034728074092,-2.322426290781246,-7.7513517224294395,2.014720205611311,-7.194092797199362,2.816049393101693
EFT:-7.188674075784877,4.067624007429783,-3.21732358984627,-15.608188890140214,22.18103472807409,-2.322426290781248,-7.75135172242944,2.014720205611307,-7.194092797199361,2.8160493931016934
Random635
Raw:-7.188674075784878,4.067624007429785,-3.217323589846268,-15.608188890140214,22.181034728074092,-2.322426290781245,-7.751351722429443,2.0147202056113063,-7.194092797199361,2.816049393101695
EFT:-7.188674075784877,4.067624007429783,-3.2173235898462695,-15.608188890140214,22.18103472807409,-2.322426290781248,-7.75135172242944,2.014720205611307,-7.194092797199361,2.8160493931016934
Random636
Raw:-7.188674075784879,4.067624007429787,-3.2173235898462704,-15.608188890140218,22.181034728074092,-2.3224262907812467,-7.7513517224294395,2.014720205611311,-7.194092797199364,2.816049393101693
EFT:-7.188674075784877,4.067624007429783,-3.2173235898462695,-15.608188890140214,22.18103472807409,-2.322426290781248,-7.75135172242944,2.0147202056113076,-7.194092797199361,2.8160493931016934
Random637
Raw:-7.188674075784877,4.0676240074297825,-3.2173235898462664,-15.608188890140209,22.181034728074092,-2.32242629078125,-7.751351722429443,2.0147202056113125,-7.194092797199364,2.8160493931016983
EFT:-7.188674075784877,4.067624007429783,-3.2173235898462695,-15.608188890140214,22.18103472807409,-2.322426290781248,-7.75135172242944,2.0147202056113076,-7.194092797199361,2.8160493931016934
Random638
Raw:-7.188674075784878,4.067624007429782,-3.217323589846271,-15.608188890140214,22.181034728074096,-2.322426290781246,-7.751351722429441,2.014720205611307,-7.19409279719936,2.8160493931016943
EFT:-7.188674075784877,4.067624007429783,-3.2173235898462695,-15.608188890140214,22.18103472807409,-2.322426290781248,-7.75135172242944,2.0147202056113076,-7.194092797199361,2.8160493931016934
Random639
Raw:-7.188674075784877,4.067624007429783,-3.21732358984627,-15.608188890140212,22.18103472807409,-2.322426290781248,-7.751351722429441,2.0147202056113103,-7.19409279719936,2.8160493931016943
EFT:-7.188674075784877,4.067624007429783,-3.2173235898462695,-15.608188890140214,22.18103472807409,-2.322426290781248,-7.75135172242944,2.0147202056113076,-7.194092797199361,2.8160493931016934
Random640
Raw:-7.188674075784875,4.067624007429785,-3.2173235898462664,-15.608188890140212,22.181034728074085,-2.3224262907812494,-7.75135172242944,2.0147202056113107,-7.194092797199363,2.8160493931016934
EFT:-7.188674075784877,4.067624007429783,-3.2173235898462695,-15.608188890140214,22.18103472807409,-2.322426290781248,-7.75135172242944,2.0147202056113076,-7.194092797199361,2.8160493931016934
Random641
Raw:-7.188674075784876,4.067624007429786,-3.217323589846266,-15.608188890140214,22.181034728074092,-2.322426290781251,-7.751351722429441,2.0147202056113103,-7.194092797199366,2.8160493931016926
EFT:-7.188674075784877,4.067624007429783,-3.2173235898462695,-15.608188890140214,22.18103472807409,-2.322426290781248,-7.75135172242944,2.0147202056113076,-7.194092797199361,2.8160493931016934
Random642
Raw:-7.188674075784877,4.0676240074297825,-3.2173235898462686,-15.608188890140218,22.18103472807409,-2.322426290781247,-7.751351722429438,2.014720205611306,-7.194092797199361,2.8160493931016912
EFT:-7.188674075784877,4.067624007429783,-3.2173235898462695,-15.608188890140214,22.18103472807409,-2.322426290781248,-7.75135172242944,2.0147202056113076,-7.194092797199361,2.8160493931016934
Random643
Raw:-7.188674075784877,4.067624007429786,-3.217323589846269,-15.608188890140216,22.181034728074092,-2.3224262907812467,-7.751351722429441,2.0147202056113067,-7.194092797199362,2.816049393101695
EFT:-7.188674075784877,4.067624007429783,-3.2173235898462695,-15.608188890140214,22.18103472807409,-2.322426290781248,-7.75135172242944,2.014720205611307,-7.194092797199361,2.8160493931016934
Random644
Raw:-7.188674075784874,4.067624007429786,-3.217323589846267,-15.60818889014021,22.181034728074092,-2.322426290781248,-7.751351722429442,2.0147202056113085,-7.194092797199368,2.816049393101695
EFT:-7.188674075784877,4.067624007429783,-3.2173235898462695,-15.608188890140214,22.18103472807409,-2.322426290781248,-7.75135172242944,2.014720205611307,-7.194092797199361,2.8160493931016934
Random645
Raw:-7.188674075784874,4.0676240074297825,-3.2173235898462695,-15.608188890140216,22.18103472807409,-2.3224262907812503,-7.751351722429443,2.014720205611308,-7.194092797199361,2.8160493931016948
EFT:-7.188674075784877,4.067624007429783,-3.2173235898462695,-15.608188890140214,22.18103472807409,-2.322426290781248,-7.75135172242944,2.0147202056113076,-7.194092797199361,2.8160493931016934
Random646
Raw:-7.188674075784877,4.067624007429783,-3.2173235898462686,-15.608188890140212,22.181034728074092,-2.3224262907812485,-7.751351722429446,2.0147202056113103,-7.194092797199364,2.816049393101698
EFT:-7.188674075784877,4.067624007429783,-3.2173235898462695,-15.608188890140214,22.18103472807409,-2.322426290781248,-7.75135172242944,2.0147202056113076,-7.194092797199361,2.8160493931016934
Random647
Raw:-7.188674075784876,4.067624007429787,-3.2173235898462718,-15.608188890140216,22.181034728074092,-2.322426290781247,-7.751351722429442,2.0147202056113076,-7.194092797199364,2.816049393101694
EFT:-7.188674075784877,4.067624007429783,-3.217323589846269,-15.608188890140214,22.18103472807409,-2.322426290781248,-7.7513517224294395,2.0147202056113076,-7.194092797199361,2.8160493931016934
Random648
Raw:-7.1886740757848795,4.067624007429782,-3.217323589846271,-15.60818889014021,22.18103472807409,-2.3224262907812445,-7.751351722429444,2.0147202056113076,-7.194092797199364,2.8160493931016934
EFT:-7.188674075784877,4.067624007429783,-3.21732358984627,-15.608188890140214,22.18103472807409,-2.322426290781248,-7.75135172242944,2.0147202056113076,-7.194092797199361,2.8160493931016934
Random649
Raw:-7.188674075784877,4.067624007429785,-3.2173235898462704,-15.608188890140214,22.181034728074092,-2.3224262907812467,-7.751351722429438,2.014720205611303,-7.194092797199359,2.81604939310169
EFT:-7.188674075784877,4.067624007429783,-3.2173235898462695,-15.608188890140214,22.18103472807409,-2.322426290781248,-7.75135172242944,2.0147202056113076,-7.194092797199361,2.8160493931016934
Random650
Raw:-7.188674075784873,4.067624007429782,-3.217323589846269,-15.608188890140209,22.181034728074092,-2.3224262907812503,-7.751351722429446,2.0147202056113027,-7.194092797199363,2.816049393101697
EFT:-7.188674075784877,4.067624007429783,-3.2173235898462695,-15.608188890140214,22.18103472807409,-2.322426290781248,-7.75135172242944,2.0147202056113076,-7.194092797199361,2.8160493931016934
Random651
Raw:-7.188674075784876,4.067624007429782,-3.217323589846269,-15.608188890140212,22.181034728074092,-2.3224262907812485,-7.751351722429445,2.0147202056113076,-7.1940927971993585,2.816049393101698
EFT:-7.188674075784877,4.067624007429783,-3.2173235898462695,-15.608188890140214,22.18103472807409,-2.322426290781248,-7.75135172242944,2.014720205611307,-7.194092797199361,2.8160493931016934
Random652
Raw:-7.188674075784878,4.067624007429784,-3.2173235898462704,-15.608188890140214,22.181034728074092,-2.322426290781246,-7.751351722429441,2.014720205611311,-7.194092797199362,2.8160493931016948
EFT:-7.188674075784877,4.067624007429783,-3.2173235898462695,-15.608188890140214,22.18103472807409,-2.322426290781248,-7.75135172242944,2.0147202056113076,-7.194092797199361,2.8160493931016934
Random653
Raw:-7.188674075784879,4.067624007429785,-3.217323589846273,-15.608188890140212,22.181034728074096,-2.322426290781245,-7.751351722429444,2.0147202056113085,-7.194092797199363,2.816049393101694
EFT:-7.188674075784877,4.067624007429783,-3.217323589846269,-15.608188890140214,22.18103472807409,-2.322426290781248,-7.7513517224294395,2.0147202056113076,-7.194092797199361,2.8160493931016934
Random654
Raw:-7.188674075784874,4.067624007429784,-3.217323589846271,-15.608188890140207,22.181034728074092,-2.322426290781248,-7.751351722429442,2.014720205611307,-7.194092797199365,2.816049393101695
EFT:-7.188674075784877,4.067624007429783,-3.2173235898462695,-15.608188890140214,22.18103472807409,-2.322426290781248,-7.75135172242944,2.0147202056113076,-7.194092797199361,2.8160493931016934
Random655
Raw:-7.188674075784874,4.067624007429782,-3.2173235898462673,-15.608188890140212,22.181034728074092,-2.3224262907812476,-7.751351722429442,2.0147202056113107,-7.194092797199365,2.8160493931016966
EFT:-7.188674075784877,4.067624007429783,-3.2173235898462695,-15.608188890140214,22.18103472807409,-2.322426290781248,-7.75135172242944,2.014720205611307,-7.194092797199361,2.8160493931016934
Random656
Raw:-7.188674075784879,4.067624007429783,-3.21732358984627,-15.608188890140214,22.181034728074092,-2.3224262907812467,-7.751351722429441,2.0147202056113076,-7.194092797199361,2.8160493931016957
EFT:-7.188674075784877,4.067624007429783,-3.21732358984627,-15.608188890140214,22.18103472807409,-2.322426290781248,-7.75135172242944,2.0147202056113076,-7.194092797199361,2.8160493931016934
Random657
Raw:-7.188674075784876,4.06762400742979,-3.2173235898462686,-15.608188890140216,22.181034728074092,-2.3224262907812476,-7.751351722429439,2.0147202056113085,-7.194092797199363,2.816049393101693
EFT:-7.188674075784877,4.067624007429783,-3.2173235898462695,-15.608188890140214,22.18103472807409,-2.322426290781248,-7.75135172242944,2.0147202056113076,-7.194092797199361,2.8160493931016934
Random658
Raw:-7.188674075784877,4.067624007429786,-3.2173235898462704,-15.608188890140214,22.181034728074096,-2.32242629078125,-7.751351722429447,2.01472020561131,-7.194092797199364,2.816049393101698
EFT:-7.188674075784877,4.067624007429783,-3.2173235898462695,-15.608188890140214,22.18103472807409,-2.322426290781248,-7.75135172242944,2.0147202056113076,-7.194092797199361,2.8160493931016934
Random659
Raw:-7.188674075784875,4.067624007429784,-3.217323589846268,-15.60818889014021,22.181034728074096,-2.322426290781244,-7.751351722429444,2.014720205611306,-7.194092797199362,2.8160493931016926
EFT:-7.188674075784877,4.067624007429783,-3.217323589846269,-15.608188890140214,22.18103472807409,-2.322426290781248,-7.7513517224294395,2.0147202056113076,-7.194092797199361,2.8160493931016934
Random660
Raw:-7.188674075784872,4.067624007429781,-3.217323589846266,-15.608188890140214,22.181034728074085,-2.3224262907812503,-7.751351722429444,2.0147202056113076,-7.19409279719936,2.8160493931016943
EFT:-7.188674075784877,4.067624007429783,-3.2173235898462695,-15.608188890140214,22.18103472807409,-2.322426290781248,-7.75135172242944,2.014720205611307,-7.194092797199361,2.8160493931016934
Random661
Raw:-7.188674075784878,4.0676240074297825,-3.2173235898462655,-15.608188890140214,22.181034728074096,-2.322426290781247,-7.751351722429439,2.014720205611306,-7.194092797199364,2.816049393101692
EFT:-7.188674075784877,4.067624007429783,-3.2173235898462695,-15.608188890140214,22.18103472807409,-2.322426290781248,-7.75135172242944,2.014720205611307,-7.194092797199361,2.8160493931016934
Random662
Raw:-7.188674075784877,4.067624007429786,-3.2173235898462686,-15.608188890140214,22.181034728074096,-2.322426290781248,-7.751351722429441,2.0147202056113085,-7.194092797199363,2.816049393101695
EFT:-7.188674075784877,4.067624007429783,-3.2173235898462695,-15.608188890140214,22.18103472807409,-2.322426290781248,-7.75135172242944,2.0147202056113076,-7.194092797199361,2.8160493931016934
Random663
Raw:-7.188674075784875,4.067624007429779,-3.217323589846268,-15.608188890140212,22.18103472807409,-2.3224262907812454,-7.751351722429443,2.014720205611306,-7.194092797199362,2.8160493931016974
EFT:-7.188674075784877,4.067624007429783,-3.2173235898462695,-15.608188890140214,22.18103472807409,-2.322426290781248,-7.75135172242944,2.014720205611307,-7.194092797199361,2.8160493931016934
Random664
Raw:-7.1886740757848795,4.067624007429785,-3.217323589846268,-15.608188890140214,22.18103472807409,-2.3224262907812494,-7.751351722429443,2.014720205611311,-7.194092797199366,2.816049393101697
EFT:-7.188674075784877,4.067624007429783,-3.2173235898462695,-15.608188890140214,22.18103472807409,-2.322426290781248,-7.75135172242944,2.0147202056113076,-7.194092797199361,2.8160493931016934
Random665
Raw:-7.18867407578488,4.0676240074297825,-3.217323589846268,-15.60818889014021,22.181034728074092,-2.3224262907812454,-7.751351722429444,2.014720205611312,-7.194092797199362,2.8160493931016974
EFT:-7.188674075784877,4.067624007429783,-3.217323589846269,-15.608188890140214,22.18103472807409,-2.322426290781248,-7.7513517224294395,2.0147202056113076,-7.194092797199361,2.8160493931016934
Random666
Raw:-7.1886740757848795,4.067624007429784,-3.2173235898462718,-15.608188890140212,22.181034728074092,-2.322426290781246,-7.75135172242944,2.014720205611307,-7.194092797199362,2.8160493931016926
EFT:-7.188674075784877,4.067624007429783,-3.2173235898462695,-15.608188890140214,22.18103472807409,-2.322426290781248,-7.75135172242944,2.014720205611307,-7.194092797199361,2.8160493931016934
Random667
Raw:-7.188674075784878,4.067624007429783,-3.2173235898462713,-15.608188890140214,22.181034728074096,-2.322426290781244,-7.75135172242944,2.014720205611305,-7.19409279719936,2.8160493931016926
EFT:-7.188674075784877,4.067624007429783,-3.21732358984627,-15.608188890140214,22.18103472807409,-2.322426290781248,-7.75135172242944,2.0147202056113076,-7.194092797199361,2.8160493931016934
Random668
Raw:-7.188674075784876,4.067624007429783,-3.2173235898462695,-15.608188890140209,22.181034728074092,-2.322426290781246,-7.751351722429441,2.0147202056113076,-7.194092797199362,2.816049393101693
EFT:-7.188674075784877,4.067624007429783,-3.21732358984627,-15.608188890140214,22.18103472807409,-2.322426290781248,-7.75135172242944,2.014720205611307,-7.194092797199361,2.8160493931016934
Random669
Raw:-7.188674075784878,4.067624007429784,-3.217323589846269,-15.608188890140218,22.18103472807409,-2.3224262907812467,-7.75135172242944,2.0147202056113094,-7.194092797199364,2.8160493931016957
EFT:-7.188674075784877,4.067624007429783,-3.2173235898462695,-15.608188890140214,22.18103472807409,-2.322426290781248,-7.75135172242944,2.0147202056113076,-7.194092797199361,2.8160493931016934
Random670
Raw:-7.188674075784875,4.067624007429783,-3.2173235898462718,-15.608188890140214,22.181034728074096,-2.3224262907812454,-7.751351722429441,2.0147202056113067,-7.194092797199364,2.816049393101694
EFT:-7.188674075784877,4.067624007429783,-3.21732358984627,-15.608188890140214,22.18103472807409,-2.322426290781248,-7.75135172242944,2.0147202056113076,-7.194092797199361,2.8160493931016934
Random671
Raw:-7.1886740757848795,4.067624007429788,-3.2173235898462726,-15.608188890140221,22.1810347280741,-2.322426290781243,-7.7513517224294395,2.014720205611308,-7.194092797199363,2.8160493931016926
EFT:-7.188674075784877,4.067624007429783,-3.21732358984627,-15.608188890140214,22.18103472807409,-2.322426290781248,-7.75135172242944,2.014720205611307,-7.194092797199361,2.8160493931016934
Random672
Raw:-7.188674075784876,4.067624007429784,-3.2173235898462704,-15.60818889014021,22.181034728074092,-2.3224262907812485,-7.751351722429442,2.014720205611307,-7.194092797199364,2.8160493931016917
EFT:-7.188674075784877,4.067624007429783,-3.2173235898462695,-15.608188890140214,22.18103472807409,-2.322426290781248,-7.75135172242944,2.014720205611307,-7.194092797199361,2.8160493931016934
Random673
Raw:-7.188674075784876,4.067624007429784,-3.2173235898462686,-15.608188890140218,22.181034728074085,-2.322426290781248,-7.751351722429441,2.014720205611308,-7.194092797199364,2.816049393101696
EFT:-7.188674075784877,4.067624007429783,-3.21732358984627,-15.608188890140214,22.18103472807409,-2.322426290781248,-7.75135172242944,2.0147202056113076,-7.194092797199361,2.8160493931016934
Random674
Raw:-7.188674075784877,4.0676240074297825,-3.217323589846267,-15.608188890140216,22.181034728074096,-2.322426290781247,-7.751351722429441,2.0147202056113094,-7.194092797199364,2.816049393101696
EFT:-7.188674075784877,4.067624007429783,-3.2173235898462695,-15.608188890140214,22.18103472807409,-2.322426290781248,-7.75135172242944,2.0147202056113076,-7.194092797199361,2.8160493931016934
Random675
Raw:-7.188674075784877,4.067624007429781,-3.2173235898462686,-15.608188890140209,22.18103472807409,-2.322426290781246,-7.75135172242944,2.0147202056113067,-7.194092797199362,2.816049393101697
EFT:-7.188674075784877,4.067624007429783,-3.2173235898462695,-15.608188890140214,22.18103472807409,-2.322426290781248,-7.75135172242944,2.0147202056113076,-7.194092797199361,2.8160493931016934
Random676
Raw:-7.188674075784878,4.067624007429784,-3.2173235898462718,-15.60818889014022,22.181034728074092,-2.3224262907812463,-7.751351722429441,2.014720205611306,-7.1940927971993585,2.8160493931016934
EFT:-7.188674075784877,4.067624007429783,-3.2173235898462695,-15.608188890140214,22.18103472807409,-2.322426290781248,-7.75135172242944,2.014720205611307,-7.194092797199361,2.8160493931016934
Random677
Raw:-7.188674075784876,4.067624007429781,-3.217323589846269,-15.608188890140209,22.18103472807409,-2.322426290781244,-7.751351722429445,2.0147202056113067,-7.194092797199362,2.816049393101698
EFT:-7.188674075784877,4.067624007429783,-3.2173235898462695,-15.608188890140214,22.18103472807409,-2.322426290781248,-7.75135172242944,2.0147202056113076,-7.194092797199361,2.8160493931016934
Random678
Raw:-7.188674075784874,4.067624007429784,-3.2173235898462713,-15.608188890140218,22.181034728074096,-2.3224262907812467,-7.751351722429438,2.0147202056113107,-7.19409279719936,2.8160493931016912
EFT:-7.188674075784877,4.067624007429783,-3.2173235898462695,-15.608188890140214,22.18103472807409,-2.322426290781248,-7.75135172242944,2.0147202056113076,-7.194092797199361,2.8160493931016934
Random679
Raw:-7.188674075784878,4.067624007429784,-3.2173235898462664,-15.60818889014021,22.181034728074092,-2.3224262907812476,-7.751351722429443,2.0147202056113103,-7.194092797199361,2.816049393101698
EFT:-7.188674075784877,4.067624007429783,-3.21732358984627,-15.608188890140214,22.18103472807409,-2.322426290781248,-7.75135172242944,2.0147202056113076,-7.194092797199361,2.8160493931016934
Random680
Raw:-7.188674075784878,4.067624007429784,-3.2173235898462726,-15.608188890140212,22.181034728074096,-2.3224262907812463,-7.751351722429446,2.0147202056113094,-7.194092797199364,2.816049393101695
EFT:-7.188674075784877,4.067624007429783,-3.217323589846269,-15.608188890140214,22.18103472807409,-2.322426290781248,-7.7513517224294395,2.0147202056113076,-7.194092797199361,2.8160493931016934
Random681
Raw:-7.188674075784877,4.067624007429785,-3.2173235898462664,-15.608188890140212,22.181034728074092,-2.322426290781248,-7.751351722429446,2.014720205611311,-7.194092797199367,2.8160493931016974
EFT:-7.188674075784877,4.067624007429783,-3.2173235898462695,-15.608188890140214,22.18103472807409,-2.322426290781248,-7.75135172242944,2.0147202056113076,-7.194092797199361,2.8160493931016934
Random682
Raw:-7.188674075784877,4.067624007429785,-3.217323589846268,-15.60818889014021,22.181034728074096,-2.3224262907812476,-7.7513517224294395,2.0147202056113067,-7.194092797199366,2.8160493931016943
EFT:-7.188674075784877,4.067624007429783,-3.217323589846269,-15.608188890140214,22.18103472807409,-2.322426290781248,-7.7513517224294395,2.0147202056113076,-7.194092797199361,2.8160493931016934
Random683
Raw:-7.188674075784873,4.067624007429782,-3.2173235898462713,-15.608188890140212,22.18103472807409,-2.322426290781246,-7.751351722429442,2.0147202056113094,-7.194092797199362,2.8160493931016934
EFT:-7.188674075784877,4.067624007429783,-3.21732358984627,-15.608188890140214,22.18103472807409,-2.322426290781248,-7.75135172242944,2.014720205611307,-7.194092797199361,2.8160493931016934
Random684
Raw:-7.188674075784878,4.067624007429784,-3.2173235898462713,-15.608188890140214,22.18103472807409,-2.322426290781245,-7.751351722429441,2.0147202056113063,-7.194092797199362,2.816049393101697
EFT:-7.188674075784877,4.067624007429783,-3.2173235898462695,-15.608188890140214,22.18103472807409,-2.322426290781248,-7.7513517224294395,2.0147202056113076,-7.194092797199361,2.8160493931016934
Random685
Raw:-7.188674075784877,4.067624007429784,-3.2173235898462704,-15.60818889014021,22.181034728074092,-2.3224262907812494,-7.751351722429443,2.0147202056113085,-7.194092797199362,2.816049393101694
EFT:-7.188674075784877,4.067624007429783,-3.21732358984627,-15.608188890140214,22.18103472807409,-2.322426290781248,-7.75135172242944,2.0147202056113076,-7.194092797199361,2.8160493931016934
Random686
Raw:-7.188674075784877,4.067624007429784,-3.2173235898462695,-15.608188890140216,22.1810347280741,-2.3224262907812476,-7.751351722429443,2.0147202056113067,-7.194092797199363,2.816049393101694
EFT:-7.188674075784877,4.067624007429783,-3.2173235898462695,-15.608188890140214,22.18103472807409,-2.322426290781248,-7.75135172242944,2.0147202056113076,-7.194092797199361,2.8160493931016934
Random687
Raw:-7.188674075784878,4.067624007429784,-3.2173235898462695,-15.608188890140216,22.181034728074092,-2.3224262907812476,-7.751351722429442,2.014720205611306,-7.194092797199364,2.816049393101695
EFT:-7.188674075784877,4.067624007429783,-3.2173235898462695,-15.608188890140214,22.18103472807409,-2.322426290781248,-7.75135172242944,2.0147202056113076,-7.194092797199361,2.8160493931016934
Random688
Raw:-7.188674075784878,4.067624007429785,-3.21732358984627,-15.608188890140209,22.18103472807409,-2.322426290781245,-7.751351722429442,2.0147202056113067,-7.194092797199362,2.8160493931016948
EFT:-7.188674075784877,4.067624007429783,-3.21732358984627,-15.608188890140214,22.18103472807409,-2.322426290781248,-7.75135172242944,2.0147202056113076,-7.194092797199361,2.8160493931016934
Random689
Raw:-7.188674075784877,4.067624007429784,-3.2173235898462695,-15.60818889014021,22.181034728074092,-2.3224262907812476,-7.751351722429442,2.014720205611303,-7.194092797199359,2.816049393101695
EFT:-7.188674075784877,4.067624007429783,-3.2173235898462695,-15.608188890140214,22.18103472807409,-2.322426290781248,-7.75135172242944,2.0147202056113076,-7.194092797199361,2.8160493931016934
Random690
Raw:-7.188674075784872,4.067624007429788,-3.2173235898462704,-15.60818889014022,22.18103472807409,-2.322426290781249,-7.751351722429445,2.014720205611309,-7.194092797199362,2.816049393101693
EFT:-7.188674075784877,4.067624007429783,-3.217323589846269,-15.608188890140214,22.18103472807409,-2.322426290781248,-7.7513517224294395,2.0147202056113076,-7.194092797199361,2.8160493931016934
Random691
Raw:-7.188674075784881,4.067624007429784,-3.21732358984627,-15.608188890140216,22.181034728074092,-2.3224262907812463,-7.751351722429441,2.0147202056113067,-7.194092797199364,2.816049393101696
EFT:-7.188674075784877,4.067624007429783,-3.21732358984627,-15.608188890140214,22.18103472807409,-2.322426290781248,-7.75135172242944,2.014720205611307,-7.194092797199361,2.8160493931016934
Random692
Raw:-7.1886740757848795,4.0676240074297825,-3.2173235898462718,-15.608188890140214,22.181034728074092,-2.322426290781242,-7.7513517224294395,2.014720205611303,-7.194092797199362,2.8160493931016926
EFT:-7.188674075784877,4.067624007429783,-3.2173235898462695,-15.608188890140214,22.18103472807409,-2.322426290781248,-7.75135172242944,2.014720205611307,-7.194092797199361,2.8160493931016934
Random693
Raw:-7.188674075784878,4.06762400742978,-3.2173235898462695,-15.608188890140218,22.181034728074092,-2.3224262907812463,-7.75135172242944,2.0147202056113063,-7.194092797199361,2.8160493931016957
EFT:-7.188674075784877,4.067624007429783,-3.21732358984627,-15.608188890140214,22.18103472807409,-2.322426290781248,-7.75135172242944,2.0147202056113076,-7.194092797199361,2.8160493931016934
Random694
Raw:-7.1886740757848795,4.067624007429784,-3.217323589846269,-15.608188890140218,22.1810347280741,-2.3224262907812423,-7.751351722429438,2.0147202056113103,-7.194092797199364,2.816049393101691
EFT:-7.188674075784877,4.067624007429783,-3.2173235898462695,-15.608188890140214,22.18103472807409,-2.322426290781248,-7.7513517224294395,2.0147202056113076,-7.194092797199361,2.8160493931016934
Random695
Raw:-7.188674075784878,4.067624007429782,-3.2173235898462664,-15.608188890140212,22.18103472807409,-2.322426290781249,-7.751351722429443,2.014720205611308,-7.194092797199362,2.816049393101695
EFT:-7.188674075784877,4.067624007429783,-3.2173235898462695,-15.608188890140214,22.18103472807409,-2.322426290781248,-7.75135172242944,2.0147202056113076,-7.194092797199361,2.8160493931016934
Random696
Raw:-7.188674075784876,4.067624007429783,-3.2173235898462678,-15.608188890140212,22.18103472807409,-2.322426290781248,-7.75135172242944,2.014720205611309,-7.194092797199363,2.8160493931016957
EFT:-7.188674075784877,4.067624007429783,-3.2173235898462695,-15.608188890140214,22.18103472807409,-2.322426290781248,-7.75135172242944,2.0147202056113076,-7.194092797199361,2.8160493931016934
Random697
Raw:-7.188674075784875,4.067624007429786,-3.2173235898462726,-15.608188890140212,22.18103472807409,-2.3224262907812423,-7.7513517224294395,2.014720205611306,-7.194092797199364,2.816049393101692
EFT:-7.188674075784877,4.067624007429783,-3.2173235898462695,-15.608188890140214,22.18103472807409,-2.322426290781248,-7.75135172242944,2.0147202056113076,-7.194092797199361,2.8160493931016934
Random698
Raw:-7.188674075784879,4.067624007429787,-3.2173235898462713,-15.608188890140218,22.181034728074103,-2.322426290781249,-7.751351722429442,2.0147202056113107,-7.194092797199365,2.8160493931016948
EFT:-7.188674075784877,4.067624007429783,-3.2173235898462695,-15.608188890140214,22.18103472807409,-2.322426290781248,-7.75135172242944,2.0147202056113076,-7.194092797199361,2.8160493931016934
Random699
Raw:-7.188674075784875,4.067624007429783,-3.217323589846267,-15.608188890140218,22.181034728074085,-2.3224262907812507,-7.751351722429446,2.014720205611314,-7.194092797199363,2.8160493931017
EFT:-7.188674075784877,4.067624007429783,-3.2173235898462695,-15.608188890140214,22.18103472807409,-2.322426290781248,-7.75135172242944,2.0147202056113076,-7.194092797199361,2.8160493931016934
Random700
Raw:-7.188674075784877,4.0676240074297825,-3.2173235898462678,-15.608188890140212,22.181034728074096,-2.322426290781247,-7.7513517224294395,2.0147202056113054,-7.194092797199361,2.816049393101693
EFT:-7.188674075784877,4.067624007429783,-3.21732358984627,-15.608188890140214,22.18103472807409,-2.322426290781248,-7.75135172242944,2.0147202056113076,-7.194092797199361,2.8160493931016934
Random701
Raw:-7.188674075784876,4.0676240074297825,-3.2173235898462695,-15.608188890140212,22.181034728074085,-2.322426290781246,-7.75135172242944,2.0147202056113085,-7.194092797199363,2.816049393101696
EFT:-7.188674075784877,4.067624007429783,-3.21732358984627,-15.608188890140214,22.18103472807409,-2.322426290781248,-7.75135172242944,2.014720205611307,-7.194092797199361,2.8160493931016934
Random702
Raw:-7.1886740757848795,4.067624007429782,-3.2173235898462695,-15.60818889014021,22.181034728074092,-2.322426290781244,-7.751351722429439,2.0147202056113045,-7.194092797199359,2.816049393101693
EFT:-7.188674075784877,4.067624007429783,-3.21732358984627,-15.608188890140214,22.18103472807409,-2.322426290781248,-7.75135172242944,2.0147202056113076,-7.194092797199361,2.8160493931016934
Random703
Raw:-7.188674075784876,4.067624007429783,-3.2173235898462704,-15.608188890140214,22.181034728074092,-2.322426290781244,-7.751351722429438,2.0147202056113014,-7.194092797199362,2.816049393101693
EFT:-7.188674075784877,4.067624007429783,-3.2173235898462695,-15.608188890140214,22.18103472807409,-2.322426290781248,-7.75135172242944,2.014720205611307,-7.194092797199361,2.8160493931016934
Random704
Raw:-7.188674075784879,4.067624007429787,-3.2173235898462673,-15.608188890140216,22.181034728074085,-2.322426290781249,-7.75135172242944,2.0147202056113143,-7.194092797199365,2.816049393101693
EFT:-7.188674075784877,4.067624007429783,-3.21732358984627,-15.608188890140214,22.18103472807409,-2.322426290781248,-7.75135172242944,2.014720205611307,-7.194092797199361,2.8160493931016934
Random705
Raw:-7.188674075784878,4.067624007429783,-3.2173235898462664,-15.60818889014021,22.181034728074092,-2.3224262907812485,-7.751351722429444,2.014720205611307,-7.194092797199363,2.8160493931016934
EFT:-7.188674075784877,4.067624007429783,-3.2173235898462695,-15.608188890140214,22.18103472807409,-2.322426290781248,-7.75135172242944,2.0147202056113076,-7.194092797199361,2.8160493931016934
Random706
Raw:-7.188674075784878,4.067624007429786,-3.2173235898462673,-15.608188890140216,22.181034728074096,-2.3224262907812494,-7.751351722429442,2.0147202056113147,-7.194092797199364,2.8160493931016926
EFT:-7.188674075784877,4.067624007429783,-3.2173235898462695,-15.608188890140214,22.18103472807409,-2.322426290781248,-7.75135172242944,2.0147202056113076,-7.194092797199361,2.8160493931016934
Random707
Raw:-7.188674075784876,4.0676240074297825,-3.2173235898462695,-15.608188890140212,22.181034728074092,-2.3224262907812454,-7.75135172242944,2.0147202056113085,-7.194092797199362,2.8160493931016957
EFT:-7.188674075784877,4.067624007429783,-3.2173235898462695,-15.608188890140214,22.18103472807409,-2.322426290781248,-7.7513517224294395,2.0147202056113076,-7.194092797199361,2.8160493931016934
Random708
Raw:-7.188674075784877,4.067624007429786,-3.217323589846268,-15.608188890140216,22.18103472807409,-2.3224262907812463,-7.7513517224294395,2.01472020561131,-7.194092797199363,2.8160493931016934
EFT:-7.188674075784877,4.067624007429783,-3.2173235898462695,-15.608188890140214,22.18103472807409,-2.322426290781248,-7.75135172242944,2.0147202056113076,-7.194092797199361,2.8160493931016934
Random709
Raw:-7.188674075784879,4.067624007429784,-3.217323589846268,-15.608188890140212,22.181034728074092,-2.322426290781247,-7.75135172242944,2.014720205611311,-7.194092797199364,2.816049393101694
EFT:-7.188674075784877,4.067624007429783,-3.2173235898462695,-15.608188890140214,22.18103472807409,-2.322426290781248,-7.75135172242944,2.0147202056113076,-7.194092797199361,2.8160493931016934
Random710
Raw:-7.188674075784875,4.067624007429787,-3.2173235898462664,-15.608188890140212,22.181034728074092,-2.3224262907812494,-7.751351722429445,2.014720205611309,-7.194092797199363,2.8160493931016957
EFT:-7.188674075784877,4.067624007429783,-3.21732358984627,-15.608188890140214,22.18103472807409,-2.322426290781248,-7.75135172242944,2.014720205611307,-7.194092797199361,2.8160493931016934
Random711
Raw:-7.188674075784877,4.067624007429785,-3.217323589846269,-15.608188890140212,22.181034728074096,-2.3224262907812436,-7.75135172242944,2.0147202056113076,-7.194092797199368,2.8160493931016926
EFT:-7.188674075784877,4.067624007429783,-3.217323589846269,-15.608188890140214,22.18103472807409,-2.322426290781248,-7.7513517224294395,2.0147202056113076,-7.194092797199361,2.8160493931016934
Random712
Raw:-7.188674075784879,4.067624007429784,-3.217323589846269,-15.608188890140212,22.181034728074096,-2.322426290781247,-7.751351722429438,2.0147202056113103,-7.194092797199361,2.816049393101694
EFT:-7.188674075784877,4.067624007429783,-3.2173235898462695,-15.608188890140214,22.18103472807409,-2.322426290781248,-7.75135172242944,2.0147202056113076,-7.194092797199361,2.8160493931016934
Random713
Raw:-7.188674075784877,4.067624007429786,-3.2173235898462704,-15.60818889014021,22.181034728074092,-2.3224262907812445,-7.751351722429441,2.0147202056113063,-7.194092797199364,2.816049393101694
EFT:-7.188674075784877,4.067624007429783,-3.21732358984627,-15.608188890140214,22.18103472807409,-2.322426290781248,-7.75135172242944,2.014720205611307,-7.194092797199361,2.8160493931016934
Random714
Raw:-7.188674075784875,4.067624007429785,-3.2173235898462686,-15.60818889014021,22.181034728074085,-2.322426290781247,-7.7513517224294395,2.0147202056113063,-7.194092797199359,2.8160493931016943
EFT:-7.188674075784877,4.067624007429783,-3.217323589846269,-15.608188890140214,22.18103472807409,-2.322426290781248,-7.7513517224294395,2.0147202056113076,-7.194092797199361,2.8160493931016934
Random715
Raw:-7.188674075784877,4.067624007429788,-3.2173235898462686,-15.608188890140218,22.181034728074092,-2.322426290781251,-7.751351722429438,2.0147202056113125,-7.194092797199364,2.816049393101696
EFT:-7.188674075784877,4.067624007429783,-3.217323589846269,-15.608188890140214,22.18103472807409,-2.322426290781248,-7.7513517224294395,2.0147202056113076,-7.194092797199361,2.8160493931016934
Random716
Raw:-7.188674075784877,4.0676240074297825,-3.217323589846269,-15.608188890140214,22.181034728074092,-2.322426290781246,-7.75135172242944,2.014720205611308,-7.194092797199359,2.816049393101693
EFT:-7.188674075784877,4.067624007429783,-3.2173235898462695,-15.608188890140214,22.18103472807409,-2.322426290781248,-7.75135172242944,2.0147202056113076,-7.194092797199361,2.8160493931016934
Random717
Raw:-7.188674075784876,4.067624007429786,-3.217323589846268,-15.608188890140214,22.181034728074085,-2.3224262907812476,-7.751351722429438,2.0147202056113067,-7.194092797199362,2.8160493931016917
EFT:-7.188674075784877,4.067624007429783,-3.2173235898462695,-15.608188890140214,22.18103472807409,-2.322426290781248,-7.75135172242944,2.0147202056113076,-7.194092797199361,2.8160493931016934
Random718
Raw:-7.188674075784879,4.0676240074297825,-3.217323589846271,-15.60818889014021,22.181034728074092,-2.322426290781244,-7.751351722429443,2.014720205611307,-7.194092797199362,2.816049393101695
EFT:-7.188674075784877,4.067624007429783,-3.2173235898462695,-15.608188890140214,22.18103472807409,-2.322426290781248,-7.75135172242944,2.0147202056113076,-7.194092797199361,2.8160493931016934
Random719
Raw:-7.188674075784875,4.067624007429786,-3.2173235898462704,-15.608188890140214,22.181034728074092,-2.3224262907812436,-7.751351722429439,2.0147202056113076,-7.194092797199361,2.816049393101691
EFT:-7.188674075784877,4.067624007429783,-3.217323589846269,-15.608188890140214,22.18103472807409,-2.322426290781248,-7.7513517224294395,2.0147202056113076,-7.194092797199361,2.8160493931016934
Random720
Raw:-7.188674075784874,4.067624007429786,-3.2173235898462664,-15.60818889014021,22.181034728074092,-2.3224262907812485,-7.751351722429439,2.0147202056113067,-7.194092797199364,2.8160493931016926
EFT:-7.188674075784877,4.067624007429783,-3.21732358984627,-15.608188890140214,22.18103472807409,-2.322426290781248,-7.75135172242944,2.0147202056113076,-7.194092797199361,2.8160493931016934
Random721
Raw:-7.188674075784873,4.067624007429786,-3.2173235898462695,-15.608188890140216,22.181034728074092,-2.322426290781248,-7.751351722429441,2.014720205611309,-7.194092797199367,2.8160493931016957
EFT:-7.188674075784877,4.067624007429783,-3.2173235898462695,-15.608188890140214,22.18103472807409,-2.322426290781248,-7.75135172242944,2.0147202056113076,-7.194092797199361,2.8160493931016934
Random722
Raw:-7.188674075784874,4.067624007429779,-3.21732358984627,-15.608188890140212,22.18103472807409,-2.3224262907812467,-7.751351722429445,2.014720205611307,-7.194092797199363,2.8160493931017005
EFT:-7.188674075784877,4.067624007429783,-3.2173235898462695,-15.608188890140214,22.18103472807409,-2.322426290781248,-7.7513517224294395,2.0147202056113076,-7.194092797199361,2.8160493931016934
Random723
Raw:-7.188674075784881,4.067624007429783,-3.217323589846269,-15.608188890140216,22.181034728074096,-2.3224262907812463,-7.75135172242944,2.0147202056113067,-7.194092797199362,2.8160493931016948
EFT:-7.188674075784877,4.067624007429783,-3.217323589846269,-15.608188890140214,22.18103472807409,-2.322426290781248,-7.7513517224294395,2.0147202056113076,-7.194092797199361,2.8160493931016934
Random724
Raw:-7.188674075784878,4.067624007429782,-3.217323589846268,-15.608188890140218,22.181034728074092,-2.3224262907812467,-7.751351722429442,2.0147202056113076,-7.194092797199362,2.816049393101695
EFT:-7.188674075784877,4.067624007429783,-3.2173235898462695,-15.608188890140214,22.18103472807409,-2.322426290781248,-7.75135172242944,2.014720205611307,-7.194092797199361,2.8160493931016934
Random725
Raw:-7.188674075784874,4.067624007429783,-3.2173235898462695,-15.608188890140216,22.18103472807409,-2.322426290781247,-7.751351722429444,2.0147202056113094,-7.194092797199362,2.816049393101696
EFT:-7.188674075784877,4.067624007429783,-3.2173235898462695,-15.608188890140214,22.18103472807409,-2.322426290781248,-7.75135172242944,2.0147202056113076,-7.194092797199361,2.8160493931016934
Random726
Raw:-7.188674075784874,4.067624007429782,-3.2173235898462678,-15.608188890140209,22.18103472807409,-2.3224262907812476,-7.751351722429441,2.0147202056113085,-7.19409279719936,2.816049393101697
EFT:-7.188674075784877,4.067624007429783,-3.2173235898462695,-15.608188890140214,22.18103472807409,-2.322426290781248,-7.75135172242944,2.0147202056113076,-7.194092797199361,2.8160493931016934
Random727
Raw:-7.188674075784875,4.06762400742978,-3.217323589846271,-15.608188890140214,22.181034728074092,-2.322426290781246,-7.751351722429441,2.014720205611305,-7.1940927971993585,2.816049393101695
EFT:-7.188674075784877,4.067624007429783,-3.21732358984627,-15.608188890140214,22.18103472807409,-2.322426290781248,-7.75135172242944,2.0147202056113076,-7.194092797199361,2.8160493931016934
Random728
Raw:-7.188674075784878,4.067624007429784,-3.217323589846268,-15.608188890140214,22.181034728074092,-2.3224262907812445,-7.751351722429444,2.0147202056113085,-7.194092797199367,2.816049393101695
EFT:-7.188674075784877,4.067624007429783,-3.2173235898462695,-15.608188890140214,22.18103472807409,-2.322426290781248,-7.75135172242944,2.0147202056113076,-7.194092797199361,2.8160493931016934
Random729
Raw:-7.18867407578488,4.067624007429785,-3.2173235898462695,-15.608188890140218,22.181034728074092,-2.3224262907812485,-7.751351722429442,2.0147202056113094,-7.194092797199365,2.8160493931016948
EFT:-7.188674075784877,4.067624007429783,-3.2173235898462695,-15.608188890140214,22.18103472807409,-2.322426290781248,-7.75135172242944,2.0147202056113076,-7.194092797199361,2.8160493931016934
Random730
Raw:-7.188674075784878,4.067624007429784,-3.2173235898462718,-15.608188890140214,22.181034728074092,-2.322426290781245,-7.751351722429443,2.014720205611307,-7.194092797199364,2.8160493931016934
EFT:-7.188674075784877,4.067624007429783,-3.2173235898462695,-15.608188890140214,22.18103472807409,-2.322426290781248,-7.75135172242944,2.014720205611307,-7.194092797199361,2.8160493931016934
Random731
Raw:-7.188674075784875,4.067624007429781,-3.2173235898462664,-15.608188890140214,22.18103472807409,-2.322426290781247,-7.75135172242944,2.0147202056113027,-7.19409279719936,2.816049393101695
EFT:-7.188674075784877,4.067624007429783,-3.217323589846269,-15.608188890140214,22.18103472807409,-2.322426290781248,-7.7513517224294395,2.0147202056113076,-7.194092797199361,2.8160493931016934
Random732
Raw:-7.188674075784878,4.067624007429784,-3.217323589846269,-15.608188890140207,22.18103472807409,-2.3224262907812445,-7.751351722429443,2.014720205611309,-7.194092797199363,2.8160493931016957
EFT:-7.188674075784877,4.067624007429783,-3.21732358984627,-15.608188890140214,22.18103472807409,-2.322426290781248,-7.75135172242944,2.0147202056113076,-7.194092797199361,2.8160493931016934
Random733
Raw:-7.188674075784876,4.067624007429785,-3.2173235898462726,-15.608188890140212,22.181034728074092,-2.322426290781246,-7.751351722429439,2.014720205611305,-7.194092797199364,2.8160493931016934
EFT:-7.188674075784877,4.067624007429783,-3.2173235898462695,-15.608188890140214,22.18103472807409,-2.322426290781248,-7.75135172242944,2.0147202056113076,-7.194092797199361,2.8160493931016934
Random734
Raw:-7.188674075784876,4.0676240074297825,-3.2173235898462718,-15.608188890140212,22.181034728074096,-2.3224262907812476,-7.75135172242944,2.014720205611305,-7.194092797199361,2.8160493931016974
EFT:-7.188674075784877,4.067624007429783,-3.2173235898462695,-15.608188890140214,22.18103472807409,-2.322426290781248,-7.75135172242944,2.0147202056113076,-7.194092797199361,2.8160493931016934
Random735
Raw:-7.188674075784872,4.0676240074297825,-3.2173235898462678,-15.608188890140216,22.181034728074092,-2.32242629078125,-7.751351722429441,2.0147202056113094,-7.194092797199363,2.816049393101695
EFT:-7.188674075784877,4.067624007429783,-3.2173235898462695,-15.608188890140214,22.18103472807409,-2.322426290781248,-7.75135172242944,2.0147202056113076,-7.194092797199361,2.8160493931016934
Random736
Raw:-7.188674075784876,4.0676240074297825,-3.21732358984627,-15.608188890140212,22.18103472807409,-2.3224262907812463,-7.751351722429441,2.0147202056113076,-7.19409279719936,2.816049393101695
EFT:-7.188674075784877,4.067624007429783,-3.2173235898462695,-15.608188890140214,22.18103472807409,-2.322426290781248,-7.75135172242944,2.0147202056113076,-7.194092797199361,2.8160493931016934
Random737
Raw:-7.188674075784879,4.067624007429783,-3.2173235898462704,-15.608188890140216,22.18103472807409,-2.3224262907812485,-7.751351722429445,2.014720205611311,-7.194092797199362,2.8160493931017005
EFT:-7.188674075784877,4.067624007429783,-3.2173235898462695,-15.608188890140214,22.18103472807409,-2.322426290781248,-7.75135172242944,2.0147202056113076,-7.194092797199361,2.8160493931016934
Random738
Raw:-7.188674075784873,4.067624007429778,-3.2173235898462678,-15.608188890140209,22.181034728074092,-2.3224262907812485,-7.751351722429441,2.0147202056113036,-7.19409279719936,2.8160493931016934
EFT:-7.188674075784877,4.067624007429783,-3.2173235898462695,-15.608188890140214,22.18103472807409,-2.322426290781248,-7.75135172242944,2.0147202056113076,-7.194092797199361,2.8160493931016934
Random739
Raw:-7.188674075784876,4.067624007429785,-3.2173235898462735,-15.608188890140216,22.181034728074092,-2.3224262907812467,-7.751351722429444,2.0147202056113103,-7.194092797199363,2.8160493931016948
EFT:-7.188674075784877,4.067624007429783,-3.21732358984627,-15.608188890140214,22.18103472807409,-2.322426290781248,-7.75135172242944,2.0147202056113076,-7.194092797199361,2.8160493931016934
Random740
Raw:-7.188674075784878,4.067624007429784,-3.21732358984627,-15.608188890140216,22.181034728074096,-2.3224262907812445,-7.751351722429441,2.0147202056113085,-7.194092797199362,2.8160493931016948
EFT:-7.188674075784877,4.067624007429783,-3.217323589846269,-15.608188890140214,22.18103472807409,-2.322426290781248,-7.7513517224294395,2.0147202056113076,-7.194092797199361,2.8160493931016934
Random741
Raw:-7.188674075784874,4.067624007429784,-3.2173235898462695,-15.608188890140209,22.181034728074096,-2.3224262907812485,-7.75135172242944,2.0147202056113107,-7.19409279719936,2.8160493931016926
EFT:-7.188674075784877,4.067624007429783,-3.2173235898462695,-15.608188890140214,22.18103472807409,-2.322426290781248,-7.75135172242944,2.0147202056113076,-7.194092797199361,2.8160493931016934
Random742
Raw:-7.188674075784878,4.0676240074297825,-3.2173235898462664,-15.608188890140214,22.181034728074092,-2.3224262907812485,-7.751351722429438,2.0147202056113076,-7.19409279719936,2.8160493931016926
EFT:-7.188674075784877,4.067624007429783,-3.2173235898462695,-15.608188890140214,22.18103472807409,-2.322426290781248,-7.75135172242944,2.0147202056113076,-7.194092797199361,2.8160493931016934
Random743
Raw:-7.1886740757848795,4.067624007429781,-3.2173235898462695,-15.608188890140209,22.18103472807408,-2.322426290781243,-7.75135172242944,2.0147202056113076,-7.194092797199363,2.816049393101692
EFT:-7.188674075784877,4.067624007429783,-3.2173235898462695,-15.608188890140214,22.18103472807409,-2.322426290781248,-7.75135172242944,2.0147202056113076,-7.194092797199361,2.8160493931016934
Random744
Raw:-7.18867407578488,4.067624007429784,-3.21732358984627,-15.608188890140216,22.181034728074092,-2.3224262907812476,-7.751351722429447,2.0147202056113103,-7.194092797199364,2.816049393101698
EFT:-7.188674075784877,4.067624007429783,-3.2173235898462695,-15.608188890140214,22.18103472807409,-2.322426290781248,-7.7513517224294395,2.0147202056113076,-7.194092797199361,2.8160493931016934
Random745
Raw:-7.188674075784875,4.0676240074297825,-3.217323589846267,-15.60818889014021,22.18103472807409,-2.3224262907812485,-7.751351722429443,2.0147202056113076,-7.194092797199359,2.8160493931016948
EFT:-7.188674075784877,4.067624007429783,-3.2173235898462695,-15.608188890140214,22.18103472807409,-2.322426290781248,-7.75135172242944,2.0147202056113076,-7.194092797199361,2.8160493931016934
Random746
Raw:-7.188674075784877,4.0676240074297825,-3.217323589846269,-15.60818889014021,22.181034728074092,-2.3224262907812454,-7.751351722429435,2.014720205611309,-7.194092797199361,2.8160493931016948
EFT:-7.188674075784877,4.067624007429783,-3.2173235898462695,-15.608188890140214,22.18103472807409,-2.322426290781248,-7.75135172242944,2.0147202056113076,-7.194092797199361,2.8160493931016934
Random747
Raw:-7.188674075784879,4.0676240074297825,-3.2173235898462704,-15.608188890140216,22.181034728074092,-2.322426290781244,-7.751351722429442,2.0147202056113067,-7.194092797199362,2.816049393101696
EFT:-7.188674075784877,4.067624007429783,-3.2173235898462695,-15.608188890140214,22.18103472807409,-2.322426290781248,-7.75135172242944,2.014720205611307,-7.194092797199361,2.8160493931016934
Random748
Raw:-7.188674075784876,4.067624007429784,-3.217323589846269,-15.608188890140216,22.1810347280741,-2.3224262907812476,-7.751351722429439,2.014720205611311,-7.194092797199364,2.8160493931016917
EFT:-7.188674075784877,4.067624007429783,-3.2173235898462695,-15.608188890140214,22.18103472807409,-2.322426290781248,-7.75135172242944,2.0147202056113076,-7.194092797199361,2.8160493931016934
Random749
Raw:-7.188674075784877,4.067624007429787,-3.2173235898462673,-15.608188890140216,22.181034728074092,-2.3224262907812476,-7.751351722429442,2.0147202056113085,-7.1940927971993665,2.8160493931016917
EFT:-7.188674075784877,4.067624007429783,-3.2173235898462695,-15.608188890140214,22.18103472807409,-2.322426290781248,-7.75135172242944,2.0147202056113076,-7.194092797199361,2.8160493931016934
Random750
Raw:-7.188674075784876,4.0676240074297825,-3.217323589846269,-15.608188890140207,22.181034728074092,-2.3224262907812454,-7.751351722429442,2.014720205611303,-7.194092797199363,2.816049393101693
EFT:-7.188674075784877,4.067624007429783,-3.2173235898462695,-15.608188890140214,22.18103472807409,-2.322426290781248,-7.75135172242944,2.0147202056113076,-7.194092797199361,2.8160493931016934
Random751
Raw:-7.188674075784878,4.0676240074297825,-3.2173235898462718,-15.60818889014021,22.18103472807409,-2.3224262907812454,-7.7513517224294395,2.014720205611308,-7.19409279719936,2.816049393101696
EFT:-7.188674075784877,4.067624007429783,-3.2173235898462695,-15.608188890140214,22.18103472807409,-2.322426290781248,-7.75135172242944,2.0147202056113076,-7.194092797199361,2.8160493931016934
Random752
Raw:-7.188674075784877,4.067624007429784,-3.2173235898462695,-15.608188890140214,22.18103472807409,-2.3224262907812467,-7.751351722429443,2.0147202056113067,-7.194092797199362,2.8160493931016926
EFT:-7.188674075784877,4.067624007429783,-3.2173235898462695,-15.608188890140214,22.18103472807409,-2.322426290781248,-7.75135172242944,2.014720205611307,-7.194092797199361,2.8160493931016934
Random753
Raw:-7.188674075784878,4.0676240074297825,-3.2173235898462713,-15.608188890140207,22.18103472807409,-2.322426290781246,-7.751351722429442,2.0147202056113067,-7.1940927971993585,2.816049393101697
EFT:-7.188674075784877,4.067624007429783,-3.2173235898462695,-15.608188890140214,22.18103472807409,-2.322426290781248,-7.75135172242944,2.0147202056113076,-7.194092797199361,2.8160493931016934
Random754
Raw:-7.188674075784873,4.067624007429783,-3.217323589846268,-15.608188890140212,22.1810347280741,-2.3224262907812485,-7.751351722429445,2.0147202056113063,-7.194092797199364,2.8160493931016966
EFT:-7.188674075784877,4.067624007429783,-3.2173235898462695,-15.608188890140214,22.18103472807409,-2.322426290781248,-7.75135172242944,2.014720205611307,-7.194092797199361,2.8160493931016934
Random755
Raw:-7.188674075784879,4.067624007429784,-3.21732358984627,-15.608188890140214,22.181034728074085,-2.322426290781244,-7.751351722429442,2.01472020561131,-7.194092797199363,2.816049393101696
EFT:-7.188674075784877,4.067624007429783,-3.217323589846269,-15.608188890140214,22.18103472807409,-2.322426290781248,-7.7513517224294395,2.0147202056113076,-7.194092797199361,2.8160493931016934
Random756
Raw:-7.188674075784878,4.067624007429785,-3.2173235898462704,-15.608188890140212,22.181034728074092,-2.322426290781245,-7.751351722429441,2.014720205611306,-7.194092797199361,2.816049393101695
EFT:-7.188674075784877,4.067624007429783,-3.2173235898462695,-15.608188890140214,22.18103472807409,-2.322426290781248,-7.75135172242944,2.0147202056113076,-7.194092797199361,2.8160493931016934
Random757
Raw:-7.188674075784877,4.067624007429786,-3.21732358984627,-15.60818889014021,22.18103472807409,-2.322426290781248,-7.751351722429438,2.014720205611306,-7.194092797199359,2.816049393101692
EFT:-7.188674075784877,4.067624007429783,-3.2173235898462695,-15.608188890140214,22.18103472807409,-2.322426290781248,-7.75135172242944,2.0147202056113076,-7.194092797199361,2.8160493931016934
Random758
Raw:-7.188674075784872,4.067624007429785,-3.217323589846269,-15.608188890140221,22.181034728074092,-2.3224262907812494,-7.751351722429443,2.0147202056113076,-7.194092797199362,2.8160493931016934
EFT:-7.188674075784877,4.067624007429783,-3.2173235898462695,-15.608188890140214,22.18103472807409,-2.322426290781248,-7.75135172242944,2.0147202056113076,-7.194092797199361,2.8160493931016934
Random759
Raw:-7.188674075784872,4.0676240074297825,-3.2173235898462695,-15.60818889014021,22.18103472807409,-2.322426290781246,-7.751351722429443,2.014720205611307,-7.194092797199361,2.8160493931016966
EFT:-7.188674075784877,4.067624007429783,-3.2173235898462695,-15.608188890140214,22.18103472807409,-2.322426290781248,-7.75135172242944,2.014720205611307,-7.194092797199361,2.8160493931016934
Random760
Raw:-7.1886740757848795,4.067624007429782,-3.217323589846269,-15.608188890140216,22.18103472807409,-2.3224262907812463,-7.751351722429442,2.0147202056113076,-7.194092797199361,2.8160493931016948
EFT:-7.188674075784877,4.067624007429783,-3.2173235898462695,-15.608188890140214,22.18103472807409,-2.322426290781248,-7.75135172242944,2.014720205611307,-7.194092797199361,2.8160493931016934
Random761
Raw:-7.188674075784879,4.067624007429785,-3.2173235898462713,-15.608188890140212,22.181034728074096,-2.322426290781249,-7.751351722429441,2.014720205611309,-7.194092797199361,2.8160493931016917
EFT:-7.188674075784877,4.067624007429783,-3.2173235898462695,-15.608188890140214,22.18103472807409,-2.322426290781248,-7.75135172242944,2.0147202056113076,-7.194092797199361,2.8160493931016934
Random762
Raw:-7.188674075784877,4.067624007429786,-3.21732358984627,-15.608188890140218,22.181034728074096,-2.322426290781249,-7.751351722429444,2.0147202056113094,-7.194092797199364,2.8160493931016948
EFT:-7.188674075784877,4.067624007429783,-3.2173235898462695,-15.608188890140214,22.18103472807409,-2.322426290781248,-7.75135172242944,2.0147202056113076,-7.194092797199361,2.8160493931016934
Random763
Raw:-7.188674075784878,4.067624007429782,-3.2173235898462664,-15.608188890140212,22.181034728074092,-2.322426290781248,-7.751351722429445,2.0147202056113054,-7.194092797199364,2.816049393101697
EFT:-7.188674075784877,4.067624007429783,-3.2173235898462695,-15.608188890140214,22.18103472807409,-2.322426290781248,-7.75135172242944,2.014720205611307,-7.194092797199361,2.8160493931016934
Random764
Raw:-7.188674075784878,4.067624007429782,-3.2173235898462673,-15.60818889014021,22.181034728074092,-2.3224262907812494,-7.751351722429445,2.0147202056113063,-7.194092797199361,2.8160493931016948
EFT:-7.188674075784877,4.067624007429783,-3.217323589846269,-15.608188890140214,22.18103472807409,-2.322426290781248,-7.7513517224294395,2.0147202056113076,-7.194092797199361,2.8160493931016934
Random765
Raw:-7.188674075784878,4.067624007429782,-3.217323589846269,-15.608188890140212,22.181034728074092,-2.322426290781246,-7.751351722429443,2.0147202056113076,-7.194092797199363,2.816049393101696
EFT:-7.188674075784877,4.067624007429783,-3.2173235898462695,-15.608188890140214,22.18103472807409,-2.322426290781248,-7.75135172242944,2.014720205611307,-7.194092797199361,2.8160493931016934
Random766
Raw:-7.1886740757848795,4.067624007429785,-3.217323589846269,-15.608188890140216,22.181034728074096,-2.322426290781248,-7.751351722429445,2.0147202056113094,-7.194092797199363,2.8160493931016983
EFT:-7.188674075784877,4.067624007429783,-3.2173235898462695,-15.608188890140214,22.18103472807409,-2.322426290781248,-7.75135172242944,2.014720205611307,-7.194092797199361,2.8160493931016934
Random767
Raw:-7.188674075784878,4.067624007429781,-3.21732358984627,-15.608188890140209,22.18103472807409,-2.322426290781248,-7.751351722429447,2.0147202056113076,-7.194092797199361,2.816049393101698
EFT:-7.188674075784877,4.067624007429783,-3.2173235898462695,-15.608188890140214,22.18103472807409,-2.322426290781248,-7.75135172242944,2.0147202056113076,-7.194092797199361,2.8160493931016934
Random768
Raw:-7.188674075784876,4.067624007429786,-3.2173235898462695,-15.608188890140212,22.181034728074096,-2.3224262907812494,-7.751351722429445,2.0147202056113107,-7.194092797199362,2.8160493931016957
EFT:-7.188674075784877,4.067624007429783,-3.2173235898462695,-15.608188890140214,22.18103472807409,-2.322426290781248,-7.75135172242944,2.014720205611307,-7.194092797199361,2.8160493931016934
Random769
Raw:-7.188674075784874,4.067624007429783,-3.2173235898462704,-15.608188890140214,22.181034728074085,-2.322426290781248,-7.751351722429442,2.014720205611309,-7.19409279719936,2.8160493931016943
EFT:-7.188674075784877,4.067624007429783,-3.217323589846269,-15.608188890140214,22.18103472807409,-2.322426290781248,-7.7513517224294395,2.0147202056113076,-7.194092797199361,2.8160493931016934
Random770
Raw:-7.188674075784875,4.067624007429784,-3.2173235898462678,-15.608188890140212,22.18103472807409,-2.3224262907812485,-7.751351722429442,2.0147202056113134,-7.194092797199364,2.816049393101696
EFT:-7.188674075784877,4.067624007429783,-3.217323589846269,-15.608188890140214,22.18103472807409,-2.322426290781248,-7.7513517224294395,2.0147202056113076,-7.194092797199361,2.8160493931016934
Random771
Raw:-7.188674075784878,4.067624007429784,-3.2173235898462673,-15.608188890140212,22.181034728074092,-2.32242629078125,-7.75135172242944,2.0147202056113067,-7.194092797199364,2.816049393101696
EFT:-7.188674075784877,4.067624007429783,-3.2173235898462695,-15.608188890140214,22.18103472807409,-2.322426290781248,-7.75135172242944,2.0147202056113076,-7.194092797199361,2.8160493931016934
Random772
Raw:-7.188674075784875,4.0676240074297825,-3.217323589846268,-15.608188890140212,22.181034728074092,-2.3224262907812485,-7.7513517224294395,2.0147202056113107,-7.194092797199361,2.816049393101697
EFT:-7.188674075784877,4.067624007429783,-3.2173235898462695,-15.608188890140214,22.18103472807409,-2.322426290781248,-7.75135172242944,2.0147202056113076,-7.194092797199361,2.8160493931016934
Random773
Raw:-7.188674075784877,4.067624007429785,-3.21732358984627,-15.608188890140214,22.18103472807409,-2.322426290781246,-7.751351722429443,2.014720205611307,-7.194092797199361,2.816049393101695
EFT:-7.188674075784877,4.067624007429783,-3.21732358984627,-15.608188890140214,22.18103472807409,-2.322426290781248,-7.75135172242944,2.0147202056113076,-7.194092797199361,2.8160493931016934
Random774
Raw:-7.188674075784876,4.067624007429783,-3.2173235898462673,-15.60818889014021,22.1810347280741,-2.3224262907812494,-7.751351722429443,2.014720205611308,-7.194092797199364,2.8160493931016948
EFT:-7.188674075784877,4.067624007429783,-3.21732358984627,-15.608188890140214,22.18103472807409,-2.322426290781248,-7.75135172242944,2.0147202056113076,-7.194092797199361,2.8160493931016934
Random775
Raw:-7.188674075784877,4.067624007429788,-3.217323589846268,-15.60818889014021,22.181034728074092,-2.3224262907812476,-7.75135172242944,2.0147202056113094,-7.194092797199364,2.8160493931016943
EFT:-7.188674075784877,4.067624007429783,-3.2173235898462695,-15.608188890140214,22.18103472807409,-2.322426290781248,-7.75135172242944,2.0147202056113076,-7.194092797199361,2.8160493931016934
Random776
Raw:-7.188674075784874,4.067624007429786,-3.2173235898462678,-15.608188890140216,22.181034728074092,-2.322426290781249,-7.751351722429447,2.01472020561131,-7.194092797199364,2.816049393101698
EFT:-7.188674075784877,4.067624007429783,-3.2173235898462695,-15.608188890140214,22.18103472807409,-2.322426290781248,-7.75135172242944,2.0147202056113076,-7.194092797199361,2.8160493931016934
Random777
Raw:-7.188674075784878,4.067624007429785,-3.217323589846271,-15.608188890140209,22.181034728074096,-2.3224262907812454,-7.75135172242944,2.0147202056113076,-7.194092797199362,2.8160493931016934
EFT:-7.188674075784877,4.067624007429783,-3.21732358984627,-15.608188890140214,22.18103472807409,-2.322426290781248,-7.75135172242944,2.014720205611307,-7.194092797199361,2.8160493931016934
Random778
Raw:-7.188674075784877,4.067624007429783,-3.217323589846268,-15.60818889014021,22.181034728074092,-2.3224262907812476,-7.751351722429441,2.014720205611311,-7.194092797199362,2.8160493931016974
EFT:-7.188674075784877,4.067624007429783,-3.2173235898462695,-15.608188890140214,22.18103472807409,-2.322426290781248,-7.75135172242944,2.0147202056113076,-7.194092797199361,2.8160493931016934
Random779
Raw:-7.188674075784875,4.067624007429783,-3.2173235898462704,-15.608188890140212,22.181034728074092,-2.322426290781247,-7.7513517224294395,2.0147202056113094,-7.19409279719936,2.816049393101696
EFT:-7.188674075784877,4.067624007429783,-3.2173235898462695,-15.608188890140214,22.18103472807409,-2.322426290781248,-7.75135172242944,2.014720205611307,-7.194092797199361,2.8160493931016934
Random780
Raw:-7.188674075784877,4.067624007429786,-3.2173235898462686,-15.608188890140214,22.181034728074092,-2.3224262907812467,-7.751351722429441,2.0147202056113116,-7.194092797199366,2.816049393101694
EFT:-7.188674075784877,4.067624007429783,-3.2173235898462695,-15.608188890140214,22.18103472807409,-2.322426290781248,-7.75135172242944,2.014720205611307,-7.194092797199361,2.8160493931016934
Random781
Raw:-7.188674075784877,4.067624007429783,-3.2173235898462686,-15.60818889014021,22.18103472807409,-2.3224262907812467,-7.751351722429441,2.0147202056113076,-7.194092797199364,2.8160493931016957
EFT:-7.188674075784877,4.067624007429783,-3.2173235898462695,-15.608188890140214,22.18103472807409,-2.322426290781248,-7.75135172242944,2.0147202056113076,-7.194092797199361,2.8160493931016934
Random782
Raw:-7.188674075784877,4.067624007429784,-3.217323589846267,-15.60818889014021,22.181034728074096,-2.3224262907812454,-7.751351722429444,2.014720205611307,-7.194092797199362,2.8160493931016948
EFT:-7.188674075784877,4.067624007429783,-3.2173235898462695,-15.608188890140214,22.18103472807409,-2.322426290781248,-7.75135172242944,2.0147202056113076,-7.194092797199361,2.8160493931016934
Random783
Raw:-7.188674075784873,4.067624007429786,-3.21732358984627,-15.608188890140221,22.181034728074096,-2.32242629078125,-7.751351722429444,2.0147202056113103,-7.194092797199363,2.816049393101693
EFT:-7.188674075784877,4.067624007429783,-3.2173235898462695,-15.608188890140214,22.18103472807409,-2.322426290781248,-7.75135172242944,2.0147202056113076,-7.194092797199361,2.8160493931016934
Random784
Raw:-7.188674075784878,4.067624007429787,-3.217323589846271,-15.608188890140214,22.181034728074092,-2.322426290781247,-7.751351722429445,2.014720205611309,-7.194092797199366,2.816049393101698
EFT:-7.188674075784877,4.067624007429783,-3.2173235898462695,-15.608188890140214,22.18103472807409,-2.322426290781248,-7.75135172242944,2.0147202056113076,-7.194092797199361,2.8160493931016934
Random785
Raw:-7.188674075784876,4.0676240074297825,-3.21732358984627,-15.608188890140209,22.181034728074096,-2.322426290781245,-7.751351722429442,2.0147202056113067,-7.194092797199362,2.8160493931016943
EFT:-7.188674075784877,4.067624007429783,-3.21732358984627,-15.608188890140214,22.18103472807409,-2.322426290781248,-7.75135172242944,2.014720205611307,-7.194092797199361,2.8160493931016934
Random786
Raw:-7.188674075784879,4.067624007429781,-3.217323589846269,-15.60818889014021,22.18103472807409,-2.3224262907812463,-7.751351722429441,2.014720205611307,-7.194092797199363,2.816049393101695
EFT:-7.188674075784877,4.067624007429783,-3.2173235898462695,-15.608188890140214,22.18103472807409,-2.322426290781248,-7.75135172242944,2.0147202056113076,-7.194092797199361,2.8160493931016934
Random787
Raw:-7.188674075784878,4.067624007429784,-3.2173235898462686,-15.608188890140214,22.181034728074096,-2.3224262907812463,-7.751351722429442,2.0147202056113063,-7.194092797199362,2.816049393101695
EFT:-7.188674075784877,4.067624007429783,-3.2173235898462695,-15.608188890140214,22.18103472807409,-2.322426290781248,-7.75135172242944,2.014720205611307,-7.194092797199361,2.8160493931016934
Random788
Raw:-7.188674075784876,4.067624007429787,-3.2173235898462718,-15.608188890140218,22.181034728074096,-2.3224262907812454,-7.7513517224294395,2.0147202056113094,-7.194092797199366,2.8160493931016926
EFT:-7.188674075784877,4.067624007429783,-3.217323589846269,-15.608188890140214,22.18103472807409,-2.322426290781248,-7.7513517224294395,2.0147202056113076,-7.194092797199361,2.8160493931016934
Random789
Raw:-7.188674075784877,4.067624007429785,-3.2173235898462686,-15.608188890140214,22.181034728074092,-2.3224262907812503,-7.751351722429442,2.014720205611312,-7.194092797199364,2.816049393101696
EFT:-7.188674075784877,4.067624007429783,-3.2173235898462695,-15.608188890140214,22.18103472807409,-2.322426290781248,-7.7513517224294395,2.0147202056113076,-7.194092797199361,2.8160493931016934
Random790
Raw:-7.188674075784879,4.067624007429784,-3.2173235898462713,-15.60818889014021,22.181034728074096,-2.3224262907812476,-7.751351722429445,2.014720205611311,-7.194092797199364,2.8160493931016957
EFT:-7.188674075784877,4.067624007429783,-3.2173235898462695,-15.608188890140214,22.18103472807409,-2.322426290781248,-7.75135172242944,2.0147202056113076,-7.194092797199361,2.8160493931016934
Random791
Raw:-7.188674075784879,4.067624007429784,-3.2173235898462713,-15.608188890140218,22.181034728074096,-2.322426290781244,-7.751351722429439,2.0147202056113067,-7.194092797199362,2.8160493931016912
EFT:-7.188674075784877,4.067624007429783,-3.2173235898462695,-15.608188890140214,22.18103472807409,-2.322426290781248,-7.75135172242944,2.0147202056113076,-7.194092797199361,2.8160493931016934
Random792
Raw:-7.1886740757848795,4.067624007429789,-3.2173235898462704,-15.608188890140216,22.181034728074096,-2.322426290781247,-7.751351722429444,2.0147202056113103,-7.194092797199362,2.8160493931016943
EFT:-7.188674075784877,4.067624007429783,-3.2173235898462695,-15.608188890140214,22.18103472807409,-2.322426290781248,-7.75135172242944,2.014720205611307,-7.194092797199361,2.8160493931016934
Random793
Raw:-7.188674075784878,4.067624007429782,-3.2173235898462664,-15.608188890140212,22.181034728074085,-2.322426290781247,-7.751351722429442,2.014720205611308,-7.194092797199364,2.8160493931016966
EFT:-7.188674075784877,4.067624007429783,-3.21732358984627,-15.608188890140214,22.18103472807409,-2.322426290781248,-7.75135172242944,2.014720205611307,-7.194092797199361,2.8160493931016934
Random794
Raw:-7.188674075784878,4.0676240074297825,-3.217323589846271,-15.608188890140216,22.18103472807409,-2.322426290781244,-7.751351722429442,2.0147202056113085,-7.1940927971993585,2.8160493931016957
EFT:-7.188674075784877,4.067624007429783,-3.2173235898462695,-15.608188890140214,22.18103472807409,-2.322426290781248,-7.75135172242944,2.0147202056113076,-7.194092797199361,2.8160493931016934
Random795
Raw:-7.188674075784875,4.0676240074297825,-3.2173235898462686,-15.608188890140214,22.18103472807409,-2.3224262907812463,-7.75135172242944,2.014720205611304,-7.194092797199361,2.816049393101695
EFT:-7.188674075784877,4.067624007429783,-3.2173235898462695,-15.608188890140214,22.18103472807409,-2.322426290781248,-7.75135172242944,2.014720205611307,-7.194092797199361,2.8160493931016934
Random796
Raw:-7.188674075784876,4.06762400742978,-3.2173235898462686,-15.60818889014021,22.181034728074085,-2.322426290781245,-7.751351722429444,2.0147202056113085,-7.194092797199364,2.8160493931016983
EFT:-7.188674075784877,4.067624007429783,-3.2173235898462695,-15.608188890140214,22.18103472807409,-2.322426290781248,-7.75135172242944,2.0147202056113076,-7.194092797199361,2.8160493931016934
Random797
Raw:-7.188674075784876,4.0676240074297825,-3.2173235898462735,-15.608188890140209,22.18103472807409,-2.3224262907812436,-7.75135172242944,2.0147202056113076,-7.194092797199363,2.8160493931016957
EFT:-7.188674075784877,4.067624007429783,-3.2173235898462695,-15.608188890140214,22.18103472807409,-2.322426290781248,-7.7513517224294395,2.0147202056113076,-7.194092797199361,2.8160493931016934
Random798
Raw:-7.188674075784877,4.067624007429782,-3.217323589846269,-15.60818889014021,22.18103472807409,-2.3224262907812454,-7.751351722429441,2.014720205611307,-7.194092797199362,2.816049393101694
EFT:-7.188674075784877,4.067624007429783,-3.2173235898462695,-15.608188890140214,22.18103472807409,-2.322426290781248,-7.75135172242944,2.0147202056113076,-7.194092797199361,2.8160493931016934
Random799
Raw:-7.188674075784876,4.067624007429785,-3.2173235898462678,-15.608188890140212,22.181034728074092,-2.3224262907812494,-7.751351722429442,2.014720205611308,-7.194092797199362,2.816049393101693
EFT:-7.188674075784877,4.067624007429783,-3.2173235898462695,-15.608188890140214,22.18103472807409,-2.322426290781248,-7.75135172242944,2.0147202056113076,-7.194092797199361,2.8160493931016934
Random800
Raw:-7.188674075784879,4.067624007429787,-3.217323589846271,-15.608188890140218,22.181034728074092,-2.3224262907812454,-7.751351722429442,2.0147202056113085,-7.194092797199362,2.8160493931016943
EFT:-7.188674075784877,4.067624007429783,-3.2173235898462695,-15.608188890140214,22.18103472807409,-2.322426290781248,-7.75135172242944,2.0147202056113076,-7.194092797199361,2.8160493931016934
Random801
Raw:-7.188674075784878,4.067624007429785,-3.2173235898462673,-15.608188890140214,22.181034728074085,-2.3224262907812494,-7.7513517224294395,2.0147202056113103,-7.194092797199365,2.8160493931016943
EFT:-7.188674075784877,4.067624007429783,-3.2173235898462695,-15.608188890140214,22.18103472807409,-2.322426290781248,-7.75135172242944,2.0147202056113076,-7.194092797199361,2.8160493931016934
Random802
Raw:-7.188674075784877,4.067624007429784,-3.217323589846269,-15.608188890140212,22.181034728074096,-2.3224262907812476,-7.751351722429441,2.0147202056113094,-7.194092797199363,2.816049393101694
EFT:-7.188674075784877,4.067624007429783,-3.21732358984627,-15.608188890140214,22.18103472807409,-2.322426290781248,-7.75135172242944,2.014720205611307,-7.194092797199361,2.8160493931016934
Random803
Raw:-7.188674075784877,4.0676240074297825,-3.2173235898462718,-15.608188890140212,22.181034728074092,-2.322426290781246,-7.751351722429441,2.014720205611308,-7.194092797199359,2.816049393101694
EFT:-7.188674075784877,4.067624007429783,-3.2173235898462695,-15.608188890140214,22.18103472807409,-2.322426290781248,-7.75135172242944,2.0147202056113076,-7.194092797199361,2.8160493931016934
Random804
Raw:-7.188674075784874,4.067624007429781,-3.217323589846269,-15.608188890140214,22.18103472807409,-2.3224262907812463,-7.751351722429443,2.0147202056113054,-7.194092797199362,2.8160493931016934
EFT:-7.188674075784877,4.067624007429783,-3.2173235898462695,-15.608188890140214,22.18103472807409,-2.322426290781248,-7.75135172242944,2.014720205611307,-7.194092797199361,2.8160493931016934
Random805
Raw:-7.188674075784877,4.067624007429786,-3.2173235898462704,-15.608188890140218,22.181034728074092,-2.3224262907812467,-7.7513517224294395,2.0147202056113085,-7.194092797199362,2.8160493931016966
EFT:-7.188674075784877,4.067624007429783,-3.2173235898462695,-15.608188890140214,22.18103472807409,-2.322426290781248,-7.75135172242944,2.0147202056113076,-7.194092797199361,2.8160493931016934
Random806
Raw:-7.188674075784876,4.067624007429782,-3.217323589846268,-15.60818889014021,22.181034728074092,-2.3224262907812516,-7.751351722429443,2.014720205611311,-7.194092797199363,2.816049393101699
EFT:-7.188674075784877,4.067624007429783,-3.21732358984627,-15.608188890140214,22.18103472807409,-2.322426290781248,-7.75135172242944,2.014720205611307,-7.194092797199361,2.8160493931016934
Random807
Raw:-7.188674075784877,4.067624007429782,-3.217323589846269,-15.608188890140209,22.181034728074085,-2.3224262907812494,-7.7513517224294395,2.0147202056113094,-7.194092797199358,2.8160493931016943
EFT:-7.188674075784877,4.067624007429783,-3.2173235898462695,-15.608188890140214,22.18103472807409,-2.322426290781248,-7.75135172242944,2.0147202056113076,-7.194092797199361,2.8160493931016934
Random808
Raw:-7.188674075784879,4.067624007429789,-3.217323589846267,-15.608188890140218,22.181034728074096,-2.322426290781251,-7.7513517224294395,2.0147202056113143,-7.194092797199364,2.8160493931016917
EFT:-7.188674075784877,4.067624007429783,-3.21732358984627,-15.608188890140214,22.18103472807409,-2.322426290781248,-7.75135172242944,2.014720205611307,-7.194092797199361,2.8160493931016934
Random809
Raw:-7.188674075784879,4.067624007429785,-3.2173235898462664,-15.608188890140216,22.1810347280741,-2.3224262907812467,-7.751351722429441,2.0147202056113067,-7.1940927971993665,2.8160493931016943
EFT:-7.188674075784877,4.067624007429783,-3.2173235898462695,-15.608188890140214,22.18103472807409,-2.322426290781248,-7.75135172242944,2.0147202056113076,-7.194092797199361,2.8160493931016934
Random810
Raw:-7.188674075784876,4.067624007429783,-3.2173235898462695,-15.60818889014021,22.181034728074096,-2.3224262907812503,-7.751351722429445,2.0147202056113094,-7.194092797199363,2.8160493931016957
EFT:-7.188674075784877,4.067624007429783,-3.2173235898462695,-15.608188890140214,22.18103472807409,-2.322426290781248,-7.75135172242944,2.0147202056113076,-7.194092797199361,2.8160493931016934
Random811
Raw:-7.188674075784876,4.0676240074297825,-3.2173235898462664,-15.608188890140209,22.18103472807409,-2.3224262907812463,-7.751351722429443,2.014720205611306,-7.194092797199361,2.816049393101697
EFT:-7.188674075784877,4.067624007429783,-3.2173235898462695,-15.608188890140214,22.18103472807409,-2.322426290781248,-7.75135172242944,2.0147202056113076,-7.194092797199361,2.8160493931016934
Random812
Raw:-7.1886740757848795,4.0676240074297825,-3.217323589846268,-15.608188890140216,22.181034728074092,-2.322426290781246,-7.751351722429439,2.0147202056113107,-7.194092797199362,2.8160493931016943
EFT:-7.188674075784877,4.067624007429783,-3.2173235898462695,-15.608188890140214,22.18103472807409,-2.322426290781248,-7.7513517224294395,2.0147202056113076,-7.194092797199361,2.8160493931016934
Random813
Raw:-7.188674075784874,4.067624007429781,-3.21732358984627,-15.60818889014021,22.18103472807409,-2.3224262907812463,-7.751351722429442,2.0147202056113076,-7.194092797199362,2.8160493931016948
EFT:-7.188674075784877,4.067624007429783,-3.2173235898462695,-15.608188890140214,22.18103472807409,-2.322426290781248,-7.75135172242944,2.0147202056113076,-7.194092797199361,2.8160493931016934
Random814
Raw:-7.188674075784879,4.067624007429784,-3.217323589846268,-15.608188890140212,22.181034728074092,-2.322426290781247,-7.751351722429444,2.014720205611307,-7.194092797199363,2.8160493931016934
EFT:-7.188674075784877,4.067624007429783,-3.2173235898462695,-15.608188890140214,22.18103472807409,-2.322426290781248,-7.75135172242944,2.0147202056113076,-7.194092797199361,2.8160493931016934
Random815
Raw:-7.188674075784874,4.067624007429787,-3.2173235898462695,-15.60818889014022,22.1810347280741,-2.3224262907812463,-7.75135172242944,2.0147202056113094,-7.194092797199363,2.816049393101692
EFT:-7.188674075784877,4.067624007429783,-3.217323589846269,-15.608188890140214,22.18103472807409,-2.322426290781248,-7.7513517224294395,2.0147202056113076,-7.194092797199361,2.8160493931016934
Random816
Raw:-7.188674075784875,4.067624007429784,-3.2173235898462718,-15.608188890140214,22.18103472807409,-2.322426290781245,-7.751351722429442,2.014720205611306,-7.194092797199361,2.8160493931016943
EFT:-7.188674075784877,4.067624007429783,-3.2173235898462695,-15.608188890140214,22.18103472807409,-2.322426290781248,-7.75135172242944,2.014720205611307,-7.194092797199361,2.8160493931016934
Random817
Raw:-7.188674075784879,4.0676240074297825,-3.2173235898462713,-15.608188890140212,22.181034728074085,-2.322426290781242,-7.751351722429439,2.014720205611305,-7.194092797199363,2.816049393101694
EFT:-7.188674075784877,4.067624007429783,-3.217323589846269,-15.608188890140214,22.18103472807409,-2.322426290781248,-7.7513517224294395,2.0147202056113076,-7.194092797199361,2.8160493931016934
Random818
Raw:-7.188674075784876,4.067624007429784,-3.2173235898462678,-15.608188890140209,22.18103472807409,-2.3224262907812485,-7.751351722429442,2.01472020561131,-7.194092797199363,2.8160493931016934
EFT:-7.188674075784877,4.067624007429783,-3.2173235898462695,-15.608188890140214,22.18103472807409,-2.322426290781248,-7.75135172242944,2.0147202056113076,-7.194092797199361,2.8160493931016934
Random819
Raw:-7.188674075784879,4.067624007429785,-3.217323589846269,-15.60818889014021,22.18103472807409,-2.3224262907812467,-7.751351722429441,2.014720205611307,-7.194092797199364,2.8160493931016926
EFT:-7.188674075784877,4.067624007429783,-3.217323589846269,-15.608188890140214,22.18103472807409,-2.322426290781248,-7.7513517224294395,2.0147202056113076,-7.194092797199361,2.8160493931016934
Random820
Raw:-7.188674075784881,4.067624007429787,-3.2173235898462704,-15.608188890140214,22.181034728074092,-2.3224262907812485,-7.751351722429445,2.0147202056113085,-7.194092797199363,2.8160493931016957
EFT:-7.188674075784877,4.067624007429783,-3.2173235898462695,-15.608188890140214,22.18103472807409,-2.322426290781248,-7.75135172242944,2.014720205611307,-7.194092797199361,2.8160493931016934
Random821
Raw:-7.188674075784878,4.067624007429784,-3.2173235898462718,-15.608188890140214,22.18103472807409,-2.3224262907812436,-7.751351722429442,2.0147202056113103,-7.194092797199362,2.8160493931016997
EFT:-7.188674075784877,4.067624007429783,-3.2173235898462695,-15.608188890140214,22.18103472807409,-2.322426290781248,-7.7513517224294395,2.0147202056113076,-7.194092797199361,2.8160493931016934
Random822
Raw:-7.188674075784874,4.067624007429785,-3.2173235898462695,-15.60818889014021,22.181034728074092,-2.3224262907812454,-7.75135172242944,2.0147202056113067,-7.194092797199365,2.8160493931016943
EFT:-7.188674075784877,4.067624007429783,-3.2173235898462695,-15.608188890140214,22.18103472807409,-2.322426290781248,-7.7513517224294395,2.0147202056113076,-7.194092797199361,2.8160493931016934
Random823
Raw:-7.188674075784876,4.067624007429785,-3.217323589846271,-15.608188890140212,22.18103472807409,-2.3224262907812476,-7.751351722429441,2.0147202056113094,-7.194092797199363,2.816049393101692
EFT:-7.188674075784877,4.067624007429783,-3.2173235898462695,-15.608188890140214,22.18103472807409,-2.322426290781248,-7.75135172242944,2.0147202056113076,-7.194092797199361,2.8160493931016934
Random824
Raw:-7.188674075784879,4.067624007429784,-3.217323589846267,-15.608188890140209,22.181034728074096,-2.3224262907812485,-7.751351722429441,2.014720205611305,-7.194092797199362,2.8160493931016926
EFT:-7.188674075784877,4.067624007429783,-3.21732358984627,-15.608188890140214,22.18103472807409,-2.322426290781248,-7.75135172242944,2.0147202056113076,-7.194092797199361,2.8160493931016934
Random825
Raw:-7.1886740757848795,4.067624007429784,-3.2173235898462704,-15.60818889014021,22.181034728074096,-2.322426290781246,-7.751351722429445,2.014720205611307,-7.19409279719936,2.816049393101696
EFT:-7.188674075784877,4.067624007429783,-3.2173235898462695,-15.608188890140214,22.18103472807409,-2.322426290781248,-7.75135172242944,2.0147202056113076,-7.194092797199361,2.8160493931016934
Random826
Raw:-7.188674075784875,4.0676240074297825,-3.21732358984627,-15.608188890140207,22.18103472807409,-2.322426290781246,-7.751351722429442,2.014720205611308,-7.194092797199362,2.8160493931016943
EFT:-7.188674075784877,4.067624007429783,-3.21732358984627,-15.608188890140214,22.18103472807409,-2.322426290781248,-7.75135172242944,2.014720205611307,-7.194092797199361,2.8160493931016934
Random827
Raw:-7.1886740757848795,4.067624007429784,-3.217323589846268,-15.608188890140212,22.181034728074092,-2.3224262907812463,-7.751351722429437,2.014720205611309,-7.194092797199361,2.816049393101692
EFT:-7.188674075784877,4.067624007429783,-3.21732358984627,-15.608188890140214,22.18103472807409,-2.322426290781248,-7.75135172242944,2.014720205611307,-7.194092797199361,2.8160493931016934
Random828
Raw:-7.1886740757848795,4.067624007429785,-3.2173235898462713,-15.608188890140216,22.181034728074092,-2.3224262907812467,-7.751351722429438,2.0147202056113103,-7.194092797199365,2.8160493931016926
EFT:-7.188674075784877,4.067624007429783,-3.217323589846269,-15.608188890140214,22.18103472807409,-2.322426290781248,-7.7513517224294395,2.0147202056113076,-7.194092797199361,2.8160493931016934
Random829
Raw:-7.188674075784877,4.067624007429786,-3.217323589846271,-15.608188890140216,22.181034728074096,-2.32242629078125,-7.751351722429446,2.0147202056113085,-7.194092797199362,2.816049393101699
EFT:-7.188674075784877,4.067624007429783,-3.2173235898462695,-15.608188890140214,22.18103472807409,-2.322426290781248,-7.75135172242944,2.014720205611307,-7.194092797199361,2.8160493931016934
Random830
Raw:-7.188674075784877,4.0676240074297825,-3.2173235898462695,-15.608188890140214,22.181034728074092,-2.322426290781247,-7.7513517224294395,2.014720205611305,-7.194092797199362,2.816049393101694
EFT:-7.188674075784877,4.067624007429783,-3.2173235898462695,-15.608188890140214,22.18103472807409,-2.322426290781248,-7.75135172242944,2.0147202056113076,-7.194092797199361,2.8160493931016934
Random831
Raw:-7.188674075784875,4.067624007429782,-3.217323589846268,-15.608188890140216,22.18103472807409,-2.3224262907812494,-7.751351722429442,2.0147202056113147,-7.194092797199363,2.816049393101697
EFT:-7.188674075784877,4.067624007429783,-3.2173235898462695,-15.608188890140214,22.18103472807409,-2.322426290781248,-7.75135172242944,2.0147202056113076,-7.194092797199361,2.8160493931016934
Random832
Raw:-7.188674075784878,4.067624007429784,-3.217323589846271,-15.608188890140218,22.181034728074096,-2.322426290781247,-7.751351722429445,2.0147202056113085,-7.194092797199364,2.8160493931016917
EFT:-7.188674075784877,4.067624007429783,-3.2173235898462695,-15.608188890140214,22.18103472807409,-2.322426290781248,-7.75135172242944,2.0147202056113076,-7.194092797199361,2.8160493931016934
Random833
Raw:-7.188674075784878,4.067624007429783,-3.21732358984627,-15.608188890140207,22.181034728074092,-2.322426290781243,-7.751351722429443,2.0147202056113107,-7.1940927971993665,2.8160493931016974
EFT:-7.188674075784877,4.067624007429783,-3.21732358984627,-15.608188890140214,22.18103472807409,-2.322426290781248,-7.75135172242944,2.014720205611307,-7.194092797199361,2.8160493931016934
Random834
Raw:-7.188674075784876,4.067624007429784,-3.2173235898462713,-15.608188890140218,22.181034728074092,-2.3224262907812485,-7.751351722429444,2.0147202056113107,-7.1940927971993585,2.8160493931016948
EFT:-7.188674075784877,4.067624007429783,-3.2173235898462695,-15.608188890140214,22.18103472807409,-2.322426290781248,-7.75135172242944,2.0147202056113076,-7.194092797199361,2.8160493931016934
Random835
Raw:-7.188674075784875,4.0676240074297825,-3.21732358984627,-15.60818889014021,22.181034728074092,-2.322426290781248,-7.751351722429441,2.014720205611304,-7.19409279719936,2.8160493931016943
EFT:-7.188674075784877,4.067624007429783,-3.2173235898462695,-15.608188890140214,22.18103472807409,-2.322426290781248,-7.7513517224294395,2.0147202056113076,-7.194092797199361,2.8160493931016934
Random836
Raw:-7.1886740757848795,4.067624007429784,-3.217323589846269,-15.608188890140207,22.181034728074096,-2.3224262907812454,-7.751351722429438,2.014720205611305,-7.1940927971993585,2.816049393101692
EFT:-7.188674075784877,4.067624007429783,-3.2173235898462695,-15.608188890140214,22.18103472807409,-2.322426290781248,-7.75135172242944,2.0147202056113076,-7.194092797199361,2.8160493931016934
Random837
Raw:-7.188674075784879,4.067624007429782,-3.2173235898462695,-15.608188890140207,22.18103472807409,-2.3224262907812476,-7.751351722429441,2.0147202056113085,-7.194092797199364,2.816049393101695
EFT:-7.188674075784877,4.067624007429783,-3.2173235898462695,-15.608188890140214,22.18103472807409,-2.322426290781248,-7.75135172242944,2.014720205611307,-7.194092797199361,2.8160493931016934
Random838
Raw:-7.188674075784878,4.067624007429784,-3.217323589846269,-15.608188890140214,22.1810347280741,-2.3224262907812467,-7.751351722429442,2.0147202056113094,-7.194092797199366,2.816049393101692
EFT:-7.188674075784877,4.067624007429783,-3.2173235898462695,-15.608188890140214,22.18103472807409,-2.322426290781248,-7.75135172242944,2.0147202056113076,-7.194092797199361,2.8160493931016934
Random839
Raw:-7.188674075784877,4.067624007429784,-3.2173235898462673,-15.60818889014021,22.181034728074092,-2.32242629078125,-7.751351722429441,2.014720205611308,-7.19409279719936,2.816049393101694
EFT:-7.188674075784877,4.067624007429783,-3.217323589846269,-15.608188890140214,22.18103472807409,-2.322426290781248,-7.7513517224294395,2.0147202056113076,-7.194092797199361,2.8160493931016934
Random840
Raw:-7.188674075784878,4.067624007429787,-3.2173235898462704,-15.60818889014022,22.181034728074096,-2.3224262907812463,-7.751351722429444,2.0147202056113085,-7.194092797199366,2.816049393101697
EFT:-7.188674075784877,4.067624007429783,-3.2173235898462695,-15.608188890140214,22.18103472807409,-2.322426290781248,-7.75135172242944,2.014720205611307,-7.194092797199361,2.8160493931016934
Random841
Raw:-7.188674075784877,4.067624007429787,-3.2173235898462704,-15.608188890140214,22.181034728074085,-2.3224262907812476,-7.75135172242944,2.0147202056113076,-7.194092797199364,2.8160493931016943
EFT:-7.188674075784877,4.067624007429783,-3.2173235898462695,-15.608188890140214,22.18103472807409,-2.322426290781248,-7.75135172242944,2.0147202056113076,-7.194092797199361,2.8160493931016934
Random842
Raw:-7.188674075784876,4.067624007429781,-3.217323589846272,-15.608188890140216,22.18103472807409,-2.322426290781245,-7.751351722429436,2.014720205611306,-7.194092797199358,2.8160493931016926
EFT:-7.188674075784877,4.067624007429783,-3.2173235898462695,-15.608188890140214,22.18103472807409,-2.322426290781248,-7.75135172242944,2.0147202056113076,-7.194092797199361,2.8160493931016934
Random843
Raw:-7.188674075784874,4.0676240074297825,-3.217323589846269,-15.60818889014021,22.181034728074092,-2.3224262907812485,-7.751351722429444,2.014720205611308,-7.194092797199362,2.8160493931016934
EFT:-7.188674075784877,4.067624007429783,-3.2173235898462695,-15.608188890140214,22.18103472807409,-2.322426290781248,-7.75135172242944,2.014720205611307,-7.194092797199361,2.8160493931016934
Random844
Raw:-7.188674075784877,4.067624007429787,-3.2173235898462686,-15.608188890140214,22.181034728074096,-2.3224262907812494,-7.751351722429442,2.014720205611312,-7.194092797199366,2.816049393101695
EFT:-7.188674075784877,4.067624007429783,-3.2173235898462695,-15.608188890140214,22.18103472807409,-2.322426290781248,-7.75135172242944,2.0147202056113076,-7.194092797199361,2.8160493931016934
Random845
Raw:-7.188674075784877,4.067624007429783,-3.217323589846269,-15.60818889014021,22.181034728074092,-2.322426290781249,-7.751351722429441,2.01472020561131,-7.19409279719936,2.816049393101694
EFT:-7.188674075784877,4.067624007429783,-3.21732358984627,-15.608188890140214,22.18103472807409,-2.322426290781248,-7.75135172242944,2.014720205611307,-7.194092797199361,2.8160493931016934
Random846
Raw:-7.188674075784875,4.067624007429781,-3.217323589846271,-15.608188890140209,22.181034728074092,-2.3224262907812485,-7.751351722429443,2.0147202056113076,-7.194092797199359,2.8160493931016943
EFT:-7.188674075784877,4.067624007429783,-3.2173235898462695,-15.608188890140214,22.18103472807409,-2.322426290781248,-7.75135172242944,2.0147202056113076,-7.194092797199361,2.8160493931016934
Random847
Raw:-7.188674075784874,4.067624007429786,-3.217323589846266,-15.608188890140214,22.181034728074092,-2.322426290781253,-7.7513517224294475,2.0147202056113107,-7.194092797199364,2.816049393101695
EFT:-7.188674075784877,4.067624007429783,-3.2173235898462695,-15.608188890140214,22.18103472807409,-2.322426290781248,-7.75135172242944,2.014720205611307,-7.194092797199361,2.8160493931016934
Random848
Raw:-7.188674075784879,4.067624007429781,-3.2173235898462695,-15.608188890140209,22.181034728074092,-2.3224262907812463,-7.751351722429447,2.014720205611306,-7.194092797199363,2.8160493931016966
EFT:-7.188674075784877,4.067624007429783,-3.2173235898462695,-15.608188890140214,22.18103472807409,-2.322426290781248,-7.75135172242944,2.0147202056113076,-7.194092797199361,2.8160493931016934
Random849
Raw:-7.188674075784881,4.0676240074297825,-3.2173235898462713,-15.60818889014021,22.18103472807409,-2.3224262907812423,-7.7513517224294395,2.0147202056113036,-7.194092797199366,2.8160493931016943
EFT:-7.188674075784877,4.067624007429783,-3.2173235898462695,-15.608188890140214,22.18103472807409,-2.322426290781248,-7.75135172242944,2.0147202056113076,-7.194092797199361,2.8160493931016934
Random850
Raw:-7.188674075784874,4.0676240074297825,-3.217323589846274,-15.608188890140216,22.18103472807409,-2.322426290781245,-7.751351722429447,2.0147202056113076,-7.194092797199363,2.816049393101694
EFT:-7.188674075784877,4.067624007429783,-3.217323589846269,-15.608188890140214,22.18103472807409,-2.322426290781248,-7.7513517224294395,2.0147202056113076,-7.194092797199361,2.8160493931016934
Random851
Raw:-7.188674075784877,4.067624007429786,-3.2173235898462695,-15.608188890140214,22.181034728074092,-2.3224262907812485,-7.751351722429443,2.0147202056113076,-7.194092797199363,2.8160493931016966
EFT:-7.188674075784877,4.067624007429783,-3.21732358984627,-15.608188890140214,22.18103472807409,-2.322426290781248,-7.75135172242944,2.014720205611307,-7.194092797199361,2.8160493931016934
Random852
Raw:-7.188674075784877,4.067624007429782,-3.2173235898462673,-15.608188890140212,22.18103472807409,-2.3224262907812485,-7.75135172242944,2.014720205611308,-7.194092797199359,2.816049393101696
EFT:-7.188674075784877,4.067624007429783,-3.2173235898462695,-15.608188890140214,22.18103472807409,-2.322426290781248,-7.75135172242944,2.0147202056113076,-7.194092797199361,2.8160493931016934
Random853
Raw:-7.188674075784878,4.067624007429787,-3.2173235898462695,-15.608188890140218,22.181034728074092,-2.32242629078125,-7.7513517224294395,2.014720205611312,-7.194092797199365,2.8160493931016943
EFT:-7.188674075784877,4.067624007429783,-3.2173235898462695,-15.608188890140214,22.18103472807409,-2.322426290781248,-7.75135172242944,2.0147202056113076,-7.194092797199361,2.8160493931016934
Random854
Raw:-7.188674075784876,4.067624007429781,-3.217323589846272,-15.608188890140216,22.181034728074096,-2.322426290781246,-7.751351722429437,2.0147202056113045,-7.19409279719936,2.8160493931016926
EFT:-7.188674075784877,4.067624007429783,-3.2173235898462695,-15.608188890140214,22.18103472807409,-2.322426290781248,-7.75135172242944,2.014720205611307,-7.194092797199361,2.8160493931016934
Random855
Raw:-7.188674075784875,4.067624007429783,-3.2173235898462695,-15.608188890140214,22.1810347280741,-2.3224262907812476,-7.75135172242944,2.0147202056113067,-7.194092797199362,2.816049393101695
EFT:-7.188674075784877,4.067624007429783,-3.2173235898462695,-15.608188890140214,22.18103472807409,-2.322426290781248,-7.75135172242944,2.014720205611307,-7.194092797199361,2.8160493931016934
Random856
Raw:-7.188674075784876,4.0676240074297825,-3.2173235898462704,-15.608188890140209,22.181034728074092,-2.3224262907812463,-7.751351722429443,2.014720205611307,-7.19409279719936,2.816049393101693
EFT:-7.188674075784877,4.067624007429783,-3.2173235898462695,-15.608188890140214,22.18103472807409,-2.322426290781248,-7.75135172242944,2.0147202056113076,-7.194092797199361,2.8160493931016934
Random857
Raw:-7.18867407578488,4.067624007429786,-3.217323589846268,-15.608188890140214,22.1810347280741,-2.322426290781247,-7.751351722429442,2.0147202056113094,-7.194092797199363,2.8160493931016917
EFT:-7.188674075784877,4.067624007429783,-3.2173235898462695,-15.608188890140214,22.18103472807409,-2.322426290781248,-7.75135172242944,2.014720205611307,-7.194092797199361,2.8160493931016934
Random858
Raw:-7.188674075784878,4.067624007429785,-3.217323589846268,-15.60818889014022,22.181034728074096,-2.3224262907812463,-7.751351722429441,2.0147202056113103,-7.194092797199364,2.8160493931016943
EFT:-7.188674075784877,4.067624007429783,-3.2173235898462695,-15.608188890140214,22.18103472807409,-2.322426290781248,-7.75135172242944,2.014720205611307,-7.194092797199361,2.8160493931016934
Random859
Raw:-7.188674075784877,4.067624007429783,-3.217323589846268,-15.608188890140216,22.181034728074092,-2.3224262907812485,-7.751351722429441,2.0147202056113094,-7.19409279719936,2.816049393101693
EFT:-7.188674075784877,4.067624007429783,-3.2173235898462695,-15.608188890140214,22.18103472807409,-2.322426290781248,-7.75135172242944,2.0147202056113076,-7.194092797199361,2.8160493931016934
Random860
Raw:-7.188674075784874,4.067624007429783,-3.21732358984627,-15.60818889014021,22.181034728074092,-2.3224262907812485,-7.751351722429443,2.0147202056113076,-7.19409279719936,2.8160493931016948
EFT:-7.188674075784877,4.067624007429783,-3.2173235898462695,-15.608188890140214,22.18103472807409,-2.322426290781248,-7.75135172242944,2.0147202056113076,-7.194092797199361,2.8160493931016934
Random861
Raw:-7.188674075784872,4.067624007429788,-3.2173235898462686,-15.608188890140212,22.181034728074092,-2.3224262907812485,-7.751351722429441,2.014720205611307,-7.194092797199363,2.8160493931016948
EFT:-7.188674075784877,4.067624007429783,-3.21732358984627,-15.608188890140214,22.18103472807409,-2.322426290781248,-7.75135172242944,2.014720205611307,-7.194092797199361,2.8160493931016934
Random862
Raw:-7.188674075784877,4.067624007429781,-3.2173235898462695,-15.608188890140214,22.181034728074092,-2.322426290781246,-7.751351722429442,2.0147202056113067,-7.194092797199361,2.816049393101695
EFT:-7.188674075784877,4.067624007429783,-3.2173235898462695,-15.608188890140214,22.18103472807409,-2.322426290781248,-7.75135172242944,2.0147202056113076,-7.194092797199361,2.8160493931016934
Random863
Raw:-7.188674075784879,4.067624007429784,-3.217323589846268,-15.608188890140207,22.181034728074092,-2.3224262907812503,-7.751351722429442,2.0147202056113103,-7.194092797199364,2.8160493931016957
EFT:-7.188674075784877,4.067624007429783,-3.2173235898462695,-15.608188890140214,22.18103472807409,-2.322426290781248,-7.75135172242944,2.014720205611307,-7.194092797199361,2.8160493931016934
Random864
Raw:-7.188674075784875,4.067624007429786,-3.2173235898462686,-15.608188890140212,22.181034728074092,-2.3224262907812476,-7.751351722429441,2.014720205611307,-7.1940927971993585,2.816049393101695
EFT:-7.188674075784877,4.067624007429783,-3.2173235898462695,-15.608188890140214,22.18103472807409,-2.322426290781248,-7.75135172242944,2.0147202056113076,-7.194092797199361,2.8160493931016934
Random865
Raw:-7.188674075784876,4.067624007429784,-3.2173235898462655,-15.608188890140214,22.181034728074092,-2.32242629078125,-7.751351722429441,2.014720205611308,-7.194092797199363,2.816049393101696
EFT:-7.188674075784877,4.067624007429783,-3.2173235898462695,-15.608188890140214,22.18103472807409,-2.322426290781248,-7.75135172242944,2.014720205611307,-7.194092797199361,2.8160493931016934
Random866
Raw:-7.188674075784876,4.067624007429784,-3.217323589846269,-15.608188890140214,22.181034728074096,-2.322426290781245,-7.751351722429443,2.0147202056113085,-7.194092797199361,2.8160493931016943
EFT:-7.188674075784877,4.067624007429783,-3.2173235898462695,-15.608188890140214,22.18103472807409,-2.322426290781248,-7.75135172242944,2.014720205611307,-7.194092797199361,2.8160493931016934
Random867
Raw:-7.188674075784873,4.067624007429782,-3.2173235898462686,-15.60818889014021,22.18103472807409,-2.3224262907812494,-7.7513517224294395,2.0147202056113085,-7.194092797199361,2.816049393101694
EFT:-7.188674075784877,4.067624007429783,-3.217323589846269,-15.608188890140214,22.18103472807409,-2.322426290781248,-7.7513517224294395,2.0147202056113076,-7.194092797199361,2.8160493931016934
Random868
Raw:-7.188674075784874,4.067624007429784,-3.2173235898462695,-15.60818889014021,22.18103472807409,-2.3224262907812485,-7.7513517224294395,2.0147202056113067,-7.194092797199359,2.816049393101695
EFT:-7.188674075784877,4.067624007429783,-3.21732358984627,-15.608188890140214,22.18103472807409,-2.322426290781248,-7.75135172242944,2.014720205611307,-7.194092797199361,2.8160493931016934
Random869
Raw:-7.188674075784875,4.0676240074297825,-3.21732358984627,-15.608188890140209,22.18103472807409,-2.3224262907812485,-7.751351722429443,2.014720205611306,-7.194092797199362,2.8160493931016943
EFT:-7.188674075784877,4.067624007429783,-3.217323589846269,-15.608188890140214,22.18103472807409,-2.322426290781248,-7.7513517224294395,2.0147202056113076,-7.194092797199361,2.8160493931016934
Random870
Raw:-7.1886740757848795,4.067624007429781,-3.217323589846268,-15.60818889014021,22.18103472807409,-2.3224262907812485,-7.751351722429445,2.014720205611309,-7.194092797199364,2.816049393101697
EFT:-7.188674075784877,4.067624007429783,-3.2173235898462695,-15.608188890140214,22.18103472807409,-2.322426290781248,-7.75135172242944,2.0147202056113076,-7.194092797199361,2.8160493931016934
Random871
Raw:-7.188674075784878,4.067624007429782,-3.2173235898462726,-15.608188890140205,22.18103472807409,-2.3224262907812467,-7.751351722429441,2.0147202056113076,-7.19409279719936,2.8160493931016948
EFT:-7.188674075784877,4.067624007429783,-3.2173235898462695,-15.608188890140214,22.18103472807409,-2.322426290781248,-7.75135172242944,2.014720205611307,-7.194092797199361,2.8160493931016934
Random872
Raw:-7.188674075784876,4.067624007429783,-3.2173235898462704,-15.608188890140214,22.18103472807409,-2.3224262907812414,-7.751351722429437,2.014720205611303,-7.194092797199359,2.8160493931016912
EFT:-7.188674075784877,4.067624007429783,-3.2173235898462695,-15.608188890140214,22.18103472807409,-2.322426290781248,-7.75135172242944,2.0147202056113076,-7.194092797199361,2.8160493931016934
Random873
Raw:-7.188674075784877,4.067624007429787,-3.2173235898462718,-15.608188890140218,22.181034728074096,-2.3224262907812445,-7.751351722429448,2.0147202056113094,-7.194092797199361,2.8160493931017028
EFT:-7.188674075784877,4.067624007429783,-3.2173235898462695,-15.608188890140214,22.18103472807409,-2.322426290781248,-7.75135172242944,2.0147202056113076,-7.194092797199361,2.8160493931016934
Random874
Raw:-7.188674075784877,4.067624007429786,-3.2173235898462713,-15.608188890140218,22.181034728074092,-2.3224262907812454,-7.75135172242944,2.0147202056113067,-7.194092797199362,2.816049393101691
EFT:-7.188674075784877,4.067624007429783,-3.21732358984627,-15.608188890140214,22.18103472807409,-2.322426290781248,-7.75135172242944,2.0147202056113076,-7.194092797199361,2.8160493931016934
Random875
Raw:-7.188674075784874,4.06762400742978,-3.2173235898462726,-15.60818889014021,22.181034728074092,-2.322426290781245,-7.751351722429441,2.0147202056113027,-7.194092797199361,2.816049393101696
EFT:-7.188674075784877,4.067624007429783,-3.2173235898462695,-15.608188890140214,22.18103472807409,-2.322426290781248,-7.75135172242944,2.0147202056113076,-7.194092797199361,2.8160493931016934
Random876
Raw:-7.188674075784873,4.067624007429787,-3.2173235898462686,-15.60818889014022,22.18103472807409,-2.322426290781245,-7.751351722429443,2.014720205611311,-7.194092797199366,2.816049393101693
EFT:-7.188674075784877,4.067624007429783,-3.21732358984627,-15.608188890140214,22.18103472807409,-2.322426290781248,-7.75135172242944,2.0147202056113076,-7.194092797199361,2.8160493931016934
Random877
Raw:-7.188674075784879,4.067624007429783,-3.2173235898462713,-15.608188890140214,22.1810347280741,-2.322426290781244,-7.751351722429445,2.0147202056113054,-7.19409279719936,2.816049393101696
EFT:-7.188674075784877,4.067624007429783,-3.2173235898462695,-15.608188890140214,22.18103472807409,-2.322426290781248,-7.75135172242944,2.0147202056113076,-7.194092797199361,2.8160493931016934
Random878
Raw:-7.188674075784879,4.067624007429784,-3.2173235898462726,-15.60818889014021,22.181034728074096,-2.322426290781245,-7.751351722429443,2.0147202056113063,-7.194092797199364,2.8160493931016948
EFT:-7.188674075784877,4.067624007429783,-3.21732358984627,-15.608188890140214,22.18103472807409,-2.322426290781248,-7.75135172242944,2.0147202056113076,-7.194092797199361,2.8160493931016934
Random879
Raw:-7.188674075784875,4.067624007429787,-3.2173235898462718,-15.608188890140214,22.18103472807408,-2.322426290781246,-7.751351722429442,2.0147202056113094,-7.194092797199362,2.8160493931016957
EFT:-7.188674075784877,4.067624007429783,-3.2173235898462695,-15.608188890140214,22.18103472807409,-2.322426290781248,-7.75135172242944,2.0147202056113076,-7.194092797199361,2.8160493931016934
Random880
Raw:-7.188674075784877,4.067624007429784,-3.217323589846269,-15.60818889014021,22.18103472807409,-2.322426290781247,-7.7513517224294395,2.014720205611309,-7.194092797199363,2.8160493931016943
EFT:-7.188674075784877,4.067624007429783,-3.2173235898462695,-15.608188890140214,22.18103472807409,-2.322426290781248,-7.75135172242944,2.014720205611307,-7.194092797199361,2.8160493931016934
Random881
Raw:-7.188674075784876,4.067624007429782,-3.217323589846271,-15.608188890140214,22.18103472807409,-2.322426290781244,-7.751351722429441,2.0147202056113094,-7.194092797199363,2.8160493931016926
EFT:-7.188674075784877,4.067624007429783,-3.2173235898462695,-15.608188890140214,22.18103472807409,-2.322426290781248,-7.75135172242944,2.0147202056113076,-7.194092797199361,2.8160493931016934
Random882
Raw:-7.188674075784876,4.067624007429783,-3.2173235898462718,-15.608188890140214,22.181034728074092,-2.3224262907812476,-7.751351722429443,2.014720205611307,-7.1940927971993665,2.816049393101693
EFT:-7.188674075784877,4.067624007429783,-3.2173235898462695,-15.608188890140214,22.18103472807409,-2.322426290781248,-7.7513517224294395,2.0147202056113076,-7.194092797199361,2.8160493931016934
Random883
Raw:-7.188674075784877,4.067624007429782,-3.2173235898462678,-15.60818889014021,22.181034728074096,-2.322426290781251,-7.751351722429446,2.0147202056113076,-7.194092797199363,2.816049393101698
EFT:-7.188674075784877,4.067624007429783,-3.2173235898462695,-15.608188890140214,22.18103472807409,-2.322426290781248,-7.75135172242944,2.0147202056113076,-7.194092797199361,2.8160493931016934
Random884
Raw:-7.188674075784877,4.067624007429783,-3.2173235898462695,-15.608188890140212,22.18103472807409,-2.3224262907812454,-7.751351722429443,2.0147202056113085,-7.194092797199362,2.8160493931016966
EFT:-7.188674075784877,4.067624007429783,-3.2173235898462695,-15.608188890140214,22.18103472807409,-2.322426290781248,-7.75135172242944,2.014720205611307,-7.194092797199361,2.8160493931016934
Random885
Raw:-7.1886740757848795,4.067624007429786,-3.21732358984627,-15.608188890140218,22.1810347280741,-2.3224262907812485,-7.751351722429443,2.0147202056113094,-7.1940927971993665,2.8160493931016948
EFT:-7.188674075784877,4.067624007429783,-3.2173235898462695,-15.608188890140214,22.18103472807409,-2.322426290781248,-7.75135172242944,2.0147202056113076,-7.194092797199361,2.8160493931016934
Random886
Raw:-7.188674075784878,4.067624007429781,-3.2173235898462713,-15.608188890140214,22.181034728074092,-2.3224262907812445,-7.751351722429443,2.0147202056113067,-7.194092797199361,2.816049393101695
EFT:-7.188674075784877,4.067624007429783,-3.21732358984627,-15.608188890140214,22.18103472807409,-2.322426290781248,-7.75135172242944,2.014720205611307,-7.194092797199361,2.8160493931016934
Random887
Raw:-7.188674075784876,4.067624007429785,-3.2173235898462704,-15.608188890140214,22.181034728074096,-2.3224262907812467,-7.751351722429444,2.014720205611313,-7.194092797199364,2.8160493931016926
EFT:-7.188674075784877,4.067624007429783,-3.2173235898462695,-15.608188890140214,22.18103472807409,-2.322426290781248,-7.75135172242944,2.0147202056113076,-7.194092797199361,2.8160493931016934
Random888
Raw:-7.188674075784881,4.067624007429784,-3.21732358984627,-15.608188890140218,22.181034728074085,-2.322426290781247,-7.751351722429442,2.0147202056113103,-7.194092797199362,2.816049393101696
EFT:-7.188674075784877,4.067624007429783,-3.217323589846269,-15.608188890140214,22.18103472807409,-2.322426290781248,-7.7513517224294395,2.0147202056113076,-7.194092797199361,2.8160493931016934
Random889
Raw:-7.188674075784877,4.067624007429785,-3.217323589846268,-15.608188890140212,22.18103472807409,-2.3224262907812476,-7.751351722429444,2.0147202056113116,-7.1940927971993665,2.816049393101697
EFT:-7.188674075784877,4.067624007429783,-3.21732358984627,-15.608188890140214,22.18103472807409,-2.322426290781248,-7.75135172242944,2.0147202056113076,-7.194092797199361,2.8160493931016934
Random890
Raw:-7.188674075784876,4.067624007429784,-3.2173235898462686,-15.608188890140207,22.181034728074096,-2.3224262907812485,-7.751351722429442,2.014720205611307,-7.1940927971993585,2.816049393101695
EFT:-7.188674075784877,4.067624007429783,-3.2173235898462695,-15.608188890140214,22.18103472807409,-2.322426290781248,-7.75135172242944,2.0147202056113076,-7.194092797199361,2.8160493931016934
Random891
Raw:-7.188674075784877,4.067624007429781,-3.2173235898462678,-15.608188890140209,22.18103472807409,-2.322426290781249,-7.7513517224294395,2.0147202056113094,-7.1940927971993585,2.8160493931016934
EFT:-7.188674075784877,4.067624007429783,-3.2173235898462695,-15.608188890140214,22.18103472807409,-2.322426290781248,-7.75135172242944,2.0147202056113076,-7.194092797199361,2.8160493931016934
Random892
Raw:-7.188674075784874,4.067624007429784,-3.2173235898462673,-15.608188890140216,22.181034728074092,-2.322426290781247,-7.751351722429442,2.0147202056113067,-7.194092797199361,2.816049393101698
EFT:-7.188674075784877,4.067624007429783,-3.2173235898462695,-15.608188890140214,22.18103472807409,-2.322426290781248,-7.75135172242944,2.0147202056113076,-7.194092797199361,2.8160493931016934
Random893
Raw:-7.188674075784878,4.067624007429784,-3.2173235898462695,-15.608188890140214,22.18103472807409,-2.322426290781245,-7.751351722429442,2.0147202056113076,-7.194092797199363,2.816049393101695
EFT:-7.188674075784877,4.067624007429783,-3.21732358984627,-15.608188890140214,22.18103472807409,-2.322426290781248,-7.75135172242944,2.014720205611307,-7.194092797199361,2.8160493931016934
Random894
Raw:-7.188674075784878,4.067624007429782,-3.217323589846268,-15.60818889014021,22.18103472807409,-2.3224262907812454,-7.751351722429443,2.014720205611308,-7.194092797199363,2.8160493931016988
EFT:-7.188674075784877,4.067624007429783,-3.2173235898462695,-15.608188890140214,22.18103472807409,-2.322426290781248,-7.75135172242944,2.0147202056113076,-7.194092797199361,2.8160493931016934
Random895
Raw:-7.188674075784878,4.067624007429786,-3.2173235898462704,-15.608188890140216,22.181034728074096,-2.322426290781248,-7.7513517224294395,2.014720205611307,-7.194092797199362,2.8160493931016934
EFT:-7.188674075784877,4.067624007429783,-3.2173235898462695,-15.608188890140214,22.18103472807409,-2.322426290781248,-7.75135172242944,2.014720205611307,-7.194092797199361,2.8160493931016934
Random896
Raw:-7.188674075784879,4.067624007429785,-3.217323589846268,-15.608188890140216,22.181034728074096,-2.322426290781247,-7.751351722429445,2.0147202056113094,-7.194092797199364,2.816049393101698
EFT:-7.188674075784877,4.067624007429783,-3.21732358984627,-15.608188890140214,22.18103472807409,-2.322426290781248,-7.75135172242944,2.014720205611307,-7.194092797199361,2.8160493931016934
Random897
Raw:-7.188674075784877,4.067624007429785,-3.2173235898462678,-15.608188890140212,22.181034728074092,-2.322426290781246,-7.751351722429439,2.0147202056113036,-7.194092797199364,2.8160493931016903
EFT:-7.188674075784877,4.067624007429783,-3.21732358984627,-15.608188890140214,22.18103472807409,-2.322426290781248,-7.75135172242944,2.014720205611307,-7.194092797199361,2.8160493931016934
Random898
Raw:-7.188674075784876,4.067624007429785,-3.217323589846269,-15.608188890140214,22.181034728074096,-2.3224262907812485,-7.751351722429442,2.0147202056113085,-7.194092797199363,2.816049393101697
EFT:-7.188674075784877,4.067624007429783,-3.2173235898462695,-15.608188890140214,22.18103472807409,-2.322426290781248,-7.75135172242944,2.0147202056113076,-7.194092797199361,2.8160493931016934
Random899
Raw:-7.188674075784874,4.067624007429782,-3.217323589846266,-15.60818889014021,22.181034728074078,-2.322426290781248,-7.7513517224294395,2.0147202056113094,-7.19409279719936,2.8160493931016983
EFT:-7.188674075784877,4.067624007429783,-3.2173235898462695,-15.608188890140214,22.18103472807409,-2.322426290781248,-7.75135172242944,2.014720205611307,-7.194092797199361,2.8160493931016934
Random900
Raw:-7.188674075784877,4.067624007429784,-3.2173235898462686,-15.608188890140218,22.18103472807409,-2.322426290781248,-7.751351722429439,2.014720205611306,-7.194092797199361,2.8160493931016934
EFT:-7.188674075784877,4.067624007429783,-3.2173235898462695,-15.608188890140214,22.18103472807409,-2.322426290781248,-7.75135172242944,2.014720205611307,-7.194092797199361,2.8160493931016934
Random901
Raw:-7.188674075784877,4.0676240074297825,-3.2173235898462695,-15.608188890140212,22.181034728074092,-2.3224262907812476,-7.751351722429442,2.0147202056113067,-7.194092797199359,2.8160493931016966
EFT:-7.188674075784877,4.067624007429783,-3.217323589846269,-15.608188890140214,22.18103472807409,-2.322426290781248,-7.7513517224294395,2.0147202056113076,-7.194092797199361,2.8160493931016934
Random902
Raw:-7.188674075784875,4.067624007429785,-3.2173235898462695,-15.608188890140216,22.181034728074092,-2.3224262907812476,-7.75135172242944,2.0147202056113094,-7.194092797199367,2.8160493931016934
EFT:-7.188674075784877,4.067624007429783,-3.21732358984627,-15.608188890140214,22.18103472807409,-2.322426290781248,-7.75135172242944,2.014720205611307,-7.194092797199361,2.8160493931016934
Random903
Raw:-7.188674075784877,4.067624007429782,-3.2173235898462704,-15.608188890140212,22.181034728074092,-2.3224262907812454,-7.751351722429445,2.014720205611305,-7.194092797199362,2.8160493931016983
EFT:-7.188674075784877,4.067624007429783,-3.2173235898462695,-15.608188890140214,22.18103472807409,-2.322426290781248,-7.75135172242944,2.0147202056113076,-7.194092797199361,2.8160493931016934
Random904
Raw:-7.188674075784877,4.067624007429777,-3.217323589846268,-15.608188890140216,22.181034728074085,-2.322426290781247,-7.751351722429443,2.0147202056113036,-7.194092797199359,2.8160493931016948
EFT:-7.188674075784877,4.067624007429783,-3.2173235898462695,-15.608188890140214,22.18103472807409,-2.322426290781248,-7.75135172242944,2.0147202056113076,-7.194092797199361,2.8160493931016934
Random905
Raw:-7.188674075784874,4.06762400742978,-3.2173235898462704,-15.60818889014021,22.181034728074085,-2.322426290781248,-7.751351722429442,2.0147202056113063,-7.1940927971993585,2.8160493931016974
EFT:-7.188674075784877,4.067624007429783,-3.2173235898462695,-15.608188890140214,22.18103472807409,-2.322426290781248,-7.75135172242944,2.014720205611307,-7.194092797199361,2.8160493931016934
Random906
Raw:-7.188674075784876,4.067624007429783,-3.2173235898462695,-15.608188890140216,22.181034728074085,-2.3224262907812485,-7.751351722429445,2.0147202056113094,-7.19409279719936,2.8160493931016966
EFT:-7.188674075784877,4.067624007429783,-3.2173235898462695,-15.608188890140214,22.18103472807409,-2.322426290781248,-7.7513517224294395,2.0147202056113076,-7.194092797199361,2.8160493931016934
Random907
Raw:-7.188674075784877,4.067624007429784,-3.2173235898462686,-15.608188890140218,22.1810347280741,-2.322426290781249,-7.751351722429443,2.01472020561131,-7.194092797199364,2.816049393101695
EFT:-7.188674075784877,4.067624007429783,-3.2173235898462695,-15.608188890140214,22.18103472807409,-2.322426290781248,-7.75135172242944,2.014720205611307,-7.194092797199361,2.8160493931016934
Random908
Raw:-7.188674075784877,4.067624007429785,-3.2173235898462726,-15.608188890140209,22.18103472807409,-2.3224262907812467,-7.751351722429446,2.0147202056113076,-7.194092797199363,2.816049393101697
EFT:-7.188674075784877,4.067624007429783,-3.217323589846269,-15.608188890140214,22.18103472807409,-2.322426290781248,-7.7513517224294395,2.0147202056113076,-7.194092797199361,2.8160493931016934
Random909
Raw:-7.188674075784875,4.067624007429782,-3.217323589846268,-15.608188890140212,22.181034728074092,-2.3224262907812423,-7.751351722429441,2.0147202056113054,-7.19409279719936,2.8160493931016966
EFT:-7.188674075784877,4.067624007429783,-3.217323589846269,-15.608188890140214,22.18103472807409,-2.322426290781248,-7.7513517224294395,2.0147202056113076,-7.194092797199361,2.8160493931016934
Random910
Raw:-7.18867407578488,4.0676240074297825,-3.2173235898462704,-15.608188890140214,22.181034728074085,-2.3224262907812467,-7.75135172242944,2.0147202056113103,-7.194092797199359,2.816049393101694
EFT:-7.188674075784877,4.067624007429783,-3.2173235898462695,-15.608188890140214,22.18103472807409,-2.322426290781248,-7.7513517224294395,2.0147202056113076,-7.194092797199361,2.8160493931016934
Random911
Raw:-7.188674075784879,4.067624007429784,-3.2173235898462678,-15.608188890140218,22.181034728074092,-2.3224262907812454,-7.751351722429444,2.0147202056113094,-7.194092797199366,2.8160493931016983
EFT:-7.188674075784877,4.067624007429783,-3.2173235898462695,-15.608188890140214,22.18103472807409,-2.322426290781248,-7.7513517224294395,2.0147202056113076,-7.194092797199361,2.8160493931016934
Random912
Raw:-7.188674075784876,4.067624007429786,-3.2173235898462673,-15.608188890140214,22.181034728074092,-2.322426290781248,-7.751351722429442,2.014720205611309,-7.194092797199365,2.8160493931016926
EFT:-7.188674075784877,4.067624007429783,-3.2173235898462695,-15.608188890140214,22.18103472807409,-2.322426290781248,-7.75135172242944,2.0147202056113076,-7.194092797199361,2.8160493931016934
Random913
Raw:-7.188674075784878,4.067624007429781,-3.2173235898462686,-15.608188890140212,22.181034728074085,-2.322426290781246,-7.7513517224294395,2.0147202056113076,-7.194092797199362,2.8160493931016934
EFT:-7.188674075784877,4.067624007429783,-3.2173235898462695,-15.608188890140214,22.18103472807409,-2.322426290781248,-7.75135172242944,2.0147202056113076,-7.194092797199361,2.8160493931016934
Random914
Raw:-7.188674075784875,4.067624007429783,-3.2173235898462713,-15.608188890140218,22.18103472807409,-2.3224262907812467,-7.751351722429439,2.0147202056113067,-7.194092797199359,2.8160493931016917
EFT:-7.188674075784877,4.067624007429783,-3.2173235898462695,-15.608188890140214,22.18103472807409,-2.322426290781248,-7.75135172242944,2.0147202056113076,-7.194092797199361,2.8160493931016934
Random915
Raw:-7.188674075784875,4.067624007429784,-3.2173235898462718,-15.60818889014021,22.18103472807409,-2.322426290781245,-7.751351722429437,2.0147202056113094,-7.194092797199365,2.816049393101694
EFT:-7.188674075784877,4.067624007429783,-3.2173235898462695,-15.608188890140214,22.18103472807409,-2.322426290781248,-7.75135172242944,2.014720205611307,-7.194092797199361,2.8160493931016934
Random916
Raw:-7.188674075784873,4.067624007429786,-3.217323589846266,-15.60818889014021,22.1810347280741,-2.3224262907812494,-7.751351722429442,2.0147202056113085,-7.194092797199364,2.816049393101689
EFT:-7.188674075784877,4.067624007429783,-3.2173235898462695,-15.608188890140214,22.18103472807409,-2.322426290781248,-7.75135172242944,2.0147202056113076,-7.194092797199361,2.8160493931016934
Random917
Raw:-7.188674075784877,4.0676240074297825,-3.2173235898462695,-15.608188890140214,22.181034728074092,-2.3224262907812454,-7.75135172242944,2.0147202056113085,-7.194092797199366,2.816049393101691
EFT:-7.188674075784877,4.067624007429783,-3.2173235898462695,-15.608188890140214,22.18103472807409,-2.322426290781248,-7.75135172242944,2.0147202056113076,-7.194092797199361,2.8160493931016934
Random918
Raw:-7.188674075784874,4.067624007429779,-3.21732358984627,-15.60818889014021,22.181034728074092,-2.322426290781248,-7.751351722429444,2.0147202056113067,-7.194092797199361,2.8160493931016943
EFT:-7.188674075784877,4.067624007429783,-3.21732358984627,-15.608188890140214,22.18103472807409,-2.322426290781248,-7.75135172242944,2.0147202056113076,-7.194092797199361,2.8160493931016934
Random919
Raw:-7.188674075784874,4.067624007429784,-3.2173235898462686,-15.608188890140209,22.18103472807409,-2.322426290781246,-7.7513517224294395,2.0147202056113094,-7.194092797199361,2.8160493931016966
EFT:-7.188674075784877,4.067624007429783,-3.2173235898462695,-15.608188890140214,22.18103472807409,-2.322426290781248,-7.75135172242944,2.014720205611307,-7.194092797199361,2.8160493931016934
Random920
Raw:-7.188674075784874,4.067624007429784,-3.2173235898462695,-15.608188890140214,22.181034728074092,-2.322426290781249,-7.751351722429442,2.014720205611307,-7.19409279719936,2.8160493931016926
EFT:-7.188674075784877,4.067624007429783,-3.2173235898462695,-15.608188890140214,22.18103472807409,-2.322426290781248,-7.7513517224294395,2.0147202056113076,-7.194092797199361,2.8160493931016934
Random921
Raw:-7.188674075784876,4.067624007429785,-3.217323589846269,-15.608188890140218,22.181034728074092,-2.3224262907812476,-7.7513517224294395,2.0147202056113045,-7.19409279719936,2.8160493931016903
EFT:-7.188674075784877,4.067624007429783,-3.2173235898462695,-15.608188890140214,22.18103472807409,-2.322426290781248,-7.75135172242944,2.0147202056113076,-7.194092797199361,2.8160493931016934
Random922
Raw:-7.1886740757848795,4.067624007429784,-3.217323589846271,-15.608188890140214,22.181034728074092,-2.3224262907812463,-7.7513517224294395,2.01472020561131,-7.194092797199362,2.8160493931016934
EFT:-7.188674075784877,4.067624007429783,-3.2173235898462695,-15.608188890140214,22.18103472807409,-2.322426290781248,-7.75135172242944,2.0147202056113076,-7.194092797199361,2.8160493931016934
Random923
Raw:-7.1886740757848795,4.067624007429782,-3.21732358984627,-15.60818889014021,22.18103472807409,-2.3224262907812463,-7.7513517224294395,2.0147202056113063,-7.194092797199365,2.816049393101694
EFT:-7.188674075784877,4.067624007429783,-3.2173235898462695,-15.608188890140214,22.18103472807409,-2.322426290781248,-7.75135172242944,2.0147202056113076,-7.194092797199361,2.8160493931016934
Random924
Raw:-7.188674075784879,4.067624007429781,-3.2173235898462704,-15.60818889014021,22.18103472807409,-2.3224262907812445,-7.751351722429443,2.0147202056113085,-7.194092797199367,2.8160493931016943
EFT:-7.188674075784877,4.067624007429783,-3.217323589846269,-15.608188890140214,22.18103472807409,-2.322426290781248,-7.7513517224294395,2.0147202056113076,-7.194092797199361,2.8160493931016934
Random925
Raw:-7.188674075784875,4.067624007429787,-3.217323589846271,-15.608188890140216,22.18103472807409,-2.3224262907812467,-7.751351722429442,2.014720205611313,-7.19409279719936,2.8160493931016966
EFT:-7.188674075784877,4.067624007429783,-3.217323589846269,-15.608188890140214,22.18103472807409,-2.322426290781248,-7.7513517224294395,2.0147202056113076,-7.194092797199361,2.8160493931016934
Random926
Raw:-7.188674075784874,4.067624007429785,-3.2173235898462695,-15.608188890140218,22.18103472807409,-2.3224262907812516,-7.751351722429441,2.0147202056113076,-7.194092797199363,2.8160493931016966
EFT:-7.188674075784877,4.067624007429783,-3.2173235898462695,-15.608188890140214,22.18103472807409,-2.322426290781248,-7.7513517224294395,2.0147202056113076,-7.194092797199361,2.8160493931016934
Random927
Raw:-7.188674075784875,4.0676240074297825,-3.2173235898462695,-15.60818889014021,22.181034728074092,-2.3224262907812485,-7.751351722429441,2.0147202056113076,-7.1940927971993585,2.8160493931016926
EFT:-7.188674075784877,4.067624007429783,-3.21732358984627,-15.608188890140214,22.18103472807409,-2.322426290781248,-7.75135172242944,2.014720205611307,-7.194092797199361,2.8160493931016934
Random928
Raw:-7.18867407578488,4.0676240074297825,-3.2173235898462673,-15.608188890140214,22.181034728074092,-2.3224262907812476,-7.751351722429441,2.014720205611306,-7.19409279719936,2.8160493931016934
EFT:-7.188674075784877,4.067624007429783,-3.2173235898462695,-15.608188890140214,22.18103472807409,-2.322426290781248,-7.75135172242944,2.014720205611307,-7.194092797199361,2.8160493931016934
Random929
Raw:-7.188674075784877,4.067624007429785,-3.217323589846271,-15.608188890140209,22.181034728074096,-2.3224262907812463,-7.751351722429443,2.0147202056113094,-7.19409279719936,2.8160493931016926
EFT:-7.188674075784877,4.067624007429783,-3.217323589846269,-15.608188890140214,22.18103472807409,-2.322426290781248,-7.7513517224294395,2.0147202056113076,-7.194092797199361,2.8160493931016934
Random930
Raw:-7.1886740757848795,4.0676240074297825,-3.2173235898462686,-15.608188890140212,22.18103472807409,-2.3224262907812463,-7.751351722429447,2.0147202056113076,-7.1940927971993665,2.8160493931016988
EFT:-7.188674075784877,4.067624007429783,-3.2173235898462695,-15.608188890140214,22.18103472807409,-2.322426290781248,-7.7513517224294395,2.0147202056113076,-7.194092797199361,2.8160493931016934
Random931
Raw:-7.188674075784877,4.067624007429786,-3.2173235898462695,-15.608188890140218,22.181034728074092,-2.322426290781249,-7.751351722429441,2.014720205611312,-7.194092797199364,2.8160493931016926
EFT:-7.188674075784877,4.067624007429783,-3.2173235898462695,-15.608188890140214,22.18103472807409,-2.322426290781248,-7.75135172242944,2.0147202056113076,-7.194092797199361,2.8160493931016934
Random932
Raw:-7.188674075784874,4.067624007429783,-3.2173235898462704,-15.60818889014021,22.18103472807409,-2.322426290781247,-7.7513517224294395,2.014720205611308,-7.194092797199362,2.8160493931016948
EFT:-7.188674075784877,4.067624007429783,-3.217323589846269,-15.608188890140214,22.18103472807409,-2.322426290781248,-7.7513517224294395,2.0147202056113076,-7.194092797199361,2.8160493931016934
Random933
Raw:-7.188674075784874,4.067624007429783,-3.217323589846273,-15.608188890140214,22.181034728074085,-2.3224262907812454,-7.751351722429445,2.0147202056113094,-7.194092797199362,2.816049393101697
EFT:-7.188674075784877,4.067624007429783,-3.217323589846269,-15.608188890140214,22.18103472807409,-2.322426290781248,-7.7513517224294395,2.0147202056113076,-7.194092797199361,2.8160493931016934
Random934
Raw:-7.188674075784881,4.0676240074297825,-3.21732358984627,-15.60818889014021,22.181034728074092,-2.322426290781247,-7.7513517224294395,2.0147202056113094,-7.1940927971993665,2.816049393101696
EFT:-7.188674075784877,4.067624007429783,-3.21732358984627,-15.608188890140214,22.18103472807409,-2.322426290781248,-7.75135172242944,2.0147202056113076,-7.194092797199361,2.8160493931016934
Random935
Raw:-7.188674075784876,4.067624007429785,-3.2173235898462704,-15.608188890140214,22.181034728074092,-2.322426290781248,-7.75135172242944,2.014720205611308,-7.194092797199362,2.8160493931016943
EFT:-7.188674075784877,4.067624007429783,-3.21732358984627,-15.608188890140214,22.18103472807409,-2.322426290781248,-7.75135172242944,2.0147202056113076,-7.194092797199361,2.8160493931016934
Random936
Raw:-7.1886740757848795,4.067624007429783,-3.2173235898462686,-15.608188890140207,22.18103472807409,-2.322426290781245,-7.751351722429441,2.0147202056113067,-7.194092797199363,2.8160493931016966
EFT:-7.188674075784877,4.067624007429783,-3.2173235898462695,-15.608188890140214,22.18103472807409,-2.322426290781248,-7.75135172242944,2.0147202056113076,-7.194092797199361,2.8160493931016934
Random937
Raw:-7.188674075784877,4.0676240074297825,-3.21732358984627,-15.60818889014021,22.181034728074092,-2.3224262907812485,-7.751351722429441,2.0147202056113085,-7.19409279719936,2.816049393101695
EFT:-7.188674075784877,4.067624007429783,-3.2173235898462695,-15.608188890140214,22.18103472807409,-2.322426290781248,-7.75135172242944,2.0147202056113076,-7.194092797199361,2.8160493931016934
Random938
Raw:-7.188674075784878,4.067624007429785,-3.217323589846269,-15.60818889014021,22.181034728074092,-2.322426290781249,-7.751351722429445,2.0147202056113116,-7.194092797199364,2.816049393101696
EFT:-7.188674075784877,4.067624007429783,-3.2173235898462695,-15.608188890140214,22.18103472807409,-2.322426290781248,-7.75135172242944,2.0147202056113076,-7.194092797199361,2.8160493931016934
Random939
Raw:-7.188674075784876,4.067624007429779,-3.2173235898462704,-15.608188890140207,22.18103472807408,-2.3224262907812485,-7.751351722429439,2.0147202056113076,-7.19409279719936,2.8160493931016948
EFT:-7.188674075784877,4.067624007429783,-3.2173235898462695,-15.608188890140214,22.18103472807409,-2.322426290781248,-7.75135172242944,2.014720205611307,-7.194092797199361,2.8160493931016934
Random940
Raw:-7.188674075784876,4.067624007429786,-3.2173235898462695,-15.60818889014021,22.1810347280741,-2.322426290781248,-7.7513517224294395,2.0147202056113085,-7.194092797199362,2.816049393101693
EFT:-7.188674075784877,4.067624007429783,-3.2173235898462695,-15.608188890140214,22.18103472807409,-2.322426290781248,-7.75135172242944,2.014720205611307,-7.194092797199361,2.8160493931016934
Random941
Raw:-7.188674075784878,4.067624007429789,-3.217323589846273,-15.608188890140212,22.181034728074103,-2.3224262907812476,-7.751351722429441,2.0147202056113067,-7.19409279719936,2.8160493931016926
EFT:-7.188674075784877,4.067624007429783,-3.21732358984627,-15.608188890140214,22.18103472807409,-2.322426290781248,-7.75135172242944,2.014720205611307,-7.194092797199361,2.8160493931016934
Random942
Raw:-7.1886740757848795,4.067624007429784,-3.21732358984627,-15.608188890140212,22.181034728074085,-2.322426290781245,-7.751351722429441,2.0147202056113076,-7.194092797199364,2.8160493931016974
EFT:-7.188674075784877,4.067624007429783,-3.2173235898462695,-15.608188890140214,22.18103472807409,-2.322426290781248,-7.75135172242944,2.0147202056113076,-7.194092797199361,2.8160493931016934
Random943
Raw:-7.188674075784877,4.067624007429786,-3.217323589846268,-15.608188890140214,22.181034728074092,-2.322426290781247,-7.75135172242944,2.0147202056113094,-7.194092797199359,2.816049393101695
EFT:-7.188674075784877,4.067624007429783,-3.2173235898462695,-15.608188890140214,22.18103472807409,-2.322426290781248,-7.75135172242944,2.0147202056113076,-7.194092797199361,2.8160493931016934
Random944
Raw:-7.188674075784878,4.067624007429784,-3.2173235898462695,-15.608188890140218,22.181034728074092,-2.322426290781244,-7.751351722429439,2.014720205611308,-7.194092797199364,2.816049393101695
EFT:-7.188674075784877,4.067624007429783,-3.2173235898462695,-15.608188890140214,22.18103472807409,-2.322426290781248,-7.75135172242944,2.0147202056113076,-7.194092797199361,2.8160493931016934
Random945
Raw:-7.1886740757848715,4.067624007429785,-3.2173235898462695,-15.608188890140216,22.181034728074092,-2.3224262907812503,-7.75135172242944,2.01472020561131,-7.1940927971993585,2.816049393101688
EFT:-7.188674075784877,4.067624007429783,-3.2173235898462695,-15.608188890140214,22.18103472807409,-2.322426290781248,-7.7513517224294395,2.0147202056113076,-7.194092797199361,2.8160493931016934
Random946
Raw:-7.188674075784874,4.067624007429783,-3.2173235898462704,-15.608188890140212,22.18103472807409,-2.322426290781249,-7.751351722429443,2.01472020561131,-7.194092797199362,2.8160493931016943
EFT:-7.188674075784877,4.067624007429783,-3.2173235898462695,-15.608188890140214,22.18103472807409,-2.322426290781248,-7.75135172242944,2.0147202056113076,-7.194092797199361,2.8160493931016934
Random947
Raw:-7.188674075784875,4.067624007429783,-3.2173235898462726,-15.608188890140218,22.181034728074092,-2.3224262907812454,-7.75135172242944,2.014720205611305,-7.19409279719936,2.8160493931016943
EFT:-7.188674075784877,4.067624007429783,-3.217323589846269,-15.608188890140214,22.18103472807409,-2.322426290781248,-7.7513517224294395,2.0147202056113076,-7.194092797199361,2.8160493931016934
Random948
Raw:-7.188674075784873,4.067624007429782,-3.2173235898462664,-15.60818889014021,22.18103472807408,-2.3224262907812485,-7.751351722429443,2.0147202056113094,-7.194092797199359,2.8160493931016966
EFT:-7.188674075784877,4.067624007429783,-3.2173235898462695,-15.608188890140214,22.18103472807409,-2.322426290781248,-7.75135172242944,2.0147202056113076,-7.194092797199361,2.8160493931016934
Random949
Raw:-7.188674075784875,4.0676240074297825,-3.2173235898462686,-15.608188890140212,22.18103472807409,-2.322426290781247,-7.751351722429444,2.0147202056113085,-7.194092797199364,2.8160493931016988
EFT:-7.188674075784877,4.067624007429783,-3.2173235898462695,-15.608188890140214,22.18103472807409,-2.322426290781248,-7.75135172242944,2.0147202056113076,-7.194092797199361,2.8160493931016934
Random950
Raw:-7.188674075784872,4.067624007429785,-3.217323589846268,-15.60818889014022,22.18103472807409,-2.32242629078125,-7.751351722429442,2.0147202056113103,-7.19409279719936,2.8160493931016934
EFT:-7.188674075784877,4.067624007429783,-3.2173235898462695,-15.608188890140214,22.18103472807409,-2.322426290781248,-7.75135172242944,2.0147202056113076,-7.194092797199361,2.8160493931016934
Random951
Raw:-7.188674075784877,4.067624007429781,-3.217323589846265,-15.608188890140207,22.18103472807409,-2.3224262907812485,-7.751351722429441,2.0147202056113063,-7.194092797199362,2.8160493931016926
EFT:-7.188674075784877,4.067624007429783,-3.2173235898462695,-15.608188890140214,22.18103472807409,-2.322426290781248,-7.75135172242944,2.014720205611307,-7.194092797199361,2.8160493931016934
Random952
Raw:-7.188674075784873,4.067624007429785,-3.2173235898462686,-15.60818889014022,22.181034728074092,-2.3224262907812476,-7.751351722429439,2.014720205611307,-7.194092797199363,2.8160493931016934
EFT:-7.188674075784877,4.067624007429783,-3.2173235898462695,-15.608188890140214,22.18103472807409,-2.322426290781248,-7.75135172242944,2.0147202056113076,-7.194092797199361,2.8160493931016934
Random953
Raw:-7.188674075784872,4.06762400742978,-3.2173235898462678,-15.608188890140216,22.181034728074092,-2.322426290781247,-7.751351722429444,2.014720205611309,-7.194092797199363,2.816049393101694
EFT:-7.188674075784877,4.067624007429783,-3.2173235898462695,-15.608188890140214,22.18103472807409,-2.322426290781248,-7.75135172242944,2.014720205611307,-7.194092797199361,2.8160493931016934
Random954
Raw:-7.188674075784876,4.067624007429784,-3.217323589846271,-15.60818889014021,22.181034728074096,-2.322426290781248,-7.751351722429444,2.0147202056113103,-7.19409279719936,2.8160493931016943
EFT:-7.188674075784877,4.067624007429783,-3.217323589846269,-15.608188890140214,22.18103472807409,-2.322426290781248,-7.7513517224294395,2.0147202056113076,-7.194092797199361,2.8160493931016934
Random955
Raw:-7.188674075784875,4.067624007429783,-3.2173235898462718,-15.60818889014021,22.181034728074092,-2.3224262907812427,-7.751351722429444,2.014720205611308,-7.194092797199363,2.816049393101697
EFT:-7.188674075784877,4.067624007429783,-3.21732358984627,-15.608188890140214,22.18103472807409,-2.322426290781248,-7.75135172242944,2.0147202056113076,-7.194092797199361,2.8160493931016934
Random956
Raw:-7.1886740757848795,4.067624007429784,-3.217323589846267,-15.60818889014021,22.181034728074092,-2.3224262907812467,-7.751351722429445,2.014720205611308,-7.194092797199362,2.8160493931016948
EFT:-7.188674075784877,4.067624007429783,-3.21732358984627,-15.608188890140214,22.18103472807409,-2.322426290781248,-7.75135172242944,2.0147202056113076,-7.194092797199361,2.8160493931016934
Random957
Raw:-7.188674075784878,4.067624007429784,-3.2173235898462718,-15.608188890140218,22.181034728074096,-2.322426290781246,-7.751351722429444,2.0147202056113125,-7.194092797199363,2.816049393101697
EFT:-7.188674075784877,4.067624007429783,-3.2173235898462695,-15.608188890140214,22.18103472807409,-2.322426290781248,-7.75135172242944,2.0147202056113076,-7.194092797199361,2.8160493931016934
Random958
Raw:-7.188674075784877,4.067624007429786,-3.21732358984627,-15.608188890140212,22.181034728074085,-2.3224262907812467,-7.751351722429443,2.0147202056113094,-7.194092797199364,2.816049393101696
EFT:-7.188674075784877,4.067624007429783,-3.21732358984627,-15.608188890140214,22.18103472807409,-2.322426290781248,-7.75135172242944,2.014720205611307,-7.194092797199361,2.8160493931016934
Random959
Raw:-7.188674075784877,4.067624007429781,-3.21732358984627,-15.608188890140214,22.181034728074085,-2.3224262907812427,-7.7513517224294395,2.0147202056113067,-7.19409279719936,2.8160493931016917
EFT:-7.188674075784877,4.067624007429783,-3.2173235898462695,-15.608188890140214,22.18103472807409,-2.322426290781248,-7.75135172242944,2.014720205611307,-7.194092797199361,2.8160493931016934
Random960
Raw:-7.188674075784878,4.067624007429785,-3.2173235898462704,-15.60818889014021,22.181034728074096,-2.322426290781248,-7.751351722429439,2.0147202056113067,-7.19409279719936,2.816049393101694
EFT:-7.188674075784877,4.067624007429783,-3.2173235898462695,-15.608188890140214,22.18103472807409,-2.322426290781248,-7.75135172242944,2.014720205611307,-7.194092797199361,2.8160493931016934
Random961
Raw:-7.188674075784879,4.067624007429786,-3.2173235898462718,-15.608188890140212,22.181034728074092,-2.322426290781249,-7.75135172242944,2.014720205611309,-7.194092797199363,2.816049393101693
EFT:-7.188674075784877,4.067624007429783,-3.21732358984627,-15.608188890140214,22.18103472807409,-2.322426290781248,-7.75135172242944,2.0147202056113076,-7.194092797199361,2.8160493931016934
Random962
Raw:-7.188674075784876,4.067624007429782,-3.2173235898462673,-15.608188890140212,22.18103472807409,-2.322426290781248,-7.7513517224294395,2.0147202056113063,-7.19409279719936,2.816049393101696
EFT:-7.188674075784877,4.067624007429783,-3.2173235898462695,-15.608188890140214,22.18103472807409,-2.322426290781248,-7.75135172242944,2.0147202056113076,-7.194092797199361,2.8160493931016934
Random963
Raw:-7.188674075784878,4.067624007429784,-3.217323589846269,-15.60818889014021,22.181034728074092,-2.3224262907812467,-7.75135172242944,2.0147202056113085,-7.194092797199364,2.8160493931016957
EFT:-7.188674075784877,4.067624007429783,-3.2173235898462695,-15.608188890140214,22.18103472807409,-2.322426290781248,-7.75135172242944,2.0147202056113076,-7.194092797199361,2.8160493931016934
Random964
Raw:-7.188674075784877,4.067624007429783,-3.217323589846273,-15.608188890140212,22.181034728074092,-2.322426290781243,-7.751351722429443,2.0147202056113085,-7.19409279719936,2.816049393101695
EFT:-7.188674075784877,4.067624007429783,-3.2173235898462695,-15.608188890140214,22.18103472807409,-2.322426290781248,-7.75135172242944,2.0147202056113076,-7.194092797199361,2.8160493931016934
Random965
Raw:-7.188674075784877,4.067624007429784,-3.2173235898462686,-15.60818889014021,22.18103472807409,-2.322426290781248,-7.751351722429446,2.01472020561131,-7.194092797199364,2.816049393101693
EFT:-7.188674075784877,4.067624007429783,-3.21732358984627,-15.608188890140214,22.18103472807409,-2.322426290781248,-7.75135172242944,2.014720205611307,-7.194092797199361,2.8160493931016934
Random966
Raw:-7.188674075784876,4.067624007429786,-3.2173235898462713,-15.60818889014022,22.181034728074096,-2.322426290781246,-7.751351722429441,2.0147202056113067,-7.194092797199364,2.8160493931016912
EFT:-7.188674075784877,4.067624007429783,-3.2173235898462695,-15.608188890140214,22.18103472807409,-2.322426290781248,-7.75135172242944,2.0147202056113076,-7.194092797199361,2.8160493931016934
Random967
Raw:-7.188674075784874,4.067624007429782,-3.2173235898462686,-15.608188890140212,22.18103472807409,-2.322426290781248,-7.751351722429441,2.0147202056113116,-7.194092797199362,2.8160493931016943
EFT:-7.188674075784877,4.067624007429783,-3.21732358984627,-15.608188890140214,22.18103472807409,-2.322426290781248,-7.75135172242944,2.014720205611307,-7.194092797199361,2.8160493931016934
Random968
Raw:-7.188674075784878,4.067624007429782,-3.217323589846268,-15.60818889014021,22.181034728074096,-2.3224262907812476,-7.751351722429442,2.0147202056113094,-7.19409279719936,2.8160493931016948
EFT:-7.188674075784877,4.067624007429783,-3.2173235898462695,-15.608188890140214,22.18103472807409,-2.322426290781248,-7.75135172242944,2.0147202056113076,-7.194092797199361,2.8160493931016934
Random969
Raw:-7.188674075784877,4.067624007429786,-3.217323589846271,-15.608188890140218,22.181034728074092,-2.322426290781243,-7.751351722429439,2.014720205611304,-7.194092797199359,2.8160493931016912
EFT:-7.188674075784877,4.067624007429783,-3.21732358984627,-15.608188890140214,22.18103472807409,-2.322426290781248,-7.75135172242944,2.0147202056113076,-7.194092797199361,2.8160493931016934
Random970
Raw:-7.188674075784877,4.067624007429785,-3.2173235898462718,-15.60818889014021,22.181034728074085,-2.322426290781245,-7.751351722429443,2.014720205611304,-7.194092797199364,2.8160493931016917
EFT:-7.188674075784877,4.067624007429783,-3.2173235898462695,-15.608188890140214,22.18103472807409,-2.322426290781248,-7.75135172242944,2.0147202056113076,-7.194092797199361,2.8160493931016934
Random971
Raw:-7.188674075784873,4.067624007429782,-3.2173235898462695,-15.608188890140214,22.181034728074085,-2.3224262907812507,-7.751351722429446,2.0147202056113045,-7.194092797199361,2.816049393101695
EFT:-7.188674075784877,4.067624007429783,-3.2173235898462695,-15.608188890140214,22.18103472807409,-2.322426290781248,-7.75135172242944,2.014720205611307,-7.194092797199361,2.8160493931016934
Random972
Raw:-7.188674075784879,4.067624007429783,-3.2173235898462695,-15.608188890140214,22.181034728074092,-2.322426290781245,-7.751351722429442,2.014720205611306,-7.194092797199365,2.816049393101692
EFT:-7.188674075784877,4.067624007429783,-3.2173235898462695,-15.608188890140214,22.18103472807409,-2.322426290781248,-7.75135172242944,2.0147202056113076,-7.194092797199361,2.8160493931016934
Random973
Raw:-7.188674075784877,4.067624007429786,-3.217323589846271,-15.608188890140216,22.18103472807409,-2.322426290781246,-7.75135172242944,2.0147202056113085,-7.1940927971993585,2.8160493931016943
EFT:-7.188674075784877,4.067624007429783,-3.21732358984627,-15.608188890140214,22.18103472807409,-2.322426290781248,-7.75135172242944,2.014720205611307,-7.194092797199361,2.8160493931016934
Random974
Raw:-7.188674075784876,4.067624007429784,-3.2173235898462726,-15.608188890140212,22.18103472807409,-2.322426290781246,-7.751351722429446,2.014720205611306,-7.1940927971993585,2.8160493931016943
EFT:-7.188674075784877,4.067624007429783,-3.2173235898462695,-15.608188890140214,22.18103472807409,-2.322426290781248,-7.75135172242944,2.0147202056113076,-7.194092797199361,2.8160493931016934
Random975
Raw:-7.18867407578488,4.067624007429783,-3.2173235898462673,-15.608188890140212,22.181034728074085,-2.322426290781248,-7.751351722429442,2.014720205611309,-7.194092797199361,2.816049393101696
EFT:-7.188674075784877,4.067624007429783,-3.2173235898462695,-15.608188890140214,22.18103472807409,-2.322426290781248,-7.75135172242944,2.014720205611307,-7.194092797199361,2.8160493931016934
Random976
Raw:-7.188674075784877,4.067624007429784,-3.217323589846269,-15.60818889014021,22.181034728074085,-2.3224262907812463,-7.75135172242944,2.0147202056113094,-7.194092797199364,2.8160493931016943
EFT:-7.188674075784877,4.067624007429783,-3.2173235898462695,-15.608188890140214,22.18103472807409,-2.322426290781248,-7.75135172242944,2.0147202056113076,-7.194092797199361,2.8160493931016934
Random977
Raw:-7.188674075784874,4.067624007429784,-3.217323589846268,-15.608188890140214,22.18103472807409,-2.322426290781246,-7.751351722429436,2.0147202056113085,-7.194092797199361,2.816049393101693
EFT:-7.188674075784877,4.067624007429783,-3.2173235898462695,-15.608188890140214,22.18103472807409,-2.322426290781248,-7.75135172242944,2.0147202056113076,-7.194092797199361,2.8160493931016934
Random978
Raw:-7.188674075784876,4.0676240074297825,-3.217323589846269,-15.60818889014021,22.181034728074092,-2.322426290781246,-7.7513517224294475,2.0147202056113085,-7.194092797199363,2.816049393101698
EFT:-7.188674075784877,4.067624007429783,-3.2173235898462695,-15.608188890140214,22.18103472807409,-2.322426290781248,-7.75135172242944,2.0147202056113076,-7.194092797199361,2.8160493931016934
Random979
Raw:-7.1886740757848795,4.067624007429785,-3.21732358984627,-15.60818889014022,22.181034728074092,-2.322426290781248,-7.751351722429443,2.014720205611309,-7.194092797199363,2.8160493931016948
EFT:-7.188674075784877,4.067624007429783,-3.21732358984627,-15.608188890140214,22.18103472807409,-2.322426290781248,-7.75135172242944,2.0147202056113076,-7.194092797199361,2.8160493931016934
Random980
Raw:-7.188674075784876,4.0676240074297825,-3.2173235898462713,-15.60818889014021,22.181034728074092,-2.3224262907812467,-7.751351722429444,2.014720205611305,-7.19409279719936,2.816049393101696
EFT:-7.188674075784877,4.067624007429783,-3.2173235898462695,-15.608188890140214,22.18103472807409,-2.322426290781248,-7.75135172242944,2.0147202056113076,-7.194092797199361,2.8160493931016934
Random981
Raw:-7.188674075784877,4.067624007429783,-3.217323589846269,-15.608188890140216,22.18103472807409,-2.322426290781247,-7.751351722429441,2.014720205611308,-7.19409279719936,2.816049393101697
EFT:-7.188674075784877,4.067624007429783,-3.2173235898462695,-15.608188890140214,22.18103472807409,-2.322426290781248,-7.75135172242944,2.0147202056113076,-7.194092797199361,2.8160493931016934
Random982
Raw:-7.188674075784877,4.067624007429786,-3.2173235898462713,-15.608188890140214,22.18103472807409,-2.3224262907812467,-7.7513517224294395,2.0147202056113094,-7.194092797199361,2.8160493931016957
EFT:-7.188674075784877,4.067624007429783,-3.2173235898462695,-15.608188890140214,22.18103472807409,-2.322426290781248,-7.75135172242944,2.014720205611307,-7.194092797199361,2.8160493931016934
Random983
Raw:-7.188674075784874,4.067624007429783,-3.217323589846268,-15.608188890140218,22.181034728074092,-2.322426290781247,-7.751351722429441,2.0147202056113067,-7.1940927971993585,2.816049393101695
EFT:-7.188674075784877,4.067624007429783,-3.217323589846269,-15.608188890140214,22.18103472807409,-2.322426290781248,-7.7513517224294395,2.0147202056113076,-7.194092797199361,2.8160493931016934
Random984
Raw:-7.188674075784876,4.067624007429787,-3.217323589846269,-15.608188890140218,22.18103472807409,-2.3224262907812467,-7.751351722429444,2.014720205611311,-7.194092797199362,2.8160493931016957
EFT:-7.188674075784877,4.067624007429783,-3.2173235898462695,-15.608188890140214,22.18103472807409,-2.322426290781248,-7.75135172242944,2.014720205611307,-7.194092797199361,2.8160493931016934
Random985
Raw:-7.188674075784879,4.067624007429785,-3.2173235898462704,-15.608188890140212,22.181034728074092,-2.3224262907812476,-7.751351722429442,2.0147202056113085,-7.194092797199364,2.8160493931016926
EFT:-7.188674075784877,4.067624007429783,-3.2173235898462695,-15.608188890140214,22.18103472807409,-2.322426290781248,-7.75135172242944,2.0147202056113076,-7.194092797199361,2.8160493931016934
Random986
Raw:-7.188674075784878,4.067624007429785,-3.21732358984627,-15.608188890140212,22.181034728074092,-2.322426290781247,-7.7513517224294395,2.01472020561131,-7.1940927971993585,2.8160493931016903
EFT:-7.188674075784877,4.067624007429783,-3.2173235898462695,-15.608188890140214,22.18103472807409,-2.322426290781248,-7.75135172242944,2.014720205611307,-7.194092797199361,2.8160493931016934
Random987
Raw:-7.18867407578488,4.067624007429786,-3.217323589846271,-15.608188890140214,22.18103472807409,-2.3224262907812485,-7.751351722429444,2.01472020561131,-7.194092797199362,2.8160493931016943
EFT:-7.188674075784877,4.067624007429783,-3.2173235898462695,-15.608188890140214,22.18103472807409,-2.322426290781248,-7.75135172242944,2.0147202056113076,-7.194092797199361,2.8160493931016934
Random988
Raw:-7.1886740757848795,4.067624007429784,-3.2173235898462713,-15.608188890140212,22.181034728074096,-2.3224262907812476,-7.751351722429444,2.014720205611311,-7.194092797199364,2.816049393101695
EFT:-7.188674075784877,4.067624007429783,-3.2173235898462695,-15.608188890140214,22.18103472807409,-2.322426290781248,-7.75135172242944,2.0147202056113076,-7.194092797199361,2.8160493931016934
Random989
Raw:-7.188674075784873,4.0676240074297825,-3.2173235898462713,-15.60818889014021,22.181034728074092,-2.3224262907812503,-7.751351722429438,2.0147202056113076,-7.19409279719936,2.8160493931016943
EFT:-7.188674075784877,4.067624007429783,-3.2173235898462695,-15.608188890140214,22.18103472807409,-2.322426290781248,-7.75135172242944,2.0147202056113076,-7.194092797199361,2.8160493931016934
Random990
Raw:-7.188674075784877,4.067624007429785,-3.217323589846271,-15.608188890140216,22.181034728074096,-2.3224262907812467,-7.751351722429441,2.014720205611307,-7.194092797199362,2.8160493931016943
EFT:-7.188674075784877,4.067624007429783,-3.2173235898462695,-15.608188890140214,22.18103472807409,-2.322426290781248,-7.75135172242944,2.0147202056113076,-7.194092797199361,2.8160493931016934
Random991
Raw:-7.188674075784879,4.067624007429788,-3.2173235898462686,-15.608188890140218,22.181034728074103,-2.322426290781245,-7.751351722429446,2.0147202056113134,-7.194092797199364,2.8160493931016957
EFT:-7.188674075784877,4.067624007429783,-3.2173235898462695,-15.608188890140214,22.18103472807409,-2.322426290781248,-7.75135172242944,2.0147202056113076,-7.194092797199361,2.8160493931016934
Random992
Raw:-7.188674075784874,4.067624007429787,-3.2173235898462686,-15.608188890140214,22.18103472807409,-2.322426290781251,-7.751351722429443,2.01472020561131,-7.194092797199365,2.8160493931016917
EFT:-7.188674075784877,4.067624007429783,-3.2173235898462695,-15.608188890140214,22.18103472807409,-2.322426290781248,-7.75135172242944,2.0147202056113076,-7.194092797199361,2.8160493931016934
Random993
Raw:-7.188674075784878,4.0676240074297825,-3.217323589846268,-15.608188890140212,22.181034728074092,-2.322426290781247,-7.75135172242944,2.0147202056113094,-7.194092797199363,2.816049393101695
EFT:-7.188674075784877,4.067624007429783,-3.2173235898462695,-15.608188890140214,22.18103472807409,-2.322426290781248,-7.75135172242944,2.0147202056113076,-7.194092797199361,2.8160493931016934
Random994
Raw:-7.188674075784877,4.067624007429782,-3.217323589846269,-15.608188890140209,22.18103472807409,-2.3224262907812485,-7.751351722429442,2.0147202056113094,-7.194092797199364,2.816049393101698
EFT:-7.188674075784877,4.067624007429783,-3.2173235898462695,-15.608188890140214,22.18103472807409,-2.322426290781248,-7.75135172242944,2.0147202056113076,-7.194092797199361,2.8160493931016934
Random995
Raw:-7.18867407578488,4.067624007429785,-3.217323589846266,-15.60818889014021,22.181034728074096,-2.322426290781247,-7.751351722429444,2.0147202056113067,-7.194092797199363,2.816049393101693
EFT:-7.188674075784877,4.067624007429783,-3.21732358984627,-15.608188890140214,22.18103472807409,-2.322426290781248,-7.75135172242944,2.014720205611307,-7.194092797199361,2.8160493931016934
Random996
Raw:-7.188674075784872,4.0676240074297825,-3.21732358984627,-15.60818889014021,22.181034728074092,-2.3224262907812454,-7.75135172242944,2.0147202056113085,-7.194092797199363,2.816049393101695
EFT:-7.188674075784877,4.067624007429783,-3.2173235898462695,-15.608188890140214,22.18103472807409,-2.322426290781248,-7.75135172242944,2.0147202056113076,-7.194092797199361,2.8160493931016934
Random997
Raw:-7.1886740757848795,4.067624007429786,-3.2173235898462704,-15.608188890140214,22.181034728074096,-2.322426290781245,-7.751351722429442,2.0147202056113085,-7.194092797199366,2.816049393101695
EFT:-7.188674075784877,4.067624007429783,-3.2173235898462695,-15.608188890140214,22.18103472807409,-2.322426290781248,-7.75135172242944,2.014720205611307,-7.194092797199361,2.8160493931016934
Random998
Raw:-7.188674075784876,4.0676240074297825,-3.2173235898462695,-15.608188890140212,22.181034728074096,-2.322426290781244,-7.7513517224294395,2.014720205611307,-7.194092797199361,2.816049393101693
EFT:-7.188674075784877,4.067624007429783,-3.2173235898462695,-15.608188890140214,22.18103472807409,-2.322426290781248,-7.75135172242944,2.0147202056113076,-7.194092797199361,2.8160493931016934
Random999
Raw:-7.188674075784875,4.067624007429782,-3.2173235898462686,-15.608188890140205,22.181034728074092,-2.322426290781251,-7.751351722429443,2.0147202056113103,-7.194092797199362,2.816049393101696
EFT:-7.188674075784877,4.067624007429783,-3.2173235898462695,-15.608188890140214,22.18103472807409,-2.322426290781248,-7.75135172242944,2.0147202056113076,-7.194092797199361,2.8160493931016934
Random1000
Raw:-7.188674075784877,4.067624007429783,-3.217323589846266,-15.608188890140214,22.181034728074092,-2.3224262907812485,-7.751351722429438,2.014720205611308,-7.194092797199365,2.816049393101691
EFT:-7.188674075784877,4.067624007429783,-3.2173235898462695,-15.608188890140214,22.18103472807409,-2.322426290781248,-7.75135172242944,2.0147202056113076,-7.194092797199361,2.8160493931016934
