Original
-20.9104134650578,-5.4485293151125305,-14.563736000519627,22.981556620365442,-13.30687777571665,0.4119604604308904,-23.28724725215255,-9.929253434590978,0.13949459713808576,2.1000787607675013
Ascend
-20.910413465057804,-5.44852931511253,-14.563736000519631,22.98155662036544,-13.306877775716645,0.4119604604308893,-23.287247252152543,-9.929253434590978,0.13949459713808454,2.1000787607674987
Descend
-20.910413465057804,-5.4485293151125305,-14.563736000519627,22.98155662036544,-13.306877775716645,0.4119604604308893,-23.28724725215254,-9.92925343459098,0.1394945971380872,2.100078760767501
Random1
Raw:-20.9104134650578,-5.448529315112529,-14.563736000519627,22.98155662036544,-13.306877775716647,0.4119604604308881,-23.287247252152532,-9.929253434590976,0.13949459713808826,2.100078760767496
EFT:-20.910413465057804,-5.44852931511253,-14.56373600051963,22.98155662036544,-13.306877775716648,0.41196046043088824,-23.287247252152543,-9.92925343459098,0.13949459713808673,2.1000787607675
Random2
Raw:-20.910413465057797,-5.448529315112533,-14.563736000519626,22.98155662036544,-13.306877775716643,0.41196046043088264,-23.287247252152536,-9.92925343459098,0.13949459713809054,2.100078760767498
EFT:-20.910413465057804,-5.44852931511253,-14.56373600051963,22.98155662036544,-13.306877775716648,0.4119604604308883,-23.287247252152543,-9.92925343459098,0.13949459713808685,2.1000787607675
Random3
Raw:-20.9104134650578,-5.4485293151125305,-14.563736000519631,22.98155662036544,-13.306877775716645,0.4119604604308891,-23.287247252152547,-9.929253434590978,0.13949459713808332,2.1000787607675018
EFT:-20.910413465057804,-5.44852931511253,-14.56373600051963,22.98155662036544,-13.306877775716647,0.4119604604308883,-23.287247252152543,-9.92925343459098,0.13949459713808673,2.1000787607675
Random4
Raw:-20.910413465057797,-5.448529315112532,-14.563736000519626,22.98155662036544,-13.306877775716638,0.4119604604308829,-23.287247252152532,-9.92925343459098,0.13949459713808876,2.1000787607674973
EFT:-20.910413465057804,-5.44852931511253,-14.56373600051963,22.98155662036544,-13.306877775716647,0.4119604604308883,-23.287247252152543,-9.92925343459098,0.13949459713808673,2.1000787607675
Random5
Raw:-20.910413465057804,-5.44852931511253,-14.563736000519622,22.981556620365435,-13.306877775716641,0.4119604604308811,-23.28724725215253,-9.929253434590974,0.1394945971380919,2.100078760767492
EFT:-20.910413465057804,-5.44852931511253,-14.56373600051963,22.98155662036544,-13.306877775716648,0.41196046043088824,-23.28724725215254,-9.92925343459098,0.13949459713808693,2.1000787607675
Random6
Raw:-20.910413465057804,-5.448529315112531,-14.563736000519622,22.981556620365442,-13.306877775716647,0.41196046043087936,-23.287247252152543,-9.929253434590974,0.13949459713808368,2.100078760767494
EFT:-20.910413465057804,-5.44852931511253,-14.56373600051963,22.981556620365442,-13.306877775716648,0.4119604604308882,-23.287247252152543,-9.92925343459098,0.13949459713808682,2.1000787607675
Random7
Raw:-20.910413465057797,-5.448529315112523,-14.563736000519619,22.98155662036543,-13.306877775716648,0.4119604604308854,-23.287247252152536,-9.929253434590972,0.13949459713808585,2.1000787607674916
EFT:-20.910413465057804,-5.44852931511253,-14.56373600051963,22.98155662036544,-13.306877775716647,0.4119604604308882,-23.287247252152543,-9.92925343459098,0.13949459713808662,2.1000787607675
Random8
Raw:-20.91041346505779,-5.448529315112528,-14.563736000519624,22.98155662036544,-13.306877775716648,0.4119604604308824,-23.28724725215254,-9.929253434590981,0.13949459713808404,2.1000787607674987
EFT:-20.910413465057804,-5.44852931511253,-14.56373600051963,22.98155662036544,-13.306877775716648,0.41196046043088835,-23.28724725215254,-9.92925343459098,0.13949459713808704,2.1000787607675
Random9
Raw:-20.910413465057808,-5.448529315112528,-14.563736000519627,22.981556620365428,-13.306877775716645,0.41196046043089296,-23.287247252152532,-9.929253434590981,0.13949459713808832,2.1000787607675
EFT:-20.910413465057804,-5.44852931511253,-14.56373600051963,22.98155662036544,-13.306877775716648,0.41196046043088824,-23.287247252152543,-9.92925343459098,0.13949459713808673,2.1000787607675
Random10
Raw:-20.910413465057797,-5.448529315112529,-14.563736000519626,22.981556620365435,-13.306877775716641,0.4119604604308813,-23.28724725215254,-9.92925343459098,0.13949459713808943,2.1000787607675
EFT:-20.910413465057804,-5.44852931511253,-14.56373600051963,22.98155662036544,-13.306877775716648,0.41196046043088824,-23.287247252152543,-9.92925343459098,0.13949459713808673,2.1000787607675
Random11
Raw:-20.9104134650578,-5.44852931511253,-14.563736000519619,22.981556620365435,-13.306877775716641,0.41196046043087775,-23.287247252152543,-9.929253434590967,0.1394945971380852,2.1000787607674973
EFT:-20.910413465057804,-5.44852931511253,-14.56373600051963,22.981556620365442,-13.306877775716647,0.41196046043088813,-23.28724725215254,-9.92925343459098,0.1394945971380867,2.1000787607675
Random12
Raw:-20.910413465057808,-5.44852931511253,-14.563736000519631,22.981556620365442,-13.306877775716648,0.41196046043088186,-23.28724725215254,-9.929253434590974,0.13949459713808443,2.100078760767496
EFT:-20.910413465057804,-5.44852931511253,-14.56373600051963,22.98155662036544,-13.306877775716648,0.41196046043088824,-23.28724725215254,-9.92925343459098,0.13949459713808693,2.1000787607675
Random13
Raw:-20.910413465057797,-5.448529315112528,-14.563736000519631,22.981556620365435,-13.306877775716647,0.41196046043088785,-23.287247252152543,-9.929253434590981,0.13949459713809126,2.1000787607675035
EFT:-20.910413465057804,-5.44852931511253,-14.56373600051963,22.981556620365442,-13.306877775716648,0.4119604604308882,-23.287247252152543,-9.92925343459098,0.13949459713808682,2.1000787607675
Random14
Raw:-20.910413465057808,-5.448529315112528,-14.563736000519624,22.98155662036544,-13.306877775716648,0.4119604604308842,-23.287247252152547,-9.929253434590981,0.13949459713808518,2.1000787607674956
EFT:-20.910413465057804,-5.44852931511253,-14.56373600051963,22.981556620365442,-13.306877775716647,0.4119604604308881,-23.287247252152543,-9.92925343459098,0.1394945971380866,2.1000787607675
Random15
Raw:-20.910413465057797,-5.448529315112534,-14.563736000519622,22.981556620365442,-13.306877775716648,0.4119604604308782,-23.28724725215254,-9.92925343459098,0.13949459713808676,2.100078760767502
EFT:-20.910413465057804,-5.44852931511253,-14.56373600051963,22.98155662036544,-13.306877775716648,0.41196046043088835,-23.287247252152543,-9.92925343459098,0.13949459713808685,2.1000787607675
Random16
Raw:-20.910413465057797,-5.448529315112531,-14.563736000519627,22.98155662036544,-13.306877775716645,0.41196046043088796,-23.28724725215253,-9.929253434590981,0.13949459713809387,2.1000787607675027
EFT:-20.910413465057804,-5.44852931511253,-14.56373600051963,22.981556620365442,-13.306877775716647,0.41196046043088813,-23.28724725215254,-9.92925343459098,0.1394945971380867,2.1000787607675
Random17
Raw:-20.910413465057804,-5.448529315112528,-14.563736000519626,22.981556620365442,-13.306877775716645,0.4119604604308854,-23.28724725215253,-9.929253434590981,0.13949459713808804,2.1000787607674978
EFT:-20.910413465057804,-5.44852931511253,-14.56373600051963,22.98155662036544,-13.306877775716648,0.41196046043088824,-23.28724725215254,-9.92925343459098,0.13949459713808693,2.1000787607675
Random18
Raw:-20.910413465057804,-5.44852931511253,-14.563736000519626,22.981556620365446,-13.306877775716643,0.41196046043087675,-23.287247252152536,-9.929253434590978,0.13949459713808693,2.1000787607674973
EFT:-20.910413465057804,-5.44852931511253,-14.56373600051963,22.981556620365442,-13.306877775716647,0.41196046043088813,-23.287247252152543,-9.92925343459098,0.1394945971380865,2.1000787607675
Random19
Raw:-20.910413465057793,-5.448529315112532,-14.563736000519627,22.98155662036544,-13.306877775716641,0.41196046043088796,-23.287247252152536,-9.929253434590978,0.13949459713808487,2.100078760767503
EFT:-20.910413465057804,-5.44852931511253,-14.56373600051963,22.98155662036544,-13.306877775716648,0.4119604604308883,-23.28724725215254,-9.92925343459098,0.13949459713808693,2.1000787607675
Random20
Raw:-20.9104134650578,-5.448529315112523,-14.563736000519631,22.981556620365435,-13.306877775716645,0.41196046043088297,-23.287247252152547,-9.929253434590974,0.13949459713808615,2.100078760767495
EFT:-20.910413465057804,-5.44852931511253,-14.56373600051963,22.981556620365442,-13.306877775716648,0.4119604604308882,-23.287247252152543,-9.92925343459098,0.13949459713808682,2.1000787607675
Random21
Raw:-20.9104134650578,-5.448529315112536,-14.563736000519626,22.981556620365435,-13.306877775716638,0.41196046043088275,-23.28724725215254,-9.929253434590981,0.13949459713809387,2.100078760767505
EFT:-20.910413465057804,-5.44852931511253,-14.56373600051963,22.98155662036544,-13.306877775716647,0.4119604604308883,-23.287247252152543,-9.92925343459098,0.13949459713808673,2.1000787607675
Random22
Raw:-20.910413465057797,-5.448529315112532,-14.563736000519624,22.981556620365446,-13.306877775716645,0.41196046043088275,-23.287247252152536,-9.929253434590976,0.1394945971380839,2.1000787607674973
EFT:-20.910413465057804,-5.44852931511253,-14.56373600051963,22.98155662036544,-13.306877775716648,0.41196046043088835,-23.287247252152543,-9.92925343459098,0.13949459713808685,2.1000787607675
Random23
Raw:-20.9104134650578,-5.4485293151125305,-14.563736000519631,22.98155662036545,-13.306877775716645,0.41196046043089096,-23.287247252152547,-9.929253434590976,0.1394945971380841,2.1000787607675004
EFT:-20.910413465057804,-5.44852931511253,-14.56373600051963,22.981556620365442,-13.306877775716647,0.41196046043088813,-23.28724725215254,-9.92925343459098,0.1394945971380867,2.1000787607675
Random24
Raw:-20.910413465057797,-5.448529315112527,-14.563736000519631,22.981556620365435,-13.306877775716643,0.41196046043088913,-23.287247252152536,-9.929253434590974,0.1394945971380861,2.1000787607675044
EFT:-20.910413465057804,-5.44852931511253,-14.56373600051963,22.98155662036544,-13.306877775716648,0.4119604604308883,-23.28724725215254,-9.92925343459098,0.13949459713808693,2.1000787607675
Random25
Raw:-20.9104134650578,-5.448529315112531,-14.56373600051962,22.98155662036544,-13.306877775716648,0.41196046043088475,-23.28724725215254,-9.929253434590981,0.1394945971380921,2.1000787607675018
EFT:-20.910413465057804,-5.44852931511253,-14.56373600051963,22.98155662036544,-13.306877775716647,0.4119604604308882,-23.287247252152543,-9.92925343459098,0.13949459713808662,2.1000787607675
Random26
Raw:-20.910413465057808,-5.448529315112532,-14.563736000519633,22.981556620365442,-13.306877775716647,0.41196046043089196,-23.287247252152547,-9.929253434590978,0.13949459713808732,2.1000787607675004
EFT:-20.910413465057804,-5.44852931511253,-14.56373600051963,22.98155662036544,-13.306877775716647,0.41196046043088824,-23.28724725215254,-9.92925343459098,0.13949459713808682,2.1000787607675
Random27
Raw:-20.910413465057797,-5.448529315112535,-14.563736000519624,22.98155662036544,-13.306877775716641,0.41196046043088397,-23.28724725215254,-9.92925343459098,0.1394945971380901,2.1000787607674973
EFT:-20.910413465057804,-5.44852931511253,-14.56373600051963,22.98155662036544,-13.306877775716648,0.41196046043088824,-23.28724725215254,-9.92925343459098,0.13949459713808693,2.1000787607675
Random28
Raw:-20.910413465057797,-5.448529315112524,-14.56373600051962,22.981556620365435,-13.306877775716647,0.4119604604308855,-23.28724725215253,-9.929253434590978,0.1394945971380821,2.100078760767498
EFT:-20.910413465057804,-5.44852931511253,-14.56373600051963,22.98155662036544,-13.306877775716648,0.41196046043088824,-23.287247252152543,-9.92925343459098,0.13949459713808673,2.1000787607675
Random29
Raw:-20.910413465057793,-5.448529315112529,-14.563736000519624,22.981556620365428,-13.306877775716643,0.4119604604308859,-23.287247252152536,-9.929253434590978,0.13949459713808876,2.100078760767504
EFT:-20.910413465057804,-5.44852931511253,-14.56373600051963,22.981556620365442,-13.306877775716647,0.41196046043088813,-23.287247252152543,-9.92925343459098,0.1394945971380865,2.1000787607675
Random30
Raw:-20.910413465057793,-5.448529315112528,-14.563736000519619,22.981556620365442,-13.306877775716654,0.41196046043087253,-23.28724725215255,-9.929253434590974,0.1394945971380832,2.1000787607674956
EFT:-20.910413465057804,-5.44852931511253,-14.56373600051963,22.981556620365442,-13.306877775716647,0.41196046043088813,-23.28724725215254,-9.92925343459098,0.1394945971380867,2.1000787607675
Random31
Raw:-20.91041346505781,-5.44852931511253,-14.56373600051963,22.981556620365442,-13.306877775716641,0.41196046043088697,-23.287247252152543,-9.929253434590981,0.13949459713808376,2.100078760767501
EFT:-20.910413465057804,-5.44852931511253,-14.56373600051963,22.981556620365442,-13.306877775716647,0.4119604604308881,-23.287247252152543,-9.92925343459098,0.1394945971380866,2.1000787607675
Random32
Raw:-20.910413465057804,-5.448529315112527,-14.563736000519627,22.98155662036544,-13.306877775716647,0.4119604604308844,-23.28724725215254,-9.929253434590978,0.13949459713808893,2.1000787607674973
EFT:-20.910413465057804,-5.44852931511253,-14.56373600051963,22.98155662036544,-13.306877775716648,0.4119604604308883,-23.28724725215254,-9.92925343459098,0.13949459713808693,2.1000787607675
Random33
Raw:-20.910413465057804,-5.448529315112527,-14.563736000519624,22.981556620365435,-13.306877775716652,0.4119604604308832,-23.287247252152532,-9.929253434590976,0.13949459713808587,2.1000787607674947
EFT:-20.910413465057804,-5.44852931511253,-14.56373600051963,22.981556620365442,-13.306877775716647,0.41196046043088813,-23.28724725215254,-9.92925343459098,0.1394945971380867,2.1000787607675
Random34
Raw:-20.910413465057797,-5.448529315112533,-14.563736000519622,22.98155662036544,-13.306877775716645,0.4119604604308869,-23.287247252152536,-9.929253434590978,0.13949459713808593,2.1000787607674987
EFT:-20.910413465057804,-5.44852931511253,-14.56373600051963,22.98155662036544,-13.306877775716647,0.41196046043088824,-23.28724725215254,-9.92925343459098,0.13949459713808682,2.1000787607675
Random35
Raw:-20.910413465057808,-5.448529315112531,-14.563736000519631,22.981556620365446,-13.306877775716648,0.4119604604308862,-23.287247252152543,-9.92925343459098,0.13949459713808388,2.1000787607674987
EFT:-20.910413465057804,-5.44852931511253,-14.56373600051963,22.981556620365442,-13.306877775716648,0.4119604604308882,-23.287247252152543,-9.92925343459098,0.13949459713808682,2.1000787607675
Random36
Raw:-20.910413465057804,-5.4485293151125305,-14.563736000519627,22.981556620365446,-13.30687777571665,0.4119604604308828,-23.287247252152543,-9.929253434590978,0.1394945971380862,2.1000787607674956
EFT:-20.910413465057804,-5.44852931511253,-14.56373600051963,22.981556620365442,-13.306877775716647,0.41196046043088813,-23.287247252152543,-9.92925343459098,0.1394945971380865,2.1000787607675
Random37
Raw:-20.910413465057804,-5.448529315112531,-14.563736000519624,22.981556620365442,-13.30687777571665,0.41196046043088175,-23.28724725215254,-9.929253434590978,0.13949459713808543,2.1000787607674973
EFT:-20.910413465057804,-5.44852931511253,-14.56373600051963,22.981556620365442,-13.306877775716648,0.4119604604308882,-23.287247252152543,-9.92925343459098,0.13949459713808682,2.1000787607675
Random38
Raw:-20.9104134650578,-5.448529315112534,-14.563736000519633,22.98155662036544,-13.30687777571664,0.4119604604308914,-23.287247252152547,-9.929253434590976,0.13949459713808654,2.100078760767507
EFT:-20.910413465057804,-5.44852931511253,-14.56373600051963,22.981556620365442,-13.306877775716647,0.41196046043088813,-23.28724725215254,-9.92925343459098,0.1394945971380867,2.1000787607675
Random39
Raw:-20.910413465057804,-5.448529315112527,-14.563736000519627,22.981556620365442,-13.306877775716652,0.41196046043088286,-23.287247252152543,-9.92925343459097,0.13949459713807918,2.1000787607674947
EFT:-20.910413465057804,-5.44852931511253,-14.56373600051963,22.98155662036544,-13.306877775716647,0.41196046043088824,-23.287247252152543,-9.92925343459098,0.13949459713808662,2.1000787607675
Random40
Raw:-20.910413465057804,-5.4485293151125305,-14.563736000519631,22.98155662036544,-13.306877775716647,0.4119604604308875,-23.28724725215254,-9.92925343459098,0.13949459713808898,2.1000787607675013
EFT:-20.910413465057804,-5.44852931511253,-14.56373600051963,22.98155662036544,-13.306877775716648,0.4119604604308883,-23.287247252152543,-9.92925343459098,0.13949459713808685,2.1000787607675
Random41
Raw:-20.910413465057804,-5.448529315112526,-14.563736000519624,22.98155662036544,-13.306877775716647,0.41196046043088264,-23.287247252152547,-9.929253434590974,0.1394945971380847,2.1000787607674987
EFT:-20.910413465057804,-5.44852931511253,-14.56373600051963,22.98155662036544,-13.306877775716648,0.41196046043088824,-23.28724725215254,-9.92925343459098,0.13949459713808693,2.1000787607675
Random42
Raw:-20.910413465057804,-5.448529315112529,-14.56373600051963,22.981556620365442,-13.306877775716647,0.4119604604308835,-23.287247252152543,-9.929253434590978,0.1394945971380856,2.1000787607675027
EFT:-20.910413465057804,-5.44852931511253,-14.56373600051963,22.98155662036544,-13.306877775716648,0.41196046043088835,-23.28724725215254,-9.92925343459098,0.13949459713808704,2.1000787607675
Random43
Raw:-20.910413465057808,-5.448529315112528,-14.563736000519624,22.981556620365435,-13.306877775716645,0.41196046043089024,-23.287247252152532,-9.929253434590978,0.13949459713808987,2.1000787607674987
EFT:-20.910413465057804,-5.44852931511253,-14.56373600051963,22.98155662036544,-13.306877775716648,0.4119604604308883,-23.287247252152543,-9.92925343459098,0.13949459713808685,2.1000787607675
Random44
Raw:-20.910413465057797,-5.4485293151125305,-14.563736000519627,22.981556620365442,-13.30687777571665,0.4119604604308833,-23.28724725215254,-9.929253434590976,0.13949459713808557,2.1000787607674987
EFT:-20.910413465057804,-5.44852931511253,-14.56373600051963,22.981556620365442,-13.306877775716647,0.41196046043088813,-23.287247252152543,-9.92925343459098,0.1394945971380865,2.1000787607675
Random45
Raw:-20.910413465057797,-5.448529315112526,-14.563736000519626,22.981556620365442,-13.306877775716641,0.41196046043088863,-23.287247252152532,-9.929253434590978,0.13949459713808277,2.100078760767497
EFT:-20.910413465057804,-5.44852931511253,-14.56373600051963,22.98155662036544,-13.306877775716648,0.4119604604308883,-23.28724725215254,-9.92925343459098,0.13949459713808693,2.1000787607675
Random46
Raw:-20.910413465057804,-5.448529315112528,-14.563736000519624,22.981556620365446,-13.306877775716655,0.4119604604308842,-23.287247252152536,-9.929253434590974,0.1394945971380841,2.1000787607674973
EFT:-20.910413465057804,-5.44852931511253,-14.56373600051963,22.98155662036544,-13.306877775716648,0.4119604604308883,-23.287247252152543,-9.92925343459098,0.13949459713808685,2.1000787607675
Random47
Raw:-20.91041346505779,-5.448529315112533,-14.563736000519617,22.981556620365442,-13.306877775716643,0.41196046043087997,-23.28724725215254,-9.929253434590976,0.13949459713809076,2.100078760767497
EFT:-20.910413465057804,-5.44852931511253,-14.56373600051963,22.98155662036544,-13.306877775716648,0.41196046043088824,-23.287247252152543,-9.92925343459098,0.13949459713808673,2.1000787607675
Random48
Raw:-20.91041346505779,-5.448529315112528,-14.563736000519622,22.981556620365435,-13.306877775716645,0.41196046043087997,-23.287247252152543,-9.929253434590976,0.13949459713808587,2.1000787607674996
EFT:-20.910413465057804,-5.44852931511253,-14.56373600051963,22.98155662036544,-13.306877775716648,0.4119604604308884,-23.287247252152543,-9.92925343459098,0.13949459713808696,2.1000787607675
Random49
Raw:-20.9104134650578,-5.448529315112524,-14.563736000519626,22.98155662036544,-13.306877775716648,0.4119604604308814,-23.287247252152547,-9.92925343459097,0.13949459713808265,2.100078760767493
EFT:-20.910413465057804,-5.44852931511253,-14.56373600051963,22.98155662036544,-13.306877775716647,0.4119604604308882,-23.287247252152543,-9.92925343459098,0.13949459713808662,2.1000787607675
Random50
Raw:-20.910413465057793,-5.44852931511253,-14.56373600051963,22.98155662036543,-13.30687777571664,0.4119604604308843,-23.287247252152532,-9.929253434590978,0.13949459713808587,2.100078760767499
EFT:-20.910413465057804,-5.44852931511253,-14.56373600051963,22.98155662036544,-13.306877775716647,0.41196046043088824,-23.28724725215254,-9.92925343459098,0.13949459713808682,2.1000787607675
Random51
Raw:-20.9104134650578,-5.4485293151125305,-14.563736000519622,22.981556620365442,-13.306877775716647,0.41196046043088175,-23.28724725215255,-9.929253434590974,0.13949459713808526,2.1000787607674942
EFT:-20.910413465057804,-5.44852931511253,-14.56373600051963,22.981556620365442,-13.306877775716647,0.41196046043088813,-23.28724725215254,-9.92925343459098,0.1394945971380867,2.1000787607675
Random52
Raw:-20.910413465057793,-5.448529315112529,-14.563736000519624,22.981556620365428,-13.306877775716641,0.41196046043089085,-23.287247252152532,-9.92925343459098,0.1394945971380852,2.1000787607675018
EFT:-20.910413465057804,-5.44852931511253,-14.56373600051963,22.981556620365442,-13.306877775716647,0.4119604604308881,-23.287247252152543,-9.92925343459098,0.1394945971380866,2.1000787607675
Random53
Raw:-20.910413465057804,-5.448529315112531,-14.56373600051963,22.981556620365442,-13.306877775716652,0.4119604604308831,-23.287247252152543,-9.929253434590972,0.13949459713808804,2.1000787607674964
EFT:-20.910413465057804,-5.44852931511253,-14.56373600051963,22.981556620365442,-13.306877775716648,0.4119604604308882,-23.287247252152543,-9.92925343459098,0.13949459713808682,2.1000787607675
Random54
Raw:-20.910413465057797,-5.448529315112527,-14.563736000519627,22.981556620365446,-13.306877775716647,0.4119604604308831,-23.287247252152536,-9.929253434590976,0.13949459713808654,2.100078760767496
EFT:-20.910413465057804,-5.44852931511253,-14.56373600051963,22.981556620365442,-13.306877775716648,0.4119604604308882,-23.287247252152543,-9.92925343459098,0.13949459713808682,2.1000787607675
Random55
Raw:-20.910413465057804,-5.448529315112524,-14.563736000519633,22.98155662036544,-13.306877775716641,0.4119604604308902,-23.287247252152547,-9.92925343459098,0.13949459713808854,2.100078760767499
EFT:-20.910413465057804,-5.44852931511253,-14.56373600051963,22.98155662036544,-13.306877775716647,0.4119604604308882,-23.28724725215254,-9.92925343459098,0.1394945971380867,2.1000787607675
Random56
Raw:-20.9104134650578,-5.4485293151125305,-14.563736000519626,22.98155662036544,-13.306877775716643,0.41196046043088763,-23.287247252152536,-9.929253434590976,0.13949459713808615,2.1000787607674973
EFT:-20.910413465057804,-5.44852931511253,-14.56373600051963,22.98155662036544,-13.306877775716647,0.4119604604308882,-23.28724725215254,-9.92925343459098,0.1394945971380867,2.1000787607675
Random57
Raw:-20.9104134650578,-5.44852931511253,-14.563736000519624,22.981556620365446,-13.306877775716643,0.4119604604308823,-23.287247252152547,-9.929253434590972,0.13949459713808188,2.1000787607674947
EFT:-20.910413465057804,-5.44852931511253,-14.56373600051963,22.981556620365442,-13.306877775716647,0.41196046043088813,-23.28724725215254,-9.92925343459098,0.1394945971380867,2.1000787607675
Random58
Raw:-20.910413465057797,-5.44852931511253,-14.563736000519622,22.981556620365442,-13.306877775716648,0.4119604604308842,-23.287247252152536,-9.929253434590976,0.13949459713808654,2.1000787607674973
EFT:-20.910413465057804,-5.44852931511253,-14.56373600051963,22.98155662036544,-13.306877775716647,0.41196046043088824,-23.28724725215254,-9.92925343459098,0.13949459713808682,2.1000787607675
Random59
Raw:-20.910413465057797,-5.44852931511253,-14.563736000519627,22.981556620365424,-13.306877775716643,0.4119604604308864,-23.287247252152536,-9.929253434590985,0.13949459713808887,2.100078760767501
EFT:-20.910413465057804,-5.44852931511253,-14.56373600051963,22.981556620365442,-13.306877775716648,0.4119604604308882,-23.287247252152543,-9.92925343459098,0.13949459713808682,2.1000787607675
Random60
Raw:-20.9104134650578,-5.44852931511253,-14.563736000519622,22.981556620365446,-13.306877775716638,0.411960460430878,-23.287247252152547,-9.929253434590972,0.13949459713808499,2.100078760767494
EFT:-20.910413465057804,-5.44852931511253,-14.56373600051963,22.98155662036544,-13.306877775716648,0.4119604604308883,-23.28724725215254,-9.92925343459098,0.13949459713808693,2.1000787607675
Random61
Raw:-20.910413465057804,-5.448529315112533,-14.563736000519633,22.98155662036544,-13.306877775716647,0.4119604604308863,-23.28724725215254,-9.929253434590981,0.13949459713809365,2.1000787607674978
EFT:-20.910413465057804,-5.44852931511253,-14.56373600051963,22.981556620365442,-13.306877775716647,0.4119604604308881,-23.287247252152543,-9.92925343459098,0.1394945971380866,2.1000787607675
Random62
Raw:-20.910413465057797,-5.448529315112529,-14.563736000519624,22.98155662036544,-13.306877775716643,0.4119604604308835,-23.287247252152543,-9.929253434590978,0.13949459713808787,2.100078760767501
EFT:-20.910413465057804,-5.44852931511253,-14.56373600051963,22.981556620365442,-13.306877775716648,0.4119604604308882,-23.287247252152543,-9.92925343459098,0.13949459713808682,2.1000787607675
Random63
Raw:-20.910413465057804,-5.448529315112527,-14.563736000519622,22.981556620365442,-13.306877775716648,0.4119604604308782,-23.287247252152543,-9.92925343459098,0.13949459713808787,2.100078760767497
EFT:-20.910413465057804,-5.44852931511253,-14.56373600051963,22.98155662036544,-13.306877775716648,0.4119604604308884,-23.287247252152543,-9.92925343459098,0.13949459713808696,2.1000787607675
Random64
Raw:-20.910413465057797,-5.448529315112531,-14.563736000519631,22.981556620365446,-13.306877775716648,0.4119604604308916,-23.287247252152543,-9.929253434590976,0.13949459713808432,2.100078760767502
EFT:-20.910413465057804,-5.44852931511253,-14.56373600051963,22.98155662036544,-13.306877775716647,0.41196046043088824,-23.287247252152543,-9.92925343459098,0.13949459713808662,2.1000787607675
Random65
Raw:-20.910413465057797,-5.448529315112528,-14.563736000519626,22.981556620365446,-13.306877775716645,0.41196046043088497,-23.287247252152543,-9.92925343459098,0.13949459713809165,2.1000787607675
EFT:-20.910413465057804,-5.44852931511253,-14.56373600051963,22.98155662036544,-13.306877775716648,0.4119604604308883,-23.287247252152543,-9.92925343459098,0.13949459713808685,2.1000787607675
Random66
Raw:-20.910413465057793,-5.44852931511253,-14.563736000519627,22.981556620365442,-13.306877775716645,0.4119604604308881,-23.287247252152543,-9.929253434590974,0.13949459713808388,2.1000787607674987
EFT:-20.910413465057804,-5.44852931511253,-14.56373600051963,22.98155662036544,-13.306877775716648,0.4119604604308883,-23.28724725215254,-9.92925343459098,0.13949459713808693,2.1000787607675
Random67
Raw:-20.910413465057793,-5.448529315112527,-14.56373600051962,22.981556620365435,-13.306877775716648,0.4119604604308835,-23.287247252152525,-9.92925343459098,0.13949459713808565,2.1000787607674956
EFT:-20.910413465057804,-5.44852931511253,-14.56373600051963,22.981556620365442,-13.306877775716647,0.4119604604308881,-23.287247252152543,-9.92925343459098,0.1394945971380866,2.1000787607675
Random68
Raw:-20.910413465057804,-5.448529315112528,-14.563736000519624,22.981556620365442,-13.306877775716652,0.41196046043087997,-23.287247252152536,-9.929253434590974,0.13949459713808493,2.1000787607674956
EFT:-20.910413465057804,-5.44852931511253,-14.56373600051963,22.981556620365442,-13.306877775716647,0.41196046043088813,-23.28724725215254,-9.92925343459098,0.1394945971380867,2.1000787607675
Random69
Raw:-20.910413465057804,-5.44852931511253,-14.56373600051963,22.981556620365442,-13.306877775716648,0.4119604604308841,-23.28724725215254,-9.929253434590972,0.13949459713808643,2.1000787607674987
EFT:-20.910413465057804,-5.44852931511253,-14.56373600051963,22.981556620365442,-13.306877775716647,0.4119604604308881,-23.287247252152543,-9.92925343459098,0.1394945971380866,2.1000787607675
Random70
Raw:-20.910413465057793,-5.448529315112529,-14.563736000519626,22.981556620365446,-13.306877775716645,0.41196046043087925,-23.287247252152543,-9.929253434590978,0.13949459713808932,2.1000787607675
EFT:-20.910413465057804,-5.44852931511253,-14.56373600051963,22.98155662036544,-13.306877775716647,0.4119604604308883,-23.287247252152543,-9.92925343459098,0.13949459713808673,2.1000787607675
Random71
Raw:-20.910413465057804,-5.448529315112535,-14.563736000519633,22.981556620365442,-13.30687777571664,0.4119604604308903,-23.28724725215254,-9.929253434590985,0.13949459713808943,2.100078760767504
EFT:-20.910413465057804,-5.44852931511253,-14.56373600051963,22.98155662036544,-13.306877775716648,0.41196046043088824,-23.287247252152543,-9.92925343459098,0.13949459713808673,2.1000787607675
Random72
Raw:-20.910413465057797,-5.448529315112529,-14.563736000519622,22.98155662036544,-13.306877775716643,0.41196046043088125,-23.287247252152536,-9.929253434590978,0.13949459713808499,2.1000787607675
EFT:-20.910413465057804,-5.44852931511253,-14.56373600051963,22.98155662036544,-13.306877775716647,0.4119604604308882,-23.287247252152543,-9.92925343459098,0.13949459713808662,2.1000787607675
Random73
Raw:-20.910413465057797,-5.448529315112526,-14.563736000519622,22.98155662036543,-13.306877775716643,0.41196046043088597,-23.28724725215253,-9.929253434590976,0.13949459713808693,2.1000787607675004
EFT:-20.910413465057804,-5.44852931511253,-14.56373600051963,22.98155662036544,-13.306877775716648,0.41196046043088835,-23.287247252152543,-9.92925343459098,0.13949459713808685,2.1000787607675
Random74
Raw:-20.910413465057797,-5.448529315112528,-14.563736000519626,22.981556620365435,-13.306877775716643,0.4119604604308864,-23.28724725215254,-9.929253434590978,0.13949459713808854,2.100078760767495
EFT:-20.910413465057804,-5.44852931511253,-14.56373600051963,22.98155662036544,-13.306877775716648,0.41196046043088824,-23.28724725215254,-9.92925343459098,0.13949459713808693,2.1000787607675
Random75
Raw:-20.9104134650578,-5.44852931511253,-14.563736000519627,22.98155662036543,-13.306877775716647,0.4119604604308853,-23.28724725215254,-9.929253434590981,0.139494597138088,2.100078760767498
EFT:-20.910413465057804,-5.44852931511253,-14.56373600051963,22.98155662036544,-13.306877775716647,0.4119604604308882,-23.287247252152543,-9.92925343459098,0.13949459713808662,2.1000787607675
Random76
Raw:-20.910413465057804,-5.44852931511253,-14.563736000519624,22.98155662036544,-13.306877775716648,0.4119604604308833,-23.287247252152543,-9.929253434590978,0.13949459713808357,2.1000787607674956
EFT:-20.910413465057804,-5.44852931511253,-14.56373600051963,22.981556620365442,-13.306877775716648,0.4119604604308882,-23.287247252152543,-9.92925343459098,0.13949459713808682,2.1000787607675
Random77
Raw:-20.9104134650578,-5.448529315112528,-14.563736000519627,22.981556620365435,-13.306877775716645,0.41196046043088796,-23.287247252152536,-9.929253434590983,0.13949459713808932,2.1000787607675035
EFT:-20.910413465057804,-5.44852931511253,-14.56373600051963,22.98155662036544,-13.306877775716647,0.41196046043088824,-23.28724725215254,-9.92925343459098,0.13949459713808682,2.1000787607675
Random78
Raw:-20.910413465057808,-5.448529315112526,-14.563736000519626,22.981556620365446,-13.306877775716641,0.4119604604308815,-23.287247252152557,-9.92925343459097,0.1394945971380766,2.1000787607674956
EFT:-20.910413465057804,-5.44852931511253,-14.56373600051963,22.981556620365442,-13.306877775716647,0.41196046043088813,-23.287247252152543,-9.92925343459098,0.1394945971380865,2.1000787607675
Random79
Raw:-20.9104134650578,-5.448529315112528,-14.563736000519624,22.981556620365446,-13.306877775716641,0.4119604604308812,-23.287247252152536,-9.929253434590978,0.13949459713808743,2.100078760767499
EFT:-20.910413465057804,-5.44852931511253,-14.56373600051963,22.98155662036544,-13.306877775716648,0.41196046043088824,-23.287247252152543,-9.92925343459098,0.13949459713808673,2.1000787607675
Random80
Raw:-20.910413465057797,-5.4485293151125305,-14.563736000519617,22.98155662036544,-13.306877775716641,0.4119604604308831,-23.28724725215254,-9.929253434590978,0.1394945971380881,2.1000787607674987
EFT:-20.910413465057804,-5.44852931511253,-14.56373600051963,22.98155662036544,-13.306877775716648,0.41196046043088824,-23.28724725215254,-9.92925343459098,0.13949459713808693,2.1000787607675
Random81
Raw:-20.910413465057804,-5.448529315112525,-14.563736000519626,22.981556620365442,-13.306877775716645,0.4119604604308856,-23.28724725215254,-9.929253434590978,0.13949459713808632,2.100078760767494
EFT:-20.910413465057804,-5.44852931511253,-14.56373600051963,22.98155662036544,-13.306877775716648,0.41196046043088824,-23.28724725215254,-9.92925343459098,0.13949459713808693,2.1000787607675
Random82
Raw:-20.910413465057786,-5.448529315112526,-14.563736000519627,22.981556620365435,-13.306877775716645,0.4119604604308887,-23.287247252152536,-9.929253434590978,0.13949459713808499,2.100078760767503
EFT:-20.910413465057804,-5.44852931511253,-14.56373600051963,22.981556620365442,-13.306877775716647,0.4119604604308881,-23.287247252152543,-9.92925343459098,0.1394945971380866,2.1000787607675
Random83
Raw:-20.910413465057793,-5.448529315112537,-14.563736000519622,22.98155662036544,-13.306877775716643,0.4119604604308794,-23.28724725215254,-9.92925343459098,0.13949459713809254,2.1000787607674996
EFT:-20.910413465057804,-5.44852931511253,-14.56373600051963,22.98155662036544,-13.306877775716647,0.4119604604308882,-23.28724725215254,-9.92925343459098,0.1394945971380867,2.1000787607675
Random84
Raw:-20.910413465057797,-5.4485293151125305,-14.563736000519627,22.981556620365446,-13.306877775716645,0.41196046043088674,-23.28724725215254,-9.92925343459097,0.1394945971380845,2.1000787607674956
EFT:-20.910413465057804,-5.44852931511253,-14.56373600051963,22.981556620365442,-13.306877775716647,0.41196046043088813,-23.28724725215254,-9.92925343459098,0.1394945971380867,2.1000787607675
Random85
Raw:-20.910413465057797,-5.448529315112534,-14.563736000519631,22.98155662036544,-13.306877775716647,0.41196046043089296,-23.287247252152532,-9.929253434590981,0.13949459713809376,2.100078760767502
EFT:-20.910413465057804,-5.44852931511253,-14.56373600051963,22.981556620365442,-13.306877775716647,0.41196046043088813,-23.287247252152543,-9.92925343459098,0.1394945971380865,2.1000787607675
Random86
Raw:-20.910413465057804,-5.44852931511253,-14.563736000519633,22.981556620365435,-13.306877775716645,0.4119604604308897,-23.287247252152536,-9.92925343459098,0.13949459713808815,2.1000787607675004
EFT:-20.910413465057804,-5.44852931511253,-14.56373600051963,22.981556620365442,-13.306877775716647,0.4119604604308881,-23.287247252152543,-9.92925343459098,0.1394945971380866,2.1000787607675
Random87
Raw:-20.910413465057804,-5.448529315112532,-14.563736000519633,22.981556620365446,-13.306877775716652,0.4119604604308915,-23.28724725215254,-9.92925343459098,0.13949459713808765,2.100078760767496
EFT:-20.910413465057804,-5.44852931511253,-14.56373600051963,22.981556620365442,-13.306877775716647,0.4119604604308881,-23.287247252152543,-9.92925343459098,0.1394945971380866,2.1000787607675
Random88
Raw:-20.9104134650578,-5.448529315112534,-14.563736000519627,22.98155662036544,-13.306877775716652,0.4119604604308871,-23.287247252152543,-9.929253434590976,0.1394945971380881,2.1000787607675
EFT:-20.910413465057804,-5.44852931511253,-14.56373600051963,22.98155662036544,-13.306877775716647,0.4119604604308882,-23.28724725215254,-9.92925343459098,0.1394945971380867,2.1000787607675
Random89
Raw:-20.910413465057797,-5.44852931511253,-14.563736000519627,22.981556620365442,-13.306877775716643,0.411960460430884,-23.287247252152536,-9.929253434590974,0.1394945971380872,2.1000787607674978
EFT:-20.910413465057804,-5.44852931511253,-14.56373600051963,22.98155662036544,-13.306877775716648,0.4119604604308883,-23.28724725215254,-9.92925343459098,0.13949459713808693,2.1000787607675
Random90
Raw:-20.910413465057797,-5.448529315112528,-14.56373600051963,22.98155662036544,-13.306877775716645,0.41196046043088413,-23.287247252152554,-9.92925343459098,0.1394945971380882,2.100078760767501
EFT:-20.910413465057804,-5.44852931511253,-14.56373600051963,22.98155662036544,-13.306877775716648,0.41196046043088835,-23.287247252152543,-9.92925343459098,0.13949459713808685,2.1000787607675
Random91
Raw:-20.910413465057797,-5.448529315112528,-14.563736000519626,22.98155662036544,-13.306877775716647,0.4119604604308804,-23.28724725215254,-9.929253434590976,0.13949459713808948,2.100078760767504
EFT:-20.910413465057804,-5.44852931511253,-14.56373600051963,22.981556620365442,-13.306877775716647,0.41196046043088813,-23.287247252152543,-9.92925343459098,0.1394945971380865,2.1000787607675
Random92
Raw:-20.9104134650578,-5.44852931511253,-14.563736000519627,22.98155662036544,-13.306877775716641,0.4119604604308812,-23.28724725215254,-9.929253434590976,0.13949459713808543,2.1000787607674947
EFT:-20.910413465057804,-5.44852931511253,-14.56373600051963,22.98155662036544,-13.306877775716647,0.4119604604308883,-23.287247252152543,-9.92925343459098,0.13949459713808673,2.1000787607675
Random93
Raw:-20.910413465057804,-5.448529315112528,-14.56373600051962,22.981556620365435,-13.306877775716648,0.41196046043087575,-23.287247252152547,-9.92925343459097,0.13949459713808243,2.100078760767493
EFT:-20.910413465057804,-5.44852931511253,-14.56373600051963,22.98155662036544,-13.306877775716648,0.41196046043088835,-23.28724725215254,-9.92925343459098,0.13949459713808704,2.1000787607675
Random94
Raw:-20.9104134650578,-5.448529315112531,-14.563736000519624,22.981556620365442,-13.306877775716654,0.41196046043088486,-23.28724725215254,-9.929253434590981,0.13949459713808943,2.100078760767497
EFT:-20.910413465057804,-5.44852931511253,-14.56373600051963,22.981556620365442,-13.306877775716648,0.4119604604308882,-23.287247252152543,-9.92925343459098,0.13949459713808682,2.1000787607675
Random95
Raw:-20.910413465057804,-5.44852931511253,-14.563736000519624,22.98155662036544,-13.306877775716648,0.41196046043087964,-23.287247252152543,-9.929253434590976,0.13949459713808543,2.1000787607674987
EFT:-20.910413465057804,-5.44852931511253,-14.56373600051963,22.98155662036544,-13.306877775716647,0.4119604604308882,-23.287247252152543,-9.92925343459098,0.13949459713808662,2.1000787607675
Random96
Raw:-20.9104134650578,-5.44852931511253,-14.563736000519624,22.98155662036544,-13.306877775716648,0.41196046043088697,-23.28724725215254,-9.929253434590983,0.1394945971380902,2.100078760767498
EFT:-20.910413465057804,-5.44852931511253,-14.56373600051963,22.98155662036544,-13.306877775716648,0.41196046043088835,-23.287247252152543,-9.92925343459098,0.13949459713808685,2.1000787607675
Random97
Raw:-20.910413465057793,-5.448529315112529,-14.563736000519622,22.981556620365435,-13.306877775716647,0.4119604604308834,-23.28724725215253,-9.929253434590976,0.1394945971380882,2.1000787607674964
EFT:-20.910413465057804,-5.44852931511253,-14.56373600051963,22.98155662036544,-13.306877775716648,0.4119604604308883,-23.287247252152543,-9.92925343459098,0.13949459713808685,2.1000787607675
Random98
Raw:-20.910413465057808,-5.4485293151125305,-14.563736000519627,22.98155662036544,-13.306877775716645,0.4119604604308875,-23.287247252152543,-9.92925343459098,0.1394945971380911,2.1000787607674987
EFT:-20.910413465057804,-5.44852931511253,-14.56373600051963,22.981556620365442,-13.306877775716647,0.4119604604308881,-23.287247252152543,-9.92925343459098,0.1394945971380866,2.1000787607675
Random99
Raw:-20.9104134650578,-5.448529315112528,-14.56373600051962,22.981556620365435,-13.306877775716641,0.41196046043087975,-23.287247252152547,-9.929253434590976,0.13949459713808454,2.100078760767502
EFT:-20.910413465057804,-5.44852931511253,-14.56373600051963,22.98155662036544,-13.306877775716648,0.4119604604308883,-23.28724725215254,-9.92925343459098,0.13949459713808693,2.1000787607675
Random100
Raw:-20.910413465057793,-5.448529315112529,-14.563736000519631,22.98155662036543,-13.306877775716645,0.41196046043088796,-23.28724725215254,-9.929253434590983,0.13949459713808898,2.1000787607675013
EFT:-20.910413465057804,-5.44852931511253,-14.56373600051963,22.981556620365442,-13.306877775716648,0.4119604604308882,-23.287247252152543,-9.92925343459098,0.13949459713808682,2.1000787607675
Random101
Raw:-20.9104134650578,-5.448529315112526,-14.563736000519624,22.98155662036544,-13.306877775716648,0.4119604604308876,-23.287247252152532,-9.929253434590981,0.13949459713809031,2.100078760767496
EFT:-20.910413465057804,-5.44852931511253,-14.56373600051963,22.98155662036544,-13.306877775716648,0.41196046043088824,-23.28724725215254,-9.92925343459098,0.13949459713808693,2.1000787607675
Random102
Raw:-20.9104134650578,-5.448529315112533,-14.563736000519626,22.981556620365442,-13.306877775716645,0.4119604604308821,-23.287247252152543,-9.929253434590981,0.1394945971380905,2.1000787607674956
EFT:-20.910413465057804,-5.44852931511253,-14.56373600051963,22.98155662036544,-13.306877775716647,0.4119604604308882,-23.287247252152543,-9.92925343459098,0.13949459713808662,2.1000787607675
Random103
Raw:-20.9104134650578,-5.448529315112527,-14.56373600051963,22.98155662036544,-13.306877775716645,0.4119604604308893,-23.287247252152543,-9.929253434590981,0.1394945971380889,2.100078760767498
EFT:-20.910413465057804,-5.44852931511253,-14.56373600051963,22.98155662036544,-13.306877775716647,0.41196046043088824,-23.287247252152543,-9.92925343459098,0.13949459713808662,2.1000787607675
Random104
Raw:-20.910413465057804,-5.448529315112531,-14.56373600051963,22.98155662036545,-13.306877775716648,0.4119604604308833,-23.28724725215254,-9.92925343459098,0.1394945971380841,2.100078760767501
EFT:-20.910413465057804,-5.44852931511253,-14.56373600051963,22.98155662036544,-13.306877775716648,0.4119604604308883,-23.287247252152543,-9.92925343459098,0.13949459713808685,2.1000787607675
Random105
Raw:-20.91041346505779,-5.448529315112531,-14.563736000519624,22.98155662036544,-13.306877775716645,0.4119604604308835,-23.287247252152543,-9.929253434590983,0.13949459713808832,2.1000787607675018
EFT:-20.910413465057804,-5.44852931511253,-14.56373600051963,22.981556620365442,-13.306877775716647,0.41196046043088813,-23.287247252152543,-9.92925343459098,0.1394945971380865,2.1000787607675
Random106
Raw:-20.910413465057797,-5.44852931511253,-14.563736000519622,22.98155662036544,-13.306877775716648,0.4119604604308851,-23.28724725215254,-9.929253434590976,0.139494597138084,2.100078760767498
EFT:-20.910413465057804,-5.44852931511253,-14.56373600051963,22.981556620365442,-13.306877775716647,0.4119604604308881,-23.287247252152543,-9.92925343459098,0.1394945971380866,2.1000787607675
Random107
Raw:-20.910413465057804,-5.448529315112526,-14.563736000519624,22.981556620365446,-13.306877775716645,0.4119604604308834,-23.287247252152536,-9.929253434590972,0.1394945971380781,2.1000787607674902
EFT:-20.910413465057804,-5.44852931511253,-14.56373600051963,22.98155662036544,-13.306877775716648,0.41196046043088824,-23.287247252152543,-9.92925343459098,0.13949459713808673,2.1000787607675
Random108
Raw:-20.9104134650578,-5.448529315112526,-14.56373600051962,22.98155662036544,-13.306877775716647,0.4119604604308774,-23.28724725215254,-9.929253434590974,0.1394945971380882,2.1000787607674902
EFT:-20.910413465057804,-5.44852931511253,-14.56373600051963,22.981556620365442,-13.306877775716647,0.41196046043088813,-23.28724725215254,-9.92925343459098,0.1394945971380867,2.1000787607675
Random109
Raw:-20.9104134650578,-5.44852931511253,-14.56373600051962,22.98155662036544,-13.306877775716645,0.41196046043088697,-23.287247252152536,-9.929253434590978,0.13949459713808654,2.100078760767492
EFT:-20.910413465057804,-5.44852931511253,-14.56373600051963,22.981556620365442,-13.306877775716647,0.4119604604308881,-23.287247252152543,-9.92925343459098,0.1394945971380866,2.1000787607675
Random110
Raw:-20.9104134650578,-5.448529315112529,-14.563736000519626,22.981556620365435,-13.306877775716645,0.4119604604308864,-23.287247252152532,-9.929253434590978,0.1394945971380889,2.100078760767499
EFT:-20.910413465057804,-5.44852931511253,-14.56373600051963,22.98155662036544,-13.306877775716648,0.41196046043088824,-23.287247252152543,-9.92925343459098,0.13949459713808673,2.1000787607675
Random111
Raw:-20.910413465057797,-5.448529315112526,-14.56373600051962,22.981556620365428,-13.306877775716643,0.41196046043088697,-23.28724725215254,-9.92925343459097,0.13949459713808737,2.1000787607675004
EFT:-20.910413465057804,-5.44852931511253,-14.56373600051963,22.981556620365442,-13.306877775716648,0.4119604604308882,-23.287247252152543,-9.92925343459098,0.13949459713808682,2.1000787607675
Random112
Raw:-20.910413465057797,-5.44852931511253,-14.56373600051962,22.981556620365435,-13.306877775716641,0.4119604604308803,-23.287247252152532,-9.929253434590978,0.1394945971380912,2.1000787607674942
EFT:-20.910413465057804,-5.44852931511253,-14.56373600051963,22.98155662036544,-13.306877775716648,0.41196046043088824,-23.287247252152543,-9.92925343459098,0.13949459713808673,2.1000787607675
Random113
Raw:-20.9104134650578,-5.448529315112523,-14.563736000519624,22.98155662036544,-13.30687777571665,0.4119604604308863,-23.287247252152547,-9.929253434590976,0.1394945971380811,2.1000787607674964
EFT:-20.910413465057804,-5.44852931511253,-14.56373600051963,22.981556620365442,-13.306877775716647,0.4119604604308881,-23.287247252152543,-9.92925343459098,0.1394945971380866,2.1000787607675
Random114
Raw:-20.9104134650578,-5.4485293151125305,-14.563736000519627,22.981556620365428,-13.306877775716643,0.4119604604308915,-23.287247252152547,-9.929253434590983,0.1394945971380881,2.1000787607675058
EFT:-20.910413465057804,-5.44852931511253,-14.56373600051963,22.98155662036544,-13.306877775716648,0.4119604604308883,-23.28724725215254,-9.92925343459098,0.13949459713808693,2.1000787607675
Random115
Raw:-20.910413465057804,-5.448529315112533,-14.563736000519635,22.98155662036544,-13.306877775716647,0.41196046043088735,-23.28724725215255,-9.929253434590983,0.13949459713808793,2.1000787607675075
EFT:-20.910413465057804,-5.44852931511253,-14.56373600051963,22.98155662036544,-13.306877775716648,0.41196046043088835,-23.28724725215254,-9.92925343459098,0.13949459713808704,2.1000787607675
Random116
Raw:-20.910413465057793,-5.448529315112528,-14.563736000519622,22.981556620365435,-13.306877775716645,0.4119604604308815,-23.287247252152536,-9.929253434590983,0.1394945971380937,2.1000787607674964
EFT:-20.910413465057804,-5.44852931511253,-14.56373600051963,22.98155662036544,-13.306877775716648,0.41196046043088835,-23.287247252152543,-9.92925343459098,0.13949459713808685,2.1000787607675
Random117
Raw:-20.910413465057797,-5.448529315112528,-14.563736000519624,22.981556620365442,-13.306877775716645,0.41196046043088486,-23.287247252152543,-9.929253434590976,0.13949459713808254,2.1000787607674964
EFT:-20.910413465057804,-5.44852931511253,-14.56373600051963,22.98155662036544,-13.306877775716647,0.41196046043088824,-23.287247252152543,-9.92925343459098,0.13949459713808662,2.1000787607675
Random118
Raw:-20.9104134650578,-5.448529315112531,-14.563736000519626,22.98155662036544,-13.306877775716645,0.4119604604308884,-23.287247252152536,-9.929253434590978,0.13949459713808643,2.100078760767499
EFT:-20.910413465057804,-5.44852931511253,-14.56373600051963,22.98155662036544,-13.306877775716648,0.41196046043088824,-23.287247252152543,-9.92925343459098,0.13949459713808673,2.1000787607675
Random119
Raw:-20.910413465057797,-5.448529315112529,-14.563736000519627,22.98155662036544,-13.306877775716643,0.41196046043089063,-23.287247252152543,-9.929253434590978,0.1394945971380852,2.1000787607674987
EFT:-20.910413465057804,-5.44852931511253,-14.56373600051963,22.98155662036544,-13.306877775716647,0.4119604604308883,-23.287247252152543,-9.92925343459098,0.13949459713808673,2.1000787607675
Random120
Raw:-20.910413465057804,-5.4485293151125305,-14.563736000519626,22.981556620365435,-13.306877775716645,0.41196046043088264,-23.28724725215254,-9.929253434590981,0.139494597138091,2.100078760767498
EFT:-20.910413465057804,-5.44852931511253,-14.56373600051963,22.98155662036544,-13.306877775716648,0.41196046043088824,-23.287247252152543,-9.92925343459098,0.13949459713808673,2.1000787607675
Random121
Raw:-20.9104134650578,-5.448529315112531,-14.563736000519619,22.981556620365442,-13.30687777571665,0.4119604604308837,-23.28724725215253,-9.929253434590978,0.13949459713808698,2.100078760767492
EFT:-20.910413465057804,-5.44852931511253,-14.56373600051963,22.98155662036544,-13.306877775716647,0.41196046043088824,-23.28724725215254,-9.92925343459098,0.13949459713808682,2.1000787607675
Random122
Raw:-20.910413465057808,-5.448529315112533,-14.563736000519627,22.981556620365442,-13.306877775716647,0.4119604604308804,-23.287247252152547,-9.929253434590986,0.13949459713808943,2.100078760767501
EFT:-20.910413465057804,-5.44852931511253,-14.56373600051963,22.98155662036544,-13.306877775716648,0.4119604604308883,-23.287247252152543,-9.92925343459098,0.13949459713808685,2.1000787607675
Random123
Raw:-20.9104134650578,-5.448529315112528,-14.563736000519636,22.981556620365442,-13.306877775716645,0.4119604604308904,-23.287247252152536,-9.92925343459098,0.13949459713808554,2.100078760767503
EFT:-20.910413465057804,-5.44852931511253,-14.56373600051963,22.981556620365442,-13.306877775716647,0.4119604604308881,-23.287247252152543,-9.92925343459098,0.1394945971380866,2.1000787607675
Random124
Raw:-20.910413465057797,-5.4485293151125305,-14.563736000519627,22.98155662036544,-13.306877775716643,0.4119604604308864,-23.287247252152536,-9.929253434590981,0.13949459713808576,2.100078760767507
EFT:-20.910413465057804,-5.44852931511253,-14.56373600051963,22.981556620365442,-13.306877775716648,0.4119604604308882,-23.287247252152543,-9.92925343459098,0.13949459713808682,2.1000787607675
Random125
Raw:-20.9104134650578,-5.448529315112528,-14.563736000519624,22.98155662036544,-13.306877775716643,0.41196046043088197,-23.287247252152536,-9.929253434590976,0.1394945971380853,2.1000787607674947
EFT:-20.910413465057804,-5.44852931511253,-14.56373600051963,22.98155662036544,-13.306877775716648,0.4119604604308883,-23.287247252152543,-9.92925343459098,0.13949459713808685,2.1000787607675
Random126
Raw:-20.9104134650578,-5.448529315112528,-14.56373600051962,22.981556620365442,-13.306877775716647,0.41196046043087475,-23.28724725215254,-9.929253434590972,0.13949459713808454,2.100078760767495
EFT:-20.910413465057804,-5.44852931511253,-14.56373600051963,22.98155662036544,-13.306877775716647,0.41196046043088824,-23.287247252152543,-9.92925343459098,0.13949459713808662,2.1000787607675
Random127
Raw:-20.9104134650578,-5.448529315112527,-14.563736000519622,22.98155662036544,-13.30687777571664,0.4119604604308795,-23.28724725215254,-9.92925343459098,0.13949459713808632,2.100078760767501
EFT:-20.910413465057804,-5.44852931511253,-14.56373600051963,22.98155662036544,-13.306877775716648,0.41196046043088824,-23.287247252152543,-9.92925343459098,0.13949459713808673,2.1000787607675
Random128
Raw:-20.91041346505779,-5.448529315112531,-14.56373600051962,22.98155662036543,-13.306877775716647,0.4119604604308821,-23.287247252152532,-9.92925343459098,0.13949459713809012,2.1000787607674964
EFT:-20.910413465057804,-5.44852931511253,-14.56373600051963,22.98155662036544,-13.306877775716648,0.41196046043088824,-23.28724725215254,-9.92925343459098,0.13949459713808693,2.1000787607675
Random129
Raw:-20.910413465057797,-5.448529315112533,-14.563736000519626,22.981556620365435,-13.30687777571664,0.41196046043089074,-23.287247252152536,-9.929253434590983,0.13949459713809265,2.100078760767504
EFT:-20.910413465057804,-5.44852931511253,-14.56373600051963,22.98155662036544,-13.306877775716648,0.41196046043088824,-23.28724725215254,-9.92925343459098,0.13949459713808693,2.1000787607675
Random130
Raw:-20.910413465057793,-5.4485293151125305,-14.563736000519633,22.981556620365435,-13.306877775716645,0.4119604604308913,-23.287247252152536,-9.92925343459098,0.13949459713808632,2.100078760767502
EFT:-20.910413465057804,-5.44852931511253,-14.56373600051963,22.98155662036544,-13.306877775716648,0.4119604604308884,-23.287247252152543,-9.92925343459098,0.13949459713808696,2.1000787607675
Random131
Raw:-20.910413465057797,-5.448529315112531,-14.563736000519624,22.981556620365442,-13.306877775716647,0.41196046043088347,-23.287247252152536,-9.929253434590981,0.13949459713809437,2.1000787607675018
EFT:-20.910413465057804,-5.44852931511253,-14.56373600051963,22.981556620365442,-13.306877775716648,0.4119604604308882,-23.287247252152543,-9.92925343459098,0.13949459713808682,2.1000787607675
Random132
Raw:-20.9104134650578,-5.448529315112528,-14.563736000519626,22.981556620365435,-13.306877775716652,0.41196046043088314,-23.287247252152543,-9.929253434590978,0.13949459713808532,2.1000787607674964
EFT:-20.910413465057804,-5.44852931511253,-14.56373600051963,22.981556620365442,-13.306877775716647,0.4119604604308881,-23.287247252152543,-9.92925343459098,0.1394945971380866,2.1000787607675
Random133
Raw:-20.9104134650578,-5.44852931511253,-14.563736000519636,22.981556620365442,-13.306877775716641,0.41196046043088597,-23.28724725215254,-9.92925343459098,0.13949459713808432,2.100078760767499
EFT:-20.910413465057804,-5.44852931511253,-14.56373600051963,22.98155662036544,-13.306877775716647,0.4119604604308882,-23.287247252152543,-9.92925343459098,0.13949459713808662,2.1000787607675
Random134
Raw:-20.910413465057804,-5.448529315112529,-14.563736000519622,22.981556620365446,-13.306877775716647,0.411960460430884,-23.287247252152543,-9.929253434590976,0.1394945971380857,2.1000787607674947
EFT:-20.910413465057804,-5.44852931511253,-14.56373600051963,22.98155662036544,-13.306877775716648,0.4119604604308883,-23.28724725215254,-9.92925343459098,0.13949459713808693,2.1000787607675
Random135
Raw:-20.910413465057797,-5.448529315112529,-14.563736000519624,22.981556620365442,-13.306877775716645,0.41196046043088114,-23.287247252152547,-9.929253434590974,0.139494597138081,2.1000787607674978
EFT:-20.910413465057804,-5.44852931511253,-14.56373600051963,22.98155662036544,-13.306877775716647,0.4119604604308882,-23.287247252152543,-9.92925343459098,0.13949459713808662,2.1000787607675
Random136
Raw:-20.9104134650578,-5.448529315112529,-14.563736000519622,22.98155662036544,-13.306877775716647,0.4119604604308807,-23.28724725215254,-9.929253434590978,0.13949459713808765,2.1000787607675027
EFT:-20.910413465057804,-5.44852931511253,-14.56373600051963,22.98155662036544,-13.306877775716648,0.4119604604308883,-23.287247252152543,-9.92925343459098,0.13949459713808685,2.1000787607675
Random137
Raw:-20.910413465057804,-5.448529315112532,-14.563736000519624,22.98155662036544,-13.306877775716648,0.4119604604308863,-23.28724725215254,-9.929253434590976,0.13949459713808632,2.100078760767495
EFT:-20.910413465057804,-5.44852931511253,-14.56373600051963,22.981556620365442,-13.306877775716648,0.4119604604308882,-23.287247252152543,-9.92925343459098,0.13949459713808682,2.1000787607675
Random138
Raw:-20.910413465057804,-5.448529315112528,-14.563736000519619,22.981556620365442,-13.306877775716652,0.41196046043087897,-23.287247252152543,-9.929253434590978,0.13949459713808476,2.100078760767495
EFT:-20.910413465057804,-5.44852931511253,-14.56373600051963,22.98155662036544,-13.306877775716648,0.4119604604308883,-23.287247252152543,-9.92925343459098,0.13949459713808685,2.1000787607675
Random139
Raw:-20.91041346505779,-5.448529315112526,-14.56373600051962,22.981556620365435,-13.306877775716643,0.4119604604308795,-23.287247252152532,-9.929253434590978,0.13949459713808754,2.1000787607674964
EFT:-20.910413465057804,-5.44852931511253,-14.56373600051963,22.98155662036544,-13.306877775716648,0.41196046043088835,-23.28724725215254,-9.92925343459098,0.13949459713808704,2.1000787607675
Random140
Raw:-20.9104134650578,-5.448529315112529,-14.563736000519631,22.981556620365435,-13.306877775716643,0.41196046043089085,-23.287247252152532,-9.929253434590985,0.13949459713808887,2.1000787607675018
EFT:-20.910413465057804,-5.44852931511253,-14.56373600051963,22.981556620365442,-13.306877775716647,0.41196046043088813,-23.28724725215254,-9.92925343459098,0.1394945971380867,2.1000787607675
Random141
Raw:-20.910413465057793,-5.448529315112528,-14.563736000519615,22.98155662036544,-13.306877775716647,0.4119604604308804,-23.287247252152532,-9.929253434590978,0.13949459713808632,2.1000787607674947
EFT:-20.910413465057804,-5.44852931511253,-14.56373600051963,22.981556620365442,-13.306877775716647,0.41196046043088813,-23.28724725215254,-9.92925343459098,0.1394945971380867,2.1000787607675
Random142
Raw:-20.910413465057804,-5.448529315112527,-14.563736000519626,22.98155662036544,-13.306877775716647,0.41196046043088824,-23.28724725215254,-9.929253434590981,0.13949459713808277,2.100078760767503
EFT:-20.910413465057804,-5.44852931511253,-14.56373600051963,22.98155662036544,-13.306877775716648,0.41196046043088824,-23.287247252152543,-9.92925343459098,0.13949459713808673,2.1000787607675
Random143
Raw:-20.910413465057818,-5.448529315112527,-14.563736000519636,22.98155662036545,-13.306877775716643,0.4119604604308884,-23.287247252152536,-9.92925343459097,0.1394945971380776,2.100078760767495
EFT:-20.910413465057804,-5.44852931511253,-14.56373600051963,22.981556620365442,-13.306877775716647,0.41196046043088813,-23.287247252152543,-9.92925343459098,0.1394945971380865,2.1000787607675
Random144
Raw:-20.910413465057804,-5.448529315112529,-14.563736000519622,22.98155662036544,-13.306877775716641,0.4119604604308839,-23.287247252152536,-9.929253434590967,0.13949459713808332,2.100078760767494
EFT:-20.910413465057804,-5.44852931511253,-14.56373600051963,22.98155662036544,-13.306877775716647,0.41196046043088824,-23.28724725215254,-9.92925343459098,0.13949459713808682,2.1000787607675
Random145
Raw:-20.910413465057797,-5.448529315112525,-14.56373600051962,22.98155662036544,-13.306877775716641,0.4119604604308813,-23.28724725215253,-9.929253434590978,0.13949459713808687,2.1000787607674987
EFT:-20.910413465057804,-5.44852931511253,-14.56373600051963,22.981556620365442,-13.306877775716647,0.4119604604308881,-23.287247252152543,-9.92925343459098,0.1394945971380866,2.1000787607675
Random146
Raw:-20.910413465057786,-5.448529315112526,-14.563736000519622,22.98155662036543,-13.30687777571664,0.41196046043088086,-23.287247252152536,-9.929253434590976,0.1394945971380868,2.100078760767498
EFT:-20.910413465057804,-5.44852931511253,-14.56373600051963,22.98155662036544,-13.306877775716647,0.41196046043088824,-23.287247252152543,-9.92925343459098,0.13949459713808662,2.1000787607675
Random147
Raw:-20.910413465057797,-5.448529315112531,-14.563736000519624,22.981556620365435,-13.306877775716645,0.4119604604308862,-23.287247252152547,-9.929253434590981,0.13949459713809054,2.100078760767508
EFT:-20.910413465057804,-5.44852931511253,-14.56373600051963,22.98155662036544,-13.306877775716648,0.4119604604308883,-23.287247252152543,-9.92925343459098,0.13949459713808685,2.1000787607675
Random148
Raw:-20.910413465057797,-5.448529315112527,-14.563736000519617,22.981556620365446,-13.306877775716647,0.41196046043088197,-23.287247252152525,-9.929253434590983,0.13949459713808493,2.1000787607674947
EFT:-20.910413465057804,-5.44852931511253,-14.56373600051963,22.98155662036544,-13.306877775716648,0.41196046043088835,-23.28724725215254,-9.92925343459098,0.13949459713808704,2.1000787607675
Random149
Raw:-20.910413465057793,-5.4485293151125305,-14.563736000519622,22.98155662036543,-13.306877775716643,0.4119604604308834,-23.287247252152532,-9.92925343459098,0.13949459713809237,2.1000787607674987
EFT:-20.910413465057804,-5.44852931511253,-14.56373600051963,22.981556620365442,-13.306877775716647,0.4119604604308881,-23.287247252152543,-9.92925343459098,0.1394945971380866,2.1000787607675
Random150
Raw:-20.910413465057797,-5.448529315112524,-14.56373600051963,22.98155662036544,-13.306877775716647,0.4119604604308845,-23.28724725215254,-9.929253434590981,0.13949459713808143,2.1000787607675004
EFT:-20.910413465057804,-5.44852931511253,-14.56373600051963,22.98155662036544,-13.306877775716647,0.4119604604308882,-23.287247252152543,-9.92925343459098,0.13949459713808662,2.1000787607675
Random151
Raw:-20.910413465057808,-5.4485293151125305,-14.56373600051963,22.981556620365446,-13.306877775716643,0.4119604604308864,-23.287247252152543,-9.929253434590976,0.13949459713808454,2.1000787607674973
EFT:-20.910413465057804,-5.44852931511253,-14.56373600051963,22.981556620365442,-13.306877775716647,0.4119604604308881,-23.287247252152543,-9.92925343459098,0.1394945971380866,2.1000787607675
Random152
Raw:-20.910413465057797,-5.448529315112532,-14.563736000519624,22.98155662036543,-13.306877775716641,0.4119604604308823,-23.287247252152536,-9.929253434590976,0.1394945971380901,2.1000787607674987
EFT:-20.910413465057804,-5.44852931511253,-14.56373600051963,22.981556620365442,-13.306877775716647,0.41196046043088813,-23.28724725215254,-9.92925343459098,0.1394945971380867,2.1000787607675
Random153
Raw:-20.9104134650578,-5.448529315112531,-14.563736000519617,22.98155662036544,-13.306877775716654,0.41196046043088175,-23.28724725215254,-9.929253434590985,0.13949459713809265,2.1000787607675
EFT:-20.910413465057804,-5.44852931511253,-14.56373600051963,22.981556620365442,-13.306877775716648,0.4119604604308882,-23.287247252152543,-9.92925343459098,0.13949459713808682,2.1000787607675
Random154
Raw:-20.910413465057808,-5.448529315112528,-14.56373600051962,22.98155662036544,-13.306877775716652,0.4119604604308875,-23.28724725215254,-9.929253434590978,0.1394945971380859,2.1000787607674942
EFT:-20.910413465057804,-5.44852931511253,-14.56373600051963,22.98155662036544,-13.306877775716648,0.41196046043088824,-23.28724725215254,-9.92925343459098,0.13949459713808693,2.1000787607675
Random155
Raw:-20.910413465057797,-5.44852931511253,-14.563736000519633,22.981556620365442,-13.306877775716648,0.41196046043088885,-23.287247252152532,-9.929253434590976,0.13949459713808246,2.1000787607674956
EFT:-20.910413465057804,-5.44852931511253,-14.56373600051963,22.981556620365442,-13.306877775716648,0.4119604604308882,-23.287247252152543,-9.92925343459098,0.13949459713808682,2.1000787607675
Random156
Raw:-20.910413465057797,-5.4485293151125225,-14.56373600051962,22.98155662036544,-13.306877775716645,0.41196046043087886,-23.287247252152536,-9.92925343459098,0.13949459713808465,2.1000787607675013
EFT:-20.910413465057804,-5.44852931511253,-14.56373600051963,22.98155662036544,-13.306877775716647,0.4119604604308882,-23.28724725215254,-9.92925343459098,0.1394945971380867,2.1000787607675
Random157
Raw:-20.910413465057793,-5.448529315112535,-14.563736000519622,22.981556620365435,-13.30687777571664,0.41196046043088663,-23.287247252152532,-9.929253434590981,0.13949459713809165,2.100078760767501
EFT:-20.910413465057804,-5.44852931511253,-14.56373600051963,22.981556620365442,-13.306877775716647,0.4119604604308881,-23.287247252152543,-9.92925343459098,0.1394945971380866,2.1000787607675
Random158
Raw:-20.910413465057804,-5.448529315112524,-14.563736000519622,22.98155662036544,-13.306877775716648,0.4119604604308798,-23.28724725215254,-9.929253434590976,0.13949459713808499,2.100078760767492
EFT:-20.910413465057804,-5.44852931511253,-14.56373600051963,22.981556620365442,-13.306877775716647,0.4119604604308881,-23.287247252152543,-9.92925343459098,0.1394945971380866,2.1000787607675
Random159
Raw:-20.9104134650578,-5.448529315112531,-14.563736000519627,22.981556620365442,-13.306877775716647,0.4119604604308884,-23.287247252152543,-9.929253434590978,0.13949459713808388,2.1000787607674978
EFT:-20.910413465057804,-5.44852931511253,-14.56373600051963,22.98155662036544,-13.306877775716647,0.4119604604308883,-23.287247252152543,-9.92925343459098,0.13949459713808673,2.1000787607675
Random160
Raw:-20.910413465057797,-5.448529315112529,-14.563736000519622,22.98155662036544,-13.306877775716647,0.41196046043088275,-23.287247252152532,-9.929253434590978,0.13949459713808698,2.1000787607674987
EFT:-20.910413465057804,-5.44852931511253,-14.56373600051963,22.98155662036544,-13.306877775716647,0.4119604604308882,-23.28724725215254,-9.92925343459098,0.1394945971380867,2.1000787607675
Random161
Raw:-20.910413465057804,-5.448529315112531,-14.56373600051962,22.981556620365435,-13.306877775716647,0.4119604604308835,-23.28724725215254,-9.92925343459097,0.13949459713808487,2.100078760767497
EFT:-20.910413465057804,-5.44852931511253,-14.56373600051963,22.98155662036544,-13.306877775716647,0.4119604604308882,-23.28724725215254,-9.92925343459098,0.1394945971380867,2.1000787607675
Random162
Raw:-20.910413465057808,-5.44852931511253,-14.563736000519627,22.981556620365442,-13.306877775716648,0.4119604604308851,-23.28724725215254,-9.929253434590974,0.13949459713808388,2.1000787607674956
EFT:-20.910413465057804,-5.44852931511253,-14.56373600051963,22.981556620365442,-13.306877775716647,0.4119604604308881,-23.287247252152543,-9.92925343459098,0.1394945971380866,2.1000787607675
Random163
Raw:-20.9104134650578,-5.448529315112527,-14.56373600051962,22.981556620365435,-13.306877775716645,0.4119604604308789,-23.287247252152543,-9.929253434590976,0.13949459713808587,2.1000787607674947
EFT:-20.910413465057804,-5.44852931511253,-14.56373600051963,22.98155662036544,-13.306877775716648,0.41196046043088824,-23.287247252152543,-9.92925343459098,0.13949459713808673,2.1000787607675
Random164
Raw:-20.910413465057797,-5.448529315112531,-14.56373600051962,22.981556620365446,-13.306877775716648,0.41196046043088086,-23.287247252152547,-9.929253434590974,0.13949459713808232,2.1000787607674933
EFT:-20.910413465057804,-5.44852931511253,-14.56373600051963,22.98155662036544,-13.306877775716648,0.41196046043088835,-23.287247252152543,-9.92925343459098,0.13949459713808685,2.1000787607675
Random165
Raw:-20.910413465057797,-5.4485293151125305,-14.563736000519631,22.98155662036543,-13.306877775716648,0.41196046043088275,-23.287247252152536,-9.929253434590983,0.13949459713808854,2.100078760767501
EFT:-20.910413465057804,-5.44852931511253,-14.56373600051963,22.98155662036544,-13.306877775716648,0.41196046043088824,-23.287247252152543,-9.92925343459098,0.13949459713808673,2.1000787607675
Random166
Raw:-20.910413465057804,-5.448529315112531,-14.563736000519635,22.981556620365442,-13.306877775716647,0.4119604604308876,-23.287247252152543,-9.92925343459098,0.13949459713808943,2.1000787607675013
EFT:-20.910413465057804,-5.44852931511253,-14.56373600051963,22.981556620365442,-13.306877775716647,0.41196046043088813,-23.287247252152543,-9.92925343459098,0.1394945971380865,2.1000787607675
Random167
Raw:-20.910413465057797,-5.448529315112526,-14.563736000519624,22.98155662036543,-13.306877775716647,0.4119604604308875,-23.287247252152525,-9.929253434590976,0.1394945971380881,2.1000787607675
EFT:-20.910413465057804,-5.44852931511253,-14.56373600051963,22.98155662036544,-13.306877775716648,0.4119604604308883,-23.287247252152543,-9.92925343459098,0.13949459713808685,2.1000787607675
Random168
Raw:-20.910413465057797,-5.448529315112528,-14.563736000519624,22.98155662036544,-13.306877775716643,0.41196046043088086,-23.287247252152532,-9.929253434590981,0.13949459713808465,2.1000787607674956
EFT:-20.910413465057804,-5.44852931511253,-14.56373600051963,22.981556620365442,-13.306877775716647,0.4119604604308881,-23.287247252152543,-9.92925343459098,0.1394945971380866,2.1000787607675
Random169
Raw:-20.910413465057793,-5.44852931511253,-14.563736000519624,22.98155662036543,-13.306877775716647,0.4119604604308875,-23.287247252152543,-9.929253434590978,0.13949459713808166,2.1000787607675044
EFT:-20.910413465057804,-5.44852931511253,-14.56373600051963,22.98155662036544,-13.306877775716648,0.41196046043088824,-23.28724725215254,-9.92925343459098,0.13949459713808693,2.1000787607675
Random170
Raw:-20.910413465057793,-5.4485293151125305,-14.563736000519624,22.981556620365435,-13.306877775716643,0.4119604604308811,-23.287247252152536,-9.929253434590976,0.1394945971380858,2.1000787607675018
EFT:-20.910413465057804,-5.44852931511253,-14.56373600051963,22.981556620365442,-13.306877775716647,0.41196046043088813,-23.287247252152543,-9.92925343459098,0.1394945971380865,2.1000787607675
Random171
Raw:-20.910413465057797,-5.44852931511253,-14.563736000519624,22.98155662036544,-13.306877775716647,0.41196046043088097,-23.28724725215254,-9.929253434590978,0.1394945971380932,2.100078760767494
EFT:-20.910413465057804,-5.44852931511253,-14.56373600051963,22.98155662036544,-13.306877775716648,0.4119604604308883,-23.287247252152543,-9.92925343459098,0.13949459713808685,2.1000787607675
Random172
Raw:-20.9104134650578,-5.448529315112536,-14.56373600051962,22.98155662036544,-13.30687777571665,0.4119604604308794,-23.287247252152547,-9.929253434590981,0.13949459713809287,2.1000787607675
EFT:-20.910413465057804,-5.44852931511253,-14.56373600051963,22.98155662036544,-13.306877775716647,0.41196046043088824,-23.28724725215254,-9.92925343459098,0.13949459713808682,2.1000787607675
Random173
Raw:-20.9104134650578,-5.448529315112528,-14.563736000519617,22.981556620365435,-13.306877775716643,0.41196046043088486,-23.28724725215254,-9.929253434590981,0.13949459713808765,2.1000787607674956
EFT:-20.910413465057804,-5.44852931511253,-14.56373600051963,22.981556620365442,-13.306877775716647,0.4119604604308881,-23.287247252152543,-9.92925343459098,0.1394945971380866,2.1000787607675
Random174
Raw:-20.910413465057797,-5.448529315112526,-14.563736000519624,22.981556620365435,-13.306877775716645,0.4119604604308782,-23.287247252152547,-9.92925343459098,0.1394945971380861,2.100078760767501
EFT:-20.910413465057804,-5.44852931511253,-14.56373600051963,22.981556620365442,-13.306877775716647,0.41196046043088813,-23.287247252152543,-9.92925343459098,0.1394945971380865,2.1000787607675
Random175
Raw:-20.910413465057808,-5.448529315112526,-14.563736000519627,22.98155662036544,-13.306877775716645,0.41196046043088685,-23.287247252152543,-9.929253434590976,0.1394945971380832,2.1000787607674947
EFT:-20.910413465057804,-5.44852931511253,-14.56373600051963,22.981556620365442,-13.306877775716647,0.4119604604308881,-23.287247252152543,-9.92925343459098,0.1394945971380866,2.1000787607675
Random176
Raw:-20.910413465057793,-5.448529315112533,-14.563736000519619,22.981556620365446,-13.306877775716652,0.4119604604308771,-23.28724725215254,-9.929253434590974,0.13949459713808737,2.1000787607674924
EFT:-20.910413465057804,-5.44852931511253,-14.56373600051963,22.98155662036544,-13.306877775716647,0.41196046043088824,-23.28724725215254,-9.92925343459098,0.13949459713808682,2.1000787607675
Random177
Raw:-20.9104134650578,-5.448529315112529,-14.563736000519622,22.981556620365446,-13.306877775716645,0.41196046043087775,-23.28724725215254,-9.929253434590974,0.13949459713808676,2.100078760767492
EFT:-20.910413465057804,-5.44852931511253,-14.56373600051963,22.98155662036544,-13.306877775716648,0.41196046043088835,-23.287247252152543,-9.92925343459098,0.13949459713808685,2.1000787607675
Random178
Raw:-20.9104134650578,-5.448529315112528,-14.563736000519631,22.981556620365442,-13.306877775716648,0.4119604604308894,-23.28724725215255,-9.929253434590974,0.13949459713808193,2.1000787607675004
EFT:-20.910413465057804,-5.44852931511253,-14.56373600051963,22.981556620365442,-13.306877775716647,0.4119604604308881,-23.287247252152543,-9.92925343459098,0.1394945971380866,2.1000787607675
Random179
Raw:-20.910413465057797,-5.448529315112535,-14.563736000519642,22.981556620365453,-13.306877775716643,0.41196046043088796,-23.28724725215255,-9.929253434590983,0.13949459713809031,2.1000787607675013
EFT:-20.910413465057804,-5.44852931511253,-14.56373600051963,22.981556620365442,-13.306877775716647,0.4119604604308881,-23.287247252152543,-9.92925343459098,0.1394945971380866,2.1000787607675
Random180
Raw:-20.9104134650578,-5.448529315112532,-14.563736000519635,22.98155662036544,-13.306877775716643,0.41196046043088574,-23.28724725215254,-9.929253434590983,0.13949459713809031,2.1000787607675027
EFT:-20.910413465057804,-5.44852931511253,-14.56373600051963,22.981556620365442,-13.306877775716648,0.4119604604308882,-23.287247252152543,-9.92925343459098,0.13949459713808682,2.1000787607675
Random181
Raw:-20.910413465057797,-5.4485293151125305,-14.563736000519622,22.981556620365442,-13.306877775716648,0.4119604604308831,-23.28724725215253,-9.929253434590986,0.13949459713808854,2.1000787607674978
EFT:-20.910413465057804,-5.44852931511253,-14.56373600051963,22.981556620365442,-13.306877775716647,0.41196046043088813,-23.28724725215254,-9.92925343459098,0.1394945971380867,2.1000787607675
Random182
Raw:-20.9104134650578,-5.448529315112526,-14.563736000519626,22.981556620365435,-13.306877775716652,0.4119604604308871,-23.28724725215253,-9.929253434590978,0.13949459713808476,2.1000787607674933
EFT:-20.910413465057804,-5.44852931511253,-14.56373600051963,22.981556620365442,-13.306877775716647,0.41196046043088813,-23.287247252152543,-9.92925343459098,0.1394945971380865,2.1000787607675
Random183
Raw:-20.910413465057793,-5.448529315112528,-14.56373600051962,22.98155662036544,-13.306877775716648,0.4119604604308864,-23.287247252152543,-9.929253434590978,0.13949459713808432,2.100078760767497
EFT:-20.910413465057804,-5.44852931511253,-14.56373600051963,22.981556620365442,-13.306877775716647,0.4119604604308881,-23.287247252152543,-9.92925343459098,0.1394945971380866,2.1000787607675
Random184
Raw:-20.91041346505779,-5.44852931511253,-14.563736000519622,22.98155662036543,-13.306877775716647,0.41196046043088086,-23.287247252152536,-9.92925343459098,0.13949459713809198,2.1000787607674978
EFT:-20.910413465057804,-5.44852931511253,-14.56373600051963,22.98155662036544,-13.306877775716647,0.4119604604308882,-23.287247252152543,-9.92925343459098,0.13949459713808662,2.1000787607675
Random185
Raw:-20.910413465057793,-5.448529315112532,-14.56373600051962,22.981556620365446,-13.306877775716647,0.4119604604308791,-23.287247252152532,-9.92925343459098,0.13949459713809165,2.1000787607675
EFT:-20.910413465057804,-5.44852931511253,-14.56373600051963,22.98155662036544,-13.306877775716647,0.41196046043088824,-23.287247252152543,-9.92925343459098,0.13949459713808662,2.1000787607675
Random186
Raw:-20.9104134650578,-5.4485293151125305,-14.563736000519631,22.981556620365442,-13.306877775716648,0.4119604604308881,-23.28724725215254,-9.92925343459098,0.13949459713808693,2.1000787607675013
EFT:-20.910413465057804,-5.44852931511253,-14.56373600051963,22.98155662036544,-13.306877775716647,0.41196046043088824,-23.287247252152543,-9.92925343459098,0.13949459713808662,2.1000787607675
Random187
Raw:-20.9104134650578,-5.448529315112528,-14.56373600051963,22.981556620365435,-13.306877775716641,0.4119604604308854,-23.287247252152536,-9.92925343459098,0.13949459713808593,2.1000787607674973
EFT:-20.910413465057804,-5.44852931511253,-14.56373600051963,22.981556620365442,-13.306877775716648,0.4119604604308882,-23.287247252152543,-9.92925343459098,0.13949459713808682,2.1000787607675
Random188
Raw:-20.910413465057797,-5.44852931511253,-14.563736000519627,22.98155662036544,-13.306877775716641,0.4119604604308835,-23.28724725215254,-9.92925343459098,0.13949459713808787,2.1000787607675027
EFT:-20.910413465057804,-5.44852931511253,-14.56373600051963,22.981556620365442,-13.306877775716647,0.41196046043088813,-23.287247252152543,-9.92925343459098,0.1394945971380865,2.1000787607675
Random189
Raw:-20.910413465057808,-5.448529315112528,-14.563736000519627,22.981556620365442,-13.306877775716652,0.4119604604308845,-23.287247252152532,-9.929253434590983,0.13949459713808632,2.1000787607674947
EFT:-20.910413465057804,-5.44852931511253,-14.56373600051963,22.98155662036544,-13.306877775716647,0.41196046043088824,-23.287247252152543,-9.92925343459098,0.13949459713808662,2.1000787607675
Random190
Raw:-20.910413465057804,-5.448529315112527,-14.563736000519622,22.981556620365435,-13.306877775716645,0.4119604604308801,-23.28724725215254,-9.92925343459098,0.13949459713809143,2.100078760767501
EFT:-20.910413465057804,-5.44852931511253,-14.56373600051963,22.98155662036544,-13.306877775716648,0.4119604604308884,-23.287247252152543,-9.92925343459098,0.13949459713808696,2.1000787607675
Random191
Raw:-20.910413465057804,-5.44852931511253,-14.563736000519619,22.98155662036544,-13.306877775716645,0.41196046043088386,-23.28724725215254,-9.92925343459098,0.1394945971380881,2.100078760767494
EFT:-20.910413465057804,-5.44852931511253,-14.56373600051963,22.98155662036544,-13.306877775716647,0.41196046043088824,-23.287247252152543,-9.92925343459098,0.13949459713808662,2.1000787607675
Random192
Raw:-20.910413465057808,-5.44852931511253,-14.563736000519633,22.981556620365446,-13.30687777571665,0.41196046043088796,-23.287247252152547,-9.929253434590981,0.1394945971380831,2.100078760767495
EFT:-20.910413465057804,-5.44852931511253,-14.56373600051963,22.98155662036544,-13.306877775716647,0.4119604604308882,-23.28724725215254,-9.92925343459098,0.1394945971380867,2.1000787607675
Random193
Raw:-20.910413465057808,-5.448529315112532,-14.563736000519622,22.981556620365446,-13.30687777571665,0.4119604604308818,-23.28724725215254,-9.92925343459097,0.1394945971380861,2.100078760767493
EFT:-20.910413465057804,-5.44852931511253,-14.56373600051963,22.98155662036544,-13.306877775716647,0.4119604604308882,-23.28724725215254,-9.92925343459098,0.1394945971380867,2.1000787607675
Random194
Raw:-20.9104134650578,-5.448529315112526,-14.563736000519626,22.981556620365442,-13.30687777571665,0.4119604604308841,-23.287247252152536,-9.929253434590978,0.13949459713808277,2.1000787607674916
EFT:-20.910413465057804,-5.44852931511253,-14.56373600051963,22.981556620365442,-13.306877775716647,0.4119604604308881,-23.287247252152543,-9.92925343459098,0.1394945971380866,2.1000787607675
Random195
Raw:-20.9104134650578,-5.44852931511253,-14.563736000519631,22.981556620365442,-13.306877775716641,0.4119604604308855,-23.287247252152547,-9.929253434590972,0.139494597138079,2.1000787607674987
EFT:-20.910413465057804,-5.44852931511253,-14.56373600051963,22.98155662036544,-13.306877775716648,0.4119604604308883,-23.287247252152543,-9.92925343459098,0.13949459713808685,2.1000787607675
Random196
Raw:-20.9104134650578,-5.448529315112526,-14.563736000519619,22.981556620365442,-13.306877775716647,0.4119604604308804,-23.28724725215254,-9.929253434590974,0.13949459713808487,2.1000787607674973
EFT:-20.910413465057804,-5.44852931511253,-14.56373600051963,22.981556620365442,-13.306877775716647,0.41196046043088813,-23.287247252152543,-9.92925343459098,0.1394945971380865,2.1000787607675
Random197
Raw:-20.910413465057793,-5.448529315112522,-14.563736000519622,22.98155662036544,-13.306877775716652,0.41196046043088647,-23.287247252152543,-9.929253434590976,0.13949459713807938,2.1000787607674956
EFT:-20.910413465057804,-5.44852931511253,-14.56373600051963,22.98155662036544,-13.306877775716647,0.4119604604308882,-23.287247252152543,-9.92925343459098,0.13949459713808662,2.1000787607675
Random198
Raw:-20.910413465057793,-5.448529315112526,-14.563736000519626,22.98155662036544,-13.306877775716645,0.4119604604308823,-23.287247252152543,-9.92925343459098,0.1394945971380831,2.1000787607674978
EFT:-20.910413465057804,-5.44852931511253,-14.56373600051963,22.98155662036544,-13.306877775716647,0.4119604604308882,-23.287247252152543,-9.92925343459098,0.13949459713808662,2.1000787607675
Random199
Raw:-20.910413465057797,-5.44852931511253,-14.56373600051963,22.981556620365435,-13.306877775716643,0.4119604604308893,-23.287247252152536,-9.929253434590983,0.13949459713808834,2.100078760767499
EFT:-20.910413465057804,-5.44852931511253,-14.56373600051963,22.981556620365442,-13.306877775716647,0.41196046043088813,-23.287247252152543,-9.92925343459098,0.1394945971380865,2.1000787607675
Random200
Raw:-20.910413465057804,-5.448529315112531,-14.563736000519627,22.981556620365442,-13.30687777571665,0.41196046043088497,-23.287247252152536,-9.929253434590983,0.13949459713809176,2.1000787607674987
EFT:-20.910413465057804,-5.44852931511253,-14.56373600051963,22.981556620365442,-13.306877775716647,0.4119604604308881,-23.287247252152543,-9.92925343459098,0.1394945971380866,2.1000787607675
Random201
Raw:-20.9104134650578,-5.448529315112528,-14.563736000519624,22.981556620365435,-13.306877775716643,0.41196046043088635,-23.287247252152543,-9.929253434590981,0.1394945971380861,2.100078760767503
EFT:-20.910413465057804,-5.44852931511253,-14.56373600051963,22.981556620365442,-13.306877775716647,0.4119604604308881,-23.287247252152543,-9.92925343459098,0.1394945971380866,2.1000787607675
Random202
Raw:-20.910413465057793,-5.448529315112529,-14.563736000519622,22.981556620365442,-13.306877775716648,0.4119604604308834,-23.28724725215254,-9.92925343459098,0.13949459713808854,2.1000787607674978
EFT:-20.910413465057804,-5.44852931511253,-14.56373600051963,22.98155662036544,-13.306877775716648,0.4119604604308883,-23.28724725215254,-9.92925343459098,0.13949459713808693,2.1000787607675
Random203
Raw:-20.910413465057793,-5.448529315112532,-14.563736000519626,22.98155662036543,-13.306877775716645,0.4119604604308863,-23.287247252152547,-9.929253434590978,0.13949459713808632,2.1000787607675018
EFT:-20.910413465057804,-5.44852931511253,-14.56373600051963,22.981556620365442,-13.306877775716647,0.41196046043088813,-23.287247252152543,-9.92925343459098,0.1394945971380865,2.1000787607675
Random204
Raw:-20.910413465057793,-5.448529315112527,-14.56373600051963,22.981556620365435,-13.306877775716641,0.4119604604308875,-23.287247252152532,-9.929253434590976,0.13949459713808587,2.1000787607675
EFT:-20.910413465057804,-5.44852931511253,-14.56373600051963,22.981556620365442,-13.306877775716647,0.41196046043088813,-23.287247252152543,-9.92925343459098,0.1394945971380865,2.1000787607675
Random205
Raw:-20.91041346505779,-5.44852931511253,-14.563736000519624,22.981556620365428,-13.306877775716643,0.4119604604308877,-23.287247252152543,-9.92925343459098,0.13949459713809031,2.1000787607674996
EFT:-20.910413465057804,-5.44852931511253,-14.56373600051963,22.981556620365442,-13.306877775716647,0.4119604604308881,-23.287247252152543,-9.92925343459098,0.1394945971380866,2.1000787607675
Random206
Raw:-20.910413465057804,-5.44852931511253,-14.56373600051963,22.981556620365442,-13.306877775716654,0.41196046043088463,-23.287247252152536,-9.929253434590978,0.1394945971380856,2.100078760767493
EFT:-20.910413465057804,-5.44852931511253,-14.56373600051963,22.981556620365442,-13.306877775716647,0.41196046043088813,-23.28724725215254,-9.92925343459098,0.1394945971380867,2.1000787607675
Random207
Raw:-20.910413465057797,-5.448529315112528,-14.563736000519622,22.98155662036544,-13.30687777571664,0.4119604604308835,-23.28724725215254,-9.929253434590978,0.13949459713808732,2.1000787607674987
EFT:-20.910413465057804,-5.44852931511253,-14.56373600051963,22.98155662036544,-13.306877775716648,0.41196046043088824,-23.287247252152543,-9.92925343459098,0.13949459713808673,2.1000787607675
Random208
Raw:-20.910413465057793,-5.448529315112525,-14.563736000519622,22.98155662036544,-13.306877775716645,0.411960460430886,-23.287247252152536,-9.929253434590974,0.13949459713808576,2.100078760767495
EFT:-20.910413465057804,-5.44852931511253,-14.56373600051963,22.98155662036544,-13.306877775716648,0.41196046043088824,-23.287247252152543,-9.92925343459098,0.13949459713808673,2.1000787607675
Random209
Raw:-20.910413465057797,-5.448529315112531,-14.563736000519631,22.981556620365446,-13.306877775716647,0.4119604604308813,-23.287247252152547,-9.929253434590978,0.13949459713808438,2.100078760767501
EFT:-20.910413465057804,-5.44852931511253,-14.56373600051963,22.981556620365442,-13.306877775716647,0.4119604604308881,-23.287247252152543,-9.92925343459098,0.1394945971380866,2.1000787607675
Random210
Raw:-20.910413465057804,-5.448529315112534,-14.563736000519635,22.98155662036543,-13.306877775716641,0.4119604604308918,-23.287247252152536,-9.929253434590983,0.13949459713809165,2.1000787607675018
EFT:-20.910413465057804,-5.44852931511253,-14.56373600051963,22.98155662036544,-13.306877775716648,0.41196046043088824,-23.287247252152543,-9.92925343459098,0.13949459713808673,2.1000787607675
Random211
Raw:-20.910413465057804,-5.44852931511253,-14.563736000519635,22.981556620365428,-13.306877775716647,0.4119604604308936,-23.287247252152547,-9.929253434590986,0.13949459713808943,2.100078760767503
EFT:-20.910413465057804,-5.44852931511253,-14.56373600051963,22.98155662036544,-13.306877775716648,0.41196046043088824,-23.287247252152543,-9.92925343459098,0.13949459713808673,2.1000787607675
Random212
Raw:-20.910413465057797,-5.448529315112528,-14.563736000519617,22.981556620365442,-13.306877775716654,0.41196046043087603,-23.287247252152532,-9.929253434590981,0.1394945971380872,2.100078760767499
EFT:-20.910413465057804,-5.44852931511253,-14.56373600051963,22.981556620365442,-13.306877775716647,0.4119604604308881,-23.287247252152543,-9.92925343459098,0.1394945971380866,2.1000787607675
Random213
Raw:-20.9104134650578,-5.448529315112529,-14.56373600051963,22.981556620365435,-13.306877775716648,0.411960460430885,-23.28724725215254,-9.92925343459098,0.13949459713808898,2.1000787607675
EFT:-20.910413465057804,-5.44852931511253,-14.56373600051963,22.981556620365442,-13.306877775716647,0.41196046043088813,-23.287247252152543,-9.92925343459098,0.1394945971380865,2.1000787607675
Random214
Raw:-20.910413465057786,-5.44852931511253,-14.563736000519626,22.981556620365435,-13.306877775716647,0.41196046043088475,-23.28724725215254,-9.929253434590978,0.1394945971380832,2.1000787607674964
EFT:-20.910413465057804,-5.44852931511253,-14.56373600051963,22.98155662036544,-13.306877775716648,0.41196046043088824,-23.28724725215254,-9.92925343459098,0.13949459713808693,2.1000787607675
Random215
Raw:-20.910413465057804,-5.4485293151125305,-14.563736000519627,22.98155662036544,-13.306877775716645,0.4119604604308901,-23.287247252152543,-9.929253434590981,0.13949459713808493,2.1000787607675013
EFT:-20.910413465057804,-5.44852931511253,-14.56373600051963,22.98155662036544,-13.306877775716648,0.41196046043088824,-23.287247252152543,-9.92925343459098,0.13949459713808673,2.1000787607675
Random216
Raw:-20.9104134650578,-5.448529315112531,-14.563736000519627,22.98155662036545,-13.30687777571665,0.41196046043088486,-23.287247252152547,-9.929253434590978,0.13949459713808365,2.1000787607674964
EFT:-20.910413465057804,-5.44852931511253,-14.56373600051963,22.98155662036544,-13.306877775716648,0.4119604604308883,-23.28724725215254,-9.92925343459098,0.13949459713808693,2.1000787607675
Random217
Raw:-20.910413465057793,-5.448529315112535,-14.563736000519627,22.981556620365435,-13.306877775716643,0.41196046043088475,-23.287247252152536,-9.929253434590981,0.13949459713808826,2.100078760767496
EFT:-20.910413465057804,-5.44852931511253,-14.56373600051963,22.98155662036544,-13.306877775716648,0.41196046043088835,-23.28724725215254,-9.92925343459098,0.13949459713808704,2.1000787607675
Random218
Raw:-20.9104134650578,-5.448529315112525,-14.563736000519626,22.981556620365435,-13.306877775716648,0.41196046043088697,-23.287247252152543,-9.929253434590972,0.1394945971380841,2.1000787607674942
EFT:-20.910413465057804,-5.44852931511253,-14.56373600051963,22.98155662036544,-13.306877775716648,0.41196046043088824,-23.287247252152543,-9.92925343459098,0.13949459713808673,2.1000787607675
Random219
Raw:-20.910413465057797,-5.4485293151125305,-14.563736000519627,22.981556620365435,-13.306877775716647,0.411960460430886,-23.28724725215254,-9.929253434590978,0.13949459713808854,2.1000787607675
EFT:-20.910413465057804,-5.44852931511253,-14.56373600051963,22.981556620365442,-13.306877775716648,0.4119604604308882,-23.287247252152543,-9.92925343459098,0.13949459713808682,2.1000787607675
Random220
Raw:-20.910413465057793,-5.448529315112529,-14.56373600051962,22.98155662036544,-13.306877775716645,0.41196046043088025,-23.287247252152543,-9.92925343459098,0.13949459713808898,2.100078760767502
EFT:-20.910413465057804,-5.44852931511253,-14.56373600051963,22.98155662036544,-13.306877775716648,0.41196046043088835,-23.287247252152543,-9.92925343459098,0.13949459713808685,2.1000787607675
Random221
Raw:-20.91041346505781,-5.448529315112529,-14.563736000519624,22.981556620365446,-13.306877775716647,0.4119604604308802,-23.28724725215254,-9.929253434590978,0.13949459713808493,2.1000787607674947
EFT:-20.910413465057804,-5.44852931511253,-14.56373600051963,22.98155662036544,-13.306877775716648,0.4119604604308883,-23.28724725215254,-9.92925343459098,0.13949459713808693,2.1000787607675
Random222
Raw:-20.910413465057793,-5.44852931511253,-14.563736000519622,22.981556620365442,-13.306877775716648,0.41196046043088425,-23.28724725215254,-9.929253434590978,0.1394945971380872,2.100078760767496
EFT:-20.910413465057804,-5.44852931511253,-14.56373600051963,22.98155662036544,-13.306877775716648,0.4119604604308884,-23.287247252152543,-9.92925343459098,0.13949459713808696,2.1000787607675
Random223
Raw:-20.9104134650578,-5.448529315112531,-14.563736000519627,22.981556620365442,-13.306877775716643,0.41196046043088175,-23.287247252152536,-9.929253434590978,0.13949459713808776,2.100078760767499
EFT:-20.910413465057804,-5.44852931511253,-14.56373600051963,22.98155662036544,-13.306877775716648,0.4119604604308883,-23.28724725215254,-9.92925343459098,0.13949459713808693,2.1000787607675
Random224
Raw:-20.9104134650578,-5.44852931511253,-14.563736000519624,22.981556620365442,-13.30687777571665,0.41196046043088025,-23.287247252152547,-9.929253434590978,0.13949459713808632,2.100078760767494
EFT:-20.910413465057804,-5.44852931511253,-14.56373600051963,22.981556620365442,-13.306877775716647,0.41196046043088813,-23.287247252152543,-9.92925343459098,0.1394945971380865,2.1000787607675
Random225
Raw:-20.910413465057808,-5.44852931511253,-14.563736000519627,22.981556620365446,-13.306877775716645,0.4119604604308886,-23.28724725215254,-9.929253434590978,0.13949459713808454,2.100078760767505
EFT:-20.910413465057804,-5.44852931511253,-14.56373600051963,22.98155662036544,-13.306877775716648,0.41196046043088824,-23.28724725215254,-9.92925343459098,0.13949459713808693,2.1000787607675
Random226
Raw:-20.9104134650578,-5.448529315112533,-14.563736000519624,22.98155662036544,-13.306877775716648,0.4119604604308891,-23.287247252152536,-9.929253434590974,0.13949459713808326,2.100078760767498
EFT:-20.910413465057804,-5.44852931511253,-14.56373600051963,22.98155662036544,-13.306877775716648,0.4119604604308883,-23.287247252152543,-9.92925343459098,0.13949459713808685,2.1000787607675
Random227
Raw:-20.91041346505779,-5.448529315112528,-14.563736000519624,22.98155662036543,-13.306877775716643,0.41196046043088613,-23.28724725215253,-9.929253434590981,0.13949459713809076,2.100078760767498
EFT:-20.910413465057804,-5.44852931511253,-14.56373600051963,22.98155662036544,-13.306877775716647,0.4119604604308882,-23.287247252152543,-9.92925343459098,0.13949459713808662,2.1000787607675
Random228
Raw:-20.910413465057797,-5.44852931511253,-14.56373600051962,22.981556620365435,-13.306877775716647,0.4119604604308845,-23.287247252152543,-9.929253434590976,0.13949459713808612,2.1000787607674987
EFT:-20.910413465057804,-5.44852931511253,-14.56373600051963,22.98155662036544,-13.306877775716647,0.4119604604308882,-23.287247252152543,-9.92925343459098,0.13949459713808662,2.1000787607675
Random229
Raw:-20.9104134650578,-5.448529315112531,-14.563736000519631,22.981556620365435,-13.306877775716641,0.41196046043088885,-23.28724725215254,-9.929253434590976,0.13949459713808454,2.1000787607674973
EFT:-20.910413465057804,-5.44852931511253,-14.56373600051963,22.98155662036544,-13.306877775716648,0.4119604604308884,-23.287247252152543,-9.92925343459098,0.13949459713808696,2.1000787607675
Random230
Raw:-20.910413465057793,-5.4485293151125305,-14.563736000519619,22.98155662036544,-13.306877775716643,0.4119604604308857,-23.287247252152536,-9.929253434590983,0.1394945971380892,2.1000787607675
EFT:-20.910413465057804,-5.44852931511253,-14.56373600051963,22.98155662036544,-13.306877775716648,0.41196046043088824,-23.28724725215254,-9.92925343459098,0.13949459713808693,2.1000787607675
Random231
Raw:-20.910413465057797,-5.448529315112528,-14.563736000519624,22.98155662036544,-13.306877775716648,0.4119604604308857,-23.287247252152543,-9.929253434590981,0.13949459713808968,2.1000787607674996
EFT:-20.910413465057804,-5.44852931511253,-14.56373600051963,22.981556620365442,-13.306877775716648,0.4119604604308882,-23.287247252152543,-9.92925343459098,0.13949459713808682,2.1000787607675
Random232
Raw:-20.910413465057797,-5.4485293151125225,-14.563736000519624,22.981556620365442,-13.306877775716645,0.4119604604308825,-23.287247252152547,-9.929253434590969,0.13949459713808232,2.1000787607674956
EFT:-20.910413465057804,-5.44852931511253,-14.56373600051963,22.98155662036544,-13.306877775716648,0.4119604604308883,-23.287247252152543,-9.92925343459098,0.13949459713808685,2.1000787607675
Random233
Raw:-20.91041346505781,-5.448529315112531,-14.563736000519627,22.981556620365446,-13.306877775716648,0.41196046043088486,-23.287247252152547,-9.929253434590978,0.13949459713808643,2.1000787607674964
EFT:-20.910413465057804,-5.44852931511253,-14.56373600051963,22.981556620365442,-13.306877775716648,0.4119604604308882,-23.287247252152543,-9.92925343459098,0.13949459713808682,2.1000787607675
Random234
Raw:-20.910413465057804,-5.448529315112527,-14.56373600051963,22.98155662036545,-13.306877775716648,0.4119604604308813,-23.287247252152543,-9.929253434590978,0.13949459713808499,2.1000787607674947
EFT:-20.910413465057804,-5.44852931511253,-14.56373600051963,22.981556620365442,-13.306877775716647,0.4119604604308881,-23.287247252152543,-9.92925343459098,0.1394945971380866,2.1000787607675
Random235
Raw:-20.910413465057793,-5.448529315112535,-14.563736000519631,22.981556620365435,-13.30687777571665,0.41196046043088647,-23.287247252152532,-9.92925343459098,0.13949459713809464,2.1000787607675018
EFT:-20.910413465057804,-5.44852931511253,-14.56373600051963,22.981556620365442,-13.306877775716647,0.41196046043088813,-23.287247252152543,-9.92925343459098,0.1394945971380865,2.1000787607675
Random236
Raw:-20.910413465057797,-5.448529315112528,-14.56373600051963,22.981556620365435,-13.306877775716641,0.4119604604308904,-23.28724725215254,-9.929253434590978,0.13949459713808654,2.1000787607675004
EFT:-20.910413465057804,-5.44852931511253,-14.56373600051963,22.981556620365442,-13.306877775716647,0.41196046043088813,-23.287247252152543,-9.92925343459098,0.1394945971380865,2.1000787607675
Random237
Raw:-20.910413465057804,-5.44852931511253,-14.56373600051963,22.981556620365435,-13.306877775716647,0.4119604604308902,-23.287247252152547,-9.92925343459098,0.13949459713808632,2.1000787607675027
EFT:-20.910413465057804,-5.44852931511253,-14.56373600051963,22.981556620365442,-13.306877775716647,0.41196046043088813,-23.28724725215254,-9.92925343459098,0.1394945971380867,2.1000787607675
Random238
Raw:-20.910413465057783,-5.448529315112526,-14.563736000519626,22.98155662036543,-13.306877775716645,0.41196046043088586,-23.287247252152532,-9.92925343459098,0.13949459713809065,2.100078760767496
EFT:-20.910413465057804,-5.44852931511253,-14.56373600051963,22.98155662036544,-13.306877775716647,0.41196046043088824,-23.287247252152543,-9.92925343459098,0.13949459713808662,2.1000787607675
Random239
Raw:-20.9104134650578,-5.448529315112529,-14.563736000519626,22.98155662036544,-13.306877775716648,0.4119604604308825,-23.287247252152536,-9.929253434590981,0.13949459713808987,2.100078760767499
EFT:-20.910413465057804,-5.44852931511253,-14.56373600051963,22.98155662036544,-13.306877775716648,0.41196046043088835,-23.287247252152543,-9.92925343459098,0.13949459713808685,2.1000787607675
Random240
Raw:-20.9104134650578,-5.448529315112528,-14.563736000519627,22.98155662036543,-13.306877775716641,0.4119604604308872,-23.28724725215254,-9.929253434590978,0.1394945971380861,2.1000787607674987
EFT:-20.910413465057804,-5.44852931511253,-14.56373600051963,22.981556620365442,-13.306877775716648,0.4119604604308882,-23.287247252152543,-9.92925343459098,0.13949459713808682,2.1000787607675
Random241
Raw:-20.910413465057793,-5.448529315112529,-14.563736000519622,22.981556620365435,-13.306877775716645,0.41196046043087964,-23.28724725215253,-9.929253434590974,0.13949459713808254,2.1000787607674902
EFT:-20.910413465057804,-5.44852931511253,-14.56373600051963,22.981556620365442,-13.306877775716647,0.4119604604308881,-23.287247252152543,-9.92925343459098,0.1394945971380866,2.1000787607675
Random242
Raw:-20.9104134650578,-5.44852931511253,-14.563736000519622,22.981556620365435,-13.30687777571665,0.4119604604308846,-23.28724725215255,-9.929253434590976,0.13949459713808718,2.1000787607675013
EFT:-20.910413465057804,-5.44852931511253,-14.56373600051963,22.98155662036544,-13.306877775716648,0.4119604604308883,-23.287247252152543,-9.92925343459098,0.13949459713808685,2.1000787607675
Random243
Raw:-20.910413465057797,-5.4485293151125305,-14.563736000519631,22.981556620365442,-13.306877775716643,0.4119604604308804,-23.287247252152547,-9.929253434590974,0.1394945971380847,2.1000787607675004
EFT:-20.910413465057804,-5.44852931511253,-14.56373600051963,22.981556620365442,-13.306877775716647,0.41196046043088813,-23.28724725215254,-9.92925343459098,0.1394945971380867,2.1000787607675
Random244
Raw:-20.910413465057793,-5.448529315112528,-14.563736000519622,22.981556620365435,-13.306877775716641,0.4119604604308822,-23.287247252152536,-9.929253434590978,0.13949459713808643,2.1000787607674987
EFT:-20.910413465057804,-5.44852931511253,-14.56373600051963,22.98155662036544,-13.306877775716647,0.4119604604308882,-23.28724725215254,-9.92925343459098,0.1394945971380867,2.1000787607675
Random245
Raw:-20.91041346505779,-5.44852931511253,-14.56373600051962,22.981556620365435,-13.306877775716647,0.4119604604308833,-23.287247252152543,-9.92925343459098,0.1394945971380921,2.100078760767502
EFT:-20.910413465057804,-5.44852931511253,-14.56373600051963,22.981556620365442,-13.306877775716647,0.4119604604308881,-23.287247252152543,-9.92925343459098,0.1394945971380866,2.1000787607675
Random246
Raw:-20.910413465057797,-5.448529315112528,-14.563736000519631,22.98155662036543,-13.306877775716645,0.4119604604308893,-23.287247252152532,-9.929253434590985,0.13949459713808676,2.100078760767501
EFT:-20.910413465057804,-5.44852931511253,-14.56373600051963,22.98155662036544,-13.306877775716648,0.4119604604308884,-23.287247252152543,-9.92925343459098,0.13949459713808696,2.1000787607675
Random247
Raw:-20.910413465057797,-5.448529315112533,-14.563736000519622,22.98155662036544,-13.306877775716648,0.41196046043088197,-23.28724725215253,-9.929253434590981,0.13949459713808982,2.1000787607674973
EFT:-20.910413465057804,-5.44852931511253,-14.56373600051963,22.98155662036544,-13.306877775716647,0.4119604604308882,-23.287247252152543,-9.92925343459098,0.13949459713808662,2.1000787607675
Random248
Raw:-20.910413465057793,-5.448529315112532,-14.563736000519622,22.981556620365442,-13.306877775716648,0.41196046043087875,-23.287247252152547,-9.929253434590974,0.13949459713808787,2.100078760767498
EFT:-20.910413465057804,-5.44852931511253,-14.56373600051963,22.98155662036544,-13.306877775716648,0.4119604604308883,-23.28724725215254,-9.92925343459098,0.13949459713808693,2.1000787607675
Random249
Raw:-20.91041346505781,-5.448529315112529,-14.56373600051963,22.981556620365442,-13.306877775716645,0.41196046043088586,-23.287247252152547,-9.92925343459098,0.1394945971380861,2.1000787607675013
EFT:-20.910413465057804,-5.44852931511253,-14.56373600051963,22.98155662036544,-13.306877775716647,0.4119604604308882,-23.287247252152543,-9.92925343459098,0.13949459713808662,2.1000787607675
Random250
Raw:-20.9104134650578,-5.448529315112532,-14.56373600051963,22.981556620365435,-13.306877775716645,0.41196046043088785,-23.28724725215254,-9.92925343459098,0.1394945971380901,2.1000787607675035
EFT:-20.910413465057804,-5.44852931511253,-14.56373600051963,22.981556620365442,-13.306877775716648,0.4119604604308882,-23.287247252152543,-9.92925343459098,0.13949459713808682,2.1000787607675
Random251
Raw:-20.910413465057797,-5.448529315112528,-14.563736000519631,22.981556620365442,-13.306877775716645,0.41196046043088674,-23.28724725215254,-9.929253434590978,0.13949459713808676,2.1000787607674987
EFT:-20.910413465057804,-5.44852931511253,-14.56373600051963,22.98155662036544,-13.306877775716648,0.41196046043088824,-23.287247252152543,-9.92925343459098,0.13949459713808673,2.1000787607675
Random252
Raw:-20.9104134650578,-5.4485293151125305,-14.563736000519624,22.98155662036544,-13.306877775716643,0.41196046043088574,-23.287247252152547,-9.92925343459098,0.13949459713808499,2.1000787607675004
EFT:-20.910413465057804,-5.44852931511253,-14.56373600051963,22.98155662036544,-13.306877775716647,0.4119604604308882,-23.28724725215254,-9.92925343459098,0.1394945971380867,2.1000787607675
Random253
Raw:-20.9104134650578,-5.44852931511253,-14.56373600051963,22.98155662036545,-13.306877775716643,0.41196046043088663,-23.287247252152536,-9.929253434590976,0.1394945971380861,2.1000787607674947
EFT:-20.910413465057804,-5.44852931511253,-14.56373600051963,22.981556620365442,-13.306877775716648,0.4119604604308882,-23.287247252152543,-9.92925343459098,0.13949459713808682,2.1000787607675
Random254
Raw:-20.910413465057797,-5.44852931511253,-14.563736000519624,22.98155662036544,-13.306877775716647,0.41196046043088175,-23.287247252152536,-9.929253434590978,0.13949459713808504,2.1000787607674964
EFT:-20.910413465057804,-5.44852931511253,-14.56373600051963,22.98155662036544,-13.306877775716648,0.4119604604308883,-23.287247252152543,-9.92925343459098,0.13949459713808685,2.1000787607675
Random255
Raw:-20.910413465057793,-5.448529315112529,-14.563736000519622,22.981556620365435,-13.306877775716645,0.4119604604308862,-23.287247252152543,-9.929253434590978,0.13949459713808743,2.100078760767503
EFT:-20.910413465057804,-5.44852931511253,-14.56373600051963,22.981556620365442,-13.306877775716647,0.41196046043088813,-23.28724725215254,-9.92925343459098,0.1394945971380867,2.1000787607675
Random256
Raw:-20.91041346505779,-5.4485293151125305,-14.563736000519631,22.981556620365435,-13.306877775716638,0.411960460430884,-23.287247252152532,-9.929253434590981,0.13949459713809031,2.100078760767499
EFT:-20.910413465057804,-5.44852931511253,-14.56373600051963,22.981556620365442,-13.306877775716648,0.4119604604308882,-23.287247252152543,-9.92925343459098,0.13949459713808682,2.1000787607675
Random257
Raw:-20.910413465057808,-5.44852931511253,-14.563736000519626,22.981556620365446,-13.306877775716648,0.41196046043088463,-23.287247252152547,-9.929253434590978,0.13949459713808382,2.100078760767499
EFT:-20.910413465057804,-5.44852931511253,-14.56373600051963,22.981556620365442,-13.306877775716647,0.41196046043088813,-23.28724725215254,-9.92925343459098,0.1394945971380867,2.1000787607675
Random258
Raw:-20.910413465057793,-5.448529315112527,-14.563736000519619,22.98155662036544,-13.306877775716645,0.411960460430878,-23.28724725215254,-9.929253434590974,0.13949459713808637,2.100078760767495
EFT:-20.910413465057804,-5.44852931511253,-14.56373600051963,22.981556620365442,-13.306877775716647,0.41196046043088813,-23.28724725215254,-9.92925343459098,0.1394945971380867,2.1000787607675
Random259
Raw:-20.910413465057797,-5.448529315112526,-14.56373600051962,22.98155662036543,-13.306877775716641,0.41196046043088275,-23.28724725215254,-9.929253434590983,0.13949459713808987,2.100078760767504
EFT:-20.910413465057804,-5.44852931511253,-14.56373600051963,22.98155662036544,-13.306877775716648,0.4119604604308884,-23.287247252152543,-9.92925343459098,0.13949459713808696,2.1000787607675
Random260
Raw:-20.910413465057808,-5.448529315112526,-14.563736000519631,22.98155662036545,-13.306877775716654,0.41196046043088674,-23.287247252152543,-9.929253434590974,0.139494597138081,2.100078760767497
EFT:-20.910413465057804,-5.44852931511253,-14.56373600051963,22.98155662036544,-13.306877775716648,0.4119604604308883,-23.28724725215254,-9.92925343459098,0.13949459713808693,2.1000787607675
Random261
Raw:-20.910413465057793,-5.448529315112533,-14.563736000519627,22.981556620365428,-13.306877775716643,0.4119604604308946,-23.28724725215253,-9.929253434590985,0.1394945971380953,2.100078760767504
EFT:-20.910413465057804,-5.44852931511253,-14.56373600051963,22.981556620365442,-13.306877775716648,0.4119604604308882,-23.287247252152543,-9.92925343459098,0.13949459713808682,2.1000787607675
Random262
Raw:-20.910413465057804,-5.448529315112535,-14.56373600051963,22.98155662036544,-13.306877775716645,0.41196046043088796,-23.287247252152543,-9.929253434590985,0.13949459713809031,2.100078760767505
EFT:-20.910413465057804,-5.44852931511253,-14.56373600051963,22.98155662036544,-13.306877775716648,0.41196046043088824,-23.28724725215254,-9.92925343459098,0.13949459713808693,2.1000787607675
Random263
Raw:-20.9104134650578,-5.448529315112533,-14.563736000519627,22.981556620365446,-13.306877775716648,0.4119604604308857,-23.287247252152536,-9.929253434590983,0.13949459713808798,2.100078760767498
EFT:-20.910413465057804,-5.44852931511253,-14.56373600051963,22.98155662036544,-13.306877775716648,0.41196046043088824,-23.287247252152543,-9.92925343459098,0.13949459713808673,2.1000787607675
Random264
Raw:-20.9104134650578,-5.448529315112526,-14.563736000519631,22.98155662036544,-13.306877775716648,0.4119604604308882,-23.28724725215254,-9.929253434590981,0.13949459713808604,2.1000787607675
EFT:-20.910413465057804,-5.44852931511253,-14.56373600051963,22.98155662036544,-13.306877775716648,0.41196046043088824,-23.287247252152543,-9.92925343459098,0.13949459713808673,2.1000787607675
Random265
Raw:-20.9104134650578,-5.448529315112529,-14.563736000519626,22.98155662036544,-13.306877775716645,0.41196046043088136,-23.28724725215254,-9.929253434590978,0.13949459713808815,2.1000787607674964
EFT:-20.910413465057804,-5.44852931511253,-14.56373600051963,22.98155662036544,-13.306877775716648,0.41196046043088824,-23.28724725215254,-9.92925343459098,0.13949459713808693,2.1000787607675
Random266
Raw:-20.9104134650578,-5.448529315112529,-14.563736000519624,22.981556620365442,-13.306877775716645,0.4119604604308835,-23.287247252152543,-9.929253434590976,0.13949459713808388,2.100078760767499
EFT:-20.910413465057804,-5.44852931511253,-14.56373600051963,22.981556620365442,-13.306877775716647,0.4119604604308881,-23.287247252152543,-9.92925343459098,0.1394945971380866,2.1000787607675
Random267
Raw:-20.91041346505779,-5.44852931511253,-14.563736000519615,22.981556620365435,-13.306877775716645,0.41196046043087975,-23.287247252152536,-9.929253434590976,0.13949459713808687,2.100078760767498
EFT:-20.910413465057804,-5.44852931511253,-14.56373600051963,22.981556620365442,-13.306877775716648,0.4119604604308882,-23.287247252152543,-9.92925343459098,0.13949459713808682,2.1000787607675
Random268
Raw:-20.910413465057793,-5.448529315112534,-14.563736000519624,22.981556620365435,-13.306877775716655,0.41196046043088075,-23.287247252152532,-9.929253434590974,0.13949459713809298,2.1000787607674933
EFT:-20.910413465057804,-5.44852931511253,-14.56373600051963,22.98155662036544,-13.306877775716647,0.4119604604308882,-23.287247252152543,-9.92925343459098,0.13949459713808662,2.1000787607675
Random269
Raw:-20.910413465057804,-5.448529315112526,-14.563736000519631,22.981556620365435,-13.306877775716645,0.41196046043088685,-23.28724725215254,-9.929253434590978,0.13949459713808587,2.1000787607674978
EFT:-20.910413465057804,-5.44852931511253,-14.56373600051963,22.98155662036544,-13.306877775716648,0.41196046043088824,-23.287247252152543,-9.92925343459098,0.13949459713808673,2.1000787607675
Random270
Raw:-20.910413465057793,-5.44852931511253,-14.563736000519622,22.981556620365446,-13.30687777571665,0.41196046043088275,-23.28724725215255,-9.92925343459098,0.13949459713808587,2.1000787607674987
EFT:-20.910413465057804,-5.44852931511253,-14.56373600051963,22.98155662036544,-13.306877775716648,0.41196046043088835,-23.287247252152543,-9.92925343459098,0.13949459713808685,2.1000787607675
Random271
Raw:-20.91041346505779,-5.448529315112532,-14.56373600051962,22.981556620365442,-13.306877775716648,0.4119604604308788,-23.287247252152543,-9.92925343459098,0.13949459713808854,2.1000787607675027
EFT:-20.910413465057804,-5.44852931511253,-14.56373600051963,22.98155662036544,-13.306877775716647,0.41196046043088824,-23.287247252152543,-9.92925343459098,0.13949459713808662,2.1000787607675
Random272
Raw:-20.910413465057808,-5.448529315112525,-14.563736000519627,22.981556620365453,-13.306877775716648,0.41196046043088463,-23.28724725215254,-9.929253434590978,0.13949459713808054,2.1000787607674933
EFT:-20.910413465057804,-5.44852931511253,-14.56373600051963,22.981556620365442,-13.306877775716648,0.4119604604308882,-23.287247252152543,-9.92925343459098,0.13949459713808682,2.1000787607675
Random273
Raw:-20.910413465057797,-5.4485293151125305,-14.56373600051963,22.981556620365435,-13.306877775716643,0.4119604604308813,-23.287247252152536,-9.929253434590976,0.1394945971380881,2.1000787607675
EFT:-20.910413465057804,-5.44852931511253,-14.56373600051963,22.98155662036544,-13.306877775716647,0.4119604604308882,-23.287247252152543,-9.92925343459098,0.13949459713808662,2.1000787607675
Random274
Raw:-20.91041346505779,-5.448529315112526,-14.563736000519622,22.98155662036543,-13.306877775716638,0.41196046043088347,-23.287247252152547,-9.929253434590978,0.13949459713808576,2.1000787607675053
EFT:-20.910413465057804,-5.44852931511253,-14.56373600051963,22.98155662036544,-13.306877775716647,0.4119604604308882,-23.287247252152543,-9.92925343459098,0.13949459713808662,2.1000787607675
Random275
Raw:-20.91041346505781,-5.448529315112527,-14.563736000519635,22.981556620365442,-13.306877775716645,0.4119604604308905,-23.287247252152543,-9.929253434590978,0.13949459713808232,2.1000787607675004
EFT:-20.910413465057804,-5.44852931511253,-14.56373600051963,22.981556620365442,-13.306877775716647,0.41196046043088813,-23.28724725215254,-9.92925343459098,0.1394945971380867,2.1000787607675
Random276
Raw:-20.910413465057804,-5.448529315112528,-14.563736000519622,22.981556620365446,-13.306877775716641,0.41196046043088375,-23.287247252152554,-9.929253434590976,0.13949459713808277,2.1000787607675013
EFT:-20.910413465057804,-5.44852931511253,-14.56373600051963,22.981556620365442,-13.306877775716647,0.41196046043088813,-23.28724725215254,-9.92925343459098,0.1394945971380867,2.1000787607675
Random277
Raw:-20.910413465057797,-5.448529315112525,-14.56373600051963,22.98155662036543,-13.306877775716641,0.411960460430886,-23.28724725215254,-9.929253434590974,0.13949459713808143,2.1000787607675035
EFT:-20.910413465057804,-5.44852931511253,-14.56373600051963,22.98155662036544,-13.306877775716647,0.4119604604308883,-23.287247252152543,-9.92925343459098,0.13949459713808673,2.1000787607675
Random278
Raw:-20.91041346505781,-5.4485293151125305,-14.563736000519631,22.98155662036545,-13.306877775716645,0.4119604604308862,-23.287247252152543,-9.92925343459098,0.13949459713808898,2.1000787607674973
EFT:-20.910413465057804,-5.44852931511253,-14.56373600051963,22.98155662036544,-13.306877775716647,0.4119604604308882,-23.287247252152543,-9.92925343459098,0.13949459713808662,2.1000787607675
Random279
Raw:-20.91041346505779,-5.448529315112531,-14.56373600051962,22.98155662036544,-13.306877775716647,0.4119604604308827,-23.287247252152536,-9.929253434590974,0.1394945971380921,2.1000787607674902
EFT:-20.910413465057804,-5.44852931511253,-14.56373600051963,22.98155662036544,-13.306877775716648,0.41196046043088824,-23.287247252152543,-9.92925343459098,0.13949459713808673,2.1000787607675
Random280
Raw:-20.910413465057793,-5.44852931511253,-14.563736000519624,22.98155662036543,-13.306877775716647,0.41196046043088685,-23.287247252152536,-9.929253434590983,0.13949459713809076,2.100078760767503
EFT:-20.910413465057804,-5.44852931511253,-14.56373600051963,22.98155662036544,-13.306877775716648,0.4119604604308883,-23.28724725215254,-9.92925343459098,0.13949459713808693,2.1000787607675
Random281
Raw:-20.9104134650578,-5.448529315112524,-14.56373600051963,22.981556620365435,-13.306877775716648,0.4119604604308956,-23.287247252152536,-9.929253434590978,0.13949459713808765,2.100078760767496
EFT:-20.910413465057804,-5.44852931511253,-14.56373600051963,22.98155662036544,-13.306877775716648,0.4119604604308883,-23.287247252152543,-9.92925343459098,0.13949459713808685,2.1000787607675
Random282
Raw:-20.910413465057797,-5.448529315112525,-14.563736000519624,22.981556620365442,-13.306877775716645,0.41196046043088386,-23.287247252152532,-9.929253434590976,0.13949459713808643,2.1000787607674973
EFT:-20.910413465057804,-5.44852931511253,-14.56373600051963,22.98155662036544,-13.306877775716648,0.4119604604308883,-23.28724725215254,-9.92925343459098,0.13949459713808693,2.1000787607675
Random283
Raw:-20.910413465057797,-5.448529315112532,-14.563736000519627,22.981556620365442,-13.306877775716641,0.4119604604308804,-23.287247252152536,-9.92925343459098,0.13949459713808987,2.1000787607674964
EFT:-20.910413465057804,-5.44852931511253,-14.56373600051963,22.981556620365442,-13.306877775716647,0.41196046043088813,-23.28724725215254,-9.92925343459098,0.1394945971380867,2.1000787607675
Random284
Raw:-20.910413465057793,-5.44852931511253,-14.56373600051962,22.98155662036544,-13.306877775716647,0.4119604604308809,-23.287247252152543,-9.929253434590974,0.13949459713808898,2.1000787607674996
EFT:-20.910413465057804,-5.44852931511253,-14.56373600051963,22.98155662036544,-13.306877775716647,0.4119604604308882,-23.28724725215254,-9.92925343459098,0.1394945971380867,2.1000787607675
Random285
Raw:-20.910413465057797,-5.448529315112524,-14.563736000519626,22.98155662036544,-13.306877775716648,0.4119604604308844,-23.28724725215254,-9.92925343459098,0.13949459713808499,2.1000787607674947
EFT:-20.910413465057804,-5.44852931511253,-14.56373600051963,22.98155662036544,-13.306877775716648,0.4119604604308884,-23.287247252152543,-9.92925343459098,0.13949459713808696,2.1000787607675
Random286
Raw:-20.910413465057793,-5.44852931511253,-14.563736000519624,22.981556620365435,-13.306877775716643,0.41196046043088363,-23.28724725215254,-9.929253434590976,0.13949459713809065,2.1000787607674973
EFT:-20.910413465057804,-5.44852931511253,-14.56373600051963,22.981556620365442,-13.306877775716647,0.41196046043088813,-23.287247252152543,-9.92925343459098,0.1394945971380865,2.1000787607675
Random287
Raw:-20.910413465057804,-5.448529315112531,-14.563736000519631,22.981556620365442,-13.306877775716654,0.41196046043088813,-23.287247252152543,-9.929253434590981,0.13949459713809115,2.1000787607675004
EFT:-20.910413465057804,-5.44852931511253,-14.56373600051963,22.98155662036544,-13.306877775716647,0.4119604604308882,-23.28724725215254,-9.92925343459098,0.1394945971380867,2.1000787607675
Random288
Raw:-20.910413465057797,-5.44852931511253,-14.563736000519624,22.98155662036544,-13.306877775716643,0.4119604604308833,-23.28724725215254,-9.92925343459098,0.1394945971380883,2.100078760767502
EFT:-20.910413465057804,-5.44852931511253,-14.56373600051963,22.981556620365442,-13.306877775716647,0.4119604604308881,-23.287247252152543,-9.92925343459098,0.1394945971380866,2.1000787607675
Random289
Raw:-20.910413465057797,-5.448529315112534,-14.563736000519627,22.98155662036544,-13.306877775716648,0.41196046043088663,-23.287247252152536,-9.929253434590985,0.13949459713809503,2.100078760767506
EFT:-20.910413465057804,-5.44852931511253,-14.56373600051963,22.981556620365442,-13.306877775716647,0.41196046043088813,-23.28724725215254,-9.92925343459098,0.1394945971380867,2.1000787607675
Random290
Raw:-20.9104134650578,-5.4485293151125305,-14.56373600051963,22.981556620365442,-13.306877775716647,0.4119604604308841,-23.287247252152543,-9.929253434590974,0.13949459713808277,2.1000787607674956
EFT:-20.910413465057804,-5.44852931511253,-14.56373600051963,22.981556620365442,-13.306877775716647,0.41196046043088813,-23.28724725215254,-9.92925343459098,0.1394945971380867,2.1000787607675
Random291
Raw:-20.9104134650578,-5.448529315112528,-14.563736000519627,22.981556620365435,-13.306877775716654,0.4119604604308822,-23.287247252152522,-9.929253434590976,0.13949459713808698,2.100078760767493
EFT:-20.910413465057804,-5.44852931511253,-14.56373600051963,22.981556620365442,-13.306877775716647,0.4119604604308881,-23.287247252152543,-9.92925343459098,0.1394945971380866,2.1000787607675
Random292
Raw:-20.910413465057797,-5.44852931511253,-14.56373600051963,22.981556620365435,-13.306877775716643,0.4119604604308831,-23.287247252152532,-9.929253434590983,0.13949459713809198,2.1000787607674987
EFT:-20.910413465057804,-5.44852931511253,-14.56373600051963,22.98155662036544,-13.306877775716648,0.4119604604308883,-23.28724725215254,-9.92925343459098,0.13949459713808693,2.1000787607675
Random293
Raw:-20.910413465057797,-5.448529315112528,-14.56373600051962,22.981556620365435,-13.306877775716648,0.41196046043088275,-23.287247252152536,-9.929253434590978,0.13949459713808948,2.1000787607674902
EFT:-20.910413465057804,-5.44852931511253,-14.56373600051963,22.98155662036544,-13.306877775716647,0.4119604604308883,-23.287247252152543,-9.92925343459098,0.13949459713808673,2.1000787607675
Random294
Raw:-20.910413465057804,-5.44852931511253,-14.563736000519633,22.981556620365442,-13.30687777571665,0.4119604604308852,-23.28724725215255,-9.929253434590978,0.13949459713807777,2.100078760767498
EFT:-20.910413465057804,-5.44852931511253,-14.56373600051963,22.98155662036544,-13.306877775716648,0.41196046043088824,-23.287247252152543,-9.92925343459098,0.13949459713808673,2.1000787607675
Random295
Raw:-20.9104134650578,-5.448529315112529,-14.56373600051963,22.981556620365442,-13.306877775716641,0.41196046043089063,-23.28724725215254,-9.929253434590978,0.1394945971380861,2.100078760767497
EFT:-20.910413465057804,-5.44852931511253,-14.56373600051963,22.98155662036544,-13.306877775716647,0.4119604604308883,-23.287247252152543,-9.92925343459098,0.13949459713808673,2.1000787607675
Random296
Raw:-20.91041346505781,-5.448529315112528,-14.563736000519624,22.981556620365446,-13.306877775716647,0.4119604604308782,-23.287247252152543,-9.929253434590974,0.13949459713808543,2.100078760767497
EFT:-20.910413465057804,-5.44852931511253,-14.56373600051963,22.98155662036544,-13.306877775716648,0.4119604604308883,-23.28724725215254,-9.92925343459098,0.13949459713808693,2.1000787607675
Random297
Raw:-20.9104134650578,-5.448529315112529,-14.563736000519624,22.981556620365435,-13.306877775716641,0.41196046043088064,-23.28724725215254,-9.929253434590983,0.13949459713809254,2.1000787607674987
EFT:-20.910413465057804,-5.44852931511253,-14.56373600051963,22.98155662036544,-13.306877775716648,0.4119604604308884,-23.287247252152543,-9.92925343459098,0.13949459713808696,2.1000787607675
Random298
Raw:-20.910413465057797,-5.448529315112531,-14.563736000519633,22.981556620365435,-13.306877775716643,0.4119604604308875,-23.287247252152532,-9.929253434590988,0.13949459713809254,2.1000787607675035
EFT:-20.910413465057804,-5.44852931511253,-14.56373600051963,22.98155662036544,-13.306877775716648,0.41196046043088835,-23.287247252152543,-9.92925343459098,0.13949459713808685,2.1000787607675
Random299
Raw:-20.910413465057797,-5.448529315112532,-14.563736000519619,22.981556620365435,-13.306877775716652,0.4119604604308881,-23.287247252152532,-9.929253434590974,0.13949459713808432,2.1000787607674947
EFT:-20.910413465057804,-5.44852931511253,-14.56373600051963,22.98155662036544,-13.306877775716648,0.41196046043088824,-23.287247252152543,-9.92925343459098,0.13949459713808673,2.1000787607675
Random300
Raw:-20.910413465057804,-5.44852931511253,-14.563736000519631,22.981556620365442,-13.306877775716643,0.4119604604308844,-23.287247252152543,-9.92925343459098,0.13949459713808599,2.1000787607675035
EFT:-20.910413465057804,-5.44852931511253,-14.56373600051963,22.981556620365442,-13.306877775716648,0.4119604604308882,-23.287247252152543,-9.92925343459098,0.13949459713808682,2.1000787607675
Random301
Raw:-20.9104134650578,-5.448529315112528,-14.563736000519626,22.98155662036543,-13.306877775716652,0.4119604604308902,-23.28724725215254,-9.929253434590981,0.13949459713808898,2.1000787607674964
EFT:-20.910413465057804,-5.44852931511253,-14.56373600051963,22.981556620365442,-13.306877775716648,0.4119604604308882,-23.287247252152543,-9.92925343459098,0.13949459713808682,2.1000787607675
Random302
Raw:-20.910413465057804,-5.448529315112531,-14.56373600051963,22.981556620365435,-13.306877775716645,0.4119604604308902,-23.287247252152543,-9.92925343459098,0.13949459713808904,2.1000787607675004
EFT:-20.910413465057804,-5.44852931511253,-14.56373600051963,22.981556620365442,-13.306877775716647,0.4119604604308881,-23.287247252152543,-9.92925343459098,0.1394945971380866,2.1000787607675
Random303
Raw:-20.910413465057797,-5.448529315112527,-14.563736000519622,22.981556620365435,-13.306877775716641,0.41196046043088264,-23.28724725215253,-9.92925343459098,0.13949459713808632,2.100078760767495
EFT:-20.910413465057804,-5.44852931511253,-14.56373600051963,22.98155662036544,-13.306877775716647,0.4119604604308882,-23.287247252152543,-9.92925343459098,0.13949459713808662,2.1000787607675
Random304
Raw:-20.91041346505779,-5.448529315112531,-14.563736000519626,22.981556620365435,-13.306877775716647,0.41196046043088336,-23.287247252152532,-9.929253434590983,0.13949459713809192,2.1000787607675
EFT:-20.910413465057804,-5.44852931511253,-14.56373600051963,22.98155662036544,-13.306877775716648,0.41196046043088824,-23.287247252152543,-9.92925343459098,0.13949459713808673,2.1000787607675
Random305
Raw:-20.910413465057808,-5.448529315112527,-14.563736000519635,22.981556620365442,-13.306877775716641,0.4119604604308902,-23.28724725215254,-9.929253434590978,0.13949459713808776,2.1000787607674996
EFT:-20.910413465057804,-5.44852931511253,-14.56373600051963,22.981556620365442,-13.306877775716647,0.41196046043088813,-23.287247252152543,-9.92925343459098,0.1394945971380865,2.1000787607675
Random306
Raw:-20.910413465057804,-5.448529315112527,-14.563736000519631,22.981556620365446,-13.306877775716648,0.41196046043088974,-23.287247252152543,-9.92925343459098,0.13949459713808235,2.100078760767499
EFT:-20.910413465057804,-5.44852931511253,-14.56373600051963,22.981556620365442,-13.306877775716647,0.41196046043088813,-23.287247252152543,-9.92925343459098,0.1394945971380865,2.1000787607675
Random307
Raw:-20.910413465057797,-5.448529315112527,-14.563736000519626,22.981556620365435,-13.306877775716645,0.41196046043088175,-23.287247252152536,-9.92925343459098,0.13949459713808865,2.1000787607674987
EFT:-20.910413465057804,-5.44852931511253,-14.56373600051963,22.98155662036544,-13.306877775716647,0.4119604604308883,-23.287247252152543,-9.92925343459098,0.13949459713808673,2.1000787607675
Random308
Raw:-20.910413465057797,-5.44852931511253,-14.56373600051963,22.981556620365442,-13.306877775716643,0.4119604604308825,-23.28724725215254,-9.929253434590981,0.13949459713808696,2.1000787607674973
EFT:-20.910413465057804,-5.44852931511253,-14.56373600051963,22.98155662036544,-13.306877775716648,0.41196046043088824,-23.287247252152543,-9.92925343459098,0.13949459713808673,2.1000787607675
Random309
Raw:-20.910413465057797,-5.4485293151125305,-14.563736000519622,22.98155662036543,-13.306877775716647,0.4119604604308791,-23.28724725215254,-9.92925343459098,0.1394945971380891,2.100078760767494
EFT:-20.910413465057804,-5.44852931511253,-14.56373600051963,22.98155662036544,-13.306877775716648,0.41196046043088824,-23.28724725215254,-9.92925343459098,0.13949459713808693,2.1000787607675
Random310
Raw:-20.910413465057804,-5.448529315112529,-14.563736000519627,22.98155662036544,-13.306877775716648,0.41196046043088297,-23.287247252152536,-9.929253434590976,0.13949459713808537,2.100078760767491
EFT:-20.910413465057804,-5.44852931511253,-14.56373600051963,22.981556620365442,-13.306877775716647,0.4119604604308881,-23.287247252152543,-9.92925343459098,0.1394945971380866,2.1000787607675
Random311
Raw:-20.910413465057786,-5.448529315112533,-14.563736000519633,22.981556620365428,-13.306877775716636,0.4119604604308884,-23.287247252152532,-9.92925343459098,0.13949459713808698,2.1000787607675044
EFT:-20.910413465057804,-5.44852931511253,-14.56373600051963,22.981556620365442,-13.306877775716648,0.4119604604308882,-23.287247252152543,-9.92925343459098,0.13949459713808682,2.1000787607675
Random312
Raw:-20.910413465057808,-5.448529315112523,-14.56373600051962,22.981556620365442,-13.30687777571665,0.4119604604308835,-23.28724725215254,-9.929253434590976,0.1394945971380851,2.1000787607674933
EFT:-20.910413465057804,-5.44852931511253,-14.56373600051963,22.98155662036544,-13.306877775716648,0.4119604604308883,-23.287247252152543,-9.92925343459098,0.13949459713808685,2.1000787607675
Random313
Raw:-20.9104134650578,-5.448529315112533,-14.563736000519627,22.981556620365442,-13.306877775716647,0.41196046043088663,-23.287247252152547,-9.929253434590978,0.13949459713808932,2.1000787607675
EFT:-20.910413465057804,-5.44852931511253,-14.56373600051963,22.98155662036544,-13.306877775716648,0.41196046043088824,-23.287247252152543,-9.92925343459098,0.13949459713808673,2.1000787607675
Random314
Raw:-20.9104134650578,-5.448529315112535,-14.563736000519619,22.981556620365435,-13.30687777571665,0.4119604604308815,-23.287247252152536,-9.929253434590981,0.13949459713809528,2.1000787607674956
EFT:-20.910413465057804,-5.44852931511253,-14.56373600051963,22.98155662036544,-13.306877775716648,0.41196046043088835,-23.287247252152543,-9.92925343459098,0.13949459713808685,2.1000787607675
Random315
Raw:-20.910413465057797,-5.448529315112531,-14.563736000519633,22.981556620365435,-13.306877775716643,0.4119604604308889,-23.28724725215254,-9.929253434590983,0.13949459713808976,2.1000787607675075
EFT:-20.910413465057804,-5.44852931511253,-14.56373600051963,22.981556620365442,-13.306877775716647,0.41196046043088813,-23.28724725215254,-9.92925343459098,0.1394945971380867,2.1000787607675
Random316
Raw:-20.910413465057804,-5.448529315112521,-14.563736000519622,22.981556620365435,-13.306877775716648,0.4119604604308794,-23.28724725215254,-9.929253434590976,0.1394945971380792,2.1000787607674956
EFT:-20.910413465057804,-5.44852931511253,-14.56373600051963,22.981556620365442,-13.306877775716647,0.41196046043088813,-23.28724725215254,-9.92925343459098,0.1394945971380867,2.1000787607675
Random317
Raw:-20.910413465057808,-5.448529315112532,-14.563736000519624,22.981556620365442,-13.30687777571665,0.41196046043088047,-23.287247252152543,-9.929253434590978,0.13949459713808687,2.1000787607675004
EFT:-20.910413465057804,-5.44852931511253,-14.56373600051963,22.98155662036544,-13.306877775716648,0.4119604604308883,-23.28724725215254,-9.92925343459098,0.13949459713808693,2.1000787607675
Random318
Raw:-20.910413465057793,-5.44852931511253,-14.563736000519624,22.98155662036544,-13.306877775716645,0.4119604604308844,-23.287247252152536,-9.929253434590978,0.13949459713808898,2.100078760767499
EFT:-20.910413465057804,-5.44852931511253,-14.56373600051963,22.98155662036544,-13.306877775716648,0.41196046043088824,-23.28724725215254,-9.92925343459098,0.13949459713808693,2.1000787607675
Random319
Raw:-20.9104134650578,-5.448529315112535,-14.563736000519631,22.98155662036544,-13.306877775716647,0.4119604604308864,-23.287247252152543,-9.929253434590981,0.13949459713809198,2.100078760767498
EFT:-20.910413465057804,-5.44852931511253,-14.56373600051963,22.981556620365442,-13.306877775716647,0.41196046043088813,-23.287247252152543,-9.92925343459098,0.1394945971380865,2.1000787607675
Random320
Raw:-20.910413465057804,-5.448529315112531,-14.563736000519627,22.981556620365442,-13.30687777571665,0.4119604604308812,-23.28724725215254,-9.929253434590978,0.13949459713808587,2.1000787607674947
EFT:-20.910413465057804,-5.44852931511253,-14.56373600051963,22.981556620365442,-13.306877775716647,0.41196046043088813,-23.287247252152543,-9.92925343459098,0.1394945971380865,2.1000787607675
Random321
Raw:-20.910413465057793,-5.44852931511253,-14.563736000519624,22.981556620365442,-13.306877775716647,0.41196046043088114,-23.287247252152543,-9.929253434590974,0.1394945971380845,2.100078760767498
EFT:-20.910413465057804,-5.44852931511253,-14.56373600051963,22.98155662036544,-13.306877775716647,0.4119604604308882,-23.287247252152543,-9.92925343459098,0.13949459713808662,2.1000787607675
Random322
Raw:-20.910413465057783,-5.448529315112528,-14.563736000519622,22.981556620365435,-13.306877775716645,0.4119604604308862,-23.28724725215253,-9.929253434590978,0.13949459713808768,2.1000787607674947
EFT:-20.910413465057804,-5.44852931511253,-14.56373600051963,22.981556620365442,-13.306877775716648,0.4119604604308882,-23.287247252152543,-9.92925343459098,0.13949459713808682,2.1000787607675
Random323
Raw:-20.910413465057797,-5.4485293151125305,-14.563736000519633,22.98155662036544,-13.306877775716641,0.4119604604308865,-23.28724725215254,-9.929253434590974,0.1394945971380845,2.1000787607674956
EFT:-20.910413465057804,-5.44852931511253,-14.56373600051963,22.98155662036544,-13.306877775716647,0.4119604604308882,-23.28724725215254,-9.92925343459098,0.1394945971380867,2.1000787607675
Random324
Raw:-20.910413465057797,-5.448529315112531,-14.563736000519631,22.981556620365435,-13.306877775716645,0.4119604604308885,-23.287247252152536,-9.92925343459098,0.13949459713808732,2.100078760767499
EFT:-20.910413465057804,-5.44852931511253,-14.56373600051963,22.98155662036544,-13.306877775716648,0.41196046043088835,-23.287247252152543,-9.92925343459098,0.13949459713808685,2.1000787607675
Random325
Raw:-20.9104134650578,-5.448529315112531,-14.563736000519624,22.98155662036544,-13.306877775716647,0.4119604604308804,-23.28724725215254,-9.929253434590985,0.13949459713808884,2.1000787607674964
EFT:-20.910413465057804,-5.44852931511253,-14.56373600051963,22.98155662036544,-13.306877775716647,0.4119604604308882,-23.287247252152543,-9.92925343459098,0.13949459713808662,2.1000787607675
Random326
Raw:-20.910413465057797,-5.448529315112529,-14.56373600051963,22.981556620365446,-13.306877775716652,0.4119604604308871,-23.28724725215254,-9.929253434590978,0.13949459713808443,2.1000787607674947
EFT:-20.910413465057804,-5.44852931511253,-14.56373600051963,22.98155662036544,-13.306877775716647,0.41196046043088824,-23.287247252152543,-9.92925343459098,0.13949459713808662,2.1000787607675
Random327
Raw:-20.910413465057808,-5.448529315112529,-14.563736000519631,22.981556620365442,-13.30687777571665,0.4119604604308912,-23.287247252152543,-9.929253434590981,0.13949459713808543,2.100078760767499
EFT:-20.910413465057804,-5.44852931511253,-14.56373600051963,22.981556620365442,-13.306877775716648,0.4119604604308882,-23.287247252152543,-9.92925343459098,0.13949459713808682,2.1000787607675
Random328
Raw:-20.9104134650578,-5.448529315112529,-14.563736000519631,22.981556620365446,-13.306877775716641,0.4119604604308864,-23.287247252152543,-9.929253434590981,0.13949459713808854,2.1000787607675013
EFT:-20.910413465057804,-5.44852931511253,-14.56373600051963,22.98155662036544,-13.306877775716648,0.41196046043088824,-23.28724725215254,-9.92925343459098,0.13949459713808693,2.1000787607675
Random329
Raw:-20.910413465057804,-5.448529315112529,-14.563736000519627,22.981556620365435,-13.30687777571664,0.41196046043088635,-23.287247252152543,-9.929253434590976,0.13949459713808454,2.1000787607675
EFT:-20.910413465057804,-5.44852931511253,-14.56373600051963,22.98155662036544,-13.306877775716647,0.4119604604308883,-23.287247252152543,-9.92925343459098,0.13949459713808673,2.1000787607675
Random330
Raw:-20.910413465057797,-5.44852931511253,-14.56373600051963,22.981556620365442,-13.30687777571665,0.4119604604308871,-23.28724725215254,-9.929253434590983,0.13949459713808743,2.1000787607675004
EFT:-20.910413465057804,-5.44852931511253,-14.56373600051963,22.98155662036544,-13.306877775716647,0.41196046043088824,-23.28724725215254,-9.92925343459098,0.13949459713808682,2.1000787607675
Random331
Raw:-20.910413465057793,-5.448529315112526,-14.563736000519631,22.981556620365442,-13.30687777571665,0.41196046043089285,-23.287247252152536,-9.929253434590974,0.139494597138083,2.100078760767496
EFT:-20.910413465057804,-5.44852931511253,-14.56373600051963,22.98155662036544,-13.306877775716648,0.4119604604308883,-23.28724725215254,-9.92925343459098,0.13949459713808693,2.1000787607675
Random332
Raw:-20.9104134650578,-5.448529315112533,-14.563736000519631,22.98155662036544,-13.30687777571665,0.41196046043088713,-23.28724725215254,-9.929253434590981,0.13949459713808865,2.1000787607675
EFT:-20.910413465057804,-5.44852931511253,-14.56373600051963,22.98155662036544,-13.306877775716648,0.41196046043088824,-23.287247252152543,-9.92925343459098,0.13949459713808673,2.1000787607675
Random333
Raw:-20.910413465057797,-5.448529315112527,-14.56373600051962,22.98155662036543,-13.306877775716641,0.41196046043088397,-23.287247252152543,-9.929253434590978,0.13949459713808532,2.1000787607675044
EFT:-20.910413465057804,-5.44852931511253,-14.56373600051963,22.98155662036544,-13.306877775716647,0.4119604604308883,-23.287247252152543,-9.92925343459098,0.13949459713808673,2.1000787607675
Random334
Raw:-20.910413465057808,-5.448529315112527,-14.563736000519633,22.98155662036544,-13.306877775716645,0.41196046043088574,-23.287247252152543,-9.92925343459098,0.13949459713808465,2.1000787607675
EFT:-20.910413465057804,-5.44852931511253,-14.56373600051963,22.981556620365442,-13.306877775716647,0.4119604604308881,-23.287247252152543,-9.92925343459098,0.1394945971380866,2.1000787607675
Random335
Raw:-20.9104134650578,-5.448529315112529,-14.563736000519627,22.981556620365435,-13.30687777571664,0.4119604604308862,-23.287247252152547,-9.929253434590976,0.13949459713808587,2.1000787607674987
EFT:-20.910413465057804,-5.44852931511253,-14.56373600051963,22.98155662036544,-13.306877775716648,0.4119604604308883,-23.287247252152543,-9.92925343459098,0.13949459713808685,2.1000787607675
Random336
Raw:-20.910413465057797,-5.448529315112531,-14.563736000519627,22.981556620365442,-13.30687777571664,0.4119604604308795,-23.287247252152536,-9.929253434590981,0.13949459713809126,2.100078760767501
EFT:-20.910413465057804,-5.44852931511253,-14.56373600051963,22.981556620365442,-13.306877775716647,0.41196046043088813,-23.287247252152543,-9.92925343459098,0.1394945971380865,2.1000787607675
Random337
Raw:-20.910413465057797,-5.448529315112526,-14.56373600051963,22.98155662036544,-13.306877775716648,0.4119604604308811,-23.287247252152536,-9.929253434590978,0.13949459713808593,2.1000787607674973
EFT:-20.910413465057804,-5.44852931511253,-14.56373600051963,22.981556620365442,-13.306877775716648,0.4119604604308882,-23.287247252152543,-9.92925343459098,0.13949459713808682,2.1000787607675
Random338
Raw:-20.91041346505779,-5.44852931511253,-14.563736000519617,22.981556620365435,-13.306877775716647,0.41196046043087853,-23.28724725215254,-9.929253434590976,0.1394945971380872,2.100078760767498
EFT:-20.910413465057804,-5.44852931511253,-14.56373600051963,22.98155662036544,-13.306877775716648,0.41196046043088835,-23.28724725215254,-9.92925343459098,0.13949459713808704,2.1000787607675
Random339
Raw:-20.910413465057797,-5.448529315112528,-14.563736000519624,22.98155662036544,-13.306877775716643,0.4119604604308821,-23.287247252152532,-9.92925343459098,0.13949459713808632,2.100078760767501
EFT:-20.910413465057804,-5.44852931511253,-14.56373600051963,22.981556620365442,-13.306877775716647,0.4119604604308881,-23.287247252152543,-9.92925343459098,0.1394945971380866,2.1000787607675
Random340
Raw:-20.9104134650578,-5.44852931511253,-14.56373600051963,22.981556620365442,-13.306877775716647,0.41196046043089135,-23.28724725215254,-9.929253434590983,0.13949459713808765,2.1000787607675
EFT:-20.910413465057804,-5.44852931511253,-14.56373600051963,22.981556620365442,-13.306877775716647,0.4119604604308881,-23.287247252152543,-9.92925343459098,0.1394945971380866,2.1000787607675
Random341
Raw:-20.9104134650578,-5.44852931511253,-14.56373600051963,22.981556620365442,-13.306877775716645,0.4119604604308855,-23.287247252152543,-9.929253434590978,0.13949459713808107,2.1000787607674956
EFT:-20.910413465057804,-5.44852931511253,-14.56373600051963,22.981556620365442,-13.306877775716647,0.41196046043088813,-23.28724725215254,-9.92925343459098,0.1394945971380867,2.1000787607675
Random342
Raw:-20.910413465057797,-5.448529315112529,-14.563736000519633,22.981556620365442,-13.306877775716641,0.4119604604308882,-23.28724725215254,-9.929253434590983,0.13949459713808998,2.1000787607674964
EFT:-20.910413465057804,-5.44852931511253,-14.56373600051963,22.981556620365442,-13.306877775716648,0.4119604604308882,-23.287247252152543,-9.92925343459098,0.13949459713808682,2.1000787607675
Random343
Raw:-20.910413465057797,-5.4485293151125225,-14.56373600051962,22.98155662036544,-13.306877775716645,0.41196046043088086,-23.287247252152543,-9.92925343459098,0.1394945971380857,2.1000787607675
EFT:-20.910413465057804,-5.44852931511253,-14.56373600051963,22.981556620365442,-13.306877775716647,0.4119604604308881,-23.287247252152543,-9.92925343459098,0.1394945971380866,2.1000787607675
Random344
Raw:-20.910413465057797,-5.44852931511253,-14.563736000519624,22.981556620365435,-13.306877775716647,0.41196046043088796,-23.28724725215254,-9.929253434590981,0.13949459713809098,2.1000787607675035
EFT:-20.910413465057804,-5.44852931511253,-14.56373600051963,22.98155662036544,-13.306877775716647,0.4119604604308883,-23.287247252152543,-9.92925343459098,0.13949459713808673,2.1000787607675
Random345
Raw:-20.9104134650578,-5.44852931511253,-14.563736000519626,22.981556620365442,-13.306877775716648,0.4119604604308855,-23.28724725215254,-9.92925343459098,0.13949459713808343,2.1000787607675004
EFT:-20.910413465057804,-5.44852931511253,-14.56373600051963,22.98155662036544,-13.306877775716647,0.41196046043088824,-23.28724725215254,-9.92925343459098,0.13949459713808682,2.1000787607675
Random346
Raw:-20.910413465057804,-5.448529315112528,-14.56373600051963,22.981556620365435,-13.306877775716645,0.4119604604308933,-23.287247252152536,-9.92925343459098,0.13949459713808687,2.100078760767501
EFT:-20.910413465057804,-5.44852931511253,-14.56373600051963,22.98155662036544,-13.306877775716647,0.4119604604308883,-23.287247252152543,-9.92925343459098,0.13949459713808673,2.1000787607675
Random347
Raw:-20.9104134650578,-5.448529315112531,-14.56373600051963,22.98155662036544,-13.306877775716647,0.41196046043087964,-23.28724725215254,-9.929253434590976,0.13949459713808965,2.100078760767494
EFT:-20.910413465057804,-5.44852931511253,-14.56373600051963,22.981556620365442,-13.306877775716647,0.41196046043088813,-23.287247252152543,-9.92925343459098,0.1394945971380865,2.1000787607675
Random348
Raw:-20.9104134650578,-5.4485293151125305,-14.56373600051963,22.981556620365442,-13.306877775716643,0.41196046043088447,-23.28724725215254,-9.929253434590976,0.13949459713809126,2.1000787607674947
EFT:-20.910413465057804,-5.44852931511253,-14.56373600051963,22.98155662036544,-13.306877775716648,0.4119604604308883,-23.287247252152543,-9.92925343459098,0.13949459713808685,2.1000787607675
Random349
Raw:-20.910413465057793,-5.448529315112528,-14.56373600051962,22.98155662036544,-13.306877775716643,0.41196046043088264,-23.287247252152532,-9.929253434590978,0.13949459713808857,2.1000787607674996
EFT:-20.910413465057804,-5.44852931511253,-14.56373600051963,22.98155662036544,-13.306877775716648,0.41196046043088824,-23.287247252152543,-9.92925343459098,0.13949459713808673,2.1000787607675
Random350
Raw:-20.910413465057808,-5.448529315112526,-14.563736000519626,22.98155662036544,-13.306877775716645,0.4119604604308813,-23.287247252152543,-9.929253434590976,0.13949459713808832,2.100078760767497
EFT:-20.910413465057804,-5.44852931511253,-14.56373600051963,22.98155662036544,-13.306877775716648,0.41196046043088824,-23.28724725215254,-9.92925343459098,0.13949459713808693,2.1000787607675
Random351
Raw:-20.910413465057808,-5.448529315112526,-14.563736000519631,22.98155662036544,-13.306877775716648,0.41196046043089085,-23.28724725215253,-9.929253434590978,0.139494597138084,2.100078760767492
EFT:-20.910413465057804,-5.44852931511253,-14.56373600051963,22.981556620365442,-13.306877775716648,0.4119604604308882,-23.287247252152543,-9.92925343459098,0.13949459713808682,2.1000787607675
Random352
Raw:-20.910413465057797,-5.448529315112534,-14.563736000519626,22.98155662036544,-13.306877775716643,0.4119604604308846,-23.287247252152543,-9.929253434590983,0.13949459713808782,2.1000787607675018
EFT:-20.910413465057804,-5.44852931511253,-14.56373600051963,22.981556620365442,-13.306877775716648,0.4119604604308882,-23.287247252152543,-9.92925343459098,0.13949459713808682,2.1000787607675
Random353
Raw:-20.910413465057793,-5.448529315112525,-14.563736000519619,22.98155662036543,-13.306877775716643,0.41196046043087897,-23.287247252152532,-9.929253434590976,0.13949459713808876,2.100078760767496
EFT:-20.910413465057804,-5.44852931511253,-14.56373600051963,22.98155662036544,-13.306877775716647,0.41196046043088824,-23.28724725215254,-9.92925343459098,0.13949459713808682,2.1000787607675
Random354
Raw:-20.910413465057793,-5.448529315112531,-14.563736000519627,22.981556620365435,-13.306877775716645,0.4119604604308853,-23.28724725215254,-9.929253434590981,0.13949459713808887,2.1000787607674987
EFT:-20.910413465057804,-5.44852931511253,-14.56373600051963,22.98155662036544,-13.306877775716647,0.41196046043088824,-23.28724725215254,-9.92925343459098,0.13949459713808682,2.1000787607675
Random355
Raw:-20.91041346505781,-5.448529315112529,-14.563736000519627,22.981556620365442,-13.306877775716648,0.41196046043088336,-23.287247252152547,-9.92925343459098,0.13949459713808676,2.1000787607675004
EFT:-20.910413465057804,-5.44852931511253,-14.56373600051963,22.98155662036544,-13.306877775716647,0.41196046043088824,-23.28724725215254,-9.92925343459098,0.13949459713808682,2.1000787607675
Random356
Raw:-20.9104134650578,-5.448529315112523,-14.563736000519631,22.981556620365442,-13.30687777571665,0.41196046043089063,-23.287247252152536,-9.929253434590978,0.1394945971380852,2.1000787607675
EFT:-20.910413465057804,-5.44852931511253,-14.56373600051963,22.981556620365442,-13.306877775716648,0.4119604604308882,-23.287247252152543,-9.92925343459098,0.13949459713808682,2.1000787607675
Random357
Raw:-20.910413465057804,-5.448529315112531,-14.563736000519624,22.981556620365442,-13.306877775716645,0.4119604604308824,-23.287247252152543,-9.929253434590976,0.13949459713808823,2.100078760767492
EFT:-20.910413465057804,-5.44852931511253,-14.56373600051963,22.981556620365442,-13.306877775716647,0.4119604604308881,-23.287247252152543,-9.92925343459098,0.1394945971380866,2.1000787607675
Random358
Raw:-20.91041346505779,-5.448529315112533,-14.563736000519622,22.98155662036544,-13.306877775716647,0.4119604604308873,-23.287247252152543,-9.929253434590983,0.13949459713808943,2.1000787607675027
EFT:-20.910413465057804,-5.44852931511253,-14.56373600051963,22.981556620365442,-13.306877775716647,0.41196046043088813,-23.28724725215254,-9.92925343459098,0.1394945971380867,2.1000787607675
Random359
Raw:-20.910413465057804,-5.448529315112525,-14.56373600051963,22.98155662036544,-13.306877775716643,0.4119604604308897,-23.28724725215254,-9.92925343459098,0.13949459713808765,2.1000787607675018
EFT:-20.910413465057804,-5.44852931511253,-14.56373600051963,22.981556620365442,-13.306877775716647,0.41196046043088813,-23.287247252152543,-9.92925343459098,0.1394945971380865,2.1000787607675
Random360
Raw:-20.910413465057797,-5.448529315112527,-14.563736000519619,22.98155662036543,-13.306877775716638,0.41196046043087964,-23.287247252152536,-9.929253434590978,0.13949459713808632,2.100078760767498
EFT:-20.910413465057804,-5.44852931511253,-14.56373600051963,22.98155662036544,-13.306877775716648,0.4119604604308884,-23.287247252152543,-9.92925343459098,0.13949459713808696,2.1000787607675
Random361
Raw:-20.910413465057793,-5.448529315112531,-14.56373600051962,22.981556620365442,-13.306877775716638,0.41196046043088264,-23.287247252152532,-9.929253434590981,0.13949459713808857,2.100078760767499
EFT:-20.910413465057804,-5.44852931511253,-14.56373600051963,22.981556620365442,-13.306877775716648,0.4119604604308882,-23.287247252152543,-9.92925343459098,0.13949459713808682,2.1000787607675
Random362
Raw:-20.91041346505779,-5.4485293151125305,-14.563736000519626,22.98155662036543,-13.306877775716645,0.41196046043088663,-23.28724725215254,-9.929253434590974,0.13949459713808365,2.100078760767495
EFT:-20.910413465057804,-5.44852931511253,-14.56373600051963,22.98155662036544,-13.306877775716648,0.4119604604308884,-23.287247252152543,-9.92925343459098,0.13949459713808696,2.1000787607675
Random363
Raw:-20.9104134650578,-5.448529315112528,-14.563736000519633,22.981556620365435,-13.306877775716647,0.41196046043089024,-23.287247252152536,-9.929253434590981,0.13949459713808973,2.100078760767501
EFT:-20.910413465057804,-5.44852931511253,-14.56373600051963,22.98155662036544,-13.306877775716648,0.41196046043088835,-23.287247252152543,-9.92925343459098,0.13949459713808685,2.1000787607675
Random364
Raw:-20.9104134650578,-5.448529315112528,-14.563736000519624,22.98155662036544,-13.306877775716645,0.41196046043088075,-23.287247252152547,-9.929253434590976,0.13949459713808143,2.1000787607674964
EFT:-20.910413465057804,-5.44852931511253,-14.56373600051963,22.98155662036544,-13.306877775716648,0.41196046043088824,-23.287247252152543,-9.92925343459098,0.13949459713808673,2.1000787607675
Random365
Raw:-20.9104134650578,-5.448529315112537,-14.563736000519626,22.98155662036544,-13.306877775716645,0.4119604604308822,-23.287247252152547,-9.929253434590983,0.13949459713808954,2.1000787607675004
EFT:-20.910413465057804,-5.44852931511253,-14.56373600051963,22.98155662036544,-13.306877775716647,0.41196046043088824,-23.28724725215254,-9.92925343459098,0.13949459713808682,2.1000787607675
Random366
Raw:-20.910413465057797,-5.448529315112528,-14.563736000519624,22.98155662036544,-13.306877775716652,0.4119604604308871,-23.28724725215254,-9.929253434590976,0.13949459713808388,2.1000787607674956
EFT:-20.910413465057804,-5.44852931511253,-14.56373600051963,22.98155662036544,-13.306877775716648,0.41196046043088824,-23.28724725215254,-9.92925343459098,0.13949459713808693,2.1000787607675
Random367
Raw:-20.910413465057793,-5.448529315112533,-14.563736000519626,22.981556620365435,-13.306877775716647,0.41196046043088524,-23.28724725215254,-9.929253434590981,0.13949459713808876,2.1000787607675035
EFT:-20.910413465057804,-5.44852931511253,-14.56373600051963,22.981556620365442,-13.306877775716648,0.4119604604308882,-23.287247252152543,-9.92925343459098,0.13949459713808682,2.1000787607675
Random368
Raw:-20.910413465057804,-5.448529315112531,-14.56373600051963,22.98155662036544,-13.306877775716645,0.41196046043088486,-23.287247252152547,-9.929253434590985,0.1394945971380889,2.1000787607675035
EFT:-20.910413465057804,-5.44852931511253,-14.56373600051963,22.981556620365442,-13.306877775716648,0.4119604604308882,-23.287247252152543,-9.92925343459098,0.13949459713808682,2.1000787607675
Random369
Raw:-20.9104134650578,-5.44852931511253,-14.563736000519622,22.98155662036544,-13.306877775716645,0.41196046043088674,-23.287247252152543,-9.929253434590978,0.13949459713808388,2.100078760767504
EFT:-20.910413465057804,-5.44852931511253,-14.56373600051963,22.981556620365442,-13.306877775716647,0.41196046043088813,-23.28724725215254,-9.92925343459098,0.1394945971380867,2.1000787607675
Random370
Raw:-20.9104134650578,-5.448529315112532,-14.563736000519615,22.981556620365435,-13.306877775716647,0.4119604604308811,-23.28724725215254,-9.929253434590978,0.1394945971380902,2.1000787607674942
EFT:-20.910413465057804,-5.44852931511253,-14.56373600051963,22.981556620365442,-13.306877775716647,0.41196046043088813,-23.287247252152543,-9.92925343459098,0.1394945971380865,2.1000787607675
Random371
Raw:-20.9104134650578,-5.448529315112526,-14.56373600051962,22.98155662036544,-13.306877775716643,0.41196046043088064,-23.287247252152543,-9.929253434590974,0.13949459713808054,2.1000787607674947
EFT:-20.910413465057804,-5.44852931511253,-14.56373600051963,22.98155662036544,-13.306877775716647,0.4119604604308882,-23.28724725215254,-9.92925343459098,0.1394945971380867,2.1000787607675
Random372
Raw:-20.910413465057797,-5.448529315112528,-14.563736000519633,22.981556620365442,-13.306877775716643,0.4119604604308864,-23.287247252152536,-9.929253434590981,0.13949459713808676,2.1000787607675013
EFT:-20.910413465057804,-5.44852931511253,-14.56373600051963,22.981556620365442,-13.306877775716648,0.4119604604308882,-23.287247252152543,-9.92925343459098,0.13949459713808682,2.1000787607675
Random373
Raw:-20.9104134650578,-5.448529315112534,-14.563736000519626,22.98155662036544,-13.306877775716645,0.41196046043088796,-23.287247252152543,-9.929253434590981,0.13949459713808754,2.1000787607675018
EFT:-20.910413465057804,-5.44852931511253,-14.56373600051963,22.98155662036544,-13.306877775716648,0.41196046043088835,-23.287247252152543,-9.92925343459098,0.13949459713808685,2.1000787607675
Random374
Raw:-20.910413465057804,-5.448529315112534,-14.563736000519636,22.98155662036545,-13.306877775716645,0.4119604604308874,-23.287247252152536,-9.929253434590974,0.1394945971380872,2.100078760767498
EFT:-20.910413465057804,-5.44852931511253,-14.56373600051963,22.98155662036544,-13.306877775716647,0.4119604604308882,-23.287247252152543,-9.92925343459098,0.13949459713808662,2.1000787607675
Random375
Raw:-20.910413465057804,-5.448529315112528,-14.56373600051962,22.98155662036544,-13.306877775716645,0.4119604604308812,-23.28724725215254,-9.929253434590976,0.13949459713808382,2.1000787607674947
EFT:-20.910413465057804,-5.44852931511253,-14.56373600051963,22.98155662036544,-13.306877775716648,0.41196046043088824,-23.287247252152543,-9.92925343459098,0.13949459713808673,2.1000787607675
Random376
Raw:-20.9104134650578,-5.448529315112525,-14.563736000519624,22.98155662036544,-13.306877775716645,0.41196046043088563,-23.287247252152536,-9.929253434590978,0.13949459713808648,2.1000787607674973
EFT:-20.910413465057804,-5.44852931511253,-14.56373600051963,22.981556620365442,-13.306877775716647,0.41196046043088813,-23.28724725215254,-9.92925343459098,0.1394945971380867,2.1000787607675
Random377
Raw:-20.910413465057804,-5.448529315112526,-14.563736000519627,22.981556620365442,-13.306877775716647,0.41196046043088685,-23.287247252152543,-9.929253434590976,0.13949459713808776,2.100078760767495
EFT:-20.910413465057804,-5.44852931511253,-14.56373600051963,22.981556620365442,-13.306877775716647,0.41196046043088813,-23.287247252152543,-9.92925343459098,0.1394945971380865,2.1000787607675
Random378
Raw:-20.910413465057804,-5.448529315112523,-14.563736000519626,22.98155662036543,-13.306877775716647,0.4119604604308871,-23.28724725215254,-9.929253434590978,0.13949459713808765,2.100078760767498
EFT:-20.910413465057804,-5.44852931511253,-14.56373600051963,22.98155662036544,-13.306877775716648,0.4119604604308883,-23.287247252152543,-9.92925343459098,0.13949459713808685,2.1000787607675
Random379
Raw:-20.910413465057815,-5.448529315112526,-14.563736000519635,22.98155662036545,-13.306877775716648,0.4119604604308873,-23.287247252152547,-9.929253434590978,0.13949459713808254,2.100078760767497
EFT:-20.910413465057804,-5.44852931511253,-14.56373600051963,22.981556620365442,-13.306877775716647,0.4119604604308881,-23.287247252152543,-9.92925343459098,0.1394945971380866,2.1000787607675
Random380
Raw:-20.9104134650578,-5.448529315112533,-14.56373600051963,22.981556620365435,-13.306877775716645,0.4119604604308871,-23.28724725215254,-9.92925343459098,0.1394945971380941,2.100078760767501
EFT:-20.910413465057804,-5.44852931511253,-14.56373600051963,22.981556620365442,-13.306877775716647,0.41196046043088813,-23.28724725215254,-9.92925343459098,0.1394945971380867,2.1000787607675
Random381
Raw:-20.910413465057804,-5.448529315112526,-14.563736000519622,22.981556620365442,-13.306877775716647,0.4119604604308824,-23.287247252152543,-9.929253434590976,0.13949459713808543,2.100078760767495
EFT:-20.910413465057804,-5.44852931511253,-14.56373600051963,22.98155662036544,-13.306877775716647,0.4119604604308882,-23.28724725215254,-9.92925343459098,0.1394945971380867,2.1000787607675
Random382
Raw:-20.9104134650578,-5.448529315112529,-14.563736000519627,22.981556620365442,-13.306877775716645,0.4119604604308851,-23.287247252152547,-9.929253434590978,0.1394945971380822,2.1000787607674973
EFT:-20.910413465057804,-5.44852931511253,-14.56373600051963,22.98155662036544,-13.306877775716647,0.41196046043088824,-23.28724725215254,-9.92925343459098,0.13949459713808682,2.1000787607675
Random383
Raw:-20.9104134650578,-5.448529315112527,-14.563736000519633,22.981556620365442,-13.306877775716645,0.41196046043088586,-23.287247252152536,-9.92925343459097,0.13949459713808587,2.1000787607674947
EFT:-20.910413465057804,-5.44852931511253,-14.56373600051963,22.981556620365442,-13.306877775716647,0.41196046043088813,-23.28724725215254,-9.92925343459098,0.1394945971380867,2.1000787607675
Random384
Raw:-20.9104134650578,-5.448529315112532,-14.563736000519626,22.981556620365435,-13.30687777571665,0.4119604604308856,-23.28724725215254,-9.929253434590985,0.13949459713809265,2.1000787607675
EFT:-20.910413465057804,-5.44852931511253,-14.56373600051963,22.981556620365442,-13.306877775716648,0.4119604604308882,-23.287247252152543,-9.92925343459098,0.13949459713808682,2.1000787607675
Random385
Raw:-20.910413465057793,-5.448529315112529,-14.563736000519626,22.98155662036543,-13.306877775716641,0.41196046043088663,-23.28724725215254,-9.929253434590983,0.1394945971380922,2.100078760767502
EFT:-20.910413465057804,-5.44852931511253,-14.56373600051963,22.98155662036544,-13.306877775716648,0.41196046043088824,-23.28724725215254,-9.92925343459098,0.13949459713808693,2.1000787607675
Random386
Raw:-20.91041346505779,-5.448529315112528,-14.563736000519619,22.981556620365435,-13.306877775716645,0.41196046043088774,-23.287247252152525,-9.92925343459098,0.13949459713809273,2.100078760767497
EFT:-20.910413465057804,-5.44852931511253,-14.56373600051963,22.98155662036544,-13.306877775716648,0.4119604604308883,-23.28724725215254,-9.92925343459098,0.13949459713808693,2.1000787607675
Random387
Raw:-20.9104134650578,-5.448529315112531,-14.563736000519631,22.981556620365442,-13.306877775716643,0.4119604604308885,-23.287247252152543,-9.929253434590978,0.1394945971380872,2.1000787607674973
EFT:-20.910413465057804,-5.44852931511253,-14.56373600051963,22.98155662036544,-13.306877775716648,0.4119604604308884,-23.287247252152543,-9.92925343459098,0.13949459713808696,2.1000787607675
Random388
Raw:-20.910413465057797,-5.448529315112535,-14.563736000519622,22.98155662036544,-13.306877775716645,0.4119604604308806,-23.28724725215254,-9.929253434590983,0.1394945971380921,2.1000787607675027
EFT:-20.910413465057804,-5.44852931511253,-14.56373600051963,22.981556620365442,-13.306877775716647,0.41196046043088813,-23.287247252152543,-9.92925343459098,0.1394945971380865,2.1000787607675
Random389
Raw:-20.910413465057793,-5.44852931511253,-14.563736000519627,22.98155662036545,-13.306877775716643,0.4119604604308825,-23.287247252152543,-9.929253434590983,0.13949459713808943,2.1000787607675
EFT:-20.910413465057804,-5.44852931511253,-14.56373600051963,22.981556620365442,-13.306877775716647,0.41196046043088813,-23.287247252152543,-9.92925343459098,0.1394945971380865,2.1000787607675
Random390
Raw:-20.910413465057804,-5.448529315112528,-14.563736000519626,22.981556620365446,-13.306877775716645,0.4119604604308834,-23.287247252152547,-9.929253434590976,0.13949459713808454,2.1000787607674942
EFT:-20.910413465057804,-5.44852931511253,-14.56373600051963,22.98155662036544,-13.306877775716647,0.41196046043088824,-23.287247252152543,-9.92925343459098,0.13949459713808662,2.1000787607675
Random391
Raw:-20.910413465057797,-5.448529315112528,-14.563736000519624,22.98155662036544,-13.306877775716641,0.41196046043088863,-23.287247252152532,-9.929253434590978,0.13949459713808787,2.1000787607674964
EFT:-20.910413465057804,-5.44852931511253,-14.56373600051963,22.98155662036544,-13.306877775716648,0.4119604604308883,-23.287247252152543,-9.92925343459098,0.13949459713808685,2.1000787607675
Random392
Raw:-20.910413465057797,-5.448529315112529,-14.563736000519622,22.981556620365435,-13.306877775716645,0.4119604604308818,-23.28724725215253,-9.929253434590978,0.13949459713808698,2.1000787607674947
EFT:-20.910413465057804,-5.44852931511253,-14.56373600051963,22.98155662036544,-13.306877775716648,0.41196046043088824,-23.287247252152543,-9.92925343459098,0.13949459713808673,2.1000787607675
Random393
Raw:-20.9104134650578,-5.448529315112526,-14.563736000519626,22.98155662036544,-13.306877775716641,0.41196046043088436,-23.28724725215254,-9.929253434590976,0.13949459713808454,2.100078760767498
EFT:-20.910413465057804,-5.44852931511253,-14.56373600051963,22.98155662036544,-13.306877775716648,0.41196046043088824,-23.287247252152543,-9.92925343459098,0.13949459713808673,2.1000787607675
Random394
Raw:-20.910413465057797,-5.448529315112528,-14.563736000519624,22.981556620365442,-13.306877775716645,0.4119604604308853,-23.287247252152543,-9.929253434590978,0.13949459713808748,2.100078760767496
EFT:-20.910413465057804,-5.44852931511253,-14.56373600051963,22.981556620365442,-13.306877775716647,0.41196046043088813,-23.28724725215254,-9.92925343459098,0.1394945971380867,2.1000787607675
Random395
Raw:-20.91041346505779,-5.448529315112533,-14.563736000519624,22.98155662036544,-13.306877775716647,0.4119604604308873,-23.28724725215254,-9.929253434590976,0.13949459713808743,2.100078760767505
EFT:-20.910413465057804,-5.44852931511253,-14.56373600051963,22.981556620365442,-13.306877775716648,0.4119604604308882,-23.287247252152543,-9.92925343459098,0.13949459713808682,2.1000787607675
Random396
Raw:-20.910413465057793,-5.448529315112524,-14.563736000519622,22.981556620365435,-13.306877775716638,0.41196046043088436,-23.287247252152536,-9.929253434590974,0.13949459713808543,2.100078760767496
EFT:-20.910413465057804,-5.44852931511253,-14.56373600051963,22.98155662036544,-13.306877775716648,0.41196046043088824,-23.287247252152543,-9.92925343459098,0.13949459713808673,2.1000787607675
Random397
Raw:-20.910413465057797,-5.44852931511253,-14.563736000519631,22.981556620365435,-13.306877775716645,0.41196046043088896,-23.287247252152536,-9.929253434590976,0.13949459713808499,2.100078760767496
EFT:-20.910413465057804,-5.44852931511253,-14.56373600051963,22.981556620365442,-13.306877775716647,0.41196046043088813,-23.287247252152543,-9.92925343459098,0.1394945971380865,2.1000787607675
Random398
Raw:-20.910413465057793,-5.448529315112529,-14.56373600051963,22.981556620365442,-13.306877775716648,0.4119604604308852,-23.28724725215254,-9.92925343459098,0.13949459713808343,2.1000787607674947
EFT:-20.910413465057804,-5.44852931511253,-14.56373600051963,22.981556620365442,-13.306877775716648,0.4119604604308882,-23.287247252152543,-9.92925343459098,0.13949459713808682,2.1000787607675
Random399
Raw:-20.910413465057804,-5.448529315112526,-14.56373600051962,22.981556620365442,-13.306877775716647,0.4119604604308831,-23.287247252152543,-9.929253434590976,0.13949459713808365,2.1000787607674947
EFT:-20.910413465057804,-5.44852931511253,-14.56373600051963,22.98155662036544,-13.306877775716648,0.41196046043088824,-23.287247252152543,-9.92925343459098,0.13949459713808673,2.1000787607675
Random400
Raw:-20.910413465057797,-5.448529315112529,-14.563736000519617,22.981556620365435,-13.306877775716645,0.411960460430878,-23.28724725215254,-9.929253434590972,0.13949459713808676,2.100078760767494
EFT:-20.910413465057804,-5.44852931511253,-14.56373600051963,22.981556620365442,-13.306877775716647,0.4119604604308881,-23.287247252152543,-9.92925343459098,0.1394945971380866,2.1000787607675
Random401
Raw:-20.91041346505781,-5.448529315112528,-14.563736000519627,22.981556620365442,-13.306877775716645,0.4119604604308825,-23.287247252152536,-9.929253434590974,0.1394945971380827,2.1000787607674947
EFT:-20.910413465057804,-5.44852931511253,-14.56373600051963,22.981556620365442,-13.306877775716647,0.4119604604308881,-23.287247252152543,-9.92925343459098,0.1394945971380866,2.1000787607675
Random402
Raw:-20.910413465057797,-5.4485293151125305,-14.563736000519627,22.981556620365435,-13.306877775716645,0.41196046043088935,-23.287247252152532,-9.92925343459098,0.1394945971380923,2.1000787607674964
EFT:-20.910413465057804,-5.44852931511253,-14.56373600051963,22.981556620365442,-13.306877775716647,0.4119604604308881,-23.287247252152543,-9.92925343459098,0.1394945971380866,2.1000787607675
Random403
Raw:-20.910413465057804,-5.448529315112527,-14.563736000519627,22.981556620365442,-13.306877775716641,0.41196046043088297,-23.287247252152532,-9.929253434590981,0.1394945971380872,2.1000787607674987
EFT:-20.910413465057804,-5.44852931511253,-14.56373600051963,22.98155662036544,-13.306877775716647,0.4119604604308882,-23.287247252152543,-9.92925343459098,0.13949459713808662,2.1000787607675
Random404
Raw:-20.910413465057804,-5.448529315112534,-14.563736000519624,22.98155662036544,-13.306877775716647,0.4119604604308862,-23.287247252152543,-9.929253434590981,0.13949459713809031,2.1000787607675035
EFT:-20.910413465057804,-5.44852931511253,-14.56373600051963,22.981556620365442,-13.306877775716648,0.4119604604308882,-23.287247252152543,-9.92925343459098,0.13949459713808682,2.1000787607675
Random405
Raw:-20.910413465057804,-5.448529315112526,-14.563736000519624,22.98155662036543,-13.306877775716643,0.4119604604308862,-23.287247252152543,-9.929253434590976,0.13949459713808854,2.100078760767499
EFT:-20.910413465057804,-5.44852931511253,-14.56373600051963,22.98155662036544,-13.306877775716648,0.41196046043088824,-23.287247252152543,-9.92925343459098,0.13949459713808673,2.1000787607675
Random406
Raw:-20.9104134650578,-5.448529315112527,-14.563736000519626,22.98155662036544,-13.306877775716645,0.4119604604308837,-23.28724725215254,-9.929253434590974,0.13949459713808232,2.1000787607674973
EFT:-20.910413465057804,-5.44852931511253,-14.56373600051963,22.98155662036544,-13.306877775716647,0.41196046043088824,-23.287247252152543,-9.92925343459098,0.13949459713808662,2.1000787607675
Random407
Raw:-20.910413465057797,-5.448529315112533,-14.563736000519631,22.981556620365435,-13.306877775716643,0.41196046043088663,-23.28724725215254,-9.92925343459098,0.13949459713808654,2.1000787607674916
EFT:-20.910413465057804,-5.44852931511253,-14.56373600051963,22.98155662036544,-13.306877775716648,0.41196046043088824,-23.287247252152543,-9.92925343459098,0.13949459713808673,2.1000787607675
Random408
Raw:-20.910413465057797,-5.44852931511253,-14.563736000519624,22.98155662036544,-13.306877775716645,0.41196046043088785,-23.28724725215253,-9.929253434590981,0.13949459713808843,2.1000787607675
EFT:-20.910413465057804,-5.44852931511253,-14.56373600051963,22.98155662036544,-13.306877775716648,0.41196046043088835,-23.28724725215254,-9.92925343459098,0.13949459713808704,2.1000787607675
Random409
Raw:-20.910413465057797,-5.4485293151125305,-14.56373600051963,22.981556620365446,-13.306877775716645,0.4119604604308813,-23.287247252152536,-9.929253434590978,0.13949459713808532,2.100078760767501
EFT:-20.910413465057804,-5.44852931511253,-14.56373600051963,22.981556620365442,-13.306877775716648,0.4119604604308882,-23.287247252152543,-9.92925343459098,0.13949459713808682,2.1000787607675
Random410
Raw:-20.910413465057804,-5.448529315112529,-14.563736000519622,22.981556620365435,-13.306877775716645,0.41196046043088125,-23.28724725215254,-9.929253434590974,0.13949459713808077,2.1000787607674956
EFT:-20.910413465057804,-5.44852931511253,-14.56373600051963,22.98155662036544,-13.306877775716647,0.4119604604308883,-23.287247252152543,-9.92925343459098,0.13949459713808673,2.1000787607675
Random411
Raw:-20.9104134650578,-5.44852931511253,-14.563736000519622,22.981556620365435,-13.306877775716652,0.41196046043088974,-23.287247252152543,-9.929253434590985,0.13949459713809043,2.1000787607674987
EFT:-20.910413465057804,-5.44852931511253,-14.56373600051963,22.981556620365442,-13.306877775716647,0.41196046043088813,-23.28724725215254,-9.92925343459098,0.1394945971380867,2.1000787607675
Random412
Raw:-20.9104134650578,-5.4485293151125305,-14.563736000519631,22.98155662036544,-13.306877775716645,0.4119604604308882,-23.287247252152543,-9.929253434590983,0.1394945971380881,2.1000787607675027
EFT:-20.910413465057804,-5.44852931511253,-14.56373600051963,22.98155662036544,-13.306877775716648,0.4119604604308883,-23.28724725215254,-9.92925343459098,0.13949459713808693,2.1000787607675
Random413
Raw:-20.910413465057797,-5.448529315112527,-14.563736000519624,22.98155662036544,-13.306877775716648,0.4119604604308811,-23.287247252152543,-9.929253434590983,0.13949459713808587,2.100078760767498
EFT:-20.910413465057804,-5.44852931511253,-14.56373600051963,22.98155662036544,-13.306877775716647,0.41196046043088824,-23.28724725215254,-9.92925343459098,0.13949459713808682,2.1000787607675
Random414
Raw:-20.91041346505779,-5.448529315112529,-14.56373600051962,22.98155662036544,-13.306877775716643,0.4119604604308816,-23.287247252152532,-9.929253434590974,0.13949459713808504,2.1000787607675018
EFT:-20.910413465057804,-5.44852931511253,-14.56373600051963,22.98155662036544,-13.306877775716647,0.4119604604308882,-23.28724725215254,-9.92925343459098,0.1394945971380867,2.1000787607675
Random415
Raw:-20.9104134650578,-5.448529315112529,-14.563736000519619,22.981556620365435,-13.306877775716647,0.41196046043087864,-23.28724725215254,-9.92925343459098,0.13949459713809045,2.100078760767498
EFT:-20.910413465057804,-5.44852931511253,-14.56373600051963,22.981556620365442,-13.306877775716647,0.4119604604308881,-23.287247252152543,-9.92925343459098,0.1394945971380866,2.1000787607675
Random416
Raw:-20.9104134650578,-5.448529315112527,-14.563736000519619,22.981556620365442,-13.30687777571665,0.4119604604308767,-23.287247252152547,-9.929253434590978,0.13949459713808263,2.1000787607674996
EFT:-20.910413465057804,-5.44852931511253,-14.56373600051963,22.981556620365442,-13.306877775716647,0.4119604604308881,-23.287247252152543,-9.92925343459098,0.1394945971380866,2.1000787607675
Random417
Raw:-20.910413465057797,-5.4485293151125305,-14.563736000519624,22.98155662036543,-13.306877775716645,0.4119604604308846,-23.287247252152543,-9.929253434590976,0.1394945971380861,2.1000787607674973
EFT:-20.910413465057804,-5.44852931511253,-14.56373600051963,22.98155662036544,-13.306877775716648,0.41196046043088835,-23.287247252152543,-9.92925343459098,0.13949459713808685,2.1000787607675
Random418
Raw:-20.910413465057804,-5.448529315112531,-14.563736000519627,22.981556620365428,-13.306877775716648,0.41196046043089507,-23.28724725215254,-9.929253434590981,0.13949459713809031,2.1000787607675018
EFT:-20.910413465057804,-5.44852931511253,-14.56373600051963,22.98155662036544,-13.306877775716648,0.4119604604308883,-23.287247252152543,-9.92925343459098,0.13949459713808685,2.1000787607675
Random419
Raw:-20.910413465057804,-5.44852931511253,-14.563736000519626,22.981556620365446,-13.306877775716652,0.4119604604308805,-23.287247252152536,-9.929253434590978,0.13949459713808726,2.1000787607675
EFT:-20.910413465057804,-5.44852931511253,-14.56373600051963,22.981556620365442,-13.306877775716647,0.41196046043088813,-23.28724725215254,-9.92925343459098,0.1394945971380867,2.1000787607675
Random420
Raw:-20.91041346505779,-5.448529315112526,-14.563736000519619,22.981556620365435,-13.306877775716645,0.41196046043088114,-23.28724725215252,-9.929253434590976,0.13949459713808826,2.100078760767493
EFT:-20.910413465057804,-5.44852931511253,-14.56373600051963,22.98155662036544,-13.306877775716648,0.41196046043088824,-23.28724725215254,-9.92925343459098,0.13949459713808693,2.1000787607675
Random421
Raw:-20.9104134650578,-5.448529315112531,-14.563736000519624,22.981556620365442,-13.306877775716643,0.41196046043088563,-23.28724725215254,-9.929253434590976,0.13949459713808487,2.1000787607675
EFT:-20.910413465057804,-5.44852931511253,-14.56373600051963,22.98155662036544,-13.306877775716647,0.41196046043088824,-23.287247252152543,-9.92925343459098,0.13949459713808662,2.1000787607675
Random422
Raw:-20.9104134650578,-5.4485293151125305,-14.563736000519624,22.981556620365442,-13.306877775716652,0.4119604604308838,-23.28724725215254,-9.929253434590976,0.1394945971380842,2.100078760767492
EFT:-20.910413465057804,-5.44852931511253,-14.56373600051963,22.981556620365442,-13.306877775716647,0.41196046043088813,-23.28724725215254,-9.92925343459098,0.1394945971380867,2.1000787607675
Random423
Raw:-20.91041346505781,-5.448529315112522,-14.56373600051963,22.98155662036545,-13.306877775716659,0.41196046043088885,-23.287247252152547,-9.929253434590981,0.13949459713808238,2.1000787607674942
EFT:-20.910413465057804,-5.44852931511253,-14.56373600051963,22.98155662036544,-13.306877775716647,0.4119604604308882,-23.28724725215254,-9.92925343459098,0.1394945971380867,2.1000787607675
Random424
Raw:-20.910413465057804,-5.448529315112533,-14.563736000519627,22.98155662036544,-13.306877775716643,0.41196046043088574,-23.287247252152536,-9.929253434590978,0.13949459713809165,2.100078760767498
EFT:-20.910413465057804,-5.44852931511253,-14.56373600051963,22.98155662036544,-13.306877775716648,0.41196046043088824,-23.287247252152543,-9.92925343459098,0.13949459713808673,2.1000787607675
Random425
Raw:-20.910413465057804,-5.4485293151125305,-14.563736000519631,22.981556620365446,-13.30687777571664,0.4119604604308873,-23.287247252152532,-9.929253434590976,0.13949459713808948,2.100078760767499
EFT:-20.910413465057804,-5.44852931511253,-14.56373600051963,22.981556620365442,-13.306877775716647,0.41196046043088813,-23.28724725215254,-9.92925343459098,0.1394945971380867,2.1000787607675
Random426
Raw:-20.91041346505779,-5.448529315112529,-14.563736000519619,22.981556620365442,-13.306877775716643,0.41196046043087853,-23.287247252152543,-9.929253434590978,0.13949459713808587,2.1000787607674956
EFT:-20.910413465057804,-5.44852931511253,-14.56373600051963,22.98155662036544,-13.306877775716647,0.4119604604308883,-23.287247252152543,-9.92925343459098,0.13949459713808673,2.1000787607675
Random427
Raw:-20.9104134650578,-5.44852931511253,-14.56373600051963,22.981556620365435,-13.306877775716643,0.41196046043088574,-23.287247252152543,-9.92925343459098,0.1394945971380821,2.1000787607674978
EFT:-20.910413465057804,-5.44852931511253,-14.56373600051963,22.981556620365442,-13.306877775716647,0.41196046043088813,-23.28724725215254,-9.92925343459098,0.1394945971380867,2.1000787607675
Random428
Raw:-20.910413465057797,-5.44852931511253,-14.563736000519631,22.98155662036544,-13.306877775716645,0.4119604604308855,-23.287247252152536,-9.929253434590976,0.13949459713808432,2.1000787607675044
EFT:-20.910413465057804,-5.44852931511253,-14.56373600051963,22.98155662036544,-13.306877775716647,0.4119604604308882,-23.287247252152543,-9.92925343459098,0.13949459713808662,2.1000787607675
Random429
Raw:-20.910413465057808,-5.44852931511253,-14.563736000519638,22.981556620365435,-13.306877775716647,0.41196046043089307,-23.28724725215254,-9.929253434590985,0.13949459713808926,2.100078760767503
EFT:-20.910413465057804,-5.44852931511253,-14.56373600051963,22.98155662036544,-13.306877775716648,0.4119604604308883,-23.287247252152543,-9.92925343459098,0.13949459713808685,2.1000787607675
Random430
Raw:-20.9104134650578,-5.448529315112531,-14.563736000519622,22.98155662036544,-13.306877775716647,0.41196046043088597,-23.287247252152532,-9.929253434590974,0.13949459713809031,2.1000787607674978
EFT:-20.910413465057804,-5.44852931511253,-14.56373600051963,22.98155662036544,-13.306877775716648,0.41196046043088824,-23.287247252152543,-9.92925343459098,0.13949459713808673,2.1000787607675
Random431
Raw:-20.9104134650578,-5.448529315112527,-14.563736000519631,22.981556620365442,-13.306877775716645,0.4119604604308875,-23.28724725215253,-9.929253434590981,0.13949459713808687,2.100078760767497
EFT:-20.910413465057804,-5.44852931511253,-14.56373600051963,22.98155662036544,-13.306877775716647,0.41196046043088824,-23.287247252152543,-9.92925343459098,0.13949459713808662,2.1000787607675
Random432
Raw:-20.910413465057797,-5.448529315112527,-14.563736000519626,22.981556620365435,-13.306877775716643,0.4119604604308804,-23.287247252152536,-9.92925343459098,0.13949459713809076,2.100078760767502
EFT:-20.910413465057804,-5.44852931511253,-14.56373600051963,22.98155662036544,-13.306877775716648,0.41196046043088824,-23.287247252152543,-9.92925343459098,0.13949459713808673,2.1000787607675
Random433
Raw:-20.910413465057808,-5.448529315112531,-14.56373600051963,22.981556620365435,-13.306877775716647,0.4119604604308908,-23.287247252152536,-9.929253434590985,0.1394945971380923,2.1000787607675
EFT:-20.910413465057804,-5.44852931511253,-14.56373600051963,22.98155662036544,-13.306877775716648,0.41196046043088824,-23.28724725215254,-9.92925343459098,0.13949459713808693,2.1000787607675
Random434
Raw:-20.910413465057797,-5.448529315112533,-14.563736000519617,22.981556620365435,-13.306877775716647,0.41196046043088597,-23.287247252152532,-9.929253434590976,0.1394945971380912,2.1000787607675
EFT:-20.910413465057804,-5.44852931511253,-14.56373600051963,22.981556620365442,-13.306877775716647,0.4119604604308881,-23.287247252152543,-9.92925343459098,0.1394945971380866,2.1000787607675
Random435
Raw:-20.91041346505779,-5.448529315112531,-14.56373600051963,22.981556620365435,-13.306877775716641,0.411960460430885,-23.28724725215254,-9.92925343459098,0.13949459713808957,2.1000787607675044
EFT:-20.910413465057804,-5.44852931511253,-14.56373600051963,22.981556620365442,-13.306877775716647,0.4119604604308881,-23.287247252152543,-9.92925343459098,0.1394945971380866,2.1000787607675
Random436
Raw:-20.91041346505781,-5.448529315112525,-14.563736000519624,22.981556620365446,-13.306877775716647,0.4119604604308853,-23.28724725215254,-9.929253434590974,0.13949459713808277,2.1000787607674942
EFT:-20.910413465057804,-5.44852931511253,-14.56373600051963,22.981556620365442,-13.306877775716647,0.41196046043088813,-23.287247252152543,-9.92925343459098,0.1394945971380865,2.1000787607675
Random437
Raw:-20.910413465057793,-5.448529315112534,-14.563736000519619,22.98155662036544,-13.306877775716645,0.4119604604308817,-23.287247252152543,-9.92925343459098,0.1394945971380921,2.1000787607675018
EFT:-20.910413465057804,-5.44852931511253,-14.56373600051963,22.98155662036544,-13.306877775716648,0.41196046043088835,-23.28724725215254,-9.92925343459098,0.13949459713808704,2.1000787607675
Random438
Raw:-20.910413465057797,-5.448529315112532,-14.563736000519627,22.981556620365442,-13.306877775716641,0.41196046043088597,-23.287247252152536,-9.929253434590978,0.13949459713808898,2.100078760767498
EFT:-20.910413465057804,-5.44852931511253,-14.56373600051963,22.981556620365442,-13.306877775716647,0.4119604604308881,-23.287247252152543,-9.92925343459098,0.1394945971380866,2.1000787607675
Random439
Raw:-20.91041346505779,-5.448529315112531,-14.563736000519627,22.981556620365442,-13.30687777571664,0.41196046043087997,-23.287247252152543,-9.929253434590981,0.13949459713808565,2.1000787607675035
EFT:-20.910413465057804,-5.44852931511253,-14.56373600051963,22.98155662036544,-13.306877775716648,0.41196046043088824,-23.287247252152543,-9.92925343459098,0.13949459713808673,2.1000787607675
Random440
Raw:-20.910413465057808,-5.448529315112532,-14.563736000519631,22.981556620365442,-13.306877775716648,0.4119604604308913,-23.287247252152547,-9.929253434590988,0.13949459713808843,2.1000787607675044
EFT:-20.910413465057804,-5.44852931511253,-14.56373600051963,22.98155662036544,-13.306877775716647,0.4119604604308883,-23.287247252152543,-9.92925343459098,0.13949459713808673,2.1000787607675
Random441
Raw:-20.91041346505779,-5.448529315112529,-14.563736000519622,22.98155662036544,-13.306877775716645,0.4119604604308815,-23.287247252152547,-9.929253434590976,0.13949459713808499,2.1000787607674978
EFT:-20.910413465057804,-5.44852931511253,-14.56373600051963,22.98155662036544,-13.306877775716648,0.41196046043088824,-23.28724725215254,-9.92925343459098,0.13949459713808693,2.1000787607675
Random442
Raw:-20.910413465057797,-5.448529315112532,-14.563736000519626,22.981556620365442,-13.30687777571664,0.41196046043088397,-23.287247252152543,-9.92925343459097,0.13949459713808066,2.100078760767501
EFT:-20.910413465057804,-5.44852931511253,-14.56373600051963,22.981556620365442,-13.306877775716648,0.4119604604308882,-23.287247252152543,-9.92925343459098,0.13949459713808682,2.1000787607675
Random443
Raw:-20.910413465057804,-5.448529315112527,-14.563736000519627,22.981556620365435,-13.306877775716643,0.41196046043088863,-23.28724725215254,-9.929253434590974,0.1394945971380881,2.1000787607674973
EFT:-20.910413465057804,-5.44852931511253,-14.56373600051963,22.98155662036544,-13.306877775716647,0.41196046043088824,-23.28724725215254,-9.92925343459098,0.13949459713808682,2.1000787607675
Random444
Raw:-20.910413465057797,-5.4485293151125305,-14.563736000519624,22.98155662036544,-13.306877775716643,0.4119604604308853,-23.287247252152536,-9.92925343459098,0.13949459713809076,2.1000787607674942
EFT:-20.910413465057804,-5.44852931511253,-14.56373600051963,22.98155662036544,-13.306877775716648,0.41196046043088824,-23.28724725215254,-9.92925343459098,0.13949459713808693,2.1000787607675
Random445
Raw:-20.910413465057797,-5.448529315112528,-14.563736000519624,22.98155662036544,-13.306877775716647,0.4119604604308849,-23.28724725215254,-9.929253434590981,0.13949459713808854,2.100078760767496
EFT:-20.910413465057804,-5.44852931511253,-14.56373600051963,22.981556620365442,-13.306877775716647,0.41196046043088813,-23.287247252152543,-9.92925343459098,0.1394945971380865,2.1000787607675
Random446
Raw:-20.910413465057797,-5.448529315112528,-14.563736000519624,22.981556620365442,-13.306877775716643,0.4119604604308836,-23.28724725215254,-9.929253434590978,0.1394945971380843,2.1000787607674964
EFT:-20.910413465057804,-5.44852931511253,-14.56373600051963,22.981556620365442,-13.306877775716647,0.4119604604308881,-23.287247252152543,-9.92925343459098,0.1394945971380866,2.1000787607675
Random447
Raw:-20.910413465057797,-5.448529315112533,-14.563736000519627,22.98155662036544,-13.306877775716643,0.41196046043088225,-23.287247252152543,-9.929253434590981,0.13949459713808987,2.100078760767502
EFT:-20.910413465057804,-5.44852931511253,-14.56373600051963,22.98155662036544,-13.306877775716648,0.41196046043088824,-23.28724725215254,-9.92925343459098,0.13949459713808693,2.1000787607675
Random448
Raw:-20.9104134650578,-5.44852931511253,-14.56373600051963,22.981556620365442,-13.306877775716648,0.4119604604308858,-23.287247252152543,-9.92925343459098,0.1394945971380856,2.100078760767499
EFT:-20.910413465057804,-5.44852931511253,-14.56373600051963,22.98155662036544,-13.306877775716648,0.41196046043088835,-23.287247252152543,-9.92925343459098,0.13949459713808685,2.1000787607675
Random449
Raw:-20.910413465057804,-5.448529315112528,-14.563736000519624,22.981556620365442,-13.306877775716647,0.4119604604308811,-23.287247252152554,-9.929253434590976,0.13949459713808476,2.1000787607674987
EFT:-20.910413465057804,-5.44852931511253,-14.56373600051963,22.98155662036544,-13.306877775716647,0.4119604604308882,-23.287247252152543,-9.92925343459098,0.13949459713808662,2.1000787607675
Random450
Raw:-20.910413465057804,-5.448529315112528,-14.563736000519638,22.981556620365435,-13.306877775716647,0.4119604604308935,-23.28724725215254,-9.929253434590978,0.13949459713808343,2.1000787607674964
EFT:-20.910413465057804,-5.44852931511253,-14.56373600051963,22.981556620365442,-13.306877775716647,0.4119604604308881,-23.287247252152543,-9.92925343459098,0.1394945971380866,2.1000787607675
Random451
Raw:-20.9104134650578,-5.448529315112525,-14.563736000519624,22.981556620365435,-13.306877775716645,0.4119604604308841,-23.287247252152543,-9.929253434590978,0.1394945971380812,2.1000787607674973
EFT:-20.910413465057804,-5.44852931511253,-14.56373600051963,22.98155662036544,-13.306877775716648,0.41196046043088824,-23.287247252152543,-9.92925343459098,0.13949459713808673,2.1000787607675
Random452
Raw:-20.9104134650578,-5.448529315112535,-14.563736000519627,22.98155662036545,-13.306877775716645,0.41196046043087997,-23.287247252152543,-9.929253434590981,0.13949459713808854,2.1000787607674956
EFT:-20.910413465057804,-5.44852931511253,-14.56373600051963,22.98155662036544,-13.306877775716648,0.41196046043088824,-23.28724725215254,-9.92925343459098,0.13949459713808693,2.1000787607675
Random453
Raw:-20.910413465057793,-5.44852931511253,-14.563736000519624,22.981556620365435,-13.306877775716648,0.41196046043088486,-23.287247252152525,-9.929253434590981,0.13949459713808515,2.1000787607674987
EFT:-20.910413465057804,-5.44852931511253,-14.56373600051963,22.981556620365442,-13.306877775716648,0.4119604604308882,-23.287247252152543,-9.92925343459098,0.13949459713808682,2.1000787607675
Random454
Raw:-20.91041346505779,-5.448529315112524,-14.563736000519617,22.981556620365435,-13.306877775716647,0.4119604604308839,-23.287247252152536,-9.929253434590972,0.13949459713808587,2.1000787607674978
EFT:-20.910413465057804,-5.44852931511253,-14.56373600051963,22.981556620365442,-13.306877775716647,0.4119604604308881,-23.287247252152543,-9.92925343459098,0.1394945971380866,2.1000787607675
Random455
Raw:-20.910413465057804,-5.448529315112533,-14.563736000519631,22.981556620365442,-13.306877775716648,0.41196046043088896,-23.287247252152536,-9.929253434590978,0.13949459713808676,2.1000787607675
EFT:-20.910413465057804,-5.44852931511253,-14.56373600051963,22.981556620365442,-13.306877775716648,0.4119604604308882,-23.287247252152543,-9.92925343459098,0.13949459713808682,2.1000787607675
Random456
Raw:-20.910413465057808,-5.448529315112524,-14.563736000519626,22.981556620365442,-13.306877775716647,0.41196046043088325,-23.287247252152547,-9.929253434590976,0.13949459713808054,2.100078760767494
EFT:-20.910413465057804,-5.44852931511253,-14.56373600051963,22.981556620365442,-13.306877775716647,0.4119604604308881,-23.287247252152543,-9.92925343459098,0.1394945971380866,2.1000787607675
Random457
Raw:-20.9104134650578,-5.448529315112532,-14.563736000519626,22.98155662036543,-13.306877775716641,0.41196046043088547,-23.287247252152532,-9.929253434590981,0.13949459713808804,2.1000787607675
EFT:-20.910413465057804,-5.44852931511253,-14.56373600051963,22.981556620365442,-13.306877775716647,0.41196046043088813,-23.287247252152543,-9.92925343459098,0.1394945971380865,2.1000787607675
Random458
Raw:-20.9104134650578,-5.448529315112531,-14.563736000519631,22.98155662036544,-13.306877775716638,0.41196046043088946,-23.287247252152543,-9.929253434590978,0.13949459713808587,2.100078760767501
EFT:-20.910413465057804,-5.44852931511253,-14.56373600051963,22.98155662036544,-13.306877775716647,0.4119604604308882,-23.28724725215254,-9.92925343459098,0.1394945971380867,2.1000787607675
Random459
Raw:-20.9104134650578,-5.448529315112529,-14.56373600051963,22.981556620365435,-13.306877775716647,0.41196046043088574,-23.287247252152536,-9.929253434590978,0.13949459713808654,2.100078760767498
EFT:-20.910413465057804,-5.44852931511253,-14.56373600051963,22.98155662036544,-13.306877775716647,0.41196046043088824,-23.287247252152543,-9.92925343459098,0.13949459713808662,2.1000787607675
Random460
Raw:-20.910413465057797,-5.448529315112528,-14.563736000519626,22.981556620365435,-13.306877775716645,0.41196046043088186,-23.28724725215254,-9.929253434590972,0.13949459713808832,2.1000787607674947
EFT:-20.910413465057804,-5.44852931511253,-14.56373600051963,22.98155662036544,-13.306877775716648,0.41196046043088824,-23.28724725215254,-9.92925343459098,0.13949459713808693,2.1000787607675
Random461
Raw:-20.9104134650578,-5.44852931511253,-14.563736000519626,22.981556620365435,-13.30687777571665,0.41196046043088286,-23.287247252152547,-9.929253434590976,0.13949459713808665,2.1000787607674964
EFT:-20.910413465057804,-5.44852931511253,-14.56373600051963,22.98155662036544,-13.306877775716648,0.41196046043088824,-23.28724725215254,-9.92925343459098,0.13949459713808693,2.1000787607675
Random462
Raw:-20.910413465057804,-5.44852931511253,-14.563736000519627,22.98155662036544,-13.306877775716648,0.411960460430889,-23.287247252152543,-9.929253434590983,0.13949459713808748,2.1000787607675
EFT:-20.910413465057804,-5.44852931511253,-14.56373600051963,22.981556620365442,-13.306877775716647,0.4119604604308881,-23.287247252152543,-9.92925343459098,0.1394945971380866,2.1000787607675
Random463
Raw:-20.910413465057797,-5.4485293151125305,-14.563736000519631,22.98155662036544,-13.306877775716645,0.4119604604308873,-23.28724725215254,-9.929253434590983,0.13949459713808943,2.1000787607675013
EFT:-20.910413465057804,-5.44852931511253,-14.56373600051963,22.98155662036544,-13.306877775716647,0.4119604604308882,-23.28724725215254,-9.92925343459098,0.1394945971380867,2.1000787607675
Random464
Raw:-20.910413465057797,-5.448529315112528,-14.563736000519627,22.981556620365442,-13.306877775716645,0.4119604604308815,-23.28724725215254,-9.929253434590974,0.13949459713808465,2.1000787607674947
EFT:-20.910413465057804,-5.44852931511253,-14.56373600051963,22.98155662036544,-13.306877775716648,0.4119604604308883,-23.28724725215254,-9.92925343459098,0.13949459713808693,2.1000787607675
Random465
Raw:-20.9104134650578,-5.448529315112527,-14.56373600051963,22.981556620365446,-13.306877775716645,0.4119604604308871,-23.28724725215254,-9.929253434590978,0.139494597138083,2.1000787607675004
EFT:-20.910413465057804,-5.44852931511253,-14.56373600051963,22.98155662036544,-13.306877775716647,0.41196046043088824,-23.287247252152543,-9.92925343459098,0.13949459713808662,2.1000787607675
Random466
Raw:-20.910413465057797,-5.448529315112524,-14.563736000519627,22.98155662036544,-13.306877775716641,0.4119604604308862,-23.287247252152532,-9.929253434590978,0.13949459713808698,2.1000787607674987
EFT:-20.910413465057804,-5.44852931511253,-14.56373600051963,22.98155662036544,-13.306877775716648,0.4119604604308883,-23.287247252152543,-9.92925343459098,0.13949459713808685,2.1000787607675
Random467
Raw:-20.9104134650578,-5.448529315112531,-14.56373600051963,22.981556620365442,-13.306877775716648,0.4119604604308895,-23.287247252152543,-9.929253434590974,0.1394945971380861,2.100078760767493
EFT:-20.910413465057804,-5.44852931511253,-14.56373600051963,22.98155662036544,-13.306877775716648,0.4119604604308884,-23.287247252152543,-9.92925343459098,0.13949459713808696,2.1000787607675
Random468
Raw:-20.910413465057797,-5.448529315112528,-14.563736000519631,22.981556620365435,-13.306877775716641,0.41196046043088974,-23.28724725215254,-9.929253434590976,0.1394945971380815,2.1000787607675
EFT:-20.910413465057804,-5.44852931511253,-14.56373600051963,22.98155662036544,-13.306877775716647,0.41196046043088824,-23.28724725215254,-9.92925343459098,0.13949459713808682,2.1000787607675
Random469
Raw:-20.910413465057797,-5.448529315112527,-14.563736000519626,22.98155662036544,-13.306877775716643,0.4119604604308831,-23.287247252152543,-9.929253434590981,0.13949459713808232,2.100078760767499
EFT:-20.910413465057804,-5.44852931511253,-14.56373600051963,22.981556620365442,-13.306877775716647,0.4119604604308881,-23.287247252152543,-9.92925343459098,0.1394945971380866,2.1000787607675
Random470
Raw:-20.910413465057793,-5.44852931511253,-14.563736000519626,22.98155662036544,-13.306877775716645,0.41196046043088164,-23.287247252152536,-9.929253434590976,0.13949459713808898,2.1000787607675018
EFT:-20.910413465057804,-5.44852931511253,-14.56373600051963,22.981556620365442,-13.306877775716647,0.4119604604308881,-23.287247252152543,-9.92925343459098,0.1394945971380866,2.1000787607675
Random471
Raw:-20.9104134650578,-5.448529315112531,-14.563736000519627,22.981556620365453,-13.30687777571665,0.4119604604308824,-23.287247252152543,-9.92925343459097,0.13949459713808218,2.100078760767494
EFT:-20.910413465057804,-5.44852931511253,-14.56373600051963,22.981556620365442,-13.306877775716648,0.4119604604308882,-23.287247252152543,-9.92925343459098,0.13949459713808682,2.1000787607675
Random472
Raw:-20.910413465057804,-5.448529315112529,-14.563736000519631,22.98155662036544,-13.306877775716638,0.4119604604308893,-23.287247252152536,-9.92925343459098,0.1394945971380892,2.1000787607675
EFT:-20.910413465057804,-5.44852931511253,-14.56373600051963,22.981556620365442,-13.306877775716647,0.41196046043088813,-23.287247252152543,-9.92925343459098,0.1394945971380865,2.1000787607675
Random473
Raw:-20.910413465057793,-5.448529315112526,-14.563736000519622,22.981556620365435,-13.306877775716645,0.41196046043088447,-23.28724725215254,-9.929253434590976,0.1394945971380821,2.100078760767499
EFT:-20.910413465057804,-5.44852931511253,-14.56373600051963,22.981556620365442,-13.306877775716647,0.4119604604308881,-23.287247252152543,-9.92925343459098,0.1394945971380866,2.1000787607675
Random474
Raw:-20.910413465057804,-5.448529315112532,-14.56373600051962,22.981556620365442,-13.306877775716648,0.4119604604308804,-23.28724725215254,-9.929253434590978,0.13949459713808776,2.100078760767499
EFT:-20.910413465057804,-5.44852931511253,-14.56373600051963,22.981556620365442,-13.306877775716647,0.4119604604308881,-23.287247252152543,-9.92925343459098,0.1394945971380866,2.1000787607675
Random475
Raw:-20.9104134650578,-5.44852931511253,-14.563736000519622,22.981556620365435,-13.306877775716645,0.4119604604308822,-23.28724725215254,-9.929253434590976,0.13949459713809065,2.100078760767495
EFT:-20.910413465057804,-5.44852931511253,-14.56373600051963,22.981556620365442,-13.306877775716647,0.4119604604308881,-23.287247252152543,-9.92925343459098,0.1394945971380866,2.1000787607675
Random476
Raw:-20.9104134650578,-5.448529315112532,-14.563736000519631,22.981556620365435,-13.30687777571664,0.4119604604308893,-23.28724725215254,-9.929253434590983,0.13949459713808876,2.1000787607675035
EFT:-20.910413465057804,-5.44852931511253,-14.56373600051963,22.981556620365442,-13.306877775716648,0.4119604604308882,-23.287247252152543,-9.92925343459098,0.13949459713808682,2.1000787607675
Random477
Raw:-20.910413465057797,-5.448529315112534,-14.563736000519624,22.98155662036544,-13.306877775716647,0.4119604604308838,-23.287247252152547,-9.92925343459098,0.1394945971380892,2.100078760767498
EFT:-20.910413465057804,-5.44852931511253,-14.56373600051963,22.98155662036544,-13.306877775716648,0.4119604604308883,-23.28724725215254,-9.92925343459098,0.13949459713808693,2.1000787607675
Random478
Raw:-20.9104134650578,-5.44852931511253,-14.56373600051963,22.981556620365442,-13.306877775716643,0.41196046043088685,-23.28724725215254,-9.929253434590978,0.13949459713808854,2.100078760767496
EFT:-20.910413465057804,-5.44852931511253,-14.56373600051963,22.98155662036544,-13.306877775716647,0.4119604604308883,-23.287247252152543,-9.92925343459098,0.13949459713808673,2.1000787607675
Random479
Raw:-20.910413465057797,-5.448529315112533,-14.56373600051963,22.981556620365435,-13.306877775716641,0.41196046043088685,-23.287247252152547,-9.929253434590986,0.13949459713809076,2.100078760767505
EFT:-20.910413465057804,-5.44852931511253,-14.56373600051963,22.981556620365442,-13.306877775716647,0.4119604604308881,-23.287247252152543,-9.92925343459098,0.1394945971380866,2.1000787607675
Random480
Raw:-20.910413465057804,-5.448529315112528,-14.563736000519631,22.981556620365442,-13.306877775716648,0.411960460430885,-23.28724725215254,-9.929253434590986,0.13949459713809165,2.1000787607675
EFT:-20.910413465057804,-5.44852931511253,-14.56373600051963,22.981556620365442,-13.306877775716647,0.41196046043088813,-23.287247252152543,-9.92925343459098,0.1394945971380865,2.1000787607675
Random481
Raw:-20.910413465057797,-5.448529315112531,-14.563736000519622,22.98155662036544,-13.306877775716647,0.41196046043088086,-23.287247252152532,-9.929253434590978,0.13949459713809076,2.1000787607674987
EFT:-20.910413465057804,-5.44852931511253,-14.56373600051963,22.981556620365442,-13.306877775716647,0.4119604604308881,-23.287247252152543,-9.92925343459098,0.1394945971380866,2.1000787607675
Random482
Raw:-20.910413465057797,-5.44852931511253,-14.563736000519622,22.98155662036544,-13.306877775716643,0.41196046043088275,-23.28724725215253,-9.929253434590976,0.13949459713808854,2.1000787607674964
EFT:-20.910413465057804,-5.44852931511253,-14.56373600051963,22.98155662036544,-13.306877775716648,0.41196046043088824,-23.287247252152543,-9.92925343459098,0.13949459713808673,2.1000787607675
Random483
Raw:-20.9104134650578,-5.44852931511253,-14.563736000519619,22.981556620365446,-13.306877775716648,0.41196046043088125,-23.287247252152536,-9.929253434590981,0.13949459713808676,2.100078760767501
EFT:-20.910413465057804,-5.44852931511253,-14.56373600051963,22.98155662036544,-13.306877775716648,0.4119604604308883,-23.287247252152543,-9.92925343459098,0.13949459713808685,2.1000787607675
Random484
Raw:-20.9104134650578,-5.448529315112525,-14.56373600051962,22.981556620365435,-13.306877775716645,0.41196046043088624,-23.287247252152543,-9.929253434590978,0.13949459713808432,2.100078760767498
EFT:-20.910413465057804,-5.44852931511253,-14.56373600051963,22.981556620365442,-13.306877775716647,0.4119604604308881,-23.287247252152543,-9.92925343459098,0.1394945971380866,2.1000787607675
Random485
Raw:-20.9104134650578,-5.448529315112533,-14.563736000519636,22.98155662036543,-13.306877775716643,0.41196046043088796,-23.28724725215254,-9.929253434590981,0.13949459713809015,2.1000787607675044
EFT:-20.910413465057804,-5.44852931511253,-14.56373600051963,22.98155662036544,-13.306877775716647,0.4119604604308882,-23.287247252152543,-9.92925343459098,0.13949459713808662,2.1000787607675
Random486
Raw:-20.910413465057797,-5.448529315112529,-14.563736000519631,22.981556620365435,-13.306877775716641,0.41196046043089063,-23.287247252152532,-9.92925343459098,0.13949459713809043,2.100078760767497
EFT:-20.910413465057804,-5.44852931511253,-14.56373600051963,22.981556620365442,-13.306877775716647,0.4119604604308881,-23.287247252152543,-9.92925343459098,0.1394945971380866,2.1000787607675
Random487
Raw:-20.910413465057797,-5.44852931511253,-14.563736000519627,22.981556620365442,-13.30687777571665,0.4119604604308892,-23.28724725215254,-9.92925343459098,0.13949459713808376,2.1000787607675
EFT:-20.910413465057804,-5.44852931511253,-14.56373600051963,22.98155662036544,-13.306877775716648,0.4119604604308884,-23.287247252152543,-9.92925343459098,0.13949459713808696,2.1000787607675
Random488
Raw:-20.910413465057797,-5.448529315112534,-14.563736000519626,22.981556620365442,-13.306877775716645,0.4119604604308842,-23.28724725215254,-9.929253434590981,0.13949459713809015,2.1000787607674964
EFT:-20.910413465057804,-5.44852931511253,-14.56373600051963,22.98155662036544,-13.306877775716647,0.4119604604308882,-23.287247252152543,-9.92925343459098,0.13949459713808662,2.1000787607675
Random489
Raw:-20.910413465057793,-5.448529315112531,-14.563736000519633,22.98155662036543,-13.30687777571665,0.4119604604308924,-23.28724725215254,-9.92925343459098,0.1394945971380901,2.1000787607675018
EFT:-20.910413465057804,-5.44852931511253,-14.56373600051963,22.98155662036544,-13.306877775716647,0.4119604604308882,-23.287247252152543,-9.92925343459098,0.13949459713808662,2.1000787607675
Random490
Raw:-20.910413465057808,-5.448529315112532,-14.563736000519631,22.981556620365442,-13.306877775716654,0.41196046043089163,-23.287247252152532,-9.92925343459098,0.13949459713808698,2.1000787607674996
EFT:-20.910413465057804,-5.44852931511253,-14.56373600051963,22.98155662036544,-13.306877775716648,0.41196046043088835,-23.28724725215254,-9.92925343459098,0.13949459713808704,2.1000787607675
Random491
Raw:-20.910413465057797,-5.448529315112528,-14.563736000519626,22.981556620365428,-13.306877775716648,0.4119604604308881,-23.28724725215253,-9.929253434590978,0.13949459713808643,2.100078760767497
EFT:-20.910413465057804,-5.44852931511253,-14.56373600051963,22.981556620365442,-13.306877775716648,0.4119604604308882,-23.287247252152543,-9.92925343459098,0.13949459713808682,2.1000787607675
Random492
Raw:-20.910413465057808,-5.448529315112533,-14.563736000519635,22.98155662036544,-13.306877775716645,0.4119604604308842,-23.287247252152554,-9.929253434590986,0.13949459713809037,2.1000787607675018
EFT:-20.910413465057804,-5.44852931511253,-14.56373600051963,22.98155662036544,-13.306877775716648,0.41196046043088835,-23.28724725215254,-9.92925343459098,0.13949459713808704,2.1000787607675
Random493
Raw:-20.910413465057797,-5.448529315112528,-14.563736000519627,22.981556620365435,-13.306877775716643,0.41196046043088375,-23.28724725215254,-9.929253434590981,0.13949459713808948,2.100078760767499
EFT:-20.910413465057804,-5.44852931511253,-14.56373600051963,22.981556620365442,-13.306877775716648,0.4119604604308882,-23.287247252152543,-9.92925343459098,0.13949459713808682,2.1000787607675
Random494
Raw:-20.910413465057793,-5.4485293151125305,-14.56373600051963,22.98155662036544,-13.306877775716641,0.41196046043087997,-23.287247252152543,-9.92925343459098,0.1394945971380923,2.100078760767503
EFT:-20.910413465057804,-5.44852931511253,-14.56373600051963,22.981556620365442,-13.306877775716647,0.4119604604308881,-23.287247252152543,-9.92925343459098,0.1394945971380866,2.1000787607675
Random495
Raw:-20.910413465057797,-5.448529315112528,-14.56373600051963,22.98155662036543,-13.306877775716645,0.4119604604308902,-23.28724725215254,-9.929253434590988,0.1394945971380881,2.1000787607675075
EFT:-20.910413465057804,-5.44852931511253,-14.56373600051963,22.98155662036544,-13.306877775716648,0.41196046043088824,-23.28724725215254,-9.92925343459098,0.13949459713808693,2.1000787607675
Random496
Raw:-20.910413465057804,-5.448529315112535,-14.56373600051962,22.98155662036544,-13.30687777571665,0.41196046043087764,-23.287247252152543,-9.929253434590978,0.13949459713808943,2.1000787607674956
EFT:-20.910413465057804,-5.44852931511253,-14.56373600051963,22.981556620365442,-13.306877775716648,0.4119604604308882,-23.287247252152543,-9.92925343459098,0.13949459713808682,2.1000787607675
Random497
Raw:-20.910413465057797,-5.448529315112528,-14.563736000519627,22.981556620365446,-13.306877775716643,0.4119604604308853,-23.287247252152532,-9.929253434590978,0.1394945971380847,2.1000787607674973
EFT:-20.910413465057804,-5.44852931511253,-14.56373600051963,22.98155662036544,-13.306877775716648,0.4119604604308883,-23.28724725215254,-9.92925343459098,0.13949459713808693,2.1000787607675
Random498
Raw:-20.9104134650578,-5.448529315112529,-14.56373600051963,22.981556620365442,-13.306877775716648,0.41196046043088397,-23.28724725215254,-9.929253434590976,0.1394945971380801,2.100078760767494
EFT:-20.910413465057804,-5.44852931511253,-14.56373600051963,22.981556620365442,-13.306877775716647,0.4119604604308881,-23.287247252152543,-9.92925343459098,0.1394945971380866,2.1000787607675
Random499
Raw:-20.9104134650578,-5.448529315112524,-14.563736000519626,22.98155662036543,-13.306877775716647,0.41196046043088486,-23.28724725215254,-9.929253434590974,0.13949459713808088,2.1000787607674947
EFT:-20.910413465057804,-5.44852931511253,-14.56373600051963,22.98155662036544,-13.306877775716648,0.41196046043088835,-23.287247252152543,-9.92925343459098,0.13949459713808685,2.1000787607675
Random500
Raw:-20.9104134650578,-5.448529315112533,-14.563736000519622,22.98155662036543,-13.306877775716645,0.41196046043088685,-23.28724725215254,-9.929253434590981,0.13949459713809248,2.1000787607675
EFT:-20.910413465057804,-5.44852931511253,-14.56373600051963,22.98155662036544,-13.306877775716648,0.41196046043088835,-23.287247252152543,-9.92925343459098,0.13949459713808685,2.1000787607675
Random501
Raw:-20.910413465057797,-5.44852931511253,-14.563736000519627,22.98155662036544,-13.306877775716645,0.41196046043088486,-23.287247252152547,-9.929253434590978,0.1394945971380872,2.100078760767504
EFT:-20.910413465057804,-5.44852931511253,-14.56373600051963,22.981556620365442,-13.306877775716648,0.4119604604308882,-23.287247252152543,-9.92925343459098,0.13949459713808682,2.1000787607675
Random502
Raw:-20.910413465057804,-5.448529315112529,-14.563736000519626,22.981556620365435,-13.306877775716647,0.4119604604308846,-23.28724725215254,-9.929253434590985,0.13949459713809154,2.100078760767497
EFT:-20.910413465057804,-5.44852931511253,-14.56373600051963,22.981556620365442,-13.306877775716648,0.4119604604308882,-23.287247252152543,-9.92925343459098,0.13949459713808682,2.1000787607675
Random503
Raw:-20.910413465057797,-5.448529315112528,-14.563736000519622,22.98155662036544,-13.306877775716647,0.4119604604308893,-23.287247252152536,-9.929253434590981,0.13949459713808599,2.1000787607674973
EFT:-20.910413465057804,-5.44852931511253,-14.56373600051963,22.98155662036544,-13.306877775716648,0.41196046043088824,-23.28724725215254,-9.92925343459098,0.13949459713808693,2.1000787607675
Random504
Raw:-20.910413465057804,-5.448529315112531,-14.563736000519622,22.98155662036544,-13.30687777571665,0.4119604604308864,-23.28724725215254,-9.929253434590974,0.13949459713808454,2.100078760767497
EFT:-20.910413465057804,-5.44852931511253,-14.56373600051963,22.981556620365442,-13.306877775716647,0.41196046043088813,-23.28724725215254,-9.92925343459098,0.1394945971380867,2.1000787607675
Random505
Raw:-20.910413465057808,-5.448529315112535,-14.563736000519631,22.981556620365446,-13.306877775716645,0.41196046043088747,-23.28724725215254,-9.929253434590974,0.13949459713808654,2.1000787607674964
EFT:-20.910413465057804,-5.44852931511253,-14.56373600051963,22.98155662036544,-13.306877775716648,0.41196046043088824,-23.28724725215254,-9.92925343459098,0.13949459713808693,2.1000787607675
Random506
Raw:-20.910413465057793,-5.448529315112527,-14.563736000519627,22.981556620365435,-13.306877775716645,0.41196046043088597,-23.287247252152536,-9.92925343459098,0.13949459713808982,2.100078760767498
EFT:-20.910413465057804,-5.44852931511253,-14.56373600051963,22.981556620365442,-13.306877775716647,0.4119604604308881,-23.287247252152543,-9.92925343459098,0.1394945971380866,2.1000787607675
Random507
Raw:-20.910413465057804,-5.448529315112524,-14.563736000519627,22.981556620365435,-13.30687777571665,0.4119604604308896,-23.287247252152536,-9.929253434590981,0.13949459713808499,2.1000787607675018
EFT:-20.910413465057804,-5.44852931511253,-14.56373600051963,22.98155662036544,-13.306877775716647,0.41196046043088824,-23.287247252152543,-9.92925343459098,0.13949459713808662,2.1000787607675
Random508
Raw:-20.9104134650578,-5.448529315112534,-14.563736000519627,22.98155662036544,-13.306877775716645,0.41196046043088375,-23.287247252152532,-9.929253434590981,0.1394945971380891,2.100078760767498
EFT:-20.910413465057804,-5.44852931511253,-14.56373600051963,22.98155662036544,-13.306877775716647,0.4119604604308883,-23.287247252152543,-9.92925343459098,0.13949459713808673,2.1000787607675
Random509
Raw:-20.910413465057793,-5.448529315112527,-14.56373600051962,22.98155662036544,-13.306877775716645,0.4119604604308804,-23.287247252152543,-9.929253434590974,0.13949459713808013,2.1000787607674964
EFT:-20.910413465057804,-5.44852931511253,-14.56373600051963,22.98155662036544,-13.306877775716648,0.41196046043088835,-23.28724725215254,-9.92925343459098,0.13949459713808704,2.1000787607675
Random510
Raw:-20.910413465057797,-5.448529315112527,-14.563736000519624,22.981556620365435,-13.30687777571664,0.41196046043088674,-23.28724725215254,-9.929253434590981,0.13949459713808976,2.100078760767506
EFT:-20.910413465057804,-5.44852931511253,-14.56373600051963,22.98155662036544,-13.306877775716648,0.4119604604308883,-23.287247252152543,-9.92925343459098,0.13949459713808685,2.1000787607675
Random511
Raw:-20.9104134650578,-5.448529315112531,-14.56373600051963,22.981556620365446,-13.306877775716647,0.4119604604308875,-23.28724725215254,-9.929253434590976,0.13949459713808576,2.100078760767499
EFT:-20.910413465057804,-5.44852931511253,-14.56373600051963,22.98155662036544,-13.306877775716648,0.41196046043088835,-23.28724725215254,-9.92925343459098,0.13949459713808704,2.1000787607675
Random512
Raw:-20.910413465057808,-5.448529315112527,-14.563736000519631,22.98155662036544,-13.306877775716645,0.41196046043088685,-23.28724725215255,-9.929253434590978,0.13949459713808737,2.1000787607675018
EFT:-20.910413465057804,-5.44852931511253,-14.56373600051963,22.98155662036544,-13.306877775716648,0.41196046043088824,-23.28724725215254,-9.92925343459098,0.13949459713808693,2.1000787607675
Random513
Raw:-20.910413465057797,-5.448529315112532,-14.563736000519622,22.98155662036544,-13.306877775716645,0.41196046043088114,-23.287247252152547,-9.929253434590983,0.13949459713808587,2.1000787607674978
EFT:-20.910413465057804,-5.44852931511253,-14.56373600051963,22.981556620365442,-13.306877775716647,0.41196046043088813,-23.28724725215254,-9.92925343459098,0.1394945971380867,2.1000787607675
Random514
Raw:-20.910413465057804,-5.448529315112531,-14.563736000519627,22.981556620365435,-13.306877775716645,0.41196046043088785,-23.28724725215253,-9.929253434590978,0.1394945971380897,2.1000787607674996
EFT:-20.910413465057804,-5.44852931511253,-14.56373600051963,22.98155662036544,-13.306877775716648,0.4119604604308883,-23.287247252152543,-9.92925343459098,0.13949459713808685,2.1000787607675
Random515
Raw:-20.9104134650578,-5.448529315112533,-14.563736000519622,22.98155662036544,-13.306877775716641,0.4119604604308863,-23.28724725215254,-9.929253434590983,0.13949459713808943,2.100078760767501
EFT:-20.910413465057804,-5.44852931511253,-14.56373600051963,22.98155662036544,-13.306877775716647,0.4119604604308882,-23.28724725215254,-9.92925343459098,0.1394945971380867,2.1000787607675
Random516
Raw:-20.910413465057808,-5.44852931511253,-14.563736000519615,22.981556620365435,-13.306877775716654,0.41196046043088586,-23.287247252152536,-9.929253434590976,0.13949459713808832,2.1000787607674996
EFT:-20.910413465057804,-5.44852931511253,-14.56373600051963,22.98155662036544,-13.306877775716648,0.4119604604308883,-23.287247252152543,-9.92925343459098,0.13949459713808685,2.1000787607675
Random517
Raw:-20.910413465057804,-5.448529315112531,-14.563736000519631,22.98155662036544,-13.306877775716647,0.41196046043088863,-23.287247252152536,-9.929253434590986,0.139494597138087,2.1000787607675027
EFT:-20.910413465057804,-5.44852931511253,-14.56373600051963,22.98155662036544,-13.306877775716647,0.41196046043088824,-23.28724725215254,-9.92925343459098,0.13949459713808682,2.1000787607675
Random518
Raw:-20.910413465057804,-5.44852931511253,-14.563736000519627,22.981556620365442,-13.306877775716647,0.41196046043088774,-23.287247252152543,-9.929253434590974,0.13949459713808543,2.100078760767498
EFT:-20.910413465057804,-5.44852931511253,-14.56373600051963,22.98155662036544,-13.306877775716648,0.41196046043088824,-23.287247252152543,-9.92925343459098,0.13949459713808673,2.1000787607675
Random519
Raw:-20.910413465057793,-5.448529315112526,-14.56373600051963,22.98155662036544,-13.306877775716643,0.4119604604308883,-23.28724725215254,-9.929253434590974,0.13949459713808227,2.1000787607674964
EFT:-20.910413465057804,-5.44852931511253,-14.56373600051963,22.98155662036544,-13.306877775716648,0.41196046043088824,-23.287247252152543,-9.92925343459098,0.13949459713808673,2.1000787607675
Random520
Raw:-20.910413465057793,-5.448529315112522,-14.563736000519611,22.98155662036544,-13.30687777571665,0.4119604604308679,-23.28724725215254,-9.929253434590965,0.13949459713808188,2.100078760767487
EFT:-20.910413465057804,-5.44852931511253,-14.56373600051963,22.98155662036544,-13.306877775716648,0.4119604604308883,-23.28724725215254,-9.92925343459098,0.13949459713808693,2.1000787607675
Random521
Raw:-20.9104134650578,-5.448529315112531,-14.563736000519626,22.98155662036544,-13.306877775716648,0.41196046043088397,-23.28724725215254,-9.929253434590978,0.1394945971380852,2.100078760767498
EFT:-20.910413465057804,-5.44852931511253,-14.56373600051963,22.98155662036544,-13.306877775716648,0.4119604604308883,-23.28724725215254,-9.92925343459098,0.13949459713808693,2.1000787607675
Random522
Raw:-20.9104134650578,-5.448529315112529,-14.563736000519622,22.98155662036544,-13.30687777571665,0.41196046043087686,-23.287247252152543,-9.92925343459098,0.139494597138089,2.100078760767493
EFT:-20.910413465057804,-5.44852931511253,-14.56373600051963,22.981556620365442,-13.306877775716647,0.4119604604308881,-23.287247252152543,-9.92925343459098,0.1394945971380866,2.1000787607675
Random523
Raw:-20.910413465057797,-5.448529315112535,-14.563736000519631,22.981556620365435,-13.306877775716648,0.4119604604308875,-23.28724725215254,-9.929253434590981,0.13949459713809198,2.1000787607675018
EFT:-20.910413465057804,-5.44852931511253,-14.56373600051963,22.98155662036544,-13.306877775716648,0.41196046043088835,-23.28724725215254,-9.92925343459098,0.13949459713808704,2.1000787607675
Random524
Raw:-20.910413465057804,-5.448529315112533,-14.563736000519635,22.981556620365442,-13.306877775716645,0.41196046043089396,-23.287247252152547,-9.92925343459098,0.13949459713808854,2.1000787607675018
EFT:-20.910413465057804,-5.44852931511253,-14.56373600051963,22.98155662036544,-13.306877775716648,0.4119604604308883,-23.287247252152543,-9.92925343459098,0.13949459713808685,2.1000787607675
Random525
Raw:-20.910413465057804,-5.448529315112528,-14.56373600051963,22.981556620365446,-13.306877775716641,0.41196046043088264,-23.28724725215255,-9.929253434590978,0.13949459713808232,2.1000787607675004
EFT:-20.910413465057804,-5.44852931511253,-14.56373600051963,22.981556620365442,-13.306877775716647,0.41196046043088813,-23.28724725215254,-9.92925343459098,0.1394945971380867,2.1000787607675
Random526
Raw:-20.910413465057808,-5.448529315112525,-14.563736000519622,22.981556620365446,-13.306877775716648,0.41196046043088574,-23.287247252152543,-9.929253434590972,0.1394945971380831,2.100078760767495
EFT:-20.910413465057804,-5.44852931511253,-14.56373600051963,22.98155662036544,-13.306877775716647,0.4119604604308882,-23.287247252152543,-9.92925343459098,0.13949459713808662,2.1000787607675
Random527
Raw:-20.9104134650578,-5.448529315112531,-14.563736000519627,22.98155662036544,-13.30687777571664,0.411960460430883,-23.287247252152543,-9.929253434590981,0.13949459713808898,2.1000787607674987
EFT:-20.910413465057804,-5.44852931511253,-14.56373600051963,22.98155662036544,-13.306877775716647,0.41196046043088824,-23.28724725215254,-9.92925343459098,0.13949459713808682,2.1000787607675
Random528
Raw:-20.91041346505779,-5.448529315112529,-14.563736000519617,22.981556620365435,-13.306877775716647,0.4119604604308819,-23.287247252152536,-9.929253434590976,0.13949459713808687,2.1000787607674973
EFT:-20.910413465057804,-5.44852931511253,-14.56373600051963,22.98155662036544,-13.306877775716647,0.4119604604308882,-23.287247252152543,-9.92925343459098,0.13949459713808662,2.1000787607675
Random529
Raw:-20.9104134650578,-5.448529315112529,-14.563736000519627,22.98155662036543,-13.306877775716641,0.4119604604308873,-23.287247252152536,-9.929253434590978,0.13949459713808587,2.1000787607675
EFT:-20.910413465057804,-5.44852931511253,-14.56373600051963,22.981556620365442,-13.306877775716647,0.4119604604308881,-23.287247252152543,-9.92925343459098,0.1394945971380866,2.1000787607675
Random530
Raw:-20.910413465057797,-5.448529315112532,-14.563736000519631,22.981556620365442,-13.306877775716648,0.41196046043088813,-23.287247252152536,-9.929253434590981,0.13949459713808943,2.1000787607675018
EFT:-20.910413465057804,-5.44852931511253,-14.56373600051963,22.98155662036544,-13.306877775716648,0.41196046043088824,-23.287247252152543,-9.92925343459098,0.13949459713808673,2.1000787607675
Random531
Raw:-20.9104134650578,-5.448529315112528,-14.563736000519627,22.981556620365435,-13.306877775716647,0.4119604604308887,-23.287247252152536,-9.929253434590981,0.13949459713808898,2.100078760767499
EFT:-20.910413465057804,-5.44852931511253,-14.56373600051963,22.98155662036544,-13.306877775716648,0.4119604604308883,-23.287247252152543,-9.92925343459098,0.13949459713808685,2.1000787607675
Random532
Raw:-20.910413465057793,-5.448529315112531,-14.563736000519627,22.981556620365435,-13.306877775716645,0.4119604604308891,-23.28724725215253,-9.929253434590981,0.1394945971380901,2.100078760767498
EFT:-20.910413465057804,-5.44852931511253,-14.56373600051963,22.981556620365442,-13.306877775716648,0.4119604604308882,-23.287247252152543,-9.92925343459098,0.13949459713808682,2.1000787607675
Random533
Raw:-20.910413465057797,-5.448529315112531,-14.563736000519619,22.98155662036543,-13.306877775716638,0.41196046043087864,-23.287247252152532,-9.929253434590976,0.13949459713808954,2.1000787607674978
EFT:-20.910413465057804,-5.44852931511253,-14.56373600051963,22.981556620365442,-13.306877775716648,0.4119604604308882,-23.287247252152543,-9.92925343459098,0.13949459713808682,2.1000787607675
Random534
Raw:-20.910413465057797,-5.44852931511253,-14.563736000519626,22.98155662036543,-13.306877775716647,0.4119604604308843,-23.287247252152536,-9.92925343459098,0.1394945971380872,2.1000787607674973
EFT:-20.910413465057804,-5.44852931511253,-14.56373600051963,22.98155662036544,-13.306877775716647,0.41196046043088824,-23.28724725215254,-9.92925343459098,0.13949459713808682,2.1000787607675
Random535
Raw:-20.9104134650578,-5.448529315112529,-14.563736000519633,22.98155662036544,-13.306877775716648,0.41196046043088547,-23.28724725215255,-9.929253434590976,0.13949459713808365,2.1000787607674987
EFT:-20.910413465057804,-5.44852931511253,-14.56373600051963,22.98155662036544,-13.306877775716648,0.4119604604308883,-23.28724725215254,-9.92925343459098,0.13949459713808693,2.1000787607675
Random536
Raw:-20.910413465057804,-5.448529315112533,-14.563736000519627,22.981556620365446,-13.30687777571665,0.4119604604308846,-23.287247252152543,-9.929253434590978,0.13949459713809076,2.1000787607674964
EFT:-20.910413465057804,-5.44852931511253,-14.56373600051963,22.981556620365442,-13.306877775716647,0.4119604604308881,-23.287247252152543,-9.92925343459098,0.1394945971380866,2.1000787607675
Random537
Raw:-20.9104134650578,-5.448529315112524,-14.56373600051962,22.98155662036544,-13.306877775716645,0.41196046043088475,-23.287247252152536,-9.929253434590972,0.1394945971380821,2.1000787607674978
EFT:-20.910413465057804,-5.44852931511253,-14.56373600051963,22.98155662036544,-13.306877775716648,0.4119604604308883,-23.287247252152543,-9.92925343459098,0.13949459713808685,2.1000787607675
Random538
Raw:-20.91041346505779,-5.448529315112527,-14.563736000519622,22.981556620365446,-13.306877775716647,0.411960460430884,-23.287247252152536,-9.929253434590976,0.139494597138084,2.1000787607674973
EFT:-20.910413465057804,-5.44852931511253,-14.56373600051963,22.98155662036544,-13.306877775716648,0.41196046043088824,-23.287247252152543,-9.92925343459098,0.13949459713808673,2.1000787607675
Random539
Raw:-20.910413465057797,-5.44852931511253,-14.563736000519622,22.981556620365442,-13.306877775716643,0.41196046043087664,-23.287247252152543,-9.929253434590976,0.1394945971380886,2.1000787607674978
EFT:-20.910413465057804,-5.44852931511253,-14.56373600051963,22.981556620365442,-13.306877775716648,0.4119604604308882,-23.287247252152543,-9.92925343459098,0.13949459713808682,2.1000787607675
Random540
Raw:-20.910413465057804,-5.448529315112529,-14.563736000519626,22.981556620365442,-13.306877775716645,0.4119604604308842,-23.287247252152532,-9.929253434590978,0.13949459713809115,2.1000787607674924
EFT:-20.910413465057804,-5.44852931511253,-14.56373600051963,22.98155662036544,-13.306877775716647,0.41196046043088824,-23.287247252152543,-9.92925343459098,0.13949459713808662,2.1000787607675
Random541
Raw:-20.91041346505779,-5.448529315112529,-14.563736000519622,22.98155662036543,-13.306877775716648,0.4119604604308815,-23.287247252152536,-9.929253434590978,0.1394945971380849,2.100078760767498
EFT:-20.910413465057804,-5.44852931511253,-14.56373600051963,22.981556620365442,-13.306877775716648,0.4119604604308882,-23.287247252152543,-9.92925343459098,0.13949459713808682,2.1000787607675
Random542
Raw:-20.910413465057793,-5.448529315112526,-14.563736000519627,22.98155662036544,-13.306877775716648,0.4119604604308872,-23.28724725215255,-9.929253434590976,0.13949459713808232,2.100078760767499
EFT:-20.910413465057804,-5.44852931511253,-14.56373600051963,22.98155662036544,-13.306877775716648,0.41196046043088824,-23.28724725215254,-9.92925343459098,0.13949459713808693,2.1000787607675
Random543
Raw:-20.910413465057793,-5.44852931511253,-14.563736000519633,22.98155662036544,-13.30687777571664,0.4119604604308861,-23.28724725215254,-9.929253434590981,0.13949459713808632,2.1000787607675053
EFT:-20.910413465057804,-5.44852931511253,-14.56373600051963,22.98155662036544,-13.306877775716648,0.41196046043088824,-23.28724725215254,-9.92925343459098,0.13949459713808693,2.1000787607675
Random544
Raw:-20.910413465057797,-5.448529315112529,-14.563736000519626,22.98155662036543,-13.306877775716647,0.4119604604308811,-23.28724725215254,-9.929253434590981,0.13949459713808876,2.1000787607674996
EFT:-20.910413465057804,-5.44852931511253,-14.56373600051963,22.98155662036544,-13.306877775716648,0.4119604604308883,-23.287247252152543,-9.92925343459098,0.13949459713808685,2.1000787607675
Random545
Raw:-20.9104134650578,-5.448529315112523,-14.563736000519624,22.981556620365442,-13.306877775716652,0.41196046043088297,-23.287247252152543,-9.929253434590972,0.1394945971380846,2.100078760767492
EFT:-20.910413465057804,-5.44852931511253,-14.56373600051963,22.981556620365442,-13.306877775716647,0.41196046043088813,-23.28724725215254,-9.92925343459098,0.1394945971380867,2.1000787607675
Random546
Raw:-20.910413465057793,-5.4485293151125305,-14.563736000519627,22.98155662036543,-13.30687777571665,0.4119604604308843,-23.287247252152547,-9.929253434590985,0.13949459713808823,2.100078760767501
EFT:-20.910413465057804,-5.44852931511253,-14.56373600051963,22.98155662036544,-13.306877775716648,0.41196046043088824,-23.287247252152543,-9.92925343459098,0.13949459713808673,2.1000787607675
Random547
Raw:-20.9104134650578,-5.448529315112531,-14.56373600051963,22.98155662036544,-13.306877775716648,0.41196046043088974,-23.28724725215253,-9.929253434590978,0.13949459713808898,2.100078760767498
EFT:-20.910413465057804,-5.44852931511253,-14.56373600051963,22.981556620365442,-13.306877775716647,0.41196046043088813,-23.287247252152543,-9.92925343459098,0.1394945971380865,2.1000787607675
Random548
Raw:-20.910413465057797,-5.44852931511253,-14.56373600051963,22.981556620365442,-13.306877775716645,0.4119604604308844,-23.28724725215253,-9.92925343459098,0.13949459713808476,2.1000787607675
EFT:-20.910413465057804,-5.44852931511253,-14.56373600051963,22.981556620365442,-13.306877775716648,0.4119604604308882,-23.287247252152543,-9.92925343459098,0.13949459713808682,2.1000787607675
Random549
Raw:-20.9104134650578,-5.448529315112533,-14.563736000519627,22.981556620365435,-13.306877775716645,0.4119604604308832,-23.287247252152536,-9.92925343459098,0.13949459713808943,2.100078760767496
EFT:-20.910413465057804,-5.44852931511253,-14.56373600051963,22.98155662036544,-13.306877775716647,0.4119604604308883,-23.287247252152543,-9.92925343459098,0.13949459713808673,2.1000787607675
Random550
Raw:-20.910413465057797,-5.448529315112528,-14.56373600051962,22.98155662036544,-13.306877775716648,0.41196046043087975,-23.287247252152532,-9.929253434590974,0.13949459713808676,2.1000787607674973
EFT:-20.910413465057804,-5.44852931511253,-14.56373600051963,22.98155662036544,-13.306877775716647,0.41196046043088824,-23.28724725215254,-9.92925343459098,0.13949459713808682,2.1000787607675
Random551
Raw:-20.9104134650578,-5.4485293151125305,-14.56373600051963,22.981556620365428,-13.306877775716645,0.4119604604308909,-23.28724725215254,-9.929253434590978,0.13949459713808254,2.1000787607675004
EFT:-20.910413465057804,-5.44852931511253,-14.56373600051963,22.98155662036544,-13.306877775716648,0.4119604604308883,-23.28724725215254,-9.92925343459098,0.13949459713808693,2.1000787607675
Random552
Raw:-20.910413465057793,-5.448529315112534,-14.563736000519627,22.98155662036544,-13.306877775716645,0.4119604604308924,-23.287247252152536,-9.929253434590985,0.13949459713809087,2.1000787607675
EFT:-20.910413465057804,-5.44852931511253,-14.56373600051963,22.98155662036544,-13.306877775716648,0.4119604604308883,-23.28724725215254,-9.92925343459098,0.13949459713808693,2.1000787607675
Random553
Raw:-20.910413465057793,-5.4485293151125305,-14.563736000519627,22.981556620365435,-13.306877775716645,0.41196046043089196,-23.287247252152543,-9.929253434590981,0.13949459713808893,2.1000787607675053
EFT:-20.910413465057804,-5.44852931511253,-14.56373600051963,22.981556620365442,-13.306877775716647,0.41196046043088813,-23.287247252152543,-9.92925343459098,0.1394945971380865,2.1000787607675
Random554
Raw:-20.910413465057804,-5.448529315112525,-14.563736000519622,22.981556620365435,-13.306877775716647,0.41196046043087997,-23.28724725215254,-9.929253434590974,0.1394945971380838,2.1000787607674956
EFT:-20.910413465057804,-5.44852931511253,-14.56373600051963,22.98155662036544,-13.306877775716648,0.41196046043088824,-23.287247252152543,-9.92925343459098,0.13949459713808673,2.1000787607675
Random555
Raw:-20.910413465057786,-5.448529315112526,-14.56373600051962,22.981556620365435,-13.306877775716638,0.41196046043088086,-23.28724725215254,-9.929253434590976,0.1394945971380842,2.1000787607675004
EFT:-20.910413465057804,-5.44852931511253,-14.56373600051963,22.981556620365442,-13.306877775716647,0.41196046043088813,-23.287247252152543,-9.92925343459098,0.1394945971380865,2.1000787607675
Random556
Raw:-20.910413465057797,-5.448529315112533,-14.563736000519624,22.98155662036544,-13.306877775716645,0.41196046043088086,-23.287247252152532,-9.929253434590972,0.13949459713808898,2.1000787607674973
EFT:-20.910413465057804,-5.44852931511253,-14.56373600051963,22.981556620365442,-13.306877775716647,0.4119604604308881,-23.287247252152543,-9.92925343459098,0.1394945971380866,2.1000787607675
Random557
Raw:-20.9104134650578,-5.448529315112527,-14.563736000519613,22.981556620365435,-13.306877775716657,0.4119604604308804,-23.28724725215254,-9.929253434590976,0.13949459713808676,2.1000787607674916
EFT:-20.910413465057804,-5.44852931511253,-14.56373600051963,22.981556620365442,-13.306877775716647,0.41196046043088813,-23.28724725215254,-9.92925343459098,0.1394945971380867,2.1000787607675
Random558
Raw:-20.910413465057808,-5.44852931511253,-14.563736000519631,22.98155662036544,-13.306877775716648,0.4119604604308877,-23.287247252152536,-9.92925343459098,0.13949459713808676,2.1000787607674964
EFT:-20.910413465057804,-5.44852931511253,-14.56373600051963,22.98155662036544,-13.306877775716647,0.4119604604308882,-23.287247252152543,-9.92925343459098,0.13949459713808662,2.1000787607675
Random559
Raw:-20.9104134650578,-5.448529315112526,-14.56373600051963,22.981556620365435,-13.306877775716643,0.4119604604308829,-23.287247252152536,-9.929253434590981,0.13949459713808604,2.1000787607674978
EFT:-20.910413465057804,-5.44852931511253,-14.56373600051963,22.98155662036544,-13.306877775716648,0.4119604604308883,-23.28724725215254,-9.92925343459098,0.13949459713808693,2.1000787607675
Random560
Raw:-20.910413465057797,-5.44852931511253,-14.563736000519631,22.981556620365442,-13.306877775716641,0.41196046043088685,-23.287247252152536,-9.929253434590985,0.1394945971380932,2.1000787607674987
EFT:-20.910413465057804,-5.44852931511253,-14.56373600051963,22.98155662036544,-13.306877775716648,0.41196046043088824,-23.287247252152543,-9.92925343459098,0.13949459713808673,2.1000787607675
Random561
Raw:-20.910413465057804,-5.448529315112534,-14.563736000519627,22.98155662036544,-13.306877775716647,0.41196046043088713,-23.287247252152543,-9.929253434590981,0.1394945971380932,2.1000787607675
EFT:-20.910413465057804,-5.44852931511253,-14.56373600051963,22.981556620365442,-13.306877775716647,0.4119604604308881,-23.287247252152543,-9.92925343459098,0.1394945971380866,2.1000787607675
Random562
Raw:-20.910413465057808,-5.4485293151125305,-14.563736000519624,22.981556620365442,-13.306877775716652,0.41196046043088086,-23.287247252152536,-9.929253434590981,0.1394945971380891,2.100078760767498
EFT:-20.910413465057804,-5.44852931511253,-14.56373600051963,22.98155662036544,-13.306877775716647,0.4119604604308882,-23.287247252152543,-9.92925343459098,0.13949459713808662,2.1000787607675
Random563
Raw:-20.9104134650578,-5.448529315112524,-14.56373600051963,22.981556620365442,-13.306877775716648,0.41196046043088574,-23.28724725215254,-9.929253434590976,0.1394945971380844,2.1000787607674942
EFT:-20.910413465057804,-5.44852931511253,-14.56373600051963,22.98155662036544,-13.306877775716648,0.4119604604308883,-23.287247252152543,-9.92925343459098,0.13949459713808685,2.1000787607675
Random564
Raw:-20.910413465057797,-5.44852931511253,-14.563736000519627,22.981556620365435,-13.306877775716641,0.4119604604308915,-23.28724725215254,-9.929253434590986,0.13949459713808898,2.1000787607675004
EFT:-20.910413465057804,-5.44852931511253,-14.56373600051963,22.981556620365442,-13.306877775716648,0.4119604604308882,-23.287247252152543,-9.92925343459098,0.13949459713808682,2.1000787607675
Random565
Raw:-20.910413465057793,-5.44852931511253,-14.563736000519631,22.981556620365442,-13.306877775716641,0.4119604604308853,-23.287247252152532,-9.929253434590981,0.1394945971380902,2.100078760767498
EFT:-20.910413465057804,-5.44852931511253,-14.56373600051963,22.98155662036544,-13.306877775716648,0.41196046043088835,-23.28724725215254,-9.92925343459098,0.13949459713808704,2.1000787607675
Random566
Raw:-20.9104134650578,-5.44852931511253,-14.563736000519624,22.981556620365435,-13.306877775716647,0.4119604604308845,-23.28724725215254,-9.929253434590978,0.1394945971380907,2.100078760767499
EFT:-20.910413465057804,-5.44852931511253,-14.56373600051963,22.98155662036544,-13.306877775716648,0.41196046043088824,-23.28724725215254,-9.92925343459098,0.13949459713808693,2.1000787607675
Random567
Raw:-20.9104134650578,-5.448529315112528,-14.56373600051962,22.981556620365435,-13.306877775716645,0.4119604604308804,-23.287247252152536,-9.92925343459097,0.139494597138082,2.100078760767491
EFT:-20.910413465057804,-5.44852931511253,-14.56373600051963,22.981556620365442,-13.306877775716647,0.41196046043088813,-23.287247252152543,-9.92925343459098,0.1394945971380865,2.1000787607675
Random568
Raw:-20.910413465057804,-5.448529315112528,-14.56373600051963,22.981556620365446,-13.306877775716645,0.4119604604308901,-23.287247252152547,-9.929253434590976,0.1394945971380833,2.1000787607674973
EFT:-20.910413465057804,-5.44852931511253,-14.56373600051963,22.98155662036544,-13.306877775716647,0.4119604604308882,-23.287247252152543,-9.92925343459098,0.13949459713808662,2.1000787607675
Random569
Raw:-20.910413465057804,-5.448529315112525,-14.56373600051963,22.98155662036544,-13.306877775716645,0.41196046043088796,-23.287247252152543,-9.929253434590981,0.13949459713808732,2.1000787607675004
EFT:-20.910413465057804,-5.44852931511253,-14.56373600051963,22.98155662036544,-13.306877775716647,0.4119604604308882,-23.28724725215254,-9.92925343459098,0.1394945971380867,2.1000787607675
Random570
Raw:-20.910413465057797,-5.448529315112529,-14.563736000519626,22.981556620365442,-13.306877775716647,0.4119604604308865,-23.287247252152543,-9.929253434590978,0.13949459713808454,2.100078760767502
EFT:-20.910413465057804,-5.44852931511253,-14.56373600051963,22.98155662036544,-13.306877775716648,0.4119604604308883,-23.28724725215254,-9.92925343459098,0.13949459713808693,2.1000787607675
Random571
Raw:-20.910413465057808,-5.44852931511253,-14.56373600051963,22.981556620365446,-13.30687777571665,0.41196046043088563,-23.287247252152547,-9.929253434590978,0.13949459713808632,2.1000787607674964
EFT:-20.910413465057804,-5.44852931511253,-14.56373600051963,22.981556620365442,-13.306877775716648,0.4119604604308882,-23.287247252152543,-9.92925343459098,0.13949459713808682,2.1000787607675
Random572
Raw:-20.9104134650578,-5.448529315112526,-14.563736000519624,22.98155662036544,-13.306877775716638,0.4119604604308837,-23.287247252152532,-9.929253434590978,0.1394945971380881,2.1000787607674947
EFT:-20.910413465057804,-5.44852931511253,-14.56373600051963,22.981556620365442,-13.306877775716647,0.41196046043088813,-23.28724725215254,-9.92925343459098,0.1394945971380867,2.1000787607675
Random573
Raw:-20.9104134650578,-5.448529315112531,-14.56373600051963,22.98155662036544,-13.306877775716648,0.4119604604308905,-23.28724725215254,-9.929253434590981,0.13949459713808737,2.100078760767495
EFT:-20.910413465057804,-5.44852931511253,-14.56373600051963,22.981556620365442,-13.306877775716647,0.4119604604308881,-23.287247252152543,-9.92925343459098,0.1394945971380866,2.1000787607675
Random574
Raw:-20.910413465057793,-5.448529315112529,-14.563736000519626,22.981556620365442,-13.306877775716643,0.4119604604308774,-23.287247252152543,-9.929253434590978,0.1394945971380881,2.100078760767502
EFT:-20.910413465057804,-5.44852931511253,-14.56373600051963,22.98155662036544,-13.306877775716647,0.4119604604308882,-23.28724725215254,-9.92925343459098,0.1394945971380867,2.1000787607675
Random575
Raw:-20.910413465057793,-5.4485293151125305,-14.563736000519627,22.98155662036544,-13.30687777571664,0.41196046043088574,-23.287247252152543,-9.92925343459098,0.13949459713808565,2.100078760767501
EFT:-20.910413465057804,-5.44852931511253,-14.56373600051963,22.98155662036544,-13.306877775716647,0.4119604604308882,-23.287247252152543,-9.92925343459098,0.13949459713808662,2.1000787607675
Random576
Raw:-20.910413465057797,-5.448529315112526,-14.563736000519626,22.981556620365435,-13.306877775716647,0.41196046043088813,-23.287247252152532,-9.929253434590974,0.13949459713807932,2.100078760767495
EFT:-20.910413465057804,-5.44852931511253,-14.56373600051963,22.98155662036544,-13.306877775716647,0.41196046043088824,-23.28724725215254,-9.92925343459098,0.13949459713808682,2.1000787607675
Random577
Raw:-20.910413465057797,-5.448529315112526,-14.563736000519631,22.98155662036543,-13.306877775716645,0.4119604604308864,-23.287247252152532,-9.929253434590983,0.1394945971380872,2.1000787607674956
EFT:-20.910413465057804,-5.44852931511253,-14.56373600051963,22.98155662036544,-13.306877775716648,0.41196046043088824,-23.287247252152543,-9.92925343459098,0.13949459713808673,2.1000787607675
Random578
Raw:-20.9104134650578,-5.448529315112528,-14.56373600051963,22.981556620365442,-13.306877775716648,0.41196046043088597,-23.287247252152532,-9.929253434590976,0.13949459713808554,2.100078760767494
EFT:-20.910413465057804,-5.44852931511253,-14.56373600051963,22.98155662036544,-13.306877775716648,0.41196046043088824,-23.287247252152543,-9.92925343459098,0.13949459713808673,2.1000787607675
Random579
Raw:-20.910413465057797,-5.448529315112535,-14.56373600051963,22.98155662036544,-13.306877775716643,0.4119604604308902,-23.28724725215255,-9.929253434590978,0.13949459713808415,2.100078760767505
EFT:-20.910413465057804,-5.44852931511253,-14.56373600051963,22.98155662036544,-13.306877775716648,0.4119604604308883,-23.287247252152543,-9.92925343459098,0.13949459713808685,2.1000787607675
Random580
Raw:-20.910413465057804,-5.4485293151125305,-14.563736000519619,22.981556620365435,-13.306877775716652,0.41196046043088463,-23.28724725215254,-9.92925343459098,0.13949459713809195,2.1000787607674978
EFT:-20.910413465057804,-5.44852931511253,-14.56373600051963,22.98155662036544,-13.306877775716648,0.41196046043088824,-23.287247252152543,-9.92925343459098,0.13949459713808673,2.1000787607675
Random581
Raw:-20.9104134650578,-5.448529315112526,-14.563736000519624,22.98155662036544,-13.306877775716643,0.4119604604308831,-23.287247252152536,-9.929253434590972,0.1394945971380841,2.100078760767499
EFT:-20.910413465057804,-5.44852931511253,-14.56373600051963,22.981556620365442,-13.306877775716647,0.41196046043088813,-23.28724725215254,-9.92925343459098,0.1394945971380867,2.1000787607675
Random582
Raw:-20.9104134650578,-5.448529315112531,-14.563736000519626,22.981556620365435,-13.306877775716647,0.41196046043088463,-23.28724725215255,-9.929253434590976,0.13949459713808576,2.100078760767495
EFT:-20.910413465057804,-5.44852931511253,-14.56373600051963,22.981556620365442,-13.306877775716647,0.4119604604308881,-23.287247252152543,-9.92925343459098,0.1394945971380866,2.1000787607675
Random583
Raw:-20.910413465057804,-5.448529315112526,-14.563736000519626,22.981556620365442,-13.306877775716648,0.4119604604308853,-23.287247252152543,-9.929253434590981,0.13949459713808646,2.1000787607674964
EFT:-20.910413465057804,-5.44852931511253,-14.56373600051963,22.981556620365442,-13.306877775716648,0.4119604604308882,-23.287247252152543,-9.92925343459098,0.13949459713808682,2.1000787607675
Random584
Raw:-20.910413465057804,-5.44852931511253,-14.563736000519633,22.98155662036544,-13.306877775716648,0.4119604604308863,-23.287247252152543,-9.92925343459098,0.1394945971380911,2.1000787607674978
EFT:-20.910413465057804,-5.44852931511253,-14.56373600051963,22.98155662036544,-13.306877775716647,0.41196046043088824,-23.287247252152543,-9.92925343459098,0.13949459713808662,2.1000787607675
Random585
Raw:-20.9104134650578,-5.448529315112525,-14.56373600051962,22.981556620365435,-13.306877775716648,0.4119604604308822,-23.287247252152536,-9.929253434590976,0.1394945971380832,2.1000787607674973
EFT:-20.910413465057804,-5.44852931511253,-14.56373600051963,22.981556620365442,-13.306877775716647,0.41196046043088813,-23.28724725215254,-9.92925343459098,0.1394945971380867,2.1000787607675
Random586
Raw:-20.910413465057797,-5.44852931511253,-14.563736000519624,22.981556620365435,-13.306877775716643,0.4119604604308776,-23.287247252152543,-9.929253434590974,0.1394945971380862,2.100078760767498
EFT:-20.910413465057804,-5.44852931511253,-14.56373600051963,22.98155662036544,-13.306877775716648,0.41196046043088824,-23.28724725215254,-9.92925343459098,0.13949459713808693,2.1000787607675
Random587
Raw:-20.910413465057808,-5.448529315112529,-14.56373600051963,22.98155662036544,-13.30687777571665,0.4119604604308961,-23.287247252152536,-9.929253434590983,0.1394945971380861,2.1000787607675018
EFT:-20.910413465057804,-5.44852931511253,-14.56373600051963,22.98155662036544,-13.306877775716648,0.41196046043088835,-23.28724725215254,-9.92925343459098,0.13949459713808704,2.1000787607675
Random588
Raw:-20.910413465057793,-5.448529315112532,-14.563736000519626,22.981556620365435,-13.306877775716645,0.4119604604308851,-23.28724725215254,-9.929253434590978,0.1394945971380862,2.1000787607675013
EFT:-20.910413465057804,-5.44852931511253,-14.56373600051963,22.981556620365442,-13.306877775716648,0.4119604604308882,-23.287247252152543,-9.92925343459098,0.13949459713808682,2.1000787607675
Random589
Raw:-20.910413465057797,-5.448529315112528,-14.563736000519624,22.981556620365435,-13.306877775716648,0.4119604604308853,-23.28724725215253,-9.929253434590976,0.13949459713808987,2.1000787607674947
EFT:-20.910413465057804,-5.44852931511253,-14.56373600051963,22.98155662036544,-13.306877775716648,0.41196046043088824,-23.287247252152543,-9.92925343459098,0.13949459713808673,2.1000787607675
Random590
Raw:-20.91041346505781,-5.448529315112528,-14.563736000519627,22.981556620365442,-13.306877775716647,0.4119604604308833,-23.287247252152547,-9.929253434590981,0.1394945971380841,2.1000787607674978
EFT:-20.910413465057804,-5.44852931511253,-14.56373600051963,22.98155662036544,-13.306877775716648,0.41196046043088824,-23.28724725215254,-9.92925343459098,0.13949459713808693,2.1000787607675
Random591
Raw:-20.910413465057808,-5.448529315112529,-14.56373600051963,22.98155662036544,-13.306877775716645,0.41196046043089285,-23.28724725215254,-9.929253434590981,0.13949459713808854,2.100078760767503
EFT:-20.910413465057804,-5.44852931511253,-14.56373600051963,22.981556620365442,-13.306877775716648,0.4119604604308882,-23.287247252152543,-9.92925343459098,0.13949459713808682,2.1000787607675
Random592
Raw:-20.910413465057804,-5.448529315112529,-14.563736000519626,22.981556620365446,-13.306877775716648,0.4119604604308854,-23.28724725215255,-9.929253434590974,0.13949459713807943,2.1000787607674978
EFT:-20.910413465057804,-5.44852931511253,-14.56373600051963,22.981556620365442,-13.306877775716647,0.4119604604308881,-23.287247252152543,-9.92925343459098,0.1394945971380866,2.1000787607675
Random593
Raw:-20.910413465057804,-5.44852931511253,-14.563736000519631,22.98155662036544,-13.306877775716647,0.41196046043088463,-23.287247252152547,-9.929253434590976,0.1394945971380853,2.1000787607674964
EFT:-20.910413465057804,-5.44852931511253,-14.56373600051963,22.98155662036544,-13.306877775716648,0.41196046043088824,-23.287247252152543,-9.92925343459098,0.13949459713808673,2.1000787607675
Random594
Raw:-20.910413465057797,-5.4485293151125305,-14.563736000519627,22.981556620365428,-13.306877775716643,0.41196046043088574,-23.287247252152532,-9.929253434590981,0.13949459713808987,2.1000787607674996
EFT:-20.910413465057804,-5.44852931511253,-14.56373600051963,22.981556620365442,-13.306877775716647,0.41196046043088813,-23.287247252152543,-9.92925343459098,0.1394945971380865,2.1000787607675
Random595
Raw:-20.910413465057804,-5.448529315112528,-14.563736000519638,22.981556620365435,-13.306877775716645,0.411960460430889,-23.287247252152543,-9.92925343459098,0.13949459713808587,2.100078760767505
EFT:-20.910413465057804,-5.44852931511253,-14.56373600051963,22.98155662036544,-13.306877775716647,0.4119604604308882,-23.28724725215254,-9.92925343459098,0.1394945971380867,2.1000787607675
Random596
Raw:-20.9104134650578,-5.4485293151125225,-14.56373600051962,22.98155662036544,-13.306877775716645,0.4119604604308753,-23.28724725215254,-9.929253434590974,0.1394945971380798,2.100078760767498
EFT:-20.910413465057804,-5.44852931511253,-14.56373600051963,22.981556620365442,-13.306877775716648,0.4119604604308882,-23.287247252152543,-9.92925343459098,0.13949459713808682,2.1000787607675
Random597
Raw:-20.9104134650578,-5.44852931511253,-14.563736000519633,22.981556620365446,-13.306877775716648,0.41196046043088436,-23.28724725215254,-9.929253434590974,0.13949459713808549,2.1000787607674902
EFT:-20.910413465057804,-5.44852931511253,-14.56373600051963,22.98155662036544,-13.306877775716648,0.41196046043088835,-23.287247252152543,-9.92925343459098,0.13949459713808685,2.1000787607675
Random598
Raw:-20.91041346505779,-5.448529315112528,-14.563736000519631,22.98155662036543,-13.306877775716645,0.41196046043088996,-23.287247252152536,-9.929253434590978,0.13949459713808757,2.1000787607674987
EFT:-20.910413465057804,-5.44852931511253,-14.56373600051963,22.981556620365442,-13.306877775716647,0.4119604604308881,-23.287247252152543,-9.92925343459098,0.1394945971380866,2.1000787607675
Random599
Raw:-20.910413465057793,-5.448529315112533,-14.56373600051963,22.98155662036543,-13.306877775716647,0.4119604604308872,-23.28724725215254,-9.929253434590983,0.13949459713809076,2.1000787607675058
EFT:-20.910413465057804,-5.44852931511253,-14.56373600051963,22.981556620365442,-13.306877775716647,0.4119604604308881,-23.287247252152543,-9.92925343459098,0.1394945971380866,2.1000787607675
Random600
Raw:-20.910413465057804,-5.448529315112531,-14.563736000519627,22.981556620365435,-13.30687777571665,0.41196046043088796,-23.287247252152536,-9.929253434590978,0.13949459713808987,2.100078760767501
EFT:-20.910413465057804,-5.44852931511253,-14.56373600051963,22.981556620365442,-13.306877775716647,0.41196046043088813,-23.28724725215254,-9.92925343459098,0.1394945971380867,2.1000787607675
Random601
Raw:-20.910413465057797,-5.448529315112532,-14.563736000519626,22.98155662036544,-13.30687777571665,0.4119604604308822,-23.28724725215254,-9.929253434590983,0.1394945971380886,2.100078760767499
EFT:-20.910413465057804,-5.44852931511253,-14.56373600051963,22.98155662036544,-13.306877775716648,0.41196046043088824,-23.287247252152543,-9.92925343459098,0.13949459713808673,2.1000787607675
Random602
Raw:-20.9104134650578,-5.448529315112531,-14.563736000519624,22.981556620365442,-13.306877775716647,0.41196046043088297,-23.28724725215254,-9.929253434590981,0.13949459713808865,2.1000787607674942
EFT:-20.910413465057804,-5.44852931511253,-14.56373600051963,22.98155662036544,-13.306877775716648,0.4119604604308884,-23.287247252152543,-9.92925343459098,0.13949459713808696,2.1000787607675
Random603
Raw:-20.910413465057808,-5.4485293151125305,-14.56373600051963,22.981556620365446,-13.306877775716641,0.41196046043088286,-23.28724725215254,-9.92925343459097,0.13949459713808365,2.1000787607674947
EFT:-20.910413465057804,-5.44852931511253,-14.56373600051963,22.98155662036544,-13.306877775716648,0.4119604604308883,-23.28724725215254,-9.92925343459098,0.13949459713808693,2.1000787607675
Random604
Raw:-20.9104134650578,-5.44852931511253,-14.563736000519627,22.981556620365435,-13.306877775716647,0.4119604604308845,-23.287247252152536,-9.929253434590978,0.13949459713808676,2.100078760767499
EFT:-20.910413465057804,-5.44852931511253,-14.56373600051963,22.981556620365442,-13.306877775716647,0.4119604604308881,-23.287247252152543,-9.92925343459098,0.1394945971380866,2.1000787607675
Random605
Raw:-20.910413465057808,-5.448529315112528,-14.563736000519624,22.98155662036544,-13.306877775716648,0.41196046043088363,-23.287247252152543,-9.929253434590978,0.13949459713809037,2.100078760767491
EFT:-20.910413465057804,-5.44852931511253,-14.56373600051963,22.981556620365442,-13.306877775716647,0.41196046043088813,-23.287247252152543,-9.92925343459098,0.1394945971380865,2.1000787607675
Random606
Raw:-20.9104134650578,-5.448529315112526,-14.563736000519626,22.981556620365442,-13.306877775716647,0.4119604604308774,-23.287247252152547,-9.929253434590974,0.1394945971380847,2.1000787607674956
EFT:-20.910413465057804,-5.44852931511253,-14.56373600051963,22.98155662036544,-13.306877775716647,0.4119604604308883,-23.287247252152543,-9.92925343459098,0.13949459713808673,2.1000787607675
Random607
Raw:-20.910413465057808,-5.448529315112531,-14.563736000519631,22.981556620365446,-13.30687777571665,0.41196046043088863,-23.287247252152543,-9.929253434590978,0.13949459713808754,2.1000787607675
EFT:-20.910413465057804,-5.44852931511253,-14.56373600051963,22.98155662036544,-13.306877775716648,0.4119604604308883,-23.287247252152543,-9.92925343459098,0.13949459713808685,2.1000787607675
Random608
Raw:-20.910413465057793,-5.448529315112528,-14.56373600051962,22.98155662036543,-13.306877775716645,0.4119604604308814,-23.287247252152547,-9.929253434590976,0.13949459713808743,2.1000787607674987
EFT:-20.910413465057804,-5.44852931511253,-14.56373600051963,22.98155662036544,-13.306877775716648,0.4119604604308884,-23.287247252152543,-9.92925343459098,0.13949459713808696,2.1000787607675
Random609
Raw:-20.910413465057793,-5.448529315112532,-14.56373600051962,22.981556620365435,-13.306877775716647,0.4119604604308875,-23.287247252152547,-9.929253434590981,0.13949459713808987,2.1000787607674973
EFT:-20.910413465057804,-5.44852931511253,-14.56373600051963,22.981556620365442,-13.306877775716647,0.41196046043088813,-23.28724725215254,-9.92925343459098,0.1394945971380867,2.1000787607675
Random610
Raw:-20.910413465057797,-5.448529315112526,-14.56373600051962,22.98155662036544,-13.30687777571665,0.41196046043088486,-23.287247252152536,-9.929253434590972,0.13949459713808077,2.1000787607674978
EFT:-20.910413465057804,-5.44852931511253,-14.56373600051963,22.981556620365442,-13.306877775716647,0.41196046043088813,-23.287247252152543,-9.92925343459098,0.1394945971380865,2.1000787607675
Random611
Raw:-20.9104134650578,-5.448529315112528,-14.563736000519622,22.98155662036544,-13.30687777571665,0.41196046043088486,-23.28724725215254,-9.929253434590976,0.1394945971380872,2.100078760767497
EFT:-20.910413465057804,-5.44852931511253,-14.56373600051963,22.981556620365442,-13.306877775716647,0.41196046043088813,-23.28724725215254,-9.92925343459098,0.1394945971380867,2.1000787607675
Random612
Raw:-20.910413465057786,-5.448529315112535,-14.563736000519624,22.981556620365428,-13.306877775716645,0.4119604604308893,-23.287247252152536,-9.929253434590985,0.13949459713809675,2.1000787607675044
EFT:-20.910413465057804,-5.44852931511253,-14.56373600051963,22.98155662036544,-13.306877775716648,0.41196046043088835,-23.287247252152543,-9.92925343459098,0.13949459713808685,2.1000787607675
Random613
Raw:-20.910413465057808,-5.448529315112529,-14.563736000519624,22.981556620365442,-13.306877775716641,0.4119604604308862,-23.287247252152543,-9.929253434590978,0.1394945971380832,2.1000787607674956
EFT:-20.910413465057804,-5.44852931511253,-14.56373600051963,22.981556620365442,-13.306877775716647,0.41196046043088813,-23.287247252152543,-9.92925343459098,0.1394945971380865,2.1000787607675
Random614
Raw:-20.910413465057793,-5.448529315112527,-14.563736000519627,22.98155662036544,-13.306877775716645,0.41196046043088774,-23.287247252152543,-9.929253434590976,0.13949459713808746,2.100078760767492
EFT:-20.910413465057804,-5.44852931511253,-14.56373600051963,22.981556620365442,-13.306877775716648,0.4119604604308882,-23.287247252152543,-9.92925343459098,0.13949459713808682,2.1000787607675
Random615
Raw:-20.910413465057793,-5.448529315112527,-14.563736000519627,22.98155662036543,-13.306877775716645,0.41196046043088974,-23.287247252152532,-9.92925343459098,0.13949459713808476,2.1000787607675027
EFT:-20.910413465057804,-5.44852931511253,-14.56373600051963,22.981556620365442,-13.306877775716647,0.4119604604308881,-23.287247252152543,-9.92925343459098,0.1394945971380866,2.1000787607675
Random616
Raw:-20.9104134650578,-5.448529315112529,-14.56373600051963,22.981556620365435,-13.306877775716643,0.4119604604308871,-23.287247252152547,-9.929253434590972,0.13949459713808482,2.100078760767503
EFT:-20.910413465057804,-5.44852931511253,-14.56373600051963,22.981556620365442,-13.306877775716647,0.41196046043088813,-23.28724725215254,-9.92925343459098,0.1394945971380867,2.1000787607675
Random617
Raw:-20.910413465057815,-5.448529315112531,-14.563736000519627,22.981556620365442,-13.306877775716645,0.41196046043088796,-23.28724725215254,-9.92925343459098,0.13949459713808446,2.1000787607675013
EFT:-20.910413465057804,-5.44852931511253,-14.56373600051963,22.98155662036544,-13.306877775716648,0.4119604604308883,-23.28724725215254,-9.92925343459098,0.13949459713808693,2.1000787607675
Random618
Raw:-20.910413465057808,-5.448529315112528,-14.563736000519633,22.981556620365442,-13.306877775716655,0.4119604604308902,-23.28724725215254,-9.929253434590974,0.1394945971380832,2.1000787607674947
EFT:-20.910413465057804,-5.44852931511253,-14.56373600051963,22.98155662036544,-13.306877775716648,0.4119604604308883,-23.28724725215254,-9.92925343459098,0.13949459713808693,2.1000787607675
Random619
Raw:-20.910413465057797,-5.44852931511253,-14.563736000519624,22.98155662036544,-13.306877775716641,0.411960460430886,-23.287247252152543,-9.929253434590972,0.1394945971380869,2.100078760767499
EFT:-20.910413465057804,-5.44852931511253,-14.56373600051963,22.981556620365442,-13.306877775716647,0.4119604604308881,-23.287247252152543,-9.92925343459098,0.1394945971380866,2.1000787607675
Random620
Raw:-20.9104134650578,-5.448529315112527,-14.563736000519626,22.98155662036544,-13.306877775716647,0.41196046043088386,-23.287247252152547,-9.92925343459098,0.13949459713808493,2.1000787607675
EFT:-20.910413465057804,-5.44852931511253,-14.56373600051963,22.98155662036544,-13.306877775716647,0.4119604604308882,-23.28724725215254,-9.92925343459098,0.1394945971380867,2.1000787607675
Random621
Raw:-20.910413465057804,-5.448529315112529,-14.563736000519622,22.981556620365442,-13.306877775716645,0.4119604604308859,-23.287247252152536,-9.929253434590978,0.13949459713808543,2.1000787607674978
EFT:-20.910413465057804,-5.44852931511253,-14.56373600051963,22.981556620365442,-13.306877775716647,0.41196046043088813,-23.28724725215254,-9.92925343459098,0.1394945971380867,2.1000787607675
Random622
Raw:-20.910413465057793,-5.448529315112528,-14.563736000519622,22.981556620365435,-13.306877775716638,0.41196046043088497,-23.28724725215254,-9.929253434590978,0.13949459713809087,2.1000787607675035
EFT:-20.910413465057804,-5.44852931511253,-14.56373600051963,22.981556620365442,-13.306877775716647,0.41196046043088813,-23.287247252152543,-9.92925343459098,0.1394945971380865,2.1000787607675
Random623
Raw:-20.9104134650578,-5.448529315112534,-14.563736000519626,22.98155662036543,-13.306877775716645,0.4119604604308843,-23.28724725215254,-9.929253434590986,0.13949459713809453,2.100078760767503
EFT:-20.910413465057804,-5.44852931511253,-14.56373600051963,22.98155662036544,-13.306877775716648,0.4119604604308883,-23.28724725215254,-9.92925343459098,0.13949459713808693,2.1000787607675
Random624
Raw:-20.910413465057804,-5.448529315112535,-14.563736000519633,22.981556620365442,-13.306877775716643,0.4119604604308871,-23.28724725215254,-9.929253434590981,0.13949459713808765,2.100078760767504
EFT:-20.910413465057804,-5.44852931511253,-14.56373600051963,22.981556620365442,-13.306877775716648,0.4119604604308882,-23.287247252152543,-9.92925343459098,0.13949459713808682,2.1000787607675
Random625
Raw:-20.910413465057797,-5.4485293151125305,-14.563736000519619,22.98155662036543,-13.306877775716648,0.4119604604308773,-23.28724725215254,-9.929253434590978,0.13949459713808932,2.1000787607674973
EFT:-20.910413465057804,-5.44852931511253,-14.56373600051963,22.98155662036544,-13.306877775716648,0.4119604604308883,-23.28724725215254,-9.92925343459098,0.13949459713808693,2.1000787607675
Random626
Raw:-20.910413465057793,-5.44852931511253,-14.563736000519622,22.981556620365435,-13.306877775716648,0.41196046043088086,-23.28724725215254,-9.929253434590978,0.13949459713809165,2.1000787607675
EFT:-20.910413465057804,-5.44852931511253,-14.56373600051963,22.98155662036544,-13.306877775716648,0.4119604604308883,-23.287247252152543,-9.92925343459098,0.13949459713808685,2.1000787607675
Random627
Raw:-20.91041346505779,-5.448529315112535,-14.563736000519624,22.981556620365435,-13.306877775716643,0.41196046043088597,-23.28724725215253,-9.929253434590978,0.13949459713808776,2.100078760767502
EFT:-20.910413465057804,-5.44852931511253,-14.56373600051963,22.981556620365442,-13.306877775716647,0.4119604604308881,-23.287247252152543,-9.92925343459098,0.1394945971380866,2.1000787607675
Random628
Raw:-20.9104134650578,-5.448529315112529,-14.563736000519631,22.981556620365442,-13.306877775716641,0.41196046043088613,-23.28724725215254,-9.929253434590983,0.13949459713808743,2.1000787607674956
EFT:-20.910413465057804,-5.44852931511253,-14.56373600051963,22.981556620365442,-13.306877775716647,0.4119604604308881,-23.287247252152543,-9.92925343459098,0.1394945971380866,2.1000787607675
Random629
Raw:-20.910413465057797,-5.4485293151125305,-14.563736000519622,22.98155662036544,-13.306877775716641,0.4119604604308815,-23.287247252152543,-9.929253434590983,0.13949459713808915,2.1000787607675035
EFT:-20.910413465057804,-5.44852931511253,-14.56373600051963,22.98155662036544,-13.306877775716647,0.4119604604308882,-23.287247252152543,-9.92925343459098,0.13949459713808662,2.1000787607675
Random630
Raw:-20.9104134650578,-5.448529315112533,-14.563736000519624,22.98155662036543,-13.306877775716645,0.4119604604308855,-23.287247252152543,-9.929253434590986,0.13949459713808932,2.1000787607675044
EFT:-20.910413465057804,-5.44852931511253,-14.56373600051963,22.981556620365442,-13.306877775716647,0.41196046043088813,-23.28724725215254,-9.92925343459098,0.1394945971380867,2.1000787607675
Random631
Raw:-20.910413465057804,-5.448529315112527,-14.563736000519622,22.98155662036544,-13.306877775716648,0.41196046043088397,-23.28724725215253,-9.929253434590978,0.13949459713808687,2.1000787607674964
EFT:-20.910413465057804,-5.44852931511253,-14.56373600051963,22.98155662036544,-13.306877775716648,0.4119604604308883,-23.28724725215254,-9.92925343459098,0.13949459713808693,2.1000787607675
Random632
Raw:-20.91041346505779,-5.448529315112525,-14.563736000519622,22.981556620365435,-13.306877775716648,0.41196046043088413,-23.287247252152532,-9.92925343459098,0.1394945971380912,2.100078760767499
EFT:-20.910413465057804,-5.44852931511253,-14.56373600051963,22.98155662036544,-13.306877775716648,0.41196046043088824,-23.28724725215254,-9.92925343459098,0.13949459713808693,2.1000787607675
Random633
Raw:-20.9104134650578,-5.44852931511253,-14.563736000519626,22.981556620365446,-13.306877775716645,0.41196046043088114,-23.28724725215253,-9.929253434590978,0.13949459713808854,2.1000787607674956
EFT:-20.910413465057804,-5.44852931511253,-14.56373600051963,22.98155662036544,-13.306877775716647,0.4119604604308883,-23.287247252152543,-9.92925343459098,0.13949459713808673,2.1000787607675
Random634
Raw:-20.910413465057808,-5.448529315112531,-14.563736000519626,22.98155662036544,-13.306877775716647,0.41196046043088397,-23.287247252152543,-9.92925343459098,0.13949459713808338,2.100078760767501
EFT:-20.910413465057804,-5.44852931511253,-14.56373600051963,22.98155662036544,-13.306877775716648,0.4119604604308883,-23.287247252152543,-9.92925343459098,0.13949459713808685,2.1000787607675
Random635
Raw:-20.910413465057808,-5.448529315112528,-14.563736000519631,22.981556620365435,-13.306877775716648,0.41196046043089285,-23.287247252152543,-9.929253434590976,0.13949459713808496,2.1000787607675013
EFT:-20.910413465057804,-5.44852931511253,-14.56373600051963,22.98155662036544,-13.306877775716648,0.4119604604308883,-23.287247252152543,-9.92925343459098,0.13949459713808685,2.1000787607675
Random636
Raw:-20.9104134650578,-5.448529315112529,-14.563736000519633,22.981556620365442,-13.306877775716643,0.4119604604308853,-23.287247252152543,-9.929253434590974,0.13949459713808438,2.1000787607674987
EFT:-20.910413465057804,-5.44852931511253,-14.56373600051963,22.981556620365442,-13.306877775716647,0.4119604604308881,-23.287247252152543,-9.92925343459098,0.1394945971380866,2.1000787607675
Random637
Raw:-20.910413465057793,-5.448529315112528,-14.56373600051962,22.98155662036544,-13.306877775716645,0.41196046043088175,-23.287247252152536,-9.929253434590972,0.1394945971380902,2.100078760767498
EFT:-20.910413465057804,-5.44852931511253,-14.56373600051963,22.98155662036544,-13.306877775716648,0.4119604604308883,-23.287247252152543,-9.92925343459098,0.13949459713808685,2.1000787607675
Random638
Raw:-20.9104134650578,-5.448529315112525,-14.56373600051964,22.981556620365442,-13.306877775716645,0.41196046043088685,-23.287247252152536,-9.92925343459098,0.13949459713808124,2.1000787607675013
EFT:-20.910413465057804,-5.44852931511253,-14.56373600051963,22.98155662036544,-13.306877775716647,0.4119604604308882,-23.287247252152543,-9.92925343459098,0.13949459713808662,2.1000787607675
Random639
Raw:-20.91041346505781,-5.448529315112531,-14.563736000519635,22.981556620365446,-13.306877775716648,0.4119604604308864,-23.287247252152543,-9.929253434590976,0.13949459713808365,2.1000787607674978
EFT:-20.910413465057804,-5.44852931511253,-14.56373600051963,22.981556620365442,-13.306877775716647,0.4119604604308881,-23.287247252152543,-9.92925343459098,0.1394945971380866,2.1000787607675
Random640
Raw:-20.910413465057804,-5.448529315112528,-14.563736000519626,22.981556620365435,-13.306877775716645,0.4119604604308885,-23.287247252152536,-9.929253434590978,0.13949459713808782,2.100078760767498
EFT:-20.910413465057804,-5.44852931511253,-14.56373600051963,22.98155662036544,-13.306877775716648,0.4119604604308883,-23.287247252152543,-9.92925343459098,0.13949459713808685,2.1000787607675
Random641
Raw:-20.91041346505779,-5.448529315112526,-14.563736000519624,22.98155662036544,-13.30687777571665,0.41196046043088397,-23.287247252152536,-9.929253434590978,0.13949459713808426,2.100078760767496
EFT:-20.910413465057804,-5.44852931511253,-14.56373600051963,22.98155662036544,-13.306877775716648,0.41196046043088824,-23.287247252152543,-9.92925343459098,0.13949459713808673,2.1000787607675
Random642
Raw:-20.9104134650578,-5.448529315112534,-14.563736000519627,22.981556620365442,-13.306877775716647,0.41196046043088275,-23.287247252152536,-9.929253434590981,0.1394945971380882,2.1000787607674973
EFT:-20.910413465057804,-5.44852931511253,-14.56373600051963,22.981556620365442,-13.306877775716647,0.41196046043088813,-23.28724725215254,-9.92925343459098,0.1394945971380867,2.1000787607675
Random643
Raw:-20.91041346505781,-5.448529315112528,-14.56373600051963,22.981556620365442,-13.30687777571665,0.41196046043088974,-23.287247252152547,-9.929253434590976,0.1394945971380811,2.100078760767495
EFT:-20.910413465057804,-5.44852931511253,-14.56373600051963,22.98155662036544,-13.306877775716648,0.4119604604308883,-23.28724725215254,-9.92925343459098,0.13949459713808693,2.1000787607675
Random644
Raw:-20.910413465057804,-5.448529315112529,-14.563736000519619,22.981556620365435,-13.306877775716648,0.4119604604308789,-23.287247252152547,-9.929253434590978,0.1394945971380835,2.1000787607674973
EFT:-20.910413465057804,-5.44852931511253,-14.56373600051963,22.981556620365442,-13.306877775716647,0.4119604604308881,-23.287247252152543,-9.92925343459098,0.1394945971380866,2.1000787607675
Random645
Raw:-20.910413465057797,-5.448529315112528,-14.563736000519622,22.981556620365435,-13.306877775716648,0.4119604604308836,-23.287247252152536,-9.929253434590981,0.1394945971380881,2.1000787607675018
EFT:-20.910413465057804,-5.44852931511253,-14.56373600051963,22.98155662036544,-13.306877775716648,0.41196046043088824,-23.28724725215254,-9.92925343459098,0.13949459713808693,2.1000787607675
Random646
Raw:-20.91041346505779,-5.448529315112533,-14.563736000519626,22.98155662036543,-13.306877775716647,0.4119604604308864,-23.287247252152532,-9.929253434590983,0.13949459713809698,2.100078760767503
EFT:-20.910413465057804,-5.44852931511253,-14.56373600051963,22.981556620365442,-13.306877775716648,0.4119604604308882,-23.287247252152543,-9.92925343459098,0.13949459713808682,2.1000787607675
Random647
Raw:-20.9104134650578,-5.448529315112526,-14.563736000519626,22.98155662036544,-13.30687777571664,0.4119604604308875,-23.287247252152532,-9.929253434590978,0.13949459713808582,2.100078760767497
EFT:-20.910413465057804,-5.44852931511253,-14.56373600051963,22.98155662036544,-13.306877775716648,0.41196046043088835,-23.287247252152543,-9.92925343459098,0.13949459713808685,2.1000787607675
Random648
Raw:-20.910413465057797,-5.448529315112528,-14.56373600051963,22.98155662036544,-13.306877775716647,0.41196046043088974,-23.287247252152543,-9.929253434590976,0.13949459713808587,2.100078760767502
EFT:-20.910413465057804,-5.44852931511253,-14.56373600051963,22.981556620365442,-13.306877775716647,0.4119604604308881,-23.287247252152543,-9.92925343459098,0.1394945971380866,2.1000787607675
Random649
Raw:-20.910413465057797,-5.448529315112529,-14.563736000519631,22.981556620365435,-13.306877775716647,0.4119604604308883,-23.287247252152543,-9.929253434590983,0.13949459713809115,2.1000787607675044
EFT:-20.910413465057804,-5.44852931511253,-14.56373600051963,22.98155662036544,-13.306877775716647,0.4119604604308882,-23.28724725215254,-9.92925343459098,0.1394945971380867,2.1000787607675
Random650
Raw:-20.9104134650578,-5.44852931511253,-14.56373600051963,22.981556620365435,-13.306877775716647,0.41196046043088397,-23.28724725215254,-9.929253434590976,0.13949459713808748,2.1000787607675
EFT:-20.910413465057804,-5.44852931511253,-14.56373600051963,22.98155662036544,-13.306877775716647,0.41196046043088824,-23.28724725215254,-9.92925343459098,0.13949459713808682,2.1000787607675
Random651
Raw:-20.910413465057797,-5.448529315112527,-14.563736000519627,22.981556620365435,-13.30687777571665,0.41196046043088846,-23.287247252152543,-9.92925343459098,0.13949459713808543,2.1000787607675013
EFT:-20.910413465057804,-5.44852931511253,-14.56373600051963,22.981556620365442,-13.306877775716647,0.4119604604308881,-23.287247252152543,-9.92925343459098,0.1394945971380866,2.1000787607675
Random652
Raw:-20.910413465057804,-5.448529315112531,-14.563736000519626,22.981556620365442,-13.30687777571665,0.411960460430878,-23.287247252152547,-9.929253434590978,0.139494597138089,2.1000787607674987
EFT:-20.910413465057804,-5.44852931511253,-14.56373600051963,22.981556620365442,-13.306877775716647,0.4119604604308881,-23.287247252152543,-9.92925343459098,0.1394945971380866,2.1000787607675
Random653
Raw:-20.9104134650578,-5.44852931511253,-14.563736000519624,22.98155662036544,-13.306877775716645,0.41196046043088064,-23.287247252152536,-9.929253434590985,0.13949459713808737,2.1000787607675004
EFT:-20.910413465057804,-5.44852931511253,-14.56373600051963,22.981556620365442,-13.306877775716647,0.41196046043088813,-23.287247252152543,-9.92925343459098,0.1394945971380865,2.1000787607675
Random654
Raw:-20.9104134650578,-5.448529315112532,-14.563736000519624,22.981556620365442,-13.306877775716645,0.411960460430878,-23.287247252152547,-9.929253434590978,0.13949459713808943,2.1000787607674973
EFT:-20.910413465057804,-5.44852931511253,-14.56373600051963,22.98155662036544,-13.306877775716647,0.41196046043088824,-23.287247252152543,-9.92925343459098,0.13949459713808662,2.1000787607675
Random655
Raw:-20.910413465057808,-5.448529315112536,-14.563736000519631,22.98155662036544,-13.306877775716641,0.41196046043088996,-23.287247252152543,-9.929253434590981,0.1394945971380923,2.1000787607675027
EFT:-20.910413465057804,-5.44852931511253,-14.56373600051963,22.98155662036544,-13.306877775716648,0.41196046043088824,-23.28724725215254,-9.92925343459098,0.13949459713808693,2.1000787607675
Random656
Raw:-20.910413465057797,-5.448529315112529,-14.563736000519622,22.98155662036544,-13.306877775716645,0.4119604604308853,-23.287247252152547,-9.929253434590978,0.13949459713808515,2.100078760767499
EFT:-20.910413465057804,-5.44852931511253,-14.56373600051963,22.98155662036544,-13.306877775716647,0.4119604604308882,-23.287247252152543,-9.92925343459098,0.13949459713808662,2.1000787607675
Random657
Raw:-20.91041346505779,-5.448529315112528,-14.563736000519627,22.98155662036544,-13.30687777571664,0.41196046043088536,-23.287247252152532,-9.929253434590978,0.13949459713808832,2.100078760767498
EFT:-20.910413465057804,-5.44852931511253,-14.56373600051963,22.981556620365442,-13.306877775716647,0.4119604604308881,-23.287247252152543,-9.92925343459098,0.1394945971380866,2.1000787607675
Random658
Raw:-20.9104134650578,-5.4485293151125305,-14.563736000519624,22.98155662036544,-13.306877775716648,0.4119604604308875,-23.28724725215254,-9.929253434590981,0.13949459713808876,2.1000787607674947
EFT:-20.910413465057804,-5.44852931511253,-14.56373600051963,22.981556620365442,-13.306877775716647,0.41196046043088813,-23.287247252152543,-9.92925343459098,0.1394945971380865,2.1000787607675
Random659
Raw:-20.9104134650578,-5.448529315112529,-14.563736000519626,22.98155662036544,-13.306877775716647,0.4119604604308863,-23.28724725215255,-9.929253434590978,0.1394945971380832,2.1000787607675018
EFT:-20.910413465057804,-5.44852931511253,-14.56373600051963,22.981556620365442,-13.306877775716648,0.4119604604308882,-23.287247252152543,-9.92925343459098,0.13949459713808682,2.1000787607675
Random660
Raw:-20.9104134650578,-5.448529315112531,-14.563736000519626,22.981556620365435,-13.306877775716648,0.41196046043088885,-23.28724725215254,-9.929253434590981,0.13949459713809187,2.1000787607675018
EFT:-20.910413465057804,-5.44852931511253,-14.56373600051963,22.981556620365442,-13.306877775716647,0.41196046043088813,-23.28724725215254,-9.92925343459098,0.1394945971380867,2.1000787607675
Random661
Raw:-20.910413465057797,-5.448529315112528,-14.563736000519627,22.981556620365442,-13.306877775716647,0.4119604604308835,-23.287247252152543,-9.929253434590974,0.139494597138083,2.100078760767499
EFT:-20.910413465057804,-5.44852931511253,-14.56373600051963,22.98155662036544,-13.306877775716648,0.41196046043088824,-23.28724725215254,-9.92925343459098,0.13949459713808693,2.1000787607675
Random662
Raw:-20.9104134650578,-5.448529315112532,-14.56373600051963,22.981556620365435,-13.306877775716648,0.4119604604308861,-23.28724725215253,-9.929253434590986,0.13949459713809476,2.1000787607675044
EFT:-20.910413465057804,-5.44852931511253,-14.56373600051963,22.98155662036544,-13.306877775716647,0.41196046043088824,-23.287247252152543,-9.92925343459098,0.13949459713808662,2.1000787607675
Random663
Raw:-20.9104134650578,-5.448529315112529,-14.563736000519627,22.981556620365442,-13.306877775716652,0.4119604604308871,-23.287247252152547,-9.929253434590976,0.139494597138083,2.1000787607675035
EFT:-20.910413465057804,-5.44852931511253,-14.56373600051963,22.98155662036544,-13.306877775716648,0.4119604604308883,-23.28724725215254,-9.92925343459098,0.13949459713808693,2.1000787607675
Random664
Raw:-20.9104134650578,-5.44852931511253,-14.563736000519631,22.98155662036544,-13.306877775716648,0.4119604604308871,-23.287247252152536,-9.929253434590985,0.13949459713808743,2.1000787607675018
EFT:-20.910413465057804,-5.44852931511253,-14.56373600051963,22.981556620365442,-13.306877775716647,0.4119604604308881,-23.287247252152543,-9.92925343459098,0.1394945971380866,2.1000787607675
Random665
Raw:-20.91041346505779,-5.448529315112526,-14.563736000519619,22.981556620365428,-13.30687777571664,0.4119604604308795,-23.28724725215254,-9.929253434590976,0.13949459713808726,2.100078760767497
EFT:-20.910413465057804,-5.44852931511253,-14.56373600051963,22.981556620365442,-13.306877775716647,0.4119604604308881,-23.287247252152543,-9.92925343459098,0.1394945971380866,2.1000787607675
Random666
Raw:-20.910413465057804,-5.448529315112534,-14.563736000519631,22.981556620365435,-13.306877775716647,0.41196046043088885,-23.28724725215253,-9.929253434590978,0.13949459713809031,2.1000787607674987
EFT:-20.910413465057804,-5.44852931511253,-14.56373600051963,22.98155662036544,-13.306877775716647,0.41196046043088824,-23.287247252152543,-9.92925343459098,0.13949459713808662,2.1000787607675
Random667
Raw:-20.910413465057797,-5.4485293151125305,-14.563736000519615,22.981556620365435,-13.306877775716645,0.4119604604308805,-23.287247252152532,-9.929253434590985,0.13949459713809287,2.100078760767498
EFT:-20.910413465057804,-5.44852931511253,-14.56373600051963,22.98155662036544,-13.306877775716647,0.4119604604308882,-23.28724725215254,-9.92925343459098,0.1394945971380867,2.1000787607675
Random668
Raw:-20.91041346505779,-5.448529315112532,-14.563736000519626,22.981556620365435,-13.30687777571664,0.41196046043088236,-23.287247252152543,-9.92925343459098,0.1394945971380857,2.100078760767506
EFT:-20.910413465057804,-5.44852931511253,-14.56373600051963,22.98155662036544,-13.306877775716648,0.41196046043088824,-23.28724725215254,-9.92925343459098,0.13949459713808693,2.1000787607675
Random669
Raw:-20.9104134650578,-5.448529315112526,-14.563736000519622,22.981556620365442,-13.30687777571665,0.41196046043088264,-23.28724725215254,-9.929253434590978,0.13949459713808898,2.1000787607674933
EFT:-20.910413465057804,-5.44852931511253,-14.56373600051963,22.98155662036544,-13.306877775716648,0.41196046043088835,-23.28724725215254,-9.92925343459098,0.13949459713808704,2.1000787607675
Random670
Raw:-20.9104134650578,-5.448529315112526,-14.563736000519626,22.981556620365446,-13.306877775716645,0.41196046043088264,-23.28724725215254,-9.929253434590981,0.1394945971380861,2.100078760767501
EFT:-20.910413465057804,-5.44852931511253,-14.56373600051963,22.98155662036544,-13.306877775716647,0.4119604604308882,-23.287247252152543,-9.92925343459098,0.13949459713808662,2.1000787607675
Random671
Raw:-20.910413465057797,-5.44852931511253,-14.56373600051962,22.981556620365442,-13.306877775716647,0.41196046043087864,-23.287247252152532,-9.929253434590978,0.13949459713809098,2.1000787607674973
EFT:-20.910413465057804,-5.44852931511253,-14.56373600051963,22.98155662036544,-13.306877775716648,0.41196046043088824,-23.287247252152543,-9.92925343459098,0.13949459713808673,2.1000787607675
Random672
Raw:-20.910413465057804,-5.448529315112527,-14.563736000519627,22.981556620365442,-13.306877775716645,0.41196046043088175,-23.28724725215255,-9.92925343459098,0.13949459713807866,2.1000787607674964
EFT:-20.910413465057804,-5.44852931511253,-14.56373600051963,22.981556620365442,-13.306877775716647,0.4119604604308881,-23.287247252152543,-9.92925343459098,0.1394945971380866,2.1000787607675
Random673
Raw:-20.910413465057797,-5.448529315112528,-14.56373600051962,22.981556620365442,-13.306877775716647,0.41196046043087675,-23.287247252152554,-9.929253434590974,0.1394945971380842,2.100078760767498
EFT:-20.910413465057804,-5.44852931511253,-14.56373600051963,22.981556620365442,-13.306877775716648,0.4119604604308882,-23.287247252152543,-9.92925343459098,0.13949459713808682,2.1000787607675
Random674
Raw:-20.910413465057793,-5.448529315112532,-14.563736000519619,22.981556620365435,-13.306877775716641,0.41196046043088136,-23.28724725215253,-9.929253434590972,0.13949459713809165,2.100078760767495
EFT:-20.910413465057804,-5.44852931511253,-14.56373600051963,22.981556620365442,-13.306877775716648,0.4119604604308882,-23.287247252152543,-9.92925343459098,0.13949459713808682,2.1000787607675
Random675
Raw:-20.9104134650578,-5.448529315112524,-14.56373600051962,22.98155662036544,-13.306877775716645,0.4119604604308821,-23.287247252152536,-9.929253434590972,0.1394945971380801,2.100078760767493
EFT:-20.910413465057804,-5.44852931511253,-14.56373600051963,22.98155662036544,-13.306877775716648,0.4119604604308883,-23.28724725215254,-9.92925343459098,0.13949459713808693,2.1000787607675
Random676
Raw:-20.910413465057797,-5.4485293151125225,-14.563736000519619,22.981556620365435,-13.306877775716645,0.41196046043088264,-23.28724725215253,-9.929253434590978,0.13949459713808604,2.100078760767497
EFT:-20.910413465057804,-5.44852931511253,-14.56373600051963,22.98155662036544,-13.306877775716648,0.41196046043088824,-23.28724725215254,-9.92925343459098,0.13949459713808693,2.1000787607675
Random677
Raw:-20.910413465057793,-5.448529315112533,-14.56373600051962,22.98155662036544,-13.306877775716647,0.41196046043087586,-23.287247252152547,-9.929253434590972,0.13949459713808532,2.1000787607674973
EFT:-20.910413465057804,-5.44852931511253,-14.56373600051963,22.981556620365442,-13.306877775716647,0.41196046043088813,-23.287247252152543,-9.92925343459098,0.1394945971380865,2.1000787607675
Random678
Raw:-20.910413465057797,-5.4485293151125305,-14.563736000519624,22.98155662036544,-13.306877775716648,0.4119604604308891,-23.287247252152532,-9.929253434590978,0.13949459713809104,2.1000787607674978
EFT:-20.910413465057804,-5.44852931511253,-14.56373600051963,22.981556620365442,-13.306877775716648,0.4119604604308882,-23.287247252152543,-9.92925343459098,0.13949459713808682,2.1000787607675
Random679
Raw:-20.910413465057797,-5.448529315112529,-14.563736000519622,22.98155662036544,-13.306877775716648,0.41196046043087886,-23.28724725215254,-9.92925343459098,0.13949459713808787,2.1000787607674956
EFT:-20.910413465057804,-5.44852931511253,-14.56373600051963,22.98155662036544,-13.306877775716648,0.41196046043088835,-23.28724725215254,-9.92925343459098,0.13949459713808704,2.1000787607675
Random680
Raw:-20.910413465057804,-5.448529315112529,-14.563736000519626,22.981556620365442,-13.306877775716645,0.4119604604308795,-23.287247252152547,-9.929253434590974,0.139494597138083,2.1000787607674964
EFT:-20.910413465057804,-5.44852931511253,-14.56373600051963,22.98155662036544,-13.306877775716648,0.4119604604308883,-23.287247252152543,-9.92925343459098,0.13949459713808685,2.1000787607675
Random681
Raw:-20.9104134650578,-5.44852931511253,-14.563736000519627,22.98155662036545,-13.306877775716641,0.41196046043088724,-23.287247252152543,-9.92925343459098,0.13949459713808676,2.100078760767499
EFT:-20.910413465057804,-5.44852931511253,-14.56373600051963,22.981556620365442,-13.306877775716648,0.4119604604308882,-23.287247252152543,-9.92925343459098,0.13949459713808682,2.1000787607675
Random682
Raw:-20.91041346505781,-5.44852931511253,-14.563736000519627,22.98155662036544,-13.306877775716648,0.4119604604308915,-23.287247252152532,-9.929253434590976,0.13949459713808632,2.1000787607674956
EFT:-20.910413465057804,-5.44852931511253,-14.56373600051963,22.98155662036544,-13.306877775716647,0.4119604604308882,-23.28724725215254,-9.92925343459098,0.1394945971380867,2.1000787607675
Random683
Raw:-20.910413465057804,-5.448529315112529,-14.563736000519627,22.981556620365442,-13.30687777571664,0.41196046043088574,-23.28724725215254,-9.929253434590976,0.1394945971380837,2.1000787607674996
EFT:-20.910413465057804,-5.44852931511253,-14.56373600051963,22.981556620365442,-13.306877775716647,0.41196046043088813,-23.28724725215254,-9.92925343459098,0.1394945971380867,2.1000787607675
Random684
Raw:-20.9104134650578,-5.448529315112527,-14.56373600051963,22.981556620365435,-13.306877775716645,0.4119604604308911,-23.287247252152536,-9.929253434590978,0.13949459713808243,2.1000787607674964
EFT:-20.910413465057804,-5.44852931511253,-14.56373600051963,22.98155662036544,-13.306877775716648,0.41196046043088835,-23.28724725215254,-9.92925343459098,0.13949459713808704,2.1000787607675
Random685
Raw:-20.910413465057804,-5.448529315112528,-14.56373600051963,22.981556620365442,-13.306877775716645,0.4119604604308867,-23.287247252152547,-9.929253434590978,0.1394945971380832,2.1000787607674973
EFT:-20.910413465057804,-5.44852931511253,-14.56373600051963,22.98155662036544,-13.306877775716648,0.4119604604308883,-23.28724725215254,-9.92925343459098,0.13949459713808693,2.1000787607675
Random686
Raw:-20.910413465057804,-5.448529315112528,-14.56373600051963,22.981556620365442,-13.306877775716647,0.4119604604308853,-23.287247252152543,-9.929253434590978,0.13949459713808288,2.100078760767498
EFT:-20.910413465057804,-5.44852931511253,-14.56373600051963,22.981556620365442,-13.306877775716647,0.4119604604308881,-23.287247252152543,-9.92925343459098,0.1394945971380866,2.1000787607675
Random687
Raw:-20.910413465057804,-5.44852931511253,-14.563736000519631,22.98155662036544,-13.306877775716648,0.4119604604308873,-23.287247252152543,-9.929253434590981,0.13949459713808543,2.1000787607674996
EFT:-20.910413465057804,-5.44852931511253,-14.56373600051963,22.981556620365442,-13.306877775716647,0.41196046043088813,-23.287247252152543,-9.92925343459098,0.1394945971380865,2.1000787607675
Random688
Raw:-20.910413465057804,-5.448529315112531,-14.563736000519631,22.98155662036543,-13.306877775716652,0.4119604604308902,-23.28724725215254,-9.92925343459098,0.13949459713809031,2.1000787607674996
EFT:-20.910413465057804,-5.44852931511253,-14.56373600051963,22.98155662036544,-13.306877775716648,0.41196046043088824,-23.287247252152543,-9.92925343459098,0.13949459713808673,2.1000787607675
Random689
Raw:-20.910413465057797,-5.448529315112529,-14.563736000519619,22.981556620365435,-13.306877775716645,0.4119604604308783,-23.287247252152536,-9.929253434590981,0.13949459713809254,2.1000787607674996
EFT:-20.910413465057804,-5.44852931511253,-14.56373600051963,22.98155662036544,-13.306877775716648,0.41196046043088824,-23.28724725215254,-9.92925343459098,0.13949459713808693,2.1000787607675
Random690
Raw:-20.910413465057804,-5.4485293151125305,-14.56373600051963,22.981556620365435,-13.306877775716645,0.41196046043088574,-23.287247252152543,-9.929253434590978,0.1394945971380853,2.100078760767499
EFT:-20.910413465057804,-5.44852931511253,-14.56373600051963,22.981556620365442,-13.306877775716647,0.41196046043088813,-23.28724725215254,-9.92925343459098,0.1394945971380867,2.1000787607675
Random691
Raw:-20.9104134650578,-5.44852931511253,-14.56373600051963,22.98155662036544,-13.306877775716641,0.41196046043088275,-23.28724725215254,-9.929253434590974,0.13949459713808277,2.100078760767499
EFT:-20.910413465057804,-5.44852931511253,-14.56373600051963,22.981556620365442,-13.306877775716647,0.41196046043088813,-23.28724725215254,-9.92925343459098,0.1394945971380867,2.1000787607675
Random692
Raw:-20.910413465057797,-5.44852931511253,-14.563736000519627,22.981556620365435,-13.306877775716641,0.41196046043088597,-23.287247252152532,-9.929253434590974,0.13949459713808487,2.1000787607674978
EFT:-20.910413465057804,-5.44852931511253,-14.56373600051963,22.98155662036544,-13.306877775716648,0.41196046043088835,-23.287247252152543,-9.92925343459098,0.13949459713808685,2.1000787607675
Random693
Raw:-20.910413465057797,-5.448529315112529,-14.563736000519624,22.981556620365442,-13.306877775716645,0.4119604604308851,-23.28724725215254,-9.929253434590976,0.13949459713808382,2.1000787607674956
EFT:-20.910413465057804,-5.44852931511253,-14.56373600051963,22.98155662036544,-13.306877775716648,0.41196046043088824,-23.287247252152543,-9.92925343459098,0.13949459713808673,2.1000787607675
Random694
Raw:-20.910413465057793,-5.448529315112531,-14.56373600051962,22.98155662036544,-13.306877775716641,0.4119604604308791,-23.287247252152525,-9.929253434590978,0.13949459713808987,2.1000787607674964
EFT:-20.910413465057804,-5.44852931511253,-14.56373600051963,22.981556620365442,-13.306877775716648,0.4119604604308882,-23.287247252152543,-9.92925343459098,0.13949459713808682,2.1000787607675
Random695
Raw:-20.9104134650578,-5.44852931511253,-14.563736000519627,22.981556620365442,-13.306877775716647,0.4119604604308861,-23.287247252152547,-9.929253434590976,0.13949459713808277,2.1000787607674996
EFT:-20.910413465057804,-5.44852931511253,-14.56373600051963,22.981556620365442,-13.306877775716647,0.4119604604308881,-23.287247252152543,-9.92925343459098,0.1394945971380866,2.1000787607675
Random696
Raw:-20.910413465057804,-5.448529315112529,-14.563736000519627,22.981556620365446,-13.306877775716654,0.4119604604308878,-23.287247252152536,-9.929253434590983,0.1394945971380881,2.100078760767495
EFT:-20.910413465057804,-5.44852931511253,-14.56373600051963,22.98155662036544,-13.306877775716648,0.4119604604308883,-23.28724725215254,-9.92925343459098,0.13949459713808693,2.1000787607675
Random697
Raw:-20.910413465057804,-5.448529315112531,-14.563736000519627,22.981556620365442,-13.306877775716654,0.4119604604308853,-23.287247252152547,-9.92925343459098,0.13949459713808365,2.1000787607674978
EFT:-20.910413465057804,-5.44852931511253,-14.56373600051963,22.981556620365442,-13.306877775716647,0.41196046043088813,-23.287247252152543,-9.92925343459098,0.1394945971380865,2.1000787607675
Random698
Raw:-20.910413465057804,-5.448529315112533,-14.563736000519626,22.981556620365446,-13.306877775716647,0.4119604604308875,-23.287247252152532,-9.929253434590978,0.1394945971380876,2.1000787607674987
EFT:-20.910413465057804,-5.44852931511253,-14.56373600051963,22.98155662036544,-13.306877775716647,0.4119604604308882,-23.28724725215254,-9.92925343459098,0.1394945971380867,2.1000787607675
Random699
Raw:-20.91041346505779,-5.448529315112525,-14.563736000519626,22.981556620365442,-13.306877775716648,0.41196046043088175,-23.287247252152547,-9.929253434590981,0.13949459713808476,2.1000787607675004
EFT:-20.910413465057804,-5.44852931511253,-14.56373600051963,22.98155662036544,-13.306877775716647,0.41196046043088824,-23.28724725215254,-9.92925343459098,0.13949459713808682,2.1000787607675
Random700
Raw:-20.910413465057808,-5.448529315112533,-14.563736000519631,22.981556620365435,-13.306877775716647,0.41196046043089296,-23.287247252152532,-9.929253434590985,0.13949459713809154,2.1000787607675027
EFT:-20.910413465057804,-5.44852931511253,-14.56373600051963,22.98155662036544,-13.306877775716648,0.41196046043088835,-23.287247252152543,-9.92925343459098,0.13949459713808685,2.1000787607675
Random701
Raw:-20.9104134650578,-5.448529315112529,-14.563736000519627,22.98155662036544,-13.306877775716647,0.41196046043088747,-23.287247252152547,-9.929253434590972,0.1394945971380863,2.1000787607674973
EFT:-20.910413465057804,-5.44852931511253,-14.56373600051963,22.98155662036544,-13.306877775716648,0.4119604604308883,-23.28724725215254,-9.92925343459098,0.13949459713808693,2.1000787607675
Random702
Raw:-20.910413465057797,-5.448529315112524,-14.563736000519626,22.981556620365446,-13.306877775716641,0.4119604604308871,-23.28724725215254,-9.929253434590974,0.13949459713808188,2.100078760767499
EFT:-20.910413465057804,-5.44852931511253,-14.56373600051963,22.981556620365442,-13.306877775716647,0.41196046043088813,-23.28724725215254,-9.92925343459098,0.1394945971380867,2.1000787607675
Random703
Raw:-20.910413465057808,-5.44852931511253,-14.563736000519636,22.981556620365442,-13.30687777571665,0.41196046043088774,-23.287247252152536,-9.92925343459098,0.13949459713808654,2.1000787607674987
EFT:-20.910413465057804,-5.44852931511253,-14.56373600051963,22.98155662036544,-13.306877775716647,0.4119604604308882,-23.28724725215254,-9.92925343459098,0.1394945971380867,2.1000787607675
Random704
Raw:-20.910413465057797,-5.448529315112526,-14.563736000519627,22.981556620365442,-13.306877775716647,0.4119604604308884,-23.28724725215254,-9.929253434590978,0.13949459713808454,2.100078760767498
EFT:-20.910413465057804,-5.44852931511253,-14.56373600051963,22.98155662036544,-13.306877775716648,0.4119604604308883,-23.287247252152543,-9.92925343459098,0.13949459713808685,2.1000787607675
Random705
Raw:-20.910413465057797,-5.448529315112529,-14.563736000519635,22.98155662036544,-13.306877775716647,0.4119604604308835,-23.28724725215254,-9.929253434590978,0.13949459713808343,2.1000787607674987
EFT:-20.910413465057804,-5.44852931511253,-14.56373600051963,22.98155662036544,-13.306877775716647,0.41196046043088824,-23.28724725215254,-9.92925343459098,0.13949459713808682,2.1000787607675
Random706
Raw:-20.910413465057804,-5.44852931511253,-14.56373600051963,22.98155662036544,-13.306877775716647,0.41196046043088164,-23.287247252152532,-9.929253434590974,0.13949459713808632,2.1000787607674978
EFT:-20.910413465057804,-5.44852931511253,-14.56373600051963,22.981556620365442,-13.306877775716648,0.4119604604308882,-23.287247252152543,-9.92925343459098,0.13949459713808682,2.1000787607675
Random707
Raw:-20.910413465057797,-5.448529315112533,-14.563736000519624,22.981556620365435,-13.306877775716645,0.4119604604308812,-23.287247252152547,-9.92925343459098,0.1394945971380922,2.100078760767504
EFT:-20.910413465057804,-5.44852931511253,-14.56373600051963,22.98155662036544,-13.306877775716647,0.4119604604308882,-23.287247252152543,-9.92925343459098,0.13949459713808662,2.1000787607675
Random708
Raw:-20.910413465057804,-5.448529315112527,-14.563736000519624,22.98155662036544,-13.306877775716643,0.4119604604308845,-23.287247252152532,-9.929253434590978,0.13949459713808554,2.1000787607675004
EFT:-20.910413465057804,-5.44852931511253,-14.56373600051963,22.981556620365442,-13.306877775716647,0.41196046043088813,-23.287247252152543,-9.92925343459098,0.1394945971380865,2.1000787607675
Random709
Raw:-20.91041346505781,-5.448529315112531,-14.563736000519635,22.981556620365446,-13.306877775716645,0.41196046043088486,-23.28724725215255,-9.929253434590981,0.13949459713808726,2.1000787607674996
EFT:-20.910413465057804,-5.44852931511253,-14.56373600051963,22.98155662036544,-13.306877775716648,0.4119604604308884,-23.287247252152543,-9.92925343459098,0.13949459713808696,2.1000787607675
Random710
Raw:-20.9104134650578,-5.448529315112524,-14.56373600051962,22.981556620365435,-13.306877775716648,0.4119604604308813,-23.287247252152525,-9.92925343459098,0.13949459713808432,2.1000787607674902
EFT:-20.910413465057804,-5.44852931511253,-14.56373600051963,22.98155662036544,-13.306877775716647,0.41196046043088824,-23.28724725215254,-9.92925343459098,0.13949459713808682,2.1000787607675
Random711
Raw:-20.910413465057804,-5.448529315112526,-14.563736000519627,22.98155662036544,-13.30687777571665,0.4119604604308844,-23.287247252152547,-9.929253434590978,0.13949459713808543,2.1000787607675
EFT:-20.910413465057804,-5.44852931511253,-14.56373600051963,22.98155662036544,-13.306877775716648,0.41196046043088824,-23.287247252152543,-9.92925343459098,0.13949459713808673,2.1000787607675
Random712
Raw:-20.910413465057804,-5.44852931511253,-14.563736000519619,22.98155662036543,-13.306877775716645,0.4119604604308862,-23.28724725215254,-9.929253434590981,0.13949459713808615,2.1000787607675035
EFT:-20.910413465057804,-5.44852931511253,-14.56373600051963,22.98155662036544,-13.306877775716648,0.4119604604308884,-23.287247252152543,-9.92925343459098,0.13949459713808696,2.1000787607675
Random713
Raw:-20.910413465057793,-5.448529315112528,-14.563736000519624,22.98155662036543,-13.30687777571664,0.4119604604308855,-23.287247252152522,-9.929253434590978,0.13949459713809187,2.100078760767498
EFT:-20.910413465057804,-5.44852931511253,-14.56373600051963,22.981556620365442,-13.306877775716647,0.41196046043088813,-23.28724725215254,-9.92925343459098,0.1394945971380867,2.1000787607675
Random714
Raw:-20.910413465057804,-5.448529315112529,-14.56373600051963,22.981556620365442,-13.306877775716645,0.4119604604308889,-23.287247252152536,-9.929253434590981,0.13949459713808943,2.1000787607674964
EFT:-20.910413465057804,-5.44852931511253,-14.56373600051963,22.98155662036544,-13.306877775716647,0.4119604604308883,-23.287247252152543,-9.92925343459098,0.13949459713808673,2.1000787607675
Random715
Raw:-20.910413465057797,-5.448529315112531,-14.563736000519627,22.981556620365435,-13.306877775716645,0.4119604604308902,-23.287247252152547,-9.929253434590978,0.13949459713808632,2.1000787607675027
EFT:-20.910413465057804,-5.44852931511253,-14.56373600051963,22.98155662036544,-13.306877775716647,0.41196046043088824,-23.287247252152543,-9.92925343459098,0.13949459713808662,2.1000787607675
Random716
Raw:-20.9104134650578,-5.448529315112526,-14.563736000519622,22.981556620365435,-13.306877775716647,0.4119604604308824,-23.28724725215254,-9.929253434590974,0.13949459713808865,2.1000787607674956
EFT:-20.910413465057804,-5.44852931511253,-14.56373600051963,22.981556620365442,-13.306877775716648,0.4119604604308882,-23.287247252152543,-9.92925343459098,0.13949459713808682,2.1000787607675
Random717
Raw:-20.910413465057804,-5.448529315112529,-14.56373600051963,22.981556620365435,-13.306877775716652,0.41196046043089174,-23.287247252152543,-9.929253434590976,0.13949459713808676,2.1000787607675018
EFT:-20.910413465057804,-5.44852931511253,-14.56373600051963,22.981556620365442,-13.306877775716647,0.41196046043088813,-23.287247252152543,-9.92925343459098,0.1394945971380865,2.1000787607675
Random718
Raw:-20.910413465057808,-5.448529315112527,-14.563736000519631,22.981556620365435,-13.306877775716641,0.41196046043089,-23.287247252152536,-9.929253434590974,0.13949459713808282,2.1000787607675035
EFT:-20.910413465057804,-5.44852931511253,-14.56373600051963,22.98155662036544,-13.306877775716648,0.41196046043088835,-23.287247252152543,-9.92925343459098,0.13949459713808685,2.1000787607675
Random719
Raw:-20.910413465057793,-5.4485293151125305,-14.56373600051963,22.981556620365435,-13.306877775716647,0.411960460430885,-23.287247252152532,-9.929253434590981,0.1394945971380892,2.100078760767498
EFT:-20.910413465057804,-5.44852931511253,-14.56373600051963,22.981556620365442,-13.306877775716647,0.41196046043088813,-23.28724725215254,-9.92925343459098,0.1394945971380867,2.1000787607675
Random720
Raw:-20.9104134650578,-5.448529315112529,-14.563736000519635,22.981556620365442,-13.306877775716648,0.41196046043088724,-23.28724725215254,-9.92925343459098,0.13949459713808787,2.100078760767496
EFT:-20.910413465057804,-5.44852931511253,-14.56373600051963,22.981556620365442,-13.306877775716647,0.41196046043088813,-23.28724725215254,-9.92925343459098,0.1394945971380867,2.1000787607675
Random721
Raw:-20.910413465057793,-5.44852931511253,-14.563736000519627,22.981556620365435,-13.306877775716648,0.4119604604308835,-23.287247252152543,-9.929253434590978,0.13949459713808743,2.100078760767499
EFT:-20.910413465057804,-5.44852931511253,-14.56373600051963,22.981556620365442,-13.306877775716647,0.41196046043088813,-23.28724725215254,-9.92925343459098,0.1394945971380867,2.1000787607675
Random722
Raw:-20.910413465057804,-5.4485293151125305,-14.56373600051962,22.981556620365442,-13.306877775716647,0.4119604604308801,-23.28724725215255,-9.929253434590972,0.13949459713808102,2.1000787607674924
EFT:-20.910413465057804,-5.44852931511253,-14.56373600051963,22.981556620365442,-13.306877775716647,0.4119604604308881,-23.287247252152543,-9.92925343459098,0.1394945971380866,2.1000787607675
Random723
Raw:-20.910413465057797,-5.448529315112524,-14.563736000519624,22.981556620365435,-13.306877775716643,0.4119604604308834,-23.287247252152536,-9.92925343459098,0.13949459713808698,2.1000787607674987
EFT:-20.910413465057804,-5.44852931511253,-14.56373600051963,22.981556620365442,-13.306877775716647,0.41196046043088813,-23.28724725215254,-9.92925343459098,0.1394945971380867,2.1000787607675
Random724
Raw:-20.9104134650578,-5.448529315112526,-14.563736000519626,22.98155662036544,-13.306877775716643,0.41196046043088397,-23.28724725215254,-9.929253434590978,0.13949459713808454,2.100078760767494
EFT:-20.910413465057804,-5.44852931511253,-14.56373600051963,22.98155662036544,-13.306877775716647,0.41196046043088824,-23.287247252152543,-9.92925343459098,0.13949459713808662,2.1000787607675
Random725
Raw:-20.910413465057804,-5.448529315112526,-14.563736000519631,22.981556620365442,-13.306877775716647,0.4119604604308871,-23.287247252152543,-9.929253434590974,0.1394945971380842,2.100078760767496
EFT:-20.910413465057804,-5.44852931511253,-14.56373600051963,22.981556620365442,-13.306877775716647,0.41196046043088813,-23.28724725215254,-9.92925343459098,0.1394945971380867,2.1000787607675
Random726
Raw:-20.910413465057804,-5.448529315112533,-14.56373600051963,22.98155662036544,-13.306877775716647,0.4119604604308893,-23.287247252152536,-9.929253434590978,0.1394945971380872,2.100078760767498
EFT:-20.910413465057804,-5.44852931511253,-14.56373600051963,22.981556620365442,-13.306877775716648,0.4119604604308882,-23.287247252152543,-9.92925343459098,0.13949459713808682,2.1000787607675
Random727
Raw:-20.9104134650578,-5.448529315112525,-14.56373600051962,22.98155662036543,-13.306877775716643,0.41196046043087803,-23.28724725215253,-9.929253434590976,0.13949459713808693,2.100078760767492
EFT:-20.910413465057804,-5.44852931511253,-14.56373600051963,22.981556620365442,-13.306877775716648,0.4119604604308882,-23.287247252152543,-9.92925343459098,0.13949459713808682,2.1000787607675
Random728
Raw:-20.9104134650578,-5.4485293151125305,-14.563736000519631,22.98155662036544,-13.306877775716647,0.41196046043088763,-23.28724725215254,-9.929253434590978,0.13949459713808554,2.1000787607675027
EFT:-20.910413465057804,-5.44852931511253,-14.56373600051963,22.98155662036544,-13.306877775716647,0.4119604604308883,-23.287247252152543,-9.92925343459098,0.13949459713808673,2.1000787607675
Random729
Raw:-20.91041346505779,-5.44852931511253,-14.563736000519624,22.981556620365435,-13.30687777571665,0.41196046043088674,-23.287247252152532,-9.929253434590981,0.13949459713808698,2.100078760767499
EFT:-20.910413465057804,-5.44852931511253,-14.56373600051963,22.98155662036544,-13.306877775716647,0.4119604604308882,-23.28724725215254,-9.92925343459098,0.1394945971380867,2.1000787607675
Random730
Raw:-20.9104134650578,-5.448529315112531,-14.563736000519624,22.98155662036544,-13.306877775716645,0.4119604604308853,-23.287247252152543,-9.929253434590972,0.13949459713808376,2.1000787607674973
EFT:-20.910413465057804,-5.44852931511253,-14.56373600051963,22.981556620365442,-13.306877775716647,0.4119604604308881,-23.287247252152543,-9.92925343459098,0.1394945971380866,2.1000787607675
Random731
Raw:-20.910413465057804,-5.448529315112528,-14.563736000519613,22.981556620365435,-13.306877775716648,0.4119604604308782,-23.287247252152547,-9.929253434590976,0.13949459713808665,2.1000787607674885
EFT:-20.910413465057804,-5.44852931511253,-14.56373600051963,22.98155662036544,-13.306877775716647,0.4119604604308882,-23.287247252152543,-9.92925343459098,0.13949459713808662,2.1000787607675
Random732
Raw:-20.910413465057804,-5.44852931511253,-14.563736000519624,22.98155662036544,-13.306877775716648,0.41196046043088685,-23.287247252152532,-9.929253434590983,0.1394945971380891,2.1000787607675027
EFT:-20.910413465057804,-5.44852931511253,-14.56373600051963,22.98155662036544,-13.306877775716648,0.41196046043088835,-23.28724725215254,-9.92925343459098,0.13949459713808704,2.1000787607675
Random733
Raw:-20.910413465057797,-5.4485293151125305,-14.563736000519624,22.98155662036544,-13.306877775716648,0.4119604604308875,-23.287247252152543,-9.929253434590978,0.13949459713808154,2.1000787607675
EFT:-20.910413465057804,-5.44852931511253,-14.56373600051963,22.981556620365442,-13.306877775716648,0.4119604604308882,-23.287247252152543,-9.92925343459098,0.13949459713808682,2.1000787607675
Random734
Raw:-20.9104134650578,-5.448529315112533,-14.56373600051963,22.981556620365442,-13.306877775716641,0.41196046043088363,-23.287247252152543,-9.929253434590974,0.1394945971380841,2.1000787607675027
EFT:-20.910413465057804,-5.44852931511253,-14.56373600051963,22.98155662036544,-13.306877775716647,0.4119604604308882,-23.287247252152543,-9.92925343459098,0.13949459713808662,2.1000787607675
Random735
Raw:-20.910413465057793,-5.448529315112531,-14.563736000519624,22.981556620365435,-13.306877775716645,0.41196046043088036,-23.287247252152532,-9.92925343459098,0.13949459713809265,2.1000787607675004
EFT:-20.910413465057804,-5.44852931511253,-14.56373600051963,22.98155662036544,-13.306877775716648,0.41196046043088824,-23.28724725215254,-9.92925343459098,0.13949459713808693,2.1000787607675
Random736
Raw:-20.910413465057797,-5.448529315112534,-14.56373600051963,22.981556620365435,-13.306877775716643,0.4119604604308853,-23.287247252152543,-9.929253434590981,0.13949459713808893,2.100078760767502
EFT:-20.910413465057804,-5.44852931511253,-14.56373600051963,22.981556620365442,-13.306877775716648,0.4119604604308882,-23.287247252152543,-9.92925343459098,0.13949459713808682,2.1000787607675
Random737
Raw:-20.910413465057797,-5.4485293151125305,-14.56373600051963,22.981556620365435,-13.306877775716645,0.41196046043088475,-23.287247252152532,-9.929253434590981,0.13949459713809076,2.1000787607674978
EFT:-20.910413465057804,-5.44852931511253,-14.56373600051963,22.981556620365442,-13.306877775716647,0.41196046043088813,-23.287247252152543,-9.92925343459098,0.1394945971380865,2.1000787607675
Random738
Raw:-20.91041346505781,-5.448529315112529,-14.563736000519633,22.981556620365442,-13.306877775716647,0.4119604604308904,-23.28724725215254,-9.929253434590983,0.13949459713808876,2.100078760767502
EFT:-20.910413465057804,-5.44852931511253,-14.56373600051963,22.98155662036544,-13.306877775716647,0.4119604604308882,-23.28724725215254,-9.92925343459098,0.1394945971380867,2.1000787607675
Random739
Raw:-20.910413465057808,-5.448529315112531,-14.563736000519622,22.981556620365442,-13.306877775716647,0.4119604604308852,-23.28724725215254,-9.929253434590981,0.13949459713809098,2.1000787607674987
EFT:-20.910413465057804,-5.44852931511253,-14.56373600051963,22.98155662036544,-13.306877775716648,0.41196046043088824,-23.287247252152543,-9.92925343459098,0.13949459713808673,2.1000787607675
Random740
Raw:-20.9104134650578,-5.448529315112529,-14.563736000519624,22.981556620365446,-13.306877775716648,0.4119604604308822,-23.287247252152543,-9.92925343459097,0.13949459713808304,2.1000787607675
EFT:-20.910413465057804,-5.44852931511253,-14.56373600051963,22.98155662036544,-13.306877775716648,0.41196046043088824,-23.287247252152543,-9.92925343459098,0.13949459713808673,2.1000787607675
Random741
Raw:-20.9104134650578,-5.448529315112526,-14.56373600051962,22.98155662036544,-13.306877775716643,0.4119604604308794,-23.287247252152543,-9.929253434590974,0.13949459713808676,2.1000787607674973
EFT:-20.910413465057804,-5.44852931511253,-14.56373600051963,22.98155662036544,-13.306877775716648,0.4119604604308883,-23.28724725215254,-9.92925343459098,0.13949459713808693,2.1000787607675
Random742
Raw:-20.910413465057797,-5.448529315112532,-14.563736000519627,22.981556620365442,-13.306877775716648,0.4119604604308875,-23.287247252152532,-9.929253434590983,0.13949459713809054,2.100078760767501
EFT:-20.910413465057804,-5.44852931511253,-14.56373600051963,22.981556620365442,-13.306877775716647,0.4119604604308881,-23.287247252152543,-9.92925343459098,0.1394945971380866,2.1000787607675
Random743
Raw:-20.910413465057804,-5.4485293151125305,-14.563736000519627,22.981556620365446,-13.306877775716647,0.41196046043088563,-23.287247252152536,-9.92925343459098,0.13949459713808676,2.1000787607674973
EFT:-20.910413465057804,-5.44852931511253,-14.56373600051963,22.981556620365442,-13.306877775716647,0.41196046043088813,-23.287247252152543,-9.92925343459098,0.1394945971380865,2.1000787607675
Random744
Raw:-20.9104134650578,-5.44852931511253,-14.563736000519622,22.981556620365435,-13.306877775716652,0.4119604604308871,-23.28724725215254,-9.929253434590983,0.13949459713809176,2.1000787607675
EFT:-20.910413465057804,-5.44852931511253,-14.56373600051963,22.98155662036544,-13.306877775716648,0.41196046043088824,-23.287247252152543,-9.92925343459098,0.13949459713808673,2.1000787607675
Random745
Raw:-20.910413465057797,-5.44852931511253,-14.563736000519631,22.981556620365446,-13.306877775716643,0.41196046043088436,-23.28724725215254,-9.929253434590974,0.13949459713808587,2.1000787607675013
EFT:-20.910413465057804,-5.44852931511253,-14.56373600051963,22.98155662036544,-13.306877775716648,0.41196046043088824,-23.28724725215254,-9.92925343459098,0.13949459713808693,2.1000787607675
Random746
Raw:-20.910413465057797,-5.448529315112534,-14.563736000519631,22.981556620365442,-13.306877775716645,0.4119604604308891,-23.287247252152543,-9.929253434590978,0.13949459713808973,2.1000787607675
EFT:-20.910413465057804,-5.44852931511253,-14.56373600051963,22.98155662036544,-13.306877775716648,0.4119604604308884,-23.287247252152543,-9.92925343459098,0.13949459713808696,2.1000787607675
Random747
Raw:-20.910413465057797,-5.448529315112527,-14.563736000519626,22.98155662036544,-13.306877775716645,0.4119604604308839,-23.287247252152543,-9.92925343459098,0.13949459713808365,2.1000787607674978
EFT:-20.910413465057804,-5.44852931511253,-14.56373600051963,22.98155662036544,-13.306877775716648,0.41196046043088824,-23.28724725215254,-9.92925343459098,0.13949459713808693,2.1000787607675
Random748
Raw:-20.910413465057797,-5.448529315112533,-14.56373600051963,22.98155662036544,-13.306877775716643,0.41196046043088236,-23.28724725215255,-9.929253434590978,0.1394945971380832,2.1000787607674987
EFT:-20.910413465057804,-5.44852931511253,-14.56373600051963,22.981556620365442,-13.306877775716647,0.4119604604308881,-23.287247252152543,-9.92925343459098,0.1394945971380866,2.1000787607675
Random749
Raw:-20.910413465057793,-5.4485293151125305,-14.563736000519611,22.98155662036543,-13.30687777571664,0.4119604604308832,-23.287247252152532,-9.929253434590983,0.13949459713809564,2.100078760767499
EFT:-20.910413465057804,-5.44852931511253,-14.56373600051963,22.981556620365442,-13.306877775716647,0.41196046043088813,-23.28724725215254,-9.92925343459098,0.1394945971380867,2.1000787607675
Random750
Raw:-20.9104134650578,-5.448529315112525,-14.56373600051962,22.98155662036544,-13.306877775716645,0.4119604604308821,-23.287247252152532,-9.929253434590969,0.13949459713808565,2.100078760767491
EFT:-20.910413465057804,-5.44852931511253,-14.56373600051963,22.98155662036544,-13.306877775716648,0.4119604604308883,-23.28724725215254,-9.92925343459098,0.13949459713808693,2.1000787607675
Random751
Raw:-20.9104134650578,-5.448529315112532,-14.56373600051963,22.98155662036544,-13.306877775716645,0.4119604604308888,-23.287247252152536,-9.929253434590976,0.13949459713808965,2.1000787607675027
EFT:-20.910413465057804,-5.44852931511253,-14.56373600051963,22.98155662036544,-13.306877775716647,0.4119604604308882,-23.287247252152543,-9.92925343459098,0.13949459713808662,2.1000787607675
Random752
Raw:-20.9104134650578,-5.4485293151125305,-14.563736000519627,22.98155662036544,-13.306877775716648,0.41196046043088863,-23.287247252152536,-9.929253434590978,0.13949459713808277,2.1000787607674973
EFT:-20.910413465057804,-5.44852931511253,-14.56373600051963,22.98155662036544,-13.306877775716648,0.4119604604308884,-23.287247252152543,-9.92925343459098,0.13949459713808696,2.1000787607675
Random753
Raw:-20.910413465057797,-5.448529315112531,-14.563736000519627,22.981556620365435,-13.306877775716647,0.41196046043088475,-23.287247252152536,-9.929253434590976,0.1394945971380901,2.1000787607675004
EFT:-20.910413465057804,-5.44852931511253,-14.56373600051963,22.98155662036544,-13.306877775716648,0.4119604604308883,-23.287247252152543,-9.92925343459098,0.13949459713808685,2.1000787607675
Random754
Raw:-20.910413465057797,-5.448529315112529,-14.563736000519626,22.98155662036544,-13.306877775716645,0.411960460430884,-23.28724725215254,-9.929253434590974,0.13949459713808476,2.1000787607674942
EFT:-20.910413465057804,-5.44852931511253,-14.56373600051963,22.98155662036544,-13.306877775716648,0.41196046043088835,-23.28724725215254,-9.92925343459098,0.13949459713808704,2.1000787607675
Random755
Raw:-20.910413465057797,-5.448529315112528,-14.563736000519631,22.981556620365442,-13.306877775716648,0.41196046043088486,-23.28724725215254,-9.92925343459098,0.13949459713808676,2.100078760767494
EFT:-20.910413465057804,-5.44852931511253,-14.56373600051963,22.981556620365442,-13.306877775716647,0.4119604604308881,-23.287247252152543,-9.92925343459098,0.1394945971380866,2.1000787607675
Random756
Raw:-20.910413465057804,-5.448529315112522,-14.563736000519627,22.98155662036544,-13.306877775716648,0.4119604604308873,-23.287247252152543,-9.92925343459098,0.13949459713808565,2.100078760767501
EFT:-20.910413465057804,-5.44852931511253,-14.56373600051963,22.98155662036544,-13.306877775716647,0.41196046043088824,-23.28724725215254,-9.92925343459098,0.13949459713808682,2.1000787607675
Random757
Raw:-20.910413465057797,-5.448529315112534,-14.563736000519624,22.981556620365435,-13.306877775716643,0.41196046043088286,-23.287247252152543,-9.92925343459098,0.1394945971380872,2.100078760767501
EFT:-20.910413465057804,-5.44852931511253,-14.56373600051963,22.981556620365442,-13.306877775716647,0.4119604604308881,-23.287247252152543,-9.92925343459098,0.1394945971380866,2.1000787607675
Random758
Raw:-20.9104134650578,-5.448529315112527,-14.56373600051962,22.98155662036544,-13.306877775716643,0.4119604604308804,-23.287247252152536,-9.929253434590976,0.13949459713808346,2.1000787607674964
EFT:-20.910413465057804,-5.44852931511253,-14.56373600051963,22.98155662036544,-13.306877775716648,0.4119604604308883,-23.287247252152543,-9.92925343459098,0.13949459713808685,2.1000787607675
Random759
Raw:-20.910413465057808,-5.448529315112531,-14.563736000519636,22.981556620365442,-13.306877775716643,0.4119604604308851,-23.287247252152543,-9.929253434590978,0.13949459713808354,2.1000787607675
EFT:-20.910413465057804,-5.44852931511253,-14.56373600051963,22.98155662036544,-13.306877775716647,0.4119604604308882,-23.287247252152543,-9.92925343459098,0.13949459713808662,2.1000787607675
Random760
Raw:-20.910413465057804,-5.448529315112531,-14.563736000519626,22.98155662036544,-13.30687777571665,0.4119604604308827,-23.287247252152536,-9.929253434590978,0.13949459713808882,2.1000787607674973
EFT:-20.910413465057804,-5.44852931511253,-14.56373600051963,22.98155662036544,-13.306877775716647,0.4119604604308882,-23.287247252152543,-9.92925343459098,0.13949459713808662,2.1000787607675
Random761
Raw:-20.9104134650578,-5.448529315112528,-14.563736000519617,22.981556620365442,-13.306877775716652,0.41196046043088397,-23.28724725215254,-9.929253434590974,0.13949459713808343,2.1000787607674956
EFT:-20.910413465057804,-5.44852931511253,-14.56373600051963,22.981556620365442,-13.306877775716648,0.4119604604308882,-23.287247252152543,-9.92925343459098,0.13949459713808682,2.1000787607675
Random762
Raw:-20.9104134650578,-5.448529315112534,-14.56373600051963,22.98155662036544,-13.306877775716645,0.4119604604308902,-23.287247252152543,-9.929253434590985,0.13949459713809387,2.1000787607675044
EFT:-20.910413465057804,-5.44852931511253,-14.56373600051963,22.98155662036544,-13.306877775716648,0.4119604604308883,-23.28724725215254,-9.92925343459098,0.13949459713808693,2.1000787607675
Random763
Raw:-20.910413465057797,-5.44852931511253,-14.56373600051963,22.981556620365442,-13.306877775716645,0.41196046043088463,-23.287247252152547,-9.929253434590976,0.13949459713808354,2.1000787607674996
EFT:-20.910413465057804,-5.44852931511253,-14.56373600051963,22.981556620365442,-13.306877775716647,0.4119604604308881,-23.287247252152543,-9.92925343459098,0.1394945971380866,2.1000787607675
Random764
Raw:-20.9104134650578,-5.44852931511253,-14.563736000519626,22.981556620365435,-13.306877775716645,0.4119604604308891,-23.287247252152536,-9.929253434590981,0.1394945971380841,2.100078760767497
EFT:-20.910413465057804,-5.44852931511253,-14.56373600051963,22.98155662036544,-13.306877775716647,0.4119604604308882,-23.28724725215254,-9.92925343459098,0.1394945971380867,2.1000787607675
Random765
Raw:-20.9104134650578,-5.448529315112528,-14.563736000519627,22.98155662036544,-13.306877775716647,0.4119604604308811,-23.287247252152543,-9.929253434590978,0.13949459713808676,2.1000787607674964
EFT:-20.910413465057804,-5.44852931511253,-14.56373600051963,22.981556620365442,-13.306877775716647,0.4119604604308881,-23.287247252152543,-9.92925343459098,0.1394945971380866,2.1000787607675
Random766
Raw:-20.9104134650578,-5.448529315112533,-14.563736000519624,22.98155662036544,-13.306877775716648,0.41196046043088375,-23.28724725215254,-9.929253434590976,0.13949459713808632,2.1000787607674964
EFT:-20.910413465057804,-5.44852931511253,-14.56373600051963,22.98155662036544,-13.306877775716648,0.4119604604308884,-23.287247252152543,-9.92925343459098,0.13949459713808696,2.1000787607675
Random767
Raw:-20.910413465057808,-5.448529315112537,-14.563736000519622,22.981556620365446,-13.306877775716647,0.41196046043088114,-23.287247252152547,-9.929253434590978,0.13949459713808912,2.1000787607674964
EFT:-20.910413465057804,-5.44852931511253,-14.56373600051963,22.98155662036544,-13.306877775716648,0.4119604604308883,-23.28724725215254,-9.92925343459098,0.13949459713808693,2.1000787607675
Random768
Raw:-20.910413465057793,-5.448529315112529,-14.563736000519626,22.981556620365435,-13.306877775716645,0.41196046043088386,-23.287247252152532,-9.929253434590974,0.13949459713808632,2.1000787607674973
EFT:-20.910413465057804,-5.44852931511253,-14.56373600051963,22.98155662036544,-13.306877775716647,0.4119604604308882,-23.28724725215254,-9.92925343459098,0.1394945971380867,2.1000787607675
Random769
Raw:-20.910413465057797,-5.448529315112529,-14.563736000519626,22.981556620365442,-13.306877775716647,0.41196046043088363,-23.287247252152543,-9.929253434590978,0.13949459713808532,2.1000787607675
EFT:-20.910413465057804,-5.44852931511253,-14.56373600051963,22.98155662036544,-13.306877775716648,0.41196046043088824,-23.287247252152543,-9.92925343459098,0.13949459713808673,2.1000787607675
Random770
Raw:-20.910413465057793,-5.44852931511253,-14.563736000519626,22.981556620365442,-13.306877775716648,0.41196046043088086,-23.28724725215254,-9.929253434590974,0.13949459713808743,2.100078760767494
EFT:-20.910413465057804,-5.44852931511253,-14.56373600051963,22.98155662036544,-13.306877775716647,0.4119604604308882,-23.287247252152543,-9.92925343459098,0.13949459713808662,2.1000787607675
Random771
Raw:-20.910413465057793,-5.4485293151125305,-14.56373600051962,22.981556620365435,-13.306877775716645,0.41196046043088264,-23.28724725215254,-9.929253434590978,0.13949459713808787,2.100078760767498
EFT:-20.910413465057804,-5.44852931511253,-14.56373600051963,22.981556620365442,-13.306877775716648,0.4119604604308882,-23.287247252152543,-9.92925343459098,0.13949459713808682,2.1000787607675
Random772
Raw:-20.910413465057797,-5.448529315112531,-14.563736000519626,22.98155662036543,-13.306877775716645,0.41196046043088264,-23.28724725215254,-9.929253434590978,0.13949459713809076,2.100078760767499
EFT:-20.910413465057804,-5.44852931511253,-14.56373600051963,22.981556620365442,-13.306877775716648,0.4119604604308882,-23.287247252152543,-9.92925343459098,0.13949459713808682,2.1000787607675
Random773
Raw:-20.910413465057804,-5.448529315112531,-14.563736000519627,22.98155662036544,-13.306877775716643,0.4119604604308875,-23.28724725215255,-9.929253434590978,0.13949459713808693,2.100078760767498
EFT:-20.910413465057804,-5.44852931511253,-14.56373600051963,22.981556620365442,-13.306877775716648,0.4119604604308882,-23.287247252152543,-9.92925343459098,0.13949459713808682,2.1000787607675
Random774
Raw:-20.910413465057804,-5.448529315112527,-14.563736000519631,22.98155662036544,-13.306877775716645,0.4119604604308909,-23.287247252152543,-9.929253434590981,0.13949459713808776,2.1000787607675018
EFT:-20.910413465057804,-5.44852931511253,-14.56373600051963,22.981556620365442,-13.306877775716647,0.41196046043088813,-23.28724725215254,-9.92925343459098,0.1394945971380867,2.1000787607675
Random775
Raw:-20.9104134650578,-5.448529315112526,-14.563736000519624,22.981556620365435,-13.306877775716647,0.4119604604308783,-23.287247252152543,-9.929253434590981,0.13949459713808543,2.1000787607674942
EFT:-20.910413465057804,-5.44852931511253,-14.56373600051963,22.981556620365442,-13.306877775716647,0.41196046043088813,-23.28724725215254,-9.92925343459098,0.1394945971380867,2.1000787607675
Random776
Raw:-20.9104134650578,-5.448529315112534,-14.563736000519619,22.981556620365435,-13.306877775716648,0.41196046043088186,-23.28724725215254,-9.929253434590976,0.13949459713808937,2.100078760767495
EFT:-20.910413465057804,-5.44852931511253,-14.56373600051963,22.981556620365442,-13.306877775716648,0.4119604604308882,-23.287247252152543,-9.92925343459098,0.13949459713808682,2.1000787607675
Random777
Raw:-20.910413465057793,-5.448529315112526,-14.563736000519622,22.981556620365442,-13.306877775716647,0.4119604604308831,-23.28724725215254,-9.929253434590976,0.13949459713808,2.1000787607674973
EFT:-20.910413465057804,-5.44852931511253,-14.56373600051963,22.981556620365442,-13.306877775716647,0.41196046043088813,-23.287247252152543,-9.92925343459098,0.1394945971380865,2.1000787607675
Random778
Raw:-20.910413465057793,-5.44852931511253,-14.563736000519627,22.98155662036544,-13.306877775716645,0.4119604604308831,-23.287247252152543,-9.92925343459098,0.1394945971380811,2.1000787607674978
EFT:-20.910413465057804,-5.44852931511253,-14.56373600051963,22.98155662036544,-13.306877775716648,0.4119604604308883,-23.28724725215254,-9.92925343459098,0.13949459713808693,2.1000787607675
Random779
Raw:-20.910413465057804,-5.448529315112526,-14.563736000519627,22.981556620365435,-13.306877775716645,0.4119604604308887,-23.28724725215253,-9.929253434590983,0.13949459713809076,2.1000787607675004
EFT:-20.910413465057804,-5.44852931511253,-14.56373600051963,22.981556620365442,-13.306877775716647,0.41196046043088813,-23.287247252152543,-9.92925343459098,0.1394945971380865,2.1000787607675
Random780
Raw:-20.9104134650578,-5.448529315112524,-14.563736000519622,22.981556620365442,-13.306877775716648,0.4119604604308844,-23.28724725215255,-9.929253434590974,0.1394945971380811,2.1000787607674973
EFT:-20.910413465057804,-5.44852931511253,-14.56373600051963,22.981556620365442,-13.306877775716647,0.41196046043088813,-23.28724725215254,-9.92925343459098,0.1394945971380867,2.1000787607675
Random781
Raw:-20.910413465057804,-5.44852931511253,-14.563736000519626,22.98155662036544,-13.306877775716645,0.41196046043088974,-23.287247252152525,-9.929253434590978,0.13949459713808865,2.1000787607674942
EFT:-20.910413465057804,-5.44852931511253,-14.56373600051963,22.981556620365442,-13.306877775716648,0.4119604604308882,-23.287247252152543,-9.92925343459098,0.13949459713808682,2.1000787607675
Random782
Raw:-20.910413465057804,-5.448529315112528,-14.56373600051962,22.981556620365442,-13.306877775716641,0.4119604604308808,-23.287247252152543,-9.929253434590976,0.13949459713808476,2.1000787607675013
EFT:-20.910413465057804,-5.44852931511253,-14.56373600051963,22.981556620365442,-13.306877775716648,0.4119604604308882,-23.287247252152543,-9.92925343459098,0.13949459713808682,2.1000787607675
Random783
Raw:-20.910413465057797,-5.448529315112528,-14.56373600051962,22.98155662036544,-13.306877775716647,0.41196046043088325,-23.28724725215254,-9.929253434590978,0.13949459713808998,2.100078760767496
EFT:-20.910413465057804,-5.44852931511253,-14.56373600051963,22.98155662036544,-13.306877775716648,0.41196046043088824,-23.28724725215254,-9.92925343459098,0.13949459713808693,2.1000787607675
Random784
Raw:-20.910413465057808,-5.448529315112532,-14.563736000519633,22.981556620365446,-13.306877775716643,0.4119604604308873,-23.287247252152532,-9.92925343459098,0.13949459713808587,2.1000787607675013
EFT:-20.910413465057804,-5.44852931511253,-14.56373600051963,22.98155662036544,-13.306877775716648,0.4119604604308883,-23.28724725215254,-9.92925343459098,0.13949459713808693,2.1000787607675
Random785
Raw:-20.910413465057793,-5.4485293151125305,-14.563736000519624,22.98155662036544,-13.306877775716641,0.41196046043088225,-23.287247252152547,-9.929253434590981,0.13949459713808832,2.100078760767499
EFT:-20.910413465057804,-5.44852931511253,-14.56373600051963,22.981556620365442,-13.306877775716647,0.41196046043088813,-23.28724725215254,-9.92925343459098,0.1394945971380867,2.1000787607675
Random786
Raw:-20.910413465057797,-5.448529315112526,-14.563736000519627,22.981556620365446,-13.30687777571664,0.41196046043087786,-23.28724725215254,-9.929253434590976,0.13949459713808138,2.100078760767495
EFT:-20.910413465057804,-5.44852931511253,-14.56373600051963,22.98155662036544,-13.306877775716648,0.4119604604308883,-23.28724725215254,-9.92925343459098,0.13949459713808693,2.1000787607675
Random787
Raw:-20.910413465057797,-5.4485293151125305,-14.563736000519631,22.981556620365435,-13.306877775716643,0.41196046043088086,-23.28724725215253,-9.929253434590976,0.13949459713809387,2.100078760767497
EFT:-20.910413465057804,-5.44852931511253,-14.56373600051963,22.98155662036544,-13.306877775716648,0.41196046043088824,-23.287247252152543,-9.92925343459098,0.13949459713808673,2.1000787607675
Random788
Raw:-20.910413465057804,-5.448529315112528,-14.563736000519622,22.981556620365435,-13.30687777571664,0.4119604604308844,-23.287247252152536,-9.929253434590974,0.13949459713808499,2.1000787607674947
EFT:-20.910413465057804,-5.44852931511253,-14.56373600051963,22.98155662036544,-13.306877775716648,0.4119604604308883,-23.28724725215254,-9.92925343459098,0.13949459713808693,2.1000787607675
Random789
Raw:-20.9104134650578,-5.448529315112525,-14.563736000519626,22.98155662036544,-13.306877775716648,0.4119604604308875,-23.287247252152532,-9.929253434590972,0.13949459713807932,2.100078760767494
EFT:-20.910413465057804,-5.44852931511253,-14.56373600051963,22.98155662036544,-13.306877775716648,0.41196046043088824,-23.287247252152543,-9.92925343459098,0.13949459713808673,2.1000787607675
Random790
Raw:-20.910413465057797,-5.44852931511253,-14.563736000519627,22.98155662036543,-13.306877775716643,0.41196046043088824,-23.287247252152543,-9.929253434590974,0.13949459713808587,2.1000787607674973
EFT:-20.910413465057804,-5.44852931511253,-14.56373600051963,22.98155662036544,-13.306877775716647,0.4119604604308882,-23.287247252152543,-9.92925343459098,0.13949459713808662,2.1000787607675
Random791
Raw:-20.9104134650578,-5.448529315112531,-14.563736000519626,22.981556620365442,-13.306877775716643,0.41196046043088663,-23.28724725215255,-9.929253434590976,0.13949459713808576,2.1000787607674996
EFT:-20.910413465057804,-5.44852931511253,-14.56373600051963,22.981556620365442,-13.306877775716647,0.4119604604308881,-23.287247252152543,-9.92925343459098,0.1394945971380866,2.1000787607675
Random792
Raw:-20.9104134650578,-5.448529315112526,-14.563736000519627,22.981556620365442,-13.306877775716645,0.4119604604308845,-23.287247252152543,-9.92925343459098,0.13949459713808676,2.1000787607675035
EFT:-20.910413465057804,-5.44852931511253,-14.56373600051963,22.981556620365442,-13.306877775716647,0.4119604604308881,-23.287247252152543,-9.92925343459098,0.1394945971380866,2.1000787607675
Random793
Raw:-20.910413465057797,-5.448529315112532,-14.563736000519636,22.981556620365442,-13.306877775716647,0.4119604604308924,-23.28724725215254,-9.929253434590981,0.13949459713809054,2.1000787607675004
EFT:-20.910413465057804,-5.44852931511253,-14.56373600051963,22.98155662036544,-13.306877775716648,0.41196046043088824,-23.287247252152543,-9.92925343459098,0.13949459713808673,2.1000787607675
Random794
Raw:-20.910413465057808,-5.448529315112529,-14.563736000519622,22.981556620365435,-13.306877775716645,0.4119604604308853,-23.28724725215254,-9.92925343459098,0.13949459713808476,2.1000787607675004
EFT:-20.910413465057804,-5.44852931511253,-14.56373600051963,22.98155662036544,-13.306877775716648,0.4119604604308884,-23.287247252152543,-9.92925343459098,0.13949459713808696,2.1000787607675
Random795
Raw:-20.910413465057808,-5.448529315112529,-14.563736000519627,22.981556620365442,-13.306877775716647,0.4119604604308841,-23.287247252152532,-9.929253434590978,0.13949459713808524,2.100078760767496
EFT:-20.910413465057804,-5.44852931511253,-14.56373600051963,22.981556620365442,-13.306877775716647,0.4119604604308881,-23.287247252152543,-9.92925343459098,0.1394945971380866,2.1000787607675
Random796
Raw:-20.9104134650578,-5.448529315112528,-14.563736000519635,22.98155662036544,-13.306877775716641,0.4119604604308852,-23.287247252152536,-9.929253434590978,0.1394945971380881,2.1000787607674964
EFT:-20.910413465057804,-5.44852931511253,-14.56373600051963,22.98155662036544,-13.306877775716648,0.41196046043088824,-23.287247252152543,-9.92925343459098,0.13949459713808673,2.1000787607675
Random797
Raw:-20.9104134650578,-5.448529315112533,-14.56373600051963,22.981556620365442,-13.306877775716645,0.4119604604308883,-23.28724725215254,-9.929253434590981,0.13949459713808615,2.1000787607675
EFT:-20.910413465057804,-5.44852931511253,-14.56373600051963,22.981556620365442,-13.306877775716647,0.41196046043088813,-23.28724725215254,-9.92925343459098,0.1394945971380867,2.1000787607675
Random798
Raw:-20.910413465057797,-5.448529315112527,-14.563736000519627,22.98155662036544,-13.306877775716648,0.41196046043088597,-23.28724725215254,-9.929253434590983,0.13949459713808843,2.1000787607674964
EFT:-20.910413465057804,-5.44852931511253,-14.56373600051963,22.981556620365442,-13.306877775716647,0.41196046043088813,-23.287247252152543,-9.92925343459098,0.1394945971380865,2.1000787607675
Random799
Raw:-20.910413465057808,-5.44852931511253,-14.563736000519626,22.981556620365446,-13.306877775716645,0.4119604604308814,-23.287247252152543,-9.929253434590974,0.13949459713808032,2.1000787607674893
EFT:-20.910413465057804,-5.44852931511253,-14.56373600051963,22.98155662036544,-13.306877775716647,0.4119604604308882,-23.28724725215254,-9.92925343459098,0.1394945971380867,2.1000787607675
Random800
Raw:-20.910413465057804,-5.448529315112528,-14.563736000519617,22.98155662036544,-13.306877775716647,0.4119604604308791,-23.28724725215254,-9.929253434590972,0.1394945971380862,2.100078760767493
EFT:-20.910413465057804,-5.44852931511253,-14.56373600051963,22.981556620365442,-13.306877775716647,0.41196046043088813,-23.28724725215254,-9.92925343459098,0.1394945971380867,2.1000787607675
Random801
Raw:-20.910413465057797,-5.448529315112528,-14.563736000519624,22.98155662036544,-13.306877775716645,0.4119604604308835,-23.287247252152536,-9.92925343459098,0.13949459713808868,2.100078760767495
EFT:-20.910413465057804,-5.44852931511253,-14.56373600051963,22.981556620365442,-13.306877775716647,0.41196046043088813,-23.287247252152543,-9.92925343459098,0.1394945971380865,2.1000787607675
Random802
Raw:-20.9104134650578,-5.448529315112531,-14.56373600051962,22.981556620365435,-13.306877775716645,0.41196046043088086,-23.287247252152536,-9.929253434590976,0.1394945971380901,2.100078760767497
EFT:-20.910413465057804,-5.44852931511253,-14.56373600051963,22.98155662036544,-13.306877775716648,0.4119604604308883,-23.28724725215254,-9.92925343459098,0.13949459713808693,2.1000787607675
Random803
Raw:-20.910413465057797,-5.44852931511253,-14.563736000519633,22.981556620365435,-13.306877775716647,0.4119604604308871,-23.287247252152532,-9.929253434590978,0.1394945971380862,2.100078760767497
EFT:-20.910413465057804,-5.44852931511253,-14.56373600051963,22.98155662036544,-13.306877775716648,0.4119604604308883,-23.287247252152543,-9.92925343459098,0.13949459713808685,2.1000787607675
Random804
Raw:-20.910413465057793,-5.448529315112531,-14.563736000519624,22.98155662036544,-13.306877775716645,0.4119604604308846,-23.28724725215254,-9.92925343459098,0.1394945971380921,2.100078760767499
EFT:-20.910413465057804,-5.44852931511253,-14.56373600051963,22.981556620365442,-13.306877775716648,0.4119604604308882,-23.287247252152543,-9.92925343459098,0.13949459713808682,2.1000787607675
Random805
Raw:-20.9104134650578,-5.448529315112528,-14.563736000519622,22.98155662036544,-13.30687777571665,0.4119604604308802,-23.287247252152543,-9.929253434590978,0.1394945971380841,2.100078760767499
EFT:-20.910413465057804,-5.44852931511253,-14.56373600051963,22.98155662036544,-13.306877775716648,0.4119604604308884,-23.287247252152543,-9.92925343459098,0.13949459713808696,2.1000787607675
Random806
Raw:-20.910413465057797,-5.44852931511253,-14.563736000519626,22.981556620365442,-13.306877775716645,0.41196046043088397,-23.28724725215254,-9.929253434590981,0.1394945971380847,2.1000787607674964
EFT:-20.910413465057804,-5.44852931511253,-14.56373600051963,22.98155662036544,-13.306877775716648,0.4119604604308883,-23.28724725215254,-9.92925343459098,0.13949459713808693,2.1000787607675
Random807
Raw:-20.910413465057797,-5.448529315112529,-14.563736000519627,22.98155662036544,-13.306877775716648,0.4119604604308843,-23.28724725215254,-9.929253434590983,0.13949459713809031,2.1000787607675093
EFT:-20.910413465057804,-5.44852931511253,-14.56373600051963,22.98155662036544,-13.306877775716648,0.41196046043088824,-23.287247252152543,-9.92925343459098,0.13949459713808673,2.1000787607675
Random808
Raw:-20.9104134650578,-5.44852931511253,-14.563736000519626,22.98155662036544,-13.306877775716647,0.4119604604308862,-23.287247252152547,-9.929253434590978,0.13949459713808524,2.1000787607675004
EFT:-20.910413465057804,-5.44852931511253,-14.56373600051963,22.981556620365442,-13.306877775716647,0.41196046043088813,-23.28724725215254,-9.92925343459098,0.1394945971380867,2.1000787607675
Random809
Raw:-20.910413465057797,-5.448529315112533,-14.563736000519627,22.981556620365442,-13.306877775716647,0.4119604604308871,-23.287247252152547,-9.929253434590981,0.13949459713809076,2.100078760767504
EFT:-20.910413465057804,-5.44852931511253,-14.56373600051963,22.98155662036544,-13.306877775716648,0.41196046043088824,-23.28724725215254,-9.92925343459098,0.13949459713808693,2.1000787607675
Random810
Raw:-20.910413465057804,-5.448529315112531,-14.563736000519624,22.98155662036544,-13.30687777571665,0.41196046043088586,-23.28724725215255,-9.929253434590978,0.13949459713808532,2.1000787607675
EFT:-20.910413465057804,-5.44852931511253,-14.56373600051963,22.98155662036544,-13.306877775716647,0.41196046043088824,-23.28724725215254,-9.92925343459098,0.13949459713808682,2.1000787607675
Random811
Raw:-20.910413465057808,-5.4485293151125305,-14.563736000519627,22.98155662036545,-13.306877775716652,0.4119604604308835,-23.287247252152543,-9.92925343459098,0.13949459713808682,2.1000787607674964
EFT:-20.910413465057804,-5.44852931511253,-14.56373600051963,22.98155662036544,-13.306877775716648,0.41196046043088824,-23.28724725215254,-9.92925343459098,0.13949459713808693,2.1000787607675
Random812
Raw:-20.910413465057797,-5.448529315112527,-14.56373600051963,22.98155662036544,-13.306877775716636,0.4119604604308894,-23.28724725215253,-9.929253434590978,0.13949459713808565,2.100078760767498
EFT:-20.910413465057804,-5.44852931511253,-14.56373600051963,22.98155662036544,-13.306877775716648,0.4119604604308883,-23.287247252152543,-9.92925343459098,0.13949459713808685,2.1000787607675
Random813
Raw:-20.9104134650578,-5.448529315112526,-14.563736000519631,22.981556620365435,-13.306877775716645,0.41196046043088663,-23.287247252152543,-9.92925343459098,0.13949459713808854,2.1000787607675
EFT:-20.910413465057804,-5.44852931511253,-14.56373600051963,22.98155662036544,-13.306877775716648,0.4119604604308883,-23.287247252152543,-9.92925343459098,0.13949459713808685,2.1000787607675
Random814
Raw:-20.9104134650578,-5.448529315112524,-14.563736000519624,22.98155662036544,-13.306877775716645,0.41196046043088747,-23.287247252152522,-9.929253434590972,0.13949459713808163,2.100078760767496
EFT:-20.910413465057804,-5.44852931511253,-14.56373600051963,22.98155662036544,-13.306877775716648,0.4119604604308884,-23.287247252152543,-9.92925343459098,0.13949459713808696,2.1000787607675
Random815
Raw:-20.9104134650578,-5.448529315112534,-14.563736000519624,22.98155662036544,-13.30687777571665,0.41196046043088175,-23.28724725215254,-9.929253434590978,0.13949459713808854,2.1000787607674973
EFT:-20.910413465057804,-5.44852931511253,-14.56373600051963,22.981556620365442,-13.306877775716647,0.4119604604308881,-23.287247252152543,-9.92925343459098,0.1394945971380866,2.1000787607675
Random816
Raw:-20.910413465057797,-5.448529315112523,-14.563736000519627,22.98155662036544,-13.306877775716652,0.41196046043087947,-23.287247252152543,-9.929253434590983,0.13949459713808854,2.100078760767495
EFT:-20.910413465057804,-5.44852931511253,-14.56373600051963,22.981556620365442,-13.306877775716648,0.4119604604308882,-23.287247252152543,-9.92925343459098,0.13949459713808682,2.1000787607675
Random817
Raw:-20.910413465057808,-5.448529315112529,-14.563736000519626,22.981556620365446,-13.306877775716647,0.4119604604308875,-23.28724725215255,-9.92925343459098,0.13949459713808865,2.1000787607674987
EFT:-20.910413465057804,-5.44852931511253,-14.56373600051963,22.981556620365442,-13.306877775716647,0.41196046043088813,-23.28724725215254,-9.92925343459098,0.1394945971380867,2.1000787607675
Random818
Raw:-20.910413465057797,-5.448529315112527,-14.563736000519622,22.981556620365435,-13.306877775716652,0.41196046043088447,-23.28724725215253,-9.929253434590981,0.1394945971380932,2.100078760767492
EFT:-20.910413465057804,-5.44852931511253,-14.56373600051963,22.98155662036544,-13.306877775716647,0.4119604604308883,-23.287247252152543,-9.92925343459098,0.13949459713808673,2.1000787607675
Random819
Raw:-20.9104134650578,-5.448529315112529,-14.563736000519626,22.981556620365442,-13.306877775716645,0.4119604604308862,-23.287247252152547,-9.92925343459098,0.13949459713808893,2.100078760767505
EFT:-20.910413465057804,-5.44852931511253,-14.56373600051963,22.981556620365442,-13.306877775716647,0.4119604604308881,-23.287247252152543,-9.92925343459098,0.1394945971380866,2.1000787607675
Random820
Raw:-20.9104134650578,-5.4485293151125305,-14.56373600051962,22.98155662036544,-13.30687777571665,0.4119604604308782,-23.287247252152543,-9.929253434590978,0.13949459713808898,2.100078760767491
EFT:-20.910413465057804,-5.44852931511253,-14.56373600051963,22.98155662036544,-13.306877775716648,0.41196046043088824,-23.28724725215254,-9.92925343459098,0.13949459713808693,2.1000787607675
Random821
Raw:-20.9104134650578,-5.4485293151125305,-14.563736000519624,22.981556620365442,-13.306877775716643,0.41196046043088413,-23.287247252152547,-9.92925343459098,0.13949459713808937,2.1000787607674987
EFT:-20.910413465057804,-5.44852931511253,-14.56373600051963,22.98155662036544,-13.306877775716648,0.41196046043088835,-23.28724725215254,-9.92925343459098,0.13949459713808704,2.1000787607675
Random822
Raw:-20.910413465057793,-5.4485293151125305,-14.563736000519626,22.98155662036544,-13.306877775716647,0.41196046043088397,-23.28724725215254,-9.929253434590985,0.13949459713809076,2.1000787607675
EFT:-20.910413465057804,-5.44852931511253,-14.56373600051963,22.981556620365442,-13.306877775716647,0.41196046043088813,-23.28724725215254,-9.92925343459098,0.1394945971380867,2.1000787607675
Random823
Raw:-20.91041346505781,-5.448529315112526,-14.563736000519624,22.98155662036544,-13.306877775716652,0.41196046043088197,-23.287247252152543,-9.929253434590978,0.13949459713808487,2.100078760767494
EFT:-20.910413465057804,-5.44852931511253,-14.56373600051963,22.98155662036544,-13.306877775716648,0.4119604604308883,-23.287247252152543,-9.92925343459098,0.13949459713808685,2.1000787607675
Random824
Raw:-20.910413465057804,-5.448529315112527,-14.56373600051963,22.981556620365435,-13.306877775716648,0.4119604604308853,-23.287247252152547,-9.929253434590978,0.13949459713808587,2.1000787607674996
EFT:-20.910413465057804,-5.44852931511253,-14.56373600051963,22.98155662036544,-13.306877775716647,0.4119604604308882,-23.28724725215254,-9.92925343459098,0.1394945971380867,2.1000787607675
Random825
Raw:-20.910413465057808,-5.4485293151125305,-14.563736000519624,22.98155662036544,-13.306877775716641,0.41196046043088463,-23.287247252152543,-9.929253434590974,0.13949459713808587,2.1000787607674956
EFT:-20.910413465057804,-5.44852931511253,-14.56373600051963,22.98155662036544,-13.306877775716648,0.41196046043088824,-23.28724725215254,-9.92925343459098,0.13949459713808693,2.1000787607675
Random826
Raw:-20.910413465057797,-5.448529315112531,-14.56373600051962,22.981556620365442,-13.306877775716645,0.4119604604308784,-23.287247252152543,-9.929253434590978,0.13949459713808765,2.100078760767499
EFT:-20.910413465057804,-5.44852931511253,-14.56373600051963,22.981556620365442,-13.306877775716647,0.41196046043088813,-23.287247252152543,-9.92925343459098,0.1394945971380865,2.1000787607675
Random827
Raw:-20.910413465057804,-5.448529315112527,-14.56373600051963,22.981556620365442,-13.306877775716643,0.4119604604308851,-23.287247252152547,-9.929253434590972,0.13949459713808188,2.100078760767494
EFT:-20.910413465057804,-5.44852931511253,-14.56373600051963,22.981556620365442,-13.306877775716648,0.4119604604308882,-23.287247252152543,-9.92925343459098,0.13949459713808682,2.1000787607675
Random828
Raw:-20.910413465057804,-5.44852931511253,-14.563736000519624,22.981556620365435,-13.30687777571665,0.4119604604308873,-23.28724725215254,-9.92925343459098,0.13949459713809148,2.1000787607674964
EFT:-20.910413465057804,-5.44852931511253,-14.56373600051963,22.98155662036544,-13.306877775716647,0.4119604604308882,-23.28724725215254,-9.92925343459098,0.1394945971380867,2.1000787607675
Random829
Raw:-20.910413465057808,-5.448529315112527,-14.56373600051963,22.981556620365442,-13.30687777571665,0.41196046043088375,-23.287247252152547,-9.929253434590978,0.13949459713808474,2.1000787607674996
EFT:-20.910413465057804,-5.44852931511253,-14.56373600051963,22.981556620365442,-13.306877775716647,0.41196046043088813,-23.287247252152543,-9.92925343459098,0.1394945971380865,2.1000787607675
Random830
Raw:-20.910413465057804,-5.448529315112526,-14.56373600051962,22.981556620365442,-13.30687777571665,0.41196046043088297,-23.287247252152532,-9.929253434590974,0.13949459713808654,2.1000787607674956
EFT:-20.910413465057804,-5.44852931511253,-14.56373600051963,22.981556620365442,-13.306877775716647,0.41196046043088813,-23.287247252152543,-9.92925343459098,0.1394945971380865,2.1000787607675
Random831
Raw:-20.9104134650578,-5.448529315112536,-14.56373600051963,22.981556620365435,-13.306877775716645,0.4119604604308851,-23.287247252152543,-9.929253434590981,0.1394945971380931,2.1000787607675
EFT:-20.910413465057804,-5.44852931511253,-14.56373600051963,22.98155662036544,-13.306877775716647,0.41196046043088824,-23.287247252152543,-9.92925343459098,0.13949459713808662,2.1000787607675
Random832
Raw:-20.9104134650578,-5.448529315112529,-14.563736000519627,22.98155662036543,-13.306877775716645,0.4119604604308835,-23.287247252152543,-9.92925343459098,0.13949459713808665,2.100078760767501
EFT:-20.910413465057804,-5.44852931511253,-14.56373600051963,22.98155662036544,-13.306877775716647,0.4119604604308882,-23.28724725215254,-9.92925343459098,0.1394945971380867,2.1000787607675
Random833
Raw:-20.9104134650578,-5.448529315112528,-14.563736000519626,22.981556620365442,-13.306877775716643,0.4119604604308864,-23.28724725215254,-9.929253434590974,0.13949459713808166,2.100078760767498
EFT:-20.910413465057804,-5.44852931511253,-14.56373600051963,22.981556620365442,-13.306877775716647,0.41196046043088813,-23.28724725215254,-9.92925343459098,0.1394945971380867,2.1000787607675
Random834
Raw:-20.910413465057797,-5.448529315112529,-14.563736000519627,22.98155662036544,-13.306877775716648,0.4119604604308804,-23.28724725215253,-9.929253434590983,0.13949459713808776,2.100078760767499
EFT:-20.910413465057804,-5.44852931511253,-14.56373600051963,22.981556620365442,-13.306877775716647,0.4119604604308881,-23.287247252152543,-9.92925343459098,0.1394945971380866,2.1000787607675
Random835
Raw:-20.91041346505779,-5.448529315112527,-14.563736000519622,22.981556620365435,-13.30687777571665,0.41196046043088086,-23.28724725215254,-9.929253434590981,0.13949459713809026,2.1000787607674942
EFT:-20.910413465057804,-5.44852931511253,-14.56373600051963,22.981556620365442,-13.306877775716647,0.41196046043088813,-23.287247252152543,-9.92925343459098,0.1394945971380865,2.1000787607675
Random836
Raw:-20.910413465057793,-5.448529315112528,-14.563736000519626,22.98155662036544,-13.30687777571664,0.41196046043088436,-23.287247252152536,-9.929253434590978,0.13949459713808854,2.1000787607674978
EFT:-20.910413465057804,-5.44852931511253,-14.56373600051963,22.981556620365442,-13.306877775716648,0.4119604604308882,-23.287247252152543,-9.92925343459098,0.13949459713808682,2.1000787607675
Random837
Raw:-20.9104134650578,-5.448529315112526,-14.563736000519627,22.98155662036544,-13.306877775716645,0.4119604604308851,-23.28724725215254,-9.929253434590981,0.13949459713808898,2.100078760767497
EFT:-20.910413465057804,-5.44852931511253,-14.56373600051963,22.98155662036544,-13.306877775716648,0.41196046043088824,-23.287247252152543,-9.92925343459098,0.13949459713808673,2.1000787607675
Random838
Raw:-20.910413465057793,-5.448529315112526,-14.563736000519624,22.981556620365428,-13.306877775716643,0.41196046043088264,-23.287247252152536,-9.929253434590981,0.13949459713808676,2.1000787607675004
EFT:-20.910413465057804,-5.44852931511253,-14.56373600051963,22.98155662036544,-13.306877775716648,0.41196046043088835,-23.287247252152543,-9.92925343459098,0.13949459713808685,2.1000787607675
Random839
Raw:-20.910413465057793,-5.44852931511253,-14.563736000519619,22.981556620365428,-13.306877775716641,0.4119604604308793,-23.287247252152543,-9.929253434590981,0.13949459713808454,2.1000787607674973
EFT:-20.910413465057804,-5.44852931511253,-14.56373600051963,22.98155662036544,-13.306877775716647,0.4119604604308882,-23.287247252152543,-9.92925343459098,0.13949459713808662,2.1000787607675
Random840
Raw:-20.9104134650578,-5.448529315112528,-14.563736000519624,22.98155662036544,-13.306877775716645,0.41196046043087864,-23.28724725215254,-9.929253434590978,0.1394945971380886,2.100078760767499
EFT:-20.910413465057804,-5.44852931511253,-14.56373600051963,22.98155662036544,-13.306877775716647,0.4119604604308882,-23.28724725215254,-9.92925343459098,0.1394945971380867,2.1000787607675
Random841
Raw:-20.910413465057797,-5.448529315112529,-14.563736000519631,22.981556620365442,-13.306877775716648,0.41196046043088574,-23.28724725215254,-9.92925343459098,0.13949459713808438,2.100078760767498
EFT:-20.910413465057804,-5.44852931511253,-14.56373600051963,22.981556620365442,-13.306877775716647,0.41196046043088813,-23.28724725215254,-9.92925343459098,0.1394945971380867,2.1000787607675
Random842
Raw:-20.9104134650578,-5.448529315112533,-14.563736000519624,22.98155662036544,-13.306877775716647,0.41196046043088175,-23.28724725215254,-9.929253434590974,0.13949459713808487,2.1000787607674947
EFT:-20.910413465057804,-5.44852931511253,-14.56373600051963,22.98155662036544,-13.306877775716647,0.41196046043088824,-23.28724725215254,-9.92925343459098,0.13949459713808682,2.1000787607675
Random843
Raw:-20.9104134650578,-5.448529315112534,-14.563736000519627,22.981556620365435,-13.306877775716645,0.4119604604308858,-23.28724725215254,-9.92925343459098,0.13949459713808726,2.1000787607674956
EFT:-20.910413465057804,-5.44852931511253,-14.56373600051963,22.981556620365442,-13.306877775716647,0.4119604604308881,-23.287247252152543,-9.92925343459098,0.1394945971380866,2.1000787607675
Random844
Raw:-20.910413465057804,-5.448529315112528,-14.563736000519624,22.981556620365435,-13.306877775716647,0.4119604604308821,-23.287247252152536,-9.929253434590978,0.13949459713808537,2.1000787607674956
EFT:-20.910413465057804,-5.44852931511253,-14.56373600051963,22.98155662036544,-13.306877775716648,0.41196046043088835,-23.28724725215254,-9.92925343459098,0.13949459713808704,2.1000787607675
Random845
Raw:-20.910413465057808,-5.4485293151125305,-14.563736000519631,22.981556620365442,-13.306877775716643,0.4119604604308897,-23.287247252152543,-9.929253434590978,0.13949459713808665,2.1000787607674973
EFT:-20.910413465057804,-5.44852931511253,-14.56373600051963,22.981556620365442,-13.306877775716648,0.4119604604308882,-23.287247252152543,-9.92925343459098,0.13949459713808682,2.1000787607675
Random846
Raw:-20.910413465057804,-5.448529315112529,-14.563736000519631,22.98155662036545,-13.306877775716645,0.4119604604308875,-23.28724725215254,-9.92925343459098,0.13949459713808587,2.1000787607674964
EFT:-20.910413465057804,-5.44852931511253,-14.56373600051963,22.98155662036544,-13.306877775716648,0.41196046043088824,-23.287247252152543,-9.92925343459098,0.13949459713808673,2.1000787607675
Random847
Raw:-20.910413465057797,-5.4485293151125305,-14.563736000519627,22.98155662036544,-13.306877775716645,0.41196046043088164,-23.28724725215254,-9.929253434590983,0.13949459713808987,2.100078760767498
EFT:-20.910413465057804,-5.44852931511253,-14.56373600051963,22.98155662036544,-13.306877775716648,0.41196046043088835,-23.287247252152543,-9.92925343459098,0.13949459713808685,2.1000787607675
Random848
Raw:-20.9104134650578,-5.448529315112523,-14.563736000519626,22.98155662036544,-13.306877775716647,0.4119604604308816,-23.287247252152532,-9.929253434590976,0.13949459713808499,2.1000787607674956
EFT:-20.910413465057804,-5.44852931511253,-14.56373600051963,22.981556620365442,-13.306877775716648,0.4119604604308882,-23.287247252152543,-9.92925343459098,0.13949459713808682,2.1000787607675
Random849
Raw:-20.91041346505779,-5.448529315112536,-14.563736000519635,22.98155662036544,-13.306877775716641,0.41196046043088597,-23.28724725215254,-9.929253434590986,0.13949459713809123,2.100078760767506
EFT:-20.910413465057804,-5.44852931511253,-14.56373600051963,22.98155662036544,-13.306877775716647,0.4119604604308882,-23.28724725215254,-9.92925343459098,0.1394945971380867,2.1000787607675
Random850
Raw:-20.910413465057797,-5.448529315112533,-14.56373600051963,22.98155662036543,-13.306877775716647,0.41196046043088924,-23.287247252152536,-9.929253434590981,0.13949459713809287,2.100078760767497
EFT:-20.910413465057804,-5.44852931511253,-14.56373600051963,22.981556620365442,-13.306877775716648,0.4119604604308882,-23.287247252152543,-9.92925343459098,0.13949459713808682,2.1000787607675
Random851
Raw:-20.910413465057804,-5.448529315112529,-14.563736000519626,22.981556620365442,-13.30687777571665,0.41196046043088785,-23.287247252152543,-9.929253434590981,0.1394945971380861,2.1000787607674964
EFT:-20.910413465057804,-5.44852931511253,-14.56373600051963,22.98155662036544,-13.306877775716648,0.4119604604308883,-23.28724725215254,-9.92925343459098,0.13949459713808693,2.1000787607675
Random852
Raw:-20.910413465057797,-5.448529315112529,-14.563736000519615,22.981556620365442,-13.306877775716645,0.4119604604308764,-23.28724725215254,-9.92925343459098,0.13949459713808832,2.1000787607675004
EFT:-20.910413465057804,-5.44852931511253,-14.56373600051963,22.98155662036544,-13.306877775716647,0.4119604604308883,-23.287247252152543,-9.92925343459098,0.13949459713808673,2.1000787607675
Random853
Raw:-20.910413465057797,-5.448529315112526,-14.563736000519624,22.981556620365435,-13.306877775716647,0.41196046043089074,-23.287247252152536,-9.92925343459098,0.13949459713809031,2.100078760767497
EFT:-20.910413465057804,-5.44852931511253,-14.56373600051963,22.98155662036544,-13.306877775716647,0.4119604604308883,-23.287247252152543,-9.92925343459098,0.13949459713808673,2.1000787607675
Random854
Raw:-20.910413465057808,-5.44852931511253,-14.563736000519626,22.981556620365446,-13.306877775716647,0.41196046043088774,-23.287247252152543,-9.929253434590974,0.13949459713808582,2.100078760767495
EFT:-20.910413465057804,-5.44852931511253,-14.56373600051963,22.98155662036544,-13.306877775716647,0.41196046043088824,-23.28724725215254,-9.92925343459098,0.13949459713808682,2.1000787607675
Random855
Raw:-20.9104134650578,-5.4485293151125305,-14.563736000519626,22.981556620365442,-13.306877775716647,0.4119604604308822,-23.287247252152543,-9.929253434590976,0.13949459713808365,2.100078760767495
EFT:-20.910413465057804,-5.44852931511253,-14.56373600051963,22.98155662036544,-13.306877775716647,0.41196046043088824,-23.287247252152543,-9.92925343459098,0.13949459713808662,2.1000787607675
Random856
Raw:-20.910413465057804,-5.448529315112527,-14.563736000519624,22.981556620365435,-13.306877775716641,0.4119604604308833,-23.28724725215254,-9.929253434590981,0.13949459713808868,2.1000787607674973
EFT:-20.910413465057804,-5.44852931511253,-14.56373600051963,22.981556620365442,-13.306877775716647,0.41196046043088813,-23.287247252152543,-9.92925343459098,0.1394945971380865,2.1000787607675
Random857
Raw:-20.910413465057804,-5.4485293151125225,-14.563736000519619,22.981556620365435,-13.306877775716647,0.41196046043087975,-23.287247252152536,-9.929253434590974,0.13949459713808124,2.1000787607674956
EFT:-20.910413465057804,-5.44852931511253,-14.56373600051963,22.981556620365442,-13.306877775716647,0.4119604604308881,-23.287247252152543,-9.92925343459098,0.1394945971380866,2.1000787607675
Random858
Raw:-20.910413465057797,-5.448529315112531,-14.563736000519627,22.981556620365442,-13.306877775716643,0.4119604604308851,-23.287247252152543,-9.929253434590985,0.1394945971380931,2.1000787607674973
EFT:-20.910413465057804,-5.44852931511253,-14.56373600051963,22.98155662036544,-13.306877775716647,0.4119604604308882,-23.28724725215254,-9.92925343459098,0.1394945971380867,2.1000787607675
Random859
Raw:-20.910413465057797,-5.448529315112532,-14.563736000519626,22.981556620365435,-13.30687777571664,0.4119604604308802,-23.287247252152536,-9.929253434590978,0.13949459713808682,2.1000787607674996
EFT:-20.910413465057804,-5.44852931511253,-14.56373600051963,22.98155662036544,-13.306877775716647,0.4119604604308882,-23.287247252152543,-9.92925343459098,0.13949459713808662,2.1000787607675
Random860
Raw:-20.9104134650578,-5.448529315112531,-14.563736000519635,22.98155662036544,-13.306877775716648,0.41196046043088974,-23.28724725215254,-9.929253434590976,0.1394945971380822,2.1000787607675004
EFT:-20.910413465057804,-5.44852931511253,-14.56373600051963,22.98155662036544,-13.306877775716648,0.4119604604308883,-23.28724725215254,-9.92925343459098,0.13949459713808693,2.1000787607675
Random861
Raw:-20.9104134650578,-5.448529315112524,-14.563736000519624,22.98155662036544,-13.306877775716647,0.4119604604308855,-23.28724725215254,-9.929253434590974,0.13949459713808288,2.100078760767494
EFT:-20.910413465057804,-5.44852931511253,-14.56373600051963,22.98155662036544,-13.306877775716648,0.41196046043088824,-23.287247252152543,-9.92925343459098,0.13949459713808673,2.1000787607675
Random862
Raw:-20.910413465057804,-5.448529315112531,-14.563736000519631,22.981556620365442,-13.30687777571665,0.4119604604308915,-23.28724725215254,-9.929253434590981,0.13949459713808476,2.100078760767499
EFT:-20.910413465057804,-5.44852931511253,-14.56373600051963,22.98155662036544,-13.306877775716648,0.41196046043088835,-23.28724725215254,-9.92925343459098,0.13949459713808704,2.1000787607675
Random863
Raw:-20.9104134650578,-5.44852931511253,-14.563736000519624,22.981556620365435,-13.30687777571665,0.41196046043088996,-23.287247252152543,-9.929253434590981,0.1394945971380896,2.1000787607675035
EFT:-20.910413465057804,-5.44852931511253,-14.56373600051963,22.981556620365442,-13.306877775716647,0.4119604604308881,-23.287247252152543,-9.92925343459098,0.1394945971380866,2.1000787607675
Random864
Raw:-20.910413465057804,-5.448529315112525,-14.563736000519624,22.981556620365442,-13.306877775716648,0.41196046043088463,-23.287247252152536,-9.929253434590974,0.13949459713808343,2.100078760767492
EFT:-20.910413465057804,-5.44852931511253,-14.56373600051963,22.98155662036544,-13.306877775716648,0.41196046043088824,-23.28724725215254,-9.92925343459098,0.13949459713808693,2.1000787607675
Random865
Raw:-20.9104134650578,-5.448529315112533,-14.563736000519624,22.981556620365442,-13.306877775716647,0.41196046043088747,-23.287247252152543,-9.929253434590976,0.13949459713808943,2.1000787607674987
EFT:-20.910413465057804,-5.44852931511253,-14.56373600051963,22.98155662036544,-13.306877775716648,0.41196046043088835,-23.287247252152543,-9.92925343459098,0.13949459713808685,2.1000787607675
Random866
Raw:-20.910413465057793,-5.448529315112529,-14.56373600051962,22.981556620365435,-13.306877775716645,0.41196046043088563,-23.287247252152543,-9.929253434590978,0.13949459713808407,2.1000787607675044
EFT:-20.910413465057804,-5.44852931511253,-14.56373600051963,22.98155662036544,-13.306877775716648,0.4119604604308883,-23.287247252152543,-9.92925343459098,0.13949459713808685,2.1000787607675
Random867
Raw:-20.9104134650578,-5.44852931511253,-14.563736000519622,22.981556620365442,-13.306877775716647,0.41196046043088025,-23.287247252152543,-9.929253434590983,0.13949459713808798,2.1000787607674987
EFT:-20.910413465057804,-5.44852931511253,-14.56373600051963,22.98155662036544,-13.306877775716648,0.41196046043088824,-23.28724725215254,-9.92925343459098,0.13949459713808693,2.1000787607675
Random868
Raw:-20.9104134650578,-5.448529315112527,-14.563736000519631,22.981556620365446,-13.306877775716648,0.4119604604308862,-23.28724725215254,-9.929253434590978,0.1394945971380821,2.100078760767495
EFT:-20.910413465057804,-5.44852931511253,-14.56373600051963,22.981556620365442,-13.306877775716647,0.41196046043088813,-23.28724725215254,-9.92925343459098,0.1394945971380867,2.1000787607675
Random869
Raw:-20.910413465057797,-5.448529315112526,-14.563736000519626,22.981556620365442,-13.306877775716648,0.4119604604308832,-23.287247252152536,-9.92925343459098,0.13949459713808654,2.1000787607675
EFT:-20.910413465057804,-5.44852931511253,-14.56373600051963,22.98155662036544,-13.306877775716647,0.4119604604308882,-23.287247252152543,-9.92925343459098,0.13949459713808662,2.1000787607675
Random870
Raw:-20.9104134650578,-5.448529315112523,-14.563736000519624,22.981556620365442,-13.306877775716645,0.41196046043088463,-23.287247252152547,-9.929253434590976,0.13949459713808185,2.100078760767498
EFT:-20.910413465057804,-5.44852931511253,-14.56373600051963,22.98155662036544,-13.306877775716648,0.41196046043088824,-23.28724725215254,-9.92925343459098,0.13949459713808693,2.1000787607675
Random871
Raw:-20.910413465057797,-5.448529315112528,-14.56373600051962,22.981556620365435,-13.306877775716647,0.4119604604308832,-23.287247252152536,-9.929253434590978,0.13949459713808787,2.100078760767496
EFT:-20.910413465057804,-5.44852931511253,-14.56373600051963,22.981556620365442,-13.306877775716647,0.41196046043088813,-23.28724725215254,-9.92925343459098,0.1394945971380867,2.1000787607675
Random872
Raw:-20.91041346505781,-5.448529315112528,-14.56373600051963,22.981556620365446,-13.306877775716645,0.41196046043088663,-23.287247252152547,-9.92925343459098,0.13949459713808418,2.100078760767502
EFT:-20.910413465057804,-5.44852931511253,-14.56373600051963,22.981556620365442,-13.306877775716648,0.4119604604308882,-23.287247252152543,-9.92925343459098,0.13949459713808682,2.1000787607675
Random873
Raw:-20.910413465057797,-5.44852931511253,-14.563736000519627,22.981556620365435,-13.30687777571664,0.41196046043088286,-23.287247252152536,-9.929253434590974,0.13949459713808676,2.1000787607674964
EFT:-20.910413465057804,-5.44852931511253,-14.56373600051963,22.981556620365442,-13.306877775716647,0.4119604604308881,-23.287247252152543,-9.92925343459098,0.1394945971380866,2.1000787607675
Random874
Raw:-20.910413465057804,-5.4485293151125305,-14.563736000519626,22.981556620365442,-13.306877775716647,0.41196046043088885,-23.287247252152536,-9.929253434590974,0.1394945971380872,2.1000787607674978
EFT:-20.910413465057804,-5.44852931511253,-14.56373600051963,22.98155662036544,-13.306877775716648,0.4119604604308884,-23.287247252152543,-9.92925343459098,0.13949459713808696,2.1000787607675
Random875
Raw:-20.910413465057797,-5.448529315112529,-14.563736000519631,22.981556620365435,-13.30687777571664,0.4119604604308865,-23.287247252152536,-9.92925343459098,0.13949459713808954,2.1000787607675027
EFT:-20.910413465057804,-5.44852931511253,-14.56373600051963,22.98155662036544,-13.306877775716648,0.41196046043088824,-23.287247252152543,-9.92925343459098,0.13949459713808673,2.1000787607675
Random876
Raw:-20.910413465057793,-5.448529315112533,-14.563736000519624,22.98155662036544,-13.306877775716647,0.4119604604308842,-23.287247252152532,-9.929253434590978,0.13949459713808854,2.1000787607674964
EFT:-20.910413465057804,-5.44852931511253,-14.56373600051963,22.981556620365442,-13.306877775716647,0.41196046043088813,-23.287247252152543,-9.92925343459098,0.1394945971380865,2.1000787607675
Random877
Raw:-20.910413465057804,-5.448529315112528,-14.563736000519626,22.981556620365442,-13.306877775716645,0.41196046043088197,-23.28724725215254,-9.929253434590976,0.13949459713808166,2.1000787607674956
EFT:-20.910413465057804,-5.44852931511253,-14.56373600051963,22.98155662036544,-13.306877775716648,0.41196046043088824,-23.287247252152543,-9.92925343459098,0.13949459713808673,2.1000787607675
Random878
Raw:-20.910413465057797,-5.448529315112527,-14.563736000519626,22.98155662036544,-13.306877775716641,0.4119604604308871,-23.287247252152536,-9.929253434590981,0.13949459713808632,2.100078760767501
EFT:-20.910413465057804,-5.44852931511253,-14.56373600051963,22.98155662036544,-13.306877775716648,0.41196046043088824,-23.287247252152543,-9.92925343459098,0.13949459713808673,2.1000787607675
Random879
Raw:-20.910413465057797,-5.448529315112527,-14.563736000519626,22.98155662036544,-13.306877775716645,0.4119604604308833,-23.287247252152532,-9.92925343459098,0.1394945971380892,2.1000787607674973
EFT:-20.910413465057804,-5.44852931511253,-14.56373600051963,22.98155662036544,-13.306877775716647,0.41196046043088824,-23.28724725215254,-9.92925343459098,0.13949459713808682,2.1000787607675
Random880
Raw:-20.91041346505779,-5.448529315112531,-14.563736000519619,22.98155662036544,-13.306877775716645,0.4119604604308833,-23.287247252152536,-9.929253434590978,0.1394945971380855,2.1000787607674996
EFT:-20.910413465057804,-5.44852931511253,-14.56373600051963,22.981556620365442,-13.306877775716647,0.4119604604308881,-23.287247252152543,-9.92925343459098,0.1394945971380866,2.1000787607675
Random881
Raw:-20.910413465057804,-5.448529315112524,-14.563736000519627,22.98155662036544,-13.30687777571665,0.4119604604308893,-23.28724725215253,-9.929253434590976,0.1394945971380847,2.100078760767493
EFT:-20.910413465057804,-5.44852931511253,-14.56373600051963,22.98155662036544,-13.306877775716648,0.4119604604308884,-23.287247252152543,-9.92925343459098,0.13949459713808696,2.1000787607675
Random882
Raw:-20.91041346505781,-5.448529315112531,-14.563736000519627,22.981556620365446,-13.30687777571665,0.4119604604308903,-23.287247252152543,-9.929253434590972,0.13949459713808188,2.1000787607674973
EFT:-20.910413465057804,-5.44852931511253,-14.56373600051963,22.98155662036544,-13.306877775716648,0.41196046043088835,-23.287247252152543,-9.92925343459098,0.13949459713808685,2.1000787607675
Random883
Raw:-20.910413465057797,-5.448529315112534,-14.56373600051963,22.98155662036544,-13.306877775716648,0.41196046043088796,-23.28724725215254,-9.929253434590976,0.1394945971380892,2.1000787607675013
EFT:-20.910413465057804,-5.44852931511253,-14.56373600051963,22.981556620365442,-13.306877775716647,0.4119604604308881,-23.287247252152543,-9.92925343459098,0.1394945971380866,2.1000787607675
Random884
Raw:-20.9104134650578,-5.448529315112533,-14.56373600051963,22.981556620365435,-13.306877775716641,0.41196046043088286,-23.287247252152543,-9.929253434590981,0.1394945971380887,2.1000787607675013
EFT:-20.910413465057804,-5.44852931511253,-14.56373600051963,22.981556620365442,-13.306877775716647,0.4119604604308881,-23.287247252152543,-9.92925343459098,0.1394945971380866,2.1000787607675
Random885
Raw:-20.910413465057797,-5.448529315112529,-14.563736000519631,22.98155662036543,-13.306877775716641,0.41196046043089246,-23.287247252152536,-9.929253434590978,0.1394945971380872,2.100078760767502
EFT:-20.910413465057804,-5.44852931511253,-14.56373600051963,22.981556620365442,-13.306877775716647,0.41196046043088813,-23.28724725215254,-9.92925343459098,0.1394945971380867,2.1000787607675
Random886
Raw:-20.91041346505781,-5.44852931511253,-14.56373600051963,22.98155662036544,-13.306877775716648,0.4119604604308846,-23.28724725215254,-9.929253434590978,0.13949459713808732,2.100078760767498
EFT:-20.910413465057804,-5.44852931511253,-14.56373600051963,22.98155662036544,-13.306877775716648,0.4119604604308883,-23.287247252152543,-9.92925343459098,0.13949459713808685,2.1000787607675
Random887
Raw:-20.910413465057793,-5.448529315112532,-14.56373600051963,22.981556620365442,-13.30687777571664,0.4119604604308855,-23.287247252152543,-9.929253434590976,0.13949459713808765,2.1000787607674973
EFT:-20.910413465057804,-5.44852931511253,-14.56373600051963,22.98155662036544,-13.306877775716647,0.4119604604308882,-23.287247252152543,-9.92925343459098,0.13949459713808662,2.1000787607675
Random888
Raw:-20.910413465057804,-5.44852931511253,-14.563736000519617,22.98155662036544,-13.306877775716648,0.4119604604308793,-23.287247252152547,-9.92925343459098,0.13949459713808543,2.100078760767498
EFT:-20.910413465057804,-5.44852931511253,-14.56373600051963,22.98155662036544,-13.306877775716648,0.41196046043088824,-23.28724725215254,-9.92925343459098,0.13949459713808693,2.1000787607675
Random889
Raw:-20.9104134650578,-5.448529315112528,-14.563736000519631,22.981556620365435,-13.306877775716648,0.4119604604308901,-23.28724725215254,-9.929253434590981,0.13949459713808773,2.100078760767496
EFT:-20.910413465057804,-5.44852931511253,-14.56373600051963,22.981556620365442,-13.306877775716647,0.41196046043088813,-23.28724725215254,-9.92925343459098,0.1394945971380867,2.1000787607675
Random890
Raw:-20.9104134650578,-5.448529315112531,-14.563736000519631,22.98155662036543,-13.306877775716641,0.41196046043088597,-23.287247252152536,-9.929253434590981,0.13949459713808915,2.1000787607675018
EFT:-20.910413465057804,-5.44852931511253,-14.56373600051963,22.98155662036544,-13.306877775716648,0.4119604604308883,-23.287247252152543,-9.92925343459098,0.13949459713808685,2.1000787607675
Random891
Raw:-20.9104134650578,-5.44852931511253,-14.563736000519631,22.98155662036543,-13.306877775716641,0.4119604604308902,-23.28724725215254,-9.929253434590981,0.13949459713808765,2.1000787607674973
EFT:-20.910413465057804,-5.44852931511253,-14.56373600051963,22.981556620365442,-13.306877775716647,0.4119604604308881,-23.287247252152543,-9.92925343459098,0.1394945971380866,2.1000787607675
Random892
Raw:-20.910413465057793,-5.4485293151125305,-14.563736000519627,22.981556620365435,-13.306877775716647,0.41196046043088175,-23.287247252152532,-9.929253434590981,0.1394945971380928,2.1000787607675
EFT:-20.910413465057804,-5.44852931511253,-14.56373600051963,22.98155662036544,-13.306877775716647,0.4119604604308883,-23.287247252152543,-9.92925343459098,0.13949459713808673,2.1000787607675
Random893
Raw:-20.910413465057808,-5.44852931511253,-14.563736000519635,22.981556620365435,-13.30687777571665,0.4119604604308942,-23.287247252152543,-9.929253434590981,0.13949459713808826,2.100078760767504
EFT:-20.910413465057804,-5.44852931511253,-14.56373600051963,22.98155662036544,-13.306877775716647,0.4119604604308882,-23.28724725215254,-9.92925343459098,0.1394945971380867,2.1000787607675
Random894
Raw:-20.910413465057804,-5.448529315112524,-14.563736000519631,22.981556620365442,-13.306877775716647,0.4119604604308905,-23.287247252152547,-9.929253434590976,0.1394945971380827,2.100078760767505
EFT:-20.910413465057804,-5.44852931511253,-14.56373600051963,22.98155662036544,-13.306877775716647,0.4119604604308883,-23.287247252152543,-9.92925343459098,0.13949459713808673,2.1000787607675
Random895
Raw:-20.91041346505779,-5.448529315112528,-14.563736000519636,22.98155662036543,-13.306877775716636,0.4119604604308904,-23.287247252152536,-9.929253434590983,0.13949459713809176,2.100078760767505
EFT:-20.910413465057804,-5.44852931511253,-14.56373600051963,22.98155662036544,-13.306877775716647,0.4119604604308882,-23.28724725215254,-9.92925343459098,0.1394945971380867,2.1000787607675
Random896
Raw:-20.9104134650578,-5.44852931511253,-14.563736000519626,22.981556620365442,-13.306877775716647,0.4119604604308784,-23.287247252152547,-9.929253434590981,0.13949459713808454,2.1000787607674996
EFT:-20.910413465057804,-5.44852931511253,-14.56373600051963,22.98155662036544,-13.306877775716647,0.4119604604308882,-23.28724725215254,-9.92925343459098,0.1394945971380867,2.1000787607675
Random897
Raw:-20.910413465057797,-5.448529315112527,-14.563736000519627,22.981556620365442,-13.306877775716648,0.4119604604308842,-23.287247252152543,-9.92925343459098,0.13949459713808632,2.100078760767499
EFT:-20.910413465057804,-5.44852931511253,-14.56373600051963,22.98155662036544,-13.306877775716647,0.4119604604308882,-23.287247252152543,-9.92925343459098,0.13949459713808662,2.1000787607675
Random898
Raw:-20.910413465057793,-5.448529315112526,-14.563736000519615,22.98155662036544,-13.306877775716648,0.4119604604308762,-23.28724725215253,-9.929253434590967,0.13949459713808499,2.100078760767491
EFT:-20.910413465057804,-5.44852931511253,-14.56373600051963,22.98155662036544,-13.306877775716648,0.41196046043088835,-23.287247252152543,-9.92925343459098,0.13949459713808685,2.1000787607675
Random899
Raw:-20.910413465057808,-5.448529315112528,-14.563736000519627,22.981556620365446,-13.306877775716648,0.4119604604308862,-23.28724725215254,-9.929253434590976,0.13949459713808693,2.1000787607674987
EFT:-20.910413465057804,-5.44852931511253,-14.56373600051963,22.98155662036544,-13.306877775716648,0.41196046043088824,-23.287247252152543,-9.92925343459098,0.13949459713808673,2.1000787607675
Random900
Raw:-20.9104134650578,-5.44852931511253,-14.563736000519624,22.98155662036544,-13.306877775716645,0.41196046043088463,-23.287247252152536,-9.929253434590981,0.13949459713808596,2.100078760767501
EFT:-20.910413465057804,-5.44852931511253,-14.56373600051963,22.981556620365442,-13.306877775716647,0.41196046043088813,-23.287247252152543,-9.92925343459098,0.1394945971380865,2.1000787607675
Random901
Raw:-20.910413465057797,-5.448529315112529,-14.563736000519627,22.981556620365428,-13.306877775716638,0.4119604604308875,-23.287247252152536,-9.929253434590976,0.13949459713808676,2.1000787607675018
EFT:-20.910413465057804,-5.44852931511253,-14.56373600051963,22.98155662036544,-13.306877775716648,0.41196046043088824,-23.28724725215254,-9.92925343459098,0.13949459713808693,2.1000787607675
Random902
Raw:-20.9104134650578,-5.448529315112531,-14.563736000519627,22.98155662036544,-13.306877775716645,0.41196046043089285,-23.287247252152532,-9.929253434590978,0.13949459713808662,2.1000787607674987
EFT:-20.910413465057804,-5.44852931511253,-14.56373600051963,22.98155662036544,-13.306877775716648,0.41196046043088835,-23.287247252152543,-9.92925343459098,0.13949459713808685,2.1000787607675
Random903
Raw:-20.910413465057797,-5.4485293151125225,-14.563736000519627,22.98155662036543,-13.306877775716645,0.41196046043088863,-23.28724725215254,-9.92925343459097,0.13949459713808365,2.100078760767499
EFT:-20.910413465057804,-5.44852931511253,-14.56373600051963,22.98155662036544,-13.306877775716648,0.41196046043088824,-23.28724725215254,-9.92925343459098,0.13949459713808693,2.1000787607675
Random904
Raw:-20.910413465057804,-5.44852931511253,-14.563736000519624,22.981556620365442,-13.30687777571665,0.41196046043088785,-23.287247252152532,-9.929253434590981,0.13949459713809276,2.1000787607674947
EFT:-20.910413465057804,-5.44852931511253,-14.56373600051963,22.98155662036544,-13.306877775716648,0.4119604604308883,-23.28724725215254,-9.92925343459098,0.13949459713808693,2.1000787607675
Random905
Raw:-20.910413465057797,-5.448529315112527,-14.56373600051963,22.98155662036544,-13.30687777571665,0.4119604604308873,-23.28724725215254,-9.929253434590981,0.13949459713808587,2.100078760767497
EFT:-20.910413465057804,-5.44852931511253,-14.56373600051963,22.98155662036544,-13.306877775716648,0.4119604604308883,-23.28724725215254,-9.92925343459098,0.13949459713808693,2.1000787607675
Random906
Raw:-20.910413465057793,-5.448529315112531,-14.563736000519622,22.98155662036544,-13.306877775716648,0.4119604604308856,-23.287247252152536,-9.92925343459098,0.13949459713808904,2.100078760767498
EFT:-20.910413465057804,-5.44852931511253,-14.56373600051963,22.981556620365442,-13.306877775716647,0.41196046043088813,-23.28724725215254,-9.92925343459098,0.1394945971380867,2.1000787607675
Random907
Raw:-20.910413465057804,-5.448529315112526,-14.563736000519622,22.981556620365435,-13.306877775716654,0.4119604604308842,-23.287247252152543,-9.929253434590978,0.13949459713808454,2.1000787607674987
EFT:-20.910413465057804,-5.44852931511253,-14.56373600051963,22.98155662036544,-13.306877775716647,0.41196046043088824,-23.28724725215254,-9.92925343459098,0.13949459713808682,2.1000787607675
Random908
Raw:-20.9104134650578,-5.448529315112529,-14.563736000519627,22.981556620365446,-13.306877775716645,0.4119604604308825,-23.287247252152536,-9.92925343459098,0.13949459713808526,2.100078760767497
EFT:-20.910413465057804,-5.44852931511253,-14.56373600051963,22.981556620365442,-13.306877775716648,0.4119604604308882,-23.287247252152543,-9.92925343459098,0.13949459713808682,2.1000787607675
Random909
Raw:-20.91041346505781,-5.44852931511253,-14.563736000519627,22.981556620365442,-13.306877775716648,0.4119604604308871,-23.287247252152543,-9.929253434590972,0.13949459713808454,2.1000787607674987
EFT:-20.910413465057804,-5.44852931511253,-14.56373600051963,22.98155662036544,-13.306877775716648,0.41196046043088824,-23.287247252152543,-9.92925343459098,0.13949459713808673,2.1000787607675
Random910
Raw:-20.9104134650578,-5.448529315112525,-14.56373600051962,22.981556620365435,-13.306877775716647,0.4119604604308878,-23.28724725215254,-9.929253434590976,0.1394945971380903,2.1000787607674987
EFT:-20.910413465057804,-5.44852931511253,-14.56373600051963,22.98155662036544,-13.306877775716647,0.4119604604308883,-23.287247252152543,-9.92925343459098,0.13949459713808673,2.1000787607675
Random911
Raw:-20.91041346505779,-5.448529315112528,-14.563736000519626,22.98155662036543,-13.306877775716643,0.4119604604308831,-23.287247252152536,-9.929253434590983,0.1394945971380932,2.100078760767498
EFT:-20.910413465057804,-5.44852931511253,-14.56373600051963,22.981556620365442,-13.306877775716647,0.41196046043088813,-23.28724725215254,-9.92925343459098,0.1394945971380867,2.1000787607675
Random912
Raw:-20.910413465057797,-5.448529315112531,-14.563736000519624,22.981556620365442,-13.306877775716643,0.4119604604308835,-23.287247252152543,-9.929253434590978,0.13949459713808632,2.1000787607674996
EFT:-20.910413465057804,-5.44852931511253,-14.56373600051963,22.981556620365442,-13.306877775716647,0.41196046043088813,-23.287247252152543,-9.92925343459098,0.1394945971380865,2.1000787607675
Random913
Raw:-20.910413465057804,-5.4485293151125305,-14.563736000519627,22.981556620365442,-13.306877775716643,0.41196046043088397,-23.287247252152543,-9.92925343459097,0.13949459713808232,2.100078760767496
EFT:-20.910413465057804,-5.44852931511253,-14.56373600051963,22.981556620365442,-13.306877775716647,0.4119604604308881,-23.287247252152543,-9.92925343459098,0.1394945971380866,2.1000787607675
Random914
Raw:-20.910413465057804,-5.4485293151125305,-14.563736000519626,22.981556620365442,-13.306877775716647,0.41196046043088486,-23.287247252152543,-9.929253434590978,0.13949459713808832,2.1000787607674933
EFT:-20.910413465057804,-5.44852931511253,-14.56373600051963,22.981556620365442,-13.306877775716647,0.41196046043088813,-23.28724725215254,-9.92925343459098,0.1394945971380867,2.1000787607675
Random915
Raw:-20.910413465057797,-5.44852931511253,-14.563736000519627,22.981556620365435,-13.306877775716645,0.41196046043088086,-23.287247252152536,-9.929253434590981,0.13949459713808834,2.1000787607674987
EFT:-20.910413465057804,-5.44852931511253,-14.56373600051963,22.98155662036544,-13.306877775716648,0.41196046043088824,-23.287247252152543,-9.92925343459098,0.13949459713808673,2.1000787607675
Random916
Raw:-20.910413465057797,-5.448529315112528,-14.563736000519626,22.98155662036544,-13.30687777571665,0.4119604604308862,-23.287247252152536,-9.929253434590976,0.13949459713808554,2.1000787607674973
EFT:-20.910413465057804,-5.44852931511253,-14.56373600051963,22.98155662036544,-13.306877775716647,0.4119604604308882,-23.28724725215254,-9.92925343459098,0.1394945971380867,2.1000787607675
Random917
Raw:-20.910413465057793,-5.448529315112528,-14.563736000519624,22.981556620365435,-13.306877775716645,0.4119604604308872,-23.28724725215253,-9.92925343459098,0.13949459713808632,2.100078760767498
EFT:-20.910413465057804,-5.44852931511253,-14.56373600051963,22.981556620365442,-13.306877775716647,0.4119604604308881,-23.287247252152543,-9.92925343459098,0.1394945971380866,2.1000787607675
Random918
Raw:-20.910413465057804,-5.448529315112528,-14.56373600051963,22.98155662036544,-13.306877775716645,0.41196046043088663,-23.287247252152543,-9.929253434590983,0.13949459713808943,2.1000787607674987
EFT:-20.910413465057804,-5.44852931511253,-14.56373600051963,22.98155662036544,-13.306877775716647,0.4119604604308882,-23.28724725215254,-9.92925343459098,0.1394945971380867,2.1000787607675
Random919
Raw:-20.910413465057808,-5.448529315112528,-14.563736000519624,22.981556620365442,-13.30687777571664,0.4119604604308851,-23.287247252152543,-9.929253434590976,0.13949459713808476,2.1000787607674996
EFT:-20.910413465057804,-5.44852931511253,-14.56373600051963,22.98155662036544,-13.306877775716648,0.4119604604308883,-23.287247252152543,-9.92925343459098,0.13949459713808685,2.1000787607675
Random920
Raw:-20.9104134650578,-5.44852931511253,-14.563736000519624,22.981556620365435,-13.306877775716641,0.4119604604308813,-23.28724725215254,-9.92925343459098,0.13949459713808765,2.100078760767499
EFT:-20.910413465057804,-5.44852931511253,-14.56373600051963,22.98155662036544,-13.306877775716647,0.4119604604308882,-23.287247252152543,-9.92925343459098,0.13949459713808662,2.1000787607675
Random921
Raw:-20.910413465057797,-5.448529315112527,-14.56373600051963,22.981556620365435,-13.306877775716641,0.41196046043088574,-23.287247252152543,-9.929253434590976,0.13949459713808418,2.100078760767503
EFT:-20.910413465057804,-5.44852931511253,-14.56373600051963,22.98155662036544,-13.306877775716648,0.4119604604308884,-23.287247252152543,-9.92925343459098,0.13949459713808696,2.1000787607675
Random922
Raw:-20.9104134650578,-5.448529315112531,-14.563736000519622,22.981556620365435,-13.306877775716647,0.4119604604308855,-23.287247252152532,-9.929253434590978,0.13949459713808826,2.1000787607675
EFT:-20.910413465057804,-5.44852931511253,-14.56373600051963,22.98155662036544,-13.306877775716648,0.4119604604308883,-23.287247252152543,-9.92925343459098,0.13949459713808685,2.1000787607675
Random923
Raw:-20.910413465057797,-5.448529315112524,-14.563736000519619,22.981556620365435,-13.306877775716641,0.4119604604308804,-23.287247252152536,-9.92925343459097,0.13949459713808077,2.1000787607674924
EFT:-20.910413465057804,-5.44852931511253,-14.56373600051963,22.981556620365442,-13.306877775716647,0.4119604604308881,-23.287247252152543,-9.92925343459098,0.1394945971380866,2.1000787607675
Random924
Raw:-20.910413465057804,-5.448529315112535,-14.563736000519627,22.98155662036544,-13.306877775716643,0.4119604604308852,-23.287247252152543,-9.929253434590978,0.13949459713809043,2.1000787607675027
EFT:-20.910413465057804,-5.44852931511253,-14.56373600051963,22.981556620365442,-13.306877775716647,0.41196046043088813,-23.28724725215254,-9.92925343459098,0.1394945971380867,2.1000787607675
Random925
Raw:-20.910413465057797,-5.448529315112537,-14.563736000519624,22.981556620365442,-13.306877775716643,0.41196046043087914,-23.287247252152543,-9.929253434590978,0.13949459713808732,2.100078760767501
EFT:-20.910413465057804,-5.44852931511253,-14.56373600051963,22.98155662036544,-13.306877775716648,0.41196046043088824,-23.287247252152543,-9.92925343459098,0.13949459713808673,2.1000787607675
Random926
Raw:-20.910413465057804,-5.448529315112529,-14.563736000519627,22.981556620365446,-13.30687777571665,0.4119604604308821,-23.28724725215254,-9.929253434590978,0.13949459713808576,2.100078760767498
EFT:-20.910413465057804,-5.44852931511253,-14.56373600051963,22.98155662036544,-13.306877775716647,0.41196046043088824,-23.28724725215254,-9.92925343459098,0.13949459713808682,2.1000787607675
Random927
Raw:-20.910413465057804,-5.448529315112527,-14.563736000519624,22.98155662036544,-13.306877775716648,0.4119604604308881,-23.287247252152543,-9.929253434590986,0.13949459713808782,2.1000787607675044
EFT:-20.910413465057804,-5.44852931511253,-14.56373600051963,22.981556620365442,-13.306877775716647,0.4119604604308881,-23.287247252152543,-9.92925343459098,0.1394945971380866,2.1000787607675
Random928
Raw:-20.9104134650578,-5.448529315112532,-14.563736000519633,22.981556620365446,-13.306877775716647,0.4119604604308834,-23.28724725215254,-9.929253434590972,0.13949459713808565,2.1000787607674996
EFT:-20.910413465057804,-5.44852931511253,-14.56373600051963,22.98155662036544,-13.306877775716647,0.4119604604308883,-23.287247252152543,-9.92925343459098,0.13949459713808673,2.1000787607675
Random929
Raw:-20.9104134650578,-5.448529315112534,-14.563736000519622,22.981556620365442,-13.306877775716643,0.41196046043088386,-23.28724725215254,-9.929253434590976,0.13949459713808432,2.1000787607675004
EFT:-20.910413465057804,-5.44852931511253,-14.56373600051963,22.98155662036544,-13.306877775716648,0.4119604604308883,-23.287247252152543,-9.92925343459098,0.13949459713808685,2.1000787607675
Random930
Raw:-20.910413465057808,-5.448529315112529,-14.563736000519631,22.981556620365442,-13.306877775716643,0.41196046043088885,-23.287247252152532,-9.929253434590981,0.1394945971380882,2.1000787607675027
EFT:-20.910413465057804,-5.44852931511253,-14.56373600051963,22.98155662036544,-13.306877775716648,0.41196046043088835,-23.287247252152543,-9.92925343459098,0.13949459713808685,2.1000787607675
Random931
Raw:-20.910413465057797,-5.448529315112535,-14.563736000519615,22.981556620365442,-13.306877775716647,0.4119604604308824,-23.287247252152543,-9.929253434590976,0.13949459713808943,2.1000787607675027
EFT:-20.910413465057804,-5.44852931511253,-14.56373600051963,22.98155662036544,-13.306877775716647,0.4119604604308882,-23.287247252152543,-9.92925343459098,0.13949459713808662,2.1000787607675
Random932
Raw:-20.910413465057804,-5.448529315112525,-14.563736000519622,22.98155662036544,-13.306877775716645,0.41196046043088663,-23.28724725215254,-9.929253434590974,0.13949459713807952,2.1000787607674973
EFT:-20.910413465057804,-5.44852931511253,-14.56373600051963,22.98155662036544,-13.306877775716648,0.41196046043088824,-23.28724725215254,-9.92925343459098,0.13949459713808693,2.1000787607675
Random933
Raw:-20.910413465057808,-5.448529315112528,-14.563736000519624,22.981556620365435,-13.306877775716648,0.41196046043088314,-23.287247252152532,-9.929253434590981,0.13949459713809254,2.1000787607674947
EFT:-20.910413465057804,-5.44852931511253,-14.56373600051963,22.981556620365442,-13.306877775716647,0.4119604604308881,-23.287247252152543,-9.92925343459098,0.1394945971380866,2.1000787607675
Random934
Raw:-20.910413465057793,-5.4485293151125305,-14.563736000519627,22.981556620365435,-13.306877775716648,0.41196046043088697,-23.287247252152543,-9.929253434590981,0.1394945971380918,2.100078760767503
EFT:-20.910413465057804,-5.44852931511253,-14.56373600051963,22.98155662036544,-13.306877775716648,0.4119604604308883,-23.287247252152543,-9.92925343459098,0.13949459713808685,2.1000787607675
Random935
Raw:-20.9104134650578,-5.448529315112527,-14.563736000519619,22.98155662036543,-13.306877775716643,0.41196046043088086,-23.287247252152536,-9.929253434590976,0.13949459713808546,2.1000787607674973
EFT:-20.910413465057804,-5.44852931511253,-14.56373600051963,22.98155662036544,-13.306877775716648,0.4119604604308883,-23.287247252152543,-9.92925343459098,0.13949459713808685,2.1000787607675
Random936
Raw:-20.910413465057793,-5.448529315112528,-14.563736000519619,22.98155662036544,-13.306877775716643,0.41196046043088497,-23.28724725215253,-9.929253434590972,0.13949459713808238,2.1000787607674924
EFT:-20.910413465057804,-5.44852931511253,-14.56373600051963,22.981556620365442,-13.306877775716647,0.41196046043088813,-23.287247252152543,-9.92925343459098,0.1394945971380865,2.1000787607675
Random937
Raw:-20.910413465057797,-5.448529315112527,-14.56373600051963,22.981556620365424,-13.306877775716643,0.41196046043088663,-23.28724725215254,-9.929253434590981,0.13949459713809098,2.1000787607675027
EFT:-20.910413465057804,-5.44852931511253,-14.56373600051963,22.981556620365442,-13.306877775716647,0.41196046043088813,-23.28724725215254,-9.92925343459098,0.1394945971380867,2.1000787607675
Random938
Raw:-20.910413465057804,-5.448529315112526,-14.56373600051962,22.981556620365446,-13.306877775716648,0.4119604604308782,-23.287247252152536,-9.929253434590974,0.13949459713808232,2.1000787607674956
EFT:-20.910413465057804,-5.44852931511253,-14.56373600051963,22.98155662036544,-13.306877775716648,0.41196046043088824,-23.287247252152543,-9.92925343459098,0.13949459713808673,2.1000787607675
Random939
Raw:-20.910413465057804,-5.448529315112529,-14.563736000519626,22.981556620365446,-13.306877775716648,0.4119604604308841,-23.287247252152536,-9.929253434590981,0.13949459713809031,2.1000787607674933
EFT:-20.910413465057804,-5.44852931511253,-14.56373600051963,22.981556620365442,-13.306877775716648,0.4119604604308882,-23.287247252152543,-9.92925343459098,0.13949459713808682,2.1000787607675
Random940
Raw:-20.9104134650578,-5.448529315112528,-14.563736000519627,22.981556620365446,-13.306877775716647,0.4119604604308823,-23.287247252152543,-9.929253434590974,0.139494597138084,2.1000787607674956
EFT:-20.910413465057804,-5.44852931511253,-14.56373600051963,22.981556620365442,-13.306877775716648,0.4119604604308882,-23.287247252152543,-9.92925343459098,0.13949459713808682,2.1000787607675
Random941
Raw:-20.910413465057808,-5.4485293151125305,-14.563736000519633,22.981556620365442,-13.306877775716647,0.41196046043088885,-23.28724725215254,-9.929253434590981,0.1394945971380872,2.1000787607675
EFT:-20.910413465057804,-5.44852931511253,-14.56373600051963,22.98155662036544,-13.306877775716648,0.41196046043088835,-23.287247252152543,-9.92925343459098,0.13949459713808685,2.1000787607675
Random942
Raw:-20.9104134650578,-5.448529315112526,-14.56373600051962,22.981556620365442,-13.306877775716643,0.4119604604308844,-23.28724725215254,-9.92925343459097,0.13949459713808365,2.100078760767494
EFT:-20.910413465057804,-5.44852931511253,-14.56373600051963,22.98155662036544,-13.306877775716648,0.4119604604308883,-23.28724725215254,-9.92925343459098,0.13949459713808693,2.1000787607675
Random943
Raw:-20.910413465057804,-5.4485293151125305,-14.563736000519626,22.98155662036543,-13.30687777571664,0.41196046043088597,-23.287247252152547,-9.929253434590981,0.13949459713809076,2.1000787607675044
EFT:-20.910413465057804,-5.44852931511253,-14.56373600051963,22.98155662036544,-13.306877775716647,0.41196046043088824,-23.287247252152543,-9.92925343459098,0.13949459713808662,2.1000787607675
Random944
Raw:-20.910413465057804,-5.448529315112531,-14.563736000519627,22.98155662036545,-13.306877775716652,0.4119604604308791,-23.28724725215255,-9.929253434590976,0.13949459713808765,2.100078760767494
EFT:-20.910413465057804,-5.44852931511253,-14.56373600051963,22.98155662036544,-13.306877775716648,0.4119604604308884,-23.287247252152543,-9.92925343459098,0.13949459713808696,2.1000787607675
Random945
Raw:-20.910413465057797,-5.44852931511253,-14.563736000519626,22.981556620365435,-13.306877775716647,0.411960460430891,-23.287247252152532,-9.929253434590974,0.13949459713808554,2.100078760767496
EFT:-20.910413465057804,-5.44852931511253,-14.56373600051963,22.98155662036544,-13.306877775716647,0.41196046043088824,-23.287247252152543,-9.92925343459098,0.13949459713808662,2.1000787607675
Random946
Raw:-20.9104134650578,-5.448529315112534,-14.563736000519619,22.98155662036544,-13.306877775716648,0.41196046043087464,-23.287247252152543,-9.929253434590978,0.13949459713809037,2.1000787607674947
EFT:-20.910413465057804,-5.44852931511253,-14.56373600051963,22.981556620365442,-13.306877775716647,0.41196046043088813,-23.28724725215254,-9.92925343459098,0.1394945971380867,2.1000787607675
Random947
Raw:-20.910413465057804,-5.4485293151125305,-14.563736000519627,22.98155662036544,-13.306877775716638,0.411960460430878,-23.28724725215255,-9.929253434590974,0.13949459713808343,2.100078760767502
EFT:-20.910413465057804,-5.44852931511253,-14.56373600051963,22.98155662036544,-13.306877775716648,0.4119604604308884,-23.287247252152543,-9.92925343459098,0.13949459713808696,2.1000787607675
Random948
Raw:-20.910413465057797,-5.4485293151125305,-14.563736000519627,22.981556620365435,-13.306877775716643,0.41196046043088896,-23.28724725215254,-9.929253434590978,0.13949459713808676,2.1000787607675
EFT:-20.910413465057804,-5.44852931511253,-14.56373600051963,22.98155662036544,-13.306877775716647,0.4119604604308882,-23.287247252152543,-9.92925343459098,0.13949459713808662,2.1000787607675
Random949
Raw:-20.910413465057797,-5.44852931511253,-14.563736000519627,22.981556620365435,-13.30687777571664,0.41196046043088236,-23.287247252152536,-9.929253434590974,0.13949459713808232,2.1000787607674973
EFT:-20.910413465057804,-5.44852931511253,-14.56373600051963,22.98155662036544,-13.306877775716648,0.4119604604308883,-23.287247252152543,-9.92925343459098,0.13949459713808685,2.1000787607675
Random950
Raw:-20.910413465057808,-5.448529315112533,-14.56373600051963,22.981556620365442,-13.306877775716643,0.41196046043088375,-23.287247252152547,-9.929253434590974,0.13949459713808687,2.100078760767499
EFT:-20.910413465057804,-5.44852931511253,-14.56373600051963,22.98155662036544,-13.306877775716648,0.41196046043088824,-23.28724725215254,-9.92925343459098,0.13949459713808693,2.1000787607675
Random951
Raw:-20.910413465057797,-5.448529315112531,-14.563736000519626,22.981556620365442,-13.30687777571664,0.4119604604308844,-23.287247252152543,-9.929253434590978,0.13949459713808832,2.1000787607674996
EFT:-20.910413465057804,-5.44852931511253,-14.56373600051963,22.981556620365442,-13.306877775716647,0.4119604604308881,-23.287247252152543,-9.92925343459098,0.1394945971380866,2.1000787607675
Random952
Raw:-20.910413465057808,-5.448529315112527,-14.563736000519633,22.981556620365453,-13.306877775716652,0.4119604604308852,-23.287247252152543,-9.929253434590974,0.1394945971380807,2.1000787607674987
EFT:-20.910413465057804,-5.44852931511253,-14.56373600051963,22.981556620365442,-13.306877775716647,0.41196046043088813,-23.28724725215254,-9.92925343459098,0.1394945971380867,2.1000787607675
Random953
Raw:-20.910413465057793,-5.4485293151125305,-14.563736000519626,22.98155662036544,-13.306877775716643,0.41196046043088574,-23.287247252152547,-9.929253434590976,0.13949459713808654,2.1000787607675013
EFT:-20.910413465057804,-5.44852931511253,-14.56373600051963,22.981556620365442,-13.306877775716647,0.4119604604308881,-23.287247252152543,-9.92925343459098,0.1394945971380866,2.1000787607675
Random954
Raw:-20.9104134650578,-5.448529315112534,-14.563736000519627,22.981556620365446,-13.306877775716643,0.41196046043088597,-23.28724725215255,-9.929253434590981,0.13949459713808743,2.1000787607675067
EFT:-20.910413465057804,-5.44852931511253,-14.56373600051963,22.98155662036544,-13.306877775716648,0.4119604604308883,-23.287247252152543,-9.92925343459098,0.13949459713808685,2.1000787607675
Random955
Raw:-20.910413465057797,-5.448529315112529,-14.563736000519624,22.981556620365442,-13.306877775716645,0.4119604604308802,-23.287247252152536,-9.929253434590976,0.13949459713808726,2.1000787607674947
EFT:-20.910413465057804,-5.44852931511253,-14.56373600051963,22.981556620365442,-13.306877775716647,0.4119604604308881,-23.287247252152543,-9.92925343459098,0.1394945971380866,2.1000787607675
Random956
Raw:-20.910413465057804,-5.44852931511253,-14.563736000519626,22.98155662036544,-13.306877775716643,0.41196046043088785,-23.28724725215254,-9.92925343459098,0.13949459713809093,2.1000787607675
EFT:-20.910413465057804,-5.44852931511253,-14.56373600051963,22.98155662036544,-13.306877775716647,0.4119604604308882,-23.287247252152543,-9.92925343459098,0.13949459713808662,2.1000787607675
Random957
Raw:-20.9104134650578,-5.448529315112533,-14.563736000519622,22.98155662036545,-13.306877775716648,0.411960460430884,-23.28724725215254,-9.929253434590976,0.13949459713808543,2.1000787607674947
EFT:-20.910413465057804,-5.44852931511253,-14.56373600051963,22.98155662036544,-13.306877775716647,0.4119604604308883,-23.287247252152543,-9.92925343459098,0.13949459713808673,2.1000787607675
Random958
Raw:-20.910413465057797,-5.44852931511253,-14.563736000519624,22.981556620365442,-13.306877775716643,0.41196046043088597,-23.28724725215254,-9.929253434590981,0.13949459713808632,2.1000787607675004
EFT:-20.910413465057804,-5.44852931511253,-14.56373600051963,22.98155662036544,-13.306877775716648,0.41196046043088835,-23.287247252152543,-9.92925343459098,0.13949459713808685,2.1000787607675
Random959
Raw:-20.910413465057797,-5.448529315112532,-14.563736000519624,22.98155662036544,-13.306877775716647,0.41196046043088175,-23.287247252152543,-9.929253434590985,0.13949459713808676,2.1000787607675027
EFT:-20.910413465057804,-5.44852931511253,-14.56373600051963,22.98155662036544,-13.306877775716648,0.41196046043088824,-23.287247252152543,-9.92925343459098,0.13949459713808673,2.1000787607675
Random960
Raw:-20.9104134650578,-5.448529315112524,-14.563736000519624,22.98155662036544,-13.306877775716645,0.41196046043088,-23.287247252152543,-9.929253434590981,0.13949459713808782,2.1000787607674987
EFT:-20.910413465057804,-5.44852931511253,-14.56373600051963,22.981556620365442,-13.306877775716647,0.4119604604308881,-23.287247252152543,-9.92925343459098,0.1394945971380866,2.1000787607675
Random961
Raw:-20.910413465057797,-5.4485293151125225,-14.563736000519626,22.98155662036544,-13.30687777571664,0.41196046043088563,-23.28724725215254,-9.929253434590974,0.13949459713808207,2.1000787607674933
EFT:-20.910413465057804,-5.44852931511253,-14.56373600051963,22.981556620365442,-13.306877775716647,0.4119604604308881,-23.287247252152543,-9.92925343459098,0.1394945971380866,2.1000787607675
Random962
Raw:-20.910413465057808,-5.448529315112527,-14.563736000519627,22.981556620365442,-13.306877775716645,0.41196046043088597,-23.28724725215254,-9.929253434590985,0.13949459713808765,2.1000787607675
EFT:-20.910413465057804,-5.44852931511253,-14.56373600051963,22.98155662036544,-13.306877775716648,0.41196046043088824,-23.28724725215254,-9.92925343459098,0.13949459713808693,2.1000787607675
Random963
Raw:-20.910413465057804,-5.44852931511253,-14.563736000519627,22.981556620365442,-13.306877775716643,0.4119604604308835,-23.287247252152536,-9.929253434590981,0.13949459713809093,2.1000787607675018
EFT:-20.910413465057804,-5.44852931511253,-14.56373600051963,22.98155662036544,-13.306877775716648,0.41196046043088824,-23.287247252152543,-9.92925343459098,0.13949459713808673,2.1000787607675
Random964
Raw:-20.910413465057793,-5.448529315112527,-14.563736000519626,22.981556620365428,-13.306877775716643,0.4119604604308871,-23.28724725215253,-9.929253434590974,0.13949459713808898,2.100078760767494
EFT:-20.910413465057804,-5.44852931511253,-14.56373600051963,22.981556620365442,-13.306877775716647,0.4119604604308881,-23.287247252152543,-9.92925343459098,0.1394945971380866,2.1000787607675
Random965
Raw:-20.9104134650578,-5.4485293151125305,-14.563736000519627,22.98155662036544,-13.306877775716641,0.41196046043087964,-23.287247252152543,-9.92925343459098,0.1394945971380866,2.1000787607674987
EFT:-20.910413465057804,-5.44852931511253,-14.56373600051963,22.98155662036544,-13.306877775716647,0.4119604604308882,-23.28724725215254,-9.92925343459098,0.1394945971380867,2.1000787607675
Random966
Raw:-20.91041346505779,-5.44852931511253,-14.563736000519619,22.98155662036544,-13.306877775716645,0.4119604604308774,-23.287247252152543,-9.92925343459098,0.13949459713808998,2.1000787607674964
EFT:-20.910413465057804,-5.44852931511253,-14.56373600051963,22.98155662036544,-13.306877775716648,0.41196046043088835,-23.28724725215254,-9.92925343459098,0.13949459713808704,2.1000787607675
Random967
Raw:-20.910413465057804,-5.448529315112533,-14.563736000519627,22.98155662036544,-13.306877775716645,0.4119604604308831,-23.287247252152536,-9.929253434590981,0.1394945971380912,2.1000787607674973
EFT:-20.910413465057804,-5.44852931511253,-14.56373600051963,22.981556620365442,-13.306877775716647,0.41196046043088813,-23.28724725215254,-9.92925343459098,0.1394945971380867,2.1000787607675
Random968
Raw:-20.910413465057797,-5.4485293151125305,-14.563736000519631,22.981556620365435,-13.306877775716645,0.4119604604308869,-23.28724725215254,-9.929253434590978,0.13949459713808882,2.1000787607675
EFT:-20.910413465057804,-5.44852931511253,-14.56373600051963,22.981556620365442,-13.306877775716648,0.4119604604308882,-23.287247252152543,-9.92925343459098,0.13949459713808682,2.1000787607675
Random969
Raw:-20.910413465057797,-5.448529315112528,-14.563736000519627,22.981556620365435,-13.306877775716645,0.41196046043088674,-23.287247252152543,-9.92925343459098,0.1394945971380842,2.100078760767501
EFT:-20.910413465057804,-5.44852931511253,-14.56373600051963,22.98155662036544,-13.306877775716647,0.4119604604308882,-23.28724725215254,-9.92925343459098,0.1394945971380867,2.1000787607675
Random970
Raw:-20.9104134650578,-5.448529315112534,-14.563736000519631,22.98155662036544,-13.306877775716647,0.41196046043089096,-23.287247252152536,-9.929253434590983,0.13949459713808965,2.1000787607675
EFT:-20.910413465057804,-5.44852931511253,-14.56373600051963,22.98155662036544,-13.306877775716648,0.4119604604308884,-23.287247252152543,-9.92925343459098,0.13949459713808696,2.1000787607675
Random971
Raw:-20.91041346505779,-5.4485293151125305,-14.563736000519626,22.981556620365435,-13.306877775716645,0.41196046043088264,-23.28724725215254,-9.929253434590988,0.13949459713808976,2.1000787607675013
EFT:-20.910413465057804,-5.44852931511253,-14.56373600051963,22.98155662036544,-13.306877775716648,0.41196046043088824,-23.287247252152543,-9.92925343459098,0.13949459713808673,2.1000787607675
Random972
Raw:-20.910413465057808,-5.448529315112527,-14.563736000519626,22.981556620365442,-13.30687777571665,0.41196046043088663,-23.28724725215254,-9.929253434590976,0.13949459713808365,2.100078760767495
EFT:-20.910413465057804,-5.44852931511253,-14.56373600051963,22.981556620365442,-13.306877775716647,0.4119604604308881,-23.287247252152543,-9.92925343459098,0.1394945971380866,2.1000787607675
Random973
Raw:-20.910413465057804,-5.448529315112528,-14.563736000519631,22.981556620365442,-13.306877775716645,0.41196046043089096,-23.28724725215255,-9.929253434590974,0.13949459713807988,2.1000787607675018
EFT:-20.910413465057804,-5.44852931511253,-14.56373600051963,22.98155662036544,-13.306877775716648,0.4119604604308883,-23.28724725215254,-9.92925343459098,0.13949459713808693,2.1000787607675
Random974
Raw:-20.910413465057797,-5.448529315112529,-14.563736000519635,22.98155662036544,-13.306877775716648,0.41196046043088885,-23.28724725215254,-9.929253434590978,0.13949459713808454,2.1000787607674973
EFT:-20.910413465057804,-5.44852931511253,-14.56373600051963,22.98155662036544,-13.306877775716648,0.41196046043088824,-23.28724725215254,-9.92925343459098,0.13949459713808693,2.1000787607675
Random975
Raw:-20.910413465057804,-5.448529315112528,-14.56373600051963,22.981556620365442,-13.306877775716647,0.41196046043088486,-23.287247252152547,-9.92925343459098,0.13949459713809076,2.100078760767501
EFT:-20.910413465057804,-5.44852931511253,-14.56373600051963,22.98155662036544,-13.306877775716648,0.41196046043088824,-23.287247252152543,-9.92925343459098,0.13949459713808673,2.1000787607675
Random976
Raw:-20.910413465057797,-5.448529315112534,-14.56373600051963,22.98155662036545,-13.306877775716638,0.41196046043088186,-23.287247252152547,-9.929253434590978,0.13949459713808762,2.100078760767505
EFT:-20.910413465057804,-5.44852931511253,-14.56373600051963,22.98155662036544,-13.306877775716648,0.41196046043088835,-23.287247252152543,-9.92925343459098,0.13949459713808685,2.1000787607675
Random977
Raw:-20.910413465057797,-5.4485293151125305,-14.563736000519626,22.98155662036545,-13.306877775716647,0.4119604604308845,-23.287247252152547,-9.929253434590981,0.13949459713808737,2.100078760767497
EFT:-20.910413465057804,-5.44852931511253,-14.56373600051963,22.98155662036544,-13.306877775716648,0.4119604604308883,-23.28724725215254,-9.92925343459098,0.13949459713808693,2.1000787607675
Random978
Raw:-20.9104134650578,-5.4485293151125305,-14.563736000519615,22.981556620365442,-13.306877775716645,0.4119604604308822,-23.287247252152547,-9.929253434590972,0.13949459713808365,2.100078760767499
EFT:-20.910413465057804,-5.44852931511253,-14.56373600051963,22.98155662036544,-13.306877775716647,0.4119604604308882,-23.287247252152543,-9.92925343459098,0.13949459713808662,2.1000787607675
Random979
Raw:-20.91041346505779,-5.4485293151125305,-14.563736000519627,22.98155662036543,-13.306877775716647,0.4119604604308874,-23.287247252152532,-9.929253434590978,0.13949459713808837,2.100078760767498
EFT:-20.910413465057804,-5.44852931511253,-14.56373600051963,22.98155662036544,-13.306877775716647,0.4119604604308882,-23.287247252152543,-9.92925343459098,0.13949459713808662,2.1000787607675
Random980
Raw:-20.910413465057804,-5.44852931511253,-14.56373600051963,22.981556620365446,-13.306877775716648,0.4119604604308817,-23.28724725215255,-9.929253434590978,0.13949459713808168,2.100078760767499
EFT:-20.910413465057804,-5.44852931511253,-14.56373600051963,22.981556620365442,-13.306877775716648,0.4119604604308882,-23.287247252152543,-9.92925343459098,0.13949459713808682,2.1000787607675
Random981
Raw:-20.910413465057793,-5.448529315112523,-14.56373600051962,22.981556620365435,-13.306877775716648,0.4119604604308803,-23.287247252152543,-9.929253434590976,0.13949459713808499,2.100078760767492
EFT:-20.910413465057804,-5.44852931511253,-14.56373600051963,22.981556620365442,-13.306877775716647,0.4119604604308881,-23.287247252152543,-9.92925343459098,0.1394945971380866,2.1000787607675
Random982
Raw:-20.9104134650578,-5.448529315112526,-14.563736000519631,22.98155662036544,-13.306877775716645,0.411960460430886,-23.287247252152532,-9.929253434590978,0.13949459713808693,2.1000787607674964
EFT:-20.910413465057804,-5.44852931511253,-14.56373600051963,22.981556620365442,-13.306877775716647,0.41196046043088813,-23.28724725215254,-9.92925343459098,0.1394945971380867,2.1000787607675
Random983
Raw:-20.9104134650578,-5.448529315112523,-14.56373600051962,22.981556620365442,-13.306877775716645,0.4119604604308835,-23.28724725215254,-9.92925343459098,0.13949459713808568,2.1000787607674956
EFT:-20.910413465057804,-5.44852931511253,-14.56373600051963,22.98155662036544,-13.306877775716648,0.41196046043088835,-23.287247252152543,-9.92925343459098,0.13949459713808685,2.1000787607675
Random984
Raw:-20.910413465057804,-5.44852931511253,-14.563736000519622,22.981556620365442,-13.30687777571665,0.4119604604308831,-23.287247252152532,-9.929253434590978,0.13949459713808499,2.100078760767497
EFT:-20.910413465057804,-5.44852931511253,-14.56373600051963,22.981556620365442,-13.306877775716647,0.4119604604308881,-23.287247252152543,-9.92925343459098,0.1394945971380866,2.1000787607675
Random985
Raw:-20.9104134650578,-5.448529315112526,-14.563736000519631,22.981556620365442,-13.306877775716645,0.41196046043088774,-23.28724725215254,-9.92925343459098,0.1394945971380872,2.1000787607675004
EFT:-20.910413465057804,-5.44852931511253,-14.56373600051963,22.981556620365442,-13.306877775716648,0.4119604604308882,-23.287247252152543,-9.92925343459098,0.13949459713808682,2.1000787607675
Random986
Raw:-20.910413465057793,-5.4485293151125305,-14.563736000519624,22.981556620365435,-13.306877775716645,0.4119604604308843,-23.287247252152532,-9.929253434590978,0.13949459713808932,2.1000787607674978
EFT:-20.910413465057804,-5.44852931511253,-14.56373600051963,22.98155662036544,-13.306877775716647,0.41196046043088824,-23.28724725215254,-9.92925343459098,0.13949459713808682,2.1000787607675
Random987
Raw:-20.910413465057797,-5.44852931511253,-14.563736000519626,22.98155662036544,-13.306877775716645,0.41196046043088835,-23.28724725215253,-9.929253434590978,0.13949459713808676,2.1000787607674987
EFT:-20.910413465057804,-5.44852931511253,-14.56373600051963,22.981556620365442,-13.306877775716647,0.41196046043088813,-23.28724725215254,-9.92925343459098,0.1394945971380867,2.1000787607675
Random988
Raw:-20.910413465057793,-5.44852931511253,-14.563736000519624,22.981556620365435,-13.306877775716645,0.41196046043087936,-23.287247252152547,-9.92925343459098,0.13949459713809065,2.100078760767497
EFT:-20.910413465057804,-5.44852931511253,-14.56373600051963,22.981556620365442,-13.306877775716648,0.4119604604308882,-23.287247252152543,-9.92925343459098,0.13949459713808682,2.1000787607675
Random989
Raw:-20.9104134650578,-5.448529315112524,-14.56373600051962,22.98155662036544,-13.306877775716645,0.4119604604308758,-23.28724725215253,-9.929253434590976,0.13949459713808654,2.1000787607674956
EFT:-20.910413465057804,-5.44852931511253,-14.56373600051963,22.98155662036544,-13.306877775716647,0.4119604604308882,-23.287247252152543,-9.92925343459098,0.13949459713808662,2.1000787607675
Random990
Raw:-20.910413465057804,-5.448529315112533,-14.563736000519624,22.981556620365442,-13.306877775716645,0.41196046043088763,-23.287247252152532,-9.929253434590976,0.13949459713808546,2.1000787607674987
EFT:-20.910413465057804,-5.44852931511253,-14.56373600051963,22.98155662036544,-13.306877775716648,0.4119604604308883,-23.287247252152543,-9.92925343459098,0.13949459713808685,2.1000787607675
Random991
Raw:-20.9104134650578,-5.448529315112526,-14.563736000519624,22.981556620365435,-13.306877775716643,0.4119604604308795,-23.287247252152543,-9.929253434590974,0.13949459713808499,2.1000787607674964
EFT:-20.910413465057804,-5.44852931511253,-14.56373600051963,22.981556620365442,-13.306877775716647,0.4119604604308881,-23.287247252152543,-9.92925343459098,0.1394945971380866,2.1000787607675
Random992
Raw:-20.910413465057793,-5.448529315112528,-14.563736000519624,22.98155662036543,-13.30687777571665,0.41196046043088486,-23.287247252152536,-9.92925343459098,0.13949459713808543,2.1000787607674956
EFT:-20.910413465057804,-5.44852931511253,-14.56373600051963,22.981556620365442,-13.306877775716647,0.41196046043088813,-23.28724725215254,-9.92925343459098,0.1394945971380867,2.1000787607675
Random993
Raw:-20.91041346505779,-5.448529315112532,-14.563736000519617,22.98155662036543,-13.306877775716643,0.41196046043087853,-23.287247252152532,-9.929253434590983,0.13949459713809226,2.100078760767503
EFT:-20.910413465057804,-5.44852931511253,-14.56373600051963,22.98155662036544,-13.306877775716647,0.4119604604308882,-23.28724725215254,-9.92925343459098,0.1394945971380867,2.1000787607675
Random994
Raw:-20.910413465057804,-5.4485293151125305,-14.56373600051963,22.981556620365442,-13.306877775716647,0.41196046043088885,-23.287247252152536,-9.929253434590981,0.13949459713808765,2.1000787607674987
EFT:-20.910413465057804,-5.44852931511253,-14.56373600051963,22.981556620365442,-13.306877775716647,0.4119604604308881,-23.287247252152543,-9.92925343459098,0.1394945971380866,2.1000787607675
Random995
Raw:-20.9104134650578,-5.448529315112527,-14.56373600051962,22.98155662036543,-13.306877775716648,0.4119604604308822,-23.287247252152543,-9.929253434590976,0.1394945971380872,2.100078760767495
EFT:-20.910413465057804,-5.44852931511253,-14.56373600051963,22.981556620365442,-13.306877775716648,0.4119604604308882,-23.287247252152543,-9.92925343459098,0.13949459713808682,2.1000787607675
Random996
Raw:-20.9104134650578,-5.448529315112536,-14.563736000519631,22.981556620365442,-13.306877775716648,0.4119604604308891,-23.287247252152543,-9.92925343459098,0.1394945971380846,2.1000787607674996
EFT:-20.910413465057804,-5.44852931511253,-14.56373600051963,22.981556620365442,-13.306877775716648,0.4119604604308882,-23.287247252152543,-9.92925343459098,0.13949459713808682,2.1000787607675
Random997
Raw:-20.910413465057804,-5.4485293151125305,-14.56373600051963,22.98155662036544,-13.306877775716645,0.41196046043088996,-23.28724725215254,-9.929253434590985,0.13949459713808965,2.100078760767501
EFT:-20.910413465057804,-5.44852931511253,-14.56373600051963,22.981556620365442,-13.306877775716647,0.41196046043088813,-23.287247252152543,-9.92925343459098,0.1394945971380865,2.1000787607675
Random998
Raw:-20.910413465057797,-5.4485293151125305,-14.56373600051963,22.981556620365435,-13.306877775716641,0.4119604604308883,-23.28724725215254,-9.929253434590974,0.13949459713808687,2.100078760767501
EFT:-20.910413465057804,-5.44852931511253,-14.56373600051963,22.98155662036544,-13.306877775716647,0.4119604604308882,-23.28724725215254,-9.92925343459098,0.1394945971380867,2.1000787607675
Random999
Raw:-20.910413465057793,-5.448529315112528,-14.563736000519626,22.98155662036544,-13.306877775716645,0.4119604604308833,-23.287247252152547,-9.929253434590974,0.13949459713808285,2.1000787607674987
EFT:-20.910413465057804,-5.44852931511253,-14.56373600051963,22.98155662036544,-13.306877775716647,0.4119604604308882,-23.287247252152543,-9.92925343459098,0.13949459713808662,2.1000787607675
Random1000
Raw:-20.910413465057797,-5.448529315112529,-14.563736000519624,22.981556620365446,-13.306877775716645,0.4119604604308791,-23.28724725215255,-9.929253434590976,0.13949459713808376,2.1000787607674987
EFT:-20.910413465057804,-5.44852931511253,-14.56373600051963,22.98155662036544,-13.306877775716648,0.41196046043088824,-23.28724725215254,-9.92925343459098,0.13949459713808693,2.1000787607675
