Ascend
Raw:54.57274,49.33648,46.01414,70.860245,47.225563,75.56728,44.995293,59.315704,55.185665,64.41662
EFT:54.572735,49.33648,46.014137,70.86023,47.225563,75.56728,44.995296,59.315704,55.18566,64.41662
Descend
Raw:54.57272,49.336464,46.01413,70.860214,47.22555,75.56726,44.995285,59.31569,55.185654,64.4166
EFT:54.572735,49.33648,46.014137,70.86023,47.225563,75.56728,44.995296,59.315704,55.18566,64.41662
Random1
Raw:54.572735,49.33647,46.014133,70.86023,47.225555,75.567276,44.995293,59.315697,55.185658,64.41661
EFT:54.572735,49.33648,46.014137,70.86023,47.225563,75.56728,44.995296,59.315704,55.18566,64.41662
Random2
Raw:54.57273,49.33648,46.014137,70.86023,47.225563,75.567276,44.995293,59.315704,55.185665,64.41662
EFT:54.572735,49.33648,46.014137,70.86023,47.225563,75.56728,44.995296,59.315704,55.18566,64.41662
Random3
Raw:54.572735,49.33647,46.014133,70.86023,47.225555,75.567276,44.995293,59.315697,55.185658,64.41661
EFT:54.572735,49.33648,46.014137,70.86023,47.225563,75.56728,44.995296,59.315704,55.18566,64.41662
Random4
Raw:54.57274,49.336483,46.014145,70.860245,47.225567,75.56729,44.9953,59.315712,55.185665,64.416626
EFT:54.572735,49.33648,46.014137,70.86023,47.225563,75.56728,44.995296,59.315704,55.18566,64.41662
Random5
Raw:54.572746,49.336487,46.014145,70.860245,47.22557,75.56729,44.995304,59.315712,55.185673,64.41663
EFT:54.572735,49.33648,46.014137,70.86023,47.225563,75.56728,44.995296,59.315704,55.18566,64.41662
Random6
Raw:54.57274,49.33648,46.01414,70.860245,47.225563,75.56728,44.995296,59.315704,55.185665,64.41662
EFT:54.572735,49.33648,46.014137,70.86023,47.225563,75.56728,44.995296,59.315704,55.18566,64.41662
Random7
Raw:54.572723,49.336468,46.01413,70.860214,47.225555,75.56727,44.995285,59.31569,55.185658,64.4166
EFT:54.572735,49.33648,46.014137,70.86023,47.225563,75.56728,44.995296,59.315704,55.18566,64.41662
Random8
Raw:54.572727,49.33647,46.014133,70.86023,47.22556,75.567276,44.995285,59.315697,55.185658,64.41661
EFT:54.572735,49.33648,46.014137,70.86023,47.225563,75.56728,44.995296,59.315704,55.18566,64.41662
Random9
Raw:54.57274,49.33648,46.014137,70.860245,47.225563,75.56728,44.995296,59.315704,55.185665,64.41662
EFT:54.572735,49.33648,46.014137,70.86023,47.225563,75.56728,44.995296,59.315704,55.18566,64.41662
Random10
Raw:54.572735,49.33648,46.014137,70.860245,47.225563,75.56728,44.995293,59.315704,55.18566,64.41662
EFT:54.572735,49.33648,46.014137,70.86023,47.225563,75.56728,44.995296,59.315704,55.18566,64.41662
Random11
Raw:54.572742,49.336487,46.014145,70.860245,47.22557,75.56729,44.995296,59.315712,55.18567,64.416626
EFT:54.572735,49.33648,46.014137,70.86023,47.225563,75.56728,44.995296,59.315704,55.18566,64.41662
Random12
Raw:54.572735,49.336475,46.014137,70.86023,47.225563,75.56728,44.995296,59.3157,55.185665,64.41662
EFT:54.572735,49.33648,46.014137,70.86023,47.225563,75.56728,44.995296,59.315704,55.18566,64.41662
Random13
Raw:54.572742,49.336487,46.014145,70.860245,47.22557,75.56729,44.9953,59.315712,55.18567,64.416626
EFT:54.572735,49.33648,46.014137,70.86023,47.225563,75.56728,44.995296,59.315704,55.18566,64.41662
Random14
Raw:54.572727,49.33647,46.01413,70.86023,47.225555,75.56727,44.995285,59.315693,55.185658,64.4166
EFT:54.572735,49.33648,46.014137,70.86023,47.225563,75.56728,44.995296,59.315704,55.18566,64.41662
Random15
Raw:54.57272,49.336464,46.014126,70.860214,47.225548,75.56726,44.99528,59.315685,55.18565,64.4166
EFT:54.572735,49.33648,46.014137,70.86023,47.225563,75.56728,44.995296,59.315704,55.18566,64.41662
Random16
Raw:54.572735,49.33648,46.014137,70.86023,47.225563,75.56728,44.995293,59.315704,55.185665,64.41662
EFT:54.572735,49.33648,46.014137,70.86023,47.225563,75.56728,44.995296,59.315704,55.18566,64.41662
Random17
Raw:54.57274,49.33648,46.01414,70.860245,47.225563,75.56728,44.995293,59.315704,55.185665,64.41662
EFT:54.572735,49.33648,46.014137,70.86023,47.225563,75.56728,44.995296,59.315704,55.18566,64.41662
Random18
Raw:54.572746,49.336487,46.01415,70.86026,47.22557,75.5673,44.9953,59.315712,55.185673,64.41663
EFT:54.572735,49.33648,46.014137,70.86023,47.225563,75.56728,44.995296,59.315704,55.18566,64.41662
Random19
Raw:54.57274,49.33648,46.01414,70.860245,47.225563,75.56728,44.995293,59.315704,55.185665,64.41662
EFT:54.572735,49.33648,46.014137,70.86023,47.225563,75.56728,44.995296,59.315704,55.18566,64.41662
Random20
Raw:54.572735,49.33648,46.01414,70.860245,47.225563,75.56728,44.995296,59.31571,55.185665,64.416626
EFT:54.572735,49.33648,46.014137,70.86023,47.225563,75.56728,44.995296,59.315704,55.18566,64.41662
Random21
Raw:54.572727,49.336475,46.014137,70.86023,47.225563,75.567276,44.99529,59.3157,55.18566,64.41662
EFT:54.572735,49.33648,46.014137,70.86023,47.225563,75.56728,44.995296,59.315704,55.18566,64.41662
Random22
Raw:54.572727,49.33647,46.014133,70.86023,47.22556,75.56727,44.99529,59.315697,55.185658,64.41662
EFT:54.572735,49.33648,46.014137,70.86023,47.225563,75.56728,44.995296,59.315704,55.18566,64.41662
Random23
Raw:54.57274,49.33648,46.01414,70.860245,47.225563,75.56728,44.995293,59.315704,55.185665,64.41662
EFT:54.572735,49.33648,46.014137,70.86023,47.225563,75.56728,44.995296,59.315704,55.18566,64.41662
Random24
Raw:54.572735,49.33648,46.014137,70.860245,47.225563,75.56728,44.995293,59.315704,55.18566,64.41662
EFT:54.572735,49.33648,46.014137,70.86023,47.225563,75.56728,44.995296,59.315704,55.18566,64.41662
Random25
Raw:54.57272,49.336464,46.014126,70.860214,47.225548,75.56726,44.99528,59.315685,55.18565,64.4166
EFT:54.572735,49.33648,46.014137,70.86023,47.225563,75.56728,44.995296,59.315704,55.18566,64.41662
Random26
Raw:54.572742,49.336483,46.014145,70.860245,47.225567,75.56729,44.995296,59.31571,55.18567,64.416626
EFT:54.572735,49.33648,46.014137,70.86023,47.225563,75.56728,44.995296,59.315704,55.18566,64.41662
Random27
Raw:54.572727,49.336475,46.014137,70.86023,47.225563,75.567276,44.99529,59.3157,55.18566,64.41662
EFT:54.572735,49.33648,46.014137,70.86023,47.225563,75.56728,44.995296,59.315704,55.18566,64.41662
Random28
Raw:54.572742,49.336487,46.014145,70.860245,47.22557,75.56729,44.9953,59.315712,55.18567,64.41663
EFT:54.572735,49.33648,46.014137,70.86023,47.225563,75.56728,44.995296,59.315704,55.18566,64.41662
Random29
Raw:54.572742,49.336487,46.014145,70.860245,47.22557,75.56729,44.9953,59.315712,55.18567,64.41663
EFT:54.572735,49.33648,46.014137,70.86023,47.225563,75.56728,44.995296,59.315704,55.18566,64.41662
Random30
Raw:54.57274,49.33648,46.01414,70.860245,47.225563,75.56728,44.995296,59.315704,55.185665,64.416626
EFT:54.572735,49.33648,46.014137,70.86023,47.225563,75.56728,44.995296,59.315704,55.18566,64.41662
Random31
Raw:54.572735,49.33648,46.014137,70.86023,47.225563,75.56728,44.995293,59.315704,55.185665,64.41662
EFT:54.572735,49.33648,46.014137,70.86023,47.225563,75.56728,44.995296,59.315704,55.18566,64.41662
Random32
Raw:54.572727,49.33647,46.014133,70.86023,47.22556,75.56727,44.99529,59.315697,55.185658,64.41662
EFT:54.572735,49.33648,46.014137,70.86023,47.225563,75.56728,44.995296,59.315704,55.18566,64.41662
Random33
Raw:54.572735,49.33647,46.014133,70.86023,47.225555,75.567276,44.995293,59.315697,55.185658,64.41661
EFT:54.572735,49.33648,46.014137,70.86023,47.225563,75.56728,44.995296,59.315704,55.18566,64.41662
Random34
Raw:54.572742,49.336483,46.014145,70.860245,47.225567,75.56729,44.995296,59.31571,55.18567,64.416626
EFT:54.572735,49.33648,46.014137,70.86023,47.225563,75.56728,44.995296,59.315704,55.18566,64.41662
Random35
Raw:54.57275,49.336494,46.014153,70.86026,47.225574,75.5673,44.9953,59.31572,55.185677,64.41663
EFT:54.572735,49.33648,46.014137,70.86023,47.225563,75.56728,44.995296,59.315704,55.18566,64.41662
Random36
Raw:54.572735,49.336475,46.014137,70.86023,47.22556,75.567276,44.995293,59.3157,55.185665,64.41662
EFT:54.572735,49.33648,46.014137,70.86023,47.225563,75.56728,44.995296,59.315704,55.18566,64.41662
Random37
Raw:54.572727,49.336475,46.014137,70.86023,47.225563,75.567276,44.99529,59.3157,55.18566,64.41662
EFT:54.572735,49.33648,46.014137,70.86023,47.225563,75.56728,44.995296,59.315704,55.18566,64.41662
Random38
Raw:54.57273,49.33647,46.014133,70.86023,47.22556,75.567276,44.995293,59.315697,55.185658,64.41662
EFT:54.572735,49.33648,46.014137,70.86023,47.225563,75.56728,44.995296,59.315704,55.18566,64.41662
Random39
Raw:54.572716,49.336456,46.014122,70.860214,47.22554,75.56725,44.995277,59.31568,55.185642,64.41659
EFT:54.572735,49.33648,46.014137,70.86023,47.225563,75.56728,44.995296,59.315704,55.18566,64.41662
Random40
Raw:54.57274,49.33648,46.01414,70.860245,47.225563,75.56728,44.995296,59.315704,55.185665,64.416626
EFT:54.572735,49.33648,46.014137,70.86023,47.225563,75.56728,44.995296,59.315704,55.18566,64.41662
Random41
Raw:54.572742,49.336487,46.014145,70.860245,47.22557,75.56729,44.9953,59.315712,55.18567,64.41663
EFT:54.572735,49.33648,46.014137,70.86023,47.225563,75.56728,44.995296,59.315704,55.18566,64.41662
Random42
Raw:54.57273,49.33647,46.014133,70.86023,47.22556,75.567276,44.995293,59.315697,55.185658,64.41662
EFT:54.572735,49.33648,46.014137,70.86023,47.225563,75.56728,44.995296,59.315704,55.18566,64.41662
Random43
Raw:54.57274,49.33648,46.01414,70.860245,47.225563,75.56728,44.995296,59.315704,55.185665,64.416626
EFT:54.572735,49.33648,46.014137,70.86023,47.225563,75.56728,44.995296,59.315704,55.18566,64.41662
Random44
Raw:54.572735,49.33648,46.014137,70.860245,47.225563,75.56728,44.995293,59.315704,55.18566,64.41662
EFT:54.572735,49.33648,46.014137,70.86023,47.225563,75.56728,44.995296,59.315704,55.18566,64.41662
Random45
Raw:54.572727,49.336475,46.014137,70.86023,47.225563,75.567276,44.99529,59.3157,55.18566,64.41662
EFT:54.572735,49.33648,46.014137,70.86023,47.225563,75.56728,44.995296,59.315704,55.18566,64.41662
Random46
Raw:54.57273,49.33647,46.014133,70.86023,47.22556,75.567276,44.995293,59.315697,55.185658,64.41662
EFT:54.572735,49.33648,46.014137,70.86023,47.225563,75.56728,44.995296,59.315704,55.18566,64.41662
Random47
Raw:54.572735,49.33647,46.014137,70.86023,47.225555,75.567276,44.995293,59.315697,55.18566,64.41661
EFT:54.572735,49.33648,46.014137,70.86023,47.225563,75.56728,44.995296,59.315704,55.18566,64.41662
Random48
Raw:54.572735,49.33648,46.014137,70.86023,47.225563,75.56728,44.995293,59.315704,55.185665,64.41662
EFT:54.572735,49.33648,46.014137,70.86023,47.225563,75.56728,44.995296,59.315704,55.18566,64.41662
Random49
Raw:54.572727,49.33647,46.01413,70.86023,47.225555,75.56727,44.995293,59.315693,55.185658,64.41661
EFT:54.572735,49.33648,46.014137,70.86023,47.225563,75.56728,44.995296,59.315704,55.18566,64.41662
Random50
Raw:54.572727,49.33647,46.014133,70.86023,47.225555,75.56727,44.995285,59.315697,55.185658,64.41661
EFT:54.572735,49.33648,46.014137,70.86023,47.225563,75.56728,44.995296,59.315704,55.18566,64.41662
Random51
Raw:54.572735,49.33648,46.01414,70.860245,47.225563,75.56728,44.995296,59.31571,55.185665,64.416626
EFT:54.572735,49.33648,46.014137,70.86023,47.225563,75.56728,44.995296,59.315704,55.18566,64.41662
Random52
Raw:54.57272,49.336464,46.01413,70.860214,47.22555,75.56726,44.995285,59.31569,55.18565,64.4166
EFT:54.572735,49.33648,46.014137,70.86023,47.225563,75.56728,44.995296,59.315704,55.18566,64.41662
Random53
Raw:54.572735,49.33648,46.01414,70.860245,47.225563,75.56728,44.995296,59.31571,55.185665,64.416626
EFT:54.572735,49.33648,46.014137,70.86023,47.225563,75.56728,44.995296,59.315704,55.18566,64.41662
Random54
Raw:54.572742,49.336487,46.014145,70.860245,47.22557,75.56729,44.9953,59.315712,55.18567,64.41663
EFT:54.572735,49.33648,46.014137,70.86023,47.225563,75.56728,44.995296,59.315704,55.18566,64.41662
Random55
Raw:54.572735,49.336475,46.014137,70.86023,47.22556,75.567276,44.995293,59.3157,55.185665,64.41662
EFT:54.572735,49.33648,46.014137,70.86023,47.225563,75.56728,44.995296,59.315704,55.18566,64.41662
Random56
Raw:54.572735,49.336475,46.014137,70.86023,47.22556,75.567276,44.995293,59.3157,55.185665,64.41662
EFT:54.572735,49.33648,46.014137,70.86023,47.225563,75.56728,44.995296,59.315704,55.18566,64.41662
Random57
Raw:54.57273,49.33648,46.014137,70.86023,47.225563,75.567276,44.995293,59.315704,55.18566,64.41662
EFT:54.572735,49.33648,46.014137,70.86023,47.225563,75.56728,44.995296,59.315704,55.18566,64.41662
Random58
Raw:54.572735,49.336475,46.014137,70.86023,47.22556,75.567276,44.995293,59.3157,55.185665,64.41662
EFT:54.572735,49.33648,46.014137,70.86023,47.225563,75.56728,44.995296,59.315704,55.18566,64.41662
Random59
Raw:54.572727,49.33647,46.01413,70.86023,47.225555,75.56727,44.99529,59.315697,55.185658,64.41661
EFT:54.572735,49.33648,46.014137,70.86023,47.225563,75.56728,44.995296,59.315704,55.18566,64.41662
Random60
Raw:54.572735,49.33648,46.014137,70.86023,47.225563,75.56728,44.995293,59.315704,55.185665,64.41662
EFT:54.572735,49.33648,46.014137,70.86023,47.225563,75.56728,44.995296,59.315704,55.18566,64.41662
Random61
Raw:54.572735,49.33648,46.014137,70.86023,47.225563,75.56728,44.995296,59.315704,55.185665,64.41662
EFT:54.572735,49.33648,46.014137,70.86023,47.225563,75.56728,44.995296,59.315704,55.18566,64.41662
Random62
Raw:54.572742,49.336487,46.014145,70.860245,47.22557,75.56729,44.9953,59.315712,55.18567,64.416626
EFT:54.572735,49.33648,46.014137,70.86023,47.225563,75.56728,44.995296,59.315704,55.18566,64.41662
Random63
Raw:54.572735,49.336475,46.014137,70.86023,47.22556,75.56728,44.995296,59.315704,55.18566,64.41662
EFT:54.572735,49.33648,46.014137,70.86023,47.225563,75.56728,44.995296,59.315704,55.18566,64.41662
Random64
Raw:54.572723,49.336464,46.01413,70.86023,47.22555,75.56726,44.99528,59.31569,55.18565,64.4166
EFT:54.572735,49.33648,46.014137,70.86023,47.225563,75.56728,44.995296,59.315704,55.18566,64.41662
Random65
Raw:54.57274,49.336483,46.014145,70.860245,47.225563,75.56728,44.9953,59.315712,55.185665,64.416626
EFT:54.572735,49.33648,46.014137,70.86023,47.225563,75.56728,44.995296,59.315704,55.18566,64.41662
Random66
Raw:54.572727,49.33647,46.014133,70.86023,47.225555,75.56727,44.995293,59.315697,55.185658,64.41661
EFT:54.572735,49.33648,46.014137,70.86023,47.225563,75.56728,44.995296,59.315704,55.18566,64.41662
Random67
Raw:54.572727,49.33647,46.014133,70.86023,47.22556,75.56727,44.99529,59.315697,55.185658,64.41662
EFT:54.572735,49.33648,46.014137,70.86023,47.225563,75.56728,44.995296,59.315704,55.18566,64.41662
Random68
Raw:54.572727,49.336475,46.014137,70.86023,47.225563,75.567276,44.99529,59.3157,55.18566,64.41662
EFT:54.572735,49.33648,46.014137,70.86023,47.225563,75.56728,44.995296,59.315704,55.18566,64.41662
Random69
Raw:54.572735,49.33647,46.014133,70.86023,47.225555,75.567276,44.995293,59.315697,55.185658,64.41661
EFT:54.572735,49.33648,46.014137,70.86023,47.225563,75.56728,44.995296,59.315704,55.18566,64.41662
Random70
Raw:54.572727,49.336475,46.014137,70.86023,47.225563,75.567276,44.99529,59.3157,55.18566,64.41662
EFT:54.572735,49.33648,46.014137,70.86023,47.225563,75.56728,44.995296,59.315704,55.18566,64.41662
Random71
Raw:54.572742,49.336487,46.014145,70.860245,47.22557,75.56729,44.9953,59.315712,55.185673,64.416626
EFT:54.572735,49.33648,46.014137,70.86023,47.225563,75.56728,44.995296,59.315704,55.18566,64.41662
Random72
Raw:54.572727,49.33647,46.014133,70.86023,47.225555,75.56727,44.995285,59.315697,55.185658,64.41661
EFT:54.572735,49.33648,46.014137,70.86023,47.225563,75.56728,44.995296,59.315704,55.18566,64.41662
Random73
Raw:54.572727,49.33647,46.01413,70.86023,47.225555,75.56727,44.99529,59.315697,55.185658,64.41661
EFT:54.572735,49.33648,46.014137,70.86023,47.225563,75.56728,44.995296,59.315704,55.18566,64.41662
Random74
Raw:54.57274,49.33648,46.01414,70.860245,47.225563,75.56728,44.995293,59.315704,55.185665,64.41662
EFT:54.572735,49.33648,46.014137,70.86023,47.225563,75.56728,44.995296,59.315704,55.18566,64.41662
Random75
Raw:54.572723,49.33647,46.01413,70.86023,47.225555,75.56727,44.995285,59.315697,55.185658,64.41661
EFT:54.572735,49.33648,46.014137,70.86023,47.225563,75.56728,44.995296,59.315704,55.18566,64.41662
Random76
Raw:54.572735,49.33648,46.014137,70.86023,47.225563,75.56728,44.995296,59.315704,55.185665,64.41662
EFT:54.572735,49.33648,46.014137,70.86023,47.225563,75.56728,44.995296,59.315704,55.18566,64.41662
Random77
Raw:54.57273,49.336475,46.014137,70.86023,47.225563,75.567276,44.995293,59.315697,55.185658,64.41662
EFT:54.572735,49.33648,46.014137,70.86023,47.225563,75.56728,44.995296,59.315704,55.18566,64.41662
Random78
Raw:54.572727,49.336468,46.01413,70.860214,47.225555,75.56727,44.99529,59.315693,55.185658,64.4166
EFT:54.572735,49.33648,46.014137,70.86023,47.225563,75.56728,44.995296,59.315704,55.18566,64.41662
Random79
Raw:54.572742,49.336487,46.014145,70.860245,47.22557,75.56729,44.9953,59.315712,55.185673,64.416626
EFT:54.572735,49.33648,46.014137,70.86023,47.225563,75.56728,44.995296,59.315704,55.18566,64.41662
Random80
Raw:54.572727,49.33647,46.01413,70.86023,47.225555,75.56727,44.99529,59.315697,55.185658,64.41661
EFT:54.572735,49.33648,46.014137,70.86023,47.225563,75.56728,44.995296,59.315704,55.18566,64.41662
Random81
Raw:54.572742,49.336487,46.014145,70.860245,47.22557,75.56729,44.9953,59.315712,55.185673,64.416626
EFT:54.572735,49.33648,46.014137,70.86023,47.225563,75.56728,44.995296,59.315704,55.18566,64.41662
Random82
Raw:54.57274,49.33648,46.014137,70.86023,47.225563,75.56728,44.9953,59.315704,55.185665,64.41662
EFT:54.572735,49.33648,46.014137,70.86023,47.225563,75.56728,44.995296,59.315704,55.18566,64.41662
Random83
Raw:54.572723,49.336468,46.01413,70.86023,47.225555,75.56727,44.995285,59.315693,55.185658,64.4166
EFT:54.572735,49.33648,46.014137,70.86023,47.225563,75.56728,44.995296,59.315704,55.18566,64.41662
Random84
Raw:54.572727,49.336475,46.014137,70.86023,47.225563,75.567276,44.99529,59.3157,55.18566,64.41662
EFT:54.572735,49.33648,46.014137,70.86023,47.225563,75.56728,44.995296,59.315704,55.18566,64.41662
Random85
Raw:54.572735,49.336475,46.014137,70.86023,47.22556,75.567276,44.995293,59.3157,55.185665,64.41662
EFT:54.572735,49.33648,46.014137,70.86023,47.225563,75.56728,44.995296,59.315704,55.18566,64.41662
Random86
Raw:54.572723,49.336468,46.01413,70.86023,47.225555,75.56727,44.995285,59.315693,55.185658,64.4166
EFT:54.572735,49.33648,46.014137,70.86023,47.225563,75.56728,44.995296,59.315704,55.18566,64.41662
Random87
Raw:54.57273,49.33648,46.014137,70.86023,47.225563,75.567276,44.995293,59.315704,55.185665,64.41662
EFT:54.572735,49.33648,46.014137,70.86023,47.225563,75.56728,44.995296,59.315704,55.18566,64.41662
Random88
Raw:54.572735,49.33648,46.014137,70.860245,47.225563,75.56728,44.995296,59.315704,55.185665,64.416626
EFT:54.572735,49.33648,46.014137,70.86023,47.225563,75.56728,44.995296,59.315704,55.18566,64.41662
Random89
Raw:54.572735,49.33648,46.01414,70.860245,47.225567,75.56728,44.995293,59.315704,55.185665,64.416626
EFT:54.572735,49.33648,46.014137,70.86023,47.225563,75.56728,44.995296,59.315704,55.18566,64.41662
Random90
Raw:54.572727,49.33647,46.01413,70.86023,47.225555,75.56727,44.995285,59.315697,55.185658,64.41661
EFT:54.572735,49.33648,46.014137,70.86023,47.225563,75.56728,44.995296,59.315704,55.18566,64.41662
Random91
Raw:54.572742,49.336487,46.014145,70.860245,47.22557,75.56729,44.9953,59.315712,55.18567,64.41663
EFT:54.572735,49.33648,46.014137,70.86023,47.225563,75.56728,44.995296,59.315704,55.18566,64.41662
Random92
Raw:54.572735,49.33648,46.014137,70.86023,47.225563,75.56728,44.995293,59.315704,55.185665,64.41662
EFT:54.572735,49.33648,46.014137,70.86023,47.225563,75.56728,44.995296,59.315704,55.18566,64.41662
Random93
Raw:54.572735,49.33648,46.014137,70.86023,47.225563,75.56728,44.995293,59.315704,55.185665,64.41662
EFT:54.572735,49.33648,46.014137,70.86023,47.225563,75.56728,44.995296,59.315704,55.18566,64.41662
Random94
Raw:54.572735,49.336475,46.014137,70.86023,47.22556,75.567276,44.995293,59.3157,55.185665,64.41662
EFT:54.572735,49.33648,46.014137,70.86023,47.225563,75.56728,44.995296,59.315704,55.18566,64.41662
Random95
Raw:54.572735,49.33648,46.014137,70.860245,47.225563,75.56728,44.995293,59.315704,55.18566,64.41662
EFT:54.572735,49.33648,46.014137,70.86023,47.225563,75.56728,44.995296,59.315704,55.18566,64.41662
Random96
Raw:54.572742,49.336483,46.014145,70.860245,47.225567,75.56728,44.995296,59.31571,55.18567,64.416626
EFT:54.572735,49.33648,46.014137,70.86023,47.225563,75.56728,44.995296,59.315704,55.18566,64.41662
Random97
Raw:54.57272,49.336464,46.01413,70.860214,47.22555,75.56727,44.995285,59.31569,55.185654,64.4166
EFT:54.572735,49.33648,46.014137,70.86023,47.225563,75.56728,44.995296,59.315704,55.18566,64.41662
Random98
Raw:54.572727,49.336464,46.01413,70.860214,47.225555,75.56727,44.995285,59.31569,55.18565,64.4166
EFT:54.572735,49.33648,46.014137,70.86023,47.225563,75.56728,44.995296,59.315704,55.18566,64.41662
Random99
Raw:54.572727,49.33647,46.01413,70.86023,47.225555,75.56727,44.99529,59.315697,55.185658,64.41661
EFT:54.572735,49.33648,46.014137,70.86023,47.225563,75.56728,44.995296,59.315704,55.18566,64.41662
Random100
Raw:54.572723,49.33647,46.01413,70.86023,47.225555,75.56727,44.995285,59.315697,55.185658,64.41661
EFT:54.572735,49.33648,46.014137,70.86023,47.225563,75.56728,44.995296,59.315704,55.18566,64.41662
Random101
Raw:54.572735,49.336475,46.014137,70.86023,47.22556,75.567276,44.995293,59.3157,55.185665,64.41662
EFT:54.572735,49.33648,46.014137,70.86023,47.225563,75.56728,44.995296,59.315704,55.18566,64.41662
Random102
Raw:54.57274,49.33648,46.01414,70.860245,47.225563,75.56728,44.995296,59.315704,55.185665,64.416626
EFT:54.572735,49.33648,46.014137,70.86023,47.225563,75.56728,44.995296,59.315704,55.18566,64.41662
Random103
Raw:54.572727,49.33647,46.01413,70.86023,47.225555,75.56727,44.995285,59.315693,55.185658,64.4166
EFT:54.572735,49.33648,46.014137,70.86023,47.225563,75.56728,44.995296,59.315704,55.18566,64.41662
Random104
Raw:54.572723,49.336468,46.01413,70.86023,47.225555,75.56727,44.995285,59.315693,55.185658,64.4166
EFT:54.572735,49.33648,46.014137,70.86023,47.225563,75.56728,44.995296,59.315704,55.18566,64.41662
Random105
Raw:54.57273,49.336475,46.014137,70.86023,47.225563,75.567276,44.995293,59.315697,55.185658,64.41662
EFT:54.572735,49.33648,46.014137,70.86023,47.225563,75.56728,44.995296,59.315704,55.18566,64.41662
Random106
Raw:54.572727,49.33647,46.01413,70.86023,47.225555,75.56727,44.995285,59.315693,55.185658,64.4166
EFT:54.572735,49.33648,46.014137,70.86023,47.225563,75.56728,44.995296,59.315704,55.18566,64.41662
Random107
Raw:54.572727,49.33647,46.014133,70.86023,47.22556,75.56727,44.99529,59.315697,55.185658,64.41662
EFT:54.572735,49.33648,46.014137,70.86023,47.225563,75.56728,44.995296,59.315704,55.18566,64.41662
Random108
Raw:54.57272,49.336464,46.01413,70.860214,47.22555,75.56727,44.995285,59.31569,55.185654,64.4166
EFT:54.572735,49.33648,46.014137,70.86023,47.225563,75.56728,44.995296,59.315704,55.18566,64.41662
Random109
Raw:54.57273,49.33647,46.014133,70.86023,47.22556,75.567276,44.995293,59.315697,55.185658,64.41662
EFT:54.572735,49.33648,46.014137,70.86023,47.225563,75.56728,44.995296,59.315704,55.18566,64.41662
Random110
Raw:54.572727,49.33647,46.01413,70.86023,47.225555,75.56727,44.99529,59.315697,55.185658,64.41661
EFT:54.572735,49.33648,46.014137,70.86023,47.225563,75.56728,44.995296,59.315704,55.18566,64.41662
Random111
Raw:54.572735,49.33648,46.014137,70.86023,47.225563,75.56728,44.995293,59.315704,55.185665,64.41662
EFT:54.572735,49.33648,46.014137,70.86023,47.225563,75.56728,44.995296,59.315704,55.18566,64.41662
Random112
Raw:54.572723,49.336464,46.014126,70.860214,47.22555,75.56727,44.995285,59.31569,55.18565,64.4166
EFT:54.572735,49.33648,46.014137,70.86023,47.225563,75.56728,44.995296,59.315704,55.18566,64.41662
Random113
Raw:54.57273,49.33648,46.014137,70.86023,47.225563,75.567276,44.995293,59.315704,55.185665,64.41662
EFT:54.572735,49.33648,46.014137,70.86023,47.225563,75.56728,44.995296,59.315704,55.18566,64.41662
Random114
Raw:54.572735,49.33648,46.01414,70.860245,47.225567,75.56728,44.995296,59.315704,55.185665,64.416626
EFT:54.572735,49.33648,46.014137,70.86023,47.225563,75.56728,44.995296,59.315704,55.18566,64.41662
Random115
Raw:54.572727,49.33647,46.014133,70.86023,47.225555,75.56727,44.995285,59.315697,55.185658,64.41661
EFT:54.572735,49.33648,46.014137,70.86023,47.225563,75.56728,44.995296,59.315704,55.18566,64.41662
Random116
Raw:54.572727,49.33647,46.014133,70.86023,47.225555,75.56727,44.995285,59.315697,55.185658,64.41661
EFT:54.572735,49.33648,46.014137,70.86023,47.225563,75.56728,44.995296,59.315704,55.18566,64.41662
Random117
Raw:54.572735,49.33648,46.014137,70.86023,47.225563,75.567276,44.995293,59.3157,55.18566,64.41662
EFT:54.572735,49.33648,46.014137,70.86023,47.225563,75.56728,44.995296,59.315704,55.18566,64.41662
Random118
Raw:54.572727,49.33647,46.014133,70.86023,47.22556,75.56727,44.99529,59.315697,55.185658,64.41662
EFT:54.572735,49.33648,46.014137,70.86023,47.225563,75.56728,44.995296,59.315704,55.18566,64.41662
Random119
Raw:54.57272,49.336464,46.014126,70.860214,47.225548,75.56726,44.99528,59.315685,55.18565,64.4166
EFT:54.572735,49.33648,46.014137,70.86023,47.225563,75.56728,44.995296,59.315704,55.18566,64.41662
Random120
Raw:54.572727,49.336475,46.014137,70.86023,47.225563,75.567276,44.99529,59.3157,55.18566,64.41662
EFT:54.572735,49.33648,46.014137,70.86023,47.225563,75.56728,44.995296,59.315704,55.18566,64.41662
Random121
Raw:54.572727,49.33647,46.01413,70.86023,47.225555,75.56727,44.995285,59.315693,55.185658,64.4166
EFT:54.572735,49.33648,46.014137,70.86023,47.225563,75.56728,44.995296,59.315704,55.18566,64.41662
Random122
Raw:54.572727,49.33647,46.01413,70.86023,47.225555,75.56727,44.995285,59.315693,55.185658,64.4166
EFT:54.572735,49.33648,46.014137,70.86023,47.225563,75.56728,44.995296,59.315704,55.18566,64.41662
Random123
Raw:54.57275,49.336494,46.014153,70.86026,47.22558,75.5673,44.995308,59.31572,55.18568,64.41663
EFT:54.572735,49.33648,46.014137,70.86023,47.225563,75.56728,44.995296,59.315704,55.18566,64.41662
Random124
Raw:54.57273,49.33647,46.014133,70.86023,47.22556,75.567276,44.995293,59.315697,55.185658,64.41662
EFT:54.572735,49.33648,46.014137,70.86023,47.225563,75.56728,44.995296,59.315704,55.18566,64.41662
Random125
Raw:54.572735,49.33648,46.01414,70.860245,47.225563,75.56728,44.995296,59.31571,55.185665,64.416626
EFT:54.572735,49.33648,46.014137,70.86023,47.225563,75.56728,44.995296,59.315704,55.18566,64.41662
Random126
Raw:54.572746,49.336487,46.01415,70.86026,47.22557,75.5673,44.9953,59.315712,55.185673,64.41663
EFT:54.572735,49.33648,46.014137,70.86023,47.225563,75.56728,44.995296,59.315704,55.18566,64.41662
Random127
Raw:54.572735,49.33648,46.014137,70.860245,47.225563,75.56728,44.995293,59.315704,55.18566,64.41662
EFT:54.572735,49.33648,46.014137,70.86023,47.225563,75.56728,44.995296,59.315704,55.18566,64.41662
Random128
Raw:54.57273,49.33648,46.014137,70.86023,47.225563,75.567276,44.995293,59.315704,55.18566,64.41662
EFT:54.572735,49.33648,46.014137,70.86023,47.225563,75.56728,44.995296,59.315704,55.18566,64.41662
Random129
Raw:54.572735,49.33648,46.014137,70.86023,47.225563,75.56728,44.995293,59.315704,55.185665,64.41662
EFT:54.572735,49.33648,46.014137,70.86023,47.225563,75.56728,44.995296,59.315704,55.18566,64.41662
Random130
Raw:54.57272,49.336464,46.014122,70.860214,47.225548,75.56725,44.995277,59.31568,55.18565,64.416595
EFT:54.572735,49.33648,46.014137,70.86023,47.225563,75.56728,44.995296,59.315704,55.18566,64.41662
Random131
Raw:54.572735,49.33648,46.014137,70.86023,47.225563,75.567276,44.995293,59.3157,55.18566,64.41662
EFT:54.572735,49.33648,46.014137,70.86023,47.225563,75.56728,44.995296,59.315704,55.18566,64.41662
Random132
Raw:54.572735,49.33647,46.014133,70.86023,47.225555,75.567276,44.995293,59.315697,55.185658,64.41661
EFT:54.572735,49.33648,46.014137,70.86023,47.225563,75.56728,44.995296,59.315704,55.18566,64.41662
Random133
Raw:54.572727,49.33647,46.01413,70.86023,47.225555,75.56727,44.99529,59.315697,55.185658,64.41661
EFT:54.572735,49.33648,46.014137,70.86023,47.225563,75.56728,44.995296,59.315704,55.18566,64.41662
Random134
Raw:54.57274,49.33648,46.01414,70.860245,47.225563,75.56728,44.995296,59.315704,55.185665,64.416626
EFT:54.572735,49.33648,46.014137,70.86023,47.225563,75.56728,44.995296,59.315704,55.18566,64.41662
Random135
Raw:54.57274,49.336483,46.014145,70.860245,47.225563,75.56728,44.9953,59.315712,55.185665,64.416626
EFT:54.572735,49.33648,46.014137,70.86023,47.225563,75.56728,44.995296,59.315704,55.18566,64.41662
Random136
Raw:54.572723,49.33647,46.01413,70.86023,47.225555,75.56727,44.995285,59.315697,55.185658,64.41661
EFT:54.572735,49.33648,46.014137,70.86023,47.225563,75.56728,44.995296,59.315704,55.18566,64.41662
Random137
Raw:54.572735,49.336475,46.014137,70.86023,47.22556,75.567276,44.995293,59.3157,55.185665,64.41662
EFT:54.572735,49.33648,46.014137,70.86023,47.225563,75.56728,44.995296,59.315704,55.18566,64.41662
Random138
Raw:54.57273,49.336475,46.014137,70.860245,47.225563,75.567276,44.995285,59.315697,55.185658,64.41662
EFT:54.572735,49.33648,46.014137,70.86023,47.225563,75.56728,44.995296,59.315704,55.18566,64.41662
Random139
Raw:54.57274,49.33648,46.014137,70.860245,47.225563,75.56728,44.995296,59.315704,55.185665,64.41662
EFT:54.572735,49.33648,46.014137,70.86023,47.225563,75.56728,44.995296,59.315704,55.18566,64.41662
Random140
Raw:54.572735,49.33648,46.01414,70.860245,47.225563,75.56728,44.995296,59.31571,55.185665,64.416626
EFT:54.572735,49.33648,46.014137,70.86023,47.225563,75.56728,44.995296,59.315704,55.18566,64.41662
Random141
Raw:54.572727,49.33647,46.01413,70.86023,47.225555,75.56727,44.99529,59.315697,55.185658,64.41661
EFT:54.572735,49.33648,46.014137,70.86023,47.225563,75.56728,44.995296,59.315704,55.18566,64.41662
Random142
Raw:54.572735,49.33647,46.014137,70.86023,47.22556,75.567276,44.995296,59.3157,55.185658,64.41662
EFT:54.572735,49.33648,46.014137,70.86023,47.225563,75.56728,44.995296,59.315704,55.18566,64.41662
Random143
Raw:54.572727,49.336475,46.014137,70.86023,47.225563,75.567276,44.99529,59.3157,55.18566,64.41662
EFT:54.572735,49.33648,46.014137,70.86023,47.225563,75.56728,44.995296,59.315704,55.18566,64.41662
Random144
Raw:54.57274,49.33648,46.01414,70.860245,47.225563,75.56728,44.995296,59.315704,55.185665,64.416626
EFT:54.572735,49.33648,46.014137,70.86023,47.225563,75.56728,44.995296,59.315704,55.18566,64.41662
Random145
Raw:54.572735,49.33648,46.014137,70.86023,47.225563,75.567276,44.995293,59.3157,55.18566,64.41662
EFT:54.572735,49.33648,46.014137,70.86023,47.225563,75.56728,44.995296,59.315704,55.18566,64.41662
Random146
Raw:54.572735,49.336475,46.014137,70.86023,47.22556,75.567276,44.995293,59.3157,55.185665,64.41662
EFT:54.572735,49.33648,46.014137,70.86023,47.225563,75.56728,44.995296,59.315704,55.18566,64.41662
Random147
Raw:54.572735,49.33648,46.014137,70.86023,47.225563,75.56728,44.995293,59.315704,55.185665,64.41662
EFT:54.572735,49.33648,46.014137,70.86023,47.225563,75.56728,44.995296,59.315704,55.18566,64.41662
Random148
Raw:54.572723,49.336468,46.01413,70.86023,47.225555,75.56727,44.995285,59.315693,55.185658,64.4166
EFT:54.572735,49.33648,46.014137,70.86023,47.225563,75.56728,44.995296,59.315704,55.18566,64.41662
Random149
Raw:54.572742,49.336487,46.014145,70.860245,47.22557,75.56729,44.9953,59.315712,55.18567,64.416626
EFT:54.572735,49.33648,46.014137,70.86023,47.225563,75.56728,44.995296,59.315704,55.18566,64.41662
Random150
Raw:54.572742,49.336487,46.014145,70.860245,47.22557,75.5673,44.9953,59.315712,55.185673,64.41663
EFT:54.572735,49.33648,46.014137,70.86023,47.225563,75.56728,44.995296,59.315704,55.18566,64.41662
Random151
Raw:54.572735,49.33648,46.014137,70.860245,47.225563,75.56728,44.99529,59.3157,55.18566,64.41662
EFT:54.572735,49.33648,46.014137,70.86023,47.225563,75.56728,44.995296,59.315704,55.18566,64.41662
Random152
Raw:54.57274,49.33648,46.01414,70.860245,47.225563,75.56728,44.995293,59.315704,55.185665,64.41662
EFT:54.572735,49.33648,46.014137,70.86023,47.225563,75.56728,44.995296,59.315704,55.18566,64.41662
Random153
Raw:54.572727,49.336475,46.014137,70.86023,47.225563,75.567276,44.99529,59.3157,55.18566,64.41662
EFT:54.572735,49.33648,46.014137,70.86023,47.225563,75.56728,44.995296,59.315704,55.18566,64.41662
Random154
Raw:54.572727,49.33647,46.01413,70.86023,47.225555,75.56727,44.99529,59.315697,55.185658,64.41661
EFT:54.572735,49.33648,46.014137,70.86023,47.225563,75.56728,44.995296,59.315704,55.18566,64.41662
Random155
Raw:54.572735,49.33647,46.014137,70.86023,47.22556,75.567276,44.995296,59.3157,55.185658,64.41662
EFT:54.572735,49.33648,46.014137,70.86023,47.225563,75.56728,44.995296,59.315704,55.18566,64.41662
Random156
Raw:54.572727,49.33647,46.01413,70.86023,47.225555,75.56727,44.99529,59.315697,55.185658,64.41661
EFT:54.572735,49.33648,46.014137,70.86023,47.225563,75.56728,44.995296,59.315704,55.18566,64.41662
Random157
Raw:54.572727,49.33647,46.01413,70.86023,47.225555,75.56727,44.995285,59.315693,55.185658,64.4166
EFT:54.572735,49.33648,46.014137,70.86023,47.225563,75.56728,44.995296,59.315704,55.18566,64.41662
Random158
Raw:54.572727,49.33647,46.014133,70.86023,47.225555,75.56727,44.995285,59.315697,55.185658,64.41661
EFT:54.572735,49.33648,46.014137,70.86023,47.225563,75.56728,44.995296,59.315704,55.18566,64.41662
Random159
Raw:54.572735,49.33648,46.014137,70.86023,47.225563,75.567276,44.995293,59.3157,55.18566,64.41662
EFT:54.572735,49.33648,46.014137,70.86023,47.225563,75.56728,44.995296,59.315704,55.18566,64.41662
Random160
Raw:54.572735,49.33647,46.014137,70.86023,47.225555,75.567276,44.995293,59.315697,55.18566,64.41661
EFT:54.572735,49.33648,46.014137,70.86023,47.225563,75.56728,44.995296,59.315704,55.18566,64.41662
Random161
Raw:54.57273,49.33648,46.014137,70.86023,47.225563,75.567276,44.995293,59.315704,55.185665,64.41662
EFT:54.572735,49.33648,46.014137,70.86023,47.225563,75.56728,44.995296,59.315704,55.18566,64.41662
Random162
Raw:54.572727,49.33647,46.014137,70.86023,47.225555,75.56727,44.995285,59.315697,55.185658,64.41662
EFT:54.572735,49.33648,46.014137,70.86023,47.225563,75.56728,44.995296,59.315704,55.18566,64.41662
Random163
Raw:54.572727,49.33647,46.01413,70.86023,47.225555,75.56727,44.99529,59.315697,55.185658,64.41661
EFT:54.572735,49.33648,46.014137,70.86023,47.225563,75.56728,44.995296,59.315704,55.18566,64.41662
Random164
Raw:54.572735,49.33648,46.01414,70.860245,47.225567,75.56728,44.995293,59.315704,55.185665,64.416626
EFT:54.572735,49.33648,46.014137,70.86023,47.225563,75.56728,44.995296,59.315704,55.18566,64.41662
Random165
Raw:54.572735,49.33648,46.014137,70.86023,47.225563,75.56728,44.995293,59.315704,55.185665,64.41662
EFT:54.572735,49.33648,46.014137,70.86023,47.225563,75.56728,44.995296,59.315704,55.18566,64.41662
Random166
Raw:54.57273,49.336475,46.014137,70.86023,47.225563,75.567276,44.995293,59.315697,55.185658,64.41662
EFT:54.572735,49.33648,46.014137,70.86023,47.225563,75.56728,44.995296,59.315704,55.18566,64.41662
Random167
Raw:54.572727,49.336475,46.014137,70.86023,47.225563,75.567276,44.99529,59.3157,55.18566,64.41662
EFT:54.572735,49.33648,46.014137,70.86023,47.225563,75.56728,44.995296,59.315704,55.18566,64.41662
Random168
Raw:54.572735,49.33647,46.014137,70.86023,47.22556,75.567276,44.995296,59.3157,55.185658,64.41662
EFT:54.572735,49.33648,46.014137,70.86023,47.225563,75.56728,44.995296,59.315704,55.18566,64.41662
Random169
Raw:54.572735,49.33648,46.014137,70.86023,47.225563,75.56728,44.995293,59.315704,55.185665,64.41662
EFT:54.572735,49.33648,46.014137,70.86023,47.225563,75.56728,44.995296,59.315704,55.18566,64.41662
Random170
Raw:54.57273,49.33648,46.014137,70.86023,47.225563,75.567276,44.995293,59.315704,55.185665,64.41662
EFT:54.572735,49.33648,46.014137,70.86023,47.225563,75.56728,44.995296,59.315704,55.18566,64.41662
Random171
Raw:54.572727,49.33647,46.01413,70.86023,47.225555,75.56727,44.995293,59.315693,55.185658,64.41661
EFT:54.572735,49.33648,46.014137,70.86023,47.225563,75.56728,44.995296,59.315704,55.18566,64.41662
Random172
Raw:54.57272,49.336464,46.01413,70.860214,47.22555,75.56726,44.995285,59.31569,55.185654,64.4166
EFT:54.572735,49.33648,46.014137,70.86023,47.225563,75.56728,44.995296,59.315704,55.18566,64.41662
Random173
Raw:54.57274,49.33648,46.01414,70.860245,47.225563,75.56728,44.995296,59.315704,55.185665,64.41662
EFT:54.572735,49.33648,46.014137,70.86023,47.225563,75.56728,44.995296,59.315704,55.18566,64.41662
Random174
Raw:54.572735,49.33648,46.014137,70.86023,47.225563,75.56728,44.995296,59.315704,55.185665,64.41662
EFT:54.572735,49.33648,46.014137,70.86023,47.225563,75.56728,44.995296,59.315704,55.18566,64.41662
Random175
Raw:54.572727,49.33647,46.014133,70.86023,47.225555,75.56727,44.995285,59.315697,55.185658,64.41661
EFT:54.572735,49.33648,46.014137,70.86023,47.225563,75.56728,44.995296,59.315704,55.18566,64.41662
Random176
Raw:54.57274,49.336483,46.014145,70.860245,47.225563,75.56728,44.9953,59.315712,55.185665,64.416626
EFT:54.572735,49.33648,46.014137,70.86023,47.225563,75.56728,44.995296,59.315704,55.18566,64.41662
Random177
Raw:54.572735,49.33648,46.014137,70.86023,47.225563,75.56728,44.995293,59.315704,55.185665,64.41662
EFT:54.572735,49.33648,46.014137,70.86023,47.225563,75.56728,44.995296,59.315704,55.18566,64.41662
Random178
Raw:54.572727,49.33647,46.01413,70.86023,47.225555,75.56727,44.995285,59.315697,55.185658,64.41661
EFT:54.572735,49.33648,46.014137,70.86023,47.225563,75.56728,44.995296,59.315704,55.18566,64.41662
Random179
Raw:54.57274,49.336483,46.014145,70.860245,47.225567,75.56729,44.9953,59.315712,55.185665,64.416626
EFT:54.572735,49.33648,46.014137,70.86023,47.225563,75.56728,44.995296,59.315704,55.18566,64.41662
Random180
Raw:54.572735,49.33647,46.014137,70.86023,47.225555,75.567276,44.995293,59.315697,55.18566,64.41661
EFT:54.572735,49.33648,46.014137,70.86023,47.225563,75.56728,44.995296,59.315704,55.18566,64.41662
Random181
Raw:54.572735,49.33647,46.014137,70.86023,47.225555,75.567276,44.995293,59.315697,55.18566,64.41661
EFT:54.572735,49.33648,46.014137,70.86023,47.225563,75.56728,44.995296,59.315704,55.18566,64.41662
Random182
Raw:54.572735,49.33648,46.014137,70.86023,47.225563,75.567276,44.995293,59.3157,55.18566,64.41662
EFT:54.572735,49.33648,46.014137,70.86023,47.225563,75.56728,44.995296,59.315704,55.18566,64.41662
Random183
Raw:54.57273,49.33648,46.014137,70.86023,47.225563,75.567276,44.995293,59.315704,55.185665,64.41662
EFT:54.572735,49.33648,46.014137,70.86023,47.225563,75.56728,44.995296,59.315704,55.18566,64.41662
Random184
Raw:54.572735,49.33648,46.014137,70.86023,47.225563,75.567276,44.995293,59.3157,55.18566,64.41662
EFT:54.572735,49.33648,46.014137,70.86023,47.225563,75.56728,44.995296,59.315704,55.18566,64.41662
Random185
Raw:54.57273,49.33647,46.014133,70.86023,47.22556,75.567276,44.995293,59.315697,55.185658,64.41662
EFT:54.572735,49.33648,46.014137,70.86023,47.225563,75.56728,44.995296,59.315704,55.18566,64.41662
Random186
Raw:54.57274,49.336483,46.014145,70.860245,47.225567,75.56729,44.9953,59.315712,55.185665,64.416626
EFT:54.572735,49.33648,46.014137,70.86023,47.225563,75.56728,44.995296,59.315704,55.18566,64.41662
Random187
Raw:54.572727,49.33647,46.01413,70.86023,47.225555,75.56727,44.99529,59.315697,55.185658,64.41661
EFT:54.572735,49.33648,46.014137,70.86023,47.225563,75.56728,44.995296,59.315704,55.18566,64.41662
Random188
Raw:54.572735,49.33648,46.014137,70.86023,47.225563,75.56728,44.995296,59.315704,55.185665,64.41662
EFT:54.572735,49.33648,46.014137,70.86023,47.225563,75.56728,44.995296,59.315704,55.18566,64.41662
Random189
Raw:54.572727,49.33647,46.014133,70.86023,47.22556,75.567276,44.995285,59.315697,55.185658,64.41661
EFT:54.572735,49.33648,46.014137,70.86023,47.225563,75.56728,44.995296,59.315704,55.18566,64.41662
Random190
Raw:54.572723,49.336468,46.01413,70.860214,47.225555,75.56727,44.995285,59.31569,55.185658,64.4166
EFT:54.572735,49.33648,46.014137,70.86023,47.225563,75.56728,44.995296,59.315704,55.18566,64.41662
Random191
Raw:54.572723,49.336468,46.01413,70.86023,47.225555,75.56727,44.995285,59.315693,55.185658,64.4166
EFT:54.572735,49.33648,46.014137,70.86023,47.225563,75.56728,44.995296,59.315704,55.18566,64.41662
Random192
Raw:54.572735,49.33648,46.014137,70.86023,47.225563,75.56728,44.995293,59.315704,55.185665,64.41662
EFT:54.572735,49.33648,46.014137,70.86023,47.225563,75.56728,44.995296,59.315704,55.18566,64.41662
Random193
Raw:54.572712,49.33646,46.014122,70.860214,47.225548,75.56725,44.995277,59.31568,55.185642,64.416595
EFT:54.572735,49.33648,46.014137,70.86023,47.225563,75.56728,44.995296,59.315704,55.18566,64.41662
Random194
Raw:54.572735,49.33647,46.014137,70.86023,47.225555,75.567276,44.995293,59.315697,55.18566,64.41661
EFT:54.572735,49.33648,46.014137,70.86023,47.225563,75.56728,44.995296,59.315704,55.18566,64.41662
Random195
Raw:54.572727,49.336475,46.014137,70.86023,47.225563,75.567276,44.99529,59.3157,55.18566,64.41662
EFT:54.572735,49.33648,46.014137,70.86023,47.225563,75.56728,44.995296,59.315704,55.18566,64.41662
Random196
Raw:54.572735,49.33648,46.014137,70.860245,47.225563,75.56728,44.995296,59.315704,55.185665,64.416626
EFT:54.572735,49.33648,46.014137,70.86023,47.225563,75.56728,44.995296,59.315704,55.18566,64.41662
Random197
Raw:54.572742,49.336487,46.014145,70.860245,47.22557,75.56729,44.9953,59.315712,55.18567,64.41663
EFT:54.572735,49.33648,46.014137,70.86023,47.225563,75.56728,44.995296,59.315704,55.18566,64.41662
Random198
Raw:54.572735,49.33648,46.01414,70.860245,47.225567,75.56728,44.995296,59.315704,55.185665,64.416626
EFT:54.572735,49.33648,46.014137,70.86023,47.225563,75.56728,44.995296,59.315704,55.18566,64.41662
Random199
Raw:54.57274,49.336483,46.014145,70.860245,47.225567,75.56729,44.9953,59.315712,55.185665,64.416626
EFT:54.572735,49.33648,46.014137,70.86023,47.225563,75.56728,44.995296,59.315704,55.18566,64.41662
Random200
Raw:54.57274,49.336483,46.014145,70.860245,47.225567,75.56729,44.9953,59.315712,55.185665,64.416626
EFT:54.572735,49.33648,46.014137,70.86023,47.225563,75.56728,44.995296,59.315704,55.18566,64.41662
Random201
Raw:54.57272,49.336464,46.014126,70.860214,47.225548,75.56726,44.995274,59.315685,55.185646,64.4166
EFT:54.572735,49.33648,46.014137,70.86023,47.225563,75.56728,44.995296,59.315704,55.18566,64.41662
Random202
Raw:54.572735,49.33647,46.014137,70.86023,47.22556,75.567276,44.995296,59.3157,55.185658,64.41662
EFT:54.572735,49.33648,46.014137,70.86023,47.225563,75.56728,44.995296,59.315704,55.18566,64.41662
Random203
Raw:54.572727,49.336475,46.014137,70.86023,47.225563,75.567276,44.99529,59.3157,55.18566,64.41662
EFT:54.572735,49.33648,46.014137,70.86023,47.225563,75.56728,44.995296,59.315704,55.18566,64.41662
Random204
Raw:54.572742,49.336483,46.014145,70.860245,47.225567,75.56729,44.995296,59.31571,55.18567,64.416626
EFT:54.572735,49.33648,46.014137,70.86023,47.225563,75.56728,44.995296,59.315704,55.18566,64.41662
Random205
Raw:54.572742,49.336483,46.014145,70.860245,47.225567,75.56729,44.995296,59.31571,55.18567,64.416626
EFT:54.572735,49.33648,46.014137,70.86023,47.225563,75.56728,44.995296,59.315704,55.18566,64.41662
Random206
Raw:54.57274,49.33648,46.014137,70.860245,47.225563,75.56728,44.995296,59.315704,55.185665,64.41662
EFT:54.572735,49.33648,46.014137,70.86023,47.225563,75.56728,44.995296,59.315704,55.18566,64.41662
Random207
Raw:54.57272,49.336464,46.01413,70.860214,47.22555,75.56726,44.995285,59.31569,55.18565,64.4166
EFT:54.572735,49.33648,46.014137,70.86023,47.225563,75.56728,44.995296,59.315704,55.18566,64.41662
Random208
Raw:54.57274,49.336483,46.014145,70.860245,47.225563,75.56728,44.9953,59.315712,55.185665,64.416626
EFT:54.572735,49.33648,46.014137,70.86023,47.225563,75.56728,44.995296,59.315704,55.18566,64.41662
Random209
Raw:54.572735,49.33648,46.014137,70.86023,47.225563,75.56728,44.995296,59.315704,55.185665,64.41662
EFT:54.572735,49.33648,46.014137,70.86023,47.225563,75.56728,44.995296,59.315704,55.18566,64.41662
Random210
Raw:54.572727,49.33647,46.014133,70.86023,47.225555,75.56727,44.995293,59.315697,55.185658,64.41661
EFT:54.572735,49.33648,46.014137,70.86023,47.225563,75.56728,44.995296,59.315704,55.18566,64.41662
Random211
Raw:54.572735,49.33648,46.014137,70.86023,47.225563,75.56728,44.995296,59.315704,55.185665,64.41662
EFT:54.572735,49.33648,46.014137,70.86023,47.225563,75.56728,44.995296,59.315704,55.18566,64.41662
Random212
Raw:54.57272,49.336464,46.014126,70.860214,47.225548,75.56726,44.99528,59.315685,55.18565,64.4166
EFT:54.572735,49.33648,46.014137,70.86023,47.225563,75.56728,44.995296,59.315704,55.18566,64.41662
Random213
Raw:54.572735,49.33648,46.014137,70.860245,47.225563,75.56728,44.995293,59.315704,55.18566,64.41662
EFT:54.572735,49.33648,46.014137,70.86023,47.225563,75.56728,44.995296,59.315704,55.18566,64.41662
Random214
Raw:54.572735,49.33648,46.014137,70.860245,47.225563,75.56728,44.995293,59.315704,55.185665,64.41662
EFT:54.572735,49.33648,46.014137,70.86023,47.225563,75.56728,44.995296,59.315704,55.18566,64.41662
Random215
Raw:54.572727,49.33647,46.01413,70.86023,47.225555,75.56727,44.99529,59.315697,55.185658,64.41661
EFT:54.572735,49.33648,46.014137,70.86023,47.225563,75.56728,44.995296,59.315704,55.18566,64.41662
Random216
Raw:54.572735,49.33648,46.014137,70.86023,47.225563,75.56728,44.995293,59.315704,55.185665,64.41662
EFT:54.572735,49.33648,46.014137,70.86023,47.225563,75.56728,44.995296,59.315704,55.18566,64.41662
Random217
Raw:54.57273,49.33647,46.014133,70.86023,47.22556,75.567276,44.995293,59.315697,55.185658,64.41662
EFT:54.572735,49.33648,46.014137,70.86023,47.225563,75.56728,44.995296,59.315704,55.18566,64.41662
Random218
Raw:54.572735,49.33648,46.014137,70.86023,47.225563,75.567276,44.995293,59.3157,55.18566,64.41662
EFT:54.572735,49.33648,46.014137,70.86023,47.225563,75.56728,44.995296,59.315704,55.18566,64.41662
Random219
Raw:54.572723,49.33647,46.01413,70.86023,47.225555,75.56727,44.995285,59.315697,55.185658,64.41661
EFT:54.572735,49.33648,46.014137,70.86023,47.225563,75.56728,44.995296,59.315704,55.18566,64.41662
Random220
Raw:54.572712,49.336464,46.014122,70.860214,47.225548,75.56725,44.995277,59.31568,55.185646,64.416595
EFT:54.572735,49.33648,46.014137,70.86023,47.225563,75.56728,44.995296,59.315704,55.18566,64.41662
Random221
Raw:54.572742,49.336487,46.014145,70.860245,47.22557,75.5673,44.9953,59.315712,55.185673,64.41663
EFT:54.572735,49.33648,46.014137,70.86023,47.225563,75.56728,44.995296,59.315704,55.18566,64.41662
Random222
Raw:54.572727,49.33647,46.01413,70.86023,47.225555,75.56727,44.995293,59.31569,55.185658,64.41661
EFT:54.572735,49.33648,46.014137,70.86023,47.225563,75.56728,44.995296,59.315704,55.18566,64.41662
Random223
Raw:54.572735,49.33647,46.014137,70.86023,47.225555,75.567276,44.995293,59.315697,55.18566,64.41661
EFT:54.572735,49.33648,46.014137,70.86023,47.225563,75.56728,44.995296,59.315704,55.18566,64.41662
Random224
Raw:54.572735,49.33648,46.01414,70.860245,47.225563,75.56728,44.995296,59.31571,55.185665,64.416626
EFT:54.572735,49.33648,46.014137,70.86023,47.225563,75.56728,44.995296,59.315704,55.18566,64.41662
Random225
Raw:54.572727,49.33647,46.014133,70.86023,47.225555,75.56727,44.995285,59.315697,55.185654,64.41661
EFT:54.572735,49.33648,46.014137,70.86023,47.225563,75.56728,44.995296,59.315704,55.18566,64.41662
Random226
Raw:54.572735,49.33648,46.01414,70.860245,47.225563,75.56728,44.995296,59.31571,55.185665,64.416626
EFT:54.572735,49.33648,46.014137,70.86023,47.225563,75.56728,44.995296,59.315704,55.18566,64.41662
Random227
Raw:54.57275,49.336494,46.014153,70.86026,47.22558,75.5673,44.995308,59.31572,55.185677,64.41664
EFT:54.572735,49.33648,46.014137,70.86023,47.225563,75.56728,44.995296,59.315704,55.18566,64.41662
Random228
Raw:54.57273,49.33648,46.014137,70.86023,47.225563,75.567276,44.995293,59.315704,55.185665,64.41662
EFT:54.572735,49.33648,46.014137,70.86023,47.225563,75.56728,44.995296,59.315704,55.18566,64.41662
Random229
Raw:54.57273,49.33648,46.014137,70.86023,47.225563,75.567276,44.995293,59.315704,55.18566,64.41662
EFT:54.572735,49.33648,46.014137,70.86023,47.225563,75.56728,44.995296,59.315704,55.18566,64.41662
Random230
Raw:54.572727,49.33647,46.01413,70.86023,47.225555,75.56727,44.99529,59.315697,55.185658,64.41661
EFT:54.572735,49.33648,46.014137,70.86023,47.225563,75.56728,44.995296,59.315704,55.18566,64.41662
Random231
Raw:54.57274,49.33648,46.01414,70.860245,47.225563,75.56728,44.995293,59.315704,55.185665,64.41662
EFT:54.572735,49.33648,46.014137,70.86023,47.225563,75.56728,44.995296,59.315704,55.18566,64.41662
Random232
Raw:54.572727,49.33647,46.014133,70.86023,47.22556,75.56727,44.99529,59.315697,55.185658,64.41662
EFT:54.572735,49.33648,46.014137,70.86023,47.225563,75.56728,44.995296,59.315704,55.18566,64.41662
Random233
Raw:54.572735,49.33648,46.014137,70.860245,47.225563,75.56728,44.995296,59.315704,55.185665,64.416626
EFT:54.572735,49.33648,46.014137,70.86023,47.225563,75.56728,44.995296,59.315704,55.18566,64.41662
Random234
Raw:54.572742,49.336487,46.014145,70.860245,47.22557,75.56729,44.995304,59.315712,55.185673,64.416626
EFT:54.572735,49.33648,46.014137,70.86023,47.225563,75.56728,44.995296,59.315704,55.18566,64.41662
Random235
Raw:54.57274,49.33648,46.01414,70.860245,47.225563,75.56728,44.995296,59.315704,55.185665,64.416626
EFT:54.572735,49.33648,46.014137,70.86023,47.225563,75.56728,44.995296,59.315704,55.18566,64.41662
Random236
Raw:54.572742,49.336487,46.014145,70.860245,47.22557,75.56729,44.9953,59.315712,55.185673,64.41663
EFT:54.572735,49.33648,46.014137,70.86023,47.225563,75.56728,44.995296,59.315704,55.18566,64.41662
Random237
Raw:54.572723,49.336468,46.01413,70.86023,47.225555,75.56727,44.995285,59.315693,55.185658,64.4166
EFT:54.572735,49.33648,46.014137,70.86023,47.225563,75.56728,44.995296,59.315704,55.18566,64.41662
Random238
Raw:54.572746,49.336487,46.014145,70.860245,47.22557,75.56729,44.9953,59.315712,55.18567,64.41663
EFT:54.572735,49.33648,46.014137,70.86023,47.225563,75.56728,44.995296,59.315704,55.18566,64.41662
Random239
Raw:54.57274,49.336483,46.014145,70.860245,47.225567,75.56729,44.9953,59.315712,55.185665,64.416626
EFT:54.572735,49.33648,46.014137,70.86023,47.225563,75.56728,44.995296,59.315704,55.18566,64.41662
Random240
Raw:54.57273,49.33648,46.014137,70.86023,47.225563,75.567276,44.995293,59.315704,55.18566,64.41662
EFT:54.572735,49.33648,46.014137,70.86023,47.225563,75.56728,44.995296,59.315704,55.18566,64.41662
Random241
Raw:54.572727,49.336468,46.01413,70.860214,47.225555,75.56727,44.99529,59.315693,55.185658,64.4166
EFT:54.572735,49.33648,46.014137,70.86023,47.225563,75.56728,44.995296,59.315704,55.18566,64.41662
Random242
Raw:54.572723,49.33647,46.01413,70.86023,47.225555,75.56727,44.995285,59.315697,55.185658,64.41661
EFT:54.572735,49.33648,46.014137,70.86023,47.225563,75.56728,44.995296,59.315704,55.18566,64.41662
Random243
Raw:54.572742,49.336483,46.014145,70.860245,47.225567,75.56729,44.995296,59.31571,55.18567,64.416626
EFT:54.572735,49.33648,46.014137,70.86023,47.225563,75.56728,44.995296,59.315704,55.18566,64.41662
Random244
Raw:54.572727,49.33647,46.01413,70.86023,47.225555,75.56727,44.995285,59.315693,55.185658,64.4166
EFT:54.572735,49.33648,46.014137,70.86023,47.225563,75.56728,44.995296,59.315704,55.18566,64.41662
Random245
Raw:54.57273,49.33648,46.014137,70.86023,47.225563,75.567276,44.995293,59.315704,55.185665,64.41662
EFT:54.572735,49.33648,46.014137,70.86023,47.225563,75.56728,44.995296,59.315704,55.18566,64.41662
Random246
Raw:54.572735,49.33648,46.014137,70.86023,47.225563,75.56728,44.995293,59.315704,55.185665,64.41662
EFT:54.572735,49.33648,46.014137,70.86023,47.225563,75.56728,44.995296,59.315704,55.18566,64.41662
Random247
Raw:54.572742,49.336487,46.014145,70.860245,47.22557,75.56729,44.995304,59.315712,55.185673,64.416626
EFT:54.572735,49.33648,46.014137,70.86023,47.225563,75.56728,44.995296,59.315704,55.18566,64.41662
Random248
Raw:54.57274,49.33648,46.01414,70.860245,47.225563,75.56728,44.995296,59.315704,55.185665,64.416626
EFT:54.572735,49.33648,46.014137,70.86023,47.225563,75.56728,44.995296,59.315704,55.18566,64.41662
Random249
Raw:54.572723,49.336468,46.01413,70.860214,47.225555,75.56727,44.995285,59.31569,55.185658,64.4166
EFT:54.572735,49.33648,46.014137,70.86023,47.225563,75.56728,44.995296,59.315704,55.18566,64.41662
Random250
Raw:54.572735,49.33648,46.01414,70.860245,47.225563,75.56728,44.995296,59.31571,55.185665,64.416626
EFT:54.572735,49.33648,46.014137,70.86023,47.225563,75.56728,44.995296,59.315704,55.18566,64.41662
Random251
Raw:54.57273,49.336475,46.014137,70.86023,47.225563,75.567276,44.99529,59.315697,55.185658,64.41662
EFT:54.572735,49.33648,46.014137,70.86023,47.225563,75.56728,44.995296,59.315704,55.18566,64.41662
Random252
Raw:54.57272,49.336464,46.014126,70.860214,47.225548,75.56725,44.99528,59.31568,55.185646,64.4166
EFT:54.572735,49.33648,46.014137,70.86023,47.225563,75.56728,44.995296,59.315704,55.18566,64.41662
Random253
Raw:54.572727,49.33647,46.014133,70.86023,47.22556,75.567276,44.995285,59.315697,55.185658,64.41661
EFT:54.572735,49.33648,46.014137,70.86023,47.225563,75.56728,44.995296,59.315704,55.18566,64.41662
Random254
Raw:54.572727,49.336475,46.014137,70.86023,47.225563,75.567276,44.99529,59.3157,55.18566,64.41662
EFT:54.572735,49.33648,46.014137,70.86023,47.225563,75.56728,44.995296,59.315704,55.18566,64.41662
Random255
Raw:54.572742,49.336487,46.014145,70.860245,47.22557,75.56729,44.995296,59.315712,55.18567,64.416626
EFT:54.572735,49.33648,46.014137,70.86023,47.225563,75.56728,44.995296,59.315704,55.18566,64.41662
Random256
Raw:54.57273,49.336475,46.014137,70.86023,47.22556,75.567276,44.995285,59.315697,55.185658,64.41662
EFT:54.572735,49.33648,46.014137,70.86023,47.225563,75.56728,44.995296,59.315704,55.18566,64.41662
Random257
Raw:54.572727,49.336475,46.014137,70.86023,47.225563,75.567276,44.99529,59.3157,55.18566,64.41662
EFT:54.572735,49.33648,46.014137,70.86023,47.225563,75.56728,44.995296,59.315704,55.18566,64.41662
Random258
Raw:54.572727,49.33647,46.01413,70.86023,47.225555,75.56727,44.99529,59.315697,55.185658,64.41661
EFT:54.572735,49.33648,46.014137,70.86023,47.225563,75.56728,44.995296,59.315704,55.18566,64.41662
Random259
Raw:54.572727,49.33647,46.01413,70.86023,47.225555,75.56727,44.995285,59.315693,55.185658,64.4166
EFT:54.572735,49.33648,46.014137,70.86023,47.225563,75.56728,44.995296,59.315704,55.18566,64.41662
Random260
Raw:54.572723,49.336468,46.01413,70.86023,47.225555,75.56727,44.995285,59.315693,55.185658,64.4166
EFT:54.572735,49.33648,46.014137,70.86023,47.225563,75.56728,44.995296,59.315704,55.18566,64.41662
Random261
Raw:54.572727,49.33647,46.014133,70.86023,47.22556,75.56727,44.99529,59.315697,55.185658,64.41662
EFT:54.572735,49.33648,46.014137,70.86023,47.225563,75.56728,44.995296,59.315704,55.18566,64.41662
Random262
Raw:54.572727,49.336468,46.01413,70.860214,47.225555,75.56727,44.99529,59.315693,55.185658,64.4166
EFT:54.572735,49.33648,46.014137,70.86023,47.225563,75.56728,44.995296,59.315704,55.18566,64.41662
Random263
Raw:54.57272,49.336464,46.01413,70.860214,47.22555,75.56726,44.995285,59.31569,55.185654,64.4166
EFT:54.572735,49.33648,46.014137,70.86023,47.225563,75.56728,44.995296,59.315704,55.18566,64.41662
Random264
Raw:54.57274,49.33648,46.01414,70.860245,47.225563,75.56728,44.995296,59.315704,55.185665,64.416626
EFT:54.572735,49.33648,46.014137,70.86023,47.225563,75.56728,44.995296,59.315704,55.18566,64.41662
Random265
Raw:54.57272,49.336464,46.014126,70.860214,47.225548,75.56726,44.99528,59.315685,55.18565,64.4166
EFT:54.572735,49.33648,46.014137,70.86023,47.225563,75.56728,44.995296,59.315704,55.18566,64.41662
Random266
Raw:54.572735,49.33647,46.014137,70.86023,47.22556,75.567276,44.995296,59.3157,55.185658,64.41662
EFT:54.572735,49.33648,46.014137,70.86023,47.225563,75.56728,44.995296,59.315704,55.18566,64.41662
Random267
Raw:54.572735,49.33647,46.014133,70.86023,47.225555,75.567276,44.995293,59.315697,55.185658,64.41661
EFT:54.572735,49.33648,46.014137,70.86023,47.225563,75.56728,44.995296,59.315704,55.18566,64.41662
Random268
Raw:54.572727,49.336475,46.014137,70.86023,47.225563,75.567276,44.99529,59.3157,55.18566,64.41662
EFT:54.572735,49.33648,46.014137,70.86023,47.225563,75.56728,44.995296,59.315704,55.18566,64.41662
Random269
Raw:54.57273,49.33648,46.014137,70.86023,47.225563,75.567276,44.995293,59.315704,55.185665,64.41662
EFT:54.572735,49.33648,46.014137,70.86023,47.225563,75.56728,44.995296,59.315704,55.18566,64.41662
Random270
Raw:54.57274,49.33648,46.01414,70.860245,47.225563,75.56728,44.995293,59.315704,55.185665,64.41662
EFT:54.572735,49.33648,46.014137,70.86023,47.225563,75.56728,44.995296,59.315704,55.18566,64.41662
Random271
Raw:54.572735,49.33648,46.014137,70.86023,47.225563,75.56728,44.995293,59.315704,55.185665,64.41662
EFT:54.572735,49.33648,46.014137,70.86023,47.225563,75.56728,44.995296,59.315704,55.18566,64.41662
Random272
Raw:54.572712,49.33646,46.014122,70.860214,47.225548,75.56725,44.995277,59.31568,55.185642,64.416595
EFT:54.572735,49.33648,46.014137,70.86023,47.225563,75.56728,44.995296,59.315704,55.18566,64.41662
Random273
Raw:54.572735,49.33648,46.014137,70.86023,47.225563,75.56728,44.995293,59.315704,55.185665,64.41662
EFT:54.572735,49.33648,46.014137,70.86023,47.225563,75.56728,44.995296,59.315704,55.18566,64.41662
Random274
Raw:54.572727,49.33647,46.014133,70.86023,47.225555,75.56727,44.995293,59.315697,55.185658,64.41661
EFT:54.572735,49.33648,46.014137,70.86023,47.225563,75.56728,44.995296,59.315704,55.18566,64.41662
Random275
Raw:54.572746,49.336487,46.014145,70.860245,47.22557,75.56729,44.995304,59.315712,55.185673,64.41663
EFT:54.572735,49.33648,46.014137,70.86023,47.225563,75.56728,44.995296,59.315704,55.18566,64.41662
Random276
Raw:54.57274,49.33648,46.01414,70.860245,47.225563,75.56728,44.995296,59.315704,55.185665,64.416626
EFT:54.572735,49.33648,46.014137,70.86023,47.225563,75.56728,44.995296,59.315704,55.18566,64.41662
Random277
Raw:54.572735,49.33648,46.014137,70.86023,47.225563,75.56728,44.995293,59.315704,55.185665,64.41662
EFT:54.572735,49.33648,46.014137,70.86023,47.225563,75.56728,44.995296,59.315704,55.18566,64.41662
Random278
Raw:54.572727,49.33647,46.01413,70.86023,47.225555,75.56727,44.995293,59.315693,55.185658,64.41661
EFT:54.572735,49.33648,46.014137,70.86023,47.225563,75.56728,44.995296,59.315704,55.18566,64.41662
Random279
Raw:54.572727,49.33647,46.014137,70.86023,47.22556,75.567276,44.99529,59.315697,55.185658,64.41662
EFT:54.572735,49.33648,46.014137,70.86023,47.225563,75.56728,44.995296,59.315704,55.18566,64.41662
Random280
Raw:54.57273,49.33647,46.014133,70.86023,47.22556,75.567276,44.995293,59.315697,55.185658,64.41662
EFT:54.572735,49.33648,46.014137,70.86023,47.225563,75.56728,44.995296,59.315704,55.18566,64.41662
Random281
Raw:54.572727,49.336475,46.014137,70.86023,47.225563,75.567276,44.99529,59.3157,55.18566,64.41662
EFT:54.572735,49.33648,46.014137,70.86023,47.225563,75.56728,44.995296,59.315704,55.18566,64.41662
Random282
Raw:54.57273,49.33648,46.014137,70.86023,47.225563,75.567276,44.995293,59.315704,55.185665,64.41662
EFT:54.572735,49.33648,46.014137,70.86023,47.225563,75.56728,44.995296,59.315704,55.18566,64.41662
Random283
Raw:54.572727,49.33647,46.014133,70.86023,47.225555,75.56727,44.995285,59.315697,55.185658,64.41661
EFT:54.572735,49.33648,46.014137,70.86023,47.225563,75.56728,44.995296,59.315704,55.18566,64.41662
Random284
Raw:54.572735,49.33648,46.014137,70.860245,47.225563,75.56728,44.995296,59.315704,55.185665,64.416626
EFT:54.572735,49.33648,46.014137,70.86023,47.225563,75.56728,44.995296,59.315704,55.18566,64.41662
Random285
Raw:54.572727,49.336468,46.01413,70.860214,47.225555,75.56727,44.99529,59.315693,55.185658,64.4166
EFT:54.572735,49.33648,46.014137,70.86023,47.225563,75.56728,44.995296,59.315704,55.18566,64.41662
Random286
Raw:54.572727,49.33647,46.014133,70.86023,47.22556,75.56727,44.99529,59.315697,55.185658,64.41662
EFT:54.572735,49.33648,46.014137,70.86023,47.225563,75.56728,44.995296,59.315704,55.18566,64.41662
Random287
Raw:54.572746,49.336487,46.014145,70.860245,47.22557,75.56729,44.995304,59.315712,55.185673,64.41663
EFT:54.572735,49.33648,46.014137,70.86023,47.225563,75.56728,44.995296,59.315704,55.18566,64.41662
Random288
Raw:54.572735,49.33648,46.014137,70.860245,47.225563,75.56728,44.995296,59.315704,55.185665,64.416626
EFT:54.572735,49.33648,46.014137,70.86023,47.225563,75.56728,44.995296,59.315704,55.18566,64.41662
Random289
Raw:54.572735,49.336475,46.014137,70.86023,47.22556,75.567276,44.995293,59.3157,55.185665,64.41662
EFT:54.572735,49.33648,46.014137,70.86023,47.225563,75.56728,44.995296,59.315704,55.18566,64.41662
Random290
Raw:54.572727,49.33647,46.01413,70.86023,47.225555,75.56727,44.99529,59.315697,55.185658,64.41661
EFT:54.572735,49.33648,46.014137,70.86023,47.225563,75.56728,44.995296,59.315704,55.18566,64.41662
Random291
Raw:54.57273,49.336475,46.014137,70.86023,47.225563,75.567276,44.995293,59.315697,55.185658,64.41662
EFT:54.572735,49.33648,46.014137,70.86023,47.225563,75.56728,44.995296,59.315704,55.18566,64.41662
Random292
Raw:54.572727,49.336468,46.01413,70.86023,47.225555,75.56727,44.995285,59.31569,55.185654,64.4166
EFT:54.572735,49.33648,46.014137,70.86023,47.225563,75.56728,44.995296,59.315704,55.18566,64.41662
Random293
Raw:54.57274,49.336483,46.014145,70.860245,47.225567,75.56729,44.9953,59.315712,55.185665,64.416626
EFT:54.572735,49.33648,46.014137,70.86023,47.225563,75.56728,44.995296,59.315704,55.18566,64.41662
Random294
Raw:54.572727,49.33647,46.01413,70.86023,47.225555,75.56727,44.995285,59.315693,55.185658,64.4166
EFT:54.572735,49.33648,46.014137,70.86023,47.225563,75.56728,44.995296,59.315704,55.18566,64.41662
Random295
Raw:54.572735,49.33648,46.014137,70.86023,47.225563,75.567276,44.995293,59.3157,55.18566,64.41662
EFT:54.572735,49.33648,46.014137,70.86023,47.225563,75.56728,44.995296,59.315704,55.18566,64.41662
Random296
Raw:54.572727,49.33647,46.014133,70.86023,47.22556,75.567276,44.995285,59.315697,55.185658,64.41661
EFT:54.572735,49.33648,46.014137,70.86023,47.225563,75.56728,44.995296,59.315704,55.18566,64.41662
Random297
Raw:54.57273,49.33648,46.014137,70.86023,47.225563,75.567276,44.995293,59.315704,55.18566,64.41662
EFT:54.572735,49.33648,46.014137,70.86023,47.225563,75.56728,44.995296,59.315704,55.18566,64.41662
Random298
Raw:54.572742,49.336487,46.014145,70.860245,47.22557,75.5673,44.9953,59.315712,55.185673,64.41663
EFT:54.572735,49.33648,46.014137,70.86023,47.225563,75.56728,44.995296,59.315704,55.18566,64.41662
Random299
Raw:54.572735,49.33647,46.014137,70.86023,47.225555,75.567276,44.995293,59.315697,55.18566,64.41661
EFT:54.572735,49.33648,46.014137,70.86023,47.225563,75.56728,44.995296,59.315704,55.18566,64.41662
Random300
Raw:54.572742,49.336487,46.014145,70.860245,47.22557,75.56729,44.9953,59.315712,55.185673,64.416626
EFT:54.572735,49.33648,46.014137,70.86023,47.225563,75.56728,44.995296,59.315704,55.18566,64.41662
