Ascend
Raw:29.666597,35.783226,42.072025,37.64967,30.011095,34.9661,29.709177,34.0614,32.077766,29.178099
EFT:29.666597,35.783226,42.072025,37.649666,30.011093,34.9661,29.709175,34.061398,32.077766,29.178097
Descend
Raw:29.66659,35.78322,42.072018,37.64966,30.01109,34.966087,29.70917,34.061394,32.077763,29.17809
EFT:29.666597,35.783226,42.072025,37.649666,30.011093,34.9661,29.709175,34.061398,32.077766,29.178097
Random1
Raw:29.6666,35.783226,42.07203,37.649666,30.011095,34.9661,29.709177,34.0614,32.077766,29.178093
EFT:29.666597,35.783226,42.072025,37.649666,30.011093,34.9661,29.709175,34.061398,32.077766,29.178097
Random2
Raw:29.666595,35.783226,42.072025,37.64967,30.011095,34.9661,29.709177,34.0614,32.07777,29.178097
EFT:29.666597,35.783226,42.072025,37.649666,30.011093,34.9661,29.709175,34.061398,32.077766,29.178097
Random3
Raw:29.666594,35.783222,42.07202,37.649662,30.011091,34.966095,29.709173,34.061398,32.077766,29.178093
EFT:29.666597,35.783226,42.072025,37.649666,30.011093,34.9661,29.709175,34.061398,32.077766,29.178097
Random4
Raw:29.666594,35.78322,42.072018,37.649662,30.01109,34.966095,29.709171,34.061394,32.077763,29.178093
EFT:29.666597,35.783226,42.072025,37.649666,30.011093,34.9661,29.709175,34.061398,32.077766,29.178097
Random5
Raw:29.6666,35.783226,42.07203,37.64967,30.011097,34.9661,29.709179,34.0614,32.07777,29.178099
EFT:29.666597,35.783226,42.072025,37.649666,30.011093,34.9661,29.709175,34.061398,32.077766,29.178097
Random6
Raw:29.6666,35.783226,42.07203,37.649666,30.011097,34.9661,29.709179,34.0614,32.077766,29.178097
EFT:29.666597,35.783226,42.072025,37.649666,30.011093,34.9661,29.709175,34.061398,32.077766,29.178097
Random7
Raw:29.666597,35.783226,42.07203,37.649666,30.011095,34.9661,29.709177,34.0614,32.077766,29.178097
EFT:29.666597,35.783226,42.072025,37.649666,30.011093,34.9661,29.709175,34.061398,32.077766,29.178097
Random8
Raw:29.6666,35.783222,42.07203,37.649662,30.011095,34.9661,29.709179,34.061398,32.077766,29.178095
EFT:29.666597,35.783226,42.072025,37.649666,30.011093,34.9661,29.709175,34.061398,32.077766,29.178097
Random9
Raw:29.666595,35.783222,42.072025,37.649666,30.011093,34.9661,29.709175,34.061398,32.077766,29.178097
EFT:29.666597,35.783226,42.072025,37.649666,30.011093,34.9661,29.709175,34.061398,32.077766,29.178097
Random10
Raw:29.666595,35.783222,42.072025,37.649662,30.011093,34.966095,29.709175,34.061398,32.077766,29.178093
EFT:29.666597,35.783226,42.072025,37.649666,30.011093,34.9661,29.709175,34.061398,32.077766,29.178097
Random11
Raw:29.6666,35.783222,42.07203,37.649662,30.011093,34.966095,29.709179,34.061398,32.077766,29.178093
EFT:29.666597,35.783226,42.072025,37.649666,30.011093,34.9661,29.709175,34.061398,32.077766,29.178097
Random12
Raw:29.666592,35.78322,42.072018,37.649662,30.01109,34.96609,29.70917,34.061394,32.077763,29.178091
EFT:29.666597,35.783226,42.072025,37.649666,30.011093,34.9661,29.709175,34.061398,32.077766,29.178097
Random13
Raw:29.666594,35.78322,42.072018,37.649666,30.011091,34.966095,29.709171,34.061394,32.077763,29.178093
EFT:29.666597,35.783226,42.072025,37.649666,30.011093,34.9661,29.709175,34.061398,32.077766,29.178097
Random14
Raw:29.6666,35.783226,42.072025,37.649673,30.011097,34.966103,29.709175,34.0614,32.07777,29.1781
EFT:29.666597,35.783226,42.072025,37.649666,30.011093,34.9661,29.709175,34.061398,32.077766,29.178097
Random15
Raw:29.666592,35.783215,42.072014,37.649654,30.011087,34.966087,29.709173,34.06139,32.077763,29.17809
EFT:29.666597,35.783226,42.072025,37.649666,30.011093,34.9661,29.709175,34.061398,32.077766,29.178097
Random16
Raw:29.666603,35.783226,42.07203,37.64967,30.011097,34.9661,29.709183,34.0614,32.07777,29.178097
EFT:29.666597,35.783226,42.072025,37.649666,30.011093,34.9661,29.709175,34.061398,32.077766,29.178097
Random17
Raw:29.66659,35.78322,42.072014,37.649662,30.011087,34.966095,29.709166,34.061394,32.077763,29.178091
EFT:29.666597,35.783226,42.072025,37.649666,30.011093,34.9661,29.709175,34.061398,32.077766,29.178097
Random18
Raw:29.666595,35.783222,42.072025,37.649662,30.011093,34.966095,29.709177,34.061398,32.077766,29.178091
EFT:29.666597,35.783226,42.072025,37.649666,30.011093,34.9661,29.709175,34.061398,32.077766,29.178097
Random19
Raw:29.666597,35.783226,42.07203,37.64967,30.011095,34.966103,29.709177,34.061405,32.07777,29.1781
EFT:29.666597,35.783226,42.072025,37.649666,30.011093,34.9661,29.709175,34.061398,32.077766,29.178097
Random20
Raw:29.6666,35.783222,42.07202,37.649666,30.011095,34.9661,29.709177,34.0614,32.077766,29.178097
EFT:29.666597,35.783226,42.072025,37.649666,30.011093,34.9661,29.709175,34.061398,32.077766,29.178097
Random21
Raw:29.666597,35.783226,42.07203,37.649666,30.011095,34.9661,29.709177,34.0614,32.077766,29.178095
EFT:29.666597,35.783226,42.072025,37.649666,30.011093,34.9661,29.709175,34.061398,32.077766,29.178097
Random22
Raw:29.666595,35.78322,42.07202,37.649662,30.011091,34.966095,29.709173,34.061398,32.077766,29.178095
EFT:29.666597,35.783226,42.072025,37.649666,30.011093,34.9661,29.709175,34.061398,32.077766,29.178097
Random23
Raw:29.666594,35.78322,42.072018,37.649662,30.011087,34.966095,29.709171,34.061394,32.077763,29.178093
EFT:29.666597,35.783226,42.072025,37.649666,30.011093,34.9661,29.709175,34.061398,32.077766,29.178097
Random24
Raw:29.66659,35.783215,42.072014,37.64966,30.011087,34.96609,29.70917,34.061394,32.077763,29.178087
EFT:29.666597,35.783226,42.072025,37.649666,30.011093,34.9661,29.709175,34.061398,32.077766,29.178097
Random25
Raw:29.666601,35.783234,42.07203,37.649677,30.011099,34.966106,29.709179,34.061405,32.077774,29.178104
EFT:29.666597,35.783226,42.072025,37.649666,30.011093,34.9661,29.709175,34.061398,32.077766,29.178097
Random26
Raw:29.666594,35.783222,42.07202,37.649666,30.011091,34.9661,29.709173,34.061398,32.077766,29.178095
EFT:29.666597,35.783226,42.072025,37.649666,30.011093,34.9661,29.709175,34.061398,32.077766,29.178097
Random27
Raw:29.666595,35.78322,42.072018,37.649662,30.01109,34.966095,29.709173,34.061394,32.077763,29.178093
EFT:29.666597,35.783226,42.072025,37.649666,30.011093,34.9661,29.709175,34.061398,32.077766,29.178097
Random28
Raw:29.666595,35.78322,42.07202,37.649662,30.011091,34.966095,29.709173,34.061394,32.077763,29.178093
EFT:29.666597,35.783226,42.072025,37.649666,30.011093,34.9661,29.709175,34.061398,32.077766,29.178097
Random29
Raw:29.6666,35.783226,42.07203,37.649666,30.011095,34.9661,29.709177,34.0614,32.077766,29.178095
EFT:29.666597,35.783226,42.072025,37.649666,30.011093,34.9661,29.709175,34.061398,32.077766,29.178097
Random30
Raw:29.666594,35.783226,42.07202,37.64967,30.011093,34.9661,29.709175,34.061398,32.07777,29.178093
EFT:29.666597,35.783226,42.072025,37.649666,30.011093,34.9661,29.709175,34.061398,32.077766,29.178097
Random31
Raw:29.666592,35.783215,42.072014,37.64966,30.011087,34.96609,29.70917,34.06139,32.07776,29.17809
EFT:29.666597,35.783226,42.072025,37.649666,30.011093,34.9661,29.709175,34.061398,32.077766,29.178097
Random32
Raw:29.666595,35.78322,42.072018,37.649666,30.011091,34.966095,29.70917,34.061398,32.077763,29.178095
EFT:29.666597,35.783226,42.072025,37.649666,30.011093,34.9661,29.709175,34.061398,32.077766,29.178097
Random33
Raw:29.666595,35.78322,42.07202,37.649662,30.011091,34.966095,29.709173,34.061398,32.077763,29.178093
EFT:29.666597,35.783226,42.072025,37.649666,30.011093,34.9661,29.709175,34.061398,32.077766,29.178097
Random34
Raw:29.666605,35.78323,42.072033,37.649673,30.011099,34.966106,29.709185,34.06141,32.077774,29.178099
EFT:29.666597,35.783226,42.072025,37.649666,30.011093,34.9661,29.709175,34.061398,32.077766,29.178097
Random35
Raw:29.666595,35.783226,42.072025,37.649662,30.011093,34.966095,29.709175,34.0614,32.077766,29.178093
EFT:29.666597,35.783226,42.072025,37.649666,30.011093,34.9661,29.709175,34.061398,32.077766,29.178097
Random36
Raw:29.666592,35.78322,42.072018,37.649662,30.011091,34.966095,29.70917,34.061398,32.077766,29.178093
EFT:29.666597,35.783226,42.072025,37.649666,30.011093,34.9661,29.709175,34.061398,32.077766,29.178097
Random37
Raw:29.666595,35.783222,42.07202,37.649662,30.01109,34.966095,29.709173,34.061394,32.077763,29.178091
EFT:29.666597,35.783226,42.072025,37.649666,30.011093,34.9661,29.709175,34.061398,32.077766,29.178097
Random38
Raw:29.666595,35.783222,42.07202,37.649662,30.011091,34.966095,29.709175,34.061398,32.077766,29.178093
EFT:29.666597,35.783226,42.072025,37.649666,30.011093,34.9661,29.709175,34.061398,32.077766,29.178097
Random39
Raw:29.666594,35.78322,42.07202,37.649654,30.01109,34.96609,29.709175,34.061394,32.077763,29.178087
EFT:29.666597,35.783226,42.072025,37.649666,30.011093,34.9661,29.709175,34.061398,32.077766,29.178097
Random40
Raw:29.666605,35.783234,42.072033,37.649677,30.0111,34.96611,29.709183,34.06141,32.077774,29.1781
EFT:29.666597,35.783226,42.072025,37.649666,30.011093,34.9661,29.709175,34.061398,32.077766,29.178097
Random41
Raw:29.666594,35.78322,42.072018,37.64967,30.011091,34.9661,29.70917,34.061398,32.077766,29.178097
EFT:29.666597,35.783226,42.072025,37.649666,30.011093,34.9661,29.709175,34.061398,32.077766,29.178097
Random42
Raw:29.6666,35.783222,42.07202,37.64967,30.011097,34.966103,29.709173,34.0614,32.077766,29.1781
EFT:29.666597,35.783226,42.072025,37.649666,30.011093,34.9661,29.709175,34.061398,32.077766,29.178097
Random43
Raw:29.666594,35.78322,42.072018,37.649662,30.01109,34.966095,29.709171,34.061394,32.077763,29.178093
EFT:29.666597,35.783226,42.072025,37.649666,30.011093,34.9661,29.709175,34.061398,32.077766,29.178097
Random44
Raw:29.666597,35.783222,42.07202,37.64967,30.011095,34.9661,29.709173,34.0614,32.077766,29.178099
EFT:29.666597,35.783226,42.072025,37.649666,30.011093,34.9661,29.709175,34.061398,32.077766,29.178097
Random45
Raw:29.666592,35.783215,42.072014,37.649654,30.011087,34.96609,29.709173,34.06139,32.077763,29.17809
EFT:29.666597,35.783226,42.072025,37.649666,30.011093,34.9661,29.709175,34.061398,32.077766,29.178097
Random46
Raw:29.666595,35.78322,42.07202,37.649662,30.011091,34.966095,29.709173,34.061394,32.077763,29.178093
EFT:29.666597,35.783226,42.072025,37.649666,30.011093,34.9661,29.709175,34.061398,32.077766,29.178097
Random47
Raw:29.6666,35.78323,42.07203,37.649673,30.011097,34.966103,29.709177,34.061405,32.07777,29.1781
EFT:29.666597,35.783226,42.072025,37.649666,30.011093,34.9661,29.709175,34.061398,32.077766,29.178097
Random48
Raw:29.666592,35.78322,42.072018,37.64966,30.011087,34.966095,29.70917,34.061394,32.077763,29.178091
EFT:29.666597,35.783226,42.072025,37.649666,30.011093,34.9661,29.709175,34.061398,32.077766,29.178097
Random49
Raw:29.666595,35.783226,42.07202,37.64967,30.011095,34.9661,29.709171,34.0614,32.077766,29.178099
EFT:29.666597,35.783226,42.072025,37.649666,30.011093,34.9661,29.709175,34.061398,32.077766,29.178097
Random50
Raw:29.666603,35.783226,42.07203,37.64967,30.011099,34.966103,29.70918,34.0614,32.07777,29.1781
EFT:29.666597,35.783226,42.072025,37.649666,30.011093,34.9661,29.709175,34.061398,32.077766,29.178097
Random51
Raw:29.666595,35.783222,42.07202,37.649662,30.011091,34.966095,29.709173,34.061398,32.077766,29.178097
EFT:29.666597,35.783226,42.072025,37.649666,30.011093,34.9661,29.709175,34.061398,32.077766,29.178097
Random52
Raw:29.666595,35.783222,42.07202,37.649662,30.011091,34.966095,29.709175,34.061398,32.077766,29.178093
EFT:29.666597,35.783226,42.072025,37.649666,30.011093,34.9661,29.709175,34.061398,32.077766,29.178097
Random53
Raw:29.666597,35.783226,42.072025,37.64967,30.011093,34.9661,29.709177,34.0614,32.077766,29.178097
EFT:29.666597,35.783226,42.072025,37.649666,30.011093,34.9661,29.709175,34.061398,32.077766,29.178097
Random54
Raw:29.666592,35.783222,42.07202,37.649662,30.01109,34.966095,29.709173,34.061398,32.077766,29.178093
EFT:29.666597,35.783226,42.072025,37.649666,30.011093,34.9661,29.709175,34.061398,32.077766,29.178097
Random55
Raw:29.666592,35.78322,42.072018,37.649662,30.011091,34.96609,29.70917,34.061394,32.077763,29.178093
EFT:29.666597,35.783226,42.072025,37.649666,30.011093,34.9661,29.709175,34.061398,32.077766,29.178097
Random56
Raw:29.666601,35.783226,42.07203,37.64967,30.011099,34.966103,29.709179,34.0614,32.07777,29.1781
EFT:29.666597,35.783226,42.072025,37.649666,30.011093,34.9661,29.709175,34.061398,32.077766,29.178097
Random57
Raw:29.6666,35.783226,42.07203,37.649666,30.011095,34.9661,29.709177,34.0614,32.077766,29.178097
EFT:29.666597,35.783226,42.072025,37.649666,30.011093,34.9661,29.709175,34.061398,32.077766,29.178097
Random58
Raw:29.6666,35.783226,42.07203,37.64967,30.011097,34.966103,29.709177,34.0614,32.07777,29.1781
EFT:29.666597,35.783226,42.072025,37.649666,30.011093,34.9661,29.709175,34.061398,32.077766,29.178097
Random59
Raw:29.666597,35.783226,42.07203,37.64967,30.011095,34.9661,29.709177,34.0614,32.07777,29.178099
EFT:29.666597,35.783226,42.072025,37.649666,30.011093,34.9661,29.709175,34.061398,32.077766,29.178097
Random60
Raw:29.6666,35.783222,42.07203,37.649662,30.011091,34.966095,29.709177,34.061398,32.077766,29.178093
EFT:29.666597,35.783226,42.072025,37.649666,30.011093,34.9661,29.709175,34.061398,32.077766,29.178097
Random61
Raw:29.666594,35.78322,42.072018,37.649662,30.011091,34.966095,29.709171,34.061394,32.077763,29.178093
EFT:29.666597,35.783226,42.072025,37.649666,30.011093,34.9661,29.709175,34.061398,32.077766,29.178097
Random62
Raw:29.66659,35.783215,42.072014,37.649654,30.011087,34.966087,29.709167,34.06139,32.077763,29.178087
EFT:29.666597,35.783226,42.072025,37.649666,30.011093,34.9661,29.709175,34.061398,32.077766,29.178097
Random63
Raw:29.66659,35.783215,42.072006,37.64966,30.011086,34.96609,29.709164,34.06139,32.07776,29.178091
EFT:29.666597,35.783226,42.072025,37.649666,30.011093,34.9661,29.709175,34.061398,32.077766,29.178097
Random64
Raw:29.666607,35.783234,42.072033,37.649677,30.011103,34.96611,29.709185,34.061413,32.077774,29.178104
EFT:29.666597,35.783226,42.072025,37.649666,30.011093,34.9661,29.709175,34.061398,32.077766,29.178097
Random65
Raw:29.666597,35.783226,42.07203,37.64967,30.011095,34.966103,29.709177,34.061405,32.07777,29.1781
EFT:29.666597,35.783226,42.072025,37.649666,30.011093,34.9661,29.709175,34.061398,32.077766,29.178097
Random66
Raw:29.666594,35.783222,42.072025,37.649662,30.01109,34.966095,29.709173,34.061398,32.077766,29.178091
EFT:29.666597,35.783226,42.072025,37.649666,30.011093,34.9661,29.709175,34.061398,32.077766,29.178097
Random67
Raw:29.666584,35.783215,42.072006,37.64965,30.011082,34.966084,29.709166,34.061386,32.07776,29.178082
EFT:29.666597,35.783226,42.072025,37.649666,30.011093,34.9661,29.709175,34.061398,32.077766,29.178097
Random68
Raw:29.6666,35.783226,42.07203,37.64967,30.011099,34.966103,29.709179,34.0614,32.07777,29.1781
EFT:29.666597,35.783226,42.072025,37.649666,30.011093,34.9661,29.709175,34.061398,32.077766,29.178097
Random69
Raw:29.6666,35.783226,42.07203,37.64967,30.011099,34.966103,29.709179,34.0614,32.07777,29.178097
EFT:29.666597,35.783226,42.072025,37.649666,30.011093,34.9661,29.709175,34.061398,32.077766,29.178097
Random70
Raw:29.6666,35.783226,42.07203,37.64967,30.011097,34.966103,29.709177,34.061405,32.07777,29.1781
EFT:29.666597,35.783226,42.072025,37.649666,30.011093,34.9661,29.709175,34.061398,32.077766,29.178097
Random71
Raw:29.666601,35.78323,42.07203,37.649673,30.011099,34.966103,29.70918,34.0614,32.07777,29.178099
EFT:29.666597,35.783226,42.072025,37.649666,30.011093,34.9661,29.709175,34.061398,32.077766,29.178097
Random72
Raw:29.666597,35.783226,42.072025,37.649666,30.011093,34.9661,29.709177,34.0614,32.077766,29.178097
EFT:29.666597,35.783226,42.072025,37.649666,30.011093,34.9661,29.709175,34.061398,32.077766,29.178097
Random73
Raw:29.666597,35.78322,42.072025,37.64966,30.011091,34.966095,29.709177,34.061398,32.077766,29.178091
EFT:29.666597,35.783226,42.072025,37.649666,30.011093,34.9661,29.709175,34.061398,32.077766,29.178097
Random74
Raw:29.6666,35.783226,42.07203,37.649666,30.011095,34.9661,29.709179,34.0614,32.077766,29.178093
EFT:29.666597,35.783226,42.072025,37.649666,30.011093,34.9661,29.709175,34.061398,32.077766,29.178097
Random75
Raw:29.6666,35.783234,42.07203,37.649677,30.0111,34.96611,29.709177,34.06141,32.077774,29.178104
EFT:29.666597,35.783226,42.072025,37.649666,30.011093,34.9661,29.709175,34.061398,32.077766,29.178097
Random76
Raw:29.666594,35.78322,42.072018,37.649662,30.01109,34.966095,29.709171,34.061394,32.077763,29.178093
EFT:29.666597,35.783226,42.072025,37.649666,30.011093,34.9661,29.709175,34.061398,32.077766,29.178097
Random77
Raw:29.666601,35.783226,42.07203,37.64967,30.011099,34.966103,29.709179,34.0614,32.07777,29.1781
EFT:29.666597,35.783226,42.072025,37.649666,30.011093,34.9661,29.709175,34.061398,32.077766,29.178097
Random78
Raw:29.666595,35.78322,42.07202,37.649666,30.011091,34.966095,29.709173,34.061398,32.077766,29.178097
EFT:29.666597,35.783226,42.072025,37.649666,30.011093,34.9661,29.709175,34.061398,32.077766,29.178097
Random79
Raw:29.6666,35.783222,42.07202,37.64967,30.011097,34.966103,29.709173,34.061398,32.077766,29.178099
EFT:29.666597,35.783226,42.072025,37.649666,30.011093,34.9661,29.709175,34.061398,32.077766,29.178097
Random80
Raw:29.666595,35.78322,42.07202,37.649662,30.011091,34.966095,29.709173,34.061398,32.077766,29.178093
EFT:29.666597,35.783226,42.072025,37.649666,30.011093,34.9661,29.709175,34.061398,32.077766,29.178097
Random81
Raw:29.666601,35.783234,42.072033,37.649677,30.011099,34.966106,29.709179,34.06141,32.077774,29.178104
EFT:29.666597,35.783226,42.072025,37.649666,30.011093,34.9661,29.709175,34.061398,32.077766,29.178097
Random82
Raw:29.666592,35.78322,42.072018,37.649662,30.011091,34.96609,29.70917,34.061398,32.077763,29.178093
EFT:29.666597,35.783226,42.072025,37.649666,30.011093,34.9661,29.709175,34.061398,32.077766,29.178097
Random83
Raw:29.666594,35.78322,42.07202,37.649666,30.011093,34.966095,29.709171,34.061398,32.077766,29.178095
EFT:29.666597,35.783226,42.072025,37.649666,30.011093,34.9661,29.709175,34.061398,32.077766,29.178097
Random84
Raw:29.666595,35.783222,42.07202,37.649662,30.011091,34.966095,29.709175,34.061398,32.077766,29.178093
EFT:29.666597,35.783226,42.072025,37.649666,30.011093,34.9661,29.709175,34.061398,32.077766,29.178097
Random85
Raw:29.666595,35.783222,42.07202,37.649666,30.011091,34.966095,29.709173,34.061398,32.077766,29.178095
EFT:29.666597,35.783226,42.072025,37.649666,30.011093,34.9661,29.709175,34.061398,32.077766,29.178097
Random86
Raw:29.666595,35.783222,42.072025,37.649666,30.011093,34.966095,29.709173,34.0614,32.077766,29.178095
EFT:29.666597,35.783226,42.072025,37.649666,30.011093,34.9661,29.709175,34.061398,32.077766,29.178097
Random87
Raw:29.666597,35.783226,42.07202,37.649677,30.011097,34.966103,29.709173,34.061405,32.07777,29.1781
EFT:29.666597,35.783226,42.072025,37.649666,30.011093,34.9661,29.709175,34.061398,32.077766,29.178097
Random88
Raw:29.666597,35.783226,42.07203,37.64967,30.011095,34.966103,29.709177,34.0614,32.07777,29.178099
EFT:29.666597,35.783226,42.072025,37.649666,30.011093,34.9661,29.709175,34.061398,32.077766,29.178097
Random89
Raw:29.666595,35.78322,42.072018,37.649662,30.01109,34.966095,29.709173,34.061394,32.077766,29.178095
EFT:29.666597,35.783226,42.072025,37.649666,30.011093,34.9661,29.709175,34.061398,32.077766,29.178097
Random90
Raw:29.666592,35.783215,42.072014,37.64966,30.011086,34.966087,29.70917,34.061394,32.07776,29.17809
EFT:29.666597,35.783226,42.072025,37.649666,30.011093,34.9661,29.709175,34.061398,32.077766,29.178097
Random91
Raw:29.666592,35.78322,42.072014,37.64966,30.011087,34.96609,29.70917,34.061394,32.077763,29.17809
EFT:29.666597,35.783226,42.072025,37.649666,30.011093,34.9661,29.709175,34.061398,32.077766,29.178097
Random92
Raw:29.666603,35.783226,42.07203,37.64967,30.011095,34.966103,29.709179,34.0614,32.07777,29.178097
EFT:29.666597,35.783226,42.072025,37.649666,30.011093,34.9661,29.709175,34.061398,32.077766,29.178097
Random93
Raw:29.666594,35.783222,42.072018,37.64967,30.011091,34.966095,29.70917,34.061398,32.077766,29.178095
EFT:29.666597,35.783226,42.072025,37.649666,30.011093,34.9661,29.709175,34.061398,32.077766,29.178097
Random94
Raw:29.666588,35.78321,42.072014,37.64965,30.011084,34.966084,29.70917,34.061386,32.07776,29.178083
EFT:29.666597,35.783226,42.072025,37.649666,30.011093,34.9661,29.709175,34.061398,32.077766,29.178097
Random95
Raw:29.66659,35.78322,42.072018,37.64966,30.011087,34.96609,29.709171,34.061394,32.077763,29.17809
EFT:29.666597,35.783226,42.072025,37.649666,30.011093,34.9661,29.709175,34.061398,32.077766,29.178097
Random96
Raw:29.666595,35.783226,42.07202,37.64967,30.011095,34.9661,29.709171,34.0614,32.07777,29.178099
EFT:29.666597,35.783226,42.072025,37.649666,30.011093,34.9661,29.709175,34.061398,32.077766,29.178097
Random97
Raw:29.666594,35.78322,42.072018,37.64966,30.011087,34.966095,29.709171,34.061394,32.077763,29.178091
EFT:29.666597,35.783226,42.072025,37.649666,30.011093,34.9661,29.709175,34.061398,32.077766,29.178097
Random98
Raw:29.666595,35.78322,42.072018,37.649662,30.01109,34.966095,29.709171,34.061394,32.077763,29.178093
EFT:29.666597,35.783226,42.072025,37.649666,30.011093,34.9661,29.709175,34.061398,32.077766,29.178097
Random99
Raw:29.666595,35.78322,42.07202,37.649654,30.011091,34.96609,29.709175,34.061394,32.077763,29.17809
EFT:29.666597,35.783226,42.072025,37.649666,30.011093,34.9661,29.709175,34.061398,32.077766,29.178097
Random100
Raw:29.666597,35.783226,42.07202,37.649677,30.011097,34.966103,29.709173,34.061405,32.07777,29.1781
EFT:29.666597,35.783226,42.072025,37.649666,30.011093,34.9661,29.709175,34.061398,32.077766,29.178097
Random101
Raw:29.6666,35.783226,42.072025,37.649666,30.011095,34.9661,29.709177,34.0614,32.077766,29.178095
EFT:29.666597,35.783226,42.072025,37.649666,30.011093,34.9661,29.709175,34.061398,32.077766,29.178097
Random102
Raw:29.6666,35.783226,42.07203,37.64967,30.011097,34.966103,29.709177,34.0614,32.07777,29.1781
EFT:29.666597,35.783226,42.072025,37.649666,30.011093,34.9661,29.709175,34.061398,32.077766,29.178097
Random103
Raw:29.666595,35.783226,42.07202,37.64967,30.011095,34.9661,29.709173,34.0614,32.07777,29.178097
EFT:29.666597,35.783226,42.072025,37.649666,30.011093,34.9661,29.709175,34.061398,32.077766,29.178097
Random104
Raw:29.66659,35.783215,42.072014,37.649654,30.011086,34.966087,29.70917,34.06139,32.07776,29.178085
EFT:29.666597,35.783226,42.072025,37.649666,30.011093,34.9661,29.709175,34.061398,32.077766,29.178097
Random105
Raw:29.666597,35.783226,42.072025,37.649666,30.011093,34.9661,29.709177,34.0614,32.077766,29.178097
EFT:29.666597,35.783226,42.072025,37.649666,30.011093,34.9661,29.709175,34.061398,32.077766,29.178097
Random106
Raw:29.666605,35.78323,42.07203,37.64967,30.011099,34.966103,29.709183,34.061405,32.07777,29.178099
EFT:29.666597,35.783226,42.072025,37.649666,30.011093,34.9661,29.709175,34.061398,32.077766,29.178097
Random107
Raw:29.666592,35.78322,42.072018,37.649662,30.011091,34.966095,29.70917,34.061398,32.077763,29.178093
EFT:29.666597,35.783226,42.072025,37.649666,30.011093,34.9661,29.709175,34.061398,32.077766,29.178097
Random108
Raw:29.666597,35.783226,42.072025,37.64967,30.011093,34.9661,29.709177,34.0614,32.07777,29.178097
EFT:29.666597,35.783226,42.072025,37.649666,30.011093,34.9661,29.709175,34.061398,32.077766,29.178097
Random109
Raw:29.6666,35.783226,42.07203,37.64967,30.011097,34.966103,29.709179,34.0614,32.07777,29.1781
EFT:29.666597,35.783226,42.072025,37.649666,30.011093,34.9661,29.709175,34.061398,32.077766,29.178097
Random110
Raw:29.666594,35.783215,42.072018,37.64966,30.01109,34.96609,29.709173,34.061394,32.077763,29.17809
EFT:29.666597,35.783226,42.072025,37.649666,30.011093,34.9661,29.709175,34.061398,32.077766,29.178097
Random111
Raw:29.666592,35.783215,42.072014,37.649662,30.011087,34.96609,29.70917,34.061394,32.077763,29.178091
EFT:29.666597,35.783226,42.072025,37.649666,30.011093,34.9661,29.709175,34.061398,32.077766,29.178097
Random112
Raw:29.666594,35.78322,42.07202,37.649662,30.01109,34.96609,29.709173,34.061394,32.077763,29.178093
EFT:29.666597,35.783226,42.072025,37.649666,30.011093,34.9661,29.709175,34.061398,32.077766,29.178097
Random113
Raw:29.666592,35.783215,42.072018,37.64966,30.011087,34.96609,29.709173,34.061394,32.077763,29.178091
EFT:29.666597,35.783226,42.072025,37.649666,30.011093,34.9661,29.709175,34.061398,32.077766,29.178097
Random114
Raw:29.6666,35.783226,42.07203,37.64967,30.011097,34.9661,29.709177,34.061405,32.07777,29.178099
EFT:29.666597,35.783226,42.072025,37.649666,30.011093,34.9661,29.709175,34.061398,32.077766,29.178097
Random115
Raw:29.666592,35.78322,42.072018,37.649662,30.011091,34.96609,29.70917,34.061394,32.077763,29.178093
EFT:29.666597,35.783226,42.072025,37.649666,30.011093,34.9661,29.709175,34.061398,32.077766,29.178097
Random116
Raw:29.666595,35.78322,42.072018,37.649662,30.011091,34.966095,29.709173,34.061398,32.077766,29.178095
EFT:29.666597,35.783226,42.072025,37.649666,30.011093,34.9661,29.709175,34.061398,32.077766,29.178097
Random117
Raw:29.666592,35.783222,42.07202,37.649662,30.01109,34.966095,29.709173,34.061394,32.077766,29.17809
EFT:29.666597,35.783226,42.072025,37.649666,30.011093,34.9661,29.709175,34.061398,32.077766,29.178097
Random118
Raw:29.666595,35.783222,42.07202,37.649662,30.011091,34.966095,29.709177,34.061398,32.077763,29.178091
EFT:29.666597,35.783226,42.072025,37.649666,30.011093,34.9661,29.709175,34.061398,32.077766,29.178097
Random119
Raw:29.666597,35.78322,42.072025,37.649662,30.011095,34.966095,29.709177,34.061398,32.077766,29.178095
EFT:29.666597,35.783226,42.072025,37.649666,30.011093,34.9661,29.709175,34.061398,32.077766,29.178097
Random120
Raw:29.666595,35.78322,42.07202,37.649662,30.01109,34.966095,29.709173,34.061394,32.077766,29.178093
EFT:29.666597,35.783226,42.072025,37.649666,30.011093,34.9661,29.709175,34.061398,32.077766,29.178097
Random121
Raw:29.666595,35.78322,42.07202,37.649662,30.011091,34.966095,29.709173,34.061394,32.077763,29.178093
EFT:29.666597,35.783226,42.072025,37.649666,30.011093,34.9661,29.709175,34.061398,32.077766,29.178097
Random122
Raw:29.666597,35.783222,42.07203,37.649666,30.011095,34.9661,29.709177,34.0614,32.077766,29.178097
EFT:29.666597,35.783226,42.072025,37.649666,30.011093,34.9661,29.709175,34.061398,32.077766,29.178097
Random123
Raw:29.666595,35.78322,42.07202,37.649662,30.011091,34.966095,29.709173,34.061398,32.077766,29.178093
EFT:29.666597,35.783226,42.072025,37.649666,30.011093,34.9661,29.709175,34.061398,32.077766,29.178097
Random124
Raw:29.666594,35.78322,42.07202,37.649662,30.011091,34.966095,29.709171,34.061398,32.077766,29.178093
EFT:29.666597,35.783226,42.072025,37.649666,30.011093,34.9661,29.709175,34.061398,32.077766,29.178097
Random125
Raw:29.666594,35.783222,42.07202,37.649666,30.011091,34.966095,29.709173,34.061398,32.077766,29.178097
EFT:29.666597,35.783226,42.072025,37.649666,30.011093,34.9661,29.709175,34.061398,32.077766,29.178097
Random126
Raw:29.666594,35.78322,42.07202,37.649662,30.011087,34.966095,29.70917,34.061394,32.077763,29.178093
EFT:29.666597,35.783226,42.072025,37.649666,30.011093,34.9661,29.709175,34.061398,32.077766,29.178097
Random127
Raw:29.666595,35.783222,42.07202,37.64967,30.011093,34.966095,29.709173,34.061398,32.077766,29.178097
EFT:29.666597,35.783226,42.072025,37.649666,30.011093,34.9661,29.709175,34.061398,32.077766,29.178097
Random128
Raw:29.666595,35.783222,42.07202,37.64967,30.011095,34.9661,29.709173,34.0614,32.077766,29.178099
EFT:29.666597,35.783226,42.072025,37.649666,30.011093,34.9661,29.709175,34.061398,32.077766,29.178097
Random129
Raw:29.666592,35.783215,42.072014,37.649662,30.011087,34.96609,29.70917,34.061394,32.077763,29.178091
EFT:29.666597,35.783226,42.072025,37.649666,30.011093,34.9661,29.709175,34.061398,32.077766,29.178097
Random130
Raw:29.666594,35.783226,42.07202,37.64967,30.011095,34.966103,29.709173,34.0614,32.07777,29.178099
EFT:29.666597,35.783226,42.072025,37.649666,30.011093,34.9661,29.709175,34.061398,32.077766,29.178097
Random131
Raw:29.666595,35.783226,42.072025,37.64967,30.011095,34.966103,29.709173,34.0614,32.07777,29.178099
EFT:29.666597,35.783226,42.072025,37.649666,30.011093,34.9661,29.709175,34.061398,32.077766,29.178097
Random132
Raw:29.666601,35.783226,42.07203,37.64967,30.011099,34.966103,29.709179,34.0614,32.07777,29.1781
EFT:29.666597,35.783226,42.072025,37.649666,30.011093,34.9661,29.709175,34.061398,32.077766,29.178097
Random133
Raw:29.666592,35.783222,42.072018,37.649662,30.011091,34.966095,29.709173,34.061398,32.077766,29.178093
EFT:29.666597,35.783226,42.072025,37.649666,30.011093,34.9661,29.709175,34.061398,32.077766,29.178097
Random134
Raw:29.666601,35.783222,42.07203,37.649662,30.011095,34.966095,29.709179,34.061398,32.077766,29.178093
EFT:29.666597,35.783226,42.072025,37.649666,30.011093,34.9661,29.709175,34.061398,32.077766,29.178097
Random135
Raw:29.666594,35.783215,42.072018,37.64966,30.01109,34.96609,29.70917,34.061394,32.077763,29.178091
EFT:29.666597,35.783226,42.072025,37.649666,30.011093,34.9661,29.709175,34.061398,32.077766,29.178097
Random136
Raw:29.666597,35.783226,42.07203,37.649673,30.011095,34.966103,29.709175,34.0614,32.07777,29.1781
EFT:29.666597,35.783226,42.072025,37.649666,30.011093,34.9661,29.709175,34.061398,32.077766,29.178097
Random137
Raw:29.666594,35.783222,42.072018,37.649662,30.011091,34.966095,29.709171,34.061398,32.077766,29.178093
EFT:29.666597,35.783226,42.072025,37.649666,30.011093,34.9661,29.709175,34.061398,32.077766,29.178097
Random138
Raw:29.666595,35.78322,42.072018,37.649662,30.011091,34.966095,29.709173,34.061398,32.077766,29.178097
EFT:29.666597,35.783226,42.072025,37.649666,30.011093,34.9661,29.709175,34.061398,32.077766,29.178097
Random139
Raw:29.6666,35.783226,42.07203,37.649673,30.011097,34.966103,29.709177,34.061405,32.07777,29.1781
EFT:29.666597,35.783226,42.072025,37.649666,30.011093,34.9661,29.709175,34.061398,32.077766,29.178097
Random140
Raw:29.666592,35.78322,42.072014,37.64966,30.011087,34.96609,29.70917,34.061394,32.077763,29.17809
EFT:29.666597,35.783226,42.072025,37.649666,30.011093,34.9661,29.709175,34.061398,32.077766,29.178097
Random141
Raw:29.666592,35.78322,42.072018,37.649662,30.011087,34.96609,29.70917,34.061394,32.077763,29.17809
EFT:29.666597,35.783226,42.072025,37.649666,30.011093,34.9661,29.709175,34.061398,32.077766,29.178097
Random142
Raw:29.6666,35.783226,42.07203,37.64967,30.011099,34.966103,29.709179,34.0614,32.07777,29.1781
EFT:29.666597,35.783226,42.072025,37.649666,30.011093,34.9661,29.709175,34.061398,32.077766,29.178097
Random143
Raw:29.666595,35.78322,42.07202,37.649662,30.01109,34.966095,29.709173,34.061394,32.077766,29.178095
EFT:29.666597,35.783226,42.072025,37.649666,30.011093,34.9661,29.709175,34.061398,32.077766,29.178097
Random144
Raw:29.6666,35.783222,42.072025,37.64967,30.011095,34.9661,29.709177,34.0614,32.077766,29.178097
EFT:29.666597,35.783226,42.072025,37.649666,30.011093,34.9661,29.709175,34.061398,32.077766,29.178097
Random145
Raw:29.666603,35.783234,42.072033,37.649677,30.0111,34.966106,29.70918,34.06141,32.077774,29.1781
EFT:29.666597,35.783226,42.072025,37.649666,30.011093,34.9661,29.709175,34.061398,32.077766,29.178097
Random146
Raw:29.666595,35.783226,42.072025,37.64967,30.011097,34.966103,29.709175,34.0614,32.07777,29.178097
EFT:29.666597,35.783226,42.072025,37.649666,30.011093,34.9661,29.709175,34.061398,32.077766,29.178097
Random147
Raw:29.666597,35.783226,42.07203,37.64967,30.011095,34.9661,29.709177,34.0614,32.07777,29.178097
EFT:29.666597,35.783226,42.072025,37.649666,30.011093,34.9661,29.709175,34.061398,32.077766,29.178097
Random148
Raw:29.6666,35.78323,42.07203,37.649673,30.011099,34.966103,29.709179,34.061405,32.07777,29.1781
EFT:29.666597,35.783226,42.072025,37.649666,30.011093,34.9661,29.709175,34.061398,32.077766,29.178097
Random149
Raw:29.666592,35.783215,42.072014,37.649654,30.011087,34.966087,29.709171,34.061394,32.077763,29.17809
EFT:29.666597,35.783226,42.072025,37.649666,30.011093,34.9661,29.709175,34.061398,32.077766,29.178097
Random150
Raw:29.6666,35.783226,42.07203,37.64967,30.011097,34.966103,29.709177,34.0614,32.07777,29.1781
EFT:29.666597,35.783226,42.072025,37.649666,30.011093,34.9661,29.709175,34.061398,32.077766,29.178097
Random151
Raw:29.6666,35.783226,42.07203,37.64967,30.011097,34.9661,29.709177,34.0614,32.07777,29.178099
EFT:29.666597,35.783226,42.072025,37.649666,30.011093,34.9661,29.709175,34.061398,32.077766,29.178097
Random152
Raw:29.666597,35.783222,42.07202,37.64967,30.011095,34.9661,29.709173,34.0614,32.077766,29.178099
EFT:29.666597,35.783226,42.072025,37.649666,30.011093,34.9661,29.709175,34.061398,32.077766,29.178097
Random153
Raw:29.666592,35.783215,42.072014,37.649662,30.011087,34.966095,29.709167,34.061394,32.077763,29.178091
EFT:29.666597,35.783226,42.072025,37.649666,30.011093,34.9661,29.709175,34.061398,32.077766,29.178097
Random154
Raw:29.666588,35.783207,42.072006,37.64965,30.011084,34.966084,29.709166,34.061386,32.077755,29.178085
EFT:29.666597,35.783226,42.072025,37.649666,30.011093,34.9661,29.709175,34.061398,32.077766,29.178097
Random155
Raw:29.666594,35.78322,42.07202,37.649662,30.011091,34.966095,29.709173,34.061394,32.077763,29.178093
EFT:29.666597,35.783226,42.072025,37.649666,30.011093,34.9661,29.709175,34.061398,32.077766,29.178097
Random156
Raw:29.666586,35.783207,42.072006,37.64965,30.011082,34.966084,29.709164,34.061386,32.077755,29.178082
EFT:29.666597,35.783226,42.072025,37.649666,30.011093,34.9661,29.709175,34.061398,32.077766,29.178097
Random157
Raw:29.666594,35.78321,42.072014,37.64966,30.011087,34.966087,29.70917,34.06139,32.07776,29.17809
EFT:29.666597,35.783226,42.072025,37.649666,30.011093,34.9661,29.709175,34.061398,32.077766,29.178097
Random158
Raw:29.666595,35.783226,42.072025,37.649662,30.011093,34.966095,29.709175,34.061398,32.077766,29.178095
EFT:29.666597,35.783226,42.072025,37.649666,30.011093,34.9661,29.709175,34.061398,32.077766,29.178097
Random159
Raw:29.666597,35.783226,42.072025,37.649666,30.011093,34.9661,29.709177,34.0614,32.077766,29.178097
EFT:29.666597,35.783226,42.072025,37.649666,30.011093,34.9661,29.709175,34.061398,32.077766,29.178097
Random160
Raw:29.666594,35.78322,42.07202,37.649662,30.011091,34.966095,29.709171,34.061394,32.077763,29.178093
EFT:29.666597,35.783226,42.072025,37.649666,30.011093,34.9661,29.709175,34.061398,32.077766,29.178097
Random161
Raw:29.666597,35.783222,42.07202,37.649666,30.011091,34.966095,29.709173,34.061398,32.077766,29.178097
EFT:29.666597,35.783226,42.072025,37.649666,30.011093,34.9661,29.709175,34.061398,32.077766,29.178097
Random162
Raw:29.666595,35.783222,42.072025,37.649666,30.011093,34.9661,29.709177,34.0614,32.077766,29.178097
EFT:29.666597,35.783226,42.072025,37.649666,30.011093,34.9661,29.709175,34.061398,32.077766,29.178097
Random163
Raw:29.666595,35.78322,42.07202,37.649662,30.011091,34.966095,29.709171,34.061394,32.077763,29.178093
EFT:29.666597,35.783226,42.072025,37.649666,30.011093,34.9661,29.709175,34.061398,32.077766,29.178097
Random164
Raw:29.666597,35.783226,42.072025,37.649666,30.011093,34.9661,29.709175,34.061398,32.077766,29.178095
EFT:29.666597,35.783226,42.072025,37.649666,30.011093,34.9661,29.709175,34.061398,32.077766,29.178097
Random165
Raw:29.666594,35.783226,42.07202,37.649666,30.011093,34.966095,29.709173,34.061398,32.077766,29.178095
EFT:29.666597,35.783226,42.072025,37.649666,30.011093,34.9661,29.709175,34.061398,32.077766,29.178097
Random166
Raw:29.666597,35.783226,42.07203,37.64967,30.011095,34.9661,29.709177,34.0614,32.07777,29.178097
EFT:29.666597,35.783226,42.072025,37.649666,30.011093,34.9661,29.709175,34.061398,32.077766,29.178097
Random167
Raw:29.6666,35.783226,42.07203,37.64967,30.011097,34.966103,29.709177,34.0614,32.07777,29.1781
EFT:29.666597,35.783226,42.072025,37.649666,30.011093,34.9661,29.709175,34.061398,32.077766,29.178097
Random168
Raw:29.666592,35.783215,42.072014,37.649662,30.011087,34.96609,29.70917,34.061394,32.077763,29.17809
EFT:29.666597,35.783226,42.072025,37.649666,30.011093,34.9661,29.709175,34.061398,32.077766,29.178097
Random169
Raw:29.6666,35.783226,42.07203,37.64967,30.011097,34.9661,29.709179,34.0614,32.077766,29.178097
EFT:29.666597,35.783226,42.072025,37.649666,30.011093,34.9661,29.709175,34.061398,32.077766,29.178097
Random170
Raw:29.6666,35.783226,42.07203,37.64967,30.011095,34.9661,29.709177,34.0614,32.07777,29.178099
EFT:29.666597,35.783226,42.072025,37.649666,30.011093,34.9661,29.709175,34.061398,32.077766,29.178097
Random171
Raw:29.666597,35.783226,42.07203,37.64967,30.011095,34.966103,29.709177,34.0614,32.07777,29.178099
EFT:29.666597,35.783226,42.072025,37.649666,30.011093,34.9661,29.709175,34.061398,32.077766,29.178097
Random172
Raw:29.66659,35.783215,42.072014,37.649654,30.011087,34.966087,29.709167,34.061394,32.077763,29.178087
EFT:29.666597,35.783226,42.072025,37.649666,30.011093,34.9661,29.709175,34.061398,32.077766,29.178097
Random173
Raw:29.666594,35.783226,42.07202,37.649666,30.011093,34.9661,29.709173,34.061398,32.077766,29.178093
EFT:29.666597,35.783226,42.072025,37.649666,30.011093,34.9661,29.709175,34.061398,32.077766,29.178097
Random174
Raw:29.666595,35.783222,42.07202,37.649662,30.011091,34.9661,29.709173,34.061398,32.077766,29.178095
EFT:29.666597,35.783226,42.072025,37.649666,30.011093,34.9661,29.709175,34.061398,32.077766,29.178097
Random175
Raw:29.666597,35.783222,42.07202,37.64967,30.011093,34.9661,29.709173,34.0614,32.077766,29.178099
EFT:29.666597,35.783226,42.072025,37.649666,30.011093,34.9661,29.709175,34.061398,32.077766,29.178097
Random176
Raw:29.666595,35.783222,42.072025,37.649662,30.011091,34.966095,29.709173,34.061398,32.077766,29.178095
EFT:29.666597,35.783226,42.072025,37.649666,30.011093,34.9661,29.709175,34.061398,32.077766,29.178097
Random177
Raw:29.666592,35.78322,42.072018,37.649662,30.011091,34.966095,29.70917,34.061394,32.077763,29.178093
EFT:29.666597,35.783226,42.072025,37.649666,30.011093,34.9661,29.709175,34.061398,32.077766,29.178097
Random178
Raw:29.6666,35.783226,42.07203,37.649666,30.011095,34.9661,29.709177,34.0614,32.077766,29.178097
EFT:29.666597,35.783226,42.072025,37.649666,30.011093,34.9661,29.709175,34.061398,32.077766,29.178097
Random179
Raw:29.6666,35.78323,42.07203,37.649673,30.011099,34.966103,29.709177,34.061405,32.077774,29.178102
EFT:29.666597,35.783226,42.072025,37.649666,30.011093,34.9661,29.709175,34.061398,32.077766,29.178097
Random180
Raw:29.666588,35.78321,42.072014,37.649654,30.011086,34.966087,29.709167,34.061386,32.07776,29.178085
EFT:29.666597,35.783226,42.072025,37.649666,30.011093,34.9661,29.709175,34.061398,32.077766,29.178097
Random181
Raw:29.666592,35.783215,42.072018,37.64966,30.011084,34.966087,29.70917,34.061394,32.07776,29.178087
EFT:29.666597,35.783226,42.072025,37.649666,30.011093,34.9661,29.709175,34.061398,32.077766,29.178097
Random182
Raw:29.666595,35.783222,42.07202,37.649662,30.011091,34.966095,29.709175,34.061398,32.077766,29.178095
EFT:29.666597,35.783226,42.072025,37.649666,30.011093,34.9661,29.709175,34.061398,32.077766,29.178097
Random183
Raw:29.666595,35.783222,42.072025,37.649666,30.011093,34.966095,29.709173,34.061398,32.077766,29.178097
EFT:29.666597,35.783226,42.072025,37.649666,30.011093,34.9661,29.709175,34.061398,32.077766,29.178097
Random184
Raw:29.666586,35.783215,42.072014,37.649662,30.011086,34.96609,29.709166,34.061394,32.077763,29.178091
EFT:29.666597,35.783226,42.072025,37.649666,30.011093,34.9661,29.709175,34.061398,32.077766,29.178097
Random185
Raw:29.666595,35.783222,42.072025,37.649662,30.011093,34.966095,29.709177,34.0614,32.077766,29.178093
EFT:29.666597,35.783226,42.072025,37.649666,30.011093,34.9661,29.709175,34.061398,32.077766,29.178097
Random186
Raw:29.666595,35.783226,42.072025,37.649666,30.011093,34.966095,29.709177,34.0614,32.077766,29.178097
EFT:29.666597,35.783226,42.072025,37.649666,30.011093,34.9661,29.709175,34.061398,32.077766,29.178097
Random187
Raw:29.666595,35.783226,42.072025,37.649666,30.011093,34.966095,29.709175,34.0614,32.077766,29.178097
EFT:29.666597,35.783226,42.072025,37.649666,30.011093,34.9661,29.709175,34.061398,32.077766,29.178097
Random188
Raw:29.666594,35.78322,42.072018,37.649662,30.011087,34.96609,29.70917,34.061394,32.077763,29.178093
EFT:29.666597,35.783226,42.072025,37.649666,30.011093,34.9661,29.709175,34.061398,32.077766,29.178097
Random189
Raw:29.6666,35.783226,42.07203,37.64967,30.011099,34.966103,29.709179,34.0614,32.07777,29.178097
EFT:29.666597,35.783226,42.072025,37.649666,30.011093,34.9661,29.709175,34.061398,32.077766,29.178097
Random190
Raw:29.66659,35.78322,42.072014,37.649662,30.011087,34.96609,29.70917,34.061394,32.077763,29.178091
EFT:29.666597,35.783226,42.072025,37.649666,30.011093,34.9661,29.709175,34.061398,32.077766,29.178097
Random191
Raw:29.666594,35.783222,42.07202,37.649662,30.011091,34.966095,29.709175,34.061398,32.077766,29.178093
EFT:29.666597,35.783226,42.072025,37.649666,30.011093,34.9661,29.709175,34.061398,32.077766,29.178097
Random192
Raw:29.666603,35.78323,42.072033,37.649673,30.0111,34.966106,29.70918,34.061405,32.07777,29.178102
EFT:29.666597,35.783226,42.072025,37.649666,30.011093,34.9661,29.709175,34.061398,32.077766,29.178097
Random193
Raw:29.666595,35.783222,42.07202,37.649662,30.011091,34.966095,29.709173,34.061398,32.077766,29.178093
EFT:29.666597,35.783226,42.072025,37.649666,30.011093,34.9661,29.709175,34.061398,32.077766,29.178097
Random194
Raw:29.666595,35.783226,42.072025,37.649666,30.011093,34.966095,29.709175,34.0614,32.077766,29.178095
EFT:29.666597,35.783226,42.072025,37.649666,30.011093,34.9661,29.709175,34.061398,32.077766,29.178097
Random195
Raw:29.666597,35.783226,42.07203,37.64967,30.011095,34.966103,29.709177,34.0614,32.07777,29.178097
EFT:29.666597,35.783226,42.072025,37.649666,30.011093,34.9661,29.709175,34.061398,32.077766,29.178097
Random196
Raw:29.66659,35.78321,42.072014,37.649662,30.011087,34.96609,29.709167,34.06139,32.077763,29.17809
EFT:29.666597,35.783226,42.072025,37.649666,30.011093,34.9661,29.709175,34.061398,32.077766,29.178097
Random197
Raw:29.666595,35.783222,42.072025,37.649662,30.011091,34.966095,29.709175,34.061398,32.077766,29.178095
EFT:29.666597,35.783226,42.072025,37.649666,30.011093,34.9661,29.709175,34.061398,32.077766,29.178097
Random198
Raw:29.66659,35.783215,42.072014,37.649662,30.011087,34.96609,29.709167,34.061394,32.077763,29.178091
EFT:29.666597,35.783226,42.072025,37.649666,30.011093,34.9661,29.709175,34.061398,32.077766,29.178097
Random199
Raw:29.666603,35.783226,42.07203,37.64967,30.011097,34.966103,29.70918,34.0614,32.07777,29.178097
EFT:29.666597,35.783226,42.072025,37.649666,30.011093,34.9661,29.709175,34.061398,32.077766,29.178097
Random200
Raw:29.666595,35.783226,42.07203,37.64967,30.011095,34.9661,29.709177,34.0614,32.07777,29.178097
EFT:29.666597,35.783226,42.072025,37.649666,30.011093,34.9661,29.709175,34.061398,32.077766,29.178097
Random201
Raw:29.666594,35.78322,42.07202,37.64966,30.011091,34.96609,29.709173,34.061394,32.077763,29.178093
EFT:29.666597,35.783226,42.072025,37.649666,30.011093,34.9661,29.709175,34.061398,32.077766,29.178097
Random202
Raw:29.666595,35.78322,42.07202,37.649662,30.011091,34.966095,29.709171,34.061394,32.077763,29.178093
EFT:29.666597,35.783226,42.072025,37.649666,30.011093,34.9661,29.709175,34.061398,32.077766,29.178097
Random203
Raw:29.666597,35.78322,42.07202,37.649662,30.011091,34.966095,29.709173,34.061394,32.077763,29.178093
EFT:29.666597,35.783226,42.072025,37.649666,30.011093,34.9661,29.709175,34.061398,32.077766,29.178097
Random204
Raw:29.666597,35.783226,42.07203,37.64967,30.011095,34.9661,29.709177,34.0614,32.07777,29.1781
EFT:29.666597,35.783226,42.072025,37.649666,30.011093,34.9661,29.709175,34.061398,32.077766,29.178097
Random205
Raw:29.666595,35.78322,42.072018,37.649662,30.011091,34.966095,29.709173,34.061398,32.077766,29.178097
EFT:29.666597,35.783226,42.072025,37.649666,30.011093,34.9661,29.709175,34.061398,32.077766,29.178097
Random206
Raw:29.666597,35.783226,42.072025,37.64967,30.011093,34.9661,29.709177,34.0614,32.077766,29.178097
EFT:29.666597,35.783226,42.072025,37.649666,30.011093,34.9661,29.709175,34.061398,32.077766,29.178097
Random207
Raw:29.666592,35.783222,42.07202,37.649662,30.01109,34.966095,29.709173,34.061398,32.077766,29.178093
EFT:29.666597,35.783226,42.072025,37.649666,30.011093,34.9661,29.709175,34.061398,32.077766,29.178097
Random208
Raw:29.666595,35.783222,42.072025,37.649662,30.011091,34.9661,29.709173,34.061398,32.077766,29.178095
EFT:29.666597,35.783226,42.072025,37.649666,30.011093,34.9661,29.709175,34.061398,32.077766,29.178097
Random209
Raw:29.666597,35.783226,42.07203,37.649666,30.011095,34.9661,29.709177,34.0614,32.077766,29.178097
EFT:29.666597,35.783226,42.072025,37.649666,30.011093,34.9661,29.709175,34.061398,32.077766,29.178097
Random210
Raw:29.666595,35.783222,42.072025,37.649666,30.011093,34.966095,29.709175,34.0614,32.077766,29.178097
EFT:29.666597,35.783226,42.072025,37.649666,30.011093,34.9661,29.709175,34.061398,32.077766,29.178097
Random211
Raw:29.6666,35.783226,42.07203,37.649666,30.011097,34.9661,29.709179,34.0614,32.077766,29.178097
EFT:29.666597,35.783226,42.072025,37.649666,30.011093,34.9661,29.709175,34.061398,32.077766,29.178097
Random212
Raw:29.666597,35.783222,42.07203,37.649662,30.011095,34.9661,29.709177,34.0614,32.077766,29.178095
EFT:29.666597,35.783226,42.072025,37.649666,30.011093,34.9661,29.709175,34.061398,32.077766,29.178097
Random213
Raw:29.666601,35.78323,42.07203,37.64967,30.011099,34.966103,29.709179,34.061405,32.07777,29.1781
EFT:29.666597,35.783226,42.072025,37.649666,30.011093,34.9661,29.709175,34.061398,32.077766,29.178097
Random214
Raw:29.666597,35.78323,42.07203,37.649673,30.011097,34.966103,29.709177,34.0614,32.07777,29.1781
EFT:29.666597,35.783226,42.072025,37.649666,30.011093,34.9661,29.709175,34.061398,32.077766,29.178097
Random215
Raw:29.6666,35.78322,42.07202,37.64966,30.011091,34.96609,29.709177,34.061394,32.077763,29.178091
EFT:29.666597,35.783226,42.072025,37.649666,30.011093,34.9661,29.709175,34.061398,32.077766,29.178097
Random216
Raw:29.666595,35.78322,42.07202,37.649662,30.011091,34.966095,29.709173,34.061394,32.077763,29.178093
EFT:29.666597,35.783226,42.072025,37.649666,30.011093,34.9661,29.709175,34.061398,32.077766,29.178097
Random217
Raw:29.6666,35.78323,42.07203,37.649673,30.011095,34.966103,29.709177,34.0614,32.07777,29.1781
EFT:29.666597,35.783226,42.072025,37.649666,30.011093,34.9661,29.709175,34.061398,32.077766,29.178097
Random218
Raw:29.666601,35.783222,42.07202,37.64967,30.011095,34.9661,29.709173,34.0614,32.077766,29.1781
EFT:29.666597,35.783226,42.072025,37.649666,30.011093,34.9661,29.709175,34.061398,32.077766,29.178097
Random219
Raw:29.666595,35.783226,42.072025,37.649662,30.011093,34.966095,29.709177,34.061398,32.077766,29.178093
EFT:29.666597,35.783226,42.072025,37.649666,30.011093,34.9661,29.709175,34.061398,32.077766,29.178097
Random220
Raw:29.666597,35.783226,42.07203,37.64967,30.011095,34.9661,29.709177,34.0614,32.07777,29.178099
EFT:29.666597,35.783226,42.072025,37.649666,30.011093,34.9661,29.709175,34.061398,32.077766,29.178097
Random221
Raw:29.666601,35.78323,42.07203,37.64967,30.011093,34.966103,29.70918,34.0614,32.07777,29.178097
EFT:29.666597,35.783226,42.072025,37.649666,30.011093,34.9661,29.709175,34.061398,32.077766,29.178097
Random222
Raw:29.666597,35.783222,42.07202,37.649666,30.011095,34.9661,29.709173,34.0614,32.077766,29.1781
EFT:29.666597,35.783226,42.072025,37.649666,30.011093,34.9661,29.709175,34.061398,32.077766,29.178097
Random223
Raw:29.666597,35.78323,42.07203,37.64967,30.011097,34.966103,29.709179,34.0614,32.07777,29.178099
EFT:29.666597,35.783226,42.072025,37.649666,30.011093,34.9661,29.709175,34.061398,32.077766,29.178097
Random224
Raw:29.666595,35.783226,42.072025,37.649666,30.011093,34.9661,29.709175,34.0614,32.077766,29.178097
EFT:29.666597,35.783226,42.072025,37.649666,30.011093,34.9661,29.709175,34.061398,32.077766,29.178097
Random225
Raw:29.666594,35.78322,42.07202,37.649654,30.01109,34.96609,29.709173,34.061394,32.077763,29.17809
EFT:29.666597,35.783226,42.072025,37.649666,30.011093,34.9661,29.709175,34.061398,32.077766,29.178097
Random226
Raw:29.666592,35.78322,42.072018,37.649662,30.011091,34.966095,29.70917,34.061398,32.077766,29.178093
EFT:29.666597,35.783226,42.072025,37.649666,30.011093,34.9661,29.709175,34.061398,32.077766,29.178097
Random227
Raw:29.666595,35.783226,42.072025,37.64967,30.011095,34.9661,29.709177,34.0614,32.07777,29.178097
EFT:29.666597,35.783226,42.072025,37.649666,30.011093,34.9661,29.709175,34.061398,32.077766,29.178097
Random228
Raw:29.666594,35.783222,42.072018,37.649662,30.011091,34.966095,29.70917,34.061398,32.077766,29.178095
EFT:29.666597,35.783226,42.072025,37.649666,30.011093,34.9661,29.709175,34.061398,32.077766,29.178097
Random229
Raw:29.666595,35.783222,42.07202,37.649666,30.011091,34.9661,29.709173,34.061398,32.077766,29.178097
EFT:29.666597,35.783226,42.072025,37.649666,30.011093,34.9661,29.709175,34.061398,32.077766,29.178097
Random230
Raw:29.666595,35.783226,42.07202,37.64967,30.011095,34.966103,29.709173,34.0614,32.07777,29.178099
EFT:29.666597,35.783226,42.072025,37.649666,30.011093,34.9661,29.709175,34.061398,32.077766,29.178097
Random231
Raw:29.666594,35.78322,42.072018,37.649662,30.01109,34.96609,29.709173,34.061394,32.077763,29.178093
EFT:29.666597,35.783226,42.072025,37.649666,30.011093,34.9661,29.709175,34.061398,32.077766,29.178097
Random232
Raw:29.666595,35.78322,42.07202,37.649662,30.011091,34.966095,29.709173,34.061394,32.077763,29.178093
EFT:29.666597,35.783226,42.072025,37.649666,30.011093,34.9661,29.709175,34.061398,32.077766,29.178097
Random233
Raw:29.666595,35.783222,42.072025,37.649662,30.011093,34.966095,29.709175,34.061398,32.077766,29.178093
EFT:29.666597,35.783226,42.072025,37.649666,30.011093,34.9661,29.709175,34.061398,32.077766,29.178097
Random234
Raw:29.666595,35.783226,42.07203,37.64967,30.011095,34.9661,29.709177,34.0614,32.07777,29.178097
EFT:29.666597,35.783226,42.072025,37.649666,30.011093,34.9661,29.709175,34.061398,32.077766,29.178097
Random235
Raw:29.666595,35.783226,42.072025,37.649666,30.011095,34.9661,29.709177,34.0614,32.077766,29.178097
EFT:29.666597,35.783226,42.072025,37.649666,30.011093,34.9661,29.709175,34.061398,32.077766,29.178097
Random236
Raw:29.666594,35.78322,42.07202,37.649662,30.01109,34.966095,29.709173,34.061394,32.077766,29.178095
EFT:29.666597,35.783226,42.072025,37.649666,30.011093,34.9661,29.709175,34.061398,32.077766,29.178097
Random237
Raw:29.66659,35.783215,42.072014,37.649654,30.011087,34.966087,29.70917,34.061394,32.077763,29.17809
EFT:29.666597,35.783226,42.072025,37.649666,30.011093,34.9661,29.709175,34.061398,32.077766,29.178097
Random238
Raw:29.666603,35.78323,42.07203,37.64967,30.011099,34.966103,29.709183,34.0614,32.07777,29.178099
EFT:29.666597,35.783226,42.072025,37.649666,30.011093,34.9661,29.709175,34.061398,32.077766,29.178097
Random239
Raw:29.666594,35.78322,42.072018,37.64966,30.011087,34.966087,29.70917,34.061394,32.077763,29.178093
EFT:29.666597,35.783226,42.072025,37.649666,30.011093,34.9661,29.709175,34.061398,32.077766,29.178097
Random240
Raw:29.666595,35.783222,42.07202,37.649666,30.011091,34.966095,29.709173,34.061398,32.077766,29.178095
EFT:29.666597,35.783226,42.072025,37.649666,30.011093,34.9661,29.709175,34.061398,32.077766,29.178097
Random241
Raw:29.666597,35.783222,42.072025,37.649662,30.011093,34.966095,29.709177,34.061398,32.077766,29.178093
EFT:29.666597,35.783226,42.072025,37.649666,30.011093,34.9661,29.709175,34.061398,32.077766,29.178097
Random242
Raw:29.666597,35.78323,42.07203,37.64967,30.011095,34.9661,29.709177,34.0614,32.07777,29.178097
EFT:29.666597,35.783226,42.072025,37.649666,30.011093,34.9661,29.709175,34.061398,32.077766,29.178097
Random243
Raw:29.666594,35.78322,42.07202,37.649662,30.01109,34.966095,29.709173,34.061394,32.077763,29.178093
EFT:29.666597,35.783226,42.072025,37.649666,30.011093,34.9661,29.709175,34.061398,32.077766,29.178097
Random244
Raw:29.6666,35.78323,42.07203,37.64967,30.011097,34.966103,29.709179,34.0614,32.07777,29.1781
EFT:29.666597,35.783226,42.072025,37.649666,30.011093,34.9661,29.709175,34.061398,32.077766,29.178097
Random245
Raw:29.666597,35.783226,42.07203,37.649666,30.011095,34.9661,29.709179,34.0614,32.077766,29.178093
EFT:29.666597,35.783226,42.072025,37.649666,30.011093,34.9661,29.709175,34.061398,32.077766,29.178097
Random246
Raw:29.6666,35.783226,42.07203,37.64967,30.011097,34.966103,29.709179,34.0614,32.07777,29.178097
EFT:29.666597,35.783226,42.072025,37.649666,30.011093,34.9661,29.709175,34.061398,32.077766,29.178097
Random247
Raw:29.666592,35.783215,42.072014,37.649654,30.011086,34.966087,29.70917,34.06139,32.07776,29.178087
EFT:29.666597,35.783226,42.072025,37.649666,30.011093,34.9661,29.709175,34.061398,32.077766,29.178097
Random248
Raw:29.666595,35.783226,42.072025,37.649666,30.011095,34.9661,29.709177,34.061398,32.077766,29.178097
EFT:29.666597,35.783226,42.072025,37.649666,30.011093,34.9661,29.709175,34.061398,32.077766,29.178097
Random249
Raw:29.666595,35.783222,42.07202,37.64967,30.011091,34.966095,29.70917,34.061398,32.077766,29.178097
EFT:29.666597,35.783226,42.072025,37.649666,30.011093,34.9661,29.709175,34.061398,32.077766,29.178097
Random250
Raw:29.6666,35.783222,42.07202,37.64967,30.011095,34.9661,29.709173,34.0614,32.077766,29.178099
EFT:29.666597,35.783226,42.072025,37.649666,30.011093,34.9661,29.709175,34.061398,32.077766,29.178097
Random251
Raw:29.666592,35.78322,42.072014,37.649662,30.011087,34.96609,29.709167,34.061394,32.077763,29.178091
EFT:29.666597,35.783226,42.072025,37.649666,30.011093,34.9661,29.709175,34.061398,32.077766,29.178097
Random252
Raw:29.6666,35.783234,42.07203,37.649673,30.011099,34.966103,29.709179,34.061405,32.07777,29.1781
EFT:29.666597,35.783226,42.072025,37.649666,30.011093,34.9661,29.709175,34.061398,32.077766,29.178097
Random253
Raw:29.666597,35.783226,42.07203,37.64967,30.011095,34.9661,29.709177,34.0614,32.07777,29.178099
EFT:29.666597,35.783226,42.072025,37.649666,30.011093,34.9661,29.709175,34.061398,32.077766,29.178097
Random254
Raw:29.6666,35.783226,42.07203,37.64967,30.011095,34.9661,29.709177,34.0614,32.077766,29.1781
EFT:29.666597,35.783226,42.072025,37.649666,30.011093,34.9661,29.709175,34.061398,32.077766,29.178097
Random255
Raw:29.666597,35.783222,42.072025,37.649666,30.011095,34.966095,29.709177,34.0614,32.077766,29.178095
EFT:29.666597,35.783226,42.072025,37.649666,30.011093,34.9661,29.709175,34.061398,32.077766,29.178097
Random256
Raw:29.6666,35.783226,42.07203,37.649666,30.011097,34.9661,29.709177,34.0614,32.077766,29.178097
EFT:29.666597,35.783226,42.072025,37.649666,30.011093,34.9661,29.709175,34.061398,32.077766,29.178097
Random257
Raw:29.666603,35.783226,42.07203,37.64967,30.011097,34.966103,29.709179,34.0614,32.07777,29.178099
EFT:29.666597,35.783226,42.072025,37.649666,30.011093,34.9661,29.709175,34.061398,32.077766,29.178097
Random258
Raw:29.666601,35.783226,42.07203,37.649662,30.011095,34.966095,29.70918,34.061398,32.077766,29.178093
EFT:29.666597,35.783226,42.072025,37.649666,30.011093,34.9661,29.709175,34.061398,32.077766,29.178097
Random259
Raw:29.666594,35.78322,42.072018,37.649662,30.011091,34.966095,29.709171,34.061394,32.077763,29.178093
EFT:29.666597,35.783226,42.072025,37.649666,30.011093,34.9661,29.709175,34.061398,32.077766,29.178097
Random260
Raw:29.666595,35.783226,42.072025,37.64967,30.011095,34.9661,29.709177,34.0614,32.07777,29.178097
EFT:29.666597,35.783226,42.072025,37.649666,30.011093,34.9661,29.709175,34.061398,32.077766,29.178097
Random261
Raw:29.6666,35.78322,42.07202,37.649662,30.011091,34.966095,29.709175,34.061398,32.077763,29.178093
EFT:29.666597,35.783226,42.072025,37.649666,30.011093,34.9661,29.709175,34.061398,32.077766,29.178097
Random262
Raw:29.666595,35.78322,42.07202,37.649666,30.011091,34.966095,29.709171,34.061398,32.077766,29.178097
EFT:29.666597,35.783226,42.072025,37.649666,30.011093,34.9661,29.709175,34.061398,32.077766,29.178097
Random263
Raw:29.666597,35.783226,42.07203,37.649666,30.011095,34.9661,29.709177,34.0614,32.077766,29.178097
EFT:29.666597,35.783226,42.072025,37.649666,30.011093,34.9661,29.709175,34.061398,32.077766,29.178097
Random264
Raw:29.666595,35.78322,42.07202,37.649654,30.01109,34.96609,29.709175,34.061394,32.077763,29.17809
EFT:29.666597,35.783226,42.072025,37.649666,30.011093,34.9661,29.709175,34.061398,32.077766,29.178097
Random265
Raw:29.666594,35.783222,42.07202,37.649666,30.011091,34.966095,29.709173,34.061398,32.077766,29.178093
EFT:29.666597,35.783226,42.072025,37.649666,30.011093,34.9661,29.709175,34.061398,32.077766,29.178097
Random266
Raw:29.666595,35.783222,42.07202,37.649662,30.011091,34.966095,29.709173,34.061398,32.077766,29.178093
EFT:29.666597,35.783226,42.072025,37.649666,30.011093,34.9661,29.709175,34.061398,32.077766,29.178097
Random267
Raw:29.666603,35.783226,42.07203,37.64967,30.011097,34.9661,29.70918,34.0614,32.077766,29.178099
EFT:29.666597,35.783226,42.072025,37.649666,30.011093,34.9661,29.709175,34.061398,32.077766,29.178097
Random268
Raw:29.6666,35.783226,42.07203,37.649673,30.011099,34.966103,29.709179,34.061405,32.07777,29.1781
EFT:29.666597,35.783226,42.072025,37.649666,30.011093,34.9661,29.709175,34.061398,32.077766,29.178097
Random269
Raw:29.666595,35.783222,42.072025,37.649662,30.011093,34.966095,29.709177,34.061398,32.077766,29.178095
EFT:29.666597,35.783226,42.072025,37.649666,30.011093,34.9661,29.709175,34.061398,32.077766,29.178097
Random270
Raw:29.666594,35.78322,42.072018,37.649662,30.011087,34.96609,29.70917,34.061394,32.077763,29.178093
EFT:29.666597,35.783226,42.072025,37.649666,30.011093,34.9661,29.709175,34.061398,32.077766,29.178097
Random271
Raw:29.666592,35.783215,42.072018,37.649654,30.011087,34.96609,29.709173,34.061394,32.077763,29.17809
EFT:29.666597,35.783226,42.072025,37.649666,30.011093,34.9661,29.709175,34.061398,32.077766,29.178097
Random272
Raw:29.666601,35.783226,42.07203,37.649666,30.011093,34.9661,29.709177,34.0614,32.077766,29.178093
EFT:29.666597,35.783226,42.072025,37.649666,30.011093,34.9661,29.709175,34.061398,32.077766,29.178097
Random273
Raw:29.666595,35.783222,42.07202,37.64967,30.011095,34.9661,29.709173,34.0614,32.077766,29.178097
EFT:29.666597,35.783226,42.072025,37.649666,30.011093,34.9661,29.709175,34.061398,32.077766,29.178097
Random274
Raw:29.6666,35.78323,42.07203,37.649673,30.011097,34.966103,29.709175,34.061405,32.07777,29.178102
EFT:29.666597,35.783226,42.072025,37.649666,30.011093,34.9661,29.709175,34.061398,32.077766,29.178097
Random275
Raw:29.666595,35.78322,42.07202,37.649662,30.011091,34.966095,29.709175,34.061398,32.077763,29.178091
EFT:29.666597,35.783226,42.072025,37.649666,30.011093,34.9661,29.709175,34.061398,32.077766,29.178097
Random276
Raw:29.6666,35.783226,42.07203,37.64967,30.011097,34.966103,29.709177,34.0614,32.07777,29.178099
EFT:29.666597,35.783226,42.072025,37.649666,30.011093,34.9661,29.709175,34.061398,32.077766,29.178097
Random277
Raw:29.666594,35.783215,42.072018,37.64966,30.011087,34.96609,29.709173,34.061394,32.077763,29.17809
EFT:29.666597,35.783226,42.072025,37.649666,30.011093,34.9661,29.709175,34.061398,32.077766,29.178097
Random278
Raw:29.666603,35.783234,42.072037,37.649677,30.011103,34.96611,29.70918,34.06141,32.077774,29.178106
EFT:29.666597,35.783226,42.072025,37.649666,30.011093,34.9661,29.709175,34.061398,32.077766,29.178097
Random279
Raw:29.666603,35.78323,42.072033,37.649677,30.0111,34.966106,29.709179,34.06141,32.077774,29.178104
EFT:29.666597,35.783226,42.072025,37.649666,30.011093,34.9661,29.709175,34.061398,32.077766,29.178097
Random280
Raw:29.666594,35.783215,42.072018,37.64966,30.011087,34.96609,29.709173,34.061394,32.077763,29.178091
EFT:29.666597,35.783226,42.072025,37.649666,30.011093,34.9661,29.709175,34.061398,32.077766,29.178097
Random281
Raw:29.666597,35.783222,42.07203,37.649662,30.011095,34.9661,29.709177,34.0614,32.077766,29.178093
EFT:29.666597,35.783226,42.072025,37.649666,30.011093,34.9661,29.709175,34.061398,32.077766,29.178097
Random282
Raw:29.666594,35.78322,42.07202,37.649662,30.011091,34.966095,29.709173,34.061394,32.077763,29.178091
EFT:29.666597,35.783226,42.072025,37.649666,30.011093,34.9661,29.709175,34.061398,32.077766,29.178097
Random283
Raw:29.666594,35.783222,42.07202,37.649662,30.011091,34.966095,29.709173,34.061398,32.077766,29.178093
EFT:29.666597,35.783226,42.072025,37.649666,30.011093,34.9661,29.709175,34.061398,32.077766,29.178097
Random284
Raw:29.666592,35.78322,42.072018,37.649662,30.011091,34.966095,29.70917,34.061394,32.077763,29.178093
EFT:29.666597,35.783226,42.072025,37.649666,30.011093,34.9661,29.709175,34.061398,32.077766,29.178097
Random285
Raw:29.666595,35.783226,42.07203,37.649666,30.011095,34.9661,29.709177,34.0614,32.077766,29.178097
EFT:29.666597,35.783226,42.072025,37.649666,30.011093,34.9661,29.709175,34.061398,32.077766,29.178097
Random286
Raw:29.666595,35.78322,42.07202,37.649662,30.011091,34.966095,29.709173,34.061398,32.077766,29.178095
EFT:29.666597,35.783226,42.072025,37.649666,30.011093,34.9661,29.709175,34.061398,32.077766,29.178097
Random287
Raw:29.666595,35.783226,42.07203,37.64967,30.011095,34.9661,29.709177,34.0614,32.07777,29.178097
EFT:29.666597,35.783226,42.072025,37.649666,30.011093,34.9661,29.709175,34.061398,32.077766,29.178097
Random288
Raw:29.666592,35.78322,42.072018,37.649662,30.01109,34.966095,29.709171,34.061394,32.077763,29.178093
EFT:29.666597,35.783226,42.072025,37.649666,30.011093,34.9661,29.709175,34.061398,32.077766,29.178097
Random289
Raw:29.666605,35.783237,42.072037,37.64968,30.011103,34.96611,29.709183,34.06141,32.077774,29.178106
EFT:29.666597,35.783226,42.072025,37.649666,30.011093,34.9661,29.709175,34.061398,32.077766,29.178097
Random290
Raw:29.666595,35.783222,42.072025,37.649662,30.011093,34.966095,29.709177,34.061398,32.077766,29.178093
EFT:29.666597,35.783226,42.072025,37.649666,30.011093,34.9661,29.709175,34.061398,32.077766,29.178097
Random291
Raw:29.666595,35.783222,42.072025,37.649666,30.011093,34.966095,29.709175,34.061398,32.077766,29.178095
EFT:29.666597,35.783226,42.072025,37.649666,30.011093,34.9661,29.709175,34.061398,32.077766,29.178097
Random292
Raw:29.666595,35.78322,42.07202,37.649662,30.011091,34.966095,29.709173,34.061398,32.077766,29.178097
EFT:29.666597,35.783226,42.072025,37.649666,30.011093,34.9661,29.709175,34.061398,32.077766,29.178097
Random293
Raw:29.666594,35.78322,42.072018,37.649662,30.011091,34.966095,29.709171,34.061398,32.077766,29.178093
EFT:29.666597,35.783226,42.072025,37.649666,30.011093,34.9661,29.709175,34.061398,32.077766,29.178097
Random294
Raw:29.666592,35.783226,42.07202,37.649673,30.011095,34.966103,29.70917,34.0614,32.07777,29.1781
EFT:29.666597,35.783226,42.072025,37.649666,30.011093,34.9661,29.709175,34.061398,32.077766,29.178097
Random295
Raw:29.666592,35.78321,42.072014,37.649654,30.011087,34.966087,29.70917,34.061386,32.07776,29.178085
EFT:29.666597,35.783226,42.072025,37.649666,30.011093,34.9661,29.709175,34.061398,32.077766,29.178097
Random296
Raw:29.666592,35.783215,42.072014,37.64966,30.011086,34.966087,29.70917,34.06139,32.07776,29.17809
EFT:29.666597,35.783226,42.072025,37.649666,30.011093,34.9661,29.709175,34.061398,32.077766,29.178097
Random297
Raw:29.666597,35.783226,42.07203,37.649666,30.011095,34.9661,29.709179,34.0614,32.077766,29.178095
EFT:29.666597,35.783226,42.072025,37.649666,30.011093,34.9661,29.709175,34.061398,32.077766,29.178097
Random298
Raw:29.666595,35.783222,42.07202,37.649662,30.011091,34.966095,29.709173,34.061394,32.077763,29.178093
EFT:29.666597,35.783226,42.072025,37.649666,30.011093,34.9661,29.709175,34.061398,32.077766,29.178097
Random299
Raw:29.666592,35.78322,42.072018,37.649666,30.011091,34.966095,29.709171,34.061398,32.077766,29.178093
EFT:29.666597,35.783226,42.072025,37.649666,30.011093,34.9661,29.709175,34.061398,32.077766,29.178097
Random300
Raw:29.666601,35.783226,42.07203,37.649673,30.011099,34.966103,29.709177,34.061405,32.07777,29.178102
EFT:29.666597,35.783226,42.072025,37.649666,30.011093,34.9661,29.709175,34.061398,32.077766,29.178097
