Ascend
Raw:-9.555429112879619,45.934086048487664,33.567819950778585,24.491335127217454,35.02407195908741,34.17982225661938,32.47323806805549,35.4593571892423,33.5735227538317,29.502124433172874
EFT:-9.555429112879619,45.934086048487664,33.567819950778585,24.491335127217454,35.02407195908741,34.17982225661938,32.47323806805549,35.4593571892423,33.5735227538317,29.502124433172874
Descend
Raw:-9.555429112879619,45.934086048487664,33.567819950778585,24.491335127217454,35.02407195908741,34.17982225661938,32.47323806805549,35.4593571892423,33.5735227538317,29.502124433172874
EFT:-9.555429112879619,45.934086048487664,33.567819950778585,24.491335127217454,35.02407195908741,34.17982225661938,32.47323806805549,35.4593571892423,33.5735227538317,29.502124433172874
Random1
Raw:-9.555429112879619,45.934086048487664,33.567819950778585,24.491335127217454,35.02407195908741,34.17982225661938,32.47323806805549,35.4593571892423,33.5735227538317,29.502124433172874
EFT:-9.555429112879619,45.934086048487664,33.567819950778585,24.491335127217454,35.02407195908741,34.17982225661938,32.47323806805549,35.4593571892423,33.5735227538317,29.502124433172874
Random2
Raw:-9.555429112879619,45.934086048487664,33.567819950778585,24.491335127217454,35.02407195908741,34.17982225661938,32.47323806805549,35.4593571892423,33.5735227538317,29.502124433172874
EFT:-9.555429112879619,45.934086048487664,33.567819950778585,24.491335127217454,35.02407195908741,34.17982225661938,32.47323806805549,35.4593571892423,33.5735227538317,29.502124433172874
Random3
Raw:-9.555429112879619,45.934086048487664,33.567819950778585,24.491335127217454,35.02407195908741,34.17982225661938,32.47323806805549,35.4593571892423,33.5735227538317,29.502124433172874
EFT:-9.555429112879619,45.934086048487664,33.567819950778585,24.491335127217454,35.02407195908741,34.17982225661938,32.47323806805549,35.4593571892423,33.5735227538317,29.502124433172874
Random4
Raw:-9.555429112879619,45.934086048487664,33.567819950778585,24.491335127217454,35.02407195908741,34.17982225661938,32.47323806805549,35.4593571892423,33.5735227538317,29.502124433172874
EFT:-9.555429112879619,45.934086048487664,33.567819950778585,24.491335127217454,35.02407195908741,34.17982225661938,32.47323806805549,35.4593571892423,33.5735227538317,29.502124433172874
Random5
Raw:-9.555429112879619,45.934086048487664,33.567819950778585,24.491335127217454,35.02407195908741,34.17982225661938,32.47323806805549,35.4593571892423,33.5735227538317,29.502124433172874
EFT:-9.555429112879619,45.934086048487664,33.567819950778585,24.491335127217454,35.02407195908741,34.17982225661938,32.47323806805549,35.4593571892423,33.5735227538317,29.502124433172874
Random6
Raw:-9.555429112879619,45.934086048487664,33.567819950778585,24.491335127217454,35.02407195908741,34.17982225661938,32.47323806805549,35.4593571892423,33.5735227538317,29.502124433172874
EFT:-9.555429112879619,45.934086048487664,33.567819950778585,24.491335127217454,35.02407195908741,34.17982225661938,32.47323806805549,35.4593571892423,33.5735227538317,29.502124433172874
Random7
Raw:-9.555429112879619,45.934086048487664,33.567819950778585,24.491335127217454,35.02407195908741,34.17982225661938,32.47323806805549,35.4593571892423,33.5735227538317,29.502124433172874
EFT:-9.555429112879619,45.934086048487664,33.567819950778585,24.491335127217454,35.02407195908741,34.17982225661938,32.47323806805549,35.4593571892423,33.5735227538317,29.502124433172874
Random8
Raw:-9.555429112879619,45.934086048487664,33.567819950778585,24.491335127217454,35.02407195908741,34.17982225661938,32.47323806805549,35.4593571892423,33.5735227538317,29.502124433172874
EFT:-9.555429112879619,45.934086048487664,33.567819950778585,24.491335127217454,35.02407195908741,34.17982225661938,32.47323806805549,35.4593571892423,33.5735227538317,29.502124433172874
Random9
Raw:-9.555429112879619,45.934086048487664,33.567819950778585,24.491335127217454,35.02407195908741,34.17982225661938,32.47323806805549,35.4593571892423,33.5735227538317,29.502124433172874
EFT:-9.555429112879619,45.934086048487664,33.567819950778585,24.491335127217454,35.02407195908741,34.17982225661938,32.47323806805549,35.4593571892423,33.5735227538317,29.502124433172874
Random10
Raw:-9.555429112879619,45.934086048487664,33.567819950778585,24.491335127217454,35.02407195908741,34.17982225661938,32.47323806805549,35.4593571892423,33.5735227538317,29.502124433172874
EFT:-9.555429112879619,45.934086048487664,33.567819950778585,24.491335127217454,35.02407195908741,34.17982225661938,32.47323806805549,35.4593571892423,33.5735227538317,29.502124433172874
Random11
Raw:-9.555429112879619,45.934086048487664,33.567819950778585,24.491335127217454,35.02407195908741,34.17982225661938,32.47323806805549,35.4593571892423,33.5735227538317,29.502124433172874
EFT:-9.555429112879619,45.934086048487664,33.567819950778585,24.491335127217454,35.02407195908741,34.17982225661938,32.47323806805549,35.4593571892423,33.5735227538317,29.502124433172874
Random12
Raw:-9.555429112879619,45.934086048487664,33.567819950778585,24.491335127217454,35.02407195908741,34.17982225661938,32.47323806805549,35.4593571892423,33.5735227538317,29.502124433172874
EFT:-9.555429112879619,45.934086048487664,33.567819950778585,24.491335127217454,35.02407195908741,34.17982225661938,32.47323806805549,35.4593571892423,33.5735227538317,29.502124433172874
Random13
Raw:-9.555429112879619,45.934086048487664,33.567819950778585,24.491335127217454,35.02407195908741,34.17982225661938,32.47323806805549,35.4593571892423,33.5735227538317,29.502124433172874
EFT:-9.555429112879619,45.934086048487664,33.567819950778585,24.491335127217454,35.02407195908741,34.17982225661938,32.47323806805549,35.4593571892423,33.5735227538317,29.502124433172874
Random14
Raw:-9.555429112879619,45.934086048487664,33.567819950778585,24.491335127217454,35.02407195908741,34.17982225661938,32.47323806805549,35.4593571892423,33.5735227538317,29.502124433172874
EFT:-9.555429112879619,45.934086048487664,33.567819950778585,24.491335127217454,35.02407195908741,34.17982225661938,32.47323806805549,35.4593571892423,33.5735227538317,29.502124433172874
Random15
Raw:-9.555429112879619,45.934086048487664,33.567819950778585,24.491335127217454,35.02407195908741,34.17982225661938,32.47323806805549,35.4593571892423,33.5735227538317,29.502124433172874
EFT:-9.555429112879619,45.934086048487664,33.567819950778585,24.491335127217454,35.02407195908741,34.17982225661938,32.47323806805549,35.4593571892423,33.5735227538317,29.502124433172874
Random16
Raw:-9.555429112879619,45.934086048487664,33.567819950778585,24.491335127217454,35.02407195908741,34.17982225661938,32.47323806805549,35.4593571892423,33.5735227538317,29.502124433172874
EFT:-9.555429112879619,45.934086048487664,33.567819950778585,24.491335127217454,35.02407195908741,34.17982225661938,32.47323806805549,35.4593571892423,33.5735227538317,29.502124433172874
Random17
Raw:-9.555429112879619,45.934086048487664,33.567819950778585,24.491335127217454,35.02407195908741,34.17982225661938,32.47323806805549,35.4593571892423,33.5735227538317,29.502124433172874
EFT:-9.555429112879619,45.934086048487664,33.567819950778585,24.491335127217454,35.02407195908741,34.17982225661938,32.47323806805549,35.4593571892423,33.5735227538317,29.502124433172874
Random18
Raw:-9.555429112879619,45.934086048487664,33.567819950778585,24.491335127217454,35.02407195908741,34.17982225661938,32.47323806805549,35.4593571892423,33.5735227538317,29.502124433172874
EFT:-9.555429112879619,45.934086048487664,33.567819950778585,24.491335127217454,35.02407195908741,34.17982225661938,32.47323806805549,35.4593571892423,33.5735227538317,29.502124433172874
Random19
Raw:-9.555429112879619,45.934086048487664,33.567819950778585,24.491335127217454,35.02407195908741,34.17982225661938,32.47323806805549,35.4593571892423,33.5735227538317,29.502124433172874
EFT:-9.555429112879619,45.934086048487664,33.567819950778585,24.491335127217454,35.02407195908741,34.17982225661938,32.47323806805549,35.4593571892423,33.5735227538317,29.502124433172874
Random20
Raw:-9.555429112879619,45.934086048487664,33.567819950778585,24.491335127217454,35.02407195908741,34.17982225661938,32.47323806805549,35.4593571892423,33.5735227538317,29.502124433172874
EFT:-9.555429112879619,45.934086048487664,33.567819950778585,24.491335127217454,35.02407195908741,34.17982225661938,32.47323806805549,35.4593571892423,33.5735227538317,29.502124433172874
Random21
Raw:-9.555429112879619,45.934086048487664,33.567819950778585,24.491335127217454,35.02407195908741,34.17982225661938,32.47323806805549,35.4593571892423,33.5735227538317,29.502124433172874
EFT:-9.555429112879619,45.934086048487664,33.567819950778585,24.491335127217454,35.02407195908741,34.17982225661938,32.47323806805549,35.4593571892423,33.5735227538317,29.502124433172874
Random22
Raw:-9.555429112879619,45.934086048487664,33.567819950778585,24.491335127217454,35.02407195908741,34.17982225661938,32.47323806805549,35.4593571892423,33.5735227538317,29.502124433172874
EFT:-9.555429112879619,45.934086048487664,33.567819950778585,24.491335127217454,35.02407195908741,34.17982225661938,32.47323806805549,35.4593571892423,33.5735227538317,29.502124433172874
Random23
Raw:-9.555429112879619,45.934086048487664,33.567819950778585,24.491335127217454,35.02407195908741,34.17982225661938,32.47323806805549,35.4593571892423,33.5735227538317,29.502124433172874
EFT:-9.555429112879619,45.934086048487664,33.567819950778585,24.491335127217454,35.02407195908741,34.17982225661938,32.47323806805549,35.4593571892423,33.5735227538317,29.502124433172874
Random24
Raw:-9.555429112879619,45.934086048487664,33.567819950778585,24.491335127217454,35.02407195908741,34.17982225661938,32.47323806805549,35.4593571892423,33.5735227538317,29.502124433172874
EFT:-9.555429112879619,45.934086048487664,33.567819950778585,24.491335127217454,35.02407195908741,34.17982225661938,32.47323806805549,35.4593571892423,33.5735227538317,29.502124433172874
Random25
Raw:-9.555429112879619,45.934086048487664,33.567819950778585,24.491335127217454,35.02407195908741,34.17982225661938,32.47323806805549,35.4593571892423,33.5735227538317,29.502124433172874
EFT:-9.555429112879619,45.934086048487664,33.567819950778585,24.491335127217454,35.02407195908741,34.17982225661938,32.47323806805549,35.4593571892423,33.5735227538317,29.502124433172874
Random26
Raw:-9.555429112879619,45.934086048487664,33.567819950778585,24.491335127217454,35.02407195908741,34.17982225661938,32.47323806805549,35.4593571892423,33.5735227538317,29.502124433172874
EFT:-9.555429112879619,45.934086048487664,33.567819950778585,24.491335127217454,35.02407195908741,34.17982225661938,32.47323806805549,35.4593571892423,33.5735227538317,29.502124433172874
Random27
Raw:-9.555429112879619,45.934086048487664,33.567819950778585,24.491335127217454,35.02407195908741,34.17982225661938,32.47323806805549,35.4593571892423,33.5735227538317,29.502124433172874
EFT:-9.555429112879619,45.934086048487664,33.567819950778585,24.491335127217454,35.02407195908741,34.17982225661938,32.47323806805549,35.4593571892423,33.5735227538317,29.502124433172874
Random28
Raw:-9.555429112879619,45.934086048487664,33.567819950778585,24.491335127217454,35.02407195908741,34.17982225661938,32.47323806805549,35.4593571892423,33.5735227538317,29.502124433172874
EFT:-9.555429112879619,45.934086048487664,33.567819950778585,24.491335127217454,35.02407195908741,34.17982225661938,32.47323806805549,35.4593571892423,33.5735227538317,29.502124433172874
Random29
Raw:-9.555429112879619,45.934086048487664,33.567819950778585,24.491335127217454,35.02407195908741,34.17982225661938,32.47323806805549,35.4593571892423,33.5735227538317,29.502124433172874
EFT:-9.555429112879619,45.934086048487664,33.567819950778585,24.491335127217454,35.02407195908741,34.17982225661938,32.47323806805549,35.4593571892423,33.5735227538317,29.502124433172874
Random30
Raw:-9.555429112879619,45.934086048487664,33.567819950778585,24.491335127217454,35.02407195908741,34.17982225661938,32.47323806805549,35.4593571892423,33.5735227538317,29.502124433172874
EFT:-9.555429112879619,45.934086048487664,33.567819950778585,24.491335127217454,35.02407195908741,34.17982225661938,32.47323806805549,35.4593571892423,33.5735227538317,29.502124433172874
Random31
Raw:-9.555429112879619,45.934086048487664,33.567819950778585,24.491335127217454,35.02407195908741,34.17982225661938,32.47323806805549,35.4593571892423,33.5735227538317,29.502124433172874
EFT:-9.555429112879619,45.934086048487664,33.567819950778585,24.491335127217454,35.02407195908741,34.17982225661938,32.47323806805549,35.4593571892423,33.5735227538317,29.502124433172874
Random32
Raw:-9.555429112879619,45.934086048487664,33.567819950778585,24.491335127217454,35.02407195908741,34.17982225661938,32.47323806805549,35.4593571892423,33.5735227538317,29.502124433172874
EFT:-9.555429112879619,45.934086048487664,33.567819950778585,24.491335127217454,35.02407195908741,34.17982225661938,32.47323806805549,35.4593571892423,33.5735227538317,29.502124433172874
Random33
Raw:-9.555429112879619,45.934086048487664,33.567819950778585,24.491335127217454,35.02407195908741,34.17982225661938,32.47323806805549,35.4593571892423,33.5735227538317,29.502124433172874
EFT:-9.555429112879619,45.934086048487664,33.567819950778585,24.491335127217454,35.02407195908741,34.17982225661938,32.47323806805549,35.4593571892423,33.5735227538317,29.502124433172874
Random34
Raw:-9.555429112879619,45.934086048487664,33.567819950778585,24.491335127217454,35.02407195908741,34.17982225661938,32.47323806805549,35.4593571892423,33.5735227538317,29.502124433172874
EFT:-9.555429112879619,45.934086048487664,33.567819950778585,24.491335127217454,35.02407195908741,34.17982225661938,32.47323806805549,35.4593571892423,33.5735227538317,29.502124433172874
Random35
Raw:-9.555429112879619,45.934086048487664,33.567819950778585,24.491335127217454,35.02407195908741,34.17982225661938,32.47323806805549,35.4593571892423,33.5735227538317,29.502124433172874
EFT:-9.555429112879619,45.934086048487664,33.567819950778585,24.491335127217454,35.02407195908741,34.17982225661938,32.47323806805549,35.4593571892423,33.5735227538317,29.502124433172874
Random36
Raw:-9.555429112879619,45.934086048487664,33.567819950778585,24.491335127217454,35.02407195908741,34.17982225661938,32.47323806805549,35.4593571892423,33.5735227538317,29.502124433172874
EFT:-9.555429112879619,45.934086048487664,33.567819950778585,24.491335127217454,35.02407195908741,34.17982225661938,32.47323806805549,35.4593571892423,33.5735227538317,29.502124433172874
Random37
Raw:-9.555429112879619,45.934086048487664,33.567819950778585,24.491335127217454,35.02407195908741,34.17982225661938,32.47323806805549,35.4593571892423,33.5735227538317,29.502124433172874
EFT:-9.555429112879619,45.934086048487664,33.567819950778585,24.491335127217454,35.02407195908741,34.17982225661938,32.47323806805549,35.4593571892423,33.5735227538317,29.502124433172874
Random38
Raw:-9.555429112879619,45.934086048487664,33.567819950778585,24.491335127217454,35.02407195908741,34.17982225661938,32.47323806805549,35.4593571892423,33.5735227538317,29.502124433172874
EFT:-9.555429112879619,45.934086048487664,33.567819950778585,24.491335127217454,35.02407195908741,34.17982225661938,32.47323806805549,35.4593571892423,33.5735227538317,29.502124433172874
Random39
Raw:-9.555429112879619,45.934086048487664,33.567819950778585,24.491335127217454,35.02407195908741,34.17982225661938,32.47323806805549,35.4593571892423,33.5735227538317,29.502124433172874
EFT:-9.555429112879619,45.934086048487664,33.567819950778585,24.491335127217454,35.02407195908741,34.17982225661938,32.47323806805549,35.4593571892423,33.5735227538317,29.502124433172874
Random40
Raw:-9.555429112879619,45.934086048487664,33.567819950778585,24.491335127217454,35.02407195908741,34.17982225661938,32.47323806805549,35.4593571892423,33.5735227538317,29.502124433172874
EFT:-9.555429112879619,45.934086048487664,33.567819950778585,24.491335127217454,35.02407195908741,34.17982225661938,32.47323806805549,35.4593571892423,33.5735227538317,29.502124433172874
Random41
Raw:-9.555429112879619,45.934086048487664,33.567819950778585,24.491335127217454,35.02407195908741,34.17982225661938,32.47323806805549,35.4593571892423,33.5735227538317,29.502124433172874
EFT:-9.555429112879619,45.934086048487664,33.567819950778585,24.491335127217454,35.02407195908741,34.17982225661938,32.47323806805549,35.4593571892423,33.5735227538317,29.502124433172874
Random42
Raw:-9.555429112879619,45.934086048487664,33.567819950778585,24.491335127217454,35.02407195908741,34.17982225661938,32.47323806805549,35.4593571892423,33.5735227538317,29.502124433172874
EFT:-9.555429112879619,45.934086048487664,33.567819950778585,24.491335127217454,35.02407195908741,34.17982225661938,32.47323806805549,35.4593571892423,33.5735227538317,29.502124433172874
Random43
Raw:-9.555429112879619,45.934086048487664,33.567819950778585,24.491335127217454,35.02407195908741,34.17982225661938,32.47323806805549,35.4593571892423,33.5735227538317,29.502124433172874
EFT:-9.555429112879619,45.934086048487664,33.567819950778585,24.491335127217454,35.02407195908741,34.17982225661938,32.47323806805549,35.4593571892423,33.5735227538317,29.502124433172874
Random44
Raw:-9.555429112879619,45.934086048487664,33.567819950778585,24.491335127217454,35.02407195908741,34.17982225661938,32.47323806805549,35.4593571892423,33.5735227538317,29.502124433172874
EFT:-9.555429112879619,45.934086048487664,33.567819950778585,24.491335127217454,35.02407195908741,34.17982225661938,32.47323806805549,35.4593571892423,33.5735227538317,29.502124433172874
Random45
Raw:-9.555429112879619,45.934086048487664,33.567819950778585,24.491335127217454,35.02407195908741,34.17982225661938,32.47323806805549,35.4593571892423,33.5735227538317,29.502124433172874
EFT:-9.555429112879619,45.934086048487664,33.567819950778585,24.491335127217454,35.02407195908741,34.17982225661938,32.47323806805549,35.4593571892423,33.5735227538317,29.502124433172874
Random46
Raw:-9.555429112879619,45.934086048487664,33.567819950778585,24.491335127217454,35.02407195908741,34.17982225661938,32.47323806805549,35.4593571892423,33.5735227538317,29.502124433172874
EFT:-9.555429112879619,45.934086048487664,33.567819950778585,24.491335127217454,35.02407195908741,34.17982225661938,32.47323806805549,35.4593571892423,33.5735227538317,29.502124433172874
Random47
Raw:-9.555429112879619,45.934086048487664,33.567819950778585,24.491335127217454,35.02407195908741,34.17982225661938,32.47323806805549,35.4593571892423,33.5735227538317,29.502124433172874
EFT:-9.555429112879619,45.934086048487664,33.567819950778585,24.491335127217454,35.02407195908741,34.17982225661938,32.47323806805549,35.4593571892423,33.5735227538317,29.502124433172874
Random48
Raw:-9.555429112879619,45.934086048487664,33.567819950778585,24.491335127217454,35.02407195908741,34.17982225661938,32.47323806805549,35.4593571892423,33.5735227538317,29.502124433172874
EFT:-9.555429112879619,45.934086048487664,33.567819950778585,24.491335127217454,35.02407195908741,34.17982225661938,32.47323806805549,35.4593571892423,33.5735227538317,29.502124433172874
Random49
Raw:-9.555429112879619,45.934086048487664,33.567819950778585,24.491335127217454,35.02407195908741,34.17982225661938,32.47323806805549,35.4593571892423,33.5735227538317,29.502124433172874
EFT:-9.555429112879619,45.934086048487664,33.567819950778585,24.491335127217454,35.02407195908741,34.17982225661938,32.47323806805549,35.4593571892423,33.5735227538317,29.502124433172874
Random50
Raw:-9.555429112879619,45.934086048487664,33.567819950778585,24.491335127217454,35.02407195908741,34.17982225661938,32.47323806805549,35.4593571892423,33.5735227538317,29.502124433172874
EFT:-9.555429112879619,45.934086048487664,33.567819950778585,24.491335127217454,35.02407195908741,34.17982225661938,32.47323806805549,35.4593571892423,33.5735227538317,29.502124433172874
Random51
Raw:-9.555429112879619,45.934086048487664,33.567819950778585,24.491335127217454,35.02407195908741,34.17982225661938,32.47323806805549,35.4593571892423,33.5735227538317,29.502124433172874
EFT:-9.555429112879619,45.934086048487664,33.567819950778585,24.491335127217454,35.02407195908741,34.17982225661938,32.47323806805549,35.4593571892423,33.5735227538317,29.502124433172874
Random52
Raw:-9.555429112879619,45.934086048487664,33.567819950778585,24.491335127217454,35.02407195908741,34.17982225661938,32.47323806805549,35.4593571892423,33.5735227538317,29.502124433172874
EFT:-9.555429112879619,45.934086048487664,33.567819950778585,24.491335127217454,35.02407195908741,34.17982225661938,32.47323806805549,35.4593571892423,33.5735227538317,29.502124433172874
Random53
Raw:-9.555429112879619,45.934086048487664,33.567819950778585,24.491335127217454,35.02407195908741,34.17982225661938,32.47323806805549,35.4593571892423,33.5735227538317,29.502124433172874
EFT:-9.555429112879619,45.934086048487664,33.567819950778585,24.491335127217454,35.02407195908741,34.17982225661938,32.47323806805549,35.4593571892423,33.5735227538317,29.502124433172874
Random54
Raw:-9.555429112879619,45.934086048487664,33.567819950778585,24.491335127217454,35.02407195908741,34.17982225661938,32.47323806805549,35.4593571892423,33.5735227538317,29.502124433172874
EFT:-9.555429112879619,45.934086048487664,33.567819950778585,24.491335127217454,35.02407195908741,34.17982225661938,32.47323806805549,35.4593571892423,33.5735227538317,29.502124433172874
Random55
Raw:-9.555429112879619,45.934086048487664,33.567819950778585,24.491335127217454,35.02407195908741,34.17982225661938,32.47323806805549,35.4593571892423,33.5735227538317,29.502124433172874
EFT:-9.555429112879619,45.934086048487664,33.567819950778585,24.491335127217454,35.02407195908741,34.17982225661938,32.47323806805549,35.4593571892423,33.5735227538317,29.502124433172874
Random56
Raw:-9.555429112879619,45.934086048487664,33.567819950778585,24.491335127217454,35.02407195908741,34.17982225661938,32.47323806805549,35.4593571892423,33.5735227538317,29.502124433172874
EFT:-9.555429112879619,45.934086048487664,33.567819950778585,24.491335127217454,35.02407195908741,34.17982225661938,32.47323806805549,35.4593571892423,33.5735227538317,29.502124433172874
Random57
Raw:-9.555429112879619,45.934086048487664,33.567819950778585,24.491335127217454,35.02407195908741,34.17982225661938,32.47323806805549,35.4593571892423,33.5735227538317,29.502124433172874
EFT:-9.555429112879619,45.934086048487664,33.567819950778585,24.491335127217454,35.02407195908741,34.17982225661938,32.47323806805549,35.4593571892423,33.5735227538317,29.502124433172874
Random58
Raw:-9.555429112879619,45.934086048487664,33.567819950778585,24.491335127217454,35.02407195908741,34.17982225661938,32.47323806805549,35.4593571892423,33.5735227538317,29.502124433172874
EFT:-9.555429112879619,45.934086048487664,33.567819950778585,24.491335127217454,35.02407195908741,34.17982225661938,32.47323806805549,35.4593571892423,33.5735227538317,29.502124433172874
Random59
Raw:-9.555429112879619,45.934086048487664,33.567819950778585,24.491335127217454,35.02407195908741,34.17982225661938,32.47323806805549,35.4593571892423,33.5735227538317,29.502124433172874
EFT:-9.555429112879619,45.934086048487664,33.567819950778585,24.491335127217454,35.02407195908741,34.17982225661938,32.47323806805549,35.4593571892423,33.5735227538317,29.502124433172874
Random60
Raw:-9.555429112879619,45.934086048487664,33.567819950778585,24.491335127217454,35.02407195908741,34.17982225661938,32.47323806805549,35.4593571892423,33.5735227538317,29.502124433172874
EFT:-9.555429112879619,45.934086048487664,33.567819950778585,24.491335127217454,35.02407195908741,34.17982225661938,32.47323806805549,35.4593571892423,33.5735227538317,29.502124433172874
Random61
Raw:-9.555429112879619,45.934086048487664,33.567819950778585,24.491335127217454,35.02407195908741,34.17982225661938,32.47323806805549,35.4593571892423,33.5735227538317,29.502124433172874
EFT:-9.555429112879619,45.934086048487664,33.567819950778585,24.491335127217454,35.02407195908741,34.17982225661938,32.47323806805549,35.4593571892423,33.5735227538317,29.502124433172874
Random62
Raw:-9.555429112879619,45.934086048487664,33.567819950778585,24.491335127217454,35.02407195908741,34.17982225661938,32.47323806805549,35.4593571892423,33.5735227538317,29.502124433172874
EFT:-9.555429112879619,45.934086048487664,33.567819950778585,24.491335127217454,35.02407195908741,34.17982225661938,32.47323806805549,35.4593571892423,33.5735227538317,29.502124433172874
Random63
Raw:-9.555429112879619,45.934086048487664,33.567819950778585,24.491335127217454,35.02407195908741,34.17982225661938,32.47323806805549,35.4593571892423,33.5735227538317,29.502124433172874
EFT:-9.555429112879619,45.934086048487664,33.567819950778585,24.491335127217454,35.02407195908741,34.17982225661938,32.47323806805549,35.4593571892423,33.5735227538317,29.502124433172874
Random64
Raw:-9.555429112879619,45.934086048487664,33.567819950778585,24.491335127217454,35.02407195908741,34.17982225661938,32.47323806805549,35.4593571892423,33.5735227538317,29.502124433172874
EFT:-9.555429112879619,45.934086048487664,33.567819950778585,24.491335127217454,35.02407195908741,34.17982225661938,32.47323806805549,35.4593571892423,33.5735227538317,29.502124433172874
Random65
Raw:-9.555429112879619,45.934086048487664,33.567819950778585,24.491335127217454,35.02407195908741,34.17982225661938,32.47323806805549,35.4593571892423,33.5735227538317,29.502124433172874
EFT:-9.555429112879619,45.934086048487664,33.567819950778585,24.491335127217454,35.02407195908741,34.17982225661938,32.47323806805549,35.4593571892423,33.5735227538317,29.502124433172874
Random66
Raw:-9.555429112879619,45.934086048487664,33.567819950778585,24.491335127217454,35.02407195908741,34.17982225661938,32.47323806805549,35.4593571892423,33.5735227538317,29.502124433172874
EFT:-9.555429112879619,45.934086048487664,33.567819950778585,24.491335127217454,35.02407195908741,34.17982225661938,32.47323806805549,35.4593571892423,33.5735227538317,29.502124433172874
Random67
Raw:-9.555429112879619,45.934086048487664,33.567819950778585,24.491335127217454,35.02407195908741,34.17982225661938,32.47323806805549,35.4593571892423,33.5735227538317,29.502124433172874
EFT:-9.555429112879619,45.934086048487664,33.567819950778585,24.491335127217454,35.02407195908741,34.17982225661938,32.47323806805549,35.4593571892423,33.5735227538317,29.502124433172874
Random68
Raw:-9.555429112879619,45.934086048487664,33.567819950778585,24.491335127217454,35.02407195908741,34.17982225661938,32.47323806805549,35.4593571892423,33.5735227538317,29.502124433172874
EFT:-9.555429112879619,45.934086048487664,33.567819950778585,24.491335127217454,35.02407195908741,34.17982225661938,32.47323806805549,35.4593571892423,33.5735227538317,29.502124433172874
Random69
Raw:-9.555429112879619,45.934086048487664,33.567819950778585,24.491335127217454,35.02407195908741,34.17982225661938,32.47323806805549,35.4593571892423,33.5735227538317,29.502124433172874
EFT:-9.555429112879619,45.934086048487664,33.567819950778585,24.491335127217454,35.02407195908741,34.17982225661938,32.47323806805549,35.4593571892423,33.5735227538317,29.502124433172874
Random70
Raw:-9.555429112879619,45.934086048487664,33.567819950778585,24.491335127217454,35.02407195908741,34.17982225661938,32.47323806805549,35.4593571892423,33.5735227538317,29.502124433172874
EFT:-9.555429112879619,45.934086048487664,33.567819950778585,24.491335127217454,35.02407195908741,34.17982225661938,32.47323806805549,35.4593571892423,33.5735227538317,29.502124433172874
Random71
Raw:-9.555429112879619,45.934086048487664,33.567819950778585,24.491335127217454,35.02407195908741,34.17982225661938,32.47323806805549,35.4593571892423,33.5735227538317,29.502124433172874
EFT:-9.555429112879619,45.934086048487664,33.567819950778585,24.491335127217454,35.02407195908741,34.17982225661938,32.47323806805549,35.4593571892423,33.5735227538317,29.502124433172874
Random72
Raw:-9.555429112879619,45.934086048487664,33.567819950778585,24.491335127217454,35.02407195908741,34.17982225661938,32.47323806805549,35.4593571892423,33.5735227538317,29.502124433172874
EFT:-9.555429112879619,45.934086048487664,33.567819950778585,24.491335127217454,35.02407195908741,34.17982225661938,32.47323806805549,35.4593571892423,33.5735227538317,29.502124433172874
Random73
Raw:-9.555429112879619,45.934086048487664,33.567819950778585,24.491335127217454,35.02407195908741,34.17982225661938,32.47323806805549,35.4593571892423,33.5735227538317,29.502124433172874
EFT:-9.555429112879619,45.934086048487664,33.567819950778585,24.491335127217454,35.02407195908741,34.17982225661938,32.47323806805549,35.4593571892423,33.5735227538317,29.502124433172874
Random74
Raw:-9.555429112879619,45.934086048487664,33.567819950778585,24.491335127217454,35.02407195908741,34.17982225661938,32.47323806805549,35.4593571892423,33.5735227538317,29.502124433172874
EFT:-9.555429112879619,45.934086048487664,33.567819950778585,24.491335127217454,35.02407195908741,34.17982225661938,32.47323806805549,35.4593571892423,33.5735227538317,29.502124433172874
Random75
Raw:-9.555429112879619,45.934086048487664,33.567819950778585,24.491335127217454,35.02407195908741,34.17982225661938,32.47323806805549,35.4593571892423,33.5735227538317,29.502124433172874
EFT:-9.555429112879619,45.934086048487664,33.567819950778585,24.491335127217454,35.02407195908741,34.17982225661938,32.47323806805549,35.4593571892423,33.5735227538317,29.502124433172874
Random76
Raw:-9.555429112879619,45.934086048487664,33.567819950778585,24.491335127217454,35.02407195908741,34.17982225661938,32.47323806805549,35.4593571892423,33.5735227538317,29.502124433172874
EFT:-9.555429112879619,45.934086048487664,33.567819950778585,24.491335127217454,35.02407195908741,34.17982225661938,32.47323806805549,35.4593571892423,33.5735227538317,29.502124433172874
Random77
Raw:-9.555429112879619,45.934086048487664,33.567819950778585,24.491335127217454,35.02407195908741,34.17982225661938,32.47323806805549,35.4593571892423,33.5735227538317,29.502124433172874
EFT:-9.555429112879619,45.934086048487664,33.567819950778585,24.491335127217454,35.02407195908741,34.17982225661938,32.47323806805549,35.4593571892423,33.5735227538317,29.502124433172874
Random78
Raw:-9.555429112879619,45.934086048487664,33.567819950778585,24.491335127217454,35.02407195908741,34.17982225661938,32.47323806805549,35.4593571892423,33.5735227538317,29.502124433172874
EFT:-9.555429112879619,45.934086048487664,33.567819950778585,24.491335127217454,35.02407195908741,34.17982225661938,32.47323806805549,35.4593571892423,33.5735227538317,29.502124433172874
Random79
Raw:-9.555429112879619,45.934086048487664,33.567819950778585,24.491335127217454,35.02407195908741,34.17982225661938,32.47323806805549,35.4593571892423,33.5735227538317,29.502124433172874
EFT:-9.555429112879619,45.934086048487664,33.567819950778585,24.491335127217454,35.02407195908741,34.17982225661938,32.47323806805549,35.4593571892423,33.5735227538317,29.502124433172874
Random80
Raw:-9.555429112879619,45.934086048487664,33.567819950778585,24.491335127217454,35.02407195908741,34.17982225661938,32.47323806805549,35.4593571892423,33.5735227538317,29.502124433172874
EFT:-9.555429112879619,45.934086048487664,33.567819950778585,24.491335127217454,35.02407195908741,34.17982225661938,32.47323806805549,35.4593571892423,33.5735227538317,29.502124433172874
Random81
Raw:-9.555429112879619,45.934086048487664,33.567819950778585,24.491335127217454,35.02407195908741,34.17982225661938,32.47323806805549,35.4593571892423,33.5735227538317,29.502124433172874
EFT:-9.555429112879619,45.934086048487664,33.567819950778585,24.491335127217454,35.02407195908741,34.17982225661938,32.47323806805549,35.4593571892423,33.5735227538317,29.502124433172874
Random82
Raw:-9.555429112879619,45.934086048487664,33.567819950778585,24.491335127217454,35.02407195908741,34.17982225661938,32.47323806805549,35.4593571892423,33.5735227538317,29.502124433172874
EFT:-9.555429112879619,45.934086048487664,33.567819950778585,24.491335127217454,35.02407195908741,34.17982225661938,32.47323806805549,35.4593571892423,33.5735227538317,29.502124433172874
Random83
Raw:-9.555429112879619,45.934086048487664,33.567819950778585,24.491335127217454,35.02407195908741,34.17982225661938,32.47323806805549,35.4593571892423,33.5735227538317,29.502124433172874
EFT:-9.555429112879619,45.934086048487664,33.567819950778585,24.491335127217454,35.02407195908741,34.17982225661938,32.47323806805549,35.4593571892423,33.5735227538317,29.502124433172874
Random84
Raw:-9.555429112879619,45.934086048487664,33.567819950778585,24.491335127217454,35.02407195908741,34.17982225661938,32.47323806805549,35.4593571892423,33.5735227538317,29.502124433172874
EFT:-9.555429112879619,45.934086048487664,33.567819950778585,24.491335127217454,35.02407195908741,34.17982225661938,32.47323806805549,35.4593571892423,33.5735227538317,29.502124433172874
Random85
Raw:-9.555429112879619,45.934086048487664,33.567819950778585,24.491335127217454,35.02407195908741,34.17982225661938,32.47323806805549,35.4593571892423,33.5735227538317,29.502124433172874
EFT:-9.555429112879619,45.934086048487664,33.567819950778585,24.491335127217454,35.02407195908741,34.17982225661938,32.47323806805549,35.4593571892423,33.5735227538317,29.502124433172874
Random86
Raw:-9.555429112879619,45.934086048487664,33.567819950778585,24.491335127217454,35.02407195908741,34.17982225661938,32.47323806805549,35.4593571892423,33.5735227538317,29.502124433172874
EFT:-9.555429112879619,45.934086048487664,33.567819950778585,24.491335127217454,35.02407195908741,34.17982225661938,32.47323806805549,35.4593571892423,33.5735227538317,29.502124433172874
Random87
Raw:-9.555429112879619,45.934086048487664,33.567819950778585,24.491335127217454,35.02407195908741,34.17982225661938,32.47323806805549,35.4593571892423,33.5735227538317,29.502124433172874
EFT:-9.555429112879619,45.934086048487664,33.567819950778585,24.491335127217454,35.02407195908741,34.17982225661938,32.47323806805549,35.4593571892423,33.5735227538317,29.502124433172874
Random88
Raw:-9.555429112879619,45.934086048487664,33.567819950778585,24.491335127217454,35.02407195908741,34.17982225661938,32.47323806805549,35.4593571892423,33.5735227538317,29.502124433172874
EFT:-9.555429112879619,45.934086048487664,33.567819950778585,24.491335127217454,35.02407195908741,34.17982225661938,32.47323806805549,35.4593571892423,33.5735227538317,29.502124433172874
Random89
Raw:-9.555429112879619,45.934086048487664,33.567819950778585,24.491335127217454,35.02407195908741,34.17982225661938,32.47323806805549,35.4593571892423,33.5735227538317,29.502124433172874
EFT:-9.555429112879619,45.934086048487664,33.567819950778585,24.491335127217454,35.02407195908741,34.17982225661938,32.47323806805549,35.4593571892423,33.5735227538317,29.502124433172874
Random90
Raw:-9.555429112879619,45.934086048487664,33.567819950778585,24.491335127217454,35.02407195908741,34.17982225661938,32.47323806805549,35.4593571892423,33.5735227538317,29.502124433172874
EFT:-9.555429112879619,45.934086048487664,33.567819950778585,24.491335127217454,35.02407195908741,34.17982225661938,32.47323806805549,35.4593571892423,33.5735227538317,29.502124433172874
Random91
Raw:-9.555429112879619,45.934086048487664,33.567819950778585,24.491335127217454,35.02407195908741,34.17982225661938,32.47323806805549,35.4593571892423,33.5735227538317,29.502124433172874
EFT:-9.555429112879619,45.934086048487664,33.567819950778585,24.491335127217454,35.02407195908741,34.17982225661938,32.47323806805549,35.4593571892423,33.5735227538317,29.502124433172874
Random92
Raw:-9.555429112879619,45.934086048487664,33.567819950778585,24.491335127217454,35.02407195908741,34.17982225661938,32.47323806805549,35.4593571892423,33.5735227538317,29.502124433172874
EFT:-9.555429112879619,45.934086048487664,33.567819950778585,24.491335127217454,35.02407195908741,34.17982225661938,32.47323806805549,35.4593571892423,33.5735227538317,29.502124433172874
Random93
Raw:-9.555429112879619,45.934086048487664,33.567819950778585,24.491335127217454,35.02407195908741,34.17982225661938,32.47323806805549,35.4593571892423,33.5735227538317,29.502124433172874
EFT:-9.555429112879619,45.934086048487664,33.567819950778585,24.491335127217454,35.02407195908741,34.17982225661938,32.47323806805549,35.4593571892423,33.5735227538317,29.502124433172874
Random94
Raw:-9.555429112879619,45.934086048487664,33.567819950778585,24.491335127217454,35.02407195908741,34.17982225661938,32.47323806805549,35.4593571892423,33.5735227538317,29.502124433172874
EFT:-9.555429112879619,45.934086048487664,33.567819950778585,24.491335127217454,35.02407195908741,34.17982225661938,32.47323806805549,35.4593571892423,33.5735227538317,29.502124433172874
Random95
Raw:-9.555429112879619,45.934086048487664,33.567819950778585,24.491335127217454,35.02407195908741,34.17982225661938,32.47323806805549,35.4593571892423,33.5735227538317,29.502124433172874
EFT:-9.555429112879619,45.934086048487664,33.567819950778585,24.491335127217454,35.02407195908741,34.17982225661938,32.47323806805549,35.4593571892423,33.5735227538317,29.502124433172874
Random96
Raw:-9.555429112879619,45.934086048487664,33.567819950778585,24.491335127217454,35.02407195908741,34.17982225661938,32.47323806805549,35.4593571892423,33.5735227538317,29.502124433172874
EFT:-9.555429112879619,45.934086048487664,33.567819950778585,24.491335127217454,35.02407195908741,34.17982225661938,32.47323806805549,35.4593571892423,33.5735227538317,29.502124433172874
Random97
Raw:-9.555429112879619,45.934086048487664,33.567819950778585,24.491335127217454,35.02407195908741,34.17982225661938,32.47323806805549,35.4593571892423,33.5735227538317,29.502124433172874
EFT:-9.555429112879619,45.934086048487664,33.567819950778585,24.491335127217454,35.02407195908741,34.17982225661938,32.47323806805549,35.4593571892423,33.5735227538317,29.502124433172874
Random98
Raw:-9.555429112879619,45.934086048487664,33.567819950778585,24.491335127217454,35.02407195908741,34.17982225661938,32.47323806805549,35.4593571892423,33.5735227538317,29.502124433172874
EFT:-9.555429112879619,45.934086048487664,33.567819950778585,24.491335127217454,35.02407195908741,34.17982225661938,32.47323806805549,35.4593571892423,33.5735227538317,29.502124433172874
Random99
Raw:-9.555429112879619,45.934086048487664,33.567819950778585,24.491335127217454,35.02407195908741,34.17982225661938,32.47323806805549,35.4593571892423,33.5735227538317,29.502124433172874
EFT:-9.555429112879619,45.934086048487664,33.567819950778585,24.491335127217454,35.02407195908741,34.17982225661938,32.47323806805549,35.4593571892423,33.5735227538317,29.502124433172874
Random100
Raw:-9.555429112879619,45.934086048487664,33.567819950778585,24.491335127217454,35.02407195908741,34.17982225661938,32.47323806805549,35.4593571892423,33.5735227538317,29.502124433172874
EFT:-9.555429112879619,45.934086048487664,33.567819950778585,24.491335127217454,35.02407195908741,34.17982225661938,32.47323806805549,35.4593571892423,33.5735227538317,29.502124433172874
Random101
Raw:-9.555429112879619,45.934086048487664,33.567819950778585,24.491335127217454,35.02407195908741,34.17982225661938,32.47323806805549,35.4593571892423,33.5735227538317,29.502124433172874
EFT:-9.555429112879619,45.934086048487664,33.567819950778585,24.491335127217454,35.02407195908741,34.17982225661938,32.47323806805549,35.4593571892423,33.5735227538317,29.502124433172874
Random102
Raw:-9.555429112879619,45.934086048487664,33.567819950778585,24.491335127217454,35.02407195908741,34.17982225661938,32.47323806805549,35.4593571892423,33.5735227538317,29.502124433172874
EFT:-9.555429112879619,45.934086048487664,33.567819950778585,24.491335127217454,35.02407195908741,34.17982225661938,32.47323806805549,35.4593571892423,33.5735227538317,29.502124433172874
Random103
Raw:-9.555429112879619,45.934086048487664,33.567819950778585,24.491335127217454,35.02407195908741,34.17982225661938,32.47323806805549,35.4593571892423,33.5735227538317,29.502124433172874
EFT:-9.555429112879619,45.934086048487664,33.567819950778585,24.491335127217454,35.02407195908741,34.17982225661938,32.47323806805549,35.4593571892423,33.5735227538317,29.502124433172874
Random104
Raw:-9.555429112879619,45.934086048487664,33.567819950778585,24.491335127217454,35.02407195908741,34.17982225661938,32.47323806805549,35.4593571892423,33.5735227538317,29.502124433172874
EFT:-9.555429112879619,45.934086048487664,33.567819950778585,24.491335127217454,35.02407195908741,34.17982225661938,32.47323806805549,35.4593571892423,33.5735227538317,29.502124433172874
Random105
Raw:-9.555429112879619,45.934086048487664,33.567819950778585,24.491335127217454,35.02407195908741,34.17982225661938,32.47323806805549,35.4593571892423,33.5735227538317,29.502124433172874
EFT:-9.555429112879619,45.934086048487664,33.567819950778585,24.491335127217454,35.02407195908741,34.17982225661938,32.47323806805549,35.4593571892423,33.5735227538317,29.502124433172874
Random106
Raw:-9.555429112879619,45.934086048487664,33.567819950778585,24.491335127217454,35.02407195908741,34.17982225661938,32.47323806805549,35.4593571892423,33.5735227538317,29.502124433172874
EFT:-9.555429112879619,45.934086048487664,33.567819950778585,24.491335127217454,35.02407195908741,34.17982225661938,32.47323806805549,35.4593571892423,33.5735227538317,29.502124433172874
Random107
Raw:-9.555429112879619,45.934086048487664,33.567819950778585,24.491335127217454,35.02407195908741,34.17982225661938,32.47323806805549,35.4593571892423,33.5735227538317,29.502124433172874
EFT:-9.555429112879619,45.934086048487664,33.567819950778585,24.491335127217454,35.02407195908741,34.17982225661938,32.47323806805549,35.4593571892423,33.5735227538317,29.502124433172874
Random108
Raw:-9.555429112879619,45.934086048487664,33.567819950778585,24.491335127217454,35.02407195908741,34.17982225661938,32.47323806805549,35.4593571892423,33.5735227538317,29.502124433172874
EFT:-9.555429112879619,45.934086048487664,33.567819950778585,24.491335127217454,35.02407195908741,34.17982225661938,32.47323806805549,35.4593571892423,33.5735227538317,29.502124433172874
Random109
Raw:-9.555429112879619,45.934086048487664,33.567819950778585,24.491335127217454,35.02407195908741,34.17982225661938,32.47323806805549,35.4593571892423,33.5735227538317,29.502124433172874
EFT:-9.555429112879619,45.934086048487664,33.567819950778585,24.491335127217454,35.02407195908741,34.17982225661938,32.47323806805549,35.4593571892423,33.5735227538317,29.502124433172874
Random110
Raw:-9.555429112879619,45.934086048487664,33.567819950778585,24.491335127217454,35.02407195908741,34.17982225661938,32.47323806805549,35.4593571892423,33.5735227538317,29.502124433172874
EFT:-9.555429112879619,45.934086048487664,33.567819950778585,24.491335127217454,35.02407195908741,34.17982225661938,32.47323806805549,35.4593571892423,33.5735227538317,29.502124433172874
Random111
Raw:-9.555429112879619,45.934086048487664,33.567819950778585,24.491335127217454,35.02407195908741,34.17982225661938,32.47323806805549,35.4593571892423,33.5735227538317,29.502124433172874
EFT:-9.555429112879619,45.934086048487664,33.567819950778585,24.491335127217454,35.02407195908741,34.17982225661938,32.47323806805549,35.4593571892423,33.5735227538317,29.502124433172874
Random112
Raw:-9.555429112879619,45.934086048487664,33.567819950778585,24.491335127217454,35.02407195908741,34.17982225661938,32.47323806805549,35.4593571892423,33.5735227538317,29.502124433172874
EFT:-9.555429112879619,45.934086048487664,33.567819950778585,24.491335127217454,35.02407195908741,34.17982225661938,32.47323806805549,35.4593571892423,33.5735227538317,29.502124433172874
Random113
Raw:-9.555429112879619,45.934086048487664,33.567819950778585,24.491335127217454,35.02407195908741,34.17982225661938,32.47323806805549,35.4593571892423,33.5735227538317,29.502124433172874
EFT:-9.555429112879619,45.934086048487664,33.567819950778585,24.491335127217454,35.02407195908741,34.17982225661938,32.47323806805549,35.4593571892423,33.5735227538317,29.502124433172874
Random114
Raw:-9.555429112879619,45.934086048487664,33.567819950778585,24.491335127217454,35.02407195908741,34.17982225661938,32.47323806805549,35.4593571892423,33.5735227538317,29.502124433172874
EFT:-9.555429112879619,45.934086048487664,33.567819950778585,24.491335127217454,35.02407195908741,34.17982225661938,32.47323806805549,35.4593571892423,33.5735227538317,29.502124433172874
Random115
Raw:-9.555429112879619,45.934086048487664,33.567819950778585,24.491335127217454,35.02407195908741,34.17982225661938,32.47323806805549,35.4593571892423,33.5735227538317,29.502124433172874
EFT:-9.555429112879619,45.934086048487664,33.567819950778585,24.491335127217454,35.02407195908741,34.17982225661938,32.47323806805549,35.4593571892423,33.5735227538317,29.502124433172874
Random116
Raw:-9.555429112879619,45.934086048487664,33.567819950778585,24.491335127217454,35.02407195908741,34.17982225661938,32.47323806805549,35.4593571892423,33.5735227538317,29.502124433172874
EFT:-9.555429112879619,45.934086048487664,33.567819950778585,24.491335127217454,35.02407195908741,34.17982225661938,32.47323806805549,35.4593571892423,33.5735227538317,29.502124433172874
Random117
Raw:-9.555429112879619,45.934086048487664,33.567819950778585,24.491335127217454,35.02407195908741,34.17982225661938,32.47323806805549,35.4593571892423,33.5735227538317,29.502124433172874
EFT:-9.555429112879619,45.934086048487664,33.567819950778585,24.491335127217454,35.02407195908741,34.17982225661938,32.47323806805549,35.4593571892423,33.5735227538317,29.502124433172874
Random118
Raw:-9.555429112879619,45.934086048487664,33.567819950778585,24.491335127217454,35.02407195908741,34.17982225661938,32.47323806805549,35.4593571892423,33.5735227538317,29.502124433172874
EFT:-9.555429112879619,45.934086048487664,33.567819950778585,24.491335127217454,35.02407195908741,34.17982225661938,32.47323806805549,35.4593571892423,33.5735227538317,29.502124433172874
Random119
Raw:-9.555429112879619,45.934086048487664,33.567819950778585,24.491335127217454,35.02407195908741,34.17982225661938,32.47323806805549,35.4593571892423,33.5735227538317,29.502124433172874
EFT:-9.555429112879619,45.934086048487664,33.567819950778585,24.491335127217454,35.02407195908741,34.17982225661938,32.47323806805549,35.4593571892423,33.5735227538317,29.502124433172874
Random120
Raw:-9.555429112879619,45.934086048487664,33.567819950778585,24.491335127217454,35.02407195908741,34.17982225661938,32.47323806805549,35.4593571892423,33.5735227538317,29.502124433172874
EFT:-9.555429112879619,45.934086048487664,33.567819950778585,24.491335127217454,35.02407195908741,34.17982225661938,32.47323806805549,35.4593571892423,33.5735227538317,29.502124433172874
Random121
Raw:-9.555429112879619,45.934086048487664,33.567819950778585,24.491335127217454,35.02407195908741,34.17982225661938,32.47323806805549,35.4593571892423,33.5735227538317,29.502124433172874
EFT:-9.555429112879619,45.934086048487664,33.567819950778585,24.491335127217454,35.02407195908741,34.17982225661938,32.47323806805549,35.4593571892423,33.5735227538317,29.502124433172874
Random122
Raw:-9.555429112879619,45.934086048487664,33.567819950778585,24.491335127217454,35.02407195908741,34.17982225661938,32.47323806805549,35.4593571892423,33.5735227538317,29.502124433172874
EFT:-9.555429112879619,45.934086048487664,33.567819950778585,24.491335127217454,35.02407195908741,34.17982225661938,32.47323806805549,35.4593571892423,33.5735227538317,29.502124433172874
Random123
Raw:-9.555429112879619,45.934086048487664,33.567819950778585,24.491335127217454,35.02407195908741,34.17982225661938,32.47323806805549,35.4593571892423,33.5735227538317,29.502124433172874
EFT:-9.555429112879619,45.934086048487664,33.567819950778585,24.491335127217454,35.02407195908741,34.17982225661938,32.47323806805549,35.4593571892423,33.5735227538317,29.502124433172874
Random124
Raw:-9.555429112879619,45.934086048487664,33.567819950778585,24.491335127217454,35.02407195908741,34.17982225661938,32.47323806805549,35.4593571892423,33.5735227538317,29.502124433172874
EFT:-9.555429112879619,45.934086048487664,33.567819950778585,24.491335127217454,35.02407195908741,34.17982225661938,32.47323806805549,35.4593571892423,33.5735227538317,29.502124433172874
Random125
Raw:-9.555429112879619,45.934086048487664,33.567819950778585,24.491335127217454,35.02407195908741,34.17982225661938,32.47323806805549,35.4593571892423,33.5735227538317,29.502124433172874
EFT:-9.555429112879619,45.934086048487664,33.567819950778585,24.491335127217454,35.02407195908741,34.17982225661938,32.47323806805549,35.4593571892423,33.5735227538317,29.502124433172874
Random126
Raw:-9.555429112879619,45.934086048487664,33.567819950778585,24.491335127217454,35.02407195908741,34.17982225661938,32.47323806805549,35.4593571892423,33.5735227538317,29.502124433172874
EFT:-9.555429112879619,45.934086048487664,33.567819950778585,24.491335127217454,35.02407195908741,34.17982225661938,32.47323806805549,35.4593571892423,33.5735227538317,29.502124433172874
Random127
Raw:-9.555429112879619,45.934086048487664,33.567819950778585,24.491335127217454,35.02407195908741,34.17982225661938,32.47323806805549,35.4593571892423,33.5735227538317,29.502124433172874
EFT:-9.555429112879619,45.934086048487664,33.567819950778585,24.491335127217454,35.02407195908741,34.17982225661938,32.47323806805549,35.4593571892423,33.5735227538317,29.502124433172874
Random128
Raw:-9.555429112879619,45.934086048487664,33.567819950778585,24.491335127217454,35.02407195908741,34.17982225661938,32.47323806805549,35.4593571892423,33.5735227538317,29.502124433172874
EFT:-9.555429112879619,45.934086048487664,33.567819950778585,24.491335127217454,35.02407195908741,34.17982225661938,32.47323806805549,35.4593571892423,33.5735227538317,29.502124433172874
Random129
Raw:-9.555429112879619,45.934086048487664,33.567819950778585,24.491335127217454,35.02407195908741,34.17982225661938,32.47323806805549,35.4593571892423,33.5735227538317,29.502124433172874
EFT:-9.555429112879619,45.934086048487664,33.567819950778585,24.491335127217454,35.02407195908741,34.17982225661938,32.47323806805549,35.4593571892423,33.5735227538317,29.502124433172874
Random130
Raw:-9.555429112879619,45.934086048487664,33.567819950778585,24.491335127217454,35.02407195908741,34.17982225661938,32.47323806805549,35.4593571892423,33.5735227538317,29.502124433172874
EFT:-9.555429112879619,45.934086048487664,33.567819950778585,24.491335127217454,35.02407195908741,34.17982225661938,32.47323806805549,35.4593571892423,33.5735227538317,29.502124433172874
Random131
Raw:-9.555429112879619,45.934086048487664,33.567819950778585,24.491335127217454,35.02407195908741,34.17982225661938,32.47323806805549,35.4593571892423,33.5735227538317,29.502124433172874
EFT:-9.555429112879619,45.934086048487664,33.567819950778585,24.491335127217454,35.02407195908741,34.17982225661938,32.47323806805549,35.4593571892423,33.5735227538317,29.502124433172874
Random132
Raw:-9.555429112879619,45.934086048487664,33.567819950778585,24.491335127217454,35.02407195908741,34.17982225661938,32.47323806805549,35.4593571892423,33.5735227538317,29.502124433172874
EFT:-9.555429112879619,45.934086048487664,33.567819950778585,24.491335127217454,35.02407195908741,34.17982225661938,32.47323806805549,35.4593571892423,33.5735227538317,29.502124433172874
Random133
Raw:-9.555429112879619,45.934086048487664,33.567819950778585,24.491335127217454,35.02407195908741,34.17982225661938,32.47323806805549,35.4593571892423,33.5735227538317,29.502124433172874
EFT:-9.555429112879619,45.934086048487664,33.567819950778585,24.491335127217454,35.02407195908741,34.17982225661938,32.47323806805549,35.4593571892423,33.5735227538317,29.502124433172874
Random134
Raw:-9.555429112879619,45.934086048487664,33.567819950778585,24.491335127217454,35.02407195908741,34.17982225661938,32.47323806805549,35.4593571892423,33.5735227538317,29.502124433172874
EFT:-9.555429112879619,45.934086048487664,33.567819950778585,24.491335127217454,35.02407195908741,34.17982225661938,32.47323806805549,35.4593571892423,33.5735227538317,29.502124433172874
Random135
Raw:-9.555429112879619,45.934086048487664,33.567819950778585,24.491335127217454,35.02407195908741,34.17982225661938,32.47323806805549,35.4593571892423,33.5735227538317,29.502124433172874
EFT:-9.555429112879619,45.934086048487664,33.567819950778585,24.491335127217454,35.02407195908741,34.17982225661938,32.47323806805549,35.4593571892423,33.5735227538317,29.502124433172874
Random136
Raw:-9.555429112879619,45.934086048487664,33.567819950778585,24.491335127217454,35.02407195908741,34.17982225661938,32.47323806805549,35.4593571892423,33.5735227538317,29.502124433172874
EFT:-9.555429112879619,45.934086048487664,33.567819950778585,24.491335127217454,35.02407195908741,34.17982225661938,32.47323806805549,35.4593571892423,33.5735227538317,29.502124433172874
Random137
Raw:-9.555429112879619,45.934086048487664,33.567819950778585,24.491335127217454,35.02407195908741,34.17982225661938,32.47323806805549,35.4593571892423,33.5735227538317,29.502124433172874
EFT:-9.555429112879619,45.934086048487664,33.567819950778585,24.491335127217454,35.02407195908741,34.17982225661938,32.47323806805549,35.4593571892423,33.5735227538317,29.502124433172874
Random138
Raw:-9.555429112879619,45.934086048487664,33.567819950778585,24.491335127217454,35.02407195908741,34.17982225661938,32.47323806805549,35.4593571892423,33.5735227538317,29.502124433172874
EFT:-9.555429112879619,45.934086048487664,33.567819950778585,24.491335127217454,35.02407195908741,34.17982225661938,32.47323806805549,35.4593571892423,33.5735227538317,29.502124433172874
Random139
Raw:-9.555429112879619,45.934086048487664,33.567819950778585,24.491335127217454,35.02407195908741,34.17982225661938,32.47323806805549,35.4593571892423,33.5735227538317,29.502124433172874
EFT:-9.555429112879619,45.934086048487664,33.567819950778585,24.491335127217454,35.02407195908741,34.17982225661938,32.47323806805549,35.4593571892423,33.5735227538317,29.502124433172874
Random140
Raw:-9.555429112879619,45.934086048487664,33.567819950778585,24.491335127217454,35.02407195908741,34.17982225661938,32.47323806805549,35.4593571892423,33.5735227538317,29.502124433172874
EFT:-9.555429112879619,45.934086048487664,33.567819950778585,24.491335127217454,35.02407195908741,34.17982225661938,32.47323806805549,35.4593571892423,33.5735227538317,29.502124433172874
Random141
Raw:-9.555429112879619,45.934086048487664,33.567819950778585,24.491335127217454,35.02407195908741,34.17982225661938,32.47323806805549,35.4593571892423,33.5735227538317,29.502124433172874
EFT:-9.555429112879619,45.934086048487664,33.567819950778585,24.491335127217454,35.02407195908741,34.17982225661938,32.47323806805549,35.4593571892423,33.5735227538317,29.502124433172874
Random142
Raw:-9.555429112879619,45.934086048487664,33.567819950778585,24.491335127217454,35.02407195908741,34.17982225661938,32.47323806805549,35.4593571892423,33.5735227538317,29.502124433172874
EFT:-9.555429112879619,45.934086048487664,33.567819950778585,24.491335127217454,35.02407195908741,34.17982225661938,32.47323806805549,35.4593571892423,33.5735227538317,29.502124433172874
Random143
Raw:-9.555429112879619,45.934086048487664,33.567819950778585,24.491335127217454,35.02407195908741,34.17982225661938,32.47323806805549,35.4593571892423,33.5735227538317,29.502124433172874
EFT:-9.555429112879619,45.934086048487664,33.567819950778585,24.491335127217454,35.02407195908741,34.17982225661938,32.47323806805549,35.4593571892423,33.5735227538317,29.502124433172874
Random144
Raw:-9.555429112879619,45.934086048487664,33.567819950778585,24.491335127217454,35.02407195908741,34.17982225661938,32.47323806805549,35.4593571892423,33.5735227538317,29.502124433172874
EFT:-9.555429112879619,45.934086048487664,33.567819950778585,24.491335127217454,35.02407195908741,34.17982225661938,32.47323806805549,35.4593571892423,33.5735227538317,29.502124433172874
Random145
Raw:-9.555429112879619,45.934086048487664,33.567819950778585,24.491335127217454,35.02407195908741,34.17982225661938,32.47323806805549,35.4593571892423,33.5735227538317,29.502124433172874
EFT:-9.555429112879619,45.934086048487664,33.567819950778585,24.491335127217454,35.02407195908741,34.17982225661938,32.47323806805549,35.4593571892423,33.5735227538317,29.502124433172874
Random146
Raw:-9.555429112879619,45.934086048487664,33.567819950778585,24.491335127217454,35.02407195908741,34.17982225661938,32.47323806805549,35.4593571892423,33.5735227538317,29.502124433172874
EFT:-9.555429112879619,45.934086048487664,33.567819950778585,24.491335127217454,35.02407195908741,34.17982225661938,32.47323806805549,35.4593571892423,33.5735227538317,29.502124433172874
Random147
Raw:-9.555429112879619,45.934086048487664,33.567819950778585,24.491335127217454,35.02407195908741,34.17982225661938,32.47323806805549,35.4593571892423,33.5735227538317,29.502124433172874
EFT:-9.555429112879619,45.934086048487664,33.567819950778585,24.491335127217454,35.02407195908741,34.17982225661938,32.47323806805549,35.4593571892423,33.5735227538317,29.502124433172874
Random148
Raw:-9.555429112879619,45.934086048487664,33.567819950778585,24.491335127217454,35.02407195908741,34.17982225661938,32.47323806805549,35.4593571892423,33.5735227538317,29.502124433172874
EFT:-9.555429112879619,45.934086048487664,33.567819950778585,24.491335127217454,35.02407195908741,34.17982225661938,32.47323806805549,35.4593571892423,33.5735227538317,29.502124433172874
Random149
Raw:-9.555429112879619,45.934086048487664,33.567819950778585,24.491335127217454,35.02407195908741,34.17982225661938,32.47323806805549,35.4593571892423,33.5735227538317,29.502124433172874
EFT:-9.555429112879619,45.934086048487664,33.567819950778585,24.491335127217454,35.02407195908741,34.17982225661938,32.47323806805549,35.4593571892423,33.5735227538317,29.502124433172874
Random150
Raw:-9.555429112879619,45.934086048487664,33.567819950778585,24.491335127217454,35.02407195908741,34.17982225661938,32.47323806805549,35.4593571892423,33.5735227538317,29.502124433172874
EFT:-9.555429112879619,45.934086048487664,33.567819950778585,24.491335127217454,35.02407195908741,34.17982225661938,32.47323806805549,35.4593571892423,33.5735227538317,29.502124433172874
Random151
Raw:-9.555429112879619,45.934086048487664,33.567819950778585,24.491335127217454,35.02407195908741,34.17982225661938,32.47323806805549,35.4593571892423,33.5735227538317,29.502124433172874
EFT:-9.555429112879619,45.934086048487664,33.567819950778585,24.491335127217454,35.02407195908741,34.17982225661938,32.47323806805549,35.4593571892423,33.5735227538317,29.502124433172874
Random152
Raw:-9.555429112879619,45.934086048487664,33.567819950778585,24.491335127217454,35.02407195908741,34.17982225661938,32.47323806805549,35.4593571892423,33.5735227538317,29.502124433172874
EFT:-9.555429112879619,45.934086048487664,33.567819950778585,24.491335127217454,35.02407195908741,34.17982225661938,32.47323806805549,35.4593571892423,33.5735227538317,29.502124433172874
Random153
Raw:-9.555429112879619,45.934086048487664,33.567819950778585,24.491335127217454,35.02407195908741,34.17982225661938,32.47323806805549,35.4593571892423,33.5735227538317,29.502124433172874
EFT:-9.555429112879619,45.934086048487664,33.567819950778585,24.491335127217454,35.02407195908741,34.17982225661938,32.47323806805549,35.4593571892423,33.5735227538317,29.502124433172874
Random154
Raw:-9.555429112879619,45.934086048487664,33.567819950778585,24.491335127217454,35.02407195908741,34.17982225661938,32.47323806805549,35.4593571892423,33.5735227538317,29.502124433172874
EFT:-9.555429112879619,45.934086048487664,33.567819950778585,24.491335127217454,35.02407195908741,34.17982225661938,32.47323806805549,35.4593571892423,33.5735227538317,29.502124433172874
Random155
Raw:-9.555429112879619,45.934086048487664,33.567819950778585,24.491335127217454,35.02407195908741,34.17982225661938,32.47323806805549,35.4593571892423,33.5735227538317,29.502124433172874
EFT:-9.555429112879619,45.934086048487664,33.567819950778585,24.491335127217454,35.02407195908741,34.17982225661938,32.47323806805549,35.4593571892423,33.5735227538317,29.502124433172874
Random156
Raw:-9.555429112879619,45.934086048487664,33.567819950778585,24.491335127217454,35.02407195908741,34.17982225661938,32.47323806805549,35.4593571892423,33.5735227538317,29.502124433172874
EFT:-9.555429112879619,45.934086048487664,33.567819950778585,24.491335127217454,35.02407195908741,34.17982225661938,32.47323806805549,35.4593571892423,33.5735227538317,29.502124433172874
Random157
Raw:-9.555429112879619,45.934086048487664,33.567819950778585,24.491335127217454,35.02407195908741,34.17982225661938,32.47323806805549,35.4593571892423,33.5735227538317,29.502124433172874
EFT:-9.555429112879619,45.934086048487664,33.567819950778585,24.491335127217454,35.02407195908741,34.17982225661938,32.47323806805549,35.4593571892423,33.5735227538317,29.502124433172874
Random158
Raw:-9.555429112879619,45.934086048487664,33.567819950778585,24.491335127217454,35.02407195908741,34.17982225661938,32.47323806805549,35.4593571892423,33.5735227538317,29.502124433172874
EFT:-9.555429112879619,45.934086048487664,33.567819950778585,24.491335127217454,35.02407195908741,34.17982225661938,32.47323806805549,35.4593571892423,33.5735227538317,29.502124433172874
Random159
Raw:-9.555429112879619,45.934086048487664,33.567819950778585,24.491335127217454,35.02407195908741,34.17982225661938,32.47323806805549,35.4593571892423,33.5735227538317,29.502124433172874
EFT:-9.555429112879619,45.934086048487664,33.567819950778585,24.491335127217454,35.02407195908741,34.17982225661938,32.47323806805549,35.4593571892423,33.5735227538317,29.502124433172874
Random160
Raw:-9.555429112879619,45.934086048487664,33.567819950778585,24.491335127217454,35.02407195908741,34.17982225661938,32.47323806805549,35.4593571892423,33.5735227538317,29.502124433172874
EFT:-9.555429112879619,45.934086048487664,33.567819950778585,24.491335127217454,35.02407195908741,34.17982225661938,32.47323806805549,35.4593571892423,33.5735227538317,29.502124433172874
Random161
Raw:-9.555429112879619,45.934086048487664,33.567819950778585,24.491335127217454,35.02407195908741,34.17982225661938,32.47323806805549,35.4593571892423,33.5735227538317,29.502124433172874
EFT:-9.555429112879619,45.934086048487664,33.567819950778585,24.491335127217454,35.02407195908741,34.17982225661938,32.47323806805549,35.4593571892423,33.5735227538317,29.502124433172874
Random162
Raw:-9.555429112879619,45.934086048487664,33.567819950778585,24.491335127217454,35.02407195908741,34.17982225661938,32.47323806805549,35.4593571892423,33.5735227538317,29.502124433172874
EFT:-9.555429112879619,45.934086048487664,33.567819950778585,24.491335127217454,35.02407195908741,34.17982225661938,32.47323806805549,35.4593571892423,33.5735227538317,29.502124433172874
Random163
Raw:-9.555429112879619,45.934086048487664,33.567819950778585,24.491335127217454,35.02407195908741,34.17982225661938,32.47323806805549,35.4593571892423,33.5735227538317,29.502124433172874
EFT:-9.555429112879619,45.934086048487664,33.567819950778585,24.491335127217454,35.02407195908741,34.17982225661938,32.47323806805549,35.4593571892423,33.5735227538317,29.502124433172874
Random164
Raw:-9.555429112879619,45.934086048487664,33.567819950778585,24.491335127217454,35.02407195908741,34.17982225661938,32.47323806805549,35.4593571892423,33.5735227538317,29.502124433172874
EFT:-9.555429112879619,45.934086048487664,33.567819950778585,24.491335127217454,35.02407195908741,34.17982225661938,32.47323806805549,35.4593571892423,33.5735227538317,29.502124433172874
Random165
Raw:-9.555429112879619,45.934086048487664,33.567819950778585,24.491335127217454,35.02407195908741,34.17982225661938,32.47323806805549,35.4593571892423,33.5735227538317,29.502124433172874
EFT:-9.555429112879619,45.934086048487664,33.567819950778585,24.491335127217454,35.02407195908741,34.17982225661938,32.47323806805549,35.4593571892423,33.5735227538317,29.502124433172874
Random166
Raw:-9.555429112879619,45.934086048487664,33.567819950778585,24.491335127217454,35.02407195908741,34.17982225661938,32.47323806805549,35.4593571892423,33.5735227538317,29.502124433172874
EFT:-9.555429112879619,45.934086048487664,33.567819950778585,24.491335127217454,35.02407195908741,34.17982225661938,32.47323806805549,35.4593571892423,33.5735227538317,29.502124433172874
Random167
Raw:-9.555429112879619,45.934086048487664,33.567819950778585,24.491335127217454,35.02407195908741,34.17982225661938,32.47323806805549,35.4593571892423,33.5735227538317,29.502124433172874
EFT:-9.555429112879619,45.934086048487664,33.567819950778585,24.491335127217454,35.02407195908741,34.17982225661938,32.47323806805549,35.4593571892423,33.5735227538317,29.502124433172874
Random168
Raw:-9.555429112879619,45.934086048487664,33.567819950778585,24.491335127217454,35.02407195908741,34.17982225661938,32.47323806805549,35.4593571892423,33.5735227538317,29.502124433172874
EFT:-9.555429112879619,45.934086048487664,33.567819950778585,24.491335127217454,35.02407195908741,34.17982225661938,32.47323806805549,35.4593571892423,33.5735227538317,29.502124433172874
Random169
Raw:-9.555429112879619,45.934086048487664,33.567819950778585,24.491335127217454,35.02407195908741,34.17982225661938,32.47323806805549,35.4593571892423,33.5735227538317,29.502124433172874
EFT:-9.555429112879619,45.934086048487664,33.567819950778585,24.491335127217454,35.02407195908741,34.17982225661938,32.47323806805549,35.4593571892423,33.5735227538317,29.502124433172874
Random170
Raw:-9.555429112879619,45.934086048487664,33.567819950778585,24.491335127217454,35.02407195908741,34.17982225661938,32.47323806805549,35.4593571892423,33.5735227538317,29.502124433172874
EFT:-9.555429112879619,45.934086048487664,33.567819950778585,24.491335127217454,35.02407195908741,34.17982225661938,32.47323806805549,35.4593571892423,33.5735227538317,29.502124433172874
Random171
Raw:-9.555429112879619,45.934086048487664,33.567819950778585,24.491335127217454,35.02407195908741,34.17982225661938,32.47323806805549,35.4593571892423,33.5735227538317,29.502124433172874
EFT:-9.555429112879619,45.934086048487664,33.567819950778585,24.491335127217454,35.02407195908741,34.17982225661938,32.47323806805549,35.4593571892423,33.5735227538317,29.502124433172874
Random172
Raw:-9.555429112879619,45.934086048487664,33.567819950778585,24.491335127217454,35.02407195908741,34.17982225661938,32.47323806805549,35.4593571892423,33.5735227538317,29.502124433172874
EFT:-9.555429112879619,45.934086048487664,33.567819950778585,24.491335127217454,35.02407195908741,34.17982225661938,32.47323806805549,35.4593571892423,33.5735227538317,29.502124433172874
Random173
Raw:-9.555429112879619,45.934086048487664,33.567819950778585,24.491335127217454,35.02407195908741,34.17982225661938,32.47323806805549,35.4593571892423,33.5735227538317,29.502124433172874
EFT:-9.555429112879619,45.934086048487664,33.567819950778585,24.491335127217454,35.02407195908741,34.17982225661938,32.47323806805549,35.4593571892423,33.5735227538317,29.502124433172874
Random174
Raw:-9.555429112879619,45.934086048487664,33.567819950778585,24.491335127217454,35.02407195908741,34.17982225661938,32.47323806805549,35.4593571892423,33.5735227538317,29.502124433172874
EFT:-9.555429112879619,45.934086048487664,33.567819950778585,24.491335127217454,35.02407195908741,34.17982225661938,32.47323806805549,35.4593571892423,33.5735227538317,29.502124433172874
Random175
Raw:-9.555429112879619,45.934086048487664,33.567819950778585,24.491335127217454,35.02407195908741,34.17982225661938,32.47323806805549,35.4593571892423,33.5735227538317,29.502124433172874
EFT:-9.555429112879619,45.934086048487664,33.567819950778585,24.491335127217454,35.02407195908741,34.17982225661938,32.47323806805549,35.4593571892423,33.5735227538317,29.502124433172874
Random176
Raw:-9.555429112879619,45.934086048487664,33.567819950778585,24.491335127217454,35.02407195908741,34.17982225661938,32.47323806805549,35.4593571892423,33.5735227538317,29.502124433172874
EFT:-9.555429112879619,45.934086048487664,33.567819950778585,24.491335127217454,35.02407195908741,34.17982225661938,32.47323806805549,35.4593571892423,33.5735227538317,29.502124433172874
Random177
Raw:-9.555429112879619,45.934086048487664,33.567819950778585,24.491335127217454,35.02407195908741,34.17982225661938,32.47323806805549,35.4593571892423,33.5735227538317,29.502124433172874
EFT:-9.555429112879619,45.934086048487664,33.567819950778585,24.491335127217454,35.02407195908741,34.17982225661938,32.47323806805549,35.4593571892423,33.5735227538317,29.502124433172874
Random178
Raw:-9.555429112879619,45.934086048487664,33.567819950778585,24.491335127217454,35.02407195908741,34.17982225661938,32.47323806805549,35.4593571892423,33.5735227538317,29.502124433172874
EFT:-9.555429112879619,45.934086048487664,33.567819950778585,24.491335127217454,35.02407195908741,34.17982225661938,32.47323806805549,35.4593571892423,33.5735227538317,29.502124433172874
Random179
Raw:-9.555429112879619,45.934086048487664,33.567819950778585,24.491335127217454,35.02407195908741,34.17982225661938,32.47323806805549,35.4593571892423,33.5735227538317,29.502124433172874
EFT:-9.555429112879619,45.934086048487664,33.567819950778585,24.491335127217454,35.02407195908741,34.17982225661938,32.47323806805549,35.4593571892423,33.5735227538317,29.502124433172874
Random180
Raw:-9.555429112879619,45.934086048487664,33.567819950778585,24.491335127217454,35.02407195908741,34.17982225661938,32.47323806805549,35.4593571892423,33.5735227538317,29.502124433172874
EFT:-9.555429112879619,45.934086048487664,33.567819950778585,24.491335127217454,35.02407195908741,34.17982225661938,32.47323806805549,35.4593571892423,33.5735227538317,29.502124433172874
Random181
Raw:-9.555429112879619,45.934086048487664,33.567819950778585,24.491335127217454,35.02407195908741,34.17982225661938,32.47323806805549,35.4593571892423,33.5735227538317,29.502124433172874
EFT:-9.555429112879619,45.934086048487664,33.567819950778585,24.491335127217454,35.02407195908741,34.17982225661938,32.47323806805549,35.4593571892423,33.5735227538317,29.502124433172874
Random182
Raw:-9.555429112879619,45.934086048487664,33.567819950778585,24.491335127217454,35.02407195908741,34.17982225661938,32.47323806805549,35.4593571892423,33.5735227538317,29.502124433172874
EFT:-9.555429112879619,45.934086048487664,33.567819950778585,24.491335127217454,35.02407195908741,34.17982225661938,32.47323806805549,35.4593571892423,33.5735227538317,29.502124433172874
Random183
Raw:-9.555429112879619,45.934086048487664,33.567819950778585,24.491335127217454,35.02407195908741,34.17982225661938,32.47323806805549,35.4593571892423,33.5735227538317,29.502124433172874
EFT:-9.555429112879619,45.934086048487664,33.567819950778585,24.491335127217454,35.02407195908741,34.17982225661938,32.47323806805549,35.4593571892423,33.5735227538317,29.502124433172874
Random184
Raw:-9.555429112879619,45.934086048487664,33.567819950778585,24.491335127217454,35.02407195908741,34.17982225661938,32.47323806805549,35.4593571892423,33.5735227538317,29.502124433172874
EFT:-9.555429112879619,45.934086048487664,33.567819950778585,24.491335127217454,35.02407195908741,34.17982225661938,32.47323806805549,35.4593571892423,33.5735227538317,29.502124433172874
Random185
Raw:-9.555429112879619,45.934086048487664,33.567819950778585,24.491335127217454,35.02407195908741,34.17982225661938,32.47323806805549,35.4593571892423,33.5735227538317,29.502124433172874
EFT:-9.555429112879619,45.934086048487664,33.567819950778585,24.491335127217454,35.02407195908741,34.17982225661938,32.47323806805549,35.4593571892423,33.5735227538317,29.502124433172874
Random186
Raw:-9.555429112879619,45.934086048487664,33.567819950778585,24.491335127217454,35.02407195908741,34.17982225661938,32.47323806805549,35.4593571892423,33.5735227538317,29.502124433172874
EFT:-9.555429112879619,45.934086048487664,33.567819950778585,24.491335127217454,35.02407195908741,34.17982225661938,32.47323806805549,35.4593571892423,33.5735227538317,29.502124433172874
Random187
Raw:-9.555429112879619,45.934086048487664,33.567819950778585,24.491335127217454,35.02407195908741,34.17982225661938,32.47323806805549,35.4593571892423,33.5735227538317,29.502124433172874
EFT:-9.555429112879619,45.934086048487664,33.567819950778585,24.491335127217454,35.02407195908741,34.17982225661938,32.47323806805549,35.4593571892423,33.5735227538317,29.502124433172874
Random188
Raw:-9.555429112879619,45.934086048487664,33.567819950778585,24.491335127217454,35.02407195908741,34.17982225661938,32.47323806805549,35.4593571892423,33.5735227538317,29.502124433172874
EFT:-9.555429112879619,45.934086048487664,33.567819950778585,24.491335127217454,35.02407195908741,34.17982225661938,32.47323806805549,35.4593571892423,33.5735227538317,29.502124433172874
Random189
Raw:-9.555429112879619,45.934086048487664,33.567819950778585,24.491335127217454,35.02407195908741,34.17982225661938,32.47323806805549,35.4593571892423,33.5735227538317,29.502124433172874
EFT:-9.555429112879619,45.934086048487664,33.567819950778585,24.491335127217454,35.02407195908741,34.17982225661938,32.47323806805549,35.4593571892423,33.5735227538317,29.502124433172874
Random190
Raw:-9.555429112879619,45.934086048487664,33.567819950778585,24.491335127217454,35.02407195908741,34.17982225661938,32.47323806805549,35.4593571892423,33.5735227538317,29.502124433172874
EFT:-9.555429112879619,45.934086048487664,33.567819950778585,24.491335127217454,35.02407195908741,34.17982225661938,32.47323806805549,35.4593571892423,33.5735227538317,29.502124433172874
Random191
Raw:-9.555429112879619,45.934086048487664,33.567819950778585,24.491335127217454,35.02407195908741,34.17982225661938,32.47323806805549,35.4593571892423,33.5735227538317,29.502124433172874
EFT:-9.555429112879619,45.934086048487664,33.567819950778585,24.491335127217454,35.02407195908741,34.17982225661938,32.47323806805549,35.4593571892423,33.5735227538317,29.502124433172874
Random192
Raw:-9.555429112879619,45.934086048487664,33.567819950778585,24.491335127217454,35.02407195908741,34.17982225661938,32.47323806805549,35.4593571892423,33.5735227538317,29.502124433172874
EFT:-9.555429112879619,45.934086048487664,33.567819950778585,24.491335127217454,35.02407195908741,34.17982225661938,32.47323806805549,35.4593571892423,33.5735227538317,29.502124433172874
Random193
Raw:-9.555429112879619,45.934086048487664,33.567819950778585,24.491335127217454,35.02407195908741,34.17982225661938,32.47323806805549,35.4593571892423,33.5735227538317,29.502124433172874
EFT:-9.555429112879619,45.934086048487664,33.567819950778585,24.491335127217454,35.02407195908741,34.17982225661938,32.47323806805549,35.4593571892423,33.5735227538317,29.502124433172874
Random194
Raw:-9.555429112879619,45.934086048487664,33.567819950778585,24.491335127217454,35.02407195908741,34.17982225661938,32.47323806805549,35.4593571892423,33.5735227538317,29.502124433172874
EFT:-9.555429112879619,45.934086048487664,33.567819950778585,24.491335127217454,35.02407195908741,34.17982225661938,32.47323806805549,35.4593571892423,33.5735227538317,29.502124433172874
Random195
Raw:-9.555429112879619,45.934086048487664,33.567819950778585,24.491335127217454,35.02407195908741,34.17982225661938,32.47323806805549,35.4593571892423,33.5735227538317,29.502124433172874
EFT:-9.555429112879619,45.934086048487664,33.567819950778585,24.491335127217454,35.02407195908741,34.17982225661938,32.47323806805549,35.4593571892423,33.5735227538317,29.502124433172874
Random196
Raw:-9.555429112879619,45.934086048487664,33.567819950778585,24.491335127217454,35.02407195908741,34.17982225661938,32.47323806805549,35.4593571892423,33.5735227538317,29.502124433172874
EFT:-9.555429112879619,45.934086048487664,33.567819950778585,24.491335127217454,35.02407195908741,34.17982225661938,32.47323806805549,35.4593571892423,33.5735227538317,29.502124433172874
Random197
Raw:-9.555429112879619,45.934086048487664,33.567819950778585,24.491335127217454,35.02407195908741,34.17982225661938,32.47323806805549,35.4593571892423,33.5735227538317,29.502124433172874
EFT:-9.555429112879619,45.934086048487664,33.567819950778585,24.491335127217454,35.02407195908741,34.17982225661938,32.47323806805549,35.4593571892423,33.5735227538317,29.502124433172874
Random198
Raw:-9.555429112879619,45.934086048487664,33.567819950778585,24.491335127217454,35.02407195908741,34.17982225661938,32.47323806805549,35.4593571892423,33.5735227538317,29.502124433172874
EFT:-9.555429112879619,45.934086048487664,33.567819950778585,24.491335127217454,35.02407195908741,34.17982225661938,32.47323806805549,35.4593571892423,33.5735227538317,29.502124433172874
Random199
Raw:-9.555429112879619,45.934086048487664,33.567819950778585,24.491335127217454,35.02407195908741,34.17982225661938,32.47323806805549,35.4593571892423,33.5735227538317,29.502124433172874
EFT:-9.555429112879619,45.934086048487664,33.567819950778585,24.491335127217454,35.02407195908741,34.17982225661938,32.47323806805549,35.4593571892423,33.5735227538317,29.502124433172874
Random200
Raw:-9.555429112879619,45.934086048487664,33.567819950778585,24.491335127217454,35.02407195908741,34.17982225661938,32.47323806805549,35.4593571892423,33.5735227538317,29.502124433172874
EFT:-9.555429112879619,45.934086048487664,33.567819950778585,24.491335127217454,35.02407195908741,34.17982225661938,32.47323806805549,35.4593571892423,33.5735227538317,29.502124433172874
Random201
Raw:-9.555429112879619,45.934086048487664,33.567819950778585,24.491335127217454,35.02407195908741,34.17982225661938,32.47323806805549,35.4593571892423,33.5735227538317,29.502124433172874
EFT:-9.555429112879619,45.934086048487664,33.567819950778585,24.491335127217454,35.02407195908741,34.17982225661938,32.47323806805549,35.4593571892423,33.5735227538317,29.502124433172874
Random202
Raw:-9.555429112879619,45.934086048487664,33.567819950778585,24.491335127217454,35.02407195908741,34.17982225661938,32.47323806805549,35.4593571892423,33.5735227538317,29.502124433172874
EFT:-9.555429112879619,45.934086048487664,33.567819950778585,24.491335127217454,35.02407195908741,34.17982225661938,32.47323806805549,35.4593571892423,33.5735227538317,29.502124433172874
Random203
Raw:-9.555429112879619,45.934086048487664,33.567819950778585,24.491335127217454,35.02407195908741,34.17982225661938,32.47323806805549,35.4593571892423,33.5735227538317,29.502124433172874
EFT:-9.555429112879619,45.934086048487664,33.567819950778585,24.491335127217454,35.02407195908741,34.17982225661938,32.47323806805549,35.4593571892423,33.5735227538317,29.502124433172874
Random204
Raw:-9.555429112879619,45.934086048487664,33.567819950778585,24.491335127217454,35.02407195908741,34.17982225661938,32.47323806805549,35.4593571892423,33.5735227538317,29.502124433172874
EFT:-9.555429112879619,45.934086048487664,33.567819950778585,24.491335127217454,35.02407195908741,34.17982225661938,32.47323806805549,35.4593571892423,33.5735227538317,29.502124433172874
Random205
Raw:-9.555429112879619,45.934086048487664,33.567819950778585,24.491335127217454,35.02407195908741,34.17982225661938,32.47323806805549,35.4593571892423,33.5735227538317,29.502124433172874
EFT:-9.555429112879619,45.934086048487664,33.567819950778585,24.491335127217454,35.02407195908741,34.17982225661938,32.47323806805549,35.4593571892423,33.5735227538317,29.502124433172874
Random206
Raw:-9.555429112879619,45.934086048487664,33.567819950778585,24.491335127217454,35.02407195908741,34.17982225661938,32.47323806805549,35.4593571892423,33.5735227538317,29.502124433172874
EFT:-9.555429112879619,45.934086048487664,33.567819950778585,24.491335127217454,35.02407195908741,34.17982225661938,32.47323806805549,35.4593571892423,33.5735227538317,29.502124433172874
Random207
Raw:-9.555429112879619,45.934086048487664,33.567819950778585,24.491335127217454,35.02407195908741,34.17982225661938,32.47323806805549,35.4593571892423,33.5735227538317,29.502124433172874
EFT:-9.555429112879619,45.934086048487664,33.567819950778585,24.491335127217454,35.02407195908741,34.17982225661938,32.47323806805549,35.4593571892423,33.5735227538317,29.502124433172874
Random208
Raw:-9.555429112879619,45.934086048487664,33.567819950778585,24.491335127217454,35.02407195908741,34.17982225661938,32.47323806805549,35.4593571892423,33.5735227538317,29.502124433172874
EFT:-9.555429112879619,45.934086048487664,33.567819950778585,24.491335127217454,35.02407195908741,34.17982225661938,32.47323806805549,35.4593571892423,33.5735227538317,29.502124433172874
Random209
Raw:-9.555429112879619,45.934086048487664,33.567819950778585,24.491335127217454,35.02407195908741,34.17982225661938,32.47323806805549,35.4593571892423,33.5735227538317,29.502124433172874
EFT:-9.555429112879619,45.934086048487664,33.567819950778585,24.491335127217454,35.02407195908741,34.17982225661938,32.47323806805549,35.4593571892423,33.5735227538317,29.502124433172874
Random210
Raw:-9.555429112879619,45.934086048487664,33.567819950778585,24.491335127217454,35.02407195908741,34.17982225661938,32.47323806805549,35.4593571892423,33.5735227538317,29.502124433172874
EFT:-9.555429112879619,45.934086048487664,33.567819950778585,24.491335127217454,35.02407195908741,34.17982225661938,32.47323806805549,35.4593571892423,33.5735227538317,29.502124433172874
Random211
Raw:-9.555429112879619,45.934086048487664,33.567819950778585,24.491335127217454,35.02407195908741,34.17982225661938,32.47323806805549,35.4593571892423,33.5735227538317,29.502124433172874
EFT:-9.555429112879619,45.934086048487664,33.567819950778585,24.491335127217454,35.02407195908741,34.17982225661938,32.47323806805549,35.4593571892423,33.5735227538317,29.502124433172874
Random212
Raw:-9.555429112879619,45.934086048487664,33.567819950778585,24.491335127217454,35.02407195908741,34.17982225661938,32.47323806805549,35.4593571892423,33.5735227538317,29.502124433172874
EFT:-9.555429112879619,45.934086048487664,33.567819950778585,24.491335127217454,35.02407195908741,34.17982225661938,32.47323806805549,35.4593571892423,33.5735227538317,29.502124433172874
Random213
Raw:-9.555429112879619,45.934086048487664,33.567819950778585,24.491335127217454,35.02407195908741,34.17982225661938,32.47323806805549,35.4593571892423,33.5735227538317,29.502124433172874
EFT:-9.555429112879619,45.934086048487664,33.567819950778585,24.491335127217454,35.02407195908741,34.17982225661938,32.47323806805549,35.4593571892423,33.5735227538317,29.502124433172874
Random214
Raw:-9.555429112879619,45.934086048487664,33.567819950778585,24.491335127217454,35.02407195908741,34.17982225661938,32.47323806805549,35.4593571892423,33.5735227538317,29.502124433172874
EFT:-9.555429112879619,45.934086048487664,33.567819950778585,24.491335127217454,35.02407195908741,34.17982225661938,32.47323806805549,35.4593571892423,33.5735227538317,29.502124433172874
Random215
Raw:-9.555429112879619,45.934086048487664,33.567819950778585,24.491335127217454,35.02407195908741,34.17982225661938,32.47323806805549,35.4593571892423,33.5735227538317,29.502124433172874
EFT:-9.555429112879619,45.934086048487664,33.567819950778585,24.491335127217454,35.02407195908741,34.17982225661938,32.47323806805549,35.4593571892423,33.5735227538317,29.502124433172874
Random216
Raw:-9.555429112879619,45.934086048487664,33.567819950778585,24.491335127217454,35.02407195908741,34.17982225661938,32.47323806805549,35.4593571892423,33.5735227538317,29.502124433172874
EFT:-9.555429112879619,45.934086048487664,33.567819950778585,24.491335127217454,35.02407195908741,34.17982225661938,32.47323806805549,35.4593571892423,33.5735227538317,29.502124433172874
Random217
Raw:-9.555429112879619,45.934086048487664,33.567819950778585,24.491335127217454,35.02407195908741,34.17982225661938,32.47323806805549,35.4593571892423,33.5735227538317,29.502124433172874
EFT:-9.555429112879619,45.934086048487664,33.567819950778585,24.491335127217454,35.02407195908741,34.17982225661938,32.47323806805549,35.4593571892423,33.5735227538317,29.502124433172874
Random218
Raw:-9.555429112879619,45.934086048487664,33.567819950778585,24.491335127217454,35.02407195908741,34.17982225661938,32.47323806805549,35.4593571892423,33.5735227538317,29.502124433172874
EFT:-9.555429112879619,45.934086048487664,33.567819950778585,24.491335127217454,35.02407195908741,34.17982225661938,32.47323806805549,35.4593571892423,33.5735227538317,29.502124433172874
Random219
Raw:-9.555429112879619,45.934086048487664,33.567819950778585,24.491335127217454,35.02407195908741,34.17982225661938,32.47323806805549,35.4593571892423,33.5735227538317,29.502124433172874
EFT:-9.555429112879619,45.934086048487664,33.567819950778585,24.491335127217454,35.02407195908741,34.17982225661938,32.47323806805549,35.4593571892423,33.5735227538317,29.502124433172874
Random220
Raw:-9.555429112879619,45.934086048487664,33.567819950778585,24.491335127217454,35.02407195908741,34.17982225661938,32.47323806805549,35.4593571892423,33.5735227538317,29.502124433172874
EFT:-9.555429112879619,45.934086048487664,33.567819950778585,24.491335127217454,35.02407195908741,34.17982225661938,32.47323806805549,35.4593571892423,33.5735227538317,29.502124433172874
Random221
Raw:-9.555429112879619,45.934086048487664,33.567819950778585,24.491335127217454,35.02407195908741,34.17982225661938,32.47323806805549,35.4593571892423,33.5735227538317,29.502124433172874
EFT:-9.555429112879619,45.934086048487664,33.567819950778585,24.491335127217454,35.02407195908741,34.17982225661938,32.47323806805549,35.4593571892423,33.5735227538317,29.502124433172874
Random222
Raw:-9.555429112879619,45.934086048487664,33.567819950778585,24.491335127217454,35.02407195908741,34.17982225661938,32.47323806805549,35.4593571892423,33.5735227538317,29.502124433172874
EFT:-9.555429112879619,45.934086048487664,33.567819950778585,24.491335127217454,35.02407195908741,34.17982225661938,32.47323806805549,35.4593571892423,33.5735227538317,29.502124433172874
Random223
Raw:-9.555429112879619,45.934086048487664,33.567819950778585,24.491335127217454,35.02407195908741,34.17982225661938,32.47323806805549,35.4593571892423,33.5735227538317,29.502124433172874
EFT:-9.555429112879619,45.934086048487664,33.567819950778585,24.491335127217454,35.02407195908741,34.17982225661938,32.47323806805549,35.4593571892423,33.5735227538317,29.502124433172874
Random224
Raw:-9.555429112879619,45.934086048487664,33.567819950778585,24.491335127217454,35.02407195908741,34.17982225661938,32.47323806805549,35.4593571892423,33.5735227538317,29.502124433172874
EFT:-9.555429112879619,45.934086048487664,33.567819950778585,24.491335127217454,35.02407195908741,34.17982225661938,32.47323806805549,35.4593571892423,33.5735227538317,29.502124433172874
Random225
Raw:-9.555429112879619,45.934086048487664,33.567819950778585,24.491335127217454,35.02407195908741,34.17982225661938,32.47323806805549,35.4593571892423,33.5735227538317,29.502124433172874
EFT:-9.555429112879619,45.934086048487664,33.567819950778585,24.491335127217454,35.02407195908741,34.17982225661938,32.47323806805549,35.4593571892423,33.5735227538317,29.502124433172874
Random226
Raw:-9.555429112879619,45.934086048487664,33.567819950778585,24.491335127217454,35.02407195908741,34.17982225661938,32.47323806805549,35.4593571892423,33.5735227538317,29.502124433172874
EFT:-9.555429112879619,45.934086048487664,33.567819950778585,24.491335127217454,35.02407195908741,34.17982225661938,32.47323806805549,35.4593571892423,33.5735227538317,29.502124433172874
Random227
Raw:-9.555429112879619,45.934086048487664,33.567819950778585,24.491335127217454,35.02407195908741,34.17982225661938,32.47323806805549,35.4593571892423,33.5735227538317,29.502124433172874
EFT:-9.555429112879619,45.934086048487664,33.567819950778585,24.491335127217454,35.02407195908741,34.17982225661938,32.47323806805549,35.4593571892423,33.5735227538317,29.502124433172874
Random228
Raw:-9.555429112879619,45.934086048487664,33.567819950778585,24.491335127217454,35.02407195908741,34.17982225661938,32.47323806805549,35.4593571892423,33.5735227538317,29.502124433172874
EFT:-9.555429112879619,45.934086048487664,33.567819950778585,24.491335127217454,35.02407195908741,34.17982225661938,32.47323806805549,35.4593571892423,33.5735227538317,29.502124433172874
Random229
Raw:-9.555429112879619,45.934086048487664,33.567819950778585,24.491335127217454,35.02407195908741,34.17982225661938,32.47323806805549,35.4593571892423,33.5735227538317,29.502124433172874
EFT:-9.555429112879619,45.934086048487664,33.567819950778585,24.491335127217454,35.02407195908741,34.17982225661938,32.47323806805549,35.4593571892423,33.5735227538317,29.502124433172874
Random230
Raw:-9.555429112879619,45.934086048487664,33.567819950778585,24.491335127217454,35.02407195908741,34.17982225661938,32.47323806805549,35.4593571892423,33.5735227538317,29.502124433172874
EFT:-9.555429112879619,45.934086048487664,33.567819950778585,24.491335127217454,35.02407195908741,34.17982225661938,32.47323806805549,35.4593571892423,33.5735227538317,29.502124433172874
Random231
Raw:-9.555429112879619,45.934086048487664,33.567819950778585,24.491335127217454,35.02407195908741,34.17982225661938,32.47323806805549,35.4593571892423,33.5735227538317,29.502124433172874
EFT:-9.555429112879619,45.934086048487664,33.567819950778585,24.491335127217454,35.02407195908741,34.17982225661938,32.47323806805549,35.4593571892423,33.5735227538317,29.502124433172874
Random232
Raw:-9.555429112879619,45.934086048487664,33.567819950778585,24.491335127217454,35.02407195908741,34.17982225661938,32.47323806805549,35.4593571892423,33.5735227538317,29.502124433172874
EFT:-9.555429112879619,45.934086048487664,33.567819950778585,24.491335127217454,35.02407195908741,34.17982225661938,32.47323806805549,35.4593571892423,33.5735227538317,29.502124433172874
Random233
Raw:-9.555429112879619,45.934086048487664,33.567819950778585,24.491335127217454,35.02407195908741,34.17982225661938,32.47323806805549,35.4593571892423,33.5735227538317,29.502124433172874
EFT:-9.555429112879619,45.934086048487664,33.567819950778585,24.491335127217454,35.02407195908741,34.17982225661938,32.47323806805549,35.4593571892423,33.5735227538317,29.502124433172874
Random234
Raw:-9.555429112879619,45.934086048487664,33.567819950778585,24.491335127217454,35.02407195908741,34.17982225661938,32.47323806805549,35.4593571892423,33.5735227538317,29.502124433172874
EFT:-9.555429112879619,45.934086048487664,33.567819950778585,24.491335127217454,35.02407195908741,34.17982225661938,32.47323806805549,35.4593571892423,33.5735227538317,29.502124433172874
Random235
Raw:-9.555429112879619,45.934086048487664,33.567819950778585,24.491335127217454,35.02407195908741,34.17982225661938,32.47323806805549,35.4593571892423,33.5735227538317,29.502124433172874
EFT:-9.555429112879619,45.934086048487664,33.567819950778585,24.491335127217454,35.02407195908741,34.17982225661938,32.47323806805549,35.4593571892423,33.5735227538317,29.502124433172874
Random236
Raw:-9.555429112879619,45.934086048487664,33.567819950778585,24.491335127217454,35.02407195908741,34.17982225661938,32.47323806805549,35.4593571892423,33.5735227538317,29.502124433172874
EFT:-9.555429112879619,45.934086048487664,33.567819950778585,24.491335127217454,35.02407195908741,34.17982225661938,32.47323806805549,35.4593571892423,33.5735227538317,29.502124433172874
Random237
Raw:-9.555429112879619,45.934086048487664,33.567819950778585,24.491335127217454,35.02407195908741,34.17982225661938,32.47323806805549,35.4593571892423,33.5735227538317,29.502124433172874
EFT:-9.555429112879619,45.934086048487664,33.567819950778585,24.491335127217454,35.02407195908741,34.17982225661938,32.47323806805549,35.4593571892423,33.5735227538317,29.502124433172874
Random238
Raw:-9.555429112879619,45.934086048487664,33.567819950778585,24.491335127217454,35.02407195908741,34.17982225661938,32.47323806805549,35.4593571892423,33.5735227538317,29.502124433172874
EFT:-9.555429112879619,45.934086048487664,33.567819950778585,24.491335127217454,35.02407195908741,34.17982225661938,32.47323806805549,35.4593571892423,33.5735227538317,29.502124433172874
Random239
Raw:-9.555429112879619,45.934086048487664,33.567819950778585,24.491335127217454,35.02407195908741,34.17982225661938,32.47323806805549,35.4593571892423,33.5735227538317,29.502124433172874
EFT:-9.555429112879619,45.934086048487664,33.567819950778585,24.491335127217454,35.02407195908741,34.17982225661938,32.47323806805549,35.4593571892423,33.5735227538317,29.502124433172874
Random240
Raw:-9.555429112879619,45.934086048487664,33.567819950778585,24.491335127217454,35.02407195908741,34.17982225661938,32.47323806805549,35.4593571892423,33.5735227538317,29.502124433172874
EFT:-9.555429112879619,45.934086048487664,33.567819950778585,24.491335127217454,35.02407195908741,34.17982225661938,32.47323806805549,35.4593571892423,33.5735227538317,29.502124433172874
Random241
Raw:-9.555429112879619,45.934086048487664,33.567819950778585,24.491335127217454,35.02407195908741,34.17982225661938,32.47323806805549,35.4593571892423,33.5735227538317,29.502124433172874
EFT:-9.555429112879619,45.934086048487664,33.567819950778585,24.491335127217454,35.02407195908741,34.17982225661938,32.47323806805549,35.4593571892423,33.5735227538317,29.502124433172874
Random242
Raw:-9.555429112879619,45.934086048487664,33.567819950778585,24.491335127217454,35.02407195908741,34.17982225661938,32.47323806805549,35.4593571892423,33.5735227538317,29.502124433172874
EFT:-9.555429112879619,45.934086048487664,33.567819950778585,24.491335127217454,35.02407195908741,34.17982225661938,32.47323806805549,35.4593571892423,33.5735227538317,29.502124433172874
Random243
Raw:-9.555429112879619,45.934086048487664,33.567819950778585,24.491335127217454,35.02407195908741,34.17982225661938,32.47323806805549,35.4593571892423,33.5735227538317,29.502124433172874
EFT:-9.555429112879619,45.934086048487664,33.567819950778585,24.491335127217454,35.02407195908741,34.17982225661938,32.47323806805549,35.4593571892423,33.5735227538317,29.502124433172874
Random244
Raw:-9.555429112879619,45.934086048487664,33.567819950778585,24.491335127217454,35.02407195908741,34.17982225661938,32.47323806805549,35.4593571892423,33.5735227538317,29.502124433172874
EFT:-9.555429112879619,45.934086048487664,33.567819950778585,24.491335127217454,35.02407195908741,34.17982225661938,32.47323806805549,35.4593571892423,33.5735227538317,29.502124433172874
Random245
Raw:-9.555429112879619,45.934086048487664,33.567819950778585,24.491335127217454,35.02407195908741,34.17982225661938,32.47323806805549,35.4593571892423,33.5735227538317,29.502124433172874
EFT:-9.555429112879619,45.934086048487664,33.567819950778585,24.491335127217454,35.02407195908741,34.17982225661938,32.47323806805549,35.4593571892423,33.5735227538317,29.502124433172874
Random246
Raw:-9.555429112879619,45.934086048487664,33.567819950778585,24.491335127217454,35.02407195908741,34.17982225661938,32.47323806805549,35.4593571892423,33.5735227538317,29.502124433172874
EFT:-9.555429112879619,45.934086048487664,33.567819950778585,24.491335127217454,35.02407195908741,34.17982225661938,32.47323806805549,35.4593571892423,33.5735227538317,29.502124433172874
Random247
Raw:-9.555429112879619,45.934086048487664,33.567819950778585,24.491335127217454,35.02407195908741,34.17982225661938,32.47323806805549,35.4593571892423,33.5735227538317,29.502124433172874
EFT:-9.555429112879619,45.934086048487664,33.567819950778585,24.491335127217454,35.02407195908741,34.17982225661938,32.47323806805549,35.4593571892423,33.5735227538317,29.502124433172874
Random248
Raw:-9.555429112879619,45.934086048487664,33.567819950778585,24.491335127217454,35.02407195908741,34.17982225661938,32.47323806805549,35.4593571892423,33.5735227538317,29.502124433172874
EFT:-9.555429112879619,45.934086048487664,33.567819950778585,24.491335127217454,35.02407195908741,34.17982225661938,32.47323806805549,35.4593571892423,33.5735227538317,29.502124433172874
Random249
Raw:-9.555429112879619,45.934086048487664,33.567819950778585,24.491335127217454,35.02407195908741,34.17982225661938,32.47323806805549,35.4593571892423,33.5735227538317,29.502124433172874
EFT:-9.555429112879619,45.934086048487664,33.567819950778585,24.491335127217454,35.02407195908741,34.17982225661938,32.47323806805549,35.4593571892423,33.5735227538317,29.502124433172874
Random250
Raw:-9.555429112879619,45.934086048487664,33.567819950778585,24.491335127217454,35.02407195908741,34.17982225661938,32.47323806805549,35.4593571892423,33.5735227538317,29.502124433172874
EFT:-9.555429112879619,45.934086048487664,33.567819950778585,24.491335127217454,35.02407195908741,34.17982225661938,32.47323806805549,35.4593571892423,33.5735227538317,29.502124433172874
Random251
Raw:-9.555429112879619,45.934086048487664,33.567819950778585,24.491335127217454,35.02407195908741,34.17982225661938,32.47323806805549,35.4593571892423,33.5735227538317,29.502124433172874
EFT:-9.555429112879619,45.934086048487664,33.567819950778585,24.491335127217454,35.02407195908741,34.17982225661938,32.47323806805549,35.4593571892423,33.5735227538317,29.502124433172874
Random252
Raw:-9.555429112879619,45.934086048487664,33.567819950778585,24.491335127217454,35.02407195908741,34.17982225661938,32.47323806805549,35.4593571892423,33.5735227538317,29.502124433172874
EFT:-9.555429112879619,45.934086048487664,33.567819950778585,24.491335127217454,35.02407195908741,34.17982225661938,32.47323806805549,35.4593571892423,33.5735227538317,29.502124433172874
Random253
Raw:-9.555429112879619,45.934086048487664,33.567819950778585,24.491335127217454,35.02407195908741,34.17982225661938,32.47323806805549,35.4593571892423,33.5735227538317,29.502124433172874
EFT:-9.555429112879619,45.934086048487664,33.567819950778585,24.491335127217454,35.02407195908741,34.17982225661938,32.47323806805549,35.4593571892423,33.5735227538317,29.502124433172874
Random254
Raw:-9.555429112879619,45.934086048487664,33.567819950778585,24.491335127217454,35.02407195908741,34.17982225661938,32.47323806805549,35.4593571892423,33.5735227538317,29.502124433172874
EFT:-9.555429112879619,45.934086048487664,33.567819950778585,24.491335127217454,35.02407195908741,34.17982225661938,32.47323806805549,35.4593571892423,33.5735227538317,29.502124433172874
Random255
Raw:-9.555429112879619,45.934086048487664,33.567819950778585,24.491335127217454,35.02407195908741,34.17982225661938,32.47323806805549,35.4593571892423,33.5735227538317,29.502124433172874
EFT:-9.555429112879619,45.934086048487664,33.567819950778585,24.491335127217454,35.02407195908741,34.17982225661938,32.47323806805549,35.4593571892423,33.5735227538317,29.502124433172874
Random256
Raw:-9.555429112879619,45.934086048487664,33.567819950778585,24.491335127217454,35.02407195908741,34.17982225661938,32.47323806805549,35.4593571892423,33.5735227538317,29.502124433172874
EFT:-9.555429112879619,45.934086048487664,33.567819950778585,24.491335127217454,35.02407195908741,34.17982225661938,32.47323806805549,35.4593571892423,33.5735227538317,29.502124433172874
Random257
Raw:-9.555429112879619,45.934086048487664,33.567819950778585,24.491335127217454,35.02407195908741,34.17982225661938,32.47323806805549,35.4593571892423,33.5735227538317,29.502124433172874
EFT:-9.555429112879619,45.934086048487664,33.567819950778585,24.491335127217454,35.02407195908741,34.17982225661938,32.47323806805549,35.4593571892423,33.5735227538317,29.502124433172874
Random258
Raw:-9.555429112879619,45.934086048487664,33.567819950778585,24.491335127217454,35.02407195908741,34.17982225661938,32.47323806805549,35.4593571892423,33.5735227538317,29.502124433172874
EFT:-9.555429112879619,45.934086048487664,33.567819950778585,24.491335127217454,35.02407195908741,34.17982225661938,32.47323806805549,35.4593571892423,33.5735227538317,29.502124433172874
Random259
Raw:-9.555429112879619,45.934086048487664,33.567819950778585,24.491335127217454,35.02407195908741,34.17982225661938,32.47323806805549,35.4593571892423,33.5735227538317,29.502124433172874
EFT:-9.555429112879619,45.934086048487664,33.567819950778585,24.491335127217454,35.02407195908741,34.17982225661938,32.47323806805549,35.4593571892423,33.5735227538317,29.502124433172874
Random260
Raw:-9.555429112879619,45.934086048487664,33.567819950778585,24.491335127217454,35.02407195908741,34.17982225661938,32.47323806805549,35.4593571892423,33.5735227538317,29.502124433172874
EFT:-9.555429112879619,45.934086048487664,33.567819950778585,24.491335127217454,35.02407195908741,34.17982225661938,32.47323806805549,35.4593571892423,33.5735227538317,29.502124433172874
Random261
Raw:-9.555429112879619,45.934086048487664,33.567819950778585,24.491335127217454,35.02407195908741,34.17982225661938,32.47323806805549,35.4593571892423,33.5735227538317,29.502124433172874
EFT:-9.555429112879619,45.934086048487664,33.567819950778585,24.491335127217454,35.02407195908741,34.17982225661938,32.47323806805549,35.4593571892423,33.5735227538317,29.502124433172874
Random262
Raw:-9.555429112879619,45.934086048487664,33.567819950778585,24.491335127217454,35.02407195908741,34.17982225661938,32.47323806805549,35.4593571892423,33.5735227538317,29.502124433172874
EFT:-9.555429112879619,45.934086048487664,33.567819950778585,24.491335127217454,35.02407195908741,34.17982225661938,32.47323806805549,35.4593571892423,33.5735227538317,29.502124433172874
Random263
Raw:-9.555429112879619,45.934086048487664,33.567819950778585,24.491335127217454,35.02407195908741,34.17982225661938,32.47323806805549,35.4593571892423,33.5735227538317,29.502124433172874
EFT:-9.555429112879619,45.934086048487664,33.567819950778585,24.491335127217454,35.02407195908741,34.17982225661938,32.47323806805549,35.4593571892423,33.5735227538317,29.502124433172874
Random264
Raw:-9.555429112879619,45.934086048487664,33.567819950778585,24.491335127217454,35.02407195908741,34.17982225661938,32.47323806805549,35.4593571892423,33.5735227538317,29.502124433172874
EFT:-9.555429112879619,45.934086048487664,33.567819950778585,24.491335127217454,35.02407195908741,34.17982225661938,32.47323806805549,35.4593571892423,33.5735227538317,29.502124433172874
Random265
Raw:-9.555429112879619,45.934086048487664,33.567819950778585,24.491335127217454,35.02407195908741,34.17982225661938,32.47323806805549,35.4593571892423,33.5735227538317,29.502124433172874
EFT:-9.555429112879619,45.934086048487664,33.567819950778585,24.491335127217454,35.02407195908741,34.17982225661938,32.47323806805549,35.4593571892423,33.5735227538317,29.502124433172874
Random266
Raw:-9.555429112879619,45.934086048487664,33.567819950778585,24.491335127217454,35.02407195908741,34.17982225661938,32.47323806805549,35.4593571892423,33.5735227538317,29.502124433172874
EFT:-9.555429112879619,45.934086048487664,33.567819950778585,24.491335127217454,35.02407195908741,34.17982225661938,32.47323806805549,35.4593571892423,33.5735227538317,29.502124433172874
Random267
Raw:-9.555429112879619,45.934086048487664,33.567819950778585,24.491335127217454,35.02407195908741,34.17982225661938,32.47323806805549,35.4593571892423,33.5735227538317,29.502124433172874
EFT:-9.555429112879619,45.934086048487664,33.567819950778585,24.491335127217454,35.02407195908741,34.17982225661938,32.47323806805549,35.4593571892423,33.5735227538317,29.502124433172874
Random268
Raw:-9.555429112879619,45.934086048487664,33.567819950778585,24.491335127217454,35.02407195908741,34.17982225661938,32.47323806805549,35.4593571892423,33.5735227538317,29.502124433172874
EFT:-9.555429112879619,45.934086048487664,33.567819950778585,24.491335127217454,35.02407195908741,34.17982225661938,32.47323806805549,35.4593571892423,33.5735227538317,29.502124433172874
Random269
Raw:-9.555429112879619,45.934086048487664,33.567819950778585,24.491335127217454,35.02407195908741,34.17982225661938,32.47323806805549,35.4593571892423,33.5735227538317,29.502124433172874
EFT:-9.555429112879619,45.934086048487664,33.567819950778585,24.491335127217454,35.02407195908741,34.17982225661938,32.47323806805549,35.4593571892423,33.5735227538317,29.502124433172874
Random270
Raw:-9.555429112879619,45.934086048487664,33.567819950778585,24.491335127217454,35.02407195908741,34.17982225661938,32.47323806805549,35.4593571892423,33.5735227538317,29.502124433172874
EFT:-9.555429112879619,45.934086048487664,33.567819950778585,24.491335127217454,35.02407195908741,34.17982225661938,32.47323806805549,35.4593571892423,33.5735227538317,29.502124433172874
Random271
Raw:-9.555429112879619,45.934086048487664,33.567819950778585,24.491335127217454,35.02407195908741,34.17982225661938,32.47323806805549,35.4593571892423,33.5735227538317,29.502124433172874
EFT:-9.555429112879619,45.934086048487664,33.567819950778585,24.491335127217454,35.02407195908741,34.17982225661938,32.47323806805549,35.4593571892423,33.5735227538317,29.502124433172874
Random272
Raw:-9.555429112879619,45.934086048487664,33.567819950778585,24.491335127217454,35.02407195908741,34.17982225661938,32.47323806805549,35.4593571892423,33.5735227538317,29.502124433172874
EFT:-9.555429112879619,45.934086048487664,33.567819950778585,24.491335127217454,35.02407195908741,34.17982225661938,32.47323806805549,35.4593571892423,33.5735227538317,29.502124433172874
Random273
Raw:-9.555429112879619,45.934086048487664,33.567819950778585,24.491335127217454,35.02407195908741,34.17982225661938,32.47323806805549,35.4593571892423,33.5735227538317,29.502124433172874
EFT:-9.555429112879619,45.934086048487664,33.567819950778585,24.491335127217454,35.02407195908741,34.17982225661938,32.47323806805549,35.4593571892423,33.5735227538317,29.502124433172874
Random274
Raw:-9.555429112879619,45.934086048487664,33.567819950778585,24.491335127217454,35.02407195908741,34.17982225661938,32.47323806805549,35.4593571892423,33.5735227538317,29.502124433172874
EFT:-9.555429112879619,45.934086048487664,33.567819950778585,24.491335127217454,35.02407195908741,34.17982225661938,32.47323806805549,35.4593571892423,33.5735227538317,29.502124433172874
Random275
Raw:-9.555429112879619,45.934086048487664,33.567819950778585,24.491335127217454,35.02407195908741,34.17982225661938,32.47323806805549,35.4593571892423,33.5735227538317,29.502124433172874
EFT:-9.555429112879619,45.934086048487664,33.567819950778585,24.491335127217454,35.02407195908741,34.17982225661938,32.47323806805549,35.4593571892423,33.5735227538317,29.502124433172874
Random276
Raw:-9.555429112879619,45.934086048487664,33.567819950778585,24.491335127217454,35.02407195908741,34.17982225661938,32.47323806805549,35.4593571892423,33.5735227538317,29.502124433172874
EFT:-9.555429112879619,45.934086048487664,33.567819950778585,24.491335127217454,35.02407195908741,34.17982225661938,32.47323806805549,35.4593571892423,33.5735227538317,29.502124433172874
Random277
Raw:-9.555429112879619,45.934086048487664,33.567819950778585,24.491335127217454,35.02407195908741,34.17982225661938,32.47323806805549,35.4593571892423,33.5735227538317,29.502124433172874
EFT:-9.555429112879619,45.934086048487664,33.567819950778585,24.491335127217454,35.02407195908741,34.17982225661938,32.47323806805549,35.4593571892423,33.5735227538317,29.502124433172874
Random278
Raw:-9.555429112879619,45.934086048487664,33.567819950778585,24.491335127217454,35.02407195908741,34.17982225661938,32.47323806805549,35.4593571892423,33.5735227538317,29.502124433172874
EFT:-9.555429112879619,45.934086048487664,33.567819950778585,24.491335127217454,35.02407195908741,34.17982225661938,32.47323806805549,35.4593571892423,33.5735227538317,29.502124433172874
Random279
Raw:-9.555429112879619,45.934086048487664,33.567819950778585,24.491335127217454,35.02407195908741,34.17982225661938,32.47323806805549,35.4593571892423,33.5735227538317,29.502124433172874
EFT:-9.555429112879619,45.934086048487664,33.567819950778585,24.491335127217454,35.02407195908741,34.17982225661938,32.47323806805549,35.4593571892423,33.5735227538317,29.502124433172874
Random280
Raw:-9.555429112879619,45.934086048487664,33.567819950778585,24.491335127217454,35.02407195908741,34.17982225661938,32.47323806805549,35.4593571892423,33.5735227538317,29.502124433172874
EFT:-9.555429112879619,45.934086048487664,33.567819950778585,24.491335127217454,35.02407195908741,34.17982225661938,32.47323806805549,35.4593571892423,33.5735227538317,29.502124433172874
Random281
Raw:-9.555429112879619,45.934086048487664,33.567819950778585,24.491335127217454,35.02407195908741,34.17982225661938,32.47323806805549,35.4593571892423,33.5735227538317,29.502124433172874
EFT:-9.555429112879619,45.934086048487664,33.567819950778585,24.491335127217454,35.02407195908741,34.17982225661938,32.47323806805549,35.4593571892423,33.5735227538317,29.502124433172874
Random282
Raw:-9.555429112879619,45.934086048487664,33.567819950778585,24.491335127217454,35.02407195908741,34.17982225661938,32.47323806805549,35.4593571892423,33.5735227538317,29.502124433172874
EFT:-9.555429112879619,45.934086048487664,33.567819950778585,24.491335127217454,35.02407195908741,34.17982225661938,32.47323806805549,35.4593571892423,33.5735227538317,29.502124433172874
Random283
Raw:-9.555429112879619,45.934086048487664,33.567819950778585,24.491335127217454,35.02407195908741,34.17982225661938,32.47323806805549,35.4593571892423,33.5735227538317,29.502124433172874
EFT:-9.555429112879619,45.934086048487664,33.567819950778585,24.491335127217454,35.02407195908741,34.17982225661938,32.47323806805549,35.4593571892423,33.5735227538317,29.502124433172874
Random284
Raw:-9.555429112879619,45.934086048487664,33.567819950778585,24.491335127217454,35.02407195908741,34.17982225661938,32.47323806805549,35.4593571892423,33.5735227538317,29.502124433172874
EFT:-9.555429112879619,45.934086048487664,33.567819950778585,24.491335127217454,35.02407195908741,34.17982225661938,32.47323806805549,35.4593571892423,33.5735227538317,29.502124433172874
Random285
Raw:-9.555429112879619,45.934086048487664,33.567819950778585,24.491335127217454,35.02407195908741,34.17982225661938,32.47323806805549,35.4593571892423,33.5735227538317,29.502124433172874
EFT:-9.555429112879619,45.934086048487664,33.567819950778585,24.491335127217454,35.02407195908741,34.17982225661938,32.47323806805549,35.4593571892423,33.5735227538317,29.502124433172874
Random286
Raw:-9.555429112879619,45.934086048487664,33.567819950778585,24.491335127217454,35.02407195908741,34.17982225661938,32.47323806805549,35.4593571892423,33.5735227538317,29.502124433172874
EFT:-9.555429112879619,45.934086048487664,33.567819950778585,24.491335127217454,35.02407195908741,34.17982225661938,32.47323806805549,35.4593571892423,33.5735227538317,29.502124433172874
Random287
Raw:-9.555429112879619,45.934086048487664,33.567819950778585,24.491335127217454,35.02407195908741,34.17982225661938,32.47323806805549,35.4593571892423,33.5735227538317,29.502124433172874
EFT:-9.555429112879619,45.934086048487664,33.567819950778585,24.491335127217454,35.02407195908741,34.17982225661938,32.47323806805549,35.4593571892423,33.5735227538317,29.502124433172874
Random288
Raw:-9.555429112879619,45.934086048487664,33.567819950778585,24.491335127217454,35.02407195908741,34.17982225661938,32.47323806805549,35.4593571892423,33.5735227538317,29.502124433172874
EFT:-9.555429112879619,45.934086048487664,33.567819950778585,24.491335127217454,35.02407195908741,34.17982225661938,32.47323806805549,35.4593571892423,33.5735227538317,29.502124433172874
Random289
Raw:-9.555429112879619,45.934086048487664,33.567819950778585,24.491335127217454,35.02407195908741,34.17982225661938,32.47323806805549,35.4593571892423,33.5735227538317,29.502124433172874
EFT:-9.555429112879619,45.934086048487664,33.567819950778585,24.491335127217454,35.02407195908741,34.17982225661938,32.47323806805549,35.4593571892423,33.5735227538317,29.502124433172874
Random290
Raw:-9.555429112879619,45.934086048487664,33.567819950778585,24.491335127217454,35.02407195908741,34.17982225661938,32.47323806805549,35.4593571892423,33.5735227538317,29.502124433172874
EFT:-9.555429112879619,45.934086048487664,33.567819950778585,24.491335127217454,35.02407195908741,34.17982225661938,32.47323806805549,35.4593571892423,33.5735227538317,29.502124433172874
Random291
Raw:-9.555429112879619,45.934086048487664,33.567819950778585,24.491335127217454,35.02407195908741,34.17982225661938,32.47323806805549,35.4593571892423,33.5735227538317,29.502124433172874
EFT:-9.555429112879619,45.934086048487664,33.567819950778585,24.491335127217454,35.02407195908741,34.17982225661938,32.47323806805549,35.4593571892423,33.5735227538317,29.502124433172874
Random292
Raw:-9.555429112879619,45.934086048487664,33.567819950778585,24.491335127217454,35.02407195908741,34.17982225661938,32.47323806805549,35.4593571892423,33.5735227538317,29.502124433172874
EFT:-9.555429112879619,45.934086048487664,33.567819950778585,24.491335127217454,35.02407195908741,34.17982225661938,32.47323806805549,35.4593571892423,33.5735227538317,29.502124433172874
Random293
Raw:-9.555429112879619,45.934086048487664,33.567819950778585,24.491335127217454,35.02407195908741,34.17982225661938,32.47323806805549,35.4593571892423,33.5735227538317,29.502124433172874
EFT:-9.555429112879619,45.934086048487664,33.567819950778585,24.491335127217454,35.02407195908741,34.17982225661938,32.47323806805549,35.4593571892423,33.5735227538317,29.502124433172874
Random294
Raw:-9.555429112879619,45.934086048487664,33.567819950778585,24.491335127217454,35.02407195908741,34.17982225661938,32.47323806805549,35.4593571892423,33.5735227538317,29.502124433172874
EFT:-9.555429112879619,45.934086048487664,33.567819950778585,24.491335127217454,35.02407195908741,34.17982225661938,32.47323806805549,35.4593571892423,33.5735227538317,29.502124433172874
Random295
Raw:-9.555429112879619,45.934086048487664,33.567819950778585,24.491335127217454,35.02407195908741,34.17982225661938,32.47323806805549,35.4593571892423,33.5735227538317,29.502124433172874
EFT:-9.555429112879619,45.934086048487664,33.567819950778585,24.491335127217454,35.02407195908741,34.17982225661938,32.47323806805549,35.4593571892423,33.5735227538317,29.502124433172874
Random296
Raw:-9.555429112879619,45.934086048487664,33.567819950778585,24.491335127217454,35.02407195908741,34.17982225661938,32.47323806805549,35.4593571892423,33.5735227538317,29.502124433172874
EFT:-9.555429112879619,45.934086048487664,33.567819950778585,24.491335127217454,35.02407195908741,34.17982225661938,32.47323806805549,35.4593571892423,33.5735227538317,29.502124433172874
Random297
Raw:-9.555429112879619,45.934086048487664,33.567819950778585,24.491335127217454,35.02407195908741,34.17982225661938,32.47323806805549,35.4593571892423,33.5735227538317,29.502124433172874
EFT:-9.555429112879619,45.934086048487664,33.567819950778585,24.491335127217454,35.02407195908741,34.17982225661938,32.47323806805549,35.4593571892423,33.5735227538317,29.502124433172874
Random298
Raw:-9.555429112879619,45.934086048487664,33.567819950778585,24.491335127217454,35.02407195908741,34.17982225661938,32.47323806805549,35.4593571892423,33.5735227538317,29.502124433172874
EFT:-9.555429112879619,45.934086048487664,33.567819950778585,24.491335127217454,35.02407195908741,34.17982225661938,32.47323806805549,35.4593571892423,33.5735227538317,29.502124433172874
Random299
Raw:-9.555429112879619,45.934086048487664,33.567819950778585,24.491335127217454,35.02407195908741,34.17982225661938,32.47323806805549,35.4593571892423,33.5735227538317,29.502124433172874
EFT:-9.555429112879619,45.934086048487664,33.567819950778585,24.491335127217454,35.02407195908741,34.17982225661938,32.47323806805549,35.4593571892423,33.5735227538317,29.502124433172874
Random300
Raw:-9.555429112879619,45.934086048487664,33.567819950778585,24.491335127217454,35.02407195908741,34.17982225661938,32.47323806805549,35.4593571892423,33.5735227538317,29.502124433172874
EFT:-9.555429112879619,45.934086048487664,33.567819950778585,24.491335127217454,35.02407195908741,34.17982225661938,32.47323806805549,35.4593571892423,33.5735227538317,29.502124433172874
