Ascend
Raw:-13.215143326615056,41.246792431785316,28.70872234783445,20.008641832943773,31.64313749871232,30.122819408087857,28.958688317121627,30.91372813950811,29.834090593354837,26.62408735013537
EFT:-13.215143326615056,41.246792431785316,28.70872234783445,20.008641832943773,31.643137498712317,30.122819408087857,28.958688317121627,30.91372813950811,29.834090593354837,26.62408735013537
Descend
Raw:-13.215143326615056,41.246792431785316,28.70872234783445,20.008641832943773,31.64313749871232,30.122819408087857,28.958688317121627,30.91372813950811,29.834090593354837,26.62408735013537
EFT:-13.215143326615056,41.246792431785316,28.70872234783445,20.008641832943773,31.643137498712317,30.122819408087857,28.958688317121627,30.91372813950811,29.834090593354837,26.62408735013537
Random1
Raw:-13.215143326615056,41.246792431785316,28.70872234783445,20.008641832943773,31.64313749871232,30.122819408087857,28.958688317121627,30.91372813950811,29.834090593354837,26.62408735013537
EFT:-13.215143326615056,41.246792431785316,28.70872234783445,20.008641832943773,31.643137498712317,30.122819408087857,28.958688317121627,30.91372813950811,29.834090593354837,26.62408735013537
Random2
Raw:-13.215143326615056,41.246792431785316,28.70872234783445,20.008641832943773,31.64313749871232,30.122819408087857,28.958688317121627,30.91372813950811,29.834090593354837,26.62408735013537
EFT:-13.215143326615056,41.246792431785316,28.70872234783445,20.008641832943773,31.643137498712317,30.122819408087857,28.958688317121627,30.91372813950811,29.834090593354837,26.62408735013537
Random3
Raw:-13.215143326615056,41.246792431785316,28.70872234783445,20.008641832943773,31.64313749871232,30.122819408087857,28.958688317121627,30.91372813950811,29.834090593354837,26.62408735013537
EFT:-13.215143326615056,41.246792431785316,28.70872234783445,20.008641832943773,31.643137498712317,30.122819408087857,28.958688317121627,30.91372813950811,29.834090593354837,26.62408735013537
Random4
Raw:-13.215143326615056,41.246792431785316,28.70872234783445,20.008641832943773,31.64313749871232,30.122819408087857,28.958688317121627,30.91372813950811,29.834090593354837,26.62408735013537
EFT:-13.215143326615056,41.246792431785316,28.70872234783445,20.008641832943773,31.643137498712317,30.122819408087857,28.958688317121627,30.91372813950811,29.834090593354837,26.62408735013537
Random5
Raw:-13.215143326615056,41.246792431785316,28.70872234783445,20.008641832943773,31.64313749871232,30.122819408087857,28.958688317121627,30.91372813950811,29.834090593354837,26.62408735013537
EFT:-13.215143326615056,41.246792431785316,28.70872234783445,20.008641832943773,31.643137498712317,30.122819408087857,28.958688317121627,30.91372813950811,29.834090593354837,26.62408735013537
Random6
Raw:-13.215143326615056,41.246792431785316,28.70872234783445,20.008641832943773,31.64313749871232,30.122819408087857,28.958688317121627,30.91372813950811,29.834090593354837,26.62408735013537
EFT:-13.215143326615056,41.246792431785316,28.70872234783445,20.008641832943773,31.643137498712317,30.122819408087857,28.958688317121627,30.91372813950811,29.834090593354837,26.62408735013537
Random7
Raw:-13.215143326615056,41.246792431785316,28.70872234783445,20.008641832943773,31.64313749871232,30.122819408087857,28.958688317121627,30.91372813950811,29.834090593354837,26.62408735013537
EFT:-13.215143326615056,41.246792431785316,28.70872234783445,20.008641832943773,31.643137498712317,30.122819408087857,28.958688317121627,30.91372813950811,29.834090593354837,26.62408735013537
Random8
Raw:-13.215143326615056,41.246792431785316,28.70872234783445,20.008641832943773,31.64313749871232,30.122819408087857,28.958688317121627,30.91372813950811,29.834090593354837,26.62408735013537
EFT:-13.215143326615056,41.246792431785316,28.70872234783445,20.008641832943773,31.643137498712317,30.122819408087857,28.958688317121627,30.91372813950811,29.834090593354837,26.62408735013537
Random9
Raw:-13.215143326615056,41.246792431785316,28.70872234783445,20.008641832943773,31.64313749871232,30.122819408087857,28.958688317121627,30.91372813950811,29.834090593354837,26.62408735013537
EFT:-13.215143326615056,41.246792431785316,28.70872234783445,20.008641832943773,31.643137498712317,30.122819408087857,28.958688317121627,30.91372813950811,29.834090593354837,26.62408735013537
Random10
Raw:-13.215143326615056,41.246792431785316,28.70872234783445,20.008641832943773,31.64313749871232,30.122819408087857,28.958688317121627,30.91372813950811,29.834090593354837,26.62408735013537
EFT:-13.215143326615056,41.246792431785316,28.70872234783445,20.008641832943773,31.643137498712317,30.122819408087857,28.958688317121627,30.91372813950811,29.834090593354837,26.62408735013537
Random11
Raw:-13.215143326615056,41.246792431785316,28.70872234783445,20.008641832943773,31.64313749871232,30.122819408087857,28.958688317121627,30.91372813950811,29.834090593354837,26.62408735013537
EFT:-13.215143326615056,41.246792431785316,28.70872234783445,20.008641832943773,31.643137498712317,30.122819408087857,28.958688317121627,30.91372813950811,29.834090593354837,26.62408735013537
Random12
Raw:-13.215143326615056,41.246792431785316,28.70872234783445,20.008641832943773,31.64313749871232,30.122819408087857,28.958688317121627,30.91372813950811,29.834090593354837,26.62408735013537
EFT:-13.215143326615056,41.246792431785316,28.70872234783445,20.008641832943773,31.643137498712317,30.122819408087857,28.958688317121627,30.91372813950811,29.834090593354837,26.62408735013537
Random13
Raw:-13.215143326615056,41.246792431785316,28.70872234783445,20.008641832943773,31.64313749871232,30.122819408087857,28.958688317121627,30.91372813950811,29.834090593354837,26.62408735013537
EFT:-13.215143326615056,41.246792431785316,28.70872234783445,20.008641832943773,31.643137498712317,30.122819408087857,28.958688317121627,30.91372813950811,29.834090593354837,26.62408735013537
Random14
Raw:-13.215143326615056,41.246792431785316,28.70872234783445,20.008641832943773,31.64313749871232,30.122819408087857,28.958688317121627,30.91372813950811,29.834090593354837,26.62408735013537
EFT:-13.215143326615056,41.246792431785316,28.70872234783445,20.008641832943773,31.643137498712317,30.122819408087857,28.958688317121627,30.91372813950811,29.834090593354837,26.62408735013537
Random15
Raw:-13.215143326615056,41.246792431785316,28.70872234783445,20.008641832943773,31.64313749871232,30.122819408087857,28.958688317121627,30.91372813950811,29.834090593354837,26.62408735013537
EFT:-13.215143326615056,41.246792431785316,28.70872234783445,20.008641832943773,31.643137498712317,30.122819408087857,28.958688317121627,30.91372813950811,29.834090593354837,26.62408735013537
Random16
Raw:-13.215143326615056,41.246792431785316,28.70872234783445,20.008641832943773,31.64313749871232,30.122819408087857,28.958688317121627,30.91372813950811,29.834090593354837,26.62408735013537
EFT:-13.215143326615056,41.246792431785316,28.70872234783445,20.008641832943773,31.643137498712317,30.122819408087857,28.958688317121627,30.91372813950811,29.834090593354837,26.62408735013537
Random17
Raw:-13.215143326615056,41.246792431785316,28.70872234783445,20.008641832943773,31.64313749871232,30.122819408087857,28.958688317121627,30.91372813950811,29.834090593354837,26.62408735013537
EFT:-13.215143326615056,41.246792431785316,28.70872234783445,20.008641832943773,31.643137498712317,30.122819408087857,28.958688317121627,30.91372813950811,29.834090593354837,26.62408735013537
Random18
Raw:-13.215143326615056,41.246792431785316,28.70872234783445,20.008641832943773,31.64313749871232,30.122819408087857,28.958688317121627,30.91372813950811,29.834090593354837,26.62408735013537
EFT:-13.215143326615056,41.246792431785316,28.70872234783445,20.008641832943773,31.643137498712317,30.122819408087857,28.958688317121627,30.91372813950811,29.834090593354837,26.62408735013537
Random19
Raw:-13.215143326615056,41.246792431785316,28.70872234783445,20.008641832943773,31.64313749871232,30.122819408087857,28.958688317121627,30.91372813950811,29.834090593354837,26.62408735013537
EFT:-13.215143326615056,41.246792431785316,28.70872234783445,20.008641832943773,31.643137498712317,30.122819408087857,28.958688317121627,30.91372813950811,29.834090593354837,26.62408735013537
Random20
Raw:-13.215143326615056,41.246792431785316,28.70872234783445,20.008641832943773,31.64313749871232,30.122819408087857,28.958688317121627,30.91372813950811,29.834090593354837,26.62408735013537
EFT:-13.215143326615056,41.246792431785316,28.70872234783445,20.008641832943773,31.643137498712317,30.122819408087857,28.958688317121627,30.91372813950811,29.834090593354837,26.62408735013537
Random21
Raw:-13.215143326615056,41.246792431785316,28.70872234783445,20.008641832943773,31.64313749871232,30.122819408087857,28.958688317121627,30.91372813950811,29.834090593354837,26.62408735013537
EFT:-13.215143326615056,41.246792431785316,28.70872234783445,20.008641832943773,31.643137498712317,30.122819408087857,28.958688317121627,30.91372813950811,29.834090593354837,26.62408735013537
Random22
Raw:-13.215143326615056,41.246792431785316,28.70872234783445,20.008641832943773,31.64313749871232,30.122819408087857,28.958688317121627,30.91372813950811,29.834090593354837,26.62408735013537
EFT:-13.215143326615056,41.246792431785316,28.70872234783445,20.008641832943773,31.643137498712317,30.122819408087857,28.958688317121627,30.91372813950811,29.834090593354837,26.62408735013537
Random23
Raw:-13.215143326615056,41.246792431785316,28.70872234783445,20.008641832943773,31.64313749871232,30.122819408087857,28.958688317121627,30.91372813950811,29.834090593354837,26.62408735013537
EFT:-13.215143326615056,41.246792431785316,28.70872234783445,20.008641832943773,31.643137498712317,30.122819408087857,28.958688317121627,30.91372813950811,29.834090593354837,26.62408735013537
Random24
Raw:-13.215143326615056,41.246792431785316,28.70872234783445,20.008641832943773,31.64313749871232,30.122819408087857,28.958688317121627,30.91372813950811,29.834090593354837,26.62408735013537
EFT:-13.215143326615056,41.246792431785316,28.70872234783445,20.008641832943773,31.643137498712317,30.122819408087857,28.958688317121627,30.91372813950811,29.834090593354837,26.62408735013537
Random25
Raw:-13.215143326615056,41.246792431785316,28.70872234783445,20.008641832943773,31.64313749871232,30.122819408087857,28.958688317121627,30.91372813950811,29.834090593354837,26.62408735013537
EFT:-13.215143326615056,41.246792431785316,28.70872234783445,20.008641832943773,31.643137498712317,30.122819408087857,28.958688317121627,30.91372813950811,29.834090593354837,26.62408735013537
Random26
Raw:-13.215143326615056,41.246792431785316,28.70872234783445,20.008641832943773,31.64313749871232,30.122819408087857,28.958688317121627,30.91372813950811,29.834090593354837,26.62408735013537
EFT:-13.215143326615056,41.246792431785316,28.70872234783445,20.008641832943773,31.643137498712317,30.122819408087857,28.958688317121627,30.91372813950811,29.834090593354837,26.62408735013537
Random27
Raw:-13.215143326615056,41.246792431785316,28.70872234783445,20.008641832943773,31.64313749871232,30.122819408087857,28.958688317121627,30.91372813950811,29.834090593354837,26.62408735013537
EFT:-13.215143326615056,41.246792431785316,28.70872234783445,20.008641832943773,31.643137498712317,30.122819408087857,28.958688317121627,30.91372813950811,29.834090593354837,26.62408735013537
Random28
Raw:-13.215143326615056,41.246792431785316,28.70872234783445,20.008641832943773,31.64313749871232,30.122819408087857,28.958688317121627,30.91372813950811,29.834090593354837,26.62408735013537
EFT:-13.215143326615056,41.246792431785316,28.70872234783445,20.008641832943773,31.643137498712317,30.122819408087857,28.958688317121627,30.91372813950811,29.834090593354837,26.62408735013537
Random29
Raw:-13.215143326615056,41.246792431785316,28.70872234783445,20.008641832943773,31.64313749871232,30.122819408087857,28.958688317121627,30.91372813950811,29.834090593354837,26.62408735013537
EFT:-13.215143326615056,41.246792431785316,28.70872234783445,20.008641832943773,31.643137498712317,30.122819408087857,28.958688317121627,30.91372813950811,29.834090593354837,26.62408735013537
Random30
Raw:-13.215143326615056,41.246792431785316,28.70872234783445,20.008641832943773,31.64313749871232,30.122819408087857,28.958688317121627,30.91372813950811,29.834090593354837,26.62408735013537
EFT:-13.215143326615056,41.246792431785316,28.70872234783445,20.008641832943773,31.643137498712317,30.122819408087857,28.958688317121627,30.91372813950811,29.834090593354837,26.62408735013537
Random31
Raw:-13.215143326615056,41.246792431785316,28.70872234783445,20.008641832943773,31.64313749871232,30.122819408087857,28.958688317121627,30.91372813950811,29.834090593354837,26.62408735013537
EFT:-13.215143326615056,41.246792431785316,28.70872234783445,20.008641832943773,31.643137498712317,30.122819408087857,28.958688317121627,30.91372813950811,29.834090593354837,26.62408735013537
Random32
Raw:-13.215143326615056,41.246792431785316,28.70872234783445,20.008641832943773,31.64313749871232,30.122819408087857,28.958688317121627,30.91372813950811,29.834090593354837,26.62408735013537
EFT:-13.215143326615056,41.246792431785316,28.70872234783445,20.008641832943773,31.643137498712317,30.122819408087857,28.958688317121627,30.91372813950811,29.834090593354837,26.62408735013537
Random33
Raw:-13.215143326615056,41.246792431785316,28.70872234783445,20.008641832943773,31.64313749871232,30.122819408087857,28.958688317121627,30.91372813950811,29.834090593354837,26.62408735013537
EFT:-13.215143326615056,41.246792431785316,28.70872234783445,20.008641832943773,31.643137498712317,30.122819408087857,28.958688317121627,30.91372813950811,29.834090593354837,26.62408735013537
Random34
Raw:-13.215143326615056,41.246792431785316,28.70872234783445,20.008641832943773,31.64313749871232,30.122819408087857,28.958688317121627,30.91372813950811,29.834090593354837,26.62408735013537
EFT:-13.215143326615056,41.246792431785316,28.70872234783445,20.008641832943773,31.643137498712317,30.122819408087857,28.958688317121627,30.91372813950811,29.834090593354837,26.62408735013537
Random35
Raw:-13.215143326615056,41.246792431785316,28.70872234783445,20.008641832943773,31.64313749871232,30.122819408087857,28.958688317121627,30.91372813950811,29.834090593354837,26.62408735013537
EFT:-13.215143326615056,41.246792431785316,28.70872234783445,20.008641832943773,31.643137498712317,30.122819408087857,28.958688317121627,30.91372813950811,29.834090593354837,26.62408735013537
Random36
Raw:-13.215143326615056,41.246792431785316,28.70872234783445,20.008641832943773,31.64313749871232,30.122819408087857,28.958688317121627,30.91372813950811,29.834090593354837,26.62408735013537
EFT:-13.215143326615056,41.246792431785316,28.70872234783445,20.008641832943773,31.643137498712317,30.122819408087857,28.958688317121627,30.91372813950811,29.834090593354837,26.62408735013537
Random37
Raw:-13.215143326615056,41.246792431785316,28.70872234783445,20.008641832943773,31.64313749871232,30.122819408087857,28.958688317121627,30.91372813950811,29.834090593354837,26.62408735013537
EFT:-13.215143326615056,41.246792431785316,28.70872234783445,20.008641832943773,31.643137498712317,30.122819408087857,28.958688317121627,30.91372813950811,29.834090593354837,26.62408735013537
Random38
Raw:-13.215143326615056,41.246792431785316,28.70872234783445,20.008641832943773,31.64313749871232,30.122819408087857,28.958688317121627,30.91372813950811,29.834090593354837,26.62408735013537
EFT:-13.215143326615056,41.246792431785316,28.70872234783445,20.008641832943773,31.643137498712317,30.122819408087857,28.958688317121627,30.91372813950811,29.834090593354837,26.62408735013537
Random39
Raw:-13.215143326615056,41.246792431785316,28.70872234783445,20.008641832943773,31.64313749871232,30.122819408087857,28.958688317121627,30.91372813950811,29.834090593354837,26.62408735013537
EFT:-13.215143326615056,41.246792431785316,28.70872234783445,20.008641832943773,31.643137498712317,30.122819408087857,28.958688317121627,30.91372813950811,29.834090593354837,26.62408735013537
Random40
Raw:-13.215143326615056,41.246792431785316,28.70872234783445,20.008641832943773,31.64313749871232,30.122819408087857,28.958688317121627,30.91372813950811,29.834090593354837,26.62408735013537
EFT:-13.215143326615056,41.246792431785316,28.70872234783445,20.008641832943773,31.643137498712317,30.122819408087857,28.958688317121627,30.91372813950811,29.834090593354837,26.62408735013537
Random41
Raw:-13.215143326615056,41.246792431785316,28.70872234783445,20.008641832943773,31.64313749871232,30.122819408087857,28.958688317121627,30.91372813950811,29.834090593354837,26.62408735013537
EFT:-13.215143326615056,41.246792431785316,28.70872234783445,20.008641832943773,31.643137498712317,30.122819408087857,28.958688317121627,30.91372813950811,29.834090593354837,26.62408735013537
Random42
Raw:-13.215143326615056,41.246792431785316,28.70872234783445,20.008641832943773,31.64313749871232,30.122819408087857,28.958688317121627,30.91372813950811,29.834090593354837,26.62408735013537
EFT:-13.215143326615056,41.246792431785316,28.70872234783445,20.008641832943773,31.643137498712317,30.122819408087857,28.958688317121627,30.91372813950811,29.834090593354837,26.62408735013537
Random43
Raw:-13.215143326615056,41.246792431785316,28.70872234783445,20.008641832943773,31.64313749871232,30.122819408087857,28.958688317121627,30.91372813950811,29.834090593354837,26.62408735013537
EFT:-13.215143326615056,41.246792431785316,28.70872234783445,20.008641832943773,31.643137498712317,30.122819408087857,28.958688317121627,30.91372813950811,29.834090593354837,26.62408735013537
Random44
Raw:-13.215143326615056,41.246792431785316,28.70872234783445,20.008641832943773,31.64313749871232,30.122819408087857,28.958688317121627,30.91372813950811,29.834090593354837,26.62408735013537
EFT:-13.215143326615056,41.246792431785316,28.70872234783445,20.008641832943773,31.643137498712317,30.122819408087857,28.958688317121627,30.91372813950811,29.834090593354837,26.62408735013537
Random45
Raw:-13.215143326615056,41.246792431785316,28.70872234783445,20.008641832943773,31.64313749871232,30.122819408087857,28.958688317121627,30.91372813950811,29.834090593354837,26.62408735013537
EFT:-13.215143326615056,41.246792431785316,28.70872234783445,20.008641832943773,31.643137498712317,30.122819408087857,28.958688317121627,30.91372813950811,29.834090593354837,26.62408735013537
Random46
Raw:-13.215143326615056,41.246792431785316,28.70872234783445,20.008641832943773,31.64313749871232,30.122819408087857,28.958688317121627,30.91372813950811,29.834090593354837,26.62408735013537
EFT:-13.215143326615056,41.246792431785316,28.70872234783445,20.008641832943773,31.643137498712317,30.122819408087857,28.958688317121627,30.91372813950811,29.834090593354837,26.62408735013537
Random47
Raw:-13.215143326615056,41.246792431785316,28.70872234783445,20.008641832943773,31.64313749871232,30.122819408087857,28.958688317121627,30.91372813950811,29.834090593354837,26.62408735013537
EFT:-13.215143326615056,41.246792431785316,28.70872234783445,20.008641832943773,31.643137498712317,30.122819408087857,28.958688317121627,30.91372813950811,29.834090593354837,26.62408735013537
Random48
Raw:-13.215143326615056,41.246792431785316,28.70872234783445,20.008641832943773,31.64313749871232,30.122819408087857,28.958688317121627,30.91372813950811,29.834090593354837,26.62408735013537
EFT:-13.215143326615056,41.246792431785316,28.70872234783445,20.008641832943773,31.643137498712317,30.122819408087857,28.958688317121627,30.91372813950811,29.834090593354837,26.62408735013537
Random49
Raw:-13.215143326615056,41.246792431785316,28.70872234783445,20.008641832943773,31.64313749871232,30.122819408087857,28.958688317121627,30.91372813950811,29.834090593354837,26.62408735013537
EFT:-13.215143326615056,41.246792431785316,28.70872234783445,20.008641832943773,31.643137498712317,30.122819408087857,28.958688317121627,30.91372813950811,29.834090593354837,26.62408735013537
Random50
Raw:-13.215143326615056,41.246792431785316,28.70872234783445,20.008641832943773,31.64313749871232,30.122819408087857,28.958688317121627,30.91372813950811,29.834090593354837,26.62408735013537
EFT:-13.215143326615056,41.246792431785316,28.70872234783445,20.008641832943773,31.643137498712317,30.122819408087857,28.958688317121627,30.91372813950811,29.834090593354837,26.62408735013537
Random51
Raw:-13.215143326615056,41.246792431785316,28.70872234783445,20.008641832943773,31.64313749871232,30.122819408087857,28.958688317121627,30.91372813950811,29.834090593354837,26.62408735013537
EFT:-13.215143326615056,41.246792431785316,28.70872234783445,20.008641832943773,31.643137498712317,30.122819408087857,28.958688317121627,30.91372813950811,29.834090593354837,26.62408735013537
Random52
Raw:-13.215143326615056,41.246792431785316,28.70872234783445,20.008641832943773,31.64313749871232,30.122819408087857,28.958688317121627,30.91372813950811,29.834090593354837,26.62408735013537
EFT:-13.215143326615056,41.246792431785316,28.70872234783445,20.008641832943773,31.643137498712317,30.122819408087857,28.958688317121627,30.91372813950811,29.834090593354837,26.62408735013537
Random53
Raw:-13.215143326615056,41.246792431785316,28.70872234783445,20.008641832943773,31.64313749871232,30.122819408087857,28.958688317121627,30.91372813950811,29.834090593354837,26.62408735013537
EFT:-13.215143326615056,41.246792431785316,28.70872234783445,20.008641832943773,31.643137498712317,30.122819408087857,28.958688317121627,30.91372813950811,29.834090593354837,26.62408735013537
Random54
Raw:-13.215143326615056,41.246792431785316,28.70872234783445,20.008641832943773,31.64313749871232,30.122819408087857,28.958688317121627,30.91372813950811,29.834090593354837,26.62408735013537
EFT:-13.215143326615056,41.246792431785316,28.70872234783445,20.008641832943773,31.643137498712317,30.122819408087857,28.958688317121627,30.91372813950811,29.834090593354837,26.62408735013537
Random55
Raw:-13.215143326615056,41.246792431785316,28.70872234783445,20.008641832943773,31.64313749871232,30.122819408087857,28.958688317121627,30.91372813950811,29.834090593354837,26.62408735013537
EFT:-13.215143326615056,41.246792431785316,28.70872234783445,20.008641832943773,31.643137498712317,30.122819408087857,28.958688317121627,30.91372813950811,29.834090593354837,26.62408735013537
Random56
Raw:-13.215143326615056,41.246792431785316,28.70872234783445,20.008641832943773,31.64313749871232,30.122819408087857,28.958688317121627,30.91372813950811,29.834090593354837,26.62408735013537
EFT:-13.215143326615056,41.246792431785316,28.70872234783445,20.008641832943773,31.643137498712317,30.122819408087857,28.958688317121627,30.91372813950811,29.834090593354837,26.62408735013537
Random57
Raw:-13.215143326615056,41.246792431785316,28.70872234783445,20.008641832943773,31.64313749871232,30.122819408087857,28.958688317121627,30.91372813950811,29.834090593354837,26.62408735013537
EFT:-13.215143326615056,41.246792431785316,28.70872234783445,20.008641832943773,31.643137498712317,30.122819408087857,28.958688317121627,30.91372813950811,29.834090593354837,26.62408735013537
Random58
Raw:-13.215143326615056,41.246792431785316,28.70872234783445,20.008641832943773,31.64313749871232,30.122819408087857,28.958688317121627,30.91372813950811,29.834090593354837,26.62408735013537
EFT:-13.215143326615056,41.246792431785316,28.70872234783445,20.008641832943773,31.643137498712317,30.122819408087857,28.958688317121627,30.91372813950811,29.834090593354837,26.62408735013537
Random59
Raw:-13.215143326615056,41.246792431785316,28.70872234783445,20.008641832943773,31.64313749871232,30.122819408087857,28.958688317121627,30.91372813950811,29.834090593354837,26.62408735013537
EFT:-13.215143326615056,41.246792431785316,28.70872234783445,20.008641832943773,31.643137498712317,30.122819408087857,28.958688317121627,30.91372813950811,29.834090593354837,26.62408735013537
Random60
Raw:-13.215143326615056,41.246792431785316,28.70872234783445,20.008641832943773,31.64313749871232,30.122819408087857,28.958688317121627,30.91372813950811,29.834090593354837,26.62408735013537
EFT:-13.215143326615056,41.246792431785316,28.70872234783445,20.008641832943773,31.643137498712317,30.122819408087857,28.958688317121627,30.91372813950811,29.834090593354837,26.62408735013537
Random61
Raw:-13.215143326615056,41.246792431785316,28.70872234783445,20.008641832943773,31.64313749871232,30.122819408087857,28.958688317121627,30.91372813950811,29.834090593354837,26.62408735013537
EFT:-13.215143326615056,41.246792431785316,28.70872234783445,20.008641832943773,31.643137498712317,30.122819408087857,28.958688317121627,30.91372813950811,29.834090593354837,26.62408735013537
Random62
Raw:-13.215143326615056,41.246792431785316,28.70872234783445,20.008641832943773,31.64313749871232,30.122819408087857,28.958688317121627,30.91372813950811,29.834090593354837,26.62408735013537
EFT:-13.215143326615056,41.246792431785316,28.70872234783445,20.008641832943773,31.643137498712317,30.122819408087857,28.958688317121627,30.91372813950811,29.834090593354837,26.62408735013537
Random63
Raw:-13.215143326615056,41.246792431785316,28.70872234783445,20.008641832943773,31.64313749871232,30.122819408087857,28.958688317121627,30.91372813950811,29.834090593354837,26.62408735013537
EFT:-13.215143326615056,41.246792431785316,28.70872234783445,20.008641832943773,31.643137498712317,30.122819408087857,28.958688317121627,30.91372813950811,29.834090593354837,26.62408735013537
Random64
Raw:-13.215143326615056,41.246792431785316,28.70872234783445,20.008641832943773,31.64313749871232,30.122819408087857,28.958688317121627,30.91372813950811,29.834090593354837,26.62408735013537
EFT:-13.215143326615056,41.246792431785316,28.70872234783445,20.008641832943773,31.643137498712317,30.122819408087857,28.958688317121627,30.91372813950811,29.834090593354837,26.62408735013537
Random65
Raw:-13.215143326615056,41.246792431785316,28.70872234783445,20.008641832943773,31.64313749871232,30.122819408087857,28.958688317121627,30.91372813950811,29.834090593354837,26.62408735013537
EFT:-13.215143326615056,41.246792431785316,28.70872234783445,20.008641832943773,31.643137498712317,30.122819408087857,28.958688317121627,30.91372813950811,29.834090593354837,26.62408735013537
Random66
Raw:-13.215143326615056,41.246792431785316,28.70872234783445,20.008641832943773,31.64313749871232,30.122819408087857,28.958688317121627,30.91372813950811,29.834090593354837,26.62408735013537
EFT:-13.215143326615056,41.246792431785316,28.70872234783445,20.008641832943773,31.643137498712317,30.122819408087857,28.958688317121627,30.91372813950811,29.834090593354837,26.62408735013537
Random67
Raw:-13.215143326615056,41.246792431785316,28.70872234783445,20.008641832943773,31.64313749871232,30.122819408087857,28.958688317121627,30.91372813950811,29.834090593354837,26.62408735013537
EFT:-13.215143326615056,41.246792431785316,28.70872234783445,20.008641832943773,31.643137498712317,30.122819408087857,28.958688317121627,30.91372813950811,29.834090593354837,26.62408735013537
Random68
Raw:-13.215143326615056,41.246792431785316,28.70872234783445,20.008641832943773,31.64313749871232,30.122819408087857,28.958688317121627,30.91372813950811,29.834090593354837,26.62408735013537
EFT:-13.215143326615056,41.246792431785316,28.70872234783445,20.008641832943773,31.643137498712317,30.122819408087857,28.958688317121627,30.91372813950811,29.834090593354837,26.62408735013537
Random69
Raw:-13.215143326615056,41.246792431785316,28.70872234783445,20.008641832943773,31.64313749871232,30.122819408087857,28.958688317121627,30.91372813950811,29.834090593354837,26.62408735013537
EFT:-13.215143326615056,41.246792431785316,28.70872234783445,20.008641832943773,31.643137498712317,30.122819408087857,28.958688317121627,30.91372813950811,29.834090593354837,26.62408735013537
Random70
Raw:-13.215143326615056,41.246792431785316,28.70872234783445,20.008641832943773,31.64313749871232,30.122819408087857,28.958688317121627,30.91372813950811,29.834090593354837,26.62408735013537
EFT:-13.215143326615056,41.246792431785316,28.70872234783445,20.008641832943773,31.643137498712317,30.122819408087857,28.958688317121627,30.91372813950811,29.834090593354837,26.62408735013537
Random71
Raw:-13.215143326615056,41.246792431785316,28.70872234783445,20.008641832943773,31.64313749871232,30.122819408087857,28.958688317121627,30.91372813950811,29.834090593354837,26.62408735013537
EFT:-13.215143326615056,41.246792431785316,28.70872234783445,20.008641832943773,31.643137498712317,30.122819408087857,28.958688317121627,30.91372813950811,29.834090593354837,26.62408735013537
Random72
Raw:-13.215143326615056,41.246792431785316,28.70872234783445,20.008641832943773,31.64313749871232,30.122819408087857,28.958688317121627,30.91372813950811,29.834090593354837,26.62408735013537
EFT:-13.215143326615056,41.246792431785316,28.70872234783445,20.008641832943773,31.643137498712317,30.122819408087857,28.958688317121627,30.91372813950811,29.834090593354837,26.62408735013537
Random73
Raw:-13.215143326615056,41.246792431785316,28.70872234783445,20.008641832943773,31.64313749871232,30.122819408087857,28.958688317121627,30.91372813950811,29.834090593354837,26.62408735013537
EFT:-13.215143326615056,41.246792431785316,28.70872234783445,20.008641832943773,31.643137498712317,30.122819408087857,28.958688317121627,30.91372813950811,29.834090593354837,26.62408735013537
Random74
Raw:-13.215143326615056,41.246792431785316,28.70872234783445,20.008641832943773,31.64313749871232,30.122819408087857,28.958688317121627,30.91372813950811,29.834090593354837,26.62408735013537
EFT:-13.215143326615056,41.246792431785316,28.70872234783445,20.008641832943773,31.643137498712317,30.122819408087857,28.958688317121627,30.91372813950811,29.834090593354837,26.62408735013537
Random75
Raw:-13.215143326615056,41.246792431785316,28.70872234783445,20.008641832943773,31.64313749871232,30.122819408087857,28.958688317121627,30.91372813950811,29.834090593354837,26.62408735013537
EFT:-13.215143326615056,41.246792431785316,28.70872234783445,20.008641832943773,31.643137498712317,30.122819408087857,28.958688317121627,30.91372813950811,29.834090593354837,26.62408735013537
Random76
Raw:-13.215143326615056,41.246792431785316,28.70872234783445,20.008641832943773,31.64313749871232,30.122819408087857,28.958688317121627,30.91372813950811,29.834090593354837,26.62408735013537
EFT:-13.215143326615056,41.246792431785316,28.70872234783445,20.008641832943773,31.643137498712317,30.122819408087857,28.958688317121627,30.91372813950811,29.834090593354837,26.62408735013537
Random77
Raw:-13.215143326615056,41.246792431785316,28.70872234783445,20.008641832943773,31.64313749871232,30.122819408087857,28.958688317121627,30.91372813950811,29.834090593354837,26.62408735013537
EFT:-13.215143326615056,41.246792431785316,28.70872234783445,20.008641832943773,31.643137498712317,30.122819408087857,28.958688317121627,30.91372813950811,29.834090593354837,26.62408735013537
Random78
Raw:-13.215143326615056,41.246792431785316,28.70872234783445,20.008641832943773,31.64313749871232,30.122819408087857,28.958688317121627,30.91372813950811,29.834090593354837,26.62408735013537
EFT:-13.215143326615056,41.246792431785316,28.70872234783445,20.008641832943773,31.643137498712317,30.122819408087857,28.958688317121627,30.91372813950811,29.834090593354837,26.62408735013537
Random79
Raw:-13.215143326615056,41.246792431785316,28.70872234783445,20.008641832943773,31.64313749871232,30.122819408087857,28.958688317121627,30.91372813950811,29.834090593354837,26.62408735013537
EFT:-13.215143326615056,41.246792431785316,28.70872234783445,20.008641832943773,31.643137498712317,30.122819408087857,28.958688317121627,30.91372813950811,29.834090593354837,26.62408735013537
Random80
Raw:-13.215143326615056,41.246792431785316,28.70872234783445,20.008641832943773,31.64313749871232,30.122819408087857,28.958688317121627,30.91372813950811,29.834090593354837,26.62408735013537
EFT:-13.215143326615056,41.246792431785316,28.70872234783445,20.008641832943773,31.643137498712317,30.122819408087857,28.958688317121627,30.91372813950811,29.834090593354837,26.62408735013537
Random81
Raw:-13.215143326615056,41.246792431785316,28.70872234783445,20.008641832943773,31.64313749871232,30.122819408087857,28.958688317121627,30.91372813950811,29.834090593354837,26.62408735013537
EFT:-13.215143326615056,41.246792431785316,28.70872234783445,20.008641832943773,31.643137498712317,30.122819408087857,28.958688317121627,30.91372813950811,29.834090593354837,26.62408735013537
Random82
Raw:-13.215143326615056,41.246792431785316,28.70872234783445,20.008641832943773,31.64313749871232,30.122819408087857,28.958688317121627,30.91372813950811,29.834090593354837,26.62408735013537
EFT:-13.215143326615056,41.246792431785316,28.70872234783445,20.008641832943773,31.643137498712317,30.122819408087857,28.958688317121627,30.91372813950811,29.834090593354837,26.62408735013537
Random83
Raw:-13.215143326615056,41.246792431785316,28.70872234783445,20.008641832943773,31.64313749871232,30.122819408087857,28.958688317121627,30.91372813950811,29.834090593354837,26.62408735013537
EFT:-13.215143326615056,41.246792431785316,28.70872234783445,20.008641832943773,31.643137498712317,30.122819408087857,28.958688317121627,30.91372813950811,29.834090593354837,26.62408735013537
Random84
Raw:-13.215143326615056,41.246792431785316,28.70872234783445,20.008641832943773,31.64313749871232,30.122819408087857,28.958688317121627,30.91372813950811,29.834090593354837,26.62408735013537
EFT:-13.215143326615056,41.246792431785316,28.70872234783445,20.008641832943773,31.643137498712317,30.122819408087857,28.958688317121627,30.91372813950811,29.834090593354837,26.62408735013537
Random85
Raw:-13.215143326615056,41.246792431785316,28.70872234783445,20.008641832943773,31.64313749871232,30.122819408087857,28.958688317121627,30.91372813950811,29.834090593354837,26.62408735013537
EFT:-13.215143326615056,41.246792431785316,28.70872234783445,20.008641832943773,31.643137498712317,30.122819408087857,28.958688317121627,30.91372813950811,29.834090593354837,26.62408735013537
Random86
Raw:-13.215143326615056,41.246792431785316,28.70872234783445,20.008641832943773,31.64313749871232,30.122819408087857,28.958688317121627,30.91372813950811,29.834090593354837,26.62408735013537
EFT:-13.215143326615056,41.246792431785316,28.70872234783445,20.008641832943773,31.643137498712317,30.122819408087857,28.958688317121627,30.91372813950811,29.834090593354837,26.62408735013537
Random87
Raw:-13.215143326615056,41.246792431785316,28.70872234783445,20.008641832943773,31.64313749871232,30.122819408087857,28.958688317121627,30.91372813950811,29.834090593354837,26.62408735013537
EFT:-13.215143326615056,41.246792431785316,28.70872234783445,20.008641832943773,31.643137498712317,30.122819408087857,28.958688317121627,30.91372813950811,29.834090593354837,26.62408735013537
Random88
Raw:-13.215143326615056,41.246792431785316,28.70872234783445,20.008641832943773,31.64313749871232,30.122819408087857,28.958688317121627,30.91372813950811,29.834090593354837,26.62408735013537
EFT:-13.215143326615056,41.246792431785316,28.70872234783445,20.008641832943773,31.643137498712317,30.122819408087857,28.958688317121627,30.91372813950811,29.834090593354837,26.62408735013537
Random89
Raw:-13.215143326615056,41.246792431785316,28.70872234783445,20.008641832943773,31.64313749871232,30.122819408087857,28.958688317121627,30.91372813950811,29.834090593354837,26.62408735013537
EFT:-13.215143326615056,41.246792431785316,28.70872234783445,20.008641832943773,31.643137498712317,30.122819408087857,28.958688317121627,30.91372813950811,29.834090593354837,26.62408735013537
Random90
Raw:-13.215143326615056,41.246792431785316,28.70872234783445,20.008641832943773,31.64313749871232,30.122819408087857,28.958688317121627,30.91372813950811,29.834090593354837,26.62408735013537
EFT:-13.215143326615056,41.246792431785316,28.70872234783445,20.008641832943773,31.643137498712317,30.122819408087857,28.958688317121627,30.91372813950811,29.834090593354837,26.62408735013537
Random91
Raw:-13.215143326615056,41.246792431785316,28.70872234783445,20.008641832943773,31.64313749871232,30.122819408087857,28.958688317121627,30.91372813950811,29.834090593354837,26.62408735013537
EFT:-13.215143326615056,41.246792431785316,28.70872234783445,20.008641832943773,31.643137498712317,30.122819408087857,28.958688317121627,30.91372813950811,29.834090593354837,26.62408735013537
Random92
Raw:-13.215143326615056,41.246792431785316,28.70872234783445,20.008641832943773,31.64313749871232,30.122819408087857,28.958688317121627,30.91372813950811,29.834090593354837,26.62408735013537
EFT:-13.215143326615056,41.246792431785316,28.70872234783445,20.008641832943773,31.643137498712317,30.122819408087857,28.958688317121627,30.91372813950811,29.834090593354837,26.62408735013537
Random93
Raw:-13.215143326615056,41.246792431785316,28.70872234783445,20.008641832943773,31.64313749871232,30.122819408087857,28.958688317121627,30.91372813950811,29.834090593354837,26.62408735013537
EFT:-13.215143326615056,41.246792431785316,28.70872234783445,20.008641832943773,31.643137498712317,30.122819408087857,28.958688317121627,30.91372813950811,29.834090593354837,26.62408735013537
Random94
Raw:-13.215143326615056,41.246792431785316,28.70872234783445,20.008641832943773,31.64313749871232,30.122819408087857,28.958688317121627,30.91372813950811,29.834090593354837,26.62408735013537
EFT:-13.215143326615056,41.246792431785316,28.70872234783445,20.008641832943773,31.643137498712317,30.122819408087857,28.958688317121627,30.91372813950811,29.834090593354837,26.62408735013537
Random95
Raw:-13.215143326615056,41.246792431785316,28.70872234783445,20.008641832943773,31.64313749871232,30.122819408087857,28.958688317121627,30.91372813950811,29.834090593354837,26.62408735013537
EFT:-13.215143326615056,41.246792431785316,28.70872234783445,20.008641832943773,31.643137498712317,30.122819408087857,28.958688317121627,30.91372813950811,29.834090593354837,26.62408735013537
Random96
Raw:-13.215143326615056,41.246792431785316,28.70872234783445,20.008641832943773,31.64313749871232,30.122819408087857,28.958688317121627,30.91372813950811,29.834090593354837,26.62408735013537
EFT:-13.215143326615056,41.246792431785316,28.70872234783445,20.008641832943773,31.643137498712317,30.122819408087857,28.958688317121627,30.91372813950811,29.834090593354837,26.62408735013537
Random97
Raw:-13.215143326615056,41.246792431785316,28.70872234783445,20.008641832943773,31.64313749871232,30.122819408087857,28.958688317121627,30.91372813950811,29.834090593354837,26.62408735013537
EFT:-13.215143326615056,41.246792431785316,28.70872234783445,20.008641832943773,31.643137498712317,30.122819408087857,28.958688317121627,30.91372813950811,29.834090593354837,26.62408735013537
Random98
Raw:-13.215143326615056,41.246792431785316,28.70872234783445,20.008641832943773,31.64313749871232,30.122819408087857,28.958688317121627,30.91372813950811,29.834090593354837,26.62408735013537
EFT:-13.215143326615056,41.246792431785316,28.70872234783445,20.008641832943773,31.643137498712317,30.122819408087857,28.958688317121627,30.91372813950811,29.834090593354837,26.62408735013537
Random99
Raw:-13.215143326615056,41.246792431785316,28.70872234783445,20.008641832943773,31.64313749871232,30.122819408087857,28.958688317121627,30.91372813950811,29.834090593354837,26.62408735013537
EFT:-13.215143326615056,41.246792431785316,28.70872234783445,20.008641832943773,31.643137498712317,30.122819408087857,28.958688317121627,30.91372813950811,29.834090593354837,26.62408735013537
Random100
Raw:-13.215143326615056,41.246792431785316,28.70872234783445,20.008641832943773,31.64313749871232,30.122819408087857,28.958688317121627,30.91372813950811,29.834090593354837,26.62408735013537
EFT:-13.215143326615056,41.246792431785316,28.70872234783445,20.008641832943773,31.643137498712317,30.122819408087857,28.958688317121627,30.91372813950811,29.834090593354837,26.62408735013537
Random101
Raw:-13.215143326615056,41.246792431785316,28.70872234783445,20.008641832943773,31.64313749871232,30.122819408087857,28.958688317121627,30.91372813950811,29.834090593354837,26.62408735013537
EFT:-13.215143326615056,41.246792431785316,28.70872234783445,20.008641832943773,31.643137498712317,30.122819408087857,28.958688317121627,30.91372813950811,29.834090593354837,26.62408735013537
Random102
Raw:-13.215143326615056,41.246792431785316,28.70872234783445,20.008641832943773,31.64313749871232,30.122819408087857,28.958688317121627,30.91372813950811,29.834090593354837,26.62408735013537
EFT:-13.215143326615056,41.246792431785316,28.70872234783445,20.008641832943773,31.643137498712317,30.122819408087857,28.958688317121627,30.91372813950811,29.834090593354837,26.62408735013537
Random103
Raw:-13.215143326615056,41.246792431785316,28.70872234783445,20.008641832943773,31.64313749871232,30.122819408087857,28.958688317121627,30.91372813950811,29.834090593354837,26.62408735013537
EFT:-13.215143326615056,41.246792431785316,28.70872234783445,20.008641832943773,31.643137498712317,30.122819408087857,28.958688317121627,30.91372813950811,29.834090593354837,26.62408735013537
Random104
Raw:-13.215143326615056,41.246792431785316,28.70872234783445,20.008641832943773,31.64313749871232,30.122819408087857,28.958688317121627,30.91372813950811,29.834090593354837,26.62408735013537
EFT:-13.215143326615056,41.246792431785316,28.70872234783445,20.008641832943773,31.643137498712317,30.122819408087857,28.958688317121627,30.91372813950811,29.834090593354837,26.62408735013537
Random105
Raw:-13.215143326615056,41.246792431785316,28.70872234783445,20.008641832943773,31.64313749871232,30.122819408087857,28.958688317121627,30.91372813950811,29.834090593354837,26.62408735013537
EFT:-13.215143326615056,41.246792431785316,28.70872234783445,20.008641832943773,31.643137498712317,30.122819408087857,28.958688317121627,30.91372813950811,29.834090593354837,26.62408735013537
Random106
Raw:-13.215143326615056,41.246792431785316,28.70872234783445,20.008641832943773,31.64313749871232,30.122819408087857,28.958688317121627,30.91372813950811,29.834090593354837,26.62408735013537
EFT:-13.215143326615056,41.246792431785316,28.70872234783445,20.008641832943773,31.643137498712317,30.122819408087857,28.958688317121627,30.91372813950811,29.834090593354837,26.62408735013537
Random107
Raw:-13.215143326615056,41.246792431785316,28.70872234783445,20.008641832943773,31.64313749871232,30.122819408087857,28.958688317121627,30.91372813950811,29.834090593354837,26.62408735013537
EFT:-13.215143326615056,41.246792431785316,28.70872234783445,20.008641832943773,31.643137498712317,30.122819408087857,28.958688317121627,30.91372813950811,29.834090593354837,26.62408735013537
Random108
Raw:-13.215143326615056,41.246792431785316,28.70872234783445,20.008641832943773,31.64313749871232,30.122819408087857,28.958688317121627,30.91372813950811,29.834090593354837,26.62408735013537
EFT:-13.215143326615056,41.246792431785316,28.70872234783445,20.008641832943773,31.643137498712317,30.122819408087857,28.958688317121627,30.91372813950811,29.834090593354837,26.62408735013537
Random109
Raw:-13.215143326615056,41.246792431785316,28.70872234783445,20.008641832943773,31.64313749871232,30.122819408087857,28.958688317121627,30.91372813950811,29.834090593354837,26.62408735013537
EFT:-13.215143326615056,41.246792431785316,28.70872234783445,20.008641832943773,31.643137498712317,30.122819408087857,28.958688317121627,30.91372813950811,29.834090593354837,26.62408735013537
Random110
Raw:-13.215143326615056,41.246792431785316,28.70872234783445,20.008641832943773,31.64313749871232,30.122819408087857,28.958688317121627,30.91372813950811,29.834090593354837,26.62408735013537
EFT:-13.215143326615056,41.246792431785316,28.70872234783445,20.008641832943773,31.643137498712317,30.122819408087857,28.958688317121627,30.91372813950811,29.834090593354837,26.62408735013537
Random111
Raw:-13.215143326615056,41.246792431785316,28.70872234783445,20.008641832943773,31.64313749871232,30.122819408087857,28.958688317121627,30.91372813950811,29.834090593354837,26.62408735013537
EFT:-13.215143326615056,41.246792431785316,28.70872234783445,20.008641832943773,31.643137498712317,30.122819408087857,28.958688317121627,30.91372813950811,29.834090593354837,26.62408735013537
Random112
Raw:-13.215143326615056,41.246792431785316,28.70872234783445,20.008641832943773,31.64313749871232,30.122819408087857,28.958688317121627,30.91372813950811,29.834090593354837,26.62408735013537
EFT:-13.215143326615056,41.246792431785316,28.70872234783445,20.008641832943773,31.643137498712317,30.122819408087857,28.958688317121627,30.91372813950811,29.834090593354837,26.62408735013537
Random113
Raw:-13.215143326615056,41.246792431785316,28.70872234783445,20.008641832943773,31.64313749871232,30.122819408087857,28.958688317121627,30.91372813950811,29.834090593354837,26.62408735013537
EFT:-13.215143326615056,41.246792431785316,28.70872234783445,20.008641832943773,31.643137498712317,30.122819408087857,28.958688317121627,30.91372813950811,29.834090593354837,26.62408735013537
Random114
Raw:-13.215143326615056,41.246792431785316,28.70872234783445,20.008641832943773,31.64313749871232,30.122819408087857,28.958688317121627,30.91372813950811,29.834090593354837,26.62408735013537
EFT:-13.215143326615056,41.246792431785316,28.70872234783445,20.008641832943773,31.643137498712317,30.122819408087857,28.958688317121627,30.91372813950811,29.834090593354837,26.62408735013537
Random115
Raw:-13.215143326615056,41.246792431785316,28.70872234783445,20.008641832943773,31.64313749871232,30.122819408087857,28.958688317121627,30.91372813950811,29.834090593354837,26.62408735013537
EFT:-13.215143326615056,41.246792431785316,28.70872234783445,20.008641832943773,31.643137498712317,30.122819408087857,28.958688317121627,30.91372813950811,29.834090593354837,26.62408735013537
Random116
Raw:-13.215143326615056,41.246792431785316,28.70872234783445,20.008641832943773,31.64313749871232,30.122819408087857,28.958688317121627,30.91372813950811,29.834090593354837,26.62408735013537
EFT:-13.215143326615056,41.246792431785316,28.70872234783445,20.008641832943773,31.643137498712317,30.122819408087857,28.958688317121627,30.91372813950811,29.834090593354837,26.62408735013537
Random117
Raw:-13.215143326615056,41.246792431785316,28.70872234783445,20.008641832943773,31.64313749871232,30.122819408087857,28.958688317121627,30.91372813950811,29.834090593354837,26.62408735013537
EFT:-13.215143326615056,41.246792431785316,28.70872234783445,20.008641832943773,31.643137498712317,30.122819408087857,28.958688317121627,30.91372813950811,29.834090593354837,26.62408735013537
Random118
Raw:-13.215143326615056,41.246792431785316,28.70872234783445,20.008641832943773,31.64313749871232,30.122819408087857,28.958688317121627,30.91372813950811,29.834090593354837,26.62408735013537
EFT:-13.215143326615056,41.246792431785316,28.70872234783445,20.008641832943773,31.643137498712317,30.122819408087857,28.958688317121627,30.91372813950811,29.834090593354837,26.62408735013537
Random119
Raw:-13.215143326615056,41.246792431785316,28.70872234783445,20.008641832943773,31.64313749871232,30.122819408087857,28.958688317121627,30.91372813950811,29.834090593354837,26.62408735013537
EFT:-13.215143326615056,41.246792431785316,28.70872234783445,20.008641832943773,31.643137498712317,30.122819408087857,28.958688317121627,30.91372813950811,29.834090593354837,26.62408735013537
Random120
Raw:-13.215143326615056,41.246792431785316,28.70872234783445,20.008641832943773,31.64313749871232,30.122819408087857,28.958688317121627,30.91372813950811,29.834090593354837,26.62408735013537
EFT:-13.215143326615056,41.246792431785316,28.70872234783445,20.008641832943773,31.643137498712317,30.122819408087857,28.958688317121627,30.91372813950811,29.834090593354837,26.62408735013537
Random121
Raw:-13.215143326615056,41.246792431785316,28.70872234783445,20.008641832943773,31.64313749871232,30.122819408087857,28.958688317121627,30.91372813950811,29.834090593354837,26.62408735013537
EFT:-13.215143326615056,41.246792431785316,28.70872234783445,20.008641832943773,31.643137498712317,30.122819408087857,28.958688317121627,30.91372813950811,29.834090593354837,26.62408735013537
Random122
Raw:-13.215143326615056,41.246792431785316,28.70872234783445,20.008641832943773,31.64313749871232,30.122819408087857,28.958688317121627,30.91372813950811,29.834090593354837,26.62408735013537
EFT:-13.215143326615056,41.246792431785316,28.70872234783445,20.008641832943773,31.643137498712317,30.122819408087857,28.958688317121627,30.91372813950811,29.834090593354837,26.62408735013537
Random123
Raw:-13.215143326615056,41.246792431785316,28.70872234783445,20.008641832943773,31.64313749871232,30.122819408087857,28.958688317121627,30.91372813950811,29.834090593354837,26.62408735013537
EFT:-13.215143326615056,41.246792431785316,28.70872234783445,20.008641832943773,31.643137498712317,30.122819408087857,28.958688317121627,30.91372813950811,29.834090593354837,26.62408735013537
Random124
Raw:-13.215143326615056,41.246792431785316,28.70872234783445,20.008641832943773,31.64313749871232,30.122819408087857,28.958688317121627,30.91372813950811,29.834090593354837,26.62408735013537
EFT:-13.215143326615056,41.246792431785316,28.70872234783445,20.008641832943773,31.643137498712317,30.122819408087857,28.958688317121627,30.91372813950811,29.834090593354837,26.62408735013537
Random125
Raw:-13.215143326615056,41.246792431785316,28.70872234783445,20.008641832943773,31.64313749871232,30.122819408087857,28.958688317121627,30.91372813950811,29.834090593354837,26.62408735013537
EFT:-13.215143326615056,41.246792431785316,28.70872234783445,20.008641832943773,31.643137498712317,30.122819408087857,28.958688317121627,30.91372813950811,29.834090593354837,26.62408735013537
Random126
Raw:-13.215143326615056,41.246792431785316,28.70872234783445,20.008641832943773,31.64313749871232,30.122819408087857,28.958688317121627,30.91372813950811,29.834090593354837,26.62408735013537
EFT:-13.215143326615056,41.246792431785316,28.70872234783445,20.008641832943773,31.643137498712317,30.122819408087857,28.958688317121627,30.91372813950811,29.834090593354837,26.62408735013537
Random127
Raw:-13.215143326615056,41.246792431785316,28.70872234783445,20.008641832943773,31.64313749871232,30.122819408087857,28.958688317121627,30.91372813950811,29.834090593354837,26.62408735013537
EFT:-13.215143326615056,41.246792431785316,28.70872234783445,20.008641832943773,31.643137498712317,30.122819408087857,28.958688317121627,30.91372813950811,29.834090593354837,26.62408735013537
Random128
Raw:-13.215143326615056,41.246792431785316,28.70872234783445,20.008641832943773,31.64313749871232,30.122819408087857,28.958688317121627,30.91372813950811,29.834090593354837,26.62408735013537
EFT:-13.215143326615056,41.246792431785316,28.70872234783445,20.008641832943773,31.643137498712317,30.122819408087857,28.958688317121627,30.91372813950811,29.834090593354837,26.62408735013537
Random129
Raw:-13.215143326615056,41.246792431785316,28.70872234783445,20.008641832943773,31.64313749871232,30.122819408087857,28.958688317121627,30.91372813950811,29.834090593354837,26.62408735013537
EFT:-13.215143326615056,41.246792431785316,28.70872234783445,20.008641832943773,31.643137498712317,30.122819408087857,28.958688317121627,30.91372813950811,29.834090593354837,26.62408735013537
Random130
Raw:-13.215143326615056,41.246792431785316,28.70872234783445,20.008641832943773,31.64313749871232,30.122819408087857,28.958688317121627,30.91372813950811,29.834090593354837,26.62408735013537
EFT:-13.215143326615056,41.246792431785316,28.70872234783445,20.008641832943773,31.643137498712317,30.122819408087857,28.958688317121627,30.91372813950811,29.834090593354837,26.62408735013537
Random131
Raw:-13.215143326615056,41.246792431785316,28.70872234783445,20.008641832943773,31.64313749871232,30.122819408087857,28.958688317121627,30.91372813950811,29.834090593354837,26.62408735013537
EFT:-13.215143326615056,41.246792431785316,28.70872234783445,20.008641832943773,31.643137498712317,30.122819408087857,28.958688317121627,30.91372813950811,29.834090593354837,26.62408735013537
Random132
Raw:-13.215143326615056,41.246792431785316,28.70872234783445,20.008641832943773,31.64313749871232,30.122819408087857,28.958688317121627,30.91372813950811,29.834090593354837,26.62408735013537
EFT:-13.215143326615056,41.246792431785316,28.70872234783445,20.008641832943773,31.643137498712317,30.122819408087857,28.958688317121627,30.91372813950811,29.834090593354837,26.62408735013537
Random133
Raw:-13.215143326615056,41.246792431785316,28.70872234783445,20.008641832943773,31.64313749871232,30.122819408087857,28.958688317121627,30.91372813950811,29.834090593354837,26.62408735013537
EFT:-13.215143326615056,41.246792431785316,28.70872234783445,20.008641832943773,31.643137498712317,30.122819408087857,28.958688317121627,30.91372813950811,29.834090593354837,26.62408735013537
Random134
Raw:-13.215143326615056,41.246792431785316,28.70872234783445,20.008641832943773,31.64313749871232,30.122819408087857,28.958688317121627,30.91372813950811,29.834090593354837,26.62408735013537
EFT:-13.215143326615056,41.246792431785316,28.70872234783445,20.008641832943773,31.643137498712317,30.122819408087857,28.958688317121627,30.91372813950811,29.834090593354837,26.62408735013537
Random135
Raw:-13.215143326615056,41.246792431785316,28.70872234783445,20.008641832943773,31.64313749871232,30.122819408087857,28.958688317121627,30.91372813950811,29.834090593354837,26.62408735013537
EFT:-13.215143326615056,41.246792431785316,28.70872234783445,20.008641832943773,31.643137498712317,30.122819408087857,28.958688317121627,30.91372813950811,29.834090593354837,26.62408735013537
Random136
Raw:-13.215143326615056,41.246792431785316,28.70872234783445,20.008641832943773,31.64313749871232,30.122819408087857,28.958688317121627,30.91372813950811,29.834090593354837,26.62408735013537
EFT:-13.215143326615056,41.246792431785316,28.70872234783445,20.008641832943773,31.643137498712317,30.122819408087857,28.958688317121627,30.91372813950811,29.834090593354837,26.62408735013537
Random137
Raw:-13.215143326615056,41.246792431785316,28.70872234783445,20.008641832943773,31.64313749871232,30.122819408087857,28.958688317121627,30.91372813950811,29.834090593354837,26.62408735013537
EFT:-13.215143326615056,41.246792431785316,28.70872234783445,20.008641832943773,31.643137498712317,30.122819408087857,28.958688317121627,30.91372813950811,29.834090593354837,26.62408735013537
Random138
Raw:-13.215143326615056,41.246792431785316,28.70872234783445,20.008641832943773,31.64313749871232,30.122819408087857,28.958688317121627,30.91372813950811,29.834090593354837,26.62408735013537
EFT:-13.215143326615056,41.246792431785316,28.70872234783445,20.008641832943773,31.643137498712317,30.122819408087857,28.958688317121627,30.91372813950811,29.834090593354837,26.62408735013537
Random139
Raw:-13.215143326615056,41.246792431785316,28.70872234783445,20.008641832943773,31.64313749871232,30.122819408087857,28.958688317121627,30.91372813950811,29.834090593354837,26.62408735013537
EFT:-13.215143326615056,41.246792431785316,28.70872234783445,20.008641832943773,31.643137498712317,30.122819408087857,28.958688317121627,30.91372813950811,29.834090593354837,26.62408735013537
Random140
Raw:-13.215143326615056,41.246792431785316,28.70872234783445,20.008641832943773,31.64313749871232,30.122819408087857,28.958688317121627,30.91372813950811,29.834090593354837,26.62408735013537
EFT:-13.215143326615056,41.246792431785316,28.70872234783445,20.008641832943773,31.643137498712317,30.122819408087857,28.958688317121627,30.91372813950811,29.834090593354837,26.62408735013537
Random141
Raw:-13.215143326615056,41.246792431785316,28.70872234783445,20.008641832943773,31.64313749871232,30.122819408087857,28.958688317121627,30.91372813950811,29.834090593354837,26.62408735013537
EFT:-13.215143326615056,41.246792431785316,28.70872234783445,20.008641832943773,31.643137498712317,30.122819408087857,28.958688317121627,30.91372813950811,29.834090593354837,26.62408735013537
Random142
Raw:-13.215143326615056,41.246792431785316,28.70872234783445,20.008641832943773,31.64313749871232,30.122819408087857,28.958688317121627,30.91372813950811,29.834090593354837,26.62408735013537
EFT:-13.215143326615056,41.246792431785316,28.70872234783445,20.008641832943773,31.643137498712317,30.122819408087857,28.958688317121627,30.91372813950811,29.834090593354837,26.62408735013537
Random143
Raw:-13.215143326615056,41.246792431785316,28.70872234783445,20.008641832943773,31.64313749871232,30.122819408087857,28.958688317121627,30.91372813950811,29.834090593354837,26.62408735013537
EFT:-13.215143326615056,41.246792431785316,28.70872234783445,20.008641832943773,31.643137498712317,30.122819408087857,28.958688317121627,30.91372813950811,29.834090593354837,26.62408735013537
Random144
Raw:-13.215143326615056,41.246792431785316,28.70872234783445,20.008641832943773,31.64313749871232,30.122819408087857,28.958688317121627,30.91372813950811,29.834090593354837,26.62408735013537
EFT:-13.215143326615056,41.246792431785316,28.70872234783445,20.008641832943773,31.643137498712317,30.122819408087857,28.958688317121627,30.91372813950811,29.834090593354837,26.62408735013537
Random145
Raw:-13.215143326615056,41.246792431785316,28.70872234783445,20.008641832943773,31.64313749871232,30.122819408087857,28.958688317121627,30.91372813950811,29.834090593354837,26.62408735013537
EFT:-13.215143326615056,41.246792431785316,28.70872234783445,20.008641832943773,31.643137498712317,30.122819408087857,28.958688317121627,30.91372813950811,29.834090593354837,26.62408735013537
Random146
Raw:-13.215143326615056,41.246792431785316,28.70872234783445,20.008641832943773,31.64313749871232,30.122819408087857,28.958688317121627,30.91372813950811,29.834090593354837,26.62408735013537
EFT:-13.215143326615056,41.246792431785316,28.70872234783445,20.008641832943773,31.643137498712317,30.122819408087857,28.958688317121627,30.91372813950811,29.834090593354837,26.62408735013537
Random147
Raw:-13.215143326615056,41.246792431785316,28.70872234783445,20.008641832943773,31.64313749871232,30.122819408087857,28.958688317121627,30.91372813950811,29.834090593354837,26.62408735013537
EFT:-13.215143326615056,41.246792431785316,28.70872234783445,20.008641832943773,31.643137498712317,30.122819408087857,28.958688317121627,30.91372813950811,29.834090593354837,26.62408735013537
Random148
Raw:-13.215143326615056,41.246792431785316,28.70872234783445,20.008641832943773,31.64313749871232,30.122819408087857,28.958688317121627,30.91372813950811,29.834090593354837,26.62408735013537
EFT:-13.215143326615056,41.246792431785316,28.70872234783445,20.008641832943773,31.643137498712317,30.122819408087857,28.958688317121627,30.91372813950811,29.834090593354837,26.62408735013537
Random149
Raw:-13.215143326615056,41.246792431785316,28.70872234783445,20.008641832943773,31.64313749871232,30.122819408087857,28.958688317121627,30.91372813950811,29.834090593354837,26.62408735013537
EFT:-13.215143326615056,41.246792431785316,28.70872234783445,20.008641832943773,31.643137498712317,30.122819408087857,28.958688317121627,30.91372813950811,29.834090593354837,26.62408735013537
Random150
Raw:-13.215143326615056,41.246792431785316,28.70872234783445,20.008641832943773,31.64313749871232,30.122819408087857,28.958688317121627,30.91372813950811,29.834090593354837,26.62408735013537
EFT:-13.215143326615056,41.246792431785316,28.70872234783445,20.008641832943773,31.643137498712317,30.122819408087857,28.958688317121627,30.91372813950811,29.834090593354837,26.62408735013537
Random151
Raw:-13.215143326615056,41.246792431785316,28.70872234783445,20.008641832943773,31.64313749871232,30.122819408087857,28.958688317121627,30.91372813950811,29.834090593354837,26.62408735013537
EFT:-13.215143326615056,41.246792431785316,28.70872234783445,20.008641832943773,31.643137498712317,30.122819408087857,28.958688317121627,30.91372813950811,29.834090593354837,26.62408735013537
Random152
Raw:-13.215143326615056,41.246792431785316,28.70872234783445,20.008641832943773,31.64313749871232,30.122819408087857,28.958688317121627,30.91372813950811,29.834090593354837,26.62408735013537
EFT:-13.215143326615056,41.246792431785316,28.70872234783445,20.008641832943773,31.643137498712317,30.122819408087857,28.958688317121627,30.91372813950811,29.834090593354837,26.62408735013537
Random153
Raw:-13.215143326615056,41.246792431785316,28.70872234783445,20.008641832943773,31.64313749871232,30.122819408087857,28.958688317121627,30.91372813950811,29.834090593354837,26.62408735013537
EFT:-13.215143326615056,41.246792431785316,28.70872234783445,20.008641832943773,31.643137498712317,30.122819408087857,28.958688317121627,30.91372813950811,29.834090593354837,26.62408735013537
Random154
Raw:-13.215143326615056,41.246792431785316,28.70872234783445,20.008641832943773,31.64313749871232,30.122819408087857,28.958688317121627,30.91372813950811,29.834090593354837,26.62408735013537
EFT:-13.215143326615056,41.246792431785316,28.70872234783445,20.008641832943773,31.643137498712317,30.122819408087857,28.958688317121627,30.91372813950811,29.834090593354837,26.62408735013537
Random155
Raw:-13.215143326615056,41.246792431785316,28.70872234783445,20.008641832943773,31.64313749871232,30.122819408087857,28.958688317121627,30.91372813950811,29.834090593354837,26.62408735013537
EFT:-13.215143326615056,41.246792431785316,28.70872234783445,20.008641832943773,31.643137498712317,30.122819408087857,28.958688317121627,30.91372813950811,29.834090593354837,26.62408735013537
Random156
Raw:-13.215143326615056,41.246792431785316,28.70872234783445,20.008641832943773,31.64313749871232,30.122819408087857,28.958688317121627,30.91372813950811,29.834090593354837,26.62408735013537
EFT:-13.215143326615056,41.246792431785316,28.70872234783445,20.008641832943773,31.643137498712317,30.122819408087857,28.958688317121627,30.91372813950811,29.834090593354837,26.62408735013537
Random157
Raw:-13.215143326615056,41.246792431785316,28.70872234783445,20.008641832943773,31.64313749871232,30.122819408087857,28.958688317121627,30.91372813950811,29.834090593354837,26.62408735013537
EFT:-13.215143326615056,41.246792431785316,28.70872234783445,20.008641832943773,31.643137498712317,30.122819408087857,28.958688317121627,30.91372813950811,29.834090593354837,26.62408735013537
Random158
Raw:-13.215143326615056,41.246792431785316,28.70872234783445,20.008641832943773,31.64313749871232,30.122819408087857,28.958688317121627,30.91372813950811,29.834090593354837,26.62408735013537
EFT:-13.215143326615056,41.246792431785316,28.70872234783445,20.008641832943773,31.643137498712317,30.122819408087857,28.958688317121627,30.91372813950811,29.834090593354837,26.62408735013537
Random159
Raw:-13.215143326615056,41.246792431785316,28.70872234783445,20.008641832943773,31.64313749871232,30.122819408087857,28.958688317121627,30.91372813950811,29.834090593354837,26.62408735013537
EFT:-13.215143326615056,41.246792431785316,28.70872234783445,20.008641832943773,31.643137498712317,30.122819408087857,28.958688317121627,30.91372813950811,29.834090593354837,26.62408735013537
Random160
Raw:-13.215143326615056,41.246792431785316,28.70872234783445,20.008641832943773,31.64313749871232,30.122819408087857,28.958688317121627,30.91372813950811,29.834090593354837,26.62408735013537
EFT:-13.215143326615056,41.246792431785316,28.70872234783445,20.008641832943773,31.643137498712317,30.122819408087857,28.958688317121627,30.91372813950811,29.834090593354837,26.62408735013537
Random161
Raw:-13.215143326615056,41.246792431785316,28.70872234783445,20.008641832943773,31.64313749871232,30.122819408087857,28.958688317121627,30.91372813950811,29.834090593354837,26.62408735013537
EFT:-13.215143326615056,41.246792431785316,28.70872234783445,20.008641832943773,31.643137498712317,30.122819408087857,28.958688317121627,30.91372813950811,29.834090593354837,26.62408735013537
Random162
Raw:-13.215143326615056,41.246792431785316,28.70872234783445,20.008641832943773,31.64313749871232,30.122819408087857,28.958688317121627,30.91372813950811,29.834090593354837,26.62408735013537
EFT:-13.215143326615056,41.246792431785316,28.70872234783445,20.008641832943773,31.643137498712317,30.122819408087857,28.958688317121627,30.91372813950811,29.834090593354837,26.62408735013537
Random163
Raw:-13.215143326615056,41.246792431785316,28.70872234783445,20.008641832943773,31.64313749871232,30.122819408087857,28.958688317121627,30.91372813950811,29.834090593354837,26.62408735013537
EFT:-13.215143326615056,41.246792431785316,28.70872234783445,20.008641832943773,31.643137498712317,30.122819408087857,28.958688317121627,30.91372813950811,29.834090593354837,26.62408735013537
Random164
Raw:-13.215143326615056,41.246792431785316,28.70872234783445,20.008641832943773,31.64313749871232,30.122819408087857,28.958688317121627,30.91372813950811,29.834090593354837,26.62408735013537
EFT:-13.215143326615056,41.246792431785316,28.70872234783445,20.008641832943773,31.643137498712317,30.122819408087857,28.958688317121627,30.91372813950811,29.834090593354837,26.62408735013537
Random165
Raw:-13.215143326615056,41.246792431785316,28.70872234783445,20.008641832943773,31.64313749871232,30.122819408087857,28.958688317121627,30.91372813950811,29.834090593354837,26.62408735013537
EFT:-13.215143326615056,41.246792431785316,28.70872234783445,20.008641832943773,31.643137498712317,30.122819408087857,28.958688317121627,30.91372813950811,29.834090593354837,26.62408735013537
Random166
Raw:-13.215143326615056,41.246792431785316,28.70872234783445,20.008641832943773,31.64313749871232,30.122819408087857,28.958688317121627,30.91372813950811,29.834090593354837,26.62408735013537
EFT:-13.215143326615056,41.246792431785316,28.70872234783445,20.008641832943773,31.643137498712317,30.122819408087857,28.958688317121627,30.91372813950811,29.834090593354837,26.62408735013537
Random167
Raw:-13.215143326615056,41.246792431785316,28.70872234783445,20.008641832943773,31.64313749871232,30.122819408087857,28.958688317121627,30.91372813950811,29.834090593354837,26.62408735013537
EFT:-13.215143326615056,41.246792431785316,28.70872234783445,20.008641832943773,31.643137498712317,30.122819408087857,28.958688317121627,30.91372813950811,29.834090593354837,26.62408735013537
Random168
Raw:-13.215143326615056,41.246792431785316,28.70872234783445,20.008641832943773,31.64313749871232,30.122819408087857,28.958688317121627,30.91372813950811,29.834090593354837,26.62408735013537
EFT:-13.215143326615056,41.246792431785316,28.70872234783445,20.008641832943773,31.643137498712317,30.122819408087857,28.958688317121627,30.91372813950811,29.834090593354837,26.62408735013537
Random169
Raw:-13.215143326615056,41.246792431785316,28.70872234783445,20.008641832943773,31.64313749871232,30.122819408087857,28.958688317121627,30.91372813950811,29.834090593354837,26.62408735013537
EFT:-13.215143326615056,41.246792431785316,28.70872234783445,20.008641832943773,31.643137498712317,30.122819408087857,28.958688317121627,30.91372813950811,29.834090593354837,26.62408735013537
Random170
Raw:-13.215143326615056,41.246792431785316,28.70872234783445,20.008641832943773,31.64313749871232,30.122819408087857,28.958688317121627,30.91372813950811,29.834090593354837,26.62408735013537
EFT:-13.215143326615056,41.246792431785316,28.70872234783445,20.008641832943773,31.643137498712317,30.122819408087857,28.958688317121627,30.91372813950811,29.834090593354837,26.62408735013537
Random171
Raw:-13.215143326615056,41.246792431785316,28.70872234783445,20.008641832943773,31.64313749871232,30.122819408087857,28.958688317121627,30.91372813950811,29.834090593354837,26.62408735013537
EFT:-13.215143326615056,41.246792431785316,28.70872234783445,20.008641832943773,31.643137498712317,30.122819408087857,28.958688317121627,30.91372813950811,29.834090593354837,26.62408735013537
Random172
Raw:-13.215143326615056,41.246792431785316,28.70872234783445,20.008641832943773,31.64313749871232,30.122819408087857,28.958688317121627,30.91372813950811,29.834090593354837,26.62408735013537
EFT:-13.215143326615056,41.246792431785316,28.70872234783445,20.008641832943773,31.643137498712317,30.122819408087857,28.958688317121627,30.91372813950811,29.834090593354837,26.62408735013537
Random173
Raw:-13.215143326615056,41.246792431785316,28.70872234783445,20.008641832943773,31.64313749871232,30.122819408087857,28.958688317121627,30.91372813950811,29.834090593354837,26.62408735013537
EFT:-13.215143326615056,41.246792431785316,28.70872234783445,20.008641832943773,31.643137498712317,30.122819408087857,28.958688317121627,30.91372813950811,29.834090593354837,26.62408735013537
Random174
Raw:-13.215143326615056,41.246792431785316,28.70872234783445,20.008641832943773,31.64313749871232,30.122819408087857,28.958688317121627,30.91372813950811,29.834090593354837,26.62408735013537
EFT:-13.215143326615056,41.246792431785316,28.70872234783445,20.008641832943773,31.643137498712317,30.122819408087857,28.958688317121627,30.91372813950811,29.834090593354837,26.62408735013537
Random175
Raw:-13.215143326615056,41.246792431785316,28.70872234783445,20.008641832943773,31.64313749871232,30.122819408087857,28.958688317121627,30.91372813950811,29.834090593354837,26.62408735013537
EFT:-13.215143326615056,41.246792431785316,28.70872234783445,20.008641832943773,31.643137498712317,30.122819408087857,28.958688317121627,30.91372813950811,29.834090593354837,26.62408735013537
Random176
Raw:-13.215143326615056,41.246792431785316,28.70872234783445,20.008641832943773,31.64313749871232,30.122819408087857,28.958688317121627,30.91372813950811,29.834090593354837,26.62408735013537
EFT:-13.215143326615056,41.246792431785316,28.70872234783445,20.008641832943773,31.643137498712317,30.122819408087857,28.958688317121627,30.91372813950811,29.834090593354837,26.62408735013537
Random177
Raw:-13.215143326615056,41.246792431785316,28.70872234783445,20.008641832943773,31.64313749871232,30.122819408087857,28.958688317121627,30.91372813950811,29.834090593354837,26.62408735013537
EFT:-13.215143326615056,41.246792431785316,28.70872234783445,20.008641832943773,31.643137498712317,30.122819408087857,28.958688317121627,30.91372813950811,29.834090593354837,26.62408735013537
Random178
Raw:-13.215143326615056,41.246792431785316,28.70872234783445,20.008641832943773,31.64313749871232,30.122819408087857,28.958688317121627,30.91372813950811,29.834090593354837,26.62408735013537
EFT:-13.215143326615056,41.246792431785316,28.70872234783445,20.008641832943773,31.643137498712317,30.122819408087857,28.958688317121627,30.91372813950811,29.834090593354837,26.62408735013537
Random179
Raw:-13.215143326615056,41.246792431785316,28.70872234783445,20.008641832943773,31.64313749871232,30.122819408087857,28.958688317121627,30.91372813950811,29.834090593354837,26.62408735013537
EFT:-13.215143326615056,41.246792431785316,28.70872234783445,20.008641832943773,31.643137498712317,30.122819408087857,28.958688317121627,30.91372813950811,29.834090593354837,26.62408735013537
Random180
Raw:-13.215143326615056,41.246792431785316,28.70872234783445,20.008641832943773,31.64313749871232,30.122819408087857,28.958688317121627,30.91372813950811,29.834090593354837,26.62408735013537
EFT:-13.215143326615056,41.246792431785316,28.70872234783445,20.008641832943773,31.643137498712317,30.122819408087857,28.958688317121627,30.91372813950811,29.834090593354837,26.62408735013537
Random181
Raw:-13.215143326615056,41.246792431785316,28.70872234783445,20.008641832943773,31.64313749871232,30.122819408087857,28.958688317121627,30.91372813950811,29.834090593354837,26.62408735013537
EFT:-13.215143326615056,41.246792431785316,28.70872234783445,20.008641832943773,31.643137498712317,30.122819408087857,28.958688317121627,30.91372813950811,29.834090593354837,26.62408735013537
Random182
Raw:-13.215143326615056,41.246792431785316,28.70872234783445,20.008641832943773,31.64313749871232,30.122819408087857,28.958688317121627,30.91372813950811,29.834090593354837,26.62408735013537
EFT:-13.215143326615056,41.246792431785316,28.70872234783445,20.008641832943773,31.643137498712317,30.122819408087857,28.958688317121627,30.91372813950811,29.834090593354837,26.62408735013537
Random183
Raw:-13.215143326615056,41.246792431785316,28.70872234783445,20.008641832943773,31.64313749871232,30.122819408087857,28.958688317121627,30.91372813950811,29.834090593354837,26.62408735013537
EFT:-13.215143326615056,41.246792431785316,28.70872234783445,20.008641832943773,31.643137498712317,30.122819408087857,28.958688317121627,30.91372813950811,29.834090593354837,26.62408735013537
Random184
Raw:-13.215143326615056,41.246792431785316,28.70872234783445,20.008641832943773,31.64313749871232,30.122819408087857,28.958688317121627,30.91372813950811,29.834090593354837,26.62408735013537
EFT:-13.215143326615056,41.246792431785316,28.70872234783445,20.008641832943773,31.643137498712317,30.122819408087857,28.958688317121627,30.91372813950811,29.834090593354837,26.62408735013537
Random185
Raw:-13.215143326615056,41.246792431785316,28.70872234783445,20.008641832943773,31.64313749871232,30.122819408087857,28.958688317121627,30.91372813950811,29.834090593354837,26.62408735013537
EFT:-13.215143326615056,41.246792431785316,28.70872234783445,20.008641832943773,31.643137498712317,30.122819408087857,28.958688317121627,30.91372813950811,29.834090593354837,26.62408735013537
Random186
Raw:-13.215143326615056,41.246792431785316,28.70872234783445,20.008641832943773,31.64313749871232,30.122819408087857,28.958688317121627,30.91372813950811,29.834090593354837,26.62408735013537
EFT:-13.215143326615056,41.246792431785316,28.70872234783445,20.008641832943773,31.643137498712317,30.122819408087857,28.958688317121627,30.91372813950811,29.834090593354837,26.62408735013537
Random187
Raw:-13.215143326615056,41.246792431785316,28.70872234783445,20.008641832943773,31.64313749871232,30.122819408087857,28.958688317121627,30.91372813950811,29.834090593354837,26.62408735013537
EFT:-13.215143326615056,41.246792431785316,28.70872234783445,20.008641832943773,31.643137498712317,30.122819408087857,28.958688317121627,30.91372813950811,29.834090593354837,26.62408735013537
Random188
Raw:-13.215143326615056,41.246792431785316,28.70872234783445,20.008641832943773,31.64313749871232,30.122819408087857,28.958688317121627,30.91372813950811,29.834090593354837,26.62408735013537
EFT:-13.215143326615056,41.246792431785316,28.70872234783445,20.008641832943773,31.643137498712317,30.122819408087857,28.958688317121627,30.91372813950811,29.834090593354837,26.62408735013537
Random189
Raw:-13.215143326615056,41.246792431785316,28.70872234783445,20.008641832943773,31.64313749871232,30.122819408087857,28.958688317121627,30.91372813950811,29.834090593354837,26.62408735013537
EFT:-13.215143326615056,41.246792431785316,28.70872234783445,20.008641832943773,31.643137498712317,30.122819408087857,28.958688317121627,30.91372813950811,29.834090593354837,26.62408735013537
Random190
Raw:-13.215143326615056,41.246792431785316,28.70872234783445,20.008641832943773,31.64313749871232,30.122819408087857,28.958688317121627,30.91372813950811,29.834090593354837,26.62408735013537
EFT:-13.215143326615056,41.246792431785316,28.70872234783445,20.008641832943773,31.643137498712317,30.122819408087857,28.958688317121627,30.91372813950811,29.834090593354837,26.62408735013537
Random191
Raw:-13.215143326615056,41.246792431785316,28.70872234783445,20.008641832943773,31.64313749871232,30.122819408087857,28.958688317121627,30.91372813950811,29.834090593354837,26.62408735013537
EFT:-13.215143326615056,41.246792431785316,28.70872234783445,20.008641832943773,31.643137498712317,30.122819408087857,28.958688317121627,30.91372813950811,29.834090593354837,26.62408735013537
Random192
Raw:-13.215143326615056,41.246792431785316,28.70872234783445,20.008641832943773,31.64313749871232,30.122819408087857,28.958688317121627,30.91372813950811,29.834090593354837,26.62408735013537
EFT:-13.215143326615056,41.246792431785316,28.70872234783445,20.008641832943773,31.643137498712317,30.122819408087857,28.958688317121627,30.91372813950811,29.834090593354837,26.62408735013537
Random193
Raw:-13.215143326615056,41.246792431785316,28.70872234783445,20.008641832943773,31.64313749871232,30.122819408087857,28.958688317121627,30.91372813950811,29.834090593354837,26.62408735013537
EFT:-13.215143326615056,41.246792431785316,28.70872234783445,20.008641832943773,31.643137498712317,30.122819408087857,28.958688317121627,30.91372813950811,29.834090593354837,26.62408735013537
Random194
Raw:-13.215143326615056,41.246792431785316,28.70872234783445,20.008641832943773,31.64313749871232,30.122819408087857,28.958688317121627,30.91372813950811,29.834090593354837,26.62408735013537
EFT:-13.215143326615056,41.246792431785316,28.70872234783445,20.008641832943773,31.643137498712317,30.122819408087857,28.958688317121627,30.91372813950811,29.834090593354837,26.62408735013537
Random195
Raw:-13.215143326615056,41.246792431785316,28.70872234783445,20.008641832943773,31.64313749871232,30.122819408087857,28.958688317121627,30.91372813950811,29.834090593354837,26.62408735013537
EFT:-13.215143326615056,41.246792431785316,28.70872234783445,20.008641832943773,31.643137498712317,30.122819408087857,28.958688317121627,30.91372813950811,29.834090593354837,26.62408735013537
Random196
Raw:-13.215143326615056,41.246792431785316,28.70872234783445,20.008641832943773,31.64313749871232,30.122819408087857,28.958688317121627,30.91372813950811,29.834090593354837,26.62408735013537
EFT:-13.215143326615056,41.246792431785316,28.70872234783445,20.008641832943773,31.643137498712317,30.122819408087857,28.958688317121627,30.91372813950811,29.834090593354837,26.62408735013537
Random197
Raw:-13.215143326615056,41.246792431785316,28.70872234783445,20.008641832943773,31.64313749871232,30.122819408087857,28.958688317121627,30.91372813950811,29.834090593354837,26.62408735013537
EFT:-13.215143326615056,41.246792431785316,28.70872234783445,20.008641832943773,31.643137498712317,30.122819408087857,28.958688317121627,30.91372813950811,29.834090593354837,26.62408735013537
Random198
Raw:-13.215143326615056,41.246792431785316,28.70872234783445,20.008641832943773,31.64313749871232,30.122819408087857,28.958688317121627,30.91372813950811,29.834090593354837,26.62408735013537
EFT:-13.215143326615056,41.246792431785316,28.70872234783445,20.008641832943773,31.643137498712317,30.122819408087857,28.958688317121627,30.91372813950811,29.834090593354837,26.62408735013537
Random199
Raw:-13.215143326615056,41.246792431785316,28.70872234783445,20.008641832943773,31.64313749871232,30.122819408087857,28.958688317121627,30.91372813950811,29.834090593354837,26.62408735013537
EFT:-13.215143326615056,41.246792431785316,28.70872234783445,20.008641832943773,31.643137498712317,30.122819408087857,28.958688317121627,30.91372813950811,29.834090593354837,26.62408735013537
Random200
Raw:-13.215143326615056,41.246792431785316,28.70872234783445,20.008641832943773,31.64313749871232,30.122819408087857,28.958688317121627,30.91372813950811,29.834090593354837,26.62408735013537
EFT:-13.215143326615056,41.246792431785316,28.70872234783445,20.008641832943773,31.643137498712317,30.122819408087857,28.958688317121627,30.91372813950811,29.834090593354837,26.62408735013537
Random201
Raw:-13.215143326615056,41.246792431785316,28.70872234783445,20.008641832943773,31.64313749871232,30.122819408087857,28.958688317121627,30.91372813950811,29.834090593354837,26.62408735013537
EFT:-13.215143326615056,41.246792431785316,28.70872234783445,20.008641832943773,31.643137498712317,30.122819408087857,28.958688317121627,30.91372813950811,29.834090593354837,26.62408735013537
Random202
Raw:-13.215143326615056,41.246792431785316,28.70872234783445,20.008641832943773,31.64313749871232,30.122819408087857,28.958688317121627,30.91372813950811,29.834090593354837,26.62408735013537
EFT:-13.215143326615056,41.246792431785316,28.70872234783445,20.008641832943773,31.643137498712317,30.122819408087857,28.958688317121627,30.91372813950811,29.834090593354837,26.62408735013537
Random203
Raw:-13.215143326615056,41.246792431785316,28.70872234783445,20.008641832943773,31.64313749871232,30.122819408087857,28.958688317121627,30.91372813950811,29.834090593354837,26.62408735013537
EFT:-13.215143326615056,41.246792431785316,28.70872234783445,20.008641832943773,31.643137498712317,30.122819408087857,28.958688317121627,30.91372813950811,29.834090593354837,26.62408735013537
Random204
Raw:-13.215143326615056,41.246792431785316,28.70872234783445,20.008641832943773,31.64313749871232,30.122819408087857,28.958688317121627,30.91372813950811,29.834090593354837,26.62408735013537
EFT:-13.215143326615056,41.246792431785316,28.70872234783445,20.008641832943773,31.643137498712317,30.122819408087857,28.958688317121627,30.91372813950811,29.834090593354837,26.62408735013537
Random205
Raw:-13.215143326615056,41.246792431785316,28.70872234783445,20.008641832943773,31.64313749871232,30.122819408087857,28.958688317121627,30.91372813950811,29.834090593354837,26.62408735013537
EFT:-13.215143326615056,41.246792431785316,28.70872234783445,20.008641832943773,31.643137498712317,30.122819408087857,28.958688317121627,30.91372813950811,29.834090593354837,26.62408735013537
Random206
Raw:-13.215143326615056,41.246792431785316,28.70872234783445,20.008641832943773,31.64313749871232,30.122819408087857,28.958688317121627,30.91372813950811,29.834090593354837,26.62408735013537
EFT:-13.215143326615056,41.246792431785316,28.70872234783445,20.008641832943773,31.643137498712317,30.122819408087857,28.958688317121627,30.91372813950811,29.834090593354837,26.62408735013537
Random207
Raw:-13.215143326615056,41.246792431785316,28.70872234783445,20.008641832943773,31.64313749871232,30.122819408087857,28.958688317121627,30.91372813950811,29.834090593354837,26.62408735013537
EFT:-13.215143326615056,41.246792431785316,28.70872234783445,20.008641832943773,31.643137498712317,30.122819408087857,28.958688317121627,30.91372813950811,29.834090593354837,26.62408735013537
Random208
Raw:-13.215143326615056,41.246792431785316,28.70872234783445,20.008641832943773,31.64313749871232,30.122819408087857,28.958688317121627,30.91372813950811,29.834090593354837,26.62408735013537
EFT:-13.215143326615056,41.246792431785316,28.70872234783445,20.008641832943773,31.643137498712317,30.122819408087857,28.958688317121627,30.91372813950811,29.834090593354837,26.62408735013537
Random209
Raw:-13.215143326615056,41.246792431785316,28.70872234783445,20.008641832943773,31.64313749871232,30.122819408087857,28.958688317121627,30.91372813950811,29.834090593354837,26.62408735013537
EFT:-13.215143326615056,41.246792431785316,28.70872234783445,20.008641832943773,31.643137498712317,30.122819408087857,28.958688317121627,30.91372813950811,29.834090593354837,26.62408735013537
Random210
Raw:-13.215143326615056,41.246792431785316,28.70872234783445,20.008641832943773,31.64313749871232,30.122819408087857,28.958688317121627,30.91372813950811,29.834090593354837,26.62408735013537
EFT:-13.215143326615056,41.246792431785316,28.70872234783445,20.008641832943773,31.643137498712317,30.122819408087857,28.958688317121627,30.91372813950811,29.834090593354837,26.62408735013537
Random211
Raw:-13.215143326615056,41.246792431785316,28.70872234783445,20.008641832943773,31.64313749871232,30.122819408087857,28.958688317121627,30.91372813950811,29.834090593354837,26.62408735013537
EFT:-13.215143326615056,41.246792431785316,28.70872234783445,20.008641832943773,31.643137498712317,30.122819408087857,28.958688317121627,30.91372813950811,29.834090593354837,26.62408735013537
Random212
Raw:-13.215143326615056,41.246792431785316,28.70872234783445,20.008641832943773,31.64313749871232,30.122819408087857,28.958688317121627,30.91372813950811,29.834090593354837,26.62408735013537
EFT:-13.215143326615056,41.246792431785316,28.70872234783445,20.008641832943773,31.643137498712317,30.122819408087857,28.958688317121627,30.91372813950811,29.834090593354837,26.62408735013537
Random213
Raw:-13.215143326615056,41.246792431785316,28.70872234783445,20.008641832943773,31.64313749871232,30.122819408087857,28.958688317121627,30.91372813950811,29.834090593354837,26.62408735013537
EFT:-13.215143326615056,41.246792431785316,28.70872234783445,20.008641832943773,31.643137498712317,30.122819408087857,28.958688317121627,30.91372813950811,29.834090593354837,26.62408735013537
Random214
Raw:-13.215143326615056,41.246792431785316,28.70872234783445,20.008641832943773,31.64313749871232,30.122819408087857,28.958688317121627,30.91372813950811,29.834090593354837,26.62408735013537
EFT:-13.215143326615056,41.246792431785316,28.70872234783445,20.008641832943773,31.643137498712317,30.122819408087857,28.958688317121627,30.91372813950811,29.834090593354837,26.62408735013537
Random215
Raw:-13.215143326615056,41.246792431785316,28.70872234783445,20.008641832943773,31.64313749871232,30.122819408087857,28.958688317121627,30.91372813950811,29.834090593354837,26.62408735013537
EFT:-13.215143326615056,41.246792431785316,28.70872234783445,20.008641832943773,31.643137498712317,30.122819408087857,28.958688317121627,30.91372813950811,29.834090593354837,26.62408735013537
Random216
Raw:-13.215143326615056,41.246792431785316,28.70872234783445,20.008641832943773,31.64313749871232,30.122819408087857,28.958688317121627,30.91372813950811,29.834090593354837,26.62408735013537
EFT:-13.215143326615056,41.246792431785316,28.70872234783445,20.008641832943773,31.643137498712317,30.122819408087857,28.958688317121627,30.91372813950811,29.834090593354837,26.62408735013537
Random217
Raw:-13.215143326615056,41.246792431785316,28.70872234783445,20.008641832943773,31.64313749871232,30.122819408087857,28.958688317121627,30.91372813950811,29.834090593354837,26.62408735013537
EFT:-13.215143326615056,41.246792431785316,28.70872234783445,20.008641832943773,31.643137498712317,30.122819408087857,28.958688317121627,30.91372813950811,29.834090593354837,26.62408735013537
Random218
Raw:-13.215143326615056,41.246792431785316,28.70872234783445,20.008641832943773,31.64313749871232,30.122819408087857,28.958688317121627,30.91372813950811,29.834090593354837,26.62408735013537
EFT:-13.215143326615056,41.246792431785316,28.70872234783445,20.008641832943773,31.643137498712317,30.122819408087857,28.958688317121627,30.91372813950811,29.834090593354837,26.62408735013537
Random219
Raw:-13.215143326615056,41.246792431785316,28.70872234783445,20.008641832943773,31.64313749871232,30.122819408087857,28.958688317121627,30.91372813950811,29.834090593354837,26.62408735013537
EFT:-13.215143326615056,41.246792431785316,28.70872234783445,20.008641832943773,31.643137498712317,30.122819408087857,28.958688317121627,30.91372813950811,29.834090593354837,26.62408735013537
Random220
Raw:-13.215143326615056,41.246792431785316,28.70872234783445,20.008641832943773,31.64313749871232,30.122819408087857,28.958688317121627,30.91372813950811,29.834090593354837,26.62408735013537
EFT:-13.215143326615056,41.246792431785316,28.70872234783445,20.008641832943773,31.643137498712317,30.122819408087857,28.958688317121627,30.91372813950811,29.834090593354837,26.62408735013537
Random221
Raw:-13.215143326615056,41.246792431785316,28.70872234783445,20.008641832943773,31.64313749871232,30.122819408087857,28.958688317121627,30.91372813950811,29.834090593354837,26.62408735013537
EFT:-13.215143326615056,41.246792431785316,28.70872234783445,20.008641832943773,31.643137498712317,30.122819408087857,28.958688317121627,30.91372813950811,29.834090593354837,26.62408735013537
Random222
Raw:-13.215143326615056,41.246792431785316,28.70872234783445,20.008641832943773,31.64313749871232,30.122819408087857,28.958688317121627,30.91372813950811,29.834090593354837,26.62408735013537
EFT:-13.215143326615056,41.246792431785316,28.70872234783445,20.008641832943773,31.643137498712317,30.122819408087857,28.958688317121627,30.91372813950811,29.834090593354837,26.62408735013537
Random223
Raw:-13.215143326615056,41.246792431785316,28.70872234783445,20.008641832943773,31.64313749871232,30.122819408087857,28.958688317121627,30.91372813950811,29.834090593354837,26.62408735013537
EFT:-13.215143326615056,41.246792431785316,28.70872234783445,20.008641832943773,31.643137498712317,30.122819408087857,28.958688317121627,30.91372813950811,29.834090593354837,26.62408735013537
Random224
Raw:-13.215143326615056,41.246792431785316,28.70872234783445,20.008641832943773,31.64313749871232,30.122819408087857,28.958688317121627,30.91372813950811,29.834090593354837,26.62408735013537
EFT:-13.215143326615056,41.246792431785316,28.70872234783445,20.008641832943773,31.643137498712317,30.122819408087857,28.958688317121627,30.91372813950811,29.834090593354837,26.62408735013537
Random225
Raw:-13.215143326615056,41.246792431785316,28.70872234783445,20.008641832943773,31.64313749871232,30.122819408087857,28.958688317121627,30.91372813950811,29.834090593354837,26.62408735013537
EFT:-13.215143326615056,41.246792431785316,28.70872234783445,20.008641832943773,31.643137498712317,30.122819408087857,28.958688317121627,30.91372813950811,29.834090593354837,26.62408735013537
Random226
Raw:-13.215143326615056,41.246792431785316,28.70872234783445,20.008641832943773,31.64313749871232,30.122819408087857,28.958688317121627,30.91372813950811,29.834090593354837,26.62408735013537
EFT:-13.215143326615056,41.246792431785316,28.70872234783445,20.008641832943773,31.643137498712317,30.122819408087857,28.958688317121627,30.91372813950811,29.834090593354837,26.62408735013537
Random227
Raw:-13.215143326615056,41.246792431785316,28.70872234783445,20.008641832943773,31.64313749871232,30.122819408087857,28.958688317121627,30.91372813950811,29.834090593354837,26.62408735013537
EFT:-13.215143326615056,41.246792431785316,28.70872234783445,20.008641832943773,31.643137498712317,30.122819408087857,28.958688317121627,30.91372813950811,29.834090593354837,26.62408735013537
Random228
Raw:-13.215143326615056,41.246792431785316,28.70872234783445,20.008641832943773,31.64313749871232,30.122819408087857,28.958688317121627,30.91372813950811,29.834090593354837,26.62408735013537
EFT:-13.215143326615056,41.246792431785316,28.70872234783445,20.008641832943773,31.643137498712317,30.122819408087857,28.958688317121627,30.91372813950811,29.834090593354837,26.62408735013537
Random229
Raw:-13.215143326615056,41.246792431785316,28.70872234783445,20.008641832943773,31.64313749871232,30.122819408087857,28.958688317121627,30.91372813950811,29.834090593354837,26.62408735013537
EFT:-13.215143326615056,41.246792431785316,28.70872234783445,20.008641832943773,31.643137498712317,30.122819408087857,28.958688317121627,30.91372813950811,29.834090593354837,26.62408735013537
Random230
Raw:-13.215143326615056,41.246792431785316,28.70872234783445,20.008641832943773,31.64313749871232,30.122819408087857,28.958688317121627,30.91372813950811,29.834090593354837,26.62408735013537
EFT:-13.215143326615056,41.246792431785316,28.70872234783445,20.008641832943773,31.643137498712317,30.122819408087857,28.958688317121627,30.91372813950811,29.834090593354837,26.62408735013537
Random231
Raw:-13.215143326615056,41.246792431785316,28.70872234783445,20.008641832943773,31.64313749871232,30.122819408087857,28.958688317121627,30.91372813950811,29.834090593354837,26.62408735013537
EFT:-13.215143326615056,41.246792431785316,28.70872234783445,20.008641832943773,31.643137498712317,30.122819408087857,28.958688317121627,30.91372813950811,29.834090593354837,26.62408735013537
Random232
Raw:-13.215143326615056,41.246792431785316,28.70872234783445,20.008641832943773,31.64313749871232,30.122819408087857,28.958688317121627,30.91372813950811,29.834090593354837,26.62408735013537
EFT:-13.215143326615056,41.246792431785316,28.70872234783445,20.008641832943773,31.643137498712317,30.122819408087857,28.958688317121627,30.91372813950811,29.834090593354837,26.62408735013537
Random233
Raw:-13.215143326615056,41.246792431785316,28.70872234783445,20.008641832943773,31.64313749871232,30.122819408087857,28.958688317121627,30.91372813950811,29.834090593354837,26.62408735013537
EFT:-13.215143326615056,41.246792431785316,28.70872234783445,20.008641832943773,31.643137498712317,30.122819408087857,28.958688317121627,30.91372813950811,29.834090593354837,26.62408735013537
Random234
Raw:-13.215143326615056,41.246792431785316,28.70872234783445,20.008641832943773,31.64313749871232,30.122819408087857,28.958688317121627,30.91372813950811,29.834090593354837,26.62408735013537
EFT:-13.215143326615056,41.246792431785316,28.70872234783445,20.008641832943773,31.643137498712317,30.122819408087857,28.958688317121627,30.91372813950811,29.834090593354837,26.62408735013537
Random235
Raw:-13.215143326615056,41.246792431785316,28.70872234783445,20.008641832943773,31.64313749871232,30.122819408087857,28.958688317121627,30.91372813950811,29.834090593354837,26.62408735013537
EFT:-13.215143326615056,41.246792431785316,28.70872234783445,20.008641832943773,31.643137498712317,30.122819408087857,28.958688317121627,30.91372813950811,29.834090593354837,26.62408735013537
Random236
Raw:-13.215143326615056,41.246792431785316,28.70872234783445,20.008641832943773,31.64313749871232,30.122819408087857,28.958688317121627,30.91372813950811,29.834090593354837,26.62408735013537
EFT:-13.215143326615056,41.246792431785316,28.70872234783445,20.008641832943773,31.643137498712317,30.122819408087857,28.958688317121627,30.91372813950811,29.834090593354837,26.62408735013537
Random237
Raw:-13.215143326615056,41.246792431785316,28.70872234783445,20.008641832943773,31.64313749871232,30.122819408087857,28.958688317121627,30.91372813950811,29.834090593354837,26.62408735013537
EFT:-13.215143326615056,41.246792431785316,28.70872234783445,20.008641832943773,31.643137498712317,30.122819408087857,28.958688317121627,30.91372813950811,29.834090593354837,26.62408735013537
Random238
Raw:-13.215143326615056,41.246792431785316,28.70872234783445,20.008641832943773,31.64313749871232,30.122819408087857,28.958688317121627,30.91372813950811,29.834090593354837,26.62408735013537
EFT:-13.215143326615056,41.246792431785316,28.70872234783445,20.008641832943773,31.643137498712317,30.122819408087857,28.958688317121627,30.91372813950811,29.834090593354837,26.62408735013537
Random239
Raw:-13.215143326615056,41.246792431785316,28.70872234783445,20.008641832943773,31.64313749871232,30.122819408087857,28.958688317121627,30.91372813950811,29.834090593354837,26.62408735013537
EFT:-13.215143326615056,41.246792431785316,28.70872234783445,20.008641832943773,31.643137498712317,30.122819408087857,28.958688317121627,30.91372813950811,29.834090593354837,26.62408735013537
Random240
Raw:-13.215143326615056,41.246792431785316,28.70872234783445,20.008641832943773,31.64313749871232,30.122819408087857,28.958688317121627,30.91372813950811,29.834090593354837,26.62408735013537
EFT:-13.215143326615056,41.246792431785316,28.70872234783445,20.008641832943773,31.643137498712317,30.122819408087857,28.958688317121627,30.91372813950811,29.834090593354837,26.62408735013537
Random241
Raw:-13.215143326615056,41.246792431785316,28.70872234783445,20.008641832943773,31.64313749871232,30.122819408087857,28.958688317121627,30.91372813950811,29.834090593354837,26.62408735013537
EFT:-13.215143326615056,41.246792431785316,28.70872234783445,20.008641832943773,31.643137498712317,30.122819408087857,28.958688317121627,30.91372813950811,29.834090593354837,26.62408735013537
Random242
Raw:-13.215143326615056,41.246792431785316,28.70872234783445,20.008641832943773,31.64313749871232,30.122819408087857,28.958688317121627,30.91372813950811,29.834090593354837,26.62408735013537
EFT:-13.215143326615056,41.246792431785316,28.70872234783445,20.008641832943773,31.643137498712317,30.122819408087857,28.958688317121627,30.91372813950811,29.834090593354837,26.62408735013537
Random243
Raw:-13.215143326615056,41.246792431785316,28.70872234783445,20.008641832943773,31.64313749871232,30.122819408087857,28.958688317121627,30.91372813950811,29.834090593354837,26.62408735013537
EFT:-13.215143326615056,41.246792431785316,28.70872234783445,20.008641832943773,31.643137498712317,30.122819408087857,28.958688317121627,30.91372813950811,29.834090593354837,26.62408735013537
Random244
Raw:-13.215143326615056,41.246792431785316,28.70872234783445,20.008641832943773,31.64313749871232,30.122819408087857,28.958688317121627,30.91372813950811,29.834090593354837,26.62408735013537
EFT:-13.215143326615056,41.246792431785316,28.70872234783445,20.008641832943773,31.643137498712317,30.122819408087857,28.958688317121627,30.91372813950811,29.834090593354837,26.62408735013537
Random245
Raw:-13.215143326615056,41.246792431785316,28.70872234783445,20.008641832943773,31.64313749871232,30.122819408087857,28.958688317121627,30.91372813950811,29.834090593354837,26.62408735013537
EFT:-13.215143326615056,41.246792431785316,28.70872234783445,20.008641832943773,31.643137498712317,30.122819408087857,28.958688317121627,30.91372813950811,29.834090593354837,26.62408735013537
Random246
Raw:-13.215143326615056,41.246792431785316,28.70872234783445,20.008641832943773,31.64313749871232,30.122819408087857,28.958688317121627,30.91372813950811,29.834090593354837,26.62408735013537
EFT:-13.215143326615056,41.246792431785316,28.70872234783445,20.008641832943773,31.643137498712317,30.122819408087857,28.958688317121627,30.91372813950811,29.834090593354837,26.62408735013537
Random247
Raw:-13.215143326615056,41.246792431785316,28.70872234783445,20.008641832943773,31.64313749871232,30.122819408087857,28.958688317121627,30.91372813950811,29.834090593354837,26.62408735013537
EFT:-13.215143326615056,41.246792431785316,28.70872234783445,20.008641832943773,31.643137498712317,30.122819408087857,28.958688317121627,30.91372813950811,29.834090593354837,26.62408735013537
Random248
Raw:-13.215143326615056,41.246792431785316,28.70872234783445,20.008641832943773,31.64313749871232,30.122819408087857,28.958688317121627,30.91372813950811,29.834090593354837,26.62408735013537
EFT:-13.215143326615056,41.246792431785316,28.70872234783445,20.008641832943773,31.643137498712317,30.122819408087857,28.958688317121627,30.91372813950811,29.834090593354837,26.62408735013537
Random249
Raw:-13.215143326615056,41.246792431785316,28.70872234783445,20.008641832943773,31.64313749871232,30.122819408087857,28.958688317121627,30.91372813950811,29.834090593354837,26.62408735013537
EFT:-13.215143326615056,41.246792431785316,28.70872234783445,20.008641832943773,31.643137498712317,30.122819408087857,28.958688317121627,30.91372813950811,29.834090593354837,26.62408735013537
Random250
Raw:-13.215143326615056,41.246792431785316,28.70872234783445,20.008641832943773,31.64313749871232,30.122819408087857,28.958688317121627,30.91372813950811,29.834090593354837,26.62408735013537
EFT:-13.215143326615056,41.246792431785316,28.70872234783445,20.008641832943773,31.643137498712317,30.122819408087857,28.958688317121627,30.91372813950811,29.834090593354837,26.62408735013537
Random251
Raw:-13.215143326615056,41.246792431785316,28.70872234783445,20.008641832943773,31.64313749871232,30.122819408087857,28.958688317121627,30.91372813950811,29.834090593354837,26.62408735013537
EFT:-13.215143326615056,41.246792431785316,28.70872234783445,20.008641832943773,31.643137498712317,30.122819408087857,28.958688317121627,30.91372813950811,29.834090593354837,26.62408735013537
Random252
Raw:-13.215143326615056,41.246792431785316,28.70872234783445,20.008641832943773,31.64313749871232,30.122819408087857,28.958688317121627,30.91372813950811,29.834090593354837,26.62408735013537
EFT:-13.215143326615056,41.246792431785316,28.70872234783445,20.008641832943773,31.643137498712317,30.122819408087857,28.958688317121627,30.91372813950811,29.834090593354837,26.62408735013537
Random253
Raw:-13.215143326615056,41.246792431785316,28.70872234783445,20.008641832943773,31.64313749871232,30.122819408087857,28.958688317121627,30.91372813950811,29.834090593354837,26.62408735013537
EFT:-13.215143326615056,41.246792431785316,28.70872234783445,20.008641832943773,31.643137498712317,30.122819408087857,28.958688317121627,30.91372813950811,29.834090593354837,26.62408735013537
Random254
Raw:-13.215143326615056,41.246792431785316,28.70872234783445,20.008641832943773,31.64313749871232,30.122819408087857,28.958688317121627,30.91372813950811,29.834090593354837,26.62408735013537
EFT:-13.215143326615056,41.246792431785316,28.70872234783445,20.008641832943773,31.643137498712317,30.122819408087857,28.958688317121627,30.91372813950811,29.834090593354837,26.62408735013537
Random255
Raw:-13.215143326615056,41.246792431785316,28.70872234783445,20.008641832943773,31.64313749871232,30.122819408087857,28.958688317121627,30.91372813950811,29.834090593354837,26.62408735013537
EFT:-13.215143326615056,41.246792431785316,28.70872234783445,20.008641832943773,31.643137498712317,30.122819408087857,28.958688317121627,30.91372813950811,29.834090593354837,26.62408735013537
Random256
Raw:-13.215143326615056,41.246792431785316,28.70872234783445,20.008641832943773,31.64313749871232,30.122819408087857,28.958688317121627,30.91372813950811,29.834090593354837,26.62408735013537
EFT:-13.215143326615056,41.246792431785316,28.70872234783445,20.008641832943773,31.643137498712317,30.122819408087857,28.958688317121627,30.91372813950811,29.834090593354837,26.62408735013537
Random257
Raw:-13.215143326615056,41.246792431785316,28.70872234783445,20.008641832943773,31.64313749871232,30.122819408087857,28.958688317121627,30.91372813950811,29.834090593354837,26.62408735013537
EFT:-13.215143326615056,41.246792431785316,28.70872234783445,20.008641832943773,31.643137498712317,30.122819408087857,28.958688317121627,30.91372813950811,29.834090593354837,26.62408735013537
Random258
Raw:-13.215143326615056,41.246792431785316,28.70872234783445,20.008641832943773,31.64313749871232,30.122819408087857,28.958688317121627,30.91372813950811,29.834090593354837,26.62408735013537
EFT:-13.215143326615056,41.246792431785316,28.70872234783445,20.008641832943773,31.643137498712317,30.122819408087857,28.958688317121627,30.91372813950811,29.834090593354837,26.62408735013537
Random259
Raw:-13.215143326615056,41.246792431785316,28.70872234783445,20.008641832943773,31.64313749871232,30.122819408087857,28.958688317121627,30.91372813950811,29.834090593354837,26.62408735013537
EFT:-13.215143326615056,41.246792431785316,28.70872234783445,20.008641832943773,31.643137498712317,30.122819408087857,28.958688317121627,30.91372813950811,29.834090593354837,26.62408735013537
Random260
Raw:-13.215143326615056,41.246792431785316,28.70872234783445,20.008641832943773,31.64313749871232,30.122819408087857,28.958688317121627,30.91372813950811,29.834090593354837,26.62408735013537
EFT:-13.215143326615056,41.246792431785316,28.70872234783445,20.008641832943773,31.643137498712317,30.122819408087857,28.958688317121627,30.91372813950811,29.834090593354837,26.62408735013537
Random261
Raw:-13.215143326615056,41.246792431785316,28.70872234783445,20.008641832943773,31.64313749871232,30.122819408087857,28.958688317121627,30.91372813950811,29.834090593354837,26.62408735013537
EFT:-13.215143326615056,41.246792431785316,28.70872234783445,20.008641832943773,31.643137498712317,30.122819408087857,28.958688317121627,30.91372813950811,29.834090593354837,26.62408735013537
Random262
Raw:-13.215143326615056,41.246792431785316,28.70872234783445,20.008641832943773,31.64313749871232,30.122819408087857,28.958688317121627,30.91372813950811,29.834090593354837,26.62408735013537
EFT:-13.215143326615056,41.246792431785316,28.70872234783445,20.008641832943773,31.643137498712317,30.122819408087857,28.958688317121627,30.91372813950811,29.834090593354837,26.62408735013537
Random263
Raw:-13.215143326615056,41.246792431785316,28.70872234783445,20.008641832943773,31.64313749871232,30.122819408087857,28.958688317121627,30.91372813950811,29.834090593354837,26.62408735013537
EFT:-13.215143326615056,41.246792431785316,28.70872234783445,20.008641832943773,31.643137498712317,30.122819408087857,28.958688317121627,30.91372813950811,29.834090593354837,26.62408735013537
Random264
Raw:-13.215143326615056,41.246792431785316,28.70872234783445,20.008641832943773,31.64313749871232,30.122819408087857,28.958688317121627,30.91372813950811,29.834090593354837,26.62408735013537
EFT:-13.215143326615056,41.246792431785316,28.70872234783445,20.008641832943773,31.643137498712317,30.122819408087857,28.958688317121627,30.91372813950811,29.834090593354837,26.62408735013537
Random265
Raw:-13.215143326615056,41.246792431785316,28.70872234783445,20.008641832943773,31.64313749871232,30.122819408087857,28.958688317121627,30.91372813950811,29.834090593354837,26.62408735013537
EFT:-13.215143326615056,41.246792431785316,28.70872234783445,20.008641832943773,31.643137498712317,30.122819408087857,28.958688317121627,30.91372813950811,29.834090593354837,26.62408735013537
Random266
Raw:-13.215143326615056,41.246792431785316,28.70872234783445,20.008641832943773,31.64313749871232,30.122819408087857,28.958688317121627,30.91372813950811,29.834090593354837,26.62408735013537
EFT:-13.215143326615056,41.246792431785316,28.70872234783445,20.008641832943773,31.643137498712317,30.122819408087857,28.958688317121627,30.91372813950811,29.834090593354837,26.62408735013537
Random267
Raw:-13.215143326615056,41.246792431785316,28.70872234783445,20.008641832943773,31.64313749871232,30.122819408087857,28.958688317121627,30.91372813950811,29.834090593354837,26.62408735013537
EFT:-13.215143326615056,41.246792431785316,28.70872234783445,20.008641832943773,31.643137498712317,30.122819408087857,28.958688317121627,30.91372813950811,29.834090593354837,26.62408735013537
Random268
Raw:-13.215143326615056,41.246792431785316,28.70872234783445,20.008641832943773,31.64313749871232,30.122819408087857,28.958688317121627,30.91372813950811,29.834090593354837,26.62408735013537
EFT:-13.215143326615056,41.246792431785316,28.70872234783445,20.008641832943773,31.643137498712317,30.122819408087857,28.958688317121627,30.91372813950811,29.834090593354837,26.62408735013537
Random269
Raw:-13.215143326615056,41.246792431785316,28.70872234783445,20.008641832943773,31.64313749871232,30.122819408087857,28.958688317121627,30.91372813950811,29.834090593354837,26.62408735013537
EFT:-13.215143326615056,41.246792431785316,28.70872234783445,20.008641832943773,31.643137498712317,30.122819408087857,28.958688317121627,30.91372813950811,29.834090593354837,26.62408735013537
Random270
Raw:-13.215143326615056,41.246792431785316,28.70872234783445,20.008641832943773,31.64313749871232,30.122819408087857,28.958688317121627,30.91372813950811,29.834090593354837,26.62408735013537
EFT:-13.215143326615056,41.246792431785316,28.70872234783445,20.008641832943773,31.643137498712317,30.122819408087857,28.958688317121627,30.91372813950811,29.834090593354837,26.62408735013537
Random271
Raw:-13.215143326615056,41.246792431785316,28.70872234783445,20.008641832943773,31.64313749871232,30.122819408087857,28.958688317121627,30.91372813950811,29.834090593354837,26.62408735013537
EFT:-13.215143326615056,41.246792431785316,28.70872234783445,20.008641832943773,31.643137498712317,30.122819408087857,28.958688317121627,30.91372813950811,29.834090593354837,26.62408735013537
Random272
Raw:-13.215143326615056,41.246792431785316,28.70872234783445,20.008641832943773,31.64313749871232,30.122819408087857,28.958688317121627,30.91372813950811,29.834090593354837,26.62408735013537
EFT:-13.215143326615056,41.246792431785316,28.70872234783445,20.008641832943773,31.643137498712317,30.122819408087857,28.958688317121627,30.91372813950811,29.834090593354837,26.62408735013537
Random273
Raw:-13.215143326615056,41.246792431785316,28.70872234783445,20.008641832943773,31.64313749871232,30.122819408087857,28.958688317121627,30.91372813950811,29.834090593354837,26.62408735013537
EFT:-13.215143326615056,41.246792431785316,28.70872234783445,20.008641832943773,31.643137498712317,30.122819408087857,28.958688317121627,30.91372813950811,29.834090593354837,26.62408735013537
Random274
Raw:-13.215143326615056,41.246792431785316,28.70872234783445,20.008641832943773,31.64313749871232,30.122819408087857,28.958688317121627,30.91372813950811,29.834090593354837,26.62408735013537
EFT:-13.215143326615056,41.246792431785316,28.70872234783445,20.008641832943773,31.643137498712317,30.122819408087857,28.958688317121627,30.91372813950811,29.834090593354837,26.62408735013537
Random275
Raw:-13.215143326615056,41.246792431785316,28.70872234783445,20.008641832943773,31.64313749871232,30.122819408087857,28.958688317121627,30.91372813950811,29.834090593354837,26.62408735013537
EFT:-13.215143326615056,41.246792431785316,28.70872234783445,20.008641832943773,31.643137498712317,30.122819408087857,28.958688317121627,30.91372813950811,29.834090593354837,26.62408735013537
Random276
Raw:-13.215143326615056,41.246792431785316,28.70872234783445,20.008641832943773,31.64313749871232,30.122819408087857,28.958688317121627,30.91372813950811,29.834090593354837,26.62408735013537
EFT:-13.215143326615056,41.246792431785316,28.70872234783445,20.008641832943773,31.643137498712317,30.122819408087857,28.958688317121627,30.91372813950811,29.834090593354837,26.62408735013537
Random277
Raw:-13.215143326615056,41.246792431785316,28.70872234783445,20.008641832943773,31.64313749871232,30.122819408087857,28.958688317121627,30.91372813950811,29.834090593354837,26.62408735013537
EFT:-13.215143326615056,41.246792431785316,28.70872234783445,20.008641832943773,31.643137498712317,30.122819408087857,28.958688317121627,30.91372813950811,29.834090593354837,26.62408735013537
Random278
Raw:-13.215143326615056,41.246792431785316,28.70872234783445,20.008641832943773,31.64313749871232,30.122819408087857,28.958688317121627,30.91372813950811,29.834090593354837,26.62408735013537
EFT:-13.215143326615056,41.246792431785316,28.70872234783445,20.008641832943773,31.643137498712317,30.122819408087857,28.958688317121627,30.91372813950811,29.834090593354837,26.62408735013537
Random279
Raw:-13.215143326615056,41.246792431785316,28.70872234783445,20.008641832943773,31.64313749871232,30.122819408087857,28.958688317121627,30.91372813950811,29.834090593354837,26.62408735013537
EFT:-13.215143326615056,41.246792431785316,28.70872234783445,20.008641832943773,31.643137498712317,30.122819408087857,28.958688317121627,30.91372813950811,29.834090593354837,26.62408735013537
Random280
Raw:-13.215143326615056,41.246792431785316,28.70872234783445,20.008641832943773,31.64313749871232,30.122819408087857,28.958688317121627,30.91372813950811,29.834090593354837,26.62408735013537
EFT:-13.215143326615056,41.246792431785316,28.70872234783445,20.008641832943773,31.643137498712317,30.122819408087857,28.958688317121627,30.91372813950811,29.834090593354837,26.62408735013537
Random281
Raw:-13.215143326615056,41.246792431785316,28.70872234783445,20.008641832943773,31.64313749871232,30.122819408087857,28.958688317121627,30.91372813950811,29.834090593354837,26.62408735013537
EFT:-13.215143326615056,41.246792431785316,28.70872234783445,20.008641832943773,31.643137498712317,30.122819408087857,28.958688317121627,30.91372813950811,29.834090593354837,26.62408735013537
Random282
Raw:-13.215143326615056,41.246792431785316,28.70872234783445,20.008641832943773,31.64313749871232,30.122819408087857,28.958688317121627,30.91372813950811,29.834090593354837,26.62408735013537
EFT:-13.215143326615056,41.246792431785316,28.70872234783445,20.008641832943773,31.643137498712317,30.122819408087857,28.958688317121627,30.91372813950811,29.834090593354837,26.62408735013537
Random283
Raw:-13.215143326615056,41.246792431785316,28.70872234783445,20.008641832943773,31.64313749871232,30.122819408087857,28.958688317121627,30.91372813950811,29.834090593354837,26.62408735013537
EFT:-13.215143326615056,41.246792431785316,28.70872234783445,20.008641832943773,31.643137498712317,30.122819408087857,28.958688317121627,30.91372813950811,29.834090593354837,26.62408735013537
Random284
Raw:-13.215143326615056,41.246792431785316,28.70872234783445,20.008641832943773,31.64313749871232,30.122819408087857,28.958688317121627,30.91372813950811,29.834090593354837,26.62408735013537
EFT:-13.215143326615056,41.246792431785316,28.70872234783445,20.008641832943773,31.643137498712317,30.122819408087857,28.958688317121627,30.91372813950811,29.834090593354837,26.62408735013537
Random285
Raw:-13.215143326615056,41.246792431785316,28.70872234783445,20.008641832943773,31.64313749871232,30.122819408087857,28.958688317121627,30.91372813950811,29.834090593354837,26.62408735013537
EFT:-13.215143326615056,41.246792431785316,28.70872234783445,20.008641832943773,31.643137498712317,30.122819408087857,28.958688317121627,30.91372813950811,29.834090593354837,26.62408735013537
Random286
Raw:-13.215143326615056,41.246792431785316,28.70872234783445,20.008641832943773,31.64313749871232,30.122819408087857,28.958688317121627,30.91372813950811,29.834090593354837,26.62408735013537
EFT:-13.215143326615056,41.246792431785316,28.70872234783445,20.008641832943773,31.643137498712317,30.122819408087857,28.958688317121627,30.91372813950811,29.834090593354837,26.62408735013537
Random287
Raw:-13.215143326615056,41.246792431785316,28.70872234783445,20.008641832943773,31.64313749871232,30.122819408087857,28.958688317121627,30.91372813950811,29.834090593354837,26.62408735013537
EFT:-13.215143326615056,41.246792431785316,28.70872234783445,20.008641832943773,31.643137498712317,30.122819408087857,28.958688317121627,30.91372813950811,29.834090593354837,26.62408735013537
Random288
Raw:-13.215143326615056,41.246792431785316,28.70872234783445,20.008641832943773,31.64313749871232,30.122819408087857,28.958688317121627,30.91372813950811,29.834090593354837,26.62408735013537
EFT:-13.215143326615056,41.246792431785316,28.70872234783445,20.008641832943773,31.643137498712317,30.122819408087857,28.958688317121627,30.91372813950811,29.834090593354837,26.62408735013537
Random289
Raw:-13.215143326615056,41.246792431785316,28.70872234783445,20.008641832943773,31.64313749871232,30.122819408087857,28.958688317121627,30.91372813950811,29.834090593354837,26.62408735013537
EFT:-13.215143326615056,41.246792431785316,28.70872234783445,20.008641832943773,31.643137498712317,30.122819408087857,28.958688317121627,30.91372813950811,29.834090593354837,26.62408735013537
Random290
Raw:-13.215143326615056,41.246792431785316,28.70872234783445,20.008641832943773,31.64313749871232,30.122819408087857,28.958688317121627,30.91372813950811,29.834090593354837,26.62408735013537
EFT:-13.215143326615056,41.246792431785316,28.70872234783445,20.008641832943773,31.643137498712317,30.122819408087857,28.958688317121627,30.91372813950811,29.834090593354837,26.62408735013537
Random291
Raw:-13.215143326615056,41.246792431785316,28.70872234783445,20.008641832943773,31.64313749871232,30.122819408087857,28.958688317121627,30.91372813950811,29.834090593354837,26.62408735013537
EFT:-13.215143326615056,41.246792431785316,28.70872234783445,20.008641832943773,31.643137498712317,30.122819408087857,28.958688317121627,30.91372813950811,29.834090593354837,26.62408735013537
Random292
Raw:-13.215143326615056,41.246792431785316,28.70872234783445,20.008641832943773,31.64313749871232,30.122819408087857,28.958688317121627,30.91372813950811,29.834090593354837,26.62408735013537
EFT:-13.215143326615056,41.246792431785316,28.70872234783445,20.008641832943773,31.643137498712317,30.122819408087857,28.958688317121627,30.91372813950811,29.834090593354837,26.62408735013537
Random293
Raw:-13.215143326615056,41.246792431785316,28.70872234783445,20.008641832943773,31.64313749871232,30.122819408087857,28.958688317121627,30.91372813950811,29.834090593354837,26.62408735013537
EFT:-13.215143326615056,41.246792431785316,28.70872234783445,20.008641832943773,31.643137498712317,30.122819408087857,28.958688317121627,30.91372813950811,29.834090593354837,26.62408735013537
Random294
Raw:-13.215143326615056,41.246792431785316,28.70872234783445,20.008641832943773,31.64313749871232,30.122819408087857,28.958688317121627,30.91372813950811,29.834090593354837,26.62408735013537
EFT:-13.215143326615056,41.246792431785316,28.70872234783445,20.008641832943773,31.643137498712317,30.122819408087857,28.958688317121627,30.91372813950811,29.834090593354837,26.62408735013537
Random295
Raw:-13.215143326615056,41.246792431785316,28.70872234783445,20.008641832943773,31.64313749871232,30.122819408087857,28.958688317121627,30.91372813950811,29.834090593354837,26.62408735013537
EFT:-13.215143326615056,41.246792431785316,28.70872234783445,20.008641832943773,31.643137498712317,30.122819408087857,28.958688317121627,30.91372813950811,29.834090593354837,26.62408735013537
Random296
Raw:-13.215143326615056,41.246792431785316,28.70872234783445,20.008641832943773,31.64313749871232,30.122819408087857,28.958688317121627,30.91372813950811,29.834090593354837,26.62408735013537
EFT:-13.215143326615056,41.246792431785316,28.70872234783445,20.008641832943773,31.643137498712317,30.122819408087857,28.958688317121627,30.91372813950811,29.834090593354837,26.62408735013537
Random297
Raw:-13.215143326615056,41.246792431785316,28.70872234783445,20.008641832943773,31.64313749871232,30.122819408087857,28.958688317121627,30.91372813950811,29.834090593354837,26.62408735013537
EFT:-13.215143326615056,41.246792431785316,28.70872234783445,20.008641832943773,31.643137498712317,30.122819408087857,28.958688317121627,30.91372813950811,29.834090593354837,26.62408735013537
Random298
Raw:-13.215143326615056,41.246792431785316,28.70872234783445,20.008641832943773,31.64313749871232,30.122819408087857,28.958688317121627,30.91372813950811,29.834090593354837,26.62408735013537
EFT:-13.215143326615056,41.246792431785316,28.70872234783445,20.008641832943773,31.643137498712317,30.122819408087857,28.958688317121627,30.91372813950811,29.834090593354837,26.62408735013537
Random299
Raw:-13.215143326615056,41.246792431785316,28.70872234783445,20.008641832943773,31.64313749871232,30.122819408087857,28.958688317121627,30.91372813950811,29.834090593354837,26.62408735013537
EFT:-13.215143326615056,41.246792431785316,28.70872234783445,20.008641832943773,31.643137498712317,30.122819408087857,28.958688317121627,30.91372813950811,29.834090593354837,26.62408735013537
Random300
Raw:-13.215143326615056,41.246792431785316,28.70872234783445,20.008641832943773,31.64313749871232,30.122819408087857,28.958688317121627,30.91372813950811,29.834090593354837,26.62408735013537
EFT:-13.215143326615056,41.246792431785316,28.70872234783445,20.008641832943773,31.643137498712317,30.122819408087857,28.958688317121627,30.91372813950811,29.834090593354837,26.62408735013537
