Ascend
Raw:-1.14062,-1.60938,1.85156,3.21875,-1.57031,-0.0732422,-6.875,-1.79688,1.21875,-0.351562
EFT:-1.21875,-1.55469,1.8125,3.25,-1.45312,-0.0654297,-7.03125,-1.75781,1.1875,-0.24707
Descend
Raw:-1.29688,-1.64062,1.77344,3.35938,-1.52344,-0.03125,-7.375,-1.76562,1.20312,-0.170898
EFT:-1.21875,-1.54688,1.8125,3.25,-1.45312,-0.0654297,-7.03125,-1.75781,1.1875,-0.24707
Random1
Raw:-1.26562,-1.54688,1.78906,3.28125,-1.4375,-0.0654297,-7.15625,-1.75,1.17188,-0.210938
EFT:-1.21875,-1.54688,1.8125,3.25,-1.45312,-0.0654297,-7.03125,-1.75781,1.1875,-0.24707
Random2
Raw:-1.16406,-1.59375,1.9375,3.21875,-1.60938,-0.129883,-6.90625,-1.82812,1.20312,-0.429688
EFT:-1.21875,-1.54688,1.8125,3.25,-1.45312,-0.0654297,-7.03125,-1.76562,1.17969,-0.24707
Random3
Raw:-1.28125,-1.5625,1.80469,3.3125,-1.45312,-0.0517578,-7.21875,-1.76562,1.1875,-0.1875
EFT:-1.21875,-1.54688,1.8125,3.25,-1.45312,-0.0654297,-7.03125,-1.75781,1.17969,-0.24707
Random4
Raw:-1.29688,-1.5625,1.82812,3.35938,-1.46094,-0.0429688,-7.25,-1.78125,1.20312,-0.21875
EFT:-1.21875,-1.54688,1.8125,3.25,-1.45312,-0.0654297,-7.03125,-1.76562,1.17969,-0.24707
Random5
Raw:-1.23438,-1.60938,1.89062,3.34375,-1.55469,-0.0537109,-7.15625,-1.84375,1.23438,-0.314453
EFT:-1.21875,-1.54688,1.8125,3.25,-1.45312,-0.0654297,-7.03125,-1.75781,1.17969,-0.24707
Random6
Raw:-1.32031,-1.57812,1.85938,3.40625,-1.48438,-0.0498047,-7.40625,-1.79688,1.21875,-0.222656
EFT:-1.21875,-1.54688,1.8125,3.25,-1.45312,-0.0654297,-7.03125,-1.76562,1.17969,-0.24707
Random7
Raw:-1.15625,-1.5625,1.82812,3.21875,-1.46094,-0.03125,-6.84375,-1.78125,1.21875,-0.271484
EFT:-1.21875,-1.54688,1.8125,3.25,-1.45312,-0.0654297,-7.03125,-1.76562,1.17969,-0.24707
Random8
Raw:-1.20312,-1.5625,1.78125,3.23438,-1.45312,-0.0439453,-7,-1.76562,1.20312,-0.234375
EFT:-1.21875,-1.54688,1.8125,3.25,-1.45312,-0.0654297,-7.03125,-1.76562,1.1875,-0.24707
Random9
Raw:-1.3125,-1.60938,1.77344,3.32812,-1.47656,-0.0439453,-7.3125,-1.76562,1.19531,-0.1875
EFT:-1.21875,-1.55469,1.8125,3.25,-1.45312,-0.0654297,-7.03125,-1.76562,1.17969,-0.24707
Random10
Raw:-1.23438,-1.57812,1.88281,3.32812,-1.49219,-0.0576172,-7.09375,-1.8125,1.20312,-0.285156
EFT:-1.21875,-1.54688,1.8125,3.25,-1.45312,-0.0654297,-7.03125,-1.76562,1.17969,-0.24707
Random11
Raw:-1.10156,-1.59375,1.8125,3.125,-1.52344,-0.0878906,-6.71875,-1.76562,1.1875,-0.335938
EFT:-1.21094,-1.55469,1.79688,3.25,-1.4375,-0.0407715,-7.03125,-1.76562,1.20312,-0.226562
Random12
Raw:-1.22656,-1.57812,1.92188,3.35938,-1.55469,-0.0693359,-7.09375,-1.85938,1.23438,-0.345703
EFT:-1.21875,-1.54688,1.8125,3.25,-1.45312,-0.0654297,-7.03125,-1.76562,1.1875,-0.24707
Random13
Raw:-1.21094,-1.54688,1.77344,3.23438,-1.40625,-0.03125,-7,-1.76562,1.19531,-0.206055
EFT:-1.21875,-1.54688,1.8125,3.25,-1.45312,-0.0654297,-7.03125,-1.75781,1.1875,-0.24707
Random14
Raw:-1.20312,-1.5625,1.8125,3.26562,-1.44531,-0.0166016,-7.03125,-1.76562,1.22656,-0.207031
EFT:-1.21875,-1.54688,1.8125,3.25,-1.45312,-0.0654297,-7.03125,-1.76562,1.1875,-0.24707
Random15
Raw:-1.28906,-1.65625,1.625,3.20312,-1.45312,-0.0605469,-7.34375,-1.70312,1.125,-0.109375
EFT:-1.21875,-1.54688,1.8125,3.25,-1.45312,-0.0654297,-7.03125,-1.76562,1.17969,-0.24707
Random16
Raw:-1.13281,-1.54688,1.78125,3.17188,-1.44531,-0.0419922,-6.75,-1.75,1.21875,-0.257812
EFT:-1.21875,-1.54688,1.8125,3.25,-1.45312,-0.0654297,-7.03125,-1.75781,1.1875,-0.24707
Random17
Raw:-1.22656,-1.57812,1.8125,3.3125,-1.47656,-0.00292969,-7.09375,-1.78125,1.23438,-0.212891
EFT:-1.21875,-1.54688,1.8125,3.25,-1.45312,-0.0654297,-7.03125,-1.75781,1.17969,-0.24707
Random18
Raw:-1.33594,-1.65625,1.71094,3.28125,-1.50781,-0.0732422,-7.40625,-1.71875,1.14062,-0.152344
EFT:-1.21875,-1.54688,1.8125,3.25,-1.45312,-0.0654297,-7.03125,-1.75781,1.17969,-0.24707
Random19
Raw:-1.20312,-1.5625,1.78906,3.20312,-1.44531,-0.0761719,-6.96875,-1.75,1.17188,-0.257812
EFT:-1.21875,-1.54688,1.8125,3.25,-1.45312,-0.0654297,-7.03125,-1.76562,1.1875,-0.24707
Random20
Raw:-1.30469,-1.5625,1.82031,3.32812,-1.45312,-0.0693359,-7.28125,-1.78125,1.17188,-0.234375
EFT:-1.21875,-1.55469,1.8125,3.25,-1.45312,-0.0654297,-7.03125,-1.75781,1.1875,-0.24707
Random21
Raw:-1.14844,-1.5625,1.72656,3.1875,-1.42188,-0.0224609,-6.875,-1.73438,1.21094,-0.203125
EFT:-1.21875,-1.54688,1.8125,3.25,-1.45312,-0.0654297,-7.03125,-1.76562,1.1875,-0.24707
Random22
Raw:-1.25,-1.5625,1.77344,3.29688,-1.44531,-0.0371094,-7.09375,-1.76562,1.20312,-0.208984
EFT:-1.21875,-1.55469,1.8125,3.25,-1.45312,-0.0654297,-7.03125,-1.76562,1.1875,-0.24707
Random23
Raw:-1.21875,-1.54688,1.76562,3.28125,-1.42188,-0.0263672,-7.03125,-1.75,1.19531,-0.191406
EFT:-1.21875,-1.54688,1.8125,3.25,-1.45312,-0.0654297,-7.03125,-1.76562,1.17969,-0.24707
Random24
Raw:-1.39844,-1.64062,1.82031,3.46875,-1.57812,-0.0576172,-7.65625,-1.79688,1.19531,-0.201172
EFT:-1.21875,-1.55469,1.8125,3.25,-1.45312,-0.0654297,-7.03125,-1.76562,1.17969,-0.24707
Random25
Raw:-1.17188,-1.59375,1.78906,3.28125,-1.47656,-0.000976562,-7,-1.76562,1.25,-0.220703
EFT:-1.21875,-1.55469,1.8125,3.25,-1.45312,-0.0654297,-7.03125,-1.76562,1.1875,-0.24707
Random26
Raw:-1.28906,-1.57812,1.89844,3.375,-1.50781,-0.0830078,-7.25,-1.84375,1.1875,-0.294922
EFT:-1.21875,-1.54688,1.8125,3.25,-1.45312,-0.0654297,-7.03125,-1.76562,1.1875,-0.24707
Random27
Raw:-1.26562,-1.57812,1.83594,3.3125,-1.5,-0.0869141,-7.21875,-1.78125,1.17188,-0.285156
EFT:-1.21875,-1.54688,1.8125,3.25,-1.45312,-0.0654297,-7.03125,-1.76562,1.1875,-0.24707
Random28
Raw:-1.25,-1.5625,1.80469,3.29688,-1.46094,-0.0341797,-7.15625,-1.76562,1.20312,-0.230469
EFT:-1.21875,-1.54688,1.8125,3.25,-1.45312,-0.0654297,-7.03125,-1.75781,1.17969,-0.24707
Random29
Raw:-1.21875,-1.59375,1.96094,3.3125,-1.61719,-0.120117,-7.03125,-1.875,1.21094,-0.429688
EFT:-1.21875,-1.54688,1.8125,3.25,-1.45312,-0.0654297,-7.03125,-1.76562,1.17969,-0.24707
Random30
Raw:-1.26562,-1.54688,1.85156,3.375,-1.47656,-0.0292969,-7.15625,-1.79688,1.24219,-0.246094
EFT:-1.21875,-1.55469,1.8125,3.25,-1.45312,-0.0654297,-7.03125,-1.75781,1.1875,-0.24707
Random31
Raw:-1.1875,-1.5625,1.80469,3.17188,-1.46094,-0.0927734,-6.9375,-1.75,1.17188,-0.265625
EFT:-1.21875,-1.54688,1.8125,3.25,-1.45312,-0.0654297,-7.03125,-1.75781,1.17969,-0.24707
Random32
Raw:-1.29688,-1.57812,1.74219,3.29688,-1.47656,-0.0576172,-7.28125,-1.73438,1.17188,-0.1875
EFT:-1.21875,-1.55469,1.8125,3.25,-1.45312,-0.0654297,-7.03125,-1.76562,1.1875,-0.24707
Random33
Raw:-1.25781,-1.53125,1.78125,3.25,-1.42188,-0.0673828,-7.15625,-1.73438,1.17188,-0.198242
EFT:-1.21875,-1.54688,1.8125,3.25,-1.45312,-0.0654297,-7.03125,-1.76562,1.1875,-0.24707
Random34
Raw:-1.09375,-1.59375,1.67969,3.0625,-1.48438,-0.0605469,-6.78125,-1.70312,1.17969,-0.246094
EFT:-1.21875,-1.54688,1.8125,3.25,-1.45312,-0.0654297,-7.03125,-1.76562,1.1875,-0.24707
Random35
Raw:-1.25,-1.5625,1.77344,3.28125,-1.42969,-0.0341797,-7.125,-1.76562,1.1875,-0.1875
EFT:-1.21875,-1.54688,1.8125,3.25,-1.45312,-0.0654297,-7.03125,-1.76562,1.17969,-0.24707
Random36
Raw:-1.16406,-1.59375,1.82031,3.21875,-1.50781,-0.0498047,-6.875,-1.78125,1.21875,-0.302734
EFT:-1.21875,-1.54688,1.8125,3.25,-1.45312,-0.0654297,-7.03125,-1.75781,1.1875,-0.24707
Random37
Raw:-1.35156,-1.5625,1.88281,3.42188,-1.53125,-0.078125,-7.40625,-1.8125,1.21094,-0.246094
EFT:-1.21875,-1.55469,1.8125,3.25,-1.45312,-0.0654297,-7.03125,-1.76562,1.1875,-0.24707
Random38
Raw:-1.21094,-1.57812,1.84375,3.26562,-1.51562,-0.0820312,-7.03125,-1.78125,1.1875,-0.3125
EFT:-1.21875,-1.54688,1.8125,3.25,-1.45312,-0.0654297,-7.03125,-1.75781,1.17969,-0.24707
Random39
Raw:-1.25781,-1.57812,1.92969,3.375,-1.53125,-0.0888672,-7.1875,-1.85938,1.21875,-0.339844
EFT:-1.21875,-1.54688,1.8125,3.25,-1.45312,-0.0654297,-7.03125,-1.76562,1.1875,-0.24707
Random40
Raw:-1.20312,-1.57812,1.86719,3.26562,-1.50781,-0.0712891,-7,-1.79688,1.19531,-0.308594
EFT:-1.21875,-1.54688,1.8125,3.25,-1.45312,-0.0654297,-7.03125,-1.75781,1.1875,-0.24707
Random41
Raw:-1.32812,-1.59375,1.73438,3.3125,-1.48438,-0.0859375,-7.40625,-1.73438,1.14844,-0.171875
EFT:-1.21875,-1.55469,1.8125,3.25,-1.45312,-0.0654297,-7.03125,-1.75781,1.17969,-0.24707
Random42
Raw:-1.17969,-1.57812,1.84375,3.21875,-1.53906,-0.0810547,-6.96875,-1.79688,1.19531,-0.328125
EFT:-1.21875,-1.54688,1.8125,3.25,-1.45312,-0.0654297,-7.03125,-1.76562,1.17969,-0.24707
Random43
Raw:-1.20312,-1.5625,1.88281,3.26562,-1.52344,-0.109375,-6.96875,-1.8125,1.1875,-0.339844
EFT:-1.21875,-1.55469,1.8125,3.25,-1.45312,-0.0654297,-7.03125,-1.76562,1.1875,-0.24707
Random44
Raw:-1.26562,-1.54688,1.88281,3.26562,-1.50781,-0.130859,-7.09375,-1.8125,1.17188,-0.335938
EFT:-1.21875,-1.54688,1.8125,3.25,-1.45312,-0.0654297,-7.03125,-1.76562,1.17969,-0.24707
Random45
Raw:-1.20312,-1.57812,1.85156,3.28125,-1.50781,-0.0595703,-7,-1.79688,1.21875,-0.283203
EFT:-1.21094,-1.55469,1.79688,3.25,-1.4375,-0.0407715,-7.03125,-1.75781,1.20312,-0.226562
Random46
Raw:-1.1875,-1.54688,1.8125,3.20312,-1.42969,-0.0576172,-6.875,-1.76562,1.1875,-0.261719
EFT:-1.21875,-1.54688,1.8125,3.25,-1.45312,-0.0654297,-7.03125,-1.76562,1.17969,-0.24707
Random47
Raw:-1.125,-1.60938,1.75,3.15625,-1.49219,-0.0214844,-6.84375,-1.75,1.24219,-0.234375
EFT:-1.21875,-1.54688,1.8125,3.25,-1.45312,-0.0654297,-7.03125,-1.75781,1.17969,-0.24707
Random48
Raw:-1.25,-1.54688,1.85156,3.28125,-1.46094,-0.0654297,-7.125,-1.79688,1.1875,-0.265625
EFT:-1.21875,-1.55469,1.8125,3.25,-1.45312,-0.0654297,-7.03125,-1.75781,1.17969,-0.24707
Random49
Raw:-1.21875,-1.59375,1.71094,3.21875,-1.42188,-0.0195312,-7.03125,-1.73438,1.16406,-0.15625
EFT:-1.21875,-1.54688,1.8125,3.25,-1.45312,-0.0654297,-7.03125,-1.75781,1.17969,-0.24707
Random50
Raw:-1.15625,-1.5625,1.77344,3.17188,-1.46094,-0.0498047,-6.84375,-1.75,1.20312,-0.271484
EFT:-1.21094,-1.5625,1.79688,3.25,-1.4375,-0.0397949,-7.03125,-1.76562,1.20312,-0.226562
Random51
Raw:-1.14062,-1.57812,1.76562,3.17188,-1.4375,-0.0263672,-6.78125,-1.75,1.21875,-0.234375
EFT:-1.21875,-1.54688,1.8125,3.25,-1.45312,-0.0654297,-7.03125,-1.76562,1.17969,-0.24707
Random52
Raw:-1.17969,-1.5625,1.92969,3.28125,-1.55469,-0.0522461,-6.84375,-1.85938,1.25,-0.382812
EFT:-1.21875,-1.55469,1.8125,3.25,-1.45312,-0.0654297,-7.03125,-1.76562,1.17969,-0.24707
Random53
Raw:-1.09375,-1.60938,2.01562,3.14062,-1.72656,-0.202148,-6.65625,-1.875,1.20312,-0.585938
EFT:-1.21094,-1.5625,1.79688,3.25,-1.4375,-0.041748,-7.03125,-1.76562,1.20312,-0.222656
Random54
Raw:-1.22656,-1.57812,1.82031,3.28125,-1.49219,-0.0673828,-7.125,-1.79688,1.1875,-0.265625
EFT:-1.21875,-1.54688,1.8125,3.25,-1.45312,-0.0654297,-7.03125,-1.76562,1.1875,-0.24707
Random55
Raw:-1.27344,-1.57812,1.83594,3.34375,-1.49219,-0.0527344,-7.21875,-1.79688,1.20312,-0.234375
EFT:-1.21875,-1.54688,1.8125,3.25,-1.45312,-0.0654297,-7.03125,-1.75781,1.17969,-0.24707
Random56
Raw:-1.26562,-1.5625,1.83594,3.3125,-1.44531,-0.0458984,-7.15625,-1.78125,1.20312,-0.230469
EFT:-1.21875,-1.54688,1.8125,3.25,-1.45312,-0.0654297,-7.03125,-1.75781,1.17969,-0.24707
Random57
Raw:-1.15625,-1.59375,1.78125,3.15625,-1.50781,-0.112305,-6.875,-1.76562,1.17188,-0.310547
EFT:-1.21875,-1.55469,1.8125,3.25,-1.45312,-0.0654297,-7.03125,-1.75781,1.1875,-0.24707
Random58
Raw:-1.1875,-1.54688,1.78906,3.20312,-1.41406,-0.0634766,-6.90625,-1.75,1.1875,-0.230469
EFT:-1.21094,-1.54688,1.8125,3.25,-1.45312,-0.0644531,-7.03125,-1.76562,1.1875,-0.25
Random59
Raw:-1.22656,-1.54688,1.78906,3.23438,-1.45312,-0.0576172,-7.03125,-1.75,1.20312,-0.230469
EFT:-1.21094,-1.5625,1.79688,3.25,-1.4375,-0.0407715,-7.03125,-1.75781,1.20312,-0.226562
Random60
Raw:-1.27344,-1.59375,1.74219,3.26562,-1.46094,-0.0380859,-7.21875,-1.73438,1.1875,-0.181641
EFT:-1.21875,-1.54688,1.8125,3.25,-1.45312,-0.0654297,-7.03125,-1.75781,1.1875,-0.24707
Random61
Raw:-1.20312,-1.57812,1.79688,3.20312,-1.5,-0.104492,-7.03125,-1.76562,1.16406,-0.289062
EFT:-1.21875,-1.54688,1.8125,3.25,-1.45312,-0.0654297,-7.03125,-1.75781,1.1875,-0.24707
Random62
Raw:-1.20312,-1.59375,1.82812,3.25,-1.50781,-0.0537109,-7.03125,-1.78125,1.21875,-0.269531
EFT:-1.21875,-1.54688,1.79688,3.25,-1.4375,-0.046875,-7.03125,-1.75781,1.1875,-0.228516
Random63
Raw:-1.21875,-1.57812,1.80469,3.25,-1.47656,-0.0732422,-7.09375,-1.78125,1.17188,-0.25
EFT:-1.21875,-1.55469,1.8125,3.25,-1.45312,-0.0654297,-7.03125,-1.76562,1.1875,-0.24707
Random64
Raw:-1.21875,-1.59375,1.78125,3.28125,-1.5,-0.0507812,-7.09375,-1.78125,1.20312,-0.246094
EFT:-1.21875,-1.54688,1.8125,3.25,-1.45312,-0.0654297,-7.03125,-1.75781,1.17969,-0.24707
Random65
Raw:-1.19531,-1.5625,1.85156,3.21875,-1.52344,-0.104492,-6.96875,-1.79688,1.1875,-0.349609
EFT:-1.21875,-1.54688,1.8125,3.25,-1.45312,-0.0654297,-7.03125,-1.76562,1.17969,-0.24707
Random66
Raw:-1.27344,-1.5625,1.92969,3.35938,-1.51562,-0.0751953,-7.125,-1.84375,1.21875,-0.34375
EFT:-1.21875,-1.54688,1.8125,3.25,-1.45312,-0.0654297,-7.03125,-1.75781,1.17969,-0.24707
Random67
Raw:-1.17188,-1.57812,1.92969,3.23438,-1.64062,-0.137695,-6.90625,-1.82812,1.20312,-0.445312
EFT:-1.21875,-1.54688,1.8125,3.25,-1.45312,-0.0654297,-7.03125,-1.76562,1.17969,-0.24707
Random68
Raw:-1.32031,-1.5625,1.89844,3.375,-1.5,-0.0791016,-7.28125,-1.82812,1.20312,-0.275391
EFT:-1.21094,-1.5625,1.79688,3.25,-1.4375,-0.0407715,-7.03125,-1.76562,1.20312,-0.226562
Random69
Raw:-1.29688,-1.5625,1.875,3.40625,-1.49219,-0.0498047,-7.28125,-1.8125,1.21875,-0.246094
EFT:-1.21094,-1.55469,1.79688,3.25,-1.4375,-0.041748,-7.03125,-1.76562,1.19531,-0.222656
Random70
Raw:-1.17188,-1.57812,1.85938,3.21875,-1.53125,-0.105469,-6.90625,-1.79688,1.20312,-0.339844
EFT:-1.21875,-1.54688,1.8125,3.25,-1.45312,-0.0654297,-7.03125,-1.76562,1.17969,-0.24707
Random71
Raw:-1.27344,-1.5625,1.82031,3.28125,-1.49219,-0.108398,-7.25,-1.78125,1.15625,-0.265625
EFT:-1.21875,-1.54688,1.8125,3.25,-1.45312,-0.0654297,-7.03125,-1.75781,1.17969,-0.24707
Random72
Raw:-1.20312,-1.5625,1.85938,3.26562,-1.47656,-0.0673828,-7,-1.79688,1.21094,-0.285156
EFT:-1.21875,-1.54688,1.8125,3.25,-1.45312,-0.0654297,-7.03125,-1.76562,1.17969,-0.24707
Random73
Raw:-1.29688,-1.57812,1.88281,3.35938,-1.50781,-0.0732422,-7.25,-1.82812,1.1875,-0.275391
EFT:-1.21875,-1.54688,1.8125,3.25,-1.45312,-0.0654297,-7.03125,-1.76562,1.17969,-0.24707
Random74
Raw:-1.21875,-1.5625,1.875,3.28125,-1.49219,-0.0712891,-7.03125,-1.8125,1.20312,-0.308594
EFT:-1.21094,-1.55469,1.79688,3.25,-1.4375,-0.041748,-7.03125,-1.75781,1.20312,-0.222656
Random75
Raw:-1.24219,-1.57812,1.83594,3.25,-1.5,-0.0927734,-7.15625,-1.76562,1.17188,-0.277344
EFT:-1.21875,-1.54688,1.8125,3.25,-1.45312,-0.0654297,-7.03125,-1.75781,1.1875,-0.24707
Random76
Raw:-1.27344,-1.65625,1.59375,3.15625,-1.4375,-0.0693359,-7.28125,-1.67188,1.10156,-0.0976562
EFT:-1.21875,-1.55469,1.8125,3.25,-1.45312,-0.0654297,-7.03125,-1.75781,1.17969,-0.24707
Random77
Raw:-1.22656,-1.53125,1.83594,3.23438,-1.4375,-0.0634766,-7,-1.78125,1.17188,-0.265625
EFT:-1.21875,-1.54688,1.8125,3.25,-1.45312,-0.0654297,-7.03125,-1.76562,1.17969,-0.24707
Random78
Raw:-1.20312,-1.57812,1.84375,3.28125,-1.50781,-0.0693359,-7.0625,-1.78125,1.20312,-0.296875
EFT:-1.21875,-1.54688,1.8125,3.25,-1.45312,-0.0654297,-7.03125,-1.76562,1.17969,-0.24707
Random79
Raw:-1.16406,-1.53125,1.75,3.17188,-1.39062,-0.0244141,-6.84375,-1.73438,1.21875,-0.197266
EFT:-1.21875,-1.54688,1.8125,3.25,-1.45312,-0.0654297,-7.03125,-1.76562,1.17969,-0.24707
Random80
Raw:-1.19531,-1.54688,1.80469,3.21875,-1.44531,-0.0556641,-6.9375,-1.76562,1.1875,-0.25
EFT:-1.21875,-1.54688,1.8125,3.25,-1.45312,-0.0654297,-7.03125,-1.75781,1.17969,-0.24707
Random81
Raw:-1.17188,-1.57812,1.80469,3.21875,-1.45312,-0.0551758,-6.90625,-1.78125,1.20312,-0.269531
EFT:-1.21875,-1.54688,1.8125,3.25,-1.45312,-0.0654297,-7.03125,-1.75781,1.1875,-0.24707
Random82
Raw:-1.20312,-1.5625,1.80469,3.20312,-1.44531,-0.0639648,-6.9375,-1.75,1.17188,-0.25
EFT:-1.21875,-1.54688,1.8125,3.25,-1.45312,-0.0654297,-7.03125,-1.75781,1.1875,-0.24707
Random83
Raw:-1.13281,-1.57812,1.6875,3.10938,-1.42969,-0.0429688,-6.84375,-1.70312,1.1875,-0.1875
EFT:-1.21875,-1.54688,1.8125,3.25,-1.45312,-0.0654297,-7.03125,-1.76562,1.1875,-0.24707
Random84
Raw:-1.23438,-1.5625,1.76562,3.28125,-1.4375,-0.0244141,-7.09375,-1.75,1.20312,-0.191406
EFT:-1.21875,-1.54688,1.8125,3.25,-1.45312,-0.0654297,-7.03125,-1.76562,1.17969,-0.24707
Random85
Raw:-1.17969,-1.57812,1.86719,3.20312,-1.55469,-0.135742,-6.875,-1.79688,1.1875,-0.365234
EFT:-1.21875,-1.55469,1.8125,3.25,-1.45312,-0.0654297,-7.03125,-1.75781,1.1875,-0.24707
Random86
Raw:-1.25,-1.57812,1.96094,3.375,-1.5625,-0.0722656,-7.125,-1.875,1.25,-0.378906
EFT:-1.21875,-1.54688,1.8125,3.25,-1.45312,-0.0654297,-7.03125,-1.76562,1.17969,-0.24707
Random87
Raw:-1.27344,-1.59375,1.9375,3.375,-1.61719,-0.118164,-7.25,-1.85938,1.20312,-0.382812
EFT:-1.21875,-1.55469,1.8125,3.25,-1.45312,-0.0654297,-7.03125,-1.75781,1.17969,-0.24707
Random88
Raw:-1.125,-1.54688,1.73438,3.15625,-1.375,-0.0107422,-6.78125,-1.71875,1.21875,-0.1875
EFT:-1.21875,-1.54688,1.8125,3.25,-1.45312,-0.0654297,-7.03125,-1.76562,1.1875,-0.24707
Random89
Raw:-1.15625,-1.64062,1.64062,3.14062,-1.42969,-0.0185547,-6.9375,-1.70312,1.17188,-0.134766
EFT:-1.21875,-1.54688,1.8125,3.25,-1.45312,-0.0654297,-7.03125,-1.76562,1.1875,-0.24707
Random90
Raw:-1.26562,-1.54688,1.85156,3.3125,-1.46094,-0.0419922,-7.125,-1.79688,1.20312,-0.261719
EFT:-1.21094,-1.5625,1.79688,3.25,-1.4375,-0.0427246,-7.03125,-1.76562,1.20312,-0.222656
Random91
Raw:-1.25,-1.57812,1.69531,3.23438,-1.42188,-0.0400391,-7.15625,-1.70312,1.17188,-0.151367
EFT:-1.21875,-1.54688,1.8125,3.25,-1.45312,-0.0654297,-7.03125,-1.76562,1.17969,-0.24707
Random92
Raw:-1.25,-1.54688,1.86719,3.34375,-1.45312,-0.0537109,-7.09375,-1.8125,1.20312,-0.265625
EFT:-1.21875,-1.55469,1.8125,3.25,-1.45312,-0.0654297,-7.03125,-1.75781,1.17969,-0.24707
Random93
Raw:-1.14844,-1.57812,1.78125,3.15625,-1.50781,-0.0986328,-6.8125,-1.73438,1.19531,-0.308594
EFT:-1.21875,-1.54688,1.8125,3.25,-1.45312,-0.0654297,-7.03125,-1.76562,1.1875,-0.24707
Random94
Raw:-1.1875,-1.53125,1.77344,3.1875,-1.42969,-0.0830078,-6.875,-1.75,1.17188,-0.257812
EFT:-1.21875,-1.54688,1.8125,3.25,-1.45312,-0.0654297,-7.03125,-1.76562,1.17969,-0.24707
Random95
Raw:-1.14844,-1.5625,1.67969,3.125,-1.38281,-0.0107422,-6.8125,-1.6875,1.1875,-0.164062
EFT:-1.21875,-1.54688,1.8125,3.25,-1.45312,-0.0654297,-7.03125,-1.75781,1.17969,-0.24707
Random96
Raw:-1.34375,-1.625,1.73438,3.32812,-1.49219,-0.0683594,-7.4375,-1.75,1.15625,-0.152344
EFT:-1.21094,-1.55469,1.79688,3.25,-1.4375,-0.0407715,-7.03125,-1.76562,1.20312,-0.226562
Random97
Raw:-1.20312,-1.57812,1.78906,3.25,-1.47656,-0.0478516,-7.03125,-1.76562,1.20312,-0.234375
EFT:-1.21875,-1.55469,1.8125,3.25,-1.45312,-0.0654297,-7.03125,-1.75781,1.17969,-0.24707
Random98
Raw:-1.29688,-1.5625,1.85156,3.32812,-1.46094,-0.0634766,-7.28125,-1.79688,1.1875,-0.230469
EFT:-1.21875,-1.54688,1.8125,3.25,-1.45312,-0.0654297,-7.03125,-1.75781,1.17969,-0.24707
Random99
Raw:-1.23438,-1.54688,1.74219,3.25,-1.39844,-0.0283203,-7.03125,-1.73438,1.17188,-0.171875
EFT:-1.21875,-1.54688,1.8125,3.25,-1.45312,-0.0654297,-7.03125,-1.75781,1.1875,-0.24707
Random100
Raw:-1.21094,-1.57812,1.88281,3.3125,-1.51562,-0.0537109,-7.0625,-1.8125,1.22656,-0.3125
EFT:-1.21875,-1.55469,1.8125,3.25,-1.45312,-0.0654297,-7.03125,-1.75781,1.17969,-0.24707
Random101
Raw:-1.21875,-1.54688,1.8125,3.21875,-1.42188,-0.0664062,-7.03125,-1.76562,1.16406,-0.234375
EFT:-1.21875,-1.54688,1.8125,3.25,-1.45312,-0.0654297,-7.03125,-1.76562,1.17969,-0.24707
Random102
Raw:-1.15625,-1.54688,1.86719,3.17188,-1.52344,-0.104492,-6.78125,-1.78125,1.20312,-0.394531
EFT:-1.21875,-1.55469,1.8125,3.25,-1.45312,-0.0654297,-7.03125,-1.76562,1.17969,-0.24707
Random103
Raw:-1.25,-1.57812,1.92969,3.35938,-1.57812,-0.0966797,-7.125,-1.85938,1.21875,-0.390625
EFT:-1.21875,-1.55469,1.8125,3.25,-1.45312,-0.0654297,-7.03125,-1.75781,1.1875,-0.24707
Random104
Raw:-1.25,-1.57812,1.83594,3.3125,-1.49219,-0.0527344,-7.1875,-1.78125,1.19531,-0.251953
EFT:-1.21875,-1.54688,1.8125,3.25,-1.45312,-0.0654297,-7.03125,-1.76562,1.17969,-0.24707
Random105
Raw:-1.10938,-1.54688,1.72656,3.0625,-1.4375,-0.0810547,-6.6875,-1.70312,1.16406,-0.257812
EFT:-1.21875,-1.54688,1.8125,3.25,-1.45312,-0.0654297,-7.03125,-1.76562,1.1875,-0.24707
Random106
Raw:-1.38281,-1.70312,1.71875,3.375,-1.55469,-0.0556641,-7.625,-1.76562,1.15625,-0.144531
EFT:-1.21875,-1.54688,1.8125,3.25,-1.45312,-0.0654297,-7.03125,-1.75781,1.17969,-0.24707
Random107
Raw:-1.34375,-1.60938,1.80469,3.40625,-1.50781,-0.0576172,-7.5,-1.78125,1.20312,-0.188477
EFT:-1.21094,-1.5625,1.79688,3.25,-1.4375,-0.0397949,-7.03125,-1.76562,1.19531,-0.226562
Random108
Raw:-1.29688,-1.5625,1.71875,3.25,-1.44531,-0.0615234,-7.1875,-1.71875,1.15625,-0.169922
EFT:-1.21875,-1.54688,1.8125,3.25,-1.45312,-0.0654297,-7.03125,-1.76562,1.1875,-0.24707
Random109
Raw:-1.16406,-1.5625,1.8125,3.125,-1.53125,-0.142578,-6.84375,-1.75,1.15625,-0.347656
EFT:-1.21875,-1.54688,1.8125,3.25,-1.45312,-0.0654297,-7.03125,-1.75781,1.1875,-0.24707
Random110
Raw:-1.14844,-1.54688,1.70312,3.14062,-1.375,0.00488281,-6.84375,-1.70312,1.20312,-0.148438
EFT:-1.21094,-1.55469,1.79688,3.25,-1.4375,-0.041748,-7.03125,-1.76562,1.19531,-0.222656
Random111
Raw:-1.15625,-1.54688,1.67969,3.125,-1.39844,-0.0449219,-6.84375,-1.6875,1.17188,-0.189453
EFT:-1.21875,-1.54688,1.8125,3.25,-1.45312,-0.0654297,-7.03125,-1.75781,1.1875,-0.24707
Random112
Raw:-1.35938,-1.57812,1.92969,3.45312,-1.52344,-0.0830078,-7.46875,-1.85938,1.1875,-0.273438
EFT:-1.21875,-1.54688,1.8125,3.25,-1.45312,-0.0654297,-7.03125,-1.75781,1.1875,-0.24707
Random113
Raw:-1.25781,-1.6875,1.63281,3.1875,-1.50781,-0.0341797,-7.28125,-1.70312,1.14062,-0.136719
EFT:-1.21875,-1.54688,1.8125,3.25,-1.45312,-0.0654297,-7.03125,-1.75781,1.1875,-0.24707
Random114
Raw:-1.32812,-1.5625,1.9375,3.42188,-1.50781,-0.0693359,-7.34375,-1.85938,1.21094,-0.289062
EFT:-1.21875,-1.54688,1.8125,3.25,-1.45312,-0.0654297,-7.03125,-1.76562,1.17969,-0.24707
Random115
Raw:-1.26562,-1.54688,1.84375,3.3125,-1.46094,-0.0361328,-7.125,-1.79688,1.21094,-0.232422
EFT:-1.21875,-1.54688,1.8125,3.25,-1.45312,-0.0654297,-7.03125,-1.75781,1.1875,-0.24707
Random116
Raw:-1.1875,-1.5625,1.71094,3.1875,-1.39062,-0.0205078,-6.9375,-1.71875,1.1875,-0.167969
EFT:-1.21875,-1.55469,1.8125,3.25,-1.45312,-0.0654297,-7.03125,-1.76562,1.17969,-0.24707
Random117
Raw:-1.3125,-1.625,1.78906,3.39062,-1.49219,-0.0507812,-7.4375,-1.78125,1.1875,-0.177734
EFT:-1.21875,-1.54688,1.8125,3.25,-1.45312,-0.0654297,-7.03125,-1.75781,1.1875,-0.24707
Random118
Raw:-1.30469,-1.57812,1.875,3.39062,-1.50781,-0.0771484,-7.375,-1.8125,1.1875,-0.242188
EFT:-1.21875,-1.55469,1.8125,3.25,-1.45312,-0.0654297,-7.03125,-1.76562,1.17969,-0.24707
Random119
Raw:-1.1875,-1.59375,1.82812,3.23438,-1.51562,-0.0712891,-6.96875,-1.76562,1.1875,-0.308594
EFT:-1.21875,-1.54688,1.8125,3.25,-1.45312,-0.0654297,-7.03125,-1.76562,1.1875,-0.24707
Random120
Raw:-1.125,-1.57812,1.78125,3.125,-1.5,-0.0732422,-6.78125,-1.75,1.19531,-0.3125
EFT:-1.21875,-1.54688,1.8125,3.25,-1.45312,-0.0654297,-7.03125,-1.75781,1.17969,-0.24707
Random121
Raw:-1.15625,-1.57812,1.9375,3.23438,-1.58594,-0.110352,-6.875,-1.82812,1.21094,-0.421875
EFT:-1.21875,-1.54688,1.8125,3.25,-1.45312,-0.0654297,-7.03125,-1.76562,1.1875,-0.24707
Random122
Raw:-1.35938,-1.5625,1.8125,3.375,-1.49219,-0.0966797,-7.4375,-1.76562,1.17188,-0.207031
EFT:-1.21875,-1.54688,1.8125,3.25,-1.45312,-0.0654297,-7.03125,-1.76562,1.1875,-0.24707
Random123
Raw:-1.1875,-1.57812,1.86719,3.23438,-1.54688,-0.0888672,-6.9375,-1.79688,1.20312,-0.353516
EFT:-1.21875,-1.54688,1.8125,3.25,-1.45312,-0.0654297,-7.03125,-1.76562,1.17969,-0.24707
Random124
Raw:-1.22656,-1.57812,1.83594,3.29688,-1.49219,-0.0634766,-7.09375,-1.79688,1.20312,-0.269531
EFT:-1.21875,-1.54688,1.8125,3.25,-1.45312,-0.0654297,-7.03125,-1.75781,1.17969,-0.24707
Random125
Raw:-1.21094,-1.5625,1.80469,3.21875,-1.46094,-0.0712891,-7,-1.76562,1.1875,-0.234375
EFT:-1.21875,-1.54688,1.8125,3.25,-1.45312,-0.0654297,-7.03125,-1.75781,1.17969,-0.24707
Random126
Raw:-1.17188,-1.54688,1.82031,3.21875,-1.46875,-0.0654297,-6.90625,-1.76562,1.1875,-0.28125
EFT:-1.21875,-1.55469,1.8125,3.25,-1.45312,-0.0654297,-7.03125,-1.76562,1.1875,-0.24707
Random127
Raw:-1.19531,-1.57812,1.74219,3.15625,-1.45312,-0.0810547,-6.90625,-1.73438,1.17188,-0.238281
EFT:-1.21875,-1.54688,1.8125,3.25,-1.45312,-0.0654297,-7.03125,-1.76562,1.17969,-0.24707
Random128
Raw:-1.28125,-1.57812,1.92969,3.40625,-1.49219,-0.0341797,-7.1875,-1.82812,1.23438,-0.285156
EFT:-1.21875,-1.54688,1.8125,3.25,-1.45312,-0.0654297,-7.03125,-1.75781,1.1875,-0.24707
Random129
Raw:-1.25781,-1.54688,1.85938,3.29688,-1.46094,-0.0400391,-7.125,-1.8125,1.20312,-0.277344
EFT:-1.21875,-1.54688,1.8125,3.25,-1.45312,-0.0654297,-7.03125,-1.75781,1.1875,-0.24707
Random130
Raw:-1.16406,-1.54688,1.90625,3.21875,-1.50781,-0.0683594,-6.8125,-1.82812,1.21875,-0.363281
EFT:-1.21875,-1.54688,1.8125,3.25,-1.45312,-0.0654297,-7.03125,-1.75781,1.17969,-0.24707
Random131
Raw:-1.24219,-1.54688,1.77344,3.26562,-1.42969,-0.0185547,-7.125,-1.75,1.19531,-0.197266
EFT:-1.21875,-1.55469,1.8125,3.25,-1.45312,-0.0654297,-7.03125,-1.75781,1.17969,-0.24707
Random132
Raw:-1.21875,-1.59375,1.71875,3.23438,-1.42969,-0.0332031,-7.09375,-1.71875,1.17188,-0.164062
EFT:-1.21875,-1.54688,1.8125,3.25,-1.45312,-0.0654297,-7.03125,-1.76562,1.17969,-0.24707
Random133
Raw:-1.29688,-1.5625,1.78906,3.32812,-1.47656,-0.0439453,-7.3125,-1.78125,1.20312,-0.21875
EFT:-1.21875,-1.54688,1.8125,3.25,-1.45312,-0.0654297,-7.03125,-1.76562,1.17969,-0.24707
Random134
Raw:-1.24219,-1.59375,2.01562,3.45312,-1.60156,-0.0698242,-7.125,-1.92188,1.25,-0.40625
EFT:-1.21094,-1.55469,1.79688,3.25,-1.4375,-0.0397949,-7.03125,-1.75781,1.20312,-0.226562
Random135
Raw:-1.21875,-1.5625,1.78906,3.21875,-1.44531,-0.0654297,-7,-1.75,1.17188,-0.226562
EFT:-1.21875,-1.55469,1.8125,3.25,-1.45312,-0.0654297,-7.03125,-1.76562,1.17969,-0.24707
Random136
Raw:-1.22656,-1.60938,1.92969,3.34375,-1.61719,-0.108398,-7.21875,-1.85938,1.21875,-0.390625
EFT:-1.21875,-1.54688,1.8125,3.25,-1.45312,-0.0654297,-7.03125,-1.76562,1.1875,-0.24707
Random137
Raw:-1.21875,-1.5625,1.8125,3.26562,-1.46094,-0.0458984,-7.03125,-1.76562,1.20312,-0.230469
EFT:-1.21875,-1.54688,1.8125,3.25,-1.45312,-0.0654297,-7.03125,-1.76562,1.1875,-0.24707
Random138
Raw:-1.21875,-1.5625,1.78906,3.25,-1.45312,-0.0400391,-7.03125,-1.75,1.20312,-0.226562
EFT:-1.21875,-1.54688,1.8125,3.25,-1.45312,-0.0654297,-7.03125,-1.75781,1.1875,-0.24707
Random139
Raw:-1.29688,-1.59375,1.92969,3.4375,-1.50781,-0.0439453,-7.34375,-1.85938,1.23438,-0.289062
EFT:-1.21875,-1.55469,1.8125,3.25,-1.45312,-0.0654297,-7.03125,-1.76562,1.1875,-0.24707
Random140
Raw:-1.17969,-1.54688,1.73438,3.20312,-1.39062,-0.00585938,-6.96875,-1.73438,1.21094,-0.175781
EFT:-1.21875,-1.54688,1.8125,3.25,-1.45312,-0.0654297,-7.03125,-1.76562,1.1875,-0.24707
Random141
Raw:-1.21875,-1.59375,1.76562,3.29688,-1.47656,-0.0175781,-7.125,-1.76562,1.21875,-0.201172
EFT:-1.21875,-1.54688,1.8125,3.25,-1.45312,-0.0654297,-7.03125,-1.76562,1.17969,-0.24707
Random142
Raw:-1.26562,-1.65625,1.69531,3.26562,-1.49219,-0.0205078,-7.28125,-1.75,1.1875,-0.132812
EFT:-1.21875,-1.54688,1.8125,3.25,-1.45312,-0.0654297,-7.03125,-1.75781,1.17969,-0.24707
Random143
Raw:-1.21875,-1.57812,1.92969,3.34375,-1.53906,-0.0625,-7.03125,-1.84375,1.22656,-0.341797
EFT:-1.21875,-1.55469,1.8125,3.25,-1.45312,-0.0654297,-7.03125,-1.75781,1.17969,-0.24707
Random144
Raw:-1.21875,-1.59375,1.90625,3.29688,-1.5625,-0.0966797,-7.03125,-1.82812,1.21875,-0.359375
EFT:-1.21094,-1.5625,1.79688,3.25,-1.4375,-0.0407715,-7.03125,-1.76562,1.19531,-0.226562
Random145
Raw:-1.24219,-1.5625,1.84375,3.29688,-1.47656,-0.0786133,-7.125,-1.8125,1.1875,-0.273438
EFT:-1.21875,-1.54688,1.8125,3.25,-1.45312,-0.0654297,-7.03125,-1.75781,1.17969,-0.24707
Random146
Raw:-1.26562,-1.5625,1.84375,3.34375,-1.44531,-0.0439453,-7.21875,-1.79688,1.20312,-0.226562
EFT:-1.21875,-1.54688,1.8125,3.25,-1.45312,-0.0654297,-7.03125,-1.75781,1.1875,-0.24707
Random147
Raw:-1.24219,-1.57812,1.79688,3.28125,-1.46094,-0.0537109,-7.15625,-1.76562,1.1875,-0.210938
EFT:-1.21875,-1.54688,1.8125,3.25,-1.45312,-0.0654297,-7.03125,-1.76562,1.1875,-0.24707
Random148
Raw:-1.19531,-1.5625,1.76562,3.21875,-1.44531,-0.0517578,-6.96875,-1.75,1.1875,-0.21875
EFT:-1.21875,-1.54688,1.8125,3.25,-1.45312,-0.0654297,-7.03125,-1.76562,1.1875,-0.24707
Random149
Raw:-1.26562,-1.53125,1.8125,3.26562,-1.41406,-0.0810547,-7.15625,-1.76562,1.17188,-0.195312
EFT:-1.21875,-1.54688,1.8125,3.25,-1.45312,-0.0654297,-7.03125,-1.76562,1.17969,-0.24707
Random150
Raw:-1.3125,-1.5625,1.85156,3.375,-1.47656,-0.0654297,-7.28125,-1.79688,1.19531,-0.261719
EFT:-1.21875,-1.54688,1.8125,3.25,-1.45312,-0.0654297,-7.03125,-1.75781,1.17969,-0.24707
Random151
Raw:-1.21875,-1.54688,1.74219,3.23438,-1.41406,-0.0458984,-7.03125,-1.73438,1.17188,-0.1875
EFT:-1.21875,-1.54688,1.8125,3.25,-1.45312,-0.0654297,-7.03125,-1.75781,1.1875,-0.24707
Random152
Raw:-1.17969,-1.59375,1.85938,3.23438,-1.53906,-0.0996094,-6.9375,-1.78125,1.1875,-0.341797
EFT:-1.21875,-1.54688,1.8125,3.25,-1.45312,-0.0654297,-7.03125,-1.76562,1.17969,-0.24707
Random153
Raw:-1.21875,-1.5625,1.78125,3.20312,-1.47656,-0.102539,-7.03125,-1.76562,1.17188,-0.257812
EFT:-1.21875,-1.54688,1.8125,3.25,-1.45312,-0.0654297,-7.03125,-1.75781,1.17969,-0.24707
Random154
Raw:-1.125,-1.625,1.60938,3.04688,-1.39844,-0.0136719,-6.84375,-1.67188,1.15625,-0.140625
EFT:-1.21094,-1.55469,1.79688,3.25,-1.4375,-0.0397949,-7.03125,-1.75781,1.20312,-0.226562
Random155
Raw:-1.16406,-1.57812,1.75781,3.15625,-1.46094,-0.0585938,-6.90625,-1.73438,1.1875,-0.236328
EFT:-1.21875,-1.54688,1.8125,3.25,-1.45312,-0.0654297,-7.03125,-1.75781,1.1875,-0.24707
Random156
Raw:-1.42188,-1.67188,1.83594,3.5,-1.59375,-0.0634766,-7.78125,-1.8125,1.20312,-0.199219
EFT:-1.21875,-1.54688,1.8125,3.25,-1.45312,-0.0654297,-7.03125,-1.76562,1.1875,-0.24707
Random157
Raw:-1.23438,-1.60938,1.95312,3.40625,-1.57812,-0.0551758,-7.15625,-1.875,1.25,-0.367188
EFT:-1.21875,-1.54688,1.8125,3.25,-1.45312,-0.0654297,-7.03125,-1.76562,1.17969,-0.24707
Random158
Raw:-1.3125,-1.59375,1.80469,3.375,-1.49219,-0.0478516,-7.375,-1.78125,1.20312,-0.203125
EFT:-1.21094,-1.55469,1.79688,3.25,-1.4375,-0.041748,-7.03125,-1.76562,1.19531,-0.222656
Random159
Raw:-1.27344,-1.54688,1.85156,3.34375,-1.46094,-0.0439453,-7.21875,-1.79688,1.20312,-0.230469
EFT:-1.21875,-1.54688,1.8125,3.25,-1.45312,-0.0654297,-7.03125,-1.76562,1.1875,-0.24707
Random160
Raw:-1.28906,-1.54688,1.83594,3.3125,-1.45312,-0.0888672,-7.21875,-1.78125,1.16406,-0.253906
EFT:-1.21094,-1.5625,1.79688,3.25,-1.4375,-0.0427246,-7.03125,-1.75781,1.19531,-0.222656
Random161
Raw:-1.20312,-1.59375,1.84375,3.28125,-1.53125,-0.0654297,-7.03125,-1.79688,1.21875,-0.300781
EFT:-1.21875,-1.54688,1.8125,3.25,-1.45312,-0.0654297,-7.03125,-1.75781,1.17969,-0.24707
Random162
Raw:-1.28125,-1.57812,1.85156,3.375,-1.46875,-0.0341797,-7.28125,-1.8125,1.21875,-0.246094
EFT:-1.21875,-1.54688,1.8125,3.25,-1.45312,-0.0654297,-7.03125,-1.76562,1.17969,-0.24707
Random163
Raw:-1.15625,-1.625,1.65625,3.125,-1.41406,-0.000976562,-6.90625,-1.70312,1.1875,-0.136719
EFT:-1.21875,-1.54688,1.8125,3.25,-1.45312,-0.0654297,-7.03125,-1.76562,1.1875,-0.24707
Random164
Raw:-1.20312,-1.59375,1.6875,3.20312,-1.42188,-0.0107422,-7,-1.71875,1.1875,-0.157227
EFT:-1.21875,-1.54688,1.8125,3.25,-1.45312,-0.0654297,-7.03125,-1.75781,1.1875,-0.24707
Random165
Raw:-1.10156,-1.60938,1.85156,3.17188,-1.57031,-0.0805664,-6.71875,-1.8125,1.23438,-0.390625
EFT:-1.21875,-1.54688,1.8125,3.25,-1.45312,-0.0654297,-7.03125,-1.75781,1.17969,-0.24707
Random166
Raw:-1.19531,-1.54688,1.80469,3.25,-1.42969,-0.0107422,-6.90625,-1.76562,1.21094,-0.226562
EFT:-1.21875,-1.54688,1.8125,3.25,-1.45312,-0.0654297,-7.03125,-1.75781,1.17969,-0.24707
Random167
Raw:-1.20312,-1.5625,1.76562,3.21875,-1.4375,-0.0527344,-7.03125,-1.75,1.17969,-0.21875
EFT:-1.21875,-1.55469,1.8125,3.25,-1.45312,-0.0654297,-7.03125,-1.76562,1.17969,-0.24707
Random168
Raw:-1.26562,-1.57812,1.86719,3.32812,-1.51562,-0.0947266,-7.15625,-1.79688,1.1875,-0.302734
EFT:-1.21875,-1.54688,1.8125,3.25,-1.45312,-0.0654297,-7.03125,-1.76562,1.1875,-0.24707
Random169
Raw:-1.30469,-1.60938,1.92969,3.46875,-1.53125,-0.0400391,-7.375,-1.85938,1.25,-0.269531
EFT:-1.21875,-1.54688,1.8125,3.25,-1.45312,-0.0654297,-7.03125,-1.76562,1.17969,-0.24707
Random170
Raw:-1.21094,-1.54688,1.78906,3.23438,-1.42969,-0.0585938,-7.03125,-1.75,1.1875,-0.224609
EFT:-1.21875,-1.54688,1.8125,3.25,-1.45312,-0.0654297,-7.03125,-1.76562,1.17969,-0.24707
Random171
Raw:-1.14062,-1.57812,1.82812,3.20312,-1.49219,-0.0410156,-6.875,-1.78125,1.21875,-0.289062
EFT:-1.21875,-1.54688,1.8125,3.25,-1.45312,-0.0654297,-7.03125,-1.76562,1.17969,-0.24707
Random172
Raw:-1.14062,-1.5625,1.77344,3.1875,-1.42969,-0.0107422,-6.875,-1.75,1.23438,-0.21875
EFT:-1.21875,-1.54688,1.8125,3.25,-1.45312,-0.0654297,-7.03125,-1.75781,1.1875,-0.24707
Random173
Raw:-1.27344,-1.54688,1.74219,3.26562,-1.41406,-0.0712891,-7.21875,-1.71875,1.15625,-0.171875
EFT:-1.21875,-1.54688,1.8125,3.25,-1.45312,-0.0654297,-7.03125,-1.76562,1.17969,-0.24707
Random174
Raw:-1.15625,-1.54688,1.73438,3.125,-1.42188,-0.0830078,-6.84375,-1.70312,1.15625,-0.21875
EFT:-1.21094,-1.55469,1.79688,3.25,-1.4375,-0.0427246,-7.03125,-1.76562,1.20312,-0.222656
Random175
Raw:-1.26562,-1.59375,1.95312,3.35938,-1.55469,-0.0849609,-7.15625,-1.875,1.21875,-0.363281
EFT:-1.21875,-1.54688,1.8125,3.25,-1.45312,-0.0654297,-7.03125,-1.75781,1.1875,-0.24707
Random176
Raw:-1.19531,-1.59375,1.92969,3.28125,-1.57031,-0.134766,-7,-1.84375,1.19531,-0.414062
EFT:-1.21875,-1.54688,1.8125,3.25,-1.45312,-0.0654297,-7.03125,-1.75781,1.1875,-0.24707
Random177
Raw:-1.35938,-1.60938,1.99219,3.51562,-1.55469,-0.0576172,-7.40625,-1.89062,1.23438,-0.308594
EFT:-1.21875,-1.54688,1.8125,3.25,-1.45312,-0.0654297,-7.03125,-1.75781,1.1875,-0.24707
Random178
Raw:-1.23438,-1.54688,1.80469,3.25,-1.4375,-0.0634766,-7.03125,-1.76562,1.17188,-0.238281
EFT:-1.21875,-1.54688,1.8125,3.25,-1.45312,-0.0654297,-7.03125,-1.76562,1.1875,-0.24707
Random179
Raw:-1.15625,-1.59375,1.94531,3.23438,-1.61719,-0.112305,-6.875,-1.84375,1.21875,-0.445312
EFT:-1.21875,-1.54688,1.8125,3.25,-1.45312,-0.0654297,-7.03125,-1.76562,1.17969,-0.24707
Random180
Raw:-1.25,-1.625,1.66406,3.20312,-1.42969,-0.0234375,-7.09375,-1.71875,1.16406,-0.132812
EFT:-1.21875,-1.54688,1.8125,3.25,-1.45312,-0.0654297,-7.03125,-1.76562,1.1875,-0.24707
Random181
Raw:-1.19531,-1.60938,1.86719,3.3125,-1.53125,-0.0478516,-7.03125,-1.82812,1.23438,-0.304688
EFT:-1.21875,-1.54688,1.8125,3.25,-1.45312,-0.0654297,-7.03125,-1.75781,1.1875,-0.24707
Random182
Raw:-1.21094,-1.51562,1.74219,3.1875,-1.36719,-0.0615234,-6.90625,-1.71875,1.15625,-0.193359
EFT:-1.21875,-1.54688,1.8125,3.25,-1.45312,-0.0654297,-7.03125,-1.75781,1.1875,-0.24707
Random183
Raw:-1.15625,-1.5625,1.76562,3.20312,-1.4375,-0.0205078,-6.84375,-1.75,1.21875,-0.230469
EFT:-1.21875,-1.54688,1.8125,3.25,-1.45312,-0.0654297,-7.03125,-1.76562,1.17969,-0.24707
Random184
Raw:-1.11719,-1.5625,1.85938,3.17188,-1.54688,-0.0810547,-6.75,-1.79688,1.21875,-0.359375
EFT:-1.21875,-1.54688,1.8125,3.25,-1.45312,-0.0654297,-7.03125,-1.76562,1.1875,-0.24707
Random185
Raw:-1.21875,-1.57812,1.83594,3.29688,-1.47656,-0.0371094,-7.09375,-1.8125,1.21875,-0.261719
EFT:-1.21875,-1.55469,1.8125,3.25,-1.45312,-0.0654297,-7.03125,-1.75781,1.17969,-0.24707
Random186
Raw:-1.21094,-1.57812,1.73438,3.25,-1.44531,-0.0351562,-7.09375,-1.71875,1.1875,-0.179688
EFT:-1.21875,-1.55469,1.8125,3.25,-1.45312,-0.0654297,-7.03125,-1.76562,1.1875,-0.24707
Random187
Raw:-1.23438,-1.5625,1.85156,3.29688,-1.42969,-0.0341797,-7.0625,-1.8125,1.21094,-0.248047
EFT:-1.21875,-1.54688,1.8125,3.25,-1.45312,-0.0654297,-7.03125,-1.76562,1.17969,-0.24707
Random188
Raw:-1.16406,-1.54688,1.79688,3.15625,-1.46094,-0.0947266,-6.8125,-1.75,1.17188,-0.296875
EFT:-1.21875,-1.55469,1.8125,3.25,-1.45312,-0.0654297,-7.03125,-1.76562,1.17969,-0.24707
Random189
Raw:-1.17188,-1.5625,1.85156,3.21875,-1.48438,-0.046875,-6.90625,-1.78125,1.21875,-0.28125
EFT:-1.21094,-1.55469,1.79688,3.25,-1.4375,-0.041748,-7.03125,-1.76562,1.19531,-0.222656
Random190
Raw:-1.3125,-1.5625,1.84375,3.35938,-1.48438,-0.0810547,-7.28125,-1.79688,1.17188,-0.242188
EFT:-1.21875,-1.54688,1.8125,3.25,-1.45312,-0.0654297,-7.03125,-1.76562,1.17969,-0.24707
Random191
Raw:-1.21875,-1.60938,1.82031,3.28125,-1.52344,-0.0732422,-7.125,-1.78125,1.20312,-0.261719
EFT:-1.21875,-1.54688,1.8125,3.25,-1.45312,-0.0654297,-7.03125,-1.75781,1.17969,-0.24707
Random192
Raw:-1.23438,-1.5625,1.78125,3.29688,-1.44531,-0.0341797,-7.09375,-1.76562,1.20312,-0.209961
EFT:-1.21875,-1.54688,1.8125,3.25,-1.45312,-0.0654297,-7.03125,-1.76562,1.1875,-0.24707
Random193
Raw:-1.21094,-1.54688,1.75781,3.25,-1.41406,-0.0166016,-6.96875,-1.73438,1.20312,-0.191406
EFT:-1.21875,-1.55469,1.8125,3.25,-1.45312,-0.0654297,-7.03125,-1.75781,1.1875,-0.24707
Random194
Raw:-1.23438,-1.59375,1.92188,3.34375,-1.57031,-0.0878906,-7.09375,-1.84375,1.21875,-0.378906
EFT:-1.21875,-1.54688,1.8125,3.25,-1.45312,-0.0654297,-7.03125,-1.76562,1.1875,-0.24707
Random195
Raw:-1.32812,-1.54688,1.89062,3.39062,-1.48438,-0.0771484,-7.3125,-1.82812,1.1875,-0.265625
EFT:-1.21875,-1.54688,1.8125,3.25,-1.45312,-0.0654297,-7.03125,-1.75781,1.1875,-0.24707
Random196
Raw:-1.16406,-1.625,1.71875,3.1875,-1.44531,-0.00683594,-6.90625,-1.73438,1.20312,-0.183594
EFT:-1.21875,-1.55469,1.8125,3.25,-1.45312,-0.0654297,-7.03125,-1.76562,1.17969,-0.24707
Random197
Raw:-1.25781,-1.53125,1.77344,3.26562,-1.42188,-0.0517578,-7.0625,-1.75,1.17969,-0.21875
EFT:-1.21875,-1.54688,1.8125,3.25,-1.45312,-0.0654297,-7.03125,-1.76562,1.17969,-0.24707
Random198
Raw:-1.25,-1.59375,2,3.40625,-1.59375,-0.0849609,-7.125,-1.89062,1.25,-0.394531
EFT:-1.21875,-1.54688,1.8125,3.25,-1.45312,-0.0654297,-7.03125,-1.76562,1.17969,-0.24707
Random199
Raw:-1.22656,-1.54688,1.8125,3.29688,-1.44531,-0.0224609,-7.03125,-1.79688,1.21875,-0.234375
EFT:-1.21875,-1.55469,1.8125,3.25,-1.45312,-0.0654297,-7.03125,-1.75781,1.17969,-0.24707
Random200
Raw:-1.24219,-1.60938,1.71094,3.25,-1.44531,-0.0166016,-7.15625,-1.71875,1.17188,-0.152344
EFT:-1.21875,-1.54688,1.8125,3.25,-1.45312,-0.0654297,-7.03125,-1.75781,1.17969,-0.24707
Random201
Raw:-1.125,-1.57812,1.78125,3.10938,-1.51562,-0.121582,-6.75,-1.75,1.17188,-0.328125
EFT:-1.21875,-1.55469,1.8125,3.25,-1.45312,-0.0654297,-7.03125,-1.76562,1.17969,-0.24707
Random202
Raw:-1.28125,-1.54688,1.80469,3.26562,-1.45312,-0.0791016,-7.15625,-1.76562,1.1875,-0.230469
EFT:-1.21875,-1.55469,1.8125,3.25,-1.45312,-0.0654297,-7.03125,-1.76562,1.1875,-0.24707
Random203
Raw:-1.25,-1.59375,1.89062,3.3125,-1.52344,-0.0966797,-7.1875,-1.8125,1.17969,-0.320312
EFT:-1.21875,-1.54688,1.8125,3.25,-1.45312,-0.0654297,-7.03125,-1.76562,1.17969,-0.24707
Random204
Raw:-1.28906,-1.5625,1.89062,3.40625,-1.48438,-0.0458984,-7.21875,-1.82812,1.21875,-0.253906
EFT:-1.21875,-1.54688,1.8125,3.25,-1.45312,-0.0654297,-7.03125,-1.75781,1.17969,-0.24707
Random205
Raw:-1.1875,-1.57812,1.82031,3.1875,-1.50781,-0.12207,-6.96875,-1.75,1.15625,-0.292969
EFT:-1.21875,-1.54688,1.8125,3.25,-1.45312,-0.0654297,-7.03125,-1.76562,1.1875,-0.24707
Random206
Raw:-1.19531,-1.59375,1.85938,3.25,-1.53906,-0.0966797,-7.03125,-1.79688,1.19531,-0.330078
EFT:-1.21875,-1.54688,1.8125,3.25,-1.45312,-0.0654297,-7.03125,-1.76562,1.17969,-0.24707
Random207
Raw:-1.21094,-1.54688,1.84375,3.23438,-1.46094,-0.0791016,-7,-1.78125,1.1875,-0.289062
EFT:-1.21875,-1.54688,1.8125,3.25,-1.45312,-0.0654297,-7.03125,-1.75781,1.17969,-0.24707
Random208
Raw:-1.23438,-1.60938,1.72656,3.26562,-1.47656,0.00195312,-7.125,-1.73438,1.20312,-0.160156
EFT:-1.21875,-1.55469,1.8125,3.25,-1.45312,-0.0654297,-7.03125,-1.75781,1.1875,-0.24707
Random209
Raw:-1.23438,-1.5625,1.83594,3.25,-1.50781,-0.102539,-7.0625,-1.76562,1.17188,-0.300781
EFT:-1.21875,-1.54688,1.8125,3.25,-1.45312,-0.0654297,-7.03125,-1.76562,1.17969,-0.24707
Random210
Raw:-1.25781,-1.59375,1.78906,3.29688,-1.46094,-0.0185547,-7.15625,-1.76562,1.21875,-0.199219
EFT:-1.21094,-1.55469,1.79688,3.25,-1.4375,-0.0407715,-7.03125,-1.76562,1.20312,-0.226562
Random211
Raw:-1.23438,-1.5625,1.88281,3.23438,-1.53906,-0.12207,-7.03125,-1.79688,1.16406,-0.332031
EFT:-1.21875,-1.54688,1.8125,3.25,-1.45312,-0.0654297,-7.03125,-1.75781,1.1875,-0.24707
Random212
Raw:-1.27344,-1.54688,1.78906,3.26562,-1.44531,-0.0732422,-7.15625,-1.76562,1.17969,-0.216797
EFT:-1.21875,-1.55469,1.8125,3.25,-1.45312,-0.0654297,-7.03125,-1.76562,1.1875,-0.24707
Random213
Raw:-1.26562,-1.5625,1.77344,3.29688,-1.42969,-0.0400391,-7.15625,-1.76562,1.1875,-0.199219
EFT:-1.21875,-1.54688,1.8125,3.25,-1.45312,-0.0654297,-7.03125,-1.76562,1.1875,-0.24707
Random214
Raw:-1.21875,-1.5625,1.85938,3.26562,-1.5,-0.0878906,-7.03125,-1.79688,1.1875,-0.320312
EFT:-1.21875,-1.54688,1.8125,3.25,-1.45312,-0.0654297,-7.03125,-1.76562,1.1875,-0.24707
Random215
Raw:-1.16406,-1.59375,1.8125,3.25,-1.49219,-0.0283203,-6.9375,-1.78125,1.23438,-0.259766
EFT:-1.21875,-1.54688,1.8125,3.25,-1.45312,-0.0654297,-7.03125,-1.76562,1.1875,-0.24707
Random216
Raw:-1.20312,-1.59375,1.75781,3.21875,-1.46094,-0.0419922,-7.03125,-1.75,1.20312,-0.236328
EFT:-1.21875,-1.54688,1.8125,3.25,-1.45312,-0.0654297,-7.03125,-1.76562,1.1875,-0.24707
Random217
Raw:-1.14062,-1.5625,1.79688,3.10938,-1.50781,-0.120117,-6.75,-1.75,1.16406,-0.324219
EFT:-1.21875,-1.55469,1.8125,3.25,-1.45312,-0.0654297,-7.03125,-1.75781,1.17969,-0.24707
Random218
Raw:-1.28125,-1.5625,1.79688,3.28125,-1.44531,-0.0556641,-7.15625,-1.76562,1.17969,-0.203125
EFT:-1.21875,-1.54688,1.8125,3.25,-1.45312,-0.0654297,-7.03125,-1.75781,1.17969,-0.24707
Random219
Raw:-1.16406,-1.57812,1.66406,3.125,-1.39062,-0.0302734,-6.90625,-1.6875,1.15625,-0.140625
EFT:-1.21094,-1.55469,1.79688,3.25,-1.4375,-0.041748,-7.03125,-1.75781,1.20312,-0.222656
Random220
Raw:-1.32812,-1.64062,1.70312,3.28125,-1.5,-0.0849609,-7.46875,-1.70312,1.125,-0.160156
EFT:-1.21094,-1.55469,1.8125,3.25,-1.45312,-0.0644531,-7.03125,-1.75781,1.1875,-0.25
Random221
Raw:-1.25,-1.6875,1.57031,3.125,-1.44531,-0.0498047,-7.1875,-1.67188,1.10156,-0.0722656
EFT:-1.21094,-1.54688,1.8125,3.25,-1.45312,-0.0644531,-7.03125,-1.76562,1.1875,-0.25
Random222
Raw:-1.34375,-1.6875,1.63281,3.25,-1.49219,-0.0888672,-7.46875,-1.70312,1.09375,-0.111328
EFT:-1.21875,-1.54688,1.8125,3.25,-1.45312,-0.0654297,-7.03125,-1.76562,1.1875,-0.24707
Random223
Raw:-1.28125,-1.60938,1.89062,3.39062,-1.52344,-0.0498047,-7.28125,-1.84375,1.21875,-0.273438
EFT:-1.21875,-1.54688,1.8125,3.25,-1.45312,-0.0654297,-7.03125,-1.75781,1.1875,-0.24707
Random224
Raw:-1.23438,-1.59375,1.96094,3.375,-1.60156,-0.0947266,-7.09375,-1.875,1.23438,-0.390625
EFT:-1.21094,-1.55469,1.8125,3.25,-1.45312,-0.0644531,-7.03125,-1.76562,1.17969,-0.25
Random225
Raw:-1.14062,-1.54688,1.69531,3.09375,-1.41406,-0.0654297,-6.8125,-1.6875,1.16406,-0.197266
EFT:-1.21875,-1.54688,1.8125,3.25,-1.45312,-0.0654297,-7.03125,-1.75781,1.17969,-0.24707
Random226
Raw:-1.24219,-1.625,1.67969,3.21875,-1.42969,-0.0361328,-7.125,-1.71875,1.14062,-0.136719
EFT:-1.21875,-1.54688,1.8125,3.25,-1.45312,-0.0654297,-7.03125,-1.75781,1.17969,-0.24707
Random227
Raw:-1.3125,-1.5625,1.90625,3.40625,-1.50781,-0.0664062,-7.28125,-1.84375,1.20312,-0.279297
EFT:-1.21875,-1.54688,1.8125,3.25,-1.45312,-0.0654297,-7.03125,-1.76562,1.17969,-0.24707
Random228
Raw:-1.21875,-1.57812,1.74219,3.23438,-1.42188,-0.0175781,-7.03125,-1.75,1.20312,-0.188477
EFT:-1.21875,-1.54688,1.8125,3.25,-1.45312,-0.0654297,-7.03125,-1.75781,1.1875,-0.24707
Random229
Raw:-1.21875,-1.54688,1.8125,3.21875,-1.45312,-0.0654297,-7,-1.76562,1.17188,-0.242188
EFT:-1.21875,-1.54688,1.8125,3.25,-1.45312,-0.0654297,-7.03125,-1.75781,1.1875,-0.24707
Random230
Raw:-1.20312,-1.5625,1.77344,3.21875,-1.41406,-0.00878906,-6.96875,-1.75,1.20312,-0.199219
EFT:-1.21875,-1.54688,1.8125,3.25,-1.45312,-0.0654297,-7.03125,-1.76562,1.1875,-0.24707
Random231
Raw:-1.1875,-1.57812,1.84375,3.21875,-1.53125,-0.0898438,-6.9375,-1.78125,1.20312,-0.333984
EFT:-1.21875,-1.55469,1.8125,3.25,-1.45312,-0.0654297,-7.03125,-1.76562,1.1875,-0.24707
Random232
Raw:-1.20312,-1.60938,1.71094,3.20312,-1.42969,-0.00292969,-7.03125,-1.71875,1.1875,-0.154297
EFT:-1.21875,-1.54688,1.8125,3.25,-1.45312,-0.0654297,-7.03125,-1.75781,1.1875,-0.24707
Random233
Raw:-1.20312,-1.57812,1.64062,3.125,-1.39062,-0.0390625,-6.96875,-1.6875,1.14062,-0.128906
EFT:-1.21875,-1.55469,1.8125,3.25,-1.45312,-0.0654297,-7.03125,-1.76562,1.1875,-0.24707
Random234
Raw:-1.17969,-1.57812,1.88281,3.23438,-1.57812,-0.108398,-6.9375,-1.8125,1.20312,-0.386719
EFT:-1.21875,-1.54688,1.8125,3.25,-1.45312,-0.0654297,-7.03125,-1.76562,1.17969,-0.24707
Random235
Raw:-1.1875,-1.57812,1.92969,3.25,-1.59375,-0.144531,-6.9375,-1.82812,1.19531,-0.4375
EFT:-1.21875,-1.55469,1.8125,3.25,-1.45312,-0.0654297,-7.03125,-1.76562,1.17969,-0.24707
Random236
Raw:-1.15625,-1.59375,1.91406,3.21875,-1.625,-0.12793,-6.90625,-1.82812,1.19531,-0.4375
EFT:-1.21875,-1.54688,1.8125,3.25,-1.45312,-0.0654297,-7.03125,-1.76562,1.1875,-0.24707
Random237
Raw:-1.1875,-1.54688,1.82031,3.23438,-1.42969,-0.0341797,-6.84375,-1.78125,1.21875,-0.253906
EFT:-1.21875,-1.55469,1.8125,3.25,-1.45312,-0.0654297,-7.03125,-1.76562,1.17969,-0.24707
Random238
Raw:-1.35156,-1.57812,1.82031,3.40625,-1.50781,-0.0751953,-7.4375,-1.78125,1.1875,-0.203125
EFT:-1.21094,-1.55469,1.79688,3.25,-1.4375,-0.0397949,-7.03125,-1.76562,1.20312,-0.226562
Random239
Raw:-1.25,-1.54688,1.82812,3.28125,-1.44531,-0.0634766,-7.09375,-1.78125,1.1875,-0.232422
EFT:-1.21875,-1.55469,1.8125,3.25,-1.45312,-0.0654297,-7.03125,-1.76562,1.1875,-0.24707
Random240
Raw:-1.27344,-1.5625,1.8125,3.3125,-1.42969,-0.0419922,-7.21875,-1.76562,1.1875,-0.183594
EFT:-1.21875,-1.54688,1.8125,3.25,-1.45312,-0.0654297,-7.03125,-1.76562,1.1875,-0.24707
Random241
Raw:-1.39062,-1.65625,1.75,3.35938,-1.54688,-0.0693359,-7.59375,-1.76562,1.15625,-0.171875
EFT:-1.21875,-1.54688,1.8125,3.25,-1.45312,-0.0654297,-7.03125,-1.75781,1.17969,-0.24707
Random242
Raw:-1.20312,-1.59375,1.89844,3.25,-1.60938,-0.141602,-7.03125,-1.8125,1.17188,-0.392578
EFT:-1.21875,-1.54688,1.8125,3.25,-1.45312,-0.0654297,-7.03125,-1.75781,1.1875,-0.24707
Random243
Raw:-1.41406,-1.5625,1.79688,3.40625,-1.50781,-0.114258,-7.65625,-1.78125,1.14062,-0.196289
EFT:-1.21094,-1.55469,1.79688,3.25,-1.4375,-0.041748,-7.03125,-1.76562,1.19531,-0.222656
Random244
Raw:-1.33594,-1.54688,1.78125,3.32812,-1.46094,-0.0908203,-7.34375,-1.75,1.15625,-0.214844
EFT:-1.21875,-1.55469,1.8125,3.25,-1.45312,-0.0654297,-7.03125,-1.75781,1.17969,-0.24707
Random245
Raw:-1.23438,-1.57812,1.78125,3.28125,-1.46875,-0.0449219,-7.15625,-1.76562,1.20312,-0.197266
EFT:-1.21094,-1.55469,1.8125,3.25,-1.45312,-0.0644531,-7.03125,-1.76562,1.1875,-0.25
Random246
Raw:-1.35938,-1.59375,1.88281,3.4375,-1.50781,-0.0654297,-7.46875,-1.82812,1.19531,-0.257812
EFT:-1.21875,-1.54688,1.8125,3.25,-1.45312,-0.0654297,-7.03125,-1.76562,1.1875,-0.24707
Random247
Raw:-1.35156,-1.60938,1.73438,3.3125,-1.47656,-0.0810547,-7.46875,-1.71875,1.14062,-0.167969
EFT:-1.21875,-1.54688,1.8125,3.25,-1.45312,-0.0654297,-7.03125,-1.76562,1.1875,-0.24707
Random248
Raw:-1.20312,-1.57812,1.86719,3.25,-1.49219,-0.0849609,-7,-1.79688,1.1875,-0.322266
EFT:-1.21875,-1.54688,1.8125,3.25,-1.45312,-0.0654297,-7.03125,-1.75781,1.1875,-0.24707
Random249
Raw:-1.21094,-1.57812,1.89062,3.26562,-1.52344,-0.078125,-7.03125,-1.8125,1.21875,-0.324219
EFT:-1.21875,-1.54688,1.8125,3.25,-1.45312,-0.0654297,-7.03125,-1.76562,1.1875,-0.24707
Random250
Raw:-1.26562,-1.65625,1.65625,3.23438,-1.42969,-0.0400391,-7.25,-1.70312,1.14062,-0.109375
EFT:-1.21875,-1.54688,1.8125,3.25,-1.45312,-0.0654297,-7.03125,-1.75781,1.1875,-0.24707
Random251
Raw:-1.08594,-1.59375,1.85938,3.125,-1.60156,-0.120117,-6.6875,-1.79688,1.19531,-0.40625
EFT:-1.21875,-1.54688,1.8125,3.25,-1.45312,-0.0654297,-7.03125,-1.75781,1.1875,-0.24707
Random252
Raw:-1.1875,-1.625,1.63281,3.10938,-1.39844,-0.0263672,-6.96875,-1.6875,1.14844,-0.119141
EFT:-1.21875,-1.54688,1.8125,3.25,-1.45312,-0.0654297,-7.03125,-1.76562,1.1875,-0.24707
Random253
Raw:-1.17969,-1.57812,1.82031,3.1875,-1.52344,-0.102539,-6.9375,-1.78125,1.1875,-0.320312
EFT:-1.21875,-1.54688,1.8125,3.25,-1.45312,-0.0654297,-7.03125,-1.76562,1.1875,-0.24707
Random254
Raw:-1.28125,-1.5625,1.80469,3.3125,-1.47656,-0.0664062,-7.21875,-1.78125,1.1875,-0.209961
EFT:-1.21094,-1.5625,1.79688,3.25,-1.4375,-0.041748,-7.03125,-1.76562,1.19531,-0.222656
Random255
Raw:-1.125,-1.54688,1.72656,3.125,-1.41406,-0.0263672,-6.78125,-1.70312,1.20312,-0.207031
EFT:-1.21875,-1.54688,1.8125,3.25,-1.45312,-0.0654297,-7.03125,-1.76562,1.17969,-0.24707
Random256
Raw:-1.07812,-1.54688,1.66406,3.03125,-1.39844,-0.0512695,-6.625,-1.67188,1.17188,-0.205078
EFT:-1.21094,-1.55469,1.79688,3.25,-1.4375,-0.0397949,-7.03125,-1.76562,1.20312,-0.226562
Random257
Raw:-1.39062,-1.625,1.72656,3.35938,-1.53125,-0.0810547,-7.53125,-1.76562,1.15625,-0.164062
EFT:-1.21875,-1.55469,1.8125,3.25,-1.45312,-0.0654297,-7.03125,-1.76562,1.1875,-0.24707
Random258
Raw:-1.20312,-1.57812,1.82812,3.29688,-1.46875,-0.0224609,-7.03125,-1.78125,1.21875,-0.228516
EFT:-1.21875,-1.54688,1.8125,3.25,-1.45312,-0.0654297,-7.03125,-1.75781,1.1875,-0.24707
Random259
Raw:-1.39844,-1.5625,1.85938,3.45312,-1.53906,-0.0810547,-7.5,-1.8125,1.20312,-0.238281
EFT:-1.21094,-1.55469,1.79688,3.25,-1.4375,-0.041748,-7.03125,-1.75781,1.20312,-0.222656
Random260
Raw:-1.23438,-1.53125,1.89844,3.28125,-1.51562,-0.0888672,-7,-1.8125,1.20312,-0.328125
EFT:-1.21875,-1.54688,1.8125,3.25,-1.45312,-0.0654297,-7.03125,-1.75781,1.17969,-0.24707
Random261
Raw:-1.13281,-1.625,1.86719,3.20312,-1.60156,-0.0888672,-6.875,-1.79688,1.21875,-0.380859
EFT:-1.21094,-1.5625,1.79688,3.25,-1.4375,-0.0427246,-7.03125,-1.76562,1.19531,-0.222656
Random262
Raw:-1.19531,-1.59375,1.86719,3.23438,-1.57812,-0.12207,-7.03125,-1.8125,1.1875,-0.359375
EFT:-1.21875,-1.54688,1.8125,3.25,-1.45312,-0.0654297,-7.03125,-1.75781,1.1875,-0.24707
Random263
Raw:-1.1875,-1.57812,1.82812,3.26562,-1.47656,-0.0263672,-6.96875,-1.79688,1.23438,-0.269531
EFT:-1.21875,-1.54688,1.8125,3.25,-1.45312,-0.0654297,-7.03125,-1.75781,1.1875,-0.24707
Random264
Raw:-1.21094,-1.5625,1.82031,3.21875,-1.45312,-0.0556641,-7.03125,-1.78125,1.1875,-0.251953
EFT:-1.21875,-1.55469,1.8125,3.25,-1.45312,-0.0654297,-7.03125,-1.76562,1.1875,-0.24707
Random265
Raw:-1.28906,-1.59375,1.67188,3.25,-1.45312,-0.0722656,-7.28125,-1.71875,1.125,-0.150391
EFT:-1.21094,-1.55469,1.79688,3.25,-1.4375,-0.0397949,-7.03125,-1.76562,1.19531,-0.226562
Random266
Raw:-1.17969,-1.57812,1.85156,3.23438,-1.53906,-0.0810547,-6.90625,-1.78125,1.21875,-0.332031
EFT:-1.21875,-1.54688,1.8125,3.25,-1.45312,-0.0654297,-7.03125,-1.76562,1.1875,-0.24707
Random267
Raw:-1.22656,-1.54688,1.79688,3.23438,-1.42969,-0.0380859,-7,-1.76562,1.19531,-0.222656
EFT:-1.21875,-1.54688,1.8125,3.25,-1.45312,-0.0654297,-7.03125,-1.75781,1.17969,-0.24707
Random268
Raw:-1.10156,-1.59375,1.76562,3.0625,-1.51562,-0.111328,-6.71875,-1.73438,1.17188,-0.341797
EFT:-1.21875,-1.54688,1.8125,3.25,-1.45312,-0.0654297,-7.03125,-1.75781,1.17969,-0.24707
Random269
Raw:-1.24219,-1.5625,1.84375,3.35938,-1.46094,-0.0078125,-7.15625,-1.8125,1.25,-0.234375
EFT:-1.21094,-1.55469,1.79688,3.25,-1.4375,-0.0407715,-7.03125,-1.75781,1.20312,-0.226562
Random270
Raw:-1.32031,-1.60938,1.74219,3.3125,-1.46875,-0.0610352,-7.375,-1.75,1.15625,-0.167969
EFT:-1.21094,-1.55469,1.79688,3.25,-1.4375,-0.0427246,-7.03125,-1.75781,1.20312,-0.222656
Random271
Raw:-1.23438,-1.51562,1.80469,3.20312,-1.41406,-0.0810547,-7,-1.76562,1.15625,-0.246094
EFT:-1.21875,-1.54688,1.8125,3.25,-1.45312,-0.0654297,-7.03125,-1.75781,1.1875,-0.24707
Random272
Raw:-1.1875,-1.5625,1.91406,3.25,-1.53906,-0.0830078,-6.9375,-1.84375,1.21094,-0.359375
EFT:-1.21875,-1.54688,1.8125,3.25,-1.45312,-0.0654297,-7.03125,-1.75781,1.17969,-0.24707
Random273
Raw:-1.29688,-1.59375,1.86719,3.39062,-1.47656,-0.0449219,-7.3125,-1.8125,1.21094,-0.228516
EFT:-1.21875,-1.55469,1.79688,3.23438,-1.45312,-0.0554199,-7,-1.75,1.1875,-0.234375
Random274
Raw:-1.125,-1.54688,1.75781,3.125,-1.42969,-0.0341797,-6.71875,-1.73438,1.20312,-0.236328
EFT:-1.21875,-1.55469,1.8125,3.25,-1.45312,-0.0654297,-7.03125,-1.75781,1.1875,-0.24707
Random275
Raw:-1.20312,-1.54688,1.73438,3.20312,-1.40625,-0.0332031,-6.96875,-1.75,1.19531,-0.191406
EFT:-1.21875,-1.55469,1.8125,3.25,-1.45312,-0.0654297,-7.03125,-1.76562,1.1875,-0.24707
Random276
Raw:-1.32031,-1.59375,1.78125,3.375,-1.47656,-0.0576172,-7.375,-1.75,1.1875,-0.179688
EFT:-1.21875,-1.54688,1.8125,3.25,-1.45312,-0.0654297,-7.03125,-1.76562,1.17969,-0.24707
Random277
Raw:-1.28125,-1.59375,1.74219,3.28125,-1.44531,-0.0556641,-7.28125,-1.73438,1.17969,-0.175781
EFT:-1.21875,-1.54688,1.8125,3.25,-1.45312,-0.0654297,-7.03125,-1.75781,1.1875,-0.24707
Random278
Raw:-1.17969,-1.60938,1.86719,3.23438,-1.61719,-0.126953,-6.9375,-1.8125,1.19531,-0.386719
EFT:-1.21875,-1.5625,1.79688,3.23438,-1.45312,-0.0554199,-7,-1.75,1.17969,-0.234375
Random279
Raw:-1.34375,-1.59375,1.75,3.32812,-1.49219,-0.0732422,-7.46875,-1.75,1.15625,-0.183594
EFT:-1.21094,-1.55469,1.79688,3.25,-1.4375,-0.0397949,-7.03125,-1.76562,1.20312,-0.226562
Random280
Raw:-1.21875,-1.57812,1.80469,3.26562,-1.46875,-0.0498047,-7.03125,-1.76562,1.20312,-0.234375
EFT:-1.21875,-1.54688,1.8125,3.25,-1.45312,-0.0654297,-7.03125,-1.76562,1.17969,-0.24707
Random281
Raw:-1.17969,-1.59375,1.85156,3.21875,-1.52344,-0.0888672,-6.9375,-1.79688,1.1875,-0.330078
EFT:-1.21875,-1.54688,1.8125,3.25,-1.45312,-0.0654297,-7.03125,-1.76562,1.17969,-0.24707
Random282
Raw:-1.26562,-1.57812,1.75781,3.26562,-1.45312,-0.0498047,-7.1875,-1.73438,1.17188,-0.175781
EFT:-1.21875,-1.54688,1.8125,3.25,-1.45312,-0.0654297,-7.03125,-1.76562,1.17969,-0.24707
Random283
Raw:-1.24219,-1.57812,1.76562,3.29688,-1.44531,-0.0341797,-7.15625,-1.75,1.1875,-0.171875
EFT:-1.21875,-1.55469,1.8125,3.25,-1.45312,-0.0654297,-7.03125,-1.75781,1.1875,-0.24707
Random284
Raw:-1.19531,-1.5625,1.75781,3.25,-1.40625,-0.0078125,-6.96875,-1.75,1.21875,-0.195312
EFT:-1.21875,-1.54688,1.8125,3.25,-1.45312,-0.0654297,-7.03125,-1.76562,1.17969,-0.24707
Random285
Raw:-1.29688,-1.60938,1.6875,3.23438,-1.46094,-0.0576172,-7.3125,-1.73438,1.14062,-0.137695
EFT:-1.21875,-1.55469,1.8125,3.25,-1.45312,-0.0654297,-7.03125,-1.75781,1.1875,-0.24707
Random286
Raw:-1.1875,-1.57812,1.74219,3.20312,-1.46094,-0.0512695,-6.96875,-1.73438,1.1875,-0.210938
EFT:-1.21875,-1.54688,1.8125,3.25,-1.45312,-0.0654297,-7.03125,-1.75781,1.1875,-0.24707
Random287
Raw:-1.23438,-1.5625,1.71875,3.23438,-1.41406,-0.0341797,-7.0625,-1.71875,1.17188,-0.175781
EFT:-1.21875,-1.54688,1.8125,3.25,-1.45312,-0.0654297,-7.03125,-1.75781,1.17969,-0.24707
Random288
Raw:-1.29688,-1.59375,1.86719,3.375,-1.5,-0.0576172,-7.28125,-1.8125,1.21094,-0.234375
EFT:-1.21875,-1.54688,1.8125,3.25,-1.45312,-0.0654297,-7.03125,-1.76562,1.1875,-0.24707
Random289
Raw:-1.20312,-1.57812,1.82031,3.23438,-1.49219,-0.0917969,-7.0625,-1.78125,1.16406,-0.28125
EFT:-1.21875,-1.54688,1.8125,3.25,-1.45312,-0.0654297,-7.03125,-1.75781,1.17969,-0.24707
Random290
Raw:-1.32031,-1.65625,1.71875,3.3125,-1.51562,-0.0576172,-7.4375,-1.75,1.15625,-0.171875
EFT:-1.21875,-1.54688,1.8125,3.25,-1.45312,-0.0654297,-7.03125,-1.76562,1.17969,-0.24707
Random291
Raw:-1.07812,-1.5625,1.77344,3.07812,-1.46875,-0.0595703,-6.65625,-1.73438,1.20312,-0.296875
EFT:-1.21875,-1.55469,1.8125,3.25,-1.45312,-0.0654297,-7.03125,-1.75781,1.17969,-0.24707
Random292
Raw:-1.26562,-1.54688,1.71094,3.21875,-1.40625,-0.0517578,-7.125,-1.71875,1.16406,-0.160156
EFT:-1.21875,-1.54688,1.8125,3.25,-1.45312,-0.0654297,-7.03125,-1.76562,1.17969,-0.24707
Random293
Raw:-1.20312,-1.57812,1.78906,3.20312,-1.50781,-0.106445,-6.96875,-1.76562,1.17188,-0.285156
EFT:-1.21875,-1.55469,1.8125,3.25,-1.45312,-0.0654297,-7.03125,-1.76562,1.1875,-0.24707
Random294
Raw:-1.13281,-1.59375,1.78906,3.1875,-1.49219,-0.0673828,-6.84375,-1.75,1.21094,-0.275391
EFT:-1.21875,-1.54688,1.8125,3.25,-1.45312,-0.0654297,-7.03125,-1.76562,1.1875,-0.24707
Random295
Raw:-1.26562,-1.5625,1.83594,3.29688,-1.46094,-0.0576172,-7.15625,-1.79688,1.1875,-0.246094
EFT:-1.21875,-1.54688,1.8125,3.25,-1.45312,-0.0654297,-7.03125,-1.75781,1.17969,-0.24707
Random296
Raw:-1.10938,-1.57812,1.82812,3.125,-1.52344,-0.104492,-6.71875,-1.76562,1.1875,-0.355469
EFT:-1.21875,-1.54688,1.8125,3.25,-1.45312,-0.0654297,-7.03125,-1.75781,1.1875,-0.24707
Random297
Raw:-1.27344,-1.5625,1.94531,3.375,-1.5,-0.0654297,-7.15625,-1.84375,1.21875,-0.318359
EFT:-1.21875,-1.54688,1.8125,3.25,-1.45312,-0.0654297,-7.03125,-1.75781,1.1875,-0.24707
Random298
Raw:-1.28906,-1.57812,1.73438,3.25,-1.4375,-0.0693359,-7.25,-1.73438,1.15625,-0.169922
EFT:-1.21875,-1.54688,1.8125,3.25,-1.45312,-0.0654297,-7.03125,-1.75781,1.1875,-0.24707
Random299
Raw:-1.25781,-1.60938,1.79688,3.34375,-1.44531,-0.00488281,-7.21875,-1.78125,1.23438,-0.171875
EFT:-1.21094,-1.55469,1.79688,3.25,-1.4375,-0.0397949,-7.03125,-1.76562,1.20312,-0.226562
Random300
Raw:-1.26562,-1.60938,1.96875,3.39062,-1.57812,-0.0966797,-7.25,-1.875,1.21875,-0.359375
EFT:-1.21875,-1.55469,1.8125,3.25,-1.45312,-0.0654297,-7.03125,-1.75781,1.17969,-0.24707
