Ascend
Raw:1.152,-3.582,6.266,1.383,18.06,3.143,7.492,1.364,4.77,5.18
EFT:1.159,-3.59,6.258,1.382,18.06,3.143,7.5,1.372,4.758,5.184
Descend
Raw:1.176,-3.604,6.266,1.389,18.12,3.164,7.543,1.382,4.754,5.21
EFT:1.159,-3.59,6.258,1.383,18.06,3.143,7.5,1.372,4.758,5.184
Random1
Raw:1.145,-3.559,6.258,1.395,18.03,3.143,7.477,1.381,4.754,5.188
EFT:1.158,-3.59,6.258,1.382,18.06,3.143,7.5,1.372,4.758,5.184
Random2
Raw:1.156,-3.586,6.26,1.381,18.1,3.154,7.508,1.395,4.742,5.21
EFT:1.159,-3.59,6.258,1.383,18.06,3.143,7.5,1.372,4.758,5.184
Random3
Raw:1.159,-3.594,6.25,1.377,18.06,3.16,7.52,1.379,4.746,5.195
EFT:1.158,-3.59,6.258,1.383,18.06,3.143,7.5,1.372,4.758,5.184
Random4
Raw:1.137,-3.553,6.273,1.381,18.03,3.137,7.484,1.393,4.75,5.195
EFT:1.158,-3.59,6.258,1.383,18.06,3.143,7.5,1.372,4.758,5.184
Random5
Raw:1.148,-3.586,6.258,1.375,18.1,3.156,7.5,1.3955,4.73,5.207
EFT:1.159,-3.59,6.258,1.382,18.06,3.143,7.5,1.372,4.758,5.184
Random6
Raw:1.137,-3.568,6.26,1.371,18.06,3.158,7.484,1.398,4.74,5.195
EFT:1.159,-3.59,6.258,1.383,18.06,3.143,7.5,1.372,4.758,5.184
Random7
Raw:1.152,-3.574,6.273,1.389,18.06,3.15,7.5,1.403,4.742,5.215
EFT:1.159,-3.59,6.258,1.383,18.06,3.143,7.5,1.372,4.758,5.184
Random8
Raw:1.158,-3.613,6.254,1.373,18.06,3.135,7.508,1.351,4.777,5.164
EFT:1.159,-3.59,6.258,1.382,18.06,3.143,7.5,1.372,4.758,5.184
Random9
Raw:1.167,-3.621,6.254,1.371,18.06,3.145,7.516,1.354,4.773,5.17
EFT:1.159,-3.59,6.258,1.382,18.06,3.143,7.5,1.372,4.758,5.184
Random10
Raw:1.14,-3.545,6.305,1.41,18.03,3.13,7.48,1.369,4.785,5.18
EFT:1.159,-3.59,6.258,1.382,18.06,3.143,7.5,1.372,4.758,5.184
Random11
Raw:1.151,-3.578,6.266,1.375,18.06,3.14,7.496,1.376,4.76,5.188
EFT:1.159,-3.59,6.258,1.382,18.06,3.143,7.5,1.372,4.758,5.184
Random12
Raw:1.137,-3.576,6.273,1.379,18.03,3.125,7.473,1.3545,4.785,5.164
EFT:1.159,-3.59,6.258,1.382,18.06,3.143,7.5,1.372,4.758,5.184
Random13
Raw:1.168,-3.582,6.258,1.4,18.03,3.125,7.47,1.353,4.754,5.168
EFT:1.159,-3.59,6.258,1.382,18.06,3.143,7.5,1.372,4.758,5.184
Random14
Raw:1.154,-3.576,6.27,1.389,18.06,3.129,7.49,1.367,4.76,5.188
EFT:1.159,-3.59,6.258,1.383,18.06,3.143,7.5,1.372,4.758,5.184
Random15
Raw:1.156,-3.555,6.273,1.391,18.03,3.135,7.484,1.378,4.754,5.188
EFT:1.159,-3.59,6.258,1.383,18.06,3.143,7.5,1.372,4.758,5.184
Random16
Raw:1.185,-3.605,6.277,1.396,18.06,3.127,7.523,1.329,4.816,5.156
EFT:1.159,-3.59,6.258,1.383,18.06,3.143,7.5,1.372,4.758,5.184
Random17
Raw:1.152,-3.574,6.297,1.395,18.1,3.148,7.5,1.385,4.773,5.203
EFT:1.159,-3.59,6.258,1.382,18.06,3.143,7.5,1.372,4.758,5.184
Random18
Raw:1.152,-3.566,6.258,1.371,18.06,3.158,7.496,1.397,4.742,5.215
EFT:1.158,-3.59,6.258,1.382,18.06,3.143,7.5,1.372,4.758,5.184
Random19
Raw:1.171,-3.586,6.258,1.393,18.06,3.137,7.5,1.372,4.766,5.188
EFT:1.158,-3.59,6.258,1.382,18.06,3.143,7.5,1.372,4.758,5.184
Random20
Raw:1.15,-3.574,6.27,1.381,18.03,3.148,7.484,1.392,4.73,5.2
EFT:1.158,-3.59,6.258,1.382,18.06,3.143,7.5,1.372,4.758,5.184
Random21
Raw:1.15,-3.576,6.277,1.385,18.06,3.137,7.496,1.36,4.793,5.168
EFT:1.159,-3.59,6.258,1.382,18.05,3.143,7.5,1.372,4.758,5.184
Random22
Raw:1.158,-3.602,6.254,1.375,18.06,3.145,7.504,1.367,4.766,5.188
EFT:1.159,-3.59,6.258,1.383,18.06,3.143,7.5,1.372,4.758,5.184
Random23
Raw:1.143,-3.57,6.28,1.381,18.03,3.135,7.492,1.38,4.76,5.188
EFT:1.159,-3.59,6.258,1.382,18.06,3.143,7.5,1.372,4.758,5.184
Random24
Raw:1.156,-3.602,6.25,1.379,18.06,3.146,7.496,1.357,4.777,5.17
EFT:1.159,-3.59,6.258,1.382,18.06,3.143,7.5,1.372,4.758,5.184
Random25
Raw:1.15,-3.578,6.266,1.383,18.1,3.158,7.5,1.405,4.727,5.223
EFT:1.159,-3.59,6.258,1.382,18.06,3.143,7.5,1.372,4.758,5.184
Random26
Raw:1.134,-3.57,6.266,1.377,18.03,3.125,7.484,1.361,4.785,5.164
EFT:1.159,-3.59,6.258,1.382,18.06,3.143,7.5,1.372,4.758,5.184
Random27
Raw:1.138,-3.58,6.27,1.371,18.06,3.148,7.484,1.367,4.773,5.18
EFT:1.159,-3.59,6.258,1.382,18.06,3.143,7.5,1.372,4.758,5.184
Random28
Raw:1.163,-3.602,6.246,1.373,18.1,3.17,7.52,1.405,4.715,5.223
EFT:1.159,-3.59,6.258,1.382,18.06,3.143,7.5,1.372,4.758,5.184
Random29
Raw:1.146,-3.586,6.26,1.379,18.06,3.145,7.5,1.38,4.746,5.2
EFT:1.159,-3.59,6.258,1.382,18.06,3.143,7.5,1.372,4.758,5.184
Random30
Raw:1.151,-3.557,6.273,1.393,18.03,3.13,7.477,1.373,4.746,5.184
EFT:1.159,-3.59,6.258,1.383,18.06,3.143,7.5,1.372,4.758,5.184
Random31
Raw:1.156,-3.596,6.246,1.379,18.1,3.158,7.5,1.382,4.734,5.203
EFT:1.159,-3.59,6.258,1.382,18.05,3.143,7.5,1.372,4.758,5.184
Random32
Raw:1.128,-3.547,6.297,1.383,18.03,3.129,7.477,1.371,4.785,5.176
EFT:1.159,-3.59,6.258,1.382,18.06,3.143,7.5,1.372,4.758,5.184
Random33
Raw:1.164,-3.576,6.277,1.398,18.06,3.137,7.504,1.378,4.758,5.188
EFT:1.159,-3.59,6.258,1.382,18.06,3.143,7.5,1.372,4.758,5.184
Random34
Raw:1.143,-3.564,6.277,1.389,18.06,3.148,7.492,1.384,4.76,5.2
EFT:1.159,-3.59,6.258,1.382,18.06,3.143,7.5,1.372,4.758,5.184
Random35
Raw:1.158,-3.582,6.266,1.381,18.03,3.133,7.484,1.359,4.77,5.184
EFT:1.159,-3.59,6.258,1.383,18.05,3.143,7.5,1.372,4.758,5.184
Random36
Raw:1.17,-3.61,6.258,1.383,18.06,3.146,7.51,1.358,4.766,5.17
EFT:1.159,-3.59,6.258,1.382,18.06,3.143,7.5,1.372,4.758,5.184
Random37
Raw:1.158,-3.598,6.266,1.385,18.1,3.156,7.508,1.376,4.766,5.188
EFT:1.158,-3.59,6.258,1.382,18.06,3.143,7.5,1.372,4.758,5.184
Random38
Raw:1.158,-3.586,6.266,1.385,18.03,3.117,7.49,1.337,4.793,5.152
EFT:1.159,-3.59,6.258,1.383,18.06,3.143,7.5,1.372,4.758,5.184
Random39
Raw:1.133,-3.559,6.26,1.377,18.0,3.137,7.46,1.367,4.75,5.176
EFT:1.159,-3.59,6.258,1.382,18.05,3.143,7.5,1.372,4.758,5.184
Random40
Raw:1.154,-3.574,6.246,1.367,18.0,3.117,7.48,1.338,4.777,5.137
EFT:1.159,-3.59,6.258,1.382,18.06,3.143,7.5,1.372,4.758,5.184
Random41
Raw:1.165,-3.602,6.242,1.377,18.06,3.146,7.496,1.374,4.75,5.2
EFT:1.159,-3.59,6.258,1.383,18.05,3.143,7.5,1.372,4.758,5.184
Random42
Raw:1.146,-3.576,6.28,1.385,18.06,3.139,7.492,1.374,4.76,5.188
EFT:1.159,-3.59,6.258,1.382,18.06,3.143,7.5,1.372,4.758,5.184
Random43
Raw:1.168,-3.598,6.26,1.389,18.06,3.137,7.504,1.353,4.77,5.176
EFT:1.159,-3.59,6.258,1.382,18.06,3.143,7.5,1.372,4.758,5.184
Random44
Raw:1.154,-3.559,6.273,1.396,18.06,3.148,7.484,1.401,4.73,5.21
EFT:1.158,-3.59,6.258,1.383,18.06,3.143,7.5,1.372,4.758,5.184
Random45
Raw:1.17,-3.613,6.234,1.369,18.06,3.156,7.508,1.364,4.75,5.184
EFT:1.158,-3.59,6.258,1.382,18.06,3.143,7.5,1.372,4.758,5.184
Random46
Raw:1.146,-3.574,6.285,1.385,18.1,3.154,7.504,1.391,4.76,5.207
EFT:1.159,-3.59,6.258,1.382,18.06,3.143,7.5,1.372,4.758,5.184
Random47
Raw:1.135,-3.557,6.27,1.377,18.03,3.145,7.49,1.39,4.758,5.195
EFT:1.159,-3.59,6.258,1.383,18.06,3.143,7.5,1.372,4.758,5.184
Random48
Raw:1.151,-3.57,6.273,1.383,18.06,3.148,7.5,1.397,4.746,5.22
EFT:1.159,-3.59,6.258,1.382,18.06,3.143,7.5,1.372,4.758,5.184
Random49
Raw:1.155,-3.582,6.26,1.389,18.06,3.139,7.492,1.374,4.746,5.18
EFT:1.159,-3.59,6.258,1.383,18.05,3.143,7.5,1.372,4.758,5.184
Random50
Raw:1.134,-3.562,6.273,1.377,18.06,3.133,7.484,1.358,4.785,5.17
EFT:1.159,-3.59,6.258,1.383,18.06,3.143,7.5,1.372,4.758,5.184
Random51
Raw:1.155,-3.588,6.258,1.379,18.06,3.152,7.504,1.374,4.758,5.195
EFT:1.158,-3.59,6.258,1.382,18.06,3.143,7.5,1.372,4.758,5.184
Random52
Raw:1.137,-3.557,6.29,1.383,18.06,3.14,7.492,1.388,4.766,5.195
EFT:1.159,-3.59,6.258,1.382,18.06,3.143,7.5,1.372,4.758,5.184
Random53
Raw:1.152,-3.59,6.266,1.383,18.1,3.16,7.504,1.39,4.734,5.207
EFT:1.159,-3.59,6.258,1.382,18.06,3.143,7.5,1.372,4.758,5.184
Random54
Raw:1.146,-3.572,6.273,1.379,18.06,3.145,7.496,1.392,4.75,5.215
EFT:1.159,-3.59,6.258,1.382,18.05,3.143,7.5,1.372,4.758,5.184
Random55
Raw:1.182,-3.613,6.227,1.377,18.03,3.145,7.51,1.37,4.734,5.188
EFT:1.159,-3.59,6.258,1.382,18.06,3.143,7.5,1.372,4.758,5.184
Random56
Raw:1.145,-3.584,6.277,1.385,18.06,3.129,7.492,1.361,4.777,5.176
EFT:1.159,-3.59,6.258,1.382,18.06,3.143,7.5,1.372,4.758,5.184
Random57
Raw:1.149,-3.586,6.28,1.385,18.1,3.14,7.496,1.379,4.758,5.2
EFT:1.159,-3.59,6.258,1.382,18.06,3.143,7.5,1.372,4.758,5.184
Random58
Raw:1.142,-3.56,6.266,1.385,18.03,3.148,7.492,1.397,4.73,5.203
EFT:1.159,-3.59,6.258,1.382,18.05,3.143,7.5,1.372,4.758,5.184
Random59
Raw:1.166,-3.57,6.285,1.402,18.06,3.125,7.496,1.369,4.78,5.188
EFT:1.159,-3.59,6.258,1.383,18.06,3.143,7.5,1.372,4.758,5.184
Random60
Raw:1.133,-3.55,6.3,1.379,18.06,3.129,7.484,1.379,4.797,5.188
EFT:1.158,-3.59,6.258,1.383,18.06,3.143,7.5,1.372,4.758,5.184
Random61
Raw:1.15,-3.578,6.26,1.375,18.1,3.172,7.508,1.408,4.727,5.227
EFT:1.159,-3.59,6.258,1.383,18.06,3.143,7.5,1.372,4.758,5.184
Random62
Raw:1.153,-3.576,6.273,1.381,18.1,3.154,7.51,1.394,4.75,5.207
EFT:1.159,-3.59,6.258,1.382,18.06,3.143,7.5,1.372,4.758,5.184
Random63
Raw:1.164,-3.602,6.242,1.379,18.06,3.137,7.5,1.355,4.766,5.168
EFT:1.159,-3.59,6.258,1.383,18.06,3.143,7.5,1.372,4.758,5.184
Random64
Raw:1.154,-3.594,6.254,1.377,18.06,3.139,7.492,1.366,4.76,5.188
EFT:1.159,-3.59,6.258,1.383,18.06,3.143,7.5,1.372,4.758,5.184
Random65
Raw:1.16,-3.594,6.26,1.396,18.06,3.143,7.504,1.371,4.758,5.188
EFT:1.159,-3.59,6.258,1.382,18.06,3.143,7.5,1.372,4.758,5.184
Random66
Raw:1.153,-3.594,6.266,1.381,18.06,3.14,7.5,1.364,4.77,5.17
EFT:1.159,-3.59,6.258,1.383,18.06,3.143,7.5,1.372,4.758,5.184
Random67
Raw:1.17,-3.61,6.242,1.379,18.1,3.148,7.516,1.364,4.76,5.18
EFT:1.159,-3.59,6.258,1.382,18.06,3.143,7.5,1.372,4.758,5.184
Random68
Raw:1.158,-3.594,6.25,1.381,18.06,3.145,7.492,1.362,4.758,5.176
EFT:1.159,-3.59,6.258,1.382,18.06,3.143,7.5,1.372,4.758,5.184
Random69
Raw:1.175,-3.586,6.277,1.398,18.06,3.148,7.508,1.376,4.758,5.195
EFT:1.159,-3.59,6.258,1.382,18.06,3.143,7.5,1.372,4.758,5.184
Random70
Raw:1.158,-3.588,6.25,1.383,18.03,3.129,7.473,1.347,4.777,5.16
EFT:1.158,-3.59,6.258,1.383,18.06,3.143,7.5,1.372,4.758,5.184
Random71
Raw:1.164,-3.586,6.273,1.398,18.06,3.14,7.51,1.361,4.785,5.188
EFT:1.159,-3.59,6.258,1.382,18.06,3.143,7.5,1.372,4.758,5.184
Random72
Raw:1.158,-3.605,6.258,1.377,18.1,3.15,7.504,1.37,4.754,5.2
EFT:1.159,-3.59,6.258,1.382,18.06,3.143,7.5,1.372,4.758,5.184
Random73
Raw:1.177,-3.629,6.227,1.379,18.03,3.15,7.5,1.333,4.77,5.156
EFT:1.159,-3.59,6.258,1.382,18.06,3.143,7.5,1.372,4.758,5.184
Random74
Raw:1.164,-3.605,6.266,1.391,18.06,3.143,7.508,1.347,4.785,5.16
EFT:1.159,-3.59,6.258,1.382,18.06,3.143,7.5,1.372,4.758,5.184
Random75
Raw:1.157,-3.582,6.258,1.385,18.06,3.137,7.496,1.36,4.773,5.17
EFT:1.159,-3.59,6.258,1.382,18.06,3.143,7.5,1.372,4.758,5.184
Random76
Raw:1.154,-3.588,6.25,1.373,18.06,3.15,7.504,1.368,4.76,5.18
EFT:1.159,-3.59,6.258,1.383,18.06,3.143,7.5,1.372,4.758,5.184
Random77
Raw:1.152,-3.57,6.277,1.387,18.06,3.14,7.496,1.365,4.773,5.176
EFT:1.159,-3.59,6.258,1.382,18.06,3.143,7.5,1.372,4.758,5.184
Random78
Raw:1.16,-3.613,6.234,1.369,18.03,3.152,7.496,1.365,4.746,5.188
EFT:1.159,-3.59,6.258,1.382,18.05,3.143,7.5,1.372,4.758,5.184
Random79
Raw:1.17,-3.598,6.254,1.383,18.03,3.135,7.496,1.353,4.766,5.168
EFT:1.159,-3.59,6.258,1.382,18.06,3.143,7.5,1.372,4.758,5.184
Random80
Raw:1.137,-3.555,6.273,1.377,18.0,3.137,7.48,1.384,4.742,5.184
EFT:1.159,-3.59,6.258,1.383,18.06,3.143,7.5,1.372,4.758,5.184
Random81
Raw:1.154,-3.578,6.266,1.395,18.06,3.152,7.492,1.378,4.76,5.195
EFT:1.159,-3.59,6.258,1.382,18.06,3.143,7.5,1.372,4.758,5.184
Random82
Raw:1.142,-3.559,6.273,1.385,18.0,3.13,7.473,1.362,4.758,5.164
EFT:1.159,-3.59,6.258,1.383,18.06,3.143,7.5,1.372,4.758,5.184
Random83
Raw:1.137,-3.57,6.27,1.367,18.06,3.145,7.473,1.397,4.742,5.21
EFT:1.159,-3.59,6.258,1.382,18.06,3.143,7.5,1.372,4.758,5.184
Random84
Raw:1.143,-3.57,6.266,1.375,18.06,3.152,7.49,1.384,4.754,5.195
EFT:1.159,-3.59,6.258,1.383,18.06,3.143,7.5,1.372,4.758,5.184
Random85
Raw:1.149,-3.572,6.28,1.381,18.06,3.133,7.492,1.374,4.777,5.18
EFT:1.159,-3.59,6.258,1.382,18.06,3.143,7.5,1.372,4.758,5.184
Random86
Raw:1.148,-3.559,6.273,1.381,18.03,3.135,7.477,1.368,4.77,5.176
EFT:1.159,-3.59,6.258,1.383,18.05,3.143,7.5,1.372,4.758,5.184
Random87
Raw:1.166,-3.604,6.266,1.385,18.06,3.139,7.51,1.346,4.797,5.168
EFT:1.159,-3.59,6.258,1.382,18.06,3.143,7.5,1.372,4.758,5.184
Random88
Raw:1.137,-3.566,6.273,1.369,18.06,3.146,7.5,1.387,4.754,5.2
EFT:1.159,-3.59,6.258,1.383,18.06,3.143,7.5,1.372,4.758,5.184
Random89
Raw:1.171,-3.605,6.25,1.379,18.1,3.164,7.523,1.394,4.734,5.207
EFT:1.158,-3.59,6.258,1.382,18.06,3.143,7.5,1.372,4.758,5.184
Random90
Raw:1.151,-3.562,6.273,1.393,18.0,3.11,7.477,1.351,4.78,5.164
EFT:1.159,-3.59,6.258,1.382,18.06,3.143,7.5,1.372,4.758,5.184
Random91
Raw:1.145,-3.564,6.285,1.385,18.03,3.121,7.48,1.343,4.805,5.15
EFT:1.159,-3.59,6.258,1.382,18.06,3.143,7.5,1.372,4.758,5.184
Random92
Raw:1.152,-3.578,6.277,1.391,18.06,3.15,7.5,1.397,4.74,5.215
EFT:1.159,-3.59,6.258,1.383,18.06,3.143,7.5,1.372,4.758,5.184
Random93
Raw:1.166,-3.621,6.234,1.377,18.06,3.145,7.504,1.362,4.746,5.176
EFT:1.159,-3.59,6.258,1.383,18.05,3.143,7.5,1.372,4.758,5.184
Random94
Raw:1.152,-3.584,6.258,1.379,18.06,3.145,7.496,1.372,4.766,5.184
EFT:1.159,-3.59,6.258,1.382,18.06,3.143,7.5,1.372,4.758,5.184
Random95
Raw:1.146,-3.572,6.266,1.381,18.06,3.14,7.492,1.386,4.754,5.195
EFT:1.159,-3.59,6.258,1.382,18.06,3.143,7.5,1.372,4.758,5.184
Random96
Raw:1.164,-3.594,6.27,1.387,18.06,3.133,7.508,1.349,4.8,5.164
EFT:1.159,-3.59,6.258,1.382,18.06,3.143,7.5,1.372,4.758,5.184
Random97
Raw:1.15,-3.584,6.277,1.387,18.06,3.139,7.5,1.377,4.766,5.188
EFT:1.159,-3.59,6.258,1.382,18.06,3.143,7.5,1.372,4.758,5.184
Random98
Raw:1.16,-3.588,6.254,1.383,18.06,3.148,7.504,1.379,4.75,5.195
EFT:1.159,-3.59,6.258,1.383,18.06,3.143,7.5,1.372,4.758,5.184
Random99
Raw:1.146,-3.572,6.28,1.391,18.06,3.145,7.49,1.383,4.76,5.195
EFT:1.158,-3.59,6.258,1.382,18.06,3.143,7.5,1.372,4.758,5.184
Random100
Raw:1.143,-3.55,6.3,1.389,18.06,3.133,7.5,1.395,4.77,5.207
EFT:1.159,-3.59,6.258,1.383,18.06,3.143,7.5,1.372,4.758,5.184
Random101
Raw:1.162,-3.598,6.254,1.387,18.06,3.145,7.508,1.367,4.758,5.184
EFT:1.159,-3.59,6.258,1.383,18.06,3.143,7.5,1.372,4.758,5.184
Random102
Raw:1.152,-3.574,6.26,1.385,18.06,3.143,7.49,1.388,4.734,5.203
EFT:1.159,-3.59,6.258,1.382,18.06,3.143,7.5,1.372,4.758,5.184
Random103
Raw:1.162,-3.613,6.28,1.389,18.1,3.148,7.516,1.378,4.76,5.2
EFT:1.159,-3.59,6.258,1.382,18.06,3.143,7.5,1.372,4.758,5.184
Random104
Raw:1.163,-3.605,6.24,1.363,18.06,3.139,7.5,1.347,4.766,5.164
EFT:1.159,-3.59,6.258,1.383,18.06,3.143,7.5,1.372,4.758,5.184
Random105
Raw:1.156,-3.578,6.26,1.381,18.03,3.14,7.5,1.38,4.742,5.188
EFT:1.159,-3.59,6.258,1.382,18.06,3.143,7.5,1.372,4.758,5.184
Random106
Raw:1.134,-3.55,6.273,1.379,18.03,3.14,7.484,1.394,4.746,5.188
EFT:1.159,-3.59,6.258,1.382,18.05,3.143,7.5,1.372,4.758,5.184
Random107
Raw:1.139,-3.535,6.28,1.393,18.0,3.121,7.46,1.38,4.76,5.18
EFT:1.159,-3.59,6.258,1.383,18.06,3.143,7.5,1.372,4.758,5.184
Random108
Raw:1.143,-3.576,6.277,1.377,18.06,3.145,7.504,1.387,4.76,5.195
EFT:1.159,-3.59,6.258,1.383,18.05,3.143,7.5,1.372,4.758,5.184
Random109
Raw:1.173,-3.621,6.258,1.373,18.1,3.143,7.52,1.354,4.78,5.17
EFT:1.158,-3.59,6.258,1.382,18.05,3.143,7.5,1.372,4.758,5.184
Random110
Raw:1.158,-3.58,6.26,1.377,18.06,3.137,7.496,1.368,4.766,5.184
EFT:1.159,-3.59,6.258,1.383,18.06,3.143,7.5,1.372,4.758,5.184
Random111
Raw:1.161,-3.584,6.26,1.387,18.03,3.129,7.48,1.346,4.79,5.152
EFT:1.158,-3.59,6.258,1.383,18.06,3.143,7.5,1.372,4.758,5.184
Random112
Raw:1.166,-3.611,6.25,1.379,18.06,3.145,7.5,1.361,4.76,5.176
EFT:1.158,-3.59,6.258,1.382,18.05,3.143,7.5,1.372,4.758,5.184
Random113
Raw:1.148,-3.582,6.273,1.383,18.06,3.146,7.492,1.386,4.75,5.19
EFT:1.159,-3.59,6.258,1.383,18.06,3.143,7.5,1.372,4.758,5.184
Random114
Raw:1.157,-3.602,6.258,1.381,18.06,3.14,7.508,1.357,4.785,5.164
EFT:1.159,-3.59,6.258,1.382,18.06,3.143,7.5,1.372,4.758,5.184
Random115
Raw:1.148,-3.594,6.25,1.363,18.06,3.158,7.508,1.389,4.74,5.203
EFT:1.159,-3.59,6.258,1.382,18.06,3.143,7.5,1.372,4.758,5.184
Random116
Raw:1.156,-3.578,6.25,1.379,18.06,3.15,7.492,1.382,4.746,5.2
EFT:1.159,-3.59,6.258,1.382,18.06,3.143,7.5,1.372,4.758,5.184
Random117
Raw:1.142,-3.576,6.277,1.371,18.06,3.14,7.504,1.38,4.76,5.188
EFT:1.158,-3.59,6.258,1.383,18.06,3.143,7.5,1.372,4.758,5.184
Random118
Raw:1.161,-3.602,6.242,1.369,18.06,3.14,7.496,1.353,4.76,5.164
EFT:1.159,-3.59,6.258,1.382,18.06,3.143,7.5,1.372,4.758,5.184
Random119
Raw:1.148,-3.598,6.242,1.361,18.06,3.152,7.5,1.369,4.754,5.18
EFT:1.159,-3.59,6.258,1.383,18.06,3.143,7.5,1.372,4.758,5.184
Random120
Raw:1.154,-3.57,6.277,1.383,18.06,3.137,7.496,1.373,4.766,5.188
EFT:1.158,-3.59,6.258,1.382,18.06,3.143,7.5,1.372,4.758,5.184
Random121
Raw:1.135,-3.541,6.28,1.383,18.0,3.12,7.453,1.36,4.785,5.152
EFT:1.159,-3.59,6.258,1.382,18.06,3.143,7.5,1.372,4.758,5.184
Random122
Raw:1.156,-3.59,6.27,1.385,18.06,3.135,7.49,1.369,4.76,5.176
EFT:1.159,-3.59,6.258,1.382,18.05,3.143,7.5,1.372,4.758,5.184
Random123
Raw:1.146,-3.533,6.3,1.406,18.03,3.127,7.47,1.372,4.773,5.17
EFT:1.159,-3.59,6.258,1.382,18.05,3.143,7.5,1.372,4.758,5.184
Random124
Raw:1.127,-3.545,6.285,1.381,18.06,3.145,7.492,1.383,4.785,5.188
EFT:1.159,-3.59,6.258,1.382,18.06,3.143,7.5,1.372,4.758,5.184
Random125
Raw:1.154,-3.59,6.27,1.391,18.06,3.14,7.496,1.348,4.78,5.164
EFT:1.159,-3.59,6.258,1.382,18.06,3.143,7.5,1.372,4.758,5.184
Random126
Raw:1.137,-3.56,6.273,1.379,18.06,3.15,7.484,1.392,4.754,5.195
EFT:1.159,-3.59,6.258,1.382,18.06,3.143,7.5,1.372,4.758,5.184
Random127
Raw:1.157,-3.572,6.273,1.389,18.06,3.143,7.5,1.387,4.754,5.2
EFT:1.159,-3.59,6.258,1.382,18.06,3.143,7.5,1.372,4.758,5.184
Random128
Raw:1.145,-3.582,6.258,1.373,18.1,3.148,7.5,1.386,4.754,5.19
EFT:1.159,-3.59,6.258,1.383,18.05,3.143,7.5,1.372,4.758,5.184
Random129
Raw:1.152,-3.574,6.277,1.381,18.1,3.135,7.5,1.36,4.797,5.17
EFT:1.159,-3.59,6.258,1.383,18.06,3.143,7.5,1.372,4.758,5.184
Random130
Raw:1.139,-3.566,6.254,1.369,18.03,3.145,7.49,1.387,4.734,5.195
EFT:1.159,-3.59,6.258,1.382,18.05,3.143,7.5,1.372,4.758,5.184
Random131
Raw:1.15,-3.562,6.28,1.396,18.03,3.133,7.47,1.375,4.754,5.188
EFT:1.159,-3.59,6.258,1.383,18.06,3.143,7.5,1.372,4.758,5.184
Random132
Raw:1.127,-3.541,6.273,1.379,18.03,3.139,7.477,1.409,4.742,5.21
EFT:1.158,-3.59,6.258,1.383,18.06,3.143,7.5,1.372,4.758,5.184
Random133
Raw:1.121,-3.531,6.312,1.391,18.1,3.156,7.492,1.413,4.754,5.227
EFT:1.159,-3.59,6.258,1.383,18.06,3.143,7.5,1.372,4.758,5.184
Random134
Raw:1.158,-3.61,6.242,1.379,18.06,3.145,7.508,1.367,4.742,5.184
EFT:1.159,-3.59,6.258,1.383,18.06,3.143,7.5,1.372,4.758,5.184
Random135
Raw:1.159,-3.594,6.24,1.375,18.03,3.148,7.477,1.369,4.734,5.188
EFT:1.159,-3.59,6.258,1.382,18.06,3.143,7.5,1.372,4.758,5.184
Random136
Raw:1.157,-3.594,6.266,1.385,18.06,3.152,7.49,1.391,4.73,5.207
EFT:1.159,-3.59,6.258,1.382,18.06,3.143,7.5,1.372,4.758,5.184
Random137
Raw:1.174,-3.598,6.273,1.402,18.06,3.139,7.5,1.368,4.766,5.195
EFT:1.159,-3.59,6.258,1.382,18.06,3.143,7.5,1.372,4.758,5.184
Random138
Raw:1.153,-3.59,6.258,1.373,18.06,3.148,7.5,1.38,4.746,5.19
EFT:1.159,-3.59,6.258,1.382,18.06,3.143,7.5,1.372,4.758,5.184
Random139
Raw:1.16,-3.582,6.28,1.393,18.06,3.127,7.496,1.367,4.766,5.18
EFT:1.159,-3.59,6.258,1.382,18.06,3.143,7.5,1.372,4.758,5.184
Random140
Raw:1.149,-3.578,6.266,1.381,18.03,3.125,7.47,1.357,4.77,5.17
EFT:1.159,-3.59,6.258,1.383,18.06,3.143,7.5,1.372,4.758,5.184
Random141
Raw:1.154,-3.562,6.266,1.389,18.03,3.133,7.484,1.374,4.758,5.18
EFT:1.159,-3.59,6.258,1.382,18.06,3.143,7.5,1.372,4.758,5.184
Random142
Raw:1.161,-3.605,6.234,1.369,18.06,3.148,7.5,1.366,4.758,5.17
EFT:1.159,-3.59,6.258,1.382,18.06,3.143,7.5,1.372,4.758,5.184
Random143
Raw:1.158,-3.621,6.258,1.377,18.06,3.143,7.51,1.345,4.773,5.152
EFT:1.158,-3.59,6.258,1.383,18.06,3.143,7.5,1.372,4.758,5.184
Random144
Raw:1.16,-3.602,6.26,1.381,18.06,3.129,7.5,1.343,4.793,5.156
EFT:1.159,-3.59,6.258,1.382,18.06,3.143,7.5,1.372,4.758,5.184
Random145
Raw:1.152,-3.578,6.27,1.395,18.03,3.135,7.48,1.361,4.77,5.17
EFT:1.159,-3.59,6.258,1.383,18.06,3.143,7.5,1.372,4.758,5.184
Random146
Raw:1.158,-3.6,6.258,1.375,18.06,3.145,7.496,1.367,4.76,5.18
EFT:1.159,-3.59,6.258,1.382,18.06,3.143,7.5,1.372,4.758,5.184
Random147
Raw:1.133,-3.541,6.28,1.393,18.03,3.148,7.47,1.402,4.73,5.215
EFT:1.159,-3.59,6.258,1.383,18.06,3.143,7.5,1.372,4.758,5.184
Random148
Raw:1.163,-3.594,6.25,1.381,18.06,3.145,7.496,1.382,4.74,5.2
EFT:1.159,-3.59,6.258,1.382,18.06,3.143,7.5,1.372,4.758,5.184
Random149
Raw:1.13,-3.531,6.293,1.383,18.03,3.135,7.473,1.389,4.76,5.19
EFT:1.159,-3.59,6.258,1.382,18.05,3.143,7.5,1.372,4.758,5.184
Random150
Raw:1.176,-3.604,6.254,1.391,18.06,3.137,7.504,1.375,4.75,5.195
EFT:1.158,-3.59,6.258,1.382,18.06,3.143,7.5,1.372,4.758,5.184
Random151
Raw:1.171,-3.61,6.25,1.391,18.06,3.152,7.508,1.37,4.75,5.188
EFT:1.159,-3.59,6.258,1.383,18.06,3.143,7.5,1.372,4.758,5.184
Random152
Raw:1.168,-3.602,6.234,1.379,18.03,3.145,7.492,1.354,4.754,5.168
EFT:1.159,-3.59,6.258,1.382,18.06,3.143,7.5,1.372,4.758,5.184
Random153
Raw:1.133,-3.56,6.28,1.375,18.03,3.123,7.477,1.371,4.773,5.168
EFT:1.159,-3.59,6.258,1.383,18.06,3.143,7.5,1.372,4.758,5.184
Random154
Raw:1.131,-3.576,6.25,1.365,18.03,3.152,7.492,1.392,4.746,5.2
EFT:1.159,-3.59,6.258,1.382,18.05,3.143,7.5,1.372,4.758,5.184
Random155
Raw:1.147,-3.568,6.297,1.4,18.06,3.133,7.477,1.361,4.777,5.176
EFT:1.159,-3.59,6.258,1.383,18.06,3.143,7.5,1.372,4.758,5.184
Random156
Raw:1.166,-3.605,6.26,1.389,18.1,3.156,7.516,1.375,4.754,5.203
EFT:1.159,-3.59,6.258,1.383,18.06,3.143,7.5,1.372,4.758,5.184
Random157
Raw:1.159,-3.613,6.246,1.383,18.06,3.143,7.49,1.341,4.777,5.156
EFT:1.159,-3.59,6.258,1.383,18.06,3.143,7.5,1.372,4.758,5.184
Random158
Raw:1.161,-3.596,6.258,1.381,18.06,3.139,7.5,1.362,4.766,5.184
EFT:1.159,-3.59,6.258,1.382,18.06,3.143,7.5,1.372,4.758,5.184
Random159
Raw:1.151,-3.562,6.273,1.391,18.06,3.164,7.504,1.411,4.72,5.227
EFT:1.159,-3.59,6.258,1.383,18.05,3.143,7.5,1.372,4.758,5.184
Random160
Raw:1.151,-3.56,6.293,1.395,18.06,3.133,7.492,1.371,4.777,5.18
EFT:1.159,-3.59,6.258,1.383,18.06,3.143,7.5,1.372,4.758,5.184
Random161
Raw:1.182,-3.633,6.254,1.383,18.12,3.158,7.53,1.367,4.75,5.2
EFT:1.159,-3.59,6.258,1.382,18.06,3.143,7.5,1.372,4.758,5.184
Random162
Raw:1.168,-3.61,6.254,1.389,18.06,3.152,7.508,1.365,4.746,5.19
EFT:1.159,-3.59,6.258,1.382,18.06,3.143,7.5,1.372,4.758,5.184
Random163
Raw:1.132,-3.54,6.28,1.389,18.0,3.13,7.484,1.392,4.742,5.195
EFT:1.159,-3.59,6.258,1.382,18.06,3.143,7.5,1.372,4.758,5.184
Random164
Raw:1.157,-3.586,6.273,1.383,18.1,3.152,7.508,1.366,4.77,5.188
EFT:1.159,-3.59,6.258,1.383,18.05,3.143,7.5,1.372,4.758,5.184
Random165
Raw:1.156,-3.576,6.258,1.387,18.0,3.125,7.47,1.336,4.793,5.145
EFT:1.159,-3.59,6.258,1.382,18.06,3.143,7.5,1.372,4.758,5.184
Random166
Raw:1.16,-3.586,6.254,1.385,18.06,3.148,7.516,1.385,4.74,5.19
EFT:1.159,-3.59,6.258,1.382,18.06,3.143,7.5,1.372,4.758,5.184
Random167
Raw:1.156,-3.582,6.27,1.387,18.06,3.154,7.508,1.393,4.74,5.21
EFT:1.159,-3.59,6.258,1.382,18.05,3.143,7.5,1.372,4.758,5.184
Random168
Raw:1.141,-3.594,6.246,1.381,18.06,3.166,7.484,1.382,4.727,5.195
EFT:1.159,-3.59,6.258,1.383,18.06,3.143,7.5,1.372,4.758,5.184
Random169
Raw:1.159,-3.586,6.27,1.387,18.06,3.139,7.5,1.373,4.77,5.188
EFT:1.159,-3.59,6.258,1.382,18.06,3.143,7.5,1.372,4.758,5.184
Random170
Raw:1.152,-3.586,6.254,1.373,18.06,3.14,7.496,1.358,4.77,5.17
EFT:1.158,-3.59,6.258,1.382,18.06,3.143,7.5,1.372,4.758,5.184
Random171
Raw:1.147,-3.578,6.266,1.377,18.06,3.145,7.484,1.37,4.76,5.188
EFT:1.159,-3.59,6.258,1.382,18.05,3.143,7.5,1.372,4.758,5.184
Random172
Raw:1.16,-3.57,6.29,1.396,18.06,3.13,7.5,1.369,4.78,5.188
EFT:1.159,-3.59,6.258,1.382,18.05,3.143,7.5,1.372,4.758,5.184
Random173
Raw:1.137,-3.562,6.26,1.371,18.03,3.129,7.473,1.359,4.78,5.152
EFT:1.159,-3.59,6.258,1.382,18.06,3.143,7.5,1.372,4.758,5.184
Random174
Raw:1.157,-3.574,6.26,1.396,18.03,3.135,7.484,1.364,4.758,5.18
EFT:1.159,-3.59,6.258,1.382,18.05,3.143,7.5,1.372,4.758,5.184
Random175
Raw:1.129,-3.533,6.312,1.404,18.03,3.12,7.477,1.369,4.785,5.18
EFT:1.159,-3.59,6.258,1.382,18.06,3.143,7.5,1.372,4.758,5.184
Random176
Raw:1.149,-3.594,6.266,1.375,18.06,3.14,7.5,1.357,4.785,5.17
EFT:1.158,-3.59,6.258,1.382,18.06,3.143,7.5,1.372,4.758,5.184
Random177
Raw:1.176,-3.607,6.258,1.387,18.1,3.146,7.516,1.373,4.758,5.195
EFT:1.159,-3.59,6.258,1.382,18.06,3.143,7.5,1.372,4.758,5.184
Random178
Raw:1.152,-3.582,6.27,1.375,18.03,3.129,7.492,1.345,4.8,5.164
EFT:1.159,-3.59,6.258,1.383,18.06,3.143,7.5,1.372,4.758,5.184
Random179
Raw:1.143,-3.584,6.258,1.375,18.06,3.14,7.496,1.375,4.754,5.195
EFT:1.159,-3.59,6.258,1.382,18.06,3.143,7.5,1.372,4.758,5.184
Random180
Raw:1.159,-3.568,6.273,1.402,18.06,3.145,7.492,1.385,4.74,5.207
EFT:1.159,-3.59,6.258,1.383,18.06,3.143,7.5,1.372,4.758,5.184
Random181
Raw:1.159,-3.572,6.28,1.398,18.06,3.146,7.504,1.384,4.742,5.195
EFT:1.159,-3.59,6.258,1.383,18.06,3.143,7.5,1.372,4.758,5.184
Random182
Raw:1.193,-3.635,6.25,1.402,18.06,3.148,7.523,1.345,4.777,5.176
EFT:1.159,-3.59,6.258,1.382,18.06,3.143,7.5,1.372,4.758,5.184
Random183
Raw:1.174,-3.602,6.242,1.391,18.06,3.156,7.48,1.373,4.73,5.19
EFT:1.159,-3.59,6.258,1.382,18.05,3.143,7.5,1.372,4.758,5.184
Random184
Raw:1.15,-3.588,6.277,1.377,18.06,3.139,7.508,1.367,4.8,5.184
EFT:1.159,-3.59,6.258,1.382,18.06,3.143,7.5,1.372,4.758,5.184
Random185
Raw:1.156,-3.594,6.246,1.379,18.06,3.16,7.504,1.389,4.73,5.207
EFT:1.159,-3.59,6.258,1.383,18.05,3.143,7.5,1.372,4.758,5.184
Random186
Raw:1.141,-3.572,6.258,1.379,18.03,3.14,7.473,1.37,4.758,5.176
EFT:1.159,-3.59,6.258,1.382,18.05,3.143,7.5,1.372,4.758,5.184
Random187
Raw:1.166,-3.602,6.25,1.379,18.06,3.139,7.5,1.352,4.77,5.168
EFT:1.159,-3.59,6.258,1.382,18.06,3.143,7.5,1.372,4.758,5.184
Random188
Raw:1.16,-3.574,6.27,1.391,18.06,3.145,7.49,1.37,4.766,5.19
EFT:1.159,-3.59,6.258,1.383,18.05,3.143,7.5,1.372,4.758,5.184
Random189
Raw:1.145,-3.566,6.246,1.379,18.03,3.15,7.47,1.382,4.734,5.188
EFT:1.159,-3.59,6.258,1.382,18.06,3.143,7.5,1.372,4.758,5.184
Random190
Raw:1.168,-3.592,6.258,1.391,18.06,3.14,7.508,1.378,4.754,5.2
EFT:1.159,-3.59,6.258,1.382,18.06,3.143,7.5,1.372,4.758,5.184
Random191
Raw:1.149,-3.572,6.26,1.381,18.03,3.14,7.48,1.37,4.754,5.188
EFT:1.159,-3.59,6.258,1.382,18.05,3.143,7.5,1.372,4.758,5.184
Random192
Raw:1.168,-3.6,6.258,1.387,18.06,3.13,7.496,1.345,4.773,5.16
EFT:1.159,-3.59,6.258,1.382,18.06,3.143,7.5,1.372,4.758,5.184
Random193
Raw:1.16,-3.59,6.277,1.393,18.1,3.156,7.508,1.388,4.754,5.203
EFT:1.159,-3.59,6.258,1.382,18.06,3.143,7.5,1.372,4.758,5.184
Random194
Raw:1.168,-3.613,6.254,1.391,18.1,3.15,7.508,1.37,4.754,5.184
EFT:1.159,-3.59,6.258,1.383,18.06,3.143,7.5,1.372,4.758,5.184
Random195
Raw:1.14,-3.56,6.29,1.385,18.06,3.127,7.484,1.3545,4.793,5.164
EFT:1.159,-3.59,6.258,1.382,18.05,3.143,7.5,1.372,4.758,5.184
Random196
Raw:1.169,-3.625,6.25,1.385,18.1,3.152,7.516,1.355,4.766,5.18
EFT:1.159,-3.59,6.258,1.382,18.06,3.143,7.5,1.372,4.758,5.184
Random197
Raw:1.169,-3.604,6.273,1.395,18.12,3.164,7.527,1.392,4.754,5.22
EFT:1.159,-3.59,6.258,1.382,18.06,3.143,7.5,1.372,4.758,5.184
Random198
Raw:1.156,-3.6,6.266,1.396,18.06,3.16,7.492,1.38,4.74,5.2
EFT:1.159,-3.59,6.258,1.383,18.06,3.143,7.5,1.372,4.758,5.184
Random199
Raw:1.158,-3.594,6.258,1.385,18.1,3.158,7.516,1.3955,4.74,5.21
EFT:1.159,-3.59,6.258,1.382,18.06,3.143,7.5,1.372,4.758,5.184
Random200
Raw:1.156,-3.594,6.266,1.389,18.06,3.133,7.49,1.36,4.77,5.18
EFT:1.159,-3.59,6.258,1.382,18.06,3.143,7.5,1.372,4.758,5.184
Random201
Raw:1.164,-3.602,6.242,1.377,18.06,3.16,7.51,1.39,4.723,5.2
EFT:1.159,-3.59,6.258,1.383,18.05,3.143,7.5,1.372,4.758,5.184
Random202
Raw:1.155,-3.592,6.25,1.379,18.06,3.148,7.496,1.358,4.77,5.176
EFT:1.159,-3.59,6.258,1.383,18.06,3.143,7.5,1.372,4.758,5.184
Random203
Raw:1.156,-3.586,6.285,1.398,18.06,3.143,7.51,1.384,4.758,5.207
EFT:1.159,-3.59,6.258,1.383,18.06,3.143,7.5,1.372,4.758,5.184
Random204
Raw:1.177,-3.637,6.254,1.377,18.12,3.152,7.53,1.353,4.777,5.18
EFT:1.159,-3.59,6.258,1.383,18.06,3.143,7.5,1.372,4.758,5.184
Random205
Raw:1.152,-3.57,6.277,1.395,18.06,3.145,7.484,1.385,4.754,5.203
EFT:1.158,-3.59,6.258,1.382,18.06,3.143,7.5,1.372,4.758,5.184
Random206
Raw:1.159,-3.576,6.27,1.387,18.06,3.148,7.508,1.398,4.723,5.203
EFT:1.159,-3.59,6.258,1.382,18.06,3.143,7.5,1.372,4.758,5.184
Random207
Raw:1.156,-3.594,6.25,1.381,18.06,3.152,7.492,1.37,4.75,5.188
EFT:1.159,-3.59,6.258,1.383,18.05,3.143,7.5,1.372,4.758,5.184
Random208
Raw:1.164,-3.602,6.25,1.381,18.06,3.137,7.51,1.37,4.754,5.188
EFT:1.159,-3.59,6.258,1.382,18.06,3.143,7.5,1.372,4.758,5.184
Random209
Raw:1.155,-3.57,6.27,1.396,18.03,3.13,7.48,1.368,4.76,5.176
EFT:1.159,-3.59,6.258,1.383,18.06,3.143,7.5,1.372,4.758,5.184
Random210
Raw:1.148,-3.564,6.26,1.381,18.03,3.145,7.492,1.39,4.742,5.195
EFT:1.159,-3.59,6.258,1.383,18.06,3.143,7.5,1.372,4.758,5.184
Random211
Raw:1.162,-3.61,6.27,1.389,18.03,3.117,7.504,1.312,4.832,5.133
EFT:1.159,-3.59,6.258,1.382,18.05,3.143,7.5,1.372,4.758,5.184
Random212
Raw:1.165,-3.604,6.277,1.383,18.1,3.139,7.52,1.356,4.79,5.18
EFT:1.158,-3.59,6.258,1.383,18.06,3.143,7.5,1.372,4.758,5.184
Random213
Raw:1.17,-3.59,6.266,1.396,18.06,3.133,7.5,1.364,4.766,5.188
EFT:1.159,-3.59,6.258,1.383,18.06,3.143,7.5,1.372,4.758,5.184
Random214
Raw:1.172,-3.611,6.258,1.389,18.03,3.129,7.5,1.333,4.78,5.16
EFT:1.159,-3.59,6.258,1.383,18.06,3.143,7.5,1.372,4.758,5.184
Random215
Raw:1.148,-3.562,6.266,1.391,18.03,3.143,7.49,1.389,4.73,5.195
EFT:1.159,-3.59,6.258,1.382,18.06,3.143,7.5,1.372,4.758,5.184
Random216
Raw:1.154,-3.568,6.28,1.383,18.06,3.125,7.492,1.378,4.77,5.19
EFT:1.159,-3.59,6.258,1.382,18.06,3.143,7.5,1.372,4.758,5.184
Random217
Raw:1.146,-3.592,6.28,1.398,18.06,3.129,7.492,1.359,4.797,5.176
EFT:1.159,-3.59,6.258,1.382,18.06,3.143,7.5,1.372,4.758,5.184
Random218
Raw:1.144,-3.584,6.246,1.365,18.06,3.164,7.5,1.399,4.73,5.21
EFT:1.159,-3.59,6.258,1.382,18.06,3.143,7.5,1.372,4.758,5.184
Random219
Raw:1.163,-3.59,6.258,1.383,18.03,3.129,7.492,1.343,4.785,5.156
EFT:1.159,-3.59,6.258,1.382,18.06,3.143,7.5,1.372,4.758,5.184
Random220
Raw:1.16,-3.582,6.29,1.393,18.06,3.125,7.49,1.349,4.8,5.176
EFT:1.159,-3.59,6.258,1.382,18.06,3.143,7.5,1.372,4.758,5.184
Random221
Raw:1.161,-3.604,6.25,1.381,18.06,3.146,7.508,1.358,4.773,5.17
EFT:1.159,-3.59,6.258,1.383,18.05,3.143,7.5,1.372,4.758,5.184
Random222
Raw:1.172,-3.629,6.234,1.385,18.06,3.148,7.51,1.362,4.746,5.18
EFT:1.159,-3.59,6.258,1.382,18.06,3.143,7.5,1.372,4.758,5.184
Random223
Raw:1.152,-3.572,6.277,1.385,18.06,3.143,7.51,1.404,4.746,5.21
EFT:1.159,-3.59,6.258,1.382,18.06,3.143,7.5,1.372,4.758,5.184
Random224
Raw:1.146,-3.562,6.26,1.373,18.03,3.139,7.48,1.367,4.77,5.18
EFT:1.159,-3.59,6.258,1.382,18.06,3.143,7.5,1.372,4.758,5.184
Random225
Raw:1.143,-3.559,6.273,1.385,18.03,3.123,7.48,1.36,4.78,5.164
EFT:1.159,-3.59,6.258,1.382,18.05,3.143,7.5,1.372,4.758,5.184
Random226
Raw:1.151,-3.594,6.26,1.375,18.06,3.15,7.51,1.376,4.766,5.18
EFT:1.159,-3.59,6.258,1.382,18.06,3.143,7.5,1.372,4.758,5.184
Random227
Raw:1.152,-3.61,6.258,1.371,18.06,3.15,7.496,1.348,4.766,5.164
EFT:1.159,-3.59,6.258,1.382,18.06,3.143,7.5,1.372,4.758,5.184
Random228
Raw:1.132,-3.562,6.277,1.371,18.06,3.145,7.48,1.384,4.773,5.19
EFT:1.159,-3.59,6.258,1.383,18.06,3.143,7.5,1.372,4.758,5.184
Random229
Raw:1.161,-3.594,6.27,1.393,18.06,3.154,7.508,1.37,4.76,5.188
EFT:1.159,-3.59,6.258,1.382,18.06,3.143,7.5,1.372,4.758,5.184
Random230
Raw:1.158,-3.588,6.277,1.389,18.1,3.152,7.516,1.388,4.758,5.203
EFT:1.159,-3.59,6.258,1.383,18.06,3.143,7.5,1.372,4.758,5.184
Random231
Raw:1.182,-3.617,6.24,1.387,18.06,3.156,7.516,1.37,4.74,5.188
EFT:1.159,-3.59,6.258,1.382,18.05,3.143,7.5,1.372,4.758,5.184
Random232
Raw:1.145,-3.582,6.273,1.375,18.06,3.137,7.496,1.374,4.777,5.184
EFT:1.159,-3.59,6.258,1.382,18.06,3.143,7.5,1.372,4.758,5.184
Random233
Raw:1.167,-3.582,6.25,1.385,18.03,3.145,7.5,1.382,4.734,5.195
EFT:1.159,-3.59,6.258,1.383,18.06,3.143,7.5,1.372,4.758,5.184
Random234
Raw:1.15,-3.594,6.273,1.389,18.1,3.152,7.5,1.366,4.77,5.19
EFT:1.159,-3.59,6.258,1.382,18.06,3.143,7.5,1.372,4.758,5.184
Random235
Raw:1.164,-3.594,6.277,1.396,18.1,3.143,7.516,1.358,4.785,5.176
EFT:1.159,-3.59,6.258,1.383,18.06,3.143,7.5,1.372,4.758,5.184
Random236
Raw:1.153,-3.586,6.25,1.377,18.06,3.158,7.496,1.377,4.746,5.188
EFT:1.159,-3.59,6.258,1.382,18.06,3.143,7.5,1.372,4.758,5.184
Random237
Raw:1.159,-3.578,6.273,1.395,18.1,3.16,7.51,1.388,4.75,5.203
EFT:1.159,-3.59,6.258,1.383,18.06,3.143,7.5,1.372,4.758,5.184
Random238
Raw:1.136,-3.555,6.285,1.379,18.1,3.137,7.496,1.378,4.793,5.184
EFT:1.158,-3.59,6.258,1.382,18.05,3.143,7.5,1.372,4.758,5.184
Random239
Raw:1.187,-3.652,6.25,1.385,18.12,3.158,7.523,1.351,4.766,5.18
EFT:1.158,-3.59,6.258,1.382,18.06,3.143,7.5,1.372,4.758,5.184
Random240
Raw:1.157,-3.598,6.266,1.383,18.06,3.139,7.5,1.363,4.77,5.18
EFT:1.159,-3.59,6.258,1.382,18.05,3.143,7.5,1.372,4.758,5.184
Random241
Raw:1.174,-3.598,6.242,1.379,18.06,3.158,7.508,1.369,4.754,5.184
EFT:1.159,-3.59,6.258,1.382,18.06,3.143,7.5,1.372,4.758,5.184
Random242
Raw:1.158,-3.553,6.293,1.406,18.03,3.129,7.49,1.382,4.758,5.19
EFT:1.159,-3.59,6.258,1.382,18.06,3.143,7.5,1.372,4.758,5.184
Random243
Raw:1.141,-3.559,6.27,1.373,18.03,3.14,7.492,1.387,4.746,5.19
EFT:1.159,-3.59,6.258,1.383,18.06,3.143,7.5,1.372,4.758,5.184
Random244
Raw:1.15,-3.582,6.273,1.385,18.1,3.145,7.516,1.389,4.76,5.195
EFT:1.159,-3.59,6.258,1.382,18.06,3.143,7.5,1.372,4.758,5.184
Random245
Raw:1.168,-3.578,6.266,1.389,18.03,3.125,7.492,1.351,4.785,5.168
EFT:1.159,-3.59,6.258,1.382,18.06,3.143,7.5,1.372,4.758,5.184
Random246
Raw:1.148,-3.568,6.266,1.377,18.06,3.13,7.492,1.372,4.777,5.18
EFT:1.159,-3.59,6.258,1.382,18.06,3.143,7.5,1.372,4.758,5.184
Random247
Raw:1.155,-3.594,6.273,1.395,18.1,3.14,7.504,1.362,4.76,5.184
EFT:1.159,-3.59,6.258,1.383,18.05,3.143,7.5,1.372,4.758,5.184
Random248
Raw:1.133,-3.55,6.277,1.385,18.03,3.129,7.457,1.372,4.77,5.176
EFT:1.159,-3.59,6.258,1.382,18.05,3.143,7.5,1.372,4.758,5.184
Random249
Raw:1.182,-3.607,6.26,1.393,18.1,3.143,7.508,1.37,4.754,5.19
EFT:1.159,-3.59,6.258,1.382,18.06,3.143,7.5,1.372,4.758,5.184
Random250
Raw:1.173,-3.602,6.277,1.391,18.1,3.152,7.53,1.38,4.758,5.203
EFT:1.159,-3.59,6.258,1.383,18.06,3.143,7.5,1.372,4.758,5.184
Random251
Raw:1.145,-3.562,6.285,1.389,18.03,3.113,7.477,1.365,4.777,5.17
EFT:1.159,-3.59,6.258,1.382,18.06,3.143,7.5,1.372,4.758,5.184
Random252
Raw:1.169,-3.617,6.24,1.369,18.06,3.152,7.508,1.364,4.754,5.18
EFT:1.159,-3.59,6.258,1.382,18.06,3.143,7.5,1.372,4.758,5.184
Random253
Raw:1.165,-3.588,6.266,1.4,18.06,3.139,7.492,1.358,4.75,5.168
EFT:1.159,-3.59,6.258,1.382,18.06,3.143,7.5,1.372,4.758,5.184
Random254
Raw:1.158,-3.605,6.273,1.389,18.1,3.12,7.5,1.337,4.793,5.156
EFT:1.159,-3.59,6.258,1.383,18.06,3.143,7.5,1.372,4.758,5.184
Random255
Raw:1.179,-3.605,6.254,1.396,18.06,3.148,7.504,1.364,4.76,5.17
EFT:1.159,-3.59,6.258,1.383,18.06,3.143,7.5,1.372,4.758,5.184
Random256
Raw:1.158,-3.594,6.258,1.383,18.06,3.148,7.492,1.373,4.758,5.188
EFT:1.159,-3.59,6.258,1.382,18.06,3.143,7.5,1.372,4.758,5.184
Random257
Raw:1.131,-3.559,6.273,1.387,18.03,3.16,7.484,1.391,4.742,5.203
EFT:1.159,-3.59,6.258,1.382,18.06,3.143,7.5,1.372,4.758,5.184
Random258
Raw:1.162,-3.59,6.277,1.389,18.06,3.123,7.516,1.351,4.81,5.156
EFT:1.159,-3.59,6.258,1.383,18.06,3.143,7.5,1.372,4.758,5.184
Random259
Raw:1.165,-3.617,6.234,1.373,18.06,3.166,7.516,1.366,4.75,5.19
EFT:1.159,-3.59,6.258,1.383,18.05,3.143,7.5,1.372,4.758,5.184
Random260
Raw:1.152,-3.576,6.26,1.381,18.06,3.148,7.492,1.379,4.754,5.195
EFT:1.159,-3.59,6.258,1.383,18.06,3.143,7.5,1.372,4.758,5.184
Random261
Raw:1.141,-3.557,6.285,1.395,18.03,3.12,7.477,1.353,4.79,5.16
EFT:1.159,-3.59,6.258,1.382,18.06,3.143,7.5,1.372,4.758,5.184
Random262
Raw:1.151,-3.586,6.27,1.393,18.03,3.14,7.496,1.341,4.797,5.164
EFT:1.159,-3.59,6.258,1.382,18.06,3.143,7.5,1.372,4.758,5.184
Random263
Raw:1.133,-3.56,6.28,1.377,18.03,3.14,7.49,1.368,4.77,5.176
EFT:1.159,-3.59,6.258,1.382,18.06,3.143,7.5,1.372,4.758,5.184
Random264
Raw:1.159,-3.61,6.254,1.379,18.1,3.148,7.516,1.372,4.754,5.18
EFT:1.159,-3.59,6.258,1.382,18.05,3.143,7.5,1.372,4.758,5.184
Random265
Raw:1.154,-3.596,6.242,1.375,18.06,3.152,7.504,1.397,4.71,5.215
EFT:1.159,-3.59,6.258,1.382,18.06,3.143,7.5,1.372,4.758,5.184
Random266
Raw:1.158,-3.574,6.277,1.383,18.06,3.129,7.492,1.37,4.76,5.176
EFT:1.159,-3.59,6.258,1.383,18.06,3.143,7.5,1.372,4.758,5.184
Random267
Raw:1.143,-3.56,6.28,1.389,18.03,3.123,7.477,1.354,4.793,5.164
EFT:1.159,-3.59,6.258,1.382,18.05,3.143,7.5,1.372,4.758,5.184
Random268
Raw:1.142,-3.55,6.273,1.387,18.03,3.14,7.477,1.39,4.734,5.203
EFT:1.159,-3.59,6.258,1.383,18.06,3.143,7.5,1.372,4.758,5.184
Random269
Raw:1.148,-3.586,6.266,1.379,18.06,3.145,7.496,1.368,4.76,5.176
EFT:1.159,-3.59,6.258,1.382,18.05,3.143,7.5,1.372,4.758,5.184
Random270
Raw:1.152,-3.576,6.27,1.377,18.06,3.14,7.496,1.367,4.77,5.17
EFT:1.159,-3.59,6.258,1.382,18.06,3.143,7.5,1.372,4.758,5.184
Random271
Raw:1.163,-3.588,6.277,1.396,18.06,3.139,7.508,1.352,4.793,5.17
EFT:1.159,-3.59,6.258,1.382,18.05,3.143,7.5,1.372,4.758,5.184
Random272
Raw:1.156,-3.574,6.254,1.385,18.06,3.154,7.496,1.403,4.723,5.21
EFT:1.159,-3.59,6.258,1.383,18.06,3.143,7.5,1.372,4.758,5.184
Random273
Raw:1.14,-3.55,6.28,1.395,18.03,3.129,7.47,1.376,4.758,5.18
EFT:1.159,-3.59,6.258,1.382,18.06,3.143,7.5,1.372,4.758,5.184
Random274
Raw:1.146,-3.61,6.254,1.367,18.1,3.145,7.508,1.364,4.766,5.18
EFT:1.159,-3.59,6.258,1.382,18.06,3.143,7.5,1.372,4.758,5.184
Random275
Raw:1.154,-3.57,6.273,1.385,18.1,3.156,7.508,1.396,4.746,5.21
EFT:1.159,-3.59,6.258,1.383,18.06,3.143,7.5,1.372,4.758,5.184
Random276
Raw:1.158,-3.574,6.27,1.385,18.06,3.154,7.496,1.396,4.746,5.21
EFT:1.158,-3.59,6.258,1.383,18.06,3.143,7.5,1.372,4.758,5.184
Random277
Raw:1.147,-3.61,6.25,1.369,18.06,3.148,7.5,1.364,4.754,5.18
EFT:1.159,-3.59,6.258,1.382,18.06,3.143,7.5,1.372,4.758,5.184
Random278
Raw:1.142,-3.555,6.28,1.385,18.06,3.139,7.492,1.388,4.758,5.2
EFT:1.159,-3.59,6.258,1.382,18.06,3.143,7.5,1.372,4.758,5.184
Random279
Raw:1.1455,-3.574,6.273,1.381,18.06,3.143,7.5,1.378,4.76,5.19
EFT:1.159,-3.59,6.258,1.382,18.06,3.143,7.5,1.372,4.758,5.184
Random280
Raw:1.16,-3.602,6.25,1.379,18.06,3.129,7.484,1.353,4.77,5.164
EFT:1.159,-3.59,6.258,1.383,18.06,3.143,7.5,1.372,4.758,5.184
Random281
Raw:1.137,-3.57,6.25,1.375,18.0,3.137,7.47,1.364,4.75,5.164
EFT:1.159,-3.59,6.258,1.382,18.06,3.143,7.5,1.372,4.758,5.184
Random282
Raw:1.16,-3.598,6.266,1.379,18.1,3.15,7.504,1.364,4.766,5.19
EFT:1.159,-3.59,6.258,1.383,18.06,3.143,7.5,1.372,4.758,5.184
Random283
Raw:1.152,-3.586,6.25,1.377,18.06,3.148,7.49,1.367,4.754,5.176
EFT:1.158,-3.59,6.258,1.382,18.06,3.143,7.5,1.372,4.758,5.184
Random284
Raw:1.146,-3.574,6.266,1.369,18.06,3.148,7.484,1.379,4.758,5.19
EFT:1.158,-3.59,6.258,1.382,18.06,3.143,7.5,1.372,4.758,5.184
Random285
Raw:1.131,-3.566,6.273,1.383,18.03,3.135,7.473,1.368,4.766,5.18
EFT:1.158,-3.59,6.258,1.383,18.06,3.143,7.5,1.372,4.758,5.184
Random286
Raw:1.168,-3.61,6.24,1.369,18.1,3.172,7.516,1.403,4.73,5.21
EFT:1.159,-3.59,6.258,1.382,18.06,3.143,7.5,1.372,4.758,5.184
Random287
Raw:1.139,-3.562,6.254,1.377,18.03,3.15,7.492,1.384,4.754,5.195
EFT:1.159,-3.59,6.258,1.382,18.05,3.143,7.5,1.372,4.758,5.184
Random288
Raw:1.159,-3.592,6.26,1.383,18.1,3.158,7.51,1.39,4.746,5.21
EFT:1.159,-3.59,6.258,1.382,18.06,3.143,7.5,1.372,4.758,5.184
Random289
Raw:1.167,-3.61,6.266,1.381,18.1,3.145,7.52,1.366,4.773,5.18
EFT:1.159,-3.59,6.258,1.382,18.05,3.143,7.5,1.372,4.758,5.184
Random290
Raw:1.164,-3.6,6.258,1.379,18.1,3.143,7.5,1.365,4.77,5.18
EFT:1.159,-3.59,6.258,1.382,18.06,3.143,7.5,1.372,4.758,5.184
Random291
Raw:1.145,-3.54,6.3,1.396,18.06,3.15,7.5,1.3955,4.76,5.21
EFT:1.159,-3.59,6.258,1.383,18.05,3.143,7.5,1.372,4.758,5.184
Random292
Raw:1.16,-3.592,6.25,1.381,18.06,3.152,7.5,1.37,4.74,5.195
EFT:1.158,-3.59,6.258,1.383,18.06,3.143,7.5,1.372,4.758,5.184
Random293
Raw:1.146,-3.584,6.258,1.379,18.06,3.14,7.484,1.366,4.773,5.184
EFT:1.159,-3.59,6.258,1.382,18.06,3.143,7.5,1.372,4.758,5.184
Random294
Raw:1.144,-3.572,6.27,1.375,18.03,3.139,7.477,1.378,4.75,5.188
EFT:1.159,-3.59,6.258,1.382,18.06,3.143,7.5,1.372,4.758,5.184
Random295
Raw:1.16,-3.582,6.28,1.398,18.06,3.13,7.5,1.359,4.777,5.18
EFT:1.159,-3.59,6.258,1.382,18.06,3.143,7.5,1.372,4.758,5.184
Random296
Raw:1.174,-3.62,6.254,1.389,18.06,3.129,7.508,1.346,4.77,5.168
EFT:1.159,-3.59,6.258,1.382,18.06,3.143,7.5,1.372,4.758,5.184
Random297
Raw:1.172,-3.62,6.242,1.383,18.06,3.137,7.508,1.354,4.766,5.17
EFT:1.159,-3.59,6.258,1.382,18.06,3.143,7.5,1.372,4.758,5.184
Random298
Raw:1.156,-3.584,6.266,1.383,18.03,3.133,7.484,1.362,4.766,5.17
EFT:1.159,-3.59,6.258,1.383,18.05,3.143,7.5,1.372,4.758,5.184
Random299
Raw:1.169,-3.611,6.242,1.385,18.06,3.16,7.508,1.374,4.727,5.188
EFT:1.159,-3.59,6.258,1.382,18.06,3.143,7.5,1.372,4.758,5.184
Random300
Raw:1.146,-3.557,6.297,1.393,18.06,3.137,7.508,1.389,4.766,5.195
EFT:1.159,-3.59,6.258,1.382,18.05,3.143,7.5,1.372,4.758,5.184
