Ascend
Raw:-5.797,-5.0,-3.008,-3.436,-4.46,-4.37,-13.71,5.254,-6.2,-1.936
EFT:-5.797,-4.98,-2.99,-3.422,-4.453,-4.363,-13.69,5.26,-6.19,-1.947
Descend
Raw:-5.793,-4.992,-3.002,-3.438,-4.46,-4.367,-13.71,5.26,-6.207,-1.939
EFT:-5.797,-4.98,-2.99,-3.42,-4.457,-4.363,-13.69,5.26,-6.19,-1.946
Random1
Raw:-5.79,-4.98,-2.994,-3.406,-4.45,-4.355,-13.68,5.254,-6.18,-1.938
EFT:-5.797,-4.98,-2.99,-3.42,-4.457,-4.363,-13.69,5.26,-6.19,-1.946
Random2
Raw:-5.8,-5.008,-3.01,-3.418,-4.465,-4.363,-13.72,5.246,-6.188,-1.932
EFT:-5.797,-4.98,-2.99,-3.422,-4.453,-4.363,-13.69,5.26,-6.19,-1.947
Random3
Raw:-5.797,-4.98,-2.992,-3.424,-4.445,-4.36,-13.69,5.266,-6.2,-1.944
EFT:-5.797,-4.98,-2.99,-3.42,-4.457,-4.363,-13.69,5.26,-6.19,-1.946
Random4
Raw:-5.79,-4.984,-2.988,-3.424,-4.45,-4.363,-13.68,5.26,-6.19,-1.943
EFT:-5.797,-4.98,-2.99,-3.42,-4.457,-4.363,-13.69,5.26,-6.19,-1.946
Random5
Raw:-5.79,-4.977,-2.982,-3.412,-4.45,-4.36,-13.664,5.258,-6.19,-1.947
EFT:-5.797,-4.98,-2.99,-3.42,-4.457,-4.363,-13.69,5.26,-6.19,-1.946
Random6
Raw:-5.79,-4.984,-3.002,-3.414,-4.45,-4.36,-13.68,5.246,-6.176,-1.931
EFT:-5.797,-4.98,-2.99,-3.422,-4.453,-4.363,-13.69,5.26,-6.19,-1.947
Random7
Raw:-5.797,-4.99,-2.996,-3.414,-4.457,-4.36,-13.695,5.254,-6.188,-1.935
EFT:-5.797,-4.98,-2.99,-3.42,-4.457,-4.363,-13.69,5.26,-6.19,-1.946
Random8
Raw:-5.797,-4.992,-2.992,-3.428,-4.453,-4.367,-13.695,5.26,-6.195,-1.941
EFT:-5.797,-4.98,-2.99,-3.42,-4.457,-4.363,-13.69,5.26,-6.19,-1.946
Random9
Raw:-5.797,-4.99,-2.996,-3.424,-4.46,-4.367,-13.695,5.26,-6.195,-1.939
EFT:-5.797,-4.98,-2.99,-3.42,-4.457,-4.363,-13.69,5.26,-6.19,-1.946
Random10
Raw:-5.805,-4.98,-2.988,-3.42,-4.45,-4.36,-13.68,5.258,-6.188,-1.943
EFT:-5.797,-4.98,-2.99,-3.42,-4.457,-4.363,-13.69,5.26,-6.19,-1.946
Random11
Raw:-5.797,-4.984,-2.988,-3.424,-4.453,-4.363,-13.67,5.258,-6.19,-1.945
EFT:-5.797,-4.98,-2.99,-3.422,-4.453,-4.363,-13.69,5.26,-6.19,-1.947
Random12
Raw:-5.793,-4.98,-2.994,-3.436,-4.453,-4.367,-13.69,5.258,-6.207,-1.95
EFT:-5.797,-4.98,-2.99,-3.422,-4.453,-4.363,-13.69,5.26,-6.19,-1.947
Random13
Raw:-5.797,-4.992,-3.002,-3.414,-4.457,-4.363,-13.695,5.258,-6.184,-1.938
EFT:-5.797,-4.98,-2.99,-3.42,-4.457,-4.363,-13.69,5.26,-6.19,-1.946
Random14
Raw:-5.793,-4.984,-2.986,-3.424,-4.453,-4.363,-13.68,5.266,-6.2,-1.949
EFT:-5.797,-4.98,-2.99,-3.422,-4.453,-4.363,-13.69,5.26,-6.19,-1.947
Random15
Raw:-5.805,-5.004,-3.012,-3.436,-4.47,-4.37,-13.73,5.254,-6.2,-1.938
EFT:-5.797,-4.98,-2.99,-3.42,-4.457,-4.363,-13.69,5.26,-6.19,-1.946
Random16
Raw:-5.78,-4.984,-2.992,-3.428,-4.445,-4.363,-13.68,5.25,-6.195,-1.94
EFT:-5.797,-4.98,-2.99,-3.422,-4.453,-4.363,-13.69,5.26,-6.19,-1.947
Random17
Raw:-5.805,-4.996,-2.998,-3.426,-4.46,-4.363,-13.71,5.27,-6.2,-1.949
EFT:-5.797,-4.98,-2.99,-3.422,-4.453,-4.363,-13.69,5.26,-6.19,-1.947
Random18
Raw:-5.79,-4.99,-2.996,-3.436,-4.457,-4.367,-13.68,5.254,-6.207,-1.95
EFT:-5.797,-4.98,-2.99,-3.42,-4.457,-4.363,-13.69,5.26,-6.19,-1.946
Random19
Raw:-5.805,-4.992,-3.002,-3.422,-4.465,-4.37,-13.72,5.258,-6.188,-1.937
EFT:-5.797,-4.98,-2.99,-3.422,-4.453,-4.363,-13.69,5.26,-6.19,-1.947
Random20
Raw:-5.805,-5.0,-3.004,-3.434,-4.47,-4.37,-13.73,5.26,-6.2,-1.942
EFT:-5.797,-4.98,-2.99,-3.42,-4.457,-4.363,-13.69,5.26,-6.19,-1.946
Random21
Raw:-5.793,-4.973,-2.986,-3.418,-4.445,-4.355,-13.67,5.254,-6.19,-1.943
EFT:-5.797,-4.98,-2.99,-3.422,-4.453,-4.363,-13.69,5.26,-6.19,-1.947
Random22
Raw:-5.81,-4.996,-3.002,-3.42,-4.46,-4.37,-13.73,5.27,-6.2,-1.939
EFT:-5.797,-4.98,-2.99,-3.422,-4.453,-4.363,-13.69,5.26,-6.19,-1.947
Random23
Raw:-5.797,-4.977,-2.99,-3.412,-4.453,-4.36,-13.69,5.266,-6.19,-1.943
EFT:-5.797,-4.98,-2.99,-3.422,-4.453,-4.363,-13.69,5.26,-6.19,-1.947
Random24
Raw:-5.805,-5.004,-3.012,-3.432,-4.47,-4.37,-13.734,5.258,-6.2,-1.936
EFT:-5.797,-4.98,-2.99,-3.42,-4.457,-4.363,-13.69,5.26,-6.19,-1.946
Random25
Raw:-5.805,-5.004,-3.012,-3.428,-4.47,-4.37,-13.72,5.258,-6.195,-1.928
EFT:-5.797,-4.98,-2.99,-3.42,-4.457,-4.363,-13.69,5.26,-6.19,-1.946
Random26
Raw:-5.8,-4.996,-3.0,-3.424,-4.46,-4.363,-13.71,5.258,-6.19,-1.9375
EFT:-5.797,-4.98,-2.99,-3.422,-4.453,-4.363,-13.69,5.26,-6.19,-1.947
Random27
Raw:-5.78,-4.98,-2.988,-3.41,-4.445,-4.355,-13.67,5.254,-6.184,-1.939
EFT:-5.797,-4.98,-2.99,-3.422,-4.453,-4.363,-13.69,5.26,-6.19,-1.947
Random28
Raw:-5.81,-5.004,-3.008,-3.426,-4.473,-4.367,-13.73,5.26,-6.19,-1.94
EFT:-5.797,-4.98,-2.99,-3.42,-4.457,-4.363,-13.69,5.26,-6.19,-1.946
Random29
Raw:-5.793,-4.99,-2.994,-3.428,-4.453,-4.363,-13.68,5.254,-6.19,-1.946
EFT:-5.797,-4.98,-2.99,-3.422,-4.453,-4.363,-13.69,5.26,-6.19,-1.947
Random30
Raw:-5.805,-5.0,-3.006,-3.422,-4.465,-4.367,-13.71,5.26,-6.19,-1.9375
EFT:-5.797,-4.98,-2.99,-3.422,-4.453,-4.363,-13.69,5.26,-6.19,-1.947
Random31
Raw:-5.8,-5.004,-3.012,-3.44,-4.46,-4.37,-13.73,5.254,-6.2,-1.933
EFT:-5.797,-4.98,-2.99,-3.422,-4.453,-4.363,-13.69,5.26,-6.19,-1.947
Random32
Raw:-5.793,-4.99,-2.994,-3.426,-4.453,-4.363,-13.68,5.26,-6.195,-1.945
EFT:-5.797,-4.98,-2.99,-3.422,-4.453,-4.363,-13.69,5.26,-6.19,-1.947
Random33
Raw:-5.797,-5.008,-3.014,-3.434,-4.47,-4.367,-13.73,5.246,-6.2,-1.934
EFT:-5.797,-4.98,-2.99,-3.422,-4.453,-4.363,-13.69,5.26,-6.19,-1.947
Random34
Raw:-5.8,-4.992,-2.998,-3.416,-4.453,-4.36,-13.695,5.254,-6.184,-1.9375
EFT:-5.797,-4.98,-2.99,-3.42,-4.457,-4.363,-13.69,5.26,-6.19,-1.946
Random35
Raw:-5.81,-5.008,-3.014,-3.43,-4.473,-4.375,-13.72,5.254,-6.2,-1.937
EFT:-5.797,-4.98,-2.99,-3.422,-4.453,-4.363,-13.69,5.26,-6.19,-1.947
Random36
Raw:-5.793,-4.99,-2.992,-3.426,-4.453,-4.355,-13.68,5.26,-6.195,-1.941
EFT:-5.797,-4.98,-2.99,-3.422,-4.453,-4.363,-13.69,5.26,-6.19,-1.947
Random37
Raw:-5.797,-4.977,-2.98,-3.412,-4.453,-4.355,-13.664,5.254,-6.184,-1.945
EFT:-5.797,-4.98,-2.99,-3.42,-4.457,-4.363,-13.69,5.26,-6.19,-1.946
Random38
Raw:-5.805,-4.99,-2.996,-3.418,-4.46,-4.363,-13.7,5.258,-6.188,-1.943
EFT:-5.797,-4.98,-2.99,-3.422,-4.453,-4.363,-13.69,5.26,-6.19,-1.947
Random39
Raw:-5.805,-5.0,-3.002,-3.416,-4.46,-4.367,-13.71,5.26,-6.188,-1.937
EFT:-5.797,-4.98,-2.99,-3.422,-4.453,-4.363,-13.69,5.26,-6.19,-1.947
Random40
Raw:-5.797,-4.973,-2.977,-3.422,-4.445,-4.355,-13.664,5.26,-6.188,-1.941
EFT:-5.797,-4.98,-2.99,-3.42,-4.457,-4.363,-13.69,5.26,-6.19,-1.946
Random41
Raw:-5.793,-4.99,-3.0,-3.434,-4.457,-4.367,-13.7,5.254,-6.203,-1.939
EFT:-5.797,-4.98,-2.99,-3.422,-4.453,-4.363,-13.69,5.26,-6.19,-1.947
Random42
Raw:-5.79,-4.973,-2.986,-3.418,-4.45,-4.36,-13.67,5.258,-6.184,-1.947
EFT:-5.797,-4.98,-2.99,-3.42,-4.457,-4.363,-13.69,5.26,-6.19,-1.946
Random43
Raw:-5.785,-4.977,-2.986,-3.422,-4.445,-4.355,-13.664,5.254,-6.18,-1.933
EFT:-5.797,-4.98,-2.99,-3.422,-4.453,-4.363,-13.69,5.26,-6.19,-1.947
Random44
Raw:-5.793,-4.984,-2.988,-3.42,-4.45,-4.363,-13.68,5.258,-6.195,-1.943
EFT:-5.797,-4.98,-2.99,-3.422,-4.453,-4.363,-13.69,5.26,-6.19,-1.947
Random45
Raw:-5.79,-4.99,-2.996,-3.422,-4.45,-4.36,-13.69,5.254,-6.188,-1.934
EFT:-5.797,-4.98,-2.99,-3.42,-4.457,-4.363,-13.69,5.26,-6.19,-1.946
Random46
Raw:-5.805,-5.004,-3.01,-3.426,-4.465,-4.37,-13.72,5.254,-6.188,-1.936
EFT:-5.797,-4.98,-2.99,-3.42,-4.457,-4.363,-13.69,5.26,-6.19,-1.946
Random47
Raw:-5.8,-5.004,-3.01,-3.428,-4.473,-4.37,-13.73,5.25,-6.19,-1.933
EFT:-5.797,-4.98,-2.99,-3.42,-4.457,-4.363,-13.69,5.26,-6.19,-1.946
Random48
Raw:-5.8,-4.996,-3.0,-3.42,-4.46,-4.36,-13.71,5.254,-6.188,-1.9375
EFT:-5.797,-4.98,-2.99,-3.422,-4.453,-4.363,-13.69,5.26,-6.19,-1.947
Random49
Raw:-5.78,-4.97,-2.982,-3.406,-4.44,-4.355,-13.65,5.246,-6.176,-1.939
EFT:-5.797,-4.98,-2.99,-3.42,-4.457,-4.363,-13.69,5.26,-6.19,-1.946
Random50
Raw:-5.785,-4.984,-2.988,-3.43,-4.44,-4.355,-13.664,5.254,-6.188,-1.934
EFT:-5.797,-4.98,-2.99,-3.422,-4.453,-4.363,-13.69,5.26,-6.19,-1.947
Random51
Raw:-5.8,-4.973,-2.984,-3.424,-4.45,-4.363,-13.664,5.26,-6.195,-1.952
EFT:-5.797,-4.98,-2.99,-3.422,-4.453,-4.363,-13.69,5.26,-6.19,-1.947
Random52
Raw:-5.797,-4.984,-2.998,-3.428,-4.46,-4.363,-13.695,5.254,-6.19,-1.939
EFT:-5.797,-4.98,-2.99,-3.422,-4.453,-4.363,-13.69,5.26,-6.19,-1.947
Random53
Raw:-5.81,-5.0,-3.008,-3.434,-4.46,-4.37,-13.73,5.27,-6.203,-1.932
EFT:-5.797,-4.98,-2.99,-3.422,-4.453,-4.363,-13.69,5.26,-6.19,-1.947
Random54
Raw:-5.797,-5.0,-3.002,-3.428,-4.465,-4.367,-13.71,5.258,-6.195,-1.939
EFT:-5.797,-4.98,-2.99,-3.422,-4.453,-4.363,-13.69,5.26,-6.19,-1.947
Random55
Raw:-5.797,-4.996,-2.998,-3.428,-4.465,-4.37,-13.71,5.26,-6.2,-1.943
EFT:-5.797,-4.98,-2.99,-3.42,-4.457,-4.363,-13.69,5.26,-6.19,-1.946
Random56
Raw:-5.79,-4.98,-2.992,-3.428,-4.45,-4.363,-13.68,5.254,-6.2,-1.946
EFT:-5.797,-4.98,-2.99,-3.42,-4.457,-4.363,-13.69,5.26,-6.19,-1.946
Random57
Raw:-5.785,-4.984,-2.994,-3.424,-4.438,-4.36,-13.67,5.25,-6.188,-1.934
EFT:-5.797,-4.98,-2.99,-3.42,-4.457,-4.363,-13.69,5.26,-6.19,-1.946
Random58
Raw:-5.79,-4.992,-2.998,-3.424,-4.457,-4.36,-13.68,5.254,-6.188,-1.937
EFT:-5.797,-4.98,-2.99,-3.422,-4.453,-4.363,-13.69,5.26,-6.19,-1.947
Random59
Raw:-5.797,-4.996,-3.008,-3.432,-4.46,-4.37,-13.695,5.25,-6.195,-1.936
EFT:-5.797,-4.98,-2.99,-3.42,-4.457,-4.363,-13.69,5.26,-6.19,-1.946
Random60
Raw:-5.797,-4.99,-2.994,-3.426,-4.46,-4.36,-13.69,5.26,-6.2,-1.949
EFT:-5.797,-4.98,-2.99,-3.42,-4.457,-4.363,-13.69,5.26,-6.19,-1.946
Random61
Raw:-5.8,-4.977,-2.988,-3.4,-4.45,-4.355,-13.68,5.266,-6.17,-1.9375
EFT:-5.797,-4.98,-2.99,-3.422,-4.453,-4.363,-13.69,5.26,-6.19,-1.947
Random62
Raw:-5.793,-4.98,-2.988,-3.416,-4.45,-4.36,-13.67,5.258,-6.188,-1.95
EFT:-5.797,-4.98,-2.99,-3.42,-4.457,-4.363,-13.69,5.26,-6.19,-1.946
Random63
Raw:-5.793,-4.98,-2.992,-3.416,-4.453,-4.36,-13.695,5.254,-6.188,-1.936
EFT:-5.797,-4.98,-2.99,-3.42,-4.457,-4.363,-13.69,5.26,-6.19,-1.946
Random64
Raw:-5.8,-4.992,-3.0,-3.412,-4.46,-4.355,-13.695,5.254,-6.176,-1.931
EFT:-5.797,-4.98,-2.99,-3.422,-4.453,-4.363,-13.69,5.26,-6.19,-1.947
Random65
Raw:-5.793,-4.97,-2.977,-3.408,-4.438,-4.355,-13.66,5.26,-6.188,-1.946
EFT:-5.797,-4.98,-2.99,-3.42,-4.457,-4.363,-13.69,5.26,-6.19,-1.946
Random66
Raw:-5.797,-4.992,-3.004,-3.436,-4.46,-4.37,-13.7,5.258,-6.203,-1.941
EFT:-5.797,-4.98,-2.99,-3.422,-4.453,-4.363,-13.69,5.26,-6.19,-1.947
Random67
Raw:-5.793,-5.004,-3.01,-3.441,-4.465,-4.37,-13.7,5.246,-6.207,-1.937
EFT:-5.797,-4.98,-2.99,-3.422,-4.453,-4.363,-13.69,5.26,-6.19,-1.947
Random68
Raw:-5.793,-4.98,-2.992,-3.418,-4.445,-4.36,-13.67,5.25,-6.184,-1.934
EFT:-5.797,-4.98,-2.99,-3.422,-4.453,-4.363,-13.69,5.26,-6.19,-1.947
Random69
Raw:-5.805,-4.996,-3.008,-3.434,-4.47,-4.37,-13.71,5.254,-6.2,-1.938
EFT:-5.797,-4.98,-2.99,-3.422,-4.453,-4.363,-13.69,5.26,-6.19,-1.947
Random70
Raw:-5.8,-5.004,-3.018,-3.438,-4.46,-4.37,-13.72,5.246,-6.2,-1.928
EFT:-5.797,-4.98,-2.99,-3.422,-4.453,-4.363,-13.69,5.26,-6.19,-1.947
Random71
Raw:-5.797,-4.984,-2.988,-3.412,-4.453,-4.355,-13.695,5.258,-6.18,-1.936
EFT:-5.797,-4.98,-2.99,-3.422,-4.453,-4.363,-13.69,5.26,-6.19,-1.947
Random72
Raw:-5.797,-4.97,-2.979,-3.414,-4.445,-4.355,-13.67,5.266,-6.188,-1.947
EFT:-5.797,-4.98,-2.99,-3.422,-4.453,-4.363,-13.69,5.26,-6.19,-1.947
Random73
Raw:-5.793,-4.973,-2.98,-3.424,-4.445,-4.363,-13.68,5.27,-6.195,-1.948
EFT:-5.797,-4.98,-2.99,-3.42,-4.457,-4.363,-13.69,5.26,-6.19,-1.946
Random74
Raw:-5.797,-5.0,-3.002,-3.438,-4.46,-4.37,-13.695,5.258,-6.203,-1.939
EFT:-5.797,-4.98,-2.99,-3.422,-4.453,-4.363,-13.69,5.26,-6.19,-1.947
Random75
Raw:-5.797,-4.99,-2.992,-3.418,-4.46,-4.363,-13.71,5.258,-6.188,-1.939
EFT:-5.797,-4.98,-2.99,-3.42,-4.457,-4.363,-13.69,5.26,-6.19,-1.946
Random76
Raw:-5.793,-4.984,-2.986,-3.424,-4.453,-4.363,-13.68,5.266,-6.195,-1.947
EFT:-5.797,-4.98,-2.99,-3.42,-4.457,-4.363,-13.69,5.26,-6.19,-1.946
Random77
Raw:-5.805,-4.996,-2.996,-3.424,-4.457,-4.367,-13.69,5.266,-6.195,-1.946
EFT:-5.797,-4.98,-2.99,-3.422,-4.453,-4.363,-13.69,5.26,-6.19,-1.947
Random78
Raw:-5.793,-4.996,-3.0,-3.43,-4.453,-4.367,-13.7,5.258,-6.2,-1.938
EFT:-5.797,-4.98,-2.99,-3.422,-4.453,-4.363,-13.69,5.26,-6.19,-1.947
Random79
Raw:-5.797,-4.996,-3.004,-3.424,-4.465,-4.37,-13.7,5.258,-6.19,-1.935
EFT:-5.797,-4.98,-2.99,-3.42,-4.457,-4.363,-13.69,5.26,-6.19,-1.946
Random80
Raw:-5.812,-5.004,-3.008,-3.428,-4.46,-4.375,-13.73,5.27,-6.207,-1.941
EFT:-5.797,-4.98,-2.99,-3.422,-4.453,-4.363,-13.69,5.26,-6.19,-1.947
Random81
Raw:-5.8,-4.992,-3.004,-3.44,-4.46,-4.37,-13.72,5.266,-6.2,-1.939
EFT:-5.797,-4.98,-2.99,-3.42,-4.457,-4.363,-13.69,5.26,-6.19,-1.946
Random82
Raw:-5.797,-4.996,-3.0,-3.422,-4.457,-4.363,-13.695,5.254,-6.188,-1.931
EFT:-5.797,-4.98,-2.99,-3.42,-4.457,-4.363,-13.69,5.26,-6.19,-1.946
Random83
Raw:-5.78,-4.973,-2.986,-3.42,-4.445,-4.36,-13.66,5.246,-6.18,-1.937
EFT:-5.797,-4.98,-2.99,-3.422,-4.453,-4.363,-13.69,5.26,-6.19,-1.947
Random84
Raw:-5.797,-4.984,-2.994,-3.428,-4.453,-4.363,-13.69,5.25,-6.188,-1.942
EFT:-5.797,-4.98,-2.99,-3.422,-4.453,-4.363,-13.69,5.26,-6.19,-1.947
Random85
Raw:-5.79,-4.965,-2.973,-3.416,-4.445,-4.355,-13.66,5.258,-6.188,-1.951
EFT:-5.797,-4.98,-2.99,-3.422,-4.453,-4.363,-13.69,5.26,-6.19,-1.947
Random86
Raw:-5.81,-5.01,-3.014,-3.432,-4.47,-4.37,-13.73,5.273,-6.207,-1.9375
EFT:-5.797,-4.98,-2.99,-3.422,-4.453,-4.363,-13.69,5.26,-6.19,-1.947
Random87
Raw:-5.797,-4.992,-2.992,-3.432,-4.457,-4.363,-13.68,5.258,-6.2,-1.949
EFT:-5.797,-4.98,-2.99,-3.422,-4.453,-4.363,-13.69,5.26,-6.19,-1.947
Random88
Raw:-5.812,-5.01,-3.025,-3.443,-4.477,-4.38,-13.74,5.254,-6.207,-1.931
EFT:-5.797,-4.98,-2.99,-3.42,-4.457,-4.363,-13.69,5.26,-6.19,-1.946
Random89
Raw:-5.79,-4.957,-2.969,-3.414,-4.438,-4.348,-13.66,5.258,-6.188,-1.947
EFT:-5.797,-4.98,-2.99,-3.42,-4.457,-4.363,-13.69,5.26,-6.19,-1.946
Random90
Raw:-5.8,-4.99,-3.002,-3.42,-4.465,-4.363,-13.7,5.258,-6.19,-1.9375
EFT:-5.797,-4.98,-2.99,-3.422,-4.453,-4.363,-13.69,5.26,-6.19,-1.947
Random91
Raw:-5.79,-4.984,-2.984,-3.43,-4.453,-4.36,-13.664,5.26,-6.2,-1.947
EFT:-5.797,-4.98,-2.99,-3.422,-4.453,-4.363,-13.69,5.26,-6.19,-1.947
Random92
Raw:-5.793,-4.99,-3.0,-3.416,-4.457,-4.36,-13.7,5.254,-6.188,-1.936
EFT:-5.797,-4.98,-2.99,-3.42,-4.457,-4.363,-13.69,5.26,-6.19,-1.946
Random93
Raw:-5.785,-4.973,-2.977,-3.428,-4.445,-4.355,-13.66,5.266,-6.203,-1.951
EFT:-5.797,-4.98,-2.99,-3.42,-4.457,-4.363,-13.69,5.26,-6.19,-1.946
Random94
Raw:-5.785,-4.973,-2.984,-3.432,-4.445,-4.36,-13.664,5.258,-6.2,-1.946
EFT:-5.797,-4.98,-2.99,-3.42,-4.457,-4.363,-13.69,5.26,-6.19,-1.946
Random95
Raw:-5.793,-4.99,-2.996,-3.43,-4.453,-4.363,-13.69,5.258,-6.195,-1.945
EFT:-5.797,-4.98,-2.99,-3.422,-4.453,-4.363,-13.69,5.26,-6.19,-1.947
Random96
Raw:-5.797,-4.992,-3.0,-3.426,-4.457,-4.363,-13.7,5.25,-6.195,-1.932
EFT:-5.797,-4.98,-2.99,-3.42,-4.457,-4.363,-13.69,5.26,-6.19,-1.946
Random97
Raw:-5.8,-4.996,-3.004,-3.428,-4.465,-4.37,-13.71,5.25,-6.195,-1.939
EFT:-5.797,-4.98,-2.99,-3.42,-4.457,-4.363,-13.69,5.26,-6.19,-1.946
Random98
Raw:-5.797,-4.996,-2.998,-3.428,-4.453,-4.367,-13.695,5.26,-6.195,-1.939
EFT:-5.797,-4.98,-2.99,-3.422,-4.453,-4.363,-13.69,5.26,-6.19,-1.947
Random99
Raw:-5.797,-4.977,-2.992,-3.42,-4.45,-4.36,-13.69,5.266,-6.2,-1.945
EFT:-5.797,-4.98,-2.99,-3.42,-4.457,-4.363,-13.69,5.26,-6.19,-1.946
Random100
Raw:-5.79,-4.98,-2.984,-3.422,-4.453,-4.363,-13.68,5.26,-6.19,-1.95
EFT:-5.797,-4.98,-2.99,-3.42,-4.457,-4.363,-13.69,5.26,-6.19,-1.946
Random101
Raw:-5.78,-4.973,-2.982,-3.418,-4.45,-4.36,-13.664,5.25,-6.188,-1.947
EFT:-5.797,-4.98,-2.99,-3.42,-4.457,-4.363,-13.69,5.26,-6.19,-1.946
Random102
Raw:-5.79,-4.977,-2.98,-3.424,-4.445,-4.355,-13.66,5.26,-6.19,-1.948
EFT:-5.797,-4.98,-2.99,-3.422,-4.453,-4.363,-13.69,5.26,-6.19,-1.947
Random103
Raw:-5.797,-4.99,-2.998,-3.432,-4.46,-4.37,-13.7,5.26,-6.2,-1.943
EFT:-5.797,-4.98,-2.99,-3.422,-4.453,-4.363,-13.69,5.26,-6.19,-1.947
Random104
Raw:-5.797,-5.0,-3.004,-3.418,-4.46,-4.36,-13.71,5.254,-6.184,-1.935
EFT:-5.797,-4.98,-2.99,-3.422,-4.453,-4.363,-13.69,5.26,-6.19,-1.947
Random105
Raw:-5.797,-4.996,-2.998,-3.434,-4.46,-4.367,-13.7,5.26,-6.2,-1.945
EFT:-5.797,-4.98,-2.99,-3.422,-4.453,-4.363,-13.69,5.26,-6.19,-1.947
Random106
Raw:-5.79,-4.98,-2.988,-3.43,-4.445,-4.36,-13.664,5.246,-6.19,-1.941
EFT:-5.797,-4.98,-2.99,-3.422,-4.453,-4.363,-13.69,5.26,-6.19,-1.947
Random107
Raw:-5.8,-4.992,-3.0,-3.424,-4.465,-4.367,-13.71,5.266,-6.2,-1.941
EFT:-5.797,-4.98,-2.99,-3.422,-4.453,-4.363,-13.69,5.26,-6.19,-1.947
Random108
Raw:-5.805,-4.99,-3.0,-3.428,-4.46,-4.37,-13.71,5.266,-6.2,-1.9375
EFT:-5.797,-4.98,-2.99,-3.42,-4.457,-4.363,-13.69,5.26,-6.19,-1.946
Random109
Raw:-5.805,-4.992,-3.002,-3.418,-4.46,-4.363,-13.71,5.258,-6.19,-1.938
EFT:-5.797,-4.98,-2.99,-3.422,-4.453,-4.363,-13.69,5.26,-6.19,-1.947
Random110
Raw:-5.8,-4.992,-3.002,-3.432,-4.46,-4.37,-13.71,5.26,-6.2,-1.944
EFT:-5.797,-4.98,-2.99,-3.42,-4.457,-4.363,-13.69,5.26,-6.19,-1.946
Random111
Raw:-5.793,-4.99,-2.996,-3.412,-4.45,-4.355,-13.695,5.258,-6.184,-1.93
EFT:-5.797,-4.98,-2.99,-3.42,-4.457,-4.363,-13.69,5.26,-6.19,-1.946
Random112
Raw:-5.797,-5.0,-3.006,-3.418,-4.465,-4.363,-13.71,5.254,-6.184,-1.927
EFT:-5.797,-4.98,-2.99,-3.42,-4.457,-4.363,-13.69,5.26,-6.19,-1.946
Random113
Raw:-5.797,-4.973,-2.986,-3.412,-4.453,-4.36,-13.67,5.258,-6.188,-1.946
EFT:-5.797,-4.98,-2.99,-3.42,-4.457,-4.363,-13.69,5.26,-6.19,-1.946
Random114
Raw:-5.805,-4.992,-3.004,-3.42,-4.473,-4.367,-13.71,5.258,-6.184,-1.9375
EFT:-5.797,-4.98,-2.99,-3.422,-4.453,-4.363,-13.69,5.26,-6.19,-1.947
Random115
Raw:-5.805,-5.004,-3.01,-3.432,-4.465,-4.37,-13.73,5.254,-6.19,-1.933
EFT:-5.797,-4.98,-2.99,-3.42,-4.457,-4.363,-13.69,5.26,-6.19,-1.946
Random116
Raw:-5.785,-4.973,-2.98,-3.432,-4.445,-4.363,-13.66,5.26,-6.203,-1.954
EFT:-5.797,-4.98,-2.99,-3.422,-4.453,-4.363,-13.69,5.26,-6.19,-1.947
Random117
Raw:-5.797,-4.992,-3.0,-3.416,-4.465,-4.363,-13.7,5.26,-6.195,-1.944
EFT:-5.797,-4.98,-2.99,-3.422,-4.453,-4.363,-13.69,5.26,-6.19,-1.947
Random118
Raw:-5.8,-4.973,-2.979,-3.408,-4.45,-4.355,-13.67,5.26,-6.184,-1.945
EFT:-5.797,-4.98,-2.99,-3.42,-4.457,-4.363,-13.69,5.26,-6.19,-1.946
Random119
Raw:-5.805,-4.984,-2.996,-3.412,-4.453,-4.363,-13.695,5.266,-6.19,-1.943
EFT:-5.797,-4.98,-2.99,-3.42,-4.457,-4.363,-13.69,5.26,-6.19,-1.946
Random120
Raw:-5.79,-4.96,-2.97,-3.418,-4.445,-4.355,-13.664,5.273,-6.203,-1.953
EFT:-5.797,-4.98,-2.99,-3.422,-4.453,-4.363,-13.69,5.26,-6.19,-1.947
Random121
Raw:-5.79,-4.977,-2.984,-3.426,-4.44,-4.355,-13.664,5.258,-6.195,-1.938
EFT:-5.797,-4.98,-2.99,-3.422,-4.453,-4.363,-13.69,5.26,-6.19,-1.947
Random122
Raw:-5.793,-4.99,-2.992,-3.436,-4.457,-4.363,-13.68,5.26,-6.203,-1.947
EFT:-5.797,-4.98,-2.99,-3.422,-4.453,-4.363,-13.69,5.26,-6.19,-1.947
Random123
Raw:-5.797,-4.977,-2.998,-3.424,-4.46,-4.367,-13.695,5.254,-6.188,-1.942
EFT:-5.797,-4.98,-2.99,-3.42,-4.457,-4.363,-13.69,5.26,-6.19,-1.946
Random124
Raw:-5.797,-5.004,-3.006,-3.432,-4.473,-4.375,-13.71,5.258,-6.21,-1.941
EFT:-5.797,-4.98,-2.99,-3.422,-4.453,-4.363,-13.69,5.26,-6.19,-1.947
Random125
Raw:-5.79,-4.98,-2.986,-3.436,-4.445,-4.363,-13.664,5.254,-6.2,-1.943
EFT:-5.797,-4.98,-2.99,-3.422,-4.453,-4.363,-13.69,5.26,-6.19,-1.947
Random126
Raw:-5.805,-5.008,-3.008,-3.436,-4.465,-4.375,-13.73,5.26,-6.21,-1.9375
EFT:-5.797,-4.98,-2.99,-3.422,-4.453,-4.363,-13.69,5.26,-6.19,-1.947
Random127
Raw:-5.785,-4.98,-2.982,-3.434,-4.45,-4.363,-13.68,5.258,-6.203,-1.945
EFT:-5.797,-4.98,-2.99,-3.422,-4.453,-4.363,-13.69,5.26,-6.19,-1.947
Random128
Raw:-5.797,-4.98,-2.992,-3.406,-4.453,-4.355,-13.69,5.26,-6.188,-1.94
EFT:-5.797,-4.98,-2.99,-3.42,-4.457,-4.363,-13.69,5.26,-6.19,-1.946
Random129
Raw:-5.8,-5.0,-3.012,-3.428,-4.473,-4.37,-13.71,5.258,-6.2,-1.94
EFT:-5.797,-4.98,-2.99,-3.42,-4.457,-4.363,-13.69,5.26,-6.19,-1.946
Random130
Raw:-5.797,-4.973,-2.982,-3.42,-4.45,-4.36,-13.68,5.26,-6.188,-1.948
EFT:-5.797,-4.98,-2.99,-3.422,-4.453,-4.363,-13.69,5.26,-6.19,-1.947
Random131
Raw:-5.797,-4.977,-2.988,-3.416,-4.45,-4.363,-13.69,5.258,-6.188,-1.94
EFT:-5.797,-4.98,-2.99,-3.42,-4.457,-4.363,-13.69,5.26,-6.19,-1.946
Random132
Raw:-5.8,-5.0,-3.004,-3.426,-4.457,-4.367,-13.71,5.258,-6.19,-1.929
EFT:-5.797,-4.98,-2.99,-3.42,-4.457,-4.363,-13.69,5.26,-6.19,-1.946
Random133
Raw:-5.79,-4.977,-2.984,-3.43,-4.445,-4.36,-13.664,5.254,-6.195,-1.945
EFT:-5.797,-4.98,-2.99,-3.422,-4.453,-4.363,-13.69,5.26,-6.19,-1.947
Random134
Raw:-5.797,-4.973,-2.979,-3.408,-4.445,-4.355,-13.66,5.266,-6.184,-1.951
EFT:-5.797,-4.98,-2.99,-3.422,-4.453,-4.363,-13.69,5.26,-6.19,-1.947
Random135
Raw:-5.797,-4.98,-2.988,-3.42,-4.453,-4.36,-13.67,5.27,-6.2,-1.945
EFT:-5.797,-4.98,-2.99,-3.42,-4.457,-4.363,-13.69,5.26,-6.19,-1.946
Random136
Raw:-5.8,-4.99,-2.992,-3.42,-4.46,-4.367,-13.695,5.27,-6.2,-1.948
EFT:-5.797,-4.98,-2.99,-3.422,-4.453,-4.363,-13.69,5.26,-6.19,-1.947
Random137
Raw:-5.797,-4.996,-3.01,-3.432,-4.47,-4.37,-13.71,5.25,-6.195,-1.941
EFT:-5.797,-4.98,-2.99,-3.42,-4.457,-4.363,-13.69,5.26,-6.19,-1.946
Random138
Raw:-5.805,-5.0,-3.002,-3.42,-4.465,-4.367,-13.71,5.26,-6.19,-1.941
EFT:-5.797,-4.98,-2.99,-3.42,-4.457,-4.363,-13.69,5.26,-6.19,-1.946
Random139
Raw:-5.8,-4.98,-2.992,-3.412,-4.45,-4.36,-13.695,5.258,-6.19,-1.9375
EFT:-5.797,-4.98,-2.99,-3.422,-4.453,-4.363,-13.69,5.26,-6.19,-1.947
Random140
Raw:-5.805,-5.0,-3.008,-3.432,-4.47,-4.37,-13.72,5.254,-6.2,-1.9375
EFT:-5.797,-4.98,-2.99,-3.422,-4.453,-4.363,-13.69,5.26,-6.19,-1.947
Random141
Raw:-5.785,-4.973,-2.988,-3.416,-4.445,-4.348,-13.664,5.254,-6.18,-1.94
EFT:-5.797,-4.98,-2.99,-3.422,-4.453,-4.363,-13.69,5.26,-6.19,-1.947
Random142
Raw:-5.79,-4.965,-2.973,-3.418,-4.438,-4.355,-13.65,5.266,-6.2,-1.952
EFT:-5.797,-4.98,-2.99,-3.422,-4.453,-4.363,-13.69,5.26,-6.19,-1.947
Random143
Raw:-5.797,-4.996,-3.002,-3.43,-4.46,-4.367,-13.69,5.25,-6.19,-1.936
EFT:-5.797,-4.98,-2.99,-3.422,-4.453,-4.363,-13.69,5.26,-6.19,-1.947
Random144
Raw:-5.797,-4.98,-2.988,-3.418,-4.453,-4.363,-13.68,5.26,-6.19,-1.949
EFT:-5.797,-4.98,-2.99,-3.42,-4.457,-4.363,-13.69,5.26,-6.19,-1.946
Random145
Raw:-5.8,-4.984,-3.002,-3.43,-4.457,-4.363,-13.71,5.26,-6.2,-1.939
EFT:-5.797,-4.98,-2.99,-3.42,-4.457,-4.363,-13.69,5.26,-6.19,-1.946
Random146
Raw:-5.8,-4.992,-3.002,-3.434,-4.465,-4.363,-13.71,5.27,-6.203,-1.943
EFT:-5.797,-4.98,-2.99,-3.42,-4.457,-4.363,-13.69,5.26,-6.19,-1.946
Random147
Raw:-5.805,-5.004,-3.006,-3.426,-4.47,-4.37,-13.71,5.26,-6.2,-1.943
EFT:-5.797,-4.98,-2.99,-3.422,-4.453,-4.363,-13.69,5.26,-6.19,-1.947
Random148
Raw:-5.797,-4.98,-3.0,-3.416,-4.465,-4.363,-13.695,5.258,-6.188,-1.9375
EFT:-5.797,-4.98,-2.99,-3.422,-4.453,-4.363,-13.69,5.26,-6.19,-1.947
Random149
Raw:-5.797,-4.99,-3.0,-3.424,-4.46,-4.363,-13.69,5.254,-6.184,-1.932
EFT:-5.797,-4.98,-2.99,-3.42,-4.457,-4.363,-13.69,5.26,-6.19,-1.946
Random150
Raw:-5.793,-4.973,-2.988,-3.424,-4.45,-4.36,-13.664,5.254,-6.19,-1.943
EFT:-5.797,-4.98,-2.99,-3.422,-4.453,-4.363,-13.69,5.26,-6.19,-1.947
Random151
Raw:-5.797,-4.996,-3.002,-3.428,-4.46,-4.367,-13.71,5.26,-6.203,-1.941
EFT:-5.797,-4.98,-2.99,-3.42,-4.457,-4.363,-13.69,5.26,-6.19,-1.946
Random152
Raw:-5.79,-4.973,-2.984,-3.416,-4.45,-4.36,-13.68,5.26,-6.188,-1.943
EFT:-5.797,-4.98,-2.99,-3.422,-4.453,-4.363,-13.69,5.26,-6.19,-1.947
Random153
Raw:-5.785,-4.973,-2.984,-3.416,-4.44,-4.355,-13.66,5.254,-6.184,-1.937
EFT:-5.797,-4.98,-2.99,-3.42,-4.457,-4.363,-13.69,5.26,-6.19,-1.946
Random154
Raw:-5.78,-4.965,-2.973,-3.422,-4.434,-4.35,-13.64,5.26,-6.2,-1.951
EFT:-5.797,-4.98,-2.99,-3.42,-4.457,-4.363,-13.69,5.26,-6.19,-1.946
Random155
Raw:-5.797,-4.99,-3.0,-3.434,-4.46,-4.37,-13.695,5.254,-6.19,-1.9375
EFT:-5.797,-4.98,-2.99,-3.422,-4.453,-4.363,-13.69,5.26,-6.19,-1.947
Random156
Raw:-5.805,-5.008,-3.012,-3.432,-4.47,-4.37,-13.71,5.26,-6.2,-1.941
EFT:-5.797,-4.98,-2.99,-3.422,-4.453,-4.363,-13.69,5.26,-6.19,-1.947
Random157
Raw:-5.805,-5.004,-3.008,-3.432,-4.46,-4.37,-13.71,5.254,-6.2,-1.9375
EFT:-5.797,-4.98,-2.99,-3.42,-4.457,-4.363,-13.69,5.26,-6.19,-1.946
Random158
Raw:-5.797,-4.99,-3.0,-3.424,-4.46,-4.363,-13.695,5.258,-6.19,-1.94
EFT:-5.797,-4.98,-2.99,-3.42,-4.457,-4.363,-13.69,5.26,-6.19,-1.946
Random159
Raw:-5.8,-4.996,-3.008,-3.428,-4.47,-4.37,-13.73,5.258,-6.19,-1.93
EFT:-5.797,-4.98,-2.99,-3.422,-4.453,-4.363,-13.69,5.26,-6.19,-1.947
Random160
Raw:-5.797,-4.99,-3.0,-3.424,-4.457,-4.363,-13.695,5.25,-6.19,-1.932
EFT:-5.797,-4.98,-2.99,-3.42,-4.457,-4.363,-13.69,5.26,-6.19,-1.946
Random161
Raw:-5.805,-5.008,-3.02,-3.428,-4.477,-4.37,-13.73,5.246,-6.19,-1.932
EFT:-5.797,-4.98,-2.99,-3.42,-4.457,-4.363,-13.69,5.26,-6.19,-1.946
Random162
Raw:-5.797,-4.992,-3.01,-3.432,-4.465,-4.37,-13.72,5.254,-6.203,-1.941
EFT:-5.797,-4.98,-2.99,-3.42,-4.457,-4.363,-13.69,5.26,-6.19,-1.946
Random163
Raw:-5.797,-4.992,-3.0,-3.424,-4.46,-4.36,-13.695,5.254,-6.195,-1.942
EFT:-5.797,-4.98,-2.99,-3.422,-4.453,-4.363,-13.69,5.26,-6.19,-1.947
Random164
Raw:-5.79,-4.99,-3.0,-3.432,-4.457,-4.367,-13.695,5.258,-6.2,-1.939
EFT:-5.797,-4.98,-2.99,-3.422,-4.453,-4.363,-13.69,5.26,-6.19,-1.947
Random165
Raw:-5.81,-5.004,-3.006,-3.428,-4.477,-4.37,-13.73,5.254,-6.195,-1.9375
EFT:-5.797,-4.98,-2.99,-3.42,-4.457,-4.363,-13.69,5.26,-6.19,-1.946
Random166
Raw:-5.793,-4.984,-2.99,-3.424,-4.453,-4.363,-13.69,5.258,-6.19,-1.942
EFT:-5.797,-4.98,-2.99,-3.422,-4.453,-4.363,-13.69,5.26,-6.19,-1.947
Random167
Raw:-5.79,-4.99,-3.0,-3.434,-4.457,-4.367,-13.69,5.254,-6.2,-1.937
EFT:-5.797,-4.98,-2.99,-3.422,-4.453,-4.363,-13.69,5.26,-6.19,-1.947
Random168
Raw:-5.805,-4.992,-2.996,-3.428,-4.465,-4.375,-13.71,5.26,-6.203,-1.952
EFT:-5.797,-4.98,-2.99,-3.42,-4.457,-4.363,-13.69,5.26,-6.19,-1.946
Random169
Raw:-5.805,-4.996,-3.002,-3.428,-4.465,-4.367,-13.71,5.26,-6.2,-1.9375
EFT:-5.797,-4.98,-2.99,-3.422,-4.453,-4.363,-13.69,5.26,-6.19,-1.947
Random170
Raw:-5.78,-4.965,-2.969,-3.42,-4.43,-4.348,-13.63,5.258,-6.188,-1.939
EFT:-5.797,-4.98,-2.99,-3.422,-4.453,-4.363,-13.69,5.26,-6.19,-1.947
Random171
Raw:-5.797,-5.0,-3.004,-3.428,-4.46,-4.367,-13.71,5.26,-6.203,-1.942
EFT:-5.797,-4.98,-2.99,-3.422,-4.453,-4.363,-13.69,5.26,-6.19,-1.947
Random172
Raw:-5.793,-4.98,-2.986,-3.406,-4.457,-4.363,-13.68,5.26,-6.18,-1.947
EFT:-5.797,-4.98,-2.99,-3.42,-4.457,-4.363,-13.69,5.26,-6.19,-1.946
Random173
Raw:-5.79,-4.99,-2.994,-3.422,-4.46,-4.36,-13.69,5.26,-6.19,-1.941
EFT:-5.797,-4.98,-2.99,-3.422,-4.453,-4.363,-13.69,5.26,-6.19,-1.947
Random174
Raw:-5.78,-4.98,-2.98,-3.422,-4.438,-4.348,-13.664,5.254,-6.188,-1.9375
EFT:-5.797,-4.98,-2.99,-3.42,-4.457,-4.363,-13.69,5.26,-6.19,-1.946
Random175
Raw:-5.805,-4.99,-2.992,-3.418,-4.457,-4.36,-13.68,5.26,-6.19,-1.947
EFT:-5.797,-4.98,-2.99,-3.42,-4.457,-4.363,-13.69,5.26,-6.19,-1.946
Random176
Raw:-5.793,-4.99,-2.998,-3.428,-4.457,-4.363,-13.695,5.254,-6.19,-1.943
EFT:-5.797,-4.98,-2.99,-3.422,-4.453,-4.363,-13.69,5.26,-6.19,-1.947
Random177
Raw:-5.8,-4.984,-2.998,-3.43,-4.46,-4.367,-13.68,5.258,-6.195,-1.942
EFT:-5.797,-4.98,-2.99,-3.422,-4.453,-4.363,-13.69,5.26,-6.19,-1.947
Random178
Raw:-5.785,-4.965,-2.979,-3.426,-4.445,-4.363,-13.664,5.26,-6.2,-1.951
EFT:-5.797,-4.98,-2.99,-3.422,-4.453,-4.363,-13.69,5.26,-6.19,-1.947
Random179
Raw:-5.805,-5.004,-3.01,-3.432,-4.473,-4.375,-13.72,5.26,-6.19,-1.935
EFT:-5.797,-4.98,-2.99,-3.42,-4.457,-4.363,-13.69,5.26,-6.19,-1.946
Random180
Raw:-5.805,-4.996,-3.002,-3.412,-4.46,-4.367,-13.72,5.26,-6.19,-1.935
EFT:-5.797,-4.98,-2.99,-3.422,-4.453,-4.363,-13.69,5.26,-6.19,-1.947
Random181
Raw:-5.797,-4.98,-2.99,-3.42,-4.453,-4.363,-13.68,5.258,-6.195,-1.945
EFT:-5.797,-4.98,-2.99,-3.422,-4.453,-4.363,-13.69,5.26,-6.19,-1.947
Random182
Raw:-5.793,-4.996,-2.998,-3.422,-4.46,-4.37,-13.7,5.26,-6.195,-1.945
EFT:-5.797,-4.98,-2.99,-3.42,-4.457,-4.363,-13.69,5.26,-6.19,-1.946
Random183
Raw:-5.797,-4.996,-3.004,-3.424,-4.465,-4.37,-13.71,5.254,-6.19,-1.939
EFT:-5.797,-4.98,-2.99,-3.422,-4.453,-4.363,-13.69,5.26,-6.19,-1.947
Random184
Raw:-5.797,-4.99,-2.996,-3.414,-4.457,-4.355,-13.695,5.258,-6.176,-1.9375
EFT:-5.797,-4.98,-2.99,-3.42,-4.457,-4.363,-13.69,5.26,-6.19,-1.946
Random185
Raw:-5.79,-4.977,-2.982,-3.408,-4.445,-4.35,-13.664,5.258,-6.176,-1.943
EFT:-5.797,-4.98,-2.99,-3.42,-4.457,-4.363,-13.69,5.26,-6.19,-1.946
Random186
Raw:-5.797,-5.0,-3.004,-3.43,-4.465,-4.367,-13.71,5.26,-6.203,-1.941
EFT:-5.797,-4.98,-2.99,-3.42,-4.457,-4.363,-13.69,5.26,-6.19,-1.946
Random187
Raw:-5.8,-5.004,-3.004,-3.432,-4.47,-4.37,-13.695,5.26,-6.2,-1.949
EFT:-5.797,-4.98,-2.99,-3.422,-4.453,-4.363,-13.69,5.26,-6.19,-1.947
Random188
Raw:-5.81,-5.01,-3.014,-3.428,-4.465,-4.37,-13.73,5.246,-6.195,-1.927
EFT:-5.797,-4.98,-2.99,-3.422,-4.453,-4.363,-13.69,5.26,-6.19,-1.947
Random189
Raw:-5.8,-4.99,-2.994,-3.414,-4.457,-4.36,-13.68,5.26,-6.184,-1.938
EFT:-5.797,-4.98,-2.99,-3.422,-4.453,-4.363,-13.69,5.26,-6.19,-1.947
Random190
Raw:-5.785,-4.977,-2.984,-3.424,-4.445,-4.355,-13.67,5.254,-6.195,-1.939
EFT:-5.797,-4.98,-2.99,-3.42,-4.457,-4.363,-13.69,5.26,-6.19,-1.946
Random191
Raw:-5.805,-4.996,-3.006,-3.422,-4.46,-4.37,-13.72,5.258,-6.195,-1.94
EFT:-5.797,-4.98,-2.99,-3.42,-4.457,-4.363,-13.69,5.26,-6.19,-1.946
Random192
Raw:-5.797,-4.99,-2.994,-3.432,-4.453,-4.367,-13.69,5.266,-6.2,-1.942
EFT:-5.797,-4.98,-2.99,-3.422,-4.453,-4.363,-13.69,5.26,-6.19,-1.947
Random193
Raw:-5.797,-4.99,-2.992,-3.422,-4.453,-4.36,-13.69,5.254,-6.195,-1.945
EFT:-5.797,-4.98,-2.99,-3.42,-4.457,-4.363,-13.69,5.26,-6.19,-1.946
Random194
Raw:-5.797,-4.992,-2.998,-3.432,-4.457,-4.367,-13.69,5.258,-6.2,-1.941
EFT:-5.797,-4.98,-2.99,-3.422,-4.453,-4.363,-13.69,5.26,-6.19,-1.947
Random195
Raw:-5.805,-4.99,-3.0,-3.412,-4.465,-4.363,-13.695,5.26,-6.188,-1.939
EFT:-5.797,-4.98,-2.99,-3.422,-4.453,-4.363,-13.69,5.26,-6.19,-1.947
Random196
Raw:-5.805,-4.992,-2.996,-3.418,-4.46,-4.363,-13.695,5.27,-6.203,-1.948
EFT:-5.797,-4.98,-2.99,-3.422,-4.453,-4.363,-13.69,5.26,-6.19,-1.947
Random197
Raw:-5.793,-4.996,-3.004,-3.428,-4.46,-4.363,-13.7,5.25,-6.184,-1.934
EFT:-5.797,-4.98,-2.99,-3.422,-4.453,-4.363,-13.69,5.26,-6.19,-1.947
Random198
Raw:-5.797,-4.973,-2.98,-3.432,-4.445,-4.367,-13.67,5.266,-6.2,-1.951
EFT:-5.797,-4.98,-2.99,-3.42,-4.457,-4.363,-13.69,5.26,-6.19,-1.946
Random199
Raw:-5.79,-4.98,-2.988,-3.434,-4.453,-4.363,-13.67,5.254,-6.2,-1.943
EFT:-5.797,-4.98,-2.99,-3.422,-4.453,-4.363,-13.69,5.26,-6.19,-1.947
Random200
Raw:-5.8,-4.98,-2.986,-3.414,-4.457,-4.363,-13.68,5.26,-6.188,-1.945
EFT:-5.797,-4.98,-2.99,-3.42,-4.457,-4.363,-13.69,5.26,-6.19,-1.946
Random201
Raw:-5.797,-4.98,-2.988,-3.412,-4.45,-4.355,-13.68,5.25,-6.176,-1.939
EFT:-5.797,-4.98,-2.99,-3.422,-4.453,-4.363,-13.69,5.26,-6.19,-1.947
Random202
Raw:-5.793,-4.992,-3.004,-3.418,-4.46,-4.367,-13.7,5.25,-6.188,-1.933
EFT:-5.797,-4.98,-2.99,-3.422,-4.453,-4.363,-13.69,5.26,-6.19,-1.947
Random203
Raw:-5.8,-4.992,-2.996,-3.426,-4.457,-4.363,-13.695,5.254,-6.188,-1.941
EFT:-5.797,-4.98,-2.99,-3.42,-4.457,-4.363,-13.69,5.26,-6.19,-1.946
Random204
Raw:-5.79,-4.99,-2.992,-3.412,-4.453,-4.355,-13.68,5.254,-6.18,-1.934
EFT:-5.797,-4.98,-2.99,-3.42,-4.457,-4.363,-13.69,5.26,-6.19,-1.946
Random205
Raw:-5.78,-4.977,-2.988,-3.422,-4.445,-4.36,-13.664,5.254,-6.188,-1.938
EFT:-5.797,-4.98,-2.99,-3.422,-4.453,-4.363,-13.69,5.26,-6.19,-1.947
Random206
Raw:-5.79,-4.996,-3.004,-3.438,-4.445,-4.367,-13.695,5.254,-6.203,-1.934
EFT:-5.797,-4.98,-2.99,-3.422,-4.453,-4.363,-13.69,5.26,-6.19,-1.947
Random207
Raw:-5.8,-4.98,-2.996,-3.42,-4.453,-4.363,-13.695,5.266,-6.19,-1.939
EFT:-5.797,-4.98,-2.99,-3.422,-4.453,-4.363,-13.69,5.26,-6.19,-1.947
Random208
Raw:-5.797,-4.98,-3.004,-3.428,-4.46,-4.37,-13.7,5.25,-6.19,-1.941
EFT:-5.797,-4.98,-2.99,-3.422,-4.453,-4.363,-13.69,5.26,-6.19,-1.947
Random209
Raw:-5.797,-4.984,-2.994,-3.422,-4.453,-4.36,-13.69,5.254,-6.188,-1.937
EFT:-5.797,-4.98,-2.99,-3.42,-4.457,-4.363,-13.69,5.26,-6.19,-1.946
Random210
Raw:-5.8,-4.99,-3.002,-3.424,-4.46,-4.367,-13.7,5.258,-6.19,-1.939
EFT:-5.797,-4.98,-2.99,-3.422,-4.453,-4.363,-13.69,5.26,-6.19,-1.947
Random211
Raw:-5.79,-4.97,-2.984,-3.416,-4.45,-4.36,-13.68,5.258,-6.188,-1.942
EFT:-5.797,-4.98,-2.99,-3.42,-4.457,-4.363,-13.69,5.26,-6.19,-1.946
Random212
Raw:-5.79,-4.977,-2.994,-3.424,-4.45,-4.36,-13.68,5.254,-6.188,-1.9375
EFT:-5.797,-4.98,-2.99,-3.422,-4.453,-4.363,-13.69,5.26,-6.19,-1.947
Random213
Raw:-5.79,-4.973,-2.984,-3.418,-4.45,-4.355,-13.67,5.26,-6.2,-1.954
EFT:-5.797,-4.98,-2.99,-3.422,-4.453,-4.363,-13.69,5.26,-6.19,-1.947
Random214
Raw:-5.797,-4.99,-2.99,-3.428,-4.453,-4.363,-13.69,5.258,-6.195,-1.939
EFT:-5.797,-4.98,-2.99,-3.422,-4.453,-4.363,-13.69,5.26,-6.19,-1.947
Random215
Raw:-5.797,-4.98,-2.994,-3.424,-4.45,-4.367,-13.69,5.258,-6.195,-1.9375
EFT:-5.797,-4.98,-2.99,-3.42,-4.457,-4.363,-13.69,5.26,-6.19,-1.946
Random216
Raw:-5.8,-4.99,-3.008,-3.41,-4.453,-4.355,-13.695,5.254,-6.18,-1.928
EFT:-5.797,-4.98,-2.99,-3.42,-4.457,-4.363,-13.69,5.26,-6.19,-1.946
Random217
Raw:-5.797,-4.996,-3.0,-3.43,-4.46,-4.367,-13.7,5.254,-6.195,-1.943
EFT:-5.797,-4.98,-2.99,-3.42,-4.457,-4.363,-13.69,5.26,-6.19,-1.946
Random218
Raw:-5.793,-4.977,-2.98,-3.424,-4.445,-4.363,-13.69,5.26,-6.19,-1.943
EFT:-5.797,-4.98,-2.99,-3.42,-4.457,-4.363,-13.69,5.26,-6.19,-1.946
Random219
Raw:-5.78,-4.973,-2.986,-3.434,-4.438,-4.36,-13.664,5.242,-6.188,-1.935
EFT:-5.797,-4.98,-2.99,-3.422,-4.453,-4.363,-13.69,5.26,-6.19,-1.947
Random220
Raw:-5.797,-4.996,-3.0,-3.432,-4.453,-4.37,-13.7,5.26,-6.203,-1.94
EFT:-5.797,-4.98,-2.99,-3.422,-4.453,-4.363,-13.69,5.26,-6.19,-1.947
Random221
Raw:-5.79,-4.98,-2.99,-3.416,-4.453,-4.36,-13.67,5.26,-6.188,-1.9375
EFT:-5.797,-4.98,-2.99,-3.422,-4.453,-4.363,-13.69,5.26,-6.19,-1.947
Random222
Raw:-5.797,-4.99,-2.992,-3.432,-4.457,-4.367,-13.695,5.266,-6.207,-1.946
EFT:-5.797,-4.98,-2.99,-3.422,-4.453,-4.363,-13.69,5.26,-6.19,-1.947
Random223
Raw:-5.793,-4.973,-2.992,-3.42,-4.445,-4.36,-13.69,5.258,-6.19,-1.941
EFT:-5.797,-4.98,-2.99,-3.422,-4.453,-4.363,-13.69,5.26,-6.19,-1.947
Random224
Raw:-5.805,-4.996,-3.006,-3.422,-4.47,-4.367,-13.72,5.254,-6.19,-1.947
EFT:-5.797,-4.98,-2.99,-3.42,-4.457,-4.363,-13.69,5.26,-6.19,-1.946
Random225
Raw:-5.785,-4.98,-2.984,-3.416,-4.445,-4.35,-13.664,5.26,-6.19,-1.946
EFT:-5.797,-4.98,-2.99,-3.42,-4.457,-4.363,-13.69,5.26,-6.19,-1.946
Random226
Raw:-5.78,-4.97,-2.97,-3.416,-4.434,-4.35,-13.63,5.258,-6.188,-1.943
EFT:-5.797,-4.98,-2.99,-3.422,-4.453,-4.363,-13.69,5.26,-6.19,-1.947
Random227
Raw:-5.8,-4.99,-2.988,-3.414,-4.453,-4.36,-13.68,5.277,-6.2,-1.946
EFT:-5.797,-4.98,-2.99,-3.42,-4.457,-4.363,-13.69,5.26,-6.19,-1.946
Random228
Raw:-5.8,-4.992,-3.0,-3.418,-4.46,-4.363,-13.695,5.26,-6.195,-1.947
EFT:-5.797,-4.98,-2.99,-3.42,-4.457,-4.363,-13.69,5.26,-6.19,-1.946
Random229
Raw:-5.805,-5.0,-3.008,-3.426,-4.465,-4.367,-13.72,5.258,-6.2,-1.933
EFT:-5.797,-4.98,-2.99,-3.42,-4.457,-4.363,-13.69,5.26,-6.19,-1.946
Random230
Raw:-5.78,-4.98,-2.98,-3.428,-4.44,-4.363,-13.66,5.254,-6.2,-1.942
EFT:-5.797,-4.98,-2.99,-3.42,-4.457,-4.363,-13.69,5.26,-6.19,-1.946
Random231
Raw:-5.79,-4.984,-2.992,-3.424,-4.44,-4.355,-13.664,5.25,-6.18,-1.93
EFT:-5.797,-4.98,-2.99,-3.422,-4.453,-4.363,-13.69,5.26,-6.19,-1.947
Random232
Raw:-5.79,-4.992,-2.994,-3.43,-4.45,-4.363,-13.68,5.254,-6.195,-1.939
EFT:-5.797,-4.98,-2.99,-3.42,-4.457,-4.363,-13.69,5.26,-6.19,-1.946
Random233
Raw:-5.805,-4.99,-2.996,-3.408,-4.453,-4.36,-13.69,5.26,-6.176,-1.9375
EFT:-5.797,-4.98,-2.99,-3.422,-4.453,-4.363,-13.69,5.26,-6.19,-1.947
Random234
Raw:-5.797,-4.97,-2.984,-3.412,-4.453,-4.355,-13.67,5.258,-6.188,-1.945
EFT:-5.797,-4.98,-2.99,-3.422,-4.453,-4.363,-13.69,5.26,-6.19,-1.947
Random235
Raw:-5.79,-4.99,-2.998,-3.422,-4.453,-4.363,-13.69,5.258,-6.2,-1.941
EFT:-5.797,-4.98,-2.99,-3.422,-4.453,-4.363,-13.69,5.26,-6.19,-1.947
Random236
Raw:-5.8,-4.99,-2.992,-3.418,-4.453,-4.363,-13.695,5.258,-6.195,-1.943
EFT:-5.797,-4.98,-2.99,-3.422,-4.453,-4.363,-13.69,5.26,-6.19,-1.947
Random237
Raw:-5.81,-4.99,-2.998,-3.424,-4.46,-4.37,-13.7,5.27,-6.207,-1.953
EFT:-5.797,-4.98,-2.99,-3.42,-4.457,-4.363,-13.69,5.26,-6.19,-1.946
Random238
Raw:-5.79,-4.992,-2.992,-3.43,-4.453,-4.36,-13.69,5.26,-6.203,-1.943
EFT:-5.797,-4.98,-2.99,-3.42,-4.457,-4.363,-13.69,5.26,-6.19,-1.946
Random239
Raw:-5.8,-5.0,-3.006,-3.426,-4.473,-4.367,-13.72,5.258,-6.19,-1.933
EFT:-5.797,-4.98,-2.99,-3.42,-4.457,-4.363,-13.69,5.26,-6.19,-1.946
Random240
Raw:-5.797,-4.99,-2.998,-3.428,-4.457,-4.367,-13.7,5.258,-6.203,-1.943
EFT:-5.797,-4.98,-2.99,-3.422,-4.453,-4.363,-13.69,5.26,-6.19,-1.947
Random241
Raw:-5.79,-4.98,-2.998,-3.426,-4.453,-4.363,-13.68,5.246,-6.188,-1.932
EFT:-5.797,-4.98,-2.99,-3.42,-4.457,-4.363,-13.69,5.26,-6.19,-1.946
Random242
Raw:-5.797,-4.99,-3.0,-3.43,-4.46,-4.367,-13.695,5.254,-6.2,-1.945
EFT:-5.797,-4.98,-2.99,-3.422,-4.453,-4.363,-13.69,5.26,-6.19,-1.947
Random243
Raw:-5.79,-4.97,-2.984,-3.418,-4.438,-4.36,-13.67,5.258,-6.19,-1.942
EFT:-5.797,-4.98,-2.99,-3.42,-4.457,-4.363,-13.69,5.26,-6.19,-1.946
Random244
Raw:-5.785,-4.98,-2.984,-3.426,-4.445,-4.36,-13.67,5.258,-6.19,-1.942
EFT:-5.797,-4.98,-2.99,-3.422,-4.453,-4.363,-13.69,5.26,-6.19,-1.947
Random245
Raw:-5.8,-4.97,-2.984,-3.412,-4.445,-4.36,-13.67,5.254,-6.184,-1.946
EFT:-5.797,-4.98,-2.99,-3.422,-4.453,-4.363,-13.69,5.26,-6.19,-1.947
Random246
Raw:-5.8,-4.996,-3.004,-3.428,-4.47,-4.367,-13.71,5.258,-6.2,-1.941
EFT:-5.797,-4.98,-2.99,-3.42,-4.457,-4.363,-13.69,5.26,-6.19,-1.946
Random247
Raw:-5.79,-4.984,-2.988,-3.424,-4.445,-4.363,-13.68,5.26,-6.2,-1.946
EFT:-5.797,-4.98,-2.99,-3.422,-4.453,-4.363,-13.69,5.26,-6.19,-1.947
Random248
Raw:-5.81,-5.008,-3.01,-3.428,-4.47,-4.375,-13.73,5.266,-6.2,-1.941
EFT:-5.797,-4.98,-2.99,-3.42,-4.457,-4.363,-13.69,5.26,-6.19,-1.946
Random249
Raw:-5.793,-4.965,-2.969,-3.408,-4.44,-4.355,-13.65,5.26,-6.176,-1.943
EFT:-5.797,-4.98,-2.99,-3.42,-4.457,-4.363,-13.69,5.26,-6.19,-1.946
Random250
Raw:-5.805,-5.004,-3.01,-3.424,-4.47,-4.37,-13.73,5.254,-6.2,-1.942
EFT:-5.797,-4.98,-2.99,-3.42,-4.457,-4.363,-13.69,5.26,-6.19,-1.946
Random251
Raw:-5.785,-4.99,-2.99,-3.436,-4.445,-4.363,-13.695,5.258,-6.207,-1.941
EFT:-5.797,-4.98,-2.99,-3.42,-4.457,-4.363,-13.69,5.26,-6.19,-1.946
Random252
Raw:-5.8,-4.996,-3.0,-3.428,-4.47,-4.363,-13.71,5.26,-6.19,-1.939
EFT:-5.797,-4.98,-2.99,-3.42,-4.457,-4.363,-13.69,5.26,-6.19,-1.946
Random253
Raw:-5.8,-4.984,-2.99,-3.43,-4.46,-4.367,-13.69,5.266,-6.195,-1.945
EFT:-5.797,-4.98,-2.99,-3.42,-4.457,-4.363,-13.69,5.26,-6.19,-1.946
Random254
Raw:-5.797,-5.004,-3.006,-3.438,-4.46,-4.37,-13.71,5.25,-6.207,-1.938
EFT:-5.797,-4.98,-2.99,-3.422,-4.453,-4.363,-13.69,5.26,-6.19,-1.947
Random255
Raw:-5.8,-4.996,-3.002,-3.432,-4.46,-4.367,-13.71,5.254,-6.207,-1.942
EFT:-5.797,-4.98,-2.99,-3.42,-4.457,-4.363,-13.69,5.26,-6.19,-1.946
Random256
Raw:-5.793,-4.99,-2.99,-3.422,-4.457,-4.36,-13.69,5.258,-6.184,-1.941
EFT:-5.797,-4.98,-2.99,-3.422,-4.453,-4.363,-13.69,5.26,-6.19,-1.947
Random257
Raw:-5.797,-4.996,-3.002,-3.416,-4.46,-4.36,-13.7,5.254,-6.18,-1.929
EFT:-5.797,-4.98,-2.99,-3.42,-4.457,-4.363,-13.69,5.26,-6.19,-1.946
Random258
Raw:-5.793,-4.973,-2.98,-3.428,-4.44,-4.36,-13.68,5.27,-6.2,-1.947
EFT:-5.797,-4.98,-2.99,-3.422,-4.453,-4.363,-13.69,5.26,-6.19,-1.947
Random259
Raw:-5.797,-4.984,-2.99,-3.404,-4.453,-4.355,-13.68,5.254,-6.176,-1.937
EFT:-5.797,-4.98,-2.99,-3.42,-4.457,-4.363,-13.69,5.26,-6.19,-1.946
Random260
Raw:-5.797,-4.992,-2.994,-3.432,-4.457,-4.367,-13.69,5.26,-6.195,-1.941
EFT:-5.797,-4.98,-2.99,-3.422,-4.453,-4.363,-13.69,5.26,-6.19,-1.947
Random261
Raw:-5.797,-4.99,-3.0,-3.424,-4.46,-4.363,-13.69,5.254,-6.19,-1.941
EFT:-5.797,-4.98,-2.99,-3.422,-4.453,-4.363,-13.69,5.26,-6.19,-1.947
Random262
Raw:-5.805,-4.992,-3.004,-3.412,-4.46,-4.36,-13.71,5.26,-6.184,-1.9375
EFT:-5.797,-4.98,-2.99,-3.422,-4.453,-4.363,-13.69,5.26,-6.19,-1.947
Random263
Raw:-5.79,-4.98,-2.988,-3.424,-4.453,-4.363,-13.68,5.258,-6.195,-1.944
EFT:-5.797,-4.98,-2.99,-3.422,-4.453,-4.363,-13.69,5.26,-6.19,-1.947
Random264
Raw:-5.78,-4.977,-2.979,-3.428,-4.445,-4.355,-13.66,5.26,-6.2,-1.947
EFT:-5.797,-4.98,-2.99,-3.422,-4.453,-4.363,-13.69,5.26,-6.19,-1.947
Random265
Raw:-5.8,-4.992,-3.004,-3.424,-4.465,-4.367,-13.7,5.258,-6.2,-1.945
EFT:-5.797,-4.98,-2.99,-3.422,-4.453,-4.363,-13.69,5.26,-6.19,-1.947
Random266
Raw:-5.8,-4.965,-2.98,-3.406,-4.45,-4.355,-13.664,5.26,-6.17,-1.945
EFT:-5.797,-4.98,-2.99,-3.422,-4.453,-4.363,-13.69,5.26,-6.19,-1.947
Random267
Raw:-5.793,-4.992,-2.998,-3.434,-4.45,-4.367,-13.69,5.254,-6.2,-1.937
EFT:-5.797,-4.98,-2.99,-3.422,-4.453,-4.363,-13.69,5.26,-6.19,-1.947
Random268
Raw:-5.805,-5.008,-3.01,-3.422,-4.477,-4.367,-13.72,5.26,-6.2,-1.939
EFT:-5.797,-4.98,-2.99,-3.422,-4.453,-4.363,-13.69,5.26,-6.19,-1.947
Random269
Raw:-5.797,-4.996,-3.0,-3.426,-4.465,-4.367,-13.7,5.258,-6.195,-1.943
EFT:-5.797,-4.98,-2.99,-3.422,-4.453,-4.363,-13.69,5.26,-6.19,-1.947
Random270
Raw:-5.785,-4.99,-2.992,-3.426,-4.453,-4.363,-13.69,5.26,-6.2,-1.944
EFT:-5.797,-4.98,-2.99,-3.42,-4.457,-4.363,-13.69,5.26,-6.19,-1.946
Random271
Raw:-5.78,-4.965,-2.979,-3.418,-4.438,-4.35,-13.66,5.254,-6.184,-1.941
EFT:-5.797,-4.98,-2.99,-3.42,-4.457,-4.363,-13.69,5.26,-6.19,-1.946
Random272
Raw:-5.805,-4.996,-3.0,-3.44,-4.465,-4.375,-13.72,5.266,-6.215,-1.945
EFT:-5.797,-4.98,-2.99,-3.422,-4.453,-4.363,-13.69,5.26,-6.19,-1.947
Random273
Raw:-5.785,-4.97,-2.977,-3.426,-4.45,-4.36,-13.67,5.26,-6.2,-1.949
EFT:-5.797,-4.98,-2.99,-3.422,-4.453,-4.363,-13.69,5.26,-6.19,-1.947
Random274
Raw:-5.797,-4.996,-3.0,-3.43,-4.46,-4.367,-13.7,5.258,-6.203,-1.945
EFT:-5.797,-4.98,-2.99,-3.422,-4.453,-4.363,-13.69,5.26,-6.19,-1.947
Random275
Raw:-5.797,-4.996,-2.994,-3.426,-4.453,-4.367,-13.695,5.26,-6.2,-1.943
EFT:-5.797,-4.98,-2.99,-3.42,-4.457,-4.363,-13.69,5.26,-6.19,-1.946
Random276
Raw:-5.78,-4.99,-2.988,-3.43,-4.45,-4.36,-13.664,5.25,-6.195,-1.94
EFT:-5.797,-4.98,-2.99,-3.42,-4.457,-4.363,-13.69,5.26,-6.19,-1.946
Random277
Raw:-5.805,-4.99,-2.998,-3.412,-4.46,-4.363,-13.7,5.258,-6.184,-1.936
EFT:-5.797,-4.98,-2.99,-3.422,-4.453,-4.363,-13.69,5.26,-6.19,-1.947
Random278
Raw:-5.79,-4.977,-2.986,-3.418,-4.445,-4.363,-13.67,5.254,-6.188,-1.941
EFT:-5.797,-4.98,-2.99,-3.422,-4.453,-4.363,-13.69,5.26,-6.19,-1.947
Random279
Raw:-5.785,-4.992,-3.0,-3.42,-4.457,-4.363,-13.7,5.25,-6.188,-1.9375
EFT:-5.797,-4.98,-2.99,-3.42,-4.457,-4.363,-13.69,5.26,-6.19,-1.946
Random280
Raw:-5.793,-4.992,-2.992,-3.426,-4.45,-4.36,-13.68,5.258,-6.2,-1.941
EFT:-5.797,-4.98,-2.99,-3.42,-4.457,-4.363,-13.69,5.26,-6.19,-1.946
Random281
Raw:-5.79,-4.984,-2.99,-3.426,-4.45,-4.363,-13.69,5.266,-6.195,-1.941
EFT:-5.797,-4.98,-2.99,-3.42,-4.457,-4.363,-13.69,5.26,-6.19,-1.946
Random282
Raw:-5.805,-4.992,-3.002,-3.424,-4.47,-4.367,-13.71,5.254,-6.195,-1.939
EFT:-5.797,-4.98,-2.99,-3.422,-4.453,-4.363,-13.69,5.26,-6.19,-1.947
Random283
Raw:-5.79,-4.977,-2.984,-3.424,-4.445,-4.355,-13.664,5.26,-6.195,-1.947
EFT:-5.797,-4.98,-2.99,-3.42,-4.457,-4.363,-13.69,5.26,-6.19,-1.946
Random284
Raw:-5.793,-4.99,-2.998,-3.432,-4.457,-4.367,-13.7,5.26,-6.195,-1.939
EFT:-5.797,-4.98,-2.99,-3.422,-4.453,-4.363,-13.69,5.26,-6.19,-1.947
Random285
Raw:-5.805,-4.98,-3.0,-3.426,-4.453,-4.367,-13.7,5.258,-6.188,-1.936
EFT:-5.797,-4.98,-2.99,-3.42,-4.457,-4.363,-13.69,5.26,-6.19,-1.946
Random286
Raw:-5.8,-4.996,-3.006,-3.428,-4.465,-4.37,-13.73,5.26,-6.2,-1.9375
EFT:-5.797,-4.98,-2.99,-3.42,-4.457,-4.363,-13.69,5.26,-6.19,-1.946
Random287
Raw:-5.79,-4.99,-2.992,-3.41,-4.453,-4.36,-13.7,5.254,-6.18,-1.9375
EFT:-5.797,-4.98,-2.99,-3.42,-4.457,-4.363,-13.69,5.26,-6.19,-1.946
Random288
Raw:-5.805,-4.992,-3.0,-3.414,-4.46,-4.363,-13.71,5.26,-6.188,-1.9375
EFT:-5.797,-4.98,-2.99,-3.422,-4.453,-4.363,-13.69,5.26,-6.19,-1.947
Random289
Raw:-5.8,-4.99,-2.996,-3.424,-4.465,-4.367,-13.695,5.258,-6.195,-1.943
EFT:-5.797,-4.98,-2.99,-3.422,-4.453,-4.363,-13.69,5.26,-6.19,-1.947
Random290
Raw:-5.805,-4.996,-3.008,-3.432,-4.46,-4.37,-13.695,5.258,-6.195,-1.936
EFT:-5.797,-4.98,-2.99,-3.42,-4.457,-4.363,-13.69,5.26,-6.19,-1.946
Random291
Raw:-5.78,-4.984,-2.994,-3.422,-4.457,-4.36,-13.67,5.258,-6.19,-1.942
EFT:-5.797,-4.98,-2.99,-3.422,-4.453,-4.363,-13.69,5.26,-6.19,-1.947
Random292
Raw:-5.793,-4.996,-3.0,-3.436,-4.457,-4.367,-13.69,5.258,-6.2,-1.94
EFT:-5.797,-4.98,-2.99,-3.422,-4.453,-4.363,-13.69,5.26,-6.19,-1.947
Random293
Raw:-5.79,-4.99,-2.992,-3.428,-4.453,-4.363,-13.68,5.254,-6.2,-1.944
EFT:-5.797,-4.98,-2.99,-3.422,-4.453,-4.363,-13.69,5.26,-6.19,-1.947
Random294
Raw:-5.81,-5.004,-3.008,-3.424,-4.47,-4.37,-13.73,5.26,-6.195,-1.934
EFT:-5.797,-4.98,-2.99,-3.422,-4.453,-4.363,-13.69,5.26,-6.19,-1.947
Random295
Raw:-5.797,-4.99,-3.0,-3.428,-4.453,-4.363,-13.695,5.254,-6.19,-1.9375
EFT:-5.797,-4.98,-2.99,-3.42,-4.457,-4.363,-13.69,5.26,-6.19,-1.946
Random296
Raw:-5.79,-4.977,-2.98,-3.424,-4.44,-4.355,-13.67,5.258,-6.19,-1.95
EFT:-5.797,-4.98,-2.99,-3.422,-4.453,-4.363,-13.69,5.26,-6.19,-1.947
Random297
Raw:-5.8,-4.996,-3.002,-3.43,-4.47,-4.37,-13.73,5.26,-6.2,-1.944
EFT:-5.797,-4.98,-2.99,-3.42,-4.457,-4.363,-13.69,5.26,-6.19,-1.946
Random298
Raw:-5.793,-4.99,-2.998,-3.418,-4.453,-4.367,-13.72,5.266,-6.195,-1.939
EFT:-5.797,-4.98,-2.99,-3.422,-4.453,-4.363,-13.69,5.26,-6.19,-1.947
Random299
Raw:-5.8,-4.98,-2.99,-3.408,-4.457,-4.36,-13.69,5.26,-6.184,-1.94
EFT:-5.797,-4.98,-2.99,-3.422,-4.453,-4.363,-13.69,5.26,-6.19,-1.947
Random300
Raw:-5.793,-4.99,-3.0,-3.43,-4.453,-4.367,-13.69,5.254,-6.2,-1.939
EFT:-5.797,-4.98,-2.99,-3.422,-4.453,-4.363,-13.69,5.26,-6.19,-1.947
