Ascend
Raw:-13.16,19.25,1.772,-6.51,-1.391,-9.516,-0.9434,1.714,-0.1699,-8.55
EFT:-13.16,19.27,1.771,-6.51,-1.384,-9.516,-0.939,1.718,-0.1694,-8.55
Descend
Raw:-13.16,19.28,1.782,-6.504,-1.375,-9.516,-0.924,1.712,-0.1655,-8.54
EFT:-13.16,19.27,1.771,-6.51,-1.384,-9.516,-0.939,1.718,-0.1694,-8.55
Random1
Raw:-13.14,19.25,1.779,-6.504,-1.363,-9.5,-0.9355,1.72,-0.1641,-8.516
EFT:-13.16,19.27,1.771,-6.51,-1.384,-9.516,-0.939,1.718,-0.1694,-8.55
Random2
Raw:-13.16,19.25,1.771,-6.51,-1.398,-9.516,-0.9404,1.714,-0.166,-8.55
EFT:-13.16,19.27,1.771,-6.51,-1.384,-9.516,-0.939,1.718,-0.1694,-8.55
Random3
Raw:-13.16,19.28,1.773,-6.52,-1.383,-9.52,-0.9355,1.726,-0.1621,-8.54
EFT:-13.16,19.27,1.771,-6.51,-1.384,-9.516,-0.939,1.718,-0.1694,-8.55
Random4
Raw:-13.15,19.25,1.774,-6.504,-1.38,-9.5,-0.947,1.714,-0.1699,-8.52
EFT:-13.16,19.27,1.771,-6.51,-1.384,-9.516,-0.939,1.718,-0.1694,-8.55
Random5
Raw:-13.15,19.25,1.7705,-6.51,-1.375,-9.51,-0.953,1.722,-0.1738,-8.54
EFT:-13.16,19.27,1.771,-6.51,-1.384,-9.516,-0.939,1.718,-0.1694,-8.55
Random6
Raw:-13.16,19.23,1.758,-6.527,-1.398,-9.51,-0.9463,1.714,-0.1665,-8.55
EFT:-13.16,19.27,1.771,-6.51,-1.384,-9.516,-0.939,1.718,-0.1694,-8.55
Random7
Raw:-13.15,19.27,1.779,-6.508,-1.377,-9.51,-0.9453,1.72,-0.1675,-8.52
EFT:-13.16,19.27,1.771,-6.51,-1.384,-9.516,-0.939,1.718,-0.1694,-8.55
Random8
Raw:-13.17,19.22,1.756,-6.52,-1.405,-9.516,-0.961,1.702,-0.1606,-8.555
EFT:-13.16,19.27,1.771,-6.51,-1.384,-9.516,-0.939,1.718,-0.1694,-8.55
Random9
Raw:-13.164,19.3,1.775,-6.523,-1.379,-9.53,-0.9434,1.724,-0.1812,-8.55
EFT:-13.16,19.27,1.771,-6.51,-1.384,-9.516,-0.939,1.718,-0.1694,-8.55
Random10
Raw:-13.14,19.25,1.776,-6.504,-1.372,-9.51,-0.949,1.716,-0.1758,-8.52
EFT:-13.16,19.27,1.771,-6.51,-1.384,-9.516,-0.939,1.718,-0.1694,-8.55
Random11
Raw:-13.164,19.28,1.771,-6.52,-1.39,-9.52,-0.948,1.724,-0.168,-8.54
EFT:-13.16,19.27,1.771,-6.51,-1.384,-9.516,-0.939,1.718,-0.1694,-8.55
Random12
Raw:-13.17,19.25,1.757,-6.52,-1.406,-9.53,-0.9663,1.714,-0.169,-8.555
EFT:-13.16,19.27,1.771,-6.51,-1.384,-9.516,-0.939,1.718,-0.1694,-8.55
Random13
Raw:-13.13,19.27,1.779,-6.504,-1.371,-9.5,-0.9473,1.72,-0.1758,-8.52
EFT:-13.16,19.27,1.771,-6.51,-1.384,-9.516,-0.939,1.718,-0.1694,-8.55
Random14
Raw:-13.16,19.25,1.776,-6.508,-1.387,-9.51,-0.951,1.716,-0.1729,-8.54
EFT:-13.16,19.27,1.771,-6.51,-1.384,-9.516,-0.939,1.718,-0.1694,-8.55
Random15
Raw:-13.164,19.23,1.772,-6.52,-1.383,-9.51,-0.951,1.72,-0.167,-8.55
EFT:-13.16,19.27,1.771,-6.51,-1.384,-9.516,-0.939,1.718,-0.1694,-8.55
Random16
Raw:-13.15,19.27,1.769,-6.51,-1.375,-9.51,-0.953,1.72,-0.1777,-8.54
EFT:-13.16,19.27,1.771,-6.51,-1.384,-9.516,-0.939,1.718,-0.1694,-8.55
Random17
Raw:-13.13,19.25,1.782,-6.5,-1.367,-9.5,-0.9355,1.724,-0.1777,-8.52
EFT:-13.16,19.27,1.771,-6.51,-1.384,-9.516,-0.939,1.718,-0.1694,-8.55
Random18
Raw:-13.15,19.27,1.776,-6.52,-1.375,-9.51,-0.9424,1.72,-0.1694,-8.53
EFT:-13.16,19.27,1.771,-6.51,-1.384,-9.516,-0.939,1.718,-0.1694,-8.55
Random19
Raw:-13.17,19.23,1.759,-6.516,-1.395,-9.516,-0.959,1.716,-0.1699,-8.55
EFT:-13.16,19.27,1.771,-6.51,-1.384,-9.516,-0.939,1.718,-0.1694,-8.55
Random20
Raw:-13.14,19.25,1.772,-6.51,-1.382,-9.51,-0.9365,1.72,-0.1655,-8.55
EFT:-13.16,19.27,1.771,-6.51,-1.384,-9.516,-0.939,1.718,-0.1694,-8.55
Random21
Raw:-13.15,19.28,1.776,-6.51,-1.383,-9.52,-0.948,1.728,-0.1729,-8.54
EFT:-13.16,19.27,1.771,-6.51,-1.384,-9.516,-0.939,1.718,-0.1694,-8.55
Random22
Raw:-13.18,19.27,1.763,-6.52,-1.391,-9.52,-0.963,1.72,-0.1733,-8.54
EFT:-13.16,19.27,1.771,-6.51,-1.384,-9.516,-0.939,1.718,-0.1694,-8.55
Random23
Raw:-13.15,19.28,1.774,-6.51,-1.373,-9.516,-0.9434,1.72,-0.1719,-8.54
EFT:-13.16,19.27,1.771,-6.51,-1.384,-9.516,-0.939,1.718,-0.1694,-8.55
Random24
Raw:-13.14,19.23,1.77,-6.5,-1.382,-9.49,-0.943,1.718,-0.1699,-8.52
EFT:-13.16,19.27,1.771,-6.51,-1.384,-9.516,-0.939,1.718,-0.1694,-8.55
Random25
Raw:-13.164,19.28,1.775,-6.516,-1.386,-9.516,-0.9434,1.724,-0.1787,-8.54
EFT:-13.16,19.27,1.771,-6.51,-1.384,-9.516,-0.939,1.718,-0.1694,-8.55
Random26
Raw:-13.164,19.23,1.761,-6.51,-1.404,-9.516,-0.948,1.704,-0.168,-8.555
EFT:-13.16,19.27,1.771,-6.51,-1.384,-9.516,-0.939,1.718,-0.1694,-8.55
Random27
Raw:-13.14,19.25,1.7705,-6.504,-1.388,-9.51,-0.949,1.712,-0.1699,-8.53
EFT:-13.16,19.27,1.771,-6.51,-1.384,-9.516,-0.939,1.718,-0.1694,-8.55
Random28
Raw:-13.14,19.25,1.777,-6.496,-1.38,-9.5,-0.924,1.708,-0.165,-8.52
EFT:-13.16,19.27,1.771,-6.51,-1.384,-9.516,-0.939,1.718,-0.1694,-8.55
Random29
Raw:-13.125,19.23,1.77,-6.504,-1.367,-9.49,-0.9453,1.724,-0.1807,-8.516
EFT:-13.16,19.27,1.771,-6.51,-1.384,-9.516,-0.939,1.718,-0.1694,-8.55
Random30
Raw:-13.15,19.27,1.774,-6.516,-1.37,-9.51,-0.9434,1.722,-0.1738,-8.53
EFT:-13.16,19.27,1.771,-6.51,-1.384,-9.516,-0.939,1.718,-0.1694,-8.55
Random31
Raw:-13.15,19.27,1.78,-6.508,-1.364,-9.51,-0.9443,1.726,-0.1699,-8.53
EFT:-13.16,19.27,1.771,-6.51,-1.384,-9.516,-0.939,1.718,-0.1694,-8.55
Random32
Raw:-13.164,19.25,1.769,-6.51,-1.398,-9.516,-0.9473,1.714,-0.1699,-8.54
EFT:-13.16,19.27,1.771,-6.51,-1.384,-9.516,-0.939,1.718,-0.1694,-8.55
Random33
Raw:-13.15,19.25,1.767,-6.516,-1.387,-9.516,-0.96,1.724,-0.1709,-8.54
EFT:-13.16,19.27,1.771,-6.51,-1.384,-9.516,-0.939,1.718,-0.1694,-8.55
Random34
Raw:-13.18,19.27,1.764,-6.523,-1.402,-9.52,-0.9526,1.714,-0.1621,-8.55
EFT:-13.16,19.27,1.771,-6.51,-1.384,-9.516,-0.939,1.718,-0.1694,-8.55
Random35
Raw:-13.15,19.23,1.774,-6.508,-1.383,-9.5,-0.9443,1.716,-0.1675,-8.52
EFT:-13.16,19.27,1.771,-6.51,-1.384,-9.516,-0.939,1.718,-0.1694,-8.55
Random36
Raw:-13.16,19.25,1.77,-6.52,-1.387,-9.51,-0.9355,1.718,-0.169,-8.55
EFT:-13.16,19.27,1.771,-6.51,-1.384,-9.516,-0.939,1.718,-0.1694,-8.55
Random37
Raw:-13.14,19.27,1.784,-6.508,-1.348,-9.51,-0.951,1.7295,-0.1797,-8.51
EFT:-13.16,19.27,1.771,-6.51,-1.384,-9.516,-0.939,1.718,-0.1694,-8.55
Random38
Raw:-13.18,19.3,1.786,-6.516,-1.385,-9.52,-0.922,1.716,-0.1719,-8.54
EFT:-13.16,19.27,1.771,-6.51,-1.384,-9.516,-0.939,1.718,-0.1694,-8.55
Random39
Raw:-13.12,19.27,1.786,-6.492,-1.363,-9.49,-0.92,1.716,-0.1719,-8.516
EFT:-13.16,19.27,1.771,-6.51,-1.384,-9.516,-0.939,1.718,-0.1694,-8.55
Random40
Raw:-13.14,19.27,1.784,-6.508,-1.36,-9.51,-0.9385,1.728,-0.1753,-8.52
EFT:-13.16,19.27,1.771,-6.51,-1.384,-9.516,-0.939,1.718,-0.1694,-8.55
Random41
Raw:-13.14,19.25,1.7705,-6.508,-1.367,-9.5,-0.9507,1.728,-0.1733,-8.52
EFT:-13.16,19.27,1.771,-6.51,-1.384,-9.516,-0.939,1.718,-0.1694,-8.55
Random42
Raw:-13.13,19.25,1.778,-6.496,-1.371,-9.5,-0.9346,1.72,-0.1719,-8.53
EFT:-13.16,19.27,1.771,-6.51,-1.384,-9.516,-0.939,1.718,-0.1694,-8.55
Random43
Raw:-13.17,19.27,1.763,-6.516,-1.406,-9.52,-0.9395,1.71,-0.1597,-8.56
EFT:-13.16,19.27,1.771,-6.51,-1.384,-9.516,-0.939,1.718,-0.1694,-8.55
Random44
Raw:-13.164,19.27,1.775,-6.51,-1.373,-9.51,-0.9473,1.72,-0.1675,-8.52
EFT:-13.16,19.27,1.771,-6.51,-1.384,-9.516,-0.939,1.718,-0.1694,-8.55
Random45
Raw:-13.16,19.25,1.772,-6.51,-1.38,-9.51,-0.9473,1.72,-0.1797,-8.54
EFT:-13.16,19.27,1.771,-6.51,-1.384,-9.516,-0.939,1.718,-0.1694,-8.55
Random46
Raw:-13.14,19.25,1.776,-6.504,-1.375,-9.5,-0.9277,1.714,-0.1685,-8.52
EFT:-13.16,19.27,1.771,-6.51,-1.384,-9.516,-0.939,1.718,-0.1694,-8.55
Random47
Raw:-13.15,19.25,1.774,-6.504,-1.374,-9.5,-0.9385,1.724,-0.166,-8.52
EFT:-13.16,19.27,1.771,-6.51,-1.384,-9.516,-0.939,1.718,-0.1694,-8.55
Random48
Raw:-13.16,19.27,1.7705,-6.516,-1.395,-9.516,-0.938,1.712,-0.169,-8.55
EFT:-13.16,19.27,1.771,-6.51,-1.384,-9.516,-0.939,1.718,-0.1694,-8.55
Random49
Raw:-13.16,19.25,1.774,-6.51,-1.377,-9.51,-0.951,1.72,-0.1729,-8.53
EFT:-13.16,19.27,1.771,-6.51,-1.384,-9.516,-0.939,1.718,-0.1694,-8.55
Random50
Raw:-13.14,19.25,1.782,-6.496,-1.367,-9.49,-0.9297,1.716,-0.168,-8.51
EFT:-13.16,19.27,1.771,-6.51,-1.384,-9.516,-0.939,1.718,-0.1694,-8.55
Random51
Raw:-13.125,19.23,1.774,-6.504,-1.391,-9.51,-0.942,1.716,-0.168,-8.54
EFT:-13.16,19.27,1.771,-6.51,-1.384,-9.516,-0.939,1.718,-0.1694,-8.55
Random52
Raw:-13.14,19.3,1.79,-6.504,-1.3545,-9.516,-0.9326,1.733,-0.1821,-8.52
EFT:-13.16,19.27,1.771,-6.51,-1.384,-9.516,-0.939,1.718,-0.1694,-8.55
Random53
Raw:-13.14,19.23,1.774,-6.496,-1.377,-9.49,-0.9434,1.718,-0.168,-8.52
EFT:-13.16,19.27,1.771,-6.51,-1.384,-9.516,-0.939,1.718,-0.1694,-8.55
Random54
Raw:-13.16,19.27,1.776,-6.51,-1.383,-9.51,-0.9277,1.716,-0.1641,-8.55
EFT:-13.16,19.27,1.771,-6.51,-1.384,-9.516,-0.939,1.718,-0.1694,-8.55
Random55
Raw:-13.16,19.27,1.778,-6.51,-1.391,-9.516,-0.924,1.704,-0.1675,-8.555
EFT:-13.16,19.27,1.771,-6.51,-1.384,-9.516,-0.939,1.718,-0.1694,-8.55
Random56
Raw:-13.16,19.27,1.7705,-6.51,-1.372,-9.51,-0.9375,1.716,-0.1646,-8.54
EFT:-13.16,19.27,1.771,-6.51,-1.384,-9.516,-0.939,1.718,-0.1694,-8.55
Random57
Raw:-13.13,19.25,1.776,-6.504,-1.376,-9.51,-0.948,1.718,-0.1729,-8.52
EFT:-13.16,19.27,1.771,-6.51,-1.384,-9.516,-0.939,1.718,-0.1694,-8.55
Random58
Raw:-13.16,19.28,1.778,-6.51,-1.371,-9.52,-0.9336,1.72,-0.1699,-8.53
EFT:-13.16,19.27,1.771,-6.51,-1.384,-9.516,-0.939,1.718,-0.1694,-8.55
Random59
Raw:-13.164,19.28,1.774,-6.508,-1.391,-9.516,-0.9424,1.718,-0.1729,-8.54
EFT:-13.16,19.27,1.771,-6.51,-1.384,-9.516,-0.939,1.718,-0.1694,-8.55
Random60
Raw:-13.16,19.25,1.7705,-6.508,-1.379,-9.51,-0.9463,1.718,-0.1719,-8.54
EFT:-13.16,19.27,1.771,-6.51,-1.384,-9.516,-0.939,1.718,-0.1694,-8.55
Random61
Raw:-13.15,19.23,1.7705,-6.516,-1.38,-9.51,-0.948,1.714,-0.1733,-8.52
EFT:-13.16,19.27,1.771,-6.51,-1.384,-9.516,-0.939,1.718,-0.1694,-8.55
Random62
Raw:-13.14,19.25,1.774,-6.504,-1.383,-9.5,-0.9326,1.714,-0.1685,-8.53
EFT:-13.16,19.27,1.771,-6.51,-1.384,-9.516,-0.939,1.718,-0.1694,-8.55
Random63
Raw:-13.15,19.28,1.78,-6.504,-1.367,-9.51,-0.9336,1.724,-0.168,-8.52
EFT:-13.16,19.27,1.771,-6.51,-1.384,-9.516,-0.939,1.718,-0.1694,-8.55
Random64
Raw:-13.125,19.23,1.767,-6.504,-1.379,-9.49,-0.9434,1.712,-0.169,-8.52
EFT:-13.16,19.27,1.771,-6.51,-1.384,-9.516,-0.939,1.718,-0.1694,-8.55
Random65
Raw:-13.14,19.25,1.78,-6.496,-1.358,-9.49,-0.9307,1.722,-0.1724,-8.51
EFT:-13.16,19.27,1.771,-6.51,-1.384,-9.516,-0.939,1.718,-0.1694,-8.55
Random66
Raw:-13.164,19.25,1.772,-6.51,-1.39,-9.516,-0.9473,1.722,-0.169,-8.555
EFT:-13.16,19.27,1.771,-6.51,-1.384,-9.516,-0.939,1.718,-0.1694,-8.55
Random67
Raw:-13.16,19.3,1.776,-6.52,-1.375,-9.516,-0.9473,1.728,-0.1787,-8.53
EFT:-13.16,19.27,1.771,-6.51,-1.384,-9.516,-0.939,1.718,-0.1694,-8.55
Random68
Raw:-13.17,19.28,1.778,-6.516,-1.387,-9.516,-0.9414,1.7295,-0.1699,-8.54
EFT:-13.16,19.27,1.771,-6.51,-1.384,-9.516,-0.939,1.718,-0.1694,-8.55
Random69
Raw:-13.15,19.28,1.774,-6.51,-1.38,-9.516,-0.9395,1.716,-0.1777,-8.54
EFT:-13.16,19.27,1.771,-6.51,-1.384,-9.516,-0.939,1.718,-0.1694,-8.55
Random70
Raw:-13.17,19.28,1.773,-6.516,-1.386,-9.52,-0.955,1.726,-0.1777,-8.55
EFT:-13.16,19.27,1.771,-6.51,-1.384,-9.516,-0.939,1.718,-0.1694,-8.55
Random71
Raw:-13.16,19.25,1.768,-6.51,-1.395,-9.516,-0.9424,1.71,-0.166,-8.54
EFT:-13.16,19.27,1.771,-6.51,-1.384,-9.516,-0.939,1.718,-0.1694,-8.55
Random72
Raw:-13.16,19.25,1.766,-6.516,-1.4,-9.516,-0.9443,1.708,-0.168,-8.55
EFT:-13.16,19.27,1.771,-6.51,-1.384,-9.516,-0.939,1.718,-0.1694,-8.55
Random73
Raw:-13.15,19.23,1.763,-6.508,-1.392,-9.51,-0.959,1.712,-0.1763,-8.53
EFT:-13.16,19.27,1.771,-6.51,-1.384,-9.516,-0.939,1.718,-0.1694,-8.55
Random74
Raw:-13.16,19.27,1.776,-6.516,-1.377,-9.51,-0.9395,1.722,-0.167,-8.53
EFT:-13.16,19.27,1.771,-6.51,-1.384,-9.516,-0.939,1.718,-0.1694,-8.55
Random75
Raw:-13.15,19.25,1.767,-6.52,-1.379,-9.516,-0.964,1.716,-0.1724,-8.53
EFT:-13.16,19.27,1.771,-6.51,-1.384,-9.516,-0.939,1.718,-0.1694,-8.55
Random76
Raw:-13.15,19.25,1.7705,-6.516,-1.384,-9.51,-0.954,1.714,-0.1699,-8.54
EFT:-13.16,19.27,1.771,-6.51,-1.384,-9.516,-0.939,1.718,-0.1694,-8.55
Random77
Raw:-13.12,19.23,1.774,-6.5,-1.362,-9.49,-0.9287,1.718,-0.1685,-8.516
EFT:-13.16,19.27,1.771,-6.51,-1.384,-9.516,-0.939,1.718,-0.1694,-8.55
Random78
Raw:-13.13,19.27,1.784,-6.508,-1.359,-9.49,-0.9297,1.728,-0.1729,-8.516
EFT:-13.16,19.27,1.771,-6.51,-1.384,-9.516,-0.939,1.718,-0.1694,-8.55
Random79
Raw:-13.15,19.28,1.788,-6.504,-1.363,-9.516,-0.9297,1.728,-0.1753,-8.52
EFT:-13.16,19.27,1.771,-6.51,-1.384,-9.516,-0.939,1.718,-0.1694,-8.55
Random80
Raw:-13.125,19.23,1.771,-6.508,-1.373,-9.5,-0.9395,1.71,-0.1704,-8.52
EFT:-13.16,19.27,1.771,-6.51,-1.384,-9.516,-0.939,1.718,-0.1694,-8.55
Random81
Raw:-13.16,19.23,1.762,-6.508,-1.399,-9.51,-0.9434,1.7,-0.1587,-8.55
EFT:-13.16,19.27,1.771,-6.51,-1.384,-9.516,-0.939,1.718,-0.1694,-8.55
Random82
Raw:-13.15,19.25,1.774,-6.508,-1.371,-9.5,-0.9424,1.714,-0.1714,-8.516
EFT:-13.16,19.27,1.771,-6.51,-1.384,-9.516,-0.939,1.718,-0.1694,-8.55
Random83
Raw:-13.16,19.28,1.782,-6.508,-1.369,-9.516,-0.926,1.72,-0.166,-8.53
EFT:-13.16,19.27,1.771,-6.51,-1.384,-9.516,-0.939,1.718,-0.1694,-8.55
Random84
Raw:-13.15,19.27,1.776,-6.51,-1.375,-9.51,-0.9336,1.726,-0.1641,-8.54
EFT:-13.16,19.27,1.771,-6.51,-1.384,-9.516,-0.939,1.718,-0.1694,-8.55
Random85
Raw:-13.13,19.25,1.782,-6.504,-1.363,-9.49,-0.921,1.718,-0.1719,-8.516
EFT:-13.16,19.27,1.771,-6.51,-1.384,-9.516,-0.939,1.718,-0.1694,-8.55
Random86
Raw:-13.164,19.27,1.772,-6.504,-1.383,-9.516,-0.9316,1.712,-0.1543,-8.55
EFT:-13.16,19.27,1.771,-6.51,-1.384,-9.516,-0.939,1.718,-0.1694,-8.55
Random87
Raw:-13.16,19.22,1.758,-6.508,-1.398,-9.5,-0.954,1.716,-0.168,-8.54
EFT:-13.16,19.27,1.771,-6.51,-1.384,-9.516,-0.939,1.718,-0.1694,-8.55
Random88
Raw:-13.12,19.25,1.782,-6.5,-1.367,-9.5,-0.935,1.722,-0.1758,-8.52
EFT:-13.16,19.27,1.771,-6.51,-1.384,-9.516,-0.939,1.718,-0.1694,-8.55
Random89
Raw:-13.16,19.27,1.769,-6.51,-1.382,-9.516,-0.949,1.724,-0.1719,-8.54
EFT:-13.16,19.27,1.771,-6.51,-1.384,-9.516,-0.939,1.718,-0.1694,-8.55
Random90
Raw:-13.164,19.25,1.763,-6.52,-1.388,-9.516,-0.9604,1.714,-0.167,-8.54
EFT:-13.16,19.27,1.771,-6.51,-1.384,-9.516,-0.939,1.718,-0.1694,-8.55
Random91
Raw:-13.16,19.25,1.767,-6.51,-1.383,-9.516,-0.956,1.72,-0.1797,-8.55
EFT:-13.16,19.27,1.771,-6.51,-1.384,-9.516,-0.939,1.718,-0.1694,-8.55
Random92
Raw:-13.13,19.23,1.763,-6.5,-1.385,-9.5,-0.9434,1.714,-0.1709,-8.53
EFT:-13.16,19.27,1.771,-6.51,-1.384,-9.516,-0.939,1.718,-0.1694,-8.55
Random93
Raw:-13.14,19.27,1.788,-6.508,-1.35,-9.51,-0.9404,1.724,-0.1738,-8.52
EFT:-13.16,19.27,1.771,-6.51,-1.384,-9.516,-0.939,1.718,-0.1694,-8.55
Random94
Raw:-13.15,19.27,1.78,-6.51,-1.365,-9.516,-0.9414,1.72,-0.1685,-8.52
EFT:-13.16,19.27,1.771,-6.51,-1.384,-9.516,-0.939,1.718,-0.1694,-8.55
Random95
Raw:-13.16,19.27,1.778,-6.504,-1.375,-9.51,-0.9355,1.712,-0.1665,-8.54
EFT:-13.16,19.27,1.771,-6.51,-1.384,-9.516,-0.939,1.718,-0.1694,-8.55
Random96
Raw:-13.14,19.23,1.7705,-6.51,-1.39,-9.5,-0.9434,1.72,-0.168,-8.53
EFT:-13.16,19.27,1.771,-6.51,-1.384,-9.516,-0.939,1.718,-0.1694,-8.55
Random97
Raw:-13.16,19.27,1.775,-6.504,-1.387,-9.516,-0.9365,1.716,-0.1621,-8.54
EFT:-13.16,19.27,1.771,-6.51,-1.384,-9.516,-0.939,1.718,-0.1694,-8.55
Random98
Raw:-13.15,19.22,1.77,-6.508,-1.387,-9.51,-0.9463,1.714,-0.1665,-8.53
EFT:-13.16,19.27,1.771,-6.51,-1.384,-9.516,-0.939,1.718,-0.1694,-8.55
Random99
Raw:-13.16,19.27,1.772,-6.51,-1.374,-9.51,-0.9316,1.718,-0.1611,-8.55
EFT:-13.16,19.27,1.771,-6.51,-1.384,-9.516,-0.939,1.718,-0.1694,-8.55
Random100
Raw:-13.13,19.27,1.778,-6.496,-1.375,-9.49,-0.923,1.716,-0.1694,-8.53
EFT:-13.16,19.27,1.771,-6.51,-1.384,-9.516,-0.939,1.718,-0.1694,-8.55
Random101
Raw:-13.164,19.27,1.778,-6.504,-1.375,-9.516,-0.9375,1.72,-0.1699,-8.54
EFT:-13.16,19.27,1.771,-6.51,-1.384,-9.516,-0.939,1.718,-0.1694,-8.55
Random102
Raw:-13.15,19.25,1.775,-6.508,-1.382,-9.5,-0.9473,1.712,-0.1709,-8.53
EFT:-13.16,19.27,1.771,-6.51,-1.384,-9.516,-0.939,1.718,-0.1694,-8.55
Random103
Raw:-13.17,19.28,1.7705,-6.52,-1.387,-9.52,-0.948,1.72,-0.1748,-8.54
EFT:-13.16,19.27,1.771,-6.51,-1.384,-9.516,-0.939,1.718,-0.1694,-8.55
Random104
Raw:-13.17,19.28,1.769,-6.51,-1.3955,-9.52,-0.9395,1.71,-0.1719,-8.555
EFT:-13.16,19.27,1.771,-6.51,-1.384,-9.516,-0.939,1.718,-0.1694,-8.55
Random105
Raw:-13.15,19.25,1.771,-6.508,-1.395,-9.51,-0.9414,1.712,-0.1631,-8.54
EFT:-13.16,19.27,1.771,-6.51,-1.384,-9.516,-0.939,1.718,-0.1694,-8.55
Random106
Raw:-13.14,19.27,1.768,-6.516,-1.387,-9.516,-0.9473,1.72,-0.1685,-8.54
EFT:-13.16,19.27,1.771,-6.51,-1.384,-9.516,-0.939,1.718,-0.1694,-8.55
Random107
Raw:-13.16,19.27,1.772,-6.51,-1.372,-9.51,-0.951,1.72,-0.1704,-8.53
EFT:-13.16,19.27,1.771,-6.51,-1.384,-9.516,-0.939,1.718,-0.1694,-8.55
Random108
Raw:-13.13,19.25,1.774,-6.5,-1.38,-9.5,-0.9316,1.712,-0.1641,-8.53
EFT:-13.16,19.27,1.771,-6.51,-1.384,-9.516,-0.939,1.718,-0.1694,-8.55
Random109
Raw:-13.16,19.25,1.7705,-6.516,-1.383,-9.51,-0.949,1.718,-0.1621,-8.54
EFT:-13.16,19.27,1.771,-6.51,-1.384,-9.516,-0.939,1.718,-0.1694,-8.55
Random110
Raw:-13.16,19.27,1.774,-6.504,-1.371,-9.51,-0.9424,1.72,-0.168,-8.52
EFT:-13.16,19.27,1.771,-6.51,-1.384,-9.516,-0.939,1.718,-0.1694,-8.55
Random111
Raw:-13.13,19.27,1.776,-6.504,-1.372,-9.5,-0.9375,1.724,-0.1719,-8.53
EFT:-13.16,19.27,1.771,-6.51,-1.384,-9.516,-0.939,1.718,-0.1694,-8.55
Random112
Raw:-13.14,19.27,1.777,-6.51,-1.365,-9.51,-0.944,1.718,-0.1694,-8.52
EFT:-13.16,19.27,1.771,-6.51,-1.384,-9.516,-0.939,1.718,-0.1694,-8.55
Random113
Raw:-13.15,19.28,1.784,-6.5,-1.369,-9.516,-0.9297,1.724,-0.1792,-8.54
EFT:-13.16,19.27,1.771,-6.51,-1.384,-9.516,-0.939,1.718,-0.1694,-8.55
Random114
Raw:-13.15,19.23,1.773,-6.492,-1.383,-9.5,-0.927,1.706,-0.1592,-8.52
EFT:-13.16,19.27,1.771,-6.51,-1.384,-9.516,-0.939,1.718,-0.1694,-8.55
Random115
Raw:-13.16,19.23,1.769,-6.496,-1.385,-9.5,-0.932,1.71,-0.1548,-8.52
EFT:-13.16,19.27,1.771,-6.51,-1.384,-9.516,-0.939,1.718,-0.1694,-8.55
Random116
Raw:-13.15,19.27,1.776,-6.51,-1.381,-9.516,-0.9307,1.718,-0.1699,-8.55
EFT:-13.16,19.27,1.771,-6.51,-1.384,-9.516,-0.939,1.718,-0.1694,-8.55
Random117
Raw:-13.18,19.3,1.774,-6.53,-1.391,-9.53,-0.9385,1.724,-0.1763,-8.55
EFT:-13.16,19.27,1.771,-6.51,-1.384,-9.516,-0.939,1.718,-0.1694,-8.55
Random118
Raw:-13.125,19.25,1.778,-6.496,-1.372,-9.49,-0.9253,1.718,-0.168,-8.516
EFT:-13.16,19.27,1.771,-6.51,-1.384,-9.516,-0.939,1.718,-0.1694,-8.55
Random119
Raw:-13.15,19.28,1.786,-6.504,-1.367,-9.5,-0.9326,1.7295,-0.1724,-8.52
EFT:-13.16,19.27,1.771,-6.51,-1.384,-9.516,-0.939,1.718,-0.1694,-8.55
Random120
Raw:-13.164,19.23,1.752,-6.52,-1.4,-9.516,-0.963,1.716,-0.1631,-8.55
EFT:-13.16,19.27,1.771,-6.51,-1.384,-9.516,-0.939,1.718,-0.1694,-8.55
Random121
Raw:-13.164,19.27,1.767,-6.516,-1.398,-9.52,-0.9434,1.714,-0.1621,-8.54
EFT:-13.16,19.27,1.771,-6.51,-1.384,-9.516,-0.939,1.718,-0.1694,-8.55
Random122
Raw:-13.19,19.3,1.774,-6.523,-1.391,-9.53,-0.9346,1.71,-0.1646,-8.55
EFT:-13.16,19.27,1.771,-6.51,-1.384,-9.516,-0.939,1.718,-0.1694,-8.55
Random123
Raw:-13.14,19.25,1.783,-6.5,-1.374,-9.5,-0.9434,1.716,-0.1724,-8.516
EFT:-13.16,19.27,1.771,-6.51,-1.384,-9.516,-0.939,1.718,-0.1694,-8.55
Random124
Raw:-13.15,19.23,1.7705,-6.51,-1.391,-9.51,-0.951,1.712,-0.1699,-8.52
EFT:-13.16,19.27,1.771,-6.51,-1.384,-9.516,-0.939,1.718,-0.1694,-8.55
Random125
Raw:-13.17,19.28,1.769,-6.516,-1.397,-9.516,-0.9346,1.714,-0.1665,-8.57
EFT:-13.16,19.27,1.771,-6.51,-1.384,-9.516,-0.939,1.718,-0.1694,-8.55
Random126
Raw:-13.164,19.28,1.765,-6.52,-1.41,-9.52,-0.9395,1.712,-0.1709,-8.555
EFT:-13.16,19.27,1.771,-6.51,-1.384,-9.516,-0.939,1.718,-0.1694,-8.55
Random127
Raw:-13.15,19.23,1.767,-6.504,-1.398,-9.5,-0.9414,1.71,-0.1685,-8.53
EFT:-13.16,19.27,1.771,-6.51,-1.384,-9.516,-0.939,1.718,-0.1694,-8.55
Random128
Raw:-13.16,19.25,1.767,-6.508,-1.398,-9.516,-0.9473,1.708,-0.166,-8.555
EFT:-13.16,19.27,1.771,-6.51,-1.384,-9.516,-0.939,1.718,-0.1694,-8.55
Random129
Raw:-13.13,19.27,1.78,-6.5,-1.367,-9.5,-0.9434,1.724,-0.1685,-8.52
EFT:-13.16,19.27,1.771,-6.51,-1.384,-9.516,-0.939,1.718,-0.1694,-8.55
Random130
Raw:-13.16,19.28,1.777,-6.51,-1.383,-9.516,-0.938,1.722,-0.1729,-8.55
EFT:-13.16,19.27,1.771,-6.51,-1.384,-9.516,-0.939,1.718,-0.1694,-8.55
Random131
Raw:-13.15,19.28,1.778,-6.508,-1.376,-9.51,-0.9424,1.726,-0.1748,-8.54
EFT:-13.16,19.27,1.771,-6.51,-1.384,-9.516,-0.939,1.718,-0.1694,-8.55
Random132
Raw:-13.164,19.25,1.772,-6.51,-1.387,-9.51,-0.95,1.714,-0.168,-8.54
EFT:-13.16,19.27,1.771,-6.51,-1.384,-9.516,-0.939,1.718,-0.1694,-8.55
Random133
Raw:-13.13,19.27,1.782,-6.5,-1.359,-9.5,-0.9355,1.724,-0.1699,-8.52
EFT:-13.16,19.27,1.771,-6.51,-1.384,-9.516,-0.939,1.718,-0.1694,-8.55
Random134
Raw:-13.16,19.27,1.772,-6.51,-1.385,-9.516,-0.9395,1.708,-0.167,-8.53
EFT:-13.16,19.27,1.771,-6.51,-1.384,-9.516,-0.939,1.718,-0.1694,-8.55
Random135
Raw:-13.13,19.25,1.776,-6.5,-1.367,-9.5,-0.9395,1.716,-0.168,-8.516
EFT:-13.16,19.27,1.771,-6.51,-1.384,-9.516,-0.939,1.718,-0.1694,-8.55
Random136
Raw:-13.15,19.28,1.774,-6.527,-1.386,-9.52,-0.9434,1.728,-0.1777,-8.54
EFT:-13.16,19.27,1.771,-6.51,-1.384,-9.516,-0.939,1.718,-0.1694,-8.55
Random137
Raw:-13.14,19.23,1.7705,-6.508,-1.376,-9.5,-0.9473,1.72,-0.1699,-8.53
EFT:-13.16,19.27,1.771,-6.51,-1.384,-9.516,-0.939,1.718,-0.1694,-8.55
Random138
Raw:-13.16,19.25,1.775,-6.51,-1.388,-9.51,-0.9365,1.714,-0.1699,-8.55
EFT:-13.16,19.27,1.771,-6.51,-1.384,-9.516,-0.939,1.718,-0.1694,-8.55
Random139
Raw:-13.15,19.28,1.776,-6.51,-1.383,-9.516,-0.927,1.718,-0.1699,-8.54
EFT:-13.16,19.27,1.771,-6.51,-1.384,-9.516,-0.939,1.718,-0.1694,-8.55
Random140
Raw:-13.16,19.27,1.774,-6.516,-1.374,-9.51,-0.9453,1.72,-0.1675,-8.53
EFT:-13.16,19.27,1.771,-6.51,-1.384,-9.516,-0.939,1.718,-0.1694,-8.55
Random141
Raw:-13.16,19.27,1.772,-6.516,-1.381,-9.51,-0.9355,1.716,-0.1641,-8.54
EFT:-13.16,19.27,1.771,-6.51,-1.384,-9.516,-0.939,1.718,-0.1694,-8.55
Random142
Raw:-13.18,19.31,1.782,-6.516,-1.383,-9.54,-0.952,1.724,-0.1733,-8.55
EFT:-13.16,19.27,1.771,-6.51,-1.384,-9.516,-0.939,1.718,-0.1694,-8.55
Random143
Raw:-13.13,19.27,1.779,-6.51,-1.361,-9.51,-0.953,1.72,-0.1719,-8.52
EFT:-13.16,19.27,1.771,-6.51,-1.384,-9.516,-0.939,1.718,-0.1694,-8.55
Random144
Raw:-13.13,19.25,1.772,-6.51,-1.367,-9.5,-0.9463,1.724,-0.1738,-8.516
EFT:-13.16,19.27,1.771,-6.51,-1.384,-9.516,-0.939,1.718,-0.1694,-8.55
Random145
Raw:-13.14,19.25,1.78,-6.496,-1.368,-9.49,-0.9277,1.714,-0.169,-8.516
EFT:-13.16,19.27,1.771,-6.51,-1.384,-9.516,-0.939,1.718,-0.1694,-8.55
Random146
Raw:-13.15,19.25,1.78,-6.508,-1.373,-9.51,-0.9473,1.72,-0.1753,-8.53
EFT:-13.16,19.27,1.771,-6.51,-1.384,-9.516,-0.939,1.718,-0.1694,-8.55
Random147
Raw:-13.18,19.28,1.769,-6.52,-1.391,-9.52,-0.951,1.72,-0.1777,-8.55
EFT:-13.16,19.27,1.771,-6.51,-1.384,-9.516,-0.939,1.718,-0.1694,-8.55
Random148
Raw:-13.13,19.25,1.777,-6.504,-1.37,-9.5,-0.9414,1.726,-0.1729,-8.52
EFT:-13.16,19.27,1.771,-6.51,-1.384,-9.516,-0.939,1.718,-0.1694,-8.55
Random149
Raw:-13.13,19.25,1.775,-6.51,-1.361,-9.5,-0.951,1.728,-0.1768,-8.516
EFT:-13.16,19.27,1.771,-6.51,-1.384,-9.516,-0.939,1.718,-0.1694,-8.55
Random150
Raw:-13.164,19.25,1.777,-6.508,-1.371,-9.5,-0.9336,1.728,-0.168,-8.54
EFT:-13.16,19.27,1.771,-6.51,-1.384,-9.516,-0.939,1.718,-0.1694,-8.55
Random151
Raw:-13.19,19.27,1.763,-6.535,-1.3955,-9.53,-0.963,1.724,-0.166,-8.55
EFT:-13.16,19.27,1.771,-6.51,-1.384,-9.516,-0.939,1.718,-0.1694,-8.55
Random152
Raw:-13.18,19.3,1.774,-6.516,-1.391,-9.52,-0.9365,1.722,-0.1719,-8.555
EFT:-13.16,19.27,1.771,-6.51,-1.384,-9.516,-0.939,1.718,-0.1694,-8.55
Random153
Raw:-13.13,19.25,1.774,-6.5,-1.367,-9.5,-0.9395,1.726,-0.1748,-8.516
EFT:-13.16,19.27,1.771,-6.51,-1.384,-9.516,-0.939,1.718,-0.1694,-8.55
Random154
Raw:-13.17,19.28,1.774,-6.516,-1.387,-9.52,-0.9355,1.72,-0.168,-8.55
EFT:-13.16,19.27,1.771,-6.51,-1.384,-9.516,-0.939,1.718,-0.1694,-8.55
Random155
Raw:-13.164,19.23,1.761,-6.51,-1.383,-9.51,-0.949,1.714,-0.1641,-8.55
EFT:-13.16,19.27,1.771,-6.51,-1.384,-9.516,-0.939,1.718,-0.1694,-8.55
Random156
Raw:-13.16,19.3,1.788,-6.508,-1.371,-9.516,-0.9316,1.72,-0.1719,-8.53
EFT:-13.16,19.27,1.771,-6.51,-1.384,-9.516,-0.939,1.718,-0.1694,-8.55
Random157
Raw:-13.16,19.25,1.767,-6.516,-1.395,-9.52,-0.9395,1.716,-0.166,-8.55
EFT:-13.16,19.27,1.771,-6.51,-1.384,-9.516,-0.939,1.718,-0.1694,-8.55
Random158
Raw:-13.14,19.23,1.771,-6.504,-1.385,-9.5,-0.9385,1.712,-0.1699,-8.53
EFT:-13.16,19.27,1.771,-6.51,-1.384,-9.516,-0.939,1.718,-0.1694,-8.55
Random159
Raw:-13.164,19.28,1.779,-6.51,-1.39,-9.516,-0.9424,1.718,-0.1748,-8.55
EFT:-13.16,19.27,1.771,-6.51,-1.384,-9.516,-0.939,1.718,-0.1694,-8.55
Random160
Raw:-13.17,19.25,1.762,-6.508,-1.402,-9.52,-0.951,1.706,-0.1631,-8.555
EFT:-13.16,19.27,1.771,-6.51,-1.384,-9.516,-0.939,1.718,-0.1694,-8.55
Random161
Raw:-13.164,19.25,1.765,-6.516,-1.398,-9.52,-0.9395,1.706,-0.1626,-8.555
EFT:-13.16,19.27,1.771,-6.51,-1.384,-9.516,-0.939,1.718,-0.1694,-8.55
Random162
Raw:-13.18,19.27,1.767,-6.52,-1.383,-9.52,-0.952,1.722,-0.1709,-8.54
EFT:-13.16,19.27,1.771,-6.51,-1.384,-9.516,-0.939,1.718,-0.1694,-8.55
Random163
Raw:-13.15,19.23,1.765,-6.504,-1.406,-9.51,-0.9404,1.704,-0.1636,-8.55
EFT:-13.16,19.27,1.771,-6.51,-1.384,-9.516,-0.939,1.718,-0.1694,-8.55
Random164
Raw:-13.17,19.3,1.778,-6.516,-1.387,-9.53,-0.9287,1.716,-0.1719,-8.555
EFT:-13.16,19.27,1.771,-6.51,-1.384,-9.516,-0.939,1.718,-0.1694,-8.55
Random165
Raw:-13.15,19.28,1.774,-6.51,-1.372,-9.516,-0.9434,1.728,-0.1733,-8.53
EFT:-13.16,19.27,1.771,-6.51,-1.384,-9.516,-0.939,1.718,-0.1694,-8.55
Random166
Raw:-13.17,19.3,1.783,-6.516,-1.385,-9.516,-0.924,1.722,-0.1665,-8.54
EFT:-13.16,19.27,1.771,-6.51,-1.384,-9.516,-0.939,1.718,-0.1694,-8.55
Random167
Raw:-13.15,19.28,1.782,-6.508,-1.359,-9.51,-0.9434,1.722,-0.1758,-8.53
EFT:-13.16,19.27,1.771,-6.51,-1.384,-9.516,-0.939,1.718,-0.1694,-8.55
Random168
Raw:-13.16,19.27,1.771,-6.51,-1.378,-9.516,-0.9434,1.72,-0.165,-8.54
EFT:-13.16,19.27,1.771,-6.51,-1.384,-9.516,-0.939,1.718,-0.1694,-8.55
Random169
Raw:-13.14,19.27,1.7705,-6.516,-1.384,-9.516,-0.9395,1.72,-0.1777,-8.54
EFT:-13.16,19.27,1.771,-6.51,-1.384,-9.516,-0.939,1.718,-0.1694,-8.55
Random170
Raw:-13.18,19.3,1.776,-6.523,-1.38,-9.52,-0.9385,1.728,-0.1787,-8.54
EFT:-13.16,19.27,1.771,-6.51,-1.384,-9.516,-0.939,1.718,-0.1694,-8.55
Random171
Raw:-13.14,19.22,1.7705,-6.5,-1.383,-9.5,-0.9434,1.714,-0.1738,-8.52
EFT:-13.16,19.27,1.771,-6.51,-1.384,-9.516,-0.939,1.718,-0.1694,-8.55
Random172
Raw:-13.15,19.25,1.776,-6.5,-1.385,-9.5,-0.9395,1.72,-0.1729,-8.52
EFT:-13.16,19.27,1.771,-6.51,-1.384,-9.516,-0.939,1.718,-0.1694,-8.55
Random173
Raw:-13.16,19.3,1.786,-6.516,-1.367,-9.516,-0.9404,1.722,-0.1719,-8.52
EFT:-13.16,19.27,1.771,-6.51,-1.384,-9.516,-0.939,1.718,-0.1694,-8.55
Random174
Raw:-13.16,19.27,1.772,-6.508,-1.382,-9.51,-0.9336,1.724,-0.1646,-8.555
EFT:-13.16,19.27,1.771,-6.51,-1.384,-9.516,-0.939,1.718,-0.1694,-8.55
Random175
Raw:-13.15,19.27,1.777,-6.508,-1.371,-9.51,-0.9355,1.718,-0.1685,-8.53
EFT:-13.16,19.27,1.771,-6.51,-1.384,-9.516,-0.939,1.718,-0.1694,-8.55
Random176
Raw:-13.16,19.27,1.778,-6.51,-1.367,-9.51,-0.9385,1.722,-0.1685,-8.53
EFT:-13.16,19.27,1.771,-6.51,-1.384,-9.516,-0.939,1.718,-0.1694,-8.55
Random177
Raw:-13.14,19.25,1.774,-6.504,-1.378,-9.5,-0.9453,1.718,-0.1738,-8.52
EFT:-13.16,19.27,1.771,-6.51,-1.384,-9.516,-0.939,1.718,-0.1694,-8.55
Random178
Raw:-13.17,19.27,1.767,-6.52,-1.402,-9.52,-0.95,1.718,-0.1675,-8.555
EFT:-13.16,19.27,1.771,-6.51,-1.384,-9.516,-0.939,1.718,-0.1694,-8.55
Random179
Raw:-13.13,19.25,1.788,-6.504,-1.376,-9.5,-0.9277,1.712,-0.1724,-8.52
EFT:-13.16,19.27,1.771,-6.51,-1.384,-9.516,-0.939,1.718,-0.1694,-8.55
Random180
Raw:-13.125,19.22,1.773,-6.508,-1.37,-9.5,-0.9434,1.716,-0.168,-8.516
EFT:-13.16,19.27,1.771,-6.51,-1.384,-9.516,-0.939,1.718,-0.1694,-8.55
Random181
Raw:-13.14,19.25,1.778,-6.49,-1.375,-9.49,-0.918,1.716,-0.165,-8.53
EFT:-13.16,19.27,1.771,-6.51,-1.384,-9.516,-0.939,1.718,-0.1694,-8.55
Random182
Raw:-13.15,19.23,1.761,-6.51,-1.3955,-9.51,-0.958,1.72,-0.169,-8.52
EFT:-13.16,19.27,1.771,-6.51,-1.384,-9.516,-0.939,1.718,-0.1694,-8.55
Random183
Raw:-13.16,19.25,1.7705,-6.51,-1.387,-9.51,-0.946,1.71,-0.1738,-8.55
EFT:-13.16,19.27,1.771,-6.51,-1.384,-9.516,-0.939,1.718,-0.1694,-8.55
Random184
Raw:-13.14,19.25,1.778,-6.508,-1.365,-9.5,-0.9355,1.72,-0.167,-8.516
EFT:-13.16,19.27,1.771,-6.51,-1.384,-9.516,-0.939,1.718,-0.1694,-8.55
Random185
Raw:-13.19,19.28,1.767,-6.527,-1.408,-9.53,-0.9307,1.716,-0.1616,-8.56
EFT:-13.16,19.27,1.771,-6.51,-1.384,-9.516,-0.939,1.718,-0.1694,-8.55
Random186
Raw:-13.14,19.27,1.784,-6.51,-1.361,-9.51,-0.9316,1.722,-0.1699,-8.52
EFT:-13.16,19.27,1.771,-6.51,-1.384,-9.516,-0.939,1.718,-0.1694,-8.55
Random187
Raw:-13.164,19.25,1.7705,-6.51,-1.389,-9.516,-0.951,1.718,-0.1709,-8.555
EFT:-13.16,19.27,1.771,-6.51,-1.384,-9.516,-0.939,1.718,-0.1694,-8.55
Random188
Raw:-13.14,19.25,1.781,-6.504,-1.377,-9.5,-0.9277,1.718,-0.168,-8.52
EFT:-13.16,19.27,1.771,-6.51,-1.384,-9.516,-0.939,1.718,-0.1694,-8.55
Random189
Raw:-13.15,19.27,1.774,-6.516,-1.377,-9.51,-0.9443,1.716,-0.1685,-8.54
EFT:-13.16,19.27,1.771,-6.51,-1.384,-9.516,-0.939,1.718,-0.1694,-8.55
Random190
Raw:-13.18,19.28,1.767,-6.52,-1.399,-9.53,-0.9443,1.716,-0.1719,-8.555
EFT:-13.16,19.27,1.771,-6.51,-1.384,-9.516,-0.939,1.718,-0.1694,-8.55
Random191
Raw:-13.15,19.28,1.7705,-6.52,-1.381,-9.51,-0.9346,1.72,-0.169,-8.55
EFT:-13.16,19.27,1.771,-6.51,-1.384,-9.516,-0.939,1.718,-0.1694,-8.55
Random192
Raw:-13.16,19.23,1.765,-6.51,-1.385,-9.51,-0.9414,1.716,-0.1641,-8.55
EFT:-13.16,19.27,1.771,-6.51,-1.384,-9.516,-0.939,1.718,-0.1694,-8.55
Random193
Raw:-13.14,19.25,1.773,-6.51,-1.385,-9.51,-0.9365,1.712,-0.1675,-8.54
EFT:-13.16,19.27,1.771,-6.51,-1.384,-9.516,-0.939,1.718,-0.1694,-8.55
Random194
Raw:-13.14,19.25,1.7705,-6.51,-1.395,-9.5,-0.9316,1.708,-0.1602,-8.54
EFT:-13.16,19.27,1.771,-6.51,-1.384,-9.516,-0.939,1.718,-0.1694,-8.55
Random195
Raw:-13.15,19.25,1.768,-6.52,-1.391,-9.51,-0.951,1.716,-0.1636,-8.55
EFT:-13.16,19.27,1.771,-6.51,-1.384,-9.516,-0.939,1.718,-0.1694,-8.55
Random196
Raw:-13.14,19.23,1.766,-6.508,-1.384,-9.5,-0.954,1.72,-0.169,-8.52
EFT:-13.16,19.27,1.771,-6.51,-1.384,-9.516,-0.939,1.718,-0.1694,-8.55
Random197
Raw:-13.19,19.3,1.773,-6.516,-1.383,-9.53,-0.9443,1.726,-0.1709,-8.555
EFT:-13.16,19.27,1.771,-6.51,-1.384,-9.516,-0.939,1.718,-0.1694,-8.55
Random198
Raw:-13.164,19.25,1.769,-6.51,-1.391,-9.51,-0.9473,1.714,-0.166,-8.55
EFT:-13.16,19.27,1.771,-6.51,-1.384,-9.516,-0.939,1.718,-0.1694,-8.55
Random199
Raw:-13.164,19.25,1.767,-6.51,-1.383,-9.51,-0.9395,1.716,-0.167,-8.55
EFT:-13.16,19.27,1.771,-6.51,-1.384,-9.516,-0.939,1.718,-0.1694,-8.55
Random200
Raw:-13.16,19.27,1.783,-6.504,-1.373,-9.51,-0.9326,1.718,-0.168,-8.53
EFT:-13.16,19.27,1.771,-6.51,-1.384,-9.516,-0.939,1.718,-0.1694,-8.55
Random201
Raw:-13.16,19.22,1.76,-6.51,-1.393,-9.5,-0.948,1.706,-0.1631,-8.54
EFT:-13.16,19.27,1.771,-6.51,-1.384,-9.516,-0.939,1.718,-0.1694,-8.55
Random202
Raw:-13.16,19.27,1.774,-6.52,-1.383,-9.516,-0.9434,1.722,-0.1699,-8.55
EFT:-13.16,19.27,1.771,-6.51,-1.384,-9.516,-0.939,1.718,-0.1694,-8.55
Random203
Raw:-13.16,19.22,1.761,-6.504,-1.383,-9.5,-0.949,1.708,-0.1655,-8.52
EFT:-13.16,19.27,1.771,-6.51,-1.384,-9.516,-0.939,1.718,-0.1694,-8.55
Random204
Raw:-13.17,19.28,1.7705,-6.516,-1.388,-9.52,-0.9473,1.72,-0.1777,-8.55
EFT:-13.16,19.27,1.771,-6.51,-1.384,-9.516,-0.939,1.718,-0.1694,-8.55
Random205
Raw:-13.15,19.23,1.767,-6.51,-1.387,-9.5,-0.9507,1.718,-0.1621,-8.53
EFT:-13.16,19.27,1.771,-6.51,-1.384,-9.516,-0.939,1.718,-0.1694,-8.55
Random206
Raw:-13.16,19.25,1.774,-6.51,-1.38,-9.51,-0.9395,1.72,-0.1655,-8.54
EFT:-13.16,19.27,1.771,-6.51,-1.384,-9.516,-0.939,1.718,-0.1694,-8.55
Random207
Raw:-13.16,19.25,1.761,-6.516,-1.3955,-9.52,-0.948,1.712,-0.165,-8.555
EFT:-13.16,19.27,1.771,-6.51,-1.384,-9.516,-0.939,1.718,-0.1694,-8.55
Random208
Raw:-13.16,19.27,1.767,-6.51,-1.391,-9.52,-0.9395,1.708,-0.1641,-8.555
EFT:-13.16,19.27,1.771,-6.51,-1.384,-9.516,-0.939,1.718,-0.1694,-8.55
Random209
Raw:-13.15,19.25,1.772,-6.5,-1.387,-9.51,-0.9307,1.712,-0.1621,-8.54
EFT:-13.16,19.27,1.771,-6.51,-1.384,-9.516,-0.939,1.718,-0.1694,-8.55
Random210
Raw:-13.16,19.28,1.78,-6.504,-1.367,-9.516,-0.9243,1.72,-0.1699,-8.53
EFT:-13.16,19.27,1.771,-6.51,-1.384,-9.516,-0.939,1.718,-0.1694,-8.55
Random211
Raw:-13.13,19.25,1.778,-6.51,-1.371,-9.51,-0.948,1.716,-0.1714,-8.53
EFT:-13.16,19.27,1.771,-6.51,-1.384,-9.516,-0.939,1.718,-0.1694,-8.55
Random212
Raw:-13.18,19.27,1.767,-6.52,-1.406,-9.53,-0.9434,1.712,-0.169,-8.55
EFT:-13.16,19.27,1.771,-6.51,-1.384,-9.516,-0.939,1.718,-0.1694,-8.55
Random213
Raw:-13.14,19.25,1.778,-6.496,-1.367,-9.49,-0.924,1.716,-0.1699,-8.52
EFT:-13.16,19.27,1.771,-6.51,-1.384,-9.516,-0.939,1.718,-0.1694,-8.55
Random214
Raw:-13.15,19.27,1.784,-6.51,-1.361,-9.5,-0.9395,1.728,-0.1738,-8.52
EFT:-13.16,19.27,1.771,-6.51,-1.384,-9.516,-0.939,1.718,-0.1694,-8.55
Random215
Raw:-13.15,19.28,1.778,-6.504,-1.383,-9.516,-0.9297,1.716,-0.169,-8.55
EFT:-13.16,19.27,1.771,-6.51,-1.384,-9.516,-0.939,1.718,-0.1694,-8.55
Random216
Raw:-13.15,19.27,1.772,-6.51,-1.379,-9.516,-0.9395,1.726,-0.1699,-8.55
EFT:-13.16,19.27,1.771,-6.51,-1.384,-9.516,-0.939,1.718,-0.1694,-8.55
Random217
Raw:-13.15,19.28,1.7705,-6.516,-1.383,-9.516,-0.9404,1.72,-0.1709,-8.54
EFT:-13.16,19.27,1.771,-6.51,-1.384,-9.516,-0.939,1.718,-0.1694,-8.55
Random218
Raw:-13.14,19.25,1.776,-6.496,-1.369,-9.49,-0.9434,1.714,-0.1812,-8.516
EFT:-13.16,19.27,1.771,-6.51,-1.384,-9.516,-0.939,1.718,-0.1694,-8.55
Random219
Raw:-13.14,19.25,1.778,-6.496,-1.376,-9.5,-0.924,1.72,-0.1675,-8.53
EFT:-13.16,19.27,1.771,-6.51,-1.384,-9.516,-0.939,1.718,-0.1694,-8.55
Random220
Raw:-13.14,19.23,1.771,-6.51,-1.371,-9.51,-0.9443,1.728,-0.169,-8.54
EFT:-13.16,19.27,1.771,-6.51,-1.384,-9.516,-0.939,1.718,-0.1694,-8.55
Random221
Raw:-13.13,19.27,1.776,-6.504,-1.363,-9.5,-0.931,1.72,-0.1709,-8.52
EFT:-13.16,19.27,1.771,-6.51,-1.384,-9.516,-0.939,1.718,-0.1694,-8.55
Random222
Raw:-13.125,19.28,1.788,-6.508,-1.351,-9.51,-0.9277,1.7295,-0.1714,-8.52
EFT:-13.16,19.27,1.771,-6.51,-1.384,-9.516,-0.939,1.718,-0.1694,-8.55
Random223
Raw:-13.164,19.3,1.772,-6.51,-1.379,-9.516,-0.9307,1.716,-0.1641,-8.54
EFT:-13.16,19.27,1.771,-6.51,-1.384,-9.516,-0.939,1.718,-0.1694,-8.55
Random224
Raw:-13.15,19.27,1.777,-6.51,-1.372,-9.51,-0.955,1.728,-0.1797,-8.53
EFT:-13.16,19.27,1.771,-6.51,-1.384,-9.516,-0.939,1.718,-0.1694,-8.55
Random225
Raw:-13.16,19.25,1.767,-6.508,-1.383,-9.516,-0.959,1.722,-0.1738,-8.55
EFT:-13.16,19.27,1.771,-6.51,-1.384,-9.516,-0.939,1.718,-0.1694,-8.55
Random226
Raw:-13.164,19.25,1.769,-6.51,-1.387,-9.516,-0.9375,1.714,-0.165,-8.55
EFT:-13.16,19.27,1.771,-6.51,-1.384,-9.516,-0.939,1.718,-0.1694,-8.55
Random227
Raw:-13.15,19.28,1.776,-6.51,-1.381,-9.516,-0.935,1.72,-0.1729,-8.54
EFT:-13.16,19.27,1.771,-6.51,-1.384,-9.516,-0.939,1.718,-0.1694,-8.55
Random228
Raw:-13.16,19.27,1.772,-6.51,-1.377,-9.51,-0.9473,1.722,-0.1748,-8.54
EFT:-13.16,19.27,1.771,-6.51,-1.384,-9.516,-0.939,1.718,-0.1694,-8.55
Random229
Raw:-13.17,19.3,1.768,-6.516,-1.396,-9.516,-0.9355,1.72,-0.168,-8.555
EFT:-13.16,19.27,1.771,-6.51,-1.384,-9.516,-0.939,1.718,-0.1694,-8.55
Random230
Raw:-13.13,19.25,1.774,-6.5,-1.383,-9.49,-0.935,1.716,-0.1685,-8.53
EFT:-13.16,19.27,1.771,-6.51,-1.384,-9.516,-0.939,1.718,-0.1694,-8.55
Random231
Raw:-13.14,19.25,1.778,-6.504,-1.367,-9.5,-0.9395,1.72,-0.1758,-8.52
EFT:-13.16,19.27,1.771,-6.51,-1.384,-9.516,-0.939,1.718,-0.1694,-8.55
Random232
Raw:-13.16,19.25,1.778,-6.51,-1.367,-9.51,-0.9375,1.722,-0.1675,-8.54
EFT:-13.16,19.27,1.771,-6.51,-1.384,-9.516,-0.939,1.718,-0.1694,-8.55
Random233
Raw:-13.15,19.28,1.774,-6.508,-1.376,-9.516,-0.9355,1.72,-0.1738,-8.54
EFT:-13.16,19.27,1.771,-6.51,-1.384,-9.516,-0.939,1.718,-0.1694,-8.55
Random234
Raw:-13.164,19.28,1.767,-6.51,-1.398,-9.52,-0.9404,1.714,-0.1699,-8.555
EFT:-13.16,19.27,1.771,-6.51,-1.384,-9.516,-0.939,1.718,-0.1694,-8.55
Random235
Raw:-13.16,19.27,1.777,-6.51,-1.377,-9.51,-0.9434,1.716,-0.168,-8.52
EFT:-13.16,19.27,1.771,-6.51,-1.384,-9.516,-0.939,1.718,-0.1694,-8.55
Random236
Raw:-13.14,19.25,1.772,-6.51,-1.383,-9.5,-0.9434,1.716,-0.1641,-8.52
EFT:-13.16,19.27,1.771,-6.51,-1.384,-9.516,-0.939,1.718,-0.1694,-8.55
Random237
Raw:-13.15,19.27,1.776,-6.51,-1.369,-9.51,-0.9404,1.724,-0.1748,-8.53
EFT:-13.16,19.27,1.771,-6.51,-1.384,-9.516,-0.939,1.718,-0.1694,-8.55
Random238
Raw:-13.15,19.28,1.778,-6.5,-1.375,-9.516,-0.9336,1.722,-0.168,-8.54
EFT:-13.16,19.27,1.771,-6.51,-1.384,-9.516,-0.939,1.718,-0.1694,-8.55
Random239
Raw:-13.14,19.25,1.7705,-6.496,-1.391,-9.5,-0.9277,1.708,-0.168,-8.54
EFT:-13.16,19.27,1.771,-6.51,-1.384,-9.516,-0.939,1.718,-0.1694,-8.55
Random240
Raw:-13.16,19.27,1.776,-6.504,-1.367,-9.5,-0.9355,1.718,-0.169,-8.54
EFT:-13.16,19.27,1.771,-6.51,-1.384,-9.516,-0.939,1.718,-0.1694,-8.55
Random241
Raw:-13.16,19.27,1.772,-6.504,-1.391,-9.516,-0.9316,1.712,-0.1719,-8.555
EFT:-13.16,19.27,1.771,-6.51,-1.384,-9.516,-0.939,1.718,-0.1694,-8.55
Random242
Raw:-13.17,19.28,1.782,-6.51,-1.383,-9.52,-0.9365,1.718,-0.1777,-8.54
EFT:-13.16,19.27,1.771,-6.51,-1.384,-9.516,-0.939,1.718,-0.1694,-8.55
Random243
Raw:-13.13,19.27,1.786,-6.504,-1.367,-9.5,-0.92,1.724,-0.1704,-8.53
EFT:-13.16,19.27,1.771,-6.51,-1.384,-9.516,-0.939,1.718,-0.1694,-8.55
Random244
Raw:-13.164,19.25,1.768,-6.504,-1.404,-9.516,-0.9395,1.712,-0.1675,-8.555
EFT:-13.16,19.27,1.771,-6.51,-1.384,-9.516,-0.939,1.718,-0.1694,-8.55
Random245
Raw:-13.164,19.25,1.763,-6.516,-1.389,-9.51,-0.9365,1.716,-0.1592,-8.55
EFT:-13.16,19.27,1.771,-6.51,-1.384,-9.516,-0.939,1.718,-0.1694,-8.55
Random246
Raw:-13.16,19.27,1.775,-6.516,-1.381,-9.51,-0.932,1.718,-0.1636,-8.54
EFT:-13.16,19.27,1.771,-6.51,-1.384,-9.516,-0.939,1.718,-0.1694,-8.55
Random247
Raw:-13.16,19.27,1.775,-6.51,-1.376,-9.51,-0.949,1.722,-0.1738,-8.53
EFT:-13.16,19.27,1.771,-6.51,-1.384,-9.516,-0.939,1.718,-0.1694,-8.55
Random248
Raw:-13.16,19.27,1.776,-6.51,-1.383,-9.51,-0.9414,1.716,-0.166,-8.54
EFT:-13.16,19.27,1.771,-6.51,-1.384,-9.516,-0.939,1.718,-0.1694,-8.55
Random249
Raw:-13.16,19.27,1.778,-6.51,-1.37,-9.516,-0.951,1.735,-0.1743,-8.53
EFT:-13.16,19.27,1.771,-6.51,-1.384,-9.516,-0.939,1.718,-0.1694,-8.55
Random250
Raw:-13.13,19.27,1.784,-6.492,-1.3545,-9.484,-0.923,1.728,-0.1665,-8.51
EFT:-13.16,19.27,1.771,-6.51,-1.384,-9.516,-0.939,1.718,-0.1694,-8.55
Random251
Raw:-13.164,19.27,1.7705,-6.51,-1.383,-9.52,-0.9473,1.72,-0.168,-8.54
EFT:-13.16,19.27,1.771,-6.51,-1.384,-9.516,-0.939,1.718,-0.1694,-8.55
Random252
Raw:-13.16,19.25,1.776,-6.51,-1.369,-9.51,-0.9463,1.72,-0.1729,-8.52
EFT:-13.16,19.27,1.771,-6.51,-1.384,-9.516,-0.939,1.718,-0.1694,-8.55
Random253
Raw:-13.16,19.25,1.774,-6.51,-1.377,-9.51,-0.941,1.718,-0.1719,-8.54
EFT:-13.16,19.27,1.771,-6.51,-1.384,-9.516,-0.939,1.718,-0.1694,-8.55
Random254
Raw:-13.15,19.25,1.774,-6.504,-1.383,-9.5,-0.943,1.716,-0.1699,-8.53
EFT:-13.16,19.27,1.771,-6.51,-1.384,-9.516,-0.939,1.718,-0.1694,-8.55
Random255
Raw:-13.16,19.25,1.773,-6.52,-1.376,-9.51,-0.9443,1.72,-0.1704,-8.53
EFT:-13.16,19.27,1.771,-6.51,-1.384,-9.516,-0.939,1.718,-0.1694,-8.55
Random256
Raw:-13.14,19.23,1.772,-6.504,-1.367,-9.5,-0.9434,1.722,-0.1719,-8.516
EFT:-13.16,19.27,1.771,-6.51,-1.384,-9.516,-0.939,1.718,-0.1694,-8.55
Random257
Raw:-13.16,19.27,1.776,-6.51,-1.375,-9.51,-0.9424,1.718,-0.1621,-8.54
EFT:-13.16,19.27,1.771,-6.51,-1.384,-9.516,-0.939,1.718,-0.1694,-8.55
Random258
Raw:-13.15,19.22,1.766,-6.516,-1.398,-9.51,-0.9453,1.708,-0.166,-8.55
EFT:-13.16,19.27,1.771,-6.51,-1.384,-9.516,-0.939,1.718,-0.1694,-8.55
Random259
Raw:-13.17,19.25,1.769,-6.51,-1.388,-9.516,-0.956,1.718,-0.168,-8.54
EFT:-13.16,19.27,1.771,-6.51,-1.384,-9.516,-0.939,1.718,-0.1694,-8.55
Random260
Raw:-13.164,19.25,1.767,-6.508,-1.395,-9.516,-0.962,1.716,-0.1748,-8.55
EFT:-13.16,19.27,1.771,-6.51,-1.384,-9.516,-0.939,1.718,-0.1694,-8.55
Random261
Raw:-13.13,19.27,1.774,-6.51,-1.378,-9.5,-0.9233,1.718,-0.167,-8.52
EFT:-13.16,19.27,1.771,-6.51,-1.384,-9.516,-0.939,1.718,-0.1694,-8.55
Random262
Raw:-13.15,19.23,1.774,-6.5,-1.382,-9.5,-0.9385,1.718,-0.1694,-8.52
EFT:-13.16,19.27,1.771,-6.51,-1.384,-9.516,-0.939,1.718,-0.1694,-8.55
Random263
Raw:-13.164,19.28,1.7705,-6.52,-1.384,-9.516,-0.9385,1.72,-0.1699,-8.55
EFT:-13.16,19.27,1.771,-6.51,-1.384,-9.516,-0.939,1.718,-0.1694,-8.55
Random264
Raw:-13.164,19.27,1.778,-6.504,-1.391,-9.516,-0.9395,1.71,-0.168,-8.55
EFT:-13.16,19.27,1.771,-6.51,-1.384,-9.516,-0.939,1.718,-0.1694,-8.55
Random265
Raw:-13.18,19.28,1.767,-6.527,-1.391,-9.53,-0.9365,1.722,-0.1694,-8.555
EFT:-13.16,19.27,1.771,-6.51,-1.384,-9.516,-0.939,1.718,-0.1694,-8.55
Random266
Raw:-13.195,19.27,1.761,-6.523,-1.418,-9.53,-0.9434,1.712,-0.1631,-8.57
EFT:-13.16,19.27,1.771,-6.51,-1.384,-9.516,-0.939,1.718,-0.1694,-8.55
Random267
Raw:-13.14,19.25,1.774,-6.5,-1.375,-9.5,-0.9346,1.722,-0.1743,-8.53
EFT:-13.16,19.27,1.771,-6.51,-1.384,-9.516,-0.939,1.718,-0.1694,-8.55
Random268
Raw:-13.15,19.27,1.774,-6.51,-1.377,-9.51,-0.9375,1.716,-0.1729,-8.54
EFT:-13.16,19.27,1.771,-6.51,-1.384,-9.516,-0.939,1.718,-0.1694,-8.55
Random269
Raw:-13.15,19.28,1.778,-6.51,-1.371,-9.516,-0.9453,1.726,-0.1777,-8.54
EFT:-13.16,19.27,1.771,-6.51,-1.384,-9.516,-0.939,1.718,-0.1694,-8.55
Random270
Raw:-13.15,19.27,1.774,-6.51,-1.375,-9.516,-0.9434,1.726,-0.1714,-8.55
EFT:-13.16,19.27,1.771,-6.51,-1.384,-9.516,-0.939,1.718,-0.1694,-8.55
Random271
Raw:-13.125,19.22,1.772,-6.504,-1.365,-9.5,-0.947,1.716,-0.1699,-8.51
EFT:-13.16,19.27,1.771,-6.51,-1.384,-9.516,-0.939,1.718,-0.1694,-8.55
Random272
Raw:-13.164,19.25,1.7705,-6.51,-1.388,-9.516,-0.9473,1.722,-0.1714,-8.55
EFT:-13.16,19.27,1.771,-6.51,-1.384,-9.516,-0.939,1.718,-0.1694,-8.55
Random273
Raw:-13.18,19.27,1.766,-6.52,-1.405,-9.52,-0.95,1.712,-0.1621,-8.555
EFT:-13.16,19.27,1.771,-6.51,-1.384,-9.516,-0.939,1.718,-0.1694,-8.55
Random274
Raw:-13.17,19.28,1.7705,-6.52,-1.391,-9.52,-0.951,1.72,-0.1709,-8.54
EFT:-13.16,19.27,1.771,-6.51,-1.384,-9.516,-0.939,1.718,-0.1694,-8.55
Random275
Raw:-13.15,19.28,1.784,-6.51,-1.368,-9.5,-0.9316,1.726,-0.1699,-8.52
EFT:-13.16,19.27,1.771,-6.51,-1.384,-9.516,-0.939,1.718,-0.1694,-8.55
Random276
Raw:-13.164,19.25,1.768,-6.51,-1.398,-9.516,-0.9434,1.712,-0.166,-8.555
EFT:-13.16,19.27,1.771,-6.51,-1.384,-9.516,-0.939,1.718,-0.1694,-8.55
Random277
Raw:-13.164,19.23,1.759,-6.52,-1.402,-9.516,-0.9473,1.71,-0.1611,-8.55
EFT:-13.16,19.27,1.771,-6.51,-1.384,-9.516,-0.939,1.718,-0.1694,-8.55
Random278
Raw:-13.15,19.28,1.778,-6.516,-1.368,-9.51,-0.9434,1.724,-0.169,-8.54
EFT:-13.16,19.27,1.771,-6.51,-1.384,-9.516,-0.939,1.718,-0.1694,-8.55
Random279
Raw:-13.18,19.28,1.7705,-6.527,-1.38,-9.53,-0.9478,1.724,-0.1738,-8.54
EFT:-13.16,19.27,1.771,-6.51,-1.384,-9.516,-0.939,1.718,-0.1694,-8.55
Random280
Raw:-13.15,19.23,1.765,-6.496,-1.383,-9.49,-0.9434,1.718,-0.1719,-8.53
EFT:-13.16,19.27,1.771,-6.51,-1.384,-9.516,-0.939,1.718,-0.1694,-8.55
Random281
Raw:-13.14,19.23,1.774,-6.5,-1.368,-9.49,-0.9346,1.718,-0.169,-8.516
EFT:-13.16,19.27,1.771,-6.51,-1.384,-9.516,-0.939,1.718,-0.1694,-8.55
Random282
Raw:-13.14,19.23,1.7705,-6.51,-1.387,-9.516,-0.9473,1.716,-0.168,-8.55
EFT:-13.16,19.27,1.771,-6.51,-1.384,-9.516,-0.939,1.718,-0.1694,-8.55
Random283
Raw:-13.14,19.25,1.776,-6.508,-1.37,-9.5,-0.951,1.722,-0.1792,-8.516
EFT:-13.16,19.27,1.771,-6.51,-1.384,-9.516,-0.939,1.718,-0.1694,-8.55
Random284
Raw:-13.12,19.25,1.78,-6.496,-1.36,-9.49,-0.9277,1.722,-0.168,-8.51
EFT:-13.16,19.27,1.771,-6.51,-1.384,-9.516,-0.939,1.718,-0.1694,-8.55
Random285
Raw:-13.14,19.25,1.775,-6.508,-1.398,-9.51,-0.9287,1.708,-0.166,-8.54
EFT:-13.16,19.27,1.771,-6.51,-1.384,-9.516,-0.939,1.718,-0.1694,-8.55
Random286
Raw:-13.13,19.23,1.7705,-6.504,-1.371,-9.5,-0.9473,1.731,-0.1733,-8.52
EFT:-13.16,19.27,1.771,-6.51,-1.384,-9.516,-0.939,1.718,-0.1694,-8.55
Random287
Raw:-13.15,19.25,1.766,-6.52,-1.373,-9.51,-0.958,1.724,-0.1753,-8.53
EFT:-13.16,19.27,1.771,-6.51,-1.384,-9.516,-0.939,1.718,-0.1694,-8.55
Random288
Raw:-13.15,19.25,1.772,-6.51,-1.38,-9.51,-0.9395,1.716,-0.1724,-8.55
EFT:-13.16,19.27,1.771,-6.51,-1.384,-9.516,-0.939,1.718,-0.1694,-8.55
Random289
Raw:-13.15,19.27,1.777,-6.508,-1.369,-9.51,-0.9473,1.731,-0.1724,-8.53
EFT:-13.16,19.27,1.771,-6.51,-1.384,-9.516,-0.939,1.718,-0.1694,-8.55
Random290
Raw:-13.16,19.25,1.771,-6.508,-1.378,-9.51,-0.9473,1.72,-0.1685,-8.53
EFT:-13.16,19.27,1.771,-6.51,-1.384,-9.516,-0.939,1.718,-0.1694,-8.55
Random291
Raw:-13.16,19.25,1.7705,-6.51,-1.391,-9.516,-0.9434,1.702,-0.167,-8.55
EFT:-13.16,19.27,1.771,-6.51,-1.384,-9.516,-0.939,1.718,-0.1694,-8.55
Random292
Raw:-13.16,19.27,1.769,-6.51,-1.3955,-9.516,-0.927,1.714,-0.1685,-8.555
EFT:-13.16,19.27,1.771,-6.51,-1.384,-9.516,-0.939,1.718,-0.1694,-8.55
Random293
Raw:-13.14,19.23,1.773,-6.504,-1.378,-9.51,-0.9463,1.712,-0.1675,-8.52
EFT:-13.16,19.27,1.771,-6.51,-1.384,-9.516,-0.939,1.718,-0.1694,-8.55
Random294
Raw:-13.14,19.25,1.774,-6.496,-1.374,-9.49,-0.9355,1.714,-0.166,-8.53
EFT:-13.16,19.27,1.771,-6.51,-1.384,-9.516,-0.939,1.718,-0.1694,-8.55
Random295
Raw:-13.12,19.25,1.78,-6.5,-1.359,-9.49,-0.9355,1.726,-0.1729,-8.516
EFT:-13.16,19.27,1.771,-6.51,-1.384,-9.516,-0.939,1.718,-0.1694,-8.55
Random296
Raw:-13.17,19.31,1.774,-6.52,-1.371,-9.53,-0.9473,1.728,-0.1763,-8.54
EFT:-13.16,19.27,1.771,-6.51,-1.384,-9.516,-0.939,1.718,-0.1694,-8.55
Random297
Raw:-13.16,19.27,1.774,-6.51,-1.372,-9.51,-0.939,1.716,-0.1699,-8.52
EFT:-13.16,19.27,1.771,-6.51,-1.384,-9.516,-0.939,1.718,-0.1694,-8.55
Random298
Raw:-13.14,19.25,1.777,-6.508,-1.387,-9.5,-0.9336,1.712,-0.165,-8.53
EFT:-13.16,19.27,1.771,-6.51,-1.384,-9.516,-0.939,1.718,-0.1694,-8.55
Random299
Raw:-13.15,19.23,1.77,-6.508,-1.392,-9.5,-0.9414,1.708,-0.165,-8.54
EFT:-13.16,19.27,1.771,-6.51,-1.384,-9.516,-0.939,1.718,-0.1694,-8.55
Random300
Raw:-13.14,19.23,1.769,-6.504,-1.37,-9.49,-0.9336,1.724,-0.165,-8.516
EFT:-13.16,19.27,1.771,-6.51,-1.384,-9.516,-0.939,1.718,-0.1694,-8.55
