Original
-25.79876614607165,-19.625532196524436,-13.636582010532756,9.756217181436574,-14.964007370996523,25.046497932158516,-13.532649723398576,-17.61587720562975,-2.773690549749735,6.997531923674635
Ascend
-25.798766146071657,-19.625532196524443,-13.636582010532761,9.756217181436574,-14.964007370996525,25.046497932158516,-13.53264972339858,-17.615877205629747,-2.7736905497497357,6.997531923674636
Descend
-25.798766146071653,-19.62553219652444,-13.63658201053276,9.756217181436575,-14.964007370996528,25.046497932158523,-13.532649723398574,-17.61587720562975,-2.7736905497497366,6.997531923674636
Random1
Raw:-25.798766146071646,-19.625532196524432,-13.636582010532754,9.75621718143657,-14.964007370996526,25.046497932158513,-13.532649723398572,-17.61587720562974,-2.773690549749732,6.997531923674639
EFT:-25.79876614607165,-19.62553219652444,-13.636582010532758,9.756217181436574,-14.964007370996525,25.046497932158516,-13.532649723398578,-17.615877205629747,-2.7736905497497353,6.997531923674637
Random2
Raw:-25.798766146071646,-19.62553219652443,-13.636582010532756,9.756217181436572,-14.964007370996534,25.046497932158513,-13.532649723398572,-17.615877205629744,-2.7736905497497375,6.997531923674635
EFT:-25.79876614607165,-19.62553219652444,-13.636582010532758,9.756217181436574,-14.964007370996525,25.046497932158513,-13.532649723398578,-17.615877205629747,-2.7736905497497357,6.997531923674637
Random3
Raw:-25.798766146071646,-19.625532196524436,-13.636582010532754,9.75621718143657,-14.96400737099653,25.046497932158513,-13.532649723398567,-17.61587720562974,-2.773690549749734,6.997531923674631
EFT:-25.79876614607165,-19.62553219652444,-13.636582010532758,9.756217181436574,-14.964007370996525,25.046497932158516,-13.532649723398578,-17.615877205629747,-2.7736905497497353,6.997531923674636
Random4
Raw:-25.798766146071646,-19.62553219652444,-13.63658201053276,9.756217181436575,-14.964007370996528,25.046497932158527,-13.53264972339857,-17.615877205629744,-2.773690549749734,6.997531923674636
EFT:-25.79876614607165,-19.62553219652444,-13.636582010532758,9.756217181436574,-14.964007370996525,25.046497932158513,-13.532649723398578,-17.615877205629747,-2.7736905497497357,6.997531923674637
Random5
Raw:-25.798766146071642,-19.62553219652444,-13.636582010532752,9.756217181436575,-14.96400737099653,25.046497932158513,-13.53264972339857,-17.61587720562974,-2.7736905497497304,6.997531923674635
EFT:-25.79876614607165,-19.62553219652444,-13.636582010532758,9.756217181436574,-14.964007370996525,25.046497932158516,-13.532649723398578,-17.615877205629747,-2.7736905497497353,6.997531923674636
Random6
Raw:-25.798766146071657,-19.625532196524436,-13.636582010532765,9.756217181436572,-14.964007370996521,25.046497932158516,-13.532649723398574,-17.615877205629744,-2.773690549749736,6.997531923674635
EFT:-25.79876614607165,-19.62553219652444,-13.636582010532758,9.756217181436574,-14.964007370996525,25.046497932158516,-13.532649723398578,-17.615877205629747,-2.7736905497497353,6.997531923674636
Random7
Raw:-25.798766146071646,-19.625532196524443,-13.636582010532752,9.756217181436574,-14.964007370996525,25.046497932158513,-13.532649723398574,-17.615877205629747,-2.7736905497497286,6.997531923674636
EFT:-25.79876614607165,-19.62553219652444,-13.636582010532758,9.756217181436574,-14.964007370996525,25.046497932158516,-13.532649723398578,-17.615877205629747,-2.7736905497497353,6.997531923674637
Random8
Raw:-25.798766146071642,-19.625532196524436,-13.636582010532756,9.756217181436572,-14.964007370996528,25.046497932158516,-13.532649723398572,-17.615877205629747,-2.7736905497497384,6.997531923674637
EFT:-25.79876614607165,-19.62553219652444,-13.636582010532758,9.756217181436574,-14.964007370996525,25.046497932158516,-13.532649723398578,-17.615877205629747,-2.7736905497497353,6.997531923674637
Random9
Raw:-25.798766146071646,-19.62553219652444,-13.636582010532754,9.75621718143657,-14.964007370996526,25.04649793215852,-13.532649723398574,-17.615877205629747,-2.7736905497497397,6.997531923674637
EFT:-25.79876614607165,-19.62553219652444,-13.636582010532758,9.756217181436574,-14.964007370996525,25.046497932158516,-13.532649723398578,-17.615877205629747,-2.7736905497497353,6.997531923674637
Random10
Raw:-25.79876614607165,-19.625532196524443,-13.636582010532756,9.75621718143657,-14.964007370996532,25.046497932158513,-13.53264972339858,-17.61587720562974,-2.773690549749738,6.997531923674637
EFT:-25.79876614607165,-19.62553219652444,-13.636582010532758,9.756217181436574,-14.964007370996525,25.046497932158513,-13.532649723398578,-17.615877205629747,-2.7736905497497357,6.997531923674637
Random11
Raw:-25.798766146071642,-19.625532196524436,-13.636582010532758,9.756217181436568,-14.964007370996534,25.046497932158527,-13.532649723398572,-17.615877205629747,-2.7736905497497326,6.997531923674634
EFT:-25.79876614607165,-19.62553219652444,-13.636582010532758,9.756217181436574,-14.964007370996525,25.046497932158516,-13.532649723398578,-17.615877205629747,-2.7736905497497353,6.997531923674636
Random12
Raw:-25.798766146071646,-19.625532196524432,-13.636582010532756,9.756217181436574,-14.964007370996521,25.046497932158516,-13.532649723398569,-17.615877205629747,-2.773690549749732,6.997531923674635
EFT:-25.79876614607165,-19.62553219652444,-13.636582010532758,9.756217181436574,-14.964007370996525,25.046497932158516,-13.532649723398578,-17.615877205629747,-2.7736905497497357,6.997531923674636
Random13
Raw:-25.798766146071653,-19.625532196524436,-13.636582010532747,9.756217181436572,-14.964007370996526,25.046497932158513,-13.532649723398576,-17.615877205629744,-2.773690549749739,6.997531923674636
EFT:-25.79876614607165,-19.62553219652444,-13.636582010532758,9.756217181436574,-14.964007370996525,25.046497932158516,-13.532649723398578,-17.615877205629747,-2.7736905497497353,6.997531923674637
Random14
Raw:-25.798766146071642,-19.625532196524436,-13.636582010532752,9.75621718143657,-14.964007370996526,25.046497932158516,-13.532649723398576,-17.61587720562974,-2.7736905497497375,6.997531923674632
EFT:-25.79876614607165,-19.62553219652444,-13.636582010532758,9.756217181436574,-14.964007370996525,25.046497932158516,-13.532649723398578,-17.615877205629747,-2.7736905497497353,6.997531923674636
Random15
Raw:-25.79876614607165,-19.625532196524436,-13.636582010532754,9.756217181436567,-14.964007370996528,25.046497932158513,-13.532649723398572,-17.615877205629744,-2.7736905497497384,6.997531923674629
EFT:-25.79876614607165,-19.62553219652444,-13.636582010532758,9.756217181436574,-14.964007370996525,25.046497932158516,-13.532649723398578,-17.615877205629747,-2.7736905497497353,6.997531923674637
Random16
Raw:-25.79876614607165,-19.625532196524443,-13.63658201053276,9.756217181436577,-14.964007370996525,25.046497932158523,-13.532649723398569,-17.615877205629747,-2.7736905497497286,6.997531923674638
EFT:-25.79876614607165,-19.62553219652444,-13.636582010532758,9.756217181436574,-14.964007370996525,25.046497932158516,-13.532649723398578,-17.615877205629747,-2.7736905497497357,6.997531923674637
Random17
Raw:-25.79876614607165,-19.62553219652445,-13.636582010532758,9.756217181436574,-14.964007370996528,25.046497932158513,-13.532649723398569,-17.615877205629747,-2.7736905497497317,6.9975319236746385
EFT:-25.79876614607165,-19.62553219652444,-13.636582010532758,9.756217181436574,-14.964007370996525,25.046497932158516,-13.532649723398578,-17.615877205629747,-2.7736905497497353,6.997531923674636
Random18
Raw:-25.798766146071642,-19.625532196524443,-13.63658201053275,9.75621718143657,-14.96400737099653,25.04649793215851,-13.53264972339857,-17.615877205629744,-2.7736905497497335,6.997531923674634
EFT:-25.79876614607165,-19.62553219652444,-13.636582010532758,9.756217181436574,-14.964007370996525,25.046497932158516,-13.532649723398578,-17.615877205629747,-2.7736905497497353,6.997531923674637
Random19
Raw:-25.79876614607165,-19.625532196524443,-13.636582010532754,9.75621718143657,-14.964007370996528,25.046497932158516,-13.532649723398576,-17.61587720562974,-2.7736905497497344,6.997531923674634
EFT:-25.79876614607165,-19.62553219652444,-13.636582010532758,9.756217181436574,-14.964007370996525,25.046497932158516,-13.532649723398578,-17.615877205629747,-2.7736905497497357,6.997531923674637
Random20
Raw:-25.79876614607165,-19.62553219652444,-13.636582010532756,9.756217181436572,-14.964007370996526,25.04649793215852,-13.53264972339857,-17.61587720562974,-2.773690549749734,6.997531923674633
EFT:-25.79876614607165,-19.62553219652444,-13.636582010532758,9.756217181436574,-14.964007370996525,25.046497932158516,-13.532649723398578,-17.615877205629747,-2.7736905497497353,6.997531923674636
Random21
Raw:-25.798766146071646,-19.62553219652445,-13.636582010532754,9.756217181436575,-14.96400737099653,25.04649793215852,-13.532649723398576,-17.615877205629744,-2.7736905497497326,6.997531923674637
EFT:-25.79876614607165,-19.62553219652444,-13.636582010532758,9.756217181436574,-14.964007370996525,25.046497932158516,-13.532649723398578,-17.615877205629747,-2.7736905497497357,6.997531923674637
Random22
Raw:-25.79876614607164,-19.62553219652444,-13.636582010532761,9.756217181436572,-14.964007370996532,25.046497932158513,-13.532649723398572,-17.615877205629747,-2.773690549749736,6.997531923674631
EFT:-25.79876614607165,-19.62553219652444,-13.636582010532758,9.756217181436574,-14.964007370996525,25.046497932158516,-13.532649723398578,-17.615877205629747,-2.7736905497497357,6.997531923674636
Random23
Raw:-25.798766146071646,-19.62553219652444,-13.636582010532756,9.756217181436574,-14.964007370996528,25.046497932158513,-13.532649723398569,-17.615877205629747,-2.773690549749734,6.997531923674632
EFT:-25.79876614607165,-19.62553219652444,-13.636582010532758,9.756217181436574,-14.964007370996525,25.046497932158516,-13.532649723398578,-17.615877205629747,-2.7736905497497353,6.997531923674636
Random24
Raw:-25.79876614607165,-19.62553219652444,-13.636582010532752,9.756217181436574,-14.964007370996528,25.04649793215852,-13.532649723398567,-17.615877205629747,-2.7736905497497375,6.997531923674634
EFT:-25.79876614607165,-19.62553219652444,-13.636582010532758,9.756217181436574,-14.964007370996525,25.046497932158516,-13.532649723398578,-17.615877205629747,-2.7736905497497353,6.997531923674636
Random25
Raw:-25.798766146071635,-19.625532196524432,-13.636582010532756,9.756217181436567,-14.964007370996525,25.046497932158513,-13.53264972339857,-17.61587720562974,-2.773690549749734,6.997531923674631
EFT:-25.79876614607165,-19.62553219652444,-13.636582010532758,9.756217181436574,-14.964007370996525,25.046497932158516,-13.532649723398578,-17.615877205629747,-2.7736905497497357,6.997531923674637
Random26
Raw:-25.79876614607166,-19.625532196524443,-13.63658201053276,9.756217181436575,-14.964007370996521,25.046497932158513,-13.532649723398569,-17.61587720562975,-2.7736905497497357,6.997531923674638
EFT:-25.79876614607165,-19.62553219652444,-13.636582010532758,9.756217181436574,-14.964007370996525,25.046497932158516,-13.532649723398578,-17.615877205629747,-2.7736905497497353,6.997531923674636
Random27
Raw:-25.79876614607165,-19.625532196524443,-13.636582010532756,9.756217181436577,-14.964007370996526,25.046497932158516,-13.532649723398578,-17.615877205629747,-2.773690549749737,6.997531923674634
EFT:-25.79876614607165,-19.62553219652444,-13.636582010532758,9.756217181436574,-14.964007370996525,25.046497932158516,-13.532649723398578,-17.615877205629747,-2.7736905497497353,6.997531923674636
Random28
Raw:-25.798766146071653,-19.62553219652444,-13.63658201053276,9.756217181436574,-14.964007370996525,25.046497932158513,-13.53264972339857,-17.615877205629744,-2.773690549749735,6.997531923674636
EFT:-25.79876614607165,-19.62553219652444,-13.636582010532758,9.756217181436574,-14.964007370996525,25.046497932158516,-13.532649723398578,-17.615877205629747,-2.7736905497497357,6.997531923674636
Random29
Raw:-25.798766146071646,-19.62553219652444,-13.636582010532754,9.756217181436574,-14.964007370996532,25.046497932158516,-13.532649723398572,-17.615877205629744,-2.773690549749734,6.99753192367463
EFT:-25.79876614607165,-19.62553219652444,-13.636582010532758,9.756217181436574,-14.964007370996525,25.046497932158516,-13.532649723398578,-17.615877205629747,-2.7736905497497357,6.997531923674637
Random30
Raw:-25.79876614607165,-19.625532196524436,-13.63658201053275,9.75621718143657,-14.964007370996532,25.046497932158513,-13.532649723398569,-17.615877205629747,-2.773690549749737,6.997531923674631
EFT:-25.79876614607165,-19.62553219652444,-13.636582010532758,9.756217181436574,-14.964007370996525,25.046497932158516,-13.532649723398578,-17.615877205629747,-2.7736905497497353,6.997531923674636
Random31
Raw:-25.798766146071646,-19.625532196524432,-13.636582010532754,9.756217181436574,-14.96400737099653,25.046497932158513,-13.532649723398576,-17.61587720562975,-2.7736905497497295,6.997531923674635
EFT:-25.79876614607165,-19.62553219652444,-13.636582010532758,9.756217181436574,-14.964007370996525,25.046497932158516,-13.532649723398578,-17.615877205629747,-2.7736905497497353,6.997531923674637
Random32
Raw:-25.798766146071657,-19.62553219652444,-13.636582010532756,9.75621718143657,-14.96400737099654,25.046497932158516,-13.532649723398572,-17.615877205629737,-2.7736905497497393,6.997531923674641
EFT:-25.79876614607165,-19.62553219652444,-13.636582010532758,9.756217181436574,-14.964007370996525,25.046497932158516,-13.532649723398578,-17.615877205629747,-2.7736905497497353,6.997531923674636
Random33
Raw:-25.79876614607164,-19.62553219652444,-13.636582010532749,9.756217181436572,-14.964007370996526,25.046497932158513,-13.532649723398563,-17.615877205629744,-2.773690549749734,6.997531923674632
EFT:-25.79876614607165,-19.62553219652444,-13.636582010532758,9.756217181436574,-14.964007370996525,25.046497932158516,-13.532649723398578,-17.615877205629747,-2.7736905497497353,6.997531923674637
Random34
Raw:-25.798766146071646,-19.625532196524443,-13.63658201053275,9.756217181436572,-14.96400737099653,25.046497932158516,-13.532649723398574,-17.615877205629747,-2.7736905497497366,6.997531923674631
EFT:-25.79876614607165,-19.62553219652444,-13.636582010532758,9.756217181436574,-14.964007370996525,25.046497932158516,-13.532649723398578,-17.615877205629747,-2.7736905497497357,6.997531923674636
Random35
Raw:-25.798766146071653,-19.625532196524443,-13.636582010532752,9.756217181436574,-14.964007370996532,25.046497932158513,-13.532649723398576,-17.615877205629744,-2.773690549749735,6.997531923674634
EFT:-25.79876614607165,-19.62553219652444,-13.636582010532758,9.756217181436574,-14.964007370996525,25.046497932158516,-13.532649723398578,-17.615877205629747,-2.7736905497497357,6.997531923674636
Random36
Raw:-25.798766146071657,-19.62553219652444,-13.636582010532754,9.756217181436575,-14.964007370996526,25.046497932158516,-13.532649723398581,-17.61587720562975,-2.7736905497497375,6.9975319236746385
EFT:-25.79876614607165,-19.62553219652444,-13.636582010532758,9.756217181436574,-14.964007370996525,25.046497932158516,-13.532649723398578,-17.615877205629747,-2.7736905497497353,6.997531923674637
Random37
Raw:-25.798766146071646,-19.625532196524443,-13.636582010532754,9.75621718143657,-14.96400737099653,25.04649793215852,-13.532649723398576,-17.615877205629744,-2.7736905497497357,6.997531923674634
EFT:-25.79876614607165,-19.62553219652444,-13.636582010532758,9.756217181436574,-14.964007370996525,25.046497932158516,-13.532649723398578,-17.615877205629747,-2.7736905497497357,6.997531923674637
Random38
Raw:-25.79876614607165,-19.625532196524443,-13.63658201053276,9.75621718143657,-14.964007370996521,25.04649793215852,-13.532649723398576,-17.61587720562974,-2.7736905497497357,6.997531923674641
EFT:-25.79876614607165,-19.62553219652444,-13.636582010532758,9.756217181436574,-14.964007370996525,25.046497932158516,-13.532649723398578,-17.615877205629747,-2.7736905497497353,6.997531923674636
Random39
Raw:-25.798766146071642,-19.625532196524436,-13.636582010532756,9.756217181436574,-14.964007370996525,25.046497932158516,-13.532649723398576,-17.615877205629747,-2.773690549749739,6.997531923674634
EFT:-25.79876614607165,-19.62553219652444,-13.636582010532758,9.756217181436574,-14.964007370996525,25.046497932158516,-13.532649723398578,-17.615877205629747,-2.7736905497497357,6.997531923674637
Random40
Raw:-25.79876614607165,-19.625532196524443,-13.63658201053275,9.756217181436575,-14.964007370996535,25.04649793215852,-13.532649723398576,-17.615877205629744,-2.7736905497497384,6.997531923674632
EFT:-25.79876614607165,-19.62553219652444,-13.636582010532758,9.756217181436574,-14.964007370996525,25.046497932158516,-13.532649723398578,-17.615877205629747,-2.7736905497497357,6.997531923674637
Random41
Raw:-25.798766146071642,-19.62553219652444,-13.636582010532756,9.756217181436574,-14.964007370996526,25.04649793215852,-13.532649723398578,-17.61587720562975,-2.7736905497497384,6.997531923674639
EFT:-25.79876614607165,-19.62553219652444,-13.636582010532758,9.756217181436574,-14.964007370996525,25.046497932158516,-13.532649723398578,-17.615877205629747,-2.7736905497497353,6.997531923674637
Random42
Raw:-25.79876614607165,-19.625532196524432,-13.63658201053275,9.756217181436568,-14.96400737099653,25.046497932158516,-13.532649723398572,-17.615877205629744,-2.773690549749731,6.997531923674637
EFT:-25.79876614607165,-19.62553219652444,-13.636582010532758,9.756217181436574,-14.964007370996525,25.046497932158516,-13.532649723398578,-17.615877205629747,-2.7736905497497353,6.997531923674637
Random43
Raw:-25.798766146071642,-19.62553219652444,-13.636582010532752,9.75621718143657,-14.964007370996525,25.04649793215851,-13.532649723398576,-17.61587720562974,-2.7736905497497406,6.997531923674637
EFT:-25.79876614607165,-19.62553219652444,-13.636582010532758,9.756217181436574,-14.964007370996525,25.046497932158516,-13.532649723398578,-17.615877205629747,-2.7736905497497357,6.997531923674636
Random44
Raw:-25.79876614607164,-19.625532196524443,-13.636582010532752,9.756217181436575,-14.964007370996526,25.04649793215852,-13.532649723398574,-17.615877205629747,-2.7736905497497326,6.997531923674634
EFT:-25.79876614607165,-19.62553219652444,-13.636582010532758,9.756217181436574,-14.964007370996525,25.046497932158516,-13.532649723398578,-17.615877205629747,-2.7736905497497353,6.997531923674636
Random45
Raw:-25.798766146071646,-19.62553219652444,-13.63658201053275,9.756217181436574,-14.96400737099653,25.04649793215851,-13.532649723398572,-17.61587720562974,-2.773690549749732,6.997531923674635
EFT:-25.79876614607165,-19.62553219652444,-13.636582010532758,9.756217181436574,-14.964007370996525,25.046497932158516,-13.532649723398578,-17.615877205629747,-2.7736905497497357,6.997531923674636
Random46
Raw:-25.79876614607165,-19.62553219652444,-13.636582010532754,9.756217181436572,-14.964007370996526,25.04649793215851,-13.532649723398572,-17.61587720562975,-2.7736905497497357,6.997531923674631
EFT:-25.79876614607165,-19.62553219652444,-13.636582010532758,9.756217181436574,-14.964007370996525,25.046497932158516,-13.532649723398578,-17.615877205629747,-2.7736905497497353,6.997531923674636
Random47
Raw:-25.79876614607165,-19.625532196524443,-13.636582010532754,9.756217181436574,-14.96400737099653,25.046497932158513,-13.532649723398576,-17.615877205629744,-2.773690549749731,6.997531923674634
EFT:-25.79876614607165,-19.62553219652444,-13.636582010532758,9.756217181436574,-14.964007370996525,25.046497932158516,-13.532649723398578,-17.615877205629747,-2.7736905497497353,6.997531923674637
Random48
Raw:-25.79876614607164,-19.625532196524436,-13.63658201053275,9.756217181436574,-14.964007370996528,25.046497932158502,-13.532649723398576,-17.615877205629737,-2.773690549749737,6.997531923674631
EFT:-25.79876614607165,-19.62553219652444,-13.636582010532758,9.756217181436574,-14.964007370996525,25.046497932158516,-13.532649723398578,-17.615877205629747,-2.7736905497497353,6.997531923674636
Random49
Raw:-25.798766146071646,-19.625532196524443,-13.63658201053275,9.756217181436572,-14.964007370996528,25.046497932158516,-13.53264972339857,-17.61587720562974,-2.7736905497497313,6.997531923674634
EFT:-25.79876614607165,-19.62553219652444,-13.636582010532758,9.756217181436574,-14.964007370996525,25.046497932158516,-13.532649723398578,-17.615877205629747,-2.7736905497497353,6.997531923674636
Random50
Raw:-25.798766146071646,-19.625532196524443,-13.636582010532752,9.756217181436574,-14.964007370996526,25.04649793215851,-13.532649723398572,-17.61587720562974,-2.7736905497497335,6.997531923674631
EFT:-25.79876614607165,-19.62553219652444,-13.636582010532758,9.756217181436574,-14.964007370996525,25.046497932158516,-13.532649723398578,-17.615877205629747,-2.7736905497497357,6.997531923674636
Random51
Raw:-25.798766146071653,-19.625532196524443,-13.636582010532758,9.756217181436572,-14.964007370996525,25.04649793215852,-13.532649723398576,-17.61587720562975,-2.7736905497497437,6.997531923674643
EFT:-25.79876614607165,-19.62553219652444,-13.636582010532758,9.756217181436574,-14.964007370996525,25.046497932158516,-13.532649723398578,-17.615877205629747,-2.7736905497497357,6.997531923674636
Random52
Raw:-25.798766146071646,-19.62553219652444,-13.63658201053275,9.756217181436572,-14.964007370996525,25.046497932158506,-13.532649723398576,-17.615877205629744,-2.773690549749736,6.997531923674635
EFT:-25.79876614607165,-19.62553219652444,-13.636582010532758,9.756217181436574,-14.964007370996525,25.046497932158516,-13.532649723398578,-17.615877205629747,-2.7736905497497357,6.997531923674636
Random53
Raw:-25.798766146071642,-19.625532196524443,-13.636582010532756,9.756217181436574,-14.964007370996525,25.046497932158513,-13.532649723398578,-17.615877205629744,-2.7736905497497344,6.9975319236746385
EFT:-25.79876614607165,-19.62553219652444,-13.636582010532758,9.756217181436574,-14.964007370996525,25.046497932158516,-13.532649723398578,-17.615877205629747,-2.7736905497497353,6.997531923674637
Random54
Raw:-25.798766146071642,-19.62553219652444,-13.636582010532756,9.756217181436572,-14.964007370996528,25.046497932158516,-13.532649723398567,-17.615877205629747,-2.773690549749733,6.997531923674632
EFT:-25.79876614607165,-19.62553219652444,-13.636582010532758,9.756217181436574,-14.964007370996525,25.046497932158516,-13.532649723398578,-17.615877205629747,-2.7736905497497353,6.997531923674636
Random55
Raw:-25.79876614607165,-19.625532196524446,-13.636582010532752,9.756217181436572,-14.964007370996523,25.046497932158513,-13.532649723398576,-17.615877205629744,-2.773690549749742,6.99753192367464
EFT:-25.79876614607165,-19.62553219652444,-13.636582010532758,9.756217181436574,-14.964007370996525,25.046497932158513,-13.532649723398578,-17.615877205629747,-2.7736905497497357,6.997531923674637
Random56
Raw:-25.798766146071653,-19.625532196524436,-13.63658201053276,9.756217181436574,-14.964007370996523,25.046497932158516,-13.532649723398578,-17.615877205629747,-2.7736905497497353,6.997531923674638
EFT:-25.79876614607165,-19.62553219652444,-13.636582010532758,9.756217181436574,-14.964007370996525,25.046497932158516,-13.532649723398578,-17.615877205629747,-2.7736905497497353,6.997531923674636
Random57
Raw:-25.798766146071653,-19.625532196524432,-13.636582010532756,9.756217181436574,-14.964007370996532,25.046497932158516,-13.532649723398576,-17.615877205629744,-2.7736905497497446,6.997531923674634
EFT:-25.79876614607165,-19.62553219652444,-13.636582010532758,9.756217181436574,-14.964007370996525,25.046497932158516,-13.532649723398578,-17.615877205629747,-2.7736905497497353,6.997531923674636
Random58
Raw:-25.798766146071653,-19.62553219652444,-13.63658201053275,9.756217181436574,-14.964007370996525,25.046497932158516,-13.532649723398576,-17.615877205629747,-2.7736905497497415,6.997531923674638
EFT:-25.79876614607165,-19.62553219652444,-13.636582010532758,9.756217181436574,-14.964007370996525,25.046497932158516,-13.532649723398578,-17.615877205629747,-2.7736905497497353,6.997531923674637
Random59
Raw:-25.798766146071642,-19.62553219652444,-13.63658201053275,9.756217181436574,-14.964007370996532,25.046497932158516,-13.53264972339857,-17.615877205629754,-2.7736905497497335,6.997531923674629
EFT:-25.79876614607165,-19.62553219652444,-13.636582010532758,9.756217181436574,-14.964007370996525,25.046497932158516,-13.532649723398578,-17.615877205629747,-2.7736905497497357,6.997531923674636
Random60
Raw:-25.798766146071642,-19.62553219652444,-13.636582010532758,9.756217181436574,-14.964007370996528,25.046497932158513,-13.532649723398574,-17.61587720562975,-2.7736905497497375,6.997531923674636
EFT:-25.79876614607165,-19.62553219652444,-13.636582010532758,9.756217181436574,-14.964007370996525,25.046497932158516,-13.532649723398578,-17.615877205629747,-2.7736905497497353,6.997531923674637
Random61
Raw:-25.798766146071642,-19.625532196524443,-13.636582010532756,9.756217181436577,-14.964007370996526,25.04649793215852,-13.532649723398576,-17.61587720562975,-2.773690549749735,6.997531923674637
EFT:-25.79876614607165,-19.62553219652444,-13.636582010532758,9.756217181436574,-14.964007370996525,25.046497932158516,-13.532649723398578,-17.615877205629747,-2.7736905497497353,6.997531923674636
Random62
Raw:-25.798766146071646,-19.625532196524446,-13.636582010532758,9.75621718143657,-14.964007370996526,25.046497932158513,-13.532649723398574,-17.615877205629747,-2.7736905497497317,6.997531923674637
EFT:-25.79876614607165,-19.62553219652444,-13.636582010532758,9.756217181436574,-14.964007370996525,25.046497932158516,-13.532649723398578,-17.615877205629747,-2.7736905497497353,6.997531923674637
Random63
Raw:-25.798766146071646,-19.625532196524436,-13.636582010532747,9.756217181436575,-14.964007370996528,25.046497932158513,-13.532649723398574,-17.61587720562974,-2.7736905497497313,6.997531923674637
EFT:-25.79876614607165,-19.62553219652444,-13.636582010532758,9.756217181436574,-14.964007370996525,25.046497932158516,-13.532649723398578,-17.615877205629747,-2.7736905497497353,6.997531923674636
Random64
Raw:-25.798766146071646,-19.625532196524436,-13.636582010532754,9.756217181436575,-14.964007370996523,25.04649793215851,-13.532649723398576,-17.615877205629747,-2.7736905497497357,6.997531923674632
EFT:-25.79876614607165,-19.62553219652444,-13.636582010532758,9.756217181436574,-14.964007370996525,25.046497932158516,-13.532649723398578,-17.615877205629747,-2.7736905497497353,6.997531923674636
Random65
Raw:-25.79876614607165,-19.625532196524443,-13.636582010532763,9.75621718143657,-14.964007370996528,25.046497932158523,-13.532649723398576,-17.615877205629747,-2.773690549749735,6.99753192367464
EFT:-25.79876614607165,-19.62553219652444,-13.636582010532758,9.756217181436574,-14.964007370996525,25.046497932158516,-13.532649723398578,-17.615877205629747,-2.7736905497497353,6.997531923674636
Random66
Raw:-25.79876614607165,-19.62553219652445,-13.636582010532756,9.756217181436572,-14.96400737099653,25.04649793215852,-13.532649723398574,-17.615877205629747,-2.7736905497497326,6.997531923674635
EFT:-25.79876614607165,-19.62553219652444,-13.636582010532758,9.756217181436574,-14.964007370996525,25.046497932158516,-13.532649723398578,-17.615877205629747,-2.7736905497497353,6.997531923674637
Random67
Raw:-25.79876614607165,-19.625532196524446,-13.636582010532756,9.756217181436572,-14.964007370996532,25.046497932158516,-13.53264972339857,-17.61587720562974,-2.773690549749736,6.997531923674632
EFT:-25.79876614607165,-19.62553219652444,-13.636582010532758,9.756217181436574,-14.964007370996525,25.046497932158516,-13.532649723398578,-17.615877205629747,-2.7736905497497357,6.997531923674636
Random68
Raw:-25.798766146071657,-19.62553219652444,-13.636582010532756,9.756217181436568,-14.964007370996525,25.046497932158516,-13.532649723398576,-17.615877205629737,-2.773690549749741,6.997531923674635
EFT:-25.79876614607165,-19.62553219652444,-13.636582010532758,9.756217181436574,-14.964007370996525,25.046497932158516,-13.532649723398578,-17.615877205629747,-2.7736905497497353,6.997531923674637
Random69
Raw:-25.798766146071653,-19.62553219652444,-13.636582010532754,9.756217181436574,-14.96400737099653,25.04649793215852,-13.532649723398576,-17.615877205629744,-2.7736905497497375,6.997531923674636
EFT:-25.79876614607165,-19.62553219652444,-13.636582010532758,9.756217181436574,-14.964007370996525,25.046497932158516,-13.532649723398578,-17.615877205629747,-2.7736905497497353,6.997531923674636
Random70
Raw:-25.798766146071646,-19.62553219652444,-13.63658201053276,9.756217181436572,-14.96400737099652,25.046497932158513,-13.532649723398567,-17.615877205629747,-2.773690549749739,6.997531923674635
EFT:-25.79876614607165,-19.62553219652444,-13.636582010532758,9.756217181436574,-14.964007370996525,25.046497932158516,-13.532649723398578,-17.615877205629747,-2.7736905497497353,6.997531923674636
Random71
Raw:-25.798766146071653,-19.625532196524436,-13.636582010532754,9.756217181436568,-14.964007370996532,25.04649793215852,-13.532649723398572,-17.615877205629747,-2.773690549749735,6.997531923674633
EFT:-25.79876614607165,-19.62553219652444,-13.636582010532758,9.756217181436574,-14.964007370996525,25.046497932158516,-13.532649723398578,-17.615877205629747,-2.7736905497497353,6.997531923674637
Random72
Raw:-25.798766146071653,-19.625532196524446,-13.636582010532752,9.756217181436572,-14.964007370996528,25.04649793215852,-13.53264972339858,-17.615877205629747,-2.7736905497497295,6.997531923674641
EFT:-25.79876614607165,-19.62553219652444,-13.636582010532758,9.756217181436574,-14.964007370996525,25.046497932158513,-13.532649723398578,-17.615877205629747,-2.7736905497497357,6.997531923674637
Random73
Raw:-25.79876614607165,-19.62553219652444,-13.636582010532754,9.756217181436575,-14.964007370996526,25.046497932158513,-13.53264972339858,-17.61587720562974,-2.7736905497497384,6.997531923674635
EFT:-25.79876614607165,-19.62553219652444,-13.636582010532758,9.756217181436574,-14.964007370996525,25.046497932158516,-13.532649723398578,-17.615877205629747,-2.7736905497497353,6.997531923674636
Random74
Raw:-25.798766146071642,-19.625532196524436,-13.636582010532752,9.756217181436577,-14.964007370996526,25.046497932158513,-13.532649723398576,-17.615877205629747,-2.7736905497497313,6.997531923674638
EFT:-25.79876614607165,-19.62553219652444,-13.636582010532758,9.756217181436574,-14.964007370996525,25.046497932158516,-13.532649723398578,-17.615877205629747,-2.7736905497497353,6.997531923674637
Random75
Raw:-25.798766146071657,-19.62553219652444,-13.63658201053275,9.756217181436572,-14.964007370996528,25.04649793215852,-13.532649723398574,-17.615877205629744,-2.773690549749734,6.997531923674638
EFT:-25.79876614607165,-19.62553219652444,-13.636582010532758,9.756217181436574,-14.964007370996525,25.046497932158516,-13.532649723398578,-17.615877205629747,-2.7736905497497353,6.997531923674637
Random76
Raw:-25.798766146071642,-19.625532196524432,-13.636582010532758,9.756217181436574,-14.964007370996526,25.04649793215851,-13.532649723398576,-17.615877205629747,-2.7736905497497313,6.997531923674639
EFT:-25.79876614607165,-19.62553219652444,-13.636582010532758,9.756217181436574,-14.964007370996525,25.046497932158516,-13.532649723398578,-17.615877205629747,-2.773690549749735,6.997531923674637
Random77
Raw:-25.798766146071646,-19.62553219652444,-13.636582010532756,9.756217181436574,-14.964007370996526,25.046497932158516,-13.53264972339857,-17.615877205629747,-2.773690549749733,6.997531923674635
EFT:-25.79876614607165,-19.62553219652444,-13.636582010532758,9.756217181436574,-14.964007370996525,25.046497932158516,-13.532649723398578,-17.615877205629747,-2.7736905497497357,6.997531923674636
Random78
Raw:-25.798766146071653,-19.625532196524443,-13.636582010532761,9.756217181436574,-14.96400737099653,25.046497932158516,-13.53264972339858,-17.61587720562975,-2.7736905497497357,6.997531923674636
EFT:-25.79876614607165,-19.62553219652444,-13.636582010532758,9.756217181436574,-14.964007370996525,25.046497932158516,-13.532649723398578,-17.615877205629747,-2.7736905497497353,6.997531923674637
Random79
Raw:-25.798766146071653,-19.625532196524443,-13.636582010532756,9.756217181436572,-14.964007370996525,25.04649793215852,-13.532649723398565,-17.615877205629747,-2.773690549749734,6.997531923674634
EFT:-25.79876614607165,-19.62553219652444,-13.636582010532758,9.756217181436574,-14.964007370996525,25.046497932158516,-13.532649723398578,-17.615877205629747,-2.7736905497497357,6.997531923674637
Random80
Raw:-25.79876614607165,-19.625532196524443,-13.636582010532754,9.756217181436579,-14.964007370996525,25.04649793215851,-13.532649723398574,-17.615877205629747,-2.773690549749734,6.997531923674632
EFT:-25.79876614607165,-19.62553219652444,-13.636582010532758,9.756217181436574,-14.964007370996525,25.046497932158516,-13.532649723398578,-17.615877205629747,-2.7736905497497353,6.997531923674636
Random81
Raw:-25.79876614607164,-19.625532196524436,-13.636582010532752,9.756217181436572,-14.964007370996521,25.046497932158516,-13.532649723398572,-17.615877205629744,-2.773690549749733,6.997531923674633
EFT:-25.79876614607165,-19.62553219652444,-13.636582010532758,9.756217181436574,-14.964007370996525,25.046497932158516,-13.532649723398578,-17.615877205629747,-2.7736905497497353,6.997531923674636
Random82
Raw:-25.798766146071657,-19.625532196524446,-13.636582010532758,9.75621718143657,-14.964007370996534,25.046497932158523,-13.532649723398572,-17.615877205629744,-2.7736905497497326,6.997531923674634
EFT:-25.79876614607165,-19.62553219652444,-13.636582010532758,9.756217181436574,-14.964007370996525,25.046497932158516,-13.532649723398578,-17.615877205629747,-2.7736905497497357,6.997531923674637
Random83
Raw:-25.798766146071642,-19.625532196524443,-13.636582010532758,9.756217181436574,-14.964007370996525,25.046497932158516,-13.532649723398576,-17.615877205629744,-2.7736905497497393,6.997531923674636
EFT:-25.79876614607165,-19.62553219652444,-13.636582010532758,9.756217181436574,-14.964007370996525,25.046497932158516,-13.532649723398578,-17.615877205629747,-2.7736905497497357,6.997531923674636
Random84
Raw:-25.79876614607165,-19.625532196524443,-13.636582010532758,9.756217181436575,-14.964007370996528,25.046497932158513,-13.532649723398569,-17.615877205629744,-2.773690549749728,6.997531923674634
EFT:-25.79876614607165,-19.62553219652444,-13.636582010532758,9.756217181436574,-14.964007370996525,25.046497932158516,-13.532649723398578,-17.615877205629747,-2.7736905497497353,6.997531923674636
Random85
Raw:-25.79876614607165,-19.62553219652444,-13.636582010532752,9.756217181436572,-14.964007370996526,25.046497932158513,-13.532649723398576,-17.615877205629754,-2.7736905497497313,6.997531923674635
EFT:-25.79876614607165,-19.62553219652444,-13.636582010532758,9.756217181436574,-14.964007370996525,25.046497932158516,-13.532649723398578,-17.615877205629747,-2.7736905497497353,6.997531923674637
Random86
Raw:-25.79876614607165,-19.625532196524436,-13.636582010532752,9.756217181436572,-14.964007370996528,25.046497932158513,-13.53264972339857,-17.61587720562974,-2.773690549749737,6.997531923674637
EFT:-25.79876614607165,-19.62553219652444,-13.636582010532758,9.756217181436574,-14.964007370996525,25.046497932158516,-13.532649723398578,-17.615877205629747,-2.7736905497497353,6.997531923674637
Random87
Raw:-25.79876614607165,-19.625532196524443,-13.636582010532752,9.756217181436575,-14.964007370996526,25.04649793215851,-13.532649723398576,-17.615877205629744,-2.7736905497497357,6.997531923674637
EFT:-25.79876614607165,-19.62553219652444,-13.636582010532758,9.756217181436574,-14.964007370996525,25.046497932158516,-13.532649723398578,-17.615877205629747,-2.7736905497497353,6.997531923674636
Random88
Raw:-25.79876614607165,-19.625532196524443,-13.636582010532754,9.756217181436575,-14.964007370996526,25.04649793215851,-13.532649723398574,-17.615877205629747,-2.773690549749735,6.997531923674633
EFT:-25.79876614607165,-19.62553219652444,-13.636582010532758,9.756217181436574,-14.964007370996525,25.046497932158516,-13.532649723398578,-17.615877205629747,-2.7736905497497357,6.997531923674636
Random89
Raw:-25.798766146071646,-19.625532196524436,-13.636582010532754,9.756217181436572,-14.964007370996528,25.046497932158516,-13.532649723398569,-17.615877205629744,-2.7736905497497357,6.997531923674637
EFT:-25.79876614607165,-19.62553219652444,-13.636582010532758,9.756217181436574,-14.964007370996525,25.046497932158516,-13.532649723398578,-17.615877205629747,-2.7736905497497353,6.997531923674636
Random90
Raw:-25.798766146071653,-19.625532196524436,-13.636582010532761,9.756217181436574,-14.96400737099653,25.04649793215852,-13.532649723398576,-17.615877205629744,-2.7736905497497366,6.997531923674636
EFT:-25.79876614607165,-19.62553219652444,-13.636582010532758,9.756217181436574,-14.964007370996525,25.046497932158516,-13.532649723398578,-17.615877205629747,-2.7736905497497353,6.997531923674636
Random91
Raw:-25.79876614607165,-19.625532196524436,-13.63658201053276,9.756217181436572,-14.964007370996526,25.046497932158513,-13.532649723398578,-17.615877205629744,-2.7736905497497357,6.997531923674636
EFT:-25.79876614607165,-19.62553219652444,-13.636582010532758,9.756217181436574,-14.964007370996525,25.046497932158513,-13.532649723398578,-17.615877205629747,-2.7736905497497357,6.997531923674637
Random92
Raw:-25.798766146071653,-19.625532196524432,-13.636582010532758,9.756217181436575,-14.964007370996532,25.046497932158513,-13.532649723398572,-17.615877205629744,-2.773690549749739,6.997531923674633
EFT:-25.79876614607165,-19.62553219652444,-13.636582010532758,9.756217181436574,-14.964007370996525,25.046497932158516,-13.532649723398578,-17.615877205629747,-2.7736905497497353,6.997531923674636
Random93
Raw:-25.798766146071646,-19.62553219652444,-13.636582010532758,9.756217181436574,-14.964007370996526,25.04649793215852,-13.532649723398576,-17.615877205629747,-2.7736905497497437,6.997531923674636
EFT:-25.79876614607165,-19.62553219652444,-13.636582010532758,9.756217181436574,-14.964007370996525,25.046497932158516,-13.532649723398578,-17.615877205629747,-2.7736905497497353,6.997531923674637
Random94
Raw:-25.798766146071653,-19.625532196524436,-13.63658201053275,9.756217181436568,-14.964007370996532,25.046497932158516,-13.53264972339858,-17.615877205629744,-2.773690549749738,6.997531923674637
EFT:-25.79876614607165,-19.62553219652444,-13.636582010532758,9.756217181436574,-14.964007370996525,25.046497932158516,-13.532649723398578,-17.615877205629747,-2.7736905497497357,6.997531923674636
Random95
Raw:-25.798766146071646,-19.625532196524443,-13.63658201053275,9.756217181436575,-14.964007370996528,25.046497932158516,-13.53264972339857,-17.615877205629747,-2.77369054974973,6.997531923674635
EFT:-25.79876614607165,-19.62553219652444,-13.636582010532758,9.756217181436574,-14.964007370996525,25.046497932158516,-13.532649723398578,-17.615877205629747,-2.7736905497497353,6.997531923674637
Random96
Raw:-25.798766146071646,-19.62553219652444,-13.63658201053276,9.756217181436579,-14.964007370996523,25.04649793215851,-13.532649723398572,-17.615877205629747,-2.773690549749734,6.997531923674633
EFT:-25.79876614607165,-19.62553219652444,-13.636582010532758,9.756217181436574,-14.964007370996525,25.046497932158516,-13.532649723398578,-17.615877205629747,-2.7736905497497357,6.997531923674636
Random97
Raw:-25.798766146071653,-19.625532196524443,-13.636582010532756,9.756217181436577,-14.964007370996526,25.046497932158523,-13.53264972339858,-17.615877205629747,-2.7736905497497393,6.997531923674641
EFT:-25.79876614607165,-19.62553219652444,-13.636582010532758,9.756217181436574,-14.964007370996525,25.046497932158516,-13.532649723398578,-17.615877205629747,-2.7736905497497357,6.997531923674636
Random98
Raw:-25.798766146071646,-19.62553219652444,-13.636582010532752,9.756217181436575,-14.964007370996534,25.04649793215851,-13.532649723398574,-17.615877205629744,-2.7736905497497366,6.997531923674636
EFT:-25.79876614607165,-19.62553219652444,-13.636582010532758,9.756217181436574,-14.964007370996525,25.046497932158516,-13.532649723398578,-17.615877205629747,-2.7736905497497357,6.997531923674636
Random99
Raw:-25.798766146071653,-19.62553219652444,-13.63658201053276,9.756217181436575,-14.964007370996532,25.046497932158516,-13.532649723398576,-17.61587720562975,-2.773690549749737,6.997531923674637
EFT:-25.79876614607165,-19.62553219652444,-13.636582010532758,9.756217181436574,-14.964007370996525,25.046497932158516,-13.532649723398578,-17.615877205629747,-2.7736905497497353,6.997531923674637
Random100
Raw:-25.798766146071646,-19.625532196524446,-13.636582010532752,9.756217181436574,-14.96400737099653,25.046497932158516,-13.532649723398565,-17.615877205629744,-2.773690549749732,6.997531923674634
EFT:-25.79876614607165,-19.62553219652444,-13.636582010532758,9.756217181436574,-14.964007370996525,25.046497932158516,-13.532649723398578,-17.615877205629747,-2.7736905497497353,6.997531923674637
Random101
Raw:-25.798766146071657,-19.625532196524436,-13.63658201053276,9.756217181436568,-14.964007370996528,25.046497932158513,-13.532649723398576,-17.615877205629744,-2.7736905497497366,6.997531923674632
EFT:-25.79876614607165,-19.62553219652444,-13.636582010532758,9.756217181436574,-14.964007370996525,25.046497932158516,-13.532649723398578,-17.615877205629747,-2.7736905497497353,6.997531923674636
Random102
Raw:-25.798766146071646,-19.625532196524443,-13.636582010532754,9.756217181436575,-14.964007370996525,25.04649793215852,-13.532649723398572,-17.615877205629758,-2.773690549749734,6.997531923674635
EFT:-25.79876614607165,-19.62553219652444,-13.636582010532758,9.756217181436574,-14.964007370996525,25.046497932158516,-13.532649723398578,-17.615877205629747,-2.7736905497497353,6.997531923674637
Random103
Raw:-25.798766146071657,-19.625532196524443,-13.636582010532752,9.756217181436575,-14.96400737099652,25.046497932158516,-13.532649723398569,-17.615877205629744,-2.77369054974973,6.997531923674636
EFT:-25.79876614607165,-19.62553219652444,-13.636582010532758,9.756217181436574,-14.964007370996525,25.046497932158516,-13.532649723398578,-17.615877205629747,-2.7736905497497353,6.997531923674637
Random104
Raw:-25.798766146071657,-19.62553219652444,-13.636582010532774,9.756217181436575,-14.964007370996523,25.04649793215852,-13.532649723398578,-17.615877205629747,-2.773690549749732,6.997531923674637
EFT:-25.79876614607165,-19.62553219652444,-13.636582010532758,9.756217181436574,-14.964007370996525,25.046497932158513,-13.532649723398578,-17.615877205629747,-2.7736905497497357,6.997531923674637
Random105
Raw:-25.79876614607165,-19.625532196524432,-13.636582010532754,9.756217181436574,-14.964007370996526,25.04649793215852,-13.532649723398576,-17.615877205629747,-2.773690549749739,6.9975319236746385
EFT:-25.79876614607165,-19.62553219652444,-13.636582010532758,9.756217181436574,-14.964007370996525,25.046497932158513,-13.532649723398578,-17.615877205629747,-2.7736905497497357,6.997531923674637
Random106
Raw:-25.79876614607164,-19.62553219652444,-13.636582010532754,9.756217181436572,-14.964007370996526,25.046497932158516,-13.532649723398565,-17.61587720562974,-2.773690549749727,6.997531923674631
EFT:-25.79876614607165,-19.62553219652444,-13.636582010532758,9.756217181436574,-14.964007370996525,25.046497932158516,-13.532649723398578,-17.615877205629747,-2.7736905497497357,6.997531923674636
Random107
Raw:-25.798766146071646,-19.625532196524436,-13.636582010532754,9.75621718143657,-14.964007370996526,25.046497932158513,-13.53264972339857,-17.615877205629744,-2.7736905497497295,6.997531923674633
EFT:-25.79876614607165,-19.62553219652444,-13.636582010532758,9.756217181436574,-14.964007370996525,25.046497932158513,-13.532649723398578,-17.615877205629747,-2.7736905497497357,6.997531923674637
Random108
Raw:-25.79876614607165,-19.62553219652444,-13.636582010532763,9.756217181436574,-14.964007370996526,25.04649793215852,-13.532649723398574,-17.615877205629747,-2.773690549749739,6.997531923674638
EFT:-25.79876614607165,-19.62553219652444,-13.636582010532758,9.756217181436574,-14.964007370996525,25.046497932158516,-13.532649723398578,-17.615877205629747,-2.7736905497497353,6.997531923674637
Random109
Raw:-25.798766146071646,-19.62553219652444,-13.636582010532754,9.756217181436574,-14.964007370996535,25.046497932158513,-13.532649723398572,-17.615877205629744,-2.7736905497497366,6.9975319236746305
EFT:-25.79876614607165,-19.62553219652444,-13.636582010532758,9.756217181436574,-14.964007370996525,25.046497932158516,-13.532649723398578,-17.615877205629747,-2.7736905497497357,6.997531923674637
Random110
Raw:-25.798766146071646,-19.625532196524432,-13.63658201053275,9.756217181436577,-14.964007370996528,25.04649793215851,-13.53264972339857,-17.615877205629747,-2.7736905497497317,6.997531923674632
EFT:-25.79876614607165,-19.62553219652444,-13.636582010532758,9.756217181436574,-14.964007370996525,25.046497932158516,-13.532649723398578,-17.615877205629747,-2.7736905497497357,6.997531923674636
Random111
Raw:-25.79876614607165,-19.62553219652444,-13.636582010532758,9.75621718143657,-14.964007370996534,25.04649793215852,-13.532649723398567,-17.61587720562975,-2.7736905497497384,6.997531923674633
EFT:-25.79876614607165,-19.62553219652444,-13.636582010532758,9.756217181436574,-14.964007370996525,25.046497932158516,-13.532649723398578,-17.615877205629747,-2.7736905497497357,6.997531923674636
Random112
Raw:-25.798766146071646,-19.625532196524443,-13.63658201053276,9.756217181436572,-14.964007370996526,25.046497932158513,-13.532649723398574,-17.615877205629744,-2.7736905497497326,6.997531923674634
EFT:-25.79876614607165,-19.62553219652444,-13.636582010532758,9.756217181436574,-14.964007370996525,25.046497932158516,-13.532649723398578,-17.615877205629747,-2.7736905497497353,6.997531923674636
Random113
Raw:-25.79876614607165,-19.625532196524436,-13.636582010532756,9.756217181436575,-14.964007370996528,25.046497932158513,-13.532649723398572,-17.615877205629747,-2.773690549749734,6.997531923674631
EFT:-25.79876614607165,-19.62553219652444,-13.636582010532758,9.756217181436574,-14.964007370996525,25.046497932158516,-13.532649723398578,-17.615877205629747,-2.7736905497497353,6.997531923674636
Random114
Raw:-25.79876614607166,-19.62553219652444,-13.636582010532754,9.75621718143657,-14.964007370996526,25.04649793215851,-13.532649723398574,-17.615877205629747,-2.7736905497497295,6.997531923674634
EFT:-25.79876614607165,-19.62553219652444,-13.636582010532758,9.756217181436574,-14.964007370996525,25.046497932158516,-13.532649723398578,-17.615877205629747,-2.7736905497497353,6.997531923674636
Random115
Raw:-25.798766146071646,-19.625532196524432,-13.636582010532754,9.75621718143657,-14.964007370996532,25.046497932158513,-13.532649723398576,-17.615877205629737,-2.773690549749735,6.997531923674634
EFT:-25.79876614607165,-19.62553219652444,-13.636582010532758,9.756217181436574,-14.964007370996525,25.046497932158516,-13.532649723398578,-17.615877205629747,-2.7736905497497353,6.997531923674636
Random116
Raw:-25.798766146071635,-19.62553219652444,-13.636582010532754,9.756217181436568,-14.96400737099653,25.046497932158516,-13.53264972339857,-17.615877205629747,-2.7736905497497344,6.997531923674633
EFT:-25.79876614607165,-19.62553219652444,-13.636582010532758,9.756217181436574,-14.964007370996525,25.046497932158516,-13.532649723398578,-17.615877205629747,-2.7736905497497357,6.997531923674636
Random117
Raw:-25.798766146071646,-19.625532196524443,-13.636582010532747,9.756217181436575,-14.96400737099653,25.046497932158502,-13.532649723398585,-17.61587720562974,-2.7736905497497313,6.997531923674633
EFT:-25.79876614607165,-19.62553219652444,-13.636582010532758,9.756217181436574,-14.964007370996525,25.046497932158516,-13.532649723398578,-17.615877205629747,-2.7736905497497353,6.997531923674637
Random118
Raw:-25.79876614607165,-19.62553219652444,-13.636582010532756,9.756217181436579,-14.964007370996518,25.04649793215851,-13.532649723398576,-17.615877205629754,-2.7736905497497366,6.997531923674637
EFT:-25.79876614607165,-19.62553219652444,-13.636582010532758,9.756217181436574,-14.964007370996525,25.046497932158516,-13.532649723398578,-17.615877205629747,-2.7736905497497353,6.997531923674636
Random119
Raw:-25.79876614607163,-19.625532196524446,-13.636582010532747,9.75621718143657,-14.964007370996528,25.046497932158516,-13.53264972339857,-17.61587720562975,-2.773690549749735,6.997531923674632
EFT:-25.79876614607165,-19.62553219652444,-13.636582010532758,9.756217181436574,-14.964007370996525,25.046497932158513,-13.532649723398578,-17.615877205629747,-2.7736905497497357,6.997531923674637
Random120
Raw:-25.79876614607164,-19.62553219652444,-13.63658201053276,9.756217181436572,-14.96400737099653,25.046497932158516,-13.532649723398572,-17.61587720562974,-2.773690549749733,6.997531923674635
EFT:-25.79876614607165,-19.62553219652444,-13.636582010532758,9.756217181436574,-14.964007370996525,25.046497932158516,-13.532649723398578,-17.615877205629747,-2.7736905497497353,6.997531923674636
Random121
Raw:-25.79876614607165,-19.625532196524436,-13.636582010532754,9.756217181436572,-14.964007370996523,25.046497932158516,-13.532649723398569,-17.61587720562974,-2.773690549749732,6.997531923674631
EFT:-25.79876614607165,-19.62553219652444,-13.636582010532758,9.756217181436574,-14.964007370996525,25.046497932158516,-13.532649723398578,-17.615877205629747,-2.7736905497497353,6.997531923674636
Random122
Raw:-25.79876614607165,-19.62553219652444,-13.636582010532756,9.75621718143657,-14.964007370996525,25.046497932158516,-13.532649723398574,-17.615877205629754,-2.773690549749731,6.997531923674639
EFT:-25.79876614607165,-19.62553219652444,-13.636582010532758,9.756217181436574,-14.964007370996525,25.046497932158513,-13.532649723398578,-17.615877205629747,-2.7736905497497357,6.997531923674637
Random123
Raw:-25.79876614607166,-19.625532196524446,-13.63658201053276,9.756217181436574,-14.964007370996534,25.04649793215852,-13.532649723398567,-17.61587720562975,-2.773690549749737,6.997531923674638
EFT:-25.79876614607165,-19.62553219652444,-13.636582010532758,9.756217181436574,-14.964007370996525,25.046497932158516,-13.532649723398578,-17.615877205629747,-2.7736905497497353,6.997531923674636
Random124
Raw:-25.798766146071653,-19.62553219652444,-13.636582010532758,9.756217181436572,-14.964007370996526,25.046497932158516,-13.532649723398574,-17.61587720562975,-2.7736905497497317,6.997531923674634
EFT:-25.79876614607165,-19.62553219652444,-13.636582010532758,9.756217181436574,-14.964007370996525,25.046497932158516,-13.532649723398578,-17.615877205629747,-2.7736905497497357,6.997531923674636
Random125
Raw:-25.79876614607165,-19.62553219652444,-13.636582010532752,9.756217181436572,-14.964007370996532,25.046497932158513,-13.53264972339857,-17.615877205629744,-2.773690549749735,6.997531923674634
EFT:-25.79876614607165,-19.62553219652444,-13.636582010532758,9.756217181436574,-14.964007370996525,25.046497932158516,-13.532649723398578,-17.615877205629747,-2.7736905497497353,6.997531923674636
Random126
Raw:-25.79876614607164,-19.625532196524436,-13.636582010532754,9.756217181436574,-14.964007370996528,25.046497932158513,-13.532649723398572,-17.61587720562974,-2.77369054974973,6.9975319236746305
EFT:-25.79876614607165,-19.62553219652444,-13.636582010532758,9.756217181436574,-14.964007370996525,25.046497932158516,-13.532649723398578,-17.615877205629747,-2.7736905497497353,6.997531923674636
Random127
Raw:-25.798766146071642,-19.62553219652444,-13.636582010532747,9.75621718143657,-14.964007370996532,25.04649793215851,-13.532649723398569,-17.615877205629737,-2.773690549749732,6.997531923674632
EFT:-25.79876614607165,-19.62553219652444,-13.636582010532758,9.756217181436574,-14.964007370996525,25.046497932158513,-13.532649723398578,-17.615877205629747,-2.7736905497497357,6.997531923674637
Random128
Raw:-25.79876614607165,-19.62553219652444,-13.636582010532752,9.756217181436574,-14.964007370996521,25.046497932158513,-13.532649723398576,-17.615877205629747,-2.773690549749742,6.997531923674636
EFT:-25.79876614607165,-19.62553219652444,-13.636582010532758,9.756217181436574,-14.964007370996525,25.046497932158516,-13.532649723398578,-17.615877205629747,-2.7736905497497353,6.997531923674636
Random129
Raw:-25.79876614607166,-19.625532196524443,-13.63658201053276,9.756217181436572,-14.964007370996532,25.04649793215852,-13.532649723398567,-17.615877205629737,-2.7736905497497375,6.997531923674633
EFT:-25.79876614607165,-19.62553219652444,-13.636582010532758,9.756217181436574,-14.964007370996525,25.046497932158516,-13.532649723398578,-17.615877205629747,-2.7736905497497357,6.997531923674636
Random130
Raw:-25.79876614607165,-19.625532196524443,-13.636582010532761,9.756217181436572,-14.964007370996526,25.04649793215852,-13.532649723398574,-17.61587720562974,-2.7736905497497366,6.997531923674637
EFT:-25.79876614607165,-19.62553219652444,-13.636582010532758,9.756217181436574,-14.964007370996525,25.046497932158516,-13.532649723398578,-17.615877205629747,-2.7736905497497353,6.997531923674636
Random131
Raw:-25.798766146071653,-19.625532196524443,-13.636582010532758,9.756217181436567,-14.964007370996525,25.046497932158516,-13.532649723398569,-17.615877205629747,-2.773690549749733,6.9975319236746385
EFT:-25.79876614607165,-19.62553219652444,-13.636582010532758,9.756217181436574,-14.964007370996525,25.046497932158516,-13.532649723398578,-17.615877205629747,-2.7736905497497357,6.997531923674637
Random132
Raw:-25.798766146071646,-19.625532196524436,-13.636582010532752,9.756217181436572,-14.96400737099653,25.046497932158513,-13.532649723398574,-17.615877205629744,-2.773690549749743,6.997531923674637
EFT:-25.79876614607165,-19.62553219652444,-13.636582010532758,9.756217181436574,-14.964007370996525,25.046497932158516,-13.532649723398578,-17.615877205629747,-2.7736905497497357,6.997531923674636
Random133
Raw:-25.798766146071657,-19.625532196524443,-13.636582010532758,9.756217181436575,-14.964007370996521,25.04649793215852,-13.532649723398572,-17.61587720562975,-2.7736905497497273,6.997531923674635
EFT:-25.79876614607165,-19.62553219652444,-13.636582010532758,9.756217181436574,-14.964007370996525,25.046497932158516,-13.532649723398578,-17.615877205629747,-2.7736905497497357,6.997531923674637
Random134
Raw:-25.798766146071646,-19.625532196524446,-13.636582010532754,9.756217181436574,-14.964007370996528,25.046497932158523,-13.532649723398578,-17.61587720562975,-2.7736905497497357,6.997531923674637
EFT:-25.79876614607165,-19.62553219652444,-13.636582010532758,9.756217181436574,-14.964007370996525,25.046497932158516,-13.532649723398578,-17.615877205629747,-2.7736905497497353,6.997531923674637
Random135
Raw:-25.798766146071642,-19.625532196524446,-13.636582010532747,9.756217181436572,-14.964007370996532,25.046497932158516,-13.532649723398574,-17.615877205629744,-2.7736905497497353,6.997531923674632
EFT:-25.79876614607165,-19.62553219652444,-13.636582010532758,9.756217181436574,-14.964007370996525,25.046497932158516,-13.532649723398578,-17.615877205629747,-2.7736905497497353,6.997531923674636
Random136
Raw:-25.798766146071657,-19.625532196524436,-13.636582010532761,9.756217181436575,-14.964007370996525,25.046497932158516,-13.532649723398574,-17.615877205629747,-2.773690549749741,6.99753192367464
EFT:-25.79876614607165,-19.62553219652444,-13.636582010532758,9.756217181436574,-14.964007370996525,25.046497932158513,-13.532649723398578,-17.615877205629747,-2.7736905497497357,6.997531923674637
Random137
Raw:-25.798766146071653,-19.625532196524436,-13.63658201053275,9.756217181436568,-14.964007370996528,25.046497932158506,-13.532649723398572,-17.615877205629747,-2.773690549749736,6.997531923674632
EFT:-25.79876614607165,-19.62553219652444,-13.636582010532758,9.756217181436574,-14.964007370996525,25.046497932158516,-13.532649723398578,-17.615877205629747,-2.7736905497497353,6.997531923674637
Random138
Raw:-25.798766146071653,-19.625532196524443,-13.636582010532758,9.756217181436575,-14.96400737099653,25.04649793215851,-13.532649723398572,-17.61587720562975,-2.773690549749734,6.997531923674637
EFT:-25.79876614607165,-19.62553219652444,-13.636582010532758,9.756217181436574,-14.964007370996525,25.046497932158516,-13.532649723398578,-17.615877205629747,-2.7736905497497353,6.997531923674636
Random139
Raw:-25.798766146071646,-19.625532196524446,-13.636582010532758,9.756217181436574,-14.964007370996525,25.046497932158516,-13.532649723398581,-17.61587720562975,-2.773690549749739,6.99753192367464
EFT:-25.79876614607165,-19.62553219652444,-13.636582010532758,9.756217181436574,-14.964007370996525,25.046497932158516,-13.532649723398578,-17.615877205629747,-2.7736905497497357,6.997531923674636
Random140
Raw:-25.798766146071646,-19.62553219652444,-13.636582010532752,9.75621718143657,-14.964007370996534,25.046497932158506,-13.532649723398572,-17.615877205629744,-2.773690549749737,6.99753192367463
EFT:-25.79876614607165,-19.62553219652444,-13.636582010532758,9.756217181436574,-14.964007370996525,25.046497932158516,-13.532649723398578,-17.615877205629747,-2.7736905497497353,6.997531923674637
Random141
Raw:-25.798766146071653,-19.625532196524443,-13.636582010532756,9.75621718143657,-14.964007370996526,25.04649793215852,-13.532649723398583,-17.615877205629744,-2.7736905497497384,6.99753192367464
EFT:-25.79876614607165,-19.62553219652444,-13.636582010532758,9.756217181436574,-14.964007370996525,25.046497932158513,-13.532649723398578,-17.615877205629747,-2.7736905497497357,6.997531923674637
Random142
Raw:-25.79876614607164,-19.62553219652444,-13.636582010532752,9.756217181436568,-14.964007370996526,25.04649793215851,-13.532649723398567,-17.615877205629747,-2.773690549749729,6.99753192367463
EFT:-25.79876614607165,-19.62553219652444,-13.636582010532758,9.756217181436574,-14.964007370996525,25.046497932158516,-13.532649723398578,-17.615877205629747,-2.7736905497497357,6.997531923674636
Random143
Raw:-25.79876614607164,-19.62553219652444,-13.636582010532754,9.75621718143657,-14.964007370996532,25.046497932158513,-13.532649723398563,-17.61587720562975,-2.7736905497497357,6.997531923674632
EFT:-25.79876614607165,-19.62553219652444,-13.636582010532758,9.756217181436574,-14.964007370996525,25.046497932158516,-13.532649723398578,-17.615877205629747,-2.7736905497497357,6.997531923674636
Random144
Raw:-25.798766146071657,-19.625532196524443,-13.636582010532758,9.756217181436572,-14.964007370996525,25.046497932158513,-13.532649723398574,-17.615877205629744,-2.7736905497497335,6.997531923674634
EFT:-25.79876614607165,-19.62553219652444,-13.636582010532758,9.756217181436574,-14.964007370996525,25.046497932158516,-13.532649723398578,-17.615877205629747,-2.7736905497497353,6.997531923674636
Random145
Raw:-25.79876614607165,-19.625532196524443,-13.63658201053276,9.75621718143657,-14.964007370996528,25.046497932158513,-13.53264972339857,-17.615877205629737,-2.7736905497497313,6.997531923674633
EFT:-25.79876614607165,-19.62553219652444,-13.636582010532758,9.756217181436574,-14.964007370996525,25.046497932158513,-13.532649723398578,-17.615877205629747,-2.7736905497497357,6.997531923674637
Random146
Raw:-25.798766146071646,-19.62553219652444,-13.63658201053275,9.756217181436575,-14.964007370996525,25.04649793215851,-13.532649723398567,-17.61587720562975,-2.77369054974973,6.997531923674636
EFT:-25.79876614607165,-19.62553219652444,-13.636582010532758,9.756217181436574,-14.964007370996525,25.046497932158516,-13.532649723398578,-17.615877205629747,-2.7736905497497357,6.997531923674637
Random147
Raw:-25.798766146071642,-19.625532196524436,-13.636582010532752,9.756217181436572,-14.964007370996523,25.046497932158513,-13.532649723398576,-17.61587720562974,-2.7736905497497326,6.997531923674634
EFT:-25.79876614607165,-19.62553219652444,-13.636582010532758,9.756217181436574,-14.964007370996525,25.046497932158516,-13.532649723398578,-17.615877205629747,-2.7736905497497353,6.997531923674636
Random148
Raw:-25.798766146071642,-19.625532196524436,-13.636582010532754,9.756217181436568,-14.964007370996523,25.046497932158516,-13.532649723398572,-17.615877205629744,-2.773690549749734,6.9975319236746385
EFT:-25.79876614607165,-19.62553219652444,-13.636582010532758,9.756217181436574,-14.964007370996525,25.046497932158516,-13.532649723398578,-17.615877205629747,-2.773690549749735,6.997531923674637
Random149
Raw:-25.798766146071653,-19.62553219652444,-13.636582010532756,9.756217181436574,-14.964007370996528,25.046497932158513,-13.532649723398576,-17.615877205629744,-2.7736905497497375,6.997531923674636
EFT:-25.79876614607165,-19.62553219652444,-13.636582010532758,9.756217181436574,-14.964007370996525,25.046497932158516,-13.532649723398578,-17.615877205629747,-2.7736905497497353,6.997531923674636
Random150
Raw:-25.798766146071653,-19.625532196524446,-13.636582010532758,9.756217181436575,-14.964007370996532,25.04649793215852,-13.532649723398572,-17.61587720562975,-2.773690549749741,6.997531923674636
EFT:-25.79876614607165,-19.62553219652444,-13.636582010532758,9.756217181436574,-14.964007370996525,25.046497932158516,-13.532649723398578,-17.615877205629747,-2.7736905497497357,6.997531923674636
Random151
Raw:-25.798766146071657,-19.625532196524443,-13.636582010532754,9.756217181436575,-14.96400737099653,25.046497932158516,-13.532649723398576,-17.615877205629744,-2.7736905497497357,6.997531923674636
EFT:-25.79876614607165,-19.62553219652444,-13.636582010532758,9.756217181436574,-14.964007370996525,25.046497932158513,-13.532649723398578,-17.615877205629747,-2.7736905497497357,6.997531923674637
Random152
Raw:-25.798766146071646,-19.625532196524443,-13.636582010532754,9.756217181436577,-14.96400737099653,25.04649793215852,-13.53264972339857,-17.61587720562975,-2.7736905497497344,6.997531923674631
EFT:-25.79876614607165,-19.62553219652444,-13.636582010532758,9.756217181436574,-14.964007370996525,25.046497932158516,-13.532649723398578,-17.615877205629747,-2.7736905497497357,6.997531923674636
Random153
Raw:-25.79876614607165,-19.625532196524443,-13.636582010532754,9.756217181436575,-14.96400737099653,25.046497932158516,-13.532649723398576,-17.615877205629744,-2.7736905497497357,6.997531923674641
EFT:-25.79876614607165,-19.62553219652444,-13.636582010532758,9.756217181436574,-14.964007370996525,25.046497932158516,-13.532649723398578,-17.615877205629747,-2.7736905497497353,6.997531923674637
Random154
Raw:-25.798766146071646,-19.62553219652444,-13.636582010532758,9.756217181436574,-14.964007370996528,25.04649793215852,-13.532649723398572,-17.61587720562975,-2.7736905497497375,6.997531923674634
EFT:-25.79876614607165,-19.62553219652444,-13.636582010532758,9.756217181436574,-14.964007370996525,25.046497932158513,-13.532649723398578,-17.615877205629747,-2.7736905497497357,6.997531923674637
Random155
Raw:-25.798766146071657,-19.625532196524443,-13.636582010532756,9.756217181436575,-14.964007370996521,25.046497932158513,-13.532649723398576,-17.615877205629747,-2.7736905497497344,6.997531923674635
EFT:-25.79876614607165,-19.62553219652444,-13.636582010532758,9.756217181436574,-14.964007370996525,25.046497932158516,-13.532649723398578,-17.615877205629747,-2.7736905497497353,6.997531923674636
Random156
Raw:-25.798766146071646,-19.625532196524436,-13.636582010532758,9.75621718143657,-14.964007370996525,25.04649793215852,-13.532649723398572,-17.61587720562974,-2.7736905497497384,6.997531923674638
EFT:-25.79876614607165,-19.62553219652444,-13.636582010532758,9.756217181436574,-14.964007370996525,25.046497932158516,-13.532649723398578,-17.615877205629747,-2.7736905497497357,6.997531923674636
Random157
Raw:-25.798766146071646,-19.625532196524443,-13.636582010532756,9.756217181436575,-14.96400737099652,25.04649793215851,-13.532649723398576,-17.615877205629744,-2.77369054974973,6.997531923674639
EFT:-25.79876614607165,-19.62553219652444,-13.636582010532758,9.756217181436574,-14.964007370996525,25.046497932158516,-13.532649723398578,-17.615877205629747,-2.7736905497497353,6.997531923674637
Random158
Raw:-25.798766146071657,-19.625532196524436,-13.636582010532758,9.75621718143657,-14.964007370996521,25.046497932158516,-13.532649723398576,-17.615877205629737,-2.773690549749736,6.997531923674635
EFT:-25.79876614607165,-19.62553219652444,-13.636582010532758,9.756217181436574,-14.964007370996525,25.046497932158516,-13.532649723398578,-17.615877205629747,-2.7736905497497357,6.997531923674637
Random159
Raw:-25.79876614607165,-19.625532196524443,-13.63658201053276,9.756217181436568,-14.96400737099652,25.04649793215852,-13.532649723398576,-17.615877205629747,-2.7736905497497393,6.997531923674632
EFT:-25.79876614607165,-19.62553219652444,-13.636582010532758,9.756217181436574,-14.964007370996525,25.046497932158516,-13.532649723398578,-17.615877205629747,-2.7736905497497353,6.997531923674637
Random160
Raw:-25.798766146071646,-19.62553219652444,-13.63658201053276,9.756217181436575,-14.964007370996534,25.046497932158516,-13.532649723398572,-17.61587720562975,-2.7736905497497326,6.997531923674636
EFT:-25.79876614607165,-19.62553219652444,-13.636582010532758,9.756217181436574,-14.964007370996525,25.046497932158516,-13.532649723398578,-17.615877205629747,-2.7736905497497353,6.997531923674636
Random161
Raw:-25.798766146071653,-19.625532196524443,-13.63658201053275,9.756217181436572,-14.964007370996526,25.046497932158516,-13.532649723398576,-17.615877205629747,-2.773690549749736,6.997531923674636
EFT:-25.79876614607165,-19.62553219652444,-13.636582010532758,9.756217181436574,-14.964007370996525,25.046497932158513,-13.532649723398578,-17.615877205629747,-2.7736905497497357,6.997531923674637
Random162
Raw:-25.798766146071657,-19.62553219652444,-13.636582010532752,9.756217181436579,-14.964007370996518,25.04649793215852,-13.532649723398576,-17.615877205629754,-2.7736905497497335,6.99753192367464
EFT:-25.79876614607165,-19.62553219652444,-13.636582010532758,9.756217181436574,-14.964007370996525,25.046497932158516,-13.532649723398578,-17.615877205629747,-2.7736905497497357,6.997531923674637
Random163
Raw:-25.798766146071642,-19.625532196524443,-13.636582010532758,9.756217181436577,-14.964007370996528,25.046497932158516,-13.532649723398576,-17.615877205629747,-2.7736905497497397,6.997531923674637
EFT:-25.79876614607165,-19.62553219652444,-13.636582010532758,9.756217181436574,-14.964007370996525,25.046497932158516,-13.532649723398578,-17.615877205629747,-2.7736905497497357,6.997531923674636
Random164
Raw:-25.79876614607166,-19.625532196524443,-13.636582010532758,9.756217181436575,-14.964007370996532,25.046497932158513,-13.532649723398581,-17.61587720562975,-2.7736905497497393,6.997531923674637
EFT:-25.79876614607165,-19.62553219652444,-13.636582010532758,9.756217181436574,-14.964007370996525,25.046497932158513,-13.532649723398578,-17.615877205629747,-2.7736905497497357,6.997531923674637
Random165
Raw:-25.798766146071657,-19.62553219652444,-13.636582010532756,9.75621718143657,-14.964007370996528,25.046497932158513,-13.53264972339858,-17.615877205629744,-2.773690549749737,6.997531923674634
EFT:-25.79876614607165,-19.62553219652444,-13.636582010532758,9.756217181436574,-14.964007370996525,25.046497932158516,-13.532649723398578,-17.615877205629747,-2.7736905497497357,6.997531923674636
Random166
Raw:-25.798766146071642,-19.625532196524443,-13.63658201053275,9.756217181436574,-14.96400737099653,25.046497932158513,-13.53264972339857,-17.615877205629747,-2.7736905497497366,6.997531923674633
EFT:-25.79876614607165,-19.62553219652444,-13.636582010532758,9.756217181436574,-14.964007370996525,25.046497932158516,-13.532649723398578,-17.615877205629747,-2.7736905497497357,6.997531923674637
Random167
Raw:-25.79876614607164,-19.625532196524446,-13.636582010532752,9.756217181436575,-14.964007370996528,25.04649793215851,-13.532649723398574,-17.615877205629747,-2.7736905497497313,6.997531923674631
EFT:-25.79876614607165,-19.62553219652444,-13.636582010532758,9.756217181436574,-14.964007370996525,25.046497932158516,-13.532649723398578,-17.615877205629747,-2.7736905497497357,6.997531923674636
Random168
Raw:-25.798766146071653,-19.62553219652444,-13.636582010532756,9.75621718143657,-14.96400737099653,25.046497932158513,-13.532649723398572,-17.615877205629744,-2.7736905497497304,6.997531923674633
EFT:-25.79876614607165,-19.62553219652444,-13.636582010532758,9.756217181436574,-14.964007370996525,25.046497932158516,-13.532649723398578,-17.615877205629747,-2.7736905497497353,6.997531923674636
Random169
Raw:-25.798766146071642,-19.625532196524436,-13.63658201053275,9.756217181436574,-14.964007370996518,25.04649793215851,-13.532649723398574,-17.615877205629747,-2.773690549749735,6.9975319236746385
EFT:-25.79876614607165,-19.62553219652444,-13.636582010532758,9.756217181436574,-14.964007370996525,25.046497932158516,-13.532649723398578,-17.615877205629747,-2.7736905497497353,6.997531923674636
Random170
Raw:-25.798766146071646,-19.625532196524443,-13.636582010532754,9.756217181436572,-14.964007370996534,25.046497932158516,-13.532649723398574,-17.615877205629744,-2.7736905497497366,6.997531923674638
EFT:-25.79876614607165,-19.62553219652444,-13.636582010532758,9.756217181436574,-14.964007370996525,25.046497932158516,-13.532649723398578,-17.615877205629747,-2.7736905497497353,6.997531923674637
Random171
Raw:-25.798766146071653,-19.625532196524436,-13.63658201053276,9.756217181436567,-14.964007370996528,25.046497932158513,-13.532649723398574,-17.615877205629744,-2.7736905497497375,6.997531923674635
EFT:-25.79876614607165,-19.62553219652444,-13.636582010532758,9.756217181436574,-14.964007370996525,25.046497932158516,-13.532649723398578,-17.615877205629747,-2.7736905497497357,6.997531923674636
Random172
Raw:-25.798766146071646,-19.62553219652445,-13.636582010532749,9.75621718143658,-14.964007370996537,25.04649793215851,-13.532649723398576,-17.615877205629747,-2.7736905497497286,6.997531923674633
EFT:-25.79876614607165,-19.62553219652444,-13.636582010532758,9.756217181436574,-14.964007370996525,25.046497932158516,-13.532649723398578,-17.615877205629747,-2.7736905497497357,6.997531923674637
Random173
Raw:-25.798766146071653,-19.625532196524446,-13.636582010532756,9.756217181436574,-14.964007370996523,25.046497932158523,-13.532649723398576,-17.615877205629747,-2.7736905497497375,6.997531923674636
EFT:-25.79876614607165,-19.62553219652444,-13.636582010532758,9.756217181436574,-14.964007370996525,25.046497932158516,-13.532649723398578,-17.615877205629747,-2.7736905497497353,6.997531923674637
Random174
Raw:-25.798766146071653,-19.62553219652444,-13.636582010532756,9.756217181436572,-14.964007370996532,25.046497932158527,-13.532649723398576,-17.615877205629744,-2.773690549749727,6.9975319236746305
EFT:-25.79876614607165,-19.62553219652444,-13.636582010532758,9.756217181436574,-14.964007370996525,25.046497932158516,-13.532649723398578,-17.615877205629747,-2.7736905497497353,6.997531923674637
Random175
Raw:-25.79876614607164,-19.625532196524443,-13.636582010532756,9.75621718143657,-14.964007370996526,25.046497932158516,-13.532649723398574,-17.61587720562974,-2.7736905497497384,6.997531923674641
EFT:-25.79876614607165,-19.62553219652444,-13.636582010532758,9.756217181436574,-14.964007370996525,25.046497932158516,-13.532649723398578,-17.615877205629747,-2.7736905497497353,6.997531923674637
Random176
Raw:-25.798766146071646,-19.625532196524436,-13.63658201053275,9.756217181436577,-14.964007370996521,25.046497932158513,-13.532649723398574,-17.615877205629733,-2.7736905497497313,6.997531923674635
EFT:-25.79876614607165,-19.62553219652444,-13.636582010532758,9.756217181436574,-14.964007370996525,25.046497932158513,-13.532649723398578,-17.615877205629747,-2.7736905497497357,6.997531923674637
Random177
Raw:-25.79876614607164,-19.625532196524446,-13.63658201053275,9.756217181436574,-14.964007370996537,25.04649793215852,-13.532649723398567,-17.615877205629747,-2.773690549749733,6.997531923674627
EFT:-25.79876614607165,-19.62553219652444,-13.636582010532758,9.756217181436574,-14.964007370996525,25.046497932158516,-13.532649723398578,-17.615877205629747,-2.7736905497497353,6.997531923674636
Random178
Raw:-25.79876614607164,-19.625532196524436,-13.63658201053275,9.756217181436574,-14.964007370996528,25.046497932158513,-13.532649723398572,-17.61587720562974,-2.773690549749736,6.99753192367463
EFT:-25.79876614607165,-19.62553219652444,-13.636582010532758,9.756217181436574,-14.964007370996525,25.046497932158516,-13.532649723398578,-17.615877205629747,-2.7736905497497353,6.997531923674637
Random179
Raw:-25.79876614607165,-19.625532196524443,-13.636582010532752,9.756217181436572,-14.964007370996528,25.04649793215851,-13.532649723398572,-17.61587720562974,-2.773690549749733,6.997531923674635
EFT:-25.79876614607165,-19.62553219652444,-13.636582010532758,9.756217181436574,-14.964007370996525,25.046497932158513,-13.532649723398578,-17.615877205629747,-2.7736905497497357,6.997531923674637
Random180
Raw:-25.79876614607165,-19.625532196524436,-13.636582010532756,9.756217181436574,-14.964007370996523,25.046497932158527,-13.532649723398569,-17.615877205629744,-2.773690549749737,6.997531923674638
EFT:-25.79876614607165,-19.62553219652444,-13.636582010532758,9.756217181436574,-14.964007370996525,25.046497932158516,-13.532649723398578,-17.615877205629747,-2.7736905497497353,6.997531923674636
Random181
Raw:-25.798766146071653,-19.62553219652444,-13.636582010532758,9.756217181436574,-14.964007370996525,25.046497932158513,-13.532649723398583,-17.615877205629747,-2.7736905497497393,6.997531923674639
EFT:-25.79876614607165,-19.62553219652444,-13.636582010532758,9.756217181436574,-14.964007370996525,25.046497932158516,-13.532649723398578,-17.615877205629747,-2.7736905497497353,6.997531923674636
Random182
Raw:-25.798766146071642,-19.625532196524436,-13.636582010532756,9.75621718143657,-14.96400737099652,25.046497932158506,-13.532649723398572,-17.61587720562974,-2.7736905497497357,6.997531923674636
EFT:-25.79876614607165,-19.62553219652444,-13.636582010532758,9.756217181436574,-14.964007370996525,25.046497932158516,-13.532649723398578,-17.615877205629747,-2.7736905497497357,6.997531923674636
Random183
Raw:-25.798766146071646,-19.62553219652443,-13.636582010532754,9.756217181436572,-14.964007370996525,25.046497932158516,-13.532649723398572,-17.615877205629747,-2.7736905497497375,6.997531923674635
EFT:-25.79876614607165,-19.62553219652444,-13.636582010532758,9.756217181436574,-14.964007370996525,25.046497932158516,-13.532649723398578,-17.615877205629747,-2.7736905497497357,6.997531923674637
Random184
Raw:-25.79876614607164,-19.625532196524446,-13.636582010532756,9.756217181436568,-14.964007370996525,25.04649793215851,-13.53264972339857,-17.615877205629744,-2.7736905497497384,6.997531923674638
EFT:-25.79876614607165,-19.62553219652444,-13.636582010532758,9.756217181436574,-14.964007370996525,25.046497932158516,-13.532649723398578,-17.615877205629747,-2.7736905497497357,6.997531923674636
Random185
Raw:-25.798766146071635,-19.62553219652443,-13.63658201053275,9.756217181436572,-14.964007370996523,25.046497932158502,-13.532649723398569,-17.615877205629737,-2.773690549749733,6.99753192367463
EFT:-25.79876614607165,-19.62553219652444,-13.636582010532758,9.756217181436574,-14.964007370996525,25.046497932158516,-13.532649723398578,-17.615877205629747,-2.7736905497497357,6.997531923674636
Random186
Raw:-25.79876614607165,-19.625532196524432,-13.636582010532756,9.756217181436574,-14.964007370996528,25.046497932158513,-13.532649723398572,-17.615877205629758,-2.7736905497497366,6.997531923674633
EFT:-25.79876614607165,-19.62553219652444,-13.636582010532758,9.756217181436574,-14.964007370996525,25.046497932158516,-13.532649723398578,-17.615877205629747,-2.7736905497497353,6.997531923674637
Random187
Raw:-25.798766146071642,-19.62553219652444,-13.636582010532754,9.756217181436574,-14.964007370996528,25.046497932158513,-13.532649723398578,-17.615877205629747,-2.77369054974974,6.997531923674638
EFT:-25.79876614607165,-19.62553219652444,-13.636582010532758,9.756217181436574,-14.964007370996525,25.046497932158516,-13.532649723398578,-17.615877205629747,-2.7736905497497353,6.997531923674636
Random188
Raw:-25.79876614607165,-19.62553219652444,-13.636582010532754,9.756217181436574,-14.964007370996525,25.04649793215851,-13.532649723398572,-17.61587720562975,-2.773690549749733,6.997531923674633
EFT:-25.79876614607165,-19.62553219652444,-13.636582010532758,9.756217181436574,-14.964007370996525,25.046497932158516,-13.532649723398578,-17.615877205629747,-2.7736905497497353,6.997531923674636
Random189
Raw:-25.798766146071642,-19.625532196524443,-13.636582010532752,9.75621718143657,-14.96400737099653,25.046497932158516,-13.53264972339857,-17.615877205629747,-2.7736905497497344,6.997531923674632
EFT:-25.79876614607165,-19.62553219652444,-13.636582010532758,9.756217181436574,-14.964007370996525,25.046497932158516,-13.532649723398578,-17.615877205629747,-2.7736905497497353,6.997531923674636
Random190
Raw:-25.798766146071657,-19.62553219652444,-13.636582010532758,9.756217181436572,-14.96400737099653,25.046497932158516,-13.532649723398576,-17.615877205629747,-2.773690549749733,6.997531923674637
EFT:-25.79876614607165,-19.62553219652444,-13.636582010532758,9.756217181436574,-14.964007370996525,25.046497932158516,-13.532649723398578,-17.615877205629747,-2.7736905497497357,6.997531923674637
Random191
Raw:-25.798766146071657,-19.62553219652444,-13.636582010532752,9.756217181436574,-14.964007370996521,25.046497932158506,-13.532649723398572,-17.615877205629744,-2.773690549749734,6.997531923674636
EFT:-25.79876614607165,-19.62553219652444,-13.636582010532758,9.756217181436574,-14.964007370996525,25.046497932158516,-13.532649723398578,-17.615877205629747,-2.7736905497497353,6.997531923674637
Random192
Raw:-25.798766146071653,-19.625532196524432,-13.636582010532752,9.756217181436577,-14.964007370996523,25.046497932158516,-13.53264972339858,-17.615877205629744,-2.7736905497497393,6.997531923674636
EFT:-25.79876614607165,-19.62553219652444,-13.636582010532758,9.756217181436574,-14.964007370996525,25.046497932158516,-13.532649723398578,-17.615877205629747,-2.7736905497497353,6.997531923674636
Random193
Raw:-25.798766146071646,-19.625532196524443,-13.636582010532756,9.756217181436568,-14.964007370996525,25.046497932158513,-13.532649723398576,-17.61587720562974,-2.7736905497497384,6.997531923674633
EFT:-25.79876614607165,-19.62553219652444,-13.636582010532758,9.756217181436574,-14.964007370996525,25.046497932158516,-13.532649723398578,-17.615877205629747,-2.7736905497497357,6.997531923674637
Random194
Raw:-25.798766146071653,-19.625532196524443,-13.63658201053276,9.756217181436575,-14.964007370996532,25.046497932158513,-13.532649723398574,-17.61587720562975,-2.7736905497497357,6.997531923674636
EFT:-25.79876614607165,-19.62553219652444,-13.636582010532758,9.756217181436574,-14.964007370996525,25.046497932158516,-13.532649723398578,-17.615877205629747,-2.7736905497497353,6.997531923674636
Random195
Raw:-25.79876614607165,-19.625532196524436,-13.636582010532758,9.756217181436574,-14.964007370996528,25.046497932158516,-13.532649723398567,-17.61587720562974,-2.773690549749736,6.997531923674631
EFT:-25.79876614607165,-19.62553219652444,-13.636582010532758,9.756217181436574,-14.964007370996525,25.046497932158516,-13.532649723398578,-17.615877205629747,-2.7736905497497353,6.997531923674637
Random196
Raw:-25.798766146071635,-19.62553219652444,-13.63658201053275,9.75621718143657,-14.964007370996526,25.04649793215851,-13.532649723398569,-17.61587720562974,-2.7736905497497313,6.99753192367463
EFT:-25.79876614607165,-19.62553219652444,-13.636582010532758,9.756217181436574,-14.964007370996525,25.046497932158516,-13.532649723398578,-17.615877205629747,-2.773690549749735,6.997531923674637
Random197
Raw:-25.79876614607166,-19.62553219652444,-13.636582010532763,9.756217181436575,-14.964007370996523,25.046497932158523,-13.53264972339857,-17.615877205629747,-2.773690549749734,6.997531923674637
EFT:-25.79876614607165,-19.62553219652444,-13.636582010532758,9.756217181436574,-14.964007370996525,25.046497932158513,-13.532649723398578,-17.615877205629747,-2.7736905497497357,6.997531923674637
Random198
Raw:-25.798766146071646,-19.62553219652444,-13.636582010532749,9.756217181436574,-14.964007370996535,25.046497932158513,-13.53264972339857,-17.615877205629744,-2.7736905497497397,6.997531923674632
EFT:-25.79876614607165,-19.62553219652444,-13.636582010532758,9.756217181436574,-14.964007370996525,25.046497932158516,-13.532649723398578,-17.615877205629747,-2.7736905497497353,6.997531923674637
Random199
Raw:-25.798766146071653,-19.625532196524443,-13.636582010532754,9.75621718143657,-14.96400737099653,25.046497932158516,-13.532649723398569,-17.615877205629747,-2.7736905497497335,6.997531923674633
EFT:-25.79876614607165,-19.62553219652444,-13.636582010532758,9.756217181436574,-14.964007370996525,25.046497932158516,-13.532649723398578,-17.615877205629747,-2.7736905497497357,6.997531923674637
Random200
Raw:-25.79876614607165,-19.625532196524446,-13.636582010532752,9.756217181436574,-14.964007370996525,25.04649793215851,-13.532649723398569,-17.615877205629747,-2.773690549749731,6.997531923674635
EFT:-25.79876614607165,-19.62553219652444,-13.636582010532758,9.756217181436574,-14.964007370996525,25.046497932158516,-13.532649723398578,-17.615877205629747,-2.7736905497497353,6.997531923674636
Random201
Raw:-25.798766146071642,-19.625532196524436,-13.636582010532761,9.756217181436575,-14.96400737099653,25.046497932158516,-13.53264972339858,-17.615877205629754,-2.77369054974974,6.997531923674638
EFT:-25.79876614607165,-19.62553219652444,-13.636582010532758,9.756217181436574,-14.964007370996525,25.046497932158516,-13.532649723398578,-17.615877205629747,-2.7736905497497357,6.997531923674636
Random202
Raw:-25.798766146071664,-19.625532196524436,-13.636582010532761,9.75621718143657,-14.964007370996526,25.04649793215852,-13.532649723398574,-17.615877205629744,-2.773690549749734,6.997531923674634
EFT:-25.79876614607165,-19.62553219652444,-13.636582010532758,9.756217181436574,-14.964007370996525,25.046497932158516,-13.532649723398578,-17.615877205629747,-2.7736905497497353,6.997531923674636
Random203
Raw:-25.79876614607165,-19.625532196524443,-13.636582010532758,9.756217181436574,-14.964007370996523,25.046497932158513,-13.53264972339858,-17.61587720562975,-2.7736905497497353,6.997531923674633
EFT:-25.79876614607165,-19.62553219652444,-13.636582010532758,9.756217181436574,-14.964007370996525,25.046497932158516,-13.532649723398578,-17.615877205629747,-2.7736905497497357,6.997531923674636
Random204
Raw:-25.798766146071642,-19.62553219652443,-13.63658201053276,9.756217181436577,-14.964007370996525,25.046497932158527,-13.532649723398576,-17.61587720562974,-2.7736905497497313,6.997531923674633
EFT:-25.79876614607165,-19.62553219652444,-13.636582010532758,9.756217181436574,-14.964007370996525,25.046497932158516,-13.532649723398578,-17.615877205629747,-2.7736905497497357,6.997531923674636
Random205
Raw:-25.79876614607165,-19.62553219652444,-13.636582010532752,9.756217181436575,-14.964007370996526,25.04649793215851,-13.532649723398574,-17.615877205629744,-2.7736905497497357,6.99753192367464
EFT:-25.79876614607165,-19.62553219652444,-13.636582010532758,9.756217181436574,-14.964007370996525,25.046497932158516,-13.532649723398578,-17.615877205629747,-2.7736905497497357,6.997531923674637
Random206
Raw:-25.798766146071646,-19.625532196524443,-13.636582010532754,9.756217181436572,-14.964007370996521,25.046497932158513,-13.532649723398572,-17.615877205629747,-2.773690549749737,6.997531923674634
EFT:-25.79876614607165,-19.62553219652444,-13.636582010532758,9.756217181436574,-14.964007370996525,25.046497932158516,-13.532649723398578,-17.615877205629747,-2.7736905497497357,6.997531923674637
Random207
Raw:-25.798766146071642,-19.625532196524436,-13.636582010532752,9.756217181436574,-14.964007370996526,25.04649793215851,-13.53264972339857,-17.61587720562974,-2.773690549749736,6.997531923674634
EFT:-25.79876614607165,-19.62553219652444,-13.636582010532758,9.756217181436574,-14.964007370996525,25.046497932158516,-13.532649723398578,-17.615877205629747,-2.7736905497497353,6.997531923674637
Random208
Raw:-25.798766146071642,-19.625532196524443,-13.636582010532754,9.756217181436575,-14.96400737099653,25.046497932158513,-13.532649723398581,-17.61587720562975,-2.7736905497497384,6.997531923674635
EFT:-25.79876614607165,-19.62553219652444,-13.636582010532758,9.756217181436574,-14.964007370996525,25.046497932158516,-13.532649723398578,-17.615877205629747,-2.7736905497497357,6.997531923674636
Random209
Raw:-25.79876614607165,-19.62553219652444,-13.636582010532754,9.756217181436575,-14.964007370996525,25.046497932158513,-13.532649723398572,-17.615877205629747,-2.7736905497497357,6.997531923674637
EFT:-25.79876614607165,-19.62553219652444,-13.636582010532758,9.756217181436574,-14.964007370996525,25.046497932158516,-13.532649723398578,-17.615877205629747,-2.7736905497497357,6.997531923674636
Random210
Raw:-25.79876614607165,-19.625532196524436,-13.636582010532754,9.756217181436574,-14.964007370996532,25.04649793215851,-13.532649723398569,-17.615877205629747,-2.773690549749734,6.997531923674634
EFT:-25.79876614607165,-19.62553219652444,-13.636582010532758,9.756217181436574,-14.964007370996525,25.046497932158516,-13.532649723398578,-17.615877205629747,-2.7736905497497353,6.997531923674637
Random211
Raw:-25.798766146071657,-19.625532196524443,-13.636582010532758,9.756217181436568,-14.964007370996526,25.046497932158513,-13.532649723398576,-17.615877205629747,-2.7736905497497313,6.997531923674633
EFT:-25.79876614607165,-19.62553219652444,-13.636582010532758,9.756217181436574,-14.964007370996525,25.046497932158516,-13.532649723398578,-17.615877205629747,-2.7736905497497353,6.997531923674636
Random212
Raw:-25.798766146071642,-19.625532196524443,-13.63658201053275,9.756217181436575,-14.964007370996535,25.046497932158516,-13.53264972339858,-17.615877205629744,-2.773690549749735,6.997531923674635
EFT:-25.79876614607165,-19.62553219652444,-13.636582010532758,9.756217181436574,-14.964007370996525,25.046497932158516,-13.532649723398578,-17.615877205629747,-2.7736905497497353,6.997531923674636
Random213
Raw:-25.798766146071646,-19.625532196524432,-13.636582010532756,9.756217181436574,-14.964007370996525,25.04649793215852,-13.53264972339857,-17.615877205629744,-2.773690549749734,6.9975319236746385
EFT:-25.79876614607165,-19.62553219652444,-13.636582010532758,9.756217181436574,-14.964007370996525,25.046497932158516,-13.532649723398578,-17.615877205629747,-2.7736905497497353,6.997531923674636
Random214
Raw:-25.79876614607165,-19.62553219652444,-13.636582010532754,9.756217181436575,-14.964007370996528,25.046497932158523,-13.532649723398576,-17.615877205629747,-2.773690549749739,6.997531923674637
EFT:-25.79876614607165,-19.62553219652444,-13.636582010532758,9.756217181436574,-14.964007370996525,25.046497932158516,-13.532649723398578,-17.615877205629747,-2.7736905497497353,6.997531923674637
Random215
Raw:-25.79876614607165,-19.625532196524432,-13.636582010532758,9.756217181436572,-14.964007370996526,25.046497932158513,-13.532649723398569,-17.615877205629744,-2.773690549749734,6.997531923674634
EFT:-25.79876614607165,-19.62553219652444,-13.636582010532758,9.756217181436574,-14.964007370996525,25.046497932158516,-13.532649723398578,-17.615877205629747,-2.7736905497497353,6.997531923674636
Random216
Raw:-25.798766146071646,-19.625532196524443,-13.636582010532754,9.756217181436567,-14.964007370996526,25.046497932158516,-13.532649723398572,-17.615877205629744,-2.773690549749733,6.997531923674632
EFT:-25.79876614607165,-19.62553219652444,-13.636582010532758,9.756217181436574,-14.964007370996525,25.046497932158516,-13.532649723398578,-17.615877205629747,-2.7736905497497357,6.997531923674636
Random217
Raw:-25.79876614607165,-19.62553219652444,-13.63658201053275,9.756217181436574,-14.964007370996525,25.046497932158513,-13.53264972339857,-17.61587720562975,-2.773690549749734,6.997531923674634
EFT:-25.79876614607165,-19.62553219652444,-13.636582010532758,9.756217181436574,-14.964007370996525,25.046497932158513,-13.532649723398578,-17.615877205629747,-2.7736905497497357,6.997531923674637
Random218
Raw:-25.79876614607164,-19.625532196524443,-13.63658201053275,9.756217181436577,-14.964007370996523,25.04649793215851,-13.532649723398574,-17.615877205629744,-2.773690549749732,6.997531923674635
EFT:-25.79876614607165,-19.62553219652444,-13.636582010532758,9.756217181436574,-14.964007370996525,25.046497932158513,-13.532649723398578,-17.615877205629747,-2.7736905497497357,6.997531923674637
Random219
Raw:-25.798766146071642,-19.62553219652444,-13.636582010532752,9.756217181436574,-14.964007370996525,25.046497932158513,-13.532649723398572,-17.615877205629747,-2.7736905497497375,6.997531923674635
EFT:-25.79876614607165,-19.62553219652444,-13.636582010532758,9.756217181436574,-14.964007370996525,25.046497932158516,-13.532649723398578,-17.615877205629747,-2.7736905497497357,6.997531923674636
Random220
Raw:-25.798766146071642,-19.62553219652444,-13.636582010532754,9.756217181436574,-14.964007370996532,25.046497932158523,-13.532649723398576,-17.615877205629747,-2.773690549749735,6.997531923674635
EFT:-25.79876614607165,-19.62553219652444,-13.636582010532758,9.756217181436574,-14.964007370996525,25.046497932158516,-13.532649723398578,-17.615877205629747,-2.7736905497497357,6.997531923674637
Random221
Raw:-25.798766146071657,-19.625532196524436,-13.636582010532758,9.756217181436575,-14.964007370996521,25.046497932158513,-13.53264972339858,-17.615877205629754,-2.7736905497497375,6.997531923674636
EFT:-25.79876614607165,-19.62553219652444,-13.636582010532758,9.756217181436574,-14.964007370996525,25.046497932158516,-13.532649723398578,-17.615877205629747,-2.7736905497497353,6.997531923674636
Random222
Raw:-25.798766146071646,-19.625532196524443,-13.636582010532754,9.756217181436574,-14.964007370996523,25.04649793215851,-13.532649723398574,-17.615877205629747,-2.7736905497497317,6.997531923674635
EFT:-25.79876614607165,-19.62553219652444,-13.636582010532758,9.756217181436574,-14.964007370996525,25.046497932158516,-13.532649723398578,-17.615877205629747,-2.7736905497497353,6.997531923674636
Random223
Raw:-25.798766146071642,-19.625532196524443,-13.636582010532756,9.756217181436574,-14.964007370996526,25.04649793215851,-13.53264972339857,-17.615877205629744,-2.773690549749734,6.997531923674632
EFT:-25.79876614607165,-19.62553219652444,-13.636582010532758,9.756217181436574,-14.964007370996525,25.046497932158516,-13.532649723398578,-17.615877205629747,-2.7736905497497357,6.997531923674637
Random224
Raw:-25.79876614607165,-19.625532196524432,-13.636582010532756,9.756217181436575,-14.964007370996525,25.046497932158513,-13.532649723398567,-17.615877205629744,-2.7736905497497393,6.997531923674635
EFT:-25.79876614607165,-19.62553219652444,-13.636582010532758,9.756217181436574,-14.964007370996525,25.046497932158516,-13.532649723398578,-17.615877205629747,-2.7736905497497353,6.997531923674636
Random225
Raw:-25.798766146071653,-19.625532196524436,-13.636582010532754,9.756217181436574,-14.964007370996526,25.046497932158516,-13.53264972339857,-17.61587720562974,-2.7736905497497317,6.997531923674638
EFT:-25.79876614607165,-19.62553219652444,-13.636582010532758,9.756217181436574,-14.964007370996525,25.046497932158516,-13.532649723398578,-17.615877205629747,-2.7736905497497353,6.997531923674636
Random226
Raw:-25.79876614607165,-19.625532196524432,-13.636582010532758,9.75621718143657,-14.964007370996528,25.046497932158523,-13.532649723398576,-17.615877205629747,-2.7736905497497397,6.997531923674636
EFT:-25.79876614607165,-19.62553219652444,-13.636582010532758,9.756217181436574,-14.964007370996525,25.046497932158513,-13.532649723398578,-17.615877205629747,-2.7736905497497357,6.997531923674637
Random227
Raw:-25.79876614607163,-19.62553219652444,-13.63658201053275,9.75621718143657,-14.964007370996526,25.046497932158513,-13.53264972339857,-17.61587720562974,-2.773690549749732,6.997531923674633
EFT:-25.79876614607165,-19.62553219652444,-13.636582010532758,9.756217181436574,-14.964007370996525,25.046497932158516,-13.532649723398578,-17.615877205629747,-2.7736905497497353,6.997531923674637
Random228
Raw:-25.798766146071653,-19.625532196524443,-13.63658201053276,9.756217181436572,-14.964007370996526,25.046497932158523,-13.532649723398572,-17.615877205629758,-2.7736905497497317,6.997531923674636
EFT:-25.79876614607165,-19.62553219652444,-13.636582010532758,9.756217181436574,-14.964007370996525,25.046497932158516,-13.532649723398578,-17.615877205629747,-2.7736905497497357,6.997531923674637
Random229
Raw:-25.798766146071646,-19.625532196524446,-13.636582010532754,9.756217181436568,-14.96400737099653,25.046497932158516,-13.532649723398572,-17.615877205629744,-2.7736905497497353,6.997531923674633
EFT:-25.79876614607165,-19.62553219652444,-13.636582010532758,9.756217181436574,-14.964007370996525,25.046497932158516,-13.532649723398578,-17.615877205629747,-2.7736905497497353,6.997531923674637
Random230
Raw:-25.798766146071642,-19.625532196524436,-13.636582010532756,9.756217181436574,-14.964007370996528,25.046497932158516,-13.532649723398576,-17.615877205629744,-2.7736905497497353,6.997531923674634
EFT:-25.79876614607165,-19.62553219652444,-13.636582010532758,9.756217181436574,-14.964007370996525,25.046497932158513,-13.532649723398578,-17.615877205629747,-2.7736905497497357,6.997531923674637
Random231
Raw:-25.79876614607164,-19.625532196524436,-13.636582010532752,9.756217181436567,-14.964007370996528,25.04649793215851,-13.532649723398569,-17.61587720562974,-2.773690549749735,6.997531923674631
EFT:-25.79876614607165,-19.62553219652444,-13.636582010532758,9.756217181436574,-14.964007370996525,25.046497932158516,-13.532649723398578,-17.615877205629747,-2.7736905497497357,6.997531923674636
Random232
Raw:-25.79876614607165,-19.62553219652444,-13.636582010532754,9.756217181436574,-14.964007370996523,25.046497932158506,-13.532649723398569,-17.61587720562974,-2.7736905497497375,6.997531923674634
EFT:-25.79876614607165,-19.62553219652444,-13.636582010532758,9.756217181436574,-14.964007370996525,25.046497932158516,-13.532649723398578,-17.615877205629747,-2.7736905497497357,6.997531923674636
Random233
Raw:-25.798766146071642,-19.62553219652444,-13.63658201053276,9.756217181436574,-14.964007370996525,25.046497932158516,-13.532649723398576,-17.615877205629747,-2.773690549749742,6.997531923674637
EFT:-25.79876614607165,-19.62553219652444,-13.636582010532758,9.756217181436574,-14.964007370996525,25.046497932158516,-13.532649723398578,-17.615877205629747,-2.7736905497497353,6.997531923674637
Random234
Raw:-25.79876614607165,-19.62553219652444,-13.636582010532758,9.75621718143657,-14.964007370996523,25.046497932158523,-13.53264972339858,-17.61587720562974,-2.7736905497497415,6.997531923674636
EFT:-25.79876614607165,-19.62553219652444,-13.636582010532758,9.756217181436574,-14.964007370996525,25.046497932158516,-13.532649723398578,-17.615877205629747,-2.7736905497497353,6.997531923674637
Random235
Raw:-25.79876614607165,-19.625532196524446,-13.636582010532752,9.756217181436579,-14.964007370996534,25.046497932158523,-13.532649723398578,-17.61587720562974,-2.773690549749729,6.997531923674638
EFT:-25.79876614607165,-19.62553219652444,-13.636582010532758,9.756217181436574,-14.964007370996525,25.046497932158513,-13.532649723398578,-17.615877205629747,-2.7736905497497357,6.997531923674637
Random236
Raw:-25.798766146071646,-19.62553219652444,-13.636582010532758,9.756217181436572,-14.964007370996525,25.046497932158523,-13.532649723398576,-17.615877205629754,-2.7736905497497375,6.9975319236746385
EFT:-25.79876614607165,-19.62553219652444,-13.636582010532758,9.756217181436574,-14.964007370996525,25.046497932158516,-13.532649723398578,-17.615877205629747,-2.7736905497497353,6.997531923674637
Random237
Raw:-25.798766146071642,-19.625532196524436,-13.636582010532752,9.756217181436572,-14.964007370996526,25.046497932158516,-13.532649723398578,-17.61587720562975,-2.773690549749734,6.997531923674637
EFT:-25.79876614607165,-19.62553219652444,-13.636582010532758,9.756217181436574,-14.964007370996525,25.046497932158516,-13.532649723398578,-17.615877205629747,-2.7736905497497357,6.997531923674636
Random238
Raw:-25.798766146071653,-19.62553219652444,-13.636582010532761,9.756217181436574,-14.964007370996521,25.046497932158516,-13.532649723398578,-17.615877205629733,-2.773690549749735,6.9975319236746385
EFT:-25.79876614607165,-19.62553219652444,-13.636582010532758,9.756217181436574,-14.964007370996525,25.046497932158516,-13.532649723398578,-17.615877205629747,-2.7736905497497357,6.997531923674636
Random239
Raw:-25.798766146071653,-19.625532196524443,-13.636582010532754,9.756217181436575,-14.964007370996525,25.046497932158523,-13.532649723398572,-17.61587720562975,-2.7736905497497366,6.997531923674637
EFT:-25.79876614607165,-19.62553219652444,-13.636582010532758,9.756217181436574,-14.964007370996525,25.046497932158516,-13.532649723398578,-17.615877205629747,-2.7736905497497353,6.997531923674637
Random240
Raw:-25.798766146071642,-19.62553219652444,-13.636582010532756,9.756217181436577,-14.964007370996525,25.046497932158513,-13.532649723398574,-17.615877205629744,-2.7736905497497313,6.997531923674633
EFT:-25.79876614607165,-19.62553219652444,-13.636582010532758,9.756217181436574,-14.964007370996525,25.046497932158516,-13.532649723398578,-17.615877205629747,-2.7736905497497357,6.997531923674636
Random241
Raw:-25.798766146071646,-19.62553219652444,-13.636582010532754,9.756217181436575,-14.96400737099653,25.04649793215851,-13.532649723398574,-17.615877205629744,-2.7736905497497375,6.997531923674634
EFT:-25.79876614607165,-19.62553219652444,-13.636582010532758,9.756217181436574,-14.964007370996525,25.046497932158516,-13.532649723398578,-17.615877205629747,-2.7736905497497357,6.997531923674636
Random242
Raw:-25.798766146071653,-19.625532196524443,-13.63658201053276,9.756217181436574,-14.96400737099652,25.04649793215851,-13.532649723398569,-17.615877205629747,-2.7736905497497375,6.99753192367464
EFT:-25.79876614607165,-19.62553219652444,-13.636582010532758,9.756217181436574,-14.964007370996525,25.046497932158516,-13.532649723398578,-17.615877205629747,-2.7736905497497353,6.997531923674636
Random243
Raw:-25.798766146071642,-19.625532196524432,-13.63658201053275,9.756217181436575,-14.964007370996523,25.046497932158513,-13.532649723398574,-17.615877205629744,-2.773690549749738,6.997531923674636
EFT:-25.79876614607165,-19.62553219652444,-13.636582010532758,9.756217181436574,-14.964007370996525,25.046497932158516,-13.532649723398578,-17.615877205629747,-2.773690549749735,6.997531923674637
Random244
Raw:-25.798766146071635,-19.625532196524425,-13.636582010532752,9.756217181436572,-14.964007370996523,25.046497932158513,-13.532649723398572,-17.61587720562974,-2.773690549749734,6.997531923674634
EFT:-25.79876614607165,-19.62553219652444,-13.636582010532758,9.756217181436574,-14.964007370996525,25.046497932158516,-13.532649723398578,-17.615877205629747,-2.7736905497497353,6.997531923674636
Random245
Raw:-25.798766146071657,-19.62553219652444,-13.636582010532752,9.756217181436574,-14.96400737099653,25.046497932158516,-13.532649723398576,-17.615877205629744,-2.7736905497497393,6.997531923674636
EFT:-25.79876614607165,-19.62553219652444,-13.636582010532758,9.756217181436574,-14.964007370996525,25.046497932158516,-13.532649723398578,-17.615877205629747,-2.7736905497497353,6.997531923674637
Random246
Raw:-25.79876614607164,-19.625532196524443,-13.636582010532752,9.756217181436577,-14.96400737099653,25.04649793215851,-13.532649723398578,-17.615877205629747,-2.7736905497497313,6.997531923674633
EFT:-25.79876614607165,-19.62553219652444,-13.636582010532758,9.756217181436574,-14.964007370996525,25.046497932158516,-13.532649723398578,-17.615877205629747,-2.7736905497497357,6.997531923674636
Random247
Raw:-25.798766146071653,-19.62553219652444,-13.636582010532758,9.75621718143657,-14.96400737099653,25.046497932158516,-13.532649723398569,-17.615877205629744,-2.773690549749737,6.997531923674629
EFT:-25.79876614607165,-19.62553219652444,-13.636582010532758,9.756217181436574,-14.964007370996525,25.046497932158516,-13.532649723398578,-17.615877205629747,-2.7736905497497357,6.997531923674636
Random248
Raw:-25.79876614607165,-19.625532196524443,-13.636582010532758,9.756217181436575,-14.964007370996523,25.046497932158513,-13.532649723398572,-17.615877205629747,-2.773690549749734,6.997531923674638
EFT:-25.79876614607165,-19.62553219652444,-13.636582010532758,9.756217181436574,-14.964007370996525,25.046497932158516,-13.532649723398578,-17.615877205629747,-2.7736905497497357,6.997531923674636
Random249
Raw:-25.79876614607165,-19.625532196524446,-13.63658201053276,9.756217181436579,-14.964007370996523,25.046497932158527,-13.53264972339857,-17.615877205629754,-2.7736905497497375,6.997531923674637
EFT:-25.79876614607165,-19.62553219652444,-13.636582010532758,9.756217181436574,-14.964007370996525,25.046497932158516,-13.532649723398578,-17.615877205629747,-2.7736905497497353,6.997531923674637
Random250
Raw:-25.798766146071653,-19.625532196524432,-13.636582010532758,9.756217181436572,-14.964007370996528,25.046497932158523,-13.532649723398574,-17.615877205629747,-2.773690549749738,6.997531923674635
EFT:-25.79876614607165,-19.62553219652444,-13.636582010532758,9.756217181436574,-14.964007370996525,25.046497932158516,-13.532649723398578,-17.615877205629747,-2.7736905497497353,6.997531923674636
Random251
Raw:-25.798766146071642,-19.625532196524446,-13.63658201053275,9.756217181436572,-14.96400737099653,25.04649793215851,-13.532649723398578,-17.615877205629747,-2.7736905497497366,6.997531923674637
EFT:-25.79876614607165,-19.62553219652444,-13.636582010532758,9.756217181436574,-14.964007370996525,25.046497932158516,-13.532649723398578,-17.615877205629747,-2.7736905497497357,6.997531923674637
Random252
Raw:-25.798766146071642,-19.625532196524443,-13.636582010532756,9.756217181436575,-14.964007370996525,25.046497932158513,-13.532649723398572,-17.615877205629754,-2.7736905497497335,6.997531923674638
EFT:-25.79876614607165,-19.62553219652444,-13.636582010532758,9.756217181436574,-14.964007370996525,25.046497932158516,-13.532649723398578,-17.615877205629747,-2.7736905497497357,6.997531923674636
Random253
Raw:-25.79876614607165,-19.625532196524436,-13.636582010532752,9.756217181436567,-14.964007370996526,25.046497932158516,-13.532649723398572,-17.61587720562974,-2.7736905497497375,6.997531923674637
EFT:-25.79876614607165,-19.62553219652444,-13.636582010532758,9.756217181436574,-14.964007370996525,25.046497932158516,-13.532649723398578,-17.615877205629747,-2.7736905497497357,6.997531923674636
Random254
Raw:-25.798766146071646,-19.625532196524432,-13.636582010532743,9.756217181436577,-14.964007370996525,25.04649793215851,-13.532649723398578,-17.615877205629744,-2.7736905497497353,6.997531923674635
EFT:-25.79876614607165,-19.62553219652444,-13.636582010532758,9.756217181436574,-14.964007370996525,25.046497932158516,-13.532649723398578,-17.615877205629747,-2.7736905497497353,6.997531923674636
Random255
Raw:-25.798766146071642,-19.625532196524432,-13.636582010532754,9.75621718143657,-14.964007370996526,25.046497932158516,-13.532649723398576,-17.61587720562974,-2.773690549749732,6.997531923674633
EFT:-25.79876614607165,-19.62553219652444,-13.636582010532758,9.756217181436574,-14.964007370996525,25.046497932158516,-13.532649723398578,-17.615877205629747,-2.7736905497497357,6.997531923674636
Random256
Raw:-25.79876614607165,-19.625532196524432,-13.636582010532756,9.75621718143657,-14.964007370996521,25.046497932158513,-13.53264972339857,-17.615877205629744,-2.773690549749731,6.997531923674634
EFT:-25.79876614607165,-19.62553219652444,-13.636582010532758,9.756217181436574,-14.964007370996525,25.046497932158516,-13.532649723398578,-17.615877205629747,-2.7736905497497353,6.997531923674636
Random257
Raw:-25.798766146071646,-19.625532196524446,-13.636582010532749,9.756217181436572,-14.964007370996532,25.046497932158516,-13.532649723398572,-17.615877205629747,-2.773690549749734,6.997531923674632
EFT:-25.79876614607165,-19.62553219652444,-13.636582010532758,9.756217181436574,-14.964007370996525,25.046497932158516,-13.532649723398578,-17.615877205629747,-2.7736905497497353,6.997531923674637
Random258
Raw:-25.79876614607165,-19.625532196524443,-13.636582010532756,9.756217181436579,-14.964007370996526,25.046497932158513,-13.532649723398574,-17.615877205629744,-2.773690549749732,6.997531923674637
EFT:-25.79876614607165,-19.62553219652444,-13.636582010532758,9.756217181436574,-14.964007370996525,25.046497932158516,-13.532649723398578,-17.615877205629747,-2.7736905497497357,6.997531923674636
Random259
Raw:-25.798766146071642,-19.62553219652443,-13.63658201053275,9.75621718143657,-14.96400737099653,25.046497932158516,-13.532649723398576,-17.615877205629744,-2.77369054974974,6.997531923674635
EFT:-25.79876614607165,-19.62553219652444,-13.636582010532758,9.756217181436574,-14.964007370996525,25.046497932158516,-13.532649723398578,-17.615877205629747,-2.7736905497497357,6.997531923674636
Random260
Raw:-25.79876614607165,-19.62553219652444,-13.636582010532756,9.756217181436568,-14.964007370996526,25.046497932158516,-13.532649723398572,-17.61587720562974,-2.7736905497497357,6.997531923674635
EFT:-25.79876614607165,-19.62553219652444,-13.636582010532758,9.756217181436574,-14.964007370996525,25.046497932158513,-13.532649723398578,-17.615877205629747,-2.7736905497497357,6.997531923674637
Random261
Raw:-25.79876614607164,-19.625532196524443,-13.636582010532747,9.756217181436575,-14.964007370996528,25.04649793215851,-13.53264972339857,-17.61587720562975,-2.773690549749738,6.9975319236746305
EFT:-25.79876614607165,-19.62553219652444,-13.636582010532758,9.756217181436574,-14.964007370996525,25.046497932158516,-13.532649723398578,-17.615877205629747,-2.7736905497497353,6.997531923674637
Random262
Raw:-25.79876614607165,-19.625532196524443,-13.636582010532758,9.756217181436572,-14.964007370996526,25.04649793215852,-13.532649723398576,-17.61587720562975,-2.7736905497497335,6.997531923674636
EFT:-25.79876614607165,-19.62553219652444,-13.636582010532758,9.756217181436574,-14.964007370996525,25.046497932158516,-13.532649723398578,-17.615877205629747,-2.7736905497497353,6.997531923674636
Random263
Raw:-25.79876614607165,-19.625532196524443,-13.636582010532754,9.756217181436574,-14.964007370996528,25.046497932158513,-13.532649723398569,-17.615877205629747,-2.7736905497497286,6.997531923674635
EFT:-25.79876614607165,-19.62553219652444,-13.636582010532758,9.756217181436574,-14.964007370996525,25.046497932158516,-13.532649723398578,-17.615877205629747,-2.7736905497497357,6.997531923674636
Random264
Raw:-25.798766146071642,-19.625532196524443,-13.636582010532758,9.756217181436574,-14.964007370996537,25.046497932158513,-13.532649723398576,-17.61587720562975,-2.773690549749733,6.997531923674634
EFT:-25.79876614607165,-19.62553219652444,-13.636582010532758,9.756217181436574,-14.964007370996525,25.046497932158516,-13.532649723398578,-17.615877205629747,-2.7736905497497357,6.997531923674636
Random265
Raw:-25.798766146071657,-19.625532196524443,-13.636582010532754,9.756217181436574,-14.964007370996532,25.04649793215851,-13.532649723398567,-17.61587720562975,-2.773690549749732,6.997531923674636
EFT:-25.79876614607165,-19.62553219652444,-13.636582010532758,9.756217181436574,-14.964007370996525,25.046497932158516,-13.532649723398578,-17.615877205629747,-2.7736905497497357,6.997531923674636
Random266
Raw:-25.798766146071646,-19.625532196524443,-13.636582010532756,9.756217181436574,-14.96400737099653,25.04649793215852,-13.532649723398572,-17.615877205629747,-2.7736905497497415,6.997531923674636
EFT:-25.79876614607165,-19.62553219652444,-13.636582010532758,9.756217181436574,-14.964007370996525,25.046497932158516,-13.532649723398578,-17.615877205629747,-2.7736905497497353,6.997531923674636
Random267
Raw:-25.798766146071657,-19.625532196524443,-13.63658201053276,9.756217181436575,-14.964007370996523,25.046497932158516,-13.532649723398578,-17.615877205629747,-2.7736905497497393,6.997531923674638
EFT:-25.79876614607165,-19.62553219652444,-13.636582010532758,9.756217181436574,-14.964007370996525,25.046497932158516,-13.532649723398578,-17.615877205629747,-2.7736905497497357,6.997531923674636
Random268
Raw:-25.798766146071646,-19.625532196524443,-13.636582010532756,9.75621718143657,-14.964007370996528,25.046497932158516,-13.532649723398574,-17.615877205629747,-2.7736905497497317,6.997531923674636
EFT:-25.79876614607165,-19.62553219652444,-13.636582010532758,9.756217181436574,-14.964007370996525,25.046497932158516,-13.532649723398578,-17.615877205629747,-2.7736905497497353,6.997531923674637
Random269
Raw:-25.798766146071653,-19.625532196524443,-13.636582010532758,9.75621718143657,-14.964007370996528,25.046497932158516,-13.532649723398574,-17.61587720562975,-2.773690549749739,6.997531923674634
EFT:-25.79876614607165,-19.62553219652444,-13.636582010532758,9.756217181436574,-14.964007370996525,25.046497932158516,-13.532649723398578,-17.615877205629747,-2.7736905497497353,6.997531923674636
Random270
Raw:-25.798766146071653,-19.625532196524443,-13.63658201053276,9.756217181436574,-14.964007370996516,25.046497932158513,-13.53264972339857,-17.615877205629747,-2.773690549749735,6.997531923674639
EFT:-25.79876614607165,-19.62553219652444,-13.636582010532758,9.756217181436574,-14.964007370996525,25.046497932158516,-13.532649723398578,-17.615877205629747,-2.7736905497497353,6.997531923674637
Random271
Raw:-25.798766146071646,-19.625532196524443,-13.636582010532758,9.756217181436572,-14.964007370996528,25.04649793215852,-13.532649723398574,-17.615877205629744,-2.773690549749734,6.997531923674638
EFT:-25.79876614607165,-19.62553219652444,-13.636582010532758,9.756217181436574,-14.964007370996525,25.046497932158516,-13.532649723398578,-17.615877205629747,-2.7736905497497353,6.997531923674636
Random272
Raw:-25.798766146071646,-19.62553219652444,-13.63658201053276,9.75621718143657,-14.96400737099652,25.046497932158523,-13.532649723398569,-17.61587720562975,-2.7736905497497366,6.9975319236746385
EFT:-25.79876614607165,-19.62553219652444,-13.636582010532758,9.756217181436574,-14.964007370996525,25.046497932158516,-13.532649723398578,-17.615877205629747,-2.7736905497497353,6.997531923674637
Random273
Raw:-25.798766146071635,-19.62553219652444,-13.636582010532752,9.756217181436568,-14.964007370996532,25.04649793215852,-13.532649723398562,-17.615877205629747,-2.773690549749727,6.997531923674628
EFT:-25.79876614607165,-19.62553219652444,-13.636582010532758,9.756217181436574,-14.964007370996525,25.046497932158516,-13.532649723398578,-17.615877205629747,-2.7736905497497353,6.997531923674637
Random274
Raw:-25.79876614607164,-19.62553219652444,-13.636582010532745,9.756217181436572,-14.96400737099653,25.04649793215851,-13.532649723398576,-17.615877205629744,-2.7736905497497313,6.997531923674635
EFT:-25.79876614607165,-19.62553219652444,-13.636582010532758,9.756217181436574,-14.964007370996525,25.046497932158513,-13.532649723398578,-17.615877205629747,-2.7736905497497357,6.997531923674637
Random275
Raw:-25.79876614607165,-19.625532196524436,-13.636582010532754,9.756217181436574,-14.964007370996535,25.04649793215852,-13.532649723398576,-17.615877205629747,-2.7736905497497384,6.997531923674633
EFT:-25.79876614607165,-19.62553219652444,-13.636582010532758,9.756217181436574,-14.964007370996525,25.046497932158516,-13.532649723398578,-17.615877205629747,-2.7736905497497357,6.997531923674636
Random276
Raw:-25.79876614607164,-19.62553219652444,-13.636582010532749,9.756217181436574,-14.964007370996532,25.046497932158516,-13.532649723398565,-17.61587720562975,-2.773690549749732,6.997531923674631
EFT:-25.79876614607165,-19.62553219652444,-13.636582010532758,9.756217181436574,-14.964007370996525,25.046497932158516,-13.532649723398578,-17.615877205629747,-2.7736905497497357,6.997531923674637
Random277
Raw:-25.798766146071642,-19.625532196524443,-13.636582010532752,9.756217181436577,-14.964007370996521,25.04649793215852,-13.532649723398578,-17.615877205629744,-2.7736905497497353,6.9975319236746385
EFT:-25.79876614607165,-19.62553219652444,-13.636582010532758,9.756217181436574,-14.964007370996525,25.046497932158513,-13.532649723398578,-17.615877205629747,-2.7736905497497357,6.997531923674637
Random278
Raw:-25.798766146071642,-19.625532196524443,-13.636582010532752,9.756217181436575,-14.964007370996532,25.046497932158516,-13.53264972339857,-17.615877205629747,-2.7736905497497313,6.997531923674633
EFT:-25.79876614607165,-19.62553219652444,-13.636582010532758,9.756217181436574,-14.964007370996525,25.046497932158516,-13.532649723398578,-17.615877205629747,-2.7736905497497357,6.997531923674637
Random279
Raw:-25.798766146071657,-19.625532196524446,-13.636582010532756,9.756217181436575,-14.96400737099653,25.046497932158516,-13.532649723398574,-17.615877205629747,-2.773690549749736,6.997531923674637
EFT:-25.79876614607165,-19.62553219652444,-13.636582010532758,9.756217181436574,-14.964007370996525,25.046497932158516,-13.532649723398578,-17.615877205629747,-2.7736905497497357,6.997531923674636
Random280
Raw:-25.79876614607165,-19.62553219652444,-13.636582010532758,9.756217181436568,-14.964007370996521,25.046497932158516,-13.532649723398578,-17.61587720562974,-2.7736905497497393,6.997531923674636
EFT:-25.79876614607165,-19.62553219652444,-13.636582010532758,9.756217181436574,-14.964007370996525,25.046497932158516,-13.532649723398578,-17.615877205629747,-2.7736905497497353,6.997531923674636
Random281
Raw:-25.798766146071646,-19.625532196524432,-13.636582010532758,9.756217181436574,-14.96400737099653,25.046497932158513,-13.532649723398576,-17.615877205629744,-2.7736905497497357,6.997531923674638
EFT:-25.79876614607165,-19.62553219652444,-13.636582010532758,9.756217181436574,-14.964007370996525,25.046497932158516,-13.532649723398578,-17.615877205629747,-2.7736905497497353,6.997531923674636
Random282
Raw:-25.798766146071646,-19.62553219652444,-13.636582010532756,9.756217181436572,-14.964007370996528,25.046497932158513,-13.532649723398581,-17.61587720562975,-2.773690549749738,6.997531923674636
EFT:-25.79876614607165,-19.62553219652444,-13.636582010532758,9.756217181436574,-14.964007370996525,25.046497932158516,-13.532649723398578,-17.615877205629747,-2.7736905497497357,6.997531923674636
Random283
Raw:-25.798766146071657,-19.62553219652445,-13.636582010532758,9.756217181436575,-14.964007370996525,25.04649793215852,-13.532649723398576,-17.615877205629744,-2.7736905497497357,6.997531923674636
EFT:-25.79876614607165,-19.62553219652444,-13.636582010532758,9.756217181436574,-14.964007370996525,25.046497932158513,-13.532649723398578,-17.615877205629747,-2.7736905497497357,6.997531923674637
Random284
Raw:-25.79876614607165,-19.62553219652444,-13.636582010532754,9.756217181436574,-14.964007370996532,25.04649793215851,-13.532649723398574,-17.615877205629747,-2.7736905497497353,6.997531923674634
EFT:-25.79876614607165,-19.62553219652444,-13.636582010532758,9.756217181436574,-14.964007370996525,25.046497932158516,-13.532649723398578,-17.615877205629747,-2.7736905497497357,6.997531923674637
Random285
Raw:-25.798766146071653,-19.625532196524446,-13.636582010532756,9.756217181436572,-14.964007370996523,25.04649793215852,-13.53264972339857,-17.615877205629747,-2.7736905497497375,6.997531923674639
EFT:-25.79876614607165,-19.62553219652444,-13.636582010532758,9.756217181436574,-14.964007370996525,25.046497932158516,-13.532649723398578,-17.615877205629747,-2.7736905497497353,6.997531923674636
Random286
Raw:-25.798766146071653,-19.62553219652444,-13.636582010532752,9.756217181436572,-14.964007370996525,25.046497932158523,-13.532649723398572,-17.615877205629758,-2.773690549749734,6.997531923674636
EFT:-25.79876614607165,-19.62553219652444,-13.636582010532758,9.756217181436574,-14.964007370996525,25.046497932158516,-13.532649723398578,-17.615877205629747,-2.7736905497497357,6.997531923674637
Random287
Raw:-25.79876614607165,-19.62553219652444,-13.636582010532754,9.756217181436574,-14.964007370996528,25.046497932158516,-13.532649723398569,-17.615877205629737,-2.7736905497497375,6.997531923674631
EFT:-25.79876614607165,-19.62553219652444,-13.636582010532758,9.756217181436574,-14.964007370996525,25.046497932158516,-13.532649723398578,-17.615877205629747,-2.7736905497497353,6.997531923674637
Random288
Raw:-25.79876614607165,-19.62553219652443,-13.636582010532754,9.75621718143657,-14.964007370996526,25.046497932158513,-13.53264972339857,-17.615877205629747,-2.7736905497497375,6.997531923674631
EFT:-25.79876614607165,-19.62553219652444,-13.636582010532758,9.756217181436574,-14.964007370996525,25.046497932158516,-13.532649723398578,-17.615877205629747,-2.7736905497497357,6.997531923674637
Random289
Raw:-25.79876614607165,-19.625532196524436,-13.63658201053276,9.756217181436575,-14.964007370996535,25.046497932158523,-13.532649723398576,-17.61587720562975,-2.773690549749742,6.997531923674638
EFT:-25.79876614607165,-19.62553219652444,-13.636582010532758,9.756217181436574,-14.964007370996525,25.046497932158516,-13.532649723398578,-17.615877205629747,-2.7736905497497353,6.997531923674637
Random290
Raw:-25.798766146071653,-19.625532196524443,-13.636582010532758,9.75621718143657,-14.964007370996521,25.046497932158516,-13.532649723398572,-17.61587720562975,-2.773690549749735,6.997531923674637
EFT:-25.79876614607165,-19.62553219652444,-13.636582010532758,9.756217181436574,-14.964007370996525,25.046497932158516,-13.532649723398578,-17.615877205629747,-2.7736905497497357,6.997531923674636
Random291
Raw:-25.798766146071642,-19.625532196524436,-13.636582010532763,9.756217181436568,-14.964007370996525,25.046497932158513,-13.532649723398574,-17.615877205629747,-2.773690549749732,6.997531923674636
EFT:-25.79876614607165,-19.62553219652444,-13.636582010532758,9.756217181436574,-14.964007370996525,25.046497932158516,-13.532649723398578,-17.615877205629747,-2.7736905497497357,6.997531923674636
Random292
Raw:-25.798766146071646,-19.62553219652444,-13.636582010532756,9.756217181436574,-14.96400737099653,25.04649793215851,-13.532649723398572,-17.615877205629744,-2.773690549749734,6.997531923674636
EFT:-25.79876614607165,-19.62553219652444,-13.636582010532758,9.756217181436574,-14.964007370996525,25.046497932158516,-13.532649723398578,-17.615877205629747,-2.7736905497497353,6.997531923674637
Random293
Raw:-25.798766146071653,-19.625532196524443,-13.63658201053276,9.756217181436575,-14.964007370996532,25.04649793215851,-13.532649723398572,-17.615877205629744,-2.7736905497497375,6.997531923674634
EFT:-25.79876614607165,-19.62553219652444,-13.636582010532758,9.756217181436574,-14.964007370996525,25.046497932158513,-13.532649723398578,-17.615877205629747,-2.7736905497497357,6.997531923674637
Random294
Raw:-25.798766146071646,-19.62553219652444,-13.636582010532758,9.756217181436577,-14.964007370996528,25.046497932158516,-13.532649723398574,-17.61587720562975,-2.7736905497497366,6.997531923674638
EFT:-25.79876614607165,-19.62553219652444,-13.636582010532758,9.756217181436574,-14.964007370996525,25.046497932158516,-13.532649723398578,-17.615877205629747,-2.7736905497497357,6.997531923674637
Random295
Raw:-25.79876614607165,-19.625532196524432,-13.636582010532756,9.756217181436574,-14.964007370996532,25.046497932158513,-13.532649723398574,-17.615877205629747,-2.7736905497497375,6.997531923674635
EFT:-25.79876614607165,-19.62553219652444,-13.636582010532758,9.756217181436574,-14.964007370996525,25.046497932158516,-13.532649723398578,-17.615877205629747,-2.7736905497497357,6.997531923674636
Random296
Raw:-25.79876614607165,-19.62553219652444,-13.636582010532758,9.75621718143657,-14.964007370996523,25.046497932158513,-13.532649723398572,-17.61587720562974,-2.773690549749738,6.997531923674637
EFT:-25.79876614607165,-19.62553219652444,-13.636582010532758,9.756217181436574,-14.964007370996525,25.046497932158516,-13.532649723398578,-17.615877205629747,-2.7736905497497357,6.997531923674636
Random297
Raw:-25.79876614607166,-19.625532196524436,-13.636582010532752,9.756217181436568,-14.964007370996534,25.04649793215851,-13.53264972339857,-17.61587720562974,-2.7736905497497357,6.997531923674633
EFT:-25.79876614607165,-19.62553219652444,-13.636582010532758,9.756217181436574,-14.964007370996525,25.046497932158516,-13.532649723398578,-17.615877205629747,-2.7736905497497353,6.997531923674636
Random298
Raw:-25.798766146071646,-19.62553219652444,-13.636582010532752,9.756217181436572,-14.964007370996532,25.04649793215851,-13.532649723398574,-17.615877205629744,-2.7736905497497375,6.997531923674632
EFT:-25.79876614607165,-19.62553219652444,-13.636582010532758,9.756217181436574,-14.964007370996525,25.046497932158516,-13.532649723398578,-17.615877205629747,-2.7736905497497357,6.997531923674636
Random299
Raw:-25.79876614607164,-19.62553219652444,-13.636582010532758,9.756217181436575,-14.964007370996521,25.046497932158513,-13.53264972339857,-17.61587720562974,-2.773690549749728,6.997531923674634
EFT:-25.79876614607165,-19.62553219652444,-13.636582010532758,9.756217181436574,-14.964007370996525,25.046497932158516,-13.532649723398578,-17.615877205629747,-2.7736905497497357,6.997531923674637
Random300
Raw:-25.79876614607165,-19.625532196524436,-13.636582010532754,9.756217181436567,-14.964007370996521,25.04649793215851,-13.532649723398567,-17.61587720562975,-2.7736905497497273,6.997531923674635
EFT:-25.79876614607165,-19.62553219652444,-13.636582010532758,9.756217181436574,-14.964007370996525,25.046497932158516,-13.532649723398578,-17.615877205629747,-2.7736905497497353,6.997531923674636
Random301
Raw:-25.79876614607165,-19.62553219652444,-13.636582010532761,9.756217181436572,-14.96400737099653,25.04649793215852,-13.532649723398574,-17.61587720562974,-2.773690549749731,6.997531923674636
EFT:-25.79876614607165,-19.62553219652444,-13.636582010532758,9.756217181436574,-14.964007370996525,25.046497932158516,-13.532649723398578,-17.615877205629747,-2.7736905497497357,6.997531923674636
Random302
Raw:-25.79876614607165,-19.625532196524443,-13.636582010532754,9.756217181436572,-14.96400737099653,25.046497932158513,-13.532649723398567,-17.615877205629744,-2.773690549749735,6.99753192367463
EFT:-25.79876614607165,-19.62553219652444,-13.636582010532758,9.756217181436574,-14.964007370996525,25.046497932158516,-13.532649723398578,-17.615877205629747,-2.7736905497497353,6.997531923674637
Random303
Raw:-25.798766146071642,-19.62553219652445,-13.63658201053275,9.756217181436574,-14.964007370996526,25.04649793215852,-13.532649723398576,-17.61587720562974,-2.7736905497497344,6.997531923674635
EFT:-25.79876614607165,-19.62553219652444,-13.636582010532758,9.756217181436574,-14.964007370996525,25.046497932158516,-13.532649723398578,-17.615877205629747,-2.7736905497497357,6.997531923674637
Random304
Raw:-25.798766146071657,-19.625532196524436,-13.636582010532758,9.75621718143657,-14.964007370996525,25.046497932158513,-13.532649723398576,-17.61587720562974,-2.773690549749741,6.997531923674632
EFT:-25.79876614607165,-19.62553219652444,-13.636582010532758,9.756217181436574,-14.964007370996525,25.046497932158516,-13.532649723398578,-17.615877205629747,-2.7736905497497357,6.997531923674636
Random305
Raw:-25.79876614607165,-19.625532196524446,-13.636582010532758,9.756217181436574,-14.964007370996521,25.046497932158513,-13.532649723398567,-17.615877205629747,-2.773690549749742,6.997531923674636
EFT:-25.79876614607165,-19.62553219652444,-13.636582010532758,9.756217181436574,-14.964007370996525,25.046497932158516,-13.532649723398578,-17.615877205629747,-2.7736905497497353,6.997531923674637
Random306
Raw:-25.798766146071646,-19.625532196524443,-13.636582010532756,9.756217181436575,-14.964007370996528,25.046497932158523,-13.532649723398576,-17.615877205629747,-2.773690549749742,6.997531923674636
EFT:-25.79876614607165,-19.62553219652444,-13.636582010532758,9.756217181436574,-14.964007370996525,25.046497932158516,-13.532649723398578,-17.615877205629747,-2.7736905497497353,6.997531923674637
Random307
Raw:-25.79876614607165,-19.62553219652444,-13.636582010532752,9.756217181436574,-14.964007370996534,25.046497932158516,-13.53264972339858,-17.615877205629747,-2.7736905497497397,6.997531923674638
EFT:-25.79876614607165,-19.62553219652444,-13.636582010532758,9.756217181436574,-14.964007370996525,25.046497932158516,-13.532649723398578,-17.615877205629747,-2.7736905497497357,6.997531923674636
Random308
Raw:-25.798766146071642,-19.625532196524436,-13.636582010532749,9.75621718143657,-14.964007370996525,25.04649793215851,-13.532649723398569,-17.61587720562974,-2.7736905497497366,6.997531923674632
EFT:-25.79876614607165,-19.62553219652444,-13.636582010532758,9.756217181436574,-14.964007370996525,25.046497932158516,-13.532649723398578,-17.615877205629747,-2.7736905497497357,6.997531923674636
Random309
Raw:-25.798766146071657,-19.625532196524432,-13.636582010532758,9.756217181436574,-14.964007370996528,25.046497932158513,-13.532649723398574,-17.615877205629747,-2.7736905497497353,6.997531923674635
EFT:-25.79876614607165,-19.62553219652444,-13.636582010532758,9.756217181436574,-14.964007370996525,25.046497932158516,-13.532649723398578,-17.615877205629747,-2.7736905497497353,6.997531923674636
Random310
Raw:-25.798766146071653,-19.62553219652444,-13.636582010532754,9.756217181436567,-14.964007370996516,25.04649793215851,-13.532649723398576,-17.615877205629737,-2.773690549749733,6.997531923674639
EFT:-25.79876614607165,-19.62553219652444,-13.636582010532758,9.756217181436574,-14.964007370996525,25.046497932158516,-13.532649723398578,-17.615877205629747,-2.7736905497497357,6.997531923674636
Random311
Raw:-25.798766146071646,-19.625532196524443,-13.636582010532756,9.756217181436574,-14.964007370996528,25.046497932158516,-13.53264972339857,-17.615877205629747,-2.773690549749735,6.997531923674635
EFT:-25.79876614607165,-19.62553219652444,-13.636582010532758,9.756217181436574,-14.964007370996525,25.046497932158516,-13.532649723398578,-17.615877205629747,-2.7736905497497357,6.997531923674636
Random312
Raw:-25.798766146071642,-19.625532196524432,-13.63658201053275,9.756217181436575,-14.964007370996523,25.046497932158523,-13.53264972339858,-17.615877205629747,-2.773690549749735,6.997531923674637
EFT:-25.79876614607165,-19.62553219652444,-13.636582010532758,9.756217181436574,-14.964007370996525,25.046497932158516,-13.532649723398578,-17.615877205629747,-2.7736905497497357,6.997531923674636
Random313
Raw:-25.798766146071653,-19.625532196524443,-13.636582010532756,9.756217181436574,-14.964007370996523,25.046497932158527,-13.53264972339857,-17.615877205629744,-2.7736905497497393,6.997531923674637
EFT:-25.79876614607165,-19.62553219652444,-13.636582010532758,9.756217181436574,-14.964007370996525,25.046497932158516,-13.532649723398578,-17.615877205629747,-2.7736905497497357,6.997531923674636
Random314
Raw:-25.79876614607165,-19.625532196524446,-13.636582010532747,9.756217181436575,-14.964007370996532,25.046497932158513,-13.532649723398576,-17.615877205629744,-2.7736905497497344,6.997531923674635
EFT:-25.79876614607165,-19.62553219652444,-13.636582010532758,9.756217181436574,-14.964007370996525,25.046497932158516,-13.532649723398578,-17.615877205629747,-2.7736905497497357,6.997531923674636
Random315
Raw:-25.798766146071646,-19.625532196524443,-13.636582010532752,9.756217181436572,-14.964007370996525,25.046497932158516,-13.532649723398567,-17.61587720562975,-2.773690549749734,6.997531923674634
EFT:-25.79876614607165,-19.62553219652444,-13.636582010532758,9.756217181436574,-14.964007370996525,25.046497932158516,-13.532649723398578,-17.615877205629747,-2.7736905497497353,6.997531923674636
Random316
Raw:-25.79876614607166,-19.625532196524443,-13.636582010532758,9.75621718143657,-14.964007370996521,25.046497932158513,-13.53264972339858,-17.61587720562975,-2.7736905497497353,6.997531923674639
EFT:-25.79876614607165,-19.62553219652444,-13.636582010532758,9.756217181436574,-14.964007370996525,25.046497932158516,-13.532649723398578,-17.615877205629747,-2.7736905497497353,6.997531923674636
Random317
Raw:-25.798766146071642,-19.625532196524443,-13.63658201053275,9.756217181436575,-14.964007370996528,25.046497932158513,-13.532649723398569,-17.61587720562974,-2.7736905497497286,6.997531923674631
EFT:-25.79876614607165,-19.62553219652444,-13.636582010532758,9.756217181436574,-14.964007370996525,25.046497932158516,-13.532649723398578,-17.615877205629747,-2.7736905497497357,6.997531923674636
Random318
Raw:-25.798766146071653,-19.625532196524436,-13.63658201053276,9.756217181436574,-14.964007370996528,25.04649793215852,-13.53264972339858,-17.61587720562975,-2.7736905497497366,6.997531923674634
EFT:-25.79876614607165,-19.62553219652444,-13.636582010532758,9.756217181436574,-14.964007370996525,25.046497932158516,-13.532649723398578,-17.615877205629747,-2.7736905497497357,6.997531923674636
Random319
Raw:-25.798766146071646,-19.62553219652444,-13.636582010532756,9.756217181436574,-14.964007370996525,25.046497932158513,-13.532649723398572,-17.615877205629747,-2.7736905497497353,6.997531923674634
EFT:-25.79876614607165,-19.62553219652444,-13.636582010532758,9.756217181436574,-14.964007370996525,25.046497932158516,-13.532649723398578,-17.615877205629747,-2.7736905497497353,6.997531923674637
Random320
Raw:-25.798766146071642,-19.62553219652444,-13.63658201053275,9.756217181436579,-14.964007370996528,25.046497932158516,-13.532649723398574,-17.615877205629747,-2.7736905497497375,6.997531923674639
EFT:-25.79876614607165,-19.62553219652444,-13.636582010532758,9.756217181436574,-14.964007370996525,25.046497932158516,-13.532649723398578,-17.615877205629747,-2.7736905497497357,6.997531923674637
Random321
Raw:-25.798766146071642,-19.625532196524432,-13.636582010532754,9.756217181436568,-14.964007370996525,25.04649793215851,-13.532649723398578,-17.61587720562974,-2.7736905497497384,6.997531923674633
EFT:-25.79876614607165,-19.62553219652444,-13.636582010532758,9.756217181436574,-14.964007370996525,25.046497932158516,-13.532649723398578,-17.615877205629747,-2.7736905497497357,6.997531923674636
Random322
Raw:-25.798766146071653,-19.62553219652445,-13.636582010532752,9.756217181436574,-14.964007370996526,25.04649793215851,-13.532649723398576,-17.615877205629744,-2.7736905497497326,6.997531923674638
EFT:-25.79876614607165,-19.62553219652444,-13.636582010532758,9.756217181436574,-14.964007370996525,25.046497932158513,-13.532649723398578,-17.615877205629747,-2.7736905497497357,6.997531923674637
Random323
Raw:-25.798766146071646,-19.62553219652444,-13.63658201053275,9.75621718143657,-14.96400737099653,25.04649793215851,-13.532649723398574,-17.61587720562974,-2.773690549749737,6.997531923674632
EFT:-25.79876614607165,-19.62553219652444,-13.636582010532758,9.756217181436574,-14.964007370996525,25.046497932158516,-13.532649723398578,-17.615877205629747,-2.7736905497497357,6.997531923674636
Random324
Raw:-25.798766146071646,-19.62553219652444,-13.636582010532754,9.75621718143657,-14.96400737099653,25.046497932158513,-13.532649723398569,-17.615877205629744,-2.773690549749735,6.997531923674633
EFT:-25.79876614607165,-19.62553219652444,-13.636582010532758,9.756217181436574,-14.964007370996525,25.046497932158516,-13.532649723398578,-17.615877205629747,-2.7736905497497353,6.997531923674637
Random325
Raw:-25.798766146071642,-19.625532196524436,-13.636582010532752,9.756217181436574,-14.964007370996526,25.046497932158516,-13.532649723398569,-17.615877205629744,-2.7736905497497384,6.997531923674634
EFT:-25.79876614607165,-19.62553219652444,-13.636582010532758,9.756217181436574,-14.964007370996525,25.046497932158516,-13.532649723398578,-17.615877205629747,-2.7736905497497357,6.997531923674637
Random326
Raw:-25.798766146071635,-19.625532196524436,-13.636582010532747,9.756217181436572,-14.964007370996532,25.04649793215851,-13.532649723398572,-17.615877205629744,-2.7736905497497317,6.997531923674635
EFT:-25.79876614607165,-19.62553219652444,-13.636582010532758,9.756217181436574,-14.964007370996525,25.046497932158516,-13.532649723398578,-17.615877205629747,-2.7736905497497353,6.997531923674637
Random327
Raw:-25.79876614607165,-19.62553219652444,-13.636582010532756,9.756217181436572,-14.964007370996526,25.046497932158516,-13.532649723398574,-17.61587720562975,-2.773690549749741,6.997531923674637
EFT:-25.79876614607165,-19.62553219652444,-13.636582010532758,9.756217181436574,-14.964007370996525,25.046497932158516,-13.532649723398578,-17.615877205629747,-2.7736905497497357,6.997531923674636
Random328
Raw:-25.79876614607166,-19.625532196524446,-13.636582010532761,9.756217181436572,-14.96400737099652,25.046497932158516,-13.532649723398574,-17.61587720562975,-2.7736905497497357,6.9975319236746385
EFT:-25.79876614607165,-19.62553219652444,-13.636582010532758,9.756217181436574,-14.964007370996525,25.046497932158516,-13.532649723398578,-17.615877205629747,-2.7736905497497357,6.997531923674637
Random329
Raw:-25.798766146071653,-19.625532196524436,-13.63658201053276,9.756217181436572,-14.964007370996523,25.046497932158516,-13.532649723398578,-17.61587720562975,-2.7736905497497375,6.997531923674636
EFT:-25.79876614607165,-19.62553219652444,-13.636582010532758,9.756217181436574,-14.964007370996525,25.046497932158516,-13.532649723398578,-17.615877205629747,-2.7736905497497357,6.997531923674636
Random330
Raw:-25.798766146071657,-19.625532196524443,-13.636582010532754,9.756217181436577,-14.964007370996521,25.04649793215852,-13.532649723398574,-17.615877205629747,-2.773690549749733,6.997531923674633
EFT:-25.79876614607165,-19.62553219652444,-13.636582010532758,9.756217181436574,-14.964007370996525,25.046497932158513,-13.532649723398578,-17.615877205629747,-2.7736905497497357,6.997531923674637
Random331
Raw:-25.798766146071646,-19.62553219652444,-13.636582010532749,9.756217181436574,-14.964007370996532,25.046497932158516,-13.53264972339857,-17.61587720562975,-2.7736905497497317,6.997531923674632
EFT:-25.79876614607165,-19.62553219652444,-13.636582010532758,9.756217181436574,-14.964007370996525,25.046497932158516,-13.532649723398578,-17.615877205629747,-2.7736905497497353,6.997531923674637
Random332
Raw:-25.79876614607165,-19.625532196524443,-13.636582010532756,9.756217181436575,-14.964007370996528,25.046497932158513,-13.532649723398574,-17.615877205629747,-2.773690549749736,6.997531923674636
EFT:-25.79876614607165,-19.62553219652444,-13.636582010532758,9.756217181436574,-14.964007370996525,25.046497932158516,-13.532649723398578,-17.615877205629747,-2.7736905497497353,6.997531923674636
Random333
Raw:-25.79876614607164,-19.625532196524443,-13.63658201053275,9.756217181436572,-14.964007370996534,25.04649793215851,-13.532649723398569,-17.615877205629744,-2.7736905497497277,6.997531923674636
EFT:-25.79876614607165,-19.62553219652444,-13.636582010532758,9.756217181436574,-14.964007370996525,25.046497932158516,-13.532649723398578,-17.615877205629747,-2.7736905497497357,6.997531923674636
Random334
Raw:-25.798766146071642,-19.625532196524432,-13.636582010532752,9.75621718143657,-14.964007370996528,25.046497932158516,-13.532649723398572,-17.61587720562975,-2.773690549749731,6.997531923674632
EFT:-25.79876614607165,-19.62553219652444,-13.636582010532758,9.756217181436574,-14.964007370996525,25.046497932158516,-13.532649723398578,-17.615877205629747,-2.7736905497497353,6.997531923674636
Random335
Raw:-25.798766146071653,-19.62553219652443,-13.63658201053276,9.756217181436575,-14.964007370996526,25.04649793215852,-13.532649723398578,-17.61587720562974,-2.7736905497497375,6.997531923674636
EFT:-25.79876614607165,-19.62553219652444,-13.636582010532758,9.756217181436574,-14.964007370996525,25.046497932158516,-13.532649723398578,-17.615877205629747,-2.7736905497497353,6.997531923674636
Random336
Raw:-25.798766146071653,-19.62553219652444,-13.636582010532756,9.756217181436572,-14.964007370996526,25.046497932158516,-13.532649723398572,-17.615877205629744,-2.7736905497497313,6.997531923674636
EFT:-25.79876614607165,-19.62553219652444,-13.636582010532758,9.756217181436574,-14.964007370996525,25.046497932158516,-13.532649723398578,-17.615877205629747,-2.7736905497497353,6.997531923674636
Random337
Raw:-25.79876614607165,-19.625532196524436,-13.636582010532756,9.756217181436574,-14.964007370996526,25.046497932158516,-13.532649723398585,-17.61587720562975,-2.7736905497497446,6.997531923674639
EFT:-25.79876614607165,-19.62553219652444,-13.636582010532758,9.756217181436574,-14.964007370996525,25.046497932158516,-13.532649723398578,-17.615877205629747,-2.7736905497497357,6.997531923674636
Random338
Raw:-25.79876614607165,-19.62553219652444,-13.636582010532752,9.756217181436574,-14.96400737099652,25.04649793215852,-13.532649723398578,-17.615877205629744,-2.7736905497497366,6.997531923674638
EFT:-25.79876614607165,-19.62553219652444,-13.636582010532758,9.756217181436574,-14.964007370996525,25.046497932158516,-13.532649723398578,-17.615877205629747,-2.7736905497497357,6.997531923674636
Random339
Raw:-25.798766146071646,-19.625532196524443,-13.636582010532758,9.756217181436575,-14.964007370996521,25.046497932158516,-13.532649723398581,-17.615877205629747,-2.7736905497497304,6.997531923674634
EFT:-25.79876614607165,-19.62553219652444,-13.636582010532758,9.756217181436574,-14.964007370996525,25.046497932158516,-13.532649723398578,-17.615877205629747,-2.7736905497497353,6.997531923674637
Random340
Raw:-25.79876614607164,-19.62553219652444,-13.636582010532754,9.756217181436574,-14.964007370996534,25.046497932158513,-13.532649723398572,-17.61587720562974,-2.7736905497497304,6.99753192367463
EFT:-25.79876614607165,-19.62553219652444,-13.636582010532758,9.756217181436574,-14.964007370996525,25.046497932158516,-13.532649723398578,-17.615877205629747,-2.7736905497497357,6.997531923674636
Random341
Raw:-25.798766146071646,-19.625532196524443,-13.636582010532754,9.75621718143657,-14.964007370996534,25.046497932158513,-13.532649723398581,-17.615877205629747,-2.7736905497497335,6.997531923674637
EFT:-25.79876614607165,-19.62553219652444,-13.636582010532758,9.756217181436574,-14.964007370996525,25.046497932158516,-13.532649723398578,-17.615877205629747,-2.7736905497497357,6.997531923674636
Random342
Raw:-25.79876614607165,-19.625532196524436,-13.63658201053276,9.75621718143657,-14.964007370996521,25.046497932158513,-13.532649723398574,-17.615877205629737,-2.773690549749734,6.997531923674637
EFT:-25.79876614607165,-19.62553219652444,-13.636582010532758,9.756217181436574,-14.964007370996525,25.046497932158516,-13.532649723398578,-17.615877205629747,-2.7736905497497353,6.997531923674636
Random343
Raw:-25.798766146071646,-19.625532196524432,-13.636582010532754,9.75621718143657,-14.964007370996523,25.04649793215851,-13.53264972339857,-17.615877205629744,-2.7736905497497344,6.997531923674636
EFT:-25.79876614607165,-19.62553219652444,-13.636582010532758,9.756217181436574,-14.964007370996525,25.046497932158516,-13.532649723398578,-17.615877205629747,-2.7736905497497357,6.997531923674637
Random344
Raw:-25.798766146071642,-19.625532196524436,-13.636582010532754,9.756217181436568,-14.964007370996528,25.046497932158513,-13.532649723398576,-17.615877205629744,-2.773690549749739,6.997531923674632
EFT:-25.79876614607165,-19.62553219652444,-13.636582010532758,9.756217181436574,-14.964007370996525,25.046497932158516,-13.532649723398578,-17.615877205629747,-2.7736905497497353,6.997531923674637
Random345
Raw:-25.79876614607165,-19.62553219652444,-13.636582010532756,9.756217181436574,-14.96400737099652,25.046497932158513,-13.532649723398572,-17.61587720562974,-2.7736905497497366,6.997531923674638
EFT:-25.79876614607165,-19.62553219652444,-13.636582010532758,9.756217181436574,-14.964007370996525,25.046497932158516,-13.532649723398578,-17.615877205629747,-2.7736905497497353,6.997531923674637
Random346
Raw:-25.79876614607165,-19.62553219652444,-13.636582010532756,9.75621718143657,-14.96400737099652,25.04649793215852,-13.53264972339857,-17.615877205629747,-2.7736905497497375,6.997531923674636
EFT:-25.79876614607165,-19.62553219652444,-13.636582010532758,9.756217181436574,-14.964007370996525,25.046497932158516,-13.532649723398578,-17.615877205629747,-2.7736905497497353,6.997531923674636
Random347
Raw:-25.79876614607166,-19.625532196524432,-13.63658201053275,9.756217181436577,-14.964007370996523,25.046497932158523,-13.532649723398576,-17.61587720562975,-2.7736905497497366,6.997531923674636
EFT:-25.79876614607165,-19.62553219652444,-13.636582010532758,9.756217181436574,-14.964007370996525,25.046497932158516,-13.532649723398578,-17.615877205629747,-2.7736905497497353,6.997531923674637
Random348
Raw:-25.798766146071653,-19.625532196524443,-13.636582010532756,9.756217181436572,-14.964007370996523,25.04649793215851,-13.532649723398578,-17.61587720562975,-2.773690549749734,6.997531923674639
EFT:-25.79876614607165,-19.62553219652444,-13.636582010532758,9.756217181436574,-14.964007370996525,25.046497932158516,-13.532649723398578,-17.615877205629747,-2.7736905497497353,6.997531923674636
Random349
Raw:-25.798766146071653,-19.625532196524436,-13.636582010532756,9.756217181436575,-14.964007370996525,25.04649793215852,-13.532649723398576,-17.615877205629747,-2.773690549749735,6.997531923674636
EFT:-25.79876614607165,-19.62553219652444,-13.636582010532758,9.756217181436574,-14.964007370996525,25.046497932158516,-13.532649723398578,-17.615877205629747,-2.7736905497497353,6.997531923674637
Random350
Raw:-25.798766146071642,-19.62553219652444,-13.63658201053275,9.75621718143657,-14.964007370996525,25.046497932158506,-13.532649723398574,-17.615877205629744,-2.7736905497497317,6.997531923674634
EFT:-25.79876614607165,-19.62553219652444,-13.636582010532758,9.756217181436574,-14.964007370996525,25.046497932158516,-13.532649723398578,-17.615877205629747,-2.7736905497497353,6.997531923674636
Random351
Raw:-25.798766146071642,-19.625532196524443,-13.636582010532754,9.756217181436572,-14.964007370996523,25.046497932158513,-13.53264972339857,-17.61587720562974,-2.7736905497497375,6.997531923674636
EFT:-25.79876614607165,-19.62553219652444,-13.636582010532758,9.756217181436574,-14.964007370996525,25.046497932158516,-13.532649723398578,-17.615877205629747,-2.7736905497497353,6.997531923674637
Random352
Raw:-25.79876614607165,-19.625532196524443,-13.63658201053275,9.756217181436574,-14.96400737099653,25.04649793215852,-13.532649723398576,-17.615877205629747,-2.773690549749732,6.997531923674639
EFT:-25.79876614607165,-19.62553219652444,-13.636582010532758,9.756217181436574,-14.964007370996525,25.046497932158516,-13.532649723398578,-17.615877205629747,-2.7736905497497357,6.997531923674636
Random353
Raw:-25.798766146071646,-19.62553219652444,-13.636582010532756,9.756217181436577,-14.964007370996526,25.046497932158513,-13.532649723398578,-17.615877205629744,-2.7736905497497357,6.997531923674635
EFT:-25.79876614607165,-19.62553219652444,-13.636582010532758,9.756217181436574,-14.964007370996525,25.046497932158516,-13.532649723398578,-17.615877205629747,-2.7736905497497357,6.997531923674636
Random354
Raw:-25.798766146071653,-19.625532196524446,-13.636582010532754,9.75621718143657,-14.964007370996532,25.046497932158516,-13.532649723398572,-17.61587720562974,-2.7736905497497357,6.997531923674637
EFT:-25.79876614607165,-19.62553219652444,-13.636582010532758,9.756217181436574,-14.964007370996525,25.046497932158516,-13.532649723398578,-17.615877205629747,-2.7736905497497353,6.997531923674637
Random355
Raw:-25.79876614607165,-19.625532196524443,-13.636582010532743,9.756217181436574,-14.964007370996532,25.046497932158513,-13.532649723398569,-17.61587720562974,-2.773690549749736,6.9975319236746385
EFT:-25.79876614607165,-19.62553219652444,-13.636582010532758,9.756217181436574,-14.964007370996525,25.046497932158516,-13.532649723398578,-17.615877205629747,-2.7736905497497353,6.997531923674636
Random356
Raw:-25.798766146071653,-19.62553219652445,-13.63658201053275,9.756217181436575,-14.964007370996534,25.046497932158516,-13.532649723398574,-17.615877205629747,-2.7736905497497304,6.997531923674638
EFT:-25.79876614607165,-19.62553219652444,-13.636582010532758,9.756217181436574,-14.964007370996525,25.046497932158516,-13.532649723398578,-17.615877205629747,-2.7736905497497353,6.997531923674636
Random357
Raw:-25.79876614607164,-19.625532196524443,-13.63658201053275,9.75621718143657,-14.964007370996525,25.046497932158516,-13.532649723398581,-17.61587720562974,-2.7736905497497384,6.997531923674638
EFT:-25.79876614607165,-19.62553219652444,-13.636582010532758,9.756217181436574,-14.964007370996525,25.046497932158516,-13.532649723398578,-17.615877205629747,-2.7736905497497357,6.997531923674636
Random358
Raw:-25.798766146071657,-19.625532196524432,-13.636582010532756,9.756217181436572,-14.96400737099652,25.04649793215852,-13.532649723398574,-17.615877205629747,-2.773690549749732,6.9975319236746385
EFT:-25.79876614607165,-19.62553219652444,-13.636582010532758,9.756217181436574,-14.964007370996525,25.046497932158516,-13.532649723398578,-17.615877205629747,-2.7736905497497357,6.997531923674636
Random359
Raw:-25.79876614607165,-19.625532196524443,-13.636582010532758,9.756217181436572,-14.964007370996532,25.046497932158513,-13.532649723398574,-17.615877205629747,-2.7736905497497366,6.997531923674634
EFT:-25.79876614607165,-19.62553219652444,-13.636582010532758,9.756217181436574,-14.964007370996525,25.046497932158516,-13.532649723398578,-17.615877205629747,-2.7736905497497353,6.997531923674637
Random360
Raw:-25.798766146071657,-19.625532196524443,-13.63658201053276,9.756217181436574,-14.96400737099652,25.04649793215852,-13.53264972339857,-17.61587720562975,-2.773690549749732,6.997531923674636
EFT:-25.79876614607165,-19.62553219652444,-13.636582010532758,9.756217181436574,-14.964007370996525,25.046497932158516,-13.532649723398578,-17.615877205629747,-2.7736905497497353,6.997531923674636
Random361
Raw:-25.798766146071642,-19.625532196524436,-13.636582010532754,9.756217181436577,-14.964007370996523,25.046497932158506,-13.532649723398572,-17.615877205629747,-2.7736905497497286,6.997531923674631
EFT:-25.79876614607165,-19.62553219652444,-13.636582010532758,9.756217181436574,-14.964007370996525,25.046497932158516,-13.532649723398578,-17.615877205629747,-2.7736905497497357,6.997531923674636
Random362
Raw:-25.798766146071657,-19.625532196524443,-13.636582010532763,9.756217181436575,-14.964007370996521,25.04649793215852,-13.53264972339857,-17.615877205629747,-2.7736905497497366,6.99753192367464
EFT:-25.79876614607165,-19.62553219652444,-13.636582010532758,9.756217181436574,-14.964007370996525,25.046497932158516,-13.532649723398578,-17.615877205629747,-2.7736905497497353,6.997531923674636
Random363
Raw:-25.798766146071653,-19.625532196524436,-13.63658201053276,9.75621718143657,-14.964007370996528,25.046497932158523,-13.532649723398569,-17.615877205629744,-2.7736905497497397,6.997531923674638
EFT:-25.79876614607165,-19.62553219652444,-13.636582010532758,9.756217181436574,-14.964007370996525,25.046497932158516,-13.532649723398578,-17.615877205629747,-2.7736905497497353,6.997531923674637
Random364
Raw:-25.79876614607165,-19.62553219652444,-13.636582010532756,9.756217181436575,-14.964007370996532,25.046497932158513,-13.53264972339857,-17.615877205629737,-2.773690549749734,6.997531923674635
EFT:-25.79876614607165,-19.62553219652444,-13.636582010532758,9.756217181436574,-14.964007370996525,25.046497932158516,-13.532649723398578,-17.615877205629747,-2.7736905497497357,6.997531923674636
Random365
Raw:-25.798766146071646,-19.62553219652444,-13.636582010532754,9.756217181436575,-14.964007370996526,25.046497932158516,-13.53264972339857,-17.61587720562975,-2.7736905497497344,6.997531923674635
EFT:-25.79876614607165,-19.62553219652444,-13.636582010532758,9.756217181436574,-14.964007370996525,25.046497932158516,-13.532649723398578,-17.615877205629747,-2.7736905497497353,6.997531923674636
Random366
Raw:-25.79876614607165,-19.62553219652443,-13.636582010532754,9.756217181436572,-14.964007370996523,25.046497932158513,-13.532649723398572,-17.615877205629744,-2.773690549749741,6.997531923674634
EFT:-25.79876614607165,-19.62553219652444,-13.636582010532758,9.756217181436574,-14.964007370996525,25.046497932158516,-13.532649723398578,-17.615877205629747,-2.7736905497497357,6.997531923674637
Random367
Raw:-25.79876614607165,-19.62553219652444,-13.636582010532754,9.756217181436575,-14.964007370996525,25.04649793215852,-13.532649723398576,-17.61587720562975,-2.7736905497497264,6.9975319236746385
EFT:-25.79876614607165,-19.62553219652444,-13.636582010532758,9.756217181436574,-14.964007370996525,25.046497932158516,-13.532649723398578,-17.615877205629747,-2.7736905497497357,6.997531923674637
Random368
Raw:-25.79876614607165,-19.62553219652444,-13.636582010532756,9.75621718143657,-14.964007370996523,25.04649793215851,-13.532649723398576,-17.615877205629744,-2.773690549749739,6.997531923674635
EFT:-25.79876614607165,-19.62553219652444,-13.636582010532758,9.756217181436574,-14.964007370996525,25.046497932158516,-13.532649723398578,-17.615877205629747,-2.7736905497497353,6.997531923674636
Random369
Raw:-25.798766146071653,-19.62553219652444,-13.636582010532756,9.756217181436577,-14.964007370996528,25.046497932158516,-13.53264972339858,-17.615877205629747,-2.7736905497497353,6.9975319236746385
EFT:-25.79876614607165,-19.62553219652444,-13.636582010532758,9.756217181436574,-14.964007370996525,25.046497932158516,-13.532649723398578,-17.615877205629747,-2.7736905497497353,6.997531923674637
Random370
Raw:-25.798766146071646,-19.625532196524436,-13.63658201053275,9.756217181436574,-14.964007370996525,25.046497932158513,-13.532649723398574,-17.61587720562974,-2.7736905497497353,6.997531923674636
EFT:-25.79876614607165,-19.62553219652444,-13.636582010532758,9.756217181436574,-14.964007370996525,25.046497932158516,-13.532649723398578,-17.615877205629747,-2.7736905497497353,6.997531923674637
Random371
Raw:-25.79876614607165,-19.625532196524443,-13.636582010532758,9.756217181436572,-14.964007370996525,25.04649793215852,-13.532649723398567,-17.61587720562975,-2.7736905497497357,6.997531923674635
EFT:-25.79876614607165,-19.62553219652444,-13.636582010532758,9.756217181436574,-14.964007370996525,25.046497932158516,-13.532649723398578,-17.615877205629747,-2.7736905497497357,6.997531923674637
Random372
Raw:-25.79876614607165,-19.625532196524446,-13.636582010532758,9.756217181436568,-14.964007370996534,25.046497932158523,-13.532649723398572,-17.615877205629744,-2.773690549749733,6.997531923674638
EFT:-25.79876614607165,-19.62553219652444,-13.636582010532758,9.756217181436574,-14.964007370996525,25.046497932158516,-13.532649723398578,-17.615877205629747,-2.7736905497497357,6.997531923674636
Random373
Raw:-25.79876614607165,-19.625532196524443,-13.636582010532747,9.756217181436575,-14.96400737099653,25.046497932158516,-13.532649723398574,-17.615877205629744,-2.7736905497497304,6.997531923674631
EFT:-25.79876614607165,-19.62553219652444,-13.636582010532758,9.756217181436574,-14.964007370996525,25.046497932158516,-13.532649723398578,-17.615877205629747,-2.7736905497497353,6.997531923674636
Random374
Raw:-25.79876614607165,-19.625532196524443,-13.636582010532752,9.756217181436575,-14.964007370996526,25.046497932158516,-13.532649723398576,-17.615877205629747,-2.773690549749739,6.997531923674636
EFT:-25.79876614607165,-19.62553219652444,-13.636582010532758,9.756217181436574,-14.964007370996525,25.046497932158516,-13.532649723398578,-17.615877205629747,-2.7736905497497353,6.997531923674636
Random375
Raw:-25.798766146071642,-19.62553219652444,-13.636582010532752,9.75621718143657,-14.964007370996528,25.046497932158506,-13.532649723398569,-17.615877205629744,-2.773690549749734,6.997531923674634
EFT:-25.79876614607165,-19.62553219652444,-13.636582010532758,9.756217181436574,-14.964007370996525,25.046497932158516,-13.532649723398578,-17.615877205629747,-2.7736905497497357,6.997531923674636
Random376
Raw:-25.798766146071653,-19.62553219652444,-13.636582010532752,9.756217181436572,-14.964007370996525,25.046497932158513,-13.532649723398578,-17.615877205629747,-2.773690549749734,6.997531923674639
EFT:-25.79876614607165,-19.62553219652444,-13.636582010532758,9.756217181436574,-14.964007370996525,25.046497932158516,-13.532649723398578,-17.615877205629747,-2.7736905497497353,6.997531923674637
Random377
Raw:-25.798766146071653,-19.625532196524443,-13.636582010532756,9.756217181436575,-14.96400737099652,25.04649793215852,-13.532649723398574,-17.615877205629744,-2.7736905497497317,6.997531923674637
EFT:-25.79876614607165,-19.62553219652444,-13.636582010532758,9.756217181436574,-14.964007370996525,25.046497932158516,-13.532649723398578,-17.615877205629747,-2.7736905497497357,6.997531923674636
Random378
Raw:-25.798766146071642,-19.62553219652444,-13.636582010532754,9.756217181436572,-14.964007370996526,25.046497932158516,-13.532649723398578,-17.61587720562975,-2.773690549749735,6.997531923674637
EFT:-25.79876614607165,-19.62553219652444,-13.636582010532758,9.756217181436574,-14.964007370996525,25.046497932158516,-13.532649723398578,-17.615877205629747,-2.7736905497497357,6.997531923674636
Random379
Raw:-25.798766146071646,-19.625532196524436,-13.636582010532758,9.756217181436574,-14.964007370996521,25.046497932158516,-13.532649723398572,-17.615877205629737,-2.7736905497497397,6.997531923674636
EFT:-25.79876614607165,-19.62553219652444,-13.636582010532758,9.756217181436574,-14.964007370996525,25.046497932158516,-13.532649723398578,-17.615877205629747,-2.7736905497497353,6.997531923674636
Random380
Raw:-25.798766146071642,-19.62553219652444,-13.636582010532754,9.75621718143657,-14.964007370996526,25.046497932158513,-13.532649723398576,-17.61587720562974,-2.773690549749738,6.997531923674635
EFT:-25.79876614607165,-19.62553219652444,-13.636582010532758,9.756217181436574,-14.964007370996525,25.046497932158516,-13.532649723398578,-17.615877205629747,-2.7736905497497357,6.997531923674636
Random381
Raw:-25.798766146071646,-19.625532196524432,-13.636582010532754,9.75621718143657,-14.964007370996523,25.04649793215852,-13.532649723398567,-17.615877205629744,-2.773690549749735,6.997531923674632
EFT:-25.79876614607165,-19.62553219652444,-13.636582010532758,9.756217181436574,-14.964007370996525,25.046497932158516,-13.532649723398578,-17.615877205629747,-2.7736905497497353,6.997531923674636
Random382
Raw:-25.798766146071653,-19.62553219652444,-13.636582010532752,9.756217181436572,-14.964007370996525,25.046497932158516,-13.53264972339858,-17.61587720562974,-2.7736905497497375,6.997531923674636
EFT:-25.79876614607165,-19.62553219652444,-13.636582010532758,9.756217181436574,-14.964007370996525,25.046497932158516,-13.532649723398578,-17.615877205629747,-2.7736905497497353,6.997531923674637
Random383
Raw:-25.798766146071653,-19.625532196524446,-13.63658201053275,9.75621718143657,-14.964007370996525,25.046497932158516,-13.532649723398572,-17.615877205629747,-2.7736905497497384,6.997531923674634
EFT:-25.79876614607165,-19.62553219652444,-13.636582010532758,9.756217181436574,-14.964007370996525,25.046497932158516,-13.532649723398578,-17.615877205629747,-2.7736905497497357,6.997531923674636
Random384
Raw:-25.79876614607165,-19.62553219652443,-13.636582010532754,9.756217181436568,-14.96400737099652,25.046497932158513,-13.532649723398574,-17.61587720562974,-2.773690549749733,6.997531923674635
EFT:-25.79876614607165,-19.62553219652444,-13.636582010532758,9.756217181436574,-14.964007370996525,25.046497932158516,-13.532649723398578,-17.615877205629747,-2.7736905497497353,6.997531923674637
Random385
Raw:-25.798766146071657,-19.625532196524436,-13.636582010532756,9.756217181436574,-14.96400737099653,25.04649793215852,-13.53264972339857,-17.61587720562975,-2.7736905497497353,6.997531923674639
EFT:-25.79876614607165,-19.62553219652444,-13.636582010532758,9.756217181436574,-14.964007370996525,25.046497932158516,-13.532649723398578,-17.615877205629747,-2.7736905497497357,6.997531923674636
Random386
Raw:-25.798766146071642,-19.62553219652444,-13.636582010532758,9.756217181436577,-14.964007370996526,25.046497932158516,-13.532649723398574,-17.615877205629744,-2.773690549749733,6.9975319236746385
EFT:-25.79876614607165,-19.62553219652444,-13.636582010532758,9.756217181436574,-14.964007370996525,25.046497932158513,-13.532649723398578,-17.615877205629747,-2.7736905497497357,6.997531923674637
Random387
Raw:-25.798766146071653,-19.625532196524446,-13.636582010532754,9.756217181436577,-14.964007370996523,25.04649793215852,-13.532649723398578,-17.615877205629747,-2.7736905497497313,6.997531923674637
EFT:-25.79876614607165,-19.62553219652444,-13.636582010532758,9.756217181436574,-14.964007370996525,25.046497932158516,-13.532649723398578,-17.615877205629747,-2.7736905497497357,6.997531923674636
Random388
Raw:-25.798766146071664,-19.625532196524436,-13.636582010532763,9.756217181436572,-14.964007370996525,25.046497932158516,-13.532649723398572,-17.61587720562974,-2.7736905497497384,6.997531923674636
EFT:-25.79876614607165,-19.62553219652444,-13.636582010532758,9.756217181436574,-14.964007370996525,25.046497932158516,-13.532649723398578,-17.615877205629747,-2.7736905497497357,6.997531923674636
Random389
Raw:-25.798766146071653,-19.625532196524443,-13.636582010532754,9.75621718143657,-14.964007370996534,25.046497932158513,-13.532649723398572,-17.615877205629747,-2.7736905497497286,6.997531923674635
EFT:-25.79876614607165,-19.62553219652444,-13.636582010532758,9.756217181436574,-14.964007370996525,25.046497932158516,-13.532649723398578,-17.615877205629747,-2.7736905497497357,6.997531923674637
Random390
Raw:-25.79876614607166,-19.625532196524443,-13.636582010532754,9.75621718143657,-14.964007370996534,25.046497932158516,-13.532649723398572,-17.615877205629747,-2.773690549749732,6.997531923674636
EFT:-25.79876614607165,-19.62553219652444,-13.636582010532758,9.756217181436574,-14.964007370996525,25.046497932158513,-13.532649723398578,-17.615877205629747,-2.7736905497497357,6.997531923674637
Random391
Raw:-25.798766146071653,-19.62553219652444,-13.63658201053275,9.756217181436574,-14.96400737099653,25.046497932158516,-13.53264972339858,-17.61587720562974,-2.77369054974974,6.997531923674633
EFT:-25.79876614607165,-19.62553219652444,-13.636582010532758,9.756217181436574,-14.964007370996525,25.046497932158516,-13.532649723398578,-17.615877205629747,-2.7736905497497357,6.997531923674636
Random392
Raw:-25.79876614607164,-19.62553219652444,-13.636582010532754,9.75621718143657,-14.964007370996528,25.04649793215851,-13.532649723398574,-17.61587720562974,-2.7736905497497335,6.997531923674637
EFT:-25.79876614607165,-19.62553219652444,-13.636582010532758,9.756217181436574,-14.964007370996525,25.046497932158516,-13.532649723398578,-17.615877205629747,-2.7736905497497357,6.997531923674636
Random393
Raw:-25.798766146071646,-19.625532196524436,-13.636582010532756,9.756217181436572,-14.964007370996528,25.04649793215851,-13.532649723398569,-17.61587720562974,-2.773690549749739,6.997531923674635
EFT:-25.79876614607165,-19.62553219652444,-13.636582010532758,9.756217181436574,-14.964007370996525,25.046497932158516,-13.532649723398578,-17.615877205629747,-2.7736905497497353,6.997531923674637
Random394
Raw:-25.79876614607166,-19.625532196524443,-13.636582010532763,9.75621718143657,-14.964007370996526,25.046497932158523,-13.53264972339858,-17.61587720562975,-2.7736905497497393,6.997531923674636
EFT:-25.79876614607165,-19.62553219652444,-13.636582010532758,9.756217181436574,-14.964007370996525,25.046497932158516,-13.532649723398578,-17.615877205629747,-2.7736905497497357,6.997531923674636
Random395
Raw:-25.79876614607165,-19.62553219652444,-13.636582010532758,9.756217181436574,-14.964007370996528,25.046497932158513,-13.532649723398569,-17.615877205629747,-2.773690549749734,6.9975319236746385
EFT:-25.79876614607165,-19.62553219652444,-13.636582010532758,9.756217181436574,-14.964007370996525,25.046497932158513,-13.532649723398578,-17.615877205629747,-2.7736905497497357,6.997531923674637
Random396
Raw:-25.79876614607165,-19.625532196524436,-13.636582010532758,9.75621718143657,-14.964007370996523,25.04649793215851,-13.532649723398578,-17.61587720562975,-2.7736905497497397,6.997531923674634
EFT:-25.79876614607165,-19.62553219652444,-13.636582010532758,9.756217181436574,-14.964007370996525,25.046497932158516,-13.532649723398578,-17.615877205629747,-2.7736905497497353,6.997531923674636
Random397
Raw:-25.798766146071646,-19.625532196524443,-13.636582010532754,9.75621718143657,-14.964007370996523,25.046497932158513,-13.532649723398572,-17.615877205629744,-2.773690549749738,6.997531923674636
EFT:-25.79876614607165,-19.62553219652444,-13.636582010532758,9.756217181436574,-14.964007370996525,25.046497932158516,-13.532649723398578,-17.615877205629747,-2.7736905497497357,6.997531923674637
Random398
Raw:-25.798766146071653,-19.625532196524436,-13.636582010532758,9.756217181436568,-14.964007370996521,25.046497932158516,-13.532649723398572,-17.615877205629744,-2.773690549749743,6.997531923674632
EFT:-25.79876614607165,-19.62553219652444,-13.636582010532758,9.756217181436574,-14.964007370996525,25.046497932158516,-13.532649723398578,-17.615877205629747,-2.7736905497497353,6.997531923674636
Random399
Raw:-25.79876614607165,-19.625532196524436,-13.63658201053275,9.756217181436568,-14.964007370996525,25.046497932158513,-13.532649723398572,-17.61587720562974,-2.7736905497497353,6.997531923674634
EFT:-25.79876614607165,-19.62553219652444,-13.636582010532758,9.756217181436574,-14.964007370996525,25.046497932158516,-13.532649723398578,-17.615877205629747,-2.7736905497497353,6.997531923674636
Random400
Raw:-25.798766146071646,-19.625532196524446,-13.636582010532756,9.756217181436574,-14.964007370996523,25.04649793215852,-13.532649723398569,-17.615877205629747,-2.7736905497497384,6.997531923674637
EFT:-25.79876614607165,-19.62553219652444,-13.636582010532758,9.756217181436574,-14.964007370996525,25.046497932158516,-13.532649723398578,-17.615877205629747,-2.7736905497497353,6.997531923674637
Random401
Raw:-25.798766146071646,-19.62553219652444,-13.636582010532758,9.756217181436574,-14.964007370996535,25.046497932158516,-13.532649723398576,-17.615877205629744,-2.773690549749737,6.997531923674635
EFT:-25.79876614607165,-19.62553219652444,-13.636582010532758,9.756217181436574,-14.964007370996525,25.046497932158516,-13.532649723398578,-17.615877205629747,-2.7736905497497353,6.997531923674637
Random402
Raw:-25.798766146071642,-19.625532196524446,-13.636582010532752,9.756217181436577,-14.964007370996525,25.04649793215851,-13.53264972339857,-17.615877205629747,-2.773690549749731,6.997531923674634
EFT:-25.79876614607165,-19.62553219652444,-13.636582010532758,9.756217181436574,-14.964007370996525,25.046497932158516,-13.532649723398578,-17.615877205629747,-2.7736905497497353,6.997531923674636
Random403
Raw:-25.79876614607165,-19.625532196524446,-13.636582010532756,9.756217181436574,-14.964007370996523,25.046497932158523,-13.532649723398576,-17.615877205629758,-2.7736905497497375,6.997531923674641
EFT:-25.79876614607165,-19.62553219652444,-13.636582010532758,9.756217181436574,-14.964007370996525,25.046497932158516,-13.532649723398578,-17.615877205629747,-2.7736905497497357,6.997531923674637
Random404
Raw:-25.798766146071646,-19.62553219652444,-13.636582010532758,9.756217181436575,-14.964007370996528,25.046497932158513,-13.532649723398576,-17.61587720562975,-2.7736905497497375,6.997531923674637
EFT:-25.79876614607165,-19.62553219652444,-13.636582010532758,9.756217181436574,-14.964007370996525,25.046497932158516,-13.532649723398578,-17.615877205629747,-2.7736905497497353,6.997531923674636
Random405
Raw:-25.798766146071642,-19.625532196524432,-13.636582010532754,9.756217181436574,-14.96400737099653,25.046497932158516,-13.532649723398574,-17.615877205629747,-2.773690549749736,6.997531923674631
EFT:-25.79876614607165,-19.62553219652444,-13.636582010532758,9.756217181436574,-14.964007370996525,25.046497932158516,-13.532649723398578,-17.615877205629747,-2.7736905497497353,6.997531923674636
Random406
Raw:-25.798766146071653,-19.625532196524425,-13.636582010532756,9.756217181436572,-14.964007370996525,25.046497932158516,-13.532649723398576,-17.615877205629747,-2.773690549749742,6.997531923674636
EFT:-25.79876614607165,-19.62553219652444,-13.636582010532758,9.756217181436574,-14.964007370996525,25.046497932158516,-13.532649723398578,-17.615877205629747,-2.7736905497497353,6.997531923674636
Random407
Raw:-25.798766146071653,-19.625532196524446,-13.636582010532756,9.75621718143657,-14.964007370996525,25.046497932158513,-13.532649723398574,-17.615877205629744,-2.7736905497497317,6.9975319236746385
EFT:-25.79876614607165,-19.62553219652444,-13.636582010532758,9.756217181436574,-14.964007370996525,25.046497932158516,-13.532649723398578,-17.615877205629747,-2.7736905497497353,6.997531923674636
Random408
Raw:-25.798766146071642,-19.625532196524446,-13.636582010532749,9.756217181436572,-14.96400737099653,25.04649793215851,-13.532649723398576,-17.615877205629744,-2.773690549749741,6.997531923674638
EFT:-25.79876614607165,-19.62553219652444,-13.636582010532758,9.756217181436574,-14.964007370996525,25.046497932158513,-13.532649723398578,-17.615877205629747,-2.7736905497497357,6.997531923674637
Random409
Raw:-25.798766146071642,-19.625532196524446,-13.636582010532756,9.756217181436572,-14.964007370996526,25.046497932158513,-13.532649723398569,-17.615877205629744,-2.773690549749732,6.9975319236746385
EFT:-25.79876614607165,-19.62553219652444,-13.636582010532758,9.756217181436574,-14.964007370996525,25.046497932158516,-13.532649723398578,-17.615877205629747,-2.7736905497497353,6.997531923674637
Random410
Raw:-25.798766146071646,-19.62553219652444,-13.636582010532756,9.756217181436572,-14.964007370996528,25.04649793215852,-13.532649723398565,-17.615877205629744,-2.7736905497497317,6.997531923674632
EFT:-25.79876614607165,-19.62553219652444,-13.636582010532758,9.756217181436574,-14.964007370996525,25.046497932158516,-13.532649723398578,-17.615877205629747,-2.7736905497497357,6.997531923674636
Random411
Raw:-25.798766146071642,-19.625532196524436,-13.636582010532758,9.756217181436572,-14.964007370996532,25.04649793215851,-13.532649723398572,-17.61587720562974,-2.7736905497497344,6.997531923674637
EFT:-25.79876614607165,-19.62553219652444,-13.636582010532758,9.756217181436574,-14.964007370996525,25.046497932158516,-13.532649723398578,-17.615877205629747,-2.7736905497497357,6.997531923674637
Random412
Raw:-25.79876614607165,-19.625532196524436,-13.636582010532756,9.75621718143657,-14.964007370996526,25.04649793215852,-13.532649723398578,-17.615877205629747,-2.7736905497497295,6.997531923674638
EFT:-25.79876614607165,-19.62553219652444,-13.636582010532758,9.756217181436574,-14.964007370996525,25.046497932158516,-13.532649723398578,-17.615877205629747,-2.7736905497497353,6.997531923674637
Random413
Raw:-25.79876614607165,-19.625532196524446,-13.636582010532756,9.756217181436574,-14.964007370996526,25.046497932158523,-13.532649723398574,-17.615877205629747,-2.773690549749729,6.997531923674634
EFT:-25.79876614607165,-19.62553219652444,-13.636582010532758,9.756217181436574,-14.964007370996525,25.046497932158516,-13.532649723398578,-17.615877205629747,-2.7736905497497353,6.997531923674636
Random414
Raw:-25.79876614607165,-19.625532196524432,-13.636582010532754,9.756217181436574,-14.964007370996532,25.04649793215851,-13.53264972339857,-17.615877205629744,-2.773690549749734,6.997531923674635
EFT:-25.79876614607165,-19.62553219652444,-13.636582010532758,9.756217181436574,-14.964007370996525,25.046497932158516,-13.532649723398578,-17.615877205629747,-2.7736905497497357,6.997531923674636
Random415
Raw:-25.798766146071642,-19.62553219652445,-13.636582010532747,9.756217181436579,-14.96400737099653,25.046497932158506,-13.532649723398576,-17.615877205629747,-2.773690549749739,6.997531923674633
EFT:-25.79876614607165,-19.62553219652444,-13.636582010532758,9.756217181436574,-14.964007370996525,25.046497932158516,-13.532649723398578,-17.615877205629747,-2.7736905497497357,6.997531923674636
Random416
Raw:-25.79876614607165,-19.625532196524432,-13.636582010532756,9.756217181436577,-14.964007370996528,25.046497932158513,-13.532649723398576,-17.61587720562974,-2.7736905497497357,6.997531923674632
EFT:-25.79876614607165,-19.62553219652444,-13.636582010532758,9.756217181436574,-14.964007370996525,25.046497932158516,-13.532649723398578,-17.615877205629747,-2.7736905497497353,6.997531923674636
Random417
Raw:-25.798766146071653,-19.62553219652444,-13.636582010532758,9.756217181436574,-14.964007370996523,25.046497932158516,-13.532649723398576,-17.615877205629754,-2.773690549749733,6.997531923674638
EFT:-25.79876614607165,-19.62553219652444,-13.636582010532758,9.756217181436574,-14.964007370996525,25.046497932158516,-13.532649723398578,-17.615877205629747,-2.7736905497497353,6.997531923674636
Random418
Raw:-25.79876614607165,-19.625532196524446,-13.636582010532754,9.756217181436572,-14.964007370996526,25.04649793215852,-13.532649723398572,-17.615877205629744,-2.773690549749732,6.997531923674638
EFT:-25.79876614607165,-19.62553219652444,-13.636582010532758,9.756217181436574,-14.964007370996525,25.046497932158516,-13.532649723398578,-17.615877205629747,-2.7736905497497357,6.997531923674637
Random419
Raw:-25.798766146071653,-19.625532196524436,-13.636582010532756,9.756217181436574,-14.964007370996523,25.04649793215851,-13.532649723398572,-17.615877205629747,-2.773690549749741,6.9975319236746385
EFT:-25.79876614607165,-19.62553219652444,-13.636582010532758,9.756217181436574,-14.964007370996525,25.046497932158516,-13.532649723398578,-17.615877205629747,-2.7736905497497353,6.997531923674637
Random420
Raw:-25.798766146071657,-19.625532196524432,-13.63658201053276,9.756217181436574,-14.964007370996526,25.046497932158516,-13.532649723398572,-17.61587720562975,-2.7736905497497357,6.997531923674633
EFT:-25.79876614607165,-19.62553219652444,-13.636582010532758,9.756217181436574,-14.964007370996525,25.046497932158516,-13.532649723398578,-17.615877205629747,-2.7736905497497353,6.997531923674637
Random421
Raw:-25.79876614607165,-19.625532196524436,-13.636582010532752,9.75621718143657,-14.96400737099653,25.04649793215852,-13.532649723398576,-17.61587720562975,-2.7736905497497353,6.9975319236746385
EFT:-25.79876614607165,-19.62553219652444,-13.636582010532758,9.756217181436574,-14.964007370996525,25.046497932158516,-13.532649723398578,-17.615877205629747,-2.7736905497497357,6.997531923674636
Random422
Raw:-25.798766146071653,-19.62553219652444,-13.636582010532756,9.756217181436574,-14.964007370996534,25.046497932158516,-13.532649723398574,-17.615877205629744,-2.773690549749734,6.997531923674636
EFT:-25.79876614607165,-19.62553219652444,-13.636582010532758,9.756217181436574,-14.964007370996525,25.046497932158516,-13.532649723398578,-17.615877205629747,-2.7736905497497353,6.997531923674636
Random423
Raw:-25.798766146071653,-19.625532196524436,-13.636582010532756,9.756217181436575,-14.964007370996537,25.04649793215852,-13.532649723398576,-17.615877205629747,-2.7736905497497304,6.997531923674637
EFT:-25.79876614607165,-19.62553219652444,-13.636582010532758,9.756217181436574,-14.964007370996525,25.046497932158516,-13.532649723398578,-17.615877205629747,-2.7736905497497353,6.997531923674636
Random424
Raw:-25.798766146071642,-19.62553219652444,-13.636582010532752,9.756217181436572,-14.964007370996528,25.04649793215851,-13.532649723398578,-17.615877205629744,-2.773690549749732,6.997531923674636
EFT:-25.79876614607165,-19.62553219652444,-13.636582010532758,9.756217181436574,-14.964007370996525,25.046497932158516,-13.532649723398578,-17.615877205629747,-2.773690549749735,6.997531923674637
Random425
Raw:-25.79876614607165,-19.62553219652445,-13.636582010532761,9.756217181436572,-14.964007370996518,25.04649793215851,-13.532649723398572,-17.615877205629744,-2.773690549749734,6.997531923674635
EFT:-25.79876614607165,-19.62553219652444,-13.636582010532758,9.756217181436574,-14.964007370996525,25.046497932158516,-13.532649723398578,-17.615877205629747,-2.7736905497497353,6.997531923674637
Random426
Raw:-25.798766146071653,-19.62553219652444,-13.636582010532763,9.756217181436579,-14.964007370996528,25.046497932158523,-13.532649723398581,-17.615877205629754,-2.7736905497497344,6.997531923674641
EFT:-25.79876614607165,-19.62553219652444,-13.636582010532758,9.756217181436574,-14.964007370996525,25.046497932158516,-13.532649723398578,-17.615877205629747,-2.7736905497497357,6.997531923674637
Random427
Raw:-25.79876614607164,-19.62553219652444,-13.63658201053275,9.756217181436572,-14.964007370996528,25.046497932158513,-13.532649723398569,-17.615877205629737,-2.7736905497497317,6.997531923674632
EFT:-25.79876614607165,-19.62553219652444,-13.636582010532758,9.756217181436574,-14.964007370996525,25.046497932158516,-13.532649723398578,-17.615877205629747,-2.7736905497497357,6.997531923674636
Random428
Raw:-25.798766146071653,-19.62553219652444,-13.636582010532758,9.756217181436572,-14.964007370996526,25.04649793215851,-13.532649723398569,-17.61587720562974,-2.773690549749732,6.997531923674632
EFT:-25.79876614607165,-19.62553219652444,-13.636582010532758,9.756217181436574,-14.964007370996525,25.046497932158516,-13.532649723398578,-17.615877205629747,-2.7736905497497353,6.997531923674637
Random429
Raw:-25.798766146071653,-19.625532196524443,-13.636582010532758,9.756217181436575,-14.96400737099653,25.046497932158516,-13.532649723398574,-17.61587720562975,-2.773690549749734,6.997531923674638
EFT:-25.79876614607165,-19.62553219652444,-13.636582010532758,9.756217181436574,-14.964007370996525,25.046497932158516,-13.532649723398578,-17.615877205629747,-2.7736905497497353,6.997531923674636
Random430
Raw:-25.79876614607165,-19.625532196524432,-13.63658201053276,9.756217181436572,-14.96400737099652,25.046497932158513,-13.532649723398572,-17.615877205629747,-2.773690549749739,6.997531923674638
EFT:-25.79876614607165,-19.62553219652444,-13.636582010532758,9.756217181436574,-14.964007370996525,25.046497932158516,-13.532649723398578,-17.615877205629747,-2.7736905497497353,6.997531923674636
Random431
Raw:-25.798766146071657,-19.625532196524436,-13.636582010532756,9.756217181436577,-14.964007370996523,25.046497932158513,-13.532649723398569,-17.615877205629747,-2.7736905497497277,6.997531923674636
EFT:-25.79876614607165,-19.62553219652444,-13.636582010532758,9.756217181436574,-14.964007370996525,25.046497932158516,-13.532649723398578,-17.615877205629747,-2.7736905497497353,6.997531923674636
Random432
Raw:-25.798766146071653,-19.625532196524446,-13.636582010532754,9.756217181436574,-14.964007370996521,25.046497932158516,-13.532649723398574,-17.615877205629747,-2.77369054974974,6.997531923674635
EFT:-25.79876614607165,-19.62553219652444,-13.636582010532758,9.756217181436574,-14.964007370996525,25.046497932158516,-13.532649723398578,-17.615877205629747,-2.7736905497497353,6.997531923674636
Random433
Raw:-25.798766146071653,-19.62553219652444,-13.636582010532754,9.756217181436574,-14.964007370996525,25.046497932158506,-13.532649723398574,-17.615877205629754,-2.7736905497497406,6.997531923674637
EFT:-25.79876614607165,-19.62553219652444,-13.636582010532758,9.756217181436574,-14.964007370996525,25.046497932158516,-13.532649723398578,-17.615877205629747,-2.7736905497497353,6.997531923674636
Random434
Raw:-25.798766146071635,-19.625532196524443,-13.636582010532749,9.756217181436575,-14.964007370996528,25.04649793215851,-13.532649723398572,-17.615877205629747,-2.7736905497497353,6.997531923674634
EFT:-25.79876614607165,-19.62553219652444,-13.636582010532758,9.756217181436574,-14.964007370996525,25.046497932158516,-13.532649723398578,-17.615877205629747,-2.7736905497497357,6.997531923674636
Random435
Raw:-25.79876614607165,-19.625532196524443,-13.636582010532754,9.756217181436574,-14.964007370996528,25.046497932158516,-13.532649723398576,-17.615877205629747,-2.7736905497497393,6.997531923674638
EFT:-25.79876614607165,-19.62553219652444,-13.636582010532758,9.756217181436574,-14.964007370996525,25.046497932158516,-13.532649723398578,-17.615877205629747,-2.7736905497497357,6.997531923674637
Random436
Raw:-25.798766146071646,-19.625532196524446,-13.63658201053275,9.756217181436572,-14.964007370996528,25.046497932158513,-13.532649723398569,-17.615877205629744,-2.7736905497497304,6.997531923674631
EFT:-25.79876614607165,-19.62553219652444,-13.636582010532758,9.756217181436574,-14.964007370996525,25.046497932158516,-13.532649723398578,-17.615877205629747,-2.7736905497497357,6.997531923674636
Random437
Raw:-25.79876614607164,-19.62553219652444,-13.63658201053275,9.756217181436572,-14.96400737099653,25.046497932158516,-13.53264972339857,-17.61587720562975,-2.7736905497497317,6.997531923674633
EFT:-25.79876614607165,-19.62553219652444,-13.636582010532758,9.756217181436574,-14.964007370996525,25.046497932158516,-13.532649723398578,-17.615877205629747,-2.7736905497497357,6.997531923674636
Random438
Raw:-25.798766146071642,-19.625532196524436,-13.636582010532752,9.756217181436572,-14.964007370996523,25.046497932158513,-13.532649723398572,-17.615877205629737,-2.773690549749732,6.997531923674631
EFT:-25.79876614607165,-19.62553219652444,-13.636582010532758,9.756217181436574,-14.964007370996525,25.046497932158516,-13.532649723398578,-17.615877205629747,-2.7736905497497357,6.997531923674637
Random439
Raw:-25.798766146071635,-19.62553219652444,-13.636582010532752,9.75621718143657,-14.964007370996526,25.04649793215852,-13.532649723398572,-17.61587720562974,-2.77369054974974,6.997531923674634
EFT:-25.79876614607165,-19.62553219652444,-13.636582010532758,9.756217181436574,-14.964007370996525,25.046497932158516,-13.532649723398578,-17.615877205629747,-2.7736905497497353,6.997531923674636
Random440
Raw:-25.798766146071657,-19.62553219652444,-13.636582010532763,9.756217181436574,-14.964007370996521,25.046497932158523,-13.532649723398567,-17.615877205629744,-2.773690549749738,6.997531923674638
EFT:-25.79876614607165,-19.62553219652444,-13.636582010532758,9.756217181436574,-14.964007370996525,25.046497932158516,-13.532649723398578,-17.615877205629747,-2.7736905497497357,6.997531923674636
Random441
Raw:-25.79876614607165,-19.625532196524446,-13.636582010532752,9.756217181436568,-14.964007370996526,25.04649793215852,-13.532649723398574,-17.615877205629747,-2.7736905497497357,6.997531923674632
EFT:-25.79876614607165,-19.62553219652444,-13.636582010532758,9.756217181436574,-14.964007370996525,25.046497932158516,-13.532649723398578,-17.615877205629747,-2.7736905497497353,6.997531923674636
Random442
Raw:-25.798766146071646,-19.625532196524443,-13.63658201053276,9.756217181436577,-14.964007370996528,25.046497932158516,-13.532649723398572,-17.615877205629744,-2.7736905497497344,6.997531923674636
EFT:-25.79876614607165,-19.62553219652444,-13.636582010532758,9.756217181436574,-14.964007370996525,25.046497932158516,-13.532649723398578,-17.615877205629747,-2.7736905497497353,6.997531923674636
Random443
Raw:-25.79876614607165,-19.625532196524443,-13.636582010532758,9.756217181436574,-14.964007370996532,25.04649793215851,-13.532649723398572,-17.61587720562973,-2.7736905497497335,6.997531923674636
EFT:-25.79876614607165,-19.62553219652444,-13.636582010532758,9.756217181436574,-14.964007370996525,25.046497932158516,-13.532649723398578,-17.615877205629747,-2.7736905497497353,6.997531923674636
Random444
Raw:-25.798766146071657,-19.62553219652445,-13.636582010532754,9.756217181436574,-14.964007370996532,25.046497932158513,-13.53264972339858,-17.615877205629747,-2.773690549749739,6.997531923674637
EFT:-25.79876614607165,-19.62553219652444,-13.636582010532758,9.756217181436574,-14.964007370996525,25.046497932158513,-13.532649723398578,-17.615877205629747,-2.7736905497497357,6.997531923674637
Random445
Raw:-25.798766146071653,-19.625532196524446,-13.636582010532758,9.756217181436575,-14.964007370996528,25.046497932158523,-13.532649723398574,-17.615877205629754,-2.773690549749737,6.997531923674638
EFT:-25.79876614607165,-19.62553219652444,-13.636582010532758,9.756217181436574,-14.964007370996525,25.046497932158516,-13.532649723398578,-17.615877205629747,-2.7736905497497357,6.997531923674637
Random446
Raw:-25.79876614607165,-19.62553219652444,-13.636582010532752,9.756217181436574,-14.964007370996526,25.046497932158513,-13.532649723398574,-17.615877205629744,-2.7736905497497326,6.997531923674634
EFT:-25.79876614607165,-19.62553219652444,-13.636582010532758,9.756217181436574,-14.964007370996525,25.046497932158516,-13.532649723398578,-17.615877205629747,-2.7736905497497353,6.997531923674636
Random447
Raw:-25.79876614607164,-19.62553219652444,-13.63658201053275,9.756217181436574,-14.964007370996521,25.046497932158513,-13.532649723398583,-17.61587720562974,-2.773690549749735,6.997531923674639
EFT:-25.79876614607165,-19.62553219652444,-13.636582010532758,9.756217181436574,-14.964007370996525,25.046497932158516,-13.532649723398578,-17.615877205629747,-2.7736905497497357,6.997531923674636
Random448
Raw:-25.798766146071646,-19.62553219652444,-13.636582010532761,9.756217181436575,-14.96400737099653,25.046497932158516,-13.532649723398572,-17.61587720562975,-2.7736905497497344,6.997531923674635
EFT:-25.79876614607165,-19.62553219652444,-13.636582010532758,9.756217181436574,-14.964007370996525,25.046497932158516,-13.532649723398578,-17.615877205629747,-2.7736905497497353,6.997531923674637
Random449
Raw:-25.798766146071642,-19.625532196524436,-13.636582010532761,9.756217181436577,-14.964007370996521,25.046497932158516,-13.53264972339857,-17.615877205629744,-2.7736905497497357,6.997531923674636
EFT:-25.79876614607165,-19.62553219652444,-13.636582010532758,9.756217181436574,-14.964007370996525,25.046497932158516,-13.532649723398578,-17.615877205629747,-2.7736905497497353,6.997531923674636
Random450
Raw:-25.798766146071642,-19.625532196524436,-13.636582010532754,9.756217181436575,-14.964007370996528,25.046497932158516,-13.532649723398574,-17.61587720562974,-2.7736905497497357,6.997531923674637
EFT:-25.79876614607165,-19.62553219652444,-13.636582010532758,9.756217181436574,-14.964007370996525,25.046497932158516,-13.532649723398578,-17.615877205629747,-2.7736905497497353,6.997531923674637
Random451
Raw:-25.798766146071642,-19.625532196524436,-13.636582010532749,9.75621718143657,-14.964007370996518,25.0464979321585,-13.532649723398578,-17.615877205629744,-2.7736905497497397,6.997531923674636
EFT:-25.79876614607165,-19.62553219652444,-13.636582010532758,9.756217181436574,-14.964007370996525,25.046497932158516,-13.532649723398578,-17.615877205629747,-2.7736905497497357,6.997531923674637
Random452
Raw:-25.798766146071653,-19.625532196524446,-13.636582010532761,9.75621718143657,-14.964007370996526,25.046497932158516,-13.532649723398572,-17.61587720562975,-2.7736905497497353,6.997531923674633
EFT:-25.79876614607165,-19.62553219652444,-13.636582010532758,9.756217181436574,-14.964007370996525,25.046497932158516,-13.532649723398578,-17.615877205629747,-2.7736905497497353,6.997531923674636
Random453
Raw:-25.798766146071653,-19.62553219652444,-13.636582010532756,9.756217181436572,-14.964007370996526,25.04649793215852,-13.532649723398578,-17.61587720562975,-2.773690549749739,6.997531923674636
EFT:-25.79876614607165,-19.62553219652444,-13.636582010532758,9.756217181436574,-14.964007370996525,25.046497932158516,-13.532649723398578,-17.615877205629747,-2.7736905497497353,6.997531923674636
Random454
Raw:-25.798766146071642,-19.62553219652444,-13.636582010532752,9.756217181436574,-14.964007370996521,25.04649793215851,-13.532649723398574,-17.61587720562974,-2.7736905497497344,6.997531923674635
EFT:-25.79876614607165,-19.62553219652444,-13.636582010532758,9.756217181436574,-14.964007370996525,25.046497932158513,-13.532649723398578,-17.615877205629747,-2.7736905497497357,6.997531923674637
Random455
Raw:-25.798766146071646,-19.62553219652444,-13.63658201053275,9.756217181436575,-14.96400737099653,25.046497932158516,-13.53264972339858,-17.615877205629747,-2.7736905497497317,6.997531923674637
EFT:-25.79876614607165,-19.62553219652444,-13.636582010532758,9.756217181436574,-14.964007370996525,25.046497932158516,-13.532649723398578,-17.615877205629747,-2.7736905497497353,6.997531923674636
Random456
Raw:-25.798766146071653,-19.625532196524432,-13.636582010532754,9.756217181436568,-14.964007370996525,25.046497932158516,-13.532649723398576,-17.615877205629744,-2.773690549749733,6.997531923674633
EFT:-25.79876614607165,-19.62553219652444,-13.636582010532758,9.756217181436574,-14.964007370996525,25.046497932158516,-13.532649723398578,-17.615877205629747,-2.7736905497497353,6.997531923674636
Random457
Raw:-25.798766146071653,-19.625532196524443,-13.636582010532763,9.756217181436575,-14.96400737099652,25.04649793215851,-13.532649723398576,-17.61587720562975,-2.7736905497497335,6.9975319236746385
EFT:-25.79876614607165,-19.62553219652444,-13.636582010532758,9.756217181436574,-14.964007370996525,25.046497932158513,-13.532649723398578,-17.615877205629747,-2.7736905497497357,6.997531923674637
Random458
Raw:-25.798766146071642,-19.62553219652444,-13.636582010532756,9.75621718143657,-14.964007370996532,25.046497932158523,-13.532649723398565,-17.615877205629744,-2.7736905497497313,6.997531923674634
EFT:-25.79876614607165,-19.62553219652444,-13.636582010532758,9.756217181436574,-14.964007370996525,25.046497932158516,-13.532649723398578,-17.615877205629747,-2.7736905497497353,6.997531923674636
Random459
Raw:-25.79876614607164,-19.625532196524446,-13.636582010532756,9.756217181436574,-14.964007370996535,25.046497932158513,-13.532649723398572,-17.615877205629747,-2.773690549749732,6.997531923674632
EFT:-25.79876614607165,-19.62553219652444,-13.636582010532758,9.756217181436574,-14.964007370996525,25.046497932158513,-13.532649723398578,-17.615877205629747,-2.7736905497497357,6.997531923674637
Random460
Raw:-25.798766146071653,-19.62553219652444,-13.636582010532754,9.756217181436572,-14.964007370996523,25.046497932158516,-13.532649723398576,-17.615877205629744,-2.7736905497497335,6.997531923674636
EFT:-25.79876614607165,-19.62553219652444,-13.636582010532758,9.756217181436574,-14.964007370996525,25.046497932158516,-13.532649723398578,-17.615877205629747,-2.7736905497497353,6.997531923674637
Random461
Raw:-25.79876614607164,-19.62553219652444,-13.636582010532749,9.75621718143657,-14.964007370996528,25.0464979321585,-13.532649723398576,-17.615877205629744,-2.7736905497497304,6.997531923674632
EFT:-25.79876614607165,-19.62553219652444,-13.636582010532758,9.756217181436574,-14.964007370996525,25.046497932158516,-13.532649723398578,-17.615877205629747,-2.7736905497497353,6.997531923674636
Random462
Raw:-25.79876614607163,-19.62553219652444,-13.63658201053275,9.756217181436572,-14.964007370996525,25.04649793215852,-13.532649723398567,-17.615877205629747,-2.7736905497497317,6.997531923674631
EFT:-25.79876614607165,-19.62553219652444,-13.636582010532758,9.756217181436574,-14.964007370996525,25.046497932158516,-13.532649723398578,-17.615877205629747,-2.7736905497497353,6.997531923674636
Random463
Raw:-25.79876614607166,-19.62553219652444,-13.636582010532765,9.756217181436572,-14.964007370996528,25.046497932158516,-13.532649723398569,-17.61587720562975,-2.773690549749734,6.997531923674636
EFT:-25.79876614607165,-19.62553219652444,-13.636582010532758,9.756217181436574,-14.964007370996525,25.046497932158516,-13.532649723398578,-17.615877205629747,-2.7736905497497353,6.997531923674637
Random464
Raw:-25.798766146071642,-19.62553219652444,-13.636582010532754,9.756217181436572,-14.964007370996521,25.04649793215852,-13.532649723398574,-17.615877205629744,-2.7736905497497313,6.997531923674638
EFT:-25.79876614607165,-19.62553219652444,-13.636582010532758,9.756217181436574,-14.964007370996525,25.046497932158516,-13.532649723398578,-17.615877205629747,-2.7736905497497353,6.997531923674636
Random465
Raw:-25.798766146071657,-19.62553219652444,-13.636582010532761,9.756217181436575,-14.964007370996528,25.04649793215851,-13.532649723398567,-17.615877205629744,-2.7736905497497335,6.997531923674634
EFT:-25.79876614607165,-19.62553219652444,-13.636582010532758,9.756217181436574,-14.964007370996525,25.046497932158516,-13.532649723398578,-17.615877205629747,-2.773690549749735,6.997531923674637
Random466
Raw:-25.798766146071657,-19.625532196524443,-13.636582010532758,9.756217181436572,-14.964007370996528,25.046497932158513,-13.532649723398578,-17.615877205629747,-2.773690549749733,6.997531923674639
EFT:-25.79876614607165,-19.62553219652444,-13.636582010532758,9.756217181436574,-14.964007370996525,25.046497932158516,-13.532649723398578,-17.615877205629747,-2.7736905497497353,6.997531923674637
Random467
Raw:-25.798766146071653,-19.625532196524443,-13.636582010532756,9.756217181436575,-14.964007370996521,25.046497932158513,-13.53264972339857,-17.615877205629747,-2.77369054974973,6.9975319236746385
EFT:-25.79876614607165,-19.62553219652444,-13.636582010532758,9.756217181436574,-14.964007370996525,25.046497932158516,-13.532649723398578,-17.615877205629747,-2.7736905497497357,6.997531923674636
Random468
Raw:-25.79876614607163,-19.625532196524443,-13.636582010532747,9.756217181436574,-14.964007370996526,25.04649793215851,-13.532649723398576,-17.615877205629747,-2.7736905497497326,6.99753192367463
EFT:-25.79876614607165,-19.62553219652444,-13.636582010532758,9.756217181436574,-14.964007370996525,25.046497932158516,-13.532649723398578,-17.615877205629747,-2.7736905497497353,6.997531923674637
Random469
Raw:-25.798766146071646,-19.62553219652445,-13.636582010532754,9.756217181436572,-14.964007370996523,25.046497932158516,-13.53264972339857,-17.615877205629744,-2.773690549749731,6.997531923674633
EFT:-25.79876614607165,-19.62553219652444,-13.636582010532758,9.756217181436574,-14.964007370996525,25.046497932158516,-13.532649723398578,-17.615877205629747,-2.7736905497497353,6.997531923674637
Random470
Raw:-25.798766146071646,-19.625532196524432,-13.636582010532756,9.756217181436574,-14.964007370996525,25.04649793215851,-13.532649723398569,-17.615877205629744,-2.773690549749735,6.997531923674637
EFT:-25.79876614607165,-19.62553219652444,-13.636582010532758,9.756217181436574,-14.964007370996525,25.046497932158516,-13.532649723398578,-17.615877205629747,-2.7736905497497353,6.997531923674636
Random471
Raw:-25.798766146071653,-19.62553219652444,-13.636582010532758,9.756217181436575,-14.964007370996526,25.04649793215852,-13.532649723398572,-17.615877205629744,-2.7736905497497317,6.997531923674638
EFT:-25.79876614607165,-19.62553219652444,-13.636582010532758,9.756217181436574,-14.964007370996525,25.046497932158516,-13.532649723398578,-17.615877205629747,-2.7736905497497357,6.997531923674636
Random472
Raw:-25.79876614607165,-19.62553219652445,-13.636582010532754,9.756217181436579,-14.964007370996523,25.046497932158513,-13.532649723398565,-17.61587720562975,-2.7736905497497313,6.997531923674636
EFT:-25.79876614607165,-19.62553219652444,-13.636582010532758,9.756217181436574,-14.964007370996525,25.046497932158516,-13.532649723398578,-17.615877205629747,-2.7736905497497353,6.997531923674636
Random473
Raw:-25.798766146071657,-19.625532196524443,-13.63658201053275,9.756217181436577,-14.964007370996537,25.046497932158516,-13.532649723398578,-17.615877205629747,-2.773690549749733,6.997531923674635
EFT:-25.79876614607165,-19.62553219652444,-13.636582010532758,9.756217181436574,-14.964007370996525,25.046497932158516,-13.532649723398578,-17.615877205629747,-2.7736905497497357,6.997531923674636
Random474
Raw:-25.79876614607165,-19.625532196524436,-13.63658201053276,9.756217181436572,-14.964007370996528,25.04649793215852,-13.532649723398576,-17.615877205629754,-2.773690549749738,6.997531923674637
EFT:-25.79876614607165,-19.62553219652444,-13.636582010532758,9.756217181436574,-14.964007370996525,25.046497932158516,-13.532649723398578,-17.615877205629747,-2.7736905497497357,6.997531923674636
Random475
Raw:-25.798766146071646,-19.625532196524436,-13.636582010532758,9.756217181436572,-14.964007370996523,25.046497932158513,-13.532649723398572,-17.615877205629744,-2.773690549749737,6.997531923674636
EFT:-25.79876614607165,-19.62553219652444,-13.636582010532758,9.756217181436574,-14.964007370996525,25.046497932158516,-13.532649723398578,-17.615877205629747,-2.7736905497497353,6.997531923674637
Random476
Raw:-25.798766146071653,-19.625532196524436,-13.636582010532756,9.756217181436572,-14.964007370996525,25.046497932158516,-13.532649723398576,-17.615877205629744,-2.7736905497497393,6.9975319236746385
EFT:-25.79876614607165,-19.62553219652444,-13.636582010532758,9.756217181436574,-14.964007370996525,25.046497932158516,-13.532649723398578,-17.615877205629747,-2.7736905497497357,6.997531923674636
Random477
Raw:-25.798766146071642,-19.62553219652444,-13.636582010532756,9.75621718143657,-14.964007370996523,25.046497932158516,-13.53264972339857,-17.61587720562975,-2.7736905497497357,6.9975319236746385
EFT:-25.79876614607165,-19.62553219652444,-13.636582010532758,9.756217181436574,-14.964007370996525,25.046497932158516,-13.532649723398578,-17.615877205629747,-2.7736905497497357,6.997531923674636
Random478
Raw:-25.79876614607165,-19.62553219652444,-13.636582010532754,9.756217181436575,-14.964007370996525,25.046497932158516,-13.532649723398581,-17.61587720562975,-2.77369054974974,6.997531923674638
EFT:-25.79876614607165,-19.62553219652444,-13.636582010532758,9.756217181436574,-14.964007370996525,25.046497932158516,-13.532649723398578,-17.615877205629747,-2.7736905497497357,6.997531923674636
Random479
Raw:-25.798766146071642,-19.625532196524443,-13.636582010532754,9.756217181436574,-14.96400737099653,25.04649793215851,-13.532649723398569,-17.61587720562975,-2.773690549749728,6.997531923674632
EFT:-25.79876614607165,-19.62553219652444,-13.636582010532758,9.756217181436574,-14.964007370996525,25.046497932158516,-13.532649723398578,-17.615877205629747,-2.7736905497497353,6.997531923674637
Random480
Raw:-25.798766146071642,-19.625532196524436,-13.636582010532754,9.756217181436572,-14.96400737099653,25.046497932158506,-13.532649723398569,-17.615877205629737,-2.7736905497497335,6.9975319236746305
EFT:-25.79876614607165,-19.62553219652444,-13.636582010532758,9.756217181436574,-14.964007370996525,25.046497932158516,-13.532649723398578,-17.615877205629747,-2.7736905497497353,6.997531923674637
Random481
Raw:-25.798766146071642,-19.625532196524446,-13.636582010532749,9.756217181436577,-14.96400737099653,25.046497932158513,-13.532649723398572,-17.615877205629744,-2.773690549749733,6.997531923674634
EFT:-25.79876614607165,-19.62553219652444,-13.636582010532758,9.756217181436574,-14.964007370996525,25.046497932158516,-13.532649723398578,-17.615877205629747,-2.7736905497497357,6.997531923674637
Random482
Raw:-25.79876614607164,-19.62553219652444,-13.636582010532754,9.756217181436572,-14.964007370996534,25.0464979321585,-13.532649723398572,-17.61587720562974,-2.773690549749734,6.997531923674631
EFT:-25.79876614607165,-19.62553219652444,-13.636582010532758,9.756217181436574,-14.964007370996525,25.046497932158516,-13.532649723398578,-17.615877205629747,-2.7736905497497353,6.997531923674636
Random483
Raw:-25.798766146071642,-19.625532196524436,-13.636582010532754,9.756217181436575,-14.96400737099653,25.04649793215851,-13.53264972339857,-17.615877205629747,-2.773690549749735,6.997531923674632
EFT:-25.79876614607165,-19.62553219652444,-13.636582010532758,9.756217181436574,-14.964007370996525,25.046497932158516,-13.532649723398578,-17.615877205629747,-2.7736905497497357,6.997531923674637
Random484
Raw:-25.798766146071642,-19.625532196524436,-13.636582010532752,9.756217181436572,-14.964007370996526,25.046497932158513,-13.532649723398581,-17.61587720562975,-2.7736905497497375,6.997531923674638
EFT:-25.79876614607165,-19.62553219652444,-13.636582010532758,9.756217181436574,-14.964007370996525,25.046497932158516,-13.532649723398578,-17.615877205629747,-2.7736905497497353,6.997531923674637
Random485
Raw:-25.798766146071653,-19.625532196524436,-13.636582010532761,9.756217181436577,-14.964007370996525,25.04649793215852,-13.532649723398578,-17.615877205629754,-2.773690549749739,6.997531923674636
EFT:-25.79876614607165,-19.62553219652444,-13.636582010532758,9.756217181436574,-14.964007370996525,25.046497932158516,-13.532649723398578,-17.615877205629747,-2.773690549749735,6.997531923674637
Random486
Raw:-25.798766146071642,-19.625532196524436,-13.636582010532756,9.75621718143657,-14.964007370996523,25.046497932158513,-13.532649723398578,-17.615877205629744,-2.7736905497497393,6.997531923674638
EFT:-25.79876614607165,-19.62553219652444,-13.636582010532758,9.756217181436574,-14.964007370996525,25.046497932158516,-13.532649723398578,-17.615877205629747,-2.7736905497497353,6.997531923674637
Random487
Raw:-25.798766146071653,-19.625532196524432,-13.636582010532754,9.756217181436568,-14.964007370996525,25.046497932158513,-13.532649723398574,-17.615877205629747,-2.773690549749741,6.997531923674632
EFT:-25.79876614607165,-19.62553219652444,-13.636582010532758,9.756217181436574,-14.964007370996525,25.046497932158513,-13.532649723398578,-17.615877205629747,-2.7736905497497357,6.997531923674637
Random488
Raw:-25.798766146071646,-19.62553219652444,-13.636582010532758,9.756217181436572,-14.964007370996525,25.046497932158513,-13.532649723398572,-17.61587720562975,-2.773690549749735,6.997531923674634
EFT:-25.79876614607165,-19.62553219652444,-13.636582010532758,9.756217181436574,-14.964007370996525,25.046497932158516,-13.532649723398578,-17.615877205629747,-2.7736905497497353,6.997531923674636
Random489
Raw:-25.798766146071653,-19.62553219652444,-13.636582010532758,9.756217181436579,-14.96400737099653,25.046497932158516,-13.53264972339858,-17.615877205629747,-2.77369054974974,6.997531923674642
EFT:-25.79876614607165,-19.62553219652444,-13.636582010532758,9.756217181436574,-14.964007370996525,25.046497932158513,-13.532649723398578,-17.615877205629747,-2.7736905497497357,6.997531923674637
Random490
Raw:-25.798766146071646,-19.625532196524436,-13.636582010532756,9.756217181436572,-14.964007370996518,25.04649793215852,-13.532649723398572,-17.615877205629747,-2.7736905497497375,6.997531923674638
EFT:-25.79876614607165,-19.62553219652444,-13.636582010532758,9.756217181436574,-14.964007370996525,25.046497932158516,-13.532649723398578,-17.615877205629747,-2.7736905497497353,6.997531923674636
Random491
Raw:-25.798766146071653,-19.62553219652444,-13.636582010532752,9.75621718143657,-14.964007370996523,25.04649793215851,-13.53264972339857,-17.61587720562974,-2.773690549749733,6.997531923674636
EFT:-25.79876614607165,-19.62553219652444,-13.636582010532758,9.756217181436574,-14.964007370996525,25.046497932158516,-13.532649723398578,-17.615877205629747,-2.773690549749735,6.997531923674637
Random492
Raw:-25.798766146071635,-19.62553219652444,-13.63658201053275,9.756217181436575,-14.964007370996535,25.04649793215851,-13.532649723398578,-17.61587720562974,-2.7736905497497357,6.9975319236746305
EFT:-25.79876614607165,-19.62553219652444,-13.636582010532758,9.756217181436574,-14.964007370996525,25.046497932158516,-13.532649723398578,-17.615877205629747,-2.7736905497497353,6.997531923674636
Random493
Raw:-25.79876614607165,-19.625532196524443,-13.636582010532754,9.756217181436574,-14.964007370996521,25.04649793215852,-13.532649723398574,-17.615877205629747,-2.7736905497497384,6.997531923674637
EFT:-25.79876614607165,-19.62553219652444,-13.636582010532758,9.756217181436574,-14.964007370996525,25.046497932158513,-13.532649723398578,-17.615877205629747,-2.7736905497497357,6.997531923674637
Random494
Raw:-25.798766146071646,-19.625532196524436,-13.636582010532763,9.75621718143657,-14.964007370996526,25.046497932158513,-13.532649723398576,-17.61587720562974,-2.77369054974974,6.99753192367464
EFT:-25.79876614607165,-19.62553219652444,-13.636582010532758,9.756217181436574,-14.964007370996525,25.046497932158516,-13.532649723398578,-17.615877205629747,-2.7736905497497353,6.997531923674636
Random495
Raw:-25.798766146071646,-19.625532196524436,-13.636582010532752,9.756217181436574,-14.964007370996525,25.046497932158513,-13.532649723398576,-17.615877205629744,-2.7736905497497353,6.997531923674634
EFT:-25.79876614607165,-19.62553219652444,-13.636582010532758,9.756217181436574,-14.964007370996525,25.046497932158516,-13.532649723398578,-17.615877205629747,-2.7736905497497357,6.997531923674636
Random496
Raw:-25.79876614607165,-19.62553219652444,-13.636582010532752,9.756217181436579,-14.964007370996526,25.046497932158516,-13.532649723398572,-17.61587720562974,-2.7736905497497353,6.997531923674636
EFT:-25.79876614607165,-19.62553219652444,-13.636582010532758,9.756217181436574,-14.964007370996525,25.046497932158516,-13.532649723398578,-17.615877205629747,-2.7736905497497353,6.997531923674636
Random497
Raw:-25.79876614607165,-19.625532196524443,-13.636582010532763,9.756217181436577,-14.96400737099653,25.046497932158516,-13.532649723398574,-17.61587720562975,-2.7736905497497304,6.997531923674638
EFT:-25.79876614607165,-19.62553219652444,-13.636582010532758,9.756217181436574,-14.964007370996525,25.046497932158516,-13.532649723398578,-17.615877205629747,-2.7736905497497353,6.997531923674637
Random498
Raw:-25.798766146071657,-19.62553219652444,-13.636582010532758,9.756217181436572,-14.964007370996525,25.046497932158513,-13.532649723398572,-17.615877205629747,-2.7736905497497384,6.997531923674635
EFT:-25.79876614607165,-19.62553219652444,-13.636582010532758,9.756217181436574,-14.964007370996525,25.046497932158516,-13.532649723398578,-17.615877205629747,-2.7736905497497353,6.997531923674636
Random499
Raw:-25.79876614607166,-19.625532196524443,-13.63658201053276,9.756217181436575,-14.964007370996525,25.046497932158513,-13.532649723398576,-17.615877205629754,-2.7736905497497357,6.9975319236746385
EFT:-25.79876614607165,-19.62553219652444,-13.636582010532758,9.756217181436574,-14.964007370996525,25.046497932158516,-13.532649723398578,-17.615877205629747,-2.7736905497497353,6.997531923674636
Random500
Raw:-25.798766146071646,-19.625532196524443,-13.636582010532754,9.75621718143657,-14.96400737099653,25.046497932158513,-13.53264972339857,-17.615877205629747,-2.7736905497497357,6.997531923674638
EFT:-25.79876614607165,-19.62553219652444,-13.636582010532758,9.756217181436574,-14.964007370996525,25.046497932158516,-13.532649723398578,-17.615877205629747,-2.7736905497497357,6.997531923674636
Random501
Raw:-25.798766146071646,-19.625532196524436,-13.63658201053275,9.756217181436568,-14.964007370996535,25.046497932158516,-13.532649723398572,-17.615877205629744,-2.7736905497497384,6.997531923674635
EFT:-25.79876614607165,-19.62553219652444,-13.636582010532758,9.756217181436574,-14.964007370996525,25.046497932158516,-13.532649723398578,-17.615877205629747,-2.7736905497497353,6.997531923674637
Random502
Raw:-25.798766146071646,-19.62553219652445,-13.636582010532752,9.756217181436574,-14.96400737099653,25.046497932158513,-13.53264972339857,-17.615877205629747,-2.7736905497497353,6.997531923674632
EFT:-25.79876614607165,-19.62553219652444,-13.636582010532758,9.756217181436574,-14.964007370996525,25.046497932158516,-13.532649723398578,-17.615877205629747,-2.7736905497497357,6.997531923674636
Random503
Raw:-25.798766146071653,-19.625532196524446,-13.636582010532758,9.756217181436577,-14.964007370996523,25.046497932158516,-13.532649723398572,-17.61587720562975,-2.7736905497497286,6.997531923674636
EFT:-25.79876614607165,-19.62553219652444,-13.636582010532758,9.756217181436574,-14.964007370996525,25.046497932158516,-13.532649723398578,-17.615877205629747,-2.7736905497497353,6.997531923674636
Random504
Raw:-25.798766146071642,-19.62553219652444,-13.636582010532754,9.75621718143657,-14.964007370996525,25.046497932158513,-13.53264972339857,-17.61587720562975,-2.7736905497497353,6.997531923674639
EFT:-25.79876614607165,-19.62553219652444,-13.636582010532758,9.756217181436574,-14.964007370996525,25.046497932158516,-13.532649723398578,-17.615877205629747,-2.7736905497497357,6.997531923674636
Random505
Raw:-25.798766146071657,-19.62553219652444,-13.636582010532754,9.75621718143657,-14.964007370996525,25.046497932158516,-13.532649723398576,-17.615877205629747,-2.773690549749732,6.997531923674636
EFT:-25.79876614607165,-19.62553219652444,-13.636582010532758,9.756217181436574,-14.964007370996525,25.046497932158516,-13.532649723398578,-17.615877205629747,-2.7736905497497353,6.997531923674636
Random506
Raw:-25.798766146071646,-19.625532196524432,-13.636582010532756,9.75621718143657,-14.964007370996525,25.04649793215852,-13.532649723398572,-17.615877205629747,-2.773690549749734,6.997531923674635
EFT:-25.79876614607165,-19.62553219652444,-13.636582010532758,9.756217181436574,-14.964007370996525,25.046497932158516,-13.532649723398578,-17.615877205629747,-2.7736905497497357,6.997531923674636
Random507
Raw:-25.79876614607165,-19.62553219652444,-13.636582010532756,9.756217181436572,-14.964007370996523,25.046497932158513,-13.53264972339857,-17.615877205629747,-2.773690549749736,6.997531923674635
EFT:-25.79876614607165,-19.62553219652444,-13.636582010532758,9.756217181436574,-14.964007370996525,25.046497932158516,-13.532649723398578,-17.615877205629747,-2.7736905497497353,6.997531923674637
Random508
Raw:-25.79876614607165,-19.625532196524446,-13.636582010532754,9.756217181436575,-14.964007370996523,25.04649793215852,-13.532649723398578,-17.615877205629747,-2.773690549749732,6.997531923674639
EFT:-25.79876614607165,-19.62553219652444,-13.636582010532758,9.756217181436574,-14.964007370996525,25.046497932158516,-13.532649723398578,-17.615877205629747,-2.7736905497497357,6.997531923674636
Random509
Raw:-25.798766146071646,-19.625532196524446,-13.636582010532756,9.756217181436574,-14.964007370996525,25.046497932158523,-13.532649723398574,-17.615877205629758,-2.7736905497497344,6.997531923674639
EFT:-25.79876614607165,-19.62553219652444,-13.636582010532758,9.756217181436574,-14.964007370996525,25.046497932158516,-13.532649723398578,-17.615877205629747,-2.773690549749735,6.997531923674637
Random510
Raw:-25.79876614607164,-19.625532196524443,-13.636582010532752,9.756217181436574,-14.96400737099653,25.046497932158516,-13.532649723398572,-17.615877205629744,-2.7736905497497357,6.997531923674638
EFT:-25.79876614607165,-19.62553219652444,-13.636582010532758,9.756217181436574,-14.964007370996525,25.046497932158516,-13.532649723398578,-17.615877205629747,-2.7736905497497353,6.997531923674637
Random511
Raw:-25.798766146071646,-19.625532196524436,-13.636582010532752,9.756217181436574,-14.964007370996532,25.04649793215851,-13.532649723398572,-17.615877205629747,-2.773690549749736,6.997531923674632
EFT:-25.79876614607165,-19.62553219652444,-13.636582010532758,9.756217181436574,-14.964007370996525,25.046497932158516,-13.532649723398578,-17.615877205629747,-2.7736905497497357,6.997531923674637
Random512
Raw:-25.798766146071646,-19.625532196524446,-13.636582010532752,9.756217181436572,-14.964007370996526,25.046497932158513,-13.532649723398574,-17.61587720562974,-2.773690549749729,6.997531923674636
EFT:-25.79876614607165,-19.62553219652444,-13.636582010532758,9.756217181436574,-14.964007370996525,25.046497932158516,-13.532649723398578,-17.615877205629747,-2.7736905497497353,6.997531923674637
Random513
Raw:-25.798766146071642,-19.625532196524436,-13.636582010532756,9.75621718143657,-14.964007370996528,25.046497932158513,-13.53264972339857,-17.615877205629747,-2.773690549749733,6.997531923674635
EFT:-25.79876614607165,-19.62553219652444,-13.636582010532758,9.756217181436574,-14.964007370996525,25.046497932158513,-13.532649723398578,-17.615877205629747,-2.7736905497497357,6.997531923674637
Random514
Raw:-25.798766146071642,-19.625532196524436,-13.636582010532752,9.756217181436572,-14.964007370996528,25.046497932158516,-13.532649723398576,-17.615877205629744,-2.7736905497497366,6.997531923674635
EFT:-25.79876614607165,-19.62553219652444,-13.636582010532758,9.756217181436574,-14.964007370996525,25.046497932158516,-13.532649723398578,-17.615877205629747,-2.7736905497497353,6.997531923674637
Random515
Raw:-25.79876614607164,-19.625532196524443,-13.636582010532749,9.756217181436577,-14.964007370996534,25.046497932158513,-13.532649723398567,-17.615877205629744,-2.77369054974973,6.997531923674632
EFT:-25.79876614607165,-19.62553219652444,-13.636582010532758,9.756217181436574,-14.964007370996525,25.046497932158516,-13.532649723398578,-17.615877205629747,-2.7736905497497353,6.997531923674637
Random516
Raw:-25.798766146071653,-19.62553219652444,-13.636582010532747,9.756217181436575,-14.964007370996532,25.046497932158516,-13.532649723398576,-17.615877205629747,-2.773690549749737,6.997531923674635
EFT:-25.79876614607165,-19.62553219652444,-13.636582010532758,9.756217181436574,-14.964007370996525,25.046497932158516,-13.532649723398578,-17.615877205629747,-2.7736905497497357,6.997531923674637
Random517
Raw:-25.798766146071657,-19.625532196524432,-13.636582010532761,9.756217181436574,-14.964007370996521,25.046497932158516,-13.532649723398578,-17.615877205629747,-2.773690549749742,6.997531923674637
EFT:-25.79876614607165,-19.62553219652444,-13.636582010532758,9.756217181436574,-14.964007370996525,25.046497932158516,-13.532649723398578,-17.615877205629747,-2.7736905497497353,6.997531923674637
Random518
Raw:-25.798766146071646,-19.625532196524446,-13.636582010532756,9.756217181436572,-14.96400737099653,25.046497932158513,-13.532649723398574,-17.61587720562974,-2.773690549749737,6.997531923674632
EFT:-25.79876614607165,-19.62553219652444,-13.636582010532758,9.756217181436574,-14.964007370996525,25.046497932158516,-13.532649723398578,-17.615877205629747,-2.7736905497497353,6.997531923674637
Random519
Raw:-25.798766146071653,-19.625532196524432,-13.636582010532756,9.75621718143657,-14.964007370996526,25.04649793215851,-13.532649723398574,-17.615877205629747,-2.773690549749738,6.997531923674636
EFT:-25.79876614607165,-19.62553219652444,-13.636582010532758,9.756217181436574,-14.964007370996525,25.046497932158516,-13.532649723398578,-17.615877205629747,-2.7736905497497357,6.997531923674637
Random520
Raw:-25.798766146071657,-19.625532196524446,-13.636582010532758,9.756217181436574,-14.964007370996532,25.046497932158516,-13.532649723398574,-17.615877205629744,-2.7736905497497375,6.997531923674634
EFT:-25.79876614607165,-19.62553219652444,-13.636582010532758,9.756217181436574,-14.964007370996525,25.046497932158516,-13.532649723398578,-17.615877205629747,-2.7736905497497357,6.997531923674636
Random521
Raw:-25.79876614607165,-19.62553219652444,-13.636582010532761,9.756217181436574,-14.964007370996532,25.046497932158513,-13.53264972339857,-17.615877205629747,-2.7736905497497366,6.997531923674636
EFT:-25.79876614607165,-19.62553219652444,-13.636582010532758,9.756217181436574,-14.964007370996525,25.046497932158516,-13.532649723398578,-17.615877205629747,-2.7736905497497353,6.997531923674637
Random522
Raw:-25.79876614607165,-19.62553219652444,-13.636582010532763,9.756217181436574,-14.964007370996523,25.046497932158516,-13.532649723398576,-17.61587720562975,-2.7736905497497375,6.997531923674636
EFT:-25.79876614607165,-19.62553219652444,-13.636582010532758,9.756217181436574,-14.964007370996525,25.046497932158516,-13.532649723398578,-17.615877205629747,-2.7736905497497357,6.997531923674637
Random523
Raw:-25.798766146071642,-19.62553219652444,-13.636582010532754,9.756217181436572,-14.964007370996534,25.046497932158516,-13.532649723398572,-17.615877205629744,-2.773690549749739,6.997531923674636
EFT:-25.79876614607165,-19.62553219652444,-13.636582010532758,9.756217181436574,-14.964007370996525,25.046497932158516,-13.532649723398578,-17.615877205629747,-2.7736905497497357,6.997531923674637
Random524
Raw:-25.798766146071642,-19.62553219652444,-13.636582010532747,9.756217181436572,-14.964007370996526,25.046497932158513,-13.532649723398574,-17.615877205629747,-2.773690549749732,6.997531923674635
EFT:-25.79876614607165,-19.62553219652444,-13.636582010532758,9.756217181436574,-14.964007370996525,25.046497932158516,-13.532649723398578,-17.615877205629747,-2.7736905497497353,6.997531923674636
Random525
Raw:-25.79876614607165,-19.625532196524436,-13.636582010532758,9.75621718143657,-14.964007370996526,25.04649793215852,-13.532649723398567,-17.615877205629744,-2.773690549749728,6.997531923674637
EFT:-25.79876614607165,-19.62553219652444,-13.636582010532758,9.756217181436574,-14.964007370996525,25.046497932158516,-13.532649723398578,-17.615877205629747,-2.7736905497497357,6.997531923674636
Random526
Raw:-25.798766146071642,-19.625532196524443,-13.636582010532749,9.756217181436574,-14.964007370996526,25.046497932158513,-13.532649723398576,-17.615877205629744,-2.773690549749734,6.997531923674636
EFT:-25.79876614607165,-19.62553219652444,-13.636582010532758,9.756217181436574,-14.964007370996525,25.046497932158516,-13.532649723398578,-17.615877205629747,-2.773690549749735,6.997531923674637
Random527
Raw:-25.798766146071642,-19.625532196524443,-13.636582010532756,9.756217181436574,-14.964007370996532,25.046497932158516,-13.53264972339857,-17.615877205629744,-2.773690549749733,6.997531923674634
EFT:-25.79876614607165,-19.62553219652444,-13.636582010532758,9.756217181436574,-14.964007370996525,25.046497932158516,-13.532649723398578,-17.615877205629747,-2.7736905497497357,6.997531923674636
Random528
Raw:-25.798766146071653,-19.625532196524446,-13.636582010532749,9.756217181436572,-14.964007370996523,25.046497932158513,-13.53264972339857,-17.615877205629747,-2.773690549749734,6.997531923674635
EFT:-25.79876614607165,-19.62553219652444,-13.636582010532758,9.756217181436574,-14.964007370996525,25.046497932158516,-13.532649723398578,-17.615877205629747,-2.7736905497497357,6.997531923674637
Random529
Raw:-25.798766146071642,-19.62553219652444,-13.63658201053275,9.756217181436574,-14.964007370996526,25.046497932158513,-13.53264972339858,-17.615877205629744,-2.773690549749735,6.997531923674638
EFT:-25.79876614607165,-19.62553219652444,-13.636582010532758,9.756217181436574,-14.964007370996525,25.046497932158516,-13.532649723398578,-17.615877205629747,-2.773690549749735,6.997531923674637
Random530
Raw:-25.79876614607165,-19.625532196524446,-13.636582010532754,9.756217181436574,-14.964007370996528,25.046497932158516,-13.532649723398574,-17.615877205629747,-2.7736905497497357,6.9975319236746385
EFT:-25.79876614607165,-19.62553219652444,-13.636582010532758,9.756217181436574,-14.964007370996525,25.046497932158516,-13.532649723398578,-17.615877205629747,-2.7736905497497353,6.997531923674636
Random531
Raw:-25.798766146071642,-19.625532196524443,-13.636582010532754,9.756217181436574,-14.964007370996526,25.04649793215851,-13.532649723398572,-17.61587720562975,-2.773690549749732,6.997531923674636
EFT:-25.79876614607165,-19.62553219652444,-13.636582010532758,9.756217181436574,-14.964007370996525,25.046497932158516,-13.532649723398578,-17.615877205629747,-2.7736905497497353,6.997531923674637
Random532
Raw:-25.798766146071642,-19.625532196524443,-13.636582010532747,9.75621718143657,-14.964007370996532,25.046497932158523,-13.532649723398576,-17.615877205629744,-2.773690549749734,6.9975319236746385
EFT:-25.79876614607165,-19.62553219652444,-13.636582010532758,9.756217181436574,-14.964007370996525,25.046497932158516,-13.532649723398578,-17.615877205629747,-2.7736905497497353,6.997531923674636
Random533
Raw:-25.798766146071646,-19.625532196524446,-13.63658201053275,9.756217181436574,-14.964007370996523,25.046497932158516,-13.532649723398572,-17.61587720562975,-2.773690549749734,6.997531923674639
EFT:-25.79876614607165,-19.62553219652444,-13.636582010532758,9.756217181436574,-14.964007370996525,25.046497932158513,-13.532649723398578,-17.615877205629747,-2.7736905497497357,6.997531923674637
Random534
Raw:-25.79876614607165,-19.625532196524443,-13.636582010532758,9.756217181436572,-14.964007370996526,25.046497932158513,-13.532649723398574,-17.615877205629747,-2.773690549749743,6.997531923674636
EFT:-25.79876614607165,-19.62553219652444,-13.636582010532758,9.756217181436574,-14.964007370996525,25.046497932158516,-13.532649723398578,-17.615877205629747,-2.7736905497497353,6.997531923674636
Random535
Raw:-25.79876614607165,-19.62553219652444,-13.63658201053275,9.756217181436577,-14.96400737099653,25.04649793215851,-13.53264972339857,-17.615877205629744,-2.773690549749733,6.997531923674633
EFT:-25.79876614607165,-19.62553219652444,-13.636582010532758,9.756217181436574,-14.964007370996525,25.046497932158516,-13.532649723398578,-17.615877205629747,-2.7736905497497357,6.997531923674637
Random536
Raw:-25.798766146071642,-19.625532196524436,-13.63658201053275,9.756217181436572,-14.964007370996528,25.046497932158513,-13.532649723398569,-17.61587720562974,-2.7736905497497326,6.997531923674634
EFT:-25.79876614607165,-19.62553219652444,-13.636582010532758,9.756217181436574,-14.964007370996525,25.046497932158513,-13.532649723398578,-17.615877205629747,-2.7736905497497357,6.997531923674637
Random537
Raw:-25.798766146071642,-19.625532196524443,-13.636582010532752,9.756217181436574,-14.964007370996532,25.046497932158513,-13.532649723398578,-17.615877205629744,-2.773690549749738,6.997531923674638
EFT:-25.79876614607165,-19.62553219652444,-13.636582010532758,9.756217181436574,-14.964007370996525,25.046497932158516,-13.532649723398578,-17.615877205629747,-2.7736905497497357,6.997531923674637
Random538
Raw:-25.798766146071653,-19.62553219652444,-13.636582010532756,9.756217181436572,-14.964007370996526,25.046497932158513,-13.532649723398574,-17.61587720562974,-2.773690549749732,6.997531923674633
EFT:-25.79876614607165,-19.62553219652444,-13.636582010532758,9.756217181436574,-14.964007370996525,25.046497932158516,-13.532649723398578,-17.615877205629747,-2.7736905497497357,6.997531923674636
Random539
Raw:-25.798766146071642,-19.625532196524436,-13.636582010532745,9.756217181436574,-14.964007370996528,25.046497932158513,-13.532649723398576,-17.615877205629747,-2.773690549749737,6.997531923674634
EFT:-25.79876614607165,-19.62553219652444,-13.636582010532758,9.756217181436574,-14.964007370996525,25.046497932158516,-13.532649723398578,-17.615877205629747,-2.7736905497497353,6.997531923674636
Random540
Raw:-25.798766146071657,-19.62553219652444,-13.636582010532758,9.756217181436574,-14.964007370996526,25.046497932158523,-13.532649723398574,-17.615877205629747,-2.7736905497497344,6.997531923674636
EFT:-25.79876614607165,-19.62553219652444,-13.636582010532758,9.756217181436574,-14.964007370996525,25.046497932158516,-13.532649723398578,-17.615877205629747,-2.7736905497497353,6.997531923674636
Random541
Raw:-25.798766146071653,-19.62553219652443,-13.636582010532756,9.756217181436572,-14.964007370996526,25.046497932158516,-13.532649723398574,-17.61587720562975,-2.773690549749731,6.997531923674636
EFT:-25.79876614607165,-19.62553219652444,-13.636582010532758,9.756217181436574,-14.964007370996525,25.046497932158516,-13.532649723398578,-17.615877205629747,-2.7736905497497353,6.997531923674637
Random542
Raw:-25.798766146071653,-19.625532196524432,-13.636582010532761,9.756217181436572,-14.96400737099652,25.046497932158513,-13.532649723398572,-17.615877205629744,-2.7736905497497393,6.997531923674634
EFT:-25.79876614607165,-19.62553219652444,-13.636582010532758,9.756217181436574,-14.964007370996525,25.046497932158516,-13.532649723398578,-17.615877205629747,-2.7736905497497353,6.997531923674636
Random543
Raw:-25.798766146071653,-19.625532196524436,-13.636582010532756,9.756217181436574,-14.964007370996525,25.046497932158513,-13.532649723398572,-17.615877205629747,-2.7736905497497415,6.997531923674637
EFT:-25.79876614607165,-19.62553219652444,-13.636582010532758,9.756217181436574,-14.964007370996525,25.046497932158516,-13.532649723398578,-17.615877205629747,-2.7736905497497357,6.997531923674637
Random544
Raw:-25.79876614607165,-19.62553219652444,-13.636582010532752,9.756217181436572,-14.964007370996525,25.04649793215851,-13.532649723398581,-17.615877205629747,-2.7736905497497357,6.997531923674635
EFT:-25.79876614607165,-19.62553219652444,-13.636582010532758,9.756217181436574,-14.964007370996525,25.046497932158516,-13.532649723398578,-17.615877205629747,-2.7736905497497353,6.997531923674636
Random545
Raw:-25.798766146071646,-19.62553219652444,-13.63658201053275,9.756217181436568,-14.96400737099653,25.046497932158516,-13.532649723398578,-17.61587720562974,-2.7736905497497357,6.997531923674635
EFT:-25.79876614607165,-19.62553219652444,-13.636582010532758,9.756217181436574,-14.964007370996525,25.046497932158516,-13.532649723398578,-17.615877205629747,-2.7736905497497353,6.997531923674636
Random546
Raw:-25.798766146071646,-19.625532196524446,-13.63658201053275,9.756217181436575,-14.964007370996534,25.04649793215852,-13.532649723398576,-17.615877205629754,-2.7736905497497366,6.997531923674639
EFT:-25.79876614607165,-19.62553219652444,-13.636582010532758,9.756217181436574,-14.964007370996525,25.046497932158516,-13.532649723398578,-17.615877205629747,-2.7736905497497353,6.997531923674636
Random547
Raw:-25.79876614607165,-19.625532196524446,-13.636582010532754,9.756217181436579,-14.964007370996526,25.046497932158513,-13.532649723398576,-17.615877205629747,-2.7736905497497344,6.9975319236746385
EFT:-25.79876614607165,-19.62553219652444,-13.636582010532758,9.756217181436574,-14.964007370996525,25.046497932158516,-13.532649723398578,-17.615877205629747,-2.7736905497497357,6.997531923674636
Random548
Raw:-25.79876614607164,-19.625532196524443,-13.636582010532752,9.75621718143657,-14.964007370996532,25.046497932158513,-13.532649723398572,-17.615877205629744,-2.7736905497497317,6.997531923674633
EFT:-25.79876614607165,-19.62553219652444,-13.636582010532758,9.756217181436574,-14.964007370996525,25.046497932158513,-13.532649723398578,-17.615877205629747,-2.7736905497497357,6.997531923674637
Random549
Raw:-25.798766146071646,-19.625532196524446,-13.63658201053275,9.756217181436572,-14.96400737099653,25.046497932158513,-13.53264972339857,-17.615877205629747,-2.7736905497497357,6.997531923674636
EFT:-25.79876614607165,-19.62553219652444,-13.636582010532758,9.756217181436574,-14.964007370996525,25.046497932158516,-13.532649723398578,-17.615877205629747,-2.773690549749735,6.997531923674637
Random550
Raw:-25.79876614607165,-19.62553219652444,-13.636582010532756,9.756217181436567,-14.96400737099653,25.04649793215852,-13.532649723398572,-17.615877205629737,-2.773690549749733,6.997531923674636
EFT:-25.79876614607165,-19.62553219652444,-13.636582010532758,9.756217181436574,-14.964007370996525,25.046497932158516,-13.532649723398578,-17.615877205629747,-2.7736905497497353,6.997531923674637
Random551
Raw:-25.79876614607165,-19.625532196524443,-13.636582010532756,9.756217181436574,-14.964007370996537,25.046497932158513,-13.532649723398576,-17.615877205629754,-2.773690549749731,6.997531923674639
EFT:-25.79876614607165,-19.62553219652444,-13.636582010532758,9.756217181436574,-14.964007370996525,25.046497932158513,-13.532649723398578,-17.615877205629747,-2.7736905497497357,6.997531923674637
Random552
Raw:-25.79876614607165,-19.625532196524443,-13.636582010532752,9.756217181436574,-14.964007370996526,25.046497932158513,-13.532649723398576,-17.615877205629744,-2.7736905497497357,6.997531923674637
EFT:-25.79876614607165,-19.62553219652444,-13.636582010532758,9.756217181436574,-14.964007370996525,25.046497932158513,-13.532649723398578,-17.615877205629747,-2.7736905497497357,6.997531923674637
Random553
Raw:-25.79876614607165,-19.62553219652444,-13.63658201053276,9.756217181436568,-14.964007370996525,25.04649793215852,-13.532649723398569,-17.61587720562975,-2.773690549749737,6.997531923674637
EFT:-25.79876614607165,-19.62553219652444,-13.636582010532758,9.756217181436574,-14.964007370996525,25.046497932158516,-13.532649723398578,-17.615877205629747,-2.7736905497497357,6.997531923674637
Random554
Raw:-25.79876614607164,-19.62553219652444,-13.636582010532749,9.756217181436574,-14.964007370996528,25.046497932158513,-13.532649723398569,-17.615877205629747,-2.7736905497497304,6.997531923674635
EFT:-25.79876614607165,-19.62553219652444,-13.636582010532758,9.756217181436574,-14.964007370996525,25.046497932158516,-13.532649723398578,-17.615877205629747,-2.7736905497497357,6.997531923674636
Random555
Raw:-25.798766146071646,-19.62553219652444,-13.636582010532761,9.756217181436568,-14.964007370996526,25.046497932158513,-13.532649723398574,-17.615877205629744,-2.7736905497497397,6.9975319236746385
EFT:-25.79876614607165,-19.62553219652444,-13.636582010532758,9.756217181436574,-14.964007370996525,25.046497932158513,-13.532649723398578,-17.615877205629747,-2.7736905497497357,6.997531923674637
Random556
Raw:-25.79876614607165,-19.62553219652444,-13.636582010532756,9.75621718143657,-14.964007370996521,25.046497932158516,-13.532649723398576,-17.615877205629744,-2.7736905497497397,6.997531923674634
EFT:-25.79876614607165,-19.62553219652444,-13.636582010532758,9.756217181436574,-14.964007370996525,25.046497932158516,-13.532649723398578,-17.615877205629747,-2.7736905497497353,6.997531923674637
Random557
Raw:-25.79876614607164,-19.625532196524443,-13.636582010532754,9.756217181436574,-14.964007370996525,25.046497932158516,-13.532649723398563,-17.61587720562974,-2.7736905497497384,6.99753192367463
EFT:-25.79876614607165,-19.62553219652444,-13.636582010532758,9.756217181436574,-14.964007370996525,25.046497932158516,-13.532649723398578,-17.615877205629747,-2.7736905497497353,6.997531923674636
Random558
Raw:-25.79876614607165,-19.625532196524443,-13.636582010532763,9.75621718143658,-14.964007370996523,25.046497932158516,-13.532649723398578,-17.61587720562975,-2.7736905497497406,6.997531923674638
EFT:-25.79876614607165,-19.62553219652444,-13.636582010532758,9.756217181436574,-14.964007370996525,25.046497932158516,-13.532649723398578,-17.615877205629747,-2.7736905497497353,6.997531923674637
Random559
Raw:-25.79876614607165,-19.625532196524436,-13.636582010532756,9.756217181436574,-14.964007370996518,25.046497932158516,-13.532649723398572,-17.615877205629754,-2.7736905497497384,6.997531923674639
EFT:-25.79876614607165,-19.62553219652444,-13.636582010532758,9.756217181436574,-14.964007370996525,25.046497932158513,-13.532649723398578,-17.615877205629747,-2.7736905497497357,6.997531923674637
Random560
Raw:-25.79876614607165,-19.62553219652444,-13.636582010532756,9.756217181436572,-14.96400737099653,25.04649793215852,-13.532649723398574,-17.61587720562974,-2.7736905497497344,6.997531923674635
EFT:-25.79876614607165,-19.62553219652444,-13.636582010532758,9.756217181436574,-14.964007370996525,25.046497932158516,-13.532649723398578,-17.615877205629747,-2.7736905497497357,6.997531923674636
Random561
Raw:-25.798766146071657,-19.625532196524443,-13.636582010532761,9.756217181436577,-14.964007370996526,25.046497932158513,-13.532649723398574,-17.615877205629754,-2.773690549749738,6.997531923674636
EFT:-25.79876614607165,-19.62553219652444,-13.636582010532758,9.756217181436574,-14.964007370996525,25.046497932158516,-13.532649723398578,-17.615877205629747,-2.7736905497497357,6.997531923674636
Random562
Raw:-25.79876614607166,-19.625532196524443,-13.636582010532752,9.75621718143657,-14.964007370996534,25.046497932158513,-13.532649723398576,-17.615877205629744,-2.773690549749737,6.997531923674635
EFT:-25.79876614607165,-19.62553219652444,-13.636582010532758,9.756217181436574,-14.964007370996525,25.046497932158513,-13.532649723398578,-17.615877205629747,-2.7736905497497357,6.997531923674637
Random563
Raw:-25.79876614607164,-19.62553219652444,-13.636582010532754,9.756217181436574,-14.964007370996526,25.046497932158506,-13.532649723398563,-17.615877205629744,-2.773690549749733,6.997531923674633
EFT:-25.79876614607165,-19.62553219652444,-13.636582010532758,9.756217181436574,-14.964007370996525,25.046497932158516,-13.532649723398578,-17.615877205629747,-2.7736905497497353,6.997531923674636
Random564
Raw:-25.798766146071657,-19.625532196524436,-13.63658201053276,9.75621718143657,-14.964007370996526,25.046497932158513,-13.532649723398576,-17.615877205629747,-2.77369054974974,6.997531923674637
EFT:-25.79876614607165,-19.62553219652444,-13.636582010532758,9.756217181436574,-14.964007370996525,25.046497932158516,-13.532649723398578,-17.615877205629747,-2.7736905497497357,6.997531923674636
Random565
Raw:-25.798766146071642,-19.625532196524443,-13.636582010532754,9.756217181436574,-14.964007370996535,25.046497932158516,-13.53264972339857,-17.615877205629744,-2.7736905497497357,6.997531923674633
EFT:-25.79876614607165,-19.62553219652444,-13.636582010532758,9.756217181436574,-14.964007370996525,25.046497932158516,-13.532649723398578,-17.615877205629747,-2.7736905497497357,6.997531923674636
Random566
Raw:-25.798766146071646,-19.62553219652444,-13.636582010532758,9.756217181436574,-14.964007370996521,25.046497932158516,-13.532649723398574,-17.615877205629744,-2.773690549749733,6.9975319236746385
EFT:-25.79876614607165,-19.62553219652444,-13.636582010532758,9.756217181436574,-14.964007370996525,25.046497932158516,-13.532649723398578,-17.615877205629747,-2.7736905497497353,6.997531923674636
Random567
Raw:-25.798766146071653,-19.625532196524443,-13.636582010532758,9.756217181436572,-14.964007370996523,25.046497932158516,-13.53264972339857,-17.615877205629747,-2.773690549749737,6.997531923674636
EFT:-25.79876614607165,-19.62553219652444,-13.636582010532758,9.756217181436574,-14.964007370996525,25.046497932158516,-13.532649723398578,-17.615877205629747,-2.7736905497497353,6.997531923674637
Random568
Raw:-25.798766146071646,-19.625532196524446,-13.636582010532754,9.756217181436575,-14.96400737099653,25.04649793215852,-13.532649723398578,-17.61587720562975,-2.773690549749736,6.997531923674638
EFT:-25.79876614607165,-19.62553219652444,-13.636582010532758,9.756217181436574,-14.964007370996525,25.046497932158516,-13.532649723398578,-17.615877205629747,-2.7736905497497353,6.997531923674636
Random569
Raw:-25.798766146071653,-19.62553219652444,-13.636582010532749,9.756217181436574,-14.964007370996528,25.046497932158513,-13.532649723398569,-17.615877205629747,-2.773690549749734,6.997531923674635
EFT:-25.79876614607165,-19.62553219652444,-13.636582010532758,9.756217181436574,-14.964007370996525,25.046497932158516,-13.532649723398578,-17.615877205629747,-2.7736905497497353,6.997531923674637
Random570
Raw:-25.798766146071646,-19.625532196524443,-13.636582010532754,9.756217181436577,-14.964007370996523,25.04649793215851,-13.532649723398578,-17.615877205629737,-2.773690549749731,6.997531923674635
EFT:-25.79876614607165,-19.62553219652444,-13.636582010532758,9.756217181436574,-14.964007370996525,25.046497932158516,-13.532649723398578,-17.615877205629747,-2.7736905497497353,6.997531923674636
Random571
Raw:-25.798766146071642,-19.625532196524436,-13.636582010532758,9.756217181436577,-14.964007370996532,25.046497932158516,-13.53264972339857,-17.615877205629744,-2.773690549749735,6.997531923674636
EFT:-25.79876614607165,-19.62553219652444,-13.636582010532758,9.756217181436574,-14.964007370996525,25.046497932158516,-13.532649723398578,-17.615877205629747,-2.7736905497497353,6.997531923674637
Random572
Raw:-25.79876614607165,-19.625532196524436,-13.63658201053276,9.756217181436575,-14.964007370996526,25.04649793215852,-13.532649723398572,-17.61587720562974,-2.7736905497497366,6.997531923674636
EFT:-25.79876614607165,-19.62553219652444,-13.636582010532758,9.756217181436574,-14.964007370996525,25.046497932158516,-13.532649723398578,-17.615877205629747,-2.7736905497497357,6.997531923674636
Random573
Raw:-25.79876614607164,-19.625532196524443,-13.63658201053275,9.756217181436574,-14.964007370996526,25.04649793215852,-13.532649723398569,-17.615877205629747,-2.773690549749727,6.997531923674633
EFT:-25.79876614607165,-19.62553219652444,-13.636582010532758,9.756217181436574,-14.964007370996525,25.046497932158516,-13.532649723398578,-17.615877205629747,-2.7736905497497357,6.997531923674636
Random574
Raw:-25.798766146071646,-19.62553219652444,-13.636582010532752,9.756217181436572,-14.964007370996534,25.046497932158527,-13.532649723398574,-17.615877205629744,-2.7736905497497384,6.997531923674637
EFT:-25.79876614607165,-19.62553219652444,-13.636582010532758,9.756217181436574,-14.964007370996525,25.046497932158516,-13.532649723398578,-17.615877205629747,-2.773690549749735,6.997531923674637
Random575
Raw:-25.798766146071642,-19.625532196524436,-13.636582010532756,9.756217181436577,-14.964007370996528,25.046497932158516,-13.532649723398574,-17.61587720562975,-2.773690549749734,6.997531923674634
EFT:-25.79876614607165,-19.62553219652444,-13.636582010532758,9.756217181436574,-14.964007370996525,25.046497932158516,-13.532649723398578,-17.615877205629747,-2.7736905497497353,6.997531923674636
Random576
Raw:-25.79876614607165,-19.62553219652445,-13.636582010532749,9.756217181436574,-14.964007370996528,25.04649793215852,-13.53264972339857,-17.615877205629744,-2.7736905497497393,6.997531923674634
EFT:-25.79876614607165,-19.62553219652444,-13.636582010532758,9.756217181436574,-14.964007370996525,25.046497932158516,-13.532649723398578,-17.615877205629747,-2.7736905497497357,6.997531923674637
Random577
Raw:-25.798766146071646,-19.625532196524443,-13.63658201053275,9.756217181436574,-14.964007370996528,25.046497932158513,-13.53264972339857,-17.615877205629744,-2.7736905497497366,6.997531923674633
EFT:-25.79876614607165,-19.62553219652444,-13.636582010532758,9.756217181436574,-14.964007370996525,25.046497932158513,-13.532649723398578,-17.615877205629747,-2.7736905497497357,6.997531923674637
Random578
Raw:-25.79876614607165,-19.625532196524443,-13.636582010532754,9.75621718143657,-14.964007370996534,25.046497932158513,-13.53264972339857,-17.61587720562974,-2.773690549749733,6.997531923674635
EFT:-25.79876614607165,-19.62553219652444,-13.636582010532758,9.756217181436574,-14.964007370996525,25.046497932158516,-13.532649723398578,-17.615877205629747,-2.7736905497497353,6.997531923674637
Random579
Raw:-25.79876614607165,-19.62553219652444,-13.636582010532752,9.756217181436572,-14.964007370996523,25.046497932158513,-13.53264972339857,-17.61587720562975,-2.773690549749736,6.997531923674638
EFT:-25.79876614607165,-19.62553219652444,-13.636582010532758,9.756217181436574,-14.964007370996525,25.046497932158516,-13.532649723398578,-17.615877205629747,-2.7736905497497357,6.997531923674636
Random580
Raw:-25.79876614607164,-19.625532196524436,-13.636582010532749,9.75621718143657,-14.964007370996523,25.04649793215851,-13.532649723398574,-17.615877205629747,-2.7736905497497344,6.997531923674634
EFT:-25.79876614607165,-19.62553219652444,-13.636582010532758,9.756217181436574,-14.964007370996525,25.046497932158516,-13.532649723398578,-17.615877205629747,-2.7736905497497353,6.997531923674637
Random581
Raw:-25.798766146071646,-19.62553219652444,-13.636582010532761,9.756217181436574,-14.964007370996523,25.046497932158513,-13.532649723398578,-17.615877205629744,-2.7736905497497375,6.997531923674639
EFT:-25.79876614607165,-19.62553219652444,-13.636582010532758,9.756217181436574,-14.964007370996525,25.046497932158516,-13.532649723398578,-17.615877205629747,-2.7736905497497353,6.997531923674636
Random582
Raw:-25.798766146071646,-19.62553219652444,-13.636582010532758,9.756217181436575,-14.96400737099653,25.046497932158513,-13.53264972339857,-17.615877205629747,-2.7736905497497335,6.997531923674637
EFT:-25.79876614607165,-19.62553219652444,-13.636582010532758,9.756217181436574,-14.964007370996525,25.046497932158516,-13.532649723398578,-17.615877205629747,-2.7736905497497353,6.997531923674637
Random583
Raw:-25.79876614607165,-19.625532196524443,-13.63658201053276,9.756217181436572,-14.96400737099653,25.046497932158516,-13.53264972339857,-17.615877205629733,-2.7736905497497326,6.997531923674636
EFT:-25.79876614607165,-19.62553219652444,-13.636582010532758,9.756217181436574,-14.964007370996525,25.046497932158516,-13.532649723398578,-17.615877205629747,-2.7736905497497353,6.997531923674636
Random584
Raw:-25.798766146071646,-19.625532196524432,-13.636582010532752,9.75621718143657,-14.964007370996525,25.046497932158513,-13.532649723398572,-17.615877205629744,-2.7736905497497366,6.997531923674636
EFT:-25.79876614607165,-19.62553219652444,-13.636582010532758,9.756217181436574,-14.964007370996525,25.046497932158516,-13.532649723398578,-17.615877205629747,-2.7736905497497357,6.997531923674636
Random585
Raw:-25.798766146071646,-19.625532196524432,-13.636582010532756,9.756217181436579,-14.96400737099653,25.046497932158513,-13.532649723398574,-17.615877205629744,-2.773690549749735,6.997531923674631
EFT:-25.79876614607165,-19.62553219652444,-13.636582010532758,9.756217181436574,-14.964007370996525,25.046497932158516,-13.532649723398578,-17.615877205629747,-2.7736905497497357,6.997531923674636
Random586
Raw:-25.798766146071642,-19.625532196524443,-13.636582010532758,9.75621718143657,-14.964007370996523,25.046497932158513,-13.532649723398567,-17.61587720562974,-2.7736905497497344,6.997531923674634
EFT:-25.79876614607165,-19.62553219652444,-13.636582010532758,9.756217181436574,-14.964007370996525,25.046497932158516,-13.532649723398578,-17.615877205629747,-2.7736905497497357,6.997531923674636
Random587
Raw:-25.798766146071657,-19.62553219652444,-13.636582010532756,9.756217181436577,-14.96400737099653,25.04649793215852,-13.53264972339858,-17.615877205629747,-2.773690549749734,6.997531923674637
EFT:-25.79876614607165,-19.62553219652444,-13.636582010532758,9.756217181436574,-14.964007370996525,25.046497932158516,-13.532649723398578,-17.615877205629747,-2.7736905497497353,6.997531923674636
Random588
Raw:-25.798766146071642,-19.62553219652443,-13.636582010532756,9.756217181436568,-14.964007370996523,25.04649793215851,-13.532649723398572,-17.615877205629733,-2.7736905497497335,6.997531923674636
EFT:-25.79876614607165,-19.62553219652444,-13.636582010532758,9.756217181436574,-14.964007370996525,25.046497932158516,-13.532649723398578,-17.615877205629747,-2.7736905497497353,6.997531923674636
Random589
Raw:-25.798766146071657,-19.62553219652444,-13.636582010532758,9.75621718143657,-14.964007370996525,25.04649793215852,-13.53264972339858,-17.615877205629747,-2.7736905497497384,6.9975319236746385
EFT:-25.79876614607165,-19.62553219652444,-13.636582010532758,9.756217181436574,-14.964007370996525,25.046497932158516,-13.532649723398578,-17.615877205629747,-2.7736905497497357,6.997531923674636
Random590
Raw:-25.798766146071642,-19.625532196524436,-13.636582010532752,9.75621718143657,-14.964007370996523,25.046497932158513,-13.532649723398569,-17.615877205629744,-2.773690549749738,6.997531923674634
EFT:-25.79876614607165,-19.62553219652444,-13.636582010532758,9.756217181436574,-14.964007370996525,25.046497932158516,-13.532649723398578,-17.615877205629747,-2.7736905497497353,6.997531923674636
Random591
Raw:-25.798766146071657,-19.625532196524432,-13.63658201053276,9.756217181436568,-14.964007370996525,25.04649793215852,-13.532649723398576,-17.61587720562975,-2.773690549749736,6.997531923674635
EFT:-25.79876614607165,-19.62553219652444,-13.636582010532758,9.756217181436574,-14.964007370996525,25.046497932158516,-13.532649723398578,-17.615877205629747,-2.7736905497497353,6.997531923674636
Random592
Raw:-25.79876614607165,-19.62553219652444,-13.636582010532754,9.756217181436574,-14.964007370996528,25.046497932158523,-13.532649723398576,-17.615877205629754,-2.773690549749735,6.9975319236746385
EFT:-25.79876614607165,-19.62553219652444,-13.636582010532758,9.756217181436574,-14.964007370996525,25.046497932158513,-13.532649723398578,-17.615877205629747,-2.7736905497497357,6.997531923674637
Random593
Raw:-25.79876614607165,-19.62553219652444,-13.636582010532758,9.756217181436574,-14.964007370996534,25.046497932158506,-13.532649723398572,-17.61587720562974,-2.7736905497497277,6.997531923674633
EFT:-25.79876614607165,-19.62553219652444,-13.636582010532758,9.756217181436574,-14.964007370996525,25.046497932158516,-13.532649723398578,-17.615877205629747,-2.7736905497497353,6.997531923674637
Random594
Raw:-25.798766146071646,-19.625532196524443,-13.63658201053275,9.756217181436574,-14.964007370996526,25.046497932158516,-13.532649723398578,-17.61587720562974,-2.7736905497497326,6.997531923674634
EFT:-25.79876614607165,-19.62553219652444,-13.636582010532758,9.756217181436574,-14.964007370996525,25.046497932158516,-13.532649723398578,-17.615877205629747,-2.7736905497497353,6.997531923674637
Random595
Raw:-25.798766146071653,-19.625532196524443,-13.63658201053276,9.756217181436577,-14.964007370996518,25.04649793215852,-13.532649723398578,-17.615877205629747,-2.773690549749739,6.99753192367464
EFT:-25.79876614607165,-19.62553219652444,-13.636582010532758,9.756217181436574,-14.964007370996525,25.046497932158516,-13.532649723398578,-17.615877205629747,-2.7736905497497353,6.997531923674636
Random596
Raw:-25.798766146071646,-19.625532196524436,-13.636582010532758,9.756217181436567,-14.964007370996528,25.046497932158516,-13.532649723398569,-17.615877205629737,-2.773690549749733,6.997531923674636
EFT:-25.79876614607165,-19.62553219652444,-13.636582010532758,9.756217181436574,-14.964007370996525,25.046497932158516,-13.532649723398578,-17.615877205629747,-2.7736905497497353,6.997531923674637
Random597
Raw:-25.79876614607165,-19.62553219652444,-13.63658201053275,9.756217181436575,-14.964007370996525,25.046497932158513,-13.532649723398574,-17.615877205629744,-2.773690549749736,6.997531923674641
EFT:-25.79876614607165,-19.62553219652444,-13.636582010532758,9.756217181436574,-14.964007370996525,25.046497932158516,-13.532649723398578,-17.615877205629747,-2.7736905497497353,6.997531923674637
Random598
Raw:-25.79876614607165,-19.62553219652444,-13.636582010532752,9.756217181436574,-14.964007370996534,25.046497932158513,-13.532649723398576,-17.615877205629747,-2.773690549749736,6.997531923674631
EFT:-25.79876614607165,-19.62553219652444,-13.636582010532758,9.756217181436574,-14.964007370996525,25.046497932158516,-13.532649723398578,-17.615877205629747,-2.7736905497497353,6.997531923674636
Random599
Raw:-25.79876614607165,-19.625532196524436,-13.636582010532752,9.75621718143657,-14.964007370996528,25.04649793215851,-13.53264972339857,-17.615877205629737,-2.773690549749732,6.997531923674632
EFT:-25.79876614607165,-19.62553219652444,-13.636582010532758,9.756217181436574,-14.964007370996525,25.046497932158516,-13.532649723398578,-17.615877205629747,-2.7736905497497357,6.997531923674636
Random600
Raw:-25.79876614607165,-19.62553219652444,-13.636582010532749,9.756217181436574,-14.964007370996532,25.04649793215851,-13.532649723398578,-17.615877205629747,-2.773690549749734,6.997531923674631
EFT:-25.79876614607165,-19.62553219652444,-13.636582010532758,9.756217181436574,-14.964007370996525,25.046497932158516,-13.532649723398578,-17.615877205629747,-2.7736905497497353,6.997531923674637
Random601
Raw:-25.79876614607164,-19.625532196524446,-13.636582010532752,9.756217181436574,-14.964007370996532,25.046497932158513,-13.53264972339857,-17.615877205629747,-2.7736905497497326,6.997531923674634
EFT:-25.79876614607165,-19.62553219652444,-13.636582010532758,9.756217181436574,-14.964007370996525,25.046497932158516,-13.532649723398578,-17.615877205629747,-2.7736905497497357,6.997531923674636
Random602
Raw:-25.79876614607165,-19.625532196524446,-13.636582010532758,9.75621718143657,-14.964007370996528,25.046497932158523,-13.532649723398574,-17.615877205629747,-2.773690549749734,6.997531923674637
EFT:-25.79876614607165,-19.62553219652444,-13.636582010532758,9.756217181436574,-14.964007370996525,25.046497932158516,-13.532649723398578,-17.615877205629747,-2.7736905497497357,6.997531923674636
Random603
Raw:-25.798766146071642,-19.62553219652444,-13.636582010532756,9.75621718143657,-14.964007370996528,25.046497932158516,-13.532649723398576,-17.615877205629744,-2.7736905497497344,6.997531923674637
EFT:-25.79876614607165,-19.62553219652444,-13.636582010532758,9.756217181436574,-14.964007370996525,25.046497932158516,-13.532649723398578,-17.615877205629747,-2.7736905497497353,6.997531923674637
Random604
Raw:-25.79876614607165,-19.62553219652444,-13.636582010532749,9.756217181436572,-14.96400737099653,25.04649793215852,-13.532649723398576,-17.615877205629744,-2.77369054974974,6.997531923674634
EFT:-25.79876614607165,-19.62553219652444,-13.636582010532758,9.756217181436574,-14.964007370996525,25.046497932158516,-13.532649723398578,-17.615877205629747,-2.7736905497497353,6.997531923674637
Random605
Raw:-25.798766146071642,-19.62553219652444,-13.636582010532745,9.756217181436575,-14.964007370996526,25.046497932158513,-13.532649723398574,-17.615877205629744,-2.7736905497497304,6.997531923674635
EFT:-25.79876614607165,-19.62553219652444,-13.636582010532758,9.756217181436574,-14.964007370996525,25.046497932158516,-13.532649723398578,-17.615877205629747,-2.7736905497497357,6.997531923674637
Random606
Raw:-25.79876614607165,-19.625532196524436,-13.636582010532747,9.756217181436574,-14.964007370996523,25.046497932158516,-13.532649723398576,-17.615877205629744,-2.7736905497497295,6.997531923674635
EFT:-25.79876614607165,-19.62553219652444,-13.636582010532758,9.756217181436574,-14.964007370996525,25.046497932158516,-13.532649723398578,-17.615877205629747,-2.7736905497497353,6.997531923674637
Random607
Raw:-25.798766146071642,-19.625532196524453,-13.63658201053275,9.756217181436572,-14.964007370996534,25.04649793215852,-13.532649723398574,-17.615877205629747,-2.7736905497497357,6.9975319236746385
EFT:-25.79876614607165,-19.62553219652444,-13.636582010532758,9.756217181436574,-14.964007370996525,25.046497932158516,-13.532649723398578,-17.615877205629747,-2.7736905497497353,6.997531923674636
Random608
Raw:-25.798766146071642,-19.625532196524443,-13.636582010532752,9.756217181436577,-14.964007370996525,25.046497932158506,-13.532649723398576,-17.615877205629744,-2.7736905497497313,6.997531923674637
EFT:-25.79876614607165,-19.62553219652444,-13.636582010532758,9.756217181436574,-14.964007370996525,25.046497932158513,-13.532649723398578,-17.615877205629747,-2.7736905497497357,6.997531923674637
Random609
Raw:-25.798766146071646,-19.625532196524432,-13.636582010532754,9.756217181436572,-14.964007370996526,25.04649793215851,-13.532649723398565,-17.615877205629747,-2.7736905497497384,6.997531923674633
EFT:-25.79876614607165,-19.62553219652444,-13.636582010532758,9.756217181436574,-14.964007370996525,25.046497932158516,-13.532649723398578,-17.615877205629747,-2.7736905497497357,6.997531923674636
Random610
Raw:-25.798766146071642,-19.625532196524436,-13.636582010532756,9.75621718143657,-14.964007370996528,25.046497932158516,-13.532649723398569,-17.61587720562974,-2.773690549749735,6.997531923674635
EFT:-25.79876614607165,-19.62553219652444,-13.636582010532758,9.756217181436574,-14.964007370996525,25.046497932158516,-13.532649723398578,-17.615877205629747,-2.7736905497497353,6.997531923674636
Random611
Raw:-25.79876614607164,-19.625532196524443,-13.636582010532749,9.756217181436574,-14.964007370996532,25.046497932158513,-13.532649723398574,-17.61587720562974,-2.773690549749737,6.997531923674634
EFT:-25.79876614607165,-19.62553219652444,-13.636582010532758,9.756217181436574,-14.964007370996525,25.046497932158516,-13.532649723398578,-17.615877205629747,-2.7736905497497353,6.997531923674636
Random612
Raw:-25.798766146071635,-19.625532196524436,-13.636582010532749,9.756217181436577,-14.964007370996532,25.046497932158516,-13.532649723398572,-17.615877205629747,-2.773690549749735,6.997531923674632
EFT:-25.79876614607165,-19.62553219652444,-13.636582010532758,9.756217181436574,-14.964007370996525,25.046497932158516,-13.532649723398578,-17.615877205629747,-2.7736905497497353,6.997531923674637
Random613
Raw:-25.798766146071642,-19.625532196524436,-13.636582010532754,9.756217181436574,-14.96400737099652,25.046497932158502,-13.532649723398574,-17.615877205629747,-2.773690549749732,6.997531923674637
EFT:-25.79876614607165,-19.62553219652444,-13.636582010532758,9.756217181436574,-14.964007370996525,25.046497932158516,-13.532649723398578,-17.615877205629747,-2.7736905497497357,6.997531923674636
Random614
Raw:-25.798766146071657,-19.625532196524446,-13.636582010532758,9.756217181436577,-14.964007370996525,25.046497932158513,-13.532649723398576,-17.615877205629747,-2.773690549749728,6.9975319236746385
EFT:-25.79876614607165,-19.62553219652444,-13.636582010532758,9.756217181436574,-14.964007370996525,25.046497932158516,-13.532649723398578,-17.615877205629747,-2.7736905497497353,6.997531923674636
Random615
Raw:-25.798766146071646,-19.625532196524443,-13.636582010532761,9.756217181436572,-14.964007370996528,25.04649793215852,-13.532649723398574,-17.615877205629747,-2.7736905497497317,6.997531923674637
EFT:-25.79876614607165,-19.62553219652444,-13.636582010532758,9.756217181436574,-14.964007370996525,25.046497932158516,-13.532649723398578,-17.615877205629747,-2.7736905497497353,6.997531923674636
Random616
Raw:-25.798766146071646,-19.62553219652444,-13.636582010532752,9.756217181436575,-14.96400737099653,25.046497932158513,-13.532649723398574,-17.615877205629747,-2.7736905497497317,6.997531923674636
EFT:-25.79876614607165,-19.62553219652444,-13.636582010532758,9.756217181436574,-14.964007370996525,25.046497932158516,-13.532649723398578,-17.615877205629747,-2.7736905497497353,6.997531923674637
Random617
Raw:-25.798766146071642,-19.625532196524436,-13.63658201053275,9.756217181436575,-14.964007370996526,25.04649793215851,-13.532649723398574,-17.615877205629747,-2.7736905497497384,6.997531923674633
EFT:-25.79876614607165,-19.62553219652444,-13.636582010532758,9.756217181436574,-14.964007370996525,25.046497932158516,-13.532649723398578,-17.615877205629747,-2.7736905497497353,6.997531923674637
Random618
Raw:-25.798766146071646,-19.625532196524446,-13.63658201053276,9.756217181436575,-14.964007370996526,25.046497932158513,-13.532649723398569,-17.615877205629754,-2.7736905497497313,6.997531923674638
EFT:-25.79876614607165,-19.62553219652444,-13.636582010532758,9.756217181436574,-14.964007370996525,25.046497932158516,-13.532649723398578,-17.615877205629747,-2.773690549749735,6.997531923674637
Random619
Raw:-25.798766146071646,-19.62553219652444,-13.63658201053275,9.75621718143657,-14.964007370996532,25.046497932158516,-13.532649723398574,-17.615877205629744,-2.7736905497497317,6.997531923674633
EFT:-25.79876614607165,-19.62553219652444,-13.636582010532758,9.756217181436574,-14.964007370996525,25.046497932158516,-13.532649723398578,-17.615877205629747,-2.7736905497497353,6.997531923674636
Random620
Raw:-25.79876614607165,-19.62553219652444,-13.636582010532754,9.756217181436574,-14.964007370996525,25.046497932158523,-13.53264972339858,-17.615877205629744,-2.77369054974974,6.997531923674639
EFT:-25.79876614607165,-19.62553219652444,-13.636582010532758,9.756217181436574,-14.964007370996525,25.046497932158516,-13.532649723398578,-17.615877205629747,-2.7736905497497357,6.997531923674637
Random621
Raw:-25.79876614607164,-19.625532196524443,-13.636582010532747,9.756217181436575,-14.964007370996532,25.046497932158516,-13.532649723398572,-17.61587720562975,-2.773690549749733,6.997531923674632
EFT:-25.79876614607165,-19.62553219652444,-13.636582010532758,9.756217181436574,-14.964007370996525,25.046497932158516,-13.532649723398578,-17.615877205629747,-2.7736905497497357,6.997531923674636
Random622
Raw:-25.798766146071657,-19.62553219652444,-13.636582010532758,9.756217181436572,-14.964007370996525,25.046497932158516,-13.532649723398576,-17.615877205629747,-2.7736905497497357,6.9975319236746385
EFT:-25.79876614607165,-19.62553219652444,-13.636582010532758,9.756217181436574,-14.964007370996525,25.046497932158516,-13.532649723398578,-17.615877205629747,-2.7736905497497357,6.997531923674636
Random623
Raw:-25.798766146071642,-19.625532196524436,-13.63658201053275,9.75621718143657,-14.964007370996525,25.04649793215852,-13.53264972339857,-17.61587720562974,-2.7736905497497375,6.997531923674635
EFT:-25.79876614607165,-19.62553219652444,-13.636582010532758,9.756217181436574,-14.964007370996525,25.046497932158516,-13.532649723398578,-17.615877205629747,-2.7736905497497353,6.997531923674636
Random624
Raw:-25.798766146071642,-19.625532196524436,-13.636582010532754,9.756217181436575,-14.964007370996526,25.04649793215852,-13.532649723398574,-17.61587720562975,-2.7736905497497375,6.997531923674636
EFT:-25.79876614607165,-19.62553219652444,-13.636582010532758,9.756217181436574,-14.964007370996525,25.046497932158516,-13.532649723398578,-17.615877205629747,-2.7736905497497357,6.997531923674636
Random625
Raw:-25.79876614607165,-19.62553219652444,-13.636582010532754,9.756217181436575,-14.964007370996526,25.046497932158523,-13.53264972339858,-17.615877205629747,-2.7736905497497295,6.997531923674637
EFT:-25.79876614607165,-19.62553219652444,-13.636582010532758,9.756217181436574,-14.964007370996525,25.046497932158516,-13.532649723398578,-17.615877205629747,-2.7736905497497353,6.997531923674636
Random626
Raw:-25.798766146071653,-19.625532196524436,-13.636582010532756,9.756217181436575,-14.96400737099653,25.04649793215852,-13.532649723398572,-17.61587720562975,-2.7736905497497326,6.997531923674635
EFT:-25.79876614607165,-19.62553219652444,-13.636582010532758,9.756217181436574,-14.964007370996525,25.046497932158516,-13.532649723398578,-17.615877205629747,-2.7736905497497353,6.997531923674637
Random627
Raw:-25.798766146071653,-19.62553219652444,-13.63658201053276,9.756217181436577,-14.964007370996523,25.046497932158513,-13.532649723398581,-17.615877205629744,-2.7736905497497317,6.997531923674638
EFT:-25.79876614607165,-19.62553219652444,-13.636582010532758,9.756217181436574,-14.964007370996525,25.046497932158516,-13.532649723398578,-17.615877205629747,-2.7736905497497353,6.997531923674637
Random628
Raw:-25.79876614607165,-19.62553219652444,-13.636582010532756,9.75621718143657,-14.96400737099652,25.046497932158506,-13.532649723398574,-17.61587720562975,-2.7736905497497384,6.997531923674634
EFT:-25.79876614607165,-19.62553219652444,-13.636582010532758,9.756217181436574,-14.964007370996525,25.046497932158516,-13.532649723398578,-17.615877205629747,-2.7736905497497357,6.997531923674636
Random629
Raw:-25.79876614607164,-19.62553219652444,-13.636582010532756,9.756217181436567,-14.964007370996528,25.046497932158516,-13.532649723398574,-17.615877205629744,-2.7736905497497353,6.997531923674637
EFT:-25.79876614607165,-19.62553219652444,-13.636582010532758,9.756217181436574,-14.964007370996525,25.046497932158516,-13.532649723398578,-17.615877205629747,-2.7736905497497353,6.997531923674636
Random630
Raw:-25.798766146071646,-19.625532196524443,-13.636582010532758,9.756217181436572,-14.96400737099653,25.046497932158523,-13.53264972339857,-17.615877205629747,-2.773690549749733,6.997531923674634
EFT:-25.79876614607165,-19.62553219652444,-13.636582010532758,9.756217181436574,-14.964007370996525,25.046497932158513,-13.532649723398578,-17.615877205629747,-2.7736905497497357,6.997531923674637
Random631
Raw:-25.798766146071646,-19.62553219652444,-13.636582010532758,9.756217181436572,-14.964007370996521,25.046497932158523,-13.532649723398574,-17.61587720562975,-2.773690549749731,6.997531923674638
EFT:-25.79876614607165,-19.62553219652444,-13.636582010532758,9.756217181436574,-14.964007370996525,25.046497932158513,-13.532649723398578,-17.615877205629747,-2.7736905497497357,6.997531923674637
Random632
Raw:-25.798766146071657,-19.625532196524443,-13.636582010532752,9.756217181436572,-14.96400737099654,25.046497932158523,-13.532649723398576,-17.61587720562975,-2.773690549749736,6.997531923674637
EFT:-25.79876614607165,-19.62553219652444,-13.636582010532758,9.756217181436574,-14.964007370996525,25.046497932158516,-13.532649723398578,-17.615877205629747,-2.7736905497497357,6.997531923674636
Random633
Raw:-25.798766146071657,-19.62553219652444,-13.63658201053276,9.756217181436572,-14.964007370996532,25.04649793215851,-13.532649723398576,-17.615877205629747,-2.7736905497497397,6.997531923674636
EFT:-25.79876614607165,-19.62553219652444,-13.636582010532758,9.756217181436574,-14.964007370996525,25.046497932158516,-13.532649723398578,-17.615877205629747,-2.7736905497497353,6.997531923674636
Random634
Raw:-25.798766146071642,-19.625532196524443,-13.636582010532752,9.756217181436574,-14.96400737099653,25.046497932158513,-13.53264972339857,-17.615877205629747,-2.7736905497497344,6.997531923674638
EFT:-25.79876614607165,-19.62553219652444,-13.636582010532758,9.756217181436574,-14.964007370996525,25.046497932158516,-13.532649723398578,-17.615877205629747,-2.7736905497497353,6.997531923674636
Random635
Raw:-25.79876614607165,-19.625532196524443,-13.636582010532761,9.756217181436574,-14.964007370996523,25.046497932158513,-13.532649723398569,-17.615877205629747,-2.773690549749732,6.997531923674633
EFT:-25.79876614607165,-19.62553219652444,-13.636582010532758,9.756217181436574,-14.964007370996525,25.046497932158516,-13.532649723398578,-17.615877205629747,-2.7736905497497353,6.997531923674636
Random636
Raw:-25.79876614607165,-19.62553219652444,-13.636582010532756,9.756217181436574,-14.964007370996525,25.04649793215851,-13.53264972339857,-17.615877205629744,-2.7736905497497286,6.997531923674632
EFT:-25.79876614607165,-19.62553219652444,-13.636582010532758,9.756217181436574,-14.964007370996525,25.046497932158516,-13.532649723398578,-17.615877205629747,-2.7736905497497357,6.997531923674637
Random637
Raw:-25.79876614607165,-19.625532196524443,-13.63658201053276,9.756217181436575,-14.964007370996523,25.046497932158513,-13.532649723398578,-17.615877205629754,-2.7736905497497393,6.997531923674636
EFT:-25.79876614607165,-19.62553219652444,-13.636582010532758,9.756217181436574,-14.964007370996525,25.046497932158516,-13.532649723398578,-17.615877205629747,-2.7736905497497357,6.997531923674636
Random638
Raw:-25.79876614607165,-19.62553219652444,-13.636582010532758,9.756217181436572,-14.964007370996514,25.046497932158513,-13.532649723398576,-17.61587720562975,-2.7736905497497375,6.997531923674636
EFT:-25.79876614607165,-19.62553219652444,-13.636582010532758,9.756217181436574,-14.964007370996525,25.046497932158516,-13.532649723398578,-17.615877205629747,-2.7736905497497353,6.997531923674636
Random639
Raw:-25.79876614607165,-19.62553219652444,-13.636582010532754,9.756217181436561,-14.964007370996525,25.04649793215851,-13.532649723398576,-17.615877205629747,-2.7736905497497366,6.997531923674638
EFT:-25.79876614607165,-19.62553219652444,-13.636582010532758,9.756217181436574,-14.964007370996525,25.046497932158516,-13.532649723398578,-17.615877205629747,-2.7736905497497353,6.997531923674636
Random640
Raw:-25.79876614607165,-19.625532196524436,-13.636582010532756,9.756217181436567,-14.964007370996528,25.046497932158516,-13.532649723398578,-17.615877205629747,-2.7736905497497393,6.997531923674639
EFT:-25.79876614607165,-19.62553219652444,-13.636582010532758,9.756217181436574,-14.964007370996525,25.046497932158516,-13.532649723398578,-17.615877205629747,-2.7736905497497353,6.997531923674636
Random641
Raw:-25.798766146071646,-19.625532196524436,-13.636582010532754,9.756217181436574,-14.964007370996526,25.046497932158513,-13.532649723398574,-17.615877205629737,-2.7736905497497375,6.997531923674632
EFT:-25.79876614607165,-19.62553219652444,-13.636582010532758,9.756217181436574,-14.964007370996525,25.046497932158516,-13.532649723398578,-17.615877205629747,-2.7736905497497353,6.997531923674636
Random642
Raw:-25.798766146071646,-19.625532196524436,-13.636582010532756,9.756217181436577,-14.964007370996526,25.04649793215851,-13.532649723398569,-17.615877205629744,-2.7736905497497317,6.997531923674631
EFT:-25.79876614607165,-19.62553219652444,-13.636582010532758,9.756217181436574,-14.964007370996525,25.046497932158513,-13.532649723398578,-17.615877205629747,-2.7736905497497357,6.997531923674637
Random643
Raw:-25.798766146071653,-19.625532196524436,-13.636582010532756,9.75621718143657,-14.96400737099652,25.046497932158516,-13.53264972339858,-17.615877205629747,-2.773690549749735,6.997531923674641
EFT:-25.79876614607165,-19.62553219652444,-13.636582010532758,9.756217181436574,-14.964007370996525,25.046497932158516,-13.532649723398578,-17.615877205629747,-2.7736905497497353,6.997531923674636
Random644
Raw:-25.798766146071653,-19.62553219652445,-13.63658201053276,9.756217181436577,-14.964007370996525,25.046497932158516,-13.53264972339858,-17.61587720562975,-2.7736905497497344,6.997531923674639
EFT:-25.79876614607165,-19.62553219652444,-13.636582010532758,9.756217181436574,-14.964007370996525,25.046497932158513,-13.532649723398578,-17.615877205629747,-2.7736905497497357,6.997531923674637
Random645
Raw:-25.798766146071635,-19.62553219652444,-13.636582010532752,9.75621718143657,-14.964007370996525,25.046497932158516,-13.53264972339857,-17.615877205629744,-2.773690549749732,6.997531923674639
EFT:-25.79876614607165,-19.62553219652444,-13.636582010532758,9.756217181436574,-14.964007370996525,25.046497932158516,-13.532649723398578,-17.615877205629747,-2.7736905497497353,6.997531923674637
Random646
Raw:-25.79876614607164,-19.625532196524436,-13.636582010532756,9.75621718143657,-14.964007370996532,25.046497932158513,-13.53264972339857,-17.61587720562974,-2.7736905497497313,6.997531923674634
EFT:-25.79876614607165,-19.62553219652444,-13.636582010532758,9.756217181436574,-14.964007370996525,25.046497932158516,-13.532649723398578,-17.615877205629747,-2.7736905497497353,6.997531923674637
Random647
Raw:-25.798766146071646,-19.625532196524446,-13.636582010532752,9.756217181436574,-14.964007370996526,25.046497932158513,-13.532649723398574,-17.615877205629747,-2.773690549749732,6.997531923674633
EFT:-25.79876614607165,-19.62553219652444,-13.636582010532758,9.756217181436574,-14.964007370996525,25.046497932158516,-13.532649723398578,-17.615877205629747,-2.7736905497497353,6.997531923674636
Random648
Raw:-25.798766146071653,-19.625532196524446,-13.636582010532754,9.756217181436572,-14.964007370996528,25.046497932158523,-13.532649723398574,-17.61587720562975,-2.7736905497497397,6.997531923674634
EFT:-25.79876614607165,-19.62553219652444,-13.636582010532758,9.756217181436574,-14.964007370996525,25.046497932158516,-13.532649723398578,-17.615877205629747,-2.7736905497497353,6.997531923674636
Random649
Raw:-25.798766146071653,-19.62553219652444,-13.636582010532758,9.756217181436574,-14.964007370996521,25.04649793215851,-13.532649723398576,-17.615877205629744,-2.773690549749736,6.997531923674633
EFT:-25.79876614607165,-19.62553219652444,-13.636582010532758,9.756217181436574,-14.964007370996525,25.046497932158516,-13.532649723398578,-17.615877205629747,-2.7736905497497353,6.997531923674636
Random650
Raw:-25.79876614607165,-19.625532196524443,-13.636582010532756,9.756217181436572,-14.964007370996525,25.046497932158516,-13.532649723398572,-17.615877205629747,-2.7736905497497375,6.997531923674634
EFT:-25.79876614607165,-19.62553219652444,-13.636582010532758,9.756217181436574,-14.964007370996525,25.046497932158516,-13.532649723398578,-17.615877205629747,-2.773690549749735,6.997531923674637
Random651
Raw:-25.79876614607165,-19.625532196524436,-13.636582010532756,9.756217181436572,-14.964007370996523,25.046497932158516,-13.532649723398576,-17.615877205629744,-2.7736905497497344,6.997531923674632
EFT:-25.79876614607165,-19.62553219652444,-13.636582010532758,9.756217181436574,-14.964007370996525,25.046497932158516,-13.532649723398578,-17.615877205629747,-2.7736905497497357,6.997531923674636
Random652
Raw:-25.798766146071657,-19.625532196524436,-13.63658201053275,9.756217181436574,-14.964007370996535,25.04649793215852,-13.532649723398574,-17.615877205629744,-2.773690549749736,6.997531923674638
EFT:-25.79876614607165,-19.62553219652444,-13.636582010532758,9.756217181436574,-14.964007370996525,25.046497932158513,-13.532649723398578,-17.615877205629747,-2.7736905497497357,6.997531923674637
Random653
Raw:-25.798766146071653,-19.62553219652444,-13.63658201053275,9.756217181436575,-14.964007370996532,25.04649793215852,-13.532649723398567,-17.615877205629754,-2.77369054974973,6.997531923674632
EFT:-25.79876614607165,-19.62553219652444,-13.636582010532758,9.756217181436574,-14.964007370996525,25.046497932158516,-13.532649723398578,-17.615877205629747,-2.7736905497497357,6.997531923674636
Random654
Raw:-25.79876614607165,-19.625532196524436,-13.636582010532752,9.756217181436572,-14.964007370996525,25.04649793215852,-13.532649723398574,-17.61587720562975,-2.7736905497497353,6.9975319236746385
EFT:-25.79876614607165,-19.62553219652444,-13.636582010532758,9.756217181436574,-14.964007370996525,25.046497932158513,-13.532649723398578,-17.615877205629747,-2.7736905497497357,6.997531923674637
Random655
Raw:-25.798766146071646,-19.625532196524443,-13.636582010532754,9.756217181436575,-14.964007370996525,25.046497932158516,-13.532649723398572,-17.615877205629747,-2.7736905497497357,6.997531923674634
EFT:-25.79876614607165,-19.62553219652444,-13.636582010532758,9.756217181436574,-14.964007370996525,25.046497932158516,-13.532649723398578,-17.615877205629747,-2.7736905497497353,6.997531923674637
Random656
Raw:-25.79876614607165,-19.625532196524443,-13.636582010532754,9.756217181436575,-14.964007370996525,25.046497932158506,-13.532649723398572,-17.615877205629754,-2.773690549749735,6.997531923674635
EFT:-25.79876614607165,-19.62553219652444,-13.636582010532758,9.756217181436574,-14.964007370996525,25.046497932158513,-13.532649723398578,-17.615877205629747,-2.7736905497497357,6.997531923674637
Random657
Raw:-25.79876614607164,-19.625532196524436,-13.636582010532754,9.756217181436572,-14.964007370996528,25.046497932158516,-13.532649723398569,-17.615877205629744,-2.7736905497497344,6.997531923674632
EFT:-25.79876614607165,-19.62553219652444,-13.636582010532758,9.756217181436574,-14.964007370996525,25.046497932158516,-13.532649723398578,-17.615877205629747,-2.7736905497497353,6.997531923674637
Random658
Raw:-25.79876614607165,-19.625532196524436,-13.636582010532752,9.756217181436574,-14.964007370996535,25.04649793215852,-13.532649723398574,-17.61587720562974,-2.773690549749737,6.997531923674636
EFT:-25.79876614607165,-19.62553219652444,-13.636582010532758,9.756217181436574,-14.964007370996525,25.046497932158516,-13.532649723398578,-17.615877205629747,-2.7736905497497353,6.997531923674636
Random659
Raw:-25.79876614607165,-19.62553219652444,-13.636582010532761,9.756217181436577,-14.964007370996528,25.04649793215852,-13.532649723398574,-17.615877205629747,-2.7736905497497375,6.997531923674634
EFT:-25.79876614607165,-19.62553219652444,-13.636582010532758,9.756217181436574,-14.964007370996525,25.046497932158516,-13.532649723398578,-17.615877205629747,-2.7736905497497353,6.997531923674637
Random660
Raw:-25.79876614607165,-19.625532196524443,-13.63658201053275,9.756217181436579,-14.964007370996537,25.046497932158513,-13.532649723398572,-17.615877205629754,-2.773690549749736,6.997531923674635
EFT:-25.79876614607165,-19.62553219652444,-13.636582010532758,9.756217181436574,-14.964007370996525,25.046497932158516,-13.532649723398578,-17.615877205629747,-2.7736905497497353,6.997531923674637
Random661
Raw:-25.79876614607166,-19.625532196524443,-13.636582010532758,9.756217181436575,-14.964007370996526,25.046497932158513,-13.53264972339858,-17.615877205629747,-2.773690549749732,6.997531923674635
EFT:-25.79876614607165,-19.62553219652444,-13.636582010532758,9.756217181436574,-14.964007370996525,25.046497932158516,-13.532649723398578,-17.615877205629747,-2.7736905497497357,6.997531923674636
Random662
Raw:-25.798766146071646,-19.625532196524443,-13.636582010532756,9.756217181436575,-14.964007370996525,25.046497932158516,-13.532649723398569,-17.615877205629744,-2.773690549749733,6.997531923674632
EFT:-25.79876614607165,-19.62553219652444,-13.636582010532758,9.756217181436574,-14.964007370996525,25.046497932158516,-13.532649723398578,-17.615877205629747,-2.7736905497497353,6.997531923674636
Random663
Raw:-25.79876614607165,-19.62553219652444,-13.63658201053275,9.75621718143657,-14.964007370996528,25.046497932158516,-13.532649723398578,-17.615877205629744,-2.7736905497497335,6.997531923674637
EFT:-25.79876614607165,-19.62553219652444,-13.636582010532758,9.756217181436574,-14.964007370996525,25.046497932158516,-13.532649723398578,-17.615877205629747,-2.7736905497497357,6.997531923674636
Random664
Raw:-25.798766146071635,-19.625532196524443,-13.636582010532754,9.756217181436577,-14.964007370996534,25.046497932158513,-13.532649723398569,-17.615877205629747,-2.7736905497497313,6.9975319236746305
EFT:-25.79876614607165,-19.62553219652444,-13.636582010532758,9.756217181436574,-14.964007370996525,25.046497932158513,-13.532649723398578,-17.615877205629747,-2.7736905497497357,6.997531923674637
Random665
Raw:-25.798766146071646,-19.62553219652444,-13.636582010532752,9.75621718143657,-14.964007370996523,25.04649793215851,-13.532649723398574,-17.615877205629744,-2.773690549749733,6.997531923674637
EFT:-25.79876614607165,-19.62553219652444,-13.636582010532758,9.756217181436574,-14.964007370996525,25.046497932158516,-13.532649723398578,-17.615877205629747,-2.7736905497497353,6.997531923674636
Random666
Raw:-25.798766146071653,-19.625532196524443,-13.636582010532758,9.756217181436577,-14.96400737099653,25.04649793215851,-13.532649723398569,-17.615877205629744,-2.7736905497497384,6.997531923674635
EFT:-25.79876614607165,-19.62553219652444,-13.636582010532758,9.756217181436574,-14.964007370996525,25.046497932158516,-13.532649723398578,-17.615877205629747,-2.7736905497497353,6.997531923674637
Random667
Raw:-25.79876614607165,-19.62553219652444,-13.636582010532756,9.756217181436572,-14.964007370996525,25.046497932158513,-13.532649723398572,-17.615877205629744,-2.7736905497497344,6.997531923674634
EFT:-25.79876614607165,-19.62553219652444,-13.636582010532758,9.756217181436574,-14.964007370996525,25.046497932158516,-13.532649723398578,-17.615877205629747,-2.7736905497497357,6.997531923674636
Random668
Raw:-25.798766146071653,-19.62553219652444,-13.636582010532758,9.756217181436574,-14.964007370996523,25.04649793215851,-13.532649723398574,-17.615877205629744,-2.7736905497497384,6.997531923674637
EFT:-25.79876614607165,-19.62553219652444,-13.636582010532758,9.756217181436574,-14.964007370996525,25.046497932158516,-13.532649723398578,-17.615877205629747,-2.7736905497497353,6.997531923674637
Random669
Raw:-25.798766146071642,-19.625532196524446,-13.636582010532747,9.75621718143658,-14.964007370996534,25.046497932158513,-13.532649723398576,-17.615877205629747,-2.773690549749733,6.997531923674632
EFT:-25.79876614607165,-19.62553219652444,-13.636582010532758,9.756217181436574,-14.964007370996525,25.046497932158516,-13.532649723398578,-17.615877205629747,-2.7736905497497357,6.997531923674637
Random670
Raw:-25.798766146071653,-19.62553219652444,-13.636582010532754,9.756217181436574,-14.964007370996528,25.04649793215852,-13.532649723398578,-17.615877205629744,-2.773690549749733,6.9975319236746305
EFT:-25.79876614607165,-19.62553219652444,-13.636582010532758,9.756217181436574,-14.964007370996525,25.046497932158516,-13.532649723398578,-17.615877205629747,-2.7736905497497353,6.997531923674636
Random671
Raw:-25.79876614607165,-19.625532196524436,-13.636582010532752,9.756217181436574,-14.964007370996534,25.046497932158516,-13.532649723398576,-17.615877205629747,-2.7736905497497335,6.997531923674631
EFT:-25.79876614607165,-19.62553219652444,-13.636582010532758,9.756217181436574,-14.964007370996525,25.046497932158516,-13.532649723398578,-17.615877205629747,-2.7736905497497357,6.997531923674636
Random672
Raw:-25.798766146071646,-19.625532196524436,-13.63658201053275,9.756217181436574,-14.964007370996525,25.046497932158516,-13.53264972339858,-17.615877205629744,-2.7736905497497375,6.997531923674637
EFT:-25.79876614607165,-19.62553219652444,-13.636582010532758,9.756217181436574,-14.964007370996525,25.046497932158516,-13.532649723398578,-17.615877205629747,-2.7736905497497353,6.997531923674636
Random673
Raw:-25.798766146071646,-19.625532196524432,-13.636582010532754,9.756217181436574,-14.964007370996535,25.046497932158516,-13.53264972339857,-17.615877205629747,-2.7736905497497304,6.997531923674634
EFT:-25.79876614607165,-19.62553219652444,-13.636582010532758,9.756217181436574,-14.964007370996525,25.046497932158516,-13.532649723398578,-17.615877205629747,-2.7736905497497353,6.997531923674637
Random674
Raw:-25.798766146071646,-19.62553219652445,-13.636582010532756,9.756217181436575,-14.964007370996528,25.046497932158513,-13.532649723398572,-17.61587720562975,-2.773690549749733,6.997531923674638
EFT:-25.79876614607165,-19.62553219652444,-13.636582010532758,9.756217181436574,-14.964007370996525,25.046497932158516,-13.532649723398578,-17.615877205629747,-2.7736905497497353,6.997531923674637
Random675
Raw:-25.798766146071653,-19.62553219652444,-13.636582010532758,9.756217181436572,-14.964007370996528,25.046497932158516,-13.53264972339857,-17.61587720562975,-2.7736905497497366,6.997531923674632
EFT:-25.79876614607165,-19.62553219652444,-13.636582010532758,9.756217181436574,-14.964007370996525,25.046497932158513,-13.532649723398578,-17.615877205629747,-2.7736905497497357,6.997531923674637
Random676
Raw:-25.798766146071646,-19.625532196524443,-13.636582010532752,9.756217181436577,-14.964007370996521,25.04649793215851,-13.532649723398576,-17.615877205629754,-2.773690549749735,6.997531923674637
EFT:-25.79876614607165,-19.62553219652444,-13.636582010532758,9.756217181436574,-14.964007370996525,25.046497932158516,-13.532649723398578,-17.615877205629747,-2.7736905497497353,6.997531923674637
Random677
Raw:-25.798766146071653,-19.62553219652444,-13.636582010532758,9.756217181436572,-14.964007370996526,25.046497932158523,-13.532649723398572,-17.615877205629744,-2.7736905497497357,6.997531923674634
EFT:-25.79876614607165,-19.62553219652444,-13.636582010532758,9.756217181436574,-14.964007370996525,25.046497932158516,-13.532649723398578,-17.615877205629747,-2.7736905497497353,6.997531923674637
Random678
Raw:-25.79876614607165,-19.625532196524436,-13.636582010532752,9.756217181436575,-14.964007370996534,25.046497932158513,-13.532649723398572,-17.615877205629744,-2.773690549749741,6.997531923674634
EFT:-25.79876614607165,-19.62553219652444,-13.636582010532758,9.756217181436574,-14.964007370996525,25.046497932158516,-13.532649723398578,-17.615877205629747,-2.7736905497497357,6.997531923674637
Random679
Raw:-25.79876614607164,-19.625532196524432,-13.636582010532754,9.75621718143657,-14.964007370996525,25.046497932158506,-13.532649723398567,-17.615877205629737,-2.7736905497497366,6.997531923674634
EFT:-25.79876614607165,-19.62553219652444,-13.636582010532758,9.756217181436574,-14.964007370996525,25.046497932158516,-13.532649723398578,-17.615877205629747,-2.7736905497497353,6.997531923674636
Random680
Raw:-25.798766146071646,-19.625532196524436,-13.636582010532754,9.75621718143657,-14.964007370996528,25.046497932158527,-13.53264972339857,-17.615877205629744,-2.7736905497497286,6.997531923674633
EFT:-25.79876614607165,-19.62553219652444,-13.636582010532758,9.756217181436574,-14.964007370996525,25.046497932158516,-13.532649723398578,-17.615877205629747,-2.7736905497497353,6.997531923674637
Random681
Raw:-25.79876614607165,-19.625532196524443,-13.636582010532754,9.75621718143657,-14.964007370996526,25.046497932158516,-13.532649723398572,-17.615877205629744,-2.7736905497497344,6.997531923674634
EFT:-25.79876614607165,-19.62553219652444,-13.636582010532758,9.756217181436574,-14.964007370996525,25.046497932158516,-13.532649723398578,-17.615877205629747,-2.7736905497497353,6.997531923674637
Random682
Raw:-25.798766146071646,-19.625532196524432,-13.63658201053275,9.756217181436572,-14.96400737099653,25.046497932158513,-13.532649723398576,-17.615877205629747,-2.7736905497497313,6.997531923674632
EFT:-25.79876614607165,-19.62553219652444,-13.636582010532758,9.756217181436574,-14.964007370996525,25.046497932158513,-13.532649723398578,-17.615877205629747,-2.7736905497497357,6.997531923674637
Random683
Raw:-25.798766146071635,-19.62553219652444,-13.636582010532749,9.756217181436574,-14.964007370996528,25.04649793215852,-13.532649723398574,-17.615877205629747,-2.773690549749739,6.997531923674635
EFT:-25.79876614607165,-19.62553219652444,-13.636582010532758,9.756217181436574,-14.964007370996525,25.046497932158516,-13.532649723398578,-17.615877205629747,-2.7736905497497353,6.997531923674637
Random684
Raw:-25.798766146071646,-19.625532196524443,-13.636582010532756,9.75621718143657,-14.964007370996525,25.04649793215851,-13.53264972339857,-17.615877205629747,-2.773690549749733,6.997531923674635
EFT:-25.79876614607165,-19.62553219652444,-13.636582010532758,9.756217181436574,-14.964007370996525,25.046497932158516,-13.532649723398578,-17.615877205629747,-2.7736905497497357,6.997531923674636
Random685
Raw:-25.798766146071646,-19.62553219652444,-13.636582010532758,9.756217181436579,-14.964007370996526,25.046497932158516,-13.532649723398576,-17.615877205629747,-2.7736905497497304,6.997531923674632
EFT:-25.79876614607165,-19.62553219652444,-13.636582010532758,9.756217181436574,-14.964007370996525,25.046497932158516,-13.532649723398578,-17.615877205629747,-2.7736905497497357,6.997531923674636
Random686
Raw:-25.798766146071657,-19.625532196524436,-13.636582010532758,9.756217181436572,-14.964007370996525,25.04649793215852,-13.532649723398576,-17.615877205629744,-2.7736905497497393,6.997531923674637
EFT:-25.79876614607165,-19.62553219652444,-13.636582010532758,9.756217181436574,-14.964007370996525,25.046497932158516,-13.532649723398578,-17.615877205629747,-2.7736905497497353,6.997531923674636
Random687
Raw:-25.79876614607165,-19.625532196524443,-13.636582010532758,9.756217181436574,-14.964007370996535,25.046497932158516,-13.532649723398574,-17.615877205629758,-2.7736905497497344,6.997531923674636
EFT:-25.79876614607165,-19.62553219652444,-13.636582010532758,9.756217181436574,-14.964007370996525,25.046497932158516,-13.532649723398578,-17.615877205629747,-2.7736905497497353,6.997531923674637
Random688
Raw:-25.79876614607165,-19.625532196524443,-13.63658201053276,9.756217181436575,-14.96400737099653,25.04649793215852,-13.532649723398574,-17.615877205629747,-2.773690549749734,6.997531923674637
EFT:-25.79876614607165,-19.62553219652444,-13.636582010532758,9.756217181436574,-14.964007370996525,25.046497932158516,-13.532649723398578,-17.615877205629747,-2.7736905497497353,6.997531923674636
Random689
Raw:-25.798766146071646,-19.625532196524443,-13.636582010532752,9.756217181436575,-14.964007370996534,25.046497932158513,-13.532649723398574,-17.615877205629747,-2.7736905497497277,6.997531923674635
EFT:-25.79876614607165,-19.62553219652444,-13.636582010532758,9.756217181436574,-14.964007370996525,25.046497932158516,-13.532649723398578,-17.615877205629747,-2.7736905497497353,6.997531923674636
Random690
Raw:-25.798766146071653,-19.625532196524443,-13.636582010532756,9.756217181436574,-14.964007370996532,25.046497932158513,-13.532649723398567,-17.615877205629747,-2.7736905497497317,6.997531923674635
EFT:-25.79876614607165,-19.62553219652444,-13.636582010532758,9.756217181436574,-14.964007370996525,25.046497932158516,-13.532649723398578,-17.615877205629747,-2.7736905497497353,6.997531923674637
Random691
Raw:-25.79876614607165,-19.62553219652444,-13.636582010532756,9.756217181436572,-14.96400737099653,25.046497932158513,-13.53264972339857,-17.61587720562975,-2.773690549749735,6.99753192367463
EFT:-25.79876614607165,-19.62553219652444,-13.636582010532758,9.756217181436574,-14.964007370996525,25.046497932158516,-13.532649723398578,-17.615877205629747,-2.7736905497497357,6.997531923674636
Random692
Raw:-25.798766146071646,-19.62553219652444,-13.63658201053275,9.756217181436572,-14.964007370996525,25.046497932158523,-13.532649723398574,-17.615877205629744,-2.773690549749734,6.997531923674636
EFT:-25.79876614607165,-19.62553219652444,-13.636582010532758,9.756217181436574,-14.964007370996525,25.046497932158516,-13.532649723398578,-17.615877205629747,-2.7736905497497353,6.997531923674637
Random693
Raw:-25.79876614607165,-19.62553219652444,-13.636582010532756,9.756217181436567,-14.964007370996523,25.046497932158513,-13.532649723398578,-17.615877205629744,-2.773690549749741,6.9975319236746385
EFT:-25.79876614607165,-19.62553219652444,-13.636582010532758,9.756217181436574,-14.964007370996525,25.046497932158516,-13.532649723398578,-17.615877205629747,-2.7736905497497353,6.997531923674637
Random694
Raw:-25.798766146071657,-19.62553219652444,-13.636582010532758,9.756217181436572,-14.964007370996525,25.046497932158513,-13.532649723398572,-17.615877205629744,-2.773690549749735,6.997531923674635
EFT:-25.79876614607165,-19.62553219652444,-13.636582010532758,9.756217181436574,-14.964007370996525,25.046497932158516,-13.532649723398578,-17.615877205629747,-2.7736905497497357,6.997531923674637
Random695
Raw:-25.798766146071646,-19.62553219652444,-13.636582010532749,9.756217181436575,-14.964007370996523,25.046497932158513,-13.532649723398578,-17.615877205629747,-2.7736905497497357,6.9975319236746385
EFT:-25.79876614607165,-19.62553219652444,-13.636582010532758,9.756217181436574,-14.964007370996525,25.046497932158516,-13.532649723398578,-17.615877205629747,-2.7736905497497357,6.997531923674636
Random696
Raw:-25.79876614607165,-19.62553219652444,-13.636582010532758,9.756217181436574,-14.96400737099653,25.046497932158513,-13.532649723398576,-17.61587720562974,-2.773690549749735,6.997531923674634
EFT:-25.79876614607165,-19.62553219652444,-13.636582010532758,9.756217181436574,-14.964007370996525,25.046497932158516,-13.532649723398578,-17.615877205629747,-2.7736905497497353,6.997531923674637
Random697
Raw:-25.79876614607164,-19.62553219652444,-13.636582010532754,9.756217181436568,-14.964007370996526,25.046497932158516,-13.53264972339857,-17.61587720562974,-2.7736905497497335,6.997531923674636
EFT:-25.79876614607165,-19.62553219652444,-13.636582010532758,9.756217181436574,-14.964007370996525,25.046497932158516,-13.532649723398578,-17.615877205629747,-2.7736905497497357,6.997531923674636
Random698
Raw:-25.798766146071657,-19.625532196524443,-13.636582010532758,9.756217181436575,-14.964007370996539,25.046497932158516,-13.532649723398574,-17.615877205629747,-2.773690549749732,6.997531923674636
EFT:-25.79876614607165,-19.62553219652444,-13.636582010532758,9.756217181436574,-14.964007370996525,25.046497932158516,-13.532649723398578,-17.615877205629747,-2.7736905497497353,6.997531923674637
Random699
Raw:-25.798766146071646,-19.62553219652444,-13.636582010532752,9.756217181436577,-14.964007370996526,25.04649793215851,-13.532649723398569,-17.615877205629744,-2.773690549749732,6.997531923674634
EFT:-25.79876614607165,-19.62553219652444,-13.636582010532758,9.756217181436574,-14.964007370996525,25.046497932158516,-13.532649723398578,-17.615877205629747,-2.7736905497497357,6.997531923674636
Random700
Raw:-25.798766146071642,-19.625532196524446,-13.636582010532754,9.756217181436575,-14.964007370996532,25.046497932158513,-13.532649723398578,-17.615877205629747,-2.773690549749732,6.997531923674636
EFT:-25.79876614607165,-19.62553219652444,-13.636582010532758,9.756217181436574,-14.964007370996525,25.046497932158513,-13.532649723398578,-17.615877205629747,-2.7736905497497357,6.997531923674637
Random701
Raw:-25.79876614607166,-19.625532196524446,-13.636582010532761,9.756217181436574,-14.964007370996523,25.04649793215852,-13.532649723398574,-17.615877205629754,-2.7736905497497375,6.997531923674638
EFT:-25.79876614607165,-19.62553219652444,-13.636582010532758,9.756217181436574,-14.964007370996525,25.046497932158516,-13.532649723398578,-17.615877205629747,-2.7736905497497353,6.997531923674636
Random702
Raw:-25.798766146071657,-19.625532196524436,-13.636582010532758,9.756217181436577,-14.96400737099653,25.046497932158516,-13.532649723398576,-17.615877205629744,-2.7736905497497375,6.9975319236746385
EFT:-25.79876614607165,-19.62553219652444,-13.636582010532758,9.756217181436574,-14.964007370996525,25.046497932158516,-13.532649723398578,-17.615877205629747,-2.7736905497497353,6.997531923674636
Random703
Raw:-25.79876614607165,-19.62553219652444,-13.636582010532752,9.75621718143657,-14.964007370996526,25.046497932158516,-13.53264972339857,-17.615877205629744,-2.773690549749738,6.997531923674633
EFT:-25.79876614607165,-19.62553219652444,-13.636582010532758,9.756217181436574,-14.964007370996525,25.046497932158516,-13.532649723398578,-17.615877205629747,-2.7736905497497357,6.997531923674636
Random704
Raw:-25.798766146071653,-19.62553219652444,-13.636582010532754,9.756217181436574,-14.964007370996523,25.046497932158513,-13.532649723398578,-17.61587720562975,-2.7736905497497375,6.997531923674638
EFT:-25.79876614607165,-19.62553219652444,-13.636582010532758,9.756217181436574,-14.964007370996525,25.046497932158516,-13.532649723398578,-17.615877205629747,-2.7736905497497353,6.997531923674637
Random705
Raw:-25.79876614607165,-19.625532196524432,-13.636582010532754,9.75621718143657,-14.964007370996526,25.04649793215851,-13.532649723398576,-17.615877205629754,-2.773690549749734,6.997531923674633
EFT:-25.79876614607165,-19.62553219652444,-13.636582010532758,9.756217181436574,-14.964007370996525,25.046497932158516,-13.532649723398578,-17.615877205629747,-2.7736905497497357,6.997531923674636
Random706
Raw:-25.798766146071653,-19.625532196524443,-13.636582010532761,9.756217181436577,-14.964007370996525,25.046497932158516,-13.53264972339858,-17.615877205629754,-2.773690549749737,6.9975319236746385
EFT:-25.79876614607165,-19.62553219652444,-13.636582010532758,9.756217181436574,-14.964007370996525,25.046497932158516,-13.532649723398578,-17.615877205629747,-2.7736905497497353,6.997531923674637
Random707
Raw:-25.798766146071653,-19.625532196524443,-13.636582010532754,9.756217181436579,-14.964007370996528,25.046497932158513,-13.532649723398576,-17.61587720562974,-2.7736905497497304,6.99753192367464
EFT:-25.79876614607165,-19.62553219652444,-13.636582010532758,9.756217181436574,-14.964007370996525,25.046497932158516,-13.532649723398578,-17.615877205629747,-2.7736905497497353,6.997531923674636
Random708
Raw:-25.798766146071646,-19.62553219652444,-13.636582010532752,9.756217181436574,-14.964007370996528,25.04649793215851,-13.532649723398581,-17.615877205629747,-2.773690549749734,6.997531923674635
EFT:-25.79876614607165,-19.62553219652444,-13.636582010532758,9.756217181436574,-14.964007370996525,25.046497932158516,-13.532649723398578,-17.615877205629747,-2.7736905497497357,6.997531923674636
Random709
Raw:-25.798766146071653,-19.625532196524446,-13.636582010532754,9.756217181436572,-14.96400737099652,25.046497932158513,-13.53264972339858,-17.61587720562975,-2.7736905497497366,6.9975319236746385
EFT:-25.79876614607165,-19.62553219652444,-13.636582010532758,9.756217181436574,-14.964007370996525,25.046497932158516,-13.532649723398578,-17.615877205629747,-2.7736905497497353,6.997531923674637
Random710
Raw:-25.79876614607166,-19.625532196524443,-13.636582010532756,9.756217181436574,-14.964007370996526,25.046497932158513,-13.532649723398581,-17.615877205629747,-2.773690549749737,6.9975319236746385
EFT:-25.79876614607165,-19.62553219652444,-13.636582010532758,9.756217181436574,-14.964007370996525,25.046497932158516,-13.532649723398578,-17.615877205629747,-2.7736905497497353,6.997531923674636
Random711
Raw:-25.79876614607163,-19.625532196524436,-13.636582010532754,9.756217181436572,-14.964007370996528,25.046497932158513,-13.532649723398567,-17.615877205629744,-2.7736905497497304,6.997531923674632
EFT:-25.79876614607165,-19.62553219652444,-13.636582010532758,9.756217181436574,-14.964007370996525,25.046497932158516,-13.532649723398578,-17.615877205629747,-2.7736905497497357,6.997531923674637
Random712
Raw:-25.79876614607164,-19.625532196524436,-13.636582010532756,9.756217181436568,-14.964007370996526,25.046497932158513,-13.53264972339857,-17.615877205629744,-2.773690549749736,6.997531923674634
EFT:-25.79876614607165,-19.62553219652444,-13.636582010532758,9.756217181436574,-14.964007370996525,25.046497932158516,-13.532649723398578,-17.615877205629747,-2.7736905497497353,6.997531923674636
Random713
Raw:-25.798766146071653,-19.625532196524443,-13.636582010532761,9.756217181436574,-14.964007370996528,25.046497932158513,-13.532649723398578,-17.615877205629747,-2.7736905497497406,6.997531923674637
EFT:-25.79876614607165,-19.62553219652444,-13.636582010532758,9.756217181436574,-14.964007370996525,25.046497932158516,-13.532649723398578,-17.615877205629747,-2.7736905497497353,6.997531923674636
Random714
Raw:-25.79876614607165,-19.625532196524443,-13.636582010532758,9.756217181436572,-14.964007370996526,25.04649793215851,-13.532649723398569,-17.615877205629744,-2.773690549749732,6.997531923674634
EFT:-25.79876614607165,-19.62553219652444,-13.636582010532758,9.756217181436574,-14.964007370996525,25.046497932158516,-13.532649723398578,-17.615877205629747,-2.7736905497497353,6.997531923674637
Random715
Raw:-25.798766146071642,-19.625532196524436,-13.63658201053275,9.756217181436575,-14.964007370996523,25.046497932158513,-13.532649723398572,-17.61587720562974,-2.7736905497497317,6.997531923674635
EFT:-25.79876614607165,-19.62553219652444,-13.636582010532758,9.756217181436574,-14.964007370996525,25.046497932158516,-13.532649723398578,-17.615877205629747,-2.7736905497497353,6.997531923674636
Random716
Raw:-25.798766146071646,-19.625532196524443,-13.636582010532752,9.756217181436575,-14.96400737099653,25.04649793215852,-13.53264972339857,-17.615877205629744,-2.7736905497497313,6.997531923674634
EFT:-25.79876614607165,-19.62553219652444,-13.636582010532758,9.756217181436574,-14.964007370996525,25.046497932158516,-13.532649723398578,-17.615877205629747,-2.7736905497497353,6.997531923674637
Random717
Raw:-25.798766146071646,-19.625532196524443,-13.636582010532752,9.756217181436575,-14.964007370996523,25.04649793215852,-13.53264972339858,-17.615877205629747,-2.773690549749744,6.997531923674641
EFT:-25.79876614607165,-19.62553219652444,-13.636582010532758,9.756217181436574,-14.964007370996525,25.046497932158516,-13.532649723398578,-17.615877205629747,-2.7736905497497353,6.997531923674636
Random718
Raw:-25.798766146071642,-19.625532196524446,-13.636582010532752,9.756217181436572,-14.964007370996528,25.04649793215852,-13.53264972339857,-17.615877205629747,-2.7736905497497353,6.997531923674633
EFT:-25.79876614607165,-19.62553219652444,-13.636582010532758,9.756217181436574,-14.964007370996525,25.046497932158516,-13.532649723398578,-17.615877205629747,-2.7736905497497353,6.997531923674637
Random719
Raw:-25.79876614607165,-19.625532196524446,-13.636582010532754,9.756217181436574,-14.964007370996525,25.046497932158516,-13.532649723398576,-17.61587720562975,-2.7736905497497384,6.997531923674635
EFT:-25.79876614607165,-19.62553219652444,-13.636582010532758,9.756217181436574,-14.964007370996525,25.046497932158516,-13.532649723398578,-17.615877205629747,-2.7736905497497353,6.997531923674636
Random720
Raw:-25.798766146071646,-19.62553219652445,-13.63658201053275,9.756217181436579,-14.964007370996532,25.04649793215852,-13.532649723398574,-17.61587720562975,-2.7736905497497384,6.997531923674638
EFT:-25.79876614607165,-19.62553219652444,-13.636582010532758,9.756217181436574,-14.964007370996525,25.046497932158516,-13.532649723398578,-17.615877205629747,-2.7736905497497353,6.997531923674636
Random721
Raw:-25.798766146071657,-19.625532196524436,-13.636582010532758,9.756217181436572,-14.964007370996525,25.046497932158516,-13.53264972339857,-17.615877205629747,-2.7736905497497313,6.997531923674632
EFT:-25.79876614607165,-19.62553219652444,-13.636582010532758,9.756217181436574,-14.964007370996525,25.046497932158516,-13.532649723398578,-17.615877205629747,-2.7736905497497357,6.997531923674637
Random722
Raw:-25.798766146071642,-19.625532196524432,-13.636582010532761,9.75621718143657,-14.964007370996523,25.046497932158516,-13.53264972339857,-17.61587720562974,-2.7736905497497384,6.99753192367464
EFT:-25.79876614607165,-19.62553219652444,-13.636582010532758,9.756217181436574,-14.964007370996525,25.046497932158516,-13.532649723398578,-17.615877205629747,-2.7736905497497353,6.997531923674636
Random723
Raw:-25.798766146071653,-19.625532196524443,-13.636582010532763,9.756217181436575,-14.96400737099653,25.04649793215852,-13.53264972339858,-17.615877205629747,-2.7736905497497366,6.997531923674635
EFT:-25.79876614607165,-19.62553219652444,-13.636582010532758,9.756217181436574,-14.964007370996525,25.046497932158516,-13.532649723398578,-17.615877205629747,-2.7736905497497353,6.997531923674637
Random724
Raw:-25.79876614607165,-19.62553219652444,-13.636582010532752,9.75621718143657,-14.96400737099653,25.046497932158513,-13.532649723398572,-17.615877205629744,-2.7736905497497357,6.997531923674634
EFT:-25.79876614607165,-19.62553219652444,-13.636582010532758,9.756217181436574,-14.964007370996525,25.046497932158516,-13.532649723398578,-17.615877205629747,-2.7736905497497353,6.997531923674636
Random725
Raw:-25.79876614607165,-19.62553219652444,-13.636582010532761,9.756217181436575,-14.964007370996528,25.046497932158513,-13.532649723398578,-17.61587720562975,-2.7736905497497357,6.9975319236746385
EFT:-25.79876614607165,-19.62553219652444,-13.636582010532758,9.756217181436574,-14.964007370996525,25.046497932158516,-13.532649723398578,-17.615877205629747,-2.7736905497497357,6.997531923674637
Random726
Raw:-25.79876614607166,-19.625532196524443,-13.636582010532756,9.756217181436574,-14.964007370996526,25.046497932158523,-13.53264972339858,-17.615877205629747,-2.7736905497497406,6.99753192367464
EFT:-25.79876614607165,-19.62553219652444,-13.636582010532758,9.756217181436574,-14.964007370996525,25.046497932158513,-13.532649723398578,-17.615877205629747,-2.7736905497497357,6.997531923674637
Random727
Raw:-25.79876614607165,-19.625532196524432,-13.636582010532756,9.756217181436575,-14.964007370996523,25.046497932158516,-13.532649723398578,-17.61587720562975,-2.773690549749734,6.997531923674636
EFT:-25.79876614607165,-19.62553219652444,-13.636582010532758,9.756217181436574,-14.964007370996525,25.046497932158516,-13.532649723398578,-17.615877205629747,-2.7736905497497353,6.997531923674636
Random728
Raw:-25.798766146071657,-19.625532196524443,-13.63658201053276,9.756217181436575,-14.964007370996528,25.04649793215851,-13.532649723398567,-17.61587720562975,-2.7736905497497317,6.997531923674632
EFT:-25.79876614607165,-19.62553219652444,-13.636582010532758,9.756217181436574,-14.964007370996525,25.046497932158516,-13.532649723398578,-17.615877205629747,-2.7736905497497357,6.997531923674636
Random729
Raw:-25.79876614607165,-19.625532196524436,-13.636582010532749,9.756217181436577,-14.96400737099653,25.046497932158516,-13.532649723398572,-17.615877205629747,-2.773690549749733,6.997531923674632
EFT:-25.79876614607165,-19.62553219652444,-13.636582010532758,9.756217181436574,-14.964007370996525,25.046497932158516,-13.532649723398578,-17.615877205629747,-2.7736905497497353,6.997531923674636
Random730
Raw:-25.798766146071635,-19.62553219652445,-13.636582010532743,9.756217181436574,-14.96400737099652,25.04649793215851,-13.532649723398574,-17.615877205629737,-2.7736905497497326,6.997531923674638
EFT:-25.79876614607165,-19.62553219652444,-13.636582010532758,9.756217181436574,-14.964007370996525,25.046497932158516,-13.532649723398578,-17.615877205629747,-2.7736905497497353,6.997531923674637
Random731
Raw:-25.798766146071646,-19.625532196524443,-13.636582010532758,9.756217181436575,-14.964007370996532,25.046497932158516,-13.532649723398576,-17.615877205629747,-2.7736905497497366,6.997531923674636
EFT:-25.79876614607165,-19.62553219652444,-13.636582010532758,9.756217181436574,-14.964007370996525,25.046497932158516,-13.532649723398578,-17.615877205629747,-2.7736905497497353,6.997531923674637
Random732
Raw:-25.798766146071646,-19.625532196524436,-13.636582010532749,9.756217181436575,-14.96400737099653,25.046497932158516,-13.532649723398569,-17.615877205629744,-2.773690549749734,6.997531923674632
EFT:-25.79876614607165,-19.62553219652444,-13.636582010532758,9.756217181436574,-14.964007370996525,25.046497932158516,-13.532649723398578,-17.615877205629747,-2.7736905497497357,6.997531923674636
Random733
Raw:-25.79876614607165,-19.62553219652445,-13.636582010532747,9.756217181436575,-14.964007370996532,25.04649793215851,-13.532649723398578,-17.615877205629747,-2.7736905497497317,6.997531923674637
EFT:-25.79876614607165,-19.62553219652444,-13.636582010532758,9.756217181436574,-14.964007370996525,25.046497932158516,-13.532649723398578,-17.615877205629747,-2.7736905497497353,6.997531923674636
Random734
Raw:-25.79876614607165,-19.62553219652444,-13.636582010532758,9.756217181436572,-14.964007370996523,25.04649793215852,-13.532649723398574,-17.615877205629744,-2.7736905497497313,6.997531923674634
EFT:-25.79876614607165,-19.62553219652444,-13.636582010532758,9.756217181436574,-14.964007370996525,25.046497932158516,-13.532649723398578,-17.615877205629747,-2.7736905497497357,6.997531923674636
Random735
Raw:-25.798766146071657,-19.625532196524443,-13.636582010532754,9.756217181436575,-14.964007370996516,25.04649793215851,-13.53264972339858,-17.61587720562975,-2.7736905497497384,6.997531923674641
EFT:-25.79876614607165,-19.62553219652444,-13.636582010532758,9.756217181436574,-14.964007370996525,25.046497932158516,-13.532649723398578,-17.615877205629747,-2.7736905497497353,6.997531923674637
Random736
Raw:-25.798766146071653,-19.625532196524436,-13.636582010532749,9.75621718143657,-14.964007370996528,25.046497932158516,-13.532649723398576,-17.615877205629737,-2.7736905497497357,6.997531923674635
EFT:-25.79876614607165,-19.62553219652444,-13.636582010532758,9.756217181436574,-14.964007370996525,25.046497932158516,-13.532649723398578,-17.615877205629747,-2.7736905497497357,6.997531923674636
Random737
Raw:-25.798766146071646,-19.62553219652444,-13.636582010532756,9.756217181436577,-14.964007370996526,25.046497932158513,-13.53264972339857,-17.615877205629747,-2.773690549749735,6.9975319236746385
EFT:-25.79876614607165,-19.62553219652444,-13.636582010532758,9.756217181436574,-14.964007370996525,25.046497932158516,-13.532649723398578,-17.615877205629747,-2.7736905497497353,6.997531923674637
Random738
Raw:-25.798766146071657,-19.625532196524446,-13.636582010532758,9.756217181436575,-14.964007370996526,25.04649793215852,-13.532649723398576,-17.61587720562975,-2.773690549749736,6.997531923674638
EFT:-25.79876614607165,-19.62553219652444,-13.636582010532758,9.756217181436574,-14.964007370996525,25.046497932158513,-13.532649723398578,-17.615877205629747,-2.7736905497497357,6.997531923674637
Random739
Raw:-25.79876614607164,-19.625532196524436,-13.636582010532752,9.756217181436575,-14.96400737099653,25.046497932158513,-13.532649723398569,-17.615877205629744,-2.773690549749731,6.997531923674632
EFT:-25.79876614607165,-19.62553219652444,-13.636582010532758,9.756217181436574,-14.964007370996525,25.046497932158513,-13.532649723398578,-17.615877205629747,-2.7736905497497357,6.997531923674637
Random740
Raw:-25.79876614607165,-19.625532196524446,-13.636582010532756,9.756217181436577,-14.96400737099653,25.046497932158516,-13.53264972339857,-17.615877205629747,-2.7736905497497353,6.997531923674634
EFT:-25.79876614607165,-19.62553219652444,-13.636582010532758,9.756217181436574,-14.964007370996525,25.046497932158516,-13.532649723398578,-17.615877205629747,-2.7736905497497353,6.997531923674637
Random741
Raw:-25.798766146071657,-19.625532196524443,-13.636582010532756,9.756217181436568,-14.964007370996526,25.046497932158513,-13.532649723398576,-17.615877205629754,-2.7736905497497375,6.997531923674641
EFT:-25.79876614607165,-19.62553219652444,-13.636582010532758,9.756217181436574,-14.964007370996525,25.046497932158516,-13.532649723398578,-17.615877205629747,-2.7736905497497353,6.997531923674636
Random742
Raw:-25.798766146071657,-19.62553219652444,-13.636582010532756,9.756217181436574,-14.964007370996525,25.04649793215852,-13.532649723398578,-17.615877205629747,-2.7736905497497366,6.997531923674639
EFT:-25.79876614607165,-19.62553219652444,-13.636582010532758,9.756217181436574,-14.964007370996525,25.046497932158516,-13.532649723398578,-17.615877205629747,-2.7736905497497357,6.997531923674636
Random743
Raw:-25.798766146071653,-19.625532196524443,-13.636582010532758,9.756217181436579,-14.964007370996528,25.046497932158516,-13.532649723398576,-17.615877205629747,-2.7736905497497353,6.997531923674635
EFT:-25.79876614607165,-19.62553219652444,-13.636582010532758,9.756217181436574,-14.964007370996525,25.046497932158516,-13.532649723398578,-17.615877205629747,-2.7736905497497357,6.997531923674636
Random744
Raw:-25.798766146071653,-19.625532196524443,-13.636582010532752,9.756217181436568,-14.964007370996528,25.04649793215852,-13.532649723398576,-17.61587720562975,-2.7736905497497357,6.997531923674635
EFT:-25.79876614607165,-19.62553219652444,-13.636582010532758,9.756217181436574,-14.964007370996525,25.046497932158516,-13.532649723398578,-17.615877205629747,-2.7736905497497353,6.997531923674636
Random745
Raw:-25.798766146071635,-19.625532196524443,-13.63658201053275,9.756217181436577,-14.964007370996534,25.04649793215851,-13.532649723398578,-17.615877205629744,-2.773690549749734,6.997531923674634
EFT:-25.79876614607165,-19.62553219652444,-13.636582010532758,9.756217181436574,-14.964007370996525,25.046497932158516,-13.532649723398578,-17.615877205629747,-2.7736905497497353,6.997531923674637
Random746
Raw:-25.798766146071646,-19.62553219652444,-13.636582010532758,9.756217181436572,-14.964007370996525,25.046497932158506,-13.532649723398574,-17.61587720562975,-2.7736905497497335,6.997531923674636
EFT:-25.79876614607165,-19.62553219652444,-13.636582010532758,9.756217181436574,-14.964007370996525,25.046497932158516,-13.532649723398578,-17.615877205629747,-2.7736905497497353,6.997531923674636
Random747
Raw:-25.798766146071646,-19.62553219652445,-13.636582010532758,9.756217181436574,-14.964007370996534,25.04649793215852,-13.532649723398578,-17.615877205629747,-2.7736905497497393,6.997531923674639
EFT:-25.79876614607165,-19.62553219652444,-13.636582010532758,9.756217181436574,-14.964007370996525,25.046497932158516,-13.532649723398578,-17.615877205629747,-2.7736905497497353,6.997531923674636
Random748
Raw:-25.798766146071657,-19.625532196524436,-13.636582010532756,9.756217181436572,-14.964007370996526,25.046497932158513,-13.532649723398576,-17.615877205629744,-2.7736905497497424,6.997531923674637
EFT:-25.79876614607165,-19.62553219652444,-13.636582010532758,9.756217181436574,-14.964007370996525,25.046497932158516,-13.532649723398578,-17.615877205629747,-2.7736905497497353,6.997531923674637
Random749
Raw:-25.79876614607164,-19.62553219652444,-13.636582010532752,9.756217181436574,-14.964007370996526,25.046497932158506,-13.532649723398569,-17.61587720562975,-2.7736905497497313,6.997531923674636
EFT:-25.79876614607165,-19.62553219652444,-13.636582010532758,9.756217181436574,-14.964007370996525,25.046497932158516,-13.532649723398578,-17.615877205629747,-2.7736905497497353,6.997531923674636
Random750
Raw:-25.798766146071642,-19.62553219652444,-13.636582010532747,9.756217181436572,-14.96400737099653,25.046497932158516,-13.532649723398576,-17.615877205629744,-2.773690549749742,6.997531923674631
EFT:-25.79876614607165,-19.62553219652444,-13.636582010532758,9.756217181436574,-14.964007370996525,25.046497932158516,-13.532649723398578,-17.615877205629747,-2.7736905497497357,6.997531923674636
Random751
Raw:-25.798766146071642,-19.625532196524443,-13.63658201053275,9.756217181436574,-14.964007370996526,25.046497932158506,-13.532649723398572,-17.61587720562975,-2.7736905497497317,6.997531923674633
EFT:-25.79876614607165,-19.62553219652444,-13.636582010532758,9.756217181436574,-14.964007370996525,25.046497932158516,-13.532649723398578,-17.615877205629747,-2.7736905497497353,6.997531923674636
Random752
Raw:-25.79876614607165,-19.625532196524436,-13.636582010532758,9.756217181436574,-14.964007370996521,25.046497932158513,-13.532649723398574,-17.615877205629747,-2.773690549749739,6.997531923674635
EFT:-25.79876614607165,-19.62553219652444,-13.636582010532758,9.756217181436574,-14.964007370996525,25.046497932158516,-13.532649723398578,-17.615877205629747,-2.7736905497497357,6.997531923674636
Random753
Raw:-25.79876614607165,-19.625532196524443,-13.636582010532754,9.756217181436577,-14.964007370996528,25.04649793215852,-13.53264972339858,-17.615877205629747,-2.773690549749735,6.997531923674634
EFT:-25.79876614607165,-19.62553219652444,-13.636582010532758,9.756217181436574,-14.964007370996525,25.046497932158516,-13.532649723398578,-17.615877205629747,-2.7736905497497353,6.997531923674637
Random754
Raw:-25.798766146071635,-19.625532196524443,-13.63658201053275,9.756217181436572,-14.964007370996526,25.04649793215851,-13.53264972339857,-17.61587720562975,-2.7736905497497353,6.997531923674634
EFT:-25.79876614607165,-19.62553219652444,-13.636582010532758,9.756217181436574,-14.964007370996525,25.046497932158516,-13.532649723398578,-17.615877205629747,-2.7736905497497357,6.997531923674636
Random755
Raw:-25.79876614607165,-19.625532196524443,-13.636582010532752,9.756217181436577,-14.964007370996526,25.04649793215852,-13.53264972339857,-17.615877205629747,-2.7736905497497273,6.997531923674635
EFT:-25.79876614607165,-19.62553219652444,-13.636582010532758,9.756217181436574,-14.964007370996525,25.046497932158516,-13.532649723398578,-17.615877205629747,-2.7736905497497357,6.997531923674636
Random756
Raw:-25.798766146071642,-19.625532196524443,-13.636582010532749,9.756217181436574,-14.964007370996535,25.046497932158502,-13.532649723398578,-17.615877205629747,-2.7736905497497353,6.997531923674631
EFT:-25.79876614607165,-19.62553219652444,-13.636582010532758,9.756217181436574,-14.964007370996525,25.046497932158516,-13.532649723398578,-17.615877205629747,-2.7736905497497353,6.997531923674637
Random757
Raw:-25.798766146071642,-19.625532196524443,-13.63658201053275,9.756217181436572,-14.964007370996521,25.046497932158513,-13.532649723398567,-17.615877205629744,-2.7736905497497313,6.997531923674634
EFT:-25.79876614607165,-19.62553219652444,-13.636582010532758,9.756217181436574,-14.964007370996525,25.046497932158516,-13.532649723398578,-17.615877205629747,-2.7736905497497353,6.997531923674636
Random758
Raw:-25.798766146071646,-19.625532196524443,-13.636582010532758,9.756217181436575,-14.964007370996526,25.046497932158516,-13.532649723398574,-17.615877205629754,-2.773690549749737,6.997531923674636
EFT:-25.79876614607165,-19.62553219652444,-13.636582010532758,9.756217181436574,-14.964007370996525,25.046497932158516,-13.532649723398578,-17.615877205629747,-2.7736905497497353,6.997531923674637
Random759
Raw:-25.798766146071646,-19.625532196524446,-13.636582010532756,9.756217181436574,-14.964007370996526,25.046497932158516,-13.532649723398574,-17.615877205629747,-2.773690549749743,6.997531923674634
EFT:-25.79876614607165,-19.62553219652444,-13.636582010532758,9.756217181436574,-14.964007370996525,25.046497932158516,-13.532649723398578,-17.615877205629747,-2.7736905497497353,6.997531923674636
Random760
Raw:-25.798766146071653,-19.62553219652444,-13.636582010532758,9.756217181436572,-14.964007370996528,25.046497932158527,-13.532649723398572,-17.61587720562975,-2.773690549749737,6.997531923674633
EFT:-25.79876614607165,-19.62553219652444,-13.636582010532758,9.756217181436574,-14.964007370996525,25.046497932158516,-13.532649723398578,-17.615877205629747,-2.7736905497497357,6.997531923674636
Random761
Raw:-25.798766146071657,-19.625532196524436,-13.63658201053275,9.756217181436575,-14.964007370996528,25.046497932158513,-13.532649723398572,-17.61587720562974,-2.7736905497497366,6.997531923674632
EFT:-25.79876614607165,-19.62553219652444,-13.636582010532758,9.756217181436574,-14.964007370996525,25.046497932158516,-13.532649723398578,-17.615877205629747,-2.7736905497497353,6.997531923674637
Random762
Raw:-25.79876614607165,-19.625532196524446,-13.63658201053275,9.75621718143657,-14.96400737099653,25.04649793215852,-13.532649723398572,-17.615877205629744,-2.7736905497497313,6.997531923674637
EFT:-25.79876614607165,-19.62553219652444,-13.636582010532758,9.756217181436574,-14.964007370996525,25.046497932158516,-13.532649723398578,-17.615877205629747,-2.7736905497497353,6.997531923674637
Random763
Raw:-25.798766146071646,-19.625532196524436,-13.636582010532761,9.756217181436574,-14.96400737099653,25.046497932158516,-13.532649723398574,-17.615877205629744,-2.773690549749734,6.9975319236746305
EFT:-25.79876614607165,-19.62553219652444,-13.636582010532758,9.756217181436574,-14.964007370996525,25.046497932158516,-13.532649723398578,-17.615877205629747,-2.7736905497497357,6.997531923674636
Random764
Raw:-25.798766146071646,-19.62553219652444,-13.636582010532758,9.756217181436574,-14.964007370996525,25.04649793215851,-13.532649723398572,-17.61587720562975,-2.773690549749733,6.997531923674633
EFT:-25.79876614607165,-19.62553219652444,-13.636582010532758,9.756217181436574,-14.964007370996525,25.046497932158516,-13.532649723398578,-17.615877205629747,-2.7736905497497353,6.997531923674637
Random765
Raw:-25.798766146071657,-19.625532196524443,-13.63658201053276,9.756217181436577,-14.964007370996534,25.04649793215852,-13.532649723398581,-17.61587720562975,-2.7736905497497357,6.9975319236746385
EFT:-25.79876614607165,-19.62553219652444,-13.636582010532758,9.756217181436574,-14.964007370996525,25.046497932158513,-13.532649723398578,-17.615877205629747,-2.7736905497497357,6.997531923674637
Random766
Raw:-25.798766146071653,-19.625532196524432,-13.636582010532749,9.756217181436574,-14.964007370996523,25.046497932158516,-13.532649723398578,-17.615877205629744,-2.7736905497497344,6.997531923674637
EFT:-25.79876614607165,-19.62553219652444,-13.636582010532758,9.756217181436574,-14.964007370996525,25.046497932158516,-13.532649723398578,-17.615877205629747,-2.7736905497497353,6.997531923674636
Random767
Raw:-25.798766146071664,-19.625532196524443,-13.636582010532758,9.756217181436577,-14.964007370996514,25.046497932158516,-13.532649723398572,-17.615877205629747,-2.7736905497497326,6.997531923674635
EFT:-25.79876614607165,-19.62553219652444,-13.636582010532758,9.756217181436574,-14.964007370996525,25.046497932158516,-13.532649723398578,-17.615877205629747,-2.7736905497497357,6.997531923674636
Random768
Raw:-25.798766146071642,-19.625532196524443,-13.636582010532754,9.756217181436568,-14.964007370996521,25.046497932158516,-13.532649723398572,-17.615877205629747,-2.7736905497497384,6.997531923674634
EFT:-25.79876614607165,-19.62553219652444,-13.636582010532758,9.756217181436574,-14.964007370996525,25.046497932158516,-13.532649723398578,-17.615877205629747,-2.7736905497497357,6.997531923674636
Random769
Raw:-25.798766146071646,-19.62553219652444,-13.636582010532756,9.756217181436579,-14.96400737099653,25.046497932158513,-13.532649723398569,-17.61587720562975,-2.7736905497497357,6.997531923674634
EFT:-25.79876614607165,-19.62553219652444,-13.636582010532758,9.756217181436574,-14.964007370996525,25.046497932158516,-13.532649723398578,-17.615877205629747,-2.7736905497497357,6.997531923674637
Random770
Raw:-25.79876614607165,-19.625532196524436,-13.636582010532758,9.756217181436572,-14.964007370996539,25.046497932158523,-13.532649723398576,-17.615877205629744,-2.773690549749737,6.997531923674629
EFT:-25.79876614607165,-19.62553219652444,-13.636582010532758,9.756217181436574,-14.964007370996525,25.046497932158516,-13.532649723398578,-17.615877205629747,-2.7736905497497357,6.997531923674637
Random771
Raw:-25.79876614607165,-19.625532196524436,-13.63658201053275,9.756217181436572,-14.964007370996532,25.046497932158516,-13.53264972339857,-17.615877205629747,-2.773690549749727,6.997531923674636
EFT:-25.79876614607165,-19.62553219652444,-13.636582010532758,9.756217181436574,-14.964007370996525,25.046497932158516,-13.532649723398578,-17.615877205629747,-2.7736905497497353,6.997531923674636
Random772
Raw:-25.79876614607165,-19.62553219652444,-13.63658201053275,9.75621718143657,-14.964007370996534,25.046497932158516,-13.532649723398578,-17.615877205629744,-2.773690549749739,6.997531923674635
EFT:-25.79876614607165,-19.62553219652444,-13.636582010532758,9.756217181436574,-14.964007370996525,25.046497932158516,-13.532649723398578,-17.615877205629747,-2.7736905497497353,6.997531923674636
Random773
Raw:-25.798766146071642,-19.625532196524432,-13.636582010532749,9.756217181436568,-14.964007370996525,25.04649793215851,-13.532649723398574,-17.615877205629737,-2.773690549749738,6.997531923674634
EFT:-25.79876614607165,-19.62553219652444,-13.636582010532758,9.756217181436574,-14.964007370996525,25.046497932158516,-13.532649723398578,-17.615877205629747,-2.7736905497497353,6.997531923674636
Random774
Raw:-25.798766146071653,-19.625532196524443,-13.636582010532756,9.756217181436574,-14.964007370996535,25.046497932158523,-13.532649723398572,-17.615877205629747,-2.77369054974973,6.997531923674637
EFT:-25.79876614607165,-19.62553219652444,-13.636582010532758,9.756217181436574,-14.964007370996525,25.046497932158516,-13.532649723398578,-17.615877205629747,-2.7736905497497353,6.997531923674636
Random775
Raw:-25.798766146071646,-19.625532196524446,-13.636582010532752,9.756217181436574,-14.964007370996525,25.04649793215852,-13.532649723398574,-17.61587720562974,-2.7736905497497344,6.997531923674633
EFT:-25.79876614607165,-19.62553219652444,-13.636582010532758,9.756217181436574,-14.964007370996525,25.046497932158516,-13.532649723398578,-17.615877205629747,-2.7736905497497357,6.997531923674636
Random776
Raw:-25.79876614607165,-19.62553219652444,-13.636582010532754,9.756217181436574,-14.964007370996534,25.046497932158513,-13.532649723398572,-17.615877205629744,-2.773690549749732,6.997531923674635
EFT:-25.79876614607165,-19.62553219652444,-13.636582010532758,9.756217181436574,-14.964007370996525,25.046497932158516,-13.532649723398578,-17.615877205629747,-2.7736905497497353,6.997531923674636
Random777
Raw:-25.798766146071657,-19.625532196524436,-13.63658201053276,9.756217181436574,-14.964007370996523,25.04649793215851,-13.532649723398572,-17.615877205629747,-2.773690549749738,6.997531923674634
EFT:-25.79876614607165,-19.62553219652444,-13.636582010532758,9.756217181436574,-14.964007370996525,25.046497932158516,-13.532649723398578,-17.615877205629747,-2.7736905497497357,6.997531923674636
Random778
Raw:-25.79876614607164,-19.625532196524443,-13.63658201053275,9.756217181436575,-14.96400737099653,25.046497932158513,-13.532649723398574,-17.615877205629744,-2.7736905497497353,6.997531923674635
EFT:-25.79876614607165,-19.62553219652444,-13.636582010532758,9.756217181436574,-14.964007370996525,25.046497932158516,-13.532649723398578,-17.615877205629747,-2.7736905497497357,6.997531923674637
Random779
Raw:-25.79876614607166,-19.625532196524443,-13.636582010532754,9.756217181436575,-14.96400737099653,25.046497932158516,-13.532649723398574,-17.615877205629747,-2.773690549749733,6.997531923674637
EFT:-25.79876614607165,-19.62553219652444,-13.636582010532758,9.756217181436574,-14.964007370996525,25.046497932158516,-13.532649723398578,-17.615877205629747,-2.7736905497497357,6.997531923674637
Random780
Raw:-25.798766146071653,-19.62553219652444,-13.636582010532758,9.756217181436575,-14.964007370996523,25.046497932158523,-13.532649723398578,-17.615877205629758,-2.77369054974974,6.997531923674638
EFT:-25.79876614607165,-19.62553219652444,-13.636582010532758,9.756217181436574,-14.964007370996525,25.046497932158516,-13.532649723398578,-17.615877205629747,-2.7736905497497357,6.997531923674636
Random781
Raw:-25.798766146071646,-19.625532196524443,-13.63658201053275,9.756217181436574,-14.964007370996526,25.046497932158516,-13.53264972339858,-17.615877205629744,-2.773690549749734,6.99753192367464
EFT:-25.79876614607165,-19.62553219652444,-13.636582010532758,9.756217181436574,-14.964007370996525,25.046497932158516,-13.532649723398578,-17.615877205629747,-2.7736905497497353,6.997531923674636
Random782
Raw:-25.798766146071653,-19.625532196524436,-13.636582010532758,9.756217181436577,-14.964007370996532,25.046497932158516,-13.532649723398576,-17.615877205629747,-2.7736905497497357,6.997531923674636
EFT:-25.79876614607165,-19.62553219652444,-13.636582010532758,9.756217181436574,-14.964007370996525,25.046497932158516,-13.532649723398578,-17.615877205629747,-2.7736905497497353,6.997531923674636
Random783
Raw:-25.79876614607165,-19.625532196524436,-13.63658201053275,9.756217181436568,-14.964007370996525,25.04649793215851,-13.532649723398572,-17.615877205629737,-2.7736905497497357,6.997531923674635
EFT:-25.79876614607165,-19.62553219652444,-13.636582010532758,9.756217181436574,-14.964007370996525,25.046497932158516,-13.532649723398578,-17.615877205629747,-2.7736905497497357,6.997531923674636
Random784
Raw:-25.798766146071653,-19.62553219652444,-13.636582010532761,9.756217181436579,-14.964007370996528,25.046497932158516,-13.532649723398574,-17.615877205629747,-2.7736905497497335,6.997531923674635
EFT:-25.79876614607165,-19.62553219652444,-13.636582010532758,9.756217181436574,-14.964007370996525,25.046497932158516,-13.532649723398578,-17.615877205629747,-2.7736905497497353,6.997531923674637
Random785
Raw:-25.798766146071664,-19.625532196524446,-13.636582010532758,9.756217181436577,-14.964007370996532,25.04649793215852,-13.532649723398576,-17.61587720562975,-2.7736905497497357,6.997531923674638
EFT:-25.79876614607165,-19.62553219652444,-13.636582010532758,9.756217181436574,-14.964007370996525,25.046497932158513,-13.532649723398578,-17.615877205629747,-2.7736905497497357,6.997531923674637
Random786
Raw:-25.798766146071657,-19.625532196524436,-13.636582010532754,9.756217181436575,-14.964007370996523,25.046497932158513,-13.53264972339857,-17.615877205629744,-2.773690549749732,6.997531923674635
EFT:-25.79876614607165,-19.62553219652444,-13.636582010532758,9.756217181436574,-14.964007370996525,25.046497932158516,-13.532649723398578,-17.615877205629747,-2.7736905497497353,6.997531923674636
Random787
Raw:-25.798766146071646,-19.625532196524436,-13.636582010532752,9.756217181436577,-14.964007370996523,25.046497932158506,-13.53264972339858,-17.615877205629747,-2.773690549749735,6.9975319236746385
EFT:-25.79876614607165,-19.62553219652444,-13.636582010532758,9.756217181436574,-14.964007370996525,25.046497932158516,-13.532649723398578,-17.615877205629747,-2.7736905497497357,6.997531923674636
Random788
Raw:-25.798766146071657,-19.62553219652444,-13.636582010532758,9.756217181436574,-14.964007370996526,25.04649793215852,-13.532649723398576,-17.615877205629744,-2.7736905497497393,6.997531923674636
EFT:-25.79876614607165,-19.62553219652444,-13.636582010532758,9.756217181436574,-14.964007370996525,25.046497932158516,-13.532649723398578,-17.615877205629747,-2.7736905497497353,6.997531923674637
Random789
Raw:-25.798766146071657,-19.625532196524446,-13.636582010532765,9.756217181436579,-14.964007370996523,25.04649793215852,-13.532649723398576,-17.61587720562975,-2.773690549749735,6.9975319236746385
EFT:-25.79876614607165,-19.62553219652444,-13.636582010532758,9.756217181436574,-14.964007370996525,25.046497932158516,-13.532649723398578,-17.615877205629747,-2.7736905497497353,6.997531923674637
Random790
Raw:-25.798766146071646,-19.625532196524443,-13.63658201053276,9.756217181436572,-14.96400737099653,25.046497932158523,-13.532649723398565,-17.615877205629744,-2.7736905497497295,6.997531923674632
EFT:-25.79876614607165,-19.62553219652444,-13.636582010532758,9.756217181436574,-14.964007370996525,25.046497932158516,-13.532649723398578,-17.615877205629747,-2.7736905497497357,6.997531923674636
Random791
Raw:-25.798766146071646,-19.62553219652444,-13.636582010532752,9.756217181436574,-14.964007370996523,25.04649793215851,-13.532649723398578,-17.615877205629744,-2.773690549749738,6.997531923674638
EFT:-25.79876614607165,-19.62553219652444,-13.636582010532758,9.756217181436574,-14.964007370996525,25.046497932158516,-13.532649723398578,-17.615877205629747,-2.7736905497497353,6.997531923674636
Random792
Raw:-25.798766146071646,-19.625532196524436,-13.636582010532754,9.756217181436572,-14.964007370996532,25.04649793215851,-13.532649723398572,-17.61587720562974,-2.7736905497497286,6.997531923674632
EFT:-25.79876614607165,-19.62553219652444,-13.636582010532758,9.756217181436574,-14.964007370996525,25.046497932158516,-13.532649723398578,-17.615877205629747,-2.7736905497497353,6.997531923674636
Random793
Raw:-25.79876614607165,-19.62553219652445,-13.636582010532758,9.756217181436572,-14.96400737099653,25.046497932158527,-13.532649723398572,-17.61587720562975,-2.7736905497497366,6.997531923674634
EFT:-25.79876614607165,-19.62553219652444,-13.636582010532758,9.756217181436574,-14.964007370996525,25.046497932158516,-13.532649723398578,-17.615877205629747,-2.7736905497497357,6.997531923674636
Random794
Raw:-25.79876614607165,-19.625532196524446,-13.636582010532756,9.75621718143657,-14.964007370996526,25.04649793215852,-13.532649723398572,-17.615877205629747,-2.773690549749742,6.997531923674639
EFT:-25.79876614607165,-19.62553219652444,-13.636582010532758,9.756217181436574,-14.964007370996525,25.046497932158516,-13.532649723398578,-17.615877205629747,-2.7736905497497353,6.997531923674636
Random795
Raw:-25.798766146071635,-19.62553219652444,-13.636582010532752,9.756217181436567,-14.964007370996528,25.046497932158502,-13.532649723398569,-17.615877205629744,-2.773690549749735,6.997531923674634
EFT:-25.79876614607165,-19.62553219652444,-13.636582010532758,9.756217181436574,-14.964007370996525,25.046497932158513,-13.532649723398578,-17.615877205629747,-2.7736905497497357,6.997531923674637
Random796
Raw:-25.798766146071657,-19.625532196524443,-13.63658201053276,9.75621718143657,-14.964007370996525,25.046497932158513,-13.532649723398576,-17.615877205629747,-2.773690549749736,6.997531923674638
EFT:-25.79876614607165,-19.62553219652444,-13.636582010532758,9.756217181436574,-14.964007370996525,25.046497932158516,-13.532649723398578,-17.615877205629747,-2.7736905497497353,6.997531923674636
Random797
Raw:-25.798766146071653,-19.625532196524443,-13.63658201053275,9.756217181436579,-14.964007370996526,25.046497932158523,-13.532649723398576,-17.61587720562975,-2.7736905497497317,6.997531923674635
EFT:-25.79876614607165,-19.62553219652444,-13.636582010532758,9.756217181436574,-14.964007370996525,25.046497932158516,-13.532649723398578,-17.615877205629747,-2.7736905497497353,6.997531923674636
Random798
Raw:-25.798766146071653,-19.625532196524443,-13.636582010532747,9.756217181436575,-14.964007370996525,25.046497932158516,-13.532649723398578,-17.615877205629747,-2.7736905497497415,6.997531923674635
EFT:-25.79876614607165,-19.62553219652444,-13.636582010532758,9.756217181436574,-14.964007370996525,25.046497932158513,-13.532649723398578,-17.615877205629747,-2.7736905497497357,6.997531923674637
Random799
Raw:-25.79876614607165,-19.625532196524446,-13.636582010532761,9.756217181436574,-14.964007370996535,25.046497932158516,-13.532649723398576,-17.615877205629747,-2.773690549749734,6.997531923674634
EFT:-25.79876614607165,-19.62553219652444,-13.636582010532758,9.756217181436574,-14.964007370996525,25.046497932158516,-13.532649723398578,-17.615877205629747,-2.7736905497497357,6.997531923674637
Random800
Raw:-25.798766146071642,-19.625532196524432,-13.636582010532747,9.756217181436574,-14.964007370996526,25.046497932158513,-13.532649723398576,-17.61587720562974,-2.7736905497497353,6.997531923674634
EFT:-25.79876614607165,-19.62553219652444,-13.636582010532758,9.756217181436574,-14.964007370996525,25.046497932158516,-13.532649723398578,-17.615877205629747,-2.7736905497497357,6.997531923674637
Random801
Raw:-25.798766146071653,-19.62553219652444,-13.636582010532758,9.75621718143657,-14.964007370996532,25.046497932158516,-13.53264972339857,-17.61587720562975,-2.7736905497497335,6.997531923674635
EFT:-25.79876614607165,-19.62553219652444,-13.636582010532758,9.756217181436574,-14.964007370996525,25.046497932158516,-13.532649723398578,-17.615877205629747,-2.7736905497497357,6.997531923674636
Random802
Raw:-25.798766146071653,-19.625532196524432,-13.636582010532756,9.756217181436574,-14.964007370996526,25.046497932158513,-13.532649723398565,-17.61587720562975,-2.7736905497497357,6.997531923674634
EFT:-25.79876614607165,-19.62553219652444,-13.636582010532758,9.756217181436574,-14.964007370996525,25.046497932158513,-13.532649723398578,-17.615877205629747,-2.7736905497497357,6.997531923674637
Random803
Raw:-25.798766146071653,-19.625532196524443,-13.636582010532763,9.75621718143657,-14.964007370996534,25.04649793215852,-13.53264972339858,-17.615877205629744,-2.773690549749734,6.9975319236746385
EFT:-25.79876614607165,-19.62553219652444,-13.636582010532758,9.756217181436574,-14.964007370996525,25.046497932158516,-13.532649723398578,-17.615877205629747,-2.7736905497497353,6.997531923674637
Random804
Raw:-25.79876614607165,-19.62553219652444,-13.636582010532754,9.756217181436575,-14.964007370996528,25.046497932158513,-13.532649723398574,-17.615877205629747,-2.773690549749733,6.997531923674635
EFT:-25.79876614607165,-19.62553219652444,-13.636582010532758,9.756217181436574,-14.964007370996525,25.046497932158516,-13.532649723398578,-17.615877205629747,-2.7736905497497353,6.997531923674637
Random805
Raw:-25.798766146071642,-19.625532196524446,-13.636582010532752,9.756217181436572,-14.96400737099653,25.046497932158513,-13.532649723398569,-17.615877205629744,-2.773690549749728,6.997531923674633
EFT:-25.79876614607165,-19.62553219652444,-13.636582010532758,9.756217181436574,-14.964007370996525,25.046497932158516,-13.532649723398578,-17.615877205629747,-2.7736905497497353,6.997531923674637
Random806
Raw:-25.798766146071657,-19.625532196524443,-13.636582010532754,9.756217181436574,-14.964007370996523,25.046497932158516,-13.532649723398572,-17.61587720562975,-2.7736905497497295,6.997531923674639
EFT:-25.79876614607165,-19.62553219652444,-13.636582010532758,9.756217181436574,-14.964007370996525,25.046497932158516,-13.532649723398578,-17.615877205629747,-2.7736905497497353,6.997531923674636
Random807
Raw:-25.798766146071642,-19.62553219652444,-13.636582010532756,9.756217181436574,-14.964007370996526,25.046497932158513,-13.532649723398578,-17.615877205629744,-2.7736905497497313,6.997531923674633
EFT:-25.79876614607165,-19.62553219652444,-13.636582010532758,9.756217181436574,-14.964007370996525,25.046497932158516,-13.532649723398578,-17.615877205629747,-2.7736905497497353,6.997531923674637
Random808
Raw:-25.798766146071653,-19.625532196524436,-13.636582010532758,9.756217181436572,-14.964007370996526,25.046497932158516,-13.532649723398572,-17.615877205629744,-2.7736905497497357,6.997531923674638
EFT:-25.79876614607165,-19.62553219652444,-13.636582010532758,9.756217181436574,-14.964007370996525,25.046497932158516,-13.532649723398578,-17.615877205629747,-2.7736905497497353,6.997531923674637
Random809
Raw:-25.79876614607165,-19.625532196524446,-13.636582010532754,9.756217181436575,-14.964007370996534,25.046497932158523,-13.532649723398576,-17.615877205629747,-2.7736905497497277,6.997531923674635
EFT:-25.79876614607165,-19.62553219652444,-13.636582010532758,9.756217181436574,-14.964007370996525,25.046497932158516,-13.532649723398578,-17.615877205629747,-2.7736905497497353,6.997531923674637
Random810
Raw:-25.798766146071642,-19.625532196524436,-13.636582010532752,9.756217181436574,-14.964007370996521,25.046497932158513,-13.53264972339857,-17.615877205629744,-2.7736905497497313,6.997531923674631
EFT:-25.79876614607165,-19.62553219652444,-13.636582010532758,9.756217181436574,-14.964007370996525,25.046497932158516,-13.532649723398578,-17.615877205629747,-2.7736905497497357,6.997531923674637
Random811
Raw:-25.798766146071646,-19.62553219652443,-13.636582010532756,9.75621718143657,-14.96400737099653,25.046497932158506,-13.532649723398574,-17.615877205629744,-2.7736905497497397,6.997531923674633
EFT:-25.79876614607165,-19.62553219652444,-13.636582010532758,9.756217181436574,-14.964007370996525,25.046497932158516,-13.532649723398578,-17.615877205629747,-2.7736905497497353,6.997531923674637
Random812
Raw:-25.798766146071642,-19.62553219652444,-13.636582010532752,9.75621718143657,-14.964007370996528,25.046497932158513,-13.53264972339857,-17.615877205629737,-2.7736905497497366,6.997531923674637
EFT:-25.79876614607165,-19.62553219652444,-13.636582010532758,9.756217181436574,-14.964007370996525,25.046497932158516,-13.532649723398578,-17.615877205629747,-2.7736905497497357,6.997531923674637
Random813
Raw:-25.798766146071646,-19.625532196524436,-13.63658201053275,9.756217181436574,-14.964007370996532,25.046497932158506,-13.53264972339857,-17.615877205629744,-2.7736905497497357,6.997531923674634
EFT:-25.79876614607165,-19.62553219652444,-13.636582010532758,9.756217181436574,-14.964007370996525,25.046497932158516,-13.532649723398578,-17.615877205629747,-2.7736905497497357,6.997531923674636
Random814
Raw:-25.798766146071646,-19.625532196524443,-13.636582010532754,9.756217181436577,-14.96400737099653,25.046497932158516,-13.532649723398565,-17.615877205629744,-2.773690549749733,6.997531923674632
EFT:-25.79876614607165,-19.62553219652444,-13.636582010532758,9.756217181436574,-14.964007370996525,25.046497932158516,-13.532649723398578,-17.615877205629747,-2.7736905497497353,6.997531923674636
Random815
Raw:-25.79876614607165,-19.625532196524443,-13.636582010532758,9.756217181436568,-14.964007370996525,25.046497932158516,-13.532649723398574,-17.61587720562975,-2.7736905497497375,6.997531923674634
EFT:-25.79876614607165,-19.62553219652444,-13.636582010532758,9.756217181436574,-14.964007370996525,25.046497932158516,-13.532649723398578,-17.615877205629747,-2.7736905497497353,6.997531923674636
Random816
Raw:-25.798766146071653,-19.625532196524443,-13.636582010532752,9.756217181436574,-14.964007370996539,25.046497932158513,-13.532649723398572,-17.615877205629747,-2.7736905497497313,6.997531923674633
EFT:-25.79876614607165,-19.62553219652444,-13.636582010532758,9.756217181436574,-14.964007370996525,25.046497932158516,-13.532649723398578,-17.615877205629747,-2.7736905497497357,6.997531923674636
Random817
Raw:-25.798766146071646,-19.625532196524436,-13.636582010532758,9.756217181436572,-14.964007370996521,25.046497932158513,-13.532649723398574,-17.615877205629744,-2.7736905497497295,6.997531923674638
EFT:-25.79876614607165,-19.62553219652444,-13.636582010532758,9.756217181436574,-14.964007370996525,25.046497932158513,-13.532649723398578,-17.615877205629747,-2.7736905497497357,6.997531923674637
Random818
Raw:-25.79876614607165,-19.625532196524436,-13.63658201053275,9.756217181436574,-14.964007370996526,25.046497932158516,-13.532649723398572,-17.615877205629747,-2.773690549749735,6.997531923674633
EFT:-25.79876614607165,-19.62553219652444,-13.636582010532758,9.756217181436574,-14.964007370996525,25.046497932158516,-13.532649723398578,-17.615877205629747,-2.7736905497497353,6.997531923674636
Random819
Raw:-25.798766146071646,-19.625532196524443,-13.636582010532756,9.756217181436577,-14.964007370996523,25.046497932158516,-13.53264972339858,-17.615877205629747,-2.7736905497497304,6.997531923674638
EFT:-25.79876614607165,-19.62553219652444,-13.636582010532758,9.756217181436574,-14.964007370996525,25.046497932158516,-13.532649723398578,-17.615877205629747,-2.7736905497497353,6.997531923674637
Random820
Raw:-25.798766146071653,-19.62553219652444,-13.63658201053276,9.756217181436575,-14.96400737099653,25.046497932158516,-13.53264972339857,-17.61587720562975,-2.7736905497497366,6.997531923674632
EFT:-25.79876614607165,-19.62553219652444,-13.636582010532758,9.756217181436574,-14.964007370996525,25.046497932158516,-13.532649723398578,-17.615877205629747,-2.7736905497497353,6.997531923674637
Random821
Raw:-25.79876614607165,-19.625532196524443,-13.636582010532758,9.756217181436574,-14.964007370996528,25.046497932158523,-13.53264972339857,-17.615877205629744,-2.7736905497497326,6.9975319236746385
EFT:-25.79876614607165,-19.62553219652444,-13.636582010532758,9.756217181436574,-14.964007370996525,25.046497932158516,-13.532649723398578,-17.615877205629747,-2.7736905497497353,6.997531923674637
Random822
Raw:-25.79876614607165,-19.62553219652444,-13.636582010532754,9.756217181436575,-14.964007370996528,25.046497932158513,-13.532649723398574,-17.615877205629744,-2.7736905497497384,6.997531923674634
EFT:-25.79876614607165,-19.62553219652444,-13.636582010532758,9.756217181436574,-14.964007370996525,25.046497932158516,-13.532649723398578,-17.615877205629747,-2.7736905497497353,6.997531923674636
Random823
Raw:-25.79876614607165,-19.625532196524443,-13.636582010532747,9.75621718143657,-14.964007370996525,25.04649793215851,-13.532649723398578,-17.61587720562974,-2.773690549749734,6.997531923674637
EFT:-25.79876614607165,-19.62553219652444,-13.636582010532758,9.756217181436574,-14.964007370996525,25.046497932158516,-13.532649723398578,-17.615877205629747,-2.7736905497497357,6.997531923674636
Random824
Raw:-25.79876614607165,-19.625532196524436,-13.636582010532752,9.756217181436575,-14.964007370996526,25.04649793215851,-13.532649723398574,-17.615877205629747,-2.7736905497497357,6.997531923674638
EFT:-25.79876614607165,-19.62553219652444,-13.636582010532758,9.756217181436574,-14.964007370996525,25.046497932158516,-13.532649723398578,-17.615877205629747,-2.7736905497497357,6.997531923674637
Random825
Raw:-25.798766146071642,-19.625532196524443,-13.636582010532754,9.756217181436572,-14.964007370996528,25.046497932158516,-13.53264972339857,-17.61587720562974,-2.773690549749736,6.997531923674635
EFT:-25.79876614607165,-19.62553219652444,-13.636582010532758,9.756217181436574,-14.964007370996525,25.046497932158516,-13.532649723398578,-17.615877205629747,-2.7736905497497353,6.997531923674636
Random826
Raw:-25.79876614607165,-19.625532196524436,-13.636582010532756,9.756217181436574,-14.964007370996525,25.046497932158516,-13.53264972339858,-17.615877205629744,-2.773690549749732,6.997531923674637
EFT:-25.79876614607165,-19.62553219652444,-13.636582010532758,9.756217181436574,-14.964007370996525,25.046497932158516,-13.532649723398578,-17.615877205629747,-2.7736905497497353,6.997531923674636
Random827
Raw:-25.798766146071646,-19.625532196524443,-13.636582010532756,9.75621718143658,-14.96400737099653,25.046497932158516,-13.532649723398578,-17.615877205629747,-2.773690549749733,6.997531923674636
EFT:-25.79876614607165,-19.62553219652444,-13.636582010532758,9.756217181436574,-14.964007370996525,25.046497932158516,-13.532649723398578,-17.615877205629747,-2.7736905497497353,6.997531923674637
Random828
Raw:-25.79876614607165,-19.625532196524432,-13.636582010532754,9.756217181436572,-14.96400737099653,25.046497932158516,-13.532649723398574,-17.615877205629744,-2.77369054974974,6.997531923674636
EFT:-25.79876614607165,-19.62553219652444,-13.636582010532758,9.756217181436574,-14.964007370996525,25.046497932158516,-13.532649723398578,-17.615877205629747,-2.7736905497497353,6.997531923674636
Random829
Raw:-25.79876614607164,-19.62553219652445,-13.636582010532756,9.756217181436577,-14.96400737099653,25.04649793215852,-13.532649723398569,-17.615877205629754,-2.7736905497497277,6.997531923674634
EFT:-25.79876614607165,-19.62553219652444,-13.636582010532758,9.756217181436574,-14.964007370996525,25.046497932158516,-13.532649723398578,-17.615877205629747,-2.7736905497497353,6.997531923674636
Random830
Raw:-25.798766146071646,-19.625532196524446,-13.636582010532754,9.756217181436575,-14.964007370996526,25.046497932158516,-13.532649723398569,-17.615877205629744,-2.773690549749734,6.997531923674639
EFT:-25.79876614607165,-19.62553219652444,-13.636582010532758,9.756217181436574,-14.964007370996525,25.046497932158516,-13.532649723398578,-17.615877205629747,-2.7736905497497353,6.997531923674636
Random831
Raw:-25.798766146071653,-19.62553219652444,-13.636582010532754,9.756217181436575,-14.964007370996525,25.04649793215852,-13.53264972339858,-17.615877205629754,-2.773690549749735,6.997531923674637
EFT:-25.79876614607165,-19.62553219652444,-13.636582010532758,9.756217181436574,-14.964007370996525,25.046497932158516,-13.532649723398578,-17.615877205629747,-2.7736905497497357,6.997531923674636
Random832
Raw:-25.798766146071653,-19.625532196524443,-13.636582010532756,9.756217181436572,-14.96400737099652,25.046497932158523,-13.532649723398576,-17.615877205629744,-2.773690549749735,6.997531923674635
EFT:-25.79876614607165,-19.62553219652444,-13.636582010532758,9.756217181436574,-14.964007370996525,25.046497932158516,-13.532649723398578,-17.615877205629747,-2.7736905497497357,6.997531923674636
Random833
Raw:-25.798766146071646,-19.625532196524436,-13.636582010532754,9.756217181436575,-14.964007370996523,25.046497932158516,-13.532649723398576,-17.615877205629744,-2.773690549749737,6.99753192367464
EFT:-25.79876614607165,-19.62553219652444,-13.636582010532758,9.756217181436574,-14.964007370996525,25.046497932158516,-13.532649723398578,-17.615877205629747,-2.7736905497497357,6.997531923674636
Random834
Raw:-25.79876614607165,-19.62553219652444,-13.63658201053275,9.75621718143657,-14.96400737099653,25.046497932158513,-13.532649723398578,-17.615877205629744,-2.773690549749733,6.997531923674633
EFT:-25.79876614607165,-19.62553219652444,-13.636582010532758,9.756217181436574,-14.964007370996525,25.046497932158516,-13.532649723398578,-17.615877205629747,-2.7736905497497353,6.997531923674637
Random835
Raw:-25.79876614607165,-19.625532196524443,-13.636582010532754,9.75621718143657,-14.964007370996518,25.046497932158513,-13.532649723398576,-17.615877205629747,-2.7736905497497366,6.99753192367464
EFT:-25.79876614607165,-19.62553219652444,-13.636582010532758,9.756217181436574,-14.964007370996525,25.046497932158516,-13.532649723398578,-17.615877205629747,-2.7736905497497357,6.997531923674637
Random836
Raw:-25.798766146071653,-19.625532196524446,-13.636582010532752,9.756217181436574,-14.964007370996518,25.046497932158516,-13.532649723398574,-17.61587720562975,-2.7736905497497393,6.997531923674635
EFT:-25.79876614607165,-19.62553219652444,-13.636582010532758,9.756217181436574,-14.964007370996525,25.046497932158516,-13.532649723398578,-17.615877205629747,-2.7736905497497353,6.997531923674636
Random837
Raw:-25.798766146071646,-19.625532196524443,-13.636582010532752,9.75621718143657,-14.964007370996534,25.04649793215851,-13.532649723398572,-17.61587720562975,-2.773690549749735,6.997531923674636
EFT:-25.79876614607165,-19.62553219652444,-13.636582010532758,9.756217181436574,-14.964007370996525,25.046497932158516,-13.532649723398578,-17.615877205629747,-2.7736905497497353,6.997531923674637
Random838
Raw:-25.798766146071642,-19.62553219652444,-13.63658201053275,9.756217181436575,-14.964007370996534,25.046497932158516,-13.532649723398572,-17.615877205629747,-2.7736905497497366,6.997531923674638
EFT:-25.79876614607165,-19.62553219652444,-13.636582010532758,9.756217181436574,-14.964007370996525,25.046497932158516,-13.532649723398578,-17.615877205629747,-2.7736905497497353,6.997531923674637
Random839
Raw:-25.798766146071635,-19.62553219652444,-13.636582010532752,9.756217181436572,-14.964007370996532,25.046497932158506,-13.532649723398569,-17.615877205629744,-2.773690549749732,6.997531923674634
EFT:-25.79876614607165,-19.62553219652444,-13.636582010532758,9.756217181436574,-14.964007370996525,25.046497932158516,-13.532649723398578,-17.615877205629747,-2.7736905497497353,6.997531923674637
Random840
Raw:-25.798766146071646,-19.62553219652444,-13.636582010532752,9.756217181436572,-14.964007370996525,25.046497932158513,-13.532649723398572,-17.61587720562975,-2.7736905497497344,6.997531923674638
EFT:-25.79876614607165,-19.62553219652444,-13.636582010532758,9.756217181436574,-14.964007370996525,25.046497932158516,-13.532649723398578,-17.615877205629747,-2.7736905497497353,6.997531923674636
Random841
Raw:-25.798766146071653,-19.62553219652444,-13.636582010532754,9.756217181436574,-14.964007370996528,25.046497932158513,-13.532649723398574,-17.615877205629744,-2.773690549749735,6.997531923674632
EFT:-25.79876614607165,-19.62553219652444,-13.636582010532758,9.756217181436574,-14.964007370996525,25.046497932158516,-13.532649723398578,-17.615877205629747,-2.7736905497497357,6.997531923674636
Random842
Raw:-25.798766146071653,-19.62553219652444,-13.636582010532754,9.756217181436572,-14.964007370996526,25.04649793215852,-13.532649723398587,-17.615877205629754,-2.773690549749737,6.997531923674639
EFT:-25.79876614607165,-19.62553219652444,-13.636582010532758,9.756217181436574,-14.964007370996525,25.046497932158516,-13.532649723398578,-17.615877205629747,-2.7736905497497357,6.997531923674637
Random843
Raw:-25.79876614607165,-19.62553219652444,-13.636582010532758,9.756217181436572,-14.964007370996525,25.04649793215852,-13.532649723398574,-17.615877205629747,-2.773690549749737,6.997531923674639
EFT:-25.79876614607165,-19.62553219652444,-13.636582010532758,9.756217181436574,-14.964007370996525,25.046497932158516,-13.532649723398578,-17.615877205629747,-2.7736905497497357,6.997531923674636
Random844
Raw:-25.798766146071653,-19.625532196524443,-13.636582010532756,9.756217181436579,-14.964007370996535,25.046497932158516,-13.532649723398585,-17.61587720562975,-2.773690549749747,6.997531923674638
EFT:-25.79876614607165,-19.62553219652444,-13.636582010532758,9.756217181436574,-14.964007370996525,25.046497932158516,-13.532649723398578,-17.615877205629747,-2.7736905497497357,6.997531923674636
Random845
Raw:-25.79876614607165,-19.625532196524443,-13.636582010532738,9.75621718143658,-14.964007370996525,25.046497932158506,-13.532649723398576,-17.615877205629747,-2.7736905497497286,6.997531923674631
EFT:-25.79876614607165,-19.62553219652444,-13.636582010532758,9.756217181436574,-14.964007370996525,25.046497932158516,-13.532649723398578,-17.615877205629747,-2.7736905497497353,6.997531923674636
Random846
Raw:-25.798766146071646,-19.625532196524443,-13.636582010532756,9.75621718143657,-14.964007370996525,25.046497932158516,-13.532649723398569,-17.615877205629744,-2.7736905497497264,6.997531923674633
EFT:-25.79876614607165,-19.62553219652444,-13.636582010532758,9.756217181436574,-14.964007370996525,25.046497932158513,-13.532649723398578,-17.615877205629747,-2.7736905497497357,6.997531923674637
Random847
Raw:-25.798766146071646,-19.625532196524436,-13.636582010532756,9.756217181436575,-14.964007370996514,25.04649793215851,-13.532649723398576,-17.615877205629744,-2.773690549749737,6.997531923674634
EFT:-25.79876614607165,-19.62553219652444,-13.636582010532758,9.756217181436574,-14.964007370996525,25.046497932158516,-13.532649723398578,-17.615877205629747,-2.7736905497497353,6.997531923674637
Random848
Raw:-25.798766146071646,-19.625532196524443,-13.636582010532752,9.756217181436574,-14.964007370996532,25.04649793215852,-13.532649723398576,-17.615877205629747,-2.7736905497497366,6.997531923674634
EFT:-25.79876614607165,-19.62553219652444,-13.636582010532758,9.756217181436574,-14.964007370996525,25.046497932158516,-13.532649723398578,-17.615877205629747,-2.7736905497497357,6.997531923674637
Random849
Raw:-25.79876614607165,-19.62553219652444,-13.63658201053276,9.756217181436572,-14.964007370996534,25.046497932158516,-13.532649723398578,-17.61587720562974,-2.7736905497497366,6.997531923674637
EFT:-25.79876614607165,-19.62553219652444,-13.636582010532758,9.756217181436574,-14.964007370996525,25.046497932158516,-13.532649723398578,-17.615877205629747,-2.7736905497497353,6.997531923674636
Random850
Raw:-25.79876614607165,-19.62553219652444,-13.636582010532752,9.756217181436574,-14.964007370996537,25.04649793215851,-13.532649723398572,-17.615877205629747,-2.773690549749732,6.99753192367463
EFT:-25.79876614607165,-19.62553219652444,-13.636582010532758,9.756217181436574,-14.964007370996525,25.046497932158516,-13.532649723398578,-17.615877205629747,-2.7736905497497353,6.997531923674636
Random851
Raw:-25.79876614607166,-19.62553219652444,-13.636582010532754,9.756217181436577,-14.964007370996535,25.046497932158527,-13.53264972339857,-17.615877205629747,-2.7736905497497357,6.997531923674633
EFT:-25.79876614607165,-19.62553219652444,-13.636582010532758,9.756217181436574,-14.964007370996525,25.046497932158516,-13.532649723398578,-17.615877205629747,-2.7736905497497353,6.997531923674637
Random852
Raw:-25.79876614607165,-19.625532196524443,-13.636582010532756,9.75621718143657,-14.964007370996526,25.046497932158513,-13.532649723398574,-17.615877205629747,-2.773690549749736,6.9975319236746385
EFT:-25.79876614607165,-19.62553219652444,-13.636582010532758,9.756217181436574,-14.964007370996525,25.046497932158516,-13.532649723398578,-17.615877205629747,-2.7736905497497357,6.997531923674637
Random853
Raw:-25.798766146071646,-19.625532196524432,-13.636582010532761,9.756217181436575,-14.964007370996526,25.046497932158516,-13.532649723398578,-17.61587720562975,-2.7736905497497384,6.9975319236746385
EFT:-25.79876614607165,-19.62553219652444,-13.636582010532758,9.756217181436574,-14.964007370996525,25.046497932158516,-13.532649723398578,-17.615877205629747,-2.7736905497497353,6.997531923674636
Random854
Raw:-25.798766146071642,-19.625532196524443,-13.636582010532756,9.756217181436574,-14.96400737099653,25.04649793215852,-13.532649723398565,-17.61587720562975,-2.7736905497497344,6.997531923674633
EFT:-25.79876614607165,-19.62553219652444,-13.636582010532758,9.756217181436574,-14.964007370996525,25.046497932158516,-13.532649723398578,-17.615877205629747,-2.7736905497497353,6.997531923674637
Random855
Raw:-25.79876614607165,-19.62553219652444,-13.636582010532758,9.756217181436574,-14.964007370996526,25.04649793215852,-13.532649723398574,-17.61587720562975,-2.773690549749737,6.997531923674639
EFT:-25.79876614607165,-19.62553219652444,-13.636582010532758,9.756217181436574,-14.964007370996525,25.046497932158516,-13.532649723398578,-17.615877205629747,-2.7736905497497357,6.997531923674637
Random856
Raw:-25.79876614607165,-19.625532196524436,-13.636582010532752,9.756217181436574,-14.96400737099653,25.046497932158516,-13.532649723398574,-17.615877205629744,-2.7736905497497344,6.997531923674633
EFT:-25.79876614607165,-19.62553219652444,-13.636582010532758,9.756217181436574,-14.964007370996525,25.046497932158516,-13.532649723398578,-17.615877205629747,-2.7736905497497353,6.997531923674636
Random857
Raw:-25.79876614607165,-19.62553219652444,-13.63658201053276,9.756217181436572,-14.964007370996523,25.046497932158513,-13.532649723398574,-17.615877205629744,-2.7736905497497326,6.997531923674637
EFT:-25.79876614607165,-19.62553219652444,-13.636582010532758,9.756217181436574,-14.964007370996525,25.046497932158516,-13.532649723398578,-17.615877205629747,-2.7736905497497357,6.997531923674637
Random858
Raw:-25.79876614607165,-19.625532196524425,-13.636582010532758,9.75621718143657,-14.964007370996528,25.046497932158513,-13.532649723398572,-17.61587720562974,-2.7736905497497384,6.997531923674634
EFT:-25.79876614607165,-19.62553219652444,-13.636582010532758,9.756217181436574,-14.964007370996525,25.046497932158516,-13.532649723398578,-17.615877205629747,-2.7736905497497357,6.997531923674636
Random859
Raw:-25.798766146071653,-19.625532196524436,-13.636582010532756,9.756217181436572,-14.96400737099652,25.04649793215851,-13.53264972339857,-17.61587720562974,-2.7736905497497313,6.997531923674631
EFT:-25.79876614607165,-19.62553219652444,-13.636582010532758,9.756217181436574,-14.964007370996525,25.046497932158516,-13.532649723398578,-17.615877205629747,-2.7736905497497357,6.997531923674637
Random860
Raw:-25.798766146071657,-19.625532196524443,-13.636582010532758,9.756217181436577,-14.964007370996521,25.046497932158516,-13.532649723398572,-17.615877205629747,-2.773690549749731,6.997531923674635
EFT:-25.79876614607165,-19.62553219652444,-13.636582010532758,9.756217181436574,-14.964007370996525,25.046497932158516,-13.532649723398578,-17.615877205629747,-2.7736905497497357,6.997531923674636
Random861
Raw:-25.79876614607165,-19.625532196524446,-13.636582010532754,9.756217181436568,-14.964007370996523,25.04649793215852,-13.532649723398567,-17.615877205629747,-2.7736905497497357,6.997531923674632
EFT:-25.79876614607165,-19.62553219652444,-13.636582010532758,9.756217181436574,-14.964007370996525,25.046497932158513,-13.532649723398578,-17.615877205629747,-2.7736905497497357,6.997531923674637
Random862
Raw:-25.798766146071653,-19.62553219652444,-13.636582010532763,9.756217181436572,-14.964007370996523,25.046497932158523,-13.532649723398576,-17.615877205629744,-2.7736905497497375,6.997531923674636
EFT:-25.79876614607165,-19.62553219652444,-13.636582010532758,9.756217181436574,-14.964007370996525,25.046497932158516,-13.532649723398578,-17.615877205629747,-2.7736905497497353,6.997531923674637
Random863
Raw:-25.798766146071657,-19.62553219652444,-13.636582010532754,9.75621718143657,-14.964007370996521,25.04649793215851,-13.53264972339858,-17.615877205629747,-2.7736905497497384,6.997531923674638
EFT:-25.79876614607165,-19.62553219652444,-13.636582010532758,9.756217181436574,-14.964007370996525,25.046497932158516,-13.532649723398578,-17.615877205629747,-2.7736905497497353,6.997531923674637
Random864
Raw:-25.798766146071653,-19.62553219652444,-13.636582010532763,9.756217181436572,-14.964007370996526,25.046497932158516,-13.532649723398574,-17.615877205629747,-2.773690549749735,6.997531923674637
EFT:-25.79876614607165,-19.62553219652444,-13.636582010532758,9.756217181436574,-14.964007370996525,25.046497932158513,-13.532649723398578,-17.615877205629747,-2.7736905497497357,6.997531923674637
Random865
Raw:-25.798766146071653,-19.62553219652444,-13.636582010532754,9.756217181436575,-14.964007370996532,25.046497932158523,-13.532649723398569,-17.615877205629747,-2.7736905497497317,6.997531923674634
EFT:-25.79876614607165,-19.62553219652444,-13.636582010532758,9.756217181436574,-14.964007370996525,25.046497932158516,-13.532649723398578,-17.615877205629747,-2.7736905497497353,6.997531923674636
Random866
Raw:-25.798766146071642,-19.625532196524443,-13.63658201053275,9.75621718143658,-14.964007370996532,25.046497932158516,-13.53264972339858,-17.615877205629747,-2.773690549749734,6.997531923674636
EFT:-25.79876614607165,-19.62553219652444,-13.636582010532758,9.756217181436574,-14.964007370996525,25.046497932158516,-13.532649723398578,-17.615877205629747,-2.7736905497497353,6.997531923674636
Random867
Raw:-25.798766146071653,-19.62553219652444,-13.636582010532758,9.756217181436575,-14.964007370996525,25.04649793215851,-13.53264972339858,-17.615877205629747,-2.7736905497497357,6.997531923674635
EFT:-25.79876614607165,-19.62553219652444,-13.636582010532758,9.756217181436574,-14.964007370996525,25.046497932158516,-13.532649723398578,-17.615877205629747,-2.7736905497497357,6.997531923674637
Random868
Raw:-25.79876614607165,-19.62553219652444,-13.636582010532756,9.756217181436577,-14.96400737099653,25.04649793215852,-13.532649723398574,-17.615877205629744,-2.773690549749735,6.997531923674632
EFT:-25.79876614607165,-19.62553219652444,-13.636582010532758,9.756217181436574,-14.964007370996525,25.046497932158516,-13.532649723398578,-17.615877205629747,-2.7736905497497353,6.997531923674637
Random869
Raw:-25.79876614607165,-19.62553219652444,-13.63658201053276,9.756217181436574,-14.964007370996521,25.046497932158513,-13.53264972339858,-17.615877205629747,-2.7736905497497353,6.99753192367464
EFT:-25.79876614607165,-19.62553219652444,-13.636582010532758,9.756217181436574,-14.964007370996525,25.046497932158516,-13.532649723398578,-17.615877205629747,-2.7736905497497357,6.997531923674636
Random870
Raw:-25.79876614607164,-19.62553219652445,-13.636582010532754,9.756217181436567,-14.964007370996528,25.046497932158523,-13.532649723398574,-17.615877205629744,-2.773690549749739,6.99753192367464
EFT:-25.79876614607165,-19.62553219652444,-13.636582010532758,9.756217181436574,-14.964007370996525,25.046497932158516,-13.532649723398578,-17.615877205629747,-2.7736905497497357,6.997531923674636
Random871
Raw:-25.79876614607166,-19.625532196524436,-13.636582010532761,9.756217181436568,-14.964007370996528,25.046497932158516,-13.532649723398576,-17.61587720562974,-2.773690549749735,6.9975319236746385
EFT:-25.79876614607165,-19.62553219652444,-13.636582010532758,9.756217181436574,-14.964007370996525,25.046497932158516,-13.532649723398578,-17.615877205629747,-2.7736905497497357,6.997531923674636
Random872
Raw:-25.798766146071646,-19.62553219652444,-13.63658201053276,9.756217181436575,-14.964007370996526,25.04649793215851,-13.532649723398574,-17.61587720562974,-2.7736905497497415,6.997531923674635
EFT:-25.79876614607165,-19.62553219652444,-13.636582010532758,9.756217181436574,-14.964007370996525,25.046497932158516,-13.532649723398578,-17.615877205629747,-2.7736905497497353,6.997531923674637
Random873
Raw:-25.79876614607165,-19.625532196524443,-13.636582010532756,9.756217181436574,-14.964007370996525,25.04649793215852,-13.532649723398567,-17.61587720562975,-2.7736905497497295,6.997531923674631
EFT:-25.79876614607165,-19.62553219652444,-13.636582010532758,9.756217181436574,-14.964007370996525,25.046497932158516,-13.532649723398578,-17.615877205629747,-2.7736905497497357,6.997531923674636
Random874
Raw:-25.798766146071657,-19.625532196524443,-13.636582010532752,9.756217181436577,-14.96400737099653,25.04649793215851,-13.532649723398574,-17.615877205629747,-2.773690549749734,6.997531923674634
EFT:-25.79876614607165,-19.62553219652444,-13.636582010532758,9.756217181436574,-14.964007370996525,25.046497932158513,-13.532649723398578,-17.615877205629747,-2.7736905497497357,6.997531923674637
Random875
Raw:-25.798766146071646,-19.625532196524443,-13.636582010532756,9.756217181436577,-14.964007370996528,25.046497932158516,-13.532649723398576,-17.615877205629747,-2.7736905497497335,6.997531923674637
EFT:-25.79876614607165,-19.62553219652444,-13.636582010532758,9.756217181436574,-14.964007370996525,25.046497932158516,-13.532649723398578,-17.615877205629747,-2.7736905497497353,6.997531923674637
Random876
Raw:-25.798766146071646,-19.62553219652444,-13.636582010532754,9.756217181436574,-14.964007370996525,25.046497932158513,-13.532649723398578,-17.61587720562974,-2.7736905497497344,6.997531923674639
EFT:-25.79876614607165,-19.62553219652444,-13.636582010532758,9.756217181436574,-14.964007370996525,25.046497932158516,-13.532649723398578,-17.615877205629747,-2.7736905497497357,6.997531923674636
Random877
Raw:-25.798766146071646,-19.625532196524443,-13.636582010532756,9.756217181436572,-14.964007370996532,25.046497932158513,-13.532649723398572,-17.615877205629744,-2.7736905497497384,6.997531923674634
EFT:-25.79876614607165,-19.62553219652444,-13.636582010532758,9.756217181436574,-14.964007370996525,25.046497932158516,-13.532649723398578,-17.615877205629747,-2.7736905497497357,6.997531923674636
Random878
Raw:-25.798766146071653,-19.625532196524436,-13.63658201053276,9.756217181436575,-14.964007370996537,25.04649793215852,-13.532649723398572,-17.61587720562975,-2.7736905497497344,6.997531923674631
EFT:-25.79876614607165,-19.62553219652444,-13.636582010532758,9.756217181436574,-14.964007370996525,25.046497932158516,-13.532649723398578,-17.615877205629747,-2.7736905497497357,6.997531923674636
Random879
Raw:-25.79876614607165,-19.625532196524446,-13.636582010532752,9.756217181436572,-14.964007370996532,25.04649793215852,-13.532649723398574,-17.61587720562975,-2.7736905497497295,6.997531923674638
EFT:-25.79876614607165,-19.62553219652444,-13.636582010532758,9.756217181436574,-14.964007370996525,25.046497932158516,-13.532649723398578,-17.615877205629747,-2.7736905497497357,6.997531923674636
Random880
Raw:-25.798766146071646,-19.62553219652444,-13.63658201053275,9.756217181436577,-14.964007370996528,25.046497932158506,-13.532649723398574,-17.615877205629747,-2.7736905497497335,6.997531923674633
EFT:-25.79876614607165,-19.62553219652444,-13.636582010532758,9.756217181436574,-14.964007370996525,25.046497932158513,-13.532649723398578,-17.615877205629747,-2.7736905497497357,6.997531923674637
Random881
Raw:-25.798766146071653,-19.625532196524446,-13.636582010532754,9.756217181436574,-14.964007370996526,25.046497932158513,-13.532649723398576,-17.615877205629747,-2.7736905497497357,6.997531923674637
EFT:-25.79876614607165,-19.62553219652444,-13.636582010532758,9.756217181436574,-14.964007370996525,25.046497932158516,-13.532649723398578,-17.615877205629747,-2.7736905497497353,6.997531923674637
Random882
Raw:-25.798766146071642,-19.625532196524436,-13.636582010532756,9.756217181436575,-14.964007370996525,25.04649793215851,-13.532649723398574,-17.615877205629747,-2.773690549749735,6.997531923674637
EFT:-25.79876614607165,-19.62553219652444,-13.636582010532758,9.756217181436574,-14.964007370996525,25.046497932158516,-13.532649723398578,-17.615877205629747,-2.7736905497497353,6.997531923674636
Random883
Raw:-25.79876614607166,-19.62553219652443,-13.636582010532758,9.756217181436572,-14.964007370996521,25.046497932158516,-13.532649723398576,-17.615877205629744,-2.7736905497497406,6.997531923674638
EFT:-25.79876614607165,-19.62553219652444,-13.636582010532758,9.756217181436574,-14.964007370996525,25.046497932158516,-13.532649723398578,-17.615877205629747,-2.7736905497497353,6.997531923674636
Random884
Raw:-25.798766146071642,-19.62553219652444,-13.636582010532754,9.75621718143658,-14.964007370996534,25.04649793215851,-13.532649723398581,-17.615877205629747,-2.7736905497497304,6.997531923674635
EFT:-25.79876614607165,-19.62553219652444,-13.636582010532758,9.756217181436574,-14.964007370996525,25.046497932158516,-13.532649723398578,-17.615877205629747,-2.7736905497497353,6.997531923674636
Random885
Raw:-25.79876614607164,-19.625532196524432,-13.63658201053275,9.75621718143657,-14.964007370996523,25.046497932158513,-13.532649723398567,-17.615877205629744,-2.773690549749742,6.997531923674632
EFT:-25.79876614607165,-19.62553219652444,-13.636582010532758,9.756217181436574,-14.964007370996525,25.046497932158516,-13.532649723398578,-17.615877205629747,-2.7736905497497353,6.997531923674637
Random886
Raw:-25.798766146071646,-19.625532196524436,-13.636582010532756,9.756217181436574,-14.964007370996528,25.04649793215851,-13.532649723398574,-17.615877205629747,-2.7736905497497335,6.9975319236746305
EFT:-25.79876614607165,-19.62553219652444,-13.636582010532758,9.756217181436574,-14.964007370996525,25.046497932158513,-13.532649723398578,-17.615877205629747,-2.7736905497497357,6.997531923674637
Random887
Raw:-25.798766146071642,-19.625532196524443,-13.63658201053275,9.756217181436574,-14.964007370996528,25.046497932158516,-13.532649723398578,-17.615877205629747,-2.7736905497497406,6.9975319236746385
EFT:-25.79876614607165,-19.62553219652444,-13.636582010532758,9.756217181436574,-14.964007370996525,25.046497932158516,-13.532649723398578,-17.615877205629747,-2.7736905497497353,6.997531923674637
Random888
Raw:-25.79876614607165,-19.625532196524446,-13.636582010532758,9.756217181436575,-14.964007370996528,25.046497932158527,-13.532649723398578,-17.615877205629758,-2.7736905497497393,6.997531923674638
EFT:-25.79876614607165,-19.62553219652444,-13.636582010532758,9.756217181436574,-14.964007370996525,25.046497932158516,-13.532649723398578,-17.615877205629747,-2.7736905497497357,6.997531923674636
Random889
Raw:-25.798766146071642,-19.62553219652444,-13.636582010532752,9.756217181436574,-14.964007370996528,25.046497932158506,-13.532649723398563,-17.61587720562974,-2.7736905497497273,6.997531923674631
EFT:-25.79876614607165,-19.62553219652444,-13.636582010532758,9.756217181436574,-14.964007370996525,25.046497932158513,-13.532649723398578,-17.615877205629747,-2.7736905497497357,6.997531923674637
Random890
Raw:-25.798766146071657,-19.62553219652444,-13.636582010532758,9.756217181436579,-14.964007370996523,25.046497932158516,-13.532649723398576,-17.615877205629747,-2.7736905497497366,6.9975319236746385
EFT:-25.79876614607165,-19.62553219652444,-13.636582010532758,9.756217181436574,-14.964007370996525,25.046497932158516,-13.532649723398578,-17.615877205629747,-2.7736905497497357,6.997531923674636
Random891
Raw:-25.798766146071642,-19.62553219652444,-13.63658201053275,9.756217181436574,-14.964007370996526,25.046497932158513,-13.532649723398567,-17.615877205629747,-2.77369054974973,6.997531923674632
EFT:-25.79876614607165,-19.62553219652444,-13.636582010532758,9.756217181436574,-14.964007370996525,25.046497932158516,-13.532649723398578,-17.615877205629747,-2.7736905497497357,6.997531923674636
Random892
Raw:-25.79876614607165,-19.625532196524432,-13.636582010532758,9.75621718143657,-14.964007370996525,25.046497932158506,-13.53264972339858,-17.615877205629744,-2.7736905497497326,6.9975319236746385
EFT:-25.79876614607165,-19.62553219652444,-13.636582010532758,9.756217181436574,-14.964007370996525,25.046497932158516,-13.532649723398578,-17.615877205629747,-2.7736905497497353,6.997531923674636
Random893
Raw:-25.798766146071646,-19.62553219652444,-13.636582010532747,9.756217181436574,-14.96400737099653,25.046497932158516,-13.532649723398576,-17.615877205629744,-2.7736905497497304,6.997531923674636
EFT:-25.79876614607165,-19.62553219652444,-13.636582010532758,9.756217181436574,-14.964007370996525,25.046497932158516,-13.532649723398578,-17.615877205629747,-2.7736905497497357,6.997531923674637
Random894
Raw:-25.798766146071646,-19.625532196524443,-13.636582010532752,9.756217181436574,-14.964007370996521,25.046497932158506,-13.532649723398581,-17.615877205629744,-2.773690549749742,6.997531923674639
EFT:-25.79876614607165,-19.62553219652444,-13.636582010532758,9.756217181436574,-14.964007370996525,25.046497932158513,-13.532649723398578,-17.615877205629747,-2.7736905497497357,6.997531923674637
Random895
Raw:-25.798766146071653,-19.625532196524443,-13.636582010532758,9.756217181436574,-14.96400737099652,25.046497932158513,-13.532649723398578,-17.615877205629747,-2.773690549749736,6.99753192367464
EFT:-25.79876614607165,-19.62553219652444,-13.636582010532758,9.756217181436574,-14.964007370996525,25.046497932158516,-13.532649723398578,-17.615877205629747,-2.7736905497497353,6.997531923674636
Random896
Raw:-25.798766146071657,-19.625532196524443,-13.636582010532756,9.756217181436574,-14.964007370996526,25.046497932158513,-13.532649723398572,-17.615877205629744,-2.7736905497497353,6.997531923674639
EFT:-25.79876614607165,-19.62553219652444,-13.636582010532758,9.756217181436574,-14.964007370996525,25.046497932158516,-13.532649723398578,-17.615877205629747,-2.7736905497497357,6.997531923674636
Random897
Raw:-25.79876614607165,-19.625532196524443,-13.636582010532749,9.756217181436577,-14.964007370996532,25.04649793215851,-13.532649723398569,-17.61587720562975,-2.7736905497497335,6.997531923674633
EFT:-25.79876614607165,-19.62553219652444,-13.636582010532758,9.756217181436574,-14.964007370996525,25.046497932158516,-13.532649723398578,-17.615877205629747,-2.7736905497497353,6.997531923674636
Random898
Raw:-25.798766146071642,-19.625532196524446,-13.636582010532752,9.756217181436574,-14.964007370996532,25.046497932158516,-13.532649723398576,-17.615877205629744,-2.773690549749733,6.997531923674637
EFT:-25.79876614607165,-19.62553219652444,-13.636582010532758,9.756217181436574,-14.964007370996525,25.046497932158516,-13.532649723398578,-17.615877205629747,-2.7736905497497357,6.997531923674637
Random899
Raw:-25.798766146071642,-19.625532196524443,-13.636582010532754,9.756217181436575,-14.964007370996521,25.046497932158516,-13.532649723398572,-17.61587720562975,-2.773690549749733,6.997531923674637
EFT:-25.79876614607165,-19.62553219652444,-13.636582010532758,9.756217181436574,-14.964007370996525,25.046497932158516,-13.532649723398578,-17.615877205629747,-2.773690549749735,6.997531923674637
Random900
Raw:-25.79876614607165,-19.625532196524432,-13.636582010532758,9.756217181436575,-14.964007370996532,25.04649793215851,-13.53264972339858,-17.615877205629744,-2.773690549749738,6.997531923674637
EFT:-25.79876614607165,-19.62553219652444,-13.636582010532758,9.756217181436574,-14.964007370996525,25.046497932158516,-13.532649723398578,-17.615877205629747,-2.7736905497497357,6.997531923674636
Random901
Raw:-25.798766146071646,-19.625532196524436,-13.636582010532756,9.75621718143657,-14.964007370996525,25.046497932158523,-13.532649723398576,-17.615877205629744,-2.773690549749734,6.997531923674634
EFT:-25.79876614607165,-19.62553219652444,-13.636582010532758,9.756217181436574,-14.964007370996525,25.046497932158516,-13.532649723398578,-17.615877205629747,-2.7736905497497357,6.997531923674636
Random902
Raw:-25.798766146071657,-19.625532196524446,-13.636582010532754,9.756217181436568,-14.964007370996526,25.046497932158516,-13.53264972339857,-17.61587720562974,-2.7736905497497326,6.997531923674636
EFT:-25.79876614607165,-19.62553219652444,-13.636582010532758,9.756217181436574,-14.964007370996525,25.046497932158516,-13.532649723398578,-17.615877205629747,-2.7736905497497353,6.997531923674637
Random903
Raw:-25.798766146071653,-19.625532196524443,-13.636582010532758,9.756217181436575,-14.964007370996534,25.046497932158523,-13.532649723398576,-17.615877205629744,-2.7736905497497313,6.997531923674636
EFT:-25.79876614607165,-19.62553219652444,-13.636582010532758,9.756217181436574,-14.964007370996525,25.046497932158513,-13.532649723398578,-17.615877205629747,-2.7736905497497357,6.997531923674637
Random904
Raw:-25.798766146071646,-19.62553219652444,-13.636582010532754,9.756217181436575,-14.964007370996528,25.04649793215851,-13.532649723398569,-17.615877205629744,-2.773690549749737,6.997531923674631
EFT:-25.79876614607165,-19.62553219652444,-13.636582010532758,9.756217181436574,-14.964007370996525,25.046497932158516,-13.532649723398578,-17.615877205629747,-2.7736905497497357,6.997531923674636
Random905
Raw:-25.798766146071646,-19.62553219652443,-13.63658201053276,9.756217181436572,-14.964007370996525,25.046497932158516,-13.53264972339858,-17.615877205629747,-2.773690549749741,6.9975319236746385
EFT:-25.79876614607165,-19.62553219652444,-13.636582010532758,9.756217181436574,-14.964007370996525,25.046497932158516,-13.532649723398578,-17.615877205629747,-2.7736905497497353,6.997531923674636
Random906
Raw:-25.798766146071657,-19.62553219652444,-13.636582010532752,9.756217181436575,-14.964007370996525,25.04649793215852,-13.532649723398574,-17.615877205629744,-2.7736905497497313,6.997531923674634
EFT:-25.79876614607165,-19.62553219652444,-13.636582010532758,9.756217181436574,-14.964007370996525,25.046497932158516,-13.532649723398578,-17.615877205629747,-2.7736905497497357,6.997531923674636
Random907
Raw:-25.798766146071646,-19.62553219652444,-13.636582010532752,9.756217181436572,-14.964007370996525,25.046497932158513,-13.532649723398572,-17.615877205629744,-2.7736905497497304,6.997531923674636
EFT:-25.79876614607165,-19.62553219652444,-13.636582010532758,9.756217181436574,-14.964007370996525,25.046497932158516,-13.532649723398578,-17.615877205629747,-2.7736905497497353,6.997531923674636
Random908
Raw:-25.798766146071646,-19.625532196524443,-13.636582010532761,9.756217181436575,-14.964007370996526,25.04649793215852,-13.532649723398569,-17.615877205629747,-2.773690549749735,6.997531923674634
EFT:-25.79876614607165,-19.62553219652444,-13.636582010532758,9.756217181436574,-14.964007370996525,25.046497932158516,-13.532649723398578,-17.615877205629747,-2.7736905497497353,6.997531923674636
Random909
Raw:-25.798766146071642,-19.62553219652444,-13.63658201053275,9.75621718143657,-14.964007370996518,25.046497932158513,-13.532649723398578,-17.61587720562974,-2.773690549749734,6.9975319236746385
EFT:-25.79876614607165,-19.62553219652444,-13.636582010532758,9.756217181436574,-14.964007370996525,25.046497932158516,-13.532649723398578,-17.615877205629747,-2.7736905497497357,6.997531923674636
Random910
Raw:-25.79876614607164,-19.625532196524436,-13.63658201053275,9.756217181436572,-14.96400737099653,25.046497932158513,-13.53264972339857,-17.61587720562974,-2.773690549749727,6.997531923674637
EFT:-25.79876614607165,-19.62553219652444,-13.636582010532758,9.756217181436574,-14.964007370996525,25.046497932158516,-13.532649723398578,-17.615877205629747,-2.7736905497497353,6.997531923674637
Random911
Raw:-25.798766146071653,-19.625532196524443,-13.636582010532754,9.756217181436574,-14.96400737099653,25.046497932158513,-13.532649723398578,-17.615877205629747,-2.7736905497497384,6.997531923674636
EFT:-25.79876614607165,-19.62553219652444,-13.636582010532758,9.756217181436574,-14.964007370996525,25.046497932158516,-13.532649723398578,-17.615877205629747,-2.7736905497497353,6.997531923674636
Random912
Raw:-25.798766146071653,-19.625532196524446,-13.636582010532754,9.756217181436574,-14.96400737099652,25.046497932158513,-13.532649723398578,-17.615877205629747,-2.7736905497497384,6.997531923674636
EFT:-25.79876614607165,-19.62553219652444,-13.636582010532758,9.756217181436574,-14.964007370996525,25.046497932158516,-13.532649723398578,-17.615877205629747,-2.7736905497497353,6.997531923674636
Random913
Raw:-25.79876614607164,-19.62553219652444,-13.636582010532749,9.756217181436568,-14.964007370996525,25.046497932158506,-13.532649723398572,-17.61587720562974,-2.773690549749737,6.997531923674632
EFT:-25.79876614607165,-19.62553219652444,-13.636582010532758,9.756217181436574,-14.964007370996525,25.046497932158516,-13.532649723398578,-17.615877205629747,-2.7736905497497353,6.997531923674637
Random914
Raw:-25.798766146071642,-19.62553219652444,-13.636582010532747,9.756217181436574,-14.964007370996526,25.046497932158513,-13.53264972339857,-17.615877205629744,-2.77369054974973,6.997531923674634
EFT:-25.79876614607165,-19.62553219652444,-13.636582010532758,9.756217181436574,-14.964007370996525,25.046497932158513,-13.532649723398578,-17.615877205629747,-2.7736905497497357,6.997531923674637
Random915
Raw:-25.798766146071646,-19.62553219652444,-13.636582010532754,9.756217181436574,-14.964007370996528,25.04649793215852,-13.532649723398565,-17.61587720562975,-2.7736905497497357,6.997531923674634
EFT:-25.79876614607165,-19.62553219652444,-13.636582010532758,9.756217181436574,-14.964007370996525,25.046497932158516,-13.532649723398578,-17.615877205629747,-2.7736905497497357,6.997531923674636
Random916
Raw:-25.79876614607165,-19.62553219652444,-13.636582010532754,9.756217181436574,-14.964007370996528,25.046497932158516,-13.532649723398578,-17.61587720562975,-2.7736905497497317,6.997531923674637
EFT:-25.79876614607165,-19.62553219652444,-13.636582010532758,9.756217181436574,-14.964007370996525,25.046497932158516,-13.532649723398578,-17.615877205629747,-2.7736905497497357,6.997531923674637
Random917
Raw:-25.798766146071642,-19.62553219652444,-13.63658201053275,9.756217181436572,-14.964007370996521,25.046497932158506,-13.532649723398574,-17.61587720562974,-2.7736905497497317,6.997531923674634
EFT:-25.79876614607165,-19.62553219652444,-13.636582010532758,9.756217181436574,-14.964007370996525,25.046497932158516,-13.532649723398578,-17.615877205629747,-2.7736905497497353,6.997531923674636
Random918
Raw:-25.79876614607165,-19.625532196524436,-13.63658201053275,9.756217181436572,-14.964007370996528,25.046497932158513,-13.532649723398572,-17.615877205629744,-2.773690549749735,6.9975319236746305
EFT:-25.79876614607165,-19.62553219652444,-13.636582010532758,9.756217181436574,-14.964007370996525,25.046497932158516,-13.532649723398578,-17.615877205629747,-2.7736905497497357,6.997531923674637
Random919
Raw:-25.79876614607165,-19.625532196524436,-13.636582010532758,9.756217181436572,-14.964007370996526,25.04649793215852,-13.532649723398574,-17.615877205629747,-2.773690549749731,6.997531923674637
EFT:-25.79876614607165,-19.62553219652444,-13.636582010532758,9.756217181436574,-14.964007370996525,25.046497932158516,-13.532649723398578,-17.615877205629747,-2.7736905497497357,6.997531923674637
Random920
Raw:-25.798766146071642,-19.625532196524436,-13.636582010532752,9.756217181436567,-14.964007370996521,25.046497932158506,-13.532649723398578,-17.61587720562974,-2.7736905497497375,6.997531923674633
EFT:-25.79876614607165,-19.62553219652444,-13.636582010532758,9.756217181436574,-14.964007370996525,25.046497932158516,-13.532649723398578,-17.615877205629747,-2.7736905497497353,6.997531923674636
Random921
Raw:-25.798766146071646,-19.625532196524443,-13.636582010532752,9.756217181436574,-14.964007370996526,25.046497932158516,-13.532649723398572,-17.61587720562974,-2.7736905497497313,6.997531923674634
EFT:-25.79876614607165,-19.62553219652444,-13.636582010532758,9.756217181436574,-14.964007370996525,25.046497932158516,-13.532649723398578,-17.615877205629747,-2.7736905497497353,6.997531923674636
Random922
Raw:-25.798766146071646,-19.625532196524443,-13.636582010532752,9.756217181436577,-14.964007370996532,25.046497932158516,-13.532649723398569,-17.61587720562975,-2.773690549749735,6.997531923674632
EFT:-25.79876614607165,-19.62553219652444,-13.636582010532758,9.756217181436574,-14.964007370996525,25.046497932158516,-13.532649723398578,-17.615877205629747,-2.7736905497497353,6.997531923674636
Random923
Raw:-25.79876614607165,-19.625532196524446,-13.63658201053275,9.756217181436577,-14.964007370996528,25.04649793215851,-13.532649723398574,-17.615877205629747,-2.7736905497497366,6.997531923674636
EFT:-25.79876614607165,-19.62553219652444,-13.636582010532758,9.756217181436574,-14.964007370996525,25.046497932158516,-13.532649723398578,-17.615877205629747,-2.7736905497497353,6.997531923674637
Random924
Raw:-25.79876614607165,-19.625532196524446,-13.63658201053275,9.756217181436574,-14.964007370996528,25.04649793215851,-13.532649723398578,-17.615877205629744,-2.773690549749739,6.997531923674636
EFT:-25.79876614607165,-19.62553219652444,-13.636582010532758,9.756217181436574,-14.964007370996525,25.046497932158516,-13.532649723398578,-17.615877205629747,-2.7736905497497357,6.997531923674636
Random925
Raw:-25.798766146071642,-19.625532196524436,-13.63658201053275,9.756217181436579,-14.964007370996528,25.046497932158513,-13.532649723398574,-17.615877205629747,-2.773690549749735,6.997531923674632
EFT:-25.79876614607165,-19.62553219652444,-13.636582010532758,9.756217181436574,-14.964007370996525,25.046497932158516,-13.532649723398578,-17.615877205629747,-2.773690549749735,6.997531923674637
Random926
Raw:-25.798766146071646,-19.62553219652444,-13.636582010532761,9.756217181436572,-14.964007370996525,25.04649793215852,-13.532649723398574,-17.615877205629744,-2.773690549749734,6.997531923674636
EFT:-25.79876614607165,-19.62553219652444,-13.636582010532758,9.756217181436574,-14.964007370996525,25.046497932158516,-13.532649723398578,-17.615877205629747,-2.7736905497497353,6.997531923674637
Random927
Raw:-25.79876614607165,-19.625532196524443,-13.636582010532756,9.756217181436572,-14.964007370996521,25.046497932158516,-13.53264972339857,-17.615877205629744,-2.773690549749735,6.997531923674637
EFT:-25.79876614607165,-19.62553219652444,-13.636582010532758,9.756217181436574,-14.964007370996525,25.046497932158516,-13.532649723398578,-17.615877205629747,-2.7736905497497353,6.997531923674637
Random928
Raw:-25.79876614607164,-19.625532196524436,-13.636582010532749,9.756217181436572,-14.964007370996526,25.046497932158513,-13.532649723398574,-17.615877205629747,-2.7736905497497366,6.997531923674634
EFT:-25.79876614607165,-19.62553219652444,-13.636582010532758,9.756217181436574,-14.964007370996525,25.046497932158516,-13.532649723398578,-17.615877205629747,-2.7736905497497353,6.997531923674636
Random929
Raw:-25.798766146071646,-19.625532196524443,-13.636582010532749,9.756217181436579,-14.964007370996534,25.046497932158506,-13.532649723398581,-17.61587720562974,-2.7736905497497357,6.997531923674635
EFT:-25.79876614607165,-19.62553219652444,-13.636582010532758,9.756217181436574,-14.964007370996525,25.046497932158516,-13.532649723398578,-17.615877205629747,-2.7736905497497353,6.997531923674637
Random930
Raw:-25.798766146071642,-19.625532196524443,-13.63658201053275,9.756217181436577,-14.964007370996532,25.046497932158506,-13.532649723398578,-17.615877205629747,-2.773690549749741,6.997531923674637
EFT:-25.79876614607165,-19.62553219652444,-13.636582010532758,9.756217181436574,-14.964007370996525,25.046497932158516,-13.532649723398578,-17.615877205629747,-2.7736905497497357,6.997531923674637
Random931
Raw:-25.798766146071646,-19.625532196524446,-13.636582010532756,9.756217181436572,-14.964007370996523,25.046497932158513,-13.532649723398576,-17.615877205629744,-2.7736905497497384,6.9975319236746385
EFT:-25.79876614607165,-19.62553219652444,-13.636582010532758,9.756217181436574,-14.964007370996525,25.046497932158516,-13.532649723398578,-17.615877205629747,-2.7736905497497357,6.997531923674636
Random932
Raw:-25.798766146071653,-19.625532196524436,-13.636582010532756,9.756217181436574,-14.964007370996521,25.046497932158523,-13.532649723398576,-17.615877205629747,-2.7736905497497384,6.997531923674639
EFT:-25.79876614607165,-19.62553219652444,-13.636582010532758,9.756217181436574,-14.964007370996525,25.046497932158513,-13.532649723398578,-17.615877205629747,-2.7736905497497357,6.997531923674637
Random933
Raw:-25.798766146071653,-19.62553219652444,-13.636582010532758,9.756217181436574,-14.964007370996528,25.04649793215852,-13.532649723398581,-17.61587720562975,-2.7736905497497375,6.997531923674636
EFT:-25.79876614607165,-19.62553219652444,-13.636582010532758,9.756217181436574,-14.964007370996525,25.046497932158516,-13.532649723398578,-17.615877205629747,-2.7736905497497353,6.997531923674636
Random934
Raw:-25.798766146071642,-19.62553219652444,-13.636582010532756,9.756217181436575,-14.964007370996526,25.046497932158513,-13.53264972339857,-17.615877205629744,-2.773690549749735,6.997531923674636
EFT:-25.79876614607165,-19.62553219652444,-13.636582010532758,9.756217181436574,-14.964007370996525,25.046497932158516,-13.532649723398578,-17.615877205629747,-2.7736905497497353,6.997531923674637
Random935
Raw:-25.798766146071657,-19.625532196524436,-13.636582010532752,9.756217181436574,-14.964007370996528,25.046497932158523,-13.532649723398567,-17.61587720562975,-2.7736905497497317,6.997531923674635
EFT:-25.79876614607165,-19.62553219652444,-13.636582010532758,9.756217181436574,-14.964007370996525,25.046497932158516,-13.532649723398578,-17.615877205629747,-2.7736905497497353,6.997531923674636
Random936
Raw:-25.79876614607166,-19.625532196524436,-13.636582010532758,9.756217181436568,-14.964007370996528,25.04649793215852,-13.532649723398581,-17.615877205629747,-2.7736905497497397,6.997531923674635
EFT:-25.79876614607165,-19.62553219652444,-13.636582010532758,9.756217181436574,-14.964007370996525,25.046497932158516,-13.532649723398578,-17.615877205629747,-2.7736905497497357,6.997531923674637
Random937
Raw:-25.79876614607165,-19.62553219652444,-13.636582010532754,9.756217181436577,-14.964007370996526,25.04649793215852,-13.53264972339858,-17.61587720562974,-2.7736905497497344,6.997531923674638
EFT:-25.79876614607165,-19.62553219652444,-13.636582010532758,9.756217181436574,-14.964007370996525,25.046497932158516,-13.532649723398578,-17.615877205629747,-2.7736905497497357,6.997531923674637
Random938
Raw:-25.798766146071646,-19.625532196524443,-13.63658201053275,9.756217181436575,-14.96400737099653,25.04649793215852,-13.532649723398576,-17.615877205629747,-2.7736905497497335,6.997531923674635
EFT:-25.79876614607165,-19.62553219652444,-13.636582010532758,9.756217181436574,-14.964007370996525,25.046497932158513,-13.532649723398578,-17.615877205629747,-2.7736905497497357,6.997531923674637
Random939
Raw:-25.798766146071646,-19.62553219652444,-13.636582010532756,9.756217181436572,-14.964007370996523,25.046497932158513,-13.53264972339857,-17.61587720562974,-2.7736905497497393,6.997531923674635
EFT:-25.79876614607165,-19.62553219652444,-13.636582010532758,9.756217181436574,-14.964007370996525,25.046497932158516,-13.532649723398578,-17.615877205629747,-2.7736905497497353,6.997531923674637
Random940
Raw:-25.79876614607165,-19.625532196524432,-13.636582010532763,9.756217181436574,-14.964007370996523,25.04649793215852,-13.532649723398578,-17.615877205629747,-2.7736905497497397,6.997531923674635
EFT:-25.79876614607165,-19.62553219652444,-13.636582010532758,9.756217181436574,-14.964007370996525,25.046497932158516,-13.532649723398578,-17.615877205629747,-2.7736905497497353,6.997531923674637
Random941
Raw:-25.798766146071642,-19.625532196524436,-13.636582010532754,9.756217181436572,-14.964007370996526,25.04649793215851,-13.532649723398565,-17.61587720562974,-2.7736905497497313,6.997531923674633
EFT:-25.79876614607165,-19.62553219652444,-13.636582010532758,9.756217181436574,-14.964007370996525,25.046497932158516,-13.532649723398578,-17.615877205629747,-2.7736905497497353,6.997531923674637
Random942
Raw:-25.798766146071642,-19.625532196524443,-13.636582010532752,9.756217181436577,-14.964007370996528,25.04649793215851,-13.532649723398574,-17.61587720562974,-2.7736905497497357,6.997531923674638
EFT:-25.79876614607165,-19.62553219652444,-13.636582010532758,9.756217181436574,-14.964007370996525,25.046497932158516,-13.532649723398578,-17.615877205629747,-2.7736905497497353,6.997531923674636
Random943
Raw:-25.79876614607163,-19.625532196524443,-13.636582010532749,9.756217181436574,-14.964007370996532,25.046497932158513,-13.532649723398572,-17.61587720562975,-2.773690549749735,6.997531923674634
EFT:-25.79876614607165,-19.62553219652444,-13.636582010532758,9.756217181436574,-14.964007370996525,25.046497932158516,-13.532649723398578,-17.615877205629747,-2.7736905497497353,6.997531923674636
Random944
Raw:-25.79876614607164,-19.625532196524436,-13.636582010532752,9.75621718143657,-14.96400737099653,25.04649793215852,-13.53264972339858,-17.61587720562975,-2.773690549749734,6.997531923674638
EFT:-25.79876614607165,-19.62553219652444,-13.636582010532758,9.756217181436574,-14.964007370996525,25.046497932158516,-13.532649723398578,-17.615877205629747,-2.7736905497497353,6.997531923674636
Random945
Raw:-25.798766146071653,-19.625532196524443,-13.636582010532752,9.756217181436575,-14.964007370996523,25.046497932158516,-13.53264972339858,-17.615877205629747,-2.773690549749737,6.9975319236746385
EFT:-25.79876614607165,-19.62553219652444,-13.636582010532758,9.756217181436574,-14.964007370996525,25.046497932158516,-13.532649723398578,-17.615877205629747,-2.7736905497497357,6.997531923674636
Random946
Raw:-25.79876614607165,-19.625532196524443,-13.636582010532758,9.756217181436572,-14.964007370996537,25.046497932158516,-13.532649723398576,-17.615877205629744,-2.7736905497497366,6.997531923674637
EFT:-25.79876614607165,-19.62553219652444,-13.636582010532758,9.756217181436574,-14.964007370996525,25.046497932158516,-13.532649723398578,-17.615877205629747,-2.7736905497497353,6.997531923674636
Random947
Raw:-25.79876614607165,-19.625532196524436,-13.636582010532754,9.756217181436575,-14.964007370996526,25.046497932158516,-13.532649723398572,-17.61587720562974,-2.7736905497497313,6.997531923674632
EFT:-25.79876614607165,-19.62553219652444,-13.636582010532758,9.756217181436574,-14.964007370996525,25.046497932158516,-13.532649723398578,-17.615877205629747,-2.7736905497497353,6.997531923674637
Random948
Raw:-25.79876614607165,-19.62553219652444,-13.63658201053275,9.756217181436577,-14.964007370996516,25.046497932158513,-13.532649723398576,-17.615877205629754,-2.773690549749735,6.997531923674636
EFT:-25.79876614607165,-19.62553219652444,-13.636582010532758,9.756217181436574,-14.964007370996525,25.046497932158516,-13.532649723398578,-17.615877205629747,-2.7736905497497353,6.997531923674637
Random949
Raw:-25.798766146071642,-19.625532196524443,-13.636582010532754,9.756217181436577,-14.964007370996528,25.046497932158513,-13.532649723398572,-17.615877205629754,-2.7736905497497313,6.997531923674634
EFT:-25.79876614607165,-19.62553219652444,-13.636582010532758,9.756217181436574,-14.964007370996525,25.046497932158516,-13.532649723398578,-17.615877205629747,-2.7736905497497353,6.997531923674636
Random950
Raw:-25.798766146071646,-19.625532196524436,-13.636582010532752,9.756217181436574,-14.964007370996523,25.04649793215852,-13.532649723398569,-17.615877205629744,-2.773690549749737,6.997531923674634
EFT:-25.79876614607165,-19.62553219652444,-13.636582010532758,9.756217181436574,-14.964007370996525,25.046497932158516,-13.532649723398578,-17.615877205629747,-2.7736905497497353,6.997531923674636
Random951
Raw:-25.798766146071653,-19.625532196524443,-13.636582010532761,9.75621718143657,-14.964007370996518,25.04649793215852,-13.532649723398576,-17.615877205629747,-2.7736905497497384,6.997531923674639
EFT:-25.79876614607165,-19.62553219652444,-13.636582010532758,9.756217181436574,-14.964007370996525,25.046497932158516,-13.532649723398578,-17.615877205629747,-2.7736905497497353,6.997531923674637
Random952
Raw:-25.79876614607164,-19.625532196524443,-13.636582010532758,9.756217181436572,-14.964007370996521,25.04649793215852,-13.532649723398576,-17.615877205629747,-2.7736905497497357,6.997531923674635
EFT:-25.79876614607165,-19.62553219652444,-13.636582010532758,9.756217181436574,-14.964007370996525,25.046497932158513,-13.532649723398578,-17.615877205629747,-2.7736905497497357,6.997531923674637
Random953
Raw:-25.79876614607165,-19.625532196524443,-13.636582010532758,9.756217181436575,-14.96400737099653,25.04649793215852,-13.532649723398569,-17.61587720562975,-2.7736905497497295,6.997531923674636
EFT:-25.79876614607165,-19.62553219652444,-13.636582010532758,9.756217181436574,-14.964007370996525,25.046497932158516,-13.532649723398578,-17.615877205629747,-2.7736905497497353,6.997531923674636
Random954
Raw:-25.79876614607164,-19.625532196524436,-13.636582010532752,9.756217181436572,-14.964007370996528,25.046497932158506,-13.532649723398572,-17.61587720562974,-2.7736905497497313,6.997531923674634
EFT:-25.79876614607165,-19.62553219652444,-13.636582010532758,9.756217181436574,-14.964007370996525,25.046497932158516,-13.532649723398578,-17.615877205629747,-2.7736905497497353,6.997531923674636
Random955
Raw:-25.79876614607164,-19.625532196524443,-13.636582010532754,9.756217181436575,-14.964007370996532,25.04649793215851,-13.53264972339857,-17.61587720562975,-2.7736905497497335,6.997531923674633
EFT:-25.79876614607165,-19.62553219652444,-13.636582010532758,9.756217181436574,-14.964007370996525,25.046497932158516,-13.532649723398578,-17.615877205629747,-2.7736905497497353,6.997531923674636
Random956
Raw:-25.798766146071653,-19.62553219652444,-13.636582010532754,9.75621718143657,-14.964007370996528,25.04649793215852,-13.532649723398572,-17.615877205629744,-2.773690549749734,6.997531923674637
EFT:-25.79876614607165,-19.62553219652444,-13.636582010532758,9.756217181436574,-14.964007370996525,25.046497932158516,-13.532649723398578,-17.615877205629747,-2.7736905497497357,6.997531923674636
Random957
Raw:-25.79876614607165,-19.625532196524443,-13.636582010532756,9.75621718143657,-14.964007370996526,25.046497932158516,-13.532649723398569,-17.615877205629744,-2.773690549749729,6.997531923674636
EFT:-25.79876614607165,-19.62553219652444,-13.636582010532758,9.756217181436574,-14.964007370996525,25.046497932158516,-13.532649723398578,-17.615877205629747,-2.7736905497497357,6.997531923674636
Random958
Raw:-25.798766146071642,-19.625532196524436,-13.636582010532747,9.756217181436572,-14.964007370996532,25.046497932158513,-13.532649723398574,-17.61587720562975,-2.7736905497497357,6.997531923674639
EFT:-25.79876614607165,-19.62553219652444,-13.636582010532758,9.756217181436574,-14.964007370996525,25.046497932158516,-13.532649723398578,-17.615877205629747,-2.7736905497497353,6.997531923674637
Random959
Raw:-25.798766146071646,-19.625532196524443,-13.636582010532754,9.756217181436574,-14.964007370996521,25.04649793215851,-13.532649723398563,-17.615877205629747,-2.7736905497497357,6.997531923674636
EFT:-25.79876614607165,-19.62553219652444,-13.636582010532758,9.756217181436574,-14.964007370996525,25.046497932158516,-13.532649723398578,-17.615877205629747,-2.7736905497497353,6.997531923674637
Random960
Raw:-25.798766146071646,-19.625532196524443,-13.636582010532754,9.756217181436577,-14.964007370996526,25.04649793215851,-13.532649723398574,-17.61587720562975,-2.7736905497497335,6.997531923674634
EFT:-25.79876614607165,-19.62553219652444,-13.636582010532758,9.756217181436574,-14.964007370996525,25.046497932158516,-13.532649723398578,-17.615877205629747,-2.7736905497497353,6.997531923674636
Random961
Raw:-25.798766146071642,-19.625532196524443,-13.636582010532752,9.756217181436572,-14.964007370996528,25.046497932158516,-13.532649723398567,-17.615877205629744,-2.773690549749731,6.997531923674635
EFT:-25.79876614607165,-19.62553219652444,-13.636582010532758,9.756217181436574,-14.964007370996525,25.046497932158516,-13.532649723398578,-17.615877205629747,-2.7736905497497353,6.997531923674637
Random962
Raw:-25.798766146071642,-19.62553219652444,-13.636582010532754,9.756217181436574,-14.964007370996528,25.046497932158516,-13.532649723398576,-17.61587720562975,-2.7736905497497393,6.997531923674636
EFT:-25.79876614607165,-19.62553219652444,-13.636582010532758,9.756217181436574,-14.964007370996525,25.046497932158516,-13.532649723398578,-17.615877205629747,-2.7736905497497353,6.997531923674636
Random963
Raw:-25.798766146071646,-19.625532196524436,-13.636582010532754,9.756217181436572,-14.964007370996525,25.046497932158513,-13.532649723398578,-17.615877205629744,-2.773690549749733,6.9975319236746385
EFT:-25.79876614607165,-19.62553219652444,-13.636582010532758,9.756217181436574,-14.964007370996525,25.046497932158516,-13.532649723398578,-17.615877205629747,-2.7736905497497353,6.997531923674636
Random964
Raw:-25.79876614607165,-19.625532196524443,-13.636582010532758,9.75621718143657,-14.964007370996528,25.046497932158513,-13.532649723398567,-17.615877205629747,-2.773690549749732,6.997531923674631
EFT:-25.79876614607165,-19.62553219652444,-13.636582010532758,9.756217181436574,-14.964007370996525,25.046497932158516,-13.532649723398578,-17.615877205629747,-2.7736905497497353,6.997531923674637
Random965
Raw:-25.798766146071653,-19.62553219652445,-13.636582010532754,9.756217181436577,-14.964007370996528,25.046497932158513,-13.532649723398578,-17.615877205629744,-2.773690549749735,6.997531923674637
EFT:-25.79876614607165,-19.62553219652444,-13.636582010532758,9.756217181436574,-14.964007370996525,25.046497932158516,-13.532649723398578,-17.615877205629747,-2.7736905497497353,6.997531923674636
Random966
Raw:-25.798766146071646,-19.625532196524446,-13.636582010532758,9.75621718143657,-14.96400737099653,25.046497932158516,-13.53264972339858,-17.615877205629744,-2.7736905497497384,6.997531923674638
EFT:-25.79876614607165,-19.62553219652444,-13.636582010532758,9.756217181436574,-14.964007370996525,25.046497932158516,-13.532649723398578,-17.615877205629747,-2.7736905497497353,6.997531923674637
Random967
Raw:-25.79876614607165,-19.62553219652444,-13.63658201053275,9.756217181436572,-14.964007370996526,25.04649793215852,-13.532649723398574,-17.615877205629744,-2.773690549749735,6.997531923674636
EFT:-25.79876614607165,-19.62553219652444,-13.636582010532758,9.756217181436574,-14.964007370996525,25.046497932158516,-13.532649723398578,-17.615877205629747,-2.7736905497497357,6.997531923674636
Random968
Raw:-25.798766146071653,-19.62553219652444,-13.63658201053276,9.75621718143657,-14.964007370996528,25.046497932158516,-13.532649723398574,-17.61587720562974,-2.7736905497497335,6.997531923674634
EFT:-25.79876614607165,-19.62553219652444,-13.636582010532758,9.756217181436574,-14.964007370996525,25.046497932158516,-13.532649723398578,-17.615877205629747,-2.7736905497497353,6.997531923674637
Random969
Raw:-25.798766146071646,-19.625532196524436,-13.636582010532756,9.756217181436574,-14.964007370996526,25.046497932158523,-13.532649723398576,-17.615877205629747,-2.7736905497497375,6.997531923674633
EFT:-25.79876614607165,-19.62553219652444,-13.636582010532758,9.756217181436574,-14.964007370996525,25.046497932158516,-13.532649723398578,-17.615877205629747,-2.7736905497497357,6.997531923674637
Random970
Raw:-25.798766146071653,-19.625532196524436,-13.636582010532752,9.756217181436575,-14.964007370996526,25.04649793215851,-13.532649723398581,-17.615877205629744,-2.773690549749737,6.997531923674637
EFT:-25.79876614607165,-19.62553219652444,-13.636582010532758,9.756217181436574,-14.964007370996525,25.046497932158516,-13.532649723398578,-17.615877205629747,-2.7736905497497357,6.997531923674636
Random971
Raw:-25.798766146071653,-19.625532196524443,-13.636582010532758,9.756217181436574,-14.964007370996526,25.04649793215852,-13.53264972339857,-17.615877205629747,-2.77369054974974,6.9975319236746385
EFT:-25.79876614607165,-19.62553219652444,-13.636582010532758,9.756217181436574,-14.964007370996525,25.046497932158513,-13.532649723398578,-17.615877205629747,-2.7736905497497357,6.997531923674637
Random972
Raw:-25.798766146071642,-19.625532196524436,-13.636582010532752,9.756217181436572,-14.964007370996525,25.046497932158513,-13.532649723398576,-17.615877205629744,-2.7736905497497393,6.997531923674637
EFT:-25.79876614607165,-19.62553219652444,-13.636582010532758,9.756217181436574,-14.964007370996525,25.046497932158516,-13.532649723398578,-17.615877205629747,-2.7736905497497353,6.997531923674636
Random973
Raw:-25.798766146071653,-19.62553219652444,-13.636582010532754,9.756217181436572,-14.964007370996535,25.04649793215852,-13.53264972339857,-17.615877205629747,-2.7736905497497304,6.997531923674632
EFT:-25.79876614607165,-19.62553219652444,-13.636582010532758,9.756217181436574,-14.964007370996525,25.046497932158516,-13.532649723398578,-17.615877205629747,-2.7736905497497353,6.997531923674636
Random974
Raw:-25.798766146071642,-19.625532196524436,-13.636582010532752,9.756217181436568,-14.964007370996523,25.046497932158513,-13.532649723398572,-17.61587720562974,-2.7736905497497393,6.997531923674638
EFT:-25.79876614607165,-19.62553219652444,-13.636582010532758,9.756217181436574,-14.964007370996525,25.046497932158516,-13.532649723398578,-17.615877205629747,-2.7736905497497353,6.997531923674636
Random975
Raw:-25.798766146071642,-19.625532196524436,-13.636582010532754,9.756217181436572,-14.964007370996523,25.04649793215851,-13.53264972339857,-17.61587720562974,-2.7736905497497357,6.997531923674636
EFT:-25.79876614607165,-19.62553219652444,-13.636582010532758,9.756217181436574,-14.964007370996525,25.046497932158516,-13.532649723398578,-17.615877205629747,-2.7736905497497353,6.997531923674637
Random976
Raw:-25.79876614607164,-19.625532196524443,-13.63658201053275,9.756217181436577,-14.964007370996535,25.046497932158516,-13.532649723398576,-17.615877205629744,-2.7736905497497353,6.997531923674631
EFT:-25.79876614607165,-19.62553219652444,-13.636582010532758,9.756217181436574,-14.964007370996525,25.046497932158516,-13.532649723398578,-17.615877205629747,-2.7736905497497357,6.997531923674636
Random977
Raw:-25.798766146071646,-19.62553219652444,-13.636582010532754,9.756217181436574,-14.964007370996526,25.046497932158513,-13.532649723398569,-17.615877205629744,-2.773690549749732,6.997531923674636
EFT:-25.79876614607165,-19.62553219652444,-13.636582010532758,9.756217181436574,-14.964007370996525,25.046497932158516,-13.532649723398578,-17.615877205629747,-2.7736905497497357,6.997531923674636
Random978
Raw:-25.798766146071642,-19.62553219652444,-13.636582010532758,9.756217181436575,-14.964007370996532,25.046497932158513,-13.532649723398569,-17.615877205629744,-2.7736905497497295,6.997531923674636
EFT:-25.79876614607165,-19.62553219652444,-13.636582010532758,9.756217181436574,-14.964007370996525,25.046497932158516,-13.532649723398578,-17.615877205629747,-2.7736905497497357,6.997531923674637
Random979
Raw:-25.79876614607165,-19.625532196524443,-13.636582010532758,9.756217181436572,-14.964007370996521,25.046497932158516,-13.532649723398572,-17.61587720562974,-2.7736905497497366,6.997531923674638
EFT:-25.79876614607165,-19.62553219652444,-13.636582010532758,9.756217181436574,-14.964007370996525,25.046497932158516,-13.532649723398578,-17.615877205629747,-2.7736905497497353,6.997531923674637
Random980
Raw:-25.798766146071646,-19.62553219652444,-13.636582010532752,9.756217181436574,-14.964007370996528,25.04649793215851,-13.532649723398574,-17.615877205629747,-2.77369054974973,6.997531923674636
EFT:-25.79876614607165,-19.62553219652444,-13.636582010532758,9.756217181436574,-14.964007370996525,25.046497932158516,-13.532649723398578,-17.615877205629747,-2.7736905497497357,6.997531923674636
Random981
Raw:-25.79876614607165,-19.62553219652444,-13.636582010532754,9.756217181436574,-14.964007370996532,25.046497932158523,-13.532649723398574,-17.615877205629744,-2.773690549749736,6.997531923674634
EFT:-25.79876614607165,-19.62553219652444,-13.636582010532758,9.756217181436574,-14.964007370996525,25.046497932158516,-13.532649723398578,-17.615877205629747,-2.7736905497497353,6.997531923674637
Random982
Raw:-25.798766146071657,-19.62553219652444,-13.636582010532756,9.75621718143657,-14.964007370996534,25.046497932158513,-13.53264972339857,-17.615877205629744,-2.7736905497497344,6.997531923674637
EFT:-25.79876614607165,-19.62553219652444,-13.636582010532758,9.756217181436574,-14.964007370996525,25.046497932158513,-13.532649723398578,-17.615877205629747,-2.7736905497497357,6.997531923674637
Random983
Raw:-25.798766146071653,-19.62553219652444,-13.636582010532752,9.75621718143657,-14.96400737099652,25.04649793215852,-13.532649723398574,-17.61587720562975,-2.773690549749734,6.997531923674638
EFT:-25.79876614607165,-19.62553219652444,-13.636582010532758,9.756217181436574,-14.964007370996525,25.046497932158516,-13.532649723398578,-17.615877205629747,-2.7736905497497353,6.997531923674636
Random984
Raw:-25.798766146071628,-19.625532196524432,-13.636582010532747,9.756217181436577,-14.964007370996532,25.04649793215851,-13.53264972339857,-17.615877205629737,-2.7736905497497313,6.9975319236746305
EFT:-25.79876614607165,-19.62553219652444,-13.636582010532758,9.756217181436574,-14.964007370996525,25.046497932158516,-13.532649723398578,-17.615877205629747,-2.7736905497497357,6.997531923674636
Random985
Raw:-25.798766146071635,-19.625532196524443,-13.636582010532747,9.756217181436575,-14.96400737099653,25.046497932158513,-13.532649723398574,-17.615877205629747,-2.7736905497497375,6.997531923674634
EFT:-25.79876614607165,-19.62553219652444,-13.636582010532758,9.756217181436574,-14.964007370996525,25.046497932158516,-13.532649723398578,-17.615877205629747,-2.7736905497497353,6.997531923674637
Random986
Raw:-25.798766146071642,-19.625532196524443,-13.636582010532754,9.756217181436577,-14.964007370996525,25.04649793215851,-13.532649723398569,-17.615877205629737,-2.7736905497497344,6.997531923674636
EFT:-25.79876614607165,-19.62553219652444,-13.636582010532758,9.756217181436574,-14.964007370996525,25.046497932158516,-13.532649723398578,-17.615877205629747,-2.7736905497497353,6.997531923674636
Random987
Raw:-25.798766146071657,-19.625532196524436,-13.636582010532756,9.756217181436567,-14.964007370996525,25.046497932158516,-13.532649723398574,-17.615877205629754,-2.7736905497497326,6.997531923674635
EFT:-25.79876614607165,-19.62553219652444,-13.636582010532758,9.756217181436574,-14.964007370996525,25.046497932158516,-13.532649723398578,-17.615877205629747,-2.7736905497497353,6.997531923674637
Random988
Raw:-25.79876614607165,-19.625532196524443,-13.636582010532754,9.756217181436575,-14.964007370996526,25.046497932158513,-13.532649723398576,-17.61587720562975,-2.7736905497497317,6.997531923674634
EFT:-25.79876614607165,-19.62553219652444,-13.636582010532758,9.756217181436574,-14.964007370996525,25.046497932158516,-13.532649723398578,-17.615877205629747,-2.7736905497497357,6.997531923674636
Random989
Raw:-25.798766146071642,-19.625532196524436,-13.636582010532749,9.756217181436574,-14.964007370996514,25.046497932158513,-13.532649723398576,-17.615877205629744,-2.7736905497497313,6.997531923674637
EFT:-25.79876614607165,-19.62553219652444,-13.636582010532758,9.756217181436574,-14.964007370996525,25.046497932158516,-13.532649723398578,-17.615877205629747,-2.7736905497497353,6.997531923674637
Random990
Raw:-25.798766146071646,-19.625532196524436,-13.63658201053275,9.756217181436572,-14.964007370996526,25.04649793215851,-13.53264972339857,-17.615877205629744,-2.77369054974973,6.997531923674633
EFT:-25.79876614607165,-19.62553219652444,-13.636582010532758,9.756217181436574,-14.964007370996525,25.046497932158516,-13.532649723398578,-17.615877205629747,-2.7736905497497353,6.997531923674636
Random991
Raw:-25.79876614607166,-19.625532196524443,-13.636582010532758,9.756217181436577,-14.96400737099653,25.046497932158513,-13.532649723398578,-17.61587720562975,-2.773690549749737,6.997531923674637
EFT:-25.79876614607165,-19.62553219652444,-13.636582010532758,9.756217181436574,-14.964007370996525,25.046497932158513,-13.532649723398578,-17.615877205629747,-2.7736905497497357,6.997531923674637
Random992
Raw:-25.798766146071657,-19.62553219652444,-13.636582010532761,9.756217181436575,-14.964007370996528,25.046497932158513,-13.532649723398578,-17.615877205629744,-2.7736905497497357,6.997531923674636
EFT:-25.79876614607165,-19.62553219652444,-13.636582010532758,9.756217181436574,-14.964007370996525,25.046497932158516,-13.532649723398578,-17.615877205629747,-2.7736905497497357,6.997531923674636
Random993
Raw:-25.79876614607165,-19.62553219652444,-13.636582010532758,9.756217181436567,-14.964007370996532,25.046497932158513,-13.532649723398572,-17.615877205629747,-2.773690549749736,6.997531923674636
EFT:-25.79876614607165,-19.62553219652444,-13.636582010532758,9.756217181436574,-14.964007370996525,25.046497932158516,-13.532649723398578,-17.615877205629747,-2.7736905497497353,6.997531923674637
Random994
Raw:-25.79876614607165,-19.625532196524446,-13.636582010532752,9.756217181436574,-14.96400737099653,25.046497932158513,-13.532649723398581,-17.61587720562975,-2.7736905497497375,6.997531923674638
EFT:-25.79876614607165,-19.62553219652444,-13.636582010532758,9.756217181436574,-14.964007370996525,25.046497932158516,-13.532649723398578,-17.615877205629747,-2.7736905497497353,6.997531923674636
Random995
Raw:-25.79876614607165,-19.62553219652444,-13.636582010532758,9.756217181436574,-14.964007370996528,25.046497932158513,-13.532649723398572,-17.615877205629744,-2.773690549749736,6.997531923674633
EFT:-25.79876614607165,-19.62553219652444,-13.636582010532758,9.756217181436574,-14.964007370996525,25.046497932158516,-13.532649723398578,-17.615877205629747,-2.7736905497497357,6.997531923674636
Random996
Raw:-25.79876614607165,-19.625532196524436,-13.636582010532758,9.756217181436574,-14.96400737099653,25.04649793215851,-13.532649723398581,-17.615877205629744,-2.7736905497497393,6.997531923674636
EFT:-25.79876614607165,-19.62553219652444,-13.636582010532758,9.756217181436574,-14.964007370996525,25.046497932158516,-13.532649723398578,-17.615877205629747,-2.7736905497497353,6.997531923674636
Random997
Raw:-25.79876614607165,-19.62553219652444,-13.63658201053276,9.756217181436572,-14.964007370996526,25.046497932158516,-13.532649723398569,-17.61587720562975,-2.7736905497497375,6.9975319236746385
EFT:-25.79876614607165,-19.62553219652444,-13.636582010532758,9.756217181436574,-14.964007370996525,25.046497932158516,-13.532649723398578,-17.615877205629747,-2.7736905497497353,6.997531923674637
Random998
Raw:-25.79876614607164,-19.625532196524446,-13.636582010532754,9.75621718143658,-14.964007370996535,25.046497932158513,-13.532649723398576,-17.61587720562975,-2.7736905497497286,6.997531923674636
EFT:-25.79876614607165,-19.62553219652444,-13.636582010532758,9.756217181436574,-14.964007370996525,25.046497932158516,-13.532649723398578,-17.615877205629747,-2.7736905497497353,6.997531923674636
Random999
Raw:-25.79876614607164,-19.625532196524436,-13.636582010532752,9.75621718143657,-14.964007370996523,25.046497932158506,-13.532649723398572,-17.615877205629744,-2.773690549749733,6.997531923674633
EFT:-25.79876614607165,-19.62553219652444,-13.636582010532758,9.756217181436574,-14.964007370996525,25.046497932158516,-13.532649723398578,-17.615877205629747,-2.7736905497497353,6.997531923674637
Random1000
Raw:-25.79876614607164,-19.625532196524443,-13.636582010532756,9.756217181436577,-14.96400737099653,25.04649793215851,-13.532649723398572,-17.615877205629747,-2.7736905497497344,6.997531923674634
EFT:-25.79876614607165,-19.62553219652444,-13.636582010532758,9.756217181436574,-14.964007370996525,25.046497932158516,-13.532649723398578,-17.615877205629747,-2.7736905497497357,6.997531923674637
