Ascend
Raw:11.972,-18.377996,-0.21670842,-6.992039,-12.579443,-6.147575,0.16563879,-6.2746544,-6.3279843,-0.99773175
EFT:11.972,-18.377996,-0.21670899,-6.9920397,-12.579443,-6.1475744,0.16563942,-6.274655,-6.327984,-0.99773157
Descend
Raw:11.972,-18.377995,-0.21670923,-6.992041,-12.579444,-6.1475744,0.1656395,-6.274656,-6.3279853,-0.9977316
EFT:11.972,-18.377996,-0.21670899,-6.9920397,-12.579443,-6.1475744,0.16563942,-6.274655,-6.327984,-0.99773157
Random1
Raw:11.972,-18.377996,-0.21670818,-6.992039,-12.579442,-6.147575,0.16563927,-6.2746544,-6.327985,-0.99773127
EFT:11.972,-18.377996,-0.21670899,-6.9920397,-12.579443,-6.1475744,0.16563942,-6.274655,-6.327984,-0.99773157
Random2
Raw:11.971999,-18.377995,-0.2167089,-6.9920387,-12.579442,-6.147574,0.16563807,-6.2746534,-6.3279843,-0.99773127
EFT:11.972,-18.377996,-0.21670899,-6.9920397,-12.579443,-6.1475744,0.16563942,-6.274655,-6.327984,-0.99773157
Random3
Raw:11.972,-18.377995,-0.21670875,-6.9920373,-12.579441,-6.1475735,0.1656401,-6.274655,-6.327983,-0.99773127
EFT:11.972,-18.377996,-0.21670899,-6.9920397,-12.579443,-6.1475744,0.16563942,-6.274655,-6.327984,-0.99773157
Random4
Raw:11.971999,-18.377995,-0.21670842,-6.9920387,-12.579442,-6.1475744,0.16563831,-6.2746544,-6.327985,-0.99773175
EFT:11.972,-18.377996,-0.21670899,-6.9920397,-12.579443,-6.1475744,0.16563942,-6.274655,-6.327984,-0.99773157
Random5
Raw:11.972,-18.377995,-0.21670756,-6.9920373,-12.579441,-6.1475744,0.1656407,-6.2746544,-6.327983,-0.9977308
EFT:11.972,-18.377996,-0.21670899,-6.9920397,-12.579443,-6.1475744,0.16563942,-6.274655,-6.327984,-0.99773157
Random6
Raw:11.972,-18.377998,-0.21670961,-6.99204,-12.579446,-6.1475754,0.16563766,-6.2746553,-6.327985,-0.997732
EFT:11.972,-18.377996,-0.21670899,-6.9920397,-12.579443,-6.1475744,0.16563943,-6.274655,-6.327984,-0.99773157
Random7
Raw:11.971998,-18.377993,-0.21670842,-6.9920363,-12.579438,-6.1475744,0.16563855,-6.2746534,-6.3279824,-0.9977314
EFT:11.972,-18.377996,-0.21670899,-6.9920397,-12.579443,-6.1475744,0.16563942,-6.274655,-6.327984,-0.99773157
Random8
Raw:11.971997,-18.377995,-0.21671033,-6.992039,-12.579441,-6.1475735,0.16563712,-6.2746534,-6.327985,-0.99773186
EFT:11.972,-18.377996,-0.21670899,-6.9920397,-12.579443,-6.1475744,0.16563942,-6.274655,-6.327984,-0.99773157
Random9
Raw:11.971998,-18.377993,-0.21670905,-6.9920387,-12.579441,-6.1475735,0.16563867,-6.2746534,-6.327984,-0.99773103
EFT:11.972,-18.377996,-0.21670899,-6.9920397,-12.579443,-6.1475744,0.16563942,-6.274655,-6.327984,-0.99773157
Random10
Raw:11.972,-18.377996,-0.21670899,-6.992039,-12.579443,-6.147574,0.16563831,-6.2746544,-6.327985,-0.9977314
EFT:11.972,-18.377996,-0.21670899,-6.9920397,-12.579443,-6.1475744,0.16563942,-6.274655,-6.327984,-0.99773157
Random11
Raw:11.972,-18.377996,-0.21670967,-6.99204,-12.579445,-6.147575,0.1656376,-6.274655,-6.327985,-0.99773175
EFT:11.972,-18.377996,-0.21670899,-6.9920397,-12.579443,-6.1475744,0.16563942,-6.274655,-6.327984,-0.99773157
Random12
Raw:11.971999,-18.377996,-0.21670955,-6.992039,-12.579443,-6.1475744,0.16563879,-6.274655,-6.327984,-0.9977316
EFT:11.972,-18.377996,-0.21670899,-6.9920397,-12.579443,-6.1475744,0.16563942,-6.274655,-6.327984,-0.99773157
Random13
Raw:11.971999,-18.377993,-0.21670818,-6.9920382,-12.579439,-6.1475735,0.1656407,-6.274654,-6.3279824,-0.9977308
EFT:11.972,-18.377996,-0.21670899,-6.9920397,-12.579443,-6.1475744,0.16563942,-6.274655,-6.327984,-0.99773157
Random14
Raw:11.972003,-18.377998,-0.21671033,-6.9920416,-12.579447,-6.1475763,0.16563831,-6.2746563,-6.3279867,-0.99773246
EFT:11.972,-18.377996,-0.21670899,-6.9920397,-12.579443,-6.1475744,0.16563943,-6.274655,-6.327984,-0.99773157
Random15
Raw:11.972003,-18.377998,-0.21670964,-6.992041,-12.579446,-6.147576,0.16563974,-6.2746563,-6.327987,-0.99773175
EFT:11.972,-18.377996,-0.21670899,-6.9920397,-12.579443,-6.1475744,0.16563942,-6.274655,-6.327984,-0.99773157
Random16
Raw:11.971998,-18.377995,-0.21670794,-6.9920382,-12.579442,-6.1475725,0.16563962,-6.2746534,-6.3279834,-0.99773115
EFT:11.972,-18.377996,-0.21670899,-6.9920397,-12.579443,-6.1475744,0.16563942,-6.274655,-6.327984,-0.99773157
Random17
Raw:11.972,-18.377995,-0.21670896,-6.992039,-12.579442,-6.147574,0.16564046,-6.2746553,-6.327984,-0.99773115
EFT:11.972,-18.377996,-0.21670899,-6.9920397,-12.579443,-6.1475744,0.16563942,-6.274655,-6.327984,-0.99773157
Random18
Raw:11.972001,-18.377995,-0.21670842,-6.9920387,-12.579441,-6.1475754,0.16563873,-6.2746544,-6.3279843,-0.9977315
EFT:11.972,-18.377996,-0.21670899,-6.9920397,-12.579443,-6.1475744,0.16563942,-6.274655,-6.327984,-0.99773157
Random19
Raw:11.971999,-18.377995,-0.21670872,-6.99204,-12.579442,-6.1475744,0.16563927,-6.274654,-6.327984,-0.99773103
EFT:11.972,-18.377996,-0.21670899,-6.9920397,-12.579443,-6.1475744,0.16563942,-6.274655,-6.327984,-0.99773157
Random20
Raw:11.972001,-18.377995,-0.21670803,-6.99204,-12.57944,-6.147574,0.16564141,-6.274655,-6.327984,-0.99773103
EFT:11.972,-18.377996,-0.21670899,-6.9920397,-12.579443,-6.1475744,0.16563942,-6.274655,-6.327984,-0.99773157
Random21
Raw:11.971998,-18.377995,-0.21670914,-6.992038,-12.579444,-6.147574,0.16563831,-6.2746544,-6.3279834,-0.99773175
EFT:11.972,-18.377996,-0.21670899,-6.9920397,-12.579443,-6.1475744,0.16563942,-6.274655,-6.327984,-0.99773157
Random22
Raw:11.972,-18.377996,-0.21670985,-6.9920397,-12.579445,-6.147575,0.16563784,-6.274655,-6.3279853,-0.997732
EFT:11.972,-18.377996,-0.21670899,-6.9920397,-12.579443,-6.1475744,0.16563942,-6.274655,-6.327984,-0.99773157
Random23
Raw:11.972001,-18.377996,-0.21670908,-6.99204,-12.579443,-6.1475744,0.165641,-6.274656,-6.3279853,-0.99773115
EFT:11.972,-18.377996,-0.21670899,-6.9920397,-12.579443,-6.1475744,0.16563943,-6.274655,-6.327984,-0.99773157
Random24
Raw:11.972,-18.377995,-0.21670768,-6.9920373,-12.579442,-6.147575,0.16563903,-6.2746544,-6.3279834,-0.99773103
EFT:11.972,-18.377996,-0.21670899,-6.9920397,-12.579443,-6.1475744,0.16563942,-6.274655,-6.327984,-0.99773157
Random25
Raw:11.971999,-18.377996,-0.21670845,-6.9920382,-12.579441,-6.1475744,0.16563873,-6.2746544,-6.3279834,-0.9977315
EFT:11.972,-18.377996,-0.21670899,-6.9920397,-12.579443,-6.1475744,0.16563942,-6.274655,-6.327984,-0.99773157
Random26
Raw:11.971999,-18.377995,-0.21670938,-6.9920382,-12.579442,-6.1475744,0.16563855,-6.2746544,-6.327984,-0.9977315
EFT:11.972,-18.377996,-0.21670899,-6.9920397,-12.579443,-6.1475744,0.16563942,-6.274655,-6.327984,-0.99773157
Random27
Raw:11.972002,-18.377998,-0.21670997,-6.99204,-12.579447,-6.1475754,0.16563927,-6.2746553,-6.327986,-0.99773175
EFT:11.972,-18.377996,-0.21670899,-6.9920397,-12.579443,-6.1475744,0.16563942,-6.274655,-6.327984,-0.99773157
Random28
Raw:11.972,-18.377996,-0.21670938,-6.9920397,-12.579445,-6.1475754,0.16563712,-6.2746544,-6.3279853,-0.99773175
EFT:11.972,-18.377996,-0.21670899,-6.9920397,-12.579443,-6.1475744,0.16563942,-6.274655,-6.327984,-0.99773157
Random29
Raw:11.971998,-18.377996,-0.21671054,-6.992042,-12.579445,-6.1475744,0.16563766,-6.274655,-6.327986,-0.997732
EFT:11.972,-18.377996,-0.21670899,-6.9920397,-12.579443,-6.1475744,0.16563942,-6.274655,-6.327984,-0.99773157
Random30
Raw:11.972,-18.377995,-0.21670848,-6.99204,-12.579446,-6.147574,0.16563927,-6.274655,-6.3279843,-0.9977314
EFT:11.972,-18.377996,-0.21670899,-6.9920397,-12.579443,-6.1475744,0.16563942,-6.274655,-6.327984,-0.99773157
Random31
Raw:11.972001,-18.377998,-0.21670866,-6.99204,-12.579445,-6.147576,0.16563939,-6.274655,-6.327985,-0.9977316
EFT:11.972,-18.377996,-0.21670899,-6.9920397,-12.579443,-6.1475744,0.16563943,-6.274655,-6.327984,-0.99773157
Random32
Raw:11.972001,-18.377996,-0.2167089,-6.992039,-12.579445,-6.147575,0.16563807,-6.2746544,-6.327984,-0.99773175
EFT:11.972,-18.377996,-0.21670899,-6.9920397,-12.579443,-6.1475744,0.16563942,-6.274655,-6.327984,-0.99773157
Random33
Raw:11.972001,-18.377996,-0.2167077,-6.9920382,-12.579442,-6.1475754,0.16563903,-6.2746544,-6.3279843,-0.99773175
EFT:11.972,-18.377996,-0.21670899,-6.9920397,-12.579443,-6.1475744,0.16563942,-6.274655,-6.327984,-0.99773157
Random34
Raw:11.972002,-18.377998,-0.21670985,-6.9920397,-12.579446,-6.147576,0.1656395,-6.274656,-6.3279853,-0.99773186
EFT:11.972,-18.377996,-0.21670899,-6.9920397,-12.579443,-6.1475744,0.16563942,-6.274655,-6.327984,-0.99773157
Random35
Raw:11.971999,-18.377995,-0.21670821,-6.992038,-12.579441,-6.1475754,0.16563998,-6.274654,-6.327983,-0.99773115
EFT:11.972,-18.377996,-0.21670899,-6.9920397,-12.579443,-6.1475744,0.16563942,-6.274655,-6.327984,-0.99773157
Random36
Raw:11.971999,-18.377996,-0.21670938,-6.992039,-12.57944,-6.1475754,0.16563801,-6.274654,-6.327985,-0.997732
EFT:11.972,-18.377996,-0.21670899,-6.9920397,-12.579443,-6.1475744,0.16563942,-6.274655,-6.327984,-0.99773157
Random37
Raw:11.971999,-18.377995,-0.21670789,-6.9920373,-12.57944,-6.1475744,0.16563879,-6.274654,-6.327984,-0.99773115
EFT:11.972,-18.377996,-0.21670899,-6.9920397,-12.579443,-6.1475744,0.16563942,-6.274655,-6.327984,-0.99773157
Random38
Raw:11.972,-18.377998,-0.21670985,-6.992038,-12.579447,-6.147576,0.16563688,-6.2746553,-6.3279862,-0.99773234
EFT:11.972,-18.377996,-0.21670899,-6.9920397,-12.579443,-6.1475744,0.16563942,-6.274655,-6.327984,-0.99773157
Random39
Raw:11.972002,-18.377996,-0.21670794,-6.992039,-12.579444,-6.1475744,0.16564195,-6.274656,-6.327983,-0.9977314
EFT:11.972,-18.377996,-0.21670899,-6.9920397,-12.579443,-6.1475744,0.16563942,-6.274655,-6.327984,-0.99773157
Random40
Raw:11.972002,-18.377998,-0.21670783,-6.992039,-12.579443,-6.1475744,0.16564117,-6.2746553,-6.327984,-0.99773115
EFT:11.972,-18.377996,-0.21670899,-6.9920397,-12.579443,-6.1475744,0.16563942,-6.274655,-6.327984,-0.99773157
Random41
Raw:11.971998,-18.377995,-0.21670938,-6.992038,-12.579441,-6.147574,0.1656376,-6.2746534,-6.327984,-0.99773186
EFT:11.972,-18.377996,-0.21670899,-6.9920397,-12.579443,-6.1475744,0.16563942,-6.274655,-6.327984,-0.99773157
Random42
Raw:11.972,-18.377993,-0.21670747,-6.992037,-12.579441,-6.1475725,0.16564058,-6.2746544,-6.327982,-0.9977308
EFT:11.972,-18.377996,-0.21670899,-6.9920397,-12.579443,-6.1475744,0.16563942,-6.274655,-6.327984,-0.99773157
Random43
Raw:11.972002,-18.377998,-0.21670938,-6.992041,-12.579445,-6.147577,0.1656395,-6.274656,-6.327986,-0.9977316
EFT:11.972,-18.377996,-0.21670899,-6.9920397,-12.579443,-6.1475744,0.16563942,-6.274655,-6.327984,-0.99773157
Random44
Raw:11.971998,-18.377995,-0.21670926,-6.992038,-12.579444,-6.1475744,0.16563855,-6.2746544,-6.327983,-0.9977315
EFT:11.972,-18.377996,-0.21670899,-6.9920397,-12.579443,-6.1475744,0.16563942,-6.274655,-6.327984,-0.99773157
Random45
Raw:11.971998,-18.377995,-0.21671006,-6.992041,-12.579443,-6.1475744,0.16563831,-6.274655,-6.327985,-0.9977315
EFT:11.972,-18.377996,-0.21670899,-6.9920397,-12.579443,-6.1475744,0.16563942,-6.274655,-6.327984,-0.99773157
Random46
Raw:11.972002,-18.377998,-0.21670985,-6.9920406,-12.579445,-6.147575,0.16563915,-6.2746553,-6.327986,-0.99773175
EFT:11.972,-18.377996,-0.21670899,-6.9920397,-12.579443,-6.1475744,0.16563942,-6.274655,-6.327984,-0.99773157
Random47
Raw:11.972,-18.377998,-0.21670985,-6.9920397,-12.579444,-6.147576,0.16563712,-6.2746553,-6.327986,-0.997732
EFT:11.972,-18.377996,-0.21670899,-6.9920397,-12.579443,-6.1475744,0.16563942,-6.274655,-6.327984,-0.99773157
Random48
Raw:11.972001,-18.377998,-0.21670842,-6.9920397,-12.579445,-6.1475754,0.16563861,-6.274656,-6.327985,-0.9977315
EFT:11.972,-18.377996,-0.21670899,-6.9920397,-12.579443,-6.1475744,0.16563942,-6.274655,-6.327984,-0.99773157
Random49
Raw:11.972,-18.377998,-0.21670824,-6.9920387,-12.579442,-6.1475754,0.16563867,-6.2746544,-6.3279834,-0.997732
EFT:11.972,-18.377996,-0.21670899,-6.9920397,-12.579443,-6.1475744,0.16563942,-6.274655,-6.327984,-0.99773157
Random50
Raw:11.972,-18.377995,-0.21670851,-6.99204,-12.579443,-6.1475735,0.16563992,-6.2746544,-6.327985,-0.99773115
EFT:11.972,-18.377996,-0.21670899,-6.9920397,-12.579443,-6.1475744,0.16563942,-6.274655,-6.327984,-0.99773157
Random51
Raw:11.971998,-18.377995,-0.21670878,-6.9920382,-12.579441,-6.147574,0.1656393,-6.274654,-6.327983,-0.99773127
EFT:11.972,-18.377996,-0.21670899,-6.9920397,-12.579443,-6.1475744,0.16563942,-6.274655,-6.327984,-0.99773157
Random52
Raw:11.972001,-18.377995,-0.21670833,-6.992039,-12.579442,-6.147575,0.16564105,-6.2746553,-6.327984,-0.99773127
EFT:11.972,-18.377996,-0.21670899,-6.9920397,-12.579443,-6.1475744,0.16563942,-6.274655,-6.327984,-0.99773157
Random53
Raw:11.971999,-18.377993,-0.2167077,-6.9920382,-12.57944,-6.1475744,0.16563945,-6.274654,-6.3279824,-0.99773127
EFT:11.972,-18.377996,-0.21670899,-6.9920397,-12.579443,-6.1475744,0.16563942,-6.274655,-6.327984,-0.99773157
Random54
Raw:11.972,-18.377996,-0.21670896,-6.99204,-12.579443,-6.147575,0.16563942,-6.274655,-6.327985,-0.9977315
EFT:11.972,-18.377996,-0.21670899,-6.9920397,-12.579443,-6.1475744,0.16563942,-6.274655,-6.327984,-0.99773157
Random55
Raw:11.971998,-18.377995,-0.21670938,-6.9920397,-12.579443,-6.1475735,0.16563867,-6.274654,-6.327984,-0.99773175
EFT:11.972,-18.377996,-0.21670899,-6.9920397,-12.579443,-6.1475744,0.16563942,-6.274655,-6.327984,-0.99773157
Random56
Raw:11.972,-18.377996,-0.21670914,-6.9920397,-12.579444,-6.1475744,0.16563927,-6.2746553,-6.3279853,-0.9977315
EFT:11.972,-18.377996,-0.21670899,-6.9920397,-12.579443,-6.1475744,0.16563942,-6.274655,-6.327984,-0.99773157
Random57
Raw:11.972001,-18.377996,-0.21670863,-6.99204,-12.579444,-6.147575,0.1656407,-6.2746553,-6.327985,-0.99773127
EFT:11.972,-18.377996,-0.21670899,-6.9920397,-12.579443,-6.1475744,0.16563942,-6.274655,-6.327984,-0.99773157
Random58
Raw:11.971997,-18.37799,-0.21670938,-6.9920382,-12.579442,-6.1475725,0.16563903,-6.274655,-6.327981,-0.99773127
EFT:11.972,-18.377996,-0.21670899,-6.9920397,-12.579443,-6.1475744,0.16563942,-6.274655,-6.327984,-0.99773157
Random59
Raw:11.972,-18.377995,-0.21670842,-6.992039,-12.579438,-6.147574,0.16564058,-6.274655,-6.327984,-0.99773103
EFT:11.972,-18.377996,-0.21670899,-6.9920397,-12.579443,-6.1475744,0.16563942,-6.274655,-6.327984,-0.99773157
Random60
Raw:11.972,-18.377995,-0.21670845,-6.9920397,-12.579441,-6.147574,0.16564064,-6.274654,-6.327984,-0.99773103
EFT:11.972,-18.377996,-0.21670899,-6.9920397,-12.579443,-6.1475744,0.16563942,-6.274655,-6.327984,-0.99773157
Random61
Raw:11.971999,-18.377993,-0.21670914,-6.9920382,-12.579443,-6.1475725,0.16563927,-6.274654,-6.3279834,-0.99773115
EFT:11.972,-18.377996,-0.21670899,-6.9920397,-12.579443,-6.1475744,0.16563942,-6.274655,-6.327984,-0.99773157
Random62
Raw:11.971999,-18.377996,-0.21670926,-6.992039,-12.579445,-6.147575,0.16563736,-6.274654,-6.327984,-0.99773175
EFT:11.972,-18.377996,-0.21670899,-6.9920397,-12.579443,-6.1475744,0.16563942,-6.274655,-6.327984,-0.99773157
Random63
Raw:11.971999,-18.377996,-0.21671036,-6.9920406,-12.579445,-6.147574,0.1656373,-6.2746544,-6.3279853,-0.997732
EFT:11.972,-18.377996,-0.21670899,-6.9920397,-12.579443,-6.1475744,0.16563942,-6.274655,-6.327984,-0.99773157
Random64
Raw:11.971998,-18.377995,-0.21670878,-6.9920373,-12.579442,-6.1475735,0.16563927,-6.274654,-6.327983,-0.9977315
EFT:11.972,-18.377996,-0.21670899,-6.9920397,-12.579443,-6.1475744,0.16563942,-6.274655,-6.327984,-0.99773157
Random65
Raw:11.972,-18.377996,-0.21670932,-6.99204,-12.579446,-6.1475754,0.16563831,-6.274655,-6.327985,-0.99773175
EFT:11.972,-18.377996,-0.21670899,-6.9920397,-12.579443,-6.1475744,0.16563942,-6.274655,-6.327984,-0.99773157
Random66
Raw:11.971999,-18.377993,-0.21670789,-6.9920363,-12.57944,-6.1475735,0.16563927,-6.2746534,-6.327983,-0.9977309
EFT:11.972,-18.377996,-0.21670899,-6.9920397,-12.579443,-6.1475744,0.16563942,-6.274655,-6.327984,-0.99773157
Random67
Raw:11.971998,-18.377995,-0.21670854,-6.992038,-12.57944,-6.147574,0.16563879,-6.274654,-6.327983,-0.99773127
EFT:11.972,-18.377996,-0.21670899,-6.9920397,-12.579443,-6.1475744,0.16563943,-6.274655,-6.327984,-0.99773157
Random68
Raw:11.972,-18.377996,-0.21670851,-6.992039,-12.579442,-6.147574,0.1656395,-6.2746544,-6.327984,-0.9977315
EFT:11.972,-18.377996,-0.21670899,-6.9920397,-12.579443,-6.1475744,0.16563942,-6.274655,-6.327984,-0.99773157
Random69
Raw:11.971999,-18.377996,-0.21670863,-6.992039,-12.579442,-6.1475744,0.16563927,-6.2746544,-6.327984,-0.99773175
EFT:11.972,-18.377996,-0.21670899,-6.9920397,-12.579443,-6.1475744,0.16563942,-6.274655,-6.327984,-0.99773157
Random70
Raw:11.972001,-18.377998,-0.21670938,-6.9920397,-12.579445,-6.1475754,0.16563903,-6.2746553,-6.3279843,-0.99773175
EFT:11.972,-18.377996,-0.21670899,-6.9920397,-12.579443,-6.1475744,0.16563942,-6.274655,-6.327984,-0.99773157
Random71
Raw:11.971999,-18.377995,-0.2167086,-6.992039,-12.579442,-6.1475754,0.16563927,-6.2746544,-6.327984,-0.99773175
EFT:11.972,-18.377996,-0.21670899,-6.9920397,-12.579443,-6.1475744,0.16563942,-6.274655,-6.327984,-0.99773157
Random72
Raw:11.972,-18.377996,-0.21670938,-6.99204,-12.579445,-6.1475754,0.16563796,-6.2746553,-6.3279853,-0.99773175
EFT:11.972,-18.377996,-0.21670899,-6.9920397,-12.579443,-6.1475744,0.16563942,-6.274655,-6.327984,-0.99773157
Random73
Raw:11.971998,-18.377993,-0.21670884,-6.9920382,-12.579441,-6.147574,0.16563903,-6.2746544,-6.3279834,-0.99773115
EFT:11.972,-18.377996,-0.21670899,-6.9920397,-12.579443,-6.1475744,0.16563942,-6.274655,-6.327984,-0.99773157
Random74
Raw:11.972,-18.377996,-0.21670863,-6.992039,-12.579445,-6.1475744,0.16563825,-6.274655,-6.327985,-0.99773175
EFT:11.972,-18.377996,-0.21670899,-6.9920397,-12.579443,-6.1475744,0.16563943,-6.274655,-6.327984,-0.99773157
Random75
Raw:11.971999,-18.377996,-0.21670842,-6.9920397,-12.579443,-6.147574,0.16563998,-6.274655,-6.3279834,-0.9977315
EFT:11.972,-18.377996,-0.21670899,-6.9920397,-12.579443,-6.1475744,0.16563942,-6.274655,-6.327984,-0.99773157
Random76
Raw:11.971999,-18.377995,-0.21670857,-6.992039,-12.579442,-6.147574,0.16563962,-6.274654,-6.327983,-0.99773115
EFT:11.972,-18.377996,-0.21670899,-6.9920397,-12.579443,-6.1475744,0.16563942,-6.274655,-6.327984,-0.99773157
Random77
Raw:11.972,-18.377998,-0.21670985,-6.99204,-12.579444,-6.1475754,0.1656392,-6.274655,-6.327986,-0.99773175
EFT:11.972,-18.377996,-0.21670899,-6.9920397,-12.579443,-6.1475744,0.16563942,-6.274655,-6.327984,-0.99773157
Random78
Raw:11.972001,-18.377998,-0.21670964,-6.992041,-12.579445,-6.147575,0.16563962,-6.2746553,-6.327986,-0.99773186
EFT:11.972,-18.377996,-0.21670899,-6.9920397,-12.579443,-6.1475744,0.16563942,-6.274655,-6.327984,-0.99773157
Random79
Raw:11.972,-18.377995,-0.21670866,-6.9920382,-12.579441,-6.147574,0.16564034,-6.2746544,-6.327983,-0.9977309
EFT:11.972,-18.377996,-0.21670899,-6.9920397,-12.579443,-6.1475744,0.16563942,-6.274655,-6.327984,-0.99773157
Random80
Raw:11.972002,-18.377996,-0.21670902,-6.9920406,-12.579444,-6.1475744,0.16563998,-6.274655,-6.327986,-0.99773127
EFT:11.972,-18.377996,-0.21670899,-6.9920397,-12.579443,-6.1475744,0.16563942,-6.274655,-6.327984,-0.99773157
Random81
Raw:11.972002,-18.377998,-0.21670893,-6.9920397,-12.579446,-6.147576,0.16563891,-6.274656,-6.327985,-0.997732
EFT:11.972,-18.377996,-0.21670899,-6.9920397,-12.579443,-6.1475744,0.16563943,-6.274655,-6.327984,-0.99773157
Random82
Raw:11.972,-18.377998,-0.21670961,-6.992041,-12.579445,-6.147576,0.16563903,-6.2746553,-6.3279862,-0.997732
EFT:11.972,-18.377996,-0.21670899,-6.9920397,-12.579443,-6.1475744,0.16563943,-6.274655,-6.327984,-0.99773157
Random83
Raw:11.972002,-18.377998,-0.2167077,-6.992039,-12.579445,-6.1475763,0.16563831,-6.274655,-6.327985,-0.9977315
EFT:11.972,-18.377996,-0.21670899,-6.9920397,-12.579443,-6.1475744,0.16563942,-6.274655,-6.327984,-0.99773157
Random84
Raw:11.971999,-18.377993,-0.21670824,-6.9920382,-12.579439,-6.1475744,0.16563933,-6.2746534,-6.327983,-0.9977308
EFT:11.972,-18.377996,-0.21670899,-6.9920397,-12.579443,-6.1475744,0.16563942,-6.274655,-6.327984,-0.99773157
Random85
Raw:11.972001,-18.377996,-0.2167089,-6.992039,-12.579444,-6.1475744,0.16563974,-6.274655,-6.327984,-0.9977315
EFT:11.972,-18.377996,-0.21670899,-6.9920397,-12.579443,-6.1475744,0.16563942,-6.274655,-6.327984,-0.99773157
Random86
Raw:11.972,-18.377995,-0.2167089,-6.9920397,-12.579441,-6.1475744,0.16563903,-6.2746544,-6.327984,-0.9977314
EFT:11.972,-18.377996,-0.21670899,-6.9920397,-12.579443,-6.1475744,0.16563942,-6.274655,-6.327984,-0.99773157
Random87
Raw:11.972001,-18.377998,-0.21671036,-6.992041,-12.579446,-6.147576,0.16563879,-6.274656,-6.3279867,-0.99773175
EFT:11.972,-18.377996,-0.21670899,-6.9920397,-12.579443,-6.1475744,0.16563943,-6.274655,-6.327984,-0.99773157
Random88
Raw:11.972,-18.377998,-0.2167089,-6.9920382,-12.579444,-6.1475744,0.16563855,-6.274655,-6.327984,-0.997732
EFT:11.972,-18.377996,-0.21670899,-6.9920397,-12.579443,-6.1475744,0.16563942,-6.274655,-6.327984,-0.99773157
Random89
Raw:11.972003,-18.377998,-0.21670938,-6.9920406,-12.579444,-6.1475763,0.1656407,-6.2746563,-6.327986,-0.9977315
EFT:11.972,-18.377996,-0.21670899,-6.9920397,-12.579443,-6.1475744,0.16563942,-6.274655,-6.327984,-0.99773157
Random90
Raw:11.972001,-18.377995,-0.21670818,-6.9920387,-12.579441,-6.147574,0.16564177,-6.2746553,-6.3279834,-0.99773115
EFT:11.972,-18.377996,-0.21670899,-6.9920397,-12.579443,-6.1475744,0.16563942,-6.274655,-6.327984,-0.99773157
Random91
Raw:11.972,-18.377996,-0.2167089,-6.992039,-12.579444,-6.1475744,0.16563784,-6.2746544,-6.327985,-0.99773175
EFT:11.972,-18.377996,-0.21670899,-6.9920397,-12.579443,-6.1475744,0.16563942,-6.274655,-6.327984,-0.99773157
Random92
Raw:11.972002,-18.378,-0.21671009,-6.992041,-12.579446,-6.147576,0.16563831,-6.2746563,-6.3279853,-0.997732
EFT:11.972,-18.377996,-0.21670899,-6.9920397,-12.579443,-6.1475744,0.16563942,-6.274655,-6.327984,-0.99773157
Random93
Raw:11.972001,-18.378,-0.21670985,-6.9920397,-12.579447,-6.1475763,0.16563784,-6.274656,-6.327985,-0.9977322
EFT:11.972,-18.377996,-0.21670899,-6.9920397,-12.579443,-6.1475744,0.16563942,-6.274655,-6.327984,-0.99773157
Random94
Raw:11.972003,-18.378,-0.2167095,-6.99204,-12.579446,-6.1475763,0.16563831,-6.2746553,-6.3279862,-0.9977322
EFT:11.972,-18.377996,-0.21670899,-6.9920397,-12.579443,-6.1475744,0.16563943,-6.274655,-6.327984,-0.99773157
Random95
Raw:11.971999,-18.377995,-0.21670866,-6.9920382,-12.579441,-6.147574,0.16563998,-6.2746544,-6.3279834,-0.9977314
EFT:11.972,-18.377996,-0.21670899,-6.9920397,-12.579443,-6.1475744,0.16563942,-6.274655,-6.327984,-0.99773157
Random96
Raw:11.972002,-18.378,-0.21671006,-6.992041,-12.579444,-6.1475754,0.1656398,-6.2746553,-6.3279862,-0.99773186
EFT:11.972,-18.377996,-0.21670899,-6.9920397,-12.579443,-6.1475744,0.16563942,-6.274655,-6.327984,-0.99773157
Random97
Raw:11.972,-18.377995,-0.21670842,-6.99204,-12.579442,-6.147574,0.16564141,-6.274655,-6.327985,-0.99773103
EFT:11.972,-18.377996,-0.21670899,-6.9920397,-12.579443,-6.1475744,0.16563942,-6.274655,-6.327984,-0.99773157
Random98
Raw:11.972,-18.377995,-0.2167089,-6.9920373,-12.579442,-6.1475744,0.16563831,-6.274654,-6.327983,-0.99773127
EFT:11.972,-18.377996,-0.21670899,-6.9920397,-12.579443,-6.1475744,0.16563942,-6.274655,-6.327984,-0.99773157
Random99
Raw:11.972,-18.377996,-0.21670824,-6.9920382,-12.579443,-6.147575,0.16563956,-6.274654,-6.3279843,-0.99773127
EFT:11.972,-18.377996,-0.21670899,-6.9920397,-12.579443,-6.1475744,0.16563942,-6.274655,-6.327984,-0.99773157
Random100
Raw:11.972001,-18.378,-0.21670985,-6.992041,-12.579445,-6.147576,0.16563831,-6.2746553,-6.327986,-0.99773186
EFT:11.972,-18.377996,-0.21670899,-6.9920397,-12.579443,-6.1475744,0.16563942,-6.274655,-6.327984,-0.99773157
Random101
Raw:11.971998,-18.377995,-0.21670914,-6.9920382,-12.57944,-6.147574,0.16563879,-6.274654,-6.327983,-0.9977314
EFT:11.972,-18.377996,-0.21670899,-6.9920397,-12.579443,-6.1475744,0.16563942,-6.274655,-6.327984,-0.99773157
Random102
Raw:11.971999,-18.377995,-0.21670887,-6.9920382,-12.579443,-6.147574,0.16563974,-6.274655,-6.3279834,-0.9977315
EFT:11.972,-18.377996,-0.21670899,-6.9920397,-12.579443,-6.1475744,0.16563942,-6.274655,-6.327984,-0.99773157
Random103
Raw:11.972002,-18.378,-0.2167094,-6.9920406,-12.579445,-6.1475754,0.16563974,-6.2746563,-6.327986,-0.9977322
EFT:11.972,-18.377996,-0.21670899,-6.9920397,-12.579443,-6.1475744,0.16563942,-6.274655,-6.327984,-0.99773157
Random104
Raw:11.972001,-18.378,-0.21670908,-6.992041,-12.579446,-6.1475763,0.16563927,-6.274656,-6.3279853,-0.9977321
EFT:11.972,-18.377996,-0.21670899,-6.9920397,-12.579443,-6.1475744,0.16563942,-6.274655,-6.327984,-0.99773157
Random105
Raw:11.972,-18.377995,-0.21670866,-6.99204,-12.579443,-6.147574,0.16564117,-6.2746544,-6.327985,-0.99773115
EFT:11.972,-18.377996,-0.21670899,-6.9920397,-12.579443,-6.1475744,0.16563942,-6.274655,-6.327984,-0.99773157
Random106
Raw:11.971999,-18.377995,-0.21670866,-6.9920382,-12.579441,-6.147574,0.16563807,-6.274654,-6.3279834,-0.99773115
EFT:11.972,-18.377996,-0.21670899,-6.9920397,-12.579443,-6.1475744,0.16563942,-6.274655,-6.327984,-0.99773157
Random107
Raw:11.971999,-18.377998,-0.21670926,-6.992039,-12.579444,-6.1475754,0.16563855,-6.2746553,-6.327983,-0.997732
EFT:11.972,-18.377996,-0.21670899,-6.9920397,-12.579443,-6.1475744,0.16563942,-6.274655,-6.327984,-0.99773157
Random108
Raw:11.972,-18.377995,-0.21670938,-6.9920397,-12.579443,-6.147574,0.16563998,-6.274655,-6.3279834,-0.9977315
EFT:11.972,-18.377996,-0.21670899,-6.9920397,-12.579443,-6.1475744,0.16563942,-6.274655,-6.327984,-0.99773157
Random109
Raw:11.972,-18.377995,-0.21670818,-6.9920363,-12.579441,-6.147575,0.16563939,-6.2746544,-6.327983,-0.99773127
EFT:11.972,-18.377996,-0.21670899,-6.9920397,-12.579443,-6.1475744,0.16563942,-6.274655,-6.327984,-0.99773157
Random110
Raw:11.972002,-18.377998,-0.2167089,-6.992039,-12.579445,-6.1475754,0.16564028,-6.274656,-6.327985,-0.9977315
EFT:11.972,-18.377996,-0.21670899,-6.9920397,-12.579443,-6.1475744,0.16563942,-6.274655,-6.327984,-0.99773157
Random111
Raw:11.972001,-18.377996,-0.21670896,-6.99204,-12.579445,-6.1475754,0.16563998,-6.2746553,-6.3279853,-0.9977314
EFT:11.972,-18.377996,-0.21670899,-6.9920397,-12.579443,-6.1475744,0.16563942,-6.274655,-6.327984,-0.99773157
Random112
Raw:11.971999,-18.377995,-0.21670848,-6.992039,-12.579441,-6.1475744,0.16563831,-6.274653,-6.327984,-0.9977315
EFT:11.972,-18.377996,-0.21670899,-6.9920397,-12.579443,-6.1475744,0.16563942,-6.274655,-6.327984,-0.99773157
Random113
Raw:11.972001,-18.377998,-0.21670794,-6.9920406,-12.579445,-6.1475744,0.16564141,-6.274656,-6.327984,-0.99773127
EFT:11.972,-18.377996,-0.21670899,-6.9920397,-12.579443,-6.1475744,0.16563942,-6.274655,-6.327984,-0.99773157
Random114
Raw:11.971999,-18.377996,-0.21670914,-6.99204,-12.579442,-6.147575,0.16563855,-6.274655,-6.327984,-0.99773175
EFT:11.972,-18.377996,-0.21670899,-6.9920397,-12.579443,-6.1475744,0.16563943,-6.274655,-6.327984,-0.99773157
Random115
Raw:11.971997,-18.377993,-0.21670914,-6.992038,-12.579442,-6.147574,0.1656364,-6.2746525,-6.3279843,-0.99773186
EFT:11.972,-18.377996,-0.21670899,-6.9920397,-12.579443,-6.1475744,0.16563942,-6.274655,-6.327984,-0.99773157
Random116
Raw:11.971999,-18.377996,-0.21670961,-6.99204,-12.579444,-6.1475754,0.16563879,-6.2746553,-6.327985,-0.99773186
EFT:11.972,-18.377996,-0.21670899,-6.9920397,-12.579443,-6.1475744,0.16563942,-6.274655,-6.327984,-0.99773157
Random117
Raw:11.972002,-18.377998,-0.21670842,-6.9920397,-12.579445,-6.1475754,0.16564046,-6.2746553,-6.3279843,-0.99773127
EFT:11.972,-18.377996,-0.21670899,-6.9920397,-12.579443,-6.1475744,0.16563943,-6.274655,-6.327984,-0.99773157
Random118
Raw:11.971998,-18.377993,-0.21670938,-6.992038,-12.57944,-6.1475735,0.16563855,-6.2746534,-6.3279824,-0.99773103
EFT:11.972,-18.377996,-0.21670899,-6.9920397,-12.579443,-6.1475744,0.16563942,-6.274655,-6.327984,-0.99773157
Random119
Raw:11.972,-18.377996,-0.2167086,-6.992039,-12.579443,-6.1475744,0.16564082,-6.274655,-6.327985,-0.99773115
EFT:11.972,-18.377996,-0.21670899,-6.9920397,-12.579443,-6.1475744,0.16563942,-6.274655,-6.327984,-0.99773157
Random120
Raw:11.972,-18.377996,-0.21670908,-6.9920397,-12.579443,-6.147575,0.16563855,-6.2746534,-6.3279853,-0.9977315
EFT:11.972,-18.377996,-0.21670899,-6.9920397,-12.579443,-6.1475744,0.16563942,-6.274655,-6.327984,-0.99773157
Random121
Raw:11.971999,-18.377995,-0.21670827,-6.992037,-12.579441,-6.1475744,0.16563855,-6.274653,-6.327983,-0.99773127
EFT:11.972,-18.377996,-0.21670899,-6.9920397,-12.579443,-6.1475744,0.16563942,-6.274655,-6.327984,-0.99773157
Random122
Raw:11.971999,-18.377995,-0.2167089,-6.9920387,-12.579442,-6.1475744,0.16563927,-6.2746544,-6.327984,-0.9977315
EFT:11.972,-18.377996,-0.21670899,-6.9920397,-12.579443,-6.1475744,0.16563942,-6.274655,-6.327984,-0.99773157
Random123
Raw:11.972002,-18.378,-0.21670991,-6.992041,-12.579445,-6.1475754,0.16563915,-6.2746553,-6.327986,-0.99773186
EFT:11.972,-18.377996,-0.21670899,-6.9920397,-12.579443,-6.1475744,0.16563942,-6.274655,-6.327984,-0.99773157
Random124
Raw:11.972001,-18.377996,-0.21670842,-6.9920387,-12.579443,-6.1475763,0.16563879,-6.274654,-6.327985,-0.9977315
EFT:11.972,-18.377996,-0.21670899,-6.9920397,-12.579443,-6.1475744,0.16563942,-6.274655,-6.327984,-0.99773157
Random125
Raw:11.972002,-18.378,-0.21670929,-6.99204,-12.579444,-6.1475763,0.16563879,-6.2746553,-6.3279853,-0.99773175
EFT:11.972,-18.377996,-0.21670899,-6.9920397,-12.579443,-6.1475744,0.16563942,-6.274655,-6.327984,-0.99773157
Random126
Raw:11.972001,-18.377996,-0.21670908,-6.99204,-12.579445,-6.1475744,0.16563962,-6.2746563,-6.327985,-0.9977314
EFT:11.972,-18.377996,-0.21670899,-6.9920397,-12.579443,-6.1475744,0.16563942,-6.274655,-6.327984,-0.99773157
Random127
Raw:11.972001,-18.377996,-0.2167086,-6.992039,-12.579445,-6.147576,0.16563879,-6.2746553,-6.327986,-0.9977316
EFT:11.972,-18.377996,-0.21670899,-6.9920397,-12.579443,-6.1475744,0.16563942,-6.274655,-6.327984,-0.99773157
Random128
Raw:11.972001,-18.377998,-0.21671006,-6.9920406,-12.579446,-6.147576,0.1656395,-6.2746553,-6.327986,-0.99773175
EFT:11.972,-18.377996,-0.21670899,-6.9920397,-12.579443,-6.1475744,0.16563942,-6.274655,-6.327984,-0.99773157
Random129
Raw:11.972,-18.377995,-0.21670842,-6.9920387,-12.579444,-6.1475744,0.16564031,-6.2746553,-6.327984,-0.99773127
EFT:11.972,-18.377996,-0.21670899,-6.9920397,-12.579443,-6.1475744,0.16563942,-6.274655,-6.327984,-0.99773157
Random130
Raw:11.971998,-18.377995,-0.21670794,-6.992038,-12.57944,-6.1475744,0.16563945,-6.274654,-6.327982,-0.9977309
EFT:11.972,-18.377996,-0.21670899,-6.9920397,-12.579443,-6.1475744,0.16563942,-6.274655,-6.327984,-0.99773157
Random131
Raw:11.971999,-18.377995,-0.21670902,-6.99204,-12.579442,-6.1475744,0.1656395,-6.2746544,-6.327984,-0.99773127
EFT:11.972,-18.377996,-0.21670899,-6.9920397,-12.579443,-6.1475744,0.16563942,-6.274655,-6.327984,-0.99773157
Random132
Raw:11.972,-18.377996,-0.2167078,-6.9920387,-12.579442,-6.1475735,0.16564189,-6.2746553,-6.327983,-0.99773103
EFT:11.972,-18.377996,-0.21670899,-6.9920397,-12.579443,-6.1475744,0.16563943,-6.274655,-6.327984,-0.99773157
Random133
Raw:11.971997,-18.377993,-0.21670869,-6.992037,-12.579442,-6.1475735,0.16563855,-6.2746534,-6.327983,-0.99773115
EFT:11.972,-18.377996,-0.21670899,-6.9920397,-12.579443,-6.1475744,0.16563942,-6.274655,-6.327984,-0.99773157
Random134
Raw:11.972,-18.377996,-0.2167089,-6.99204,-12.579445,-6.1475744,0.16563962,-6.2746544,-6.327985,-0.9977314
EFT:11.972,-18.377996,-0.21670899,-6.9920397,-12.579443,-6.1475744,0.16563943,-6.274655,-6.327984,-0.99773157
Random135
Raw:11.972002,-18.377998,-0.21671,-6.9920406,-12.579445,-6.1475754,0.1656395,-6.274656,-6.327986,-0.99773175
EFT:11.972,-18.377996,-0.21670899,-6.9920397,-12.579443,-6.1475744,0.16563942,-6.274655,-6.327984,-0.99773157
Random136
Raw:11.972001,-18.377995,-0.21670943,-6.99204,-12.579445,-6.1475754,0.1656395,-6.2746553,-6.327985,-0.9977316
EFT:11.972,-18.377996,-0.21670899,-6.9920397,-12.579443,-6.1475744,0.16563942,-6.274655,-6.327984,-0.99773157
Random137
Raw:11.972001,-18.378,-0.21670938,-6.99204,-12.579444,-6.147576,0.16564022,-6.2746563,-6.3279853,-0.997732
EFT:11.972,-18.377996,-0.21670899,-6.9920397,-12.579443,-6.1475744,0.16563942,-6.274655,-6.327984,-0.99773157
Random138
Raw:11.972,-18.377995,-0.21670896,-6.9920373,-12.579443,-6.1475735,0.16564094,-6.274655,-6.327984,-0.99773103
EFT:11.972,-18.377996,-0.21670899,-6.9920397,-12.579443,-6.1475744,0.16563942,-6.274655,-6.327984,-0.99773157
Random139
Raw:11.972,-18.377995,-0.21670842,-6.9920387,-12.579443,-6.1475744,0.16563998,-6.274655,-6.327984,-0.99773103
EFT:11.972,-18.377996,-0.21670899,-6.9920397,-12.579443,-6.1475744,0.16563942,-6.274655,-6.327984,-0.99773157
Random140
Raw:11.971999,-18.377996,-0.21670872,-6.9920397,-12.57944,-6.147575,0.16564022,-6.274654,-6.3279853,-0.99773115
EFT:11.972,-18.377996,-0.21670899,-6.9920397,-12.579443,-6.1475744,0.16563942,-6.274655,-6.327984,-0.99773157
Random141
Raw:11.971999,-18.377995,-0.21670866,-6.9920382,-12.579441,-6.1475735,0.16563998,-6.2746544,-6.327983,-0.99773103
EFT:11.972,-18.377996,-0.21670899,-6.9920397,-12.579443,-6.1475744,0.16563942,-6.274655,-6.327984,-0.99773157
Random142
Raw:11.972,-18.377996,-0.21670994,-6.992039,-12.579445,-6.1475744,0.16563927,-6.274656,-6.327984,-0.99773186
EFT:11.972,-18.377996,-0.21670899,-6.9920397,-12.579443,-6.1475744,0.16563942,-6.274655,-6.327984,-0.99773157
Random143
Raw:11.972001,-18.378,-0.21671003,-6.992041,-12.579446,-6.1475754,0.16563831,-6.2746553,-6.327986,-0.99773175
EFT:11.972,-18.377996,-0.21670899,-6.9920397,-12.579443,-6.1475744,0.16563942,-6.274655,-6.327984,-0.99773157
Random144
Raw:11.971999,-18.377995,-0.21670866,-6.9920387,-12.579443,-6.1475735,0.16564058,-6.2746553,-6.327982,-0.99773115
EFT:11.972,-18.377996,-0.21670899,-6.9920397,-12.579443,-6.1475744,0.16563942,-6.274655,-6.327984,-0.99773157
Random145
Raw:11.972,-18.377995,-0.21670848,-6.9920382,-12.57944,-6.147574,0.16564064,-6.274655,-6.327983,-0.9977308
EFT:11.972,-18.377996,-0.21670899,-6.9920397,-12.579443,-6.1475744,0.16563942,-6.274655,-6.327984,-0.99773157
Random146
Raw:11.971999,-18.377995,-0.2167086,-6.9920397,-12.57944,-6.1475744,0.16563879,-6.2746544,-6.327985,-0.9977315
EFT:11.972,-18.377996,-0.21670899,-6.9920397,-12.579443,-6.1475744,0.16563942,-6.274655,-6.327984,-0.99773157
Random147
Raw:11.972,-18.377996,-0.21670896,-6.9920397,-12.579442,-6.147574,0.16563974,-6.2746553,-6.327984,-0.99773127
EFT:11.972,-18.377996,-0.21670899,-6.9920397,-12.579443,-6.1475744,0.16563942,-6.274655,-6.327984,-0.99773157
Random148
Raw:11.972002,-18.377998,-0.2167089,-6.992039,-12.579446,-6.1475754,0.16563974,-6.274656,-6.327985,-0.9977315
EFT:11.972,-18.377996,-0.21670899,-6.9920397,-12.579443,-6.1475744,0.16563942,-6.274655,-6.327984,-0.99773157
Random149
Raw:11.971999,-18.377995,-0.21670878,-6.9920382,-12.579443,-6.1475744,0.16563831,-6.2746534,-6.327985,-0.99773127
EFT:11.972,-18.377996,-0.21670899,-6.9920397,-12.579443,-6.1475744,0.16563942,-6.274655,-6.327984,-0.99773157
Random150
Raw:11.971998,-18.377995,-0.21670848,-6.9920373,-12.579441,-6.147574,0.16563807,-6.274654,-6.327983,-0.9977314
EFT:11.972,-18.377996,-0.21670899,-6.9920397,-12.579443,-6.1475744,0.16563942,-6.274655,-6.327984,-0.99773157
Random151
Raw:11.972,-18.377995,-0.21670872,-6.992039,-12.579441,-6.1475744,0.1656395,-6.274654,-6.327983,-0.99773103
EFT:11.972,-18.377996,-0.21670899,-6.9920397,-12.579443,-6.1475744,0.16563942,-6.274655,-6.327984,-0.99773157
Random152
Raw:11.972002,-18.377996,-0.21670932,-6.99204,-12.579445,-6.1475763,0.16563855,-6.2746553,-6.3279862,-0.9977316
EFT:11.972,-18.377996,-0.21670899,-6.9920397,-12.579443,-6.1475744,0.16563942,-6.274655,-6.327984,-0.99773157
Random153
Raw:11.971999,-18.377995,-0.2167083,-6.992038,-12.57944,-6.1475744,0.1656395,-6.2746544,-6.327983,-0.99773127
EFT:11.972,-18.377996,-0.21670899,-6.9920397,-12.579443,-6.1475744,0.16563942,-6.274655,-6.327984,-0.99773157
Random154
Raw:11.971998,-18.377995,-0.2167089,-6.9920382,-12.57944,-6.1475744,0.16563855,-6.274654,-6.327983,-0.9977315
EFT:11.972,-18.377996,-0.21670899,-6.9920397,-12.579443,-6.1475744,0.16563943,-6.274655,-6.327984,-0.99773157
Random155
Raw:11.971999,-18.377995,-0.21670938,-6.992038,-12.579443,-6.1475735,0.16563712,-6.2746544,-6.327983,-0.99773186
EFT:11.972,-18.377996,-0.21670899,-6.9920397,-12.579443,-6.1475744,0.16563943,-6.274655,-6.327984,-0.99773157
Random156
Raw:11.972,-18.377995,-0.21670976,-6.9920382,-12.579444,-6.1475744,0.16563748,-6.2746544,-6.327984,-0.99773175
EFT:11.972,-18.377996,-0.21670899,-6.9920397,-12.579443,-6.1475744,0.16563942,-6.274655,-6.327984,-0.99773157
Random157
Raw:11.972,-18.377995,-0.21670747,-6.99204,-12.579439,-6.1475744,0.16564117,-6.2746544,-6.327982,-0.9977307
EFT:11.972,-18.377996,-0.21670899,-6.9920397,-12.579443,-6.1475744,0.16563942,-6.274655,-6.327984,-0.99773157
Random158
Raw:11.972003,-18.377998,-0.21670854,-6.99204,-12.579445,-6.1475754,0.16563974,-6.2746553,-6.3279862,-0.9977315
EFT:11.972,-18.377996,-0.21670899,-6.9920397,-12.579443,-6.1475744,0.16563942,-6.274655,-6.327984,-0.99773157
Random159
Raw:11.972,-18.377996,-0.2167089,-6.9920406,-12.579443,-6.147575,0.16563974,-6.2746553,-6.327985,-0.9977316
EFT:11.972,-18.377996,-0.21670899,-6.9920397,-12.579443,-6.1475744,0.16563942,-6.274655,-6.327984,-0.99773157
Random160
Raw:11.972,-18.377996,-0.21670818,-6.9920382,-12.579443,-6.1475754,0.16563837,-6.274654,-6.327984,-0.9977315
EFT:11.972,-18.377996,-0.21670899,-6.9920397,-12.579443,-6.1475744,0.16563942,-6.274655,-6.327984,-0.99773157
Random161
Raw:11.971998,-18.377993,-0.21670842,-6.992038,-12.579439,-6.147574,0.1656395,-6.2746534,-6.327982,-0.99773103
EFT:11.972,-18.377996,-0.21670899,-6.9920397,-12.579443,-6.1475744,0.16563942,-6.274655,-6.327984,-0.99773157
Random162
Raw:11.972001,-18.378,-0.21670985,-6.9920406,-12.579445,-6.147576,0.16563891,-6.274656,-6.3279853,-0.9977321
EFT:11.972,-18.377996,-0.21670899,-6.9920397,-12.579443,-6.1475744,0.16563942,-6.274655,-6.327984,-0.99773157
Random163
Raw:11.971999,-18.377993,-0.21670854,-6.9920373,-12.579441,-6.147573,0.16563998,-6.2746544,-6.327983,-0.99773127
EFT:11.972,-18.377996,-0.21670899,-6.9920397,-12.579443,-6.1475744,0.16563942,-6.274655,-6.327984,-0.99773157
Random164
Raw:11.972002,-18.377998,-0.21670818,-6.9920382,-12.579445,-6.147576,0.16563903,-6.2746553,-6.327985,-0.99773175
EFT:11.972,-18.377996,-0.21670899,-6.9920397,-12.579443,-6.1475744,0.16563943,-6.274655,-6.327984,-0.99773157
Random165
Raw:11.971999,-18.377995,-0.21670914,-6.9920397,-12.579443,-6.147574,0.1656395,-6.2746553,-6.327983,-0.9977316
EFT:11.972,-18.377996,-0.21670899,-6.9920397,-12.579443,-6.1475744,0.16563943,-6.274655,-6.327984,-0.99773157
Random166
Raw:11.971998,-18.37799,-0.21670926,-6.9920373,-12.57944,-6.1475725,0.1656376,-6.274653,-6.3279824,-0.9977316
EFT:11.972,-18.377996,-0.21670899,-6.9920397,-12.579443,-6.1475744,0.16563942,-6.274655,-6.327984,-0.99773157
Random167
Raw:11.972002,-18.377998,-0.21670985,-6.9920397,-12.579444,-6.1475744,0.16564022,-6.2746553,-6.3279853,-0.9977316
EFT:11.972,-18.377996,-0.21670899,-6.9920397,-12.579443,-6.1475744,0.16563942,-6.274655,-6.327984,-0.99773157
Random168
Raw:11.972001,-18.377998,-0.21670863,-6.9920397,-12.579441,-6.147575,0.16564028,-6.274655,-6.327984,-0.9977315
EFT:11.972,-18.377996,-0.21670899,-6.9920397,-12.579443,-6.1475744,0.16563943,-6.274655,-6.327984,-0.99773157
Random169
Raw:11.972001,-18.377998,-0.21670938,-6.99204,-12.579446,-6.147576,0.16563879,-6.2746553,-6.3279853,-0.99773175
EFT:11.972,-18.377996,-0.21670899,-6.9920397,-12.579443,-6.1475744,0.16563942,-6.274655,-6.327984,-0.99773157
Random170
Raw:11.971998,-18.377993,-0.21670967,-6.9920382,-12.579438,-6.147573,0.16563837,-6.2746534,-6.3279824,-0.99773103
EFT:11.972,-18.377996,-0.21670899,-6.9920397,-12.579443,-6.1475744,0.16563942,-6.274655,-6.327984,-0.99773157
Random171
Raw:11.972,-18.377996,-0.21670842,-6.9920397,-12.579442,-6.147574,0.16564076,-6.2746553,-6.3279843,-0.99773103
EFT:11.972,-18.377996,-0.21670899,-6.9920397,-12.579443,-6.1475744,0.16563942,-6.274655,-6.327984,-0.99773157
Random172
Raw:11.972002,-18.378,-0.2167089,-6.992041,-12.579445,-6.1475763,0.16563867,-6.274655,-6.3279862,-0.9977322
EFT:11.972,-18.377996,-0.21670899,-6.9920397,-12.579443,-6.1475744,0.16563942,-6.274655,-6.327984,-0.99773157
Random173
Raw:11.972002,-18.377998,-0.21670893,-6.9920397,-12.579446,-6.147576,0.16563807,-6.2746553,-6.3279843,-0.9977321
EFT:11.972,-18.377996,-0.21670899,-6.9920397,-12.579443,-6.1475744,0.16563942,-6.274655,-6.327984,-0.99773157
Random174
Raw:11.971997,-18.377993,-0.21670967,-6.9920382,-12.579442,-6.1475735,0.1656364,-6.2746534,-6.327982,-0.99773175
EFT:11.972,-18.377996,-0.21670899,-6.9920397,-12.579443,-6.1475744,0.16563942,-6.274655,-6.327984,-0.99773157
Random175
Raw:11.971999,-18.377995,-0.21670881,-6.992038,-12.579441,-6.1475744,0.16563909,-6.274655,-6.3279834,-0.9977316
EFT:11.972,-18.377996,-0.21670899,-6.9920397,-12.579443,-6.1475744,0.16563942,-6.274655,-6.327984,-0.99773157
Random176
Raw:11.972002,-18.378,-0.21670938,-6.99204,-12.579444,-6.1475763,0.1656401,-6.2746553,-6.327986,-0.99773186
EFT:11.972,-18.377996,-0.21670899,-6.9920397,-12.579443,-6.1475744,0.16563942,-6.274655,-6.327984,-0.99773157
Random177
Raw:11.971998,-18.377995,-0.21670878,-6.9920373,-12.579441,-6.147574,0.16563879,-6.2746534,-6.327984,-0.99773127
EFT:11.972,-18.377996,-0.21670899,-6.9920397,-12.579443,-6.1475744,0.16563942,-6.274655,-6.327984,-0.99773157
Random178
Raw:11.971999,-18.377996,-0.2167089,-6.9920382,-12.579444,-6.1475744,0.16563712,-6.274654,-6.3279843,-0.9977316
EFT:11.972,-18.377996,-0.21670899,-6.9920397,-12.579443,-6.1475744,0.16563943,-6.274655,-6.327984,-0.99773157
Random179
Raw:11.972001,-18.377996,-0.2167089,-6.99204,-12.579445,-6.147575,0.16563879,-6.2746544,-6.327985,-0.99773175
EFT:11.972,-18.377996,-0.21670899,-6.9920397,-12.579443,-6.1475744,0.16563942,-6.274655,-6.327984,-0.99773157
Random180
Raw:11.972003,-18.378002,-0.21670938,-6.9920406,-12.579447,-6.1475773,0.16563784,-6.274656,-6.327987,-0.99773234
EFT:11.972,-18.377996,-0.21670899,-6.9920397,-12.579443,-6.1475744,0.16563942,-6.274655,-6.327984,-0.99773157
Random181
Raw:11.971999,-18.377996,-0.21670932,-6.9920397,-12.579444,-6.1475735,0.1656398,-6.274655,-6.327984,-0.99773127
EFT:11.972,-18.377996,-0.21670899,-6.9920397,-12.579443,-6.1475744,0.16563942,-6.274655,-6.327984,-0.99773157
Random182
Raw:11.971998,-18.377995,-0.21670938,-6.9920373,-12.579441,-6.1475744,0.16563834,-6.2746534,-6.327983,-0.99773175
EFT:11.972,-18.377996,-0.21670899,-6.9920397,-12.579443,-6.1475744,0.16563942,-6.274655,-6.327984,-0.99773157
Random183
Raw:11.972002,-18.378,-0.21670985,-6.992041,-12.579446,-6.147576,0.16563831,-6.2746553,-6.327986,-0.997732
EFT:11.972,-18.377996,-0.21670899,-6.9920397,-12.579443,-6.1475744,0.16563942,-6.274655,-6.327984,-0.99773157
Random184
Raw:11.971999,-18.377993,-0.21670783,-6.9920373,-12.579439,-6.1475735,0.1656407,-6.274654,-6.327982,-0.9977309
EFT:11.972,-18.377996,-0.21670899,-6.9920397,-12.579443,-6.1475744,0.16563942,-6.274655,-6.327984,-0.99773157
Random185
Raw:11.971999,-18.377995,-0.21670878,-6.99204,-12.579441,-6.147573,0.16563974,-6.274655,-6.3279843,-0.99773103
EFT:11.972,-18.377996,-0.21670899,-6.9920397,-12.579443,-6.1475744,0.16563942,-6.274655,-6.327984,-0.99773157
Random186
Raw:11.972001,-18.377995,-0.21670797,-6.9920382,-12.579441,-6.147574,0.16564094,-6.274655,-6.327983,-0.99773103
EFT:11.972,-18.377996,-0.21670899,-6.9920397,-12.579443,-6.1475744,0.16563942,-6.274655,-6.327984,-0.99773157
Random187
Raw:11.971998,-18.377993,-0.2167089,-6.9920387,-12.579441,-6.1475735,0.16563974,-6.2746544,-6.3279834,-0.99773127
EFT:11.972,-18.377996,-0.21670899,-6.9920397,-12.579443,-6.1475744,0.16563942,-6.274655,-6.327984,-0.99773157
Random188
Raw:11.972,-18.377995,-0.2167089,-6.99204,-12.579443,-6.1475744,0.16563927,-6.274655,-6.327984,-0.9977315
EFT:11.972,-18.377996,-0.21670899,-6.9920397,-12.579443,-6.1475744,0.16563942,-6.274655,-6.327984,-0.99773157
Random189
Raw:11.972001,-18.377996,-0.2167089,-6.992039,-12.579445,-6.1475763,0.16563807,-6.274656,-6.327985,-0.997732
EFT:11.972,-18.377996,-0.21670899,-6.9920397,-12.579443,-6.1475744,0.16563943,-6.274655,-6.327984,-0.99773157
Random190
Raw:11.972001,-18.377996,-0.21670866,-6.9920382,-12.579444,-6.1475754,0.16563945,-6.274655,-6.3279843,-0.9977314
EFT:11.972,-18.377996,-0.21670899,-6.9920397,-12.579443,-6.1475744,0.16563942,-6.274655,-6.327984,-0.99773157
Random191
Raw:11.972001,-18.377996,-0.21670938,-6.99204,-12.579445,-6.1475744,0.16563879,-6.2746553,-6.327985,-0.9977316
EFT:11.972,-18.377996,-0.21670899,-6.9920397,-12.579443,-6.1475744,0.16563942,-6.274655,-6.327984,-0.99773157
Random192
Raw:11.971999,-18.377995,-0.21670938,-6.9920397,-12.579442,-6.1475744,0.16563855,-6.2746553,-6.327985,-0.9977315
EFT:11.972,-18.377996,-0.21670899,-6.9920397,-12.579443,-6.1475744,0.16563942,-6.274655,-6.327984,-0.99773157
Random193
Raw:11.972001,-18.377996,-0.21670908,-6.99204,-12.579445,-6.1475744,0.16563962,-6.274655,-6.327984,-0.99773127
EFT:11.972,-18.377996,-0.21670899,-6.9920397,-12.579443,-6.1475744,0.16563942,-6.274655,-6.327984,-0.99773157
Random194
Raw:11.971996,-18.37799,-0.21670973,-6.9920373,-12.579439,-6.147572,0.16563939,-6.2746534,-6.327983,-0.99773127
EFT:11.972,-18.377996,-0.21670899,-6.9920397,-12.579443,-6.1475744,0.16563943,-6.274655,-6.327984,-0.99773157
Random195
Raw:11.972,-18.377995,-0.21670872,-6.9920382,-12.579441,-6.1475735,0.16564016,-6.274655,-6.327983,-0.9977308
EFT:11.972,-18.377996,-0.21670899,-6.9920397,-12.579443,-6.1475744,0.16563943,-6.274655,-6.327984,-0.99773157
Random196
Raw:11.971998,-18.377995,-0.2167089,-6.99204,-12.579439,-6.1475744,0.16563879,-6.274653,-6.327984,-0.99773127
EFT:11.972,-18.377996,-0.21670899,-6.9920397,-12.579443,-6.1475744,0.16563942,-6.274655,-6.327984,-0.99773157
Random197
Raw:11.972,-18.377995,-0.21670866,-6.9920397,-12.579443,-6.147574,0.16563903,-6.2746544,-6.327984,-0.9977315
EFT:11.972,-18.377996,-0.21670899,-6.9920397,-12.579443,-6.1475744,0.16563942,-6.274655,-6.327984,-0.99773157
Random198
Raw:11.972001,-18.378,-0.21670973,-6.9920406,-12.579445,-6.1475763,0.16563784,-6.2746553,-6.3279853,-0.99773186
EFT:11.972,-18.377996,-0.21670899,-6.9920397,-12.579443,-6.1475744,0.16563942,-6.274655,-6.327984,-0.99773157
Random199
Raw:11.972002,-18.377996,-0.2167089,-6.992039,-12.579445,-6.1475763,0.1656379,-6.274656,-6.3279853,-0.9977321
EFT:11.972,-18.377996,-0.21670899,-6.9920397,-12.579443,-6.1475744,0.16563942,-6.274655,-6.327984,-0.99773157
Random200
Raw:11.972,-18.377995,-0.2167094,-6.99204,-12.579442,-6.147574,0.16563956,-6.2746544,-6.3279843,-0.99773127
EFT:11.972,-18.377996,-0.21670899,-6.9920397,-12.579443,-6.1475744,0.16563942,-6.274655,-6.327984,-0.99773157
Random201
Raw:11.971999,-18.377996,-0.21670914,-6.99204,-12.579443,-6.147575,0.16563974,-6.274654,-6.327985,-0.99773175
EFT:11.972,-18.377996,-0.21670899,-6.9920397,-12.579443,-6.1475744,0.16563943,-6.274655,-6.327984,-0.99773157
Random202
Raw:11.972002,-18.377998,-0.2167092,-6.9920397,-12.579445,-6.147576,0.16563962,-6.274656,-6.3279853,-0.9977315
EFT:11.972,-18.377996,-0.21670899,-6.9920397,-12.579443,-6.1475744,0.16563942,-6.274655,-6.327984,-0.99773157
Random203
Raw:11.972001,-18.377996,-0.21670848,-6.9920387,-12.579441,-6.1475744,0.1656407,-6.2746544,-6.327984,-0.99773115
EFT:11.972,-18.377996,-0.21670899,-6.9920397,-12.579443,-6.1475744,0.16563942,-6.274655,-6.327984,-0.99773157
Random204
Raw:11.972,-18.377996,-0.21670958,-6.992039,-12.579444,-6.1475754,0.1656382,-6.2746553,-6.3279853,-0.997732
EFT:11.972,-18.377996,-0.21670899,-6.9920397,-12.579443,-6.1475744,0.16563942,-6.274655,-6.327984,-0.99773157
Random205
Raw:11.971998,-18.37799,-0.21670938,-6.992038,-12.579441,-6.1475725,0.16564022,-6.2746534,-6.3279834,-0.9977309
EFT:11.972,-18.377996,-0.21670899,-6.9920397,-12.579443,-6.1475744,0.16563942,-6.274655,-6.327984,-0.99773157
Random206
Raw:11.972001,-18.377998,-0.2167098,-6.99204,-12.579447,-6.147576,0.16563736,-6.274656,-6.327986,-0.9977321
EFT:11.972,-18.377996,-0.21670899,-6.9920397,-12.579443,-6.1475744,0.16563942,-6.274655,-6.327984,-0.99773157
Random207
Raw:11.972001,-18.377996,-0.21670875,-6.99204,-12.579443,-6.1475754,0.16564004,-6.2746553,-6.327985,-0.99773115
EFT:11.972,-18.377996,-0.21670899,-6.9920397,-12.579443,-6.1475744,0.16563942,-6.274655,-6.327984,-0.99773157
Random208
Raw:11.971999,-18.377996,-0.21670938,-6.99204,-12.579443,-6.1475744,0.16563974,-6.2746553,-6.3279834,-0.9977315
EFT:11.972,-18.377996,-0.21670899,-6.9920397,-12.579443,-6.1475744,0.16563942,-6.274655,-6.327984,-0.99773157
Random209
Raw:11.971999,-18.377995,-0.2167083,-6.992037,-12.579442,-6.1475744,0.1656395,-6.2746544,-6.327982,-0.9977315
EFT:11.972,-18.377996,-0.21670899,-6.9920397,-12.579443,-6.1475744,0.16563942,-6.274655,-6.327984,-0.99773157
Random210
Raw:11.972,-18.377996,-0.21670842,-6.992039,-12.579443,-6.147574,0.16564046,-6.2746544,-6.3279834,-0.99773127
EFT:11.972,-18.377996,-0.21670899,-6.9920397,-12.579443,-6.1475744,0.16563942,-6.274655,-6.327984,-0.99773157
Random211
Raw:11.972,-18.377996,-0.21670896,-6.99204,-12.579444,-6.147575,0.16563945,-6.2746544,-6.327985,-0.99773127
EFT:11.972,-18.377996,-0.21670899,-6.9920397,-12.579443,-6.1475744,0.16563942,-6.274655,-6.327984,-0.99773157
Random212
Raw:11.972,-18.377995,-0.21670899,-6.9920406,-12.579444,-6.147574,0.16564094,-6.2746553,-6.3279824,-0.99773103
EFT:11.972,-18.377996,-0.21670899,-6.9920397,-12.579443,-6.1475744,0.16563943,-6.274655,-6.327984,-0.99773157
Random213
Raw:11.971998,-18.377995,-0.2167092,-6.9920382,-12.579443,-6.1475735,0.16563784,-6.2746534,-6.327984,-0.9977316
EFT:11.972,-18.377996,-0.21670899,-6.9920397,-12.579443,-6.1475744,0.16563942,-6.274655,-6.327984,-0.99773157
Random214
Raw:11.972001,-18.377998,-0.21670896,-6.9920397,-12.579442,-6.147576,0.16563962,-6.2746553,-6.327984,-0.9977315
EFT:11.972,-18.377996,-0.21670899,-6.9920397,-12.579443,-6.1475744,0.16563942,-6.274655,-6.327984,-0.99773157
Random215
Raw:11.971999,-18.377993,-0.21670794,-6.9920363,-12.57944,-6.1475735,0.1656395,-6.2746544,-6.3279824,-0.9977308
EFT:11.972,-18.377996,-0.21670899,-6.9920397,-12.579443,-6.1475744,0.16563943,-6.274655,-6.327984,-0.99773157
Random216
Raw:11.972,-18.377995,-0.21670938,-6.99204,-12.579442,-6.147574,0.16563927,-6.2746544,-6.327985,-0.99773127
EFT:11.972,-18.377996,-0.21670899,-6.9920397,-12.579443,-6.1475744,0.16563942,-6.274655,-6.327984,-0.99773157
Random217
Raw:11.972,-18.377995,-0.21670866,-6.9920397,-12.579442,-6.147574,0.16564046,-6.2746544,-6.327984,-0.99773103
EFT:11.972,-18.377996,-0.21670899,-6.9920397,-12.579443,-6.1475744,0.16563942,-6.274655,-6.327984,-0.99773157
Random218
Raw:11.972001,-18.378,-0.21671009,-6.9920406,-12.579445,-6.1475754,0.16563879,-6.274656,-6.3279862,-0.9977321
EFT:11.972,-18.377996,-0.21670899,-6.9920397,-12.579443,-6.1475744,0.16563942,-6.274655,-6.327984,-0.99773157
Random219
Raw:11.972,-18.377996,-0.21670884,-6.992039,-12.579443,-6.147575,0.16563831,-6.274654,-6.3279843,-0.9977314
EFT:11.972,-18.377996,-0.21670899,-6.9920397,-12.579443,-6.1475744,0.16563942,-6.274655,-6.327984,-0.99773157
Random220
Raw:11.971996,-18.37799,-0.21670985,-6.9920382,-12.57944,-6.1475725,0.16563879,-6.2746534,-6.327983,-0.99773115
EFT:11.972,-18.377996,-0.21670899,-6.9920397,-12.579443,-6.1475744,0.16563942,-6.274655,-6.327984,-0.99773157
Random221
Raw:11.972,-18.377996,-0.21670878,-6.9920406,-12.579445,-6.1475744,0.16564034,-6.274655,-6.3279843,-0.9977314
EFT:11.972,-18.377996,-0.21670899,-6.9920397,-12.579443,-6.1475744,0.16563942,-6.274655,-6.327984,-0.99773157
Random222
Raw:11.972,-18.378002,-0.21671101,-6.99204,-12.579446,-6.1475754,0.1656376,-6.2746553,-6.3279867,-0.99773246
EFT:11.972,-18.377996,-0.21670899,-6.9920397,-12.579443,-6.1475744,0.16563942,-6.274655,-6.327984,-0.99773157
Random223
Raw:11.972,-18.377996,-0.2167089,-6.992039,-12.579445,-6.147575,0.16563855,-6.2746544,-6.3279843,-0.9977315
EFT:11.972,-18.377996,-0.21670899,-6.9920397,-12.579443,-6.1475744,0.16563942,-6.274655,-6.327984,-0.99773157
Random224
Raw:11.972001,-18.377998,-0.21670902,-6.99204,-12.579446,-6.1475763,0.1656376,-6.2746553,-6.327985,-0.9977322
EFT:11.972,-18.377996,-0.21670899,-6.9920397,-12.579443,-6.1475744,0.16563942,-6.274655,-6.327984,-0.99773157
Random225
Raw:11.972,-18.377995,-0.21670872,-6.9920387,-12.579443,-6.147575,0.16563855,-6.274655,-6.3279843,-0.99773175
EFT:11.972,-18.377996,-0.21670899,-6.9920397,-12.579443,-6.1475744,0.16563942,-6.274655,-6.327984,-0.99773157
Random226
Raw:11.972,-18.377995,-0.21670836,-6.9920397,-12.579442,-6.147574,0.16563974,-6.2746544,-6.327984,-0.9977314
EFT:11.972,-18.377996,-0.21670899,-6.9920397,-12.579443,-6.1475744,0.16563942,-6.274655,-6.327984,-0.99773157
Random227
Raw:11.972,-18.377996,-0.21670985,-6.9920397,-12.579444,-6.1475754,0.16563855,-6.2746544,-6.327986,-0.9977315
EFT:11.972,-18.377996,-0.21670899,-6.9920397,-12.579443,-6.1475744,0.16563942,-6.274655,-6.327984,-0.99773157
Random228
Raw:11.972001,-18.377995,-0.21670842,-6.992039,-12.579444,-6.1475744,0.16564022,-6.2746553,-6.3279843,-0.9977315
EFT:11.972,-18.377996,-0.21670899,-6.9920397,-12.579443,-6.1475744,0.16563942,-6.274655,-6.327984,-0.99773157
Random229
Raw:11.972,-18.377995,-0.21670884,-6.9920382,-12.579441,-6.147574,0.16563968,-6.274655,-6.327984,-0.9977315
EFT:11.972,-18.377996,-0.21670899,-6.9920397,-12.579443,-6.1475744,0.16563942,-6.274655,-6.327984,-0.99773157
Random230
Raw:11.972002,-18.377996,-0.21670794,-6.992039,-12.579443,-6.147575,0.16564117,-6.2746553,-6.327983,-0.99773115
EFT:11.972,-18.377996,-0.21670899,-6.9920397,-12.579443,-6.1475744,0.16563942,-6.274655,-6.327984,-0.99773157
Random231
Raw:11.972,-18.377996,-0.2167092,-6.9920387,-12.579443,-6.1475744,0.16563998,-6.2746553,-6.327985,-0.99773127
EFT:11.972,-18.377996,-0.21670899,-6.9920397,-12.579443,-6.1475744,0.16563942,-6.274655,-6.327984,-0.99773157
Random232
Raw:11.971999,-18.377995,-0.21670818,-6.9920387,-12.57944,-6.1475744,0.16564022,-6.2746544,-6.327983,-0.99773115
EFT:11.972,-18.377996,-0.21670899,-6.9920397,-12.579443,-6.1475744,0.16563942,-6.274655,-6.327984,-0.99773157
Random233
Raw:11.972,-18.377995,-0.21670872,-6.99204,-12.579441,-6.1475744,0.16563831,-6.2746544,-6.3279843,-0.99773127
EFT:11.972,-18.377996,-0.21670899,-6.9920397,-12.579443,-6.1475744,0.16563943,-6.274655,-6.327984,-0.99773157
Random234
Raw:11.971998,-18.377993,-0.21670851,-6.9920382,-12.57944,-6.1475735,0.16563974,-6.2746534,-6.3279824,-0.99773127
EFT:11.972,-18.377996,-0.21670899,-6.9920397,-12.579443,-6.1475744,0.16563942,-6.274655,-6.327984,-0.99773157
Random235
Raw:11.972,-18.377995,-0.2167092,-6.992041,-12.579445,-6.1475744,0.16563974,-6.2746553,-6.3279843,-0.9977315
EFT:11.972,-18.377996,-0.21670899,-6.9920397,-12.579443,-6.1475744,0.16563942,-6.274655,-6.327984,-0.99773157
Random236
Raw:11.971999,-18.377995,-0.21670812,-6.992039,-12.579442,-6.147574,0.16564004,-6.2746534,-6.3279834,-0.99773115
EFT:11.972,-18.377996,-0.21670899,-6.9920397,-12.579443,-6.1475744,0.16563942,-6.274655,-6.327984,-0.99773157
Random237
Raw:11.972,-18.377998,-0.21670932,-6.99204,-12.579445,-6.147575,0.16563778,-6.2746553,-6.327985,-0.997732
EFT:11.972,-18.377996,-0.21670899,-6.9920397,-12.579443,-6.1475744,0.16563942,-6.274655,-6.327984,-0.99773157
Random238
Raw:11.971998,-18.377993,-0.21670985,-6.9920397,-12.579444,-6.147574,0.16563736,-6.274654,-6.3279843,-0.99773186
EFT:11.972,-18.377996,-0.21670899,-6.9920397,-12.579443,-6.1475744,0.16563942,-6.274655,-6.327984,-0.99773157
Random239
Raw:11.971999,-18.377995,-0.21670896,-6.99204,-12.579442,-6.1475735,0.16563927,-6.2746544,-6.327985,-0.99773127
EFT:11.972,-18.377996,-0.21670899,-6.9920397,-12.579443,-6.1475744,0.16563942,-6.274655,-6.327984,-0.99773157
Random240
Raw:11.971999,-18.377996,-0.21670881,-6.9920382,-12.579444,-6.1475754,0.16563807,-6.274655,-6.3279843,-0.9977321
EFT:11.972,-18.377996,-0.21670899,-6.9920397,-12.579443,-6.1475744,0.16563942,-6.274655,-6.327984,-0.99773157
Random241
Raw:11.972,-18.377995,-0.2167092,-6.992039,-12.579443,-6.1475744,0.16563855,-6.274655,-6.3279834,-0.9977316
EFT:11.972,-18.377996,-0.21670899,-6.9920397,-12.579443,-6.1475744,0.16563942,-6.274655,-6.327984,-0.99773157
Random242
Raw:11.971999,-18.377995,-0.21670866,-6.992038,-12.579441,-6.1475735,0.16563801,-6.274654,-6.3279824,-0.99773115
EFT:11.972,-18.377996,-0.21670899,-6.9920397,-12.579443,-6.1475744,0.16563943,-6.274655,-6.327984,-0.99773157
Random243
Raw:11.971999,-18.377996,-0.2167089,-6.9920382,-12.579443,-6.1475754,0.16563879,-6.2746544,-6.3279843,-0.9977316
EFT:11.972,-18.377996,-0.21670899,-6.9920397,-12.579443,-6.1475744,0.16563942,-6.274655,-6.327984,-0.99773157
Random244
Raw:11.971997,-18.377995,-0.21670908,-6.992038,-12.579441,-6.1475744,0.16563801,-6.274653,-6.327983,-0.9977316
EFT:11.972,-18.377996,-0.21670899,-6.9920397,-12.579443,-6.1475744,0.16563942,-6.274655,-6.327984,-0.99773157
Random245
Raw:11.972002,-18.377998,-0.21670985,-6.992041,-12.579445,-6.1475754,0.16563867,-6.2746553,-6.3279862,-0.99773186
EFT:11.972,-18.377996,-0.21670899,-6.9920397,-12.579443,-6.1475744,0.16563942,-6.274655,-6.327984,-0.99773157
Random246
Raw:11.972003,-18.377996,-0.21670848,-6.992038,-12.579445,-6.1475763,0.16563903,-6.2746553,-6.327985,-0.9977316
EFT:11.972,-18.377996,-0.21670899,-6.9920397,-12.579443,-6.1475744,0.16563942,-6.274655,-6.327984,-0.99773157
Random247
Raw:11.971999,-18.377996,-0.21670893,-6.9920397,-12.579445,-6.1475744,0.16563849,-6.274654,-6.3279843,-0.99773175
EFT:11.972,-18.377996,-0.21670899,-6.9920397,-12.579443,-6.1475744,0.16563943,-6.274655,-6.327984,-0.99773157
Random248
Raw:11.972,-18.377996,-0.21670872,-6.99204,-12.579443,-6.1475744,0.16564046,-6.2746553,-6.327985,-0.9977314
EFT:11.972,-18.377996,-0.21670899,-6.9920397,-12.579443,-6.1475744,0.16563943,-6.274655,-6.327984,-0.99773157
Random249
Raw:11.972002,-18.377998,-0.21670905,-6.99204,-12.579446,-6.1475754,0.1656401,-6.2746553,-6.3279853,-0.9977315
EFT:11.972,-18.377996,-0.21670899,-6.9920397,-12.579443,-6.1475744,0.16563943,-6.274655,-6.327984,-0.99773157
Random250
Raw:11.971997,-18.37799,-0.21670938,-6.992038,-12.579442,-6.147572,0.16563796,-6.274654,-6.327983,-0.9977314
EFT:11.972,-18.377996,-0.21670899,-6.9920397,-12.579443,-6.1475744,0.16563942,-6.274655,-6.327984,-0.99773157
Random251
Raw:11.971999,-18.377995,-0.21670938,-6.9920406,-12.579441,-6.1475735,0.16563855,-6.2746544,-6.327984,-0.99773103
EFT:11.972,-18.377996,-0.21670899,-6.9920397,-12.579443,-6.1475744,0.16563942,-6.274655,-6.327984,-0.99773157
Random252
Raw:11.972,-18.377996,-0.21670842,-6.9920387,-12.579443,-6.1475744,0.1656382,-6.2746544,-6.327984,-0.9977316
EFT:11.972,-18.377996,-0.21670899,-6.9920397,-12.579443,-6.1475744,0.16563942,-6.274655,-6.327984,-0.99773157
Random253
Raw:11.972,-18.377995,-0.21670908,-6.9920397,-12.579443,-6.1475744,0.16563927,-6.2746544,-6.327985,-0.9977315
EFT:11.972,-18.377996,-0.21670899,-6.9920397,-12.579443,-6.1475744,0.16563942,-6.274655,-6.327984,-0.99773157
Random254
Raw:11.972004,-18.378,-0.21670794,-6.9920397,-12.579445,-6.1475754,0.16563974,-6.2746553,-6.327986,-0.99773175
EFT:11.972,-18.377996,-0.21670899,-6.9920397,-12.579443,-6.1475744,0.16563942,-6.274655,-6.327984,-0.99773157
Random255
Raw:11.972,-18.377995,-0.21670842,-6.992039,-12.579441,-6.1475744,0.16563855,-6.2746544,-6.3279843,-0.99773103
EFT:11.972,-18.377996,-0.21670899,-6.9920397,-12.579443,-6.1475744,0.16563942,-6.274655,-6.327984,-0.99773157
Random256
Raw:11.971999,-18.377995,-0.21670902,-6.99204,-12.579442,-6.1475735,0.16563903,-6.274654,-6.327984,-0.9977314
EFT:11.972,-18.377996,-0.21670899,-6.9920397,-12.579443,-6.1475744,0.16563942,-6.274655,-6.327984,-0.99773157
Random257
Raw:11.971999,-18.377995,-0.21670878,-6.9920373,-12.579443,-6.147574,0.16563986,-6.2746544,-6.3279834,-0.99773127
EFT:11.972,-18.377996,-0.21670899,-6.9920397,-12.579443,-6.1475744,0.16563942,-6.274655,-6.327984,-0.99773157
Random258
Raw:11.972,-18.377996,-0.21670842,-6.992039,-12.579442,-6.1475754,0.16563974,-6.2746553,-6.3279843,-0.9977316
EFT:11.972,-18.377996,-0.21670899,-6.9920397,-12.579443,-6.1475744,0.16563942,-6.274655,-6.327984,-0.99773157
Random259
Raw:11.972001,-18.377995,-0.21670818,-6.992039,-12.579442,-6.147575,0.16563956,-6.274654,-6.327984,-0.99773103
EFT:11.972,-18.377996,-0.21670899,-6.9920397,-12.579443,-6.1475744,0.16563942,-6.274655,-6.327984,-0.99773157
Random260
Raw:11.972,-18.377995,-0.2167089,-6.9920397,-12.579445,-6.1475735,0.16563903,-6.2746544,-6.327984,-0.99773127
EFT:11.972,-18.377996,-0.21670899,-6.9920397,-12.579443,-6.1475744,0.16563942,-6.274655,-6.327984,-0.99773157
Random261
Raw:11.972,-18.377996,-0.2167092,-6.99204,-12.579443,-6.147575,0.16563855,-6.274655,-6.3279853,-0.99773175
EFT:11.972,-18.377996,-0.21670899,-6.9920397,-12.579443,-6.1475744,0.16563943,-6.274655,-6.327984,-0.99773157
Random262
Raw:11.972,-18.377995,-0.21670967,-6.9920397,-12.579445,-6.1475735,0.16563903,-6.2746553,-6.327984,-0.99773175
EFT:11.972,-18.377996,-0.21670899,-6.9920397,-12.579443,-6.1475744,0.16563942,-6.274655,-6.327984,-0.99773157
Random263
Raw:11.972,-18.377996,-0.21670866,-6.9920387,-12.57944,-6.1475744,0.16563879,-6.2746544,-6.327985,-0.9977314
EFT:11.972,-18.377996,-0.21670899,-6.9920397,-12.579443,-6.1475744,0.16563942,-6.274655,-6.327984,-0.99773157
Random264
Raw:11.971998,-18.377995,-0.21670938,-6.9920382,-12.579441,-6.147574,0.16563709,-6.274653,-6.327984,-0.9977316
EFT:11.972,-18.377996,-0.21670899,-6.9920397,-12.579443,-6.1475744,0.16563942,-6.274655,-6.327984,-0.99773157
Random265
Raw:11.972,-18.377995,-0.21670794,-6.992037,-12.579441,-6.1475744,0.16564046,-6.2746553,-6.327983,-0.9977315
EFT:11.972,-18.377996,-0.21670899,-6.9920397,-12.579443,-6.1475744,0.16563942,-6.274655,-6.327984,-0.99773157
Random266
Raw:11.971999,-18.377993,-0.21670818,-6.992037,-12.57944,-6.1475725,0.16563962,-6.2746534,-6.327982,-0.99773103
EFT:11.972,-18.377996,-0.21670899,-6.9920397,-12.579443,-6.1475744,0.16563942,-6.274655,-6.327984,-0.99773157
Random267
Raw:11.972,-18.377995,-0.21670794,-6.992039,-12.579445,-6.147574,0.16563903,-6.2746544,-6.3279843,-0.9977316
EFT:11.972,-18.377996,-0.21670899,-6.9920397,-12.579443,-6.1475744,0.16563942,-6.274655,-6.327984,-0.99773157
Random268
Raw:11.972002,-18.378,-0.21670964,-6.9920406,-12.579445,-6.1475763,0.16563879,-6.274656,-6.3279853,-0.99773175
EFT:11.972,-18.377996,-0.21670899,-6.9920397,-12.579443,-6.1475744,0.16563942,-6.274655,-6.327984,-0.99773157
Random269
Raw:11.972001,-18.378,-0.21670943,-6.9920406,-12.579445,-6.147576,0.16563784,-6.274655,-6.327986,-0.997732
EFT:11.972,-18.377996,-0.21670899,-6.9920397,-12.579443,-6.1475744,0.16563943,-6.274655,-6.327984,-0.99773157
Random270
Raw:11.972001,-18.377996,-0.21670845,-6.992039,-12.579443,-6.147575,0.16563974,-6.2746553,-6.327984,-0.99773127
EFT:11.972,-18.377996,-0.21670899,-6.9920397,-12.579443,-6.1475744,0.16563942,-6.274655,-6.327984,-0.99773157
Random271
Raw:11.972,-18.377996,-0.21670866,-6.99204,-12.579444,-6.1475754,0.16563807,-6.2746544,-6.3279843,-0.99773175
EFT:11.972,-18.377996,-0.21670899,-6.9920397,-12.579443,-6.1475744,0.16563943,-6.274655,-6.327984,-0.99773157
Random272
Raw:11.971998,-18.377995,-0.21670842,-6.99204,-12.579441,-6.1475735,0.16564102,-6.274654,-6.3279843,-0.9977308
EFT:11.972,-18.377996,-0.21670899,-6.9920397,-12.579443,-6.1475744,0.16563942,-6.274655,-6.327984,-0.99773157
Random273
Raw:11.972002,-18.378,-0.21670985,-6.992041,-12.579445,-6.147576,0.16563927,-6.274656,-6.327986,-0.997732
EFT:11.972,-18.377996,-0.21670899,-6.9920397,-12.579443,-6.1475744,0.16563942,-6.274655,-6.327984,-0.99773157
Random274
Raw:11.972,-18.377998,-0.2167089,-6.992039,-12.579443,-6.1475744,0.16563855,-6.274655,-6.327985,-0.997732
EFT:11.972,-18.377996,-0.21670899,-6.9920397,-12.579443,-6.1475744,0.16563942,-6.274655,-6.327984,-0.99773157
Random275
Raw:11.972002,-18.377996,-0.21670794,-6.992039,-12.579444,-6.147575,0.16564082,-6.2746553,-6.327984,-0.99773115
EFT:11.972,-18.377996,-0.21670899,-6.9920397,-12.579443,-6.1475744,0.16563942,-6.274655,-6.327984,-0.99773157
Random276
Raw:11.972001,-18.377996,-0.21670818,-6.992038,-12.579443,-6.1475744,0.16564046,-6.274655,-6.327984,-0.99773127
EFT:11.972,-18.377996,-0.21670899,-6.9920397,-12.579443,-6.1475744,0.16563942,-6.274655,-6.327984,-0.99773157
Random277
Raw:11.971998,-18.377993,-0.2167094,-6.99204,-12.579439,-6.147573,0.16563986,-6.2746534,-6.3279824,-0.9977308
EFT:11.972,-18.377996,-0.21670899,-6.9920397,-12.579443,-6.1475744,0.16563942,-6.274655,-6.327984,-0.99773157
Random278
Raw:11.971999,-18.377995,-0.21670866,-6.9920397,-12.579442,-6.147574,0.16563936,-6.2746544,-6.327984,-0.9977315
EFT:11.972,-18.377996,-0.21670899,-6.9920397,-12.579443,-6.1475744,0.16563942,-6.274655,-6.327984,-0.99773157
Random279
Raw:11.971998,-18.377995,-0.21670896,-6.9920382,-12.579441,-6.147574,0.16563879,-6.2746534,-6.3279834,-0.99773127
EFT:11.972,-18.377996,-0.21670899,-6.9920397,-12.579443,-6.1475744,0.16563942,-6.274655,-6.327984,-0.99773157
Random280
Raw:11.972001,-18.378,-0.21671069,-6.9920406,-12.579447,-6.1475763,0.16563688,-6.2746553,-6.3279862,-0.99773246
EFT:11.972,-18.377996,-0.21670899,-6.9920397,-12.579443,-6.1475744,0.16563942,-6.274655,-6.327984,-0.99773157
Random281
Raw:11.972,-18.377995,-0.21670887,-6.99204,-12.579442,-6.1475744,0.16563942,-6.274655,-6.327983,-0.9977315
EFT:11.972,-18.377996,-0.21670899,-6.9920397,-12.579443,-6.1475744,0.16563942,-6.274655,-6.327984,-0.99773157
Random282
Raw:11.972,-18.377996,-0.21670938,-6.9920406,-12.579445,-6.1475735,0.16563915,-6.274655,-6.327985,-0.99773186
EFT:11.972,-18.377996,-0.21670899,-6.9920397,-12.579443,-6.1475744,0.16563942,-6.274655,-6.327984,-0.99773157
Random283
Raw:11.972,-18.377996,-0.21670932,-6.992041,-12.579442,-6.1475744,0.16564141,-6.2746553,-6.327985,-0.99773115
EFT:11.972,-18.377996,-0.21670899,-6.9920397,-12.579443,-6.1475744,0.16563942,-6.274655,-6.327984,-0.99773157
Random284
Raw:11.972002,-18.378,-0.21670932,-6.992039,-12.579446,-6.1475773,0.16563813,-6.2746553,-6.3279853,-0.9977322
EFT:11.972,-18.377996,-0.21670899,-6.9920397,-12.579443,-6.1475744,0.16563942,-6.274655,-6.327984,-0.99773157
Random285
Raw:11.972002,-18.377998,-0.21670961,-6.9920397,-12.579446,-6.1475763,0.16563879,-6.2746553,-6.3279862,-0.997732
EFT:11.972,-18.377996,-0.21670899,-6.9920397,-12.579443,-6.1475744,0.16563942,-6.274655,-6.327984,-0.99773157
Random286
Raw:11.971998,-18.377993,-0.2167089,-6.9920373,-12.579442,-6.1475735,0.16563807,-6.2746534,-6.327984,-0.99773175
EFT:11.972,-18.377996,-0.21670899,-6.9920397,-12.579443,-6.1475744,0.16563942,-6.274655,-6.327984,-0.99773157
Random287
Raw:11.972,-18.377996,-0.21670914,-6.9920382,-12.579444,-6.1475754,0.16563676,-6.2746544,-6.327984,-0.9977316
EFT:11.972,-18.377996,-0.21670899,-6.9920397,-12.579443,-6.1475744,0.16563942,-6.274655,-6.327984,-0.99773157
Random288
Raw:11.972003,-18.377998,-0.21670976,-6.9920406,-12.579447,-6.1475763,0.16563784,-6.2746563,-6.3279862,-0.9977322
EFT:11.972,-18.377996,-0.21670899,-6.9920397,-12.579443,-6.1475744,0.16563943,-6.274655,-6.327984,-0.99773157
Random289
Raw:11.971998,-18.377996,-0.21670884,-6.9920382,-12.579443,-6.147575,0.16563688,-6.2746534,-6.3279843,-0.997732
EFT:11.972,-18.377996,-0.21670899,-6.9920397,-12.579443,-6.1475744,0.16563943,-6.274655,-6.327984,-0.99773157
Random290
Raw:11.972,-18.377996,-0.21670794,-6.992039,-12.579439,-6.1475754,0.16563903,-6.2746544,-6.327984,-0.9977314
EFT:11.972,-18.377996,-0.21670899,-6.9920397,-12.579443,-6.1475744,0.16563942,-6.274655,-6.327984,-0.99773157
Random291
Raw:11.971998,-18.377995,-0.21670866,-6.992038,-12.579443,-6.1475735,0.16563968,-6.2746544,-6.327983,-0.99773127
EFT:11.972,-18.377996,-0.21670899,-6.9920397,-12.579443,-6.1475744,0.16563943,-6.274655,-6.327984,-0.99773157
Random292
Raw:11.971999,-18.377995,-0.21670869,-6.9920373,-12.579437,-6.147575,0.16563974,-6.2746544,-6.327983,-0.9977309
EFT:11.972,-18.377996,-0.21670899,-6.9920397,-12.579443,-6.1475744,0.16563943,-6.274655,-6.327984,-0.99773157
Random293
Raw:11.972,-18.377996,-0.21670938,-6.9920397,-12.579445,-6.147576,0.16563712,-6.274655,-6.3279862,-0.9977322
EFT:11.972,-18.377996,-0.21670899,-6.9920397,-12.579443,-6.1475744,0.16563942,-6.274655,-6.327984,-0.99773157
Random294
Raw:11.971999,-18.377996,-0.21670854,-6.9920373,-12.579439,-6.147574,0.16563879,-6.274653,-6.327983,-0.99773127
EFT:11.972,-18.377996,-0.21670899,-6.9920397,-12.579443,-6.1475744,0.16563942,-6.274655,-6.327984,-0.99773157
Random295
Raw:11.972,-18.377996,-0.2167089,-6.9920382,-12.579443,-6.147575,0.1656376,-6.2746544,-6.327984,-0.9977315
EFT:11.972,-18.377996,-0.21670899,-6.9920397,-12.579443,-6.1475744,0.16563942,-6.274655,-6.327984,-0.99773157
Random296
Raw:11.972001,-18.377995,-0.21670848,-6.9920397,-12.579443,-6.147575,0.1656407,-6.274655,-6.327984,-0.9977308
EFT:11.972,-18.377996,-0.21670899,-6.9920397,-12.579443,-6.1475744,0.16563942,-6.274655,-6.327984,-0.99773157
Random297
Raw:11.972,-18.377996,-0.21670857,-6.992039,-12.579442,-6.1475744,0.16563924,-6.274654,-6.327984,-0.9977315
EFT:11.972,-18.377996,-0.21670899,-6.9920397,-12.579443,-6.1475744,0.16563943,-6.274655,-6.327984,-0.99773157
Random298
Raw:11.972,-18.377996,-0.21670875,-6.99204,-12.579443,-6.1475744,0.16563974,-6.2746553,-6.327984,-0.9977315
EFT:11.972,-18.377996,-0.21670899,-6.9920397,-12.579443,-6.1475744,0.16563942,-6.274655,-6.327984,-0.99773157
Random299
Raw:11.972,-18.377995,-0.21670842,-6.992038,-12.579442,-6.1475744,0.16563956,-6.2746544,-6.327983,-0.99773127
EFT:11.972,-18.377996,-0.21670899,-6.9920397,-12.579443,-6.1475744,0.16563942,-6.274655,-6.327984,-0.99773157
Random300
Raw:11.972001,-18.377996,-0.21670938,-6.9920397,-12.579443,-6.147576,0.1656382,-6.2746553,-6.327985,-0.99773186
EFT:11.972,-18.377996,-0.21670899,-6.9920397,-12.579443,-6.1475744,0.16563942,-6.274655,-6.327984,-0.99773157
