Ascend
Raw:-0.32881355,-1.9241818,6.8754277,0.64243114,18.203337,3.0991902,6.5884604,3.2756612,3.7430944,6.6762815
EFT:-0.32881394,-1.924181,6.8754272,0.6424298,18.203335,3.09919,6.58846,3.2756622,3.7430942,6.676282
Descend
Raw:-0.3288151,-1.9241782,6.8754272,0.6424304,18.203335,3.0991912,6.58846,3.2756643,3.743092,6.6762824
EFT:-0.32881394,-1.924181,6.8754272,0.6424298,18.203335,3.09919,6.58846,3.2756622,3.7430944,6.676282
Random1
Raw:-0.32881355,-1.9241813,6.8754287,0.642432,18.203339,3.0991914,6.588461,3.275663,3.743093,6.6762834
EFT:-0.32881394,-1.924181,6.8754272,0.6424298,18.203335,3.09919,6.58846,3.2756622,3.7430942,6.676282
Random2
Raw:-0.32881355,-1.9241842,6.8754244,0.64242923,18.20333,3.0991893,6.5884557,3.2756555,3.743095,6.6762743
EFT:-0.32881394,-1.924181,6.8754272,0.6424298,18.203335,3.09919,6.58846,3.2756622,3.7430944,6.676282
Random3
Raw:-0.3288144,-1.9241788,6.8754287,0.64243174,18.203339,3.0991914,6.5884614,3.275664,3.7430925,6.6762843
EFT:-0.32881394,-1.924181,6.8754272,0.6424298,18.203335,3.09919,6.58846,3.2756622,3.7430942,6.676282
Random4
Raw:-0.32881498,-1.9241798,6.8754272,0.64243066,18.203335,3.0991912,6.5884595,3.2756631,3.7430916,6.6762834
EFT:-0.32881394,-1.924181,6.8754272,0.6424298,18.203335,3.09919,6.58846,3.2756622,3.7430942,6.676282
Random5
Raw:-0.32881445,-1.92418,6.8754263,0.64243066,18.203333,3.099191,6.588458,3.275662,3.7430925,6.6762805
EFT:-0.32881394,-1.924181,6.8754272,0.6424298,18.203335,3.09919,6.58846,3.2756622,3.7430942,6.676282
Random6
Raw:-0.32881343,-1.9241834,6.875427,0.6424297,18.203335,3.0991907,6.58846,3.2756586,3.7430968,6.6762795
EFT:-0.32881394,-1.924181,6.8754272,0.6424298,18.203335,3.09919,6.58846,3.2756622,3.7430942,6.676282
Random7
Raw:-0.32881534,-1.9241778,6.8754263,0.64243007,18.203335,3.0991912,6.588458,3.2756653,3.7430897,6.676284
EFT:-0.32881394,-1.924181,6.8754272,0.6424298,18.203335,3.09919,6.58846,3.2756622,3.7430942,6.676282
Random8
Raw:-0.32881582,-1.924177,6.8754306,0.64243174,18.20334,3.0991921,6.5884624,3.2756677,3.7430897,6.6762877
EFT:-0.32881394,-1.924181,6.8754272,0.6424298,18.203335,3.09919,6.58846,3.2756622,3.7430942,6.676282
Random9
Raw:-0.32881403,-1.924183,6.8754234,0.6424303,18.20333,3.0991902,6.5884542,3.2756574,3.743093,6.676277
EFT:-0.32881394,-1.924181,6.8754272,0.6424298,18.203335,3.09919,6.58846,3.2756622,3.7430942,6.676282
Random10
Raw:-0.32881308,-1.9241813,6.8754277,0.6424316,18.203335,3.0991888,6.5884595,3.2756608,3.743094,6.6762805
EFT:-0.32881394,-1.924181,6.8754272,0.6424298,18.203335,3.09919,6.58846,3.2756622,3.7430944,6.676282
Random11
Raw:-0.32881355,-1.9241804,6.875425,0.6424302,18.20333,3.0991883,6.588457,3.275661,3.743093,6.67628
EFT:-0.32881394,-1.924181,6.8754272,0.6424298,18.203335,3.09919,6.58846,3.2756622,3.7430944,6.676282
Random12
Raw:-0.32881474,-1.9241812,6.875427,0.6424302,18.203331,3.0991905,6.5884585,3.275662,3.743093,6.676281
EFT:-0.32881394,-1.924181,6.8754272,0.6424299,18.203335,3.09919,6.58846,3.2756622,3.7430942,6.676282
Random13
Raw:-0.32881498,-1.9241817,6.8754263,0.6424298,18.203333,3.0991912,6.588459,3.2756615,3.7430925,6.676281
EFT:-0.32881394,-1.924181,6.8754272,0.6424299,18.203335,3.09919,6.58846,3.2756622,3.7430942,6.676282
Random14
Raw:-0.32881486,-1.9241804,6.8754277,0.6424298,18.203337,3.0991912,6.588461,3.275663,3.743093,6.6762824
EFT:-0.32881394,-1.924181,6.8754272,0.6424298,18.203335,3.09919,6.58846,3.2756622,3.7430942,6.676282
Random15
Raw:-0.32881534,-1.9241775,6.8754263,0.6424302,18.203335,3.099191,6.58846,3.2756655,3.7430902,6.6762843
EFT:-0.32881394,-1.924181,6.8754272,0.6424298,18.203335,3.09919,6.58846,3.2756622,3.7430944,6.676282
Random16
Raw:-0.32881463,-1.9241798,6.8754272,0.64243054,18.203335,3.0991917,6.5884585,3.2756636,3.743093,6.6762815
EFT:-0.32881394,-1.924181,6.8754272,0.6424298,18.203335,3.09919,6.58846,3.2756622,3.7430942,6.676282
Random17
Raw:-0.3288163,-1.9241769,6.8754272,0.6424303,18.203335,3.0991912,6.588459,3.2756667,3.7430897,6.6762853
EFT:-0.32881394,-1.924181,6.8754272,0.6424298,18.203335,3.09919,6.58846,3.2756622,3.7430944,6.676282
Random18
Raw:-0.32881463,-1.9241775,6.8754263,0.6424295,18.20333,3.0991902,6.588458,3.275663,3.743093,6.6762805
EFT:-0.32881394,-1.924181,6.8754272,0.6424298,18.203335,3.09919,6.58846,3.2756622,3.7430942,6.676282
Random19
Raw:-0.32881403,-1.9241799,6.875427,0.64243066,18.203333,3.0991893,6.5884585,3.2756617,3.743093,6.6762815
EFT:-0.32881394,-1.924181,6.8754272,0.6424298,18.203335,3.09919,6.58846,3.2756622,3.7430942,6.676282
Random20
Raw:-0.32881534,-1.924179,6.8754296,0.64243066,18.20334,3.0991921,6.5884604,3.275665,3.743092,6.6762857
EFT:-0.32881394,-1.924181,6.8754272,0.6424298,18.203335,3.09919,6.58846,3.2756622,3.7430942,6.676282
Random21
Raw:-0.3288157,-1.924179,6.875427,0.6424295,18.203333,3.0991902,6.588459,3.2756636,3.7430916,6.676282
EFT:-0.32881394,-1.924181,6.8754272,0.6424298,18.203335,3.09919,6.58846,3.2756622,3.7430942,6.676282
Random22
Raw:-0.3288154,-1.9241773,6.8754287,0.6424309,18.203339,3.0991929,6.5884614,3.2756662,3.7430916,6.6762853
EFT:-0.32881394,-1.924181,6.8754272,0.6424298,18.203335,3.09919,6.58846,3.2756622,3.7430942,6.676282
Random23
Raw:-0.32881445,-1.9241794,6.8754277,0.6424302,18.203333,3.0991902,6.588459,3.2756631,3.7430925,6.6762824
EFT:-0.32881394,-1.924181,6.8754272,0.6424298,18.203335,3.09919,6.58846,3.2756622,3.7430942,6.676282
Random24
Raw:-0.32881314,-1.924182,6.875426,0.6424316,18.203333,3.0991895,6.588457,3.2756598,3.7430935,6.6762795
EFT:-0.32881394,-1.924181,6.8754272,0.6424298,18.203335,3.09919,6.58846,3.2756622,3.7430942,6.676282
Random25
Raw:-0.32881385,-1.9241812,6.8754263,0.64243007,18.203333,3.09919,6.588458,3.275661,3.7430944,6.6762805
EFT:-0.32881394,-1.924181,6.8754272,0.6424299,18.203335,3.09919,6.58846,3.2756622,3.7430942,6.676282
Random26
Raw:-0.32881546,-1.9241797,6.8754263,0.64242935,18.203331,3.0991912,6.5884576,3.2756634,3.743091,6.6762815
EFT:-0.32881394,-1.924181,6.8754272,0.6424299,18.203335,3.09919,6.58846,3.2756622,3.7430942,6.676282
Random27
Raw:-0.32881427,-1.9241804,6.8754287,0.6424304,18.20334,3.0991914,6.588461,3.2756639,3.743094,6.6762853
EFT:-0.32881394,-1.924181,6.8754272,0.6424298,18.203335,3.09919,6.58846,3.2756622,3.7430942,6.676282
Random28
Raw:-0.32881582,-1.9241778,6.8754277,0.64243066,18.203337,3.0991921,6.588461,3.2756658,3.7430902,6.6762853
EFT:-0.32881394,-1.924181,6.8754272,0.6424298,18.203335,3.09919,6.58846,3.2756622,3.7430944,6.676282
Random29
Raw:-0.32881355,-1.924183,6.8754272,0.6424308,18.203337,3.0991912,6.5884595,3.27566,3.7430954,6.676282
EFT:-0.32881394,-1.924181,6.8754272,0.6424298,18.203335,3.09919,6.58846,3.2756622,3.7430944,6.676282
Random30
Raw:-0.3288144,-1.9241781,6.875427,0.64243054,18.203333,3.0991907,6.588459,3.2756648,3.7430906,6.676284
EFT:-0.32881394,-1.924181,6.8754272,0.6424298,18.203335,3.09919,6.58846,3.2756622,3.7430944,6.676282
Random31
Raw:-0.32881373,-1.924181,6.875426,0.64243007,18.203331,3.0991893,6.588459,3.27566,3.7430944,6.6762776
EFT:-0.32881394,-1.924181,6.8754272,0.6424298,18.203335,3.09919,6.58846,3.2756622,3.7430944,6.676282
Random32
Raw:-0.32881385,-1.9241823,6.875426,0.6424303,18.20333,3.0991898,6.588457,3.2756596,3.7430925,6.6762776
EFT:-0.32881394,-1.924181,6.8754272,0.6424298,18.203335,3.09919,6.58846,3.2756622,3.7430942,6.676282
Random33
Raw:-0.32881343,-1.9241816,6.8754253,0.64243007,18.20333,3.0991902,6.588458,3.2756584,3.7430944,6.6762776
EFT:-0.32881394,-1.924181,6.8754272,0.6424298,18.203335,3.09919,6.58846,3.2756622,3.7430942,6.676282
Random34
Raw:-0.32881385,-1.9241811,6.875425,0.64243054,18.203331,3.0991902,6.588457,3.2756596,3.7430935,6.6762786
EFT:-0.32881394,-1.924181,6.8754272,0.6424298,18.203335,3.09919,6.58846,3.2756622,3.7430942,6.676282
Random35
Raw:-0.3288139,-1.9241825,6.875425,0.6424304,18.20333,3.0991888,6.5884566,3.275659,3.743094,6.6762786
EFT:-0.32881394,-1.924181,6.8754272,0.6424298,18.203335,3.09919,6.58846,3.2756622,3.7430944,6.676282
Random36
Raw:-0.32881504,-1.9241818,6.875427,0.64243066,18.203333,3.0991912,6.5884585,3.27566,3.743094,6.67628
EFT:-0.32881394,-1.924181,6.8754272,0.6424299,18.203335,3.09919,6.58846,3.2756622,3.7430942,6.676282
Random37
Raw:-0.32881647,-1.9241785,6.8754306,0.64242995,18.203342,3.0991926,6.5884624,3.2756667,3.743093,6.6762867
EFT:-0.32881394,-1.924181,6.8754272,0.6424298,18.203335,3.09919,6.58846,3.2756622,3.7430942,6.676282
Random38
Raw:-0.32881385,-1.9241828,6.8754244,0.6424296,18.20333,3.099189,6.588456,3.2756577,3.7430954,6.676277
EFT:-0.32881394,-1.924181,6.8754272,0.6424298,18.203335,3.09919,6.58846,3.2756622,3.7430944,6.676282
Random39
Raw:-0.32881486,-1.9241804,6.8754277,0.6424298,18.203337,3.0991902,6.588461,3.2756631,3.743093,6.676282
EFT:-0.32881394,-1.924181,6.8754272,0.6424298,18.203335,3.09919,6.58846,3.2756622,3.7430944,6.676282
Random40
Raw:-0.32881445,-1.9241784,6.875427,0.64243126,18.203335,3.099191,6.588457,3.2756643,3.7430906,6.6762834
EFT:-0.32881394,-1.924181,6.8754272,0.6424298,18.203335,3.09919,6.58846,3.2756622,3.7430944,6.676282
Random41
Raw:-0.32881474,-1.9241791,6.8754277,0.64243007,18.203339,3.0991917,6.588461,3.275664,3.7430925,6.676284
EFT:-0.32881394,-1.924181,6.8754272,0.6424298,18.203335,3.09919,6.58846,3.2756622,3.7430944,6.676282
Random42
Raw:-0.32881516,-1.9241787,6.8754277,0.64242995,18.203339,3.0991917,6.5884604,3.2756639,3.743093,6.676284
EFT:-0.32881394,-1.924181,6.8754272,0.6424298,18.203335,3.09919,6.58846,3.2756622,3.7430942,6.676282
Random43
Raw:-0.3288133,-1.924182,6.875426,0.6424304,18.203331,3.0991902,6.588458,3.2756588,3.7430954,6.676278
EFT:-0.32881394,-1.924181,6.8754272,0.6424298,18.203335,3.09919,6.58846,3.2756622,3.7430942,6.676282
Random44
Raw:-0.3288138,-1.9241813,6.8754272,0.6424308,18.203333,3.09919,6.58846,3.2756605,3.7430935,6.67628
EFT:-0.32881394,-1.924181,6.8754272,0.6424299,18.203335,3.09919,6.58846,3.2756622,3.7430942,6.676282
Random45
Raw:-0.32881522,-1.9241803,6.8754277,0.64243114,18.203335,3.0991912,6.588459,3.2756634,3.7430916,6.6762824
EFT:-0.32881394,-1.924181,6.8754272,0.6424299,18.203335,3.09919,6.58846,3.2756622,3.7430942,6.676282
Random46
Raw:-0.32881242,-1.9241823,6.8754272,0.64243126,18.203333,3.0991895,6.588458,3.2756596,3.743094,6.6762795
EFT:-0.32881394,-1.924181,6.8754272,0.6424298,18.203335,3.09919,6.58846,3.2756622,3.7430942,6.676282
Random47
Raw:-0.3288133,-1.9241827,6.8754253,0.6424316,18.20333,3.0991893,6.588456,3.275659,3.7430935,6.6762776
EFT:-0.32881394,-1.924181,6.8754272,0.6424298,18.203335,3.09919,6.58846,3.2756622,3.7430944,6.676282
Random48
Raw:-0.32881188,-1.9241843,6.8754234,0.6424314,18.203325,3.0991874,6.588454,3.2756548,3.743095,6.6762757
EFT:-0.32881394,-1.924181,6.8754272,0.6424298,18.203335,3.09919,6.58846,3.2756622,3.7430942,6.676282
Random49
Raw:-0.32881272,-1.9241823,6.8754225,0.6424295,18.203323,3.0991883,6.5884542,3.2756567,3.7430944,6.6762757
EFT:-0.32881394,-1.924181,6.8754272,0.6424298,18.203335,3.09919,6.58846,3.2756622,3.7430942,6.676282
Random50
Raw:-0.3288138,-1.9241798,6.8754253,0.6424303,18.203331,3.09919,6.5884585,3.2756608,3.743093,6.6762795
EFT:-0.32881394,-1.924181,6.8754272,0.6424298,18.203335,3.09919,6.58846,3.2756622,3.7430944,6.676282
Random51
Raw:-0.32881427,-1.9241813,6.8754253,0.6424302,18.203331,3.0991905,6.588456,3.2756596,3.7430925,6.67628
EFT:-0.32881394,-1.924181,6.8754272,0.6424299,18.203335,3.09919,6.58846,3.2756622,3.7430944,6.676282
Random52
Raw:-0.3288135,-1.924181,6.8754272,0.6424314,18.203335,3.0991898,6.5884585,3.275661,3.7430935,6.6762805
EFT:-0.32881394,-1.924181,6.8754272,0.6424298,18.203335,3.09919,6.58846,3.2756622,3.7430944,6.676282
Random53
Raw:-0.32881522,-1.9241799,6.8754272,0.6424297,18.203337,3.0991907,6.5884614,3.275663,3.743092,6.676282
EFT:-0.32881394,-1.924181,6.8754272,0.6424298,18.203335,3.09919,6.58846,3.2756622,3.7430942,6.676282
Random54
Raw:-0.32881302,-1.924182,6.875427,0.64243126,18.203333,3.0991902,6.588459,3.275659,3.743095,6.676279
EFT:-0.32881394,-1.924181,6.8754272,0.6424298,18.203335,3.09919,6.58846,3.2756622,3.7430942,6.676282
Random55
Raw:-0.3288148,-1.9241799,6.8754272,0.6424297,18.203335,3.09919,6.588459,3.2756639,3.743092,6.6762824
EFT:-0.32881394,-1.924181,6.8754272,0.6424298,18.203335,3.09919,6.58846,3.2756622,3.7430942,6.676282
Random56
Raw:-0.32881147,-1.9241854,6.875427,0.6424315,18.203331,3.0991898,6.5884576,3.2756557,3.7430964,6.6762757
EFT:-0.32881394,-1.924181,6.8754272,0.6424298,18.203335,3.09919,6.58846,3.2756622,3.7430942,6.676282
Random57
Raw:-0.3288145,-1.924183,6.875427,0.6424295,18.203335,3.0991907,6.5884595,3.2756596,3.7430944,6.676278
EFT:-0.32881394,-1.924181,6.8754272,0.6424298,18.203335,3.09919,6.58846,3.2756622,3.7430942,6.676282
Random58
Raw:-0.32881474,-1.9241802,6.875426,0.64243066,18.203333,3.0991902,6.5884585,3.2756622,3.743092,6.676282
EFT:-0.32881394,-1.924181,6.8754272,0.6424298,18.203335,3.09919,6.58846,3.2756622,3.7430942,6.676282
Random59
Raw:-0.32881474,-1.9241805,6.8754287,0.6424315,18.20334,3.0991921,6.5884614,3.2756631,3.7430925,6.6762843
EFT:-0.32881394,-1.924181,6.8754272,0.6424298,18.203335,3.09919,6.58846,3.2756622,3.7430942,6.676282
Random60
Raw:-0.32881463,-1.9241813,6.8754277,0.642431,18.203335,3.0991902,6.5884595,3.2756615,3.743093,6.676281
EFT:-0.32881394,-1.924181,6.8754272,0.6424299,18.203335,3.09919,6.58846,3.2756622,3.7430942,6.676282
Random61
Raw:-0.3288133,-1.9241816,6.875426,0.642431,18.203331,3.0991893,6.588458,3.2756598,3.743094,6.6762786
EFT:-0.32881394,-1.924181,6.8754272,0.6424298,18.203335,3.09919,6.58846,3.2756622,3.7430942,6.676282
Random62
Raw:-0.3288138,-1.9241815,6.875426,0.6424303,18.203331,3.0991907,6.5884576,3.2756586,3.743094,6.676279
EFT:-0.32881394,-1.924181,6.8754272,0.6424298,18.203335,3.09919,6.58846,3.2756622,3.7430942,6.676282
Random63
Raw:-0.3288145,-1.9241799,6.875427,0.64243007,18.203337,3.0991914,6.5884595,3.275663,3.7430925,6.6762824
EFT:-0.32881394,-1.924181,6.8754272,0.6424298,18.203335,3.09919,6.58846,3.2756622,3.7430942,6.676282
Random64
Raw:-0.32881397,-1.9241793,6.875426,0.64243007,18.20333,3.0991893,6.5884576,3.275662,3.7430925,6.6762805
EFT:-0.32881394,-1.924181,6.8754272,0.6424299,18.203335,3.09919,6.58846,3.2756622,3.7430942,6.676282
Random65
Raw:-0.32881427,-1.9241805,6.875426,0.6424297,18.203331,3.09919,6.588459,3.2756615,3.7430925,6.6762805
EFT:-0.32881394,-1.924181,6.8754272,0.6424298,18.203335,3.09919,6.58846,3.2756622,3.7430942,6.676282
Random66
Raw:-0.32881457,-1.9241798,6.8754253,0.64242995,18.203331,3.0991902,6.588458,3.275661,3.743093,6.6762805
EFT:-0.32881394,-1.924181,6.8754272,0.6424299,18.203335,3.09919,6.58846,3.2756622,3.7430942,6.676282
Random67
Raw:-0.3288139,-1.9241815,6.8754263,0.64243054,18.203331,3.099189,6.5884585,3.275662,3.7430916,6.6762805
EFT:-0.32881394,-1.924181,6.8754272,0.6424298,18.203335,3.09919,6.58846,3.2756622,3.7430942,6.676282
Random68
Raw:-0.3288169,-1.924179,6.8754287,0.642429,18.203344,3.0991936,6.5884633,3.2756662,3.7430935,6.6762857
EFT:-0.32881394,-1.924181,6.8754272,0.6424298,18.203335,3.09919,6.58846,3.2756622,3.7430942,6.676282
Random69
Raw:-0.32881403,-1.9241794,6.8754277,0.6424304,18.203335,3.0991895,6.5884595,3.2756636,3.743093,6.6762824
EFT:-0.32881394,-1.924181,6.8754272,0.6424298,18.203335,3.09919,6.58846,3.2756622,3.7430942,6.676282
Random70
Raw:-0.3288145,-1.9241837,6.875426,0.64243054,18.203337,3.0991914,6.5884585,3.27566,3.7430944,6.6762805
EFT:-0.32881394,-1.924181,6.8754272,0.6424298,18.203335,3.09919,6.58846,3.2756622,3.7430944,6.676282
Random71
Raw:-0.32881254,-1.9241835,6.875425,0.64242935,18.203325,3.0991871,6.5884557,3.275656,3.7430964,6.676275
EFT:-0.32881394,-1.924181,6.8754272,0.6424298,18.203335,3.09919,6.58846,3.2756622,3.7430942,6.676282
Random72
Raw:-0.328812,-1.9241873,6.8754244,0.64242864,18.203327,3.0991883,6.5884566,3.2756524,3.7430987,6.676273
EFT:-0.32881394,-1.924181,6.8754272,0.6424298,18.203335,3.09919,6.58846,3.2756622,3.7430944,6.676282
Random73
Raw:-0.32881403,-1.9241819,6.875427,0.64243054,18.203331,3.0991912,6.5884595,3.2756586,3.7430944,6.6762795
EFT:-0.32881394,-1.924181,6.8754272,0.6424298,18.203335,3.09919,6.58846,3.2756622,3.7430942,6.676282
Random74
Raw:-0.32881355,-1.9241806,6.8754263,0.64242935,18.203333,3.09919,6.588459,3.2756605,3.743095,6.676279
EFT:-0.32881394,-1.924181,6.8754272,0.6424299,18.203335,3.09919,6.58846,3.2756622,3.7430944,6.676282
Random75
Raw:-0.3288139,-1.9241802,6.875425,0.6424298,18.20333,3.099189,6.5884566,3.2756608,3.7430925,6.676279
EFT:-0.32881394,-1.924181,6.8754272,0.6424299,18.203335,3.09919,6.58846,3.2756622,3.7430942,6.676282
Random76
Raw:-0.32881516,-1.9241798,6.8754263,0.6424303,18.203333,3.0991912,6.5884595,3.2756646,3.743091,6.6762824
EFT:-0.32881394,-1.924181,6.8754272,0.6424298,18.203335,3.09919,6.58846,3.2756622,3.7430942,6.676282
Random77
Raw:-0.3288157,-1.9241791,6.875425,0.6424298,18.20333,3.0991905,6.5884585,3.2756631,3.743092,6.676282
EFT:-0.32881394,-1.924181,6.8754272,0.6424298,18.203335,3.09919,6.58846,3.2756622,3.7430942,6.676282
Random78
Raw:-0.3288145,-1.9241802,6.8754272,0.64243066,18.203335,3.0991902,6.5884604,3.2756627,3.743092,6.6762824
EFT:-0.32881394,-1.924181,6.8754272,0.6424298,18.203335,3.09919,6.58846,3.2756622,3.7430942,6.676282
Random79
Raw:-0.32881314,-1.9241825,6.8754253,0.6424303,18.203331,3.0991886,6.588458,3.2756586,3.7430959,6.6762786
EFT:-0.32881394,-1.924181,6.8754272,0.6424298,18.203335,3.09919,6.58846,3.2756622,3.7430942,6.676282
Random80
Raw:-0.32881427,-1.9241818,6.875427,0.6424302,18.203333,3.0991893,6.588458,3.2756596,3.7430944,6.67628
EFT:-0.32881394,-1.924181,6.8754272,0.6424298,18.203335,3.09919,6.58846,3.2756622,3.7430942,6.676282
Random81
Raw:-0.32881594,-1.924179,6.875427,0.64243066,18.203335,3.0991917,6.5884576,3.2756634,3.7430906,6.6762824
EFT:-0.32881394,-1.924181,6.8754272,0.6424298,18.203335,3.09919,6.58846,3.2756622,3.7430942,6.676282
Random82
Raw:-0.3288136,-1.9241822,6.8754263,0.642431,18.203333,3.0991907,6.5884576,3.275659,3.7430944,6.6762795
EFT:-0.32881394,-1.924181,6.8754272,0.6424298,18.203335,3.09919,6.58846,3.2756622,3.7430944,6.676282
Random83
Raw:-0.3288116,-1.9241852,6.875424,0.642431,18.203325,3.0991876,6.5884533,3.2756538,3.7430954,6.6762743
EFT:-0.32881394,-1.924181,6.8754272,0.6424298,18.203335,3.09919,6.58846,3.2756622,3.7430942,6.676282
Random84
Raw:-0.32881278,-1.9241832,6.875425,0.64243126,18.203331,3.0991895,6.588458,3.2756572,3.7430959,6.676277
EFT:-0.32881394,-1.924181,6.8754272,0.6424298,18.203335,3.09919,6.58846,3.2756622,3.7430942,6.676282
Random85
Raw:-0.32881498,-1.9241811,6.8754277,0.64243054,18.203337,3.099191,6.58846,3.2756624,3.7430925,6.6762824
EFT:-0.32881394,-1.924181,6.8754272,0.6424298,18.203335,3.09919,6.58846,3.2756622,3.7430942,6.676282
Random86
Raw:-0.3288151,-1.9241803,6.875427,0.6424303,18.203331,3.0991907,6.5884585,3.2756615,3.743092,6.6762815
EFT:-0.32881394,-1.924181,6.8754272,0.6424298,18.203335,3.09919,6.58846,3.2756622,3.7430944,6.676282
Random87
Raw:-0.3288138,-1.9241818,6.875425,0.6424289,18.20333,3.0991895,6.5884585,3.275659,3.7430944,6.6762776
EFT:-0.32881394,-1.924181,6.8754272,0.6424298,18.203335,3.09919,6.58846,3.2756622,3.7430942,6.676282
Random88
Raw:-0.32881463,-1.9241823,6.8754263,0.64243054,18.203335,3.0991902,6.5884576,3.2756596,3.743094,6.6762795
EFT:-0.32881394,-1.924181,6.8754272,0.6424299,18.203335,3.09919,6.58846,3.2756622,3.7430942,6.676282
Random89
Raw:-0.32881355,-1.9241813,6.8754253,0.6424303,18.203331,3.09919,6.588458,3.2756596,3.7430935,6.676279
EFT:-0.32881394,-1.924181,6.8754272,0.6424298,18.203335,3.09919,6.58846,3.2756622,3.7430944,6.676282
Random90
Raw:-0.32881498,-1.9241823,6.8754277,0.6424304,18.203337,3.0991905,6.5884585,3.2756622,3.743093,6.6762815
EFT:-0.32881394,-1.924181,6.8754272,0.6424298,18.203335,3.09919,6.58846,3.2756622,3.7430942,6.676282
Random91
Raw:-0.32881522,-1.9241768,6.8754277,0.6424303,18.203337,3.0991921,6.588462,3.2756648,3.743091,6.6762843
EFT:-0.32881394,-1.924181,6.8754272,0.6424299,18.203335,3.09919,6.58846,3.2756622,3.7430944,6.676282
Random92
Raw:-0.3288133,-1.9241798,6.8754253,0.6424304,18.203331,3.0991902,6.588457,3.2756612,3.7430925,6.6762805
EFT:-0.32881394,-1.924181,6.8754272,0.6424299,18.203335,3.09919,6.58846,3.2756622,3.7430942,6.676282
Random93
Raw:-0.32881474,-1.9241799,6.8754296,0.642431,18.20334,3.0991926,6.588461,3.2756639,3.7430944,6.6762843
EFT:-0.32881394,-1.924181,6.8754272,0.6424299,18.203335,3.09919,6.58846,3.2756622,3.7430944,6.676282
Random94
Raw:-0.32881415,-1.924181,6.875427,0.642431,18.203333,3.0991902,6.5884576,3.275661,3.743092,6.6762805
EFT:-0.32881394,-1.924181,6.8754272,0.6424298,18.203335,3.09919,6.58846,3.2756622,3.7430944,6.676282
Random95
Raw:-0.32881427,-1.924179,6.8754263,0.6424303,18.203333,3.0991912,6.588457,3.2756634,3.743091,6.6762824
EFT:-0.32881394,-1.924181,6.8754272,0.6424299,18.203335,3.09919,6.58846,3.2756622,3.7430942,6.676282
Random96
Raw:-0.32881474,-1.9241812,6.8754277,0.6424303,18.203333,3.099191,6.588459,3.2756615,3.7430935,6.6762805
EFT:-0.32881394,-1.924181,6.8754272,0.6424299,18.203335,3.09919,6.58846,3.2756622,3.7430942,6.676282
Random97
Raw:-0.32881474,-1.9241813,6.875426,0.64243007,18.203331,3.0991895,6.5884566,3.2756608,3.743092,6.6762805
EFT:-0.32881394,-1.924181,6.8754272,0.6424298,18.203335,3.09919,6.58846,3.2756622,3.7430944,6.676282
Random98
Raw:-0.32881653,-1.9241778,6.875426,0.6424297,18.203337,3.0991917,6.588459,3.2756655,3.7430902,6.6762843
EFT:-0.32881394,-1.924181,6.8754272,0.6424298,18.203335,3.09919,6.58846,3.2756622,3.7430944,6.676282
Random99
Raw:-0.32881272,-1.9241832,6.875427,0.64243054,18.203335,3.09919,6.58846,3.2756584,3.7430968,6.676279
EFT:-0.32881394,-1.924181,6.8754272,0.6424299,18.203335,3.09919,6.58846,3.2756622,3.7430944,6.676282
Random100
Raw:-0.32881486,-1.9241818,6.8754263,0.64243054,18.203333,3.099191,6.588457,3.27566,3.743093,6.6762805
EFT:-0.32881394,-1.924181,6.8754272,0.6424298,18.203335,3.09919,6.58846,3.2756622,3.7430942,6.676282
Random101
Raw:-0.32881433,-1.9241823,6.8754263,0.6424298,18.203337,3.0991905,6.588461,3.2756608,3.743095,6.676281
EFT:-0.32881394,-1.924181,6.8754272,0.6424298,18.203335,3.09919,6.58846,3.2756622,3.7430944,6.676282
Random102
Raw:-0.3288147,-1.9241804,6.875427,0.6424303,18.203333,3.099191,6.5884585,3.2756622,3.743092,6.6762805
EFT:-0.32881394,-1.924181,6.8754272,0.6424298,18.203335,3.09919,6.58846,3.2756622,3.7430942,6.676282
Random103
Raw:-0.32881355,-1.9241829,6.8754244,0.64243066,18.20333,3.099189,6.588456,3.2756574,3.743095,6.6762767
EFT:-0.32881394,-1.924181,6.8754272,0.6424299,18.203335,3.09919,6.58846,3.2756622,3.7430942,6.676282
Random104
Raw:-0.32881504,-1.9241813,6.875426,0.6424297,18.203333,3.0991912,6.588459,3.2756605,3.7430935,6.6762805
EFT:-0.32881394,-1.924181,6.8754272,0.6424298,18.203335,3.09919,6.58846,3.2756622,3.7430942,6.676282
Random105
Raw:-0.32881254,-1.924181,6.875427,0.64243126,18.203331,3.0991895,6.5884576,3.2756608,3.743094,6.67628
EFT:-0.32881394,-1.924181,6.8754272,0.6424298,18.203335,3.09919,6.58846,3.2756622,3.7430942,6.676282
Random106
Raw:-0.32881427,-1.9241828,6.8754272,0.64243066,18.203333,3.0991907,6.588459,3.2756598,3.7430954,6.676279
EFT:-0.32881394,-1.924181,6.8754272,0.6424298,18.203335,3.09919,6.58846,3.2756622,3.7430942,6.676282
Random107
Raw:-0.3288157,-1.9241788,6.875426,0.64242876,18.203335,3.0991914,6.58846,3.2756631,3.743093,6.6762824
EFT:-0.32881394,-1.924181,6.8754272,0.6424299,18.203335,3.09919,6.58846,3.2756622,3.7430942,6.676282
Random108
Raw:-0.32881355,-1.9241816,6.8754244,0.64242995,18.203331,3.0991898,6.5884576,3.275659,3.7430944,6.676278
EFT:-0.32881394,-1.924181,6.8754272,0.6424299,18.203335,3.09919,6.58846,3.2756622,3.7430944,6.676282
Random109
Raw:-0.32881337,-1.9241816,6.8754272,0.6424315,18.203333,3.0991905,6.5884585,3.2756605,3.7430944,6.6762805
EFT:-0.32881394,-1.924181,6.8754272,0.6424298,18.203335,3.09919,6.58846,3.2756622,3.7430942,6.676282
Random110
Raw:-0.32881367,-1.9241804,6.875426,0.6424302,18.203331,3.0991898,6.588459,3.275661,3.7430935,6.67628
EFT:-0.32881394,-1.924181,6.8754272,0.6424298,18.203335,3.09919,6.58846,3.2756622,3.7430942,6.676282
Random111
Raw:-0.32881427,-1.9241818,6.8754277,0.6424298,18.203339,3.0991917,6.58846,3.2756622,3.743094,6.6762815
EFT:-0.32881394,-1.924181,6.8754272,0.6424298,18.203335,3.09919,6.58846,3.2756622,3.7430942,6.676282
Random112
Raw:-0.3288135,-1.9241812,6.875426,0.6424303,18.203331,3.0991895,6.5884585,3.2756605,3.743094,6.6762786
EFT:-0.32881394,-1.924181,6.8754272,0.6424298,18.203335,3.09919,6.58846,3.2756622,3.7430944,6.676282
Random113
Raw:-0.32881427,-1.9241828,6.8754272,0.6424298,18.203339,3.0991917,6.588459,3.27566,3.743095,6.6762805
EFT:-0.32881394,-1.924181,6.8754272,0.6424298,18.203335,3.09919,6.58846,3.2756622,3.7430942,6.676282
Random114
Raw:-0.32881397,-1.9241799,6.875426,0.6424304,18.203333,3.0991902,6.588459,3.2756617,3.743093,6.6762805
EFT:-0.32881394,-1.924181,6.8754272,0.6424298,18.203335,3.09919,6.58846,3.2756622,3.7430942,6.676282
Random115
Raw:-0.32881534,-1.9241775,6.8754263,0.6424297,18.203335,3.0991902,6.58846,3.2756655,3.743092,6.6762843
EFT:-0.32881394,-1.924181,6.8754272,0.6424299,18.203335,3.09919,6.58846,3.2756622,3.7430942,6.676282
Random116
Raw:-0.32881278,-1.924184,6.875422,0.64242935,18.203325,3.0991893,6.5884542,3.2756543,3.7430959,6.676274
EFT:-0.32881394,-1.924181,6.8754272,0.6424298,18.203335,3.09919,6.58846,3.2756622,3.7430944,6.676282
Random117
Raw:-0.32881546,-1.92418,6.8754263,0.6424298,18.203335,3.0991914,6.5884595,3.2756622,3.743092,6.6762815
EFT:-0.32881394,-1.924181,6.8754272,0.6424298,18.203335,3.09919,6.58846,3.2756622,3.7430944,6.676282
Random118
Raw:-0.32881516,-1.9241813,6.8754272,0.64243066,18.203333,3.0991912,6.588459,3.275662,3.7430925,6.6762815
EFT:-0.32881394,-1.924181,6.8754272,0.6424298,18.203335,3.09919,6.58846,3.2756622,3.7430944,6.676282
Random119
Raw:-0.32881516,-1.9241785,6.8754277,0.6424303,18.203335,3.099191,6.588459,3.2756648,3.7430902,6.6762843
EFT:-0.32881394,-1.924181,6.8754272,0.6424298,18.203335,3.09919,6.58846,3.2756622,3.7430942,6.676282
Random120
Raw:-0.3288142,-1.9241816,6.875427,0.6424296,18.203331,3.0991893,6.588458,3.2756608,3.7430925,6.67628
EFT:-0.32881394,-1.924181,6.8754272,0.6424298,18.203335,3.09919,6.58846,3.2756622,3.7430942,6.676282
Random121
Raw:-0.32881403,-1.9241806,6.8754263,0.6424289,18.203331,3.0991898,6.588459,3.275662,3.743093,6.67628
EFT:-0.32881394,-1.924181,6.8754272,0.6424299,18.203335,3.09919,6.58846,3.2756622,3.7430942,6.676282
Random122
Raw:-0.3288138,-1.9241813,6.8754244,0.6424298,18.203331,3.0991898,6.5884576,3.27566,3.7430935,6.6762795
EFT:-0.32881394,-1.924181,6.8754272,0.6424298,18.203335,3.09919,6.58846,3.2756622,3.7430942,6.676282
Random123
Raw:-0.32881385,-1.9241806,6.8754263,0.6424297,18.203333,3.0991888,6.588457,3.2756605,3.7430935,6.6762795
EFT:-0.32881394,-1.924181,6.8754272,0.6424298,18.203335,3.09919,6.58846,3.2756622,3.7430942,6.676282
Random124
Raw:-0.32881427,-1.9241803,6.8754272,0.64242995,18.203331,3.0991905,6.588459,3.2756615,3.743093,6.6762805
EFT:-0.32881394,-1.924181,6.8754272,0.6424299,18.203335,3.09919,6.58846,3.2756622,3.7430942,6.676282
Random125
Raw:-0.32881367,-1.9241813,6.875426,0.64243007,18.20333,3.0991886,6.588457,3.2756598,3.7430944,6.676278
EFT:-0.32881394,-1.924181,6.8754272,0.6424299,18.203335,3.09919,6.58846,3.2756622,3.7430942,6.676282
Random126
Raw:-0.3288141,-1.9241812,6.875427,0.6424303,18.203333,3.0991905,6.588459,3.275661,3.7430944,6.6762795
EFT:-0.32881394,-1.924181,6.8754272,0.6424298,18.203335,3.09919,6.58846,3.2756622,3.7430942,6.676282
Random127
Raw:-0.3288147,-1.9241778,6.875428,0.6424297,18.203335,3.0991917,6.588462,3.2756643,3.7430916,6.676284
EFT:-0.32881394,-1.924181,6.8754272,0.6424299,18.203335,3.09919,6.58846,3.2756622,3.7430944,6.676282
Random128
Raw:-0.32881522,-1.924178,6.8754263,0.6424298,18.203333,3.0991907,6.5884585,3.2756639,3.7430906,6.6762824
EFT:-0.32881394,-1.924181,6.8754272,0.6424298,18.203335,3.09919,6.58846,3.2756622,3.7430942,6.676282
Random129
Raw:-0.32881522,-1.9241782,6.8754277,0.6424298,18.203337,3.0991912,6.588461,3.2756648,3.7430916,6.676284
EFT:-0.32881394,-1.924181,6.8754272,0.6424298,18.203335,3.09919,6.58846,3.2756622,3.7430944,6.676282
Random130
Raw:-0.3288139,-1.9241811,6.875427,0.64243114,18.203333,3.0991898,6.5884576,3.2756615,3.743092,6.6762795
EFT:-0.32881394,-1.924181,6.8754272,0.6424299,18.203335,3.09919,6.58846,3.2756622,3.7430944,6.676282
Random131
Raw:-0.32881463,-1.9241798,6.875428,0.64243114,18.203335,3.09919,6.5884595,3.2756639,3.7430925,6.676283
EFT:-0.32881394,-1.924181,6.8754272,0.6424299,18.203335,3.09919,6.58846,3.2756622,3.7430942,6.676282
Random132
Raw:-0.32881528,-1.9241785,6.8754263,0.6424297,18.203333,3.0991907,6.5884585,3.2756643,3.7430916,6.6762824
EFT:-0.32881394,-1.924181,6.8754272,0.6424298,18.203335,3.09919,6.58846,3.2756622,3.7430942,6.676282
Random133
Raw:-0.32881272,-1.9241825,6.875426,0.64242995,18.203331,3.099189,6.5884595,3.2756584,3.7430964,6.676277
EFT:-0.32881394,-1.924181,6.8754272,0.6424298,18.203335,3.09919,6.58846,3.2756622,3.7430942,6.676282
Random134
Raw:-0.32881618,-1.9241794,6.875427,0.64242995,18.203335,3.0991921,6.588458,3.2756636,3.743092,6.6762834
EFT:-0.32881394,-1.924181,6.8754272,0.6424298,18.203335,3.09919,6.58846,3.2756622,3.7430944,6.676282
Random135
Raw:-0.328816,-1.924179,6.8754263,0.6424295,18.203333,3.0991914,6.588458,3.2756643,3.743091,6.6762824
EFT:-0.32881394,-1.924181,6.8754272,0.6424298,18.203335,3.09919,6.58846,3.2756622,3.7430942,6.676282
Random136
Raw:-0.32881427,-1.9241812,6.8754263,0.64243007,18.203331,3.09919,6.588457,3.275661,3.743093,6.6762795
EFT:-0.32881394,-1.924181,6.8754272,0.6424298,18.203335,3.09919,6.58846,3.2756622,3.7430942,6.676282
Random137
Raw:-0.32881546,-1.924179,6.875429,0.64243114,18.203339,3.099192,6.588462,3.2756653,3.7430925,6.6762843
EFT:-0.32881394,-1.924181,6.8754272,0.6424298,18.203335,3.09919,6.58846,3.2756622,3.7430944,6.676282
Random138
Raw:-0.3288154,-1.9241804,6.8754272,0.64243054,18.203335,3.0991917,6.588461,3.275663,3.7430935,6.6762815
EFT:-0.32881394,-1.924181,6.8754272,0.6424298,18.203335,3.09919,6.58846,3.2756622,3.7430942,6.676282
Random139
Raw:-0.32881403,-1.924181,6.8754253,0.6424303,18.20333,3.0991898,6.588457,3.2756608,3.7430925,6.6762795
EFT:-0.32881394,-1.924181,6.8754272,0.6424298,18.203335,3.09919,6.58846,3.2756622,3.7430942,6.676282
Random140
Raw:-0.32881445,-1.9241817,6.8754263,0.6424302,18.203335,3.0991912,6.588458,3.2756603,3.7430935,6.6762805
EFT:-0.32881394,-1.924181,6.8754272,0.6424298,18.203335,3.09919,6.58846,3.2756622,3.7430944,6.676282
Random141
Raw:-0.32881498,-1.9241773,6.875427,0.64242995,18.203333,3.0991902,6.588461,3.2756646,3.7430916,6.676283
EFT:-0.32881394,-1.924181,6.8754272,0.6424298,18.203335,3.09919,6.58846,3.2756622,3.7430942,6.676282
Random142
Raw:-0.32881367,-1.9241811,6.8754253,0.6424297,18.20333,3.09919,6.5884585,3.2756605,3.7430935,6.676279
EFT:-0.32881394,-1.924181,6.8754272,0.6424298,18.203335,3.09919,6.58846,3.2756622,3.7430942,6.676282
Random143
Raw:-0.32881296,-1.924183,6.8754253,0.6424303,18.203331,3.0991888,6.5884576,3.2756588,3.743095,6.676278
EFT:-0.32881394,-1.924181,6.8754272,0.6424298,18.203335,3.09919,6.58846,3.2756622,3.7430942,6.676282
Random144
Raw:-0.3288108,-1.9241835,6.8754244,0.64243114,18.203327,3.0991883,6.5884557,3.2756546,3.7430978,6.676275
EFT:-0.32881394,-1.924181,6.8754272,0.6424298,18.203335,3.09919,6.58846,3.2756622,3.7430944,6.676282
Random145
Raw:-0.3288145,-1.924182,6.875427,0.64243066,18.203337,3.0991907,6.5884604,3.2756612,3.7430944,6.6762815
EFT:-0.32881394,-1.924181,6.8754272,0.6424298,18.203335,3.09919,6.58846,3.2756622,3.7430944,6.676282
Random146
Raw:-0.32881522,-1.9241805,6.875427,0.6424297,18.203333,3.0991912,6.588459,3.2756627,3.743092,6.6762815
EFT:-0.32881394,-1.924181,6.8754272,0.6424298,18.203335,3.09919,6.58846,3.2756622,3.7430942,6.676282
Random147
Raw:-0.32881492,-1.9241794,6.8754263,0.6424302,18.203333,3.099191,6.5884585,3.2756627,3.7430925,6.6762815
EFT:-0.32881394,-1.924181,6.8754272,0.6424298,18.203335,3.09919,6.58846,3.2756622,3.7430942,6.676282
Random148
Raw:-0.3288157,-1.9241778,6.875428,0.6424298,18.203337,3.0991912,6.588461,3.2756653,3.743092,6.676285
EFT:-0.32881394,-1.924181,6.8754272,0.6424299,18.203335,3.09919,6.58846,3.2756622,3.7430944,6.676282
Random149
Raw:-0.3288129,-1.9241828,6.8754277,0.6424321,18.203335,3.0991905,6.58846,3.2756603,3.7430954,6.6762805
EFT:-0.32881394,-1.924181,6.8754272,0.6424298,18.203335,3.09919,6.58846,3.2756622,3.7430942,6.676282
Random150
Raw:-0.32881296,-1.924183,6.875425,0.6424295,18.203331,3.0991898,6.588458,3.275658,3.7430954,6.6762767
EFT:-0.32881394,-1.924181,6.8754272,0.6424298,18.203335,3.09919,6.58846,3.2756622,3.7430942,6.676282
Random151
Raw:-0.32881474,-1.9241797,6.8754296,0.64243174,18.203339,3.0991917,6.5884595,3.2756648,3.743092,6.676285
EFT:-0.32881394,-1.924181,6.8754272,0.6424298,18.203335,3.09919,6.58846,3.2756622,3.7430942,6.676282
Random152
Raw:-0.32881552,-1.9241809,6.8754263,0.6424295,18.203333,3.0991905,6.588459,3.275662,3.7430925,6.6762805
EFT:-0.32881394,-1.924181,6.8754272,0.6424298,18.203335,3.09919,6.58846,3.2756622,3.7430942,6.676282
Random153
Raw:-0.32881415,-1.92418,6.8754253,0.6424291,18.203331,3.0991898,6.588458,3.2756617,3.7430925,6.6762805
EFT:-0.32881394,-1.924181,6.8754272,0.6424298,18.203335,3.09919,6.58846,3.2756622,3.7430942,6.676282
Random154
Raw:-0.32881498,-1.924178,6.8754287,0.6424308,18.203333,3.099191,6.588461,3.2756653,3.743091,6.676284
EFT:-0.32881394,-1.924181,6.8754272,0.6424298,18.203335,3.09919,6.58846,3.2756622,3.7430942,6.676282
Random155
Raw:-0.32881546,-1.9241803,6.8754263,0.6424298,18.203337,3.0991926,6.5884576,3.2756612,3.7430916,6.6762815
EFT:-0.32881394,-1.924181,6.8754272,0.6424299,18.203335,3.09919,6.58846,3.2756622,3.7430942,6.676282
Random156
Raw:-0.32881618,-1.9241779,6.875427,0.642429,18.203333,3.0991912,6.588461,3.2756655,3.7430902,6.6762834
EFT:-0.32881394,-1.924181,6.8754272,0.6424299,18.203335,3.09919,6.58846,3.2756622,3.7430942,6.676282
Random157
Raw:-0.32881618,-1.9241787,6.8754315,0.6424315,18.203344,3.0991936,6.588464,3.2756667,3.7430925,6.676287
EFT:-0.32881394,-1.924181,6.8754272,0.6424298,18.203335,3.09919,6.58846,3.2756622,3.7430942,6.676282
Random158
Raw:-0.3288132,-1.9241823,6.8754277,0.64243186,18.203333,3.0991895,6.5884576,3.275659,3.743094,6.67628
EFT:-0.32881394,-1.924181,6.8754272,0.6424298,18.203335,3.09919,6.58846,3.2756622,3.7430942,6.676282
Random159
Raw:-0.3288145,-1.9241799,6.875427,0.642431,18.203335,3.099192,6.588459,3.2756624,3.7430916,6.676282
EFT:-0.32881394,-1.924181,6.8754272,0.6424299,18.203335,3.09919,6.58846,3.2756622,3.7430944,6.676282
Random160
Raw:-0.32881516,-1.9241797,6.8754244,0.6424291,18.203327,3.0991902,6.588456,3.2756605,3.743093,6.6762786
EFT:-0.32881394,-1.924181,6.8754272,0.6424299,18.203335,3.09919,6.58846,3.2756622,3.7430942,6.676282
Random161
Raw:-0.3288138,-1.9241804,6.8754277,0.6424321,18.203331,3.09919,6.5884595,3.2756622,3.743093,6.6762815
EFT:-0.32881394,-1.924181,6.8754272,0.6424298,18.203335,3.09919,6.58846,3.2756622,3.7430942,6.676282
Random162
Raw:-0.3288142,-1.924181,6.875427,0.6424304,18.203333,3.09919,6.588459,3.2756615,3.7430935,6.676281
EFT:-0.32881394,-1.924181,6.8754272,0.6424298,18.203335,3.09919,6.58846,3.2756622,3.7430942,6.676282
Random163
Raw:-0.32881445,-1.9241806,6.875427,0.6424303,18.203333,3.0991902,6.588458,3.2756608,3.7430935,6.6762805
EFT:-0.32881394,-1.924181,6.8754272,0.6424298,18.203335,3.09919,6.58846,3.2756622,3.7430942,6.676282
Random164
Raw:-0.32881486,-1.9241775,6.875428,0.64243007,18.203339,3.099191,6.588461,3.2756655,3.743092,6.676284
EFT:-0.32881394,-1.924181,6.8754272,0.6424298,18.203335,3.09919,6.58846,3.2756622,3.7430944,6.676282
Random165
Raw:-0.3288151,-1.9241824,6.875427,0.64242876,18.203337,3.099191,6.588461,3.275661,3.7430954,6.676281
EFT:-0.32881394,-1.924181,6.8754272,0.6424298,18.203335,3.09919,6.58846,3.2756622,3.7430944,6.676282
Random166
Raw:-0.32881248,-1.9241852,6.8754253,0.642431,18.20333,3.0991893,6.588456,3.2756553,3.7430959,6.6762757
EFT:-0.32881394,-1.924181,6.8754272,0.6424298,18.203335,3.09919,6.58846,3.2756622,3.7430944,6.676282
Random167
Raw:-0.32881546,-1.9241785,6.8754277,0.6424303,18.203335,3.099192,6.588459,3.275664,3.7430906,6.676283
EFT:-0.32881394,-1.924181,6.8754272,0.6424299,18.203335,3.09919,6.58846,3.2756622,3.7430942,6.676282
Random168
Raw:-0.328812,-1.924183,6.8754253,0.642431,18.20333,3.0991874,6.5884576,3.2756574,3.7430964,6.676277
EFT:-0.32881394,-1.924181,6.8754272,0.6424298,18.203335,3.09919,6.58846,3.2756622,3.7430942,6.676282
Random169
Raw:-0.32881534,-1.9241799,6.875427,0.6424296,18.203337,3.099192,6.5884595,3.275663,3.7430925,6.6762824
EFT:-0.32881394,-1.924181,6.8754272,0.6424298,18.203335,3.09919,6.58846,3.2756622,3.7430942,6.676282
Random170
Raw:-0.32881474,-1.92418,6.8754287,0.6424304,18.20334,3.0991912,6.58846,3.2756639,3.743093,6.6762853
EFT:-0.32881394,-1.924181,6.8754272,0.6424299,18.203335,3.09919,6.58846,3.2756622,3.7430942,6.676282
Random171
Raw:-0.3288147,-1.9241786,6.8754277,0.6424308,18.203335,3.0991912,6.588459,3.2756646,3.7430916,6.6762843
EFT:-0.32881394,-1.924181,6.8754272,0.6424298,18.203335,3.09919,6.58846,3.2756622,3.7430942,6.676282
Random172
Raw:-0.32881355,-1.9241824,6.875426,0.6424308,18.20333,3.099189,6.588456,3.2756596,3.7430935,6.6762786
EFT:-0.32881394,-1.924181,6.8754272,0.6424298,18.203335,3.09919,6.58846,3.2756622,3.7430942,6.676282
Random173
Raw:-0.32881546,-1.9241784,6.8754296,0.6424309,18.203339,3.0991917,6.5884624,3.2756653,3.743094,6.676286
EFT:-0.32881394,-1.924181,6.8754272,0.6424299,18.203335,3.09919,6.58846,3.2756622,3.7430942,6.676282
Random174
Raw:-0.32881314,-1.924183,6.8754244,0.642431,18.20333,3.0991893,6.588456,3.2756581,3.743093,6.676277
EFT:-0.32881394,-1.924181,6.8754272,0.6424298,18.203335,3.09919,6.58846,3.2756622,3.7430944,6.676282
Random175
Raw:-0.3288145,-1.9241797,6.8754263,0.6424296,18.203333,3.0991902,6.5884604,3.2756634,3.7430925,6.676282
EFT:-0.32881394,-1.924181,6.8754272,0.6424298,18.203335,3.09919,6.58846,3.2756622,3.7430942,6.676282
Random176
Raw:-0.32881308,-1.9241819,6.8754277,0.6424304,18.203337,3.0991902,6.58846,3.2756608,3.7430954,6.676281
EFT:-0.32881394,-1.924181,6.8754272,0.6424298,18.203335,3.09919,6.58846,3.2756622,3.7430942,6.676282
Random177
Raw:-0.3288164,-1.9241761,6.8754296,0.6424304,18.20334,3.0991926,6.588462,3.2756681,3.7430906,6.676287
EFT:-0.32881394,-1.924181,6.8754272,0.6424298,18.203335,3.09919,6.58846,3.2756622,3.7430942,6.676282
Random178
Raw:-0.32881504,-1.9241785,6.8754296,0.64243066,18.20334,3.099191,6.588462,3.2756662,3.7430916,6.6762857
EFT:-0.32881394,-1.924181,6.8754272,0.6424298,18.203335,3.09919,6.58846,3.2756622,3.7430942,6.676282
Random179
Raw:-0.32881403,-1.9241832,6.875427,0.64243126,18.203335,3.0991907,6.588459,3.2756605,3.743093,6.67628
EFT:-0.32881394,-1.924181,6.8754272,0.6424298,18.203335,3.09919,6.58846,3.2756622,3.7430942,6.676282
Random180
Raw:-0.32881308,-1.9241834,6.8754253,0.6424302,18.203331,3.099189,6.5884576,3.275658,3.7430944,6.6762786
EFT:-0.32881394,-1.924181,6.8754272,0.6424298,18.203335,3.09919,6.58846,3.2756622,3.7430942,6.676282
Random181
Raw:-0.32881492,-1.9241782,6.8754263,0.6424303,18.203333,3.0991907,6.5884585,3.2756653,3.7430902,6.6762834
EFT:-0.32881394,-1.924181,6.8754272,0.6424298,18.203335,3.09919,6.58846,3.2756622,3.7430942,6.676282
Random182
Raw:-0.32881594,-1.9241779,6.875426,0.6424304,18.203333,3.0991914,6.5884585,3.275666,3.7430897,6.6762843
EFT:-0.32881394,-1.924181,6.8754272,0.6424298,18.203335,3.09919,6.58846,3.2756622,3.7430942,6.676282
Random183
Raw:-0.32881427,-1.9241813,6.875426,0.64243066,18.203331,3.0991905,6.588457,3.2756596,3.7430935,6.6762795
EFT:-0.32881394,-1.924181,6.8754272,0.6424298,18.203335,3.09919,6.58846,3.2756622,3.7430942,6.676282
Random184
Raw:-0.3288132,-1.9241807,6.875426,0.6424315,18.20333,3.0991888,6.5884566,3.27566,3.7430925,6.6762795
EFT:-0.32881394,-1.924181,6.8754272,0.6424298,18.203335,3.09919,6.58846,3.2756622,3.7430942,6.676282
Random185
Raw:-0.3288145,-1.9241815,6.875427,0.6424309,18.203331,3.0991898,6.588457,3.2756608,3.743092,6.676279
EFT:-0.32881394,-1.924181,6.8754272,0.6424298,18.203335,3.09919,6.58846,3.2756622,3.7430944,6.676282
Random186
Raw:-0.3288145,-1.9241812,6.8754272,0.6424308,18.203339,3.0991917,6.5884604,3.275662,3.7430925,6.6762824
EFT:-0.32881394,-1.924181,6.8754272,0.6424299,18.203335,3.09919,6.58846,3.2756622,3.7430944,6.676282
Random187
Raw:-0.32881355,-1.9241815,6.875429,0.642431,18.203339,3.0991912,6.5884604,3.275662,3.743094,6.6762824
EFT:-0.32881394,-1.924181,6.8754272,0.6424299,18.203335,3.09919,6.58846,3.2756622,3.7430942,6.676282
Random188
Raw:-0.3288136,-1.9241815,6.875426,0.64243114,18.203327,3.0991886,6.588455,3.2756588,3.7430935,6.6762776
EFT:-0.32881394,-1.924181,6.8754272,0.6424298,18.203335,3.09919,6.58846,3.2756622,3.7430942,6.676282
Random189
Raw:-0.32881522,-1.9241797,6.875427,0.6424296,18.203333,3.099191,6.5884595,3.275663,3.7430916,6.676282
EFT:-0.32881394,-1.924181,6.8754272,0.6424298,18.203335,3.09919,6.58846,3.2756622,3.7430942,6.676282
Random190
Raw:-0.32881343,-1.924183,6.875425,0.6424303,18.203331,3.0991898,6.5884566,3.2756574,3.7430944,6.676277
EFT:-0.32881394,-1.924181,6.8754272,0.6424298,18.203335,3.09919,6.58846,3.2756622,3.7430942,6.676282
Random191
Raw:-0.32881504,-1.924179,6.8754263,0.64243007,18.203333,3.0991907,6.5884566,3.275663,3.743091,6.6762815
EFT:-0.32881394,-1.924181,6.8754272,0.6424298,18.203335,3.09919,6.58846,3.2756622,3.7430942,6.676282
Random192
Raw:-0.32881594,-1.9241785,6.8754287,0.6424298,18.203337,3.0991917,6.588462,3.2756658,3.7430916,6.6762853
EFT:-0.32881394,-1.924181,6.8754272,0.6424299,18.203335,3.09919,6.58846,3.2756622,3.7430942,6.676282
Random193
Raw:-0.32881284,-1.924182,6.875423,0.64242935,18.203323,3.0991895,6.588455,3.2756553,3.7430959,6.676274
EFT:-0.32881394,-1.924181,6.8754272,0.6424299,18.203335,3.09919,6.58846,3.2756622,3.7430942,6.676282
Random194
Raw:-0.3288145,-1.9241799,6.8754253,0.6424295,18.203333,3.0991895,6.588458,3.2756608,3.743094,6.6762805
EFT:-0.32881394,-1.924181,6.8754272,0.6424298,18.203335,3.09919,6.58846,3.2756622,3.7430944,6.676282
Random195
Raw:-0.32881427,-1.9241794,6.875427,0.64243066,18.203333,3.0991905,6.588458,3.275662,3.743092,6.6762815
EFT:-0.32881394,-1.924181,6.8754272,0.6424298,18.203335,3.09919,6.58846,3.2756622,3.7430942,6.676282
Random196
Raw:-0.32881498,-1.9241813,6.8754263,0.6424297,18.203333,3.0991907,6.5884604,3.2756615,3.7430935,6.6762815
EFT:-0.32881394,-1.924181,6.8754272,0.6424298,18.203335,3.09919,6.58846,3.2756622,3.7430942,6.676282
Random197
Raw:-0.32881498,-1.9241793,6.875428,0.64243054,18.203337,3.0991917,6.5884604,3.2756639,3.7430925,6.6762834
EFT:-0.32881394,-1.924181,6.8754272,0.6424298,18.203335,3.09919,6.58846,3.2756622,3.7430942,6.676282
Random198
Raw:-0.3288145,-1.9241809,6.8754263,0.6424303,18.203335,3.099191,6.588458,3.2756627,3.743092,6.6762824
EFT:-0.32881394,-1.924181,6.8754272,0.6424298,18.203335,3.09919,6.58846,3.2756622,3.7430942,6.676282
Random199
Raw:-0.3288139,-1.9241806,6.875425,0.6424296,18.203331,3.0991895,6.5884566,3.2756603,3.743093,6.676279
EFT:-0.32881394,-1.924181,6.8754272,0.6424298,18.203335,3.09919,6.58846,3.2756622,3.7430944,6.676282
Random200
Raw:-0.3288136,-1.9241805,6.8754253,0.6424291,18.203331,3.0991888,6.588458,3.2756615,3.743094,6.6762795
EFT:-0.32881394,-1.924181,6.8754272,0.6424298,18.203335,3.09919,6.58846,3.2756622,3.7430942,6.676282
Random201
Raw:-0.3288138,-1.9241811,6.875425,0.64242995,18.20333,3.0991902,6.588457,3.2756598,3.743093,6.676278
EFT:-0.32881394,-1.924181,6.8754272,0.6424298,18.203335,3.09919,6.58846,3.2756622,3.7430944,6.676282
Random202
Raw:-0.32881355,-1.9241816,6.875427,0.6424316,18.203333,3.0991898,6.588459,3.2756615,3.7430925,6.67628
EFT:-0.32881394,-1.924181,6.8754272,0.6424298,18.203335,3.09919,6.58846,3.2756622,3.7430942,6.676282
Random203
Raw:-0.32881606,-1.9241796,6.875426,0.6424295,18.203333,3.0991914,6.588459,3.2756639,3.7430906,6.6762824
EFT:-0.32881394,-1.924181,6.8754272,0.6424298,18.203335,3.09919,6.58846,3.2756622,3.7430942,6.676282
Random204
Raw:-0.32881546,-1.9241779,6.8754277,0.6424302,18.203337,3.0991924,6.5884604,3.275664,3.743091,6.6762834
EFT:-0.32881394,-1.924181,6.8754272,0.6424299,18.203335,3.09919,6.58846,3.2756622,3.7430944,6.676282
Random205
Raw:-0.32881534,-1.9241775,6.8754287,0.642431,18.20334,3.099192,6.5884624,3.2756662,3.7430906,6.676286
EFT:-0.32881394,-1.924181,6.8754272,0.6424298,18.203335,3.09919,6.58846,3.2756622,3.7430942,6.676282
Random206
Raw:-0.3288145,-1.9241813,6.8754277,0.6424303,18.203335,3.0991905,6.5884595,3.2756622,3.7430935,6.6762815
EFT:-0.32881394,-1.924181,6.8754272,0.6424298,18.203335,3.09919,6.58846,3.2756622,3.7430942,6.676282
Random207
Raw:-0.32881474,-1.9241793,6.875426,0.64242935,18.203331,3.099191,6.5884566,3.2756624,3.7430925,6.67628
EFT:-0.32881394,-1.924181,6.8754272,0.6424298,18.203335,3.09919,6.58846,3.2756622,3.7430942,6.676282
Random208
Raw:-0.32881498,-1.9241806,6.8754306,0.6424304,18.203344,3.0991917,6.588463,3.2756639,3.7430944,6.6762853
EFT:-0.32881394,-1.924181,6.8754272,0.6424298,18.203335,3.09919,6.58846,3.2756622,3.7430942,6.676282
Random209
Raw:-0.32881486,-1.9241805,6.8754272,0.64243066,18.203337,3.0991912,6.58846,3.2756622,3.743093,6.6762815
EFT:-0.32881394,-1.924181,6.8754272,0.6424298,18.203335,3.09919,6.58846,3.2756622,3.7430942,6.676282
Random210
Raw:-0.32881498,-1.9241804,6.8754277,0.6424298,18.203333,3.0991902,6.5884585,3.2756631,3.7430916,6.6762824
EFT:-0.32881394,-1.924181,6.8754272,0.6424298,18.203335,3.09919,6.58846,3.2756622,3.7430942,6.676282
Random211
Raw:-0.32881618,-1.9241793,6.8754263,0.6424302,18.203335,3.0991914,6.588459,3.275664,3.7430916,6.6762834
EFT:-0.32881394,-1.924181,6.8754272,0.6424298,18.203335,3.09919,6.58846,3.2756622,3.7430942,6.676282
Random212
Raw:-0.32881564,-1.924178,6.875429,0.64243126,18.20334,3.0991914,6.5884604,3.2756662,3.7430902,6.676286
EFT:-0.32881394,-1.924181,6.8754272,0.6424298,18.203335,3.09919,6.58846,3.2756622,3.7430942,6.676282
Random213
Raw:-0.3288139,-1.9241813,6.8754263,0.6424304,18.203331,3.0991893,6.5884585,3.2756603,3.7430935,6.6762795
EFT:-0.32881394,-1.924181,6.8754272,0.6424298,18.203335,3.09919,6.58846,3.2756622,3.7430942,6.676282
Random214
Raw:-0.32881284,-1.9241834,6.875425,0.6424296,18.20333,3.0991883,6.5884566,3.2756567,3.7430968,6.676276
EFT:-0.32881394,-1.924181,6.8754272,0.6424298,18.203335,3.09919,6.58846,3.2756622,3.7430942,6.676282
Random215
Raw:-0.32881522,-1.9241785,6.875429,0.64243054,18.203337,3.0991926,6.5884614,3.2756653,3.7430916,6.6762843
EFT:-0.32881394,-1.924181,6.8754272,0.6424298,18.203335,3.09919,6.58846,3.2756622,3.7430942,6.676282
Random216
Raw:-0.32881337,-1.9241813,6.875425,0.6424297,18.20333,3.0991888,6.588456,3.2756586,3.7430944,6.676278
EFT:-0.32881394,-1.924181,6.8754272,0.6424298,18.203335,3.09919,6.58846,3.2756622,3.7430942,6.676282
Random217
Raw:-0.32881373,-1.9241787,6.875427,0.6424308,18.203331,3.0991893,6.5884585,3.2756624,3.7430925,6.6762824
EFT:-0.32881394,-1.924181,6.8754272,0.6424298,18.203335,3.09919,6.58846,3.2756622,3.7430942,6.676282
Random218
Raw:-0.3288133,-1.9241823,6.8754244,0.6424309,18.20333,3.0991898,6.588456,3.275659,3.743093,6.676278
EFT:-0.32881394,-1.924181,6.8754272,0.6424299,18.203335,3.09919,6.58846,3.2756622,3.7430942,6.676282
Random219
Raw:-0.32881474,-1.924179,6.8754296,0.64243126,18.20334,3.0991912,6.588462,3.2756655,3.743092,6.6762853
EFT:-0.32881394,-1.924181,6.8754272,0.6424298,18.203335,3.09919,6.58846,3.2756622,3.7430942,6.676282
Random220
Raw:-0.32881212,-1.9241835,6.8754244,0.642431,18.203331,3.099188,6.588457,3.2756581,3.743094,6.6762776
EFT:-0.32881394,-1.924181,6.8754272,0.6424298,18.203335,3.09919,6.58846,3.2756622,3.7430942,6.676282
Random221
Raw:-0.32881355,-1.9241794,6.875426,0.64243126,18.20333,3.0991907,6.5884566,3.275661,3.7430916,6.6762795
EFT:-0.32881394,-1.924181,6.8754272,0.6424298,18.203335,3.09919,6.58846,3.2756622,3.7430942,6.676282
Random222
Raw:-0.32881403,-1.9241781,6.87543,0.6424316,18.20334,3.099191,6.588464,3.2756665,3.7430925,6.6762867
EFT:-0.32881394,-1.924181,6.8754272,0.6424298,18.203335,3.09919,6.58846,3.2756622,3.7430942,6.676282
Random223
Raw:-0.32881498,-1.9241805,6.8754263,0.6424303,18.203339,3.0991907,6.5884604,3.2756624,3.7430925,6.676282
EFT:-0.32881394,-1.924181,6.8754272,0.6424298,18.203335,3.09919,6.58846,3.2756622,3.7430942,6.676282
Random224
Raw:-0.3288151,-1.924181,6.8754263,0.6424296,18.203333,3.099192,6.588457,3.27566,3.7430944,6.67628
EFT:-0.32881394,-1.924181,6.8754272,0.6424298,18.203335,3.09919,6.58846,3.2756622,3.7430942,6.676282
Random225
Raw:-0.32881463,-1.9241799,6.8754263,0.6424296,18.203333,3.09919,6.5884585,3.2756622,3.7430916,6.6762805
EFT:-0.32881394,-1.924181,6.8754272,0.6424298,18.203335,3.09919,6.58846,3.2756622,3.7430942,6.676282
Random226
Raw:-0.32881308,-1.924182,6.8754263,0.6424303,18.203337,3.0991907,6.588459,3.275659,3.7430954,6.6762795
EFT:-0.32881394,-1.924181,6.8754272,0.6424299,18.203335,3.09919,6.58846,3.2756622,3.7430944,6.676282
Random227
Raw:-0.3288142,-1.9241803,6.875425,0.6424302,18.203331,3.0991902,6.588457,3.275661,3.7430916,6.6762795
EFT:-0.32881394,-1.924181,6.8754272,0.6424299,18.203335,3.09919,6.58846,3.2756622,3.7430944,6.676282
Random228
Raw:-0.32881403,-1.9241805,6.8754272,0.6424304,18.203331,3.09919,6.588458,3.275661,3.7430925,6.676281
EFT:-0.32881394,-1.924181,6.8754272,0.6424299,18.203335,3.09919,6.58846,3.2756622,3.7430942,6.676282
Random229
Raw:-0.32881445,-1.9241823,6.875427,0.6424302,18.203337,3.0991912,6.58846,3.2756608,3.743094,6.676281
EFT:-0.32881394,-1.924181,6.8754272,0.6424298,18.203335,3.09919,6.58846,3.2756622,3.7430944,6.676282
Random230
Raw:-0.32881153,-1.9241836,6.8754253,0.64243007,18.20333,3.0991886,6.588457,3.2756557,3.7430964,6.6762757
EFT:-0.32881394,-1.924181,6.8754272,0.6424298,18.203335,3.09919,6.58846,3.2756622,3.7430942,6.676282
Random231
Raw:-0.3288145,-1.9241815,6.8754263,0.64243066,18.203335,3.0991912,6.588459,3.2756617,3.743093,6.676282
EFT:-0.32881394,-1.924181,6.8754272,0.6424298,18.203335,3.09919,6.58846,3.2756622,3.7430942,6.676282
Random232
Raw:-0.32881403,-1.9241804,6.875426,0.6424304,18.203331,3.0991893,6.5884585,3.275662,3.743092,6.6762815
EFT:-0.32881394,-1.924181,6.8754272,0.6424298,18.203335,3.09919,6.58846,3.2756622,3.7430942,6.676282
Random233
Raw:-0.32881427,-1.9241813,6.875428,0.64243174,18.203337,3.0991912,6.5884595,3.275662,3.743093,6.6762815
EFT:-0.32881394,-1.924181,6.8754272,0.6424299,18.203335,3.09919,6.58846,3.2756622,3.7430942,6.676282
Random234
Raw:-0.32881427,-1.9241813,6.875427,0.6424304,18.203335,3.099191,6.5884595,3.2756617,3.743093,6.676281
EFT:-0.32881394,-1.924181,6.8754272,0.6424298,18.203335,3.09919,6.58846,3.2756622,3.7430942,6.676282
Random235
Raw:-0.32881463,-1.9241794,6.875427,0.64243066,18.203333,3.0991912,6.5884595,3.2756643,3.743091,6.676283
EFT:-0.32881394,-1.924181,6.8754272,0.6424299,18.203335,3.09919,6.58846,3.2756622,3.7430942,6.676282
Random236
Raw:-0.3288145,-1.9241829,6.875427,0.6424304,18.203333,3.0991917,6.5884576,3.2756586,3.7430944,6.6762776
EFT:-0.32881394,-1.924181,6.8754272,0.6424298,18.203335,3.09919,6.58846,3.2756622,3.7430942,6.676282
Random237
Raw:-0.32881528,-1.9241798,6.8754277,0.6424297,18.203339,3.0991926,6.58846,3.275663,3.743093,6.6762834
EFT:-0.32881394,-1.924181,6.8754272,0.6424298,18.203335,3.09919,6.58846,3.2756622,3.7430944,6.676282
Random238
Raw:-0.32881546,-1.9241782,6.8754296,0.64243066,18.203339,3.0991917,6.5884614,3.2756658,3.743092,6.6762857
EFT:-0.32881394,-1.924181,6.8754272,0.6424299,18.203335,3.09919,6.58846,3.2756622,3.7430942,6.676282
Random239
Raw:-0.32881445,-1.9241804,6.8754244,0.64243054,18.20333,3.09919,6.5884566,3.2756612,3.743091,6.6762786
EFT:-0.32881394,-1.924181,6.8754272,0.6424298,18.203335,3.09919,6.58846,3.2756622,3.7430942,6.676282
Random240
Raw:-0.32881403,-1.9241822,6.875427,0.6424304,18.203331,3.0991893,6.588458,3.2756596,3.743093,6.676279
EFT:-0.32881394,-1.924181,6.8754272,0.6424298,18.203335,3.09919,6.58846,3.2756622,3.7430942,6.676282
Random241
Raw:-0.32881498,-1.9241791,6.8754277,0.64242935,18.203337,3.0991917,6.5884604,3.2756631,3.7430925,6.6762815
EFT:-0.32881394,-1.924181,6.8754272,0.6424299,18.203335,3.09919,6.58846,3.2756622,3.7430942,6.676282
Random242
Raw:-0.3288145,-1.9241811,6.8754277,0.64243007,18.203337,3.0991914,6.58846,3.2756622,3.7430944,6.6762824
EFT:-0.32881394,-1.924181,6.8754272,0.6424298,18.203335,3.09919,6.58846,3.2756622,3.7430942,6.676282
Random243
Raw:-0.32881486,-1.9241787,6.8754272,0.6424298,18.203335,3.0991907,6.5884604,3.2756655,3.743091,6.6762834
EFT:-0.32881394,-1.924181,6.8754272,0.6424298,18.203335,3.09919,6.58846,3.2756622,3.7430944,6.676282
Random244
Raw:-0.3288147,-1.9241806,6.875427,0.6424303,18.203335,3.099191,6.5884576,3.2756617,3.7430925,6.6762815
EFT:-0.32881394,-1.924181,6.8754272,0.6424298,18.203335,3.09919,6.58846,3.2756622,3.7430944,6.676282
Random245
Raw:-0.32881492,-1.9241788,6.8754277,0.6424298,18.203339,3.0991921,6.588461,3.2756634,3.7430925,6.676283
EFT:-0.32881394,-1.924181,6.8754272,0.6424298,18.203335,3.09919,6.58846,3.2756622,3.7430944,6.676282
Random246
Raw:-0.32881486,-1.9241799,6.875427,0.64243126,18.203333,3.0991912,6.588458,3.2756624,3.7430916,6.6762824
EFT:-0.32881394,-1.924181,6.8754272,0.6424298,18.203335,3.09919,6.58846,3.2756622,3.7430942,6.676282
Random247
Raw:-0.32881308,-1.9241813,6.8754253,0.642431,18.20333,3.0991895,6.5884547,3.2756593,3.7430925,6.676278
EFT:-0.32881394,-1.924181,6.8754272,0.6424298,18.203335,3.09919,6.58846,3.2756622,3.7430942,6.676282
Random248
Raw:-0.32881474,-1.9241809,6.8754296,0.6424298,18.20334,3.0991917,6.5884614,3.2756634,3.743095,6.6762834
EFT:-0.32881394,-1.924181,6.8754272,0.6424298,18.203335,3.09919,6.58846,3.2756622,3.7430944,6.676282
Random249
Raw:-0.32881415,-1.9241804,6.875426,0.6424304,18.203333,3.0991898,6.5884576,3.2756615,3.743092,6.6762805
EFT:-0.32881394,-1.924181,6.8754272,0.6424298,18.203335,3.09919,6.58846,3.2756622,3.7430942,6.676282
Random250
Raw:-0.32881516,-1.9241797,6.8754287,0.6424309,18.203339,3.0991921,6.5884614,3.2756648,3.743092,6.6762834
EFT:-0.32881394,-1.924181,6.8754272,0.6424298,18.203335,3.09919,6.58846,3.2756622,3.7430942,6.676282
Random251
Raw:-0.32881522,-1.9241797,6.8754287,0.64243066,18.203339,3.0991921,6.5884595,3.2756639,3.743093,6.676284
EFT:-0.32881394,-1.924181,6.8754272,0.6424298,18.203335,3.09919,6.58846,3.2756622,3.7430942,6.676282
Random252
Raw:-0.3288163,-1.9241766,6.87543,0.64243054,18.20334,3.0991929,6.588463,3.2756684,3.7430902,6.676288
EFT:-0.32881394,-1.924181,6.8754272,0.6424298,18.203335,3.09919,6.58846,3.2756622,3.7430942,6.676282
Random253
Raw:-0.32881403,-1.9241806,6.875427,0.6424316,18.203333,3.0991898,6.5884576,3.2756622,3.7430916,6.6762824
EFT:-0.32881394,-1.924181,6.8754272,0.6424298,18.203335,3.09919,6.58846,3.2756622,3.7430942,6.676282
Random254
Raw:-0.32881522,-1.9241794,6.875427,0.6424303,18.203333,3.099192,6.588458,3.2756627,3.7430916,6.676282
EFT:-0.32881394,-1.924181,6.8754272,0.6424298,18.203335,3.09919,6.58846,3.2756622,3.7430942,6.676282
Random255
Raw:-0.32881367,-1.9241798,6.8754263,0.6424303,18.20333,3.0991886,6.588456,3.2756612,3.7430925,6.6762786
EFT:-0.32881394,-1.924181,6.8754272,0.6424298,18.203335,3.09919,6.58846,3.2756622,3.7430944,6.676282
Random256
Raw:-0.32881236,-1.9241809,6.875429,0.6424321,18.203339,3.0991905,6.588461,3.275663,3.743094,6.676284
EFT:-0.32881394,-1.924181,6.8754272,0.6424299,18.203335,3.09919,6.58846,3.2756622,3.7430942,6.676282
Random257
Raw:-0.3288147,-1.924179,6.875427,0.64243066,18.203333,3.099191,6.588458,3.2756627,3.743091,6.6762815
EFT:-0.32881394,-1.924181,6.8754272,0.6424298,18.203335,3.09919,6.58846,3.2756622,3.7430944,6.676282
Random258
Raw:-0.32881355,-1.9241823,6.8754244,0.64243114,18.20333,3.099189,6.5884542,3.2756581,3.7430935,6.676277
EFT:-0.32881394,-1.924181,6.8754272,0.6424298,18.203335,3.09919,6.58846,3.2756622,3.7430942,6.676282
Random259
Raw:-0.32881367,-1.9241818,6.8754272,0.64243007,18.203333,3.0991895,6.5884595,3.27566,3.7430944,6.6762795
EFT:-0.32881394,-1.924181,6.8754272,0.6424299,18.203335,3.09919,6.58846,3.2756622,3.7430942,6.676282
Random260
Raw:-0.3288133,-1.9241806,6.875425,0.6424308,18.20333,3.099189,6.588457,3.2756605,3.743093,6.6762786
EFT:-0.32881394,-1.924181,6.8754272,0.6424298,18.203335,3.09919,6.58846,3.2756622,3.7430942,6.676282
Random261
Raw:-0.32881302,-1.924182,6.8754263,0.6424314,18.203333,3.0991886,6.588458,3.2756596,3.743094,6.676279
EFT:-0.32881394,-1.924181,6.8754272,0.6424298,18.203335,3.09919,6.58846,3.2756622,3.7430942,6.676282
Random262
Raw:-0.3288141,-1.9241825,6.8754253,0.64243114,18.20333,3.0991905,6.5884557,3.2756593,3.7430916,6.67628
EFT:-0.32881394,-1.924181,6.8754272,0.6424298,18.203335,3.09919,6.58846,3.2756622,3.7430942,6.676282
Random263
Raw:-0.3288145,-1.9241807,6.875428,0.6424304,18.20334,3.0991917,6.588461,3.2756639,3.743094,6.6762834
EFT:-0.32881394,-1.924181,6.8754272,0.6424298,18.203335,3.09919,6.58846,3.2756622,3.7430942,6.676282
Random264
Raw:-0.32881403,-1.9241829,6.8754263,0.64242995,18.203331,3.0991893,6.588458,3.275658,3.7430954,6.676278
EFT:-0.32881394,-1.924181,6.8754272,0.6424298,18.203335,3.09919,6.58846,3.2756622,3.7430942,6.676282
Random265
Raw:-0.32881594,-1.9241768,6.875431,0.6424304,18.20334,3.0991914,6.588463,3.2756681,3.7430906,6.676288
EFT:-0.32881394,-1.924181,6.8754272,0.6424298,18.203335,3.09919,6.58846,3.2756622,3.7430942,6.676282
Random266
Raw:-0.32881546,-1.9241775,6.875428,0.64243066,18.203339,3.099193,6.588461,3.2756662,3.7430902,6.6762853
EFT:-0.32881394,-1.924181,6.8754272,0.6424298,18.203335,3.09919,6.58846,3.2756622,3.7430942,6.676282
Random267
Raw:-0.3288133,-1.9241825,6.8754244,0.64242995,18.203331,3.0991888,6.5884566,3.2756586,3.7430944,6.676278
EFT:-0.32881394,-1.924181,6.8754272,0.6424299,18.203335,3.09919,6.58846,3.2756622,3.7430944,6.676282
Random268
Raw:-0.32881612,-1.9241785,6.8754272,0.6424291,18.203337,3.0991926,6.588461,3.2756643,3.7430916,6.6762834
EFT:-0.32881394,-1.924181,6.8754272,0.6424299,18.203335,3.09919,6.58846,3.2756622,3.7430942,6.676282
Random269
Raw:-0.32881433,-1.92418,6.8754272,0.64243054,18.203333,3.0991907,6.588459,3.2756624,3.743092,6.676281
EFT:-0.32881394,-1.924181,6.8754272,0.6424298,18.203335,3.09919,6.58846,3.2756622,3.7430942,6.676282
Random270
Raw:-0.3288157,-1.9241787,6.875429,0.6424309,18.203339,3.0991912,6.5884614,3.2756658,3.7430916,6.6762867
EFT:-0.32881394,-1.924181,6.8754272,0.6424299,18.203335,3.09919,6.58846,3.2756622,3.7430942,6.676282
Random271
Raw:-0.32881498,-1.9241809,6.8754253,0.6424298,18.203335,3.0991917,6.588459,3.2756605,3.7430935,6.67628
EFT:-0.32881394,-1.924181,6.8754272,0.6424299,18.203335,3.09919,6.58846,3.2756622,3.7430942,6.676282
Random272
Raw:-0.3288145,-1.9241799,6.8754244,0.64243054,18.20333,3.0991912,6.588457,3.2756608,3.7430925,6.6762805
EFT:-0.32881394,-1.924181,6.8754272,0.6424299,18.203335,3.09919,6.58846,3.2756622,3.7430944,6.676282
Random273
Raw:-0.32881582,-1.9241784,6.875428,0.6424298,18.203339,3.0991921,6.5884604,3.2756658,3.743091,6.676285
EFT:-0.32881394,-1.924181,6.8754272,0.6424298,18.203335,3.09919,6.58846,3.2756622,3.7430944,6.676282
Random274
Raw:-0.32881403,-1.9241813,6.875427,0.64243054,18.203331,3.0991898,6.5884576,3.2756612,3.7430925,6.6762805
EFT:-0.32881394,-1.924181,6.8754272,0.6424298,18.203335,3.09919,6.58846,3.2756622,3.7430942,6.676282
Random275
Raw:-0.32881355,-1.9241817,6.875426,0.64243007,18.20333,3.09919,6.588457,3.275659,3.7430944,6.676277
EFT:-0.32881394,-1.924181,6.8754272,0.6424299,18.203335,3.09919,6.58846,3.2756622,3.7430942,6.676282
Random276
Raw:-0.32881355,-1.9241806,6.875426,0.642431,18.203331,3.09919,6.588459,3.275662,3.7430925,6.6762815
EFT:-0.32881394,-1.924181,6.8754272,0.6424298,18.203335,3.09919,6.58846,3.2756622,3.7430942,6.676282
Random277
Raw:-0.3288141,-1.9241816,6.875428,0.6424308,18.203335,3.0991905,6.5884595,3.275662,3.743094,6.6762815
EFT:-0.32881394,-1.924181,6.8754272,0.6424298,18.203335,3.09919,6.58846,3.2756622,3.7430944,6.676282
Random278
Raw:-0.32881427,-1.9241812,6.8754272,0.64242995,18.203337,3.0991914,6.5884604,3.2756617,3.743094,6.676282
EFT:-0.32881394,-1.924181,6.8754272,0.6424298,18.203335,3.09919,6.58846,3.2756622,3.7430942,6.676282
Random279
Raw:-0.3288135,-1.9241806,6.8754253,0.64243066,18.203333,3.09919,6.5884576,3.27566,3.7430935,6.6762795
EFT:-0.32881394,-1.924181,6.8754272,0.6424299,18.203335,3.09919,6.58846,3.2756622,3.7430944,6.676282
Random280
Raw:-0.32881397,-1.9241806,6.875426,0.64243007,18.203333,3.09919,6.588457,3.2756605,3.743093,6.6762795
EFT:-0.32881394,-1.924181,6.8754272,0.6424298,18.203335,3.09919,6.58846,3.2756622,3.7430942,6.676282
Random281
Raw:-0.3288154,-1.9241788,6.875428,0.6424302,18.203337,3.0991921,6.5884595,3.2756643,3.7430916,6.676283
EFT:-0.32881394,-1.924181,6.8754272,0.6424299,18.203335,3.09919,6.58846,3.2756622,3.7430944,6.676282
Random282
Raw:-0.32881498,-1.9241788,6.8754263,0.64242995,18.20333,3.0991893,6.588458,3.2756624,3.743091,6.6762815
EFT:-0.32881394,-1.924181,6.8754272,0.6424298,18.203335,3.09919,6.58846,3.2756622,3.7430944,6.676282
Random283
Raw:-0.32881558,-1.9241773,6.875427,0.6424302,18.203337,3.0991917,6.58846,3.275666,3.7430902,6.6762843
EFT:-0.32881394,-1.924181,6.8754272,0.6424298,18.203335,3.09919,6.58846,3.2756622,3.7430944,6.676282
Random284
Raw:-0.3288139,-1.9241799,6.8754272,0.6424309,18.203333,3.0991912,6.588459,3.275661,3.7430935,6.6762805
EFT:-0.32881394,-1.924181,6.8754272,0.6424298,18.203335,3.09919,6.58846,3.2756622,3.7430942,6.676282
Random285
Raw:-0.32881403,-1.9241791,6.875427,0.64243066,18.203335,3.0991902,6.5884595,3.2756634,3.743092,6.676281
EFT:-0.32881394,-1.924181,6.8754272,0.6424298,18.203335,3.09919,6.58846,3.2756622,3.7430942,6.676282
Random286
Raw:-0.3288144,-1.9241819,6.875427,0.6424298,18.203333,3.0991907,6.588458,3.2756596,3.743095,6.676279
EFT:-0.32881394,-1.924181,6.8754272,0.6424298,18.203335,3.09919,6.58846,3.2756622,3.7430942,6.676282
Random287
Raw:-0.3288145,-1.9241807,6.8754287,0.6424314,18.20334,3.0991921,6.5884595,3.2756634,3.743093,6.6762843
EFT:-0.32881394,-1.924181,6.8754272,0.6424298,18.203335,3.09919,6.58846,3.2756622,3.7430944,6.676282
Random288
Raw:-0.3288157,-1.9241787,6.8754287,0.64243114,18.203337,3.099192,6.588458,3.2756646,3.7430902,6.676285
EFT:-0.32881394,-1.924181,6.8754272,0.6424298,18.203335,3.09919,6.58846,3.2756622,3.7430942,6.676282
Random289
Raw:-0.32881403,-1.9241828,6.8754272,0.64243126,18.203339,3.0991912,6.588459,3.2756603,3.7430944,6.6762815
EFT:-0.32881394,-1.924181,6.8754272,0.6424298,18.203335,3.09919,6.58846,3.2756622,3.7430942,6.676282
Random290
Raw:-0.32881546,-1.9241802,6.875427,0.6424298,18.203335,3.0991912,6.5884604,3.2756631,3.7430925,6.6762834
EFT:-0.32881394,-1.924181,6.8754272,0.6424299,18.203335,3.09919,6.58846,3.2756622,3.7430942,6.676282
Random291
Raw:-0.32881403,-1.924181,6.8754253,0.6424296,18.203333,3.099191,6.588459,3.2756598,3.7430944,6.67628
EFT:-0.32881394,-1.924181,6.8754272,0.6424298,18.203335,3.09919,6.58846,3.2756622,3.7430942,6.676282
Random292
Raw:-0.32881463,-1.924182,6.875427,0.6424303,18.203335,3.0991914,6.588458,3.27566,3.7430935,6.6762795
EFT:-0.32881394,-1.924181,6.8754272,0.6424298,18.203335,3.09919,6.58846,3.2756622,3.7430942,6.676282
Random293
Raw:-0.32881355,-1.9241825,6.875425,0.6424303,18.20333,3.09919,6.588457,3.2756584,3.743095,6.6762776
EFT:-0.32881394,-1.924181,6.8754272,0.6424299,18.203335,3.09919,6.58846,3.2756622,3.7430944,6.676282
Random294
Raw:-0.32881498,-1.9241785,6.875429,0.642432,18.203337,3.0991917,6.588461,3.2756648,3.7430906,6.6762843
EFT:-0.32881394,-1.924181,6.8754272,0.6424298,18.203335,3.09919,6.58846,3.2756622,3.7430942,6.676282
Random295
Raw:-0.32881284,-1.9241828,6.8754272,0.6424314,18.203333,3.0991905,6.588458,3.2756593,3.7430954,6.6762795
EFT:-0.32881394,-1.924181,6.8754272,0.6424298,18.203335,3.09919,6.58846,3.2756622,3.7430942,6.676282
Random296
Raw:-0.32881546,-1.9241804,6.875427,0.64242864,18.203333,3.0991914,6.588461,3.2756624,3.743093,6.676281
EFT:-0.32881394,-1.924181,6.8754272,0.6424299,18.203335,3.09919,6.58846,3.2756622,3.7430944,6.676282
Random297
Raw:-0.3288138,-1.9241816,6.875426,0.6424297,18.20333,3.0991893,6.588457,3.2756596,3.7430944,6.6762776
EFT:-0.32881394,-1.924181,6.8754272,0.6424298,18.203335,3.09919,6.58846,3.2756622,3.7430942,6.676282
Random298
Raw:-0.32881266,-1.924183,6.8754263,0.6424314,18.203335,3.0991898,6.58846,3.2756588,3.7430944,6.676279
EFT:-0.32881394,-1.924181,6.8754272,0.6424299,18.203335,3.09919,6.58846,3.2756622,3.7430942,6.676282
Random299
Raw:-0.32881522,-1.9241768,6.875427,0.6424303,18.203335,3.0991926,6.588458,3.2756655,3.7430916,6.676284
EFT:-0.32881394,-1.924181,6.8754272,0.6424298,18.203335,3.09919,6.58846,3.2756622,3.7430942,6.676282
Random300
Raw:-0.3288138,-1.9241823,6.8754263,0.64243114,18.203333,3.0991905,6.588458,3.2756593,3.7430935,6.6762786
EFT:-0.32881394,-1.924181,6.8754272,0.6424298,18.203335,3.09919,6.58846,3.2756622,3.7430942,6.676282
