Tensorflow
2.2371369e-11,3.5638184e-29,8.920071e-17,3.1009335e-21,2.6611043e-14,5.3643786e-12,1.0,0.0,8.240541e-15,7.1472064e-28
Original
2.2371199e-11,3.563764e-29,8.9199346e-17,3.100898e-21,2.661084e-14,5.3643175e-12,1.0,0.0,8.2404464e-15,7.1470976e-28
Ascend
2.2371284e-11,3.563791e-29,8.920003e-17,3.1009216e-21,2.6610941e-14,5.3643583e-12,1.0,0.0,8.240479e-15,7.147152e-28
Descend
2.2371199e-11,3.5638184e-29,8.920003e-17,3.1009335e-21,2.6611043e-14,5.3643583e-12,1.0,0.0,8.24051e-15,7.1472064e-28
Random1
Raw:2.2371455e-11,3.5638455e-29,8.920071e-17,3.1009454e-21,2.6611144e-14,5.3643786e-12,1.0,0.0,8.240541e-15,7.1472613e-28
EFT:2.2371284e-11,3.5638184e-29,8.920003e-17,3.1009216e-21,2.6611043e-14,5.3643583e-12,1.0,0.0,8.240541e-15,7.1472064e-28
Random2
Raw:2.2371029e-11,3.5637366e-29,8.9199e-17,3.1008743e-21,2.6610738e-14,5.3642767e-12,1.0,0.0,8.240415e-15,7.147043e-28
EFT:2.2371284e-11,3.5638184e-29,8.920003e-17,3.1009216e-21,2.6611043e-14,5.3643583e-12,1.0,0.0,8.240541e-15,7.1472064e-28
Random3
Raw:2.2371369e-11,3.5638455e-29,8.9200365e-17,3.1009454e-21,2.6611043e-14,5.3643583e-12,1.0,0.0,8.24051e-15,7.147234e-28
EFT:2.2371284e-11,3.5638184e-29,8.920003e-17,3.1009216e-21,2.6611043e-14,5.3643583e-12,1.0,0.0,8.240541e-15,7.1472064e-28
Random4
Raw:2.2371284e-11,3.5638184e-29,8.920003e-17,3.1009335e-21,2.6611043e-14,5.3643583e-12,1.0,0.0,8.24051e-15,7.1472064e-28
EFT:2.2371284e-11,3.5638184e-29,8.920003e-17,3.1009216e-21,2.6611043e-14,5.3643583e-12,1.0,0.0,8.240541e-15,7.1472064e-28
Random5
Raw:2.2371455e-11,3.5638455e-29,8.9201046e-17,3.1009454e-21,2.6611246e-14,5.3643786e-12,1.0,0.0,8.240573e-15,7.1472613e-28
EFT:2.2371284e-11,3.5638184e-29,8.920003e-17,3.1009216e-21,2.6611043e-14,5.3643583e-12,1.0,0.0,8.240541e-15,7.1472064e-28
Random6
Raw:2.237154e-11,3.5638455e-29,8.9201384e-17,3.100969e-21,2.6611246e-14,5.3643995e-12,1.0,0.0,8.240604e-15,7.1473157e-28
EFT:2.2371284e-11,3.5638184e-29,8.920003e-17,3.1009216e-21,2.6611043e-14,5.3643583e-12,1.0,0.0,8.240541e-15,7.1472064e-28
Random7
Raw:2.2371369e-11,3.5638184e-29,8.920071e-17,3.1009335e-21,2.6611043e-14,5.3643786e-12,1.0,0.0,8.240541e-15,7.1472064e-28
EFT:2.2371284e-11,3.5638184e-29,8.920003e-17,3.1009216e-21,2.6611043e-14,5.3643583e-12,1.0,0.0,8.240541e-15,7.1472064e-28
Random8
Raw:2.237154e-11,3.5639e-29,8.920173e-17,3.100969e-21,2.6611448e-14,5.36442e-12,1.0,0.0,8.240635e-15,7.1473427e-28
EFT:2.2371284e-11,3.5638184e-29,8.920003e-17,3.1009216e-21,2.6611043e-14,5.3643583e-12,1.0,0.0,8.240541e-15,7.1472064e-28
Random9
Raw:2.2371369e-11,3.5638455e-29,8.9200365e-17,3.1009454e-21,2.6611043e-14,5.3643583e-12,1.0,0.0,8.24051e-15,7.147234e-28
EFT:2.2371284e-11,3.5638184e-29,8.920003e-17,3.1009216e-21,2.6611043e-14,5.3643583e-12,1.0,0.0,8.240541e-15,7.1472064e-28
Random10
Raw:2.2371369e-11,3.5638455e-29,8.920071e-17,3.1009454e-21,2.6611043e-14,5.3643583e-12,1.0,0.0,8.240541e-15,7.147234e-28
EFT:2.2371284e-11,3.5638184e-29,8.920003e-17,3.1009216e-21,2.6611043e-14,5.3643583e-12,1.0,0.0,8.240541e-15,7.1472064e-28
Random11
Raw:2.2371369e-11,3.5638184e-29,8.9200365e-17,3.1009335e-21,2.6611043e-14,5.3643786e-12,1.0,0.0,8.24051e-15,7.1472064e-28
EFT:2.2371284e-11,3.5638184e-29,8.920003e-17,3.1009216e-21,2.6611043e-14,5.3643583e-12,1.0,0.0,8.240541e-15,7.1472064e-28
Random12
Raw:2.2371284e-11,3.5638184e-29,8.920003e-17,3.1009216e-21,2.6611043e-14,5.3643583e-12,1.0,0.0,8.24051e-15,7.1472064e-28
EFT:2.2371284e-11,3.5638184e-29,8.920003e-17,3.1009216e-21,2.6611043e-14,5.3643583e-12,1.0,0.0,8.240541e-15,7.1472064e-28
Random13
Raw:2.2371455e-11,3.5638455e-29,8.920071e-17,3.1009454e-21,2.6611144e-14,5.3643786e-12,1.0,0.0,8.240541e-15,7.1472613e-28
EFT:2.2371284e-11,3.5638184e-29,8.920003e-17,3.1009216e-21,2.6611043e-14,5.3643583e-12,1.0,0.0,8.240541e-15,7.1472064e-28
Random14
Raw:2.2371114e-11,3.563791e-29,8.919968e-17,3.100898e-21,2.6610941e-14,5.3643175e-12,1.0,0.0,8.240479e-15,7.147152e-28
EFT:2.2371284e-11,3.5638184e-29,8.920003e-17,3.1009216e-21,2.6611043e-14,5.3643583e-12,1.0,0.0,8.240541e-15,7.1472064e-28
Random15
Raw:2.2371369e-11,3.5638455e-29,8.920071e-17,3.1009454e-21,2.6611043e-14,5.3643583e-12,1.0,0.0,8.240541e-15,7.147234e-28
EFT:2.2371284e-11,3.5638184e-29,8.920003e-17,3.1009216e-21,2.6611043e-14,5.3643583e-12,1.0,0.0,8.240541e-15,7.1472064e-28
Random16
Raw:2.2371284e-11,3.5638184e-29,8.9200365e-17,3.1009454e-21,2.6611043e-14,5.364338e-12,1.0,0.0,8.24051e-15,7.1472613e-28
EFT:2.2371284e-11,3.5638184e-29,8.920003e-17,3.1009216e-21,2.6611043e-14,5.3643583e-12,1.0,0.0,8.240541e-15,7.1472064e-28
Random17
Raw:2.2371284e-11,3.563764e-29,8.920003e-17,3.100898e-21,2.6610941e-14,5.364338e-12,1.0,0.0,8.240479e-15,7.1470976e-28
EFT:2.2371284e-11,3.5638184e-29,8.920003e-17,3.1009216e-21,2.6611043e-14,5.3643583e-12,1.0,0.0,8.240541e-15,7.1472064e-28
Random18
Raw:2.2371284e-11,3.5638184e-29,8.920003e-17,3.1009216e-21,2.6611043e-14,5.3643583e-12,1.0,0.0,8.24051e-15,7.1472064e-28
EFT:2.2371284e-11,3.5638184e-29,8.920003e-17,3.1009216e-21,2.6611043e-14,5.3643583e-12,1.0,0.0,8.240541e-15,7.1472064e-28
Random19
Raw:2.2371284e-11,3.563791e-29,8.9200365e-17,3.1009216e-21,2.6611043e-14,5.3643583e-12,1.0,0.0,8.24051e-15,7.147152e-28
EFT:2.2371284e-11,3.5638184e-29,8.920003e-17,3.1009216e-21,2.6611043e-14,5.3643583e-12,1.0,0.0,8.240541e-15,7.1472064e-28
Random20
Raw:2.2371455e-11,3.5638455e-29,8.920071e-17,3.1009454e-21,2.6611144e-14,5.3643786e-12,1.0,0.0,8.240541e-15,7.1472613e-28
EFT:2.2371284e-11,3.5638184e-29,8.920003e-17,3.1009216e-21,2.6611043e-14,5.3643583e-12,1.0,0.0,8.240541e-15,7.1472064e-28
Random21
Raw:2.2371369e-11,3.5638455e-29,8.9200365e-17,3.1009454e-21,2.6611043e-14,5.3643583e-12,1.0,0.0,8.24051e-15,7.147234e-28
EFT:2.2371284e-11,3.5638184e-29,8.920003e-17,3.1009216e-21,2.6611043e-14,5.3643583e-12,1.0,0.0,8.240541e-15,7.1472064e-28
Random22
Raw:2.2371369e-11,3.5638455e-29,8.9200365e-17,3.1009454e-21,2.6611043e-14,5.3643583e-12,1.0,0.0,8.24051e-15,7.147234e-28
EFT:2.2371284e-11,3.5638184e-29,8.920003e-17,3.1009216e-21,2.6611043e-14,5.3643583e-12,1.0,0.0,8.240541e-15,7.1472064e-28
Random23
Raw:2.2371284e-11,3.5638184e-29,8.9200365e-17,3.1009216e-21,2.6611043e-14,5.3643583e-12,1.0,0.0,8.24051e-15,7.1472064e-28
EFT:2.2371284e-11,3.5638184e-29,8.920003e-17,3.1009216e-21,2.6611043e-14,5.3643583e-12,1.0,0.0,8.240541e-15,7.1472064e-28
Random24
Raw:2.2371455e-11,3.5638455e-29,8.920071e-17,3.1009454e-21,2.6611144e-14,5.3643786e-12,1.0,0.0,8.240541e-15,7.1472613e-28
EFT:2.2371284e-11,3.5638184e-29,8.920003e-17,3.1009216e-21,2.6611043e-14,5.3643583e-12,1.0,0.0,8.240541e-15,7.1472064e-28
Random25
Raw:2.2371369e-11,3.5638455e-29,8.920071e-17,3.1009454e-21,2.6611043e-14,5.3643583e-12,1.0,0.0,8.240541e-15,7.147234e-28
EFT:2.2371284e-11,3.5638184e-29,8.920003e-17,3.1009216e-21,2.6611043e-14,5.3643583e-12,1.0,0.0,8.240541e-15,7.1472064e-28
Random26
Raw:2.2371199e-11,3.563791e-29,8.920003e-17,3.1008743e-21,2.661084e-14,5.364338e-12,1.0,0.0,8.240479e-15,7.1470976e-28
EFT:2.2371284e-11,3.5638184e-29,8.920003e-17,3.1009216e-21,2.6611043e-14,5.3643583e-12,1.0,0.0,8.240541e-15,7.1472064e-28
Random27
Raw:2.2371284e-11,3.5638184e-29,8.9200365e-17,3.1009454e-21,2.6611043e-14,5.3643583e-12,1.0,0.0,8.24051e-15,7.1472064e-28
EFT:2.2371284e-11,3.5638184e-29,8.920003e-17,3.1009216e-21,2.6611043e-14,5.3643583e-12,1.0,0.0,8.240541e-15,7.1472064e-28
Random28
Raw:2.2371284e-11,3.563791e-29,8.9200365e-17,3.1009216e-21,2.6611043e-14,5.3643583e-12,1.0,0.0,8.24051e-15,7.147152e-28
EFT:2.2371284e-11,3.5638184e-29,8.920003e-17,3.1009216e-21,2.6611043e-14,5.3643583e-12,1.0,0.0,8.240541e-15,7.1472064e-28
Random29
Raw:2.2371284e-11,3.563791e-29,8.920003e-17,3.1009216e-21,2.6610941e-14,5.3643583e-12,1.0,0.0,8.240479e-15,7.147152e-28
EFT:2.2371284e-11,3.5638184e-29,8.920003e-17,3.1009216e-21,2.6611043e-14,5.3643583e-12,1.0,0.0,8.240541e-15,7.1472064e-28
Random30
Raw:2.2371455e-11,3.5638455e-29,8.9201046e-17,3.100969e-21,2.6611246e-14,5.3643995e-12,1.0,0.0,8.240573e-15,7.1472883e-28
EFT:2.2371284e-11,3.5638184e-29,8.920003e-17,3.1009216e-21,2.6611043e-14,5.3643583e-12,1.0,0.0,8.240541e-15,7.1472064e-28
Random31
Raw:2.2371114e-11,3.563764e-29,8.919968e-17,3.1008863e-21,2.661084e-14,5.3643175e-12,1.0,0.0,8.2404464e-15,7.1470976e-28
EFT:2.2371284e-11,3.5638184e-29,8.920003e-17,3.1009216e-21,2.6611043e-14,5.3643583e-12,1.0,0.0,8.240541e-15,7.1472064e-28
Random32
Raw:2.2371284e-11,3.5638184e-29,8.920003e-17,3.1009216e-21,2.6611043e-14,5.3643583e-12,1.0,0.0,8.24051e-15,7.1472064e-28
EFT:2.2371284e-11,3.5638184e-29,8.920003e-17,3.1009216e-21,2.6611043e-14,5.3643583e-12,1.0,0.0,8.240541e-15,7.1472064e-28
Random33
Raw:2.2371455e-11,3.5638455e-29,8.920071e-17,3.1009454e-21,2.6611144e-14,5.3643786e-12,1.0,0.0,8.240541e-15,7.1472613e-28
EFT:2.2371284e-11,3.5638184e-29,8.920003e-17,3.1009216e-21,2.6611043e-14,5.3643583e-12,1.0,0.0,8.240541e-15,7.1472064e-28
Random34
Raw:2.2371369e-11,3.5638455e-29,8.9200365e-17,3.1009454e-21,2.6611043e-14,5.3643583e-12,1.0,0.0,8.24051e-15,7.147234e-28
EFT:2.2371284e-11,3.5638184e-29,8.920003e-17,3.1009216e-21,2.6611043e-14,5.3643583e-12,1.0,0.0,8.240541e-15,7.1472064e-28
Random35
Raw:2.2371284e-11,3.5638184e-29,8.920003e-17,3.1009216e-21,2.6611043e-14,5.3643583e-12,1.0,0.0,8.24051e-15,7.1472064e-28
EFT:2.2371284e-11,3.5638184e-29,8.920003e-17,3.1009216e-21,2.6611043e-14,5.3643583e-12,1.0,0.0,8.240541e-15,7.1472064e-28
Random36
Raw:2.2371455e-11,3.5638455e-29,8.920071e-17,3.1009454e-21,2.6611144e-14,5.3643786e-12,1.0,0.0,8.240541e-15,7.1472613e-28
EFT:2.2371284e-11,3.5638184e-29,8.920003e-17,3.1009216e-21,2.6611043e-14,5.3643583e-12,1.0,0.0,8.240541e-15,7.1472064e-28
Random37
Raw:2.2371625e-11,3.563927e-29,8.9202065e-17,3.1010163e-21,2.6611448e-14,5.36442e-12,1.0,0.0,8.240667e-15,7.1474245e-28
EFT:2.2371284e-11,3.5638184e-29,8.920003e-17,3.1009216e-21,2.6611043e-14,5.3643583e-12,1.0,0.0,8.240541e-15,7.1472064e-28
Random38
Raw:2.2371284e-11,3.563791e-29,8.920003e-17,3.1009216e-21,2.6610941e-14,5.3643583e-12,1.0,0.0,8.24051e-15,7.147152e-28
EFT:2.2371284e-11,3.5638184e-29,8.920003e-17,3.1009216e-21,2.6611043e-14,5.3643583e-12,1.0,0.0,8.240541e-15,7.1472064e-28
Random39
Raw:2.2371199e-11,3.5638184e-29,8.920003e-17,3.1009099e-21,2.6610941e-14,5.364338e-12,1.0,0.0,8.240479e-15,7.1471795e-28
EFT:2.2371284e-11,3.5638184e-29,8.920003e-17,3.1009216e-21,2.6611043e-14,5.3643583e-12,1.0,0.0,8.240541e-15,7.1472064e-28
Random40
Raw:2.237154e-11,3.5638726e-29,8.9201384e-17,3.1009927e-21,2.6611348e-14,5.36442e-12,1.0,0.0,8.240604e-15,7.1473427e-28
EFT:2.2371284e-11,3.5638184e-29,8.920003e-17,3.1009216e-21,2.6611043e-14,5.3643583e-12,1.0,0.0,8.240541e-15,7.1472064e-28
Random41
Raw:2.2371284e-11,3.5638184e-29,8.920003e-17,3.1009335e-21,2.6611043e-14,5.3643583e-12,1.0,0.0,8.24051e-15,7.1472064e-28
EFT:2.2371284e-11,3.5638184e-29,8.920003e-17,3.1009216e-21,2.6611043e-14,5.3643583e-12,1.0,0.0,8.240541e-15,7.1472064e-28
Random42
Raw:2.2371369e-11,3.5638455e-29,8.920071e-17,3.1009454e-21,2.6611043e-14,5.3643583e-12,1.0,0.0,8.240541e-15,7.147234e-28
EFT:2.2371284e-11,3.5638184e-29,8.920003e-17,3.1009216e-21,2.6611043e-14,5.3643583e-12,1.0,0.0,8.240541e-15,7.1472064e-28
Random43
Raw:2.2371029e-11,3.5637095e-29,8.9198664e-17,3.1008507e-21,2.6610636e-14,5.3642767e-12,1.0,0.0,8.240384e-15,7.147016e-28
EFT:2.2371284e-11,3.5638184e-29,8.920003e-17,3.1009216e-21,2.6611043e-14,5.3643583e-12,1.0,0.0,8.240541e-15,7.1472064e-28
Random44
Raw:2.2371114e-11,3.563764e-29,8.919968e-17,3.1008863e-21,2.661084e-14,5.364338e-12,1.0,0.0,8.2404464e-15,7.1470976e-28
EFT:2.2371284e-11,3.5638184e-29,8.920003e-17,3.1009216e-21,2.6611043e-14,5.3643583e-12,1.0,0.0,8.240541e-15,7.1472064e-28
Random45
Raw:2.2371284e-11,3.5638184e-29,8.9200365e-17,3.1009216e-21,2.6611043e-14,5.3643583e-12,1.0,0.0,8.240541e-15,7.1472064e-28
EFT:2.2371284e-11,3.5638184e-29,8.920003e-17,3.1009216e-21,2.6611043e-14,5.3643583e-12,1.0,0.0,8.240541e-15,7.1472064e-28
Random46
Raw:2.2371369e-11,3.5638455e-29,8.9200365e-17,3.1009454e-21,2.6611043e-14,5.3643583e-12,1.0,0.0,8.240541e-15,7.147234e-28
EFT:2.2371284e-11,3.5638184e-29,8.920003e-17,3.1009216e-21,2.6611043e-14,5.3643583e-12,1.0,0.0,8.240541e-15,7.1472064e-28
Random47
Raw:2.2371284e-11,3.563791e-29,8.920003e-17,3.1009216e-21,2.6610941e-14,5.3643583e-12,1.0,0.0,8.240479e-15,7.147152e-28
EFT:2.2371284e-11,3.5638184e-29,8.920003e-17,3.1009216e-21,2.6611043e-14,5.3643583e-12,1.0,0.0,8.240541e-15,7.1472064e-28
Random48
Raw:2.237154e-11,3.5638726e-29,8.920173e-17,3.1009927e-21,2.6611448e-14,5.36442e-12,1.0,0.0,8.240635e-15,7.1473427e-28
EFT:2.2371284e-11,3.5638184e-29,8.920003e-17,3.1009216e-21,2.6611043e-14,5.3643583e-12,1.0,0.0,8.240541e-15,7.1472064e-28
Random49
Raw:2.2371369e-11,3.5638455e-29,8.9201046e-17,3.100969e-21,2.6611246e-14,5.3643995e-12,1.0,0.0,8.240573e-15,7.1472883e-28
EFT:2.2371284e-11,3.5638184e-29,8.920003e-17,3.1009216e-21,2.6611043e-14,5.3643583e-12,1.0,0.0,8.240541e-15,7.1472064e-28
Random50
Raw:2.2371455e-11,3.5638455e-29,8.920071e-17,3.1009454e-21,2.6611144e-14,5.3643786e-12,1.0,0.0,8.240573e-15,7.1472613e-28
EFT:2.2371284e-11,3.5638184e-29,8.920003e-17,3.1009216e-21,2.6611043e-14,5.3643583e-12,1.0,0.0,8.240541e-15,7.1472064e-28
Random51
Raw:2.2371284e-11,3.563791e-29,8.920003e-17,3.1009216e-21,2.6610941e-14,5.3643583e-12,1.0,0.0,8.240479e-15,7.147152e-28
EFT:2.2371284e-11,3.5638184e-29,8.920003e-17,3.1009216e-21,2.6611043e-14,5.3643583e-12,1.0,0.0,8.240541e-15,7.1472064e-28
Random52
Raw:2.2371284e-11,3.5638184e-29,8.920003e-17,3.1009216e-21,2.6611043e-14,5.3643583e-12,1.0,0.0,8.24051e-15,7.1472064e-28
EFT:2.2371284e-11,3.5638184e-29,8.920003e-17,3.1009216e-21,2.6611043e-14,5.3643583e-12,1.0,0.0,8.240541e-15,7.1472064e-28
Random53
Raw:2.2371284e-11,3.5638184e-29,8.9200365e-17,3.1009216e-21,2.6611043e-14,5.3643583e-12,1.0,0.0,8.240541e-15,7.1472064e-28
EFT:2.2371284e-11,3.5638184e-29,8.920003e-17,3.1009216e-21,2.6611043e-14,5.3643583e-12,1.0,0.0,8.240541e-15,7.1472064e-28
Random54
Raw:2.2371369e-11,3.5638184e-29,8.9200365e-17,3.1009335e-21,2.6611043e-14,5.3643786e-12,1.0,0.0,8.24051e-15,7.1472064e-28
EFT:2.2371284e-11,3.5638184e-29,8.920003e-17,3.1009216e-21,2.6611043e-14,5.3643583e-12,1.0,0.0,8.240541e-15,7.1472064e-28
Random55
Raw:2.2371455e-11,3.5638455e-29,8.920071e-17,3.1009454e-21,2.6611144e-14,5.3643786e-12,1.0,0.0,8.240541e-15,7.1472613e-28
EFT:2.2371284e-11,3.5638184e-29,8.920003e-17,3.1009216e-21,2.6611043e-14,5.3643583e-12,1.0,0.0,8.240541e-15,7.1472064e-28
Random56
Raw:2.2371369e-11,3.5638455e-29,8.920071e-17,3.1009454e-21,2.6611043e-14,5.3643583e-12,1.0,0.0,8.240541e-15,7.147234e-28
EFT:2.2371284e-11,3.5638184e-29,8.920003e-17,3.1009216e-21,2.6611043e-14,5.3643583e-12,1.0,0.0,8.240541e-15,7.1472064e-28
Random57
Raw:2.2371284e-11,3.563791e-29,8.920003e-17,3.1009216e-21,2.6610941e-14,5.3643583e-12,1.0,0.0,8.240479e-15,7.147152e-28
EFT:2.2371284e-11,3.5638184e-29,8.920003e-17,3.1009216e-21,2.6611043e-14,5.3643583e-12,1.0,0.0,8.240541e-15,7.1472064e-28
Random58
Raw:2.2371029e-11,3.5637095e-29,8.9199e-17,3.1008624e-21,2.6610738e-14,5.3643175e-12,1.0,0.0,8.240415e-15,7.147016e-28
EFT:2.2371284e-11,3.5638184e-29,8.920003e-17,3.1009216e-21,2.6611043e-14,5.3643583e-12,1.0,0.0,8.240541e-15,7.1472064e-28
Random59
Raw:2.2371455e-11,3.5638455e-29,8.9201046e-17,3.1009454e-21,2.6611144e-14,5.3643786e-12,1.0,0.0,8.240573e-15,7.1472613e-28
EFT:2.2371284e-11,3.5638184e-29,8.920003e-17,3.1009216e-21,2.6611043e-14,5.3643583e-12,1.0,0.0,8.240541e-15,7.1472064e-28
Random60
Raw:2.2371369e-11,3.5638184e-29,8.9200365e-17,3.1009335e-21,2.6611043e-14,5.3643786e-12,1.0,0.0,8.24051e-15,7.1472064e-28
EFT:2.2371284e-11,3.5638184e-29,8.920003e-17,3.1009216e-21,2.6611043e-14,5.3643583e-12,1.0,0.0,8.240541e-15,7.1472064e-28
Random61
Raw:2.2371369e-11,3.5638455e-29,8.920071e-17,3.1009454e-21,2.6611043e-14,5.3643583e-12,1.0,0.0,8.240541e-15,7.147234e-28
EFT:2.2371284e-11,3.5638184e-29,8.920003e-17,3.1009216e-21,2.6611043e-14,5.3643583e-12,1.0,0.0,8.240541e-15,7.1472064e-28
Random62
Raw:2.2371284e-11,3.5638184e-29,8.920003e-17,3.1009216e-21,2.6611043e-14,5.3643583e-12,1.0,0.0,8.24051e-15,7.1472064e-28
EFT:2.2371284e-11,3.5638184e-29,8.920003e-17,3.1009216e-21,2.6611043e-14,5.3643583e-12,1.0,0.0,8.240541e-15,7.1472064e-28
Random63
Raw:2.2371369e-11,3.5638455e-29,8.9200365e-17,3.1009454e-21,2.6611043e-14,5.3643583e-12,1.0,0.0,8.240541e-15,7.147234e-28
EFT:2.2371284e-11,3.5638184e-29,8.920003e-17,3.1009216e-21,2.6611043e-14,5.3643583e-12,1.0,0.0,8.240541e-15,7.1472064e-28
Random64
Raw:2.2371455e-11,3.5638455e-29,8.9201046e-17,3.1009454e-21,2.6611144e-14,5.3643786e-12,1.0,0.0,8.240573e-15,7.1472613e-28
EFT:2.2371284e-11,3.5638184e-29,8.920003e-17,3.1009216e-21,2.6611043e-14,5.3643583e-12,1.0,0.0,8.240541e-15,7.1472064e-28
Random65
Raw:2.2371369e-11,3.5638184e-29,8.920071e-17,3.1009335e-21,2.6611043e-14,5.3643786e-12,1.0,0.0,8.240541e-15,7.1472064e-28
EFT:2.2371284e-11,3.5638184e-29,8.920003e-17,3.1009216e-21,2.6611043e-14,5.3643583e-12,1.0,0.0,8.240541e-15,7.1472064e-28
Random66
Raw:2.2371114e-11,3.563764e-29,8.919968e-17,3.1008863e-21,2.661084e-14,5.364338e-12,1.0,0.0,8.2404464e-15,7.1470976e-28
EFT:2.2371284e-11,3.5638184e-29,8.920003e-17,3.1009216e-21,2.6611043e-14,5.3643583e-12,1.0,0.0,8.240541e-15,7.1472064e-28
Random67
Raw:2.2371199e-11,3.5638184e-29,8.920003e-17,3.1009335e-21,2.6611043e-14,5.364338e-12,1.0,0.0,8.24051e-15,7.1472064e-28
EFT:2.2371284e-11,3.5638184e-29,8.920003e-17,3.1009216e-21,2.6611043e-14,5.3643583e-12,1.0,0.0,8.240541e-15,7.1472064e-28
Random68
Raw:2.2371455e-11,3.5638726e-29,8.9201384e-17,3.1009808e-21,2.6611348e-14,5.3643995e-12,1.0,0.0,8.240604e-15,7.1473427e-28
EFT:2.2371284e-11,3.5638184e-29,8.920003e-17,3.1009216e-21,2.6611043e-14,5.3643583e-12,1.0,0.0,8.240541e-15,7.1472064e-28
Random69
Raw:2.2371369e-11,3.5638184e-29,8.920071e-17,3.1009216e-21,2.6611144e-14,5.3643786e-12,1.0,0.0,8.240541e-15,7.1472064e-28
EFT:2.2371284e-11,3.5638184e-29,8.920003e-17,3.1009216e-21,2.6611043e-14,5.3643583e-12,1.0,0.0,8.240541e-15,7.1472064e-28
Random70
Raw:2.237171e-11,3.563927e-29,8.920241e-17,3.1010163e-21,2.661155e-14,5.3644402e-12,1.0,0.0,8.240667e-15,7.147452e-28
EFT:2.2371284e-11,3.5638184e-29,8.920003e-17,3.1009216e-21,2.6611043e-14,5.3643583e-12,1.0,0.0,8.240541e-15,7.1472064e-28
Random71
Raw:2.2371369e-11,3.5638184e-29,8.9200365e-17,3.1009335e-21,2.6611043e-14,5.3643786e-12,1.0,0.0,8.24051e-15,7.1472064e-28
EFT:2.2371284e-11,3.5638184e-29,8.920003e-17,3.1009216e-21,2.6611043e-14,5.3643583e-12,1.0,0.0,8.240541e-15,7.1472064e-28
Random72
Raw:2.2371199e-11,3.563764e-29,8.9199346e-17,3.100898e-21,2.661084e-14,5.3643175e-12,1.0,0.0,8.240479e-15,7.1470976e-28
EFT:2.2371284e-11,3.5638184e-29,8.920003e-17,3.1009216e-21,2.6611043e-14,5.3643583e-12,1.0,0.0,8.240541e-15,7.1472064e-28
Random73
Raw:2.2371369e-11,3.5638184e-29,8.920071e-17,3.1009335e-21,2.6611043e-14,5.3643786e-12,1.0,0.0,8.240541e-15,7.1472064e-28
EFT:2.2371284e-11,3.5638184e-29,8.920003e-17,3.1009216e-21,2.6611043e-14,5.3643583e-12,1.0,0.0,8.240541e-15,7.1472064e-28
Random74
Raw:2.2371369e-11,3.5638455e-29,8.9200365e-17,3.1009454e-21,2.6611043e-14,5.3643583e-12,1.0,0.0,8.24051e-15,7.147234e-28
EFT:2.2371284e-11,3.5638184e-29,8.920003e-17,3.1009216e-21,2.6611043e-14,5.3643583e-12,1.0,0.0,8.240541e-15,7.1472064e-28
Random75
Raw:2.2371369e-11,3.5638184e-29,8.9200365e-17,3.1009335e-21,2.6611043e-14,5.3643786e-12,1.0,0.0,8.240541e-15,7.1472064e-28
EFT:2.2371284e-11,3.5638184e-29,8.920003e-17,3.1009216e-21,2.6611043e-14,5.3643583e-12,1.0,0.0,8.240541e-15,7.1472064e-28
Random76
Raw:2.2371199e-11,3.563764e-29,8.9199346e-17,3.100898e-21,2.661084e-14,5.3643175e-12,1.0,0.0,8.2404464e-15,7.1470976e-28
EFT:2.2371284e-11,3.5638184e-29,8.920003e-17,3.1009216e-21,2.6611043e-14,5.3643583e-12,1.0,0.0,8.240541e-15,7.1472064e-28
Random77
Raw:2.2371369e-11,3.5638184e-29,8.920071e-17,3.1009335e-21,2.6611043e-14,5.3643786e-12,1.0,0.0,8.240541e-15,7.1472064e-28
EFT:2.2371284e-11,3.5638184e-29,8.920003e-17,3.1009216e-21,2.6611043e-14,5.3643583e-12,1.0,0.0,8.240541e-15,7.1472064e-28
Random78
Raw:2.2371029e-11,3.5637095e-29,8.9198664e-17,3.1008507e-21,2.6610636e-14,5.364297e-12,1.0,0.0,8.240384e-15,7.147016e-28
EFT:2.2371284e-11,3.5638184e-29,8.920003e-17,3.1009216e-21,2.6611043e-14,5.3643583e-12,1.0,0.0,8.240541e-15,7.1472064e-28
Random79
Raw:2.2371114e-11,3.5637366e-29,8.9199e-17,3.1008743e-21,2.6610738e-14,5.364297e-12,1.0,0.0,8.240415e-15,7.147043e-28
EFT:2.2371284e-11,3.5638184e-29,8.920003e-17,3.1009216e-21,2.6611043e-14,5.3643583e-12,1.0,0.0,8.240541e-15,7.1472064e-28
Random80
Raw:2.2371284e-11,3.5638184e-29,8.9200365e-17,3.1009216e-21,2.6611043e-14,5.3643583e-12,1.0,0.0,8.240541e-15,7.1472064e-28
EFT:2.2371284e-11,3.5638184e-29,8.920003e-17,3.1009216e-21,2.6611043e-14,5.3643583e-12,1.0,0.0,8.240541e-15,7.1472064e-28
Random81
Raw:2.2371284e-11,3.5638184e-29,8.9200365e-17,3.1009216e-21,2.6611043e-14,5.3643583e-12,1.0,0.0,8.240541e-15,7.1472064e-28
EFT:2.2371284e-11,3.5638184e-29,8.920003e-17,3.1009216e-21,2.6611043e-14,5.3643583e-12,1.0,0.0,8.240541e-15,7.1472064e-28
Random82
Raw:2.2371369e-11,3.5638455e-29,8.920071e-17,3.1009454e-21,2.6611043e-14,5.3643583e-12,1.0,0.0,8.240541e-15,7.147234e-28
EFT:2.2371284e-11,3.5638184e-29,8.920003e-17,3.1009216e-21,2.6611043e-14,5.3643583e-12,1.0,0.0,8.240541e-15,7.1472064e-28
Random83
Raw:2.2371455e-11,3.5638455e-29,8.920071e-17,3.1009454e-21,2.6611144e-14,5.3643786e-12,1.0,0.0,8.240573e-15,7.1472613e-28
EFT:2.2371284e-11,3.5638184e-29,8.920003e-17,3.1009216e-21,2.6611043e-14,5.3643583e-12,1.0,0.0,8.240541e-15,7.1472064e-28
Random84
Raw:2.2371369e-11,3.5638455e-29,8.9200365e-17,3.1009454e-21,2.6611043e-14,5.3643583e-12,1.0,0.0,8.24051e-15,7.147234e-28
EFT:2.2371284e-11,3.5638184e-29,8.920003e-17,3.1009216e-21,2.6611043e-14,5.3643583e-12,1.0,0.0,8.240541e-15,7.1472064e-28
Random85
Raw:2.2371369e-11,3.5638455e-29,8.920071e-17,3.1009454e-21,2.6611043e-14,5.3643583e-12,1.0,0.0,8.240541e-15,7.147234e-28
EFT:2.2371284e-11,3.5638184e-29,8.920003e-17,3.1009216e-21,2.6611043e-14,5.3643583e-12,1.0,0.0,8.240541e-15,7.1472064e-28
Random86
Raw:2.2371455e-11,3.5638455e-29,8.920071e-17,3.1009454e-21,2.6611144e-14,5.3643786e-12,1.0,0.0,8.240541e-15,7.1472613e-28
EFT:2.2371284e-11,3.5638184e-29,8.920003e-17,3.1009216e-21,2.6611043e-14,5.3643583e-12,1.0,0.0,8.240541e-15,7.1472064e-28
Random87
Raw:2.237154e-11,3.5638455e-29,8.9201384e-17,3.100969e-21,2.6611246e-14,5.3643995e-12,1.0,0.0,8.240604e-15,7.1473157e-28
EFT:2.2371284e-11,3.5638184e-29,8.920003e-17,3.1009216e-21,2.6611043e-14,5.3643583e-12,1.0,0.0,8.240541e-15,7.1472064e-28
Random88
Raw:2.2371284e-11,3.563791e-29,8.920003e-17,3.1009216e-21,2.6610941e-14,5.3643583e-12,1.0,0.0,8.240479e-15,7.147152e-28
EFT:2.2371284e-11,3.5638184e-29,8.920003e-17,3.1009216e-21,2.6611043e-14,5.3643583e-12,1.0,0.0,8.240541e-15,7.1472064e-28
Random89
Raw:2.2371284e-11,3.5638184e-29,8.9200365e-17,3.1009454e-21,2.6611043e-14,5.3643583e-12,1.0,0.0,8.24051e-15,7.1472064e-28
EFT:2.2371284e-11,3.5638184e-29,8.920003e-17,3.1009216e-21,2.6611043e-14,5.3643583e-12,1.0,0.0,8.240541e-15,7.1472064e-28
Random90
Raw:2.2371369e-11,3.5638184e-29,8.920071e-17,3.1009335e-21,2.6611043e-14,5.3643786e-12,1.0,0.0,8.240541e-15,7.1472064e-28
EFT:2.2371284e-11,3.5638184e-29,8.920003e-17,3.1009216e-21,2.6611043e-14,5.3643583e-12,1.0,0.0,8.240541e-15,7.1472064e-28
Random91
Raw:2.2371199e-11,3.563764e-29,8.919968e-17,3.100898e-21,2.661084e-14,5.3643175e-12,1.0,0.0,8.240479e-15,7.1470976e-28
EFT:2.2371284e-11,3.5638184e-29,8.920003e-17,3.1009216e-21,2.6611043e-14,5.3643583e-12,1.0,0.0,8.240541e-15,7.1472064e-28
Random92
Raw:2.2371284e-11,3.5638184e-29,8.9200365e-17,3.1009216e-21,2.6611144e-14,5.3643583e-12,1.0,0.0,8.240541e-15,7.1472064e-28
EFT:2.2371284e-11,3.5638184e-29,8.920003e-17,3.1009216e-21,2.6611043e-14,5.3643583e-12,1.0,0.0,8.240541e-15,7.1472064e-28
Random93
Raw:2.2371369e-11,3.5638184e-29,8.920071e-17,3.1009335e-21,2.6611043e-14,5.3643786e-12,1.0,0.0,8.240541e-15,7.1472064e-28
EFT:2.2371284e-11,3.5638184e-29,8.920003e-17,3.1009216e-21,2.6611043e-14,5.3643583e-12,1.0,0.0,8.240541e-15,7.1472064e-28
Random94
Raw:2.2371455e-11,3.5638726e-29,8.9201046e-17,3.1009571e-21,2.6611246e-14,5.3643995e-12,1.0,0.0,8.240573e-15,7.1472883e-28
EFT:2.2371284e-11,3.5638184e-29,8.920003e-17,3.1009216e-21,2.6611043e-14,5.3643583e-12,1.0,0.0,8.240541e-15,7.1472064e-28
Random95
Raw:2.2371369e-11,3.5638184e-29,8.920071e-17,3.1009335e-21,2.6611043e-14,5.3643786e-12,1.0,0.0,8.240541e-15,7.1472064e-28
EFT:2.2371284e-11,3.5638184e-29,8.920003e-17,3.1009216e-21,2.6611043e-14,5.3643583e-12,1.0,0.0,8.240541e-15,7.1472064e-28
Random96
Raw:2.2371455e-11,3.5638726e-29,8.9201384e-17,3.1009571e-21,2.6611246e-14,5.3643995e-12,1.0,0.0,8.240604e-15,7.1472883e-28
EFT:2.2371284e-11,3.5638184e-29,8.920003e-17,3.1009216e-21,2.6611043e-14,5.3643583e-12,1.0,0.0,8.240541e-15,7.1472064e-28
Random97
Raw:2.2371284e-11,3.5638184e-29,8.9200365e-17,3.1009216e-21,2.6611144e-14,5.3643583e-12,1.0,0.0,8.240541e-15,7.1472064e-28
EFT:2.2371284e-11,3.5638184e-29,8.920003e-17,3.1009216e-21,2.6611043e-14,5.3643583e-12,1.0,0.0,8.240541e-15,7.1472064e-28
Random98
Raw:2.2371114e-11,3.563791e-29,8.919968e-17,3.100898e-21,2.6610941e-14,5.364338e-12,1.0,0.0,8.240479e-15,7.147152e-28
EFT:2.2371284e-11,3.5638184e-29,8.920003e-17,3.1009216e-21,2.6611043e-14,5.3643583e-12,1.0,0.0,8.240541e-15,7.1472064e-28
Random99
Raw:2.2371114e-11,3.5637366e-29,8.9199e-17,3.1008743e-21,2.6610738e-14,5.364297e-12,1.0,0.0,8.240415e-15,7.147043e-28
EFT:2.2371284e-11,3.5638184e-29,8.920003e-17,3.1009216e-21,2.6611043e-14,5.3643583e-12,1.0,0.0,8.240541e-15,7.1472064e-28
Random100
Raw:2.2371284e-11,3.5638184e-29,8.920003e-17,3.1009216e-21,2.6611043e-14,5.3643583e-12,1.0,0.0,8.240541e-15,7.1472064e-28
EFT:2.2371284e-11,3.5638184e-29,8.920003e-17,3.1009216e-21,2.6611043e-14,5.3643583e-12,1.0,0.0,8.240541e-15,7.1472064e-28
Random101
Raw:2.2371455e-11,3.5638455e-29,8.920071e-17,3.1009454e-21,2.6611144e-14,5.3643786e-12,1.0,0.0,8.240541e-15,7.1472613e-28
EFT:2.2371284e-11,3.5638184e-29,8.920003e-17,3.1009216e-21,2.6611043e-14,5.3643583e-12,1.0,0.0,8.240541e-15,7.1472064e-28
Random102
Raw:2.2371455e-11,3.5638455e-29,8.920071e-17,3.100969e-21,2.6611144e-14,5.3643786e-12,1.0,0.0,8.240541e-15,7.1473157e-28
EFT:2.2371284e-11,3.5638184e-29,8.920003e-17,3.1009216e-21,2.6611043e-14,5.3643583e-12,1.0,0.0,8.240541e-15,7.1472064e-28
Random103
Raw:2.237154e-11,3.5638455e-29,8.9201384e-17,3.100969e-21,2.6611246e-14,5.3643995e-12,1.0,0.0,8.240604e-15,7.1473157e-28
EFT:2.2371284e-11,3.5638184e-29,8.920003e-17,3.1009216e-21,2.6611043e-14,5.3643583e-12,1.0,0.0,8.240541e-15,7.1472064e-28
Random104
Raw:2.2371369e-11,3.5638184e-29,8.920071e-17,3.1009335e-21,2.6611043e-14,5.3643786e-12,1.0,0.0,8.240541e-15,7.1472064e-28
EFT:2.2371284e-11,3.5638184e-29,8.920003e-17,3.1009216e-21,2.6611043e-14,5.3643583e-12,1.0,0.0,8.240541e-15,7.1472064e-28
Random105
Raw:2.2371199e-11,3.563791e-29,8.920003e-17,3.1009335e-21,2.6611043e-14,5.364338e-12,1.0,0.0,8.24051e-15,7.1472064e-28
EFT:2.2371284e-11,3.5638184e-29,8.920003e-17,3.1009216e-21,2.6611043e-14,5.3643583e-12,1.0,0.0,8.240541e-15,7.1472064e-28
Random106
Raw:2.2371284e-11,3.5638184e-29,8.920003e-17,3.1009216e-21,2.6611043e-14,5.3643583e-12,1.0,0.0,8.24051e-15,7.1472064e-28
EFT:2.2371284e-11,3.5638184e-29,8.920003e-17,3.1009216e-21,2.6611043e-14,5.3643583e-12,1.0,0.0,8.240541e-15,7.1472064e-28
Random107
Raw:2.2371455e-11,3.5638455e-29,8.9201046e-17,3.1009454e-21,2.6611144e-14,5.3643786e-12,1.0,0.0,8.240573e-15,7.1472613e-28
EFT:2.2371284e-11,3.5638184e-29,8.920003e-17,3.1009216e-21,2.6611043e-14,5.3643583e-12,1.0,0.0,8.240541e-15,7.1472064e-28
Random108
Raw:2.2371455e-11,3.5638455e-29,8.920071e-17,3.1009454e-21,2.6611144e-14,5.3643786e-12,1.0,0.0,8.240541e-15,7.1472613e-28
EFT:2.2371284e-11,3.5638184e-29,8.920003e-17,3.1009216e-21,2.6611043e-14,5.3643583e-12,1.0,0.0,8.240541e-15,7.1472064e-28
Random109
Raw:2.2371284e-11,3.5638184e-29,8.9200365e-17,3.1009216e-21,2.6611043e-14,5.3643583e-12,1.0,0.0,8.240541e-15,7.1472064e-28
EFT:2.2371284e-11,3.5638184e-29,8.920003e-17,3.1009216e-21,2.6611043e-14,5.3643583e-12,1.0,0.0,8.240541e-15,7.1472064e-28
Random110
Raw:2.2371369e-11,3.5638184e-29,8.9200365e-17,3.1009216e-21,2.6611043e-14,5.3643583e-12,1.0,0.0,8.240541e-15,7.1472064e-28
EFT:2.2371284e-11,3.5638184e-29,8.920003e-17,3.1009216e-21,2.6611043e-14,5.3643583e-12,1.0,0.0,8.240541e-15,7.1472064e-28
Random111
Raw:2.2371455e-11,3.5638455e-29,8.9201046e-17,3.1009454e-21,2.6611144e-14,5.3643786e-12,1.0,0.0,8.240573e-15,7.1472613e-28
EFT:2.2371284e-11,3.5638184e-29,8.920003e-17,3.1009216e-21,2.6611043e-14,5.3643583e-12,1.0,0.0,8.240541e-15,7.1472064e-28
Random112
Raw:2.2371369e-11,3.5638455e-29,8.920071e-17,3.1009454e-21,2.6611043e-14,5.3643583e-12,1.0,0.0,8.240541e-15,7.147234e-28
EFT:2.2371284e-11,3.5638184e-29,8.920003e-17,3.1009216e-21,2.6611043e-14,5.3643583e-12,1.0,0.0,8.240541e-15,7.1472064e-28
Random113
Raw:2.2371369e-11,3.5638184e-29,8.920071e-17,3.1009335e-21,2.6611043e-14,5.3643786e-12,1.0,0.0,8.240541e-15,7.1472064e-28
EFT:2.2371284e-11,3.5638184e-29,8.920003e-17,3.1009216e-21,2.6611043e-14,5.3643583e-12,1.0,0.0,8.240541e-15,7.1472064e-28
Random114
Raw:2.2371284e-11,3.563791e-29,8.9200365e-17,3.1009216e-21,2.6610941e-14,5.3643583e-12,1.0,0.0,8.24051e-15,7.147152e-28
EFT:2.2371284e-11,3.5638184e-29,8.920003e-17,3.1009216e-21,2.6611043e-14,5.3643583e-12,1.0,0.0,8.240541e-15,7.1472064e-28
Random115
Raw:2.2371284e-11,3.5638184e-29,8.9200365e-17,3.1009216e-21,2.6611043e-14,5.3643583e-12,1.0,0.0,8.24051e-15,7.1472064e-28
EFT:2.2371284e-11,3.5638184e-29,8.920003e-17,3.1009216e-21,2.6611043e-14,5.3643583e-12,1.0,0.0,8.240541e-15,7.1472064e-28
Random116
Raw:2.2371455e-11,3.5638455e-29,8.9201046e-17,3.1009454e-21,2.6611144e-14,5.3643786e-12,1.0,0.0,8.240573e-15,7.1472613e-28
EFT:2.2371284e-11,3.5638184e-29,8.920003e-17,3.1009216e-21,2.6611043e-14,5.3643583e-12,1.0,0.0,8.240541e-15,7.1472064e-28
Random117
Raw:2.2371284e-11,3.563791e-29,8.9200365e-17,3.1009216e-21,2.6610941e-14,5.3643583e-12,1.0,0.0,8.24051e-15,7.147152e-28
EFT:2.2371284e-11,3.5638184e-29,8.920003e-17,3.1009216e-21,2.6611043e-14,5.3643583e-12,1.0,0.0,8.240541e-15,7.1472064e-28
Random118
Raw:2.2371369e-11,3.5638184e-29,8.9200365e-17,3.1009335e-21,2.6611043e-14,5.3643786e-12,1.0,0.0,8.240541e-15,7.1472064e-28
EFT:2.2371284e-11,3.5638184e-29,8.920003e-17,3.1009216e-21,2.6611043e-14,5.3643583e-12,1.0,0.0,8.240541e-15,7.1472064e-28
Random119
Raw:2.2371284e-11,3.563791e-29,8.920003e-17,3.100898e-21,2.6610941e-14,5.3643583e-12,1.0,0.0,8.240479e-15,7.147152e-28
EFT:2.2371284e-11,3.5638184e-29,8.920003e-17,3.1009216e-21,2.6611043e-14,5.3643583e-12,1.0,0.0,8.240541e-15,7.1472064e-28
Random120
Raw:2.2371455e-11,3.5638455e-29,8.9201046e-17,3.1009454e-21,2.6611144e-14,5.3643786e-12,1.0,0.0,8.240573e-15,7.1472613e-28
EFT:2.2371284e-11,3.5638184e-29,8.920003e-17,3.1009216e-21,2.6611043e-14,5.3643583e-12,1.0,0.0,8.240541e-15,7.1472064e-28
Random121
Raw:2.2371199e-11,3.563764e-29,8.919968e-17,3.100898e-21,2.661084e-14,5.3643175e-12,1.0,0.0,8.240479e-15,7.1470976e-28
EFT:2.2371284e-11,3.5638184e-29,8.920003e-17,3.1009216e-21,2.6611043e-14,5.3643583e-12,1.0,0.0,8.240541e-15,7.1472064e-28
Random122
Raw:2.2371369e-11,3.5638184e-29,8.920071e-17,3.1009335e-21,2.6611043e-14,5.3643786e-12,1.0,0.0,8.240541e-15,7.1472064e-28
EFT:2.2371284e-11,3.5638184e-29,8.920003e-17,3.1009216e-21,2.6611043e-14,5.3643583e-12,1.0,0.0,8.240541e-15,7.1472064e-28
Random123
Raw:2.2371114e-11,3.5637366e-29,8.9199e-17,3.1008624e-21,2.6610738e-14,5.3643175e-12,1.0,0.0,8.2404464e-15,7.147016e-28
EFT:2.2371284e-11,3.5638184e-29,8.920003e-17,3.1009216e-21,2.6611043e-14,5.3643583e-12,1.0,0.0,8.240541e-15,7.1472064e-28
Random124
Raw:2.2371284e-11,3.563791e-29,8.920003e-17,3.1009216e-21,2.6610941e-14,5.3643583e-12,1.0,0.0,8.240479e-15,7.147152e-28
EFT:2.2371284e-11,3.5638184e-29,8.920003e-17,3.1009216e-21,2.6611043e-14,5.3643583e-12,1.0,0.0,8.240541e-15,7.1472064e-28
Random125
Raw:2.2371199e-11,3.563791e-29,8.919968e-17,3.100898e-21,2.6610941e-14,5.364338e-12,1.0,0.0,8.24051e-15,7.147152e-28
EFT:2.2371284e-11,3.5638184e-29,8.920003e-17,3.1009216e-21,2.6611043e-14,5.3643583e-12,1.0,0.0,8.240541e-15,7.1472064e-28
Random126
Raw:2.2371455e-11,3.5638455e-29,8.9201046e-17,3.100969e-21,2.6611144e-14,5.3643786e-12,1.0,0.0,8.240573e-15,7.1473157e-28
EFT:2.2371284e-11,3.5638184e-29,8.920003e-17,3.1009216e-21,2.6611043e-14,5.3643583e-12,1.0,0.0,8.240541e-15,7.1472064e-28
Random127
Raw:2.2371455e-11,3.5638455e-29,8.920071e-17,3.1009454e-21,2.6611144e-14,5.3643786e-12,1.0,0.0,8.240541e-15,7.1472613e-28
EFT:2.2371284e-11,3.5638184e-29,8.920003e-17,3.1009216e-21,2.6611043e-14,5.3643583e-12,1.0,0.0,8.240541e-15,7.1472064e-28
Random128
Raw:2.2371455e-11,3.5638455e-29,8.9201046e-17,3.1009454e-21,2.6611144e-14,5.3643786e-12,1.0,0.0,8.240573e-15,7.1472613e-28
EFT:2.2371284e-11,3.5638184e-29,8.920003e-17,3.1009216e-21,2.6611043e-14,5.3643583e-12,1.0,0.0,8.240541e-15,7.1472064e-28
Random129
Raw:2.2371369e-11,3.5638184e-29,8.920071e-17,3.1009335e-21,2.6611043e-14,5.3643786e-12,1.0,0.0,8.240541e-15,7.1472064e-28
EFT:2.2371284e-11,3.5638184e-29,8.920003e-17,3.1009216e-21,2.6611043e-14,5.3643583e-12,1.0,0.0,8.240541e-15,7.1472064e-28
Random130
Raw:2.2371199e-11,3.5637366e-29,8.9199e-17,3.1008863e-21,2.6610738e-14,5.3643175e-12,1.0,0.0,8.240415e-15,7.14707e-28
EFT:2.2371284e-11,3.5638184e-29,8.920003e-17,3.1009216e-21,2.6611043e-14,5.3643583e-12,1.0,0.0,8.240541e-15,7.1472064e-28
Random131
Raw:2.2371114e-11,3.563764e-29,8.919968e-17,3.1008863e-21,2.661084e-14,5.364338e-12,1.0,0.0,8.2404464e-15,7.1470976e-28
EFT:2.2371284e-11,3.5638184e-29,8.920003e-17,3.1009216e-21,2.6611043e-14,5.3643583e-12,1.0,0.0,8.240541e-15,7.1472064e-28
Random132
Raw:2.2371455e-11,3.5638455e-29,8.920071e-17,3.1009454e-21,2.6611144e-14,5.3643786e-12,1.0,0.0,8.240541e-15,7.1472613e-28
EFT:2.2371284e-11,3.5638184e-29,8.920003e-17,3.1009216e-21,2.6611043e-14,5.3643583e-12,1.0,0.0,8.240541e-15,7.1472064e-28
Random133
Raw:2.2371284e-11,3.563791e-29,8.9200365e-17,3.1009216e-21,2.6611043e-14,5.3643583e-12,1.0,0.0,8.24051e-15,7.147152e-28
EFT:2.2371284e-11,3.5638184e-29,8.920003e-17,3.1009216e-21,2.6611043e-14,5.3643583e-12,1.0,0.0,8.240541e-15,7.1472064e-28
Random134
Raw:2.2371284e-11,3.5638184e-29,8.9200365e-17,3.1009454e-21,2.6611043e-14,5.364338e-12,1.0,0.0,8.24051e-15,7.147234e-28
EFT:2.2371284e-11,3.5638184e-29,8.920003e-17,3.1009216e-21,2.6611043e-14,5.3643583e-12,1.0,0.0,8.240541e-15,7.1472064e-28
Random135
Raw:2.2371284e-11,3.563791e-29,8.9200365e-17,3.1009216e-21,2.6610941e-14,5.3643583e-12,1.0,0.0,8.24051e-15,7.147152e-28
EFT:2.2371284e-11,3.5638184e-29,8.920003e-17,3.1009216e-21,2.6611043e-14,5.3643583e-12,1.0,0.0,8.240541e-15,7.1472064e-28
Random136
Raw:2.2371455e-11,3.5638726e-29,8.9201384e-17,3.1009571e-21,2.6611246e-14,5.3643995e-12,1.0,0.0,8.240604e-15,7.1472883e-28
EFT:2.2371284e-11,3.5638184e-29,8.920003e-17,3.1009216e-21,2.6611043e-14,5.3643583e-12,1.0,0.0,8.240541e-15,7.1472064e-28
Random137
Raw:2.2371369e-11,3.5638455e-29,8.9200365e-17,3.1009454e-21,2.6611043e-14,5.3643583e-12,1.0,0.0,8.24051e-15,7.147234e-28
EFT:2.2371284e-11,3.5638184e-29,8.920003e-17,3.1009216e-21,2.6611043e-14,5.3643583e-12,1.0,0.0,8.240541e-15,7.1472064e-28
Random138
Raw:2.2371284e-11,3.5638184e-29,8.9200365e-17,3.1009216e-21,2.6611144e-14,5.3643583e-12,1.0,0.0,8.240541e-15,7.1472064e-28
EFT:2.2371284e-11,3.5638184e-29,8.920003e-17,3.1009216e-21,2.6611043e-14,5.3643583e-12,1.0,0.0,8.240541e-15,7.1472064e-28
Random139
Raw:2.2371455e-11,3.5638455e-29,8.9201046e-17,3.1009454e-21,2.6611144e-14,5.3643786e-12,1.0,0.0,8.240573e-15,7.1472613e-28
EFT:2.2371284e-11,3.5638184e-29,8.920003e-17,3.1009216e-21,2.6611043e-14,5.3643583e-12,1.0,0.0,8.240541e-15,7.1472064e-28
Random140
Raw:2.2371369e-11,3.5638184e-29,8.920071e-17,3.1009454e-21,2.6611144e-14,5.3643583e-12,1.0,0.0,8.240541e-15,7.1472613e-28
EFT:2.2371284e-11,3.5638184e-29,8.920003e-17,3.1009216e-21,2.6611043e-14,5.3643583e-12,1.0,0.0,8.240541e-15,7.1472064e-28
Random141
Raw:2.2371455e-11,3.5638455e-29,8.9201046e-17,3.1009454e-21,2.6611144e-14,5.3643786e-12,1.0,0.0,8.240573e-15,7.1472613e-28
EFT:2.2371284e-11,3.5638184e-29,8.920003e-17,3.1009216e-21,2.6611043e-14,5.3643583e-12,1.0,0.0,8.240541e-15,7.1472064e-28
Random142
Raw:2.2371369e-11,3.5638455e-29,8.9200365e-17,3.1009454e-21,2.6611043e-14,5.3643583e-12,1.0,0.0,8.24051e-15,7.147234e-28
EFT:2.2371284e-11,3.5638184e-29,8.920003e-17,3.1009216e-21,2.6611043e-14,5.3643583e-12,1.0,0.0,8.240541e-15,7.1472064e-28
Random143
Raw:2.2371284e-11,3.563791e-29,8.920003e-17,3.1009216e-21,2.6610941e-14,5.3643583e-12,1.0,0.0,8.240479e-15,7.147152e-28
EFT:2.2371284e-11,3.5638184e-29,8.920003e-17,3.1009216e-21,2.6611043e-14,5.3643583e-12,1.0,0.0,8.240541e-15,7.1472064e-28
Random144
Raw:2.2371284e-11,3.5638184e-29,8.9200365e-17,3.1009216e-21,2.6611043e-14,5.3643583e-12,1.0,0.0,8.240541e-15,7.1472064e-28
EFT:2.2371284e-11,3.5638184e-29,8.920003e-17,3.1009216e-21,2.6611043e-14,5.3643583e-12,1.0,0.0,8.240541e-15,7.1472064e-28
Random145
Raw:2.2371455e-11,3.5638455e-29,8.920071e-17,3.1009454e-21,2.6611144e-14,5.3643786e-12,1.0,0.0,8.240541e-15,7.1472613e-28
EFT:2.2371284e-11,3.5638184e-29,8.920003e-17,3.1009216e-21,2.6611043e-14,5.3643583e-12,1.0,0.0,8.240541e-15,7.1472064e-28
Random146
Raw:2.2371455e-11,3.5638726e-29,8.9201046e-17,3.1009571e-21,2.6611246e-14,5.3643995e-12,1.0,0.0,8.240573e-15,7.1472883e-28
EFT:2.2371284e-11,3.5638184e-29,8.920003e-17,3.1009216e-21,2.6611043e-14,5.3643583e-12,1.0,0.0,8.240541e-15,7.1472064e-28
Random147
Raw:2.2371455e-11,3.5638455e-29,8.9201046e-17,3.1009454e-21,2.6611144e-14,5.3643786e-12,1.0,0.0,8.240573e-15,7.1472613e-28
EFT:2.2371284e-11,3.5638184e-29,8.920003e-17,3.1009216e-21,2.6611043e-14,5.3643583e-12,1.0,0.0,8.240541e-15,7.1472064e-28
Random148
Raw:2.2371284e-11,3.563791e-29,8.9200365e-17,3.1009216e-21,2.6610941e-14,5.3643583e-12,1.0,0.0,8.24051e-15,7.147152e-28
EFT:2.2371284e-11,3.5638184e-29,8.920003e-17,3.1009216e-21,2.6611043e-14,5.3643583e-12,1.0,0.0,8.240541e-15,7.1472064e-28
Random149
Raw:2.2371369e-11,3.5638455e-29,8.9200365e-17,3.1009454e-21,2.6611043e-14,5.3643583e-12,1.0,0.0,8.24051e-15,7.147234e-28
EFT:2.2371284e-11,3.5638184e-29,8.920003e-17,3.1009216e-21,2.6611043e-14,5.3643583e-12,1.0,0.0,8.240541e-15,7.1472064e-28
Random150
Raw:2.2371284e-11,3.5638184e-29,8.920003e-17,3.1009099e-21,2.6610941e-14,5.364338e-12,1.0,0.0,8.24051e-15,7.1471795e-28
EFT:2.2371284e-11,3.5638184e-29,8.920003e-17,3.1009216e-21,2.6611043e-14,5.3643583e-12,1.0,0.0,8.240541e-15,7.1472064e-28
Random151
Raw:2.2371284e-11,3.5638184e-29,8.9200365e-17,3.1009216e-21,2.6611043e-14,5.3643583e-12,1.0,0.0,8.240541e-15,7.1472064e-28
EFT:2.2371284e-11,3.5638184e-29,8.920003e-17,3.1009216e-21,2.6611043e-14,5.3643583e-12,1.0,0.0,8.240541e-15,7.1472064e-28
Random152
Raw:2.2371369e-11,3.5638455e-29,8.920071e-17,3.1009454e-21,2.6611043e-14,5.3643583e-12,1.0,0.0,8.240541e-15,7.147234e-28
EFT:2.2371284e-11,3.5638184e-29,8.920003e-17,3.1009216e-21,2.6611043e-14,5.3643583e-12,1.0,0.0,8.240541e-15,7.1472064e-28
Random153
Raw:2.2371029e-11,3.5637366e-29,8.9199e-17,3.1008743e-21,2.6610738e-14,5.3642767e-12,1.0,0.0,8.240415e-15,7.147043e-28
EFT:2.2371284e-11,3.5638184e-29,8.920003e-17,3.1009216e-21,2.6611043e-14,5.3643583e-12,1.0,0.0,8.240541e-15,7.1472064e-28
Random154
Raw:2.2371199e-11,3.563791e-29,8.920003e-17,3.100898e-21,2.6610941e-14,5.3643583e-12,1.0,0.0,8.240479e-15,7.147152e-28
EFT:2.2371284e-11,3.5638184e-29,8.920003e-17,3.1009216e-21,2.6611043e-14,5.3643583e-12,1.0,0.0,8.240541e-15,7.1472064e-28
Random155
Raw:2.2371284e-11,3.5638184e-29,8.920003e-17,3.1009216e-21,2.6611043e-14,5.3643583e-12,1.0,0.0,8.24051e-15,7.1472064e-28
EFT:2.2371284e-11,3.5638184e-29,8.920003e-17,3.1009216e-21,2.6611043e-14,5.3643583e-12,1.0,0.0,8.240541e-15,7.1472064e-28
Random156
Raw:2.2371369e-11,3.5638455e-29,8.920071e-17,3.1009454e-21,2.6611043e-14,5.3643583e-12,1.0,0.0,8.240541e-15,7.147234e-28
EFT:2.2371284e-11,3.5638184e-29,8.920003e-17,3.1009216e-21,2.6611043e-14,5.3643583e-12,1.0,0.0,8.240541e-15,7.1472064e-28
Random157
Raw:2.2371284e-11,3.5638184e-29,8.920003e-17,3.1009216e-21,2.6611043e-14,5.3643583e-12,1.0,0.0,8.240541e-15,7.1472064e-28
EFT:2.2371284e-11,3.5638184e-29,8.920003e-17,3.1009216e-21,2.6611043e-14,5.3643583e-12,1.0,0.0,8.240541e-15,7.1472064e-28
Random158
Raw:2.2371284e-11,3.5638184e-29,8.920003e-17,3.1009216e-21,2.6611043e-14,5.3643583e-12,1.0,0.0,8.24051e-15,7.1472064e-28
EFT:2.2371284e-11,3.5638184e-29,8.920003e-17,3.1009216e-21,2.6611043e-14,5.3643583e-12,1.0,0.0,8.240541e-15,7.1472064e-28
Random159
Raw:2.237154e-11,3.5639e-29,8.9201384e-17,3.100969e-21,2.6611348e-14,5.36442e-12,1.0,0.0,8.240604e-15,7.1473427e-28
EFT:2.2371284e-11,3.5638184e-29,8.920003e-17,3.1009216e-21,2.6611043e-14,5.3643583e-12,1.0,0.0,8.240541e-15,7.1472064e-28
Random160
Raw:2.2371369e-11,3.5638184e-29,8.920071e-17,3.1009335e-21,2.6611043e-14,5.3643786e-12,1.0,0.0,8.240541e-15,7.1472064e-28
EFT:2.2371284e-11,3.5638184e-29,8.920003e-17,3.1009216e-21,2.6611043e-14,5.3643583e-12,1.0,0.0,8.240541e-15,7.1472064e-28
Random161
Raw:2.2371455e-11,3.5638455e-29,8.920071e-17,3.1009454e-21,2.6611144e-14,5.3643786e-12,1.0,0.0,8.240541e-15,7.1472613e-28
EFT:2.2371284e-11,3.5638184e-29,8.920003e-17,3.1009216e-21,2.6611043e-14,5.3643583e-12,1.0,0.0,8.240541e-15,7.1472064e-28
Random162
Raw:2.2371369e-11,3.5638455e-29,8.920071e-17,3.1009454e-21,2.6611043e-14,5.3643583e-12,1.0,0.0,8.240541e-15,7.147234e-28
EFT:2.2371284e-11,3.5638184e-29,8.920003e-17,3.1009216e-21,2.6611043e-14,5.3643583e-12,1.0,0.0,8.240541e-15,7.1472064e-28
Random163
Raw:2.2371284e-11,3.563764e-29,8.920003e-17,3.100898e-21,2.6610941e-14,5.364338e-12,1.0,0.0,8.240479e-15,7.1470976e-28
EFT:2.2371284e-11,3.5638184e-29,8.920003e-17,3.1009216e-21,2.6611043e-14,5.3643583e-12,1.0,0.0,8.240541e-15,7.1472064e-28
Random164
Raw:2.2371369e-11,3.5638184e-29,8.9200365e-17,3.1009335e-21,2.6611043e-14,5.3643786e-12,1.0,0.0,8.24051e-15,7.1472064e-28
EFT:2.2371284e-11,3.5638184e-29,8.920003e-17,3.1009216e-21,2.6611043e-14,5.3643583e-12,1.0,0.0,8.240541e-15,7.1472064e-28
Random165
Raw:2.2371284e-11,3.563791e-29,8.9200365e-17,3.1009216e-21,2.6610941e-14,5.3643583e-12,1.0,0.0,8.24051e-15,7.147152e-28
EFT:2.2371284e-11,3.5638184e-29,8.920003e-17,3.1009216e-21,2.6611043e-14,5.3643583e-12,1.0,0.0,8.240541e-15,7.1472064e-28
Random166
Raw:2.2371369e-11,3.5638184e-29,8.9200365e-17,3.1009335e-21,2.6611043e-14,5.3643786e-12,1.0,0.0,8.24051e-15,7.1472064e-28
EFT:2.2371284e-11,3.5638184e-29,8.920003e-17,3.1009216e-21,2.6611043e-14,5.3643583e-12,1.0,0.0,8.240541e-15,7.1472064e-28
Random167
Raw:2.2371369e-11,3.5638184e-29,8.920071e-17,3.1009335e-21,2.6611043e-14,5.3643786e-12,1.0,0.0,8.240541e-15,7.1472064e-28
EFT:2.2371284e-11,3.5638184e-29,8.920003e-17,3.1009216e-21,2.6611043e-14,5.3643583e-12,1.0,0.0,8.240541e-15,7.1472064e-28
Random168
Raw:2.2371114e-11,3.563764e-29,8.919968e-17,3.100898e-21,2.661084e-14,5.3643175e-12,1.0,0.0,8.2404464e-15,7.1470976e-28
EFT:2.2371284e-11,3.5638184e-29,8.920003e-17,3.1009216e-21,2.6611043e-14,5.3643583e-12,1.0,0.0,8.240541e-15,7.1472064e-28
Random169
Raw:2.2371455e-11,3.5638455e-29,8.920071e-17,3.1009454e-21,2.6611144e-14,5.3643786e-12,1.0,0.0,8.240541e-15,7.1472613e-28
EFT:2.2371284e-11,3.5638184e-29,8.920003e-17,3.1009216e-21,2.6611043e-14,5.3643583e-12,1.0,0.0,8.240541e-15,7.1472064e-28
Random170
Raw:2.2371369e-11,3.5638184e-29,8.920071e-17,3.1009335e-21,2.6611043e-14,5.3643786e-12,1.0,0.0,8.240541e-15,7.1472064e-28
EFT:2.2371284e-11,3.5638184e-29,8.920003e-17,3.1009216e-21,2.6611043e-14,5.3643583e-12,1.0,0.0,8.240541e-15,7.1472064e-28
Random171
Raw:2.2371199e-11,3.563791e-29,8.919968e-17,3.100898e-21,2.6610941e-14,5.364338e-12,1.0,0.0,8.24051e-15,7.147152e-28
EFT:2.2371284e-11,3.5638184e-29,8.920003e-17,3.1009216e-21,2.6611043e-14,5.3643583e-12,1.0,0.0,8.240541e-15,7.1472064e-28
Random172
Raw:2.2371369e-11,3.5638455e-29,8.920071e-17,3.1009454e-21,2.6611043e-14,5.3643583e-12,1.0,0.0,8.240541e-15,7.147234e-28
EFT:2.2371284e-11,3.5638184e-29,8.920003e-17,3.1009216e-21,2.6611043e-14,5.3643583e-12,1.0,0.0,8.240541e-15,7.1472064e-28
Random173
Raw:2.2371114e-11,3.563791e-29,8.919968e-17,3.100898e-21,2.6610941e-14,5.3643175e-12,1.0,0.0,8.240479e-15,7.147152e-28
EFT:2.2371284e-11,3.5638184e-29,8.920003e-17,3.1009216e-21,2.6611043e-14,5.3643583e-12,1.0,0.0,8.240541e-15,7.1472064e-28
Random174
Raw:2.2371369e-11,3.5638184e-29,8.920071e-17,3.1009335e-21,2.6611043e-14,5.3643786e-12,1.0,0.0,8.240541e-15,7.1472064e-28
EFT:2.2371284e-11,3.5638184e-29,8.920003e-17,3.1009216e-21,2.6611043e-14,5.3643583e-12,1.0,0.0,8.240541e-15,7.1472064e-28
Random175
Raw:2.2371114e-11,3.5637366e-29,8.9198664e-17,3.1008507e-21,2.6610636e-14,5.364297e-12,1.0,0.0,8.240415e-15,7.147016e-28
EFT:2.2371284e-11,3.5638184e-29,8.920003e-17,3.1009216e-21,2.6611043e-14,5.3643583e-12,1.0,0.0,8.240541e-15,7.1472064e-28
Random176
Raw:2.2371369e-11,3.5638455e-29,8.9200365e-17,3.1009454e-21,2.6611043e-14,5.3643583e-12,1.0,0.0,8.24051e-15,7.147234e-28
EFT:2.2371284e-11,3.5638184e-29,8.920003e-17,3.1009216e-21,2.6611043e-14,5.3643583e-12,1.0,0.0,8.240541e-15,7.1472064e-28
Random177
Raw:2.2371369e-11,3.5638184e-29,8.920071e-17,3.1009335e-21,2.6611043e-14,5.3643786e-12,1.0,0.0,8.240541e-15,7.1472064e-28
EFT:2.2371284e-11,3.5638184e-29,8.920003e-17,3.1009216e-21,2.6611043e-14,5.3643583e-12,1.0,0.0,8.240541e-15,7.1472064e-28
Random178
Raw:2.2371114e-11,3.5637366e-29,8.9198664e-17,3.1008507e-21,2.6610636e-14,5.364297e-12,1.0,0.0,8.240415e-15,7.1469883e-28
EFT:2.2371284e-11,3.5638184e-29,8.920003e-17,3.1009216e-21,2.6611043e-14,5.3643583e-12,1.0,0.0,8.240541e-15,7.1472064e-28
Random179
Raw:2.2371284e-11,3.5638184e-29,8.9200365e-17,3.1009454e-21,2.6611043e-14,5.364338e-12,1.0,0.0,8.24051e-15,7.147234e-28
EFT:2.2371284e-11,3.5638184e-29,8.920003e-17,3.1009216e-21,2.6611043e-14,5.3643583e-12,1.0,0.0,8.240541e-15,7.1472064e-28
Random180
Raw:2.2371455e-11,3.5638726e-29,8.9201384e-17,3.1009808e-21,2.6611348e-14,5.3643995e-12,1.0,0.0,8.240604e-15,7.1473427e-28
EFT:2.2371284e-11,3.5638184e-29,8.920003e-17,3.1009216e-21,2.6611043e-14,5.3643583e-12,1.0,0.0,8.240541e-15,7.1472064e-28
Random181
Raw:2.2371369e-11,3.5638184e-29,8.920071e-17,3.1009335e-21,2.6611043e-14,5.3643786e-12,1.0,0.0,8.240541e-15,7.1472064e-28
EFT:2.2371284e-11,3.5638184e-29,8.920003e-17,3.1009216e-21,2.6611043e-14,5.3643583e-12,1.0,0.0,8.240541e-15,7.1472064e-28
Random182
Raw:2.2371284e-11,3.5638184e-29,8.920003e-17,3.1009335e-21,2.6611043e-14,5.3643583e-12,1.0,0.0,8.24051e-15,7.1472064e-28
EFT:2.2371284e-11,3.5638184e-29,8.920003e-17,3.1009216e-21,2.6611043e-14,5.3643583e-12,1.0,0.0,8.240541e-15,7.1472064e-28
Random183
Raw:2.2371284e-11,3.5638184e-29,8.9200365e-17,3.1009216e-21,2.6611043e-14,5.3643583e-12,1.0,0.0,8.240541e-15,7.1472064e-28
EFT:2.2371284e-11,3.5638184e-29,8.920003e-17,3.1009216e-21,2.6611043e-14,5.3643583e-12,1.0,0.0,8.240541e-15,7.1472064e-28
Random184
Raw:2.2371369e-11,3.5638184e-29,8.9200365e-17,3.1009335e-21,2.6611043e-14,5.3643786e-12,1.0,0.0,8.24051e-15,7.1472064e-28
EFT:2.2371284e-11,3.5638184e-29,8.920003e-17,3.1009216e-21,2.6611043e-14,5.3643583e-12,1.0,0.0,8.240541e-15,7.1472064e-28
Random185
Raw:2.2371284e-11,3.563791e-29,8.920003e-17,3.1009216e-21,2.6610941e-14,5.3643583e-12,1.0,0.0,8.240479e-15,7.147152e-28
EFT:2.2371284e-11,3.5638184e-29,8.920003e-17,3.1009216e-21,2.6611043e-14,5.3643583e-12,1.0,0.0,8.240541e-15,7.1472064e-28
Random186
Raw:2.2371284e-11,3.563791e-29,8.9200365e-17,3.1009216e-21,2.6610941e-14,5.3643583e-12,1.0,0.0,8.24051e-15,7.147152e-28
EFT:2.2371284e-11,3.5638184e-29,8.920003e-17,3.1009216e-21,2.6611043e-14,5.3643583e-12,1.0,0.0,8.240541e-15,7.1472064e-28
Random187
Raw:2.2371455e-11,3.5638455e-29,8.920071e-17,3.1009454e-21,2.6611144e-14,5.3643786e-12,1.0,0.0,8.240541e-15,7.1472613e-28
EFT:2.2371284e-11,3.5638184e-29,8.920003e-17,3.1009216e-21,2.6611043e-14,5.3643583e-12,1.0,0.0,8.240541e-15,7.1472064e-28
Random188
Raw:2.2371284e-11,3.5638184e-29,8.9200365e-17,3.1009454e-21,2.6611043e-14,5.364338e-12,1.0,0.0,8.24051e-15,7.147234e-28
EFT:2.2371284e-11,3.5638184e-29,8.920003e-17,3.1009216e-21,2.6611043e-14,5.3643583e-12,1.0,0.0,8.240541e-15,7.1472064e-28
Random189
Raw:2.2371284e-11,3.563791e-29,8.920003e-17,3.1009216e-21,2.6610941e-14,5.3643583e-12,1.0,0.0,8.240479e-15,7.147152e-28
EFT:2.2371284e-11,3.5638184e-29,8.920003e-17,3.1009216e-21,2.6611043e-14,5.3643583e-12,1.0,0.0,8.240541e-15,7.1472064e-28
Random190
Raw:2.2371455e-11,3.5638455e-29,8.9201046e-17,3.1009454e-21,2.6611144e-14,5.3643786e-12,1.0,0.0,8.240573e-15,7.1472613e-28
EFT:2.2371284e-11,3.5638184e-29,8.920003e-17,3.1009216e-21,2.6611043e-14,5.3643583e-12,1.0,0.0,8.240541e-15,7.1472064e-28
Random191
Raw:2.237154e-11,3.5638726e-29,8.920173e-17,3.1009927e-21,2.6611448e-14,5.36442e-12,1.0,0.0,8.240635e-15,7.1473427e-28
EFT:2.2371284e-11,3.5638184e-29,8.920003e-17,3.1009216e-21,2.6611043e-14,5.3643583e-12,1.0,0.0,8.240541e-15,7.1472064e-28
Random192
Raw:2.2371455e-11,3.5638455e-29,8.920071e-17,3.1009454e-21,2.6611144e-14,5.3643786e-12,1.0,0.0,8.240541e-15,7.1472613e-28
EFT:2.2371284e-11,3.5638184e-29,8.920003e-17,3.1009216e-21,2.6611043e-14,5.3643583e-12,1.0,0.0,8.240541e-15,7.1472064e-28
Random193
Raw:2.2371455e-11,3.5638455e-29,8.9201046e-17,3.1009454e-21,2.6611144e-14,5.3643786e-12,1.0,0.0,8.240573e-15,7.1472613e-28
EFT:2.2371284e-11,3.5638184e-29,8.920003e-17,3.1009216e-21,2.6611043e-14,5.3643583e-12,1.0,0.0,8.240541e-15,7.1472064e-28
Random194
Raw:2.237154e-11,3.5638455e-29,8.9201384e-17,3.100969e-21,2.6611246e-14,5.3643995e-12,1.0,0.0,8.240604e-15,7.1473157e-28
EFT:2.2371284e-11,3.5638184e-29,8.920003e-17,3.1009216e-21,2.6611043e-14,5.3643583e-12,1.0,0.0,8.240541e-15,7.1472064e-28
Random195
Raw:2.2371455e-11,3.5638455e-29,8.920071e-17,3.1009454e-21,2.6611144e-14,5.3643786e-12,1.0,0.0,8.240573e-15,7.1472613e-28
EFT:2.2371284e-11,3.5638184e-29,8.920003e-17,3.1009216e-21,2.6611043e-14,5.3643583e-12,1.0,0.0,8.240541e-15,7.1472064e-28
Random196
Raw:2.2371284e-11,3.5638184e-29,8.920003e-17,3.1009216e-21,2.6611043e-14,5.3643583e-12,1.0,0.0,8.24051e-15,7.1472064e-28
EFT:2.2371284e-11,3.5638184e-29,8.920003e-17,3.1009216e-21,2.6611043e-14,5.3643583e-12,1.0,0.0,8.240541e-15,7.1472064e-28
Random197
Raw:2.2371284e-11,3.5638455e-29,8.9200365e-17,3.1009454e-21,2.6611043e-14,5.3643583e-12,1.0,0.0,8.24051e-15,7.147234e-28
EFT:2.2371284e-11,3.5638184e-29,8.920003e-17,3.1009216e-21,2.6611043e-14,5.3643583e-12,1.0,0.0,8.240541e-15,7.1472064e-28
Random198
Raw:2.2371199e-11,3.563764e-29,8.9199346e-17,3.100898e-21,2.661084e-14,5.3643175e-12,1.0,0.0,8.240479e-15,7.1470976e-28
EFT:2.2371284e-11,3.5638184e-29,8.920003e-17,3.1009216e-21,2.6611043e-14,5.3643583e-12,1.0,0.0,8.240541e-15,7.1472064e-28
Random199
Raw:2.2371284e-11,3.563764e-29,8.920003e-17,3.100898e-21,2.6610941e-14,5.364338e-12,1.0,0.0,8.240479e-15,7.1470976e-28
EFT:2.2371284e-11,3.5638184e-29,8.920003e-17,3.1009216e-21,2.6611043e-14,5.3643583e-12,1.0,0.0,8.240541e-15,7.1472064e-28
Random200
Raw:2.2371284e-11,3.563791e-29,8.920003e-17,3.1009216e-21,2.6610941e-14,5.3643583e-12,1.0,0.0,8.240479e-15,7.147152e-28
EFT:2.2371284e-11,3.5638184e-29,8.920003e-17,3.1009216e-21,2.6611043e-14,5.3643583e-12,1.0,0.0,8.240541e-15,7.1472064e-28
Random201
Raw:2.2371284e-11,3.5638184e-29,8.920003e-17,3.1009216e-21,2.6611043e-14,5.3643583e-12,1.0,0.0,8.24051e-15,7.1472064e-28
EFT:2.2371284e-11,3.5638184e-29,8.920003e-17,3.1009216e-21,2.6611043e-14,5.3643583e-12,1.0,0.0,8.240541e-15,7.1472064e-28
Random202
Raw:2.2371284e-11,3.5638184e-29,8.920003e-17,3.1009216e-21,2.6611043e-14,5.3643583e-12,1.0,0.0,8.240541e-15,7.1472064e-28
EFT:2.2371284e-11,3.5638184e-29,8.920003e-17,3.1009216e-21,2.6611043e-14,5.3643583e-12,1.0,0.0,8.240541e-15,7.1472064e-28
Random203
Raw:2.2371284e-11,3.5638184e-29,8.920003e-17,3.1009216e-21,2.6611043e-14,5.3643583e-12,1.0,0.0,8.24051e-15,7.1472064e-28
EFT:2.2371284e-11,3.5638184e-29,8.920003e-17,3.1009216e-21,2.6611043e-14,5.3643583e-12,1.0,0.0,8.240541e-15,7.1472064e-28
Random204
Raw:2.2371284e-11,3.563791e-29,8.9200365e-17,3.1009216e-21,2.6610941e-14,5.3643583e-12,1.0,0.0,8.24051e-15,7.147152e-28
EFT:2.2371284e-11,3.5638184e-29,8.920003e-17,3.1009216e-21,2.6611043e-14,5.3643583e-12,1.0,0.0,8.240541e-15,7.1472064e-28
Random205
Raw:2.2371455e-11,3.5638455e-29,8.9201046e-17,3.1009454e-21,2.6611144e-14,5.3643786e-12,1.0,0.0,8.240573e-15,7.1472613e-28
EFT:2.2371284e-11,3.5638184e-29,8.920003e-17,3.1009216e-21,2.6611043e-14,5.3643583e-12,1.0,0.0,8.240541e-15,7.1472064e-28
Random206
Raw:2.2371284e-11,3.563791e-29,8.9200365e-17,3.1009216e-21,2.6610941e-14,5.3643583e-12,1.0,0.0,8.24051e-15,7.147152e-28
EFT:2.2371284e-11,3.5638184e-29,8.920003e-17,3.1009216e-21,2.6611043e-14,5.3643583e-12,1.0,0.0,8.240541e-15,7.1472064e-28
Random207
Raw:2.2371369e-11,3.5638455e-29,8.9200365e-17,3.1009454e-21,2.6611043e-14,5.3643583e-12,1.0,0.0,8.240541e-15,7.147234e-28
EFT:2.2371284e-11,3.5638184e-29,8.920003e-17,3.1009216e-21,2.6611043e-14,5.3643583e-12,1.0,0.0,8.240541e-15,7.1472064e-28
Random208
Raw:2.2371284e-11,3.563791e-29,8.9200365e-17,3.1009216e-21,2.6610941e-14,5.3643583e-12,1.0,0.0,8.24051e-15,7.147152e-28
EFT:2.2371284e-11,3.5638184e-29,8.920003e-17,3.1009216e-21,2.6611043e-14,5.3643583e-12,1.0,0.0,8.240541e-15,7.1472064e-28
Random209
Raw:2.2371199e-11,3.5638184e-29,8.920003e-17,3.1009335e-21,2.6611043e-14,5.364338e-12,1.0,0.0,8.24051e-15,7.1472064e-28
EFT:2.2371284e-11,3.5638184e-29,8.920003e-17,3.1009216e-21,2.6611043e-14,5.3643583e-12,1.0,0.0,8.240541e-15,7.1472064e-28
Random210
Raw:2.2371284e-11,3.5638184e-29,8.9200365e-17,3.1009216e-21,2.6611144e-14,5.3643583e-12,1.0,0.0,8.240541e-15,7.1472064e-28
EFT:2.2371284e-11,3.5638184e-29,8.920003e-17,3.1009216e-21,2.6611043e-14,5.3643583e-12,1.0,0.0,8.240541e-15,7.1472064e-28
Random211
Raw:2.2371455e-11,3.5638726e-29,8.9201046e-17,3.1009571e-21,2.6611246e-14,5.3643995e-12,1.0,0.0,8.240573e-15,7.1472883e-28
EFT:2.2371284e-11,3.5638184e-29,8.920003e-17,3.1009216e-21,2.6611043e-14,5.3643583e-12,1.0,0.0,8.240541e-15,7.1472064e-28
Random212
Raw:2.2371284e-11,3.5638184e-29,8.9200365e-17,3.1009454e-21,2.6611043e-14,5.3643583e-12,1.0,0.0,8.24051e-15,7.147234e-28
EFT:2.2371284e-11,3.5638184e-29,8.920003e-17,3.1009216e-21,2.6611043e-14,5.3643583e-12,1.0,0.0,8.240541e-15,7.1472064e-28
Random213
Raw:2.2371199e-11,3.563791e-29,8.920003e-17,3.1009216e-21,2.6610941e-14,5.364338e-12,1.0,0.0,8.240479e-15,7.147152e-28
EFT:2.2371284e-11,3.5638184e-29,8.920003e-17,3.1009216e-21,2.6611043e-14,5.3643583e-12,1.0,0.0,8.240541e-15,7.1472064e-28
Random214
Raw:2.2371369e-11,3.5638455e-29,8.9200365e-17,3.1009454e-21,2.6611043e-14,5.3643583e-12,1.0,0.0,8.24051e-15,7.147234e-28
EFT:2.2371284e-11,3.5638184e-29,8.920003e-17,3.1009216e-21,2.6611043e-14,5.3643583e-12,1.0,0.0,8.240541e-15,7.1472064e-28
Random215
Raw:2.2371284e-11,3.5638184e-29,8.9200365e-17,3.1009216e-21,2.6611043e-14,5.364338e-12,1.0,0.0,8.24051e-15,7.1472064e-28
EFT:2.2371284e-11,3.5638184e-29,8.920003e-17,3.1009216e-21,2.6611043e-14,5.3643583e-12,1.0,0.0,8.240541e-15,7.1472064e-28
Random216
Raw:2.2371455e-11,3.5638455e-29,8.920071e-17,3.1009454e-21,2.6611144e-14,5.3643786e-12,1.0,0.0,8.240541e-15,7.1472613e-28
EFT:2.2371284e-11,3.5638184e-29,8.920003e-17,3.1009216e-21,2.6611043e-14,5.3643583e-12,1.0,0.0,8.240541e-15,7.1472064e-28
Random217
Raw:2.2371284e-11,3.5638184e-29,8.920003e-17,3.1009216e-21,2.6611043e-14,5.3643583e-12,1.0,0.0,8.24051e-15,7.1472064e-28
EFT:2.2371284e-11,3.5638184e-29,8.920003e-17,3.1009216e-21,2.6611043e-14,5.3643583e-12,1.0,0.0,8.240541e-15,7.1472064e-28
Random218
Raw:2.2371284e-11,3.5638184e-29,8.9200365e-17,3.1009216e-21,2.6611144e-14,5.3643583e-12,1.0,0.0,8.240541e-15,7.1472064e-28
EFT:2.2371284e-11,3.5638184e-29,8.920003e-17,3.1009216e-21,2.6611043e-14,5.3643583e-12,1.0,0.0,8.240541e-15,7.1472064e-28
Random219
Raw:2.2371284e-11,3.5638184e-29,8.9200365e-17,3.1009216e-21,2.6611144e-14,5.3643583e-12,1.0,0.0,8.240541e-15,7.1472064e-28
EFT:2.2371284e-11,3.5638184e-29,8.920003e-17,3.1009216e-21,2.6611043e-14,5.3643583e-12,1.0,0.0,8.240541e-15,7.1472064e-28
Random220
Raw:2.2371114e-11,3.563764e-29,8.919968e-17,3.1008863e-21,2.661084e-14,5.364338e-12,1.0,0.0,8.2404464e-15,7.1470976e-28
EFT:2.2371284e-11,3.5638184e-29,8.920003e-17,3.1009216e-21,2.6611043e-14,5.3643583e-12,1.0,0.0,8.240541e-15,7.1472064e-28
Random221
Raw:2.2371369e-11,3.5638184e-29,8.920071e-17,3.1009335e-21,2.6611144e-14,5.3643786e-12,1.0,0.0,8.240541e-15,7.1472064e-28
EFT:2.2371284e-11,3.5638184e-29,8.920003e-17,3.1009216e-21,2.6611043e-14,5.3643583e-12,1.0,0.0,8.240541e-15,7.1472064e-28
Random222
Raw:2.2371284e-11,3.5638184e-29,8.9200365e-17,3.1009216e-21,2.6611043e-14,5.3643583e-12,1.0,0.0,8.240541e-15,7.1472064e-28
EFT:2.2371284e-11,3.5638184e-29,8.920003e-17,3.1009216e-21,2.6611043e-14,5.3643583e-12,1.0,0.0,8.240541e-15,7.1472064e-28
Random223
Raw:2.2371369e-11,3.5638455e-29,8.920071e-17,3.1009454e-21,2.6611043e-14,5.3643583e-12,1.0,0.0,8.240541e-15,7.147234e-28
EFT:2.2371284e-11,3.5638184e-29,8.920003e-17,3.1009216e-21,2.6611043e-14,5.3643583e-12,1.0,0.0,8.240541e-15,7.1472064e-28
Random224
Raw:2.2371284e-11,3.563791e-29,8.920003e-17,3.1009216e-21,2.6610941e-14,5.3643583e-12,1.0,0.0,8.240479e-15,7.147152e-28
EFT:2.2371284e-11,3.5638184e-29,8.920003e-17,3.1009216e-21,2.6611043e-14,5.3643583e-12,1.0,0.0,8.240541e-15,7.1472064e-28
Random225
Raw:2.2371369e-11,3.5638184e-29,8.920071e-17,3.1009335e-21,2.6611043e-14,5.3643786e-12,1.0,0.0,8.240541e-15,7.1472064e-28
EFT:2.2371284e-11,3.5638184e-29,8.920003e-17,3.1009216e-21,2.6611043e-14,5.3643583e-12,1.0,0.0,8.240541e-15,7.1472064e-28
Random226
Raw:2.2371284e-11,3.5638184e-29,8.920003e-17,3.1009216e-21,2.6611043e-14,5.3643583e-12,1.0,0.0,8.24051e-15,7.1472064e-28
EFT:2.2371284e-11,3.5638184e-29,8.920003e-17,3.1009216e-21,2.6611043e-14,5.3643583e-12,1.0,0.0,8.240541e-15,7.1472064e-28
Random227
Raw:2.2371455e-11,3.5638726e-29,8.9201046e-17,3.1009571e-21,2.6611246e-14,5.3643995e-12,1.0,0.0,8.240573e-15,7.1472883e-28
EFT:2.2371284e-11,3.5638184e-29,8.920003e-17,3.1009216e-21,2.6611043e-14,5.3643583e-12,1.0,0.0,8.240541e-15,7.1472064e-28
Random228
Raw:2.2371455e-11,3.5638726e-29,8.9201046e-17,3.100969e-21,2.6611246e-14,5.3643995e-12,1.0,0.0,8.240573e-15,7.1472883e-28
EFT:2.2371284e-11,3.5638184e-29,8.920003e-17,3.1009216e-21,2.6611043e-14,5.3643583e-12,1.0,0.0,8.240541e-15,7.1472064e-28
Random229
Raw:2.2371284e-11,3.5638184e-29,8.9200365e-17,3.1009454e-21,2.6611043e-14,5.3643583e-12,1.0,0.0,8.24051e-15,7.1472064e-28
EFT:2.2371284e-11,3.5638184e-29,8.920003e-17,3.1009216e-21,2.6611043e-14,5.3643583e-12,1.0,0.0,8.240541e-15,7.1472064e-28
Random230
Raw:2.2371114e-11,3.563764e-29,8.919968e-17,3.1008863e-21,2.661084e-14,5.3643175e-12,1.0,0.0,8.2404464e-15,7.1470976e-28
EFT:2.2371284e-11,3.5638184e-29,8.920003e-17,3.1009216e-21,2.6611043e-14,5.3643583e-12,1.0,0.0,8.240541e-15,7.1472064e-28
Random231
Raw:2.2371284e-11,3.5638184e-29,8.920003e-17,3.1009216e-21,2.6611043e-14,5.3643583e-12,1.0,0.0,8.240541e-15,7.1472064e-28
EFT:2.2371284e-11,3.5638184e-29,8.920003e-17,3.1009216e-21,2.6611043e-14,5.3643583e-12,1.0,0.0,8.240541e-15,7.1472064e-28
Random232
Raw:2.2371284e-11,3.563791e-29,8.9200365e-17,3.1009216e-21,2.6611043e-14,5.3643583e-12,1.0,0.0,8.24051e-15,7.147152e-28
EFT:2.2371284e-11,3.5638184e-29,8.920003e-17,3.1009216e-21,2.6611043e-14,5.3643583e-12,1.0,0.0,8.240541e-15,7.1472064e-28
Random233
Raw:2.2371114e-11,3.5637366e-29,8.9198664e-17,3.1008507e-21,2.6610636e-14,5.364297e-12,1.0,0.0,8.240415e-15,7.147016e-28
EFT:2.2371284e-11,3.5638184e-29,8.920003e-17,3.1009216e-21,2.6611043e-14,5.3643583e-12,1.0,0.0,8.240541e-15,7.1472064e-28
Random234
Raw:2.2371284e-11,3.5638184e-29,8.920003e-17,3.1009216e-21,2.6611043e-14,5.3643583e-12,1.0,0.0,8.240541e-15,7.1472064e-28
EFT:2.2371284e-11,3.5638184e-29,8.920003e-17,3.1009216e-21,2.6611043e-14,5.3643583e-12,1.0,0.0,8.240541e-15,7.1472064e-28
Random235
Raw:2.2371284e-11,3.563791e-29,8.920003e-17,3.1009216e-21,2.6610941e-14,5.3643583e-12,1.0,0.0,8.240479e-15,7.147152e-28
EFT:2.2371284e-11,3.5638184e-29,8.920003e-17,3.1009216e-21,2.6611043e-14,5.3643583e-12,1.0,0.0,8.240541e-15,7.1472064e-28
Random236
Raw:2.2371284e-11,3.5638184e-29,8.9200365e-17,3.1009454e-21,2.6611043e-14,5.364338e-12,1.0,0.0,8.24051e-15,7.1472613e-28
EFT:2.2371284e-11,3.5638184e-29,8.920003e-17,3.1009216e-21,2.6611043e-14,5.3643583e-12,1.0,0.0,8.240541e-15,7.1472064e-28
Random237
Raw:2.2371114e-11,3.5637366e-29,8.9199e-17,3.1008743e-21,2.6610738e-14,5.364297e-12,1.0,0.0,8.240415e-15,7.147043e-28
EFT:2.2371284e-11,3.5638184e-29,8.920003e-17,3.1009216e-21,2.6611043e-14,5.3643583e-12,1.0,0.0,8.240541e-15,7.1472064e-28
Random238
Raw:2.2371369e-11,3.5638455e-29,8.9200365e-17,3.1009454e-21,2.6611043e-14,5.3643583e-12,1.0,0.0,8.24051e-15,7.147234e-28
EFT:2.2371284e-11,3.5638184e-29,8.920003e-17,3.1009216e-21,2.6611043e-14,5.3643583e-12,1.0,0.0,8.240541e-15,7.1472064e-28
Random239
Raw:2.2371369e-11,3.5638184e-29,8.920071e-17,3.1009335e-21,2.6611144e-14,5.3643786e-12,1.0,0.0,8.240541e-15,7.1472064e-28
EFT:2.2371284e-11,3.5638184e-29,8.920003e-17,3.1009216e-21,2.6611043e-14,5.3643583e-12,1.0,0.0,8.240541e-15,7.1472064e-28
Random240
Raw:2.2371284e-11,3.563791e-29,8.9200365e-17,3.1009216e-21,2.6610941e-14,5.3643583e-12,1.0,0.0,8.24051e-15,7.147152e-28
EFT:2.2371284e-11,3.5638184e-29,8.920003e-17,3.1009216e-21,2.6611043e-14,5.3643583e-12,1.0,0.0,8.240541e-15,7.1472064e-28
Random241
Raw:2.2371455e-11,3.5638455e-29,8.920071e-17,3.1009454e-21,2.6611144e-14,5.3643786e-12,1.0,0.0,8.240541e-15,7.1472613e-28
EFT:2.2371284e-11,3.5638184e-29,8.920003e-17,3.1009216e-21,2.6611043e-14,5.3643583e-12,1.0,0.0,8.240541e-15,7.1472064e-28
Random242
Raw:2.2371284e-11,3.563764e-29,8.920003e-17,3.100898e-21,2.6610941e-14,5.364338e-12,1.0,0.0,8.240479e-15,7.1470976e-28
EFT:2.2371284e-11,3.5638184e-29,8.920003e-17,3.1009216e-21,2.6611043e-14,5.3643583e-12,1.0,0.0,8.240541e-15,7.1472064e-28
Random243
Raw:2.2371284e-11,3.5638184e-29,8.920003e-17,3.1009216e-21,2.6611043e-14,5.3643583e-12,1.0,0.0,8.240541e-15,7.1472064e-28
EFT:2.2371284e-11,3.5638184e-29,8.920003e-17,3.1009216e-21,2.6611043e-14,5.3643583e-12,1.0,0.0,8.240541e-15,7.1472064e-28
Random244
Raw:2.2371369e-11,3.5638455e-29,8.9201046e-17,3.100969e-21,2.6611246e-14,5.3643995e-12,1.0,0.0,8.240573e-15,7.1472883e-28
EFT:2.2371284e-11,3.5638184e-29,8.920003e-17,3.1009216e-21,2.6611043e-14,5.3643583e-12,1.0,0.0,8.240541e-15,7.1472064e-28
Random245
Raw:2.2371369e-11,3.5638184e-29,8.920071e-17,3.1009335e-21,2.6611043e-14,5.3643786e-12,1.0,0.0,8.240541e-15,7.1472064e-28
EFT:2.2371284e-11,3.5638184e-29,8.920003e-17,3.1009216e-21,2.6611043e-14,5.3643583e-12,1.0,0.0,8.240541e-15,7.1472064e-28
Random246
Raw:2.2371369e-11,3.5638184e-29,8.920071e-17,3.1009335e-21,2.6611043e-14,5.3643786e-12,1.0,0.0,8.240541e-15,7.1472064e-28
EFT:2.2371284e-11,3.5638184e-29,8.920003e-17,3.1009216e-21,2.6611043e-14,5.3643583e-12,1.0,0.0,8.240541e-15,7.1472064e-28
Random247
Raw:2.2371284e-11,3.5638184e-29,8.9200365e-17,3.1009454e-21,2.6611043e-14,5.3643583e-12,1.0,0.0,8.24051e-15,7.1472064e-28
EFT:2.2371284e-11,3.5638184e-29,8.920003e-17,3.1009216e-21,2.6611043e-14,5.3643583e-12,1.0,0.0,8.240541e-15,7.1472064e-28
Random248
Raw:2.2371114e-11,3.5637366e-29,8.9199e-17,3.1008743e-21,2.6610738e-14,5.364297e-12,1.0,0.0,8.2404464e-15,7.147043e-28
EFT:2.2371284e-11,3.5638184e-29,8.920003e-17,3.1009216e-21,2.6611043e-14,5.3643583e-12,1.0,0.0,8.240541e-15,7.1472064e-28
Random249
Raw:2.2371369e-11,3.5638184e-29,8.920071e-17,3.1009216e-21,2.6611144e-14,5.3643786e-12,1.0,0.0,8.240541e-15,7.1472064e-28
EFT:2.2371284e-11,3.5638184e-29,8.920003e-17,3.1009216e-21,2.6611043e-14,5.3643583e-12,1.0,0.0,8.240541e-15,7.1472064e-28
Random250
Raw:2.2371284e-11,3.563791e-29,8.9200365e-17,3.1009216e-21,2.6611043e-14,5.3643583e-12,1.0,0.0,8.24051e-15,7.147152e-28
EFT:2.2371284e-11,3.5638184e-29,8.920003e-17,3.1009216e-21,2.6611043e-14,5.3643583e-12,1.0,0.0,8.240541e-15,7.1472064e-28
Random251
Raw:2.2371199e-11,3.563764e-29,8.919968e-17,3.100898e-21,2.6610941e-14,5.3643175e-12,1.0,0.0,8.240479e-15,7.1470976e-28
EFT:2.2371284e-11,3.5638184e-29,8.920003e-17,3.1009216e-21,2.6611043e-14,5.3643583e-12,1.0,0.0,8.240541e-15,7.1472064e-28
Random252
Raw:2.2371284e-11,3.5638184e-29,8.920003e-17,3.1009216e-21,2.6611043e-14,5.3643583e-12,1.0,0.0,8.240541e-15,7.1472064e-28
EFT:2.2371284e-11,3.5638184e-29,8.920003e-17,3.1009216e-21,2.6611043e-14,5.3643583e-12,1.0,0.0,8.240541e-15,7.1472064e-28
Random253
Raw:2.2371284e-11,3.5638184e-29,8.9200365e-17,3.1009216e-21,2.6611043e-14,5.3643583e-12,1.0,0.0,8.240541e-15,7.1472064e-28
EFT:2.2371284e-11,3.5638184e-29,8.920003e-17,3.1009216e-21,2.6611043e-14,5.3643583e-12,1.0,0.0,8.240541e-15,7.1472064e-28
Random254
Raw:2.2371455e-11,3.5638455e-29,8.920071e-17,3.1009454e-21,2.6611144e-14,5.3643786e-12,1.0,0.0,8.240541e-15,7.1472613e-28
EFT:2.2371284e-11,3.5638184e-29,8.920003e-17,3.1009216e-21,2.6611043e-14,5.3643583e-12,1.0,0.0,8.240541e-15,7.1472064e-28
Random255
Raw:2.2371284e-11,3.5638184e-29,8.9200365e-17,3.1009454e-21,2.6611043e-14,5.364338e-12,1.0,0.0,8.24051e-15,7.1472613e-28
EFT:2.2371284e-11,3.5638184e-29,8.920003e-17,3.1009216e-21,2.6611043e-14,5.3643583e-12,1.0,0.0,8.240541e-15,7.1472064e-28
Random256
Raw:2.2371369e-11,3.5638184e-29,8.920071e-17,3.1009335e-21,2.6611043e-14,5.3643786e-12,1.0,0.0,8.240541e-15,7.1472064e-28
EFT:2.2371284e-11,3.5638184e-29,8.920003e-17,3.1009216e-21,2.6611043e-14,5.3643583e-12,1.0,0.0,8.240541e-15,7.1472064e-28
Random257
Raw:2.2371114e-11,3.5637366e-29,8.9198664e-17,3.1008507e-21,2.6610636e-14,5.364297e-12,1.0,0.0,8.240415e-15,7.147016e-28
EFT:2.2371284e-11,3.5638184e-29,8.920003e-17,3.1009216e-21,2.6611043e-14,5.3643583e-12,1.0,0.0,8.240541e-15,7.1472064e-28
Random258
Raw:2.2371369e-11,3.5638184e-29,8.9200365e-17,3.1009335e-21,2.6611043e-14,5.3643786e-12,1.0,0.0,8.24051e-15,7.1472064e-28
EFT:2.2371284e-11,3.5638184e-29,8.920003e-17,3.1009216e-21,2.6611043e-14,5.3643583e-12,1.0,0.0,8.240541e-15,7.1472064e-28
Random259
Raw:2.2371114e-11,3.5637366e-29,8.9198664e-17,3.1008507e-21,2.6610636e-14,5.364297e-12,1.0,0.0,8.240415e-15,7.1469883e-28
EFT:2.2371284e-11,3.5638184e-29,8.920003e-17,3.1009216e-21,2.6611043e-14,5.3643583e-12,1.0,0.0,8.240541e-15,7.1472064e-28
Random260
Raw:2.2371455e-11,3.5638455e-29,8.920071e-17,3.1009454e-21,2.6611144e-14,5.3643786e-12,1.0,0.0,8.240541e-15,7.1472613e-28
EFT:2.2371284e-11,3.5638184e-29,8.920003e-17,3.1009216e-21,2.6611043e-14,5.3643583e-12,1.0,0.0,8.240541e-15,7.1472064e-28
Random261
Raw:2.2371455e-11,3.5638455e-29,8.920071e-17,3.1009454e-21,2.6611144e-14,5.3643786e-12,1.0,0.0,8.240541e-15,7.1472613e-28
EFT:2.2371284e-11,3.5638184e-29,8.920003e-17,3.1009216e-21,2.6611043e-14,5.3643583e-12,1.0,0.0,8.240541e-15,7.1472064e-28
Random262
Raw:2.2371369e-11,3.5638184e-29,8.9200365e-17,3.1009335e-21,2.6611043e-14,5.3643786e-12,1.0,0.0,8.24051e-15,7.1472064e-28
EFT:2.2371284e-11,3.5638184e-29,8.920003e-17,3.1009216e-21,2.6611043e-14,5.3643583e-12,1.0,0.0,8.240541e-15,7.1472064e-28
Random263
Raw:2.2371284e-11,3.5638184e-29,8.9200365e-17,3.1009454e-21,2.6611043e-14,5.364338e-12,1.0,0.0,8.24051e-15,7.147234e-28
EFT:2.2371284e-11,3.5638184e-29,8.920003e-17,3.1009216e-21,2.6611043e-14,5.3643583e-12,1.0,0.0,8.240541e-15,7.1472064e-28
Random264
Raw:2.2371284e-11,3.5638184e-29,8.9200365e-17,3.1009216e-21,2.6611043e-14,5.3643583e-12,1.0,0.0,8.240541e-15,7.1472064e-28
EFT:2.2371284e-11,3.5638184e-29,8.920003e-17,3.1009216e-21,2.6611043e-14,5.3643583e-12,1.0,0.0,8.240541e-15,7.1472064e-28
Random265
Raw:2.2371369e-11,3.5638184e-29,8.920071e-17,3.1009335e-21,2.6611043e-14,5.3643786e-12,1.0,0.0,8.240541e-15,7.1472064e-28
EFT:2.2371284e-11,3.5638184e-29,8.920003e-17,3.1009216e-21,2.6611043e-14,5.3643583e-12,1.0,0.0,8.240541e-15,7.1472064e-28
Random266
Raw:2.2371284e-11,3.563791e-29,8.920003e-17,3.1009216e-21,2.6610941e-14,5.3643583e-12,1.0,0.0,8.24051e-15,7.147152e-28
EFT:2.2371284e-11,3.5638184e-29,8.920003e-17,3.1009216e-21,2.6611043e-14,5.3643583e-12,1.0,0.0,8.240541e-15,7.1472064e-28
Random267
Raw:2.2371284e-11,3.5638184e-29,8.9200365e-17,3.1009454e-21,2.6611043e-14,5.3643786e-12,1.0,0.0,8.24051e-15,7.1472064e-28
EFT:2.2371284e-11,3.5638184e-29,8.920003e-17,3.1009216e-21,2.6611043e-14,5.3643583e-12,1.0,0.0,8.240541e-15,7.1472064e-28
Random268
Raw:2.2371369e-11,3.5638184e-29,8.9200365e-17,3.1009335e-21,2.6611043e-14,5.3643786e-12,1.0,0.0,8.240541e-15,7.1472064e-28
EFT:2.2371284e-11,3.5638184e-29,8.920003e-17,3.1009216e-21,2.6611043e-14,5.3643583e-12,1.0,0.0,8.240541e-15,7.1472064e-28
Random269
Raw:2.2371114e-11,3.5637366e-29,8.9199346e-17,3.1008743e-21,2.661084e-14,5.3643175e-12,1.0,0.0,8.240415e-15,7.147043e-28
EFT:2.2371284e-11,3.5638184e-29,8.920003e-17,3.1009216e-21,2.6611043e-14,5.3643583e-12,1.0,0.0,8.240541e-15,7.1472064e-28
Random270
Raw:2.2371284e-11,3.5638184e-29,8.920003e-17,3.1009216e-21,2.6611043e-14,5.3643583e-12,1.0,0.0,8.24051e-15,7.1472064e-28
EFT:2.2371284e-11,3.5638184e-29,8.920003e-17,3.1009216e-21,2.6611043e-14,5.3643583e-12,1.0,0.0,8.240541e-15,7.1472064e-28
Random271
Raw:2.2371455e-11,3.5638455e-29,8.9201046e-17,3.1009454e-21,2.6611144e-14,5.3643786e-12,1.0,0.0,8.240573e-15,7.1472613e-28
EFT:2.2371284e-11,3.5638184e-29,8.920003e-17,3.1009216e-21,2.6611043e-14,5.3643583e-12,1.0,0.0,8.240541e-15,7.1472064e-28
Random272
Raw:2.2371284e-11,3.563791e-29,8.9200365e-17,3.1009216e-21,2.6610941e-14,5.3643583e-12,1.0,0.0,8.24051e-15,7.147152e-28
EFT:2.2371284e-11,3.5638184e-29,8.920003e-17,3.1009216e-21,2.6611043e-14,5.3643583e-12,1.0,0.0,8.240541e-15,7.1472064e-28
Random273
Raw:2.2371455e-11,3.5638726e-29,8.9201046e-17,3.1009571e-21,2.6611246e-14,5.3643995e-12,1.0,0.0,8.240573e-15,7.1472883e-28
EFT:2.2371284e-11,3.5638184e-29,8.920003e-17,3.1009216e-21,2.6611043e-14,5.3643583e-12,1.0,0.0,8.240541e-15,7.1472064e-28
Random274
Raw:2.2371199e-11,3.563791e-29,8.919968e-17,3.100898e-21,2.6610941e-14,5.364338e-12,1.0,0.0,8.24051e-15,7.147152e-28
EFT:2.2371284e-11,3.5638184e-29,8.920003e-17,3.1009216e-21,2.6611043e-14,5.3643583e-12,1.0,0.0,8.240541e-15,7.1472064e-28
Random275
Raw:2.2371455e-11,3.5638455e-29,8.9201046e-17,3.1009454e-21,2.6611144e-14,5.3643786e-12,1.0,0.0,8.240573e-15,7.1472613e-28
EFT:2.2371284e-11,3.5638184e-29,8.920003e-17,3.1009216e-21,2.6611043e-14,5.3643583e-12,1.0,0.0,8.240541e-15,7.1472064e-28
Random276
Raw:2.2371369e-11,3.5638455e-29,8.920071e-17,3.1009454e-21,2.6611043e-14,5.3643583e-12,1.0,0.0,8.240541e-15,7.147234e-28
EFT:2.2371284e-11,3.5638184e-29,8.920003e-17,3.1009216e-21,2.6611043e-14,5.3643583e-12,1.0,0.0,8.240541e-15,7.1472064e-28
Random277
Raw:2.2371029e-11,3.5637366e-29,8.9199e-17,3.1008743e-21,2.6610738e-14,5.364297e-12,1.0,0.0,8.240415e-15,7.147043e-28
EFT:2.2371284e-11,3.5638184e-29,8.920003e-17,3.1009216e-21,2.6611043e-14,5.3643583e-12,1.0,0.0,8.240541e-15,7.1472064e-28
Random278
Raw:2.2371029e-11,3.5637366e-29,8.9199e-17,3.1008743e-21,2.6610738e-14,5.364297e-12,1.0,0.0,8.240415e-15,7.147043e-28
EFT:2.2371284e-11,3.5638184e-29,8.920003e-17,3.1009216e-21,2.6611043e-14,5.3643583e-12,1.0,0.0,8.240541e-15,7.1472064e-28
Random279
Raw:2.2371284e-11,3.563764e-29,8.920003e-17,3.100898e-21,2.6610941e-14,5.364338e-12,1.0,0.0,8.240479e-15,7.1470976e-28
EFT:2.2371284e-11,3.5638184e-29,8.920003e-17,3.1009216e-21,2.6611043e-14,5.3643583e-12,1.0,0.0,8.240541e-15,7.1472064e-28
Random280
Raw:2.2371625e-11,3.5639e-29,8.920173e-17,3.1009927e-21,2.6611448e-14,5.36442e-12,1.0,0.0,8.240635e-15,7.14737e-28
EFT:2.2371284e-11,3.5638184e-29,8.920003e-17,3.1009216e-21,2.6611043e-14,5.3643583e-12,1.0,0.0,8.240541e-15,7.1472064e-28
Random281
Raw:2.237154e-11,3.5639e-29,8.9201384e-17,3.100969e-21,2.6611348e-14,5.36442e-12,1.0,0.0,8.240604e-15,7.1473427e-28
EFT:2.2371284e-11,3.5638184e-29,8.920003e-17,3.1009216e-21,2.6611043e-14,5.3643583e-12,1.0,0.0,8.240541e-15,7.1472064e-28
Random282
Raw:2.2371199e-11,3.5638184e-29,8.920003e-17,3.1009335e-21,2.6611043e-14,5.364338e-12,1.0,0.0,8.24051e-15,7.1472064e-28
EFT:2.2371284e-11,3.5638184e-29,8.920003e-17,3.1009216e-21,2.6611043e-14,5.3643583e-12,1.0,0.0,8.240541e-15,7.1472064e-28
Random283
Raw:2.2371199e-11,3.563764e-29,8.919968e-17,3.100898e-21,2.661084e-14,5.3643175e-12,1.0,0.0,8.240479e-15,7.1470976e-28
EFT:2.2371284e-11,3.5638184e-29,8.920003e-17,3.1009216e-21,2.6611043e-14,5.3643583e-12,1.0,0.0,8.240541e-15,7.1472064e-28
Random284
Raw:2.2371369e-11,3.5638184e-29,8.920071e-17,3.1009335e-21,2.6611043e-14,5.3643786e-12,1.0,0.0,8.240541e-15,7.1472064e-28
EFT:2.2371284e-11,3.5638184e-29,8.920003e-17,3.1009216e-21,2.6611043e-14,5.3643583e-12,1.0,0.0,8.240541e-15,7.1472064e-28
Random285
Raw:2.2371114e-11,3.5637366e-29,8.9199e-17,3.1008743e-21,2.6610738e-14,5.364297e-12,1.0,0.0,8.2404464e-15,7.147043e-28
EFT:2.2371284e-11,3.5638184e-29,8.920003e-17,3.1009216e-21,2.6611043e-14,5.3643583e-12,1.0,0.0,8.240541e-15,7.1472064e-28
Random286
Raw:2.2371199e-11,3.563764e-29,8.919968e-17,3.100898e-21,2.661084e-14,5.3643175e-12,1.0,0.0,8.240479e-15,7.1470976e-28
EFT:2.2371284e-11,3.5638184e-29,8.920003e-17,3.1009216e-21,2.6611043e-14,5.3643583e-12,1.0,0.0,8.240541e-15,7.1472064e-28
Random287
Raw:2.2371114e-11,3.563764e-29,8.919968e-17,3.1008863e-21,2.661084e-14,5.3643175e-12,1.0,0.0,8.2404464e-15,7.1470976e-28
EFT:2.2371284e-11,3.5638184e-29,8.920003e-17,3.1009216e-21,2.6611043e-14,5.3643583e-12,1.0,0.0,8.240541e-15,7.1472064e-28
Random288
Raw:2.2371284e-11,3.563791e-29,8.920003e-17,3.1009216e-21,2.6610941e-14,5.3643583e-12,1.0,0.0,8.240479e-15,7.147152e-28
EFT:2.2371284e-11,3.5638184e-29,8.920003e-17,3.1009216e-21,2.6611043e-14,5.3643583e-12,1.0,0.0,8.240541e-15,7.1472064e-28
Random289
Raw:2.2371284e-11,3.5638184e-29,8.9200365e-17,3.1009216e-21,2.6611043e-14,5.3643583e-12,1.0,0.0,8.240541e-15,7.1472064e-28
EFT:2.2371284e-11,3.5638184e-29,8.920003e-17,3.1009216e-21,2.6611043e-14,5.3643583e-12,1.0,0.0,8.240541e-15,7.1472064e-28
Random290
Raw:2.2371455e-11,3.5638455e-29,8.920071e-17,3.1009454e-21,2.6611144e-14,5.3643786e-12,1.0,0.0,8.240541e-15,7.1472613e-28
EFT:2.2371284e-11,3.5638184e-29,8.920003e-17,3.1009216e-21,2.6611043e-14,5.3643583e-12,1.0,0.0,8.240541e-15,7.1472064e-28
Random291
Raw:2.2371284e-11,3.5638184e-29,8.920003e-17,3.1009216e-21,2.6611043e-14,5.3643583e-12,1.0,0.0,8.24051e-15,7.1472064e-28
EFT:2.2371284e-11,3.5638184e-29,8.920003e-17,3.1009216e-21,2.6611043e-14,5.3643583e-12,1.0,0.0,8.240541e-15,7.1472064e-28
Random292
Raw:2.2371455e-11,3.5638455e-29,8.920071e-17,3.1009454e-21,2.6611144e-14,5.3643786e-12,1.0,0.0,8.240541e-15,7.1472613e-28
EFT:2.2371284e-11,3.5638184e-29,8.920003e-17,3.1009216e-21,2.6611043e-14,5.3643583e-12,1.0,0.0,8.240541e-15,7.1472064e-28
Random293
Raw:2.2371369e-11,3.5638184e-29,8.920071e-17,3.1009335e-21,2.6611144e-14,5.3643786e-12,1.0,0.0,8.240541e-15,7.1472064e-28
EFT:2.2371284e-11,3.5638184e-29,8.920003e-17,3.1009216e-21,2.6611043e-14,5.3643583e-12,1.0,0.0,8.240541e-15,7.1472064e-28
Random294
Raw:2.2371284e-11,3.563791e-29,8.9200365e-17,3.1009216e-21,2.6610941e-14,5.3643583e-12,1.0,0.0,8.24051e-15,7.147152e-28
EFT:2.2371284e-11,3.5638184e-29,8.920003e-17,3.1009216e-21,2.6611043e-14,5.3643583e-12,1.0,0.0,8.240541e-15,7.1472064e-28
Random295
Raw:2.2371455e-11,3.5638726e-29,8.9201046e-17,3.1009571e-21,2.6611246e-14,5.3643995e-12,1.0,0.0,8.240604e-15,7.1472883e-28
EFT:2.2371284e-11,3.5638184e-29,8.920003e-17,3.1009216e-21,2.6611043e-14,5.3643583e-12,1.0,0.0,8.240541e-15,7.1472064e-28
Random296
Raw:2.2371455e-11,3.5638455e-29,8.9201046e-17,3.100969e-21,2.6611246e-14,5.3643786e-12,1.0,0.0,8.240573e-15,7.1473157e-28
EFT:2.2371284e-11,3.5638184e-29,8.920003e-17,3.1009216e-21,2.6611043e-14,5.3643583e-12,1.0,0.0,8.240541e-15,7.1472064e-28
Random297
Raw:2.2371199e-11,3.563764e-29,8.919968e-17,3.1008863e-21,2.661084e-14,5.364338e-12,1.0,0.0,8.240479e-15,7.1470976e-28
EFT:2.2371284e-11,3.5638184e-29,8.920003e-17,3.1009216e-21,2.6611043e-14,5.3643583e-12,1.0,0.0,8.240541e-15,7.1472064e-28
Random298
Raw:2.2371284e-11,3.5638184e-29,8.9200365e-17,3.1009216e-21,2.6611043e-14,5.3643583e-12,1.0,0.0,8.240541e-15,7.1472064e-28
EFT:2.2371284e-11,3.5638184e-29,8.920003e-17,3.1009216e-21,2.6611043e-14,5.3643583e-12,1.0,0.0,8.240541e-15,7.1472064e-28
Random299
Raw:2.2371369e-11,3.5638184e-29,8.9200365e-17,3.1009335e-21,2.6611043e-14,5.3643786e-12,1.0,0.0,8.240541e-15,7.1472064e-28
EFT:2.2371284e-11,3.5638184e-29,8.920003e-17,3.1009216e-21,2.6611043e-14,5.3643583e-12,1.0,0.0,8.240541e-15,7.1472064e-28
Random300
Raw:2.2371199e-11,3.563791e-29,8.920003e-17,3.100898e-21,2.6610941e-14,5.364338e-12,1.0,0.0,8.240479e-15,7.147152e-28
EFT:2.2371284e-11,3.5638184e-29,8.920003e-17,3.1009216e-21,2.6611043e-14,5.3643583e-12,1.0,0.0,8.240541e-15,7.1472064e-28
Random301
Raw:2.2371369e-11,3.5638184e-29,8.9200365e-17,3.1009335e-21,2.6611043e-14,5.3643786e-12,1.0,0.0,8.240541e-15,7.1472064e-28
EFT:2.2371284e-11,3.5638184e-29,8.920003e-17,3.1009216e-21,2.6611043e-14,5.3643583e-12,1.0,0.0,8.240541e-15,7.1472064e-28
Random302
Raw:2.2371199e-11,3.563791e-29,8.920003e-17,3.1009216e-21,2.6610941e-14,5.364338e-12,1.0,0.0,8.240479e-15,7.147152e-28
EFT:2.2371284e-11,3.5638184e-29,8.920003e-17,3.1009216e-21,2.6611043e-14,5.3643583e-12,1.0,0.0,8.240541e-15,7.1472064e-28
Random303
Raw:2.237154e-11,3.5638726e-29,8.920173e-17,3.1009927e-21,2.6611348e-14,5.36442e-12,1.0,0.0,8.240635e-15,7.1473427e-28
EFT:2.2371284e-11,3.5638184e-29,8.920003e-17,3.1009216e-21,2.6611043e-14,5.3643583e-12,1.0,0.0,8.240541e-15,7.1472064e-28
Random304
Raw:2.2371369e-11,3.5638184e-29,8.920071e-17,3.1009335e-21,2.6611043e-14,5.3643786e-12,1.0,0.0,8.240541e-15,7.1472064e-28
EFT:2.2371284e-11,3.5638184e-29,8.920003e-17,3.1009216e-21,2.6611043e-14,5.3643583e-12,1.0,0.0,8.240541e-15,7.1472064e-28
Random305
Raw:2.2371284e-11,3.5638184e-29,8.9200365e-17,3.1009454e-21,2.6611043e-14,5.3643583e-12,1.0,0.0,8.24051e-15,7.147234e-28
EFT:2.2371284e-11,3.5638184e-29,8.920003e-17,3.1009216e-21,2.6611043e-14,5.3643583e-12,1.0,0.0,8.240541e-15,7.1472064e-28
Random306
Raw:2.2371284e-11,3.5638184e-29,8.9200365e-17,3.1009454e-21,2.6611043e-14,5.3643583e-12,1.0,0.0,8.24051e-15,7.1472064e-28
EFT:2.2371284e-11,3.5638184e-29,8.920003e-17,3.1009216e-21,2.6611043e-14,5.3643583e-12,1.0,0.0,8.240541e-15,7.1472064e-28
Random307
Raw:2.2371284e-11,3.5638184e-29,8.920003e-17,3.1009216e-21,2.6611043e-14,5.3643583e-12,1.0,0.0,8.240541e-15,7.1472064e-28
EFT:2.2371284e-11,3.5638184e-29,8.920003e-17,3.1009216e-21,2.6611043e-14,5.3643583e-12,1.0,0.0,8.240541e-15,7.1472064e-28
Random308
Raw:2.2371284e-11,3.563791e-29,8.9200365e-17,3.1009216e-21,2.6611043e-14,5.3643583e-12,1.0,0.0,8.24051e-15,7.147152e-28
EFT:2.2371284e-11,3.5638184e-29,8.920003e-17,3.1009216e-21,2.6611043e-14,5.3643583e-12,1.0,0.0,8.240541e-15,7.1472064e-28
Random309
Raw:2.2371284e-11,3.563791e-29,8.9200365e-17,3.1009216e-21,2.6611043e-14,5.3643583e-12,1.0,0.0,8.24051e-15,7.147152e-28
EFT:2.2371284e-11,3.5638184e-29,8.920003e-17,3.1009216e-21,2.6611043e-14,5.3643583e-12,1.0,0.0,8.240541e-15,7.1472064e-28
Random310
Raw:2.2371199e-11,3.563791e-29,8.919968e-17,3.100898e-21,2.6610941e-14,5.364338e-12,1.0,0.0,8.24051e-15,7.147152e-28
EFT:2.2371284e-11,3.5638184e-29,8.920003e-17,3.1009216e-21,2.6611043e-14,5.3643583e-12,1.0,0.0,8.240541e-15,7.1472064e-28
Random311
Raw:2.2371199e-11,3.563764e-29,8.919968e-17,3.100898e-21,2.6610941e-14,5.3643175e-12,1.0,0.0,8.240479e-15,7.1470976e-28
EFT:2.2371284e-11,3.5638184e-29,8.920003e-17,3.1009216e-21,2.6611043e-14,5.3643583e-12,1.0,0.0,8.240541e-15,7.1472064e-28
Random312
Raw:2.2371369e-11,3.5638184e-29,8.9200365e-17,3.1009335e-21,2.6611043e-14,5.3643786e-12,1.0,0.0,8.24051e-15,7.1472064e-28
EFT:2.2371284e-11,3.5638184e-29,8.920003e-17,3.1009216e-21,2.6611043e-14,5.3643583e-12,1.0,0.0,8.240541e-15,7.1472064e-28
Random313
Raw:2.2371199e-11,3.563764e-29,8.919968e-17,3.100898e-21,2.661084e-14,5.3643175e-12,1.0,0.0,8.240479e-15,7.1470976e-28
EFT:2.2371284e-11,3.5638184e-29,8.920003e-17,3.1009216e-21,2.6611043e-14,5.3643583e-12,1.0,0.0,8.240541e-15,7.1472064e-28
Random314
Raw:2.2371199e-11,3.563764e-29,8.919968e-17,3.100898e-21,2.661084e-14,5.3643175e-12,1.0,0.0,8.240479e-15,7.1470976e-28
EFT:2.2371284e-11,3.5638184e-29,8.920003e-17,3.1009216e-21,2.6611043e-14,5.3643583e-12,1.0,0.0,8.240541e-15,7.1472064e-28
Random315
Raw:2.2371284e-11,3.5638184e-29,8.9200365e-17,3.1009454e-21,2.6611043e-14,5.3643583e-12,1.0,0.0,8.24051e-15,7.1472064e-28
EFT:2.2371284e-11,3.5638184e-29,8.920003e-17,3.1009216e-21,2.6611043e-14,5.3643583e-12,1.0,0.0,8.240541e-15,7.1472064e-28
Random316
Raw:2.2371455e-11,3.5638455e-29,8.920071e-17,3.1009454e-21,2.6611144e-14,5.3643786e-12,1.0,0.0,8.240573e-15,7.1472613e-28
EFT:2.2371284e-11,3.5638184e-29,8.920003e-17,3.1009216e-21,2.6611043e-14,5.3643583e-12,1.0,0.0,8.240541e-15,7.1472064e-28
Random317
Raw:2.2371455e-11,3.5638726e-29,8.9201046e-17,3.1009571e-21,2.6611246e-14,5.3643995e-12,1.0,0.0,8.240573e-15,7.1472883e-28
EFT:2.2371284e-11,3.5638184e-29,8.920003e-17,3.1009216e-21,2.6611043e-14,5.3643583e-12,1.0,0.0,8.240541e-15,7.1472064e-28
Random318
Raw:2.2371284e-11,3.5638184e-29,8.920003e-17,3.1009216e-21,2.6611043e-14,5.3643583e-12,1.0,0.0,8.240541e-15,7.1472064e-28
EFT:2.2371284e-11,3.5638184e-29,8.920003e-17,3.1009216e-21,2.6611043e-14,5.3643583e-12,1.0,0.0,8.240541e-15,7.1472064e-28
Random319
Raw:2.237154e-11,3.5638726e-29,8.920173e-17,3.1009927e-21,2.6611448e-14,5.36442e-12,1.0,0.0,8.240635e-15,7.1473427e-28
EFT:2.2371284e-11,3.5638184e-29,8.920003e-17,3.1009216e-21,2.6611043e-14,5.3643583e-12,1.0,0.0,8.240541e-15,7.1472064e-28
Random320
Raw:2.2371284e-11,3.5638184e-29,8.9200365e-17,3.1009454e-21,2.6611043e-14,5.3643583e-12,1.0,0.0,8.24051e-15,7.1472064e-28
EFT:2.2371284e-11,3.5638184e-29,8.920003e-17,3.1009216e-21,2.6611043e-14,5.3643583e-12,1.0,0.0,8.240541e-15,7.1472064e-28
Random321
Raw:2.2371369e-11,3.5638455e-29,8.9200365e-17,3.1009454e-21,2.6611043e-14,5.3643583e-12,1.0,0.0,8.24051e-15,7.147234e-28
EFT:2.2371284e-11,3.5638184e-29,8.920003e-17,3.1009216e-21,2.6611043e-14,5.3643583e-12,1.0,0.0,8.240541e-15,7.1472064e-28
Random322
Raw:2.2371369e-11,3.5638184e-29,8.9200365e-17,3.1009335e-21,2.6611043e-14,5.3643786e-12,1.0,0.0,8.24051e-15,7.1472064e-28
EFT:2.2371284e-11,3.5638184e-29,8.920003e-17,3.1009216e-21,2.6611043e-14,5.3643583e-12,1.0,0.0,8.240541e-15,7.1472064e-28
Random323
Raw:2.2371369e-11,3.5638184e-29,8.920071e-17,3.1009335e-21,2.6611043e-14,5.3643786e-12,1.0,0.0,8.240541e-15,7.1472064e-28
EFT:2.2371284e-11,3.5638184e-29,8.920003e-17,3.1009216e-21,2.6611043e-14,5.3643583e-12,1.0,0.0,8.240541e-15,7.1472064e-28
Random324
Raw:2.2371284e-11,3.563791e-29,8.9200365e-17,3.1009216e-21,2.6610941e-14,5.3643583e-12,1.0,0.0,8.24051e-15,7.147152e-28
EFT:2.2371284e-11,3.5638184e-29,8.920003e-17,3.1009216e-21,2.6611043e-14,5.3643583e-12,1.0,0.0,8.240541e-15,7.1472064e-28
Random325
Raw:2.2371284e-11,3.5638184e-29,8.9200365e-17,3.1009454e-21,2.6611043e-14,5.3643583e-12,1.0,0.0,8.24051e-15,7.147234e-28
EFT:2.2371284e-11,3.5638184e-29,8.920003e-17,3.1009216e-21,2.6611043e-14,5.3643583e-12,1.0,0.0,8.240541e-15,7.1472064e-28
Random326
Raw:2.2371284e-11,3.5638184e-29,8.9200365e-17,3.1009216e-21,2.6611043e-14,5.364338e-12,1.0,0.0,8.24051e-15,7.1472064e-28
EFT:2.2371284e-11,3.5638184e-29,8.920003e-17,3.1009216e-21,2.6611043e-14,5.3643583e-12,1.0,0.0,8.240541e-15,7.1472064e-28
Random327
Raw:2.2371369e-11,3.5638184e-29,8.9200365e-17,3.1009335e-21,2.6611043e-14,5.3643786e-12,1.0,0.0,8.240541e-15,7.1472064e-28
EFT:2.2371284e-11,3.5638184e-29,8.920003e-17,3.1009216e-21,2.6611043e-14,5.3643583e-12,1.0,0.0,8.240541e-15,7.1472064e-28
Random328
Raw:2.2371369e-11,3.5638184e-29,8.9200365e-17,3.1009454e-21,2.6611043e-14,5.3643786e-12,1.0,0.0,8.24051e-15,7.1472064e-28
EFT:2.2371284e-11,3.5638184e-29,8.920003e-17,3.1009216e-21,2.6611043e-14,5.3643583e-12,1.0,0.0,8.240541e-15,7.1472064e-28
Random329
Raw:2.2371199e-11,3.563791e-29,8.920003e-17,3.100898e-21,2.6610941e-14,5.3643583e-12,1.0,0.0,8.240479e-15,7.147152e-28
EFT:2.2371284e-11,3.5638184e-29,8.920003e-17,3.1009216e-21,2.6611043e-14,5.3643583e-12,1.0,0.0,8.240541e-15,7.1472064e-28
Random330
Raw:2.2371284e-11,3.563791e-29,8.920003e-17,3.1009216e-21,2.6610941e-14,5.3643583e-12,1.0,0.0,8.240479e-15,7.147152e-28
EFT:2.2371284e-11,3.5638184e-29,8.920003e-17,3.1009216e-21,2.6611043e-14,5.3643583e-12,1.0,0.0,8.240541e-15,7.1472064e-28
Random331
Raw:2.2371284e-11,3.563791e-29,8.920003e-17,3.100898e-21,2.6610941e-14,5.3643583e-12,1.0,0.0,8.24051e-15,7.147152e-28
EFT:2.2371284e-11,3.5638184e-29,8.920003e-17,3.1009216e-21,2.6611043e-14,5.3643583e-12,1.0,0.0,8.240541e-15,7.1472064e-28
Random332
Raw:2.2371284e-11,3.5638184e-29,8.920003e-17,3.1009216e-21,2.6611043e-14,5.3643583e-12,1.0,0.0,8.240541e-15,7.1472064e-28
EFT:2.2371284e-11,3.5638184e-29,8.920003e-17,3.1009216e-21,2.6611043e-14,5.3643583e-12,1.0,0.0,8.240541e-15,7.1472064e-28
Random333
Raw:2.2371455e-11,3.5638455e-29,8.920071e-17,3.1009454e-21,2.6611144e-14,5.3643786e-12,1.0,0.0,8.240573e-15,7.1472613e-28
EFT:2.2371284e-11,3.5638184e-29,8.920003e-17,3.1009216e-21,2.6611043e-14,5.3643583e-12,1.0,0.0,8.240541e-15,7.1472064e-28
Random334
Raw:2.2371114e-11,3.563764e-29,8.919968e-17,3.100898e-21,2.661084e-14,5.3643175e-12,1.0,0.0,8.2404464e-15,7.1470976e-28
EFT:2.2371284e-11,3.5638184e-29,8.920003e-17,3.1009216e-21,2.6611043e-14,5.3643583e-12,1.0,0.0,8.240541e-15,7.1472064e-28
Random335
Raw:2.2371284e-11,3.5638184e-29,8.920003e-17,3.1009216e-21,2.6611043e-14,5.3643583e-12,1.0,0.0,8.24051e-15,7.1472064e-28
EFT:2.2371284e-11,3.5638184e-29,8.920003e-17,3.1009216e-21,2.6611043e-14,5.3643583e-12,1.0,0.0,8.240541e-15,7.1472064e-28
Random336
Raw:2.2371199e-11,3.5638184e-29,8.920003e-17,3.1009335e-21,2.6611043e-14,5.3643583e-12,1.0,0.0,8.24051e-15,7.1472064e-28
EFT:2.2371284e-11,3.5638184e-29,8.920003e-17,3.1009216e-21,2.6611043e-14,5.3643583e-12,1.0,0.0,8.240541e-15,7.1472064e-28
Random337
Raw:2.2371114e-11,3.563764e-29,8.919968e-17,3.1008863e-21,2.661084e-14,5.3643175e-12,1.0,0.0,8.2404464e-15,7.1470976e-28
EFT:2.2371284e-11,3.5638184e-29,8.920003e-17,3.1009216e-21,2.6611043e-14,5.3643583e-12,1.0,0.0,8.240541e-15,7.1472064e-28
Random338
Raw:2.2371114e-11,3.563764e-29,8.919968e-17,3.1008863e-21,2.661084e-14,5.364338e-12,1.0,0.0,8.2404464e-15,7.1470976e-28
EFT:2.2371284e-11,3.5638184e-29,8.920003e-17,3.1009216e-21,2.6611043e-14,5.3643583e-12,1.0,0.0,8.240541e-15,7.1472064e-28
Random339
Raw:2.2371284e-11,3.563791e-29,8.9200365e-17,3.1009216e-21,2.6610941e-14,5.3643583e-12,1.0,0.0,8.24051e-15,7.147152e-28
EFT:2.2371284e-11,3.5638184e-29,8.920003e-17,3.1009216e-21,2.6611043e-14,5.3643583e-12,1.0,0.0,8.240541e-15,7.1472064e-28
Random340
Raw:2.2371199e-11,3.563764e-29,8.919968e-17,3.100898e-21,2.661084e-14,5.3643175e-12,1.0,0.0,8.240479e-15,7.1470976e-28
EFT:2.2371284e-11,3.5638184e-29,8.920003e-17,3.1009216e-21,2.6611043e-14,5.3643583e-12,1.0,0.0,8.240541e-15,7.1472064e-28
Random341
Raw:2.2371455e-11,3.5638455e-29,8.920071e-17,3.1009454e-21,2.6611144e-14,5.3643786e-12,1.0,0.0,8.240541e-15,7.1472613e-28
EFT:2.2371284e-11,3.5638184e-29,8.920003e-17,3.1009216e-21,2.6611043e-14,5.3643583e-12,1.0,0.0,8.240541e-15,7.1472064e-28
Random342
Raw:2.2371284e-11,3.5638184e-29,8.9200365e-17,3.1009454e-21,2.6611043e-14,5.3643583e-12,1.0,0.0,8.24051e-15,7.147234e-28
EFT:2.2371284e-11,3.5638184e-29,8.920003e-17,3.1009216e-21,2.6611043e-14,5.3643583e-12,1.0,0.0,8.240541e-15,7.1472064e-28
Random343
Raw:2.2371284e-11,3.5638184e-29,8.9200365e-17,3.1009216e-21,2.6611043e-14,5.3643583e-12,1.0,0.0,8.240541e-15,7.1472064e-28
EFT:2.2371284e-11,3.5638184e-29,8.920003e-17,3.1009216e-21,2.6611043e-14,5.3643583e-12,1.0,0.0,8.240541e-15,7.1472064e-28
Random344
Raw:2.2371114e-11,3.563764e-29,8.919968e-17,3.1008863e-21,2.661084e-14,5.3643175e-12,1.0,0.0,8.2404464e-15,7.1470976e-28
EFT:2.2371284e-11,3.5638184e-29,8.920003e-17,3.1009216e-21,2.6611043e-14,5.3643583e-12,1.0,0.0,8.240541e-15,7.1472064e-28
Random345
Raw:2.2371284e-11,3.563791e-29,8.920003e-17,3.1009216e-21,2.6610941e-14,5.3643583e-12,1.0,0.0,8.240479e-15,7.147152e-28
EFT:2.2371284e-11,3.5638184e-29,8.920003e-17,3.1009216e-21,2.6611043e-14,5.3643583e-12,1.0,0.0,8.240541e-15,7.1472064e-28
Random346
Raw:2.2371284e-11,3.563791e-29,8.920003e-17,3.100898e-21,2.6610941e-14,5.3643583e-12,1.0,0.0,8.24051e-15,7.147152e-28
EFT:2.2371284e-11,3.5638184e-29,8.920003e-17,3.1009216e-21,2.6611043e-14,5.3643583e-12,1.0,0.0,8.240541e-15,7.1472064e-28
Random347
Raw:2.2371199e-11,3.5637366e-29,8.9199346e-17,3.1008863e-21,2.6610738e-14,5.3643175e-12,1.0,0.0,8.2404464e-15,7.14707e-28
EFT:2.2371284e-11,3.5638184e-29,8.920003e-17,3.1009216e-21,2.6611043e-14,5.3643583e-12,1.0,0.0,8.240541e-15,7.1472064e-28
Random348
Raw:2.2371455e-11,3.5638455e-29,8.920071e-17,3.1009454e-21,2.6611144e-14,5.3643786e-12,1.0,0.0,8.240541e-15,7.1472613e-28
EFT:2.2371284e-11,3.5638184e-29,8.920003e-17,3.1009216e-21,2.6611043e-14,5.3643583e-12,1.0,0.0,8.240541e-15,7.1472064e-28
Random349
Raw:2.2371455e-11,3.5638455e-29,8.920071e-17,3.1009454e-21,2.6611144e-14,5.3643786e-12,1.0,0.0,8.240541e-15,7.1472613e-28
EFT:2.2371284e-11,3.5638184e-29,8.920003e-17,3.1009216e-21,2.6611043e-14,5.3643583e-12,1.0,0.0,8.240541e-15,7.1472064e-28
Random350
Raw:2.2371284e-11,3.563764e-29,8.920003e-17,3.100898e-21,2.6610941e-14,5.364338e-12,1.0,0.0,8.240479e-15,7.1470976e-28
EFT:2.2371284e-11,3.5638184e-29,8.920003e-17,3.1009216e-21,2.6611043e-14,5.3643583e-12,1.0,0.0,8.240541e-15,7.1472064e-28
Random351
Raw:2.237154e-11,3.5638455e-29,8.9201384e-17,3.100969e-21,2.6611246e-14,5.3643995e-12,1.0,0.0,8.240573e-15,7.1473157e-28
EFT:2.2371284e-11,3.5638184e-29,8.920003e-17,3.1009216e-21,2.6611043e-14,5.3643583e-12,1.0,0.0,8.240541e-15,7.1472064e-28
Random352
Raw:2.2371199e-11,3.563764e-29,8.919968e-17,3.100898e-21,2.661084e-14,5.3643175e-12,1.0,0.0,8.240479e-15,7.1470976e-28
EFT:2.2371284e-11,3.5638184e-29,8.920003e-17,3.1009216e-21,2.6611043e-14,5.3643583e-12,1.0,0.0,8.240541e-15,7.1472064e-28
Random353
Raw:2.2371284e-11,3.5638184e-29,8.9200365e-17,3.1009216e-21,2.6611043e-14,5.3643583e-12,1.0,0.0,8.24051e-15,7.1472064e-28
EFT:2.2371284e-11,3.5638184e-29,8.920003e-17,3.1009216e-21,2.6611043e-14,5.3643583e-12,1.0,0.0,8.240541e-15,7.1472064e-28
Random354
Raw:2.2371455e-11,3.5638455e-29,8.9201046e-17,3.1009454e-21,2.6611144e-14,5.3643786e-12,1.0,0.0,8.240573e-15,7.1472613e-28
EFT:2.2371284e-11,3.5638184e-29,8.920003e-17,3.1009216e-21,2.6611043e-14,5.3643583e-12,1.0,0.0,8.240541e-15,7.1472064e-28
Random355
Raw:2.2371284e-11,3.563791e-29,8.920003e-17,3.100898e-21,2.6610941e-14,5.3643583e-12,1.0,0.0,8.24051e-15,7.147152e-28
EFT:2.2371284e-11,3.5638184e-29,8.920003e-17,3.1009216e-21,2.6611043e-14,5.3643583e-12,1.0,0.0,8.240541e-15,7.1472064e-28
Random356
Raw:2.2371114e-11,3.563764e-29,8.9199e-17,3.1008743e-21,2.6610738e-14,5.364297e-12,1.0,0.0,8.2404464e-15,7.147043e-28
EFT:2.2371284e-11,3.5638184e-29,8.920003e-17,3.1009216e-21,2.6611043e-14,5.3643583e-12,1.0,0.0,8.240541e-15,7.1472064e-28
Random357
Raw:2.2371199e-11,3.563764e-29,8.919968e-17,3.1008863e-21,2.661084e-14,5.364338e-12,1.0,0.0,8.240479e-15,7.1470976e-28
EFT:2.2371284e-11,3.5638184e-29,8.920003e-17,3.1009216e-21,2.6611043e-14,5.3643583e-12,1.0,0.0,8.240541e-15,7.1472064e-28
Random358
Raw:2.2371199e-11,3.5638184e-29,8.920003e-17,3.1009335e-21,2.6611043e-14,5.364338e-12,1.0,0.0,8.24051e-15,7.1472064e-28
EFT:2.2371284e-11,3.5638184e-29,8.920003e-17,3.1009216e-21,2.6611043e-14,5.3643583e-12,1.0,0.0,8.240541e-15,7.1472064e-28
Random359
Raw:2.2371284e-11,3.5638184e-29,8.9200365e-17,3.1009216e-21,2.6611043e-14,5.3643583e-12,1.0,0.0,8.240541e-15,7.1472064e-28
EFT:2.2371284e-11,3.5638184e-29,8.920003e-17,3.1009216e-21,2.6611043e-14,5.3643583e-12,1.0,0.0,8.240541e-15,7.1472064e-28
Random360
Raw:2.2371284e-11,3.5638184e-29,8.9200365e-17,3.1009216e-21,2.6611043e-14,5.3643583e-12,1.0,0.0,8.240541e-15,7.1472064e-28
EFT:2.2371284e-11,3.5638184e-29,8.920003e-17,3.1009216e-21,2.6611043e-14,5.3643583e-12,1.0,0.0,8.240541e-15,7.1472064e-28
Random361
Raw:2.2371369e-11,3.5638455e-29,8.9200365e-17,3.1009454e-21,2.6611043e-14,5.3643583e-12,1.0,0.0,8.24051e-15,7.147234e-28
EFT:2.2371284e-11,3.5638184e-29,8.920003e-17,3.1009216e-21,2.6611043e-14,5.3643583e-12,1.0,0.0,8.240541e-15,7.1472064e-28
Random362
Raw:2.2371369e-11,3.5638455e-29,8.9201046e-17,3.100969e-21,2.6611246e-14,5.3643995e-12,1.0,0.0,8.240573e-15,7.1472883e-28
EFT:2.2371284e-11,3.5638184e-29,8.920003e-17,3.1009216e-21,2.6611043e-14,5.3643583e-12,1.0,0.0,8.240541e-15,7.1472064e-28
Random363
Raw:2.2371284e-11,3.5638184e-29,8.9200365e-17,3.1009216e-21,2.6611043e-14,5.3643583e-12,1.0,0.0,8.240541e-15,7.1472064e-28
EFT:2.2371284e-11,3.5638184e-29,8.920003e-17,3.1009216e-21,2.6611043e-14,5.3643583e-12,1.0,0.0,8.240541e-15,7.1472064e-28
Random364
Raw:2.2371455e-11,3.5638455e-29,8.920071e-17,3.1009454e-21,2.6611144e-14,5.3643786e-12,1.0,0.0,8.240541e-15,7.1472613e-28
EFT:2.2371284e-11,3.5638184e-29,8.920003e-17,3.1009216e-21,2.6611043e-14,5.3643583e-12,1.0,0.0,8.240541e-15,7.1472064e-28
Random365
Raw:2.2371369e-11,3.5638455e-29,8.9200365e-17,3.1009454e-21,2.6611043e-14,5.3643583e-12,1.0,0.0,8.24051e-15,7.147234e-28
EFT:2.2371284e-11,3.5638184e-29,8.920003e-17,3.1009216e-21,2.6611043e-14,5.3643583e-12,1.0,0.0,8.240541e-15,7.1472064e-28
Random366
Raw:2.2371369e-11,3.5638184e-29,8.9200365e-17,3.1009335e-21,2.6611043e-14,5.3643786e-12,1.0,0.0,8.240541e-15,7.1472064e-28
EFT:2.2371284e-11,3.5638184e-29,8.920003e-17,3.1009216e-21,2.6611043e-14,5.3643583e-12,1.0,0.0,8.240541e-15,7.1472064e-28
Random367
Raw:2.2371199e-11,3.563764e-29,8.919968e-17,3.100898e-21,2.661084e-14,5.3643175e-12,1.0,0.0,8.240479e-15,7.1470976e-28
EFT:2.2371284e-11,3.5638184e-29,8.920003e-17,3.1009216e-21,2.6611043e-14,5.3643583e-12,1.0,0.0,8.240541e-15,7.1472064e-28
Random368
Raw:2.2371284e-11,3.5638184e-29,8.9200365e-17,3.1009216e-21,2.6611043e-14,5.3643583e-12,1.0,0.0,8.240541e-15,7.1472064e-28
EFT:2.2371284e-11,3.5638184e-29,8.920003e-17,3.1009216e-21,2.6611043e-14,5.3643583e-12,1.0,0.0,8.240541e-15,7.1472064e-28
Random369
Raw:2.2371284e-11,3.563764e-29,8.919968e-17,3.100898e-21,2.6610941e-14,5.364338e-12,1.0,0.0,8.2404464e-15,7.1470976e-28
EFT:2.2371284e-11,3.5638184e-29,8.920003e-17,3.1009216e-21,2.6611043e-14,5.3643583e-12,1.0,0.0,8.240541e-15,7.1472064e-28
Random370
Raw:2.2371455e-11,3.5638726e-29,8.9201384e-17,3.1009571e-21,2.6611246e-14,5.3643995e-12,1.0,0.0,8.240604e-15,7.1472883e-28
EFT:2.2371284e-11,3.5638184e-29,8.920003e-17,3.1009216e-21,2.6611043e-14,5.3643583e-12,1.0,0.0,8.240541e-15,7.1472064e-28
Random371
Raw:2.2371114e-11,3.563764e-29,8.919968e-17,3.1008863e-21,2.661084e-14,5.364338e-12,1.0,0.0,8.2404464e-15,7.1470976e-28
EFT:2.2371284e-11,3.5638184e-29,8.920003e-17,3.1009216e-21,2.6611043e-14,5.3643583e-12,1.0,0.0,8.240541e-15,7.1472064e-28
Random372
Raw:2.2371284e-11,3.563764e-29,8.919968e-17,3.100898e-21,2.6610941e-14,5.364338e-12,1.0,0.0,8.240479e-15,7.1470976e-28
EFT:2.2371284e-11,3.5638184e-29,8.920003e-17,3.1009216e-21,2.6611043e-14,5.3643583e-12,1.0,0.0,8.240541e-15,7.1472064e-28
Random373
Raw:2.2371284e-11,3.563791e-29,8.9200365e-17,3.1009216e-21,2.6610941e-14,5.3643583e-12,1.0,0.0,8.24051e-15,7.147152e-28
EFT:2.2371284e-11,3.5638184e-29,8.920003e-17,3.1009216e-21,2.6611043e-14,5.3643583e-12,1.0,0.0,8.240541e-15,7.1472064e-28
Random374
Raw:2.2371114e-11,3.5637366e-29,8.9199346e-17,3.1008743e-21,2.661084e-14,5.3643175e-12,1.0,0.0,8.240415e-15,7.147043e-28
EFT:2.2371284e-11,3.5638184e-29,8.920003e-17,3.1009216e-21,2.6611043e-14,5.3643583e-12,1.0,0.0,8.240541e-15,7.1472064e-28
Random375
Raw:2.237154e-11,3.5639e-29,8.920173e-17,3.100969e-21,2.6611348e-14,5.36442e-12,1.0,0.0,8.240635e-15,7.1473427e-28
EFT:2.2371284e-11,3.5638184e-29,8.920003e-17,3.1009216e-21,2.6611043e-14,5.3643583e-12,1.0,0.0,8.240541e-15,7.1472064e-28
Random376
Raw:2.2371284e-11,3.5638184e-29,8.9200365e-17,3.1009216e-21,2.6611144e-14,5.3643583e-12,1.0,0.0,8.240541e-15,7.1472064e-28
EFT:2.2371284e-11,3.5638184e-29,8.920003e-17,3.1009216e-21,2.6611043e-14,5.3643583e-12,1.0,0.0,8.240541e-15,7.1472064e-28
Random377
Raw:2.2371114e-11,3.5637366e-29,8.9199346e-17,3.1008743e-21,2.661084e-14,5.3643175e-12,1.0,0.0,8.240415e-15,7.147043e-28
EFT:2.2371284e-11,3.5638184e-29,8.920003e-17,3.1009216e-21,2.6611043e-14,5.3643583e-12,1.0,0.0,8.240541e-15,7.1472064e-28
Random378
Raw:2.2371284e-11,3.563791e-29,8.9200365e-17,3.1009216e-21,2.6610941e-14,5.3643583e-12,1.0,0.0,8.24051e-15,7.147152e-28
EFT:2.2371284e-11,3.5638184e-29,8.920003e-17,3.1009216e-21,2.6611043e-14,5.3643583e-12,1.0,0.0,8.240541e-15,7.1472064e-28
Random379
Raw:2.2371455e-11,3.5638455e-29,8.920071e-17,3.1009454e-21,2.6611144e-14,5.3643786e-12,1.0,0.0,8.240541e-15,7.1472613e-28
EFT:2.2371284e-11,3.5638184e-29,8.920003e-17,3.1009216e-21,2.6611043e-14,5.3643583e-12,1.0,0.0,8.240541e-15,7.1472064e-28
Random380
Raw:2.2371284e-11,3.5638184e-29,8.920003e-17,3.1009216e-21,2.6611043e-14,5.3643583e-12,1.0,0.0,8.240541e-15,7.1472064e-28
EFT:2.2371284e-11,3.5638184e-29,8.920003e-17,3.1009216e-21,2.6611043e-14,5.3643583e-12,1.0,0.0,8.240541e-15,7.1472064e-28
Random381
Raw:2.237154e-11,3.5638726e-29,8.9201384e-17,3.1009808e-21,2.6611348e-14,5.36442e-12,1.0,0.0,8.240604e-15,7.1473427e-28
EFT:2.2371284e-11,3.5638184e-29,8.920003e-17,3.1009216e-21,2.6611043e-14,5.3643583e-12,1.0,0.0,8.240541e-15,7.1472064e-28
Random382
Raw:2.2371114e-11,3.563764e-29,8.919968e-17,3.1008863e-21,2.661084e-14,5.3643175e-12,1.0,0.0,8.2404464e-15,7.1470976e-28
EFT:2.2371284e-11,3.5638184e-29,8.920003e-17,3.1009216e-21,2.6611043e-14,5.3643583e-12,1.0,0.0,8.240541e-15,7.1472064e-28
Random383
Raw:2.2371284e-11,3.5638184e-29,8.9200365e-17,3.1009454e-21,2.6611043e-14,5.364338e-12,1.0,0.0,8.24051e-15,7.147234e-28
EFT:2.2371284e-11,3.5638184e-29,8.920003e-17,3.1009216e-21,2.6611043e-14,5.3643583e-12,1.0,0.0,8.240541e-15,7.1472064e-28
Random384
Raw:2.2371455e-11,3.5638455e-29,8.920071e-17,3.1009454e-21,2.6611144e-14,5.3643786e-12,1.0,0.0,8.240573e-15,7.1472613e-28
EFT:2.2371284e-11,3.5638184e-29,8.920003e-17,3.1009216e-21,2.6611043e-14,5.3643583e-12,1.0,0.0,8.240541e-15,7.1472064e-28
Random385
Raw:2.2371369e-11,3.5638455e-29,8.9201046e-17,3.100969e-21,2.6611246e-14,5.3643786e-12,1.0,0.0,8.240573e-15,7.1472883e-28
EFT:2.2371284e-11,3.5638184e-29,8.920003e-17,3.1009216e-21,2.6611043e-14,5.3643583e-12,1.0,0.0,8.240541e-15,7.1472064e-28
Random386
Raw:2.2371114e-11,3.563764e-29,8.919968e-17,3.1008863e-21,2.661084e-14,5.364338e-12,1.0,0.0,8.2404464e-15,7.1470976e-28
EFT:2.2371284e-11,3.5638184e-29,8.920003e-17,3.1009216e-21,2.6611043e-14,5.3643583e-12,1.0,0.0,8.240541e-15,7.1472064e-28
Random387
Raw:2.2371455e-11,3.5638455e-29,8.920071e-17,3.1009454e-21,2.6611144e-14,5.3643786e-12,1.0,0.0,8.240573e-15,7.1472613e-28
EFT:2.2371284e-11,3.5638184e-29,8.920003e-17,3.1009216e-21,2.6611043e-14,5.3643583e-12,1.0,0.0,8.240541e-15,7.1472064e-28
Random388
Raw:2.2371369e-11,3.5638184e-29,8.920071e-17,3.1009454e-21,2.6611144e-14,5.3643583e-12,1.0,0.0,8.240541e-15,7.1472613e-28
EFT:2.2371284e-11,3.5638184e-29,8.920003e-17,3.1009216e-21,2.6611043e-14,5.3643583e-12,1.0,0.0,8.240541e-15,7.1472064e-28
Random389
Raw:2.2371369e-11,3.5638455e-29,8.9200365e-17,3.1009454e-21,2.6611043e-14,5.3643583e-12,1.0,0.0,8.24051e-15,7.147234e-28
EFT:2.2371284e-11,3.5638184e-29,8.920003e-17,3.1009216e-21,2.6611043e-14,5.3643583e-12,1.0,0.0,8.240541e-15,7.1472064e-28
Random390
Raw:2.2371369e-11,3.5638726e-29,8.9201046e-17,3.100969e-21,2.6611246e-14,5.3643786e-12,1.0,0.0,8.240573e-15,7.1473427e-28
EFT:2.2371284e-11,3.5638184e-29,8.920003e-17,3.1009216e-21,2.6611043e-14,5.3643583e-12,1.0,0.0,8.240541e-15,7.1472064e-28
Random391
Raw:2.2371114e-11,3.563764e-29,8.9199e-17,3.1008743e-21,2.6610738e-14,5.364297e-12,1.0,0.0,8.2404464e-15,7.147043e-28
EFT:2.2371284e-11,3.5638184e-29,8.920003e-17,3.1009216e-21,2.6611043e-14,5.3643583e-12,1.0,0.0,8.240541e-15,7.1472064e-28
Random392
Raw:2.2371284e-11,3.563791e-29,8.9200365e-17,3.1009216e-21,2.6611043e-14,5.3643583e-12,1.0,0.0,8.24051e-15,7.147152e-28
EFT:2.2371284e-11,3.5638184e-29,8.920003e-17,3.1009216e-21,2.6611043e-14,5.3643583e-12,1.0,0.0,8.240541e-15,7.1472064e-28
Random393
Raw:2.2371284e-11,3.5638184e-29,8.9200365e-17,3.1009216e-21,2.6611144e-14,5.3643583e-12,1.0,0.0,8.240541e-15,7.1472064e-28
EFT:2.2371284e-11,3.5638184e-29,8.920003e-17,3.1009216e-21,2.6611043e-14,5.3643583e-12,1.0,0.0,8.240541e-15,7.1472064e-28
Random394
Raw:2.2371114e-11,3.563764e-29,8.919968e-17,3.1008863e-21,2.661084e-14,5.364338e-12,1.0,0.0,8.2404464e-15,7.1470976e-28
EFT:2.2371284e-11,3.5638184e-29,8.920003e-17,3.1009216e-21,2.6611043e-14,5.3643583e-12,1.0,0.0,8.240541e-15,7.1472064e-28
Random395
Raw:2.2371369e-11,3.5638455e-29,8.920071e-17,3.1009454e-21,2.6611043e-14,5.3643583e-12,1.0,0.0,8.240541e-15,7.147234e-28
EFT:2.2371284e-11,3.5638184e-29,8.920003e-17,3.1009216e-21,2.6611043e-14,5.3643583e-12,1.0,0.0,8.240541e-15,7.1472064e-28
Random396
Raw:2.2371369e-11,3.5638184e-29,8.920071e-17,3.1009335e-21,2.6611043e-14,5.3643786e-12,1.0,0.0,8.240541e-15,7.1472064e-28
EFT:2.2371284e-11,3.5638184e-29,8.920003e-17,3.1009216e-21,2.6611043e-14,5.3643583e-12,1.0,0.0,8.240541e-15,7.1472064e-28
Random397
Raw:2.2371369e-11,3.5638184e-29,8.920071e-17,3.1009335e-21,2.6611043e-14,5.3643786e-12,1.0,0.0,8.240541e-15,7.1472064e-28
EFT:2.2371284e-11,3.5638184e-29,8.920003e-17,3.1009216e-21,2.6611043e-14,5.3643583e-12,1.0,0.0,8.240541e-15,7.1472064e-28
Random398
Raw:2.2371284e-11,3.5638184e-29,8.9200365e-17,3.1009454e-21,2.6611043e-14,5.364338e-12,1.0,0.0,8.24051e-15,7.1472613e-28
EFT:2.2371284e-11,3.5638184e-29,8.920003e-17,3.1009216e-21,2.6611043e-14,5.3643583e-12,1.0,0.0,8.240541e-15,7.1472064e-28
Random399
Raw:2.2371369e-11,3.5638184e-29,8.920071e-17,3.1009335e-21,2.6611043e-14,5.3643786e-12,1.0,0.0,8.240541e-15,7.1472064e-28
EFT:2.2371284e-11,3.5638184e-29,8.920003e-17,3.1009216e-21,2.6611043e-14,5.3643583e-12,1.0,0.0,8.240541e-15,7.1472064e-28
Random400
Raw:2.2371029e-11,3.5637366e-29,8.9199e-17,3.1008743e-21,2.6610738e-14,5.364297e-12,1.0,0.0,8.240415e-15,7.147043e-28
EFT:2.2371284e-11,3.5638184e-29,8.920003e-17,3.1009216e-21,2.6611043e-14,5.3643583e-12,1.0,0.0,8.240541e-15,7.1472064e-28
Random401
Raw:2.2371114e-11,3.563764e-29,8.9199e-17,3.1008743e-21,2.6610738e-14,5.364297e-12,1.0,0.0,8.2404464e-15,7.147043e-28
EFT:2.2371284e-11,3.5638184e-29,8.920003e-17,3.1009216e-21,2.6611043e-14,5.3643583e-12,1.0,0.0,8.240541e-15,7.1472064e-28
Random402
Raw:2.2371369e-11,3.5638184e-29,8.920071e-17,3.1009454e-21,2.6611144e-14,5.3643583e-12,1.0,0.0,8.240541e-15,7.1472613e-28
EFT:2.2371284e-11,3.5638184e-29,8.920003e-17,3.1009216e-21,2.6611043e-14,5.3643583e-12,1.0,0.0,8.240541e-15,7.1472064e-28
Random403
Raw:2.237154e-11,3.5638455e-29,8.9201384e-17,3.100969e-21,2.6611246e-14,5.3643995e-12,1.0,0.0,8.240604e-15,7.1473157e-28
EFT:2.2371284e-11,3.5638184e-29,8.920003e-17,3.1009216e-21,2.6611043e-14,5.3643583e-12,1.0,0.0,8.240541e-15,7.1472064e-28
Random404
Raw:2.2371284e-11,3.5638184e-29,8.9200365e-17,3.1009216e-21,2.6611043e-14,5.3643583e-12,1.0,0.0,8.240541e-15,7.1472064e-28
EFT:2.2371284e-11,3.5638184e-29,8.920003e-17,3.1009216e-21,2.6611043e-14,5.3643583e-12,1.0,0.0,8.240541e-15,7.1472064e-28
Random405
Raw:2.2371625e-11,3.5639e-29,8.9202065e-17,3.1010044e-21,2.6611448e-14,5.3644402e-12,1.0,0.0,8.240667e-15,7.1473976e-28
EFT:2.2371284e-11,3.5638184e-29,8.920003e-17,3.1009216e-21,2.6611043e-14,5.3643583e-12,1.0,0.0,8.240541e-15,7.1472064e-28
Random406
Raw:2.2371284e-11,3.563764e-29,8.920003e-17,3.100898e-21,2.6610941e-14,5.364338e-12,1.0,0.0,8.240479e-15,7.1470976e-28
EFT:2.2371284e-11,3.5638184e-29,8.920003e-17,3.1009216e-21,2.6611043e-14,5.3643583e-12,1.0,0.0,8.240541e-15,7.1472064e-28
Random407
Raw:2.2371369e-11,3.5638184e-29,8.9200365e-17,3.1009216e-21,2.6611043e-14,5.3643583e-12,1.0,0.0,8.240541e-15,7.1471795e-28
EFT:2.2371284e-11,3.5638184e-29,8.920003e-17,3.1009216e-21,2.6611043e-14,5.3643583e-12,1.0,0.0,8.240541e-15,7.1472064e-28
Random408
Raw:2.2371284e-11,3.563791e-29,8.9200365e-17,3.1009216e-21,2.6611043e-14,5.3643583e-12,1.0,0.0,8.24051e-15,7.147152e-28
EFT:2.2371284e-11,3.5638184e-29,8.920003e-17,3.1009216e-21,2.6611043e-14,5.3643583e-12,1.0,0.0,8.240541e-15,7.1472064e-28
Random409
Raw:2.2371455e-11,3.5638726e-29,8.9201384e-17,3.1009571e-21,2.6611246e-14,5.3643995e-12,1.0,0.0,8.240604e-15,7.1472883e-28
EFT:2.2371284e-11,3.5638184e-29,8.920003e-17,3.1009216e-21,2.6611043e-14,5.3643583e-12,1.0,0.0,8.240541e-15,7.1472064e-28
Random410
Raw:2.2371284e-11,3.563791e-29,8.9200365e-17,3.1009216e-21,2.6610941e-14,5.3643583e-12,1.0,0.0,8.24051e-15,7.147152e-28
EFT:2.2371284e-11,3.5638184e-29,8.920003e-17,3.1009216e-21,2.6611043e-14,5.3643583e-12,1.0,0.0,8.240541e-15,7.1472064e-28
Random411
Raw:2.2371455e-11,3.5638455e-29,8.9201046e-17,3.1009454e-21,2.6611144e-14,5.3643786e-12,1.0,0.0,8.240573e-15,7.1472613e-28
EFT:2.2371284e-11,3.5638184e-29,8.920003e-17,3.1009216e-21,2.6611043e-14,5.3643583e-12,1.0,0.0,8.240541e-15,7.1472064e-28
Random412
Raw:2.2371199e-11,3.563764e-29,8.919968e-17,3.1008863e-21,2.661084e-14,5.364338e-12,1.0,0.0,8.240479e-15,7.1470976e-28
EFT:2.2371284e-11,3.5638184e-29,8.920003e-17,3.1009216e-21,2.6611043e-14,5.3643583e-12,1.0,0.0,8.240541e-15,7.1472064e-28
Random413
Raw:2.2371284e-11,3.5638184e-29,8.9200365e-17,3.1009216e-21,2.6611043e-14,5.3643583e-12,1.0,0.0,8.240541e-15,7.1472064e-28
EFT:2.2371284e-11,3.5638184e-29,8.920003e-17,3.1009216e-21,2.6611043e-14,5.3643583e-12,1.0,0.0,8.240541e-15,7.1472064e-28
Random414
Raw:2.2371284e-11,3.5638184e-29,8.920003e-17,3.1009216e-21,2.6611043e-14,5.3643583e-12,1.0,0.0,8.24051e-15,7.1472064e-28
EFT:2.2371284e-11,3.5638184e-29,8.920003e-17,3.1009216e-21,2.6611043e-14,5.3643583e-12,1.0,0.0,8.240541e-15,7.1472064e-28
Random415
Raw:2.2371369e-11,3.5638184e-29,8.920071e-17,3.1009454e-21,2.6611144e-14,5.3643583e-12,1.0,0.0,8.240541e-15,7.1472613e-28
EFT:2.2371284e-11,3.5638184e-29,8.920003e-17,3.1009216e-21,2.6611043e-14,5.3643583e-12,1.0,0.0,8.240541e-15,7.1472064e-28
Random416
Raw:2.237154e-11,3.5638726e-29,8.920173e-17,3.1009927e-21,2.6611348e-14,5.36442e-12,1.0,0.0,8.240604e-15,7.1473427e-28
EFT:2.2371284e-11,3.5638184e-29,8.920003e-17,3.1009216e-21,2.6611043e-14,5.3643583e-12,1.0,0.0,8.240541e-15,7.1472064e-28
Random417
Raw:2.2371369e-11,3.5638184e-29,8.920071e-17,3.1009335e-21,2.6611043e-14,5.3643786e-12,1.0,0.0,8.240541e-15,7.1472064e-28
EFT:2.2371284e-11,3.5638184e-29,8.920003e-17,3.1009216e-21,2.6611043e-14,5.3643583e-12,1.0,0.0,8.240541e-15,7.1472064e-28
Random418
Raw:2.2371455e-11,3.5638726e-29,8.9201046e-17,3.1009571e-21,2.6611246e-14,5.3643995e-12,1.0,0.0,8.240573e-15,7.1472883e-28
EFT:2.2371284e-11,3.5638184e-29,8.920003e-17,3.1009216e-21,2.6611043e-14,5.3643583e-12,1.0,0.0,8.240541e-15,7.1472064e-28
Random419
Raw:2.2371369e-11,3.5638455e-29,8.9200365e-17,3.1009454e-21,2.6611043e-14,5.3643583e-12,1.0,0.0,8.240541e-15,7.147234e-28
EFT:2.2371284e-11,3.5638184e-29,8.920003e-17,3.1009216e-21,2.6611043e-14,5.3643583e-12,1.0,0.0,8.240541e-15,7.1472064e-28
Random420
Raw:2.2371114e-11,3.563764e-29,8.919968e-17,3.1008863e-21,2.661084e-14,5.364338e-12,1.0,0.0,8.2404464e-15,7.1470976e-28
EFT:2.2371284e-11,3.5638184e-29,8.920003e-17,3.1009216e-21,2.6611043e-14,5.3643583e-12,1.0,0.0,8.240541e-15,7.1472064e-28
Random421
Raw:2.2371029e-11,3.5637095e-29,8.9199e-17,3.1008624e-21,2.6610738e-14,5.364297e-12,1.0,0.0,8.240415e-15,7.147016e-28
EFT:2.2371284e-11,3.5638184e-29,8.920003e-17,3.1009216e-21,2.6611043e-14,5.3643583e-12,1.0,0.0,8.240541e-15,7.1472064e-28
Random422
Raw:2.2371284e-11,3.5638184e-29,8.920003e-17,3.1009216e-21,2.6611043e-14,5.3643583e-12,1.0,0.0,8.24051e-15,7.1472064e-28
EFT:2.2371284e-11,3.5638184e-29,8.920003e-17,3.1009216e-21,2.6611043e-14,5.3643583e-12,1.0,0.0,8.240541e-15,7.1472064e-28
Random423
Raw:2.2371114e-11,3.563791e-29,8.919968e-17,3.100898e-21,2.6610941e-14,5.364338e-12,1.0,0.0,8.240479e-15,7.147152e-28
EFT:2.2371284e-11,3.5638184e-29,8.920003e-17,3.1009216e-21,2.6611043e-14,5.3643583e-12,1.0,0.0,8.240541e-15,7.1472064e-28
Random424
Raw:2.2371199e-11,3.563764e-29,8.919968e-17,3.100898e-21,2.661084e-14,5.3643175e-12,1.0,0.0,8.240479e-15,7.1470976e-28
EFT:2.2371284e-11,3.5638184e-29,8.920003e-17,3.1009216e-21,2.6611043e-14,5.3643583e-12,1.0,0.0,8.240541e-15,7.1472064e-28
Random425
Raw:2.2371114e-11,3.563764e-29,8.919968e-17,3.1008863e-21,2.661084e-14,5.3643175e-12,1.0,0.0,8.2404464e-15,7.1470976e-28
EFT:2.2371284e-11,3.5638184e-29,8.920003e-17,3.1009216e-21,2.6611043e-14,5.3643583e-12,1.0,0.0,8.240541e-15,7.1472064e-28
Random426
Raw:2.237154e-11,3.5638726e-29,8.920173e-17,3.1009927e-21,2.6611348e-14,5.36442e-12,1.0,0.0,8.240635e-15,7.1473427e-28
EFT:2.2371284e-11,3.5638184e-29,8.920003e-17,3.1009216e-21,2.6611043e-14,5.3643583e-12,1.0,0.0,8.240541e-15,7.1472064e-28
Random427
Raw:2.2371284e-11,3.563791e-29,8.9200365e-17,3.1009216e-21,2.6610941e-14,5.3643583e-12,1.0,0.0,8.24051e-15,7.147152e-28
EFT:2.2371284e-11,3.5638184e-29,8.920003e-17,3.1009216e-21,2.6611043e-14,5.3643583e-12,1.0,0.0,8.240541e-15,7.1472064e-28
Random428
Raw:2.2371114e-11,3.563791e-29,8.919968e-17,3.100898e-21,2.6610941e-14,5.3643175e-12,1.0,0.0,8.240479e-15,7.147152e-28
EFT:2.2371284e-11,3.5638184e-29,8.920003e-17,3.1009216e-21,2.6611043e-14,5.3643583e-12,1.0,0.0,8.240541e-15,7.1472064e-28
Random429
Raw:2.2371284e-11,3.563791e-29,8.920003e-17,3.1009216e-21,2.6610941e-14,5.3643583e-12,1.0,0.0,8.240479e-15,7.147152e-28
EFT:2.2371284e-11,3.5638184e-29,8.920003e-17,3.1009216e-21,2.6611043e-14,5.3643583e-12,1.0,0.0,8.240541e-15,7.1472064e-28
Random430
Raw:2.2371284e-11,3.5638184e-29,8.9200365e-17,3.1009216e-21,2.6611043e-14,5.3643583e-12,1.0,0.0,8.240541e-15,7.1472064e-28
EFT:2.2371284e-11,3.5638184e-29,8.920003e-17,3.1009216e-21,2.6611043e-14,5.3643583e-12,1.0,0.0,8.240541e-15,7.1472064e-28
Random431
Raw:2.2371284e-11,3.5638184e-29,8.9200365e-17,3.1009454e-21,2.6611043e-14,5.3643786e-12,1.0,0.0,8.24051e-15,7.1472064e-28
EFT:2.2371284e-11,3.5638184e-29,8.920003e-17,3.1009216e-21,2.6611043e-14,5.3643583e-12,1.0,0.0,8.240541e-15,7.1472064e-28
Random432
Raw:2.2371369e-11,3.5638184e-29,8.9200365e-17,3.1009335e-21,2.6611043e-14,5.3643786e-12,1.0,0.0,8.240541e-15,7.1472064e-28
EFT:2.2371284e-11,3.5638184e-29,8.920003e-17,3.1009216e-21,2.6611043e-14,5.3643583e-12,1.0,0.0,8.240541e-15,7.1472064e-28
Random433
Raw:2.237154e-11,3.5639e-29,8.920173e-17,3.100969e-21,2.6611348e-14,5.36442e-12,1.0,0.0,8.240635e-15,7.1473427e-28
EFT:2.2371284e-11,3.5638184e-29,8.920003e-17,3.1009216e-21,2.6611043e-14,5.3643583e-12,1.0,0.0,8.240541e-15,7.1472064e-28
Random434
Raw:2.2371369e-11,3.5638184e-29,8.920071e-17,3.1009571e-21,2.6611144e-14,5.3643786e-12,1.0,0.0,8.240541e-15,7.1472613e-28
EFT:2.2371284e-11,3.5638184e-29,8.920003e-17,3.1009216e-21,2.6611043e-14,5.3643583e-12,1.0,0.0,8.240541e-15,7.1472064e-28
Random435
Raw:2.2371369e-11,3.5638184e-29,8.9200365e-17,3.1009335e-21,2.6611043e-14,5.3643786e-12,1.0,0.0,8.240541e-15,7.1472064e-28
EFT:2.2371284e-11,3.5638184e-29,8.920003e-17,3.1009216e-21,2.6611043e-14,5.3643583e-12,1.0,0.0,8.240541e-15,7.1472064e-28
Random436
Raw:2.2371455e-11,3.5638455e-29,8.9201046e-17,3.1009454e-21,2.6611144e-14,5.3643786e-12,1.0,0.0,8.240573e-15,7.1472613e-28
EFT:2.2371284e-11,3.5638184e-29,8.920003e-17,3.1009216e-21,2.6611043e-14,5.3643583e-12,1.0,0.0,8.240541e-15,7.1472064e-28
Random437
Raw:2.2371369e-11,3.5638184e-29,8.9200365e-17,3.1009335e-21,2.6611043e-14,5.3643786e-12,1.0,0.0,8.24051e-15,7.1472064e-28
EFT:2.2371284e-11,3.5638184e-29,8.920003e-17,3.1009216e-21,2.6611043e-14,5.3643583e-12,1.0,0.0,8.240541e-15,7.1472064e-28
Random438
Raw:2.2371029e-11,3.5637366e-29,8.9199e-17,3.1008743e-21,2.6610738e-14,5.3642767e-12,1.0,0.0,8.240415e-15,7.147043e-28
EFT:2.2371284e-11,3.5638184e-29,8.920003e-17,3.1009216e-21,2.6611043e-14,5.3643583e-12,1.0,0.0,8.240541e-15,7.1472064e-28
Random439
Raw:2.2371284e-11,3.5638184e-29,8.920003e-17,3.1009216e-21,2.6611043e-14,5.3643583e-12,1.0,0.0,8.24051e-15,7.1472064e-28
EFT:2.2371284e-11,3.5638184e-29,8.920003e-17,3.1009216e-21,2.6611043e-14,5.3643583e-12,1.0,0.0,8.240541e-15,7.1472064e-28
Random440
Raw:2.2371284e-11,3.563791e-29,8.9200365e-17,3.1009216e-21,2.6610941e-14,5.3643583e-12,1.0,0.0,8.24051e-15,7.147152e-28
EFT:2.2371284e-11,3.5638184e-29,8.920003e-17,3.1009216e-21,2.6611043e-14,5.3643583e-12,1.0,0.0,8.240541e-15,7.1472064e-28
Random441
Raw:2.2371369e-11,3.5638455e-29,8.920071e-17,3.1009454e-21,2.6611043e-14,5.3643583e-12,1.0,0.0,8.240541e-15,7.147234e-28
EFT:2.2371284e-11,3.5638184e-29,8.920003e-17,3.1009216e-21,2.6611043e-14,5.3643583e-12,1.0,0.0,8.240541e-15,7.1472064e-28
Random442
Raw:2.2371284e-11,3.563791e-29,8.9200365e-17,3.1009216e-21,2.6610941e-14,5.3643583e-12,1.0,0.0,8.24051e-15,7.147152e-28
EFT:2.2371284e-11,3.5638184e-29,8.920003e-17,3.1009216e-21,2.6611043e-14,5.3643583e-12,1.0,0.0,8.240541e-15,7.1472064e-28
Random443
Raw:2.2371284e-11,3.5638184e-29,8.9200365e-17,3.1009454e-21,2.6611043e-14,5.364338e-12,1.0,0.0,8.24051e-15,7.1472613e-28
EFT:2.2371284e-11,3.5638184e-29,8.920003e-17,3.1009216e-21,2.6611043e-14,5.3643583e-12,1.0,0.0,8.240541e-15,7.1472064e-28
Random444
Raw:2.2371455e-11,3.5638455e-29,8.9201046e-17,3.1009454e-21,2.6611144e-14,5.3643786e-12,1.0,0.0,8.240573e-15,7.1472613e-28
EFT:2.2371284e-11,3.5638184e-29,8.920003e-17,3.1009216e-21,2.6611043e-14,5.3643583e-12,1.0,0.0,8.240541e-15,7.1472064e-28
Random445
Raw:2.2371199e-11,3.5638184e-29,8.920003e-17,3.1009099e-21,2.6610941e-14,5.364338e-12,1.0,0.0,8.240479e-15,7.1471795e-28
EFT:2.2371284e-11,3.5638184e-29,8.920003e-17,3.1009216e-21,2.6611043e-14,5.3643583e-12,1.0,0.0,8.240541e-15,7.1472064e-28
Random446
Raw:2.2371455e-11,3.5638455e-29,8.920071e-17,3.1009454e-21,2.6611144e-14,5.3643786e-12,1.0,0.0,8.240573e-15,7.1472613e-28
EFT:2.2371284e-11,3.5638184e-29,8.920003e-17,3.1009216e-21,2.6611043e-14,5.3643583e-12,1.0,0.0,8.240541e-15,7.1472064e-28
Random447
Raw:2.2371369e-11,3.5638455e-29,8.9200365e-17,3.1009454e-21,2.6611043e-14,5.3643583e-12,1.0,0.0,8.24051e-15,7.147234e-28
EFT:2.2371284e-11,3.5638184e-29,8.920003e-17,3.1009216e-21,2.6611043e-14,5.3643583e-12,1.0,0.0,8.240541e-15,7.1472064e-28
Random448
Raw:2.237154e-11,3.5638726e-29,8.920173e-17,3.1009927e-21,2.6611348e-14,5.36442e-12,1.0,0.0,8.240635e-15,7.1473427e-28
EFT:2.2371284e-11,3.5638184e-29,8.920003e-17,3.1009216e-21,2.6611043e-14,5.3643583e-12,1.0,0.0,8.240541e-15,7.1472064e-28
Random449
Raw:2.2371284e-11,3.5638184e-29,8.9200365e-17,3.1009216e-21,2.6611043e-14,5.3643583e-12,1.0,0.0,8.240541e-15,7.1472064e-28
EFT:2.2371284e-11,3.5638184e-29,8.920003e-17,3.1009216e-21,2.6611043e-14,5.3643583e-12,1.0,0.0,8.240541e-15,7.1472064e-28
Random450
Raw:2.2371369e-11,3.5638184e-29,8.9200365e-17,3.1009335e-21,2.6611043e-14,5.3643786e-12,1.0,0.0,8.24051e-15,7.1472064e-28
EFT:2.2371284e-11,3.5638184e-29,8.920003e-17,3.1009216e-21,2.6611043e-14,5.3643583e-12,1.0,0.0,8.240541e-15,7.1472064e-28
Random451
Raw:2.2371369e-11,3.5638184e-29,8.9200365e-17,3.1009335e-21,2.6611043e-14,5.3643786e-12,1.0,0.0,8.24051e-15,7.1472064e-28
EFT:2.2371284e-11,3.5638184e-29,8.920003e-17,3.1009216e-21,2.6611043e-14,5.3643583e-12,1.0,0.0,8.240541e-15,7.1472064e-28
Random452
Raw:2.2371284e-11,3.5638184e-29,8.9200365e-17,3.1009216e-21,2.6611043e-14,5.3643583e-12,1.0,0.0,8.240541e-15,7.1472064e-28
EFT:2.2371284e-11,3.5638184e-29,8.920003e-17,3.1009216e-21,2.6611043e-14,5.3643583e-12,1.0,0.0,8.240541e-15,7.1472064e-28
Random453
Raw:2.2371369e-11,3.5638184e-29,8.920071e-17,3.1009335e-21,2.6611043e-14,5.3643786e-12,1.0,0.0,8.240541e-15,7.1472064e-28
EFT:2.2371284e-11,3.5638184e-29,8.920003e-17,3.1009216e-21,2.6611043e-14,5.3643583e-12,1.0,0.0,8.240541e-15,7.1472064e-28
Random454
Raw:2.2371369e-11,3.5638184e-29,8.920071e-17,3.1009335e-21,2.6611043e-14,5.3643786e-12,1.0,0.0,8.240541e-15,7.1472064e-28
EFT:2.2371284e-11,3.5638184e-29,8.920003e-17,3.1009216e-21,2.6611043e-14,5.3643583e-12,1.0,0.0,8.240541e-15,7.1472064e-28
Random455
Raw:2.2371284e-11,3.563764e-29,8.919968e-17,3.1009099e-21,2.6610941e-14,5.364338e-12,1.0,0.0,8.2404464e-15,7.1470976e-28
EFT:2.2371284e-11,3.5638184e-29,8.920003e-17,3.1009216e-21,2.6611043e-14,5.3643583e-12,1.0,0.0,8.240541e-15,7.1472064e-28
Random456
Raw:2.2371455e-11,3.5638455e-29,8.9201046e-17,3.1009454e-21,2.6611144e-14,5.3643786e-12,1.0,0.0,8.240573e-15,7.1472613e-28
EFT:2.2371284e-11,3.5638184e-29,8.920003e-17,3.1009216e-21,2.6611043e-14,5.3643583e-12,1.0,0.0,8.240541e-15,7.1472064e-28
Random457
Raw:2.2371369e-11,3.5638455e-29,8.920071e-17,3.1009454e-21,2.6611043e-14,5.3643583e-12,1.0,0.0,8.240541e-15,7.147234e-28
EFT:2.2371284e-11,3.5638184e-29,8.920003e-17,3.1009216e-21,2.6611043e-14,5.3643583e-12,1.0,0.0,8.240541e-15,7.1472064e-28
Random458
Raw:2.2371369e-11,3.5638184e-29,8.9200365e-17,3.1009216e-21,2.6611043e-14,5.3643583e-12,1.0,0.0,8.240541e-15,7.1472064e-28
EFT:2.2371284e-11,3.5638184e-29,8.920003e-17,3.1009216e-21,2.6611043e-14,5.3643583e-12,1.0,0.0,8.240541e-15,7.1472064e-28
Random459
Raw:2.2371199e-11,3.563791e-29,8.920003e-17,3.100898e-21,2.6610941e-14,5.364338e-12,1.0,0.0,8.240479e-15,7.147152e-28
EFT:2.2371284e-11,3.5638184e-29,8.920003e-17,3.1009216e-21,2.6611043e-14,5.3643583e-12,1.0,0.0,8.240541e-15,7.1472064e-28
Random460
Raw:2.2371455e-11,3.5638455e-29,8.920071e-17,3.100969e-21,2.6611144e-14,5.3643786e-12,1.0,0.0,8.240541e-15,7.1473157e-28
EFT:2.2371284e-11,3.5638184e-29,8.920003e-17,3.1009216e-21,2.6611043e-14,5.3643583e-12,1.0,0.0,8.240541e-15,7.1472064e-28
Random461
Raw:2.2371455e-11,3.5638455e-29,8.9201046e-17,3.1009454e-21,2.6611144e-14,5.3643786e-12,1.0,0.0,8.240573e-15,7.1472613e-28
EFT:2.2371284e-11,3.5638184e-29,8.920003e-17,3.1009216e-21,2.6611043e-14,5.3643583e-12,1.0,0.0,8.240541e-15,7.1472064e-28
Random462
Raw:2.2371455e-11,3.5638184e-29,8.9201046e-17,3.100969e-21,2.6611246e-14,5.3643995e-12,1.0,0.0,8.240573e-15,7.1472613e-28
EFT:2.2371284e-11,3.5638184e-29,8.920003e-17,3.1009216e-21,2.6611043e-14,5.3643583e-12,1.0,0.0,8.240541e-15,7.1472064e-28
Random463
Raw:2.2371284e-11,3.5638184e-29,8.9200365e-17,3.1009216e-21,2.6611043e-14,5.3643583e-12,1.0,0.0,8.240541e-15,7.1472064e-28
EFT:2.2371284e-11,3.5638184e-29,8.920003e-17,3.1009216e-21,2.6611043e-14,5.3643583e-12,1.0,0.0,8.240541e-15,7.1472064e-28
Random464
Raw:2.2371199e-11,3.563764e-29,8.9199346e-17,3.100898e-21,2.661084e-14,5.3643175e-12,1.0,0.0,8.2404464e-15,7.1470976e-28
EFT:2.2371284e-11,3.5638184e-29,8.920003e-17,3.1009216e-21,2.6611043e-14,5.3643583e-12,1.0,0.0,8.240541e-15,7.1472064e-28
Random465
Raw:2.2371284e-11,3.563791e-29,8.920003e-17,3.1009216e-21,2.6610941e-14,5.3643583e-12,1.0,0.0,8.240479e-15,7.147152e-28
EFT:2.2371284e-11,3.5638184e-29,8.920003e-17,3.1009216e-21,2.6611043e-14,5.3643583e-12,1.0,0.0,8.240541e-15,7.1472064e-28
Random466
Raw:2.2371455e-11,3.5638455e-29,8.9201046e-17,3.1009454e-21,2.6611144e-14,5.3643786e-12,1.0,0.0,8.240573e-15,7.1472613e-28
EFT:2.2371284e-11,3.5638184e-29,8.920003e-17,3.1009216e-21,2.6611043e-14,5.3643583e-12,1.0,0.0,8.240541e-15,7.1472064e-28
Random467
Raw:2.2371114e-11,3.563791e-29,8.919968e-17,3.100898e-21,2.6610941e-14,5.364338e-12,1.0,0.0,8.240479e-15,7.147152e-28
EFT:2.2371284e-11,3.5638184e-29,8.920003e-17,3.1009216e-21,2.6611043e-14,5.3643583e-12,1.0,0.0,8.240541e-15,7.1472064e-28
Random468
Raw:2.2371284e-11,3.563791e-29,8.9200365e-17,3.1009216e-21,2.6610941e-14,5.3643583e-12,1.0,0.0,8.24051e-15,7.147152e-28
EFT:2.2371284e-11,3.5638184e-29,8.920003e-17,3.1009216e-21,2.6611043e-14,5.3643583e-12,1.0,0.0,8.240541e-15,7.1472064e-28
Random469
Raw:2.2371455e-11,3.5638455e-29,8.9201046e-17,3.1009454e-21,2.6611144e-14,5.3643786e-12,1.0,0.0,8.240573e-15,7.1472613e-28
EFT:2.2371284e-11,3.5638184e-29,8.920003e-17,3.1009216e-21,2.6611043e-14,5.3643583e-12,1.0,0.0,8.240541e-15,7.1472064e-28
Random470
Raw:2.2371284e-11,3.563791e-29,8.9200365e-17,3.1009216e-21,2.6610941e-14,5.3643583e-12,1.0,0.0,8.24051e-15,7.147152e-28
EFT:2.2371284e-11,3.5638184e-29,8.920003e-17,3.1009216e-21,2.6611043e-14,5.3643583e-12,1.0,0.0,8.240541e-15,7.1472064e-28
Random471
Raw:2.2371199e-11,3.563791e-29,8.920003e-17,3.1009216e-21,2.6610941e-14,5.3643583e-12,1.0,0.0,8.240479e-15,7.147152e-28
EFT:2.2371284e-11,3.5638184e-29,8.920003e-17,3.1009216e-21,2.6611043e-14,5.3643583e-12,1.0,0.0,8.240541e-15,7.1472064e-28
Random472
Raw:2.2371455e-11,3.5638455e-29,8.920071e-17,3.1009454e-21,2.6611144e-14,5.3643786e-12,1.0,0.0,8.240541e-15,7.1472613e-28
EFT:2.2371284e-11,3.5638184e-29,8.920003e-17,3.1009216e-21,2.6611043e-14,5.3643583e-12,1.0,0.0,8.240541e-15,7.1472064e-28
Random473
Raw:2.2371199e-11,3.563764e-29,8.9199346e-17,3.1008743e-21,2.661084e-14,5.3643175e-12,1.0,0.0,8.2404464e-15,7.147043e-28
EFT:2.2371284e-11,3.5638184e-29,8.920003e-17,3.1009216e-21,2.6611043e-14,5.3643583e-12,1.0,0.0,8.240541e-15,7.1472064e-28
Random474
Raw:2.2371114e-11,3.563791e-29,8.919968e-17,3.100898e-21,2.6610941e-14,5.3643175e-12,1.0,0.0,8.240479e-15,7.147152e-28
EFT:2.2371284e-11,3.5638184e-29,8.920003e-17,3.1009216e-21,2.6611043e-14,5.3643583e-12,1.0,0.0,8.240541e-15,7.1472064e-28
Random475
Raw:2.2371369e-11,3.5638455e-29,8.920071e-17,3.1009454e-21,2.6611043e-14,5.3643583e-12,1.0,0.0,8.240541e-15,7.147234e-28
EFT:2.2371284e-11,3.5638184e-29,8.920003e-17,3.1009216e-21,2.6611043e-14,5.3643583e-12,1.0,0.0,8.240541e-15,7.1472064e-28
Random476
Raw:2.2371114e-11,3.563791e-29,8.919968e-17,3.100898e-21,2.6610941e-14,5.3643175e-12,1.0,0.0,8.240479e-15,7.147152e-28
EFT:2.2371284e-11,3.5638184e-29,8.920003e-17,3.1009216e-21,2.6611043e-14,5.3643583e-12,1.0,0.0,8.240541e-15,7.1472064e-28
Random477
Raw:2.2371455e-11,3.5638455e-29,8.920071e-17,3.1009454e-21,2.6611144e-14,5.3643786e-12,1.0,0.0,8.240541e-15,7.1472613e-28
EFT:2.2371284e-11,3.5638184e-29,8.920003e-17,3.1009216e-21,2.6611043e-14,5.3643583e-12,1.0,0.0,8.240541e-15,7.1472064e-28
Random478
Raw:2.2371455e-11,3.5638455e-29,8.9201046e-17,3.1009454e-21,2.6611144e-14,5.3643786e-12,1.0,0.0,8.240573e-15,7.1472613e-28
EFT:2.2371284e-11,3.5638184e-29,8.920003e-17,3.1009216e-21,2.6611043e-14,5.3643583e-12,1.0,0.0,8.240541e-15,7.1472064e-28
Random479
Raw:2.2371284e-11,3.563791e-29,8.920003e-17,3.1009216e-21,2.6610941e-14,5.3643583e-12,1.0,0.0,8.240479e-15,7.147152e-28
EFT:2.2371284e-11,3.5638184e-29,8.920003e-17,3.1009216e-21,2.6611043e-14,5.3643583e-12,1.0,0.0,8.240541e-15,7.1472064e-28
Random480
Raw:2.2371284e-11,3.5638184e-29,8.920003e-17,3.1009216e-21,2.6611043e-14,5.3643583e-12,1.0,0.0,8.24051e-15,7.1472064e-28
EFT:2.2371284e-11,3.5638184e-29,8.920003e-17,3.1009216e-21,2.6611043e-14,5.3643583e-12,1.0,0.0,8.240541e-15,7.1472064e-28
Random481
Raw:2.2371369e-11,3.5638184e-29,8.920071e-17,3.1009335e-21,2.6611043e-14,5.3643786e-12,1.0,0.0,8.240541e-15,7.1472064e-28
EFT:2.2371284e-11,3.5638184e-29,8.920003e-17,3.1009216e-21,2.6611043e-14,5.3643583e-12,1.0,0.0,8.240541e-15,7.1472064e-28
Random482
Raw:2.2371369e-11,3.5638184e-29,8.9200365e-17,3.1009335e-21,2.6611043e-14,5.3643786e-12,1.0,0.0,8.240541e-15,7.1472064e-28
EFT:2.2371284e-11,3.5638184e-29,8.920003e-17,3.1009216e-21,2.6611043e-14,5.3643583e-12,1.0,0.0,8.240541e-15,7.1472064e-28
Random483
Raw:2.2371284e-11,3.563791e-29,8.9200365e-17,3.1009216e-21,2.6611043e-14,5.3643583e-12,1.0,0.0,8.24051e-15,7.147152e-28
EFT:2.2371284e-11,3.5638184e-29,8.920003e-17,3.1009216e-21,2.6611043e-14,5.3643583e-12,1.0,0.0,8.240541e-15,7.1472064e-28
Random484
Raw:2.2371199e-11,3.563791e-29,8.920003e-17,3.1009335e-21,2.6611043e-14,5.364338e-12,1.0,0.0,8.24051e-15,7.1472064e-28
EFT:2.2371284e-11,3.5638184e-29,8.920003e-17,3.1009216e-21,2.6611043e-14,5.3643583e-12,1.0,0.0,8.240541e-15,7.1472064e-28
Random485
Raw:2.2371369e-11,3.5638184e-29,8.920071e-17,3.1009335e-21,2.6611043e-14,5.3643786e-12,1.0,0.0,8.240541e-15,7.1472064e-28
EFT:2.2371284e-11,3.5638184e-29,8.920003e-17,3.1009216e-21,2.6611043e-14,5.3643583e-12,1.0,0.0,8.240541e-15,7.1472064e-28
Random486
Raw:2.2371284e-11,3.563791e-29,8.9200365e-17,3.1009216e-21,2.6610941e-14,5.3643583e-12,1.0,0.0,8.24051e-15,7.147152e-28
EFT:2.2371284e-11,3.5638184e-29,8.920003e-17,3.1009216e-21,2.6611043e-14,5.3643583e-12,1.0,0.0,8.240541e-15,7.1472064e-28
Random487
Raw:2.2371199e-11,3.563764e-29,8.919968e-17,3.1008863e-21,2.661084e-14,5.364338e-12,1.0,0.0,8.240479e-15,7.1470976e-28
EFT:2.2371284e-11,3.5638184e-29,8.920003e-17,3.1009216e-21,2.6611043e-14,5.3643583e-12,1.0,0.0,8.240541e-15,7.1472064e-28
Random488
Raw:2.2371284e-11,3.563791e-29,8.9200365e-17,3.1009216e-21,2.6610941e-14,5.3643583e-12,1.0,0.0,8.24051e-15,7.147152e-28
EFT:2.2371284e-11,3.5638184e-29,8.920003e-17,3.1009216e-21,2.6611043e-14,5.3643583e-12,1.0,0.0,8.240541e-15,7.1472064e-28
Random489
Raw:2.2371455e-11,3.5638726e-29,8.9201046e-17,3.1009571e-21,2.6611246e-14,5.3643995e-12,1.0,0.0,8.240573e-15,7.1472883e-28
EFT:2.2371284e-11,3.5638184e-29,8.920003e-17,3.1009216e-21,2.6611043e-14,5.3643583e-12,1.0,0.0,8.240541e-15,7.1472064e-28
Random490
Raw:2.2371455e-11,3.5638726e-29,8.9201046e-17,3.1009571e-21,2.6611246e-14,5.3643995e-12,1.0,0.0,8.240604e-15,7.1472883e-28
EFT:2.2371284e-11,3.5638184e-29,8.920003e-17,3.1009216e-21,2.6611043e-14,5.3643583e-12,1.0,0.0,8.240541e-15,7.1472064e-28
Random491
Raw:2.2371455e-11,3.5638184e-29,8.9201046e-17,3.100969e-21,2.6611144e-14,5.3643995e-12,1.0,0.0,8.240573e-15,7.1472613e-28
EFT:2.2371284e-11,3.5638184e-29,8.920003e-17,3.1009216e-21,2.6611043e-14,5.3643583e-12,1.0,0.0,8.240541e-15,7.1472064e-28
Random492
Raw:2.2371455e-11,3.5638455e-29,8.920071e-17,3.1009454e-21,2.6611144e-14,5.3643786e-12,1.0,0.0,8.240573e-15,7.1472613e-28
EFT:2.2371284e-11,3.5638184e-29,8.920003e-17,3.1009216e-21,2.6611043e-14,5.3643583e-12,1.0,0.0,8.240541e-15,7.1472064e-28
Random493
Raw:2.2371369e-11,3.5638184e-29,8.920071e-17,3.1009335e-21,2.6611043e-14,5.3643786e-12,1.0,0.0,8.240541e-15,7.1472064e-28
EFT:2.2371284e-11,3.5638184e-29,8.920003e-17,3.1009216e-21,2.6611043e-14,5.3643583e-12,1.0,0.0,8.240541e-15,7.1472064e-28
Random494
Raw:2.2371369e-11,3.5638184e-29,8.920071e-17,3.1009335e-21,2.6611043e-14,5.3643786e-12,1.0,0.0,8.240541e-15,7.1472064e-28
EFT:2.2371284e-11,3.5638184e-29,8.920003e-17,3.1009216e-21,2.6611043e-14,5.3643583e-12,1.0,0.0,8.240541e-15,7.1472064e-28
Random495
Raw:2.2371369e-11,3.5638455e-29,8.9200365e-17,3.1009454e-21,2.6611043e-14,5.3643583e-12,1.0,0.0,8.240541e-15,7.147234e-28
EFT:2.2371284e-11,3.5638184e-29,8.920003e-17,3.1009216e-21,2.6611043e-14,5.3643583e-12,1.0,0.0,8.240541e-15,7.1472064e-28
Random496
Raw:2.2371369e-11,3.5638184e-29,8.920071e-17,3.1009335e-21,2.6611043e-14,5.3643786e-12,1.0,0.0,8.240541e-15,7.1472064e-28
EFT:2.2371284e-11,3.5638184e-29,8.920003e-17,3.1009216e-21,2.6611043e-14,5.3643583e-12,1.0,0.0,8.240541e-15,7.1472064e-28
Random497
Raw:2.2371369e-11,3.5638455e-29,8.920071e-17,3.1009454e-21,2.6611043e-14,5.3643583e-12,1.0,0.0,8.240541e-15,7.147234e-28
EFT:2.2371284e-11,3.5638184e-29,8.920003e-17,3.1009216e-21,2.6611043e-14,5.3643583e-12,1.0,0.0,8.240541e-15,7.1472064e-28
Random498
Raw:2.2371369e-11,3.5638184e-29,8.920071e-17,3.1009335e-21,2.6611043e-14,5.3643786e-12,1.0,0.0,8.240541e-15,7.1472064e-28
EFT:2.2371284e-11,3.5638184e-29,8.920003e-17,3.1009216e-21,2.6611043e-14,5.3643583e-12,1.0,0.0,8.240541e-15,7.1472064e-28
Random499
Raw:2.2371284e-11,3.563764e-29,8.920003e-17,3.100898e-21,2.6610941e-14,5.364338e-12,1.0,0.0,8.240479e-15,7.1470976e-28
EFT:2.2371284e-11,3.5638184e-29,8.920003e-17,3.1009216e-21,2.6611043e-14,5.3643583e-12,1.0,0.0,8.240541e-15,7.1472064e-28
Random500
Raw:2.2371369e-11,3.5638184e-29,8.920071e-17,3.1009335e-21,2.6611043e-14,5.3643786e-12,1.0,0.0,8.240541e-15,7.1472064e-28
EFT:2.2371284e-11,3.5638184e-29,8.920003e-17,3.1009216e-21,2.6611043e-14,5.3643583e-12,1.0,0.0,8.240541e-15,7.1472064e-28
Random501
Raw:2.2371284e-11,3.5638184e-29,8.9200365e-17,3.1009216e-21,2.6611043e-14,5.3643583e-12,1.0,0.0,8.240541e-15,7.1472064e-28
EFT:2.2371284e-11,3.5638184e-29,8.920003e-17,3.1009216e-21,2.6611043e-14,5.3643583e-12,1.0,0.0,8.240541e-15,7.1472064e-28
Random502
Raw:2.2371369e-11,3.5638455e-29,8.9201046e-17,3.100969e-21,2.6611246e-14,5.3643786e-12,1.0,0.0,8.240573e-15,7.1472883e-28
EFT:2.2371284e-11,3.5638184e-29,8.920003e-17,3.1009216e-21,2.6611043e-14,5.3643583e-12,1.0,0.0,8.240541e-15,7.1472064e-28
Random503
Raw:2.2371029e-11,3.5637366e-29,8.9199e-17,3.1008743e-21,2.6610738e-14,5.364297e-12,1.0,0.0,8.240415e-15,7.147043e-28
EFT:2.2371284e-11,3.5638184e-29,8.920003e-17,3.1009216e-21,2.6611043e-14,5.3643583e-12,1.0,0.0,8.240541e-15,7.1472064e-28
Random504
Raw:2.2371369e-11,3.5638184e-29,8.920071e-17,3.1009335e-21,2.6611043e-14,5.3643786e-12,1.0,0.0,8.240541e-15,7.1472064e-28
EFT:2.2371284e-11,3.5638184e-29,8.920003e-17,3.1009216e-21,2.6611043e-14,5.3643583e-12,1.0,0.0,8.240541e-15,7.1472064e-28
Random505
Raw:2.2371369e-11,3.5638184e-29,8.920071e-17,3.1009335e-21,2.6611144e-14,5.3643786e-12,1.0,0.0,8.240541e-15,7.1472064e-28
EFT:2.2371284e-11,3.5638184e-29,8.920003e-17,3.1009216e-21,2.6611043e-14,5.3643583e-12,1.0,0.0,8.240541e-15,7.1472064e-28
Random506
Raw:2.2371369e-11,3.5638184e-29,8.9200365e-17,3.1009454e-21,2.6611043e-14,5.3643786e-12,1.0,0.0,8.24051e-15,7.1472064e-28
EFT:2.2371284e-11,3.5638184e-29,8.920003e-17,3.1009216e-21,2.6611043e-14,5.3643583e-12,1.0,0.0,8.240541e-15,7.1472064e-28
Random507
Raw:2.2371284e-11,3.5638184e-29,8.9200365e-17,3.1009216e-21,2.6611043e-14,5.3643583e-12,1.0,0.0,8.24051e-15,7.1472064e-28
EFT:2.2371284e-11,3.5638184e-29,8.920003e-17,3.1009216e-21,2.6611043e-14,5.3643583e-12,1.0,0.0,8.240541e-15,7.1472064e-28
Random508
Raw:2.237154e-11,3.5638726e-29,8.9201384e-17,3.1009927e-21,2.6611348e-14,5.36442e-12,1.0,0.0,8.240604e-15,7.1473427e-28
EFT:2.2371284e-11,3.5638184e-29,8.920003e-17,3.1009216e-21,2.6611043e-14,5.3643583e-12,1.0,0.0,8.240541e-15,7.1472064e-28
Random509
Raw:2.2371369e-11,3.5638184e-29,8.920071e-17,3.1009454e-21,2.6611144e-14,5.3643583e-12,1.0,0.0,8.240541e-15,7.1472613e-28
EFT:2.2371284e-11,3.5638184e-29,8.920003e-17,3.1009216e-21,2.6611043e-14,5.3643583e-12,1.0,0.0,8.240541e-15,7.1472064e-28
Random510
Raw:2.2371455e-11,3.5638455e-29,8.920071e-17,3.1009454e-21,2.6611144e-14,5.3643786e-12,1.0,0.0,8.240573e-15,7.1472613e-28
EFT:2.2371284e-11,3.5638184e-29,8.920003e-17,3.1009216e-21,2.6611043e-14,5.3643583e-12,1.0,0.0,8.240541e-15,7.1472064e-28
Random511
Raw:2.2371284e-11,3.563764e-29,8.920003e-17,3.100898e-21,2.6610941e-14,5.364338e-12,1.0,0.0,8.240479e-15,7.1470976e-28
EFT:2.2371284e-11,3.5638184e-29,8.920003e-17,3.1009216e-21,2.6611043e-14,5.3643583e-12,1.0,0.0,8.240541e-15,7.1472064e-28
Random512
Raw:2.2371455e-11,3.5638726e-29,8.9201046e-17,3.1009571e-21,2.6611246e-14,5.3643995e-12,1.0,0.0,8.240604e-15,7.1472883e-28
EFT:2.2371284e-11,3.5638184e-29,8.920003e-17,3.1009216e-21,2.6611043e-14,5.3643583e-12,1.0,0.0,8.240541e-15,7.1472064e-28
Random513
Raw:2.2371284e-11,3.563791e-29,8.9200365e-17,3.1009216e-21,2.6611043e-14,5.3643583e-12,1.0,0.0,8.24051e-15,7.147152e-28
EFT:2.2371284e-11,3.5638184e-29,8.920003e-17,3.1009216e-21,2.6611043e-14,5.3643583e-12,1.0,0.0,8.240541e-15,7.1472064e-28
Random514
Raw:2.2371455e-11,3.5638455e-29,8.9201046e-17,3.1009454e-21,2.6611144e-14,5.3643786e-12,1.0,0.0,8.240573e-15,7.1472613e-28
EFT:2.2371284e-11,3.5638184e-29,8.920003e-17,3.1009216e-21,2.6611043e-14,5.3643583e-12,1.0,0.0,8.240541e-15,7.1472064e-28
Random515
Raw:2.2371369e-11,3.5638184e-29,8.9200365e-17,3.1009335e-21,2.6611043e-14,5.3643786e-12,1.0,0.0,8.24051e-15,7.1472064e-28
EFT:2.2371284e-11,3.5638184e-29,8.920003e-17,3.1009216e-21,2.6611043e-14,5.3643583e-12,1.0,0.0,8.240541e-15,7.1472064e-28
Random516
Raw:2.2371284e-11,3.5638184e-29,8.920003e-17,3.1009216e-21,2.6611043e-14,5.3643583e-12,1.0,0.0,8.24051e-15,7.1472064e-28
EFT:2.2371284e-11,3.5638184e-29,8.920003e-17,3.1009216e-21,2.6611043e-14,5.3643583e-12,1.0,0.0,8.240541e-15,7.1472064e-28
Random517
Raw:2.2371369e-11,3.5638455e-29,8.9200365e-17,3.1009454e-21,2.6611043e-14,5.3643583e-12,1.0,0.0,8.24051e-15,7.147234e-28
EFT:2.2371284e-11,3.5638184e-29,8.920003e-17,3.1009216e-21,2.6611043e-14,5.3643583e-12,1.0,0.0,8.240541e-15,7.1472064e-28
Random518
Raw:2.2371369e-11,3.5638455e-29,8.920071e-17,3.1009454e-21,2.6611043e-14,5.3643583e-12,1.0,0.0,8.240541e-15,7.147234e-28
EFT:2.2371284e-11,3.5638184e-29,8.920003e-17,3.1009216e-21,2.6611043e-14,5.3643583e-12,1.0,0.0,8.240541e-15,7.1472064e-28
Random519
Raw:2.2371369e-11,3.5638455e-29,8.9200365e-17,3.1009454e-21,2.6611043e-14,5.3643583e-12,1.0,0.0,8.240541e-15,7.147234e-28
EFT:2.2371284e-11,3.5638184e-29,8.920003e-17,3.1009216e-21,2.6611043e-14,5.3643583e-12,1.0,0.0,8.240541e-15,7.1472064e-28
Random520
Raw:2.2371114e-11,3.563764e-29,8.919968e-17,3.1008863e-21,2.661084e-14,5.3643175e-12,1.0,0.0,8.2404464e-15,7.1470976e-28
EFT:2.2371284e-11,3.5638184e-29,8.920003e-17,3.1009216e-21,2.6611043e-14,5.3643583e-12,1.0,0.0,8.240541e-15,7.1472064e-28
Random521
Raw:2.2371284e-11,3.5638184e-29,8.9200365e-17,3.1009216e-21,2.6611043e-14,5.3643583e-12,1.0,0.0,8.240541e-15,7.1472064e-28
EFT:2.2371284e-11,3.5638184e-29,8.920003e-17,3.1009216e-21,2.6611043e-14,5.3643583e-12,1.0,0.0,8.240541e-15,7.1472064e-28
Random522
Raw:2.2371284e-11,3.5638455e-29,8.9200365e-17,3.1009454e-21,2.6611043e-14,5.3643583e-12,1.0,0.0,8.24051e-15,7.147234e-28
EFT:2.2371284e-11,3.5638184e-29,8.920003e-17,3.1009216e-21,2.6611043e-14,5.3643583e-12,1.0,0.0,8.240541e-15,7.1472064e-28
Random523
Raw:2.2371369e-11,3.5638184e-29,8.9200365e-17,3.1009335e-21,2.6611043e-14,5.3643786e-12,1.0,0.0,8.24051e-15,7.1472064e-28
EFT:2.2371284e-11,3.5638184e-29,8.920003e-17,3.1009216e-21,2.6611043e-14,5.3643583e-12,1.0,0.0,8.240541e-15,7.1472064e-28
Random524
Raw:2.2371455e-11,3.5638726e-29,8.9201384e-17,3.1009571e-21,2.6611246e-14,5.3643995e-12,1.0,0.0,8.240604e-15,7.1472883e-28
EFT:2.2371284e-11,3.5638184e-29,8.920003e-17,3.1009216e-21,2.6611043e-14,5.3643583e-12,1.0,0.0,8.240541e-15,7.1472064e-28
Random525
Raw:2.2371284e-11,3.5638184e-29,8.920003e-17,3.1009216e-21,2.6611043e-14,5.3643583e-12,1.0,0.0,8.24051e-15,7.1472064e-28
EFT:2.2371284e-11,3.5638184e-29,8.920003e-17,3.1009216e-21,2.6611043e-14,5.3643583e-12,1.0,0.0,8.240541e-15,7.1472064e-28
Random526
Raw:2.2371455e-11,3.5638455e-29,8.9201046e-17,3.1009454e-21,2.6611144e-14,5.3643786e-12,1.0,0.0,8.240573e-15,7.1472613e-28
EFT:2.2371284e-11,3.5638184e-29,8.920003e-17,3.1009216e-21,2.6611043e-14,5.3643583e-12,1.0,0.0,8.240541e-15,7.1472064e-28
Random527
Raw:2.2371114e-11,3.563791e-29,8.919968e-17,3.100898e-21,2.6610941e-14,5.3643175e-12,1.0,0.0,8.240479e-15,7.147152e-28
EFT:2.2371284e-11,3.5638184e-29,8.920003e-17,3.1009216e-21,2.6611043e-14,5.3643583e-12,1.0,0.0,8.240541e-15,7.1472064e-28
Random528
Raw:2.2371369e-11,3.5638455e-29,8.9200365e-17,3.1009454e-21,2.6611043e-14,5.3643583e-12,1.0,0.0,8.24051e-15,7.147234e-28
EFT:2.2371284e-11,3.5638184e-29,8.920003e-17,3.1009216e-21,2.6611043e-14,5.3643583e-12,1.0,0.0,8.240541e-15,7.1472064e-28
Random529
Raw:2.2371114e-11,3.563764e-29,8.9199e-17,3.1008743e-21,2.6610738e-14,5.364297e-12,1.0,0.0,8.2404464e-15,7.147043e-28
EFT:2.2371284e-11,3.5638184e-29,8.920003e-17,3.1009216e-21,2.6611043e-14,5.3643583e-12,1.0,0.0,8.240541e-15,7.1472064e-28
Random530
Raw:2.2371455e-11,3.5638455e-29,8.920071e-17,3.1009454e-21,2.6611144e-14,5.3643786e-12,1.0,0.0,8.240541e-15,7.1472613e-28
EFT:2.2371284e-11,3.5638184e-29,8.920003e-17,3.1009216e-21,2.6611043e-14,5.3643583e-12,1.0,0.0,8.240541e-15,7.1472064e-28
Random531
Raw:2.2371114e-11,3.563764e-29,8.919968e-17,3.1008863e-21,2.661084e-14,5.3643175e-12,1.0,0.0,8.2404464e-15,7.1470976e-28
EFT:2.2371284e-11,3.5638184e-29,8.920003e-17,3.1009216e-21,2.6611043e-14,5.3643583e-12,1.0,0.0,8.240541e-15,7.1472064e-28
Random532
Raw:2.2371455e-11,3.5638455e-29,8.9201046e-17,3.1009454e-21,2.6611144e-14,5.3643786e-12,1.0,0.0,8.240573e-15,7.1472613e-28
EFT:2.2371284e-11,3.5638184e-29,8.920003e-17,3.1009216e-21,2.6611043e-14,5.3643583e-12,1.0,0.0,8.240541e-15,7.1472064e-28
Random533
Raw:2.2371284e-11,3.5638184e-29,8.9200365e-17,3.1009216e-21,2.6611043e-14,5.3643583e-12,1.0,0.0,8.240541e-15,7.1472064e-28
EFT:2.2371284e-11,3.5638184e-29,8.920003e-17,3.1009216e-21,2.6611043e-14,5.3643583e-12,1.0,0.0,8.240541e-15,7.1472064e-28
Random534
Raw:2.2371029e-11,3.5637366e-29,8.9199e-17,3.1008743e-21,2.6610738e-14,5.3642767e-12,1.0,0.0,8.240415e-15,7.147043e-28
EFT:2.2371284e-11,3.5638184e-29,8.920003e-17,3.1009216e-21,2.6611043e-14,5.3643583e-12,1.0,0.0,8.240541e-15,7.1472064e-28
Random535
Raw:2.2371029e-11,3.5637366e-29,8.9199e-17,3.1008743e-21,2.6610738e-14,5.3642767e-12,1.0,0.0,8.240415e-15,7.147043e-28
EFT:2.2371284e-11,3.5638184e-29,8.920003e-17,3.1009216e-21,2.6611043e-14,5.3643583e-12,1.0,0.0,8.240541e-15,7.1472064e-28
Random536
Raw:2.2371284e-11,3.5638184e-29,8.920003e-17,3.1009216e-21,2.6611043e-14,5.3643583e-12,1.0,0.0,8.240541e-15,7.1472064e-28
EFT:2.2371284e-11,3.5638184e-29,8.920003e-17,3.1009216e-21,2.6611043e-14,5.3643583e-12,1.0,0.0,8.240541e-15,7.1472064e-28
Random537
Raw:2.2371284e-11,3.563791e-29,8.9200365e-17,3.1009216e-21,2.6610941e-14,5.3643583e-12,1.0,0.0,8.24051e-15,7.147152e-28
EFT:2.2371284e-11,3.5638184e-29,8.920003e-17,3.1009216e-21,2.6611043e-14,5.3643583e-12,1.0,0.0,8.240541e-15,7.1472064e-28
Random538
Raw:2.2371284e-11,3.5638184e-29,8.920003e-17,3.1009216e-21,2.6611043e-14,5.3643583e-12,1.0,0.0,8.240541e-15,7.1472064e-28
EFT:2.2371284e-11,3.5638184e-29,8.920003e-17,3.1009216e-21,2.6611043e-14,5.3643583e-12,1.0,0.0,8.240541e-15,7.1472064e-28
Random539
Raw:2.237154e-11,3.5638726e-29,8.920173e-17,3.1009927e-21,2.6611448e-14,5.36442e-12,1.0,0.0,8.240635e-15,7.1473427e-28
EFT:2.2371284e-11,3.5638184e-29,8.920003e-17,3.1009216e-21,2.6611043e-14,5.3643583e-12,1.0,0.0,8.240541e-15,7.1472064e-28
Random540
Raw:2.2371284e-11,3.5638184e-29,8.920003e-17,3.1009216e-21,2.6611043e-14,5.3643583e-12,1.0,0.0,8.24051e-15,7.1472064e-28
EFT:2.2371284e-11,3.5638184e-29,8.920003e-17,3.1009216e-21,2.6611043e-14,5.3643583e-12,1.0,0.0,8.240541e-15,7.1472064e-28
Random541
Raw:2.2371284e-11,3.5638184e-29,8.9200365e-17,3.1009454e-21,2.6611043e-14,5.3643583e-12,1.0,0.0,8.24051e-15,7.147234e-28
EFT:2.2371284e-11,3.5638184e-29,8.920003e-17,3.1009216e-21,2.6611043e-14,5.3643583e-12,1.0,0.0,8.240541e-15,7.1472064e-28
Random542
Raw:2.2371114e-11,3.563791e-29,8.919968e-17,3.100898e-21,2.6610941e-14,5.364338e-12,1.0,0.0,8.240479e-15,7.147152e-28
EFT:2.2371284e-11,3.5638184e-29,8.920003e-17,3.1009216e-21,2.6611043e-14,5.3643583e-12,1.0,0.0,8.240541e-15,7.1472064e-28
Random543
Raw:2.2371199e-11,3.563791e-29,8.920003e-17,3.1009216e-21,2.6610941e-14,5.3643583e-12,1.0,0.0,8.240479e-15,7.147152e-28
EFT:2.2371284e-11,3.5638184e-29,8.920003e-17,3.1009216e-21,2.6611043e-14,5.3643583e-12,1.0,0.0,8.240541e-15,7.1472064e-28
Random544
Raw:2.237154e-11,3.5638455e-29,8.9201384e-17,3.100969e-21,2.6611348e-14,5.3643995e-12,1.0,0.0,8.240604e-15,7.1473157e-28
EFT:2.2371284e-11,3.5638184e-29,8.920003e-17,3.1009216e-21,2.6611043e-14,5.3643583e-12,1.0,0.0,8.240541e-15,7.1472064e-28
Random545
Raw:2.2371114e-11,3.5637366e-29,8.9199e-17,3.1008743e-21,2.6610738e-14,5.364297e-12,1.0,0.0,8.240415e-15,7.147043e-28
EFT:2.2371284e-11,3.5638184e-29,8.920003e-17,3.1009216e-21,2.6611043e-14,5.3643583e-12,1.0,0.0,8.240541e-15,7.1472064e-28
Random546
Raw:2.2371369e-11,3.5638184e-29,8.9200365e-17,3.1009454e-21,2.6611043e-14,5.3643786e-12,1.0,0.0,8.24051e-15,7.1472064e-28
EFT:2.2371284e-11,3.5638184e-29,8.920003e-17,3.1009216e-21,2.6611043e-14,5.3643583e-12,1.0,0.0,8.240541e-15,7.1472064e-28
Random547
Raw:2.2371199e-11,3.563764e-29,8.919968e-17,3.100898e-21,2.661084e-14,5.3643175e-12,1.0,0.0,8.240479e-15,7.1470976e-28
EFT:2.2371284e-11,3.5638184e-29,8.920003e-17,3.1009216e-21,2.6611043e-14,5.3643583e-12,1.0,0.0,8.240541e-15,7.1472064e-28
Random548
Raw:2.2371284e-11,3.5638184e-29,8.920003e-17,3.1009216e-21,2.6611043e-14,5.3643583e-12,1.0,0.0,8.24051e-15,7.1472064e-28
EFT:2.2371284e-11,3.5638184e-29,8.920003e-17,3.1009216e-21,2.6611043e-14,5.3643583e-12,1.0,0.0,8.240541e-15,7.1472064e-28
Random549
Raw:2.2371455e-11,3.5638455e-29,8.920071e-17,3.1009454e-21,2.6611144e-14,5.3643786e-12,1.0,0.0,8.240541e-15,7.1472613e-28
EFT:2.2371284e-11,3.5638184e-29,8.920003e-17,3.1009216e-21,2.6611043e-14,5.3643583e-12,1.0,0.0,8.240541e-15,7.1472064e-28
Random550
Raw:2.2371369e-11,3.5638184e-29,8.920071e-17,3.1009335e-21,2.6611043e-14,5.3643786e-12,1.0,0.0,8.240541e-15,7.1472064e-28
EFT:2.2371284e-11,3.5638184e-29,8.920003e-17,3.1009216e-21,2.6611043e-14,5.3643583e-12,1.0,0.0,8.240541e-15,7.1472064e-28
Random551
Raw:2.2371455e-11,3.5638455e-29,8.920071e-17,3.1009454e-21,2.6611144e-14,5.3643786e-12,1.0,0.0,8.240541e-15,7.1472613e-28
EFT:2.2371284e-11,3.5638184e-29,8.920003e-17,3.1009216e-21,2.6611043e-14,5.3643583e-12,1.0,0.0,8.240541e-15,7.1472064e-28
Random552
Raw:2.2371369e-11,3.5638184e-29,8.920071e-17,3.1009454e-21,2.6611144e-14,5.3643583e-12,1.0,0.0,8.240541e-15,7.1472613e-28
EFT:2.2371284e-11,3.5638184e-29,8.920003e-17,3.1009216e-21,2.6611043e-14,5.3643583e-12,1.0,0.0,8.240541e-15,7.1472064e-28
Random553
Raw:2.2371199e-11,3.5637366e-29,8.9199346e-17,3.1008863e-21,2.6610738e-14,5.3643175e-12,1.0,0.0,8.2404464e-15,7.14707e-28
EFT:2.2371284e-11,3.5638184e-29,8.920003e-17,3.1009216e-21,2.6611043e-14,5.3643583e-12,1.0,0.0,8.240541e-15,7.1472064e-28
Random554
Raw:2.2371369e-11,3.5638184e-29,8.9200365e-17,3.1009335e-21,2.6611043e-14,5.3643786e-12,1.0,0.0,8.24051e-15,7.1472064e-28
EFT:2.2371284e-11,3.5638184e-29,8.920003e-17,3.1009216e-21,2.6611043e-14,5.3643583e-12,1.0,0.0,8.240541e-15,7.1472064e-28
Random555
Raw:2.2371369e-11,3.5638455e-29,8.920071e-17,3.1009454e-21,2.6611043e-14,5.3643583e-12,1.0,0.0,8.240541e-15,7.147234e-28
EFT:2.2371284e-11,3.5638184e-29,8.920003e-17,3.1009216e-21,2.6611043e-14,5.3643583e-12,1.0,0.0,8.240541e-15,7.1472064e-28
Random556
Raw:2.2371199e-11,3.563764e-29,8.919968e-17,3.100898e-21,2.661084e-14,5.3643175e-12,1.0,0.0,8.240479e-15,7.1470976e-28
EFT:2.2371284e-11,3.5638184e-29,8.920003e-17,3.1009216e-21,2.6611043e-14,5.3643583e-12,1.0,0.0,8.240541e-15,7.1472064e-28
Random557
Raw:2.2371369e-11,3.5638455e-29,8.9200365e-17,3.1009454e-21,2.6611043e-14,5.3643583e-12,1.0,0.0,8.24051e-15,7.147234e-28
EFT:2.2371284e-11,3.5638184e-29,8.920003e-17,3.1009216e-21,2.6611043e-14,5.3643583e-12,1.0,0.0,8.240541e-15,7.1472064e-28
Random558
Raw:2.2371284e-11,3.5638184e-29,8.920003e-17,3.1009216e-21,2.6611043e-14,5.3643583e-12,1.0,0.0,8.24051e-15,7.1472064e-28
EFT:2.2371284e-11,3.5638184e-29,8.920003e-17,3.1009216e-21,2.6611043e-14,5.3643583e-12,1.0,0.0,8.240541e-15,7.1472064e-28
Random559
Raw:2.2371199e-11,3.563764e-29,8.919968e-17,3.1008863e-21,2.661084e-14,5.364338e-12,1.0,0.0,8.240479e-15,7.1470976e-28
EFT:2.2371284e-11,3.5638184e-29,8.920003e-17,3.1009216e-21,2.6611043e-14,5.3643583e-12,1.0,0.0,8.240541e-15,7.1472064e-28
Random560
Raw:2.2371369e-11,3.5638455e-29,8.920071e-17,3.1009454e-21,2.6611043e-14,5.3643583e-12,1.0,0.0,8.240541e-15,7.147234e-28
EFT:2.2371284e-11,3.5638184e-29,8.920003e-17,3.1009216e-21,2.6611043e-14,5.3643583e-12,1.0,0.0,8.240541e-15,7.1472064e-28
Random561
Raw:2.2371369e-11,3.5638184e-29,8.920071e-17,3.1009335e-21,2.6611043e-14,5.3643786e-12,1.0,0.0,8.240541e-15,7.1472064e-28
EFT:2.2371284e-11,3.5638184e-29,8.920003e-17,3.1009216e-21,2.6611043e-14,5.3643583e-12,1.0,0.0,8.240541e-15,7.1472064e-28
Random562
Raw:2.2371369e-11,3.5638455e-29,8.9200365e-17,3.1009454e-21,2.6611043e-14,5.3643583e-12,1.0,0.0,8.24051e-15,7.147234e-28
EFT:2.2371284e-11,3.5638184e-29,8.920003e-17,3.1009216e-21,2.6611043e-14,5.3643583e-12,1.0,0.0,8.240541e-15,7.1472064e-28
Random563
Raw:2.2371284e-11,3.5638184e-29,8.920003e-17,3.1009216e-21,2.6611043e-14,5.3643583e-12,1.0,0.0,8.240541e-15,7.1472064e-28
EFT:2.2371284e-11,3.5638184e-29,8.920003e-17,3.1009216e-21,2.6611043e-14,5.3643583e-12,1.0,0.0,8.240541e-15,7.1472064e-28
Random564
Raw:2.2371369e-11,3.5638184e-29,8.9200365e-17,3.1009335e-21,2.6611043e-14,5.3643786e-12,1.0,0.0,8.24051e-15,7.1472064e-28
EFT:2.2371284e-11,3.5638184e-29,8.920003e-17,3.1009216e-21,2.6611043e-14,5.3643583e-12,1.0,0.0,8.240541e-15,7.1472064e-28
Random565
Raw:2.2371284e-11,3.5638184e-29,8.920003e-17,3.1009335e-21,2.6611043e-14,5.3643583e-12,1.0,0.0,8.24051e-15,7.1472064e-28
EFT:2.2371284e-11,3.5638184e-29,8.920003e-17,3.1009216e-21,2.6611043e-14,5.3643583e-12,1.0,0.0,8.240541e-15,7.1472064e-28
Random566
Raw:2.2371455e-11,3.5638455e-29,8.920071e-17,3.1009454e-21,2.6611144e-14,5.3643786e-12,1.0,0.0,8.240541e-15,7.1472613e-28
EFT:2.2371284e-11,3.5638184e-29,8.920003e-17,3.1009216e-21,2.6611043e-14,5.3643583e-12,1.0,0.0,8.240541e-15,7.1472064e-28
Random567
Raw:2.2371369e-11,3.5638184e-29,8.920071e-17,3.1009335e-21,2.6611043e-14,5.3643786e-12,1.0,0.0,8.240541e-15,7.1472064e-28
EFT:2.2371284e-11,3.5638184e-29,8.920003e-17,3.1009216e-21,2.6611043e-14,5.3643583e-12,1.0,0.0,8.240541e-15,7.1472064e-28
Random568
Raw:2.2371369e-11,3.5638455e-29,8.920071e-17,3.1009454e-21,2.6611043e-14,5.3643583e-12,1.0,0.0,8.240541e-15,7.147234e-28
EFT:2.2371284e-11,3.5638184e-29,8.920003e-17,3.1009216e-21,2.6611043e-14,5.3643583e-12,1.0,0.0,8.240541e-15,7.1472064e-28
Random569
Raw:2.2371369e-11,3.5638184e-29,8.920071e-17,3.1009335e-21,2.6611043e-14,5.3643786e-12,1.0,0.0,8.240541e-15,7.1472064e-28
EFT:2.2371284e-11,3.5638184e-29,8.920003e-17,3.1009216e-21,2.6611043e-14,5.3643583e-12,1.0,0.0,8.240541e-15,7.1472064e-28
Random570
Raw:2.2371369e-11,3.5638184e-29,8.920071e-17,3.1009335e-21,2.6611043e-14,5.3643786e-12,1.0,0.0,8.240541e-15,7.1472064e-28
EFT:2.2371284e-11,3.5638184e-29,8.920003e-17,3.1009216e-21,2.6611043e-14,5.3643583e-12,1.0,0.0,8.240541e-15,7.1472064e-28
Random571
Raw:2.2371284e-11,3.5638184e-29,8.9200365e-17,3.1009454e-21,2.6611043e-14,5.3643583e-12,1.0,0.0,8.24051e-15,7.1472064e-28
EFT:2.2371284e-11,3.5638184e-29,8.920003e-17,3.1009216e-21,2.6611043e-14,5.3643583e-12,1.0,0.0,8.240541e-15,7.1472064e-28
Random572
Raw:2.2371369e-11,3.5638184e-29,8.9200365e-17,3.1009335e-21,2.6611043e-14,5.3643786e-12,1.0,0.0,8.240541e-15,7.1472064e-28
EFT:2.2371284e-11,3.5638184e-29,8.920003e-17,3.1009216e-21,2.6611043e-14,5.3643583e-12,1.0,0.0,8.240541e-15,7.1472064e-28
Random573
Raw:2.2371369e-11,3.5638184e-29,8.920071e-17,3.1009335e-21,2.6611043e-14,5.3643786e-12,1.0,0.0,8.240541e-15,7.1472064e-28
EFT:2.2371284e-11,3.5638184e-29,8.920003e-17,3.1009216e-21,2.6611043e-14,5.3643583e-12,1.0,0.0,8.240541e-15,7.1472064e-28
Random574
Raw:2.2371284e-11,3.563764e-29,8.920003e-17,3.100898e-21,2.6611043e-14,5.364338e-12,1.0,0.0,8.240479e-15,7.1470976e-28
EFT:2.2371284e-11,3.5638184e-29,8.920003e-17,3.1009216e-21,2.6611043e-14,5.3643583e-12,1.0,0.0,8.240541e-15,7.1472064e-28
Random575
Raw:2.2371455e-11,3.5638455e-29,8.9201046e-17,3.100969e-21,2.6611246e-14,5.3643995e-12,1.0,0.0,8.240573e-15,7.1472613e-28
EFT:2.2371284e-11,3.5638184e-29,8.920003e-17,3.1009216e-21,2.6611043e-14,5.3643583e-12,1.0,0.0,8.240541e-15,7.1472064e-28
Random576
Raw:2.2371114e-11,3.563764e-29,8.919968e-17,3.1008863e-21,2.661084e-14,5.364338e-12,1.0,0.0,8.2404464e-15,7.1470976e-28
EFT:2.2371284e-11,3.5638184e-29,8.920003e-17,3.1009216e-21,2.6611043e-14,5.3643583e-12,1.0,0.0,8.240541e-15,7.1472064e-28
Random577
Raw:2.2371369e-11,3.5638455e-29,8.9200365e-17,3.1009454e-21,2.6611043e-14,5.3643583e-12,1.0,0.0,8.24051e-15,7.147234e-28
EFT:2.2371284e-11,3.5638184e-29,8.920003e-17,3.1009216e-21,2.6611043e-14,5.3643583e-12,1.0,0.0,8.240541e-15,7.1472064e-28
Random578
Raw:2.2371284e-11,3.5638184e-29,8.920003e-17,3.1009335e-21,2.6611043e-14,5.3643583e-12,1.0,0.0,8.24051e-15,7.1472064e-28
EFT:2.2371284e-11,3.5638184e-29,8.920003e-17,3.1009216e-21,2.6611043e-14,5.3643583e-12,1.0,0.0,8.240541e-15,7.1472064e-28
Random579
Raw:2.2371369e-11,3.5638184e-29,8.9200365e-17,3.1009335e-21,2.6611043e-14,5.3643786e-12,1.0,0.0,8.24051e-15,7.1472064e-28
EFT:2.2371284e-11,3.5638184e-29,8.920003e-17,3.1009216e-21,2.6611043e-14,5.3643583e-12,1.0,0.0,8.240541e-15,7.1472064e-28
Random580
Raw:2.2371369e-11,3.5638455e-29,8.920071e-17,3.1009454e-21,2.6611043e-14,5.3643583e-12,1.0,0.0,8.240541e-15,7.147234e-28
EFT:2.2371284e-11,3.5638184e-29,8.920003e-17,3.1009216e-21,2.6611043e-14,5.3643583e-12,1.0,0.0,8.240541e-15,7.1472064e-28
Random581
Raw:2.2371284e-11,3.5638184e-29,8.920003e-17,3.1009335e-21,2.6611043e-14,5.3643583e-12,1.0,0.0,8.24051e-15,7.1472064e-28
EFT:2.2371284e-11,3.5638184e-29,8.920003e-17,3.1009216e-21,2.6611043e-14,5.3643583e-12,1.0,0.0,8.240541e-15,7.1472064e-28
Random582
Raw:2.2371369e-11,3.5638184e-29,8.920071e-17,3.1009335e-21,2.6611043e-14,5.3643786e-12,1.0,0.0,8.240541e-15,7.1472064e-28
EFT:2.2371284e-11,3.5638184e-29,8.920003e-17,3.1009216e-21,2.6611043e-14,5.3643583e-12,1.0,0.0,8.240541e-15,7.1472064e-28
Random583
Raw:2.2371284e-11,3.563791e-29,8.920003e-17,3.1009216e-21,2.6610941e-14,5.3643583e-12,1.0,0.0,8.240479e-15,7.147152e-28
EFT:2.2371284e-11,3.5638184e-29,8.920003e-17,3.1009216e-21,2.6611043e-14,5.3643583e-12,1.0,0.0,8.240541e-15,7.1472064e-28
Random584
Raw:2.2371369e-11,3.5638184e-29,8.920071e-17,3.1009335e-21,2.6611043e-14,5.3643786e-12,1.0,0.0,8.240541e-15,7.1472064e-28
EFT:2.2371284e-11,3.5638184e-29,8.920003e-17,3.1009216e-21,2.6611043e-14,5.3643583e-12,1.0,0.0,8.240541e-15,7.1472064e-28
Random585
Raw:2.2371369e-11,3.5638455e-29,8.9201046e-17,3.100969e-21,2.6611246e-14,5.3643786e-12,1.0,0.0,8.240573e-15,7.1472883e-28
EFT:2.2371284e-11,3.5638184e-29,8.920003e-17,3.1009216e-21,2.6611043e-14,5.3643583e-12,1.0,0.0,8.240541e-15,7.1472064e-28
Random586
Raw:2.2371369e-11,3.5638455e-29,8.9200365e-17,3.1009454e-21,2.6611043e-14,5.3643583e-12,1.0,0.0,8.24051e-15,7.147234e-28
EFT:2.2371284e-11,3.5638184e-29,8.920003e-17,3.1009216e-21,2.6611043e-14,5.3643583e-12,1.0,0.0,8.240541e-15,7.1472064e-28
Random587
Raw:2.2371114e-11,3.563764e-29,8.919968e-17,3.1008863e-21,2.661084e-14,5.364338e-12,1.0,0.0,8.2404464e-15,7.1470976e-28
EFT:2.2371284e-11,3.5638184e-29,8.920003e-17,3.1009216e-21,2.6611043e-14,5.3643583e-12,1.0,0.0,8.240541e-15,7.1472064e-28
Random588
Raw:2.2371199e-11,3.5638184e-29,8.920003e-17,3.1009335e-21,2.6611043e-14,5.364338e-12,1.0,0.0,8.24051e-15,7.1472064e-28
EFT:2.2371284e-11,3.5638184e-29,8.920003e-17,3.1009216e-21,2.6611043e-14,5.3643583e-12,1.0,0.0,8.240541e-15,7.1472064e-28
Random589
Raw:2.237154e-11,3.5639e-29,8.9201384e-17,3.100969e-21,2.6611348e-14,5.36442e-12,1.0,0.0,8.240604e-15,7.1473427e-28
EFT:2.2371284e-11,3.5638184e-29,8.920003e-17,3.1009216e-21,2.6611043e-14,5.3643583e-12,1.0,0.0,8.240541e-15,7.1472064e-28
Random590
Raw:2.2371284e-11,3.5638184e-29,8.9200365e-17,3.1009454e-21,2.6611043e-14,5.3643583e-12,1.0,0.0,8.24051e-15,7.1472064e-28
EFT:2.2371284e-11,3.5638184e-29,8.920003e-17,3.1009216e-21,2.6611043e-14,5.3643583e-12,1.0,0.0,8.240541e-15,7.1472064e-28
Random591
Raw:2.2371284e-11,3.5638184e-29,8.920003e-17,3.1009216e-21,2.6611043e-14,5.3643583e-12,1.0,0.0,8.24051e-15,7.1472064e-28
EFT:2.2371284e-11,3.5638184e-29,8.920003e-17,3.1009216e-21,2.6611043e-14,5.3643583e-12,1.0,0.0,8.240541e-15,7.1472064e-28
Random592
Raw:2.2371284e-11,3.563764e-29,8.920003e-17,3.100898e-21,2.6610941e-14,5.364338e-12,1.0,0.0,8.240479e-15,7.1470976e-28
EFT:2.2371284e-11,3.5638184e-29,8.920003e-17,3.1009216e-21,2.6611043e-14,5.3643583e-12,1.0,0.0,8.240541e-15,7.1472064e-28
Random593
Raw:2.2371284e-11,3.5638184e-29,8.9200365e-17,3.1009216e-21,2.6611144e-14,5.3643583e-12,1.0,0.0,8.240541e-15,7.1472064e-28
EFT:2.2371284e-11,3.5638184e-29,8.920003e-17,3.1009216e-21,2.6611043e-14,5.3643583e-12,1.0,0.0,8.240541e-15,7.1472064e-28
Random594
Raw:2.2371284e-11,3.563791e-29,8.920003e-17,3.1009216e-21,2.6610941e-14,5.3643583e-12,1.0,0.0,8.24051e-15,7.147152e-28
EFT:2.2371284e-11,3.5638184e-29,8.920003e-17,3.1009216e-21,2.6611043e-14,5.3643583e-12,1.0,0.0,8.240541e-15,7.1472064e-28
Random595
Raw:2.2371455e-11,3.5638455e-29,8.9201046e-17,3.1009454e-21,2.6611144e-14,5.3643786e-12,1.0,0.0,8.240573e-15,7.1472613e-28
EFT:2.2371284e-11,3.5638184e-29,8.920003e-17,3.1009216e-21,2.6611043e-14,5.3643583e-12,1.0,0.0,8.240541e-15,7.1472064e-28
Random596
Raw:2.2371455e-11,3.5638455e-29,8.920071e-17,3.1009454e-21,2.6611144e-14,5.3643786e-12,1.0,0.0,8.240541e-15,7.1472613e-28
EFT:2.2371284e-11,3.5638184e-29,8.920003e-17,3.1009216e-21,2.6611043e-14,5.3643583e-12,1.0,0.0,8.240541e-15,7.1472064e-28
Random597
Raw:2.2371199e-11,3.563791e-29,8.920003e-17,3.100898e-21,2.6610941e-14,5.364338e-12,1.0,0.0,8.240479e-15,7.147152e-28
EFT:2.2371284e-11,3.5638184e-29,8.920003e-17,3.1009216e-21,2.6611043e-14,5.3643583e-12,1.0,0.0,8.240541e-15,7.1472064e-28
Random598
Raw:2.237154e-11,3.5639e-29,8.920173e-17,3.100969e-21,2.6611348e-14,5.36442e-12,1.0,0.0,8.240635e-15,7.1473427e-28
EFT:2.2371284e-11,3.5638184e-29,8.920003e-17,3.1009216e-21,2.6611043e-14,5.3643583e-12,1.0,0.0,8.240541e-15,7.1472064e-28
Random599
Raw:2.2371455e-11,3.5638726e-29,8.9201046e-17,3.1009571e-21,2.6611246e-14,5.3643995e-12,1.0,0.0,8.240573e-15,7.1472883e-28
EFT:2.2371284e-11,3.5638184e-29,8.920003e-17,3.1009216e-21,2.6611043e-14,5.3643583e-12,1.0,0.0,8.240541e-15,7.1472064e-28
Random600
Raw:2.2371369e-11,3.5638455e-29,8.9200365e-17,3.1009454e-21,2.6611043e-14,5.3643583e-12,1.0,0.0,8.24051e-15,7.147234e-28
EFT:2.2371284e-11,3.5638184e-29,8.920003e-17,3.1009216e-21,2.6611043e-14,5.3643583e-12,1.0,0.0,8.240541e-15,7.1472064e-28
Random601
Raw:2.237154e-11,3.5638455e-29,8.9201384e-17,3.100969e-21,2.6611246e-14,5.3643995e-12,1.0,0.0,8.240604e-15,7.1473157e-28
EFT:2.2371284e-11,3.5638184e-29,8.920003e-17,3.1009216e-21,2.6611043e-14,5.3643583e-12,1.0,0.0,8.240541e-15,7.1472064e-28
Random602
Raw:2.2371455e-11,3.5638455e-29,8.920071e-17,3.1009454e-21,2.6611144e-14,5.3643786e-12,1.0,0.0,8.240541e-15,7.1472613e-28
EFT:2.2371284e-11,3.5638184e-29,8.920003e-17,3.1009216e-21,2.6611043e-14,5.3643583e-12,1.0,0.0,8.240541e-15,7.1472064e-28
Random603
Raw:2.2371114e-11,3.563764e-29,8.9199e-17,3.1008743e-21,2.6610738e-14,5.364297e-12,1.0,0.0,8.2404464e-15,7.147043e-28
EFT:2.2371284e-11,3.5638184e-29,8.920003e-17,3.1009216e-21,2.6611043e-14,5.3643583e-12,1.0,0.0,8.240541e-15,7.1472064e-28
Random604
Raw:2.2371369e-11,3.5638184e-29,8.920071e-17,3.1009335e-21,2.6611043e-14,5.3643786e-12,1.0,0.0,8.240541e-15,7.1472064e-28
EFT:2.2371284e-11,3.5638184e-29,8.920003e-17,3.1009216e-21,2.6611043e-14,5.3643583e-12,1.0,0.0,8.240541e-15,7.1472064e-28
Random605
Raw:2.2371369e-11,3.5638455e-29,8.9200365e-17,3.1009454e-21,2.6611043e-14,5.3643583e-12,1.0,0.0,8.24051e-15,7.147234e-28
EFT:2.2371284e-11,3.5638184e-29,8.920003e-17,3.1009216e-21,2.6611043e-14,5.3643583e-12,1.0,0.0,8.240541e-15,7.1472064e-28
Random606
Raw:2.2371284e-11,3.5638184e-29,8.920003e-17,3.1009216e-21,2.6611043e-14,5.3643583e-12,1.0,0.0,8.24051e-15,7.1472064e-28
EFT:2.2371284e-11,3.5638184e-29,8.920003e-17,3.1009216e-21,2.6611043e-14,5.3643583e-12,1.0,0.0,8.240541e-15,7.1472064e-28
Random607
Raw:2.2371284e-11,3.5638184e-29,8.9200365e-17,3.1009216e-21,2.6611043e-14,5.3643583e-12,1.0,0.0,8.240541e-15,7.1472064e-28
EFT:2.2371284e-11,3.5638184e-29,8.920003e-17,3.1009216e-21,2.6611043e-14,5.3643583e-12,1.0,0.0,8.240541e-15,7.1472064e-28
Random608
Raw:2.2371369e-11,3.5638184e-29,8.920071e-17,3.1009335e-21,2.6611144e-14,5.3643786e-12,1.0,0.0,8.240541e-15,7.1472064e-28
EFT:2.2371284e-11,3.5638184e-29,8.920003e-17,3.1009216e-21,2.6611043e-14,5.3643583e-12,1.0,0.0,8.240541e-15,7.1472064e-28
Random609
Raw:2.2371455e-11,3.5638726e-29,8.9201046e-17,3.100969e-21,2.6611246e-14,5.3643995e-12,1.0,0.0,8.240573e-15,7.1472883e-28
EFT:2.2371284e-11,3.5638184e-29,8.920003e-17,3.1009216e-21,2.6611043e-14,5.3643583e-12,1.0,0.0,8.240541e-15,7.1472064e-28
Random610
Raw:2.2371199e-11,3.563791e-29,8.920003e-17,3.100898e-21,2.6610941e-14,5.364338e-12,1.0,0.0,8.240479e-15,7.147152e-28
EFT:2.2371284e-11,3.5638184e-29,8.920003e-17,3.1009216e-21,2.6611043e-14,5.3643583e-12,1.0,0.0,8.240541e-15,7.1472064e-28
Random611
Raw:2.2371455e-11,3.5638455e-29,8.920071e-17,3.1009454e-21,2.6611144e-14,5.3643786e-12,1.0,0.0,8.240541e-15,7.1472613e-28
EFT:2.2371284e-11,3.5638184e-29,8.920003e-17,3.1009216e-21,2.6611043e-14,5.3643583e-12,1.0,0.0,8.240541e-15,7.1472064e-28
Random612
Raw:2.2371369e-11,3.5638455e-29,8.9200365e-17,3.1009454e-21,2.6611043e-14,5.3643583e-12,1.0,0.0,8.24051e-15,7.147234e-28
EFT:2.2371284e-11,3.5638184e-29,8.920003e-17,3.1009216e-21,2.6611043e-14,5.3643583e-12,1.0,0.0,8.240541e-15,7.1472064e-28
Random613
Raw:2.2371455e-11,3.5638726e-29,8.9201046e-17,3.100969e-21,2.6611246e-14,5.3643995e-12,1.0,0.0,8.240573e-15,7.1472883e-28
EFT:2.2371284e-11,3.5638184e-29,8.920003e-17,3.1009216e-21,2.6611043e-14,5.3643583e-12,1.0,0.0,8.240541e-15,7.1472064e-28
Random614
Raw:2.2371199e-11,3.563764e-29,8.919968e-17,3.100898e-21,2.6610941e-14,5.3643175e-12,1.0,0.0,8.240479e-15,7.1470976e-28
EFT:2.2371284e-11,3.5638184e-29,8.920003e-17,3.1009216e-21,2.6611043e-14,5.3643583e-12,1.0,0.0,8.240541e-15,7.1472064e-28
Random615
Raw:2.2371369e-11,3.5638184e-29,8.9200365e-17,3.1009335e-21,2.6611043e-14,5.3643786e-12,1.0,0.0,8.24051e-15,7.1472064e-28
EFT:2.2371284e-11,3.5638184e-29,8.920003e-17,3.1009216e-21,2.6611043e-14,5.3643583e-12,1.0,0.0,8.240541e-15,7.1472064e-28
Random616
Raw:2.2371284e-11,3.5638184e-29,8.920003e-17,3.1009216e-21,2.6611043e-14,5.3643583e-12,1.0,0.0,8.240541e-15,7.1472064e-28
EFT:2.2371284e-11,3.5638184e-29,8.920003e-17,3.1009216e-21,2.6611043e-14,5.3643583e-12,1.0,0.0,8.240541e-15,7.1472064e-28
Random617
Raw:2.2371455e-11,3.5638455e-29,8.9201046e-17,3.1009454e-21,2.6611144e-14,5.3643786e-12,1.0,0.0,8.240573e-15,7.1472613e-28
EFT:2.2371284e-11,3.5638184e-29,8.920003e-17,3.1009216e-21,2.6611043e-14,5.3643583e-12,1.0,0.0,8.240541e-15,7.1472064e-28
Random618
Raw:2.2371284e-11,3.5638184e-29,8.920003e-17,3.1009216e-21,2.6611043e-14,5.3643583e-12,1.0,0.0,8.24051e-15,7.1472064e-28
EFT:2.2371284e-11,3.5638184e-29,8.920003e-17,3.1009216e-21,2.6611043e-14,5.3643583e-12,1.0,0.0,8.240541e-15,7.1472064e-28
Random619
Raw:2.2371455e-11,3.5638455e-29,8.920071e-17,3.1009454e-21,2.6611144e-14,5.3643786e-12,1.0,0.0,8.240541e-15,7.1472613e-28
EFT:2.2371284e-11,3.5638184e-29,8.920003e-17,3.1009216e-21,2.6611043e-14,5.3643583e-12,1.0,0.0,8.240541e-15,7.1472064e-28
Random620
Raw:2.2371284e-11,3.5638184e-29,8.920003e-17,3.1009216e-21,2.6611043e-14,5.3643583e-12,1.0,0.0,8.240541e-15,7.1472064e-28
EFT:2.2371284e-11,3.5638184e-29,8.920003e-17,3.1009216e-21,2.6611043e-14,5.3643583e-12,1.0,0.0,8.240541e-15,7.1472064e-28
Random621
Raw:2.2371284e-11,3.563791e-29,8.9200365e-17,3.1009216e-21,2.6611043e-14,5.3643583e-12,1.0,0.0,8.24051e-15,7.147152e-28
EFT:2.2371284e-11,3.5638184e-29,8.920003e-17,3.1009216e-21,2.6611043e-14,5.3643583e-12,1.0,0.0,8.240541e-15,7.1472064e-28
Random622
Raw:2.2371199e-11,3.563791e-29,8.920003e-17,3.100898e-21,2.6610941e-14,5.3643583e-12,1.0,0.0,8.240479e-15,7.147152e-28
EFT:2.2371284e-11,3.5638184e-29,8.920003e-17,3.1009216e-21,2.6611043e-14,5.3643583e-12,1.0,0.0,8.240541e-15,7.1472064e-28
Random623
Raw:2.2371284e-11,3.5638184e-29,8.9200365e-17,3.1009216e-21,2.6611043e-14,5.3643583e-12,1.0,0.0,8.240541e-15,7.1472064e-28
EFT:2.2371284e-11,3.5638184e-29,8.920003e-17,3.1009216e-21,2.6611043e-14,5.3643583e-12,1.0,0.0,8.240541e-15,7.1472064e-28
Random624
Raw:2.2371369e-11,3.5638184e-29,8.920071e-17,3.1009335e-21,2.6611043e-14,5.3643786e-12,1.0,0.0,8.240541e-15,7.1472064e-28
EFT:2.2371284e-11,3.5638184e-29,8.920003e-17,3.1009216e-21,2.6611043e-14,5.3643583e-12,1.0,0.0,8.240541e-15,7.1472064e-28
Random625
Raw:2.2371284e-11,3.5638184e-29,8.9200365e-17,3.1009216e-21,2.6611043e-14,5.3643583e-12,1.0,0.0,8.240541e-15,7.1472064e-28
EFT:2.2371284e-11,3.5638184e-29,8.920003e-17,3.1009216e-21,2.6611043e-14,5.3643583e-12,1.0,0.0,8.240541e-15,7.1472064e-28
Random626
Raw:2.2371284e-11,3.5638184e-29,8.9200365e-17,3.1009216e-21,2.6611043e-14,5.3643583e-12,1.0,0.0,8.240541e-15,7.1472064e-28
EFT:2.2371284e-11,3.5638184e-29,8.920003e-17,3.1009216e-21,2.6611043e-14,5.3643583e-12,1.0,0.0,8.240541e-15,7.1472064e-28
Random627
Raw:2.2371369e-11,3.5638184e-29,8.920071e-17,3.1009335e-21,2.6611043e-14,5.3643786e-12,1.0,0.0,8.240541e-15,7.1472064e-28
EFT:2.2371284e-11,3.5638184e-29,8.920003e-17,3.1009216e-21,2.6611043e-14,5.3643583e-12,1.0,0.0,8.240541e-15,7.1472064e-28
Random628
Raw:2.2371199e-11,3.563791e-29,8.919968e-17,3.100898e-21,2.6610941e-14,5.364338e-12,1.0,0.0,8.240479e-15,7.147152e-28
EFT:2.2371284e-11,3.5638184e-29,8.920003e-17,3.1009216e-21,2.6611043e-14,5.3643583e-12,1.0,0.0,8.240541e-15,7.1472064e-28
Random629
Raw:2.2371114e-11,3.563791e-29,8.919968e-17,3.100898e-21,2.6610941e-14,5.3643175e-12,1.0,0.0,8.240479e-15,7.147152e-28
EFT:2.2371284e-11,3.5638184e-29,8.920003e-17,3.1009216e-21,2.6611043e-14,5.3643583e-12,1.0,0.0,8.240541e-15,7.1472064e-28
Random630
Raw:2.2371455e-11,3.5638455e-29,8.920071e-17,3.1009454e-21,2.6611144e-14,5.3643786e-12,1.0,0.0,8.240541e-15,7.1472613e-28
EFT:2.2371284e-11,3.5638184e-29,8.920003e-17,3.1009216e-21,2.6611043e-14,5.3643583e-12,1.0,0.0,8.240541e-15,7.1472064e-28
Random631
Raw:2.2371284e-11,3.563791e-29,8.920003e-17,3.1009216e-21,2.6610941e-14,5.3643583e-12,1.0,0.0,8.24051e-15,7.147152e-28
EFT:2.2371284e-11,3.5638184e-29,8.920003e-17,3.1009216e-21,2.6611043e-14,5.3643583e-12,1.0,0.0,8.240541e-15,7.1472064e-28
Random632
Raw:2.2371284e-11,3.5638184e-29,8.9200365e-17,3.1009216e-21,2.6611043e-14,5.3643583e-12,1.0,0.0,8.240541e-15,7.1472064e-28
EFT:2.2371284e-11,3.5638184e-29,8.920003e-17,3.1009216e-21,2.6611043e-14,5.3643583e-12,1.0,0.0,8.240541e-15,7.1472064e-28
Random633
Raw:2.2371284e-11,3.5638184e-29,8.920003e-17,3.1009216e-21,2.6611043e-14,5.3643583e-12,1.0,0.0,8.240541e-15,7.1472064e-28
EFT:2.2371284e-11,3.5638184e-29,8.920003e-17,3.1009216e-21,2.6611043e-14,5.3643583e-12,1.0,0.0,8.240541e-15,7.1472064e-28
Random634
Raw:2.2371284e-11,3.5638184e-29,8.9200365e-17,3.1009216e-21,2.6611043e-14,5.3643583e-12,1.0,0.0,8.240541e-15,7.1472064e-28
EFT:2.2371284e-11,3.5638184e-29,8.920003e-17,3.1009216e-21,2.6611043e-14,5.3643583e-12,1.0,0.0,8.240541e-15,7.1472064e-28
Random635
Raw:2.2371369e-11,3.5638184e-29,8.920071e-17,3.1009454e-21,2.6611144e-14,5.3643583e-12,1.0,0.0,8.240541e-15,7.1472613e-28
EFT:2.2371284e-11,3.5638184e-29,8.920003e-17,3.1009216e-21,2.6611043e-14,5.3643583e-12,1.0,0.0,8.240541e-15,7.1472064e-28
Random636
Raw:2.2371369e-11,3.5638184e-29,8.920071e-17,3.1009335e-21,2.6611043e-14,5.3643786e-12,1.0,0.0,8.240541e-15,7.1472064e-28
EFT:2.2371284e-11,3.5638184e-29,8.920003e-17,3.1009216e-21,2.6611043e-14,5.3643583e-12,1.0,0.0,8.240541e-15,7.1472064e-28
Random637
Raw:2.2371199e-11,3.5638184e-29,8.920003e-17,3.1009099e-21,2.6610941e-14,5.3643175e-12,1.0,0.0,8.240479e-15,7.1471795e-28
EFT:2.2371284e-11,3.5638184e-29,8.920003e-17,3.1009216e-21,2.6611043e-14,5.3643583e-12,1.0,0.0,8.240541e-15,7.1472064e-28
Random638
Raw:2.2371455e-11,3.5638455e-29,8.9201046e-17,3.100969e-21,2.6611246e-14,5.3643995e-12,1.0,0.0,8.240573e-15,7.1472883e-28
EFT:2.2371284e-11,3.5638184e-29,8.920003e-17,3.1009216e-21,2.6611043e-14,5.3643583e-12,1.0,0.0,8.240541e-15,7.1472064e-28
Random639
Raw:2.2371369e-11,3.5638455e-29,8.920071e-17,3.1009454e-21,2.6611043e-14,5.3643583e-12,1.0,0.0,8.240541e-15,7.147234e-28
EFT:2.2371284e-11,3.5638184e-29,8.920003e-17,3.1009216e-21,2.6611043e-14,5.3643583e-12,1.0,0.0,8.240541e-15,7.1472064e-28
Random640
Raw:2.2371199e-11,3.5638184e-29,8.920003e-17,3.1009335e-21,2.6611043e-14,5.3643583e-12,1.0,0.0,8.24051e-15,7.1472064e-28
EFT:2.2371284e-11,3.5638184e-29,8.920003e-17,3.1009216e-21,2.6611043e-14,5.3643583e-12,1.0,0.0,8.240541e-15,7.1472064e-28
Random641
Raw:2.2371284e-11,3.5638184e-29,8.920003e-17,3.1009216e-21,2.6611043e-14,5.3643583e-12,1.0,0.0,8.24051e-15,7.1472064e-28
EFT:2.2371284e-11,3.5638184e-29,8.920003e-17,3.1009216e-21,2.6611043e-14,5.3643583e-12,1.0,0.0,8.240541e-15,7.1472064e-28
Random642
Raw:2.2371369e-11,3.5638455e-29,8.9200365e-17,3.1009454e-21,2.6611043e-14,5.3643583e-12,1.0,0.0,8.240541e-15,7.147234e-28
EFT:2.2371284e-11,3.5638184e-29,8.920003e-17,3.1009216e-21,2.6611043e-14,5.3643583e-12,1.0,0.0,8.240541e-15,7.1472064e-28
Random643
Raw:2.2371284e-11,3.563791e-29,8.920003e-17,3.1009216e-21,2.6610941e-14,5.3643583e-12,1.0,0.0,8.24051e-15,7.147152e-28
EFT:2.2371284e-11,3.5638184e-29,8.920003e-17,3.1009216e-21,2.6611043e-14,5.3643583e-12,1.0,0.0,8.240541e-15,7.1472064e-28
Random644
Raw:2.2371455e-11,3.5638455e-29,8.920071e-17,3.1009454e-21,2.6611144e-14,5.3643786e-12,1.0,0.0,8.240573e-15,7.1472613e-28
EFT:2.2371284e-11,3.5638184e-29,8.920003e-17,3.1009216e-21,2.6611043e-14,5.3643583e-12,1.0,0.0,8.240541e-15,7.1472064e-28
Random645
Raw:2.2371284e-11,3.5638184e-29,8.9200365e-17,3.1009454e-21,2.6611043e-14,5.364338e-12,1.0,0.0,8.24051e-15,7.1472613e-28
EFT:2.2371284e-11,3.5638184e-29,8.920003e-17,3.1009216e-21,2.6611043e-14,5.3643583e-12,1.0,0.0,8.240541e-15,7.1472064e-28
Random646
Raw:2.2371114e-11,3.563764e-29,8.919968e-17,3.1008863e-21,2.661084e-14,5.364338e-12,1.0,0.0,8.2404464e-15,7.1470976e-28
EFT:2.2371284e-11,3.5638184e-29,8.920003e-17,3.1009216e-21,2.6611043e-14,5.3643583e-12,1.0,0.0,8.240541e-15,7.1472064e-28
Random647
Raw:2.2371284e-11,3.5638184e-29,8.920003e-17,3.1009216e-21,2.6611043e-14,5.3643583e-12,1.0,0.0,8.24051e-15,7.1472064e-28
EFT:2.2371284e-11,3.5638184e-29,8.920003e-17,3.1009216e-21,2.6611043e-14,5.3643583e-12,1.0,0.0,8.240541e-15,7.1472064e-28
Random648
Raw:2.2371114e-11,3.563764e-29,8.919968e-17,3.1008863e-21,2.661084e-14,5.364338e-12,1.0,0.0,8.2404464e-15,7.1470976e-28
EFT:2.2371284e-11,3.5638184e-29,8.920003e-17,3.1009216e-21,2.6611043e-14,5.3643583e-12,1.0,0.0,8.240541e-15,7.1472064e-28
Random649
Raw:2.2371455e-11,3.5638455e-29,8.9201046e-17,3.1009454e-21,2.6611144e-14,5.3643786e-12,1.0,0.0,8.240573e-15,7.1472613e-28
EFT:2.2371284e-11,3.5638184e-29,8.920003e-17,3.1009216e-21,2.6611043e-14,5.3643583e-12,1.0,0.0,8.240541e-15,7.1472064e-28
Random650
Raw:2.2371455e-11,3.5638455e-29,8.920071e-17,3.1009454e-21,2.6611144e-14,5.3643786e-12,1.0,0.0,8.240541e-15,7.1472613e-28
EFT:2.2371284e-11,3.5638184e-29,8.920003e-17,3.1009216e-21,2.6611043e-14,5.3643583e-12,1.0,0.0,8.240541e-15,7.1472064e-28
Random651
Raw:2.2371455e-11,3.5638455e-29,8.9201046e-17,3.1009454e-21,2.6611144e-14,5.3643786e-12,1.0,0.0,8.240573e-15,7.1472613e-28
EFT:2.2371284e-11,3.5638184e-29,8.920003e-17,3.1009216e-21,2.6611043e-14,5.3643583e-12,1.0,0.0,8.240541e-15,7.1472064e-28
Random652
Raw:2.2371284e-11,3.5638184e-29,8.920003e-17,3.1009216e-21,2.6611043e-14,5.3643583e-12,1.0,0.0,8.240541e-15,7.1472064e-28
EFT:2.2371284e-11,3.5638184e-29,8.920003e-17,3.1009216e-21,2.6611043e-14,5.3643583e-12,1.0,0.0,8.240541e-15,7.1472064e-28
Random653
Raw:2.2371369e-11,3.5638455e-29,8.9200365e-17,3.1009454e-21,2.6611043e-14,5.3643583e-12,1.0,0.0,8.240541e-15,7.147234e-28
EFT:2.2371284e-11,3.5638184e-29,8.920003e-17,3.1009216e-21,2.6611043e-14,5.3643583e-12,1.0,0.0,8.240541e-15,7.1472064e-28
Random654
Raw:2.2371369e-11,3.5638184e-29,8.920071e-17,3.1009335e-21,2.6611043e-14,5.3643786e-12,1.0,0.0,8.240541e-15,7.1472064e-28
EFT:2.2371284e-11,3.5638184e-29,8.920003e-17,3.1009216e-21,2.6611043e-14,5.3643583e-12,1.0,0.0,8.240541e-15,7.1472064e-28
Random655
Raw:2.2371455e-11,3.5638455e-29,8.920071e-17,3.1009454e-21,2.6611144e-14,5.3643786e-12,1.0,0.0,8.240541e-15,7.1472613e-28
EFT:2.2371284e-11,3.5638184e-29,8.920003e-17,3.1009216e-21,2.6611043e-14,5.3643583e-12,1.0,0.0,8.240541e-15,7.1472064e-28
Random656
Raw:2.2371284e-11,3.5638184e-29,8.920003e-17,3.1009216e-21,2.6611043e-14,5.3643583e-12,1.0,0.0,8.240541e-15,7.1472064e-28
EFT:2.2371284e-11,3.5638184e-29,8.920003e-17,3.1009216e-21,2.6611043e-14,5.3643583e-12,1.0,0.0,8.240541e-15,7.1472064e-28
Random657
Raw:2.2371369e-11,3.5638455e-29,8.920071e-17,3.1009454e-21,2.6611043e-14,5.3643583e-12,1.0,0.0,8.240541e-15,7.147234e-28
EFT:2.2371284e-11,3.5638184e-29,8.920003e-17,3.1009216e-21,2.6611043e-14,5.3643583e-12,1.0,0.0,8.240541e-15,7.1472064e-28
Random658
Raw:2.2371284e-11,3.5638184e-29,8.920003e-17,3.1009216e-21,2.6611043e-14,5.3643583e-12,1.0,0.0,8.24051e-15,7.1472064e-28
EFT:2.2371284e-11,3.5638184e-29,8.920003e-17,3.1009216e-21,2.6611043e-14,5.3643583e-12,1.0,0.0,8.240541e-15,7.1472064e-28
Random659
Raw:2.2371455e-11,3.5638726e-29,8.9201384e-17,3.1009808e-21,2.6611348e-14,5.3643995e-12,1.0,0.0,8.240604e-15,7.1473427e-28
EFT:2.2371284e-11,3.5638184e-29,8.920003e-17,3.1009216e-21,2.6611043e-14,5.3643583e-12,1.0,0.0,8.240541e-15,7.1472064e-28
Random660
Raw:2.2371369e-11,3.5638184e-29,8.920071e-17,3.1009335e-21,2.6611043e-14,5.3643786e-12,1.0,0.0,8.240541e-15,7.1472064e-28
EFT:2.2371284e-11,3.5638184e-29,8.920003e-17,3.1009216e-21,2.6611043e-14,5.3643583e-12,1.0,0.0,8.240541e-15,7.1472064e-28
Random661
Raw:2.2371199e-11,3.5638184e-29,8.920003e-17,3.1009335e-21,2.6611043e-14,5.364338e-12,1.0,0.0,8.24051e-15,7.1472064e-28
EFT:2.2371284e-11,3.5638184e-29,8.920003e-17,3.1009216e-21,2.6611043e-14,5.3643583e-12,1.0,0.0,8.240541e-15,7.1472064e-28
Random662
Raw:2.2371455e-11,3.5638455e-29,8.9201046e-17,3.1009454e-21,2.6611144e-14,5.3643786e-12,1.0,0.0,8.240573e-15,7.1472613e-28
EFT:2.2371284e-11,3.5638184e-29,8.920003e-17,3.1009216e-21,2.6611043e-14,5.3643583e-12,1.0,0.0,8.240541e-15,7.1472064e-28
Random663
Raw:2.2371284e-11,3.5638184e-29,8.920003e-17,3.1009335e-21,2.6611043e-14,5.3643583e-12,1.0,0.0,8.24051e-15,7.1472064e-28
EFT:2.2371284e-11,3.5638184e-29,8.920003e-17,3.1009216e-21,2.6611043e-14,5.3643583e-12,1.0,0.0,8.240541e-15,7.1472064e-28
Random664
Raw:2.237154e-11,3.5639e-29,8.9201384e-17,3.100969e-21,2.6611348e-14,5.36442e-12,1.0,0.0,8.240604e-15,7.1473427e-28
EFT:2.2371284e-11,3.5638184e-29,8.920003e-17,3.1009216e-21,2.6611043e-14,5.3643583e-12,1.0,0.0,8.240541e-15,7.1472064e-28
Random665
Raw:2.2371284e-11,3.5638184e-29,8.9200365e-17,3.1009216e-21,2.6611144e-14,5.3643583e-12,1.0,0.0,8.240541e-15,7.1472064e-28
EFT:2.2371284e-11,3.5638184e-29,8.920003e-17,3.1009216e-21,2.6611043e-14,5.3643583e-12,1.0,0.0,8.240541e-15,7.1472064e-28
Random666
Raw:2.2371455e-11,3.5638455e-29,8.9201046e-17,3.1009454e-21,2.6611144e-14,5.3643786e-12,1.0,0.0,8.240573e-15,7.1472613e-28
EFT:2.2371284e-11,3.5638184e-29,8.920003e-17,3.1009216e-21,2.6611043e-14,5.3643583e-12,1.0,0.0,8.240541e-15,7.1472064e-28
Random667
Raw:2.2371284e-11,3.563791e-29,8.920003e-17,3.1009216e-21,2.6610941e-14,5.3643583e-12,1.0,0.0,8.240479e-15,7.147152e-28
EFT:2.2371284e-11,3.5638184e-29,8.920003e-17,3.1009216e-21,2.6611043e-14,5.3643583e-12,1.0,0.0,8.240541e-15,7.1472064e-28
Random668
Raw:2.2371284e-11,3.5638184e-29,8.920003e-17,3.1009216e-21,2.6611043e-14,5.3643583e-12,1.0,0.0,8.240541e-15,7.1472064e-28
EFT:2.2371284e-11,3.5638184e-29,8.920003e-17,3.1009216e-21,2.6611043e-14,5.3643583e-12,1.0,0.0,8.240541e-15,7.1472064e-28
Random669
Raw:2.2371625e-11,3.5639e-29,8.9202065e-17,3.1010044e-21,2.6611448e-14,5.3644402e-12,1.0,0.0,8.240667e-15,7.1473976e-28
EFT:2.2371284e-11,3.5638184e-29,8.920003e-17,3.1009216e-21,2.6611043e-14,5.3643583e-12,1.0,0.0,8.240541e-15,7.1472064e-28
Random670
Raw:2.2371369e-11,3.5638455e-29,8.9200365e-17,3.1009454e-21,2.6611043e-14,5.3643583e-12,1.0,0.0,8.24051e-15,7.147234e-28
EFT:2.2371284e-11,3.5638184e-29,8.920003e-17,3.1009216e-21,2.6611043e-14,5.3643583e-12,1.0,0.0,8.240541e-15,7.1472064e-28
Random671
Raw:2.2371284e-11,3.5638184e-29,8.920003e-17,3.1009216e-21,2.6611043e-14,5.3643583e-12,1.0,0.0,8.24051e-15,7.1472064e-28
EFT:2.2371284e-11,3.5638184e-29,8.920003e-17,3.1009216e-21,2.6611043e-14,5.3643583e-12,1.0,0.0,8.240541e-15,7.1472064e-28
Random672
Raw:2.2371284e-11,3.5638184e-29,8.9200365e-17,3.1009216e-21,2.6611043e-14,5.3643583e-12,1.0,0.0,8.240541e-15,7.1472064e-28
EFT:2.2371284e-11,3.5638184e-29,8.920003e-17,3.1009216e-21,2.6611043e-14,5.3643583e-12,1.0,0.0,8.240541e-15,7.1472064e-28
Random673
Raw:2.2371114e-11,3.563764e-29,8.919968e-17,3.1008863e-21,2.661084e-14,5.3643175e-12,1.0,0.0,8.2404464e-15,7.1470976e-28
EFT:2.2371284e-11,3.5638184e-29,8.920003e-17,3.1009216e-21,2.6611043e-14,5.3643583e-12,1.0,0.0,8.240541e-15,7.1472064e-28
Random674
Raw:2.2371199e-11,3.563764e-29,8.919968e-17,3.100898e-21,2.6610941e-14,5.3643175e-12,1.0,0.0,8.240479e-15,7.1470976e-28
EFT:2.2371284e-11,3.5638184e-29,8.920003e-17,3.1009216e-21,2.6611043e-14,5.3643583e-12,1.0,0.0,8.240541e-15,7.1472064e-28
Random675
Raw:2.2371369e-11,3.5638455e-29,8.9200365e-17,3.1009454e-21,2.6611043e-14,5.3643583e-12,1.0,0.0,8.24051e-15,7.147234e-28
EFT:2.2371284e-11,3.5638184e-29,8.920003e-17,3.1009216e-21,2.6611043e-14,5.3643583e-12,1.0,0.0,8.240541e-15,7.1472064e-28
Random676
Raw:2.2371284e-11,3.563791e-29,8.920003e-17,3.1009216e-21,2.6610941e-14,5.3643583e-12,1.0,0.0,8.240479e-15,7.147152e-28
EFT:2.2371284e-11,3.5638184e-29,8.920003e-17,3.1009216e-21,2.6611043e-14,5.3643583e-12,1.0,0.0,8.240541e-15,7.1472064e-28
Random677
Raw:2.2371284e-11,3.563791e-29,8.9200365e-17,3.1009216e-21,2.6610941e-14,5.3643583e-12,1.0,0.0,8.24051e-15,7.147152e-28
EFT:2.2371284e-11,3.5638184e-29,8.920003e-17,3.1009216e-21,2.6611043e-14,5.3643583e-12,1.0,0.0,8.240541e-15,7.1472064e-28
Random678
Raw:2.2371284e-11,3.5638184e-29,8.9200365e-17,3.1009454e-21,2.6611043e-14,5.3643583e-12,1.0,0.0,8.24051e-15,7.1472064e-28
EFT:2.2371284e-11,3.5638184e-29,8.920003e-17,3.1009216e-21,2.6611043e-14,5.3643583e-12,1.0,0.0,8.240541e-15,7.1472064e-28
Random679
Raw:2.2371455e-11,3.5638726e-29,8.9201384e-17,3.1009571e-21,2.6611348e-14,5.3643995e-12,1.0,0.0,8.240604e-15,7.1472883e-28
EFT:2.2371284e-11,3.5638184e-29,8.920003e-17,3.1009216e-21,2.6611043e-14,5.3643583e-12,1.0,0.0,8.240541e-15,7.1472064e-28
Random680
Raw:2.2371284e-11,3.563791e-29,8.920003e-17,3.1009216e-21,2.6610941e-14,5.3643583e-12,1.0,0.0,8.240479e-15,7.147152e-28
EFT:2.2371284e-11,3.5638184e-29,8.920003e-17,3.1009216e-21,2.6611043e-14,5.3643583e-12,1.0,0.0,8.240541e-15,7.1472064e-28
Random681
Raw:2.2371284e-11,3.5638184e-29,8.9200365e-17,3.1009216e-21,2.6611043e-14,5.3643583e-12,1.0,0.0,8.240541e-15,7.1472064e-28
EFT:2.2371284e-11,3.5638184e-29,8.920003e-17,3.1009216e-21,2.6611043e-14,5.3643583e-12,1.0,0.0,8.240541e-15,7.1472064e-28
Random682
Raw:2.2371369e-11,3.5638455e-29,8.9200365e-17,3.1009454e-21,2.6611043e-14,5.3643583e-12,1.0,0.0,8.24051e-15,7.147234e-28
EFT:2.2371284e-11,3.5638184e-29,8.920003e-17,3.1009216e-21,2.6611043e-14,5.3643583e-12,1.0,0.0,8.240541e-15,7.1472064e-28
Random683
Raw:2.2371199e-11,3.5638184e-29,8.920003e-17,3.1009335e-21,2.6611043e-14,5.3643583e-12,1.0,0.0,8.24051e-15,7.1472064e-28
EFT:2.2371284e-11,3.5638184e-29,8.920003e-17,3.1009216e-21,2.6611043e-14,5.3643583e-12,1.0,0.0,8.240541e-15,7.1472064e-28
Random684
Raw:2.2371455e-11,3.5638455e-29,8.920071e-17,3.1009454e-21,2.6611144e-14,5.3643786e-12,1.0,0.0,8.240541e-15,7.1472613e-28
EFT:2.2371284e-11,3.5638184e-29,8.920003e-17,3.1009216e-21,2.6611043e-14,5.3643583e-12,1.0,0.0,8.240541e-15,7.1472064e-28
Random685
Raw:2.2371284e-11,3.563791e-29,8.920003e-17,3.100898e-21,2.6610941e-14,5.3643583e-12,1.0,0.0,8.240479e-15,7.147152e-28
EFT:2.2371284e-11,3.5638184e-29,8.920003e-17,3.1009216e-21,2.6611043e-14,5.3643583e-12,1.0,0.0,8.240541e-15,7.1472064e-28
Random686
Raw:2.2371284e-11,3.5638184e-29,8.9200365e-17,3.1009454e-21,2.6611043e-14,5.3643583e-12,1.0,0.0,8.24051e-15,7.147234e-28
EFT:2.2371284e-11,3.5638184e-29,8.920003e-17,3.1009216e-21,2.6611043e-14,5.3643583e-12,1.0,0.0,8.240541e-15,7.1472064e-28
Random687
Raw:2.2371625e-11,3.5639e-29,8.920173e-17,3.1010163e-21,2.6611448e-14,5.3644402e-12,1.0,0.0,8.240635e-15,7.1473976e-28
EFT:2.2371284e-11,3.5638184e-29,8.920003e-17,3.1009216e-21,2.6611043e-14,5.3643583e-12,1.0,0.0,8.240541e-15,7.1472064e-28
Random688
Raw:2.2371455e-11,3.5638455e-29,8.9201046e-17,3.100969e-21,2.6611144e-14,5.3643786e-12,1.0,0.0,8.240573e-15,7.1473157e-28
EFT:2.2371284e-11,3.5638184e-29,8.920003e-17,3.1009216e-21,2.6611043e-14,5.3643583e-12,1.0,0.0,8.240541e-15,7.1472064e-28
Random689
Raw:2.2371199e-11,3.563764e-29,8.919968e-17,3.1008863e-21,2.661084e-14,5.364338e-12,1.0,0.0,8.240479e-15,7.1470976e-28
EFT:2.2371284e-11,3.5638184e-29,8.920003e-17,3.1009216e-21,2.6611043e-14,5.3643583e-12,1.0,0.0,8.240541e-15,7.1472064e-28
Random690
Raw:2.2371114e-11,3.563764e-29,8.919968e-17,3.1008863e-21,2.661084e-14,5.364338e-12,1.0,0.0,8.2404464e-15,7.1470976e-28
EFT:2.2371284e-11,3.5638184e-29,8.920003e-17,3.1009216e-21,2.6611043e-14,5.3643583e-12,1.0,0.0,8.240541e-15,7.1472064e-28
Random691
Raw:2.2371284e-11,3.5638184e-29,8.9200365e-17,3.1009216e-21,2.6611043e-14,5.3643583e-12,1.0,0.0,8.240541e-15,7.1472064e-28
EFT:2.2371284e-11,3.5638184e-29,8.920003e-17,3.1009216e-21,2.6611043e-14,5.3643583e-12,1.0,0.0,8.240541e-15,7.1472064e-28
Random692
Raw:2.2371284e-11,3.5638184e-29,8.920003e-17,3.1009216e-21,2.6611043e-14,5.3643583e-12,1.0,0.0,8.240541e-15,7.1472064e-28
EFT:2.2371284e-11,3.5638184e-29,8.920003e-17,3.1009216e-21,2.6611043e-14,5.3643583e-12,1.0,0.0,8.240541e-15,7.1472064e-28
Random693
Raw:2.2371114e-11,3.563791e-29,8.919968e-17,3.100898e-21,2.6610941e-14,5.3643175e-12,1.0,0.0,8.240479e-15,7.147152e-28
EFT:2.2371284e-11,3.5638184e-29,8.920003e-17,3.1009216e-21,2.6611043e-14,5.3643583e-12,1.0,0.0,8.240541e-15,7.1472064e-28
Random694
Raw:2.2371199e-11,3.563764e-29,8.9199346e-17,3.100898e-21,2.661084e-14,5.3643175e-12,1.0,0.0,8.240479e-15,7.1470976e-28
EFT:2.2371284e-11,3.5638184e-29,8.920003e-17,3.1009216e-21,2.6611043e-14,5.3643583e-12,1.0,0.0,8.240541e-15,7.1472064e-28
Random695
Raw:2.2371369e-11,3.5638184e-29,8.9200365e-17,3.1009335e-21,2.6611043e-14,5.3643786e-12,1.0,0.0,8.24051e-15,7.1472064e-28
EFT:2.2371284e-11,3.5638184e-29,8.920003e-17,3.1009216e-21,2.6611043e-14,5.3643583e-12,1.0,0.0,8.240541e-15,7.1472064e-28
Random696
Raw:2.2371199e-11,3.563791e-29,8.919968e-17,3.1008863e-21,2.661084e-14,5.364338e-12,1.0,0.0,8.240479e-15,7.1470976e-28
EFT:2.2371284e-11,3.5638184e-29,8.920003e-17,3.1009216e-21,2.6611043e-14,5.3643583e-12,1.0,0.0,8.240541e-15,7.1472064e-28
Random697
Raw:2.2371284e-11,3.5638184e-29,8.920003e-17,3.1009216e-21,2.6611043e-14,5.3643583e-12,1.0,0.0,8.240541e-15,7.1472064e-28
EFT:2.2371284e-11,3.5638184e-29,8.920003e-17,3.1009216e-21,2.6611043e-14,5.3643583e-12,1.0,0.0,8.240541e-15,7.1472064e-28
Random698
Raw:2.2371455e-11,3.5638455e-29,8.9201046e-17,3.1009454e-21,2.6611144e-14,5.3643786e-12,1.0,0.0,8.240573e-15,7.1472613e-28
EFT:2.2371284e-11,3.5638184e-29,8.920003e-17,3.1009216e-21,2.6611043e-14,5.3643583e-12,1.0,0.0,8.240541e-15,7.1472064e-28
Random699
Raw:2.2371284e-11,3.563791e-29,8.920003e-17,3.1009216e-21,2.6610941e-14,5.3643583e-12,1.0,0.0,8.240479e-15,7.147152e-28
EFT:2.2371284e-11,3.5638184e-29,8.920003e-17,3.1009216e-21,2.6611043e-14,5.3643583e-12,1.0,0.0,8.240541e-15,7.1472064e-28
Random700
Raw:2.2371284e-11,3.563791e-29,8.920003e-17,3.1009216e-21,2.6610941e-14,5.3643583e-12,1.0,0.0,8.240479e-15,7.147152e-28
EFT:2.2371284e-11,3.5638184e-29,8.920003e-17,3.1009216e-21,2.6611043e-14,5.3643583e-12,1.0,0.0,8.240541e-15,7.1472064e-28
Random701
Raw:2.2371284e-11,3.563791e-29,8.9200365e-17,3.1009216e-21,2.6610941e-14,5.3643583e-12,1.0,0.0,8.24051e-15,7.147152e-28
EFT:2.2371284e-11,3.5638184e-29,8.920003e-17,3.1009216e-21,2.6611043e-14,5.3643583e-12,1.0,0.0,8.240541e-15,7.1472064e-28
Random702
Raw:2.2371284e-11,3.5638184e-29,8.920003e-17,3.1009216e-21,2.6611043e-14,5.3643583e-12,1.0,0.0,8.24051e-15,7.1472064e-28
EFT:2.2371284e-11,3.5638184e-29,8.920003e-17,3.1009216e-21,2.6611043e-14,5.3643583e-12,1.0,0.0,8.240541e-15,7.1472064e-28
Random703
Raw:2.2371199e-11,3.5638184e-29,8.920003e-17,3.1009335e-21,2.6611043e-14,5.364338e-12,1.0,0.0,8.24051e-15,7.1472064e-28
EFT:2.2371284e-11,3.5638184e-29,8.920003e-17,3.1009216e-21,2.6611043e-14,5.3643583e-12,1.0,0.0,8.240541e-15,7.1472064e-28
Random704
Raw:2.2371455e-11,3.5638455e-29,8.920071e-17,3.1009454e-21,2.6611144e-14,5.3643786e-12,1.0,0.0,8.240573e-15,7.1472613e-28
EFT:2.2371284e-11,3.5638184e-29,8.920003e-17,3.1009216e-21,2.6611043e-14,5.3643583e-12,1.0,0.0,8.240541e-15,7.1472064e-28
Random705
Raw:2.2371369e-11,3.5638184e-29,8.920071e-17,3.1009454e-21,2.6611144e-14,5.3643583e-12,1.0,0.0,8.240541e-15,7.1472613e-28
EFT:2.2371284e-11,3.5638184e-29,8.920003e-17,3.1009216e-21,2.6611043e-14,5.3643583e-12,1.0,0.0,8.240541e-15,7.1472064e-28
Random706
Raw:2.2371114e-11,3.5637366e-29,8.9199e-17,3.1008743e-21,2.6610738e-14,5.364297e-12,1.0,0.0,8.240415e-15,7.147043e-28
EFT:2.2371284e-11,3.5638184e-29,8.920003e-17,3.1009216e-21,2.6611043e-14,5.3643583e-12,1.0,0.0,8.240541e-15,7.1472064e-28
Random707
Raw:2.2371369e-11,3.5638184e-29,8.920071e-17,3.1009335e-21,2.6611144e-14,5.3643786e-12,1.0,0.0,8.240541e-15,7.1472064e-28
EFT:2.2371284e-11,3.5638184e-29,8.920003e-17,3.1009216e-21,2.6611043e-14,5.3643583e-12,1.0,0.0,8.240541e-15,7.1472064e-28
Random708
Raw:2.2371369e-11,3.5638455e-29,8.920071e-17,3.1009454e-21,2.6611043e-14,5.3643583e-12,1.0,0.0,8.240541e-15,7.147234e-28
EFT:2.2371284e-11,3.5638184e-29,8.920003e-17,3.1009216e-21,2.6611043e-14,5.3643583e-12,1.0,0.0,8.240541e-15,7.1472064e-28
Random709
Raw:2.2371369e-11,3.5638184e-29,8.9200365e-17,3.1009335e-21,2.6611043e-14,5.3643786e-12,1.0,0.0,8.24051e-15,7.1472064e-28
EFT:2.2371284e-11,3.5638184e-29,8.920003e-17,3.1009216e-21,2.6611043e-14,5.3643583e-12,1.0,0.0,8.240541e-15,7.1472064e-28
Random710
Raw:2.2371369e-11,3.5638184e-29,8.920071e-17,3.1009571e-21,2.6611246e-14,5.3643786e-12,1.0,0.0,8.240573e-15,7.1472613e-28
EFT:2.2371284e-11,3.5638184e-29,8.920003e-17,3.1009216e-21,2.6611043e-14,5.3643583e-12,1.0,0.0,8.240541e-15,7.1472064e-28
Random711
Raw:2.2371284e-11,3.5638184e-29,8.920003e-17,3.1009216e-21,2.6611043e-14,5.3643583e-12,1.0,0.0,8.24051e-15,7.1472064e-28
EFT:2.2371284e-11,3.5638184e-29,8.920003e-17,3.1009216e-21,2.6611043e-14,5.3643583e-12,1.0,0.0,8.240541e-15,7.1472064e-28
Random712
Raw:2.2371369e-11,3.5638184e-29,8.9200365e-17,3.1009335e-21,2.6611043e-14,5.3643786e-12,1.0,0.0,8.24051e-15,7.1472064e-28
EFT:2.2371284e-11,3.5638184e-29,8.920003e-17,3.1009216e-21,2.6611043e-14,5.3643583e-12,1.0,0.0,8.240541e-15,7.1472064e-28
Random713
Raw:2.2371455e-11,3.5638455e-29,8.920071e-17,3.1009454e-21,2.6611144e-14,5.3643786e-12,1.0,0.0,8.240573e-15,7.1472613e-28
EFT:2.2371284e-11,3.5638184e-29,8.920003e-17,3.1009216e-21,2.6611043e-14,5.3643583e-12,1.0,0.0,8.240541e-15,7.1472064e-28
Random714
Raw:2.2371369e-11,3.5638184e-29,8.920071e-17,3.1009335e-21,2.6611144e-14,5.3643786e-12,1.0,0.0,8.240541e-15,7.1472064e-28
EFT:2.2371284e-11,3.5638184e-29,8.920003e-17,3.1009216e-21,2.6611043e-14,5.3643583e-12,1.0,0.0,8.240541e-15,7.1472064e-28
Random715
Raw:2.2371369e-11,3.5638184e-29,8.9200365e-17,3.1009335e-21,2.6611043e-14,5.3643786e-12,1.0,0.0,8.24051e-15,7.1472064e-28
EFT:2.2371284e-11,3.5638184e-29,8.920003e-17,3.1009216e-21,2.6611043e-14,5.3643583e-12,1.0,0.0,8.240541e-15,7.1472064e-28
Random716
Raw:2.2371114e-11,3.563764e-29,8.919968e-17,3.1008863e-21,2.661084e-14,5.3643175e-12,1.0,0.0,8.2404464e-15,7.1470976e-28
EFT:2.2371284e-11,3.5638184e-29,8.920003e-17,3.1009216e-21,2.6611043e-14,5.3643583e-12,1.0,0.0,8.240541e-15,7.1472064e-28
Random717
Raw:2.2371369e-11,3.5638455e-29,8.9200365e-17,3.1009454e-21,2.6611043e-14,5.3643583e-12,1.0,0.0,8.240541e-15,7.147234e-28
EFT:2.2371284e-11,3.5638184e-29,8.920003e-17,3.1009216e-21,2.6611043e-14,5.3643583e-12,1.0,0.0,8.240541e-15,7.1472064e-28
Random718
Raw:2.2371284e-11,3.5638184e-29,8.9200365e-17,3.1009216e-21,2.6611043e-14,5.3643583e-12,1.0,0.0,8.240541e-15,7.1472064e-28
EFT:2.2371284e-11,3.5638184e-29,8.920003e-17,3.1009216e-21,2.6611043e-14,5.3643583e-12,1.0,0.0,8.240541e-15,7.1472064e-28
Random719
Raw:2.2371369e-11,3.5638184e-29,8.920071e-17,3.1009335e-21,2.6611043e-14,5.3643786e-12,1.0,0.0,8.240541e-15,7.1472064e-28
EFT:2.2371284e-11,3.5638184e-29,8.920003e-17,3.1009216e-21,2.6611043e-14,5.3643583e-12,1.0,0.0,8.240541e-15,7.1472064e-28
Random720
Raw:2.2371284e-11,3.563791e-29,8.9200365e-17,3.1009216e-21,2.6610941e-14,5.3643583e-12,1.0,0.0,8.24051e-15,7.147152e-28
EFT:2.2371284e-11,3.5638184e-29,8.920003e-17,3.1009216e-21,2.6611043e-14,5.3643583e-12,1.0,0.0,8.240541e-15,7.1472064e-28
Random721
Raw:2.2371284e-11,3.5638184e-29,8.9200365e-17,3.1009216e-21,2.6611043e-14,5.3643583e-12,1.0,0.0,8.240541e-15,7.1472064e-28
EFT:2.2371284e-11,3.5638184e-29,8.920003e-17,3.1009216e-21,2.6611043e-14,5.3643583e-12,1.0,0.0,8.240541e-15,7.1472064e-28
Random722
Raw:2.2371369e-11,3.5638184e-29,8.9200365e-17,3.1009335e-21,2.6611043e-14,5.3643786e-12,1.0,0.0,8.240541e-15,7.1472064e-28
EFT:2.2371284e-11,3.5638184e-29,8.920003e-17,3.1009216e-21,2.6611043e-14,5.3643583e-12,1.0,0.0,8.240541e-15,7.1472064e-28
Random723
Raw:2.2371284e-11,3.5638184e-29,8.920003e-17,3.1009216e-21,2.6611043e-14,5.3643583e-12,1.0,0.0,8.24051e-15,7.1472064e-28
EFT:2.2371284e-11,3.5638184e-29,8.920003e-17,3.1009216e-21,2.6611043e-14,5.3643583e-12,1.0,0.0,8.240541e-15,7.1472064e-28
Random724
Raw:2.2371284e-11,3.5638184e-29,8.920003e-17,3.1009216e-21,2.6611043e-14,5.3643583e-12,1.0,0.0,8.24051e-15,7.1472064e-28
EFT:2.2371284e-11,3.5638184e-29,8.920003e-17,3.1009216e-21,2.6611043e-14,5.3643583e-12,1.0,0.0,8.240541e-15,7.1472064e-28
Random725
Raw:2.2371284e-11,3.563764e-29,8.920003e-17,3.100898e-21,2.6610941e-14,5.364338e-12,1.0,0.0,8.240479e-15,7.1470976e-28
EFT:2.2371284e-11,3.5638184e-29,8.920003e-17,3.1009216e-21,2.6611043e-14,5.3643583e-12,1.0,0.0,8.240541e-15,7.1472064e-28
Random726
Raw:2.2371369e-11,3.5638184e-29,8.920071e-17,3.1009216e-21,2.6611144e-14,5.3643786e-12,1.0,0.0,8.240541e-15,7.1472064e-28
EFT:2.2371284e-11,3.5638184e-29,8.920003e-17,3.1009216e-21,2.6611043e-14,5.3643583e-12,1.0,0.0,8.240541e-15,7.1472064e-28
Random727
Raw:2.2371369e-11,3.5638184e-29,8.920071e-17,3.1009454e-21,2.6611144e-14,5.3643583e-12,1.0,0.0,8.240541e-15,7.1472613e-28
EFT:2.2371284e-11,3.5638184e-29,8.920003e-17,3.1009216e-21,2.6611043e-14,5.3643583e-12,1.0,0.0,8.240541e-15,7.1472064e-28
Random728
Raw:2.2371284e-11,3.5638184e-29,8.9200365e-17,3.1009454e-21,2.6611043e-14,5.364338e-12,1.0,0.0,8.24051e-15,7.147234e-28
EFT:2.2371284e-11,3.5638184e-29,8.920003e-17,3.1009216e-21,2.6611043e-14,5.3643583e-12,1.0,0.0,8.240541e-15,7.1472064e-28
Random729
Raw:2.2371455e-11,3.5638455e-29,8.9201046e-17,3.1009454e-21,2.6611144e-14,5.3643786e-12,1.0,0.0,8.240573e-15,7.1472613e-28
EFT:2.2371284e-11,3.5638184e-29,8.920003e-17,3.1009216e-21,2.6611043e-14,5.3643583e-12,1.0,0.0,8.240541e-15,7.1472064e-28
Random730
Raw:2.2371029e-11,3.5637366e-29,8.9199e-17,3.1008743e-21,2.6610738e-14,5.3642767e-12,1.0,0.0,8.240415e-15,7.147043e-28
EFT:2.2371284e-11,3.5638184e-29,8.920003e-17,3.1009216e-21,2.6611043e-14,5.3643583e-12,1.0,0.0,8.240541e-15,7.1472064e-28
Random731
Raw:2.2371369e-11,3.5638455e-29,8.9200365e-17,3.1009454e-21,2.6611043e-14,5.3643583e-12,1.0,0.0,8.240541e-15,7.147234e-28
EFT:2.2371284e-11,3.5638184e-29,8.920003e-17,3.1009216e-21,2.6611043e-14,5.3643583e-12,1.0,0.0,8.240541e-15,7.1472064e-28
Random732
Raw:2.2371284e-11,3.563791e-29,8.920003e-17,3.100898e-21,2.6610941e-14,5.3643583e-12,1.0,0.0,8.24051e-15,7.147152e-28
EFT:2.2371284e-11,3.5638184e-29,8.920003e-17,3.1009216e-21,2.6611043e-14,5.3643583e-12,1.0,0.0,8.240541e-15,7.1472064e-28
Random733
Raw:2.2371199e-11,3.5638184e-29,8.920003e-17,3.1009335e-21,2.6611043e-14,5.364338e-12,1.0,0.0,8.24051e-15,7.1472064e-28
EFT:2.2371284e-11,3.5638184e-29,8.920003e-17,3.1009216e-21,2.6611043e-14,5.3643583e-12,1.0,0.0,8.240541e-15,7.1472064e-28
Random734
Raw:2.2371284e-11,3.563791e-29,8.9200365e-17,3.1009216e-21,2.6610941e-14,5.3643583e-12,1.0,0.0,8.24051e-15,7.147152e-28
EFT:2.2371284e-11,3.5638184e-29,8.920003e-17,3.1009216e-21,2.6611043e-14,5.3643583e-12,1.0,0.0,8.240541e-15,7.1472064e-28
Random735
Raw:2.2371199e-11,3.5638184e-29,8.920003e-17,3.1009335e-21,2.6611043e-14,5.364338e-12,1.0,0.0,8.24051e-15,7.1472064e-28
EFT:2.2371284e-11,3.5638184e-29,8.920003e-17,3.1009216e-21,2.6611043e-14,5.3643583e-12,1.0,0.0,8.240541e-15,7.1472064e-28
Random736
Raw:2.2371284e-11,3.5638184e-29,8.920003e-17,3.1009216e-21,2.6611043e-14,5.3643583e-12,1.0,0.0,8.24051e-15,7.1472064e-28
EFT:2.2371284e-11,3.5638184e-29,8.920003e-17,3.1009216e-21,2.6611043e-14,5.3643583e-12,1.0,0.0,8.240541e-15,7.1472064e-28
Random737
Raw:2.2371369e-11,3.5638184e-29,8.9200365e-17,3.1009216e-21,2.6611043e-14,5.3643583e-12,1.0,0.0,8.240541e-15,7.1472064e-28
EFT:2.2371284e-11,3.5638184e-29,8.920003e-17,3.1009216e-21,2.6611043e-14,5.3643583e-12,1.0,0.0,8.240541e-15,7.1472064e-28
Random738
Raw:2.2371284e-11,3.5638184e-29,8.9200365e-17,3.1009454e-21,2.6611043e-14,5.3643583e-12,1.0,0.0,8.24051e-15,7.147234e-28
EFT:2.2371284e-11,3.5638184e-29,8.920003e-17,3.1009216e-21,2.6611043e-14,5.3643583e-12,1.0,0.0,8.240541e-15,7.1472064e-28
Random739
Raw:2.2371199e-11,3.563791e-29,8.920003e-17,3.1009216e-21,2.6610941e-14,5.364338e-12,1.0,0.0,8.240479e-15,7.147152e-28
EFT:2.2371284e-11,3.5638184e-29,8.920003e-17,3.1009216e-21,2.6611043e-14,5.3643583e-12,1.0,0.0,8.240541e-15,7.1472064e-28
Random740
Raw:2.2371199e-11,3.563764e-29,8.919968e-17,3.100898e-21,2.6610941e-14,5.3643175e-12,1.0,0.0,8.240479e-15,7.1470976e-28
EFT:2.2371284e-11,3.5638184e-29,8.920003e-17,3.1009216e-21,2.6611043e-14,5.3643583e-12,1.0,0.0,8.240541e-15,7.1472064e-28
Random741
Raw:2.2371455e-11,3.5638455e-29,8.9201046e-17,3.1009454e-21,2.6611144e-14,5.3643786e-12,1.0,0.0,8.240573e-15,7.1472613e-28
EFT:2.2371284e-11,3.5638184e-29,8.920003e-17,3.1009216e-21,2.6611043e-14,5.3643583e-12,1.0,0.0,8.240541e-15,7.1472064e-28
Random742
Raw:2.2371284e-11,3.563764e-29,8.920003e-17,3.100898e-21,2.6610941e-14,5.364338e-12,1.0,0.0,8.240479e-15,7.1470976e-28
EFT:2.2371284e-11,3.5638184e-29,8.920003e-17,3.1009216e-21,2.6611043e-14,5.3643583e-12,1.0,0.0,8.240541e-15,7.1472064e-28
Random743
Raw:2.2371284e-11,3.5638184e-29,8.9200365e-17,3.1009216e-21,2.6611043e-14,5.3643583e-12,1.0,0.0,8.240541e-15,7.1472064e-28
EFT:2.2371284e-11,3.5638184e-29,8.920003e-17,3.1009216e-21,2.6611043e-14,5.3643583e-12,1.0,0.0,8.240541e-15,7.1472064e-28
Random744
Raw:2.2371369e-11,3.5638184e-29,8.920071e-17,3.1009335e-21,2.6611043e-14,5.3643786e-12,1.0,0.0,8.240541e-15,7.1472064e-28
EFT:2.2371284e-11,3.5638184e-29,8.920003e-17,3.1009216e-21,2.6611043e-14,5.3643583e-12,1.0,0.0,8.240541e-15,7.1472064e-28
Random745
Raw:2.2371284e-11,3.5638184e-29,8.920003e-17,3.1009216e-21,2.6611043e-14,5.3643583e-12,1.0,0.0,8.24051e-15,7.1472064e-28
EFT:2.2371284e-11,3.5638184e-29,8.920003e-17,3.1009216e-21,2.6611043e-14,5.3643583e-12,1.0,0.0,8.240541e-15,7.1472064e-28
Random746
Raw:2.2371369e-11,3.5638455e-29,8.920071e-17,3.1009454e-21,2.6611043e-14,5.3643583e-12,1.0,0.0,8.240541e-15,7.147234e-28
EFT:2.2371284e-11,3.5638184e-29,8.920003e-17,3.1009216e-21,2.6611043e-14,5.3643583e-12,1.0,0.0,8.240541e-15,7.1472064e-28
Random747
Raw:2.2371369e-11,3.5638184e-29,8.9200365e-17,3.1009335e-21,2.6611043e-14,5.3643786e-12,1.0,0.0,8.240541e-15,7.1472064e-28
EFT:2.2371284e-11,3.5638184e-29,8.920003e-17,3.1009216e-21,2.6611043e-14,5.3643583e-12,1.0,0.0,8.240541e-15,7.1472064e-28
Random748
Raw:2.2371455e-11,3.5638455e-29,8.920071e-17,3.1009454e-21,2.6611144e-14,5.3643786e-12,1.0,0.0,8.240541e-15,7.1472613e-28
EFT:2.2371284e-11,3.5638184e-29,8.920003e-17,3.1009216e-21,2.6611043e-14,5.3643583e-12,1.0,0.0,8.240541e-15,7.1472064e-28
Random749
Raw:2.2371284e-11,3.563764e-29,8.920003e-17,3.100898e-21,2.6610941e-14,5.364338e-12,1.0,0.0,8.240479e-15,7.1470976e-28
EFT:2.2371284e-11,3.5638184e-29,8.920003e-17,3.1009216e-21,2.6611043e-14,5.3643583e-12,1.0,0.0,8.240541e-15,7.1472064e-28
Random750
Raw:2.2371114e-11,3.5637366e-29,8.9198664e-17,3.1008507e-21,2.6610636e-14,5.364297e-12,1.0,0.0,8.240415e-15,7.147016e-28
EFT:2.2371284e-11,3.5638184e-29,8.920003e-17,3.1009216e-21,2.6611043e-14,5.3643583e-12,1.0,0.0,8.240541e-15,7.1472064e-28
Random751
Raw:2.2371455e-11,3.5638455e-29,8.920071e-17,3.1009454e-21,2.6611144e-14,5.3643786e-12,1.0,0.0,8.240541e-15,7.1472613e-28
EFT:2.2371284e-11,3.5638184e-29,8.920003e-17,3.1009216e-21,2.6611043e-14,5.3643583e-12,1.0,0.0,8.240541e-15,7.1472064e-28
Random752
Raw:2.2371199e-11,3.563764e-29,8.9199346e-17,3.100898e-21,2.661084e-14,5.3643175e-12,1.0,0.0,8.2404464e-15,7.1470976e-28
EFT:2.2371284e-11,3.5638184e-29,8.920003e-17,3.1009216e-21,2.6611043e-14,5.3643583e-12,1.0,0.0,8.240541e-15,7.1472064e-28
Random753
Raw:2.2371284e-11,3.5638184e-29,8.920003e-17,3.1009216e-21,2.6611043e-14,5.3643583e-12,1.0,0.0,8.240541e-15,7.1472064e-28
EFT:2.2371284e-11,3.5638184e-29,8.920003e-17,3.1009216e-21,2.6611043e-14,5.3643583e-12,1.0,0.0,8.240541e-15,7.1472064e-28
Random754
Raw:2.2371284e-11,3.5638184e-29,8.920003e-17,3.1009216e-21,2.6611043e-14,5.3643583e-12,1.0,0.0,8.24051e-15,7.1472064e-28
EFT:2.2371284e-11,3.5638184e-29,8.920003e-17,3.1009216e-21,2.6611043e-14,5.3643583e-12,1.0,0.0,8.240541e-15,7.1472064e-28
Random755
Raw:2.2371284e-11,3.5638184e-29,8.920003e-17,3.1009216e-21,2.6611043e-14,5.3643583e-12,1.0,0.0,8.24051e-15,7.1472064e-28
EFT:2.2371284e-11,3.5638184e-29,8.920003e-17,3.1009216e-21,2.6611043e-14,5.3643583e-12,1.0,0.0,8.240541e-15,7.1472064e-28
Random756
Raw:2.2371284e-11,3.563764e-29,8.920003e-17,3.100898e-21,2.6610941e-14,5.364338e-12,1.0,0.0,8.240479e-15,7.1470976e-28
EFT:2.2371284e-11,3.5638184e-29,8.920003e-17,3.1009216e-21,2.6611043e-14,5.3643583e-12,1.0,0.0,8.240541e-15,7.1472064e-28
Random757
Raw:2.2371455e-11,3.5638455e-29,8.9201046e-17,3.1009454e-21,2.6611144e-14,5.3643786e-12,1.0,0.0,8.240573e-15,7.1472613e-28
EFT:2.2371284e-11,3.5638184e-29,8.920003e-17,3.1009216e-21,2.6611043e-14,5.3643583e-12,1.0,0.0,8.240541e-15,7.1472064e-28
Random758
Raw:2.2371369e-11,3.5638455e-29,8.9200365e-17,3.1009454e-21,2.6611043e-14,5.3643583e-12,1.0,0.0,8.24051e-15,7.147234e-28
EFT:2.2371284e-11,3.5638184e-29,8.920003e-17,3.1009216e-21,2.6611043e-14,5.3643583e-12,1.0,0.0,8.240541e-15,7.1472064e-28
Random759
Raw:2.2371455e-11,3.5638726e-29,8.9201046e-17,3.1009571e-21,2.6611246e-14,5.3643995e-12,1.0,0.0,8.240573e-15,7.1472883e-28
EFT:2.2371284e-11,3.5638184e-29,8.920003e-17,3.1009216e-21,2.6611043e-14,5.3643583e-12,1.0,0.0,8.240541e-15,7.1472064e-28
Random760
Raw:2.2371284e-11,3.5638184e-29,8.920003e-17,3.1009216e-21,2.6611043e-14,5.3643583e-12,1.0,0.0,8.240541e-15,7.1472064e-28
EFT:2.2371284e-11,3.5638184e-29,8.920003e-17,3.1009216e-21,2.6611043e-14,5.3643583e-12,1.0,0.0,8.240541e-15,7.1472064e-28
Random761
Raw:2.2371284e-11,3.5638184e-29,8.920003e-17,3.1009216e-21,2.6611043e-14,5.3643583e-12,1.0,0.0,8.240541e-15,7.1472064e-28
EFT:2.2371284e-11,3.5638184e-29,8.920003e-17,3.1009216e-21,2.6611043e-14,5.3643583e-12,1.0,0.0,8.240541e-15,7.1472064e-28
Random762
Raw:2.2371369e-11,3.5638455e-29,8.9200365e-17,3.1009454e-21,2.6611043e-14,5.3643583e-12,1.0,0.0,8.24051e-15,7.147234e-28
EFT:2.2371284e-11,3.5638184e-29,8.920003e-17,3.1009216e-21,2.6611043e-14,5.3643583e-12,1.0,0.0,8.240541e-15,7.1472064e-28
Random763
Raw:2.2371455e-11,3.5638455e-29,8.920071e-17,3.1009454e-21,2.6611144e-14,5.3643786e-12,1.0,0.0,8.240541e-15,7.1472613e-28
EFT:2.2371284e-11,3.5638184e-29,8.920003e-17,3.1009216e-21,2.6611043e-14,5.3643583e-12,1.0,0.0,8.240541e-15,7.1472064e-28
Random764
Raw:2.2371455e-11,3.5638455e-29,8.9201046e-17,3.1009454e-21,2.6611144e-14,5.3643786e-12,1.0,0.0,8.240573e-15,7.1472613e-28
EFT:2.2371284e-11,3.5638184e-29,8.920003e-17,3.1009216e-21,2.6611043e-14,5.3643583e-12,1.0,0.0,8.240541e-15,7.1472064e-28
Random765
Raw:2.2371455e-11,3.5638455e-29,8.9201046e-17,3.1009454e-21,2.6611144e-14,5.3643786e-12,1.0,0.0,8.240573e-15,7.1472613e-28
EFT:2.2371284e-11,3.5638184e-29,8.920003e-17,3.1009216e-21,2.6611043e-14,5.3643583e-12,1.0,0.0,8.240541e-15,7.1472064e-28
Random766
Raw:2.2371369e-11,3.5638455e-29,8.9201046e-17,3.100969e-21,2.6611246e-14,5.3643786e-12,1.0,0.0,8.240573e-15,7.1472883e-28
EFT:2.2371284e-11,3.5638184e-29,8.920003e-17,3.1009216e-21,2.6611043e-14,5.3643583e-12,1.0,0.0,8.240541e-15,7.1472064e-28
Random767
Raw:2.2371369e-11,3.5638184e-29,8.9200365e-17,3.1009335e-21,2.6611043e-14,5.3643786e-12,1.0,0.0,8.24051e-15,7.1472064e-28
EFT:2.2371284e-11,3.5638184e-29,8.920003e-17,3.1009216e-21,2.6611043e-14,5.3643583e-12,1.0,0.0,8.240541e-15,7.1472064e-28
Random768
Raw:2.2371369e-11,3.5638455e-29,8.9201046e-17,3.100969e-21,2.6611246e-14,5.3643995e-12,1.0,0.0,8.240573e-15,7.1472883e-28
EFT:2.2371284e-11,3.5638184e-29,8.920003e-17,3.1009216e-21,2.6611043e-14,5.3643583e-12,1.0,0.0,8.240541e-15,7.1472064e-28
Random769
Raw:2.2371455e-11,3.5638455e-29,8.920071e-17,3.1009454e-21,2.6611144e-14,5.3643786e-12,1.0,0.0,8.240573e-15,7.1472613e-28
EFT:2.2371284e-11,3.5638184e-29,8.920003e-17,3.1009216e-21,2.6611043e-14,5.3643583e-12,1.0,0.0,8.240541e-15,7.1472064e-28
Random770
Raw:2.2371199e-11,3.563764e-29,8.9199346e-17,3.100898e-21,2.661084e-14,5.3643175e-12,1.0,0.0,8.240479e-15,7.1470976e-28
EFT:2.2371284e-11,3.5638184e-29,8.920003e-17,3.1009216e-21,2.6611043e-14,5.3643583e-12,1.0,0.0,8.240541e-15,7.1472064e-28
Random771
Raw:2.2371369e-11,3.5638184e-29,8.920071e-17,3.1009335e-21,2.6611043e-14,5.3643786e-12,1.0,0.0,8.240541e-15,7.1472064e-28
EFT:2.2371284e-11,3.5638184e-29,8.920003e-17,3.1009216e-21,2.6611043e-14,5.3643583e-12,1.0,0.0,8.240541e-15,7.1472064e-28
Random772
Raw:2.2371284e-11,3.5638184e-29,8.9200365e-17,3.1009216e-21,2.6611043e-14,5.3643583e-12,1.0,0.0,8.240541e-15,7.1472064e-28
EFT:2.2371284e-11,3.5638184e-29,8.920003e-17,3.1009216e-21,2.6611043e-14,5.3643583e-12,1.0,0.0,8.240541e-15,7.1472064e-28
Random773
Raw:2.2371114e-11,3.563791e-29,8.919968e-17,3.100898e-21,2.6610941e-14,5.3643175e-12,1.0,0.0,8.240479e-15,7.147152e-28
EFT:2.2371284e-11,3.5638184e-29,8.920003e-17,3.1009216e-21,2.6611043e-14,5.3643583e-12,1.0,0.0,8.240541e-15,7.1472064e-28
Random774
Raw:2.2371455e-11,3.5638455e-29,8.920071e-17,3.1009454e-21,2.6611144e-14,5.3643786e-12,1.0,0.0,8.240541e-15,7.1472613e-28
EFT:2.2371284e-11,3.5638184e-29,8.920003e-17,3.1009216e-21,2.6611043e-14,5.3643583e-12,1.0,0.0,8.240541e-15,7.1472064e-28
Random775
Raw:2.2371455e-11,3.5638726e-29,8.9201384e-17,3.1009571e-21,2.6611246e-14,5.3643995e-12,1.0,0.0,8.240604e-15,7.1472883e-28
EFT:2.2371284e-11,3.5638184e-29,8.920003e-17,3.1009216e-21,2.6611043e-14,5.3643583e-12,1.0,0.0,8.240541e-15,7.1472064e-28
Random776
Raw:2.2371455e-11,3.5638455e-29,8.9201046e-17,3.1009454e-21,2.6611144e-14,5.3643786e-12,1.0,0.0,8.240573e-15,7.1472613e-28
EFT:2.2371284e-11,3.5638184e-29,8.920003e-17,3.1009216e-21,2.6611043e-14,5.3643583e-12,1.0,0.0,8.240541e-15,7.1472064e-28
Random777
Raw:2.2371455e-11,3.5638455e-29,8.920071e-17,3.1009454e-21,2.6611144e-14,5.3643786e-12,1.0,0.0,8.240541e-15,7.1472613e-28
EFT:2.2371284e-11,3.5638184e-29,8.920003e-17,3.1009216e-21,2.6611043e-14,5.3643583e-12,1.0,0.0,8.240541e-15,7.1472064e-28
Random778
Raw:2.2371369e-11,3.5638184e-29,8.920071e-17,3.1009335e-21,2.6611144e-14,5.3643786e-12,1.0,0.0,8.240541e-15,7.1472064e-28
EFT:2.2371284e-11,3.5638184e-29,8.920003e-17,3.1009216e-21,2.6611043e-14,5.3643583e-12,1.0,0.0,8.240541e-15,7.1472064e-28
Random779
Raw:2.2371369e-11,3.5638184e-29,8.920071e-17,3.1009335e-21,2.6611043e-14,5.3643786e-12,1.0,0.0,8.240541e-15,7.1472064e-28
EFT:2.2371284e-11,3.5638184e-29,8.920003e-17,3.1009216e-21,2.6611043e-14,5.3643583e-12,1.0,0.0,8.240541e-15,7.1472064e-28
Random780
Raw:2.2371369e-11,3.5638184e-29,8.920071e-17,3.1009335e-21,2.6611144e-14,5.3643786e-12,1.0,0.0,8.240541e-15,7.1472064e-28
EFT:2.2371284e-11,3.5638184e-29,8.920003e-17,3.1009216e-21,2.6611043e-14,5.3643583e-12,1.0,0.0,8.240541e-15,7.1472064e-28
Random781
Raw:2.237171e-11,3.563927e-29,8.9202065e-17,3.1010163e-21,2.661155e-14,5.3644402e-12,1.0,0.0,8.240667e-15,7.147452e-28
EFT:2.2371284e-11,3.5638184e-29,8.920003e-17,3.1009216e-21,2.6611043e-14,5.3643583e-12,1.0,0.0,8.240541e-15,7.1472064e-28
Random782
Raw:2.2371284e-11,3.563791e-29,8.9200365e-17,3.1009216e-21,2.6611043e-14,5.3643583e-12,1.0,0.0,8.24051e-15,7.147152e-28
EFT:2.2371284e-11,3.5638184e-29,8.920003e-17,3.1009216e-21,2.6611043e-14,5.3643583e-12,1.0,0.0,8.240541e-15,7.1472064e-28
Random783
Raw:2.2371284e-11,3.5638184e-29,8.920003e-17,3.1009216e-21,2.6611043e-14,5.3643583e-12,1.0,0.0,8.24051e-15,7.1472064e-28
EFT:2.2371284e-11,3.5638184e-29,8.920003e-17,3.1009216e-21,2.6611043e-14,5.3643583e-12,1.0,0.0,8.240541e-15,7.1472064e-28
Random784
Raw:2.2371284e-11,3.5638184e-29,8.9200365e-17,3.1009454e-21,2.6611043e-14,5.364338e-12,1.0,0.0,8.24051e-15,7.147234e-28
EFT:2.2371284e-11,3.5638184e-29,8.920003e-17,3.1009216e-21,2.6611043e-14,5.3643583e-12,1.0,0.0,8.240541e-15,7.1472064e-28
Random785
Raw:2.2371284e-11,3.5638184e-29,8.9200365e-17,3.1009216e-21,2.6611043e-14,5.3643583e-12,1.0,0.0,8.240541e-15,7.1472064e-28
EFT:2.2371284e-11,3.5638184e-29,8.920003e-17,3.1009216e-21,2.6611043e-14,5.3643583e-12,1.0,0.0,8.240541e-15,7.1472064e-28
Random786
Raw:2.2371199e-11,3.563791e-29,8.920003e-17,3.100898e-21,2.6610941e-14,5.3643583e-12,1.0,0.0,8.240479e-15,7.147152e-28
EFT:2.2371284e-11,3.5638184e-29,8.920003e-17,3.1009216e-21,2.6611043e-14,5.3643583e-12,1.0,0.0,8.240541e-15,7.1472064e-28
Random787
Raw:2.2371114e-11,3.5637366e-29,8.9199346e-17,3.1008743e-21,2.661084e-14,5.364297e-12,1.0,0.0,8.240415e-15,7.147043e-28
EFT:2.2371284e-11,3.5638184e-29,8.920003e-17,3.1009216e-21,2.6611043e-14,5.3643583e-12,1.0,0.0,8.240541e-15,7.1472064e-28
Random788
Raw:2.2371114e-11,3.563764e-29,8.919968e-17,3.1008863e-21,2.661084e-14,5.3643175e-12,1.0,0.0,8.2404464e-15,7.1470976e-28
EFT:2.2371284e-11,3.5638184e-29,8.920003e-17,3.1009216e-21,2.6611043e-14,5.3643583e-12,1.0,0.0,8.240541e-15,7.1472064e-28
Random789
Raw:2.2371029e-11,3.5637366e-29,8.9199e-17,3.1008743e-21,2.6610738e-14,5.3642767e-12,1.0,0.0,8.240415e-15,7.147043e-28
EFT:2.2371284e-11,3.5638184e-29,8.920003e-17,3.1009216e-21,2.6611043e-14,5.3643583e-12,1.0,0.0,8.240541e-15,7.1472064e-28
Random790
Raw:2.2371199e-11,3.563764e-29,8.919968e-17,3.100898e-21,2.6610941e-14,5.3643175e-12,1.0,0.0,8.240479e-15,7.1470976e-28
EFT:2.2371284e-11,3.5638184e-29,8.920003e-17,3.1009216e-21,2.6611043e-14,5.3643583e-12,1.0,0.0,8.240541e-15,7.1472064e-28
Random791
Raw:2.2371284e-11,3.5638184e-29,8.920003e-17,3.1009216e-21,2.6611043e-14,5.3643583e-12,1.0,0.0,8.24051e-15,7.1472064e-28
EFT:2.2371284e-11,3.5638184e-29,8.920003e-17,3.1009216e-21,2.6611043e-14,5.3643583e-12,1.0,0.0,8.240541e-15,7.1472064e-28
Random792
Raw:2.2371369e-11,3.5638455e-29,8.920071e-17,3.1009454e-21,2.6611144e-14,5.3643583e-12,1.0,0.0,8.240541e-15,7.147234e-28
EFT:2.2371284e-11,3.5638184e-29,8.920003e-17,3.1009216e-21,2.6611043e-14,5.3643583e-12,1.0,0.0,8.240541e-15,7.1472064e-28
Random793
Raw:2.237154e-11,3.5638455e-29,8.9201384e-17,3.100969e-21,2.6611348e-14,5.3643995e-12,1.0,0.0,8.240604e-15,7.1473157e-28
EFT:2.2371284e-11,3.5638184e-29,8.920003e-17,3.1009216e-21,2.6611043e-14,5.3643583e-12,1.0,0.0,8.240541e-15,7.1472064e-28
Random794
Raw:2.2371369e-11,3.5638455e-29,8.920071e-17,3.1009454e-21,2.6611043e-14,5.3643583e-12,1.0,0.0,8.240541e-15,7.147234e-28
EFT:2.2371284e-11,3.5638184e-29,8.920003e-17,3.1009216e-21,2.6611043e-14,5.3643583e-12,1.0,0.0,8.240541e-15,7.1472064e-28
Random795
Raw:2.2371284e-11,3.563791e-29,8.920003e-17,3.100898e-21,2.6610941e-14,5.3643583e-12,1.0,0.0,8.24051e-15,7.147152e-28
EFT:2.2371284e-11,3.5638184e-29,8.920003e-17,3.1009216e-21,2.6611043e-14,5.3643583e-12,1.0,0.0,8.240541e-15,7.1472064e-28
Random796
Raw:2.2371114e-11,3.5637366e-29,8.9199e-17,3.1008743e-21,2.6610738e-14,5.364297e-12,1.0,0.0,8.240415e-15,7.147043e-28
EFT:2.2371284e-11,3.5638184e-29,8.920003e-17,3.1009216e-21,2.6611043e-14,5.3643583e-12,1.0,0.0,8.240541e-15,7.1472064e-28
Random797
Raw:2.2371284e-11,3.5638184e-29,8.9200365e-17,3.1009216e-21,2.6611043e-14,5.3643583e-12,1.0,0.0,8.240541e-15,7.1472064e-28
EFT:2.2371284e-11,3.5638184e-29,8.920003e-17,3.1009216e-21,2.6611043e-14,5.3643583e-12,1.0,0.0,8.240541e-15,7.1472064e-28
Random798
Raw:2.2371114e-11,3.563764e-29,8.919968e-17,3.1008863e-21,2.661084e-14,5.364338e-12,1.0,0.0,8.2404464e-15,7.1470976e-28
EFT:2.2371284e-11,3.5638184e-29,8.920003e-17,3.1009216e-21,2.6611043e-14,5.3643583e-12,1.0,0.0,8.240541e-15,7.1472064e-28
Random799
Raw:2.2371284e-11,3.5638184e-29,8.920003e-17,3.1009216e-21,2.6611043e-14,5.3643583e-12,1.0,0.0,8.24051e-15,7.1472064e-28
EFT:2.2371284e-11,3.5638184e-29,8.920003e-17,3.1009216e-21,2.6611043e-14,5.3643583e-12,1.0,0.0,8.240541e-15,7.1472064e-28
Random800
Raw:2.2371199e-11,3.563764e-29,8.919968e-17,3.100898e-21,2.6610941e-14,5.3643175e-12,1.0,0.0,8.240479e-15,7.1470976e-28
EFT:2.2371284e-11,3.5638184e-29,8.920003e-17,3.1009216e-21,2.6611043e-14,5.3643583e-12,1.0,0.0,8.240541e-15,7.1472064e-28
Random801
Raw:2.2371284e-11,3.563791e-29,8.920003e-17,3.1009216e-21,2.6610941e-14,5.3643583e-12,1.0,0.0,8.240479e-15,7.147152e-28
EFT:2.2371284e-11,3.5638184e-29,8.920003e-17,3.1009216e-21,2.6611043e-14,5.3643583e-12,1.0,0.0,8.240541e-15,7.1472064e-28
Random802
Raw:2.2371369e-11,3.5638184e-29,8.9200365e-17,3.1009335e-21,2.6611043e-14,5.3643786e-12,1.0,0.0,8.240541e-15,7.1472064e-28
EFT:2.2371284e-11,3.5638184e-29,8.920003e-17,3.1009216e-21,2.6611043e-14,5.3643583e-12,1.0,0.0,8.240541e-15,7.1472064e-28
Random803
Raw:2.2371455e-11,3.5638726e-29,8.9201384e-17,3.1009571e-21,2.6611246e-14,5.3643995e-12,1.0,0.0,8.240604e-15,7.1472883e-28
EFT:2.2371284e-11,3.5638184e-29,8.920003e-17,3.1009216e-21,2.6611043e-14,5.3643583e-12,1.0,0.0,8.240541e-15,7.1472064e-28
Random804
Raw:2.2371369e-11,3.5638184e-29,8.920071e-17,3.1009335e-21,2.6611043e-14,5.3643786e-12,1.0,0.0,8.240541e-15,7.1472064e-28
EFT:2.2371284e-11,3.5638184e-29,8.920003e-17,3.1009216e-21,2.6611043e-14,5.3643583e-12,1.0,0.0,8.240541e-15,7.1472064e-28
Random805
Raw:2.2371369e-11,3.5638184e-29,8.920071e-17,3.1009571e-21,2.6611144e-14,5.3643786e-12,1.0,0.0,8.240541e-15,7.1472613e-28
EFT:2.2371284e-11,3.5638184e-29,8.920003e-17,3.1009216e-21,2.6611043e-14,5.3643583e-12,1.0,0.0,8.240541e-15,7.1472064e-28
Random806
Raw:2.2371369e-11,3.5638184e-29,8.9200365e-17,3.1009335e-21,2.6611043e-14,5.3643786e-12,1.0,0.0,8.24051e-15,7.1472064e-28
EFT:2.2371284e-11,3.5638184e-29,8.920003e-17,3.1009216e-21,2.6611043e-14,5.3643583e-12,1.0,0.0,8.240541e-15,7.1472064e-28
Random807
Raw:2.2371284e-11,3.5638184e-29,8.9200365e-17,3.1009216e-21,2.6611043e-14,5.3643583e-12,1.0,0.0,8.240541e-15,7.1472064e-28
EFT:2.2371284e-11,3.5638184e-29,8.920003e-17,3.1009216e-21,2.6611043e-14,5.3643583e-12,1.0,0.0,8.240541e-15,7.1472064e-28
Random808
Raw:2.2371284e-11,3.5638184e-29,8.9200365e-17,3.1009454e-21,2.6611043e-14,5.364338e-12,1.0,0.0,8.24051e-15,7.147234e-28
EFT:2.2371284e-11,3.5638184e-29,8.920003e-17,3.1009216e-21,2.6611043e-14,5.3643583e-12,1.0,0.0,8.240541e-15,7.1472064e-28
Random809
Raw:2.2371284e-11,3.5638184e-29,8.920003e-17,3.1009216e-21,2.6611043e-14,5.3643583e-12,1.0,0.0,8.24051e-15,7.1472064e-28
EFT:2.2371284e-11,3.5638184e-29,8.920003e-17,3.1009216e-21,2.6611043e-14,5.3643583e-12,1.0,0.0,8.240541e-15,7.1472064e-28
Random810
Raw:2.2371455e-11,3.5638455e-29,8.920071e-17,3.1009454e-21,2.6611144e-14,5.3643786e-12,1.0,0.0,8.240541e-15,7.1472613e-28
EFT:2.2371284e-11,3.5638184e-29,8.920003e-17,3.1009216e-21,2.6611043e-14,5.3643583e-12,1.0,0.0,8.240541e-15,7.1472064e-28
Random811
Raw:2.2371369e-11,3.5638184e-29,8.920071e-17,3.1009335e-21,2.6611043e-14,5.3643786e-12,1.0,0.0,8.240541e-15,7.1472064e-28
EFT:2.2371284e-11,3.5638184e-29,8.920003e-17,3.1009216e-21,2.6611043e-14,5.3643583e-12,1.0,0.0,8.240541e-15,7.1472064e-28
Random812
Raw:2.2371455e-11,3.5638455e-29,8.9201046e-17,3.1009454e-21,2.6611144e-14,5.3643786e-12,1.0,0.0,8.240573e-15,7.1472613e-28
EFT:2.2371284e-11,3.5638184e-29,8.920003e-17,3.1009216e-21,2.6611043e-14,5.3643583e-12,1.0,0.0,8.240541e-15,7.1472064e-28
Random813
Raw:2.2371284e-11,3.5638184e-29,8.9200365e-17,3.1009216e-21,2.6611043e-14,5.3643583e-12,1.0,0.0,8.24051e-15,7.1472064e-28
EFT:2.2371284e-11,3.5638184e-29,8.920003e-17,3.1009216e-21,2.6611043e-14,5.3643583e-12,1.0,0.0,8.240541e-15,7.1472064e-28
Random814
Raw:2.2371369e-11,3.5638184e-29,8.9200365e-17,3.1009335e-21,2.6611043e-14,5.3643786e-12,1.0,0.0,8.24051e-15,7.1472064e-28
EFT:2.2371284e-11,3.5638184e-29,8.920003e-17,3.1009216e-21,2.6611043e-14,5.3643583e-12,1.0,0.0,8.240541e-15,7.1472064e-28
Random815
Raw:2.2371455e-11,3.5638455e-29,8.9201046e-17,3.1009454e-21,2.6611246e-14,5.3643786e-12,1.0,0.0,8.240573e-15,7.1472613e-28
EFT:2.2371284e-11,3.5638184e-29,8.920003e-17,3.1009216e-21,2.6611043e-14,5.3643583e-12,1.0,0.0,8.240541e-15,7.1472064e-28
Random816
Raw:2.2371284e-11,3.5638184e-29,8.9200365e-17,3.1009216e-21,2.6611043e-14,5.3643583e-12,1.0,0.0,8.240541e-15,7.1472064e-28
EFT:2.2371284e-11,3.5638184e-29,8.920003e-17,3.1009216e-21,2.6611043e-14,5.3643583e-12,1.0,0.0,8.240541e-15,7.1472064e-28
Random817
Raw:2.2371114e-11,3.5637366e-29,8.9199e-17,3.1008743e-21,2.6610738e-14,5.364297e-12,1.0,0.0,8.240415e-15,7.147043e-28
EFT:2.2371284e-11,3.5638184e-29,8.920003e-17,3.1009216e-21,2.6611043e-14,5.3643583e-12,1.0,0.0,8.240541e-15,7.1472064e-28
Random818
Raw:2.2371284e-11,3.5638184e-29,8.9200365e-17,3.1009216e-21,2.6611043e-14,5.3643583e-12,1.0,0.0,8.240541e-15,7.1472064e-28
EFT:2.2371284e-11,3.5638184e-29,8.920003e-17,3.1009216e-21,2.6611043e-14,5.3643583e-12,1.0,0.0,8.240541e-15,7.1472064e-28
Random819
Raw:2.2371369e-11,3.5638184e-29,8.920071e-17,3.1009335e-21,2.6611043e-14,5.3643786e-12,1.0,0.0,8.240541e-15,7.1472064e-28
EFT:2.2371284e-11,3.5638184e-29,8.920003e-17,3.1009216e-21,2.6611043e-14,5.3643583e-12,1.0,0.0,8.240541e-15,7.1472064e-28
Random820
Raw:2.2371284e-11,3.5638184e-29,8.920003e-17,3.1009216e-21,2.6611043e-14,5.3643583e-12,1.0,0.0,8.24051e-15,7.1472064e-28
EFT:2.2371284e-11,3.5638184e-29,8.920003e-17,3.1009216e-21,2.6611043e-14,5.3643583e-12,1.0,0.0,8.240541e-15,7.1472064e-28
Random821
Raw:2.2371369e-11,3.5638184e-29,8.920071e-17,3.1009335e-21,2.6611043e-14,5.3643786e-12,1.0,0.0,8.240541e-15,7.1472064e-28
EFT:2.2371284e-11,3.5638184e-29,8.920003e-17,3.1009216e-21,2.6611043e-14,5.3643583e-12,1.0,0.0,8.240541e-15,7.1472064e-28
Random822
Raw:2.2371284e-11,3.5638184e-29,8.9200365e-17,3.1009216e-21,2.6611043e-14,5.3643583e-12,1.0,0.0,8.240541e-15,7.1472064e-28
EFT:2.2371284e-11,3.5638184e-29,8.920003e-17,3.1009216e-21,2.6611043e-14,5.3643583e-12,1.0,0.0,8.240541e-15,7.1472064e-28
Random823
Raw:2.2371369e-11,3.5638455e-29,8.9200365e-17,3.1009454e-21,2.6611043e-14,5.3643583e-12,1.0,0.0,8.24051e-15,7.147234e-28
EFT:2.2371284e-11,3.5638184e-29,8.920003e-17,3.1009216e-21,2.6611043e-14,5.3643583e-12,1.0,0.0,8.240541e-15,7.1472064e-28
Random824
Raw:2.2371284e-11,3.563791e-29,8.920003e-17,3.1009216e-21,2.6610941e-14,5.3643583e-12,1.0,0.0,8.240479e-15,7.147152e-28
EFT:2.2371284e-11,3.5638184e-29,8.920003e-17,3.1009216e-21,2.6611043e-14,5.3643583e-12,1.0,0.0,8.240541e-15,7.1472064e-28
Random825
Raw:2.2371284e-11,3.563791e-29,8.920003e-17,3.100898e-21,2.6610941e-14,5.3643583e-12,1.0,0.0,8.24051e-15,7.147152e-28
EFT:2.2371284e-11,3.5638184e-29,8.920003e-17,3.1009216e-21,2.6611043e-14,5.3643583e-12,1.0,0.0,8.240541e-15,7.1472064e-28
Random826
Raw:2.237154e-11,3.5638455e-29,8.9201384e-17,3.100969e-21,2.6611246e-14,5.3643995e-12,1.0,0.0,8.240604e-15,7.1473157e-28
EFT:2.2371284e-11,3.5638184e-29,8.920003e-17,3.1009216e-21,2.6611043e-14,5.3643583e-12,1.0,0.0,8.240541e-15,7.1472064e-28
Random827
Raw:2.2371284e-11,3.563791e-29,8.9200365e-17,3.1009216e-21,2.6610941e-14,5.3643583e-12,1.0,0.0,8.24051e-15,7.147152e-28
EFT:2.2371284e-11,3.5638184e-29,8.920003e-17,3.1009216e-21,2.6611043e-14,5.3643583e-12,1.0,0.0,8.240541e-15,7.1472064e-28
Random828
Raw:2.2371284e-11,3.5638184e-29,8.9200365e-17,3.1009216e-21,2.6611043e-14,5.3643583e-12,1.0,0.0,8.240541e-15,7.1472064e-28
EFT:2.2371284e-11,3.5638184e-29,8.920003e-17,3.1009216e-21,2.6611043e-14,5.3643583e-12,1.0,0.0,8.240541e-15,7.1472064e-28
Random829
Raw:2.2371114e-11,3.563764e-29,8.919968e-17,3.1008863e-21,2.661084e-14,5.364338e-12,1.0,0.0,8.2404464e-15,7.1470976e-28
EFT:2.2371284e-11,3.5638184e-29,8.920003e-17,3.1009216e-21,2.6611043e-14,5.3643583e-12,1.0,0.0,8.240541e-15,7.1472064e-28
Random830
Raw:2.2371455e-11,3.5638726e-29,8.9201384e-17,3.1009571e-21,2.6611246e-14,5.3643995e-12,1.0,0.0,8.240604e-15,7.1472883e-28
EFT:2.2371284e-11,3.5638184e-29,8.920003e-17,3.1009216e-21,2.6611043e-14,5.3643583e-12,1.0,0.0,8.240541e-15,7.1472064e-28
Random831
Raw:2.2371369e-11,3.5638184e-29,8.920071e-17,3.1009335e-21,2.6611043e-14,5.3643786e-12,1.0,0.0,8.240541e-15,7.1472064e-28
EFT:2.2371284e-11,3.5638184e-29,8.920003e-17,3.1009216e-21,2.6611043e-14,5.3643583e-12,1.0,0.0,8.240541e-15,7.1472064e-28
Random832
Raw:2.2371284e-11,3.5638184e-29,8.9200365e-17,3.1009216e-21,2.6611144e-14,5.3643583e-12,1.0,0.0,8.240541e-15,7.1472064e-28
EFT:2.2371284e-11,3.5638184e-29,8.920003e-17,3.1009216e-21,2.6611043e-14,5.3643583e-12,1.0,0.0,8.240541e-15,7.1472064e-28
Random833
Raw:2.2371284e-11,3.563791e-29,8.9200365e-17,3.1009216e-21,2.6610941e-14,5.3643583e-12,1.0,0.0,8.24051e-15,7.147152e-28
EFT:2.2371284e-11,3.5638184e-29,8.920003e-17,3.1009216e-21,2.6611043e-14,5.3643583e-12,1.0,0.0,8.240541e-15,7.1472064e-28
Random834
Raw:2.2371284e-11,3.5638184e-29,8.9200365e-17,3.1009216e-21,2.6611043e-14,5.3643583e-12,1.0,0.0,8.240541e-15,7.1472064e-28
EFT:2.2371284e-11,3.5638184e-29,8.920003e-17,3.1009216e-21,2.6611043e-14,5.3643583e-12,1.0,0.0,8.240541e-15,7.1472064e-28
Random835
Raw:2.2371369e-11,3.5638184e-29,8.920071e-17,3.1009335e-21,2.6611043e-14,5.3643786e-12,1.0,0.0,8.240541e-15,7.1472064e-28
EFT:2.2371284e-11,3.5638184e-29,8.920003e-17,3.1009216e-21,2.6611043e-14,5.3643583e-12,1.0,0.0,8.240541e-15,7.1472064e-28
Random836
Raw:2.2371199e-11,3.563764e-29,8.919968e-17,3.100898e-21,2.661084e-14,5.3643175e-12,1.0,0.0,8.240479e-15,7.1470976e-28
EFT:2.2371284e-11,3.5638184e-29,8.920003e-17,3.1009216e-21,2.6611043e-14,5.3643583e-12,1.0,0.0,8.240541e-15,7.1472064e-28
Random837
Raw:2.2371455e-11,3.5638455e-29,8.920071e-17,3.1009454e-21,2.6611144e-14,5.3643786e-12,1.0,0.0,8.240541e-15,7.1472613e-28
EFT:2.2371284e-11,3.5638184e-29,8.920003e-17,3.1009216e-21,2.6611043e-14,5.3643583e-12,1.0,0.0,8.240541e-15,7.1472064e-28
Random838
Raw:2.2371114e-11,3.563791e-29,8.919968e-17,3.100898e-21,2.6610941e-14,5.3643175e-12,1.0,0.0,8.240479e-15,7.147152e-28
EFT:2.2371284e-11,3.5638184e-29,8.920003e-17,3.1009216e-21,2.6611043e-14,5.3643583e-12,1.0,0.0,8.240541e-15,7.1472064e-28
Random839
Raw:2.2371114e-11,3.563764e-29,8.919968e-17,3.1008863e-21,2.661084e-14,5.3643175e-12,1.0,0.0,8.2404464e-15,7.1470976e-28
EFT:2.2371284e-11,3.5638184e-29,8.920003e-17,3.1009216e-21,2.6611043e-14,5.3643583e-12,1.0,0.0,8.240541e-15,7.1472064e-28
Random840
Raw:2.2371284e-11,3.563791e-29,8.9200365e-17,3.1009216e-21,2.6610941e-14,5.3643583e-12,1.0,0.0,8.24051e-15,7.147152e-28
EFT:2.2371284e-11,3.5638184e-29,8.920003e-17,3.1009216e-21,2.6611043e-14,5.3643583e-12,1.0,0.0,8.240541e-15,7.1472064e-28
Random841
Raw:2.2371199e-11,3.563764e-29,8.919968e-17,3.100898e-21,2.661084e-14,5.3643175e-12,1.0,0.0,8.240479e-15,7.1470976e-28
EFT:2.2371284e-11,3.5638184e-29,8.920003e-17,3.1009216e-21,2.6611043e-14,5.3643583e-12,1.0,0.0,8.240541e-15,7.1472064e-28
Random842
Raw:2.2371369e-11,3.5638184e-29,8.920071e-17,3.1009216e-21,2.6611144e-14,5.3643786e-12,1.0,0.0,8.240541e-15,7.1472064e-28
EFT:2.2371284e-11,3.5638184e-29,8.920003e-17,3.1009216e-21,2.6611043e-14,5.3643583e-12,1.0,0.0,8.240541e-15,7.1472064e-28
Random843
Raw:2.2371455e-11,3.5638455e-29,8.9201046e-17,3.1009454e-21,2.6611144e-14,5.3643786e-12,1.0,0.0,8.240573e-15,7.1472613e-28
EFT:2.2371284e-11,3.5638184e-29,8.920003e-17,3.1009216e-21,2.6611043e-14,5.3643583e-12,1.0,0.0,8.240541e-15,7.1472064e-28
Random844
Raw:2.2371369e-11,3.5638184e-29,8.920071e-17,3.1009216e-21,2.6611144e-14,5.3643786e-12,1.0,0.0,8.240541e-15,7.1472064e-28
EFT:2.2371284e-11,3.5638184e-29,8.920003e-17,3.1009216e-21,2.6611043e-14,5.3643583e-12,1.0,0.0,8.240541e-15,7.1472064e-28
Random845
Raw:2.2371199e-11,3.5638184e-29,8.920003e-17,3.1009335e-21,2.6611043e-14,5.3643583e-12,1.0,0.0,8.24051e-15,7.1472064e-28
EFT:2.2371284e-11,3.5638184e-29,8.920003e-17,3.1009216e-21,2.6611043e-14,5.3643583e-12,1.0,0.0,8.240541e-15,7.1472064e-28
Random846
Raw:2.2371455e-11,3.5638726e-29,8.9201046e-17,3.1009571e-21,2.6611246e-14,5.3643995e-12,1.0,0.0,8.240573e-15,7.1472883e-28
EFT:2.2371284e-11,3.5638184e-29,8.920003e-17,3.1009216e-21,2.6611043e-14,5.3643583e-12,1.0,0.0,8.240541e-15,7.1472064e-28
Random847
Raw:2.2371284e-11,3.5638184e-29,8.920003e-17,3.1009216e-21,2.6611043e-14,5.3643583e-12,1.0,0.0,8.24051e-15,7.1472064e-28
EFT:2.2371284e-11,3.5638184e-29,8.920003e-17,3.1009216e-21,2.6611043e-14,5.3643583e-12,1.0,0.0,8.240541e-15,7.1472064e-28
Random848
Raw:2.2371284e-11,3.5638184e-29,8.9200365e-17,3.1009216e-21,2.6611043e-14,5.3643583e-12,1.0,0.0,8.240541e-15,7.1472064e-28
EFT:2.2371284e-11,3.5638184e-29,8.920003e-17,3.1009216e-21,2.6611043e-14,5.3643583e-12,1.0,0.0,8.240541e-15,7.1472064e-28
Random849
Raw:2.2371455e-11,3.5638455e-29,8.920071e-17,3.1009454e-21,2.6611144e-14,5.3643786e-12,1.0,0.0,8.240573e-15,7.1472613e-28
EFT:2.2371284e-11,3.5638184e-29,8.920003e-17,3.1009216e-21,2.6611043e-14,5.3643583e-12,1.0,0.0,8.240541e-15,7.1472064e-28
Random850
Raw:2.2371284e-11,3.5638184e-29,8.920003e-17,3.1009335e-21,2.6611043e-14,5.3643583e-12,1.0,0.0,8.24051e-15,7.1472064e-28
EFT:2.2371284e-11,3.5638184e-29,8.920003e-17,3.1009216e-21,2.6611043e-14,5.3643583e-12,1.0,0.0,8.240541e-15,7.1472064e-28
Random851
Raw:2.2371369e-11,3.5638455e-29,8.9201046e-17,3.100969e-21,2.6611246e-14,5.3643995e-12,1.0,0.0,8.240573e-15,7.1472883e-28
EFT:2.2371284e-11,3.5638184e-29,8.920003e-17,3.1009216e-21,2.6611043e-14,5.3643583e-12,1.0,0.0,8.240541e-15,7.1472064e-28
Random852
Raw:2.2371284e-11,3.563791e-29,8.920003e-17,3.1009216e-21,2.6610941e-14,5.3643583e-12,1.0,0.0,8.24051e-15,7.147152e-28
EFT:2.2371284e-11,3.5638184e-29,8.920003e-17,3.1009216e-21,2.6611043e-14,5.3643583e-12,1.0,0.0,8.240541e-15,7.1472064e-28
Random853
Raw:2.2371369e-11,3.5638455e-29,8.9200365e-17,3.1009454e-21,2.6611043e-14,5.3643583e-12,1.0,0.0,8.24051e-15,7.147234e-28
EFT:2.2371284e-11,3.5638184e-29,8.920003e-17,3.1009216e-21,2.6611043e-14,5.3643583e-12,1.0,0.0,8.240541e-15,7.1472064e-28
Random854
Raw:2.2371114e-11,3.563764e-29,8.919968e-17,3.100898e-21,2.661084e-14,5.3643175e-12,1.0,0.0,8.2404464e-15,7.1470976e-28
EFT:2.2371284e-11,3.5638184e-29,8.920003e-17,3.1009216e-21,2.6611043e-14,5.3643583e-12,1.0,0.0,8.240541e-15,7.1472064e-28
Random855
Raw:2.2371369e-11,3.5638184e-29,8.9200365e-17,3.1009335e-21,2.6611043e-14,5.3643786e-12,1.0,0.0,8.24051e-15,7.1472064e-28
EFT:2.2371284e-11,3.5638184e-29,8.920003e-17,3.1009216e-21,2.6611043e-14,5.3643583e-12,1.0,0.0,8.240541e-15,7.1472064e-28
Random856
Raw:2.2371369e-11,3.5638184e-29,8.9200365e-17,3.1009335e-21,2.6611043e-14,5.3643786e-12,1.0,0.0,8.240541e-15,7.1472064e-28
EFT:2.2371284e-11,3.5638184e-29,8.920003e-17,3.1009216e-21,2.6611043e-14,5.3643583e-12,1.0,0.0,8.240541e-15,7.1472064e-28
Random857
Raw:2.2371369e-11,3.5638184e-29,8.9200365e-17,3.1009335e-21,2.6611043e-14,5.3643786e-12,1.0,0.0,8.24051e-15,7.1472064e-28
EFT:2.2371284e-11,3.5638184e-29,8.920003e-17,3.1009216e-21,2.6611043e-14,5.3643583e-12,1.0,0.0,8.240541e-15,7.1472064e-28
Random858
Raw:2.2371284e-11,3.5638184e-29,8.9200365e-17,3.1009216e-21,2.6611144e-14,5.3643583e-12,1.0,0.0,8.240541e-15,7.1472064e-28
EFT:2.2371284e-11,3.5638184e-29,8.920003e-17,3.1009216e-21,2.6611043e-14,5.3643583e-12,1.0,0.0,8.240541e-15,7.1472064e-28
Random859
Raw:2.2371455e-11,3.5638455e-29,8.9201046e-17,3.100969e-21,2.6611246e-14,5.3643786e-12,1.0,0.0,8.240573e-15,7.1473157e-28
EFT:2.2371284e-11,3.5638184e-29,8.920003e-17,3.1009216e-21,2.6611043e-14,5.3643583e-12,1.0,0.0,8.240541e-15,7.1472064e-28
Random860
Raw:2.2371369e-11,3.5638184e-29,8.9200365e-17,3.1009335e-21,2.6611043e-14,5.3643786e-12,1.0,0.0,8.240541e-15,7.1472064e-28
EFT:2.2371284e-11,3.5638184e-29,8.920003e-17,3.1009216e-21,2.6611043e-14,5.3643583e-12,1.0,0.0,8.240541e-15,7.1472064e-28
Random861
Raw:2.2371369e-11,3.5638184e-29,8.920071e-17,3.1009335e-21,2.6611043e-14,5.3643786e-12,1.0,0.0,8.240541e-15,7.1472064e-28
EFT:2.2371284e-11,3.5638184e-29,8.920003e-17,3.1009216e-21,2.6611043e-14,5.3643583e-12,1.0,0.0,8.240541e-15,7.1472064e-28
Random862
Raw:2.2371369e-11,3.5638184e-29,8.9200365e-17,3.1009335e-21,2.6611043e-14,5.3643786e-12,1.0,0.0,8.24051e-15,7.1472064e-28
EFT:2.2371284e-11,3.5638184e-29,8.920003e-17,3.1009216e-21,2.6611043e-14,5.3643583e-12,1.0,0.0,8.240541e-15,7.1472064e-28
Random863
Raw:2.2371455e-11,3.5638455e-29,8.9201046e-17,3.100969e-21,2.6611246e-14,5.3643786e-12,1.0,0.0,8.240573e-15,7.1473157e-28
EFT:2.2371284e-11,3.5638184e-29,8.920003e-17,3.1009216e-21,2.6611043e-14,5.3643583e-12,1.0,0.0,8.240541e-15,7.1472064e-28
Random864
Raw:2.2371369e-11,3.5638184e-29,8.920071e-17,3.1009454e-21,2.6611144e-14,5.3643583e-12,1.0,0.0,8.240541e-15,7.1472613e-28
EFT:2.2371284e-11,3.5638184e-29,8.920003e-17,3.1009216e-21,2.6611043e-14,5.3643583e-12,1.0,0.0,8.240541e-15,7.1472064e-28
Random865
Raw:2.2371369e-11,3.5638184e-29,8.920071e-17,3.1009335e-21,2.6611043e-14,5.3643786e-12,1.0,0.0,8.240541e-15,7.1472064e-28
EFT:2.2371284e-11,3.5638184e-29,8.920003e-17,3.1009216e-21,2.6611043e-14,5.3643583e-12,1.0,0.0,8.240541e-15,7.1472064e-28
Random866
Raw:2.2371114e-11,3.563764e-29,8.919968e-17,3.1008863e-21,2.661084e-14,5.3643175e-12,1.0,0.0,8.2404464e-15,7.1470976e-28
EFT:2.2371284e-11,3.5638184e-29,8.920003e-17,3.1009216e-21,2.6611043e-14,5.3643583e-12,1.0,0.0,8.240541e-15,7.1472064e-28
Random867
Raw:2.2371114e-11,3.5637095e-29,8.9198664e-17,3.1008507e-21,2.6610636e-14,5.364297e-12,1.0,0.0,8.240384e-15,7.147016e-28
EFT:2.2371284e-11,3.5638184e-29,8.920003e-17,3.1009216e-21,2.6611043e-14,5.3643583e-12,1.0,0.0,8.240541e-15,7.1472064e-28
Random868
Raw:2.237154e-11,3.5639e-29,8.9201384e-17,3.100969e-21,2.6611348e-14,5.36442e-12,1.0,0.0,8.240604e-15,7.1473427e-28
EFT:2.2371284e-11,3.5638184e-29,8.920003e-17,3.1009216e-21,2.6611043e-14,5.3643583e-12,1.0,0.0,8.240541e-15,7.1472064e-28
Random869
Raw:2.2371284e-11,3.563791e-29,8.9200365e-17,3.1009216e-21,2.6611043e-14,5.3643583e-12,1.0,0.0,8.24051e-15,7.147152e-28
EFT:2.2371284e-11,3.5638184e-29,8.920003e-17,3.1009216e-21,2.6611043e-14,5.3643583e-12,1.0,0.0,8.240541e-15,7.1472064e-28
Random870
Raw:2.2371284e-11,3.563791e-29,8.9200365e-17,3.1009216e-21,2.6610941e-14,5.3643583e-12,1.0,0.0,8.24051e-15,7.147152e-28
EFT:2.2371284e-11,3.5638184e-29,8.920003e-17,3.1009216e-21,2.6611043e-14,5.3643583e-12,1.0,0.0,8.240541e-15,7.1472064e-28
Random871
Raw:2.2371199e-11,3.563764e-29,8.919968e-17,3.1008863e-21,2.661084e-14,5.364338e-12,1.0,0.0,8.240479e-15,7.1470976e-28
EFT:2.2371284e-11,3.5638184e-29,8.920003e-17,3.1009216e-21,2.6611043e-14,5.3643583e-12,1.0,0.0,8.240541e-15,7.1472064e-28
Random872
Raw:2.2371199e-11,3.563764e-29,8.919968e-17,3.100898e-21,2.661084e-14,5.3643175e-12,1.0,0.0,8.240479e-15,7.1470976e-28
EFT:2.2371284e-11,3.5638184e-29,8.920003e-17,3.1009216e-21,2.6611043e-14,5.3643583e-12,1.0,0.0,8.240541e-15,7.1472064e-28
Random873
Raw:2.2371455e-11,3.5638455e-29,8.920071e-17,3.1009454e-21,2.6611144e-14,5.3643786e-12,1.0,0.0,8.240573e-15,7.1472613e-28
EFT:2.2371284e-11,3.5638184e-29,8.920003e-17,3.1009216e-21,2.6611043e-14,5.3643583e-12,1.0,0.0,8.240541e-15,7.1472064e-28
Random874
Raw:2.2371284e-11,3.5638184e-29,8.9200365e-17,3.1009216e-21,2.6611043e-14,5.3643583e-12,1.0,0.0,8.240541e-15,7.1472064e-28
EFT:2.2371284e-11,3.5638184e-29,8.920003e-17,3.1009216e-21,2.6611043e-14,5.3643583e-12,1.0,0.0,8.240541e-15,7.1472064e-28
Random875
Raw:2.2371284e-11,3.5638184e-29,8.9200365e-17,3.1009216e-21,2.6611043e-14,5.3643583e-12,1.0,0.0,8.240541e-15,7.1472064e-28
EFT:2.2371284e-11,3.5638184e-29,8.920003e-17,3.1009216e-21,2.6611043e-14,5.3643583e-12,1.0,0.0,8.240541e-15,7.1472064e-28
Random876
Raw:2.2371199e-11,3.563764e-29,8.919968e-17,3.100898e-21,2.6610941e-14,5.3643175e-12,1.0,0.0,8.240479e-15,7.1470976e-28
EFT:2.2371284e-11,3.5638184e-29,8.920003e-17,3.1009216e-21,2.6611043e-14,5.3643583e-12,1.0,0.0,8.240541e-15,7.1472064e-28
Random877
Raw:2.2371455e-11,3.5638455e-29,8.9201046e-17,3.1009454e-21,2.6611246e-14,5.3643786e-12,1.0,0.0,8.240573e-15,7.1472613e-28
EFT:2.2371284e-11,3.5638184e-29,8.920003e-17,3.1009216e-21,2.6611043e-14,5.3643583e-12,1.0,0.0,8.240541e-15,7.1472064e-28
Random878
Raw:2.2371369e-11,3.5638184e-29,8.920071e-17,3.1009335e-21,2.6611043e-14,5.3643786e-12,1.0,0.0,8.240541e-15,7.1472064e-28
EFT:2.2371284e-11,3.5638184e-29,8.920003e-17,3.1009216e-21,2.6611043e-14,5.3643583e-12,1.0,0.0,8.240541e-15,7.1472064e-28
Random879
Raw:2.2371284e-11,3.563791e-29,8.9200365e-17,3.1009216e-21,2.6610941e-14,5.3643583e-12,1.0,0.0,8.24051e-15,7.147152e-28
EFT:2.2371284e-11,3.5638184e-29,8.920003e-17,3.1009216e-21,2.6611043e-14,5.3643583e-12,1.0,0.0,8.240541e-15,7.1472064e-28
Random880
Raw:2.2371199e-11,3.5637366e-29,8.919968e-17,3.100898e-21,2.6610941e-14,5.364338e-12,1.0,0.0,8.240479e-15,7.14707e-28
EFT:2.2371284e-11,3.5638184e-29,8.920003e-17,3.1009216e-21,2.6611043e-14,5.3643583e-12,1.0,0.0,8.240541e-15,7.1472064e-28
Random881
Raw:2.2371369e-11,3.5638455e-29,8.920071e-17,3.1009454e-21,2.6611043e-14,5.3643583e-12,1.0,0.0,8.240541e-15,7.147234e-28
EFT:2.2371284e-11,3.5638184e-29,8.920003e-17,3.1009216e-21,2.6611043e-14,5.3643583e-12,1.0,0.0,8.240541e-15,7.1472064e-28
Random882
Raw:2.2371369e-11,3.5638184e-29,8.920071e-17,3.1009335e-21,2.6611043e-14,5.3643786e-12,1.0,0.0,8.240541e-15,7.1472064e-28
EFT:2.2371284e-11,3.5638184e-29,8.920003e-17,3.1009216e-21,2.6611043e-14,5.3643583e-12,1.0,0.0,8.240541e-15,7.1472064e-28
Random883
Raw:2.2371284e-11,3.563791e-29,8.9200365e-17,3.1009216e-21,2.6610941e-14,5.3643583e-12,1.0,0.0,8.24051e-15,7.147152e-28
EFT:2.2371284e-11,3.5638184e-29,8.920003e-17,3.1009216e-21,2.6611043e-14,5.3643583e-12,1.0,0.0,8.240541e-15,7.1472064e-28
Random884
Raw:2.2371284e-11,3.563791e-29,8.920003e-17,3.1009216e-21,2.6610941e-14,5.3643583e-12,1.0,0.0,8.24051e-15,7.147152e-28
EFT:2.2371284e-11,3.5638184e-29,8.920003e-17,3.1009216e-21,2.6611043e-14,5.3643583e-12,1.0,0.0,8.240541e-15,7.1472064e-28
Random885
Raw:2.2371369e-11,3.5638455e-29,8.920071e-17,3.1009454e-21,2.6611043e-14,5.3643583e-12,1.0,0.0,8.240541e-15,7.147234e-28
EFT:2.2371284e-11,3.5638184e-29,8.920003e-17,3.1009216e-21,2.6611043e-14,5.3643583e-12,1.0,0.0,8.240541e-15,7.1472064e-28
Random886
Raw:2.2371455e-11,3.5638726e-29,8.9201046e-17,3.100969e-21,2.6611246e-14,5.3643995e-12,1.0,0.0,8.240573e-15,7.1472883e-28
EFT:2.2371284e-11,3.5638184e-29,8.920003e-17,3.1009216e-21,2.6611043e-14,5.3643583e-12,1.0,0.0,8.240541e-15,7.1472064e-28
Random887
Raw:2.2371284e-11,3.563791e-29,8.9200365e-17,3.1009216e-21,2.6610941e-14,5.3643583e-12,1.0,0.0,8.24051e-15,7.147152e-28
EFT:2.2371284e-11,3.5638184e-29,8.920003e-17,3.1009216e-21,2.6611043e-14,5.3643583e-12,1.0,0.0,8.240541e-15,7.1472064e-28
Random888
Raw:2.2371369e-11,3.5638455e-29,8.920071e-17,3.1009454e-21,2.6611144e-14,5.3643583e-12,1.0,0.0,8.240541e-15,7.147234e-28
EFT:2.2371284e-11,3.5638184e-29,8.920003e-17,3.1009216e-21,2.6611043e-14,5.3643583e-12,1.0,0.0,8.240541e-15,7.1472064e-28
Random889
Raw:2.2371455e-11,3.5638726e-29,8.9201046e-17,3.100969e-21,2.6611246e-14,5.3643995e-12,1.0,0.0,8.240573e-15,7.1472883e-28
EFT:2.2371284e-11,3.5638184e-29,8.920003e-17,3.1009216e-21,2.6611043e-14,5.3643583e-12,1.0,0.0,8.240541e-15,7.1472064e-28
Random890
Raw:2.2371455e-11,3.5638726e-29,8.9201384e-17,3.1009571e-21,2.6611246e-14,5.3643995e-12,1.0,0.0,8.240604e-15,7.1472883e-28
EFT:2.2371284e-11,3.5638184e-29,8.920003e-17,3.1009216e-21,2.6611043e-14,5.3643583e-12,1.0,0.0,8.240541e-15,7.1472064e-28
Random891
Raw:2.2371369e-11,3.5638184e-29,8.920071e-17,3.1009335e-21,2.6611043e-14,5.3643786e-12,1.0,0.0,8.240541e-15,7.1472064e-28
EFT:2.2371284e-11,3.5638184e-29,8.920003e-17,3.1009216e-21,2.6611043e-14,5.3643583e-12,1.0,0.0,8.240541e-15,7.1472064e-28
Random892
Raw:2.2371455e-11,3.5638455e-29,8.920071e-17,3.1009454e-21,2.6611144e-14,5.3643786e-12,1.0,0.0,8.240573e-15,7.1472613e-28
EFT:2.2371284e-11,3.5638184e-29,8.920003e-17,3.1009216e-21,2.6611043e-14,5.3643583e-12,1.0,0.0,8.240541e-15,7.1472064e-28
Random893
Raw:2.2371284e-11,3.563791e-29,8.9200365e-17,3.1009216e-21,2.6610941e-14,5.3643583e-12,1.0,0.0,8.24051e-15,7.147152e-28
EFT:2.2371284e-11,3.5638184e-29,8.920003e-17,3.1009216e-21,2.6611043e-14,5.3643583e-12,1.0,0.0,8.240541e-15,7.1472064e-28
Random894
Raw:2.2371369e-11,3.5638184e-29,8.920071e-17,3.1009335e-21,2.6611144e-14,5.3643786e-12,1.0,0.0,8.240541e-15,7.1472064e-28
EFT:2.2371284e-11,3.5638184e-29,8.920003e-17,3.1009216e-21,2.6611043e-14,5.3643583e-12,1.0,0.0,8.240541e-15,7.1472064e-28
Random895
Raw:2.2371284e-11,3.563791e-29,8.9200365e-17,3.1009216e-21,2.6610941e-14,5.3643583e-12,1.0,0.0,8.24051e-15,7.147152e-28
EFT:2.2371284e-11,3.5638184e-29,8.920003e-17,3.1009216e-21,2.6611043e-14,5.3643583e-12,1.0,0.0,8.240541e-15,7.1472064e-28
Random896
Raw:2.2371199e-11,3.563791e-29,8.920003e-17,3.1009335e-21,2.6611043e-14,5.364338e-12,1.0,0.0,8.24051e-15,7.1472064e-28
EFT:2.2371284e-11,3.5638184e-29,8.920003e-17,3.1009216e-21,2.6611043e-14,5.3643583e-12,1.0,0.0,8.240541e-15,7.1472064e-28
Random897
Raw:2.2371284e-11,3.5638184e-29,8.9200365e-17,3.1009216e-21,2.6611043e-14,5.3643583e-12,1.0,0.0,8.240541e-15,7.1472064e-28
EFT:2.2371284e-11,3.5638184e-29,8.920003e-17,3.1009216e-21,2.6611043e-14,5.3643583e-12,1.0,0.0,8.240541e-15,7.1472064e-28
Random898
Raw:2.2371369e-11,3.5638184e-29,8.9200365e-17,3.1009335e-21,2.6611043e-14,5.3643786e-12,1.0,0.0,8.24051e-15,7.1472064e-28
EFT:2.2371284e-11,3.5638184e-29,8.920003e-17,3.1009216e-21,2.6611043e-14,5.3643583e-12,1.0,0.0,8.240541e-15,7.1472064e-28
Random899
Raw:2.2371284e-11,3.5638184e-29,8.920003e-17,3.1009216e-21,2.6611043e-14,5.3643583e-12,1.0,0.0,8.240541e-15,7.1472064e-28
EFT:2.2371284e-11,3.5638184e-29,8.920003e-17,3.1009216e-21,2.6611043e-14,5.3643583e-12,1.0,0.0,8.240541e-15,7.1472064e-28
Random900
Raw:2.2371284e-11,3.563791e-29,8.9200365e-17,3.1009216e-21,2.6611043e-14,5.3643583e-12,1.0,0.0,8.24051e-15,7.147152e-28
EFT:2.2371284e-11,3.5638184e-29,8.920003e-17,3.1009216e-21,2.6611043e-14,5.3643583e-12,1.0,0.0,8.240541e-15,7.1472064e-28
Random901
Raw:2.2371199e-11,3.563791e-29,8.919968e-17,3.100898e-21,2.6610941e-14,5.364338e-12,1.0,0.0,8.24051e-15,7.147152e-28
EFT:2.2371284e-11,3.5638184e-29,8.920003e-17,3.1009216e-21,2.6611043e-14,5.3643583e-12,1.0,0.0,8.240541e-15,7.1472064e-28
Random902
Raw:2.2371369e-11,3.5638455e-29,8.920071e-17,3.1009454e-21,2.6611043e-14,5.3643583e-12,1.0,0.0,8.240541e-15,7.147234e-28
EFT:2.2371284e-11,3.5638184e-29,8.920003e-17,3.1009216e-21,2.6611043e-14,5.3643583e-12,1.0,0.0,8.240541e-15,7.1472064e-28
Random903
Raw:2.2371199e-11,3.563764e-29,8.919968e-17,3.100898e-21,2.661084e-14,5.3643175e-12,1.0,0.0,8.240479e-15,7.1470976e-28
EFT:2.2371284e-11,3.5638184e-29,8.920003e-17,3.1009216e-21,2.6611043e-14,5.3643583e-12,1.0,0.0,8.240541e-15,7.1472064e-28
Random904
Raw:2.2371114e-11,3.5637366e-29,8.9199e-17,3.1008743e-21,2.6610738e-14,5.364297e-12,1.0,0.0,8.240415e-15,7.147043e-28
EFT:2.2371284e-11,3.5638184e-29,8.920003e-17,3.1009216e-21,2.6611043e-14,5.3643583e-12,1.0,0.0,8.240541e-15,7.1472064e-28
Random905
Raw:2.2371369e-11,3.5638455e-29,8.9200365e-17,3.1009454e-21,2.6611043e-14,5.3643583e-12,1.0,0.0,8.24051e-15,7.147234e-28
EFT:2.2371284e-11,3.5638184e-29,8.920003e-17,3.1009216e-21,2.6611043e-14,5.3643583e-12,1.0,0.0,8.240541e-15,7.1472064e-28
Random906
Raw:2.2371455e-11,3.5638455e-29,8.9201046e-17,3.1009454e-21,2.6611144e-14,5.3643786e-12,1.0,0.0,8.240573e-15,7.1472613e-28
EFT:2.2371284e-11,3.5638184e-29,8.920003e-17,3.1009216e-21,2.6611043e-14,5.3643583e-12,1.0,0.0,8.240541e-15,7.1472064e-28
Random907
Raw:2.2371284e-11,3.563791e-29,8.9200365e-17,3.1009216e-21,2.6610941e-14,5.3643583e-12,1.0,0.0,8.24051e-15,7.147152e-28
EFT:2.2371284e-11,3.5638184e-29,8.920003e-17,3.1009216e-21,2.6611043e-14,5.3643583e-12,1.0,0.0,8.240541e-15,7.1472064e-28
Random908
Raw:2.2371455e-11,3.5638455e-29,8.9201046e-17,3.1009454e-21,2.6611144e-14,5.3643786e-12,1.0,0.0,8.240573e-15,7.1472613e-28
EFT:2.2371284e-11,3.5638184e-29,8.920003e-17,3.1009216e-21,2.6611043e-14,5.3643583e-12,1.0,0.0,8.240541e-15,7.1472064e-28
Random909
Raw:2.2371455e-11,3.5638455e-29,8.9201046e-17,3.1009454e-21,2.6611144e-14,5.3643786e-12,1.0,0.0,8.240573e-15,7.1472613e-28
EFT:2.2371284e-11,3.5638184e-29,8.920003e-17,3.1009216e-21,2.6611043e-14,5.3643583e-12,1.0,0.0,8.240541e-15,7.1472064e-28
Random910
Raw:2.2371114e-11,3.5637366e-29,8.9199346e-17,3.1008743e-21,2.661084e-14,5.364297e-12,1.0,0.0,8.240415e-15,7.147043e-28
EFT:2.2371284e-11,3.5638184e-29,8.920003e-17,3.1009216e-21,2.6611043e-14,5.3643583e-12,1.0,0.0,8.240541e-15,7.1472064e-28
Random911
Raw:2.2371284e-11,3.5638184e-29,8.920003e-17,3.1009216e-21,2.6611043e-14,5.3643583e-12,1.0,0.0,8.24051e-15,7.1472064e-28
EFT:2.2371284e-11,3.5638184e-29,8.920003e-17,3.1009216e-21,2.6611043e-14,5.3643583e-12,1.0,0.0,8.240541e-15,7.1472064e-28
Random912
Raw:2.2371455e-11,3.5638455e-29,8.920071e-17,3.1009454e-21,2.6611144e-14,5.3643786e-12,1.0,0.0,8.240541e-15,7.1472613e-28
EFT:2.2371284e-11,3.5638184e-29,8.920003e-17,3.1009216e-21,2.6611043e-14,5.3643583e-12,1.0,0.0,8.240541e-15,7.1472064e-28
Random913
Raw:2.2371284e-11,3.5638184e-29,8.9200365e-17,3.1009216e-21,2.6611043e-14,5.3643583e-12,1.0,0.0,8.240541e-15,7.1472064e-28
EFT:2.2371284e-11,3.5638184e-29,8.920003e-17,3.1009216e-21,2.6611043e-14,5.3643583e-12,1.0,0.0,8.240541e-15,7.1472064e-28
Random914
Raw:2.2371284e-11,3.5638184e-29,8.920003e-17,3.1009216e-21,2.6611043e-14,5.3643583e-12,1.0,0.0,8.24051e-15,7.1472064e-28
EFT:2.2371284e-11,3.5638184e-29,8.920003e-17,3.1009216e-21,2.6611043e-14,5.3643583e-12,1.0,0.0,8.240541e-15,7.1472064e-28
Random915
Raw:2.2371284e-11,3.5638184e-29,8.9200365e-17,3.1009216e-21,2.6611043e-14,5.3643583e-12,1.0,0.0,8.240541e-15,7.1472064e-28
EFT:2.2371284e-11,3.5638184e-29,8.920003e-17,3.1009216e-21,2.6611043e-14,5.3643583e-12,1.0,0.0,8.240541e-15,7.1472064e-28
Random916
Raw:2.2371284e-11,3.5638184e-29,8.920003e-17,3.1009335e-21,2.6611043e-14,5.3643583e-12,1.0,0.0,8.24051e-15,7.1472064e-28
EFT:2.2371284e-11,3.5638184e-29,8.920003e-17,3.1009216e-21,2.6611043e-14,5.3643583e-12,1.0,0.0,8.240541e-15,7.1472064e-28
Random917
Raw:2.2371284e-11,3.5638184e-29,8.920003e-17,3.1009216e-21,2.6611043e-14,5.3643583e-12,1.0,0.0,8.24051e-15,7.1472064e-28
EFT:2.2371284e-11,3.5638184e-29,8.920003e-17,3.1009216e-21,2.6611043e-14,5.3643583e-12,1.0,0.0,8.240541e-15,7.1472064e-28
Random918
Raw:2.2371369e-11,3.5638184e-29,8.920071e-17,3.1009335e-21,2.6611043e-14,5.3643786e-12,1.0,0.0,8.240541e-15,7.1472064e-28
EFT:2.2371284e-11,3.5638184e-29,8.920003e-17,3.1009216e-21,2.6611043e-14,5.3643583e-12,1.0,0.0,8.240541e-15,7.1472064e-28
Random919
Raw:2.2371369e-11,3.5638184e-29,8.920071e-17,3.1009335e-21,2.6611043e-14,5.3643786e-12,1.0,0.0,8.240541e-15,7.1472064e-28
EFT:2.2371284e-11,3.5638184e-29,8.920003e-17,3.1009216e-21,2.6611043e-14,5.3643583e-12,1.0,0.0,8.240541e-15,7.1472064e-28
Random920
Raw:2.2371369e-11,3.5638184e-29,8.920071e-17,3.1009335e-21,2.6611043e-14,5.3643786e-12,1.0,0.0,8.240541e-15,7.1472064e-28
EFT:2.2371284e-11,3.5638184e-29,8.920003e-17,3.1009216e-21,2.6611043e-14,5.3643583e-12,1.0,0.0,8.240541e-15,7.1472064e-28
Random921
Raw:2.2371199e-11,3.563791e-29,8.919968e-17,3.100898e-21,2.6610941e-14,5.364338e-12,1.0,0.0,8.24051e-15,7.147152e-28
EFT:2.2371284e-11,3.5638184e-29,8.920003e-17,3.1009216e-21,2.6611043e-14,5.3643583e-12,1.0,0.0,8.240541e-15,7.1472064e-28
Random922
Raw:2.2371114e-11,3.563791e-29,8.919968e-17,3.100898e-21,2.6610941e-14,5.364338e-12,1.0,0.0,8.240479e-15,7.147152e-28
EFT:2.2371284e-11,3.5638184e-29,8.920003e-17,3.1009216e-21,2.6611043e-14,5.3643583e-12,1.0,0.0,8.240541e-15,7.1472064e-28
Random923
Raw:2.2371284e-11,3.5638184e-29,8.920003e-17,3.1009335e-21,2.6611043e-14,5.3643583e-12,1.0,0.0,8.24051e-15,7.1472064e-28
EFT:2.2371284e-11,3.5638184e-29,8.920003e-17,3.1009216e-21,2.6611043e-14,5.3643583e-12,1.0,0.0,8.240541e-15,7.1472064e-28
Random924
Raw:2.2371284e-11,3.563791e-29,8.9200365e-17,3.1009216e-21,2.6610941e-14,5.3643583e-12,1.0,0.0,8.24051e-15,7.147152e-28
EFT:2.2371284e-11,3.5638184e-29,8.920003e-17,3.1009216e-21,2.6611043e-14,5.3643583e-12,1.0,0.0,8.240541e-15,7.1472064e-28
Random925
Raw:2.2371284e-11,3.563791e-29,8.920003e-17,3.1009216e-21,2.6610941e-14,5.3643583e-12,1.0,0.0,8.240479e-15,7.147152e-28
EFT:2.2371284e-11,3.5638184e-29,8.920003e-17,3.1009216e-21,2.6611043e-14,5.3643583e-12,1.0,0.0,8.240541e-15,7.1472064e-28
Random926
Raw:2.2371284e-11,3.5638184e-29,8.9200365e-17,3.1009454e-21,2.6611043e-14,5.364338e-12,1.0,0.0,8.24051e-15,7.147234e-28
EFT:2.2371284e-11,3.5638184e-29,8.920003e-17,3.1009216e-21,2.6611043e-14,5.3643583e-12,1.0,0.0,8.240541e-15,7.1472064e-28
Random927
Raw:2.2371369e-11,3.5638455e-29,8.9200365e-17,3.1009454e-21,2.6611043e-14,5.3643583e-12,1.0,0.0,8.24051e-15,7.147234e-28
EFT:2.2371284e-11,3.5638184e-29,8.920003e-17,3.1009216e-21,2.6611043e-14,5.3643583e-12,1.0,0.0,8.240541e-15,7.1472064e-28
Random928
Raw:2.2371369e-11,3.5638455e-29,8.9200365e-17,3.1009454e-21,2.6611043e-14,5.3643583e-12,1.0,0.0,8.24051e-15,7.147234e-28
EFT:2.2371284e-11,3.5638184e-29,8.920003e-17,3.1009216e-21,2.6611043e-14,5.3643583e-12,1.0,0.0,8.240541e-15,7.1472064e-28
Random929
Raw:2.2371199e-11,3.563764e-29,8.919968e-17,3.100898e-21,2.661084e-14,5.3643175e-12,1.0,0.0,8.240479e-15,7.1470976e-28
EFT:2.2371284e-11,3.5638184e-29,8.920003e-17,3.1009216e-21,2.6611043e-14,5.3643583e-12,1.0,0.0,8.240541e-15,7.1472064e-28
Random930
Raw:2.2371284e-11,3.563791e-29,8.9200365e-17,3.1009216e-21,2.6610941e-14,5.3643583e-12,1.0,0.0,8.24051e-15,7.147152e-28
EFT:2.2371284e-11,3.5638184e-29,8.920003e-17,3.1009216e-21,2.6611043e-14,5.3643583e-12,1.0,0.0,8.240541e-15,7.1472064e-28
Random931
Raw:2.2371284e-11,3.5638184e-29,8.920003e-17,3.1009216e-21,2.6611043e-14,5.3643583e-12,1.0,0.0,8.24051e-15,7.1472064e-28
EFT:2.2371284e-11,3.5638184e-29,8.920003e-17,3.1009216e-21,2.6611043e-14,5.3643583e-12,1.0,0.0,8.240541e-15,7.1472064e-28
Random932
Raw:2.2371284e-11,3.563791e-29,8.920003e-17,3.100898e-21,2.6610941e-14,5.3643583e-12,1.0,0.0,8.24051e-15,7.147152e-28
EFT:2.2371284e-11,3.5638184e-29,8.920003e-17,3.1009216e-21,2.6611043e-14,5.3643583e-12,1.0,0.0,8.240541e-15,7.1472064e-28
Random933
Raw:2.237154e-11,3.5638455e-29,8.9201384e-17,3.100969e-21,2.6611246e-14,5.3643995e-12,1.0,0.0,8.240604e-15,7.1473157e-28
EFT:2.2371284e-11,3.5638184e-29,8.920003e-17,3.1009216e-21,2.6611043e-14,5.3643583e-12,1.0,0.0,8.240541e-15,7.1472064e-28
Random934
Raw:2.2371284e-11,3.5638184e-29,8.920003e-17,3.1009216e-21,2.6611043e-14,5.3643583e-12,1.0,0.0,8.24051e-15,7.1472064e-28
EFT:2.2371284e-11,3.5638184e-29,8.920003e-17,3.1009216e-21,2.6611043e-14,5.3643583e-12,1.0,0.0,8.240541e-15,7.1472064e-28
Random935
Raw:2.2371284e-11,3.5638184e-29,8.920003e-17,3.1009216e-21,2.6611043e-14,5.3643583e-12,1.0,0.0,8.240541e-15,7.1472064e-28
EFT:2.2371284e-11,3.5638184e-29,8.920003e-17,3.1009216e-21,2.6611043e-14,5.3643583e-12,1.0,0.0,8.240541e-15,7.1472064e-28
Random936
Raw:2.2371455e-11,3.5638455e-29,8.920071e-17,3.1009454e-21,2.6611144e-14,5.3643786e-12,1.0,0.0,8.240541e-15,7.1472613e-28
EFT:2.2371284e-11,3.5638184e-29,8.920003e-17,3.1009216e-21,2.6611043e-14,5.3643583e-12,1.0,0.0,8.240541e-15,7.1472064e-28
Random937
Raw:2.237154e-11,3.5638455e-29,8.9201384e-17,3.100969e-21,2.6611246e-14,5.3643995e-12,1.0,0.0,8.240604e-15,7.1473157e-28
EFT:2.2371284e-11,3.5638184e-29,8.920003e-17,3.1009216e-21,2.6611043e-14,5.3643583e-12,1.0,0.0,8.240541e-15,7.1472064e-28
Random938
Raw:2.2371199e-11,3.563791e-29,8.919968e-17,3.100898e-21,2.6610941e-14,5.364338e-12,1.0,0.0,8.24051e-15,7.147152e-28
EFT:2.2371284e-11,3.5638184e-29,8.920003e-17,3.1009216e-21,2.6611043e-14,5.3643583e-12,1.0,0.0,8.240541e-15,7.1472064e-28
Random939
Raw:2.2371284e-11,3.563791e-29,8.920003e-17,3.1009216e-21,2.6610941e-14,5.3643583e-12,1.0,0.0,8.24051e-15,7.147152e-28
EFT:2.2371284e-11,3.5638184e-29,8.920003e-17,3.1009216e-21,2.6611043e-14,5.3643583e-12,1.0,0.0,8.240541e-15,7.1472064e-28
Random940
Raw:2.2371284e-11,3.5638184e-29,8.9200365e-17,3.1009454e-21,2.6611043e-14,5.3643786e-12,1.0,0.0,8.24051e-15,7.1472064e-28
EFT:2.2371284e-11,3.5638184e-29,8.920003e-17,3.1009216e-21,2.6611043e-14,5.3643583e-12,1.0,0.0,8.240541e-15,7.1472064e-28
Random941
Raw:2.2371284e-11,3.5638184e-29,8.920003e-17,3.1009216e-21,2.6611043e-14,5.3643583e-12,1.0,0.0,8.240541e-15,7.1472064e-28
EFT:2.2371284e-11,3.5638184e-29,8.920003e-17,3.1009216e-21,2.6611043e-14,5.3643583e-12,1.0,0.0,8.240541e-15,7.1472064e-28
Random942
Raw:2.2371369e-11,3.5638455e-29,8.9201046e-17,3.100969e-21,2.6611246e-14,5.3643786e-12,1.0,0.0,8.240573e-15,7.1472883e-28
EFT:2.2371284e-11,3.5638184e-29,8.920003e-17,3.1009216e-21,2.6611043e-14,5.3643583e-12,1.0,0.0,8.240541e-15,7.1472064e-28
Random943
Raw:2.2371284e-11,3.563791e-29,8.920003e-17,3.1009216e-21,2.6610941e-14,5.3643583e-12,1.0,0.0,8.240479e-15,7.147152e-28
EFT:2.2371284e-11,3.5638184e-29,8.920003e-17,3.1009216e-21,2.6611043e-14,5.3643583e-12,1.0,0.0,8.240541e-15,7.1472064e-28
Random944
Raw:2.2371369e-11,3.5638184e-29,8.920071e-17,3.1009335e-21,2.6611043e-14,5.3643786e-12,1.0,0.0,8.240541e-15,7.1472064e-28
EFT:2.2371284e-11,3.5638184e-29,8.920003e-17,3.1009216e-21,2.6611043e-14,5.3643583e-12,1.0,0.0,8.240541e-15,7.1472064e-28
Random945
Raw:2.2371455e-11,3.5638455e-29,8.920071e-17,3.1009454e-21,2.6611144e-14,5.3643786e-12,1.0,0.0,8.240541e-15,7.1472613e-28
EFT:2.2371284e-11,3.5638184e-29,8.920003e-17,3.1009216e-21,2.6611043e-14,5.3643583e-12,1.0,0.0,8.240541e-15,7.1472064e-28
Random946
Raw:2.2371284e-11,3.563791e-29,8.9200365e-17,3.1009216e-21,2.6610941e-14,5.3643583e-12,1.0,0.0,8.24051e-15,7.147152e-28
EFT:2.2371284e-11,3.5638184e-29,8.920003e-17,3.1009216e-21,2.6611043e-14,5.3643583e-12,1.0,0.0,8.240541e-15,7.1472064e-28
Random947
Raw:2.2371284e-11,3.5638184e-29,8.9200365e-17,3.1009216e-21,2.6611043e-14,5.3643583e-12,1.0,0.0,8.240541e-15,7.1472064e-28
EFT:2.2371284e-11,3.5638184e-29,8.920003e-17,3.1009216e-21,2.6611043e-14,5.3643583e-12,1.0,0.0,8.240541e-15,7.1472064e-28
Random948
Raw:2.2371199e-11,3.563764e-29,8.919968e-17,3.100898e-21,2.661084e-14,5.3643175e-12,1.0,0.0,8.240479e-15,7.1470976e-28
EFT:2.2371284e-11,3.5638184e-29,8.920003e-17,3.1009216e-21,2.6611043e-14,5.3643583e-12,1.0,0.0,8.240541e-15,7.1472064e-28
Random949
Raw:2.2371199e-11,3.563764e-29,8.919968e-17,3.100898e-21,2.661084e-14,5.3643175e-12,1.0,0.0,8.240479e-15,7.1470976e-28
EFT:2.2371284e-11,3.5638184e-29,8.920003e-17,3.1009216e-21,2.6611043e-14,5.3643583e-12,1.0,0.0,8.240541e-15,7.1472064e-28
Random950
Raw:2.2371284e-11,3.5638184e-29,8.9200365e-17,3.1009216e-21,2.6611043e-14,5.3643583e-12,1.0,0.0,8.240541e-15,7.1472064e-28
EFT:2.2371284e-11,3.5638184e-29,8.920003e-17,3.1009216e-21,2.6611043e-14,5.3643583e-12,1.0,0.0,8.240541e-15,7.1472064e-28
Random951
Raw:2.2371199e-11,3.563764e-29,8.9199346e-17,3.1008743e-21,2.661084e-14,5.3643175e-12,1.0,0.0,8.2404464e-15,7.147043e-28
EFT:2.2371284e-11,3.5638184e-29,8.920003e-17,3.1009216e-21,2.6611043e-14,5.3643583e-12,1.0,0.0,8.240541e-15,7.1472064e-28
Random952
Raw:2.2371114e-11,3.5637366e-29,8.9199e-17,3.1008743e-21,2.6610738e-14,5.364297e-12,1.0,0.0,8.240415e-15,7.147043e-28
EFT:2.2371284e-11,3.5638184e-29,8.920003e-17,3.1009216e-21,2.6611043e-14,5.3643583e-12,1.0,0.0,8.240541e-15,7.1472064e-28
Random953
Raw:2.2371455e-11,3.5638455e-29,8.9201046e-17,3.100969e-21,2.6611246e-14,5.3643786e-12,1.0,0.0,8.240573e-15,7.1473157e-28
EFT:2.2371284e-11,3.5638184e-29,8.920003e-17,3.1009216e-21,2.6611043e-14,5.3643583e-12,1.0,0.0,8.240541e-15,7.1472064e-28
Random954
Raw:2.2371284e-11,3.5638184e-29,8.9200365e-17,3.1009454e-21,2.6611043e-14,5.3643583e-12,1.0,0.0,8.24051e-15,7.147234e-28
EFT:2.2371284e-11,3.5638184e-29,8.920003e-17,3.1009216e-21,2.6611043e-14,5.3643583e-12,1.0,0.0,8.240541e-15,7.1472064e-28
Random955
Raw:2.2371369e-11,3.5638455e-29,8.9201046e-17,3.100969e-21,2.6611246e-14,5.3643786e-12,1.0,0.0,8.240573e-15,7.1472883e-28
EFT:2.2371284e-11,3.5638184e-29,8.920003e-17,3.1009216e-21,2.6611043e-14,5.3643583e-12,1.0,0.0,8.240541e-15,7.1472064e-28
Random956
Raw:2.2371284e-11,3.5638184e-29,8.920003e-17,3.1009216e-21,2.6611043e-14,5.3643583e-12,1.0,0.0,8.24051e-15,7.1472064e-28
EFT:2.2371284e-11,3.5638184e-29,8.920003e-17,3.1009216e-21,2.6611043e-14,5.3643583e-12,1.0,0.0,8.240541e-15,7.1472064e-28
Random957
Raw:2.2371029e-11,3.5637366e-29,8.9199e-17,3.1008743e-21,2.6610738e-14,5.3642767e-12,1.0,0.0,8.240415e-15,7.147043e-28
EFT:2.2371284e-11,3.5638184e-29,8.920003e-17,3.1009216e-21,2.6611043e-14,5.3643583e-12,1.0,0.0,8.240541e-15,7.1472064e-28
Random958
Raw:2.2371284e-11,3.5638184e-29,8.9200365e-17,3.1009216e-21,2.6611043e-14,5.3643583e-12,1.0,0.0,8.24051e-15,7.1472064e-28
EFT:2.2371284e-11,3.5638184e-29,8.920003e-17,3.1009216e-21,2.6611043e-14,5.3643583e-12,1.0,0.0,8.240541e-15,7.1472064e-28
Random959
Raw:2.2371284e-11,3.5638184e-29,8.920003e-17,3.1009335e-21,2.6611043e-14,5.3643583e-12,1.0,0.0,8.24051e-15,7.1472064e-28
EFT:2.2371284e-11,3.5638184e-29,8.920003e-17,3.1009216e-21,2.6611043e-14,5.3643583e-12,1.0,0.0,8.240541e-15,7.1472064e-28
Random960
Raw:2.2371199e-11,3.563764e-29,8.9199346e-17,3.1008743e-21,2.661084e-14,5.3643175e-12,1.0,0.0,8.2404464e-15,7.147043e-28
EFT:2.2371284e-11,3.5638184e-29,8.920003e-17,3.1009216e-21,2.6611043e-14,5.3643583e-12,1.0,0.0,8.240541e-15,7.1472064e-28
Random961
Raw:2.2371284e-11,3.563791e-29,8.920003e-17,3.1009216e-21,2.6610941e-14,5.3643583e-12,1.0,0.0,8.240479e-15,7.147152e-28
EFT:2.2371284e-11,3.5638184e-29,8.920003e-17,3.1009216e-21,2.6611043e-14,5.3643583e-12,1.0,0.0,8.240541e-15,7.1472064e-28
Random962
Raw:2.2371369e-11,3.5638455e-29,8.9200365e-17,3.1009454e-21,2.6611043e-14,5.3643583e-12,1.0,0.0,8.240541e-15,7.147234e-28
EFT:2.2371284e-11,3.5638184e-29,8.920003e-17,3.1009216e-21,2.6611043e-14,5.3643583e-12,1.0,0.0,8.240541e-15,7.1472064e-28
Random963
Raw:2.2371369e-11,3.5638455e-29,8.9200365e-17,3.1009454e-21,2.6611043e-14,5.3643583e-12,1.0,0.0,8.240541e-15,7.147234e-28
EFT:2.2371284e-11,3.5638184e-29,8.920003e-17,3.1009216e-21,2.6611043e-14,5.3643583e-12,1.0,0.0,8.240541e-15,7.1472064e-28
Random964
Raw:2.2371455e-11,3.5638455e-29,8.920071e-17,3.1009454e-21,2.6611144e-14,5.3643786e-12,1.0,0.0,8.240573e-15,7.1472613e-28
EFT:2.2371284e-11,3.5638184e-29,8.920003e-17,3.1009216e-21,2.6611043e-14,5.3643583e-12,1.0,0.0,8.240541e-15,7.1472064e-28
Random965
Raw:2.237154e-11,3.5638455e-29,8.9201046e-17,3.1009808e-21,2.6611246e-14,5.3643995e-12,1.0,0.0,8.240573e-15,7.1473157e-28
EFT:2.2371284e-11,3.5638184e-29,8.920003e-17,3.1009216e-21,2.6611043e-14,5.3643583e-12,1.0,0.0,8.240541e-15,7.1472064e-28
Random966
Raw:2.2371284e-11,3.5638184e-29,8.9200365e-17,3.1009216e-21,2.6611043e-14,5.3643583e-12,1.0,0.0,8.240541e-15,7.1472064e-28
EFT:2.2371284e-11,3.5638184e-29,8.920003e-17,3.1009216e-21,2.6611043e-14,5.3643583e-12,1.0,0.0,8.240541e-15,7.1472064e-28
Random967
Raw:2.2371199e-11,3.563764e-29,8.9199346e-17,3.1008743e-21,2.661084e-14,5.3643175e-12,1.0,0.0,8.2404464e-15,7.147043e-28
EFT:2.2371284e-11,3.5638184e-29,8.920003e-17,3.1009216e-21,2.6611043e-14,5.3643583e-12,1.0,0.0,8.240541e-15,7.1472064e-28
Random968
Raw:2.2371455e-11,3.5638726e-29,8.9201384e-17,3.1009808e-21,2.6611348e-14,5.3643995e-12,1.0,0.0,8.240604e-15,7.1473427e-28
EFT:2.2371284e-11,3.5638184e-29,8.920003e-17,3.1009216e-21,2.6611043e-14,5.3643583e-12,1.0,0.0,8.240541e-15,7.1472064e-28
Random969
Raw:2.2371199e-11,3.5637366e-29,8.9199346e-17,3.1008863e-21,2.6610738e-14,5.3643175e-12,1.0,0.0,8.2404464e-15,7.14707e-28
EFT:2.2371284e-11,3.5638184e-29,8.920003e-17,3.1009216e-21,2.6611043e-14,5.3643583e-12,1.0,0.0,8.240541e-15,7.1472064e-28
Random970
Raw:2.2371199e-11,3.563791e-29,8.920003e-17,3.100898e-21,2.6610941e-14,5.364338e-12,1.0,0.0,8.240479e-15,7.147152e-28
EFT:2.2371284e-11,3.5638184e-29,8.920003e-17,3.1009216e-21,2.6611043e-14,5.3643583e-12,1.0,0.0,8.240541e-15,7.1472064e-28
Random971
Raw:2.2371284e-11,3.5638184e-29,8.920003e-17,3.1009216e-21,2.6611043e-14,5.3643583e-12,1.0,0.0,8.24051e-15,7.1472064e-28
EFT:2.2371284e-11,3.5638184e-29,8.920003e-17,3.1009216e-21,2.6611043e-14,5.3643583e-12,1.0,0.0,8.240541e-15,7.1472064e-28
Random972
Raw:2.2371455e-11,3.5638455e-29,8.920071e-17,3.1009454e-21,2.6611144e-14,5.3643786e-12,1.0,0.0,8.240541e-15,7.1472613e-28
EFT:2.2371284e-11,3.5638184e-29,8.920003e-17,3.1009216e-21,2.6611043e-14,5.3643583e-12,1.0,0.0,8.240541e-15,7.1472064e-28
Random973
Raw:2.2371369e-11,3.5638184e-29,8.920071e-17,3.1009335e-21,2.6611043e-14,5.3643786e-12,1.0,0.0,8.240541e-15,7.1472064e-28
EFT:2.2371284e-11,3.5638184e-29,8.920003e-17,3.1009216e-21,2.6611043e-14,5.3643583e-12,1.0,0.0,8.240541e-15,7.1472064e-28
Random974
Raw:2.2371284e-11,3.5638184e-29,8.920003e-17,3.1009216e-21,2.6611043e-14,5.3643583e-12,1.0,0.0,8.24051e-15,7.1472064e-28
EFT:2.2371284e-11,3.5638184e-29,8.920003e-17,3.1009216e-21,2.6611043e-14,5.3643583e-12,1.0,0.0,8.240541e-15,7.1472064e-28
Random975
Raw:2.2371284e-11,3.563791e-29,8.920003e-17,3.100898e-21,2.6610941e-14,5.3643583e-12,1.0,0.0,8.24051e-15,7.147152e-28
EFT:2.2371284e-11,3.5638184e-29,8.920003e-17,3.1009216e-21,2.6611043e-14,5.3643583e-12,1.0,0.0,8.240541e-15,7.1472064e-28
Random976
Raw:2.2371199e-11,3.5638184e-29,8.920003e-17,3.1009099e-21,2.6610941e-14,5.3643175e-12,1.0,0.0,8.240479e-15,7.1471795e-28
EFT:2.2371284e-11,3.5638184e-29,8.920003e-17,3.1009216e-21,2.6611043e-14,5.3643583e-12,1.0,0.0,8.240541e-15,7.1472064e-28
Random977
Raw:2.2371369e-11,3.5638184e-29,8.920071e-17,3.1009335e-21,2.6611043e-14,5.3643786e-12,1.0,0.0,8.240541e-15,7.1472064e-28
EFT:2.2371284e-11,3.5638184e-29,8.920003e-17,3.1009216e-21,2.6611043e-14,5.3643583e-12,1.0,0.0,8.240541e-15,7.1472064e-28
Random978
Raw:2.2371455e-11,3.5638455e-29,8.9201046e-17,3.100969e-21,2.6611246e-14,5.3643786e-12,1.0,0.0,8.240573e-15,7.1473157e-28
EFT:2.2371284e-11,3.5638184e-29,8.920003e-17,3.1009216e-21,2.6611043e-14,5.3643583e-12,1.0,0.0,8.240541e-15,7.1472064e-28
Random979
Raw:2.2371114e-11,3.563764e-29,8.9199346e-17,3.100898e-21,2.661084e-14,5.3643175e-12,1.0,0.0,8.2404464e-15,7.1470976e-28
EFT:2.2371284e-11,3.5638184e-29,8.920003e-17,3.1009216e-21,2.6611043e-14,5.3643583e-12,1.0,0.0,8.240541e-15,7.1472064e-28
Random980
Raw:2.2371369e-11,3.5638184e-29,8.920071e-17,3.1009335e-21,2.6611043e-14,5.3643786e-12,1.0,0.0,8.240541e-15,7.1472064e-28
EFT:2.2371284e-11,3.5638184e-29,8.920003e-17,3.1009216e-21,2.6611043e-14,5.3643583e-12,1.0,0.0,8.240541e-15,7.1472064e-28
Random981
Raw:2.2371284e-11,3.5638184e-29,8.9200365e-17,3.1009216e-21,2.6611043e-14,5.3643583e-12,1.0,0.0,8.240541e-15,7.1472064e-28
EFT:2.2371284e-11,3.5638184e-29,8.920003e-17,3.1009216e-21,2.6611043e-14,5.3643583e-12,1.0,0.0,8.240541e-15,7.1472064e-28
Random982
Raw:2.2371284e-11,3.5638184e-29,8.9200365e-17,3.1009454e-21,2.6611043e-14,5.3643583e-12,1.0,0.0,8.24051e-15,7.147234e-28
EFT:2.2371284e-11,3.5638184e-29,8.920003e-17,3.1009216e-21,2.6611043e-14,5.3643583e-12,1.0,0.0,8.240541e-15,7.1472064e-28
Random983
Raw:2.2371284e-11,3.5638184e-29,8.9200365e-17,3.1009216e-21,2.6611144e-14,5.3643583e-12,1.0,0.0,8.240541e-15,7.1472064e-28
EFT:2.2371284e-11,3.5638184e-29,8.920003e-17,3.1009216e-21,2.6611043e-14,5.3643583e-12,1.0,0.0,8.240541e-15,7.1472064e-28
Random984
Raw:2.2371455e-11,3.5638455e-29,8.9201046e-17,3.1009454e-21,2.6611246e-14,5.3643786e-12,1.0,0.0,8.240573e-15,7.1472613e-28
EFT:2.2371284e-11,3.5638184e-29,8.920003e-17,3.1009216e-21,2.6611043e-14,5.3643583e-12,1.0,0.0,8.240541e-15,7.1472064e-28
Random985
Raw:2.2371284e-11,3.563791e-29,8.9200365e-17,3.1009216e-21,2.6610941e-14,5.3643583e-12,1.0,0.0,8.24051e-15,7.147152e-28
EFT:2.2371284e-11,3.5638184e-29,8.920003e-17,3.1009216e-21,2.6611043e-14,5.3643583e-12,1.0,0.0,8.240541e-15,7.1472064e-28
Random986
Raw:2.2371455e-11,3.5638726e-29,8.9201046e-17,3.100969e-21,2.6611246e-14,5.3643995e-12,1.0,0.0,8.240573e-15,7.1473427e-28
EFT:2.2371284e-11,3.5638184e-29,8.920003e-17,3.1009216e-21,2.6611043e-14,5.3643583e-12,1.0,0.0,8.240541e-15,7.1472064e-28
Random987
Raw:2.2371369e-11,3.5638455e-29,8.920071e-17,3.1009454e-21,2.6611043e-14,5.3643583e-12,1.0,0.0,8.240541e-15,7.147234e-28
EFT:2.2371284e-11,3.5638184e-29,8.920003e-17,3.1009216e-21,2.6611043e-14,5.3643583e-12,1.0,0.0,8.240541e-15,7.1472064e-28
Random988
Raw:2.2371284e-11,3.5638184e-29,8.920003e-17,3.1009216e-21,2.6611043e-14,5.3643583e-12,1.0,0.0,8.240541e-15,7.1472064e-28
EFT:2.2371284e-11,3.5638184e-29,8.920003e-17,3.1009216e-21,2.6611043e-14,5.3643583e-12,1.0,0.0,8.240541e-15,7.1472064e-28
Random989
Raw:2.2371284e-11,3.5638184e-29,8.9200365e-17,3.1009216e-21,2.6611144e-14,5.3643583e-12,1.0,0.0,8.240541e-15,7.1472064e-28
EFT:2.2371284e-11,3.5638184e-29,8.920003e-17,3.1009216e-21,2.6611043e-14,5.3643583e-12,1.0,0.0,8.240541e-15,7.1472064e-28
Random990
Raw:2.237154e-11,3.5638726e-29,8.920173e-17,3.1009927e-21,2.6611448e-14,5.36442e-12,1.0,0.0,8.240635e-15,7.1473427e-28
EFT:2.2371284e-11,3.5638184e-29,8.920003e-17,3.1009216e-21,2.6611043e-14,5.3643583e-12,1.0,0.0,8.240541e-15,7.1472064e-28
Random991
Raw:2.2371284e-11,3.5638184e-29,8.9200365e-17,3.1009454e-21,2.6611043e-14,5.364338e-12,1.0,0.0,8.24051e-15,7.1472613e-28
EFT:2.2371284e-11,3.5638184e-29,8.920003e-17,3.1009216e-21,2.6611043e-14,5.3643583e-12,1.0,0.0,8.240541e-15,7.1472064e-28
Random992
Raw:2.2371369e-11,3.5638184e-29,8.9200365e-17,3.1009454e-21,2.6611043e-14,5.3643786e-12,1.0,0.0,8.24051e-15,7.1472064e-28
EFT:2.2371284e-11,3.5638184e-29,8.920003e-17,3.1009216e-21,2.6611043e-14,5.3643583e-12,1.0,0.0,8.240541e-15,7.1472064e-28
Random993
Raw:2.2371369e-11,3.5638184e-29,8.9200365e-17,3.1009335e-21,2.6611043e-14,5.3643786e-12,1.0,0.0,8.24051e-15,7.1472064e-28
EFT:2.2371284e-11,3.5638184e-29,8.920003e-17,3.1009216e-21,2.6611043e-14,5.3643583e-12,1.0,0.0,8.240541e-15,7.1472064e-28
Random994
Raw:2.2371284e-11,3.563791e-29,8.920003e-17,3.1009216e-21,2.6610941e-14,5.3643583e-12,1.0,0.0,8.240479e-15,7.147152e-28
EFT:2.2371284e-11,3.5638184e-29,8.920003e-17,3.1009216e-21,2.6611043e-14,5.3643583e-12,1.0,0.0,8.240541e-15,7.1472064e-28
Random995
Raw:2.2371114e-11,3.563791e-29,8.919968e-17,3.100898e-21,2.6610941e-14,5.364338e-12,1.0,0.0,8.240479e-15,7.147152e-28
EFT:2.2371284e-11,3.5638184e-29,8.920003e-17,3.1009216e-21,2.6611043e-14,5.3643583e-12,1.0,0.0,8.240541e-15,7.1472064e-28
Random996
Raw:2.2371455e-11,3.5638455e-29,8.920071e-17,3.1009454e-21,2.6611144e-14,5.3643786e-12,1.0,0.0,8.240541e-15,7.1472613e-28
EFT:2.2371284e-11,3.5638184e-29,8.920003e-17,3.1009216e-21,2.6611043e-14,5.3643583e-12,1.0,0.0,8.240541e-15,7.1472064e-28
Random997
Raw:2.2371284e-11,3.5638184e-29,8.920003e-17,3.1009216e-21,2.6611043e-14,5.3643583e-12,1.0,0.0,8.240541e-15,7.1472064e-28
EFT:2.2371284e-11,3.5638184e-29,8.920003e-17,3.1009216e-21,2.6611043e-14,5.3643583e-12,1.0,0.0,8.240541e-15,7.1472064e-28
Random998
Raw:2.2371369e-11,3.5638184e-29,8.920071e-17,3.1009454e-21,2.6611144e-14,5.3643583e-12,1.0,0.0,8.240541e-15,7.1472613e-28
EFT:2.2371284e-11,3.5638184e-29,8.920003e-17,3.1009216e-21,2.6611043e-14,5.3643583e-12,1.0,0.0,8.240541e-15,7.1472064e-28
Random999
Raw:2.2371455e-11,3.5638726e-29,8.9201384e-17,3.1009571e-21,2.6611246e-14,5.3643995e-12,1.0,0.0,8.240604e-15,7.1472883e-28
EFT:2.2371284e-11,3.5638184e-29,8.920003e-17,3.1009216e-21,2.6611043e-14,5.3643583e-12,1.0,0.0,8.240541e-15,7.1472064e-28
Random1000
Raw:2.2371029e-11,3.5637366e-29,8.9199e-17,3.1008743e-21,2.6610738e-14,5.364297e-12,1.0,0.0,8.240415e-15,7.147043e-28
EFT:2.2371284e-11,3.5638184e-29,8.920003e-17,3.1009216e-21,2.6611043e-14,5.3643583e-12,1.0,0.0,8.240541e-15,7.1472064e-28
