Ascend
Raw:-6.3125,-7.53125,-3.45312,-6.75,10.375,-9.25,-3.15625,-1.47656,-2.5,-2.39062
EFT:-6.28125,-7.53125,-3.42188,-6.71875,10.3125,-9.1875,-3.15625,-1.47656,-2.5,-2.375
Descend
Raw:-6.3125,-7.59375,-3.5,-6.8125,10.375,-9.25,-3.15625,-1.53906,-2.53125,-2.42188
EFT:-6.28125,-7.53125,-3.42188,-6.71875,10.3125,-9.1875,-3.15625,-1.47656,-2.5,-2.375
Random1
Raw:-6.4375,-7.65625,-3.5625,-6.9375,10.5625,-9.375,-3.17188,-1.55469,-2.57812,-2.4375
EFT:-6.28125,-7.53125,-3.42188,-6.71875,10.3125,-9.1875,-3.15625,-1.47656,-2.5,-2.375
Random2
Raw:-6.28125,-7.40625,-3.46875,-6.71875,10.5,-9.1875,-3.14062,-1.30469,-2.4375,-2.3125
EFT:-6.28125,-7.53125,-3.42188,-6.71875,10.3125,-9.1875,-3.15625,-1.47656,-2.5,-2.375
Random3
Raw:-6.25,-7.46875,-3.45312,-6.71875,10.25,-9.125,-3.10938,-1.47656,-2.46875,-2.35938
EFT:-6.28125,-7.53125,-3.42188,-6.71875,10.3125,-9.1875,-3.15625,-1.47656,-2.5,-2.375
Random4
Raw:-6.3125,-7.46875,-3.45312,-6.75,10.5625,-9.1875,-3.14062,-1.33594,-2.46875,-2.32812
EFT:-6.28125,-7.53125,-3.42188,-6.71875,10.3125,-9.1875,-3.15625,-1.47656,-2.5,-2.375
Random5
Raw:-6.28125,-7.46875,-3.40625,-6.71875,10.4375,-9.1875,-3.15625,-1.41406,-2.48438,-2.35938
EFT:-6.28125,-7.53125,-3.42188,-6.71875,10.3125,-9.1875,-3.15625,-1.47656,-2.5,-2.375
Random6
Raw:-6.375,-7.5625,-3.42188,-6.8125,10.625,-9.3125,-3.20312,-1.38281,-2.5,-2.375
EFT:-6.28125,-7.53125,-3.42188,-6.71875,10.3125,-9.1875,-3.15625,-1.47656,-2.5,-2.375
Random7
Raw:-6.3125,-7.46875,-3.45312,-6.75,10.5,-9.1875,-3.15625,-1.38281,-2.46875,-2.35938
EFT:-6.28125,-7.53125,-3.42188,-6.71875,10.3125,-9.1875,-3.15625,-1.47656,-2.5,-2.375
Random8
Raw:-6.25,-7.53125,-3.42188,-6.71875,10.3125,-9.1875,-3.15625,-1.50781,-2.5,-2.39062
EFT:-6.28125,-7.53125,-3.42188,-6.71875,10.3125,-9.1875,-3.15625,-1.47656,-2.5,-2.375
Random9
Raw:-6.375,-7.5625,-3.48438,-6.84375,10.5625,-9.3125,-3.17188,-1.44531,-2.51562,-2.39062
EFT:-6.28125,-7.53125,-3.42188,-6.71875,10.3125,-9.1875,-3.15625,-1.47656,-2.5,-2.375
Random10
Raw:-6.25,-7.375,-3.45312,-6.6875,10.3125,-9.0625,-3.10938,-1.38281,-2.42188,-2.32812
EFT:-6.28125,-7.53125,-3.42188,-6.71875,10.3125,-9.1875,-3.15625,-1.47656,-2.5,-2.375
Random11
Raw:-6.3125,-7.59375,-3.42188,-6.75,10.4375,-9.3125,-3.17188,-1.47656,-2.51562,-2.40625
EFT:-6.28125,-7.53125,-3.42188,-6.71875,10.3125,-9.1875,-3.15625,-1.47656,-2.5,-2.375
Random12
Raw:-6.3125,-7.46875,-3.45312,-6.78125,10.4375,-9.1875,-3.15625,-1.42969,-2.5,-2.375
EFT:-6.28125,-7.53125,-3.42188,-6.71875,10.3125,-9.1875,-3.15625,-1.47656,-2.5,-2.375
Random13
Raw:-6.3125,-7.46875,-3.5625,-6.78125,10.25,-9.125,-3.10938,-1.55469,-2.51562,-2.39062
EFT:-6.28125,-7.53125,-3.42188,-6.71875,10.3125,-9.1875,-3.15625,-1.47656,-2.5,-2.375
Random14
Raw:-6.34375,-7.46875,-3.46875,-6.78125,10.5,-9.25,-3.17188,-1.39062,-2.5,-2.35938
EFT:-6.28125,-7.53125,-3.42188,-6.71875,10.3125,-9.1875,-3.15625,-1.47656,-2.5,-2.375
Random15
Raw:-6.375,-7.59375,-3.53125,-6.84375,10.5,-9.3125,-3.17188,-1.49219,-2.54688,-2.42188
EFT:-6.28125,-7.53125,-3.42188,-6.71875,10.3125,-9.1875,-3.15625,-1.47656,-2.5,-2.375
Random16
Raw:-6.3125,-7.46875,-3.51562,-6.78125,10.375,-9.1875,-3.125,-1.41406,-2.46875,-2.35938
EFT:-6.28125,-7.53125,-3.42188,-6.71875,10.3125,-9.1875,-3.15625,-1.47656,-2.5,-2.375
Random17
Raw:-6.34375,-7.46875,-3.51562,-6.8125,10.375,-9.1875,-3.125,-1.42969,-2.46875,-2.35938
EFT:-6.28125,-7.53125,-3.42188,-6.71875,10.3125,-9.1875,-3.15625,-1.47656,-2.5,-2.375
Random18
Raw:-6.28125,-7.53125,-3.5625,-6.8125,10.1875,-9.125,-3.10938,-1.57812,-2.5,-2.39062
EFT:-6.28125,-7.53125,-3.42188,-6.71875,10.3125,-9.1875,-3.15625,-1.47656,-2.5,-2.375
Random19
Raw:-6.375,-7.53125,-3.60938,-6.875,10.3125,-9.1875,-3.10938,-1.51562,-2.53125,-2.39062
EFT:-6.28125,-7.53125,-3.42188,-6.71875,10.3125,-9.1875,-3.15625,-1.47656,-2.5,-2.375
Random20
Raw:-6.25,-7.46875,-3.46875,-6.75,10.25,-9.125,-3.10938,-1.47656,-2.46875,-2.375
EFT:-6.28125,-7.53125,-3.42188,-6.71875,10.3125,-9.1875,-3.15625,-1.47656,-2.5,-2.375
Random21
Raw:-6.25,-7.4375,-3.42188,-6.71875,10.3125,-9.125,-3.125,-1.42969,-2.46875,-2.34375
EFT:-6.28125,-7.53125,-3.42188,-6.71875,10.3125,-9.1875,-3.15625,-1.47656,-2.5,-2.375
Random22
Raw:-6.25,-7.53125,-3.35938,-6.6875,10.3125,-9.1875,-3.17188,-1.47656,-2.46875,-2.39062
EFT:-6.28125,-7.53125,-3.42188,-6.71875,10.3125,-9.1875,-3.15625,-1.47656,-2.5,-2.375
Random23
Raw:-6.28125,-7.40625,-3.48438,-6.75,10.375,-9.1875,-3.125,-1.39844,-2.46875,-2.34375
EFT:-6.28125,-7.53125,-3.42188,-6.71875,10.3125,-9.1875,-3.15625,-1.47656,-2.5,-2.375
Random24
Raw:-6.40625,-7.59375,-3.5,-6.875,10.5625,-9.3125,-3.20312,-1.46094,-2.54688,-2.40625
EFT:-6.28125,-7.53125,-3.42188,-6.71875,10.3125,-9.1875,-3.15625,-1.47656,-2.5,-2.375
Random25
Raw:-6.3125,-7.5,-3.45312,-6.75,10.4375,-9.1875,-3.15625,-1.42969,-2.48438,-2.35938
EFT:-6.28125,-7.53125,-3.42188,-6.71875,10.3125,-9.1875,-3.15625,-1.47656,-2.5,-2.375
Random26
Raw:-6.25,-7.34375,-3.4375,-6.6875,10.375,-9.125,-3.10938,-1.35938,-2.42188,-2.3125
EFT:-6.28125,-7.53125,-3.42188,-6.71875,10.3125,-9.1875,-3.15625,-1.47656,-2.5,-2.375
Random27
Raw:-6.375,-7.625,-3.42188,-6.84375,10.625,-9.375,-3.21875,-1.46094,-2.54688,-2.42188
EFT:-6.28125,-7.53125,-3.42188,-6.71875,10.3125,-9.1875,-3.15625,-1.47656,-2.5,-2.375
Random28
Raw:-6.3125,-7.53125,-3.39062,-6.75,10.5,-9.25,-3.17188,-1.39844,-2.5,-2.375
EFT:-6.28125,-7.53125,-3.42188,-6.71875,10.3125,-9.1875,-3.15625,-1.47656,-2.5,-2.375
Random29
Raw:-6.25,-7.40625,-3.35938,-6.71875,10.5,-9.1875,-3.15625,-1.28906,-2.4375,-2.3125
EFT:-6.28125,-7.53125,-3.42188,-6.71875,10.3125,-9.1875,-3.15625,-1.47656,-2.5,-2.375
Random30
Raw:-6.25,-7.40625,-3.45312,-6.6875,10.3125,-9.125,-3.10938,-1.41406,-2.4375,-2.32812
EFT:-6.28125,-7.53125,-3.42188,-6.71875,10.3125,-9.1875,-3.15625,-1.47656,-2.5,-2.375
Random31
Raw:-6.1875,-7.4375,-3.45312,-6.65625,10.125,-9.0625,-3.09375,-1.53906,-2.46875,-2.375
EFT:-6.28125,-7.53125,-3.42188,-6.71875,10.3125,-9.1875,-3.15625,-1.47656,-2.5,-2.375
Random32
Raw:-6.375,-7.59375,-3.42188,-6.8125,10.5625,-9.375,-3.1875,-1.42969,-2.51562,-2.39062
EFT:-6.28125,-7.53125,-3.42188,-6.71875,10.3125,-9.1875,-3.15625,-1.47656,-2.5,-2.375
Random33
Raw:-6.375,-7.5,-3.59375,-6.875,10.4375,-9.25,-3.125,-1.49219,-2.51562,-2.39062
EFT:-6.28125,-7.53125,-3.42188,-6.71875,10.3125,-9.1875,-3.15625,-1.47656,-2.5,-2.375
Random34
Raw:-6.28125,-7.53125,-3.4375,-6.75,10.375,-9.1875,-3.15625,-1.44531,-2.48438,-2.375
EFT:-6.28125,-7.53125,-3.42188,-6.71875,10.3125,-9.1875,-3.15625,-1.47656,-2.5,-2.375
Random35
Raw:-6.25,-7.46875,-3.42188,-6.71875,10.4375,-9.1875,-3.15625,-1.41406,-2.46875,-2.35938
EFT:-6.28125,-7.53125,-3.42188,-6.71875,10.3125,-9.1875,-3.15625,-1.47656,-2.5,-2.375
Random36
Raw:-6.375,-7.5625,-3.54688,-6.875,10.3125,-9.25,-3.14062,-1.55469,-2.53125,-2.42188
EFT:-6.28125,-7.53125,-3.42188,-6.71875,10.3125,-9.1875,-3.15625,-1.47656,-2.5,-2.375
Random37
Raw:-6.3125,-7.59375,-3.42188,-6.75,10.25,-9.1875,-3.17188,-1.53906,-2.53125,-2.42188
EFT:-6.28125,-7.53125,-3.42188,-6.71875,10.3125,-9.1875,-3.15625,-1.47656,-2.5,-2.375
Random38
Raw:-6.3125,-7.40625,-3.5,-6.8125,10.5,-9.1875,-3.14062,-1.35156,-2.45312,-2.32812
EFT:-6.28125,-7.53125,-3.42188,-6.71875,10.3125,-9.1875,-3.15625,-1.47656,-2.5,-2.375
Random39
Raw:-6.3125,-7.53125,-3.54688,-6.78125,10.3125,-9.1875,-3.10938,-1.55469,-2.51562,-2.39062
EFT:-6.28125,-7.53125,-3.42188,-6.71875,10.3125,-9.1875,-3.15625,-1.47656,-2.5,-2.375
Random40
Raw:-6.375,-7.59375,-3.4375,-6.8125,10.5625,-9.3125,-3.1875,-1.42969,-2.51562,-2.39062
EFT:-6.28125,-7.53125,-3.42188,-6.71875,10.3125,-9.1875,-3.15625,-1.47656,-2.5,-2.375
Random41
Raw:-6.28125,-7.40625,-3.5,-6.75,10.375,-9.125,-3.10938,-1.36719,-2.4375,-2.32812
EFT:-6.28125,-7.53125,-3.42188,-6.71875,10.3125,-9.1875,-3.15625,-1.47656,-2.5,-2.375
Random42
Raw:-6.25,-7.40625,-3.54688,-6.78125,10.3125,-9.125,-3.07812,-1.42969,-2.45312,-2.32812
EFT:-6.3125,-7.53125,-3.4375,-6.75,10.375,-9.25,-3.15625,-1.46094,-2.5,-2.375
Random43
Raw:-6.25,-7.46875,-3.35938,-6.65625,10.3125,-9.125,-3.15625,-1.38281,-2.45312,-2.35938
EFT:-6.28125,-7.53125,-3.42188,-6.71875,10.3125,-9.1875,-3.15625,-1.47656,-2.5,-2.375
Random44
Raw:-6.3125,-7.46875,-3.42188,-6.75,10.5625,-9.1875,-3.17188,-1.32812,-2.45312,-2.32812
EFT:-6.28125,-7.53125,-3.42188,-6.71875,10.3125,-9.1875,-3.15625,-1.47656,-2.5,-2.375
Random45
Raw:-6.40625,-7.59375,-3.51562,-6.875,10.5625,-9.3125,-3.1875,-1.46094,-2.53125,-2.39062
EFT:-6.28125,-7.53125,-3.42188,-6.71875,10.3125,-9.1875,-3.15625,-1.47656,-2.5,-2.375
Random46
Raw:-6.34375,-7.53125,-3.48438,-6.8125,10.4375,-9.3125,-3.17188,-1.44531,-2.53125,-2.39062
EFT:-6.28125,-7.53125,-3.42188,-6.71875,10.3125,-9.1875,-3.15625,-1.47656,-2.5,-2.375
Random47
Raw:-6.3125,-7.53125,-3.48438,-6.8125,10.4375,-9.25,-3.15625,-1.44531,-2.5,-2.39062
EFT:-6.28125,-7.53125,-3.42188,-6.71875,10.3125,-9.1875,-3.15625,-1.47656,-2.5,-2.375
Random48
Raw:-6.34375,-7.5625,-3.46875,-6.78125,10.4375,-9.25,-3.17188,-1.46094,-2.53125,-2.40625
EFT:-6.28125,-7.53125,-3.42188,-6.71875,10.3125,-9.1875,-3.15625,-1.47656,-2.5,-2.375
Random49
Raw:-6.34375,-7.59375,-3.42188,-6.75,10.5,-9.3125,-3.1875,-1.41406,-2.51562,-2.39062
EFT:-6.28125,-7.53125,-3.42188,-6.71875,10.3125,-9.1875,-3.15625,-1.47656,-2.5,-2.375
Random50
Raw:-6.25,-7.46875,-3.42188,-6.71875,10.375,-9.1875,-3.14062,-1.39844,-2.46875,-2.34375
EFT:-6.28125,-7.53125,-3.42188,-6.71875,10.3125,-9.1875,-3.15625,-1.47656,-2.5,-2.375
Random51
Raw:-6.34375,-7.46875,-3.53125,-6.8125,10.375,-9.1875,-3.125,-1.46094,-2.5,-2.35938
EFT:-6.28125,-7.53125,-3.42188,-6.71875,10.3125,-9.1875,-3.15625,-1.47656,-2.5,-2.375
Random52
Raw:-6.25,-7.40625,-3.48438,-6.71875,10.1875,-9.0625,-3.09375,-1.46094,-2.45312,-2.35938
EFT:-6.28125,-7.53125,-3.42188,-6.71875,10.3125,-9.1875,-3.15625,-1.47656,-2.5,-2.375
Random53
Raw:-6.3125,-7.46875,-3.35938,-6.75,10.625,-9.25,-3.1875,-1.30469,-2.45312,-2.32812
EFT:-6.28125,-7.53125,-3.42188,-6.71875,10.3125,-9.1875,-3.15625,-1.47656,-2.5,-2.375
Random54
Raw:-6.3125,-7.46875,-3.45312,-6.75,10.4375,-9.1875,-3.15625,-1.42969,-2.48438,-2.35938
EFT:-6.28125,-7.53125,-3.42188,-6.71875,10.3125,-9.1875,-3.15625,-1.47656,-2.5,-2.375
Random55
Raw:-6.25,-7.46875,-3.45312,-6.75,10.4375,-9.1875,-3.14062,-1.41406,-2.45312,-2.35938
EFT:-6.28125,-7.53125,-3.42188,-6.71875,10.3125,-9.1875,-3.15625,-1.47656,-2.5,-2.375
Random56
Raw:-6.3125,-7.59375,-3.45312,-6.78125,10.25,-9.1875,-3.17188,-1.57812,-2.54688,-2.42188
EFT:-6.28125,-7.53125,-3.42188,-6.71875,10.3125,-9.1875,-3.15625,-1.47656,-2.5,-2.375
Random57
Raw:-6.3125,-7.40625,-3.5,-6.78125,10.375,-9.1875,-3.10938,-1.38281,-2.46875,-2.32812
EFT:-6.28125,-7.53125,-3.42188,-6.71875,10.3125,-9.1875,-3.15625,-1.47656,-2.5,-2.375
Random58
Raw:-6.34375,-7.53125,-3.46875,-6.78125,10.4375,-9.25,-3.17188,-1.46094,-2.51562,-2.39062
EFT:-6.28125,-7.53125,-3.42188,-6.71875,10.3125,-9.1875,-3.15625,-1.47656,-2.5,-2.375
Random59
Raw:-6.375,-7.53125,-3.54688,-6.875,10.4375,-9.25,-3.14062,-1.52344,-2.53125,-2.42188
EFT:-6.28125,-7.53125,-3.42188,-6.71875,10.3125,-9.1875,-3.15625,-1.47656,-2.5,-2.375
Random60
Raw:-6.3125,-7.59375,-3.46875,-6.75,10.25,-9.1875,-3.14062,-1.57031,-2.53125,-2.42188
EFT:-6.28125,-7.53125,-3.42188,-6.71875,10.3125,-9.1875,-3.15625,-1.47656,-2.5,-2.375
Random61
Raw:-6.3125,-7.53125,-3.48438,-6.78125,10.4375,-9.1875,-3.15625,-1.46094,-2.5,-2.39062
EFT:-6.28125,-7.53125,-3.42188,-6.71875,10.3125,-9.1875,-3.15625,-1.47656,-2.5,-2.375
Random62
Raw:-6.25,-7.46875,-3.39062,-6.6875,10.375,-9.1875,-3.15625,-1.42969,-2.46875,-2.35938
EFT:-6.28125,-7.53125,-3.42188,-6.71875,10.3125,-9.1875,-3.15625,-1.47656,-2.5,-2.375
Random63
Raw:-6.3125,-7.53125,-3.48438,-6.75,10.3125,-9.1875,-3.14062,-1.49219,-2.5,-2.39062
EFT:-6.28125,-7.53125,-3.42188,-6.71875,10.3125,-9.1875,-3.15625,-1.47656,-2.5,-2.375
Random64
Raw:-6.375,-7.59375,-3.54688,-6.875,10.4375,-9.3125,-3.15625,-1.53906,-2.5625,-2.42188
EFT:-6.28125,-7.53125,-3.42188,-6.71875,10.3125,-9.1875,-3.15625,-1.47656,-2.5,-2.375
Random65
Raw:-6.40625,-7.53125,-3.625,-6.875,10.3125,-9.25,-3.125,-1.5625,-2.53125,-2.42188
EFT:-6.28125,-7.53125,-3.42188,-6.71875,10.3125,-9.1875,-3.15625,-1.47656,-2.5,-2.375
Random66
Raw:-6.34375,-7.46875,-3.45312,-6.8125,10.625,-9.3125,-3.17188,-1.35156,-2.48438,-2.34375
EFT:-6.28125,-7.53125,-3.42188,-6.71875,10.3125,-9.1875,-3.15625,-1.47656,-2.5,-2.375
Random67
Raw:-6.3125,-7.46875,-3.48438,-6.78125,10.4375,-9.1875,-3.14062,-1.41406,-2.48438,-2.35938
EFT:-6.28125,-7.53125,-3.42188,-6.71875,10.3125,-9.1875,-3.15625,-1.47656,-2.5,-2.375
Random68
Raw:-6.28125,-7.375,-3.46875,-6.75,10.4375,-9.1875,-3.125,-1.32031,-2.4375,-2.32812
EFT:-6.28125,-7.53125,-3.42188,-6.71875,10.3125,-9.1875,-3.15625,-1.47656,-2.5,-2.375
Random69
Raw:-6.3125,-7.53125,-3.35938,-6.75,10.5,-9.3125,-3.20312,-1.38281,-2.5,-2.39062
EFT:-6.28125,-7.53125,-3.42188,-6.71875,10.3125,-9.1875,-3.15625,-1.47656,-2.5,-2.375
Random70
Raw:-6.34375,-7.53125,-3.48438,-6.8125,10.4375,-9.25,-3.15625,-1.44531,-2.51562,-2.39062
EFT:-6.28125,-7.53125,-3.42188,-6.71875,10.3125,-9.1875,-3.15625,-1.47656,-2.5,-2.375
Random71
Raw:-6.25,-7.4375,-3.53125,-6.71875,10.0625,-9.0625,-3.0625,-1.58594,-2.46875,-2.375
EFT:-6.28125,-7.53125,-3.42188,-6.71875,10.3125,-9.1875,-3.15625,-1.47656,-2.5,-2.375
Random72
Raw:-6.3125,-7.4375,-3.51562,-6.75,10.375,-9.125,-3.10938,-1.42969,-2.46875,-2.35938
EFT:-6.28125,-7.53125,-3.42188,-6.71875,10.3125,-9.1875,-3.15625,-1.47656,-2.5,-2.375
Random73
Raw:-6.3125,-7.5625,-3.51562,-6.8125,10.375,-9.25,-3.14062,-1.53906,-2.51562,-2.42188
EFT:-6.28125,-7.53125,-3.42188,-6.71875,10.3125,-9.1875,-3.15625,-1.47656,-2.5,-2.375
Random74
Raw:-6.25,-7.40625,-3.5,-6.75,10.3125,-9.125,-3.10938,-1.41406,-2.45312,-2.32812
EFT:-6.28125,-7.53125,-3.42188,-6.71875,10.3125,-9.1875,-3.15625,-1.47656,-2.5,-2.375
Random75
Raw:-6.25,-7.34375,-3.4375,-6.6875,10.375,-9.125,-3.10938,-1.35156,-2.4375,-2.3125
EFT:-6.28125,-7.53125,-3.42188,-6.71875,10.3125,-9.1875,-3.15625,-1.47656,-2.5,-2.375
Random76
Raw:-6.375,-7.46875,-3.45312,-6.8125,10.6875,-9.3125,-3.1875,-1.32031,-2.48438,-2.34375
EFT:-6.28125,-7.53125,-3.42188,-6.71875,10.3125,-9.1875,-3.15625,-1.47656,-2.5,-2.375
Random77
Raw:-6.3125,-7.59375,-3.46875,-6.75,10.25,-9.1875,-3.14062,-1.55469,-2.53125,-2.42188
EFT:-6.28125,-7.53125,-3.42188,-6.71875,10.3125,-9.1875,-3.15625,-1.47656,-2.5,-2.375
Random78
Raw:-6.1875,-7.375,-3.39062,-6.625,10.1875,-9.0625,-3.10938,-1.42969,-2.42188,-2.32812
EFT:-6.28125,-7.53125,-3.42188,-6.71875,10.3125,-9.1875,-3.15625,-1.47656,-2.5,-2.375
Random79
Raw:-6.375,-7.65625,-3.45312,-6.84375,10.4375,-9.3125,-3.20312,-1.50781,-2.5625,-2.45312
EFT:-6.28125,-7.53125,-3.42188,-6.71875,10.3125,-9.1875,-3.15625,-1.47656,-2.5,-2.375
Random80
Raw:-6.28125,-7.46875,-3.4375,-6.75,10.4375,-9.1875,-3.15625,-1.44531,-2.48438,-2.35938
EFT:-6.28125,-7.53125,-3.42188,-6.71875,10.3125,-9.1875,-3.15625,-1.47656,-2.5,-2.375
Random81
Raw:-6.28125,-7.4375,-3.4375,-6.75,10.5625,-9.1875,-3.14062,-1.33594,-2.46875,-2.32812
EFT:-6.28125,-7.53125,-3.42188,-6.71875,10.3125,-9.1875,-3.15625,-1.47656,-2.5,-2.375
Random82
Raw:-6.34375,-7.53125,-3.5,-6.84375,10.4375,-9.25,-3.15625,-1.47656,-2.53125,-2.39062
EFT:-6.28125,-7.53125,-3.42188,-6.71875,10.3125,-9.1875,-3.15625,-1.47656,-2.5,-2.375
Random83
Raw:-6.28125,-7.5,-3.48438,-6.75,10.3125,-9.1875,-3.125,-1.49219,-2.5,-2.39062
EFT:-6.28125,-7.53125,-3.42188,-6.71875,10.3125,-9.1875,-3.15625,-1.47656,-2.5,-2.375
Random84
Raw:-6.25,-7.4375,-3.32812,-6.65625,10.5625,-9.1875,-3.17188,-1.25,-2.4375,-2.3125
EFT:-6.28125,-7.53125,-3.42188,-6.71875,10.3125,-9.1875,-3.15625,-1.47656,-2.5,-2.375
Random85
Raw:-6.34375,-7.53125,-3.4375,-6.8125,10.5625,-9.3125,-3.17188,-1.41406,-2.5,-2.375
EFT:-6.28125,-7.53125,-3.42188,-6.71875,10.3125,-9.1875,-3.15625,-1.47656,-2.5,-2.375
Random86
Raw:-6.25,-7.5,-3.375,-6.6875,10.4375,-9.1875,-3.15625,-1.41406,-2.46875,-2.35938
EFT:-6.28125,-7.53125,-3.42188,-6.71875,10.3125,-9.1875,-3.15625,-1.47656,-2.5,-2.375
Random87
Raw:-6.28125,-7.53125,-3.45312,-6.75,10.25,-9.1875,-3.14062,-1.50781,-2.51562,-2.39062
EFT:-6.28125,-7.53125,-3.42188,-6.71875,10.3125,-9.1875,-3.15625,-1.47656,-2.5,-2.375
Random88
Raw:-6.375,-7.5,-3.51562,-6.8125,10.5625,-9.25,-3.14062,-1.39062,-2.48438,-2.35938
EFT:-6.28125,-7.53125,-3.42188,-6.71875,10.3125,-9.1875,-3.15625,-1.47656,-2.5,-2.375
Random89
Raw:-6.3125,-7.53125,-3.4375,-6.75,10.375,-9.25,-3.15625,-1.47656,-2.5,-2.39062
EFT:-6.28125,-7.53125,-3.42188,-6.71875,10.3125,-9.1875,-3.15625,-1.47656,-2.5,-2.375
Random90
Raw:-6.375,-7.59375,-3.45312,-6.78125,10.5,-9.3125,-3.1875,-1.4375,-2.53125,-2.40625
EFT:-6.28125,-7.53125,-3.42188,-6.71875,10.3125,-9.1875,-3.15625,-1.47656,-2.5,-2.375
Random91
Raw:-6.21875,-7.28125,-3.53125,-6.71875,10.375,-9.0625,-3.07812,-1.33594,-2.40625,-2.28125
EFT:-6.28125,-7.53125,-3.42188,-6.71875,10.3125,-9.1875,-3.15625,-1.47656,-2.5,-2.375
Random92
Raw:-6.3125,-7.46875,-3.48438,-6.75,10.3125,-9.1875,-3.14062,-1.48438,-2.5,-2.39062
EFT:-6.28125,-7.53125,-3.42188,-6.71875,10.3125,-9.1875,-3.15625,-1.47656,-2.5,-2.375
Random93
Raw:-6.28125,-7.46875,-3.51562,-6.75,10.1875,-9.125,-3.10938,-1.57031,-2.5,-2.39062
EFT:-6.28125,-7.53125,-3.42188,-6.71875,10.3125,-9.1875,-3.15625,-1.47656,-2.5,-2.375
Random94
Raw:-6.3125,-7.53125,-3.39062,-6.75,10.4375,-9.25,-3.1875,-1.44531,-2.5,-2.39062
EFT:-6.28125,-7.53125,-3.42188,-6.71875,10.3125,-9.1875,-3.15625,-1.47656,-2.5,-2.375
Random95
Raw:-6.25,-7.53125,-3.35938,-6.6875,10.3125,-9.1875,-3.15625,-1.47656,-2.5,-2.39062
EFT:-6.28125,-7.53125,-3.42188,-6.71875,10.3125,-9.1875,-3.15625,-1.47656,-2.5,-2.375
Random96
Raw:-6.375,-7.53125,-3.60938,-6.875,10.3125,-9.25,-3.10938,-1.50781,-2.53125,-2.39062
EFT:-6.28125,-7.53125,-3.42188,-6.71875,10.3125,-9.1875,-3.15625,-1.47656,-2.5,-2.375
Random97
Raw:-6.375,-7.53125,-3.51562,-6.8125,10.5,-9.25,-3.14062,-1.41406,-2.5,-2.375
EFT:-6.28125,-7.53125,-3.42188,-6.71875,10.3125,-9.1875,-3.15625,-1.47656,-2.5,-2.375
Random98
Raw:-6.3125,-7.46875,-3.45312,-6.78125,10.625,-9.3125,-3.17188,-1.35156,-2.48438,-2.35938
EFT:-6.28125,-7.53125,-3.42188,-6.71875,10.3125,-9.1875,-3.15625,-1.47656,-2.5,-2.375
Random99
Raw:-6.28125,-7.46875,-3.39062,-6.71875,10.5,-9.1875,-3.17188,-1.32812,-2.45312,-2.34375
EFT:-6.28125,-7.53125,-3.42188,-6.71875,10.3125,-9.1875,-3.15625,-1.47656,-2.5,-2.375
Random100
Raw:-6.40625,-7.6875,-3.45312,-6.875,10.5625,-9.375,-3.21875,-1.49219,-2.5625,-2.45312
EFT:-6.28125,-7.53125,-3.42188,-6.71875,10.3125,-9.1875,-3.15625,-1.47656,-2.5,-2.375
Random101
Raw:-6.25,-7.46875,-3.45312,-6.71875,10.25,-9.125,-3.14062,-1.47656,-2.46875,-2.35938
EFT:-6.28125,-7.53125,-3.42188,-6.71875,10.3125,-9.1875,-3.15625,-1.47656,-2.5,-2.375
Random102
Raw:-6.3125,-7.46875,-3.45312,-6.75,10.4375,-9.1875,-3.15625,-1.42188,-2.48438,-2.35938
EFT:-6.28125,-7.53125,-3.42188,-6.71875,10.3125,-9.1875,-3.15625,-1.47656,-2.5,-2.375
Random103
Raw:-6.3125,-7.4375,-3.51562,-6.75,10.375,-9.1875,-3.125,-1.46094,-2.46875,-2.35938
EFT:-6.28125,-7.53125,-3.42188,-6.71875,10.3125,-9.1875,-3.15625,-1.47656,-2.5,-2.375
Random104
Raw:-6.375,-7.59375,-3.51562,-6.84375,10.4375,-9.25,-3.15625,-1.49219,-2.53125,-2.40625
EFT:-6.28125,-7.53125,-3.42188,-6.71875,10.3125,-9.1875,-3.15625,-1.47656,-2.5,-2.375
Random105
Raw:-6.28125,-7.40625,-3.51562,-6.75,10.4375,-9.125,-3.10938,-1.35156,-2.4375,-2.3125
EFT:-6.28125,-7.53125,-3.42188,-6.71875,10.3125,-9.1875,-3.15625,-1.47656,-2.5,-2.375
Random106
Raw:-6.28125,-7.4375,-3.45312,-6.75,10.4375,-9.1875,-3.14062,-1.39844,-2.46875,-2.35938
EFT:-6.28125,-7.53125,-3.42188,-6.71875,10.3125,-9.1875,-3.15625,-1.47656,-2.5,-2.375
Random107
Raw:-6.28125,-7.46875,-3.42188,-6.75,10.5,-9.1875,-3.15625,-1.36719,-2.46875,-2.34375
EFT:-6.28125,-7.53125,-3.42188,-6.71875,10.3125,-9.1875,-3.15625,-1.47656,-2.5,-2.375
Random108
Raw:-6.375,-7.625,-3.45312,-6.8125,10.4375,-9.3125,-3.20312,-1.52344,-2.5625,-2.4375
EFT:-6.28125,-7.53125,-3.42188,-6.71875,10.3125,-9.1875,-3.15625,-1.47656,-2.5,-2.375
Random109
Raw:-6.3125,-7.53125,-3.45312,-6.78125,10.4375,-9.25,-3.17188,-1.42969,-2.5,-2.375
EFT:-6.28125,-7.53125,-3.42188,-6.71875,10.3125,-9.1875,-3.15625,-1.47656,-2.5,-2.375
Random110
Raw:-6.28125,-7.46875,-3.5,-6.75,10.375,-9.1875,-3.10938,-1.47656,-2.46875,-2.35938
EFT:-6.28125,-7.53125,-3.42188,-6.71875,10.3125,-9.1875,-3.15625,-1.47656,-2.5,-2.375
Random111
Raw:-6.28125,-7.46875,-3.53125,-6.75,10.1875,-9.0625,-3.09375,-1.50781,-2.48438,-2.375
EFT:-6.28125,-7.53125,-3.42188,-6.71875,10.3125,-9.1875,-3.15625,-1.47656,-2.5,-2.375
Random112
Raw:-6.3125,-7.53125,-3.54688,-6.8125,10.3125,-9.1875,-3.14062,-1.54688,-2.51562,-2.42188
EFT:-6.28125,-7.53125,-3.42188,-6.71875,10.3125,-9.1875,-3.15625,-1.47656,-2.5,-2.375
Random113
Raw:-6.28125,-7.5,-3.45312,-6.71875,10.3125,-9.1875,-3.14062,-1.49219,-2.48438,-2.39062
EFT:-6.28125,-7.53125,-3.42188,-6.71875,10.3125,-9.1875,-3.15625,-1.47656,-2.5,-2.375
Random114
Raw:-6.34375,-7.59375,-3.53125,-6.84375,10.375,-9.25,-3.14062,-1.57031,-2.53125,-2.42188
EFT:-6.28125,-7.53125,-3.42188,-6.71875,10.3125,-9.1875,-3.15625,-1.47656,-2.5,-2.375
Random115
Raw:-6.3125,-7.5,-3.51562,-6.78125,10.3125,-9.1875,-3.125,-1.48438,-2.48438,-2.375
EFT:-6.28125,-7.53125,-3.42188,-6.71875,10.3125,-9.1875,-3.15625,-1.47656,-2.5,-2.375
Random116
Raw:-6.3125,-7.59375,-3.42188,-6.78125,10.375,-9.3125,-3.1875,-1.50781,-2.51562,-2.42188
EFT:-6.28125,-7.53125,-3.42188,-6.71875,10.3125,-9.1875,-3.15625,-1.47656,-2.5,-2.375
Random117
Raw:-6.375,-7.65625,-3.48438,-6.84375,10.375,-9.3125,-3.17188,-1.57031,-2.54688,-2.45312
EFT:-6.28125,-7.53125,-3.42188,-6.71875,10.3125,-9.1875,-3.15625,-1.47656,-2.5,-2.375
Random118
Raw:-6.25,-7.34375,-3.48438,-6.71875,10.4375,-9.125,-3.10938,-1.36719,-2.42188,-2.29688
EFT:-6.28125,-7.53125,-3.42188,-6.71875,10.3125,-9.1875,-3.15625,-1.47656,-2.5,-2.375
Random119
Raw:-6.40625,-7.65625,-3.48438,-6.875,10.5625,-9.375,-3.20312,-1.49219,-2.5625,-2.42188
EFT:-6.28125,-7.53125,-3.42188,-6.71875,10.3125,-9.1875,-3.15625,-1.47656,-2.5,-2.375
Random120
Raw:-6.25,-7.59375,-3.42188,-6.71875,10.25,-9.1875,-3.14062,-1.53906,-2.5,-2.42188
EFT:-6.28125,-7.53125,-3.42188,-6.71875,10.3125,-9.1875,-3.15625,-1.47656,-2.5,-2.375
Random121
Raw:-6.40625,-7.625,-3.54688,-6.875,10.5,-9.3125,-3.17188,-1.52344,-2.5625,-2.42188
EFT:-6.28125,-7.53125,-3.42188,-6.71875,10.3125,-9.1875,-3.15625,-1.47656,-2.5,-2.375
Random122
Raw:-6.3125,-7.46875,-3.54688,-6.8125,10.3125,-9.125,-3.10938,-1.50781,-2.5,-2.375
EFT:-6.28125,-7.53125,-3.42188,-6.71875,10.3125,-9.1875,-3.15625,-1.47656,-2.5,-2.375
Random123
Raw:-6.3125,-7.5625,-3.46875,-6.75,10.3125,-9.1875,-3.14062,-1.52344,-2.51562,-2.40625
EFT:-6.28125,-7.53125,-3.42188,-6.71875,10.3125,-9.1875,-3.15625,-1.47656,-2.5,-2.375
Random124
Raw:-6.3125,-7.5,-3.45312,-6.75,10.375,-9.1875,-3.14062,-1.45312,-2.48438,-2.375
EFT:-6.28125,-7.53125,-3.42188,-6.71875,10.3125,-9.1875,-3.15625,-1.47656,-2.5,-2.375
Random125
Raw:-6.3125,-7.53125,-3.42188,-6.75,10.4375,-9.25,-3.17188,-1.44531,-2.5,-2.39062
EFT:-6.28125,-7.53125,-3.42188,-6.71875,10.3125,-9.1875,-3.15625,-1.47656,-2.5,-2.375
Random126
Raw:-6.28125,-7.53125,-3.34375,-6.71875,10.4375,-9.25,-3.1875,-1.41406,-2.48438,-2.39062
EFT:-6.28125,-7.53125,-3.42188,-6.71875,10.3125,-9.1875,-3.15625,-1.47656,-2.5,-2.375
Random127
Raw:-6.4375,-7.65625,-3.5625,-6.90625,10.5625,-9.375,-3.1875,-1.53906,-2.57812,-2.4375
EFT:-6.28125,-7.53125,-3.42188,-6.71875,10.3125,-9.1875,-3.15625,-1.47656,-2.5,-2.375
Random128
Raw:-6.3125,-7.53125,-3.42188,-6.75,10.4375,-9.25,-3.17188,-1.47656,-2.5,-2.39062
EFT:-6.28125,-7.53125,-3.42188,-6.71875,10.3125,-9.1875,-3.15625,-1.47656,-2.5,-2.375
Random129
Raw:-6.34375,-7.59375,-3.53125,-6.8125,10.3125,-9.25,-3.15625,-1.60156,-2.5625,-2.45312
EFT:-6.28125,-7.53125,-3.42188,-6.71875,10.3125,-9.1875,-3.15625,-1.47656,-2.5,-2.375
Random130
Raw:-6.25,-7.40625,-3.42188,-6.6875,10.375,-9.1875,-3.14062,-1.36719,-2.4375,-2.32812
EFT:-6.28125,-7.53125,-3.42188,-6.71875,10.3125,-9.1875,-3.15625,-1.47656,-2.5,-2.375
Random131
Raw:-6.34375,-7.53125,-3.51562,-6.84375,10.4375,-9.1875,-3.14062,-1.46094,-2.5,-2.39062
EFT:-6.28125,-7.53125,-3.42188,-6.71875,10.3125,-9.1875,-3.15625,-1.47656,-2.5,-2.375
Random132
Raw:-6.3125,-7.4375,-3.45312,-6.75,10.4375,-9.1875,-3.14062,-1.35156,-2.46875,-2.32812
EFT:-6.28125,-7.53125,-3.42188,-6.71875,10.3125,-9.1875,-3.15625,-1.47656,-2.5,-2.375
Random133
Raw:-6.375,-7.65625,-3.4375,-6.8125,10.375,-9.3125,-3.1875,-1.53906,-2.5625,-2.45312
EFT:-6.28125,-7.53125,-3.42188,-6.71875,10.3125,-9.1875,-3.15625,-1.47656,-2.5,-2.375
Random134
Raw:-6.3125,-7.46875,-3.51562,-6.78125,10.3125,-9.125,-3.10938,-1.47656,-2.48438,-2.35938
EFT:-6.28125,-7.53125,-3.42188,-6.71875,10.3125,-9.1875,-3.15625,-1.47656,-2.5,-2.375
Random135
Raw:-6.3125,-7.46875,-3.45312,-6.75,10.4375,-9.1875,-3.14062,-1.39844,-2.46875,-2.35938
EFT:-6.28125,-7.53125,-3.42188,-6.71875,10.3125,-9.1875,-3.15625,-1.47656,-2.5,-2.375
Random136
Raw:-6.28125,-7.59375,-3.375,-6.71875,10.3125,-9.25,-3.17188,-1.57031,-2.53125,-2.42188
EFT:-6.28125,-7.53125,-3.42188,-6.71875,10.3125,-9.1875,-3.15625,-1.47656,-2.5,-2.375
Random137
Raw:-6.3125,-7.53125,-3.51562,-6.8125,10.3125,-9.1875,-3.14062,-1.50781,-2.5,-2.39062
EFT:-6.28125,-7.53125,-3.42188,-6.71875,10.3125,-9.1875,-3.15625,-1.47656,-2.5,-2.375
Random138
Raw:-6.40625,-7.625,-3.48438,-6.8125,10.5,-9.3125,-3.20312,-1.49219,-2.54688,-2.42188
EFT:-6.28125,-7.53125,-3.42188,-6.71875,10.3125,-9.1875,-3.15625,-1.47656,-2.5,-2.375
Random139
Raw:-6.34375,-7.53125,-3.51562,-6.8125,10.4375,-9.1875,-3.15625,-1.5,-2.53125,-2.39062
EFT:-6.28125,-7.53125,-3.42188,-6.71875,10.3125,-9.1875,-3.15625,-1.47656,-2.5,-2.375
Random140
Raw:-6.3125,-7.5,-3.48438,-6.78125,10.375,-9.1875,-3.14062,-1.47656,-2.5,-2.39062
EFT:-6.28125,-7.53125,-3.42188,-6.71875,10.3125,-9.1875,-3.15625,-1.47656,-2.5,-2.375
Random141
Raw:-6.3125,-7.46875,-3.54688,-6.75,10.25,-9.1875,-3.10938,-1.49219,-2.48438,-2.39062
EFT:-6.28125,-7.53125,-3.42188,-6.71875,10.3125,-9.1875,-3.15625,-1.47656,-2.5,-2.375
Random142
Raw:-6.28125,-7.53125,-3.35938,-6.71875,10.4375,-9.25,-3.1875,-1.42969,-2.48438,-2.39062
EFT:-6.28125,-7.5,-3.4375,-6.71875,10.3125,-9.1875,-3.15625,-1.47656,-2.5,-2.375
Random143
Raw:-6.28125,-7.40625,-3.48438,-6.75,10.3125,-9.1875,-3.125,-1.41406,-2.45312,-2.34375
EFT:-6.28125,-7.53125,-3.42188,-6.71875,10.3125,-9.1875,-3.15625,-1.47656,-2.5,-2.375
Random144
Raw:-6.25,-7.46875,-3.45312,-6.71875,10.25,-9.125,-3.14062,-1.47656,-2.46875,-2.35938
EFT:-6.28125,-7.53125,-3.42188,-6.71875,10.3125,-9.1875,-3.15625,-1.47656,-2.5,-2.375
Random145
Raw:-6.3125,-7.625,-3.39062,-6.75,10.375,-9.3125,-3.20312,-1.50781,-2.53125,-2.42188
EFT:-6.28125,-7.53125,-3.42188,-6.71875,10.3125,-9.1875,-3.15625,-1.47656,-2.5,-2.375
Random146
Raw:-6.34375,-7.53125,-3.48438,-6.8125,10.4375,-9.25,-3.15625,-1.44531,-2.5,-2.39062
EFT:-6.28125,-7.53125,-3.42188,-6.71875,10.3125,-9.1875,-3.15625,-1.47656,-2.5,-2.375
Random147
Raw:-6.3125,-7.5625,-3.42188,-6.75,10.4375,-9.25,-3.1875,-1.48438,-2.51562,-2.39062
EFT:-6.28125,-7.53125,-3.42188,-6.71875,10.3125,-9.1875,-3.15625,-1.47656,-2.5,-2.375
Random148
Raw:-6.25,-7.375,-3.51562,-6.75,10.3125,-9.125,-3.09375,-1.41406,-2.4375,-2.32812
EFT:-6.28125,-7.53125,-3.42188,-6.71875,10.3125,-9.1875,-3.15625,-1.47656,-2.5,-2.375
Random149
Raw:-6.28125,-7.46875,-3.42188,-6.71875,10.375,-9.1875,-3.15625,-1.41406,-2.46875,-2.35938
EFT:-6.28125,-7.53125,-3.42188,-6.71875,10.3125,-9.1875,-3.15625,-1.47656,-2.5,-2.375
Random150
Raw:-6.3125,-7.53125,-3.48438,-6.8125,10.4375,-9.25,-3.15625,-1.44531,-2.5,-2.39062
EFT:-6.28125,-7.53125,-3.42188,-6.71875,10.3125,-9.1875,-3.15625,-1.47656,-2.5,-2.375
Random151
Raw:-6.25,-7.46875,-3.42188,-6.71875,10.1875,-9.125,-3.125,-1.53125,-2.46875,-2.39062
EFT:-6.28125,-7.53125,-3.42188,-6.71875,10.3125,-9.1875,-3.15625,-1.47656,-2.5,-2.375
Random152
Raw:-6.375,-7.5625,-3.48438,-6.8125,10.4375,-9.3125,-3.17188,-1.46094,-2.53125,-2.39062
EFT:-6.28125,-7.53125,-3.42188,-6.71875,10.3125,-9.1875,-3.15625,-1.47656,-2.5,-2.375
Random153
Raw:-6.3125,-7.4375,-3.53125,-6.8125,10.375,-9.1875,-3.10938,-1.41406,-2.46875,-2.34375
EFT:-6.28125,-7.53125,-3.42188,-6.71875,10.3125,-9.1875,-3.15625,-1.47656,-2.5,-2.375
Random154
Raw:-6.375,-7.5,-3.5,-6.8125,10.5,-9.25,-3.15625,-1.41406,-2.5,-2.35938
EFT:-6.28125,-7.53125,-3.42188,-6.71875,10.3125,-9.1875,-3.15625,-1.47656,-2.5,-2.375
Random155
Raw:-6.3125,-7.46875,-3.46875,-6.78125,10.4375,-9.1875,-3.14062,-1.42969,-2.46875,-2.35938
EFT:-6.28125,-7.53125,-3.42188,-6.71875,10.3125,-9.1875,-3.15625,-1.47656,-2.5,-2.375
Random156
Raw:-6.375,-7.65625,-3.42188,-6.8125,10.4375,-9.375,-3.21875,-1.48438,-2.5625,-2.42188
EFT:-6.28125,-7.53125,-3.42188,-6.71875,10.3125,-9.1875,-3.15625,-1.47656,-2.5,-2.375
Random157
Raw:-6.25,-7.53125,-3.40625,-6.6875,10.1875,-9.125,-3.125,-1.52344,-2.48438,-2.39062
EFT:-6.28125,-7.53125,-3.42188,-6.71875,10.3125,-9.1875,-3.15625,-1.47656,-2.5,-2.375
Random158
Raw:-6.375,-7.59375,-3.54688,-6.875,10.3125,-9.25,-3.14062,-1.60156,-2.54688,-2.4375
EFT:-6.28125,-7.53125,-3.42188,-6.71875,10.3125,-9.1875,-3.15625,-1.47656,-2.5,-2.375
Random159
Raw:-6.375,-7.53125,-3.59375,-6.84375,10.4375,-9.25,-3.14062,-1.49219,-2.51562,-2.39062
EFT:-6.28125,-7.53125,-3.42188,-6.71875,10.3125,-9.1875,-3.15625,-1.47656,-2.5,-2.375
Random160
Raw:-6.25,-7.46875,-3.51562,-6.75,10.1875,-9.125,-3.10938,-1.50781,-2.48438,-2.35938
EFT:-6.28125,-7.53125,-3.42188,-6.71875,10.3125,-9.1875,-3.15625,-1.47656,-2.5,-2.375
Random161
Raw:-6.3125,-7.53125,-3.42188,-6.75,10.5,-9.25,-3.17188,-1.39844,-2.5,-2.375
EFT:-6.28125,-7.53125,-3.42188,-6.71875,10.3125,-9.1875,-3.15625,-1.47656,-2.5,-2.375
Random162
Raw:-6.34375,-7.53125,-3.4375,-6.78125,10.5,-9.3125,-3.17188,-1.42969,-2.51562,-2.39062
EFT:-6.28125,-7.53125,-3.42188,-6.71875,10.3125,-9.1875,-3.15625,-1.47656,-2.5,-2.375
Random163
Raw:-6.34375,-7.53125,-3.45312,-6.78125,10.4375,-9.25,-3.17188,-1.44531,-2.5,-2.39062
EFT:-6.28125,-7.53125,-3.42188,-6.71875,10.3125,-9.1875,-3.15625,-1.47656,-2.5,-2.375
Random164
Raw:-6.375,-7.59375,-3.46875,-6.8125,10.4375,-9.3125,-3.1875,-1.47656,-2.54688,-2.42188
EFT:-6.28125,-7.53125,-3.42188,-6.71875,10.3125,-9.1875,-3.15625,-1.47656,-2.5,-2.375
Random165
Raw:-6.25,-7.40625,-3.39062,-6.71875,10.4375,-9.1875,-3.14062,-1.38281,-2.4375,-2.32812
EFT:-6.28125,-7.53125,-3.42188,-6.71875,10.3125,-9.1875,-3.15625,-1.47656,-2.5,-2.375
Random166
Raw:-6.28125,-7.40625,-3.42188,-6.6875,10.5,-9.1875,-3.14062,-1.30469,-2.4375,-2.3125
EFT:-6.28125,-7.53125,-3.42188,-6.71875,10.3125,-9.1875,-3.15625,-1.47656,-2.5,-2.375
Random167
Raw:-6.375,-7.65625,-3.45312,-6.84375,10.4375,-9.3125,-3.20312,-1.50781,-2.5625,-2.45312
EFT:-6.28125,-7.5,-3.4375,-6.71875,10.3125,-9.1875,-3.15625,-1.47656,-2.5,-2.375
Random168
Raw:-6.34375,-7.46875,-3.51562,-6.8125,10.5625,-9.25,-3.14062,-1.38281,-2.46875,-2.34375
EFT:-6.28125,-7.53125,-3.42188,-6.71875,10.3125,-9.1875,-3.15625,-1.47656,-2.5,-2.375
Random169
Raw:-6.3125,-7.5,-3.48438,-6.75,10.375,-9.1875,-3.14062,-1.44531,-2.5,-2.375
EFT:-6.28125,-7.53125,-3.42188,-6.71875,10.3125,-9.1875,-3.15625,-1.47656,-2.5,-2.375
Random170
Raw:-6.3125,-7.53125,-3.45312,-6.78125,10.375,-9.25,-3.15625,-1.46875,-2.48438,-2.39062
EFT:-6.28125,-7.53125,-3.42188,-6.71875,10.3125,-9.1875,-3.15625,-1.47656,-2.5,-2.375
Random171
Raw:-6.3125,-7.46875,-3.4375,-6.78125,10.625,-9.3125,-3.17188,-1.33594,-2.46875,-2.34375
EFT:-6.28125,-7.53125,-3.42188,-6.71875,10.3125,-9.1875,-3.15625,-1.47656,-2.5,-2.375
Random172
Raw:-6.28125,-7.4375,-3.48438,-6.78125,10.4375,-9.1875,-3.14062,-1.39844,-2.46875,-2.34375
EFT:-6.28125,-7.53125,-3.42188,-6.71875,10.3125,-9.1875,-3.15625,-1.47656,-2.5,-2.375
Random173
Raw:-6.34375,-7.53125,-3.39062,-6.78125,10.625,-9.3125,-3.20312,-1.38281,-2.5,-2.375
EFT:-6.28125,-7.53125,-3.42188,-6.71875,10.3125,-9.1875,-3.15625,-1.47656,-2.5,-2.375
Random174
Raw:-6.25,-7.46875,-3.35938,-6.6875,10.4375,-9.1875,-3.17188,-1.36719,-2.45312,-2.35938
EFT:-6.28125,-7.53125,-3.42188,-6.71875,10.3125,-9.1875,-3.15625,-1.47656,-2.5,-2.375
Random175
Raw:-6.34375,-7.5,-3.45312,-6.8125,10.5625,-9.3125,-3.17188,-1.39844,-2.5,-2.35938
EFT:-6.28125,-7.53125,-3.42188,-6.71875,10.3125,-9.1875,-3.15625,-1.47656,-2.5,-2.375
Random176
Raw:-6.34375,-7.5625,-3.51562,-6.8125,10.4375,-9.25,-3.15625,-1.47656,-2.53125,-2.39062
EFT:-6.28125,-7.53125,-3.42188,-6.71875,10.3125,-9.1875,-3.15625,-1.47656,-2.5,-2.375
Random177
Raw:-6.3125,-7.5625,-3.42188,-6.75,10.375,-9.25,-3.17188,-1.47656,-2.5,-2.39062
EFT:-6.28125,-7.53125,-3.42188,-6.71875,10.3125,-9.1875,-3.15625,-1.47656,-2.5,-2.375
Random178
Raw:-6.3125,-7.46875,-3.45312,-6.75,10.375,-9.1875,-3.14062,-1.42969,-2.46875,-2.35938
EFT:-6.28125,-7.53125,-3.42188,-6.71875,10.3125,-9.1875,-3.15625,-1.47656,-2.5,-2.375
Random179
Raw:-6.3125,-7.53125,-3.46875,-6.78125,10.4375,-9.25,-3.15625,-1.44531,-2.5,-2.39062
EFT:-6.28125,-7.53125,-3.42188,-6.71875,10.3125,-9.1875,-3.15625,-1.47656,-2.5,-2.375
Random180
Raw:-6.3125,-7.46875,-3.45312,-6.78125,10.4375,-9.1875,-3.15625,-1.40625,-2.48438,-2.35938
EFT:-6.28125,-7.53125,-3.42188,-6.71875,10.3125,-9.1875,-3.15625,-1.47656,-2.5,-2.375
Random181
Raw:-6.25,-7.5,-3.39062,-6.71875,10.4375,-9.1875,-3.17188,-1.41406,-2.48438,-2.35938
EFT:-6.28125,-7.53125,-3.42188,-6.71875,10.3125,-9.1875,-3.15625,-1.47656,-2.5,-2.375
Random182
Raw:-6.375,-7.53125,-3.48438,-6.8125,10.5625,-9.3125,-3.17188,-1.42969,-2.5,-2.39062
EFT:-6.28125,-7.5,-3.4375,-6.71875,10.3125,-9.1875,-3.15625,-1.47656,-2.5,-2.375
Random183
Raw:-6.28125,-7.53125,-3.39062,-6.71875,10.4375,-9.25,-3.17188,-1.42969,-2.5,-2.39062
EFT:-6.28125,-7.53125,-3.42188,-6.71875,10.3125,-9.1875,-3.15625,-1.47656,-2.5,-2.375
Random184
Raw:-6.40625,-7.59375,-3.5,-6.875,10.625,-9.375,-3.20312,-1.41406,-2.54688,-2.40625
EFT:-6.28125,-7.53125,-3.42188,-6.71875,10.3125,-9.1875,-3.15625,-1.47656,-2.5,-2.375
Random185
Raw:-6.3125,-7.5,-3.4375,-6.75,10.5,-9.25,-3.15625,-1.39062,-2.48438,-2.35938
EFT:-6.28125,-7.53125,-3.42188,-6.71875,10.3125,-9.1875,-3.15625,-1.47656,-2.5,-2.375
Random186
Raw:-6.375,-7.53125,-3.46875,-6.8125,10.5625,-9.3125,-3.1875,-1.41406,-2.5,-2.39062
EFT:-6.28125,-7.53125,-3.42188,-6.71875,10.3125,-9.1875,-3.15625,-1.47656,-2.5,-2.375
Random187
Raw:-6.375,-7.46875,-3.51562,-6.8125,10.625,-9.25,-3.15625,-1.33594,-2.46875,-2.32812
EFT:-6.28125,-7.53125,-3.42188,-6.71875,10.3125,-9.1875,-3.15625,-1.47656,-2.5,-2.375
Random188
Raw:-6.375,-7.59375,-3.5,-6.8125,10.4375,-9.25,-3.17188,-1.52344,-2.54688,-2.42188
EFT:-6.28125,-7.53125,-3.42188,-6.71875,10.3125,-9.1875,-3.15625,-1.47656,-2.5,-2.375
Random189
Raw:-6.25,-7.4375,-3.40625,-6.6875,10.375,-9.1875,-3.14062,-1.41406,-2.46875,-2.35938
EFT:-6.28125,-7.53125,-3.42188,-6.71875,10.3125,-9.1875,-3.15625,-1.47656,-2.5,-2.375
Random190
Raw:-6.34375,-7.5625,-3.4375,-6.78125,10.5625,-9.3125,-3.17188,-1.41406,-2.51562,-2.375
EFT:-6.28125,-7.53125,-3.42188,-6.71875,10.3125,-9.1875,-3.15625,-1.47656,-2.5,-2.375
Random191
Raw:-6.34375,-7.53125,-3.46875,-6.8125,10.4375,-9.25,-3.17188,-1.44531,-2.5,-2.39062
EFT:-6.28125,-7.53125,-3.42188,-6.71875,10.3125,-9.1875,-3.15625,-1.47656,-2.5,-2.375
Random192
Raw:-6.3125,-7.5,-3.4375,-6.75,10.4375,-9.1875,-3.17188,-1.4375,-2.48438,-2.375
EFT:-6.28125,-7.53125,-3.42188,-6.71875,10.3125,-9.1875,-3.15625,-1.47656,-2.5,-2.375
Random193
Raw:-6.3125,-7.53125,-3.45312,-6.78125,10.4375,-9.25,-3.17188,-1.42969,-2.5,-2.39062
EFT:-6.28125,-7.53125,-3.42188,-6.71875,10.3125,-9.1875,-3.15625,-1.47656,-2.5,-2.375
Random194
Raw:-6.3125,-7.65625,-3.29688,-6.6875,10.5,-9.3125,-3.23438,-1.46094,-2.53125,-2.42188
EFT:-6.28125,-7.53125,-3.42188,-6.71875,10.3125,-9.1875,-3.15625,-1.47656,-2.5,-2.375
Random195
Raw:-6.28125,-7.46875,-3.45312,-6.71875,10.3125,-9.1875,-3.14062,-1.44531,-2.46875,-2.35938
EFT:-6.28125,-7.53125,-3.42188,-6.71875,10.3125,-9.1875,-3.15625,-1.47656,-2.5,-2.375
Random196
Raw:-6.3125,-7.5,-3.48438,-6.75,10.3125,-9.1875,-3.125,-1.49219,-2.5,-2.39062
EFT:-6.28125,-7.53125,-3.42188,-6.71875,10.3125,-9.1875,-3.15625,-1.47656,-2.5,-2.375
Random197
Raw:-6.28125,-7.53125,-3.375,-6.6875,10.4375,-9.25,-3.17188,-1.41406,-2.46875,-2.375
EFT:-6.28125,-7.53125,-3.42188,-6.71875,10.3125,-9.1875,-3.15625,-1.47656,-2.5,-2.375
Random198
Raw:-6.34375,-7.40625,-3.48438,-6.78125,10.5625,-9.25,-3.15625,-1.35156,-2.45312,-2.32812
EFT:-6.28125,-7.53125,-3.42188,-6.71875,10.3125,-9.1875,-3.15625,-1.47656,-2.5,-2.375
Random199
Raw:-6.3125,-7.40625,-3.46875,-6.75,10.4375,-9.1875,-3.125,-1.38281,-2.45312,-2.32812
EFT:-6.28125,-7.53125,-3.42188,-6.71875,10.3125,-9.1875,-3.15625,-1.47656,-2.5,-2.375
Random200
Raw:-6.25,-7.46875,-3.29688,-6.6875,10.5625,-9.25,-3.20312,-1.32031,-2.4375,-2.34375
EFT:-6.28125,-7.53125,-3.42188,-6.71875,10.3125,-9.1875,-3.15625,-1.47656,-2.5,-2.375
Random201
Raw:-6.3125,-7.53125,-3.48438,-6.8125,10.4375,-9.25,-3.15625,-1.44531,-2.5,-2.39062
EFT:-6.28125,-7.53125,-3.42188,-6.71875,10.3125,-9.1875,-3.15625,-1.47656,-2.5,-2.375
Random202
Raw:-6.375,-7.65625,-3.4375,-6.8125,10.5,-9.375,-3.20312,-1.50781,-2.5625,-2.45312
EFT:-6.28125,-7.53125,-3.42188,-6.71875,10.3125,-9.1875,-3.15625,-1.47656,-2.5,-2.375
Random203
Raw:-6.34375,-7.53125,-3.54688,-6.8125,10.3125,-9.1875,-3.125,-1.53906,-2.51562,-2.39062
EFT:-6.28125,-7.53125,-3.42188,-6.71875,10.3125,-9.1875,-3.15625,-1.47656,-2.5,-2.375
Random204
Raw:-6.25,-7.46875,-3.34375,-6.65625,10.3125,-9.1875,-3.15625,-1.41406,-2.46875,-2.35938
EFT:-6.28125,-7.53125,-3.42188,-6.71875,10.3125,-9.1875,-3.15625,-1.47656,-2.5,-2.375
Random205
Raw:-6.25,-7.46875,-3.46875,-6.75,10.25,-9.1875,-3.125,-1.50781,-2.5,-2.39062
EFT:-6.28125,-7.53125,-3.42188,-6.71875,10.3125,-9.1875,-3.15625,-1.47656,-2.5,-2.375
Random206
Raw:-6.28125,-7.46875,-3.45312,-6.75,10.375,-9.1875,-3.14062,-1.44531,-2.46875,-2.35938
EFT:-6.28125,-7.53125,-3.42188,-6.71875,10.3125,-9.1875,-3.15625,-1.47656,-2.5,-2.375
Random207
Raw:-6.3125,-7.53125,-3.54688,-6.8125,10.125,-9.125,-3.09375,-1.63281,-2.53125,-2.42188
EFT:-6.28125,-7.53125,-3.42188,-6.71875,10.3125,-9.1875,-3.15625,-1.47656,-2.5,-2.375
Random208
Raw:-6.25,-7.53125,-3.39062,-6.71875,10.3125,-9.1875,-3.15625,-1.47656,-2.48438,-2.39062
EFT:-6.28125,-7.53125,-3.42188,-6.71875,10.3125,-9.1875,-3.15625,-1.47656,-2.5,-2.375
Random209
Raw:-6.21875,-7.46875,-3.39062,-6.6875,10.3125,-9.125,-3.14062,-1.42969,-2.46875,-2.35938
EFT:-6.28125,-7.53125,-3.42188,-6.71875,10.3125,-9.1875,-3.15625,-1.47656,-2.5,-2.375
Random210
Raw:-6.3125,-7.46875,-3.51562,-6.78125,10.4375,-9.1875,-3.14062,-1.46094,-2.48438,-2.35938
EFT:-6.28125,-7.53125,-3.42188,-6.71875,10.3125,-9.1875,-3.15625,-1.47656,-2.5,-2.375
Random211
Raw:-6.3125,-7.46875,-3.51562,-6.8125,10.4375,-9.1875,-3.14062,-1.44531,-2.5,-2.35938
EFT:-6.28125,-7.53125,-3.42188,-6.71875,10.3125,-9.1875,-3.15625,-1.47656,-2.5,-2.375
Random212
Raw:-6.28125,-7.5,-3.53125,-6.78125,10.25,-9.1875,-3.10938,-1.52344,-2.5,-2.39062
EFT:-6.28125,-7.53125,-3.42188,-6.71875,10.3125,-9.1875,-3.15625,-1.47656,-2.5,-2.375
Random213
Raw:-6.3125,-7.65625,-3.45312,-6.8125,10.375,-9.3125,-3.1875,-1.53906,-2.54688,-2.4375
EFT:-6.28125,-7.53125,-3.42188,-6.71875,10.3125,-9.1875,-3.15625,-1.47656,-2.5,-2.375
Random214
Raw:-6.3125,-7.53125,-3.42188,-6.75,10.5,-9.25,-3.17188,-1.38281,-2.5,-2.35938
EFT:-6.28125,-7.53125,-3.42188,-6.71875,10.3125,-9.1875,-3.15625,-1.47656,-2.5,-2.375
Random215
Raw:-6.3125,-7.375,-3.54688,-6.8125,10.5,-9.1875,-3.10938,-1.33594,-2.4375,-2.29688
EFT:-6.28125,-7.53125,-3.42188,-6.71875,10.3125,-9.1875,-3.15625,-1.47656,-2.5,-2.375
Random216
Raw:-6.40625,-7.6875,-3.54688,-6.875,10.375,-9.3125,-3.17188,-1.61719,-2.59375,-2.48438
EFT:-6.28125,-7.53125,-3.42188,-6.71875,10.3125,-9.1875,-3.15625,-1.47656,-2.5,-2.375
Random217
Raw:-6.28125,-7.375,-3.5,-6.75,10.375,-9.1875,-3.10938,-1.36719,-2.4375,-2.32812
EFT:-6.28125,-7.53125,-3.42188,-6.71875,10.3125,-9.1875,-3.15625,-1.47656,-2.5,-2.375
Random218
Raw:-6.3125,-7.46875,-3.48438,-6.8125,10.4375,-9.1875,-3.14062,-1.41406,-2.48438,-2.35938
EFT:-6.28125,-7.53125,-3.42188,-6.71875,10.3125,-9.1875,-3.15625,-1.47656,-2.5,-2.375
Random219
Raw:-6.3125,-7.53125,-3.54688,-6.8125,10.3125,-9.1875,-3.125,-1.53125,-2.51562,-2.39062
EFT:-6.28125,-7.53125,-3.42188,-6.71875,10.3125,-9.1875,-3.15625,-1.47656,-2.5,-2.375
Random220
Raw:-6.3125,-7.46875,-3.39062,-6.71875,10.5625,-9.25,-3.17188,-1.3125,-2.46875,-2.34375
EFT:-6.28125,-7.53125,-3.42188,-6.71875,10.3125,-9.1875,-3.15625,-1.47656,-2.5,-2.375
Random221
Raw:-6.3125,-7.53125,-3.45312,-6.75,10.375,-9.25,-3.15625,-1.47656,-2.5,-2.39062
EFT:-6.28125,-7.53125,-3.42188,-6.71875,10.3125,-9.1875,-3.15625,-1.47656,-2.5,-2.375
Random222
Raw:-6.3125,-7.53125,-3.4375,-6.78125,10.4375,-9.1875,-3.15625,-1.38281,-2.48438,-2.35938
EFT:-6.28125,-7.53125,-3.42188,-6.71875,10.3125,-9.1875,-3.15625,-1.47656,-2.5,-2.375
Random223
Raw:-6.3125,-7.53125,-3.35938,-6.6875,10.5,-9.25,-3.1875,-1.36719,-2.46875,-2.35938
EFT:-6.28125,-7.53125,-3.42188,-6.71875,10.3125,-9.1875,-3.15625,-1.47656,-2.5,-2.375
Random224
Raw:-6.3125,-7.59375,-3.35938,-6.75,10.4375,-9.3125,-3.20312,-1.47656,-2.51562,-2.42188
EFT:-6.28125,-7.53125,-3.42188,-6.71875,10.3125,-9.1875,-3.15625,-1.47656,-2.5,-2.375
Random225
Raw:-6.3125,-7.59375,-3.48438,-6.78125,10.3125,-9.1875,-3.15625,-1.55469,-2.53125,-2.42188
EFT:-6.28125,-7.53125,-3.42188,-6.71875,10.3125,-9.1875,-3.15625,-1.47656,-2.5,-2.375
Random226
Raw:-6.3125,-7.46875,-3.39062,-6.71875,10.5625,-9.25,-3.17188,-1.30469,-2.46875,-2.34375
EFT:-6.28125,-7.53125,-3.42188,-6.71875,10.3125,-9.1875,-3.15625,-1.47656,-2.5,-2.375
Random227
Raw:-6.3125,-7.40625,-3.57812,-6.8125,10.375,-9.1875,-3.10938,-1.44531,-2.46875,-2.35938
EFT:-6.28125,-7.53125,-3.42188,-6.71875,10.3125,-9.1875,-3.15625,-1.47656,-2.5,-2.375
Random228
Raw:-6.34375,-7.46875,-3.51562,-6.8125,10.4375,-9.1875,-3.125,-1.42969,-2.46875,-2.35938
EFT:-6.28125,-7.53125,-3.42188,-6.71875,10.3125,-9.1875,-3.15625,-1.47656,-2.5,-2.375
Random229
Raw:-6.3125,-7.53125,-3.35938,-6.75,10.5,-9.3125,-3.20312,-1.38281,-2.5,-2.39062
EFT:-6.28125,-7.53125,-3.42188,-6.71875,10.3125,-9.1875,-3.15625,-1.47656,-2.5,-2.375
Random230
Raw:-6.34375,-7.53125,-3.48438,-6.8125,10.4375,-9.25,-3.15625,-1.4375,-2.5,-2.39062
EFT:-6.28125,-7.53125,-3.42188,-6.71875,10.3125,-9.1875,-3.15625,-1.47656,-2.5,-2.375
Random231
Raw:-6.28125,-7.4375,-3.39062,-6.71875,10.5,-9.1875,-3.15625,-1.36719,-2.4375,-2.34375
EFT:-6.28125,-7.53125,-3.42188,-6.71875,10.3125,-9.1875,-3.15625,-1.47656,-2.5,-2.375
Random232
Raw:-6.34375,-7.53125,-3.39062,-6.75,10.5,-9.25,-3.20312,-1.41406,-2.5,-2.39062
EFT:-6.28125,-7.53125,-3.42188,-6.71875,10.3125,-9.1875,-3.15625,-1.47656,-2.5,-2.375
Random233
Raw:-6.375,-7.5,-3.48438,-6.8125,10.5625,-9.3125,-3.17188,-1.40625,-2.5,-2.375
EFT:-6.3125,-7.53125,-3.4375,-6.75,10.375,-9.25,-3.15625,-1.46094,-2.5,-2.375
Random234
Raw:-6.25,-7.46875,-3.35938,-6.6875,10.4375,-9.1875,-3.15625,-1.36719,-2.45312,-2.34375
EFT:-6.28125,-7.53125,-3.42188,-6.71875,10.3125,-9.1875,-3.15625,-1.47656,-2.5,-2.375
Random235
Raw:-6.40625,-7.53125,-3.59375,-6.875,10.5,-9.3125,-3.14062,-1.47656,-2.51562,-2.39062
EFT:-6.28125,-7.53125,-3.42188,-6.71875,10.3125,-9.1875,-3.15625,-1.47656,-2.5,-2.375
Random236
Raw:-6.375,-7.59375,-3.5,-6.875,10.5625,-9.3125,-3.17188,-1.48438,-2.53125,-2.42188
EFT:-6.28125,-7.53125,-3.42188,-6.71875,10.3125,-9.1875,-3.15625,-1.47656,-2.5,-2.375
Random237
Raw:-6.25,-7.46875,-3.42188,-6.71875,10.3125,-9.125,-3.14062,-1.47656,-2.46875,-2.35938
EFT:-6.28125,-7.53125,-3.42188,-6.71875,10.3125,-9.1875,-3.15625,-1.47656,-2.5,-2.375
Random238
Raw:-6.3125,-7.5625,-3.39062,-6.75,10.5,-9.25,-3.20312,-1.41406,-2.5,-2.39062
EFT:-6.28125,-7.53125,-3.42188,-6.71875,10.3125,-9.1875,-3.15625,-1.47656,-2.5,-2.375
Random239
Raw:-6.3125,-7.46875,-3.60938,-6.84375,10.25,-9.125,-3.09375,-1.51562,-2.5,-2.375
EFT:-6.28125,-7.53125,-3.42188,-6.71875,10.3125,-9.1875,-3.15625,-1.47656,-2.5,-2.375
Random240
Raw:-6.34375,-7.5625,-3.39062,-6.8125,10.625,-9.3125,-3.20312,-1.38281,-2.5,-2.375
EFT:-6.28125,-7.53125,-3.42188,-6.71875,10.3125,-9.1875,-3.15625,-1.47656,-2.5,-2.375
Random241
Raw:-6.40625,-7.59375,-3.46875,-6.875,10.5625,-9.375,-3.20312,-1.46094,-2.54688,-2.42188
EFT:-6.28125,-7.53125,-3.42188,-6.71875,10.3125,-9.1875,-3.15625,-1.47656,-2.5,-2.375
Random242
Raw:-6.34375,-7.5,-3.4375,-6.78125,10.5625,-9.3125,-3.17188,-1.38281,-2.5,-2.35938
EFT:-6.28125,-7.53125,-3.42188,-6.71875,10.3125,-9.1875,-3.15625,-1.47656,-2.5,-2.375
Random243
Raw:-6.3125,-7.59375,-3.5,-6.78125,10.25,-9.1875,-3.14062,-1.57812,-2.53125,-2.42188
EFT:-6.28125,-7.53125,-3.42188,-6.71875,10.3125,-9.1875,-3.15625,-1.47656,-2.5,-2.375
Random244
Raw:-6.3125,-7.46875,-3.57812,-6.8125,10.25,-9.125,-3.07812,-1.52344,-2.5,-2.35938
EFT:-6.3125,-7.53125,-3.4375,-6.75,10.375,-9.25,-3.15625,-1.46094,-2.5,-2.375
Random245
Raw:-6.375,-7.65625,-3.42188,-6.8125,10.4375,-9.3125,-3.20312,-1.49219,-2.5625,-2.4375
EFT:-6.28125,-7.53125,-3.42188,-6.71875,10.3125,-9.1875,-3.15625,-1.47656,-2.5,-2.375
Random246
Raw:-6.34375,-7.5,-3.51562,-6.78125,10.4375,-9.1875,-3.14062,-1.46094,-2.5,-2.39062
EFT:-6.28125,-7.53125,-3.42188,-6.71875,10.3125,-9.1875,-3.15625,-1.47656,-2.5,-2.375
Random247
Raw:-6.28125,-7.46875,-3.45312,-6.75,10.3125,-9.1875,-3.125,-1.42969,-2.46875,-2.35938
EFT:-6.28125,-7.53125,-3.42188,-6.71875,10.3125,-9.1875,-3.15625,-1.47656,-2.5,-2.375
Random248
Raw:-6.375,-7.59375,-3.45312,-6.8125,10.4375,-9.3125,-3.1875,-1.49219,-2.54688,-2.42188
EFT:-6.28125,-7.53125,-3.42188,-6.71875,10.3125,-9.1875,-3.15625,-1.47656,-2.5,-2.375
Random249
Raw:-6.28125,-7.46875,-3.40625,-6.71875,10.4375,-9.1875,-3.15625,-1.41406,-2.46875,-2.35938
EFT:-6.28125,-7.53125,-3.42188,-6.71875,10.3125,-9.1875,-3.15625,-1.47656,-2.5,-2.375
Random250
Raw:-6.28125,-7.53125,-3.4375,-6.71875,10.25,-9.1875,-3.14062,-1.50781,-2.48438,-2.375
EFT:-6.28125,-7.5,-3.4375,-6.75,10.375,-9.1875,-3.15625,-1.45312,-2.48438,-2.375
Random251
Raw:-6.34375,-7.59375,-3.54688,-6.84375,10.1875,-9.25,-3.14062,-1.63281,-2.5625,-2.45312
EFT:-6.28125,-7.53125,-3.42188,-6.71875,10.3125,-9.1875,-3.15625,-1.47656,-2.5,-2.375
Random252
Raw:-6.28125,-7.40625,-3.48438,-6.75,10.3125,-9.125,-3.10938,-1.41406,-2.45312,-2.32812
EFT:-6.28125,-7.53125,-3.42188,-6.71875,10.3125,-9.1875,-3.15625,-1.47656,-2.5,-2.375
Random253
Raw:-6.28125,-7.59375,-3.375,-6.75,10.4375,-9.3125,-3.20312,-1.46094,-2.51562,-2.39062
EFT:-6.28125,-7.53125,-3.42188,-6.71875,10.3125,-9.1875,-3.15625,-1.47656,-2.5,-2.375
Random254
Raw:-6.25,-7.40625,-3.42188,-6.6875,10.375,-9.125,-3.14062,-1.38281,-2.45312,-2.32812
EFT:-6.28125,-7.53125,-3.42188,-6.71875,10.3125,-9.1875,-3.15625,-1.47656,-2.5,-2.375
Random255
Raw:-6.25,-7.4375,-3.42188,-6.71875,10.375,-9.1875,-3.14062,-1.39844,-2.46875,-2.34375
EFT:-6.28125,-7.53125,-3.42188,-6.71875,10.3125,-9.1875,-3.15625,-1.47656,-2.5,-2.375
Random256
Raw:-6.3125,-7.53125,-3.45312,-6.78125,10.4375,-9.25,-3.15625,-1.41406,-2.46875,-2.35938
EFT:-6.28125,-7.53125,-3.42188,-6.71875,10.3125,-9.1875,-3.15625,-1.47656,-2.5,-2.375
Random257
Raw:-6.34375,-7.59375,-3.45312,-6.78125,10.375,-9.3125,-3.17188,-1.50781,-2.53125,-2.42188
EFT:-6.28125,-7.53125,-3.42188,-6.71875,10.3125,-9.1875,-3.15625,-1.47656,-2.5,-2.375
Random258
Raw:-6.3125,-7.5,-3.51562,-6.8125,10.4375,-9.1875,-3.14062,-1.44531,-2.5,-2.375
EFT:-6.28125,-7.53125,-3.42188,-6.71875,10.3125,-9.1875,-3.15625,-1.47656,-2.5,-2.375
Random259
Raw:-6.25,-7.40625,-3.39062,-6.6875,10.375,-9.125,-3.14062,-1.35938,-2.4375,-2.32812
EFT:-6.28125,-7.53125,-3.42188,-6.71875,10.3125,-9.1875,-3.15625,-1.47656,-2.5,-2.375
Random260
Raw:-6.375,-7.625,-3.48438,-6.84375,10.5625,-9.375,-3.1875,-1.45312,-2.53125,-2.40625
EFT:-6.28125,-7.53125,-3.42188,-6.71875,10.3125,-9.1875,-3.15625,-1.47656,-2.5,-2.375
Random261
Raw:-6.375,-7.65625,-3.51562,-6.84375,10.375,-9.25,-3.17188,-1.60156,-2.5625,-2.45312
EFT:-6.28125,-7.53125,-3.42188,-6.71875,10.3125,-9.1875,-3.15625,-1.47656,-2.5,-2.375
Random262
Raw:-6.3125,-7.46875,-3.45312,-6.78125,10.625,-9.25,-3.15625,-1.35156,-2.46875,-2.32812
EFT:-6.28125,-7.53125,-3.42188,-6.71875,10.3125,-9.1875,-3.15625,-1.47656,-2.5,-2.375
Random263
Raw:-6.375,-7.59375,-3.48438,-6.84375,10.5625,-9.3125,-3.1875,-1.42969,-2.53125,-2.39062
EFT:-6.28125,-7.53125,-3.42188,-6.71875,10.3125,-9.1875,-3.15625,-1.47656,-2.5,-2.375
Random264
Raw:-6.25,-7.4375,-3.54688,-6.75,10.1875,-9.0625,-3.07812,-1.50781,-2.46875,-2.35938
EFT:-6.28125,-7.53125,-3.42188,-6.71875,10.3125,-9.1875,-3.15625,-1.47656,-2.5,-2.375
Random265
Raw:-6.3125,-7.59375,-3.42188,-6.8125,10.375,-9.3125,-3.1875,-1.52344,-2.53125,-2.42188
EFT:-6.28125,-7.53125,-3.42188,-6.71875,10.3125,-9.1875,-3.15625,-1.47656,-2.5,-2.375
Random266
Raw:-6.3125,-7.53125,-3.45312,-6.78125,10.4375,-9.25,-3.17188,-1.46094,-2.5,-2.39062
EFT:-6.28125,-7.53125,-3.42188,-6.71875,10.3125,-9.1875,-3.15625,-1.47656,-2.5,-2.375
Random267
Raw:-6.3125,-7.46875,-3.46875,-6.78125,10.5625,-9.25,-3.15625,-1.39062,-2.5,-2.35938
EFT:-6.28125,-7.53125,-3.42188,-6.71875,10.3125,-9.1875,-3.15625,-1.47656,-2.5,-2.375
Random268
Raw:-6.3125,-7.4375,-3.51562,-6.8125,10.5625,-9.1875,-3.125,-1.36719,-2.46875,-2.32812
EFT:-6.28125,-7.53125,-3.42188,-6.71875,10.3125,-9.1875,-3.15625,-1.47656,-2.5,-2.375
Random269
Raw:-6.3125,-7.53125,-3.51562,-6.8125,10.3125,-9.1875,-3.14062,-1.50781,-2.5,-2.40625
EFT:-6.28125,-7.53125,-3.42188,-6.71875,10.3125,-9.1875,-3.15625,-1.47656,-2.5,-2.375
Random270
Raw:-6.3125,-7.53125,-3.46875,-6.78125,10.375,-9.25,-3.15625,-1.47656,-2.5,-2.39062
EFT:-6.28125,-7.53125,-3.42188,-6.71875,10.3125,-9.1875,-3.15625,-1.47656,-2.5,-2.375
Random271
Raw:-6.34375,-7.5625,-3.53125,-6.8125,10.25,-9.1875,-3.14062,-1.58594,-2.54688,-2.42188
EFT:-6.28125,-7.53125,-3.42188,-6.71875,10.3125,-9.1875,-3.15625,-1.47656,-2.5,-2.375
Random272
Raw:-6.3125,-7.53125,-3.42188,-6.75,10.4375,-9.1875,-3.17188,-1.41406,-2.48438,-2.375
EFT:-6.28125,-7.53125,-3.42188,-6.71875,10.3125,-9.1875,-3.15625,-1.47656,-2.5,-2.375
Random273
Raw:-6.28125,-7.5,-3.51562,-6.75,10.25,-9.125,-3.10938,-1.49219,-2.5,-2.375
EFT:-6.28125,-7.53125,-3.42188,-6.71875,10.3125,-9.1875,-3.15625,-1.47656,-2.5,-2.375
Random274
Raw:-6.375,-7.53125,-3.54688,-6.875,10.375,-9.25,-3.14062,-1.51562,-2.53125,-2.42188
EFT:-6.3125,-7.53125,-3.4375,-6.75,10.375,-9.25,-3.15625,-1.46094,-2.5,-2.375
Random275
Raw:-6.375,-7.5625,-3.42188,-6.8125,10.625,-9.3125,-3.1875,-1.39844,-2.5,-2.39062
EFT:-6.28125,-7.53125,-3.42188,-6.71875,10.3125,-9.1875,-3.15625,-1.47656,-2.5,-2.375
Random276
Raw:-6.34375,-7.53125,-3.54688,-6.8125,10.3125,-9.1875,-3.125,-1.53906,-2.53125,-2.42188
EFT:-6.28125,-7.53125,-3.42188,-6.71875,10.3125,-9.1875,-3.15625,-1.47656,-2.5,-2.375
Random277
Raw:-6.375,-7.46875,-3.60938,-6.875,10.375,-9.1875,-3.10938,-1.50781,-2.51562,-2.39062
EFT:-6.28125,-7.53125,-3.42188,-6.71875,10.3125,-9.1875,-3.15625,-1.47656,-2.5,-2.375
Random278
Raw:-6.34375,-7.53125,-3.51562,-6.8125,10.4375,-9.25,-3.14062,-1.47656,-2.53125,-2.39062
EFT:-6.28125,-7.53125,-3.42188,-6.71875,10.3125,-9.1875,-3.15625,-1.47656,-2.5,-2.375
Random279
Raw:-6.375,-7.65625,-3.40625,-6.8125,10.4375,-9.3125,-3.20312,-1.47656,-2.54688,-2.42188
EFT:-6.28125,-7.53125,-3.42188,-6.71875,10.3125,-9.1875,-3.15625,-1.47656,-2.5,-2.375
Random280
Raw:-6.28125,-7.5,-3.39062,-6.71875,10.4375,-9.1875,-3.17188,-1.41406,-2.48438,-2.35938
EFT:-6.28125,-7.53125,-3.42188,-6.71875,10.3125,-9.1875,-3.15625,-1.47656,-2.5,-2.375
Random281
Raw:-6.34375,-7.46875,-3.57812,-6.84375,10.375,-9.1875,-3.10938,-1.48438,-2.5,-2.375
EFT:-6.28125,-7.53125,-3.42188,-6.71875,10.3125,-9.1875,-3.15625,-1.47656,-2.5,-2.375
Random282
Raw:-6.375,-7.5625,-3.57812,-6.875,10.5625,-9.3125,-3.14062,-1.49219,-2.53125,-2.39062
EFT:-6.28125,-7.53125,-3.42188,-6.71875,10.3125,-9.1875,-3.15625,-1.47656,-2.5,-2.375
Random283
Raw:-6.28125,-7.40625,-3.46875,-6.71875,10.375,-9.125,-3.125,-1.39844,-2.4375,-2.32812
EFT:-6.28125,-7.53125,-3.42188,-6.71875,10.3125,-9.1875,-3.15625,-1.47656,-2.5,-2.375
Random284
Raw:-6.28125,-7.40625,-3.42188,-6.71875,10.5,-9.1875,-3.15625,-1.35156,-2.4375,-2.32812
EFT:-6.28125,-7.53125,-3.42188,-6.71875,10.3125,-9.1875,-3.15625,-1.47656,-2.5,-2.375
Random285
Raw:-6.3125,-7.46875,-3.5,-6.78125,10.4375,-9.1875,-3.14062,-1.41406,-2.48438,-2.35938
EFT:-6.28125,-7.53125,-3.42188,-6.71875,10.3125,-9.1875,-3.15625,-1.47656,-2.5,-2.375
Random286
Raw:-6.28125,-7.46875,-3.42188,-6.71875,10.3125,-9.125,-3.14062,-1.47656,-2.48438,-2.375
EFT:-6.28125,-7.53125,-3.42188,-6.71875,10.3125,-9.1875,-3.15625,-1.47656,-2.5,-2.375
Random287
Raw:-6.21875,-7.4375,-3.48438,-6.6875,10.125,-9.0625,-3.07812,-1.53906,-2.46875,-2.35938
EFT:-6.28125,-7.53125,-3.42188,-6.71875,10.3125,-9.1875,-3.15625,-1.47656,-2.5,-2.375
Random288
Raw:-6.28125,-7.40625,-3.42188,-6.75,10.4375,-9.1875,-3.14062,-1.32031,-2.46875,-2.32812
EFT:-6.28125,-7.53125,-3.42188,-6.71875,10.3125,-9.1875,-3.15625,-1.47656,-2.5,-2.375
Random289
Raw:-6.28125,-7.46875,-3.45312,-6.71875,10.3125,-9.1875,-3.14062,-1.44531,-2.48438,-2.35938
EFT:-6.28125,-7.53125,-3.42188,-6.71875,10.3125,-9.1875,-3.15625,-1.47656,-2.5,-2.375
Random290
Raw:-6.3125,-7.46875,-3.45312,-6.75,10.375,-9.1875,-3.14062,-1.44531,-2.48438,-2.375
EFT:-6.28125,-7.53125,-3.42188,-6.71875,10.3125,-9.1875,-3.15625,-1.47656,-2.5,-2.375
Random291
Raw:-6.28125,-7.40625,-3.46875,-6.75,10.3125,-9.1875,-3.10938,-1.41406,-2.4375,-2.34375
EFT:-6.28125,-7.53125,-3.42188,-6.71875,10.3125,-9.1875,-3.15625,-1.47656,-2.5,-2.375
Random292
Raw:-6.375,-7.59375,-3.45312,-6.8125,10.4375,-9.3125,-3.1875,-1.50781,-2.54688,-2.42188
EFT:-6.28125,-7.53125,-3.42188,-6.71875,10.3125,-9.1875,-3.15625,-1.47656,-2.5,-2.375
Random293
Raw:-6.25,-7.46875,-3.39062,-6.6875,10.4375,-9.1875,-3.17188,-1.39844,-2.46875,-2.35938
EFT:-6.28125,-7.53125,-3.42188,-6.71875,10.3125,-9.1875,-3.15625,-1.47656,-2.5,-2.375
Random294
Raw:-6.3125,-7.46875,-3.48438,-6.8125,10.4375,-9.1875,-3.15625,-1.42969,-2.5,-2.375
EFT:-6.28125,-7.53125,-3.42188,-6.71875,10.3125,-9.1875,-3.15625,-1.47656,-2.5,-2.375
Random295
Raw:-6.34375,-7.53125,-3.4375,-6.78125,10.4375,-9.25,-3.15625,-1.41406,-2.48438,-2.375
EFT:-6.28125,-7.53125,-3.42188,-6.71875,10.3125,-9.1875,-3.15625,-1.47656,-2.5,-2.375
Random296
Raw:-6.34375,-7.59375,-3.42188,-6.75,10.4375,-9.25,-3.17188,-1.46094,-2.51562,-2.39062
EFT:-6.28125,-7.53125,-3.42188,-6.71875,10.3125,-9.1875,-3.15625,-1.47656,-2.5,-2.375
Random297
Raw:-6.3125,-7.53125,-3.42188,-6.75,10.5,-9.1875,-3.17188,-1.41406,-2.48438,-2.375
EFT:-6.28125,-7.53125,-3.42188,-6.71875,10.3125,-9.1875,-3.15625,-1.47656,-2.5,-2.375
Random298
Raw:-6.25,-7.5,-3.29688,-6.6875,10.4375,-9.25,-3.17188,-1.35156,-2.46875,-2.35938
EFT:-6.28125,-7.53125,-3.42188,-6.71875,10.3125,-9.1875,-3.15625,-1.47656,-2.5,-2.375
Random299
Raw:-6.25,-7.53125,-3.45312,-6.75,10.25,-9.1875,-3.14062,-1.50781,-2.5,-2.39062
EFT:-6.28125,-7.53125,-3.42188,-6.71875,10.3125,-9.1875,-3.15625,-1.47656,-2.5,-2.375
Random300
Raw:-6.3125,-7.53125,-3.42188,-6.75,10.4375,-9.1875,-3.15625,-1.45312,-2.48438,-2.375
EFT:-6.28125,-7.53125,-3.42188,-6.71875,10.3125,-9.1875,-3.15625,-1.47656,-2.5,-2.375
