Ascend
Raw:-12.433453,0.63516587,8.839649,2.7187767,-4.430055,-5.4368343,-0.9805193,-1.2226611,1.2895331,-11.828243
EFT:-12.433452,0.6351677,8.839648,2.7187777,-4.430055,-5.436834,-0.98052,-1.222659,1.289533,-11.828242
Descend
Raw:-12.433449,0.63516325,8.839646,2.7187762,-4.430054,-5.4368334,-0.98051816,-1.2226666,1.2895311,-11.828246
EFT:-12.433452,0.6351677,8.839648,2.7187777,-4.430055,-5.436834,-0.98052,-1.222659,1.2895331,-11.828242
Random1
Raw:-12.43345,0.63515705,8.839637,2.7187715,-4.430059,-5.4368362,-0.9805169,-1.22268,1.2895263,-11.828256
EFT:-12.433452,0.6351677,8.839648,2.7187777,-4.430055,-5.436834,-0.98051995,-1.222659,1.289533,-11.828242
Random2
Raw:-12.433453,0.6351666,8.839648,2.7187781,-4.4300556,-5.436835,-0.98051906,-1.2226647,1.2895312,-11.828248
EFT:-12.433452,0.6351677,8.839648,2.7187777,-4.430055,-5.436834,-0.98052,-1.222659,1.289533,-11.828242
Random3
Raw:-12.4334545,0.6351672,8.839649,2.7187777,-4.4300547,-5.4368343,-0.9805196,-1.2226617,1.2895318,-11.828245
EFT:-12.433452,0.6351677,8.839648,2.7187777,-4.430055,-5.436834,-0.98051995,-1.222659,1.289533,-11.828242
Random4
Raw:-12.433453,0.6351711,8.839649,2.718779,-4.430054,-5.4368343,-0.98052144,-1.2226546,1.2895334,-11.828239
EFT:-12.433452,0.6351677,8.839648,2.7187777,-4.430055,-5.436834,-0.98051995,-1.222659,1.289533,-11.828242
Random5
Raw:-12.433448,0.6351604,8.83964,2.7187724,-4.430056,-5.436835,-0.98051834,-1.2226701,1.2895288,-11.828245
EFT:-12.433452,0.6351677,8.839648,2.7187777,-4.430055,-5.436834,-0.98051995,-1.222659,1.289533,-11.828242
Random6
Raw:-12.433453,0.63516766,8.839649,2.718777,-4.4300547,-5.4368353,-0.9805207,-1.2226573,1.2895331,-11.828241
EFT:-12.433452,0.6351677,8.839648,2.7187777,-4.430055,-5.436834,-0.98051995,-1.222659,1.289533,-11.828242
Random7
Raw:-12.43345,0.63516825,8.839649,2.7187777,-4.4300528,-5.436833,-0.98052037,-1.2226555,1.2895341,-11.828238
EFT:-12.433452,0.6351677,8.839648,2.7187777,-4.430055,-5.436834,-0.98052,-1.222659,1.289533,-11.828242
Random8
Raw:-12.433452,0.6351684,8.839649,2.7187786,-4.4300537,-5.4368334,-0.98051965,-1.2226602,1.2895327,-11.828243
EFT:-12.433452,0.6351677,8.839648,2.7187777,-4.430055,-5.436834,-0.98052,-1.222659,1.289533,-11.828242
Random9
Raw:-12.433451,0.63516766,8.839645,2.718777,-4.430054,-5.436834,-0.98052025,-1.2226603,1.2895316,-11.828242
EFT:-12.433452,0.6351677,8.839648,2.7187777,-4.430055,-5.436834,-0.98052,-1.222659,1.289533,-11.828242
Random10
Raw:-12.43345,0.6351631,8.8396435,2.7187746,-4.430055,-5.4368343,-0.9805192,-1.2226647,1.2895308,-11.828243
EFT:-12.433452,0.6351677,8.839648,2.7187777,-4.430055,-5.436834,-0.98051995,-1.222659,1.289533,-11.828242
Random11
Raw:-12.433449,0.63516504,8.839648,2.7187757,-4.4300547,-5.4368334,-0.9805192,-1.2226577,1.2895348,-11.828238
EFT:-12.433452,0.6351677,8.839648,2.7187777,-4.430055,-5.436834,-0.98052,-1.222659,1.289533,-11.828242
Random12
Raw:-12.433453,0.6351661,8.839646,2.7187757,-4.430055,-5.4368362,-0.98052037,-1.2226622,1.2895309,-11.828242
EFT:-12.433452,0.6351677,8.839648,2.7187777,-4.430055,-5.436834,-0.98052,-1.222659,1.289533,-11.828242
Random13
Raw:-12.433452,0.6351705,8.839652,2.7187796,-4.4300537,-5.4368334,-0.9805206,-1.2226543,1.2895346,-11.828239
EFT:-12.433452,0.6351677,8.839648,2.7187777,-4.430055,-5.436834,-0.98052,-1.222659,1.289533,-11.828242
Random14
Raw:-12.433453,0.63516206,8.839644,2.7187753,-4.430058,-5.4368353,-0.9805176,-1.2226722,1.2895296,-11.828254
EFT:-12.433452,0.6351677,8.839648,2.7187777,-4.430055,-5.436834,-0.98052,-1.222659,1.289533,-11.828242
Random15
Raw:-12.433449,0.63516587,8.839646,2.7187762,-4.430053,-5.436833,-0.9805191,-1.2226603,1.2895329,-11.828239
EFT:-12.433452,0.6351677,8.839648,2.7187777,-4.430055,-5.436834,-0.98052,-1.222659,1.289533,-11.828242
Random16
Raw:-12.43345,0.6351667,8.839647,2.7187762,-4.4300537,-5.436834,-0.9805205,-1.2226591,1.2895324,-11.82824
EFT:-12.433452,0.6351677,8.839648,2.7187777,-4.430055,-5.436834,-0.98051995,-1.222659,1.2895331,-11.828242
Random17
Raw:-12.43345,0.6351679,8.839649,2.7187777,-4.4300537,-5.4368324,-0.9805198,-1.2226576,1.289534,-11.828239
EFT:-12.433452,0.6351677,8.839648,2.7187777,-4.430055,-5.436834,-0.98052,-1.222659,1.289533,-11.828242
Random18
Raw:-12.433451,0.63516456,8.839644,2.718776,-4.4300547,-5.4368343,-0.98051965,-1.2226654,1.2895302,-11.828245
EFT:-12.433452,0.6351677,8.839648,2.7187777,-4.430055,-5.436834,-0.98051995,-1.222659,1.289533,-11.828242
Random19
Raw:-12.433451,0.6351642,8.839645,2.7187755,-4.4300556,-5.4368334,-0.9805187,-1.2226665,1.2895308,-11.828247
EFT:-12.433452,0.6351677,8.839648,2.7187777,-4.430055,-5.436834,-0.98052,-1.222659,1.2895331,-11.828242
Random20
Raw:-12.433451,0.63516396,8.839646,2.7187757,-4.430055,-5.4368343,-0.9805188,-1.2226653,1.289531,-11.828244
EFT:-12.433452,0.6351677,8.839648,2.7187777,-4.430055,-5.436834,-0.98052,-1.222659,1.289533,-11.828242
Random21
Raw:-12.43345,0.63516337,8.839651,2.7187767,-4.4300556,-5.436833,-0.9805175,-1.2226626,1.2895346,-11.828243
EFT:-12.433452,0.6351677,8.839648,2.7187777,-4.430055,-5.436834,-0.98051995,-1.2226589,1.289533,-11.828242
Random22
Raw:-12.433453,0.6351666,8.839647,2.7187772,-4.430055,-5.4368343,-0.9805198,-1.222661,1.289532,-11.828244
EFT:-12.433452,0.6351677,8.839648,2.7187777,-4.430055,-5.436834,-0.98052,-1.222659,1.289533,-11.828242
Random23
Raw:-12.433453,0.6351673,8.839645,2.718776,-4.4300566,-5.4368343,-0.98052055,-1.2226608,1.2895317,-11.828242
EFT:-12.433452,0.6351677,8.839648,2.7187777,-4.430055,-5.436834,-0.98052,-1.2226589,1.2895331,-11.828242
Random24
Raw:-12.433452,0.63516647,8.839645,2.718776,-4.430056,-5.436834,-0.9805205,-1.2226601,1.2895321,-11.828241
EFT:-12.433452,0.6351677,8.839648,2.7187777,-4.430055,-5.436834,-0.98052,-1.222659,1.289533,-11.828242
Random25
Raw:-12.43345,0.63516706,8.839645,2.7187762,-4.430054,-5.4368334,-0.9805199,-1.222659,1.2895328,-11.828239
EFT:-12.433452,0.6351677,8.839648,2.7187777,-4.430055,-5.436834,-0.98052,-1.222659,1.289533,-11.828242
Random26
Raw:-12.433453,0.6351666,8.839647,2.7187765,-4.4300556,-5.436834,-0.9805199,-1.2226608,1.2895324,-11.828243
EFT:-12.433452,0.6351677,8.839648,2.7187777,-4.430055,-5.436834,-0.98051995,-1.222659,1.289533,-11.828242
Random27
Raw:-12.433452,0.6351648,8.839646,2.7187765,-4.430056,-5.4368343,-0.98051906,-1.222665,1.2895315,-11.828246
EFT:-12.433452,0.6351677,8.839648,2.7187777,-4.430055,-5.436834,-0.98052,-1.222659,1.289533,-11.828242
Random28
Raw:-12.433453,0.63516706,8.839649,2.7187784,-4.4300556,-5.436835,-0.9805199,-1.2226607,1.2895328,-11.828245
EFT:-12.433452,0.6351677,8.839648,2.7187777,-4.430055,-5.436834,-0.98051995,-1.222659,1.289533,-11.828242
Random29
Raw:-12.433452,0.6351674,8.839647,2.7187784,-4.4300547,-5.4368334,-0.9805194,-1.2226626,1.2895321,-11.828246
EFT:-12.433452,0.6351677,8.839648,2.7187777,-4.430055,-5.436834,-0.98051995,-1.222659,1.289533,-11.828242
Random30
Raw:-12.433451,0.6351655,8.839646,2.7187762,-4.4300556,-5.436834,-0.9805193,-1.2226626,1.2895317,-11.828244
EFT:-12.433452,0.6351677,8.839648,2.7187777,-4.430055,-5.436834,-0.98052,-1.2226589,1.289533,-11.828242
Random31
Raw:-12.433451,0.6351637,8.839643,2.7187748,-4.4300566,-5.436836,-0.9805198,-1.2226652,1.28953,-11.828245
EFT:-12.433452,0.6351677,8.839648,2.7187777,-4.430055,-5.436834,-0.98051995,-1.222659,1.289533,-11.828242
Random32
Raw:-12.433451,0.63516587,8.839645,2.718777,-4.4300556,-5.4368343,-0.9805193,-1.2226651,1.2895303,-11.828248
EFT:-12.433452,0.6351677,8.839648,2.7187777,-4.430055,-5.436834,-0.98052,-1.2226589,1.289533,-11.828242
Random33
Raw:-12.433449,0.6351661,8.839649,2.7187765,-4.430054,-5.436833,-0.9805192,-1.2226566,1.289535,-11.828238
EFT:-12.433452,0.6351677,8.839648,2.7187777,-4.430055,-5.436834,-0.98052,-1.222659,1.289533,-11.828242
Random34
Raw:-12.433453,0.63517004,8.83965,2.718779,-4.430055,-5.4368353,-0.9805211,-1.2226566,1.289533,-11.828243
EFT:-12.433452,0.6351677,8.839648,2.7187777,-4.430055,-5.436834,-0.98051995,-1.222659,1.289533,-11.828242
Random35
Raw:-12.433452,0.6351647,8.839645,2.718776,-4.4300556,-5.436835,-0.9805193,-1.2226651,1.2895308,-11.828247
EFT:-12.433452,0.6351677,8.839648,2.7187777,-4.430055,-5.436834,-0.98051995,-1.222659,1.289533,-11.828242
Random36
Raw:-12.433452,0.6351679,8.839649,2.718778,-4.4300556,-5.4368343,-0.98051983,-1.2226596,1.2895331,-11.828243
EFT:-12.433452,0.6351677,8.839648,2.7187777,-4.430055,-5.436834,-0.98052,-1.222659,1.2895331,-11.828242
Random37
Raw:-12.433451,0.63516945,8.839649,2.7187772,-4.4300547,-5.436834,-0.9805207,-1.2226562,1.2895336,-11.828239
EFT:-12.433452,0.6351677,8.839648,2.7187777,-4.430055,-5.436834,-0.98051995,-1.222659,1.289533,-11.828242
Random38
Raw:-12.433453,0.6351666,8.839646,2.7187762,-4.4300556,-5.436836,-0.9805206,-1.2226616,1.2895312,-11.828243
EFT:-12.433452,0.6351677,8.839648,2.7187777,-4.430055,-5.436834,-0.98052,-1.222659,1.289533,-11.828242
Random39
Raw:-12.433452,0.6351685,8.839649,2.7187772,-4.4300547,-5.4368343,-0.9805211,-1.222656,1.2895334,-11.828238
EFT:-12.433452,0.6351677,8.839648,2.7187777,-4.430055,-5.436834,-0.98052,-1.222659,1.289533,-11.828242
Random40
Raw:-12.433452,0.63516706,8.83965,2.7187774,-4.4300547,-5.436834,-0.98052,-1.2226591,1.2895331,-11.82824
EFT:-12.433452,0.6351677,8.839648,2.7187777,-4.430055,-5.436834,-0.98052,-1.222659,1.289533,-11.828242
Random41
Raw:-12.433452,0.635168,8.839649,2.7187786,-4.4300547,-5.4368334,-0.98052,-1.2226605,1.2895324,-11.828244
EFT:-12.433452,0.6351677,8.839648,2.7187777,-4.430055,-5.436834,-0.98051995,-1.2226589,1.289533,-11.828242
Random42
Raw:-12.433452,0.6351666,8.839648,2.7187767,-4.4300556,-5.4368343,-0.98051935,-1.2226626,1.2895322,-11.828245
EFT:-12.433452,0.6351677,8.839648,2.7187777,-4.430055,-5.436834,-0.98052,-1.2226589,1.289533,-11.828242
Random43
Raw:-12.43345,0.63516444,8.839645,2.7187757,-4.4300556,-5.4368343,-0.9805188,-1.2226642,1.2895316,-11.828244
EFT:-12.433452,0.6351677,8.839648,2.7187777,-4.430055,-5.436834,-0.98052,-1.222659,1.289533,-11.828242
Random44
Raw:-12.43345,0.63516635,8.839647,2.7187774,-4.430054,-5.4368334,-0.98051965,-1.2226608,1.2895324,-11.828242
EFT:-12.433452,0.6351677,8.839648,2.7187777,-4.430055,-5.436834,-0.98052,-1.2226589,1.289533,-11.828242
Random45
Raw:-12.433451,0.6351692,8.83965,2.7187786,-4.430053,-5.436833,-0.98052007,-1.2226561,1.2895344,-11.82824
EFT:-12.433452,0.6351677,8.839648,2.7187777,-4.430055,-5.436834,-0.98052,-1.222659,1.2895331,-11.828242
Random46
Raw:-12.433452,0.6351654,8.839647,2.7187767,-4.430055,-5.436835,-0.9805194,-1.2226639,1.2895315,-11.828246
EFT:-12.433452,0.6351677,8.839648,2.7187777,-4.430055,-5.436834,-0.98051995,-1.222659,1.289533,-11.828242
Random47
Raw:-12.433452,0.63516206,8.8396435,2.718774,-4.4300566,-5.4368353,-0.9805188,-1.2226671,1.2895305,-11.828247
EFT:-12.433452,0.6351677,8.839648,2.7187777,-4.430055,-5.436834,-0.98052,-1.222659,1.289533,-11.828242
Random48
Raw:-12.433451,0.6351649,8.839645,2.7187765,-4.430055,-5.4368343,-0.9805198,-1.222665,1.2895298,-11.828246
EFT:-12.433452,0.6351677,8.839648,2.7187777,-4.430055,-5.436834,-0.98051995,-1.222659,1.289533,-11.828242
Random49
Raw:-12.433451,0.63516325,8.839644,2.718776,-4.430056,-5.436835,-0.9805187,-1.2226682,1.2895298,-11.82825
EFT:-12.433452,0.6351677,8.839648,2.7187777,-4.430055,-5.436834,-0.98052,-1.222659,1.289533,-11.828242
Random50
Raw:-12.433451,0.63516384,8.839646,2.7187767,-4.430055,-5.4368334,-0.98051834,-1.2226679,1.2895305,-11.828249
EFT:-12.433452,0.6351677,8.839648,2.7187777,-4.430055,-5.436834,-0.98052,-1.2226589,1.2895331,-11.828242
Random51
Raw:-12.433448,0.63516456,8.839647,2.7187777,-4.4300528,-5.4368324,-0.9805183,-1.2226639,1.289532,-11.828244
EFT:-12.433452,0.6351677,8.839648,2.7187777,-4.430055,-5.436834,-0.98052,-1.2226589,1.289533,-11.828242
Random52
Raw:-12.433453,0.63516694,8.839648,2.7187772,-4.4300547,-5.436835,-0.9805199,-1.2226619,1.2895315,-11.828243
EFT:-12.433452,0.6351677,8.839648,2.7187777,-4.430055,-5.436834,-0.98052,-1.222659,1.289533,-11.828242
Random53
Raw:-12.433452,0.6351637,8.839644,2.7187755,-4.4300566,-5.436834,-0.9805188,-1.2226666,1.2895305,-11.828247
EFT:-12.433452,0.6351677,8.839648,2.7187777,-4.430055,-5.436834,-0.98052,-1.222659,1.289533,-11.828242
Random54
Raw:-12.433453,0.6351643,8.839644,2.7187753,-4.4300556,-5.4368353,-0.98051906,-1.2226665,1.2895296,-11.828247
EFT:-12.433452,0.6351677,8.839648,2.7187777,-4.430055,-5.436834,-0.98052,-1.222659,1.2895331,-11.828242
Random55
Raw:-12.433453,0.63516515,8.839646,2.7187774,-4.430056,-5.4368353,-0.98051906,-1.222667,1.2895303,-11.828249
EFT:-12.433452,0.6351677,8.839648,2.7187777,-4.430055,-5.436834,-0.98052,-1.222659,1.289533,-11.828242
Random56
Raw:-12.433451,0.63516635,8.839648,2.718777,-4.430054,-5.4368334,-0.9805198,-1.2226601,1.2895327,-11.828241
EFT:-12.433452,0.6351677,8.839648,2.7187777,-4.430055,-5.436834,-0.98052,-1.2226589,1.2895331,-11.828242
Random57
Raw:-12.433453,0.6351674,8.839647,2.7187765,-4.4300556,-5.4368343,-0.9805204,-1.2226608,1.289532,-11.828244
EFT:-12.433452,0.6351677,8.839648,2.7187777,-4.430055,-5.436834,-0.98051995,-1.222659,1.289533,-11.828242
Random58
Raw:-12.433451,0.6351649,8.839647,2.7187762,-4.4300547,-5.4368343,-0.98051953,-1.2226609,1.2895327,-11.828241
EFT:-12.433452,0.6351677,8.839648,2.7187777,-4.430055,-5.436834,-0.98052,-1.222659,1.289533,-11.828242
Random59
Raw:-12.433452,0.6351668,8.839649,2.718778,-4.430054,-5.436834,-0.9805193,-1.2226614,1.2895327,-11.828243
EFT:-12.433452,0.6351677,8.839648,2.7187777,-4.430055,-5.436834,-0.98052,-1.222659,1.289533,-11.828242
Random60
Raw:-12.43345,0.6351673,8.839647,2.718777,-4.4300537,-5.4368334,-0.9805198,-1.2226582,1.2895331,-11.8282385
EFT:-12.433452,0.6351677,8.839648,2.7187777,-4.430055,-5.436834,-0.98052,-1.222659,1.289533,-11.828242
Random61
Raw:-12.433451,0.6351691,8.839649,2.7187784,-4.430053,-5.436834,-0.9805207,-1.2226559,1.2895335,-11.8282385
EFT:-12.433452,0.6351677,8.839648,2.7187777,-4.430055,-5.436834,-0.98051995,-1.222659,1.289533,-11.828242
Random62
Raw:-12.433451,0.63516587,8.8396435,2.718775,-4.4300556,-5.436835,-0.9805201,-1.2226632,1.2895305,-11.828243
EFT:-12.433452,0.6351677,8.839648,2.7187777,-4.430055,-5.436834,-0.98052,-1.2226589,1.289533,-11.828242
Random63
Raw:-12.433451,0.63516635,8.839648,2.7187767,-4.4300537,-5.436834,-0.98051953,-1.2226595,1.2895331,-11.82824
EFT:-12.433452,0.6351677,8.839648,2.7187777,-4.430055,-5.436834,-0.98052,-1.222659,1.289533,-11.828242
Random64
Raw:-12.433452,0.63516873,8.839648,2.7187784,-4.430055,-5.4368343,-0.98052037,-1.2226592,1.2895325,-11.828243
EFT:-12.433452,0.6351677,8.839648,2.7187777,-4.430055,-5.436834,-0.98052,-1.2226589,1.289533,-11.828242
Random65
Raw:-12.433454,0.63516587,8.839648,2.7187762,-4.430055,-5.4368353,-0.9805201,-1.2226609,1.2895322,-11.828241
EFT:-12.433452,0.6351677,8.839648,2.7187777,-4.430055,-5.436834,-0.98052,-1.222659,1.289533,-11.828242
Random66
Raw:-12.433451,0.6351692,8.839651,2.7187786,-4.4300537,-5.436833,-0.98052025,-1.222655,1.2895346,-11.828239
EFT:-12.433452,0.6351677,8.839648,2.7187777,-4.430055,-5.436834,-0.98052,-1.222659,1.289533,-11.828242
Random67
Raw:-12.433451,0.63516754,8.839648,2.7187774,-4.430054,-5.4368343,-0.9805205,-1.2226584,1.2895327,-11.828241
EFT:-12.433452,0.6351677,8.839648,2.7187777,-4.430055,-5.436834,-0.98052,-1.222659,1.289533,-11.828242
Random68
Raw:-12.433449,0.6351678,8.83965,2.7187772,-4.430053,-5.4368324,-0.9805199,-1.2226539,1.2895355,-11.828236
EFT:-12.433452,0.6351677,8.839648,2.7187777,-4.430055,-5.436834,-0.98052,-1.2226589,1.2895331,-11.828242
Random69
Raw:-12.433453,0.63516563,8.839647,2.718777,-4.430056,-5.4368353,-0.98051965,-1.2226648,1.289531,-11.828247
EFT:-12.433452,0.6351677,8.839648,2.7187777,-4.430055,-5.436834,-0.98052,-1.222659,1.2895331,-11.828242
Random70
Raw:-12.43345,0.63516563,8.839644,2.7187748,-4.430055,-5.436835,-0.9805205,-1.2226582,1.2895327,-11.828237
EFT:-12.433452,0.6351677,8.839648,2.7187777,-4.430055,-5.436834,-0.98052,-1.2226589,1.289533,-11.828242
Random71
Raw:-12.43345,0.6351672,8.839648,2.718777,-4.430054,-5.436834,-0.98052,-1.2226577,1.2895336,-11.828239
EFT:-12.433452,0.6351677,8.839648,2.7187777,-4.430055,-5.436834,-0.98052,-1.222659,1.289533,-11.828242
Random72
Raw:-12.433453,0.63516515,8.839647,2.7187762,-4.430056,-5.4368343,-0.98051953,-1.2226629,1.289532,-11.828245
EFT:-12.433452,0.6351677,8.839648,2.7187777,-4.430055,-5.436834,-0.98051995,-1.222659,1.289533,-11.828242
Random73
Raw:-12.433453,0.63516694,8.839648,2.7187777,-4.4300556,-5.4368343,-0.9805198,-1.2226622,1.2895321,-11.828246
EFT:-12.433452,0.6351677,8.839648,2.7187777,-4.430055,-5.436834,-0.98052,-1.222659,1.289533,-11.828242
Random74
Raw:-12.433451,0.63516945,8.839651,2.7187786,-4.4300528,-5.4368324,-0.9805206,-1.2226545,1.2895347,-11.828238
EFT:-12.433452,0.6351677,8.839648,2.7187777,-4.430055,-5.436834,-0.98052,-1.2226589,1.289533,-11.828242
Random75
Raw:-12.433449,0.6351672,8.839648,2.7187772,-4.4300537,-5.4368324,-0.98051983,-1.2226578,1.2895339,-11.828239
EFT:-12.433452,0.6351677,8.839648,2.7187777,-4.430055,-5.436834,-0.98052,-1.2226589,1.289533,-11.828242
Random76
Raw:-12.433451,0.6351673,8.839646,2.7187772,-4.430055,-5.4368343,-0.9805205,-1.2226603,1.289532,-11.828241
EFT:-12.433452,0.6351677,8.839648,2.7187777,-4.430055,-5.436834,-0.98052,-1.222659,1.2895331,-11.828242
Random77
Raw:-12.433452,0.6351642,8.839645,2.7187746,-4.4300556,-5.436836,-0.98051953,-1.2226628,1.2895315,-11.828243
EFT:-12.433452,0.6351677,8.839648,2.7187777,-4.430055,-5.436834,-0.98051995,-1.222659,1.289533,-11.828242
Random78
Raw:-12.433449,0.63516444,8.839645,2.7187757,-4.430055,-5.436835,-0.9805187,-1.2226645,1.2895312,-11.828244
EFT:-12.433452,0.6351677,8.839648,2.7187777,-4.430055,-5.436834,-0.98052,-1.222659,1.289533,-11.828242
Random79
Raw:-12.433451,0.6351678,8.839646,2.7187772,-4.4300547,-5.436834,-0.9805201,-1.2226602,1.2895322,-11.828241
EFT:-12.433452,0.6351677,8.839648,2.7187777,-4.430055,-5.436834,-0.98052,-1.2226589,1.2895331,-11.828242
Random80
Raw:-12.433452,0.63516766,8.839649,2.7187777,-4.4300547,-5.436834,-0.9805201,-1.2226585,1.2895334,-11.828241
EFT:-12.433452,0.6351677,8.839648,2.7187777,-4.430055,-5.436834,-0.98051995,-1.222659,1.289533,-11.828242
Random81
Raw:-12.433453,0.6351667,8.839647,2.718777,-4.4300556,-5.4368343,-0.9805198,-1.2226627,1.2895315,-11.828245
EFT:-12.433452,0.6351677,8.839648,2.7187777,-4.430055,-5.436834,-0.98052,-1.222659,1.289533,-11.828242
Random82
Raw:-12.433451,0.6351653,8.839647,2.7187765,-4.4300547,-5.436833,-0.9805192,-1.2226617,1.2895323,-11.828242
EFT:-12.433452,0.6351677,8.839648,2.7187777,-4.430055,-5.436834,-0.98051995,-1.222659,1.2895331,-11.828242
Random83
Raw:-12.433449,0.6351661,8.839648,2.7187772,-4.430054,-5.4368324,-0.98051906,-1.2226602,1.2895331,-11.828241
EFT:-12.433452,0.6351677,8.839648,2.7187777,-4.430055,-5.436834,-0.98052,-1.222659,1.2895331,-11.828242
Random84
Raw:-12.433451,0.6351673,8.839645,2.7187767,-4.4300556,-5.4368343,-0.9805206,-1.2226588,1.2895327,-11.828241
EFT:-12.433452,0.6351677,8.839648,2.7187777,-4.430055,-5.436834,-0.98052,-1.222659,1.289533,-11.828242
Random85
Raw:-12.433451,0.6351648,8.8396435,2.7187757,-4.4300556,-5.4368343,-0.9805191,-1.2226664,1.2895299,-11.828246
EFT:-12.433452,0.6351677,8.839648,2.7187777,-4.430055,-5.436834,-0.98052,-1.222659,1.289533,-11.828242
Random86
Raw:-12.433451,0.63516635,8.839649,2.7187772,-4.4300537,-5.4368334,-0.98051965,-1.2226586,1.2895335,-11.828239
EFT:-12.433452,0.6351677,8.839648,2.7187777,-4.430055,-5.436834,-0.98052,-1.2226589,1.2895331,-11.828242
Random87
Raw:-12.433453,0.63516456,8.839648,2.7187765,-4.4300556,-5.4368343,-0.9805187,-1.2226641,1.289532,-11.828245
EFT:-12.433452,0.6351677,8.839648,2.7187777,-4.430055,-5.436834,-0.98052,-1.222659,1.289533,-11.828242
Random88
Raw:-12.433451,0.63516587,8.839647,2.7187772,-4.430055,-5.4368343,-0.9805192,-1.2226642,1.2895312,-11.828245
EFT:-12.433452,0.6351677,8.839648,2.7187777,-4.430055,-5.436834,-0.98052,-1.222659,1.289533,-11.828242
Random89
Raw:-12.433452,0.63516754,8.839646,2.7187757,-4.4300566,-5.436835,-0.9805205,-1.2226584,1.2895331,-11.828241
EFT:-12.433452,0.6351677,8.839648,2.7187777,-4.430055,-5.436834,-0.98051995,-1.222659,1.289533,-11.828242
Random90
Raw:-12.433448,0.63516325,8.839645,2.7187743,-4.4300547,-5.4368343,-0.9805188,-1.2226624,1.289532,-11.828239
EFT:-12.433452,0.6351677,8.839648,2.7187777,-4.430055,-5.436834,-0.98052,-1.222659,1.289533,-11.828242
Random91
Raw:-12.433452,0.63516325,8.839645,2.7187748,-4.430058,-5.436836,-0.9805187,-1.2226666,1.2895311,-11.828248
EFT:-12.433452,0.6351677,8.839648,2.7187777,-4.430055,-5.436834,-0.98052,-1.222659,1.289533,-11.828242
Random92
Raw:-12.433451,0.6351673,8.839647,2.7187772,-4.430055,-5.436834,-0.9805199,-1.2226595,1.289533,-11.828242
EFT:-12.433452,0.6351677,8.839648,2.7187777,-4.430055,-5.436834,-0.98052,-1.222659,1.289533,-11.828242
Random93
Raw:-12.433453,0.63516706,8.839648,2.7187762,-4.430055,-5.4368343,-0.98052037,-1.2226583,1.2895329,-11.82824
EFT:-12.433452,0.6351677,8.839648,2.7187777,-4.430055,-5.436834,-0.98052,-1.222659,1.289533,-11.828242
Random94
Raw:-12.4334545,0.63516945,8.839648,2.718778,-4.4300556,-5.4368353,-0.9805217,-1.2226559,1.289533,-11.82824
EFT:-12.433452,0.6351677,8.839648,2.7187777,-4.430055,-5.436834,-0.98052,-1.222659,1.289533,-11.828242
Random95
Raw:-12.433452,0.63516825,8.839649,2.7187777,-4.4300547,-5.4368334,-0.9805206,-1.2226559,1.2895341,-11.828239
EFT:-12.433452,0.6351677,8.839648,2.7187777,-4.430055,-5.436834,-0.98052,-1.2226589,1.289533,-11.828242
Random96
Raw:-12.433451,0.63516706,8.839651,2.7187788,-4.4300537,-5.4368334,-0.9805192,-1.2226601,1.2895337,-11.828243
EFT:-12.433452,0.6351677,8.839648,2.7187777,-4.430055,-5.436834,-0.98052,-1.222659,1.289533,-11.828242
Random97
Raw:-12.433452,0.63516587,8.839647,2.7187762,-4.4300556,-5.4368343,-0.98051953,-1.2226601,1.2895331,-11.828242
EFT:-12.433452,0.6351677,8.839648,2.7187777,-4.430055,-5.436834,-0.98052,-1.222659,1.289533,-11.828242
Random98
Raw:-12.433451,0.6351691,8.839651,2.7187781,-4.4300537,-5.4368334,-0.9805205,-1.222654,1.289535,-11.828238
EFT:-12.433452,0.6351677,8.839648,2.7187777,-4.430055,-5.436834,-0.98052,-1.222659,1.289533,-11.828242
Random99
Raw:-12.433447,0.6351653,8.839647,2.7187762,-4.430053,-5.436832,-0.9805188,-1.2226608,1.2895331,-11.828239
EFT:-12.433452,0.6351677,8.839648,2.7187777,-4.430055,-5.436834,-0.98051995,-1.222659,1.289533,-11.828242
Random100
Raw:-12.433451,0.6351661,8.839647,2.7187777,-4.430054,-5.4368334,-0.9805193,-1.2226626,1.2895318,-11.828245
EFT:-12.433452,0.6351677,8.839648,2.7187777,-4.430055,-5.436834,-0.98052,-1.222659,1.289533,-11.828242
Random101
Raw:-12.433453,0.6351648,8.839645,2.7187762,-4.4300566,-5.436835,-0.9805194,-1.222666,1.2895305,-11.828248
EFT:-12.433452,0.6351677,8.839648,2.7187777,-4.430055,-5.436834,-0.98052,-1.222659,1.289533,-11.828242
Random102
Raw:-12.433452,0.63516825,8.839649,2.7187786,-4.4300537,-5.4368334,-0.98052,-1.222659,1.2895329,-11.828241
EFT:-12.433452,0.6351677,8.839648,2.7187777,-4.430055,-5.436834,-0.98052,-1.222659,1.289533,-11.828242
Random103
Raw:-12.433451,0.63516706,8.839647,2.7187781,-4.4300547,-5.4368334,-0.98051953,-1.2226624,1.289532,-11.828245
EFT:-12.433452,0.6351677,8.839648,2.7187777,-4.430055,-5.436834,-0.98052,-1.222659,1.289533,-11.828242
Random104
Raw:-12.433453,0.6351697,8.839651,2.718779,-4.430054,-5.4368343,-0.9805207,-1.2226564,1.2895339,-11.82824
EFT:-12.433452,0.6351677,8.839648,2.7187777,-4.430055,-5.436834,-0.98052,-1.222659,1.289533,-11.828242
Random105
Raw:-12.433454,0.6351661,8.839649,2.7187777,-4.430056,-5.436834,-0.9805192,-1.2226645,1.2895317,-11.828248
EFT:-12.433452,0.6351677,8.839648,2.7187777,-4.430055,-5.436834,-0.98052,-1.222659,1.289533,-11.828242
Random106
Raw:-12.433454,0.6351643,8.839644,2.7187762,-4.4300575,-5.4368362,-0.98051894,-1.2226695,1.2895293,-11.828253
EFT:-12.433452,0.6351677,8.839648,2.7187777,-4.430055,-5.436834,-0.98052,-1.222659,1.289533,-11.828242
Random107
Raw:-12.43345,0.63516587,8.839645,2.718776,-4.4300556,-5.4368343,-0.98051965,-1.2226616,1.289532,-11.828242
EFT:-12.433452,0.6351677,8.839648,2.7187777,-4.430055,-5.436834,-0.98052,-1.2226589,1.289533,-11.828242
Random108
Raw:-12.433452,0.63516694,8.839648,2.7187765,-4.430055,-5.436835,-0.9805205,-1.2226592,1.2895329,-11.828242
EFT:-12.433452,0.6351677,8.839648,2.7187777,-4.430055,-5.436834,-0.98052,-1.222659,1.289533,-11.828242
Random109
Raw:-12.43345,0.63516885,8.839649,2.7187784,-4.4300528,-5.4368334,-0.98052037,-1.2226576,1.2895331,-11.828239
EFT:-12.433452,0.6351677,8.839648,2.7187777,-4.430055,-5.436834,-0.98052,-1.2226589,1.289533,-11.828242
Random110
Raw:-12.433452,0.63516515,8.839644,2.7187762,-4.430056,-5.436835,-0.9805196,-1.2226652,1.2895303,-11.828246
EFT:-12.433452,0.6351677,8.839648,2.7187777,-4.430055,-5.436834,-0.98052,-1.2226589,1.2895331,-11.828242
Random111
Raw:-12.43345,0.63516325,8.839643,2.7187748,-4.430055,-5.4368343,-0.98051953,-1.222666,1.2895298,-11.828245
EFT:-12.433452,0.6351677,8.839648,2.7187777,-4.430055,-5.436834,-0.98052,-1.2226589,1.289533,-11.828242
Random112
Raw:-12.433449,0.63516754,8.839647,2.7187772,-4.4300523,-5.4368324,-0.9805196,-1.2226584,1.2895331,-11.828238
EFT:-12.433452,0.6351677,8.839648,2.7187777,-4.430055,-5.436834,-0.98052,-1.2226589,1.2895331,-11.828242
Random113
Raw:-12.43345,0.6351654,8.839646,2.7187765,-4.4300547,-5.4368343,-0.9805196,-1.2226616,1.2895317,-11.828241
EFT:-12.433452,0.6351677,8.839648,2.7187777,-4.430055,-5.436834,-0.98052,-1.222659,1.289533,-11.828242
Random114
Raw:-12.43345,0.63516265,8.839647,2.7187755,-4.430055,-5.4368334,-0.98051834,-1.2226653,1.2895322,-11.828245
EFT:-12.433452,0.6351677,8.839648,2.7187777,-4.430055,-5.436834,-0.98051995,-1.222659,1.289533,-11.828242
Random115
Raw:-12.433451,0.6351618,8.839643,2.7187753,-4.4300566,-5.436835,-0.9805181,-1.2226719,1.2895288,-11.828251
EFT:-12.433452,0.6351677,8.839648,2.7187777,-4.430055,-5.436834,-0.98051995,-1.222659,1.289533,-11.828242
Random116
Raw:-12.433449,0.63516706,8.839648,2.7187767,-4.4300528,-5.436833,-0.9805198,-1.2226564,1.2895342,-11.828236
EFT:-12.433452,0.6351677,8.839648,2.7187777,-4.430055,-5.436834,-0.98051995,-1.222659,1.289533,-11.828242
Random117
Raw:-12.433453,0.6351617,8.839641,2.7187738,-4.430058,-5.4368362,-0.9805188,-1.222673,1.2895272,-11.828253
EFT:-12.433452,0.6351677,8.839648,2.7187777,-4.430055,-5.436834,-0.98052,-1.222659,1.289533,-11.828242
Random118
Raw:-12.433449,0.6351678,8.83965,2.718778,-4.430054,-5.4368324,-0.9805195,-1.2226574,1.2895346,-11.828239
EFT:-12.433452,0.6351677,8.839648,2.7187777,-4.430055,-5.436834,-0.98051995,-1.222659,1.289533,-11.828242
Random119
Raw:-12.433453,0.6351653,8.839645,2.7187762,-4.4300566,-5.436836,-0.9805196,-1.2226665,1.2895299,-11.828249
EFT:-12.433452,0.6351677,8.839648,2.7187777,-4.430055,-5.436834,-0.98052,-1.222659,1.289533,-11.828242
Random120
Raw:-12.433451,0.6351661,8.839646,2.7187767,-4.430055,-5.4368343,-0.98052007,-1.222662,1.2895315,-11.828243
EFT:-12.433452,0.6351677,8.839648,2.7187777,-4.430055,-5.436834,-0.98051995,-1.222659,1.289533,-11.828242
Random121
Raw:-12.433449,0.6351661,8.839646,2.7187757,-4.430054,-5.436833,-0.9805198,-1.2226576,1.2895335,-11.828237
EFT:-12.433452,0.6351677,8.839648,2.7187777,-4.430055,-5.436834,-0.98051995,-1.222659,1.2895331,-11.828242
Random122
Raw:-12.433451,0.6351667,8.839645,2.7187767,-4.4300547,-5.4368334,-0.98052,-1.2226608,1.2895323,-11.828241
EFT:-12.433452,0.6351677,8.839648,2.7187777,-4.430055,-5.436834,-0.98052,-1.222659,1.289533,-11.828242
Random123
Raw:-12.43345,0.6351642,8.839644,2.7187753,-4.430055,-5.4368343,-0.9805194,-1.2226629,1.2895312,-11.828241
EFT:-12.433452,0.6351677,8.839648,2.7187777,-4.430055,-5.436834,-0.98051995,-1.222659,1.289533,-11.828242
Random124
Raw:-12.433453,0.6351654,8.839646,2.7187772,-4.4300556,-5.436835,-0.98051906,-1.2226661,1.2895308,-11.828249
EFT:-12.433452,0.6351677,8.839648,2.7187777,-4.430055,-5.436834,-0.98051995,-1.2226589,1.289533,-11.828242
Random125
Raw:-12.433451,0.63516825,8.839649,2.7187772,-4.4300547,-5.436835,-0.9805208,-1.2226578,1.2895325,-11.82824
EFT:-12.433452,0.6351677,8.839648,2.7187777,-4.430055,-5.436834,-0.98052,-1.222659,1.289533,-11.828242
Random126
Raw:-12.433453,0.6351655,8.839646,2.7187765,-4.4300556,-5.436835,-0.98051953,-1.2226655,1.2895304,-11.828248
EFT:-12.433452,0.6351677,8.839648,2.7187777,-4.430055,-5.436834,-0.98051995,-1.222659,1.289533,-11.828242
Random127
Raw:-12.433452,0.63516766,8.839648,2.7187774,-4.430055,-5.4368353,-0.98052084,-1.2226588,1.2895327,-11.828241
EFT:-12.433452,0.6351677,8.839648,2.7187777,-4.430055,-5.436834,-0.98052,-1.222659,1.289533,-11.828242
Random128
Raw:-12.43345,0.63516515,8.839646,2.718775,-4.4300547,-5.436835,-0.9805198,-1.222661,1.2895318,-11.828239
EFT:-12.433452,0.6351677,8.839648,2.7187777,-4.430055,-5.436834,-0.98052,-1.222659,1.289533,-11.828242
Random129
Raw:-12.433452,0.6351637,8.839644,2.7187755,-4.430057,-5.436836,-0.98051834,-1.2226685,1.2895303,-11.828248
EFT:-12.433452,0.6351677,8.839648,2.7187777,-4.430055,-5.436834,-0.98052,-1.222659,1.289533,-11.828242
Random130
Raw:-12.433451,0.6351649,8.839646,2.7187777,-4.430055,-5.436834,-0.9805187,-1.2226654,1.2895315,-11.828247
EFT:-12.433452,0.6351677,8.839648,2.7187777,-4.430055,-5.436834,-0.98052,-1.222659,1.289533,-11.828242
Random131
Raw:-12.43345,0.63516635,8.839646,2.7187762,-4.4300547,-5.436834,-0.9805201,-1.2226583,1.289533,-11.8282385
EFT:-12.433452,0.6351677,8.839648,2.7187777,-4.430055,-5.436834,-0.98052,-1.222659,1.289533,-11.828242
Random132
Raw:-12.433454,0.6351649,8.8396435,2.7187753,-4.4300575,-5.4368362,-0.9805198,-1.2226686,1.2895279,-11.828251
EFT:-12.433452,0.6351677,8.839648,2.7187777,-4.430055,-5.436834,-0.98052,-1.222659,1.289533,-11.828242
Random133
Raw:-12.433452,0.63516694,8.839645,2.7187765,-4.4300566,-5.4368353,-0.98052055,-1.222662,1.289531,-11.828245
EFT:-12.433452,0.6351677,8.839648,2.7187777,-4.430055,-5.436834,-0.98052,-1.222659,1.289533,-11.828242
Random134
Raw:-12.43345,0.6351661,8.839645,2.718777,-4.430055,-5.436834,-0.9805193,-1.2226642,1.2895312,-11.828246
EFT:-12.433452,0.6351677,8.839648,2.7187777,-4.430055,-5.436834,-0.98051995,-1.222659,1.289533,-11.828242
Random135
Raw:-12.433452,0.6351691,8.839649,2.718778,-4.430055,-5.4368334,-0.9805202,-1.2226578,1.2895336,-11.828239
EFT:-12.433452,0.6351677,8.839648,2.7187777,-4.430055,-5.436834,-0.98052,-1.222659,1.289533,-11.828242
Random136
Raw:-12.43345,0.635168,8.83965,2.7187781,-4.430053,-5.4368324,-0.9805201,-1.2226561,1.2895343,-11.828239
EFT:-12.433452,0.6351677,8.839648,2.7187777,-4.430055,-5.436834,-0.98051995,-1.222659,1.289533,-11.828242
Random137
Raw:-12.433452,0.6351666,8.839646,2.7187772,-4.430055,-5.4368334,-0.98051953,-1.2226613,1.2895329,-11.828242
EFT:-12.433452,0.6351677,8.839648,2.7187777,-4.430055,-5.436834,-0.98051995,-1.222659,1.289533,-11.828242
Random138
Raw:-12.433453,0.63516754,8.83965,2.7187774,-4.4300537,-5.4368343,-0.9805199,-1.2226583,1.2895331,-11.828239
EFT:-12.433452,0.6351677,8.839648,2.7187777,-4.430055,-5.436834,-0.98052,-1.222659,1.289533,-11.828242
Random139
Raw:-12.433454,0.6351666,8.839648,2.7187767,-4.4300566,-5.4368353,-0.9805201,-1.2226615,1.289532,-11.828245
EFT:-12.433452,0.6351677,8.839648,2.7187777,-4.430055,-5.436834,-0.98051995,-1.222659,1.2895331,-11.828242
Random140
Raw:-12.43345,0.6351637,8.839644,2.7187748,-4.4300556,-5.4368343,-0.9805192,-1.2226639,1.2895317,-11.828243
EFT:-12.433452,0.6351677,8.839648,2.7187777,-4.430055,-5.436834,-0.98052,-1.2226589,1.289533,-11.828242
Random141
Raw:-12.433451,0.6351668,8.839645,2.7187757,-4.4300556,-5.436835,-0.9805207,-1.2226597,1.2895315,-11.82824
EFT:-12.433452,0.6351677,8.839648,2.7187777,-4.430055,-5.436834,-0.98052,-1.2226589,1.289533,-11.828242
Random142
Raw:-12.433451,0.63516873,8.839651,2.7187781,-4.4300537,-5.436834,-0.98052,-1.2226567,1.2895341,-11.828239
EFT:-12.433452,0.6351677,8.839648,2.7187777,-4.430055,-5.436834,-0.98052,-1.222659,1.289533,-11.828242
Random143
Raw:-12.433451,0.63516134,8.8396435,2.718774,-4.4300566,-5.4368362,-0.980518,-1.2226725,1.2895286,-11.828251
EFT:-12.433452,0.6351677,8.839648,2.7187777,-4.430055,-5.436834,-0.98052,-1.222659,1.289533,-11.828242
Random144
Raw:-12.433451,0.6351653,8.839645,2.7187762,-4.430055,-5.4368343,-0.98052,-1.222664,1.2895305,-11.828245
EFT:-12.433452,0.6351677,8.839648,2.7187777,-4.430055,-5.436834,-0.98052,-1.222659,1.289533,-11.828242
Random145
Raw:-12.433451,0.6351647,8.839644,2.718776,-4.4300547,-5.4368343,-0.9805192,-1.222665,1.2895305,-11.828244
EFT:-12.433452,0.6351677,8.839648,2.7187777,-4.430055,-5.436834,-0.98052,-1.2226589,1.2895331,-11.828242
Random146
Raw:-12.433451,0.6351698,8.83965,2.718779,-4.4300537,-5.436833,-0.9805201,-1.2226574,1.2895336,-11.828241
EFT:-12.433452,0.6351677,8.839648,2.7187777,-4.430055,-5.436834,-0.98052,-1.2226589,1.289533,-11.828242
Random147
Raw:-12.43345,0.63516897,8.839647,2.7187781,-4.4300537,-5.4368334,-0.98052084,-1.2226558,1.2895336,-11.8282385
EFT:-12.433452,0.6351677,8.839648,2.7187777,-4.430055,-5.436834,-0.98052,-1.222659,1.289533,-11.828242
Random148
Raw:-12.433451,0.63516456,8.8396435,2.718776,-4.430056,-5.436835,-0.98051906,-1.2226679,1.2895292,-11.828249
EFT:-12.433452,0.6351677,8.839648,2.7187777,-4.430055,-5.436834,-0.98052,-1.222659,1.289533,-11.828242
Random149
Raw:-12.43345,0.63516754,8.839651,2.7187781,-4.4300537,-5.436833,-0.98051953,-1.2226584,1.2895341,-11.828241
EFT:-12.433452,0.6351677,8.839648,2.7187777,-4.430055,-5.436834,-0.98052,-1.222659,1.2895331,-11.828242
Random150
Raw:-12.433452,0.63516575,8.839645,2.7187767,-4.430055,-5.4368343,-0.98051953,-1.2226639,1.2895308,-11.828245
EFT:-12.433452,0.6351677,8.839648,2.7187777,-4.430055,-5.436834,-0.98052,-1.222659,1.289533,-11.828242
Random151
Raw:-12.433454,0.6351661,8.839645,2.7187762,-4.4300566,-5.4368362,-0.98052,-1.2226642,1.2895299,-11.828246
EFT:-12.433452,0.6351677,8.839648,2.7187777,-4.430055,-5.436834,-0.98052,-1.222659,1.289533,-11.828242
Random152
Raw:-12.433451,0.63516706,8.839648,2.7187772,-4.4300547,-5.4368334,-0.9805196,-1.2226591,1.2895331,-11.82824
EFT:-12.433452,0.6351677,8.839648,2.7187777,-4.430055,-5.436834,-0.98052,-1.2226589,1.289533,-11.828242
Random153
Raw:-12.433448,0.6351649,8.839647,2.7187762,-4.4300537,-5.4368324,-0.9805194,-1.2226608,1.2895329,-11.82824
EFT:-12.433452,0.6351677,8.839648,2.7187777,-4.430055,-5.436834,-0.98052,-1.2226589,1.289533,-11.828242
Random154
Raw:-12.433452,0.63516563,8.839646,2.7187762,-4.430055,-5.4368353,-0.98052,-1.2226607,1.2895325,-11.828242
EFT:-12.433452,0.6351677,8.839648,2.7187777,-4.430055,-5.436834,-0.98051995,-1.222659,1.289533,-11.828242
Random155
Raw:-12.433452,0.63516694,8.839646,2.7187774,-4.430055,-5.4368353,-0.98052037,-1.2226626,1.2895311,-11.828245
EFT:-12.433452,0.6351677,8.839648,2.7187777,-4.430055,-5.436834,-0.98052,-1.222659,1.289533,-11.828242
Random156
Raw:-12.433451,0.6351685,8.839651,2.7187788,-4.430054,-5.436833,-0.9805198,-1.2226568,1.2895344,-11.82824
EFT:-12.433452,0.6351677,8.839648,2.7187777,-4.430055,-5.436834,-0.98051995,-1.222659,1.289533,-11.828242
Random157
Raw:-12.433451,0.635166,8.839647,2.718777,-4.430055,-5.436834,-0.9805194,-1.2226628,1.2895322,-11.828245
EFT:-12.433452,0.6351677,8.839648,2.7187777,-4.430055,-5.436834,-0.98052,-1.222659,1.289533,-11.828242
Random158
Raw:-12.433452,0.6351672,8.839648,2.7187772,-4.4300556,-5.4368343,-0.9805201,-1.2226601,1.2895325,-11.828244
EFT:-12.433452,0.6351677,8.839648,2.7187777,-4.430055,-5.436834,-0.98051995,-1.222659,1.289533,-11.828242
Random159
Raw:-12.433453,0.6351673,8.83965,2.7187784,-4.430054,-5.4368324,-0.98051953,-1.2226609,1.2895329,-11.828243
EFT:-12.433452,0.6351677,8.839648,2.7187777,-4.430055,-5.436834,-0.98052,-1.222659,1.2895331,-11.828242
Random160
Raw:-12.433449,0.6351618,8.8396435,2.718775,-4.4300547,-5.4368343,-0.980518,-1.222669,1.28953,-11.828247
EFT:-12.433452,0.6351677,8.839648,2.7187777,-4.430055,-5.436834,-0.98052,-1.2226589,1.289533,-11.828242
Random161
Raw:-12.43345,0.635168,8.839648,2.7187781,-4.4300537,-5.4368334,-0.98051995,-1.2226595,1.2895324,-11.828241
EFT:-12.433452,0.6351677,8.839648,2.7187777,-4.430055,-5.436834,-0.98052,-1.222659,1.289533,-11.828242
Random162
Raw:-12.433453,0.6351672,8.839646,2.7187774,-4.430054,-5.4368353,-0.98052025,-1.2226626,1.2895309,-11.828245
EFT:-12.433452,0.6351677,8.839648,2.7187777,-4.430055,-5.436834,-0.98052,-1.222659,1.289533,-11.828242
Random163
Raw:-12.433451,0.6351692,8.839651,2.718778,-4.430054,-5.436833,-0.98052,-1.2226541,1.2895355,-11.828237
EFT:-12.433452,0.6351677,8.839648,2.7187777,-4.430055,-5.436834,-0.98052,-1.222659,1.289533,-11.828242
Random164
Raw:-12.433452,0.6351679,8.839648,2.7187767,-4.430055,-5.4368343,-0.9805207,-1.2226568,1.2895336,-11.8282385
EFT:-12.433452,0.6351677,8.839648,2.7187777,-4.430055,-5.436834,-0.98052,-1.222659,1.289533,-11.828242
Random165
Raw:-12.433451,0.635168,8.839646,2.7187772,-4.4300537,-5.4368343,-0.9805205,-1.222658,1.2895327,-11.82824
EFT:-12.433452,0.6351677,8.839648,2.7187777,-4.430055,-5.436834,-0.98052,-1.2226589,1.289533,-11.828242
Random166
Raw:-12.433452,0.6351642,8.8396435,2.7187746,-4.430055,-5.436835,-0.98051965,-1.2226645,1.28953,-11.828243
EFT:-12.433452,0.6351677,8.839648,2.7187777,-4.430055,-5.436834,-0.98052,-1.222659,1.289533,-11.828242
Random167
Raw:-12.433451,0.63516706,8.839647,2.7187767,-4.4300547,-5.436834,-0.98052025,-1.2226595,1.2895322,-11.82824
EFT:-12.433452,0.6351677,8.839648,2.7187777,-4.430055,-5.436834,-0.98052,-1.222659,1.2895331,-11.828242
Random168
Raw:-12.433451,0.6351661,8.839646,2.7187765,-4.430055,-5.4368334,-0.9805194,-1.2226613,1.2895324,-11.828241
EFT:-12.433452,0.6351677,8.839648,2.7187777,-4.430055,-5.436834,-0.98052,-1.222659,1.289533,-11.828242
Random169
Raw:-12.433451,0.6351637,8.8396435,2.718775,-4.4300556,-5.436835,-0.9805191,-1.2226673,1.2895293,-11.828246
EFT:-12.433452,0.6351677,8.839648,2.7187777,-4.430055,-5.436834,-0.98052,-1.222659,1.289533,-11.828242
Random170
Raw:-12.433447,0.63516706,8.839648,2.7187767,-4.430052,-5.436832,-0.9805198,-1.2226537,1.2895353,-11.828233
EFT:-12.433452,0.6351677,8.839648,2.7187777,-4.430055,-5.436834,-0.98052,-1.222659,1.289533,-11.828242
Random171
Raw:-12.433452,0.6351648,8.839645,2.7187755,-4.4300556,-5.4368343,-0.9805194,-1.2226628,1.2895312,-11.828243
EFT:-12.433452,0.6351677,8.839648,2.7187777,-4.430055,-5.436834,-0.98052,-1.222659,1.2895331,-11.828242
Random172
Raw:-12.43345,0.6351666,8.839647,2.718777,-4.4300537,-5.4368343,-0.98052,-1.2226588,1.2895329,-11.828239
EFT:-12.433452,0.6351677,8.839648,2.7187777,-4.430055,-5.436834,-0.98051995,-1.222659,1.289533,-11.828242
Random173
Raw:-12.433453,0.63516754,8.839649,2.718778,-4.4300556,-5.436835,-0.9805198,-1.2226614,1.2895322,-11.828244
EFT:-12.433452,0.6351677,8.839648,2.7187777,-4.430055,-5.436834,-0.98052,-1.222659,1.289533,-11.828242
Random174
Raw:-12.433453,0.6351661,8.839646,2.7187762,-4.430056,-5.4368353,-0.9805201,-1.222663,1.289531,-11.828244
EFT:-12.433452,0.6351677,8.839648,2.7187777,-4.430055,-5.436834,-0.98051995,-1.222659,1.2895331,-11.828242
Random175
Raw:-12.433453,0.63517004,8.839649,2.718779,-4.430055,-5.4368353,-0.9805211,-1.2226561,1.2895331,-11.828241
EFT:-12.433452,0.6351677,8.839648,2.7187777,-4.430055,-5.436834,-0.98051995,-1.222659,1.289533,-11.828242
Random176
Raw:-12.433453,0.6351648,8.839646,2.7187767,-4.4300556,-5.4368353,-0.98051953,-1.2226654,1.28953,-11.828247
EFT:-12.433452,0.6351677,8.839648,2.7187777,-4.430055,-5.436834,-0.98051995,-1.2226589,1.2895331,-11.828242
Random177
Raw:-12.433452,0.6351636,8.839643,2.7187748,-4.430057,-5.4368362,-0.9805188,-1.2226696,1.289529,-11.82825
EFT:-12.433452,0.6351677,8.839648,2.7187777,-4.430055,-5.436834,-0.98052,-1.2226589,1.2895331,-11.828242
Random178
Raw:-12.433454,0.6351623,8.839646,2.718776,-4.430057,-5.436836,-0.980518,-1.222671,1.2895293,-11.828253
EFT:-12.433452,0.6351677,8.839648,2.7187777,-4.430055,-5.436834,-0.98052,-1.222659,1.289533,-11.828242
Random179
Raw:-12.433451,0.63516086,8.839642,2.7187726,-4.4300575,-5.436836,-0.9805188,-1.2226684,1.28953,-11.828245
EFT:-12.433452,0.6351677,8.839648,2.7187777,-4.430055,-5.436834,-0.98051995,-1.222659,1.2895331,-11.828242
Random180
Raw:-12.433454,0.63516504,8.839646,2.718777,-4.430056,-5.436836,-0.98051906,-1.2226676,1.2895299,-11.82825
EFT:-12.433452,0.6351677,8.839648,2.7187777,-4.430055,-5.436834,-0.98051995,-1.222659,1.289533,-11.828242
Random181
Raw:-12.433451,0.6351655,8.839645,2.7187762,-4.4300547,-5.4368343,-0.98051965,-1.2226619,1.2895317,-11.828242
EFT:-12.433452,0.6351677,8.839648,2.7187777,-4.430055,-5.436834,-0.98052,-1.2226589,1.289533,-11.828242
Random182
Raw:-12.433451,0.6351673,8.839647,2.7187772,-4.430055,-5.4368343,-0.9805205,-1.222659,1.2895327,-11.82824
EFT:-12.433452,0.6351677,8.839648,2.7187777,-4.430055,-5.436834,-0.98052,-1.222659,1.289533,-11.828242
Random183
Raw:-12.433452,0.6351641,8.8396435,2.718776,-4.4300566,-5.436835,-0.98051864,-1.2226697,1.2895293,-11.828252
EFT:-12.433452,0.6351677,8.839648,2.7187777,-4.430055,-5.436834,-0.98052,-1.222659,1.289533,-11.828242
Random184
Raw:-12.43345,0.63516873,8.839647,2.7187774,-4.4300537,-5.4368334,-0.9805205,-1.2226562,1.2895335,-11.828237
EFT:-12.433452,0.6351677,8.839648,2.7187777,-4.430055,-5.436834,-0.98052,-1.222659,1.289533,-11.828242
Random185
Raw:-12.433453,0.63516635,8.839648,2.718777,-4.430055,-5.436835,-0.98051965,-1.2226615,1.2895322,-11.828243
EFT:-12.433452,0.6351677,8.839648,2.7187777,-4.430055,-5.436834,-0.98052,-1.222659,1.289533,-11.828242
Random186
Raw:-12.433455,0.63516444,8.839645,2.7187765,-4.4300575,-5.4368367,-0.98051906,-1.2226695,1.2895293,-11.828253
EFT:-12.433452,0.6351677,8.839648,2.7187777,-4.430055,-5.436834,-0.98052,-1.222659,1.289533,-11.828242
Random187
Raw:-12.43345,0.6351629,8.8396435,2.7187748,-4.4300547,-5.4368343,-0.9805186,-1.2226663,1.2895306,-11.828243
EFT:-12.433452,0.6351677,8.839648,2.7187777,-4.430055,-5.436834,-0.98052,-1.222659,1.2895331,-11.828242
Random188
Raw:-12.433452,0.6351678,8.839648,2.7187777,-4.4300547,-5.436834,-0.9805205,-1.2226591,1.2895322,-11.828242
EFT:-12.433452,0.6351677,8.839648,2.7187777,-4.430055,-5.436834,-0.98052,-1.222659,1.289533,-11.828242
Random189
Raw:-12.433451,0.6351685,8.839646,2.7187772,-4.4300556,-5.4368343,-0.98052055,-1.2226597,1.2895322,-11.828242
EFT:-12.433452,0.6351677,8.839648,2.7187777,-4.430055,-5.436834,-0.98051995,-1.222659,1.289533,-11.828242
Random190
Raw:-12.433451,0.63516873,8.839649,2.7187772,-4.430054,-5.4368343,-0.98052084,-1.2226547,1.2895341,-11.828238
EFT:-12.433452,0.6351677,8.839648,2.7187777,-4.430055,-5.436834,-0.98052,-1.222659,1.289533,-11.828242
Random191
Raw:-12.43345,0.6351678,8.839648,2.7187777,-4.430053,-5.4368334,-0.98052,-1.2226578,1.2895331,-11.8282385
EFT:-12.433452,0.6351677,8.839648,2.7187777,-4.430055,-5.436834,-0.98051995,-1.222659,1.289533,-11.828242
Random192
Raw:-12.433453,0.63516766,8.839646,2.7187777,-4.430055,-5.436835,-0.98052025,-1.2226617,1.2895315,-11.828245
EFT:-12.433452,0.6351677,8.839648,2.7187777,-4.430055,-5.436834,-0.98051995,-1.222659,1.2895331,-11.828242
Random193
Raw:-12.433449,0.6351631,8.8396435,2.7187753,-4.4300556,-5.436834,-0.9805187,-1.2226663,1.2895305,-11.828245
EFT:-12.433452,0.6351677,8.839648,2.7187777,-4.430055,-5.436834,-0.98051995,-1.222659,1.289533,-11.828242
Random194
Raw:-12.433449,0.6351666,8.839647,2.7187774,-4.4300547,-5.4368334,-0.9805194,-1.2226613,1.2895324,-11.828242
EFT:-12.433452,0.6351677,8.839648,2.7187777,-4.430055,-5.436834,-0.98051995,-1.222659,1.289533,-11.828242
Random195
Raw:-12.433452,0.63516873,8.839649,2.7187784,-4.4300537,-5.4368334,-0.9805207,-1.222656,1.2895336,-11.82824
EFT:-12.433452,0.6351677,8.839648,2.7187777,-4.430055,-5.436834,-0.98052,-1.222659,1.289533,-11.828242
Random196
Raw:-12.43345,0.63516647,8.839647,2.718776,-4.430054,-5.436834,-0.9805199,-1.222658,1.2895331,-11.828238
EFT:-12.433452,0.6351677,8.839648,2.7187777,-4.430055,-5.436834,-0.98052,-1.222659,1.2895331,-11.828242
Random197
Raw:-12.433452,0.6351637,8.839645,2.718776,-4.4300556,-5.436835,-0.9805186,-1.2226676,1.2895304,-11.828248
EFT:-12.433452,0.6351677,8.839648,2.7187777,-4.430055,-5.436834,-0.98052,-1.222659,1.289533,-11.828242
Random198
Raw:-12.433451,0.63516873,8.839649,2.7187774,-4.4300537,-5.4368343,-0.98052084,-1.2226558,1.2895336,-11.828238
EFT:-12.433452,0.6351677,8.839648,2.7187777,-4.430055,-5.436834,-0.98052,-1.222659,1.289533,-11.828242
Random199
Raw:-12.433452,0.6351654,8.839648,2.7187767,-4.430054,-5.436835,-0.9805192,-1.2226629,1.2895315,-11.828243
EFT:-12.433452,0.6351677,8.839648,2.7187777,-4.430055,-5.436834,-0.98052,-1.222659,1.289533,-11.828242
Random200
Raw:-12.433449,0.63516635,8.839647,2.7187767,-4.430053,-5.436832,-0.9805192,-1.2226601,1.2895323,-11.828239
EFT:-12.433452,0.6351677,8.839648,2.7187777,-4.430055,-5.436834,-0.98052,-1.222659,1.289533,-11.828242
Random201
Raw:-12.433449,0.63516706,8.839647,2.7187774,-4.430054,-5.436834,-0.98051953,-1.2226592,1.289533,-11.828241
EFT:-12.433452,0.6351677,8.839648,2.7187777,-4.430055,-5.436834,-0.98051995,-1.222659,1.289533,-11.828242
Random202
Raw:-12.433453,0.6351704,8.839651,2.7187786,-4.430054,-5.4368334,-0.9805211,-1.2226542,1.2895341,-11.8282385
EFT:-12.433452,0.6351677,8.839648,2.7187777,-4.430055,-5.436834,-0.98052,-1.222659,1.289533,-11.828242
Random203
Raw:-12.433451,0.6351647,8.839645,2.718775,-4.4300556,-5.436835,-0.9805194,-1.2226622,1.2895321,-11.828242
EFT:-12.433452,0.6351677,8.839648,2.7187777,-4.430055,-5.436834,-0.98052,-1.222659,1.2895331,-11.828242
Random204
Raw:-12.433454,0.635166,8.839649,2.718777,-4.4300556,-5.4368353,-0.9805194,-1.2226629,1.2895322,-11.828245
EFT:-12.433452,0.6351677,8.839648,2.7187777,-4.430055,-5.436834,-0.98052,-1.222659,1.289533,-11.828242
Random205
Raw:-12.433451,0.6351672,8.839648,2.7187777,-4.4300547,-5.436835,-0.9805199,-1.2226603,1.2895322,-11.828242
EFT:-12.433452,0.6351677,8.839648,2.7187777,-4.430055,-5.436834,-0.98052,-1.222659,1.289533,-11.828242
Random206
Raw:-12.433453,0.6351672,8.839648,2.7187767,-4.430054,-5.436835,-0.9805206,-1.222658,1.2895329,-11.82824
EFT:-12.433452,0.6351677,8.839648,2.7187777,-4.430055,-5.436834,-0.98052,-1.222659,1.289533,-11.828242
Random207
Raw:-12.433452,0.6351668,8.839647,2.7187774,-4.4300547,-5.4368343,-0.98052037,-1.2226615,1.2895312,-11.828243
EFT:-12.433452,0.6351677,8.839648,2.7187777,-4.430055,-5.436834,-0.98052,-1.2226589,1.2895331,-11.828242
Random208
Raw:-12.433449,0.6351624,8.839645,2.7187743,-4.430055,-5.4368334,-0.98051906,-1.2226611,1.2895333,-11.828238
EFT:-12.433452,0.6351677,8.839648,2.7187777,-4.430055,-5.436834,-0.98052,-1.222659,1.2895331,-11.828242
Random209
Raw:-12.433449,0.63516647,8.839646,2.718777,-4.4300537,-5.4368334,-0.98051965,-1.2226621,1.2895311,-11.828242
EFT:-12.433452,0.6351677,8.839648,2.7187777,-4.430055,-5.436834,-0.98052,-1.2226589,1.289533,-11.828242
Random210
Raw:-12.433449,0.6351668,8.839646,2.7187774,-4.4300537,-5.4368334,-0.98052,-1.2226605,1.289532,-11.82824
EFT:-12.433452,0.6351677,8.839648,2.7187777,-4.430055,-5.436834,-0.98052,-1.222659,1.289533,-11.828242
Random211
Raw:-12.433451,0.63516635,8.839646,2.7187765,-4.4300547,-5.436834,-0.98051965,-1.2226614,1.2895321,-11.828242
EFT:-12.433452,0.6351677,8.839648,2.7187777,-4.430055,-5.436834,-0.98051995,-1.2226589,1.289533,-11.828242
Random212
Raw:-12.433452,0.6351647,8.839648,2.7187767,-4.4300547,-5.436834,-0.9805187,-1.2226627,1.2895324,-11.828243
EFT:-12.433452,0.6351677,8.839648,2.7187777,-4.430055,-5.436834,-0.98052,-1.222659,1.289533,-11.828242
Random213
Raw:-12.433452,0.635163,8.839644,2.7187748,-4.430056,-5.4368362,-0.98051834,-1.2226692,1.2895296,-11.82825
EFT:-12.433452,0.6351677,8.839648,2.7187777,-4.430055,-5.436834,-0.98052,-1.222659,1.289533,-11.828242
Random214
Raw:-12.433453,0.63516694,8.839649,2.7187772,-4.430055,-5.436835,-0.98052,-1.2226604,1.2895324,-11.828244
EFT:-12.433452,0.6351677,8.839648,2.7187777,-4.430055,-5.436834,-0.98052,-1.222659,1.289533,-11.828242
Random215
Raw:-12.433453,0.63516825,8.839648,2.7187772,-4.430055,-5.4368343,-0.9805213,-1.2226564,1.2895329,-11.8282385
EFT:-12.433452,0.6351677,8.839648,2.7187777,-4.430055,-5.436834,-0.98052,-1.222659,1.289533,-11.828242
Random216
Raw:-12.433452,0.6351661,8.839645,2.7187762,-4.430056,-5.4368343,-0.9805199,-1.2226629,1.2895308,-11.828244
EFT:-12.433452,0.6351677,8.839648,2.7187777,-4.430055,-5.436834,-0.98051995,-1.222659,1.2895331,-11.828242
Random217
Raw:-12.433451,0.6351649,8.839645,2.7187755,-4.430055,-5.4368343,-0.98051953,-1.2226627,1.2895315,-11.828242
EFT:-12.433452,0.6351677,8.839648,2.7187777,-4.430055,-5.436834,-0.98052,-1.222659,1.289533,-11.828242
Random218
Raw:-12.433449,0.63516754,8.839647,2.718777,-4.430052,-5.436833,-0.98052037,-1.2226564,1.2895331,-11.828237
EFT:-12.433452,0.6351677,8.839648,2.7187777,-4.430055,-5.436834,-0.98051995,-1.222659,1.289533,-11.828242
Random219
Raw:-12.43345,0.63516754,8.839647,2.7187767,-4.4300537,-5.4368343,-0.9805202,-1.2226588,1.2895327,-11.828239
EFT:-12.433452,0.6351677,8.839648,2.7187777,-4.430055,-5.436834,-0.98052,-1.222659,1.289533,-11.828242
Random220
Raw:-12.433452,0.6351672,8.839649,2.7187772,-4.4300547,-5.4368353,-0.9805203,-1.222659,1.289533,-11.828241
EFT:-12.433452,0.6351677,8.839648,2.7187777,-4.430055,-5.436834,-0.98051995,-1.222659,1.2895331,-11.828242
Random221
Raw:-12.433452,0.6351668,8.839648,2.718777,-4.430055,-5.4368343,-0.98051983,-1.2226609,1.2895321,-11.828243
EFT:-12.433452,0.6351677,8.839648,2.7187777,-4.430055,-5.436834,-0.98052,-1.222659,1.289533,-11.828242
Random222
Raw:-12.433448,0.6351629,8.839644,2.7187757,-4.430055,-5.4368334,-0.980518,-1.2226682,1.2895302,-11.828249
EFT:-12.433452,0.6351677,8.839648,2.7187777,-4.430055,-5.436834,-0.98051995,-1.222659,1.289533,-11.828242
Random223
Raw:-12.43345,0.6351649,8.839644,2.7187762,-4.4300547,-5.436834,-0.98051894,-1.2226652,1.2895303,-11.828245
EFT:-12.433452,0.6351677,8.839648,2.7187777,-4.430055,-5.436834,-0.98052,-1.2226589,1.289533,-11.828242
Random224
Raw:-12.433451,0.6351631,8.8396435,2.7187748,-4.430056,-5.4368343,-0.9805187,-1.222667,1.28953,-11.828247
EFT:-12.433452,0.6351677,8.839648,2.7187777,-4.430055,-5.436834,-0.98052,-1.222659,1.289533,-11.828242
Random225
Raw:-12.43345,0.6351648,8.839647,2.718776,-4.4300566,-5.4368334,-0.98051906,-1.2226635,1.2895324,-11.828245
EFT:-12.433452,0.6351677,8.839648,2.7187777,-4.430055,-5.436834,-0.98052,-1.222659,1.289533,-11.828242
Random226
Raw:-12.433452,0.63516647,8.839644,2.718776,-4.430056,-5.436835,-0.9805198,-1.222662,1.2895315,-11.828242
EFT:-12.433452,0.6351677,8.839648,2.7187777,-4.430055,-5.436834,-0.98052,-1.222659,1.289533,-11.828242
Random227
Raw:-12.433451,0.63516897,8.839647,2.7187772,-4.430054,-5.4368343,-0.9805212,-1.2226564,1.2895329,-11.8282385
EFT:-12.433452,0.6351677,8.839648,2.7187777,-4.430055,-5.436834,-0.98052,-1.2226589,1.289533,-11.828242
Random228
Raw:-12.433451,0.63516766,8.839648,2.7187767,-4.4300547,-5.4368334,-0.98051995,-1.2226582,1.2895336,-11.82824
EFT:-12.433452,0.6351677,8.839648,2.7187777,-4.430055,-5.436834,-0.98052,-1.222659,1.289533,-11.828242
Random229
Raw:-12.433453,0.63516563,8.839644,2.7187757,-4.430056,-5.4368353,-0.98051953,-1.2226641,1.2895308,-11.828245
EFT:-12.433452,0.6351677,8.839648,2.7187777,-4.430055,-5.436834,-0.98052,-1.222659,1.289533,-11.828242
Random230
Raw:-12.433452,0.6351649,8.839647,2.7187762,-4.430055,-5.436835,-0.98051995,-1.2226629,1.2895312,-11.828244
EFT:-12.433452,0.6351677,8.839648,2.7187777,-4.430055,-5.436834,-0.98052,-1.222659,1.289533,-11.828242
Random231
Raw:-12.433453,0.63516504,8.839645,2.7187755,-4.4300566,-5.436836,-0.98051953,-1.2226639,1.2895311,-11.828246
EFT:-12.433452,0.6351677,8.839648,2.7187777,-4.430055,-5.436834,-0.98052,-1.222659,1.289533,-11.828242
Random232
Raw:-12.43345,0.6351653,8.839645,2.7187765,-4.430055,-5.436834,-0.9805191,-1.2226629,1.2895317,-11.828244
EFT:-12.433452,0.6351677,8.839648,2.7187777,-4.430055,-5.436834,-0.98052,-1.2226589,1.289533,-11.828242
Random233
Raw:-12.433454,0.6351705,8.839649,2.7187793,-4.430054,-5.436835,-0.98052156,-1.2226549,1.2895331,-11.828239
EFT:-12.433452,0.6351677,8.839648,2.7187777,-4.430055,-5.436834,-0.98052,-1.222659,1.2895331,-11.828242
Random234
Raw:-12.433449,0.6351654,8.839649,2.7187774,-4.4300537,-5.4368324,-0.9805187,-1.2226604,1.2895339,-11.82824
EFT:-12.433452,0.6351677,8.839648,2.7187777,-4.430055,-5.436834,-0.98052,-1.222659,1.289533,-11.828242
Random235
Raw:-12.433451,0.6351666,8.839647,2.7187765,-4.4300547,-5.4368343,-0.9805202,-1.222659,1.2895329,-11.828239
EFT:-12.433452,0.6351677,8.839648,2.7187777,-4.430055,-5.436834,-0.98052,-1.222659,1.2895331,-11.828242
Random236
Raw:-12.433452,0.63516134,8.839642,2.7187743,-4.430057,-5.436836,-0.9805176,-1.2226748,1.2895279,-11.828254
EFT:-12.433452,0.6351677,8.839648,2.7187777,-4.430055,-5.436834,-0.98052,-1.222659,1.289533,-11.828242
Random237
Raw:-12.433451,0.6351672,8.83965,2.718778,-4.430053,-5.4368334,-0.98052,-1.2226566,1.2895341,-11.828238
EFT:-12.433452,0.6351677,8.839648,2.7187777,-4.430055,-5.436834,-0.98052,-1.222659,1.289533,-11.828242
Random238
Raw:-12.433452,0.635166,8.839645,2.7187767,-4.4300556,-5.4368343,-0.9805194,-1.2226639,1.2895311,-11.828245
EFT:-12.433452,0.6351677,8.839648,2.7187777,-4.430055,-5.436834,-0.98052,-1.222659,1.289533,-11.828242
Random239
Raw:-12.433453,0.6351649,8.839647,2.7187767,-4.4300566,-5.436836,-0.98051953,-1.2226633,1.2895317,-11.828246
EFT:-12.433452,0.6351677,8.839648,2.7187777,-4.430055,-5.436834,-0.98052,-1.2226589,1.289533,-11.828242
Random240
Raw:-12.433449,0.63516587,8.839645,2.7187757,-4.430054,-5.436834,-0.9805199,-1.222661,1.2895317,-11.828239
EFT:-12.433452,0.6351677,8.839648,2.7187777,-4.430055,-5.436834,-0.98052,-1.222659,1.2895331,-11.828242
Random241
Raw:-12.433449,0.6351667,8.839647,2.7187774,-4.430053,-5.4368334,-0.9805194,-1.2226596,1.2895327,-11.828239
EFT:-12.433452,0.6351677,8.839648,2.7187777,-4.430055,-5.436834,-0.98052,-1.222659,1.2895331,-11.828242
Random242
Raw:-12.43345,0.63516515,8.839646,2.7187762,-4.4300547,-5.4368334,-0.9805188,-1.2226628,1.2895317,-11.828241
EFT:-12.433452,0.6351677,8.839648,2.7187777,-4.430055,-5.436834,-0.98052,-1.222659,1.289533,-11.828242
Random243
Raw:-12.433453,0.6351678,8.839649,2.7187774,-4.4300556,-5.4368343,-0.98052025,-1.2226604,1.2895322,-11.828243
EFT:-12.433452,0.6351677,8.839648,2.7187777,-4.430055,-5.436834,-0.98052,-1.222659,1.289533,-11.828242
Random244
Raw:-12.43345,0.6351605,8.8396435,2.7187738,-4.4300556,-5.4368343,-0.9805174,-1.2226712,1.2895297,-11.828248
EFT:-12.433452,0.6351677,8.839648,2.7187777,-4.430055,-5.436834,-0.98051995,-1.222659,1.289533,-11.828242
Random245
Raw:-12.433451,0.63516635,8.839646,2.718777,-4.430054,-5.4368343,-0.9805199,-1.2226626,1.2895309,-11.828243
EFT:-12.433452,0.6351677,8.839648,2.7187777,-4.430055,-5.436834,-0.98052,-1.2226589,1.289533,-11.828242
Random246
Raw:-12.43345,0.63516515,8.839646,2.7187762,-4.4300547,-5.4368334,-0.98051906,-1.2226633,1.2895316,-11.828245
EFT:-12.433452,0.6351677,8.839648,2.7187777,-4.430055,-5.436834,-0.98052,-1.222659,1.289533,-11.828242
Random247
Raw:-12.433449,0.63516575,8.839648,2.7187772,-4.4300537,-5.4368324,-0.9805188,-1.2226602,1.2895339,-11.828241
EFT:-12.433452,0.6351677,8.839648,2.7187777,-4.430055,-5.436834,-0.98051995,-1.222659,1.289533,-11.828242
Random248
Raw:-12.433454,0.63517076,8.839649,2.7187788,-4.4300547,-5.4368343,-0.9805217,-1.2226541,1.2895334,-11.8282385
EFT:-12.433452,0.6351677,8.839648,2.7187777,-4.430055,-5.436834,-0.98051995,-1.222659,1.289533,-11.828242
Random249
Raw:-12.43345,0.63516754,8.839648,2.7187772,-4.430054,-5.436833,-0.98052,-1.2226573,1.2895336,-11.828238
EFT:-12.433452,0.6351677,8.839648,2.7187777,-4.430055,-5.436834,-0.98052,-1.222659,1.289533,-11.828242
Random250
Raw:-12.433452,0.6351628,8.839642,2.7187743,-4.4300556,-5.436836,-0.98051924,-1.2226692,1.2895283,-11.828249
EFT:-12.433452,0.6351677,8.839648,2.7187777,-4.430055,-5.436834,-0.98051995,-1.2226589,1.289533,-11.828242
Random251
Raw:-12.433453,0.63516694,8.839648,2.7187767,-4.4300556,-5.436835,-0.9805201,-1.2226601,1.2895324,-11.828243
EFT:-12.433452,0.6351677,8.839648,2.7187777,-4.430055,-5.436834,-0.98052,-1.222659,1.289533,-11.828242
Random252
Raw:-12.43345,0.6351649,8.839646,2.7187757,-4.4300556,-5.436834,-0.9805194,-1.2226601,1.289533,-11.828241
EFT:-12.433452,0.6351677,8.839648,2.7187777,-4.430055,-5.436834,-0.98052,-1.222659,1.289533,-11.828242
Random253
Raw:-12.43345,0.6351666,8.839646,2.7187765,-4.4300537,-5.436834,-0.98052025,-1.2226595,1.2895322,-11.828239
EFT:-12.433452,0.6351677,8.839648,2.7187777,-4.430055,-5.436834,-0.98052,-1.222659,1.289533,-11.828242
Random254
Raw:-12.433451,0.63516754,8.839648,2.7187777,-4.430054,-5.4368334,-0.98052,-1.2226585,1.289533,-11.82824
EFT:-12.433452,0.6351677,8.839648,2.7187777,-4.430055,-5.436834,-0.98052,-1.222659,1.289533,-11.828242
Random255
Raw:-12.433452,0.6351635,8.839643,2.7187746,-4.4300566,-5.4368353,-0.9805194,-1.2226676,1.2895291,-11.828247
EFT:-12.433452,0.6351677,8.839648,2.7187777,-4.430055,-5.436834,-0.98051995,-1.2226589,1.2895331,-11.828242
Random256
Raw:-12.43345,0.635168,8.839648,2.7187777,-4.430053,-5.4368334,-0.9805206,-1.2226558,1.2895339,-11.828237
EFT:-12.433452,0.6351677,8.839648,2.7187777,-4.430055,-5.436834,-0.98052,-1.222659,1.289533,-11.828242
Random257
Raw:-12.433449,0.6351703,8.839652,2.7187786,-4.430052,-5.4368315,-0.98052096,-1.2226495,1.2895362,-11.828231
EFT:-12.433452,0.6351677,8.839648,2.7187777,-4.430055,-5.436834,-0.98052,-1.222659,1.289533,-11.828242
Random258
Raw:-12.43345,0.63516754,8.839648,2.7187772,-4.4300547,-5.436834,-0.98052025,-1.2226582,1.2895331,-11.82824
EFT:-12.433452,0.6351677,8.839648,2.7187777,-4.430055,-5.436834,-0.98051995,-1.222659,1.289533,-11.828242
Random259
Raw:-12.43345,0.6351616,8.8396435,2.7187738,-4.4300556,-5.4368353,-0.9805187,-1.2226663,1.2895308,-11.828243
EFT:-12.433452,0.6351677,8.839648,2.7187777,-4.430055,-5.436834,-0.98052,-1.2226589,1.289533,-11.828242
Random260
Raw:-12.433451,0.6351693,8.839651,2.7187786,-4.430053,-5.4368334,-0.9805205,-1.222655,1.2895346,-11.8282385
EFT:-12.433452,0.6351677,8.839648,2.7187777,-4.430055,-5.436834,-0.98052,-1.222659,1.289533,-11.828242
Random261
Raw:-12.433452,0.6351672,8.839647,2.7187777,-4.4300547,-5.436835,-0.98052,-1.222662,1.2895317,-11.828245
EFT:-12.433452,0.6351677,8.839648,2.7187777,-4.430055,-5.436834,-0.98052,-1.222659,1.289533,-11.828242
Random262
Raw:-12.433452,0.6351637,8.839645,2.7187765,-4.4300556,-5.4368343,-0.98051834,-1.2226679,1.2895303,-11.828249
EFT:-12.433452,0.6351677,8.839648,2.7187777,-4.430055,-5.436834,-0.98051995,-1.222659,1.289533,-11.828242
Random263
Raw:-12.43345,0.6351662,8.839647,2.718776,-4.430055,-5.436834,-0.98052,-1.222659,1.289533,-11.8282385
EFT:-12.433452,0.6351677,8.839648,2.7187777,-4.430055,-5.436834,-0.98052,-1.222659,1.289533,-11.828242
Random264
Raw:-12.43345,0.63516563,8.839646,2.7187765,-4.4300537,-5.436834,-0.98051906,-1.2226627,1.2895317,-11.828242
EFT:-12.433452,0.6351677,8.839648,2.7187777,-4.430055,-5.436834,-0.98052,-1.222659,1.2895331,-11.828242
Random265
Raw:-12.433452,0.6351672,8.839649,2.718777,-4.4300556,-5.436834,-0.98052037,-1.222659,1.2895327,-11.828241
EFT:-12.433452,0.6351677,8.839648,2.7187777,-4.430055,-5.436834,-0.98051995,-1.222659,1.289533,-11.828242
Random266
Raw:-12.433447,0.63516587,8.83965,2.7187767,-4.430053,-5.4368315,-0.9805188,-1.2226558,1.289536,-11.828236
EFT:-12.433452,0.6351677,8.839648,2.7187777,-4.430055,-5.436834,-0.98051995,-1.222659,1.2895331,-11.828242
Random267
Raw:-12.433449,0.63516444,8.8396435,2.7187738,-4.4300556,-5.436835,-0.9805199,-1.2226615,1.2895316,-11.828241
EFT:-12.433452,0.6351677,8.839648,2.7187777,-4.430055,-5.436834,-0.98052,-1.222659,1.289533,-11.828242
Random268
Raw:-12.43345,0.6351685,8.839651,2.7187786,-4.430054,-5.436834,-0.98052007,-1.2226565,1.2895343,-11.82824
EFT:-12.433452,0.6351677,8.839648,2.7187777,-4.430055,-5.436834,-0.98052,-1.222659,1.289533,-11.828242
Random269
Raw:-12.433451,0.6351642,8.839644,2.7187757,-4.430055,-5.436835,-0.9805198,-1.2226642,1.2895303,-11.828244
EFT:-12.433452,0.6351677,8.839648,2.7187777,-4.430055,-5.436834,-0.98052,-1.222659,1.289533,-11.828242
Random270
Raw:-12.433453,0.6351661,8.839647,2.7187767,-4.430055,-5.436835,-0.9805194,-1.2226628,1.289532,-11.828245
EFT:-12.433452,0.6351677,8.839648,2.7187777,-4.430055,-5.436834,-0.98052,-1.222659,1.289533,-11.828242
Random271
Raw:-12.433452,0.63516587,8.839646,2.7187774,-4.430055,-5.436836,-0.9805193,-1.2226654,1.289531,-11.828247
EFT:-12.433452,0.6351677,8.839648,2.7187777,-4.430055,-5.436834,-0.98052,-1.222659,1.289533,-11.828242
Random272
Raw:-12.433451,0.63516456,8.839645,2.7187755,-4.4300556,-5.436834,-0.9805192,-1.222664,1.2895312,-11.828245
EFT:-12.433452,0.6351677,8.839648,2.7187777,-4.430055,-5.436834,-0.98052,-1.222659,1.289533,-11.828242
Random273
Raw:-12.433452,0.6351648,8.839645,2.7187762,-4.4300556,-5.4368343,-0.9805193,-1.2226657,1.2895303,-11.828248
EFT:-12.433452,0.6351677,8.839648,2.7187777,-4.430055,-5.436834,-0.98052,-1.222659,1.289533,-11.828242
Random274
Raw:-12.433454,0.63516945,8.839649,2.718779,-4.430055,-5.436836,-0.9805211,-1.2226604,1.2895312,-11.828246
EFT:-12.433452,0.6351677,8.839648,2.7187777,-4.430055,-5.436834,-0.98052,-1.222659,1.289533,-11.828242
Random275
Raw:-12.433453,0.63516754,8.839647,2.7187774,-4.4300547,-5.4368343,-0.9805201,-1.2226595,1.2895324,-11.828241
EFT:-12.433452,0.6351677,8.839648,2.7187777,-4.430055,-5.436834,-0.98052,-1.222659,1.289533,-11.828242
Random276
Raw:-12.433451,0.6351697,8.839648,2.7187786,-4.4300537,-5.4368343,-0.9805211,-1.2226571,1.2895327,-11.828239
EFT:-12.433452,0.6351677,8.839648,2.7187777,-4.430055,-5.436834,-0.98052,-1.2226589,1.289533,-11.828242
Random277
Raw:-12.433452,0.6351654,8.839643,2.7187757,-4.430057,-5.4368343,-0.9805201,-1.2226653,1.2895303,-11.828246
EFT:-12.433452,0.6351677,8.839648,2.7187777,-4.430055,-5.436834,-0.98052,-1.222659,1.289533,-11.828242
Random278
Raw:-12.433451,0.63516575,8.839644,2.718776,-4.430055,-5.436834,-0.9805194,-1.2226632,1.2895311,-11.828243
EFT:-12.433452,0.6351677,8.839648,2.7187777,-4.430055,-5.436834,-0.98052,-1.222659,1.289533,-11.828242
Random279
Raw:-12.433448,0.63516444,8.839647,2.7187767,-4.4300547,-5.4368324,-0.98051846,-1.2226628,1.2895329,-11.828243
EFT:-12.433452,0.6351677,8.839648,2.7187777,-4.430055,-5.436834,-0.98052,-1.222659,1.289533,-11.828242
Random280
Raw:-12.433451,0.6351622,8.839644,2.718776,-4.4300566,-5.4368353,-0.9805176,-1.2226712,1.2895298,-11.828252
EFT:-12.433452,0.6351677,8.839648,2.7187777,-4.430055,-5.436834,-0.98052,-1.222659,1.289533,-11.828242
Random281
Raw:-12.43345,0.63516754,8.839647,2.7187774,-4.4300537,-5.436834,-0.98052025,-1.2226584,1.2895331,-11.828241
EFT:-12.433452,0.6351677,8.839648,2.7187777,-4.430055,-5.436834,-0.98052,-1.222659,1.289533,-11.828242
Random282
Raw:-12.433452,0.63516587,8.839646,2.7187767,-4.430055,-5.4368343,-0.9805199,-1.2226622,1.2895315,-11.828243
EFT:-12.433452,0.6351677,8.839648,2.7187777,-4.430055,-5.436834,-0.98052,-1.222659,1.289533,-11.828242
Random283
Raw:-12.433451,0.63516206,8.839645,2.7187753,-4.430057,-5.4368353,-0.98051775,-1.2226708,1.28953,-11.828251
EFT:-12.433452,0.6351677,8.839648,2.7187777,-4.430055,-5.436834,-0.98051995,-1.222659,1.289533,-11.828242
Random284
Raw:-12.433451,0.6351642,8.839645,2.7187762,-4.4300547,-5.4368343,-0.9805182,-1.2226673,1.2895304,-11.828248
EFT:-12.433452,0.6351677,8.839648,2.7187777,-4.430055,-5.436834,-0.98052,-1.222659,1.289533,-11.828242
Random285
Raw:-12.433453,0.63516456,8.839646,2.7187765,-4.4300556,-5.4368353,-0.9805187,-1.2226667,1.2895308,-11.828249
EFT:-12.433452,0.6351677,8.839648,2.7187777,-4.430055,-5.436834,-0.98051995,-1.222659,1.289533,-11.828242
Random286
Raw:-12.433451,0.6351637,8.839644,2.718775,-4.430055,-5.4368343,-0.9805186,-1.2226666,1.2895305,-11.828246
EFT:-12.433452,0.6351677,8.839648,2.7187777,-4.430055,-5.436834,-0.98051995,-1.222659,1.2895331,-11.828242
Random287
Raw:-12.433451,0.63516635,8.839646,2.7187765,-4.4300547,-5.436835,-0.9805201,-1.2226602,1.2895322,-11.82824
EFT:-12.433452,0.6351677,8.839648,2.7187777,-4.430055,-5.436834,-0.98051995,-1.222659,1.289533,-11.828242
Random288
Raw:-12.43345,0.6351653,8.839648,2.7187765,-4.4300547,-5.4368334,-0.98051894,-1.2226598,1.2895339,-11.82824
EFT:-12.433452,0.6351677,8.839648,2.7187777,-4.430055,-5.436834,-0.98052,-1.2226589,1.2895331,-11.828242
Random289
Raw:-12.433453,0.6351673,8.839646,2.7187765,-4.4300556,-5.4368353,-0.9805206,-1.2226614,1.289531,-11.828243
EFT:-12.433452,0.6351677,8.839648,2.7187777,-4.430055,-5.436834,-0.98052,-1.2226589,1.289533,-11.828242
Random290
Raw:-12.433451,0.6351678,8.83965,2.7187781,-4.430053,-5.4368324,-0.9805196,-1.2226559,1.289535,-11.828238
EFT:-12.433452,0.6351677,8.839648,2.7187777,-4.430055,-5.436834,-0.98052,-1.222659,1.289533,-11.828242
Random291
Raw:-12.433452,0.63516706,8.839649,2.7187772,-4.430055,-5.4368343,-0.98051995,-1.222659,1.2895336,-11.828241
EFT:-12.433452,0.6351677,8.839648,2.7187777,-4.430055,-5.436834,-0.98052,-1.222659,1.289533,-11.828242
Random292
Raw:-12.433451,0.63516897,8.83965,2.718778,-4.4300537,-5.4368343,-0.9805206,-1.2226557,1.2895341,-11.828238
EFT:-12.433452,0.6351677,8.839648,2.7187777,-4.430055,-5.436834,-0.98052,-1.2226589,1.289533,-11.828242
Random293
Raw:-12.43345,0.6351616,8.8396435,2.7187753,-4.430056,-5.4368343,-0.980518,-1.2226698,1.28953,-11.828249
EFT:-12.433452,0.6351677,8.839648,2.7187777,-4.430055,-5.436834,-0.98052,-1.222659,1.289533,-11.828242
Random294
Raw:-12.433453,0.63516563,8.839647,2.7187762,-4.4300556,-5.4368353,-0.9805196,-1.2226638,1.2895312,-11.828246
EFT:-12.433452,0.6351677,8.839648,2.7187777,-4.430055,-5.436834,-0.98052,-1.222659,1.289533,-11.828242
Random295
Raw:-12.433451,0.63516825,8.83965,2.7187784,-4.4300547,-5.436834,-0.9805201,-1.2226585,1.2895333,-11.828241
EFT:-12.433452,0.6351677,8.839648,2.7187777,-4.430055,-5.436834,-0.98051995,-1.222659,1.2895331,-11.828242
Random296
Raw:-12.433451,0.63516754,8.839649,2.718778,-4.4300547,-5.436834,-0.98051995,-1.2226593,1.2895328,-11.828243
EFT:-12.433452,0.6351677,8.839648,2.7187777,-4.430055,-5.436834,-0.98051995,-1.222659,1.289533,-11.828242
Random297
Raw:-12.433452,0.6351678,8.839647,2.7187772,-4.4300556,-5.436835,-0.9805203,-1.2226598,1.2895327,-11.828243
EFT:-12.433452,0.6351677,8.839648,2.7187777,-4.430055,-5.436834,-0.98052,-1.222659,1.289533,-11.828242
Random298
Raw:-12.433452,0.63516754,8.839649,2.7187772,-4.430055,-5.4368343,-0.9805203,-1.2226586,1.2895331,-11.828241
EFT:-12.433452,0.6351677,8.839648,2.7187777,-4.430055,-5.436834,-0.98052,-1.2226589,1.289533,-11.828242
Random299
Raw:-12.433451,0.6351685,8.83965,2.718778,-4.4300537,-5.436834,-0.98052037,-1.2226577,1.2895331,-11.828239
EFT:-12.433452,0.6351677,8.839648,2.7187777,-4.430055,-5.436834,-0.98052,-1.222659,1.289533,-11.828242
Random300
Raw:-12.433448,0.6351629,8.839644,2.7187755,-4.430055,-5.4368334,-0.980518,-1.2226677,1.2895309,-11.828247
EFT:-12.433452,0.6351677,8.839648,2.7187777,-4.430055,-5.436834,-0.98052,-1.222659,1.289533,-11.828242
