Ascend
Raw:12.25,14.6875,15.5,15.1875,11.3125,13.375,11.125,16.125,17,12.8125
EFT:12.3125,14.75,15.625,15.25,11.375,13.5,11.125,16.25,17,12.875
Descend
Raw:12.6875,15.1875,15.9375,15.75,11.75,13.875,11.5,16.75,17.5,13.375
EFT:12.375,14.75,15.625,15.25,11.4375,13.5,11.25,16.25,17.125,13
Random1
Raw:12.5,14.9375,15.6875,15.4375,11.5625,13.625,11.375,16.5,17.25,13.125
EFT:12.3125,14.75,15.625,15.25,11.375,13.5,11.125,16.25,17,12.875
Random2
Raw:12.5625,15.0625,15.8125,15.5625,11.625,13.75,11.4375,16.625,17.25,13.25
EFT:12.3125,14.75,15.625,15.25,11.375,13.5,11.125,16.25,17,12.875
Random3
Raw:12.4375,14.9375,15.6875,15.5,11.5,13.625,11.375,16.5,17.25,13.125
EFT:12.375,14.75,15.625,15.25,11.4375,13.5,11.25,16.25,17.125,13
Random4
Raw:12.5625,14.9375,15.8125,15.5,11.625,13.6875,11.375,16.5,17.25,13.1875
EFT:12.3125,14.75,15.625,15.25,11.375,13.5,11.125,16.25,17,12.875
Random5
Raw:12.6875,15.3125,16.125,15.625,11.75,13.875,11.5,16.75,17.5,13.25
EFT:12.3125,14.75,15.625,15.25,11.375,13.5,11.125,16.25,17,12.875
Random6
Raw:12.1875,14.625,15.4375,15.125,11.25,13.375,11.125,16.125,16.875,12.75
EFT:12.375,14.75,15.625,15.25,11.4375,13.5,11.25,16.25,17.125,13
Random7
Raw:12.6875,15.1875,15.9375,15.75,11.75,13.875,11.5625,16.75,17.375,13.4375
EFT:12.3125,14.75,15.625,15.25,11.375,13.5,11.125,16.25,17,12.875
Random8
Raw:12.5625,15,15.8125,15.5,11.625,13.6875,11.375,16.5,17.25,13.125
EFT:12.3125,14.75,15.625,15.25,11.375,13.5,11.125,16.25,17,12.875
Random9
Raw:12.4375,14.875,15.6875,15.375,11.5,13.625,11.25,16.5,17.125,13.125
EFT:12.3125,14.75,15.625,15.25,11.375,13.5,11.125,16.25,17,12.875
Random10
Raw:12.9375,15.4375,16.375,15.875,11.9375,14.125,11.75,17,17.625,13.5
EFT:12.375,14.75,15.625,15.25,11.4375,13.5,11.25,16.25,17.125,13
Random11
Raw:12.625,15.0625,15.9375,15.5625,11.625,13.75,11.5,16.625,17.375,13.25
EFT:12.3125,14.75,15.625,15.25,11.375,13.5,11.125,16.25,17,12.875
Random12
Raw:12.5625,15.0625,15.9375,15.5,11.625,13.75,11.375,16.5,17.25,13.1875
EFT:12.3125,14.75,15.625,15.25,11.375,13.5,11.125,16.25,17,12.875
Random13
Raw:12.4375,14.875,15.6875,15.375,11.5,13.5625,11.25,16.375,17.125,13.0625
EFT:12.3125,14.75,15.625,15.25,11.375,13.5,11.125,16.25,17,12.875
Random14
Raw:12.1875,14.5625,15.4375,15.125,11.25,13.3125,11.0625,15.9375,16.875,12.75
EFT:12.375,14.75,15.625,15.25,11.4375,13.5,11.25,16.25,17.125,13
Random15
Raw:12.4375,14.8125,15.6875,15.3125,11.4375,13.5,11.25,16.25,17.125,12.9375
EFT:12.3125,14.75,15.625,15.25,11.375,13.5,11.125,16.25,17,12.875
Random16
Raw:12.4375,14.9375,15.6875,15.375,11.5,13.625,11.25,16.375,17.125,13
EFT:12.3125,14.75,15.625,15.25,11.375,13.5,11.125,16.25,17,12.875
Random17
Raw:12.8125,15.3125,16.25,15.875,11.8125,13.9375,11.625,16.75,17.5,13.3125
EFT:12.3125,14.75,15.625,15.25,11.375,13.5,11.125,16.25,17,12.875
Random18
Raw:12.4375,14.8125,15.6875,15.375,11.5,13.5625,11.25,16.375,17.125,13
EFT:12.3125,14.75,15.625,15.25,11.375,13.5,11.125,16.25,17,12.875
Random19
Raw:12.0625,14.375,15.1875,14.875,11.125,13.125,10.875,15.8125,16.75,12.5625
EFT:12.3125,14.75,15.625,15.25,11.375,13.5,11.125,16.25,17,12.875
Random20
Raw:12.5625,15.0625,15.9375,15.5,11.625,13.75,11.375,16.5,17.25,13.1875
EFT:12.3125,14.75,15.625,15.25,11.375,13.5,11.125,16.25,17,12.875
Random21
Raw:12.375,14.8125,15.625,15.3125,11.5,13.5,11.25,16.375,17.125,13.0625
EFT:12.3125,14.75,15.625,15.25,11.375,13.5,11.125,16.25,17,12.875
Random22
Raw:12.4375,14.8125,15.6875,15.3125,11.4375,13.5,11.25,16.25,17.125,12.875
EFT:12.3125,14.75,15.625,15.25,11.375,13.5,11.125,16.25,17,12.875
Random23
Raw:12.5625,15,15.9375,15.5,11.625,13.75,11.375,16.5,17.25,13.125
EFT:12.375,14.75,15.625,15.25,11.4375,13.5,11.25,16.25,17.125,13
Random24
Raw:12.25,14.5625,15.5,15.125,11.3125,13.375,11.125,16.125,16.875,12.75
EFT:12.3125,14.75,15.625,15.25,11.375,13.5,11.125,16.25,17,12.875
Random25
Raw:12.4375,14.875,15.6875,15.375,11.5,13.5625,11.3125,16.5,17.125,13.0625
EFT:12.375,14.75,15.625,15.25,11.4375,13.5,11.25,16.25,17.125,13
Random26
Raw:12.3125,14.75,15.5625,15.25,11.375,13.4375,11.1875,16.25,17,13
EFT:12.3125,14.75,15.625,15.25,11.375,13.5,11.125,16.25,17,12.875
Random27
Raw:12.375,14.8125,15.6875,15.375,11.5,13.5625,11.25,16.25,17.125,13
EFT:12.3125,14.75,15.625,15.25,11.375,13.5,11.125,16.25,17,12.875
Random28
Raw:12.6875,15.0625,15.9375,15.625,11.75,13.8125,11.5,16.75,17.375,13.375
EFT:12.3125,14.75,15.625,15.25,11.375,13.5,11.125,16.25,17,12.875
Random29
Raw:12.375,14.8125,15.6875,15.375,11.5,13.5625,11.25,16.25,17.125,13
EFT:12.3125,14.75,15.625,15.25,11.375,13.5,11.125,16.25,17,12.875
Random30
Raw:12.5,14.9375,15.8125,15.375,11.5,13.625,11.375,16.5,17.25,13.0625
EFT:12.375,14.75,15.625,15.25,11.4375,13.5,11.25,16.25,17.125,13
Random31
Raw:12.5,14.9375,15.8125,15.5,11.625,13.6875,11.375,16.5,17.25,13.0625
EFT:12.3125,14.75,15.625,15.25,11.375,13.5,11.125,16.25,17,12.875
Random32
Raw:12.375,14.8125,15.625,15.3125,11.5,13.5,11.25,16.25,17.125,13
EFT:12.3125,14.75,15.625,15.25,11.375,13.5,11.125,16.25,17,12.875
Random33
Raw:12.5625,15,15.8125,15.5,11.5625,13.625,11.375,16.5,17.25,13.125
EFT:12.375,14.75,15.625,15.25,11.4375,13.5,11.25,16.25,17.125,13
Random34
Raw:12.1875,14.5625,15.375,15.0625,11.25,13.25,11,15.9375,16.875,12.6875
EFT:12.3125,14.75,15.625,15.25,11.375,13.5,11.125,16.25,17,12.875
Random35
Raw:12.9375,15.5625,16.375,16,12,14.125,11.75,17,17.625,13.5
EFT:12.3125,14.75,15.625,15.25,11.375,13.5,11.125,16.25,17,12.875
Random36
Raw:12.3125,14.6875,15.5625,15.25,11.375,13.4375,11.1875,16.25,17,12.875
EFT:12.3125,14.75,15.625,15.25,11.375,13.5,11.125,16.25,17,12.875
Random37
Raw:12.5,14.9375,15.8125,15.375,11.5,13.625,11.375,16.5,17.25,13.0625
EFT:12.3125,14.75,15.625,15.25,11.375,13.5,11.125,16.25,17,12.875
Random38
Raw:12.4375,14.9375,15.8125,15.375,11.5,13.625,11.3125,16.5,17.125,13
EFT:12.3125,14.75,15.625,15.25,11.375,13.5,11.125,16.25,17,12.875
Random39
Raw:12.6875,15.1875,15.9375,15.625,11.75,13.8125,11.5,16.75,17.375,13.3125
EFT:12.3125,14.75,15.625,15.25,11.375,13.5,11.125,16.25,17,12.875
Random40
Raw:12.1875,14.5625,15.4375,15.125,11.25,13.3125,11.0625,15.9375,16.875,12.75
EFT:12.3125,14.75,15.625,15.25,11.375,13.5,11.125,16.25,17,12.875
Random41
Raw:12.5625,15.0625,15.8125,15.5,11.625,13.75,11.375,16.5,17.25,13.0625
EFT:12.3125,14.75,15.625,15.25,11.375,13.5,11.125,16.25,17,12.875
Random42
Raw:12.6875,15.0625,16.125,15.625,11.75,13.875,11.5,16.75,17.375,13.1875
EFT:12.3125,14.75,15.625,15.25,11.375,13.5,11.125,16.25,17,12.875
Random43
Raw:12.5625,15,15.8125,15.5,11.625,13.6875,11.375,16.5,17.25,13.125
EFT:12.3125,14.75,15.625,15.25,11.375,13.5,11.125,16.25,17,12.875
Random44
Raw:12.4375,14.8125,15.6875,15.375,11.5,13.5,11.25,16.375,17.125,13
EFT:12.3125,14.75,15.625,15.25,11.375,13.5,11.125,16.25,17,12.875
Random45
Raw:12.875,15.4375,16.25,15.875,11.875,14.0625,11.75,17,17.625,13.4375
EFT:12.3125,14.75,15.625,15.25,11.375,13.5,11.125,16.25,17,12.875
Random46
Raw:12.8125,15.3125,16.25,15.875,11.8125,13.9375,11.625,16.75,17.5,13.3125
EFT:12.3125,14.75,15.625,15.25,11.375,13.5,11.125,16.25,17,12.875
Random47
Raw:12.5625,15,15.9375,15.5,11.625,13.6875,11.375,16.5,17.25,13.125
EFT:12.3125,14.75,15.625,15.25,11.375,13.5,11.125,16.25,17,12.875
Random48
Raw:12.4375,14.8125,15.6875,15.375,11.5,13.5,11.25,16.375,17.125,13
EFT:12.3125,14.75,15.625,15.25,11.375,13.5,11.125,16.25,17,12.875
Random49
Raw:12.4375,14.875,15.6875,15.375,11.5,13.5625,11.25,16.375,17.125,13.0625
EFT:12.3125,14.75,15.625,15.25,11.375,13.5,11.125,16.25,17,12.875
Random50
Raw:12.5625,15,15.9375,15.5,11.625,13.75,11.375,16.5,17.25,13.125
EFT:12.3125,14.75,15.625,15.25,11.375,13.5,11.125,16.25,17,12.875
Random51
Raw:12.3125,14.6875,15.5625,15.25,11.375,13.375,11.125,16.25,17,12.875
EFT:12.375,14.75,15.625,15.25,11.4375,13.5,11.25,16.25,17.125,13
Random52
Raw:12.3125,14.6875,15.5625,15.1875,11.375,13.375,11.125,16.25,17,12.875
EFT:12.375,14.75,15.625,15.25,11.4375,13.5,11.25,16.25,17.125,13
Random53
Raw:12.5625,14.9375,15.8125,15.5,11.625,13.6875,11.375,16.5,17.25,13.1875
EFT:12.3125,14.75,15.625,15.25,11.375,13.5,11.125,16.25,17,12.875
Random54
Raw:12.4375,14.8125,15.6875,15.375,11.5,13.5,11.25,16.375,17.125,13
EFT:12.3125,14.75,15.625,15.25,11.375,13.5,11.125,16.25,17,12.875
Random55
Raw:12.5625,15,15.8125,15.5,11.625,13.6875,11.375,16.5,17.25,13.125
EFT:12.3125,14.75,15.625,15.25,11.375,13.5,11.125,16.25,17,12.875
Random56
Raw:12.5625,15,15.8125,15.5,11.5625,13.625,11.375,16.5,17.25,13.125
EFT:12.3125,14.75,15.625,15.25,11.375,13.5,11.125,16.25,17,12.875
Random57
Raw:12.3125,14.8125,15.625,15.3125,11.375,13.5,11.25,16.25,17.125,12.875
EFT:12.3125,14.75,15.625,15.25,11.375,13.5,11.125,16.25,17,12.875
Random58
Raw:12.5625,15.0625,15.8125,15.5625,11.625,13.75,11.4375,16.625,17.25,13.25
EFT:12.3125,14.75,15.625,15.25,11.375,13.5,11.125,16.25,17,12.875
Random59
Raw:12.375,14.8125,15.6875,15.375,11.5,13.5625,11.25,16.25,17.125,13
EFT:12.3125,14.75,15.625,15.25,11.375,13.5,11.125,16.25,17,12.875
Random60
Raw:12.6875,15.1875,15.9375,15.625,11.75,13.8125,11.5,16.75,17.375,13.25
EFT:12.375,14.75,15.625,15.25,11.4375,13.5,11.25,16.25,17.125,13
Random61
Raw:12.5625,15.0625,15.9375,15.625,11.6875,13.75,11.375,16.625,17.375,13.3125
EFT:12.3125,14.75,15.625,15.25,11.375,13.5,11.125,16.25,17,12.875
Random62
Raw:12.5625,15.0625,15.9375,15.625,11.625,13.75,11.4375,16.5,17.25,13.125
EFT:12.3125,14.75,15.625,15.25,11.375,13.5,11.125,16.25,17,12.875
Random63
Raw:12.6875,15.1875,16.125,15.625,11.75,13.875,11.5,16.75,17.375,13.3125
EFT:12.3125,14.75,15.625,15.25,11.375,13.5,11.125,16.25,17,12.875
Random64
Raw:12.5625,14.9375,15.8125,15.5,11.625,13.6875,11.375,16.5,17.25,13.1875
EFT:12.3125,14.75,15.625,15.25,11.375,13.5,11.125,16.25,17,12.875
Random65
Raw:12.75,15.3125,16.25,15.75,11.8125,13.9375,11.625,16.75,17.5,13.375
EFT:12.3125,14.75,15.625,15.25,11.375,13.5,11.125,16.25,17,12.875
Random66
Raw:12.25,14.6875,15.5,15.1875,11.3125,13.375,11.125,16.125,17,12.8125
EFT:12.3125,14.75,15.625,15.25,11.375,13.5,11.125,16.25,17,12.875
Random67
Raw:12.5625,14.9375,15.8125,15.5,11.625,13.6875,11.375,16.5,17.25,13.25
EFT:12.3125,14.75,15.625,15.25,11.375,13.5,11.125,16.25,17,12.875
Random68
Raw:12.4375,14.875,15.6875,15.375,11.5,13.5625,11.25,16.375,17.125,13.0625
EFT:12.3125,14.75,15.625,15.25,11.375,13.5,11.125,16.25,17,12.875
Random69
Raw:12.5625,14.9375,15.8125,15.5,11.625,13.6875,11.375,16.5,17.25,13.25
EFT:12.3125,14.75,15.625,15.25,11.375,13.5,11.125,16.25,17,12.875
Random70
Raw:12.4375,14.9375,15.6875,15.5,11.5,13.625,11.375,16.5,17.25,13.125
EFT:12.3125,14.75,15.625,15.25,11.375,13.5,11.125,16.25,17,12.875
Random71
Raw:12.0625,14.4375,15.25,14.875,11.125,13.125,10.9375,15.6875,16.75,12.5
EFT:12.3125,14.75,15.625,15.25,11.375,13.5,11.125,16.25,17,12.875
Random72
Raw:12.3125,14.6875,15.5625,15.25,11.375,13.5,11.125,16.25,17,12.875
EFT:12.3125,14.75,15.625,15.25,11.375,13.5,11.125,16.25,17,12.875
Random73
Raw:12.5,14.9375,15.6875,15.4375,11.5625,13.625,11.375,16.5,17.25,13.125
EFT:12.3125,14.75,15.625,15.25,11.375,13.5,11.125,16.25,17,12.875
Random74
Raw:12.3125,14.75,15.5625,15.25,11.375,13.5,11.1875,16.25,17,12.9375
EFT:12.3125,14.75,15.625,15.25,11.375,13.5,11.125,16.25,17,12.875
Random75
Raw:12.5625,15.0625,15.8125,15.5625,11.625,13.75,11.4375,16.625,17.25,13.25
EFT:12.3125,14.75,15.625,15.25,11.375,13.5,11.125,16.25,17,12.875
Random76
Raw:12.1875,14.5625,15.4375,15.0625,11.25,13.25,11.0625,15.9375,16.875,12.8125
EFT:12.3125,14.75,15.625,15.25,11.375,13.5,11.125,16.25,17,12.875
Random77
Raw:12.3125,14.6875,15.5625,15.25,11.375,13.4375,11.125,16.25,17,12.875
EFT:12.3125,14.75,15.625,15.25,11.375,13.5,11.125,16.25,17,12.875
Random78
Raw:12.625,15.0625,15.9375,15.5625,11.625,13.75,11.4375,16.625,17.375,13.25
EFT:12.3125,14.75,15.625,15.25,11.375,13.5,11.125,16.25,17,12.875
Random79
Raw:12.3125,14.6875,15.5625,15.25,11.375,13.375,11.125,16.25,17,12.875
EFT:12.3125,14.75,15.625,15.25,11.375,13.5,11.125,16.25,17,12.875
Random80
Raw:12.5625,14.9375,15.8125,15.5,11.625,13.625,11.375,16.5,17.25,13.1875
EFT:12.3125,14.75,15.625,15.25,11.375,13.5,11.125,16.25,17,12.875
Random81
Raw:12.875,15.3125,16.25,15.875,11.9375,14.0625,11.6875,17,17.625,13.5625
EFT:12.375,14.75,15.625,15.25,11.4375,13.5,11.25,16.25,17.125,13
Random82
Raw:12.4375,14.9375,15.6875,15.375,11.5,13.625,11.25,16.375,17.125,13
EFT:12.3125,14.75,15.625,15.25,11.375,13.5,11.125,16.25,17,12.875
Random83
Raw:12.25,14.6875,15.5,15.1875,11.3125,13.375,11.125,16.125,17,12.75
EFT:12.3125,14.75,15.625,15.25,11.375,13.5,11.125,16.25,17,12.875
Random84
Raw:12.375,14.8125,15.625,15.3125,11.5,13.5,11.25,16.25,17.125,13
EFT:12.3125,14.75,15.625,15.25,11.375,13.5,11.125,16.25,17,12.875
Random85
Raw:12.75,15.3125,16.125,15.75,11.75,13.875,11.625,16.75,17.5,13.25
EFT:12.3125,14.75,15.625,15.25,11.375,13.5,11.125,16.25,17,12.875
Random86
Raw:12.6875,15.0625,15.9375,15.625,11.75,13.8125,11.5,16.75,17.375,13.25
EFT:12.375,14.75,15.625,15.25,11.4375,13.5,11.25,16.25,17.125,13
Random87
Raw:12.3125,14.75,15.5625,15.25,11.375,13.5,11.1875,16.25,17,12.9375
EFT:12.3125,14.75,15.625,15.25,11.375,13.5,11.125,16.25,17,12.875
Random88
Raw:12.625,15.0625,15.9375,15.625,11.6875,13.75,11.5,16.625,17.375,13.1875
EFT:12.3125,14.75,15.625,15.25,11.375,13.5,11.125,16.25,17,12.875
Random89
Raw:12.625,15.0625,15.9375,15.5625,11.625,13.75,11.5,16.625,17.375,13.25
EFT:12.3125,14.75,15.625,15.25,11.375,13.5,11.125,16.25,17,12.875
Random90
Raw:12.8125,15.3125,16.25,15.75,11.8125,14,11.625,16.75,17.5,13.25
EFT:12.375,14.75,15.625,15.25,11.4375,13.5,11.25,16.25,17.125,13
Random91
Raw:12.4375,14.8125,15.6875,15.375,11.5,13.5,11.25,16.375,17.125,13
EFT:12.375,14.75,15.625,15.25,11.4375,13.5,11.25,16.25,17.125,13
Random92
Raw:12.5,14.9375,15.8125,15.5,11.625,13.6875,11.375,16.5,17.25,13.0625
EFT:12.3125,14.75,15.625,15.25,11.375,13.5,11.125,16.25,17,12.875
Random93
Raw:12.5625,15.0625,15.9375,15.5,11.625,13.75,11.375,16.5,17.25,13.1875
EFT:12.3125,14.75,15.625,15.25,11.375,13.5,11.125,16.25,17,12.875
Random94
Raw:12.1875,14.6875,15.4375,15.125,11.375,13.375,11.125,16.125,17,12.875
EFT:12.3125,14.75,15.625,15.25,11.375,13.5,11.125,16.25,17,12.875
Random95
Raw:12.4375,14.8125,15.6875,15.375,11.5,13.5,11.25,16.375,17.125,13
EFT:12.3125,14.75,15.625,15.25,11.375,13.5,11.125,16.25,17,12.875
Random96
Raw:12.5625,15.0625,15.9375,15.5625,11.625,13.75,11.375,16.5,17.25,13.0625
EFT:12.3125,14.75,15.625,15.25,11.375,13.5,11.125,16.25,17,12.875
Random97
Raw:12.3125,14.75,15.5625,15.25,11.375,13.5,11.1875,16.25,17,12.9375
EFT:12.3125,14.75,15.625,15.25,11.375,13.5,11.125,16.25,17,12.875
Random98
Raw:12.5625,15,15.8125,15.5,11.5625,13.625,11.375,16.5,17.25,13.125
EFT:12.375,14.75,15.625,15.25,11.4375,13.5,11.25,16.25,17.125,13
Random99
Raw:12.625,15.0625,15.9375,15.625,11.6875,13.75,11.5,16.625,17.375,13.25
EFT:12.3125,14.75,15.625,15.25,11.375,13.5,11.125,16.25,17,12.875
Random100
Raw:12.3125,14.6875,15.5625,15.25,11.375,13.4375,11.1875,16.25,17,12.875
EFT:12.3125,14.75,15.625,15.25,11.375,13.5,11.125,16.25,17,12.875
Random101
Raw:12.6875,15.1875,15.9375,15.75,11.75,13.875,11.5625,16.75,17.375,13.4375
EFT:12.3125,14.75,15.625,15.25,11.375,13.5,11.125,16.25,17,12.875
Random102
Raw:12.3125,14.6875,15.5625,15.25,11.375,13.4375,11.125,16.25,17,12.875
EFT:12.3125,14.75,15.625,15.25,11.375,13.5,11.125,16.25,17,12.875
Random103
Raw:12.4375,14.8125,15.6875,15.375,11.5,13.5,11.25,16.375,17.125,13
EFT:12.3125,14.75,15.625,15.25,11.375,13.5,11.125,16.25,17,12.875
Random104
Raw:12.6875,15.1875,16.125,15.625,11.75,13.875,11.5,16.75,17.375,13.375
EFT:12.3125,14.75,15.625,15.25,11.375,13.5,11.125,16.25,17,12.875
Random105
Raw:12.5625,15,15.9375,15.5,11.625,13.6875,11.375,16.5,17.25,13.125
EFT:12.3125,14.75,15.625,15.25,11.375,13.5,11.125,16.25,17,12.875
Random106
Raw:12.625,15.0625,15.9375,15.5625,11.625,13.75,11.4375,16.625,17.375,13.25
EFT:12.3125,14.75,15.625,15.25,11.375,13.5,11.125,16.25,17,12.875
Random107
Raw:12.75,15.1875,16.125,15.75,11.75,13.875,11.5625,16.75,17.5,13.375
EFT:12.3125,14.75,15.625,15.25,11.375,13.5,11.125,16.25,17,12.875
Random108
Raw:12.5,14.9375,15.6875,15.4375,11.5625,13.625,11.375,16.5,17.25,13.125
EFT:12.3125,14.75,15.625,15.25,11.375,13.5,11.125,16.25,17,12.875
Random109
Raw:12.5625,15.0625,15.9375,15.625,11.625,13.75,11.4375,16.625,17.25,13.1875
EFT:12.3125,14.75,15.625,15.25,11.375,13.5,11.125,16.25,17,12.875
Random110
Raw:12.5,14.9375,15.8125,15.375,11.5,13.625,11.375,16.5,17.25,13.0625
EFT:12.375,14.75,15.625,15.25,11.4375,13.5,11.25,16.25,17.125,13
Random111
Raw:12.5625,14.9375,15.8125,15.5,11.625,13.625,11.375,16.5,17.25,13.1875
EFT:12.3125,14.75,15.625,15.25,11.375,13.5,11.125,16.25,17,12.875
Random112
Raw:11.9375,14.3125,15.1875,14.75,11.0625,13.0625,10.875,15.6875,16.625,12.5
EFT:12.3125,14.75,15.625,15.25,11.375,13.5,11.125,16.25,17,12.875
Random113
Raw:12.1875,14.6875,15.4375,15.125,11.375,13.375,11.125,16.125,17,12.875
EFT:12.3125,14.75,15.625,15.25,11.375,13.5,11.125,16.25,17,12.875
Random114
Raw:12.625,15.0625,15.9375,15.625,11.6875,13.75,11.5,16.625,17.375,13.125
EFT:12.3125,14.75,15.625,15.25,11.375,13.5,11.125,16.25,17,12.875
Random115
Raw:12.375,14.8125,15.625,15.3125,11.5,13.5,11.25,16.25,17.125,13
EFT:12.3125,14.75,15.625,15.25,11.375,13.5,11.125,16.25,17,12.875
Random116
Raw:12.375,14.8125,15.625,15.3125,11.5,13.5,11.25,16.25,17.125,13
EFT:12.3125,14.75,15.625,15.25,11.375,13.5,11.125,16.25,17,12.875
Random117
Raw:12.9375,15.4375,16.375,15.875,11.9375,14.0625,11.6875,17,17.625,13.5
EFT:12.3125,14.75,15.625,15.25,11.375,13.5,11.125,16.25,17,12.875
Random118
Raw:12.4375,14.875,15.6875,15.375,11.5,13.5625,11.25,16.375,17.125,13.0625
EFT:12.3125,14.75,15.625,15.25,11.375,13.5,11.125,16.25,17,12.875
Random119
Raw:12.5625,14.9375,15.8125,15.5,11.625,13.6875,11.375,16.5,17.25,13.1875
EFT:12.3125,14.75,15.625,15.25,11.375,13.5,11.125,16.25,17,12.875
Random120
Raw:12.3125,14.6875,15.5625,15.25,11.375,13.5,11.125,16.25,17,12.875
EFT:12.3125,14.75,15.625,15.25,11.375,13.5,11.125,16.25,17,12.875
Random121
Raw:12.6875,15.1875,16.125,15.625,11.75,13.875,11.5,16.75,17.375,13.5
EFT:12.3125,14.75,15.625,15.25,11.375,13.5,11.125,16.25,17,12.875
Random122
Raw:12.5625,14.9375,15.8125,15.5,11.625,13.625,11.375,16.5,17.25,13.1875
EFT:12.3125,14.75,15.625,15.25,11.375,13.5,11.125,16.25,17,12.875
Random123
Raw:12.5625,15.0625,15.8125,15.5625,11.625,13.6875,11.375,16.5,17.25,13.25
EFT:12.3125,14.75,15.625,15.25,11.375,13.5,11.125,16.25,17,12.875
Random124
Raw:12.5625,15.0625,15.9375,15.5625,11.625,13.75,11.4375,16.5,17.25,13.25
EFT:12.3125,14.75,15.625,15.25,11.375,13.5,11.125,16.25,17,12.875
Random125
Raw:12.5625,15,15.8125,15.5,11.5625,13.625,11.375,16.5,17.25,13.125
EFT:12.3125,14.75,15.625,15.25,11.375,13.5,11.125,16.25,17,12.875
Random126
Raw:12.3125,14.6875,15.5625,15.125,11.375,13.375,11.125,15.9375,17,12.625
EFT:12.3125,14.75,15.625,15.25,11.375,13.5,11.125,16.25,17,12.875
Random127
Raw:12.3125,14.6875,15.5625,15.25,11.375,13.5,11.125,16.25,17,12.875
EFT:12.3125,14.75,15.625,15.25,11.375,13.5,11.125,16.25,17,12.875
Random128
Raw:12.875,15.3125,16.375,15.875,11.875,14,11.6875,17,17.625,13.375
EFT:12.3125,14.75,15.625,15.25,11.375,13.5,11.125,16.25,17,12.875
Random129
Raw:12.5625,15.0625,15.9375,15.625,11.6875,13.75,11.375,16.625,17.375,13.3125
EFT:12.3125,14.75,15.625,15.25,11.375,13.5,11.125,16.25,17,12.875
Random130
Raw:12.3125,14.8125,15.625,15.3125,11.375,13.5,11.25,16.25,17.125,12.875
EFT:12.3125,14.75,15.625,15.25,11.375,13.5,11.125,16.25,17,12.875
Random131
Raw:12.75,15.1875,16.125,15.75,11.75,13.875,11.5625,16.75,17.5,13.375
EFT:12.3125,14.75,15.625,15.25,11.375,13.5,11.125,16.25,17,12.875
Random132
Raw:12.5625,15,15.9375,15.5,11.625,13.75,11.375,16.5,17.25,13.125
EFT:12.3125,14.75,15.625,15.25,11.375,13.5,11.125,16.25,17,12.875
Random133
Raw:12.5,14.9375,15.8125,15.375,11.5,13.625,11.375,16.5,17.25,13.0625
EFT:12.375,14.75,15.625,15.25,11.4375,13.5,11.25,16.25,17.125,13
Random134
Raw:12.4375,14.875,15.6875,15.375,11.5,13.5625,11.3125,16.5,17.125,13.0625
EFT:12.3125,14.75,15.625,15.25,11.375,13.5,11.125,16.25,17,12.875
Random135
Raw:12.375,14.75,15.6875,15.25,11.4375,13.5,11.25,16.25,17.125,13
EFT:12.3125,14.75,15.625,15.25,11.375,13.5,11.125,16.25,17,12.875
Random136
Raw:12.1875,14.5625,15.4375,15.0625,11.25,13.25,11.0625,15.9375,16.875,12.8125
EFT:12.3125,14.75,15.625,15.25,11.375,13.5,11.125,16.25,17,12.875
Random137
Raw:12.5625,15,15.8125,15.5,11.625,13.6875,11.375,16.5,17.25,13.25
EFT:12.3125,14.75,15.625,15.25,11.375,13.5,11.125,16.25,17,12.875
Random138
Raw:12.625,15.0625,15.9375,15.625,11.75,13.75,11.4375,16.75,17.375,13.375
EFT:12.3125,14.75,15.625,15.25,11.375,13.5,11.125,16.25,17,12.875
Random139
Raw:12.4375,14.8125,15.6875,15.375,11.5,13.5,11.25,16.375,17.125,13
EFT:12.3125,14.75,15.625,15.25,11.375,13.5,11.125,16.25,17,12.875
Random140
Raw:12.6875,15.0625,15.9375,15.625,11.75,13.8125,11.5,16.75,17.375,13.25
EFT:12.3125,14.75,15.625,15.25,11.375,13.5,11.125,16.25,17,12.875
Random141
Raw:12.5625,15.0625,15.9375,15.5,11.625,13.75,11.375,16.5,17.25,13.1875
EFT:12.375,14.75,15.625,15.25,11.4375,13.5,11.25,16.25,17.125,13
Random142
Raw:12.9375,15.5625,16.5,16,12,14.125,11.75,17,17.625,13.5
EFT:12.3125,14.75,15.625,15.25,11.375,13.5,11.125,16.25,17,12.875
Random143
Raw:12.4375,14.9375,15.8125,15.375,11.5,13.625,11.3125,16.5,17.125,13
EFT:12.3125,14.75,15.625,15.25,11.375,13.5,11.125,16.25,17,12.875
Random144
Raw:12.4375,14.9375,15.8125,15.375,11.5,13.625,11.3125,16.5,17.125,13
EFT:12.3125,14.75,15.625,15.25,11.375,13.5,11.125,16.25,17,12.875
Random145
Raw:12.4375,14.8125,15.6875,15.3125,11.4375,13.5,11.25,16.25,17.125,12.9375
EFT:12.3125,14.75,15.625,15.25,11.375,13.5,11.125,16.25,17,12.875
Random146
Raw:12.6875,15.0625,15.9375,15.625,11.75,13.75,11.5,16.75,17.375,13.4375
EFT:12.3125,14.75,15.625,15.25,11.375,13.5,11.125,16.25,17,12.875
Random147
Raw:12.5625,15,15.8125,15.5,11.625,13.6875,11.375,16.5,17.25,13.125
EFT:12.3125,14.75,15.625,15.25,11.375,13.5,11.125,16.25,17,12.875
Random148
Raw:12.3125,14.8125,15.625,15.3125,11.375,13.5,11.25,16.25,17.125,12.875
EFT:12.3125,14.75,15.625,15.25,11.375,13.5,11.125,16.25,17,12.875
Random149
Raw:12.5,14.9375,15.6875,15.4375,11.5625,13.625,11.375,16.5,17.25,13.125
EFT:12.3125,14.75,15.625,15.25,11.375,13.5,11.125,16.25,17,12.875
Random150
Raw:12.3125,14.8125,15.5625,15.25,11.4375,13.5,11.25,16.25,17,12.9375
EFT:12.3125,14.75,15.625,15.25,11.375,13.5,11.125,16.25,17,12.875
Random151
Raw:12.5625,15.0625,15.9375,15.5,11.625,13.75,11.375,16.5,17.25,13.1875
EFT:12.3125,14.75,15.625,15.25,11.375,13.5,11.125,16.25,17,12.875
Random152
Raw:12.5625,15.0625,15.8125,15.5625,11.625,13.75,11.4375,16.625,17.25,13.25
EFT:12.3125,14.75,15.625,15.25,11.375,13.5,11.125,16.25,17,12.875
Random153
Raw:12.5,14.9375,15.6875,15.5,11.625,13.625,11.375,16.5,17.25,13.25
EFT:12.3125,14.75,15.625,15.25,11.375,13.5,11.125,16.25,17,12.875
Random154
Raw:12.5625,14.9375,15.8125,15.5,11.5625,13.625,11.375,16.5,17.25,13.125
EFT:12.3125,14.75,15.625,15.25,11.375,13.5,11.125,16.25,17,12.875
Random155
Raw:12.5625,15,15.8125,15.5,11.625,13.6875,11.375,16.5,17.25,13.125
EFT:12.375,14.75,15.625,15.25,11.4375,13.5,11.25,16.25,17.125,13
Random156
Raw:12.375,14.75,15.6875,15.25,11.4375,13.5,11.25,16.25,17.125,13
EFT:12.3125,14.75,15.625,15.25,11.375,13.5,11.125,16.25,17,12.875
Random157
Raw:12.3125,14.75,15.5625,15.25,11.375,13.4375,11.1875,16.25,17,13
EFT:12.3125,14.75,15.625,15.25,11.375,13.5,11.125,16.25,17,12.875
Random158
Raw:12.6875,15.1875,15.9375,15.75,11.75,13.875,11.5,16.75,17.5,13.375
EFT:12.3125,14.75,15.625,15.25,11.375,13.5,11.125,16.25,17,12.875
Random159
Raw:12.625,15.0625,15.9375,15.625,11.6875,13.75,11.5,16.625,17.375,13.125
EFT:12.375,14.75,15.625,15.25,11.4375,13.5,11.25,16.25,17.125,13
Random160
Raw:12.8125,15.3125,16.25,15.875,11.875,13.9375,11.625,16.875,17.5,13.4375
EFT:12.375,14.75,15.625,15.25,11.4375,13.5,11.25,16.25,17.125,13
Random161
Raw:12.5625,15,15.9375,15.5,11.625,13.75,11.375,16.5,17.25,13.125
EFT:12.3125,14.75,15.625,15.25,11.375,13.5,11.125,16.25,17,12.875
Random162
Raw:12.8125,15.3125,16.25,15.875,11.875,14,11.625,16.875,17.5,13.375
EFT:12.3125,14.75,15.625,15.25,11.375,13.5,11.125,16.25,17,12.875
Random163
Raw:12.3125,14.6875,15.5,15.1875,11.375,13.375,11.125,16.25,17,12.8125
EFT:12.3125,14.75,15.625,15.25,11.375,13.5,11.125,16.25,17,12.875
Random164
Raw:12.4375,14.8125,15.6875,15.375,11.5,13.5,11.25,16.375,17.125,13
EFT:12.3125,14.75,15.625,15.25,11.375,13.5,11.125,16.25,17,12.875
Random165
Raw:12.4375,14.875,15.6875,15.375,11.5,13.625,11.25,16.5,17.125,13.125
EFT:12.3125,14.75,15.625,15.25,11.375,13.5,11.125,16.25,17,12.875
Random166
Raw:12.3125,14.6875,15.5625,15.25,11.375,13.375,11.125,16.25,17,12.875
EFT:12.3125,14.75,15.625,15.25,11.375,13.5,11.125,16.25,17,12.875
Random167
Raw:12.625,15.0625,15.9375,15.625,11.6875,13.8125,11.4375,16.625,17.375,13.125
EFT:12.375,14.75,15.625,15.25,11.4375,13.5,11.25,16.25,17.125,13
Random168
Raw:12.4375,14.8125,15.6875,15.375,11.5,13.5,11.25,16.375,17.125,13
EFT:12.3125,14.75,15.625,15.25,11.375,13.5,11.125,16.25,17,12.875
Random169
Raw:12.6875,15.1875,16.125,15.625,11.75,13.875,11.5,16.75,17.375,13.375
EFT:12.3125,14.75,15.625,15.25,11.375,13.5,11.125,16.25,17,12.875
Random170
Raw:12.5625,15.0625,15.8125,15.5625,11.625,13.75,11.4375,16.625,17.25,13.25
EFT:12.3125,14.75,15.625,15.25,11.375,13.5,11.125,16.25,17,12.875
Random171
Raw:12.3125,14.75,15.5625,15.25,11.4375,13.5,11.1875,16.25,17,13
EFT:12.3125,14.75,15.625,15.25,11.375,13.5,11.125,16.25,17,12.875
Random172
Raw:12.4375,14.875,15.6875,15.375,11.5,13.625,11.25,16.5,17.125,13.125
EFT:12.3125,14.75,15.625,15.25,11.375,13.5,11.125,16.25,17,12.875
Random173
Raw:12.6875,15.1875,15.9375,15.625,11.6875,13.75,11.5,16.625,17.375,13.125
EFT:12.3125,14.75,15.625,15.25,11.375,13.5,11.125,16.25,17,12.875
Random174
Raw:12.75,15.3125,16.125,15.75,11.8125,13.875,11.5625,16.75,17.5,13.4375
EFT:12.3125,14.75,15.625,15.25,11.375,13.5,11.125,16.25,17,12.875
Random175
Raw:12.4375,14.875,15.6875,15.375,11.5625,13.5625,11.25,16.5,17.125,13.1875
EFT:12.3125,14.75,15.625,15.25,11.375,13.5,11.125,16.25,17,12.875
Random176
Raw:12.9375,15.4375,16.5,16,12,14.125,11.75,17,17.625,13.5
EFT:12.375,14.75,15.625,15.25,11.4375,13.5,11.25,16.25,17.125,13
Random177
Raw:12.375,14.8125,15.625,15.375,11.4375,13.5,11.25,16.25,17.125,13
EFT:12.375,14.75,15.625,15.25,11.4375,13.5,11.25,16.25,17.125,13
Random178
Raw:12.3125,14.6875,15.5625,15.25,11.375,13.4375,11.125,16.25,17,12.875
EFT:12.3125,14.75,15.625,15.25,11.375,13.5,11.125,16.25,17,12.875
Random179
Raw:12.4375,14.8125,15.6875,15.375,11.5,13.5,11.25,16.375,17.125,13
EFT:12.3125,14.75,15.625,15.25,11.375,13.5,11.125,16.25,17,12.875
Random180
Raw:12.6875,15.0625,15.9375,15.625,11.6875,13.8125,11.5,16.75,17.375,13.25
EFT:12.3125,14.75,15.625,15.25,11.375,13.5,11.125,16.25,17,12.875
Random181
Raw:12.625,15.0625,15.9375,15.625,11.75,13.75,11.5,16.75,17.375,13.375
EFT:12.3125,14.75,15.625,15.25,11.375,13.5,11.125,16.25,17,12.875
Random182
Raw:12.75,15.1875,16.125,15.75,11.8125,13.875,11.5,16.75,17.5,13.5
EFT:12.3125,14.75,15.625,15.25,11.375,13.5,11.125,16.25,17,12.875
Random183
Raw:12.4375,14.8125,15.6875,15.375,11.5,13.5625,11.25,16.375,17.125,13
EFT:12.375,14.75,15.625,15.25,11.4375,13.5,11.25,16.25,17.125,13
Random184
Raw:12.5625,15,15.9375,15.5,11.625,13.75,11.375,16.5,17.25,13.125
EFT:12.3125,14.75,15.625,15.25,11.375,13.5,11.125,16.25,17,12.875
Random185
Raw:12.5625,15.0625,15.9375,15.5,11.625,13.75,11.375,16.5,17.25,13.1875
EFT:12.3125,14.75,15.625,15.25,11.375,13.5,11.125,16.25,17,12.875
Random186
Raw:12.25,14.625,15.4375,15.125,11.375,13.375,11.125,16.125,17,12.875
EFT:12.3125,14.75,15.625,15.25,11.375,13.5,11.125,16.25,17,12.875
Random187
Raw:12.6875,15.0625,15.9375,15.625,11.75,13.8125,11.5,16.75,17.375,13.375
EFT:12.3125,14.75,15.625,15.25,11.375,13.5,11.125,16.25,17,12.875
Random188
Raw:12.5625,15,15.9375,15.5,11.625,13.75,11.375,16.5,17.25,13.125
EFT:12.3125,14.75,15.625,15.25,11.375,13.5,11.125,16.25,17,12.875
Random189
Raw:12.6875,15.1875,16.125,15.75,11.75,13.875,11.5625,16.75,17.375,13.3125
EFT:12.3125,14.75,15.625,15.25,11.375,13.5,11.125,16.25,17,12.875
Random190
Raw:12.875,15.4375,16.25,15.875,11.875,14,11.6875,17,17.625,13.375
EFT:12.3125,14.75,15.625,15.25,11.375,13.5,11.125,16.25,17,12.875
Random191
Raw:12.3125,14.6875,15.5625,15.25,11.375,13.4375,11.1875,16.25,17,12.875
EFT:12.3125,14.75,15.625,15.25,11.375,13.5,11.125,16.25,17,12.875
Random192
Raw:12.5625,15.0625,15.9375,15.625,11.6875,13.75,11.375,16.625,17.375,13.3125
EFT:12.3125,14.75,15.625,15.25,11.375,13.5,11.125,16.25,17,12.875
Random193
Raw:12.4375,14.875,15.6875,15.375,11.5,13.625,11.3125,16.375,17.125,13
EFT:12.375,14.75,15.625,15.25,11.4375,13.5,11.25,16.25,17.125,13
Random194
Raw:12.1875,14.5625,15.4375,15.125,11.25,13.3125,11.0625,15.9375,16.875,12.75
EFT:12.3125,14.75,15.625,15.25,11.375,13.5,11.125,16.25,17,12.875
Random195
Raw:12.8125,15.3125,16.25,15.875,11.9375,14,11.625,17,17.625,13.5
EFT:12.3125,14.75,15.625,15.25,11.375,13.5,11.125,16.25,17,12.875
Random196
Raw:12.4375,14.8125,15.6875,15.375,11.5,13.5,11.25,16.375,17.125,13
EFT:12.3125,14.75,15.625,15.25,11.375,13.5,11.125,16.25,17,12.875
Random197
Raw:12.4375,14.9375,15.8125,15.375,11.5,13.625,11.3125,16.5,17.125,13
EFT:12.3125,14.75,15.625,15.25,11.375,13.5,11.125,16.25,17,12.875
Random198
Raw:12.3125,14.75,15.5625,15.25,11.375,13.5,11.1875,16.25,17,12.9375
EFT:12.3125,14.75,15.625,15.25,11.375,13.5,11.125,16.25,17,12.875
Random199
Raw:12.4375,14.8125,15.6875,15.3125,11.4375,13.5,11.25,16.25,17.125,12.9375
EFT:12.3125,14.75,15.625,15.25,11.375,13.5,11.125,16.25,17,12.875
Random200
Raw:12.25,14.6875,15.5,15.1875,11.3125,13.375,11.125,16.125,17,12.8125
EFT:12.375,14.75,15.625,15.25,11.4375,13.5,11.25,16.25,17.125,13
Random201
Raw:12.4375,14.875,15.6875,15.375,11.5,13.5625,11.25,16.375,17.125,13.0625
EFT:12.3125,14.75,15.625,15.25,11.375,13.5,11.125,16.25,17,12.875
Random202
Raw:12.25,14.6875,15.5,15.1875,11.3125,13.375,11.125,16.125,17,12.8125
EFT:12.3125,14.75,15.625,15.25,11.375,13.5,11.125,16.25,17,12.875
Random203
Raw:12.4375,14.9375,15.6875,15.375,11.5,13.625,11.25,16.375,17.125,13
EFT:12.375,14.75,15.625,15.25,11.4375,13.5,11.25,16.25,17.125,13
Random204
Raw:12.625,15.0625,15.9375,15.5625,11.625,13.75,11.5,16.625,17.375,13.25
EFT:12.3125,14.75,15.625,15.25,11.375,13.5,11.125,16.25,17,12.875
Random205
Raw:12.4375,14.8125,15.6875,15.375,11.5,13.5625,11.25,16.375,17.125,12.9375
EFT:12.3125,14.75,15.625,15.25,11.375,13.5,11.125,16.25,17,12.875
Random206
Raw:12.3125,14.6875,15.5625,15.1875,11.375,13.375,11.125,16.25,17,12.875
EFT:12.3125,14.75,15.625,15.25,11.375,13.5,11.125,16.25,17,12.875
Random207
Raw:12.4375,14.8125,15.6875,15.375,11.5,13.5,11.25,16.375,17.125,13
EFT:12.3125,14.75,15.625,15.25,11.375,13.5,11.125,16.25,17,12.875
Random208
Raw:12.5,14.9375,15.6875,15.4375,11.5625,13.625,11.375,16.5,17.25,13.125
EFT:12.3125,14.75,15.625,15.25,11.375,13.5,11.125,16.25,17,12.875
Random209
Raw:12.4375,14.8125,15.6875,15.3125,11.4375,13.5,11.25,16.25,17.125,12.9375
EFT:12.3125,14.75,15.625,15.25,11.375,13.5,11.125,16.25,17,12.875
Random210
Raw:12.5625,15.0625,15.9375,15.5,11.625,13.75,11.375,16.5,17.25,13.1875
EFT:12.3125,14.75,15.625,15.25,11.375,13.5,11.125,16.25,17,12.875
Random211
Raw:12.1875,14.5625,15.3125,15.125,11.3125,13.3125,11.0625,16.125,16.875,13
EFT:12.3125,14.75,15.625,15.25,11.375,13.5,11.125,16.25,17,12.875
Random212
Raw:12.5625,15.0625,15.8125,15.5625,11.625,13.75,11.4375,16.625,17.25,13.25
EFT:12.3125,14.75,15.625,15.25,11.375,13.5,11.125,16.25,17,12.875
Random213
Raw:13,15.5625,16.5,16,12,14.1875,11.75,17.125,17.75,13.625
EFT:12.3125,14.75,15.625,15.25,11.375,13.5,11.125,16.25,17,12.875
Random214
Raw:12.5,14.9375,15.8125,15.375,11.5,13.625,11.375,16.5,17.25,13.0625
EFT:12.3125,14.75,15.625,15.25,11.375,13.5,11.125,16.25,17,12.875
Random215
Raw:12.3125,14.6875,15.5,15.1875,11.375,13.375,11.125,16.25,17,12.8125
EFT:12.375,14.75,15.625,15.25,11.4375,13.5,11.25,16.25,17.125,13
Random216
Raw:12.3125,14.6875,15.5625,15.25,11.375,13.5,11.125,16.25,17,12.875
EFT:12.3125,14.75,15.625,15.25,11.375,13.5,11.125,16.25,17,12.875
Random217
Raw:12.8125,15.3125,16.25,15.875,11.875,14,11.625,16.875,17.5,13.375
EFT:12.3125,14.75,15.625,15.25,11.375,13.5,11.125,16.25,17,12.875
Random218
Raw:12.5625,14.9375,15.8125,15.5,11.625,13.6875,11.375,16.5,17.25,13.1875
EFT:12.3125,14.75,15.625,15.25,11.375,13.5,11.125,16.25,17,12.875
Random219
Raw:12.25,14.6875,15.5,15.1875,11.3125,13.375,11.125,16.125,17,12.8125
EFT:12.3125,14.75,15.625,15.25,11.375,13.5,11.125,16.25,17,12.875
Random220
Raw:12.375,14.8125,15.6875,15.375,11.5,13.5625,11.25,16.25,17.125,13
EFT:12.375,14.75,15.625,15.25,11.4375,13.5,11.25,16.25,17.125,13
Random221
Raw:12.5625,15,15.8125,15.5,11.625,13.6875,11.375,16.5,17.25,13.125
EFT:12.3125,14.75,15.625,15.25,11.375,13.5,11.125,16.25,17,12.875
Random222
Raw:12.375,14.8125,15.625,15.375,11.4375,13.5,11.25,16.25,17.125,13
EFT:12.3125,14.75,15.625,15.25,11.375,13.5,11.125,16.25,17,12.875
Random223
Raw:12.4375,14.875,15.6875,15.375,11.5,13.5625,11.3125,16.5,17.125,13.0625
EFT:12.3125,14.75,15.625,15.25,11.375,13.5,11.125,16.25,17,12.875
Random224
Raw:12.6875,15.1875,15.9375,15.625,11.75,13.8125,11.5,16.75,17.375,13.3125
EFT:12.3125,14.75,15.625,15.25,11.375,13.5,11.125,16.25,17,12.875
Random225
Raw:12.3125,14.75,15.5625,15.25,11.4375,13.5,11.1875,16.25,17,13
EFT:12.3125,14.75,15.625,15.25,11.375,13.5,11.125,16.25,17,12.875
Random226
Raw:12.3125,14.8125,15.5625,15.25,11.4375,13.5,11.25,16.25,17,12.9375
EFT:12.3125,14.75,15.625,15.25,11.375,13.5,11.125,16.25,17,12.875
Random227
Raw:13.4375,16,17,16.625,12.5,14.625,12.25,17.75,18.125,14.0625
EFT:12.3125,14.75,15.625,15.25,11.375,13.5,11.125,16.25,17,12.875
Random228
Raw:12.5625,15.0625,15.8125,15.5625,11.625,13.6875,11.375,16.5,17.25,13.25
EFT:12.3125,14.75,15.625,15.25,11.375,13.5,11.125,16.25,17,12.875
Random229
Raw:12.3125,14.8125,15.5625,15.25,11.4375,13.5,11.25,16.25,17,12.9375
EFT:12.3125,14.75,15.625,15.25,11.375,13.5,11.125,16.25,17,12.875
Random230
Raw:12.5625,15.0625,15.9375,15.5625,11.625,13.75,11.375,16.5,17.25,13.0625
EFT:12.3125,14.75,15.625,15.25,11.375,13.5,11.125,16.25,17,12.875
Random231
Raw:12.9375,15.5625,16.375,16.125,12,14.125,11.75,17,17.625,13.5625
EFT:12.3125,14.75,15.625,15.25,11.375,13.5,11.125,16.25,17,12.875
Random232
Raw:12.5625,14.9375,15.8125,15.5,11.625,13.6875,11.375,16.5,17.25,13.25
EFT:12.375,14.75,15.625,15.25,11.4375,13.5,11.25,16.25,17.125,13
Random233
Raw:12.1875,14.5625,15.375,15.0625,11.25,13.25,11,15.9375,16.875,12.75
EFT:12.3125,14.75,15.625,15.25,11.375,13.5,11.125,16.25,17,12.875
Random234
Raw:12.5625,15.0625,15.8125,15.5625,11.625,13.75,11.4375,16.625,17.25,13.25
EFT:12.375,14.75,15.625,15.25,11.4375,13.5,11.25,16.25,17.125,13
Random235
Raw:12.6875,15.0625,15.9375,15.625,11.6875,13.8125,11.5,16.75,17.375,13.25
EFT:12.3125,14.75,15.625,15.25,11.375,13.5,11.125,16.25,17,12.875
Random236
Raw:12.6875,15.3125,16.125,15.625,11.75,13.875,11.5,16.75,17.5,13.25
EFT:12.3125,14.75,15.625,15.25,11.375,13.5,11.125,16.25,17,12.875
Random237
Raw:12.5625,15,15.8125,15.5,11.5625,13.625,11.375,16.5,17.25,13.125
EFT:12.3125,14.75,15.625,15.25,11.375,13.5,11.125,16.25,17,12.875
Random238
Raw:12.625,15.0625,15.9375,15.625,11.6875,13.75,11.5,16.625,17.375,13.1875
EFT:12.3125,14.75,15.625,15.25,11.375,13.5,11.125,16.25,17,12.875
Random239
Raw:12.1875,14.6875,15.4375,15.125,11.375,13.375,11.125,16.125,17,12.875
EFT:12.3125,14.75,15.625,15.25,11.375,13.5,11.125,16.25,17,12.875
Random240
Raw:12.5,14.9375,15.8125,15.5,11.5625,13.625,11.375,16.5,17.25,13
EFT:12.3125,14.75,15.625,15.25,11.375,13.5,11.125,16.25,17,12.875
Random241
Raw:12.8125,15.3125,16.25,15.875,11.875,13.9375,11.625,16.875,17.5,13.4375
EFT:12.3125,14.75,15.625,15.25,11.375,13.5,11.125,16.25,17,12.875
Random242
Raw:12.9375,15.4375,16.375,16,12,14.125,11.75,17,17.625,13.5
EFT:12.3125,14.75,15.625,15.25,11.375,13.5,11.125,16.25,17,12.875
Random243
Raw:12.3125,14.6875,15.5,15.1875,11.375,13.375,11.125,16.25,17,12.8125
EFT:12.3125,14.75,15.625,15.25,11.375,13.5,11.125,16.25,17,12.875
Random244
Raw:12.5625,15.0625,15.8125,15.5625,11.625,13.75,11.4375,16.625,17.25,13.25
EFT:12.3125,14.75,15.625,15.25,11.375,13.5,11.125,16.25,17,12.875
Random245
Raw:12.3125,14.6875,15.5625,15.25,11.375,13.4375,11.1875,16.25,17,12.875
EFT:12.3125,14.75,15.625,15.25,11.375,13.5,11.125,16.25,17,12.875
Random246
Raw:12.5625,15,15.8125,15.5,11.625,13.6875,11.375,16.5,17.25,13.125
EFT:12.3125,14.75,15.625,15.25,11.375,13.5,11.125,16.25,17,12.875
Random247
Raw:12.5,14.9375,15.6875,15.4375,11.5625,13.625,11.375,16.5,17.25,13.125
EFT:12.3125,14.75,15.625,15.25,11.375,13.5,11.125,16.25,17,12.875
Random248
Raw:12.5625,14.9375,15.8125,15.5,11.625,13.6875,11.375,16.5,17.25,13.25
EFT:12.3125,14.75,15.625,15.25,11.375,13.5,11.125,16.25,17,12.875
Random249
Raw:12.4375,14.8125,15.6875,15.375,11.5,13.5625,11.25,16.375,17.125,13
EFT:12.3125,14.75,15.625,15.25,11.375,13.5,11.125,16.25,17,12.875
Random250
Raw:12.1875,14.5625,15.375,15.0625,11.25,13.25,11,15.9375,16.875,12.6875
EFT:12.3125,14.75,15.625,15.25,11.375,13.5,11.125,16.25,17,12.875
Random251
Raw:12.625,15.0625,15.9375,15.625,11.6875,13.75,11.5,16.625,17.375,13.125
EFT:12.3125,14.75,15.625,15.25,11.375,13.5,11.125,16.25,17,12.875
Random252
Raw:12.8125,15.3125,16.25,15.875,11.875,14,11.625,16.875,17.5,13.375
EFT:12.375,14.75,15.625,15.25,11.4375,13.5,11.25,16.25,17.125,13
Random253
Raw:12.3125,14.6875,15.5625,15.1875,11.375,13.375,11.125,16.25,17,12.875
EFT:12.3125,14.75,15.625,15.25,11.375,13.5,11.125,16.25,17,12.875
Random254
Raw:12.3125,14.6875,15.5625,15.25,11.375,13.4375,11.1875,16.25,17,12.875
EFT:12.3125,14.75,15.625,15.25,11.375,13.5,11.125,16.25,17,12.875
Random255
Raw:12.5625,14.9375,15.8125,15.5,11.625,13.625,11.375,16.5,17.25,13.1875
EFT:12.3125,14.75,15.625,15.25,11.375,13.5,11.125,16.25,17,12.875
Random256
Raw:12.3125,14.6875,15.5625,15.25,11.375,13.4375,11.1875,16.25,17,12.875
EFT:12.3125,14.75,15.625,15.25,11.375,13.5,11.125,16.25,17,12.875
Random257
Raw:12.3125,14.6875,15.5625,15.25,11.375,13.4375,11.1875,16.25,17,12.875
EFT:12.375,14.75,15.625,15.25,11.4375,13.5,11.25,16.25,17.125,13
Random258
Raw:12.3125,14.6875,15.5625,15.25,11.375,13.4375,11.1875,16.25,17,12.875
EFT:12.375,14.75,15.625,15.25,11.4375,13.5,11.25,16.25,17.125,13
Random259
Raw:12.5625,15,15.8125,15.5,11.5625,13.625,11.375,16.5,17.25,13.125
EFT:12.3125,14.75,15.625,15.25,11.375,13.5,11.125,16.25,17,12.875
Random260
Raw:12.3125,14.6875,15.5625,15.1875,11.375,13.375,11.125,16.25,17,12.875
EFT:12.375,14.75,15.625,15.25,11.4375,13.5,11.25,16.25,17.125,13
Random261
Raw:12.5625,15.0625,15.9375,15.5,11.625,13.75,11.375,16.5,17.25,13.1875
EFT:12.3125,14.75,15.625,15.25,11.375,13.5,11.125,16.25,17,12.875
Random262
Raw:12.5625,14.9375,15.8125,15.5,11.625,13.625,11.375,16.5,17.25,13.1875
EFT:12.3125,14.75,15.625,15.25,11.375,13.5,11.125,16.25,17,12.875
Random263
Raw:12.5625,15,15.8125,15.5,11.5625,13.625,11.375,16.5,17.25,13.125
EFT:12.3125,14.75,15.625,15.25,11.375,13.5,11.125,16.25,17,12.875
Random264
Raw:12.5,14.9375,15.8125,15.5,11.625,13.625,11.375,16.5,17.25,13.25
EFT:12.3125,14.75,15.625,15.25,11.375,13.5,11.125,16.25,17,12.875
Random265
Raw:12.25,14.625,15.4375,15.1875,11.375,13.375,11.125,16.25,17,12.875
EFT:12.3125,14.75,15.625,15.25,11.375,13.5,11.125,16.25,17,12.875
Random266
Raw:12.5625,14.9375,15.8125,15.5,11.625,13.6875,11.375,16.5,17.25,13.25
EFT:12.3125,14.75,15.625,15.25,11.375,13.5,11.125,16.25,17,12.875
Random267
Raw:12.5,14.9375,15.8125,15.375,11.5,13.625,11.375,16.5,17.25,13.0625
EFT:12.3125,14.75,15.625,15.25,11.375,13.5,11.125,16.25,17,12.875
Random268
Raw:12.4375,14.8125,15.6875,15.375,11.5,13.5625,11.25,16.375,17.125,13.125
EFT:12.3125,14.75,15.625,15.25,11.375,13.5,11.125,16.25,17,12.875
Random269
Raw:12.5,14.9375,15.6875,15.4375,11.5625,13.625,11.375,16.5,17.25,13.125
EFT:12.3125,14.75,15.625,15.25,11.375,13.5,11.125,16.25,17,12.875
Random270
Raw:12.3125,14.6875,15.5625,15.25,11.375,13.4375,11.1875,16.25,17,12.875
EFT:12.3125,14.75,15.625,15.25,11.375,13.5,11.125,16.25,17,12.875
Random271
Raw:12.25,14.625,15.4375,15.125,11.375,13.375,11.125,16.125,17,12.875
EFT:12.3125,14.75,15.625,15.25,11.375,13.5,11.125,16.25,17,12.875
Random272
Raw:12.8125,15.4375,16.25,15.875,11.875,14,11.625,17,17.625,13.5
EFT:12.3125,14.75,15.625,15.25,11.375,13.5,11.125,16.25,17,12.875
Random273
Raw:12.4375,14.875,15.6875,15.375,11.5,13.625,11.3125,16.375,17.125,13
EFT:12.3125,14.75,15.625,15.25,11.375,13.5,11.125,16.25,17,12.875
Random274
Raw:13.0625,15.6875,16.5,16.125,12.125,14.25,11.875,17.25,17.75,13.75
EFT:12.3125,14.75,15.625,15.25,11.375,13.5,11.125,16.25,17,12.875
Random275
Raw:12.4375,14.875,15.6875,15.375,11.5,13.5625,11.25,16.375,17.125,13.0625
EFT:12.3125,14.75,15.625,15.25,11.375,13.5,11.125,16.25,17,12.875
Random276
Raw:12.4375,14.875,15.6875,15.375,11.5,13.625,11.3125,16.375,17.125,13
EFT:12.3125,14.75,15.625,15.25,11.375,13.5,11.125,16.25,17,12.875
Random277
Raw:12.8125,15.3125,16.25,15.875,11.875,14,11.625,16.875,17.5,13.4375
EFT:12.3125,14.75,15.625,15.25,11.375,13.5,11.125,16.25,17,12.875
Random278
Raw:12.4375,14.8125,15.6875,15.375,11.5,13.5,11.25,16.375,17.125,13
EFT:12.3125,14.75,15.625,15.25,11.375,13.5,11.125,16.25,17,12.875
Random279
Raw:12.3125,14.6875,15.5,15.25,11.375,13.375,11.125,16.25,17,12.9375
EFT:12.375,14.75,15.625,15.25,11.4375,13.5,11.25,16.25,17.125,13
Random280
Raw:12.3125,14.75,15.5625,15.25,11.375,13.5,11.1875,16.25,17,12.9375
EFT:12.3125,14.75,15.625,15.25,11.375,13.5,11.125,16.25,17,12.875
Random281
Raw:12.1875,14.5625,15.4375,15.125,11.25,13.3125,11.0625,15.9375,16.875,12.625
EFT:12.3125,14.75,15.625,15.25,11.375,13.5,11.125,16.25,17,12.875
Random282
Raw:12.3125,14.6875,15.5625,15.25,11.375,13.4375,11.125,16.25,17,12.875
EFT:12.3125,14.75,15.625,15.25,11.375,13.5,11.125,16.25,17,12.875
Random283
Raw:12.375,14.8125,15.625,15.3125,11.5,13.5,11.25,16.25,17.125,13
EFT:12.3125,14.75,15.625,15.25,11.375,13.5,11.125,16.25,17,12.875
Random284
Raw:12.625,15.0625,15.9375,15.625,11.6875,13.75,11.5,16.625,17.375,13.125
EFT:12.3125,14.75,15.625,15.25,11.375,13.5,11.125,16.25,17,12.875
Random285
Raw:12.3125,14.75,15.5625,15.25,11.375,13.5,11.1875,16.25,17,12.9375
EFT:12.3125,14.75,15.625,15.25,11.375,13.5,11.125,16.25,17,12.875
Random286
Raw:12.4375,14.8125,15.6875,15.375,11.5,13.5,11.25,16.375,17.125,13
EFT:12.3125,14.75,15.625,15.25,11.375,13.5,11.125,16.25,17,12.875
Random287
Raw:12.3125,14.6875,15.5625,15.25,11.375,13.4375,11.125,16.25,17,12.875
EFT:12.3125,14.75,15.625,15.25,11.375,13.5,11.125,16.25,17,12.875
Random288
Raw:12.4375,14.875,15.6875,15.375,11.5,13.5625,11.3125,16.5,17.125,13.0625
EFT:12.3125,14.75,15.625,15.25,11.375,13.5,11.125,16.25,17,12.875
Random289
Raw:12.5625,15.0625,15.9375,15.5,11.625,13.75,11.375,16.5,17.25,13.1875
EFT:12.3125,14.75,15.625,15.25,11.375,13.5,11.125,16.25,17,12.875
Random290
Raw:12.4375,14.8125,15.6875,15.375,11.5,13.5,11.25,16.375,17.125,13
EFT:12.3125,14.75,15.625,15.25,11.375,13.5,11.125,16.25,17,12.875
Random291
Raw:12.375,14.75,15.6875,15.25,11.4375,13.5,11.25,16.25,17.125,13
EFT:12.3125,14.75,15.625,15.25,11.375,13.5,11.125,16.25,17,12.875
Random292
Raw:12.625,15.0625,15.9375,15.625,11.6875,13.75,11.5,16.625,17.375,13.125
EFT:12.375,14.75,15.625,15.25,11.4375,13.5,11.25,16.25,17.125,13
Random293
Raw:12.5625,15,15.8125,15.5,11.625,13.6875,11.375,16.5,17.25,13.125
EFT:12.3125,14.75,15.625,15.25,11.375,13.5,11.125,16.25,17,12.875
Random294
Raw:12.4375,14.875,15.6875,15.375,11.5,13.625,11.25,16.5,17.125,13.125
EFT:12.3125,14.75,15.625,15.25,11.375,13.5,11.125,16.25,17,12.875
Random295
Raw:12.5625,15,15.9375,15.5,11.625,13.75,11.375,16.5,17.25,13.125
EFT:12.3125,14.75,15.625,15.25,11.375,13.5,11.125,16.25,17,12.875
Random296
Raw:12.25,14.6875,15.5,15.1875,11.3125,13.375,11.125,16.125,17,12.8125
EFT:12.3125,14.75,15.625,15.25,11.375,13.5,11.125,16.25,17,12.875
Random297
Raw:12.5,14.9375,15.8125,15.4375,11.5625,13.625,11.375,16.5,17.25,13.125
EFT:12.3125,14.75,15.625,15.25,11.375,13.5,11.125,16.25,17,12.875
Random298
Raw:12.625,15.0625,15.9375,15.625,11.625,13.75,11.5,16.625,17.375,13.125
EFT:12.3125,14.75,15.625,15.25,11.375,13.5,11.125,16.25,17,12.875
Random299
Raw:12.1875,14.5625,15.375,15.0625,11.25,13.25,11,15.9375,16.875,12.6875
EFT:12.3125,14.75,15.625,15.25,11.375,13.5,11.125,16.25,17,12.875
Random300
Raw:12.5625,15,15.8125,15.5,11.5625,13.625,11.375,16.5,17.25,13.125
EFT:12.375,14.75,15.625,15.25,11.4375,13.5,11.25,16.25,17.125,13
