Ascend
Raw:-0.8735,0.593,3.32,-1.682,-1.182,-0.9717,5.38,-1.691,1.692,-2.422
EFT:-0.8735,0.5933,3.32,-1.682,-1.182,-0.9717,5.38,-1.691,1.692,-2.422
Descend
Raw:-0.8735,0.593,3.32,-1.682,-1.181,-0.9717,5.38,-1.691,1.693,-2.422
EFT:-0.8735,0.5933,3.32,-1.682,-1.182,-0.9717,5.38,-1.691,1.693,-2.422
Random1
Raw:-0.8735,0.5933,3.32,-1.682,-1.181,-0.9717,5.38,-1.691,1.692,-2.422
EFT:-0.8735,0.5933,3.32,-1.682,-1.182,-0.9717,5.38,-1.691,1.693,-2.422
Random2
Raw:-0.8735,0.593,3.32,-1.682,-1.181,-0.9717,5.38,-1.691,1.692,-2.422
EFT:-0.8735,0.5933,3.32,-1.682,-1.182,-0.9717,5.38,-1.691,1.692,-2.422
Random3
Raw:-0.874,0.5933,3.32,-1.682,-1.182,-0.9717,5.38,-1.691,1.693,-2.422
EFT:-0.8735,0.5933,3.32,-1.682,-1.182,-0.9717,5.38,-1.691,1.693,-2.422
Random4
Raw:-0.874,0.5933,3.32,-1.682,-1.181,-0.9717,5.38,-1.691,1.692,-2.422
EFT:-0.8735,0.5933,3.32,-1.682,-1.182,-0.9717,5.38,-1.691,1.693,-2.422
Random5
Raw:-0.8735,0.593,3.32,-1.682,-1.182,-0.9717,5.38,-1.691,1.693,-2.422
EFT:-0.873,0.5933,3.32,-1.682,-1.182,-0.9717,5.38,-1.691,1.692,-2.422
Random6
Raw:-0.8735,0.593,3.32,-1.682,-1.182,-0.9717,5.38,-1.691,1.693,-2.422
EFT:-0.8735,0.5933,3.32,-1.682,-1.182,-0.9717,5.38,-1.691,1.692,-2.422
Random7
Raw:-0.8735,0.5933,3.32,-1.682,-1.182,-0.9717,5.38,-1.691,1.692,-2.422
EFT:-0.8735,0.5933,3.32,-1.682,-1.182,-0.9717,5.38,-1.691,1.692,-2.422
Random8
Raw:-0.8735,0.5933,3.32,-1.682,-1.182,-0.9717,5.383,-1.691,1.693,-2.422
EFT:-0.8735,0.5933,3.32,-1.682,-1.182,-0.9717,5.38,-1.691,1.693,-2.422
Random9
Raw:-0.8735,0.5933,3.32,-1.682,-1.182,-0.9717,5.38,-1.691,1.692,-2.422
EFT:-0.8735,0.5933,3.32,-1.682,-1.182,-0.9717,5.38,-1.691,1.692,-2.422
Random10
Raw:-0.8735,0.593,3.32,-1.682,-1.182,-0.9717,5.38,-1.691,1.692,-2.422
EFT:-0.8735,0.5933,3.32,-1.682,-1.182,-0.9717,5.38,-1.691,1.693,-2.422
Random11
Raw:-0.8735,0.5933,3.32,-1.682,-1.182,-0.9717,5.38,-1.691,1.692,-2.422
EFT:-0.8735,0.5933,3.32,-1.682,-1.182,-0.9717,5.38,-1.691,1.692,-2.422
Random12
Raw:-0.8735,0.593,3.32,-1.682,-1.182,-0.9717,5.38,-1.691,1.692,-2.422
EFT:-0.8735,0.5933,3.32,-1.682,-1.182,-0.9717,5.38,-1.691,1.693,-2.422
Random13
Raw:-0.874,0.5933,3.32,-1.682,-1.182,-0.9717,5.38,-1.691,1.693,-2.422
EFT:-0.8735,0.5933,3.32,-1.682,-1.182,-0.9717,5.38,-1.691,1.692,-2.422
Random14
Raw:-0.8735,0.5933,3.32,-1.682,-1.182,-0.9717,5.38,-1.691,1.693,-2.422
EFT:-0.8735,0.5933,3.32,-1.682,-1.182,-0.9717,5.38,-1.691,1.692,-2.422
Random15
Raw:-0.8735,0.5933,3.32,-1.682,-1.182,-0.9717,5.38,-1.691,1.692,-2.422
EFT:-0.8735,0.5933,3.32,-1.682,-1.182,-0.9717,5.38,-1.691,1.693,-2.422
Random16
Raw:-0.8735,0.5933,3.32,-1.682,-1.182,-0.9717,5.38,-1.691,1.692,-2.422
EFT:-0.8735,0.5933,3.32,-1.682,-1.182,-0.9717,5.38,-1.691,1.692,-2.422
Random17
Raw:-0.8735,0.593,3.32,-1.682,-1.182,-0.9717,5.38,-1.691,1.693,-2.422
EFT:-0.8735,0.5933,3.32,-1.682,-1.182,-0.9717,5.383,-1.691,1.693,-2.422
Random18
Raw:-0.8735,0.593,3.32,-1.682,-1.182,-0.9717,5.38,-1.691,1.692,-2.422
EFT:-0.8735,0.5933,3.32,-1.682,-1.182,-0.9717,5.38,-1.691,1.692,-2.422
Random19
Raw:-0.8735,0.593,3.32,-1.682,-1.182,-0.9717,5.38,-1.691,1.692,-2.422
EFT:-0.8735,0.5933,3.32,-1.682,-1.182,-0.9717,5.38,-1.691,1.692,-2.422
Random20
Raw:-0.8735,0.5933,3.32,-1.682,-1.182,-0.9717,5.38,-1.691,1.692,-2.422
EFT:-0.8735,0.5933,3.32,-1.682,-1.182,-0.9717,5.38,-1.691,1.693,-2.422
Random21
Raw:-0.874,0.593,3.32,-1.682,-1.181,-0.9717,5.38,-1.691,1.693,-2.422
EFT:-0.8735,0.5933,3.32,-1.682,-1.182,-0.9717,5.38,-1.691,1.692,-2.422
Random22
Raw:-0.8735,0.5933,3.32,-1.682,-1.182,-0.9717,5.38,-1.691,1.692,-2.422
EFT:-0.873,0.5933,3.32,-1.682,-1.182,-0.9717,5.38,-1.691,1.692,-2.422
Random23
Raw:-0.8735,0.593,3.32,-1.682,-1.182,-0.9717,5.38,-1.691,1.692,-2.422
EFT:-0.8735,0.5933,3.32,-1.682,-1.182,-0.9717,5.38,-1.691,1.692,-2.422
Random24
Raw:-0.8735,0.5933,3.32,-1.682,-1.182,-0.9717,5.38,-1.691,1.692,-2.422
EFT:-0.8735,0.5933,3.32,-1.682,-1.182,-0.9717,5.38,-1.691,1.692,-2.422
Random25
Raw:-0.8735,0.5933,3.32,-1.682,-1.182,-0.9717,5.38,-1.691,1.692,-2.422
EFT:-0.8735,0.5933,3.32,-1.682,-1.182,-0.9717,5.38,-1.691,1.692,-2.422
Random26
Raw:-0.8735,0.593,3.32,-1.682,-1.182,-0.9717,5.38,-1.691,1.693,-2.422
EFT:-0.8735,0.5933,3.32,-1.682,-1.182,-0.9717,5.38,-1.691,1.693,-2.422
Random27
Raw:-0.8735,0.593,3.32,-1.682,-1.182,-0.9717,5.38,-1.691,1.692,-2.422
EFT:-0.873,0.5933,3.32,-1.682,-1.182,-0.9717,5.38,-1.691,1.693,-2.422
Random28
Raw:-0.8735,0.5933,3.32,-1.682,-1.182,-0.9717,5.38,-1.691,1.693,-2.422
EFT:-0.8735,0.5933,3.32,-1.682,-1.182,-0.9717,5.38,-1.691,1.692,-2.422
Random29
Raw:-0.8735,0.5933,3.32,-1.682,-1.182,-0.9717,5.38,-1.691,1.693,-2.422
EFT:-0.8735,0.5933,3.32,-1.682,-1.182,-0.9717,5.38,-1.691,1.692,-2.422
Random30
Raw:-0.8735,0.5933,3.32,-1.682,-1.182,-0.9717,5.38,-1.691,1.692,-2.422
EFT:-0.8735,0.5933,3.32,-1.682,-1.182,-0.9717,5.38,-1.691,1.693,-2.422
Random31
Raw:-0.8735,0.5933,3.32,-1.682,-1.182,-0.9717,5.38,-1.691,1.692,-2.422
EFT:-0.8735,0.5933,3.32,-1.682,-1.182,-0.9717,5.38,-1.691,1.693,-2.422
Random32
Raw:-0.8735,0.593,3.32,-1.682,-1.182,-0.9717,5.38,-1.691,1.693,-2.422
EFT:-0.8735,0.5933,3.32,-1.682,-1.182,-0.9717,5.38,-1.691,1.692,-2.422
Random33
Raw:-0.8735,0.5933,3.32,-1.682,-1.182,-0.9717,5.38,-1.691,1.692,-2.422
EFT:-0.8735,0.5933,3.32,-1.682,-1.182,-0.9717,5.38,-1.691,1.693,-2.422
Random34
Raw:-0.874,0.5933,3.32,-1.682,-1.182,-0.9717,5.38,-1.691,1.692,-2.422
EFT:-0.8735,0.5933,3.32,-1.682,-1.182,-0.9717,5.38,-1.691,1.692,-2.422
Random35
Raw:-0.8735,0.593,3.32,-1.682,-1.182,-0.9717,5.38,-1.691,1.692,-2.422
EFT:-0.8735,0.5933,3.32,-1.682,-1.182,-0.9717,5.38,-1.691,1.693,-2.422
Random36
Raw:-0.8735,0.5933,3.32,-1.682,-1.181,-0.9717,5.38,-1.691,1.693,-2.422
EFT:-0.8735,0.5933,3.32,-1.682,-1.182,-0.9717,5.38,-1.691,1.693,-2.422
Random37
Raw:-0.8735,0.5933,3.32,-1.682,-1.182,-0.9717,5.38,-1.691,1.692,-2.422
EFT:-0.8735,0.5933,3.32,-1.682,-1.182,-0.9717,5.38,-1.691,1.693,-2.422
Random38
Raw:-0.873,0.593,3.32,-1.682,-1.182,-0.9717,5.38,-1.691,1.693,-2.422
EFT:-0.8735,0.5933,3.32,-1.682,-1.182,-0.9717,5.38,-1.691,1.692,-2.422
Random39
Raw:-0.8735,0.5933,3.32,-1.682,-1.181,-0.9717,5.38,-1.691,1.692,-2.422
EFT:-0.873,0.5933,3.32,-1.682,-1.182,-0.9717,5.38,-1.691,1.693,-2.422
Random40
Raw:-0.8735,0.593,3.32,-1.682,-1.182,-0.9717,5.38,-1.691,1.693,-2.422
EFT:-0.8735,0.5933,3.32,-1.682,-1.182,-0.9717,5.38,-1.691,1.692,-2.422
Random41
Raw:-0.8735,0.5933,3.32,-1.682,-1.182,-0.9717,5.38,-1.691,1.693,-2.422
EFT:-0.8735,0.5933,3.32,-1.682,-1.182,-0.9717,5.38,-1.691,1.692,-2.422
Random42
Raw:-0.8735,0.5933,3.32,-1.682,-1.182,-0.9717,5.38,-1.691,1.693,-2.422
EFT:-0.8735,0.5933,3.32,-1.682,-1.182,-0.9717,5.38,-1.691,1.692,-2.422
Random43
Raw:-0.874,0.593,3.32,-1.682,-1.182,-0.9717,5.38,-1.691,1.693,-2.422
EFT:-0.8735,0.5933,3.32,-1.682,-1.182,-0.9717,5.38,-1.691,1.693,-2.422
Random44
Raw:-0.8735,0.5933,3.32,-1.682,-1.182,-0.9717,5.38,-1.691,1.693,-2.422
EFT:-0.8735,0.5933,3.32,-1.682,-1.181,-0.9717,5.38,-1.691,1.693,-2.422
Random45
Raw:-0.8735,0.5933,3.32,-1.682,-1.182,-0.9717,5.38,-1.691,1.692,-2.422
EFT:-0.8735,0.5933,3.32,-1.682,-1.182,-0.9717,5.38,-1.691,1.693,-2.422
Random46
Raw:-0.8735,0.593,3.32,-1.682,-1.181,-0.9717,5.38,-1.691,1.693,-2.422
EFT:-0.8735,0.5933,3.32,-1.682,-1.182,-0.9717,5.38,-1.691,1.693,-2.422
Random47
Raw:-0.874,0.593,3.32,-1.682,-1.181,-0.9717,5.38,-1.691,1.693,-2.422
EFT:-0.8735,0.5933,3.32,-1.682,-1.182,-0.9717,5.38,-1.691,1.692,-2.422
Random48
Raw:-0.8735,0.5933,3.32,-1.682,-1.182,-0.9717,5.38,-1.691,1.693,-2.422
EFT:-0.873,0.5933,3.32,-1.682,-1.182,-0.9717,5.38,-1.691,1.692,-2.422
Random49
Raw:-0.8735,0.593,3.32,-1.682,-1.182,-0.9717,5.38,-1.691,1.693,-2.422
EFT:-0.8735,0.5933,3.32,-1.682,-1.182,-0.9717,5.38,-1.691,1.693,-2.422
Random50
Raw:-0.8735,0.593,3.32,-1.682,-1.182,-0.9717,5.38,-1.691,1.692,-2.422
EFT:-0.8735,0.5933,3.32,-1.682,-1.182,-0.9717,5.38,-1.691,1.692,-2.422
Random51
Raw:-0.8735,0.593,3.32,-1.682,-1.181,-0.9717,5.38,-1.691,1.692,-2.422
EFT:-0.8735,0.5933,3.32,-1.682,-1.182,-0.9717,5.38,-1.691,1.693,-2.422
Random52
Raw:-0.8735,0.5933,3.32,-1.682,-1.182,-0.9717,5.38,-1.691,1.692,-2.422
EFT:-0.8735,0.5933,3.32,-1.682,-1.182,-0.9717,5.38,-1.691,1.692,-2.422
Random53
Raw:-0.8735,0.593,3.32,-1.682,-1.182,-0.9717,5.38,-1.691,1.693,-2.422
EFT:-0.8735,0.5933,3.32,-1.682,-1.182,-0.9717,5.383,-1.691,1.692,-2.422
Random54
Raw:-0.8735,0.593,3.32,-1.682,-1.182,-0.9717,5.38,-1.691,1.693,-2.422
EFT:-0.8735,0.5933,3.32,-1.682,-1.182,-0.9717,5.38,-1.691,1.692,-2.422
Random55
Raw:-0.8735,0.5933,3.32,-1.682,-1.182,-0.9717,5.38,-1.691,1.692,-2.422
EFT:-0.8735,0.5933,3.32,-1.682,-1.182,-0.9717,5.38,-1.691,1.693,-2.422
Random56
Raw:-0.873,0.5933,3.32,-1.682,-1.182,-0.9717,5.38,-1.691,1.692,-2.422
EFT:-0.8735,0.5933,3.32,-1.682,-1.182,-0.9717,5.38,-1.691,1.693,-2.422
Random57
Raw:-0.873,0.593,3.32,-1.682,-1.182,-0.9717,5.38,-1.691,1.693,-2.422
EFT:-0.8735,0.5933,3.32,-1.682,-1.182,-0.9717,5.38,-1.691,1.693,-2.422
Random58
Raw:-0.8735,0.593,3.32,-1.682,-1.181,-0.9717,5.38,-1.691,1.692,-2.422
EFT:-0.8735,0.5933,3.32,-1.682,-1.182,-0.9717,5.38,-1.691,1.693,-2.422
Random59
Raw:-0.8735,0.593,3.32,-1.682,-1.182,-0.9717,5.38,-1.691,1.692,-2.422
EFT:-0.8735,0.5933,3.32,-1.682,-1.182,-0.9717,5.38,-1.691,1.692,-2.422
Random60
Raw:-0.8735,0.593,3.32,-1.682,-1.182,-0.9717,5.38,-1.691,1.693,-2.422
EFT:-0.8735,0.5933,3.32,-1.682,-1.182,-0.9717,5.38,-1.691,1.692,-2.422
Random61
Raw:-0.8735,0.5933,3.32,-1.682,-1.182,-0.9717,5.38,-1.691,1.692,-2.422
EFT:-0.8735,0.5933,3.32,-1.682,-1.182,-0.9717,5.38,-1.691,1.693,-2.422
Random62
Raw:-0.8735,0.5933,3.32,-1.682,-1.182,-0.9717,5.383,-1.691,1.693,-2.422
EFT:-0.8735,0.5933,3.32,-1.682,-1.182,-0.9717,5.38,-1.691,1.693,-2.422
Random63
Raw:-0.8735,0.5933,3.32,-1.682,-1.182,-0.9717,5.38,-1.691,1.693,-2.422
EFT:-0.8735,0.5933,3.32,-1.682,-1.182,-0.9717,5.38,-1.691,1.693,-2.422
Random64
Raw:-0.8735,0.593,3.32,-1.682,-1.182,-0.9717,5.38,-1.691,1.692,-2.422
EFT:-0.8735,0.5933,3.32,-1.682,-1.181,-0.9717,5.38,-1.691,1.693,-2.422
Random65
Raw:-0.8735,0.5933,3.32,-1.682,-1.182,-0.9717,5.38,-1.691,1.693,-2.422
EFT:-0.8735,0.5933,3.32,-1.682,-1.182,-0.9717,5.38,-1.691,1.693,-2.422
Random66
Raw:-0.873,0.593,3.32,-1.682,-1.182,-0.9717,5.38,-1.691,1.693,-2.422
EFT:-0.8735,0.5933,3.32,-1.682,-1.182,-0.9717,5.38,-1.691,1.693,-2.422
Random67
Raw:-0.874,0.593,3.32,-1.682,-1.182,-0.9717,5.38,-1.691,1.692,-2.422
EFT:-0.8735,0.5933,3.32,-1.682,-1.182,-0.9717,5.38,-1.691,1.693,-2.422
Random68
Raw:-0.8735,0.593,3.32,-1.682,-1.182,-0.9717,5.38,-1.691,1.692,-2.422
EFT:-0.8735,0.5933,3.32,-1.682,-1.182,-0.9717,5.38,-1.691,1.692,-2.422
Random69
Raw:-0.8735,0.5933,3.32,-1.682,-1.182,-0.9717,5.38,-1.691,1.692,-2.422
EFT:-0.8735,0.5933,3.32,-1.682,-1.182,-0.9717,5.38,-1.691,1.693,-2.422
Random70
Raw:-0.874,0.593,3.32,-1.682,-1.181,-0.9717,5.38,-1.691,1.692,-2.422
EFT:-0.8735,0.5933,3.32,-1.682,-1.182,-0.9717,5.38,-1.691,1.693,-2.422
Random71
Raw:-0.8735,0.593,3.32,-1.682,-1.181,-0.9717,5.38,-1.691,1.692,-2.422
EFT:-0.8735,0.5933,3.32,-1.682,-1.182,-0.9717,5.38,-1.691,1.693,-2.422
Random72
Raw:-0.8735,0.593,3.32,-1.682,-1.181,-0.9717,5.38,-1.691,1.693,-2.422
EFT:-0.8735,0.5933,3.32,-1.682,-1.182,-0.9717,5.38,-1.691,1.692,-2.422
Random73
Raw:-0.8735,0.5933,3.32,-1.682,-1.182,-0.9717,5.38,-1.691,1.693,-2.422
EFT:-0.8735,0.5933,3.32,-1.682,-1.182,-0.9717,5.38,-1.691,1.693,-2.422
Random74
Raw:-0.8735,0.593,3.32,-1.682,-1.182,-0.9717,5.38,-1.691,1.693,-2.422
EFT:-0.8735,0.5933,3.32,-1.682,-1.182,-0.9717,5.38,-1.691,1.693,-2.422
Random75
Raw:-0.873,0.5933,3.32,-1.682,-1.182,-0.9717,5.38,-1.691,1.693,-2.422
EFT:-0.873,0.5933,3.32,-1.682,-1.182,-0.9717,5.38,-1.691,1.693,-2.422
Random76
Raw:-0.8735,0.593,3.32,-1.682,-1.182,-0.9717,5.38,-1.691,1.692,-2.422
EFT:-0.8735,0.5933,3.32,-1.682,-1.182,-0.9717,5.38,-1.691,1.692,-2.422
Random77
Raw:-0.8735,0.593,3.32,-1.682,-1.182,-0.9717,5.383,-1.691,1.692,-2.422
EFT:-0.8735,0.5933,3.32,-1.682,-1.182,-0.9717,5.38,-1.691,1.693,-2.422
Random78
Raw:-0.8735,0.5933,3.32,-1.682,-1.182,-0.9717,5.38,-1.691,1.693,-2.422
EFT:-0.8735,0.5933,3.32,-1.682,-1.182,-0.9717,5.38,-1.691,1.692,-2.422
Random79
Raw:-0.8735,0.5933,3.32,-1.682,-1.182,-0.9717,5.38,-1.691,1.693,-2.422
EFT:-0.8735,0.5933,3.32,-1.682,-1.182,-0.9717,5.38,-1.691,1.693,-2.422
Random80
Raw:-0.8735,0.593,3.32,-1.682,-1.182,-0.9717,5.38,-1.691,1.693,-2.422
EFT:-0.8735,0.5933,3.32,-1.682,-1.182,-0.9717,5.38,-1.691,1.693,-2.422
Random81
Raw:-0.8735,0.5933,3.32,-1.682,-1.182,-0.9717,5.38,-1.691,1.693,-2.422
EFT:-0.873,0.5933,3.32,-1.682,-1.182,-0.9717,5.38,-1.691,1.692,-2.422
Random82
Raw:-0.8735,0.5933,3.32,-1.682,-1.181,-0.9717,5.383,-1.691,1.692,-2.422
EFT:-0.8735,0.5933,3.32,-1.682,-1.182,-0.9717,5.38,-1.691,1.692,-2.422
Random83
Raw:-0.874,0.593,3.32,-1.682,-1.182,-0.9717,5.38,-1.691,1.692,-2.422
EFT:-0.8735,0.5933,3.32,-1.682,-1.182,-0.9717,5.38,-1.691,1.693,-2.422
Random84
Raw:-0.873,0.5933,3.32,-1.682,-1.181,-0.9717,5.383,-1.691,1.693,-2.422
EFT:-0.8735,0.5933,3.32,-1.682,-1.182,-0.9717,5.38,-1.691,1.693,-2.422
Random85
Raw:-0.874,0.593,3.32,-1.682,-1.182,-0.9717,5.38,-1.691,1.692,-2.422
EFT:-0.8735,0.5933,3.32,-1.682,-1.182,-0.9717,5.38,-1.691,1.693,-2.422
Random86
Raw:-0.8735,0.5933,3.32,-1.682,-1.181,-0.9717,5.38,-1.691,1.692,-2.422
EFT:-0.8735,0.5933,3.32,-1.682,-1.182,-0.9717,5.38,-1.691,1.693,-2.422
Random87
Raw:-0.874,0.5933,3.32,-1.682,-1.182,-0.9717,5.38,-1.691,1.693,-2.422
EFT:-0.8735,0.5933,3.32,-1.682,-1.182,-0.9717,5.38,-1.691,1.693,-2.422
Random88
Raw:-0.8735,0.593,3.32,-1.682,-1.181,-0.9717,5.38,-1.691,1.693,-2.422
EFT:-0.8735,0.5933,3.32,-1.682,-1.182,-0.9717,5.38,-1.691,1.693,-2.422
Random89
Raw:-0.8735,0.5933,3.32,-1.682,-1.182,-0.9717,5.38,-1.691,1.692,-2.422
EFT:-0.873,0.5933,3.32,-1.682,-1.182,-0.9717,5.38,-1.691,1.692,-2.422
Random90
Raw:-0.8735,0.5933,3.32,-1.682,-1.181,-0.9717,5.38,-1.691,1.693,-2.422
EFT:-0.8735,0.5933,3.32,-1.682,-1.182,-0.9717,5.38,-1.691,1.693,-2.422
Random91
Raw:-0.8735,0.5933,3.32,-1.682,-1.182,-0.9717,5.38,-1.691,1.693,-2.422
EFT:-0.873,0.5933,3.32,-1.682,-1.182,-0.9717,5.38,-1.691,1.693,-2.422
Random92
Raw:-0.874,0.593,3.32,-1.682,-1.181,-0.9717,5.38,-1.691,1.693,-2.422
EFT:-0.8735,0.5933,3.32,-1.682,-1.182,-0.9717,5.38,-1.691,1.693,-2.422
Random93
Raw:-0.8735,0.593,3.32,-1.682,-1.182,-0.9717,5.38,-1.691,1.692,-2.422
EFT:-0.8735,0.5933,3.32,-1.682,-1.182,-0.9717,5.38,-1.691,1.693,-2.422
Random94
Raw:-0.8735,0.593,3.32,-1.682,-1.181,-0.9717,5.38,-1.691,1.693,-2.422
EFT:-0.8735,0.5933,3.32,-1.682,-1.182,-0.9717,5.38,-1.691,1.692,-2.422
Random95
Raw:-0.8735,0.593,3.32,-1.682,-1.182,-0.9717,5.38,-1.691,1.693,-2.422
EFT:-0.8735,0.5933,3.32,-1.682,-1.182,-0.9717,5.38,-1.691,1.692,-2.422
Random96
Raw:-0.8735,0.593,3.32,-1.682,-1.182,-0.9717,5.38,-1.691,1.693,-2.422
EFT:-0.8735,0.5933,3.32,-1.682,-1.182,-0.9717,5.38,-1.691,1.693,-2.422
Random97
Raw:-0.8735,0.593,3.32,-1.682,-1.182,-0.9717,5.38,-1.691,1.693,-2.422
EFT:-0.873,0.5933,3.32,-1.682,-1.182,-0.9717,5.38,-1.691,1.692,-2.422
Random98
Raw:-0.8735,0.593,3.32,-1.682,-1.181,-0.9717,5.38,-1.691,1.692,-2.422
EFT:-0.8735,0.5933,3.32,-1.682,-1.182,-0.9717,5.38,-1.691,1.693,-2.422
Random99
Raw:-0.8735,0.5933,3.32,-1.682,-1.181,-0.9717,5.38,-1.691,1.693,-2.422
EFT:-0.8735,0.5933,3.32,-1.682,-1.182,-0.9717,5.38,-1.691,1.692,-2.422
Random100
Raw:-0.8735,0.593,3.32,-1.682,-1.182,-0.9717,5.38,-1.691,1.692,-2.422
EFT:-0.8735,0.5933,3.32,-1.682,-1.182,-0.9717,5.38,-1.691,1.693,-2.422
Random101
Raw:-0.8735,0.593,3.32,-1.682,-1.181,-0.9717,5.38,-1.691,1.692,-2.422
EFT:-0.8735,0.5933,3.32,-1.682,-1.182,-0.9717,5.38,-1.691,1.693,-2.422
Random102
Raw:-0.874,0.593,3.32,-1.682,-1.181,-0.9717,5.38,-1.691,1.693,-2.422
EFT:-0.8735,0.5933,3.32,-1.682,-1.182,-0.9717,5.38,-1.691,1.693,-2.422
Random103
Raw:-0.8735,0.593,3.32,-1.682,-1.181,-0.9717,5.38,-1.691,1.693,-2.422
EFT:-0.8735,0.5933,3.32,-1.682,-1.182,-0.9717,5.38,-1.691,1.693,-2.422
Random104
Raw:-0.874,0.593,3.32,-1.682,-1.182,-0.9717,5.38,-1.691,1.693,-2.422
EFT:-0.8735,0.5933,3.32,-1.682,-1.182,-0.9717,5.38,-1.691,1.692,-2.422
Random105
Raw:-0.8735,0.5933,3.32,-1.682,-1.182,-0.9717,5.38,-1.691,1.692,-2.422
EFT:-0.8735,0.5933,3.32,-1.682,-1.182,-0.9717,5.38,-1.691,1.693,-2.422
Random106
Raw:-0.8735,0.5933,3.32,-1.682,-1.181,-0.9717,5.38,-1.691,1.692,-2.422
EFT:-0.8735,0.5933,3.32,-1.682,-1.182,-0.9717,5.38,-1.691,1.693,-2.422
Random107
Raw:-0.8735,0.593,3.32,-1.682,-1.182,-0.9717,5.38,-1.691,1.692,-2.422
EFT:-0.8735,0.5933,3.32,-1.682,-1.182,-0.9717,5.38,-1.691,1.693,-2.422
Random108
Raw:-0.8735,0.5933,3.32,-1.682,-1.181,-0.9717,5.38,-1.691,1.692,-2.422
EFT:-0.8735,0.5933,3.32,-1.682,-1.182,-0.9717,5.38,-1.691,1.693,-2.422
Random109
Raw:-0.8735,0.593,3.32,-1.682,-1.181,-0.9717,5.38,-1.691,1.693,-2.422
EFT:-0.8735,0.5933,3.32,-1.682,-1.182,-0.9717,5.38,-1.691,1.693,-2.422
Random110
Raw:-0.8735,0.593,3.32,-1.682,-1.182,-0.9717,5.38,-1.691,1.692,-2.422
EFT:-0.8735,0.5933,3.32,-1.682,-1.182,-0.9717,5.38,-1.691,1.693,-2.422
Random111
Raw:-0.8735,0.5933,3.32,-1.682,-1.182,-0.9717,5.38,-1.691,1.692,-2.422
EFT:-0.8735,0.5933,3.32,-1.682,-1.182,-0.9717,5.38,-1.691,1.693,-2.422
Random112
Raw:-0.874,0.593,3.32,-1.682,-1.182,-0.9717,5.38,-1.691,1.692,-2.422
EFT:-0.8735,0.5933,3.32,-1.682,-1.182,-0.9717,5.383,-1.691,1.692,-2.422
Random113
Raw:-0.873,0.5933,3.32,-1.682,-1.182,-0.9717,5.38,-1.691,1.693,-2.422
EFT:-0.8735,0.5933,3.32,-1.682,-1.182,-0.9717,5.38,-1.691,1.692,-2.422
Random114
Raw:-0.8735,0.5933,3.32,-1.682,-1.182,-0.9717,5.383,-1.691,1.693,-2.422
EFT:-0.8735,0.5933,3.32,-1.682,-1.182,-0.9717,5.38,-1.691,1.693,-2.422
Random115
Raw:-0.8735,0.5933,3.32,-1.682,-1.182,-0.9717,5.38,-1.691,1.693,-2.422
EFT:-0.8735,0.5933,3.32,-1.682,-1.182,-0.9717,5.38,-1.691,1.693,-2.422
Random116
Raw:-0.8735,0.5933,3.32,-1.682,-1.182,-0.9717,5.38,-1.691,1.692,-2.422
EFT:-0.8735,0.5933,3.32,-1.682,-1.182,-0.9717,5.38,-1.691,1.692,-2.422
Random117
Raw:-0.873,0.5933,3.32,-1.682,-1.182,-0.9717,5.38,-1.691,1.692,-2.422
EFT:-0.8735,0.5933,3.32,-1.682,-1.182,-0.9717,5.38,-1.691,1.692,-2.422
Random118
Raw:-0.8735,0.593,3.32,-1.682,-1.182,-0.9717,5.38,-1.691,1.692,-2.422
EFT:-0.8735,0.5933,3.32,-1.682,-1.182,-0.9717,5.38,-1.691,1.693,-2.422
Random119
Raw:-0.8735,0.5933,3.32,-1.682,-1.181,-0.9717,5.38,-1.691,1.693,-2.422
EFT:-0.8735,0.5933,3.32,-1.682,-1.182,-0.9717,5.38,-1.691,1.693,-2.422
Random120
Raw:-0.8735,0.593,3.32,-1.682,-1.182,-0.9717,5.38,-1.691,1.692,-2.422
EFT:-0.8735,0.5933,3.32,-1.682,-1.182,-0.9717,5.38,-1.691,1.693,-2.422
Random121
Raw:-0.873,0.593,3.32,-1.682,-1.182,-0.9717,5.38,-1.691,1.693,-2.422
EFT:-0.8735,0.5933,3.32,-1.682,-1.182,-0.9717,5.38,-1.691,1.693,-2.422
Random122
Raw:-0.873,0.5933,3.32,-1.682,-1.182,-0.9717,5.38,-1.691,1.692,-2.422
EFT:-0.8735,0.5933,3.32,-1.682,-1.182,-0.9717,5.38,-1.691,1.692,-2.422
Random123
Raw:-0.8735,0.5933,3.32,-1.682,-1.18,-0.9717,5.38,-1.691,1.693,-2.422
EFT:-0.8735,0.5933,3.32,-1.682,-1.182,-0.9717,5.38,-1.691,1.692,-2.422
Random124
Raw:-0.8735,0.593,3.32,-1.682,-1.182,-0.9717,5.38,-1.691,1.693,-2.422
EFT:-0.8735,0.5933,3.32,-1.682,-1.182,-0.9717,5.38,-1.691,1.693,-2.422
Random125
Raw:-0.8735,0.5933,3.32,-1.682,-1.181,-0.9717,5.38,-1.691,1.693,-2.422
EFT:-0.8735,0.5933,3.32,-1.682,-1.182,-0.9717,5.38,-1.691,1.693,-2.422
Random126
Raw:-0.873,0.593,3.32,-1.682,-1.182,-0.9717,5.38,-1.691,1.692,-2.422
EFT:-0.8735,0.5933,3.32,-1.682,-1.182,-0.9717,5.38,-1.691,1.693,-2.422
Random127
Raw:-0.8735,0.5933,3.32,-1.682,-1.182,-0.9717,5.38,-1.691,1.693,-2.422
EFT:-0.8735,0.5933,3.32,-1.682,-1.182,-0.9717,5.38,-1.691,1.692,-2.422
Random128
Raw:-0.8735,0.5933,3.32,-1.682,-1.181,-0.9717,5.383,-1.691,1.692,-2.422
EFT:-0.873,0.5933,3.32,-1.682,-1.182,-0.9717,5.38,-1.691,1.693,-2.422
Random129
Raw:-0.8735,0.5933,3.32,-1.682,-1.182,-0.9717,5.38,-1.691,1.693,-2.422
EFT:-0.8735,0.5933,3.32,-1.682,-1.182,-0.9717,5.38,-1.691,1.693,-2.422
Random130
Raw:-0.8735,0.593,3.32,-1.682,-1.182,-0.9717,5.38,-1.691,1.692,-2.422
EFT:-0.8735,0.5933,3.32,-1.682,-1.182,-0.9717,5.38,-1.691,1.693,-2.422
Random131
Raw:-0.8735,0.5933,3.32,-1.682,-1.181,-0.9717,5.38,-1.691,1.693,-2.422
EFT:-0.8735,0.5933,3.32,-1.682,-1.182,-0.9717,5.38,-1.691,1.692,-2.422
Random132
Raw:-0.8735,0.5933,3.32,-1.682,-1.182,-0.9717,5.38,-1.691,1.692,-2.422
EFT:-0.873,0.5933,3.32,-1.682,-1.182,-0.9717,5.38,-1.691,1.693,-2.422
Random133
Raw:-0.8735,0.593,3.32,-1.682,-1.182,-0.9717,5.38,-1.691,1.692,-2.422
EFT:-0.873,0.5933,3.32,-1.682,-1.182,-0.9717,5.38,-1.691,1.693,-2.422
Random134
Raw:-0.874,0.5933,3.32,-1.682,-1.182,-0.9717,5.38,-1.691,1.692,-2.422
EFT:-0.8735,0.5933,3.32,-1.682,-1.182,-0.9717,5.38,-1.691,1.692,-2.422
Random135
Raw:-0.8735,0.593,3.32,-1.682,-1.182,-0.9717,5.38,-1.691,1.693,-2.422
EFT:-0.8735,0.5933,3.32,-1.682,-1.182,-0.9717,5.38,-1.691,1.692,-2.422
Random136
Raw:-0.8735,0.5933,3.32,-1.682,-1.182,-0.9717,5.38,-1.691,1.693,-2.422
EFT:-0.8735,0.5933,3.32,-1.682,-1.182,-0.9717,5.38,-1.691,1.692,-2.422
Random137
Raw:-0.8735,0.5933,3.32,-1.682,-1.182,-0.9717,5.38,-1.691,1.692,-2.422
EFT:-0.8735,0.5933,3.32,-1.682,-1.182,-0.9717,5.38,-1.691,1.692,-2.422
Random138
Raw:-0.8735,0.5933,3.32,-1.682,-1.182,-0.9717,5.38,-1.691,1.693,-2.422
EFT:-0.8735,0.5933,3.32,-1.682,-1.182,-0.9717,5.38,-1.691,1.692,-2.422
Random139
Raw:-0.8735,0.593,3.32,-1.682,-1.182,-0.9717,5.38,-1.691,1.692,-2.422
EFT:-0.8735,0.5933,3.32,-1.682,-1.182,-0.9717,5.38,-1.691,1.692,-2.422
Random140
Raw:-0.874,0.593,3.32,-1.682,-1.181,-0.9717,5.38,-1.691,1.692,-2.422
EFT:-0.8735,0.5933,3.32,-1.682,-1.182,-0.9717,5.38,-1.691,1.693,-2.422
Random141
Raw:-0.8735,0.593,3.32,-1.682,-1.181,-0.9717,5.38,-1.691,1.693,-2.422
EFT:-0.8735,0.5933,3.32,-1.682,-1.182,-0.9717,5.38,-1.691,1.692,-2.422
Random142
Raw:-0.8735,0.593,3.32,-1.682,-1.182,-0.9717,5.38,-1.691,1.693,-2.422
EFT:-0.8735,0.5933,3.32,-1.682,-1.182,-0.9717,5.38,-1.691,1.693,-2.422
Random143
Raw:-0.8735,0.5933,3.32,-1.682,-1.181,-0.9717,5.38,-1.691,1.692,-2.422
EFT:-0.873,0.5933,3.32,-1.682,-1.182,-0.9717,5.38,-1.691,1.693,-2.422
Random144
Raw:-0.8735,0.593,3.32,-1.682,-1.181,-0.9717,5.38,-1.691,1.692,-2.422
EFT:-0.8735,0.5933,3.32,-1.682,-1.182,-0.9717,5.38,-1.691,1.693,-2.422
Random145
Raw:-0.874,0.593,3.32,-1.682,-1.182,-0.9717,5.38,-1.691,1.693,-2.422
EFT:-0.8735,0.5933,3.32,-1.682,-1.182,-0.9717,5.38,-1.691,1.693,-2.422
Random146
Raw:-0.8735,0.593,3.32,-1.682,-1.181,-0.9717,5.38,-1.691,1.693,-2.422
EFT:-0.8735,0.5933,3.32,-1.682,-1.182,-0.9717,5.38,-1.691,1.692,-2.422
Random147
Raw:-0.8735,0.593,3.32,-1.682,-1.182,-0.9717,5.38,-1.691,1.693,-2.422
EFT:-0.8735,0.5933,3.32,-1.682,-1.182,-0.9717,5.38,-1.691,1.692,-2.422
Random148
Raw:-0.8735,0.593,3.32,-1.682,-1.182,-0.9717,5.38,-1.691,1.692,-2.422
EFT:-0.8735,0.5933,3.32,-1.682,-1.182,-0.9717,5.38,-1.691,1.693,-2.422
Random149
Raw:-0.8735,0.593,3.32,-1.682,-1.182,-0.9717,5.38,-1.691,1.692,-2.422
EFT:-0.8735,0.5933,3.32,-1.682,-1.182,-0.9717,5.38,-1.691,1.692,-2.422
Random150
Raw:-0.8735,0.5933,3.32,-1.682,-1.181,-0.9717,5.38,-1.691,1.692,-2.422
EFT:-0.8735,0.5933,3.32,-1.682,-1.182,-0.9717,5.38,-1.691,1.692,-2.422
Random151
Raw:-0.8735,0.5933,3.32,-1.682,-1.181,-0.9717,5.38,-1.691,1.692,-2.422
EFT:-0.8735,0.5933,3.32,-1.682,-1.182,-0.9717,5.383,-1.691,1.692,-2.422
Random152
Raw:-0.8735,0.5933,3.32,-1.682,-1.181,-0.9717,5.38,-1.691,1.692,-2.422
EFT:-0.8735,0.5933,3.32,-1.682,-1.182,-0.9717,5.38,-1.691,1.692,-2.422
Random153
Raw:-0.8735,0.5933,3.32,-1.682,-1.182,-0.9717,5.38,-1.691,1.693,-2.422
EFT:-0.8735,0.5933,3.32,-1.682,-1.182,-0.9717,5.38,-1.691,1.693,-2.422
Random154
Raw:-0.8735,0.5933,3.32,-1.682,-1.182,-0.9717,5.38,-1.691,1.693,-2.422
EFT:-0.8735,0.5933,3.32,-1.682,-1.182,-0.9717,5.38,-1.691,1.692,-2.422
Random155
Raw:-0.8735,0.5933,3.32,-1.682,-1.182,-0.9717,5.38,-1.691,1.693,-2.422
EFT:-0.8735,0.5933,3.32,-1.682,-1.182,-0.9717,5.38,-1.691,1.693,-2.422
Random156
Raw:-0.8735,0.5933,3.32,-1.682,-1.182,-0.9717,5.38,-1.691,1.692,-2.422
EFT:-0.8735,0.5933,3.32,-1.682,-1.182,-0.9717,5.38,-1.691,1.692,-2.422
Random157
Raw:-0.874,0.5933,3.32,-1.682,-1.182,-0.9717,5.38,-1.691,1.692,-2.422
EFT:-0.8735,0.5933,3.32,-1.682,-1.182,-0.9717,5.38,-1.691,1.692,-2.422
Random158
Raw:-0.8735,0.593,3.32,-1.682,-1.182,-0.9717,5.38,-1.691,1.693,-2.422
EFT:-0.8735,0.5933,3.32,-1.682,-1.182,-0.9717,5.38,-1.691,1.692,-2.422
Random159
Raw:-0.8735,0.5933,3.32,-1.682,-1.181,-0.9717,5.38,-1.691,1.692,-2.422
EFT:-0.8735,0.5933,3.32,-1.682,-1.182,-0.9717,5.38,-1.691,1.693,-2.422
Random160
Raw:-0.8735,0.593,3.32,-1.682,-1.182,-0.9717,5.38,-1.691,1.693,-2.422
EFT:-0.8735,0.5933,3.32,-1.682,-1.182,-0.9717,5.38,-1.691,1.693,-2.422
Random161
Raw:-0.8735,0.5933,3.32,-1.682,-1.182,-0.9717,5.38,-1.691,1.692,-2.422
EFT:-0.8735,0.5933,3.32,-1.682,-1.182,-0.9717,5.383,-1.691,1.693,-2.422
Random162
Raw:-0.8735,0.593,3.32,-1.682,-1.182,-0.9717,5.38,-1.691,1.693,-2.422
EFT:-0.8735,0.5933,3.32,-1.682,-1.182,-0.9717,5.38,-1.691,1.693,-2.422
Random163
Raw:-0.8735,0.5933,3.32,-1.682,-1.182,-0.9717,5.38,-1.691,1.692,-2.422
EFT:-0.8735,0.5933,3.32,-1.682,-1.182,-0.9717,5.38,-1.691,1.692,-2.422
Random164
Raw:-0.8735,0.593,3.32,-1.682,-1.182,-0.9717,5.38,-1.691,1.692,-2.422
EFT:-0.8735,0.5933,3.32,-1.682,-1.182,-0.9717,5.38,-1.691,1.692,-2.422
Random165
Raw:-0.8735,0.593,3.32,-1.682,-1.182,-0.9717,5.38,-1.691,1.693,-2.422
EFT:-0.8735,0.5933,3.32,-1.682,-1.182,-0.9717,5.38,-1.691,1.693,-2.422
Random166
Raw:-0.8735,0.5933,3.32,-1.682,-1.182,-0.9717,5.38,-1.691,1.693,-2.422
EFT:-0.8735,0.5933,3.32,-1.682,-1.182,-0.9717,5.38,-1.691,1.692,-2.422
Random167
Raw:-0.8735,0.593,3.32,-1.682,-1.182,-0.9717,5.38,-1.691,1.692,-2.422
EFT:-0.8735,0.5933,3.32,-1.682,-1.182,-0.9717,5.38,-1.691,1.692,-2.422
Random168
Raw:-0.874,0.5933,3.32,-1.682,-1.182,-0.9717,5.38,-1.691,1.692,-2.422
EFT:-0.8735,0.5933,3.32,-1.682,-1.182,-0.9717,5.38,-1.691,1.692,-2.422
Random169
Raw:-0.8735,0.5933,3.32,-1.682,-1.182,-0.9717,5.38,-1.691,1.692,-2.422
EFT:-0.8735,0.5933,3.32,-1.682,-1.182,-0.9717,5.38,-1.691,1.693,-2.422
Random170
Raw:-0.8735,0.593,3.32,-1.682,-1.182,-0.9717,5.38,-1.691,1.692,-2.422
EFT:-0.8735,0.5933,3.32,-1.682,-1.182,-0.9717,5.38,-1.691,1.692,-2.422
Random171
Raw:-0.8735,0.593,3.32,-1.682,-1.182,-0.9717,5.38,-1.691,1.693,-2.422
EFT:-0.8735,0.5933,3.32,-1.682,-1.182,-0.9717,5.38,-1.691,1.692,-2.422
Random172
Raw:-0.8735,0.5933,3.32,-1.682,-1.182,-0.9717,5.38,-1.691,1.692,-2.422
EFT:-0.8735,0.5933,3.32,-1.682,-1.182,-0.9717,5.38,-1.691,1.693,-2.422
Random173
Raw:-0.873,0.5933,3.32,-1.682,-1.182,-0.9717,5.38,-1.691,1.693,-2.422
EFT:-0.873,0.5933,3.32,-1.682,-1.182,-0.9717,5.38,-1.691,1.693,-2.422
Random174
Raw:-0.873,0.5933,3.32,-1.682,-1.181,-0.9717,5.38,-1.691,1.693,-2.422
EFT:-0.8735,0.5933,3.32,-1.682,-1.182,-0.9717,5.38,-1.691,1.692,-2.422
Random175
Raw:-0.8735,0.593,3.32,-1.682,-1.182,-0.9717,5.38,-1.691,1.692,-2.422
EFT:-0.8735,0.5933,3.32,-1.682,-1.182,-0.9717,5.38,-1.691,1.693,-2.422
Random176
Raw:-0.8735,0.5933,3.32,-1.682,-1.181,-0.9717,5.38,-1.691,1.692,-2.422
EFT:-0.8735,0.5933,3.32,-1.682,-1.182,-0.9717,5.38,-1.691,1.693,-2.422
Random177
Raw:-0.8735,0.5933,3.32,-1.682,-1.181,-0.9717,5.38,-1.691,1.692,-2.422
EFT:-0.8735,0.5933,3.32,-1.682,-1.182,-0.9717,5.38,-1.691,1.692,-2.422
Random178
Raw:-0.8735,0.5933,3.32,-1.682,-1.182,-0.9717,5.38,-1.691,1.692,-2.422
EFT:-0.8735,0.5933,3.32,-1.682,-1.182,-0.9717,5.38,-1.691,1.692,-2.422
Random179
Raw:-0.8735,0.593,3.32,-1.682,-1.181,-0.9717,5.38,-1.691,1.693,-2.422
EFT:-0.8735,0.5933,3.32,-1.682,-1.182,-0.9717,5.38,-1.691,1.692,-2.422
Random180
Raw:-0.8735,0.5933,3.32,-1.682,-1.182,-0.9717,5.38,-1.691,1.692,-2.422
EFT:-0.8735,0.5933,3.32,-1.682,-1.182,-0.9717,5.38,-1.691,1.692,-2.422
Random181
Raw:-0.8735,0.5933,3.32,-1.682,-1.182,-0.9717,5.38,-1.691,1.692,-2.422
EFT:-0.8735,0.5933,3.32,-1.682,-1.182,-0.9717,5.38,-1.691,1.692,-2.422
Random182
Raw:-0.8735,0.5933,3.32,-1.682,-1.182,-0.9717,5.38,-1.691,1.692,-2.422
EFT:-0.8735,0.5933,3.32,-1.682,-1.182,-0.9717,5.38,-1.691,1.693,-2.422
Random183
Raw:-0.8735,0.593,3.32,-1.682,-1.181,-0.9717,5.38,-1.691,1.692,-2.422
EFT:-0.8735,0.5933,3.32,-1.682,-1.182,-0.9717,5.38,-1.691,1.692,-2.422
Random184
Raw:-0.8735,0.5933,3.32,-1.682,-1.182,-0.9717,5.38,-1.691,1.693,-2.422
EFT:-0.8735,0.5933,3.32,-1.682,-1.182,-0.9717,5.38,-1.691,1.693,-2.422
Random185
Raw:-0.8735,0.593,3.32,-1.682,-1.182,-0.9717,5.38,-1.691,1.692,-2.422
EFT:-0.8735,0.5933,3.32,-1.682,-1.182,-0.9717,5.38,-1.691,1.692,-2.422
Random186
Raw:-0.8735,0.593,3.32,-1.682,-1.18,-0.9717,5.38,-1.691,1.692,-2.422
EFT:-0.8735,0.5933,3.32,-1.682,-1.182,-0.9717,5.38,-1.691,1.693,-2.422
Random187
Raw:-0.8735,0.5933,3.32,-1.682,-1.182,-0.9717,5.38,-1.691,1.692,-2.422
EFT:-0.8735,0.5933,3.32,-1.682,-1.182,-0.9717,5.38,-1.691,1.693,-2.422
Random188
Raw:-0.8735,0.5933,3.32,-1.682,-1.182,-0.9717,5.38,-1.691,1.693,-2.422
EFT:-0.8735,0.5933,3.32,-1.682,-1.182,-0.9717,5.38,-1.691,1.692,-2.422
Random189
Raw:-0.8735,0.5933,3.32,-1.682,-1.182,-0.9717,5.38,-1.691,1.693,-2.422
EFT:-0.873,0.5933,3.32,-1.682,-1.182,-0.9717,5.38,-1.691,1.693,-2.422
Random190
Raw:-0.8735,0.5933,3.32,-1.682,-1.182,-0.9717,5.38,-1.691,1.693,-2.422
EFT:-0.8735,0.5933,3.32,-1.682,-1.182,-0.9717,5.38,-1.691,1.692,-2.422
Random191
Raw:-0.8735,0.5933,3.32,-1.682,-1.181,-0.9717,5.38,-1.691,1.692,-2.422
EFT:-0.8735,0.5933,3.32,-1.682,-1.182,-0.9717,5.38,-1.691,1.693,-2.422
Random192
Raw:-0.874,0.5933,3.32,-1.682,-1.181,-0.9717,5.38,-1.691,1.692,-2.422
EFT:-0.873,0.5933,3.32,-1.682,-1.182,-0.9717,5.38,-1.691,1.692,-2.422
Random193
Raw:-0.8735,0.5933,3.32,-1.682,-1.182,-0.9717,5.38,-1.691,1.692,-2.422
EFT:-0.8735,0.5933,3.32,-1.682,-1.182,-0.9717,5.38,-1.691,1.692,-2.422
Random194
Raw:-0.8735,0.593,3.32,-1.682,-1.182,-0.9717,5.38,-1.691,1.692,-2.422
EFT:-0.8735,0.5933,3.32,-1.682,-1.182,-0.9717,5.38,-1.691,1.693,-2.422
Random195
Raw:-0.8735,0.5933,3.32,-1.682,-1.182,-0.9717,5.38,-1.691,1.693,-2.422
EFT:-0.8735,0.5933,3.32,-1.682,-1.182,-0.9717,5.38,-1.691,1.693,-2.422
Random196
Raw:-0.8735,0.593,3.32,-1.682,-1.181,-0.9717,5.38,-1.691,1.693,-2.422
EFT:-0.8735,0.5933,3.32,-1.682,-1.182,-0.9717,5.38,-1.691,1.692,-2.422
Random197
Raw:-0.8735,0.5933,3.32,-1.682,-1.182,-0.9717,5.38,-1.691,1.693,-2.422
EFT:-0.8735,0.5933,3.32,-1.682,-1.182,-0.9717,5.38,-1.691,1.692,-2.422
Random198
Raw:-0.8735,0.593,3.32,-1.682,-1.182,-0.9717,5.38,-1.691,1.693,-2.422
EFT:-0.8735,0.5933,3.32,-1.682,-1.182,-0.9717,5.38,-1.691,1.692,-2.422
Random199
Raw:-0.8735,0.5933,3.32,-1.682,-1.182,-0.9717,5.38,-1.691,1.692,-2.422
EFT:-0.8735,0.5933,3.32,-1.682,-1.182,-0.9717,5.38,-1.691,1.692,-2.422
Random200
Raw:-0.873,0.5933,3.32,-1.682,-1.182,-0.9717,5.38,-1.691,1.692,-2.422
EFT:-0.8735,0.5933,3.32,-1.682,-1.182,-0.9717,5.38,-1.691,1.693,-2.422
Random201
Raw:-0.873,0.593,3.32,-1.682,-1.181,-0.9717,5.38,-1.691,1.692,-2.422
EFT:-0.8735,0.5933,3.32,-1.682,-1.182,-0.9717,5.38,-1.691,1.692,-2.422
Random202
Raw:-0.8735,0.5933,3.32,-1.682,-1.182,-0.9717,5.38,-1.691,1.693,-2.422
EFT:-0.8735,0.5933,3.32,-1.682,-1.182,-0.9717,5.38,-1.691,1.692,-2.422
Random203
Raw:-0.8735,0.593,3.32,-1.682,-1.181,-0.9717,5.38,-1.691,1.693,-2.422
EFT:-0.8735,0.5933,3.32,-1.682,-1.182,-0.9717,5.38,-1.691,1.692,-2.422
Random204
Raw:-0.874,0.5933,3.32,-1.682,-1.181,-0.9717,5.38,-1.691,1.692,-2.422
EFT:-0.8735,0.5933,3.32,-1.682,-1.182,-0.9717,5.38,-1.691,1.692,-2.422
Random205
Raw:-0.8735,0.593,3.32,-1.682,-1.182,-0.9717,5.38,-1.691,1.692,-2.422
EFT:-0.8735,0.5933,3.32,-1.682,-1.182,-0.9717,5.38,-1.691,1.693,-2.422
Random206
Raw:-0.873,0.593,3.32,-1.682,-1.182,-0.9717,5.38,-1.691,1.693,-2.422
EFT:-0.8735,0.5933,3.32,-1.682,-1.182,-0.9717,5.38,-1.691,1.692,-2.422
Random207
Raw:-0.8735,0.5933,3.32,-1.682,-1.182,-0.9717,5.38,-1.691,1.692,-2.422
EFT:-0.8735,0.5933,3.32,-1.682,-1.182,-0.9717,5.38,-1.691,1.693,-2.422
Random208
Raw:-0.8735,0.593,3.32,-1.682,-1.182,-0.9717,5.38,-1.691,1.692,-2.422
EFT:-0.8735,0.5933,3.32,-1.682,-1.182,-0.9717,5.38,-1.691,1.693,-2.422
Random209
Raw:-0.8735,0.5933,3.32,-1.682,-1.182,-0.9717,5.38,-1.691,1.692,-2.422
EFT:-0.8735,0.5933,3.32,-1.682,-1.182,-0.9717,5.38,-1.691,1.693,-2.422
Random210
Raw:-0.8735,0.593,3.32,-1.682,-1.181,-0.9717,5.38,-1.691,1.692,-2.422
EFT:-0.8735,0.5933,3.32,-1.682,-1.182,-0.9717,5.38,-1.691,1.692,-2.422
Random211
Raw:-0.8735,0.593,3.32,-1.682,-1.182,-0.9717,5.38,-1.691,1.693,-2.422
EFT:-0.8735,0.5933,3.32,-1.682,-1.182,-0.9717,5.38,-1.691,1.693,-2.422
Random212
Raw:-0.8735,0.593,3.32,-1.682,-1.182,-0.9717,5.38,-1.691,1.693,-2.422
EFT:-0.8735,0.5933,3.32,-1.682,-1.182,-0.9717,5.38,-1.691,1.692,-2.422
Random213
Raw:-0.8735,0.593,3.32,-1.682,-1.182,-0.9717,5.38,-1.691,1.692,-2.422
EFT:-0.8735,0.5933,3.32,-1.682,-1.182,-0.9717,5.383,-1.691,1.693,-2.422
Random214
Raw:-0.8735,0.593,3.32,-1.682,-1.182,-0.9717,5.38,-1.691,1.692,-2.422
EFT:-0.8735,0.5933,3.32,-1.682,-1.182,-0.9717,5.38,-1.691,1.692,-2.422
Random215
Raw:-0.8735,0.593,3.32,-1.682,-1.182,-0.9717,5.38,-1.691,1.692,-2.422
EFT:-0.8735,0.5933,3.32,-1.682,-1.182,-0.9717,5.38,-1.691,1.693,-2.422
Random216
Raw:-0.8735,0.593,3.32,-1.682,-1.182,-0.9717,5.38,-1.691,1.693,-2.422
EFT:-0.8735,0.5933,3.32,-1.682,-1.182,-0.9717,5.38,-1.691,1.693,-2.422
Random217
Raw:-0.8735,0.593,3.32,-1.682,-1.182,-0.9717,5.38,-1.691,1.692,-2.422
EFT:-0.873,0.5933,3.32,-1.682,-1.182,-0.9717,5.38,-1.691,1.692,-2.422
Random218
Raw:-0.8735,0.5933,3.32,-1.682,-1.182,-0.9717,5.38,-1.691,1.692,-2.422
EFT:-0.8735,0.5933,3.32,-1.682,-1.182,-0.9717,5.38,-1.691,1.693,-2.422
Random219
Raw:-0.8735,0.593,3.32,-1.682,-1.182,-0.9717,5.38,-1.691,1.693,-2.422
EFT:-0.8735,0.5933,3.32,-1.682,-1.182,-0.9717,5.38,-1.691,1.693,-2.422
Random220
Raw:-0.8735,0.5933,3.32,-1.682,-1.181,-0.9717,5.38,-1.691,1.692,-2.422
EFT:-0.8735,0.5933,3.32,-1.682,-1.182,-0.9717,5.38,-1.691,1.692,-2.422
Random221
Raw:-0.8735,0.593,3.32,-1.682,-1.182,-0.9717,5.38,-1.691,1.693,-2.422
EFT:-0.8735,0.5933,3.32,-1.682,-1.182,-0.9717,5.38,-1.691,1.692,-2.422
Random222
Raw:-0.8735,0.593,3.32,-1.682,-1.182,-0.9717,5.38,-1.691,1.692,-2.422
EFT:-0.8735,0.5933,3.32,-1.682,-1.182,-0.9717,5.38,-1.691,1.692,-2.422
Random223
Raw:-0.8735,0.593,3.32,-1.682,-1.182,-0.9717,5.38,-1.691,1.692,-2.422
EFT:-0.8735,0.5933,3.32,-1.682,-1.182,-0.9717,5.383,-1.691,1.692,-2.422
Random224
Raw:-0.8735,0.5933,3.32,-1.682,-1.182,-0.9717,5.383,-1.691,1.693,-2.422
EFT:-0.8735,0.5933,3.32,-1.682,-1.182,-0.9717,5.38,-1.691,1.692,-2.422
Random225
Raw:-0.8735,0.5933,3.32,-1.682,-1.182,-0.9717,5.38,-1.691,1.692,-2.422
EFT:-0.8735,0.5933,3.32,-1.682,-1.182,-0.9717,5.38,-1.691,1.692,-2.422
Random226
Raw:-0.8735,0.593,3.32,-1.682,-1.182,-0.9717,5.38,-1.691,1.693,-2.422
EFT:-0.8735,0.5933,3.32,-1.682,-1.182,-0.9717,5.38,-1.691,1.693,-2.422
Random227
Raw:-0.8735,0.5933,3.32,-1.682,-1.182,-0.9717,5.38,-1.691,1.692,-2.422
EFT:-0.8735,0.5933,3.32,-1.682,-1.182,-0.9717,5.38,-1.691,1.693,-2.422
Random228
Raw:-0.8735,0.5933,3.32,-1.682,-1.182,-0.9717,5.38,-1.691,1.692,-2.422
EFT:-0.8735,0.5933,3.32,-1.682,-1.182,-0.9717,5.38,-1.691,1.692,-2.422
Random229
Raw:-0.8735,0.5933,3.32,-1.682,-1.182,-0.9717,5.38,-1.691,1.692,-2.422
EFT:-0.8735,0.5933,3.32,-1.682,-1.182,-0.9717,5.38,-1.691,1.693,-2.422
Random230
Raw:-0.8735,0.593,3.32,-1.682,-1.181,-0.9717,5.38,-1.691,1.692,-2.422
EFT:-0.8735,0.5933,3.32,-1.682,-1.182,-0.9717,5.383,-1.691,1.693,-2.422
Random231
Raw:-0.8735,0.593,3.32,-1.682,-1.182,-0.9717,5.38,-1.691,1.693,-2.422
EFT:-0.873,0.5933,3.32,-1.682,-1.182,-0.9717,5.38,-1.691,1.693,-2.422
Random232
Raw:-0.8735,0.5933,3.32,-1.682,-1.182,-0.9717,5.38,-1.691,1.693,-2.422
EFT:-0.873,0.5933,3.32,-1.682,-1.182,-0.9717,5.38,-1.691,1.693,-2.422
Random233
Raw:-0.8735,0.593,3.32,-1.682,-1.181,-0.9717,5.38,-1.691,1.692,-2.422
EFT:-0.8735,0.5933,3.32,-1.682,-1.182,-0.9717,5.38,-1.691,1.692,-2.422
Random234
Raw:-0.8735,0.593,3.32,-1.682,-1.182,-0.9717,5.38,-1.691,1.692,-2.422
EFT:-0.8735,0.5933,3.32,-1.682,-1.182,-0.9717,5.38,-1.691,1.692,-2.422
Random235
Raw:-0.8735,0.5933,3.32,-1.682,-1.182,-0.9717,5.383,-1.691,1.693,-2.422
EFT:-0.8735,0.5933,3.32,-1.682,-1.181,-0.9717,5.38,-1.691,1.692,-2.422
Random236
Raw:-0.8735,0.5933,3.32,-1.682,-1.182,-0.9717,5.38,-1.691,1.692,-2.422
EFT:-0.873,0.5933,3.32,-1.682,-1.182,-0.9717,5.38,-1.691,1.692,-2.422
Random237
Raw:-0.8735,0.5933,3.32,-1.682,-1.182,-0.9717,5.38,-1.691,1.692,-2.422
EFT:-0.8735,0.5933,3.32,-1.682,-1.182,-0.9717,5.38,-1.691,1.692,-2.422
Random238
Raw:-0.8735,0.5933,3.32,-1.682,-1.181,-0.9717,5.38,-1.691,1.692,-2.422
EFT:-0.8735,0.5933,3.32,-1.682,-1.182,-0.9717,5.38,-1.691,1.692,-2.422
Random239
Raw:-0.8735,0.5933,3.32,-1.682,-1.182,-0.9717,5.38,-1.691,1.692,-2.422
EFT:-0.8735,0.5933,3.32,-1.682,-1.182,-0.9717,5.38,-1.691,1.693,-2.422
Random240
Raw:-0.874,0.5933,3.32,-1.682,-1.182,-0.9717,5.38,-1.691,1.693,-2.422
EFT:-0.8735,0.5933,3.32,-1.682,-1.182,-0.9717,5.38,-1.691,1.692,-2.422
Random241
Raw:-0.8735,0.5933,3.32,-1.682,-1.181,-0.9717,5.38,-1.691,1.693,-2.422
EFT:-0.873,0.5933,3.32,-1.682,-1.182,-0.9717,5.38,-1.691,1.693,-2.422
Random242
Raw:-0.8735,0.593,3.32,-1.682,-1.182,-0.9717,5.38,-1.691,1.693,-2.422
EFT:-0.8735,0.5933,3.32,-1.682,-1.182,-0.9717,5.383,-1.691,1.692,-2.422
Random243
Raw:-0.8735,0.593,3.32,-1.682,-1.182,-0.9717,5.38,-1.691,1.693,-2.422
EFT:-0.8735,0.5933,3.32,-1.682,-1.182,-0.9717,5.38,-1.691,1.692,-2.422
Random244
Raw:-0.8735,0.5933,3.32,-1.682,-1.181,-0.9717,5.38,-1.691,1.693,-2.422
EFT:-0.8735,0.5933,3.32,-1.682,-1.182,-0.9717,5.38,-1.691,1.692,-2.422
Random245
Raw:-0.8735,0.5933,3.32,-1.682,-1.182,-0.9717,5.38,-1.691,1.692,-2.422
EFT:-0.8735,0.5933,3.32,-1.682,-1.182,-0.9717,5.38,-1.691,1.692,-2.422
Random246
Raw:-0.8735,0.5933,3.32,-1.682,-1.182,-0.9717,5.38,-1.691,1.693,-2.422
EFT:-0.8735,0.5933,3.32,-1.682,-1.182,-0.9717,5.38,-1.691,1.693,-2.422
Random247
Raw:-0.8735,0.593,3.32,-1.682,-1.182,-0.9717,5.38,-1.691,1.692,-2.422
EFT:-0.8735,0.5933,3.32,-1.682,-1.182,-0.9717,5.38,-1.691,1.692,-2.422
Random248
Raw:-0.8735,0.593,3.32,-1.682,-1.181,-0.9717,5.38,-1.691,1.692,-2.422
EFT:-0.8735,0.5933,3.32,-1.682,-1.182,-0.9717,5.38,-1.691,1.692,-2.422
Random249
Raw:-0.8735,0.593,3.32,-1.682,-1.181,-0.9717,5.38,-1.691,1.692,-2.422
EFT:-0.8735,0.5933,3.32,-1.682,-1.182,-0.9717,5.38,-1.691,1.692,-2.422
Random250
Raw:-0.8735,0.593,3.32,-1.682,-1.182,-0.9717,5.38,-1.691,1.693,-2.422
EFT:-0.8735,0.5933,3.32,-1.682,-1.182,-0.9717,5.38,-1.691,1.692,-2.422
Random251
Raw:-0.873,0.593,3.32,-1.682,-1.181,-0.9717,5.38,-1.691,1.693,-2.422
EFT:-0.8735,0.5933,3.32,-1.682,-1.182,-0.9717,5.38,-1.691,1.692,-2.422
Random252
Raw:-0.8735,0.5933,3.32,-1.682,-1.182,-0.9717,5.38,-1.691,1.693,-2.422
EFT:-0.8735,0.5933,3.32,-1.682,-1.182,-0.9717,5.38,-1.691,1.693,-2.422
Random253
Raw:-0.8735,0.5933,3.32,-1.682,-1.182,-0.9717,5.38,-1.691,1.692,-2.422
EFT:-0.8735,0.5933,3.32,-1.682,-1.182,-0.9717,5.38,-1.691,1.692,-2.422
Random254
Raw:-0.8735,0.593,3.32,-1.682,-1.182,-0.9717,5.38,-1.691,1.692,-2.422
EFT:-0.8735,0.5933,3.32,-1.682,-1.182,-0.9717,5.38,-1.691,1.693,-2.422
Random255
Raw:-0.8735,0.5933,3.32,-1.682,-1.181,-0.9717,5.38,-1.691,1.693,-2.422
EFT:-0.8735,0.5933,3.32,-1.682,-1.182,-0.9717,5.38,-1.691,1.692,-2.422
Random256
Raw:-0.8735,0.593,3.32,-1.682,-1.182,-0.9717,5.38,-1.691,1.692,-2.422
EFT:-0.8735,0.5933,3.32,-1.682,-1.182,-0.9717,5.38,-1.691,1.693,-2.422
Random257
Raw:-0.8735,0.593,3.32,-1.682,-1.181,-0.9717,5.38,-1.691,1.692,-2.422
EFT:-0.8735,0.5933,3.32,-1.682,-1.182,-0.9717,5.38,-1.691,1.693,-2.422
Random258
Raw:-0.8735,0.5933,3.32,-1.682,-1.181,-0.9717,5.38,-1.691,1.692,-2.422
EFT:-0.8735,0.5933,3.32,-1.682,-1.182,-0.9717,5.38,-1.691,1.693,-2.422
Random259
Raw:-0.873,0.5933,3.32,-1.682,-1.182,-0.9717,5.38,-1.691,1.693,-2.422
EFT:-0.8735,0.5933,3.32,-1.682,-1.182,-0.9717,5.38,-1.691,1.693,-2.422
Random260
Raw:-0.8735,0.5933,3.32,-1.682,-1.181,-0.9717,5.383,-1.691,1.693,-2.422
EFT:-0.8735,0.5933,3.32,-1.682,-1.181,-0.9717,5.38,-1.691,1.692,-2.422
Random261
Raw:-0.8735,0.5933,3.32,-1.682,-1.182,-0.9717,5.38,-1.691,1.693,-2.422
EFT:-0.8735,0.5933,3.32,-1.682,-1.182,-0.9717,5.38,-1.691,1.693,-2.422
Random262
Raw:-0.8735,0.5933,3.32,-1.682,-1.181,-0.9717,5.38,-1.691,1.693,-2.422
EFT:-0.8735,0.5933,3.32,-1.682,-1.182,-0.9717,5.38,-1.691,1.692,-2.422
Random263
Raw:-0.8735,0.593,3.32,-1.682,-1.182,-0.9717,5.38,-1.691,1.693,-2.422
EFT:-0.8735,0.5933,3.32,-1.682,-1.182,-0.9717,5.38,-1.691,1.692,-2.422
Random264
Raw:-0.8735,0.593,3.32,-1.682,-1.182,-0.9717,5.38,-1.691,1.692,-2.422
EFT:-0.873,0.5933,3.32,-1.682,-1.182,-0.9717,5.38,-1.691,1.692,-2.422
Random265
Raw:-0.874,0.593,3.32,-1.682,-1.182,-0.9717,5.38,-1.691,1.693,-2.422
EFT:-0.8735,0.5933,3.32,-1.682,-1.182,-0.9717,5.38,-1.691,1.692,-2.422
Random266
Raw:-0.874,0.593,3.32,-1.682,-1.182,-0.9717,5.38,-1.691,1.693,-2.422
EFT:-0.8735,0.5933,3.32,-1.682,-1.182,-0.9717,5.38,-1.691,1.693,-2.422
Random267
Raw:-0.874,0.593,3.32,-1.682,-1.182,-0.9717,5.38,-1.691,1.693,-2.422
EFT:-0.8735,0.5933,3.32,-1.682,-1.182,-0.9717,5.38,-1.691,1.693,-2.422
Random268
Raw:-0.8735,0.5933,3.32,-1.682,-1.181,-0.9717,5.38,-1.691,1.692,-2.422
EFT:-0.8735,0.5933,3.32,-1.682,-1.182,-0.9717,5.38,-1.691,1.693,-2.422
Random269
Raw:-0.873,0.5933,3.32,-1.682,-1.181,-0.9717,5.38,-1.691,1.692,-2.422
EFT:-0.8735,0.5933,3.32,-1.682,-1.182,-0.9717,5.38,-1.691,1.693,-2.422
Random270
Raw:-0.8735,0.593,3.32,-1.682,-1.182,-0.9717,5.38,-1.691,1.693,-2.422
EFT:-0.873,0.5933,3.32,-1.682,-1.182,-0.9717,5.38,-1.691,1.692,-2.422
Random271
Raw:-0.8735,0.593,3.32,-1.682,-1.182,-0.9717,5.38,-1.691,1.692,-2.422
EFT:-0.873,0.5933,3.32,-1.682,-1.182,-0.9717,5.38,-1.691,1.692,-2.422
Random272
Raw:-0.8735,0.593,3.32,-1.682,-1.182,-0.9717,5.38,-1.691,1.692,-2.422
EFT:-0.873,0.5933,3.32,-1.682,-1.182,-0.9717,5.38,-1.691,1.692,-2.422
Random273
Raw:-0.873,0.5933,3.32,-1.682,-1.182,-0.9717,5.38,-1.691,1.692,-2.422
EFT:-0.8735,0.5933,3.32,-1.682,-1.182,-0.9717,5.38,-1.691,1.692,-2.422
Random274
Raw:-0.8735,0.5933,3.32,-1.682,-1.182,-0.9717,5.38,-1.691,1.693,-2.422
EFT:-0.8735,0.5933,3.32,-1.682,-1.182,-0.9717,5.38,-1.691,1.693,-2.422
Random275
Raw:-0.8735,0.593,3.32,-1.682,-1.181,-0.9717,5.38,-1.691,1.692,-2.422
EFT:-0.8735,0.5933,3.32,-1.682,-1.182,-0.9717,5.38,-1.691,1.693,-2.422
Random276
Raw:-0.8735,0.593,3.32,-1.682,-1.182,-0.9717,5.38,-1.691,1.693,-2.422
EFT:-0.8735,0.5933,3.32,-1.682,-1.182,-0.9717,5.38,-1.691,1.693,-2.422
Random277
Raw:-0.8735,0.593,3.32,-1.682,-1.18,-0.9717,5.38,-1.691,1.692,-2.422
EFT:-0.8735,0.5933,3.32,-1.682,-1.182,-0.9717,5.38,-1.691,1.693,-2.422
Random278
Raw:-0.8735,0.5933,3.32,-1.682,-1.181,-0.9717,5.38,-1.691,1.693,-2.422
EFT:-0.8735,0.5933,3.32,-1.682,-1.182,-0.9717,5.38,-1.691,1.692,-2.422
Random279
Raw:-0.8735,0.5933,3.32,-1.682,-1.182,-0.9717,5.38,-1.691,1.692,-2.422
EFT:-0.8735,0.5933,3.32,-1.682,-1.182,-0.9717,5.38,-1.691,1.693,-2.422
Random280
Raw:-0.8735,0.5933,3.32,-1.682,-1.182,-0.9717,5.38,-1.691,1.693,-2.422
EFT:-0.8735,0.5933,3.32,-1.682,-1.182,-0.9717,5.38,-1.691,1.692,-2.422
Random281
Raw:-0.8735,0.593,3.32,-1.682,-1.182,-0.9717,5.38,-1.691,1.693,-2.422
EFT:-0.8735,0.5933,3.32,-1.682,-1.182,-0.9717,5.38,-1.691,1.692,-2.422
Random282
Raw:-0.8735,0.593,3.32,-1.682,-1.182,-0.9717,5.38,-1.691,1.693,-2.422
EFT:-0.8735,0.5933,3.32,-1.682,-1.182,-0.9717,5.38,-1.691,1.693,-2.422
Random283
Raw:-0.8735,0.593,3.32,-1.682,-1.182,-0.9717,5.38,-1.691,1.693,-2.422
EFT:-0.8735,0.5933,3.32,-1.682,-1.182,-0.9717,5.38,-1.691,1.693,-2.422
Random284
Raw:-0.873,0.593,3.32,-1.682,-1.182,-0.9717,5.38,-1.691,1.692,-2.422
EFT:-0.8735,0.5933,3.32,-1.682,-1.182,-0.9717,5.38,-1.691,1.693,-2.422
Random285
Raw:-0.8735,0.593,3.32,-1.682,-1.182,-0.9717,5.38,-1.691,1.693,-2.422
EFT:-0.8735,0.5933,3.32,-1.682,-1.182,-0.9717,5.38,-1.691,1.693,-2.422
Random286
Raw:-0.873,0.593,3.32,-1.682,-1.182,-0.9717,5.38,-1.691,1.693,-2.422
EFT:-0.8735,0.5933,3.32,-1.682,-1.182,-0.9717,5.38,-1.691,1.692,-2.422
Random287
Raw:-0.8735,0.5933,3.32,-1.682,-1.181,-0.9717,5.38,-1.691,1.692,-2.422
EFT:-0.8735,0.5933,3.32,-1.682,-1.182,-0.9717,5.383,-1.691,1.692,-2.422
Random288
Raw:-0.8735,0.593,3.32,-1.682,-1.182,-0.9717,5.38,-1.691,1.693,-2.422
EFT:-0.8735,0.5933,3.32,-1.682,-1.182,-0.9717,5.38,-1.691,1.693,-2.422
Random289
Raw:-0.8735,0.593,3.32,-1.682,-1.182,-0.9717,5.38,-1.691,1.692,-2.422
EFT:-0.8735,0.5933,3.32,-1.682,-1.182,-0.9717,5.38,-1.691,1.693,-2.422
Random290
Raw:-0.8735,0.593,3.32,-1.682,-1.181,-0.9717,5.38,-1.691,1.693,-2.422
EFT:-0.8735,0.5933,3.32,-1.682,-1.182,-0.9717,5.38,-1.691,1.693,-2.422
Random291
Raw:-0.8735,0.593,3.32,-1.682,-1.182,-0.9717,5.38,-1.691,1.693,-2.422
EFT:-0.8735,0.5933,3.32,-1.682,-1.182,-0.9717,5.38,-1.691,1.692,-2.422
Random292
Raw:-0.874,0.593,3.32,-1.682,-1.18,-0.9717,5.38,-1.691,1.692,-2.422
EFT:-0.8735,0.5933,3.32,-1.682,-1.182,-0.9717,5.383,-1.691,1.693,-2.422
Random293
Raw:-0.8735,0.593,3.32,-1.682,-1.182,-0.9717,5.38,-1.691,1.693,-2.422
EFT:-0.8735,0.5933,3.32,-1.682,-1.182,-0.9717,5.38,-1.691,1.693,-2.422
Random294
Raw:-0.8735,0.5933,3.32,-1.682,-1.182,-0.9717,5.38,-1.691,1.693,-2.422
EFT:-0.8735,0.5933,3.32,-1.682,-1.182,-0.9717,5.383,-1.691,1.693,-2.422
Random295
Raw:-0.8735,0.5933,3.32,-1.682,-1.182,-0.9717,5.38,-1.691,1.692,-2.422
EFT:-0.8735,0.5933,3.32,-1.682,-1.182,-0.9717,5.38,-1.691,1.692,-2.422
Random296
Raw:-0.8735,0.5933,3.32,-1.682,-1.182,-0.9717,5.38,-1.691,1.693,-2.422
EFT:-0.8735,0.5933,3.32,-1.682,-1.182,-0.9717,5.38,-1.691,1.693,-2.422
Random297
Raw:-0.8735,0.593,3.32,-1.682,-1.182,-0.9717,5.38,-1.691,1.693,-2.422
EFT:-0.8735,0.5933,3.32,-1.682,-1.182,-0.9717,5.38,-1.691,1.693,-2.422
Random298
Raw:-0.8735,0.593,3.32,-1.682,-1.182,-0.9717,5.38,-1.691,1.693,-2.422
EFT:-0.8735,0.5933,3.32,-1.682,-1.182,-0.9717,5.38,-1.691,1.693,-2.422
Random299
Raw:-0.8735,0.593,3.32,-1.682,-1.181,-0.9717,5.38,-1.691,1.692,-2.422
EFT:-0.8735,0.5933,3.32,-1.682,-1.182,-0.9717,5.38,-1.691,1.693,-2.422
Random300
Raw:-0.8735,0.593,3.32,-1.682,-1.182,-0.9717,5.38,-1.691,1.693,-2.422
EFT:-0.8735,0.5933,3.32,-1.682,-1.182,-0.9717,5.38,-1.691,1.693,-2.422
