Ascend
Raw:1.175,0.768,-1.255,1.911,12.23,-0.9077,1.852,2.02,3.21,6.836
EFT:1.178,0.763,-1.256,1.908,12.22,-0.906,1.85,2.018,3.207,6.832
Descend
Raw:1.188,0.761,-1.247,1.916,12.164,-0.8955,1.846,2.004,3.207,6.82
EFT:1.178,0.763,-1.256,1.908,12.22,-0.906,1.85,2.018,3.205,6.832
Random1
Raw:1.1875,0.761,-1.247,1.915,12.22,-0.9106,1.859,2.014,3.219,6.832
EFT:1.178,0.763,-1.256,1.908,12.22,-0.906,1.85,2.018,3.205,6.832
Random2
Raw:1.202,0.7583,-1.241,1.92,12.195,-0.9116,1.865,2.01,3.227,6.83
EFT:1.178,0.763,-1.256,1.908,12.22,-0.906,1.85,2.018,3.205,6.832
Random3
Raw:1.177,0.766,-1.256,1.909,12.195,-0.898,1.846,2.014,3.2,6.832
EFT:1.178,0.763,-1.256,1.908,12.22,-0.906,1.85,2.018,3.205,6.832
Random4
Raw:1.188,0.7593,-1.25,1.911,12.17,-0.897,1.852,2.006,3.203,6.82
EFT:1.178,0.763,-1.256,1.908,12.22,-0.906,1.85,2.018,3.205,6.832
Random5
Raw:1.194,0.7505,-1.244,1.909,12.18,-0.9146,1.852,2.01,3.215,6.812
EFT:1.178,0.763,-1.256,1.908,12.22,-0.906,1.85,2.018,3.207,6.832
Random6
Raw:1.185,0.765,-1.251,1.913,12.23,-0.91,1.857,2.018,3.215,6.836
EFT:1.178,0.763,-1.256,1.908,12.22,-0.906,1.85,2.018,3.207,6.832
Random7
Raw:1.183,0.7583,-1.247,1.911,12.19,-0.907,1.846,2.014,3.21,6.82
EFT:1.178,0.763,-1.256,1.908,12.22,-0.906,1.85,2.018,3.207,6.832
Random8
Raw:1.175,0.768,-1.255,1.91,12.2,-0.897,1.844,2.014,3.203,6.832
EFT:1.178,0.763,-1.256,1.908,12.22,-0.906,1.85,2.018,3.205,6.832
Random9
Raw:1.189,0.7524,-1.251,1.905,12.21,-0.917,1.857,2.018,3.21,6.83
EFT:1.178,0.763,-1.256,1.908,12.22,-0.906,1.85,2.018,3.205,6.832
Random10
Raw:1.173,0.764,-1.255,1.908,12.234,-0.916,1.854,2.021,3.207,6.832
EFT:1.178,0.763,-1.256,1.908,12.22,-0.906,1.85,2.018,3.207,6.832
Random11
Raw:1.194,0.7563,-1.243,1.911,12.18,-0.9087,1.855,2.008,3.215,6.816
EFT:1.178,0.763,-1.256,1.908,12.22,-0.906,1.85,2.018,3.207,6.832
Random12
Raw:1.171,0.762,-1.257,1.904,12.21,-0.904,1.84,2.02,3.195,6.83
EFT:1.178,0.763,-1.256,1.908,12.22,-0.906,1.85,2.018,3.207,6.832
Random13
Raw:1.164,0.769,-1.258,1.906,12.23,-0.907,1.842,2.021,3.203,6.832
EFT:1.178,0.763,-1.256,1.908,12.22,-0.906,1.85,2.018,3.205,6.832
Random14
Raw:1.169,0.766,-1.258,1.905,12.234,-0.911,1.848,2.023,3.203,6.836
EFT:1.178,0.763,-1.256,1.908,12.22,-0.906,1.85,2.018,3.207,6.832
Random15
Raw:1.178,0.766,-1.256,1.911,12.21,-0.903,1.852,2.016,3.203,6.83
EFT:1.178,0.763,-1.256,1.908,12.22,-0.906,1.85,2.018,3.207,6.832
Random16
Raw:1.173,0.767,-1.258,1.908,12.2,-0.897,1.84,2.016,3.2,6.832
EFT:1.178,0.763,-1.256,1.908,12.22,-0.906,1.85,2.018,3.205,6.832
Random17
Raw:1.184,0.762,-1.253,1.911,12.195,-0.902,1.852,2.014,3.207,6.832
EFT:1.178,0.763,-1.256,1.908,12.22,-0.906,1.85,2.018,3.207,6.832
Random18
Raw:1.173,0.7603,-1.26,1.903,12.24,-0.9116,1.85,2.023,3.2,6.84
EFT:1.178,0.763,-1.256,1.908,12.22,-0.906,1.85,2.018,3.205,6.832
Random19
Raw:1.165,0.764,-1.262,1.9,12.234,-0.9126,1.842,2.025,3.2,6.832
EFT:1.178,0.763,-1.256,1.908,12.22,-0.906,1.85,2.018,3.205,6.832
Random20
Raw:1.184,0.7603,-1.252,1.909,12.2,-0.9097,1.854,2.014,3.21,6.83
EFT:1.178,0.763,-1.256,1.908,12.22,-0.906,1.85,2.018,3.207,6.832
Random21
Raw:1.176,0.761,-1.257,1.905,12.18,-0.9014,1.842,2.012,3.2,6.816
EFT:1.178,0.763,-1.256,1.908,12.22,-0.906,1.85,2.018,3.205,6.832
Random22
Raw:1.208,0.7524,-1.239,1.918,12.164,-0.9053,1.861,2.002,3.219,6.816
EFT:1.178,0.763,-1.256,1.908,12.22,-0.906,1.85,2.018,3.207,6.832
Random23
Raw:1.175,0.7554,-1.258,1.897,12.21,-0.9106,1.844,2.021,3.191,6.832
EFT:1.178,0.763,-1.256,1.908,12.22,-0.906,1.85,2.018,3.207,6.832
Random24
Raw:1.19,0.7554,-1.242,1.911,12.22,-0.924,1.859,2.018,3.227,6.824
EFT:1.178,0.763,-1.256,1.908,12.22,-0.906,1.85,2.018,3.205,6.832
Random25
Raw:1.185,0.7524,-1.249,1.902,12.21,-0.9204,1.852,2.018,3.207,6.824
EFT:1.178,0.763,-1.256,1.908,12.22,-0.906,1.85,2.018,3.205,6.832
Random26
Raw:1.184,0.762,-1.254,1.909,12.21,-0.903,1.848,2.018,3.203,6.836
EFT:1.178,0.763,-1.256,1.908,12.22,-0.906,1.85,2.018,3.205,6.832
Random27
Raw:1.202,0.762,-1.245,1.922,12.18,-0.897,1.861,2.006,3.219,6.83
EFT:1.178,0.763,-1.256,1.908,12.22,-0.906,1.85,2.018,3.207,6.832
Random28
Raw:1.167,0.762,-1.256,1.901,12.22,-0.914,1.842,2.021,3.203,6.824
EFT:1.178,0.763,-1.256,1.908,12.22,-0.906,1.85,2.018,3.207,6.832
Random29
Raw:1.1875,0.7563,-1.254,1.907,12.22,-0.9106,1.855,2.018,3.203,6.836
EFT:1.178,0.763,-1.256,1.908,12.22,-0.906,1.85,2.018,3.205,6.832
Random30
Raw:1.173,0.764,-1.257,1.906,12.23,-0.909,1.846,2.021,3.203,6.84
EFT:1.178,0.763,-1.256,1.908,12.22,-0.906,1.85,2.018,3.207,6.832
Random31
Raw:1.183,0.7583,-1.254,1.905,12.21,-0.9126,1.85,2.018,3.203,6.832
EFT:1.178,0.763,-1.256,1.908,12.22,-0.906,1.85,2.018,3.207,6.832
Random32
Raw:1.18,0.7583,-1.249,1.906,12.195,-0.9077,1.846,2.014,3.207,6.816
EFT:1.178,0.763,-1.256,1.908,12.22,-0.906,1.85,2.018,3.205,6.832
Random33
Raw:1.179,0.763,-1.254,1.909,12.195,-0.9004,1.846,2.014,3.203,6.824
EFT:1.178,0.763,-1.256,1.908,12.22,-0.906,1.85,2.018,3.207,6.832
Random34
Raw:1.171,0.7603,-1.263,1.899,12.234,-0.9106,1.844,2.025,3.195,6.844
EFT:1.178,0.763,-1.256,1.908,12.22,-0.906,1.85,2.018,3.205,6.832
Random35
Raw:1.177,0.77,-1.254,1.913,12.23,-0.906,1.852,2.021,3.21,6.836
EFT:1.178,0.763,-1.256,1.908,12.22,-0.906,1.85,2.018,3.205,6.832
Random36
Raw:1.181,0.771,-1.249,1.919,12.195,-0.894,1.848,2.012,3.215,6.824
EFT:1.178,0.763,-1.256,1.908,12.22,-0.906,1.85,2.018,3.205,6.832
Random37
Raw:1.167,0.771,-1.257,1.909,12.2,-0.8965,1.84,2.016,3.2,6.824
EFT:1.178,0.763,-1.256,1.908,12.22,-0.906,1.85,2.018,3.205,6.832
Random38
Raw:1.167,0.768,-1.261,1.905,12.23,-0.9053,1.846,2.021,3.2,6.84
EFT:1.178,0.763,-1.256,1.908,12.22,-0.906,1.85,2.018,3.205,6.832
Random39
Raw:1.169,0.762,-1.254,1.902,12.21,-0.9136,1.842,2.02,3.203,6.82
EFT:1.178,0.763,-1.256,1.908,12.22,-0.906,1.85,2.018,3.207,6.832
Random40
Raw:1.179,0.766,-1.25,1.913,12.17,-0.893,1.84,2.006,3.203,6.816
EFT:1.178,0.763,-1.256,1.908,12.22,-0.906,1.85,2.018,3.205,6.832
Random41
Raw:1.201,0.7573,-1.237,1.92,12.164,-0.905,1.859,2.0,3.223,6.805
EFT:1.178,0.763,-1.256,1.908,12.22,-0.906,1.85,2.018,3.207,6.832
Random42
Raw:1.177,0.763,-1.255,1.907,12.22,-0.91,1.85,2.021,3.207,6.832
EFT:1.178,0.763,-1.256,1.908,12.22,-0.906,1.85,2.018,3.207,6.832
Random43
Raw:1.185,0.7583,-1.253,1.908,12.21,-0.9126,1.855,2.018,3.21,6.83
EFT:1.178,0.763,-1.256,1.908,12.22,-0.906,1.85,2.018,3.205,6.832
Random44
Raw:1.171,0.77,-1.26,1.908,12.22,-0.9004,1.846,2.02,3.2,6.836
EFT:1.178,0.763,-1.256,1.908,12.22,-0.906,1.85,2.018,3.205,6.832
Random45
Raw:1.175,0.766,-1.259,1.907,12.234,-0.91,1.854,2.023,3.203,6.844
EFT:1.178,0.763,-1.256,1.908,12.22,-0.906,1.85,2.018,3.205,6.832
Random46
Raw:1.179,0.768,-1.249,1.914,12.195,-0.9,1.846,2.016,3.21,6.83
EFT:1.178,0.763,-1.256,1.908,12.22,-0.906,1.85,2.018,3.205,6.832
Random47
Raw:1.181,0.766,-1.247,1.914,12.21,-0.9077,1.85,2.016,3.219,6.824
EFT:1.178,0.763,-1.256,1.908,12.22,-0.906,1.85,2.018,3.205,6.832
Random48
Raw:1.174,0.764,-1.26,1.903,12.22,-0.9043,1.846,2.021,3.2,6.836
EFT:1.178,0.763,-1.256,1.908,12.22,-0.906,1.85,2.018,3.207,6.832
Random49
Raw:1.174,0.762,-1.257,1.906,12.23,-0.9087,1.85,2.021,3.203,6.836
EFT:1.178,0.763,-1.256,1.908,12.22,-0.906,1.85,2.018,3.205,6.832
Random50
Raw:1.173,0.766,-1.252,1.909,12.23,-0.9087,1.846,2.021,3.21,6.832
EFT:1.178,0.763,-1.256,1.908,12.22,-0.906,1.85,2.018,3.205,6.832
Random51
Raw:1.182,0.7593,-1.254,1.907,12.2,-0.906,1.85,2.014,3.203,6.824
EFT:1.178,0.763,-1.256,1.908,12.22,-0.906,1.85,2.018,3.207,6.832
Random52
Raw:1.183,0.761,-1.246,1.912,12.195,-0.9087,1.85,2.012,3.219,6.82
EFT:1.178,0.763,-1.256,1.908,12.22,-0.906,1.85,2.018,3.207,6.832
Random53
Raw:1.173,0.766,-1.25,1.911,12.21,-0.913,1.85,2.02,3.21,6.824
EFT:1.178,0.763,-1.256,1.908,12.22,-0.906,1.85,2.018,3.207,6.832
Random54
Raw:1.1875,0.7603,-1.253,1.911,12.23,-0.9116,1.861,2.018,3.215,6.836
EFT:1.178,0.763,-1.256,1.908,12.22,-0.906,1.85,2.018,3.207,6.832
Random55
Raw:1.176,0.7593,-1.256,1.905,12.195,-0.9062,1.844,2.016,3.2,6.824
EFT:1.178,0.763,-1.256,1.908,12.22,-0.906,1.85,2.018,3.207,6.832
Random56
Raw:1.181,0.766,-1.249,1.913,12.21,-0.9077,1.852,2.018,3.21,6.832
EFT:1.178,0.763,-1.256,1.908,12.22,-0.906,1.85,2.018,3.205,6.832
Random57
Raw:1.154,0.771,-1.268,1.901,12.234,-0.8994,1.832,2.027,3.188,6.844
EFT:1.178,0.763,-1.256,1.908,12.22,-0.906,1.85,2.018,3.207,6.832
Random58
Raw:1.192,0.764,-1.246,1.919,12.17,-0.8965,1.855,2.006,3.21,6.82
EFT:1.178,0.763,-1.256,1.908,12.22,-0.906,1.85,2.018,3.207,6.832
Random59
Raw:1.157,0.767,-1.265,1.896,12.234,-0.9033,1.834,2.025,3.188,6.836
EFT:1.178,0.763,-1.256,1.908,12.22,-0.906,1.85,2.018,3.205,6.832
Random60
Raw:1.185,0.764,-1.249,1.915,12.195,-0.904,1.85,2.012,3.215,6.83
EFT:1.178,0.763,-1.256,1.908,12.22,-0.906,1.85,2.018,3.207,6.832
Random61
Raw:1.186,0.764,-1.248,1.915,12.195,-0.9053,1.855,2.014,3.215,6.83
EFT:1.178,0.763,-1.256,1.908,12.22,-0.906,1.85,2.018,3.205,6.832
Random62
Raw:1.181,0.765,-1.251,1.914,12.21,-0.9014,1.846,2.014,3.21,6.832
EFT:1.178,0.763,-1.256,1.908,12.22,-0.906,1.85,2.018,3.205,6.832
Random63
Raw:1.186,0.769,-1.248,1.92,12.23,-0.9116,1.867,2.016,3.223,6.83
EFT:1.178,0.763,-1.256,1.908,12.22,-0.906,1.85,2.018,3.205,6.832
Random64
Raw:1.169,0.766,-1.256,1.905,12.2,-0.901,1.842,2.016,3.2,6.82
EFT:1.178,0.763,-1.256,1.908,12.22,-0.906,1.85,2.018,3.207,6.832
Random65
Raw:1.201,0.7593,-1.243,1.921,12.195,-0.9087,1.865,2.008,3.223,6.83
EFT:1.178,0.763,-1.256,1.908,12.22,-0.906,1.85,2.018,3.207,6.832
Random66
Raw:1.169,0.766,-1.264,1.902,12.22,-0.9023,1.846,2.021,3.195,6.84
EFT:1.178,0.763,-1.256,1.908,12.22,-0.906,1.85,2.018,3.207,6.832
Random67
Raw:1.186,0.7544,-1.255,1.902,12.21,-0.9146,1.854,2.02,3.2,6.836
EFT:1.178,0.763,-1.256,1.908,12.22,-0.906,1.85,2.018,3.205,6.832
Random68
Raw:1.186,0.764,-1.246,1.917,12.195,-0.9033,1.852,2.012,3.219,6.824
EFT:1.178,0.763,-1.256,1.908,12.22,-0.906,1.85,2.018,3.205,6.832
Random69
Raw:1.171,0.766,-1.253,1.908,12.22,-0.9116,1.846,2.02,3.207,6.83
EFT:1.178,0.763,-1.256,1.908,12.22,-0.906,1.85,2.018,3.207,6.832
Random70
Raw:1.171,0.761,-1.26,1.9,12.23,-0.9097,1.846,2.021,3.2,6.84
EFT:1.178,0.763,-1.256,1.908,12.22,-0.906,1.85,2.018,3.205,6.832
Random71
Raw:1.166,0.77,-1.26,1.907,12.195,-0.8936,1.838,2.014,3.195,6.83
EFT:1.178,0.763,-1.256,1.908,12.22,-0.906,1.85,2.018,3.205,6.832
Random72
Raw:1.192,0.763,-1.25,1.917,12.19,-0.8994,1.857,2.01,3.215,6.832
EFT:1.178,0.763,-1.256,1.908,12.22,-0.906,1.85,2.018,3.207,6.832
Random73
Raw:1.174,0.766,-1.256,1.908,12.23,-0.9097,1.85,2.023,3.207,6.844
EFT:1.178,0.763,-1.256,1.908,12.22,-0.906,1.85,2.018,3.207,6.832
Random74
Raw:1.186,0.767,-1.25,1.918,12.21,-0.9033,1.855,2.014,3.215,6.836
EFT:1.178,0.763,-1.256,1.908,12.22,-0.906,1.85,2.018,3.207,6.832
Random75
Raw:1.165,0.768,-1.258,1.906,12.23,-0.911,1.842,2.025,3.207,6.836
EFT:1.178,0.763,-1.256,1.908,12.22,-0.906,1.85,2.018,3.207,6.832
Random76
Raw:1.173,0.772,-1.256,1.915,12.22,-0.895,1.844,2.018,3.207,6.844
EFT:1.178,0.763,-1.256,1.908,12.22,-0.906,1.85,2.018,3.207,6.832
Random77
Raw:1.188,0.7544,-1.244,1.906,12.21,-0.923,1.857,2.014,3.219,6.816
EFT:1.178,0.763,-1.256,1.908,12.22,-0.906,1.85,2.018,3.207,6.832
Random78
Raw:1.185,0.764,-1.246,1.917,12.2,-0.91,1.857,2.014,3.219,6.832
EFT:1.178,0.763,-1.256,1.908,12.22,-0.906,1.85,2.018,3.207,6.832
Random79
Raw:1.183,0.766,-1.256,1.913,12.21,-0.898,1.85,2.014,3.207,6.836
EFT:1.178,0.763,-1.256,1.908,12.22,-0.906,1.85,2.018,3.205,6.832
Random80
Raw:1.172,0.767,-1.26,1.906,12.195,-0.8975,1.846,2.016,3.2,6.83
EFT:1.178,0.763,-1.256,1.908,12.22,-0.906,1.85,2.018,3.205,6.832
Random81
Raw:1.176,0.762,-1.256,1.905,12.21,-0.9067,1.846,2.018,3.203,6.832
EFT:1.178,0.763,-1.256,1.908,12.22,-0.906,1.85,2.018,3.207,6.832
Random82
Raw:1.158,0.771,-1.262,1.903,12.22,-0.9014,1.834,2.021,3.195,6.836
EFT:1.178,0.763,-1.256,1.908,12.22,-0.906,1.85,2.018,3.205,6.832
Random83
Raw:1.21,0.7593,-1.234,1.926,12.14,-0.893,1.859,1.994,3.223,6.816
EFT:1.178,0.763,-1.256,1.908,12.22,-0.906,1.85,2.018,3.207,6.832
Random84
Raw:1.172,0.77,-1.257,1.91,12.23,-0.9014,1.846,2.021,3.207,6.844
EFT:1.178,0.763,-1.256,1.908,12.22,-0.906,1.85,2.018,3.205,6.832
Random85
Raw:1.175,0.7593,-1.252,1.905,12.18,-0.905,1.838,2.012,3.203,6.816
EFT:1.178,0.763,-1.256,1.908,12.22,-0.906,1.85,2.018,3.207,6.832
Random86
Raw:1.175,0.766,-1.256,1.911,12.18,-0.8936,1.844,2.01,3.2,6.83
EFT:1.178,0.763,-1.256,1.908,12.22,-0.906,1.85,2.018,3.207,6.832
Random87
Raw:1.163,0.762,-1.261,1.898,12.23,-0.9116,1.838,2.025,3.195,6.832
EFT:1.178,0.763,-1.256,1.908,12.22,-0.906,1.85,2.018,3.205,6.832
Random88
Raw:1.178,0.763,-1.259,1.906,12.23,-0.9087,1.854,2.021,3.203,6.84
EFT:1.178,0.763,-1.256,1.908,12.22,-0.906,1.85,2.018,3.205,6.832
Random89
Raw:1.189,0.7603,-1.246,1.91,12.164,-0.899,1.846,2.006,3.207,6.816
EFT:1.178,0.763,-1.256,1.908,12.22,-0.906,1.85,2.018,3.207,6.832
Random90
Raw:1.186,0.7554,-1.262,1.901,12.24,-0.9155,1.857,2.027,3.2,6.85
EFT:1.178,0.763,-1.256,1.908,12.22,-0.906,1.85,2.018,3.207,6.832
Random91
Raw:1.169,0.762,-1.258,1.901,12.24,-0.913,1.844,2.025,3.203,6.836
EFT:1.178,0.763,-1.256,1.908,12.22,-0.906,1.85,2.018,3.207,6.832
Random92
Raw:1.177,0.762,-1.255,1.906,12.22,-0.9097,1.846,2.02,3.203,6.832
EFT:1.178,0.763,-1.256,1.908,12.22,-0.906,1.85,2.018,3.207,6.832
Random93
Raw:1.188,0.7573,-1.251,1.909,12.2,-0.908,1.857,2.014,3.207,6.83
EFT:1.178,0.763,-1.256,1.908,12.22,-0.906,1.85,2.018,3.207,6.832
Random94
Raw:1.18,0.762,-1.256,1.908,12.195,-0.905,1.848,2.014,3.203,6.83
EFT:1.178,0.763,-1.256,1.908,12.22,-0.906,1.85,2.018,3.205,6.832
Random95
Raw:1.163,0.773,-1.258,1.91,12.21,-0.894,1.836,2.016,3.2,6.832
EFT:1.178,0.763,-1.256,1.908,12.22,-0.906,1.85,2.018,3.205,6.832
Random96
Raw:1.176,0.77,-1.255,1.914,12.21,-0.9,1.848,2.016,3.207,6.832
EFT:1.178,0.763,-1.256,1.908,12.22,-0.906,1.85,2.018,3.207,6.832
Random97
Raw:1.171,0.764,-1.258,1.904,12.21,-0.9033,1.844,2.02,3.2,6.836
EFT:1.178,0.763,-1.256,1.908,12.22,-0.906,1.85,2.018,3.207,6.832
Random98
Raw:1.179,0.763,-1.255,1.908,12.24,-0.919,1.859,2.021,3.215,6.836
EFT:1.178,0.763,-1.256,1.908,12.22,-0.906,1.85,2.018,3.207,6.832
Random99
Raw:1.176,0.7593,-1.252,1.905,12.2,-0.913,1.85,2.018,3.207,6.83
EFT:1.178,0.763,-1.256,1.908,12.22,-0.906,1.85,2.018,3.207,6.832
Random100
Raw:1.168,0.761,-1.26,1.899,12.22,-0.9126,1.846,2.023,3.2,6.832
EFT:1.178,0.763,-1.256,1.908,12.22,-0.906,1.85,2.018,3.207,6.832
Random101
Raw:1.173,0.762,-1.26,1.901,12.23,-0.9067,1.846,2.021,3.2,6.836
EFT:1.178,0.763,-1.256,1.908,12.22,-0.906,1.85,2.018,3.205,6.832
Random102
Raw:1.176,0.762,-1.257,1.905,12.23,-0.911,1.852,2.021,3.203,6.836
EFT:1.178,0.763,-1.256,1.908,12.22,-0.906,1.85,2.018,3.205,6.832
Random103
Raw:1.183,0.7573,-1.25,1.908,12.2,-0.913,1.854,2.014,3.21,6.82
EFT:1.178,0.763,-1.256,1.908,12.22,-0.906,1.85,2.018,3.205,6.832
Random104
Raw:1.18,0.7515,-1.256,1.899,12.22,-0.917,1.852,2.021,3.2,6.83
EFT:1.178,0.763,-1.256,1.908,12.22,-0.906,1.85,2.018,3.207,6.832
Random105
Raw:1.189,0.7593,-1.25,1.912,12.19,-0.9033,1.854,2.012,3.207,6.83
EFT:1.178,0.763,-1.256,1.908,12.22,-0.906,1.85,2.018,3.205,6.832
Random106
Raw:1.175,0.764,-1.253,1.909,12.195,-0.9,1.844,2.012,3.2,6.82
EFT:1.178,0.763,-1.256,1.908,12.22,-0.906,1.85,2.018,3.205,6.832
Random107
Raw:1.172,0.762,-1.255,1.905,12.195,-0.902,1.842,2.014,3.2,6.824
EFT:1.178,0.763,-1.256,1.908,12.22,-0.906,1.85,2.018,3.205,6.832
Random108
Raw:1.182,0.762,-1.25,1.913,12.2,-0.908,1.854,2.016,3.21,6.83
EFT:1.178,0.763,-1.256,1.908,12.22,-0.906,1.85,2.018,3.207,6.832
Random109
Raw:1.159,0.766,-1.266,1.897,12.24,-0.9087,1.842,2.027,3.191,6.84
EFT:1.178,0.763,-1.256,1.908,12.22,-0.906,1.85,2.018,3.205,6.832
Random110
Raw:1.181,0.769,-1.245,1.917,12.19,-0.899,1.846,2.01,3.215,6.82
EFT:1.178,0.763,-1.256,1.908,12.22,-0.906,1.85,2.018,3.205,6.832
Random111
Raw:1.188,0.766,-1.248,1.917,12.195,-0.899,1.852,2.01,3.21,6.824
EFT:1.178,0.763,-1.256,1.908,12.22,-0.906,1.85,2.018,3.207,6.832
Random112
Raw:1.182,0.7593,-1.248,1.91,12.2,-0.9126,1.85,2.018,3.21,6.83
EFT:1.178,0.763,-1.256,1.908,12.22,-0.906,1.85,2.018,3.205,6.832
Random113
Raw:1.172,0.766,-1.243,1.911,12.195,-0.908,1.838,2.016,3.215,6.812
EFT:1.178,0.763,-1.256,1.908,12.22,-0.906,1.85,2.018,3.207,6.832
Random114
Raw:1.179,0.769,-1.24,1.921,12.18,-0.8965,1.844,2.008,3.219,6.812
EFT:1.178,0.763,-1.256,1.908,12.22,-0.906,1.85,2.018,3.205,6.832
Random115
Raw:1.18,0.7603,-1.254,1.906,12.21,-0.9077,1.848,2.018,3.203,6.832
EFT:1.178,0.763,-1.256,1.908,12.22,-0.906,1.85,2.018,3.207,6.832
Random116
Raw:1.176,0.769,-1.255,1.912,12.195,-0.8965,1.844,2.014,3.207,6.83
EFT:1.178,0.763,-1.256,1.908,12.22,-0.906,1.85,2.018,3.207,6.832
Random117
Raw:1.177,0.762,-1.258,1.905,12.23,-0.911,1.85,2.023,3.203,6.832
EFT:1.178,0.763,-1.256,1.908,12.22,-0.906,1.85,2.018,3.207,6.832
Random118
Raw:1.173,0.761,-1.261,1.9,12.22,-0.908,1.846,2.021,3.195,6.836
EFT:1.178,0.763,-1.256,1.908,12.22,-0.906,1.85,2.018,3.205,6.832
Random119
Raw:1.188,0.763,-1.249,1.917,12.195,-0.902,1.857,2.01,3.21,6.83
EFT:1.178,0.763,-1.256,1.908,12.22,-0.906,1.85,2.018,3.205,6.832
Random120
Raw:1.177,0.766,-1.256,1.91,12.195,-0.8955,1.844,2.012,3.2,6.83
EFT:1.178,0.763,-1.256,1.908,12.22,-0.906,1.85,2.018,3.205,6.832
Random121
Raw:1.166,0.768,-1.263,1.904,12.24,-0.9062,1.844,2.025,3.2,6.844
EFT:1.178,0.763,-1.256,1.908,12.22,-0.906,1.85,2.018,3.205,6.832
Random122
Raw:1.182,0.7593,-1.25,1.908,12.18,-0.902,1.846,2.012,3.203,6.82
EFT:1.178,0.763,-1.256,1.908,12.22,-0.906,1.85,2.018,3.205,6.832
Random123
Raw:1.175,0.763,-1.257,1.906,12.23,-0.9087,1.85,2.02,3.203,6.836
EFT:1.178,0.763,-1.256,1.908,12.22,-0.906,1.85,2.018,3.205,6.832
Random124
Raw:1.186,0.766,-1.249,1.917,12.21,-0.903,1.854,2.012,3.215,6.832
EFT:1.178,0.763,-1.256,1.908,12.22,-0.906,1.85,2.018,3.205,6.832
Random125
Raw:1.171,0.763,-1.252,1.906,12.22,-0.9146,1.846,2.021,3.21,6.83
EFT:1.178,0.763,-1.256,1.908,12.22,-0.906,1.85,2.018,3.207,6.832
Random126
Raw:1.194,0.7593,-1.24,1.918,12.195,-0.9116,1.857,2.01,3.227,6.816
EFT:1.178,0.763,-1.256,1.908,12.22,-0.906,1.85,2.018,3.207,6.832
Random127
Raw:1.171,0.762,-1.262,1.902,12.23,-0.9067,1.846,2.023,3.195,6.84
EFT:1.178,0.763,-1.256,1.908,12.22,-0.906,1.85,2.018,3.205,6.832
Random128
Raw:1.173,0.764,-1.253,1.907,12.21,-0.9067,1.844,2.018,3.207,6.83
EFT:1.178,0.763,-1.256,1.908,12.22,-0.906,1.85,2.018,3.205,6.832
Random129
Raw:1.182,0.762,-1.253,1.912,12.22,-0.906,1.85,2.016,3.207,6.836
EFT:1.178,0.763,-1.256,1.908,12.22,-0.906,1.85,2.018,3.207,6.832
Random130
Raw:1.184,0.763,-1.252,1.913,12.2,-0.905,1.852,2.014,3.21,6.83
EFT:1.178,0.763,-1.256,1.908,12.22,-0.906,1.85,2.018,3.207,6.832
Random131
Raw:1.167,0.764,-1.257,1.902,12.23,-0.9126,1.844,2.021,3.203,6.832
EFT:1.178,0.763,-1.256,1.908,12.22,-0.906,1.85,2.018,3.207,6.832
Random132
Raw:1.181,0.764,-1.252,1.913,12.195,-0.901,1.848,2.012,3.207,6.83
EFT:1.178,0.763,-1.256,1.908,12.22,-0.906,1.85,2.018,3.207,6.832
Random133
Raw:1.19,0.7563,-1.238,1.914,12.18,-0.9136,1.857,2.004,3.223,6.805
EFT:1.178,0.763,-1.256,1.908,12.22,-0.906,1.85,2.018,3.207,6.832
Random134
Raw:1.163,0.765,-1.262,1.901,12.234,-0.907,1.84,2.025,3.195,6.844
EFT:1.178,0.763,-1.256,1.908,12.22,-0.906,1.85,2.018,3.205,6.832
Random135
Raw:1.172,0.768,-1.256,1.91,12.2,-0.9004,1.844,2.016,3.207,6.832
EFT:1.178,0.763,-1.256,1.908,12.22,-0.906,1.85,2.018,3.205,6.832
Random136
Raw:1.176,0.766,-1.249,1.911,12.2,-0.907,1.848,2.014,3.21,6.82
EFT:1.178,0.763,-1.256,1.908,12.22,-0.906,1.85,2.018,3.205,6.832
Random137
Raw:1.173,0.77,-1.247,1.916,12.19,-0.898,1.838,2.01,3.21,6.816
EFT:1.178,0.763,-1.256,1.908,12.22,-0.906,1.85,2.018,3.205,6.832
Random138
Raw:1.167,0.765,-1.265,1.901,12.21,-0.9014,1.84,2.021,3.195,6.836
EFT:1.178,0.763,-1.256,1.908,12.22,-0.906,1.85,2.018,3.205,6.832
Random139
Raw:1.196,0.764,-1.244,1.921,12.16,-0.891,1.854,2.002,3.215,6.82
EFT:1.178,0.763,-1.256,1.908,12.22,-0.906,1.85,2.018,3.207,6.832
Random140
Raw:1.182,0.763,-1.248,1.912,12.22,-0.9106,1.85,2.02,3.215,6.832
EFT:1.178,0.763,-1.256,1.908,12.22,-0.906,1.85,2.018,3.205,6.832
Random141
Raw:1.167,0.765,-1.256,1.903,12.18,-0.898,1.83,2.014,3.195,6.816
EFT:1.178,0.763,-1.256,1.908,12.22,-0.906,1.85,2.018,3.207,6.832
Random142
Raw:1.184,0.761,-1.247,1.911,12.21,-0.911,1.852,2.016,3.215,6.824
EFT:1.178,0.763,-1.256,1.908,12.22,-0.906,1.85,2.018,3.207,6.832
Random143
Raw:1.166,0.765,-1.258,1.902,12.22,-0.9106,1.842,2.023,3.203,6.836
EFT:1.178,0.763,-1.256,1.908,12.22,-0.906,1.85,2.018,3.205,6.832
Random144
Raw:1.183,0.764,-1.251,1.914,12.21,-0.905,1.855,2.016,3.21,6.83
EFT:1.178,0.763,-1.256,1.908,12.22,-0.906,1.85,2.018,3.207,6.832
Random145
Raw:1.194,0.7573,-1.243,1.915,12.195,-0.911,1.857,2.012,3.219,6.824
EFT:1.178,0.763,-1.256,1.908,12.22,-0.906,1.85,2.018,3.205,6.832
Random146
Raw:1.172,0.77,-1.25,1.912,12.21,-0.9033,1.846,2.016,3.207,6.824
EFT:1.178,0.763,-1.256,1.908,12.22,-0.906,1.85,2.018,3.207,6.832
Random147
Raw:1.177,0.763,-1.256,1.907,12.18,-0.894,1.84,2.01,3.2,6.824
EFT:1.178,0.763,-1.256,1.908,12.22,-0.906,1.85,2.018,3.205,6.832
Random148
Raw:1.164,0.766,-1.262,1.903,12.234,-0.9077,1.842,2.025,3.195,6.832
EFT:1.178,0.763,-1.256,1.908,12.22,-0.906,1.85,2.018,3.207,6.832
Random149
Raw:1.175,0.764,-1.262,1.906,12.22,-0.902,1.848,2.018,3.2,6.84
EFT:1.178,0.763,-1.256,1.908,12.22,-0.906,1.85,2.018,3.205,6.832
Random150
Raw:1.175,0.7593,-1.26,1.899,12.23,-0.912,1.848,2.021,3.2,6.836
EFT:1.178,0.763,-1.256,1.908,12.22,-0.906,1.85,2.018,3.207,6.832
Random151
Raw:1.176,0.762,-1.258,1.905,12.23,-0.9116,1.852,2.021,3.203,6.832
EFT:1.178,0.763,-1.256,1.908,12.22,-0.906,1.85,2.018,3.207,6.832
Random152
Raw:1.177,0.762,-1.256,1.907,12.24,-0.9106,1.852,2.023,3.207,6.84
EFT:1.178,0.763,-1.256,1.908,12.22,-0.906,1.85,2.018,3.205,6.832
Random153
Raw:1.184,0.766,-1.246,1.916,12.19,-0.8994,1.848,2.01,3.215,6.82
EFT:1.178,0.763,-1.256,1.908,12.22,-0.906,1.85,2.018,3.205,6.832
Random154
Raw:1.184,0.766,-1.252,1.916,12.195,-0.897,1.85,2.014,3.207,6.832
EFT:1.178,0.763,-1.256,1.908,12.22,-0.906,1.85,2.018,3.205,6.832
Random155
Raw:1.175,0.764,-1.254,1.907,12.21,-0.9062,1.842,2.018,3.203,6.83
EFT:1.178,0.763,-1.256,1.908,12.22,-0.906,1.85,2.018,3.205,6.832
Random156
Raw:1.188,0.7563,-1.248,1.908,12.2,-0.9175,1.857,2.016,3.215,6.83
EFT:1.178,0.763,-1.256,1.908,12.22,-0.906,1.85,2.018,3.207,6.832
Random157
Raw:1.176,0.766,-1.255,1.909,12.23,-0.9097,1.85,2.021,3.207,6.84
EFT:1.178,0.763,-1.256,1.908,12.22,-0.906,1.85,2.018,3.205,6.832
Random158
Raw:1.176,0.768,-1.26,1.91,12.23,-0.901,1.852,2.018,3.203,6.836
EFT:1.178,0.763,-1.256,1.908,12.22,-0.906,1.85,2.018,3.205,6.832
Random159
Raw:1.173,0.767,-1.258,1.908,12.23,-0.906,1.848,2.021,3.203,6.836
EFT:1.178,0.763,-1.256,1.908,12.22,-0.906,1.85,2.018,3.205,6.832
Random160
Raw:1.196,0.7603,-1.246,1.917,12.22,-0.9106,1.865,2.014,3.223,6.832
EFT:1.178,0.763,-1.256,1.908,12.22,-0.906,1.85,2.018,3.207,6.832
Random161
Raw:1.194,0.7573,-1.246,1.914,12.195,-0.9106,1.855,2.012,3.215,6.83
EFT:1.178,0.763,-1.256,1.908,12.22,-0.906,1.85,2.018,3.207,6.832
Random162
Raw:1.174,0.764,-1.25,1.909,12.21,-0.9116,1.846,2.014,3.21,6.816
EFT:1.178,0.763,-1.256,1.908,12.22,-0.906,1.85,2.018,3.207,6.832
Random163
Raw:1.189,0.762,-1.244,1.916,12.2,-0.907,1.855,2.01,3.219,6.83
EFT:1.178,0.763,-1.256,1.908,12.22,-0.906,1.85,2.018,3.205,6.832
Random164
Raw:1.169,0.762,-1.261,1.901,12.23,-0.9116,1.848,2.021,3.2,6.836
EFT:1.178,0.763,-1.256,1.908,12.22,-0.906,1.85,2.018,3.207,6.832
Random165
Raw:1.176,0.767,-1.255,1.91,12.23,-0.9077,1.85,2.021,3.207,6.84
EFT:1.178,0.763,-1.256,1.908,12.22,-0.906,1.85,2.018,3.207,6.832
Random166
Raw:1.184,0.7603,-1.249,1.911,12.16,-0.8936,1.842,2.004,3.2,6.816
EFT:1.178,0.763,-1.256,1.908,12.22,-0.906,1.85,2.018,3.207,6.832
Random167
Raw:1.187,0.762,-1.247,1.915,12.19,-0.899,1.848,2.01,3.21,6.824
EFT:1.178,0.763,-1.256,1.908,12.22,-0.906,1.85,2.018,3.207,6.832
Random168
Raw:1.1875,0.764,-1.249,1.916,12.195,-0.8994,1.852,2.01,3.21,6.83
EFT:1.178,0.763,-1.256,1.908,12.22,-0.906,1.85,2.018,3.207,6.832
Random169
Raw:1.196,0.7593,-1.243,1.919,12.19,-0.9062,1.859,2.008,3.219,6.82
EFT:1.178,0.763,-1.256,1.908,12.22,-0.906,1.85,2.018,3.205,6.832
Random170
Raw:1.175,0.764,-1.256,1.907,12.23,-0.909,1.85,2.021,3.207,6.84
EFT:1.178,0.763,-1.256,1.908,12.22,-0.906,1.85,2.018,3.205,6.832
Random171
Raw:1.177,0.764,-1.253,1.912,12.21,-0.907,1.85,2.018,3.21,6.83
EFT:1.178,0.763,-1.256,1.908,12.22,-0.906,1.85,2.018,3.205,6.832
Random172
Raw:1.181,0.762,-1.25,1.913,12.19,-0.9,1.846,2.01,3.207,6.824
EFT:1.178,0.763,-1.256,1.908,12.22,-0.906,1.85,2.018,3.205,6.832
Random173
Raw:1.182,0.764,-1.249,1.914,12.2,-0.9014,1.848,2.014,3.21,6.83
EFT:1.178,0.763,-1.256,1.908,12.22,-0.906,1.85,2.018,3.207,6.832
Random174
Raw:1.183,0.765,-1.252,1.914,12.2,-0.902,1.852,2.014,3.207,6.832
EFT:1.178,0.763,-1.256,1.908,12.22,-0.906,1.85,2.018,3.207,6.832
Random175
Raw:1.18,0.765,-1.249,1.914,12.23,-0.914,1.854,2.02,3.215,6.832
EFT:1.178,0.763,-1.256,1.908,12.22,-0.906,1.85,2.018,3.207,6.832
Random176
Raw:1.192,0.764,-1.241,1.921,12.2,-0.907,1.857,2.012,3.227,6.824
EFT:1.178,0.763,-1.256,1.908,12.22,-0.906,1.85,2.018,3.205,6.832
Random177
Raw:1.196,0.766,-1.234,1.929,12.21,-0.911,1.865,2.01,3.238,6.82
EFT:1.178,0.763,-1.256,1.908,12.22,-0.906,1.85,2.018,3.205,6.832
Random178
Raw:1.168,0.774,-1.261,1.911,12.23,-0.897,1.842,2.02,3.2,6.84
EFT:1.178,0.763,-1.256,1.908,12.22,-0.906,1.85,2.018,3.207,6.832
Random179
Raw:1.189,0.7544,-1.249,1.907,12.18,-0.908,1.852,2.01,3.207,6.82
EFT:1.178,0.763,-1.256,1.908,12.22,-0.906,1.85,2.018,3.207,6.832
Random180
Raw:1.196,0.7524,-1.243,1.911,12.164,-0.907,1.855,2.006,3.215,6.812
EFT:1.178,0.763,-1.256,1.908,12.22,-0.906,1.85,2.018,3.207,6.832
Random181
Raw:1.177,0.766,-1.252,1.912,12.21,-0.907,1.85,2.016,3.21,6.83
EFT:1.178,0.763,-1.256,1.908,12.22,-0.906,1.85,2.018,3.207,6.832
Random182
Raw:1.183,0.764,-1.253,1.912,12.2,-0.9033,1.852,2.014,3.207,6.83
EFT:1.178,0.763,-1.256,1.908,12.22,-0.906,1.85,2.018,3.205,6.832
Random183
Raw:1.184,0.7593,-1.253,1.907,12.21,-0.9136,1.855,2.018,3.207,6.832
EFT:1.178,0.763,-1.256,1.908,12.22,-0.906,1.85,2.018,3.205,6.832
Random184
Raw:1.185,0.762,-1.25,1.912,12.195,-0.9014,1.85,2.01,3.207,6.824
EFT:1.178,0.763,-1.256,1.908,12.22,-0.906,1.85,2.018,3.205,6.832
Random185
Raw:1.166,0.768,-1.262,1.904,12.234,-0.9067,1.846,2.025,3.2,6.844
EFT:1.178,0.763,-1.256,1.908,12.22,-0.906,1.85,2.018,3.205,6.832
Random186
Raw:1.186,0.768,-1.248,1.92,12.2,-0.903,1.854,2.014,3.219,6.83
EFT:1.178,0.763,-1.256,1.908,12.22,-0.906,1.85,2.018,3.207,6.832
Random187
Raw:1.183,0.767,-1.241,1.919,12.195,-0.9077,1.85,2.01,3.223,6.816
EFT:1.178,0.763,-1.256,1.908,12.22,-0.906,1.85,2.018,3.207,6.832
Random188
Raw:1.185,0.765,-1.251,1.913,12.22,-0.908,1.852,2.02,3.215,6.836
EFT:1.178,0.763,-1.256,1.908,12.22,-0.906,1.85,2.018,3.205,6.832
Random189
Raw:1.194,0.7603,-1.248,1.915,12.164,-0.892,1.852,2.006,3.207,6.824
EFT:1.178,0.763,-1.256,1.908,12.22,-0.906,1.85,2.018,3.205,6.832
Random190
Raw:1.179,0.7593,-1.257,1.903,12.19,-0.901,1.846,2.014,3.195,6.83
EFT:1.178,0.763,-1.256,1.908,12.22,-0.906,1.85,2.018,3.205,6.832
Random191
Raw:1.173,0.763,-1.259,1.903,12.23,-0.91,1.848,2.023,3.203,6.84
EFT:1.178,0.763,-1.256,1.908,12.22,-0.906,1.85,2.018,3.205,6.832
Random192
Raw:1.17,0.77,-1.252,1.913,12.22,-0.907,1.846,2.02,3.21,6.832
EFT:1.178,0.763,-1.256,1.908,12.22,-0.906,1.85,2.018,3.205,6.832
Random193
Raw:1.184,0.764,-1.251,1.912,12.24,-0.9146,1.859,2.021,3.215,6.84
EFT:1.178,0.763,-1.256,1.908,12.22,-0.906,1.85,2.018,3.207,6.832
Random194
Raw:1.178,0.767,-1.253,1.913,12.23,-0.908,1.854,2.02,3.21,6.836
EFT:1.178,0.763,-1.256,1.908,12.22,-0.906,1.85,2.018,3.205,6.832
Random195
Raw:1.173,0.767,-1.253,1.909,12.21,-0.905,1.846,2.018,3.207,6.824
EFT:1.178,0.763,-1.256,1.908,12.22,-0.906,1.85,2.018,3.207,6.832
Random196
Raw:1.18,0.764,-1.254,1.911,12.2,-0.901,1.848,2.016,3.207,6.836
EFT:1.178,0.763,-1.256,1.908,12.22,-0.906,1.85,2.018,3.207,6.832
Random197
Raw:1.172,0.769,-1.254,1.912,12.21,-0.9014,1.844,2.02,3.207,6.83
EFT:1.178,0.763,-1.256,1.908,12.22,-0.906,1.85,2.018,3.207,6.832
Random198
Raw:1.175,0.7583,-1.259,1.9,12.21,-0.9126,1.844,2.02,3.2,6.832
EFT:1.178,0.763,-1.256,1.908,12.22,-0.906,1.85,2.018,3.205,6.832
Random199
Raw:1.169,0.77,-1.261,1.908,12.23,-0.8994,1.844,2.02,3.2,6.84
EFT:1.178,0.763,-1.256,1.908,12.22,-0.906,1.85,2.018,3.207,6.832
Random200
Raw:1.187,0.761,-1.251,1.913,12.195,-0.9014,1.854,2.012,3.207,6.83
EFT:1.178,0.763,-1.256,1.908,12.22,-0.906,1.85,2.018,3.205,6.832
Random201
Raw:1.167,0.766,-1.263,1.901,12.21,-0.9023,1.838,2.02,3.195,6.836
EFT:1.178,0.763,-1.256,1.908,12.22,-0.906,1.85,2.018,3.207,6.832
Random202
Raw:1.178,0.7583,-1.26,1.901,12.22,-0.9106,1.85,2.021,3.2,6.836
EFT:1.178,0.763,-1.256,1.908,12.22,-0.906,1.85,2.018,3.207,6.832
Random203
Raw:1.188,0.765,-1.237,1.923,12.2,-0.9126,1.861,2.01,3.23,6.816
EFT:1.178,0.763,-1.256,1.908,12.22,-0.906,1.85,2.018,3.207,6.832
Random204
Raw:1.175,0.772,-1.255,1.915,12.24,-0.9077,1.854,2.023,3.215,6.844
EFT:1.178,0.763,-1.256,1.908,12.22,-0.906,1.85,2.018,3.205,6.832
Random205
Raw:1.165,0.762,-1.264,1.898,12.23,-0.9077,1.84,2.023,3.195,6.836
EFT:1.178,0.763,-1.256,1.908,12.22,-0.906,1.85,2.018,3.207,6.832
Random206
Raw:1.188,0.7583,-1.248,1.912,12.19,-0.9043,1.852,2.01,3.21,6.82
EFT:1.178,0.763,-1.256,1.908,12.22,-0.906,1.85,2.018,3.205,6.832
Random207
Raw:1.191,0.7603,-1.244,1.918,12.195,-0.9062,1.857,2.01,3.219,6.82
EFT:1.178,0.763,-1.256,1.908,12.22,-0.906,1.85,2.018,3.205,6.832
Random208
Raw:1.184,0.763,-1.253,1.91,12.23,-0.9106,1.855,2.02,3.21,6.836
EFT:1.178,0.763,-1.256,1.908,12.22,-0.906,1.85,2.018,3.205,6.832
Random209
Raw:1.172,0.766,-1.257,1.908,12.24,-0.9136,1.848,2.023,3.21,6.836
EFT:1.178,0.763,-1.256,1.908,12.22,-0.906,1.85,2.018,3.207,6.832
Random210
Raw:1.179,0.762,-1.256,1.908,12.18,-0.898,1.846,2.012,3.195,6.83
EFT:1.178,0.763,-1.256,1.908,12.22,-0.906,1.85,2.018,3.205,6.832
Random211
Raw:1.171,0.763,-1.259,1.903,12.21,-0.902,1.842,2.018,3.195,6.832
EFT:1.178,0.763,-1.256,1.908,12.22,-0.906,1.85,2.018,3.205,6.832
Random212
Raw:1.173,0.766,-1.256,1.907,12.22,-0.9023,1.844,2.018,3.203,6.836
EFT:1.178,0.763,-1.256,1.908,12.22,-0.906,1.85,2.018,3.207,6.832
Random213
Raw:1.185,0.762,-1.255,1.909,12.21,-0.906,1.854,2.018,3.207,6.836
EFT:1.178,0.763,-1.256,1.908,12.22,-0.906,1.85,2.018,3.205,6.832
Random214
Raw:1.165,0.768,-1.261,1.903,12.23,-0.9067,1.842,2.023,3.2,6.836
EFT:1.178,0.763,-1.256,1.908,12.22,-0.906,1.85,2.018,3.205,6.832
Random215
Raw:1.181,0.766,-1.248,1.915,12.18,-0.897,1.844,2.01,3.21,6.82
EFT:1.178,0.763,-1.256,1.908,12.22,-0.906,1.85,2.018,3.205,6.832
Random216
Raw:1.173,0.768,-1.257,1.911,12.24,-0.9097,1.852,2.023,3.207,6.844
EFT:1.178,0.763,-1.256,1.908,12.22,-0.906,1.85,2.018,3.205,6.832
Random217
Raw:1.185,0.764,-1.246,1.917,12.2,-0.9062,1.852,2.014,3.219,6.83
EFT:1.178,0.763,-1.256,1.908,12.22,-0.906,1.85,2.018,3.205,6.832
Random218
Raw:1.188,0.763,-1.248,1.916,12.22,-0.9087,1.859,2.016,3.215,6.836
EFT:1.178,0.763,-1.256,1.908,12.22,-0.906,1.85,2.018,3.207,6.832
Random219
Raw:1.171,0.767,-1.261,1.905,12.21,-0.896,1.838,2.016,3.195,6.84
EFT:1.178,0.763,-1.256,1.908,12.22,-0.906,1.85,2.018,3.207,6.832
Random220
Raw:1.195,0.7583,-1.249,1.915,12.19,-0.9033,1.857,2.01,3.215,6.83
EFT:1.178,0.763,-1.256,1.908,12.22,-0.906,1.85,2.018,3.207,6.832
Random221
Raw:1.166,0.764,-1.263,1.901,12.26,-0.9214,1.85,2.03,3.203,6.844
EFT:1.178,0.763,-1.256,1.908,12.22,-0.906,1.85,2.018,3.205,6.832
Random222
Raw:1.19,0.7563,-1.244,1.91,12.195,-0.911,1.852,2.012,3.215,6.816
EFT:1.178,0.763,-1.256,1.908,12.22,-0.906,1.85,2.018,3.205,6.832
Random223
Raw:1.175,0.763,-1.252,1.906,12.2,-0.908,1.846,2.016,3.207,6.82
EFT:1.178,0.763,-1.256,1.908,12.22,-0.906,1.85,2.018,3.207,6.832
Random224
Raw:1.183,0.7603,-1.253,1.909,12.2,-0.9062,1.852,2.012,3.203,6.832
EFT:1.178,0.763,-1.256,1.908,12.22,-0.906,1.85,2.018,3.205,6.832
Random225
Raw:1.188,0.7563,-1.252,1.909,12.195,-0.909,1.854,2.014,3.207,6.824
EFT:1.178,0.763,-1.256,1.908,12.22,-0.906,1.85,2.018,3.207,6.832
Random226
Raw:1.177,0.7603,-1.253,1.904,12.21,-0.913,1.85,2.018,3.207,6.824
EFT:1.178,0.763,-1.256,1.908,12.22,-0.906,1.85,2.018,3.205,6.832
Random227
Raw:1.188,0.7554,-1.253,1.906,12.195,-0.909,1.854,2.014,3.207,6.83
EFT:1.178,0.763,-1.256,1.908,12.22,-0.906,1.85,2.018,3.207,6.832
Random228
Raw:1.185,0.766,-1.246,1.917,12.2,-0.902,1.848,2.012,3.219,6.83
EFT:1.178,0.763,-1.256,1.908,12.22,-0.906,1.85,2.018,3.207,6.832
Random229
Raw:1.183,0.764,-1.248,1.911,12.21,-0.9053,1.85,2.014,3.215,6.83
EFT:1.178,0.763,-1.256,1.908,12.22,-0.906,1.85,2.018,3.205,6.832
Random230
Raw:1.183,0.7573,-1.25,1.906,12.18,-0.9023,1.842,2.008,3.207,6.816
EFT:1.178,0.763,-1.256,1.908,12.22,-0.906,1.85,2.018,3.207,6.832
Random231
Raw:1.177,0.764,-1.25,1.909,12.22,-0.912,1.848,2.02,3.215,6.83
EFT:1.178,0.763,-1.256,1.908,12.22,-0.906,1.85,2.018,3.205,6.832
Random232
Raw:1.188,0.761,-1.25,1.914,12.195,-0.902,1.854,2.012,3.21,6.832
EFT:1.178,0.763,-1.256,1.908,12.22,-0.906,1.85,2.018,3.205,6.832
Random233
Raw:1.181,0.768,-1.255,1.913,12.21,-0.9,1.85,2.016,3.21,6.836
EFT:1.178,0.763,-1.256,1.908,12.22,-0.906,1.85,2.018,3.207,6.832
Random234
Raw:1.166,0.766,-1.263,1.902,12.234,-0.906,1.844,2.023,3.195,6.844
EFT:1.178,0.763,-1.256,1.908,12.22,-0.906,1.85,2.018,3.205,6.832
Random235
Raw:1.188,0.7544,-1.258,1.904,12.195,-0.9062,1.852,2.014,3.203,6.83
EFT:1.178,0.763,-1.256,1.908,12.22,-0.906,1.85,2.018,3.207,6.832
Random236
Raw:1.177,0.7603,-1.257,1.904,12.2,-0.901,1.844,2.014,3.195,6.83
EFT:1.178,0.763,-1.256,1.908,12.22,-0.906,1.85,2.018,3.205,6.832
Random237
Raw:1.165,0.769,-1.255,1.907,12.21,-0.904,1.84,2.018,3.203,6.83
EFT:1.178,0.763,-1.256,1.908,12.22,-0.906,1.85,2.018,3.207,6.832
Random238
Raw:1.162,0.765,-1.264,1.899,12.21,-0.902,1.836,2.021,3.191,6.832
EFT:1.178,0.763,-1.256,1.908,12.22,-0.906,1.85,2.018,3.205,6.832
Random239
Raw:1.183,0.761,-1.257,1.907,12.22,-0.9053,1.85,2.018,3.203,6.836
EFT:1.178,0.763,-1.256,1.908,12.22,-0.906,1.85,2.018,3.205,6.832
Random240
Raw:1.167,0.768,-1.263,1.901,12.23,-0.9014,1.84,2.021,3.195,6.836
EFT:1.178,0.763,-1.256,1.908,12.22,-0.906,1.85,2.018,3.207,6.832
Random241
Raw:1.18,0.7583,-1.258,1.902,12.21,-0.908,1.85,2.018,3.2,6.832
EFT:1.178,0.763,-1.256,1.908,12.22,-0.906,1.85,2.018,3.205,6.832
Random242
Raw:1.175,0.765,-1.255,1.908,12.234,-0.911,1.85,2.023,3.207,6.84
EFT:1.178,0.763,-1.256,1.908,12.22,-0.906,1.85,2.018,3.205,6.832
Random243
Raw:1.188,0.769,-1.24,1.925,12.18,-0.9014,1.857,2.006,3.227,6.816
EFT:1.178,0.763,-1.256,1.908,12.22,-0.906,1.85,2.018,3.207,6.832
Random244
Raw:1.1875,0.7583,-1.25,1.909,12.164,-0.895,1.848,2.006,3.2,6.82
EFT:1.178,0.763,-1.256,1.908,12.22,-0.906,1.85,2.018,3.207,6.832
Random245
Raw:1.185,0.766,-1.25,1.916,12.2,-0.905,1.854,2.014,3.215,6.832
EFT:1.178,0.763,-1.256,1.908,12.22,-0.906,1.85,2.018,3.207,6.832
Random246
Raw:1.168,0.7603,-1.259,1.899,12.23,-0.916,1.846,2.023,3.195,6.832
EFT:1.178,0.763,-1.256,1.908,12.22,-0.906,1.85,2.018,3.207,6.832
Random247
Raw:1.18,0.764,-1.251,1.913,12.23,-0.9097,1.854,2.02,3.21,6.836
EFT:1.178,0.763,-1.256,1.908,12.22,-0.906,1.85,2.018,3.207,6.832
Random248
Raw:1.205,0.7495,-1.237,1.914,12.16,-0.9087,1.861,2.0,3.219,6.805
EFT:1.178,0.763,-1.256,1.908,12.22,-0.906,1.85,2.018,3.207,6.832
Random249
Raw:1.177,0.766,-1.254,1.912,12.21,-0.9004,1.848,2.018,3.207,6.836
EFT:1.178,0.763,-1.256,1.908,12.22,-0.906,1.85,2.018,3.205,6.832
Random250
Raw:1.187,0.761,-1.247,1.913,12.21,-0.915,1.855,2.016,3.219,6.83
EFT:1.178,0.763,-1.256,1.908,12.22,-0.906,1.85,2.018,3.207,6.832
Random251
Raw:1.183,0.7583,-1.254,1.907,12.195,-0.9062,1.852,2.016,3.203,6.83
EFT:1.178,0.763,-1.256,1.908,12.22,-0.906,1.85,2.018,3.207,6.832
Random252
Raw:1.184,0.763,-1.244,1.915,12.19,-0.9067,1.85,2.012,3.219,6.816
EFT:1.178,0.763,-1.256,1.908,12.22,-0.906,1.85,2.018,3.207,6.832
Random253
Raw:1.187,0.7563,-1.246,1.908,12.19,-0.9097,1.85,2.01,3.21,6.816
EFT:1.178,0.763,-1.256,1.908,12.22,-0.906,1.85,2.018,3.205,6.832
Random254
Raw:1.177,0.764,-1.251,1.91,12.21,-0.9116,1.85,2.02,3.21,6.824
EFT:1.178,0.763,-1.256,1.908,12.22,-0.906,1.85,2.018,3.205,6.832
Random255
Raw:1.182,0.763,-1.257,1.91,12.23,-0.908,1.855,2.018,3.207,6.836
EFT:1.178,0.763,-1.256,1.908,12.22,-0.906,1.85,2.018,3.205,6.832
Random256
Raw:1.175,0.761,-1.255,1.904,12.22,-0.9116,1.848,2.021,3.203,6.832
EFT:1.178,0.763,-1.256,1.908,12.22,-0.906,1.85,2.018,3.205,6.832
Random257
Raw:1.177,0.766,-1.254,1.909,12.21,-0.903,1.848,2.016,3.207,6.832
EFT:1.178,0.763,-1.256,1.908,12.22,-0.906,1.85,2.018,3.207,6.832
Random258
Raw:1.179,0.7544,-1.255,1.9,12.19,-0.9053,1.844,2.012,3.2,6.82
EFT:1.178,0.763,-1.256,1.908,12.22,-0.906,1.85,2.018,3.205,6.832
Random259
Raw:1.181,0.765,-1.248,1.915,12.195,-0.899,1.85,2.012,3.21,6.82
EFT:1.178,0.763,-1.256,1.908,12.22,-0.906,1.85,2.018,3.207,6.832
Random260
Raw:1.181,0.764,-1.253,1.913,12.19,-0.896,1.846,2.01,3.203,6.83
EFT:1.178,0.763,-1.256,1.908,12.22,-0.906,1.85,2.018,3.207,6.832
Random261
Raw:1.187,0.761,-1.243,1.914,12.2,-0.9116,1.855,2.012,3.219,6.816
EFT:1.178,0.763,-1.256,1.908,12.22,-0.906,1.85,2.018,3.205,6.832
Random262
Raw:1.171,0.765,-1.253,1.907,12.18,-0.8955,1.838,2.01,3.2,6.816
EFT:1.178,0.763,-1.256,1.908,12.22,-0.906,1.85,2.018,3.207,6.832
Random263
Raw:1.182,0.7593,-1.254,1.908,12.2,-0.9077,1.85,2.016,3.203,6.83
EFT:1.178,0.763,-1.256,1.908,12.22,-0.906,1.85,2.018,3.207,6.832
Random264
Raw:1.193,0.7603,-1.248,1.915,12.17,-0.895,1.854,2.006,3.207,6.82
EFT:1.178,0.763,-1.256,1.908,12.22,-0.906,1.85,2.018,3.205,6.832
Random265
Raw:1.175,0.764,-1.25,1.909,12.2,-0.906,1.846,2.014,3.207,6.824
EFT:1.178,0.763,-1.256,1.908,12.22,-0.906,1.85,2.018,3.207,6.832
Random266
Raw:1.179,0.766,-1.249,1.914,12.21,-0.9043,1.85,2.014,3.215,6.83
EFT:1.178,0.763,-1.256,1.908,12.22,-0.906,1.85,2.018,3.205,6.832
Random267
Raw:1.179,0.764,-1.252,1.909,12.195,-0.901,1.846,2.014,3.207,6.82
EFT:1.178,0.763,-1.256,1.908,12.22,-0.906,1.85,2.018,3.205,6.832
Random268
Raw:1.173,0.761,-1.257,1.903,12.18,-0.901,1.84,2.014,3.2,6.82
EFT:1.178,0.763,-1.256,1.908,12.22,-0.906,1.85,2.018,3.205,6.832
Random269
Raw:1.186,0.761,-1.249,1.913,12.18,-0.9014,1.85,2.012,3.21,6.824
EFT:1.178,0.763,-1.256,1.908,12.22,-0.906,1.85,2.018,3.205,6.832
Random270
Raw:1.186,0.762,-1.247,1.913,12.17,-0.8975,1.842,2.006,3.207,6.816
EFT:1.178,0.763,-1.256,1.908,12.22,-0.906,1.85,2.018,3.207,6.832
Random271
Raw:1.18,0.763,-1.256,1.908,12.23,-0.907,1.85,2.018,3.207,6.83
EFT:1.178,0.763,-1.256,1.908,12.22,-0.906,1.85,2.018,3.207,6.832
Random272
Raw:1.184,0.763,-1.247,1.915,12.21,-0.91,1.854,2.016,3.215,6.83
EFT:1.178,0.763,-1.256,1.908,12.22,-0.906,1.85,2.018,3.207,6.832
Random273
Raw:1.187,0.763,-1.249,1.916,12.19,-0.9023,1.854,2.012,3.21,6.83
EFT:1.178,0.763,-1.256,1.908,12.22,-0.906,1.85,2.018,3.207,6.832
Random274
Raw:1.196,0.7563,-1.242,1.914,12.21,-0.92,1.865,2.016,3.223,6.824
EFT:1.178,0.763,-1.256,1.908,12.22,-0.906,1.85,2.018,3.207,6.832
Random275
Raw:1.192,0.763,-1.244,1.919,12.21,-0.91,1.863,2.012,3.223,6.83
EFT:1.178,0.763,-1.256,1.908,12.22,-0.906,1.85,2.018,3.207,6.832
Random276
Raw:1.169,0.764,-1.258,1.901,12.23,-0.907,1.842,2.021,3.2,6.832
EFT:1.178,0.763,-1.256,1.908,12.22,-0.906,1.85,2.018,3.207,6.832
Random277
Raw:1.174,0.764,-1.257,1.906,12.195,-0.902,1.844,2.018,3.195,6.832
EFT:1.178,0.763,-1.256,1.908,12.22,-0.906,1.85,2.018,3.207,6.832
Random278
Raw:1.188,0.7563,-1.251,1.908,12.19,-0.902,1.85,2.012,3.207,6.816
EFT:1.178,0.763,-1.256,1.908,12.22,-0.906,1.85,2.018,3.205,6.832
Random279
Raw:1.182,0.766,-1.249,1.915,12.23,-0.912,1.855,2.018,3.219,6.836
EFT:1.178,0.763,-1.256,1.908,12.22,-0.906,1.85,2.018,3.205,6.832
Random280
Raw:1.19,0.762,-1.248,1.915,12.2,-0.907,1.855,2.014,3.219,6.83
EFT:1.178,0.763,-1.256,1.908,12.22,-0.906,1.85,2.018,3.205,6.832
Random281
Raw:1.183,0.762,-1.248,1.911,12.19,-0.905,1.846,2.012,3.21,6.82
EFT:1.178,0.763,-1.256,1.908,12.22,-0.906,1.85,2.018,3.205,6.832
Random282
Raw:1.189,0.762,-1.247,1.915,12.2,-0.906,1.857,2.014,3.215,6.83
EFT:1.178,0.763,-1.256,1.908,12.22,-0.906,1.85,2.018,3.207,6.832
Random283
Raw:1.196,0.764,-1.244,1.922,12.23,-0.912,1.865,2.016,3.23,6.836
EFT:1.178,0.763,-1.256,1.908,12.22,-0.906,1.85,2.018,3.207,6.832
Random284
Raw:1.168,0.762,-1.255,1.902,12.22,-0.9146,1.842,2.02,3.203,6.824
EFT:1.178,0.763,-1.256,1.908,12.22,-0.906,1.85,2.018,3.205,6.832
Random285
Raw:1.158,0.77,-1.266,1.902,12.23,-0.9014,1.838,2.023,3.191,6.84
EFT:1.178,0.763,-1.256,1.908,12.22,-0.906,1.85,2.018,3.207,6.832
Random286
Raw:1.178,0.764,-1.255,1.91,12.21,-0.905,1.846,2.02,3.203,6.84
EFT:1.178,0.763,-1.256,1.908,12.22,-0.906,1.85,2.018,3.205,6.832
Random287
Raw:1.179,0.763,-1.257,1.907,12.21,-0.9043,1.85,2.018,3.2,6.836
EFT:1.178,0.763,-1.256,1.908,12.22,-0.906,1.85,2.018,3.207,6.832
Random288
Raw:1.195,0.7583,-1.246,1.915,12.18,-0.8984,1.855,2.006,3.21,6.82
EFT:1.178,0.763,-1.256,1.908,12.22,-0.906,1.85,2.018,3.207,6.832
Random289
Raw:1.185,0.763,-1.246,1.914,12.2,-0.9097,1.855,2.012,3.219,6.824
EFT:1.178,0.763,-1.256,1.908,12.22,-0.906,1.85,2.018,3.207,6.832
Random290
Raw:1.165,0.766,-1.257,1.905,12.23,-0.911,1.846,2.023,3.203,6.836
EFT:1.178,0.763,-1.256,1.908,12.22,-0.906,1.85,2.018,3.205,6.832
Random291
Raw:1.181,0.762,-1.252,1.909,12.2,-0.9023,1.846,2.014,3.207,6.824
EFT:1.178,0.763,-1.256,1.908,12.22,-0.906,1.85,2.018,3.207,6.832
Random292
Raw:1.184,0.767,-1.25,1.918,12.18,-0.892,1.85,2.006,3.21,6.83
EFT:1.178,0.763,-1.256,1.908,12.22,-0.906,1.85,2.018,3.207,6.832
Random293
Raw:1.19,0.761,-1.242,1.916,12.18,-0.906,1.852,2.008,3.219,6.812
EFT:1.178,0.763,-1.256,1.908,12.22,-0.906,1.85,2.018,3.207,6.832
Random294
Raw:1.177,0.764,-1.252,1.906,12.21,-0.9116,1.848,2.018,3.207,6.824
EFT:1.178,0.763,-1.256,1.908,12.22,-0.906,1.85,2.018,3.207,6.832
Random295
Raw:1.165,0.775,-1.26,1.909,12.24,-0.9033,1.848,2.023,3.203,6.848
EFT:1.178,0.763,-1.256,1.908,12.22,-0.906,1.85,2.018,3.205,6.832
Random296
Raw:1.186,0.765,-1.246,1.918,12.2,-0.904,1.854,2.012,3.219,6.824
EFT:1.178,0.763,-1.256,1.908,12.22,-0.906,1.85,2.018,3.205,6.832
Random297
Raw:1.188,0.768,-1.245,1.92,12.195,-0.8994,1.854,2.012,3.219,6.824
EFT:1.178,0.763,-1.256,1.908,12.22,-0.906,1.85,2.018,3.207,6.832
Random298
Raw:1.187,0.761,-1.25,1.913,12.195,-0.9043,1.854,2.014,3.21,6.83
EFT:1.178,0.763,-1.256,1.908,12.22,-0.906,1.85,2.018,3.205,6.832
Random299
Raw:1.165,0.773,-1.262,1.909,12.234,-0.899,1.842,2.021,3.2,6.84
EFT:1.178,0.763,-1.256,1.908,12.22,-0.906,1.85,2.018,3.207,6.832
Random300
Raw:1.187,0.7583,-1.245,1.911,12.19,-0.906,1.85,2.01,3.21,6.812
EFT:1.178,0.763,-1.256,1.908,12.22,-0.906,1.85,2.018,3.207,6.832
