Ascend
Raw:-14.68,-4.566,-1.365,-0.255,-8.99,-8.8,-23.38,13.57,-4.562,-1.859
EFT:-14.66,-4.566,-1.357,-0.2402,-8.984,-8.78,-23.36,13.57,-4.555,-1.85
Descend
Raw:-14.68,-4.574,-1.364,-0.254,-9.01,-8.79,-23.38,13.6,-4.57,-1.863
EFT:-14.66,-4.566,-1.357,-0.2402,-8.984,-8.78,-23.36,13.57,-4.555,-1.85
Random1
Raw:-14.65,-4.56,-1.357,-0.2432,-8.98,-8.78,-23.33,13.55,-4.547,-1.855
EFT:-14.66,-4.566,-1.357,-0.2402,-8.984,-8.78,-23.36,13.57,-4.555,-1.85
Random2
Raw:-14.695,-4.566,-1.365,-0.2588,-9.01,-8.81,-23.39,13.59,-4.57,-1.871
EFT:-14.66,-4.566,-1.357,-0.2402,-8.984,-8.78,-23.36,13.57,-4.555,-1.85
Random3
Raw:-14.67,-4.555,-1.35,-0.2471,-9.0,-8.8,-23.36,13.57,-4.562,-1.871
EFT:-14.66,-4.566,-1.357,-0.2402,-8.984,-8.78,-23.36,13.57,-4.555,-1.85
Random4
Raw:-14.664,-4.562,-1.356,-0.2412,-8.984,-8.78,-23.36,13.57,-4.55,-1.85
EFT:-14.66,-4.566,-1.357,-0.2402,-8.984,-8.78,-23.36,13.57,-4.555,-1.85
Random5
Raw:-14.67,-4.58,-1.372,-0.255,-9.01,-8.79,-23.39,13.586,-4.566,-1.851
EFT:-14.66,-4.566,-1.357,-0.2402,-8.984,-8.78,-23.36,13.57,-4.555,-1.85
Random6
Raw:-14.69,-4.58,-1.373,-0.2568,-9.01,-8.8,-23.4,13.59,-4.57,-1.855
EFT:-14.66,-4.566,-1.357,-0.2402,-8.984,-8.78,-23.36,13.57,-4.555,-1.85
Random7
Raw:-14.66,-4.555,-1.354,-0.2334,-8.98,-8.77,-23.34,13.56,-4.547,-1.848
EFT:-14.66,-4.566,-1.357,-0.2402,-8.984,-8.78,-23.36,13.57,-4.555,-1.85
Random8
Raw:-14.68,-4.566,-1.354,-0.2383,-9.0,-8.79,-23.38,13.586,-4.555,-1.855
EFT:-14.66,-4.566,-1.357,-0.2402,-8.984,-8.78,-23.36,13.57,-4.555,-1.85
Random9
Raw:-14.67,-4.566,-1.362,-0.2588,-8.99,-8.8,-23.36,13.58,-4.562,-1.864
EFT:-14.66,-4.566,-1.357,-0.2402,-8.984,-8.78,-23.36,13.57,-4.555,-1.85
Random10
Raw:-14.67,-4.562,-1.356,-0.2373,-8.984,-8.78,-23.36,13.58,-4.55,-1.85
EFT:-14.66,-4.566,-1.357,-0.2402,-8.984,-8.78,-23.36,13.57,-4.555,-1.85
Random11
Raw:-14.67,-4.57,-1.369,-0.2666,-8.99,-8.8,-23.38,13.57,-4.57,-1.867
EFT:-14.66,-4.566,-1.357,-0.2402,-8.984,-8.78,-23.36,13.57,-4.555,-1.85
Random12
Raw:-14.66,-4.56,-1.351,-0.2354,-8.984,-8.77,-23.33,13.57,-4.55,-1.858
EFT:-14.66,-4.566,-1.357,-0.2402,-8.984,-8.78,-23.36,13.57,-4.555,-1.85
Random13
Raw:-14.66,-4.566,-1.37,-0.253,-8.984,-8.79,-23.36,13.56,-4.56,-1.855
EFT:-14.66,-4.566,-1.357,-0.2402,-8.984,-8.78,-23.36,13.57,-4.555,-1.85
Random14
Raw:-14.67,-4.58,-1.369,-0.2471,-8.99,-8.79,-23.38,13.58,-4.56,-1.851
EFT:-14.66,-4.566,-1.357,-0.2402,-8.984,-8.78,-23.36,13.57,-4.555,-1.85
Random15
Raw:-14.67,-4.566,-1.361,-0.2559,-8.99,-8.8,-23.36,13.57,-4.562,-1.867
EFT:-14.66,-4.566,-1.357,-0.2402,-8.984,-8.78,-23.36,13.57,-4.555,-1.85
Random16
Raw:-14.68,-4.574,-1.368,-0.255,-9.0,-8.8,-23.39,13.586,-4.566,-1.859
EFT:-14.66,-4.566,-1.357,-0.2402,-8.984,-8.78,-23.36,13.57,-4.555,-1.85
Random17
Raw:-14.66,-4.56,-1.347,-0.2363,-8.984,-8.77,-23.33,13.56,-4.55,-1.857
EFT:-14.66,-4.566,-1.357,-0.2402,-8.984,-8.78,-23.36,13.57,-4.555,-1.85
Random18
Raw:-14.68,-4.547,-1.33,-0.2236,-8.99,-8.78,-23.34,13.586,-4.55,-1.87
EFT:-14.66,-4.566,-1.357,-0.2402,-8.984,-8.78,-23.36,13.57,-4.555,-1.85
Random19
Raw:-14.67,-4.555,-1.346,-0.2236,-8.98,-8.766,-23.34,13.57,-4.543,-1.848
EFT:-14.66,-4.566,-1.357,-0.2402,-8.984,-8.78,-23.36,13.57,-4.555,-1.85
Random20
Raw:-14.67,-4.58,-1.381,-0.2607,-8.99,-8.79,-23.39,13.58,-4.562,-1.846
EFT:-14.66,-4.566,-1.357,-0.2402,-8.984,-8.78,-23.36,13.57,-4.555,-1.85
Random21
Raw:-14.67,-4.562,-1.357,-0.2432,-9.01,-8.79,-23.38,13.59,-4.566,-1.863
EFT:-14.66,-4.566,-1.357,-0.2402,-8.984,-8.78,-23.36,13.57,-4.555,-1.85
Random22
Raw:-14.664,-4.547,-1.33,-0.2129,-8.984,-8.766,-23.33,13.57,-4.54,-1.859
EFT:-14.66,-4.566,-1.357,-0.2402,-8.984,-8.78,-23.36,13.57,-4.555,-1.85
Random23
Raw:-14.68,-4.57,-1.365,-0.2607,-8.99,-8.805,-23.39,13.57,-4.57,-1.865
EFT:-14.66,-4.566,-1.357,-0.2402,-8.984,-8.78,-23.36,13.57,-4.555,-1.85
Random24
Raw:-14.67,-4.562,-1.35,-0.2275,-8.99,-8.78,-23.36,13.586,-4.555,-1.854
EFT:-14.66,-4.566,-1.357,-0.2402,-8.984,-8.78,-23.36,13.57,-4.555,-1.85
Random25
Raw:-14.66,-4.562,-1.354,-0.2295,-8.98,-8.78,-23.36,13.56,-4.547,-1.845
EFT:-14.66,-4.566,-1.357,-0.2402,-8.984,-8.78,-23.36,13.57,-4.555,-1.85
Random26
Raw:-14.664,-4.55,-1.338,-0.2354,-8.99,-8.78,-23.33,13.57,-4.555,-1.864
EFT:-14.66,-4.566,-1.357,-0.2402,-8.984,-8.78,-23.36,13.57,-4.555,-1.85
Random27
Raw:-14.67,-4.57,-1.365,-0.248,-8.99,-8.8,-23.38,13.58,-4.562,-1.859
EFT:-14.66,-4.566,-1.357,-0.2402,-8.984,-8.78,-23.36,13.57,-4.555,-1.85
Random28
Raw:-14.68,-4.547,-1.341,-0.2275,-8.984,-8.78,-23.34,13.57,-4.547,-1.863
EFT:-14.66,-4.566,-1.357,-0.2402,-8.984,-8.78,-23.36,13.57,-4.555,-1.85
Random29
Raw:-14.664,-4.57,-1.377,-0.2646,-9.0,-8.8,-23.38,13.58,-4.57,-1.862
EFT:-14.66,-4.566,-1.357,-0.2402,-8.984,-8.78,-23.36,13.57,-4.555,-1.85
Random30
Raw:-14.67,-4.574,-1.369,-0.2646,-8.99,-8.8,-23.38,13.57,-4.57,-1.863
EFT:-14.66,-4.566,-1.357,-0.2402,-8.984,-8.78,-23.36,13.57,-4.555,-1.85
Random31
Raw:-14.664,-4.574,-1.369,-0.2471,-9.0,-8.78,-23.38,13.58,-4.562,-1.851
EFT:-14.66,-4.566,-1.357,-0.2402,-8.984,-8.78,-23.36,13.57,-4.555,-1.85
Random32
Raw:-14.66,-4.543,-1.338,-0.2324,-8.984,-8.77,-23.31,13.56,-4.55,-1.863
EFT:-14.66,-4.566,-1.357,-0.2402,-8.984,-8.78,-23.36,13.57,-4.555,-1.85
Random33
Raw:-14.63,-4.56,-1.3545,-0.2373,-8.984,-8.766,-23.31,13.56,-4.547,-1.85
EFT:-14.66,-4.566,-1.357,-0.2402,-8.984,-8.78,-23.36,13.57,-4.555,-1.85
Random34
Raw:-14.67,-4.555,-1.344,-0.2295,-9.01,-8.78,-23.36,13.59,-4.555,-1.857
EFT:-14.66,-4.566,-1.357,-0.2402,-8.984,-8.78,-23.36,13.57,-4.555,-1.85
Random35
Raw:-14.66,-4.566,-1.357,-0.2412,-8.984,-8.78,-23.36,13.57,-4.55,-1.852
EFT:-14.66,-4.566,-1.357,-0.2402,-8.984,-8.78,-23.36,13.57,-4.555,-1.85
Random36
Raw:-14.67,-4.555,-1.346,-0.2236,-8.984,-8.78,-23.34,13.57,-4.547,-1.854
EFT:-14.66,-4.566,-1.357,-0.2402,-8.984,-8.78,-23.36,13.57,-4.555,-1.85
Random37
Raw:-14.664,-4.57,-1.362,-0.2588,-8.99,-8.79,-23.36,13.57,-4.562,-1.863
EFT:-14.66,-4.566,-1.357,-0.2402,-8.984,-8.78,-23.36,13.57,-4.555,-1.85
Random38
Raw:-14.66,-4.56,-1.35,-0.2354,-8.984,-8.77,-23.34,13.56,-4.547,-1.854
EFT:-14.66,-4.566,-1.357,-0.2402,-8.984,-8.78,-23.36,13.57,-4.555,-1.85
Random39
Raw:-14.69,-4.586,-1.385,-0.2646,-9.01,-8.805,-23.42,13.59,-4.57,-1.855
EFT:-14.66,-4.566,-1.357,-0.2402,-8.984,-8.78,-23.36,13.57,-4.555,-1.85
Random40
Raw:-14.63,-4.555,-1.354,-0.2354,-8.97,-8.766,-23.31,13.54,-4.54,-1.85
EFT:-14.66,-4.566,-1.357,-0.2402,-8.984,-8.78,-23.36,13.57,-4.555,-1.85
Random41
Raw:-14.66,-4.562,-1.3545,-0.2393,-8.99,-8.77,-23.34,13.586,-4.56,-1.855
EFT:-14.66,-4.566,-1.357,-0.2402,-8.984,-8.78,-23.36,13.57,-4.555,-1.85
Random42
Raw:-14.664,-4.58,-1.373,-0.2588,-9.0,-8.79,-23.39,13.586,-4.566,-1.855
EFT:-14.66,-4.566,-1.357,-0.2402,-8.984,-8.78,-23.36,13.57,-4.555,-1.85
Random43
Raw:-14.65,-4.566,-1.361,-0.2354,-8.98,-8.77,-23.36,13.555,-4.547,-1.842
EFT:-14.66,-4.566,-1.357,-0.2402,-8.984,-8.78,-23.36,13.57,-4.555,-1.85
Random44
Raw:-14.66,-4.58,-1.373,-0.2471,-8.984,-8.78,-23.38,13.57,-4.555,-1.842
EFT:-14.66,-4.566,-1.357,-0.2402,-8.984,-8.78,-23.36,13.57,-4.555,-1.85
Random45
Raw:-14.67,-4.582,-1.374,-0.255,-8.99,-8.8,-23.4,13.586,-4.562,-1.853
EFT:-14.66,-4.566,-1.357,-0.2402,-8.984,-8.78,-23.36,13.57,-4.555,-1.85
Random46
Raw:-14.66,-4.562,-1.353,-0.2354,-8.98,-8.77,-23.34,13.56,-4.547,-1.85
EFT:-14.66,-4.566,-1.357,-0.2402,-8.984,-8.78,-23.36,13.57,-4.555,-1.85
Random47
Raw:-14.67,-4.57,-1.369,-0.2627,-9.0,-8.8,-23.38,13.58,-4.57,-1.868
EFT:-14.66,-4.566,-1.357,-0.2402,-8.984,-8.78,-23.36,13.57,-4.555,-1.85
Random48
Raw:-14.664,-4.574,-1.368,-0.252,-9.0,-8.78,-23.38,13.586,-4.562,-1.852
EFT:-14.66,-4.566,-1.357,-0.2402,-8.984,-8.78,-23.36,13.57,-4.555,-1.85
Random49
Raw:-14.69,-4.574,-1.369,-0.2646,-9.0,-8.805,-23.39,13.58,-4.57,-1.867
EFT:-14.66,-4.566,-1.357,-0.2402,-8.984,-8.78,-23.36,13.57,-4.555,-1.85
Random50
Raw:-14.67,-4.562,-1.35,-0.2295,-8.99,-8.78,-23.36,13.586,-4.555,-1.854
EFT:-14.66,-4.566,-1.357,-0.2402,-8.984,-8.78,-23.36,13.57,-4.555,-1.85
Random51
Raw:-14.664,-4.555,-1.342,-0.2236,-8.98,-8.77,-23.34,13.57,-4.543,-1.851
EFT:-14.66,-4.566,-1.357,-0.2402,-8.984,-8.78,-23.36,13.57,-4.555,-1.85
Random52
Raw:-14.67,-4.55,-1.342,-0.2334,-8.984,-8.78,-23.33,13.57,-4.55,-1.864
EFT:-14.66,-4.566,-1.357,-0.2402,-8.984,-8.78,-23.36,13.57,-4.555,-1.85
Random53
Raw:-14.664,-4.555,-1.354,-0.249,-8.99,-8.79,-23.33,13.57,-4.56,-1.861
EFT:-14.66,-4.566,-1.357,-0.2402,-8.984,-8.78,-23.36,13.57,-4.555,-1.85
Random54
Raw:-14.625,-4.55,-1.331,-0.2158,-8.984,-8.74,-23.3,13.56,-4.54,-1.8545
EFT:-14.66,-4.566,-1.357,-0.2402,-8.984,-8.78,-23.36,13.57,-4.555,-1.85
Random55
Raw:-14.66,-4.547,-1.342,-0.2354,-8.98,-8.78,-23.31,13.555,-4.547,-1.859
EFT:-14.66,-4.566,-1.357,-0.2402,-8.984,-8.78,-23.36,13.57,-4.555,-1.85
Random56
Raw:-14.67,-4.56,-1.347,-0.2236,-8.984,-8.78,-23.34,13.57,-4.547,-1.851
EFT:-14.66,-4.566,-1.357,-0.2402,-8.984,-8.78,-23.36,13.57,-4.555,-1.85
Random57
Raw:-14.66,-4.547,-1.344,-0.2412,-8.984,-8.78,-23.31,13.555,-4.555,-1.867
EFT:-14.66,-4.566,-1.357,-0.2402,-8.984,-8.78,-23.36,13.57,-4.555,-1.85
Random58
Raw:-14.68,-4.574,-1.368,-0.2666,-9.01,-8.805,-23.38,13.59,-4.574,-1.873
EFT:-14.66,-4.566,-1.357,-0.2402,-8.984,-8.78,-23.36,13.57,-4.555,-1.85
Random59
Raw:-14.66,-4.562,-1.361,-0.2568,-8.99,-8.78,-23.34,13.57,-4.562,-1.863
EFT:-14.66,-4.566,-1.357,-0.2402,-8.984,-8.78,-23.36,13.57,-4.555,-1.85
Random60
Raw:-14.664,-4.555,-1.341,-0.2256,-8.99,-8.78,-23.34,13.58,-4.55,-1.856
EFT:-14.66,-4.566,-1.357,-0.2402,-8.984,-8.78,-23.36,13.57,-4.555,-1.85
Random61
Raw:-14.66,-4.566,-1.354,-0.2334,-9.0,-8.77,-23.36,13.59,-4.555,-1.855
EFT:-14.66,-4.566,-1.357,-0.2402,-8.984,-8.78,-23.36,13.57,-4.555,-1.85
Random62
Raw:-14.64,-4.56,-1.354,-0.2393,-8.97,-8.77,-23.33,13.54,-4.547,-1.851
EFT:-14.66,-4.566,-1.357,-0.2402,-8.984,-8.78,-23.36,13.57,-4.555,-1.85
Random63
Raw:-14.664,-4.56,-1.354,-0.2402,-8.99,-8.79,-23.34,13.58,-4.555,-1.859
EFT:-14.66,-4.566,-1.357,-0.2402,-8.984,-8.78,-23.36,13.57,-4.555,-1.85
Random64
Raw:-14.66,-4.555,-1.346,-0.2275,-8.98,-8.766,-23.33,13.57,-4.543,-1.85
EFT:-14.66,-4.566,-1.357,-0.2402,-8.984,-8.78,-23.36,13.57,-4.555,-1.85
Random65
Raw:-14.67,-4.57,-1.377,-0.2695,-9.0,-8.79,-23.38,13.57,-4.57,-1.861
EFT:-14.66,-4.566,-1.357,-0.2402,-8.984,-8.78,-23.36,13.57,-4.555,-1.85
Random66
Raw:-14.664,-4.555,-1.346,-0.2334,-8.984,-8.78,-23.34,13.57,-4.547,-1.854
EFT:-14.66,-4.566,-1.357,-0.2402,-8.984,-8.78,-23.36,13.57,-4.555,-1.85
Random67
Raw:-14.65,-4.56,-1.361,-0.2373,-8.97,-8.77,-23.34,13.55,-4.547,-1.843
EFT:-14.66,-4.566,-1.357,-0.2402,-8.984,-8.78,-23.36,13.57,-4.555,-1.85
Random68
Raw:-14.664,-4.562,-1.342,-0.2158,-8.984,-8.766,-23.36,13.58,-4.54,-1.838
EFT:-14.66,-4.566,-1.357,-0.2402,-8.984,-8.78,-23.36,13.57,-4.555,-1.85
Random69
Raw:-14.67,-4.55,-1.348,-0.2393,-8.99,-8.8,-23.34,13.58,-4.555,-1.865
EFT:-14.66,-4.566,-1.357,-0.2402,-8.984,-8.78,-23.36,13.57,-4.555,-1.85
Random70
Raw:-14.67,-4.566,-1.369,-0.2568,-8.99,-8.8,-23.36,13.57,-4.562,-1.867
EFT:-14.66,-4.566,-1.357,-0.2402,-8.984,-8.78,-23.36,13.57,-4.555,-1.85
Random71
Raw:-14.664,-4.56,-1.354,-0.2314,-8.99,-8.78,-23.36,13.586,-4.555,-1.854
EFT:-14.66,-4.566,-1.357,-0.2402,-8.984,-8.78,-23.36,13.57,-4.555,-1.85
Random72
Raw:-14.64,-4.555,-1.35,-0.2354,-8.98,-8.77,-23.33,13.555,-4.547,-1.8545
EFT:-14.66,-4.566,-1.357,-0.2402,-8.984,-8.78,-23.36,13.57,-4.555,-1.85
Random73
Raw:-14.67,-4.566,-1.357,-0.2432,-9.0,-8.79,-23.36,13.59,-4.56,-1.855
EFT:-14.66,-4.566,-1.357,-0.2402,-8.984,-8.78,-23.36,13.57,-4.555,-1.85
Random74
Raw:-14.66,-4.562,-1.346,-0.2275,-8.984,-8.77,-23.36,13.57,-4.547,-1.848
EFT:-14.66,-4.566,-1.357,-0.2402,-8.984,-8.78,-23.36,13.57,-4.555,-1.85
Random75
Raw:-14.69,-4.555,-1.339,-0.2275,-8.99,-8.8,-23.36,13.586,-4.555,-1.867
EFT:-14.66,-4.566,-1.357,-0.2402,-8.984,-8.78,-23.36,13.57,-4.555,-1.85
Random76
Raw:-14.695,-4.57,-1.362,-0.2402,-9.0,-8.79,-23.39,13.586,-4.562,-1.854
EFT:-14.66,-4.566,-1.357,-0.2402,-8.984,-8.78,-23.36,13.57,-4.555,-1.85
Random77
Raw:-14.69,-4.574,-1.376,-0.2705,-9.01,-8.805,-23.4,13.59,-4.58,-1.869
EFT:-14.66,-4.566,-1.357,-0.2402,-8.984,-8.78,-23.36,13.57,-4.555,-1.85
Random78
Raw:-14.72,-4.59,-1.381,-0.2607,-9.02,-8.83,-23.47,13.625,-4.58,-1.855
EFT:-14.66,-4.566,-1.357,-0.2402,-8.984,-8.78,-23.36,13.57,-4.555,-1.85
Random79
Raw:-14.66,-4.555,-1.355,-0.2627,-8.99,-8.8,-23.33,13.57,-4.566,-1.875
EFT:-14.66,-4.566,-1.357,-0.2402,-8.984,-8.78,-23.36,13.57,-4.555,-1.85
Random80
Raw:-14.66,-4.56,-1.364,-0.251,-8.984,-8.78,-23.33,13.56,-4.555,-1.857
EFT:-14.66,-4.566,-1.357,-0.2402,-8.984,-8.78,-23.36,13.57,-4.555,-1.85
Random81
Raw:-14.67,-4.57,-1.369,-0.255,-8.99,-8.8,-23.38,13.58,-4.562,-1.855
EFT:-14.66,-4.566,-1.357,-0.2402,-8.984,-8.78,-23.36,13.57,-4.555,-1.85
Random82
Raw:-14.64,-4.562,-1.354,-0.2217,-8.98,-8.75,-23.33,13.56,-4.535,-1.836
EFT:-14.66,-4.566,-1.357,-0.2402,-8.984,-8.78,-23.36,13.57,-4.555,-1.85
Random83
Raw:-14.68,-4.566,-1.36,-0.2432,-9.01,-8.79,-23.38,13.59,-4.562,-1.862
EFT:-14.66,-4.566,-1.357,-0.2402,-8.984,-8.78,-23.36,13.57,-4.555,-1.85
Random84
Raw:-14.65,-4.55,-1.35,-0.2393,-8.98,-8.766,-23.31,13.555,-4.547,-1.855
EFT:-14.66,-4.566,-1.357,-0.2402,-8.984,-8.78,-23.36,13.57,-4.555,-1.85
Random85
Raw:-14.67,-4.57,-1.358,-0.2432,-8.99,-8.8,-23.38,13.58,-4.555,-1.852
EFT:-14.66,-4.566,-1.357,-0.2402,-8.984,-8.78,-23.36,13.57,-4.555,-1.85
Random86
Raw:-14.65,-4.55,-1.356,-0.2432,-8.98,-8.78,-23.33,13.55,-4.55,-1.855
EFT:-14.66,-4.566,-1.357,-0.2402,-8.984,-8.78,-23.36,13.57,-4.555,-1.85
Random87
Raw:-14.66,-4.543,-1.334,-0.2314,-8.99,-8.77,-23.31,13.56,-4.547,-1.867
EFT:-14.66,-4.566,-1.357,-0.2402,-8.984,-8.78,-23.36,13.57,-4.555,-1.85
Random88
Raw:-14.67,-4.56,-1.356,-0.2393,-8.984,-8.79,-23.36,13.57,-4.55,-1.855
EFT:-14.66,-4.566,-1.357,-0.2402,-8.984,-8.78,-23.36,13.57,-4.555,-1.85
Random89
Raw:-14.66,-4.55,-1.346,-0.2354,-8.98,-8.78,-23.33,13.555,-4.55,-1.86
EFT:-14.66,-4.566,-1.357,-0.2402,-8.984,-8.78,-23.36,13.57,-4.555,-1.85
Random90
Raw:-14.66,-4.555,-1.346,-0.2236,-8.98,-8.77,-23.33,13.57,-4.543,-1.844
EFT:-14.66,-4.566,-1.357,-0.2402,-8.984,-8.78,-23.36,13.57,-4.555,-1.85
Random91
Raw:-14.68,-4.59,-1.393,-0.2705,-9.0,-8.805,-23.42,13.586,-4.57,-1.85
EFT:-14.66,-4.566,-1.357,-0.2402,-8.984,-8.78,-23.36,13.57,-4.555,-1.85
Random92
Raw:-14.664,-4.566,-1.361,-0.251,-9.0,-8.79,-23.36,13.58,-4.566,-1.863
EFT:-14.66,-4.566,-1.357,-0.2402,-8.984,-8.78,-23.36,13.57,-4.555,-1.85
Random93
Raw:-14.664,-4.566,-1.357,-0.249,-8.99,-8.78,-23.36,13.58,-4.562,-1.859
EFT:-14.66,-4.566,-1.357,-0.2402,-8.984,-8.78,-23.36,13.57,-4.555,-1.85
Random94
Raw:-14.67,-4.562,-1.3545,-0.249,-8.99,-8.79,-23.34,13.57,-4.562,-1.865
EFT:-14.66,-4.566,-1.357,-0.2402,-8.984,-8.78,-23.36,13.57,-4.555,-1.85
Random95
Raw:-14.65,-4.574,-1.369,-0.249,-8.984,-8.79,-23.38,13.57,-4.555,-1.848
EFT:-14.66,-4.566,-1.357,-0.2402,-8.984,-8.78,-23.36,13.57,-4.555,-1.85
Random96
Raw:-14.67,-4.562,-1.365,-0.2607,-8.99,-8.8,-23.34,13.57,-4.562,-1.867
EFT:-14.66,-4.566,-1.357,-0.2402,-8.984,-8.78,-23.36,13.57,-4.555,-1.85
Random97
Raw:-14.65,-4.562,-1.35,-0.2275,-8.99,-8.766,-23.34,13.57,-4.547,-1.847
EFT:-14.66,-4.566,-1.357,-0.2402,-8.984,-8.78,-23.36,13.57,-4.555,-1.85
Random98
Raw:-14.65,-4.55,-1.345,-0.2354,-8.98,-8.766,-23.31,13.555,-4.547,-1.859
EFT:-14.66,-4.566,-1.357,-0.2402,-8.984,-8.78,-23.36,13.57,-4.555,-1.85
Random99
Raw:-14.695,-4.566,-1.361,-0.2412,-8.99,-8.8,-23.39,13.586,-4.56,-1.855
EFT:-14.66,-4.566,-1.357,-0.2402,-8.984,-8.78,-23.36,13.57,-4.555,-1.85
Random100
Raw:-14.65,-4.555,-1.345,-0.2393,-8.984,-8.78,-23.31,13.56,-4.555,-1.862
EFT:-14.66,-4.566,-1.357,-0.2402,-8.984,-8.78,-23.36,13.57,-4.555,-1.85
Random101
Raw:-14.67,-4.574,-1.371,-0.255,-8.99,-8.79,-23.38,13.57,-4.56,-1.854
EFT:-14.66,-4.566,-1.357,-0.2402,-8.984,-8.78,-23.36,13.57,-4.555,-1.85
Random102
Raw:-14.664,-4.555,-1.343,-0.2334,-8.99,-8.78,-23.33,13.57,-4.555,-1.861
EFT:-14.66,-4.566,-1.357,-0.2402,-8.984,-8.78,-23.36,13.57,-4.555,-1.85
Random103
Raw:-14.63,-4.555,-1.331,-0.2041,-8.98,-8.74,-23.3,13.56,-4.527,-1.84
EFT:-14.66,-4.566,-1.357,-0.2402,-8.984,-8.78,-23.36,13.57,-4.555,-1.85
Random104
Raw:-14.67,-4.562,-1.357,-0.2393,-8.984,-8.79,-23.36,13.57,-4.55,-1.85
EFT:-14.66,-4.566,-1.357,-0.2402,-8.984,-8.78,-23.36,13.57,-4.555,-1.85
Random105
Raw:-14.66,-4.555,-1.357,-0.2432,-8.98,-8.78,-23.31,13.555,-4.55,-1.855
EFT:-14.66,-4.566,-1.357,-0.2402,-8.984,-8.78,-23.36,13.57,-4.555,-1.85
Random106
Raw:-14.66,-4.55,-1.342,-0.2334,-8.97,-8.78,-23.33,13.555,-4.547,-1.856
EFT:-14.66,-4.566,-1.357,-0.2402,-8.984,-8.78,-23.36,13.57,-4.555,-1.85
Random107
Raw:-14.664,-4.562,-1.355,-0.2275,-8.98,-8.77,-23.36,13.57,-4.543,-1.837
EFT:-14.66,-4.566,-1.357,-0.2402,-8.984,-8.78,-23.36,13.57,-4.555,-1.85
Random108
Raw:-14.664,-4.562,-1.354,-0.2373,-8.97,-8.78,-23.34,13.555,-4.547,-1.85
EFT:-14.66,-4.566,-1.357,-0.2402,-8.984,-8.78,-23.36,13.57,-4.555,-1.85
Random109
Raw:-14.67,-4.574,-1.369,-0.2588,-9.01,-8.79,-23.39,13.586,-4.57,-1.858
EFT:-14.66,-4.566,-1.357,-0.2402,-8.984,-8.78,-23.36,13.57,-4.555,-1.85
Random110
Raw:-14.66,-4.562,-1.353,-0.2334,-8.98,-8.77,-23.34,13.57,-4.547,-1.848
EFT:-14.66,-4.566,-1.357,-0.2402,-8.984,-8.78,-23.36,13.57,-4.555,-1.85
Random111
Raw:-14.66,-4.562,-1.356,-0.2432,-8.99,-8.78,-23.36,13.58,-4.555,-1.854
EFT:-14.66,-4.566,-1.357,-0.2402,-8.984,-8.78,-23.36,13.57,-4.555,-1.85
Random112
Raw:-14.68,-4.56,-1.35,-0.2393,-9.01,-8.8,-23.38,13.6,-4.56,-1.863
EFT:-14.66,-4.566,-1.357,-0.2402,-8.984,-8.78,-23.36,13.57,-4.555,-1.85
Random113
Raw:-14.66,-4.555,-1.345,-0.2275,-8.98,-8.78,-23.33,13.56,-4.543,-1.85
EFT:-14.66,-4.566,-1.357,-0.2402,-8.984,-8.78,-23.36,13.57,-4.555,-1.85
Random114
Raw:-14.65,-4.555,-1.35,-0.2314,-8.98,-8.766,-23.31,13.56,-4.547,-1.851
EFT:-14.66,-4.566,-1.357,-0.2402,-8.984,-8.78,-23.36,13.57,-4.555,-1.85
Random115
Raw:-14.68,-4.57,-1.36,-0.2432,-9.01,-8.79,-23.38,13.59,-4.562,-1.857
EFT:-14.66,-4.566,-1.357,-0.2402,-8.984,-8.78,-23.36,13.57,-4.555,-1.85
Random116
Raw:-14.66,-4.547,-1.338,-0.2275,-8.98,-8.78,-23.33,13.57,-4.547,-1.855
EFT:-14.66,-4.566,-1.357,-0.2402,-8.984,-8.78,-23.36,13.57,-4.555,-1.85
Random117
Raw:-14.664,-4.562,-1.354,-0.2314,-8.99,-8.77,-23.36,13.586,-4.555,-1.852
EFT:-14.66,-4.566,-1.357,-0.2402,-8.984,-8.78,-23.36,13.57,-4.555,-1.85
Random118
Raw:-14.68,-4.55,-1.337,-0.2158,-8.984,-8.77,-23.34,13.57,-4.54,-1.847
EFT:-14.66,-4.566,-1.357,-0.2402,-8.984,-8.78,-23.36,13.57,-4.555,-1.85
Random119
Raw:-14.664,-4.566,-1.357,-0.2432,-8.99,-8.8,-23.38,13.58,-4.56,-1.855
EFT:-14.66,-4.566,-1.357,-0.2402,-8.984,-8.78,-23.36,13.57,-4.555,-1.85
Random120
Raw:-14.695,-4.55,-1.338,-0.2275,-9.0,-8.79,-23.36,13.586,-4.555,-1.871
EFT:-14.66,-4.566,-1.357,-0.2402,-8.984,-8.78,-23.36,13.57,-4.555,-1.85
Random121
Raw:-14.664,-4.562,-1.365,-0.2607,-8.99,-8.79,-23.36,13.56,-4.562,-1.859
EFT:-14.66,-4.566,-1.357,-0.2402,-8.984,-8.78,-23.36,13.57,-4.555,-1.85
Random122
Raw:-14.67,-4.586,-1.388,-0.2588,-8.99,-8.8,-23.4,13.57,-4.562,-1.844
EFT:-14.66,-4.566,-1.357,-0.2402,-8.984,-8.78,-23.36,13.57,-4.555,-1.85
Random123
Raw:-14.68,-4.555,-1.339,-0.2217,-8.99,-8.78,-23.36,13.58,-4.547,-1.853
EFT:-14.66,-4.566,-1.357,-0.2402,-8.984,-8.78,-23.36,13.57,-4.555,-1.85
Random124
Raw:-14.63,-4.56,-1.346,-0.2275,-8.984,-8.766,-23.33,13.57,-4.543,-1.847
EFT:-14.66,-4.566,-1.357,-0.2402,-8.984,-8.78,-23.36,13.57,-4.555,-1.85
Random125
Raw:-14.664,-4.56,-1.345,-0.2334,-8.984,-8.78,-23.34,13.56,-4.547,-1.8545
EFT:-14.66,-4.566,-1.357,-0.2402,-8.984,-8.78,-23.36,13.57,-4.555,-1.85
Random126
Raw:-14.69,-4.57,-1.364,-0.253,-9.01,-8.8,-23.39,13.59,-4.566,-1.863
EFT:-14.66,-4.566,-1.357,-0.2402,-8.984,-8.78,-23.36,13.57,-4.555,-1.85
Random127
Raw:-14.64,-4.555,-1.346,-0.2334,-8.98,-8.766,-23.31,13.555,-4.547,-1.8545
EFT:-14.66,-4.566,-1.357,-0.2402,-8.984,-8.78,-23.36,13.57,-4.555,-1.85
Random128
Raw:-14.7,-4.582,-1.365,-0.2393,-9.01,-8.805,-23.42,13.6,-4.562,-1.846
EFT:-14.66,-4.566,-1.357,-0.2402,-8.984,-8.78,-23.36,13.57,-4.555,-1.85
Random129
Raw:-14.69,-4.582,-1.374,-0.248,-8.99,-8.805,-23.42,13.586,-4.562,-1.848
EFT:-14.66,-4.566,-1.357,-0.2402,-8.984,-8.78,-23.36,13.57,-4.555,-1.85
Random130
Raw:-14.64,-4.562,-1.358,-0.2334,-8.97,-8.766,-23.33,13.55,-4.543,-1.838
EFT:-14.66,-4.566,-1.357,-0.2402,-8.984,-8.78,-23.36,13.57,-4.555,-1.85
Random131
Raw:-14.65,-4.55,-1.358,-0.2393,-8.97,-8.766,-23.33,13.54,-4.547,-1.852
EFT:-14.66,-4.566,-1.357,-0.2402,-8.984,-8.78,-23.36,13.57,-4.555,-1.85
Random132
Raw:-14.68,-4.586,-1.377,-0.2568,-9.01,-8.8,-23.4,13.59,-4.566,-1.854
EFT:-14.66,-4.566,-1.357,-0.2402,-8.984,-8.78,-23.36,13.57,-4.555,-1.85
Random133
Raw:-14.67,-4.57,-1.361,-0.249,-8.99,-8.79,-23.38,13.58,-4.555,-1.855
EFT:-14.66,-4.566,-1.357,-0.2402,-8.984,-8.78,-23.36,13.57,-4.555,-1.85
Random134
Raw:-14.63,-4.555,-1.357,-0.2441,-8.98,-8.77,-23.33,13.555,-4.55,-1.852
EFT:-14.66,-4.566,-1.357,-0.2402,-8.984,-8.78,-23.36,13.57,-4.555,-1.85
Random135
Raw:-14.66,-4.56,-1.347,-0.2275,-8.99,-8.78,-23.34,13.57,-4.547,-1.8545
EFT:-14.66,-4.566,-1.357,-0.2402,-8.984,-8.78,-23.36,13.57,-4.555,-1.85
Random136
Raw:-14.67,-4.57,-1.364,-0.251,-9.01,-8.8,-23.39,13.6,-4.566,-1.863
EFT:-14.66,-4.566,-1.357,-0.2402,-8.984,-8.78,-23.36,13.57,-4.555,-1.85
Random137
Raw:-14.66,-4.555,-1.35,-0.2373,-8.98,-8.78,-23.33,13.555,-4.55,-1.8545
EFT:-14.66,-4.566,-1.357,-0.2402,-8.984,-8.78,-23.36,13.57,-4.555,-1.85
Random138
Raw:-14.66,-4.555,-1.35,-0.2354,-8.98,-8.78,-23.34,13.57,-4.547,-1.852
EFT:-14.66,-4.566,-1.357,-0.2402,-8.984,-8.78,-23.36,13.57,-4.555,-1.85
Random139
Raw:-14.67,-4.56,-1.349,-0.2334,-8.984,-8.77,-23.34,13.56,-4.547,-1.854
EFT:-14.66,-4.566,-1.357,-0.2402,-8.984,-8.78,-23.36,13.57,-4.555,-1.85
Random140
Raw:-14.66,-4.574,-1.373,-0.2588,-8.99,-8.79,-23.36,13.57,-4.562,-1.858
EFT:-14.66,-4.566,-1.357,-0.2402,-8.984,-8.78,-23.36,13.57,-4.555,-1.85
Random141
Raw:-14.67,-4.555,-1.347,-0.2393,-8.99,-8.79,-23.34,13.57,-4.555,-1.865
EFT:-14.66,-4.566,-1.357,-0.2402,-8.984,-8.78,-23.36,13.57,-4.555,-1.85
Random142
Raw:-14.63,-4.54,-1.334,-0.2275,-8.98,-8.766,-23.3,13.56,-4.547,-1.867
EFT:-14.66,-4.566,-1.357,-0.2402,-8.984,-8.78,-23.36,13.57,-4.555,-1.85
Random143
Raw:-14.66,-4.57,-1.357,-0.2344,-8.99,-8.78,-23.34,13.58,-4.55,-1.848
EFT:-14.66,-4.566,-1.357,-0.2402,-8.984,-8.78,-23.36,13.57,-4.555,-1.85
Random144
Raw:-14.66,-4.555,-1.338,-0.2217,-8.99,-8.77,-23.34,13.57,-4.547,-1.852
EFT:-14.66,-4.566,-1.357,-0.2402,-8.984,-8.78,-23.36,13.57,-4.555,-1.85
Random145
Raw:-14.64,-4.54,-1.34,-0.2334,-8.98,-8.766,-23.3,13.555,-4.543,-1.865
EFT:-14.66,-4.566,-1.357,-0.2402,-8.984,-8.78,-23.36,13.57,-4.555,-1.85
Random146
Raw:-14.664,-4.55,-1.342,-0.2373,-8.99,-8.78,-23.33,13.57,-4.555,-1.863
EFT:-14.66,-4.566,-1.357,-0.2402,-8.984,-8.78,-23.36,13.57,-4.555,-1.85
Random147
Raw:-14.664,-4.58,-1.37,-0.2432,-9.0,-8.78,-23.39,13.586,-4.56,-1.844
EFT:-14.66,-4.566,-1.357,-0.2402,-8.984,-8.78,-23.36,13.57,-4.555,-1.85
Random148
Raw:-14.68,-4.57,-1.372,-0.255,-8.99,-8.79,-23.38,13.57,-4.56,-1.852
EFT:-14.66,-4.566,-1.357,-0.2402,-8.984,-8.78,-23.36,13.57,-4.555,-1.85
Random149
Raw:-14.695,-4.574,-1.368,-0.2578,-9.01,-8.805,-23.39,13.586,-4.57,-1.863
EFT:-14.66,-4.566,-1.357,-0.2402,-8.984,-8.78,-23.36,13.57,-4.555,-1.85
Random150
Raw:-14.67,-4.566,-1.358,-0.248,-8.99,-8.79,-23.36,13.58,-4.555,-1.857
EFT:-14.66,-4.566,-1.357,-0.2402,-8.984,-8.78,-23.36,13.57,-4.555,-1.85
Random151
Raw:-14.664,-4.555,-1.354,-0.2344,-8.97,-8.78,-23.36,13.555,-4.547,-1.846
EFT:-14.66,-4.566,-1.357,-0.2402,-8.984,-8.78,-23.36,13.57,-4.555,-1.85
Random152
Raw:-14.67,-4.56,-1.349,-0.2275,-8.98,-8.77,-23.36,13.56,-4.547,-1.852
EFT:-14.66,-4.566,-1.357,-0.2402,-8.984,-8.78,-23.36,13.57,-4.555,-1.85
Random153
Raw:-14.66,-4.543,-1.342,-0.2314,-8.98,-8.77,-23.33,13.56,-4.547,-1.859
EFT:-14.66,-4.566,-1.357,-0.2402,-8.984,-8.78,-23.36,13.57,-4.555,-1.85
Random154
Raw:-14.68,-4.562,-1.35,-0.2236,-8.99,-8.79,-23.38,13.586,-4.55,-1.852
EFT:-14.66,-4.566,-1.357,-0.2402,-8.984,-8.78,-23.36,13.57,-4.555,-1.85
Random155
Raw:-14.664,-4.56,-1.354,-0.2412,-8.99,-8.79,-23.36,13.58,-4.555,-1.859
EFT:-14.66,-4.566,-1.357,-0.2402,-8.984,-8.78,-23.36,13.57,-4.555,-1.85
Random156
Raw:-14.67,-4.555,-1.348,-0.2393,-8.99,-8.8,-23.34,13.58,-4.555,-1.861
EFT:-14.66,-4.566,-1.357,-0.2402,-8.984,-8.78,-23.36,13.57,-4.555,-1.85
Random157
Raw:-14.664,-4.566,-1.361,-0.25,-8.99,-8.79,-23.36,13.58,-4.555,-1.859
EFT:-14.66,-4.566,-1.357,-0.2402,-8.984,-8.78,-23.36,13.57,-4.555,-1.85
Random158
Raw:-14.68,-4.56,-1.35,-0.2393,-9.0,-8.8,-23.36,13.586,-4.56,-1.863
EFT:-14.66,-4.566,-1.357,-0.2402,-8.984,-8.78,-23.36,13.57,-4.555,-1.85
Random159
Raw:-14.7,-4.574,-1.365,-0.2461,-8.99,-8.805,-23.4,13.586,-4.562,-1.855
EFT:-14.66,-4.566,-1.357,-0.2402,-8.984,-8.78,-23.36,13.57,-4.555,-1.85
Random160
Raw:-14.65,-4.555,-1.346,-0.2314,-8.98,-8.77,-23.33,13.555,-4.543,-1.855
EFT:-14.66,-4.566,-1.357,-0.2402,-8.984,-8.78,-23.36,13.57,-4.555,-1.85
Random161
Raw:-14.66,-4.562,-1.3545,-0.2432,-8.99,-8.78,-23.36,13.57,-4.555,-1.855
EFT:-14.66,-4.566,-1.357,-0.2402,-8.984,-8.78,-23.36,13.57,-4.555,-1.85
Random162
Raw:-14.65,-4.55,-1.336,-0.2217,-8.98,-8.766,-23.31,13.57,-4.54,-1.855
EFT:-14.66,-4.566,-1.357,-0.2402,-8.984,-8.78,-23.36,13.57,-4.555,-1.85
Random163
Raw:-14.66,-4.57,-1.361,-0.2354,-8.984,-8.78,-23.36,13.57,-4.55,-1.846
EFT:-14.66,-4.566,-1.357,-0.2402,-8.984,-8.78,-23.36,13.57,-4.555,-1.85
Random164
Raw:-14.66,-4.566,-1.354,-0.2295,-8.98,-8.77,-23.36,13.57,-4.547,-1.845
EFT:-14.66,-4.566,-1.357,-0.2402,-8.984,-8.78,-23.36,13.57,-4.555,-1.85
Random165
Raw:-14.67,-4.58,-1.369,-0.2471,-9.0,-8.78,-23.38,13.586,-4.562,-1.852
EFT:-14.66,-4.566,-1.357,-0.2402,-8.984,-8.78,-23.36,13.57,-4.555,-1.85
Random166
Raw:-14.67,-4.574,-1.369,-0.253,-8.99,-8.79,-23.38,13.58,-4.562,-1.8545
EFT:-14.66,-4.566,-1.357,-0.2402,-8.984,-8.78,-23.36,13.57,-4.555,-1.85
Random167
Raw:-14.664,-4.555,-1.349,-0.2354,-8.98,-8.77,-23.33,13.56,-4.55,-1.855
EFT:-14.66,-4.566,-1.357,-0.2402,-8.984,-8.78,-23.36,13.57,-4.555,-1.85
Random168
Raw:-14.664,-4.574,-1.369,-0.251,-8.99,-8.79,-23.38,13.58,-4.562,-1.854
EFT:-14.66,-4.566,-1.357,-0.2402,-8.984,-8.78,-23.36,13.57,-4.555,-1.85
Random169
Raw:-14.67,-4.566,-1.364,-0.255,-9.01,-8.79,-23.36,13.59,-4.566,-1.867
EFT:-14.66,-4.566,-1.357,-0.2402,-8.984,-8.78,-23.36,13.57,-4.555,-1.85
Random170
Raw:-14.66,-4.555,-1.346,-0.2236,-8.98,-8.766,-23.33,13.56,-4.543,-1.844
EFT:-14.66,-4.566,-1.357,-0.2402,-8.984,-8.78,-23.36,13.57,-4.555,-1.85
Random171
Raw:-14.664,-4.56,-1.35,-0.2256,-8.98,-8.78,-23.34,13.57,-4.547,-1.848
EFT:-14.66,-4.566,-1.357,-0.2402,-8.984,-8.78,-23.36,13.57,-4.555,-1.85
Random172
Raw:-14.664,-4.55,-1.341,-0.2236,-8.98,-8.77,-23.33,13.56,-4.543,-1.855
EFT:-14.66,-4.566,-1.357,-0.2402,-8.984,-8.78,-23.36,13.57,-4.555,-1.85
Random173
Raw:-14.69,-4.57,-1.361,-0.2432,-8.99,-8.8,-23.38,13.58,-4.56,-1.854
EFT:-14.66,-4.566,-1.357,-0.2402,-8.984,-8.78,-23.36,13.57,-4.555,-1.85
Random174
Raw:-14.65,-4.562,-1.349,-0.2354,-8.984,-8.77,-23.34,13.57,-4.55,-1.849
EFT:-14.66,-4.566,-1.357,-0.2402,-8.984,-8.78,-23.36,13.57,-4.555,-1.85
Random175
Raw:-14.67,-4.57,-1.355,-0.2334,-8.984,-8.78,-23.38,13.58,-4.55,-1.842
EFT:-14.66,-4.566,-1.357,-0.2402,-8.984,-8.78,-23.36,13.57,-4.555,-1.85
Random176
Raw:-14.69,-4.57,-1.365,-0.251,-9.01,-8.8,-23.39,13.586,-4.566,-1.862
EFT:-14.66,-4.566,-1.357,-0.2402,-8.984,-8.78,-23.36,13.57,-4.555,-1.85
Random177
Raw:-14.66,-4.57,-1.36,-0.2451,-9.0,-8.78,-23.36,13.59,-4.56,-1.852
EFT:-14.66,-4.566,-1.357,-0.2402,-8.984,-8.78,-23.36,13.57,-4.555,-1.85
Random178
Raw:-14.67,-4.57,-1.365,-0.249,-8.984,-8.8,-23.38,13.56,-4.555,-1.852
EFT:-14.66,-4.566,-1.357,-0.2402,-8.984,-8.78,-23.36,13.57,-4.555,-1.85
Random179
Raw:-14.664,-4.574,-1.366,-0.251,-9.0,-8.78,-23.38,13.59,-4.562,-1.859
EFT:-14.66,-4.566,-1.357,-0.2402,-8.984,-8.78,-23.36,13.57,-4.555,-1.85
Random180
Raw:-14.67,-4.562,-1.346,-0.2158,-8.99,-8.77,-23.36,13.586,-4.547,-1.847
EFT:-14.66,-4.566,-1.357,-0.2402,-8.984,-8.78,-23.36,13.57,-4.555,-1.85
Random181
Raw:-14.66,-4.566,-1.365,-0.249,-8.99,-8.78,-23.36,13.57,-4.56,-1.852
EFT:-14.66,-4.566,-1.357,-0.2402,-8.984,-8.78,-23.36,13.57,-4.555,-1.85
Random182
Raw:-14.68,-4.562,-1.354,-0.2393,-8.99,-8.79,-23.38,13.586,-4.56,-1.854
EFT:-14.66,-4.566,-1.357,-0.2402,-8.984,-8.78,-23.36,13.57,-4.555,-1.85
Random183
Raw:-14.66,-4.56,-1.35,-0.2354,-8.984,-8.78,-23.34,13.57,-4.555,-1.853
EFT:-14.66,-4.566,-1.357,-0.2402,-8.984,-8.78,-23.36,13.57,-4.555,-1.85
Random184
Raw:-14.664,-4.547,-1.346,-0.2393,-8.98,-8.78,-23.33,13.56,-4.55,-1.863
EFT:-14.66,-4.566,-1.357,-0.2402,-8.984,-8.78,-23.36,13.57,-4.555,-1.85
Random185
Raw:-14.68,-4.55,-1.338,-0.2295,-8.99,-8.78,-23.34,13.57,-4.55,-1.861
EFT:-14.66,-4.566,-1.357,-0.2402,-8.984,-8.78,-23.36,13.57,-4.555,-1.85
Random186
Raw:-14.66,-4.555,-1.345,-0.2295,-8.98,-8.77,-23.33,13.57,-4.543,-1.853
EFT:-14.66,-4.566,-1.357,-0.2402,-8.984,-8.78,-23.36,13.57,-4.555,-1.85
Random187
Raw:-14.64,-4.555,-1.356,-0.2451,-8.98,-8.77,-23.33,13.555,-4.55,-1.855
EFT:-14.66,-4.566,-1.357,-0.2402,-8.984,-8.78,-23.36,13.57,-4.555,-1.85
Random188
Raw:-14.695,-4.562,-1.361,-0.251,-9.01,-8.805,-23.39,13.6,-4.57,-1.869
EFT:-14.66,-4.566,-1.357,-0.2402,-8.984,-8.78,-23.36,13.57,-4.555,-1.85
Random189
Raw:-14.65,-4.56,-1.357,-0.2412,-8.98,-8.77,-23.33,13.555,-4.55,-1.855
EFT:-14.66,-4.566,-1.357,-0.2402,-8.984,-8.78,-23.36,13.57,-4.555,-1.85
Random190
Raw:-14.664,-4.55,-1.346,-0.2354,-8.984,-8.78,-23.33,13.57,-4.55,-1.861
EFT:-14.66,-4.566,-1.357,-0.2402,-8.984,-8.78,-23.36,13.57,-4.555,-1.85
Random191
Raw:-14.66,-4.562,-1.361,-0.2373,-8.98,-8.78,-23.36,13.555,-4.547,-1.848
EFT:-14.66,-4.566,-1.357,-0.2402,-8.984,-8.78,-23.36,13.57,-4.555,-1.85
Random192
Raw:-14.7,-4.566,-1.361,-0.251,-9.01,-8.805,-23.39,13.586,-4.566,-1.862
EFT:-14.66,-4.566,-1.357,-0.2402,-8.984,-8.78,-23.36,13.57,-4.555,-1.85
Random193
Raw:-14.66,-4.562,-1.362,-0.2578,-8.99,-8.8,-23.34,13.56,-4.56,-1.861
EFT:-14.66,-4.566,-1.357,-0.2402,-8.984,-8.78,-23.36,13.57,-4.555,-1.85
Random194
Raw:-14.67,-4.56,-1.348,-0.2354,-8.98,-8.78,-23.34,13.56,-4.55,-1.857
EFT:-14.66,-4.566,-1.357,-0.2402,-8.984,-8.78,-23.36,13.57,-4.555,-1.85
Random195
Raw:-14.68,-4.547,-1.345,-0.2451,-9.0,-8.8,-23.36,13.586,-4.562,-1.875
EFT:-14.66,-4.566,-1.357,-0.2402,-8.984,-8.78,-23.36,13.57,-4.555,-1.85
Random196
Raw:-14.664,-4.566,-1.361,-0.255,-9.0,-8.79,-23.36,13.58,-4.566,-1.863
EFT:-14.66,-4.566,-1.357,-0.2402,-8.984,-8.78,-23.36,13.57,-4.555,-1.85
Random197
Raw:-14.64,-4.56,-1.35,-0.2275,-8.98,-8.766,-23.33,13.56,-4.543,-1.841
EFT:-14.66,-4.566,-1.357,-0.2402,-8.984,-8.78,-23.36,13.57,-4.555,-1.85
Random198
Raw:-14.67,-4.566,-1.36,-0.251,-8.984,-8.8,-23.36,13.58,-4.555,-1.855
EFT:-14.66,-4.566,-1.357,-0.2402,-8.984,-8.78,-23.36,13.57,-4.555,-1.85
Random199
Raw:-14.695,-4.57,-1.36,-0.251,-9.016,-8.805,-23.39,13.6,-4.57,-1.867
EFT:-14.66,-4.566,-1.357,-0.2402,-8.984,-8.78,-23.36,13.57,-4.555,-1.85
Random200
Raw:-14.67,-4.57,-1.366,-0.251,-8.99,-8.79,-23.38,13.58,-4.562,-1.857
EFT:-14.66,-4.566,-1.357,-0.2402,-8.984,-8.78,-23.36,13.57,-4.555,-1.85
Random201
Raw:-14.68,-4.566,-1.359,-0.2451,-9.01,-8.79,-23.38,13.59,-4.562,-1.859
EFT:-14.66,-4.566,-1.357,-0.2402,-8.984,-8.78,-23.36,13.57,-4.555,-1.85
Random202
Raw:-14.67,-4.57,-1.36,-0.2451,-8.99,-8.79,-23.38,13.58,-4.555,-1.854
EFT:-14.66,-4.566,-1.357,-0.2402,-8.984,-8.78,-23.36,13.57,-4.555,-1.85
Random203
Raw:-14.67,-4.56,-1.35,-0.2432,-9.0,-8.79,-23.36,13.57,-4.562,-1.867
EFT:-14.66,-4.566,-1.357,-0.2402,-8.984,-8.78,-23.36,13.57,-4.555,-1.85
Random204
Raw:-14.66,-4.566,-1.368,-0.2451,-8.984,-8.78,-23.34,13.57,-4.55,-1.852
EFT:-14.66,-4.566,-1.357,-0.2402,-8.984,-8.78,-23.36,13.57,-4.555,-1.85
Random205
Raw:-14.66,-4.55,-1.342,-0.2324,-8.99,-8.78,-23.33,13.56,-4.555,-1.866
EFT:-14.66,-4.566,-1.357,-0.2402,-8.984,-8.78,-23.36,13.57,-4.555,-1.85
Random206
Raw:-14.65,-4.56,-1.35,-0.2275,-8.98,-8.766,-23.33,13.56,-4.543,-1.842
EFT:-14.66,-4.566,-1.357,-0.2402,-8.984,-8.78,-23.36,13.57,-4.555,-1.85
Random207
Raw:-14.67,-4.574,-1.369,-0.25,-8.99,-8.79,-23.38,13.58,-4.56,-1.852
EFT:-14.66,-4.566,-1.357,-0.2402,-8.984,-8.78,-23.36,13.57,-4.555,-1.85
Random208
Raw:-14.664,-4.555,-1.354,-0.249,-8.99,-8.79,-23.33,13.57,-4.555,-1.861
EFT:-14.66,-4.566,-1.357,-0.2402,-8.984,-8.78,-23.36,13.57,-4.555,-1.85
Random209
Raw:-14.664,-4.55,-1.349,-0.2461,-8.99,-8.78,-23.33,13.58,-4.56,-1.867
EFT:-14.66,-4.566,-1.357,-0.2402,-8.984,-8.78,-23.36,13.57,-4.555,-1.85
Random210
Raw:-14.695,-4.566,-1.357,-0.253,-9.01,-8.805,-23.38,13.6,-4.57,-1.869
EFT:-14.66,-4.566,-1.357,-0.2402,-8.984,-8.78,-23.36,13.57,-4.555,-1.85
Random211
Raw:-14.664,-4.56,-1.357,-0.2432,-8.984,-8.78,-23.34,13.56,-4.555,-1.855
EFT:-14.66,-4.566,-1.357,-0.2402,-8.984,-8.78,-23.36,13.57,-4.555,-1.85
Random212
Raw:-14.695,-4.57,-1.364,-0.255,-9.01,-8.805,-23.4,13.6,-4.57,-1.867
EFT:-14.66,-4.566,-1.357,-0.2402,-8.984,-8.78,-23.36,13.57,-4.555,-1.85
Random213
Raw:-14.695,-4.59,-1.381,-0.2568,-9.01,-8.805,-23.44,13.6,-4.57,-1.85
EFT:-14.66,-4.566,-1.357,-0.2402,-8.984,-8.78,-23.36,13.57,-4.555,-1.85
Random214
Raw:-14.64,-4.56,-1.354,-0.2373,-8.98,-8.766,-23.31,13.555,-4.547,-1.85
EFT:-14.66,-4.566,-1.357,-0.2402,-8.984,-8.78,-23.36,13.57,-4.555,-1.85
Random215
Raw:-14.66,-4.562,-1.354,-0.2354,-8.98,-8.78,-23.34,13.57,-4.547,-1.852
EFT:-14.66,-4.566,-1.357,-0.2402,-8.984,-8.78,-23.36,13.57,-4.555,-1.85
Random216
Raw:-14.664,-4.555,-1.35,-0.2354,-9.0,-8.78,-23.34,13.586,-4.555,-1.861
EFT:-14.66,-4.566,-1.357,-0.2402,-8.984,-8.78,-23.36,13.57,-4.555,-1.85
Random217
Raw:-14.69,-4.574,-1.365,-0.2559,-9.0,-8.8,-23.39,13.586,-4.566,-1.86
EFT:-14.66,-4.566,-1.357,-0.2402,-8.984,-8.78,-23.36,13.57,-4.555,-1.85
Random218
Raw:-14.67,-4.555,-1.346,-0.2393,-8.99,-8.79,-23.34,13.58,-4.56,-1.865
EFT:-14.66,-4.566,-1.357,-0.2402,-8.984,-8.78,-23.36,13.57,-4.555,-1.85
Random219
Raw:-14.64,-4.555,-1.347,-0.2383,-8.97,-8.77,-23.33,13.555,-4.547,-1.852
EFT:-14.66,-4.566,-1.357,-0.2402,-8.984,-8.78,-23.36,13.57,-4.555,-1.85
Random220
Raw:-14.64,-4.55,-1.353,-0.2451,-8.98,-8.77,-23.3,13.55,-4.547,-1.857
EFT:-14.66,-4.566,-1.357,-0.2402,-8.984,-8.78,-23.36,13.57,-4.555,-1.85
Random221
Raw:-14.67,-4.555,-1.359,-0.2607,-9.0,-8.8,-23.34,13.57,-4.57,-1.879
EFT:-14.66,-4.566,-1.357,-0.2402,-8.984,-8.78,-23.36,13.57,-4.555,-1.85
Random222
Raw:-14.664,-4.58,-1.369,-0.253,-8.99,-8.79,-23.38,13.58,-4.562,-1.855
EFT:-14.66,-4.566,-1.357,-0.2402,-8.984,-8.78,-23.36,13.57,-4.555,-1.85
Random223
Raw:-14.66,-4.56,-1.35,-0.2354,-8.984,-8.78,-23.34,13.56,-4.55,-1.854
EFT:-14.66,-4.566,-1.357,-0.2402,-8.984,-8.78,-23.36,13.57,-4.555,-1.85
Random224
Raw:-14.67,-4.562,-1.3545,-0.2471,-8.99,-8.79,-23.34,13.57,-4.56,-1.863
EFT:-14.66,-4.566,-1.357,-0.2402,-8.984,-8.78,-23.36,13.57,-4.555,-1.85
Random225
Raw:-14.67,-4.58,-1.373,-0.2451,-8.984,-8.78,-23.38,13.57,-4.555,-1.846
EFT:-14.66,-4.566,-1.357,-0.2402,-8.984,-8.78,-23.36,13.57,-4.555,-1.85
Random226
Raw:-14.65,-4.543,-1.337,-0.2334,-8.984,-8.77,-23.31,13.56,-4.547,-1.863
EFT:-14.66,-4.566,-1.357,-0.2402,-8.984,-8.78,-23.36,13.57,-4.555,-1.85
Random227
Raw:-14.67,-4.547,-1.345,-0.2275,-8.984,-8.78,-23.36,13.57,-4.547,-1.854
EFT:-14.66,-4.566,-1.357,-0.2402,-8.984,-8.78,-23.36,13.57,-4.555,-1.85
Random228
Raw:-14.64,-4.562,-1.356,-0.2373,-8.98,-8.77,-23.33,13.555,-4.55,-1.852
EFT:-14.66,-4.566,-1.357,-0.2402,-8.984,-8.78,-23.36,13.57,-4.555,-1.85
Random229
Raw:-14.67,-4.562,-1.354,-0.2461,-8.99,-8.79,-23.36,13.58,-4.562,-1.863
EFT:-14.66,-4.566,-1.357,-0.2402,-8.984,-8.78,-23.36,13.57,-4.555,-1.85
Random230
Raw:-14.625,-4.566,-1.361,-0.2412,-8.97,-8.766,-23.31,13.54,-4.543,-1.836
EFT:-14.66,-4.566,-1.357,-0.2402,-8.984,-8.78,-23.36,13.57,-4.555,-1.85
Random231
Raw:-14.67,-4.55,-1.338,-0.2197,-8.99,-8.78,-23.34,13.586,-4.55,-1.856
EFT:-14.66,-4.566,-1.357,-0.2402,-8.984,-8.78,-23.36,13.57,-4.555,-1.85
Random232
Raw:-14.64,-4.55,-1.35,-0.2354,-8.98,-8.766,-23.31,13.555,-4.547,-1.857
EFT:-14.66,-4.566,-1.357,-0.2402,-8.984,-8.78,-23.36,13.57,-4.555,-1.85
Random233
Raw:-14.695,-4.57,-1.361,-0.2471,-9.016,-8.8,-23.4,13.6,-4.566,-1.864
EFT:-14.66,-4.566,-1.357,-0.2402,-8.984,-8.78,-23.36,13.57,-4.555,-1.85
Random234
Raw:-14.64,-4.566,-1.357,-0.2314,-8.98,-8.766,-23.33,13.555,-4.543,-1.838
EFT:-14.66,-4.566,-1.357,-0.2402,-8.984,-8.78,-23.36,13.57,-4.555,-1.85
Random235
Raw:-14.66,-4.55,-1.35,-0.249,-8.99,-8.8,-23.33,13.57,-4.555,-1.869
EFT:-14.66,-4.566,-1.357,-0.2402,-8.984,-8.78,-23.36,13.57,-4.555,-1.85
Random236
Raw:-14.68,-4.586,-1.384,-0.2705,-9.01,-8.805,-23.4,13.6,-4.574,-1.857
EFT:-14.66,-4.566,-1.357,-0.2402,-8.984,-8.78,-23.36,13.57,-4.555,-1.85
Random237
Raw:-14.66,-4.56,-1.353,-0.2334,-8.98,-8.77,-23.34,13.56,-4.547,-1.848
EFT:-14.66,-4.566,-1.357,-0.2402,-8.984,-8.78,-23.36,13.57,-4.555,-1.85
Random238
Raw:-14.66,-4.562,-1.351,-0.2344,-8.984,-8.77,-23.34,13.57,-4.55,-1.85
EFT:-14.66,-4.566,-1.357,-0.2402,-8.984,-8.78,-23.36,13.57,-4.555,-1.85
Random239
Raw:-14.67,-4.566,-1.361,-0.251,-8.984,-8.8,-23.36,13.57,-4.555,-1.854
EFT:-14.66,-4.566,-1.357,-0.2402,-8.984,-8.78,-23.36,13.57,-4.555,-1.85
Random240
Raw:-14.67,-4.574,-1.373,-0.255,-8.99,-8.79,-23.38,13.58,-4.56,-1.854
EFT:-14.66,-4.566,-1.357,-0.2402,-8.984,-8.78,-23.36,13.57,-4.555,-1.85
Random241
Raw:-14.66,-4.56,-1.346,-0.2256,-8.99,-8.77,-23.34,13.57,-4.55,-1.848
EFT:-14.66,-4.566,-1.357,-0.2402,-8.984,-8.78,-23.36,13.57,-4.555,-1.85
Random242
Raw:-14.67,-4.562,-1.356,-0.2393,-8.984,-8.79,-23.36,13.57,-4.55,-1.855
EFT:-14.66,-4.566,-1.357,-0.2402,-8.984,-8.78,-23.36,13.57,-4.555,-1.85
Random243
Raw:-14.664,-4.566,-1.365,-0.2588,-8.99,-8.79,-23.36,13.57,-4.562,-1.867
EFT:-14.66,-4.566,-1.357,-0.2402,-8.984,-8.78,-23.36,13.57,-4.555,-1.85
Random244
Raw:-14.695,-4.582,-1.381,-0.2773,-9.01,-8.82,-23.42,13.59,-4.582,-1.871
EFT:-14.66,-4.566,-1.357,-0.2402,-8.984,-8.78,-23.36,13.57,-4.555,-1.85
Random245
Raw:-14.67,-4.566,-1.36,-0.2471,-8.984,-8.8,-23.38,13.58,-4.555,-1.855
EFT:-14.66,-4.566,-1.357,-0.2402,-8.984,-8.78,-23.36,13.57,-4.555,-1.85
Random246
Raw:-14.664,-4.562,-1.364,-0.2607,-8.99,-8.79,-23.34,13.57,-4.562,-1.863
EFT:-14.66,-4.566,-1.357,-0.2402,-8.984,-8.78,-23.36,13.57,-4.555,-1.85
Random247
Raw:-14.64,-4.56,-1.354,-0.2314,-8.98,-8.766,-23.31,13.555,-4.547,-1.848
EFT:-14.66,-4.566,-1.357,-0.2402,-8.984,-8.78,-23.36,13.57,-4.555,-1.85
Random248
Raw:-14.65,-4.57,-1.369,-0.2451,-8.984,-8.77,-23.34,13.56,-4.55,-1.848
EFT:-14.66,-4.566,-1.357,-0.2402,-8.984,-8.78,-23.36,13.57,-4.555,-1.85
Random249
Raw:-14.65,-4.562,-1.35,-0.2275,-8.98,-8.766,-23.33,13.56,-4.543,-1.844
EFT:-14.66,-4.566,-1.357,-0.2402,-8.984,-8.78,-23.36,13.57,-4.555,-1.85
Random250
Raw:-14.66,-4.56,-1.357,-0.2422,-8.99,-8.78,-23.36,13.58,-4.555,-1.854
EFT:-14.66,-4.566,-1.357,-0.2402,-8.984,-8.78,-23.36,13.57,-4.555,-1.85
Random251
Raw:-14.67,-4.58,-1.361,-0.2295,-8.99,-8.78,-23.39,13.59,-4.555,-1.838
EFT:-14.66,-4.566,-1.357,-0.2402,-8.984,-8.78,-23.36,13.57,-4.555,-1.85
Random252
Raw:-14.66,-4.562,-1.3545,-0.2354,-8.98,-8.78,-23.36,13.555,-4.547,-1.843
EFT:-14.66,-4.566,-1.357,-0.2402,-8.984,-8.78,-23.36,13.57,-4.555,-1.85
Random253
Raw:-14.65,-4.56,-1.349,-0.2275,-8.98,-8.766,-23.33,13.57,-4.543,-1.841
EFT:-14.66,-4.566,-1.357,-0.2402,-8.984,-8.78,-23.36,13.57,-4.555,-1.85
Random254
Raw:-14.65,-4.562,-1.346,-0.2295,-8.99,-8.766,-23.34,13.57,-4.55,-1.848
EFT:-14.66,-4.566,-1.357,-0.2402,-8.984,-8.78,-23.36,13.57,-4.555,-1.85
Random255
Raw:-14.68,-4.55,-1.338,-0.2246,-8.99,-8.79,-23.34,13.57,-4.547,-1.861
EFT:-14.66,-4.566,-1.357,-0.2402,-8.984,-8.78,-23.36,13.57,-4.555,-1.85
Random256
Raw:-14.664,-4.55,-1.346,-0.2314,-9.0,-8.79,-23.36,13.58,-4.555,-1.867
EFT:-14.66,-4.566,-1.357,-0.2402,-8.984,-8.78,-23.36,13.57,-4.555,-1.85
Random257
Raw:-14.69,-4.566,-1.357,-0.2422,-9.01,-8.8,-23.39,13.586,-4.562,-1.863
EFT:-14.66,-4.566,-1.357,-0.2402,-8.984,-8.78,-23.36,13.57,-4.555,-1.85
Random258
Raw:-14.66,-4.58,-1.389,-0.2725,-8.99,-8.8,-23.36,13.57,-4.562,-1.85
EFT:-14.66,-4.566,-1.357,-0.2402,-8.984,-8.78,-23.36,13.57,-4.555,-1.85
Random259
Raw:-14.664,-4.562,-1.361,-0.255,-8.984,-8.8,-23.36,13.57,-4.56,-1.863
EFT:-14.66,-4.566,-1.357,-0.2402,-8.984,-8.78,-23.36,13.57,-4.555,-1.85
Random260
Raw:-14.68,-4.57,-1.364,-0.2471,-8.984,-8.79,-23.38,13.57,-4.555,-1.846
EFT:-14.66,-4.566,-1.357,-0.2402,-8.984,-8.78,-23.36,13.57,-4.555,-1.85
Random261
Raw:-14.68,-4.56,-1.354,-0.2432,-8.99,-8.8,-23.36,13.58,-4.56,-1.859
EFT:-14.66,-4.566,-1.357,-0.2402,-8.984,-8.78,-23.36,13.57,-4.555,-1.85
Random262
Raw:-14.67,-4.566,-1.362,-0.255,-8.99,-8.8,-23.36,13.58,-4.562,-1.867
EFT:-14.66,-4.566,-1.357,-0.2402,-8.984,-8.78,-23.36,13.57,-4.555,-1.85
Random263
Raw:-14.66,-4.562,-1.354,-0.2354,-8.98,-8.77,-23.34,13.56,-4.547,-1.848
EFT:-14.66,-4.566,-1.357,-0.2402,-8.984,-8.78,-23.36,13.57,-4.555,-1.85
Random264
Raw:-14.664,-4.574,-1.369,-0.2471,-9.0,-8.78,-23.38,13.586,-4.562,-1.855
EFT:-14.66,-4.566,-1.357,-0.2402,-8.984,-8.78,-23.36,13.57,-4.555,-1.85
Random265
Raw:-14.664,-4.56,-1.35,-0.2432,-8.99,-8.78,-23.34,13.57,-4.555,-1.863
EFT:-14.66,-4.566,-1.357,-0.2402,-8.984,-8.78,-23.36,13.57,-4.555,-1.85
Random266
Raw:-14.65,-4.55,-1.348,-0.2373,-8.97,-8.77,-23.33,13.555,-4.543,-1.852
EFT:-14.66,-4.566,-1.357,-0.2402,-8.984,-8.78,-23.36,13.57,-4.555,-1.85
Random267
Raw:-14.65,-4.56,-1.361,-0.251,-8.99,-8.78,-23.33,13.56,-4.555,-1.863
EFT:-14.66,-4.566,-1.357,-0.2402,-8.984,-8.78,-23.36,13.57,-4.555,-1.85
Random268
Raw:-14.66,-4.57,-1.359,-0.2354,-8.984,-8.78,-23.36,13.57,-4.55,-1.842
EFT:-14.66,-4.566,-1.357,-0.2402,-8.984,-8.78,-23.36,13.57,-4.555,-1.85
Random269
Raw:-14.68,-4.586,-1.376,-0.255,-9.01,-8.8,-23.4,13.6,-4.566,-1.848
EFT:-14.66,-4.566,-1.357,-0.2402,-8.984,-8.78,-23.36,13.57,-4.555,-1.85
Random270
Raw:-14.664,-4.56,-1.356,-0.255,-8.99,-8.79,-23.36,13.57,-4.562,-1.863
EFT:-14.66,-4.566,-1.357,-0.2402,-8.984,-8.78,-23.36,13.57,-4.555,-1.85
Random271
Raw:-14.68,-4.57,-1.366,-0.2568,-9.0,-8.8,-23.38,13.58,-4.57,-1.865
EFT:-14.66,-4.566,-1.357,-0.2402,-8.984,-8.78,-23.36,13.57,-4.555,-1.85
Random272
Raw:-14.66,-4.574,-1.356,-0.2256,-8.98,-8.77,-23.36,13.56,-4.543,-1.832
EFT:-14.66,-4.566,-1.357,-0.2402,-8.984,-8.78,-23.36,13.57,-4.555,-1.85
Random273
Raw:-14.664,-4.547,-1.349,-0.2432,-8.98,-8.78,-23.33,13.555,-4.55,-1.859
EFT:-14.66,-4.566,-1.357,-0.2402,-8.984,-8.78,-23.36,13.57,-4.555,-1.85
Random274
Raw:-14.65,-4.55,-1.34,-0.2256,-8.99,-8.766,-23.33,13.57,-4.547,-1.856
EFT:-14.66,-4.566,-1.357,-0.2402,-8.984,-8.78,-23.36,13.57,-4.555,-1.85
Random275
Raw:-14.66,-4.543,-1.342,-0.2373,-8.98,-8.78,-23.31,13.555,-4.547,-1.865
EFT:-14.66,-4.566,-1.357,-0.2402,-8.984,-8.78,-23.36,13.57,-4.555,-1.85
Random276
Raw:-14.69,-4.555,-1.342,-0.2246,-8.99,-8.79,-23.38,13.6,-4.55,-1.859
EFT:-14.66,-4.566,-1.357,-0.2402,-8.984,-8.78,-23.36,13.57,-4.555,-1.85
Random277
Raw:-14.664,-4.55,-1.342,-0.2373,-9.0,-8.79,-23.34,13.586,-4.56,-1.875
EFT:-14.66,-4.566,-1.357,-0.2402,-8.984,-8.78,-23.36,13.57,-4.555,-1.85
Random278
Raw:-14.64,-4.555,-1.342,-0.2334,-8.984,-8.766,-23.31,13.57,-4.547,-1.855
EFT:-14.66,-4.566,-1.357,-0.2402,-8.984,-8.78,-23.36,13.57,-4.555,-1.85
Random279
Raw:-14.68,-4.59,-1.393,-0.2686,-9.0,-8.8,-23.4,13.586,-4.574,-1.85
EFT:-14.66,-4.566,-1.357,-0.2402,-8.984,-8.78,-23.36,13.57,-4.555,-1.85
Random280
Raw:-14.66,-4.57,-1.357,-0.249,-8.99,-8.78,-23.36,13.58,-4.562,-1.859
EFT:-14.66,-4.566,-1.357,-0.2402,-8.984,-8.78,-23.36,13.57,-4.555,-1.85
Random281
Raw:-14.67,-4.562,-1.365,-0.2627,-9.01,-8.8,-23.38,13.586,-4.57,-1.869
EFT:-14.66,-4.566,-1.357,-0.2402,-8.984,-8.78,-23.36,13.57,-4.555,-1.85
Random282
Raw:-14.67,-4.55,-1.346,-0.251,-9.0,-8.8,-23.34,13.58,-4.562,-1.875
EFT:-14.66,-4.566,-1.357,-0.2402,-8.984,-8.78,-23.36,13.57,-4.555,-1.85
Random283
Raw:-14.68,-4.55,-1.35,-0.2471,-9.0,-8.8,-23.36,13.58,-4.562,-1.871
EFT:-14.66,-4.566,-1.357,-0.2402,-8.984,-8.78,-23.36,13.57,-4.555,-1.85
Random284
Raw:-14.695,-4.57,-1.365,-0.251,-9.016,-8.81,-23.4,13.6,-4.57,-1.867
EFT:-14.66,-4.566,-1.357,-0.2402,-8.984,-8.78,-23.36,13.57,-4.555,-1.85
Random285
Raw:-14.69,-4.574,-1.369,-0.2627,-9.01,-8.805,-23.39,13.586,-4.574,-1.869
EFT:-14.66,-4.566,-1.357,-0.2402,-8.984,-8.78,-23.36,13.57,-4.555,-1.85
Random286
Raw:-14.64,-4.55,-1.342,-0.2324,-8.984,-8.76,-23.31,13.57,-4.55,-1.859
EFT:-14.66,-4.566,-1.357,-0.2402,-8.984,-8.78,-23.36,13.57,-4.555,-1.85
Random287
Raw:-14.68,-4.56,-1.346,-0.2275,-9.0,-8.78,-23.36,13.586,-4.555,-1.857
EFT:-14.66,-4.566,-1.357,-0.2402,-8.984,-8.78,-23.36,13.57,-4.555,-1.85
Random288
Raw:-14.66,-4.555,-1.353,-0.2451,-8.99,-8.78,-23.33,13.57,-4.56,-1.863
EFT:-14.66,-4.566,-1.357,-0.2402,-8.984,-8.78,-23.36,13.57,-4.555,-1.85
Random289
Raw:-14.65,-4.55,-1.337,-0.2256,-8.98,-8.766,-23.31,13.56,-4.54,-1.857
EFT:-14.66,-4.566,-1.357,-0.2402,-8.984,-8.78,-23.36,13.57,-4.555,-1.85
Random290
Raw:-14.664,-4.57,-1.367,-0.251,-9.0,-8.78,-23.38,13.586,-4.562,-1.859
EFT:-14.66,-4.566,-1.357,-0.2402,-8.984,-8.78,-23.36,13.57,-4.555,-1.85
Random291
Raw:-14.695,-4.56,-1.357,-0.2598,-9.01,-8.81,-23.38,13.586,-4.57,-1.88
EFT:-14.66,-4.566,-1.357,-0.2402,-8.984,-8.78,-23.36,13.57,-4.555,-1.85
Random292
Raw:-14.69,-4.555,-1.338,-0.2236,-9.0,-8.79,-23.36,13.586,-4.555,-1.863
EFT:-14.66,-4.566,-1.357,-0.2402,-8.984,-8.78,-23.36,13.57,-4.555,-1.85
Random293
Raw:-14.66,-4.547,-1.338,-0.2314,-8.984,-8.77,-23.31,13.57,-4.547,-1.86
EFT:-14.66,-4.566,-1.357,-0.2402,-8.984,-8.78,-23.36,13.57,-4.555,-1.85
Random294
Raw:-14.664,-4.543,-1.334,-0.2246,-8.99,-8.77,-23.31,13.586,-4.547,-1.862
EFT:-14.66,-4.566,-1.357,-0.2402,-8.984,-8.78,-23.36,13.57,-4.555,-1.85
Random295
Raw:-14.695,-4.562,-1.357,-0.2412,-9.0,-8.8,-23.39,13.586,-4.562,-1.862
EFT:-14.66,-4.566,-1.357,-0.2402,-8.984,-8.78,-23.36,13.57,-4.555,-1.85
Random296
Raw:-14.64,-4.562,-1.364,-0.251,-8.98,-8.77,-23.33,13.55,-4.55,-1.844
EFT:-14.66,-4.566,-1.357,-0.2402,-8.984,-8.78,-23.36,13.57,-4.555,-1.85
Random297
Raw:-14.664,-4.555,-1.338,-0.2314,-8.99,-8.78,-23.33,13.586,-4.555,-1.864
EFT:-14.66,-4.566,-1.357,-0.2402,-8.984,-8.78,-23.36,13.57,-4.555,-1.85
Random298
Raw:-14.68,-4.562,-1.348,-0.2314,-9.01,-8.79,-23.38,13.59,-4.56,-1.859
EFT:-14.66,-4.566,-1.357,-0.2402,-8.984,-8.78,-23.36,13.57,-4.555,-1.85
Random299
Raw:-14.65,-4.555,-1.347,-0.2314,-8.98,-8.766,-23.33,13.56,-4.547,-1.852
EFT:-14.66,-4.566,-1.357,-0.2402,-8.984,-8.78,-23.36,13.57,-4.555,-1.85
Random300
Raw:-14.664,-4.562,-1.357,-0.2432,-8.984,-8.78,-23.34,13.56,-4.555,-1.857
EFT:-14.66,-4.566,-1.357,-0.2402,-8.984,-8.78,-23.36,13.57,-4.555,-1.85
