Ascend
Raw:-9.25,-1.119,4.387,6.133,-2.162,-4.773,-9.42,2.268,6.44,-2.807
EFT:-9.25,-1.119,4.383,6.13,-2.164,-4.773,-9.43,2.266,6.438,-2.809
Descend
Raw:-9.26,-1.156,4.33,6.09,-2.188,-4.81,-9.47,2.223,6.438,-2.809
EFT:-9.25,-1.119,4.383,6.13,-2.164,-4.773,-9.43,2.266,6.438,-2.809
Random1
Raw:-9.24,-1.125,4.37,6.13,-2.15,-4.773,-9.445,2.264,6.44,-2.799
EFT:-9.25,-1.119,4.383,6.13,-2.164,-4.773,-9.43,2.266,6.438,-2.809
Random2
Raw:-9.26,-1.104,4.41,6.145,-2.158,-4.758,-9.41,2.28,6.438,-2.812
EFT:-9.25,-1.119,4.383,6.13,-2.164,-4.773,-9.43,2.266,6.438,-2.809
Random3
Raw:-9.234,-1.154,4.32,6.082,-2.178,-4.805,-9.45,2.217,6.434,-2.799
EFT:-9.25,-1.119,4.383,6.13,-2.164,-4.773,-9.43,2.266,6.438,-2.809
Random4
Raw:-9.25,-1.125,4.367,6.12,-2.166,-4.78,-9.44,2.252,6.438,-2.81
EFT:-9.25,-1.119,4.383,6.13,-2.164,-4.773,-9.43,2.266,6.438,-2.809
Random5
Raw:-9.24,-1.127,4.37,6.117,-2.168,-4.77,-9.42,2.256,6.434,-2.809
EFT:-9.25,-1.118,4.383,6.13,-2.164,-4.773,-9.43,2.266,6.438,-2.809
Random6
Raw:-9.266,-1.139,4.367,6.117,-2.18,-4.8,-9.47,2.24,6.45,-2.812
EFT:-9.25,-1.119,4.383,6.13,-2.164,-4.773,-9.43,2.266,6.438,-2.809
Random7
Raw:-9.25,-1.109,4.402,6.156,-2.158,-4.758,-9.43,2.281,6.44,-2.81
EFT:-9.25,-1.119,4.383,6.13,-2.164,-4.773,-9.43,2.266,6.438,-2.809
Random8
Raw:-9.25,-1.129,4.355,6.117,-2.172,-4.785,-9.46,2.256,6.434,-2.8
EFT:-9.25,-1.118,4.383,6.13,-2.164,-4.773,-9.43,2.266,6.438,-2.809
Random9
Raw:-9.26,-1.124,4.375,6.13,-2.168,-4.78,-9.44,2.258,6.44,-2.812
EFT:-9.25,-1.119,4.383,6.13,-2.164,-4.773,-9.43,2.266,6.438,-2.809
Random10
Raw:-9.26,-1.133,4.363,6.133,-2.174,-4.793,-9.47,2.26,6.45,-2.799
EFT:-9.25,-1.119,4.383,6.13,-2.164,-4.773,-9.43,2.266,6.438,-2.809
Random11
Raw:-9.234,-1.111,4.39,6.133,-2.16,-4.75,-9.4,2.268,6.42,-2.8
EFT:-9.25,-1.119,4.383,6.13,-2.164,-4.773,-9.43,2.266,6.438,-2.809
Random12
Raw:-9.24,-1.141,4.348,6.11,-2.17,-4.785,-9.45,2.248,6.44,-2.797
EFT:-9.25,-1.119,4.383,6.13,-2.164,-4.773,-9.43,2.266,6.438,-2.809
Random13
Raw:-9.26,-1.119,4.383,6.133,-2.162,-4.77,-9.44,2.27,6.438,-2.805
EFT:-9.25,-1.119,4.383,6.13,-2.164,-4.773,-9.43,2.266,6.438,-2.809
Random14
Raw:-9.266,-1.15,4.355,6.125,-2.182,-4.8,-9.484,2.246,6.453,-2.809
EFT:-9.25,-1.118,4.383,6.13,-2.164,-4.773,-9.43,2.266,6.438,-2.809
Random15
Raw:-9.27,-1.129,4.383,6.14,-2.17,-4.78,-9.45,2.264,6.45,-2.807
EFT:-9.25,-1.118,4.383,6.13,-2.164,-4.773,-9.43,2.266,6.438,-2.809
Random16
Raw:-9.26,-1.12,4.38,6.13,-2.164,-4.77,-9.42,2.262,6.438,-2.812
EFT:-9.25,-1.118,4.383,6.13,-2.164,-4.773,-9.43,2.266,6.438,-2.809
Random17
Raw:-9.25,-1.127,4.367,6.12,-2.174,-4.79,-9.445,2.252,6.44,-2.812
EFT:-9.25,-1.118,4.383,6.13,-2.164,-4.773,-9.43,2.266,6.438,-2.809
Random18
Raw:-9.26,-1.127,4.375,6.13,-2.174,-4.78,-9.44,2.254,6.434,-2.812
EFT:-9.25,-1.118,4.383,6.13,-2.164,-4.773,-9.43,2.266,6.438,-2.809
Random19
Raw:-9.26,-1.084,4.46,6.168,-2.15,-4.727,-9.36,2.29,6.445,-2.832
EFT:-9.25,-1.119,4.383,6.13,-2.164,-4.773,-9.43,2.266,6.438,-2.809
Random20
Raw:-9.25,-1.104,4.387,6.133,-2.158,-4.754,-9.414,2.275,6.42,-2.8
EFT:-9.25,-1.118,4.383,6.13,-2.164,-4.773,-9.43,2.266,6.438,-2.809
Random21
Raw:-9.25,-1.123,4.37,6.125,-2.168,-4.773,-9.43,2.26,6.434,-2.81
EFT:-9.25,-1.119,4.383,6.13,-2.164,-4.773,-9.43,2.266,6.438,-2.809
Random22
Raw:-9.26,-1.139,4.348,6.12,-2.176,-4.793,-9.484,2.256,6.434,-2.793
EFT:-9.25,-1.119,4.383,6.13,-2.164,-4.773,-9.43,2.266,6.438,-2.809
Random23
Raw:-9.234,-1.102,4.387,6.137,-2.15,-4.758,-9.41,2.275,6.42,-2.795
EFT:-9.25,-1.119,4.383,6.13,-2.164,-4.773,-9.43,2.266,6.438,-2.809
Random24
Raw:-9.25,-1.125,4.36,6.125,-2.16,-4.77,-9.445,2.266,6.426,-2.793
EFT:-9.25,-1.119,4.383,6.13,-2.164,-4.773,-9.43,2.266,6.438,-2.809
Random25
Raw:-9.27,-1.104,4.42,6.15,-2.158,-4.754,-9.41,2.277,6.445,-2.826
EFT:-9.25,-1.118,4.383,6.13,-2.164,-4.773,-9.43,2.266,6.438,-2.809
Random26
Raw:-9.27,-1.119,4.383,6.145,-2.17,-4.773,-9.45,2.271,6.44,-2.81
EFT:-9.25,-1.118,4.383,6.13,-2.164,-4.773,-9.43,2.266,6.438,-2.809
Random27
Raw:-9.26,-1.137,4.367,6.117,-2.174,-4.797,-9.47,2.246,6.45,-2.812
EFT:-9.25,-1.119,4.383,6.13,-2.164,-4.773,-9.43,2.266,6.438,-2.809
Random28
Raw:-9.25,-1.094,4.406,6.15,-2.146,-4.742,-9.4,2.287,6.43,-2.805
EFT:-9.25,-1.118,4.383,6.13,-2.164,-4.773,-9.43,2.266,6.438,-2.809
Random29
Raw:-9.24,-1.152,4.332,6.098,-2.18,-4.8,-9.47,2.232,6.44,-2.805
EFT:-9.25,-1.119,4.383,6.13,-2.164,-4.773,-9.43,2.266,6.438,-2.809
Random30
Raw:-9.25,-1.102,4.402,6.15,-2.152,-4.746,-9.41,2.283,6.43,-2.812
EFT:-9.25,-1.118,4.383,6.13,-2.164,-4.773,-9.43,2.266,6.438,-2.809
Random31
Raw:-9.266,-1.119,4.383,6.137,-2.174,-4.773,-9.44,2.266,6.438,-2.816
EFT:-9.25,-1.119,4.383,6.13,-2.164,-4.773,-9.43,2.266,6.438,-2.809
Random32
Raw:-9.25,-1.131,4.367,6.125,-2.172,-4.777,-9.45,2.252,6.44,-2.81
EFT:-9.25,-1.119,4.383,6.13,-2.164,-4.773,-9.43,2.266,6.438,-2.809
Random33
Raw:-9.24,-1.115,4.38,6.133,-2.16,-4.766,-9.43,2.268,6.43,-2.805
EFT:-9.25,-1.119,4.383,6.13,-2.164,-4.773,-9.43,2.266,6.438,-2.809
Random34
Raw:-9.25,-1.113,4.4,6.14,-2.156,-4.76,-9.414,2.27,6.44,-2.814
EFT:-9.25,-1.118,4.383,6.13,-2.164,-4.773,-9.43,2.266,6.438,-2.809
Random35
Raw:-9.266,-1.096,4.418,6.17,-2.15,-4.75,-9.42,2.295,6.44,-2.81
EFT:-9.25,-1.119,4.383,6.13,-2.164,-4.773,-9.43,2.266,6.438,-2.809
Random36
Raw:-9.24,-1.133,4.36,6.117,-2.172,-4.78,-9.45,2.256,6.434,-2.803
EFT:-9.25,-1.119,4.383,6.13,-2.164,-4.773,-9.43,2.266,6.438,-2.809
Random37
Raw:-9.25,-1.119,4.38,6.13,-2.164,-4.773,-9.42,2.27,6.438,-2.809
EFT:-9.25,-1.119,4.383,6.13,-2.164,-4.773,-9.43,2.266,6.438,-2.809
Random38
Raw:-9.24,-1.107,4.4,6.15,-2.15,-4.758,-9.414,2.273,6.44,-2.807
EFT:-9.25,-1.119,4.383,6.13,-2.164,-4.773,-9.43,2.266,6.438,-2.809
Random39
Raw:-9.26,-1.105,4.402,6.152,-2.146,-4.754,-9.43,2.28,6.438,-2.803
EFT:-9.25,-1.118,4.383,6.13,-2.164,-4.773,-9.43,2.266,6.438,-2.809
Random40
Raw:-9.266,-1.127,4.375,6.13,-2.172,-4.78,-9.45,2.256,6.44,-2.81
EFT:-9.25,-1.119,4.383,6.13,-2.164,-4.773,-9.43,2.266,6.438,-2.809
Random41
Raw:-9.26,-1.14,4.355,6.117,-2.178,-4.797,-9.47,2.244,6.45,-2.809
EFT:-9.25,-1.118,4.383,6.13,-2.164,-4.773,-9.43,2.266,6.438,-2.809
Random42
Raw:-9.266,-1.139,4.36,6.117,-2.178,-4.8,-9.46,2.244,6.445,-2.812
EFT:-9.25,-1.119,4.383,6.13,-2.164,-4.773,-9.43,2.266,6.438,-2.809
Random43
Raw:-9.24,-1.146,4.336,6.098,-2.184,-4.79,-9.44,2.229,6.43,-2.8
EFT:-9.25,-1.119,4.383,6.13,-2.164,-4.773,-9.43,2.266,6.438,-2.809
Random44
Raw:-9.25,-1.117,4.39,6.133,-2.158,-4.77,-9.42,2.27,6.44,-2.809
EFT:-9.25,-1.118,4.383,6.13,-2.164,-4.773,-9.43,2.266,6.438,-2.809
Random45
Raw:-9.266,-1.135,4.363,6.125,-2.172,-4.797,-9.46,2.248,6.45,-2.809
EFT:-9.25,-1.118,4.383,6.13,-2.164,-4.773,-9.43,2.266,6.438,-2.809
Random46
Raw:-9.25,-1.117,4.39,6.14,-2.154,-4.758,-9.43,2.275,6.434,-2.805
EFT:-9.25,-1.119,4.383,6.13,-2.164,-4.773,-9.43,2.266,6.438,-2.809
Random47
Raw:-9.266,-1.113,4.414,6.14,-2.17,-4.766,-9.41,2.264,6.445,-2.832
EFT:-9.25,-1.119,4.383,6.13,-2.164,-4.773,-9.43,2.266,6.438,-2.809
Random48
Raw:-9.25,-1.094,4.418,6.15,-2.154,-4.742,-9.39,2.285,6.43,-2.816
EFT:-9.25,-1.119,4.383,6.13,-2.164,-4.773,-9.43,2.266,6.438,-2.809
Random49
Raw:-9.26,-1.107,4.402,6.14,-2.158,-4.754,-9.41,2.271,6.434,-2.816
EFT:-9.25,-1.119,4.383,6.13,-2.164,-4.773,-9.43,2.266,6.438,-2.809
Random50
Raw:-9.24,-1.139,4.348,6.117,-2.164,-4.79,-9.46,2.254,6.44,-2.795
EFT:-9.25,-1.118,4.383,6.13,-2.164,-4.773,-9.43,2.266,6.438,-2.809
Random51
Raw:-9.26,-1.139,4.348,6.125,-2.166,-4.793,-9.47,2.256,6.445,-2.793
EFT:-9.25,-1.119,4.383,6.13,-2.164,-4.773,-9.43,2.266,6.438,-2.809
Random52
Raw:-9.234,-1.104,4.4,6.145,-2.152,-4.742,-9.4,2.28,6.426,-2.8
EFT:-9.25,-1.118,4.383,6.13,-2.164,-4.773,-9.43,2.266,6.438,-2.809
Random53
Raw:-9.266,-1.105,4.402,6.145,-2.16,-4.758,-9.41,2.275,6.434,-2.816
EFT:-9.25,-1.119,4.383,6.13,-2.164,-4.773,-9.43,2.266,6.438,-2.809
Random54
Raw:-9.24,-1.119,4.375,6.12,-2.16,-4.766,-9.414,2.26,6.426,-2.805
EFT:-9.25,-1.118,4.383,6.13,-2.164,-4.773,-9.43,2.266,6.438,-2.809
Random55
Raw:-9.26,-1.145,4.348,6.1,-2.19,-4.797,-9.47,2.232,6.44,-2.816
EFT:-9.25,-1.118,4.383,6.13,-2.164,-4.773,-9.43,2.266,6.438,-2.809
Random56
Raw:-9.26,-1.105,4.402,6.145,-2.158,-4.75,-9.41,2.281,6.43,-2.814
EFT:-9.25,-1.119,4.383,6.13,-2.164,-4.773,-9.43,2.266,6.438,-2.809
Random57
Raw:-9.25,-1.137,4.348,6.11,-2.174,-4.79,-9.46,2.244,6.445,-2.8
EFT:-9.25,-1.118,4.383,6.13,-2.164,-4.773,-9.43,2.266,6.438,-2.809
Random58
Raw:-9.24,-1.14,4.355,6.113,-2.174,-4.78,-9.45,2.246,6.434,-2.807
EFT:-9.25,-1.119,4.383,6.13,-2.164,-4.773,-9.43,2.266,6.438,-2.809
Random59
Raw:-9.24,-1.096,4.41,6.15,-2.15,-4.742,-9.39,2.283,6.418,-2.809
EFT:-9.25,-1.119,4.383,6.13,-2.164,-4.773,-9.43,2.266,6.438,-2.809
Random60
Raw:-9.266,-1.117,4.383,6.14,-2.166,-4.78,-9.45,2.271,6.44,-2.805
EFT:-9.25,-1.119,4.383,6.13,-2.164,-4.773,-9.43,2.266,6.438,-2.809
Random61
Raw:-9.25,-1.143,4.348,6.11,-2.176,-4.79,-9.45,2.244,6.44,-2.803
EFT:-9.25,-1.118,4.383,6.13,-2.164,-4.773,-9.43,2.266,6.438,-2.809
Random62
Raw:-9.24,-1.133,4.367,6.11,-2.172,-4.777,-9.414,2.24,6.434,-2.809
EFT:-9.25,-1.119,4.383,6.13,-2.164,-4.773,-9.43,2.266,6.438,-2.809
Random63
Raw:-9.26,-1.118,4.387,6.137,-2.16,-4.77,-9.43,2.27,6.43,-2.81
EFT:-9.25,-1.119,4.383,6.13,-2.164,-4.773,-9.43,2.266,6.438,-2.809
Random64
Raw:-9.266,-1.117,4.38,6.14,-2.172,-4.777,-9.45,2.271,6.438,-2.805
EFT:-9.25,-1.118,4.383,6.13,-2.164,-4.773,-9.43,2.266,6.438,-2.809
Random65
Raw:-9.234,-1.107,4.39,6.133,-2.152,-4.746,-9.4,2.271,6.426,-2.803
EFT:-9.25,-1.119,4.383,6.13,-2.164,-4.773,-9.43,2.266,6.438,-2.809
Random66
Raw:-9.266,-1.121,4.387,6.14,-2.162,-4.773,-9.45,2.271,6.445,-2.803
EFT:-9.25,-1.118,4.383,6.13,-2.164,-4.773,-9.43,2.266,6.438,-2.809
Random67
Raw:-9.266,-1.125,4.37,6.133,-2.172,-4.773,-9.445,2.258,6.44,-2.814
EFT:-9.25,-1.119,4.383,6.13,-2.164,-4.773,-9.43,2.266,6.438,-2.809
Random68
Raw:-9.266,-1.139,4.35,6.117,-2.182,-4.805,-9.484,2.246,6.445,-2.809
EFT:-9.25,-1.119,4.383,6.13,-2.164,-4.773,-9.43,2.266,6.438,-2.809
Random69
Raw:-9.26,-1.133,4.375,6.117,-2.176,-4.785,-9.43,2.248,6.45,-2.816
EFT:-9.25,-1.118,4.383,6.13,-2.164,-4.773,-9.43,2.266,6.438,-2.809
Random70
Raw:-9.29,-1.114,4.39,6.145,-2.17,-4.78,-9.45,2.273,6.445,-2.814
EFT:-9.25,-1.118,4.383,6.13,-2.164,-4.773,-9.43,2.266,6.438,-2.809
Random71
Raw:-9.266,-1.111,4.39,6.14,-2.164,-4.77,-9.44,2.277,6.44,-2.807
EFT:-9.25,-1.118,4.383,6.13,-2.164,-4.773,-9.43,2.266,6.438,-2.809
Random72
Raw:-9.266,-1.111,4.4,6.156,-2.16,-4.76,-9.44,2.283,6.45,-2.809
EFT:-9.25,-1.118,4.383,6.13,-2.164,-4.773,-9.43,2.266,6.438,-2.809
Random73
Raw:-9.266,-1.105,4.406,6.156,-2.156,-4.754,-9.42,2.29,6.434,-2.805
EFT:-9.25,-1.119,4.383,6.13,-2.164,-4.773,-9.43,2.266,6.438,-2.809
Random74
Raw:-9.26,-1.127,4.363,6.125,-2.166,-4.777,-9.45,2.26,6.434,-2.797
EFT:-9.25,-1.119,4.383,6.13,-2.164,-4.773,-9.43,2.266,6.438,-2.809
Random75
Raw:-9.266,-1.107,4.383,6.15,-2.158,-4.77,-9.44,2.281,6.438,-2.803
EFT:-9.25,-1.119,4.383,6.13,-2.164,-4.773,-9.43,2.266,6.438,-2.809
Random76
Raw:-9.25,-1.113,4.387,6.133,-2.162,-4.766,-9.44,2.271,6.43,-2.812
EFT:-9.25,-1.119,4.383,6.13,-2.164,-4.773,-9.43,2.266,6.438,-2.809
Random77
Raw:-9.266,-1.123,4.37,6.133,-2.166,-4.773,-9.45,2.268,6.438,-2.8
EFT:-9.25,-1.119,4.383,6.13,-2.164,-4.773,-9.43,2.266,6.438,-2.809
Random78
Raw:-9.25,-1.15,4.336,6.094,-2.186,-4.8,-9.47,2.229,6.44,-2.81
EFT:-9.25,-1.119,4.383,6.13,-2.164,-4.773,-9.43,2.266,6.438,-2.809
Random79
Raw:-9.25,-1.092,4.402,6.15,-2.154,-4.746,-9.4,2.285,6.42,-2.809
EFT:-9.25,-1.119,4.383,6.13,-2.164,-4.773,-9.43,2.266,6.438,-2.809
Random80
Raw:-9.26,-1.076,4.45,6.18,-2.145,-4.72,-9.375,2.307,6.43,-2.818
EFT:-9.25,-1.118,4.383,6.13,-2.164,-4.773,-9.43,2.266,6.438,-2.809
Random81
Raw:-9.266,-1.109,4.406,6.145,-2.168,-4.766,-9.414,2.27,6.44,-2.824
EFT:-9.25,-1.118,4.383,6.13,-2.164,-4.773,-9.43,2.266,6.438,-2.809
Random82
Raw:-9.24,-1.129,4.37,6.113,-2.17,-4.773,-9.42,2.244,6.434,-2.814
EFT:-9.25,-1.118,4.383,6.13,-2.164,-4.773,-9.43,2.266,6.438,-2.809
Random83
Raw:-9.266,-1.121,4.383,6.137,-2.164,-4.77,-9.44,2.271,6.438,-2.807
EFT:-9.25,-1.118,4.383,6.13,-2.164,-4.773,-9.43,2.266,6.438,-2.809
Random84
Raw:-9.234,-1.113,4.387,6.125,-2.148,-4.746,-9.4,2.271,6.43,-2.807
EFT:-9.25,-1.119,4.383,6.13,-2.164,-4.773,-9.43,2.266,6.438,-2.809
Random85
Raw:-9.24,-1.146,4.34,6.094,-2.182,-4.79,-9.45,2.232,6.426,-2.803
EFT:-9.25,-1.119,4.383,6.13,-2.164,-4.773,-9.43,2.266,6.438,-2.809
Random86
Raw:-9.25,-1.128,4.367,6.125,-2.162,-4.78,-9.445,2.26,6.434,-2.803
EFT:-9.25,-1.118,4.383,6.13,-2.164,-4.773,-9.43,2.266,6.438,-2.809
Random87
Raw:-9.24,-1.109,4.383,6.14,-2.154,-4.758,-9.42,2.28,6.43,-2.799
EFT:-9.25,-1.119,4.383,6.13,-2.164,-4.773,-9.43,2.266,6.438,-2.809
Random88
Raw:-9.266,-1.107,4.406,6.152,-2.158,-4.758,-9.42,2.28,6.434,-2.812
EFT:-9.25,-1.119,4.383,6.13,-2.164,-4.773,-9.43,2.266,6.438,-2.809
Random89
Raw:-9.26,-1.125,4.37,6.125,-2.164,-4.773,-9.45,2.262,6.434,-2.805
EFT:-9.25,-1.119,4.383,6.13,-2.164,-4.773,-9.43,2.266,6.438,-2.809
Random90
Raw:-9.266,-1.095,4.414,6.16,-2.152,-4.758,-9.42,2.293,6.438,-2.812
EFT:-9.25,-1.118,4.383,6.13,-2.164,-4.773,-9.43,2.266,6.438,-2.809
Random91
Raw:-9.27,-1.127,4.38,6.14,-2.174,-4.78,-9.45,2.262,6.445,-2.809
EFT:-9.25,-1.118,4.383,6.13,-2.164,-4.773,-9.43,2.266,6.438,-2.809
Random92
Raw:-9.27,-1.1455,4.35,6.12,-2.186,-4.81,-9.484,2.248,6.453,-2.814
EFT:-9.25,-1.118,4.383,6.13,-2.164,-4.773,-9.43,2.266,6.438,-2.809
Random93
Raw:-9.26,-1.105,4.406,6.15,-2.16,-4.76,-9.414,2.275,6.434,-2.814
EFT:-9.25,-1.118,4.383,6.13,-2.164,-4.773,-9.43,2.266,6.438,-2.809
Random94
Raw:-9.24,-1.092,4.426,6.152,-2.152,-4.734,-9.375,2.283,6.426,-2.809
EFT:-9.25,-1.119,4.383,6.13,-2.164,-4.773,-9.43,2.266,6.438,-2.809
Random95
Raw:-9.26,-1.123,4.375,6.13,-2.17,-4.77,-9.43,2.262,6.438,-2.81
EFT:-9.25,-1.119,4.383,6.13,-2.164,-4.773,-9.43,2.266,6.438,-2.809
Random96
Raw:-9.25,-1.117,4.39,6.13,-2.166,-4.758,-9.41,2.26,6.43,-2.818
EFT:-9.25,-1.119,4.383,6.13,-2.164,-4.773,-9.43,2.266,6.438,-2.809
Random97
Raw:-9.26,-1.102,4.42,6.15,-2.158,-4.75,-9.39,2.275,6.438,-2.824
EFT:-9.25,-1.119,4.383,6.13,-2.164,-4.773,-9.43,2.266,6.438,-2.809
Random98
Raw:-9.24,-1.143,4.34,6.094,-2.176,-4.79,-9.445,2.232,6.438,-2.8
EFT:-9.25,-1.118,4.383,6.13,-2.164,-4.773,-9.43,2.266,6.438,-2.809
Random99
Raw:-9.25,-1.129,4.37,6.12,-2.174,-4.785,-9.445,2.254,6.44,-2.812
EFT:-9.25,-1.118,4.383,6.13,-2.164,-4.773,-9.43,2.266,6.438,-2.809
Random100
Raw:-9.266,-1.107,4.414,6.152,-2.156,-4.758,-9.414,2.277,6.445,-2.818
EFT:-9.25,-1.118,4.383,6.13,-2.164,-4.773,-9.43,2.266,6.438,-2.809
Random101
Raw:-9.234,-1.129,4.355,6.1,-2.166,-4.766,-9.414,2.24,6.42,-2.803
EFT:-9.25,-1.119,4.383,6.13,-2.164,-4.773,-9.43,2.266,6.438,-2.809
Random102
Raw:-9.25,-1.095,4.42,6.156,-2.146,-4.74,-9.39,2.293,6.434,-2.803
EFT:-9.25,-1.119,4.383,6.13,-2.164,-4.773,-9.43,2.266,6.438,-2.809
Random103
Raw:-9.26,-1.131,4.37,6.12,-2.174,-4.777,-9.445,2.254,6.44,-2.81
EFT:-9.25,-1.118,4.383,6.13,-2.164,-4.773,-9.43,2.266,6.438,-2.809
Random104
Raw:-9.266,-1.118,4.38,6.15,-2.166,-4.773,-9.46,2.28,6.44,-2.803
EFT:-9.25,-1.118,4.383,6.13,-2.164,-4.773,-9.43,2.266,6.438,-2.809
Random105
Raw:-9.26,-1.111,4.414,6.15,-2.162,-4.758,-9.41,2.273,6.445,-2.824
EFT:-9.25,-1.119,4.383,6.13,-2.164,-4.773,-9.43,2.266,6.438,-2.809
Random106
Raw:-9.26,-1.134,4.363,6.117,-2.178,-4.793,-9.45,2.244,6.453,-2.82
EFT:-9.25,-1.118,4.383,6.13,-2.164,-4.773,-9.43,2.266,6.438,-2.809
Random107
Raw:-9.26,-1.104,4.406,6.15,-2.156,-4.754,-9.414,2.281,6.434,-2.81
EFT:-9.25,-1.119,4.383,6.13,-2.164,-4.773,-9.43,2.266,6.438,-2.809
Random108
Raw:-9.25,-1.129,4.37,6.12,-2.178,-4.773,-9.43,2.254,6.438,-2.812
EFT:-9.25,-1.119,4.383,6.13,-2.164,-4.773,-9.43,2.266,6.438,-2.809
Random109
Raw:-9.26,-1.107,4.41,6.15,-2.168,-4.754,-9.414,2.275,6.43,-2.816
EFT:-9.25,-1.119,4.383,6.13,-2.164,-4.773,-9.43,2.266,6.438,-2.809
Random110
Raw:-9.26,-1.109,4.4,6.145,-2.156,-4.758,-9.414,2.271,6.438,-2.809
EFT:-9.25,-1.118,4.383,6.13,-2.164,-4.773,-9.43,2.266,6.438,-2.809
Random111
Raw:-9.26,-1.139,4.355,6.113,-2.18,-4.797,-9.46,2.244,6.44,-2.812
EFT:-9.25,-1.118,4.383,6.13,-2.164,-4.773,-9.43,2.266,6.438,-2.809
Random112
Raw:-9.25,-1.131,4.38,6.117,-2.176,-4.773,-9.42,2.244,6.44,-2.82
EFT:-9.25,-1.118,4.383,6.13,-2.164,-4.773,-9.43,2.266,6.438,-2.809
Random113
Raw:-9.25,-1.113,4.395,6.14,-2.156,-4.76,-9.414,2.27,6.44,-2.816
EFT:-9.25,-1.119,4.383,6.13,-2.164,-4.773,-9.43,2.266,6.438,-2.809
Random114
Raw:-9.24,-1.113,4.38,6.13,-2.16,-4.766,-9.42,2.268,6.43,-2.803
EFT:-9.25,-1.118,4.383,6.13,-2.164,-4.773,-9.43,2.266,6.438,-2.809
Random115
Raw:-9.25,-1.113,4.39,6.137,-2.154,-4.766,-9.414,2.271,6.438,-2.81
EFT:-9.25,-1.119,4.383,6.13,-2.164,-4.773,-9.43,2.266,6.438,-2.809
Random116
Raw:-9.24,-1.131,4.348,6.094,-2.174,-4.77,-9.42,2.238,6.418,-2.803
EFT:-9.25,-1.118,4.383,6.13,-2.164,-4.773,-9.43,2.266,6.438,-2.809
Random117
Raw:-9.266,-1.129,4.37,6.133,-2.18,-4.78,-9.45,2.256,6.434,-2.81
EFT:-9.25,-1.119,4.383,6.13,-2.164,-4.773,-9.43,2.266,6.438,-2.809
Random118
Raw:-9.27,-1.096,4.41,6.168,-2.152,-4.754,-9.44,2.299,6.438,-2.8
EFT:-9.25,-1.118,4.383,6.13,-2.164,-4.773,-9.43,2.266,6.438,-2.809
Random119
Raw:-9.24,-1.121,4.375,6.117,-2.168,-4.77,-9.414,2.254,6.43,-2.812
EFT:-9.25,-1.119,4.383,6.13,-2.164,-4.773,-9.43,2.266,6.438,-2.809
Random120
Raw:-9.24,-1.109,4.395,6.12,-2.158,-4.746,-9.39,2.262,6.426,-2.816
EFT:-9.25,-1.118,4.383,6.13,-2.164,-4.773,-9.43,2.266,6.438,-2.809
Random121
Raw:-9.25,-1.132,4.36,6.117,-2.168,-4.777,-9.44,2.26,6.44,-2.807
EFT:-9.25,-1.119,4.383,6.13,-2.164,-4.773,-9.43,2.266,6.438,-2.809
Random122
Raw:-9.26,-1.135,4.375,6.125,-2.176,-4.79,-9.45,2.248,6.457,-2.814
EFT:-9.25,-1.119,4.383,6.13,-2.164,-4.773,-9.43,2.266,6.438,-2.809
Random123
Raw:-9.26,-1.084,4.434,6.176,-2.137,-4.734,-9.41,2.31,6.43,-2.809
EFT:-9.25,-1.119,4.383,6.13,-2.164,-4.773,-9.43,2.266,6.438,-2.809
Random124
Raw:-9.27,-1.119,4.402,6.152,-2.17,-4.78,-9.445,2.273,6.457,-2.816
EFT:-9.25,-1.118,4.383,6.13,-2.164,-4.773,-9.43,2.266,6.438,-2.809
Random125
Raw:-9.26,-1.145,4.348,6.11,-2.186,-4.793,-9.48,2.248,6.434,-2.81
EFT:-9.25,-1.119,4.383,6.13,-2.164,-4.773,-9.43,2.266,6.438,-2.809
Random126
Raw:-9.266,-1.139,4.36,6.125,-2.176,-4.797,-9.48,2.252,6.45,-2.809
EFT:-9.25,-1.118,4.383,6.13,-2.164,-4.773,-9.43,2.266,6.438,-2.809
Random127
Raw:-9.266,-1.145,4.348,6.11,-2.186,-4.805,-9.47,2.232,6.445,-2.81
EFT:-9.25,-1.119,4.383,6.13,-2.164,-4.773,-9.43,2.266,6.438,-2.809
Random128
Raw:-9.26,-1.121,4.387,6.13,-2.162,-4.773,-9.42,2.266,6.438,-2.807
EFT:-9.25,-1.119,4.383,6.13,-2.164,-4.773,-9.43,2.266,6.438,-2.809
Random129
Raw:-9.266,-1.131,4.37,6.117,-2.178,-4.79,-9.44,2.248,6.445,-2.816
EFT:-9.25,-1.118,4.383,6.13,-2.164,-4.773,-9.43,2.266,6.438,-2.809
Random130
Raw:-9.24,-1.082,4.426,6.16,-2.139,-4.727,-9.375,2.299,6.42,-2.805
EFT:-9.25,-1.118,4.383,6.13,-2.164,-4.773,-9.43,2.266,6.438,-2.809
Random131
Raw:-9.234,-1.143,4.34,6.1,-2.178,-4.78,-9.45,2.236,6.43,-2.799
EFT:-9.25,-1.119,4.383,6.13,-2.164,-4.773,-9.43,2.266,6.438,-2.809
Random132
Raw:-9.26,-1.121,4.38,6.13,-2.166,-4.773,-9.43,2.26,6.438,-2.81
EFT:-9.25,-1.119,4.383,6.13,-2.164,-4.773,-9.43,2.266,6.438,-2.809
Random133
Raw:-9.26,-1.084,4.418,6.17,-2.143,-4.742,-9.41,2.314,6.434,-2.799
EFT:-9.25,-1.119,4.383,6.13,-2.164,-4.773,-9.43,2.266,6.438,-2.809
Random134
Raw:-9.234,-1.121,4.36,6.12,-2.158,-4.758,-9.42,2.26,6.42,-2.795
EFT:-9.25,-1.119,4.383,6.13,-2.164,-4.773,-9.43,2.266,6.438,-2.809
Random135
Raw:-9.25,-1.068,4.434,6.18,-2.127,-4.72,-9.39,2.322,6.426,-2.793
EFT:-9.25,-1.119,4.383,6.13,-2.164,-4.773,-9.43,2.266,6.438,-2.809
Random136
Raw:-9.234,-1.1,4.43,6.14,-2.154,-4.734,-9.35,2.271,6.438,-2.83
EFT:-9.25,-1.118,4.383,6.13,-2.164,-4.773,-9.43,2.266,6.438,-2.809
Random137
Raw:-9.25,-1.113,4.402,6.137,-2.156,-4.75,-9.41,2.268,6.438,-2.816
EFT:-9.25,-1.119,4.383,6.13,-2.164,-4.773,-9.43,2.266,6.438,-2.809
Random138
Raw:-9.266,-1.117,4.383,6.145,-2.166,-4.773,-9.45,2.28,6.44,-2.805
EFT:-9.25,-1.119,4.383,6.13,-2.164,-4.773,-9.43,2.266,6.438,-2.809
Random139
Raw:-9.266,-1.141,4.35,6.117,-2.182,-4.805,-9.48,2.24,6.45,-2.81
EFT:-9.25,-1.118,4.383,6.13,-2.164,-4.773,-9.43,2.266,6.438,-2.809
Random140
Raw:-9.25,-1.135,4.355,6.113,-2.176,-4.785,-9.45,2.248,6.438,-2.809
EFT:-9.25,-1.119,4.383,6.13,-2.164,-4.773,-9.43,2.266,6.438,-2.809
Random141
Raw:-9.25,-1.117,4.395,6.133,-2.152,-4.758,-9.41,2.264,6.438,-2.818
EFT:-9.25,-1.119,4.383,6.13,-2.164,-4.773,-9.43,2.266,6.438,-2.809
Random142
Raw:-9.24,-1.129,4.367,6.12,-2.17,-4.766,-9.43,2.256,6.43,-2.809
EFT:-9.25,-1.118,4.383,6.13,-2.164,-4.773,-9.43,2.266,6.438,-2.809
Random143
Raw:-9.234,-1.1,4.402,6.15,-2.145,-4.75,-9.41,2.283,6.43,-2.807
EFT:-9.25,-1.119,4.383,6.13,-2.164,-4.773,-9.43,2.266,6.438,-2.809
Random144
Raw:-9.25,-1.111,4.4,6.137,-2.154,-4.766,-9.42,2.273,6.438,-2.809
EFT:-9.25,-1.119,4.383,6.13,-2.164,-4.773,-9.43,2.266,6.438,-2.809
Random145
Raw:-9.27,-1.143,4.35,6.117,-2.184,-4.8,-9.48,2.246,6.438,-2.809
EFT:-9.25,-1.118,4.383,6.13,-2.164,-4.773,-9.43,2.266,6.438,-2.809
Random146
Raw:-9.266,-1.127,4.375,6.13,-2.176,-4.777,-9.45,2.256,6.438,-2.81
EFT:-9.25,-1.119,4.383,6.13,-2.164,-4.773,-9.43,2.266,6.438,-2.809
Random147
Raw:-9.26,-1.117,4.39,6.137,-2.162,-4.76,-9.42,2.27,6.434,-2.809
EFT:-9.25,-1.119,4.383,6.13,-2.164,-4.773,-9.43,2.266,6.438,-2.809
Random148
Raw:-9.26,-1.119,4.38,6.14,-2.164,-4.77,-9.445,2.275,6.438,-2.8
EFT:-9.25,-1.119,4.383,6.13,-2.164,-4.773,-9.43,2.266,6.438,-2.809
Random149
Raw:-9.23,-1.111,4.383,6.13,-2.158,-4.75,-9.41,2.268,6.426,-2.8
EFT:-9.25,-1.118,4.383,6.13,-2.164,-4.773,-9.43,2.266,6.438,-2.809
Random150
Raw:-9.266,-1.129,4.383,6.14,-2.17,-4.79,-9.45,2.256,6.453,-2.814
EFT:-9.25,-1.119,4.383,6.13,-2.164,-4.773,-9.43,2.266,6.438,-2.809
Random151
Raw:-9.234,-1.128,4.36,6.113,-2.166,-4.766,-9.43,2.248,6.43,-2.799
EFT:-9.25,-1.119,4.383,6.13,-2.164,-4.773,-9.43,2.266,6.438,-2.809
Random152
Raw:-9.26,-1.105,4.402,6.15,-2.154,-4.766,-9.43,2.28,6.438,-2.809
EFT:-9.25,-1.119,4.383,6.13,-2.164,-4.773,-9.43,2.266,6.438,-2.809
Random153
Raw:-9.25,-1.098,4.414,6.15,-2.154,-4.746,-9.39,2.277,6.438,-2.824
EFT:-9.25,-1.119,4.383,6.13,-2.164,-4.773,-9.43,2.266,6.438,-2.809
Random154
Raw:-9.25,-1.112,4.39,6.133,-2.162,-4.766,-9.414,2.264,6.438,-2.814
EFT:-9.25,-1.118,4.383,6.13,-2.164,-4.773,-9.43,2.266,6.438,-2.809
Random155
Raw:-9.24,-1.131,4.37,6.1,-2.172,-4.77,-9.42,2.238,6.43,-2.812
EFT:-9.25,-1.119,4.383,6.13,-2.164,-4.773,-9.43,2.266,6.438,-2.809
Random156
Raw:-9.26,-1.096,4.418,6.164,-2.152,-4.746,-9.414,2.291,6.44,-2.812
EFT:-9.25,-1.118,4.383,6.13,-2.164,-4.773,-9.43,2.266,6.438,-2.809
Random157
Raw:-9.26,-1.156,4.34,6.094,-2.19,-4.805,-9.48,2.22,6.45,-2.812
EFT:-9.25,-1.119,4.383,6.13,-2.164,-4.773,-9.43,2.266,6.438,-2.809
Random158
Raw:-9.266,-1.092,4.406,6.168,-2.146,-4.754,-9.43,2.303,6.434,-2.797
EFT:-9.25,-1.118,4.383,6.13,-2.164,-4.773,-9.43,2.266,6.438,-2.809
Random159
Raw:-9.25,-1.094,4.434,6.145,-2.154,-4.734,-9.37,2.275,6.438,-2.83
EFT:-9.25,-1.118,4.383,6.13,-2.164,-4.773,-9.43,2.266,6.438,-2.809
Random160
Raw:-9.24,-1.109,4.383,6.14,-2.15,-4.758,-9.42,2.275,6.43,-2.793
EFT:-9.25,-1.119,4.383,6.13,-2.164,-4.773,-9.43,2.266,6.438,-2.809
Random161
Raw:-9.25,-1.137,4.363,6.113,-2.174,-4.78,-9.44,2.246,6.438,-2.803
EFT:-9.25,-1.118,4.383,6.13,-2.164,-4.773,-9.43,2.266,6.438,-2.809
Random162
Raw:-9.25,-1.13,4.363,6.11,-2.174,-4.773,-9.44,2.252,6.43,-2.812
EFT:-9.25,-1.118,4.383,6.13,-2.164,-4.773,-9.43,2.266,6.438,-2.809
Random163
Raw:-9.25,-1.113,4.38,6.14,-2.156,-4.766,-9.43,2.275,6.434,-2.797
EFT:-9.25,-1.119,4.383,6.13,-2.164,-4.773,-9.43,2.266,6.438,-2.809
Random164
Raw:-9.26,-1.113,4.387,6.14,-2.16,-4.77,-9.44,2.275,6.445,-2.805
EFT:-9.25,-1.118,4.383,6.13,-2.164,-4.773,-9.43,2.266,6.438,-2.809
Random165
Raw:-9.26,-1.107,4.395,6.15,-2.156,-4.76,-9.43,2.28,6.43,-2.807
EFT:-9.25,-1.119,4.383,6.13,-2.164,-4.773,-9.43,2.266,6.438,-2.809
Random166
Raw:-9.27,-1.098,4.434,6.156,-2.158,-4.75,-9.39,2.28,6.445,-2.836
EFT:-9.25,-1.119,4.383,6.13,-2.164,-4.773,-9.43,2.266,6.438,-2.809
Random167
Raw:-9.26,-1.107,4.395,6.145,-2.158,-4.76,-9.42,2.275,6.434,-2.814
EFT:-9.25,-1.119,4.383,6.13,-2.164,-4.773,-9.43,2.266,6.438,-2.809
Random168
Raw:-9.27,-1.131,4.38,6.133,-2.174,-4.79,-9.45,2.25,6.453,-2.82
EFT:-9.25,-1.119,4.383,6.13,-2.164,-4.773,-9.43,2.266,6.438,-2.809
Random169
Raw:-9.266,-1.119,4.387,6.137,-2.17,-4.773,-9.44,2.266,6.44,-2.805
EFT:-9.25,-1.118,4.383,6.13,-2.164,-4.773,-9.43,2.266,6.438,-2.809
Random170
Raw:-9.266,-1.135,4.36,6.113,-2.182,-4.797,-9.47,2.244,6.438,-2.81
EFT:-9.25,-1.119,4.383,6.13,-2.164,-4.773,-9.43,2.266,6.438,-2.809
Random171
Raw:-9.26,-1.125,4.367,6.117,-2.168,-4.773,-9.445,2.258,6.434,-2.805
EFT:-9.25,-1.119,4.383,6.13,-2.164,-4.773,-9.43,2.266,6.438,-2.809
Random172
Raw:-9.24,-1.148,4.324,6.1,-2.172,-4.797,-9.484,2.236,6.438,-2.785
EFT:-9.25,-1.119,4.383,6.13,-2.164,-4.773,-9.43,2.266,6.438,-2.809
Random173
Raw:-9.26,-1.107,4.402,6.145,-2.16,-4.76,-9.414,2.275,6.438,-2.816
EFT:-9.25,-1.119,4.383,6.13,-2.164,-4.773,-9.43,2.266,6.438,-2.809
Random174
Raw:-9.266,-1.096,4.426,6.16,-2.154,-4.75,-9.41,2.291,6.44,-2.814
EFT:-9.25,-1.118,4.383,6.13,-2.164,-4.773,-9.43,2.266,6.438,-2.809
Random175
Raw:-9.25,-1.113,4.39,6.14,-2.156,-4.77,-9.42,2.273,6.44,-2.807
EFT:-9.25,-1.119,4.383,6.13,-2.164,-4.773,-9.43,2.266,6.438,-2.809
Random176
Raw:-9.26,-1.113,4.39,6.137,-2.164,-4.77,-9.414,2.264,6.438,-2.816
EFT:-9.25,-1.119,4.383,6.13,-2.164,-4.773,-9.43,2.266,6.438,-2.809
Random177
Raw:-9.26,-1.113,4.406,6.14,-2.162,-4.758,-9.41,2.264,6.44,-2.82
EFT:-9.25,-1.119,4.383,6.13,-2.164,-4.773,-9.43,2.266,6.438,-2.809
Random178
Raw:-9.25,-1.117,4.383,6.13,-2.16,-4.77,-9.42,2.268,6.434,-2.809
EFT:-9.25,-1.118,4.383,6.13,-2.164,-4.773,-9.43,2.266,6.438,-2.809
Random179
Raw:-9.29,-1.135,4.387,6.14,-2.186,-4.8,-9.484,2.264,6.46,-2.816
EFT:-9.25,-1.118,4.383,6.13,-2.164,-4.773,-9.43,2.266,6.438,-2.809
Random180
Raw:-9.26,-1.148,4.336,6.1,-2.186,-4.812,-9.48,2.236,6.44,-2.809
EFT:-9.25,-1.119,4.383,6.13,-2.164,-4.773,-9.43,2.266,6.438,-2.809
Random181
Raw:-9.26,-1.097,4.414,6.156,-2.15,-4.746,-9.39,2.287,6.43,-2.816
EFT:-9.25,-1.119,4.383,6.13,-2.164,-4.773,-9.43,2.266,6.438,-2.809
Random182
Raw:-9.24,-1.127,4.355,6.11,-2.174,-4.773,-9.44,2.246,6.438,-2.8
EFT:-9.25,-1.119,4.383,6.13,-2.164,-4.773,-9.43,2.266,6.438,-2.809
Random183
Raw:-9.26,-1.135,4.37,6.12,-2.17,-4.79,-9.45,2.252,6.445,-2.81
EFT:-9.25,-1.118,4.383,6.13,-2.164,-4.773,-9.43,2.266,6.438,-2.809
Random184
Raw:-9.25,-1.114,4.395,6.137,-2.164,-4.773,-9.43,2.262,6.445,-2.81
EFT:-9.25,-1.118,4.383,6.13,-2.164,-4.773,-9.43,2.266,6.438,-2.809
Random185
Raw:-9.25,-1.107,4.39,6.145,-2.15,-4.758,-9.43,2.285,6.43,-2.799
EFT:-9.25,-1.118,4.383,6.13,-2.164,-4.773,-9.43,2.266,6.438,-2.809
Random186
Raw:-9.266,-1.121,4.383,6.13,-2.174,-4.78,-9.43,2.254,6.445,-2.82
EFT:-9.25,-1.118,4.383,6.13,-2.164,-4.773,-9.43,2.266,6.438,-2.809
Random187
Raw:-9.26,-1.148,4.355,6.1,-2.184,-4.8,-9.46,2.232,6.45,-2.818
EFT:-9.25,-1.119,4.383,6.13,-2.164,-4.773,-9.43,2.266,6.438,-2.809
Random188
Raw:-9.25,-1.123,4.387,6.13,-2.162,-4.77,-9.414,2.256,6.445,-2.814
EFT:-9.25,-1.119,4.383,6.13,-2.164,-4.773,-9.43,2.266,6.438,-2.809
Random189
Raw:-9.266,-1.158,4.34,6.1,-2.197,-4.812,-9.484,2.22,6.457,-2.818
EFT:-9.25,-1.118,4.383,6.13,-2.164,-4.773,-9.43,2.266,6.438,-2.809
Random190
Raw:-9.25,-1.129,4.367,6.117,-2.166,-4.777,-9.44,2.256,6.434,-2.81
EFT:-9.25,-1.119,4.383,6.13,-2.164,-4.773,-9.43,2.266,6.438,-2.809
Random191
Raw:-9.26,-1.1,4.414,6.16,-2.154,-4.742,-9.41,2.287,6.438,-2.812
EFT:-9.25,-1.118,4.383,6.13,-2.164,-4.773,-9.43,2.266,6.438,-2.809
Random192
Raw:-9.26,-1.133,4.37,6.12,-2.176,-4.79,-9.445,2.248,6.445,-2.82
EFT:-9.25,-1.118,4.383,6.13,-2.164,-4.773,-9.43,2.266,6.438,-2.809
Random193
Raw:-9.27,-1.105,4.41,6.156,-2.162,-4.766,-9.43,2.283,6.445,-2.818
EFT:-9.25,-1.118,4.383,6.13,-2.164,-4.773,-9.43,2.266,6.438,-2.809
Random194
Raw:-9.24,-1.12,4.383,6.13,-2.17,-4.766,-9.414,2.26,6.44,-2.812
EFT:-9.25,-1.118,4.383,6.13,-2.164,-4.773,-9.43,2.266,6.438,-2.809
Random195
Raw:-9.24,-1.137,4.348,6.098,-2.18,-4.777,-9.43,2.236,6.42,-2.805
EFT:-9.25,-1.119,4.383,6.13,-2.164,-4.773,-9.43,2.266,6.438,-2.809
Random196
Raw:-9.25,-1.119,4.387,6.133,-2.16,-4.76,-9.414,2.268,6.438,-2.807
EFT:-9.25,-1.119,4.383,6.13,-2.164,-4.773,-9.43,2.266,6.438,-2.809
Random197
Raw:-9.25,-1.139,4.36,6.117,-2.174,-4.797,-9.46,2.246,6.45,-2.814
EFT:-9.25,-1.119,4.383,6.13,-2.164,-4.773,-9.43,2.266,6.438,-2.809
Random198
Raw:-9.25,-1.133,4.37,6.1,-2.18,-4.79,-9.42,2.229,6.44,-2.828
EFT:-9.25,-1.119,4.383,6.13,-2.164,-4.773,-9.43,2.266,6.438,-2.809
Random199
Raw:-9.234,-1.096,4.406,6.15,-2.145,-4.742,-9.4,2.287,6.43,-2.8
EFT:-9.25,-1.118,4.383,6.13,-2.164,-4.773,-9.43,2.266,6.438,-2.809
Random200
Raw:-9.25,-1.105,4.39,6.137,-2.162,-4.758,-9.41,2.275,6.43,-2.807
EFT:-9.25,-1.118,4.383,6.13,-2.164,-4.773,-9.43,2.266,6.438,-2.809
Random201
Raw:-9.234,-1.083,4.406,6.152,-2.137,-4.73,-9.38,2.297,6.414,-2.797
EFT:-9.25,-1.119,4.383,6.13,-2.164,-4.773,-9.43,2.266,6.438,-2.809
Random202
Raw:-9.266,-1.102,4.395,6.16,-2.154,-4.758,-9.44,2.295,6.434,-2.799
EFT:-9.25,-1.118,4.383,6.13,-2.164,-4.773,-9.43,2.266,6.438,-2.809
Random203
Raw:-9.26,-1.119,4.38,6.133,-2.166,-4.773,-9.44,2.268,6.438,-2.805
EFT:-9.25,-1.119,4.383,6.13,-2.164,-4.773,-9.43,2.266,6.438,-2.809
Random204
Raw:-9.25,-1.1,4.418,6.15,-2.158,-4.75,-9.39,2.273,6.438,-2.82
EFT:-9.25,-1.119,4.383,6.13,-2.164,-4.773,-9.43,2.266,6.438,-2.809
Random205
Raw:-9.266,-1.135,4.367,6.12,-2.176,-4.793,-9.45,2.252,6.445,-2.809
EFT:-9.25,-1.118,4.383,6.13,-2.164,-4.773,-9.43,2.266,6.438,-2.809
Random206
Raw:-9.26,-1.119,4.383,6.133,-2.166,-4.766,-9.445,2.271,6.438,-2.807
EFT:-9.25,-1.119,4.383,6.13,-2.164,-4.773,-9.43,2.266,6.438,-2.809
Random207
Raw:-9.266,-1.104,4.414,6.17,-2.154,-4.758,-9.44,2.293,6.44,-2.81
EFT:-9.25,-1.119,4.383,6.13,-2.164,-4.773,-9.43,2.266,6.438,-2.809
Random208
Raw:-9.25,-1.137,4.348,6.105,-2.17,-4.78,-9.44,2.24,6.43,-2.803
EFT:-9.25,-1.118,4.383,6.13,-2.164,-4.773,-9.43,2.266,6.438,-2.809
Random209
Raw:-9.266,-1.128,4.375,6.133,-2.176,-4.78,-9.445,2.258,6.44,-2.814
EFT:-9.25,-1.118,4.383,6.13,-2.164,-4.773,-9.43,2.266,6.438,-2.809
Random210
Raw:-9.26,-1.073,4.44,6.188,-2.135,-4.727,-9.39,2.318,6.434,-2.805
EFT:-9.25,-1.118,4.383,6.13,-2.164,-4.773,-9.43,2.266,6.438,-2.809
Random211
Raw:-9.266,-1.09,4.426,6.168,-2.156,-4.746,-9.414,2.303,6.438,-2.809
EFT:-9.25,-1.118,4.383,6.13,-2.164,-4.773,-9.43,2.266,6.438,-2.809
Random212
Raw:-9.25,-1.123,4.355,6.125,-2.16,-4.777,-9.445,2.266,6.43,-2.793
EFT:-9.25,-1.119,4.383,6.13,-2.164,-4.773,-9.43,2.266,6.438,-2.809
Random213
Raw:-9.266,-1.111,4.39,6.14,-2.16,-4.766,-9.44,2.275,6.44,-2.807
EFT:-9.25,-1.119,4.383,6.13,-2.164,-4.773,-9.43,2.266,6.438,-2.809
Random214
Raw:-9.25,-1.102,4.39,6.137,-2.154,-4.758,-9.42,2.277,6.426,-2.799
EFT:-9.25,-1.119,4.383,6.13,-2.164,-4.773,-9.43,2.266,6.438,-2.809
Random215
Raw:-9.266,-1.146,4.34,6.11,-2.19,-4.805,-9.484,2.24,6.44,-2.809
EFT:-9.25,-1.119,4.383,6.13,-2.164,-4.773,-9.43,2.266,6.438,-2.809
Random216
Raw:-9.25,-1.098,4.41,6.156,-2.148,-4.754,-9.41,2.291,6.43,-2.812
EFT:-9.25,-1.119,4.383,6.13,-2.164,-4.773,-9.43,2.266,6.438,-2.809
Random217
Raw:-9.26,-1.086,4.44,6.17,-2.15,-4.734,-9.38,2.3,6.438,-2.816
EFT:-9.25,-1.118,4.383,6.13,-2.164,-4.773,-9.43,2.266,6.438,-2.809
Random218
Raw:-9.266,-1.094,4.426,6.156,-2.16,-4.742,-9.39,2.293,6.434,-2.816
EFT:-9.25,-1.119,4.383,6.13,-2.164,-4.773,-9.43,2.266,6.438,-2.809
Random219
Raw:-9.27,-1.087,4.43,6.176,-2.15,-4.742,-9.414,2.305,6.44,-2.81
EFT:-9.25,-1.118,4.383,6.13,-2.164,-4.773,-9.43,2.266,6.438,-2.809
Random220
Raw:-9.266,-1.146,4.355,6.125,-2.186,-4.81,-9.49,2.244,6.457,-2.807
EFT:-9.25,-1.118,4.383,6.13,-2.164,-4.773,-9.43,2.266,6.438,-2.809
Random221
Raw:-9.24,-1.107,4.395,6.14,-2.158,-4.746,-9.41,2.275,6.43,-2.812
EFT:-9.25,-1.118,4.383,6.13,-2.164,-4.773,-9.43,2.266,6.438,-2.809
Random222
Raw:-9.25,-1.135,4.37,6.117,-2.17,-4.777,-9.43,2.248,6.438,-2.81
EFT:-9.25,-1.119,4.383,6.13,-2.164,-4.773,-9.43,2.266,6.438,-2.809
Random223
Raw:-9.27,-1.121,4.395,6.133,-2.178,-4.773,-9.43,2.258,6.44,-2.824
EFT:-9.25,-1.119,4.383,6.13,-2.164,-4.773,-9.43,2.266,6.438,-2.809
Random224
Raw:-9.25,-1.11,4.39,6.14,-2.156,-4.754,-9.42,2.281,6.426,-2.805
EFT:-9.25,-1.119,4.383,6.13,-2.164,-4.773,-9.43,2.266,6.438,-2.809
Random225
Raw:-9.24,-1.133,4.35,6.11,-2.174,-4.773,-9.42,2.246,6.43,-2.805
EFT:-9.25,-1.118,4.383,6.13,-2.164,-4.773,-9.43,2.266,6.438,-2.809
Random226
Raw:-9.24,-1.129,4.37,6.117,-2.174,-4.766,-9.43,2.252,6.434,-2.809
EFT:-9.25,-1.119,4.383,6.13,-2.164,-4.773,-9.43,2.266,6.438,-2.809
Random227
Raw:-9.266,-1.135,4.367,6.125,-2.174,-4.79,-9.47,2.254,6.445,-2.809
EFT:-9.25,-1.118,4.383,6.13,-2.164,-4.773,-9.43,2.266,6.438,-2.809
Random228
Raw:-9.25,-1.127,4.375,6.133,-2.17,-4.773,-9.45,2.268,6.445,-2.803
EFT:-9.25,-1.118,4.383,6.13,-2.164,-4.773,-9.43,2.266,6.438,-2.809
Random229
Raw:-9.25,-1.107,4.402,6.14,-2.156,-4.75,-9.41,2.275,6.434,-2.814
EFT:-9.25,-1.118,4.383,6.13,-2.164,-4.773,-9.43,2.266,6.438,-2.809
Random230
Raw:-9.25,-1.149,4.34,6.1,-2.18,-4.797,-9.46,2.232,6.44,-2.805
EFT:-9.25,-1.118,4.383,6.13,-2.164,-4.773,-9.43,2.266,6.438,-2.809
Random231
Raw:-9.25,-1.129,4.36,6.12,-2.172,-4.777,-9.445,2.26,6.434,-2.807
EFT:-9.25,-1.119,4.383,6.13,-2.164,-4.773,-9.43,2.266,6.438,-2.809
Random232
Raw:-9.26,-1.115,4.4,6.133,-2.166,-4.76,-9.41,2.258,6.44,-2.818
EFT:-9.25,-1.118,4.383,6.13,-2.164,-4.773,-9.43,2.266,6.438,-2.809
Random233
Raw:-9.25,-1.141,4.36,6.113,-2.182,-4.79,-9.445,2.236,6.445,-2.82
EFT:-9.25,-1.118,4.383,6.13,-2.164,-4.773,-9.43,2.266,6.438,-2.809
Random234
Raw:-9.24,-1.145,4.355,6.1,-2.178,-4.785,-9.44,2.232,6.438,-2.812
EFT:-9.25,-1.118,4.383,6.13,-2.164,-4.773,-9.43,2.266,6.438,-2.809
Random235
Raw:-9.25,-1.107,4.41,6.15,-2.15,-4.754,-9.4,2.271,6.44,-2.814
EFT:-9.25,-1.118,4.383,6.13,-2.164,-4.773,-9.43,2.266,6.438,-2.809
Random236
Raw:-9.27,-1.127,4.39,6.14,-2.182,-4.785,-9.45,2.256,6.45,-2.818
EFT:-9.25,-1.118,4.383,6.13,-2.164,-4.773,-9.43,2.266,6.438,-2.809
Random237
Raw:-9.26,-1.119,4.375,6.125,-2.166,-4.777,-9.43,2.264,6.434,-2.812
EFT:-9.25,-1.118,4.383,6.13,-2.164,-4.773,-9.43,2.266,6.438,-2.809
Random238
Raw:-9.234,-1.086,4.42,6.156,-2.143,-4.727,-9.375,2.291,6.418,-2.807
EFT:-9.25,-1.118,4.383,6.13,-2.164,-4.773,-9.43,2.266,6.438,-2.809
Random239
Raw:-9.24,-1.129,4.367,6.117,-2.168,-4.773,-9.44,2.252,6.434,-2.812
EFT:-9.25,-1.119,4.383,6.13,-2.164,-4.773,-9.43,2.266,6.438,-2.809
Random240
Raw:-9.25,-1.115,4.39,6.137,-2.164,-4.766,-9.42,2.264,6.438,-2.809
EFT:-9.25,-1.119,4.383,6.13,-2.164,-4.773,-9.43,2.266,6.438,-2.809
Random241
Raw:-9.25,-1.145,4.34,6.105,-2.176,-4.805,-9.47,2.244,6.445,-2.8
EFT:-9.25,-1.118,4.383,6.13,-2.164,-4.773,-9.43,2.266,6.438,-2.809
Random242
Raw:-9.266,-1.139,4.36,6.113,-2.178,-4.797,-9.46,2.244,6.45,-2.812
EFT:-9.25,-1.118,4.383,6.13,-2.164,-4.773,-9.43,2.266,6.438,-2.809
Random243
Raw:-9.24,-1.1,4.4,6.133,-2.152,-4.74,-9.39,2.275,6.418,-2.803
EFT:-9.25,-1.118,4.383,6.13,-2.164,-4.773,-9.43,2.266,6.438,-2.809
Random244
Raw:-9.26,-1.125,4.38,6.13,-2.17,-4.785,-9.45,2.26,6.44,-2.814
EFT:-9.25,-1.118,4.383,6.13,-2.164,-4.773,-9.43,2.266,6.438,-2.809
Random245
Raw:-9.24,-1.131,4.36,6.117,-2.17,-4.773,-9.445,2.25,6.44,-2.805
EFT:-9.25,-1.118,4.383,6.13,-2.164,-4.773,-9.43,2.266,6.438,-2.809
Random246
Raw:-9.25,-1.146,4.344,6.094,-2.182,-4.793,-9.445,2.225,6.44,-2.812
EFT:-9.25,-1.118,4.383,6.13,-2.164,-4.773,-9.43,2.266,6.438,-2.809
Random247
Raw:-9.24,-1.123,4.387,6.12,-2.17,-4.773,-9.42,2.252,6.44,-2.818
EFT:-9.25,-1.119,4.383,6.13,-2.164,-4.773,-9.43,2.266,6.438,-2.809
Random248
Raw:-9.25,-1.119,4.387,6.137,-2.17,-4.777,-9.44,2.262,6.44,-2.81
EFT:-9.25,-1.119,4.383,6.13,-2.164,-4.773,-9.43,2.266,6.438,-2.809
Random249
Raw:-9.25,-1.123,4.383,6.13,-2.162,-4.766,-9.414,2.264,6.43,-2.807
EFT:-9.25,-1.118,4.383,6.13,-2.164,-4.773,-9.43,2.266,6.438,-2.809
Random250
Raw:-9.266,-1.121,4.387,6.14,-2.172,-4.78,-9.45,2.266,6.445,-2.812
EFT:-9.25,-1.119,4.383,6.13,-2.164,-4.773,-9.43,2.266,6.438,-2.809
Random251
Raw:-9.25,-1.102,4.4,6.14,-2.15,-4.746,-9.4,2.285,6.43,-2.809
EFT:-9.25,-1.118,4.383,6.13,-2.164,-4.773,-9.43,2.266,6.438,-2.809
Random252
Raw:-9.25,-1.109,4.395,6.137,-2.156,-4.76,-9.42,2.27,6.438,-2.812
EFT:-9.25,-1.118,4.383,6.13,-2.164,-4.773,-9.43,2.266,6.438,-2.809
Random253
Raw:-9.234,-1.109,4.387,6.133,-2.152,-4.75,-9.4,2.27,6.43,-2.8
EFT:-9.25,-1.119,4.383,6.13,-2.164,-4.773,-9.43,2.266,6.438,-2.809
Random254
Raw:-9.25,-1.137,4.36,6.113,-2.174,-4.785,-9.445,2.248,6.445,-2.809
EFT:-9.25,-1.119,4.383,6.13,-2.164,-4.773,-9.43,2.266,6.438,-2.809
Random255
Raw:-9.27,-1.113,4.402,6.15,-2.174,-4.773,-9.44,2.271,6.45,-2.82
EFT:-9.25,-1.118,4.383,6.13,-2.164,-4.773,-9.43,2.266,6.438,-2.809
Random256
Raw:-9.24,-1.088,4.418,6.16,-2.143,-4.74,-9.39,2.295,6.43,-2.803
EFT:-9.25,-1.118,4.383,6.13,-2.164,-4.773,-9.43,2.266,6.438,-2.809
Random257
Raw:-9.27,-1.119,4.387,6.156,-2.164,-4.773,-9.47,2.283,6.44,-2.8
EFT:-9.25,-1.119,4.383,6.13,-2.164,-4.773,-9.43,2.266,6.438,-2.809
Random258
Raw:-9.25,-1.125,4.363,6.12,-2.162,-4.78,-9.45,2.26,6.438,-2.803
EFT:-9.25,-1.118,4.383,6.13,-2.164,-4.773,-9.43,2.266,6.438,-2.809
Random259
Raw:-9.25,-1.105,4.402,6.15,-2.16,-4.746,-9.4,2.281,6.42,-2.81
EFT:-9.25,-1.119,4.383,6.13,-2.164,-4.773,-9.43,2.266,6.438,-2.809
Random260
Raw:-9.266,-1.121,4.387,6.145,-2.164,-4.777,-9.45,2.27,6.438,-2.807
EFT:-9.25,-1.118,4.383,6.13,-2.164,-4.773,-9.43,2.266,6.438,-2.809
Random261
Raw:-9.28,-1.113,4.395,6.15,-2.17,-4.78,-9.45,2.277,6.44,-2.812
EFT:-9.25,-1.119,4.383,6.13,-2.164,-4.773,-9.43,2.266,6.438,-2.809
Random262
Raw:-9.26,-1.1,4.402,6.152,-2.15,-4.75,-9.42,2.283,6.438,-2.807
EFT:-9.25,-1.119,4.383,6.13,-2.164,-4.773,-9.43,2.266,6.438,-2.809
Random263
Raw:-9.25,-1.129,4.363,6.12,-2.17,-4.78,-9.45,2.258,6.434,-2.805
EFT:-9.25,-1.119,4.383,6.13,-2.164,-4.773,-9.43,2.266,6.438,-2.809
Random264
Raw:-9.25,-1.064,4.473,6.18,-2.137,-4.71,-9.34,2.314,6.426,-2.828
EFT:-9.25,-1.118,4.383,6.13,-2.164,-4.773,-9.43,2.266,6.438,-2.809
Random265
Raw:-9.25,-1.109,4.42,6.137,-2.168,-4.754,-9.38,2.264,6.438,-2.838
EFT:-9.25,-1.119,4.383,6.13,-2.164,-4.773,-9.43,2.266,6.438,-2.809
Random266
Raw:-9.266,-1.145,4.344,6.11,-2.178,-4.81,-9.484,2.238,6.453,-2.805
EFT:-9.25,-1.118,4.383,6.13,-2.164,-4.773,-9.43,2.266,6.438,-2.809
Random267
Raw:-9.25,-1.125,4.383,6.13,-2.17,-4.766,-9.414,2.25,6.445,-2.81
EFT:-9.25,-1.119,4.383,6.13,-2.164,-4.773,-9.43,2.266,6.438,-2.809
Random268
Raw:-9.234,-1.1,4.402,6.14,-2.15,-4.742,-9.39,2.28,6.426,-2.805
EFT:-9.25,-1.119,4.383,6.13,-2.164,-4.773,-9.43,2.266,6.438,-2.809
Random269
Raw:-9.266,-1.09,4.418,6.17,-2.145,-4.75,-9.44,2.309,6.45,-2.8
EFT:-9.25,-1.118,4.383,6.13,-2.164,-4.773,-9.43,2.266,6.438,-2.809
Random270
Raw:-9.27,-1.121,4.383,6.137,-2.17,-4.78,-9.45,2.271,6.445,-2.816
EFT:-9.25,-1.119,4.383,6.13,-2.164,-4.773,-9.43,2.266,6.438,-2.809
Random271
Raw:-9.28,-1.107,4.42,6.156,-2.174,-4.766,-9.42,2.277,6.453,-2.83
EFT:-9.25,-1.118,4.383,6.13,-2.164,-4.773,-9.43,2.266,6.438,-2.809
Random272
Raw:-9.24,-1.12,4.36,6.133,-2.146,-4.773,-9.45,2.275,6.434,-2.781
EFT:-9.25,-1.119,4.383,6.13,-2.164,-4.773,-9.43,2.266,6.438,-2.809
Random273
Raw:-9.266,-1.125,4.38,6.12,-2.178,-4.79,-9.44,2.25,6.445,-2.814
EFT:-9.25,-1.119,4.383,6.13,-2.164,-4.773,-9.43,2.266,6.438,-2.809
Random274
Raw:-9.25,-1.107,4.4,6.133,-2.162,-4.75,-9.4,2.268,6.43,-2.816
EFT:-9.25,-1.119,4.383,6.13,-2.164,-4.773,-9.43,2.266,6.438,-2.809
Random275
Raw:-9.26,-1.107,4.402,6.15,-2.152,-4.758,-9.42,2.283,6.438,-2.799
EFT:-9.25,-1.119,4.383,6.13,-2.164,-4.773,-9.43,2.266,6.438,-2.809
Random276
Raw:-9.26,-1.135,4.355,6.113,-2.176,-4.793,-9.45,2.244,6.438,-2.805
EFT:-9.25,-1.119,4.383,6.13,-2.164,-4.773,-9.43,2.266,6.438,-2.809
Random277
Raw:-9.26,-1.119,4.39,6.133,-2.158,-4.773,-9.44,2.268,6.438,-2.807
EFT:-9.25,-1.118,4.383,6.13,-2.164,-4.773,-9.43,2.266,6.438,-2.809
Random278
Raw:-9.266,-1.121,4.38,6.133,-2.168,-4.78,-9.45,2.258,6.44,-2.812
EFT:-9.25,-1.119,4.383,6.13,-2.164,-4.773,-9.43,2.266,6.438,-2.809
Random279
Raw:-9.24,-1.133,4.363,6.1,-2.182,-4.773,-9.42,2.234,6.43,-2.816
EFT:-9.25,-1.118,4.383,6.13,-2.164,-4.773,-9.43,2.266,6.438,-2.809
Random280
Raw:-9.26,-1.119,4.367,6.137,-2.168,-4.777,-9.445,2.27,6.438,-2.807
EFT:-9.25,-1.119,4.383,6.13,-2.164,-4.773,-9.43,2.266,6.438,-2.809
Random281
Raw:-9.25,-1.121,4.375,6.13,-2.166,-4.766,-9.42,2.268,6.434,-2.809
EFT:-9.25,-1.118,4.383,6.13,-2.164,-4.773,-9.43,2.266,6.438,-2.809
Random282
Raw:-9.266,-1.109,4.395,6.15,-2.156,-4.766,-9.44,2.277,6.438,-2.809
EFT:-9.25,-1.119,4.383,6.13,-2.164,-4.773,-9.43,2.266,6.438,-2.809
Random283
Raw:-9.26,-1.108,4.39,6.14,-2.158,-4.754,-9.43,2.277,6.43,-2.803
EFT:-9.25,-1.119,4.383,6.13,-2.164,-4.773,-9.43,2.266,6.438,-2.809
Random284
Raw:-9.234,-1.139,4.355,6.1,-2.174,-4.78,-9.44,2.24,6.434,-2.807
EFT:-9.25,-1.118,4.383,6.13,-2.164,-4.773,-9.43,2.266,6.438,-2.809
Random285
Raw:-9.24,-1.096,4.406,6.15,-2.152,-4.742,-9.4,2.29,6.42,-2.8
EFT:-9.25,-1.119,4.383,6.13,-2.164,-4.773,-9.43,2.266,6.438,-2.809
Random286
Raw:-9.27,-1.141,4.37,6.125,-2.178,-4.793,-9.47,2.244,6.457,-2.814
EFT:-9.25,-1.119,4.383,6.13,-2.164,-4.773,-9.43,2.266,6.438,-2.809
Random287
Raw:-9.25,-1.129,4.367,6.12,-2.174,-4.773,-9.42,2.252,6.434,-2.81
EFT:-9.25,-1.118,4.383,6.13,-2.164,-4.773,-9.43,2.266,6.438,-2.809
Random288
Raw:-9.27,-1.105,4.4,6.16,-2.158,-4.76,-9.44,2.29,6.438,-2.8
EFT:-9.25,-1.118,4.383,6.13,-2.164,-4.773,-9.43,2.266,6.438,-2.809
Random289
Raw:-9.25,-1.129,4.37,6.125,-2.178,-4.78,-9.45,2.256,6.438,-2.81
EFT:-9.25,-1.119,4.383,6.13,-2.164,-4.773,-9.43,2.266,6.438,-2.809
Random290
Raw:-9.24,-1.111,4.402,6.137,-2.154,-4.76,-9.414,2.27,6.44,-2.816
EFT:-9.25,-1.119,4.383,6.13,-2.164,-4.773,-9.43,2.266,6.438,-2.809
Random291
Raw:-9.25,-1.137,4.363,6.113,-2.178,-4.78,-9.44,2.244,6.438,-2.812
EFT:-9.25,-1.119,4.383,6.13,-2.164,-4.773,-9.43,2.266,6.438,-2.809
Random292
Raw:-9.26,-1.123,4.383,6.13,-2.17,-4.78,-9.45,2.256,6.438,-2.81
EFT:-9.25,-1.119,4.383,6.13,-2.164,-4.773,-9.43,2.266,6.438,-2.809
Random293
Raw:-9.25,-1.134,4.38,6.117,-2.17,-4.777,-9.43,2.248,6.44,-2.812
EFT:-9.25,-1.119,4.383,6.13,-2.164,-4.773,-9.43,2.266,6.438,-2.809
Random294
Raw:-9.26,-1.131,4.367,6.125,-2.17,-4.78,-9.44,2.252,6.44,-2.809
EFT:-9.25,-1.119,4.383,6.13,-2.164,-4.773,-9.43,2.266,6.438,-2.809
Random295
Raw:-9.24,-1.104,4.395,6.14,-2.154,-4.746,-9.39,2.275,6.43,-2.8
EFT:-9.25,-1.119,4.383,6.13,-2.164,-4.773,-9.43,2.266,6.438,-2.809
Random296
Raw:-9.25,-1.156,4.336,6.09,-2.193,-4.81,-9.48,2.22,6.45,-2.812
EFT:-9.25,-1.118,4.383,6.13,-2.164,-4.773,-9.43,2.266,6.438,-2.809
Random297
Raw:-9.25,-1.115,4.39,6.14,-2.16,-4.76,-9.42,2.271,6.438,-2.809
EFT:-9.25,-1.118,4.383,6.13,-2.164,-4.773,-9.43,2.266,6.438,-2.809
Random298
Raw:-9.25,-1.156,4.324,6.094,-2.186,-4.805,-9.48,2.225,6.44,-2.812
EFT:-9.25,-1.118,4.383,6.13,-2.164,-4.773,-9.43,2.266,6.438,-2.809
Random299
Raw:-9.234,-1.148,4.344,6.09,-2.186,-4.785,-9.44,2.22,6.434,-2.812
EFT:-9.25,-1.119,4.383,6.13,-2.164,-4.773,-9.43,2.266,6.438,-2.809
Random300
Raw:-9.266,-1.13,4.367,6.125,-2.176,-4.79,-9.47,2.252,6.445,-2.81
EFT:-9.25,-1.118,4.383,6.13,-2.164,-4.773,-9.43,2.266,6.438,-2.809
