Original
-0.691338709480617,30.738551317898878,-7.52994729546359,-1.9255182138406068,-16.05309567672158,-37.36210612286191,-13.10644337192262,-44.04760835706735,-9.890194450731027,-25.842003066443837
Ascend
-0.6913387094806179,30.738551317898867,-7.529947295463591,-1.925518213840609,-16.053095676721576,-37.3621061228619,-13.106443371922618,-44.04760835706733,-9.890194450731025,-25.84200306644383
Descend
-0.6913387094806185,30.73855131789886,-7.5299472954635895,-1.9255182138406055,-16.053095676721576,-37.362106122861896,-13.106443371922614,-44.04760835706734,-9.890194450731027,-25.84200306644383
Random1
Raw:-0.6913387094806228,30.73855131789888,-7.529947295463611,-1.9255182138406282,-16.053095676721608,-37.362106122861924,-13.106443371922653,-44.04760835706738,-9.890194450731041,-25.842003066443866
EFT:-0.6913387094806175,30.73855131789886,-7.529947295463584,-1.9255182138406006,-16.05309567672157,-37.362106122861896,-13.10644337192261,-44.04760835706732,-9.890194450731023,-25.842003066443826
Random2
Raw:-0.6913387094806233,30.738551317898878,-7.529947295463607,-1.925518213840618,-16.0530956767216,-37.36210612286192,-13.10644337192264,-44.04760835706736,-9.890194450731038,-25.84200306644385
EFT:-0.6913387094806175,30.73855131789886,-7.529947295463584,-1.9255182138406006,-16.05309567672157,-37.362106122861896,-13.10644337192261,-44.04760835706732,-9.890194450731023,-25.842003066443826
Random3
Raw:-0.6913387094806126,30.738551317898878,-7.529947295463591,-1.9255182138406002,-16.05309567672158,-37.36210612286191,-13.10644337192262,-44.04760835706736,-9.890194450731027,-25.84200306644385
EFT:-0.6913387094806175,30.73855131789886,-7.529947295463584,-1.9255182138406006,-16.05309567672157,-37.362106122861896,-13.10644337192261,-44.04760835706732,-9.890194450731023,-25.842003066443823
Random4
Raw:-0.691338709480611,30.73855131789886,-7.529947295463585,-1.9255182138405966,-16.05309567672157,-37.362106122861896,-13.106443371922609,-44.04760835706734,-9.89019445073102,-25.842003066443837
EFT:-0.6913387094806175,30.73855131789886,-7.529947295463584,-1.9255182138406006,-16.05309567672157,-37.362106122861896,-13.10644337192261,-44.04760835706732,-9.890194450731023,-25.842003066443826
Random5
Raw:-0.6913387094806233,30.738551317898878,-7.5299472954636135,-1.9255182138406304,-16.053095676721608,-37.36210612286192,-13.10644337192265,-44.04760835706737,-9.890194450731038,-25.84200306644386
EFT:-0.6913387094806175,30.73855131789886,-7.529947295463584,-1.9255182138406006,-16.05309567672157,-37.362106122861896,-13.10644337192261,-44.04760835706732,-9.890194450731023,-25.842003066443823
Random6
Raw:-0.6913387094806179,30.738551317898875,-7.529947295463611,-1.925518213840621,-16.0530956767216,-37.36210612286191,-13.10644337192264,-44.04760835706737,-9.890194450731036,-25.84200306644386
EFT:-0.6913387094806175,30.73855131789886,-7.529947295463584,-1.9255182138406006,-16.05309567672157,-37.362106122861896,-13.10644337192261,-44.04760835706732,-9.890194450731023,-25.842003066443823
Random7
Raw:-0.6913387094806184,30.73855131789887,-7.529947295463598,-1.9255182138406104,-16.053095676721586,-37.3621061228619,-13.106443371922627,-44.047608357067354,-9.89019445073103,-25.842003066443844
EFT:-0.6913387094806175,30.73855131789886,-7.529947295463584,-1.9255182138406006,-16.05309567672157,-37.362106122861896,-13.10644337192261,-44.04760835706732,-9.890194450731023,-25.842003066443823
Random8
Raw:-0.6913387094806144,30.738551317898853,-7.529947295463582,-1.9255182138406002,-16.053095676721565,-37.36210612286189,-13.106443371922603,-44.047608357067304,-9.890194450731022,-25.842003066443816
EFT:-0.6913387094806175,30.73855131789886,-7.529947295463584,-1.9255182138406006,-16.05309567672157,-37.362106122861896,-13.10644337192261,-44.04760835706732,-9.890194450731023,-25.842003066443823
Random9
Raw:-0.6913387094806197,30.738551317898867,-7.529947295463612,-1.925518213840625,-16.0530956767216,-37.36210612286191,-13.106443371922643,-44.04760835706737,-9.89019445073104,-25.842003066443866
EFT:-0.6913387094806175,30.73855131789886,-7.529947295463584,-1.9255182138406006,-16.05309567672157,-37.362106122861896,-13.10644337192261,-44.04760835706732,-9.890194450731023,-25.842003066443823
Random10
Raw:-0.6913387094806179,30.73855131789887,-7.529947295463597,-1.9255182138406108,-16.053095676721586,-37.36210612286191,-13.106443371922625,-44.04760835706735,-9.89019445073103,-25.842003066443837
EFT:-0.6913387094806175,30.73855131789886,-7.529947295463584,-1.9255182138406006,-16.053095676721572,-37.362106122861896,-13.10644337192261,-44.04760835706732,-9.890194450731023,-25.842003066443823
Random11
Raw:-0.6913387094806186,30.738551317898867,-7.529947295463587,-1.9255182138406037,-16.053095676721572,-37.362106122861896,-13.106443371922614,-44.047608357067325,-9.890194450731027,-25.84200306644383
EFT:-0.6913387094806175,30.73855131789886,-7.529947295463584,-1.9255182138406006,-16.05309567672157,-37.362106122861896,-13.10644337192261,-44.04760835706732,-9.890194450731023,-25.842003066443823
Random12
Raw:-0.6913387094806216,30.738551317898878,-7.529947295463602,-1.9255182138406215,-16.053095676721597,-37.36210612286192,-13.106443371922643,-44.04760835706737,-9.890194450731038,-25.84200306644385
EFT:-0.6913387094806175,30.73855131789886,-7.529947295463584,-1.9255182138406006,-16.05309567672157,-37.362106122861896,-13.10644337192261,-44.04760835706732,-9.890194450731023,-25.842003066443823
Random13
Raw:-0.6913387094806179,30.73855131789886,-7.529947295463591,-1.9255182138406055,-16.05309567672158,-37.3621061228619,-13.106443371922616,-44.04760835706733,-9.890194450731025,-25.84200306644383
EFT:-0.6913387094806175,30.73855131789886,-7.529947295463584,-1.9255182138406006,-16.05309567672157,-37.362106122861896,-13.10644337192261,-44.04760835706732,-9.890194450731023,-25.842003066443823
Random14
Raw:-0.6913387094806162,30.73855131789887,-7.5299472954635895,-1.9255182138406068,-16.05309567672158,-37.36210612286192,-13.106443371922628,-44.047608357067354,-9.890194450731027,-25.842003066443844
EFT:-0.6913387094806175,30.73855131789886,-7.529947295463584,-1.9255182138406006,-16.05309567672157,-37.362106122861896,-13.10644337192261,-44.04760835706732,-9.890194450731023,-25.842003066443823
Random15
Raw:-0.6913387094806126,30.738551317898878,-7.529947295463588,-1.925518213840601,-16.053095676721576,-37.36210612286192,-13.10644337192262,-44.047608357067354,-9.890194450731025,-25.842003066443844
EFT:-0.6913387094806175,30.73855131789886,-7.529947295463584,-1.9255182138406006,-16.05309567672157,-37.362106122861896,-13.10644337192261,-44.04760835706732,-9.890194450731023,-25.842003066443823
Random16
Raw:-0.6913387094806126,30.738551317898864,-7.529947295463585,-1.9255182138405966,-16.05309567672157,-37.3621061228619,-13.106443371922609,-44.04760835706733,-9.890194450731027,-25.842003066443844
EFT:-0.6913387094806175,30.73855131789886,-7.529947295463584,-1.9255182138406006,-16.05309567672157,-37.362106122861896,-13.10644337192261,-44.04760835706732,-9.890194450731023,-25.842003066443823
Random17
Raw:-0.6913387094806133,30.738551317898867,-7.529947295463579,-1.9255182138405962,-16.053095676721565,-37.3621061228619,-13.106443371922605,-44.04760835706733,-9.890194450731027,-25.842003066443837
EFT:-0.6913387094806175,30.73855131789886,-7.529947295463584,-1.9255182138406006,-16.05309567672157,-37.362106122861896,-13.10644337192261,-44.04760835706732,-9.890194450731023,-25.842003066443826
Random18
Raw:-0.6913387094806179,30.738551317898867,-7.529947295463603,-1.925518213840617,-16.05309567672159,-37.3621061228619,-13.10644337192263,-44.04760835706735,-9.890194450731034,-25.842003066443844
EFT:-0.6913387094806175,30.73855131789886,-7.529947295463584,-1.9255182138406006,-16.05309567672157,-37.362106122861896,-13.10644337192261,-44.04760835706732,-9.890194450731023,-25.842003066443823
Random19
Raw:-0.6913387094806019,30.73855131789886,-7.5299472954635736,-1.9255182138405833,-16.053095676721554,-37.362106122861896,-13.106443371922591,-44.047608357067325,-9.890194450731018,-25.842003066443837
EFT:-0.6913387094806175,30.73855131789886,-7.529947295463584,-1.9255182138406006,-16.05309567672157,-37.362106122861896,-13.10644337192261,-44.04760835706732,-9.890194450731023,-25.842003066443823
Random20
Raw:-0.691338709480609,30.738551317898864,-7.529947295463585,-1.9255182138405948,-16.05309567672157,-37.36210612286189,-13.106443371922605,-44.047608357067325,-9.890194450731023,-25.842003066443837
EFT:-0.6913387094806175,30.73855131789886,-7.529947295463584,-1.9255182138406006,-16.05309567672157,-37.362106122861896,-13.10644337192261,-44.04760835706732,-9.890194450731023,-25.842003066443823
Random21
Raw:-0.6913387094806119,30.738551317898864,-7.529947295463585,-1.925518213840597,-16.05309567672157,-37.3621061228619,-13.106443371922612,-44.04760835706734,-9.89019445073102,-25.84200306644383
EFT:-0.6913387094806175,30.73855131789886,-7.529947295463584,-1.9255182138406006,-16.053095676721572,-37.362106122861896,-13.10644337192261,-44.04760835706732,-9.890194450731023,-25.842003066443823
Random22
Raw:-0.691338709480619,30.738551317898885,-7.529947295463591,-1.9255182138406108,-16.053095676721586,-37.362106122861924,-13.106443371922628,-44.04760835706736,-9.89019445073103,-25.842003066443844
EFT:-0.6913387094806175,30.73855131789886,-7.529947295463584,-1.9255182138406006,-16.05309567672157,-37.362106122861896,-13.10644337192261,-44.04760835706732,-9.890194450731023,-25.842003066443823
Random23
Raw:-0.6913387094806197,30.738551317898892,-7.529947295463615,-1.925518213840626,-16.053095676721608,-37.36210612286193,-13.106443371922653,-44.047608357067396,-9.890194450731034,-25.842003066443866
EFT:-0.6913387094806175,30.73855131789886,-7.529947295463584,-1.9255182138406006,-16.053095676721572,-37.362106122861896,-13.10644337192261,-44.04760835706732,-9.890194450731023,-25.842003066443823
Random24
Raw:-0.6913387094806179,30.73855131789887,-7.529947295463599,-1.925518213840609,-16.053095676721586,-37.36210612286191,-13.106443371922628,-44.047608357067354,-9.890194450731027,-25.842003066443844
EFT:-0.6913387094806175,30.73855131789886,-7.529947295463584,-1.9255182138406006,-16.05309567672157,-37.362106122861896,-13.10644337192261,-44.04760835706732,-9.890194450731023,-25.842003066443823
Random25
Raw:-0.6913387094806144,30.738551317898878,-7.529947295463597,-1.9255182138406086,-16.053095676721586,-37.36210612286192,-13.106443371922627,-44.04760835706736,-9.890194450731034,-25.84200306644385
EFT:-0.6913387094806175,30.73855131789886,-7.529947295463584,-1.9255182138406006,-16.05309567672157,-37.362106122861896,-13.10644337192261,-44.04760835706732,-9.890194450731023,-25.842003066443823
Random26
Raw:-0.6913387094806073,30.73855131789887,-7.529947295463583,-1.925518213840594,-16.05309567672157,-37.3621061228619,-13.106443371922609,-44.04760835706734,-9.890194450731022,-25.842003066443837
EFT:-0.6913387094806175,30.73855131789886,-7.529947295463584,-1.9255182138406006,-16.05309567672157,-37.362106122861896,-13.10644337192261,-44.04760835706732,-9.890194450731023,-25.842003066443823
Random27
Raw:-0.6913387094806215,30.738551317898878,-7.529947295463612,-1.9255182138406246,-16.053095676721604,-37.36210612286192,-13.106443371922648,-44.047608357067375,-9.890194450731036,-25.84200306644386
EFT:-0.6913387094806175,30.73855131789886,-7.529947295463584,-1.9255182138406006,-16.05309567672157,-37.362106122861896,-13.10644337192261,-44.04760835706732,-9.890194450731023,-25.842003066443823
Random28
Raw:-0.6913387094806173,30.738551317898864,-7.529947295463588,-1.925518213840602,-16.053095676721576,-37.3621061228619,-13.106443371922614,-44.047608357067325,-9.890194450731027,-25.842003066443837
EFT:-0.6913387094806175,30.73855131789886,-7.529947295463584,-1.9255182138406006,-16.05309567672157,-37.362106122861896,-13.10644337192261,-44.04760835706732,-9.890194450731023,-25.842003066443823
Random29
Raw:-0.6913387094806144,30.73855131789887,-7.529947295463584,-1.9255182138405948,-16.053095676721572,-37.36210612286191,-13.106443371922612,-44.04760835706734,-9.890194450731027,-25.842003066443844
EFT:-0.6913387094806175,30.73855131789886,-7.529947295463584,-1.9255182138406006,-16.05309567672157,-37.362106122861896,-13.10644337192261,-44.04760835706732,-9.890194450731023,-25.842003066443823
Random30
Raw:-0.6913387094806148,30.73855131789888,-7.529947295463604,-1.9255182138406162,-16.053095676721597,-37.36210612286192,-13.106443371922639,-44.047608357067375,-9.890194450731038,-25.842003066443866
EFT:-0.6913387094806175,30.73855131789886,-7.529947295463584,-1.9255182138406006,-16.05309567672157,-37.362106122861896,-13.10644337192261,-44.04760835706732,-9.890194450731023,-25.842003066443826
Random31
Raw:-0.6913387094806215,30.738551317898878,-7.529947295463605,-1.9255182138406224,-16.0530956767216,-37.36210612286192,-13.10644337192264,-44.04760835706737,-9.890194450731036,-25.84200306644385
EFT:-0.6913387094806175,30.73855131789886,-7.529947295463584,-1.9255182138406006,-16.05309567672157,-37.362106122861896,-13.10644337192261,-44.04760835706732,-9.890194450731023,-25.842003066443823
Random32
Raw:-0.6913387094806122,30.738551317898857,-7.52994729546359,-1.925518213840602,-16.053095676721576,-37.36210612286189,-13.106443371922612,-44.04760835706733,-9.890194450731022,-25.84200306644383
EFT:-0.6913387094806175,30.73855131789886,-7.529947295463584,-1.9255182138406006,-16.05309567672157,-37.362106122861896,-13.10644337192261,-44.04760835706732,-9.890194450731023,-25.842003066443823
Random33
Raw:-0.6913387094806215,30.738551317898885,-7.52994729546362,-1.9255182138406322,-16.053095676721615,-37.36210612286193,-13.106443371922657,-44.04760835706739,-9.890194450731043,-25.842003066443873
EFT:-0.6913387094806175,30.73855131789886,-7.529947295463584,-1.9255182138406006,-16.05309567672157,-37.362106122861896,-13.10644337192261,-44.04760835706732,-9.890194450731023,-25.842003066443826
Random34
Raw:-0.6913387094806179,30.738551317898864,-7.529947295463599,-1.9255182138406144,-16.053095676721586,-37.36210612286191,-13.106443371922628,-44.04760835706735,-9.890194450731029,-25.842003066443837
EFT:-0.6913387094806175,30.73855131789886,-7.529947295463584,-1.9255182138406006,-16.05309567672157,-37.362106122861896,-13.10644337192261,-44.04760835706732,-9.890194450731023,-25.842003066443826
Random35
Raw:-0.6913387094806108,30.738551317898878,-7.529947295463584,-1.9255182138405966,-16.053095676721572,-37.36210612286191,-13.106443371922612,-44.047608357067354,-9.890194450731027,-25.842003066443844
EFT:-0.6913387094806175,30.73855131789886,-7.529947295463584,-1.9255182138406006,-16.05309567672157,-37.362106122861896,-13.10644337192261,-44.04760835706732,-9.890194450731023,-25.842003066443823
Random36
Raw:-0.6913387094806144,30.738551317898864,-7.529947295463585,-1.9255182138405975,-16.05309567672157,-37.362106122861896,-13.106443371922605,-44.047608357067325,-9.890194450731027,-25.842003066443837
EFT:-0.6913387094806175,30.73855131789886,-7.529947295463584,-1.9255182138406006,-16.05309567672157,-37.362106122861896,-13.10644337192261,-44.04760835706732,-9.890194450731023,-25.842003066443823
Random37
Raw:-0.6913387094806162,30.738551317898878,-7.529947295463604,-1.9255182138406144,-16.05309567672159,-37.3621061228619,-13.106443371922635,-44.04760835706737,-9.890194450731032,-25.84200306644386
EFT:-0.6913387094806175,30.73855131789886,-7.529947295463584,-1.9255182138406006,-16.05309567672157,-37.362106122861896,-13.10644337192261,-44.04760835706732,-9.890194450731023,-25.842003066443823
Random38
Raw:-0.6913387094806119,30.738551317898867,-7.529947295463586,-1.9255182138405984,-16.053095676721572,-37.3621061228619,-13.10644337192261,-44.04760835706734,-9.890194450731023,-25.842003066443837
EFT:-0.6913387094806175,30.73855131789886,-7.529947295463584,-1.9255182138406006,-16.05309567672157,-37.362106122861896,-13.10644337192261,-44.04760835706732,-9.890194450731023,-25.842003066443823
Random39
Raw:-0.6913387094806135,30.738551317898864,-7.529947295463585,-1.9255182138406002,-16.053095676721572,-37.362106122861896,-13.106443371922605,-44.047608357067325,-9.89019445073103,-25.842003066443837
EFT:-0.6913387094806175,30.73855131789886,-7.529947295463584,-1.9255182138406006,-16.053095676721572,-37.362106122861896,-13.10644337192261,-44.04760835706732,-9.890194450731023,-25.842003066443826
Random40
Raw:-0.6913387094806215,30.738551317898878,-7.529947295463616,-1.9255182138406268,-16.053095676721604,-37.36210612286192,-13.106443371922648,-44.04760835706737,-9.89019445073104,-25.84200306644386
EFT:-0.6913387094806175,30.73855131789886,-7.529947295463584,-1.9255182138406006,-16.053095676721572,-37.362106122861896,-13.10644337192261,-44.04760835706732,-9.890194450731023,-25.842003066443823
Random41
Raw:-0.6913387094806197,30.738551317898857,-7.529947295463587,-1.9255182138406055,-16.053095676721572,-37.36210612286189,-13.106443371922612,-44.04760835706732,-9.890194450731025,-25.84200306644383
EFT:-0.6913387094806175,30.73855131789886,-7.529947295463584,-1.9255182138406006,-16.05309567672157,-37.362106122861896,-13.10644337192261,-44.04760835706732,-9.890194450731023,-25.842003066443823
Random42
Raw:-0.691338709480623,30.738551317898864,-7.529947295463602,-1.9255182138406233,-16.053095676721593,-37.36210612286191,-13.106443371922637,-44.04760835706735,-9.890194450731034,-25.842003066443844
EFT:-0.6913387094806175,30.73855131789886,-7.529947295463584,-1.9255182138406006,-16.05309567672157,-37.362106122861896,-13.10644337192261,-44.04760835706732,-9.890194450731023,-25.842003066443823
Random43
Raw:-0.6913387094806224,30.738551317898875,-7.529947295463596,-1.9255182138406162,-16.05309567672159,-37.36210612286192,-13.106443371922634,-44.04760835706736,-9.890194450731034,-25.842003066443844
EFT:-0.6913387094806175,30.73855131789886,-7.529947295463584,-1.9255182138406006,-16.05309567672157,-37.362106122861896,-13.10644337192261,-44.04760835706732,-9.890194450731023,-25.842003066443823
Random44
Raw:-0.6913387094806179,30.738551317898878,-7.529947295463593,-1.9255182138406126,-16.05309567672159,-37.36210612286192,-13.106443371922627,-44.047608357067354,-9.89019445073103,-25.842003066443844
EFT:-0.6913387094806175,30.73855131789886,-7.529947295463584,-1.9255182138406006,-16.05309567672157,-37.362106122861896,-13.10644337192261,-44.04760835706732,-9.890194450731023,-25.842003066443823
Random45
Raw:-0.691338709480625,30.738551317898878,-7.529947295463609,-1.9255182138406277,-16.053095676721604,-37.362106122861924,-13.106443371922648,-44.04760835706737,-9.890194450731038,-25.84200306644385
EFT:-0.6913387094806175,30.73855131789886,-7.529947295463584,-1.9255182138406006,-16.05309567672157,-37.362106122861896,-13.10644337192261,-44.04760835706732,-9.890194450731023,-25.842003066443823
Random46
Raw:-0.6913387094806227,30.738551317898875,-7.529947295463611,-1.9255182138406268,-16.053095676721604,-37.36210612286192,-13.106443371922651,-44.04760835706738,-9.890194450731038,-25.84200306644386
EFT:-0.6913387094806175,30.73855131789886,-7.529947295463584,-1.9255182138406006,-16.05309567672157,-37.362106122861896,-13.10644337192261,-44.04760835706732,-9.890194450731023,-25.842003066443823
Random47
Raw:-0.691338709480619,30.73855131789887,-7.5299472954636,-1.9255182138406153,-16.05309567672159,-37.36210612286191,-13.106443371922632,-44.04760835706735,-9.89019445073103,-25.842003066443844
EFT:-0.6913387094806175,30.73855131789886,-7.529947295463584,-1.9255182138406006,-16.05309567672157,-37.362106122861896,-13.10644337192261,-44.04760835706732,-9.890194450731023,-25.842003066443823
Random48
Raw:-0.6913387094806268,30.738551317898885,-7.529947295463616,-1.9255182138406322,-16.053095676721615,-37.362106122861924,-13.106443371922657,-44.04760835706738,-9.890194450731046,-25.842003066443866
EFT:-0.6913387094806175,30.73855131789886,-7.529947295463584,-1.9255182138406006,-16.05309567672157,-37.362106122861896,-13.10644337192261,-44.04760835706732,-9.890194450731023,-25.842003066443823
Random49
Raw:-0.6913387094806159,30.73855131789888,-7.529947295463602,-1.9255182138406144,-16.053095676721597,-37.362106122861924,-13.106443371922634,-44.047608357067375,-9.890194450731036,-25.842003066443866
EFT:-0.6913387094806175,30.73855131789886,-7.529947295463584,-1.9255182138406006,-16.05309567672157,-37.362106122861896,-13.10644337192261,-44.04760835706732,-9.890194450731023,-25.842003066443823
Random50
Raw:-0.691338709480609,30.73855131789887,-7.529947295463583,-1.925518213840594,-16.053095676721565,-37.3621061228619,-13.106443371922603,-44.04760835706733,-9.890194450731023,-25.842003066443837
EFT:-0.6913387094806175,30.73855131789886,-7.529947295463584,-1.9255182138406006,-16.05309567672157,-37.362106122861896,-13.10644337192261,-44.04760835706732,-9.890194450731023,-25.842003066443826
Random51
Raw:-0.6913387094806144,30.73855131789887,-7.5299472954635895,-1.9255182138406006,-16.053095676721576,-37.3621061228619,-13.106443371922612,-44.04760835706734,-9.890194450731027,-25.842003066443837
EFT:-0.6913387094806175,30.73855131789886,-7.529947295463584,-1.9255182138406006,-16.05309567672157,-37.362106122861896,-13.10644337192261,-44.04760835706732,-9.890194450731023,-25.842003066443826
Random52
Raw:-0.6913387094806188,30.738551317898878,-7.529947295463603,-1.925518213840618,-16.053095676721593,-37.362106122861924,-13.106443371922639,-44.04760835706736,-9.89019445073103,-25.84200306644385
EFT:-0.6913387094806175,30.73855131789886,-7.529947295463584,-1.9255182138406006,-16.05309567672157,-37.362106122861896,-13.10644337192261,-44.04760835706732,-9.890194450731023,-25.842003066443826
Random53
Raw:-0.6913387094806197,30.73855131789887,-7.529947295463596,-1.9255182138406122,-16.053095676721586,-37.3621061228619,-13.106443371922628,-44.047608357067354,-9.890194450731034,-25.842003066443844
EFT:-0.6913387094806175,30.73855131789886,-7.529947295463584,-1.9255182138406006,-16.05309567672157,-37.362106122861896,-13.10644337192261,-44.04760835706732,-9.890194450731023,-25.842003066443826
Random54
Raw:-0.6913387094806126,30.738551317898846,-7.529947295463573,-1.9255182138405913,-16.053095676721558,-37.362106122861874,-13.106443371922593,-44.0476083570673,-9.890194450731016,-25.84200306644381
EFT:-0.6913387094806175,30.73855131789886,-7.529947295463584,-1.9255182138406006,-16.05309567672157,-37.362106122861896,-13.10644337192261,-44.04760835706732,-9.890194450731023,-25.842003066443823
Random55
Raw:-0.6913387094806162,30.738551317898875,-7.529947295463611,-1.9255182138406224,-16.0530956767216,-37.36210612286191,-13.10644337192264,-44.04760835706737,-9.890194450731036,-25.84200306644386
EFT:-0.6913387094806175,30.73855131789886,-7.529947295463584,-1.9255182138406006,-16.05309567672157,-37.362106122861896,-13.10644337192261,-44.04760835706732,-9.890194450731023,-25.842003066443823
Random56
Raw:-0.6913387094806108,30.73855131789886,-7.529947295463584,-1.925518213840594,-16.053095676721565,-37.362106122861896,-13.106443371922605,-44.04760835706733,-9.890194450731022,-25.842003066443837
EFT:-0.6913387094806175,30.73855131789886,-7.529947295463584,-1.9255182138406006,-16.05309567672157,-37.362106122861896,-13.10644337192261,-44.04760835706732,-9.890194450731023,-25.842003066443823
Random57
Raw:-0.6913387094806142,30.73855131789887,-7.529947295463584,-1.9255182138406037,-16.053095676721576,-37.36210612286191,-13.10644337192261,-44.04760835706733,-9.890194450731029,-25.84200306644383
EFT:-0.6913387094806175,30.73855131789886,-7.529947295463584,-1.9255182138406006,-16.05309567672157,-37.362106122861896,-13.10644337192261,-44.04760835706732,-9.890194450731023,-25.842003066443826
Random58
Raw:-0.691338709480625,30.73855131789889,-7.529947295463619,-1.9255182138406313,-16.053095676721615,-37.36210612286193,-13.106443371922659,-44.04760835706739,-9.890194450731045,-25.842003066443873
EFT:-0.6913387094806175,30.73855131789886,-7.529947295463584,-1.9255182138406006,-16.05309567672157,-37.362106122861896,-13.10644337192261,-44.04760835706732,-9.890194450731023,-25.842003066443823
Random59
Raw:-0.6913387094806108,30.738551317898853,-7.529947295463577,-1.9255182138405948,-16.05309567672156,-37.36210612286189,-13.106443371922602,-44.04760835706731,-9.89019445073102,-25.842003066443823
EFT:-0.6913387094806175,30.73855131789886,-7.529947295463584,-1.9255182138406006,-16.05309567672157,-37.362106122861896,-13.10644337192261,-44.04760835706732,-9.890194450731023,-25.842003066443826
Random60
Raw:-0.6913387094806233,30.73855131789887,-7.529947295463615,-1.9255182138406268,-16.053095676721608,-37.36210612286192,-13.106443371922646,-44.04760835706736,-9.890194450731041,-25.84200306644385
EFT:-0.6913387094806175,30.73855131789886,-7.529947295463584,-1.9255182138406006,-16.05309567672157,-37.362106122861896,-13.10644337192261,-44.04760835706732,-9.890194450731023,-25.842003066443823
Random61
Raw:-0.6913387094806215,30.738551317898878,-7.529947295463608,-1.925518213840625,-16.053095676721608,-37.362106122861924,-13.106443371922644,-44.04760835706737,-9.890194450731041,-25.84200306644386
EFT:-0.6913387094806175,30.73855131789886,-7.529947295463584,-1.9255182138406006,-16.05309567672157,-37.362106122861896,-13.10644337192261,-44.04760835706732,-9.890194450731023,-25.842003066443826
Random62
Raw:-0.6913387094806126,30.73855131789887,-7.529947295463594,-1.9255182138406055,-16.053095676721583,-37.36210612286191,-13.106443371922625,-44.047608357067354,-9.890194450731029,-25.842003066443844
EFT:-0.6913387094806175,30.73855131789886,-7.529947295463584,-1.9255182138406006,-16.05309567672157,-37.362106122861896,-13.10644337192261,-44.04760835706732,-9.890194450731023,-25.842003066443826
Random63
Raw:-0.69133870948062,30.73855131789888,-7.529947295463602,-1.9255182138406188,-16.053095676721597,-37.362106122861924,-13.10644337192264,-44.04760835706737,-9.890194450731038,-25.84200306644386
EFT:-0.6913387094806175,30.73855131789886,-7.529947295463584,-1.9255182138406006,-16.05309567672157,-37.362106122861896,-13.10644337192261,-44.04760835706732,-9.890194450731023,-25.842003066443826
Random64
Raw:-0.6913387094806144,30.738551317898875,-7.5299472954636,-1.9255182138406086,-16.053095676721586,-37.3621061228619,-13.106443371922627,-44.047608357067354,-9.890194450731027,-25.84200306644385
EFT:-0.6913387094806175,30.73855131789886,-7.529947295463584,-1.9255182138406006,-16.05309567672157,-37.362106122861896,-13.10644337192261,-44.04760835706732,-9.890194450731023,-25.842003066443823
Random65
Raw:-0.6913387094806133,30.73855131789887,-7.529947295463597,-1.9255182138406086,-16.053095676721583,-37.3621061228619,-13.106443371922625,-44.04760835706735,-9.890194450731029,-25.84200306644385
EFT:-0.6913387094806175,30.73855131789886,-7.529947295463584,-1.9255182138406006,-16.05309567672157,-37.362106122861896,-13.10644337192261,-44.04760835706732,-9.890194450731023,-25.842003066443823
Random66
Raw:-0.6913387094806215,30.738551317898885,-7.5299472954636215,-1.925518213840634,-16.05309567672161,-37.362106122861924,-13.106443371922659,-44.04760835706739,-9.890194450731041,-25.842003066443873
EFT:-0.6913387094806175,30.73855131789886,-7.529947295463584,-1.9255182138406006,-16.05309567672157,-37.362106122861896,-13.10644337192261,-44.04760835706732,-9.890194450731023,-25.842003066443823
Random67
Raw:-0.6913387094806179,30.738551317898892,-7.5299472954636055,-1.9255182138406233,-16.053095676721604,-37.36210612286194,-13.106443371922644,-44.04760835706738,-9.890194450731038,-25.842003066443866
EFT:-0.6913387094806175,30.73855131789886,-7.529947295463584,-1.9255182138406006,-16.05309567672157,-37.362106122861896,-13.10644337192261,-44.04760835706732,-9.890194450731023,-25.842003066443823
Random68
Raw:-0.691338709480617,30.738551317898885,-7.529947295463608,-1.9255182138406215,-16.053095676721604,-37.36210612286193,-13.10644337192265,-44.04760835706739,-9.890194450731041,-25.842003066443873
EFT:-0.6913387094806175,30.73855131789886,-7.529947295463584,-1.9255182138406006,-16.05309567672157,-37.362106122861896,-13.10644337192261,-44.04760835706732,-9.890194450731023,-25.842003066443823
Random69
Raw:-0.691338709480617,30.738551317898878,-7.529947295463596,-1.9255182138406104,-16.053095676721583,-37.36210612286192,-13.106443371922628,-44.047608357067354,-9.890194450731027,-25.842003066443844
EFT:-0.6913387094806175,30.73855131789886,-7.529947295463584,-1.9255182138406006,-16.05309567672157,-37.362106122861896,-13.10644337192261,-44.04760835706732,-9.890194450731023,-25.842003066443826
Random70
Raw:-0.6913387094806188,30.738551317898867,-7.529947295463592,-1.925518213840609,-16.05309567672158,-37.36210612286191,-13.106443371922623,-44.047608357067354,-9.890194450731027,-25.842003066443837
EFT:-0.6913387094806175,30.73855131789886,-7.529947295463584,-1.9255182138406006,-16.05309567672157,-37.362106122861896,-13.10644337192261,-44.04760835706732,-9.890194450731023,-25.842003066443826
Random71
Raw:-0.6913387094806148,30.738551317898885,-7.529947295463607,-1.9255182138406162,-16.053095676721597,-37.36210612286193,-13.106443371922646,-44.047608357067396,-9.890194450731034,-25.84200306644388
EFT:-0.6913387094806175,30.73855131789886,-7.529947295463584,-1.9255182138406006,-16.05309567672157,-37.362106122861896,-13.10644337192261,-44.04760835706732,-9.890194450731023,-25.842003066443826
Random72
Raw:-0.6913387094806233,30.738551317898878,-7.5299472954636135,-1.9255182138406313,-16.053095676721608,-37.36210612286192,-13.106443371922651,-44.04760835706737,-9.890194450731041,-25.84200306644386
EFT:-0.6913387094806175,30.73855131789886,-7.529947295463584,-1.9255182138406006,-16.05309567672157,-37.362106122861896,-13.10644337192261,-44.04760835706732,-9.890194450731023,-25.842003066443823
Random73
Raw:-0.6913387094806162,30.738551317898857,-7.529947295463581,-1.9255182138405993,-16.053095676721565,-37.36210612286189,-13.106443371922605,-44.04760835706731,-9.890194450731018,-25.842003066443816
EFT:-0.6913387094806175,30.73855131789886,-7.529947295463584,-1.9255182138406006,-16.05309567672157,-37.362106122861896,-13.10644337192261,-44.04760835706732,-9.890194450731023,-25.842003066443823
Random74
Raw:-0.6913387094806119,30.738551317898867,-7.529947295463567,-1.925518213840586,-16.053095676721554,-37.3621061228619,-13.106443371922595,-44.04760835706732,-9.890194450731018,-25.842003066443823
EFT:-0.6913387094806175,30.73855131789886,-7.529947295463584,-1.9255182138406006,-16.053095676721572,-37.362106122861896,-13.10644337192261,-44.04760835706732,-9.890194450731023,-25.842003066443826
Random75
Raw:-0.6913387094806189,30.738551317898864,-7.529947295463595,-1.9255182138406086,-16.05309567672158,-37.362106122861896,-13.106443371922621,-44.04760835706734,-9.890194450731025,-25.842003066443837
EFT:-0.6913387094806175,30.73855131789886,-7.529947295463584,-1.9255182138406006,-16.05309567672157,-37.362106122861896,-13.10644337192261,-44.04760835706732,-9.890194450731023,-25.842003066443826
Random76
Raw:-0.6913387094806126,30.738551317898875,-7.529947295463588,-1.925518213840602,-16.053095676721576,-37.36210612286191,-13.106443371922616,-44.04760835706735,-9.890194450731022,-25.842003066443844
EFT:-0.6913387094806175,30.73855131789886,-7.529947295463584,-1.9255182138406006,-16.05309567672157,-37.362106122861896,-13.10644337192261,-44.04760835706732,-9.890194450731023,-25.842003066443823
Random77
Raw:-0.6913387094806184,30.73855131789887,-7.5299472954635975,-1.92551821384061,-16.053095676721586,-37.3621061228619,-13.106443371922623,-44.04760835706734,-9.890194450731034,-25.842003066443844
EFT:-0.6913387094806175,30.73855131789886,-7.529947295463584,-1.9255182138406006,-16.053095676721572,-37.362106122861896,-13.10644337192261,-44.04760835706732,-9.890194450731023,-25.842003066443823
Random78
Raw:-0.6913387094806176,30.738551317898864,-7.529947295463603,-1.9255182138406153,-16.05309567672159,-37.3621061228619,-13.106443371922627,-44.04760835706734,-9.89019445073103,-25.842003066443837
EFT:-0.6913387094806175,30.73855131789886,-7.529947295463584,-1.9255182138406006,-16.05309567672157,-37.362106122861896,-13.10644337192261,-44.04760835706732,-9.890194450731023,-25.842003066443823
Random79
Raw:-0.6913387094806189,30.738551317898864,-7.529947295463605,-1.9255182138406162,-16.05309567672159,-37.3621061228619,-13.10644337192263,-44.04760835706734,-9.890194450731029,-25.842003066443837
EFT:-0.6913387094806175,30.73855131789886,-7.529947295463584,-1.9255182138406006,-16.05309567672157,-37.362106122861896,-13.10644337192261,-44.04760835706732,-9.890194450731023,-25.842003066443823
Random80
Raw:-0.6913387094806179,30.73855131789887,-7.529947295463588,-1.9255182138406064,-16.05309567672158,-37.36210612286191,-13.10644337192262,-44.04760835706734,-9.890194450731029,-25.842003066443837
EFT:-0.6913387094806175,30.73855131789886,-7.529947295463584,-1.9255182138406006,-16.05309567672157,-37.362106122861896,-13.10644337192261,-44.04760835706732,-9.890194450731023,-25.842003066443823
Random81
Raw:-0.6913387094806179,30.73855131789887,-7.5299472954636,-1.9255182138406144,-16.053095676721586,-37.3621061228619,-13.106443371922639,-44.04760835706736,-9.890194450731027,-25.84200306644385
EFT:-0.6913387094806175,30.73855131789886,-7.529947295463584,-1.9255182138406006,-16.05309567672157,-37.362106122861896,-13.10644337192261,-44.04760835706732,-9.890194450731023,-25.842003066443826
Random82
Raw:-0.6913387094806108,30.73855131789887,-7.529947295463596,-1.925518213840609,-16.05309567672158,-37.3621061228619,-13.106443371922621,-44.047608357067354,-9.890194450731027,-25.842003066443844
EFT:-0.6913387094806175,30.73855131789886,-7.529947295463584,-1.9255182138406006,-16.05309567672157,-37.362106122861896,-13.10644337192261,-44.04760835706732,-9.890194450731023,-25.842003066443823
Random83
Raw:-0.691338709480609,30.738551317898846,-7.529947295463566,-1.9255182138405789,-16.053095676721547,-37.362106122861874,-13.106443371922577,-44.04760835706728,-9.890194450731018,-25.84200306644381
EFT:-0.6913387094806175,30.73855131789886,-7.529947295463584,-1.9255182138406006,-16.05309567672157,-37.362106122861896,-13.10644337192261,-44.04760835706732,-9.890194450731023,-25.842003066443823
Random84
Raw:-0.691338709480623,30.7385513178989,-7.529947295463629,-1.925518213840641,-16.053095676721625,-37.36210612286194,-13.106443371922673,-44.0476083570674,-9.890194450731048,-25.842003066443887
EFT:-0.6913387094806175,30.73855131789886,-7.529947295463584,-1.9255182138406006,-16.05309567672157,-37.362106122861896,-13.10644337192261,-44.04760835706732,-9.890194450731023,-25.842003066443823
Random85
Raw:-0.6913387094806248,30.7385513178989,-7.5299472954636295,-1.925518213840641,-16.05309567672163,-37.36210612286194,-13.106443371922673,-44.0476083570674,-9.890194450731048,-25.842003066443887
EFT:-0.6913387094806175,30.73855131789886,-7.529947295463584,-1.9255182138406006,-16.05309567672157,-37.362106122861896,-13.10644337192261,-44.04760835706732,-9.890194450731023,-25.842003066443823
Random86
Raw:-0.6913387094806179,30.738551317898878,-7.529947295463601,-1.9255182138406126,-16.053095676721593,-37.36210612286192,-13.106443371922634,-44.04760835706737,-9.890194450731034,-25.842003066443866
EFT:-0.6913387094806175,30.73855131789886,-7.529947295463584,-1.9255182138406006,-16.053095676721572,-37.362106122861896,-13.10644337192261,-44.04760835706732,-9.890194450731023,-25.842003066443826
Random87
Raw:-0.6913387094806215,30.738551317898864,-7.529947295463605,-1.9255182138406215,-16.053095676721593,-37.3621061228619,-13.106443371922634,-44.047608357067354,-9.890194450731034,-25.842003066443844
EFT:-0.6913387094806175,30.73855131789886,-7.529947295463584,-1.9255182138406006,-16.05309567672157,-37.362106122861896,-13.10644337192261,-44.04760835706732,-9.890194450731023,-25.842003066443823
Random88
Raw:-0.6913387094806162,30.738551317898867,-7.529947295463589,-1.9255182138406037,-16.05309567672158,-37.3621061228619,-13.106443371922614,-44.04760835706733,-9.890194450731029,-25.842003066443837
EFT:-0.6913387094806175,30.73855131789886,-7.529947295463584,-1.9255182138406006,-16.05309567672157,-37.362106122861896,-13.10644337192261,-44.04760835706732,-9.890194450731023,-25.842003066443823
Random89
Raw:-0.6913387094806108,30.738551317898864,-7.5299472954635736,-1.925518213840593,-16.05309567672156,-37.3621061228619,-13.106443371922598,-44.047608357067325,-9.890194450731022,-25.84200306644383
EFT:-0.6913387094806175,30.73855131789886,-7.529947295463584,-1.9255182138406006,-16.05309567672157,-37.362106122861896,-13.10644337192261,-44.04760835706732,-9.890194450731023,-25.842003066443823
Random90
Raw:-0.6913387094806168,30.738551317898867,-7.529947295463593,-1.9255182138406086,-16.05309567672158,-37.3621061228619,-13.106443371922621,-44.04760835706735,-9.89019445073103,-25.842003066443844
EFT:-0.6913387094806175,30.73855131789886,-7.529947295463584,-1.9255182138406006,-16.05309567672157,-37.362106122861896,-13.10644337192261,-44.04760835706732,-9.890194450731023,-25.842003066443823
Random91
Raw:-0.6913387094806175,30.73855131789887,-7.529947295463601,-1.9255182138406162,-16.05309567672159,-37.36210612286191,-13.106443371922632,-44.047608357067354,-9.890194450731034,-25.84200306644385
EFT:-0.6913387094806175,30.73855131789886,-7.529947295463584,-1.9255182138406006,-16.05309567672157,-37.362106122861896,-13.10644337192261,-44.04760835706732,-9.890194450731023,-25.842003066443826
Random92
Raw:-0.6913387094806144,30.73855131789886,-7.529947295463583,-1.9255182138405988,-16.053095676721565,-37.362106122861896,-13.106443371922609,-44.04760835706733,-9.89019445073102,-25.842003066443837
EFT:-0.6913387094806175,30.73855131789886,-7.529947295463584,-1.9255182138406006,-16.05309567672157,-37.362106122861896,-13.10644337192261,-44.04760835706732,-9.890194450731023,-25.842003066443826
Random93
Raw:-0.6913387094806164,30.738551317898864,-7.529947295463581,-1.9255182138405984,-16.05309567672157,-37.3621061228619,-13.106443371922605,-44.047608357067325,-9.890194450731025,-25.842003066443823
EFT:-0.6913387094806175,30.73855131789886,-7.529947295463584,-1.9255182138406006,-16.05309567672157,-37.362106122861896,-13.10644337192261,-44.04760835706732,-9.890194450731023,-25.842003066443823
Random94
Raw:-0.6913387094806128,30.73855131789887,-7.529947295463588,-1.9255182138405988,-16.05309567672158,-37.36210612286191,-13.10644337192261,-44.04760835706734,-9.89019445073103,-25.842003066443844
EFT:-0.6913387094806175,30.73855131789886,-7.529947295463584,-1.9255182138406006,-16.05309567672157,-37.362106122861896,-13.10644337192261,-44.04760835706732,-9.890194450731023,-25.842003066443823
Random95
Raw:-0.6913387094806164,30.738551317898857,-7.529947295463587,-1.9255182138406037,-16.05309567672157,-37.36210612286189,-13.106443371922607,-44.04760835706731,-9.890194450731022,-25.842003066443823
EFT:-0.6913387094806175,30.73855131789886,-7.529947295463584,-1.9255182138406006,-16.05309567672157,-37.362106122861896,-13.10644337192261,-44.04760835706732,-9.890194450731023,-25.842003066443826
Random96
Raw:-0.6913387094806164,30.738551317898875,-7.529947295463612,-1.925518213840618,-16.0530956767216,-37.36210612286192,-13.10644337192264,-44.047608357067375,-9.890194450731034,-25.842003066443866
EFT:-0.6913387094806175,30.73855131789886,-7.529947295463584,-1.9255182138406006,-16.05309567672157,-37.362106122861896,-13.10644337192261,-44.04760835706732,-9.890194450731023,-25.842003066443823
Random97
Raw:-0.6913387094806126,30.738551317898857,-7.529947295463585,-1.9255182138406002,-16.053095676721565,-37.36210612286189,-13.106443371922609,-44.04760835706732,-9.89019445073102,-25.842003066443823
EFT:-0.6913387094806175,30.73855131789886,-7.529947295463584,-1.9255182138406006,-16.05309567672157,-37.362106122861896,-13.10644337192261,-44.04760835706732,-9.890194450731023,-25.842003066443823
Random98
Raw:-0.6913387094806073,30.738551317898857,-7.529947295463564,-1.925518213840573,-16.053095676721547,-37.36210612286189,-13.10644337192258,-44.04760835706731,-9.89019445073102,-25.842003066443823
EFT:-0.6913387094806175,30.73855131789886,-7.529947295463584,-1.9255182138406006,-16.05309567672157,-37.362106122861896,-13.10644337192261,-44.04760835706732,-9.890194450731023,-25.842003066443826
Random99
Raw:-0.691338709480617,30.73855131789886,-7.529947295463585,-1.925518213840602,-16.053095676721572,-37.3621061228619,-13.106443371922614,-44.04760835706733,-9.890194450731023,-25.84200306644383
EFT:-0.6913387094806175,30.73855131789886,-7.529947295463584,-1.9255182138406006,-16.05309567672157,-37.362106122861896,-13.10644337192261,-44.04760835706732,-9.890194450731023,-25.842003066443823
Random100
Raw:-0.6913387094806215,30.738551317898885,-7.529947295463606,-1.9255182138406197,-16.0530956767216,-37.362106122861924,-13.10644337192264,-44.047608357067375,-9.890194450731038,-25.84200306644386
EFT:-0.6913387094806175,30.73855131789886,-7.529947295463584,-1.9255182138406006,-16.05309567672157,-37.362106122861896,-13.10644337192261,-44.04760835706732,-9.890194450731023,-25.842003066443823
Random101
Raw:-0.6913387094806153,30.73855131789885,-7.529947295463578,-1.9255182138405984,-16.053095676721565,-37.36210612286189,-13.106443371922598,-44.0476083570673,-9.890194450731023,-25.84200306644381
EFT:-0.6913387094806175,30.73855131789886,-7.529947295463584,-1.9255182138406006,-16.05309567672157,-37.362106122861896,-13.10644337192261,-44.04760835706732,-9.890194450731023,-25.842003066443826
Random102
Raw:-0.6913387094806195,30.738551317898853,-7.529947295463593,-1.925518213840618,-16.053095676721576,-37.36210612286189,-13.10644337192262,-44.047608357067325,-9.890194450731025,-25.84200306644383
EFT:-0.6913387094806175,30.73855131789886,-7.529947295463584,-1.9255182138406006,-16.05309567672157,-37.362106122861896,-13.10644337192261,-44.04760835706732,-9.890194450731023,-25.842003066443826
Random103
Raw:-0.6913387094806179,30.738551317898864,-7.529947295463598,-1.9255182138406144,-16.053095676721583,-37.3621061228619,-13.10644337192263,-44.04760835706734,-9.890194450731029,-25.842003066443844
EFT:-0.6913387094806175,30.73855131789886,-7.529947295463584,-1.9255182138406006,-16.05309567672157,-37.362106122861896,-13.10644337192261,-44.04760835706732,-9.890194450731023,-25.842003066443823
Random104
Raw:-0.6913387094806233,30.73855131789888,-7.529947295463619,-1.925518213840629,-16.05309567672161,-37.36210612286192,-13.106443371922655,-44.04760835706738,-9.890194450731043,-25.842003066443866
EFT:-0.6913387094806175,30.73855131789886,-7.529947295463584,-1.9255182138406006,-16.05309567672157,-37.362106122861896,-13.10644337192261,-44.04760835706732,-9.890194450731023,-25.842003066443823
Random105
Raw:-0.6913387094806225,30.738551317898857,-7.529947295463592,-1.9255182138406117,-16.05309567672158,-37.362106122861896,-13.10644337192262,-44.047608357067325,-9.890194450731027,-25.84200306644383
EFT:-0.6913387094806175,30.73855131789886,-7.529947295463584,-1.9255182138406006,-16.053095676721572,-37.362106122861896,-13.10644337192261,-44.04760835706732,-9.890194450731023,-25.842003066443826
Random106
Raw:-0.6913387094806126,30.738551317898864,-7.5299472954635895,-1.925518213840602,-16.053095676721576,-37.3621061228619,-13.106443371922616,-44.04760835706733,-9.890194450731025,-25.842003066443837
EFT:-0.6913387094806175,30.73855131789886,-7.529947295463584,-1.9255182138406006,-16.05309567672157,-37.362106122861896,-13.10644337192261,-44.04760835706732,-9.890194450731023,-25.842003066443823
Random107
Raw:-0.6913387094806193,30.73855131789886,-7.529947295463577,-1.9255182138405984,-16.053095676721565,-37.362106122861896,-13.1064433719226,-44.04760835706731,-9.890194450731027,-25.842003066443823
EFT:-0.6913387094806175,30.73855131789886,-7.529947295463584,-1.9255182138406006,-16.05309567672157,-37.362106122861896,-13.10644337192261,-44.04760835706732,-9.890194450731023,-25.842003066443826
Random108
Raw:-0.6913387094806197,30.73855131789887,-7.529947295463603,-1.925518213840617,-16.053095676721593,-37.3621061228619,-13.106443371922634,-44.047608357067354,-9.890194450731034,-25.84200306644385
EFT:-0.6913387094806175,30.73855131789886,-7.529947295463584,-1.9255182138406006,-16.05309567672157,-37.362106122861896,-13.10644337192261,-44.04760835706732,-9.890194450731023,-25.842003066443823
Random109
Raw:-0.6913387094806077,30.738551317898857,-7.529947295463563,-1.9255182138405806,-16.053095676721544,-37.36210612286189,-13.106443371922584,-44.0476083570673,-9.890194450731013,-25.842003066443816
EFT:-0.6913387094806175,30.73855131789886,-7.529947295463584,-1.9255182138406006,-16.05309567672157,-37.362106122861896,-13.10644337192261,-44.04760835706732,-9.890194450731023,-25.842003066443826
Random110
Raw:-0.6913387094806268,30.738551317898896,-7.529947295463621,-1.9255182138406357,-16.05309567672162,-37.362106122861945,-13.106443371922666,-44.04760835706741,-9.890194450731046,-25.842003066443887
EFT:-0.6913387094806175,30.73855131789886,-7.529947295463584,-1.9255182138406006,-16.05309567672157,-37.362106122861896,-13.10644337192261,-44.04760835706732,-9.890194450731023,-25.842003066443823
Random111
Raw:-0.6913387094806168,30.73855131789886,-7.529947295463596,-1.9255182138406113,-16.053095676721586,-37.36210612286189,-13.106443371922621,-44.04760835706734,-9.89019445073103,-25.842003066443844
EFT:-0.6913387094806175,30.73855131789886,-7.529947295463584,-1.9255182138406006,-16.05309567672157,-37.362106122861896,-13.10644337192261,-44.04760835706732,-9.890194450731023,-25.842003066443823
Random112
Raw:-0.6913387094806129,30.73855131789887,-7.529947295463577,-1.925518213840593,-16.053095676721565,-37.36210612286191,-13.106443371922605,-44.047608357067325,-9.890194450731023,-25.84200306644383
EFT:-0.6913387094806175,30.73855131789886,-7.529947295463584,-1.9255182138406006,-16.05309567672157,-37.362106122861896,-13.10644337192261,-44.04760835706732,-9.890194450731023,-25.842003066443823
Random113
Raw:-0.6913387094806215,30.738551317898892,-7.52994729546363,-1.9255182138406401,-16.053095676721625,-37.36210612286194,-13.106443371922675,-44.04760835706742,-9.890194450731048,-25.842003066443894
EFT:-0.6913387094806175,30.73855131789886,-7.529947295463584,-1.9255182138406006,-16.05309567672157,-37.362106122861896,-13.10644337192261,-44.04760835706732,-9.890194450731023,-25.842003066443823
Random114
Raw:-0.6913387094806144,30.738551317898867,-7.52994729546359,-1.925518213840605,-16.05309567672158,-37.3621061228619,-13.106443371922621,-44.047608357067354,-9.890194450731029,-25.842003066443844
EFT:-0.6913387094806175,30.73855131789886,-7.529947295463584,-1.9255182138406006,-16.05309567672157,-37.362106122861896,-13.10644337192261,-44.04760835706732,-9.890194450731023,-25.842003066443823
Random115
Raw:-0.6913387094806193,30.738551317898878,-7.5299472954635975,-1.9255182138406162,-16.053095676721593,-37.362106122861924,-13.106443371922634,-44.04760835706736,-9.890194450731036,-25.84200306644385
EFT:-0.6913387094806175,30.73855131789886,-7.529947295463584,-1.9255182138406006,-16.05309567672157,-37.362106122861896,-13.10644337192261,-44.04760835706732,-9.890194450731023,-25.842003066443823
Random116
Raw:-0.6913387094806202,30.738551317898885,-7.529947295463619,-1.9255182138406322,-16.05309567672161,-37.362106122861924,-13.106443371922659,-44.04760835706739,-9.890194450731038,-25.842003066443873
EFT:-0.6913387094806175,30.73855131789886,-7.529947295463584,-1.9255182138406006,-16.05309567672157,-37.362106122861896,-13.10644337192261,-44.04760835706732,-9.890194450731023,-25.842003066443826
Random117
Raw:-0.6913387094806179,30.738551317898864,-7.5299472954636,-1.9255182138406162,-16.05309567672159,-37.362106122861896,-13.106443371922628,-44.04760835706733,-9.890194450731034,-25.842003066443837
EFT:-0.6913387094806175,30.73855131789886,-7.529947295463584,-1.9255182138406006,-16.05309567672157,-37.362106122861896,-13.10644337192261,-44.04760835706732,-9.890194450731023,-25.842003066443823
Random118
Raw:-0.6913387094806168,30.738551317898864,-7.5299472954635975,-1.925518213840613,-16.053095676721583,-37.3621061228619,-13.106443371922627,-44.04760835706734,-9.890194450731029,-25.842003066443837
EFT:-0.6913387094806175,30.73855131789886,-7.529947295463584,-1.9255182138406006,-16.05309567672157,-37.362106122861896,-13.10644337192261,-44.04760835706732,-9.890194450731023,-25.842003066443823
Random119
Raw:-0.6913387094806233,30.73855131789888,-7.529947295463624,-1.9255182138406393,-16.053095676721615,-37.36210612286192,-13.106443371922662,-44.04760835706738,-9.89019445073104,-25.842003066443873
EFT:-0.6913387094806175,30.73855131789886,-7.529947295463584,-1.9255182138406006,-16.05309567672157,-37.362106122861896,-13.10644337192261,-44.04760835706732,-9.890194450731023,-25.842003066443826
Random120
Raw:-0.6913387094806197,30.73855131789887,-7.529947295463605,-1.925518213840617,-16.05309567672159,-37.3621061228619,-13.106443371922632,-44.04760835706735,-9.890194450731027,-25.842003066443837
EFT:-0.6913387094806175,30.73855131789886,-7.529947295463584,-1.9255182138406006,-16.05309567672157,-37.362106122861896,-13.10644337192261,-44.04760835706732,-9.890194450731023,-25.842003066443826
Random121
Raw:-0.691338709480621,30.738551317898875,-7.5299472954636,-1.9255182138406162,-16.053095676721593,-37.36210612286192,-13.106443371922634,-44.04760835706736,-9.890194450731036,-25.84200306644385
EFT:-0.6913387094806175,30.73855131789886,-7.529947295463584,-1.9255182138406006,-16.05309567672157,-37.362106122861896,-13.10644337192261,-44.04760835706732,-9.890194450731023,-25.842003066443826
Random122
Raw:-0.691338709480617,30.73855131789887,-7.529947295463594,-1.925518213840609,-16.053095676721586,-37.36210612286191,-13.106443371922625,-44.047608357067354,-9.89019445073103,-25.84200306644385
EFT:-0.6913387094806175,30.73855131789886,-7.529947295463584,-1.9255182138406006,-16.05309567672157,-37.362106122861896,-13.10644337192261,-44.04760835706732,-9.890194450731023,-25.842003066443823
Random123
Raw:-0.6913387094806205,30.73855131789887,-7.5299472954636,-1.9255182138406162,-16.053095676721586,-37.36210612286191,-13.106443371922634,-44.047608357067354,-9.89019445073103,-25.842003066443837
EFT:-0.6913387094806175,30.73855131789886,-7.529947295463584,-1.9255182138406006,-16.05309567672157,-37.362106122861896,-13.10644337192261,-44.04760835706732,-9.890194450731023,-25.842003066443823
Random124
Raw:-0.6913387094806126,30.73855131789887,-7.529947295463586,-1.9255182138405997,-16.053095676721576,-37.3621061228619,-13.106443371922614,-44.04760835706734,-9.890194450731023,-25.842003066443837
EFT:-0.6913387094806175,30.73855131789886,-7.529947295463584,-1.9255182138406006,-16.05309567672157,-37.362106122861896,-13.10644337192261,-44.04760835706732,-9.890194450731023,-25.842003066443823
Random125
Raw:-0.6913387094806286,30.73855131789888,-7.529947295463608,-1.9255182138406286,-16.053095676721604,-37.362106122861924,-13.106443371922648,-44.04760835706737,-9.89019445073104,-25.84200306644385
EFT:-0.6913387094806175,30.73855131789886,-7.529947295463584,-1.9255182138406006,-16.05309567672157,-37.362106122861896,-13.10644337192261,-44.04760835706732,-9.890194450731023,-25.842003066443823
Random126
Raw:-0.6913387094806233,30.738551317898885,-7.529947295463624,-1.9255182138406393,-16.053095676721618,-37.36210612286193,-13.106443371922664,-44.04760835706739,-9.890194450731043,-25.842003066443873
EFT:-0.6913387094806175,30.73855131789886,-7.529947295463584,-1.9255182138406006,-16.05309567672157,-37.362106122861896,-13.10644337192261,-44.04760835706732,-9.890194450731023,-25.842003066443823
Random127
Raw:-0.691338709480609,30.738551317898857,-7.529947295463576,-1.9255182138405913,-16.053095676721558,-37.362106122861896,-13.106443371922598,-44.047608357067325,-9.89019445073102,-25.84200306644383
EFT:-0.6913387094806175,30.73855131789886,-7.529947295463584,-1.9255182138406006,-16.05309567672157,-37.362106122861896,-13.10644337192261,-44.04760835706732,-9.890194450731023,-25.842003066443823
Random128
Raw:-0.6913387094806215,30.738551317898867,-7.5299472954636,-1.9255182138406144,-16.053095676721586,-37.36210612286191,-13.106443371922632,-44.04760835706735,-9.890194450731027,-25.842003066443844
EFT:-0.6913387094806175,30.73855131789886,-7.529947295463584,-1.9255182138406006,-16.05309567672157,-37.362106122861896,-13.10644337192261,-44.04760835706732,-9.890194450731023,-25.842003066443823
Random129
Raw:-0.6913387094806135,30.73855131789886,-7.529947295463588,-1.9255182138406002,-16.05309567672157,-37.362106122861896,-13.10644337192261,-44.047608357067325,-9.890194450731022,-25.842003066443837
EFT:-0.6913387094806175,30.73855131789886,-7.529947295463584,-1.9255182138406006,-16.053095676721572,-37.362106122861896,-13.10644337192261,-44.04760835706732,-9.890194450731023,-25.842003066443823
Random130
Raw:-0.6913387094806241,30.738551317898878,-7.529947295463612,-1.92551821384063,-16.053095676721608,-37.36210612286192,-13.10644337192265,-44.047608357067375,-9.89019445073104,-25.84200306644386
EFT:-0.6913387094806175,30.73855131789886,-7.529947295463584,-1.9255182138406006,-16.05309567672157,-37.362106122861896,-13.10644337192261,-44.04760835706732,-9.890194450731023,-25.842003066443823
Random131
Raw:-0.6913387094806206,30.738551317898864,-7.529947295463588,-1.9255182138406064,-16.053095676721576,-37.3621061228619,-13.10644337192262,-44.04760835706733,-9.890194450731027,-25.84200306644383
EFT:-0.6913387094806175,30.73855131789886,-7.529947295463584,-1.9255182138406006,-16.05309567672157,-37.362106122861896,-13.10644337192261,-44.04760835706732,-9.890194450731023,-25.842003066443823
Random132
Raw:-0.6913387094806096,30.738551317898864,-7.529947295463576,-1.9255182138405877,-16.053095676721558,-37.362106122861896,-13.106443371922598,-44.047608357067325,-9.89019445073102,-25.84200306644383
EFT:-0.6913387094806175,30.73855131789886,-7.529947295463584,-1.9255182138406006,-16.05309567672157,-37.362106122861896,-13.10644337192261,-44.04760835706732,-9.890194450731023,-25.842003066443826
Random133
Raw:-0.6913387094806233,30.738551317898875,-7.529947295463613,-1.9255182138406277,-16.0530956767216,-37.36210612286191,-13.106443371922644,-44.04760835706737,-9.890194450731038,-25.84200306644385
EFT:-0.6913387094806175,30.73855131789886,-7.529947295463584,-1.9255182138406006,-16.05309567672157,-37.362106122861896,-13.10644337192261,-44.04760835706732,-9.890194450731023,-25.842003066443823
Random134
Raw:-0.6913387094806202,30.738551317898885,-7.529947295463605,-1.925518213840622,-16.0530956767216,-37.362106122861924,-13.10644337192265,-44.04760835706738,-9.890194450731038,-25.84200306644386
EFT:-0.6913387094806175,30.73855131789886,-7.529947295463584,-1.9255182138406006,-16.05309567672157,-37.362106122861896,-13.10644337192261,-44.04760835706732,-9.890194450731023,-25.842003066443826
Random135
Raw:-0.6913387094806197,30.73855131789887,-7.529947295463593,-1.9255182138406117,-16.053095676721586,-37.36210612286191,-13.106443371922627,-44.04760835706735,-9.890194450731027,-25.842003066443844
EFT:-0.6913387094806175,30.73855131789886,-7.529947295463584,-1.9255182138406006,-16.05309567672157,-37.362106122861896,-13.10644337192261,-44.04760835706732,-9.890194450731023,-25.842003066443826
Random136
Raw:-0.6913387094806126,30.738551317898885,-7.5299472954636055,-1.9255182138406157,-16.053095676721597,-37.36210612286193,-13.10644337192264,-44.04760835706738,-9.890194450731038,-25.842003066443873
EFT:-0.6913387094806175,30.73855131789886,-7.529947295463584,-1.9255182138406006,-16.05309567672157,-37.362106122861896,-13.10644337192261,-44.04760835706732,-9.890194450731023,-25.842003066443826
Random137
Raw:-0.6913387094806073,30.73855131789886,-7.529947295463565,-1.9255182138405806,-16.053095676721547,-37.362106122861896,-13.106443371922582,-44.04760835706731,-9.890194450731016,-25.842003066443816
EFT:-0.6913387094806175,30.73855131789886,-7.529947295463584,-1.9255182138406006,-16.05309567672157,-37.362106122861896,-13.10644337192261,-44.04760835706732,-9.890194450731023,-25.842003066443823
Random138
Raw:-0.6913387094806184,30.73855131789887,-7.52994729546359,-1.9255182138406073,-16.053095676721576,-37.36210612286191,-13.106443371922623,-44.04760835706735,-9.890194450731027,-25.842003066443837
EFT:-0.6913387094806175,30.73855131789886,-7.529947295463584,-1.9255182138406006,-16.053095676721572,-37.362106122861896,-13.10644337192261,-44.04760835706732,-9.890194450731023,-25.842003066443823
Random139
Raw:-0.6913387094806179,30.738551317898878,-7.5299472954636,-1.9255182138406126,-16.05309567672159,-37.36210612286192,-13.10644337192263,-44.04760835706736,-9.890194450731036,-25.842003066443844
EFT:-0.6913387094806175,30.73855131789886,-7.529947295463584,-1.9255182138406006,-16.05309567672157,-37.362106122861896,-13.10644337192261,-44.04760835706732,-9.890194450731023,-25.842003066443823
Random140
Raw:-0.6913387094806286,30.738551317898878,-7.529947295463619,-1.925518213840634,-16.053095676721615,-37.36210612286192,-13.106443371922657,-44.047608357067375,-9.890194450731043,-25.84200306644386
EFT:-0.6913387094806175,30.73855131789886,-7.529947295463584,-1.9255182138406006,-16.053095676721572,-37.362106122861896,-13.10644337192261,-44.04760835706732,-9.890194450731023,-25.842003066443823
Random141
Raw:-0.6913387094806206,30.738551317898885,-7.529947295463615,-1.9255182138406286,-16.05309567672161,-37.36210612286193,-13.106443371922651,-44.04760835706739,-9.890194450731043,-25.842003066443873
EFT:-0.6913387094806175,30.73855131789886,-7.529947295463584,-1.9255182138406006,-16.05309567672157,-37.362106122861896,-13.10644337192261,-44.04760835706732,-9.890194450731023,-25.842003066443823
Random142
Raw:-0.6913387094806162,30.73855131789887,-7.529947295463599,-1.9255182138406157,-16.053095676721593,-37.36210612286192,-13.106443371922635,-44.04760835706737,-9.890194450731034,-25.84200306644386
EFT:-0.6913387094806175,30.73855131789886,-7.529947295463584,-1.9255182138406006,-16.05309567672157,-37.362106122861896,-13.10644337192261,-44.04760835706732,-9.890194450731023,-25.842003066443823
Random143
Raw:-0.6913387094806193,30.73855131789888,-7.529947295463616,-1.9255182138406273,-16.053095676721608,-37.36210612286192,-13.106443371922651,-44.04760835706738,-9.890194450731041,-25.842003066443866
EFT:-0.6913387094806175,30.73855131789886,-7.529947295463584,-1.9255182138406006,-16.05309567672157,-37.362106122861896,-13.10644337192261,-44.04760835706732,-9.890194450731023,-25.842003066443823
Random144
Raw:-0.6913387094806126,30.738551317898864,-7.529947295463597,-1.9255182138406055,-16.053095676721583,-37.3621061228619,-13.10644337192262,-44.04760835706734,-9.890194450731027,-25.842003066443844
EFT:-0.6913387094806175,30.73855131789886,-7.529947295463584,-1.9255182138406006,-16.05309567672157,-37.362106122861896,-13.10644337192261,-44.04760835706732,-9.890194450731023,-25.842003066443823
Random145
Raw:-0.6913387094806144,30.738551317898867,-7.529947295463592,-1.9255182138406037,-16.053095676721576,-37.362106122861896,-13.106443371922614,-44.04760835706733,-9.890194450731027,-25.842003066443837
EFT:-0.6913387094806175,30.73855131789886,-7.529947295463584,-1.9255182138406006,-16.05309567672157,-37.362106122861896,-13.10644337192261,-44.04760835706732,-9.890194450731023,-25.842003066443823
Random146
Raw:-0.6913387094806144,30.738551317898853,-7.529947295463561,-1.9255182138405824,-16.053095676721544,-37.36210612286189,-13.106443371922584,-44.04760835706729,-9.890194450731014,-25.8420030664438
EFT:-0.6913387094806175,30.73855131789886,-7.529947295463584,-1.9255182138406006,-16.05309567672157,-37.362106122861896,-13.10644337192261,-44.04760835706732,-9.890194450731023,-25.842003066443823
Random147
Raw:-0.691338709480615,30.738551317898864,-7.529947295463585,-1.9255182138405993,-16.053095676721572,-37.3621061228619,-13.106443371922605,-44.047608357067325,-9.890194450731027,-25.84200306644383
EFT:-0.6913387094806175,30.73855131789886,-7.529947295463584,-1.9255182138406006,-16.05309567672157,-37.362106122861896,-13.10644337192261,-44.04760835706732,-9.890194450731023,-25.842003066443826
Random148
Raw:-0.6913387094806144,30.738551317898864,-7.529947295463587,-1.9255182138406015,-16.053095676721576,-37.3621061228619,-13.106443371922612,-44.047608357067325,-9.890194450731027,-25.842003066443837
EFT:-0.6913387094806175,30.73855131789886,-7.529947295463584,-1.9255182138406006,-16.05309567672157,-37.362106122861896,-13.10644337192261,-44.04760835706732,-9.890194450731023,-25.842003066443823
Random149
Raw:-0.6913387094806088,30.73855131789887,-7.529947295463572,-1.9255182138405869,-16.053095676721558,-37.3621061228619,-13.106443371922596,-44.047608357067325,-9.890194450731022,-25.84200306644383
EFT:-0.6913387094806175,30.73855131789886,-7.529947295463584,-1.9255182138406006,-16.05309567672157,-37.362106122861896,-13.10644337192261,-44.04760835706732,-9.890194450731023,-25.842003066443823
Random150
Raw:-0.6913387094806215,30.738551317898875,-7.529947295463609,-1.9255182138406233,-16.0530956767216,-37.36210612286192,-13.106443371922644,-44.04760835706737,-9.890194450731034,-25.84200306644386
EFT:-0.6913387094806175,30.73855131789886,-7.529947295463584,-1.9255182138406006,-16.05309567672157,-37.362106122861896,-13.10644337192261,-44.04760835706732,-9.890194450731023,-25.842003066443823
Random151
Raw:-0.6913387094806162,30.738551317898878,-7.529947295463605,-1.925518213840618,-16.053095676721593,-37.36210612286192,-13.106443371922639,-44.04760835706737,-9.890194450731034,-25.842003066443866
EFT:-0.6913387094806175,30.73855131789886,-7.529947295463584,-1.9255182138406006,-16.05309567672157,-37.362106122861896,-13.10644337192261,-44.04760835706732,-9.890194450731023,-25.842003066443823
Random152
Raw:-0.6913387094806117,30.738551317898875,-7.529947295463591,-1.925518213840602,-16.053095676721576,-37.3621061228619,-13.10644337192262,-44.047608357067354,-9.890194450731023,-25.842003066443844
EFT:-0.6913387094806175,30.73855131789886,-7.529947295463584,-1.9255182138406006,-16.05309567672157,-37.362106122861896,-13.10644337192261,-44.04760835706732,-9.890194450731023,-25.842003066443826
Random153
Raw:-0.6913387094806197,30.73855131789887,-7.529947295463599,-1.9255182138406157,-16.05309567672159,-37.36210612286191,-13.10644337192263,-44.04760835706734,-9.890194450731034,-25.842003066443844
EFT:-0.6913387094806175,30.73855131789886,-7.529947295463584,-1.9255182138406006,-16.05309567672157,-37.362106122861896,-13.10644337192261,-44.04760835706732,-9.890194450731023,-25.842003066443826
Random154
Raw:-0.6913387094806149,30.738551317898878,-7.529947295463578,-1.9255182138405948,-16.05309567672157,-37.36210612286192,-13.106443371922605,-44.04760835706734,-9.890194450731025,-25.842003066443837
EFT:-0.6913387094806175,30.73855131789886,-7.529947295463584,-1.9255182138406006,-16.053095676721572,-37.362106122861896,-13.10644337192261,-44.04760835706732,-9.890194450731023,-25.842003066443823
Random155
Raw:-0.6913387094806175,30.73855131789887,-7.529947295463601,-1.9255182138406175,-16.05309567672159,-37.36210612286191,-13.106443371922632,-44.047608357067354,-9.890194450731029,-25.842003066443844
EFT:-0.6913387094806175,30.73855131789886,-7.529947295463584,-1.9255182138406006,-16.05309567672157,-37.362106122861896,-13.10644337192261,-44.04760835706732,-9.890194450731023,-25.842003066443823
Random156
Raw:-0.6913387094806215,30.738551317898878,-7.529947295463607,-1.9255182138406268,-16.0530956767216,-37.36210612286192,-13.106443371922644,-44.04760835706737,-9.890194450731036,-25.84200306644385
EFT:-0.6913387094806175,30.73855131789886,-7.529947295463584,-1.9255182138406006,-16.05309567672157,-37.362106122861896,-13.10644337192261,-44.04760835706732,-9.890194450731023,-25.842003066443826
Random157
Raw:-0.6913387094806162,30.73855131789886,-7.529947295463591,-1.925518213840609,-16.05309567672158,-37.362106122861896,-13.106443371922618,-44.047608357067325,-9.890194450731029,-25.84200306644383
EFT:-0.6913387094806175,30.73855131789886,-7.529947295463584,-1.9255182138406006,-16.05309567672157,-37.362106122861896,-13.10644337192261,-44.04760835706732,-9.890194450731023,-25.842003066443823
Random158
Raw:-0.6913387094806179,30.73855131789887,-7.5299472954636055,-1.9255182138406157,-16.053095676721597,-37.36210612286191,-13.10644337192264,-44.04760835706737,-9.890194450731032,-25.84200306644386
EFT:-0.6913387094806175,30.73855131789886,-7.529947295463584,-1.9255182138406006,-16.053095676721572,-37.362106122861896,-13.10644337192261,-44.04760835706732,-9.890194450731023,-25.842003066443823
Random159
Raw:-0.6913387094806116,30.738551317898878,-7.529947295463595,-1.9255182138406037,-16.05309567672158,-37.36210612286191,-13.10644337192262,-44.04760835706736,-9.89019445073103,-25.84200306644386
EFT:-0.6913387094806175,30.73855131789886,-7.529947295463584,-1.9255182138406006,-16.05309567672157,-37.362106122861896,-13.10644337192261,-44.04760835706732,-9.890194450731023,-25.842003066443823
Random160
Raw:-0.6913387094806179,30.73855131789887,-7.529947295463593,-1.9255182138406108,-16.053095676721583,-37.36210612286191,-13.106443371922627,-44.04760835706735,-9.89019445073103,-25.842003066443837
EFT:-0.6913387094806175,30.73855131789886,-7.529947295463584,-1.9255182138406006,-16.05309567672157,-37.362106122861896,-13.10644337192261,-44.04760835706732,-9.890194450731023,-25.842003066443823
Random161
Raw:-0.6913387094806144,30.738551317898864,-7.529947295463586,-1.9255182138405962,-16.05309567672157,-37.362106122861896,-13.106443371922605,-44.047608357067325,-9.890194450731022,-25.84200306644383
EFT:-0.6913387094806175,30.73855131789886,-7.529947295463584,-1.9255182138406006,-16.05309567672157,-37.362106122861896,-13.10644337192261,-44.04760835706732,-9.890194450731023,-25.842003066443826
Random162
Raw:-0.691338709480617,30.738551317898878,-7.52994729546359,-1.9255182138406073,-16.05309567672158,-37.36210612286192,-13.106443371922623,-44.047608357067354,-9.890194450731027,-25.842003066443844
EFT:-0.6913387094806175,30.73855131789886,-7.529947295463584,-1.9255182138406006,-16.05309567672157,-37.362106122861896,-13.10644337192261,-44.04760835706732,-9.890194450731023,-25.842003066443823
Random163
Raw:-0.6913387094806153,30.738551317898864,-7.529947295463587,-1.9255182138406037,-16.053095676721576,-37.36210612286191,-13.106443371922618,-44.04760835706734,-9.890194450731027,-25.842003066443837
EFT:-0.6913387094806175,30.73855131789886,-7.529947295463584,-1.9255182138406006,-16.05309567672157,-37.362106122861896,-13.10644337192261,-44.04760835706732,-9.890194450731023,-25.842003066443823
Random164
Raw:-0.6913387094806197,30.73855131789886,-7.5299472954636,-1.925518213840617,-16.053095676721586,-37.362106122861896,-13.106443371922625,-44.04760835706734,-9.89019445073103,-25.842003066443837
EFT:-0.6913387094806175,30.73855131789886,-7.529947295463584,-1.9255182138406006,-16.05309567672157,-37.362106122861896,-13.10644337192261,-44.04760835706732,-9.890194450731023,-25.842003066443823
Random165
Raw:-0.6913387094806162,30.738551317898875,-7.529947295463604,-1.9255182138406184,-16.053095676721593,-37.36210612286192,-13.106443371922639,-44.04760835706737,-9.890194450731032,-25.84200306644386
EFT:-0.6913387094806175,30.73855131789886,-7.529947295463584,-1.9255182138406006,-16.05309567672157,-37.362106122861896,-13.10644337192261,-44.04760835706732,-9.890194450731023,-25.842003066443826
Random166
Raw:-0.691338709480609,30.738551317898857,-7.5299472954635585,-1.925518213840577,-16.053095676721544,-37.36210612286189,-13.106443371922579,-44.0476083570673,-9.890194450731016,-25.842003066443816
EFT:-0.6913387094806175,30.73855131789886,-7.529947295463584,-1.9255182138406006,-16.05309567672157,-37.362106122861896,-13.10644337192261,-44.04760835706732,-9.890194450731023,-25.842003066443823
Random167
Raw:-0.6913387094806215,30.738551317898878,-7.529947295463608,-1.9255182138406242,-16.0530956767216,-37.362106122861924,-13.106443371922646,-44.047608357067375,-9.890194450731036,-25.84200306644386
EFT:-0.6913387094806175,30.73855131789886,-7.529947295463584,-1.9255182138406006,-16.05309567672157,-37.362106122861896,-13.10644337192261,-44.04760835706732,-9.890194450731023,-25.842003066443826
Random168
Raw:-0.6913387094806179,30.73855131789887,-7.529947295463599,-1.9255182138406113,-16.053095676721586,-37.36210612286191,-13.106443371922632,-44.047608357067354,-9.89019445073103,-25.842003066443844
EFT:-0.6913387094806175,30.73855131789886,-7.529947295463584,-1.9255182138406006,-16.05309567672157,-37.362106122861896,-13.10644337192261,-44.04760835706732,-9.890194450731023,-25.842003066443823
Random169
Raw:-0.6913387094806126,30.738551317898864,-7.529947295463579,-1.9255182138405922,-16.053095676721565,-37.362106122861896,-13.1064433719226,-44.047608357067325,-9.890194450731018,-25.842003066443823
EFT:-0.6913387094806175,30.73855131789886,-7.529947295463584,-1.9255182138406006,-16.05309567672157,-37.362106122861896,-13.10644337192261,-44.04760835706732,-9.890194450731023,-25.842003066443823
Random170
Raw:-0.6913387094806179,30.738551317898857,-7.52994729546359,-1.9255182138406055,-16.05309567672158,-37.362106122861896,-13.106443371922612,-44.047608357067325,-9.890194450731029,-25.84200306644383
EFT:-0.6913387094806175,30.73855131789886,-7.529947295463584,-1.9255182138406006,-16.05309567672157,-37.362106122861896,-13.10644337192261,-44.04760835706732,-9.890194450731023,-25.842003066443823
Random171
Raw:-0.6913387094806162,30.738551317898864,-7.529947295463595,-1.925518213840609,-16.053095676721583,-37.3621061228619,-13.106443371922618,-44.04760835706733,-9.890194450731027,-25.842003066443837
EFT:-0.6913387094806175,30.73855131789886,-7.529947295463584,-1.9255182138406006,-16.05309567672157,-37.362106122861896,-13.10644337192261,-44.04760835706732,-9.890194450731023,-25.842003066443823
Random172
Raw:-0.6913387094806153,30.73855131789888,-7.529947295463607,-1.925518213840617,-16.053095676721597,-37.362106122861924,-13.10644337192264,-44.04760835706738,-9.890194450731036,-25.84200306644386
EFT:-0.6913387094806175,30.73855131789886,-7.529947295463584,-1.9255182138406006,-16.053095676721572,-37.362106122861896,-13.10644337192261,-44.04760835706732,-9.890194450731023,-25.842003066443823
Random173
Raw:-0.6913387094806162,30.738551317898878,-7.5299472954636,-1.9255182138406126,-16.05309567672159,-37.36210612286191,-13.106443371922635,-44.04760835706737,-9.89019445073103,-25.84200306644385
EFT:-0.6913387094806175,30.73855131789886,-7.529947295463584,-1.9255182138406006,-16.05309567672157,-37.362106122861896,-13.10644337192261,-44.04760835706732,-9.890194450731023,-25.842003066443826
Random174
Raw:-0.6913387094806117,30.73855131789887,-7.529947295463592,-1.9255182138406037,-16.053095676721576,-37.3621061228619,-13.106443371922618,-44.04760835706734,-9.890194450731023,-25.842003066443844
EFT:-0.6913387094806175,30.73855131789886,-7.529947295463584,-1.9255182138406006,-16.053095676721572,-37.362106122861896,-13.10644337192261,-44.04760835706732,-9.890194450731023,-25.842003066443823
Random175
Raw:-0.6913387094806235,30.73855131789887,-7.529947295463607,-1.9255182138406233,-16.053095676721597,-37.36210612286191,-13.106443371922643,-44.047608357067354,-9.890194450731034,-25.84200306644385
EFT:-0.6913387094806175,30.73855131789886,-7.529947295463584,-1.9255182138406006,-16.05309567672157,-37.362106122861896,-13.10644337192261,-44.04760835706732,-9.890194450731023,-25.842003066443823
Random176
Raw:-0.6913387094806215,30.738551317898892,-7.529947295463614,-1.9255182138406295,-16.05309567672161,-37.36210612286193,-13.106443371922653,-44.04760835706738,-9.890194450731045,-25.842003066443873
EFT:-0.6913387094806175,30.73855131789886,-7.529947295463584,-1.9255182138406006,-16.05309567672157,-37.362106122861896,-13.10644337192261,-44.04760835706732,-9.890194450731023,-25.842003066443823
Random177
Raw:-0.6913387094806179,30.738551317898875,-7.529947295463589,-1.9255182138406082,-16.05309567672158,-37.36210612286192,-13.10644337192262,-44.04760835706734,-9.89019445073103,-25.842003066443837
EFT:-0.6913387094806175,30.73855131789886,-7.529947295463584,-1.9255182138406006,-16.05309567672157,-37.362106122861896,-13.10644337192261,-44.04760835706732,-9.890194450731023,-25.842003066443823
Random178
Raw:-0.6913387094806099,30.73855131789887,-7.529947295463595,-1.9255182138406028,-16.053095676721583,-37.3621061228619,-13.10644337192262,-44.04760835706736,-9.89019445073103,-25.84200306644386
EFT:-0.6913387094806175,30.73855131789886,-7.529947295463584,-1.9255182138406006,-16.05309567672157,-37.362106122861896,-13.10644337192261,-44.04760835706732,-9.890194450731023,-25.842003066443823
Random179
Raw:-0.6913387094806197,30.73855131789887,-7.529947295463601,-1.925518213840618,-16.053095676721586,-37.36210612286191,-13.106443371922635,-44.047608357067354,-9.890194450731029,-25.842003066443844
EFT:-0.6913387094806175,30.73855131789886,-7.529947295463584,-1.9255182138406006,-16.05309567672157,-37.362106122861896,-13.10644337192261,-44.04760835706732,-9.890194450731023,-25.842003066443823
Random180
Raw:-0.6913387094806197,30.73855131789887,-7.529947295463609,-1.9255182138406188,-16.0530956767216,-37.36210612286191,-13.106443371922643,-44.04760835706737,-9.890194450731036,-25.84200306644386
EFT:-0.6913387094806175,30.73855131789886,-7.529947295463584,-1.9255182138406006,-16.05309567672157,-37.362106122861896,-13.10644337192261,-44.04760835706732,-9.890194450731023,-25.842003066443823
Random181
Raw:-0.6913387094806268,30.738551317898885,-7.529947295463629,-1.9255182138406393,-16.05309567672162,-37.362106122861924,-13.106443371922671,-44.047608357067396,-9.890194450731043,-25.842003066443873
EFT:-0.6913387094806175,30.73855131789886,-7.529947295463584,-1.9255182138406006,-16.05309567672157,-37.362106122861896,-13.10644337192261,-44.04760835706732,-9.890194450731023,-25.842003066443826
Random182
Raw:-0.6913387094806162,30.738551317898875,-7.5299472954635975,-1.9255182138406126,-16.053095676721586,-37.36210612286191,-13.106443371922627,-44.047608357067354,-9.89019445073103,-25.842003066443844
EFT:-0.6913387094806175,30.73855131789886,-7.529947295463584,-1.9255182138406006,-16.05309567672157,-37.362106122861896,-13.10644337192261,-44.04760835706732,-9.890194450731023,-25.842003066443823
Random183
Raw:-0.6913387094806135,30.73855131789886,-7.529947295463575,-1.9255182138405895,-16.053095676721558,-37.362106122861896,-13.106443371922598,-44.04760835706731,-9.89019445073102,-25.842003066443823
EFT:-0.6913387094806175,30.73855131789886,-7.529947295463584,-1.9255182138406006,-16.05309567672157,-37.362106122861896,-13.10644337192261,-44.04760835706732,-9.890194450731023,-25.842003066443823
Random184
Raw:-0.691338709480621,30.738551317898864,-7.529947295463604,-1.9255182138406233,-16.053095676721593,-37.3621061228619,-13.106443371922637,-44.047608357067354,-9.890194450731032,-25.842003066443844
EFT:-0.6913387094806175,30.73855131789886,-7.529947295463584,-1.9255182138406006,-16.05309567672157,-37.362106122861896,-13.10644337192261,-44.04760835706732,-9.890194450731023,-25.842003066443823
Random185
Raw:-0.6913387094806108,30.73855131789886,-7.529947295463577,-1.925518213840594,-16.053095676721565,-37.362106122861896,-13.106443371922598,-44.047608357067325,-9.890194450731023,-25.84200306644383
EFT:-0.6913387094806175,30.73855131789886,-7.529947295463584,-1.9255182138406006,-16.05309567672157,-37.362106122861896,-13.10644337192261,-44.04760835706732,-9.890194450731023,-25.842003066443826
Random186
Raw:-0.6913387094806215,30.73855131789887,-7.529947295463605,-1.9255182138406162,-16.053095676721593,-37.36210612286191,-13.106443371922632,-44.04760835706735,-9.890194450731034,-25.842003066443844
EFT:-0.6913387094806175,30.73855131789886,-7.529947295463584,-1.9255182138406006,-16.05309567672157,-37.362106122861896,-13.10644337192261,-44.04760835706732,-9.890194450731023,-25.842003066443823
Random187
Raw:-0.6913387094806186,30.738551317898885,-7.529947295463603,-1.9255182138406162,-16.053095676721597,-37.36210612286193,-13.106443371922637,-44.04760835706738,-9.890194450731034,-25.84200306644386
EFT:-0.6913387094806175,30.73855131789886,-7.529947295463584,-1.9255182138406006,-16.05309567672157,-37.362106122861896,-13.10644337192261,-44.04760835706732,-9.890194450731023,-25.842003066443826
Random188
Raw:-0.6913387094806188,30.738551317898864,-7.529947295463586,-1.9255182138406055,-16.053095676721576,-37.3621061228619,-13.106443371922616,-44.04760835706733,-9.890194450731023,-25.84200306644383
EFT:-0.6913387094806175,30.73855131789886,-7.529947295463584,-1.9255182138406006,-16.05309567672157,-37.362106122861896,-13.10644337192261,-44.04760835706732,-9.890194450731023,-25.842003066443823
Random189
Raw:-0.6913387094806297,30.738551317898885,-7.52994729546363,-1.9255182138406433,-16.053095676721625,-37.36210612286193,-13.106443371922671,-44.047608357067396,-9.890194450731046,-25.842003066443873
EFT:-0.6913387094806175,30.73855131789886,-7.529947295463584,-1.9255182138406006,-16.05309567672157,-37.362106122861896,-13.10644337192261,-44.04760835706732,-9.890194450731023,-25.842003066443823
Random190
Raw:-0.6913387094806144,30.73855131789887,-7.5299472954635975,-1.925518213840609,-16.053095676721583,-37.36210612286192,-13.106443371922625,-44.047608357067354,-9.890194450731032,-25.842003066443844
EFT:-0.6913387094806175,30.73855131789886,-7.529947295463584,-1.9255182138406006,-16.05309567672157,-37.362106122861896,-13.10644337192261,-44.04760835706732,-9.890194450731023,-25.842003066443823
Random191
Raw:-0.6913387094806144,30.738551317898864,-7.529947295463585,-1.925518213840602,-16.053095676721572,-37.362106122861896,-13.10644337192261,-44.047608357067325,-9.890194450731023,-25.84200306644383
EFT:-0.6913387094806175,30.73855131789886,-7.529947295463584,-1.9255182138406006,-16.05309567672157,-37.362106122861896,-13.10644337192261,-44.04760835706732,-9.890194450731023,-25.842003066443823
Random192
Raw:-0.6913387094806214,30.738551317898885,-7.529947295463611,-1.9255182138406237,-16.053095676721604,-37.362106122861924,-13.106443371922646,-44.047608357067375,-9.890194450731038,-25.842003066443866
EFT:-0.6913387094806175,30.73855131789886,-7.529947295463584,-1.9255182138406006,-16.05309567672157,-37.362106122861896,-13.10644337192261,-44.04760835706732,-9.890194450731023,-25.842003066443823
Random193
Raw:-0.691338709480618,30.738551317898878,-7.529947295463605,-1.9255182138406197,-16.053095676721597,-37.36210612286192,-13.10644337192264,-44.04760835706736,-9.890194450731032,-25.84200306644385
EFT:-0.6913387094806175,30.73855131789886,-7.529947295463584,-1.9255182138406006,-16.05309567672157,-37.362106122861896,-13.10644337192261,-44.04760835706732,-9.890194450731023,-25.842003066443826
Random194
Raw:-0.6913387094806162,30.738551317898867,-7.5299472954635895,-1.9255182138406037,-16.053095676721576,-37.3621061228619,-13.106443371922612,-44.04760835706734,-9.890194450731027,-25.842003066443837
EFT:-0.6913387094806175,30.73855131789886,-7.529947295463584,-1.9255182138406006,-16.05309567672157,-37.362106122861896,-13.10644337192261,-44.04760835706732,-9.890194450731023,-25.842003066443826
Random195
Raw:-0.6913387094806162,30.73855131789885,-7.529947295463583,-1.925518213840605,-16.053095676721565,-37.36210612286188,-13.106443371922605,-44.04760835706731,-9.89019445073102,-25.842003066443816
EFT:-0.6913387094806175,30.73855131789886,-7.529947295463584,-1.9255182138406006,-16.05309567672157,-37.362106122861896,-13.10644337192261,-44.04760835706732,-9.890194450731023,-25.842003066443823
Random196
Raw:-0.6913387094806197,30.738551317898878,-7.529947295463596,-1.9255182138406108,-16.05309567672159,-37.36210612286192,-13.106443371922627,-44.047608357067354,-9.89019445073103,-25.842003066443837
EFT:-0.6913387094806175,30.73855131789886,-7.529947295463584,-1.9255182138406006,-16.05309567672157,-37.362106122861896,-13.10644337192261,-44.04760835706732,-9.890194450731023,-25.842003066443826
Random197
Raw:-0.6913387094806208,30.738551317898878,-7.529947295463604,-1.925518213840618,-16.053095676721593,-37.36210612286192,-13.106443371922637,-44.04760835706736,-9.890194450731032,-25.84200306644385
EFT:-0.6913387094806175,30.73855131789886,-7.529947295463584,-1.9255182138406006,-16.05309567672157,-37.362106122861896,-13.10644337192261,-44.04760835706732,-9.890194450731023,-25.842003066443823
Random198
Raw:-0.6913387094806129,30.738551317898864,-7.529947295463585,-1.9255182138405975,-16.053095676721565,-37.362106122861896,-13.106443371922609,-44.047608357067325,-9.890194450731023,-25.84200306644383
EFT:-0.6913387094806175,30.73855131789886,-7.529947295463584,-1.9255182138406006,-16.05309567672157,-37.362106122861896,-13.10644337192261,-44.04760835706732,-9.890194450731023,-25.842003066443823
Random199
Raw:-0.6913387094806106,30.738551317898857,-7.52994729546359,-1.9255182138406002,-16.053095676721572,-37.362106122861896,-13.106443371922614,-44.04760835706734,-9.890194450731025,-25.842003066443837
EFT:-0.6913387094806175,30.73855131789886,-7.529947295463584,-1.9255182138406006,-16.05309567672157,-37.362106122861896,-13.10644337192261,-44.04760835706732,-9.890194450731023,-25.842003066443823
Random200
Raw:-0.691338709480617,30.738551317898878,-7.529947295463604,-1.925518213840614,-16.053095676721593,-37.36210612286192,-13.106443371922634,-44.04760835706737,-9.890194450731036,-25.84200306644386
EFT:-0.6913387094806175,30.73855131789886,-7.529947295463584,-1.9255182138406006,-16.05309567672157,-37.362106122861896,-13.10644337192261,-44.04760835706732,-9.890194450731023,-25.842003066443823
Random201
Raw:-0.6913387094806144,30.73855131789887,-7.52994729546359,-1.9255182138406042,-16.053095676721576,-37.36210612286191,-13.106443371922621,-44.047608357067354,-9.890194450731027,-25.842003066443844
EFT:-0.6913387094806175,30.73855131789886,-7.529947295463584,-1.9255182138406006,-16.05309567672157,-37.362106122861896,-13.10644337192261,-44.04760835706732,-9.890194450731023,-25.842003066443823
Random202
Raw:-0.6913387094806055,30.738551317898843,-7.529947295463563,-1.925518213840577,-16.053095676721536,-37.36210612286187,-13.106443371922575,-44.04760835706728,-9.89019445073101,-25.84200306644381
EFT:-0.6913387094806175,30.73855131789886,-7.529947295463584,-1.9255182138406006,-16.05309567672157,-37.362106122861896,-13.10644337192261,-44.04760835706732,-9.890194450731023,-25.842003066443826
Random203
Raw:-0.6913387094806162,30.73855131789887,-7.529947295463594,-1.92551821384061,-16.05309567672158,-37.3621061228619,-13.106443371922623,-44.04760835706735,-9.890194450731029,-25.842003066443844
EFT:-0.6913387094806175,30.73855131789886,-7.529947295463584,-1.9255182138406006,-16.05309567672157,-37.362106122861896,-13.10644337192261,-44.04760835706732,-9.890194450731023,-25.842003066443826
Random204
Raw:-0.6913387094806179,30.73855131789888,-7.529947295463607,-1.9255182138406215,-16.053095676721604,-37.362106122861924,-13.106443371922646,-44.04760835706738,-9.89019445073104,-25.842003066443866
EFT:-0.6913387094806175,30.73855131789886,-7.529947295463584,-1.9255182138406006,-16.05309567672157,-37.362106122861896,-13.10644337192261,-44.04760835706732,-9.890194450731023,-25.842003066443823
Random205
Raw:-0.6913387094806165,30.73855131789886,-7.529947295463589,-1.925518213840602,-16.053095676721572,-37.362106122861896,-13.106443371922614,-44.047608357067325,-9.890194450731025,-25.842003066443823
EFT:-0.6913387094806175,30.73855131789886,-7.529947295463584,-1.9255182138406006,-16.05309567672157,-37.362106122861896,-13.10644337192261,-44.04760835706732,-9.890194450731023,-25.842003066443826
Random206
Raw:-0.6913387094806233,30.73855131789887,-7.52994729546361,-1.925518213840626,-16.0530956767216,-37.36210612286191,-13.10644337192264,-44.047608357067354,-9.890194450731038,-25.84200306644385
EFT:-0.6913387094806175,30.73855131789886,-7.529947295463584,-1.9255182138406006,-16.05309567672157,-37.362106122861896,-13.10644337192261,-44.04760835706732,-9.890194450731023,-25.842003066443823
Random207
Raw:-0.6913387094806164,30.73855131789887,-7.529947295463598,-1.9255182138406126,-16.053095676721586,-37.3621061228619,-13.106443371922628,-44.04760835706734,-9.89019445073103,-25.842003066443844
EFT:-0.6913387094806175,30.73855131789886,-7.529947295463584,-1.9255182138406006,-16.05309567672157,-37.362106122861896,-13.10644337192261,-44.04760835706732,-9.890194450731023,-25.842003066443823
Random208
Raw:-0.6913387094806144,30.738551317898864,-7.529947295463586,-1.925518213840602,-16.05309567672157,-37.3621061228619,-13.106443371922612,-44.047608357067325,-9.890194450731023,-25.842003066443837
EFT:-0.6913387094806175,30.73855131789886,-7.529947295463584,-1.9255182138406006,-16.053095676721572,-37.362106122861896,-13.10644337192261,-44.04760835706732,-9.890194450731023,-25.842003066443823
Random209
Raw:-0.6913387094806186,30.73855131789885,-7.529947295463574,-1.9255182138406006,-16.05309567672156,-37.36210612286189,-13.106443371922596,-44.0476083570673,-9.890194450731022,-25.84200306644381
EFT:-0.6913387094806175,30.73855131789886,-7.529947295463584,-1.9255182138406006,-16.05309567672157,-37.362106122861896,-13.10644337192261,-44.04760835706732,-9.890194450731023,-25.842003066443823
Random210
Raw:-0.6913387094806153,30.73855131789888,-7.529947295463601,-1.9255182138406108,-16.05309567672159,-37.36210612286192,-13.106443371922634,-44.04760835706737,-9.89019445073103,-25.84200306644386
EFT:-0.6913387094806175,30.73855131789886,-7.529947295463584,-1.9255182138406006,-16.05309567672157,-37.362106122861896,-13.10644337192261,-44.04760835706732,-9.890194450731023,-25.842003066443823
Random211
Raw:-0.691338709480625,30.738551317898885,-7.5299472954636215,-1.9255182138406357,-16.053095676721618,-37.36210612286193,-13.106443371922662,-44.04760835706739,-9.890194450731045,-25.842003066443873
EFT:-0.6913387094806175,30.73855131789886,-7.529947295463584,-1.9255182138406006,-16.05309567672157,-37.362106122861896,-13.10644337192261,-44.04760835706732,-9.890194450731023,-25.842003066443823
Random212
Raw:-0.6913387094806162,30.738551317898864,-7.529947295463595,-1.9255182138406108,-16.053095676721583,-37.362106122861896,-13.106443371922618,-44.04760835706733,-9.89019445073103,-25.842003066443837
EFT:-0.6913387094806175,30.73855131789886,-7.529947295463584,-1.9255182138406006,-16.05309567672157,-37.362106122861896,-13.10644337192261,-44.04760835706732,-9.890194450731023,-25.842003066443823
Random213
Raw:-0.6913387094806175,30.73855131789887,-7.529947295463598,-1.92551821384061,-16.053095676721586,-37.36210612286192,-13.10644337192263,-44.04760835706736,-9.89019445073103,-25.84200306644385
EFT:-0.6913387094806175,30.73855131789886,-7.529947295463584,-1.9255182138406006,-16.05309567672157,-37.362106122861896,-13.10644337192261,-44.04760835706732,-9.890194450731023,-25.842003066443826
Random214
Raw:-0.6913387094806144,30.738551317898878,-7.529947295463601,-1.9255182138406126,-16.053095676721593,-37.36210612286192,-13.106443371922632,-44.04760835706737,-9.89019445073103,-25.84200306644386
EFT:-0.6913387094806175,30.73855131789886,-7.529947295463584,-1.9255182138406006,-16.05309567672157,-37.362106122861896,-13.10644337192261,-44.04760835706732,-9.890194450731023,-25.842003066443826
Random215
Raw:-0.6913387094806179,30.738551317898867,-7.529947295463598,-1.9255182138406126,-16.053095676721586,-37.3621061228619,-13.106443371922625,-44.04760835706734,-9.890194450731034,-25.842003066443837
EFT:-0.6913387094806175,30.73855131789886,-7.529947295463584,-1.9255182138406006,-16.05309567672157,-37.362106122861896,-13.10644337192261,-44.04760835706732,-9.890194450731023,-25.842003066443826
Random216
Raw:-0.6913387094806197,30.738551317898885,-7.529947295463615,-1.9255182138406255,-16.053095676721608,-37.36210612286193,-13.106443371922651,-44.047608357067396,-9.89019445073104,-25.84200306644388
EFT:-0.6913387094806175,30.73855131789886,-7.529947295463584,-1.9255182138406006,-16.053095676721572,-37.362106122861896,-13.10644337192261,-44.04760835706732,-9.890194450731023,-25.842003066443823
Random217
Raw:-0.6913387094806176,30.73855131789888,-7.529947295463597,-1.9255182138406108,-16.05309567672159,-37.36210612286192,-13.10644337192263,-44.04760835706737,-9.890194450731036,-25.84200306644385
EFT:-0.6913387094806175,30.73855131789886,-7.529947295463584,-1.9255182138406006,-16.05309567672157,-37.362106122861896,-13.10644337192261,-44.04760835706732,-9.890194450731023,-25.842003066443823
Random218
Raw:-0.6913387094806128,30.738551317898864,-7.52994729546358,-1.9255182138405984,-16.053095676721565,-37.362106122861896,-13.106443371922603,-44.04760835706732,-9.890194450731025,-25.842003066443823
EFT:-0.6913387094806175,30.73855131789886,-7.529947295463584,-1.9255182138406006,-16.053095676721572,-37.362106122861896,-13.10644337192261,-44.04760835706732,-9.890194450731023,-25.842003066443826
Random219
Raw:-0.6913387094806197,30.738551317898864,-7.529947295463596,-1.9255182138406126,-16.053095676721583,-37.3621061228619,-13.106443371922625,-44.04760835706733,-9.890194450731027,-25.84200306644383
EFT:-0.6913387094806175,30.73855131789886,-7.529947295463584,-1.9255182138406006,-16.05309567672157,-37.362106122861896,-13.10644337192261,-44.04760835706732,-9.890194450731023,-25.842003066443823
Random220
Raw:-0.6913387094806215,30.73855131789887,-7.529947295463592,-1.9255182138406126,-16.05309567672158,-37.36210612286192,-13.106443371922621,-44.04760835706734,-9.890194450731025,-25.84200306644383
EFT:-0.6913387094806175,30.73855131789886,-7.529947295463584,-1.9255182138406006,-16.05309567672157,-37.362106122861896,-13.10644337192261,-44.04760835706732,-9.890194450731023,-25.842003066443823
Random221
Raw:-0.6913387094806126,30.738551317898864,-7.52994729546358,-1.9255182138405966,-16.053095676721565,-37.3621061228619,-13.106443371922607,-44.04760835706733,-9.890194450731023,-25.84200306644383
EFT:-0.6913387094806175,30.73855131789886,-7.529947295463584,-1.9255182138406006,-16.05309567672157,-37.362106122861896,-13.10644337192261,-44.04760835706732,-9.890194450731023,-25.842003066443823
Random222
Raw:-0.6913387094806204,30.738551317898857,-7.5299472954636055,-1.9255182138406215,-16.053095676721593,-37.362106122861896,-13.106443371922628,-44.04760835706733,-9.890194450731032,-25.84200306644383
EFT:-0.6913387094806175,30.73855131789886,-7.529947295463584,-1.9255182138406006,-16.053095676721572,-37.362106122861896,-13.10644337192261,-44.04760835706732,-9.890194450731023,-25.842003066443823
Random223
Raw:-0.691338709480617,30.738551317898867,-7.5299472954636,-1.9255182138406108,-16.05309567672159,-37.3621061228619,-13.106443371922623,-44.04760835706734,-9.89019445073103,-25.842003066443844
EFT:-0.6913387094806175,30.73855131789886,-7.529947295463584,-1.9255182138406006,-16.053095676721572,-37.362106122861896,-13.10644337192261,-44.04760835706732,-9.890194450731023,-25.842003066443823
Random224
Raw:-0.6913387094806126,30.738551317898875,-7.52994729546357,-1.925518213840589,-16.053095676721558,-37.36210612286192,-13.106443371922602,-44.04760835706734,-9.890194450731018,-25.842003066443837
EFT:-0.6913387094806175,30.73855131789886,-7.529947295463584,-1.9255182138406006,-16.05309567672157,-37.362106122861896,-13.10644337192261,-44.04760835706732,-9.890194450731023,-25.842003066443823
Random225
Raw:-0.6913387094806126,30.738551317898857,-7.529947295463586,-1.9255182138405984,-16.05309567672157,-37.36210612286189,-13.106443371922607,-44.04760835706732,-9.890194450731022,-25.842003066443823
EFT:-0.6913387094806175,30.73855131789886,-7.529947295463584,-1.9255182138406006,-16.05309567672157,-37.362106122861896,-13.10644337192261,-44.04760835706732,-9.890194450731023,-25.842003066443823
Random226
Raw:-0.6913387094806162,30.738551317898864,-7.529947295463594,-1.925518213840609,-16.053095676721583,-37.3621061228619,-13.10644337192262,-44.04760835706733,-9.89019445073103,-25.842003066443837
EFT:-0.6913387094806175,30.73855131789886,-7.529947295463584,-1.9255182138406006,-16.05309567672157,-37.362106122861896,-13.10644337192261,-44.04760835706732,-9.890194450731023,-25.842003066443823
Random227
Raw:-0.691338709480625,30.738551317898896,-7.52994729546363,-1.925518213840641,-16.05309567672163,-37.36210612286194,-13.106443371922676,-44.04760835706741,-9.890194450731048,-25.842003066443887
EFT:-0.6913387094806175,30.73855131789886,-7.529947295463584,-1.9255182138406006,-16.05309567672157,-37.362106122861896,-13.10644337192261,-44.04760835706732,-9.890194450731023,-25.842003066443826
Random228
Raw:-0.6913387094806197,30.73855131789887,-7.529947295463596,-1.9255182138406108,-16.053095676721586,-37.36210612286191,-13.106443371922628,-44.047608357067354,-9.890194450731032,-25.842003066443844
EFT:-0.6913387094806175,30.73855131789886,-7.529947295463584,-1.9255182138406006,-16.05309567672157,-37.362106122861896,-13.10644337192261,-44.04760835706732,-9.890194450731023,-25.842003066443823
Random229
Raw:-0.6913387094806099,30.73855131789886,-7.529947295463568,-1.9255182138405842,-16.053095676721554,-37.362106122861896,-13.106443371922587,-44.04760835706731,-9.89019445073102,-25.842003066443816
EFT:-0.6913387094806175,30.73855131789886,-7.529947295463584,-1.9255182138406006,-16.05309567672157,-37.362106122861896,-13.10644337192261,-44.04760835706732,-9.890194450731023,-25.842003066443826
Random230
Raw:-0.6913387094806215,30.73855131789887,-7.5299472954635975,-1.9255182138406153,-16.05309567672159,-37.36210612286191,-13.106443371922627,-44.04760835706735,-9.89019445073103,-25.842003066443837
EFT:-0.6913387094806175,30.73855131789886,-7.529947295463584,-1.9255182138406006,-16.05309567672157,-37.362106122861896,-13.10644337192261,-44.04760835706732,-9.890194450731023,-25.842003066443823
Random231
Raw:-0.691338709480617,30.73855131789888,-7.529947295463605,-1.9255182138406162,-16.053095676721597,-37.362106122861924,-13.106443371922637,-44.04760835706737,-9.890194450731036,-25.84200306644385
EFT:-0.6913387094806175,30.73855131789886,-7.529947295463584,-1.9255182138406006,-16.05309567672157,-37.362106122861896,-13.10644337192261,-44.04760835706732,-9.890194450731023,-25.842003066443823
Random232
Raw:-0.6913387094806162,30.73855131789887,-7.529947295463593,-1.925518213840609,-16.05309567672158,-37.36210612286191,-13.106443371922623,-44.04760835706735,-9.890194450731027,-25.842003066443837
EFT:-0.6913387094806175,30.73855131789886,-7.529947295463584,-1.9255182138406006,-16.05309567672157,-37.362106122861896,-13.10644337192261,-44.04760835706732,-9.890194450731023,-25.842003066443826
Random233
Raw:-0.6913387094806233,30.738551317898864,-7.529947295463601,-1.9255182138406197,-16.05309567672159,-37.3621061228619,-13.10644337192263,-44.047608357067325,-9.89019445073103,-25.84200306644383
EFT:-0.6913387094806175,30.73855131789886,-7.529947295463584,-1.9255182138406006,-16.05309567672157,-37.362106122861896,-13.10644337192261,-44.04760835706732,-9.890194450731023,-25.842003066443823
Random234
Raw:-0.6913387094806215,30.738551317898892,-7.529947295463618,-1.9255182138406268,-16.053095676721615,-37.36210612286193,-13.106443371922653,-44.04760835706739,-9.890194450731043,-25.842003066443873
EFT:-0.6913387094806175,30.73855131789886,-7.529947295463584,-1.9255182138406006,-16.05309567672157,-37.362106122861896,-13.10644337192261,-44.04760835706732,-9.890194450731023,-25.842003066443823
Random235
Raw:-0.6913387094806179,30.738551317898878,-7.529947295463602,-1.9255182138406162,-16.053095676721593,-37.36210612286192,-13.106443371922634,-44.047608357067354,-9.890194450731034,-25.842003066443844
EFT:-0.6913387094806175,30.73855131789886,-7.529947295463584,-1.9255182138406006,-16.05309567672157,-37.362106122861896,-13.10644337192261,-44.04760835706732,-9.890194450731023,-25.842003066443823
Random236
Raw:-0.6913387094806179,30.738551317898857,-7.529947295463597,-1.92551821384061,-16.053095676721583,-37.36210612286189,-13.106443371922618,-44.047608357067325,-9.890194450731023,-25.842003066443823
EFT:-0.6913387094806175,30.73855131789886,-7.529947295463584,-1.9255182138406006,-16.053095676721572,-37.362106122861896,-13.10644337192261,-44.04760835706732,-9.890194450731023,-25.842003066443823
Random237
Raw:-0.6913387094806233,30.738551317898878,-7.529947295463614,-1.9255182138406268,-16.053095676721604,-37.36210612286191,-13.10644337192265,-44.047608357067375,-9.89019445073104,-25.84200306644386
EFT:-0.6913387094806175,30.73855131789886,-7.529947295463584,-1.9255182138406006,-16.05309567672157,-37.362106122861896,-13.10644337192261,-44.04760835706732,-9.890194450731023,-25.842003066443823
Random238
Raw:-0.6913387094806215,30.73855131789887,-7.5299472954636055,-1.925518213840621,-16.053095676721597,-37.36210612286191,-13.106443371922639,-44.047608357067354,-9.890194450731034,-25.84200306644385
EFT:-0.6913387094806175,30.73855131789886,-7.529947295463584,-1.9255182138406006,-16.05309567672157,-37.362106122861896,-13.10644337192261,-44.04760835706732,-9.890194450731023,-25.842003066443823
Random239
Raw:-0.691338709480615,30.73855131789886,-7.529947295463588,-1.9255182138406082,-16.053095676721576,-37.362106122861896,-13.10644337192262,-44.04760835706733,-9.890194450731027,-25.842003066443837
EFT:-0.6913387094806175,30.73855131789886,-7.529947295463584,-1.9255182138406006,-16.05309567672157,-37.362106122861896,-13.10644337192261,-44.04760835706732,-9.890194450731023,-25.842003066443823
Random240
Raw:-0.6913387094806162,30.73855131789887,-7.529947295463599,-1.9255182138406126,-16.05309567672159,-37.3621061228619,-13.106443371922628,-44.047608357067354,-9.89019445073103,-25.84200306644385
EFT:-0.6913387094806175,30.73855131789886,-7.529947295463584,-1.9255182138406006,-16.05309567672157,-37.362106122861896,-13.10644337192261,-44.04760835706732,-9.890194450731023,-25.842003066443823
Random241
Raw:-0.6913387094806117,30.73855131789887,-7.529947295463586,-1.9255182138405984,-16.053095676721572,-37.3621061228619,-13.106443371922612,-44.04760835706734,-9.890194450731023,-25.842003066443837
EFT:-0.6913387094806175,30.73855131789886,-7.529947295463584,-1.9255182138406006,-16.05309567672157,-37.362106122861896,-13.10644337192261,-44.04760835706732,-9.890194450731023,-25.842003066443823
Random242
Raw:-0.6913387094806286,30.73855131789888,-7.529947295463621,-1.925518213840634,-16.053095676721615,-37.362106122861924,-13.106443371922659,-44.04760835706738,-9.890194450731043,-25.84200306644386
EFT:-0.6913387094806175,30.73855131789886,-7.529947295463584,-1.9255182138406006,-16.05309567672157,-37.362106122861896,-13.10644337192261,-44.04760835706732,-9.890194450731023,-25.842003066443823
Random243
Raw:-0.6913387094806215,30.738551317898878,-7.529947295463613,-1.925518213840625,-16.053095676721604,-37.36210612286192,-13.106443371922648,-44.04760835706737,-9.890194450731036,-25.842003066443866
EFT:-0.6913387094806175,30.73855131789886,-7.529947295463584,-1.9255182138406006,-16.05309567672157,-37.362106122861896,-13.10644337192261,-44.04760835706732,-9.890194450731023,-25.842003066443826
Random244
Raw:-0.6913387094806168,30.73855131789889,-7.52994729546361,-1.925518213840618,-16.0530956767216,-37.36210612286193,-13.106443371922639,-44.04760835706738,-9.890194450731036,-25.842003066443866
EFT:-0.6913387094806175,30.73855131789886,-7.529947295463584,-1.9255182138406006,-16.05309567672157,-37.362106122861896,-13.10644337192261,-44.04760835706732,-9.890194450731023,-25.842003066443823
Random245
Raw:-0.6913387094806162,30.738551317898878,-7.529947295463596,-1.925518213840609,-16.05309567672159,-37.36210612286192,-13.106443371922628,-44.04760835706737,-9.890194450731036,-25.84200306644386
EFT:-0.6913387094806175,30.73855131789886,-7.529947295463584,-1.9255182138406006,-16.05309567672157,-37.362106122861896,-13.10644337192261,-44.04760835706732,-9.890194450731023,-25.842003066443823
Random246
Raw:-0.691338709480619,30.738551317898878,-7.529947295463611,-1.9255182138406233,-16.053095676721604,-37.362106122861924,-13.106443371922646,-44.04760835706738,-9.890194450731038,-25.842003066443873
EFT:-0.6913387094806175,30.73855131789886,-7.529947295463584,-1.9255182138406006,-16.05309567672157,-37.362106122861896,-13.10644337192261,-44.04760835706732,-9.890194450731023,-25.842003066443823
Random247
Raw:-0.6913387094806179,30.738551317898864,-7.529947295463592,-1.925518213840609,-16.05309567672158,-37.3621061228619,-13.10644337192262,-44.04760835706733,-9.890194450731025,-25.84200306644383
EFT:-0.6913387094806175,30.73855131789886,-7.529947295463584,-1.9255182138406006,-16.05309567672157,-37.362106122861896,-13.10644337192261,-44.04760835706732,-9.890194450731023,-25.842003066443823
Random248
Raw:-0.6913387094806224,30.738551317898875,-7.529947295463604,-1.9255182138406215,-16.053095676721597,-37.362106122861924,-13.106443371922639,-44.04760835706736,-9.890194450731034,-25.84200306644385
EFT:-0.6913387094806175,30.73855131789886,-7.529947295463584,-1.9255182138406006,-16.05309567672157,-37.362106122861896,-13.10644337192261,-44.04760835706732,-9.890194450731023,-25.842003066443826
Random249
Raw:-0.6913387094806108,30.738551317898878,-7.529947295463592,-1.9255182138406002,-16.053095676721583,-37.36210612286192,-13.10644337192262,-44.04760835706737,-9.89019445073103,-25.84200306644386
EFT:-0.6913387094806175,30.73855131789886,-7.529947295463584,-1.9255182138406006,-16.05309567672157,-37.362106122861896,-13.10644337192261,-44.04760835706732,-9.890194450731023,-25.842003066443823
Random250
Raw:-0.6913387094806095,30.73855131789887,-7.529947295463598,-1.9255182138406073,-16.053095676721586,-37.3621061228619,-13.106443371922623,-44.04760835706737,-9.89019445073103,-25.84200306644386
EFT:-0.6913387094806175,30.73855131789886,-7.529947295463584,-1.9255182138406006,-16.05309567672157,-37.362106122861896,-13.10644337192261,-44.04760835706732,-9.890194450731023,-25.842003066443826
Random251
Raw:-0.6913387094806259,30.738551317898885,-7.52994729546362,-1.9255182138406375,-16.053095676721618,-37.36210612286193,-13.106443371922662,-44.047608357067396,-9.890194450731043,-25.842003066443873
EFT:-0.6913387094806175,30.73855131789886,-7.529947295463584,-1.9255182138406006,-16.05309567672157,-37.362106122861896,-13.10644337192261,-44.04760835706732,-9.890194450731023,-25.842003066443823
Random252
Raw:-0.6913387094806153,30.738551317898875,-7.529947295463603,-1.9255182138406126,-16.05309567672159,-37.36210612286191,-13.106443371922635,-44.047608357067354,-9.890194450731029,-25.84200306644385
EFT:-0.6913387094806175,30.73855131789886,-7.529947295463584,-1.9255182138406006,-16.05309567672157,-37.362106122861896,-13.10644337192261,-44.04760835706732,-9.890194450731023,-25.842003066443823
Random253
Raw:-0.6913387094806206,30.738551317898878,-7.529947295463607,-1.9255182138406197,-16.053095676721597,-37.36210612286192,-13.10644337192264,-44.04760835706736,-9.890194450731032,-25.842003066443844
EFT:-0.6913387094806175,30.73855131789886,-7.529947295463584,-1.9255182138406006,-16.05309567672157,-37.362106122861896,-13.10644337192261,-44.04760835706732,-9.890194450731023,-25.842003066443826
Random254
Raw:-0.6913387094806233,30.73855131789887,-7.529947295463604,-1.9255182138406215,-16.053095676721593,-37.36210612286192,-13.10644337192264,-44.047608357067354,-9.890194450731036,-25.84200306644385
EFT:-0.6913387094806175,30.73855131789886,-7.529947295463584,-1.9255182138406006,-16.05309567672157,-37.362106122861896,-13.10644337192261,-44.04760835706732,-9.890194450731023,-25.842003066443823
Random255
Raw:-0.6913387094806233,30.738551317898892,-7.529947295463617,-1.9255182138406304,-16.053095676721615,-37.36210612286193,-13.106443371922655,-44.047608357067396,-9.890194450731043,-25.842003066443873
EFT:-0.6913387094806175,30.73855131789886,-7.529947295463584,-1.9255182138406006,-16.05309567672157,-37.362106122861896,-13.10644337192261,-44.04760835706732,-9.890194450731023,-25.842003066443823
Random256
Raw:-0.691338709480619,30.738551317898885,-7.5299472954636055,-1.9255182138406197,-16.053095676721604,-37.362106122861924,-13.106443371922646,-44.04760835706738,-9.890194450731038,-25.842003066443866
EFT:-0.6913387094806175,30.73855131789886,-7.529947295463584,-1.9255182138406006,-16.05309567672157,-37.362106122861896,-13.10644337192261,-44.04760835706732,-9.890194450731023,-25.842003066443823
Random257
Raw:-0.6913387094806257,30.738551317898892,-7.529947295463621,-1.9255182138406357,-16.053095676721618,-37.36210612286193,-13.106443371922664,-44.0476083570674,-9.890194450731041,-25.842003066443873
EFT:-0.6913387094806175,30.73855131789886,-7.529947295463584,-1.9255182138406006,-16.05309567672157,-37.362106122861896,-13.10644337192261,-44.04760835706732,-9.890194450731023,-25.842003066443826
Random258
Raw:-0.6913387094806277,30.738551317898885,-7.5299472954636295,-1.9255182138406446,-16.053095676721625,-37.36210612286193,-13.106443371922671,-44.047608357067396,-9.890194450731048,-25.842003066443873
EFT:-0.6913387094806175,30.73855131789886,-7.529947295463584,-1.9255182138406006,-16.05309567672157,-37.362106122861896,-13.10644337192261,-44.04760835706732,-9.890194450731023,-25.842003066443823
Random259
Raw:-0.6913387094806113,30.738551317898885,-7.529947295463587,-1.9255182138405984,-16.053095676721576,-37.36210612286192,-13.10644337192262,-44.04760835706736,-9.890194450731027,-25.84200306644385
EFT:-0.6913387094806175,30.73855131789886,-7.529947295463584,-1.9255182138406006,-16.05309567672157,-37.362106122861896,-13.10644337192261,-44.04760835706732,-9.890194450731023,-25.842003066443823
Random260
Raw:-0.6913387094806224,30.738551317898875,-7.5299472954635975,-1.925518213840613,-16.05309567672159,-37.36210612286192,-13.106443371922628,-44.04760835706735,-9.890194450731034,-25.842003066443837
EFT:-0.6913387094806175,30.73855131789886,-7.529947295463584,-1.9255182138406006,-16.05309567672157,-37.362106122861896,-13.10644337192261,-44.04760835706732,-9.890194450731023,-25.842003066443826
Random261
Raw:-0.691338709480612,30.738551317898867,-7.5299472954635895,-1.9255182138406002,-16.053095676721576,-37.3621061228619,-13.106443371922609,-44.047608357067325,-9.89019445073103,-25.842003066443837
EFT:-0.6913387094806175,30.73855131789886,-7.529947295463584,-1.9255182138406006,-16.05309567672157,-37.362106122861896,-13.10644337192261,-44.04760835706732,-9.890194450731023,-25.842003066443826
Random262
Raw:-0.6913387094806218,30.73855131789887,-7.52994729546359,-1.9255182138406108,-16.05309567672158,-37.36210612286192,-13.106443371922621,-44.04760835706734,-9.890194450731025,-25.84200306644383
EFT:-0.6913387094806175,30.73855131789886,-7.529947295463584,-1.9255182138406006,-16.053095676721572,-37.362106122861896,-13.10644337192261,-44.04760835706732,-9.890194450731023,-25.842003066443823
Random263
Raw:-0.6913387094806241,30.73855131789888,-7.529947295463614,-1.925518213840633,-16.053095676721608,-37.362106122861924,-13.106443371922655,-44.04760835706738,-9.890194450731038,-25.842003066443866
EFT:-0.6913387094806175,30.73855131789886,-7.529947295463584,-1.9255182138406006,-16.05309567672157,-37.362106122861896,-13.10644337192261,-44.04760835706732,-9.890194450731023,-25.842003066443826
Random264
Raw:-0.6913387094806095,30.73855131789887,-7.529947295463587,-1.9255182138405984,-16.053095676721576,-37.3621061228619,-13.106443371922616,-44.047608357067354,-9.890194450731027,-25.84200306644385
EFT:-0.6913387094806175,30.73855131789886,-7.529947295463584,-1.9255182138406006,-16.05309567672157,-37.362106122861896,-13.10644337192261,-44.04760835706732,-9.890194450731023,-25.842003066443823
Random265
Raw:-0.691338709480611,30.738551317898875,-7.529947295463573,-1.925518213840586,-16.053095676721558,-37.36210612286191,-13.106443371922602,-44.04760835706734,-9.89019445073102,-25.842003066443837
EFT:-0.6913387094806175,30.73855131789886,-7.529947295463584,-1.9255182138406006,-16.05309567672157,-37.362106122861896,-13.10644337192261,-44.04760835706732,-9.890194450731023,-25.842003066443823
Random266
Raw:-0.6913387094806215,30.738551317898878,-7.5299472954636055,-1.9255182138406197,-16.053095676721597,-37.36210612286192,-13.10644337192264,-44.04760835706736,-9.890194450731036,-25.84200306644385
EFT:-0.6913387094806175,30.73855131789886,-7.529947295463584,-1.9255182138406006,-16.05309567672157,-37.362106122861896,-13.10644337192261,-44.04760835706732,-9.890194450731023,-25.842003066443823
Random267
Raw:-0.6913387094806137,30.738551317898864,-7.529947295463586,-1.9255182138405993,-16.053095676721572,-37.3621061228619,-13.106443371922612,-44.04760835706734,-9.890194450731023,-25.842003066443837
EFT:-0.6913387094806175,30.73855131789886,-7.529947295463584,-1.9255182138406006,-16.05309567672157,-37.362106122861896,-13.10644337192261,-44.04760835706732,-9.890194450731023,-25.842003066443823
Random268
Raw:-0.6913387094806162,30.738551317898864,-7.529947295463585,-1.9255182138406037,-16.053095676721572,-37.362106122861896,-13.106443371922607,-44.047608357067325,-9.890194450731027,-25.842003066443837
EFT:-0.6913387094806175,30.73855131789886,-7.529947295463584,-1.9255182138406006,-16.05309567672157,-37.362106122861896,-13.10644337192261,-44.04760835706732,-9.890194450731023,-25.842003066443826
Random269
Raw:-0.6913387094806144,30.738551317898867,-7.529947295463592,-1.925518213840601,-16.053095676721576,-37.362106122861896,-13.106443371922612,-44.04760835706733,-9.890194450731027,-25.84200306644383
EFT:-0.6913387094806175,30.73855131789886,-7.529947295463584,-1.9255182138406006,-16.05309567672157,-37.362106122861896,-13.10644337192261,-44.04760835706732,-9.890194450731023,-25.842003066443823
Random270
Raw:-0.6913387094806108,30.738551317898864,-7.529947295463574,-1.9255182138405895,-16.053095676721558,-37.362106122861896,-13.106443371922598,-44.04760835706732,-9.89019445073102,-25.842003066443823
EFT:-0.6913387094806175,30.73855131789886,-7.529947295463584,-1.9255182138406006,-16.05309567672157,-37.362106122861896,-13.10644337192261,-44.04760835706732,-9.890194450731023,-25.842003066443823
Random271
Raw:-0.6913387094806179,30.73855131789887,-7.529947295463608,-1.925518213840617,-16.053095676721597,-37.3621061228619,-13.106443371922637,-44.04760835706736,-9.890194450731034,-25.84200306644385
EFT:-0.6913387094806175,30.73855131789886,-7.529947295463584,-1.9255182138406006,-16.053095676721572,-37.362106122861896,-13.10644337192261,-44.04760835706732,-9.890194450731023,-25.842003066443826
Random272
Raw:-0.6913387094806098,30.738551317898864,-7.5299472954635815,-1.9255182138405922,-16.05309567672156,-37.362106122861896,-13.106443371922607,-44.04760835706733,-9.890194450731023,-25.842003066443837
EFT:-0.6913387094806175,30.73855131789886,-7.529947295463584,-1.9255182138406006,-16.05309567672157,-37.362106122861896,-13.10644337192261,-44.04760835706732,-9.890194450731023,-25.842003066443823
Random273
Raw:-0.6913387094806082,30.73855131789885,-7.529947295463568,-1.9255182138405837,-16.05309567672155,-37.36210612286189,-13.10644337192259,-44.04760835706731,-9.890194450731013,-25.842003066443823
EFT:-0.6913387094806175,30.73855131789886,-7.529947295463584,-1.9255182138406006,-16.05309567672157,-37.362106122861896,-13.10644337192261,-44.04760835706732,-9.890194450731023,-25.842003066443823
Random274
Raw:-0.6913387094806169,30.738551317898892,-7.529947295463612,-1.9255182138406197,-16.053095676721608,-37.36210612286193,-13.10644337192265,-44.047608357067396,-9.890194450731038,-25.842003066443873
EFT:-0.6913387094806175,30.73855131789886,-7.529947295463584,-1.9255182138406006,-16.05309567672157,-37.362106122861896,-13.10644337192261,-44.04760835706732,-9.890194450731023,-25.842003066443823
Random275
Raw:-0.6913387094806197,30.738551317898878,-7.529947295463606,-1.9255182138406215,-16.053095676721597,-37.36210612286192,-13.106443371922643,-44.047608357067375,-9.890194450731032,-25.84200306644386
EFT:-0.6913387094806175,30.73855131789886,-7.529947295463584,-1.9255182138406006,-16.05309567672157,-37.362106122861896,-13.10644337192261,-44.04760835706732,-9.890194450731023,-25.842003066443823
Random276
Raw:-0.6913387094806215,30.73855131789889,-7.529947295463614,-1.9255182138406277,-16.05309567672161,-37.36210612286193,-13.106443371922655,-44.047608357067396,-9.890194450731043,-25.842003066443873
EFT:-0.6913387094806175,30.73855131789886,-7.529947295463584,-1.9255182138406006,-16.053095676721572,-37.362106122861896,-13.10644337192261,-44.04760835706732,-9.890194450731023,-25.842003066443826
Random277
Raw:-0.6913387094806128,30.738551317898857,-7.529947295463578,-1.925518213840594,-16.05309567672156,-37.36210612286189,-13.106443371922603,-44.04760835706731,-9.890194450731018,-25.842003066443816
EFT:-0.6913387094806175,30.73855131789886,-7.529947295463584,-1.9255182138406006,-16.05309567672157,-37.362106122861896,-13.10644337192261,-44.04760835706732,-9.890194450731023,-25.842003066443826
Random278
Raw:-0.6913387094806126,30.73855131789886,-7.5299472954635895,-1.9255182138406055,-16.053095676721576,-37.36210612286189,-13.106443371922614,-44.047608357067325,-9.890194450731023,-25.84200306644383
EFT:-0.6913387094806175,30.73855131789886,-7.529947295463584,-1.9255182138406006,-16.05309567672157,-37.362106122861896,-13.10644337192261,-44.04760835706732,-9.890194450731023,-25.842003066443823
Random279
Raw:-0.6913387094806226,30.73855131789888,-7.529947295463606,-1.9255182138406215,-16.053095676721597,-37.362106122861924,-13.106443371922639,-44.04760835706737,-9.890194450731036,-25.84200306644385
EFT:-0.6913387094806175,30.73855131789886,-7.529947295463584,-1.9255182138406006,-16.05309567672157,-37.362106122861896,-13.10644337192261,-44.04760835706732,-9.890194450731023,-25.842003066443826
Random280
Raw:-0.6913387094806153,30.738551317898878,-7.529947295463595,-1.9255182138406073,-16.053095676721583,-37.36210612286191,-13.106443371922623,-44.047608357067354,-9.890194450731027,-25.842003066443844
EFT:-0.6913387094806175,30.73855131789886,-7.529947295463584,-1.9255182138406006,-16.05309567672157,-37.362106122861896,-13.10644337192261,-44.04760835706732,-9.890194450731023,-25.842003066443823
Random281
Raw:-0.6913387094806162,30.738551317898864,-7.529947295463592,-1.925518213840609,-16.053095676721583,-37.3621061228619,-13.10644337192262,-44.04760835706734,-9.890194450731029,-25.842003066443837
EFT:-0.6913387094806175,30.73855131789886,-7.529947295463584,-1.9255182138406006,-16.05309567672157,-37.362106122861896,-13.10644337192261,-44.04760835706732,-9.890194450731023,-25.842003066443826
Random282
Raw:-0.6913387094806233,30.738551317898875,-7.529947295463611,-1.925518213840625,-16.0530956767216,-37.36210612286192,-13.10644337192265,-44.04760835706737,-9.890194450731038,-25.84200306644386
EFT:-0.6913387094806175,30.73855131789886,-7.529947295463584,-1.9255182138406006,-16.05309567672157,-37.362106122861896,-13.10644337192261,-44.04760835706732,-9.890194450731023,-25.842003066443823
Random283
Raw:-0.6913387094806126,30.738551317898864,-7.529947295463588,-1.9255182138405984,-16.053095676721572,-37.362106122861896,-13.106443371922612,-44.04760835706734,-9.890194450731023,-25.842003066443837
EFT:-0.6913387094806175,30.73855131789886,-7.529947295463584,-1.9255182138406006,-16.05309567672157,-37.362106122861896,-13.10644337192261,-44.04760835706732,-9.890194450731023,-25.842003066443823
Random284
Raw:-0.6913387094806108,30.738551317898867,-7.52994729546358,-1.925518213840593,-16.053095676721565,-37.3621061228619,-13.106443371922607,-44.04760835706734,-9.890194450731018,-25.842003066443837
EFT:-0.6913387094806175,30.73855131789886,-7.529947295463584,-1.9255182138406006,-16.05309567672157,-37.362106122861896,-13.10644337192261,-44.04760835706732,-9.890194450731023,-25.842003066443823
Random285
Raw:-0.6913387094806037,30.738551317898864,-7.529947295463563,-1.9255182138405735,-16.053095676721544,-37.362106122861896,-13.106443371922579,-44.04760835706731,-9.89019445073102,-25.842003066443823
EFT:-0.6913387094806175,30.73855131789886,-7.529947295463584,-1.9255182138406006,-16.05309567672157,-37.362106122861896,-13.10644337192261,-44.04760835706732,-9.890194450731023,-25.842003066443823
Random286
Raw:-0.6913387094806215,30.73855131789887,-7.529947295463602,-1.9255182138406197,-16.053095676721593,-37.36210612286191,-13.106443371922635,-44.047608357067354,-9.890194450731034,-25.84200306644385
EFT:-0.6913387094806175,30.73855131789886,-7.529947295463584,-1.9255182138406006,-16.05309567672157,-37.362106122861896,-13.10644337192261,-44.04760835706732,-9.890194450731023,-25.842003066443826
Random287
Raw:-0.6913387094806153,30.738551317898878,-7.5299472954636,-1.925518213840609,-16.053095676721586,-37.36210612286192,-13.106443371922627,-44.047608357067354,-9.89019445073103,-25.842003066443844
EFT:-0.6913387094806175,30.73855131789886,-7.529947295463584,-1.9255182138406006,-16.05309567672157,-37.362106122861896,-13.10644337192261,-44.04760835706732,-9.890194450731023,-25.842003066443823
Random288
Raw:-0.6913387094806163,30.738551317898878,-7.529947295463599,-1.9255182138406144,-16.053095676721593,-37.362106122861924,-13.106443371922634,-44.04760835706737,-9.890194450731036,-25.84200306644386
EFT:-0.6913387094806175,30.73855131789886,-7.529947295463584,-1.9255182138406006,-16.05309567672157,-37.362106122861896,-13.10644337192261,-44.04760835706732,-9.890194450731023,-25.842003066443823
Random289
Raw:-0.6913387094806184,30.738551317898892,-7.52994729546362,-1.9255182138406286,-16.053095676721615,-37.36210612286194,-13.106443371922655,-44.0476083570674,-9.890194450731045,-25.84200306644388
EFT:-0.6913387094806175,30.73855131789886,-7.529947295463584,-1.9255182138406006,-16.05309567672157,-37.362106122861896,-13.10644337192261,-44.04760835706732,-9.890194450731023,-25.842003066443823
Random290
Raw:-0.6913387094806197,30.738551317898875,-7.529947295463614,-1.9255182138406233,-16.053095676721604,-37.36210612286192,-13.10644337192264,-44.04760835706737,-9.890194450731038,-25.84200306644385
EFT:-0.6913387094806175,30.73855131789886,-7.529947295463584,-1.9255182138406006,-16.05309567672157,-37.362106122861896,-13.10644337192261,-44.04760835706732,-9.890194450731023,-25.842003066443826
Random291
Raw:-0.6913387094806124,30.738551317898864,-7.52994729546359,-1.9255182138406037,-16.053095676721576,-37.362106122861896,-13.106443371922616,-44.04760835706734,-9.890194450731025,-25.842003066443837
EFT:-0.6913387094806175,30.73855131789886,-7.529947295463584,-1.9255182138406006,-16.05309567672157,-37.362106122861896,-13.10644337192261,-44.04760835706732,-9.890194450731023,-25.842003066443826
Random292
Raw:-0.6913387094806304,30.738551317898892,-7.5299472954636375,-1.92551821384065,-16.053095676721636,-37.36210612286194,-13.106443371922683,-44.04760835706742,-9.890194450731052,-25.842003066443887
EFT:-0.6913387094806175,30.73855131789886,-7.529947295463584,-1.9255182138406006,-16.053095676721572,-37.362106122861896,-13.10644337192261,-44.04760835706732,-9.890194450731023,-25.842003066443826
Random293
Raw:-0.6913387094806188,30.738551317898875,-7.529947295463603,-1.925518213840618,-16.053095676721597,-37.36210612286192,-13.10644337192264,-44.04760835706737,-9.890194450731034,-25.842003066443866
EFT:-0.6913387094806175,30.73855131789886,-7.529947295463584,-1.9255182138406006,-16.05309567672157,-37.362106122861896,-13.10644337192261,-44.04760835706732,-9.890194450731023,-25.842003066443823
Random294
Raw:-0.6913387094806179,30.73855131789887,-7.529947295463598,-1.9255182138406104,-16.053095676721586,-37.36210612286191,-13.106443371922628,-44.047608357067354,-9.890194450731027,-25.842003066443844
EFT:-0.6913387094806175,30.73855131789886,-7.529947295463584,-1.9255182138406006,-16.05309567672157,-37.362106122861896,-13.10644337192261,-44.04760835706732,-9.890194450731023,-25.842003066443823
Random295
Raw:-0.6913387094806249,30.73855131789888,-7.529947295463621,-1.925518213840634,-16.053095676721615,-37.362106122861924,-13.106443371922657,-44.04760835706739,-9.890194450731043,-25.842003066443866
EFT:-0.6913387094806175,30.73855131789886,-7.529947295463584,-1.9255182138406006,-16.05309567672157,-37.362106122861896,-13.10644337192261,-44.04760835706732,-9.890194450731023,-25.842003066443823
Random296
Raw:-0.6913387094806179,30.738551317898867,-7.529947295463594,-1.9255182138406073,-16.05309567672158,-37.362106122861896,-13.10644337192262,-44.04760835706733,-9.890194450731027,-25.84200306644383
EFT:-0.6913387094806175,30.73855131789886,-7.529947295463584,-1.9255182138406006,-16.05309567672157,-37.362106122861896,-13.10644337192261,-44.04760835706732,-9.890194450731023,-25.842003066443823
Random297
Raw:-0.6913387094806132,30.738551317898857,-7.529947295463578,-1.9255182138405948,-16.053095676721565,-37.362106122861896,-13.1064433719226,-44.04760835706731,-9.890194450731023,-25.842003066443823
EFT:-0.6913387094806175,30.73855131789886,-7.529947295463584,-1.9255182138406006,-16.05309567672157,-37.362106122861896,-13.10644337192261,-44.04760835706732,-9.890194450731023,-25.842003066443823
Random298
Raw:-0.6913387094806148,30.73855131789888,-7.529947295463586,-1.9255182138406015,-16.053095676721576,-37.36210612286192,-13.106443371922621,-44.04760835706736,-9.890194450731027,-25.84200306644385
EFT:-0.6913387094806175,30.73855131789886,-7.529947295463584,-1.9255182138406006,-16.05309567672157,-37.362106122861896,-13.10644337192261,-44.04760835706732,-9.890194450731023,-25.842003066443823
Random299
Raw:-0.6913387094806083,30.738551317898864,-7.52994729546357,-1.9255182138405824,-16.053095676721554,-37.362106122861896,-13.106443371922591,-44.04760835706733,-9.890194450731022,-25.84200306644383
EFT:-0.6913387094806175,30.73855131789886,-7.529947295463584,-1.9255182138406006,-16.05309567672157,-37.362106122861896,-13.10644337192261,-44.04760835706732,-9.890194450731023,-25.842003066443826
Random300
Raw:-0.6913387094806134,30.73855131789887,-7.529947295463583,-1.925518213840602,-16.053095676721572,-37.36210612286191,-13.106443371922614,-44.04760835706734,-9.890194450731025,-25.842003066443844
EFT:-0.6913387094806175,30.73855131789886,-7.529947295463584,-1.9255182138406006,-16.05309567672157,-37.362106122861896,-13.10644337192261,-44.04760835706732,-9.890194450731023,-25.842003066443823
Random301
Raw:-0.6913387094806239,30.738551317898885,-7.529947295463618,-1.925518213840634,-16.053095676721615,-37.36210612286193,-13.106443371922664,-44.04760835706739,-9.890194450731041,-25.842003066443873
EFT:-0.6913387094806175,30.73855131789886,-7.529947295463584,-1.9255182138406006,-16.05309567672157,-37.362106122861896,-13.10644337192261,-44.04760835706732,-9.890194450731023,-25.842003066443823
Random302
Raw:-0.6913387094806197,30.738551317898878,-7.529947295463602,-1.925518213840618,-16.053095676721597,-37.36210612286192,-13.106443371922639,-44.04760835706737,-9.890194450731034,-25.84200306644385
EFT:-0.6913387094806175,30.73855131789886,-7.529947295463584,-1.9255182138406006,-16.05309567672157,-37.362106122861896,-13.10644337192261,-44.04760835706732,-9.890194450731023,-25.842003066443823
Random303
Raw:-0.6913387094806153,30.738551317898878,-7.529947295463592,-1.9255182138406037,-16.053095676721583,-37.36210612286192,-13.106443371922618,-44.04760835706735,-9.890194450731029,-25.842003066443837
EFT:-0.6913387094806175,30.73855131789886,-7.529947295463584,-1.9255182138406006,-16.05309567672157,-37.362106122861896,-13.10644337192261,-44.04760835706732,-9.890194450731023,-25.842003066443823
Random304
Raw:-0.6913387094806179,30.738551317898867,-7.529947295463602,-1.9255182138406144,-16.053095676721586,-37.3621061228619,-13.106443371922628,-44.047608357067354,-9.890194450731027,-25.842003066443844
EFT:-0.6913387094806175,30.73855131789886,-7.529947295463584,-1.9255182138406006,-16.05309567672157,-37.362106122861896,-13.10644337192261,-44.04760835706732,-9.890194450731023,-25.842003066443823
Random305
Raw:-0.6913387094806144,30.738551317898875,-7.529947295463587,-1.925518213840602,-16.053095676721576,-37.36210612286192,-13.106443371922614,-44.047608357067354,-9.890194450731023,-25.842003066443844
EFT:-0.6913387094806175,30.73855131789886,-7.529947295463584,-1.9255182138406006,-16.05309567672157,-37.362106122861896,-13.10644337192261,-44.04760835706732,-9.890194450731023,-25.842003066443823
Random306
Raw:-0.6913387094806162,30.738551317898885,-7.52994729546361,-1.9255182138406197,-16.0530956767216,-37.362106122861924,-13.10644337192264,-44.047608357067375,-9.890194450731034,-25.842003066443866
EFT:-0.6913387094806175,30.73855131789886,-7.529947295463584,-1.9255182138406006,-16.05309567672157,-37.362106122861896,-13.10644337192261,-44.04760835706732,-9.890194450731023,-25.842003066443823
Random307
Raw:-0.6913387094806184,30.738551317898885,-7.529947295463615,-1.9255182138406268,-16.05309567672161,-37.36210612286193,-13.106443371922653,-44.047608357067396,-9.890194450731045,-25.842003066443873
EFT:-0.6913387094806175,30.73855131789886,-7.529947295463584,-1.9255182138406006,-16.05309567672157,-37.362106122861896,-13.10644337192261,-44.04760835706732,-9.890194450731023,-25.842003066443823
Random308
Raw:-0.6913387094806197,30.73855131789887,-7.529947295463596,-1.925518213840609,-16.053095676721586,-37.36210612286191,-13.106443371922627,-44.047608357067354,-9.890194450731034,-25.842003066443844
EFT:-0.6913387094806175,30.73855131789886,-7.529947295463584,-1.9255182138406006,-16.05309567672157,-37.362106122861896,-13.10644337192261,-44.04760835706732,-9.890194450731023,-25.842003066443826
Random309
Raw:-0.6913387094806197,30.738551317898896,-7.529947295463615,-1.925518213840625,-16.05309567672161,-37.36210612286194,-13.106443371922653,-44.047608357067396,-9.890194450731043,-25.84200306644388
EFT:-0.6913387094806175,30.73855131789886,-7.529947295463584,-1.9255182138406006,-16.05309567672157,-37.362106122861896,-13.10644337192261,-44.04760835706732,-9.890194450731023,-25.842003066443823
Random310
Raw:-0.6913387094806097,30.73855131789885,-7.529947295463571,-1.9255182138405895,-16.05309567672155,-37.36210612286188,-13.106443371922593,-44.0476083570673,-9.890194450731016,-25.842003066443816
EFT:-0.6913387094806175,30.73855131789886,-7.529947295463584,-1.9255182138406006,-16.05309567672157,-37.362106122861896,-13.10644337192261,-44.04760835706732,-9.890194450731023,-25.842003066443823
Random311
Raw:-0.6913387094806146,30.738551317898867,-7.529947295463593,-1.925518213840609,-16.05309567672158,-37.3621061228619,-13.106443371922621,-44.04760835706735,-9.890194450731025,-25.842003066443844
EFT:-0.6913387094806175,30.73855131789886,-7.529947295463584,-1.9255182138406006,-16.05309567672157,-37.362106122861896,-13.10644337192261,-44.04760835706732,-9.890194450731023,-25.842003066443823
Random312
Raw:-0.6913387094806188,30.73855131789889,-7.529947295463606,-1.9255182138406233,-16.0530956767216,-37.362106122861924,-13.106443371922644,-44.047608357067375,-9.890194450731034,-25.842003066443866
EFT:-0.6913387094806175,30.73855131789886,-7.529947295463584,-1.9255182138406006,-16.05309567672157,-37.362106122861896,-13.10644337192261,-44.04760835706732,-9.890194450731023,-25.842003066443823
Random313
Raw:-0.691338709480613,30.738551317898864,-7.529947295463586,-1.9255182138406006,-16.053095676721572,-37.3621061228619,-13.106443371922614,-44.04760835706734,-9.890194450731023,-25.842003066443837
EFT:-0.6913387094806175,30.73855131789886,-7.529947295463584,-1.9255182138406006,-16.05309567672157,-37.362106122861896,-13.10644337192261,-44.04760835706732,-9.890194450731023,-25.842003066443826
Random314
Raw:-0.6913387094806224,30.738551317898875,-7.5299472954636055,-1.9255182138406233,-16.0530956767216,-37.36210612286191,-13.106443371922643,-44.047608357067354,-9.890194450731038,-25.84200306644385
EFT:-0.6913387094806175,30.73855131789886,-7.529947295463584,-1.9255182138406006,-16.05309567672157,-37.362106122861896,-13.10644337192261,-44.04760835706732,-9.890194450731023,-25.842003066443823
Random315
Raw:-0.6913387094806128,30.738551317898878,-7.529947295463597,-1.9255182138406077,-16.053095676721586,-37.36210612286192,-13.106443371922625,-44.04760835706737,-9.890194450731032,-25.84200306644386
EFT:-0.6913387094806175,30.73855131789886,-7.529947295463584,-1.9255182138406006,-16.05309567672157,-37.362106122861896,-13.10644337192261,-44.04760835706732,-9.890194450731023,-25.842003066443823
Random316
Raw:-0.6913387094806224,30.738551317898878,-7.529947295463612,-1.9255182138406304,-16.053095676721608,-37.36210612286192,-13.10644337192265,-44.04760835706737,-9.890194450731038,-25.84200306644386
EFT:-0.6913387094806175,30.73855131789886,-7.529947295463584,-1.9255182138406006,-16.05309567672157,-37.362106122861896,-13.10644337192261,-44.04760835706732,-9.890194450731023,-25.842003066443823
Random317
Raw:-0.691338709480633,30.738551317898892,-7.529947295463631,-1.92551821384065,-16.05309567672163,-37.362106122861945,-13.10644337192268,-44.0476083570674,-9.890194450731046,-25.842003066443873
EFT:-0.6913387094806175,30.73855131789886,-7.529947295463584,-1.9255182138406006,-16.053095676721572,-37.362106122861896,-13.10644337192261,-44.04760835706732,-9.890194450731023,-25.842003066443826
Random318
Raw:-0.6913387094806135,30.73855131789886,-7.529947295463577,-1.925518213840593,-16.053095676721558,-37.36210612286189,-13.106443371922602,-44.04760835706732,-9.89019445073102,-25.842003066443823
EFT:-0.6913387094806175,30.73855131789886,-7.529947295463584,-1.9255182138406006,-16.05309567672157,-37.362106122861896,-13.10644337192261,-44.04760835706732,-9.890194450731023,-25.842003066443823
Random319
Raw:-0.6913387094806147,30.738551317898864,-7.529947295463581,-1.925518213840602,-16.05309567672157,-37.362106122861896,-13.106443371922609,-44.04760835706732,-9.890194450731027,-25.84200306644383
EFT:-0.6913387094806175,30.73855131789886,-7.529947295463584,-1.9255182138406006,-16.05309567672157,-37.362106122861896,-13.10644337192261,-44.04760835706732,-9.890194450731023,-25.842003066443826
Random320
Raw:-0.6913387094806099,30.738551317898864,-7.529947295463569,-1.9255182138405869,-16.053095676721558,-37.3621061228619,-13.106443371922593,-44.04760835706731,-9.890194450731018,-25.842003066443816
EFT:-0.6913387094806175,30.73855131789886,-7.529947295463584,-1.9255182138406006,-16.053095676721572,-37.362106122861896,-13.10644337192261,-44.04760835706732,-9.890194450731023,-25.842003066443826
Random321
Raw:-0.6913387094806144,30.73855131789889,-7.529947295463606,-1.9255182138406153,-16.053095676721597,-37.36210612286193,-13.106443371922639,-44.047608357067375,-9.890194450731036,-25.842003066443866
EFT:-0.6913387094806175,30.73855131789886,-7.529947295463584,-1.9255182138406006,-16.05309567672157,-37.362106122861896,-13.10644337192261,-44.04760835706732,-9.890194450731023,-25.842003066443823
Random322
Raw:-0.6913387094806197,30.73855131789888,-7.529947295463614,-1.9255182138406268,-16.053095676721604,-37.36210612286192,-13.106443371922653,-44.04760835706738,-9.890194450731034,-25.842003066443866
EFT:-0.6913387094806175,30.73855131789886,-7.529947295463584,-1.9255182138406006,-16.05309567672157,-37.362106122861896,-13.10644337192261,-44.04760835706732,-9.890194450731023,-25.842003066443826
Random323
Raw:-0.6913387094806162,30.738551317898867,-7.529947295463593,-1.9255182138406073,-16.05309567672158,-37.362106122861896,-13.10644337192262,-44.04760835706734,-9.890194450731029,-25.842003066443837
EFT:-0.6913387094806175,30.73855131789886,-7.529947295463584,-1.9255182138406006,-16.05309567672157,-37.362106122861896,-13.10644337192261,-44.04760835706732,-9.890194450731023,-25.842003066443826
Random324
Raw:-0.6913387094806215,30.738551317898875,-7.5299472954635975,-1.925518213840613,-16.053095676721586,-37.36210612286191,-13.10644337192263,-44.04760835706735,-9.890194450731034,-25.842003066443844
EFT:-0.6913387094806175,30.73855131789886,-7.529947295463584,-1.9255182138406006,-16.05309567672157,-37.362106122861896,-13.10644337192261,-44.04760835706732,-9.890194450731023,-25.842003066443826
Random325
Raw:-0.6913387094806197,30.738551317898867,-7.529947295463595,-1.9255182138406126,-16.053095676721586,-37.3621061228619,-13.106443371922628,-44.04760835706734,-9.89019445073103,-25.842003066443837
EFT:-0.6913387094806175,30.73855131789886,-7.529947295463584,-1.9255182138406006,-16.05309567672157,-37.362106122861896,-13.10644337192261,-44.04760835706732,-9.890194450731023,-25.842003066443823
Random326
Raw:-0.6913387094806144,30.738551317898864,-7.52994729546358,-1.9255182138405966,-16.05309567672157,-37.362106122861896,-13.106443371922607,-44.04760835706732,-9.890194450731023,-25.84200306644383
EFT:-0.6913387094806175,30.73855131789886,-7.529947295463584,-1.9255182138406006,-16.05309567672157,-37.362106122861896,-13.10644337192261,-44.04760835706732,-9.890194450731023,-25.842003066443823
Random327
Raw:-0.6913387094806179,30.73855131789887,-7.5299472954636,-1.9255182138406135,-16.053095676721593,-37.36210612286191,-13.106443371922628,-44.047608357067354,-9.890194450731036,-25.842003066443844
EFT:-0.6913387094806175,30.73855131789886,-7.529947295463584,-1.9255182138406006,-16.05309567672157,-37.362106122861896,-13.10644337192261,-44.04760835706732,-9.890194450731023,-25.842003066443823
Random328
Raw:-0.6913387094806215,30.738551317898885,-7.529947295463614,-1.9255182138406295,-16.05309567672161,-37.36210612286193,-13.106443371922655,-44.04760835706739,-9.890194450731041,-25.842003066443866
EFT:-0.6913387094806175,30.73855131789886,-7.529947295463584,-1.9255182138406006,-16.05309567672157,-37.362106122861896,-13.10644337192261,-44.04760835706732,-9.890194450731023,-25.842003066443826
Random329
Raw:-0.6913387094806233,30.73855131789888,-7.529947295463616,-1.9255182138406322,-16.053095676721608,-37.362106122861924,-13.106443371922653,-44.04760835706738,-9.890194450731036,-25.842003066443866
EFT:-0.6913387094806175,30.73855131789886,-7.529947295463584,-1.9255182138406006,-16.05309567672157,-37.362106122861896,-13.10644337192261,-44.04760835706732,-9.890194450731023,-25.842003066443823
Random330
Raw:-0.6913387094806184,30.73855131789887,-7.529947295463612,-1.9255182138406215,-16.0530956767216,-37.3621061228619,-13.106443371922639,-44.04760835706736,-9.890194450731034,-25.84200306644386
EFT:-0.6913387094806175,30.73855131789886,-7.529947295463584,-1.9255182138406006,-16.053095676721572,-37.362106122861896,-13.10644337192261,-44.04760835706732,-9.890194450731023,-25.842003066443826
Random331
Raw:-0.6913387094806108,30.738551317898875,-7.5299472954635895,-1.9255182138406024,-16.05309567672158,-37.36210612286192,-13.106443371922623,-44.04760835706737,-9.890194450731027,-25.84200306644386
EFT:-0.6913387094806175,30.73855131789886,-7.529947295463584,-1.9255182138406006,-16.053095676721572,-37.362106122861896,-13.10644337192261,-44.04760835706732,-9.890194450731023,-25.842003066443826
Random332
Raw:-0.6913387094806126,30.738551317898864,-7.529947295463575,-1.9255182138405935,-16.053095676721565,-37.362106122861896,-13.106443371922602,-44.047608357067325,-9.89019445073102,-25.84200306644383
EFT:-0.6913387094806175,30.73855131789886,-7.529947295463584,-1.9255182138406006,-16.05309567672157,-37.362106122861896,-13.10644337192261,-44.04760835706732,-9.890194450731023,-25.842003066443826
Random333
Raw:-0.6913387094806268,30.73855131789887,-7.529947295463614,-1.925518213840634,-16.053095676721604,-37.36210612286191,-13.106443371922651,-44.04760835706736,-9.890194450731034,-25.842003066443844
EFT:-0.6913387094806175,30.73855131789886,-7.529947295463584,-1.9255182138406006,-16.05309567672157,-37.362106122861896,-13.10644337192261,-44.04760835706732,-9.890194450731023,-25.842003066443823
Random334
Raw:-0.6913387094806308,30.738551317898885,-7.529947295463626,-1.9255182138406428,-16.05309567672162,-37.36210612286193,-13.106443371922666,-44.04760835706738,-9.890194450731046,-25.842003066443866
EFT:-0.6913387094806175,30.73855131789886,-7.529947295463584,-1.9255182138406006,-16.05309567672157,-37.362106122861896,-13.10644337192261,-44.04760835706732,-9.890194450731023,-25.842003066443826
Random335
Raw:-0.6913387094806095,30.738551317898864,-7.529947295463577,-1.9255182138405913,-16.053095676721558,-37.362106122861896,-13.106443371922598,-44.047608357067325,-9.890194450731018,-25.84200306644383
EFT:-0.6913387094806175,30.73855131789886,-7.529947295463584,-1.9255182138406006,-16.05309567672157,-37.362106122861896,-13.10644337192261,-44.04760835706732,-9.890194450731023,-25.842003066443823
Random336
Raw:-0.6913387094806233,30.738551317898878,-7.529947295463609,-1.9255182138406233,-16.0530956767216,-37.36210612286192,-13.10644337192264,-44.04760835706737,-9.89019445073104,-25.84200306644385
EFT:-0.6913387094806175,30.73855131789886,-7.529947295463584,-1.9255182138406006,-16.05309567672157,-37.362106122861896,-13.10644337192261,-44.04760835706732,-9.890194450731023,-25.842003066443823
Random337
Raw:-0.6913387094806153,30.738551317898857,-7.529947295463591,-1.9255182138406055,-16.053095676721572,-37.36210612286189,-13.106443371922616,-44.04760835706732,-9.890194450731023,-25.84200306644383
EFT:-0.6913387094806175,30.73855131789886,-7.529947295463584,-1.9255182138406006,-16.05309567672157,-37.362106122861896,-13.10644337192261,-44.04760835706732,-9.890194450731023,-25.842003066443826
Random338
Raw:-0.6913387094806197,30.73855131789887,-7.529947295463601,-1.9255182138406126,-16.05309567672159,-37.36210612286191,-13.10644337192263,-44.047608357067354,-9.89019445073103,-25.842003066443844
EFT:-0.6913387094806175,30.73855131789886,-7.529947295463584,-1.9255182138406006,-16.05309567672157,-37.362106122861896,-13.10644337192261,-44.04760835706732,-9.890194450731023,-25.842003066443823
Random339
Raw:-0.6913387094806197,30.73855131789887,-7.5299472954635975,-1.9255182138406157,-16.053095676721586,-37.36210612286191,-13.10644337192263,-44.04760835706735,-9.890194450731032,-25.842003066443837
EFT:-0.6913387094806175,30.73855131789886,-7.529947295463584,-1.9255182138406006,-16.05309567672157,-37.362106122861896,-13.10644337192261,-44.04760835706732,-9.890194450731023,-25.842003066443823
Random340
Raw:-0.6913387094806163,30.73855131789886,-7.5299472954635975,-1.9255182138406144,-16.053095676721583,-37.362106122861896,-13.10644337192262,-44.04760835706733,-9.890194450731032,-25.842003066443837
EFT:-0.6913387094806175,30.73855131789886,-7.529947295463584,-1.9255182138406006,-16.053095676721572,-37.362106122861896,-13.10644337192261,-44.04760835706732,-9.890194450731023,-25.842003066443823
Random341
Raw:-0.6913387094806179,30.73855131789888,-7.529947295463605,-1.9255182138406197,-16.0530956767216,-37.36210612286193,-13.10644337192264,-44.047608357067375,-9.89019445073104,-25.84200306644386
EFT:-0.6913387094806175,30.73855131789886,-7.529947295463584,-1.9255182138406006,-16.05309567672157,-37.362106122861896,-13.10644337192261,-44.04760835706732,-9.890194450731023,-25.842003066443823
Random342
Raw:-0.6913387094806268,30.738551317898885,-7.529947295463615,-1.9255182138406295,-16.05309567672161,-37.36210612286192,-13.106443371922648,-44.047608357067375,-9.890194450731038,-25.84200306644385
EFT:-0.6913387094806175,30.73855131789886,-7.529947295463584,-1.9255182138406006,-16.05309567672157,-37.362106122861896,-13.10644337192261,-44.04760835706732,-9.890194450731023,-25.842003066443823
Random343
Raw:-0.691338709480615,30.738551317898864,-7.529947295463575,-1.925518213840593,-16.05309567672156,-37.3621061228619,-13.106443371922602,-44.047608357067325,-9.890194450731023,-25.84200306644383
EFT:-0.6913387094806175,30.73855131789886,-7.529947295463584,-1.9255182138406006,-16.053095676721572,-37.362106122861896,-13.10644337192261,-44.04760835706732,-9.890194450731023,-25.842003066443823
Random344
Raw:-0.6913387094806144,30.738551317898885,-7.529947295463597,-1.9255182138406108,-16.053095676721593,-37.362106122861924,-13.106443371922632,-44.04760835706737,-9.890194450731038,-25.84200306644386
EFT:-0.6913387094806175,30.73855131789886,-7.529947295463584,-1.9255182138406006,-16.05309567672157,-37.362106122861896,-13.10644337192261,-44.04760835706732,-9.890194450731023,-25.842003066443823
Random345
Raw:-0.691338709480609,30.738551317898867,-7.529947295463571,-1.925518213840586,-16.053095676721554,-37.3621061228619,-13.106443371922593,-44.04760835706732,-9.89019445073102,-25.842003066443823
EFT:-0.6913387094806175,30.73855131789886,-7.529947295463584,-1.9255182138406006,-16.05309567672157,-37.362106122861896,-13.10644337192261,-44.04760835706732,-9.890194450731023,-25.842003066443826
Random346
Raw:-0.6913387094806077,30.73855131789885,-7.529947295463568,-1.9255182138405842,-16.05309567672155,-37.36210612286189,-13.106443371922586,-44.0476083570673,-9.890194450731016,-25.842003066443816
EFT:-0.6913387094806175,30.73855131789886,-7.529947295463584,-1.9255182138406006,-16.05309567672157,-37.362106122861896,-13.10644337192261,-44.04760835706732,-9.890194450731023,-25.842003066443823
Random347
Raw:-0.6913387094806073,30.738551317898853,-7.529947295463566,-1.9255182138405789,-16.053095676721544,-37.36210612286189,-13.106443371922587,-44.047608357067304,-9.890194450731014,-25.842003066443823
EFT:-0.6913387094806175,30.73855131789886,-7.529947295463584,-1.9255182138406006,-16.053095676721572,-37.362106122861896,-13.10644337192261,-44.04760835706732,-9.890194450731023,-25.842003066443826
Random348
Raw:-0.6913387094806146,30.738551317898878,-7.529947295463598,-1.9255182138406108,-16.05309567672159,-37.36210612286191,-13.10644337192263,-44.04760835706737,-9.890194450731032,-25.84200306644385
EFT:-0.6913387094806175,30.73855131789886,-7.529947295463584,-1.9255182138406006,-16.05309567672157,-37.362106122861896,-13.10644337192261,-44.04760835706732,-9.890194450731023,-25.842003066443826
Random349
Raw:-0.6913387094806197,30.738551317898885,-7.52994729546361,-1.9255182138406215,-16.0530956767216,-37.362106122861924,-13.106443371922644,-44.047608357067375,-9.890194450731038,-25.84200306644386
EFT:-0.6913387094806175,30.73855131789886,-7.529947295463584,-1.9255182138406006,-16.05309567672157,-37.362106122861896,-13.10644337192261,-44.04760835706732,-9.890194450731023,-25.842003066443826
Random350
Raw:-0.6913387094806166,30.738551317898864,-7.529947295463586,-1.9255182138406006,-16.053095676721572,-37.36210612286191,-13.10644337192261,-44.04760835706734,-9.890194450731027,-25.842003066443837
EFT:-0.6913387094806175,30.73855131789886,-7.529947295463584,-1.9255182138406006,-16.05309567672157,-37.362106122861896,-13.10644337192261,-44.04760835706732,-9.890194450731023,-25.842003066443823
Random351
Raw:-0.6913387094806233,30.73855131789889,-7.529947295463619,-1.9255182138406304,-16.053095676721618,-37.36210612286193,-13.106443371922659,-44.04760835706739,-9.890194450731043,-25.842003066443866
EFT:-0.6913387094806175,30.73855131789886,-7.529947295463584,-1.9255182138406006,-16.053095676721572,-37.362106122861896,-13.10644337192261,-44.04760835706732,-9.890194450731023,-25.842003066443823
Random352
Raw:-0.6913387094806162,30.738551317898864,-7.529947295463577,-1.9255182138405975,-16.05309567672157,-37.3621061228619,-13.106443371922602,-44.047608357067325,-9.890194450731027,-25.842003066443823
EFT:-0.6913387094806175,30.73855131789886,-7.529947295463584,-1.9255182138406006,-16.053095676721572,-37.362106122861896,-13.10644337192261,-44.04760835706732,-9.890194450731023,-25.842003066443823
Random353
Raw:-0.691338709480625,30.738551317898892,-7.529947295463621,-1.9255182138406357,-16.053095676721618,-37.36210612286193,-13.106443371922662,-44.047608357067396,-9.890194450731041,-25.842003066443873
EFT:-0.6913387094806175,30.73855131789886,-7.529947295463584,-1.9255182138406006,-16.05309567672157,-37.362106122861896,-13.10644337192261,-44.04760835706732,-9.890194450731023,-25.842003066443826
Random354
Raw:-0.6913387094806167,30.73855131789885,-7.529947295463594,-1.9255182138406108,-16.053095676721583,-37.36210612286189,-13.106443371922618,-44.04760835706732,-9.890194450731029,-25.84200306644383
EFT:-0.6913387094806175,30.73855131789886,-7.529947295463584,-1.9255182138406006,-16.053095676721572,-37.362106122861896,-13.10644337192261,-44.04760835706732,-9.890194450731023,-25.842003066443823
Random355
Raw:-0.691338709480625,30.738551317898885,-7.529947295463606,-1.9255182138406233,-16.0530956767216,-37.362106122861924,-13.106443371922646,-44.04760835706737,-9.890194450731036,-25.84200306644386
EFT:-0.6913387094806175,30.73855131789886,-7.529947295463584,-1.9255182138406006,-16.05309567672157,-37.362106122861896,-13.10644337192261,-44.04760835706732,-9.890194450731023,-25.842003066443826
Random356
Raw:-0.6913387094806197,30.738551317898878,-7.529947295463608,-1.9255182138406224,-16.053095676721597,-37.36210612286192,-13.10644337192265,-44.04760835706737,-9.890194450731034,-25.84200306644385
EFT:-0.6913387094806175,30.73855131789886,-7.529947295463584,-1.9255182138406006,-16.05309567672157,-37.362106122861896,-13.10644337192261,-44.04760835706732,-9.890194450731023,-25.842003066443823
Random357
Raw:-0.6913387094806019,30.73855131789886,-7.529947295463566,-1.925518213840577,-16.05309567672155,-37.362106122861896,-13.106443371922584,-44.047608357067325,-9.890194450731016,-25.84200306644383
EFT:-0.6913387094806175,30.73855131789886,-7.529947295463584,-1.9255182138406006,-16.05309567672157,-37.362106122861896,-13.10644337192261,-44.04760835706732,-9.890194450731023,-25.842003066443823
Random358
Raw:-0.6913387094806197,30.738551317898878,-7.5299472954636,-1.925518213840618,-16.053095676721593,-37.36210612286192,-13.106443371922634,-44.04760835706737,-9.890194450731034,-25.84200306644385
EFT:-0.6913387094806175,30.73855131789886,-7.529947295463584,-1.9255182138406006,-16.053095676721572,-37.362106122861896,-13.10644337192261,-44.04760835706732,-9.890194450731023,-25.842003066443823
Random359
Raw:-0.6913387094806188,30.738551317898875,-7.529947295463612,-1.9255182138406215,-16.0530956767216,-37.36210612286192,-13.106443371922646,-44.047608357067375,-9.890194450731038,-25.842003066443866
EFT:-0.6913387094806175,30.73855131789886,-7.529947295463584,-1.9255182138406006,-16.05309567672157,-37.362106122861896,-13.10644337192261,-44.04760835706732,-9.890194450731023,-25.842003066443823
Random360
Raw:-0.6913387094806233,30.73855131789887,-7.529947295463599,-1.925518213840618,-16.05309567672159,-37.362106122861924,-13.106443371922634,-44.047608357067354,-9.890194450731034,-25.842003066443844
EFT:-0.6913387094806175,30.73855131789886,-7.529947295463584,-1.9255182138406006,-16.05309567672157,-37.362106122861896,-13.10644337192261,-44.04760835706732,-9.890194450731023,-25.842003066443823
Random361
Raw:-0.6913387094806197,30.738551317898885,-7.529947295463603,-1.9255182138406162,-16.053095676721597,-37.362106122861924,-13.106443371922637,-44.04760835706736,-9.890194450731036,-25.84200306644385
EFT:-0.6913387094806175,30.73855131789886,-7.529947295463584,-1.9255182138406006,-16.053095676721572,-37.362106122861896,-13.10644337192261,-44.04760835706732,-9.890194450731023,-25.842003066443823
Random362
Raw:-0.6913387094806197,30.738551317898878,-7.529947295463612,-1.9255182138406242,-16.0530956767216,-37.36210612286192,-13.10644337192265,-44.047608357067375,-9.890194450731032,-25.842003066443866
EFT:-0.6913387094806175,30.73855131789886,-7.529947295463584,-1.9255182138406006,-16.05309567672157,-37.362106122861896,-13.10644337192261,-44.04760835706732,-9.890194450731023,-25.842003066443823
Random363
Raw:-0.6913387094806215,30.738551317898892,-7.5299472954636215,-1.925518213840634,-16.053095676721618,-37.36210612286193,-13.10644337192266,-44.047608357067396,-9.890194450731046,-25.84200306644388
EFT:-0.6913387094806175,30.73855131789886,-7.529947295463584,-1.9255182138406006,-16.05309567672157,-37.362106122861896,-13.10644337192261,-44.04760835706732,-9.890194450731023,-25.842003066443823
Random364
Raw:-0.6913387094806126,30.738551317898867,-7.5299472954635815,-1.9255182138405957,-16.05309567672157,-37.3621061228619,-13.106443371922609,-44.04760835706733,-9.890194450731027,-25.842003066443837
EFT:-0.6913387094806175,30.73855131789886,-7.529947295463584,-1.9255182138406006,-16.05309567672157,-37.362106122861896,-13.10644337192261,-44.04760835706732,-9.890194450731023,-25.842003066443823
Random365
Raw:-0.6913387094806162,30.73855131789888,-7.529947295463599,-1.9255182138406108,-16.053095676721593,-37.362106122861924,-13.106443371922637,-44.04760835706738,-9.890194450731032,-25.842003066443866
EFT:-0.6913387094806175,30.73855131789886,-7.529947295463584,-1.9255182138406006,-16.05309567672157,-37.362106122861896,-13.10644337192261,-44.04760835706732,-9.890194450731023,-25.842003066443826
Random366
Raw:-0.6913387094806197,30.738551317898885,-7.529947295463599,-1.9255182138406126,-16.053095676721593,-37.36210612286193,-13.106443371922635,-44.047608357067375,-9.890194450731034,-25.84200306644386
EFT:-0.6913387094806175,30.73855131789886,-7.529947295463584,-1.9255182138406006,-16.053095676721572,-37.362106122861896,-13.10644337192261,-44.04760835706732,-9.890194450731023,-25.842003066443823
Random367
Raw:-0.6913387094806215,30.738551317898867,-7.529947295463593,-1.9255182138406144,-16.053095676721583,-37.3621061228619,-13.106443371922621,-44.04760835706733,-9.89019445073103,-25.84200306644383
EFT:-0.6913387094806175,30.73855131789886,-7.529947295463584,-1.9255182138406006,-16.05309567672157,-37.362106122861896,-13.10644337192261,-44.04760835706732,-9.890194450731023,-25.842003066443823
Random368
Raw:-0.6913387094806162,30.738551317898875,-7.529947295463599,-1.9255182138406144,-16.05309567672159,-37.36210612286192,-13.106443371922632,-44.047608357067354,-9.89019445073103,-25.84200306644385
EFT:-0.6913387094806175,30.73855131789886,-7.529947295463584,-1.9255182138406006,-16.05309567672157,-37.362106122861896,-13.10644337192261,-44.04760835706732,-9.890194450731023,-25.842003066443823
Random369
Raw:-0.6913387094806162,30.73855131789886,-7.529947295463583,-1.9255182138405984,-16.05309567672157,-37.3621061228619,-13.106443371922609,-44.04760835706732,-9.890194450731022,-25.842003066443823
EFT:-0.6913387094806175,30.73855131789886,-7.529947295463584,-1.9255182138406006,-16.05309567672157,-37.362106122861896,-13.10644337192261,-44.04760835706732,-9.890194450731023,-25.842003066443823
Random370
Raw:-0.6913387094806224,30.73855131789887,-7.529947295463599,-1.9255182138406188,-16.05309567672159,-37.36210612286192,-13.106443371922637,-44.047608357067354,-9.89019445073103,-25.842003066443844
EFT:-0.6913387094806175,30.73855131789886,-7.529947295463584,-1.9255182138406006,-16.05309567672157,-37.362106122861896,-13.10644337192261,-44.04760835706732,-9.890194450731023,-25.842003066443823
Random371
Raw:-0.6913387094806299,30.738551317898892,-7.529947295463631,-1.9255182138406446,-16.05309567672163,-37.362106122861945,-13.106443371922676,-44.04760835706741,-9.890194450731048,-25.84200306644388
EFT:-0.6913387094806175,30.73855131789886,-7.529947295463584,-1.9255182138406006,-16.05309567672157,-37.362106122861896,-13.10644337192261,-44.04760835706732,-9.890194450731023,-25.842003066443823
Random372
Raw:-0.6913387094806226,30.73855131789887,-7.5299472954636055,-1.9255182138406233,-16.053095676721597,-37.36210612286191,-13.106443371922637,-44.04760835706735,-9.89019445073104,-25.842003066443844
EFT:-0.6913387094806175,30.73855131789886,-7.529947295463584,-1.9255182138406006,-16.05309567672157,-37.362106122861896,-13.10644337192261,-44.04760835706732,-9.890194450731023,-25.842003066443823
Random373
Raw:-0.6913387094806144,30.73855131789885,-7.529947295463579,-1.9255182138405975,-16.05309567672156,-37.36210612286188,-13.106443371922602,-44.04760835706731,-9.890194450731018,-25.84200306644381
EFT:-0.6913387094806175,30.73855131789886,-7.529947295463584,-1.9255182138406006,-16.05309567672157,-37.362106122861896,-13.10644337192261,-44.04760835706732,-9.890194450731023,-25.842003066443823
Random374
Raw:-0.6913387094806164,30.73855131789888,-7.529947295463607,-1.9255182138406197,-16.053095676721597,-37.36210612286192,-13.10644337192264,-44.047608357067375,-9.890194450731036,-25.84200306644386
EFT:-0.6913387094806175,30.73855131789886,-7.529947295463584,-1.9255182138406006,-16.05309567672157,-37.362106122861896,-13.10644337192261,-44.04760835706732,-9.890194450731023,-25.842003066443823
Random375
Raw:-0.691338709480628,30.738551317898885,-7.529947295463617,-1.9255182138406357,-16.05309567672161,-37.36210612286193,-13.106443371922655,-44.04760835706738,-9.890194450731043,-25.84200306644386
EFT:-0.6913387094806175,30.73855131789886,-7.529947295463584,-1.9255182138406006,-16.05309567672157,-37.362106122861896,-13.10644337192261,-44.04760835706732,-9.890194450731023,-25.842003066443823
Random376
Raw:-0.6913387094806126,30.738551317898867,-7.529947295463587,-1.9255182138406002,-16.053095676721576,-37.3621061228619,-13.106443371922612,-44.04760835706735,-9.890194450731029,-25.84200306644385
EFT:-0.6913387094806175,30.73855131789886,-7.529947295463584,-1.9255182138406006,-16.05309567672157,-37.362106122861896,-13.10644337192261,-44.04760835706732,-9.890194450731023,-25.842003066443826
Random377
Raw:-0.6913387094806236,30.738551317898878,-7.529947295463603,-1.925518213840618,-16.053095676721597,-37.36210612286192,-13.10644337192264,-44.04760835706737,-9.890194450731038,-25.84200306644385
EFT:-0.6913387094806175,30.73855131789886,-7.529947295463584,-1.9255182138406006,-16.053095676721572,-37.362106122861896,-13.10644337192261,-44.04760835706732,-9.890194450731023,-25.842003066443823
Random378
Raw:-0.6913387094806184,30.738551317898864,-7.529947295463589,-1.9255182138406073,-16.053095676721576,-37.362106122861896,-13.106443371922616,-44.047608357067325,-9.890194450731027,-25.842003066443837
EFT:-0.6913387094806175,30.73855131789886,-7.529947295463584,-1.9255182138406006,-16.05309567672157,-37.362106122861896,-13.10644337192261,-44.04760835706732,-9.890194450731023,-25.842003066443826
Random379
Raw:-0.6913387094806165,30.738551317898864,-7.529947295463585,-1.9255182138406002,-16.053095676721572,-37.3621061228619,-13.106443371922612,-44.04760835706733,-9.890194450731027,-25.842003066443837
EFT:-0.6913387094806175,30.73855131789886,-7.529947295463584,-1.9255182138406006,-16.05309567672157,-37.362106122861896,-13.10644337192261,-44.04760835706732,-9.890194450731023,-25.842003066443823
Random380
Raw:-0.6913387094806115,30.738551317898878,-7.529947295463593,-1.9255182138406037,-16.05309567672158,-37.36210612286192,-13.10644337192262,-44.047608357067354,-9.890194450731025,-25.84200306644385
EFT:-0.6913387094806175,30.73855131789886,-7.529947295463584,-1.9255182138406006,-16.05309567672157,-37.362106122861896,-13.10644337192261,-44.04760835706732,-9.890194450731023,-25.842003066443823
Random381
Raw:-0.6913387094806135,30.738551317898867,-7.529947295463574,-1.9255182138405913,-16.05309567672156,-37.3621061228619,-13.106443371922602,-44.047608357067325,-9.89019445073102,-25.842003066443823
EFT:-0.6913387094806175,30.73855131789886,-7.529947295463584,-1.9255182138406006,-16.05309567672157,-37.362106122861896,-13.10644337192261,-44.04760835706732,-9.890194450731023,-25.842003066443823
Random382
Raw:-0.6913387094806139,30.73855131789885,-7.529947295463574,-1.9255182138405948,-16.053095676721558,-37.36210612286189,-13.106443371922598,-44.047608357067304,-9.89019445073102,-25.842003066443816
EFT:-0.6913387094806175,30.73855131789886,-7.529947295463584,-1.9255182138406006,-16.05309567672157,-37.362106122861896,-13.10644337192261,-44.04760835706732,-9.890194450731023,-25.842003066443823
Random383
Raw:-0.6913387094806215,30.738551317898878,-7.529947295463615,-1.925518213840625,-16.053095676721608,-37.362106122861924,-13.106443371922646,-44.04760835706737,-9.890194450731036,-25.84200306644386
EFT:-0.6913387094806175,30.73855131789886,-7.529947295463584,-1.9255182138406006,-16.05309567672157,-37.362106122861896,-13.10644337192261,-44.04760835706732,-9.890194450731023,-25.842003066443823
Random384
Raw:-0.691338709480617,30.738551317898875,-7.529947295463602,-1.9255182138406126,-16.05309567672159,-37.36210612286191,-13.10644337192263,-44.047608357067354,-9.890194450731034,-25.84200306644385
EFT:-0.6913387094806175,30.73855131789886,-7.529947295463584,-1.9255182138406006,-16.05309567672157,-37.362106122861896,-13.10644337192261,-44.04760835706732,-9.890194450731023,-25.842003066443823
Random385
Raw:-0.6913387094806098,30.738551317898864,-7.52994729546358,-1.925518213840593,-16.05309567672156,-37.362106122861896,-13.106443371922603,-44.047608357067325,-9.890194450731018,-25.84200306644383
EFT:-0.6913387094806175,30.73855131789886,-7.529947295463584,-1.9255182138406006,-16.053095676721572,-37.362106122861896,-13.10644337192261,-44.04760835706732,-9.890194450731023,-25.842003066443823
Random386
Raw:-0.6913387094806126,30.73855131789885,-7.529947295463578,-1.9255182138405922,-16.053095676721558,-37.36210612286189,-13.106443371922602,-44.04760835706731,-9.890194450731013,-25.842003066443816
EFT:-0.6913387094806175,30.73855131789886,-7.529947295463584,-1.9255182138406006,-16.05309567672157,-37.362106122861896,-13.10644337192261,-44.04760835706732,-9.890194450731023,-25.842003066443823
Random387
Raw:-0.6913387094806162,30.73855131789888,-7.529947295463603,-1.9255182138406162,-16.053095676721593,-37.36210612286191,-13.106443371922637,-44.04760835706737,-9.89019445073103,-25.84200306644386
EFT:-0.6913387094806175,30.73855131789886,-7.529947295463584,-1.9255182138406006,-16.05309567672157,-37.362106122861896,-13.10644337192261,-44.04760835706732,-9.890194450731023,-25.842003066443826
Random388
Raw:-0.6913387094806188,30.738551317898875,-7.529947295463606,-1.925518213840618,-16.053095676721597,-37.36210612286192,-13.106443371922639,-44.04760835706737,-9.890194450731036,-25.842003066443866
EFT:-0.6913387094806175,30.73855131789886,-7.529947295463584,-1.9255182138406006,-16.05309567672157,-37.362106122861896,-13.10644337192261,-44.04760835706732,-9.890194450731023,-25.842003066443826
Random389
Raw:-0.6913387094806059,30.73855131789885,-7.5299472954635585,-1.925518213840573,-16.053095676721536,-37.362106122861874,-13.106443371922571,-44.04760835706728,-9.890194450731011,-25.8420030664438
EFT:-0.6913387094806175,30.73855131789886,-7.529947295463584,-1.9255182138406006,-16.05309567672157,-37.362106122861896,-13.10644337192261,-44.04760835706732,-9.890194450731023,-25.842003066443823
Random390
Raw:-0.6913387094806184,30.73855131789887,-7.529947295463592,-1.9255182138406086,-16.053095676721583,-37.36210612286191,-13.106443371922625,-44.047608357067354,-9.89019445073103,-25.842003066443844
EFT:-0.6913387094806175,30.73855131789886,-7.529947295463584,-1.9255182138406006,-16.053095676721572,-37.362106122861896,-13.10644337192261,-44.04760835706732,-9.890194450731023,-25.842003066443823
Random391
Raw:-0.6913387094806162,30.738551317898857,-7.5299472954635815,-1.925518213840602,-16.053095676721572,-37.362106122861896,-13.106443371922605,-44.04760835706731,-9.890194450731025,-25.842003066443823
EFT:-0.6913387094806175,30.73855131789886,-7.529947295463584,-1.9255182138406006,-16.05309567672157,-37.362106122861896,-13.10644337192261,-44.04760835706732,-9.890194450731023,-25.842003066443823
Random392
Raw:-0.6913387094806153,30.738551317898864,-7.529947295463584,-1.9255182138405993,-16.053095676721572,-37.36210612286191,-13.10644337192261,-44.04760835706734,-9.890194450731023,-25.84200306644383
EFT:-0.6913387094806175,30.73855131789886,-7.529947295463584,-1.9255182138406006,-16.05309567672157,-37.362106122861896,-13.10644337192261,-44.04760835706732,-9.890194450731023,-25.842003066443826
Random393
Raw:-0.6913387094806193,30.73855131789888,-7.529947295463606,-1.9255182138406188,-16.0530956767216,-37.362106122861924,-13.106443371922637,-44.04760835706738,-9.890194450731036,-25.84200306644386
EFT:-0.6913387094806175,30.73855131789886,-7.529947295463584,-1.9255182138406006,-16.05309567672157,-37.362106122861896,-13.10644337192261,-44.04760835706732,-9.890194450731023,-25.842003066443823
Random394
Raw:-0.6913387094806115,30.73855131789887,-7.529947295463588,-1.9255182138405984,-16.053095676721572,-37.36210612286191,-13.10644337192261,-44.04760835706734,-9.890194450731027,-25.842003066443844
EFT:-0.6913387094806175,30.73855131789886,-7.529947295463584,-1.9255182138406006,-16.05309567672157,-37.362106122861896,-13.10644337192261,-44.04760835706732,-9.890194450731023,-25.842003066443823
Random395
Raw:-0.6913387094806162,30.738551317898878,-7.529947295463598,-1.9255182138406108,-16.053095676721586,-37.36210612286191,-13.106443371922632,-44.04760835706736,-9.890194450731034,-25.84200306644386
EFT:-0.6913387094806175,30.73855131789886,-7.529947295463584,-1.9255182138406006,-16.05309567672157,-37.362106122861896,-13.10644337192261,-44.04760835706732,-9.890194450731023,-25.842003066443823
Random396
Raw:-0.6913387094806217,30.738551317898867,-7.529947295463597,-1.92551821384061,-16.053095676721586,-37.3621061228619,-13.106443371922627,-44.047608357067354,-9.890194450731027,-25.842003066443844
EFT:-0.6913387094806175,30.73855131789886,-7.529947295463584,-1.9255182138406006,-16.05309567672157,-37.362106122861896,-13.10644337192261,-44.04760835706732,-9.890194450731023,-25.842003066443826
Random397
Raw:-0.6913387094806144,30.738551317898867,-7.529947295463585,-1.9255182138406015,-16.05309567672157,-37.36210612286191,-13.106443371922614,-44.04760835706734,-9.890194450731025,-25.842003066443837
EFT:-0.6913387094806175,30.73855131789886,-7.529947295463584,-1.9255182138406006,-16.05309567672157,-37.362106122861896,-13.10644337192261,-44.04760835706732,-9.890194450731023,-25.842003066443823
Random398
Raw:-0.6913387094806019,30.73855131789887,-7.52994729546357,-1.9255182138405806,-16.053095676721554,-37.362106122861896,-13.106443371922593,-44.04760835706733,-9.890194450731022,-25.842003066443844
EFT:-0.6913387094806175,30.73855131789886,-7.529947295463584,-1.9255182138406006,-16.05309567672157,-37.362106122861896,-13.10644337192261,-44.04760835706732,-9.890194450731023,-25.842003066443823
Random399
Raw:-0.6913387094806215,30.738551317898878,-7.529947295463614,-1.9255182138406277,-16.053095676721608,-37.362106122861924,-13.106443371922653,-44.04760835706739,-9.89019445073104,-25.842003066443866
EFT:-0.6913387094806175,30.73855131789886,-7.529947295463584,-1.9255182138406006,-16.05309567672157,-37.362106122861896,-13.10644337192261,-44.04760835706732,-9.890194450731023,-25.842003066443823
Random400
Raw:-0.691338709480619,30.738551317898867,-7.529947295463596,-1.9255182138406126,-16.053095676721586,-37.36210612286191,-13.106443371922628,-44.04760835706735,-9.89019445073103,-25.842003066443844
EFT:-0.6913387094806175,30.73855131789886,-7.529947295463584,-1.9255182138406006,-16.05309567672157,-37.362106122861896,-13.10644337192261,-44.04760835706732,-9.890194450731023,-25.842003066443823
Random401
Raw:-0.6913387094806204,30.738551317898878,-7.529947295463607,-1.9255182138406233,-16.053095676721597,-37.36210612286192,-13.106443371922644,-44.04760835706737,-9.890194450731036,-25.84200306644385
EFT:-0.6913387094806175,30.73855131789886,-7.529947295463584,-1.9255182138406006,-16.05309567672157,-37.362106122861896,-13.10644337192261,-44.04760835706732,-9.890194450731023,-25.842003066443823
Random402
Raw:-0.691338709480609,30.738551317898864,-7.529947295463569,-1.925518213840585,-16.05309567672155,-37.362106122861896,-13.106443371922593,-44.04760835706731,-9.890194450731016,-25.842003066443823
EFT:-0.6913387094806175,30.73855131789886,-7.529947295463584,-1.9255182138406006,-16.05309567672157,-37.362106122861896,-13.10644337192261,-44.04760835706732,-9.890194450731023,-25.842003066443823
Random403
Raw:-0.6913387094806162,30.73855131789886,-7.529947295463584,-1.9255182138406002,-16.05309567672157,-37.36210612286189,-13.106443371922605,-44.04760835706732,-9.89019445073102,-25.842003066443816
EFT:-0.6913387094806175,30.73855131789886,-7.529947295463584,-1.9255182138406006,-16.05309567672157,-37.362106122861896,-13.10644337192261,-44.04760835706732,-9.890194450731023,-25.842003066443823
Random404
Raw:-0.6913387094806162,30.738551317898885,-7.5299472954636135,-1.9255182138406246,-16.053095676721604,-37.36210612286193,-13.106443371922651,-44.047608357067396,-9.890194450731036,-25.84200306644388
EFT:-0.6913387094806175,30.73855131789886,-7.529947295463584,-1.9255182138406006,-16.05309567672157,-37.362106122861896,-13.10644337192261,-44.04760835706732,-9.890194450731023,-25.842003066443823
Random405
Raw:-0.6913387094806179,30.738551317898875,-7.5299472954636,-1.9255182138406126,-16.053095676721593,-37.36210612286192,-13.10644337192263,-44.047608357067354,-9.890194450731036,-25.842003066443844
EFT:-0.6913387094806175,30.73855131789886,-7.529947295463584,-1.9255182138406006,-16.05309567672157,-37.362106122861896,-13.10644337192261,-44.04760835706732,-9.890194450731023,-25.842003066443823
Random406
Raw:-0.6913387094806182,30.738551317898864,-7.529947295463593,-1.9255182138406082,-16.05309567672158,-37.3621061228619,-13.106443371922623,-44.04760835706734,-9.890194450731025,-25.842003066443837
EFT:-0.6913387094806175,30.73855131789886,-7.529947295463584,-1.9255182138406006,-16.05309567672157,-37.362106122861896,-13.10644337192261,-44.04760835706732,-9.890194450731023,-25.842003066443823
Random407
Raw:-0.6913387094806188,30.738551317898875,-7.5299472954636,-1.9255182138406117,-16.05309567672159,-37.36210612286192,-13.106443371922627,-44.047608357067354,-9.89019445073103,-25.842003066443844
EFT:-0.6913387094806175,30.73855131789886,-7.529947295463584,-1.9255182138406006,-16.05309567672157,-37.362106122861896,-13.10644337192261,-44.04760835706732,-9.890194450731023,-25.842003066443823
Random408
Raw:-0.6913387094806162,30.73855131789887,-7.5299472954635975,-1.9255182138406144,-16.053095676721586,-37.36210612286191,-13.10644337192263,-44.047608357067354,-9.890194450731029,-25.84200306644385
EFT:-0.6913387094806175,30.73855131789886,-7.529947295463584,-1.9255182138406006,-16.05309567672157,-37.362106122861896,-13.10644337192261,-44.04760835706732,-9.890194450731023,-25.842003066443823
Random409
Raw:-0.6913387094806126,30.738551317898867,-7.5299472954635895,-1.9255182138406042,-16.053095676721576,-37.3621061228619,-13.10644337192262,-44.047608357067354,-9.890194450731027,-25.842003066443844
EFT:-0.6913387094806175,30.73855131789886,-7.529947295463584,-1.9255182138406006,-16.05309567672157,-37.362106122861896,-13.10644337192261,-44.04760835706732,-9.890194450731023,-25.842003066443823
Random410
Raw:-0.6913387094806224,30.738551317898878,-7.529947295463609,-1.9255182138406268,-16.053095676721604,-37.362106122861924,-13.10644337192265,-44.047608357067375,-9.890194450731038,-25.84200306644386
EFT:-0.6913387094806175,30.73855131789886,-7.529947295463584,-1.9255182138406006,-16.05309567672157,-37.362106122861896,-13.10644337192261,-44.04760835706732,-9.890194450731023,-25.842003066443823
Random411
Raw:-0.6913387094806073,30.73855131789886,-7.5299472954635815,-1.9255182138405904,-16.05309567672156,-37.36210612286189,-13.1064433719226,-44.04760835706732,-9.890194450731018,-25.84200306644383
EFT:-0.6913387094806175,30.73855131789886,-7.529947295463584,-1.9255182138406006,-16.05309567672157,-37.362106122861896,-13.10644337192261,-44.04760835706732,-9.890194450731023,-25.842003066443826
Random412
Raw:-0.6913387094806162,30.738551317898864,-7.529947295463593,-1.9255182138406082,-16.05309567672158,-37.3621061228619,-13.106443371922623,-44.04760835706734,-9.890194450731025,-25.842003066443837
EFT:-0.6913387094806175,30.73855131789886,-7.529947295463584,-1.9255182138406006,-16.05309567672157,-37.362106122861896,-13.10644337192261,-44.04760835706732,-9.890194450731023,-25.842003066443823
Random413
Raw:-0.6913387094806193,30.738551317898878,-7.529947295463593,-1.9255182138406126,-16.053095676721586,-37.36210612286192,-13.106443371922623,-44.04760835706734,-9.89019445073103,-25.842003066443837
EFT:-0.6913387094806175,30.73855131789886,-7.529947295463584,-1.9255182138406006,-16.05309567672157,-37.362106122861896,-13.10644337192261,-44.04760835706732,-9.890194450731023,-25.842003066443826
Random414
Raw:-0.6913387094806162,30.73855131789887,-7.529947295463589,-1.9255182138406064,-16.053095676721576,-37.3621061228619,-13.106443371922621,-44.04760835706734,-9.890194450731025,-25.842003066443837
EFT:-0.6913387094806175,30.73855131789886,-7.529947295463584,-1.9255182138406006,-16.05309567672157,-37.362106122861896,-13.10644337192261,-44.04760835706732,-9.890194450731023,-25.842003066443823
Random415
Raw:-0.6913387094806179,30.738551317898875,-7.5299472954635975,-1.9255182138406117,-16.05309567672159,-37.36210612286192,-13.10644337192263,-44.04760835706737,-9.890194450731034,-25.84200306644385
EFT:-0.6913387094806175,30.73855131789886,-7.529947295463584,-1.9255182138406006,-16.05309567672157,-37.362106122861896,-13.10644337192261,-44.04760835706732,-9.890194450731023,-25.842003066443823
Random416
Raw:-0.6913387094806153,30.738551317898885,-7.529947295463607,-1.9255182138406197,-16.0530956767216,-37.362106122861924,-13.106443371922648,-44.04760835706739,-9.890194450731034,-25.842003066443873
EFT:-0.6913387094806175,30.73855131789886,-7.529947295463584,-1.9255182138406006,-16.05309567672157,-37.362106122861896,-13.10644337192261,-44.04760835706732,-9.890194450731023,-25.842003066443823
Random417
Raw:-0.6913387094806126,30.73855131789885,-7.529947295463569,-1.9255182138405877,-16.05309567672155,-37.36210612286188,-13.106443371922591,-44.0476083570673,-9.890194450731013,-25.84200306644381
EFT:-0.6913387094806175,30.73855131789886,-7.529947295463584,-1.9255182138406006,-16.05309567672157,-37.362106122861896,-13.10644337192261,-44.04760835706732,-9.890194450731023,-25.842003066443823
Random418
Raw:-0.691338709480609,30.738551317898857,-7.529947295463576,-1.9255182138405913,-16.053095676721554,-37.36210612286189,-13.106443371922596,-44.04760835706732,-9.890194450731013,-25.842003066443823
EFT:-0.6913387094806175,30.73855131789886,-7.529947295463584,-1.9255182138406006,-16.05309567672157,-37.362106122861896,-13.10644337192261,-44.04760835706732,-9.890194450731023,-25.842003066443826
Random419
Raw:-0.6913387094806165,30.738551317898878,-7.529947295463605,-1.9255182138406162,-16.053095676721597,-37.36210612286192,-13.10644337192264,-44.04760835706737,-9.890194450731034,-25.84200306644386
EFT:-0.6913387094806175,30.73855131789886,-7.529947295463584,-1.9255182138406006,-16.05309567672157,-37.362106122861896,-13.10644337192261,-44.04760835706732,-9.890194450731023,-25.842003066443823
Random420
Raw:-0.6913387094806251,30.738551317898864,-7.529947295463599,-1.9255182138406197,-16.05309567672159,-37.3621061228619,-13.106443371922632,-44.04760835706734,-9.890194450731032,-25.84200306644383
EFT:-0.6913387094806175,30.73855131789886,-7.529947295463584,-1.9255182138406006,-16.053095676721572,-37.362106122861896,-13.10644337192261,-44.04760835706732,-9.890194450731023,-25.842003066443826
Random421
Raw:-0.691338709480617,30.738551317898885,-7.529947295463607,-1.9255182138406184,-16.0530956767216,-37.362106122861924,-13.106443371922637,-44.047608357067375,-9.890194450731036,-25.84200306644386
EFT:-0.6913387094806175,30.73855131789886,-7.529947295463584,-1.9255182138406006,-16.05309567672157,-37.362106122861896,-13.10644337192261,-44.04760835706732,-9.890194450731023,-25.842003066443823
Random422
Raw:-0.6913387094806219,30.738551317898875,-7.52994729546361,-1.9255182138406268,-16.0530956767216,-37.36210612286192,-13.106443371922644,-44.04760835706736,-9.890194450731036,-25.84200306644386
EFT:-0.6913387094806175,30.73855131789886,-7.529947295463584,-1.9255182138406006,-16.05309567672157,-37.362106122861896,-13.10644337192261,-44.04760835706732,-9.890194450731023,-25.842003066443823
Random423
Raw:-0.6913387094806206,30.73855131789887,-7.529947295463591,-1.9255182138406126,-16.053095676721583,-37.36210612286191,-13.106443371922623,-44.04760835706734,-9.890194450731027,-25.842003066443837
EFT:-0.6913387094806175,30.73855131789886,-7.529947295463584,-1.9255182138406006,-16.05309567672157,-37.362106122861896,-13.10644337192261,-44.04760835706732,-9.890194450731023,-25.842003066443826
Random424
Raw:-0.6913387094806194,30.73855131789887,-7.529947295463593,-1.9255182138406108,-16.053095676721586,-37.36210612286191,-13.10644337192262,-44.04760835706734,-9.89019445073103,-25.842003066443837
EFT:-0.6913387094806175,30.73855131789886,-7.529947295463584,-1.9255182138406006,-16.05309567672157,-37.362106122861896,-13.10644337192261,-44.04760835706732,-9.890194450731023,-25.842003066443826
Random425
Raw:-0.6913387094806179,30.738551317898896,-7.52994729546361,-1.9255182138406153,-16.053095676721604,-37.36210612286193,-13.106443371922643,-44.04760835706738,-9.890194450731041,-25.842003066443873
EFT:-0.6913387094806175,30.73855131789886,-7.529947295463584,-1.9255182138406006,-16.05309567672157,-37.362106122861896,-13.10644337192261,-44.04760835706732,-9.890194450731023,-25.842003066443823
Random426
Raw:-0.6913387094806144,30.738551317898875,-7.529947295463575,-1.9255182138405913,-16.053095676721565,-37.36210612286192,-13.106443371922609,-44.04760835706735,-9.890194450731025,-25.842003066443844
EFT:-0.6913387094806175,30.73855131789886,-7.529947295463584,-1.9255182138406006,-16.05309567672157,-37.362106122861896,-13.10644337192261,-44.04760835706732,-9.890194450731023,-25.842003066443823
Random427
Raw:-0.6913387094806184,30.738551317898857,-7.52994729546358,-1.925518213840602,-16.05309567672157,-37.36210612286189,-13.106443371922603,-44.04760835706731,-9.890194450731025,-25.842003066443816
EFT:-0.6913387094806175,30.73855131789886,-7.529947295463584,-1.9255182138406006,-16.05309567672157,-37.362106122861896,-13.10644337192261,-44.04760835706732,-9.890194450731023,-25.842003066443823
Random428
Raw:-0.6913387094806144,30.73855131789886,-7.529947295463585,-1.9255182138406002,-16.05309567672157,-37.362106122861896,-13.106443371922616,-44.04760835706733,-9.890194450731022,-25.842003066443837
EFT:-0.6913387094806175,30.73855131789886,-7.529947295463584,-1.9255182138406006,-16.05309567672157,-37.362106122861896,-13.10644337192261,-44.04760835706732,-9.890194450731023,-25.842003066443823
Random429
Raw:-0.6913387094806175,30.73855131789887,-7.529947295463602,-1.925518213840614,-16.05309567672159,-37.36210612286191,-13.106443371922632,-44.047608357067354,-9.890194450731032,-25.84200306644385
EFT:-0.6913387094806175,30.73855131789886,-7.529947295463584,-1.9255182138406006,-16.05309567672157,-37.362106122861896,-13.10644337192261,-44.04760835706732,-9.890194450731023,-25.842003066443823
Random430
Raw:-0.6913387094806117,30.738551317898864,-7.529947295463584,-1.9255182138405984,-16.053095676721572,-37.3621061228619,-13.106443371922605,-44.047608357067325,-9.890194450731029,-25.842003066443837
EFT:-0.6913387094806175,30.73855131789886,-7.529947295463584,-1.9255182138406006,-16.05309567672157,-37.362106122861896,-13.10644337192261,-44.04760835706732,-9.890194450731023,-25.842003066443826
Random431
Raw:-0.6913387094806162,30.738551317898878,-7.529947295463591,-1.9255182138406073,-16.053095676721583,-37.362106122861924,-13.106443371922627,-44.04760835706737,-9.890194450731029,-25.84200306644386
EFT:-0.6913387094806175,30.73855131789886,-7.529947295463584,-1.9255182138406006,-16.05309567672157,-37.362106122861896,-13.10644337192261,-44.04760835706732,-9.890194450731023,-25.842003066443826
Random432
Raw:-0.6913387094806113,30.738551317898878,-7.529947295463602,-1.9255182138406108,-16.05309567672159,-37.36210612286192,-13.106443371922632,-44.04760835706737,-9.89019445073103,-25.84200306644386
EFT:-0.6913387094806175,30.73855131789886,-7.529947295463584,-1.9255182138406006,-16.05309567672157,-37.362106122861896,-13.10644337192261,-44.04760835706732,-9.890194450731023,-25.842003066443823
Random433
Raw:-0.6913387094806144,30.738551317898875,-7.529947295463597,-1.9255182138406108,-16.053095676721586,-37.36210612286192,-13.106443371922625,-44.047608357067354,-9.89019445073103,-25.842003066443844
EFT:-0.6913387094806175,30.73855131789886,-7.529947295463584,-1.9255182138406006,-16.05309567672157,-37.362106122861896,-13.10644337192261,-44.04760835706732,-9.890194450731023,-25.842003066443823
Random434
Raw:-0.691338709480615,30.73855131789886,-7.5299472954635815,-1.9255182138405984,-16.053095676721565,-37.36210612286189,-13.106443371922609,-44.04760835706732,-9.890194450731018,-25.842003066443823
EFT:-0.6913387094806175,30.73855131789886,-7.529947295463584,-1.9255182138406006,-16.05309567672157,-37.362106122861896,-13.10644337192261,-44.04760835706732,-9.890194450731023,-25.842003066443823
Random435
Raw:-0.6913387094806204,30.73855131789888,-7.52994729546361,-1.9255182138406215,-16.053095676721604,-37.36210612286193,-13.106443371922646,-44.047608357067375,-9.890194450731038,-25.84200306644386
EFT:-0.6913387094806175,30.73855131789886,-7.529947295463584,-1.9255182138406006,-16.05309567672157,-37.362106122861896,-13.10644337192261,-44.04760835706732,-9.890194450731023,-25.842003066443823
Random436
Raw:-0.6913387094806126,30.738551317898878,-7.5299472954635815,-1.925518213840598,-16.053095676721572,-37.36210612286192,-13.106443371922609,-44.04760835706734,-9.890194450731025,-25.842003066443837
EFT:-0.6913387094806175,30.73855131789886,-7.529947295463584,-1.9255182138406006,-16.053095676721572,-37.362106122861896,-13.10644337192261,-44.04760835706732,-9.890194450731023,-25.842003066443826
Random437
Raw:-0.6913387094806197,30.73855131789887,-7.529947295463601,-1.9255182138406144,-16.053095676721586,-37.3621061228619,-13.10644337192263,-44.047608357067354,-9.890194450731027,-25.842003066443837
EFT:-0.6913387094806175,30.73855131789886,-7.529947295463584,-1.9255182138406006,-16.053095676721572,-37.362106122861896,-13.10644337192261,-44.04760835706732,-9.890194450731023,-25.842003066443826
Random438
Raw:-0.6913387094806122,30.73855131789887,-7.529947295463586,-1.9255182138405984,-16.053095676721572,-37.36210612286191,-13.10644337192261,-44.04760835706734,-9.890194450731025,-25.842003066443837
EFT:-0.6913387094806175,30.73855131789886,-7.529947295463584,-1.9255182138406006,-16.05309567672157,-37.362106122861896,-13.10644337192261,-44.04760835706732,-9.890194450731023,-25.842003066443823
Random439
Raw:-0.6913387094806268,30.738551317898885,-7.529947295463622,-1.9255182138406362,-16.053095676721618,-37.36210612286193,-13.106443371922659,-44.047608357067396,-9.890194450731041,-25.842003066443866
EFT:-0.6913387094806175,30.73855131789886,-7.529947295463584,-1.9255182138406006,-16.05309567672157,-37.362106122861896,-13.10644337192261,-44.04760835706732,-9.890194450731023,-25.842003066443823
Random440
Raw:-0.6913387094806126,30.73855131789887,-7.529947295463588,-1.9255182138406002,-16.053095676721576,-37.36210612286191,-13.106443371922612,-44.04760835706734,-9.890194450731025,-25.842003066443837
EFT:-0.6913387094806175,30.73855131789886,-7.529947295463584,-1.9255182138406006,-16.053095676721572,-37.362106122861896,-13.10644337192261,-44.04760835706732,-9.890194450731023,-25.842003066443826
Random441
Raw:-0.6913387094806179,30.738551317898892,-7.529947295463604,-1.925518213840618,-16.0530956767216,-37.36210612286193,-13.106443371922639,-44.04760835706738,-9.89019445073104,-25.842003066443866
EFT:-0.6913387094806175,30.73855131789886,-7.529947295463584,-1.9255182138406006,-16.05309567672157,-37.362106122861896,-13.10644337192261,-44.04760835706732,-9.890194450731023,-25.842003066443823
Random442
Raw:-0.6913387094806084,30.738551317898846,-7.529947295463564,-1.9255182138405789,-16.053095676721544,-37.36210612286188,-13.106443371922579,-44.04760835706728,-9.890194450731011,-25.842003066443795
EFT:-0.6913387094806175,30.73855131789886,-7.529947295463584,-1.9255182138406006,-16.05309567672157,-37.362106122861896,-13.10644337192261,-44.04760835706732,-9.890194450731023,-25.842003066443823
Random443
Raw:-0.6913387094806017,30.738551317898857,-7.529947295463573,-1.9255182138405842,-16.053095676721554,-37.36210612286188,-13.106443371922586,-44.04760835706731,-9.890194450731016,-25.842003066443823
EFT:-0.6913387094806175,30.73855131789886,-7.529947295463584,-1.9255182138406006,-16.05309567672157,-37.362106122861896,-13.10644337192261,-44.04760835706732,-9.890194450731023,-25.842003066443823
Random444
Raw:-0.691338709480618,30.73855131789888,-7.529947295463603,-1.925518213840618,-16.053095676721597,-37.362106122861924,-13.106443371922639,-44.04760835706737,-9.890194450731038,-25.84200306644386
EFT:-0.6913387094806175,30.73855131789886,-7.529947295463584,-1.9255182138406006,-16.05309567672157,-37.362106122861896,-13.10644337192261,-44.04760835706732,-9.890194450731023,-25.842003066443823
Random445
Raw:-0.6913387094806162,30.738551317898864,-7.529947295463594,-1.925518213840609,-16.053095676721583,-37.3621061228619,-13.106443371922625,-44.04760835706734,-9.890194450731027,-25.842003066443837
EFT:-0.6913387094806175,30.73855131789886,-7.529947295463584,-1.9255182138406006,-16.053095676721572,-37.362106122861896,-13.10644337192261,-44.04760835706732,-9.890194450731023,-25.842003066443826
Random446
Raw:-0.6913387094806219,30.738551317898885,-7.529947295463607,-1.9255182138406215,-16.053095676721604,-37.362106122861924,-13.106443371922646,-44.047608357067375,-9.89019445073104,-25.84200306644386
EFT:-0.6913387094806175,30.73855131789886,-7.529947295463584,-1.9255182138406006,-16.05309567672157,-37.362106122861896,-13.10644337192261,-44.04760835706732,-9.890194450731023,-25.842003066443826
Random447
Raw:-0.6913387094806162,30.73855131789888,-7.529947295463598,-1.9255182138406126,-16.053095676721593,-37.362106122861924,-13.10644337192263,-44.04760835706737,-9.890194450731036,-25.84200306644385
EFT:-0.6913387094806175,30.73855131789886,-7.529947295463584,-1.9255182138406006,-16.05309567672157,-37.362106122861896,-13.10644337192261,-44.04760835706732,-9.890194450731023,-25.842003066443823
Random448
Raw:-0.6913387094806197,30.738551317898864,-7.529947295463588,-1.9255182138406042,-16.053095676721576,-37.3621061228619,-13.106443371922614,-44.04760835706733,-9.890194450731025,-25.84200306644383
EFT:-0.6913387094806175,30.73855131789886,-7.529947295463584,-1.9255182138406006,-16.05309567672157,-37.362106122861896,-13.10644337192261,-44.04760835706732,-9.890194450731023,-25.842003066443823
Random449
Raw:-0.6913387094806162,30.738551317898864,-7.529947295463583,-1.9255182138405984,-16.053095676721565,-37.362106122861896,-13.10644337192261,-44.047608357067325,-9.890194450731023,-25.84200306644383
EFT:-0.6913387094806175,30.73855131789886,-7.529947295463584,-1.9255182138406006,-16.05309567672157,-37.362106122861896,-13.10644337192261,-44.04760835706732,-9.890194450731023,-25.842003066443823
Random450
Raw:-0.6913387094806155,30.738551317898857,-7.529947295463585,-1.9255182138406055,-16.05309567672157,-37.362106122861896,-13.106443371922616,-44.04760835706732,-9.890194450731022,-25.84200306644383
EFT:-0.6913387094806175,30.73855131789886,-7.529947295463584,-1.9255182138406006,-16.05309567672157,-37.362106122861896,-13.10644337192261,-44.04760835706732,-9.890194450731023,-25.842003066443826
Random451
Raw:-0.6913387094806153,30.73855131789886,-7.529947295463586,-1.9255182138406002,-16.053095676721572,-37.3621061228619,-13.106443371922614,-44.047608357067325,-9.890194450731023,-25.84200306644383
EFT:-0.6913387094806175,30.73855131789886,-7.529947295463584,-1.9255182138406006,-16.05309567672157,-37.362106122861896,-13.10644337192261,-44.04760835706732,-9.890194450731023,-25.842003066443823
Random452
Raw:-0.6913387094806162,30.738551317898857,-7.529947295463582,-1.9255182138406037,-16.05309567672157,-37.36210612286189,-13.106443371922605,-44.04760835706731,-9.890194450731027,-25.842003066443816
EFT:-0.6913387094806175,30.73855131789886,-7.529947295463584,-1.9255182138406006,-16.053095676721572,-37.362106122861896,-13.10644337192261,-44.04760835706732,-9.890194450731023,-25.842003066443823
Random453
Raw:-0.6913387094806162,30.738551317898878,-7.52994729546359,-1.9255182138406055,-16.053095676721583,-37.36210612286192,-13.106443371922625,-44.047608357067354,-9.890194450731032,-25.842003066443844
EFT:-0.6913387094806175,30.73855131789886,-7.529947295463584,-1.9255182138406006,-16.05309567672157,-37.362106122861896,-13.10644337192261,-44.04760835706732,-9.890194450731023,-25.842003066443826
Random454
Raw:-0.6913387094806197,30.73855131789887,-7.5299472954636055,-1.9255182138406184,-16.053095676721593,-37.36210612286191,-13.106443371922635,-44.047608357067354,-9.890194450731034,-25.842003066443844
EFT:-0.6913387094806175,30.73855131789886,-7.529947295463584,-1.9255182138406006,-16.05309567672157,-37.362106122861896,-13.10644337192261,-44.04760835706732,-9.890194450731023,-25.842003066443826
Random455
Raw:-0.6913387094806126,30.738551317898857,-7.529947295463588,-1.9255182138405984,-16.05309567672157,-37.362106122861896,-13.10644337192261,-44.04760835706733,-9.890194450731022,-25.842003066443837
EFT:-0.6913387094806175,30.73855131789886,-7.529947295463584,-1.9255182138406006,-16.05309567672157,-37.362106122861896,-13.10644337192261,-44.04760835706732,-9.890194450731023,-25.842003066443823
Random456
Raw:-0.6913387094806188,30.738551317898857,-7.529947295463588,-1.9255182138406055,-16.053095676721572,-37.362106122861896,-13.106443371922612,-44.04760835706732,-9.890194450731023,-25.84200306644383
EFT:-0.6913387094806175,30.73855131789886,-7.529947295463584,-1.9255182138406006,-16.05309567672157,-37.362106122861896,-13.10644337192261,-44.04760835706732,-9.890194450731023,-25.842003066443823
Random457
Raw:-0.6913387094806144,30.738551317898864,-7.529947295463584,-1.9255182138405988,-16.05309567672157,-37.3621061228619,-13.106443371922612,-44.04760835706733,-9.890194450731023,-25.842003066443837
EFT:-0.6913387094806175,30.73855131789886,-7.529947295463584,-1.9255182138406006,-16.05309567672157,-37.362106122861896,-13.10644337192261,-44.04760835706732,-9.890194450731023,-25.842003066443823
Random458
Raw:-0.6913387094806179,30.738551317898878,-7.529947295463602,-1.9255182138406153,-16.053095676721597,-37.36210612286192,-13.106443371922639,-44.04760835706738,-9.890194450731036,-25.842003066443866
EFT:-0.6913387094806175,30.73855131789886,-7.529947295463584,-1.9255182138406006,-16.053095676721572,-37.362106122861896,-13.10644337192261,-44.04760835706732,-9.890194450731023,-25.842003066443826
Random459
Raw:-0.6913387094806206,30.73855131789887,-7.529947295463611,-1.925518213840625,-16.0530956767216,-37.36210612286192,-13.106443371922643,-44.04760835706736,-9.89019445073104,-25.84200306644385
EFT:-0.6913387094806175,30.73855131789886,-7.529947295463584,-1.9255182138406006,-16.05309567672157,-37.362106122861896,-13.10644337192261,-44.04760835706732,-9.890194450731023,-25.842003066443826
Random460
Raw:-0.6913387094806162,30.73855131789887,-7.5299472954635975,-1.9255182138406104,-16.05309567672159,-37.36210612286191,-13.106443371922625,-44.04760835706734,-9.890194450731034,-25.842003066443844
EFT:-0.6913387094806175,30.73855131789886,-7.529947295463584,-1.9255182138406006,-16.05309567672157,-37.362106122861896,-13.10644337192261,-44.04760835706732,-9.890194450731023,-25.842003066443826
Random461
Raw:-0.6913387094806268,30.73855131789888,-7.52994729546361,-1.9255182138406295,-16.053095676721608,-37.36210612286193,-13.106443371922653,-44.047608357067375,-9.89019445073104,-25.84200306644386
EFT:-0.6913387094806175,30.73855131789886,-7.529947295463584,-1.9255182138406006,-16.05309567672157,-37.362106122861896,-13.10644337192261,-44.04760835706732,-9.890194450731023,-25.842003066443823
Random462
Raw:-0.6913387094806162,30.738551317898878,-7.529947295463593,-1.9255182138406077,-16.053095676721583,-37.36210612286192,-13.106443371922625,-44.047608357067354,-9.890194450731032,-25.842003066443844
EFT:-0.6913387094806175,30.73855131789886,-7.529947295463584,-1.9255182138406006,-16.05309567672157,-37.362106122861896,-13.10644337192261,-44.04760835706732,-9.890194450731023,-25.842003066443823
Random463
Raw:-0.6913387094806215,30.738551317898896,-7.529947295463617,-1.9255182138406295,-16.053095676721615,-37.36210612286193,-13.106443371922662,-44.04760835706741,-9.890194450731041,-25.842003066443887
EFT:-0.6913387094806175,30.73855131789886,-7.529947295463584,-1.9255182138406006,-16.053095676721572,-37.362106122861896,-13.10644337192261,-44.04760835706732,-9.890194450731023,-25.842003066443823
Random464
Raw:-0.6913387094806188,30.73855131789886,-7.529947295463595,-1.9255182138406126,-16.053095676721583,-37.362106122861896,-13.106443371922621,-44.047608357067325,-9.890194450731027,-25.84200306644383
EFT:-0.6913387094806175,30.73855131789886,-7.529947295463584,-1.9255182138406006,-16.05309567672157,-37.362106122861896,-13.10644337192261,-44.04760835706732,-9.890194450731023,-25.842003066443826
Random465
Raw:-0.6913387094806126,30.738551317898892,-7.529947295463607,-1.9255182138406108,-16.053095676721597,-37.36210612286193,-13.106443371922637,-44.047608357067396,-9.890194450731038,-25.842003066443873
EFT:-0.6913387094806175,30.73855131789886,-7.529947295463584,-1.9255182138406006,-16.05309567672157,-37.362106122861896,-13.10644337192261,-44.04760835706732,-9.890194450731023,-25.842003066443823
Random466
Raw:-0.6913387094806268,30.73855131789889,-7.529947295463621,-1.9255182138406353,-16.05309567672162,-37.36210612286193,-13.106443371922662,-44.047608357067396,-9.890194450731048,-25.842003066443873
EFT:-0.6913387094806175,30.73855131789886,-7.529947295463584,-1.9255182138406006,-16.05309567672157,-37.362106122861896,-13.10644337192261,-44.04760835706732,-9.890194450731023,-25.842003066443823
Random467
Raw:-0.6913387094806241,30.73855131789887,-7.529947295463624,-1.9255182138406362,-16.053095676721615,-37.36210612286192,-13.106443371922659,-44.04760835706737,-9.890194450731041,-25.842003066443866
EFT:-0.6913387094806175,30.73855131789886,-7.529947295463584,-1.9255182138406006,-16.05309567672157,-37.362106122861896,-13.10644337192261,-44.04760835706732,-9.890194450731023,-25.842003066443823
Random468
Raw:-0.6913387094806162,30.738551317898867,-7.529947295463588,-1.9255182138406015,-16.05309567672158,-37.36210612286191,-13.106443371922616,-44.04760835706734,-9.890194450731027,-25.842003066443837
EFT:-0.6913387094806175,30.73855131789886,-7.529947295463584,-1.9255182138406006,-16.05309567672157,-37.362106122861896,-13.10644337192261,-44.04760835706732,-9.890194450731023,-25.842003066443823
Random469
Raw:-0.6913387094806197,30.738551317898885,-7.529947295463607,-1.9255182138406215,-16.0530956767216,-37.362106122861924,-13.106443371922644,-44.04760835706738,-9.89019445073104,-25.842003066443866
EFT:-0.6913387094806175,30.73855131789886,-7.529947295463584,-1.9255182138406006,-16.053095676721572,-37.362106122861896,-13.10644337192261,-44.04760835706732,-9.890194450731023,-25.842003066443823
Random470
Raw:-0.6913387094806082,30.738551317898878,-7.529947295463582,-1.9255182138405913,-16.05309567672157,-37.36210612286191,-13.106443371922605,-44.04760835706734,-9.89019445073102,-25.842003066443837
EFT:-0.6913387094806175,30.73855131789886,-7.529947295463584,-1.9255182138406006,-16.05309567672157,-37.362106122861896,-13.10644337192261,-44.04760835706732,-9.890194450731023,-25.842003066443823
Random471
Raw:-0.6913387094806162,30.738551317898875,-7.529947295463595,-1.925518213840609,-16.053095676721586,-37.36210612286192,-13.106443371922628,-44.04760835706736,-9.890194450731029,-25.84200306644385
EFT:-0.6913387094806175,30.73855131789886,-7.529947295463584,-1.9255182138406006,-16.05309567672157,-37.362106122861896,-13.10644337192261,-44.04760835706732,-9.890194450731023,-25.842003066443823
Random472
Raw:-0.691338709480609,30.73855131789887,-7.529947295463588,-1.925518213840602,-16.053095676721576,-37.362106122861896,-13.10644337192261,-44.04760835706735,-9.890194450731027,-25.84200306644385
EFT:-0.6913387094806175,30.73855131789886,-7.529947295463584,-1.9255182138406006,-16.05309567672157,-37.362106122861896,-13.10644337192261,-44.04760835706732,-9.890194450731023,-25.842003066443823
Random473
Raw:-0.6913387094806117,30.73855131789886,-7.529947295463585,-1.9255182138405993,-16.053095676721572,-37.362106122861896,-13.106443371922609,-44.04760835706733,-9.890194450731023,-25.84200306644383
EFT:-0.6913387094806175,30.73855131789886,-7.529947295463584,-1.9255182138406006,-16.05309567672157,-37.362106122861896,-13.10644337192261,-44.04760835706732,-9.890194450731023,-25.842003066443826
Random474
Raw:-0.6913387094806179,30.738551317898896,-7.529947295463602,-1.9255182138406144,-16.053095676721593,-37.36210612286194,-13.10644337192264,-44.04760835706738,-9.890194450731034,-25.842003066443873
EFT:-0.6913387094806175,30.73855131789886,-7.529947295463584,-1.9255182138406006,-16.05309567672157,-37.362106122861896,-13.10644337192261,-44.04760835706732,-9.890194450731023,-25.842003066443823
Random475
Raw:-0.6913387094806108,30.738551317898857,-7.529947295463578,-1.9255182138405957,-16.05309567672156,-37.36210612286189,-13.106443371922598,-44.04760835706731,-9.890194450731022,-25.84200306644383
EFT:-0.6913387094806175,30.73855131789886,-7.529947295463584,-1.9255182138406006,-16.05309567672157,-37.362106122861896,-13.10644337192261,-44.04760835706732,-9.890194450731023,-25.842003066443826
Random476
Raw:-0.6913387094806146,30.738551317898867,-7.5299472954635895,-1.9255182138406055,-16.05309567672158,-37.3621061228619,-13.106443371922621,-44.04760835706734,-9.890194450731025,-25.842003066443844
EFT:-0.6913387094806175,30.73855131789886,-7.529947295463584,-1.9255182138406006,-16.05309567672157,-37.362106122861896,-13.10644337192261,-44.04760835706732,-9.890194450731023,-25.842003066443823
Random477
Raw:-0.6913387094806304,30.738551317898892,-7.52994729546363,-1.9255182138406441,-16.05309567672163,-37.36210612286194,-13.106443371922676,-44.04760835706741,-9.89019445073105,-25.84200306644388
EFT:-0.6913387094806175,30.73855131789886,-7.529947295463584,-1.9255182138406006,-16.05309567672157,-37.362106122861896,-13.10644337192261,-44.04760835706732,-9.890194450731023,-25.842003066443823
Random478
Raw:-0.6913387094806206,30.738551317898878,-7.529947295463601,-1.9255182138406166,-16.053095676721593,-37.36210612286192,-13.106443371922637,-44.04760835706737,-9.890194450731034,-25.84200306644386
EFT:-0.6913387094806175,30.73855131789886,-7.529947295463584,-1.9255182138406006,-16.05309567672157,-37.362106122861896,-13.10644337192261,-44.04760835706732,-9.890194450731023,-25.842003066443823
Random479
Raw:-0.6913387094806162,30.738551317898857,-7.529947295463587,-1.9255182138406037,-16.053095676721572,-37.36210612286189,-13.106443371922609,-44.047608357067325,-9.890194450731025,-25.84200306644383
EFT:-0.6913387094806175,30.73855131789886,-7.529947295463584,-1.9255182138406006,-16.05309567672157,-37.362106122861896,-13.10644337192261,-44.04760835706732,-9.890194450731023,-25.842003066443823
Random480
Raw:-0.6913387094806164,30.738551317898864,-7.529947295463582,-1.9255182138405997,-16.05309567672157,-37.3621061228619,-13.10644337192261,-44.04760835706733,-9.890194450731023,-25.84200306644383
EFT:-0.6913387094806175,30.73855131789886,-7.529947295463584,-1.9255182138406006,-16.05309567672157,-37.362106122861896,-13.10644337192261,-44.04760835706732,-9.890194450731023,-25.842003066443823
Random481
Raw:-0.6913387094806108,30.73855131789886,-7.529947295463574,-1.9255182138405913,-16.053095676721558,-37.362106122861896,-13.106443371922596,-44.047608357067325,-9.89019445073102,-25.842003066443823
EFT:-0.6913387094806175,30.73855131789886,-7.529947295463584,-1.9255182138406006,-16.05309567672157,-37.362106122861896,-13.10644337192261,-44.04760835706732,-9.890194450731023,-25.842003066443823
Random482
Raw:-0.6913387094806264,30.738551317898875,-7.529947295463619,-1.9255182138406353,-16.05309567672161,-37.36210612286192,-13.106443371922657,-44.04760835706737,-9.890194450731041,-25.84200306644386
EFT:-0.6913387094806175,30.73855131789886,-7.529947295463584,-1.9255182138406006,-16.05309567672157,-37.362106122861896,-13.10644337192261,-44.04760835706732,-9.890194450731023,-25.842003066443823
Random483
Raw:-0.6913387094806188,30.738551317898864,-7.529947295463589,-1.9255182138406073,-16.053095676721576,-37.3621061228619,-13.106443371922614,-44.047608357067325,-9.890194450731025,-25.842003066443823
EFT:-0.6913387094806175,30.73855131789886,-7.529947295463584,-1.9255182138406006,-16.05309567672157,-37.362106122861896,-13.10644337192261,-44.04760835706732,-9.890194450731023,-25.842003066443823
Random484
Raw:-0.6913387094806129,30.738551317898843,-7.5299472954635736,-1.925518213840593,-16.053095676721554,-37.362106122861874,-13.106443371922591,-44.04760835706729,-9.890194450731016,-25.84200306644381
EFT:-0.6913387094806175,30.73855131789886,-7.529947295463584,-1.9255182138406006,-16.05309567672157,-37.362106122861896,-13.10644337192261,-44.04760835706732,-9.890194450731023,-25.842003066443823
Random485
Raw:-0.6913387094806228,30.73855131789887,-7.529947295463603,-1.925518213840622,-16.053095676721593,-37.36210612286192,-13.106443371922635,-44.047608357067354,-9.890194450731034,-25.842003066443837
EFT:-0.6913387094806175,30.73855131789886,-7.529947295463584,-1.9255182138406006,-16.05309567672157,-37.362106122861896,-13.10644337192261,-44.04760835706732,-9.890194450731023,-25.842003066443823
Random486
Raw:-0.6913387094806179,30.738551317898875,-7.529947295463595,-1.9255182138406108,-16.053095676721586,-37.36210612286192,-13.106443371922628,-44.047608357067354,-9.890194450731029,-25.842003066443844
EFT:-0.6913387094806175,30.73855131789886,-7.529947295463584,-1.9255182138406006,-16.053095676721572,-37.362106122861896,-13.10644337192261,-44.04760835706732,-9.890194450731023,-25.842003066443826
Random487
Raw:-0.6913387094806213,30.738551317898885,-7.529947295463612,-1.9255182138406242,-16.053095676721604,-37.362106122861924,-13.106443371922646,-44.047608357067375,-9.890194450731041,-25.84200306644386
EFT:-0.6913387094806175,30.73855131789886,-7.529947295463584,-1.9255182138406006,-16.05309567672157,-37.362106122861896,-13.10644337192261,-44.04760835706732,-9.890194450731023,-25.842003066443823
Random488
Raw:-0.6913387094806159,30.738551317898875,-7.529947295463598,-1.9255182138406126,-16.05309567672159,-37.36210612286192,-13.106443371922634,-44.04760835706737,-9.890194450731034,-25.84200306644386
EFT:-0.6913387094806175,30.73855131789886,-7.529947295463584,-1.9255182138406006,-16.053095676721572,-37.362106122861896,-13.10644337192261,-44.04760835706732,-9.890194450731023,-25.842003066443826
Random489
Raw:-0.6913387094806233,30.738551317898892,-7.529947295463626,-1.9255182138406375,-16.05309567672162,-37.36210612286193,-13.106443371922662,-44.047608357067396,-9.890194450731045,-25.842003066443873
EFT:-0.6913387094806175,30.73855131789886,-7.529947295463584,-1.9255182138406006,-16.05309567672157,-37.362106122861896,-13.10644337192261,-44.04760835706732,-9.890194450731023,-25.842003066443823
Random490
Raw:-0.6913387094806126,30.738551317898864,-7.529947295463592,-1.9255182138406055,-16.053095676721576,-37.3621061228619,-13.106443371922616,-44.04760835706734,-9.890194450731029,-25.842003066443844
EFT:-0.6913387094806175,30.73855131789886,-7.529947295463584,-1.9255182138406006,-16.05309567672157,-37.362106122861896,-13.10644337192261,-44.04760835706732,-9.890194450731023,-25.842003066443823
Random491
Raw:-0.6913387094806197,30.738551317898867,-7.529947295463594,-1.9255182138406108,-16.053095676721583,-37.3621061228619,-13.106443371922621,-44.04760835706733,-9.890194450731027,-25.842003066443837
EFT:-0.6913387094806175,30.73855131789886,-7.529947295463584,-1.9255182138406006,-16.05309567672157,-37.362106122861896,-13.10644337192261,-44.04760835706732,-9.890194450731023,-25.842003066443823
Random492
Raw:-0.691338709480622,30.738551317898892,-7.5299472954636215,-1.925518213840634,-16.053095676721618,-37.36210612286193,-13.106443371922662,-44.047608357067396,-9.890194450731045,-25.84200306644388
EFT:-0.6913387094806175,30.73855131789886,-7.529947295463584,-1.9255182138406006,-16.053095676721572,-37.362106122861896,-13.10644337192261,-44.04760835706732,-9.890194450731023,-25.842003066443823
Random493
Raw:-0.6913387094806146,30.738551317898857,-7.529947295463578,-1.9255182138405948,-16.05309567672156,-37.36210612286189,-13.106443371922598,-44.047608357067304,-9.890194450731018,-25.842003066443816
EFT:-0.6913387094806175,30.73855131789886,-7.529947295463584,-1.9255182138406006,-16.05309567672157,-37.362106122861896,-13.10644337192261,-44.04760835706732,-9.890194450731023,-25.842003066443823
Random494
Raw:-0.6913387094806179,30.738551317898864,-7.529947295463592,-1.9255182138406077,-16.05309567672158,-37.3621061228619,-13.106443371922621,-44.04760835706735,-9.89019445073103,-25.842003066443844
EFT:-0.6913387094806175,30.73855131789886,-7.529947295463584,-1.9255182138406006,-16.05309567672157,-37.362106122861896,-13.10644337192261,-44.04760835706732,-9.890194450731023,-25.842003066443826
Random495
Raw:-0.6913387094806108,30.73855131789886,-7.52994729546358,-1.925518213840593,-16.053095676721565,-37.362106122861896,-13.1064433719226,-44.047608357067325,-9.890194450731022,-25.842003066443823
EFT:-0.6913387094806175,30.73855131789886,-7.529947295463584,-1.9255182138406006,-16.05309567672157,-37.362106122861896,-13.10644337192261,-44.04760835706732,-9.890194450731023,-25.842003066443823
Random496
Raw:-0.6913387094806166,30.738551317898878,-7.529947295463598,-1.9255182138406108,-16.05309567672159,-37.36210612286192,-13.10644337192263,-44.04760835706737,-9.890194450731034,-25.84200306644385
EFT:-0.6913387094806175,30.73855131789886,-7.529947295463584,-1.9255182138406006,-16.05309567672157,-37.362106122861896,-13.10644337192261,-44.04760835706732,-9.890194450731023,-25.842003066443823
Random497
Raw:-0.6913387094806206,30.738551317898892,-7.529947295463606,-1.9255182138406197,-16.053095676721604,-37.36210612286193,-13.106443371922644,-44.04760835706739,-9.890194450731036,-25.842003066443873
EFT:-0.6913387094806175,30.73855131789886,-7.529947295463584,-1.9255182138406006,-16.05309567672157,-37.362106122861896,-13.10644337192261,-44.04760835706732,-9.890194450731023,-25.842003066443823
Random498
Raw:-0.6913387094806197,30.738551317898875,-7.5299472954635975,-1.9255182138406144,-16.05309567672159,-37.36210612286192,-13.106443371922632,-44.04760835706736,-9.890194450731034,-25.84200306644385
EFT:-0.6913387094806175,30.73855131789886,-7.529947295463584,-1.9255182138406006,-16.05309567672157,-37.362106122861896,-13.10644337192261,-44.04760835706732,-9.890194450731023,-25.842003066443826
Random499
Raw:-0.6913387094806133,30.738551317898875,-7.529947295463591,-1.9255182138406064,-16.05309567672158,-37.36210612286191,-13.106443371922623,-44.047608357067354,-9.890194450731027,-25.842003066443844
EFT:-0.6913387094806175,30.73855131789886,-7.529947295463584,-1.9255182138406006,-16.05309567672157,-37.362106122861896,-13.10644337192261,-44.04760835706732,-9.890194450731023,-25.842003066443823
Random500
Raw:-0.6913387094806144,30.738551317898864,-7.529947295463585,-1.9255182138406002,-16.053095676721572,-37.3621061228619,-13.106443371922612,-44.04760835706734,-9.890194450731027,-25.842003066443844
EFT:-0.6913387094806175,30.73855131789886,-7.529947295463584,-1.9255182138406006,-16.05309567672157,-37.362106122861896,-13.10644337192261,-44.04760835706732,-9.890194450731023,-25.842003066443823
Random501
Raw:-0.6913387094806073,30.738551317898857,-7.529947295463576,-1.9255182138405877,-16.053095676721554,-37.36210612286189,-13.106443371922595,-44.04760835706731,-9.890194450731016,-25.842003066443823
EFT:-0.6913387094806175,30.73855131789886,-7.529947295463584,-1.9255182138406006,-16.05309567672157,-37.362106122861896,-13.10644337192261,-44.04760835706732,-9.890194450731023,-25.842003066443823
Random502
Raw:-0.6913387094806255,30.738551317898878,-7.529947295463608,-1.925518213840625,-16.053095676721604,-37.362106122861924,-13.106443371922646,-44.04760835706737,-9.890194450731036,-25.84200306644385
EFT:-0.6913387094806175,30.73855131789886,-7.529947295463584,-1.9255182138406006,-16.05309567672157,-37.362106122861896,-13.10644337192261,-44.04760835706732,-9.890194450731023,-25.842003066443823
Random503
Raw:-0.6913387094806213,30.73855131789888,-7.529947295463612,-1.9255182138406242,-16.053095676721604,-37.36210612286192,-13.106443371922646,-44.047608357067375,-9.890194450731038,-25.84200306644386
EFT:-0.6913387094806175,30.73855131789886,-7.529947295463584,-1.9255182138406006,-16.05309567672157,-37.362106122861896,-13.10644337192261,-44.04760835706732,-9.890194450731023,-25.842003066443823
Random504
Raw:-0.6913387094806179,30.73855131789887,-7.5299472954635895,-1.9255182138406073,-16.053095676721583,-37.3621061228619,-13.10644337192262,-44.04760835706734,-9.89019445073103,-25.842003066443844
EFT:-0.6913387094806175,30.73855131789886,-7.529947295463584,-1.9255182138406006,-16.05309567672157,-37.362106122861896,-13.10644337192261,-44.04760835706732,-9.890194450731023,-25.842003066443826
Random505
Raw:-0.6913387094806108,30.738551317898864,-7.529947295463579,-1.925518213840593,-16.05309567672156,-37.36210612286189,-13.106443371922598,-44.04760835706732,-9.89019445073102,-25.84200306644383
EFT:-0.6913387094806175,30.73855131789886,-7.529947295463584,-1.9255182138406006,-16.05309567672157,-37.362106122861896,-13.10644337192261,-44.04760835706732,-9.890194450731023,-25.842003066443823
Random506
Raw:-0.6913387094806139,30.73855131789887,-7.529947295463587,-1.9255182138406002,-16.053095676721576,-37.36210612286192,-13.10644337192261,-44.04760835706734,-9.890194450731029,-25.842003066443844
EFT:-0.6913387094806175,30.73855131789886,-7.529947295463584,-1.9255182138406006,-16.05309567672157,-37.362106122861896,-13.10644337192261,-44.04760835706732,-9.890194450731023,-25.842003066443826
Random507
Raw:-0.6913387094806197,30.738551317898875,-7.529947295463609,-1.9255182138406215,-16.0530956767216,-37.362106122861924,-13.106443371922643,-44.04760835706737,-9.890194450731041,-25.84200306644386
EFT:-0.6913387094806175,30.73855131789886,-7.529947295463584,-1.9255182138406006,-16.05309567672157,-37.362106122861896,-13.10644337192261,-44.04760835706732,-9.890194450731023,-25.842003066443823
Random508
Raw:-0.6913387094806179,30.738551317898878,-7.529947295463607,-1.9255182138406162,-16.053095676721597,-37.36210612286192,-13.10644337192264,-44.047608357067375,-9.890194450731034,-25.84200306644386
EFT:-0.6913387094806175,30.73855131789886,-7.529947295463584,-1.9255182138406006,-16.05309567672157,-37.362106122861896,-13.10644337192261,-44.04760835706732,-9.890194450731023,-25.842003066443823
Random509
Raw:-0.6913387094806247,30.738551317898885,-7.529947295463619,-1.925518213840634,-16.053095676721615,-37.362106122861924,-13.10644337192266,-44.04760835706739,-9.890194450731041,-25.842003066443866
EFT:-0.6913387094806175,30.73855131789886,-7.529947295463584,-1.9255182138406006,-16.05309567672157,-37.362106122861896,-13.10644337192261,-44.04760835706732,-9.890194450731023,-25.842003066443823
Random510
Raw:-0.6913387094806199,30.738551317898867,-7.52994729546361,-1.9255182138406246,-16.0530956767216,-37.3621061228619,-13.106443371922643,-44.047608357067354,-9.890194450731038,-25.84200306644385
EFT:-0.6913387094806175,30.73855131789886,-7.529947295463584,-1.9255182138406006,-16.05309567672157,-37.362106122861896,-13.10644337192261,-44.04760835706732,-9.890194450731023,-25.842003066443823
Random511
Raw:-0.6913387094806213,30.738551317898857,-7.529947295463597,-1.9255182138406144,-16.053095676721586,-37.362106122861896,-13.10644337192262,-44.047608357067325,-9.890194450731029,-25.842003066443823
EFT:-0.6913387094806175,30.73855131789886,-7.529947295463584,-1.9255182138406006,-16.05309567672157,-37.362106122861896,-13.10644337192261,-44.04760835706732,-9.890194450731023,-25.842003066443823
Random512
Raw:-0.6913387094806157,30.73855131789886,-7.5299472954635975,-1.92551821384061,-16.053095676721586,-37.362106122861896,-13.106443371922623,-44.04760835706734,-9.890194450731032,-25.842003066443844
EFT:-0.6913387094806175,30.73855131789886,-7.529947295463584,-1.9255182138406006,-16.05309567672157,-37.362106122861896,-13.10644337192261,-44.04760835706732,-9.890194450731023,-25.842003066443823
Random513
Raw:-0.6913387094806162,30.738551317898867,-7.529947295463586,-1.925518213840602,-16.053095676721572,-37.36210612286191,-13.106443371922618,-44.04760835706734,-9.890194450731025,-25.842003066443837
EFT:-0.6913387094806175,30.73855131789886,-7.529947295463584,-1.9255182138406006,-16.05309567672157,-37.362106122861896,-13.10644337192261,-44.04760835706732,-9.890194450731023,-25.842003066443823
Random514
Raw:-0.6913387094806108,30.738551317898864,-7.529947295463588,-1.925518213840602,-16.053095676721572,-37.3621061228619,-13.106443371922614,-44.04760835706734,-9.890194450731023,-25.842003066443837
EFT:-0.6913387094806175,30.73855131789886,-7.529947295463584,-1.9255182138406006,-16.05309567672157,-37.362106122861896,-13.10644337192261,-44.04760835706732,-9.890194450731023,-25.842003066443826
Random515
Raw:-0.6913387094806162,30.738551317898864,-7.529947295463589,-1.925518213840602,-16.053095676721572,-37.3621061228619,-13.106443371922612,-44.04760835706734,-9.890194450731023,-25.842003066443837
EFT:-0.6913387094806175,30.73855131789886,-7.529947295463584,-1.9255182138406006,-16.05309567672157,-37.362106122861896,-13.10644337192261,-44.04760835706732,-9.890194450731023,-25.842003066443823
Random516
Raw:-0.6913387094806197,30.73855131789888,-7.529947295463613,-1.925518213840625,-16.053095676721604,-37.36210612286192,-13.106443371922646,-44.047608357067375,-9.890194450731036,-25.84200306644386
EFT:-0.6913387094806175,30.73855131789886,-7.529947295463584,-1.9255182138406006,-16.05309567672157,-37.362106122861896,-13.10644337192261,-44.04760835706732,-9.890194450731023,-25.842003066443826
Random517
Raw:-0.6913387094806179,30.73855131789887,-7.529947295463588,-1.9255182138406055,-16.053095676721576,-37.36210612286191,-13.106443371922614,-44.04760835706734,-9.890194450731029,-25.842003066443837
EFT:-0.6913387094806175,30.73855131789886,-7.529947295463584,-1.9255182138406006,-16.05309567672157,-37.362106122861896,-13.10644337192261,-44.04760835706732,-9.890194450731023,-25.842003066443823
Random518
Raw:-0.6913387094806197,30.738551317898878,-7.529947295463603,-1.9255182138406193,-16.053095676721597,-37.36210612286192,-13.10644337192264,-44.04760835706737,-9.89019445073103,-25.84200306644385
EFT:-0.6913387094806175,30.73855131789886,-7.529947295463584,-1.9255182138406006,-16.053095676721572,-37.362106122861896,-13.10644337192261,-44.04760835706732,-9.890194450731023,-25.842003066443823
Random519
Raw:-0.6913387094806162,30.738551317898857,-7.529947295463587,-1.925518213840602,-16.05309567672157,-37.362106122861896,-13.106443371922612,-44.047608357067325,-9.890194450731022,-25.84200306644383
EFT:-0.6913387094806175,30.73855131789886,-7.529947295463584,-1.9255182138406006,-16.05309567672157,-37.362106122861896,-13.10644337192261,-44.04760835706732,-9.890194450731023,-25.842003066443823
Random520
Raw:-0.6913387094806224,30.738551317898867,-7.529947295463599,-1.9255182138406188,-16.05309567672159,-37.3621061228619,-13.106443371922634,-44.04760835706734,-9.890194450731038,-25.842003066443844
EFT:-0.6913387094806175,30.73855131789886,-7.529947295463584,-1.9255182138406006,-16.05309567672157,-37.362106122861896,-13.10644337192261,-44.04760835706732,-9.890194450731023,-25.842003066443823
Random521
Raw:-0.6913387094806157,30.738551317898875,-7.529947295463601,-1.9255182138406126,-16.05309567672159,-37.3621061228619,-13.10644337192263,-44.04760835706736,-9.89019445073103,-25.84200306644385
EFT:-0.6913387094806175,30.73855131789886,-7.529947295463584,-1.9255182138406006,-16.05309567672157,-37.362106122861896,-13.10644337192261,-44.04760835706732,-9.890194450731023,-25.842003066443823
Random522
Raw:-0.6913387094806215,30.738551317898885,-7.529947295463611,-1.9255182138406268,-16.053095676721604,-37.36210612286193,-13.106443371922651,-44.04760835706738,-9.890194450731045,-25.842003066443866
EFT:-0.6913387094806175,30.73855131789886,-7.529947295463584,-1.9255182138406006,-16.053095676721572,-37.362106122861896,-13.10644337192261,-44.04760835706732,-9.890194450731023,-25.842003066443823
Random523
Raw:-0.6913387094806228,30.738551317898875,-7.529947295463614,-1.9255182138406286,-16.053095676721608,-37.36210612286192,-13.106443371922653,-44.04760835706738,-9.890194450731038,-25.842003066443866
EFT:-0.6913387094806175,30.73855131789886,-7.529947295463584,-1.9255182138406006,-16.05309567672157,-37.362106122861896,-13.10644337192261,-44.04760835706732,-9.890194450731023,-25.842003066443823
Random524
Raw:-0.6913387094806179,30.738551317898878,-7.529947295463614,-1.925518213840625,-16.053095676721604,-37.36210612286192,-13.106443371922644,-44.04760835706737,-9.890194450731038,-25.84200306644386
EFT:-0.6913387094806175,30.73855131789886,-7.529947295463584,-1.9255182138406006,-16.05309567672157,-37.362106122861896,-13.10644337192261,-44.04760835706732,-9.890194450731023,-25.842003066443823
Random525
Raw:-0.6913387094806215,30.73855131789887,-7.52994729546359,-1.9255182138406144,-16.053095676721583,-37.36210612286192,-13.106443371922627,-44.04760835706735,-9.890194450731032,-25.842003066443837
EFT:-0.6913387094806175,30.73855131789886,-7.529947295463584,-1.9255182138406006,-16.05309567672157,-37.362106122861896,-13.10644337192261,-44.04760835706732,-9.890194450731023,-25.842003066443823
Random526
Raw:-0.6913387094806215,30.738551317898875,-7.529947295463605,-1.9255182138406188,-16.053095676721593,-37.36210612286192,-13.106443371922637,-44.04760835706736,-9.890194450731036,-25.84200306644385
EFT:-0.6913387094806175,30.73855131789886,-7.529947295463584,-1.9255182138406006,-16.05309567672157,-37.362106122861896,-13.10644337192261,-44.04760835706732,-9.890194450731023,-25.842003066443823
Random527
Raw:-0.6913387094806162,30.738551317898885,-7.529947295463613,-1.9255182138406215,-16.053095676721608,-37.362106122861924,-13.106443371922648,-44.04760835706739,-9.890194450731038,-25.842003066443873
EFT:-0.6913387094806175,30.73855131789886,-7.529947295463584,-1.9255182138406006,-16.05309567672157,-37.362106122861896,-13.10644337192261,-44.04760835706732,-9.890194450731023,-25.842003066443823
Random528
Raw:-0.6913387094806247,30.738551317898878,-7.5299472954636135,-1.9255182138406304,-16.053095676721608,-37.36210612286192,-13.106443371922651,-44.04760835706738,-9.890194450731036,-25.84200306644386
EFT:-0.6913387094806175,30.73855131789886,-7.529947295463584,-1.9255182138406006,-16.053095676721572,-37.362106122861896,-13.10644337192261,-44.04760835706732,-9.890194450731023,-25.842003066443826
Random529
Raw:-0.691338709480609,30.73855131789887,-7.529947295463574,-1.925518213840586,-16.053095676721558,-37.3621061228619,-13.1064433719226,-44.047608357067325,-9.89019445073102,-25.84200306644383
EFT:-0.6913387094806175,30.73855131789886,-7.529947295463584,-1.9255182138406006,-16.05309567672157,-37.362106122861896,-13.10644337192261,-44.04760835706732,-9.890194450731023,-25.842003066443823
Random530
Raw:-0.6913387094806173,30.73855131789888,-7.529947295463604,-1.925518213840618,-16.053095676721597,-37.362106122861924,-13.106443371922639,-44.04760835706738,-9.890194450731034,-25.842003066443873
EFT:-0.6913387094806175,30.73855131789886,-7.529947295463584,-1.9255182138406006,-16.05309567672157,-37.362106122861896,-13.10644337192261,-44.04760835706732,-9.890194450731023,-25.842003066443826
Random531
Raw:-0.6913387094806126,30.73855131789887,-7.5299472954635895,-1.9255182138406037,-16.053095676721576,-37.36210612286191,-13.106443371922616,-44.04760835706734,-9.890194450731025,-25.842003066443844
EFT:-0.6913387094806175,30.73855131789886,-7.529947295463584,-1.9255182138406006,-16.05309567672157,-37.362106122861896,-13.10644337192261,-44.04760835706732,-9.890194450731023,-25.842003066443826
Random532
Raw:-0.6913387094806202,30.738551317898857,-7.529947295463587,-1.925518213840609,-16.053095676721576,-37.362106122861896,-13.106443371922612,-44.047608357067325,-9.890194450731029,-25.84200306644383
EFT:-0.6913387094806175,30.73855131789886,-7.529947295463584,-1.9255182138406006,-16.05309567672157,-37.362106122861896,-13.10644337192261,-44.04760835706732,-9.890194450731023,-25.842003066443823
Random533
Raw:-0.6913387094806144,30.73855131789886,-7.529947295463583,-1.925518213840601,-16.05309567672157,-37.3621061228619,-13.106443371922612,-44.047608357067325,-9.890194450731023,-25.84200306644383
EFT:-0.6913387094806175,30.73855131789886,-7.529947295463584,-1.9255182138406006,-16.053095676721572,-37.362106122861896,-13.10644337192261,-44.04760835706732,-9.890194450731023,-25.842003066443823
Random534
Raw:-0.6913387094806197,30.738551317898878,-7.529947295463607,-1.925518213840618,-16.053095676721597,-37.36210612286192,-13.106443371922639,-44.04760835706737,-9.890194450731036,-25.84200306644386
EFT:-0.6913387094806175,30.73855131789886,-7.529947295463584,-1.9255182138406006,-16.05309567672157,-37.362106122861896,-13.10644337192261,-44.04760835706732,-9.890194450731023,-25.842003066443823
Random535
Raw:-0.6913387094806215,30.73855131789889,-7.529947295463609,-1.9255182138406233,-16.053095676721604,-37.36210612286193,-13.106443371922644,-44.04760835706738,-9.890194450731038,-25.842003066443866
EFT:-0.6913387094806175,30.73855131789886,-7.529947295463584,-1.9255182138406006,-16.05309567672157,-37.362106122861896,-13.10644337192261,-44.04760835706732,-9.890194450731023,-25.842003066443823
Random536
Raw:-0.6913387094806153,30.738551317898857,-7.529947295463595,-1.9255182138406064,-16.053095676721572,-37.36210612286189,-13.106443371922618,-44.047608357067325,-9.89019445073102,-25.84200306644383
EFT:-0.6913387094806175,30.73855131789886,-7.529947295463584,-1.9255182138406006,-16.05309567672157,-37.362106122861896,-13.10644337192261,-44.04760835706732,-9.890194450731023,-25.842003066443823
Random537
Raw:-0.6913387094806129,30.738551317898864,-7.529947295463577,-1.925518213840594,-16.053095676721565,-37.3621061228619,-13.106443371922602,-44.047608357067325,-9.890194450731023,-25.842003066443823
EFT:-0.6913387094806175,30.73855131789886,-7.529947295463584,-1.9255182138406006,-16.05309567672157,-37.362106122861896,-13.10644337192261,-44.04760835706732,-9.890194450731023,-25.842003066443823
Random538
Raw:-0.6913387094806162,30.738551317898875,-7.529947295463607,-1.925518213840618,-16.053095676721597,-37.36210612286192,-13.106443371922639,-44.04760835706737,-9.890194450731032,-25.84200306644386
EFT:-0.6913387094806175,30.73855131789886,-7.529947295463584,-1.9255182138406006,-16.05309567672157,-37.362106122861896,-13.10644337192261,-44.04760835706732,-9.890194450731023,-25.842003066443823
Random539
Raw:-0.6913387094806175,30.738551317898878,-7.529947295463597,-1.9255182138406144,-16.05309567672159,-37.36210612286192,-13.106443371922632,-44.04760835706736,-9.890194450731032,-25.84200306644385
EFT:-0.6913387094806175,30.73855131789886,-7.529947295463584,-1.9255182138406006,-16.05309567672157,-37.362106122861896,-13.10644337192261,-44.04760835706732,-9.890194450731023,-25.842003066443823
Random540
Raw:-0.6913387094806206,30.738551317898875,-7.529947295463599,-1.9255182138406126,-16.05309567672159,-37.36210612286191,-13.10644337192263,-44.047608357067354,-9.890194450731034,-25.842003066443844
EFT:-0.6913387094806175,30.73855131789886,-7.529947295463584,-1.9255182138406006,-16.05309567672157,-37.362106122861896,-13.10644337192261,-44.04760835706732,-9.890194450731023,-25.842003066443823
Random541
Raw:-0.6913387094806197,30.738551317898885,-7.529947295463603,-1.925518213840618,-16.053095676721597,-37.362106122861924,-13.106443371922648,-44.04760835706738,-9.890194450731034,-25.842003066443866
EFT:-0.6913387094806175,30.73855131789886,-7.529947295463584,-1.9255182138406006,-16.05309567672157,-37.362106122861896,-13.10644337192261,-44.04760835706732,-9.890194450731023,-25.842003066443826
Random542
Raw:-0.6913387094806153,30.738551317898867,-7.529947295463585,-1.9255182138406037,-16.053095676721572,-37.3621061228619,-13.106443371922618,-44.04760835706734,-9.890194450731029,-25.842003066443844
EFT:-0.6913387094806175,30.73855131789886,-7.529947295463584,-1.9255182138406006,-16.053095676721572,-37.362106122861896,-13.10644337192261,-44.04760835706732,-9.890194450731023,-25.842003066443823
Random543
Raw:-0.6913387094806055,30.738551317898853,-7.529947295463564,-1.9255182138405789,-16.053095676721544,-37.36210612286189,-13.106443371922579,-44.0476083570673,-9.890194450731013,-25.842003066443816
EFT:-0.6913387094806175,30.73855131789886,-7.529947295463584,-1.9255182138406006,-16.05309567672157,-37.362106122861896,-13.10644337192261,-44.04760835706732,-9.890194450731023,-25.842003066443823
Random544
Raw:-0.6913387094806188,30.73855131789887,-7.529947295463601,-1.9255182138406166,-16.053095676721597,-37.36210612286192,-13.106443371922635,-44.047608357067354,-9.890194450731032,-25.84200306644385
EFT:-0.6913387094806175,30.73855131789886,-7.529947295463584,-1.9255182138406006,-16.05309567672157,-37.362106122861896,-13.10644337192261,-44.04760835706732,-9.890194450731023,-25.842003066443826
Random545
Raw:-0.6913387094806099,30.738551317898878,-7.529947295463591,-1.9255182138406002,-16.05309567672158,-37.36210612286192,-13.106443371922618,-44.047608357067354,-9.890194450731032,-25.84200306644385
EFT:-0.6913387094806175,30.73855131789886,-7.529947295463584,-1.9255182138406006,-16.053095676721572,-37.362106122861896,-13.10644337192261,-44.04760835706732,-9.890194450731023,-25.842003066443823
Random546
Raw:-0.6913387094806108,30.73855131789887,-7.529947295463586,-1.9255182138405997,-16.053095676721572,-37.3621061228619,-13.106443371922612,-44.04760835706735,-9.890194450731025,-25.842003066443837
EFT:-0.6913387094806175,30.73855131789886,-7.529947295463584,-1.9255182138406006,-16.05309567672157,-37.362106122861896,-13.10644337192261,-44.04760835706732,-9.890194450731023,-25.842003066443823
Random547
Raw:-0.6913387094806133,30.738551317898878,-7.529947295463593,-1.9255182138406073,-16.053095676721583,-37.36210612286191,-13.106443371922623,-44.047608357067354,-9.890194450731025,-25.84200306644385
EFT:-0.6913387094806175,30.73855131789886,-7.529947295463584,-1.9255182138406006,-16.053095676721572,-37.362106122861896,-13.10644337192261,-44.04760835706732,-9.890194450731023,-25.842003066443823
Random548
Raw:-0.6913387094806119,30.738551317898867,-7.529947295463586,-1.9255182138405966,-16.053095676721572,-37.3621061228619,-13.10644337192261,-44.04760835706734,-9.890194450731022,-25.842003066443837
EFT:-0.6913387094806175,30.73855131789886,-7.529947295463584,-1.9255182138406006,-16.05309567672157,-37.362106122861896,-13.10644337192261,-44.04760835706732,-9.890194450731023,-25.842003066443823
Random549
Raw:-0.6913387094806215,30.73855131789888,-7.529947295463611,-1.925518213840622,-16.053095676721604,-37.362106122861924,-13.106443371922646,-44.047608357067375,-9.890194450731041,-25.84200306644386
EFT:-0.6913387094806175,30.73855131789886,-7.529947295463584,-1.9255182138406006,-16.05309567672157,-37.362106122861896,-13.10644337192261,-44.04760835706732,-9.890194450731023,-25.842003066443823
Random550
Raw:-0.6913387094806215,30.73855131789888,-7.529947295463609,-1.9255182138406233,-16.053095676721604,-37.362106122861924,-13.106443371922644,-44.04760835706738,-9.89019445073104,-25.84200306644386
EFT:-0.6913387094806175,30.73855131789886,-7.529947295463584,-1.9255182138406006,-16.05309567672157,-37.362106122861896,-13.10644337192261,-44.04760835706732,-9.890194450731023,-25.842003066443823
Random551
Raw:-0.6913387094806206,30.738551317898867,-7.529947295463602,-1.9255182138406166,-16.05309567672159,-37.3621061228619,-13.106443371922634,-44.047608357067354,-9.89019445073103,-25.842003066443844
EFT:-0.6913387094806175,30.73855131789886,-7.529947295463584,-1.9255182138406006,-16.05309567672157,-37.362106122861896,-13.10644337192261,-44.04760835706732,-9.890194450731023,-25.842003066443823
Random552
Raw:-0.691338709480609,30.738551317898857,-7.529947295463585,-1.9255182138406002,-16.05309567672157,-37.36210612286189,-13.106443371922607,-44.04760835706732,-9.89019445073102,-25.84200306644383
EFT:-0.6913387094806175,30.73855131789886,-7.529947295463584,-1.9255182138406006,-16.05309567672157,-37.362106122861896,-13.10644337192261,-44.04760835706732,-9.890194450731023,-25.842003066443823
Random553
Raw:-0.6913387094806162,30.738551317898864,-7.52994729546359,-1.925518213840602,-16.053095676721576,-37.3621061228619,-13.106443371922614,-44.047608357067325,-9.890194450731027,-25.84200306644383
EFT:-0.6913387094806175,30.73855131789886,-7.529947295463584,-1.9255182138406006,-16.05309567672157,-37.362106122861896,-13.10644337192261,-44.04760835706732,-9.890194450731023,-25.842003066443823
Random554
Raw:-0.6913387094806162,30.738551317898878,-7.529947295463601,-1.925518213840613,-16.05309567672159,-37.36210612286192,-13.106443371922634,-44.04760835706737,-9.890194450731034,-25.84200306644386
EFT:-0.6913387094806175,30.73855131789886,-7.529947295463584,-1.9255182138406006,-16.05309567672157,-37.362106122861896,-13.10644337192261,-44.04760835706732,-9.890194450731023,-25.842003066443823
Random555
Raw:-0.6913387094806215,30.738551317898867,-7.529947295463609,-1.9255182138406233,-16.053095676721597,-37.36210612286191,-13.106443371922643,-44.047608357067354,-9.890194450731034,-25.842003066443844
EFT:-0.6913387094806175,30.73855131789886,-7.529947295463584,-1.9255182138406006,-16.05309567672157,-37.362106122861896,-13.10644337192261,-44.04760835706732,-9.890194450731023,-25.842003066443826
Random556
Raw:-0.6913387094806179,30.73855131789887,-7.5299472954635975,-1.925518213840609,-16.05309567672159,-37.36210612286191,-13.106443371922627,-44.047608357067354,-9.890194450731032,-25.842003066443844
EFT:-0.6913387094806175,30.73855131789886,-7.529947295463584,-1.9255182138406006,-16.05309567672157,-37.362106122861896,-13.10644337192261,-44.04760835706732,-9.890194450731023,-25.842003066443823
Random557
Raw:-0.6913387094806126,30.738551317898867,-7.529947295463594,-1.9255182138406055,-16.05309567672158,-37.3621061228619,-13.106443371922618,-44.04760835706734,-9.89019445073103,-25.842003066443844
EFT:-0.6913387094806175,30.73855131789886,-7.529947295463584,-1.9255182138406006,-16.05309567672157,-37.362106122861896,-13.10644337192261,-44.04760835706732,-9.890194450731023,-25.842003066443823
Random558
Raw:-0.6913387094806162,30.738551317898864,-7.529947295463585,-1.925518213840601,-16.053095676721576,-37.3621061228619,-13.106443371922609,-44.047608357067325,-9.89019445073103,-25.84200306644383
EFT:-0.6913387094806175,30.73855131789886,-7.529947295463584,-1.9255182138406006,-16.05309567672157,-37.362106122861896,-13.10644337192261,-44.04760835706732,-9.890194450731023,-25.842003066443826
Random559
Raw:-0.6913387094806187,30.73855131789887,-7.529947295463607,-1.9255182138406162,-16.053095676721593,-37.36210612286191,-13.106443371922634,-44.047608357067354,-9.890194450731034,-25.842003066443844
EFT:-0.6913387094806175,30.73855131789886,-7.529947295463584,-1.9255182138406006,-16.05309567672157,-37.362106122861896,-13.10644337192261,-44.04760835706732,-9.890194450731023,-25.842003066443823
Random560
Raw:-0.6913387094806073,30.73855131789885,-7.529947295463569,-1.9255182138405824,-16.05309567672155,-37.36210612286188,-13.10644337192259,-44.04760835706731,-9.890194450731016,-25.842003066443816
EFT:-0.6913387094806175,30.73855131789886,-7.529947295463584,-1.9255182138406006,-16.05309567672157,-37.362106122861896,-13.10644337192261,-44.04760835706732,-9.890194450731023,-25.842003066443823
Random561
Raw:-0.6913387094806073,30.73855131789886,-7.529947295463576,-1.9255182138405877,-16.053095676721558,-37.36210612286189,-13.106443371922596,-44.047608357067325,-9.89019445073102,-25.84200306644383
EFT:-0.6913387094806175,30.73855131789886,-7.529947295463584,-1.9255182138406006,-16.05309567672157,-37.362106122861896,-13.10644337192261,-44.04760835706732,-9.890194450731023,-25.842003066443823
Random562
Raw:-0.6913387094806135,30.738551317898864,-7.529947295463585,-1.9255182138405997,-16.05309567672157,-37.3621061228619,-13.10644337192261,-44.047608357067325,-9.890194450731025,-25.842003066443837
EFT:-0.6913387094806175,30.73855131789886,-7.529947295463584,-1.9255182138406006,-16.05309567672157,-37.362106122861896,-13.10644337192261,-44.04760835706732,-9.890194450731023,-25.842003066443823
Random563
Raw:-0.6913387094806197,30.738551317898864,-7.529947295463603,-1.925518213840618,-16.053095676721586,-37.362106122861896,-13.106443371922632,-44.04760835706734,-9.890194450731029,-25.842003066443844
EFT:-0.6913387094806175,30.73855131789886,-7.529947295463584,-1.9255182138406006,-16.05309567672157,-37.362106122861896,-13.10644337192261,-44.04760835706732,-9.890194450731023,-25.842003066443826
Random564
Raw:-0.6913387094806144,30.738551317898864,-7.529947295463583,-1.9255182138405993,-16.053095676721572,-37.3621061228619,-13.10644337192261,-44.04760835706733,-9.890194450731023,-25.842003066443837
EFT:-0.6913387094806175,30.73855131789886,-7.529947295463584,-1.9255182138406006,-16.05309567672157,-37.362106122861896,-13.10644337192261,-44.04760835706732,-9.890194450731023,-25.842003066443823
Random565
Raw:-0.6913387094806235,30.73855131789888,-7.529947295463613,-1.9255182138406286,-16.053095676721608,-37.36210612286193,-13.106443371922651,-44.04760835706738,-9.890194450731041,-25.842003066443873
EFT:-0.6913387094806175,30.73855131789886,-7.529947295463584,-1.9255182138406006,-16.05309567672157,-37.362106122861896,-13.10644337192261,-44.04760835706732,-9.890194450731023,-25.842003066443826
Random566
Raw:-0.6913387094806167,30.738551317898878,-7.529947295463615,-1.9255182138406268,-16.053095676721604,-37.36210612286192,-13.106443371922653,-44.04760835706739,-9.890194450731036,-25.842003066443873
EFT:-0.6913387094806175,30.73855131789886,-7.529947295463584,-1.9255182138406006,-16.05309567672157,-37.362106122861896,-13.10644337192261,-44.04760835706732,-9.890194450731023,-25.842003066443823
Random567
Raw:-0.6913387094806162,30.738551317898864,-7.529947295463583,-1.925518213840601,-16.05309567672157,-37.3621061228619,-13.106443371922609,-44.047608357067325,-9.890194450731023,-25.84200306644383
EFT:-0.6913387094806175,30.73855131789886,-7.529947295463584,-1.9255182138406006,-16.05309567672157,-37.362106122861896,-13.10644337192261,-44.04760835706732,-9.890194450731023,-25.842003066443823
Random568
Raw:-0.6913387094806214,30.738551317898878,-7.5299472954636135,-1.925518213840626,-16.053095676721604,-37.36210612286192,-13.106443371922651,-44.047608357067375,-9.890194450731038,-25.84200306644386
EFT:-0.6913387094806175,30.73855131789886,-7.529947295463584,-1.9255182138406006,-16.05309567672157,-37.362106122861896,-13.10644337192261,-44.04760835706732,-9.890194450731023,-25.842003066443823
Random569
Raw:-0.691338709480618,30.73855131789887,-7.529947295463608,-1.925518213840618,-16.0530956767216,-37.36210612286191,-13.106443371922637,-44.047608357067354,-9.890194450731036,-25.84200306644385
EFT:-0.6913387094806175,30.73855131789886,-7.529947295463584,-1.9255182138406006,-16.05309567672157,-37.362106122861896,-13.10644337192261,-44.04760835706732,-9.890194450731023,-25.842003066443826
Random570
Raw:-0.6913387094806215,30.738551317898878,-7.529947295463604,-1.9255182138406215,-16.053095676721597,-37.362106122861924,-13.106443371922643,-44.04760835706737,-9.890194450731036,-25.84200306644386
EFT:-0.6913387094806175,30.73855131789886,-7.529947295463584,-1.9255182138406006,-16.05309567672157,-37.362106122861896,-13.10644337192261,-44.04760835706732,-9.890194450731023,-25.842003066443826
Random571
Raw:-0.6913387094806197,30.738551317898864,-7.529947295463595,-1.9255182138406108,-16.053095676721583,-37.3621061228619,-13.106443371922627,-44.04760835706735,-9.890194450731029,-25.842003066443837
EFT:-0.6913387094806175,30.73855131789886,-7.529947295463584,-1.9255182138406006,-16.05309567672157,-37.362106122861896,-13.10644337192261,-44.04760835706732,-9.890194450731023,-25.842003066443823
Random572
Raw:-0.6913387094806162,30.738551317898867,-7.529947295463588,-1.9255182138406024,-16.053095676721576,-37.36210612286191,-13.106443371922618,-44.04760835706734,-9.890194450731027,-25.842003066443844
EFT:-0.6913387094806175,30.73855131789886,-7.529947295463584,-1.9255182138406006,-16.05309567672157,-37.362106122861896,-13.10644337192261,-44.04760835706732,-9.890194450731023,-25.842003066443823
Random573
Raw:-0.691338709480617,30.73855131789886,-7.529947295463587,-1.9255182138406046,-16.053095676721572,-37.3621061228619,-13.106443371922616,-44.04760835706733,-9.890194450731022,-25.84200306644383
EFT:-0.6913387094806175,30.73855131789886,-7.529947295463584,-1.9255182138406006,-16.05309567672157,-37.362106122861896,-13.10644337192261,-44.04760835706732,-9.890194450731023,-25.842003066443823
Random574
Raw:-0.6913387094806125,30.738551317898857,-7.529947295463578,-1.9255182138405966,-16.05309567672156,-37.36210612286189,-13.106443371922596,-44.04760835706731,-9.890194450731023,-25.842003066443823
EFT:-0.6913387094806175,30.73855131789886,-7.529947295463584,-1.9255182138406006,-16.05309567672157,-37.362106122861896,-13.10644337192261,-44.04760835706732,-9.890194450731023,-25.842003066443823
Random575
Raw:-0.6913387094806197,30.738551317898878,-7.529947295463619,-1.9255182138406286,-16.053095676721608,-37.362106122861924,-13.106443371922651,-44.04760835706738,-9.890194450731038,-25.842003066443866
EFT:-0.6913387094806175,30.73855131789886,-7.529947295463584,-1.9255182138406006,-16.05309567672157,-37.362106122861896,-13.10644337192261,-44.04760835706732,-9.890194450731023,-25.842003066443823
Random576
Raw:-0.6913387094806165,30.738551317898857,-7.529947295463579,-1.9255182138405984,-16.05309567672157,-37.3621061228619,-13.106443371922603,-44.04760835706732,-9.890194450731023,-25.842003066443823
EFT:-0.6913387094806175,30.73855131789886,-7.529947295463584,-1.9255182138406006,-16.05309567672157,-37.362106122861896,-13.10644337192261,-44.04760835706732,-9.890194450731023,-25.842003066443823
Random577
Raw:-0.6913387094806135,30.738551317898867,-7.529947295463593,-1.9255182138406037,-16.053095676721583,-37.3621061228619,-13.10644337192262,-44.04760835706735,-9.890194450731029,-25.842003066443844
EFT:-0.6913387094806175,30.73855131789886,-7.529947295463584,-1.9255182138406006,-16.05309567672157,-37.362106122861896,-13.10644337192261,-44.04760835706732,-9.890194450731023,-25.842003066443823
Random578
Raw:-0.6913387094806233,30.738551317898878,-7.529947295463612,-1.9255182138406304,-16.053095676721604,-37.36210612286192,-13.10644337192265,-44.04760835706736,-9.89019445073104,-25.84200306644386
EFT:-0.6913387094806175,30.73855131789886,-7.529947295463584,-1.9255182138406006,-16.05309567672157,-37.362106122861896,-13.10644337192261,-44.04760835706732,-9.890194450731023,-25.842003066443823
Random579
Raw:-0.6913387094806119,30.738551317898853,-7.529947295463574,-1.9255182138405922,-16.053095676721554,-37.36210612286188,-13.106443371922595,-44.047608357067304,-9.890194450731018,-25.842003066443816
EFT:-0.6913387094806175,30.73855131789886,-7.529947295463584,-1.9255182138406006,-16.05309567672157,-37.362106122861896,-13.10644337192261,-44.04760835706732,-9.890194450731023,-25.842003066443826
Random580
Raw:-0.6913387094806168,30.73855131789887,-7.529947295463597,-1.9255182138406073,-16.053095676721586,-37.36210612286191,-13.106443371922623,-44.047608357067354,-9.890194450731034,-25.84200306644385
EFT:-0.6913387094806175,30.73855131789886,-7.529947295463584,-1.9255182138406006,-16.05309567672157,-37.362106122861896,-13.10644337192261,-44.04760835706732,-9.890194450731023,-25.842003066443823
Random581
Raw:-0.6913387094806166,30.738551317898864,-7.529947295463596,-1.9255182138406104,-16.053095676721583,-37.3621061228619,-13.106443371922623,-44.04760835706734,-9.890194450731029,-25.842003066443844
EFT:-0.6913387094806175,30.73855131789886,-7.529947295463584,-1.9255182138406006,-16.05309567672157,-37.362106122861896,-13.10644337192261,-44.04760835706732,-9.890194450731023,-25.842003066443823
Random582
Raw:-0.6913387094806162,30.738551317898875,-7.52994729546361,-1.925518213840618,-16.0530956767216,-37.36210612286192,-13.10644337192264,-44.04760835706737,-9.890194450731038,-25.84200306644386
EFT:-0.6913387094806175,30.73855131789886,-7.529947295463584,-1.9255182138406006,-16.05309567672157,-37.362106122861896,-13.10644337192261,-44.04760835706732,-9.890194450731023,-25.842003066443826
Random583
Raw:-0.6913387094806144,30.738551317898864,-7.529947295463583,-1.9255182138405993,-16.05309567672157,-37.362106122861896,-13.106443371922609,-44.047608357067325,-9.890194450731022,-25.84200306644383
EFT:-0.6913387094806175,30.73855131789886,-7.529947295463584,-1.9255182138406006,-16.053095676721572,-37.362106122861896,-13.10644337192261,-44.04760835706732,-9.890194450731023,-25.842003066443823
Random584
Raw:-0.6913387094806179,30.73855131789887,-7.5299472954636,-1.9255182138406162,-16.05309567672159,-37.36210612286191,-13.106443371922634,-44.047608357067354,-9.89019445073103,-25.84200306644385
EFT:-0.6913387094806175,30.73855131789886,-7.529947295463584,-1.9255182138406006,-16.05309567672157,-37.362106122861896,-13.10644337192261,-44.04760835706732,-9.890194450731023,-25.842003066443823
Random585
Raw:-0.6913387094806254,30.73855131789888,-7.5299472954636135,-1.9255182138406322,-16.05309567672161,-37.362106122861924,-13.106443371922655,-44.04760835706738,-9.890194450731045,-25.842003066443866
EFT:-0.6913387094806175,30.73855131789886,-7.529947295463584,-1.9255182138406006,-16.05309567672157,-37.362106122861896,-13.10644337192261,-44.04760835706732,-9.890194450731023,-25.842003066443823
Random586
Raw:-0.6913387094806148,30.738551317898864,-7.529947295463596,-1.9255182138406095,-16.053095676721583,-37.3621061228619,-13.106443371922625,-44.04760835706734,-9.890194450731029,-25.842003066443844
EFT:-0.6913387094806175,30.73855131789886,-7.529947295463584,-1.9255182138406006,-16.05309567672157,-37.362106122861896,-13.10644337192261,-44.04760835706732,-9.890194450731023,-25.842003066443823
Random587
Raw:-0.6913387094806233,30.73855131789887,-7.529947295463603,-1.9255182138406206,-16.053095676721593,-37.3621061228619,-13.106443371922632,-44.04760835706734,-9.890194450731034,-25.842003066443837
EFT:-0.6913387094806175,30.73855131789886,-7.529947295463584,-1.9255182138406006,-16.053095676721572,-37.362106122861896,-13.10644337192261,-44.04760835706732,-9.890194450731023,-25.842003066443823
Random588
Raw:-0.6913387094806126,30.738551317898864,-7.529947295463588,-1.9255182138406002,-16.053095676721572,-37.362106122861896,-13.106443371922614,-44.04760835706733,-9.890194450731023,-25.842003066443837
EFT:-0.6913387094806175,30.73855131789886,-7.529947295463584,-1.9255182138406006,-16.05309567672157,-37.362106122861896,-13.10644337192261,-44.04760835706732,-9.890194450731023,-25.842003066443823
Random589
Raw:-0.6913387094806132,30.738551317898864,-7.52994729546358,-1.9255182138405948,-16.053095676721565,-37.36210612286189,-13.106443371922602,-44.04760835706732,-9.890194450731022,-25.84200306644383
EFT:-0.6913387094806175,30.73855131789886,-7.529947295463584,-1.9255182138406006,-16.05309567672157,-37.362106122861896,-13.10644337192261,-44.04760835706732,-9.890194450731023,-25.842003066443823
Random590
Raw:-0.6913387094806144,30.738551317898857,-7.529947295463568,-1.9255182138405904,-16.053095676721554,-37.36210612286189,-13.106443371922593,-44.0476083570673,-9.89019445073102,-25.84200306644381
EFT:-0.6913387094806175,30.73855131789886,-7.529947295463584,-1.9255182138406006,-16.05309567672157,-37.362106122861896,-13.10644337192261,-44.04760835706732,-9.890194450731023,-25.842003066443823
Random591
Raw:-0.6913387094806119,30.738551317898864,-7.529947295463591,-1.9255182138406033,-16.053095676721572,-37.362106122861896,-13.106443371922616,-44.04760835706734,-9.890194450731023,-25.842003066443844
EFT:-0.6913387094806175,30.73855131789886,-7.529947295463584,-1.9255182138406006,-16.05309567672157,-37.362106122861896,-13.10644337192261,-44.04760835706732,-9.890194450731023,-25.842003066443823
Random592
Raw:-0.6913387094806133,30.738551317898864,-7.529947295463592,-1.9255182138406095,-16.053095676721576,-37.36210612286189,-13.10644337192262,-44.04760835706733,-9.890194450731023,-25.842003066443844
EFT:-0.6913387094806175,30.73855131789886,-7.529947295463584,-1.9255182138406006,-16.05309567672157,-37.362106122861896,-13.10644337192261,-44.04760835706732,-9.890194450731023,-25.842003066443823
Random593
Raw:-0.6913387094806233,30.73855131789888,-7.529947295463606,-1.9255182138406233,-16.0530956767216,-37.362106122861924,-13.106443371922643,-44.04760835706736,-9.890194450731036,-25.84200306644385
EFT:-0.6913387094806175,30.73855131789886,-7.529947295463584,-1.9255182138406006,-16.05309567672157,-37.362106122861896,-13.10644337192261,-44.04760835706732,-9.890194450731023,-25.842003066443823
Random594
Raw:-0.6913387094806188,30.738551317898885,-7.52994729546361,-1.9255182138406215,-16.053095676721608,-37.36210612286193,-13.106443371922644,-44.04760835706738,-9.890194450731041,-25.842003066443866
EFT:-0.6913387094806175,30.73855131789886,-7.529947295463584,-1.9255182138406006,-16.05309567672157,-37.362106122861896,-13.10644337192261,-44.04760835706732,-9.890194450731023,-25.842003066443823
Random595
Raw:-0.6913387094806126,30.73855131789887,-7.529947295463592,-1.9255182138406024,-16.05309567672158,-37.36210612286192,-13.10644337192262,-44.047608357067354,-9.890194450731027,-25.842003066443844
EFT:-0.6913387094806175,30.73855131789886,-7.529947295463584,-1.9255182138406006,-16.05309567672157,-37.362106122861896,-13.10644337192261,-44.04760835706732,-9.890194450731023,-25.842003066443826
Random596
Raw:-0.6913387094806224,30.738551317898878,-7.529947295463607,-1.9255182138406197,-16.053095676721597,-37.36210612286192,-13.106443371922643,-44.04760835706736,-9.890194450731036,-25.842003066443844
EFT:-0.6913387094806175,30.73855131789886,-7.529947295463584,-1.9255182138406006,-16.05309567672157,-37.362106122861896,-13.10644337192261,-44.04760835706732,-9.890194450731023,-25.842003066443826
Random597
Raw:-0.6913387094806215,30.73855131789889,-7.52994729546362,-1.9255182138406304,-16.053095676721615,-37.36210612286193,-13.10644337192266,-44.047608357067396,-9.890194450731043,-25.842003066443873
EFT:-0.6913387094806175,30.73855131789886,-7.529947295463584,-1.9255182138406006,-16.05309567672157,-37.362106122861896,-13.10644337192261,-44.04760835706732,-9.890194450731023,-25.842003066443823
Random598
Raw:-0.6913387094806126,30.738551317898867,-7.529947295463591,-1.925518213840602,-16.053095676721576,-37.362106122861896,-13.10644337192262,-44.04760835706734,-9.890194450731025,-25.842003066443844
EFT:-0.6913387094806175,30.73855131789886,-7.529947295463584,-1.9255182138406006,-16.05309567672157,-37.362106122861896,-13.10644337192261,-44.04760835706732,-9.890194450731023,-25.842003066443823
Random599
Raw:-0.6913387094806288,30.738551317898892,-7.529947295463635,-1.9255182138406481,-16.05309567672163,-37.36210612286194,-13.106443371922676,-44.04760835706741,-9.890194450731048,-25.842003066443887
EFT:-0.6913387094806175,30.73855131789886,-7.529947295463584,-1.9255182138406006,-16.05309567672157,-37.362106122861896,-13.10644337192261,-44.04760835706732,-9.890194450731023,-25.842003066443826
Random600
Raw:-0.6913387094806073,30.73855131789885,-7.5299472954635585,-1.925518213840577,-16.053095676721544,-37.36210612286188,-13.106443371922573,-44.04760835706728,-9.890194450731014,-25.8420030664438
EFT:-0.6913387094806175,30.73855131789886,-7.529947295463584,-1.9255182138406006,-16.05309567672157,-37.362106122861896,-13.10644337192261,-44.04760835706732,-9.890194450731023,-25.842003066443823
Random601
Raw:-0.6913387094806126,30.73855131789886,-7.529947295463589,-1.9255182138406037,-16.053095676721576,-37.362106122861896,-13.106443371922612,-44.047608357067325,-9.890194450731023,-25.84200306644383
EFT:-0.6913387094806175,30.73855131789886,-7.529947295463584,-1.9255182138406006,-16.053095676721572,-37.362106122861896,-13.10644337192261,-44.04760835706732,-9.890194450731023,-25.842003066443823
Random602
Raw:-0.6913387094806178,30.73855131789888,-7.52994729546361,-1.9255182138406233,-16.0530956767216,-37.36210612286192,-13.10644337192264,-44.04760835706737,-9.890194450731036,-25.84200306644386
EFT:-0.6913387094806175,30.73855131789886,-7.529947295463584,-1.9255182138406006,-16.05309567672157,-37.362106122861896,-13.10644337192261,-44.04760835706732,-9.890194450731023,-25.842003066443826
Random603
Raw:-0.6913387094806162,30.73855131789887,-7.529947295463597,-1.9255182138406126,-16.053095676721586,-37.36210612286191,-13.106443371922627,-44.04760835706735,-9.89019445073103,-25.84200306644385
EFT:-0.6913387094806175,30.73855131789886,-7.529947295463584,-1.9255182138406006,-16.05309567672157,-37.362106122861896,-13.10644337192261,-44.04760835706732,-9.890194450731023,-25.842003066443823
Random604
Raw:-0.6913387094806126,30.738551317898857,-7.52994729546358,-1.9255182138405948,-16.05309567672156,-37.362106122861896,-13.106443371922602,-44.04760835706731,-9.890194450731022,-25.842003066443823
EFT:-0.6913387094806175,30.73855131789886,-7.529947295463584,-1.9255182138406006,-16.05309567672157,-37.362106122861896,-13.10644337192261,-44.04760835706732,-9.890194450731023,-25.842003066443826
Random605
Raw:-0.6913387094806193,30.738551317898878,-7.529947295463607,-1.9255182138406215,-16.0530956767216,-37.36210612286192,-13.106443371922644,-44.04760835706738,-9.890194450731038,-25.842003066443873
EFT:-0.6913387094806175,30.73855131789886,-7.529947295463584,-1.9255182138406006,-16.05309567672157,-37.362106122861896,-13.10644337192261,-44.04760835706732,-9.890194450731023,-25.842003066443823
Random606
Raw:-0.6913387094806188,30.738551317898875,-7.529947295463607,-1.9255182138406215,-16.053095676721597,-37.36210612286192,-13.106443371922643,-44.04760835706737,-9.890194450731034,-25.84200306644386
EFT:-0.6913387094806175,30.73855131789886,-7.529947295463584,-1.9255182138406006,-16.05309567672157,-37.362106122861896,-13.10644337192261,-44.04760835706732,-9.890194450731023,-25.842003066443823
Random607
Raw:-0.6913387094806073,30.73855131789886,-7.529947295463586,-1.9255182138405966,-16.053095676721565,-37.362106122861896,-13.10644337192261,-44.04760835706734,-9.890194450731023,-25.842003066443844
EFT:-0.6913387094806175,30.73855131789886,-7.529947295463584,-1.9255182138406006,-16.05309567672157,-37.362106122861896,-13.10644337192261,-44.04760835706732,-9.890194450731023,-25.842003066443823
Random608
Raw:-0.6913387094806157,30.738551317898867,-7.52994729546359,-1.9255182138406037,-16.05309567672158,-37.3621061228619,-13.106443371922616,-44.04760835706734,-9.89019445073103,-25.842003066443837
EFT:-0.6913387094806175,30.73855131789886,-7.529947295463584,-1.9255182138406006,-16.05309567672157,-37.362106122861896,-13.10644337192261,-44.04760835706732,-9.890194450731023,-25.842003066443823
Random609
Raw:-0.691338709480615,30.738551317898864,-7.529947295463575,-1.925518213840593,-16.05309567672156,-37.3621061228619,-13.106443371922607,-44.04760835706733,-9.890194450731022,-25.84200306644383
EFT:-0.6913387094806175,30.73855131789886,-7.529947295463584,-1.9255182138406006,-16.053095676721572,-37.362106122861896,-13.10644337192261,-44.04760835706732,-9.890194450731023,-25.842003066443826
Random610
Raw:-0.6913387094806108,30.73855131789887,-7.5299472954635895,-1.925518213840602,-16.053095676721576,-37.36210612286191,-13.106443371922614,-44.047608357067354,-9.890194450731029,-25.84200306644385
EFT:-0.6913387094806175,30.73855131789886,-7.529947295463584,-1.9255182138406006,-16.05309567672157,-37.362106122861896,-13.10644337192261,-44.04760835706732,-9.890194450731023,-25.842003066443826
Random611
Raw:-0.6913387094806135,30.73855131789886,-7.529947295463574,-1.9255182138405913,-16.053095676721558,-37.362106122861896,-13.106443371922598,-44.047608357067325,-9.89019445073102,-25.842003066443823
EFT:-0.6913387094806175,30.73855131789886,-7.529947295463584,-1.9255182138406006,-16.05309567672157,-37.362106122861896,-13.10644337192261,-44.04760835706732,-9.890194450731023,-25.842003066443826
Random612
Raw:-0.6913387094806215,30.738551317898875,-7.529947295463609,-1.9255182138406233,-16.053095676721597,-37.36210612286191,-13.10644337192264,-44.04760835706737,-9.890194450731038,-25.84200306644386
EFT:-0.6913387094806175,30.73855131789886,-7.529947295463584,-1.9255182138406006,-16.05309567672157,-37.362106122861896,-13.10644337192261,-44.04760835706732,-9.890194450731023,-25.842003066443826
Random613
Raw:-0.6913387094806117,30.73855131789887,-7.5299472954635975,-1.9255182138406046,-16.053095676721583,-37.3621061228619,-13.106443371922621,-44.047608357067354,-9.89019445073103,-25.84200306644385
EFT:-0.6913387094806175,30.73855131789886,-7.529947295463584,-1.9255182138406006,-16.05309567672157,-37.362106122861896,-13.10644337192261,-44.04760835706732,-9.890194450731023,-25.842003066443823
Random614
Raw:-0.6913387094806195,30.73855131789887,-7.5299472954636,-1.9255182138406144,-16.05309567672159,-37.36210612286191,-13.106443371922635,-44.047608357067354,-9.890194450731034,-25.84200306644385
EFT:-0.6913387094806175,30.73855131789886,-7.529947295463584,-1.9255182138406006,-16.05309567672157,-37.362106122861896,-13.10644337192261,-44.04760835706732,-9.890194450731023,-25.842003066443823
Random615
Raw:-0.6913387094806188,30.738551317898867,-7.5299472954636,-1.9255182138406126,-16.05309567672159,-37.36210612286191,-13.10644337192263,-44.047608357067354,-9.89019445073103,-25.84200306644385
EFT:-0.6913387094806175,30.73855131789886,-7.529947295463584,-1.9255182138406006,-16.05309567672157,-37.362106122861896,-13.10644337192261,-44.04760835706732,-9.890194450731023,-25.842003066443823
Random616
Raw:-0.6913387094806199,30.738551317898875,-7.529947295463611,-1.9255182138406233,-16.0530956767216,-37.36210612286192,-13.10644337192264,-44.04760835706737,-9.890194450731038,-25.84200306644386
EFT:-0.6913387094806175,30.73855131789886,-7.529947295463584,-1.9255182138406006,-16.05309567672157,-37.362106122861896,-13.10644337192261,-44.04760835706732,-9.890194450731023,-25.842003066443823
Random617
Raw:-0.691338709480618,30.73855131789888,-7.529947295463602,-1.9255182138406135,-16.053095676721597,-37.36210612286192,-13.106443371922635,-44.04760835706737,-9.890194450731032,-25.84200306644386
EFT:-0.6913387094806175,30.73855131789886,-7.529947295463584,-1.9255182138406006,-16.053095676721572,-37.362106122861896,-13.10644337192261,-44.04760835706732,-9.890194450731023,-25.842003066443826
Random618
Raw:-0.6913387094806153,30.73855131789887,-7.529947295463594,-1.9255182138406055,-16.053095676721583,-37.36210612286192,-13.106443371922621,-44.047608357067354,-9.890194450731029,-25.84200306644385
EFT:-0.6913387094806175,30.73855131789886,-7.529947295463584,-1.9255182138406006,-16.05309567672157,-37.362106122861896,-13.10644337192261,-44.04760835706732,-9.890194450731023,-25.842003066443823
Random619
Raw:-0.6913387094806093,30.738551317898878,-7.5299472954635975,-1.9255182138406055,-16.053095676721586,-37.36210612286192,-13.10644337192263,-44.047608357067375,-9.890194450731029,-25.842003066443866
EFT:-0.6913387094806175,30.73855131789886,-7.529947295463584,-1.9255182138406006,-16.05309567672157,-37.362106122861896,-13.10644337192261,-44.04760835706732,-9.890194450731023,-25.842003066443826
Random620
Raw:-0.6913387094806215,30.73855131789887,-7.529947295463594,-1.9255182138406126,-16.053095676721586,-37.36210612286191,-13.106443371922621,-44.04760835706734,-9.89019445073103,-25.842003066443837
EFT:-0.6913387094806175,30.73855131789886,-7.529947295463584,-1.9255182138406006,-16.05309567672157,-37.362106122861896,-13.10644337192261,-44.04760835706732,-9.890194450731023,-25.842003066443826
Random621
Raw:-0.691338709480625,30.73855131789888,-7.529947295463607,-1.9255182138406268,-16.053095676721597,-37.362106122861924,-13.106443371922646,-44.04760835706737,-9.89019445073104,-25.84200306644385
EFT:-0.6913387094806175,30.73855131789886,-7.529947295463584,-1.9255182138406006,-16.05309567672157,-37.362106122861896,-13.10644337192261,-44.04760835706732,-9.890194450731023,-25.842003066443823
Random622
Raw:-0.6913387094806179,30.738551317898875,-7.529947295463598,-1.925518213840609,-16.053095676721586,-37.36210612286191,-13.106443371922628,-44.047608357067354,-9.89019445073103,-25.842003066443844
EFT:-0.6913387094806175,30.73855131789886,-7.529947295463584,-1.9255182138406006,-16.05309567672157,-37.362106122861896,-13.10644337192261,-44.04760835706732,-9.890194450731023,-25.842003066443826
Random623
Raw:-0.6913387094806137,30.738551317898857,-7.5299472954635815,-1.9255182138405948,-16.053095676721565,-37.36210612286189,-13.106443371922607,-44.047608357067325,-9.890194450731018,-25.84200306644383
EFT:-0.6913387094806175,30.73855131789886,-7.529947295463584,-1.9255182138406006,-16.053095676721572,-37.362106122861896,-13.10644337192261,-44.04760835706732,-9.890194450731023,-25.842003066443823
Random624
Raw:-0.6913387094806162,30.738551317898878,-7.529947295463598,-1.925518213840609,-16.053095676721586,-37.36210612286191,-13.106443371922628,-44.047608357067354,-9.890194450731032,-25.84200306644385
EFT:-0.6913387094806175,30.73855131789886,-7.529947295463584,-1.9255182138406006,-16.05309567672157,-37.362106122861896,-13.10644337192261,-44.04760835706732,-9.890194450731023,-25.842003066443823
Random625
Raw:-0.691338709480611,30.738551317898857,-7.529947295463573,-1.9255182138405895,-16.053095676721554,-37.36210612286188,-13.106443371922593,-44.0476083570673,-9.890194450731016,-25.84200306644381
EFT:-0.6913387094806175,30.73855131789886,-7.529947295463584,-1.9255182138406006,-16.053095676721572,-37.362106122861896,-13.10644337192261,-44.04760835706732,-9.890194450731023,-25.842003066443823
Random626
Raw:-0.6913387094806188,30.738551317898857,-7.529947295463597,-1.9255182138406153,-16.05309567672158,-37.36210612286189,-13.106443371922623,-44.047608357067325,-9.890194450731025,-25.84200306644383
EFT:-0.6913387094806175,30.73855131789886,-7.529947295463584,-1.9255182138406006,-16.05309567672157,-37.362106122861896,-13.10644337192261,-44.04760835706732,-9.890194450731023,-25.842003066443823
Random627
Raw:-0.6913387094806233,30.73855131789887,-7.529947295463605,-1.925518213840621,-16.053095676721597,-37.362106122861924,-13.10644337192264,-44.047608357067354,-9.890194450731034,-25.842003066443844
EFT:-0.6913387094806175,30.73855131789886,-7.529947295463584,-1.9255182138406006,-16.053095676721572,-37.362106122861896,-13.10644337192261,-44.04760835706732,-9.890194450731023,-25.842003066443823
Random628
Raw:-0.6913387094806167,30.738551317898878,-7.529947295463598,-1.925518213840613,-16.053095676721593,-37.362106122861924,-13.106443371922632,-44.04760835706737,-9.890194450731036,-25.84200306644386
EFT:-0.6913387094806175,30.73855131789886,-7.529947295463584,-1.9255182138406006,-16.05309567672157,-37.362106122861896,-13.10644337192261,-44.04760835706732,-9.890194450731023,-25.842003066443823
Random629
Raw:-0.6913387094806117,30.738551317898864,-7.529947295463583,-1.9255182138405957,-16.05309567672157,-37.3621061228619,-13.10644337192261,-44.04760835706734,-9.890194450731023,-25.842003066443844
EFT:-0.6913387094806175,30.73855131789886,-7.529947295463584,-1.9255182138406006,-16.05309567672157,-37.362106122861896,-13.10644337192261,-44.04760835706732,-9.890194450731023,-25.842003066443823
Random630
Raw:-0.691338709480613,30.738551317898864,-7.529947295463583,-1.9255182138405966,-16.053095676721565,-37.36210612286189,-13.106443371922607,-44.047608357067325,-9.890194450731022,-25.84200306644383
EFT:-0.6913387094806175,30.73855131789886,-7.529947295463584,-1.9255182138406006,-16.05309567672157,-37.362106122861896,-13.10644337192261,-44.04760835706732,-9.890194450731023,-25.842003066443823
Random631
Raw:-0.6913387094806124,30.738551317898867,-7.5299472954635895,-1.9255182138406033,-16.053095676721572,-37.3621061228619,-13.106443371922614,-44.04760835706734,-9.890194450731027,-25.842003066443837
EFT:-0.6913387094806175,30.73855131789886,-7.529947295463584,-1.9255182138406006,-16.05309567672157,-37.362106122861896,-13.10644337192261,-44.04760835706732,-9.890194450731023,-25.842003066443823
Random632
Raw:-0.6913387094806162,30.73855131789887,-7.529947295463599,-1.9255182138406126,-16.053095676721586,-37.36210612286192,-13.106443371922628,-44.047608357067354,-9.890194450731032,-25.84200306644385
EFT:-0.6913387094806175,30.73855131789886,-7.529947295463584,-1.9255182138406006,-16.05309567672157,-37.362106122861896,-13.10644337192261,-44.04760835706732,-9.890194450731023,-25.842003066443823
Random633
Raw:-0.6913387094806126,30.73855131789886,-7.529947295463589,-1.925518213840602,-16.053095676721572,-37.362106122861896,-13.106443371922609,-44.047608357067325,-9.890194450731023,-25.84200306644383
EFT:-0.6913387094806175,30.73855131789886,-7.529947295463584,-1.9255182138406006,-16.05309567672157,-37.362106122861896,-13.10644337192261,-44.04760835706732,-9.890194450731023,-25.842003066443823
Random634
Raw:-0.6913387094806179,30.73855131789886,-7.529947295463588,-1.9255182138406055,-16.053095676721572,-37.3621061228619,-13.106443371922614,-44.047608357067325,-9.890194450731023,-25.84200306644383
EFT:-0.6913387094806175,30.73855131789886,-7.529947295463584,-1.9255182138406006,-16.053095676721572,-37.362106122861896,-13.10644337192261,-44.04760835706732,-9.890194450731023,-25.842003066443823
Random635
Raw:-0.6913387094806124,30.738551317898857,-7.5299472954635736,-1.9255182138405948,-16.053095676721558,-37.36210612286189,-13.106443371922595,-44.047608357067304,-9.89019445073102,-25.842003066443823
EFT:-0.6913387094806175,30.73855131789886,-7.529947295463584,-1.9255182138406006,-16.05309567672157,-37.362106122861896,-13.10644337192261,-44.04760835706732,-9.890194450731023,-25.842003066443823
Random636
Raw:-0.6913387094806179,30.738551317898875,-7.529947295463598,-1.9255182138406126,-16.053095676721586,-37.36210612286191,-13.10644337192263,-44.047608357067354,-9.89019445073103,-25.842003066443844
EFT:-0.6913387094806175,30.73855131789886,-7.529947295463584,-1.9255182138406006,-16.05309567672157,-37.362106122861896,-13.10644337192261,-44.04760835706732,-9.890194450731023,-25.842003066443823
Random637
Raw:-0.6913387094806162,30.738551317898885,-7.529947295463603,-1.9255182138406153,-16.053095676721597,-37.362106122861924,-13.106443371922637,-44.04760835706738,-9.890194450731036,-25.842003066443866
EFT:-0.6913387094806175,30.73855131789886,-7.529947295463584,-1.9255182138406006,-16.05309567672157,-37.362106122861896,-13.10644337192261,-44.04760835706732,-9.890194450731023,-25.842003066443823
Random638
Raw:-0.6913387094806153,30.73855131789887,-7.529947295463596,-1.9255182138406082,-16.053095676721583,-37.36210612286191,-13.106443371922627,-44.047608357067354,-9.89019445073103,-25.842003066443844
EFT:-0.6913387094806175,30.73855131789886,-7.529947295463584,-1.9255182138406006,-16.05309567672157,-37.362106122861896,-13.10644337192261,-44.04760835706732,-9.890194450731023,-25.842003066443823
Random639
Raw:-0.691338709480609,30.738551317898853,-7.529947295463569,-1.9255182138405824,-16.053095676721547,-37.36210612286189,-13.106443371922587,-44.047608357067304,-9.890194450731014,-25.842003066443823
EFT:-0.6913387094806175,30.73855131789886,-7.529947295463584,-1.9255182138406006,-16.05309567672157,-37.362106122861896,-13.10644337192261,-44.04760835706732,-9.890194450731023,-25.842003066443823
Random640
Raw:-0.6913387094806155,30.73855131789886,-7.52994729546359,-1.925518213840602,-16.053095676721576,-37.3621061228619,-13.106443371922614,-44.04760835706733,-9.890194450731027,-25.84200306644383
EFT:-0.6913387094806175,30.73855131789886,-7.529947295463584,-1.9255182138406006,-16.05309567672157,-37.362106122861896,-13.10644337192261,-44.04760835706732,-9.890194450731023,-25.842003066443823
Random641
Raw:-0.6913387094806162,30.73855131789889,-7.5299472954636,-1.9255182138406113,-16.053095676721593,-37.36210612286193,-13.106443371922635,-44.04760835706738,-9.890194450731034,-25.842003066443873
EFT:-0.6913387094806175,30.73855131789886,-7.529947295463584,-1.9255182138406006,-16.05309567672157,-37.362106122861896,-13.10644337192261,-44.04760835706732,-9.890194450731023,-25.842003066443826
Random642
Raw:-0.691338709480622,30.73855131789887,-7.529947295463607,-1.9255182138406215,-16.053095676721597,-37.36210612286191,-13.106443371922646,-44.04760835706737,-9.890194450731032,-25.84200306644385
EFT:-0.6913387094806175,30.73855131789886,-7.529947295463584,-1.9255182138406006,-16.05309567672157,-37.362106122861896,-13.10644337192261,-44.04760835706732,-9.890194450731023,-25.842003066443826
Random643
Raw:-0.6913387094806213,30.73855131789888,-7.529947295463614,-1.9255182138406282,-16.053095676721608,-37.36210612286192,-13.106443371922653,-44.04760835706738,-9.89019445073104,-25.842003066443866
EFT:-0.6913387094806175,30.73855131789886,-7.529947295463584,-1.9255182138406006,-16.05309567672157,-37.362106122861896,-13.10644337192261,-44.04760835706732,-9.890194450731023,-25.842003066443826
Random644
Raw:-0.6913387094806204,30.738551317898878,-7.529947295463595,-1.9255182138406108,-16.053095676721586,-37.36210612286192,-13.106443371922627,-44.047608357067354,-9.890194450731036,-25.842003066443844
EFT:-0.6913387094806175,30.73855131789886,-7.529947295463584,-1.9255182138406006,-16.05309567672157,-37.362106122861896,-13.10644337192261,-44.04760835706732,-9.890194450731023,-25.842003066443826
Random645
Raw:-0.6913387094806168,30.738551317898875,-7.5299472954636,-1.9255182138406148,-16.053095676721593,-37.36210612286192,-13.106443371922635,-44.04760835706737,-9.89019445073103,-25.84200306644386
EFT:-0.6913387094806175,30.73855131789886,-7.529947295463584,-1.9255182138406006,-16.05309567672157,-37.362106122861896,-13.10644337192261,-44.04760835706732,-9.890194450731023,-25.842003066443823
Random646
Raw:-0.6913387094806129,30.738551317898875,-7.529947295463606,-1.9255182138406153,-16.053095676721593,-37.3621061228619,-13.106443371922635,-44.04760835706737,-9.890194450731032,-25.84200306644385
EFT:-0.6913387094806175,30.73855131789886,-7.529947295463584,-1.9255182138406006,-16.05309567672157,-37.362106122861896,-13.10644337192261,-44.04760835706732,-9.890194450731023,-25.842003066443823
Random647
Raw:-0.6913387094806113,30.738551317898864,-7.529947295463573,-1.9255182138405895,-16.053095676721554,-37.3621061228619,-13.106443371922596,-44.04760835706732,-9.890194450731016,-25.842003066443816
EFT:-0.6913387094806175,30.73855131789886,-7.529947295463584,-1.9255182138406006,-16.05309567672157,-37.362106122861896,-13.10644337192261,-44.04760835706732,-9.890194450731023,-25.842003066443823
Random648
Raw:-0.6913387094806168,30.738551317898896,-7.529947295463612,-1.9255182138406197,-16.053095676721608,-37.36210612286194,-13.106443371922651,-44.047608357067396,-9.89019445073104,-25.84200306644388
EFT:-0.6913387094806175,30.73855131789886,-7.529947295463584,-1.9255182138406006,-16.05309567672157,-37.362106122861896,-13.10644337192261,-44.04760835706732,-9.890194450731023,-25.842003066443826
Random649
Raw:-0.6913387094806215,30.73855131789887,-7.529947295463602,-1.925518213840618,-16.053095676721593,-37.36210612286191,-13.106443371922634,-44.047608357067354,-9.89019445073103,-25.842003066443844
EFT:-0.6913387094806175,30.73855131789886,-7.529947295463584,-1.9255182138406006,-16.053095676721572,-37.362106122861896,-13.10644337192261,-44.04760835706732,-9.890194450731023,-25.842003066443823
Random650
Raw:-0.6913387094806046,30.738551317898857,-7.529947295463571,-1.9255182138405842,-16.053095676721554,-37.36210612286188,-13.106443371922582,-44.04760835706731,-9.890194450731016,-25.84200306644383
EFT:-0.6913387094806175,30.73855131789886,-7.529947295463584,-1.9255182138406006,-16.05309567672157,-37.362106122861896,-13.10644337192261,-44.04760835706732,-9.890194450731023,-25.842003066443823
Random651
Raw:-0.6913387094806135,30.73855131789886,-7.529947295463578,-1.9255182138405948,-16.053095676721565,-37.362106122861896,-13.106443371922605,-44.04760835706733,-9.890194450731023,-25.84200306644383
EFT:-0.6913387094806175,30.73855131789886,-7.529947295463584,-1.9255182138406006,-16.053095676721572,-37.362106122861896,-13.10644337192261,-44.04760835706732,-9.890194450731023,-25.842003066443823
Random652
Raw:-0.6913387094806144,30.738551317898878,-7.5299472954635975,-1.925518213840609,-16.05309567672159,-37.36210612286192,-13.106443371922627,-44.04760835706737,-9.89019445073103,-25.84200306644385
EFT:-0.6913387094806175,30.73855131789886,-7.529947295463584,-1.9255182138406006,-16.05309567672157,-37.362106122861896,-13.10644337192261,-44.04760835706732,-9.890194450731023,-25.842003066443823
Random653
Raw:-0.6913387094806219,30.738551317898878,-7.529947295463609,-1.9255182138406215,-16.0530956767216,-37.36210612286192,-13.106443371922643,-44.04760835706737,-9.890194450731038,-25.84200306644386
EFT:-0.6913387094806175,30.73855131789886,-7.529947295463584,-1.9255182138406006,-16.05309567672157,-37.362106122861896,-13.10644337192261,-44.04760835706732,-9.890194450731023,-25.842003066443823
Random654
Raw:-0.6913387094806197,30.73855131789887,-7.529947295463598,-1.9255182138406126,-16.053095676721586,-37.3621061228619,-13.106443371922627,-44.04760835706734,-9.890194450731029,-25.842003066443837
EFT:-0.6913387094806175,30.73855131789886,-7.529947295463584,-1.9255182138406006,-16.05309567672157,-37.362106122861896,-13.10644337192261,-44.04760835706732,-9.890194450731023,-25.842003066443823
Random655
Raw:-0.6913387094806183,30.738551317898875,-7.529947295463588,-1.925518213840609,-16.05309567672158,-37.36210612286191,-13.10644337192262,-44.04760835706734,-9.89019445073103,-25.842003066443844
EFT:-0.6913387094806175,30.73855131789886,-7.529947295463584,-1.9255182138406006,-16.05309567672157,-37.362106122861896,-13.10644337192261,-44.04760835706732,-9.890194450731023,-25.842003066443826
Random656
Raw:-0.6913387094806144,30.738551317898843,-7.529947295463571,-1.9255182138405948,-16.05309567672155,-37.362106122861874,-13.106443371922593,-44.04760835706728,-9.890194450731013,-25.8420030664438
EFT:-0.6913387094806175,30.73855131789886,-7.529947295463584,-1.9255182138406006,-16.05309567672157,-37.362106122861896,-13.10644337192261,-44.04760835706732,-9.890194450731023,-25.842003066443823
Random657
Raw:-0.6913387094806153,30.73855131789887,-7.529947295463591,-1.925518213840606,-16.053095676721583,-37.36210612286191,-13.10644337192262,-44.047608357067354,-9.89019445073103,-25.842003066443844
EFT:-0.6913387094806175,30.73855131789886,-7.529947295463584,-1.9255182138406006,-16.05309567672157,-37.362106122861896,-13.10644337192261,-44.04760835706732,-9.890194450731023,-25.842003066443823
Random658
Raw:-0.6913387094806108,30.738551317898867,-7.529947295463593,-1.9255182138406037,-16.05309567672158,-37.3621061228619,-13.10644337192262,-44.047608357067354,-9.89019445073103,-25.84200306644385
EFT:-0.6913387094806175,30.73855131789886,-7.529947295463584,-1.9255182138406006,-16.05309567672157,-37.362106122861896,-13.10644337192261,-44.04760835706732,-9.890194450731023,-25.842003066443823
Random659
Raw:-0.6913387094806144,30.73855131789887,-7.52994729546358,-1.9255182138405966,-16.053095676721565,-37.3621061228619,-13.106443371922607,-44.047608357067325,-9.890194450731022,-25.84200306644383
EFT:-0.6913387094806175,30.73855131789886,-7.529947295463584,-1.9255182138406006,-16.05309567672157,-37.362106122861896,-13.10644337192261,-44.04760835706732,-9.890194450731023,-25.842003066443823
Random660
Raw:-0.6913387094806197,30.738551317898867,-7.529947295463593,-1.92551821384061,-16.053095676721583,-37.3621061228619,-13.10644337192262,-44.047608357067325,-9.890194450731029,-25.84200306644383
EFT:-0.6913387094806175,30.73855131789886,-7.529947295463584,-1.9255182138406006,-16.05309567672157,-37.362106122861896,-13.10644337192261,-44.04760835706732,-9.890194450731023,-25.842003066443826
Random661
Raw:-0.6913387094806079,30.73855131789887,-7.529947295463583,-1.925518213840593,-16.05309567672157,-37.3621061228619,-13.106443371922607,-44.047608357067354,-9.89019445073102,-25.842003066443844
EFT:-0.6913387094806175,30.73855131789886,-7.529947295463584,-1.9255182138406006,-16.05309567672157,-37.362106122861896,-13.10644337192261,-44.04760835706732,-9.890194450731023,-25.842003066443823
Random662
Raw:-0.6913387094806215,30.738551317898885,-7.529947295463608,-1.9255182138406215,-16.053095676721604,-37.362106122861924,-13.106443371922644,-44.047608357067375,-9.890194450731043,-25.842003066443866
EFT:-0.6913387094806175,30.73855131789886,-7.529947295463584,-1.9255182138406006,-16.05309567672157,-37.362106122861896,-13.10644337192261,-44.04760835706732,-9.890194450731023,-25.842003066443823
Random663
Raw:-0.6913387094806108,30.73855131789886,-7.529947295463576,-1.9255182138405895,-16.053095676721558,-37.362106122861896,-13.106443371922596,-44.04760835706731,-9.89019445073102,-25.842003066443823
EFT:-0.6913387094806175,30.73855131789886,-7.529947295463584,-1.9255182138406006,-16.05309567672157,-37.362106122861896,-13.10644337192261,-44.04760835706732,-9.890194450731023,-25.842003066443823
Random664
Raw:-0.6913387094806193,30.738551317898878,-7.5299472954636,-1.9255182138406162,-16.053095676721593,-37.36210612286192,-13.10644337192263,-44.04760835706736,-9.89019445073103,-25.84200306644385
EFT:-0.6913387094806175,30.73855131789886,-7.529947295463584,-1.9255182138406006,-16.05309567672157,-37.362106122861896,-13.10644337192261,-44.04760835706732,-9.890194450731023,-25.842003066443826
Random665
Raw:-0.6913387094806304,30.738551317898885,-7.5299472954636135,-1.925518213840633,-16.05309567672161,-37.36210612286193,-13.106443371922657,-44.047608357067375,-9.890194450731045,-25.84200306644386
EFT:-0.6913387094806175,30.73855131789886,-7.529947295463584,-1.9255182138406006,-16.05309567672157,-37.362106122861896,-13.10644337192261,-44.04760835706732,-9.890194450731023,-25.842003066443826
Random666
Raw:-0.691338709480616,30.738551317898892,-7.529947295463605,-1.9255182138406144,-16.053095676721597,-37.36210612286193,-13.10644337192264,-44.04760835706738,-9.890194450731036,-25.842003066443866
EFT:-0.6913387094806175,30.73855131789886,-7.529947295463584,-1.9255182138406006,-16.05309567672157,-37.362106122861896,-13.10644337192261,-44.04760835706732,-9.890194450731023,-25.842003066443826
Random667
Raw:-0.6913387094806142,30.738551317898867,-7.529947295463586,-1.9255182138406037,-16.053095676721572,-37.362106122861896,-13.106443371922618,-44.04760835706734,-9.890194450731023,-25.842003066443837
EFT:-0.6913387094806175,30.73855131789886,-7.529947295463584,-1.9255182138406006,-16.05309567672157,-37.362106122861896,-13.10644337192261,-44.04760835706732,-9.890194450731023,-25.842003066443823
Random668
Raw:-0.6913387094806234,30.738551317898875,-7.529947295463613,-1.9255182138406268,-16.0530956767216,-37.36210612286192,-13.10644337192265,-44.04760835706737,-9.890194450731038,-25.84200306644386
EFT:-0.6913387094806175,30.73855131789886,-7.529947295463584,-1.9255182138406006,-16.053095676721572,-37.362106122861896,-13.10644337192261,-44.04760835706732,-9.890194450731023,-25.842003066443823
Random669
Raw:-0.6913387094806109,30.738551317898857,-7.529947295463578,-1.9255182138405895,-16.053095676721558,-37.36210612286189,-13.1064433719226,-44.047608357067304,-9.890194450731018,-25.842003066443816
EFT:-0.6913387094806175,30.73855131789886,-7.529947295463584,-1.9255182138406006,-16.05309567672157,-37.362106122861896,-13.10644337192261,-44.04760835706732,-9.890194450731023,-25.842003066443823
Random670
Raw:-0.6913387094806204,30.73855131789889,-7.529947295463612,-1.925518213840625,-16.053095676721608,-37.36210612286193,-13.10644337192265,-44.04760835706739,-9.890194450731041,-25.842003066443873
EFT:-0.6913387094806175,30.73855131789886,-7.529947295463584,-1.9255182138406006,-16.05309567672157,-37.362106122861896,-13.10644337192261,-44.04760835706732,-9.890194450731023,-25.842003066443823
Random671
Raw:-0.6913387094806126,30.73855131789887,-7.529947295463587,-1.9255182138406015,-16.053095676721576,-37.36210612286191,-13.106443371922618,-44.047608357067354,-9.890194450731025,-25.842003066443837
EFT:-0.6913387094806175,30.73855131789886,-7.529947295463584,-1.9255182138406006,-16.05309567672157,-37.362106122861896,-13.10644337192261,-44.04760835706732,-9.890194450731023,-25.842003066443826
Random672
Raw:-0.6913387094806197,30.738551317898885,-7.529947295463608,-1.925518213840621,-16.053095676721604,-37.362106122861924,-13.10644337192265,-44.04760835706739,-9.890194450731038,-25.842003066443866
EFT:-0.6913387094806175,30.73855131789886,-7.529947295463584,-1.9255182138406006,-16.05309567672157,-37.362106122861896,-13.10644337192261,-44.04760835706732,-9.890194450731023,-25.842003066443823
Random673
Raw:-0.6913387094806198,30.738551317898867,-7.5299472954636,-1.9255182138406153,-16.05309567672159,-37.3621061228619,-13.10644337192263,-44.04760835706734,-9.890194450731029,-25.842003066443837
EFT:-0.6913387094806175,30.73855131789886,-7.529947295463584,-1.9255182138406006,-16.053095676721572,-37.362106122861896,-13.10644337192261,-44.04760835706732,-9.890194450731023,-25.842003066443823
Random674
Raw:-0.6913387094806126,30.738551317898857,-7.529947295463561,-1.9255182138405806,-16.053095676721544,-37.36210612286189,-13.106443371922586,-44.047608357067304,-9.890194450731014,-25.842003066443816
EFT:-0.6913387094806175,30.73855131789886,-7.529947295463584,-1.9255182138406006,-16.05309567672157,-37.362106122861896,-13.10644337192261,-44.04760835706732,-9.890194450731023,-25.842003066443826
Random675
Raw:-0.6913387094806144,30.73855131789889,-7.529947295463604,-1.9255182138406077,-16.053095676721593,-37.36210612286193,-13.106443371922632,-44.04760835706737,-9.890194450731034,-25.842003066443866
EFT:-0.6913387094806175,30.73855131789886,-7.529947295463584,-1.9255182138406006,-16.05309567672157,-37.362106122861896,-13.10644337192261,-44.04760835706732,-9.890194450731023,-25.842003066443823
Random676
Raw:-0.6913387094806055,30.73855131789887,-7.529947295463582,-1.9255182138405913,-16.053095676721565,-37.3621061228619,-13.106443371922605,-44.04760835706735,-9.890194450731023,-25.842003066443844
EFT:-0.6913387094806175,30.73855131789886,-7.529947295463584,-1.9255182138406006,-16.053095676721572,-37.362106122861896,-13.10644337192261,-44.04760835706732,-9.890194450731023,-25.842003066443823
Random677
Raw:-0.691338709480609,30.73855131789887,-7.529947295463581,-1.9255182138405913,-16.05309567672157,-37.3621061228619,-13.106443371922605,-44.04760835706734,-9.890194450731025,-25.842003066443837
EFT:-0.6913387094806175,30.73855131789886,-7.529947295463584,-1.9255182138406006,-16.05309567672157,-37.362106122861896,-13.10644337192261,-44.04760835706732,-9.890194450731023,-25.842003066443823
Random678
Raw:-0.6913387094806162,30.738551317898864,-7.529947295463587,-1.9255182138406055,-16.053095676721576,-37.3621061228619,-13.106443371922618,-44.04760835706734,-9.890194450731029,-25.842003066443844
EFT:-0.6913387094806175,30.73855131789886,-7.529947295463584,-1.9255182138406006,-16.05309567672157,-37.362106122861896,-13.10644337192261,-44.04760835706732,-9.890194450731023,-25.842003066443823
Random679
Raw:-0.6913387094806197,30.738551317898878,-7.529947295463611,-1.9255182138406197,-16.053095676721597,-37.36210612286192,-13.106443371922644,-44.047608357067375,-9.89019445073103,-25.84200306644386
EFT:-0.6913387094806175,30.73855131789886,-7.529947295463584,-1.9255182138406006,-16.05309567672157,-37.362106122861896,-13.10644337192261,-44.04760835706732,-9.890194450731023,-25.842003066443823
Random680
Raw:-0.6913387094806128,30.738551317898864,-7.52994729546359,-1.9255182138406037,-16.053095676721576,-37.362106122861896,-13.106443371922614,-44.047608357067325,-9.890194450731025,-25.84200306644383
EFT:-0.6913387094806175,30.73855131789886,-7.529947295463584,-1.9255182138406006,-16.05309567672157,-37.362106122861896,-13.10644337192261,-44.04760835706732,-9.890194450731023,-25.842003066443823
Random681
Raw:-0.6913387094806227,30.738551317898885,-7.52994729546361,-1.9255182138406233,-16.053095676721604,-37.362106122861924,-13.106443371922644,-44.047608357067375,-9.890194450731036,-25.84200306644386
EFT:-0.6913387094806175,30.73855131789886,-7.529947295463584,-1.9255182138406006,-16.05309567672157,-37.362106122861896,-13.10644337192261,-44.04760835706732,-9.890194450731023,-25.842003066443823
Random682
Raw:-0.691338709480625,30.738551317898878,-7.529947295463608,-1.9255182138406268,-16.053095676721604,-37.36210612286192,-13.106443371922646,-44.04760835706736,-9.890194450731041,-25.84200306644386
EFT:-0.6913387094806175,30.73855131789886,-7.529947295463584,-1.9255182138406006,-16.05309567672157,-37.362106122861896,-13.10644337192261,-44.04760835706732,-9.890194450731023,-25.842003066443823
Random683
Raw:-0.6913387094806153,30.738551317898864,-7.529947295463584,-1.9255182138405988,-16.053095676721572,-37.3621061228619,-13.106443371922612,-44.04760835706734,-9.890194450731025,-25.84200306644383
EFT:-0.6913387094806175,30.73855131789886,-7.529947295463584,-1.9255182138406006,-16.05309567672157,-37.362106122861896,-13.10644337192261,-44.04760835706732,-9.890194450731023,-25.842003066443823
Random684
Raw:-0.6913387094806197,30.738551317898875,-7.5299472954635975,-1.925518213840614,-16.05309567672159,-37.36210612286192,-13.106443371922632,-44.04760835706736,-9.890194450731034,-25.84200306644385
EFT:-0.6913387094806175,30.73855131789886,-7.529947295463584,-1.9255182138406006,-16.05309567672157,-37.362106122861896,-13.10644337192261,-44.04760835706732,-9.890194450731023,-25.842003066443826
Random685
Raw:-0.6913387094806162,30.738551317898864,-7.529947295463592,-1.9255182138406073,-16.05309567672158,-37.36210612286191,-13.106443371922621,-44.04760835706735,-9.890194450731027,-25.842003066443837
EFT:-0.6913387094806175,30.73855131789886,-7.529947295463584,-1.9255182138406006,-16.05309567672157,-37.362106122861896,-13.10644337192261,-44.04760835706732,-9.890194450731023,-25.842003066443823
Random686
Raw:-0.6913387094806132,30.73855131789887,-7.529947295463582,-1.9255182138405957,-16.05309567672157,-37.36210612286191,-13.106443371922607,-44.04760835706734,-9.890194450731025,-25.842003066443837
EFT:-0.6913387094806175,30.73855131789886,-7.529947295463584,-1.9255182138406006,-16.05309567672157,-37.362106122861896,-13.10644337192261,-44.04760835706732,-9.890194450731023,-25.842003066443823
Random687
Raw:-0.6913387094806162,30.73855131789888,-7.529947295463602,-1.9255182138406144,-16.053095676721597,-37.362106122861924,-13.106443371922639,-44.04760835706738,-9.89019445073104,-25.842003066443866
EFT:-0.6913387094806175,30.73855131789886,-7.529947295463584,-1.9255182138406006,-16.05309567672157,-37.362106122861896,-13.10644337192261,-44.04760835706732,-9.890194450731023,-25.842003066443823
Random688
Raw:-0.6913387094806206,30.73855131789888,-7.5299472954636055,-1.9255182138406197,-16.053095676721593,-37.362106122861924,-13.106443371922639,-44.047608357067375,-9.89019445073103,-25.84200306644386
EFT:-0.6913387094806175,30.73855131789886,-7.529947295463584,-1.9255182138406006,-16.05309567672157,-37.362106122861896,-13.10644337192261,-44.04760835706732,-9.890194450731023,-25.842003066443823
Random689
Raw:-0.6913387094806144,30.738551317898867,-7.529947295463596,-1.9255182138406055,-16.053095676721583,-37.3621061228619,-13.106443371922618,-44.04760835706734,-9.89019445073103,-25.842003066443837
EFT:-0.6913387094806175,30.73855131789886,-7.529947295463584,-1.9255182138406006,-16.05309567672157,-37.362106122861896,-13.10644337192261,-44.04760835706732,-9.890194450731023,-25.842003066443826
Random690
Raw:-0.6913387094806235,30.73855131789889,-7.529947295463606,-1.9255182138406215,-16.0530956767216,-37.362106122861924,-13.10644337192264,-44.047608357067375,-9.890194450731034,-25.84200306644386
EFT:-0.6913387094806175,30.73855131789886,-7.529947295463584,-1.9255182138406006,-16.053095676721572,-37.362106122861896,-13.10644337192261,-44.04760835706732,-9.890194450731023,-25.842003066443826
Random691
Raw:-0.6913387094806162,30.73855131789886,-7.529947295463584,-1.9255182138406002,-16.05309567672157,-37.362106122861896,-13.106443371922609,-44.047608357067325,-9.890194450731022,-25.84200306644383
EFT:-0.6913387094806175,30.73855131789886,-7.529947295463584,-1.9255182138406006,-16.053095676721572,-37.362106122861896,-13.10644337192261,-44.04760835706732,-9.890194450731023,-25.842003066443823
Random692
Raw:-0.6913387094806215,30.738551317898892,-7.529947295463621,-1.925518213840634,-16.053095676721615,-37.36210612286193,-13.106443371922662,-44.047608357067396,-9.890194450731043,-25.842003066443873
EFT:-0.6913387094806175,30.73855131789886,-7.529947295463584,-1.9255182138406006,-16.05309567672157,-37.362106122861896,-13.10644337192261,-44.04760835706732,-9.890194450731023,-25.842003066443823
Random693
Raw:-0.6913387094806108,30.73855131789887,-7.5299472954635895,-1.9255182138405975,-16.053095676721572,-37.3621061228619,-13.10644337192261,-44.04760835706735,-9.890194450731023,-25.842003066443837
EFT:-0.6913387094806175,30.73855131789886,-7.529947295463584,-1.9255182138406006,-16.05309567672157,-37.362106122861896,-13.10644337192261,-44.04760835706732,-9.890194450731023,-25.842003066443823
Random694
Raw:-0.6913387094806188,30.73855131789887,-7.529947295463598,-1.9255182138406122,-16.05309567672159,-37.36210612286191,-13.10644337192263,-44.047608357067354,-9.89019445073103,-25.842003066443844
EFT:-0.6913387094806175,30.73855131789886,-7.529947295463584,-1.9255182138406006,-16.05309567672157,-37.362106122861896,-13.10644337192261,-44.04760835706732,-9.890194450731023,-25.842003066443823
Random695
Raw:-0.6913387094806206,30.738551317898875,-7.5299472954636,-1.9255182138406162,-16.05309567672159,-37.36210612286192,-13.10644337192263,-44.047608357067354,-9.890194450731034,-25.842003066443844
EFT:-0.6913387094806175,30.73855131789886,-7.529947295463584,-1.9255182138406006,-16.05309567672157,-37.362106122861896,-13.10644337192261,-44.04760835706732,-9.890194450731023,-25.842003066443823
Random696
Raw:-0.6913387094806126,30.738551317898857,-7.529947295463578,-1.9255182138405922,-16.05309567672156,-37.362106122861896,-13.106443371922602,-44.047608357067325,-9.89019445073102,-25.842003066443823
EFT:-0.6913387094806175,30.73855131789886,-7.529947295463584,-1.9255182138406006,-16.05309567672157,-37.362106122861896,-13.10644337192261,-44.04760835706732,-9.890194450731023,-25.842003066443823
Random697
Raw:-0.6913387094806162,30.738551317898875,-7.529947295463597,-1.9255182138406095,-16.053095676721586,-37.36210612286192,-13.106443371922628,-44.047608357067354,-9.890194450731029,-25.84200306644385
EFT:-0.6913387094806175,30.73855131789886,-7.529947295463584,-1.9255182138406006,-16.05309567672157,-37.362106122861896,-13.10644337192261,-44.04760835706732,-9.890194450731023,-25.842003066443823
Random698
Raw:-0.6913387094806179,30.73855131789887,-7.529947295463602,-1.9255182138406126,-16.05309567672159,-37.3621061228619,-13.106443371922628,-44.04760835706735,-9.89019445073103,-25.842003066443844
EFT:-0.6913387094806175,30.73855131789886,-7.529947295463584,-1.9255182138406006,-16.053095676721572,-37.362106122861896,-13.10644337192261,-44.04760835706732,-9.890194450731023,-25.842003066443823
Random699
Raw:-0.6913387094806195,30.738551317898878,-7.529947295463597,-1.9255182138406108,-16.053095676721586,-37.36210612286192,-13.106443371922625,-44.04760835706735,-9.89019445073103,-25.842003066443837
EFT:-0.6913387094806175,30.73855131789886,-7.529947295463584,-1.9255182138406006,-16.05309567672157,-37.362106122861896,-13.10644337192261,-44.04760835706732,-9.890194450731023,-25.842003066443823
Random700
Raw:-0.6913387094806215,30.738551317898875,-7.529947295463601,-1.9255182138406215,-16.053095676721593,-37.362106122861924,-13.106443371922643,-44.04760835706737,-9.890194450731036,-25.84200306644385
EFT:-0.6913387094806175,30.73855131789886,-7.529947295463584,-1.9255182138406006,-16.05309567672157,-37.362106122861896,-13.10644337192261,-44.04760835706732,-9.890194450731023,-25.842003066443826
Random701
Raw:-0.691338709480615,30.73855131789887,-7.529947295463597,-1.9255182138406082,-16.053095676721586,-37.3621061228619,-13.106443371922623,-44.04760835706735,-9.89019445073103,-25.842003066443844
EFT:-0.6913387094806175,30.73855131789886,-7.529947295463584,-1.9255182138406006,-16.05309567672157,-37.362106122861896,-13.10644337192261,-44.04760835706732,-9.890194450731023,-25.842003066443826
Random702
Raw:-0.6913387094806153,30.738551317898857,-7.529947295463589,-1.9255182138406046,-16.053095676721572,-37.362106122861896,-13.106443371922614,-44.04760835706732,-9.890194450731023,-25.842003066443823
EFT:-0.6913387094806175,30.73855131789886,-7.529947295463584,-1.9255182138406006,-16.05309567672157,-37.362106122861896,-13.10644337192261,-44.04760835706732,-9.890194450731023,-25.842003066443823
Random703
Raw:-0.6913387094806217,30.73855131789889,-7.529947295463615,-1.9255182138406304,-16.05309567672161,-37.362106122861924,-13.106443371922659,-44.047608357067396,-9.890194450731041,-25.842003066443873
EFT:-0.6913387094806175,30.73855131789886,-7.529947295463584,-1.9255182138406006,-16.05309567672157,-37.362106122861896,-13.10644337192261,-44.04760835706732,-9.890194450731023,-25.842003066443826
Random704
Raw:-0.6913387094806013,30.738551317898857,-7.5299472954635505,-1.9255182138405682,-16.05309567672153,-37.36210612286189,-13.106443371922566,-44.0476083570673,-9.890194450731007,-25.842003066443816
EFT:-0.6913387094806175,30.73855131789886,-7.529947295463584,-1.9255182138406006,-16.05309567672157,-37.362106122861896,-13.10644337192261,-44.04760835706732,-9.890194450731023,-25.842003066443823
Random705
Raw:-0.6913387094806179,30.738551317898864,-7.529947295463597,-1.9255182138406108,-16.05309567672158,-37.3621061228619,-13.106443371922625,-44.04760835706734,-9.890194450731029,-25.842003066443837
EFT:-0.6913387094806175,30.73855131789886,-7.529947295463584,-1.9255182138406006,-16.05309567672157,-37.362106122861896,-13.10644337192261,-44.04760835706732,-9.890194450731023,-25.842003066443823
Random706
Raw:-0.6913387094806037,30.738551317898867,-7.529947295463575,-1.9255182138405873,-16.05309567672156,-37.3621061228619,-13.106443371922598,-44.047608357067325,-9.890194450731022,-25.842003066443837
EFT:-0.6913387094806175,30.73855131789886,-7.529947295463584,-1.9255182138406006,-16.05309567672157,-37.362106122861896,-13.10644337192261,-44.04760835706732,-9.890194450731023,-25.842003066443823
Random707
Raw:-0.6913387094806137,30.738551317898878,-7.529947295463596,-1.9255182138406073,-16.053095676721586,-37.36210612286191,-13.106443371922625,-44.047608357067354,-9.890194450731027,-25.84200306644385
EFT:-0.6913387094806175,30.73855131789886,-7.529947295463584,-1.9255182138406006,-16.05309567672157,-37.362106122861896,-13.10644337192261,-44.04760835706732,-9.890194450731023,-25.842003066443826
Random708
Raw:-0.6913387094806215,30.73855131789888,-7.529947295463601,-1.9255182138406197,-16.053095676721597,-37.362106122861924,-13.106443371922639,-44.04760835706737,-9.890194450731036,-25.84200306644385
EFT:-0.6913387094806175,30.73855131789886,-7.529947295463584,-1.9255182138406006,-16.05309567672157,-37.362106122861896,-13.10644337192261,-44.04760835706732,-9.890194450731023,-25.842003066443823
Random709
Raw:-0.691338709480609,30.738551317898857,-7.529947295463586,-1.9255182138405984,-16.05309567672157,-37.362106122861896,-13.106443371922607,-44.047608357067325,-9.890194450731023,-25.842003066443837
EFT:-0.6913387094806175,30.73855131789886,-7.529947295463584,-1.9255182138406006,-16.05309567672157,-37.362106122861896,-13.10644337192261,-44.04760835706732,-9.890194450731023,-25.842003066443826
Random710
Raw:-0.6913387094806266,30.73855131789887,-7.529947295463612,-1.9255182138406304,-16.053095676721604,-37.36210612286192,-13.10644337192265,-44.04760835706736,-9.890194450731036,-25.84200306644385
EFT:-0.6913387094806175,30.73855131789886,-7.529947295463584,-1.9255182138406006,-16.05309567672157,-37.362106122861896,-13.10644337192261,-44.04760835706732,-9.890194450731023,-25.842003066443826
Random711
Raw:-0.6913387094806144,30.738551317898875,-7.5299472954635895,-1.9255182138406055,-16.053095676721576,-37.3621061228619,-13.106443371922618,-44.04760835706734,-9.890194450731025,-25.842003066443837
EFT:-0.6913387094806175,30.73855131789886,-7.529947295463584,-1.9255182138406006,-16.05309567672157,-37.362106122861896,-13.10644337192261,-44.04760835706732,-9.890194450731023,-25.842003066443823
Random712
Raw:-0.691338709480619,30.738551317898878,-7.529947295463606,-1.9255182138406215,-16.0530956767216,-37.362106122861924,-13.106443371922639,-44.04760835706737,-9.89019445073104,-25.84200306644386
EFT:-0.6913387094806175,30.73855131789886,-7.529947295463584,-1.9255182138406006,-16.05309567672157,-37.362106122861896,-13.10644337192261,-44.04760835706732,-9.890194450731023,-25.842003066443823
Random713
Raw:-0.6913387094806275,30.738551317898875,-7.5299472954636135,-1.9255182138406348,-16.053095676721608,-37.36210612286191,-13.106443371922648,-44.047608357067354,-9.89019445073104,-25.84200306644385
EFT:-0.6913387094806175,30.73855131789886,-7.529947295463584,-1.9255182138406006,-16.05309567672157,-37.362106122861896,-13.10644337192261,-44.04760835706732,-9.890194450731023,-25.842003066443823
Random714
Raw:-0.6913387094806215,30.73855131789887,-7.529947295463603,-1.925518213840617,-16.053095676721593,-37.36210612286191,-13.106443371922637,-44.04760835706736,-9.89019445073103,-25.84200306644385
EFT:-0.6913387094806175,30.73855131789886,-7.529947295463584,-1.9255182138406006,-16.05309567672157,-37.362106122861896,-13.10644337192261,-44.04760835706732,-9.890194450731023,-25.842003066443823
Random715
Raw:-0.6913387094806162,30.738551317898864,-7.529947295463591,-1.9255182138406055,-16.05309567672158,-37.3621061228619,-13.106443371922616,-44.047608357067325,-9.890194450731027,-25.84200306644383
EFT:-0.6913387094806175,30.73855131789886,-7.529947295463584,-1.9255182138406006,-16.053095676721572,-37.362106122861896,-13.10644337192261,-44.04760835706732,-9.890194450731023,-25.842003066443823
Random716
Raw:-0.6913387094806224,30.73855131789886,-7.529947295463601,-1.9255182138406162,-16.05309567672159,-37.3621061228619,-13.10644337192263,-44.04760835706734,-9.890194450731025,-25.842003066443837
EFT:-0.6913387094806175,30.73855131789886,-7.529947295463584,-1.9255182138406006,-16.05309567672157,-37.362106122861896,-13.10644337192261,-44.04760835706732,-9.890194450731023,-25.842003066443823
Random717
Raw:-0.6913387094806108,30.738551317898885,-7.529947295463607,-1.9255182138406162,-16.0530956767216,-37.36210612286192,-13.106443371922643,-44.04760835706739,-9.890194450731034,-25.842003066443873
EFT:-0.6913387094806175,30.73855131789886,-7.529947295463584,-1.9255182138406006,-16.05309567672157,-37.362106122861896,-13.10644337192261,-44.04760835706732,-9.890194450731023,-25.842003066443823
Random718
Raw:-0.6913387094806233,30.738551317898867,-7.529947295463595,-1.925518213840617,-16.05309567672159,-37.3621061228619,-13.106443371922628,-44.04760835706734,-9.890194450731036,-25.84200306644383
EFT:-0.6913387094806175,30.73855131789886,-7.529947295463584,-1.9255182138406006,-16.05309567672157,-37.362106122861896,-13.10644337192261,-44.04760835706732,-9.890194450731023,-25.842003066443823
Random719
Raw:-0.6913387094806117,30.73855131789886,-7.52994729546358,-1.9255182138405944,-16.053095676721565,-37.36210612286189,-13.106443371922603,-44.047608357067325,-9.890194450731022,-25.84200306644383
EFT:-0.6913387094806175,30.73855131789886,-7.529947295463584,-1.9255182138406006,-16.05309567672157,-37.362106122861896,-13.10644337192261,-44.04760835706732,-9.890194450731023,-25.842003066443826
Random720
Raw:-0.691338709480609,30.738551317898867,-7.529947295463576,-1.925518213840593,-16.05309567672156,-37.3621061228619,-13.106443371922596,-44.047608357067325,-9.89019445073102,-25.84200306644383
EFT:-0.6913387094806175,30.73855131789886,-7.529947295463584,-1.9255182138406006,-16.05309567672157,-37.362106122861896,-13.10644337192261,-44.04760835706732,-9.890194450731023,-25.842003066443823
Random721
Raw:-0.6913387094806188,30.738551317898867,-7.529947295463595,-1.9255182138406117,-16.053095676721586,-37.36210612286191,-13.106443371922625,-44.04760835706735,-9.890194450731032,-25.842003066443844
EFT:-0.6913387094806175,30.73855131789886,-7.529947295463584,-1.9255182138406006,-16.05309567672157,-37.362106122861896,-13.10644337192261,-44.04760835706732,-9.890194450731023,-25.842003066443826
Random722
Raw:-0.6913387094806126,30.738551317898864,-7.529947295463589,-1.9255182138406002,-16.053095676721576,-37.3621061228619,-13.106443371922612,-44.04760835706734,-9.890194450731029,-25.842003066443837
EFT:-0.6913387094806175,30.73855131789886,-7.529947295463584,-1.9255182138406006,-16.05309567672157,-37.362106122861896,-13.10644337192261,-44.04760835706732,-9.890194450731023,-25.842003066443826
Random723
Raw:-0.6913387094806257,30.738551317898885,-7.52994729546362,-1.925518213840634,-16.053095676721615,-37.36210612286193,-13.106443371922659,-44.04760835706738,-9.890194450731043,-25.842003066443866
EFT:-0.6913387094806175,30.73855131789886,-7.529947295463584,-1.9255182138406006,-16.05309567672157,-37.362106122861896,-13.10644337192261,-44.04760835706732,-9.890194450731023,-25.842003066443826
Random724
Raw:-0.6913387094806078,30.73855131789885,-7.529947295463566,-1.9255182138405806,-16.053095676721544,-37.362106122861874,-13.106443371922582,-44.04760835706729,-9.890194450731011,-25.842003066443816
EFT:-0.6913387094806175,30.73855131789886,-7.529947295463584,-1.9255182138406006,-16.05309567672157,-37.362106122861896,-13.10644337192261,-44.04760835706732,-9.890194450731023,-25.842003066443826
Random725
Raw:-0.6913387094806117,30.738551317898864,-7.52994729546358,-1.9255182138405944,-16.053095676721565,-37.362106122861896,-13.106443371922603,-44.04760835706734,-9.890194450731022,-25.842003066443837
EFT:-0.6913387094806175,30.73855131789886,-7.529947295463584,-1.9255182138406006,-16.05309567672157,-37.362106122861896,-13.10644337192261,-44.04760835706732,-9.890194450731023,-25.842003066443823
Random726
Raw:-0.691338709480617,30.738551317898867,-7.529947295463585,-1.9255182138406033,-16.053095676721572,-37.3621061228619,-13.106443371922614,-44.04760835706734,-9.890194450731023,-25.842003066443837
EFT:-0.6913387094806175,30.73855131789886,-7.529947295463584,-1.9255182138406006,-16.053095676721572,-37.362106122861896,-13.10644337192261,-44.04760835706732,-9.890194450731023,-25.842003066443823
Random727
Raw:-0.6913387094806179,30.738551317898864,-7.529947295463601,-1.9255182138406162,-16.05309567672159,-37.362106122861896,-13.106443371922628,-44.04760835706734,-9.89019445073103,-25.842003066443844
EFT:-0.6913387094806175,30.73855131789886,-7.529947295463584,-1.9255182138406006,-16.05309567672157,-37.362106122861896,-13.10644337192261,-44.04760835706732,-9.890194450731023,-25.842003066443823
Random728
Raw:-0.6913387094806134,30.738551317898857,-7.529947295463582,-1.9255182138405966,-16.053095676721565,-37.36210612286189,-13.1064433719226,-44.04760835706731,-9.890194450731023,-25.842003066443823
EFT:-0.6913387094806175,30.73855131789886,-7.529947295463584,-1.9255182138406006,-16.05309567672157,-37.362106122861896,-13.10644337192261,-44.04760835706732,-9.890194450731023,-25.842003066443826
Random729
Raw:-0.6913387094806153,30.738551317898885,-7.529947295463609,-1.925518213840618,-16.0530956767216,-37.36210612286192,-13.10644337192264,-44.04760835706738,-9.890194450731034,-25.842003066443866
EFT:-0.6913387094806175,30.73855131789886,-7.529947295463584,-1.9255182138406006,-16.05309567672157,-37.362106122861896,-13.10644337192261,-44.04760835706732,-9.890194450731023,-25.842003066443823
Random730
Raw:-0.6913387094806126,30.73855131789887,-7.529947295463588,-1.9255182138406002,-16.053095676721572,-37.3621061228619,-13.106443371922612,-44.04760835706734,-9.890194450731023,-25.842003066443837
EFT:-0.6913387094806175,30.73855131789886,-7.529947295463584,-1.9255182138406006,-16.053095676721572,-37.362106122861896,-13.10644337192261,-44.04760835706732,-9.890194450731023,-25.842003066443823
Random731
Raw:-0.691338709480627,30.738551317898875,-7.5299472954636135,-1.9255182138406268,-16.053095676721604,-37.36210612286192,-13.106443371922646,-44.04760835706736,-9.890194450731036,-25.842003066443844
EFT:-0.6913387094806175,30.73855131789886,-7.529947295463584,-1.9255182138406006,-16.05309567672157,-37.362106122861896,-13.10644337192261,-44.04760835706732,-9.890194450731023,-25.842003066443823
Random732
Raw:-0.6913387094806197,30.738551317898885,-7.529947295463621,-1.9255182138406308,-16.053095676721615,-37.36210612286194,-13.106443371922657,-44.047608357067396,-9.89019445073104,-25.84200306644388
EFT:-0.6913387094806175,30.73855131789886,-7.529947295463584,-1.9255182138406006,-16.05309567672157,-37.362106122861896,-13.10644337192261,-44.04760835706732,-9.890194450731023,-25.842003066443826
Random733
Raw:-0.6913387094806135,30.738551317898867,-7.529947295463595,-1.9255182138406055,-16.05309567672158,-37.362106122861896,-13.106443371922625,-44.047608357067354,-9.890194450731025,-25.842003066443844
EFT:-0.6913387094806175,30.73855131789886,-7.529947295463584,-1.9255182138406006,-16.05309567672157,-37.362106122861896,-13.10644337192261,-44.04760835706732,-9.890194450731023,-25.842003066443826
Random734
Raw:-0.6913387094806286,30.73855131789889,-7.529947295463632,-1.9255182138406468,-16.05309567672163,-37.36210612286194,-13.106443371922678,-44.04760835706741,-9.890194450731048,-25.84200306644388
EFT:-0.6913387094806175,30.73855131789886,-7.529947295463584,-1.9255182138406006,-16.05309567672157,-37.362106122861896,-13.10644337192261,-44.04760835706732,-9.890194450731023,-25.842003066443823
Random735
Raw:-0.6913387094806179,30.738551317898857,-7.529947295463582,-1.9255182138406037,-16.05309567672157,-37.3621061228619,-13.106443371922612,-44.047608357067325,-9.890194450731023,-25.84200306644383
EFT:-0.6913387094806175,30.73855131789886,-7.529947295463584,-1.9255182138406006,-16.05309567672157,-37.362106122861896,-13.10644337192261,-44.04760835706732,-9.890194450731023,-25.842003066443823
Random736
Raw:-0.6913387094806197,30.738551317898867,-7.529947295463593,-1.9255182138406108,-16.053095676721583,-37.3621061228619,-13.106443371922621,-44.04760835706734,-9.890194450731032,-25.842003066443837
EFT:-0.6913387094806175,30.73855131789886,-7.529947295463584,-1.9255182138406006,-16.053095676721572,-37.362106122861896,-13.10644337192261,-44.04760835706732,-9.890194450731023,-25.842003066443826
Random737
Raw:-0.6913387094806145,30.73855131789887,-7.529947295463588,-1.925518213840602,-16.053095676721576,-37.3621061228619,-13.106443371922616,-44.04760835706734,-9.890194450731027,-25.842003066443837
EFT:-0.6913387094806175,30.73855131789886,-7.529947295463584,-1.9255182138406006,-16.05309567672157,-37.362106122861896,-13.10644337192261,-44.04760835706732,-9.890194450731023,-25.842003066443823
Random738
Raw:-0.6913387094806166,30.73855131789887,-7.529947295463593,-1.9255182138406073,-16.05309567672158,-37.3621061228619,-13.106443371922623,-44.04760835706735,-9.890194450731025,-25.842003066443844
EFT:-0.6913387094806175,30.73855131789886,-7.529947295463584,-1.9255182138406006,-16.05309567672157,-37.362106122861896,-13.10644337192261,-44.04760835706732,-9.890194450731023,-25.842003066443823
Random739
Raw:-0.6913387094806179,30.738551317898878,-7.529947295463595,-1.925518213840613,-16.053095676721586,-37.36210612286192,-13.106443371922628,-44.047608357067354,-9.890194450731032,-25.842003066443837
EFT:-0.6913387094806175,30.73855131789886,-7.529947295463584,-1.9255182138406006,-16.05309567672157,-37.362106122861896,-13.10644337192261,-44.04760835706732,-9.890194450731023,-25.842003066443823
Random740
Raw:-0.6913387094806197,30.73855131789887,-7.5299472954635895,-1.9255182138406037,-16.05309567672158,-37.36210612286191,-13.106443371922612,-44.04760835706733,-9.890194450731032,-25.84200306644383
EFT:-0.6913387094806175,30.73855131789886,-7.529947295463584,-1.9255182138406006,-16.05309567672157,-37.362106122861896,-13.10644337192261,-44.04760835706732,-9.890194450731023,-25.842003066443826
Random741
Raw:-0.6913387094806144,30.738551317898867,-7.529947295463593,-1.9255182138406064,-16.05309567672158,-37.3621061228619,-13.106443371922625,-44.04760835706735,-9.890194450731027,-25.842003066443844
EFT:-0.6913387094806175,30.73855131789886,-7.529947295463584,-1.9255182138406006,-16.05309567672157,-37.362106122861896,-13.10644337192261,-44.04760835706732,-9.890194450731023,-25.842003066443823
Random742
Raw:-0.6913387094806197,30.738551317898875,-7.52994729546361,-1.9255182138406224,-16.053095676721604,-37.36210612286192,-13.106443371922635,-44.047608357067354,-9.89019445073104,-25.84200306644385
EFT:-0.6913387094806175,30.73855131789886,-7.529947295463584,-1.9255182138406006,-16.05309567672157,-37.362106122861896,-13.10644337192261,-44.04760835706732,-9.890194450731023,-25.842003066443823
Random743
Raw:-0.6913387094806126,30.738551317898875,-7.529947295463586,-1.9255182138406006,-16.053095676721576,-37.36210612286191,-13.106443371922614,-44.04760835706735,-9.890194450731029,-25.842003066443844
EFT:-0.6913387094806175,30.73855131789886,-7.529947295463584,-1.9255182138406006,-16.05309567672157,-37.362106122861896,-13.10644337192261,-44.04760835706732,-9.890194450731023,-25.842003066443823
Random744
Raw:-0.6913387094806144,30.738551317898857,-7.529947295463585,-1.925518213840602,-16.05309567672157,-37.36210612286189,-13.106443371922609,-44.047608357067325,-9.890194450731025,-25.84200306644383
EFT:-0.6913387094806175,30.73855131789886,-7.529947295463584,-1.9255182138406006,-16.053095676721572,-37.362106122861896,-13.10644337192261,-44.04760835706732,-9.890194450731023,-25.842003066443823
Random745
Raw:-0.6913387094806213,30.738551317898864,-7.529947295463599,-1.9255182138406135,-16.053095676721586,-37.3621061228619,-13.10644337192263,-44.04760835706735,-9.890194450731027,-25.842003066443837
EFT:-0.6913387094806175,30.73855131789886,-7.529947295463584,-1.9255182138406006,-16.05309567672157,-37.362106122861896,-13.10644337192261,-44.04760835706732,-9.890194450731023,-25.842003066443826
Random746
Raw:-0.6913387094806182,30.73855131789888,-7.529947295463608,-1.9255182138406215,-16.0530956767216,-37.362106122861924,-13.106443371922646,-44.047608357067375,-9.890194450731036,-25.84200306644386
EFT:-0.6913387094806175,30.73855131789886,-7.529947295463584,-1.9255182138406006,-16.05309567672157,-37.362106122861896,-13.10644337192261,-44.04760835706732,-9.890194450731023,-25.842003066443823
Random747
Raw:-0.6913387094806144,30.73855131789887,-7.529947295463601,-1.9255182138406126,-16.053095676721586,-37.3621061228619,-13.106443371922627,-44.047608357067354,-9.890194450731029,-25.842003066443844
EFT:-0.6913387094806175,30.73855131789886,-7.529947295463584,-1.9255182138406006,-16.05309567672157,-37.362106122861896,-13.10644337192261,-44.04760835706732,-9.890194450731023,-25.842003066443823
Random748
Raw:-0.6913387094806146,30.738551317898864,-7.5299472954635815,-1.9255182138406002,-16.05309567672157,-37.3621061228619,-13.106443371922612,-44.04760835706734,-9.890194450731022,-25.842003066443837
EFT:-0.6913387094806175,30.73855131789886,-7.529947295463584,-1.9255182138406006,-16.05309567672157,-37.362106122861896,-13.10644337192261,-44.04760835706732,-9.890194450731023,-25.842003066443823
Random749
Raw:-0.6913387094806159,30.73855131789887,-7.5299472954635975,-1.9255182138406108,-16.053095676721583,-37.3621061228619,-13.106443371922627,-44.04760835706734,-9.890194450731029,-25.842003066443844
EFT:-0.6913387094806175,30.73855131789886,-7.529947295463584,-1.9255182138406006,-16.05309567672157,-37.362106122861896,-13.10644337192261,-44.04760835706732,-9.890194450731023,-25.842003066443823
Random750
Raw:-0.6913387094806162,30.73855131789887,-7.529947295463594,-1.9255182138406073,-16.053095676721583,-37.36210612286191,-13.106443371922625,-44.047608357067354,-9.89019445073103,-25.842003066443844
EFT:-0.6913387094806175,30.73855131789886,-7.529947295463584,-1.9255182138406006,-16.05309567672157,-37.362106122861896,-13.10644337192261,-44.04760835706732,-9.890194450731023,-25.842003066443823
Random751
Raw:-0.6913387094806144,30.73855131789886,-7.529947295463579,-1.9255182138405944,-16.05309567672156,-37.362106122861896,-13.1064433719226,-44.04760835706731,-9.890194450731023,-25.842003066443816
EFT:-0.6913387094806175,30.73855131789886,-7.529947295463584,-1.9255182138406006,-16.053095676721572,-37.362106122861896,-13.10644337192261,-44.04760835706732,-9.890194450731023,-25.842003066443826
Random752
Raw:-0.6913387094806179,30.738551317898857,-7.529947295463578,-1.9255182138405993,-16.05309567672156,-37.362106122861896,-13.106443371922603,-44.047608357067304,-9.890194450731022,-25.842003066443823
EFT:-0.6913387094806175,30.73855131789886,-7.529947295463584,-1.9255182138406006,-16.05309567672157,-37.362106122861896,-13.10644337192261,-44.04760835706732,-9.890194450731023,-25.842003066443823
Random753
Raw:-0.6913387094806108,30.738551317898864,-7.529947295463586,-1.9255182138405966,-16.05309567672157,-37.3621061228619,-13.106443371922605,-44.04760835706733,-9.890194450731022,-25.842003066443837
EFT:-0.6913387094806175,30.73855131789886,-7.529947295463584,-1.9255182138406006,-16.05309567672157,-37.362106122861896,-13.10644337192261,-44.04760835706732,-9.890194450731023,-25.842003066443823
Random754
Raw:-0.6913387094806179,30.738551317898875,-7.529947295463588,-1.925518213840609,-16.053095676721583,-37.36210612286192,-13.106443371922618,-44.04760835706735,-9.890194450731032,-25.842003066443844
EFT:-0.6913387094806175,30.73855131789886,-7.529947295463584,-1.9255182138406006,-16.05309567672157,-37.362106122861896,-13.10644337192261,-44.04760835706732,-9.890194450731023,-25.842003066443826
Random755
Raw:-0.6913387094806179,30.73855131789887,-7.529947295463591,-1.9255182138406073,-16.053095676721583,-37.3621061228619,-13.106443371922621,-44.04760835706734,-9.89019445073103,-25.842003066443837
EFT:-0.6913387094806175,30.73855131789886,-7.529947295463584,-1.9255182138406006,-16.05309567672157,-37.362106122861896,-13.10644337192261,-44.04760835706732,-9.890194450731023,-25.842003066443826
Random756
Raw:-0.6913387094806117,30.73855131789885,-7.529947295463569,-1.9255182138405877,-16.05309567672155,-37.36210612286189,-13.106443371922586,-44.0476083570673,-9.890194450731014,-25.84200306644381
EFT:-0.6913387094806175,30.73855131789886,-7.529947295463584,-1.9255182138406006,-16.053095676721572,-37.362106122861896,-13.10644337192261,-44.04760835706732,-9.890194450731023,-25.842003066443823
Random757
Raw:-0.6913387094806215,30.738551317898864,-7.529947295463616,-1.9255182138406286,-16.053095676721604,-37.3621061228619,-13.106443371922646,-44.04760835706736,-9.890194450731038,-25.84200306644386
EFT:-0.6913387094806175,30.73855131789886,-7.529947295463584,-1.9255182138406006,-16.05309567672157,-37.362106122861896,-13.10644337192261,-44.04760835706732,-9.890194450731023,-25.842003066443826
Random758
Raw:-0.6913387094806179,30.738551317898878,-7.529947295463611,-1.9255182138406215,-16.0530956767216,-37.36210612286192,-13.10644337192264,-44.04760835706737,-9.890194450731032,-25.84200306644385
EFT:-0.6913387094806175,30.73855131789886,-7.529947295463584,-1.9255182138406006,-16.05309567672157,-37.362106122861896,-13.10644337192261,-44.04760835706732,-9.890194450731023,-25.842003066443823
Random759
Raw:-0.6913387094806179,30.738551317898885,-7.529947295463609,-1.9255182138406197,-16.0530956767216,-37.36210612286193,-13.106443371922643,-44.047608357067375,-9.89019445073104,-25.84200306644386
EFT:-0.6913387094806175,30.73855131789886,-7.529947295463584,-1.9255182138406006,-16.05309567672157,-37.362106122861896,-13.10644337192261,-44.04760835706732,-9.890194450731023,-25.842003066443826
Random760
Raw:-0.6913387094806268,30.738551317898864,-7.5299472954635975,-1.9255182138406215,-16.053095676721593,-37.3621061228619,-13.10644337192263,-44.04760835706734,-9.890194450731038,-25.84200306644383
EFT:-0.6913387094806175,30.73855131789886,-7.529947295463584,-1.9255182138406006,-16.05309567672157,-37.362106122861896,-13.10644337192261,-44.04760835706732,-9.890194450731023,-25.842003066443823
Random761
Raw:-0.6913387094806253,30.738551317898878,-7.529947295463614,-1.9255182138406304,-16.05309567672161,-37.36210612286192,-13.106443371922657,-44.04760835706738,-9.890194450731041,-25.842003066443866
EFT:-0.6913387094806175,30.73855131789886,-7.529947295463584,-1.9255182138406006,-16.05309567672157,-37.362106122861896,-13.10644337192261,-44.04760835706732,-9.890194450731023,-25.842003066443823
Random762
Raw:-0.6913387094806208,30.738551317898864,-7.529947295463602,-1.9255182138406162,-16.05309567672159,-37.3621061228619,-13.106443371922634,-44.04760835706735,-9.89019445073103,-25.842003066443844
EFT:-0.6913387094806175,30.73855131789886,-7.529947295463584,-1.9255182138406006,-16.05309567672157,-37.362106122861896,-13.10644337192261,-44.04760835706732,-9.890194450731023,-25.842003066443823
Random763
Raw:-0.691338709480617,30.738551317898885,-7.529947295463615,-1.9255182138406233,-16.053095676721608,-37.362106122861924,-13.10644337192265,-44.04760835706739,-9.890194450731041,-25.842003066443873
EFT:-0.6913387094806175,30.73855131789886,-7.529947295463584,-1.9255182138406006,-16.05309567672157,-37.362106122861896,-13.10644337192261,-44.04760835706732,-9.890194450731023,-25.842003066443826
Random764
Raw:-0.6913387094806175,30.73855131789888,-7.5299472954636,-1.9255182138406144,-16.053095676721593,-37.36210612286192,-13.106443371922634,-44.04760835706737,-9.890194450731036,-25.84200306644385
EFT:-0.6913387094806175,30.73855131789886,-7.529947295463584,-1.9255182138406006,-16.05309567672157,-37.362106122861896,-13.10644337192261,-44.04760835706732,-9.890194450731023,-25.842003066443826
Random765
Raw:-0.6913387094806162,30.738551317898864,-7.529947295463593,-1.925518213840606,-16.05309567672158,-37.362106122861896,-13.106443371922621,-44.04760835706734,-9.890194450731027,-25.842003066443837
EFT:-0.6913387094806175,30.73855131789886,-7.529947295463584,-1.9255182138406006,-16.05309567672157,-37.362106122861896,-13.10644337192261,-44.04760835706732,-9.890194450731023,-25.842003066443823
Random766
Raw:-0.6913387094806126,30.73855131789887,-7.529947295463597,-1.9255182138406108,-16.053095676721586,-37.36210612286191,-13.106443371922623,-44.04760835706735,-9.890194450731032,-25.842003066443844
EFT:-0.6913387094806175,30.73855131789886,-7.529947295463584,-1.9255182138406006,-16.05309567672157,-37.362106122861896,-13.10644337192261,-44.04760835706732,-9.890194450731023,-25.842003066443823
Random767
Raw:-0.6913387094806179,30.738551317898875,-7.529947295463604,-1.9255182138406157,-16.053095676721593,-37.36210612286192,-13.106443371922637,-44.04760835706737,-9.890194450731034,-25.84200306644386
EFT:-0.6913387094806175,30.73855131789886,-7.529947295463584,-1.9255182138406006,-16.05309567672157,-37.362106122861896,-13.10644337192261,-44.04760835706732,-9.890194450731023,-25.842003066443826
Random768
Raw:-0.6913387094806155,30.738551317898878,-7.5299472954635975,-1.9255182138406073,-16.053095676721583,-37.36210612286191,-13.106443371922627,-44.047608357067354,-9.890194450731029,-25.84200306644385
EFT:-0.6913387094806175,30.73855131789886,-7.529947295463584,-1.9255182138406006,-16.05309567672157,-37.362106122861896,-13.10644337192261,-44.04760835706732,-9.890194450731023,-25.842003066443823
Random769
Raw:-0.6913387094806126,30.738551317898878,-7.52994729546359,-1.925518213840602,-16.053095676721583,-37.36210612286192,-13.10644337192262,-44.047608357067354,-9.89019445073103,-25.84200306644385
EFT:-0.6913387094806175,30.73855131789886,-7.529947295463584,-1.9255182138406006,-16.05309567672157,-37.362106122861896,-13.10644337192261,-44.04760835706732,-9.890194450731023,-25.842003066443823
Random770
Raw:-0.6913387094806037,30.73855131789886,-7.5299472954635664,-1.925518213840577,-16.053095676721547,-37.36210612286189,-13.106443371922584,-44.04760835706731,-9.890194450731014,-25.842003066443816
EFT:-0.6913387094806175,30.73855131789886,-7.529947295463584,-1.9255182138406006,-16.05309567672157,-37.362106122861896,-13.10644337192261,-44.04760835706732,-9.890194450731023,-25.842003066443823
Random771
Raw:-0.6913387094806179,30.738551317898864,-7.529947295463598,-1.9255182138406122,-16.053095676721586,-37.362106122861896,-13.106443371922623,-44.04760835706733,-9.89019445073103,-25.842003066443837
EFT:-0.6913387094806175,30.73855131789886,-7.529947295463584,-1.9255182138406006,-16.05309567672157,-37.362106122861896,-13.10644337192261,-44.04760835706732,-9.890194450731023,-25.842003066443823
Random772
Raw:-0.6913387094806217,30.738551317898875,-7.529947295463611,-1.925518213840625,-16.0530956767216,-37.36210612286192,-13.106443371922646,-44.04760835706737,-9.890194450731038,-25.84200306644386
EFT:-0.6913387094806175,30.73855131789886,-7.529947295463584,-1.9255182138406006,-16.05309567672157,-37.362106122861896,-13.10644337192261,-44.04760835706732,-9.890194450731023,-25.842003066443826
Random773
Raw:-0.6913387094806188,30.73855131789887,-7.529947295463605,-1.9255182138406135,-16.053095676721593,-37.36210612286191,-13.10644337192263,-44.04760835706735,-9.89019445073103,-25.842003066443837
EFT:-0.6913387094806175,30.73855131789886,-7.529947295463584,-1.9255182138406006,-16.05309567672157,-37.362106122861896,-13.10644337192261,-44.04760835706732,-9.890194450731023,-25.842003066443823
Random774
Raw:-0.6913387094806286,30.73855131789888,-7.529947295463619,-1.925518213840634,-16.05309567672161,-37.362106122861924,-13.106443371922655,-44.04760835706737,-9.890194450731041,-25.84200306644385
EFT:-0.6913387094806175,30.73855131789886,-7.529947295463584,-1.9255182138406006,-16.05309567672157,-37.362106122861896,-13.10644337192261,-44.04760835706732,-9.890194450731023,-25.842003066443823
Random775
Raw:-0.6913387094806241,30.738551317898892,-7.529947295463618,-1.9255182138406322,-16.053095676721618,-37.36210612286194,-13.10644337192266,-44.047608357067396,-9.890194450731048,-25.842003066443873
EFT:-0.6913387094806175,30.73855131789886,-7.529947295463584,-1.9255182138406006,-16.053095676721572,-37.362106122861896,-13.10644337192261,-44.04760835706732,-9.890194450731023,-25.842003066443823
Random776
Raw:-0.6913387094806144,30.73855131789886,-7.52994729546359,-1.9255182138406028,-16.053095676721572,-37.3621061228619,-13.106443371922614,-44.04760835706734,-9.890194450731023,-25.84200306644383
EFT:-0.6913387094806175,30.73855131789886,-7.529947295463584,-1.9255182138406006,-16.053095676721572,-37.362106122861896,-13.10644337192261,-44.04760835706732,-9.890194450731023,-25.842003066443823
Random777
Raw:-0.6913387094806164,30.738551317898867,-7.529947295463595,-1.9255182138406064,-16.053095676721583,-37.3621061228619,-13.106443371922621,-44.04760835706734,-9.890194450731027,-25.842003066443837
EFT:-0.6913387094806175,30.73855131789886,-7.529947295463584,-1.9255182138406006,-16.05309567672157,-37.362106122861896,-13.10644337192261,-44.04760835706732,-9.890194450731023,-25.842003066443823
Random778
Raw:-0.6913387094806162,30.738551317898878,-7.529947295463586,-1.925518213840602,-16.05309567672158,-37.36210612286192,-13.106443371922616,-44.047608357067354,-9.89019445073103,-25.842003066443844
EFT:-0.6913387094806175,30.73855131789886,-7.529947295463584,-1.9255182138406006,-16.05309567672157,-37.362106122861896,-13.10644337192261,-44.04760835706732,-9.890194450731023,-25.842003066443826
Random779
Raw:-0.6913387094806179,30.73855131789887,-7.529947295463591,-1.9255182138406108,-16.053095676721586,-37.36210612286191,-13.106443371922625,-44.04760835706735,-9.890194450731032,-25.842003066443844
EFT:-0.6913387094806175,30.73855131789886,-7.529947295463584,-1.9255182138406006,-16.05309567672157,-37.362106122861896,-13.10644337192261,-44.04760835706732,-9.890194450731023,-25.842003066443823
Random780
Raw:-0.6913387094806153,30.738551317898864,-7.529947295463591,-1.925518213840602,-16.053095676721576,-37.3621061228619,-13.106443371922614,-44.04760835706733,-9.89019445073103,-25.842003066443844
EFT:-0.6913387094806175,30.73855131789886,-7.529947295463584,-1.9255182138406006,-16.05309567672157,-37.362106122861896,-13.10644337192261,-44.04760835706732,-9.890194450731023,-25.842003066443826
Random781
Raw:-0.6913387094806055,30.73855131789887,-7.5299472954635815,-1.9255182138405895,-16.05309567672156,-37.3621061228619,-13.106443371922605,-44.04760835706734,-9.890194450731018,-25.842003066443837
EFT:-0.6913387094806175,30.73855131789886,-7.529947295463584,-1.9255182138406006,-16.05309567672157,-37.362106122861896,-13.10644337192261,-44.04760835706732,-9.890194450731023,-25.842003066443823
Random782
Raw:-0.6913387094806126,30.738551317898864,-7.529947295463579,-1.925518213840598,-16.053095676721565,-37.362106122861896,-13.106443371922605,-44.047608357067325,-9.890194450731025,-25.842003066443837
EFT:-0.6913387094806175,30.73855131789886,-7.529947295463584,-1.9255182138406006,-16.053095676721572,-37.362106122861896,-13.10644337192261,-44.04760835706732,-9.890194450731023,-25.842003066443826
Random783
Raw:-0.6913387094806073,30.738551317898864,-7.5299472954635815,-1.925518213840593,-16.05309567672156,-37.362106122861896,-13.106443371922598,-44.047608357067325,-9.890194450731018,-25.842003066443823
EFT:-0.6913387094806175,30.73855131789886,-7.529947295463584,-1.9255182138406006,-16.05309567672157,-37.362106122861896,-13.10644337192261,-44.04760835706732,-9.890194450731023,-25.842003066443826
Random784
Raw:-0.6913387094806164,30.73855131789886,-7.529947295463596,-1.9255182138406104,-16.053095676721583,-37.3621061228619,-13.106443371922625,-44.04760835706734,-9.890194450731027,-25.842003066443837
EFT:-0.6913387094806175,30.73855131789886,-7.529947295463584,-1.9255182138406006,-16.05309567672157,-37.362106122861896,-13.10644337192261,-44.04760835706732,-9.890194450731023,-25.842003066443823
Random785
Raw:-0.6913387094806133,30.738551317898864,-7.529947295463586,-1.9255182138406006,-16.053095676721576,-37.3621061228619,-13.106443371922609,-44.047608357067325,-9.890194450731027,-25.842003066443837
EFT:-0.6913387094806175,30.73855131789886,-7.529947295463584,-1.9255182138406006,-16.05309567672157,-37.362106122861896,-13.10644337192261,-44.04760835706732,-9.890194450731023,-25.842003066443826
Random786
Raw:-0.6913387094806162,30.738551317898878,-7.529947295463586,-1.925518213840602,-16.053095676721576,-37.36210612286192,-13.106443371922616,-44.04760835706735,-9.89019445073103,-25.842003066443837
EFT:-0.6913387094806175,30.73855131789886,-7.529947295463584,-1.9255182138406006,-16.05309567672157,-37.362106122861896,-13.10644337192261,-44.04760835706732,-9.890194450731023,-25.842003066443823
Random787
Raw:-0.6913387094806175,30.738551317898875,-7.529947295463597,-1.9255182138406086,-16.05309567672159,-37.36210612286191,-13.106443371922627,-44.047608357067354,-9.89019445073103,-25.84200306644385
EFT:-0.6913387094806175,30.73855131789886,-7.529947295463584,-1.9255182138406006,-16.05309567672157,-37.362106122861896,-13.10644337192261,-44.04760835706732,-9.890194450731023,-25.842003066443823
Random788
Raw:-0.6913387094806215,30.73855131789887,-7.529947295463595,-1.9255182138406135,-16.053095676721583,-37.3621061228619,-13.106443371922623,-44.04760835706734,-9.89019445073103,-25.842003066443837
EFT:-0.6913387094806175,30.73855131789886,-7.529947295463584,-1.9255182138406006,-16.05309567672157,-37.362106122861896,-13.10644337192261,-44.04760835706732,-9.890194450731023,-25.842003066443826
Random789
Raw:-0.6913387094806162,30.738551317898864,-7.529947295463581,-1.9255182138405948,-16.05309567672157,-37.3621061228619,-13.106443371922609,-44.04760835706733,-9.890194450731027,-25.84200306644383
EFT:-0.6913387094806175,30.73855131789886,-7.529947295463584,-1.9255182138406006,-16.05309567672157,-37.362106122861896,-13.10644337192261,-44.04760835706732,-9.890194450731023,-25.842003066443823
Random790
Raw:-0.6913387094806162,30.738551317898867,-7.529947295463595,-1.9255182138406082,-16.053095676721583,-37.36210612286191,-13.106443371922625,-44.047608357067354,-9.89019445073103,-25.842003066443844
EFT:-0.6913387094806175,30.73855131789886,-7.529947295463584,-1.9255182138406006,-16.05309567672157,-37.362106122861896,-13.10644337192261,-44.04760835706732,-9.890194450731023,-25.842003066443823
Random791
Raw:-0.6913387094806164,30.738551317898867,-7.529947295463596,-1.9255182138406073,-16.053095676721583,-37.3621061228619,-13.106443371922625,-44.04760835706735,-9.890194450731032,-25.842003066443844
EFT:-0.6913387094806175,30.73855131789886,-7.529947295463584,-1.9255182138406006,-16.05309567672157,-37.362106122861896,-13.10644337192261,-44.04760835706732,-9.890194450731023,-25.842003066443826
Random792
Raw:-0.6913387094806206,30.738551317898875,-7.529947295463607,-1.9255182138406215,-16.0530956767216,-37.36210612286192,-13.106443371922643,-44.04760835706737,-9.890194450731036,-25.84200306644386
EFT:-0.6913387094806175,30.73855131789886,-7.529947295463584,-1.9255182138406006,-16.05309567672157,-37.362106122861896,-13.10644337192261,-44.04760835706732,-9.890194450731023,-25.842003066443823
Random793
Raw:-0.6913387094806233,30.73855131789889,-7.529947295463632,-1.925518213840641,-16.053095676721625,-37.36210612286193,-13.106443371922673,-44.04760835706742,-9.890194450731046,-25.842003066443887
EFT:-0.6913387094806175,30.73855131789886,-7.529947295463584,-1.9255182138406006,-16.05309567672157,-37.362106122861896,-13.10644337192261,-44.04760835706732,-9.890194450731023,-25.842003066443826
Random794
Raw:-0.6913387094806179,30.73855131789887,-7.5299472954636055,-1.9255182138406197,-16.053095676721597,-37.36210612286191,-13.106443371922637,-44.047608357067354,-9.890194450731036,-25.84200306644385
EFT:-0.6913387094806175,30.73855131789886,-7.529947295463584,-1.9255182138406006,-16.05309567672157,-37.362106122861896,-13.10644337192261,-44.04760835706732,-9.890194450731023,-25.842003066443826
Random795
Raw:-0.6913387094806166,30.738551317898857,-7.529947295463581,-1.9255182138405984,-16.053095676721565,-37.36210612286189,-13.106443371922602,-44.047608357067304,-9.89019445073102,-25.842003066443816
EFT:-0.6913387094806175,30.73855131789886,-7.529947295463584,-1.9255182138406006,-16.05309567672157,-37.362106122861896,-13.10644337192261,-44.04760835706732,-9.890194450731023,-25.842003066443823
Random796
Raw:-0.6913387094806162,30.738551317898867,-7.529947295463591,-1.9255182138406073,-16.053095676721583,-37.3621061228619,-13.10644337192262,-44.04760835706734,-9.89019445073103,-25.842003066443837
EFT:-0.6913387094806175,30.73855131789886,-7.529947295463584,-1.9255182138406006,-16.053095676721572,-37.362106122861896,-13.10644337192261,-44.04760835706732,-9.890194450731023,-25.842003066443823
Random797
Raw:-0.6913387094806128,30.738551317898875,-7.529947295463593,-1.9255182138406073,-16.053095676721583,-37.36210612286191,-13.106443371922625,-44.04760835706736,-9.89019445073103,-25.84200306644386
EFT:-0.6913387094806175,30.73855131789886,-7.529947295463584,-1.9255182138406006,-16.05309567672157,-37.362106122861896,-13.10644337192261,-44.04760835706732,-9.890194450731023,-25.842003066443826
Random798
Raw:-0.6913387094806157,30.738551317898864,-7.529947295463592,-1.9255182138406037,-16.053095676721576,-37.3621061228619,-13.106443371922616,-44.04760835706734,-9.890194450731027,-25.84200306644383
EFT:-0.6913387094806175,30.73855131789886,-7.529947295463584,-1.9255182138406006,-16.05309567672157,-37.362106122861896,-13.10644337192261,-44.04760835706732,-9.890194450731023,-25.842003066443823
Random799
Raw:-0.6913387094806073,30.73855131789884,-7.529947295463551,-1.925518213840573,-16.053095676721533,-37.362106122861874,-13.106443371922566,-44.04760835706727,-9.890194450731013,-25.8420030664438
EFT:-0.6913387094806175,30.73855131789886,-7.529947295463584,-1.9255182138406006,-16.05309567672157,-37.362106122861896,-13.10644337192261,-44.04760835706732,-9.890194450731023,-25.842003066443826
Random800
Raw:-0.6913387094806073,30.738551317898857,-7.52994729546357,-1.9255182138405824,-16.05309567672155,-37.36210612286189,-13.106443371922587,-44.04760835706731,-9.890194450731016,-25.842003066443823
EFT:-0.6913387094806175,30.73855131789886,-7.529947295463584,-1.9255182138406006,-16.053095676721572,-37.362106122861896,-13.10644337192261,-44.04760835706732,-9.890194450731023,-25.842003066443823
Random801
Raw:-0.6913387094806126,30.73855131789887,-7.529947295463584,-1.9255182138405966,-16.053095676721572,-37.3621061228619,-13.106443371922607,-44.047608357067325,-9.890194450731029,-25.84200306644383
EFT:-0.6913387094806175,30.73855131789886,-7.529947295463584,-1.9255182138406006,-16.05309567672157,-37.362106122861896,-13.10644337192261,-44.04760835706732,-9.890194450731023,-25.842003066443823
Random802
Raw:-0.6913387094806162,30.738551317898864,-7.529947295463589,-1.9255182138406108,-16.05309567672158,-37.3621061228619,-13.106443371922616,-44.04760835706734,-9.890194450731032,-25.842003066443844
EFT:-0.6913387094806175,30.73855131789886,-7.529947295463584,-1.9255182138406006,-16.05309567672157,-37.362106122861896,-13.10644337192261,-44.04760835706732,-9.890194450731023,-25.842003066443823
Random803
Raw:-0.6913387094806144,30.738551317898864,-7.529947295463586,-1.925518213840602,-16.05309567672157,-37.36210612286191,-13.106443371922614,-44.04760835706734,-9.890194450731023,-25.84200306644383
EFT:-0.6913387094806175,30.73855131789886,-7.529947295463584,-1.9255182138406006,-16.05309567672157,-37.362106122861896,-13.10644337192261,-44.04760835706732,-9.890194450731023,-25.842003066443823
Random804
Raw:-0.6913387094806135,30.738551317898867,-7.529947295463599,-1.9255182138406086,-16.053095676721583,-37.3621061228619,-13.106443371922627,-44.047608357067354,-9.890194450731027,-25.842003066443844
EFT:-0.6913387094806175,30.73855131789886,-7.529947295463584,-1.9255182138406006,-16.053095676721572,-37.362106122861896,-13.10644337192261,-44.04760835706732,-9.890194450731023,-25.842003066443823
Random805
Raw:-0.6913387094806202,30.73855131789888,-7.529947295463601,-1.9255182138406144,-16.053095676721593,-37.36210612286192,-13.106443371922632,-44.047608357067354,-9.890194450731041,-25.84200306644385
EFT:-0.6913387094806175,30.73855131789886,-7.529947295463584,-1.9255182138406006,-16.05309567672157,-37.362106122861896,-13.10644337192261,-44.04760835706732,-9.890194450731023,-25.842003066443826
Random806
Raw:-0.6913387094806162,30.738551317898885,-7.529947295463606,-1.9255182138406197,-16.0530956767216,-37.362106122861924,-13.106443371922644,-44.04760835706738,-9.890194450731034,-25.842003066443866
EFT:-0.6913387094806175,30.73855131789886,-7.529947295463584,-1.9255182138406006,-16.05309567672157,-37.362106122861896,-13.10644337192261,-44.04760835706732,-9.890194450731023,-25.842003066443826
Random807
Raw:-0.6913387094806126,30.738551317898857,-7.529947295463575,-1.925518213840593,-16.053095676721558,-37.36210612286189,-13.106443371922596,-44.0476083570673,-9.890194450731018,-25.842003066443816
EFT:-0.6913387094806175,30.73855131789886,-7.529947295463584,-1.9255182138406006,-16.05309567672157,-37.362106122861896,-13.10644337192261,-44.04760835706732,-9.890194450731023,-25.842003066443823
Random808
Raw:-0.691338709480613,30.738551317898864,-7.529947295463578,-1.9255182138405948,-16.053095676721565,-37.3621061228619,-13.106443371922603,-44.047608357067325,-9.89019445073102,-25.842003066443823
EFT:-0.6913387094806175,30.73855131789886,-7.529947295463584,-1.9255182138406006,-16.05309567672157,-37.362106122861896,-13.10644337192261,-44.04760835706732,-9.890194450731023,-25.842003066443823
Random809
Raw:-0.691338709480615,30.738551317898878,-7.529947295463592,-1.925518213840606,-16.053095676721583,-37.36210612286192,-13.106443371922625,-44.04760835706736,-9.890194450731029,-25.842003066443844
EFT:-0.6913387094806175,30.73855131789886,-7.529947295463584,-1.9255182138406006,-16.053095676721572,-37.362106122861896,-13.10644337192261,-44.04760835706732,-9.890194450731023,-25.842003066443823
Random810
Raw:-0.691338709480617,30.738551317898885,-7.529947295463615,-1.925518213840625,-16.053095676721608,-37.362106122861924,-13.106443371922648,-44.04760835706738,-9.890194450731038,-25.84200306644386
EFT:-0.6913387094806175,30.73855131789886,-7.529947295463584,-1.9255182138406006,-16.05309567672157,-37.362106122861896,-13.10644337192261,-44.04760835706732,-9.890194450731023,-25.842003066443823
Random811
Raw:-0.6913387094806126,30.738551317898864,-7.529947295463589,-1.925518213840602,-16.053095676721572,-37.3621061228619,-13.106443371922612,-44.04760835706734,-9.890194450731025,-25.842003066443837
EFT:-0.6913387094806175,30.73855131789886,-7.529947295463584,-1.9255182138406006,-16.05309567672157,-37.362106122861896,-13.10644337192261,-44.04760835706732,-9.890194450731023,-25.842003066443823
Random812
Raw:-0.6913387094806149,30.73855131789887,-7.529947295463597,-1.9255182138406073,-16.053095676721583,-37.3621061228619,-13.106443371922625,-44.04760835706735,-9.890194450731032,-25.84200306644385
EFT:-0.6913387094806175,30.73855131789886,-7.529947295463584,-1.9255182138406006,-16.05309567672157,-37.362106122861896,-13.10644337192261,-44.04760835706732,-9.890194450731023,-25.842003066443823
Random813
Raw:-0.6913387094806215,30.738551317898885,-7.529947295463611,-1.9255182138406233,-16.053095676721604,-37.36210612286193,-13.106443371922648,-44.047608357067375,-9.890194450731038,-25.84200306644386
EFT:-0.6913387094806175,30.73855131789886,-7.529947295463584,-1.9255182138406006,-16.05309567672157,-37.362106122861896,-13.10644337192261,-44.04760835706732,-9.890194450731023,-25.842003066443823
Random814
Raw:-0.6913387094806126,30.738551317898878,-7.529947295463597,-1.9255182138406064,-16.053095676721586,-37.36210612286192,-13.106443371922627,-44.04760835706737,-9.890194450731029,-25.84200306644385
EFT:-0.6913387094806175,30.73855131789886,-7.529947295463584,-1.9255182138406006,-16.05309567672157,-37.362106122861896,-13.10644337192261,-44.04760835706732,-9.890194450731023,-25.842003066443823
Random815
Raw:-0.6913387094806162,30.738551317898864,-7.52994729546359,-1.9255182138406055,-16.053095676721576,-37.3621061228619,-13.106443371922618,-44.04760835706733,-9.890194450731025,-25.842003066443837
EFT:-0.6913387094806175,30.73855131789886,-7.529947295463584,-1.9255182138406006,-16.05309567672157,-37.362106122861896,-13.10644337192261,-44.04760835706732,-9.890194450731023,-25.842003066443823
Random816
Raw:-0.6913387094806197,30.738551317898885,-7.529947295463612,-1.9255182138406233,-16.053095676721604,-37.36210612286193,-13.106443371922644,-44.04760835706737,-9.890194450731041,-25.84200306644386
EFT:-0.6913387094806175,30.73855131789886,-7.529947295463584,-1.9255182138406006,-16.05309567672157,-37.362106122861896,-13.10644337192261,-44.04760835706732,-9.890194450731023,-25.842003066443823
Random817
Raw:-0.6913387094806224,30.738551317898878,-7.529947295463619,-1.9255182138406304,-16.053095676721608,-37.36210612286192,-13.106443371922657,-44.04760835706738,-9.89019445073104,-25.842003066443873
EFT:-0.6913387094806175,30.73855131789886,-7.529947295463584,-1.9255182138406006,-16.05309567672157,-37.362106122861896,-13.10644337192261,-44.04760835706732,-9.890194450731023,-25.842003066443823
Random818
Raw:-0.6913387094806255,30.738551317898878,-7.529947295463611,-1.925518213840625,-16.053095676721604,-37.36210612286192,-13.106443371922646,-44.04760835706736,-9.890194450731041,-25.84200306644385
EFT:-0.6913387094806175,30.73855131789886,-7.529947295463584,-1.9255182138406006,-16.05309567672157,-37.362106122861896,-13.10644337192261,-44.04760835706732,-9.890194450731023,-25.842003066443826
Random819
Raw:-0.691338709480609,30.738551317898857,-7.529947295463575,-1.925518213840593,-16.053095676721558,-37.36210612286189,-13.106443371922602,-44.047608357067325,-9.890194450731016,-25.84200306644383
EFT:-0.6913387094806175,30.73855131789886,-7.529947295463584,-1.9255182138406006,-16.05309567672157,-37.362106122861896,-13.10644337192261,-44.04760835706732,-9.890194450731023,-25.842003066443823
Random820
Raw:-0.6913387094806179,30.73855131789887,-7.529947295463597,-1.92551821384061,-16.053095676721586,-37.36210612286191,-13.106443371922623,-44.047608357067354,-9.89019445073103,-25.842003066443844
EFT:-0.6913387094806175,30.73855131789886,-7.529947295463584,-1.9255182138406006,-16.05309567672157,-37.362106122861896,-13.10644337192261,-44.04760835706732,-9.890194450731023,-25.842003066443823
Random821
Raw:-0.6913387094806241,30.73855131789888,-7.529947295463609,-1.925518213840626,-16.053095676721604,-37.362106122861924,-13.106443371922648,-44.04760835706737,-9.890194450731038,-25.84200306644385
EFT:-0.6913387094806175,30.73855131789886,-7.529947295463584,-1.9255182138406006,-16.05309567672157,-37.362106122861896,-13.10644337192261,-44.04760835706732,-9.890194450731023,-25.842003066443823
Random822
Raw:-0.6913387094806241,30.73855131789889,-7.52994729546361,-1.9255182138406277,-16.053095676721604,-37.362106122861924,-13.106443371922651,-44.047608357067375,-9.890194450731038,-25.84200306644386
EFT:-0.6913387094806175,30.73855131789886,-7.529947295463584,-1.9255182138406006,-16.05309567672157,-37.362106122861896,-13.10644337192261,-44.04760835706732,-9.890194450731023,-25.842003066443823
Random823
Raw:-0.6913387094806126,30.738551317898857,-7.529947295463583,-1.9255182138405962,-16.053095676721565,-37.36210612286189,-13.106443371922603,-44.04760835706732,-9.89019445073102,-25.842003066443823
EFT:-0.6913387094806175,30.73855131789886,-7.529947295463584,-1.9255182138406006,-16.05309567672157,-37.362106122861896,-13.10644337192261,-44.04760835706732,-9.890194450731023,-25.842003066443826
Random824
Raw:-0.6913387094806162,30.738551317898864,-7.529947295463593,-1.9255182138406122,-16.053095676721586,-37.3621061228619,-13.106443371922625,-44.04760835706734,-9.890194450731032,-25.842003066443844
EFT:-0.6913387094806175,30.73855131789886,-7.529947295463584,-1.9255182138406006,-16.05309567672157,-37.362106122861896,-13.10644337192261,-44.04760835706732,-9.890194450731023,-25.842003066443826
Random825
Raw:-0.6913387094806144,30.738551317898857,-7.529947295463586,-1.925518213840602,-16.05309567672157,-37.36210612286189,-13.106443371922609,-44.04760835706732,-9.890194450731023,-25.842003066443823
EFT:-0.6913387094806175,30.73855131789886,-7.529947295463584,-1.9255182138406006,-16.05309567672157,-37.362106122861896,-13.10644337192261,-44.04760835706732,-9.890194450731023,-25.842003066443826
Random826
Raw:-0.6913387094806108,30.738551317898878,-7.529947295463594,-1.9255182138406037,-16.053095676721583,-37.36210612286191,-13.106443371922623,-44.04760835706736,-9.890194450731027,-25.84200306644385
EFT:-0.6913387094806175,30.73855131789886,-7.529947295463584,-1.9255182138406006,-16.05309567672157,-37.362106122861896,-13.10644337192261,-44.04760835706732,-9.890194450731023,-25.842003066443823
Random827
Raw:-0.691338709480617,30.738551317898878,-7.5299472954636,-1.9255182138406162,-16.05309567672159,-37.36210612286192,-13.106443371922634,-44.04760835706737,-9.890194450731032,-25.84200306644386
EFT:-0.6913387094806175,30.73855131789886,-7.529947295463584,-1.9255182138406006,-16.05309567672157,-37.362106122861896,-13.10644337192261,-44.04760835706732,-9.890194450731023,-25.842003066443826
Random828
Raw:-0.6913387094806285,30.73855131789889,-7.529947295463622,-1.9255182138406375,-16.053095676721615,-37.36210612286193,-13.10644337192266,-44.04760835706739,-9.890194450731043,-25.842003066443866
EFT:-0.6913387094806175,30.73855131789886,-7.529947295463584,-1.9255182138406006,-16.05309567672157,-37.362106122861896,-13.10644337192261,-44.04760835706732,-9.890194450731023,-25.842003066443826
Random829
Raw:-0.6913387094806237,30.738551317898875,-7.529947295463611,-1.9255182138406295,-16.053095676721604,-37.36210612286191,-13.106443371922646,-44.04760835706736,-9.89019445073104,-25.84200306644385
EFT:-0.6913387094806175,30.73855131789886,-7.529947295463584,-1.9255182138406006,-16.05309567672157,-37.362106122861896,-13.10644337192261,-44.04760835706732,-9.890194450731023,-25.842003066443826
Random830
Raw:-0.6913387094806126,30.73855131789886,-7.529947295463588,-1.9255182138406002,-16.05309567672157,-37.362106122861896,-13.106443371922614,-44.04760835706733,-9.890194450731023,-25.84200306644383
EFT:-0.6913387094806175,30.73855131789886,-7.529947295463584,-1.9255182138406006,-16.05309567672157,-37.362106122861896,-13.10644337192261,-44.04760835706732,-9.890194450731023,-25.842003066443823
Random831
Raw:-0.6913387094806075,30.73855131789885,-7.529947295463569,-1.9255182138405842,-16.053095676721547,-37.36210612286188,-13.106443371922586,-44.0476083570673,-9.890194450731016,-25.84200306644381
EFT:-0.6913387094806175,30.73855131789886,-7.529947295463584,-1.9255182138406006,-16.053095676721572,-37.362106122861896,-13.10644337192261,-44.04760835706732,-9.890194450731023,-25.842003066443823
Random832
Raw:-0.691338709480617,30.738551317898878,-7.529947295463592,-1.925518213840609,-16.053095676721586,-37.36210612286193,-13.106443371922625,-44.04760835706736,-9.890194450731032,-25.84200306644385
EFT:-0.6913387094806175,30.73855131789886,-7.529947295463584,-1.9255182138406006,-16.053095676721572,-37.362106122861896,-13.10644337192261,-44.04760835706732,-9.890194450731023,-25.842003066443823
Random833
Raw:-0.6913387094806162,30.738551317898885,-7.529947295463603,-1.9255182138406135,-16.053095676721593,-37.362106122861924,-13.106443371922637,-44.04760835706738,-9.890194450731034,-25.842003066443866
EFT:-0.6913387094806175,30.73855131789886,-7.529947295463584,-1.9255182138406006,-16.053095676721572,-37.362106122861896,-13.10644337192261,-44.04760835706732,-9.890194450731023,-25.842003066443823
Random834
Raw:-0.6913387094806241,30.738551317898892,-7.529947295463632,-1.925518213840641,-16.053095676721625,-37.36210612286193,-13.106443371922673,-44.04760835706741,-9.890194450731052,-25.842003066443887
EFT:-0.6913387094806175,30.73855131789886,-7.529947295463584,-1.9255182138406006,-16.05309567672157,-37.362106122861896,-13.10644337192261,-44.04760835706732,-9.890194450731023,-25.842003066443823
Random835
Raw:-0.6913387094806182,30.73855131789888,-7.529947295463606,-1.9255182138406233,-16.0530956767216,-37.36210612286192,-13.106443371922639,-44.04760835706737,-9.890194450731038,-25.84200306644386
EFT:-0.6913387094806175,30.73855131789886,-7.529947295463584,-1.9255182138406006,-16.05309567672157,-37.362106122861896,-13.10644337192261,-44.04760835706732,-9.890194450731023,-25.842003066443823
Random836
Raw:-0.6913387094806206,30.73855131789886,-7.529947295463601,-1.9255182138406188,-16.053095676721586,-37.362106122861896,-13.106443371922628,-44.04760835706733,-9.89019445073103,-25.842003066443837
EFT:-0.6913387094806175,30.73855131789886,-7.529947295463584,-1.9255182138406006,-16.05309567672157,-37.362106122861896,-13.10644337192261,-44.04760835706732,-9.890194450731023,-25.842003066443823
Random837
Raw:-0.6913387094806233,30.73855131789889,-7.5299472954636135,-1.9255182138406268,-16.05309567672161,-37.36210612286193,-13.106443371922655,-44.04760835706738,-9.890194450731041,-25.842003066443873
EFT:-0.6913387094806175,30.73855131789886,-7.529947295463584,-1.9255182138406006,-16.053095676721572,-37.362106122861896,-13.10644337192261,-44.04760835706732,-9.890194450731023,-25.842003066443826
Random838
Raw:-0.6913387094806115,30.73855131789887,-7.529947295463579,-1.9255182138405926,-16.053095676721565,-37.36210612286191,-13.106443371922605,-44.04760835706734,-9.890194450731025,-25.842003066443837
EFT:-0.6913387094806175,30.73855131789886,-7.529947295463584,-1.9255182138406006,-16.05309567672157,-37.362106122861896,-13.10644337192261,-44.04760835706732,-9.890194450731023,-25.842003066443823
Random839
Raw:-0.6913387094806202,30.738551317898878,-7.529947295463609,-1.9255182138406233,-16.053095676721604,-37.362106122861924,-13.10644337192264,-44.04760835706737,-9.890194450731041,-25.84200306644386
EFT:-0.6913387094806175,30.73855131789886,-7.529947295463584,-1.9255182138406006,-16.05309567672157,-37.362106122861896,-13.10644337192261,-44.04760835706732,-9.890194450731023,-25.842003066443826
Random840
Raw:-0.691338709480617,30.73855131789887,-7.529947295463598,-1.925518213840613,-16.053095676721586,-37.36210612286191,-13.10644337192263,-44.047608357067354,-9.890194450731027,-25.84200306644385
EFT:-0.6913387094806175,30.73855131789886,-7.529947295463584,-1.9255182138406006,-16.05309567672157,-37.362106122861896,-13.10644337192261,-44.04760835706732,-9.890194450731023,-25.842003066443823
Random841
Raw:-0.6913387094806135,30.73855131789886,-7.52994729546359,-1.9255182138406055,-16.053095676721576,-37.362106122861896,-13.106443371922618,-44.04760835706734,-9.890194450731025,-25.842003066443837
EFT:-0.6913387094806175,30.73855131789886,-7.529947295463584,-1.9255182138406006,-16.053095676721572,-37.362106122861896,-13.10644337192261,-44.04760835706732,-9.890194450731023,-25.842003066443823
Random842
Raw:-0.6913387094806108,30.73855131789887,-7.529947295463594,-1.9255182138406037,-16.05309567672158,-37.3621061228619,-13.106443371922616,-44.04760835706734,-9.890194450731027,-25.842003066443844
EFT:-0.6913387094806175,30.73855131789886,-7.529947295463584,-1.9255182138406006,-16.05309567672157,-37.362106122861896,-13.10644337192261,-44.04760835706732,-9.890194450731023,-25.842003066443823
Random843
Raw:-0.691338709480625,30.738551317898892,-7.529947295463625,-1.925518213840638,-16.05309567672162,-37.36210612286193,-13.106443371922667,-44.047608357067396,-9.890194450731045,-25.842003066443873
EFT:-0.6913387094806175,30.73855131789886,-7.529947295463584,-1.9255182138406006,-16.05309567672157,-37.362106122861896,-13.10644337192261,-44.04760835706732,-9.890194450731023,-25.842003066443826
Random844
Raw:-0.6913387094806217,30.738551317898867,-7.5299472954635975,-1.9255182138406166,-16.053095676721586,-37.36210612286191,-13.106443371922632,-44.04760835706734,-9.890194450731032,-25.842003066443837
EFT:-0.6913387094806175,30.73855131789886,-7.529947295463584,-1.9255182138406006,-16.05309567672157,-37.362106122861896,-13.10644337192261,-44.04760835706732,-9.890194450731023,-25.842003066443823
Random845
Raw:-0.691338709480609,30.738551317898853,-7.529947295463574,-1.925518213840586,-16.053095676721554,-37.36210612286189,-13.106443371922591,-44.047608357067304,-9.890194450731016,-25.842003066443816
EFT:-0.6913387094806175,30.73855131789886,-7.529947295463584,-1.9255182138406006,-16.05309567672157,-37.362106122861896,-13.10644337192261,-44.04760835706732,-9.890194450731023,-25.842003066443826
Random846
Raw:-0.6913387094806066,30.738551317898857,-7.529947295463569,-1.9255182138405806,-16.05309567672155,-37.36210612286189,-13.106443371922584,-44.04760835706731,-9.89019445073102,-25.842003066443816
EFT:-0.6913387094806175,30.73855131789886,-7.529947295463584,-1.9255182138406006,-16.05309567672157,-37.362106122861896,-13.10644337192261,-44.04760835706732,-9.890194450731023,-25.842003066443823
Random847
Raw:-0.6913387094806197,30.73855131789887,-7.529947295463588,-1.9255182138406086,-16.05309567672158,-37.36210612286191,-13.106443371922621,-44.04760835706734,-9.890194450731027,-25.842003066443837
EFT:-0.6913387094806175,30.73855131789886,-7.529947295463584,-1.9255182138406006,-16.05309567672157,-37.362106122861896,-13.10644337192261,-44.04760835706732,-9.890194450731023,-25.842003066443823
Random848
Raw:-0.6913387094806173,30.738551317898878,-7.529947295463608,-1.9255182138406233,-16.0530956767216,-37.36210612286192,-13.106443371922648,-44.04760835706738,-9.890194450731034,-25.842003066443866
EFT:-0.6913387094806175,30.73855131789886,-7.529947295463584,-1.9255182138406006,-16.05309567672157,-37.362106122861896,-13.10644337192261,-44.04760835706732,-9.890194450731023,-25.842003066443823
Random849
Raw:-0.691338709480625,30.738551317898885,-7.529947295463615,-1.9255182138406286,-16.05309567672161,-37.36210612286193,-13.106443371922653,-44.047608357067375,-9.890194450731041,-25.842003066443866
EFT:-0.6913387094806175,30.73855131789886,-7.529947295463584,-1.9255182138406006,-16.05309567672157,-37.362106122861896,-13.10644337192261,-44.04760835706732,-9.890194450731023,-25.842003066443823
Random850
Raw:-0.6913387094806126,30.738551317898857,-7.529947295463576,-1.9255182138405913,-16.053095676721558,-37.36210612286189,-13.106443371922595,-44.04760835706731,-9.89019445073102,-25.842003066443816
EFT:-0.6913387094806175,30.73855131789886,-7.529947295463584,-1.9255182138406006,-16.05309567672157,-37.362106122861896,-13.10644337192261,-44.04760835706732,-9.890194450731023,-25.842003066443823
Random851
Raw:-0.6913387094806233,30.738551317898885,-7.529947295463613,-1.9255182138406277,-16.053095676721608,-37.36210612286193,-13.106443371922655,-44.04760835706738,-9.890194450731041,-25.842003066443866
EFT:-0.6913387094806175,30.73855131789886,-7.529947295463584,-1.9255182138406006,-16.05309567672157,-37.362106122861896,-13.10644337192261,-44.04760835706732,-9.890194450731023,-25.842003066443823
Random852
Raw:-0.6913387094806199,30.738551317898864,-7.529947295463594,-1.9255182138406108,-16.053095676721586,-37.3621061228619,-13.106443371922623,-44.047608357067325,-9.890194450731032,-25.84200306644383
EFT:-0.6913387094806175,30.73855131789886,-7.529947295463584,-1.9255182138406006,-16.05309567672157,-37.362106122861896,-13.10644337192261,-44.04760835706732,-9.890194450731023,-25.842003066443823
Random853
Raw:-0.6913387094806193,30.738551317898875,-7.529947295463604,-1.9255182138406162,-16.053095676721593,-37.36210612286191,-13.106443371922635,-44.047608357067354,-9.890194450731038,-25.84200306644385
EFT:-0.6913387094806175,30.73855131789886,-7.529947295463584,-1.9255182138406006,-16.05309567672157,-37.362106122861896,-13.10644337192261,-44.04760835706732,-9.890194450731023,-25.842003066443823
Random854
Raw:-0.6913387094806162,30.73855131789887,-7.529947295463603,-1.9255182138406144,-16.053095676721593,-37.36210612286191,-13.106443371922635,-44.04760835706736,-9.89019445073103,-25.84200306644385
EFT:-0.6913387094806175,30.73855131789886,-7.529947295463584,-1.9255182138406006,-16.05309567672157,-37.362106122861896,-13.10644337192261,-44.04760835706732,-9.890194450731023,-25.842003066443823
Random855
Raw:-0.6913387094806128,30.73855131789886,-7.529947295463577,-1.9255182138405962,-16.05309567672156,-37.3621061228619,-13.106443371922602,-44.04760835706732,-9.89019445073102,-25.842003066443823
EFT:-0.6913387094806175,30.73855131789886,-7.529947295463584,-1.9255182138406006,-16.05309567672157,-37.362106122861896,-13.10644337192261,-44.04760835706732,-9.890194450731023,-25.842003066443823
Random856
Raw:-0.691338709480611,30.738551317898853,-7.529947295463564,-1.9255182138405824,-16.053095676721547,-37.36210612286188,-13.106443371922586,-44.0476083570673,-9.890194450731014,-25.84200306644381
EFT:-0.6913387094806175,30.73855131789886,-7.529947295463584,-1.9255182138406006,-16.05309567672157,-37.362106122861896,-13.10644337192261,-44.04760835706732,-9.890194450731023,-25.842003066443823
Random857
Raw:-0.6913387094806188,30.738551317898864,-7.5299472954635895,-1.9255182138406055,-16.053095676721576,-37.3621061228619,-13.106443371922618,-44.04760835706733,-9.890194450731027,-25.84200306644383
EFT:-0.6913387094806175,30.73855131789886,-7.529947295463584,-1.9255182138406006,-16.05309567672157,-37.362106122861896,-13.10644337192261,-44.04760835706732,-9.890194450731023,-25.842003066443823
Random858
Raw:-0.6913387094806108,30.738551317898864,-7.529947295463575,-1.9255182138405922,-16.053095676721558,-37.36210612286191,-13.106443371922605,-44.04760835706734,-9.89019445073102,-25.842003066443837
EFT:-0.6913387094806175,30.73855131789886,-7.529947295463584,-1.9255182138406006,-16.05309567672157,-37.362106122861896,-13.10644337192261,-44.04760835706732,-9.890194450731023,-25.842003066443823
Random859
Raw:-0.6913387094806233,30.73855131789889,-7.529947295463621,-1.9255182138406335,-16.053095676721618,-37.36210612286193,-13.10644337192266,-44.047608357067396,-9.890194450731046,-25.84200306644388
EFT:-0.6913387094806175,30.73855131789886,-7.529947295463584,-1.9255182138406006,-16.05309567672157,-37.362106122861896,-13.10644337192261,-44.04760835706732,-9.890194450731023,-25.842003066443823
Random860
Raw:-0.6913387094806148,30.738551317898867,-7.529947295463584,-1.9255182138405997,-16.053095676721572,-37.3621061228619,-13.10644337192261,-44.04760835706733,-9.890194450731023,-25.84200306644383
EFT:-0.6913387094806175,30.73855131789886,-7.529947295463584,-1.9255182138406006,-16.05309567672157,-37.362106122861896,-13.10644337192261,-44.04760835706732,-9.890194450731023,-25.842003066443823
Random861
Raw:-0.6913387094806199,30.738551317898875,-7.529947295463589,-1.925518213840609,-16.05309567672158,-37.36210612286191,-13.10644337192262,-44.04760835706734,-9.89019445073103,-25.842003066443837
EFT:-0.6913387094806175,30.73855131789886,-7.529947295463584,-1.9255182138406006,-16.053095676721572,-37.362106122861896,-13.10644337192261,-44.04760835706732,-9.890194450731023,-25.842003066443823
Random862
Raw:-0.6913387094806124,30.738551317898878,-7.529947295463597,-1.9255182138406064,-16.053095676721583,-37.36210612286192,-13.106443371922628,-44.04760835706737,-9.890194450731027,-25.84200306644386
EFT:-0.6913387094806175,30.73855131789886,-7.529947295463584,-1.9255182138406006,-16.05309567672157,-37.362106122861896,-13.10644337192261,-44.04760835706732,-9.890194450731023,-25.842003066443823
Random863
Raw:-0.6913387094806197,30.738551317898885,-7.529947295463608,-1.9255182138406197,-16.0530956767216,-37.362106122861924,-13.106443371922639,-44.047608357067375,-9.890194450731036,-25.84200306644386
EFT:-0.6913387094806175,30.73855131789886,-7.529947295463584,-1.9255182138406006,-16.05309567672157,-37.362106122861896,-13.10644337192261,-44.04760835706732,-9.890194450731023,-25.842003066443823
Random864
Raw:-0.6913387094806179,30.738551317898864,-7.529947295463593,-1.9255182138406073,-16.05309567672158,-37.3621061228619,-13.106443371922616,-44.047608357067325,-9.89019445073103,-25.84200306644383
EFT:-0.6913387094806175,30.73855131789886,-7.529947295463584,-1.9255182138406006,-16.05309567672157,-37.362106122861896,-13.10644337192261,-44.04760835706732,-9.890194450731023,-25.842003066443823
Random865
Raw:-0.6913387094806078,30.738551317898867,-7.529947295463572,-1.9255182138405824,-16.05309567672155,-37.362106122861896,-13.106443371922591,-44.047608357067325,-9.890194450731023,-25.84200306644383
EFT:-0.6913387094806175,30.73855131789886,-7.529947295463584,-1.9255182138406006,-16.05309567672157,-37.362106122861896,-13.10644337192261,-44.04760835706732,-9.890194450731023,-25.842003066443823
Random866
Raw:-0.691338709480618,30.738551317898878,-7.529947295463599,-1.9255182138406162,-16.05309567672159,-37.36210612286192,-13.106443371922635,-44.047608357067354,-9.890194450731032,-25.84200306644385
EFT:-0.6913387094806175,30.73855131789886,-7.529947295463584,-1.9255182138406006,-16.05309567672157,-37.362106122861896,-13.10644337192261,-44.04760835706732,-9.890194450731023,-25.842003066443826
Random867
Raw:-0.6913387094806179,30.73855131789886,-7.529947295463583,-1.925518213840605,-16.053095676721572,-37.3621061228619,-13.106443371922614,-44.047608357067325,-9.890194450731027,-25.84200306644383
EFT:-0.6913387094806175,30.73855131789886,-7.529947295463584,-1.9255182138406006,-16.05309567672157,-37.362106122861896,-13.10644337192261,-44.04760835706732,-9.890194450731023,-25.842003066443823
Random868
Raw:-0.691338709480609,30.73855131789887,-7.529947295463582,-1.9255182138405957,-16.05309567672157,-37.3621061228619,-13.10644337192261,-44.04760835706735,-9.890194450731025,-25.842003066443844
EFT:-0.6913387094806175,30.73855131789886,-7.529947295463584,-1.9255182138406006,-16.05309567672157,-37.362106122861896,-13.10644337192261,-44.04760835706732,-9.890194450731023,-25.842003066443823
Random869
Raw:-0.6913387094806179,30.738551317898867,-7.52994729546359,-1.9255182138406055,-16.05309567672158,-37.36210612286191,-13.106443371922616,-44.04760835706733,-9.890194450731029,-25.84200306644383
EFT:-0.6913387094806175,30.73855131789886,-7.529947295463584,-1.9255182138406006,-16.05309567672157,-37.362106122861896,-13.10644337192261,-44.04760835706732,-9.890194450731023,-25.842003066443823
Random870
Raw:-0.6913387094806108,30.738551317898867,-7.529947295463578,-1.9255182138405948,-16.053095676721565,-37.3621061228619,-13.106443371922609,-44.04760835706733,-9.890194450731022,-25.842003066443837
EFT:-0.6913387094806175,30.73855131789886,-7.529947295463584,-1.9255182138406006,-16.05309567672157,-37.362106122861896,-13.10644337192261,-44.04760835706732,-9.890194450731023,-25.842003066443826
Random871
Raw:-0.6913387094806128,30.73855131789886,-7.5299472954635895,-1.9255182138406015,-16.053095676721576,-37.362106122861896,-13.106443371922614,-44.04760835706733,-9.890194450731025,-25.84200306644383
EFT:-0.6913387094806175,30.73855131789886,-7.529947295463584,-1.9255182138406006,-16.05309567672157,-37.362106122861896,-13.10644337192261,-44.04760835706732,-9.890194450731023,-25.842003066443826
Random872
Raw:-0.6913387094806148,30.738551317898864,-7.529947295463582,-1.9255182138405984,-16.053095676721572,-37.3621061228619,-13.106443371922605,-44.047608357067325,-9.890194450731027,-25.84200306644383
EFT:-0.6913387094806175,30.73855131789886,-7.529947295463584,-1.9255182138406006,-16.05309567672157,-37.362106122861896,-13.10644337192261,-44.04760835706732,-9.890194450731023,-25.842003066443823
Random873
Raw:-0.691338709480617,30.738551317898878,-7.529947295463597,-1.925518213840609,-16.053095676721586,-37.36210612286192,-13.106443371922627,-44.047608357067354,-9.890194450731034,-25.84200306644385
EFT:-0.6913387094806175,30.73855131789886,-7.529947295463584,-1.9255182138406006,-16.05309567672157,-37.362106122861896,-13.10644337192261,-44.04760835706732,-9.890194450731023,-25.842003066443823
Random874
Raw:-0.6913387094806215,30.73855131789888,-7.529947295463603,-1.925518213840618,-16.053095676721597,-37.362106122861924,-13.10644337192264,-44.04760835706737,-9.890194450731038,-25.84200306644386
EFT:-0.6913387094806175,30.73855131789886,-7.529947295463584,-1.9255182138406006,-16.05309567672157,-37.362106122861896,-13.10644337192261,-44.04760835706732,-9.890194450731023,-25.842003066443823
Random875
Raw:-0.6913387094806197,30.738551317898875,-7.5299472954636,-1.925518213840617,-16.05309567672159,-37.36210612286192,-13.106443371922632,-44.047608357067354,-9.890194450731032,-25.842003066443844
EFT:-0.6913387094806175,30.73855131789886,-7.529947295463584,-1.9255182138406006,-16.05309567672157,-37.362106122861896,-13.10644337192261,-44.04760835706732,-9.890194450731023,-25.842003066443823
Random876
Raw:-0.6913387094806162,30.738551317898878,-7.529947295463609,-1.925518213840618,-16.053095676721597,-37.36210612286192,-13.106443371922643,-44.04760835706738,-9.890194450731036,-25.842003066443866
EFT:-0.6913387094806175,30.73855131789886,-7.529947295463584,-1.9255182138406006,-16.05309567672157,-37.362106122861896,-13.10644337192261,-44.04760835706732,-9.890194450731023,-25.842003066443826
Random877
Raw:-0.6913387094806126,30.738551317898853,-7.529947295463568,-1.9255182138405877,-16.05309567672155,-37.36210612286189,-13.106443371922593,-44.04760835706731,-9.890194450731016,-25.842003066443816
EFT:-0.6913387094806175,30.73855131789886,-7.529947295463584,-1.9255182138406006,-16.05309567672157,-37.362106122861896,-13.10644337192261,-44.04760835706732,-9.890194450731023,-25.842003066443826
Random878
Raw:-0.6913387094806126,30.738551317898867,-7.5299472954635895,-1.9255182138406033,-16.053095676721576,-37.3621061228619,-13.10644337192262,-44.047608357067354,-9.890194450731027,-25.84200306644385
EFT:-0.6913387094806175,30.73855131789886,-7.529947295463584,-1.9255182138406006,-16.05309567672157,-37.362106122861896,-13.10644337192261,-44.04760835706732,-9.890194450731023,-25.842003066443826
Random879
Raw:-0.6913387094806162,30.738551317898864,-7.529947295463587,-1.9255182138406037,-16.053095676721572,-37.3621061228619,-13.106443371922616,-44.04760835706734,-9.890194450731027,-25.842003066443837
EFT:-0.6913387094806175,30.73855131789886,-7.529947295463584,-1.9255182138406006,-16.05309567672157,-37.362106122861896,-13.10644337192261,-44.04760835706732,-9.890194450731023,-25.842003066443823
Random880
Raw:-0.6913387094806215,30.738551317898878,-7.5299472954636,-1.925518213840618,-16.053095676721593,-37.36210612286191,-13.106443371922635,-44.04760835706736,-9.890194450731036,-25.842003066443844
EFT:-0.6913387094806175,30.73855131789886,-7.529947295463584,-1.9255182138406006,-16.05309567672157,-37.362106122861896,-13.10644337192261,-44.04760835706732,-9.890194450731023,-25.842003066443826
Random881
Raw:-0.6913387094806168,30.738551317898885,-7.529947295463607,-1.925518213840618,-16.053095676721597,-37.362106122861924,-13.10644337192264,-44.04760835706738,-9.890194450731034,-25.842003066443866
EFT:-0.6913387094806175,30.73855131789886,-7.529947295463584,-1.9255182138406006,-16.053095676721572,-37.362106122861896,-13.10644337192261,-44.04760835706732,-9.890194450731023,-25.842003066443823
Random882
Raw:-0.6913387094806215,30.738551317898867,-7.529947295463595,-1.9255182138406162,-16.053095676721586,-37.3621061228619,-13.106443371922625,-44.04760835706733,-9.890194450731032,-25.84200306644383
EFT:-0.6913387094806175,30.73855131789886,-7.529947295463584,-1.9255182138406006,-16.05309567672157,-37.362106122861896,-13.10644337192261,-44.04760835706732,-9.890194450731023,-25.842003066443823
Random883
Raw:-0.691338709480613,30.73855131789887,-7.529947295463596,-1.925518213840609,-16.05309567672158,-37.3621061228619,-13.10644337192262,-44.047608357067354,-9.890194450731029,-25.84200306644385
EFT:-0.6913387094806175,30.73855131789886,-7.529947295463584,-1.9255182138406006,-16.05309567672157,-37.362106122861896,-13.10644337192261,-44.04760835706732,-9.890194450731023,-25.842003066443826
Random884
Raw:-0.6913387094806162,30.738551317898878,-7.529947295463604,-1.9255182138406108,-16.053095676721593,-37.36210612286192,-13.106443371922634,-44.04760835706737,-9.890194450731036,-25.84200306644386
EFT:-0.6913387094806175,30.73855131789886,-7.529947295463584,-1.9255182138406006,-16.05309567672157,-37.362106122861896,-13.10644337192261,-44.04760835706732,-9.890194450731023,-25.842003066443823
Random885
Raw:-0.6913387094806215,30.738551317898885,-7.529947295463609,-1.9255182138406215,-16.0530956767216,-37.362106122861924,-13.106443371922644,-44.04760835706738,-9.890194450731041,-25.842003066443866
EFT:-0.6913387094806175,30.73855131789886,-7.529947295463584,-1.9255182138406006,-16.05309567672157,-37.362106122861896,-13.10644337192261,-44.04760835706732,-9.890194450731023,-25.842003066443823
Random886
Raw:-0.6913387094806231,30.738551317898875,-7.529947295463614,-1.9255182138406282,-16.053095676721604,-37.36210612286191,-13.10644337192265,-44.04760835706737,-9.890194450731036,-25.84200306644386
EFT:-0.6913387094806175,30.73855131789886,-7.529947295463584,-1.9255182138406006,-16.05309567672157,-37.362106122861896,-13.10644337192261,-44.04760835706732,-9.890194450731023,-25.842003066443823
Random887
Raw:-0.6913387094806108,30.7385513178989,-7.529947295463602,-1.9255182138406082,-16.053095676721593,-37.36210612286193,-13.106443371922639,-44.047608357067396,-9.890194450731032,-25.84200306644388
EFT:-0.6913387094806175,30.73855131789886,-7.529947295463584,-1.9255182138406006,-16.05309567672157,-37.362106122861896,-13.10644337192261,-44.04760835706732,-9.890194450731023,-25.842003066443826
Random888
Raw:-0.691338709480614,30.73855131789887,-7.529947295463603,-1.9255182138406153,-16.05309567672159,-37.3621061228619,-13.106443371922634,-44.04760835706736,-9.890194450731029,-25.84200306644385
EFT:-0.6913387094806175,30.73855131789886,-7.529947295463584,-1.9255182138406006,-16.05309567672157,-37.362106122861896,-13.10644337192261,-44.04760835706732,-9.890194450731023,-25.842003066443823
Random889
Raw:-0.6913387094806219,30.73855131789889,-7.5299472954636135,-1.9255182138406268,-16.05309567672161,-37.36210612286193,-13.106443371922651,-44.04760835706739,-9.890194450731041,-25.842003066443866
EFT:-0.6913387094806175,30.73855131789886,-7.529947295463584,-1.9255182138406006,-16.05309567672157,-37.362106122861896,-13.10644337192261,-44.04760835706732,-9.890194450731023,-25.842003066443823
Random890
Raw:-0.6913387094806265,30.738551317898892,-7.529947295463621,-1.9255182138406348,-16.053095676721615,-37.36210612286194,-13.106443371922662,-44.047608357067396,-9.890194450731041,-25.842003066443866
EFT:-0.6913387094806175,30.73855131789886,-7.529947295463584,-1.9255182138406006,-16.05309567672157,-37.362106122861896,-13.10644337192261,-44.04760835706732,-9.890194450731023,-25.842003066443826
Random891
Raw:-0.6913387094806206,30.738551317898878,-7.5299472954636,-1.9255182138406162,-16.053095676721593,-37.36210612286192,-13.106443371922637,-44.04760835706737,-9.890194450731034,-25.84200306644386
EFT:-0.6913387094806175,30.73855131789886,-7.529947295463584,-1.9255182138406006,-16.05309567672157,-37.362106122861896,-13.10644337192261,-44.04760835706732,-9.890194450731023,-25.842003066443823
Random892
Raw:-0.6913387094806119,30.738551317898875,-7.529947295463584,-1.9255182138405975,-16.05309567672157,-37.3621061228619,-13.10644337192261,-44.04760835706734,-9.89019445073102,-25.842003066443837
EFT:-0.6913387094806175,30.73855131789886,-7.529947295463584,-1.9255182138406006,-16.05309567672157,-37.362106122861896,-13.10644337192261,-44.04760835706732,-9.890194450731023,-25.842003066443826
Random893
Raw:-0.6913387094806184,30.738551317898885,-7.529947295463597,-1.9255182138406073,-16.053095676721593,-37.36210612286193,-13.106443371922628,-44.04760835706737,-9.890194450731034,-25.84200306644386
EFT:-0.6913387094806175,30.73855131789886,-7.529947295463584,-1.9255182138406006,-16.05309567672157,-37.362106122861896,-13.10644337192261,-44.04760835706732,-9.890194450731023,-25.842003066443826
Random894
Raw:-0.6913387094806126,30.738551317898864,-7.529947295463574,-1.9255182138405895,-16.053095676721558,-37.362106122861896,-13.106443371922598,-44.047608357067325,-9.89019445073102,-25.842003066443823
EFT:-0.6913387094806175,30.73855131789886,-7.529947295463584,-1.9255182138406006,-16.053095676721572,-37.362106122861896,-13.10644337192261,-44.04760835706732,-9.890194450731023,-25.842003066443823
Random895
Raw:-0.6913387094806179,30.738551317898875,-7.529947295463588,-1.9255182138406064,-16.053095676721576,-37.36210612286192,-13.106443371922621,-44.04760835706733,-9.890194450731027,-25.84200306644383
EFT:-0.6913387094806175,30.73855131789886,-7.529947295463584,-1.9255182138406006,-16.05309567672157,-37.362106122861896,-13.10644337192261,-44.04760835706732,-9.890194450731023,-25.842003066443823
Random896
Raw:-0.691338709480625,30.738551317898875,-7.529947295463623,-1.9255182138406375,-16.053095676721618,-37.36210612286192,-13.10644337192266,-44.04760835706738,-9.890194450731045,-25.842003066443866
EFT:-0.6913387094806175,30.73855131789886,-7.529947295463584,-1.9255182138406006,-16.05309567672157,-37.362106122861896,-13.10644337192261,-44.04760835706732,-9.890194450731023,-25.842003066443823
Random897
Raw:-0.6913387094806144,30.738551317898857,-7.52994729546359,-1.9255182138406037,-16.053095676721576,-37.362106122861896,-13.106443371922616,-44.04760835706733,-9.890194450731023,-25.84200306644383
EFT:-0.6913387094806175,30.73855131789886,-7.529947295463584,-1.9255182138406006,-16.05309567672157,-37.362106122861896,-13.10644337192261,-44.04760835706732,-9.890194450731023,-25.842003066443826
Random898
Raw:-0.6913387094806144,30.738551317898867,-7.529947295463588,-1.925518213840602,-16.053095676721572,-37.3621061228619,-13.106443371922612,-44.04760835706734,-9.890194450731023,-25.842003066443837
EFT:-0.6913387094806175,30.73855131789886,-7.529947295463584,-1.9255182138406006,-16.053095676721572,-37.362106122861896,-13.10644337192261,-44.04760835706732,-9.890194450731023,-25.842003066443823
Random899
Raw:-0.6913387094806266,30.738551317898885,-7.529947295463614,-1.9255182138406335,-16.05309567672161,-37.36210612286193,-13.10644337192266,-44.04760835706739,-9.890194450731043,-25.842003066443866
EFT:-0.6913387094806175,30.73855131789886,-7.529947295463584,-1.9255182138406006,-16.053095676721572,-37.362106122861896,-13.10644337192261,-44.04760835706732,-9.890194450731023,-25.842003066443823
Random900
Raw:-0.6913387094806088,30.73855131789887,-7.529947295463576,-1.9255182138405913,-16.053095676721565,-37.3621061228619,-13.106443371922605,-44.04760835706734,-9.890194450731023,-25.842003066443837
EFT:-0.6913387094806175,30.73855131789886,-7.529947295463584,-1.9255182138406006,-16.05309567672157,-37.362106122861896,-13.10644337192261,-44.04760835706732,-9.890194450731023,-25.842003066443823
Random901
Raw:-0.6913387094806099,30.73855131789885,-7.529947295463566,-1.9255182138405842,-16.053095676721547,-37.36210612286188,-13.106443371922587,-44.0476083570673,-9.890194450731016,-25.842003066443816
EFT:-0.6913387094806175,30.73855131789886,-7.529947295463584,-1.9255182138406006,-16.05309567672157,-37.362106122861896,-13.10644337192261,-44.04760835706732,-9.890194450731023,-25.842003066443826
Random902
Raw:-0.6913387094806197,30.738551317898867,-7.529947295463605,-1.9255182138406215,-16.053095676721597,-37.3621061228619,-13.106443371922635,-44.047608357067354,-9.890194450731032,-25.842003066443844
EFT:-0.6913387094806175,30.73855131789886,-7.529947295463584,-1.9255182138406006,-16.05309567672157,-37.362106122861896,-13.10644337192261,-44.04760835706732,-9.890194450731023,-25.842003066443823
Random903
Raw:-0.6913387094806139,30.738551317898864,-7.529947295463586,-1.9255182138406002,-16.053095676721572,-37.3621061228619,-13.106443371922614,-44.04760835706734,-9.890194450731025,-25.842003066443837
EFT:-0.6913387094806175,30.73855131789886,-7.529947295463584,-1.9255182138406006,-16.05309567672157,-37.362106122861896,-13.10644337192261,-44.04760835706732,-9.890194450731023,-25.842003066443823
Random904
Raw:-0.6913387094806135,30.738551317898878,-7.529947295463593,-1.9255182138406055,-16.053095676721586,-37.36210612286192,-13.106443371922625,-44.04760835706737,-9.890194450731032,-25.84200306644385
EFT:-0.6913387094806175,30.73855131789886,-7.529947295463584,-1.9255182138406006,-16.05309567672157,-37.362106122861896,-13.10644337192261,-44.04760835706732,-9.890194450731023,-25.842003066443823
Random905
Raw:-0.6913387094806215,30.738551317898875,-7.529947295463595,-1.9255182138406162,-16.053095676721586,-37.36210612286191,-13.106443371922628,-44.04760835706735,-9.890194450731034,-25.842003066443837
EFT:-0.6913387094806175,30.73855131789886,-7.529947295463584,-1.9255182138406006,-16.05309567672157,-37.362106122861896,-13.10644337192261,-44.04760835706732,-9.890194450731023,-25.842003066443823
Random906
Raw:-0.6913387094806108,30.738551317898857,-7.529947295463576,-1.9255182138405895,-16.053095676721558,-37.36210612286189,-13.106443371922596,-44.04760835706731,-9.89019445073102,-25.842003066443823
EFT:-0.6913387094806175,30.73855131789886,-7.529947295463584,-1.9255182138406006,-16.05309567672157,-37.362106122861896,-13.10644337192261,-44.04760835706732,-9.890194450731023,-25.842003066443823
Random907
Raw:-0.691338709480609,30.73855131789887,-7.5299472954635815,-1.9255182138405895,-16.053095676721565,-37.3621061228619,-13.106443371922605,-44.04760835706734,-9.89019445073102,-25.842003066443844
EFT:-0.6913387094806175,30.73855131789886,-7.529947295463584,-1.9255182138406006,-16.05309567672157,-37.362106122861896,-13.10644337192261,-44.04760835706732,-9.890194450731023,-25.842003066443823
Random908
Raw:-0.6913387094806126,30.738551317898864,-7.529947295463583,-1.9255182138405984,-16.05309567672157,-37.3621061228619,-13.106443371922609,-44.04760835706733,-9.890194450731023,-25.842003066443837
EFT:-0.6913387094806175,30.73855131789886,-7.529947295463584,-1.9255182138406006,-16.05309567672157,-37.362106122861896,-13.10644337192261,-44.04760835706732,-9.890194450731023,-25.842003066443823
Random909
Raw:-0.691338709480617,30.73855131789889,-7.529947295463608,-1.9255182138406202,-16.053095676721604,-37.362106122861924,-13.106443371922643,-44.04760835706738,-9.890194450731038,-25.842003066443866
EFT:-0.6913387094806175,30.73855131789886,-7.529947295463584,-1.9255182138406006,-16.05309567672157,-37.362106122861896,-13.10644337192261,-44.04760835706732,-9.890194450731023,-25.842003066443826
Random910
Raw:-0.6913387094806237,30.738551317898878,-7.529947295463614,-1.9255182138406304,-16.053095676721608,-37.36210612286192,-13.106443371922651,-44.04760835706737,-9.890194450731041,-25.84200306644386
EFT:-0.6913387094806175,30.73855131789886,-7.529947295463584,-1.9255182138406006,-16.05309567672157,-37.362106122861896,-13.10644337192261,-44.04760835706732,-9.890194450731023,-25.842003066443823
Random911
Raw:-0.6913387094806146,30.738551317898864,-7.52994729546359,-1.925518213840602,-16.053095676721572,-37.3621061228619,-13.106443371922614,-44.04760835706733,-9.890194450731025,-25.842003066443837
EFT:-0.6913387094806175,30.73855131789886,-7.529947295463584,-1.9255182138406006,-16.05309567672157,-37.362106122861896,-13.10644337192261,-44.04760835706732,-9.890194450731023,-25.842003066443826
Random912
Raw:-0.6913387094806197,30.73855131789888,-7.529947295463612,-1.925518213840625,-16.0530956767216,-37.362106122861924,-13.10644337192264,-44.04760835706737,-9.890194450731038,-25.84200306644386
EFT:-0.6913387094806175,30.73855131789886,-7.529947295463584,-1.9255182138406006,-16.053095676721572,-37.362106122861896,-13.10644337192261,-44.04760835706732,-9.890194450731023,-25.842003066443826
Random913
Raw:-0.6913387094806144,30.73855131789887,-7.52994729546359,-1.9255182138406055,-16.05309567672158,-37.3621061228619,-13.106443371922614,-44.04760835706734,-9.890194450731027,-25.842003066443844
EFT:-0.6913387094806175,30.73855131789886,-7.529947295463584,-1.9255182138406006,-16.05309567672157,-37.362106122861896,-13.10644337192261,-44.04760835706732,-9.890194450731023,-25.842003066443823
Random914
Raw:-0.6913387094806162,30.73855131789886,-7.52994729546359,-1.9255182138406064,-16.053095676721576,-37.362106122861896,-13.106443371922612,-44.047608357067325,-9.890194450731027,-25.84200306644383
EFT:-0.6913387094806175,30.73855131789886,-7.529947295463584,-1.9255182138406006,-16.05309567672157,-37.362106122861896,-13.10644337192261,-44.04760835706732,-9.890194450731023,-25.842003066443823
Random915
Raw:-0.6913387094806153,30.738551317898864,-7.5299472954635895,-1.925518213840602,-16.053095676721576,-37.3621061228619,-13.106443371922614,-44.04760835706734,-9.890194450731027,-25.842003066443837
EFT:-0.6913387094806175,30.73855131789886,-7.529947295463584,-1.9255182138406006,-16.05309567672157,-37.362106122861896,-13.10644337192261,-44.04760835706732,-9.890194450731023,-25.842003066443823
Random916
Raw:-0.6913387094806179,30.73855131789886,-7.529947295463579,-1.9255182138405984,-16.05309567672156,-37.362106122861896,-13.106443371922605,-44.04760835706732,-9.890194450731016,-25.842003066443823
EFT:-0.6913387094806175,30.73855131789886,-7.529947295463584,-1.9255182138406006,-16.05309567672157,-37.362106122861896,-13.10644337192261,-44.04760835706732,-9.890194450731023,-25.842003066443823
Random917
Raw:-0.6913387094806126,30.738551317898864,-7.529947295463587,-1.9255182138405984,-16.05309567672157,-37.3621061228619,-13.10644337192261,-44.04760835706733,-9.890194450731022,-25.842003066443837
EFT:-0.6913387094806175,30.73855131789886,-7.529947295463584,-1.9255182138406006,-16.053095676721572,-37.362106122861896,-13.10644337192261,-44.04760835706732,-9.890194450731023,-25.842003066443823
Random918
Raw:-0.6913387094806268,30.738551317898878,-7.529947295463617,-1.925518213840637,-16.05309567672161,-37.36210612286192,-13.106443371922655,-44.04760835706737,-9.890194450731041,-25.84200306644386
EFT:-0.6913387094806175,30.73855131789886,-7.529947295463584,-1.9255182138406006,-16.05309567672157,-37.362106122861896,-13.10644337192261,-44.04760835706732,-9.890194450731023,-25.842003066443823
Random919
Raw:-0.691338709480612,30.738551317898857,-7.529947295463578,-1.925518213840593,-16.05309567672156,-37.36210612286189,-13.106443371922602,-44.04760835706731,-9.890194450731018,-25.842003066443823
EFT:-0.6913387094806175,30.73855131789886,-7.529947295463584,-1.9255182138406006,-16.05309567672157,-37.362106122861896,-13.10644337192261,-44.04760835706732,-9.890194450731023,-25.842003066443823
Random920
Raw:-0.6913387094806248,30.738551317898878,-7.529947295463615,-1.9255182138406295,-16.053095676721608,-37.36210612286192,-13.106443371922651,-44.04760835706737,-9.890194450731038,-25.84200306644385
EFT:-0.6913387094806175,30.73855131789886,-7.529947295463584,-1.9255182138406006,-16.053095676721572,-37.362106122861896,-13.10644337192261,-44.04760835706732,-9.890194450731023,-25.842003066443823
Random921
Raw:-0.6913387094806144,30.738551317898875,-7.529947295463595,-1.9255182138406073,-16.053095676721583,-37.36210612286191,-13.106443371922625,-44.047608357067354,-9.89019445073103,-25.842003066443844
EFT:-0.6913387094806175,30.73855131789886,-7.529947295463584,-1.9255182138406006,-16.05309567672157,-37.362106122861896,-13.10644337192261,-44.04760835706732,-9.890194450731023,-25.842003066443823
Random922
Raw:-0.6913387094806126,30.738551317898864,-7.529947295463569,-1.9255182138405869,-16.053095676721554,-37.3621061228619,-13.106443371922595,-44.04760835706731,-9.890194450731018,-25.842003066443823
EFT:-0.6913387094806175,30.73855131789886,-7.529947295463584,-1.9255182138406006,-16.05309567672157,-37.362106122861896,-13.10644337192261,-44.04760835706732,-9.890194450731023,-25.842003066443823
Random923
Raw:-0.6913387094806179,30.738551317898885,-7.529947295463606,-1.925518213840621,-16.053095676721597,-37.36210612286193,-13.10644337192264,-44.04760835706737,-9.890194450731038,-25.84200306644386
EFT:-0.6913387094806175,30.73855131789886,-7.529947295463584,-1.9255182138406006,-16.053095676721572,-37.362106122861896,-13.10644337192261,-44.04760835706732,-9.890194450731023,-25.842003066443823
Random924
Raw:-0.6913387094806233,30.738551317898892,-7.529947295463627,-1.9255182138406384,-16.05309567672162,-37.36210612286194,-13.10644337192267,-44.04760835706741,-9.890194450731046,-25.84200306644388
EFT:-0.6913387094806175,30.73855131789886,-7.529947295463584,-1.9255182138406006,-16.05309567672157,-37.362106122861896,-13.10644337192261,-44.04760835706732,-9.890194450731023,-25.842003066443823
Random925
Raw:-0.6913387094806206,30.738551317898867,-7.529947295463588,-1.925518213840609,-16.05309567672158,-37.36210612286191,-13.106443371922621,-44.04760835706734,-9.89019445073103,-25.842003066443837
EFT:-0.6913387094806175,30.73855131789886,-7.529947295463584,-1.9255182138406006,-16.05309567672157,-37.362106122861896,-13.10644337192261,-44.04760835706732,-9.890194450731023,-25.842003066443823
Random926
Raw:-0.6913387094806215,30.738551317898853,-7.529947295463577,-1.9255182138405993,-16.053095676721565,-37.36210612286189,-13.106443371922602,-44.0476083570673,-9.89019445073102,-25.84200306644381
EFT:-0.6913387094806175,30.73855131789886,-7.529947295463584,-1.9255182138406006,-16.05309567672157,-37.362106122861896,-13.10644337192261,-44.04760835706732,-9.890194450731023,-25.842003066443823
Random927
Raw:-0.6913387094806149,30.738551317898857,-7.52994729546358,-1.9255182138405997,-16.053095676721565,-37.362106122861896,-13.106443371922609,-44.047608357067325,-9.890194450731022,-25.842003066443823
EFT:-0.6913387094806175,30.73855131789886,-7.529947295463584,-1.9255182138406006,-16.05309567672157,-37.362106122861896,-13.10644337192261,-44.04760835706732,-9.890194450731023,-25.842003066443823
Random928
Raw:-0.6913387094806162,30.738551317898878,-7.529947295463599,-1.9255182138406108,-16.05309567672159,-37.36210612286192,-13.106443371922632,-44.04760835706736,-9.89019445073103,-25.84200306644386
EFT:-0.6913387094806175,30.73855131789886,-7.529947295463584,-1.9255182138406006,-16.05309567672157,-37.362106122861896,-13.10644337192261,-44.04760835706732,-9.890194450731023,-25.842003066443823
Random929
Raw:-0.6913387094806162,30.738551317898867,-7.529947295463593,-1.9255182138406073,-16.05309567672158,-37.3621061228619,-13.106443371922623,-44.04760835706735,-9.890194450731023,-25.842003066443844
EFT:-0.6913387094806175,30.73855131789886,-7.529947295463584,-1.9255182138406006,-16.05309567672157,-37.362106122861896,-13.10644337192261,-44.04760835706732,-9.890194450731023,-25.842003066443823
Random930
Raw:-0.6913387094806126,30.738551317898864,-7.529947295463587,-1.9255182138406002,-16.05309567672157,-37.36210612286189,-13.106443371922612,-44.047608357067325,-9.890194450731022,-25.84200306644383
EFT:-0.6913387094806175,30.73855131789886,-7.529947295463584,-1.9255182138406006,-16.05309567672157,-37.362106122861896,-13.10644337192261,-44.04760835706732,-9.890194450731023,-25.842003066443826
Random931
Raw:-0.6913387094806188,30.73855131789887,-7.5299472954636055,-1.925518213840618,-16.05309567672159,-37.36210612286191,-13.106443371922632,-44.047608357067354,-9.890194450731034,-25.842003066443844
EFT:-0.6913387094806175,30.73855131789886,-7.529947295463584,-1.9255182138406006,-16.053095676721572,-37.362106122861896,-13.10644337192261,-44.04760835706732,-9.890194450731023,-25.842003066443826
Random932
Raw:-0.6913387094806108,30.738551317898857,-7.529947295463585,-1.9255182138405984,-16.053095676721565,-37.36210612286188,-13.106443371922603,-44.04760835706731,-9.89019445073102,-25.842003066443823
EFT:-0.6913387094806175,30.73855131789886,-7.529947295463584,-1.9255182138406006,-16.05309567672157,-37.362106122861896,-13.10644337192261,-44.04760835706732,-9.890194450731023,-25.842003066443823
Random933
Raw:-0.6913387094806163,30.738551317898867,-7.52994729546359,-1.9255182138406037,-16.053095676721576,-37.3621061228619,-13.106443371922616,-44.04760835706733,-9.890194450731029,-25.842003066443837
EFT:-0.6913387094806175,30.73855131789886,-7.529947295463584,-1.9255182138406006,-16.05309567672157,-37.362106122861896,-13.10644337192261,-44.04760835706732,-9.890194450731023,-25.842003066443826
Random934
Raw:-0.6913387094806224,30.738551317898885,-7.5299472954636135,-1.9255182138406273,-16.053095676721608,-37.36210612286193,-13.10644337192265,-44.04760835706738,-9.89019445073104,-25.842003066443866
EFT:-0.6913387094806175,30.73855131789886,-7.529947295463584,-1.9255182138406006,-16.05309567672157,-37.362106122861896,-13.10644337192261,-44.04760835706732,-9.890194450731023,-25.842003066443823
Random935
Raw:-0.6913387094806126,30.73855131789887,-7.529947295463583,-1.9255182138405966,-16.05309567672157,-37.3621061228619,-13.10644337192261,-44.04760835706734,-9.890194450731027,-25.84200306644383
EFT:-0.6913387094806175,30.73855131789886,-7.529947295463584,-1.9255182138406006,-16.05309567672157,-37.362106122861896,-13.10644337192261,-44.04760835706732,-9.890194450731023,-25.842003066443823
Random936
Raw:-0.6913387094806179,30.738551317898864,-7.52994729546359,-1.9255182138406073,-16.05309567672158,-37.3621061228619,-13.106443371922618,-44.047608357067325,-9.890194450731027,-25.842003066443837
EFT:-0.6913387094806175,30.73855131789886,-7.529947295463584,-1.9255182138406006,-16.05309567672157,-37.362106122861896,-13.10644337192261,-44.04760835706732,-9.890194450731023,-25.842003066443823
Random937
Raw:-0.6913387094806248,30.738551317898878,-7.529947295463617,-1.9255182138406304,-16.053095676721608,-37.362106122861924,-13.106443371922657,-44.04760835706738,-9.890194450731032,-25.84200306644386
EFT:-0.6913387094806175,30.73855131789886,-7.529947295463584,-1.9255182138406006,-16.05309567672157,-37.362106122861896,-13.10644337192261,-44.04760835706732,-9.890194450731023,-25.842003066443823
Random938
Raw:-0.6913387094806169,30.738551317898878,-7.529947295463605,-1.9255182138406135,-16.053095676721597,-37.36210612286192,-13.106443371922639,-44.04760835706738,-9.890194450731036,-25.842003066443866
EFT:-0.6913387094806175,30.73855131789886,-7.529947295463584,-1.9255182138406006,-16.05309567672157,-37.362106122861896,-13.10644337192261,-44.04760835706732,-9.890194450731023,-25.842003066443823
Random939
Raw:-0.691338709480611,30.738551317898878,-7.529947295463598,-1.925518213840609,-16.053095676721586,-37.36210612286191,-13.106443371922627,-44.04760835706736,-9.89019445073103,-25.84200306644385
EFT:-0.6913387094806175,30.73855131789886,-7.529947295463584,-1.9255182138406006,-16.05309567672157,-37.362106122861896,-13.10644337192261,-44.04760835706732,-9.890194450731023,-25.842003066443823
Random940
Raw:-0.6913387094806266,30.738551317898885,-7.529947295463614,-1.9255182138406304,-16.053095676721615,-37.36210612286194,-13.106443371922657,-44.04760835706738,-9.890194450731043,-25.842003066443866
EFT:-0.6913387094806175,30.73855131789886,-7.529947295463584,-1.9255182138406006,-16.05309567672157,-37.362106122861896,-13.10644337192261,-44.04760835706732,-9.890194450731023,-25.842003066443826
Random941
Raw:-0.6913387094806144,30.738551317898867,-7.529947295463592,-1.925518213840606,-16.05309567672158,-37.3621061228619,-13.106443371922616,-44.04760835706734,-9.890194450731027,-25.842003066443837
EFT:-0.6913387094806175,30.73855131789886,-7.529947295463584,-1.9255182138406006,-16.05309567672157,-37.362106122861896,-13.10644337192261,-44.04760835706732,-9.890194450731023,-25.842003066443823
Random942
Raw:-0.6913387094806144,30.738551317898878,-7.52994729546359,-1.9255182138406046,-16.05309567672158,-37.36210612286192,-13.106443371922618,-44.04760835706734,-9.890194450731029,-25.842003066443844
EFT:-0.6913387094806175,30.73855131789886,-7.529947295463584,-1.9255182138406006,-16.05309567672157,-37.362106122861896,-13.10644337192261,-44.04760835706732,-9.890194450731023,-25.842003066443826
Random943
Raw:-0.6913387094806215,30.738551317898885,-7.529947295463618,-1.9255182138406286,-16.053095676721615,-37.362106122861924,-13.106443371922655,-44.047608357067396,-9.890194450731041,-25.842003066443873
EFT:-0.6913387094806175,30.73855131789886,-7.529947295463584,-1.9255182138406006,-16.05309567672157,-37.362106122861896,-13.10644337192261,-44.04760835706732,-9.890194450731023,-25.842003066443826
Random944
Raw:-0.6913387094806144,30.738551317898875,-7.5299472954636,-1.9255182138406108,-16.05309567672159,-37.36210612286191,-13.106443371922628,-44.04760835706737,-9.89019445073103,-25.84200306644385
EFT:-0.6913387094806175,30.73855131789886,-7.529947295463584,-1.9255182138406006,-16.05309567672157,-37.362106122861896,-13.10644337192261,-44.04760835706732,-9.890194450731023,-25.842003066443823
Random945
Raw:-0.6913387094806157,30.738551317898864,-7.529947295463582,-1.9255182138405948,-16.053095676721565,-37.362106122861896,-13.106443371922602,-44.04760835706731,-9.890194450731025,-25.842003066443816
EFT:-0.6913387094806175,30.73855131789886,-7.529947295463584,-1.9255182138406006,-16.05309567672157,-37.362106122861896,-13.10644337192261,-44.04760835706732,-9.890194450731023,-25.842003066443823
Random946
Raw:-0.6913387094806126,30.73855131789884,-7.529947295463556,-1.9255182138405775,-16.053095676721536,-37.362106122861874,-13.10644337192257,-44.04760835706726,-9.890194450731011,-25.84200306644378
EFT:-0.6913387094806175,30.73855131789886,-7.529947295463584,-1.9255182138406006,-16.05309567672157,-37.362106122861896,-13.10644337192261,-44.04760835706732,-9.890194450731023,-25.842003066443826
Random947
Raw:-0.6913387094806231,30.738551317898875,-7.529947295463613,-1.9255182138406268,-16.053095676721604,-37.36210612286192,-13.106443371922648,-44.04760835706736,-9.89019445073104,-25.84200306644385
EFT:-0.6913387094806175,30.73855131789886,-7.529947295463584,-1.9255182138406006,-16.05309567672157,-37.362106122861896,-13.10644337192261,-44.04760835706732,-9.890194450731023,-25.842003066443826
Random948
Raw:-0.6913387094806155,30.73855131789885,-7.529947295463583,-1.925518213840602,-16.053095676721565,-37.36210612286188,-13.106443371922605,-44.04760835706731,-9.89019445073102,-25.842003066443816
EFT:-0.6913387094806175,30.73855131789886,-7.529947295463584,-1.9255182138406006,-16.05309567672157,-37.362106122861896,-13.10644337192261,-44.04760835706732,-9.890194450731023,-25.842003066443823
Random949
Raw:-0.6913387094806165,30.73855131789887,-7.529947295463595,-1.925518213840609,-16.053095676721583,-37.36210612286191,-13.106443371922625,-44.047608357067354,-9.890194450731032,-25.842003066443844
EFT:-0.6913387094806175,30.73855131789886,-7.529947295463584,-1.9255182138406006,-16.05309567672157,-37.362106122861896,-13.10644337192261,-44.04760835706732,-9.890194450731023,-25.842003066443823
Random950
Raw:-0.6913387094806134,30.73855131789887,-7.529947295463594,-1.9255182138406055,-16.05309567672158,-37.3621061228619,-13.106443371922618,-44.04760835706734,-9.890194450731023,-25.842003066443837
EFT:-0.6913387094806175,30.73855131789886,-7.529947295463584,-1.9255182138406006,-16.05309567672157,-37.362106122861896,-13.10644337192261,-44.04760835706732,-9.890194450731023,-25.842003066443823
Random951
Raw:-0.6913387094806285,30.738551317898885,-7.529947295463626,-1.9255182138406441,-16.05309567672162,-37.36210612286193,-13.10644337192267,-44.04760835706739,-9.890194450731045,-25.842003066443873
EFT:-0.6913387094806175,30.73855131789886,-7.529947295463584,-1.9255182138406006,-16.05309567672157,-37.362106122861896,-13.10644337192261,-44.04760835706732,-9.890194450731023,-25.842003066443823
Random952
Raw:-0.6913387094806188,30.738551317898878,-7.529947295463603,-1.9255182138406166,-16.053095676721597,-37.36210612286192,-13.106443371922637,-44.04760835706737,-9.890194450731032,-25.84200306644385
EFT:-0.6913387094806175,30.73855131789886,-7.529947295463584,-1.9255182138406006,-16.05309567672157,-37.362106122861896,-13.10644337192261,-44.04760835706732,-9.890194450731023,-25.842003066443823
Random953
Raw:-0.6913387094806166,30.738551317898875,-7.529947295463597,-1.9255182138406104,-16.05309567672159,-37.36210612286192,-13.106443371922627,-44.04760835706736,-9.89019445073103,-25.84200306644385
EFT:-0.6913387094806175,30.73855131789886,-7.529947295463584,-1.9255182138406006,-16.05309567672157,-37.362106122861896,-13.10644337192261,-44.04760835706732,-9.890194450731023,-25.842003066443823
Random954
Raw:-0.6913387094806215,30.738551317898878,-7.529947295463603,-1.9255182138406193,-16.053095676721597,-37.362106122861924,-13.10644337192264,-44.04760835706737,-9.890194450731034,-25.842003066443844
EFT:-0.6913387094806175,30.73855131789886,-7.529947295463584,-1.9255182138406006,-16.05309567672157,-37.362106122861896,-13.10644337192261,-44.04760835706732,-9.890194450731023,-25.842003066443823
Random955
Raw:-0.6913387094806082,30.73855131789886,-7.529947295463576,-1.9255182138405895,-16.053095676721554,-37.36210612286189,-13.106443371922596,-44.04760835706731,-9.890194450731016,-25.842003066443823
EFT:-0.6913387094806175,30.73855131789886,-7.529947295463584,-1.9255182138406006,-16.05309567672157,-37.362106122861896,-13.10644337192261,-44.04760835706732,-9.890194450731023,-25.842003066443826
Random956
Raw:-0.6913387094806162,30.738551317898878,-7.5299472954635975,-1.9255182138406073,-16.053095676721583,-37.36210612286192,-13.106443371922628,-44.047608357067354,-9.890194450731029,-25.842003066443844
EFT:-0.6913387094806175,30.73855131789886,-7.529947295463584,-1.9255182138406006,-16.05309567672157,-37.362106122861896,-13.10644337192261,-44.04760835706732,-9.890194450731023,-25.842003066443823
Random957
Raw:-0.6913387094806197,30.738551317898875,-7.529947295463607,-1.9255182138406233,-16.053095676721597,-37.36210612286192,-13.106443371922643,-44.04760835706736,-9.890194450731034,-25.84200306644386
EFT:-0.6913387094806175,30.73855131789886,-7.529947295463584,-1.9255182138406006,-16.05309567672157,-37.362106122861896,-13.10644337192261,-44.04760835706732,-9.890194450731023,-25.842003066443823
Random958
Raw:-0.6913387094806162,30.738551317898875,-7.529947295463604,-1.9255182138406144,-16.053095676721593,-37.36210612286191,-13.106443371922634,-44.04760835706737,-9.890194450731034,-25.84200306644386
EFT:-0.6913387094806175,30.73855131789886,-7.529947295463584,-1.9255182138406006,-16.05309567672157,-37.362106122861896,-13.10644337192261,-44.04760835706732,-9.890194450731023,-25.842003066443823
Random959
Raw:-0.6913387094806126,30.73855131789887,-7.529947295463578,-1.925518213840593,-16.05309567672157,-37.36210612286191,-13.106443371922605,-44.04760835706734,-9.890194450731025,-25.842003066443837
EFT:-0.6913387094806175,30.73855131789886,-7.529947295463584,-1.9255182138406006,-16.05309567672157,-37.362106122861896,-13.10644337192261,-44.04760835706732,-9.890194450731023,-25.842003066443826
Random960
Raw:-0.6913387094806104,30.73855131789887,-7.529947295463587,-1.9255182138405966,-16.053095676721572,-37.3621061228619,-13.10644337192261,-44.04760835706734,-9.890194450731025,-25.842003066443844
EFT:-0.6913387094806175,30.73855131789886,-7.529947295463584,-1.9255182138406006,-16.05309567672157,-37.362106122861896,-13.10644337192261,-44.04760835706732,-9.890194450731023,-25.842003066443826
Random961
Raw:-0.6913387094806233,30.738551317898885,-7.529947295463612,-1.925518213840626,-16.053095676721608,-37.362106122861924,-13.106443371922646,-44.04760835706738,-9.89019445073104,-25.842003066443866
EFT:-0.6913387094806175,30.73855131789886,-7.529947295463584,-1.9255182138406006,-16.053095676721572,-37.362106122861896,-13.10644337192261,-44.04760835706732,-9.890194450731023,-25.842003066443823
Random962
Raw:-0.6913387094806179,30.738551317898896,-7.529947295463628,-1.925518213840634,-16.053095676721625,-37.362106122861945,-13.10644337192267,-44.047608357067425,-9.890194450731046,-25.842003066443894
EFT:-0.6913387094806175,30.73855131789886,-7.529947295463584,-1.9255182138406006,-16.05309567672157,-37.362106122861896,-13.10644337192261,-44.04760835706732,-9.890194450731023,-25.842003066443823
Random963
Raw:-0.6913387094806147,30.738551317898864,-7.529947295463587,-1.925518213840602,-16.053095676721572,-37.3621061228619,-13.106443371922612,-44.047608357067325,-9.890194450731023,-25.84200306644383
EFT:-0.6913387094806175,30.73855131789886,-7.529947295463584,-1.9255182138406006,-16.05309567672157,-37.362106122861896,-13.10644337192261,-44.04760835706732,-9.890194450731023,-25.842003066443823
Random964
Raw:-0.6913387094806213,30.738551317898885,-7.52994729546363,-1.925518213840638,-16.05309567672162,-37.362106122861924,-13.10644337192267,-44.0476083570674,-9.890194450731041,-25.842003066443887
EFT:-0.6913387094806175,30.73855131789886,-7.529947295463584,-1.9255182138406006,-16.05309567672157,-37.362106122861896,-13.10644337192261,-44.04760835706732,-9.890194450731023,-25.842003066443823
Random965
Raw:-0.6913387094806199,30.73855131789889,-7.529947295463633,-1.9255182138406393,-16.053095676721625,-37.36210612286193,-13.106443371922671,-44.04760835706742,-9.890194450731046,-25.842003066443894
EFT:-0.6913387094806175,30.73855131789886,-7.529947295463584,-1.9255182138406006,-16.05309567672157,-37.362106122861896,-13.10644337192261,-44.04760835706732,-9.890194450731023,-25.842003066443823
Random966
Raw:-0.6913387094806228,30.738551317898885,-7.529947295463611,-1.925518213840625,-16.053095676721608,-37.36210612286193,-13.106443371922653,-44.04760835706738,-9.890194450731038,-25.842003066443866
EFT:-0.6913387094806175,30.73855131789886,-7.529947295463584,-1.9255182138406006,-16.05309567672157,-37.362106122861896,-13.10644337192261,-44.04760835706732,-9.890194450731023,-25.842003066443823
Random967
Raw:-0.6913387094806162,30.738551317898878,-7.529947295463613,-1.9255182138406215,-16.053095676721604,-37.36210612286192,-13.106443371922644,-44.047608357067375,-9.89019445073104,-25.842003066443866
EFT:-0.6913387094806175,30.73855131789886,-7.529947295463584,-1.9255182138406006,-16.05309567672157,-37.362106122861896,-13.10644337192261,-44.04760835706732,-9.890194450731023,-25.842003066443823
Random968
Raw:-0.6913387094806213,30.738551317898875,-7.529947295463598,-1.9255182138406162,-16.053095676721593,-37.36210612286192,-13.106443371922635,-44.047608357067354,-9.890194450731034,-25.84200306644385
EFT:-0.6913387094806175,30.73855131789886,-7.529947295463584,-1.9255182138406006,-16.05309567672157,-37.362106122861896,-13.10644337192261,-44.04760835706732,-9.890194450731023,-25.842003066443823
Random969
Raw:-0.6913387094806215,30.738551317898885,-7.52994729546361,-1.925518213840625,-16.053095676721604,-37.36210612286193,-13.106443371922648,-44.04760835706738,-9.890194450731034,-25.84200306644386
EFT:-0.6913387094806175,30.73855131789886,-7.529947295463584,-1.9255182138406006,-16.053095676721572,-37.362106122861896,-13.10644337192261,-44.04760835706732,-9.890194450731023,-25.842003066443823
Random970
Raw:-0.6913387094806126,30.73855131789889,-7.529947295463593,-1.925518213840602,-16.053095676721583,-37.36210612286193,-13.106443371922627,-44.04760835706738,-9.890194450731032,-25.84200306644386
EFT:-0.6913387094806175,30.73855131789886,-7.529947295463584,-1.9255182138406006,-16.05309567672157,-37.362106122861896,-13.10644337192261,-44.04760835706732,-9.890194450731023,-25.842003066443823
Random971
Raw:-0.6913387094806126,30.738551317898857,-7.529947295463573,-1.9255182138405895,-16.053095676721554,-37.36210612286189,-13.106443371922595,-44.04760835706731,-9.89019445073102,-25.842003066443823
EFT:-0.6913387094806175,30.73855131789886,-7.529947295463584,-1.9255182138406006,-16.05309567672157,-37.362106122861896,-13.10644337192261,-44.04760835706732,-9.890194450731023,-25.842003066443823
Random972
Raw:-0.6913387094806144,30.73855131789888,-7.529947295463585,-1.9255182138405993,-16.05309567672158,-37.362106122861924,-13.10644337192261,-44.047608357067354,-9.89019445073103,-25.842003066443844
EFT:-0.6913387094806175,30.73855131789886,-7.529947295463584,-1.9255182138406006,-16.05309567672157,-37.362106122861896,-13.10644337192261,-44.04760835706732,-9.890194450731023,-25.842003066443826
Random973
Raw:-0.691338709480617,30.73855131789887,-7.52994729546359,-1.9255182138406068,-16.05309567672158,-37.36210612286191,-13.106443371922627,-44.047608357067354,-9.890194450731025,-25.842003066443844
EFT:-0.6913387094806175,30.73855131789886,-7.529947295463584,-1.9255182138406006,-16.05309567672157,-37.362106122861896,-13.10644337192261,-44.04760835706732,-9.890194450731023,-25.842003066443823
Random974
Raw:-0.6913387094806233,30.73855131789886,-7.529947295463591,-1.9255182138406135,-16.053095676721583,-37.3621061228619,-13.106443371922621,-44.04760835706733,-9.890194450731029,-25.84200306644383
EFT:-0.6913387094806175,30.73855131789886,-7.529947295463584,-1.9255182138406006,-16.05309567672157,-37.362106122861896,-13.10644337192261,-44.04760835706732,-9.890194450731023,-25.842003066443823
Random975
Raw:-0.6913387094806233,30.73855131789889,-7.529947295463622,-1.925518213840634,-16.053095676721618,-37.36210612286193,-13.10644337192266,-44.04760835706739,-9.890194450731046,-25.842003066443873
EFT:-0.6913387094806175,30.73855131789886,-7.529947295463584,-1.9255182138406006,-16.05309567672157,-37.362106122861896,-13.10644337192261,-44.04760835706732,-9.890194450731023,-25.842003066443823
Random976
Raw:-0.6913387094806168,30.73855131789887,-7.529947295463599,-1.9255182138406117,-16.053095676721586,-37.3621061228619,-13.106443371922627,-44.04760835706734,-9.890194450731034,-25.842003066443844
EFT:-0.6913387094806175,30.73855131789886,-7.529947295463584,-1.9255182138406006,-16.05309567672157,-37.362106122861896,-13.10644337192261,-44.04760835706732,-9.890194450731023,-25.842003066443826
Random977
Raw:-0.6913387094806144,30.73855131789887,-7.529947295463591,-1.925518213840605,-16.053095676721583,-37.3621061228619,-13.10644337192262,-44.04760835706734,-9.890194450731029,-25.842003066443844
EFT:-0.6913387094806175,30.73855131789886,-7.529947295463584,-1.9255182138406006,-16.05309567672157,-37.362106122861896,-13.10644337192261,-44.04760835706732,-9.890194450731023,-25.842003066443823
Random978
Raw:-0.6913387094806144,30.73855131789886,-7.529947295463589,-1.9255182138406037,-16.053095676721565,-37.36210612286189,-13.10644337192261,-44.04760835706732,-9.890194450731018,-25.84200306644383
EFT:-0.6913387094806175,30.73855131789886,-7.529947295463584,-1.9255182138406006,-16.05309567672157,-37.362106122861896,-13.10644337192261,-44.04760835706732,-9.890194450731023,-25.842003066443823
Random979
Raw:-0.6913387094806108,30.73855131789888,-7.529947295463605,-1.9255182138406108,-16.053095676721593,-37.36210612286192,-13.106443371922634,-44.04760835706738,-9.890194450731034,-25.842003066443866
EFT:-0.6913387094806175,30.73855131789886,-7.529947295463584,-1.9255182138406006,-16.05309567672157,-37.362106122861896,-13.10644337192261,-44.04760835706732,-9.890194450731023,-25.842003066443823
Random980
Raw:-0.6913387094806215,30.738551317898878,-7.529947295463607,-1.9255182138406233,-16.0530956767216,-37.362106122861924,-13.106443371922639,-44.04760835706737,-9.890194450731036,-25.84200306644385
EFT:-0.6913387094806175,30.73855131789886,-7.529947295463584,-1.9255182138406006,-16.05309567672157,-37.362106122861896,-13.10644337192261,-44.04760835706732,-9.890194450731023,-25.842003066443823
Random981
Raw:-0.6913387094806162,30.738551317898864,-7.529947295463585,-1.9255182138406002,-16.053095676721572,-37.3621061228619,-13.10644337192261,-44.04760835706733,-9.890194450731027,-25.84200306644383
EFT:-0.6913387094806175,30.73855131789886,-7.529947295463584,-1.9255182138406006,-16.05309567672157,-37.362106122861896,-13.10644337192261,-44.04760835706732,-9.890194450731023,-25.842003066443823
Random982
Raw:-0.6913387094806215,30.738551317898885,-7.529947295463609,-1.9255182138406233,-16.0530956767216,-37.362106122861924,-13.106443371922646,-44.04760835706738,-9.890194450731032,-25.842003066443866
EFT:-0.6913387094806175,30.73855131789886,-7.529947295463584,-1.9255182138406006,-16.05309567672157,-37.362106122861896,-13.10644337192261,-44.04760835706732,-9.890194450731023,-25.842003066443826
Random983
Raw:-0.6913387094806206,30.73855131789887,-7.529947295463593,-1.925518213840609,-16.05309567672158,-37.36210612286191,-13.106443371922623,-44.04760835706734,-9.890194450731029,-25.842003066443837
EFT:-0.6913387094806175,30.73855131789886,-7.529947295463584,-1.9255182138406006,-16.053095676721572,-37.362106122861896,-13.10644337192261,-44.04760835706732,-9.890194450731023,-25.842003066443826
Random984
Raw:-0.6913387094806073,30.738551317898875,-7.529947295463586,-1.925518213840598,-16.053095676721572,-37.3621061228619,-13.10644337192261,-44.04760835706735,-9.890194450731023,-25.842003066443844
EFT:-0.6913387094806175,30.73855131789886,-7.529947295463584,-1.9255182138406006,-16.05309567672157,-37.362106122861896,-13.10644337192261,-44.04760835706732,-9.890194450731023,-25.842003066443823
Random985
Raw:-0.6913387094806215,30.73855131789889,-7.529947295463621,-1.925518213840633,-16.053095676721618,-37.36210612286193,-13.106443371922659,-44.047608357067396,-9.890194450731041,-25.84200306644388
EFT:-0.6913387094806175,30.73855131789886,-7.529947295463584,-1.9255182138406006,-16.05309567672157,-37.362106122861896,-13.10644337192261,-44.04760835706732,-9.890194450731023,-25.842003066443823
Random986
Raw:-0.6913387094806159,30.738551317898857,-7.529947295463578,-1.9255182138405962,-16.053095676721558,-37.36210612286189,-13.106443371922602,-44.04760835706731,-9.890194450731016,-25.842003066443816
EFT:-0.6913387094806175,30.73855131789886,-7.529947295463584,-1.9255182138406006,-16.05309567672157,-37.362106122861896,-13.10644337192261,-44.04760835706732,-9.890194450731023,-25.842003066443826
Random987
Raw:-0.6913387094806202,30.73855131789887,-7.529947295463602,-1.9255182138406206,-16.053095676721597,-37.36210612286191,-13.106443371922635,-44.047608357067354,-9.890194450731034,-25.84200306644385
EFT:-0.6913387094806175,30.73855131789886,-7.529947295463584,-1.9255182138406006,-16.05309567672157,-37.362106122861896,-13.10644337192261,-44.04760835706732,-9.890194450731023,-25.842003066443826
Random988
Raw:-0.6913387094806108,30.73855131789888,-7.529947295463582,-1.9255182138405966,-16.053095676721572,-37.36210612286192,-13.10644337192261,-44.047608357067354,-9.890194450731027,-25.84200306644385
EFT:-0.6913387094806175,30.73855131789886,-7.529947295463584,-1.9255182138406006,-16.05309567672157,-37.362106122861896,-13.10644337192261,-44.04760835706732,-9.890194450731023,-25.842003066443823
Random989
Raw:-0.691338709480609,30.73855131789887,-7.529947295463584,-1.9255182138405953,-16.05309567672157,-37.3621061228619,-13.106443371922609,-44.04760835706734,-9.890194450731025,-25.842003066443844
EFT:-0.6913387094806175,30.73855131789886,-7.529947295463584,-1.9255182138406006,-16.05309567672157,-37.362106122861896,-13.10644337192261,-44.04760835706732,-9.890194450731023,-25.842003066443823
Random990
Raw:-0.6913387094806233,30.738551317898875,-7.529947295463615,-1.9255182138406286,-16.053095676721608,-37.36210612286192,-13.10644337192265,-44.047608357067375,-9.890194450731041,-25.84200306644386
EFT:-0.6913387094806175,30.73855131789886,-7.529947295463584,-1.9255182138406006,-16.05309567672157,-37.362106122861896,-13.10644337192261,-44.04760835706732,-9.890194450731023,-25.842003066443823
Random991
Raw:-0.6913387094806126,30.738551317898864,-7.529947295463589,-1.9255182138406002,-16.053095676721572,-37.362106122861896,-13.106443371922612,-44.04760835706734,-9.890194450731023,-25.842003066443837
EFT:-0.6913387094806175,30.73855131789886,-7.529947295463584,-1.9255182138406006,-16.05309567672157,-37.362106122861896,-13.10644337192261,-44.04760835706732,-9.890194450731023,-25.842003066443823
Random992
Raw:-0.6913387094806183,30.73855131789887,-7.529947295463603,-1.9255182138406197,-16.053095676721593,-37.3621061228619,-13.106443371922635,-44.047608357067354,-9.890194450731036,-25.84200306644385
EFT:-0.6913387094806175,30.73855131789886,-7.529947295463584,-1.9255182138406006,-16.05309567672157,-37.362106122861896,-13.10644337192261,-44.04760835706732,-9.890194450731023,-25.842003066443823
Random993
Raw:-0.6913387094806179,30.738551317898875,-7.529947295463598,-1.9255182138406122,-16.05309567672159,-37.36210612286191,-13.106443371922628,-44.04760835706735,-9.89019445073103,-25.842003066443844
EFT:-0.6913387094806175,30.73855131789886,-7.529947295463584,-1.9255182138406006,-16.05309567672157,-37.362106122861896,-13.10644337192261,-44.04760835706732,-9.890194450731023,-25.842003066443826
Random994
Raw:-0.6913387094806144,30.73855131789887,-7.529947295463586,-1.9255182138405984,-16.053095676721572,-37.36210612286191,-13.106443371922612,-44.04760835706733,-9.890194450731029,-25.84200306644383
EFT:-0.6913387094806175,30.73855131789886,-7.529947295463584,-1.9255182138406006,-16.053095676721572,-37.362106122861896,-13.10644337192261,-44.04760835706732,-9.890194450731023,-25.842003066443826
Random995
Raw:-0.6913387094806162,30.738551317898885,-7.529947295463603,-1.9255182138406126,-16.053095676721593,-37.362106122861924,-13.106443371922634,-44.04760835706737,-9.890194450731038,-25.842003066443866
EFT:-0.6913387094806175,30.73855131789886,-7.529947295463584,-1.9255182138406006,-16.05309567672157,-37.362106122861896,-13.10644337192261,-44.04760835706732,-9.890194450731023,-25.842003066443823
Random996
Raw:-0.6913387094806144,30.738551317898867,-7.529947295463591,-1.925518213840602,-16.05309567672158,-37.3621061228619,-13.106443371922614,-44.04760835706733,-9.89019445073103,-25.842003066443837
EFT:-0.6913387094806175,30.73855131789886,-7.529947295463584,-1.9255182138406006,-16.05309567672157,-37.362106122861896,-13.10644337192261,-44.04760835706732,-9.890194450731023,-25.842003066443826
Random997
Raw:-0.6913387094806108,30.73855131789886,-7.529947295463565,-1.9255182138405842,-16.05309567672155,-37.36210612286189,-13.10644337192259,-44.0476083570673,-9.89019445073102,-25.842003066443816
EFT:-0.6913387094806175,30.73855131789886,-7.529947295463584,-1.9255182138406006,-16.05309567672157,-37.362106122861896,-13.10644337192261,-44.04760835706732,-9.890194450731023,-25.842003066443823
Random998
Raw:-0.691338709480625,30.738551317898885,-7.5299472954636135,-1.9255182138406304,-16.05309567672161,-37.36210612286193,-13.106443371922655,-44.04760835706738,-9.890194450731043,-25.842003066443866
EFT:-0.6913387094806175,30.73855131789886,-7.529947295463584,-1.9255182138406006,-16.05309567672157,-37.362106122861896,-13.10644337192261,-44.04760835706732,-9.890194450731023,-25.842003066443826
Random999
Raw:-0.6913387094806179,30.73855131789887,-7.529947295463594,-1.9255182138406108,-16.053095676721586,-37.36210612286191,-13.106443371922627,-44.047608357067354,-9.890194450731032,-25.84200306644385
EFT:-0.6913387094806175,30.73855131789886,-7.529947295463584,-1.9255182138406006,-16.05309567672157,-37.362106122861896,-13.10644337192261,-44.04760835706732,-9.890194450731023,-25.842003066443823
Random1000
Raw:-0.6913387094806197,30.738551317898867,-7.529947295463598,-1.9255182138406175,-16.05309567672159,-37.3621061228619,-13.106443371922632,-44.04760835706734,-9.890194450731034,-25.842003066443837
EFT:-0.6913387094806175,30.73855131789886,-7.529947295463584,-1.9255182138406006,-16.05309567672157,-37.362106122861896,-13.10644337192261,-44.04760835706732,-9.890194450731023,-25.842003066443823
