Tensorflow
0.2172891004888029,1.5079746592744892e-06,0.17497295966876286,0.47770901115783104,0.029958085655191646,4.675432504479322e-10,0.09950514136421895,1.0923289293626568e-16,0.0005641932229892996,6.137653998420999e-16
Original
0.21728910048880237,1.507974659274491e-06,0.17497295966876217,0.4777090111578325,0.02995808565519168,4.675432504479303e-10,0.09950514136421873,1.0923289293626522e-16,0.0005641932229892978,6.137653998420973e-16
Ascend
0.21728910048880223,1.5079746592744845e-06,0.17497295966876203,0.477709011157833,0.02995808565519166,4.675432504479258e-10,0.09950514136421866,1.0923289293626378e-16,0.0005641932229892959,6.137653998420891e-16
Descend
0.2172891004888028,1.5079746592744938e-06,0.1749729596687625,0.47770901115783165,0.029958085655191685,4.67543250447931e-10,0.09950514136421891,1.0923289293626504e-16,0.0005641932229892983,6.137653998420962e-16
Random1
Raw:0.21728910048880157,1.5079746592744906e-06,0.17497295966876153,0.47770901115783493,0.029958085655191678,4.67543250447926e-10,0.09950514136421781,1.0923289293626267e-16,0.0005641932229892952,6.137653998420918e-16
EFT:0.21728910048880218,1.5079746592744898e-06,0.174972959668762,0.4777090111578329,0.029958085655191653,4.67543250447929e-10,0.09950514136421881,1.0923289293626453e-16,0.0005641932229892979,6.137653998420891e-16
Random2
Raw:0.21728910048880176,1.5079746592744866e-06,0.17497295966876225,0.4777090111578336,0.0299580856551917,4.675432504479297e-10,0.09950514136421826,1.0923289293626393e-16,0.0005641932229892946,6.1376539984209e-16
EFT:0.21728910048880218,1.5079746592744898e-06,0.174972959668762,0.4777090111578329,0.029958085655191653,4.67543250447929e-10,0.09950514136421881,1.0923289293626453e-16,0.0005641932229892979,6.137653998420891e-16
Random3
Raw:0.21728910048880312,1.507974659274464e-06,0.1749729596687637,0.4777090111578298,0.029958085655191515,4.675432504479344e-10,0.09950514136421941,1.092328929362654e-16,0.0005641932229893003,6.137653998420939e-16
EFT:0.21728910048880218,1.5079746592744898e-06,0.174972959668762,0.4777090111578329,0.029958085655191653,4.67543250447929e-10,0.09950514136421881,1.0923289293626453e-16,0.0005641932229892979,6.137653998420935e-16
Random4
Raw:0.21728910048880157,1.5079746592744906e-06,0.1749729596687618,0.4777090111578341,0.029958085655191626,4.675432504479268e-10,0.09950514136421836,1.0923289293626326e-16,0.0005641932229892942,6.137653998420907e-16
EFT:0.21728910048880218,1.5079746592744898e-06,0.174972959668762,0.4777090111578329,0.029958085655191653,4.67543250447929e-10,0.09950514136421881,1.0923289293626453e-16,0.0005641932229892979,6.137653998420891e-16
Random5
Raw:0.21728910048880218,1.5079746592744762e-06,0.17497295966876264,0.47770901115783204,0.029958085655191653,4.675432504479265e-10,0.099505141364219,1.0923289293626357e-16,0.0005641932229892978,6.13765399842088e-16
EFT:0.21728910048880218,1.5079746592744898e-06,0.174972959668762,0.4777090111578329,0.029958085655191653,4.67543250447929e-10,0.09950514136421881,1.0923289293626453e-16,0.0005641932229892979,6.137653998420891e-16
Random6
Raw:0.21728910048880476,1.5079746592744699e-06,0.17497295966876406,0.4777090111578275,0.02995808565519158,4.675432504479403e-10,0.09950514136421963,1.092328929362672e-16,0.0005641932229893024,6.137653998421083e-16
EFT:0.21728910048880218,1.5079746592744898e-06,0.174972959668762,0.4777090111578329,0.029958085655191653,4.67543250447929e-10,0.09950514136421881,1.0923289293626453e-16,0.0005641932229892979,6.137653998420891e-16
Random7
Raw:0.2172891004888014,1.5079746592744843e-06,0.17497295966876167,0.4777090111578346,0.0299580856551916,4.675432504479257e-10,0.09950514136421827,1.092328929362626e-16,0.0005641932229892964,6.137653998420869e-16
EFT:0.21728910048880218,1.5079746592744898e-06,0.174972959668762,0.4777090111578329,0.029958085655191653,4.67543250447929e-10,0.09950514136421881,1.0923289293626453e-16,0.0005641932229892979,6.137653998420891e-16
Random8
Raw:0.21728910048880246,1.5079746592744887e-06,0.17497295966876283,0.47770901115783176,0.02995808565519169,4.675432504479346e-10,0.09950514136421874,1.0923289293626662e-16,0.000564193222989299,6.137653998421051e-16
EFT:0.21728910048880218,1.5079746592744898e-06,0.174972959668762,0.4777090111578329,0.029958085655191653,4.67543250447929e-10,0.09950514136421881,1.0923289293626453e-16,0.0005641932229892979,6.137653998420935e-16
Random9
Raw:0.21728910048880246,1.5079746592744807e-06,0.17497295966876222,0.47770901115783265,0.029958085655191587,4.675432504479288e-10,0.09950514136421859,1.0923289293626448e-16,0.000564193222989297,6.137653998420932e-16
EFT:0.21728910048880218,1.5079746592744898e-06,0.174972959668762,0.4777090111578329,0.029958085655191653,4.67543250447929e-10,0.09950514136421881,1.0923289293626453e-16,0.0005641932229892979,6.137653998420891e-16
Random10
Raw:0.2172891004888019,1.507974659274485e-06,0.1749729596687624,0.4777090111578331,0.029958085655191667,4.675432504479259e-10,0.0995051413642185,1.0923289293626303e-16,0.0005641932229892966,6.137653998420894e-16
EFT:0.21728910048880218,1.5079746592744898e-06,0.174972959668762,0.4777090111578329,0.029958085655191653,4.67543250447929e-10,0.09950514136421881,1.0923289293626453e-16,0.0005641932229892979,6.137653998420891e-16
Random11
Raw:0.21728910048880243,1.5079746592744726e-06,0.17497295966876222,0.4777090111578326,0.02995808565519153,4.675432504479205e-10,0.09950514136421876,1.0923289293626139e-16,0.000564193222989294,6.137653998420756e-16
EFT:0.21728910048880218,1.5079746592744898e-06,0.174972959668762,0.4777090111578329,0.029958085655191653,4.67543250447929e-10,0.09950514136421881,1.0923289293626453e-16,0.0005641932229892979,6.137653998420891e-16
Random12
Raw:0.21728910048880168,1.507974659274497e-06,0.1749729596687619,0.4777090111578343,0.029958085655191743,4.675432504479288e-10,0.09950514136421787,1.0923289293626487e-16,0.0005641932229892969,6.137653998420997e-16
EFT:0.21728910048880218,1.5079746592744898e-06,0.174972959668762,0.4777090111578329,0.029958085655191653,4.67543250447929e-10,0.09950514136421881,1.0923289293626453e-16,0.0005641932229892979,6.137653998420891e-16
Random13
Raw:0.21728910048880268,1.5079746592744769e-06,0.1749729596687633,0.47770901115783054,0.02995808565519156,4.675432504479333e-10,0.09950514136421938,1.0923289293626633e-16,0.0005641932229893006,6.1376539984209475e-16
EFT:0.21728910048880218,1.5079746592744898e-06,0.174972959668762,0.4777090111578329,0.029958085655191653,4.67543250447929e-10,0.09950514136421881,1.0923289293626453e-16,0.0005641932229892979,6.137653998420935e-16
Random14
Raw:0.21728910048880265,1.5079746592744794e-06,0.1749729596687627,0.4777090111578314,0.029958085655191667,4.675432504479275e-10,0.0995051413642192,1.0923289293626498e-16,0.000564193222989298,6.137653998420872e-16
EFT:0.21728910048880218,1.5079746592744898e-06,0.174972959668762,0.4777090111578329,0.029958085655191653,4.67543250447929e-10,0.09950514136421881,1.0923289293626453e-16,0.0005641932229892979,6.137653998420935e-16
Random15
Raw:0.21728910048880207,1.507974659274478e-06,0.17497295966876253,0.4777090111578326,0.029958085655191636,4.675432504479288e-10,0.09950514136421876,1.0923289293626447e-16,0.0005641932229892975,6.137653998420887e-16
EFT:0.21728910048880218,1.5079746592744898e-06,0.174972959668762,0.4777090111578329,0.029958085655191653,4.67543250447929e-10,0.09950514136421881,1.0923289293626453e-16,0.0005641932229892979,6.137653998420935e-16
Random16
Raw:0.21728910048880207,1.5079746592744699e-06,0.1749729596687619,0.4777090111578335,0.029958085655191587,4.67543250447923e-10,0.09950514136421858,1.0923289293626159e-16,0.0005641932229892945,6.137653998420811e-16
EFT:0.21728910048880218,1.5079746592744898e-06,0.174972959668762,0.4777090111578329,0.029958085655191653,4.67543250447929e-10,0.09950514136421881,1.0923289293626453e-16,0.0005641932229892979,6.137653998420935e-16
Random17
Raw:0.21728910048880118,1.5079746592744934e-06,0.17497295966876153,0.47770901115783493,0.029958085655191678,4.67543250447921e-10,0.09950514136421817,1.0923289293626267e-16,0.0005641932229892957,6.13765399842083e-16
EFT:0.21728910048880218,1.5079746592744898e-06,0.174972959668762,0.4777090111578329,0.029958085655191653,4.67543250447929e-10,0.09950514136421881,1.0923289293626453e-16,0.0005641932229892979,6.137653998420891e-16
Random18
Raw:0.21728910048880462,1.5079746592744663e-06,0.17497295966876428,0.4777090111578272,0.029958085655191615,4.675432504479367e-10,0.09950514136421976,1.0923289293626636e-16,0.0005641932229893001,6.137653998420993e-16
EFT:0.21728910048880218,1.5079746592744898e-06,0.174972959668762,0.4777090111578329,0.029958085655191653,4.67543250447929e-10,0.09950514136421881,1.0923289293626453e-16,0.0005641932229892979,6.137653998420891e-16
Random19
Raw:0.2172891004888016,1.50797465927448e-06,0.17497295966876214,0.47770901115783326,0.029958085655191678,4.675432504479261e-10,0.09950514136421872,1.0923289293626386e-16,0.0005641932229892962,6.137653998420896e-16
EFT:0.21728910048880218,1.5079746592744898e-06,0.174972959668762,0.4777090111578329,0.029958085655191653,4.67543250447929e-10,0.09950514136421881,1.0923289293626453e-16,0.0005641932229892979,6.137653998420891e-16
Random20
Raw:0.21728910048880196,1.5079746592744856e-06,0.17497295966876214,0.47770901115783326,0.029958085655191678,4.675432504479261e-10,0.09950514136421854,1.0923289293626308e-16,0.0005641932229892962,6.137653998420896e-16
EFT:0.21728910048880218,1.5079746592744898e-06,0.174972959668762,0.4777090111578329,0.029958085655191653,4.67543250447929e-10,0.09950514136421881,1.0923289293626453e-16,0.0005641932229892979,6.137653998420935e-16
Random21
Raw:0.21728910048880248,1.5079746592744703e-06,0.17497295966876286,0.47770901115783104,0.02995808565519159,4.675432504479239e-10,0.0995051413642195,1.0923289293626334e-16,0.0005641932229892971,6.13765399842078e-16
EFT:0.21728910048880218,1.5079746592744898e-06,0.174972959668762,0.4777090111578329,0.029958085655191653,4.67543250447929e-10,0.09950514136421881,1.0923289293626453e-16,0.0005641932229892979,6.137653998420935e-16
Random22
Raw:0.2172891004888028,1.5079746592744775e-06,0.1749729596687625,0.47770901115783165,0.029958085655191577,4.675432504479295e-10,0.09950514136421891,1.0923289293626426e-16,0.0005641932229892979,6.137653998420919e-16
EFT:0.21728910048880218,1.5079746592744898e-06,0.174972959668762,0.4777090111578329,0.029958085655191653,4.67543250447929e-10,0.09950514136421881,1.0923289293626453e-16,0.0005641932229892979,6.137653998420891e-16
Random23
Raw:0.21728910048880146,1.5079746592744659e-06,0.17497295966876172,0.4777090111578347,0.029958085655191556,4.675432504479192e-10,0.09950514136421813,1.0923289293626032e-16,0.0005641932229892924,6.13765399842074e-16
EFT:0.21728910048880218,1.5079746592744898e-06,0.174972959668762,0.4777090111578329,0.029958085655191653,4.67543250447929e-10,0.09950514136421881,1.0923289293626453e-16,0.0005641932229892979,6.137653998420891e-16
Random24
Raw:0.21728910048880112,1.507974659274458e-06,0.17497295966876145,0.4777090111578356,0.02995808565519156,4.675432504479168e-10,0.09950514136421779,1.0923289293625896e-16,0.000564193222989291,6.137653998420621e-16
EFT:0.21728910048880218,1.5079746592744898e-06,0.174972959668762,0.4777090111578329,0.029958085655191653,4.67543250447929e-10,0.09950514136421881,1.0923289293626453e-16,0.0005641932229892979,6.137653998420891e-16
Random25
Raw:0.21728910048880312,1.5079746592744773e-06,0.17497295966876303,0.47770901115783065,0.02995808565519162,4.675432504479318e-10,0.09950514136421905,1.092328929362648e-16,0.0005641932229892992,6.137653998420949e-16
EFT:0.21728910048880218,1.5079746592744898e-06,0.174972959668762,0.4777090111578329,0.029958085655191653,4.67543250447929e-10,0.09950514136421881,1.0923289293626453e-16,0.0005641932229892979,6.137653998420891e-16
Random26
Raw:0.21728910048880196,1.507974659274469e-06,0.1749729596687621,0.4777090111578332,0.029958085655191567,4.675432504479243e-10,0.0995051413642187,1.0923289293626307e-16,0.0005641932229892956,6.137653998420764e-16
EFT:0.21728910048880218,1.5079746592744898e-06,0.174972959668762,0.4777090111578329,0.029958085655191653,4.67543250447929e-10,0.09950514136421881,1.0923289293626453e-16,0.0005641932229892979,6.137653998420891e-16
Random27
Raw:0.21728910048880215,1.5079746592744705e-06,0.17497295966876258,0.47770901115783276,0.02995808565519154,4.675432504479272e-10,0.09950514136421842,1.0923289293626296e-16,0.0005641932229892961,6.137653998420845e-16
EFT:0.21728910048880218,1.5079746592744898e-06,0.174972959668762,0.4777090111578329,0.029958085655191653,4.67543250447929e-10,0.09950514136421881,1.0923289293626453e-16,0.0005641932229892979,6.137653998420935e-16
Random28
Raw:0.21728910048880312,1.5079746592744828e-06,0.17497295966876336,0.4777090111578298,0.029958085655191726,4.675432504479327e-10,0.09950514136421941,1.0923289293626617e-16,0.0005641932229893008,6.137653998420939e-16
EFT:0.21728910048880218,1.5079746592744898e-06,0.174972959668762,0.4777090111578329,0.029958085655191653,4.67543250447929e-10,0.09950514136421881,1.0923289293626453e-16,0.0005641932229892979,6.137653998420891e-16
Random29
Raw:0.21728910048880135,1.5079746592744839e-06,0.17497295966876195,0.4777090111578345,0.029958085655191594,4.675432504479256e-10,0.09950514136421808,1.0923289293626257e-16,0.0005641932229892957,6.137653998420868e-16
EFT:0.21728910048880218,1.5079746592744898e-06,0.174972959668762,0.4777090111578329,0.029958085655191653,4.67543250447929e-10,0.09950514136421881,1.0923289293626453e-16,0.0005641932229892979,6.137653998420935e-16
Random30
Raw:0.21728910048880218,1.5079746592744813e-06,0.17497295966876197,0.4777090111578337,0.029958085655191546,4.675432504479265e-10,0.09950514136421829,1.092328929362624e-16,0.0005641932229892953,6.137653998420902e-16
EFT:0.21728910048880218,1.5079746592744898e-06,0.174972959668762,0.4777090111578329,0.029958085655191653,4.67543250447929e-10,0.09950514136421881,1.0923289293626453e-16,0.0005641932229892979,6.137653998420891e-16
Random31
Raw:0.21728910048880387,1.5079746592744879e-06,0.17497295966876306,0.4777090111578298,0.029958085655191674,4.675432504479376e-10,0.09950514136421905,1.0923289293626773e-16,0.0005641932229893011,6.137653998421113e-16
EFT:0.21728910048880218,1.5079746592744898e-06,0.174972959668762,0.4777090111578329,0.029958085655191653,4.67543250447929e-10,0.09950514136421881,1.0923289293626453e-16,0.0005641932229892979,6.137653998420891e-16
Random32
Raw:0.21728910048880215,1.5079746592744733e-06,0.17497295966876292,0.477709011157832,0.029958085655191598,4.675432504479248e-10,0.09950514136421898,1.0923289293626278e-16,0.0005641932229892993,6.137653998420835e-16
EFT:0.21728910048880218,1.5079746592744898e-06,0.174972959668762,0.4777090111578329,0.029958085655191653,4.67543250447929e-10,0.09950514136421881,1.0923289293626453e-16,0.0005641932229892979,6.137653998420891e-16
Random33
Raw:0.2172891004888023,1.5079746592744769e-06,0.17497295966876208,0.4777090111578331,0.029958085655191615,4.675432504479242e-10,0.0995051413642185,1.0923289293626303e-16,0.000564193222989296,6.13765399842085e-16
EFT:0.21728910048880218,1.5079746592744898e-06,0.174972959668762,0.4777090111578329,0.029958085655191653,4.67543250447929e-10,0.09950514136421881,1.0923289293626453e-16,0.0005641932229892979,6.137653998420935e-16
Random34
Raw:0.21728910048880096,1.5079746592744782e-06,0.174972959668761,0.4777090111578361,0.02995808565519154,4.675432504479173e-10,0.09950514136421788,1.0923289293625986e-16,0.0005641932229892927,6.137653998420758e-16
EFT:0.21728910048880218,1.5079746592744898e-06,0.174972959668762,0.4777090111578329,0.029958085655191653,4.67543250447929e-10,0.09950514136421881,1.0923289293626453e-16,0.0005641932229892979,6.137653998420891e-16
Random35
Raw:0.2172891004888025,1.5079746592744784e-06,0.1749729596687629,0.4777090111578319,0.029958085655191643,4.67543250447933e-10,0.0995051413642186,1.0923289293626509e-16,0.0005641932229892992,6.137653998420965e-16
EFT:0.21728910048880218,1.5079746592744898e-06,0.174972959668762,0.4777090111578329,0.029958085655191653,4.67543250447929e-10,0.09950514136421881,1.0923289293626453e-16,0.0005641932229892979,6.137653998420891e-16
Random36
Raw:0.2172891004888022,1.5079746592744925e-06,0.1749729596687617,0.47770901115783376,0.029958085655191605,4.675432504479265e-10,0.09950514136421829,1.0923289293626397e-16,0.0005641932229892962,6.137653998420902e-16
EFT:0.21728910048880218,1.5079746592744898e-06,0.174972959668762,0.4777090111578329,0.029958085655191653,4.67543250447929e-10,0.09950514136421881,1.0923289293626453e-16,0.0005641932229892979,6.137653998420891e-16
Random37
Raw:0.21728910048880098,1.5079746592744705e-06,0.17497295966876167,0.4777090111578353,0.029958085655191542,4.675432504479181e-10,0.09950514136421808,1.0923289293626045e-16,0.0005641932229892936,6.137653998420704e-16
EFT:0.21728910048880218,1.5079746592744898e-06,0.174972959668762,0.4777090111578329,0.029958085655191653,4.67543250447929e-10,0.09950514136421881,1.0923289293626453e-16,0.0005641932229892979,6.137653998420891e-16
Random38
Raw:0.21728910048880298,1.5079746592744873e-06,0.17497295966876267,0.47770901115783126,0.029958085655191553,4.675432504479357e-10,0.09950514136421917,1.0923289293626806e-16,0.0005641932229893019,6.137653998421045e-16
EFT:0.21728910048880218,1.5079746592744898e-06,0.174972959668762,0.4777090111578329,0.029958085655191653,4.67543250447929e-10,0.09950514136421881,1.0923289293626453e-16,0.0005641932229892979,6.137653998420891e-16
Random39
Raw:0.2172891004888029,1.5079746592744839e-06,0.17497295966876258,0.47770901115783104,0.02995808565519159,4.675432504479305e-10,0.0995051413642193,1.0923289293626568e-16,0.0005641932229892986,6.137653998420954e-16
EFT:0.21728910048880218,1.5079746592744898e-06,0.174972959668762,0.4777090111578329,0.029958085655191653,4.67543250447929e-10,0.09950514136421881,1.0923289293626453e-16,0.0005641932229892979,6.137653998420891e-16
Random40
Raw:0.21728910048880296,1.5079746592744707e-06,0.17497295966876292,0.47770901115783115,0.029958085655191546,4.67543250447929e-10,0.09950514136421898,1.0923289293626415e-16,0.0005641932229892978,6.137653998420912e-16
EFT:0.21728910048880218,1.5079746592744898e-06,0.174972959668762,0.4777090111578329,0.029958085655191653,4.67543250447929e-10,0.09950514136421881,1.0923289293626453e-16,0.0005641932229892979,6.137653998420891e-16
Random41
Raw:0.2172891004888029,1.5079746592744866e-06,0.17497295966876258,0.47770901115783104,0.029958085655191646,4.675432504479305e-10,0.0995051413642193,1.092328929362649e-16,0.0005641932229892986,6.137653998420954e-16
EFT:0.21728910048880218,1.5079746592744898e-06,0.174972959668762,0.4777090111578329,0.029958085655191653,4.67543250447929e-10,0.09950514136421881,1.0923289293626453e-16,0.0005641932229892979,6.137653998420891e-16
Random42
Raw:0.21728910048880296,1.5079746592744815e-06,0.174972959668762,0.47770901115783204,0.0299580856551916,4.675432504479248e-10,0.099505141364219,1.0923289293626357e-16,0.0005641932229892969,6.137653998420836e-16
EFT:0.21728910048880218,1.5079746592744898e-06,0.174972959668762,0.4777090111578329,0.029958085655191653,4.67543250447929e-10,0.09950514136421881,1.0923289293626453e-16,0.0005641932229892979,6.137653998420935e-16
Random43
Raw:0.21728910048880282,1.507974659274459e-06,0.1749729596687631,0.4777090111578309,0.02995808565519158,4.675432504479237e-10,0.09950514136421927,1.0923289293626253e-16,0.0005641932229892969,6.137653998420778e-16
EFT:0.21728910048880218,1.5079746592744898e-06,0.174972959668762,0.4777090111578329,0.029958085655191653,4.67543250447929e-10,0.09950514136421881,1.0923289293626453e-16,0.0005641932229892979,6.137653998420891e-16
Random44
Raw:0.21728910048880104,1.5079746592744682e-06,0.17497295966876172,0.47770901115783543,0.029958085655191494,4.675432504479199e-10,0.09950514136421792,1.0923289293626126e-16,0.0005641932229892948,6.137653998420749e-16
EFT:0.21728910048880218,1.5079746592744898e-06,0.174972959668762,0.4777090111578329,0.029958085655191653,4.67543250447929e-10,0.09950514136421881,1.0923289293626453e-16,0.0005641932229892979,6.137653998420935e-16
Random45
Raw:0.2172891004888019,1.507974659274485e-06,0.1749729596687624,0.4777090111578331,0.029958085655191615,4.675432504479309e-10,0.0995051413642185,1.092328929362646e-16,0.000564193222989297,6.137653998420981e-16
EFT:0.21728910048880218,1.5079746592744898e-06,0.174972959668762,0.4777090111578329,0.029958085655191653,4.67543250447929e-10,0.09950514136421881,1.0923289293626453e-16,0.0005641932229892979,6.137653998420935e-16
Random46
Raw:0.21728910048880246,1.5079746592744726e-06,0.17497295966876314,0.47770901115783093,0.02995808565519169,4.675432504479271e-10,0.09950514136421929,1.0923289293626409e-16,0.0005641932229892985,6.137653998420866e-16
EFT:0.21728910048880218,1.5079746592744898e-06,0.174972959668762,0.4777090111578329,0.029958085655191653,4.67543250447929e-10,0.09950514136421881,1.0923289293626453e-16,0.0005641932229892979,6.137653998420891e-16
Random47
Raw:0.2172891004888032,1.5079746592744913e-06,0.1749729596687628,0.4777090111578309,0.02995808565519174,4.675432504479354e-10,0.09950514136421909,1.0923289293626642e-16,0.0005641932229892999,6.13765399842104e-16
EFT:0.21728910048880218,1.5079746592744898e-06,0.174972959668762,0.4777090111578329,0.029958085655191653,4.67543250447929e-10,0.09950514136421881,1.0923289293626453e-16,0.0005641932229892979,6.137653998420935e-16
Random48
Raw:0.21728910048880118,1.507974659274461e-06,0.1749729596687615,0.4777090111578357,0.029958085655191515,4.675432504479201e-10,0.09950514136421763,1.0923289293625978e-16,0.0005641932229892926,6.137653998420709e-16
EFT:0.21728910048880218,1.5079746592744898e-06,0.174972959668762,0.4777090111578329,0.029958085655191653,4.67543250447929e-10,0.09950514136421881,1.0923289293626453e-16,0.0005641932229892979,6.137653998420935e-16
Random49
Raw:0.2172891004888041,1.5079746592744762e-06,0.17497295966876386,0.4777090111578286,0.029958085655191598,4.675432504479364e-10,0.09950514136421934,1.0923289293626744e-16,0.0005641932229893008,6.137653998421011e-16
EFT:0.21728910048880218,1.5079746592744898e-06,0.174972959668762,0.4777090111578329,0.029958085655191653,4.67543250447929e-10,0.09950514136421881,1.0923289293626453e-16,0.0005641932229892979,6.137653998420891e-16
Random50
Raw:0.21728910048880168,1.5079746592744674e-06,0.1749729596687619,0.4777090111578343,0.02995808565519148,4.675432504479205e-10,0.09950514136421822,1.0923289293626101e-16,0.000564193222989293,6.1376539984207355e-16
EFT:0.21728910048880218,1.5079746592744898e-06,0.174972959668762,0.4777090111578329,0.029958085655191653,4.67543250447929e-10,0.09950514136421881,1.0923289293626453e-16,0.0005641932229892979,6.137653998420891e-16
Random51
Raw:0.21728910048880268,1.5079746592744769e-06,0.17497295966876272,0.47770901115783143,0.029958085655191615,4.675432504479293e-10,0.09950514136421904,1.0923289293626421e-16,0.0005641932229892975,6.137653998420916e-16
EFT:0.21728910048880218,1.5079746592744898e-06,0.174972959668762,0.4777090111578329,0.029958085655191653,4.67543250447929e-10,0.09950514136421881,1.0923289293626453e-16,0.0005641932229892979,6.137653998420935e-16
Random52
Raw:0.21728910048880296,1.5079746592744627e-06,0.17497295966876292,0.47770901115783115,0.029958085655191598,4.675432504479273e-10,0.09950514136421898,1.0923289293626336e-16,0.0005641932229892978,6.137653998420824e-16
EFT:0.21728910048880218,1.5079746592744898e-06,0.174972959668762,0.4777090111578329,0.029958085655191653,4.67543250447929e-10,0.09950514136421881,1.0923289293626453e-16,0.0005641932229892979,6.137653998420891e-16
Random53
Raw:0.217289100488803,1.5079746592744898e-06,0.17497295966876358,0.47770901115783043,0.029958085655191712,4.675432504479382e-10,0.09950514136421883,1.0923289293626865e-16,0.000564193222989303,6.137653998421078e-16
EFT:0.21728910048880218,1.5079746592744898e-06,0.174972959668762,0.4777090111578329,0.029958085655191653,4.67543250447929e-10,0.09950514136421881,1.0923289293626453e-16,0.0005641932229892979,6.137653998420891e-16
Random54
Raw:0.217289100488802,1.5079746592744856e-06,0.1749729596687625,0.4777090111578325,0.02995808565519163,4.675432504479287e-10,0.0995051413642189,1.0923289293626522e-16,0.0005641932229892964,6.13765399842093e-16
EFT:0.21728910048880218,1.5079746592744898e-06,0.174972959668762,0.4777090111578329,0.029958085655191653,4.67543250447929e-10,0.09950514136421881,1.0923289293626453e-16,0.0005641932229892979,6.137653998420891e-16
Random55
Raw:0.21728910048880246,1.5079746592744674e-06,0.17497295966876256,0.47770901115783176,0.029958085655191532,4.675432504479245e-10,0.09950514136421929,1.0923289293626273e-16,0.0005641932229892966,6.137653998420789e-16
EFT:0.21728910048880218,1.5079746592744898e-06,0.174972959668762,0.4777090111578329,0.029958085655191653,4.67543250447929e-10,0.09950514136421881,1.0923289293626453e-16,0.0005641932229892979,6.137653998420935e-16
Random56
Raw:0.2172891004888019,1.507974659274485e-06,0.17497295966876272,0.47770901115783226,0.029958085655191615,4.675432504479317e-10,0.09950514136421904,1.0923289293626673e-16,0.0005641932229893031,6.13765399842097e-16
EFT:0.21728910048880218,1.5079746592744898e-06,0.174972959668762,0.4777090111578329,0.029958085655191653,4.67543250447929e-10,0.09950514136421881,1.0923289293626453e-16,0.0005641932229892979,6.137653998420891e-16
Random57
Raw:0.21728910048880218,1.507974659274463e-06,0.17497295966876295,0.47770901115783204,0.029958085655191494,4.675432504479283e-10,0.09950514136421881,1.0923289293626357e-16,0.0005641932229892964,6.137653998420836e-16
EFT:0.21728910048880218,1.5079746592744898e-06,0.174972959668762,0.4777090111578329,0.029958085655191653,4.67543250447929e-10,0.09950514136421881,1.0923289293626453e-16,0.0005641932229892979,6.137653998420891e-16
Random58
Raw:0.2172891004888029,1.5079746592744756e-06,0.17497295966876286,0.47770901115783104,0.029958085655191646,4.675432504479289e-10,0.09950514136421913,1.0923289293626412e-16,0.0005641932229892982,6.137653998420868e-16
EFT:0.21728910048880218,1.5079746592744898e-06,0.174972959668762,0.4777090111578329,0.029958085655191653,4.67543250447929e-10,0.09950514136421881,1.0923289293626453e-16,0.0005641932229892979,6.137653998420935e-16
Random59
Raw:0.21728910048880357,1.507974659274494e-06,0.17497295966876378,0.47770901115782916,0.029958085655191685,4.67543250447942e-10,0.09950514136421945,1.0923289293626913e-16,0.0005641932229893014,6.137653998421149e-16
EFT:0.21728910048880218,1.5079746592744898e-06,0.174972959668762,0.4777090111578329,0.029958085655191653,4.67543250447929e-10,0.09950514136421881,1.0923289293626453e-16,0.0005641932229892979,6.137653998420935e-16
Random60
Raw:0.2172891004888021,1.5079746592744729e-06,0.17497295966876256,0.47770901115783265,0.02995808565519164,4.675432504479238e-10,0.09950514136421859,1.0923289293626293e-16,0.0005641932229892949,6.137653998420801e-16
EFT:0.21728910048880218,1.5079746592744898e-06,0.174972959668762,0.4777090111578329,0.029958085655191653,4.67543250447929e-10,0.09950514136421881,1.0923289293626453e-16,0.0005641932229892979,6.137653998420891e-16
Random61
Raw:0.2172891004888021,1.507974659274489e-06,0.17497295966876256,0.47770901115783265,0.02995808565519164,4.675432504479305e-10,0.09950514136421859,1.0923289293626526e-16,0.000564193222989297,6.137653998420975e-16
EFT:0.21728910048880218,1.5079746592744898e-06,0.174972959668762,0.4777090111578329,0.029958085655191653,4.67543250447929e-10,0.09950514136421881,1.0923289293626453e-16,0.0005641932229892979,6.137653998420891e-16
Random62
Raw:0.21728910048880223,1.5079746592744953e-06,0.17497295966876203,0.477709011157833,0.02995808565519166,4.675432504479291e-10,0.09950514136421866,1.0923289293626457e-16,0.0005641932229892974,6.137653998420979e-16
EFT:0.21728910048880218,1.5079746592744898e-06,0.174972959668762,0.4777090111578329,0.029958085655191653,4.67543250447929e-10,0.09950514136421881,1.0923289293626453e-16,0.0005641932229892979,6.137653998420891e-16
Random63
Raw:0.21728910048880237,1.5079746592744722e-06,0.1749729596687625,0.4777090111578325,0.02995808565519163,4.675432504479253e-10,0.09950514136421855,1.0923289293626212e-16,0.0005641932229892973,6.137653998420799e-16
EFT:0.21728910048880218,1.5079746592744898e-06,0.174972959668762,0.4777090111578329,0.029958085655191653,4.67543250447929e-10,0.09950514136421881,1.0923289293626453e-16,0.0005641932229892979,6.137653998420891e-16
Random64
Raw:0.21728910048880212,1.5079746592744892e-06,0.1749729596687616,0.4777090111578336,0.029958085655191594,4.675432504479231e-10,0.0995051413642186,1.0923289293626315e-16,0.0005641932229892941,6.137653998420856e-16
EFT:0.21728910048880218,1.5079746592744898e-06,0.174972959668762,0.4777090111578329,0.029958085655191653,4.67543250447929e-10,0.09950514136421881,1.0923289293626453e-16,0.0005641932229892979,6.137653998420935e-16
Random65
Raw:0.21728910048880332,1.5079746592744868e-06,0.17497295966876356,0.47770901115782943,0.02995808565519165,4.675432504479372e-10,0.09950514136421951,1.0923289293626764e-16,0.0005641932229893022,6.137653998421021e-16
EFT:0.21728910048880218,1.5079746592744898e-06,0.174972959668762,0.4777090111578329,0.029958085655191653,4.67543250447929e-10,0.09950514136421881,1.0923289293626453e-16,0.0005641932229892979,6.137653998420935e-16
Random66
Raw:0.21728910048880187,1.50797465927449e-06,0.17497295966876172,0.4777090111578339,0.02995808565519161,4.675432504479284e-10,0.09950514136421831,1.0923289293626399e-16,0.000564193222989296,6.1376539984209475e-16
EFT:0.21728910048880218,1.5079746592744898e-06,0.174972959668762,0.4777090111578329,0.029958085655191653,4.67543250447929e-10,0.09950514136421881,1.0923289293626453e-16,0.0005641932229892979,6.137653998420935e-16
Random67
Raw:0.21728910048880234,1.5079746592744934e-06,0.17497295966876214,0.4777090111578324,0.029958085655191674,4.675432504479286e-10,0.09950514136421906,1.092328929362652e-16,0.0005641932229892987,6.137653998420971e-16
EFT:0.21728910048880218,1.5079746592744898e-06,0.174972959668762,0.4777090111578329,0.029958085655191653,4.67543250447929e-10,0.09950514136421881,1.0923289293626453e-16,0.0005641932229892979,6.137653998420891e-16
Random68
Raw:0.21728910048880218,1.5079746592744843e-06,0.1749729596687623,0.4777090111578329,0.0299580856551916,4.675432504479273e-10,0.09950514136421863,1.0923289293626376e-16,0.0005641932229892968,6.137653998420891e-16
EFT:0.21728910048880218,1.5079746592744898e-06,0.174972959668762,0.4777090111578329,0.029958085655191653,4.67543250447929e-10,0.09950514136421881,1.0923289293626453e-16,0.0005641932229892979,6.137653998420891e-16
Random69
Raw:0.217289100488802,1.5079746592744722e-06,0.1749729596687625,0.4777090111578325,0.02995808565519152,4.675432504479253e-10,0.0995051413642189,1.0923289293626367e-16,0.0005641932229892958,6.137653998420842e-16
EFT:0.21728910048880218,1.5079746592744898e-06,0.174972959668762,0.4777090111578329,0.029958085655191653,4.67543250447929e-10,0.09950514136421881,1.0923289293626453e-16,0.0005641932229892979,6.137653998420891e-16
Random70
Raw:0.2172891004888029,1.507974659274473e-06,0.17497295966876286,0.47770901115783104,0.029958085655191646,4.675432504479256e-10,0.09950514136421895,1.0923289293626334e-16,0.0005641932229892977,6.137653998420823e-16
EFT:0.21728910048880218,1.5079746592744898e-06,0.174972959668762,0.4777090111578329,0.029958085655191653,4.67543250447929e-10,0.09950514136421881,1.0923289293626453e-16,0.0005641932229892979,6.137653998420891e-16
Random71
Raw:0.21728910048880246,1.5079746592744834e-06,0.17497295966876192,0.47770901115783265,0.029958085655191587,4.675432504479271e-10,0.09950514136421876,1.0923289293626371e-16,0.000564193222989296,6.137653998420888e-16
EFT:0.21728910048880218,1.5079746592744898e-06,0.174972959668762,0.4777090111578329,0.029958085655191653,4.67543250447929e-10,0.09950514136421881,1.0923289293626453e-16,0.0005641932229892979,6.137653998420891e-16
Random72
Raw:0.21728910048880096,1.5079746592744678e-06,0.174972959668761,0.4777090111578361,0.02995808565519159,4.675432504479155e-10,0.09950514136421772,1.0923289293625909e-16,0.0005641932229892916,6.13765399842067e-16
EFT:0.21728910048880218,1.5079746592744898e-06,0.174972959668762,0.4777090111578329,0.029958085655191653,4.67543250447929e-10,0.09950514136421881,1.0923289293626453e-16,0.0005641932229892979,6.137653998420891e-16
Random73
Raw:0.21728910048880132,1.5079746592744784e-06,0.17497295966876164,0.4777090111578352,0.029958085655191587,4.67543250447923e-10,0.09950514136421787,1.092328929362612e-16,0.0005641932229892935,6.13765399842079e-16
EFT:0.21728910048880218,1.5079746592744898e-06,0.174972959668762,0.4777090111578329,0.029958085655191653,4.67543250447929e-10,0.09950514136421881,1.0923289293626453e-16,0.0005641932229892979,6.137653998420891e-16
Random74
Raw:0.21728910048880168,1.507974659274486e-06,0.1749729596687619,0.4777090111578343,0.02995808565519169,4.675432504479288e-10,0.09950514136421805,1.0923289293626409e-16,0.000564193222989294,6.137653998420866e-16
EFT:0.21728910048880218,1.5079746592744898e-06,0.174972959668762,0.4777090111578329,0.029958085655191653,4.67543250447929e-10,0.09950514136421881,1.0923289293626453e-16,0.0005641932229892979,6.137653998420891e-16
Random75
Raw:0.2172891004888018,1.5079746592744707e-06,0.1749729596687623,0.4777090111578337,0.029958085655191546,4.675432504479265e-10,0.09950514136421829,1.092328929362624e-16,0.0005641932229892968,6.137653998420858e-16
EFT:0.21728910048880218,1.5079746592744898e-06,0.174972959668762,0.4777090111578329,0.029958085655191653,4.67543250447929e-10,0.09950514136421881,1.0923289293626453e-16,0.0005641932229892979,6.137653998420891e-16
Random76
Raw:0.21728910048880332,1.507974659274468e-06,0.17497295966876356,0.47770901115782943,0.029958085655191598,4.675432504479273e-10,0.09950514136421969,1.0923289293626376e-16,0.0005641932229892982,6.137653998420847e-16
EFT:0.21728910048880218,1.5079746592744898e-06,0.174972959668762,0.4777090111578329,0.029958085655191653,4.67543250447929e-10,0.09950514136421881,1.0923289293626453e-16,0.0005641932229892979,6.137653998420935e-16
Random77
Raw:0.2172891004888014,1.5079746592745137e-06,0.17497295966876142,0.4777090111578346,0.029958085655191813,4.675432504479273e-10,0.09950514136421827,1.0923289293626493e-16,0.0005641932229892969,6.137653998421e-16
EFT:0.21728910048880218,1.5079746592744898e-06,0.174972959668762,0.4777090111578329,0.029958085655191653,4.67543250447929e-10,0.09950514136421881,1.0923289293626453e-16,0.0005641932229892979,6.137653998420891e-16
Random78
Raw:0.21728910048880304,1.5079746592744794e-06,0.1749729596687627,0.4777090111578314,0.02995808565519156,4.675432504479292e-10,0.09950514136421885,1.092328929362642e-16,0.000564193222989297,6.137653998420915e-16
EFT:0.21728910048880218,1.5079746592744898e-06,0.174972959668762,0.4777090111578329,0.029958085655191653,4.67543250447929e-10,0.09950514136421881,1.0923289293626453e-16,0.0005641932229892979,6.137653998420891e-16
Random79
Raw:0.21728910048880218,1.5079746592744788e-06,0.17497295966876197,0.4777090111578337,0.0299580856551916,4.675432504479248e-10,0.09950514136421809,1.092328929362624e-16,0.0005641932229892937,6.137653998420858e-16
EFT:0.21728910048880218,1.5079746592744898e-06,0.174972959668762,0.4777090111578329,0.029958085655191653,4.67543250447929e-10,0.09950514136421881,1.0923289293626453e-16,0.0005641932229892979,6.137653998420935e-16
Random80
Raw:0.21728910048880157,1.5079746592744961e-06,0.17497295966876122,0.47770901115783493,0.029958085655191622,4.67543250447926e-10,0.09950514136421817,1.0923289293626267e-16,0.0005641932229892957,6.137653998420918e-16
EFT:0.21728910048880218,1.5079746592744898e-06,0.174972959668762,0.4777090111578329,0.029958085655191653,4.67543250447929e-10,0.09950514136421881,1.0923289293626453e-16,0.0005641932229892979,6.137653998420935e-16
Random81
Raw:0.21728910048880307,1.5079746592744824e-06,0.1749729596687633,0.47770901115783054,0.02995808565519161,4.675432504479333e-10,0.09950514136421902,1.0923289293626556e-16,0.0005641932229893011,6.1376539984209475e-16
EFT:0.21728910048880218,1.5079746592744898e-06,0.174972959668762,0.4777090111578329,0.029958085655191653,4.67543250447929e-10,0.09950514136421881,1.0923289293626453e-16,0.0005641932229892979,6.137653998420891e-16
Random82
Raw:0.21728910048880298,1.5079746592744792e-06,0.17497295966876295,0.47770901115783126,0.029958085655191553,4.675432504479324e-10,0.09950514136421883,1.0923289293626495e-16,0.000564193222989299,6.137653998420957e-16
EFT:0.21728910048880218,1.5079746592744898e-06,0.174972959668762,0.4777090111578329,0.029958085655191653,4.67543250447929e-10,0.09950514136421881,1.0923289293626453e-16,0.0005641932229892979,6.137653998420891e-16
Random83
Raw:0.21728910048880223,1.50797465927449e-06,0.17497295966876203,0.477709011157833,0.029958085655191608,4.675432504479274e-10,0.09950514136421866,1.0923289293626457e-16,0.0005641932229892964,6.137653998420892e-16
EFT:0.21728910048880218,1.5079746592744898e-06,0.174972959668762,0.4777090111578329,0.029958085655191653,4.67543250447929e-10,0.09950514136421881,1.0923289293626453e-16,0.0005641932229892979,6.137653998420891e-16
Random84
Raw:0.21728910048880393,1.5079746592744748e-06,0.17497295966876342,0.47770901115782904,0.029958085655191573,4.675432504479368e-10,0.0995051413642196,1.0923289293626755e-16,0.0005641932229892993,6.137653998421017e-16
EFT:0.21728910048880218,1.5079746592744898e-06,0.174972959668762,0.4777090111578329,0.029958085655191653,4.67543250447929e-10,0.09950514136421881,1.0923289293626453e-16,0.0005641932229892979,6.137653998420935e-16
Random85
Raw:0.217289100488802,1.5079746592744697e-06,0.1749729596687625,0.4777090111578325,0.029958085655191577,4.675432504479269e-10,0.0995051413642189,1.092328929362629e-16,0.0005641932229892964,6.137653998420842e-16
EFT:0.21728910048880218,1.5079746592744898e-06,0.174972959668762,0.4777090111578329,0.029958085655191653,4.67543250447929e-10,0.09950514136421881,1.0923289293626453e-16,0.0005641932229892979,6.137653998420891e-16
Random86
Raw:0.2172891004888021,1.5079746592744595e-06,0.17497295966876222,0.47770901115783265,0.029958085655191587,4.675432504479188e-10,0.09950514136421894,1.0923289293626063e-16,0.0005641932229892935,6.137653998420669e-16
EFT:0.21728910048880218,1.5079746592744898e-06,0.174972959668762,0.4777090111578329,0.029958085655191653,4.67543250447929e-10,0.09950514136421881,1.0923289293626453e-16,0.0005641932229892979,6.137653998420891e-16
Random87
Raw:0.21728910048880307,1.5079746592744879e-06,0.17497295966876272,0.47770901115783143,0.02995808565519167,4.675432504479326e-10,0.09950514136421867,1.0923289293626577e-16,0.0005641932229892981,6.137653998420959e-16
EFT:0.21728910048880218,1.5079746592744898e-06,0.174972959668762,0.4777090111578329,0.029958085655191653,4.67543250447929e-10,0.09950514136421881,1.0923289293626453e-16,0.0005641932229892979,6.137653998420891e-16
Random88
Raw:0.2172891004888034,1.5079746592744925e-06,0.17497295966876297,0.47770901115783043,0.02995808565519166,4.675432504479366e-10,0.09950514136421917,1.0923289293626786e-16,0.0005641932229893009,6.137653998421078e-16
EFT:0.21728910048880218,1.5079746592744898e-06,0.174972959668762,0.4777090111578329,0.029958085655191653,4.67543250447929e-10,0.09950514136421881,1.0923289293626453e-16,0.0005641932229892979,6.137653998420891e-16
Random89
Raw:0.2172891004888028,1.5079746592744775e-06,0.17497295966876217,0.4777090111578325,0.02995808565519152,4.675432504479287e-10,0.09950514136421873,1.0923289293626367e-16,0.0005641932229892964,6.137653998420886e-16
EFT:0.21728910048880218,1.5079746592744898e-06,0.174972959668762,0.4777090111578329,0.029958085655191653,4.67543250447929e-10,0.09950514136421881,1.0923289293626453e-16,0.0005641932229892979,6.137653998420935e-16
Random90
Raw:0.2172891004888011,1.5079746592744606e-06,0.17497295966876203,0.4777090111578347,0.029958085655191608,4.675432504479192e-10,0.09950514136421813,1.0923289293625954e-16,0.000564193222989294,6.137653998420696e-16
EFT:0.21728910048880218,1.5079746592744898e-06,0.174972959668762,0.4777090111578329,0.029958085655191653,4.67543250447929e-10,0.09950514136421881,1.0923289293626453e-16,0.0005641932229892979,6.137653998420891e-16
Random91
Raw:0.2172891004888016,1.5079746592744828e-06,0.17497295966876122,0.477709011157835,0.029958085655191626,4.675432504479244e-10,0.09950514136421801,1.0923289293626269e-16,0.0005641932229892943,6.137653998420874e-16
EFT:0.21728910048880218,1.5079746592744898e-06,0.174972959668762,0.4777090111578329,0.029958085655191653,4.67543250447929e-10,0.09950514136421881,1.0923289293626453e-16,0.0005641932229892979,6.137653998420891e-16
Random92
Raw:0.21728910048880157,1.50797465927448e-06,0.17497295966876245,0.4777090111578341,0.029958085655191626,4.675432504479302e-10,0.09950514136421783,1.0923289293626326e-16,0.0005641932229892957,6.13765399842095e-16
EFT:0.21728910048880218,1.5079746592744898e-06,0.174972959668762,0.4777090111578329,0.029958085655191653,4.67543250447929e-10,0.09950514136421881,1.0923289293626453e-16,0.0005641932229892979,6.137653998420891e-16
Random93
Raw:0.21728910048880182,1.5079746592744843e-06,0.174972959668762,0.47770901115783376,0.029958085655191657,4.675432504479265e-10,0.09950514136421829,1.0923289293626397e-16,0.0005641932229892959,6.137653998420858e-16
EFT:0.21728910048880218,1.5079746592744898e-06,0.174972959668762,0.4777090111578329,0.029958085655191653,4.67543250447929e-10,0.09950514136421881,1.0923289293626453e-16,0.0005641932229892979,6.137653998420891e-16
Random94
Raw:0.2172891004888016,1.5079746592744748e-06,0.17497295966876245,0.47770901115783326,0.029958085655191626,4.675432504479243e-10,0.09950514136421854,1.092328929362623e-16,0.0005641932229892962,6.137653998420852e-16
EFT:0.21728910048880218,1.5079746592744898e-06,0.174972959668762,0.4777090111578329,0.029958085655191653,4.67543250447929e-10,0.09950514136421881,1.0923289293626453e-16,0.0005641932229892979,6.137653998420891e-16
Random95
Raw:0.2172891004888017,1.507974659274454e-06,0.17497295966876222,0.4777090111578335,0.02995808565519148,4.675432504479197e-10,0.09950514136421858,1.0923289293626081e-16,0.0005641932229892934,6.13765399842068e-16
EFT:0.21728910048880218,1.5079746592744898e-06,0.174972959668762,0.4777090111578329,0.029958085655191653,4.67543250447929e-10,0.09950514136421881,1.0923289293626453e-16,0.0005641932229892979,6.137653998420935e-16
Random96
Raw:0.2172891004888035,1.5079746592744828e-06,0.17497295966876336,0.4777090111578298,0.029958085655191622,4.67543250447936e-10,0.09950514136421905,1.0923289293626695e-16,0.0005641932229892997,6.137653998421026e-16
EFT:0.21728910048880218,1.5079746592744898e-06,0.174972959668762,0.4777090111578329,0.029958085655191653,4.67543250447929e-10,0.09950514136421881,1.0923289293626453e-16,0.0005641932229892979,6.137653998420935e-16
Random97
Raw:0.21728910048880098,1.5079746592744839e-06,0.17497295966876136,0.4777090111578353,0.029958085655191702,4.675432504479231e-10,0.09950514136421808,1.0923289293626201e-16,0.0005641932229892947,6.137653998420835e-16
EFT:0.21728910048880218,1.5079746592744898e-06,0.174972959668762,0.4777090111578329,0.029958085655191653,4.67543250447929e-10,0.09950514136421881,1.0923289293626453e-16,0.0005641932229892979,6.137653998420891e-16
Random98
Raw:0.21728910048880207,1.5079746592744995e-06,0.1749729596687619,0.4777090111578335,0.02995808565519164,4.675432504479296e-10,0.09950514136421841,1.0923289293626546e-16,0.0005641932229892985,6.137653998420986e-16
EFT:0.21728910048880218,1.5079746592744898e-06,0.174972959668762,0.4777090111578329,0.029958085655191653,4.67543250447929e-10,0.09950514136421881,1.0923289293626453e-16,0.0005641932229892979,6.137653998420891e-16
Random99
Raw:0.2172891004888034,1.5079746592744898e-06,0.17497295966876264,0.47770901115783043,0.02995808565519166,4.67543250447935e-10,0.09950514136421935,1.0923289293626631e-16,0.0005641932229892999,6.137653998420991e-16
EFT:0.21728910048880218,1.5079746592744898e-06,0.174972959668762,0.4777090111578329,0.029958085655191653,4.67543250447929e-10,0.09950514136421881,1.0923289293626453e-16,0.0005641932229892979,6.137653998420891e-16
Random100
Raw:0.21728910048880196,1.5079746592745012e-06,0.1749729596687621,0.4777090111578332,0.029958085655191726,4.67543250447931e-10,0.09950514136421852,1.092328929362654e-16,0.0005641932229892986,6.137653998421026e-16
EFT:0.21728910048880218,1.5079746592744898e-06,0.174972959668762,0.4777090111578329,0.029958085655191653,4.67543250447929e-10,0.09950514136421881,1.0923289293626453e-16,0.0005641932229892979,6.137653998420935e-16
Random101
Raw:0.21728910048880168,1.5079746592744834e-06,0.1749729596687619,0.4777090111578343,0.029958085655191584,4.675432504479254e-10,0.09950514136421805,1.0923289293626254e-16,0.0005641932229892949,6.137653998420866e-16
EFT:0.21728910048880218,1.5079746592744898e-06,0.174972959668762,0.4777090111578329,0.029958085655191653,4.67543250447929e-10,0.09950514136421881,1.0923289293626453e-16,0.0005641932229892979,6.137653998420891e-16
Random102
Raw:0.21728910048880176,1.5079746592744784e-06,0.17497295966876195,0.4777090111578336,0.029958085655191594,4.675432504479264e-10,0.0995051413642186,1.0923289293626315e-16,0.0005641932229892971,6.137653998420856e-16
EFT:0.21728910048880218,1.5079746592744898e-06,0.174972959668762,0.4777090111578329,0.029958085655191653,4.67543250447929e-10,0.09950514136421881,1.0923289293626453e-16,0.0005641932229892979,6.137653998420935e-16
Random103
Raw:0.21728910048880165,1.5079746592744644e-06,0.17497295966876217,0.4777090111578334,0.029958085655191525,4.675432504479212e-10,0.09950514136421874,1.0923289293626233e-16,0.0005641932229892958,6.137653998420724e-16
EFT:0.21728910048880218,1.5079746592744898e-06,0.174972959668762,0.4777090111578329,0.029958085655191653,4.67543250447929e-10,0.09950514136421881,1.0923289293626453e-16,0.0005641932229892979,6.137653998420891e-16
Random104
Raw:0.21728910048880207,1.5079746592744754e-06,0.1749729596687619,0.4777090111578335,0.029958085655191532,4.67543250447923e-10,0.09950514136421858,1.0923289293626235e-16,0.0005641932229892975,6.137653998420811e-16
EFT:0.21728910048880218,1.5079746592744898e-06,0.174972959668762,0.4777090111578329,0.029958085655191653,4.67543250447929e-10,0.09950514136421881,1.0923289293626453e-16,0.0005641932229892979,6.137653998420891e-16
Random105
Raw:0.21728910048880334,1.5079746592744843e-06,0.17497295966876292,0.4777090111578303,0.029958085655191598,4.675432504479331e-10,0.09950514136421934,1.0923289293626628e-16,0.0005641932229892998,6.137653998420989e-16
EFT:0.21728910048880218,1.5079746592744898e-06,0.174972959668762,0.4777090111578329,0.029958085655191653,4.67543250447929e-10,0.09950514136421881,1.0923289293626453e-16,0.0005641932229892979,6.137653998420891e-16
Random106
Raw:0.21728910048880098,1.5079746592744786e-06,0.17497295966876167,0.4777090111578353,0.029958085655191646,4.675432504479198e-10,0.0995051413642179,1.0923289293626045e-16,0.0005641932229892947,6.137653998420748e-16
EFT:0.21728910048880218,1.5079746592744898e-06,0.174972959668762,0.4777090111578329,0.029958085655191653,4.67543250447929e-10,0.09950514136421881,1.0923289293626453e-16,0.0005641932229892979,6.137653998420935e-16
Random107
Raw:0.2172891004888019,1.5079746592744741e-06,0.1749729596687624,0.4777090111578331,0.029958085655191615,4.675432504479259e-10,0.0995051413642185,1.0923289293626303e-16,0.0005641932229892955,6.13765399842085e-16
EFT:0.21728910048880218,1.5079746592744898e-06,0.174972959668762,0.4777090111578329,0.029958085655191653,4.67543250447929e-10,0.09950514136421881,1.0923289293626453e-16,0.0005641932229892979,6.137653998420935e-16
Random108
Raw:0.21728910048880198,1.5079746592744906e-06,0.1749729596687615,0.4777090111578341,0.02995808565519157,4.675432504479251e-10,0.09950514136421854,1.0923289293626326e-16,0.0005641932229892972,6.137653998420863e-16
EFT:0.21728910048880218,1.5079746592744898e-06,0.174972959668762,0.4777090111578329,0.029958085655191653,4.67543250447929e-10,0.09950514136421881,1.0923289293626453e-16,0.0005641932229892979,6.137653998420891e-16
Random109
Raw:0.21728910048880268,1.5079746592744716e-06,0.17497295966876242,0.47770901115783226,0.029958085655191563,4.675432504479285e-10,0.09950514136421851,1.0923289293626362e-16,0.0005641932229892966,6.137653998420883e-16
EFT:0.21728910048880218,1.5079746592744898e-06,0.174972959668762,0.4777090111578329,0.029958085655191653,4.67543250447929e-10,0.09950514136421881,1.0923289293626453e-16,0.0005641932229892979,6.137653998420935e-16
Random110
Raw:0.2172891004888025,1.5079746592744784e-06,0.1749729596687629,0.4777090111578319,0.029958085655191643,4.675432504479312e-10,0.0995051413642186,1.0923289293626431e-16,0.0005641932229892975,6.137653998420965e-16
EFT:0.21728910048880218,1.5079746592744898e-06,0.174972959668762,0.4777090111578329,0.029958085655191653,4.67543250447929e-10,0.09950514136421881,1.0923289293626453e-16,0.0005641932229892979,6.137653998420891e-16
Random111
Raw:0.21728910048880076,1.5079746592744555e-06,0.1749729596687618,0.4777090111578357,0.029958085655191515,4.675432504479184e-10,0.09950514136421763,1.0923289293625978e-16,0.0005641932229892921,6.137653998420709e-16
EFT:0.21728910048880218,1.5079746592744898e-06,0.174972959668762,0.4777090111578329,0.029958085655191653,4.67543250447929e-10,0.09950514136421881,1.0923289293626453e-16,0.0005641932229892979,6.137653998420935e-16
Random112
Raw:0.2172891004888029,1.5079746592744544e-06,0.1749729596687632,0.47770901115783104,0.02995808565519154,4.675432504479239e-10,0.09950514136421895,1.0923289293626179e-16,0.0005641932229892952,6.137653998420736e-16
EFT:0.21728910048880218,1.5079746592744898e-06,0.174972959668762,0.4777090111578329,0.029958085655191653,4.67543250447929e-10,0.09950514136421881,1.0923289293626453e-16,0.0005641932229892979,6.137653998420891e-16
Random113
Raw:0.2172891004888012,1.5079746592744506e-06,0.17497295966876156,0.477709011157835,0.02995808565519152,4.675432504479128e-10,0.09950514136421819,1.0923289293625805e-16,0.0005641932229892913,6.137653998420569e-16
EFT:0.21728910048880218,1.5079746592744898e-06,0.174972959668762,0.4777090111578329,0.029958085655191653,4.67543250447929e-10,0.09950514136421881,1.0923289293626453e-16,0.0005641932229892979,6.137653998420891e-16
Random114
Raw:0.2172891004888028,1.5079746592744697e-06,0.17497295966876308,0.47770901115783165,0.029958085655191577,4.675432504479295e-10,0.09950514136421855,1.0923289293626349e-16,0.0005641932229892983,6.137653998420919e-16
EFT:0.21728910048880218,1.5079746592744898e-06,0.174972959668762,0.4777090111578329,0.029958085655191653,4.67543250447929e-10,0.09950514136421881,1.0923289293626453e-16,0.0005641932229892979,6.137653998420891e-16
Random115
Raw:0.21728910048880026,1.507974659274487e-06,0.17497295966876078,0.47770901115783715,0.02995808565519171,4.675432504479166e-10,0.09950514136421758,1.0923289293625932e-16,0.0005641932229892928,6.137653998420728e-16
EFT:0.21728910048880218,1.5079746592744898e-06,0.174972959668762,0.4777090111578329,0.029958085655191653,4.67543250447929e-10,0.09950514136421881,1.0923289293626453e-16,0.0005641932229892979,6.137653998420891e-16
Random116
Raw:0.21728910048880307,1.5079746592744877e-06,0.1749729596687633,0.47770901115783054,0.029958085655191667,4.675432504479333e-10,0.09950514136421902,1.0923289293626633e-16,0.0005641932229893006,6.137653998420992e-16
EFT:0.21728910048880218,1.5079746592744898e-06,0.174972959668762,0.4777090111578329,0.029958085655191653,4.67543250447929e-10,0.09950514136421881,1.0923289293626453e-16,0.0005641932229892979,6.137653998420891e-16
Random117
Raw:0.2172891004888025,1.5079746592744597e-06,0.17497295966876258,0.4777090111578319,0.02995808565519154,4.67543250447923e-10,0.09950514136421895,1.0923289293626198e-16,0.000564193222989295,6.137653998420791e-16
EFT:0.21728910048880218,1.5079746592744898e-06,0.174972959668762,0.4777090111578329,0.029958085655191653,4.67543250447929e-10,0.09950514136421881,1.0923289293626453e-16,0.0005641932229892979,6.137653998420935e-16
Random118
Raw:0.21728910048880268,1.5079746592744716e-06,0.17497295966876272,0.47770901115783143,0.029958085655191563,4.675432504479276e-10,0.09950514136421922,1.0923289293626421e-16,0.0005641932229892961,6.137653998420828e-16
EFT:0.21728910048880218,1.5079746592744898e-06,0.174972959668762,0.4777090111578329,0.029958085655191653,4.67543250447929e-10,0.09950514136421881,1.0923289293626453e-16,0.0005641932229892979,6.137653998420891e-16
Random119
Raw:0.2172891004888037,1.507974659274468e-06,0.17497295966876356,0.47770901115782943,0.029958085655191542,4.675432504479339e-10,0.09950514136421933,1.0923289293626531e-16,0.0005641932229892987,6.137653998420934e-16
EFT:0.21728910048880218,1.5079746592744898e-06,0.174972959668762,0.4777090111578329,0.029958085655191653,4.67543250447929e-10,0.09950514136421881,1.0923289293626453e-16,0.0005641932229892979,6.137653998420891e-16
Random120
Raw:0.2172891004888032,1.5079746592744834e-06,0.1749729596687625,0.4777090111578309,0.029958085655191632,4.675432504479303e-10,0.09950514136421927,1.0923289293626564e-16,0.0005641932229892988,6.137653998420952e-16
EFT:0.21728910048880218,1.5079746592744898e-06,0.174972959668762,0.4777090111578329,0.029958085655191653,4.67543250447929e-10,0.09950514136421881,1.0923289293626453e-16,0.0005641932229892979,6.137653998420891e-16
Random121
Raw:0.21728910048880243,1.5079746592744671e-06,0.17497295966876253,0.4777090111578326,0.029958085655191584,4.675432504479288e-10,0.0995051413642184,1.0923289293626292e-16,0.0005641932229892959,6.137653998420843e-16
EFT:0.21728910048880218,1.5079746592744898e-06,0.174972959668762,0.4777090111578329,0.029958085655191653,4.67543250447929e-10,0.09950514136421881,1.0923289293626453e-16,0.0005641932229892979,6.137653998420891e-16
Random122
Raw:0.21728910048880146,1.5079746592744873e-06,0.17497295966876145,0.4777090111578347,0.029958085655191608,4.675432504479225e-10,0.0995051413642183,1.0923289293626187e-16,0.0005641932229892959,6.137653998420827e-16
EFT:0.21728910048880218,1.5079746592744898e-06,0.174972959668762,0.4777090111578329,0.029958085655191653,4.67543250447929e-10,0.09950514136421881,1.0923289293626453e-16,0.0005641932229892979,6.137653998420935e-16
Random123
Raw:0.21728910048880237,1.50797465927448e-06,0.17497295966876214,0.47770901115783326,0.029958085655191678,4.67543250447931e-10,0.099505141364218,1.0923289293626308e-16,0.0005641932229892968,6.137653998420896e-16
EFT:0.21728910048880218,1.5079746592744898e-06,0.174972959668762,0.4777090111578329,0.029958085655191653,4.67543250447929e-10,0.09950514136421881,1.0923289293626453e-16,0.0005641932229892979,6.137653998420935e-16
Random124
Raw:0.21728910048880268,1.5079746592744824e-06,0.17497295966876242,0.47770901115783226,0.029958085655191723,4.675432504479267e-10,0.09950514136421851,1.0923289293626362e-16,0.000564193222989296,6.137653998420927e-16
EFT:0.21728910048880218,1.5079746592744898e-06,0.174972959668762,0.4777090111578329,0.029958085655191653,4.67543250447929e-10,0.09950514136421881,1.0923289293626453e-16,0.0005641932229892979,6.137653998420935e-16
Random125
Raw:0.2172891004888019,1.5079746592744608e-06,0.1749729596687624,0.4777090111578331,0.029958085655191508,4.675432504479226e-10,0.09950514136421869,1.092328929362615e-16,0.000564193222989295,6.137653998420806e-16
EFT:0.21728910048880218,1.5079746592744898e-06,0.174972959668762,0.4777090111578329,0.029958085655191653,4.67543250447929e-10,0.09950514136421881,1.0923289293626453e-16,0.0005641932229892979,6.137653998420891e-16
Random126
Raw:0.21728910048880218,1.5079746592744735e-06,0.1749729596687623,0.4777090111578329,0.0299580856551916,4.675432504479257e-10,0.09950514136421845,1.0923289293626376e-16,0.0005641932229892962,6.137653998420891e-16
EFT:0.21728910048880218,1.5079746592744898e-06,0.174972959668762,0.4777090111578329,0.029958085655191653,4.67543250447929e-10,0.09950514136421881,1.0923289293626453e-16,0.0005641932229892979,6.137653998420935e-16
Random127
Raw:0.21728910048880196,1.5079746592744909e-06,0.1749729596687621,0.4777090111578332,0.029958085655191674,4.675432504479276e-10,0.0995051413642187,1.0923289293626384e-16,0.0005641932229892986,6.137653998420895e-16
EFT:0.21728910048880218,1.5079746592744898e-06,0.174972959668762,0.4777090111578329,0.029958085655191653,4.67543250447929e-10,0.09950514136421881,1.0923289293626453e-16,0.0005641932229892979,6.137653998420935e-16
Random128
Raw:0.21728910048880154,1.5079746592744716e-06,0.17497295966876178,0.477709011157834,0.029958085655191563,4.675432504479201e-10,0.09950514136421869,1.0923289293626171e-16,0.0005641932229892956,6.137653998420732e-16
EFT:0.21728910048880218,1.5079746592744898e-06,0.174972959668762,0.4777090111578329,0.029958085655191653,4.67543250447929e-10,0.09950514136421881,1.0923289293626453e-16,0.0005641932229892979,6.137653998420891e-16
Random129
Raw:0.2172891004888032,1.507974659274486e-06,0.1749729596687628,0.4777090111578309,0.029958085655191688,4.675432504479303e-10,0.09950514136421909,1.0923289293626485e-16,0.0005641932229892994,6.137653998420952e-16
EFT:0.21728910048880218,1.5079746592744898e-06,0.174972959668762,0.4777090111578329,0.029958085655191653,4.67543250447929e-10,0.09950514136421881,1.0923289293626453e-16,0.0005641932229892979,6.137653998420891e-16
Random130
Raw:0.21728910048880218,1.5079746592744602e-06,0.17497295966876295,0.47770901115783204,0.029958085655191494,4.675432504479248e-10,0.09950514136421881,1.092328929362628e-16,0.0005641932229892969,6.137653998420793e-16
EFT:0.21728910048880218,1.5079746592744898e-06,0.174972959668762,0.4777090111578329,0.029958085655191653,4.67543250447929e-10,0.09950514136421881,1.0923289293626453e-16,0.0005641932229892979,6.137653998420891e-16
Random131
Raw:0.21728910048880123,1.5079746592744773e-06,0.17497295966876122,0.4777090111578358,0.029958085655191573,4.675432504479203e-10,0.09950514136421766,1.0923289293626058e-16,0.0005641932229892923,6.137653998420754e-16
EFT:0.21728910048880218,1.5079746592744898e-06,0.174972959668762,0.4777090111578329,0.029958085655191653,4.67543250447929e-10,0.09950514136421881,1.0923289293626453e-16,0.0005641932229892979,6.137653998420891e-16
Random132
Raw:0.21728910048880343,1.5079746592744553e-06,0.17497295966876333,0.4777090111578288,0.0299580856551914,4.675432504479317e-10,0.09950514136422062,1.0923289293626594e-16,0.0005641932229893065,6.137653998420882e-16
EFT:0.21728910048880218,1.5079746592744898e-06,0.174972959668762,0.4777090111578329,0.029958085655191653,4.67543250447929e-10,0.09950514136421881,1.0923289293626453e-16,0.0005641932229892979,6.137653998420891e-16
Random133
Raw:0.21728910048880218,1.5079746592744654e-06,0.174972959668762,0.4777090111578329,0.029958085655191546,4.675432504479224e-10,0.09950514136421881,1.092328929362622e-16,0.0005641932229892962,6.13765399842076e-16
EFT:0.21728910048880218,1.5079746592744898e-06,0.174972959668762,0.4777090111578329,0.029958085655191653,4.67543250447929e-10,0.09950514136421881,1.0923289293626453e-16,0.0005641932229892979,6.137653998420891e-16
Random134
Raw:0.21728910048880187,1.5079746592744875e-06,0.17497295966876172,0.4777090111578339,0.029958085655191664,4.675432504479266e-10,0.09950514136421831,1.0923289293626322e-16,0.0005641932229892969,6.137653998420904e-16
EFT:0.21728910048880218,1.5079746592744898e-06,0.174972959668762,0.4777090111578329,0.029958085655191653,4.67543250447929e-10,0.09950514136421881,1.0923289293626453e-16,0.0005641932229892979,6.137653998420891e-16
Random135
Raw:0.21728910048880187,1.5079746592744792e-06,0.17497295966876172,0.4777090111578339,0.029958085655191664,4.675432504479234e-10,0.09950514136421831,1.0923289293626169e-16,0.000564193222989294,6.137653998420816e-16
EFT:0.21728910048880218,1.5079746592744898e-06,0.174972959668762,0.4777090111578329,0.029958085655191653,4.67543250447929e-10,0.09950514136421881,1.0923289293626453e-16,0.0005641932229892979,6.137653998420891e-16
Random136
Raw:0.21728910048880065,1.507974659274471e-06,0.1749729596687614,0.4777090111578363,0.029958085655191657,4.67543250447919e-10,0.09950514136421758,1.0923289293625991e-16,0.0005641932229892929,6.137653998420717e-16
EFT:0.21728910048880218,1.5079746592744898e-06,0.174972959668762,0.4777090111578329,0.029958085655191653,4.67543250447929e-10,0.09950514136421881,1.0923289293626453e-16,0.0005641932229892979,6.137653998420891e-16
Random137
Raw:0.21728910048880168,1.5079746592744834e-06,0.17497295966876159,0.4777090111578343,0.02995808565519169,4.675432504479254e-10,0.09950514136421822,1.0923289293626254e-16,0.000564193222989296,6.137653998420866e-16
EFT:0.21728910048880218,1.5079746592744898e-06,0.174972959668762,0.4777090111578329,0.029958085655191653,4.67543250447929e-10,0.09950514136421881,1.0923289293626453e-16,0.0005641932229892979,6.137653998420935e-16
Random138
Raw:0.21728910048880196,1.507974659274488e-06,0.17497295966876214,0.47770901115783326,0.029958085655191626,4.675432504479261e-10,0.09950514136421854,1.0923289293626386e-16,0.0005641932229892962,6.13765399842094e-16
EFT:0.21728910048880218,1.5079746592744898e-06,0.174972959668762,0.4777090111578329,0.029958085655191653,4.67543250447929e-10,0.09950514136421881,1.0923289293626453e-16,0.0005641932229892979,6.137653998420935e-16
Random139
Raw:0.21728910048880382,1.5079746592744741e-06,0.17497295966876394,0.4777090111578288,0.02995808565519161,4.675432504479351e-10,0.09950514136421938,1.0923289293626594e-16,0.0005641932229892999,6.13765399842097e-16
EFT:0.21728910048880218,1.5079746592744898e-06,0.174972959668762,0.4777090111578329,0.029958085655191653,4.67543250447929e-10,0.09950514136421881,1.0923289293626453e-16,0.0005641932229892979,6.137653998420891e-16
Random140
Raw:0.21728910048880343,1.5079746592744822e-06,0.1749729596687633,0.47770901115782965,0.02995808565519161,4.675432504479375e-10,0.09950514136421956,1.0923289293626769e-16,0.000564193222989301,6.137653998421024e-16
EFT:0.21728910048880218,1.5079746592744898e-06,0.174972959668762,0.4777090111578329,0.029958085655191653,4.67543250447929e-10,0.09950514136421881,1.0923289293626453e-16,0.0005641932229892979,6.137653998420891e-16
Random141
Raw:0.21728910048880343,1.5079746592744741e-06,0.174972959668763,0.47770901115783054,0.02995808565519161,4.675432504479317e-10,0.09950514136421902,1.0923289293626556e-16,0.0005641932229893,6.1376539984209475e-16
EFT:0.21728910048880218,1.5079746592744898e-06,0.174972959668762,0.4777090111578329,0.029958085655191653,4.67543250447929e-10,0.09950514136421881,1.0923289293626453e-16,0.0005641932229892979,6.137653998420891e-16
Random142
Raw:0.21728910048880284,1.50797465927447e-06,0.17497295966876314,0.47770901115783093,0.029958085655191532,4.675432504479304e-10,0.0995051413642191,1.0923289293626487e-16,0.0005641932229893021,6.137653998420909e-16
EFT:0.21728910048880218,1.5079746592744898e-06,0.174972959668762,0.4777090111578329,0.029958085655191653,4.67543250447929e-10,0.09950514136421881,1.0923289293626453e-16,0.0005641932229892979,6.137653998420891e-16
Random143
Raw:0.21728910048880357,1.5079746592744722e-06,0.17497295966876308,0.47770901115782993,0.02995808565519163,4.675432504479294e-10,0.09950514136421926,1.0923289293626465e-16,0.0005641932229892998,6.137653998420853e-16
EFT:0.21728910048880218,1.5079746592744898e-06,0.174972959668762,0.4777090111578329,0.029958085655191653,4.67543250447929e-10,0.09950514136421881,1.0923289293626453e-16,0.0005641932229892979,6.137653998420935e-16
Random144
Raw:0.2172891004888018,1.5079746592744949e-06,0.17497295966876197,0.4777090111578337,0.029958085655191653,4.675432504479298e-10,0.09950514136421845,1.0923289293626473e-16,0.0005641932229892958,6.137653998420989e-16
EFT:0.21728910048880218,1.5079746592744898e-06,0.174972959668762,0.4777090111578329,0.029958085655191653,4.67543250447929e-10,0.09950514136421881,1.0923289293626453e-16,0.0005641932229892979,6.137653998420935e-16
Random145
Raw:0.2172891004888012,1.507974659274467e-06,0.17497295966876156,0.477709011157835,0.029958085655191573,4.675432504479177e-10,0.09950514136421819,1.0923289293626038e-16,0.0005641932229892933,6.1376539984207e-16
EFT:0.21728910048880218,1.5079746592744898e-06,0.174972959668762,0.4777090111578329,0.029958085655191653,4.67543250447929e-10,0.09950514136421881,1.0923289293626453e-16,0.0005641932229892979,6.137653998420935e-16
Random146
Raw:0.21728910048880162,1.5079746592744856e-06,0.17497295966876186,0.4777090111578342,0.029958085655191632,4.675432504479253e-10,0.0995051413642182,1.0923289293626329e-16,0.0005641932229892954,6.137653998420864e-16
EFT:0.21728910048880218,1.5079746592744898e-06,0.174972959668762,0.4777090111578329,0.029958085655191653,4.67543250447929e-10,0.09950514136421881,1.0923289293626453e-16,0.0005641932229892979,6.137653998420891e-16
Random147
Raw:0.2172891004888025,1.5079746592744837e-06,0.17497295966876258,0.4777090111578319,0.029958085655191643,4.675432504479297e-10,0.09950514136421895,1.0923289293626431e-16,0.0005641932229892986,6.137653998420922e-16
EFT:0.21728910048880218,1.5079746592744898e-06,0.174972959668762,0.4777090111578329,0.029958085655191653,4.67543250447929e-10,0.09950514136421881,1.0923289293626453e-16,0.0005641932229892979,6.137653998420891e-16
Random148
Raw:0.21728910048880234,1.5079746592744909e-06,0.17497295966876245,0.4777090111578324,0.029958085655191674,4.675432504479302e-10,0.0995051413642187,1.092328929362652e-16,0.0005641932229892972,6.137653998420971e-16
EFT:0.21728910048880218,1.5079746592744898e-06,0.174972959668762,0.4777090111578329,0.029958085655191653,4.67543250447929e-10,0.09950514136421881,1.0923289293626453e-16,0.0005641932229892979,6.137653998420891e-16
Random149
Raw:0.2172891004888034,1.5079746592744737e-06,0.17497295966876297,0.47770901115783043,0.029958085655191553,4.675432504479299e-10,0.09950514136421917,1.0923289293626476e-16,0.000564193222989298,6.137653998420903e-16
EFT:0.21728910048880218,1.5079746592744898e-06,0.174972959668762,0.4777090111578329,0.029958085655191653,4.67543250447929e-10,0.09950514136421881,1.0923289293626453e-16,0.0005641932229892979,6.137653998420935e-16
Random150
Raw:0.21728910048880246,1.5079746592744862e-06,0.17497295966876222,0.47770901115783265,0.02995808565519164,4.675432504479321e-10,0.09950514136421859,1.0923289293626604e-16,0.0005641932229892975,6.137653998420975e-16
EFT:0.21728910048880218,1.5079746592744898e-06,0.174972959668762,0.4777090111578329,0.029958085655191653,4.67543250447929e-10,0.09950514136421881,1.0923289293626453e-16,0.0005641932229892979,6.137653998420891e-16
Random151
Raw:0.21728910048880196,1.5079746592745014e-06,0.1749729596687615,0.47770901115783326,0.029958085655191678,4.675432504479294e-10,0.09950514136421906,1.0923289293626541e-16,0.0005641932229892978,6.13765399842094e-16
EFT:0.21728910048880218,1.5079746592744898e-06,0.174972959668762,0.4777090111578329,0.029958085655191653,4.67543250447929e-10,0.09950514136421881,1.0923289293626453e-16,0.0005641932229892979,6.137653998420891e-16
Random152
Raw:0.21728910048880215,1.5079746592744733e-06,0.17497295966876228,0.47770901115783276,0.02995808565519154,4.675432504479223e-10,0.09950514136421879,1.0923289293626218e-16,0.0005641932229892961,6.137653998420759e-16
EFT:0.21728910048880218,1.5079746592744898e-06,0.174972959668762,0.4777090111578329,0.029958085655191653,4.67543250447929e-10,0.09950514136421881,1.0923289293626453e-16,0.0005641932229892979,6.137653998420891e-16
Random153
Raw:0.2172891004888032,1.507974659274478e-06,0.1749729596687628,0.4777090111578309,0.02995808565519158,4.675432504479303e-10,0.09950514136421909,1.0923289293626485e-16,0.0005641932229892994,6.137653998420952e-16
EFT:0.21728910048880218,1.5079746592744898e-06,0.174972959668762,0.4777090111578329,0.029958085655191653,4.67543250447929e-10,0.09950514136421881,1.0923289293626453e-16,0.0005641932229892979,6.137653998420935e-16
Random154
Raw:0.21728910048880187,1.5079746592744686e-06,0.17497295966876206,0.4777090111578339,0.029958085655191504,4.675432504479266e-10,0.09950514136421813,1.0923289293626244e-16,0.0005641932229892944,6.137653998420816e-16
EFT:0.21728910048880218,1.5079746592744898e-06,0.174972959668762,0.4777090111578329,0.029958085655191653,4.67543250447929e-10,0.09950514136421881,1.0923289293626453e-16,0.0005641932229892979,6.137653998420891e-16
Random155
Raw:0.21728910048880168,1.5079746592745048e-06,0.17497295966876159,0.4777090111578343,0.02995808565519169,4.675432504479304e-10,0.09950514136421841,1.0923289293626487e-16,0.0005641932229892969,6.137653998420997e-16
EFT:0.21728910048880218,1.5079746592744898e-06,0.174972959668762,0.4777090111578329,0.029958085655191653,4.67543250447929e-10,0.09950514136421881,1.0923289293626453e-16,0.0005641932229892979,6.137653998420891e-16
Random156
Raw:0.2172891004888023,1.5079746592744635e-06,0.17497295966876242,0.47770901115783226,0.029958085655191563,4.675432504479234e-10,0.09950514136421904,1.0923289293626207e-16,0.000564193222989295,6.137653998420752e-16
EFT:0.21728910048880218,1.5079746592744898e-06,0.174972959668762,0.4777090111578329,0.029958085655191653,4.67543250447929e-10,0.09950514136421881,1.0923289293626453e-16,0.0005641932229892979,6.137653998420891e-16
Random157
Raw:0.21728910048880246,1.5079746592744995e-06,0.17497295966876222,0.47770901115783265,0.02995808565519169,4.675432504479337e-10,0.09950514136421841,1.0923289293626683e-16,0.0005641932229892995,6.137653998421063e-16
EFT:0.21728910048880218,1.5079746592744898e-06,0.174972959668762,0.4777090111578329,0.029958085655191653,4.67543250447929e-10,0.09950514136421881,1.0923289293626453e-16,0.0005641932229892979,6.137653998420935e-16
Random158
Raw:0.21728910048880243,1.5079746592744915e-06,0.17497295966876222,0.4777090111578326,0.029958085655191688,4.67543250447932e-10,0.09950514136421858,1.0923289293626525e-16,0.0005641932229892975,6.137653998420974e-16
EFT:0.21728910048880218,1.5079746592744898e-06,0.174972959668762,0.4777090111578329,0.029958085655191653,4.67543250447929e-10,0.09950514136421881,1.0923289293626453e-16,0.0005641932229892979,6.137653998420891e-16
Random159
Raw:0.21728910048880246,1.50797465927447e-06,0.17497295966876222,0.47770901115783265,0.029958085655191532,4.675432504479222e-10,0.09950514136421859,1.092328929362614e-16,0.000564193222989296,6.137653998420801e-16
EFT:0.21728910048880218,1.5079746592744898e-06,0.174972959668762,0.4777090111578329,0.029958085655191653,4.67543250447929e-10,0.09950514136421881,1.0923289293626453e-16,0.0005641932229892979,6.137653998420935e-16
Random160
Raw:0.21728910048880165,1.5079746592744777e-06,0.17497295966876217,0.4777090111578334,0.029958085655191632,4.675432504479229e-10,0.09950514136421874,1.0923289293626233e-16,0.0005641932229892958,6.137653998420809e-16
EFT:0.21728910048880218,1.5079746592744898e-06,0.174972959668762,0.4777090111578329,0.029958085655191653,4.67543250447929e-10,0.09950514136421881,1.0923289293626453e-16,0.0005641932229892979,6.137653998420891e-16
Random161
Raw:0.21728910048880165,1.5079746592744563e-06,0.17497295966876186,0.4777090111578334,0.029958085655191473,4.675432504479162e-10,0.09950514136421909,1.0923289293626001e-16,0.0005641932229892958,6.137653998420636e-16
EFT:0.21728910048880218,1.5079746592744898e-06,0.174972959668762,0.4777090111578329,0.029958085655191653,4.67543250447929e-10,0.09950514136421881,1.0923289293626453e-16,0.0005641932229892979,6.137653998420891e-16
Random162
Raw:0.21728910048880268,1.5079746592744824e-06,0.17497295966876242,0.47770901115783226,0.029958085655191615,4.675432504479267e-10,0.09950514136421869,1.092328929362644e-16,0.0005641932229892975,6.137653998420927e-16
EFT:0.21728910048880218,1.5079746592744898e-06,0.174972959668762,0.4777090111578329,0.029958085655191653,4.67543250447929e-10,0.09950514136421881,1.0923289293626453e-16,0.0005641932229892979,6.137653998420891e-16
Random163
Raw:0.2172891004888023,1.5079746592744741e-06,0.1749729596687624,0.4777090111578331,0.029958085655191615,4.675432504479242e-10,0.09950514136421815,1.0923289293626225e-16,0.0005641932229892941,6.137653998420806e-16
EFT:0.21728910048880218,1.5079746592744898e-06,0.174972959668762,0.4777090111578329,0.029958085655191653,4.67543250447929e-10,0.09950514136421881,1.0923289293626453e-16,0.0005641932229892979,6.137653998420935e-16
Random164
Raw:0.21728910048880323,1.5079746592744726e-06,0.17497295966876283,0.47770901115783093,0.029958085655191584,4.675432504479304e-10,0.09950514136421894,1.0923289293626487e-16,0.000564193222989299,6.137653998420952e-16
EFT:0.21728910048880218,1.5079746592744898e-06,0.174972959668762,0.4777090111578329,0.029958085655191653,4.67543250447929e-10,0.09950514136421881,1.0923289293626453e-16,0.0005641932229892979,6.137653998420891e-16
Random165
Raw:0.2172891004888014,1.5079746592744494e-06,0.174972959668762,0.4777090111578346,0.02995808565519155,4.675432504479174e-10,0.09950514136421794,1.0923289293625952e-16,0.0005641932229892939,6.137653998420652e-16
EFT:0.21728910048880218,1.5079746592744898e-06,0.174972959668762,0.4777090111578329,0.029958085655191653,4.67543250447929e-10,0.09950514136421881,1.0923289293626453e-16,0.0005641932229892979,6.137653998420891e-16
Random166
Raw:0.21728910048880257,1.5079746592744682e-06,0.1749729596687623,0.477709011157832,0.029958085655191546,4.675432504479215e-10,0.09950514136421916,1.0923289293626201e-16,0.0005641932229892957,6.137653998420792e-16
EFT:0.21728910048880218,1.5079746592744898e-06,0.174972959668762,0.4777090111578329,0.029958085655191653,4.67543250447929e-10,0.09950514136421881,1.0923289293626453e-16,0.0005641932229892979,6.137653998420935e-16
Random167
Raw:0.21728910048880185,1.5079746592744631e-06,0.17497295966876236,0.477709011157833,0.029958085655191553,4.675432504479208e-10,0.09950514136421883,1.092328929362607e-16,0.0005641932229892954,6.137653998420761e-16
EFT:0.21728910048880218,1.5079746592744898e-06,0.174972959668762,0.4777090111578329,0.029958085655191653,4.67543250447929e-10,0.09950514136421881,1.0923289293626453e-16,0.0005641932229892979,6.137653998420891e-16
Random168
Raw:0.21728910048880218,1.5079746592744654e-06,0.1749729596687623,0.4777090111578329,0.029958085655191546,4.675432504479224e-10,0.09950514136421863,1.0923289293626145e-16,0.0005641932229892968,6.13765399842076e-16
EFT:0.21728910048880218,1.5079746592744898e-06,0.174972959668762,0.4777090111578329,0.029958085655191653,4.67543250447929e-10,0.09950514136421881,1.0923289293626453e-16,0.0005641932229892979,6.137653998420935e-16
Random169
Raw:0.21728910048880257,1.507974659274476e-06,0.1749729596687623,0.477709011157832,0.029958085655191598,4.675432504479248e-10,0.09950514136421916,1.0923289293626278e-16,0.0005641932229892978,6.137653998420835e-16
EFT:0.21728910048880218,1.5079746592744898e-06,0.174972959668762,0.4777090111578329,0.029958085655191653,4.67543250447929e-10,0.09950514136421881,1.0923289293626453e-16,0.0005641932229892979,6.137653998420891e-16
Random170
Raw:0.21728910048880273,1.5079746592744667e-06,0.17497295966876306,0.47770901115783154,0.02995808565519157,4.675432504479277e-10,0.0995051413642187,1.0923289293626346e-16,0.0005641932229892962,6.13765399842083e-16
EFT:0.21728910048880218,1.5079746592744898e-06,0.174972959668762,0.4777090111578329,0.029958085655191653,4.67543250447929e-10,0.09950514136421881,1.0923289293626453e-16,0.0005641932229892979,6.137653998420891e-16
Random171
Raw:0.21728910048880332,1.5079746592744786e-06,0.1749729596687629,0.47770901115783027,0.029958085655191594,4.675432504479331e-10,0.0995051413642195,1.0923289293626627e-16,0.0005641932229892986,6.137653998420945e-16
EFT:0.21728910048880218,1.5079746592744898e-06,0.174972959668762,0.4777090111578329,0.029958085655191653,4.67543250447929e-10,0.09950514136421881,1.0923289293626453e-16,0.0005641932229892979,6.137653998420935e-16
Random172
Raw:0.2172891004888017,1.5079746592744834e-06,0.17497295966876222,0.4777090111578335,0.02995808565519169,4.675432504479245e-10,0.09950514136421841,1.0923289293626313e-16,0.0005641932229892956,6.137653998420855e-16
EFT:0.21728910048880218,1.5079746592744898e-06,0.174972959668762,0.4777090111578329,0.029958085655191653,4.67543250447929e-10,0.09950514136421881,1.0923289293626453e-16,0.0005641932229892979,6.137653998420891e-16
Random173
Raw:0.2172891004888042,1.5079746592744769e-06,0.17497295966876364,0.4777090111578288,0.029958085655191504,4.675432504479383e-10,0.09950514136421938,1.092328929362675e-16,0.0005641932229893021,6.137653998421057e-16
EFT:0.21728910048880218,1.5079746592744898e-06,0.174972959668762,0.4777090111578329,0.029958085655191653,4.67543250447929e-10,0.09950514136421881,1.0923289293626453e-16,0.0005641932229892979,6.137653998420891e-16
Random174
Raw:0.21728910048880196,1.5079746592744854e-06,0.1749729596687621,0.4777090111578332,0.029958085655191674,4.675432504479276e-10,0.0995051413642187,1.0923289293626462e-16,0.0005641932229892982,6.137653998420939e-16
EFT:0.21728910048880218,1.5079746592744898e-06,0.174972959668762,0.4777090111578329,0.029958085655191653,4.67543250447929e-10,0.09950514136421881,1.0923289293626453e-16,0.0005641932229892979,6.137653998420891e-16
Random175
Raw:0.2172891004888045,1.5079746592744684e-06,0.1749729596687639,0.4777090111578278,0.02995808565519155,4.67543250447939e-10,0.0995051413642197,1.0923289293626727e-16,0.0005641932229893029,6.137653998421001e-16
EFT:0.21728910048880218,1.5079746592744898e-06,0.174972959668762,0.4777090111578329,0.029958085655191653,4.67543250447929e-10,0.09950514136421881,1.0923289293626453e-16,0.0005641932229892979,6.137653998420891e-16
Random176
Raw:0.21728910048880357,1.507974659274459e-06,0.17497295966876378,0.47770901115782916,0.029958085655191473,4.67543250447932e-10,0.09950514136421963,1.0923289293626447e-16,0.0005641932229892995,6.137653998420843e-16
EFT:0.21728910048880218,1.5079746592744898e-06,0.174972959668762,0.4777090111578329,0.029958085655191653,4.67543250447929e-10,0.09950514136421881,1.0923289293626453e-16,0.0005641932229892979,6.137653998420891e-16
Random177
Raw:0.21728910048880282,1.5079746592744699e-06,0.17497295966876344,0.4777090111578309,0.02995808565519158,4.675432504479303e-10,0.09950514136421892,1.0923289293626485e-16,0.0005641932229892985,6.137653998420952e-16
EFT:0.21728910048880218,1.5079746592744898e-06,0.174972959668762,0.4777090111578329,0.029958085655191653,4.67543250447929e-10,0.09950514136421881,1.0923289293626453e-16,0.0005641932229892979,6.137653998420935e-16
Random178
Raw:0.21728910048880098,1.5079746592744758e-06,0.17497295966876167,0.4777090111578353,0.029958085655191487,4.675432504479214e-10,0.09950514136421808,1.0923289293626201e-16,0.0005641932229892936,6.137653998420792e-16
EFT:0.21728910048880218,1.5079746592744898e-06,0.174972959668762,0.4777090111578329,0.029958085655191653,4.67543250447929e-10,0.09950514136421881,1.0923289293626453e-16,0.0005641932229892979,6.137653998420935e-16
Random179
Raw:0.2172891004888015,1.5079746592744875e-06,0.1749729596687615,0.4777090111578348,0.029958085655191615,4.675432504479259e-10,0.09950514136421815,1.0923289293626342e-16,0.0005641932229892966,6.137653998420872e-16
EFT:0.21728910048880218,1.5079746592744898e-06,0.174972959668762,0.4777090111578329,0.029958085655191653,4.67543250447929e-10,0.09950514136421881,1.0923289293626453e-16,0.0005641932229892979,6.137653998420891e-16
Random180
Raw:0.21728910048880182,1.5079746592744735e-06,0.17497295966876142,0.4777090111578346,0.029958085655191497,4.675432504479224e-10,0.09950514136421827,1.0923289293626185e-16,0.0005641932229892933,6.137653998420738e-16
EFT:0.21728910048880218,1.5079746592744898e-06,0.174972959668762,0.4777090111578329,0.029958085655191653,4.67543250447929e-10,0.09950514136421881,1.0923289293626453e-16,0.0005641932229892979,6.137653998420891e-16
Random181
Raw:0.21728910048880284,1.5079746592744752e-06,0.17497295966876314,0.47770901115783093,0.02995808565519169,4.675432504479288e-10,0.09950514136421894,1.0923289293626409e-16,0.0005641932229892995,6.137653998420909e-16
EFT:0.21728910048880218,1.5079746592744898e-06,0.174972959668762,0.4777090111578329,0.029958085655191653,4.67543250447929e-10,0.09950514136421881,1.0923289293626453e-16,0.0005641932229892979,6.137653998420935e-16
Random182
Raw:0.21728910048880568,1.5079746592744788e-06,0.17497295966876542,0.47770901115782355,0.029958085655191598,4.675432504479498e-10,0.09950514136422128,1.0923289293627329e-16,0.0005641932229893078,6.137653998421251e-16
EFT:0.21728910048880218,1.5079746592744898e-06,0.174972959668762,0.4777090111578329,0.029958085655191653,4.67543250447929e-10,0.09950514136421881,1.0923289293626453e-16,0.0005641932229892979,6.137653998420935e-16
Random183
Raw:0.21728910048880265,1.5079746592744794e-06,0.174972959668763,0.4777090111578314,0.02995808565519156,4.675432504479292e-10,0.09950514136421902,1.0923289293626498e-16,0.0005641932229893025,6.137653998420915e-16
EFT:0.21728910048880218,1.5079746592744898e-06,0.174972959668762,0.4777090111578329,0.029958085655191653,4.67543250447929e-10,0.09950514136421881,1.0923289293626453e-16,0.0005641932229892979,6.137653998420891e-16
Random184
Raw:0.2172891004888019,1.5079746592744983e-06,0.17497295966876208,0.4777090111578331,0.029958085655191615,4.675432504479292e-10,0.09950514136421885,1.0923289293626537e-16,0.0005641932229893,6.137653998420981e-16
EFT:0.21728910048880218,1.5079746592744898e-06,0.174972959668762,0.4777090111578329,0.029958085655191653,4.67543250447929e-10,0.09950514136421881,1.0923289293626453e-16,0.0005641932229892979,6.137653998420891e-16
Random185
Raw:0.217289100488803,1.5079746592744847e-06,0.17497295966876328,0.47770901115783043,0.029958085655191605,4.67543250447935e-10,0.09950514136421917,1.0923289293626631e-16,0.0005641932229892988,6.137653998421034e-16
EFT:0.21728910048880218,1.5079746592744898e-06,0.174972959668762,0.4777090111578329,0.029958085655191653,4.67543250447929e-10,0.09950514136421881,1.0923289293626453e-16,0.0005641932229892979,6.137653998420891e-16
Random186
Raw:0.21728910048880187,1.5079746592744792e-06,0.17497295966876142,0.4777090111578339,0.029958085655191556,4.675432504479234e-10,0.09950514136421884,1.0923289293626244e-16,0.0005641932229892955,6.137653998420816e-16
EFT:0.21728910048880218,1.5079746592744898e-06,0.174972959668762,0.4777090111578329,0.029958085655191653,4.67543250447929e-10,0.09950514136421881,1.0923289293626453e-16,0.0005641932229892979,6.137653998420935e-16
Random187
Raw:0.21728910048880218,1.5079746592744843e-06,0.1749729596687623,0.4777090111578329,0.0299580856551916,4.675432504479273e-10,0.09950514136421863,1.0923289293626376e-16,0.0005641932229892958,6.137653998420891e-16
EFT:0.21728910048880218,1.5079746592744898e-06,0.174972959668762,0.4777090111578329,0.029958085655191653,4.67543250447929e-10,0.09950514136421881,1.0923289293626453e-16,0.0005641932229892979,6.137653998420891e-16
Random188
Raw:0.21728910048880187,1.5079746592744525e-06,0.17497295966876172,0.4777090111578339,0.02995808565519161,4.675432504479151e-10,0.09950514136421848,1.0923289293625857e-16,0.00056419322298929,6.137653998420554e-16
EFT:0.21728910048880218,1.5079746592744898e-06,0.174972959668762,0.4777090111578329,0.029958085655191653,4.67543250447929e-10,0.09950514136421881,1.0923289293626453e-16,0.0005641932229892979,6.137653998420891e-16
Random189
Raw:0.21728910048880246,1.5079746592744752e-06,0.17497295966876283,0.47770901115783176,0.029958085655191636,4.675432504479296e-10,0.09950514136421894,1.0923289293626429e-16,0.0005641932229892969,6.13765399842092e-16
EFT:0.21728910048880218,1.5079746592744898e-06,0.174972959668762,0.4777090111578329,0.029958085655191653,4.67543250447929e-10,0.09950514136421881,1.0923289293626453e-16,0.0005641932229892979,6.137653998420891e-16
Random190
Raw:0.21728910048880187,1.5079746592744525e-06,0.17497295966876206,0.4777090111578339,0.029958085655191504,4.675432504479183e-10,0.09950514136421831,1.0923289293626013e-16,0.0005641932229892924,6.137653998420685e-16
EFT:0.21728910048880218,1.5079746592744898e-06,0.174972959668762,0.4777090111578329,0.029958085655191653,4.67543250447929e-10,0.09950514136421881,1.0923289293626453e-16,0.0005641932229892979,6.137653998420935e-16
Random191
Raw:0.21728910048880243,1.5079746592744752e-06,0.17497295966876186,0.4777090111578334,0.029958085655191525,4.675432504479262e-10,0.09950514136421838,1.092328929362631e-16,0.0005641932229892958,6.137653998420853e-16
EFT:0.21728910048880218,1.5079746592744898e-06,0.174972959668762,0.4777090111578329,0.029958085655191653,4.67543250447929e-10,0.09950514136421881,1.0923289293626453e-16,0.0005641932229892979,6.137653998420891e-16
Random192
Raw:0.21728910048880234,1.5079746592744879e-06,0.1749729596687618,0.4777090111578332,0.029958085655191622,4.675432504479294e-10,0.09950514136421852,1.0923289293626462e-16,0.0005641932229892977,6.137653998420939e-16
EFT:0.21728910048880218,1.5079746592744898e-06,0.174972959668762,0.4777090111578329,0.029958085655191653,4.67543250447929e-10,0.09950514136421881,1.0923289293626453e-16,0.0005641932229892979,6.137653998420891e-16
Random193
Raw:0.21728910048880215,1.5079746592744811e-06,0.17497295966876228,0.47770901115783276,0.029958085655191646,4.675432504479256e-10,0.09950514136421862,1.0923289293626373e-16,0.0005641932229892977,6.137653998420889e-16
EFT:0.21728910048880218,1.5079746592744898e-06,0.174972959668762,0.4777090111578329,0.029958085655191653,4.67543250447929e-10,0.09950514136421881,1.0923289293626453e-16,0.0005641932229892979,6.137653998420891e-16
Random194
Raw:0.2172891004888036,1.5079746592744993e-06,0.1749729596687628,0.47770901115783004,0.029958085655191688,4.675432504479412e-10,0.09950514136421929,1.0923289293626855e-16,0.0005641932229893014,6.137653998421203e-16
EFT:0.21728910048880218,1.5079746592744898e-06,0.174972959668762,0.4777090111578329,0.029958085655191653,4.67543250447929e-10,0.09950514136421881,1.0923289293626453e-16,0.0005641932229892979,6.137653998420891e-16
Random195
Raw:0.21728910048880165,1.5079746592744938e-06,0.17497295966876217,0.4777090111578334,0.029958085655191685,4.675432504479311e-10,0.09950514136421855,1.0923289293626543e-16,0.0005641932229892974,6.137653998420984e-16
EFT:0.21728910048880218,1.5079746592744898e-06,0.174972959668762,0.4777090111578329,0.029958085655191653,4.67543250447929e-10,0.09950514136421881,1.0923289293626453e-16,0.0005641932229892979,6.137653998420935e-16
Random196
Raw:0.21728910048880196,1.5079746592744826e-06,0.17497295966876214,0.47770901115783326,0.029958085655191626,4.675432504479277e-10,0.09950514136421854,1.0923289293626386e-16,0.0005641932229892968,6.137653998420896e-16
EFT:0.21728910048880218,1.5079746592744898e-06,0.174972959668762,0.4777090111578329,0.029958085655191653,4.67543250447929e-10,0.09950514136421881,1.0923289293626453e-16,0.0005641932229892979,6.137653998420935e-16
Random197
Raw:0.21728910048880135,1.5079746592744864e-06,0.17497295966876164,0.4777090111578345,0.02995808565519165,4.675432504479256e-10,0.09950514136421844,1.0923289293626335e-16,0.0005641932229892962,6.137653998420868e-16
EFT:0.21728910048880218,1.5079746592744898e-06,0.174972959668762,0.4777090111578329,0.029958085655191653,4.67543250447929e-10,0.09950514136421881,1.0923289293626453e-16,0.0005641932229892979,6.137653998420891e-16
Random198
Raw:0.21728910048880187,1.5079746592744741e-06,0.17497295966876172,0.4777090111578339,0.02995808565519161,4.675432504479217e-10,0.09950514136421831,1.0923289293626091e-16,0.0005641932229892934,6.137653998420773e-16
EFT:0.21728910048880218,1.5079746592744898e-06,0.174972959668762,0.4777090111578329,0.029958085655191653,4.67543250447929e-10,0.09950514136421881,1.0923289293626453e-16,0.0005641932229892979,6.137653998420891e-16
Random199
Raw:0.21728910048880093,1.5079746592744646e-06,0.1749729596687616,0.47770901115783604,0.029958085655191535,4.675432504479172e-10,0.09950514136421752,1.0923289293625907e-16,0.0005641932229892926,6.137653998420713e-16
EFT:0.21728910048880218,1.5079746592744898e-06,0.174972959668762,0.4777090111578329,0.029958085655191653,4.67543250447929e-10,0.09950514136421881,1.0923289293626453e-16,0.0005641932229892979,6.137653998420891e-16
Random200
Raw:0.2172891004888006,1.507974659274473e-06,0.17497295966876195,0.4777090111578353,0.029958085655191594,4.675432504479214e-10,0.09950514136421808,1.0923289293626123e-16,0.0005641932229892936,6.137653998420748e-16
EFT:0.21728910048880218,1.5079746592744898e-06,0.174972959668762,0.4777090111578329,0.029958085655191653,4.67543250447929e-10,0.09950514136421881,1.0923289293626453e-16,0.0005641932229892979,6.137653998420935e-16
Random201
Raw:0.21728910048880157,1.5079746592745014e-06,0.1749729596687615,0.4777090111578341,0.029958085655191678,4.675432504479302e-10,0.0995051413642187,1.092328929362656e-16,0.0005641932229892982,6.137653998420994e-16
EFT:0.21728910048880218,1.5079746592744898e-06,0.174972959668762,0.4777090111578329,0.029958085655191653,4.67543250447929e-10,0.09950514136421881,1.0923289293626453e-16,0.0005641932229892979,6.137653998420891e-16
Random202
Raw:0.21728910048880215,1.5079746592745055e-06,0.1749729596687623,0.477709011157832,0.029958085655191598,4.675432504479331e-10,0.0995051413642195,1.0923289293626744e-16,0.0005641932229893018,6.137653998421011e-16
EFT:0.21728910048880218,1.5079746592744898e-06,0.174972959668762,0.4777090111578329,0.029958085655191653,4.67543250447929e-10,0.09950514136421881,1.0923289293626453e-16,0.0005641932229892979,6.137653998420891e-16
Random203
Raw:0.21728910048880282,1.5079746592744915e-06,0.17497295966876256,0.47770901115783176,0.029958085655191584,4.675432504479329e-10,0.09950514136421874,1.0923289293626584e-16,0.000564193222989299,6.137653998421051e-16
EFT:0.21728910048880218,1.5079746592744898e-06,0.174972959668762,0.4777090111578329,0.029958085655191653,4.67543250447929e-10,0.09950514136421881,1.0923289293626453e-16,0.0005641932229892979,6.137653998420891e-16
Random204
Raw:0.21728910048880218,1.5079746592744735e-06,0.1749729596687623,0.4777090111578329,0.029958085655191546,4.675432504479273e-10,0.09950514136421845,1.0923289293626298e-16,0.0005641932229892958,6.137653998420847e-16
EFT:0.21728910048880218,1.5079746592744898e-06,0.174972959668762,0.4777090111578329,0.029958085655191653,4.67543250447929e-10,0.09950514136421881,1.0923289293626453e-16,0.0005641932229892979,6.137653998420891e-16
Random205
Raw:0.217289100488804,1.5079746592744648e-06,0.1749729596687641,0.47770901115782843,0.029958085655191587,4.675432504479312e-10,0.09950514136421948,1.092328929362643e-16,0.0005641932229892995,6.137653998420921e-16
EFT:0.21728910048880218,1.5079746592744898e-06,0.174972959668762,0.4777090111578329,0.029958085655191653,4.67543250447929e-10,0.09950514136421881,1.0923289293626453e-16,0.0005641932229892979,6.137653998420891e-16
Random206
Raw:0.21728910048880246,1.5079746592744674e-06,0.17497295966876283,0.47770901115783176,0.029958085655191636,4.675432504479279e-10,0.09950514136421894,1.0923289293626351e-16,0.0005641932229892974,6.137653998420832e-16
EFT:0.21728910048880218,1.5079746592744898e-06,0.174972959668762,0.4777090111578329,0.029958085655191653,4.67543250447929e-10,0.09950514136421881,1.0923289293626453e-16,0.0005641932229892979,6.137653998420935e-16
Random207
Raw:0.21728910048880273,1.5079746592744773e-06,0.17497295966876306,0.47770901115783154,0.029958085655191518,4.675432504479344e-10,0.0995051413642187,1.0923289293626501e-16,0.0005641932229893001,6.13765399842096e-16
EFT:0.21728910048880218,1.5079746592744898e-06,0.174972959668762,0.4777090111578329,0.029958085655191653,4.67543250447929e-10,0.09950514136421881,1.0923289293626453e-16,0.0005641932229892979,6.137653998420891e-16
Random208
Raw:0.21728910048880223,1.5079746592744845e-06,0.17497295966876236,0.47770901115783215,0.029958085655191608,4.675432504479266e-10,0.09950514136421919,1.0923289293626437e-16,0.0005641932229892979,6.137653998420881e-16
EFT:0.21728910048880218,1.5079746592744898e-06,0.174972959668762,0.4777090111578329,0.029958085655191653,4.67543250447929e-10,0.09950514136421881,1.0923289293626453e-16,0.0005641932229892979,6.137653998420891e-16
Random209
Raw:0.21728910048880257,1.5079746592744921e-06,0.17497295966876264,0.477709011157832,0.02995808565519165,4.675432504479331e-10,0.0995051413642188,1.0923289293626589e-16,0.0005641932229892987,6.137653998421011e-16
EFT:0.21728910048880218,1.5079746592744898e-06,0.174972959668762,0.4777090111578329,0.029958085655191653,4.67543250447929e-10,0.09950514136421881,1.0923289293626453e-16,0.0005641932229892979,6.137653998420891e-16
Random210
Raw:0.21728910048880223,1.5079746592744765e-06,0.17497295966876236,0.47770901115783215,0.029958085655191556,4.675432504479266e-10,0.09950514136421919,1.092328929362636e-16,0.000564193222989299,6.137653998420881e-16
EFT:0.21728910048880218,1.5079746592744898e-06,0.174972959668762,0.4777090111578329,0.029958085655191653,4.67543250447929e-10,0.09950514136421881,1.0923289293626453e-16,0.0005641932229892979,6.137653998420891e-16
Random211
Raw:0.21728910048880234,1.5079746592744773e-06,0.17497295966876245,0.4777090111578324,0.029958085655191622,4.675432504479268e-10,0.0995051413642187,1.0923289293626365e-16,0.0005641932229892977,6.137653998420884e-16
EFT:0.21728910048880218,1.5079746592744898e-06,0.174972959668762,0.4777090111578329,0.029958085655191653,4.67543250447929e-10,0.09950514136421881,1.0923289293626453e-16,0.0005641932229892979,6.137653998420891e-16
Random212
Raw:0.21728910048880248,1.5079746592744811e-06,0.17497295966876286,0.47770901115783104,0.029958085655191646,4.675432504479289e-10,0.0995051413642195,1.092328929362649e-16,0.0005641932229892977,6.137653998420868e-16
EFT:0.21728910048880218,1.5079746592744898e-06,0.174972959668762,0.4777090111578329,0.029958085655191653,4.67543250447929e-10,0.09950514136421881,1.0923289293626453e-16,0.0005641932229892979,6.137653998420935e-16
Random213
Raw:0.2172891004888021,1.5079746592744807e-06,0.17497295966876222,0.47770901115783265,0.02995808565519164,4.675432504479271e-10,0.09950514136421876,1.0923289293626371e-16,0.0005641932229892975,6.137653998420888e-16
EFT:0.21728910048880218,1.5079746592744898e-06,0.174972959668762,0.4777090111578329,0.029958085655191653,4.67543250447929e-10,0.09950514136421881,1.0923289293626453e-16,0.0005641932229892979,6.137653998420935e-16
Random214
Raw:0.21728910048880282,1.5079746592744699e-06,0.1749729596687631,0.4777090111578309,0.02995808565519158,4.675432504479288e-10,0.09950514136421927,1.0923289293626408e-16,0.0005641932229892988,6.137653998420866e-16
EFT:0.21728910048880218,1.5079746592744898e-06,0.174972959668762,0.4777090111578329,0.029958085655191653,4.67543250447929e-10,0.09950514136421881,1.0923289293626453e-16,0.0005641932229892979,6.137653998420891e-16
Random215
Raw:0.2172891004888021,1.5079746592744754e-06,0.17497295966876222,0.47770901115783265,0.029958085655191587,4.675432504479255e-10,0.09950514136421894,1.0923289293626371e-16,0.000564193222989297,6.137653998420844e-16
EFT:0.21728910048880218,1.5079746592744898e-06,0.174972959668762,0.4777090111578329,0.029958085655191653,4.67543250447929e-10,0.09950514136421881,1.0923289293626453e-16,0.0005641932229892979,6.137653998420935e-16
Random216
Raw:0.2172891004888014,1.507974659274471e-06,0.174972959668762,0.4777090111578346,0.0299580856551916,4.675432504479224e-10,0.09950514136421794,1.0923289293626107e-16,0.0005641932229892948,6.137653998420782e-16
EFT:0.21728910048880218,1.5079746592744898e-06,0.174972959668762,0.4777090111578329,0.029958085655191653,4.67543250447929e-10,0.09950514136421881,1.0923289293626453e-16,0.0005641932229892979,6.137653998420891e-16
Random217
Raw:0.2172891004888033,1.5079746592744866e-06,0.17497295966876258,0.47770901115783104,0.029958085655191646,4.675432504479372e-10,0.09950514136421895,1.0923289293626723e-16,0.0005641932229892991,6.137653998421042e-16
EFT:0.21728910048880218,1.5079746592744898e-06,0.174972959668762,0.4777090111578329,0.029958085655191653,4.67543250447929e-10,0.09950514136421881,1.0923289293626453e-16,0.0005641932229892979,6.137653998420891e-16
Random218
Raw:0.21728910048880176,1.5079746592744517e-06,0.17497295966876164,0.4777090111578345,0.02995808565519149,4.675432504479173e-10,0.09950514136421808,1.0923289293625872e-16,0.0005641932229892921,6.13765399842065e-16
EFT:0.21728910048880218,1.5079746592744898e-06,0.174972959668762,0.4777090111578329,0.029958085655191653,4.67543250447929e-10,0.09950514136421881,1.0923289293626453e-16,0.0005641932229892979,6.137653998420891e-16
Random219
Raw:0.2172891004888019,1.5079746592744716e-06,0.17497295966876272,0.47770901115783226,0.029958085655191615,4.675432504479234e-10,0.09950514136421885,1.0923289293626207e-16,0.000564193222989296,6.137653998420839e-16
EFT:0.21728910048880218,1.5079746592744898e-06,0.174972959668762,0.4777090111578329,0.029958085655191653,4.67543250447929e-10,0.09950514136421881,1.0923289293626453e-16,0.0005641932229892979,6.137653998420891e-16
Random220
Raw:0.217289100488802,1.5079746592744616e-06,0.1749729596687628,0.4777090111578325,0.02995808565519163,4.675432504479269e-10,0.09950514136421855,1.092328929362629e-16,0.0005641932229892964,6.137653998420799e-16
EFT:0.21728910048880218,1.5079746592744898e-06,0.174972959668762,0.4777090111578329,0.029958085655191653,4.67543250447929e-10,0.09950514136421881,1.0923289293626453e-16,0.0005641932229892979,6.137653998420891e-16
Random221
Raw:0.21728910048880246,1.5079746592744834e-06,0.17497295966876192,0.47770901115783265,0.029958085655191587,4.675432504479238e-10,0.09950514136421894,1.0923289293626293e-16,0.0005641932229892955,6.137653998420844e-16
EFT:0.21728910048880218,1.5079746592744898e-06,0.174972959668762,0.4777090111578329,0.029958085655191653,4.67543250447929e-10,0.09950514136421881,1.0923289293626453e-16,0.0005641932229892979,6.137653998420891e-16
Random222
Raw:0.21728910048880162,1.5079746592745019e-06,0.17497295966876153,0.4777090111578342,0.029958085655191737,4.675432504479287e-10,0.09950514136421838,1.0923289293626407e-16,0.0005641932229892973,6.137653998420995e-16
EFT:0.21728910048880218,1.5079746592744898e-06,0.174972959668762,0.4777090111578329,0.029958085655191653,4.67543250447929e-10,0.09950514136421881,1.0923289293626453e-16,0.0005641932229892979,6.137653998420891e-16
Random223
Raw:0.2172891004888024,1.5079746592744722e-06,0.17497295966876308,0.47770901115783165,0.029958085655191577,4.675432504479278e-10,0.09950514136421891,1.0923289293626349e-16,0.0005641932229892968,6.137653998420876e-16
EFT:0.21728910048880218,1.5079746592744898e-06,0.174972959668762,0.4777090111578329,0.029958085655191653,4.67543250447929e-10,0.09950514136421881,1.0923289293626453e-16,0.0005641932229892979,6.137653998420935e-16
Random224
Raw:0.21728910048880234,1.5079746592744826e-06,0.17497295966876214,0.4777090111578324,0.029958085655191622,4.675432504479268e-10,0.09950514136421906,1.0923289293626442e-16,0.0005641932229892982,6.137653998420884e-16
EFT:0.21728910048880218,1.5079746592744898e-06,0.174972959668762,0.4777090111578329,0.029958085655191653,4.67543250447929e-10,0.09950514136421881,1.0923289293626453e-16,0.0005641932229892979,6.137653998420891e-16
Random225
Raw:0.21728910048880243,1.5079746592744887e-06,0.17497295966876222,0.4777090111578326,0.029958085655191636,4.675432504479271e-10,0.09950514136421876,1.092328929362637e-16,0.0005641932229892984,6.137653998420887e-16
EFT:0.21728910048880218,1.5079746592744898e-06,0.174972959668762,0.4777090111578329,0.029958085655191653,4.67543250447929e-10,0.09950514136421881,1.0923289293626453e-16,0.0005641932229892979,6.137653998420891e-16
Random226
Raw:0.21728910048880304,1.5079746592744794e-06,0.1749729596687627,0.4777090111578314,0.029958085655191667,4.675432504479308e-10,0.09950514136421885,1.0923289293626498e-16,0.0005641932229892985,6.137653998420958e-16
EFT:0.21728910048880218,1.5079746592744898e-06,0.174972959668762,0.4777090111578329,0.029958085655191653,4.67543250447929e-10,0.09950514136421881,1.0923289293626453e-16,0.0005641932229892979,6.137653998420935e-16
Random227
Raw:0.21728910048880268,1.5079746592744796e-06,0.17497295966876242,0.47770901115783143,0.029958085655191615,4.675432504479293e-10,0.09950514136421922,1.0923289293626499e-16,0.0005641932229892992,6.137653998420916e-16
EFT:0.21728910048880218,1.5079746592744898e-06,0.174972959668762,0.4777090111578329,0.029958085655191653,4.67543250447929e-10,0.09950514136421881,1.0923289293626453e-16,0.0005641932229892979,6.137653998420935e-16
Random228
Raw:0.2172891004888025,1.507974659274497e-06,0.17497295966876258,0.4777090111578319,0.0299580856551917,4.675432504479347e-10,0.09950514136421877,1.0923289293626664e-16,0.0005641932229893,6.137653998421053e-16
EFT:0.21728910048880218,1.5079746592744898e-06,0.174972959668762,0.4777090111578329,0.029958085655191653,4.67543250447929e-10,0.09950514136421881,1.0923289293626453e-16,0.0005641932229892979,6.137653998420891e-16
Random229
Raw:0.21728910048880118,1.507974659274469e-06,0.1749729596687615,0.4777090111578357,0.02995808565519162,4.675432504479184e-10,0.09950514136421763,1.0923289293625978e-16,0.0005641932229892926,6.137653998420709e-16
EFT:0.21728910048880218,1.5079746592744898e-06,0.174972959668762,0.4777090111578329,0.029958085655191653,4.67543250447929e-10,0.09950514136421881,1.0923289293626453e-16,0.0005641932229892979,6.137653998420891e-16
Random230
Raw:0.21728910048880243,1.507974659274486e-06,0.17497295966876222,0.4777090111578326,0.029958085655191636,4.675432504479288e-10,0.09950514136421876,1.0923289293626447e-16,0.0005641932229892975,6.137653998420931e-16
EFT:0.21728910048880218,1.5079746592744898e-06,0.174972959668762,0.4777090111578329,0.029958085655191653,4.67543250447929e-10,0.09950514136421881,1.0923289293626453e-16,0.0005641932229892979,6.137653998420891e-16
Random231
Raw:0.2172891004888023,1.5079746592744608e-06,0.17497295966876272,0.47770901115783143,0.029958085655191563,4.675432504479242e-10,0.09950514136421938,1.0923289293626188e-16,0.0005641932229892975,6.137653998420785e-16
EFT:0.21728910048880218,1.5079746592744898e-06,0.174972959668762,0.4777090111578329,0.029958085655191653,4.67543250447929e-10,0.09950514136421881,1.0923289293626453e-16,0.0005641932229892979,6.137653998420891e-16
Random232
Raw:0.21728910048880323,1.5079746592744646e-06,0.17497295966876347,0.4777090111578292,0.02995808565519153,4.675432504479303e-10,0.09950514136421999,1.0923289293626604e-16,0.000564193222989302,6.137653998420887e-16
EFT:0.21728910048880218,1.5079746592744898e-06,0.174972959668762,0.4777090111578329,0.029958085655191653,4.67543250447929e-10,0.09950514136421881,1.0923289293626453e-16,0.0005641932229892979,6.137653998420891e-16
Random233
Raw:0.21728910048880265,1.5079746592744822e-06,0.1749729596687633,0.4777090111578314,0.02995808565519161,4.675432504479341e-10,0.09950514136421867,1.0923289293626575e-16,0.0005641932229892995,6.137653998421046e-16
EFT:0.21728910048880218,1.5079746592744898e-06,0.174972959668762,0.4777090111578329,0.029958085655191653,4.67543250447929e-10,0.09950514136421881,1.0923289293626453e-16,0.0005641932229892979,6.137653998420935e-16
Random234
Raw:0.21728910048880196,1.507974659274464e-06,0.17497295966876214,0.47770901115783326,0.029958085655191518,4.675432504479211e-10,0.09950514136421854,1.0923289293626076e-16,0.0005641932229892922,6.137653998420722e-16
EFT:0.21728910048880218,1.5079746592744898e-06,0.174972959668762,0.4777090111578329,0.029958085655191653,4.67543250447929e-10,0.09950514136421881,1.0923289293626453e-16,0.0005641932229892979,6.137653998420891e-16
Random235
Raw:0.21728910048880287,1.5079746592744837e-06,0.17497295966876228,0.4777090111578319,0.02995808565519159,4.675432504479264e-10,0.09950514136421895,1.0923289293626354e-16,0.0005641932229892975,6.137653998420922e-16
EFT:0.21728910048880218,1.5079746592744898e-06,0.174972959668762,0.4777090111578329,0.029958085655191653,4.67543250447929e-10,0.09950514136421881,1.0923289293626453e-16,0.0005641932229892979,6.137653998420935e-16
Random236
Raw:0.21728910048880296,1.5079746592744788e-06,0.17497295966876292,0.47770901115783115,0.029958085655191546,4.67543250447929e-10,0.09950514136421898,1.0923289293626415e-16,0.0005641932229892983,6.137653998420912e-16
EFT:0.21728910048880218,1.5079746592744898e-06,0.174972959668762,0.4777090111578329,0.029958085655191653,4.67543250447929e-10,0.09950514136421881,1.0923289293626453e-16,0.0005641932229892979,6.137653998420935e-16
Random237
Raw:0.21728910048880237,1.5079746592744936e-06,0.17497295966876183,0.47770901115783326,0.02995808565519157,4.675432504479294e-10,0.09950514136421854,1.0923289293626463e-16,0.0005641932229892957,6.13765399842094e-16
EFT:0.21728910048880218,1.5079746592744898e-06,0.174972959668762,0.4777090111578329,0.029958085655191653,4.67543250447929e-10,0.09950514136421881,1.0923289293626453e-16,0.0005641932229892979,6.137653998420891e-16
Random238
Raw:0.21728910048880246,1.5079746592744917e-06,0.17497295966876222,0.47770901115783265,0.02995808565519164,4.675432504479288e-10,0.09950514136421859,1.0923289293626448e-16,0.0005641932229892975,6.137653998420975e-16
EFT:0.21728910048880218,1.5079746592744898e-06,0.174972959668762,0.4777090111578329,0.029958085655191653,4.67543250447929e-10,0.09950514136421881,1.0923289293626453e-16,0.0005641932229892979,6.137653998420891e-16
Random239
Raw:0.21728910048880268,1.507974659274469e-06,0.17497295966876272,0.47770901115783143,0.029958085655191615,4.675432504479293e-10,0.09950514136421904,1.0923289293626421e-16,0.000564193222989297,6.137653998420873e-16
EFT:0.21728910048880218,1.5079746592744898e-06,0.174972959668762,0.4777090111578329,0.029958085655191653,4.67543250447929e-10,0.09950514136421881,1.0923289293626453e-16,0.0005641932229892979,6.137653998420935e-16
Random240
Raw:0.2172891004888029,1.507974659274492e-06,0.1749729596687632,0.47770901115783104,0.0299580856551917,4.675432504479388e-10,0.09950514136421879,1.0923289293626801e-16,0.0005641932229892986,6.137653998421129e-16
EFT:0.21728910048880218,1.5079746592744898e-06,0.174972959668762,0.4777090111578329,0.029958085655191653,4.67543250447929e-10,0.09950514136421881,1.0923289293626453e-16,0.0005641932229892979,6.137653998420891e-16
Random241
Raw:0.21728910048880307,1.5079746592744904e-06,0.17497295966876242,0.47770901115783143,0.029958085655191615,4.675432504479326e-10,0.09950514136421887,1.0923289293626654e-16,0.0005641932229893,6.137653998421004e-16
EFT:0.21728910048880218,1.5079746592744898e-06,0.174972959668762,0.4777090111578329,0.029958085655191653,4.67543250447929e-10,0.09950514136421881,1.0923289293626453e-16,0.0005641932229892979,6.137653998420891e-16
Random242
Raw:0.21728910048880265,1.5079746592744794e-06,0.174972959668763,0.4777090111578314,0.029958085655191667,4.675432504479292e-10,0.09950514136421885,1.092328929362642e-16,0.000564193222989298,6.137653998420915e-16
EFT:0.21728910048880218,1.5079746592744898e-06,0.174972959668762,0.4777090111578329,0.029958085655191653,4.67543250447929e-10,0.09950514136421881,1.0923289293626453e-16,0.0005641932229892979,6.137653998420891e-16
Random243
Raw:0.21728910048880218,1.5079746592744762e-06,0.17497295966876233,0.47770901115783204,0.02995808565519155,4.675432504479248e-10,0.09950514136421934,1.0923289293626357e-16,0.0005641932229892983,6.137653998420836e-16
EFT:0.21728910048880218,1.5079746592744898e-06,0.174972959668762,0.4777090111578329,0.029958085655191653,4.67543250447929e-10,0.09950514136421881,1.0923289293626453e-16,0.0005641932229892979,6.137653998420935e-16
Random244
Raw:0.2172891004888034,1.5079746592744847e-06,0.17497295966876264,0.47770901115783043,0.029958085655191605,4.675432504479316e-10,0.09950514136421935,1.0923289293626553e-16,0.0005641932229892988,6.137653998420947e-16
EFT:0.21728910048880218,1.5079746592744898e-06,0.174972959668762,0.4777090111578329,0.029958085655191653,4.67543250447929e-10,0.09950514136421881,1.0923289293626453e-16,0.0005641932229892979,6.137653998420891e-16
Random245
Raw:0.21728910048880112,1.5079746592744714e-06,0.1749729596687608,0.4777090111578356,0.02995808565519156,4.675432504479151e-10,0.09950514136421848,1.0923289293625974e-16,0.0005641932229892915,6.137653998420621e-16
EFT:0.21728910048880218,1.5079746592744898e-06,0.174972959668762,0.4777090111578329,0.029958085655191653,4.67543250447929e-10,0.09950514136421881,1.0923289293626453e-16,0.0005641932229892979,6.137653998420891e-16
Random246
Raw:0.2172891004888017,1.5079746592744754e-06,0.17497295966876222,0.4777090111578335,0.029958085655191587,4.675432504479245e-10,0.09950514136421858,1.0923289293626235e-16,0.0005641932229892956,6.137653998420855e-16
EFT:0.21728910048880218,1.5079746592744898e-06,0.174972959668762,0.4777090111578329,0.029958085655191653,4.67543250447929e-10,0.09950514136421881,1.0923289293626453e-16,0.0005641932229892979,6.137653998420935e-16
Random247
Raw:0.21728910048880246,1.5079746592744915e-06,0.17497295966876283,0.47770901115783176,0.02995808565519169,4.675432504479362e-10,0.09950514136421874,1.0923289293626739e-16,0.0005641932229892995,6.137653998421094e-16
EFT:0.21728910048880218,1.5079746592744898e-06,0.174972959668762,0.4777090111578329,0.029958085655191653,4.67543250447929e-10,0.09950514136421881,1.0923289293626453e-16,0.0005641932229892979,6.137653998420935e-16
Random248
Raw:0.21728910048880218,1.507974659274463e-06,0.17497295966876295,0.47770901115783204,0.02995808565519155,4.675432504479265e-10,0.09950514136421881,1.092328929362628e-16,0.0005641932229892978,6.137653998420836e-16
EFT:0.21728910048880218,1.5079746592744898e-06,0.174972959668762,0.4777090111578329,0.029958085655191653,4.67543250447929e-10,0.09950514136421881,1.0923289293626453e-16,0.0005641932229892979,6.137653998420891e-16
Random249
Raw:0.21728910048880315,1.5079746592744561e-06,0.17497295966876342,0.47770901115782993,0.029958085655191573,4.675432504479262e-10,0.09950514136421942,1.0923289293626309e-16,0.0005641932229892988,6.137653998420809e-16
EFT:0.21728910048880218,1.5079746592744898e-06,0.174972959668762,0.4777090111578329,0.029958085655191653,4.67543250447929e-10,0.09950514136421881,1.0923289293626453e-16,0.0005641932229892979,6.137653998420891e-16
Random250
Raw:0.21728910048880343,1.5079746592744955e-06,0.1749729596687627,0.47770901115783054,0.029958085655191667,4.675432504479399e-10,0.0995051413642192,1.092328929362679e-16,0.0005641932229893,6.137653998421122e-16
EFT:0.21728910048880218,1.5079746592744898e-06,0.174972959668762,0.4777090111578329,0.029958085655191653,4.67543250447929e-10,0.09950514136421881,1.0923289293626453e-16,0.0005641932229892979,6.137653998420891e-16
Random251
Raw:0.2172891004888018,1.5079746592744576e-06,0.17497295966876264,0.4777090111578329,0.029958085655191546,4.675432504479207e-10,0.09950514136421863,1.0923289293626145e-16,0.0005641932229892958,6.137653998420717e-16
EFT:0.21728910048880218,1.5079746592744898e-06,0.174972959668762,0.4777090111578329,0.029958085655191653,4.67543250447929e-10,0.09950514136421881,1.0923289293626453e-16,0.0005641932229892979,6.137653998420891e-16
Random252
Raw:0.21728910048880215,1.507974659274492e-06,0.17497295966876228,0.47770901115783276,0.029958085655191646,4.675432504479306e-10,0.09950514136421862,1.0923289293626451e-16,0.0005641932229892977,6.137653998420976e-16
EFT:0.21728910048880218,1.5079746592744898e-06,0.174972959668762,0.4777090111578329,0.029958085655191653,4.67543250447929e-10,0.09950514136421881,1.0923289293626453e-16,0.0005641932229892979,6.137653998420891e-16
Random253
Raw:0.21728910048880196,1.5079746592744693e-06,0.17497295966876214,0.47770901115783326,0.029958085655191518,4.675432504479243e-10,0.09950514136421872,1.092328929362623e-16,0.0005641932229892962,6.137653998420808e-16
EFT:0.21728910048880218,1.5079746592744898e-06,0.174972959668762,0.4777090111578329,0.029958085655191653,4.67543250447929e-10,0.09950514136421881,1.0923289293626453e-16,0.0005641932229892979,6.137653998420891e-16
Random254
Raw:0.21728910048880196,1.5079746592744854e-06,0.1749729596687621,0.4777090111578332,0.029958085655191622,4.675432504479276e-10,0.0995051413642187,1.0923289293626384e-16,0.0005641932229892961,6.137653998420895e-16
EFT:0.21728910048880218,1.5079746592744898e-06,0.174972959668762,0.4777090111578329,0.029958085655191653,4.67543250447929e-10,0.09950514136421881,1.0923289293626453e-16,0.0005641932229892979,6.137653998420891e-16
Random255
Raw:0.2172891004888018,1.5079746592744949e-06,0.17497295966876197,0.4777090111578337,0.029958085655191705,4.675432504479298e-10,0.09950514136421845,1.0923289293626473e-16,0.0005641932229892962,6.137653998420989e-16
EFT:0.21728910048880218,1.5079746592744898e-06,0.174972959668762,0.4777090111578329,0.029958085655191653,4.67543250447929e-10,0.09950514136421881,1.0923289293626453e-16,0.0005641932229892979,6.137653998420891e-16
Random256
Raw:0.21728910048880296,1.5079746592744386e-06,0.17497295966876325,0.4777090111578303,0.029958085655191494,4.675432504479214e-10,0.09950514136421951,1.0923289293626087e-16,0.0005641932229892957,6.137653998420684e-16
EFT:0.21728910048880218,1.5079746592744898e-06,0.174972959668762,0.4777090111578329,0.029958085655191653,4.67543250447929e-10,0.09950514136421881,1.0923289293626453e-16,0.0005641932229892979,6.137653998420891e-16
Random257
Raw:0.21728910048880257,1.5079746592744843e-06,0.174972959668762,0.4777090111578329,0.029958085655191546,4.67543250447929e-10,0.09950514136421863,1.0923289293626376e-16,0.0005641932229892968,6.137653998420891e-16
EFT:0.21728910048880218,1.5079746592744898e-06,0.174972959668762,0.4777090111578329,0.029958085655191653,4.67543250447929e-10,0.09950514136421881,1.0923289293626453e-16,0.0005641932229892979,6.137653998420935e-16
Random258
Raw:0.21728910048880343,1.507974659274466e-06,0.174972959668763,0.47770901115783054,0.029958085655191508,4.675432504479285e-10,0.09950514136421902,1.0923289293626323e-16,0.000564193222989297,6.137653998420861e-16
EFT:0.21728910048880218,1.5079746592744898e-06,0.174972959668762,0.4777090111578329,0.029958085655191653,4.67543250447929e-10,0.09950514136421881,1.0923289293626453e-16,0.0005641932229892979,6.137653998420891e-16
Random259
Raw:0.21728910048880146,1.5079746592744955e-06,0.17497295966876145,0.4777090111578347,0.029958085655191716,4.675432504479258e-10,0.09950514136421813,1.092328929362634e-16,0.0005641932229892959,6.137653998420915e-16
EFT:0.21728910048880218,1.5079746592744898e-06,0.174972959668762,0.4777090111578329,0.029958085655191653,4.67543250447929e-10,0.09950514136421881,1.0923289293626453e-16,0.0005641932229892979,6.137653998420935e-16
Random260
Raw:0.2172891004888014,1.507974659274479e-06,0.174972959668762,0.4777090111578346,0.029958085655191657,4.675432504479257e-10,0.09950514136421794,1.092328929362626e-16,0.0005641932229892948,6.137653998420825e-16
EFT:0.21728910048880218,1.5079746592744898e-06,0.174972959668762,0.4777090111578329,0.029958085655191653,4.67543250447929e-10,0.09950514136421881,1.0923289293626453e-16,0.0005641932229892979,6.137653998420891e-16
Random261
Raw:0.21728910048880218,1.5079746592744735e-06,0.1749729596687623,0.4777090111578329,0.029958085655191653,4.67543250447924e-10,0.09950514136421845,1.092328929362622e-16,0.0005641932229892948,6.137653998420847e-16
EFT:0.21728910048880218,1.5079746592744898e-06,0.174972959668762,0.4777090111578329,0.029958085655191653,4.67543250447929e-10,0.09950514136421881,1.0923289293626453e-16,0.0005641932229892979,6.137653998420891e-16
Random262
Raw:0.21728910048880357,1.5079746592744775e-06,0.17497295966876308,0.47770901115782993,0.029958085655191573,4.675432504479328e-10,0.09950514136421942,1.0923289293626697e-16,0.0005641932229892993,6.13765399842094e-16
EFT:0.21728910048880218,1.5079746592744898e-06,0.174972959668762,0.4777090111578329,0.029958085655191653,4.67543250447929e-10,0.09950514136421881,1.0923289293626453e-16,0.0005641932229892979,6.137653998420935e-16
Random263
Raw:0.21728910048880196,1.5079746592744826e-06,0.17497295966876214,0.47770901115783326,0.029958085655191678,4.675432504479277e-10,0.09950514136421854,1.0923289293626386e-16,0.0005641932229892972,6.137653998420896e-16
EFT:0.21728910048880218,1.5079746592744898e-06,0.174972959668762,0.4777090111578329,0.029958085655191653,4.67543250447929e-10,0.09950514136421881,1.0923289293626453e-16,0.0005641932229892979,6.137653998420891e-16
Random264
Raw:0.21728910048880165,1.5079746592744644e-06,0.17497295966876217,0.4777090111578334,0.02995808565519158,4.675432504479229e-10,0.09950514136421874,1.0923289293626156e-16,0.0005641932229892954,6.137653998420767e-16
EFT:0.21728910048880218,1.5079746592744898e-06,0.174972959668762,0.4777090111578329,0.029958085655191653,4.67543250447929e-10,0.09950514136421881,1.0923289293626453e-16,0.0005641932229892979,6.137653998420935e-16
Random265
Raw:0.21728910048880312,1.50797465927448e-06,0.17497295966876247,0.47770901115783154,0.029958085655191622,4.675432504479327e-10,0.0995051413642187,1.0923289293626501e-16,0.0005641932229892972,6.13765399842096e-16
EFT:0.21728910048880218,1.5079746592744898e-06,0.174972959668762,0.4777090111578329,0.029958085655191653,4.67543250447929e-10,0.09950514136421881,1.0923289293626453e-16,0.0005641932229892979,6.137653998420891e-16
Random266
Raw:0.21728910048880237,1.5079746592744885e-06,0.17497295966876217,0.4777090111578325,0.02995808565519163,4.675432504479303e-10,0.0995051413642189,1.0923289293626445e-16,0.0005641932229892978,6.13765399842093e-16
EFT:0.21728910048880218,1.5079746592744898e-06,0.174972959668762,0.4777090111578329,0.029958085655191653,4.67543250447929e-10,0.09950514136421881,1.0923289293626453e-16,0.0005641932229892979,6.137653998420891e-16
Random267
Raw:0.2172891004888014,1.507974659274471e-06,0.174972959668762,0.4777090111578346,0.0299580856551916,4.675432504479224e-10,0.09950514136421794,1.0923289293626107e-16,0.0005641932229892933,6.137653998420782e-16
EFT:0.21728910048880218,1.5079746592744898e-06,0.174972959668762,0.4777090111578329,0.029958085655191653,4.67543250447929e-10,0.09950514136421881,1.0923289293626453e-16,0.0005641932229892979,6.137653998420891e-16
Random268
Raw:0.217289100488802,1.5079746592745019e-06,0.17497295966876186,0.4777090111578334,0.029958085655191737,4.675432504479262e-10,0.09950514136421855,1.0923289293626388e-16,0.0005641932229892964,6.137653998420941e-16
EFT:0.21728910048880218,1.5079746592744898e-06,0.174972959668762,0.4777090111578329,0.029958085655191653,4.67543250447929e-10,0.09950514136421881,1.0923289293626453e-16,0.0005641932229892979,6.137653998420935e-16
Random269
Raw:0.21728910048880168,1.5079746592744618e-06,0.17497295966876253,0.4777090111578326,0.02995808565519153,4.675432504479222e-10,0.09950514136421929,1.0923289293626214e-16,0.0005641932229893,6.137653998420756e-16
EFT:0.21728910048880218,1.5079746592744898e-06,0.174972959668762,0.4777090111578329,0.029958085655191653,4.67543250447929e-10,0.09950514136421881,1.0923289293626453e-16,0.0005641932229892979,6.137653998420891e-16
Random270
Raw:0.21728910048880218,1.5079746592744762e-06,0.17497295966876197,0.4777090111578337,0.029958085655191546,4.675432504479248e-10,0.09950514136421829,1.092328929362624e-16,0.0005641932229892953,6.137653998420814e-16
EFT:0.21728910048880218,1.5079746592744898e-06,0.174972959668762,0.4777090111578329,0.029958085655191653,4.67543250447929e-10,0.09950514136421881,1.0923289293626453e-16,0.0005641932229892979,6.137653998420891e-16
Random271
Raw:0.21728910048880218,1.5079746592744735e-06,0.1749729596687623,0.4777090111578329,0.0299580856551916,4.67543250447924e-10,0.09950514136421863,1.092328929362622e-16,0.0005641932229892948,6.137653998420847e-16
EFT:0.21728910048880218,1.5079746592744898e-06,0.174972959668762,0.4777090111578329,0.029958085655191653,4.67543250447929e-10,0.09950514136421881,1.0923289293626453e-16,0.0005641932229892979,6.137653998420891e-16
Random272
Raw:0.2172891004888032,1.5079746592744752e-06,0.1749729596687628,0.4777090111578309,0.02995808565519158,4.675432504479288e-10,0.09950514136421909,1.0923289293626408e-16,0.0005641932229892985,6.137653998420909e-16
EFT:0.21728910048880218,1.5079746592744898e-06,0.174972959668762,0.4777090111578329,0.029958085655191653,4.67543250447929e-10,0.09950514136421881,1.0923289293626453e-16,0.0005641932229892979,6.137653998420935e-16
Random273
Raw:0.21728910048880265,1.5079746592744767e-06,0.1749729596687627,0.4777090111578314,0.02995808565519161,4.675432504479275e-10,0.0995051413642192,1.092328929362642e-16,0.0005641932229892985,6.137653998420872e-16
EFT:0.21728910048880218,1.5079746592744898e-06,0.174972959668762,0.4777090111578329,0.029958085655191653,4.67543250447929e-10,0.09950514136421881,1.0923289293626453e-16,0.0005641932229892979,6.137653998420891e-16
Random274
Raw:0.21728910048880218,1.5079746592744654e-06,0.1749729596687623,0.4777090111578329,0.0299580856551916,4.67543250447924e-10,0.09950514136421863,1.092328929362622e-16,0.0005641932229892953,6.137653998420804e-16
EFT:0.21728910048880218,1.5079746592744898e-06,0.174972959668762,0.4777090111578329,0.029958085655191653,4.67543250447929e-10,0.09950514136421881,1.0923289293626453e-16,0.0005641932229892979,6.137653998420891e-16
Random275
Raw:0.21728910048880307,1.507974659274493e-06,0.1749729596687621,0.47770901115783143,0.02995808565519167,4.675432504479326e-10,0.09950514136421922,1.0923289293626654e-16,0.0005641932229893,6.137653998421047e-16
EFT:0.21728910048880218,1.5079746592744898e-06,0.174972959668762,0.4777090111578329,0.029958085655191653,4.67543250447929e-10,0.09950514136421881,1.0923289293626453e-16,0.0005641932229892979,6.137653998420891e-16
Random276
Raw:0.21728910048880373,1.5079746592744494e-06,0.17497295966876417,0.4777090111578286,0.029958085655191546,4.67543250447928e-10,0.09950514136421951,1.0923289293626356e-16,0.0005641932229892993,6.137653998420836e-16
EFT:0.21728910048880218,1.5079746592744898e-06,0.174972959668762,0.4777090111578329,0.029958085655191653,4.67543250447929e-10,0.09950514136421881,1.0923289293626453e-16,0.0005641932229892979,6.137653998420891e-16
Random277
Raw:0.21728910048880357,1.507974659274475e-06,0.17497295966876342,0.47770901115782993,0.029958085655191573,4.675432504479345e-10,0.09950514136421908,1.0923289293626542e-16,0.0005641932229892993,6.137653998420984e-16
EFT:0.21728910048880218,1.5079746592744898e-06,0.174972959668762,0.4777090111578329,0.029958085655191653,4.67543250447929e-10,0.09950514136421881,1.0923289293626453e-16,0.0005641932229892979,6.137653998420891e-16
Random278
Raw:0.21728910048880318,1.5079746592744961e-06,0.17497295966876275,0.47770901115783077,0.02995808565519168,4.675432504479385e-10,0.09950514136421924,1.0923289293626795e-16,0.0005641932229893003,6.137653998421125e-16
EFT:0.21728910048880218,1.5079746592744898e-06,0.174972959668762,0.4777090111578329,0.029958085655191653,4.67543250447929e-10,0.09950514136421881,1.0923289293626453e-16,0.0005641932229892979,6.137653998420891e-16
Random279
Raw:0.2172891004888019,1.5079746592744688e-06,0.1749729596687624,0.4777090111578331,0.02995808565519156,4.675432504479242e-10,0.09950514136421869,1.092328929362615e-16,0.0005641932229892955,6.137653998420806e-16
EFT:0.21728910048880218,1.5079746592744898e-06,0.174972959668762,0.4777090111578329,0.029958085655191653,4.67543250447929e-10,0.09950514136421881,1.0923289293626453e-16,0.0005641932229892979,6.137653998420935e-16
Random280
Raw:0.21728910048880118,1.507974659274499e-06,0.17497295966876153,0.47770901115783493,0.029958085655191678,4.675432504479294e-10,0.09950514136421817,1.0923289293626424e-16,0.0005641932229892968,6.137653998421004e-16
EFT:0.21728910048880218,1.5079746592744898e-06,0.174972959668762,0.4777090111578329,0.029958085655191653,4.67543250447929e-10,0.09950514136421881,1.0923289293626453e-16,0.0005641932229892979,6.137653998420935e-16
Random281
Raw:0.2172891004888026,1.507974659274463e-06,0.17497295966876267,0.47770901115783126,0.029958085655191605,4.675432504479224e-10,0.09950514136421935,1.0923289293626261e-16,0.0005641932229892959,6.137653998420783e-16
EFT:0.21728910048880218,1.5079746592744898e-06,0.174972959668762,0.4777090111578329,0.029958085655191653,4.67543250447929e-10,0.09950514136421881,1.0923289293626453e-16,0.0005641932229892979,6.137653998420891e-16
Random282
Raw:0.21728910048880332,1.5079746592744597e-06,0.1749729596687629,0.47770901115783027,0.029958085655191542,4.675432504479265e-10,0.0995051413642195,1.0923289293626472e-16,0.0005641932229892986,6.137653998420813e-16
EFT:0.21728910048880218,1.5079746592744898e-06,0.174972959668762,0.4777090111578329,0.029958085655191653,4.67543250447929e-10,0.09950514136421881,1.0923289293626453e-16,0.0005641932229892979,6.137653998420935e-16
Random283
Raw:0.2172891004888024,1.5079746592744671e-06,0.17497295966876308,0.47770901115783165,0.029958085655191577,4.675432504479262e-10,0.09950514136421891,1.0923289293626271e-16,0.0005641932229892973,6.137653998420831e-16
EFT:0.21728910048880218,1.5079746592744898e-06,0.174972959668762,0.4777090111578329,0.029958085655191653,4.67543250447929e-10,0.09950514136421881,1.0923289293626453e-16,0.0005641932229892979,6.137653998420891e-16
Random284
Raw:0.2172891004888024,1.507974659274491e-06,0.1749729596687625,0.47770901115783165,0.029958085655191577,4.675432504479295e-10,0.09950514136421942,1.0923289293626582e-16,0.0005641932229892998,6.137653998420962e-16
EFT:0.21728910048880218,1.5079746592744898e-06,0.174972959668762,0.4777090111578329,0.029958085655191653,4.67543250447929e-10,0.09950514136421881,1.0923289293626453e-16,0.0005641932229892979,6.137653998420891e-16
Random285
Raw:0.2172891004888014,1.5079746592744813e-06,0.1749729596687623,0.4777090111578337,0.0299580856551916,4.675432504479265e-10,0.09950514136421845,1.0923289293626395e-16,0.0005641932229892962,6.137653998420858e-16
EFT:0.21728910048880218,1.5079746592744898e-06,0.174972959668762,0.4777090111578329,0.029958085655191653,4.67543250447929e-10,0.09950514136421881,1.0923289293626453e-16,0.0005641932229892979,6.137653998420935e-16
Random286
Raw:0.21728910048880296,1.5079746592744654e-06,0.17497295966876292,0.47770901115783115,0.029958085655191494,4.675432504479257e-10,0.09950514136421898,1.0923289293626259e-16,0.0005641932229892962,6.137653998420782e-16
EFT:0.21728910048880218,1.5079746592744898e-06,0.174972959668762,0.4777090111578329,0.029958085655191653,4.67543250447929e-10,0.09950514136421881,1.0923289293626453e-16,0.0005641932229892979,6.137653998420891e-16
Random287
Raw:0.2172891004888035,1.5079746592744665e-06,0.17497295966876336,0.4777090111578298,0.029958085655191462,4.675432504479309e-10,0.09950514136421941,1.0923289293626462e-16,0.0005641932229892982,6.137653998420852e-16
EFT:0.21728910048880218,1.5079746592744898e-06,0.174972959668762,0.4777090111578329,0.029958085655191653,4.67543250447929e-10,0.09950514136421881,1.0923289293626453e-16,0.0005641932229892979,6.137653998420891e-16
Random288
Raw:0.21728910048880187,1.5079746592744792e-06,0.17497295966876172,0.4777090111578339,0.02995808565519161,4.675432504479234e-10,0.09950514136421831,1.0923289293626244e-16,0.0005641932229892965,6.137653998420816e-16
EFT:0.21728910048880218,1.5079746592744898e-06,0.174972959668762,0.4777090111578329,0.029958085655191653,4.67543250447929e-10,0.09950514136421881,1.0923289293626453e-16,0.0005641932229892979,6.137653998420891e-16
Random289
Raw:0.21728910048880318,1.5079746592744722e-06,0.17497295966876275,0.47770901115783077,0.029958085655191573,4.675432504479287e-10,0.09950514136421924,1.0923289293626405e-16,0.0005641932229892987,6.137653998420864e-16
EFT:0.21728910048880218,1.5079746592744898e-06,0.174972959668762,0.4777090111578329,0.029958085655191653,4.67543250447929e-10,0.09950514136421881,1.0923289293626453e-16,0.0005641932229892979,6.137653998420935e-16
Random290
Raw:0.21728910048880304,1.5079746592744633e-06,0.174972959668763,0.4777090111578314,0.02995808565519156,4.675432504479292e-10,0.09950514136421867,1.0923289293626342e-16,0.0005641932229892965,6.137653998420872e-16
EFT:0.21728910048880218,1.5079746592744898e-06,0.174972959668762,0.4777090111578329,0.029958085655191653,4.67543250447929e-10,0.09950514136421881,1.0923289293626453e-16,0.0005641932229892979,6.137653998420891e-16
Random291
Raw:0.21728910048880282,1.5079746592744752e-06,0.1749729596687625,0.4777090111578309,0.02995808565519158,4.675432504479254e-10,0.09950514136421981,1.0923289293626485e-16,0.0005641932229892994,6.137653998420866e-16
EFT:0.21728910048880218,1.5079746592744898e-06,0.174972959668762,0.4777090111578329,0.029958085655191653,4.67543250447929e-10,0.09950514136421881,1.0923289293626453e-16,0.0005641932229892979,6.137653998420891e-16
Random292
Raw:0.2172891004888019,1.5079746592744688e-06,0.17497295966876208,0.4777090111578331,0.029958085655191615,4.675432504479209e-10,0.09950514136421885,1.092328929362615e-16,0.000564193222989296,6.137653998420763e-16
EFT:0.21728910048880218,1.5079746592744898e-06,0.174972959668762,0.4777090111578329,0.029958085655191653,4.67543250447929e-10,0.09950514136421881,1.0923289293626453e-16,0.0005641932229892979,6.137653998420891e-16
Random293
Raw:0.2172891004888015,1.5079746592744741e-06,0.1749729596687615,0.4777090111578348,0.029958085655191615,4.675432504479209e-10,0.09950514136421815,1.0923289293626112e-16,0.0005641932229892941,6.137653998420741e-16
EFT:0.21728910048880218,1.5079746592744898e-06,0.174972959668762,0.4777090111578329,0.029958085655191653,4.67543250447929e-10,0.09950514136421881,1.0923289293626453e-16,0.0005641932229892979,6.137653998420891e-16
Random294
Raw:0.21728910048880296,1.5079746592744843e-06,0.1749729596687626,0.47770901115783115,0.029958085655191653,4.675432504479323e-10,0.09950514136421915,1.092328929362657e-16,0.0005641932229892997,6.137653998420955e-16
EFT:0.21728910048880218,1.5079746592744898e-06,0.174972959668762,0.4777090111578329,0.029958085655191653,4.67543250447929e-10,0.09950514136421881,1.0923289293626453e-16,0.0005641932229892979,6.137653998420891e-16
Random295
Raw:0.2172891004888019,1.5079746592744635e-06,0.17497295966876208,0.4777090111578331,0.02995808565519156,4.675432504479209e-10,0.09950514136421885,1.092328929362615e-16,0.000564193222989297,6.13765399842072e-16
EFT:0.21728910048880218,1.5079746592744898e-06,0.174972959668762,0.4777090111578329,0.029958085655191653,4.67543250447929e-10,0.09950514136421881,1.0923289293626453e-16,0.0005641932229892979,6.137653998420891e-16
Random296
Raw:0.2172891004888023,1.5079746592744741e-06,0.17497295966876242,0.47770901115783226,0.029958085655191563,4.675432504479267e-10,0.09950514136421904,1.0923289293626362e-16,0.0005641932229892975,6.137653998420883e-16
EFT:0.21728910048880218,1.5079746592744898e-06,0.174972959668762,0.4777090111578329,0.029958085655191653,4.67543250447929e-10,0.09950514136421881,1.0923289293626453e-16,0.0005641932229892979,6.137653998420891e-16
Random297
Raw:0.21728910048880234,1.5079746592744798e-06,0.17497295966876245,0.4777090111578324,0.029958085655191622,4.675432504479286e-10,0.0995051413642187,1.0923289293626442e-16,0.0005641932229892977,6.137653998420884e-16
EFT:0.21728910048880218,1.5079746592744898e-06,0.174972959668762,0.4777090111578329,0.029958085655191653,4.67543250447929e-10,0.09950514136421881,1.0923289293626453e-16,0.0005641932229892979,6.137653998420891e-16
Random298
Raw:0.21728910048880257,1.5079746592744707e-06,0.17497295966876264,0.477709011157832,0.029958085655191598,4.675432504479265e-10,0.0995051413642188,1.0923289293626356e-16,0.0005641932229892957,6.137653998420835e-16
EFT:0.21728910048880218,1.5079746592744898e-06,0.174972959668762,0.4777090111578329,0.029958085655191653,4.67543250447929e-10,0.09950514136421881,1.0923289293626453e-16,0.0005641932229892979,6.137653998420891e-16
Random299
Raw:0.21728910048880234,1.5079746592744824e-06,0.1749729596687621,0.4777090111578332,0.029958085655191622,4.675432504479294e-10,0.09950514136421834,1.0923289293626462e-16,0.0005641932229892977,6.137653998420895e-16
EFT:0.21728910048880218,1.5079746592744898e-06,0.174972959668762,0.4777090111578329,0.029958085655191653,4.67543250447929e-10,0.09950514136421881,1.0923289293626453e-16,0.0005641932229892979,6.137653998420891e-16
Random300
Raw:0.2172891004888021,1.50797465927447e-06,0.17497295966876256,0.47770901115783265,0.029958085655191587,4.675432504479255e-10,0.09950514136421859,1.0923289293626216e-16,0.0005641932229892966,6.137653998420801e-16
EFT:0.21728910048880218,1.5079746592744898e-06,0.174972959668762,0.4777090111578329,0.029958085655191653,4.67543250447929e-10,0.09950514136421881,1.0923289293626453e-16,0.0005641932229892979,6.137653998420935e-16
Random301
Raw:0.2172891004888029,1.5079746592744892e-06,0.17497295966876286,0.47770901115783104,0.029958085655191646,4.675432504479338e-10,0.09950514136421895,1.0923289293626568e-16,0.0005641932229893001,6.137653998420999e-16
EFT:0.21728910048880218,1.5079746592744898e-06,0.174972959668762,0.4777090111578329,0.029958085655191653,4.67543250447929e-10,0.09950514136421881,1.0923289293626453e-16,0.0005641932229892979,6.137653998420935e-16
Random302
Raw:0.21728910048880298,1.5079746592744737e-06,0.17497295966876295,0.47770901115783126,0.029958085655191553,4.675432504479307e-10,0.09950514136421883,1.0923289293626418e-16,0.0005641932229892994,6.137653998420914e-16
EFT:0.21728910048880218,1.5079746592744898e-06,0.174972959668762,0.4777090111578329,0.029958085655191653,4.67543250447929e-10,0.09950514136421881,1.0923289293626453e-16,0.0005641932229892979,6.137653998420891e-16
Random303
Raw:0.2172891004888035,1.5079746592744718e-06,0.1749729596687637,0.4777090111578298,0.029958085655191567,4.675432504479344e-10,0.09950514136421887,1.092328929362654e-16,0.0005641932229893003,6.137653998420939e-16
EFT:0.21728910048880218,1.5079746592744898e-06,0.174972959668762,0.4777090111578329,0.029958085655191653,4.67543250447929e-10,0.09950514136421881,1.0923289293626453e-16,0.0005641932229892979,6.137653998420891e-16
Random304
Raw:0.21728910048880132,1.5079746592744862e-06,0.1749729596687613,0.4777090111578352,0.029958085655191587,4.675432504479246e-10,0.09950514136421806,1.0923289293626198e-16,0.0005641932229892941,6.137653998420833e-16
EFT:0.21728910048880218,1.5079746592744898e-06,0.174972959668762,0.4777090111578329,0.029958085655191653,4.67543250447929e-10,0.09950514136421881,1.0923289293626453e-16,0.0005641932229892979,6.137653998420891e-16
Random305
Raw:0.21728910048880123,1.5079746592744991e-06,0.17497295966876186,0.4777090111578342,0.029958085655191737,4.675432504479287e-10,0.09950514136421855,1.0923289293626484e-16,0.0005641932229892968,6.137653998420995e-16
EFT:0.21728910048880218,1.5079746592744898e-06,0.174972959668762,0.4777090111578329,0.029958085655191653,4.67543250447929e-10,0.09950514136421881,1.0923289293626453e-16,0.0005641932229892979,6.137653998420935e-16
Random306
Raw:0.2172891004888019,1.5079746592744635e-06,0.1749729596687624,0.4777090111578331,0.02995808565519156,4.675432504479226e-10,0.09950514136421869,1.092328929362615e-16,0.000564193222989296,6.137653998420763e-16
EFT:0.21728910048880218,1.5079746592744898e-06,0.174972959668762,0.4777090111578329,0.029958085655191653,4.67543250447929e-10,0.09950514136421881,1.0923289293626453e-16,0.0005641932229892979,6.137653998420891e-16
Random307
Raw:0.21728910048880234,1.5079746592744854e-06,0.17497295966876214,0.4777090111578324,0.029958085655191622,4.675432504479268e-10,0.09950514136421906,1.0923289293626442e-16,0.0005641932229892977,6.137653998420884e-16
EFT:0.21728910048880218,1.5079746592744898e-06,0.174972959668762,0.4777090111578329,0.029958085655191653,4.67543250447929e-10,0.09950514136421881,1.0923289293626453e-16,0.0005641932229892979,6.137653998420935e-16
Random308
Raw:0.2172891004888026,1.5079746592744818e-06,0.17497295966876295,0.47770901115783126,0.02995808565519166,4.675432504479324e-10,0.09950514136421901,1.0923289293626573e-16,0.0005641932229892984,6.137653998421002e-16
EFT:0.21728910048880218,1.5079746592744898e-06,0.174972959668762,0.4777090111578329,0.029958085655191653,4.67543250447929e-10,0.09950514136421881,1.0923289293626453e-16,0.0005641932229892979,6.137653998420891e-16
Random309
Raw:0.21728910048880223,1.5079746592744765e-06,0.17497295966876236,0.47770901115783215,0.029958085655191608,4.675432504479249e-10,0.09950514136421919,1.092328929362636e-16,0.0005641932229892965,6.137653998420795e-16
EFT:0.21728910048880218,1.5079746592744898e-06,0.174972959668762,0.4777090111578329,0.029958085655191653,4.67543250447929e-10,0.09950514136421881,1.0923289293626453e-16,0.0005641932229892979,6.137653998420891e-16
Random310
Raw:0.2172891004888028,1.5079746592744722e-06,0.1749729596687625,0.47770901115783165,0.029958085655191577,4.675432504479278e-10,0.09950514136421891,1.0923289293626349e-16,0.0005641932229892964,6.137653998420876e-16
EFT:0.21728910048880218,1.5079746592744898e-06,0.174972959668762,0.4777090111578329,0.029958085655191653,4.67543250447929e-10,0.09950514136421881,1.0923289293626453e-16,0.0005641932229892979,6.137653998420935e-16
Random311
Raw:0.21728910048880218,1.5079746592744813e-06,0.1749729596687623,0.4777090111578329,0.029958085655191653,4.67543250447929e-10,0.09950514136421845,1.0923289293626453e-16,0.0005641932229892958,6.137653998420935e-16
EFT:0.21728910048880218,1.5079746592744898e-06,0.174972959668762,0.4777090111578329,0.029958085655191653,4.67543250447929e-10,0.09950514136421881,1.0923289293626453e-16,0.0005641932229892979,6.137653998420891e-16
Random312
Raw:0.21728910048880193,1.5079746592744877e-06,0.17497295966876178,0.477709011157834,0.029958085655191563,4.675432504479285e-10,0.09950514136421834,1.0923289293626402e-16,0.0005641932229892961,6.137653998420905e-16
EFT:0.21728910048880218,1.5079746592744898e-06,0.174972959668762,0.4777090111578329,0.029958085655191653,4.67543250447929e-10,0.09950514136421881,1.0923289293626453e-16,0.0005641932229892979,6.137653998420891e-16
Random313
Raw:0.2172891004888024,1.5079746592744805e-06,0.1749729596687628,0.47770901115783165,0.02995808565519163,4.67543250447931e-10,0.09950514136421909,1.0923289293626582e-16,0.0005641932229892983,6.137653998420962e-16
EFT:0.21728910048880218,1.5079746592744898e-06,0.174972959668762,0.4777090111578329,0.029958085655191653,4.67543250447929e-10,0.09950514136421881,1.0923289293626453e-16,0.0005641932229892979,6.137653998420935e-16
Random314
Raw:0.2172891004888029,1.5079746592744703e-06,0.17497295966876286,0.47770901115783104,0.02995808565519154,4.675432504479272e-10,0.09950514136421913,1.0923289293626412e-16,0.0005641932229893001,6.137653998420911e-16
EFT:0.21728910048880218,1.5079746592744898e-06,0.174972959668762,0.4777090111578329,0.029958085655191653,4.67543250447929e-10,0.09950514136421881,1.0923289293626453e-16,0.0005641932229892979,6.137653998420891e-16
Random315
Raw:0.2172891004888037,1.5079746592744788e-06,0.17497295966876322,0.47770901115782943,0.029958085655191542,4.675432504479356e-10,0.09950514136421951,1.0923289293626609e-16,0.0005641932229892998,6.137653998421021e-16
EFT:0.21728910048880218,1.5079746592744898e-06,0.174972959668762,0.4777090111578329,0.029958085655191653,4.67543250447929e-10,0.09950514136421881,1.0923289293626453e-16,0.0005641932229892979,6.137653998420935e-16
Random316
Raw:0.2172891004888028,1.5079746592744697e-06,0.1749729596687625,0.4777090111578325,0.02995808565519152,4.675432504479269e-10,0.09950514136421837,1.092328929362629e-16,0.0005641932229892964,6.137653998420842e-16
EFT:0.21728910048880218,1.5079746592744898e-06,0.174972959668762,0.4777090111578329,0.029958085655191653,4.67543250447929e-10,0.09950514136421881,1.0923289293626453e-16,0.0005641932229892979,6.137653998420891e-16
Random317
Raw:0.21728910048880193,1.5079746592744796e-06,0.17497295966876178,0.477709011157834,0.02995808565519167,4.675432504479201e-10,0.09950514136421815,1.0923289293626093e-16,0.0005641932229892935,6.137653998420732e-16
EFT:0.21728910048880218,1.5079746592744898e-06,0.174972959668762,0.4777090111578329,0.029958085655191653,4.67543250447929e-10,0.09950514136421881,1.0923289293626453e-16,0.0005641932229892979,6.137653998420891e-16
Random318
Raw:0.21728910048880246,1.5079746592744729e-06,0.17497295966876192,0.47770901115783265,0.029958085655191532,4.675432504479222e-10,0.09950514136421894,1.0923289293626216e-16,0.0005641932229892949,6.137653998420801e-16
EFT:0.21728910048880218,1.5079746592744898e-06,0.174972959668762,0.4777090111578329,0.029958085655191653,4.67543250447929e-10,0.09950514136421881,1.0923289293626453e-16,0.0005641932229892979,6.137653998420891e-16
Random319
Raw:0.21728910048880296,1.507974659274452e-06,0.17497295966876356,0.4777090111578303,0.029958085655191546,4.675432504479265e-10,0.09950514136421915,1.0923289293626318e-16,0.0005641932229892987,6.137653998420771e-16
EFT:0.21728910048880218,1.5079746592744898e-06,0.174972959668762,0.4777090111578329,0.029958085655191653,4.67543250447929e-10,0.09950514136421881,1.0923289293626453e-16,0.0005641932229892979,6.137653998420891e-16
Random320
Raw:0.2172891004888021,1.507974659274489e-06,0.17497295966876256,0.47770901115783265,0.029958085655191587,4.675432504479321e-10,0.09950514136421859,1.0923289293626604e-16,0.0005641932229892975,6.137653998421019e-16
EFT:0.21728910048880218,1.5079746592744898e-06,0.174972959668762,0.4777090111578329,0.029958085655191653,4.67543250447929e-10,0.09950514136421881,1.0923289293626453e-16,0.0005641932229892979,6.137653998420935e-16
Random321
Raw:0.2172891004888026,1.5079746592744578e-06,0.17497295966876295,0.47770901115783126,0.0299580856551915,4.675432504479274e-10,0.09950514136421917,1.092328929362634e-16,0.0005641932229892964,6.137653998420871e-16
EFT:0.21728910048880218,1.5079746592744898e-06,0.174972959668762,0.4777090111578329,0.029958085655191653,4.67543250447929e-10,0.09950514136421881,1.0923289293626453e-16,0.0005641932229892979,6.137653998420891e-16
Random322
Raw:0.21728910048880176,1.5079746592744733e-06,0.17497295966876225,0.4777090111578336,0.029958085655191646,4.675432504479264e-10,0.09950514136421826,1.0923289293626238e-16,0.0005641932229892957,6.137653998420856e-16
EFT:0.21728910048880218,1.5079746592744898e-06,0.174972959668762,0.4777090111578329,0.029958085655191653,4.67543250447929e-10,0.09950514136421881,1.0923289293626453e-16,0.0005641932229892979,6.137653998420891e-16
Random323
Raw:0.21728910048880246,1.5079746592744674e-06,0.17497295966876283,0.47770901115783176,0.029958085655191584,4.675432504479263e-10,0.09950514136421894,1.0923289293626273e-16,0.0005641932229892969,6.137653998420789e-16
EFT:0.21728910048880218,1.5079746592744898e-06,0.174972959668762,0.4777090111578329,0.029958085655191653,4.67543250447929e-10,0.09950514136421881,1.0923289293626453e-16,0.0005641932229892979,6.137653998420891e-16
Random324
Raw:0.2172891004888021,1.507974659274449e-06,0.17497295966876317,0.4777090111578319,0.029958085655191483,4.675432504479246e-10,0.09950514136421895,1.0923289293626198e-16,0.0005641932229892986,6.137653998420704e-16
EFT:0.21728910048880218,1.5079746592744898e-06,0.174972959668762,0.4777090111578329,0.029958085655191653,4.67543250447929e-10,0.09950514136421881,1.0923289293626453e-16,0.0005641932229892979,6.137653998420935e-16
Random325
Raw:0.2172891004888032,1.507974659274478e-06,0.1749729596687631,0.4777090111578309,0.02995808565519158,4.67543250447932e-10,0.09950514136421892,1.0923289293626485e-16,0.0005641932229892994,6.137653998420952e-16
EFT:0.21728910048880218,1.5079746592744898e-06,0.174972959668762,0.4777090111578329,0.029958085655191653,4.67543250447929e-10,0.09950514136421881,1.0923289293626453e-16,0.0005641932229892979,6.137653998420891e-16
Random326
Raw:0.2172891004888017,1.5079746592744754e-06,0.17497295966876253,0.4777090111578335,0.029958085655191587,4.675432504479263e-10,0.09950514136421823,1.0923289293626313e-16,0.0005641932229892956,6.137653998420899e-16
EFT:0.21728910048880218,1.5079746592744898e-06,0.174972959668762,0.4777090111578329,0.029958085655191653,4.67543250447929e-10,0.09950514136421881,1.0923289293626453e-16,0.0005641932229892979,6.137653998420935e-16
Random327
Raw:0.21728910048880265,1.5079746592744688e-06,0.174972959668763,0.4777090111578314,0.02995808565519161,4.675432504479275e-10,0.09950514136421902,1.0923289293626342e-16,0.000564193222989297,6.137653998420872e-16
EFT:0.21728910048880218,1.5079746592744898e-06,0.174972959668762,0.4777090111578329,0.029958085655191653,4.67543250447929e-10,0.09950514136421881,1.0923289293626453e-16,0.0005641932229892979,6.137653998420935e-16
Random328
Raw:0.2172891004888028,1.5079746592744775e-06,0.1749729596687625,0.47770901115783165,0.029958085655191577,4.675432504479295e-10,0.09950514136421891,1.0923289293626426e-16,0.0005641932229892983,6.137653998420919e-16
EFT:0.21728910048880218,1.5079746592744898e-06,0.174972959668762,0.4777090111578329,0.029958085655191653,4.67543250447929e-10,0.09950514136421881,1.0923289293626453e-16,0.0005641932229892979,6.137653998420891e-16
Random329
Raw:0.2172891004888015,1.5079746592744904e-06,0.1749729596687615,0.4777090111578348,0.029958085655191615,4.675432504479259e-10,0.09950514136421815,1.0923289293626342e-16,0.0005641932229892956,6.137653998420916e-16
EFT:0.21728910048880218,1.5079746592744898e-06,0.174972959668762,0.4777090111578329,0.029958085655191653,4.67543250447929e-10,0.09950514136421881,1.0923289293626453e-16,0.0005641932229892979,6.137653998420891e-16
Random330
Raw:0.21728910048880132,1.50797465927447e-06,0.17497295966876222,0.4777090111578344,0.029958085655191535,4.675432504479222e-10,0.09950514136421806,1.0923289293626102e-16,0.0005641932229892966,6.137653998420736e-16
EFT:0.21728910048880218,1.5079746592744898e-06,0.174972959668762,0.4777090111578329,0.029958085655191653,4.67543250447929e-10,0.09950514136421881,1.0923289293626453e-16,0.0005641932229892979,6.137653998420891e-16
Random331
Raw:0.21728910048880218,1.5079746592744788e-06,0.17497295966876264,0.47770901115783204,0.0299580856551916,4.675432504479283e-10,0.099505141364219,1.0923289293626435e-16,0.0005641932229892988,6.13765399842088e-16
EFT:0.21728910048880218,1.5079746592744898e-06,0.174972959668762,0.4777090111578329,0.029958085655191653,4.67543250447929e-10,0.09950514136421881,1.0923289293626453e-16,0.0005641932229892979,6.137653998420891e-16
Random332
Raw:0.21728910048880234,1.5079746592744824e-06,0.1749729596687621,0.4777090111578332,0.029958085655191567,4.675432504479294e-10,0.09950514136421834,1.0923289293626384e-16,0.0005641932229892956,6.137653998420895e-16
EFT:0.21728910048880218,1.5079746592744898e-06,0.174972959668762,0.4777090111578329,0.029958085655191653,4.67543250447929e-10,0.09950514136421881,1.0923289293626453e-16,0.0005641932229892979,6.137653998420935e-16
Random333
Raw:0.21728910048880096,1.507974659274505e-06,0.17497295966876164,0.4777090111578352,0.029958085655191747,4.675432504479296e-10,0.09950514136421806,1.0923289293626508e-16,0.000564193222989296,6.137653998420964e-16
EFT:0.21728910048880218,1.5079746592744898e-06,0.174972959668762,0.4777090111578329,0.029958085655191653,4.67543250447929e-10,0.09950514136421881,1.0923289293626453e-16,0.0005641932229892979,6.137653998420935e-16
Random334
Raw:0.21728910048880246,1.5079746592744887e-06,0.17497295966876256,0.47770901115783176,0.02995808565519169,4.675432504479296e-10,0.0995051413642191,1.0923289293626506e-16,0.0005641932229892985,6.137653998420963e-16
EFT:0.21728910048880218,1.5079746592744898e-06,0.174972959668762,0.4777090111578329,0.029958085655191653,4.67543250447929e-10,0.09950514136421881,1.0923289293626453e-16,0.0005641932229892979,6.137653998420891e-16
Random335
Raw:0.21728910048880196,1.5079746592744722e-06,0.17497295966876183,0.47770901115783326,0.02995808565519157,4.675432504479243e-10,0.0995051413642189,1.092328929362623e-16,0.0005641932229892947,6.137653998420808e-16
EFT:0.21728910048880218,1.5079746592744898e-06,0.174972959668762,0.4777090111578329,0.029958085655191653,4.67543250447929e-10,0.09950514136421881,1.0923289293626453e-16,0.0005641932229892979,6.137653998420891e-16
Random336
Raw:0.21728910048880257,1.5079746592744843e-06,0.17497295966876295,0.47770901115783204,0.0299580856551916,4.675432504479315e-10,0.09950514136421847,1.0923289293626513e-16,0.0005641932229893008,6.137653998421012e-16
EFT:0.21728910048880218,1.5079746592744898e-06,0.174972959668762,0.4777090111578329,0.029958085655191653,4.67543250447929e-10,0.09950514136421881,1.0923289293626453e-16,0.0005641932229892979,6.137653998420891e-16
Random337
Raw:0.21728910048880115,1.5079746592744608e-06,0.17497295966876175,0.4777090111578348,0.029958085655191456,4.675432504479176e-10,0.09950514136421833,1.0923289293625957e-16,0.0005641932229892941,6.137653998420655e-16
EFT:0.21728910048880218,1.5079746592744898e-06,0.174972959668762,0.4777090111578329,0.029958085655191653,4.67543250447929e-10,0.09950514136421881,1.0923289293626453e-16,0.0005641932229892979,6.137653998420891e-16
Random338
Raw:0.21728910048880157,1.5079746592744748e-06,0.1749729596687618,0.4777090111578341,0.029958085655191626,4.675432504479169e-10,0.09950514136421836,1.0923289293626018e-16,0.0005641932229892933,6.137653998420733e-16
EFT:0.21728910048880218,1.5079746592744898e-06,0.174972959668762,0.4777090111578329,0.029958085655191653,4.67543250447929e-10,0.09950514136421881,1.0923289293626453e-16,0.0005641932229892979,6.137653998420891e-16
Random339
Raw:0.21728910048880315,1.5079746592744775e-06,0.17497295966876342,0.47770901115782993,0.029958085655191573,4.675432504479361e-10,0.09950514136421942,1.0923289293626775e-16,0.0005641932229893018,6.137653998421027e-16
EFT:0.21728910048880218,1.5079746592744898e-06,0.174972959668762,0.4777090111578329,0.029958085655191653,4.67543250447929e-10,0.09950514136421881,1.0923289293626453e-16,0.0005641932229892979,6.137653998420891e-16
Random340
Raw:0.21728910048880196,1.5079746592744693e-06,0.17497295966876214,0.47770901115783326,0.029958085655191466,4.675432504479261e-10,0.09950514136421854,1.0923289293626308e-16,0.0005641932229892957,6.137653998420852e-16
EFT:0.21728910048880218,1.5079746592744898e-06,0.174972959668762,0.4777090111578329,0.029958085655191653,4.67543250447929e-10,0.09950514136421881,1.0923289293626453e-16,0.0005641932229892979,6.137653998420935e-16
Random341
Raw:0.21728910048880132,1.5079746592744834e-06,0.17497295966876164,0.4777090111578352,0.02995808565519164,4.67543250447923e-10,0.0995051413642177,1.092328929362612e-16,0.0005641932229892941,6.137653998420833e-16
EFT:0.21728910048880218,1.5079746592744898e-06,0.174972959668762,0.4777090111578329,0.029958085655191653,4.67543250447929e-10,0.09950514136421881,1.0923289293626453e-16,0.0005641932229892979,6.137653998420891e-16
Random342
Raw:0.2172891004888017,1.5079746592744754e-06,0.1749729596687619,0.4777090111578335,0.029958085655191587,4.675432504479213e-10,0.09950514136421894,1.0923289293626235e-16,0.0005641932229892945,6.137653998420768e-16
EFT:0.21728910048880218,1.5079746592744898e-06,0.174972959668762,0.4777090111578329,0.029958085655191653,4.67543250447929e-10,0.09950514136421881,1.0923289293626453e-16,0.0005641932229892979,6.137653998420935e-16
Random343
Raw:0.21728910048880215,1.5079746592744517e-06,0.17497295966876258,0.47770901115783276,0.029958085655191487,4.675432504479206e-10,0.09950514136421842,1.0923289293626065e-16,0.0005641932229892947,6.137653998420716e-16
EFT:0.21728910048880218,1.5079746592744898e-06,0.174972959668762,0.4777090111578329,0.029958085655191653,4.67543250447929e-10,0.09950514136421881,1.0923289293626453e-16,0.0005641932229892979,6.137653998420891e-16
Random344
Raw:0.21728910048880148,1.5079746592744712e-06,0.17497295966876206,0.4777090111578339,0.02995808565519161,4.675432504479217e-10,0.09950514136421848,1.0923289293626169e-16,0.000564193222989296,6.137653998420773e-16
EFT:0.21728910048880218,1.5079746592744898e-06,0.174972959668762,0.4777090111578329,0.029958085655191653,4.67543250447929e-10,0.09950514136421881,1.0923289293626453e-16,0.0005641932229892979,6.137653998420891e-16
Random345
Raw:0.217289100488802,1.507974659274483e-06,0.17497295966876217,0.4777090111578334,0.02995808565519158,4.675432504479262e-10,0.09950514136421838,1.092328929362631e-16,0.0005641932229892969,6.137653998420897e-16
EFT:0.21728910048880218,1.5079746592744898e-06,0.174972959668762,0.4777090111578329,0.029958085655191653,4.67543250447929e-10,0.09950514136421881,1.0923289293626453e-16,0.0005641932229892979,6.137653998420891e-16
Random346
Raw:0.21728910048880296,1.5079746592744815e-06,0.1749729596687626,0.47770901115783115,0.029958085655191653,4.675432504479306e-10,0.09950514136421915,1.0923289293626493e-16,0.0005641932229892978,6.137653998420955e-16
EFT:0.21728910048880218,1.5079746592744898e-06,0.174972959668762,0.4777090111578329,0.029958085655191653,4.67543250447929e-10,0.09950514136421881,1.0923289293626453e-16,0.0005641932229892979,6.137653998420935e-16
Random347
Raw:0.2172891004888023,1.5079746592744769e-06,0.17497295966876272,0.47770901115783226,0.029958085655191667,4.67543250447925e-10,0.09950514136421869,1.0923289293626285e-16,0.0005641932229892971,6.137653998420839e-16
EFT:0.21728910048880218,1.5079746592744898e-06,0.174972959668762,0.4777090111578329,0.029958085655191653,4.67543250447929e-10,0.09950514136421881,1.0923289293626453e-16,0.0005641932229892979,6.137653998420891e-16
Random348
Raw:0.21728910048880118,1.507974659274472e-06,0.1749729596687618,0.47770901115783493,0.02995808565519157,4.675432504479228e-10,0.09950514136421817,1.0923289293626192e-16,0.0005641932229892943,6.137653998420787e-16
EFT:0.21728910048880218,1.5079746592744898e-06,0.174972959668762,0.4777090111578329,0.029958085655191653,4.67543250447929e-10,0.09950514136421881,1.0923289293626453e-16,0.0005641932229892979,6.137653998420891e-16
Random349
Raw:0.21728910048880262,1.5079746592744875e-06,0.17497295966876236,0.47770901115783215,0.02995808565519166,4.675432504479316e-10,0.09950514136421866,1.0923289293626515e-16,0.0005641932229892974,6.137653998420968e-16
EFT:0.21728910048880218,1.5079746592744898e-06,0.174972959668762,0.4777090111578329,0.029958085655191653,4.67543250447929e-10,0.09950514136421881,1.0923289293626453e-16,0.0005641932229892979,6.137653998420935e-16
Random350
Raw:0.21728910048880265,1.5079746592744877e-06,0.1749729596687627,0.4777090111578314,0.029958085655191667,4.675432504479308e-10,0.0995051413642192,1.0923289293626575e-16,0.0005641932229893,6.137653998420958e-16
EFT:0.21728910048880218,1.5079746592744898e-06,0.174972959668762,0.4777090111578329,0.029958085655191653,4.67543250447929e-10,0.09950514136421881,1.0923289293626453e-16,0.0005641932229892979,6.137653998420891e-16
Random351
Raw:0.2172891004888011,1.5079746592744847e-06,0.1749729596687608,0.4777090111578364,0.02995808565519161,4.675432504479192e-10,0.0995051413642176,1.0923289293625994e-16,0.000564193222989293,6.137653998420718e-16
EFT:0.21728910048880218,1.5079746592744898e-06,0.174972959668762,0.4777090111578329,0.029958085655191653,4.67543250447929e-10,0.09950514136421881,1.0923289293626453e-16,0.0005641932229892979,6.137653998420891e-16
Random352
Raw:0.21728910048880257,1.507974659274484e-06,0.1749729596687623,0.477709011157832,0.029958085655191598,4.675432504479265e-10,0.09950514136421916,1.0923289293626434e-16,0.0005641932229892987,6.137653998420879e-16
EFT:0.21728910048880218,1.5079746592744898e-06,0.174972959668762,0.4777090111578329,0.029958085655191653,4.67543250447929e-10,0.09950514136421881,1.0923289293626453e-16,0.0005641932229892979,6.137653998420935e-16
Random353
Raw:0.2172891004888034,1.507974659274482e-06,0.17497295966876264,0.47770901115783043,0.029958085655191605,4.675432504479316e-10,0.09950514136421935,1.0923289293626553e-16,0.0005641932229892994,6.137653998420947e-16
EFT:0.21728910048880218,1.5079746592744898e-06,0.174972959668762,0.4777090111578329,0.029958085655191653,4.67543250447929e-10,0.09950514136421881,1.0923289293626453e-16,0.0005641932229892979,6.137653998420935e-16
Random354
Raw:0.2172891004888037,1.507974659274484e-06,0.17497295966876356,0.47770901115782943,0.02995808565519165,4.675432504479372e-10,0.09950514136421915,1.0923289293626764e-16,0.0005641932229893003,6.137653998421065e-16
EFT:0.21728910048880218,1.5079746592744898e-06,0.174972959668762,0.4777090111578329,0.029958085655191653,4.67543250447929e-10,0.09950514136421881,1.0923289293626453e-16,0.0005641932229892979,6.137653998420891e-16
Random355
Raw:0.21728910048880162,1.5079746592744752e-06,0.17497295966876217,0.4777090111578342,0.029958085655191577,4.675432504479237e-10,0.09950514136421802,1.0923289293626098e-16,0.0005641932229892943,6.13765399842082e-16
EFT:0.21728910048880218,1.5079746592744898e-06,0.174972959668762,0.4777090111578329,0.029958085655191653,4.67543250447929e-10,0.09950514136421881,1.0923289293626453e-16,0.0005641932229892979,6.137653998420935e-16
Random356
Raw:0.21728910048880273,1.507974659274472e-06,0.17497295966876275,0.47770901115783154,0.029958085655191622,4.675432504479277e-10,0.09950514136421888,1.0923289293626346e-16,0.0005641932229892987,6.137653998420874e-16
EFT:0.21728910048880218,1.5079746592744898e-06,0.174972959668762,0.4777090111578329,0.029958085655191653,4.67543250447929e-10,0.09950514136421881,1.0923289293626453e-16,0.0005641932229892979,6.137653998420935e-16
Random357
Raw:0.21728910048880257,1.507974659274471e-06,0.17497295966876233,0.47770901115783204,0.029958085655191494,4.675432504479248e-10,0.099505141364219,1.092328929362628e-16,0.0005641932229892953,6.137653998420836e-16
EFT:0.21728910048880218,1.5079746592744898e-06,0.174972959668762,0.4777090111578329,0.029958085655191653,4.67543250447929e-10,0.09950514136421881,1.0923289293626453e-16,0.0005641932229892979,6.137653998420891e-16
Random358
Raw:0.2172891004888016,1.507974659274488e-06,0.17497295966876156,0.477709011157835,0.029958085655191573,4.675432504479294e-10,0.09950514136421783,1.0923289293626346e-16,0.0005641932229892953,6.137653998420918e-16
EFT:0.21728910048880218,1.5079746592744898e-06,0.174972959668762,0.4777090111578329,0.029958085655191653,4.67543250447929e-10,0.09950514136421881,1.0923289293626453e-16,0.0005641932229892979,6.137653998420891e-16
Random359
Raw:0.2172891004888018,1.5079746592744788e-06,0.17497295966876197,0.4777090111578337,0.0299580856551916,4.675432504479248e-10,0.09950514136421845,1.0923289293626318e-16,0.0005641932229892958,6.137653998420902e-16
EFT:0.21728910048880218,1.5079746592744898e-06,0.174972959668762,0.4777090111578329,0.029958085655191653,4.67543250447929e-10,0.09950514136421881,1.0923289293626453e-16,0.0005641932229892979,6.137653998420891e-16
Random360
Raw:0.21728910048880237,1.5079746592744803e-06,0.1749729596687625,0.4777090111578325,0.029958085655191577,4.675432504479319e-10,0.09950514136421855,1.0923289293626522e-16,0.0005641932229892964,6.137653998420973e-16
EFT:0.21728910048880218,1.5079746592744898e-06,0.174972959668762,0.4777090111578329,0.029958085655191653,4.67543250447929e-10,0.09950514136421881,1.0923289293626453e-16,0.0005641932229892979,6.137653998420935e-16
Random361
Raw:0.21728910048880087,1.5079746592744885e-06,0.17497295966876067,0.4777090111578368,0.029958085655191584,4.675432504479196e-10,0.09950514136421751,1.092328929362608e-16,0.0005641932229892939,6.13765399842081e-16
EFT:0.21728910048880218,1.5079746592744898e-06,0.174972959668762,0.4777090111578329,0.029958085655191653,4.67543250447929e-10,0.09950514136421881,1.0923289293626453e-16,0.0005641932229892979,6.137653998420891e-16
Random362
Raw:0.21728910048880345,1.5079746592744796e-06,0.174972959668763,0.4777090111578297,0.029958085655191615,4.675432504479308e-10,0.09950514136421974,1.0923289293626615e-16,0.0005641932229893001,6.137653998420937e-16
EFT:0.21728910048880218,1.5079746592744898e-06,0.174972959668762,0.4777090111578329,0.029958085655191653,4.67543250447929e-10,0.09950514136421881,1.0923289293626453e-16,0.0005641932229892979,6.137653998420891e-16
Random363
Raw:0.2172891004888024,1.5079746592744589e-06,0.17497295966876308,0.47770901115783165,0.029958085655191577,4.675432504479244e-10,0.09950514136421873,1.0923289293626193e-16,0.0005641932229892964,6.137653998420788e-16
EFT:0.21728910048880218,1.5079746592744898e-06,0.174972959668762,0.4777090111578329,0.029958085655191653,4.67543250447929e-10,0.09950514136421881,1.0923289293626453e-16,0.0005641932229892979,6.137653998420891e-16
Random364
Raw:0.2172891004888011,1.5079746592744659e-06,0.17497295966876203,0.4777090111578347,0.029958085655191608,4.675432504479175e-10,0.09950514136421813,1.0923289293625954e-16,0.0005641932229892934,6.137653998420653e-16
EFT:0.21728910048880218,1.5079746592744898e-06,0.174972959668762,0.4777090111578329,0.029958085655191653,4.67543250447929e-10,0.09950514136421881,1.0923289293626453e-16,0.0005641932229892979,6.137653998420891e-16
Random365
Raw:0.21728910048880187,1.5079746592744845e-06,0.17497295966876172,0.4777090111578339,0.02995808565519161,4.675432504479249e-10,0.09950514136421848,1.0923289293626322e-16,0.0005641932229892969,6.13765399842086e-16
EFT:0.21728910048880218,1.5079746592744898e-06,0.174972959668762,0.4777090111578329,0.029958085655191653,4.67543250447929e-10,0.09950514136421881,1.0923289293626453e-16,0.0005641932229892979,6.137653998420891e-16
Random366
Raw:0.21728910048880054,1.5079746592744782e-06,0.1749729596687613,0.4777090111578361,0.029958085655191643,4.675432504479173e-10,0.09950514136421788,1.0923289293625986e-16,0.000564193222989291,6.13765399842067e-16
EFT:0.21728910048880218,1.5079746592744898e-06,0.174972959668762,0.4777090111578329,0.029958085655191653,4.67543250447929e-10,0.09950514136421881,1.0923289293626453e-16,0.0005641932229892979,6.137653998420935e-16
Random367
Raw:0.21728910048880207,1.5079746592744674e-06,0.17497295966876159,0.4777090111578335,0.029958085655191587,4.675432504479213e-10,0.09950514136421876,1.0923289293626081e-16,0.0005641932229892934,6.137653998420725e-16
EFT:0.21728910048880218,1.5079746592744898e-06,0.174972959668762,0.4777090111578329,0.029958085655191653,4.67543250447929e-10,0.09950514136421881,1.0923289293626453e-16,0.0005641932229892979,6.137653998420891e-16
Random368
Raw:0.21728910048880332,1.507974659274492e-06,0.1749729596687629,0.47770901115783027,0.029958085655191594,4.675432504479348e-10,0.0995051413642195,1.0923289293626705e-16,0.0005641932229893017,6.137653998421076e-16
EFT:0.21728910048880218,1.5079746592744898e-06,0.174972959668762,0.4777090111578329,0.029958085655191653,4.67543250447929e-10,0.09950514136421881,1.0923289293626453e-16,0.0005641932229892979,6.137653998420935e-16
Random369
Raw:0.21728910048880223,1.5079746592744792e-06,0.1749729596687627,0.47770901115783215,0.029958085655191556,4.675432504479266e-10,0.09950514136421883,1.092328929362636e-16,0.0005641932229893009,6.137653998420881e-16
EFT:0.21728910048880218,1.5079746592744898e-06,0.174972959668762,0.4777090111578329,0.029958085655191653,4.67543250447929e-10,0.09950514136421881,1.0923289293626453e-16,0.0005641932229892979,6.137653998420891e-16
Random370
Raw:0.2172891004888024,1.5079746592744563e-06,0.17497295966876308,0.47770901115783165,0.029958085655191525,4.675432504479244e-10,0.09950514136421891,1.0923289293626193e-16,0.0005641932229892973,6.137653998420788e-16
EFT:0.21728910048880218,1.5079746592744898e-06,0.174972959668762,0.4777090111578329,0.029958085655191653,4.67543250447929e-10,0.09950514136421881,1.0923289293626453e-16,0.0005641932229892979,6.137653998420891e-16
Random371
Raw:0.2172891004888025,1.507974659274473e-06,0.1749729596687629,0.4777090111578319,0.02995808565519159,4.675432504479297e-10,0.0995051413642186,1.0923289293626431e-16,0.0005641932229892971,6.137653998420878e-16
EFT:0.21728910048880218,1.5079746592744898e-06,0.174972959668762,0.4777090111578329,0.029958085655191653,4.67543250447929e-10,0.09950514136421881,1.0923289293626453e-16,0.0005641932229892979,6.137653998420935e-16
Random372
Raw:0.21728910048880312,1.507974659274461e-06,0.17497295966876303,0.47770901115783065,0.029958085655191567,4.675432504479286e-10,0.09950514136421922,1.0923289293626325e-16,0.0005641932229892967,6.137653998420818e-16
EFT:0.21728910048880218,1.5079746592744898e-06,0.174972959668762,0.4777090111578329,0.029958085655191653,4.67543250447929e-10,0.09950514136421881,1.0923289293626453e-16,0.0005641932229892979,6.137653998420891e-16
Random373
Raw:0.21728910048880223,1.5079746592744765e-06,0.17497295966876236,0.47770901115783215,0.02995808565519166,4.675432504479233e-10,0.09950514136421902,1.092328929362636e-16,0.0005641932229892974,6.137653998420881e-16
EFT:0.21728910048880218,1.5079746592744898e-06,0.174972959668762,0.4777090111578329,0.029958085655191653,4.67543250447929e-10,0.09950514136421881,1.0923289293626453e-16,0.0005641932229892979,6.137653998420891e-16
Random374
Raw:0.21728910048880287,1.507974659274497e-06,0.17497295966876195,0.4777090111578319,0.029958085655191643,4.67543250447933e-10,0.0995051413642193,1.0923289293626664e-16,0.0005641932229893006,6.13765399842101e-16
EFT:0.21728910048880218,1.5079746592744898e-06,0.174972959668762,0.4777090111578329,0.029958085655191653,4.67543250447929e-10,0.09950514136421881,1.0923289293626453e-16,0.0005641932229892979,6.137653998420891e-16
Random375
Raw:0.21728910048880237,1.5079746592744856e-06,0.1749729596687625,0.4777090111578325,0.02995808565519168,4.675432504479319e-10,0.09950514136421855,1.0923289293626522e-16,0.0005641932229892998,6.137653998421018e-16
EFT:0.21728910048880218,1.5079746592744898e-06,0.174972959668762,0.4777090111578329,0.029958085655191653,4.67543250447929e-10,0.09950514136421881,1.0923289293626453e-16,0.0005641932229892979,6.137653998420891e-16
Random376
Raw:0.21728910048880223,1.5079746592744845e-06,0.17497295966876203,0.477709011157833,0.02995808565519166,4.675432504479241e-10,0.09950514136421866,1.09232892936263e-16,0.0005641932229892959,6.137653998420892e-16
EFT:0.21728910048880218,1.5079746592744898e-06,0.174972959668762,0.4777090111578329,0.029958085655191653,4.67543250447929e-10,0.09950514136421881,1.0923289293626453e-16,0.0005641932229892979,6.137653998420891e-16
Random377
Raw:0.21728910048880207,1.5079746592744754e-06,0.1749729596687619,0.4777090111578335,0.029958085655191587,4.675432504479245e-10,0.09950514136421841,1.0923289293626313e-16,0.0005641932229892945,6.137653998420855e-16
EFT:0.21728910048880218,1.5079746592744898e-06,0.174972959668762,0.4777090111578329,0.029958085655191653,4.67543250447929e-10,0.09950514136421881,1.0923289293626453e-16,0.0005641932229892979,6.137653998420935e-16
Random378
Raw:0.2172891004888025,1.5079746592744678e-06,0.17497295966876258,0.4777090111578319,0.02995808565519159,4.675432504479246e-10,0.09950514136421913,1.0923289293626276e-16,0.0005641932229892956,6.137653998420747e-16
EFT:0.21728910048880218,1.5079746592744898e-06,0.174972959668762,0.4777090111578329,0.029958085655191653,4.67543250447929e-10,0.09950514136421881,1.0923289293626453e-16,0.0005641932229892979,6.137653998420891e-16
Random379
Raw:0.2172891004888015,1.5079746592744635e-06,0.1749729596687624,0.4777090111578331,0.02995808565519156,4.675432504479176e-10,0.09950514136421902,1.0923289293626073e-16,0.0005641932229892941,6.13765399842072e-16
EFT:0.21728910048880218,1.5079746592744898e-06,0.174972959668762,0.4777090111578329,0.029958085655191653,4.67543250447929e-10,0.09950514136421881,1.0923289293626453e-16,0.0005641932229892979,6.137653998420891e-16
Random380
Raw:0.2172891004888026,1.5079746592744847e-06,0.17497295966876267,0.47770901115783126,0.02995808565519166,4.675432504479274e-10,0.09950514136421935,1.0923289293626495e-16,0.0005641932229892984,6.137653998420914e-16
EFT:0.21728910048880218,1.5079746592744898e-06,0.174972959668762,0.4777090111578329,0.029958085655191653,4.67543250447929e-10,0.09950514136421881,1.0923289293626453e-16,0.0005641932229892979,6.137653998420891e-16
Random381
Raw:0.21728910048880168,1.507974659274486e-06,0.17497295966876159,0.4777090111578343,0.02995808565519169,4.675432504479254e-10,0.09950514136421822,1.0923289293626254e-16,0.0005641932229892955,6.137653998420866e-16
EFT:0.21728910048880218,1.5079746592744898e-06,0.174972959668762,0.4777090111578329,0.029958085655191653,4.67543250447929e-10,0.09950514136421881,1.0923289293626453e-16,0.0005641932229892979,6.137653998420891e-16
Random382
Raw:0.2172891004888028,1.5079746592744775e-06,0.1749729596687628,0.47770901115783165,0.029958085655191577,4.67543250447931e-10,0.09950514136421873,1.0923289293626426e-16,0.0005641932229892983,6.137653998420962e-16
EFT:0.21728910048880218,1.5079746592744898e-06,0.174972959668762,0.4777090111578329,0.029958085655191653,4.67543250447929e-10,0.09950514136421881,1.0923289293626453e-16,0.0005641932229892979,6.137653998420891e-16
Random383
Raw:0.21728910048880393,1.5079746592744777e-06,0.17497295966876342,0.47770901115782904,0.029958085655191518,4.675432504479368e-10,0.09950514136421977,1.0923289293626755e-16,0.0005641932229893023,6.137653998421017e-16
EFT:0.21728910048880218,1.5079746592744898e-06,0.174972959668762,0.4777090111578329,0.029958085655191653,4.67543250447929e-10,0.09950514136421881,1.0923289293626453e-16,0.0005641932229892979,6.137653998420891e-16
Random384
Raw:0.21728910048880257,1.5079746592745165e-06,0.174972959668762,0.47770901115783204,0.02995808565519171,4.675432504479365e-10,0.09950514136421916,1.0923289293626901e-16,0.0005641932229892998,6.137653998421142e-16
EFT:0.21728910048880218,1.5079746592744898e-06,0.174972959668762,0.4777090111578329,0.029958085655191653,4.67543250447929e-10,0.09950514136421881,1.0923289293626453e-16,0.0005641932229892979,6.137653998420891e-16
Random385
Raw:0.21728910048880257,1.5079746592744788e-06,0.17497295966876233,0.47770901115783204,0.0299580856551916,4.675432504479265e-10,0.09950514136421881,1.0923289293626357e-16,0.0005641932229892978,6.13765399842088e-16
EFT:0.21728910048880218,1.5079746592744898e-06,0.174972959668762,0.4777090111578329,0.029958085655191653,4.67543250447929e-10,0.09950514136421881,1.0923289293626453e-16,0.0005641932229892979,6.137653998420891e-16
Random386
Raw:0.21728910048880207,1.5079746592744646e-06,0.17497295966876314,0.47770901115783176,0.029958085655191532,4.675432504479263e-10,0.0995051413642191,1.0923289293626273e-16,0.0005641932229892974,6.137653998420789e-16
EFT:0.21728910048880218,1.5079746592744898e-06,0.174972959668762,0.4777090111578329,0.029958085655191653,4.67543250447929e-10,0.09950514136421881,1.0923289293626453e-16,0.0005641932229892979,6.137653998420891e-16
Random387
Raw:0.21728910048880234,1.5079746592744909e-06,0.1749729596687618,0.4777090111578332,0.029958085655191622,4.675432504479276e-10,0.09950514136421852,1.0923289293626462e-16,0.0005641932229892961,6.137653998420939e-16
EFT:0.21728910048880218,1.5079746592744898e-06,0.174972959668762,0.4777090111578329,0.029958085655191653,4.67543250447929e-10,0.09950514136421881,1.0923289293626453e-16,0.0005641932229892979,6.137653998420935e-16
Random388
Raw:0.2172891004888018,1.5079746592744788e-06,0.17497295966876197,0.4777090111578337,0.0299580856551916,4.675432504479248e-10,0.09950514136421845,1.0923289293626318e-16,0.0005641932229892962,6.137653998420902e-16
EFT:0.21728910048880218,1.5079746592744898e-06,0.174972959668762,0.4777090111578329,0.029958085655191653,4.67543250447929e-10,0.09950514136421881,1.0923289293626453e-16,0.0005641932229892979,6.137653998420935e-16
Random389
Raw:0.21728910048880223,1.507974659274474e-06,0.17497295966876203,0.477709011157833,0.029958085655191608,4.675432504479225e-10,0.09950514136421866,1.0923289293626223e-16,0.0005641932229892964,6.137653998420761e-16
EFT:0.21728910048880218,1.5079746592744898e-06,0.174972959668762,0.4777090111578329,0.029958085655191653,4.67543250447929e-10,0.09950514136421881,1.0923289293626453e-16,0.0005641932229892979,6.137653998420891e-16
Random390
Raw:0.21728910048880223,1.507974659274474e-06,0.17497295966876236,0.477709011157833,0.02995808565519166,4.675432504479241e-10,0.0995051413642183,1.0923289293626223e-16,0.0005641932229892949,6.137653998420805e-16
EFT:0.21728910048880218,1.5079746592744898e-06,0.174972959668762,0.4777090111578329,0.029958085655191653,4.67543250447929e-10,0.09950514136421881,1.0923289293626453e-16,0.0005641932229892979,6.137653998420935e-16
Random391
Raw:0.21728910048880196,1.5079746592744638e-06,0.1749729596687621,0.4777090111578332,0.029958085655191515,4.675432504479194e-10,0.09950514136421888,1.0923289293626075e-16,0.0005641932229892942,6.137653998420721e-16
EFT:0.21728910048880218,1.5079746592744898e-06,0.174972959668762,0.4777090111578329,0.029958085655191653,4.67543250447929e-10,0.09950514136421881,1.0923289293626453e-16,0.0005641932229892979,6.137653998420935e-16
Random392
Raw:0.21728910048880135,1.5079746592744813e-06,0.17497295966876164,0.4777090111578345,0.029958085655191594,4.675432504479206e-10,0.09950514136421844,1.0923289293626182e-16,0.0005641932229892946,6.137653998420781e-16
EFT:0.21728910048880218,1.5079746592744898e-06,0.174972959668762,0.4777090111578329,0.029958085655191653,4.67543250447929e-10,0.09950514136421881,1.0923289293626453e-16,0.0005641932229892979,6.137653998420935e-16
Random393
Raw:0.21728910048880154,1.5079746592744663e-06,0.17497295966876208,0.477709011157834,0.029958085655191563,4.67543250447925e-10,0.09950514136421834,1.0923289293626246e-16,0.0005641932229892946,6.137653998420817e-16
EFT:0.21728910048880218,1.5079746592744898e-06,0.174972959668762,0.4777090111578329,0.029958085655191653,4.67543250447929e-10,0.09950514136421881,1.0923289293626453e-16,0.0005641932229892979,6.137653998420891e-16
Random394
Raw:0.21728910048880198,1.5079746592744587e-06,0.1749729596687618,0.4777090111578341,0.029958085655191518,4.675432504479202e-10,0.09950514136421817,1.0923289293626018e-16,0.0005641932229892928,6.137653998420733e-16
EFT:0.21728910048880218,1.5079746592744898e-06,0.174972959668762,0.4777090111578329,0.029958085655191653,4.67543250447929e-10,0.09950514136421881,1.0923289293626453e-16,0.0005641932229892979,6.137653998420891e-16
Random395
Raw:0.21728910048880132,1.50797465927447e-06,0.17497295966876192,0.4777090111578344,0.029958085655191535,4.675432504479239e-10,0.09950514136421842,1.092328929362618e-16,0.000564193222989295,6.137653998420822e-16
EFT:0.21728910048880218,1.5079746592744898e-06,0.174972959668762,0.4777090111578329,0.029958085655191653,4.67543250447929e-10,0.09950514136421881,1.0923289293626453e-16,0.0005641932229892979,6.137653998420891e-16
Random396
Raw:0.21728910048880207,1.5079746592744807e-06,0.17497295966876222,0.4777090111578335,0.029958085655191587,4.675432504479279e-10,0.09950514136421823,1.0923289293626313e-16,0.000564193222989297,6.137653998420899e-16
EFT:0.21728910048880218,1.5079746592744898e-06,0.174972959668762,0.4777090111578329,0.029958085655191653,4.67543250447929e-10,0.09950514136421881,1.0923289293626453e-16,0.0005641932229892979,6.137653998420891e-16
Random397
Raw:0.2172891004888024,1.5079746592744722e-06,0.1749729596687628,0.47770901115783165,0.029958085655191577,4.675432504479278e-10,0.09950514136421909,1.0923289293626426e-16,0.0005641932229892988,6.137653998420876e-16
EFT:0.21728910048880218,1.5079746592744898e-06,0.174972959668762,0.4777090111578329,0.029958085655191653,4.67543250447929e-10,0.09950514136421881,1.0923289293626453e-16,0.0005641932229892979,6.137653998420935e-16
Random398
Raw:0.2172891004888015,1.5079746592744904e-06,0.1749729596687615,0.4777090111578348,0.029958085655191615,4.675432504479259e-10,0.09950514136421815,1.0923289293626342e-16,0.0005641932229892956,6.137653998420872e-16
EFT:0.21728910048880218,1.5079746592744898e-06,0.174972959668762,0.4777090111578329,0.029958085655191653,4.67543250447929e-10,0.09950514136421881,1.0923289293626453e-16,0.0005641932229892979,6.137653998420935e-16
Random399
Raw:0.21728910048880157,1.5079746592744612e-06,0.17497295966876245,0.4777090111578332,0.029958085655191515,4.675432504479194e-10,0.09950514136421888,1.0923289293626153e-16,0.0005641932229892931,6.137653998420721e-16
EFT:0.21728910048880218,1.5079746592744898e-06,0.174972959668762,0.4777090111578329,0.029958085655191653,4.67543250447929e-10,0.09950514136421881,1.0923289293626453e-16,0.0005641932229892979,6.137653998420935e-16
Random400
Raw:0.21728910048880298,1.5079746592744684e-06,0.17497295966876267,0.47770901115783126,0.029958085655191605,4.675432504479274e-10,0.09950514136421901,1.092328929362634e-16,0.0005641932229892969,6.137653998420871e-16
EFT:0.21728910048880218,1.5079746592744898e-06,0.174972959668762,0.4777090111578329,0.029958085655191653,4.67543250447929e-10,0.09950514136421881,1.0923289293626453e-16,0.0005641932229892979,6.137653998420891e-16
Random401
Raw:0.2172891004888011,1.5079746592744631e-06,0.1749729596687611,0.47770901115783554,0.029958085655191556,4.67543250447915e-10,0.0995051413642183,1.0923289293625895e-16,0.0005641932229892929,6.13765399842062e-16
EFT:0.21728910048880218,1.5079746592744898e-06,0.174972959668762,0.4777090111578329,0.029958085655191653,4.67543250447929e-10,0.09950514136421881,1.0923289293626453e-16,0.0005641932229892979,6.137653998420935e-16
Random402
Raw:0.217289100488802,1.5079746592744858e-06,0.17497295966876217,0.4777090111578334,0.029958085655191632,4.675432504479278e-10,0.09950514136421838,1.0923289293626388e-16,0.0005641932229892964,6.137653998420897e-16
EFT:0.21728910048880218,1.5079746592744898e-06,0.174972959668762,0.4777090111578329,0.029958085655191653,4.67543250447929e-10,0.09950514136421881,1.0923289293626453e-16,0.0005641932229892979,6.137653998420891e-16
Random403
Raw:0.21728910048880196,1.5079746592744665e-06,0.1749729596687621,0.4777090111578332,0.029958085655191567,4.67543250447921e-10,0.0995051413642187,1.0923289293626075e-16,0.0005641932229892967,6.137653998420764e-16
EFT:0.21728910048880218,1.5079746592744898e-06,0.174972959668762,0.4777090111578329,0.029958085655191653,4.67543250447929e-10,0.09950514136421881,1.0923289293626453e-16,0.0005641932229892979,6.137653998420935e-16
Random404
Raw:0.21728910048880218,1.5079746592744896e-06,0.17497295966876167,0.4777090111578337,0.0299580856551916,4.675432504479281e-10,0.09950514136421845,1.0923289293626473e-16,0.0005641932229892968,6.137653998420902e-16
EFT:0.21728910048880218,1.5079746592744898e-06,0.174972959668762,0.4777090111578329,0.029958085655191653,4.67543250447929e-10,0.09950514136421881,1.0923289293626453e-16,0.0005641932229892979,6.137653998420891e-16
Random405
Raw:0.21728910048880196,1.5079746592744909e-06,0.17497295966876214,0.47770901115783326,0.02995808565519157,4.675432504479327e-10,0.09950514136421854,1.0923289293626541e-16,0.0005641932229892983,6.137653998420983e-16
EFT:0.21728910048880218,1.5079746592744898e-06,0.174972959668762,0.4777090111578329,0.029958085655191653,4.67543250447929e-10,0.09950514136421881,1.0923289293626453e-16,0.0005641932229892979,6.137653998420891e-16
Random406
Raw:0.21728910048880215,1.5079746592744811e-06,0.17497295966876228,0.47770901115783276,0.029958085655191594,4.675432504479256e-10,0.09950514136421879,1.0923289293626373e-16,0.0005641932229892977,6.137653998420845e-16
EFT:0.21728910048880218,1.5079746592744898e-06,0.174972959668762,0.4777090111578329,0.029958085655191653,4.67543250447929e-10,0.09950514136421881,1.0923289293626453e-16,0.0005641932229892979,6.137653998420891e-16
Random407
Raw:0.2172891004888021,1.5079746592744807e-06,0.17497295966876256,0.47770901115783265,0.02995808565519164,4.675432504479321e-10,0.09950514136421841,1.0923289293626526e-16,0.0005641932229892975,6.137653998420975e-16
EFT:0.21728910048880218,1.5079746592744898e-06,0.174972959668762,0.4777090111578329,0.029958085655191653,4.67543250447929e-10,0.09950514136421881,1.0923289293626453e-16,0.0005641932229892979,6.137653998420891e-16
Random408
Raw:0.21728910048880276,1.5079746592744642e-06,0.1749729596687634,0.47770901115783077,0.029958085655191573,4.675432504479287e-10,0.09950514136421908,1.0923289293626328e-16,0.0005641932229892983,6.137653998420819e-16
EFT:0.21728910048880218,1.5079746592744898e-06,0.174972959668762,0.4777090111578329,0.029958085655191653,4.67543250447929e-10,0.09950514136421881,1.0923289293626453e-16,0.0005641932229892979,6.137653998420891e-16
Random409
Raw:0.2172891004888028,1.5079746592744885e-06,0.17497295966876217,0.4777090111578325,0.02995808565519168,4.675432504479287e-10,0.09950514136421855,1.0923289293626445e-16,0.0005641932229892973,6.13765399842093e-16
EFT:0.21728910048880218,1.5079746592744898e-06,0.174972959668762,0.4777090111578329,0.029958085655191653,4.67543250447929e-10,0.09950514136421881,1.0923289293626453e-16,0.0005641932229892979,6.137653998420891e-16
Random410
Raw:0.21728910048880065,1.5079746592744682e-06,0.17497295966876172,0.47770901115783543,0.0299580856551916,4.675432504479166e-10,0.0995051413642181,1.092328929362597e-16,0.0005641932229892933,6.137653998420662e-16
EFT:0.21728910048880218,1.5079746592744898e-06,0.174972959668762,0.4777090111578329,0.029958085655191653,4.67543250447929e-10,0.09950514136421881,1.0923289293626453e-16,0.0005641932229892979,6.137653998420891e-16
Random411
Raw:0.21728910048880282,1.5079746592744513e-06,0.17497295966876344,0.4777090111578309,0.02995808565519153,4.67543250447927e-10,0.09950514136421892,1.0923289293626253e-16,0.0005641932229892974,6.137653998420821e-16
EFT:0.21728910048880218,1.5079746592744898e-06,0.174972959668762,0.4777090111578329,0.029958085655191653,4.67543250447929e-10,0.09950514136421881,1.0923289293626453e-16,0.0005641932229892979,6.137653998420891e-16
Random412
Raw:0.21728910048880132,1.5079746592744784e-06,0.17497295966876192,0.4777090111578344,0.029958085655191643,4.675432504479239e-10,0.09950514136421823,1.092328929362618e-16,0.0005641932229892956,6.137653998420866e-16
EFT:0.21728910048880218,1.5079746592744898e-06,0.174972959668762,0.4777090111578329,0.029958085655191653,4.67543250447929e-10,0.09950514136421881,1.0923289293626453e-16,0.0005641932229892979,6.137653998420891e-16
Random413
Raw:0.2172891004888032,1.5079746592744887e-06,0.1749729596687628,0.4777090111578309,0.029958085655191688,4.67543250447932e-10,0.09950514136421892,1.0923289293626485e-16,0.0005641932229892994,6.137653998420997e-16
EFT:0.21728910048880218,1.5079746592744898e-06,0.174972959668762,0.4777090111578329,0.029958085655191653,4.67543250447929e-10,0.09950514136421881,1.0923289293626453e-16,0.0005641932229892979,6.137653998420891e-16
Random414
Raw:0.21728910048880257,1.5079746592744788e-06,0.17497295966876233,0.47770901115783204,0.0299580856551916,4.675432504479265e-10,0.09950514136421881,1.0923289293626357e-16,0.0005641932229892964,6.13765399842088e-16
EFT:0.21728910048880218,1.5079746592744898e-06,0.174972959668762,0.4777090111578329,0.029958085655191653,4.67543250447929e-10,0.09950514136421881,1.0923289293626453e-16,0.0005641932229892979,6.137653998420935e-16
Random415
Raw:0.21728910048880257,1.5079746592744786e-06,0.17497295966876264,0.477709011157832,0.029958085655191598,4.675432504479298e-10,0.0995051413642188,1.0923289293626434e-16,0.0005641932229892968,6.137653998420923e-16
EFT:0.21728910048880218,1.5079746592744898e-06,0.174972959668762,0.4777090111578329,0.029958085655191653,4.67543250447929e-10,0.09950514136421881,1.0923289293626453e-16,0.0005641932229892979,6.137653998420891e-16
Random416
Raw:0.2172891004888021,1.507974659274462e-06,0.17497295966876286,0.47770901115783265,0.029958085655191532,4.675432504479271e-10,0.09950514136421841,1.0923289293626293e-16,0.0005641932229892955,6.137653998420844e-16
EFT:0.21728910048880218,1.5079746592744898e-06,0.174972959668762,0.4777090111578329,0.029958085655191653,4.67543250447929e-10,0.09950514136421881,1.0923289293626453e-16,0.0005641932229892979,6.137653998420935e-16
Random417
Raw:0.2172891004888021,1.5079746592744674e-06,0.17497295966876256,0.47770901115783265,0.029958085655191587,4.675432504479255e-10,0.09950514136421859,1.0923289293626216e-16,0.0005641932229892949,6.137653998420801e-16
EFT:0.21728910048880218,1.5079746592744898e-06,0.174972959668762,0.4777090111578329,0.029958085655191653,4.67543250447929e-10,0.09950514136421881,1.0923289293626453e-16,0.0005641932229892979,6.137653998420891e-16
Random418
Raw:0.21728910048880196,1.5079746592744961e-06,0.17497295966876245,0.47770901115783326,0.029958085655191678,4.675432504479327e-10,0.09950514136421819,1.0923289293626541e-16,0.0005641932229892972,6.137653998421027e-16
EFT:0.21728910048880218,1.5079746592744898e-06,0.174972959668762,0.4777090111578329,0.029958085655191653,4.67543250447929e-10,0.09950514136421881,1.0923289293626453e-16,0.0005641932229892979,6.137653998420891e-16
Random419
Raw:0.2172891004888037,1.5079746592744868e-06,0.1749729596687629,0.47770901115783027,0.02995808565519165,4.675432504479364e-10,0.09950514136421915,1.0923289293626627e-16,0.0005641932229893003,6.137653998421032e-16
EFT:0.21728910048880218,1.5079746592744898e-06,0.174972959668762,0.4777090111578329,0.029958085655191653,4.67543250447929e-10,0.09950514136421881,1.0923289293626453e-16,0.0005641932229892979,6.137653998420891e-16
Random420
Raw:0.21728910048880215,1.5079746592744733e-06,0.17497295966876258,0.47770901115783276,0.029958085655191594,4.675432504479256e-10,0.09950514136421842,1.0923289293626218e-16,0.0005641932229892961,6.137653998420845e-16
EFT:0.21728910048880218,1.5079746592744898e-06,0.174972959668762,0.4777090111578329,0.029958085655191653,4.67543250447929e-10,0.09950514136421881,1.0923289293626453e-16,0.0005641932229892979,6.137653998420891e-16
Random421
Raw:0.21728910048880218,1.5079746592744898e-06,0.17497295966876233,0.47770901115783204,0.029958085655191653,4.675432504479315e-10,0.09950514136421916,1.092328929362659e-16,0.0005641932229892998,6.137653998420967e-16
EFT:0.21728910048880218,1.5079746592744898e-06,0.174972959668762,0.4777090111578329,0.029958085655191653,4.67543250447929e-10,0.09950514136421881,1.0923289293626453e-16,0.0005641932229892979,6.137653998420891e-16
Random422
Raw:0.2172891004888028,1.5079746592744885e-06,0.1749729596687628,0.47770901115783165,0.029958085655191685,4.67543250447931e-10,0.09950514136421873,1.0923289293626504e-16,0.0005641932229892998,6.137653998420962e-16
EFT:0.21728910048880218,1.5079746592744898e-06,0.174972959668762,0.4777090111578329,0.029958085655191653,4.67543250447929e-10,0.09950514136421881,1.0923289293626453e-16,0.0005641932229892979,6.137653998420891e-16
Random423
Raw:0.21728910048880218,1.5079746592744735e-06,0.17497295966876233,0.47770901115783204,0.02995808565519155,4.675432504479265e-10,0.09950514136421934,1.0923289293626435e-16,0.0005641932229892998,6.137653998420836e-16
EFT:0.21728910048880218,1.5079746592744898e-06,0.174972959668762,0.4777090111578329,0.029958085655191653,4.67543250447929e-10,0.09950514136421881,1.0923289293626453e-16,0.0005641932229892979,6.137653998420891e-16
Random424
Raw:0.2172891004888021,1.507974659274462e-06,0.17497295966876256,0.47770901115783265,0.029958085655191532,4.675432504479238e-10,0.09950514136421859,1.0923289293626216e-16,0.0005641932229892955,6.137653998420801e-16
EFT:0.21728910048880218,1.5079746592744898e-06,0.174972959668762,0.4777090111578329,0.029958085655191653,4.67543250447929e-10,0.09950514136421881,1.0923289293626453e-16,0.0005641932229892979,6.137653998420891e-16
Random425
Raw:0.21728910048880207,1.507974659274454e-06,0.17497295966876314,0.47770901115783176,0.029958085655191476,4.675432504479245e-10,0.0995051413642191,1.0923289293626196e-16,0.0005641932229892974,6.137653998420789e-16
EFT:0.21728910048880218,1.5079746592744898e-06,0.174972959668762,0.4777090111578329,0.029958085655191653,4.67543250447929e-10,0.09950514136421881,1.0923289293626453e-16,0.0005641932229892979,6.137653998420891e-16
Random426
Raw:0.2172891004888026,1.5079746592744737e-06,0.17497295966876295,0.47770901115783126,0.02995808565519166,4.675432504479274e-10,0.09950514136421901,1.092328929362634e-16,0.0005641932229892984,6.137653998420871e-16
EFT:0.21728910048880218,1.5079746592744898e-06,0.174972959668762,0.4777090111578329,0.029958085655191653,4.67543250447929e-10,0.09950514136421881,1.0923289293626453e-16,0.0005641932229892979,6.137653998420935e-16
Random427
Raw:0.21728910048880237,1.507974659274483e-06,0.17497295966876217,0.4777090111578325,0.029958085655191577,4.675432504479303e-10,0.0995051413642189,1.0923289293626445e-16,0.0005641932229892969,6.13765399842093e-16
EFT:0.21728910048880218,1.5079746592744898e-06,0.174972959668762,0.4777090111578329,0.029958085655191653,4.67543250447929e-10,0.09950514136421881,1.0923289293626453e-16,0.0005641932229892979,6.137653998420935e-16
Random428
Raw:0.21728910048880307,1.5079746592744955e-06,0.174972959668763,0.47770901115783054,0.02995808565519172,4.675432504479367e-10,0.0995051413642192,1.0923289293626711e-16,0.0005641932229893011,6.137653998421079e-16
EFT:0.21728910048880218,1.5079746592744898e-06,0.174972959668762,0.4777090111578329,0.029958085655191653,4.67543250447929e-10,0.09950514136421881,1.0923289293626453e-16,0.0005641932229892979,6.137653998420935e-16
Random429
Raw:0.2172891004888012,1.5079746592744775e-06,0.17497295966876156,0.477709011157835,0.029958085655191626,4.675432504479195e-10,0.09950514136421819,1.0923289293626116e-16,0.0005641932229892933,6.137653998420744e-16
EFT:0.21728910048880218,1.5079746592744898e-06,0.174972959668762,0.4777090111578329,0.029958085655191653,4.67543250447929e-10,0.09950514136421881,1.0923289293626453e-16,0.0005641932229892979,6.137653998420891e-16
Random430
Raw:0.21728910048880218,1.507974659274463e-06,0.174972959668762,0.4777090111578329,0.029958085655191494,4.675432504479207e-10,0.09950514136421898,1.0923289293626145e-16,0.0005641932229892943,6.137653998420717e-16
EFT:0.21728910048880218,1.5079746592744898e-06,0.174972959668762,0.4777090111578329,0.029958085655191653,4.67543250447929e-10,0.09950514136421881,1.0923289293626453e-16,0.0005641932229892979,6.137653998420935e-16
Random431
Raw:0.21728910048880115,1.507974659274477e-06,0.17497295966876208,0.4777090111578348,0.029958085655191563,4.675432504479243e-10,0.09950514136421798,1.092328929362619e-16,0.0005641932229892945,6.137653998420828e-16
EFT:0.21728910048880218,1.5079746592744898e-06,0.174972959668762,0.4777090111578329,0.029958085655191653,4.67543250447929e-10,0.09950514136421881,1.0923289293626453e-16,0.0005641932229892979,6.137653998420935e-16
Random432
Raw:0.2172891004888014,1.507974659274468e-06,0.17497295966876197,0.4777090111578337,0.029958085655191546,4.675432504479215e-10,0.09950514136421898,1.0923289293626165e-16,0.0005641932229892947,6.137653998420728e-16
EFT:0.21728910048880218,1.5079746592744898e-06,0.174972959668762,0.4777090111578329,0.029958085655191653,4.67543250447929e-10,0.09950514136421881,1.0923289293626453e-16,0.0005641932229892979,6.137653998420891e-16
Random433
Raw:0.21728910048880223,1.5079746592744928e-06,0.17497295966876203,0.477709011157833,0.029958085655191608,4.675432504479291e-10,0.09950514136421866,1.0923289293626457e-16,0.000564193222989298,6.137653998420936e-16
EFT:0.21728910048880218,1.5079746592744898e-06,0.174972959668762,0.4777090111578329,0.029958085655191653,4.67543250447929e-10,0.09950514136421881,1.0923289293626453e-16,0.0005641932229892979,6.137653998420891e-16
Random434
Raw:0.2172891004888037,1.5079746592744652e-06,0.17497295966876356,0.47770901115782943,0.029958085655191542,4.675432504479323e-10,0.09950514136421933,1.0923289293626531e-16,0.0005641932229892998,6.13765399842089e-16
EFT:0.21728910048880218,1.5079746592744898e-06,0.174972959668762,0.4777090111578329,0.029958085655191653,4.67543250447929e-10,0.09950514136421881,1.0923289293626453e-16,0.0005641932229892979,6.137653998420891e-16
Random435
Raw:0.21728910048880343,1.5079746592744714e-06,0.1749729596687633,0.47770901115783054,0.02995808565519156,4.675432504479367e-10,0.09950514136421867,1.0923289293626633e-16,0.000564193222989302,6.137653998421035e-16
EFT:0.21728910048880218,1.5079746592744898e-06,0.174972959668762,0.4777090111578329,0.029958085655191653,4.67543250447929e-10,0.09950514136421881,1.0923289293626453e-16,0.0005641932229892979,6.137653998420891e-16
Random436
Raw:0.2172891004888034,1.5079746592744604e-06,0.17497295966876297,0.47770901115783043,0.0299580856551915,4.675432504479249e-10,0.09950514136421935,1.092328929362632e-16,0.000564193222989298,6.137653998420772e-16
EFT:0.21728910048880218,1.5079746592744898e-06,0.174972959668762,0.4777090111578329,0.029958085655191653,4.67543250447929e-10,0.09950514136421881,1.0923289293626453e-16,0.0005641932229892979,6.137653998420891e-16
Random437
Raw:0.2172891004888034,1.5079746592744684e-06,0.17497295966876297,0.47770901115783043,0.029958085655191605,4.675432504479266e-10,0.09950514136421917,1.092328929362632e-16,0.000564193222989298,6.13765399842086e-16
EFT:0.21728910048880218,1.5079746592744898e-06,0.174972959668762,0.4777090111578329,0.029958085655191653,4.67543250447929e-10,0.09950514136421881,1.0923289293626453e-16,0.0005641932229892979,6.137653998420891e-16
Random438
Raw:0.21728910048880146,1.50797465927449e-06,0.17497295966876145,0.4777090111578347,0.029958085655191608,4.675432504479242e-10,0.0995051413642183,1.092328929362634e-16,0.0005641932229892944,6.137653998420871e-16
EFT:0.21728910048880218,1.5079746592744898e-06,0.174972959668762,0.4777090111578329,0.029958085655191653,4.67543250447929e-10,0.09950514136421881,1.0923289293626453e-16,0.0005641932229892979,6.137653998420891e-16
Random439
Raw:0.21728910048880223,1.50797465927449e-06,0.17497295966876236,0.477709011157833,0.02995808565519166,4.675432504479291e-10,0.0995051413642183,1.0923289293626457e-16,0.0005641932229892969,6.137653998420979e-16
EFT:0.21728910048880218,1.5079746592744898e-06,0.174972959668762,0.4777090111578329,0.029958085655191653,4.67543250447929e-10,0.09950514136421881,1.0923289293626453e-16,0.0005641932229892979,6.137653998420891e-16
Random440
Raw:0.2172891004888021,1.5079746592744782e-06,0.17497295966876222,0.47770901115783265,0.02995808565519164,4.675432504479288e-10,0.09950514136421894,1.0923289293626526e-16,0.000564193222989298,6.137653998420888e-16
EFT:0.21728910048880218,1.5079746592744898e-06,0.174972959668762,0.4777090111578329,0.029958085655191653,4.67543250447929e-10,0.09950514136421881,1.0923289293626453e-16,0.0005641932229892979,6.137653998420891e-16
Random441
Raw:0.2172891004888021,1.5079746592744703e-06,0.17497295966876258,0.4777090111578319,0.029958085655191643,4.67543250447923e-10,0.0995051413642193,1.0923289293626276e-16,0.0005641932229892946,6.137653998420791e-16
EFT:0.21728910048880218,1.5079746592744898e-06,0.174972959668762,0.4777090111578329,0.029958085655191653,4.67543250447929e-10,0.09950514136421881,1.0923289293626453e-16,0.0005641932229892979,6.137653998420891e-16
Random442
Raw:0.2172891004888023,1.507974659274458e-06,0.1749729596687633,0.4777090111578314,0.02995808565519156,4.675432504479242e-10,0.09950514136421902,1.0923289293626186e-16,0.0005641932229892956,6.137653998420784e-16
EFT:0.21728910048880218,1.5079746592744898e-06,0.174972959668762,0.4777090111578329,0.029958085655191653,4.67543250447929e-10,0.09950514136421881,1.0923289293626453e-16,0.0005641932229892979,6.137653998420891e-16
Random443
Raw:0.21728910048880332,1.5079746592745082e-06,0.17497295966876258,0.47770901115783027,0.02995808565519165,4.67543250447938e-10,0.09950514136421969,1.0923289293627017e-16,0.0005641932229893027,6.137653998421118e-16
EFT:0.21728910048880218,1.5079746592744898e-06,0.174972959668762,0.4777090111578329,0.029958085655191653,4.67543250447929e-10,0.09950514136421881,1.0923289293626453e-16,0.0005641932229892979,6.137653998420891e-16
Random444
Raw:0.21728910048880176,1.507974659274465e-06,0.17497295966876225,0.4777090111578336,0.02995808565519154,4.675432504479214e-10,0.09950514136421842,1.0923289293626163e-16,0.0005641932229892957,6.137653998420726e-16
EFT:0.21728910048880218,1.5079746592744898e-06,0.174972959668762,0.4777090111578329,0.029958085655191653,4.67543250447929e-10,0.09950514136421881,1.0923289293626453e-16,0.0005641932229892979,6.137653998420891e-16
Random445
Raw:0.21728910048880282,1.5079746592744752e-06,0.17497295966876256,0.47770901115783176,0.029958085655191636,4.675432504479296e-10,0.09950514136421874,1.0923289293626429e-16,0.0005641932229892974,6.1376539984208765e-16
EFT:0.21728910048880218,1.5079746592744898e-06,0.174972959668762,0.4777090111578329,0.029958085655191653,4.67543250447929e-10,0.09950514136421881,1.0923289293626453e-16,0.0005641932229892979,6.137653998420891e-16
Random446
Raw:0.21728910048880237,1.5079746592744722e-06,0.1749729596687625,0.4777090111578325,0.02995808565519152,4.675432504479269e-10,0.09950514136421855,1.0923289293626445e-16,0.0005641932229892964,6.137653998420886e-16
EFT:0.21728910048880218,1.5079746592744898e-06,0.174972959668762,0.4777090111578329,0.029958085655191653,4.67543250447929e-10,0.09950514136421881,1.0923289293626453e-16,0.0005641932229892979,6.137653998420935e-16
Random447
Raw:0.21728910048880218,1.5079746592744682e-06,0.17497295966876264,0.47770901115783204,0.02995808565519155,4.675432504479232e-10,0.09950514136421916,1.0923289293626202e-16,0.0005641932229892969,6.137653998420749e-16
EFT:0.21728910048880218,1.5079746592744898e-06,0.174972959668762,0.4777090111578329,0.029958085655191653,4.67543250447929e-10,0.09950514136421881,1.0923289293626453e-16,0.0005641932229892979,6.137653998420891e-16
Random448
Raw:0.21728910048880332,1.5079746592744815e-06,0.17497295966876322,0.47770901115783027,0.02995808565519165,4.675432504479348e-10,0.09950514136421915,1.0923289293626627e-16,0.0005641932229892992,6.137653998420989e-16
EFT:0.21728910048880218,1.5079746592744898e-06,0.174972959668762,0.4777090111578329,0.029958085655191653,4.67543250447929e-10,0.09950514136421881,1.0923289293626453e-16,0.0005641932229892979,6.137653998420935e-16
Random449
Raw:0.21728910048880343,1.5079746592744769e-06,0.174972959668763,0.47770901115783054,0.02995808565519156,4.675432504479317e-10,0.09950514136421902,1.0923289293626478e-16,0.0005641932229893,6.1376539984209475e-16
EFT:0.21728910048880218,1.5079746592744898e-06,0.174972959668762,0.4777090111578329,0.029958085655191653,4.67543250447929e-10,0.09950514136421881,1.0923289293626453e-16,0.0005641932229892979,6.137653998420935e-16
Random450
Raw:0.21728910048880348,1.5079746592744798e-06,0.17497295966876272,0.47770901115783065,0.029958085655191567,4.675432504479318e-10,0.09950514136421922,1.0923289293626558e-16,0.0005641932229893001,6.137653998420949e-16
EFT:0.21728910048880218,1.5079746592744898e-06,0.174972959668762,0.4777090111578329,0.029958085655191653,4.67543250447929e-10,0.09950514136421881,1.0923289293626453e-16,0.0005641932229892979,6.137653998420935e-16
Random451
Raw:0.21728910048880146,1.507974659274506e-06,0.17497295966876145,0.4777090111578347,0.029958085655191716,4.675432504479325e-10,0.0995051413642183,1.0923289293626574e-16,0.0005641932229892979,6.137653998421045e-16
EFT:0.21728910048880218,1.5079746592744898e-06,0.174972959668762,0.4777090111578329,0.029958085655191653,4.67543250447929e-10,0.09950514136421881,1.0923289293626453e-16,0.0005641932229892979,6.137653998420891e-16
Random452
Raw:0.217289100488802,1.507974659274483e-06,0.17497295966876217,0.4777090111578334,0.029958085655191632,4.675432504479244e-10,0.09950514136421838,1.0923289293626233e-16,0.0005641932229892954,6.137653998420809e-16
EFT:0.21728910048880218,1.5079746592744898e-06,0.174972959668762,0.4777090111578329,0.029958085655191653,4.67543250447929e-10,0.09950514136421881,1.0923289293626453e-16,0.0005641932229892979,6.137653998420935e-16
Random453
Raw:0.21728910048880318,1.5079746592744775e-06,0.17497295966876275,0.47770901115783077,0.029958085655191573,4.675432504479319e-10,0.09950514136421924,1.092328929362664e-16,0.0005641932229892987,6.13765399842095e-16
EFT:0.21728910048880218,1.5079746592744898e-06,0.174972959668762,0.4777090111578329,0.029958085655191653,4.67543250447929e-10,0.09950514136421881,1.0923289293626453e-16,0.0005641932229892979,6.137653998420935e-16
Random454
Raw:0.21728910048880162,1.5079746592744589e-06,0.17497295966876217,0.4777090111578342,0.029958085655191577,4.67543250447922e-10,0.09950514136421802,1.0923289293626021e-16,0.0005641932229892948,6.137653998420734e-16
EFT:0.21728910048880218,1.5079746592744898e-06,0.174972959668762,0.4777090111578329,0.029958085655191653,4.67543250447929e-10,0.09950514136421881,1.0923289293626453e-16,0.0005641932229892979,6.137653998420891e-16
Random455
Raw:0.21728910048880332,1.5079746592744786e-06,0.1749729596687629,0.47770901115783027,0.029958085655191594,4.675432504479331e-10,0.0995051413642195,1.0923289293626627e-16,0.0005641932229893008,6.137653998420989e-16
EFT:0.21728910048880218,1.5079746592744898e-06,0.174972959668762,0.4777090111578329,0.029958085655191653,4.67543250447929e-10,0.09950514136421881,1.0923289293626453e-16,0.0005641932229892979,6.137653998420891e-16
Random456
Raw:0.21728910048880223,1.5079746592744765e-06,0.17497295966876203,0.477709011157833,0.02995808565519166,4.675432504479241e-10,0.09950514136421866,1.0923289293626223e-16,0.0005641932229892969,6.137653998420805e-16
EFT:0.21728910048880218,1.5079746592744898e-06,0.174972959668762,0.4777090111578329,0.029958085655191653,4.67543250447929e-10,0.09950514136421881,1.0923289293626453e-16,0.0005641932229892979,6.137653998420891e-16
Random457
Raw:0.21728910048880246,1.5079746592744834e-06,0.17497295966876222,0.47770901115783265,0.029958085655191587,4.675432504479288e-10,0.09950514136421859,1.0923289293626448e-16,0.000564193222989296,6.137653998420932e-16
EFT:0.21728910048880218,1.5079746592744898e-06,0.174972959668762,0.4777090111578329,0.029958085655191653,4.67543250447929e-10,0.09950514136421881,1.0923289293626453e-16,0.0005641932229892979,6.137653998420891e-16
Random458
Raw:0.21728910048880104,1.5079746592744949e-06,0.1749729596687614,0.47770901115783543,0.02995808565519176,4.675432504479232e-10,0.09950514136421792,1.092328929362628e-16,0.0005641932229892943,6.137653998420836e-16
EFT:0.21728910048880218,1.5079746592744898e-06,0.174972959668762,0.4777090111578329,0.029958085655191653,4.67543250447929e-10,0.09950514136421881,1.0923289293626453e-16,0.0005641932229892979,6.137653998420935e-16
Random459
Raw:0.21728910048880132,1.5079746592744648e-06,0.1749729596687613,0.4777090111578352,0.029958085655191587,4.675432504479179e-10,0.09950514136421806,1.0923289293625965e-16,0.000564193222989292,6.137653998420703e-16
EFT:0.21728910048880218,1.5079746592744898e-06,0.174972959668762,0.4777090111578329,0.029958085655191653,4.67543250447929e-10,0.09950514136421881,1.0923289293626453e-16,0.0005641932229892979,6.137653998420935e-16
Random460
Raw:0.21728910048880268,1.5079746592744794e-06,0.17497295966876242,0.47770901115783226,0.029958085655191615,4.675432504479285e-10,0.09950514136421869,1.0923289293626362e-16,0.0005641932229892966,6.137653998420883e-16
EFT:0.21728910048880218,1.5079746592744898e-06,0.174972959668762,0.4777090111578329,0.029958085655191653,4.67543250447929e-10,0.09950514136421881,1.0923289293626453e-16,0.0005641932229892979,6.137653998420891e-16
Random461
Raw:0.2172891004888023,1.5079746592744794e-06,0.17497295966876208,0.4777090111578331,0.029958085655191615,4.675432504479275e-10,0.0995051413642185,1.0923289293626382e-16,0.000564193222989295,6.137653998420894e-16
EFT:0.21728910048880218,1.5079746592744898e-06,0.174972959668762,0.4777090111578329,0.029958085655191653,4.67543250447929e-10,0.09950514136421881,1.0923289293626453e-16,0.0005641932229892979,6.137653998420935e-16
Random462
Raw:0.21728910048880334,1.5079746592744733e-06,0.1749729596687626,0.47770901115783115,0.029958085655191598,4.675432504479273e-10,0.09950514136421881,1.0923289293626336e-16,0.0005641932229892972,6.137653998420869e-16
EFT:0.21728910048880218,1.5079746592744898e-06,0.174972959668762,0.4777090111578329,0.029958085655191653,4.67543250447929e-10,0.09950514136421881,1.0923289293626453e-16,0.0005641932229892979,6.137653998420891e-16
Random463
Raw:0.2172891004888023,1.5079746592744824e-06,0.17497295966876272,0.47770901115783226,0.029958085655191563,4.675432504479267e-10,0.09950514136421869,1.0923289293626362e-16,0.0005641932229892966,6.137653998420883e-16
EFT:0.21728910048880218,1.5079746592744898e-06,0.174972959668762,0.4777090111578329,0.029958085655191653,4.67543250447929e-10,0.09950514136421881,1.0923289293626453e-16,0.0005641932229892979,6.137653998420891e-16
Random464
Raw:0.21728910048880237,1.5079746592744642e-06,0.17497295966876217,0.4777090111578325,0.02995808565519147,4.67543250447922e-10,0.09950514136421909,1.0923289293626212e-16,0.0005641932229892964,6.137653998420712e-16
EFT:0.21728910048880218,1.5079746592744898e-06,0.174972959668762,0.4777090111578329,0.029958085655191653,4.67543250447929e-10,0.09950514136421881,1.0923289293626453e-16,0.0005641932229892979,6.137653998420891e-16
Random465
Raw:0.217289100488802,1.507974659274467e-06,0.1749729596687631,0.4777090111578325,0.02995808565519152,4.675432504479269e-10,0.09950514136421855,1.092328929362629e-16,0.0005641932229892973,6.137653998420842e-16
EFT:0.21728910048880218,1.5079746592744898e-06,0.174972959668762,0.4777090111578329,0.029958085655191653,4.67543250447929e-10,0.09950514136421881,1.0923289293626453e-16,0.0005641932229892979,6.137653998420891e-16
Random466
Raw:0.2172891004888029,1.5079746592744544e-06,0.1749729596687632,0.47770901115783104,0.02995808565519159,4.675432504479222e-10,0.09950514136421879,1.0923289293626179e-16,0.0005641932229892966,6.137653998420736e-16
EFT:0.21728910048880218,1.5079746592744898e-06,0.174972959668762,0.4777090111578329,0.029958085655191653,4.67543250447929e-10,0.09950514136421881,1.0923289293626453e-16,0.0005641932229892979,6.137653998420891e-16
Random467
Raw:0.21728910048880207,1.5079746592744807e-06,0.1749729596687619,0.4777090111578335,0.029958085655191587,4.675432504479245e-10,0.09950514136421841,1.0923289293626313e-16,0.0005641932229892956,6.137653998420811e-16
EFT:0.21728910048880218,1.5079746592744898e-06,0.174972959668762,0.4777090111578329,0.029958085655191653,4.67543250447929e-10,0.09950514136421881,1.0923289293626453e-16,0.0005641932229892979,6.137653998420891e-16
Random468
Raw:0.21728910048880185,1.5079746592744818e-06,0.17497295966876236,0.477709011157833,0.02995808565519166,4.675432504479274e-10,0.09950514136421866,1.0923289293626378e-16,0.000564193222989298,6.137653998420936e-16
EFT:0.21728910048880218,1.5079746592744898e-06,0.174972959668762,0.4777090111578329,0.029958085655191653,4.67543250447929e-10,0.09950514136421881,1.0923289293626453e-16,0.0005641932229892979,6.137653998420891e-16
Random469
Raw:0.21728910048880223,1.5079746592744818e-06,0.17497295966876203,0.477709011157833,0.02995808565519166,4.675432504479241e-10,0.09950514136421866,1.0923289293626378e-16,0.0005641932229892959,6.137653998420848e-16
EFT:0.21728910048880218,1.5079746592744898e-06,0.174972959668762,0.4777090111578329,0.029958085655191653,4.67543250447929e-10,0.09950514136421881,1.0923289293626453e-16,0.0005641932229892979,6.137653998420891e-16
Random470
Raw:0.21728910048880196,1.507974659274488e-06,0.17497295966876214,0.47770901115783326,0.02995808565519157,4.67543250447931e-10,0.09950514136421854,1.0923289293626463e-16,0.0005641932229892978,6.137653998420983e-16
EFT:0.21728910048880218,1.5079746592744898e-06,0.174972959668762,0.4777090111578329,0.029958085655191653,4.67543250447929e-10,0.09950514136421881,1.0923289293626453e-16,0.0005641932229892979,6.137653998420935e-16
Random471
Raw:0.21728910048880323,1.5079746592745076e-06,0.17497295966876253,0.47770901115783093,0.02995808565519169,4.67543250447942e-10,0.0995051413642191,1.0923289293627032e-16,0.000564193222989301,6.137653998421215e-16
EFT:0.21728910048880218,1.5079746592744898e-06,0.174972959668762,0.4777090111578329,0.029958085655191653,4.67543250447929e-10,0.09950514136421881,1.0923289293626453e-16,0.0005641932229892979,6.137653998420891e-16
Random472
Raw:0.2172891004888025,1.5079746592744623e-06,0.17497295966876228,0.4777090111578319,0.029958085655191483,4.675432504479214e-10,0.09950514136421948,1.0923289293626198e-16,0.000564193222989295,6.137653998420704e-16
EFT:0.21728910048880218,1.5079746592744898e-06,0.174972959668762,0.4777090111578329,0.029958085655191653,4.67543250447929e-10,0.09950514136421881,1.0923289293626453e-16,0.0005641932229892979,6.137653998420891e-16
Random473
Raw:0.21728910048880484,1.5079746592744438e-06,0.17497295966876447,0.4777090111578269,0.02995808565519149,4.675432504479364e-10,0.09950514136421985,1.092328929362655e-16,0.0005641932229893007,6.137653998420901e-16
EFT:0.21728910048880218,1.5079746592744898e-06,0.174972959668762,0.4777090111578329,0.029958085655191653,4.67543250447929e-10,0.09950514136421881,1.0923289293626453e-16,0.0005641932229892979,6.137653998420891e-16
Random474
Raw:0.2172891004888032,1.5079746592744646e-06,0.17497295966876344,0.47770901115783004,0.02995808565519158,4.675432504479295e-10,0.09950514136421929,1.0923289293626467e-16,0.0005641932229892984,6.137653998420898e-16
EFT:0.21728910048880218,1.5079746592744898e-06,0.174972959668762,0.4777090111578329,0.029958085655191653,4.67543250447929e-10,0.09950514136421881,1.0923289293626453e-16,0.0005641932229892979,6.137653998420891e-16
Random475
Raw:0.2172891004888032,1.5079746592744754e-06,0.17497295966876314,0.47770901115783004,0.029958085655191636,4.675432504479311e-10,0.09950514136421963,1.0923289293626545e-16,0.0005641932229892984,6.137653998420898e-16
EFT:0.21728910048880218,1.5079746592744898e-06,0.174972959668762,0.4777090111578329,0.029958085655191653,4.67543250447929e-10,0.09950514136421881,1.0923289293626453e-16,0.0005641932229892979,6.137653998420935e-16
Random476
Raw:0.21728910048880323,1.5079746592744648e-06,0.17497295966876283,0.47770901115783093,0.029958085655191532,4.675432504479271e-10,0.09950514136421894,1.0923289293626331e-16,0.0005641932229892975,6.137653998420866e-16
EFT:0.21728910048880218,1.5079746592744898e-06,0.174972959668762,0.4777090111578329,0.029958085655191653,4.67543250447929e-10,0.09950514136421881,1.0923289293626453e-16,0.0005641932229892979,6.137653998420935e-16
Random477
Raw:0.217289100488802,1.5079746592744642e-06,0.1749729596687625,0.4777090111578325,0.02995808565519152,4.675432504479236e-10,0.09950514136421909,1.092328929362629e-16,0.0005641932229892978,6.137653998420755e-16
EFT:0.21728910048880218,1.5079746592744898e-06,0.174972959668762,0.4777090111578329,0.029958085655191653,4.67543250447929e-10,0.09950514136421881,1.0923289293626453e-16,0.0005641932229892979,6.137653998420935e-16
Random478
Raw:0.21728910048880104,1.507974659274479e-06,0.17497295966876172,0.47770901115783543,0.0299580856551916,4.675432504479249e-10,0.09950514136421774,1.0923289293626204e-16,0.0005641932229892937,6.137653998420879e-16
EFT:0.21728910048880218,1.5079746592744898e-06,0.174972959668762,0.4777090111578329,0.029958085655191653,4.67543250447929e-10,0.09950514136421881,1.0923289293626453e-16,0.0005641932229892979,6.137653998420891e-16
Random479
Raw:0.2172891004888025,1.507974659274473e-06,0.17497295966876258,0.4777090111578319,0.02995808565519159,4.67543250447928e-10,0.09950514136421895,1.0923289293626431e-16,0.0005641932229892981,6.137653998420922e-16
EFT:0.21728910048880218,1.5079746592744898e-06,0.174972959668762,0.4777090111578329,0.029958085655191653,4.67543250447929e-10,0.09950514136421881,1.0923289293626453e-16,0.0005641932229892979,6.137653998420891e-16
Random480
Raw:0.2172891004888024,1.5079746592744775e-06,0.1749729596687628,0.47770901115783165,0.029958085655191577,4.675432504479262e-10,0.09950514136421909,1.0923289293626426e-16,0.0005641932229892994,6.137653998420831e-16
EFT:0.21728910048880218,1.5079746592744898e-06,0.174972959668762,0.4777090111578329,0.029958085655191653,4.67543250447929e-10,0.09950514136421881,1.0923289293626453e-16,0.0005641932229892979,6.137653998420891e-16
Random481
Raw:0.21728910048880104,1.507974659274463e-06,0.1749729596687623,0.4777090111578346,0.0299580856551916,4.675432504479207e-10,0.09950514136421794,1.092328929362603e-16,0.0005641932229892939,6.137653998420738e-16
EFT:0.21728910048880218,1.5079746592744898e-06,0.174972959668762,0.4777090111578329,0.029958085655191653,4.67543250447929e-10,0.09950514136421881,1.0923289293626453e-16,0.0005641932229892979,6.137653998420891e-16
Random482
Raw:0.2172891004888032,1.5079746592744699e-06,0.1749729596687628,0.4777090111578309,0.02995808565519153,4.675432504479288e-10,0.09950514136421927,1.092328929362633e-16,0.000564193222989298,6.137653998420866e-16
EFT:0.21728910048880218,1.5079746592744898e-06,0.174972959668762,0.4777090111578329,0.029958085655191653,4.67543250447929e-10,0.09950514136421881,1.0923289293626453e-16,0.0005641932229892979,6.137653998420891e-16
Random483
Raw:0.21728910048880337,1.5079746592744657e-06,0.17497295966876358,0.47770901115782954,0.02995808565519155,4.675432504479324e-10,0.09950514136421953,1.0923289293626534e-16,0.0005641932229892988,6.137653998420935e-16
EFT:0.21728910048880218,1.5079746592744898e-06,0.174972959668762,0.4777090111578329,0.029958085655191653,4.67543250447929e-10,0.09950514136421881,1.0923289293626453e-16,0.0005641932229892979,6.137653998420891e-16
Random484
Raw:0.21728910048880284,1.5079746592744915e-06,0.17497295966876283,0.47770901115783093,0.02995808565519164,4.675432504479321e-10,0.09950514136421929,1.0923289293626566e-16,0.0005641932229892995,6.137653998420997e-16
EFT:0.21728910048880218,1.5079746592744898e-06,0.174972959668762,0.4777090111578329,0.029958085655191653,4.67543250447929e-10,0.09950514136421881,1.0923289293626453e-16,0.0005641932229892979,6.137653998420935e-16
Random485
Raw:0.2172891004888029,1.5079746592744811e-06,0.1749729596687632,0.47770901115783104,0.0299580856551917,4.675432504479338e-10,0.09950514136421879,1.092328929362649e-16,0.0005641932229892982,6.137653998420954e-16
EFT:0.21728910048880218,1.5079746592744898e-06,0.174972959668762,0.4777090111578329,0.029958085655191653,4.67543250447929e-10,0.09950514136421881,1.0923289293626453e-16,0.0005641932229892979,6.137653998420935e-16
Random486
Raw:0.21728910048880318,1.5079746592744936e-06,0.17497295966876275,0.47770901115783077,0.02995808565519168,4.675432504479319e-10,0.09950514136421924,1.092328929362664e-16,0.0005641932229892987,6.137653998420995e-16
EFT:0.21728910048880218,1.5079746592744898e-06,0.174972959668762,0.4777090111578329,0.029958085655191653,4.67543250447929e-10,0.09950514136421881,1.0923289293626453e-16,0.0005641932229892979,6.137653998420935e-16
Random487
Raw:0.21728910048880176,1.5079746592744839e-06,0.17497295966876164,0.4777090111578345,0.029958085655191594,4.675432504479272e-10,0.09950514136421808,1.0923289293626257e-16,0.0005641932229892946,6.137653998420868e-16
EFT:0.21728910048880218,1.5079746592744898e-06,0.174972959668762,0.4777090111578329,0.029958085655191653,4.67543250447929e-10,0.09950514136421881,1.0923289293626453e-16,0.0005641932229892979,6.137653998420891e-16
Random488
Raw:0.2172891004888019,1.5079746592744608e-06,0.1749729596687624,0.4777090111578331,0.029958085655191508,4.675432504479242e-10,0.09950514136421869,1.0923289293626225e-16,0.000564193222989295,6.137653998420763e-16
EFT:0.21728910048880218,1.5079746592744898e-06,0.174972959668762,0.4777090111578329,0.029958085655191653,4.67543250447929e-10,0.09950514136421881,1.0923289293626453e-16,0.0005641932229892979,6.137653998420891e-16
Random489
Raw:0.21728910048880273,1.50797465927448e-06,0.17497295966876275,0.47770901115783154,0.029958085655191622,4.675432504479294e-10,0.09950514136421888,1.0923289293626424e-16,0.0005641932229892982,6.137653998420917e-16
EFT:0.21728910048880218,1.5079746592744898e-06,0.174972959668762,0.4777090111578329,0.029958085655191653,4.67543250447929e-10,0.09950514136421881,1.0923289293626453e-16,0.0005641932229892979,6.137653998420891e-16
Random490
Raw:0.2172891004888016,1.5079746592744479e-06,0.17497295966876214,0.47770901115783326,0.029958085655191466,4.675432504479177e-10,0.09950514136421906,1.0923289293625999e-16,0.0005641932229892962,6.137653998420634e-16
EFT:0.21728910048880218,1.5079746592744898e-06,0.174972959668762,0.4777090111578329,0.029958085655191653,4.67543250447929e-10,0.09950514136421881,1.0923289293626453e-16,0.0005641932229892979,6.137653998420891e-16
Random491
Raw:0.217289100488801,1.5079746592744491e-06,0.17497295966876136,0.4777090111578362,0.02995808565519149,4.675432504479107e-10,0.09950514136421738,1.0923289293625678e-16,0.0005641932229892892,6.137653998420541e-16
EFT:0.21728910048880218,1.5079746592744898e-06,0.174972959668762,0.4777090111578329,0.029958085655191653,4.67543250447929e-10,0.09950514136421881,1.0923289293626453e-16,0.0005641932229892979,6.137653998420891e-16
Random492
Raw:0.21728910048880176,1.5079746592744837e-06,0.17497295966876195,0.4777090111578336,0.029958085655191594,4.675432504479247e-10,0.0995051413642186,1.0923289293626238e-16,0.0005641932229892966,6.137653998420856e-16
EFT:0.21728910048880218,1.5079746592744898e-06,0.174972959668762,0.4777090111578329,0.029958085655191653,4.67543250447929e-10,0.09950514136421881,1.0923289293626453e-16,0.0005641932229892979,6.137653998420891e-16
Random493
Raw:0.21728910048880307,1.507974659274466e-06,0.1749729596687633,0.47770901115783054,0.02995808565519161,4.675432504479267e-10,0.09950514136421902,1.0923289293626323e-16,0.0005641932229892985,6.137653998420817e-16
EFT:0.21728910048880218,1.5079746592744898e-06,0.174972959668762,0.4777090111578329,0.029958085655191653,4.67543250447929e-10,0.09950514136421881,1.0923289293626453e-16,0.0005641932229892979,6.137653998420891e-16
Random494
Raw:0.2172891004888023,1.5079746592744741e-06,0.1749729596687633,0.4777090111578314,0.029958085655191667,4.675432504479308e-10,0.09950514136421902,1.0923289293626498e-16,0.0005641932229892991,6.137653998420915e-16
EFT:0.21728910048880218,1.5079746592744898e-06,0.174972959668762,0.4777090111578329,0.029958085655191653,4.67543250447929e-10,0.09950514136421881,1.0923289293626453e-16,0.0005641932229892979,6.137653998420891e-16
Random495
Raw:0.21728910048880284,1.5079746592744568e-06,0.17497295966876314,0.47770901115783093,0.029958085655191584,4.675432504479288e-10,0.09950514136421894,1.0923289293626331e-16,0.000564193222989298,6.137653998420822e-16
EFT:0.21728910048880218,1.5079746592744898e-06,0.174972959668762,0.4777090111578329,0.029958085655191653,4.67543250447929e-10,0.09950514136421881,1.0923289293626453e-16,0.0005641932229892979,6.137653998420891e-16
Random496
Raw:0.21728910048880204,1.5079746592744885e-06,0.17497295966876186,0.4777090111578342,0.029958085655191685,4.67543250447927e-10,0.09950514136421786,1.0923289293626329e-16,0.0005641932229892959,6.137653998420908e-16
EFT:0.21728910048880218,1.5079746592744898e-06,0.174972959668762,0.4777090111578329,0.029958085655191653,4.67543250447929e-10,0.09950514136421881,1.0923289293626453e-16,0.0005641932229892979,6.137653998420891e-16
Random497
Raw:0.2172891004888034,1.5079746592744873e-06,0.17497295966876297,0.47770901115783043,0.02995808565519166,4.67543250447935e-10,0.09950514136421917,1.0923289293626631e-16,0.0005641932229892994,6.137653998421034e-16
EFT:0.21728910048880218,1.5079746592744898e-06,0.174972959668762,0.4777090111578329,0.029958085655191653,4.67543250447929e-10,0.09950514136421881,1.0923289293626453e-16,0.0005641932229892979,6.137653998420891e-16
Random498
Raw:0.21728910048880168,1.507974659274462e-06,0.17497295966876286,0.47770901115783265,0.029958085655191532,4.675432504479238e-10,0.09950514136421876,1.0923289293626216e-16,0.0005641932229892955,6.137653998420801e-16
EFT:0.21728910048880218,1.5079746592744898e-06,0.174972959668762,0.4777090111578329,0.029958085655191653,4.67543250447929e-10,0.09950514136421881,1.0923289293626453e-16,0.0005641932229892979,6.137653998420891e-16
Random499
Raw:0.2172891004888017,1.5079746592745023e-06,0.17497295966876159,0.4777090111578344,0.0299580856551918,4.675432504479288e-10,0.09950514136421806,1.092328929362641e-16,0.0005641932229892966,6.137653998420953e-16
EFT:0.21728910048880218,1.5079746592744898e-06,0.174972959668762,0.4777090111578329,0.029958085655191653,4.67543250447929e-10,0.09950514136421881,1.0923289293626453e-16,0.0005641932229892979,6.137653998420891e-16
Random500
Raw:0.2172891004888022,1.5079746592744843e-06,0.1749729596687617,0.47770901115783376,0.029958085655191605,4.675432504479265e-10,0.09950514136421829,1.0923289293626319e-16,0.0005641932229892968,6.137653998420858e-16
EFT:0.21728910048880218,1.5079746592744898e-06,0.174972959668762,0.4777090111578329,0.029958085655191653,4.67543250447929e-10,0.09950514136421881,1.0923289293626453e-16,0.0005641932229892979,6.137653998420891e-16
Random501
Raw:0.2172891004888018,1.507974659274471e-06,0.17497295966876264,0.4777090111578329,0.029958085655191546,4.675432504479257e-10,0.09950514136421863,1.0923289293626298e-16,0.0005641932229892958,6.137653998420804e-16
EFT:0.21728910048880218,1.5079746592744898e-06,0.174972959668762,0.4777090111578329,0.029958085655191653,4.67543250447929e-10,0.09950514136421881,1.0923289293626453e-16,0.0005641932229892979,6.137653998420935e-16
Random502
Raw:0.21728910048880312,1.5079746592744798e-06,0.17497295966876303,0.47770901115783065,0.02995808565519162,4.675432504479318e-10,0.09950514136421905,1.0923289293626558e-16,0.0005641932229892992,6.137653998420949e-16
EFT:0.21728910048880218,1.5079746592744898e-06,0.174972959668762,0.4777090111578329,0.029958085655191653,4.67543250447929e-10,0.09950514136421881,1.0923289293626453e-16,0.0005641932229892979,6.137653998420891e-16
Random503
Raw:0.2172891004888014,1.5079746592744654e-06,0.1749729596687623,0.4777090111578337,0.029958085655191494,4.675432504479248e-10,0.09950514136421862,1.0923289293626318e-16,0.0005641932229892988,6.137653998420814e-16
EFT:0.21728910048880218,1.5079746592744898e-06,0.174972959668762,0.4777090111578329,0.029958085655191653,4.67543250447929e-10,0.09950514136421881,1.0923289293626453e-16,0.0005641932229892979,6.137653998420935e-16
Random504
Raw:0.21728910048880146,1.5079746592744845e-06,0.17497295966876114,0.4777090111578347,0.029958085655191664,4.675432504479192e-10,0.09950514136421866,1.092328929362611e-16,0.000564193222989293,6.13765399842074e-16
EFT:0.21728910048880218,1.5079746592744898e-06,0.174972959668762,0.4777090111578329,0.029958085655191653,4.67543250447929e-10,0.09950514136421881,1.0923289293626453e-16,0.0005641932229892979,6.137653998420935e-16
Random505
Raw:0.21728910048880187,1.5079746592744845e-06,0.17497295966876172,0.4777090111578339,0.029958085655191664,4.675432504479249e-10,0.09950514136421831,1.0923289293626322e-16,0.000564193222989296,6.13765399842086e-16
EFT:0.21728910048880218,1.5079746592744898e-06,0.174972959668762,0.4777090111578329,0.029958085655191653,4.67543250447929e-10,0.09950514136421881,1.0923289293626453e-16,0.0005641932229892979,6.137653998420891e-16
Random506
Raw:0.21728910048880257,1.5079746592744788e-06,0.17497295966876233,0.47770901115783204,0.0299580856551916,4.675432504479248e-10,0.099505141364219,1.0923289293626357e-16,0.0005641932229892969,6.137653998420793e-16
EFT:0.21728910048880218,1.5079746592744898e-06,0.174972959668762,0.4777090111578329,0.029958085655191653,4.67543250447929e-10,0.09950514136421881,1.0923289293626453e-16,0.0005641932229892979,6.137653998420891e-16
Random507
Raw:0.21728910048880207,1.5079746592744805e-06,0.17497295966876286,0.4777090111578326,0.029958085655191636,4.67543250447932e-10,0.0995051413642184,1.0923289293626447e-16,0.0005641932229893014,6.137653998420974e-16
EFT:0.21728910048880218,1.5079746592744898e-06,0.174972959668762,0.4777090111578329,0.029958085655191653,4.67543250447929e-10,0.09950514136421881,1.0923289293626453e-16,0.0005641932229892979,6.137653998420935e-16
Random508
Raw:0.21728910048880287,1.5079746592744756e-06,0.17497295966876228,0.4777090111578319,0.02995808565519154,4.675432504479246e-10,0.09950514136421895,1.0923289293626354e-16,0.0005641932229892961,6.137653998420878e-16
EFT:0.21728910048880218,1.5079746592744898e-06,0.174972959668762,0.4777090111578329,0.029958085655191653,4.67543250447929e-10,0.09950514136421881,1.0923289293626453e-16,0.0005641932229892979,6.137653998420891e-16
Random509
Raw:0.21728910048880176,1.5079746592744837e-06,0.17497295966876225,0.4777090111578336,0.029958085655191646,4.67543250447928e-10,0.09950514136421826,1.0923289293626393e-16,0.0005641932229892957,6.1376539984209e-16
EFT:0.21728910048880218,1.5079746592744898e-06,0.174972959668762,0.4777090111578329,0.029958085655191653,4.67543250447929e-10,0.09950514136421881,1.0923289293626453e-16,0.0005641932229892979,6.137653998420891e-16
Random510
Raw:0.21728910048880318,1.5079746592744748e-06,0.17497295966876308,0.47770901115783077,0.029958085655191573,4.675432504479335e-10,0.09950514136421908,1.0923289293626561e-16,0.0005641932229892993,6.13765399842095e-16
EFT:0.21728910048880218,1.5079746592744898e-06,0.174972959668762,0.4777090111578329,0.029958085655191653,4.67543250447929e-10,0.09950514136421881,1.0923289293626453e-16,0.0005641932229892979,6.137653998420891e-16
Random511
Raw:0.2172891004888023,1.507974659274493e-06,0.17497295966876272,0.47770901115783226,0.029958085655191667,4.675432504479351e-10,0.09950514136421851,1.0923289293626595e-16,0.0005641932229892991,6.137653998421058e-16
EFT:0.21728910048880218,1.5079746592744898e-06,0.174972959668762,0.4777090111578329,0.029958085655191653,4.67543250447929e-10,0.09950514136421881,1.0923289293626453e-16,0.0005641932229892979,6.137653998420935e-16
Random512
Raw:0.21728910048880307,1.5079746592744714e-06,0.174972959668763,0.47770901115783054,0.02995808565519156,4.675432504479285e-10,0.09950514136421938,1.09232892936264e-16,0.0005641932229892991,6.137653998420861e-16
EFT:0.21728910048880218,1.5079746592744898e-06,0.174972959668762,0.4777090111578329,0.029958085655191653,4.67543250447929e-10,0.09950514136421881,1.0923289293626453e-16,0.0005641932229892979,6.137653998420891e-16
Random513
Raw:0.21728910048880357,1.5079746592744538e-06,0.17497295966876378,0.47770901115782916,0.029958085655191525,4.675432504479303e-10,0.09950514136421963,1.0923289293626447e-16,0.0005641932229892999,6.137653998420886e-16
EFT:0.21728910048880218,1.5079746592744898e-06,0.174972959668762,0.4777090111578329,0.029958085655191653,4.67543250447929e-10,0.09950514136421881,1.0923289293626453e-16,0.0005641932229892979,6.137653998420891e-16
Random514
Raw:0.21728910048880393,1.5079746592744828e-06,0.17497295966876372,0.4777090111578282,0.029958085655191626,4.675432504479394e-10,0.09950514136421997,1.0923289293626891e-16,0.0005641932229893008,6.137653998421092e-16
EFT:0.21728910048880218,1.5079746592744898e-06,0.174972959668762,0.4777090111578329,0.029958085655191653,4.67543250447929e-10,0.09950514136421881,1.0923289293626453e-16,0.0005641932229892979,6.137653998420891e-16
Random515
Raw:0.21728910048880196,1.5079746592744879e-06,0.1749729596687621,0.4777090111578332,0.029958085655191674,4.675432504479243e-10,0.0995051413642187,1.0923289293626384e-16,0.0005641932229892967,6.137653998420851e-16
EFT:0.21728910048880218,1.5079746592744898e-06,0.174972959668762,0.4777090111578329,0.029958085655191653,4.67543250447929e-10,0.09950514136421881,1.0923289293626453e-16,0.0005641932229892979,6.137653998420935e-16
Random516
Raw:0.2172891004888025,1.5079746592744678e-06,0.17497295966876228,0.47770901115783276,0.02995808565519154,4.675432504479239e-10,0.09950514136421842,1.0923289293626143e-16,0.0005641932229892956,6.137653998420802e-16
EFT:0.21728910048880218,1.5079746592744898e-06,0.174972959668762,0.4777090111578329,0.029958085655191653,4.67543250447929e-10,0.09950514136421881,1.0923289293626453e-16,0.0005641932229892979,6.137653998420935e-16
Random517
Raw:0.2172891004888025,1.5079746592744892e-06,0.17497295966876258,0.4777090111578319,0.0299580856551917,4.675432504479312e-10,0.09950514136421877,1.0923289293626509e-16,0.0005641932229892981,6.137653998420965e-16
EFT:0.21728910048880218,1.5079746592744898e-06,0.174972959668762,0.4777090111578329,0.029958085655191653,4.67543250447929e-10,0.09950514136421881,1.0923289293626453e-16,0.0005641932229892979,6.137653998420891e-16
Random518
Raw:0.21728910048880196,1.507974659274469e-06,0.1749729596687621,0.4777090111578332,0.029958085655191515,4.67543250447921e-10,0.09950514136421888,1.0923289293626228e-16,0.0005641932229892953,6.137653998420764e-16
EFT:0.21728910048880218,1.5079746592744898e-06,0.174972959668762,0.4777090111578329,0.029958085655191653,4.67543250447929e-10,0.09950514136421881,1.0923289293626453e-16,0.0005641932229892979,6.137653998420935e-16
Random519
Raw:0.21728910048880218,1.5079746592744923e-06,0.17497295966876233,0.47770901115783204,0.02995808565519171,4.675432504479299e-10,0.09950514136421916,1.092328929362659e-16,0.0005641932229892978,6.137653998421012e-16
EFT:0.21728910048880218,1.5079746592744898e-06,0.174972959668762,0.4777090111578329,0.029958085655191653,4.67543250447929e-10,0.09950514136421881,1.0923289293626453e-16,0.0005641932229892979,6.137653998420891e-16
Random520
Raw:0.2172891004888012,1.5079746592744854e-06,0.17497295966876156,0.477709011157835,0.02995808565519168,4.675432504479244e-10,0.09950514136421801,1.0923289293626269e-16,0.0005641932229892953,6.13765399842083e-16
EFT:0.21728910048880218,1.5079746592744898e-06,0.174972959668762,0.4777090111578329,0.029958085655191653,4.67543250447929e-10,0.09950514136421881,1.0923289293626453e-16,0.0005641932229892979,6.137653998420891e-16
Random521
Raw:0.21728910048880234,1.507974659274472e-06,0.17497295966876214,0.4777090111578324,0.02995808565519157,4.675432504479251e-10,0.09950514136421906,1.0923289293626287e-16,0.0005641932229892967,6.137653998420797e-16
EFT:0.21728910048880218,1.5079746592744898e-06,0.174972959668762,0.4777090111578329,0.029958085655191653,4.67543250447929e-10,0.09950514136421881,1.0923289293626453e-16,0.0005641932229892979,6.137653998420891e-16
Random522
Raw:0.2172891004888012,1.507974659274467e-06,0.1749729596687618,0.477709011157835,0.029958085655191626,4.675432504479195e-10,0.09950514136421783,1.092328929362596e-16,0.0005641932229892943,6.137653998420744e-16
EFT:0.21728910048880218,1.5079746592744898e-06,0.174972959668762,0.4777090111578329,0.029958085655191653,4.67543250447929e-10,0.09950514136421881,1.0923289293626453e-16,0.0005641932229892979,6.137653998420935e-16
Random523
Raw:0.217289100488802,1.5079746592744697e-06,0.1749729596687625,0.4777090111578325,0.029958085655191577,4.675432504479236e-10,0.09950514136421909,1.0923289293626212e-16,0.0005641932229892969,6.137653998420799e-16
EFT:0.21728910048880218,1.5079746592744898e-06,0.174972959668762,0.4777090111578329,0.029958085655191653,4.67543250447929e-10,0.09950514136421881,1.0923289293626453e-16,0.0005641932229892979,6.137653998420891e-16
Random524
Raw:0.21728910048880182,1.5079746592744576e-06,0.17497295966876167,0.4777090111578346,0.029958085655191497,4.675432504479157e-10,0.09950514136421794,1.0923289293625796e-16,0.0005641932229892918,6.137653998420652e-16
EFT:0.21728910048880218,1.5079746592744898e-06,0.174972959668762,0.4777090111578329,0.029958085655191653,4.67543250447929e-10,0.09950514136421881,1.0923289293626453e-16,0.0005641932229892979,6.137653998420935e-16
Random525
Raw:0.2172891004888034,1.5079746592744792e-06,0.17497295966876297,0.47770901115783043,0.02995808565519166,4.675432504479299e-10,0.09950514136421917,1.0923289293626553e-16,0.0005641932229892999,6.137653998420947e-16
EFT:0.21728910048880218,1.5079746592744898e-06,0.174972959668762,0.4777090111578329,0.029958085655191653,4.67543250447929e-10,0.09950514136421881,1.0923289293626453e-16,0.0005641932229892979,6.137653998420891e-16
Random526
Raw:0.21728910048880237,1.507974659274475e-06,0.1749729596687628,0.4777090111578325,0.02995808565519152,4.675432504479253e-10,0.09950514136421837,1.0923289293626212e-16,0.0005641932229892947,6.137653998420842e-16
EFT:0.21728910048880218,1.5079746592744898e-06,0.174972959668762,0.4777090111578329,0.029958085655191653,4.67543250447929e-10,0.09950514136421881,1.0923289293626453e-16,0.0005641932229892979,6.137653998420891e-16
Random527
Raw:0.2172891004888018,1.507974659274471e-06,0.1749729596687623,0.4777090111578329,0.029958085655191546,4.675432504479273e-10,0.09950514136421898,1.0923289293626376e-16,0.0005641932229892973,6.137653998420847e-16
EFT:0.21728910048880218,1.5079746592744898e-06,0.174972959668762,0.4777090111578329,0.029958085655191653,4.67543250447929e-10,0.09950514136421881,1.0923289293626453e-16,0.0005641932229892979,6.137653998420891e-16
Random528
Raw:0.21728910048880246,1.5079746592744674e-06,0.17497295966876222,0.47770901115783265,0.02995808565519148,4.675432504479238e-10,0.09950514136421876,1.092328929362614e-16,0.0005641932229892945,6.137653998420757e-16
EFT:0.21728910048880218,1.5079746592744898e-06,0.174972959668762,0.4777090111578329,0.029958085655191653,4.67543250447929e-10,0.09950514136421881,1.0923289293626453e-16,0.0005641932229892979,6.137653998420935e-16
Random529
Raw:0.21728910048880123,1.5079746592744589e-06,0.17497295966876247,0.4777090111578342,0.029958085655191577,4.67543250447922e-10,0.09950514136421802,1.0923289293626098e-16,0.0005641932229892923,6.137653998420777e-16
EFT:0.21728910048880218,1.5079746592744898e-06,0.174972959668762,0.4777090111578329,0.029958085655191653,4.67543250447929e-10,0.09950514136421881,1.0923289293626453e-16,0.0005641932229892979,6.137653998420935e-16
Random530
Raw:0.21728910048880387,1.5079746592744718e-06,0.17497295966876397,0.47770901115782893,0.02995808565519162,4.675432504479367e-10,0.09950514136421922,1.0923289293626598e-16,0.0005641932229893011,6.137653998421015e-16
EFT:0.21728910048880218,1.5079746592744898e-06,0.174972959668762,0.4777090111578329,0.029958085655191653,4.67543250447929e-10,0.09950514136421881,1.0923289293626453e-16,0.0005641932229892979,6.137653998420891e-16
Random531
Raw:0.21728910048880298,1.507974659274495e-06,0.17497295966876267,0.47770901115783126,0.029958085655191712,4.675432504479357e-10,0.09950514136421883,1.0923289293626728e-16,0.0005641932229892994,6.137653998421089e-16
EFT:0.21728910048880218,1.5079746592744898e-06,0.174972959668762,0.4777090111578329,0.029958085655191653,4.67543250447929e-10,0.09950514136421881,1.0923289293626453e-16,0.0005641932229892979,6.137653998420935e-16
Random532
Raw:0.21728910048880196,1.5079746592744667e-06,0.17497295966876214,0.47770901115783326,0.02995808565519157,4.675432504479211e-10,0.09950514136421854,1.0923289293626076e-16,0.0005641932229892937,6.137653998420722e-16
EFT:0.21728910048880218,1.5079746592744898e-06,0.174972959668762,0.4777090111578329,0.029958085655191653,4.67543250447929e-10,0.09950514136421881,1.0923289293626453e-16,0.0005641932229892979,6.137653998420935e-16
Random533
Raw:0.21728910048880273,1.50797465927448e-06,0.17497295966876306,0.47770901115783154,0.029958085655191678,4.675432504479377e-10,0.09950514136421854,1.0923289293626657e-16,0.0005641932229892993,6.137653998421048e-16
EFT:0.21728910048880218,1.5079746592744898e-06,0.174972959668762,0.4777090111578329,0.029958085655191653,4.67543250447929e-10,0.09950514136421881,1.0923289293626453e-16,0.0005641932229892979,6.137653998420891e-16
Random534
Raw:0.21728910048880307,1.5079746592744741e-06,0.1749729596687633,0.47770901115783054,0.02995808565519156,4.675432504479333e-10,0.09950514136421902,1.0923289293626556e-16,0.0005641932229893,6.137653998420992e-16
EFT:0.21728910048880218,1.5079746592744898e-06,0.174972959668762,0.4777090111578329,0.029958085655191653,4.67543250447929e-10,0.09950514136421881,1.0923289293626453e-16,0.0005641932229892979,6.137653998420891e-16
Random535
Raw:0.2172891004888024,1.5079746592744589e-06,0.17497295966876308,0.47770901115783165,0.029958085655191577,4.675432504479244e-10,0.09950514136421891,1.0923289293626193e-16,0.0005641932229892964,6.137653998420788e-16
EFT:0.21728910048880218,1.5079746592744898e-06,0.174972959668762,0.4777090111578329,0.029958085655191653,4.67543250447929e-10,0.09950514136421881,1.0923289293626453e-16,0.0005641932229892979,6.137653998420891e-16
Random536
Raw:0.21728910048880243,1.5079746592744887e-06,0.17497295966876286,0.4777090111578326,0.029958085655191688,4.675432504479354e-10,0.09950514136421805,1.0923289293626525e-16,0.0005641932229893005,6.137653998421062e-16
EFT:0.21728910048880218,1.5079746592744898e-06,0.174972959668762,0.4777090111578329,0.029958085655191653,4.67543250447929e-10,0.09950514136421881,1.0923289293626453e-16,0.0005641932229892979,6.137653998420891e-16
Random537
Raw:0.21728910048880207,1.5079746592744887e-06,0.17497295966876222,0.4777090111578326,0.029958085655191688,4.675432504479271e-10,0.09950514136421892,1.092328929362637e-16,0.0005641932229892979,6.137653998420887e-16
EFT:0.21728910048880218,1.5079746592744898e-06,0.174972959668762,0.4777090111578329,0.029958085655191653,4.67543250447929e-10,0.09950514136421881,1.0923289293626453e-16,0.0005641932229892979,6.137653998420891e-16
Random538
Raw:0.21728910048880312,1.5079746592744828e-06,0.17497295966876272,0.47770901115783065,0.02995808565519162,4.675432504479318e-10,0.09950514136421958,1.0923289293626558e-16,0.0005641932229892997,6.137653998420949e-16
EFT:0.21728910048880218,1.5079746592744898e-06,0.174972959668762,0.4777090111578329,0.029958085655191653,4.67543250447929e-10,0.09950514136421881,1.0923289293626453e-16,0.0005641932229892979,6.137653998420891e-16
Random539
Raw:0.21728910048880257,1.5079746592744843e-06,0.17497295966876264,0.47770901115783204,0.029958085655191653,4.675432504479331e-10,0.09950514136421863,1.0923289293626513e-16,0.0005641932229892983,6.137653998421012e-16
EFT:0.21728910048880218,1.5079746592744898e-06,0.174972959668762,0.4777090111578329,0.029958085655191653,4.67543250447929e-10,0.09950514136421881,1.0923289293626453e-16,0.0005641932229892979,6.137653998420935e-16
Random540
Raw:0.21728910048880307,1.5079746592744741e-06,0.17497295966876272,0.47770901115783143,0.029958085655191615,4.675432504479293e-10,0.09950514136421851,1.0923289293626344e-16,0.0005641932229892956,6.137653998420916e-16
EFT:0.21728910048880218,1.5079746592744898e-06,0.174972959668762,0.4777090111578329,0.029958085655191653,4.67543250447929e-10,0.09950514136421881,1.0923289293626453e-16,0.0005641932229892979,6.137653998420891e-16
Random541
Raw:0.21728910048880085,1.5079746592744695e-06,0.17497295966876156,0.477709011157835,0.029958085655191573,4.675432504479195e-10,0.09950514136421855,1.0923289293626116e-16,0.0005641932229892933,6.1376539984207e-16
EFT:0.21728910048880218,1.5079746592744898e-06,0.174972959668762,0.4777090111578329,0.029958085655191653,4.67543250447929e-10,0.09950514136421881,1.0923289293626453e-16,0.0005641932229892979,6.137653998420891e-16
Random542
Raw:0.21728910048880168,1.5079746592744915e-06,0.1749729596687619,0.4777090111578343,0.02995808565519164,4.675432504479288e-10,0.09950514136421805,1.0923289293626409e-16,0.0005641932229892955,6.13765399842091e-16
EFT:0.21728910048880218,1.5079746592744898e-06,0.174972959668762,0.4777090111578329,0.029958085655191653,4.67543250447929e-10,0.09950514136421881,1.0923289293626453e-16,0.0005641932229892979,6.137653998420891e-16
Random543
Raw:0.2172891004888045,1.5079746592744684e-06,0.1749729596687639,0.4777090111578278,0.0299580856551916,4.675432504479374e-10,0.0995051413642197,1.0923289293626727e-16,0.0005641932229893013,6.137653998421001e-16
EFT:0.21728910048880218,1.5079746592744898e-06,0.174972959668762,0.4777090111578329,0.029958085655191653,4.67543250447929e-10,0.09950514136421881,1.0923289293626453e-16,0.0005641932229892979,6.137653998420891e-16
Random544
Raw:0.2172891004888019,1.5079746592744688e-06,0.17497295966876208,0.4777090111578331,0.02995808565519156,4.675432504479209e-10,0.09950514136421902,1.0923289293626225e-16,0.0005641932229892955,6.137653998420763e-16
EFT:0.21728910048880218,1.5079746592744898e-06,0.174972959668762,0.4777090111578329,0.029958085655191653,4.67543250447929e-10,0.09950514136421881,1.0923289293626453e-16,0.0005641932229892979,6.137653998420935e-16
Random545
Raw:0.21728910048880257,1.507974659274484e-06,0.1749729596687623,0.477709011157832,0.029958085655191598,4.675432504479281e-10,0.09950514136421916,1.0923289293626511e-16,0.0005641932229893007,6.137653998420923e-16
EFT:0.21728910048880218,1.5079746592744898e-06,0.174972959668762,0.4777090111578329,0.029958085655191653,4.67543250447929e-10,0.09950514136421881,1.0923289293626453e-16,0.0005641932229892979,6.137653998420935e-16
Random546
Raw:0.21728910048880237,1.5079746592744938e-06,0.17497295966876217,0.4777090111578325,0.029958085655191577,4.675432504479287e-10,0.0995051413642189,1.0923289293626522e-16,0.0005641932229892983,6.137653998420973e-16
EFT:0.21728910048880218,1.5079746592744898e-06,0.174972959668762,0.4777090111578329,0.029958085655191653,4.67543250447929e-10,0.09950514136421881,1.0923289293626453e-16,0.0005641932229892979,6.137653998420891e-16
Random547
Raw:0.21728910048880312,1.507974659274469e-06,0.17497295966876303,0.47770901115783065,0.029958085655191567,4.675432504479301e-10,0.09950514136421922,1.092328929362648e-16,0.0005641932229892986,6.137653998420906e-16
EFT:0.21728910048880218,1.5079746592744898e-06,0.174972959668762,0.4777090111578329,0.029958085655191653,4.67543250447929e-10,0.09950514136421881,1.0923289293626453e-16,0.0005641932229892979,6.137653998420891e-16
Random548
Raw:0.21728910048880218,1.5079746592744868e-06,0.17497295966876167,0.4777090111578337,0.029958085655191705,4.675432504479281e-10,0.09950514136421845,1.0923289293626395e-16,0.0005641932229892953,6.137653998420902e-16
EFT:0.21728910048880218,1.5079746592744898e-06,0.174972959668762,0.4777090111578329,0.029958085655191653,4.67543250447929e-10,0.09950514136421881,1.0923289293626453e-16,0.0005641932229892979,6.137653998420935e-16
Random549
Raw:0.21728910048880118,1.507974659274464e-06,0.17497295966876214,0.4777090111578341,0.02995808565519157,4.675432504479202e-10,0.09950514136421854,1.0923289293626096e-16,0.0005641932229892928,6.137653998420733e-16
EFT:0.21728910048880218,1.5079746592744898e-06,0.174972959668762,0.4777090111578329,0.029958085655191653,4.67543250447929e-10,0.09950514136421881,1.0923289293626453e-16,0.0005641932229892979,6.137653998420891e-16
Random550
Raw:0.21728910048880146,1.5079746592744928e-06,0.17497295966876172,0.4777090111578347,0.029958085655191664,4.675432504479274e-10,0.09950514136421813,1.0923289293626418e-16,0.0005641932229892965,6.137653998420915e-16
EFT:0.21728910048880218,1.5079746592744898e-06,0.174972959668762,0.4777090111578329,0.029958085655191653,4.67543250447929e-10,0.09950514136421881,1.0923289293626453e-16,0.0005641932229892979,6.137653998420935e-16
Random551
Raw:0.21728910048880182,1.5079746592744925e-06,0.174972959668762,0.47770901115783376,0.02995808565519171,4.675432504479299e-10,0.0995051413642181,1.0923289293626474e-16,0.0005641932229892979,6.137653998420989e-16
EFT:0.21728910048880218,1.5079746592744898e-06,0.174972959668762,0.4777090111578329,0.029958085655191653,4.67543250447929e-10,0.09950514136421881,1.0923289293626453e-16,0.0005641932229892979,6.137653998420935e-16
Random552
Raw:0.21728910048880218,1.5079746592744843e-06,0.174972959668762,0.4777090111578329,0.029958085655191546,4.675432504479273e-10,0.09950514136421898,1.0923289293626376e-16,0.0005641932229893004,6.137653998420891e-16
EFT:0.21728910048880218,1.5079746592744898e-06,0.174972959668762,0.4777090111578329,0.029958085655191653,4.67543250447929e-10,0.09950514136421881,1.0923289293626453e-16,0.0005641932229892979,6.137653998420891e-16
Random553
Raw:0.21728910048880218,1.507974659274463e-06,0.17497295966876295,0.47770901115783204,0.02995808565519155,4.675432504479283e-10,0.09950514136421863,1.0923289293626357e-16,0.0005641932229892972,6.13765399842088e-16
EFT:0.21728910048880218,1.5079746592744898e-06,0.174972959668762,0.4777090111578329,0.029958085655191653,4.67543250447929e-10,0.09950514136421881,1.0923289293626453e-16,0.0005641932229892979,6.137653998420891e-16
Random554
Raw:0.2172891004888018,1.5079746592744896e-06,0.17497295966876197,0.4777090111578337,0.0299580856551916,4.675432504479265e-10,0.09950514136421845,1.0923289293626395e-16,0.0005641932229892978,6.137653998420902e-16
EFT:0.21728910048880218,1.5079746592744898e-06,0.174972959668762,0.4777090111578329,0.029958085655191653,4.67543250447929e-10,0.09950514136421881,1.0923289293626453e-16,0.0005641932229892979,6.137653998420891e-16
Random555
Raw:0.2172891004888026,1.5079746592744737e-06,0.17497295966876295,0.47770901115783126,0.02995808565519166,4.675432504479307e-10,0.09950514136421901,1.0923289293626495e-16,0.0005641932229892979,6.137653998420914e-16
EFT:0.21728910048880218,1.5079746592744898e-06,0.174972959668762,0.4777090111578329,0.029958085655191653,4.67543250447929e-10,0.09950514136421881,1.0923289293626453e-16,0.0005641932229892979,6.137653998420935e-16
Random556
Raw:0.21728910048880287,1.5079746592744866e-06,0.1749729596687629,0.4777090111578319,0.02995808565519159,4.675432504479347e-10,0.09950514136421842,1.0923289293626509e-16,0.0005641932229892986,6.13765399842101e-16
EFT:0.21728910048880218,1.5079746592744898e-06,0.174972959668762,0.4777090111578329,0.029958085655191653,4.67543250447929e-10,0.09950514136421881,1.0923289293626453e-16,0.0005641932229892979,6.137653998420891e-16
Random557
Raw:0.21728910048880207,1.5079746592744782e-06,0.17497295966876222,0.4777090111578335,0.02995808565519164,4.675432504479296e-10,0.09950514136421823,1.092328929362639e-16,0.0005641932229892959,6.137653998420943e-16
EFT:0.21728910048880218,1.5079746592744898e-06,0.174972959668762,0.4777090111578329,0.029958085655191653,4.67543250447929e-10,0.09950514136421881,1.0923289293626453e-16,0.0005641932229892979,6.137653998420935e-16
Random558
Raw:0.21728910048880284,1.5079746592744726e-06,0.17497295966876283,0.47770901115783093,0.029958085655191532,4.675432504479255e-10,0.09950514136421929,1.0923289293626409e-16,0.0005641932229893,6.137653998420822e-16
EFT:0.21728910048880218,1.5079746592744898e-06,0.174972959668762,0.4777090111578329,0.029958085655191653,4.67543250447929e-10,0.09950514136421881,1.0923289293626453e-16,0.0005641932229892979,6.137653998420891e-16
Random559
Raw:0.21728910048880246,1.5079746592744862e-06,0.17497295966876222,0.47770901115783265,0.02995808565519164,4.675432504479305e-10,0.09950514136421841,1.0923289293626448e-16,0.0005641932229892966,6.137653998420932e-16
EFT:0.21728910048880218,1.5079746592744898e-06,0.174972959668762,0.4777090111578329,0.029958085655191653,4.67543250447929e-10,0.09950514136421881,1.0923289293626453e-16,0.0005641932229892979,6.137653998420891e-16
Random560
Raw:0.2172891004888025,1.507974659274457e-06,0.1749729596687629,0.4777090111578319,0.02995808565519159,4.67543250447923e-10,0.0995051413642186,1.0923289293626123e-16,0.0005641932229892946,6.137653998420747e-16
EFT:0.21728910048880218,1.5079746592744898e-06,0.174972959668762,0.4777090111578329,0.029958085655191653,4.67543250447929e-10,0.09950514136421881,1.0923289293626453e-16,0.0005641932229892979,6.137653998420891e-16
Random561
Raw:0.21728910048880296,1.5079746592744733e-06,0.17497295966876292,0.47770901115783115,0.029958085655191653,4.67543250447929e-10,0.09950514136421881,1.0923289293626415e-16,0.0005641932229892988,6.137653998420869e-16
EFT:0.21728910048880218,1.5079746592744898e-06,0.174972959668762,0.4777090111578329,0.029958085655191653,4.67543250447929e-10,0.09950514136421881,1.0923289293626453e-16,0.0005641932229892979,6.137653998420891e-16
Random562
Raw:0.2172891004888011,1.5079746592744686e-06,0.17497295966876175,0.47770901115783554,0.0299580856551915,4.675432504479183e-10,0.09950514136421777,1.0923289293625973e-16,0.0005641932229892915,6.137653998420751e-16
EFT:0.21728910048880218,1.5079746592744898e-06,0.174972959668762,0.4777090111578329,0.029958085655191653,4.67543250447929e-10,0.09950514136421881,1.0923289293626453e-16,0.0005641932229892979,6.137653998420891e-16
Random563
Raw:0.2172891004888023,1.5079746592744716e-06,0.17497295966876242,0.47770901115783226,0.029958085655191615,4.67543250447925e-10,0.09950514136421904,1.0923289293626362e-16,0.000564193222989296,6.137653998420839e-16
EFT:0.21728910048880218,1.5079746592744898e-06,0.174972959668762,0.4777090111578329,0.029958085655191653,4.67543250447929e-10,0.09950514136421881,1.0923289293626453e-16,0.0005641932229892979,6.137653998420935e-16
Random564
Raw:0.21728910048880246,1.5079746592744726e-06,0.17497295966876256,0.47770901115783176,0.029958085655191636,4.675432504479263e-10,0.0995051413642191,1.0923289293626351e-16,0.0005641932229892974,6.137653998420832e-16
EFT:0.21728910048880218,1.5079746592744898e-06,0.174972959668762,0.4777090111578329,0.029958085655191653,4.67543250447929e-10,0.09950514136421881,1.0923289293626453e-16,0.0005641932229892979,6.137653998420891e-16
Random565
Raw:0.21728910048880318,1.5079746592744803e-06,0.17497295966876308,0.47770901115783077,0.029958085655191626,4.675432504479319e-10,0.0995051413642189,1.0923289293626561e-16,0.0005641932229893003,6.137653998420995e-16
EFT:0.21728910048880218,1.5079746592744898e-06,0.174972959668762,0.4777090111578329,0.029958085655191653,4.67543250447929e-10,0.09950514136421881,1.0923289293626453e-16,0.0005641932229892979,6.137653998420891e-16
Random566
Raw:0.21728910048880146,1.5079746592744523e-06,0.17497295966876203,0.4777090111578347,0.029958085655191504,4.675432504479175e-10,0.09950514136421795,1.0923289293625877e-16,0.0005641932229892919,6.137653998420653e-16
EFT:0.21728910048880218,1.5079746592744898e-06,0.174972959668762,0.4777090111578329,0.029958085655191653,4.67543250447929e-10,0.09950514136421881,1.0923289293626453e-16,0.0005641932229892979,6.137653998420935e-16
Random567
Raw:0.21728910048880118,1.5079746592744824e-06,0.1749729596687615,0.4777090111578357,0.02995808565519162,4.675432504479218e-10,0.09950514136421763,1.0923289293626133e-16,0.0005641932229892936,6.137653998420797e-16
EFT:0.21728910048880218,1.5079746592744898e-06,0.174972959668762,0.4777090111578329,0.029958085655191653,4.67543250447929e-10,0.09950514136421881,1.0923289293626453e-16,0.0005641932229892979,6.137653998420891e-16
Random568
Raw:0.21728910048880284,1.5079746592744807e-06,0.17497295966876314,0.47770901115783093,0.02995808565519164,4.675432504479304e-10,0.09950514136421894,1.0923289293626487e-16,0.000564193222989298,6.137653998420952e-16
EFT:0.21728910048880218,1.5079746592744898e-06,0.174972959668762,0.4777090111578329,0.029958085655191653,4.67543250447929e-10,0.09950514136421881,1.0923289293626453e-16,0.0005641932229892979,6.137653998420935e-16
Random569
Raw:0.21728910048880196,1.5079746592744856e-06,0.17497295966876183,0.47770901115783326,0.029958085655191626,4.675432504479261e-10,0.0995051413642189,1.0923289293626386e-16,0.0005641932229892968,6.137653998420896e-16
EFT:0.21728910048880218,1.5079746592744898e-06,0.174972959668762,0.4777090111578329,0.029958085655191653,4.67543250447929e-10,0.09950514136421881,1.0923289293626453e-16,0.0005641932229892979,6.137653998420891e-16
Random570
Raw:0.21728910048880234,1.5079746592744532e-06,0.17497295966876214,0.4777090111578324,0.029958085655191515,4.675432504479152e-10,0.09950514136421923,1.0923289293625901e-16,0.0005641932229892932,6.137653998420623e-16
EFT:0.21728910048880218,1.5079746592744898e-06,0.174972959668762,0.4777090111578329,0.029958085655191653,4.67543250447929e-10,0.09950514136421881,1.0923289293626453e-16,0.0005641932229892979,6.137653998420935e-16
Random571
Raw:0.21728910048880343,1.5079746592744447e-06,0.1749729596687633,0.47770901115783054,0.029958085655191456,4.67543250447925e-10,0.09950514136421885,1.0923289293626245e-16,0.000564193222989296,6.137653998420731e-16
EFT:0.21728910048880218,1.5079746592744898e-06,0.174972959668762,0.4777090111578329,0.029958085655191653,4.67543250447929e-10,0.09950514136421881,1.0923289293626453e-16,0.0005641932229892979,6.137653998420891e-16
Random572
Raw:0.21728910048880318,1.5079746592744748e-06,0.17497295966876308,0.47770901115783077,0.029958085655191573,4.675432504479302e-10,0.09950514136421908,1.0923289293626483e-16,0.0005641932229892998,6.137653998420907e-16
EFT:0.21728910048880218,1.5079746592744898e-06,0.174972959668762,0.4777090111578329,0.029958085655191653,4.67543250447929e-10,0.09950514136421881,1.0923289293626453e-16,0.0005641932229892979,6.137653998420891e-16
Random573
Raw:0.2172891004888011,1.5079746592744659e-06,0.17497295966876175,0.47770901115783554,0.0299580856551915,4.6754325044792e-10,0.09950514136421777,1.092328929362605e-16,0.0005641932229892923,6.137653998420751e-16
EFT:0.21728910048880218,1.5079746592744898e-06,0.174972959668762,0.4777090111578329,0.029958085655191653,4.67543250447929e-10,0.09950514136421881,1.0923289293626453e-16,0.0005641932229892979,6.137653998420935e-16
Random574
Raw:0.2172891004888014,1.5079746592744843e-06,0.17497295966876167,0.4777090111578346,0.0299580856551916,4.675432504479224e-10,0.09950514136421827,1.0923289293626185e-16,0.0005641932229892948,6.137653998420825e-16
EFT:0.21728910048880218,1.5079746592744898e-06,0.174972959668762,0.4777090111578329,0.029958085655191653,4.67543250447929e-10,0.09950514136421881,1.0923289293626453e-16,0.0005641932229892979,6.137653998420935e-16
Random575
Raw:0.2172891004888018,1.5079746592744949e-06,0.17497295966876197,0.4777090111578337,0.029958085655191705,4.675432504479281e-10,0.09950514136421845,1.0923289293626473e-16,0.0005641932229892988,6.137653998420989e-16
EFT:0.21728910048880218,1.5079746592744898e-06,0.174972959668762,0.4777090111578329,0.029958085655191653,4.67543250447929e-10,0.09950514136421881,1.0923289293626453e-16,0.0005641932229892979,6.137653998420935e-16
Random576
Raw:0.21728910048880243,1.507974659274486e-06,0.17497295966876222,0.4777090111578326,0.029958085655191636,4.675432504479288e-10,0.09950514136421876,1.092328929362637e-16,0.000564193222989297,6.137653998420887e-16
EFT:0.21728910048880218,1.5079746592744898e-06,0.174972959668762,0.4777090111578329,0.029958085655191653,4.67543250447929e-10,0.09950514136421881,1.0923289293626453e-16,0.0005641932229892979,6.137653998420935e-16
Random577
Raw:0.21728910048880312,1.5079746592744743e-06,0.17497295966876303,0.47770901115783065,0.029958085655191567,4.675432504479301e-10,0.09950514136421922,1.092328929362648e-16,0.0005641932229892972,6.137653998420906e-16
EFT:0.21728910048880218,1.5079746592744898e-06,0.174972959668762,0.4777090111578329,0.029958085655191653,4.67543250447929e-10,0.09950514136421881,1.0923289293626453e-16,0.0005641932229892979,6.137653998420891e-16
Random578
Raw:0.21728910048880268,1.507974659274469e-06,0.174972959668763,0.47770901115783143,0.029958085655191615,4.675432504479293e-10,0.09950514136421867,1.0923289293626421e-16,0.0005641932229892966,6.137653998420873e-16
EFT:0.21728910048880218,1.5079746592744898e-06,0.174972959668762,0.4777090111578329,0.029958085655191653,4.67543250447929e-10,0.09950514136421881,1.0923289293626453e-16,0.0005641932229892979,6.137653998420891e-16
Random579
Raw:0.21728910048880218,1.5079746592744735e-06,0.17497295966876264,0.47770901115783204,0.029958085655191653,4.675432504479283e-10,0.09950514136421881,1.0923289293626357e-16,0.0005641932229892972,6.13765399842088e-16
EFT:0.21728910048880218,1.5079746592744898e-06,0.174972959668762,0.4777090111578329,0.029958085655191653,4.67543250447929e-10,0.09950514136421881,1.0923289293626453e-16,0.0005641932229892979,6.137653998420891e-16
Random580
Raw:0.21728910048880312,1.5079746592744743e-06,0.17497295966876303,0.47770901115783065,0.02995808565519162,4.675432504479286e-10,0.09950514136421922,1.0923289293626403e-16,0.0005641932229892977,6.137653998420906e-16
EFT:0.21728910048880218,1.5079746592744898e-06,0.174972959668762,0.4777090111578329,0.029958085655191653,4.67543250447929e-10,0.09950514136421881,1.0923289293626453e-16,0.0005641932229892979,6.137653998420935e-16
Random581
Raw:0.2172891004888014,1.5079746592744654e-06,0.1749729596687623,0.4777090111578337,0.0299580856551916,4.675432504479182e-10,0.09950514136421862,1.0923289293626087e-16,0.0005641932229892947,6.137653998420728e-16
EFT:0.21728910048880218,1.5079746592744898e-06,0.174972959668762,0.4777090111578329,0.029958085655191653,4.67543250447929e-10,0.09950514136421881,1.0923289293626453e-16,0.0005641932229892979,6.137653998420891e-16
Random582
Raw:0.21728910048880087,1.5079746592744885e-06,0.17497295966876125,0.4777090111578359,0.029958085655191632,4.675432504479254e-10,0.09950514136421786,1.0923289293626291e-16,0.0005641932229892933,6.137653998420886e-16
EFT:0.21728910048880218,1.5079746592744898e-06,0.174972959668762,0.4777090111578329,0.029958085655191653,4.67543250447929e-10,0.09950514136421881,1.0923289293626453e-16,0.0005641932229892979,6.137653998420891e-16
Random583
Raw:0.21728910048880284,1.50797465927447e-06,0.17497295966876314,0.47770901115783093,0.02995808565519164,4.675432504479288e-10,0.09950514136421894,1.0923289293626409e-16,0.0005641932229893005,6.137653998420866e-16
EFT:0.21728910048880218,1.5079746592744898e-06,0.174972959668762,0.4777090111578329,0.029958085655191653,4.67543250447929e-10,0.09950514136421881,1.0923289293626453e-16,0.0005641932229892979,6.137653998420891e-16
Random584
Raw:0.21728910048880187,1.5079746592744875e-06,0.17497295966876142,0.4777090111578339,0.02995808565519161,4.675432504479249e-10,0.09950514136421884,1.0923289293626399e-16,0.000564193222989296,6.137653998420904e-16
EFT:0.21728910048880218,1.5079746592744898e-06,0.174972959668762,0.4777090111578329,0.029958085655191653,4.67543250447929e-10,0.09950514136421881,1.0923289293626453e-16,0.0005641932229892979,6.137653998420935e-16
Random585
Raw:0.21728910048880082,1.5079746592744587e-06,0.17497295966876122,0.4777090111578367,0.02995808565519147,4.675432504479128e-10,0.09950514136421731,1.0923289293625689e-16,0.0005641932229892904,6.137653998420591e-16
EFT:0.21728910048880218,1.5079746592744898e-06,0.174972959668762,0.4777090111578329,0.029958085655191653,4.67543250447929e-10,0.09950514136421881,1.0923289293626453e-16,0.0005641932229892979,6.137653998420891e-16
Random586
Raw:0.21728910048880434,1.5079746592744993e-06,0.17497295966876378,0.4777090111578275,0.02995808565519174,4.67543250447947e-10,0.09950514136422017,1.0923289293627186e-16,0.0005641932229893055,6.137653998421258e-16
EFT:0.21728910048880218,1.5079746592744898e-06,0.174972959668762,0.4777090111578329,0.029958085655191653,4.67543250447929e-10,0.09950514136421881,1.0923289293626453e-16,0.0005641932229892979,6.137653998420891e-16
Random587
Raw:0.2172891004888018,1.5079746592744707e-06,0.1749729596687623,0.4777090111578337,0.029958085655191546,4.675432504479265e-10,0.09950514136421809,1.092328929362624e-16,0.0005641932229892943,6.137653998420814e-16
EFT:0.21728910048880218,1.5079746592744898e-06,0.174972959668762,0.4777090111578329,0.029958085655191653,4.67543250447929e-10,0.09950514136421881,1.0923289293626453e-16,0.0005641932229892979,6.137653998420891e-16
Random588
Raw:0.21728910048880262,1.5079746592744686e-06,0.17497295966876236,0.47770901115783215,0.029958085655191556,4.675432504479266e-10,0.09950514136421883,1.0923289293626282e-16,0.0005641932229892959,6.137653998420837e-16
EFT:0.21728910048880218,1.5079746592744898e-06,0.174972959668762,0.4777090111578329,0.029958085655191653,4.67543250447929e-10,0.09950514136421881,1.0923289293626453e-16,0.0005641932229892979,6.137653998420891e-16
Random589
Raw:0.2172891004888014,1.507974659274471e-06,0.17497295966876142,0.4777090111578346,0.0299580856551916,4.67543250447919e-10,0.09950514136421847,1.092328929362603e-16,0.0005641932229892943,6.137653998420695e-16
EFT:0.21728910048880218,1.5079746592744898e-06,0.174972959668762,0.4777090111578329,0.029958085655191653,4.67543250447929e-10,0.09950514136421881,1.0923289293626453e-16,0.0005641932229892979,6.137653998420935e-16
Random590
Raw:0.21728910048880246,1.5079746592744648e-06,0.17497295966876222,0.47770901115783265,0.029958085655191532,4.675432504479238e-10,0.09950514136421859,1.0923289293626216e-16,0.0005641932229892945,6.137653998420801e-16
EFT:0.21728910048880218,1.5079746592744898e-06,0.174972959668762,0.4777090111578329,0.029958085655191653,4.67543250447929e-10,0.09950514136421881,1.0923289293626453e-16,0.0005641932229892979,6.137653998420891e-16
Random591
Raw:0.21728910048880215,1.5079746592744733e-06,0.17497295966876292,0.477709011157832,0.029958085655191598,4.675432504479315e-10,0.09950514136421898,1.0923289293626511e-16,0.0005641932229893012,6.137653998420923e-16
EFT:0.21728910048880218,1.5079746592744898e-06,0.174972959668762,0.4777090111578329,0.029958085655191653,4.67543250447929e-10,0.09950514136421881,1.0923289293626453e-16,0.0005641932229892979,6.137653998420935e-16
Random592
Raw:0.2172891004888016,1.5079746592744614e-06,0.17497295966876245,0.47770901115783326,0.02995808565519157,4.675432504479228e-10,0.09950514136421854,1.0923289293626154e-16,0.0005641932229892957,6.137653998420765e-16
EFT:0.21728910048880218,1.5079746592744898e-06,0.174972959668762,0.4777090111578329,0.029958085655191653,4.67543250447929e-10,0.09950514136421881,1.0923289293626453e-16,0.0005641932229892979,6.137653998420935e-16
Random593
Raw:0.21728910048880234,1.5079746592744693e-06,0.17497295966876278,0.4777090111578324,0.029958085655191515,4.675432504479268e-10,0.09950514136421854,1.0923289293626287e-16,0.0005641932229892962,6.13765399842084e-16
EFT:0.21728910048880218,1.5079746592744898e-06,0.174972959668762,0.4777090111578329,0.029958085655191653,4.67543250447929e-10,0.09950514136421881,1.0923289293626453e-16,0.0005641932229892979,6.137653998420891e-16
Random594
Raw:0.2172891004888012,1.5079746592744775e-06,0.17497295966876156,0.477709011157835,0.029958085655191573,4.675432504479211e-10,0.09950514136421819,1.0923289293626193e-16,0.0005641932229892933,6.137653998420744e-16
EFT:0.21728910048880218,1.5079746592744898e-06,0.174972959668762,0.4777090111578329,0.029958085655191653,4.67543250447929e-10,0.09950514136421881,1.0923289293626453e-16,0.0005641932229892979,6.137653998420891e-16
Random595
Raw:0.21728910048880126,1.5079746592744858e-06,0.17497295966876186,0.4777090111578351,0.029958085655191632,4.675432504479262e-10,0.09950514136421768,1.0923289293626196e-16,0.0005641932229892934,6.137653998420876e-16
EFT:0.21728910048880218,1.5079746592744898e-06,0.174972959668762,0.4777090111578329,0.029958085655191653,4.67543250447929e-10,0.09950514136421881,1.0923289293626453e-16,0.0005641932229892979,6.137653998420891e-16
Random596
Raw:0.21728910048880182,1.5079746592744843e-06,0.174972959668762,0.47770901115783376,0.029958085655191605,4.675432504479283e-10,0.09950514136421829,1.0923289293626397e-16,0.0005641932229892959,6.137653998420902e-16
EFT:0.21728910048880218,1.5079746592744898e-06,0.174972959668762,0.4777090111578329,0.029958085655191653,4.67543250447929e-10,0.09950514136421881,1.0923289293626453e-16,0.0005641932229892979,6.137653998420935e-16
Random597
Raw:0.21728910048880165,1.5079746592744752e-06,0.17497295966876217,0.4777090111578334,0.029958085655191685,4.675432504479244e-10,0.09950514136421855,1.0923289293626233e-16,0.0005641932229892939,6.137653998420809e-16
EFT:0.21728910048880218,1.5079746592744898e-06,0.174972959668762,0.4777090111578329,0.029958085655191653,4.67543250447929e-10,0.09950514136421881,1.0923289293626453e-16,0.0005641932229892979,6.137653998420935e-16
Random598
Raw:0.2172891004888029,1.5079746592744786e-06,0.17497295966876286,0.47770901115783104,0.029958085655191646,4.675432504479289e-10,0.09950514136421895,1.0923289293626412e-16,0.0005641932229892982,6.137653998420868e-16
EFT:0.21728910048880218,1.5079746592744898e-06,0.174972959668762,0.4777090111578329,0.029958085655191653,4.67543250447929e-10,0.09950514136421881,1.0923289293626453e-16,0.0005641932229892979,6.137653998420891e-16
Random599
Raw:0.21728910048880154,1.5079746592744716e-06,0.17497295966876208,0.477709011157834,0.029958085655191563,4.67543250447925e-10,0.09950514136421834,1.0923289293626246e-16,0.0005641932229892941,6.137653998420817e-16
EFT:0.21728910048880218,1.5079746592744898e-06,0.174972959668762,0.4777090111578329,0.029958085655191653,4.67543250447929e-10,0.09950514136421881,1.0923289293626453e-16,0.0005641932229892979,6.137653998420891e-16
Random600
Raw:0.21728910048880135,1.5079746592744652e-06,0.17497295966876195,0.4777090111578345,0.029958085655191542,4.675432504479223e-10,0.09950514136421808,1.0923289293626105e-16,0.0005641932229892946,6.137653998420737e-16
EFT:0.21728910048880218,1.5079746592744898e-06,0.174972959668762,0.4777090111578329,0.029958085655191653,4.67543250447929e-10,0.09950514136421881,1.0923289293626453e-16,0.0005641932229892979,6.137653998420935e-16
Random601
Raw:0.2172891004888023,1.5079746592744716e-06,0.17497295966876242,0.47770901115783226,0.029958085655191563,4.675432504479218e-10,0.09950514136421885,1.0923289293626207e-16,0.0005641932229892956,6.137653998420796e-16
EFT:0.21728910048880218,1.5079746592744898e-06,0.174972959668762,0.4777090111578329,0.029958085655191653,4.67543250447929e-10,0.09950514136421881,1.0923289293626453e-16,0.0005641932229892979,6.137653998420891e-16
Random602
Raw:0.2172891004888028,1.5079746592744697e-06,0.1749729596687628,0.47770901115783165,0.029958085655191577,4.675432504479262e-10,0.09950514136421873,1.0923289293626349e-16,0.0005641932229892964,6.137653998420831e-16
EFT:0.21728910048880218,1.5079746592744898e-06,0.174972959668762,0.4777090111578329,0.029958085655191653,4.67543250447929e-10,0.09950514136421881,1.0923289293626453e-16,0.0005641932229892979,6.137653998420935e-16
Random603
Raw:0.2172891004888042,1.5079746592744847e-06,0.17497295966876394,0.477709011157828,0.029958085655191664,4.675432504479425e-10,0.09950514136421955,1.0923289293626886e-16,0.000564193222989302,6.137653998421177e-16
EFT:0.21728910048880218,1.5079746592744898e-06,0.174972959668762,0.4777090111578329,0.029958085655191653,4.67543250447929e-10,0.09950514136421881,1.0923289293626453e-16,0.0005641932229892979,6.137653998420935e-16
Random604
Raw:0.21728910048880298,1.5079746592744818e-06,0.17497295966876295,0.47770901115783126,0.029958085655191553,4.675432504479324e-10,0.09950514136421883,1.0923289293626573e-16,0.0005641932229892984,6.137653998421002e-16
EFT:0.21728910048880218,1.5079746592744898e-06,0.174972959668762,0.4777090111578329,0.029958085655191653,4.67543250447929e-10,0.09950514136421881,1.0923289293626453e-16,0.0005641932229892979,6.137653998420935e-16
Random605
Raw:0.21728910048880318,1.507974659274467e-06,0.17497295966876308,0.47770901115783077,0.029958085655191573,4.675432504479287e-10,0.09950514136421908,1.0923289293626328e-16,0.0005641932229892983,6.137653998420864e-16
EFT:0.21728910048880218,1.5079746592744898e-06,0.174972959668762,0.4777090111578329,0.029958085655191653,4.67543250447929e-10,0.09950514136421881,1.0923289293626453e-16,0.0005641932229892979,6.137653998420891e-16
Random606
Raw:0.21728910048880237,1.5079746592744773e-06,0.17497295966876214,0.47770901115783326,0.02995808565519157,4.675432504479228e-10,0.09950514136421819,1.0923289293626154e-16,0.0005641932229892962,6.137653998420808e-16
EFT:0.21728910048880218,1.5079746592744898e-06,0.174972959668762,0.4777090111578329,0.029958085655191653,4.67543250447929e-10,0.09950514136421881,1.0923289293626453e-16,0.0005641932229892979,6.137653998420935e-16
Random607
Raw:0.21728910048880312,1.5079746592744746e-06,0.174972959668764,0.4777090111578298,0.029958085655191674,4.675432504479344e-10,0.09950514136421887,1.092328929362654e-16,0.0005641932229892986,6.137653998420983e-16
EFT:0.21728910048880218,1.5079746592744898e-06,0.174972959668762,0.4777090111578329,0.029958085655191653,4.67543250447929e-10,0.09950514136421881,1.0923289293626453e-16,0.0005641932229892979,6.137653998420891e-16
Random608
Raw:0.21728910048880187,1.50797465927449e-06,0.17497295966876172,0.4777090111578339,0.02995808565519161,4.675432504479266e-10,0.09950514136421848,1.0923289293626399e-16,0.0005641932229892955,6.137653998420904e-16
EFT:0.21728910048880218,1.5079746592744898e-06,0.174972959668762,0.4777090111578329,0.029958085655191653,4.67543250447929e-10,0.09950514136421881,1.0923289293626453e-16,0.0005641932229892979,6.137653998420935e-16
Random609
Raw:0.21728910048880176,1.5079746592744866e-06,0.17497295966876225,0.4777090111578336,0.029958085655191646,4.67543250447928e-10,0.09950514136421826,1.0923289293626393e-16,0.0005641932229892961,6.1376539984209e-16
EFT:0.21728910048880218,1.5079746592744898e-06,0.174972959668762,0.4777090111578329,0.029958085655191653,4.67543250447929e-10,0.09950514136421881,1.0923289293626453e-16,0.0005641932229892979,6.137653998420891e-16
Random610
Raw:0.2172891004888029,1.5079746592744839e-06,0.17497295966876286,0.47770901115783104,0.0299580856551917,4.675432504479305e-10,0.09950514136421913,1.092328929362649e-16,0.0005641932229893001,6.137653998420954e-16
EFT:0.21728910048880218,1.5079746592744898e-06,0.174972959668762,0.4777090111578329,0.029958085655191653,4.67543250447929e-10,0.09950514136421881,1.0923289293626453e-16,0.0005641932229892979,6.137653998420891e-16
Random611
Raw:0.21728910048880196,1.5079746592744587e-06,0.17497295966876214,0.47770901115783326,0.029958085655191466,4.675432504479211e-10,0.09950514136421854,1.0923289293626076e-16,0.0005641932229892943,6.137653998420722e-16
EFT:0.21728910048880218,1.5079746592744898e-06,0.174972959668762,0.4777090111578329,0.029958085655191653,4.67543250447929e-10,0.09950514136421881,1.0923289293626453e-16,0.0005641932229892979,6.137653998420891e-16
Random612
Raw:0.2172891004888024,1.5079746592744589e-06,0.1749729596687628,0.47770901115783165,0.029958085655191525,4.675432504479228e-10,0.09950514136421926,1.0923289293626271e-16,0.0005641932229892959,6.137653998420744e-16
EFT:0.21728910048880218,1.5079746592744898e-06,0.174972959668762,0.4777090111578329,0.029958085655191653,4.67543250447929e-10,0.09950514136421881,1.0923289293626453e-16,0.0005641932229892979,6.137653998420891e-16
Random613
Raw:0.217289100488803,1.507974659274455e-06,0.17497295966876328,0.47770901115783043,0.0299580856551915,4.675432504479233e-10,0.09950514136421935,1.0923289293626165e-16,0.0005641932229892969,6.137653998420772e-16
EFT:0.21728910048880218,1.5079746592744898e-06,0.174972959668762,0.4777090111578329,0.029958085655191653,4.67543250447929e-10,0.09950514136421881,1.0923289293626453e-16,0.0005641932229892979,6.137653998420891e-16
Random614
Raw:0.2172891004888032,1.5079746592744968e-06,0.17497295966876314,0.47770901115783004,0.029958085655191796,4.675432504479311e-10,0.09950514136421945,1.0923289293626622e-16,0.0005641932229893014,6.137653998421029e-16
EFT:0.21728910048880218,1.5079746592744898e-06,0.174972959668762,0.4777090111578329,0.029958085655191653,4.67543250447929e-10,0.09950514136421881,1.0923289293626453e-16,0.0005641932229892979,6.137653998420891e-16
Random615
Raw:0.21728910048880218,1.5079746592744682e-06,0.17497295966876295,0.47770901115783204,0.0299580856551916,4.675432504479283e-10,0.09950514136421881,1.0923289293626357e-16,0.0005641932229892972,6.13765399842088e-16
EFT:0.21728910048880218,1.5079746592744898e-06,0.174972959668762,0.4777090111578329,0.029958085655191653,4.67543250447929e-10,0.09950514136421881,1.0923289293626453e-16,0.0005641932229892979,6.137653998420891e-16
Random616
Raw:0.2172891004888016,1.507974659274464e-06,0.17497295966876245,0.47770901115783326,0.029958085655191518,4.675432504479228e-10,0.09950514136421854,1.0923289293626154e-16,0.0005641932229892943,6.137653998420765e-16
EFT:0.21728910048880218,1.5079746592744898e-06,0.174972959668762,0.4777090111578329,0.029958085655191653,4.67543250447929e-10,0.09950514136421881,1.0923289293626453e-16,0.0005641932229892979,6.137653998420891e-16
Random617
Raw:0.21728910048880176,1.5079746592744678e-06,0.17497295966876225,0.4777090111578336,0.02995808565519154,4.675432504479264e-10,0.09950514136421842,1.0923289293626238e-16,0.0005641932229892961,6.137653998420812e-16
EFT:0.21728910048880218,1.5079746592744898e-06,0.174972959668762,0.4777090111578329,0.029958085655191653,4.67543250447929e-10,0.09950514136421881,1.0923289293626453e-16,0.0005641932229892979,6.137653998420935e-16
Random618
Raw:0.21728910048880157,1.5079746592744748e-06,0.17497295966876214,0.4777090111578341,0.02995808565519157,4.675432504479219e-10,0.09950514136421817,1.0923289293626096e-16,0.0005641932229892936,6.137653998420776e-16
EFT:0.21728910048880218,1.5079746592744898e-06,0.174972959668762,0.4777090111578329,0.029958085655191653,4.67543250447929e-10,0.09950514136421881,1.0923289293626453e-16,0.0005641932229892979,6.137653998420935e-16
Random619
Raw:0.21728910048880157,1.5079746592745014e-06,0.1749729596687615,0.4777090111578341,0.029958085655191626,4.675432504479268e-10,0.0995051413642187,1.0923289293626404e-16,0.0005641932229892972,6.13765399842095e-16
EFT:0.21728910048880218,1.5079746592744898e-06,0.174972959668762,0.4777090111578329,0.029958085655191653,4.67543250447929e-10,0.09950514136421881,1.0923289293626453e-16,0.0005641932229892979,6.137653998420891e-16
Random620
Raw:0.21728910048880104,1.5079746592744682e-06,0.17497295966876172,0.47770901115783543,0.029958085655191653,4.675432504479199e-10,0.09950514136421774,1.092328929362597e-16,0.0005641932229892933,6.137653998420749e-16
EFT:0.21728910048880218,1.5079746592744898e-06,0.174972959668762,0.4777090111578329,0.029958085655191653,4.67543250447929e-10,0.09950514136421881,1.0923289293626453e-16,0.0005641932229892979,6.137653998420891e-16
Random621
Raw:0.21728910048880218,1.5079746592744976e-06,0.17497295966876264,0.47770901115783204,0.02995808565519171,4.675432504479331e-10,0.09950514136421881,1.0923289293626668e-16,0.0005641932229892998,6.137653998421055e-16
EFT:0.21728910048880218,1.5079746592744898e-06,0.174972959668762,0.4777090111578329,0.029958085655191653,4.67543250447929e-10,0.09950514136421881,1.0923289293626453e-16,0.0005641932229892979,6.137653998420891e-16
Random622
Raw:0.2172891004888035,1.5079746592744665e-06,0.17497295966876272,0.4777090111578298,0.029958085655191567,4.675432504479293e-10,0.09950514136421977,1.0923289293626462e-16,0.0005641932229892982,6.137653998420852e-16
EFT:0.21728910048880218,1.5079746592744898e-06,0.174972959668762,0.4777090111578329,0.029958085655191653,4.67543250447929e-10,0.09950514136421881,1.0923289293626453e-16,0.0005641932229892979,6.137653998420935e-16
Random623
Raw:0.2172891004888018,1.507974659274468e-06,0.17497295966876264,0.4777090111578329,0.029958085655191494,4.675432504479257e-10,0.09950514136421863,1.0923289293626298e-16,0.0005641932229892958,6.137653998420804e-16
EFT:0.21728910048880218,1.5079746592744898e-06,0.174972959668762,0.4777090111578329,0.029958085655191653,4.67543250447929e-10,0.09950514136421881,1.0923289293626453e-16,0.0005641932229892979,6.137653998420891e-16
Random624
Raw:0.21728910048880234,1.5079746592744854e-06,0.17497295966876245,0.4777090111578324,0.029958085655191674,4.675432504479286e-10,0.0995051413642187,1.0923289293626365e-16,0.0005641932229892987,6.137653998420884e-16
EFT:0.21728910048880218,1.5079746592744898e-06,0.174972959668762,0.4777090111578329,0.029958085655191653,4.67543250447929e-10,0.09950514136421881,1.0923289293626453e-16,0.0005641932229892979,6.137653998420891e-16
Random625
Raw:0.21728910048880348,1.5079746592744879e-06,0.17497295966876336,0.47770901115782893,0.02995808565519167,4.675432504479367e-10,0.0995051413642201,1.0923289293626753e-16,0.0005641932229893022,6.137653998421015e-16
EFT:0.21728910048880218,1.5079746592744898e-06,0.174972959668762,0.4777090111578329,0.029958085655191653,4.67543250447929e-10,0.09950514136421881,1.0923289293626453e-16,0.0005641932229892979,6.137653998420891e-16
Random626
Raw:0.21728910048880143,1.5079746592745084e-06,0.1749729596687617,0.47770901115783376,0.029958085655191657,4.675432504479331e-10,0.099505141364219,1.0923289293626785e-16,0.0005641932229893019,6.137653998421077e-16
EFT:0.21728910048880218,1.5079746592744898e-06,0.174972959668762,0.4777090111578329,0.029958085655191653,4.67543250447929e-10,0.09950514136421881,1.0923289293626453e-16,0.0005641932229892979,6.137653998420891e-16
Random627
Raw:0.21728910048880257,1.507974659274484e-06,0.1749729596687623,0.477709011157832,0.029958085655191705,4.675432504479248e-10,0.09950514136421898,1.0923289293626356e-16,0.0005641932229892987,6.137653998420879e-16
EFT:0.21728910048880218,1.5079746592744898e-06,0.174972959668762,0.4777090111578329,0.029958085655191653,4.67543250447929e-10,0.09950514136421881,1.0923289293626453e-16,0.0005641932229892979,6.137653998420891e-16
Random628
Raw:0.21728910048880123,1.5079746592744803e-06,0.17497295966876122,0.4777090111578358,0.029958085655191626,4.675432504479219e-10,0.09950514136421766,1.0923289293626135e-16,0.0005641932229892937,6.137653998420798e-16
EFT:0.21728910048880218,1.5079746592744898e-06,0.174972959668762,0.4777090111578329,0.029958085655191653,4.67543250447929e-10,0.09950514136421881,1.0923289293626453e-16,0.0005641932229892979,6.137653998420891e-16
Random629
Raw:0.21728910048880298,1.5079746592744737e-06,0.17497295966876267,0.47770901115783126,0.029958085655191553,4.675432504479291e-10,0.09950514136421901,1.0923289293626495e-16,0.000564193222989299,6.137653998420914e-16
EFT:0.21728910048880218,1.5079746592744898e-06,0.174972959668762,0.4777090111578329,0.029958085655191653,4.67543250447929e-10,0.09950514136421881,1.0923289293626453e-16,0.0005641932229892979,6.137653998420891e-16
Random630
Raw:0.21728910048880246,1.5079746592744618e-06,0.17497295966876256,0.47770901115783176,0.029958085655191476,4.675432504479229e-10,0.09950514136421929,1.0923289293626273e-16,0.0005641932229892966,6.137653998420746e-16
EFT:0.21728910048880218,1.5079746592744898e-06,0.174972959668762,0.4777090111578329,0.029958085655191653,4.67543250447929e-10,0.09950514136421881,1.0923289293626453e-16,0.0005641932229892979,6.137653998420891e-16
Random631
Raw:0.21728910048880207,1.5079746592744807e-06,0.17497295966876222,0.4777090111578335,0.029958085655191532,4.675432504479312e-10,0.09950514136421823,1.0923289293626468e-16,0.0005641932229892965,6.137653998420899e-16
EFT:0.21728910048880218,1.5079746592744898e-06,0.174972959668762,0.4777090111578329,0.029958085655191653,4.67543250447929e-10,0.09950514136421881,1.0923289293626453e-16,0.0005641932229892979,6.137653998420935e-16
Random632
Raw:0.2172891004888034,1.5079746592744737e-06,0.17497295966876264,0.47770901115783043,0.029958085655191605,4.675432504479284e-10,0.09950514136421935,1.0923289293626476e-16,0.0005641932229892994,6.13765399842086e-16
EFT:0.21728910048880218,1.5079746592744898e-06,0.174972959668762,0.4777090111578329,0.029958085655191653,4.67543250447929e-10,0.09950514136421881,1.0923289293626453e-16,0.0005641932229892979,6.137653998420891e-16
Random633
Raw:0.2172891004888032,1.507974659274459e-06,0.17497295966876344,0.47770901115783004,0.02995808565519153,4.675432504479279e-10,0.09950514136421945,1.0923289293626312e-16,0.0005641932229892979,6.137653998420855e-16
EFT:0.21728910048880218,1.5079746592744898e-06,0.174972959668762,0.4777090111578329,0.029958085655191653,4.67543250447929e-10,0.09950514136421881,1.0923289293626453e-16,0.0005641932229892979,6.137653998420891e-16
Random634
Raw:0.2172891004888024,1.507974659274475e-06,0.1749729596687628,0.47770901115783165,0.02995808565519163,4.675432504479278e-10,0.09950514136421909,1.0923289293626426e-16,0.0005641932229892968,6.137653998420876e-16
EFT:0.21728910048880218,1.5079746592744898e-06,0.174972959668762,0.4777090111578329,0.029958085655191653,4.67543250447929e-10,0.09950514136421881,1.0923289293626453e-16,0.0005641932229892979,6.137653998420935e-16
Random635
Raw:0.21728910048880237,1.507974659274491e-06,0.1749729596687625,0.4777090111578325,0.02995808565519163,4.675432504479303e-10,0.09950514136421855,1.0923289293626445e-16,0.0005641932229892983,6.137653998420973e-16
EFT:0.21728910048880218,1.5079746592744898e-06,0.174972959668762,0.4777090111578329,0.029958085655191653,4.67543250447929e-10,0.09950514136421881,1.0923289293626453e-16,0.0005641932229892979,6.137653998420891e-16
Random636
Raw:0.2172891004888026,1.5079746592745006e-06,0.17497295966876267,0.47770901115783126,0.029958085655191764,4.675432504479357e-10,0.09950514136421917,1.0923289293626728e-16,0.0005641932229893009,6.137653998421045e-16
EFT:0.21728910048880218,1.5079746592744898e-06,0.174972959668762,0.4777090111578329,0.029958085655191653,4.67543250447929e-10,0.09950514136421881,1.0923289293626453e-16,0.0005641932229892979,6.137653998420891e-16
Random637
Raw:0.21728910048880143,1.507974659274476e-06,0.1749729596687614,0.47770901115783543,0.02995808565519155,4.675432504479199e-10,0.09950514136421774,1.0923289293626048e-16,0.0005641932229892937,6.137653998420749e-16
EFT:0.21728910048880218,1.5079746592744898e-06,0.174972959668762,0.4777090111578329,0.029958085655191653,4.67543250447929e-10,0.09950514136421881,1.0923289293626453e-16,0.0005641932229892979,6.137653998420891e-16
Random638
Raw:0.21728910048880193,1.5079746592744877e-06,0.17497295966876145,0.477709011157834,0.02995808565519167,4.675432504479201e-10,0.09950514136421851,1.0923289293626171e-16,0.0005641932229892931,6.137653998420817e-16
EFT:0.21728910048880218,1.5079746592744898e-06,0.174972959668762,0.4777090111578329,0.029958085655191653,4.67543250447929e-10,0.09950514136421881,1.0923289293626453e-16,0.0005641932229892979,6.137653998420891e-16
Random639
Raw:0.2172891004888028,1.5079746592745044e-06,0.1749729596687625,0.47770901115783165,0.029958085655191685,4.675432504479361e-10,0.09950514136421891,1.0923289293626737e-16,0.0005641932229892994,6.13765399842105e-16
EFT:0.21728910048880218,1.5079746592744898e-06,0.174972959668762,0.4777090111578329,0.029958085655191653,4.67543250447929e-10,0.09950514136421881,1.0923289293626453e-16,0.0005641932229892979,6.137653998420891e-16
Random640
Raw:0.217289100488801,1.5079746592744786e-06,0.17497295966876136,0.4777090111578362,0.02995808565519165,4.67543250447924e-10,0.0995051413642172,1.0923289293626144e-16,0.0005641932229892928,6.137653998420846e-16
EFT:0.21728910048880218,1.5079746592744898e-06,0.174972959668762,0.4777090111578329,0.029958085655191653,4.67543250447929e-10,0.09950514136421881,1.0923289293626453e-16,0.0005641932229892979,6.137653998420935e-16
Random641
Raw:0.2172891004888024,1.5079746592744483e-06,0.17497295966876308,0.47770901115783165,0.029958085655191525,4.675432504479244e-10,0.09950514136421891,1.0923289293626193e-16,0.0005641932229892954,6.137653998420788e-16
EFT:0.21728910048880218,1.5079746592744898e-06,0.174972959668762,0.4777090111578329,0.029958085655191653,4.67543250447929e-10,0.09950514136421881,1.0923289293626453e-16,0.0005641932229892979,6.137653998420891e-16
Random642
Raw:0.21728910048880196,1.5079746592744879e-06,0.1749729596687621,0.4777090111578332,0.029958085655191622,4.675432504479276e-10,0.0995051413642187,1.0923289293626462e-16,0.0005641932229892972,6.137653998420895e-16
EFT:0.21728910048880218,1.5079746592744898e-06,0.174972959668762,0.4777090111578329,0.029958085655191653,4.67543250447929e-10,0.09950514136421881,1.0923289293626453e-16,0.0005641932229892979,6.137653998420891e-16
Random643
Raw:0.21728910048880237,1.507974659274483e-06,0.1749729596687625,0.4777090111578325,0.02995808565519163,4.675432504479287e-10,0.09950514136421855,1.0923289293626367e-16,0.0005641932229892958,6.137653998420886e-16
EFT:0.21728910048880218,1.5079746592744898e-06,0.174972959668762,0.4777090111578329,0.029958085655191653,4.67543250447929e-10,0.09950514136421881,1.0923289293626453e-16,0.0005641932229892979,6.137653998420891e-16
Random644
Raw:0.2172891004888018,1.5079746592744762e-06,0.17497295966876197,0.4777090111578337,0.029958085655191653,4.675432504479215e-10,0.09950514136421845,1.0923289293626165e-16,0.0005641932229892958,6.137653998420771e-16
EFT:0.21728910048880218,1.5079746592744898e-06,0.174972959668762,0.4777090111578329,0.029958085655191653,4.67543250447929e-10,0.09950514136421881,1.0923289293626453e-16,0.0005641932229892979,6.137653998420935e-16
Random645
Raw:0.21728910048880237,1.5079746592744722e-06,0.1749729596687625,0.4777090111578325,0.029958085655191577,4.675432504479269e-10,0.09950514136421873,1.0923289293626367e-16,0.0005641932229892964,6.137653998420886e-16
EFT:0.21728910048880218,1.5079746592744898e-06,0.174972959668762,0.4777090111578329,0.029958085655191653,4.67543250447929e-10,0.09950514136421881,1.0923289293626453e-16,0.0005641932229892979,6.137653998420891e-16
Random646
Raw:0.21728910048880426,1.5079746592744638e-06,0.17497295966876367,0.4777090111578281,0.029958085655191567,4.675432504479309e-10,0.09950514136421994,1.09232892936265e-16,0.0005641932229893001,6.137653998420874e-16
EFT:0.21728910048880218,1.5079746592744898e-06,0.174972959668762,0.4777090111578329,0.029958085655191653,4.67543250447929e-10,0.09950514136421881,1.0923289293626453e-16,0.0005641932229892979,6.137653998420891e-16
Random647
Raw:0.2172891004888021,1.507974659274497e-06,0.17497295966876256,0.47770901115783265,0.02995808565519164,4.675432504479371e-10,0.09950514136421841,1.0923289293626683e-16,0.0005641932229892991,6.137653998421106e-16
EFT:0.21728910048880218,1.5079746592744898e-06,0.174972959668762,0.4777090111578329,0.029958085655191653,4.67543250447929e-10,0.09950514136421881,1.0923289293626453e-16,0.0005641932229892979,6.137653998420891e-16
Random648
Raw:0.21728910048880157,1.5079746592744693e-06,0.1749729596687618,0.4777090111578341,0.02995808565519157,4.675432504479219e-10,0.09950514136421854,1.0923289293626096e-16,0.0005641932229892947,6.137653998420776e-16
EFT:0.21728910048880218,1.5079746592744898e-06,0.174972959668762,0.4777090111578329,0.029958085655191653,4.67543250447929e-10,0.09950514136421881,1.0923289293626453e-16,0.0005641932229892979,6.137653998420891e-16
Random649
Raw:0.2172891004888029,1.5079746592744892e-06,0.17497295966876286,0.47770901115783104,0.029958085655191646,4.675432504479338e-10,0.09950514136421913,1.0923289293626646e-16,0.0005641932229892996,6.137653998421042e-16
EFT:0.21728910048880218,1.5079746592744898e-06,0.174972959668762,0.4777090111578329,0.029958085655191653,4.67543250447929e-10,0.09950514136421881,1.0923289293626453e-16,0.0005641932229892979,6.137653998420891e-16
Random650
Raw:0.21728910048880243,1.5079746592744834e-06,0.1749729596687619,0.4777090111578326,0.029958085655191636,4.675432504479254e-10,0.09950514136421892,1.092328929362637e-16,0.000564193222989297,6.137653998420843e-16
EFT:0.21728910048880218,1.5079746592744898e-06,0.174972959668762,0.4777090111578329,0.029958085655191653,4.67543250447929e-10,0.09950514136421881,1.0923289293626453e-16,0.0005641932229892979,6.137653998420891e-16
Random651
Raw:0.2172891004888036,1.5079746592744726e-06,0.17497295966876378,0.4777090111578292,0.029958085655191636,4.675432504479354e-10,0.09950514136421929,1.0923289293626604e-16,0.0005641932229893014,6.137653998420975e-16
EFT:0.21728910048880218,1.5079746592744898e-06,0.174972959668762,0.4777090111578329,0.029958085655191653,4.67543250447929e-10,0.09950514136421881,1.0923289293626453e-16,0.0005641932229892979,6.137653998420935e-16
Random652
Raw:0.21728910048880262,1.5079746592744686e-06,0.1749729596687627,0.47770901115783215,0.029958085655191556,4.6754325044793e-10,0.09950514136421848,1.092328929362636e-16,0.0005641932229892965,6.137653998420881e-16
EFT:0.21728910048880218,1.5079746592744898e-06,0.174972959668762,0.4777090111578329,0.029958085655191653,4.67543250447929e-10,0.09950514136421881,1.0923289293626453e-16,0.0005641932229892979,6.137653998420935e-16
Random653
Raw:0.21728910048880357,1.5079746592744858e-06,0.17497295966876344,0.47770901115782916,0.029958085655191632,4.675432504479369e-10,0.0995051413642198,1.0923289293626836e-16,0.0005641932229893014,6.137653998421061e-16
EFT:0.21728910048880218,1.5079746592744898e-06,0.174972959668762,0.4777090111578329,0.029958085655191653,4.67543250447929e-10,0.09950514136421881,1.0923289293626453e-16,0.0005641932229892979,6.137653998420891e-16
Random654
Raw:0.2172891004888032,1.507974659274486e-06,0.1749729596687631,0.4777090111578309,0.029958085655191688,4.675432504479354e-10,0.09950514136421874,1.0923289293626642e-16,0.0005641932229892985,6.13765399842104e-16
EFT:0.21728910048880218,1.5079746592744898e-06,0.174972959668762,0.4777090111578329,0.029958085655191653,4.67543250447929e-10,0.09950514136421881,1.0923289293626453e-16,0.0005641932229892979,6.137653998420935e-16
Random655
Raw:0.21728910048880393,1.5079746592744589e-06,0.17497295966876403,0.4777090111578282,0.02995808565519152,4.675432504479294e-10,0.09950514136421978,1.0923289293626425e-16,0.0005641932229892993,6.137653998420875e-16
EFT:0.21728910048880218,1.5079746592744898e-06,0.174972959668762,0.4777090111578329,0.029958085655191653,4.67543250447929e-10,0.09950514136421881,1.0923289293626453e-16,0.0005641932229892979,6.137653998420935e-16
Random656
Raw:0.21728910048880382,1.5079746592744447e-06,0.17497295966876425,0.477709011157828,0.029958085655191508,4.675432504479325e-10,0.09950514136421991,1.092328929362642e-16,0.0005641932229893,6.137653998420872e-16
EFT:0.21728910048880218,1.5079746592744898e-06,0.174972959668762,0.4777090111578329,0.029958085655191653,4.67543250447929e-10,0.09950514136421881,1.0923289293626453e-16,0.0005641932229892979,6.137653998420891e-16
Random657
Raw:0.21728910048880257,1.5079746592744815e-06,0.17497295966876292,0.477709011157832,0.029958085655191705,4.675432504479331e-10,0.09950514136421845,1.0923289293626511e-16,0.0005641932229892987,6.137653998420966e-16
EFT:0.21728910048880218,1.5079746592744898e-06,0.174972959668762,0.4777090111578329,0.029958085655191653,4.67543250447929e-10,0.09950514136421881,1.0923289293626453e-16,0.0005641932229892979,6.137653998420891e-16
Random658
Raw:0.21728910048880246,1.507974659274454e-06,0.17497295966876314,0.47770901115783176,0.029958085655191532,4.675432504479263e-10,0.09950514136421874,1.0923289293626196e-16,0.0005641932229892966,6.137653998420789e-16
EFT:0.21728910048880218,1.5079746592744898e-06,0.174972959668762,0.4777090111578329,0.029958085655191653,4.67543250447929e-10,0.09950514136421881,1.0923289293626453e-16,0.0005641932229892979,6.137653998420891e-16
Random659
Raw:0.21728910048880187,1.5079746592744875e-06,0.17497295966876172,0.4777090111578339,0.02995808565519161,4.675432504479249e-10,0.09950514136421831,1.0923289293626322e-16,0.0005641932229892955,6.137653998420904e-16
EFT:0.21728910048880218,1.5079746592744898e-06,0.174972959668762,0.4777090111578329,0.029958085655191653,4.67543250447929e-10,0.09950514136421881,1.0923289293626453e-16,0.0005641932229892979,6.137653998420935e-16
Random660
Raw:0.21728910048880237,1.5079746592744803e-06,0.1749729596687625,0.4777090111578325,0.02995808565519152,4.675432504479269e-10,0.09950514136421873,1.0923289293626445e-16,0.0005641932229892978,6.137653998420886e-16
EFT:0.21728910048880218,1.5079746592744898e-06,0.174972959668762,0.4777090111578329,0.029958085655191653,4.67543250447929e-10,0.09950514136421881,1.0923289293626453e-16,0.0005641932229892979,6.137653998420891e-16
Random661
Raw:0.21728910048880135,1.5079746592744705e-06,0.17497295966876164,0.4777090111578345,0.029958085655191542,4.675432504479206e-10,0.09950514136421862,1.0923289293626182e-16,0.0005641932229892957,6.137653998420737e-16
EFT:0.21728910048880218,1.5079746592744898e-06,0.174972959668762,0.4777090111578329,0.029958085655191653,4.67543250447929e-10,0.09950514136421881,1.0923289293626453e-16,0.0005641932229892979,6.137653998420935e-16
Random662
Raw:0.21728910048880234,1.5079746592744798e-06,0.17497295966876245,0.4777090111578324,0.029958085655191622,4.675432504479286e-10,0.0995051413642187,1.0923289293626365e-16,0.0005641932229892972,6.137653998420928e-16
EFT:0.21728910048880218,1.5079746592744898e-06,0.174972959668762,0.4777090111578329,0.029958085655191653,4.67543250447929e-10,0.09950514136421881,1.0923289293626453e-16,0.0005641932229892979,6.137653998420935e-16
Random663
Raw:0.21728910048880218,1.5079746592744923e-06,0.17497295966876167,0.4777090111578337,0.029958085655191705,4.675432504479265e-10,0.09950514136421845,1.0923289293626318e-16,0.0005641932229892968,6.137653998420902e-16
EFT:0.21728910048880218,1.5079746592744898e-06,0.174972959668762,0.4777090111578329,0.029958085655191653,4.67543250447929e-10,0.09950514136421881,1.0923289293626453e-16,0.0005641932229892979,6.137653998420935e-16
Random664
Raw:0.21728910048880237,1.5079746592745072e-06,0.17497295966876217,0.4777090111578325,0.02995808565519168,4.675432504479353e-10,0.09950514136421873,1.0923289293626678e-16,0.0005641932229892988,6.137653998421103e-16
EFT:0.21728910048880218,1.5079746592744898e-06,0.174972959668762,0.4777090111578329,0.029958085655191653,4.67543250447929e-10,0.09950514136421881,1.0923289293626453e-16,0.0005641932229892979,6.137653998420891e-16
Random665
Raw:0.2172891004888027,1.5079746592744557e-06,0.17497295966876303,0.47770901115783065,0.029958085655191567,4.675432504479202e-10,0.09950514136421958,1.092328929362617e-16,0.0005641932229892961,6.137653998420688e-16
EFT:0.21728910048880218,1.5079746592744898e-06,0.174972959668762,0.4777090111578329,0.029958085655191653,4.67543250447929e-10,0.09950514136421881,1.0923289293626453e-16,0.0005641932229892979,6.137653998420891e-16
Random666
Raw:0.21728910048880298,1.5079746592744762e-06,0.17497295966876267,0.47770901115783126,0.029958085655191553,4.675432504479274e-10,0.09950514136421901,1.0923289293626418e-16,0.0005641932229892969,6.137653998420871e-16
EFT:0.21728910048880218,1.5079746592744898e-06,0.174972959668762,0.4777090111578329,0.029958085655191653,4.67543250447929e-10,0.09950514136421881,1.0923289293626453e-16,0.0005641932229892979,6.137653998420935e-16
Random667
Raw:0.21728910048880143,1.5079746592744843e-06,0.1749729596687614,0.47770901115783543,0.0299580856551916,4.675432504479232e-10,0.09950514136421774,1.0923289293626204e-16,0.0005641932229892937,6.137653998420836e-16
EFT:0.21728910048880218,1.5079746592744898e-06,0.174972959668762,0.4777090111578329,0.029958085655191653,4.67543250447929e-10,0.09950514136421881,1.0923289293626453e-16,0.0005641932229892979,6.137653998420935e-16
Random668
Raw:0.21728910048880196,1.50797465927448e-06,0.17497295966876214,0.47770901115783326,0.029958085655191626,4.675432504479261e-10,0.09950514136421854,1.0923289293626308e-16,0.0005641932229892962,6.137653998420852e-16
EFT:0.21728910048880218,1.5079746592744898e-06,0.174972959668762,0.4777090111578329,0.029958085655191653,4.67543250447929e-10,0.09950514136421881,1.0923289293626453e-16,0.0005641932229892979,6.137653998420935e-16
Random669
Raw:0.2172891004888032,1.5079746592744724e-06,0.17497295966876344,0.47770901115783004,0.029958085655191636,4.675432504479329e-10,0.09950514136421929,1.0923289293626545e-16,0.0005641932229892999,6.137653998420986e-16
EFT:0.21728910048880218,1.5079746592744898e-06,0.174972959668762,0.4777090111578329,0.029958085655191653,4.67543250447929e-10,0.09950514136421881,1.0923289293626453e-16,0.0005641932229892979,6.137653998420891e-16
Random670
Raw:0.21728910048880343,1.5079746592744686e-06,0.17497295966876364,0.47770901115782965,0.02995808565519161,4.675432504479308e-10,0.0995051413642192,1.0923289293626458e-16,0.0005641932229892985,6.137653998420893e-16
EFT:0.21728910048880218,1.5079746592744898e-06,0.174972959668762,0.4777090111578329,0.029958085655191653,4.67543250447929e-10,0.09950514136421881,1.0923289293626453e-16,0.0005641932229892979,6.137653998420891e-16
Random671
Raw:0.21728910048880187,1.5079746592744686e-06,0.17497295966876206,0.4777090111578339,0.029958085655191504,4.675432504479234e-10,0.09950514136421831,1.0923289293626244e-16,0.0005641932229892944,6.137653998420816e-16
EFT:0.21728910048880218,1.5079746592744898e-06,0.174972959668762,0.4777090111578329,0.029958085655191653,4.67543250447929e-10,0.09950514136421881,1.0923289293626453e-16,0.0005641932229892979,6.137653998420891e-16
Random672
Raw:0.21728910048880268,1.5079746592744957e-06,0.17497295966876272,0.47770901115783143,0.02995808565519167,4.675432504479342e-10,0.09950514136421904,1.0923289293626732e-16,0.0005641932229892995,6.137653998421047e-16
EFT:0.21728910048880218,1.5079746592744898e-06,0.174972959668762,0.4777090111578329,0.029958085655191653,4.67543250447929e-10,0.09950514136421881,1.0923289293626453e-16,0.0005641932229892979,6.137653998420935e-16
Random673
Raw:0.2172891004888011,1.5079746592744845e-06,0.17497295966876145,0.47770901115783554,0.02995808565519166,4.6754325044792e-10,0.09950514136421794,1.0923289293626129e-16,0.000564193222989294,6.137653998420795e-16
EFT:0.21728910048880218,1.5079746592744898e-06,0.174972959668762,0.4777090111578329,0.029958085655191653,4.67543250447929e-10,0.09950514136421881,1.0923289293626453e-16,0.0005641932229892979,6.137653998420891e-16
Random674
Raw:0.21728910048880187,1.5079746592744767e-06,0.17497295966876172,0.4777090111578339,0.029958085655191556,4.675432504479217e-10,0.09950514136421848,1.0923289293626169e-16,0.0005641932229892955,6.137653998420773e-16
EFT:0.21728910048880218,1.5079746592744898e-06,0.174972959668762,0.4777090111578329,0.029958085655191653,4.67543250447929e-10,0.09950514136421881,1.0923289293626453e-16,0.0005641932229892979,6.137653998420891e-16
Random675
Raw:0.21728910048880196,1.5079746592744722e-06,0.17497295966876214,0.47770901115783326,0.029958085655191626,4.675432504479243e-10,0.09950514136421854,1.092328929362623e-16,0.0005641932229892943,6.137653998420808e-16
EFT:0.21728910048880218,1.5079746592744898e-06,0.174972959668762,0.4777090111578329,0.029958085655191653,4.67543250447929e-10,0.09950514136421881,1.0923289293626453e-16,0.0005641932229892979,6.137653998420891e-16
Random676
Raw:0.21728910048880215,1.5079746592744839e-06,0.17497295966876195,0.47770901115783276,0.029958085655191646,4.675432504479239e-10,0.09950514136421895,1.0923289293626296e-16,0.0005641932229892972,6.137653998420845e-16
EFT:0.21728910048880218,1.5079746592744898e-06,0.174972959668762,0.4777090111578329,0.029958085655191653,4.67543250447929e-10,0.09950514136421881,1.0923289293626453e-16,0.0005641932229892979,6.137653998420891e-16
Random677
Raw:0.21728910048880268,1.5079746592744582e-06,0.17497295966876272,0.47770901115783143,0.029958085655191563,4.675432504479242e-10,0.09950514136421904,1.0923289293626188e-16,0.0005641932229892966,6.137653998420785e-16
EFT:0.21728910048880218,1.5079746592744898e-06,0.174972959668762,0.4777090111578329,0.029958085655191653,4.67543250447929e-10,0.09950514136421881,1.0923289293626453e-16,0.0005641932229892979,6.137653998420891e-16
Random678
Raw:0.21728910048880265,1.5079746592744767e-06,0.1749729596687627,0.4777090111578314,0.02995808565519161,4.675432504479275e-10,0.0995051413642192,1.0923289293626342e-16,0.000564193222989298,6.137653998420872e-16
EFT:0.21728910048880218,1.5079746592744898e-06,0.174972959668762,0.4777090111578329,0.029958085655191653,4.67543250447929e-10,0.09950514136421881,1.0923289293626453e-16,0.0005641932229892979,6.137653998420891e-16
Random679
Raw:0.21728910048880282,1.5079746592744966e-06,0.1749729596687631,0.4777090111578309,0.029958085655191688,4.675432504479354e-10,0.09950514136421909,1.092328929362672e-16,0.0005641932229892999,6.137653998421083e-16
EFT:0.21728910048880218,1.5079746592744898e-06,0.174972959668762,0.4777090111578329,0.029958085655191653,4.67543250447929e-10,0.09950514136421881,1.0923289293626453e-16,0.0005641932229892979,6.137653998420891e-16
Random680
Raw:0.21728910048880237,1.5079746592744856e-06,0.1749729596687625,0.4777090111578325,0.029958085655191577,4.675432504479303e-10,0.09950514136421873,1.0923289293626522e-16,0.0005641932229893013,6.137653998420973e-16
EFT:0.21728910048880218,1.5079746592744898e-06,0.174972959668762,0.4777090111578329,0.029958085655191653,4.67543250447929e-10,0.09950514136421881,1.0923289293626453e-16,0.0005641932229892979,6.137653998420891e-16
Random681
Raw:0.21728910048880282,1.5079746592744699e-06,0.1749729596687631,0.4777090111578309,0.029958085655191632,4.67543250447927e-10,0.09950514136421909,1.0923289293626408e-16,0.0005641932229892994,6.137653998420866e-16
EFT:0.21728910048880218,1.5079746592744898e-06,0.174972959668762,0.4777090111578329,0.029958085655191653,4.67543250447929e-10,0.09950514136421881,1.0923289293626453e-16,0.0005641932229892979,6.137653998420891e-16
Random682
Raw:0.21728910048880234,1.5079746592744826e-06,0.17497295966876306,0.47770901115783154,0.029958085655191678,4.675432504479309e-10,0.09950514136421888,1.0923289293626501e-16,0.0005641932229892982,6.137653998420917e-16
EFT:0.21728910048880218,1.5079746592744898e-06,0.174972959668762,0.4777090111578329,0.029958085655191653,4.67543250447929e-10,0.09950514136421881,1.0923289293626453e-16,0.0005641932229892979,6.137653998420935e-16
Random683
Raw:0.2172891004888015,1.5079746592744824e-06,0.1749729596687615,0.4777090111578348,0.029958085655191615,4.675432504479209e-10,0.09950514136421815,1.092328929362619e-16,0.0005641932229892956,6.137653998420785e-16
EFT:0.21728910048880218,1.5079746592744898e-06,0.174972959668762,0.4777090111578329,0.029958085655191653,4.67543250447929e-10,0.09950514136421881,1.0923289293626453e-16,0.0005641932229892979,6.137653998420891e-16
Random684
Raw:0.2172891004888028,1.5079746592744775e-06,0.1749729596687625,0.47770901115783165,0.02995808565519163,4.675432504479262e-10,0.09950514136421909,1.0923289293626349e-16,0.0005641932229892973,6.137653998420831e-16
EFT:0.21728910048880218,1.5079746592744898e-06,0.174972959668762,0.4777090111578329,0.029958085655191653,4.67543250447929e-10,0.09950514136421881,1.0923289293626453e-16,0.0005641932229892979,6.137653998420891e-16
Random685
Raw:0.2172891004888032,1.5079746592744754e-06,0.17497295966876344,0.47770901115783004,0.029958085655191636,4.675432504479329e-10,0.09950514136421909,1.0923289293626545e-16,0.0005641932229892995,6.137653998420942e-16
EFT:0.21728910048880218,1.5079746592744898e-06,0.174972959668762,0.4777090111578329,0.029958085655191653,4.67543250447929e-10,0.09950514136421881,1.0923289293626453e-16,0.0005641932229892979,6.137653998420891e-16
Random686
Raw:0.2172891004888034,1.5079746592744737e-06,0.17497295966876236,0.47770901115783126,0.0299580856551915,4.675432504479307e-10,0.09950514136421901,1.0923289293626495e-16,0.0005641932229892979,6.137653998420957e-16
EFT:0.21728910048880218,1.5079746592744898e-06,0.174972959668762,0.4777090111578329,0.029958085655191653,4.67543250447929e-10,0.09950514136421881,1.0923289293626453e-16,0.0005641932229892979,6.137653998420935e-16
Random687
Raw:0.21728910048880046,1.507974659274483e-06,0.17497295966876092,0.4777090111578367,0.02995808565519163,4.675432504479195e-10,0.09950514136421784,1.0923289293626155e-16,0.0005641932229892937,6.137653998420809e-16
EFT:0.21728910048880218,1.5079746592744898e-06,0.174972959668762,0.4777090111578329,0.029958085655191653,4.67543250447929e-10,0.09950514136421881,1.0923289293626453e-16,0.0005641932229892979,6.137653998420891e-16
Random688
Raw:0.21728910048880404,1.5079746592744784e-06,0.1749729596687641,0.4777090111578276,0.029958085655191695,4.675432504479388e-10,0.09950514136422,1.0923289293626877e-16,0.0005641932229893025,6.137653998421041e-16
EFT:0.21728910048880218,1.5079746592744898e-06,0.174972959668762,0.4777090111578329,0.029958085655191653,4.67543250447929e-10,0.09950514136421881,1.0923289293626453e-16,0.0005641932229892979,6.137653998420891e-16
Random689
Raw:0.21728910048880268,1.5079746592744957e-06,0.17497295966876242,0.47770901115783143,0.029958085655191723,4.675432504479308e-10,0.09950514136421922,1.0923289293626577e-16,0.0005641932229892995,6.137653998421004e-16
EFT:0.21728910048880218,1.5079746592744898e-06,0.174972959668762,0.4777090111578329,0.029958085655191653,4.67543250447929e-10,0.09950514136421881,1.0923289293626453e-16,0.0005641932229892979,6.137653998420935e-16
Random690
Raw:0.2172891004888023,1.5079746592744877e-06,0.17497295966876208,0.4777090111578331,0.029958085655191667,4.675432504479275e-10,0.0995051413642185,1.0923289293626382e-16,0.0005641932229892955,6.137653998420894e-16
EFT:0.21728910048880218,1.5079746592744898e-06,0.174972959668762,0.4777090111578329,0.029958085655191653,4.67543250447929e-10,0.09950514136421881,1.0923289293626453e-16,0.0005641932229892979,6.137653998420891e-16
Random691
Raw:0.21728910048880248,1.507974659274465e-06,0.1749729596687635,0.47770901115783104,0.02995808565519159,4.675432504479338e-10,0.09950514136421895,1.092328929362649e-16,0.0005641932229892996,6.137653998420911e-16
EFT:0.21728910048880218,1.5079746592744898e-06,0.174972959668762,0.4777090111578329,0.029958085655191653,4.67543250447929e-10,0.09950514136421881,1.0923289293626453e-16,0.0005641932229892979,6.137653998420935e-16
Random692
Raw:0.2172891004888015,1.507974659274477e-06,0.1749729596687615,0.4777090111578348,0.029958085655191563,4.675432504479243e-10,0.09950514136421815,1.0923289293626265e-16,0.0005641932229892945,6.137653998420828e-16
EFT:0.21728910048880218,1.5079746592744898e-06,0.174972959668762,0.4777090111578329,0.029958085655191653,4.67543250447929e-10,0.09950514136421881,1.0923289293626453e-16,0.0005641932229892979,6.137653998420891e-16
Random693
Raw:0.21728910048880348,1.5079746592744906e-06,0.17497295966876303,0.47770901115783065,0.02995808565519162,4.675432504479384e-10,0.09950514136421888,1.0923289293626636e-16,0.0005641932229893007,6.137653998421124e-16
EFT:0.21728910048880218,1.5079746592744898e-06,0.174972959668762,0.4777090111578329,0.029958085655191653,4.67543250447929e-10,0.09950514136421881,1.0923289293626453e-16,0.0005641932229892979,6.137653998420891e-16
Random694
Raw:0.2172891004888018,1.5079746592744813e-06,0.17497295966876264,0.4777090111578329,0.029958085655191705,4.675432504479257e-10,0.09950514136421863,1.0923289293626376e-16,0.0005641932229892962,6.137653998420891e-16
EFT:0.21728910048880218,1.5079746592744898e-06,0.174972959668762,0.4777090111578329,0.029958085655191653,4.67543250447929e-10,0.09950514136421881,1.0923289293626453e-16,0.0005641932229892979,6.137653998420891e-16
Random695
Raw:0.21728910048880246,1.5079746592744862e-06,0.17497295966876222,0.47770901115783265,0.02995808565519169,4.675432504479288e-10,0.09950514136421841,1.0923289293626371e-16,0.0005641932229892975,6.137653998420932e-16
EFT:0.21728910048880218,1.5079746592744898e-06,0.174972959668762,0.4777090111578329,0.029958085655191653,4.67543250447929e-10,0.09950514136421881,1.0923289293626453e-16,0.0005641932229892979,6.137653998420891e-16
Random696
Raw:0.21728910048880307,1.5079746592745012e-06,0.17497295966876242,0.47770901115783143,0.02995808565519167,4.675432504479376e-10,0.09950514136421887,1.092328929362681e-16,0.0005641932229893,6.137653998421134e-16
EFT:0.21728910048880218,1.5079746592744898e-06,0.174972959668762,0.4777090111578329,0.029958085655191653,4.67543250447929e-10,0.09950514136421881,1.0923289293626453e-16,0.0005641932229892979,6.137653998420935e-16
Random697
Raw:0.21728910048880234,1.5079746592744826e-06,0.17497295966876245,0.4777090111578324,0.029958085655191622,4.675432504479302e-10,0.0995051413642187,1.0923289293626442e-16,0.0005641932229892977,6.137653998420928e-16
EFT:0.21728910048880218,1.5079746592744898e-06,0.174972959668762,0.4777090111578329,0.029958085655191653,4.67543250447929e-10,0.09950514136421881,1.0923289293626453e-16,0.0005641932229892979,6.137653998420891e-16
Random698
Raw:0.2172891004888018,1.5079746592744602e-06,0.17497295966876264,0.4777090111578329,0.029958085655191546,4.675432504479224e-10,0.09950514136421863,1.092328929362622e-16,0.0005641932229892948,6.137653998420717e-16
EFT:0.21728910048880218,1.5079746592744898e-06,0.174972959668762,0.4777090111578329,0.029958085655191653,4.67543250447929e-10,0.09950514136421881,1.0923289293626453e-16,0.0005641932229892979,6.137653998420935e-16
Random699
Raw:0.2172891004888023,1.507974659274493e-06,0.17497295966876208,0.4777090111578331,0.029958085655191667,4.675432504479325e-10,0.09950514136421833,1.0923289293626537e-16,0.0005641932229892981,6.137653998421024e-16
EFT:0.21728910048880218,1.5079746592744898e-06,0.174972959668762,0.4777090111578329,0.029958085655191653,4.67543250447929e-10,0.09950514136421881,1.0923289293626453e-16,0.0005641932229892979,6.137653998420891e-16
Random700
Raw:0.2172891004888029,1.507974659274492e-06,0.17497295966876258,0.47770901115783104,0.029958085655191646,4.675432504479322e-10,0.0995051413642193,1.0923289293626646e-16,0.0005641932229893001,6.137653998420999e-16
EFT:0.21728910048880218,1.5079746592744898e-06,0.174972959668762,0.4777090111578329,0.029958085655191653,4.67543250447929e-10,0.09950514136421881,1.0923289293626453e-16,0.0005641932229892979,6.137653998420891e-16
Random701
Raw:0.21728910048880284,1.5079746592744726e-06,0.17497295966876283,0.47770901115783093,0.029958085655191532,4.675432504479288e-10,0.09950514136421929,1.0923289293626409e-16,0.0005641932229892965,6.137653998420866e-16
EFT:0.21728910048880218,1.5079746592744898e-06,0.174972959668762,0.4777090111578329,0.029958085655191653,4.67543250447929e-10,0.09950514136421881,1.0923289293626453e-16,0.0005641932229892979,6.137653998420891e-16
Random702
Raw:0.21728910048880293,1.5079746592745055e-06,0.17497295966876353,0.47770901115783027,0.029958085655191702,4.67543250447943e-10,0.09950514136421915,1.0923289293626938e-16,0.0005641932229893022,6.137653998421206e-16
EFT:0.21728910048880218,1.5079746592744898e-06,0.174972959668762,0.4777090111578329,0.029958085655191653,4.67543250447929e-10,0.09950514136421881,1.0923289293626453e-16,0.0005641932229892979,6.137653998420891e-16
Random703
Raw:0.2172891004888009,1.5079746592744885e-06,0.17497295966876159,0.4777090111578351,0.02995808565519174,4.675432504479229e-10,0.09950514136421822,1.0923289293626271e-16,0.0005641932229892948,6.137653998420832e-16
EFT:0.21728910048880218,1.5079746592744898e-06,0.174972959668762,0.4777090111578329,0.029958085655191653,4.67543250447929e-10,0.09950514136421881,1.0923289293626453e-16,0.0005641932229892979,6.137653998420891e-16
Random704
Raw:0.2172891004888017,1.5079746592744784e-06,0.17497295966876159,0.4777090111578344,0.029958085655191587,4.675432504479188e-10,0.09950514136421823,1.0923289293626102e-16,0.0005641932229892936,6.137653998420736e-16
EFT:0.21728910048880218,1.5079746592744898e-06,0.174972959668762,0.4777090111578329,0.029958085655191653,4.67543250447929e-10,0.09950514136421881,1.0923289293626453e-16,0.0005641932229892979,6.137653998420891e-16
Random705
Raw:0.21728910048880332,1.507974659274476e-06,0.17497295966876322,0.47770901115783027,0.029958085655191594,4.675432504479331e-10,0.09950514136421933,1.0923289293626627e-16,0.0005641932229893003,6.137653998420945e-16
EFT:0.21728910048880218,1.5079746592744898e-06,0.174972959668762,0.4777090111578329,0.029958085655191653,4.67543250447929e-10,0.09950514136421881,1.0923289293626453e-16,0.0005641932229892979,6.137653998420935e-16
Random706
Raw:0.2172891004888021,1.5079746592744595e-06,0.17497295966876222,0.47770901115783265,0.02995808565519148,4.675432504479222e-10,0.09950514136421894,1.0923289293626216e-16,0.0005641932229892941,6.137653998420714e-16
EFT:0.21728910048880218,1.5079746592744898e-06,0.174972959668762,0.4777090111578329,0.029958085655191653,4.67543250447929e-10,0.09950514136421881,1.0923289293626453e-16,0.0005641932229892979,6.137653998420891e-16
Random707
Raw:0.21728910048880326,1.507974659274489e-06,0.17497295966876286,0.47770901115783015,0.029958085655191643,4.675432504479347e-10,0.09950514136421966,1.0923289293626625e-16,0.0005641932229893006,6.13765399842103e-16
EFT:0.21728910048880218,1.5079746592744898e-06,0.174972959668762,0.4777090111578329,0.029958085655191653,4.67543250447929e-10,0.09950514136421881,1.0923289293626453e-16,0.0005641932229892979,6.137653998420891e-16
Random708
Raw:0.21728910048880223,1.50797465927449e-06,0.17497295966876206,0.47770901115783215,0.02995808565519166,4.675432504479284e-10,0.09950514136421935,1.0923289293626515e-16,0.0005641932229892999,6.137653998420925e-16
EFT:0.21728910048880218,1.5079746592744898e-06,0.174972959668762,0.4777090111578329,0.029958085655191653,4.67543250447929e-10,0.09950514136421881,1.0923289293626453e-16,0.0005641932229892979,6.137653998420935e-16
Random709
Raw:0.21728910048880218,1.5079746592744923e-06,0.17497295966876167,0.4777090111578329,0.029958085655191653,4.675432504479257e-10,0.09950514136421898,1.0923289293626453e-16,0.0005641932229892979,6.137653998420935e-16
EFT:0.21728910048880218,1.5079746592744898e-06,0.174972959668762,0.4777090111578329,0.029958085655191653,4.67543250447929e-10,0.09950514136421881,1.0923289293626453e-16,0.0005641932229892979,6.137653998420891e-16
Random710
Raw:0.21728910048880246,1.5079746592744834e-06,0.17497295966876222,0.47770901115783265,0.029958085655191587,4.675432504479321e-10,0.09950514136421859,1.0923289293626526e-16,0.000564193222989297,6.137653998420932e-16
EFT:0.21728910048880218,1.5079746592744898e-06,0.174972959668762,0.4777090111578329,0.029958085655191653,4.67543250447929e-10,0.09950514136421881,1.0923289293626453e-16,0.0005641932229892979,6.137653998420891e-16
Random711
Raw:0.21728910048880246,1.5079746592744618e-06,0.17497295966876283,0.47770901115783176,0.029958085655191584,4.675432504479245e-10,0.09950514136421894,1.0923289293626273e-16,0.0005641932229892969,6.137653998420789e-16
EFT:0.21728910048880218,1.5079746592744898e-06,0.174972959668762,0.4777090111578329,0.029958085655191653,4.67543250447929e-10,0.09950514136421881,1.0923289293626453e-16,0.0005641932229892979,6.137653998420935e-16
Random712
Raw:0.21728910048880273,1.5079746592744773e-06,0.17497295966876247,0.47770901115783154,0.029958085655191518,4.675432504479294e-10,0.09950514136421923,1.0923289293626501e-16,0.0005641932229893023,6.13765399842096e-16
EFT:0.21728910048880218,1.5079746592744898e-06,0.174972959668762,0.4777090111578329,0.029958085655191653,4.67543250447929e-10,0.09950514136421881,1.0923289293626453e-16,0.0005641932229892979,6.137653998420891e-16
Random713
Raw:0.2172891004888023,1.507974659274493e-06,0.17497295966876208,0.47770901115783226,0.029958085655191667,4.675432504479301e-10,0.09950514136421922,1.0923289293626518e-16,0.0005641932229892981,6.13765399842097e-16
EFT:0.21728910048880218,1.5079746592744898e-06,0.174972959668762,0.4777090111578329,0.029958085655191653,4.67543250447929e-10,0.09950514136421881,1.0923289293626453e-16,0.0005641932229892979,6.137653998420891e-16
Random714
Raw:0.21728910048880262,1.507974659274498e-06,0.17497295966876236,0.47770901115783215,0.02995808565519166,4.67543250447935e-10,0.09950514136421866,1.0923289293626593e-16,0.0005641932229892984,6.137653998421056e-16
EFT:0.21728910048880218,1.5079746592744898e-06,0.174972959668762,0.4777090111578329,0.029958085655191653,4.67543250447929e-10,0.09950514136421881,1.0923289293626453e-16,0.0005641932229892979,6.137653998420891e-16
Random715
Raw:0.217289100488802,1.5079746592744697e-06,0.17497295966876186,0.4777090111578334,0.029958085655191525,4.675432504479212e-10,0.09950514136421874,1.0923289293626156e-16,0.0005641932229892944,6.137653998420767e-16
EFT:0.21728910048880218,1.5079746592744898e-06,0.174972959668762,0.4777090111578329,0.029958085655191653,4.67543250447929e-10,0.09950514136421881,1.0923289293626453e-16,0.0005641932229892979,6.137653998420891e-16
Random716
Raw:0.21728910048880243,1.5079746592744805e-06,0.17497295966876253,0.4777090111578326,0.029958085655191584,4.675432504479288e-10,0.0995051413642184,1.092328929362637e-16,0.0005641932229892965,6.137653998420887e-16
EFT:0.21728910048880218,1.5079746592744898e-06,0.174972959668762,0.4777090111578329,0.029958085655191653,4.67543250447929e-10,0.09950514136421881,1.0923289293626453e-16,0.0005641932229892979,6.137653998420891e-16
Random717
Raw:0.2172891004888025,1.5079746592744892e-06,0.17497295966876258,0.4777090111578319,0.0299580856551917,4.675432504479312e-10,0.09950514136421877,1.0923289293626509e-16,0.0005641932229892971,6.137653998420922e-16
EFT:0.21728910048880218,1.5079746592744898e-06,0.174972959668762,0.4777090111578329,0.029958085655191653,4.67543250447929e-10,0.09950514136421881,1.0923289293626453e-16,0.0005641932229892979,6.137653998420935e-16
Random718
Raw:0.2172891004888042,1.5079746592744822e-06,0.17497295966876364,0.477709011157828,0.02995808565519161,4.675432504479425e-10,0.09950514136421991,1.0923289293626886e-16,0.0005641932229893025,6.1376539984210895e-16
EFT:0.21728910048880218,1.5079746592744898e-06,0.174972959668762,0.4777090111578329,0.029958085655191653,4.67543250447929e-10,0.09950514136421881,1.0923289293626453e-16,0.0005641932229892979,6.137653998420891e-16
Random719
Raw:0.21728910048880268,1.5079746592744904e-06,0.174972959668763,0.47770901115783143,0.029958085655191615,4.675432504479342e-10,0.09950514136421867,1.0923289293626577e-16,0.0005641932229892992,6.137653998421047e-16
EFT:0.21728910048880218,1.5079746592744898e-06,0.174972959668762,0.4777090111578329,0.029958085655191653,4.67543250447929e-10,0.09950514136421881,1.0923289293626453e-16,0.0005641932229892979,6.137653998420891e-16
Random720
Raw:0.21728910048880257,1.5079746592744815e-06,0.17497295966876264,0.477709011157832,0.029958085655191598,4.675432504479298e-10,0.0995051413642188,1.0923289293626511e-16,0.0005641932229892968,6.137653998420923e-16
EFT:0.21728910048880218,1.5079746592744898e-06,0.174972959668762,0.4777090111578329,0.029958085655191653,4.67543250447929e-10,0.09950514136421881,1.0923289293626453e-16,0.0005641932229892979,6.137653998420891e-16
Random721
Raw:0.2172891004888028,1.5079746592744697e-06,0.1749729596687628,0.47770901115783165,0.029958085655191577,4.675432504479244e-10,0.09950514136421873,1.0923289293626193e-16,0.0005641932229892959,6.137653998420831e-16
EFT:0.21728910048880218,1.5079746592744898e-06,0.174972959668762,0.4777090111578329,0.029958085655191653,4.67543250447929e-10,0.09950514136421881,1.0923289293626453e-16,0.0005641932229892979,6.137653998420891e-16
Random722
Raw:0.2172891004888011,1.5079746592744792e-06,0.17497295966876145,0.47770901115783554,0.029958085655191608,4.675432504479167e-10,0.09950514136421794,1.0923289293625973e-16,0.0005641932229892934,6.137653998420707e-16
EFT:0.21728910048880218,1.5079746592744898e-06,0.174972959668762,0.4777090111578329,0.029958085655191653,4.67543250447929e-10,0.09950514136421881,1.0923289293626453e-16,0.0005641932229892979,6.137653998420891e-16
Random723
Raw:0.2172891004888038,1.5079746592744796e-06,0.17497295966876364,0.47770901115782965,0.029958085655191664,4.675432504479358e-10,0.09950514136421884,1.0923289293626614e-16,0.0005641932229892995,6.137653998421024e-16
EFT:0.21728910048880218,1.5079746592744898e-06,0.174972959668762,0.4777090111578329,0.029958085655191653,4.67543250447929e-10,0.09950514136421881,1.0923289293626453e-16,0.0005641932229892979,6.137653998420935e-16
Random724
Raw:0.21728910048880296,1.5079746592744868e-06,0.1749729596687626,0.47770901115783115,0.029958085655191705,4.675432504479323e-10,0.09950514136421915,1.092328929362657e-16,0.0005641932229892997,6.137653998420955e-16
EFT:0.21728910048880218,1.5079746592744898e-06,0.174972959668762,0.4777090111578329,0.029958085655191653,4.67543250447929e-10,0.09950514136421881,1.0923289293626453e-16,0.0005641932229892979,6.137653998420891e-16
Random725
Raw:0.21728910048880243,1.5079746592744887e-06,0.17497295966876253,0.4777090111578326,0.029958085655191636,4.675432504479304e-10,0.0995051413642184,1.0923289293626525e-16,0.000564193222989297,6.137653998420974e-16
EFT:0.21728910048880218,1.5079746592744898e-06,0.174972959668762,0.4777090111578329,0.029958085655191653,4.67543250447929e-10,0.09950514136421881,1.0923289293626453e-16,0.0005641932229892979,6.137653998420891e-16
Random726
Raw:0.21728910048880415,1.5079746592744792e-06,0.17497295966876295,0.47770901115782954,0.029958085655191605,4.675432504479324e-10,0.09950514136421935,1.0923289293626611e-16,0.0005641932229892994,6.137653998420935e-16
EFT:0.21728910048880218,1.5079746592744898e-06,0.174972959668762,0.4777090111578329,0.029958085655191653,4.67543250447929e-10,0.09950514136421881,1.0923289293626453e-16,0.0005641932229892979,6.137653998420891e-16
Random727
Raw:0.2172891004888035,1.5079746592744746e-06,0.17497295966876336,0.4777090111578298,0.029958085655191622,4.675432504479344e-10,0.09950514136421923,1.0923289293626617e-16,0.0005641932229893008,6.137653998420939e-16
EFT:0.21728910048880218,1.5079746592744898e-06,0.174972959668762,0.4777090111578329,0.029958085655191653,4.67543250447929e-10,0.09950514136421881,1.0923289293626453e-16,0.0005641932229892979,6.137653998420935e-16
Random728
Raw:0.2172891004888017,1.5079746592744917e-06,0.1749729596687619,0.4777090111578335,0.02995808565519164,4.675432504479263e-10,0.09950514136421876,1.092328929362639e-16,0.000564193222989299,6.137653998420899e-16
EFT:0.21728910048880218,1.5079746592744898e-06,0.174972959668762,0.4777090111578329,0.029958085655191653,4.67543250447929e-10,0.09950514136421881,1.0923289293626453e-16,0.0005641932229892979,6.137653998420891e-16
Random729
Raw:0.21728910048880262,1.5079746592744712e-06,0.1749729596687627,0.47770901115783215,0.0299580856551915,4.6754325044793e-10,0.09950514136421848,1.0923289293626437e-16,0.0005641932229892965,6.137653998420881e-16
EFT:0.21728910048880218,1.5079746592744898e-06,0.174972959668762,0.4777090111578329,0.029958085655191653,4.67543250447929e-10,0.09950514136421881,1.0923289293626453e-16,0.0005641932229892979,6.137653998420891e-16
Random730
Raw:0.217289100488802,1.507974659274467e-06,0.17497295966876217,0.4777090111578334,0.02995808565519158,4.675432504479244e-10,0.09950514136421838,1.0923289293626233e-16,0.0005641932229892958,6.137653998420809e-16
EFT:0.21728910048880218,1.5079746592744898e-06,0.174972959668762,0.4777090111578329,0.029958085655191653,4.67543250447929e-10,0.09950514136421881,1.0923289293626453e-16,0.0005641932229892979,6.137653998420935e-16
Random731
Raw:0.21728910048880234,1.5079746592744667e-06,0.17497295966876275,0.47770901115783154,0.029958085655191622,4.675432504479261e-10,0.09950514136421923,1.0923289293626269e-16,0.0005641932229892982,6.13765399842083e-16
EFT:0.21728910048880218,1.5079746592744898e-06,0.174972959668762,0.4777090111578329,0.029958085655191653,4.67543250447929e-10,0.09950514136421881,1.0923289293626453e-16,0.0005641932229892979,6.137653998420935e-16
Random732
Raw:0.21728910048880207,1.5079746592744782e-06,0.1749729596687619,0.4777090111578335,0.029958085655191587,4.67543250447923e-10,0.09950514136421841,1.0923289293626235e-16,0.000564193222989295,6.137653998420855e-16
EFT:0.21728910048880218,1.5079746592744898e-06,0.174972959668762,0.4777090111578329,0.029958085655191653,4.67543250447929e-10,0.09950514136421881,1.0923289293626453e-16,0.0005641932229892979,6.137653998420935e-16
Random733
Raw:0.21728910048880312,1.5079746592744665e-06,0.17497295966876272,0.47770901115783065,0.029958085655191567,4.675432504479318e-10,0.09950514136421958,1.092328929362648e-16,0.0005641932229892986,6.137653998420863e-16
EFT:0.21728910048880218,1.5079746592744898e-06,0.174972959668762,0.4777090111578329,0.029958085655191653,4.67543250447929e-10,0.09950514136421881,1.0923289293626453e-16,0.0005641932229892979,6.137653998420891e-16
Random734
Raw:0.2172891004888032,1.5079746592744752e-06,0.1749729596687631,0.4777090111578309,0.02995808565519158,4.67543250447932e-10,0.09950514136421892,1.0923289293626485e-16,0.0005641932229892994,6.137653998420952e-16
EFT:0.21728910048880218,1.5079746592744898e-06,0.174972959668762,0.4777090111578329,0.029958085655191653,4.67543250447929e-10,0.09950514136421881,1.0923289293626453e-16,0.0005641932229892979,6.137653998420891e-16
Random735
Raw:0.21728910048880196,1.507974659274504e-06,0.17497295966876214,0.47770901115783326,0.029958085655191678,4.67543250447931e-10,0.09950514136421836,1.0923289293626619e-16,0.0005641932229892972,6.137653998421027e-16
EFT:0.21728910048880218,1.5079746592744898e-06,0.174972959668762,0.4777090111578329,0.029958085655191653,4.67543250447929e-10,0.09950514136421881,1.0923289293626453e-16,0.0005641932229892979,6.137653998420891e-16
Random736
Raw:0.2172891004888029,1.5079746592744866e-06,0.17497295966876258,0.47770901115783104,0.029958085655191646,4.675432504479305e-10,0.0995051413642193,1.092328929362649e-16,0.0005641932229892991,6.137653998420954e-16
EFT:0.21728910048880218,1.5079746592744898e-06,0.174972959668762,0.4777090111578329,0.029958085655191653,4.67543250447929e-10,0.09950514136421881,1.0923289293626453e-16,0.0005641932229892979,6.137653998420891e-16
Random737
Raw:0.21728910048880296,1.5079746592744921e-06,0.17497295966876325,0.4777090111578303,0.029958085655191598,4.675432504479381e-10,0.09950514136421934,1.0923289293626861e-16,0.0005641932229893038,6.137653998421119e-16
EFT:0.21728910048880218,1.5079746592744898e-06,0.174972959668762,0.4777090111578329,0.029958085655191653,4.67543250447929e-10,0.09950514136421881,1.0923289293626453e-16,0.0005641932229892979,6.137653998420891e-16
Random738
Raw:0.21728910048880118,1.5079746592744667e-06,0.1749729596687618,0.47770901115783493,0.029958085655191518,4.67543250447921e-10,0.09950514136421817,1.0923289293626114e-16,0.0005641932229892946,6.137653998420743e-16
EFT:0.21728910048880218,1.5079746592744898e-06,0.174972959668762,0.4777090111578329,0.029958085655191653,4.67543250447929e-10,0.09950514136421881,1.0923289293626453e-16,0.0005641932229892979,6.137653998420935e-16
Random739
Raw:0.21728910048880118,1.5079746592744854e-06,0.17497295966876153,0.47770901115783493,0.029958085655191678,4.675432504479228e-10,0.09950514136421817,1.0923289293626267e-16,0.0005641932229892946,6.13765399842083e-16
EFT:0.21728910048880218,1.5079746592744898e-06,0.174972959668762,0.4777090111578329,0.029958085655191653,4.67543250447929e-10,0.09950514136421881,1.0923289293626453e-16,0.0005641932229892979,6.137653998420935e-16
Random740
Raw:0.21728910048880257,1.5079746592744762e-06,0.17497295966876233,0.47770901115783204,0.02995808565519155,4.675432504479283e-10,0.099505141364219,1.0923289293626357e-16,0.0005641932229892983,6.137653998420924e-16
EFT:0.21728910048880218,1.5079746592744898e-06,0.174972959668762,0.4777090111578329,0.029958085655191653,4.67543250447929e-10,0.09950514136421881,1.0923289293626453e-16,0.0005641932229892979,6.137653998420935e-16
Random741
Raw:0.21728910048880243,1.5079746592744968e-06,0.17497295966876222,0.4777090111578326,0.029958085655191636,4.67543250447932e-10,0.09950514136421876,1.0923289293626525e-16,0.000564193222989299,6.1376539984210185e-16
EFT:0.21728910048880218,1.5079746592744898e-06,0.174972959668762,0.4777090111578329,0.029958085655191653,4.67543250447929e-10,0.09950514136421881,1.0923289293626453e-16,0.0005641932229892979,6.137653998420891e-16
Random742
Raw:0.21728910048880143,1.5079746592744978e-06,0.1749729596687614,0.47770901115783543,0.02995808565519176,4.675432504479265e-10,0.09950514136421758,1.0923289293626435e-16,0.0005641932229892948,6.137653998420924e-16
EFT:0.21728910048880218,1.5079746592744898e-06,0.174972959668762,0.4777090111578329,0.029958085655191653,4.67543250447929e-10,0.09950514136421881,1.0923289293626453e-16,0.0005641932229892979,6.137653998420891e-16
Random743
Raw:0.21728910048880326,1.5079746592744568e-06,0.1749729596687638,0.47770901115783015,0.029958085655191587,4.67543250447928e-10,0.09950514136421877,1.0923289293626236e-16,0.0005641932229892985,6.137653998420856e-16
EFT:0.21728910048880218,1.5079746592744898e-06,0.174972959668762,0.4777090111578329,0.029958085655191653,4.67543250447929e-10,0.09950514136421881,1.0923289293626453e-16,0.0005641932229892979,6.137653998420891e-16
Random744
Raw:0.21728910048880312,1.5079746592744854e-06,0.17497295966876336,0.47770901115783065,0.02995808565519162,4.675432504479368e-10,0.0995051413642187,1.0923289293626715e-16,0.0005641932229893012,6.137653998421081e-16
EFT:0.21728910048880218,1.5079746592744898e-06,0.174972959668762,0.4777090111578329,0.029958085655191653,4.67543250447929e-10,0.09950514136421881,1.0923289293626453e-16,0.0005641932229892979,6.137653998420891e-16
Random745
Raw:0.21728910048880157,1.5079746592744854e-06,0.17497295966876153,0.47770901115783493,0.029958085655191678,4.67543250447921e-10,0.09950514136421781,1.0923289293626114e-16,0.0005641932229892943,6.137653998420787e-16
EFT:0.21728910048880218,1.5079746592744898e-06,0.174972959668762,0.4777090111578329,0.029958085655191653,4.67543250447929e-10,0.09950514136421881,1.0923289293626453e-16,0.0005641932229892979,6.137653998420891e-16
Random746
Raw:0.2172891004888012,1.50797465927448e-06,0.17497295966876183,0.47770901115783326,0.029958085655191626,4.675432504479211e-10,0.09950514136421959,1.0923289293626308e-16,0.0005641932229892992,6.137653998420808e-16
EFT:0.21728910048880218,1.5079746592744898e-06,0.174972959668762,0.4777090111578329,0.029958085655191653,4.67543250447929e-10,0.09950514136421881,1.0923289293626453e-16,0.0005641932229892979,6.137653998420935e-16
Random747
Raw:0.21728910048880215,1.5079746592744574e-06,0.17497295966876292,0.477709011157832,0.02995808565519149,4.675432504479248e-10,0.09950514136421898,1.0923289293626201e-16,0.0005641932229892957,6.137653998420792e-16
EFT:0.21728910048880218,1.5079746592744898e-06,0.174972959668762,0.4777090111578329,0.029958085655191653,4.67543250447929e-10,0.09950514136421881,1.0923289293626453e-16,0.0005641932229892979,6.137653998420935e-16
Random748
Raw:0.2172891004888013,1.5079746592744782e-06,0.1749729596687619,0.4777090111578343,0.029958085655191584,4.675432504479222e-10,0.09950514136421841,1.0923289293626179e-16,0.0005641932229892949,6.137653998420822e-16
EFT:0.21728910048880218,1.5079746592744898e-06,0.174972959668762,0.4777090111578329,0.029958085655191653,4.67543250447929e-10,0.09950514136421881,1.0923289293626453e-16,0.0005641932229892979,6.137653998420891e-16
Random749
Raw:0.2172891004888028,1.5079746592744589e-06,0.1749729596687628,0.47770901115783165,0.029958085655191525,4.675432504479244e-10,0.09950514136421873,1.0923289293626193e-16,0.0005641932229892964,6.137653998420788e-16
EFT:0.21728910048880218,1.5079746592744898e-06,0.174972959668762,0.4777090111578329,0.029958085655191653,4.67543250447929e-10,0.09950514136421881,1.0923289293626453e-16,0.0005641932229892979,6.137653998420891e-16
Random750
Raw:0.21728910048880237,1.5079746592744508e-06,0.1749729596687625,0.4777090111578325,0.02995808565519147,4.675432504479203e-10,0.09950514136421873,1.0923289293626059e-16,0.0005641932229892944,6.137653998420712e-16
EFT:0.21728910048880218,1.5079746592744898e-06,0.174972959668762,0.4777090111578329,0.029958085655191653,4.67543250447929e-10,0.09950514136421881,1.0923289293626453e-16,0.0005641932229892979,6.137653998420935e-16
Random751
Raw:0.21728910048880323,1.5079746592744862e-06,0.17497295966876253,0.47770901115783093,0.029958085655191584,4.675432504479304e-10,0.09950514136421929,1.0923289293626487e-16,0.000564193222989298,6.137653998420952e-16
EFT:0.21728910048880218,1.5079746592744898e-06,0.174972959668762,0.4777090111578329,0.029958085655191653,4.67543250447929e-10,0.09950514136421881,1.0923289293626453e-16,0.0005641932229892979,6.137653998420891e-16
Random752
Raw:0.21728910048880168,1.5079746592744807e-06,0.17497295966876159,0.4777090111578343,0.029958085655191584,4.675432504479222e-10,0.09950514136421841,1.0923289293626179e-16,0.0005641932229892955,6.137653998420779e-16
EFT:0.21728910048880218,1.5079746592744898e-06,0.174972959668762,0.4777090111578329,0.029958085655191653,4.67543250447929e-10,0.09950514136421881,1.0923289293626453e-16,0.0005641932229892979,6.137653998420891e-16
Random753
Raw:0.21728910048880268,1.5079746592744769e-06,0.17497295966876242,0.47770901115783226,0.029958085655191615,4.675432504479301e-10,0.09950514136421869,1.092328929362644e-16,0.0005641932229892966,6.137653998420927e-16
EFT:0.21728910048880218,1.5079746592744898e-06,0.174972959668762,0.4777090111578329,0.029958085655191653,4.67543250447929e-10,0.09950514136421881,1.0923289293626453e-16,0.0005641932229892979,6.137653998420891e-16
Random754
Raw:0.2172891004888023,1.5079746592744608e-06,0.17497295966876333,0.47770901115783143,0.02995808565519151,4.675432504479293e-10,0.09950514136421887,1.0923289293626421e-16,0.000564193222989297,6.137653998420828e-16
EFT:0.21728910048880218,1.5079746592744898e-06,0.174972959668762,0.4777090111578329,0.029958085655191653,4.67543250447929e-10,0.09950514136421881,1.0923289293626453e-16,0.0005641932229892979,6.137653998420891e-16
Random755
Raw:0.21728910048880332,1.5079746592745004e-06,0.17497295966876322,0.47770901115782943,0.029958085655191757,4.675432504479356e-10,0.09950514136421985,1.0923289293626764e-16,0.0005641932229893027,6.137653998421065e-16
EFT:0.21728910048880218,1.5079746592744898e-06,0.174972959668762,0.4777090111578329,0.029958085655191653,4.67543250447929e-10,0.09950514136421881,1.0923289293626453e-16,0.0005641932229892979,6.137653998420891e-16
Random756
Raw:0.2172891004888025,1.507974659274457e-06,0.1749729596687629,0.4777090111578319,0.02995808565519154,4.67543250447923e-10,0.09950514136421877,1.0923289293626198e-16,0.0005641932229892956,6.137653998420704e-16
EFT:0.21728910048880218,1.5079746592744898e-06,0.174972959668762,0.4777090111578329,0.029958085655191653,4.67543250447929e-10,0.09950514136421881,1.0923289293626453e-16,0.0005641932229892979,6.137653998420891e-16
Random757
Raw:0.21728910048880137,1.5079746592745027e-06,0.17497295966876103,0.4777090111578353,0.029958085655191646,4.675432504479297e-10,0.09950514136421808,1.0923289293626432e-16,0.0005641932229892952,6.137653998420966e-16
EFT:0.21728910048880218,1.5079746592744898e-06,0.174972959668762,0.4777090111578329,0.029958085655191653,4.67543250447929e-10,0.09950514136421881,1.0923289293626453e-16,0.0005641932229892979,6.137653998420891e-16
Random758
Raw:0.2172891004888021,1.507974659274502e-06,0.17497295966876192,0.47770901115783265,0.029958085655191747,4.675432504479321e-10,0.09950514136421912,1.0923289293626604e-16,0.000564193222989298,6.137653998421063e-16
EFT:0.21728910048880218,1.5079746592744898e-06,0.174972959668762,0.4777090111578329,0.029958085655191653,4.67543250447929e-10,0.09950514136421881,1.0923289293626453e-16,0.0005641932229892979,6.137653998420891e-16
Random759
Raw:0.21728910048880312,1.5079746592744718e-06,0.17497295966876272,0.47770901115783065,0.029958085655191567,4.675432504479268e-10,0.09950514136421941,1.0923289293626325e-16,0.0005641932229892961,6.137653998420863e-16
EFT:0.21728910048880218,1.5079746592744898e-06,0.174972959668762,0.4777090111578329,0.029958085655191653,4.67543250447929e-10,0.09950514136421881,1.0923289293626453e-16,0.0005641932229892979,6.137653998420891e-16
Random760
Raw:0.2172891004888027,1.5079746592744743e-06,0.17497295966876336,0.47770901115783065,0.02995808565519162,4.675432504479334e-10,0.09950514136421922,1.0923289293626558e-16,0.0005641932229893012,6.137653998420949e-16
EFT:0.21728910048880218,1.5079746592744898e-06,0.174972959668762,0.4777090111578329,0.029958085655191653,4.67543250447929e-10,0.09950514136421881,1.0923289293626453e-16,0.0005641932229892979,6.137653998420891e-16
Random761
Raw:0.2172891004888009,1.5079746592744593e-06,0.1749729596687619,0.4777090111578343,0.02995808565519148,4.675432504479187e-10,0.09950514136421894,1.0923289293626101e-16,0.0005641932229892969,6.137653998420691e-16
EFT:0.21728910048880218,1.5079746592744898e-06,0.174972959668762,0.4777090111578329,0.029958085655191653,4.67543250447929e-10,0.09950514136421881,1.0923289293626453e-16,0.0005641932229892979,6.137653998420935e-16
Random762
Raw:0.21728910048880218,1.5079746592744813e-06,0.1749729596687623,0.4777090111578329,0.029958085655191653,4.67543250447929e-10,0.09950514136421845,1.0923289293626453e-16,0.0005641932229892973,6.137653998420891e-16
EFT:0.21728910048880218,1.5079746592744898e-06,0.174972959668762,0.4777090111578329,0.029958085655191653,4.67543250447929e-10,0.09950514136421881,1.0923289293626453e-16,0.0005641932229892979,6.137653998420935e-16
Random763
Raw:0.2172891004888025,1.5079746592744892e-06,0.17497295966876258,0.4777090111578319,0.0299580856551917,4.675432504479312e-10,0.09950514136421895,1.0923289293626509e-16,0.0005641932229892986,6.137653998420965e-16
EFT:0.21728910048880218,1.5079746592744898e-06,0.174972959668762,0.4777090111578329,0.029958085655191653,4.67543250447929e-10,0.09950514136421881,1.0923289293626453e-16,0.0005641932229892979,6.137653998420891e-16
Random764
Raw:0.21728910048880265,1.507974659274485e-06,0.1749729596687627,0.4777090111578314,0.029958085655191667,4.675432504479308e-10,0.0995051413642192,1.0923289293626498e-16,0.0005641932229892995,6.137653998420958e-16
EFT:0.21728910048880218,1.5079746592744898e-06,0.174972959668762,0.4777090111578329,0.029958085655191653,4.67543250447929e-10,0.09950514136421881,1.0923289293626453e-16,0.0005641932229892979,6.137653998420891e-16
Random765
Raw:0.2172891004888013,1.5079746592744834e-06,0.1749729596687622,0.4777090111578343,0.02995808565519169,4.675432504479288e-10,0.09950514136421805,1.0923289293626409e-16,0.0005641932229892949,6.13765399842091e-16
EFT:0.21728910048880218,1.5079746592744898e-06,0.174972959668762,0.4777090111578329,0.029958085655191653,4.67543250447929e-10,0.09950514136421881,1.0923289293626453e-16,0.0005641932229892979,6.137653998420935e-16
Random766
Raw:0.217289100488802,1.507974659274475e-06,0.1749729596687628,0.4777090111578325,0.02995808565519168,4.675432504479269e-10,0.09950514136421855,1.0923289293626367e-16,0.0005641932229892958,6.137653998420886e-16
EFT:0.21728910048880218,1.5079746592744898e-06,0.174972959668762,0.4777090111578329,0.029958085655191653,4.67543250447929e-10,0.09950514136421881,1.0923289293626453e-16,0.0005641932229892979,6.137653998420891e-16
Random767
Raw:0.21728910048880268,1.5079746592744904e-06,0.17497295966876242,0.47770901115783226,0.029958085655191615,4.675432504479317e-10,0.09950514136421869,1.0923289293626518e-16,0.0005641932229892996,6.13765399842097e-16
EFT:0.21728910048880218,1.5079746592744898e-06,0.174972959668762,0.4777090111578329,0.029958085655191653,4.67543250447929e-10,0.09950514136421881,1.0923289293626453e-16,0.0005641932229892979,6.137653998420891e-16
Random768
Raw:0.21728910048880234,1.5079746592744746e-06,0.1749729596687621,0.4777090111578332,0.029958085655191622,4.675432504479243e-10,0.09950514136421834,1.0923289293626228e-16,0.0005641932229892942,6.137653998420807e-16
EFT:0.21728910048880218,1.5079746592744898e-06,0.174972959668762,0.4777090111578329,0.029958085655191653,4.67543250447929e-10,0.09950514136421881,1.0923289293626453e-16,0.0005641932229892979,6.137653998420935e-16
Random769
Raw:0.2172891004888023,1.5079746592744635e-06,0.17497295966876242,0.47770901115783226,0.029958085655191615,4.67543250447925e-10,0.09950514136421904,1.0923289293626285e-16,0.0005641932229892966,6.137653998420796e-16
EFT:0.21728910048880218,1.5079746592744898e-06,0.174972959668762,0.4777090111578329,0.029958085655191653,4.67543250447929e-10,0.09950514136421881,1.0923289293626453e-16,0.0005641932229892979,6.137653998420935e-16
Random770
Raw:0.21728910048880257,1.5079746592744843e-06,0.17497295966876233,0.47770901115783204,0.029958085655191653,4.675432504479299e-10,0.099505141364219,1.0923289293626513e-16,0.0005641932229892983,6.137653998420924e-16
EFT:0.21728910048880218,1.5079746592744898e-06,0.174972959668762,0.4777090111578329,0.029958085655191653,4.67543250447929e-10,0.09950514136421881,1.0923289293626453e-16,0.0005641932229892979,6.137653998420891e-16
Random771
Raw:0.2172891004888018,1.5079746592744654e-06,0.17497295966876167,0.4777090111578337,0.0299580856551916,4.675432504479199e-10,0.09950514136421881,1.0923289293626087e-16,0.0005641932229892932,6.137653998420683e-16
EFT:0.21728910048880218,1.5079746592744898e-06,0.174972959668762,0.4777090111578329,0.029958085655191653,4.67543250447929e-10,0.09950514136421881,1.0923289293626453e-16,0.0005641932229892979,6.137653998420891e-16
Random772
Raw:0.21728910048880273,1.5079746592744773e-06,0.17497295966876214,0.4777090111578324,0.029958085655191622,4.675432504479251e-10,0.0995051413642187,1.0923289293626209e-16,0.0005641932229892957,6.13765399842084e-16
EFT:0.21728910048880218,1.5079746592744898e-06,0.174972959668762,0.4777090111578329,0.029958085655191653,4.67543250447929e-10,0.09950514136421881,1.0923289293626453e-16,0.0005641932229892979,6.137653998420891e-16
Random773
Raw:0.21728910048880185,1.50797465927449e-06,0.17497295966876236,0.477709011157833,0.02995808565519166,4.675432504479291e-10,0.09950514136421866,1.0923289293626457e-16,0.000564193222989298,6.137653998420936e-16
EFT:0.21728910048880218,1.5079746592744898e-06,0.174972959668762,0.4777090111578329,0.029958085655191653,4.67543250447929e-10,0.09950514136421881,1.0923289293626453e-16,0.0005641932229892979,6.137653998420891e-16
Random774
Raw:0.21728910048880282,1.5079746592744887e-06,0.1749729596687631,0.4777090111578309,0.02995808565519158,4.675432504479354e-10,0.09950514136421909,1.092328929362672e-16,0.0005641932229893005,6.137653998421083e-16
EFT:0.21728910048880218,1.5079746592744898e-06,0.174972959668762,0.4777090111578329,0.029958085655191653,4.67543250447929e-10,0.09950514136421881,1.0923289293626453e-16,0.0005641932229892979,6.137653998420935e-16
Random775
Raw:0.2172891004888016,1.5079746592744693e-06,0.17497295966876214,0.47770901115783326,0.029958085655191518,4.675432504479211e-10,0.0995051413642189,1.0923289293626154e-16,0.0005641932229892937,6.137653998420765e-16
EFT:0.21728910048880218,1.5079746592744898e-06,0.174972959668762,0.4777090111578329,0.029958085655191653,4.67543250447929e-10,0.09950514136421881,1.0923289293626453e-16,0.0005641932229892979,6.137653998420935e-16
Random776
Raw:0.21728910048880057,1.5079746592744837e-06,0.1749729596687607,0.4777090111578369,0.029958085655191535,4.675432504479147e-10,0.0995051413642177,1.0923289293625927e-16,0.000564193222989291,6.137653998420681e-16
EFT:0.21728910048880218,1.5079746592744898e-06,0.174972959668762,0.4777090111578329,0.029958085655191653,4.67543250447929e-10,0.09950514136421881,1.0923289293626453e-16,0.0005641932229892979,6.137653998420935e-16
Random777
Raw:0.2172891004888021,1.5079746592744782e-06,0.17497295966876256,0.47770901115783265,0.029958085655191587,4.675432504479288e-10,0.09950514136421859,1.0923289293626448e-16,0.0005641932229892966,6.137653998420932e-16
EFT:0.21728910048880218,1.5079746592744898e-06,0.174972959668762,0.4777090111578329,0.029958085655191653,4.67543250447929e-10,0.09950514136421881,1.0923289293626453e-16,0.0005641932229892979,6.137653998420891e-16
Random778
Raw:0.21728910048880218,1.507974659274463e-06,0.17497295966876264,0.47770901115783204,0.029958085655191494,4.675432504479283e-10,0.099505141364219,1.0923289293626435e-16,0.0005641932229892969,6.137653998420836e-16
EFT:0.21728910048880218,1.5079746592744898e-06,0.174972959668762,0.4777090111578329,0.029958085655191653,4.67543250447929e-10,0.09950514136421881,1.0923289293626453e-16,0.0005641932229892979,6.137653998420891e-16
Random779
Raw:0.21728910048880165,1.5079746592744536e-06,0.1749729596687625,0.4777090111578334,0.029958085655191473,4.675432504479196e-10,0.09950514136421855,1.0923289293626156e-16,0.0005641932229892944,6.137653998420724e-16
EFT:0.21728910048880218,1.5079746592744898e-06,0.174972959668762,0.4777090111578329,0.029958085655191653,4.67543250447929e-10,0.09950514136421881,1.0923289293626453e-16,0.0005641932229892979,6.137653998420935e-16
Random780
Raw:0.21728910048880168,1.5079746592744915e-06,0.17497295966876159,0.4777090111578343,0.02995808565519164,4.675432504479254e-10,0.09950514136421841,1.0923289293626331e-16,0.0005641932229892955,6.13765399842091e-16
EFT:0.21728910048880218,1.5079746592744898e-06,0.174972959668762,0.4777090111578329,0.029958085655191653,4.67543250447929e-10,0.09950514136421881,1.0923289293626453e-16,0.0005641932229892979,6.137653998420891e-16
Random781
Raw:0.21728910048880196,1.5079746592744856e-06,0.17497295966876183,0.47770901115783326,0.029958085655191626,4.675432504479261e-10,0.09950514136421872,1.0923289293626386e-16,0.0005641932229892972,6.137653998420896e-16
EFT:0.21728910048880218,1.5079746592744898e-06,0.174972959668762,0.4777090111578329,0.029958085655191653,4.67543250447929e-10,0.09950514136421881,1.0923289293626453e-16,0.0005641932229892979,6.137653998420935e-16
Random782
Raw:0.21728910048880376,1.5079746592744898e-06,0.17497295966876328,0.47770901115782954,0.029958085655191657,4.675432504479407e-10,0.09950514136421935,1.0923289293626844e-16,0.0005641932229893008,6.137653998421109e-16
EFT:0.21728910048880218,1.5079746592744898e-06,0.174972959668762,0.4777090111578329,0.029958085655191653,4.67543250447929e-10,0.09950514136421881,1.0923289293626453e-16,0.0005641932229892979,6.137653998420891e-16
Random783
Raw:0.217289100488802,1.5079746592744913e-06,0.17497295966876156,0.4777090111578334,0.029958085655191632,4.675432504479262e-10,0.09950514136421891,1.0923289293626466e-16,0.0005641932229892958,6.137653998420853e-16
EFT:0.21728910048880218,1.5079746592744898e-06,0.174972959668762,0.4777090111578329,0.029958085655191653,4.67543250447929e-10,0.09950514136421881,1.0923289293626453e-16,0.0005641932229892979,6.137653998420935e-16
Random784
Raw:0.2172891004888017,1.5079746592744917e-06,0.17497295966876222,0.4777090111578335,0.02995808565519164,4.675432504479296e-10,0.09950514136421841,1.0923289293626468e-16,0.000564193222989298,6.137653998420986e-16
EFT:0.21728910048880218,1.5079746592744898e-06,0.174972959668762,0.4777090111578329,0.029958085655191653,4.67543250447929e-10,0.09950514136421881,1.0923289293626453e-16,0.0005641932229892979,6.137653998420891e-16
Random785
Raw:0.21728910048880296,1.5079746592744496e-06,0.17497295966876356,0.4777090111578303,0.029958085655191494,4.675432504479232e-10,0.09950514136421915,1.0923289293626163e-16,0.0005641932229892973,6.137653998420684e-16
EFT:0.21728910048880218,1.5079746592744898e-06,0.174972959668762,0.4777090111578329,0.029958085655191653,4.67543250447929e-10,0.09950514136421881,1.0923289293626453e-16,0.0005641932229892979,6.137653998420891e-16
Random786
Raw:0.21728910048880218,1.5079746592744843e-06,0.174972959668762,0.4777090111578329,0.0299580856551916,4.675432504479273e-10,0.09950514136421881,1.0923289293626376e-16,0.0005641932229892962,6.137653998420847e-16
EFT:0.21728910048880218,1.5079746592744898e-06,0.174972959668762,0.4777090111578329,0.029958085655191653,4.67543250447929e-10,0.09950514136421881,1.0923289293626453e-16,0.0005641932229892979,6.137653998420891e-16
Random787
Raw:0.2172891004888018,1.5079746592744735e-06,0.17497295966876264,0.4777090111578329,0.029958085655191653,4.67543250447924e-10,0.09950514136421863,1.0923289293626298e-16,0.0005641932229892968,6.137653998420804e-16
EFT:0.21728910048880218,1.5079746592744898e-06,0.174972959668762,0.4777090111578329,0.029958085655191653,4.67543250447929e-10,0.09950514136421881,1.0923289293626453e-16,0.0005641932229892979,6.137653998420891e-16
Random788
Raw:0.21728910048880284,1.5079746592744752e-06,0.17497295966876314,0.47770901115783093,0.029958085655191584,4.675432504479304e-10,0.09950514136421894,1.0923289293626487e-16,0.0005641932229892985,6.137653998420952e-16
EFT:0.21728910048880218,1.5079746592744898e-06,0.174972959668762,0.4777090111578329,0.029958085655191653,4.67543250447929e-10,0.09950514136421881,1.0923289293626453e-16,0.0005641932229892979,6.137653998420935e-16
Random789
Raw:0.21728910048880282,1.5079746592744887e-06,0.1749729596687625,0.4777090111578309,0.029958085655191632,4.675432504479288e-10,0.09950514136421981,1.0923289293626564e-16,0.0005641932229893009,6.137653998420952e-16
EFT:0.21728910048880218,1.5079746592744898e-06,0.174972959668762,0.4777090111578329,0.029958085655191653,4.67543250447929e-10,0.09950514136421881,1.0923289293626453e-16,0.0005641932229892979,6.137653998420935e-16
Random790
Raw:0.21728910048880207,1.507974659274486e-06,0.17497295966876253,0.4777090111578326,0.029958085655191743,4.67543250447932e-10,0.09950514136421858,1.0923289293626525e-16,0.000564193222989299,6.137653998420974e-16
EFT:0.21728910048880218,1.5079746592744898e-06,0.174972959668762,0.4777090111578329,0.029958085655191653,4.67543250447929e-10,0.09950514136421881,1.0923289293626453e-16,0.0005641932229892979,6.137653998420891e-16
Random791
Raw:0.2172891004888025,1.507974659274473e-06,0.1749729596687629,0.4777090111578319,0.029958085655191643,4.675432504479264e-10,0.09950514136421877,1.0923289293626276e-16,0.0005641932229892992,6.137653998420878e-16
EFT:0.21728910048880218,1.5079746592744898e-06,0.174972959668762,0.4777090111578329,0.029958085655191653,4.67543250447929e-10,0.09950514136421881,1.0923289293626453e-16,0.0005641932229892979,6.137653998420935e-16
Random792
Raw:0.2172891004888023,1.5079746592744879e-06,0.17497295966876242,0.47770901115783226,0.029958085655191667,4.675432504479267e-10,0.09950514136421885,1.0923289293626362e-16,0.0005641932229892985,6.137653998420927e-16
EFT:0.21728910048880218,1.5079746592744898e-06,0.174972959668762,0.4777090111578329,0.029958085655191653,4.67543250447929e-10,0.09950514136421881,1.0923289293626453e-16,0.0005641932229892979,6.137653998420891e-16
Random793
Raw:0.21728910048880312,1.5079746592744932e-06,0.17497295966876303,0.47770901115783065,0.029958085655191674,4.675432504479352e-10,0.09950514136421905,1.0923289293626636e-16,0.0005641932229892997,6.137653998421037e-16
EFT:0.21728910048880218,1.5079746592744898e-06,0.174972959668762,0.4777090111578329,0.029958085655191653,4.67543250447929e-10,0.09950514136421881,1.0923289293626453e-16,0.0005641932229892979,6.137653998420891e-16
Random794
Raw:0.2172891004888035,1.5079746592744803e-06,0.17497295966876372,0.47770901115782904,0.029958085655191626,4.675432504479353e-10,0.0995051413642196,1.0923289293626678e-16,0.0005641932229893008,6.137653998421017e-16
EFT:0.21728910048880218,1.5079746592744898e-06,0.174972959668762,0.4777090111578329,0.029958085655191653,4.67543250447929e-10,0.09950514136421881,1.0923289293626453e-16,0.0005641932229892979,6.137653998420935e-16
Random795
Raw:0.21728910048880237,1.5079746592744642e-06,0.1749729596687625,0.4777090111578325,0.029958085655191577,4.675432504479253e-10,0.09950514136421855,1.0923289293626212e-16,0.0005641932229892953,6.137653998420799e-16
EFT:0.21728910048880218,1.5079746592744898e-06,0.174972959668762,0.4777090111578329,0.029958085655191653,4.67543250447929e-10,0.09950514136421881,1.0923289293626453e-16,0.0005641932229892979,6.137653998420891e-16
Random796
Raw:0.21728910048880196,1.5079746592744961e-06,0.17497295966876214,0.47770901115783326,0.029958085655191678,4.67543250447931e-10,0.09950514136421836,1.0923289293626463e-16,0.0005641932229892968,6.137653998421027e-16
EFT:0.21728910048880218,1.5079746592744898e-06,0.174972959668762,0.4777090111578329,0.029958085655191653,4.67543250447929e-10,0.09950514136421881,1.0923289293626453e-16,0.0005641932229892979,6.137653998420935e-16
Random797
Raw:0.21728910048880098,1.5079746592744758e-06,0.17497295966876136,0.4777090111578353,0.029958085655191594,4.675432504479181e-10,0.09950514136421826,1.0923289293626123e-16,0.0005641932229892931,6.137653998420748e-16
EFT:0.21728910048880218,1.5079746592744898e-06,0.174972959668762,0.4777090111578329,0.029958085655191653,4.67543250447929e-10,0.09950514136421881,1.0923289293626453e-16,0.0005641932229892979,6.137653998420935e-16
Random798
Raw:0.21728910048880268,1.5079746592744796e-06,0.17497295966876272,0.47770901115783143,0.029958085655191563,4.675432504479293e-10,0.09950514136421904,1.0923289293626499e-16,0.0005641932229892981,6.137653998420916e-16
EFT:0.21728910048880218,1.5079746592744898e-06,0.174972959668762,0.4777090111578329,0.029958085655191653,4.67543250447929e-10,0.09950514136421881,1.0923289293626453e-16,0.0005641932229892979,6.137653998420891e-16
Random799
Raw:0.2172891004888033,1.5079746592744811e-06,0.17497295966876286,0.47770901115783104,0.02995808565519159,4.675432504479305e-10,0.09950514136421879,1.092328929362649e-16,0.0005641932229892971,6.137653998420954e-16
EFT:0.21728910048880218,1.5079746592744898e-06,0.174972959668762,0.4777090111578329,0.029958085655191653,4.67543250447929e-10,0.09950514136421881,1.0923289293626453e-16,0.0005641932229892979,6.137653998420935e-16
Random800
Raw:0.21728910048880234,1.5079746592744909e-06,0.17497295966876245,0.4777090111578324,0.029958085655191674,4.675432504479286e-10,0.0995051413642187,1.092328929362652e-16,0.0005641932229892992,6.137653998420928e-16
EFT:0.21728910048880218,1.5079746592744898e-06,0.174972959668762,0.4777090111578329,0.029958085655191653,4.67543250447929e-10,0.09950514136421881,1.0923289293626453e-16,0.0005641932229892979,6.137653998420891e-16
Random801
Raw:0.2172891004888018,1.507974659274463e-06,0.17497295966876264,0.4777090111578329,0.029958085655191653,4.675432504479224e-10,0.09950514136421863,1.0923289293626145e-16,0.0005641932229892962,6.13765399842076e-16
EFT:0.21728910048880218,1.5079746592744898e-06,0.174972959668762,0.4777090111578329,0.029958085655191653,4.67543250447929e-10,0.09950514136421881,1.0923289293626453e-16,0.0005641932229892979,6.137653998420935e-16
Random802
Raw:0.217289100488803,1.5079746592744631e-06,0.17497295966876328,0.47770901115783043,0.029958085655191553,4.675432504479266e-10,0.09950514136421935,1.092328929362632e-16,0.0005641932229892988,6.137653998420815e-16
EFT:0.21728910048880218,1.5079746592744898e-06,0.174972959668762,0.4777090111578329,0.029958085655191653,4.67543250447929e-10,0.09950514136421881,1.0923289293626453e-16,0.0005641932229892979,6.137653998420891e-16
Random803
Raw:0.2172891004888021,1.5079746592744729e-06,0.17497295966876222,0.47770901115783265,0.02995808565519164,4.675432504479255e-10,0.09950514136421876,1.0923289293626293e-16,0.0005641932229892966,6.137653998420844e-16
EFT:0.21728910048880218,1.5079746592744898e-06,0.174972959668762,0.4777090111578329,0.029958085655191653,4.67543250447929e-10,0.09950514136421881,1.0923289293626453e-16,0.0005641932229892979,6.137653998420891e-16
Random804
Raw:0.2172891004888044,1.5079746592744756e-06,0.1749729596687635,0.4777090111578276,0.029958085655191587,4.675432504479338e-10,0.09950514136422053,1.0923289293626722e-16,0.0005641932229893021,6.137653998420998e-16
EFT:0.21728910048880218,1.5079746592744898e-06,0.174972959668762,0.4777090111578329,0.029958085655191653,4.67543250447929e-10,0.09950514136421881,1.0923289293626453e-16,0.0005641932229892979,6.137653998420891e-16
Random805
Raw:0.21728910048880357,1.507974659274483e-06,0.17497295966876308,0.47770901115782993,0.02995808565519163,4.675432504479328e-10,0.09950514136421926,1.092328929362662e-16,0.0005641932229893004,6.13765399842094e-16
EFT:0.21728910048880218,1.5079746592744898e-06,0.174972959668762,0.4777090111578329,0.029958085655191653,4.67543250447929e-10,0.09950514136421881,1.0923289293626453e-16,0.0005641932229892979,6.137653998420891e-16
Random806
Raw:0.2172891004888019,1.5079746592744688e-06,0.1749729596687624,0.4777090111578331,0.02995808565519156,4.675432504479259e-10,0.09950514136421869,1.0923289293626303e-16,0.000564193222989297,6.137653998420806e-16
EFT:0.21728910048880218,1.5079746592744898e-06,0.174972959668762,0.4777090111578329,0.029958085655191653,4.67543250447929e-10,0.09950514136421881,1.0923289293626453e-16,0.0005641932229892979,6.137653998420891e-16
Random807
Raw:0.21728910048880282,1.5079746592744646e-06,0.1749729596687631,0.4777090111578309,0.02995808565519153,4.675432504479303e-10,0.09950514136421927,1.0923289293626408e-16,0.0005641932229892974,6.137653998420866e-16
EFT:0.21728910048880218,1.5079746592744898e-06,0.174972959668762,0.4777090111578329,0.029958085655191653,4.67543250447929e-10,0.09950514136421881,1.0923289293626453e-16,0.0005641932229892979,6.137653998420891e-16
Random808
Raw:0.21728910048880168,1.507974659274454e-06,0.17497295966876222,0.47770901115783265,0.029958085655191532,4.675432504479172e-10,0.0995051413642193,1.0923289293625985e-16,0.0005641932229892949,6.137653998420626e-16
EFT:0.21728910048880218,1.5079746592744898e-06,0.174972959668762,0.4777090111578329,0.029958085655191653,4.67543250447929e-10,0.09950514136421881,1.0923289293626453e-16,0.0005641932229892979,6.137653998420935e-16
Random809
Raw:0.21728910048880387,1.5079746592744746e-06,0.174972959668764,0.4777090111578281,0.029958085655191567,4.675432504479392e-10,0.09950514136421994,1.0923289293626811e-16,0.0005641932229893012,6.137653998421047e-16
EFT:0.21728910048880218,1.5079746592744898e-06,0.174972959668762,0.4777090111578329,0.029958085655191653,4.67543250447929e-10,0.09950514136421881,1.0923289293626453e-16,0.0005641932229892979,6.137653998420935e-16
Random810
Raw:0.21728910048880185,1.507974659274482e-06,0.17497295966876145,0.4777090111578347,0.029958085655191608,4.675432504479258e-10,0.09950514136421795,1.0923289293626262e-16,0.0005641932229892944,6.137653998420871e-16
EFT:0.21728910048880218,1.5079746592744898e-06,0.174972959668762,0.4777090111578329,0.029958085655191653,4.67543250447929e-10,0.09950514136421881,1.0923289293626453e-16,0.0005641932229892979,6.137653998420891e-16
Random811
Raw:0.2172891004888017,1.5079746592744784e-06,0.17497295966876192,0.4777090111578344,0.029958085655191643,4.675432504479222e-10,0.09950514136421788,1.092328929362618e-16,0.0005641932229892945,6.137653998420822e-16
EFT:0.21728910048880218,1.5079746592744898e-06,0.174972959668762,0.4777090111578329,0.029958085655191653,4.67543250447929e-10,0.09950514136421881,1.0923289293626453e-16,0.0005641932229892979,6.137653998420891e-16
Random812
Raw:0.21728910048880135,1.5079746592744864e-06,0.17497295966876136,0.4777090111578345,0.029958085655191702,4.675432504479206e-10,0.09950514136421862,1.0923289293626335e-16,0.0005641932229892957,6.137653998420824e-16
EFT:0.21728910048880218,1.5079746592744898e-06,0.174972959668762,0.4777090111578329,0.029958085655191653,4.67543250447929e-10,0.09950514136421881,1.0923289293626453e-16,0.0005641932229892979,6.137653998420891e-16
Random813
Raw:0.21728910048880165,1.5079746592744724e-06,0.17497295966876217,0.4777090111578334,0.029958085655191632,4.675432504479262e-10,0.09950514136421874,1.092328929362631e-16,0.0005641932229892974,6.137653998420853e-16
EFT:0.21728910048880218,1.5079746592744898e-06,0.174972959668762,0.4777090111578329,0.029958085655191653,4.67543250447929e-10,0.09950514136421881,1.0923289293626453e-16,0.0005641932229892979,6.137653998420935e-16
Random814
Raw:0.21728910048880118,1.5079746592744773e-06,0.1749729596687618,0.47770901115783493,0.029958085655191622,4.675432504479244e-10,0.09950514136421801,1.0923289293626267e-16,0.0005641932229892946,6.13765399842083e-16
EFT:0.21728910048880218,1.5079746592744898e-06,0.174972959668762,0.4777090111578329,0.029958085655191653,4.67543250447929e-10,0.09950514136421881,1.0923289293626453e-16,0.0005641932229892979,6.137653998420891e-16
Random815
Raw:0.21728910048880223,1.507974659274498e-06,0.17497295966876203,0.477709011157833,0.029958085655191712,4.675432504479308e-10,0.09950514136421848,1.0923289293626535e-16,0.0005641932229892969,6.137653998421023e-16
EFT:0.21728910048880218,1.5079746592744898e-06,0.174972959668762,0.4777090111578329,0.029958085655191653,4.67543250447929e-10,0.09950514136421881,1.0923289293626453e-16,0.0005641932229892979,6.137653998420935e-16
Random816
Raw:0.21728910048880276,1.5079746592744909e-06,0.17497295966876308,0.47770901115783077,0.029958085655191626,4.675432504479353e-10,0.09950514136421924,1.0923289293626717e-16,0.0005641932229893008,6.137653998421038e-16
EFT:0.21728910048880218,1.5079746592744898e-06,0.174972959668762,0.4777090111578329,0.029958085655191653,4.67543250447929e-10,0.09950514136421881,1.0923289293626453e-16,0.0005641932229892979,6.137653998420935e-16
Random817
Raw:0.21728910048880265,1.507974659274466e-06,0.174972959668763,0.4777090111578314,0.02995808565519161,4.675432504479242e-10,0.09950514136421902,1.0923289293626186e-16,0.000564193222989297,6.137653998420784e-16
EFT:0.21728910048880218,1.5079746592744898e-06,0.174972959668762,0.4777090111578329,0.029958085655191653,4.67543250447929e-10,0.09950514136421881,1.0923289293626453e-16,0.0005641932229892979,6.137653998420935e-16
Random818
Raw:0.21728910048880215,1.5079746592744811e-06,0.17497295966876228,0.47770901115783276,0.0299580856551917,4.675432504479289e-10,0.09950514136421862,1.0923289293626373e-16,0.0005641932229892967,6.137653998420889e-16
EFT:0.21728910048880218,1.5079746592744898e-06,0.174972959668762,0.4777090111578329,0.029958085655191653,4.67543250447929e-10,0.09950514136421881,1.0923289293626453e-16,0.0005641932229892979,6.137653998420891e-16
Random819
Raw:0.21728910048880296,1.5079746592744788e-06,0.17497295966876292,0.47770901115783115,0.029958085655191653,4.675432504479306e-10,0.09950514136421881,1.0923289293626493e-16,0.0005641932229892983,6.137653998420912e-16
EFT:0.21728910048880218,1.5079746592744898e-06,0.174972959668762,0.4777090111578329,0.029958085655191653,4.67543250447929e-10,0.09950514136421881,1.0923289293626453e-16,0.0005641932229892979,6.137653998420935e-16
Random820
Raw:0.21728910048880243,1.5079746592744568e-06,0.17497295966876222,0.4777090111578326,0.02995808565519153,4.675432504479222e-10,0.09950514136421876,1.0923289293626061e-16,0.000564193222989294,6.137653998420713e-16
EFT:0.21728910048880218,1.5079746592744898e-06,0.174972959668762,0.4777090111578329,0.029958085655191653,4.67543250447929e-10,0.09950514136421881,1.0923289293626453e-16,0.0005641932229892979,6.137653998420891e-16
Random821
Raw:0.21728910048880282,1.5079746592744538e-06,0.1749729596687631,0.4777090111578309,0.02995808565519153,4.675432504479254e-10,0.09950514136421927,1.0923289293626253e-16,0.0005641932229892974,6.137653998420821e-16
EFT:0.21728910048880218,1.5079746592744898e-06,0.174972959668762,0.4777090111578329,0.029958085655191653,4.67543250447929e-10,0.09950514136421881,1.0923289293626453e-16,0.0005641932229892979,6.137653998420891e-16
Random822
Raw:0.21728910048880257,1.5079746592744949e-06,0.17497295966876264,0.477709011157832,0.029958085655191757,4.675432504479315e-10,0.09950514136421862,1.0923289293626511e-16,0.0005641932229892982,6.137653998421011e-16
EFT:0.21728910048880218,1.5079746592744898e-06,0.174972959668762,0.4777090111578329,0.029958085655191653,4.67543250447929e-10,0.09950514136421881,1.0923289293626453e-16,0.0005641932229892979,6.137653998420891e-16
Random823
Raw:0.2172891004888025,1.5079746592744784e-06,0.17497295966876258,0.4777090111578319,0.02995808565519159,4.675432504479297e-10,0.09950514136421913,1.0923289293626509e-16,0.0005641932229892975,6.137653998420878e-16
EFT:0.21728910048880218,1.5079746592744898e-06,0.174972959668762,0.4777090111578329,0.029958085655191653,4.67543250447929e-10,0.09950514136421881,1.0923289293626453e-16,0.0005641932229892979,6.137653998420891e-16
Random824
Raw:0.2172891004888021,1.5079746592744754e-06,0.17497295966876192,0.47770901115783265,0.029958085655191587,4.675432504479222e-10,0.0995051413642193,1.0923289293626216e-16,0.0005641932229892955,6.137653998420757e-16
EFT:0.21728910048880218,1.5079746592744898e-06,0.174972959668762,0.4777090111578329,0.029958085655191653,4.67543250447929e-10,0.09950514136421881,1.0923289293626453e-16,0.0005641932229892979,6.137653998420891e-16
Random825
Raw:0.21728910048880162,1.5079746592744697e-06,0.17497295966876186,0.4777090111578342,0.029958085655191525,4.675432504479237e-10,0.09950514136421838,1.0923289293626251e-16,0.0005641932229892934,6.13765399842082e-16
EFT:0.21728910048880218,1.5079746592744898e-06,0.174972959668762,0.4777090111578329,0.029958085655191653,4.67543250447929e-10,0.09950514136421881,1.0923289293626453e-16,0.0005641932229892979,6.137653998420891e-16
Random826
Raw:0.21728910048880148,1.5079746592744686e-06,0.17497295966876172,0.4777090111578339,0.02995808565519161,4.6754325044792e-10,0.09950514136421866,1.0923289293626169e-16,0.000564193222989294,6.13765399842073e-16
EFT:0.21728910048880218,1.5079746592744898e-06,0.174972959668762,0.4777090111578329,0.029958085655191653,4.67543250447929e-10,0.09950514136421881,1.0923289293626453e-16,0.0005641932229892979,6.137653998420891e-16
Random827
Raw:0.217289100488802,1.5079746592744752e-06,0.17497295966876217,0.4777090111578334,0.029958085655191632,4.675432504479244e-10,0.09950514136421838,1.0923289293626233e-16,0.0005641932229892944,6.137653998420853e-16
EFT:0.21728910048880218,1.5079746592744898e-06,0.174972959668762,0.4777090111578329,0.029958085655191653,4.67543250447929e-10,0.09950514136421881,1.0923289293626453e-16,0.0005641932229892979,6.137653998420891e-16
Random828
Raw:0.2172891004888018,1.5079746592744654e-06,0.1749729596687623,0.4777090111578337,0.0299580856551916,4.675432504479248e-10,0.09950514136421829,1.092328929362624e-16,0.0005641932229892947,6.137653998420771e-16
EFT:0.21728910048880218,1.5079746592744898e-06,0.174972959668762,0.4777090111578329,0.029958085655191653,4.67543250447929e-10,0.09950514136421881,1.0923289293626453e-16,0.0005641932229892979,6.137653998420891e-16
Random829
Raw:0.2172891004888025,1.507974659274473e-06,0.1749729596687629,0.4777090111578319,0.029958085655191643,4.675432504479264e-10,0.09950514136421877,1.0923289293626354e-16,0.0005641932229892986,6.137653998420834e-16
EFT:0.21728910048880218,1.5079746592744898e-06,0.174972959668762,0.4777090111578329,0.029958085655191653,4.67543250447929e-10,0.09950514136421881,1.0923289293626453e-16,0.0005641932229892979,6.137653998420891e-16
Random830
Raw:0.21728910048880282,1.507974659274478e-06,0.17497295966876256,0.47770901115783176,0.029958085655191584,4.675432504479296e-10,0.09950514136421874,1.0923289293626429e-16,0.0005641932229892974,6.13765399842092e-16
EFT:0.21728910048880218,1.5079746592744898e-06,0.174972959668762,0.4777090111578329,0.029958085655191653,4.67543250447929e-10,0.09950514136421881,1.0923289293626453e-16,0.0005641932229892979,6.137653998420891e-16
Random831
Raw:0.21728910048880234,1.507974659274472e-06,0.17497295966876245,0.4777090111578324,0.029958085655191515,4.675432504479268e-10,0.09950514136421888,1.0923289293626365e-16,0.0005641932229892972,6.13765399842084e-16
EFT:0.21728910048880218,1.5079746592744898e-06,0.174972959668762,0.4777090111578329,0.029958085655191653,4.67543250447929e-10,0.09950514136421881,1.0923289293626453e-16,0.0005641932229892979,6.137653998420891e-16
Random832
Raw:0.217289100488802,1.5079746592745074e-06,0.17497295966876156,0.4777090111578334,0.029958085655191737,4.675432504479311e-10,0.09950514136421891,1.0923289293626621e-16,0.0005641932229892974,6.137653998421028e-16
EFT:0.21728910048880218,1.5079746592744898e-06,0.174972959668762,0.4777090111578329,0.029958085655191653,4.67543250447929e-10,0.09950514136421881,1.0923289293626453e-16,0.0005641932229892979,6.137653998420935e-16
Random833
Raw:0.2172891004888036,1.5079746592744671e-06,0.17497295966876347,0.4777090111578292,0.029958085655191584,4.675432504479337e-10,0.09950514136421963,1.0923289293626604e-16,0.0005641932229893005,6.137653998420931e-16
EFT:0.21728910048880218,1.5079746592744898e-06,0.174972959668762,0.4777090111578329,0.029958085655191653,4.67543250447929e-10,0.09950514136421881,1.0923289293626453e-16,0.0005641932229892979,6.137653998420891e-16
Random834
Raw:0.2172891004888035,1.5079746592744718e-06,0.17497295966876336,0.4777090111578298,0.029958085655191622,4.675432504479327e-10,0.09950514136421923,1.0923289293626462e-16,0.0005641932229892992,6.137653998420939e-16
EFT:0.21728910048880218,1.5079746592744898e-06,0.174972959668762,0.4777090111578329,0.029958085655191653,4.67543250447929e-10,0.09950514136421881,1.0923289293626453e-16,0.0005641932229892979,6.137653998420891e-16
Random835
Raw:0.21728910048880196,1.5079746592744856e-06,0.17497295966876214,0.47770901115783326,0.029958085655191678,4.67543250447931e-10,0.09950514136421836,1.0923289293626463e-16,0.0005641932229892978,6.137653998420983e-16
EFT:0.21728910048880218,1.5079746592744898e-06,0.174972959668762,0.4777090111578329,0.029958085655191653,4.67543250447929e-10,0.09950514136421881,1.0923289293626453e-16,0.0005641932229892979,6.137653998420891e-16
Random836
Raw:0.2172891004888025,1.5079746592744678e-06,0.1749729596687629,0.4777090111578319,0.02995808565519154,4.67543250447928e-10,0.09950514136421877,1.0923289293626276e-16,0.0005641932229892975,6.137653998420834e-16
EFT:0.21728910048880218,1.5079746592744898e-06,0.174972959668762,0.4777090111578329,0.029958085655191653,4.67543250447929e-10,0.09950514136421881,1.0923289293626453e-16,0.0005641932229892979,6.137653998420935e-16
Random837
Raw:0.2172891004888021,1.507974659274462e-06,0.17497295966876222,0.47770901115783265,0.029958085655191587,4.675432504479188e-10,0.09950514136421894,1.0923289293626063e-16,0.0005641932229892941,6.137653998420714e-16
EFT:0.21728910048880218,1.5079746592744898e-06,0.174972959668762,0.4777090111578329,0.029958085655191653,4.67543250447929e-10,0.09950514136421881,1.0923289293626453e-16,0.0005641932229892979,6.137653998420935e-16
Random838
Raw:0.2172891004888021,1.5079746592744807e-06,0.17497295966876256,0.47770901115783265,0.02995808565519164,4.675432504479255e-10,0.09950514136421859,1.0923289293626216e-16,0.0005641932229892966,6.137653998420888e-16
EFT:0.21728910048880218,1.5079746592744898e-06,0.174972959668762,0.4777090111578329,0.029958085655191653,4.67543250447929e-10,0.09950514136421881,1.0923289293626453e-16,0.0005641932229892979,6.137653998420891e-16
Random839
Raw:0.21728910048880296,1.50797465927446e-06,0.17497295966876292,0.47770901115783115,0.029958085655191494,4.675432504479273e-10,0.09950514136421898,1.0923289293626259e-16,0.0005641932229892972,6.137653998420824e-16
EFT:0.21728910048880218,1.5079746592744898e-06,0.174972959668762,0.4777090111578329,0.029958085655191653,4.67543250447929e-10,0.09950514136421881,1.0923289293626453e-16,0.0005641932229892979,6.137653998420891e-16
Random840
Raw:0.2172891004888029,1.507974659274497e-06,0.17497295966876258,0.47770901115783104,0.029958085655191646,4.675432504479355e-10,0.0995051413642193,1.0923289293626723e-16,0.0005641932229893007,6.137653998421042e-16
EFT:0.21728910048880218,1.5079746592744898e-06,0.174972959668762,0.4777090111578329,0.029958085655191653,4.67543250447929e-10,0.09950514136421881,1.0923289293626453e-16,0.0005641932229892979,6.137653998420891e-16
Random841
Raw:0.2172891004888029,1.5079746592744597e-06,0.1749729596687632,0.47770901115783104,0.02995808565519154,4.675432504479289e-10,0.09950514136421879,1.0923289293626334e-16,0.0005641932229892977,6.137653998420868e-16
EFT:0.21728910048880218,1.5079746592744898e-06,0.174972959668762,0.4777090111578329,0.029958085655191653,4.67543250447929e-10,0.09950514136421881,1.0923289293626453e-16,0.0005641932229892979,6.137653998420891e-16
Random842
Raw:0.2172891004888021,1.5079746592744917e-06,0.17497295966876222,0.47770901115783265,0.02995808565519169,4.675432504479288e-10,0.09950514136421876,1.0923289293626448e-16,0.000564193222989298,6.137653998420975e-16
EFT:0.21728910048880218,1.5079746592744898e-06,0.174972959668762,0.4777090111578329,0.029958085655191653,4.67543250447929e-10,0.09950514136421881,1.0923289293626453e-16,0.0005641932229892979,6.137653998420891e-16
Random843
Raw:0.21728910048880187,1.5079746592744845e-06,0.17497295966876172,0.4777090111578339,0.029958085655191664,4.675432504479234e-10,0.09950514136421831,1.0923289293626244e-16,0.000564193222989294,6.137653998420816e-16
EFT:0.21728910048880218,1.5079746592744898e-06,0.174972959668762,0.4777090111578329,0.029958085655191653,4.67543250447929e-10,0.09950514136421881,1.0923289293626453e-16,0.0005641932229892979,6.137653998420891e-16
Random844
Raw:0.21728910048880137,1.5079746592744839e-06,0.17497295966876136,0.4777090111578353,0.029958085655191542,4.675432504479214e-10,0.09950514136421808,1.0923289293626201e-16,0.0005641932229892947,6.137653998420792e-16
EFT:0.21728910048880218,1.5079746592744898e-06,0.174972959668762,0.4777090111578329,0.029958085655191653,4.67543250447929e-10,0.09950514136421881,1.0923289293626453e-16,0.0005641932229892979,6.137653998420891e-16
Random845
Raw:0.2172891004888032,1.5079746592744807e-06,0.1749729596687628,0.47770901115783004,0.02995808565519158,4.675432504479329e-10,0.09950514136421998,1.0923289293626622e-16,0.0005641932229893024,6.137653998420942e-16
EFT:0.21728910048880218,1.5079746592744898e-06,0.174972959668762,0.4777090111578329,0.029958085655191653,4.67543250447929e-10,0.09950514136421881,1.0923289293626453e-16,0.0005641932229892979,6.137653998420891e-16
Random846
Raw:0.2172891004888019,1.507974659274466e-06,0.1749729596687624,0.4777090111578331,0.029958085655191456,4.675432504479242e-10,0.09950514136421869,1.0923289293626225e-16,0.000564193222989295,6.137653998420806e-16
EFT:0.21728910048880218,1.5079746592744898e-06,0.174972959668762,0.4777090111578329,0.029958085655191653,4.67543250447929e-10,0.09950514136421881,1.0923289293626453e-16,0.0005641932229892979,6.137653998420891e-16
Random847
Raw:0.21728910048880223,1.507974659274498e-06,0.17497295966876203,0.477709011157833,0.02995808565519166,4.675432504479274e-10,0.09950514136421866,1.0923289293626535e-16,0.000564193222989298,6.137653998420979e-16
EFT:0.21728910048880218,1.5079746592744898e-06,0.174972959668762,0.4777090111578329,0.029958085655191653,4.67543250447929e-10,0.09950514136421881,1.0923289293626453e-16,0.0005641932229892979,6.137653998420935e-16
Random848
Raw:0.21728910048880298,1.5079746592744737e-06,0.17497295966876295,0.47770901115783126,0.029958085655191605,4.675432504479307e-10,0.09950514136421883,1.0923289293626495e-16,0.0005641932229892994,6.137653998420914e-16
EFT:0.21728910048880218,1.5079746592744898e-06,0.174972959668762,0.4777090111578329,0.029958085655191653,4.67543250447929e-10,0.09950514136421881,1.0923289293626453e-16,0.0005641932229892979,6.137653998420935e-16
Random849
Raw:0.21728910048880223,1.5079746592745006e-06,0.17497295966876172,0.477709011157833,0.029958085655191768,4.675432504479258e-10,0.09950514136421883,1.0923289293626378e-16,0.0005641932229892954,6.137653998420892e-16
EFT:0.21728910048880218,1.5079746592744898e-06,0.174972959668762,0.4777090111578329,0.029958085655191653,4.67543250447929e-10,0.09950514136421881,1.0923289293626453e-16,0.0005641932229892979,6.137653998420891e-16
Random850
Raw:0.21728910048880318,1.507974659274467e-06,0.17497295966876275,0.47770901115783077,0.029958085655191573,4.675432504479253e-10,0.09950514136421924,1.0923289293626328e-16,0.0005641932229892962,6.137653998420819e-16
EFT:0.21728910048880218,1.5079746592744898e-06,0.174972959668762,0.4777090111578329,0.029958085655191653,4.67543250447929e-10,0.09950514136421881,1.0923289293626453e-16,0.0005641932229892979,6.137653998420891e-16
Random851
Raw:0.21728910048880218,1.5079746592744949e-06,0.174972959668762,0.4777090111578329,0.029958085655191705,4.67543250447929e-10,0.09950514136421863,1.0923289293626532e-16,0.0005641932229892962,6.137653998420978e-16
EFT:0.21728910048880218,1.5079746592744898e-06,0.174972959668762,0.4777090111578329,0.029958085655191653,4.67543250447929e-10,0.09950514136421881,1.0923289293626453e-16,0.0005641932229892979,6.137653998420891e-16
Random852
Raw:0.21728910048880146,1.50797465927449e-06,0.17497295966876145,0.4777090111578347,0.029958085655191716,4.675432504479242e-10,0.09950514136421813,1.0923289293626262e-16,0.0005641932229892949,6.137653998420827e-16
EFT:0.21728910048880218,1.5079746592744898e-06,0.174972959668762,0.4777090111578329,0.029958085655191653,4.67543250447929e-10,0.09950514136421881,1.0923289293626453e-16,0.0005641932229892979,6.137653998420891e-16
Random853
Raw:0.2172891004888028,1.5079746592744697e-06,0.1749729596687628,0.47770901115783165,0.029958085655191577,4.675432504479262e-10,0.09950514136421873,1.0923289293626271e-16,0.0005641932229892964,6.137653998420831e-16
EFT:0.21728910048880218,1.5079746592744898e-06,0.174972959668762,0.4777090111578329,0.029958085655191653,4.67543250447929e-10,0.09950514136421881,1.0923289293626453e-16,0.0005641932229892979,6.137653998420891e-16
Random854
Raw:0.21728910048880162,1.5079746592744803e-06,0.17497295966876186,0.4777090111578342,0.029958085655191577,4.675432504479253e-10,0.0995051413642182,1.0923289293626251e-16,0.0005641932229892959,6.137653998420864e-16
EFT:0.21728910048880218,1.5079746592744898e-06,0.174972959668762,0.4777090111578329,0.029958085655191653,4.67543250447929e-10,0.09950514136421881,1.0923289293626453e-16,0.0005641932229892979,6.137653998420891e-16
Random855
Raw:0.21728910048880312,1.5079746592744854e-06,0.17497295966876303,0.47770901115783065,0.02995808565519162,4.675432504479334e-10,0.09950514136421905,1.0923289293626636e-16,0.0005641932229893007,6.137653998421037e-16
EFT:0.21728910048880218,1.5079746592744898e-06,0.174972959668762,0.4777090111578329,0.029958085655191653,4.67543250447929e-10,0.09950514136421881,1.0923289293626453e-16,0.0005641932229892979,6.137653998420891e-16
Random856
Raw:0.21728910048880146,1.50797465927449e-06,0.17497295966876145,0.4777090111578347,0.029958085655191664,4.675432504479242e-10,0.0995051413642183,1.092328929362634e-16,0.0005641932229892949,6.137653998420871e-16
EFT:0.21728910048880218,1.5079746592744898e-06,0.174972959668762,0.4777090111578329,0.029958085655191653,4.67543250447929e-10,0.09950514136421881,1.0923289293626453e-16,0.0005641932229892979,6.137653998420891e-16
Random857
Raw:0.21728910048880176,1.5079746592744703e-06,0.17497295966876225,0.4777090111578336,0.02995808565519154,4.675432504479231e-10,0.09950514136421842,1.0923289293626238e-16,0.0005641932229892946,6.137653998420812e-16
EFT:0.21728910048880218,1.5079746592744898e-06,0.174972959668762,0.4777090111578329,0.029958085655191653,4.67543250447929e-10,0.09950514136421881,1.0923289293626453e-16,0.0005641932229892979,6.137653998420891e-16
Random858
Raw:0.21728910048880312,1.5079746592744932e-06,0.17497295966876272,0.47770901115783065,0.02995808565519162,4.675432504479368e-10,0.09950514136421941,1.0923289293626792e-16,0.0005641932229892997,6.137653998421037e-16
EFT:0.21728910048880218,1.5079746592744898e-06,0.174972959668762,0.4777090111578329,0.029958085655191653,4.67543250447929e-10,0.09950514136421881,1.0923289293626453e-16,0.0005641932229892979,6.137653998420935e-16
Random859
Raw:0.21728910048880312,1.5079746592744798e-06,0.17497295966876303,0.47770901115783065,0.029958085655191567,4.675432504479318e-10,0.09950514136421922,1.0923289293626558e-16,0.0005641932229892977,6.137653998420906e-16
EFT:0.21728910048880218,1.5079746592744898e-06,0.174972959668762,0.4777090111578329,0.029958085655191653,4.67543250447929e-10,0.09950514136421881,1.0923289293626453e-16,0.0005641932229892979,6.137653998420891e-16
Random860
Raw:0.2172891004888028,1.5079746592744616e-06,0.1749729596687628,0.47770901115783165,0.02995808565519147,4.675432504479228e-10,0.09950514136421891,1.0923289293626193e-16,0.0005641932229892964,6.137653998420744e-16
EFT:0.21728910048880218,1.5079746592744898e-06,0.174972959668762,0.4777090111578329,0.029958085655191653,4.67543250447929e-10,0.09950514136421881,1.0923289293626453e-16,0.0005641932229892979,6.137653998420891e-16
Random861
Raw:0.21728910048880234,1.5079746592744532e-06,0.17497295966876278,0.4777090111578324,0.029958085655191462,4.675432504479268e-10,0.09950514136421854,1.0923289293626287e-16,0.0005641932229892957,6.137653998420797e-16
EFT:0.21728910048880218,1.5079746592744898e-06,0.174972959668762,0.4777090111578329,0.029958085655191653,4.67543250447929e-10,0.09950514136421881,1.0923289293626453e-16,0.0005641932229892979,6.137653998420891e-16
Random862
Raw:0.21728910048880312,1.5079746592744773e-06,0.17497295966876336,0.47770901115783065,0.02995808565519162,4.675432504479318e-10,0.0995051413642187,1.092328929362648e-16,0.0005641932229893012,6.137653998420994e-16
EFT:0.21728910048880218,1.5079746592744898e-06,0.174972959668762,0.4777090111578329,0.029958085655191653,4.67543250447929e-10,0.09950514136421881,1.0923289293626453e-16,0.0005641932229892979,6.137653998420935e-16
Random863
Raw:0.21728910048880196,1.5079746592744856e-06,0.17497295966876183,0.47770901115783326,0.029958085655191678,4.675432504479261e-10,0.09950514136421872,1.0923289293626386e-16,0.0005641932229892953,6.137653998420852e-16
EFT:0.21728910048880218,1.5079746592744898e-06,0.174972959668762,0.4777090111578329,0.029958085655191653,4.67543250447929e-10,0.09950514136421881,1.0923289293626453e-16,0.0005641932229892979,6.137653998420935e-16
Random864
Raw:0.21728910048880287,1.507974659274473e-06,0.17497295966876258,0.4777090111578319,0.02995808565519154,4.675432504479264e-10,0.0995051413642186,1.0923289293626198e-16,0.0005641932229892961,6.137653998420878e-16
EFT:0.21728910048880218,1.5079746592744898e-06,0.174972959668762,0.4777090111578329,0.029958085655191653,4.67543250447929e-10,0.09950514136421881,1.0923289293626453e-16,0.0005641932229892979,6.137653998420891e-16
Random865
Raw:0.21728910048880254,1.5079746592744574e-06,0.17497295966876322,0.47770901115783115,0.029958085655191494,4.67543250447929e-10,0.09950514136421915,1.0923289293626336e-16,0.0005641932229893013,6.137653998420824e-16
EFT:0.21728910048880218,1.5079746592744898e-06,0.174972959668762,0.4777090111578329,0.029958085655191653,4.67543250447929e-10,0.09950514136421881,1.0923289293626453e-16,0.0005641932229892979,6.137653998420891e-16
Random866
Raw:0.21728910048880257,1.5079746592744815e-06,0.17497295966876233,0.47770901115783204,0.029958085655191653,4.675432504479248e-10,0.09950514136421881,1.0923289293626357e-16,0.0005641932229892972,6.13765399842088e-16
EFT:0.21728910048880218,1.5079746592744898e-06,0.174972959668762,0.4777090111578329,0.029958085655191653,4.67543250447929e-10,0.09950514136421881,1.0923289293626453e-16,0.0005641932229892979,6.137653998420891e-16
Random867
Raw:0.2172891004888024,1.5079746592744589e-06,0.17497295966876308,0.47770901115783165,0.029958085655191577,4.675432504479244e-10,0.09950514136421891,1.0923289293626193e-16,0.0005641932229892964,6.137653998420788e-16
EFT:0.21728910048880218,1.5079746592744898e-06,0.174972959668762,0.4777090111578329,0.029958085655191653,4.67543250447929e-10,0.09950514136421881,1.0923289293626453e-16,0.0005641932229892979,6.137653998420891e-16
Random868
Raw:0.21728910048880276,1.5079746592744536e-06,0.17497295966876308,0.47770901115783077,0.02995808565519152,4.675432504479253e-10,0.09950514136421942,1.092328929362625e-16,0.0005641932229892962,6.137653998420776e-16
EFT:0.21728910048880218,1.5079746592744898e-06,0.174972959668762,0.4777090111578329,0.029958085655191653,4.67543250447929e-10,0.09950514136421881,1.0923289293626453e-16,0.0005641932229892979,6.137653998420891e-16
Random869
Raw:0.21728910048880218,1.5079746592744654e-06,0.1749729596687623,0.4777090111578329,0.0299580856551916,4.67543250447924e-10,0.09950514136421863,1.092328929362622e-16,0.0005641932229892958,6.137653998420804e-16
EFT:0.21728910048880218,1.5079746592744898e-06,0.174972959668762,0.4777090111578329,0.029958085655191653,4.67543250447929e-10,0.09950514136421881,1.0923289293626453e-16,0.0005641932229892979,6.137653998420891e-16
Random870
Raw:0.21728910048880298,1.5079746592744604e-06,0.17497295966876295,0.47770901115783126,0.0299580856551915,4.675432504479274e-10,0.09950514136421883,1.092328929362634e-16,0.0005641932229892969,6.137653998420826e-16
EFT:0.21728910048880218,1.5079746592744898e-06,0.174972959668762,0.4777090111578329,0.029958085655191653,4.67543250447929e-10,0.09950514136421881,1.0923289293626453e-16,0.0005641932229892979,6.137653998420891e-16
Random871
Raw:0.2172891004888021,1.5079746592744729e-06,0.17497295966876256,0.47770901115783265,0.029958085655191532,4.675432504479271e-10,0.09950514136421876,1.0923289293626293e-16,0.0005641932229892966,6.137653998420844e-16
EFT:0.21728910048880218,1.5079746592744898e-06,0.174972959668762,0.4777090111578329,0.029958085655191653,4.67543250447929e-10,0.09950514136421881,1.0923289293626453e-16,0.0005641932229892979,6.137653998420891e-16
Random872
Raw:0.21728910048880262,1.507974659274474e-06,0.1749729596687627,0.47770901115783215,0.029958085655191608,4.6754325044793e-10,0.09950514136421848,1.0923289293626437e-16,0.000564193222989297,6.137653998420925e-16
EFT:0.21728910048880218,1.5079746592744898e-06,0.174972959668762,0.4777090111578329,0.029958085655191653,4.67543250447929e-10,0.09950514136421881,1.0923289293626453e-16,0.0005641932229892979,6.137653998420935e-16
Random873
Raw:0.21728910048880268,1.5079746592744879e-06,0.17497295966876242,0.47770901115783143,0.029958085655191615,4.675432504479276e-10,0.09950514136421922,1.0923289293626499e-16,0.0005641932229892986,6.137653998420916e-16
EFT:0.21728910048880218,1.5079746592744898e-06,0.174972959668762,0.4777090111578329,0.029958085655191653,4.67543250447929e-10,0.09950514136421881,1.0923289293626453e-16,0.0005641932229892979,6.137653998420891e-16
Random874
Raw:0.2172891004888025,1.5079746592744625e-06,0.17497295966876228,0.47770901115783276,0.02995808565519154,4.675432504479223e-10,0.09950514136421842,1.0923289293626143e-16,0.0005641932229892956,6.137653998420759e-16
EFT:0.21728910048880218,1.5079746592744898e-06,0.174972959668762,0.4777090111578329,0.029958085655191653,4.67543250447929e-10,0.09950514136421881,1.0923289293626453e-16,0.0005641932229892979,6.137653998420891e-16
Random875
Raw:0.21728910048880323,1.5079746592744995e-06,0.17497295966876253,0.47770901115783093,0.02995808565519164,4.675432504479371e-10,0.0995051413642191,1.0923289293626799e-16,0.0005641932229893024,6.137653998421084e-16
EFT:0.21728910048880218,1.5079746592744898e-06,0.174972959668762,0.4777090111578329,0.029958085655191653,4.67543250447929e-10,0.09950514136421881,1.0923289293626453e-16,0.0005641932229892979,6.137653998420891e-16
Random876
Raw:0.21728910048880246,1.5079746592744807e-06,0.17497295966876256,0.47770901115783176,0.029958085655191636,4.675432504479279e-10,0.0995051413642191,1.0923289293626429e-16,0.000564193222989296,6.1376539984208765e-16
EFT:0.21728910048880218,1.5079746592744898e-06,0.174972959668762,0.4777090111578329,0.029958085655191653,4.67543250447929e-10,0.09950514136421881,1.0923289293626453e-16,0.0005641932229892979,6.137653998420891e-16
Random877
Raw:0.21728910048880296,1.5079746592745002e-06,0.17497295966876292,0.47770901115783115,0.029958085655191705,4.675432504479374e-10,0.09950514136421881,1.0923289293626803e-16,0.0005641932229893008,6.13765399842113e-16
EFT:0.21728910048880218,1.5079746592744898e-06,0.174972959668762,0.4777090111578329,0.029958085655191653,4.67543250447929e-10,0.09950514136421881,1.0923289293626453e-16,0.0005641932229892979,6.137653998420935e-16
Random878
Raw:0.21728910048880187,1.5079746592744875e-06,0.17497295966876172,0.4777090111578339,0.029958085655191556,4.675432504479249e-10,0.09950514136421848,1.0923289293626322e-16,0.0005641932229892969,6.13765399842086e-16
EFT:0.21728910048880218,1.5079746592744898e-06,0.174972959668762,0.4777090111578329,0.029958085655191653,4.67543250447929e-10,0.09950514136421881,1.0923289293626453e-16,0.0005641932229892979,6.137653998420891e-16
Random879
Raw:0.2172891004888026,1.5079746592744712e-06,0.17497295966876267,0.47770901115783126,0.029958085655191605,4.675432504479274e-10,0.09950514136421935,1.0923289293626495e-16,0.0005641932229893019,6.137653998420871e-16
EFT:0.21728910048880218,1.5079746592744898e-06,0.174972959668762,0.4777090111578329,0.029958085655191653,4.67543250447929e-10,0.09950514136421881,1.0923289293626453e-16,0.0005641932229892979,6.137653998420891e-16
Random880
Raw:0.21728910048880176,1.5079746592744894e-06,0.17497295966876164,0.4777090111578345,0.02995808565519165,4.675432504479272e-10,0.09950514136421808,1.0923289293626335e-16,0.0005641932229892942,6.137653998420912e-16
EFT:0.21728910048880218,1.5079746592744898e-06,0.174972959668762,0.4777090111578329,0.029958085655191653,4.67543250447929e-10,0.09950514136421881,1.0923289293626453e-16,0.0005641932229892979,6.137653998420891e-16
Random881
Raw:0.2172891004888035,1.5079746592744879e-06,0.17497295966876336,0.4777090111578298,0.029958085655191726,4.67543250447936e-10,0.09950514136421905,1.0923289293626617e-16,0.0005641932229892992,6.137653998421026e-16
EFT:0.21728910048880218,1.5079746592744898e-06,0.174972959668762,0.4777090111578329,0.029958085655191653,4.67543250447929e-10,0.09950514136421881,1.0923289293626453e-16,0.0005641932229892979,6.137653998420891e-16
Random882
Raw:0.2172891004888019,1.5079746592744688e-06,0.1749729596687624,0.4777090111578331,0.02995808565519156,4.675432504479259e-10,0.09950514136421869,1.0923289293626225e-16,0.000564193222989296,6.137653998420806e-16
EFT:0.21728910048880218,1.5079746592744898e-06,0.174972959668762,0.4777090111578329,0.029958085655191653,4.67543250447929e-10,0.09950514136421881,1.0923289293626453e-16,0.0005641932229892979,6.137653998420891e-16
Random883
Raw:0.21728910048880196,1.5079746592744909e-06,0.17497295966876214,0.47770901115783326,0.029958085655191678,4.67543250447931e-10,0.09950514136421854,1.0923289293626541e-16,0.0005641932229892978,6.13765399842094e-16
EFT:0.21728910048880218,1.5079746592744898e-06,0.174972959668762,0.4777090111578329,0.029958085655191653,4.67543250447929e-10,0.09950514136421881,1.0923289293626453e-16,0.0005641932229892979,6.137653998420935e-16
Random884
Raw:0.21728910048880312,1.5079746592744718e-06,0.17497295966876336,0.4777090111578298,0.029958085655191515,4.675432504479327e-10,0.09950514136421959,1.0923289293626617e-16,0.0005641932229893022,6.137653998420939e-16
EFT:0.21728910048880218,1.5079746592744898e-06,0.174972959668762,0.4777090111578329,0.029958085655191653,4.67543250447929e-10,0.09950514136421881,1.0923289293626453e-16,0.0005641932229892979,6.137653998420891e-16
Random885
Raw:0.2172891004888018,1.5079746592745002e-06,0.17497295966876167,0.4777090111578337,0.029958085655191705,4.675432504479265e-10,0.09950514136421862,1.0923289293626473e-16,0.0005641932229892968,6.137653998420946e-16
EFT:0.21728910048880218,1.5079746592744898e-06,0.174972959668762,0.4777090111578329,0.029958085655191653,4.67543250447929e-10,0.09950514136421881,1.0923289293626453e-16,0.0005641932229892979,6.137653998420935e-16
Random886
Raw:0.2172891004888025,1.5079746592744544e-06,0.17497295966876258,0.4777090111578319,0.02995808565519154,4.675432504479214e-10,0.09950514136421895,1.0923289293626045e-16,0.000564193222989295,6.137653998420704e-16
EFT:0.21728910048880218,1.5079746592744898e-06,0.174972959668762,0.4777090111578329,0.029958085655191653,4.67543250447929e-10,0.09950514136421881,1.0923289293626453e-16,0.0005641932229892979,6.137653998420935e-16
Random887
Raw:0.2172891004888033,1.507974659274473e-06,0.17497295966876286,0.47770901115783104,0.02995808565519159,4.675432504479305e-10,0.09950514136421879,1.092328929362649e-16,0.0005641932229892977,6.137653998420911e-16
EFT:0.21728910048880218,1.5079746592744898e-06,0.174972959668762,0.4777090111578329,0.029958085655191653,4.67543250447929e-10,0.09950514136421881,1.0923289293626453e-16,0.0005641932229892979,6.137653998420935e-16
Random888
Raw:0.21728910048880234,1.507974659274472e-06,0.17497295966876214,0.4777090111578324,0.02995808565519157,4.675432504479235e-10,0.09950514136421906,1.0923289293626287e-16,0.0005641932229892952,6.137653998420797e-16
EFT:0.21728910048880218,1.5079746592744898e-06,0.174972959668762,0.4777090111578329,0.029958085655191653,4.67543250447929e-10,0.09950514136421881,1.0923289293626453e-16,0.0005641932229892979,6.137653998420891e-16
Random889
Raw:0.21728910048880187,1.5079746592744845e-06,0.17497295966876206,0.4777090111578339,0.029958085655191664,4.675432504479266e-10,0.09950514136421813,1.0923289293626244e-16,0.0005641932229892965,6.137653998420904e-16
EFT:0.21728910048880218,1.5079746592744898e-06,0.174972959668762,0.4777090111578329,0.029958085655191653,4.67543250447929e-10,0.09950514136421881,1.0923289293626453e-16,0.0005641932229892979,6.137653998420891e-16
Random890
Raw:0.21728910048880193,1.5079746592744877e-06,0.17497295966876178,0.477709011157834,0.02995808565519162,4.675432504479267e-10,0.09950514136421815,1.0923289293626324e-16,0.0005641932229892971,6.137653998420905e-16
EFT:0.21728910048880218,1.5079746592744898e-06,0.174972959668762,0.4777090111578329,0.029958085655191653,4.67543250447929e-10,0.09950514136421881,1.0923289293626453e-16,0.0005641932229892979,6.137653998420891e-16
Random891
Raw:0.21728910048880343,1.5079746592744767e-06,0.17497295966876364,0.47770901115782965,0.029958085655191556,4.675432504479325e-10,0.0995051413642192,1.0923289293626536e-16,0.0005641932229893,6.137653998420937e-16
EFT:0.21728910048880218,1.5079746592744898e-06,0.174972959668762,0.4777090111578329,0.029958085655191653,4.67543250447929e-10,0.09950514136421881,1.0923289293626453e-16,0.0005641932229892979,6.137653998420891e-16
Random892
Raw:0.21728910048880143,1.5079746592744843e-06,0.1749729596687614,0.47770901115783543,0.029958085655191653,4.675432504479215e-10,0.09950514136421774,1.0923289293626126e-16,0.0005641932229892933,6.137653998420836e-16
EFT:0.21728910048880218,1.5079746592744898e-06,0.174972959668762,0.4777090111578329,0.029958085655191653,4.67543250447929e-10,0.09950514136421881,1.0923289293626453e-16,0.0005641932229892979,6.137653998420891e-16
Random893
Raw:0.21728910048880332,1.507974659274484e-06,0.17497295966876322,0.47770901115783027,0.02995808565519165,4.675432504479364e-10,0.09950514136421915,1.0923289293626627e-16,0.0005641932229892997,6.137653998421032e-16
EFT:0.21728910048880218,1.5079746592744898e-06,0.174972959668762,0.4777090111578329,0.029958085655191653,4.67543250447929e-10,0.09950514136421881,1.0923289293626453e-16,0.0005641932229892979,6.137653998420935e-16
Random894
Raw:0.21728910048880298,1.5079746592744762e-06,0.17497295966876267,0.47770901115783126,0.02995808565519166,4.675432504479291e-10,0.09950514136421901,1.092328929362634e-16,0.0005641932229892973,6.137653998420914e-16
EFT:0.21728910048880218,1.5079746592744898e-06,0.174972959668762,0.4777090111578329,0.029958085655191653,4.67543250447929e-10,0.09950514136421881,1.0923289293626453e-16,0.0005641932229892979,6.137653998420891e-16
Random895
Raw:0.217289100488803,1.5079746592744362e-06,0.17497295966876328,0.47770901115783043,0.029958085655191393,4.675432504479183e-10,0.09950514136421935,1.0923289293626012e-16,0.0005641932229892959,6.137653998420597e-16
EFT:0.21728910048880218,1.5079746592744898e-06,0.174972959668762,0.4777090111578329,0.029958085655191653,4.67543250447929e-10,0.09950514136421881,1.0923289293626453e-16,0.0005641932229892979,6.137653998420891e-16
Random896
Raw:0.2172891004888011,1.5079746592744686e-06,0.17497295966876145,0.47770901115783554,0.029958085655191556,4.675432504479167e-10,0.09950514136421794,1.092328929362605e-16,0.0005641932229892929,6.137653998420707e-16
EFT:0.21728910048880218,1.5079746592744898e-06,0.174972959668762,0.4777090111578329,0.029958085655191653,4.67543250447929e-10,0.09950514136421881,1.0923289293626453e-16,0.0005641932229892979,6.137653998420935e-16
Random897
Raw:0.21728910048880276,1.5079746592744561e-06,0.1749729596687634,0.47770901115783077,0.029958085655191573,4.675432504479236e-10,0.09950514136421908,1.0923289293626172e-16,0.0005641932229892983,6.137653998420776e-16
EFT:0.21728910048880218,1.5079746592744898e-06,0.174972959668762,0.4777090111578329,0.029958085655191653,4.67543250447929e-10,0.09950514136421881,1.0923289293626453e-16,0.0005641932229892979,6.137653998420935e-16
Random898
Raw:0.21728910048880254,1.5079746592744707e-06,0.17497295966876322,0.47770901115783115,0.029958085655191653,4.675432504479273e-10,0.09950514136421898,1.0923289293626336e-16,0.0005641932229892967,6.137653998420869e-16
EFT:0.21728910048880218,1.5079746592744898e-06,0.174972959668762,0.4777090111578329,0.029958085655191653,4.67543250447929e-10,0.09950514136421881,1.0923289293626453e-16,0.0005641932229892979,6.137653998420891e-16
Random899
Raw:0.21728910048880218,1.507974659274468e-06,0.1749729596687623,0.4777090111578329,0.0299580856551916,4.675432504479257e-10,0.09950514136421863,1.0923289293626298e-16,0.0005641932229892953,6.137653998420804e-16
EFT:0.21728910048880218,1.5079746592744898e-06,0.174972959668762,0.4777090111578329,0.029958085655191653,4.67543250447929e-10,0.09950514136421881,1.0923289293626453e-16,0.0005641932229892979,6.137653998420891e-16
Random900
Raw:0.217289100488802,1.507974659274483e-06,0.1749729596687625,0.4777090111578325,0.029958085655191577,4.675432504479287e-10,0.0995051413642189,1.0923289293626445e-16,0.0005641932229892973,6.13765399842093e-16
EFT:0.21728910048880218,1.5079746592744898e-06,0.174972959668762,0.4777090111578329,0.029958085655191653,4.67543250447929e-10,0.09950514136421881,1.0923289293626453e-16,0.0005641932229892979,6.137653998420935e-16
Random901
Raw:0.21728910048880196,1.5079746592744746e-06,0.1749729596687621,0.4777090111578332,0.029958085655191622,4.675432504479228e-10,0.0995051413642187,1.0923289293626228e-16,0.0005641932229892967,6.137653998420807e-16
EFT:0.21728910048880218,1.5079746592744898e-06,0.174972959668762,0.4777090111578329,0.029958085655191653,4.67543250447929e-10,0.09950514136421881,1.0923289293626453e-16,0.0005641932229892979,6.137653998420891e-16
Random902
Raw:0.21728910048880143,1.5079746592744604e-06,0.174972959668762,0.47770901115783376,0.02995808565519155,4.675432504479182e-10,0.09950514136421863,1.0923289293626089e-16,0.0005641932229892937,6.137653998420729e-16
EFT:0.21728910048880218,1.5079746592744898e-06,0.174972959668762,0.4777090111578329,0.029958085655191653,4.67543250447929e-10,0.09950514136421881,1.0923289293626453e-16,0.0005641932229892979,6.137653998420891e-16
Random903
Raw:0.21728910048880354,1.5079746592744909e-06,0.17497295966876247,0.47770901115783077,0.029958085655191626,4.675432504479335e-10,0.09950514136421924,1.092328929362664e-16,0.0005641932229892998,6.137653998420995e-16
EFT:0.21728910048880218,1.5079746592744898e-06,0.174972959668762,0.4777090111578329,0.029958085655191653,4.67543250447929e-10,0.09950514136421881,1.0923289293626453e-16,0.0005641932229892979,6.137653998420891e-16
Random904
Raw:0.2172891004888018,1.507974659274463e-06,0.17497295966876264,0.4777090111578329,0.029958085655191546,4.67543250447924e-10,0.09950514136421863,1.092328929362622e-16,0.0005641932229892962,6.137653998420804e-16
EFT:0.21728910048880218,1.5079746592744898e-06,0.174972959668762,0.4777090111578329,0.029958085655191653,4.67543250447929e-10,0.09950514136421881,1.0923289293626453e-16,0.0005641932229892979,6.137653998420891e-16
Random905
Raw:0.21728910048880246,1.5079746592744754e-06,0.17497295966876222,0.47770901115783265,0.029958085655191587,4.675432504479238e-10,0.09950514136421859,1.0923289293626216e-16,0.0005641932229892966,6.137653998420801e-16
EFT:0.21728910048880218,1.5079746592744898e-06,0.174972959668762,0.4777090111578329,0.029958085655191653,4.67543250447929e-10,0.09950514136421881,1.0923289293626453e-16,0.0005641932229892979,6.137653998420891e-16
Random906
Raw:0.2172891004888018,1.507974659274484e-06,0.17497295966876197,0.4777090111578337,0.029958085655191653,4.675432504479265e-10,0.09950514136421845,1.0923289293626318e-16,0.0005641932229892953,6.137653998420902e-16
EFT:0.21728910048880218,1.5079746592744898e-06,0.174972959668762,0.4777090111578329,0.029958085655191653,4.67543250447929e-10,0.09950514136421881,1.0923289293626453e-16,0.0005641932229892979,6.137653998420891e-16
Random907
Raw:0.21728910048880257,1.5079746592744949e-06,0.17497295966876264,0.47770901115783204,0.029958085655191653,4.675432504479315e-10,0.09950514136421847,1.0923289293626513e-16,0.0005641932229892993,6.137653998421055e-16
EFT:0.21728910048880218,1.5079746592744898e-06,0.174972959668762,0.4777090111578329,0.029958085655191653,4.67543250447929e-10,0.09950514136421881,1.0923289293626453e-16,0.0005641932229892979,6.137653998420935e-16
Random908
Raw:0.2172891004888028,1.5079746592745074e-06,0.1749729596687625,0.47770901115783165,0.029958085655191737,4.675432504479378e-10,0.09950514136421891,1.0923289293626815e-16,0.0005641932229892998,6.137653998421137e-16
EFT:0.21728910048880218,1.5079746592744898e-06,0.174972959668762,0.4777090111578329,0.029958085655191653,4.67543250447929e-10,0.09950514136421881,1.0923289293626453e-16,0.0005641932229892979,6.137653998420935e-16
Random909
Raw:0.21728910048880135,1.5079746592744572e-06,0.17497295966876228,0.4777090111578345,0.029958085655191542,4.675432504479206e-10,0.09950514136421791,1.0923289293626027e-16,0.0005641932229892927,6.137653998420737e-16
EFT:0.21728910048880218,1.5079746592744898e-06,0.174972959668762,0.4777090111578329,0.029958085655191653,4.67543250447929e-10,0.09950514136421881,1.0923289293626453e-16,0.0005641932229892979,6.137653998420891e-16
Random910
Raw:0.21728910048880268,1.5079746592744769e-06,0.17497295966876242,0.47770901115783143,0.02995808565519167,4.675432504479276e-10,0.09950514136421938,1.0923289293626421e-16,0.000564193222989297,6.137653998420873e-16
EFT:0.21728910048880218,1.5079746592744898e-06,0.174972959668762,0.4777090111578329,0.029958085655191653,4.67543250447929e-10,0.09950514136421881,1.0923289293626453e-16,0.0005641932229892979,6.137653998420891e-16
Random911
Raw:0.21728910048880273,1.5079746592744856e-06,0.17497295966876275,0.47770901115783154,0.029958085655191622,4.675432504479327e-10,0.09950514136421888,1.0923289293626579e-16,0.0005641932229892987,6.137653998421005e-16
EFT:0.21728910048880218,1.5079746592744898e-06,0.174972959668762,0.4777090111578329,0.029958085655191653,4.67543250447929e-10,0.09950514136421881,1.0923289293626453e-16,0.0005641932229892979,6.137653998420891e-16
Random912
Raw:0.21728910048880265,1.5079746592744877e-06,0.174972959668763,0.4777090111578314,0.02995808565519161,4.675432504479341e-10,0.09950514136421902,1.0923289293626653e-16,0.0005641932229893,6.137653998421003e-16
EFT:0.21728910048880218,1.5079746592744898e-06,0.174972959668762,0.4777090111578329,0.029958085655191653,4.67543250447929e-10,0.09950514136421881,1.0923289293626453e-16,0.0005641932229892979,6.137653998420891e-16
Random913
Raw:0.2172891004888028,1.5079746592744697e-06,0.1749729596687625,0.47770901115783165,0.02995808565519163,4.675432504479262e-10,0.09950514136421891,1.0923289293626349e-16,0.0005641932229892964,6.137653998420831e-16
EFT:0.21728910048880218,1.5079746592744898e-06,0.174972959668762,0.4777090111578329,0.029958085655191653,4.67543250447929e-10,0.09950514136421881,1.0923289293626453e-16,0.0005641932229892979,6.137653998420935e-16
Random914
Raw:0.21728910048880293,1.5079746592744786e-06,0.17497295966876353,0.47770901115783027,0.029958085655191594,4.675432504479348e-10,0.09950514136421915,1.0923289293626627e-16,0.0005641932229893008,6.137653998420989e-16
EFT:0.21728910048880218,1.5079746592744898e-06,0.174972959668762,0.4777090111578329,0.029958085655191653,4.67543250447929e-10,0.09950514136421881,1.0923289293626453e-16,0.0005641932229892979,6.137653998420935e-16
Random915
Raw:0.21728910048880154,1.507974659274469e-06,0.17497295966876208,0.477709011157834,0.02995808565519162,4.675432504479235e-10,0.09950514136421834,1.0923289293626171e-16,0.000564193222989295,6.137653998420774e-16
EFT:0.21728910048880218,1.5079746592744898e-06,0.174972959668762,0.4777090111578329,0.029958085655191653,4.67543250447929e-10,0.09950514136421881,1.0923289293626453e-16,0.0005641932229892979,6.137653998420891e-16
Random916
Raw:0.21728910048880218,1.5079746592744735e-06,0.1749729596687623,0.4777090111578329,0.0299580856551916,4.675432504479273e-10,0.09950514136421845,1.0923289293626298e-16,0.0005641932229892958,6.137653998420891e-16
EFT:0.21728910048880218,1.5079746592744898e-06,0.174972959668762,0.4777090111578329,0.029958085655191653,4.67543250447929e-10,0.09950514136421881,1.0923289293626453e-16,0.0005641932229892979,6.137653998420891e-16
Random917
Raw:0.21728910048880098,1.5079746592744705e-06,0.17497295966876167,0.4777090111578353,0.029958085655191594,4.675432504479198e-10,0.0995051413642179,1.0923289293626123e-16,0.0005641932229892942,6.137653998420748e-16
EFT:0.21728910048880218,1.5079746592744898e-06,0.174972959668762,0.4777090111578329,0.029958085655191653,4.67543250447929e-10,0.09950514136421881,1.0923289293626453e-16,0.0005641932229892979,6.137653998420935e-16
Random918
Raw:0.21728910048880318,1.5079746592744695e-06,0.17497295966876308,0.47770901115783077,0.029958085655191573,4.675432504479302e-10,0.09950514136421908,1.0923289293626405e-16,0.0005641932229892993,6.137653998420864e-16
EFT:0.21728910048880218,1.5079746592744898e-06,0.174972959668762,0.4777090111578329,0.029958085655191653,4.67543250447929e-10,0.09950514136421881,1.0923289293626453e-16,0.0005641932229892979,6.137653998420891e-16
Random919
Raw:0.2172891004888028,1.5079746592745074e-06,0.1749729596687625,0.47770901115783165,0.029958085655191737,4.675432504479361e-10,0.09950514136421891,1.0923289293626737e-16,0.0005641932229893004,6.137653998421137e-16
EFT:0.21728910048880218,1.5079746592744898e-06,0.174972959668762,0.4777090111578329,0.029958085655191653,4.67543250447929e-10,0.09950514136421881,1.0923289293626453e-16,0.0005641932229892979,6.137653998420891e-16
Random920
Raw:0.21728910048880257,1.5079746592744868e-06,0.17497295966876264,0.477709011157832,0.029958085655191598,4.675432504479298e-10,0.0995051413642188,1.0923289293626511e-16,0.0005641932229892978,6.137653998420923e-16
EFT:0.21728910048880218,1.5079746592744898e-06,0.174972959668762,0.4777090111578329,0.029958085655191653,4.67543250447929e-10,0.09950514136421881,1.0923289293626453e-16,0.0005641932229892979,6.137653998420935e-16
Random921
Raw:0.21728910048880218,1.5079746592745002e-06,0.17497295966876134,0.4777090111578337,0.029958085655191653,4.675432504479298e-10,0.09950514136421862,1.0923289293626551e-16,0.0005641932229892972,6.137653998420989e-16
EFT:0.21728910048880218,1.5079746592744898e-06,0.174972959668762,0.4777090111578329,0.029958085655191653,4.67543250447929e-10,0.09950514136421881,1.0923289293626453e-16,0.0005641932229892979,6.137653998420891e-16
Random922
Raw:0.2172891004888021,1.5079746592744834e-06,0.17497295966876256,0.47770901115783265,0.029958085655191587,4.675432504479321e-10,0.09950514136421859,1.0923289293626526e-16,0.0005641932229892985,6.137653998420975e-16
EFT:0.21728910048880218,1.5079746592744898e-06,0.174972959668762,0.4777090111578329,0.029958085655191653,4.67543250447929e-10,0.09950514136421881,1.0923289293626453e-16,0.0005641932229892979,6.137653998420891e-16
Random923
Raw:0.217289100488802,1.507974659274491e-06,0.17497295966876217,0.4777090111578325,0.02995808565519168,4.675432504479287e-10,0.09950514136421909,1.0923289293626522e-16,0.0005641932229892983,6.137653998420973e-16
EFT:0.21728910048880218,1.5079746592744898e-06,0.174972959668762,0.4777090111578329,0.029958085655191653,4.67543250447929e-10,0.09950514136421881,1.0923289293626453e-16,0.0005641932229892979,6.137653998420891e-16
Random924
Raw:0.2172891004888038,1.5079746592744686e-06,0.1749729596687633,0.47770901115782965,0.029958085655191556,4.675432504479325e-10,0.0995051413642192,1.0923289293626458e-16,0.000564193222989299,6.137653998420893e-16
EFT:0.21728910048880218,1.5079746592744898e-06,0.174972959668762,0.4777090111578329,0.029958085655191653,4.67543250447929e-10,0.09950514136421881,1.0923289293626453e-16,0.0005641932229892979,6.137653998420891e-16
Random925
Raw:0.21728910048880343,1.5079746592744688e-06,0.174972959668763,0.47770901115783054,0.02995808565519161,4.675432504479267e-10,0.09950514136421902,1.0923289293626323e-16,0.0005641932229892975,6.137653998420861e-16
EFT:0.21728910048880218,1.5079746592744898e-06,0.174972959668762,0.4777090111578329,0.029958085655191653,4.67543250447929e-10,0.09950514136421881,1.0923289293626453e-16,0.0005641932229892979,6.137653998420891e-16
Random926
Raw:0.21728910048880282,1.5079746592744913e-06,0.1749729596687628,0.4777090111578309,0.029958085655191632,4.675432504479354e-10,0.09950514136421945,1.0923289293626797e-16,0.0005641932229892988,6.13765399842104e-16
EFT:0.21728910048880218,1.5079746592744898e-06,0.174972959668762,0.4777090111578329,0.029958085655191653,4.67543250447929e-10,0.09950514136421881,1.0923289293626453e-16,0.0005641932229892979,6.137653998420891e-16
Random927
Raw:0.21728910048880223,1.5079746592744928e-06,0.17497295966876206,0.47770901115783215,0.029958085655191608,4.6754325044793e-10,0.09950514136421935,1.0923289293626593e-16,0.000564193222989297,6.137653998420968e-16
EFT:0.21728910048880218,1.5079746592744898e-06,0.174972959668762,0.4777090111578329,0.029958085655191653,4.67543250447929e-10,0.09950514136421881,1.0923289293626453e-16,0.0005641932229892979,6.137653998420935e-16
Random928
Raw:0.2172891004888035,1.5079746592744718e-06,0.17497295966876306,0.4777090111578298,0.029958085655191622,4.675432504479309e-10,0.09950514136421941,1.0923289293626462e-16,0.0005641932229892997,6.137653998420895e-16
EFT:0.21728910048880218,1.5079746592744898e-06,0.174972959668762,0.4777090111578329,0.029958085655191653,4.67543250447929e-10,0.09950514136421881,1.0923289293626453e-16,0.0005641932229892979,6.137653998420891e-16
Random929
Raw:0.21728910048880323,1.5079746592744807e-06,0.17497295966876283,0.47770901115783093,0.02995808565519164,4.675432504479321e-10,0.09950514136421894,1.0923289293626566e-16,0.000564193222989298,6.137653998420952e-16
EFT:0.21728910048880218,1.5079746592744898e-06,0.174972959668762,0.4777090111578329,0.029958085655191653,4.67543250447929e-10,0.09950514136421881,1.0923289293626453e-16,0.0005641932229892979,6.137653998420891e-16
Random930
Raw:0.21728910048880196,1.5079746592744587e-06,0.17497295966876214,0.47770901115783326,0.029958085655191518,4.675432504479177e-10,0.09950514136421854,1.0923289293625921e-16,0.0005641932229892932,6.137653998420634e-16
EFT:0.21728910048880218,1.5079746592744898e-06,0.174972959668762,0.4777090111578329,0.029958085655191653,4.67543250447929e-10,0.09950514136421881,1.0923289293626453e-16,0.0005641932229892979,6.137653998420891e-16
Random931
Raw:0.21728910048880207,1.5079746592744618e-06,0.17497295966876253,0.4777090111578326,0.029958085655191476,4.675432504479237e-10,0.09950514136421892,1.0923289293626214e-16,0.0005641932229892945,6.137653998420756e-16
EFT:0.21728910048880218,1.5079746592744898e-06,0.174972959668762,0.4777090111578329,0.029958085655191653,4.67543250447929e-10,0.09950514136421881,1.0923289293626453e-16,0.0005641932229892979,6.137653998420891e-16
Random932
Raw:0.21728910048880218,1.5079746592744868e-06,0.1749729596687623,0.4777090111578329,0.0299580856551916,4.675432504479323e-10,0.09950514136421863,1.092328929362661e-16,0.0005641932229892979,6.137653998420978e-16
EFT:0.21728910048880218,1.5079746592744898e-06,0.174972959668762,0.4777090111578329,0.029958085655191653,4.67543250447929e-10,0.09950514136421881,1.0923289293626453e-16,0.0005641932229892979,6.137653998420935e-16
Random933
Raw:0.21728910048880135,1.5079746592745188e-06,0.17497295966876136,0.4777090111578345,0.029958085655191754,4.675432504479289e-10,0.09950514136421862,1.0923289293626646e-16,0.0005641932229892982,6.137653998421043e-16
EFT:0.21728910048880218,1.5079746592744898e-06,0.174972959668762,0.4777090111578329,0.029958085655191653,4.67543250447929e-10,0.09950514136421881,1.0923289293626453e-16,0.0005641932229892979,6.137653998420891e-16
Random934
Raw:0.21728910048880132,1.5079746592744784e-06,0.17497295966876159,0.4777090111578344,0.029958085655191587,4.675432504479222e-10,0.09950514136421859,1.0923289293626255e-16,0.0005641932229892945,6.13765399842078e-16
EFT:0.21728910048880218,1.5079746592744898e-06,0.174972959668762,0.4777090111578329,0.029958085655191653,4.67543250447929e-10,0.09950514136421881,1.0923289293626453e-16,0.0005641932229892979,6.137653998420891e-16
Random935
Raw:0.21728910048880162,1.5079746592744856e-06,0.17497295966876186,0.4777090111578342,0.029958085655191685,4.67543250447927e-10,0.0995051413642182,1.0923289293626329e-16,0.0005641932229892964,6.137653998420864e-16
EFT:0.21728910048880218,1.5079746592744898e-06,0.174972959668762,0.4777090111578329,0.029958085655191653,4.67543250447929e-10,0.09950514136421881,1.0923289293626453e-16,0.0005641932229892979,6.137653998420891e-16
Random936
Raw:0.2172891004888023,1.5079746592744608e-06,0.1749729596687624,0.4777090111578331,0.029958085655191508,4.675432504479259e-10,0.09950514136421833,1.0923289293626225e-16,0.000564193222989295,6.137653998420806e-16
EFT:0.21728910048880218,1.5079746592744898e-06,0.174972959668762,0.4777090111578329,0.029958085655191653,4.67543250447929e-10,0.09950514136421881,1.0923289293626453e-16,0.0005641932229892979,6.137653998420891e-16
Random937
Raw:0.21728910048880176,1.5079746592744811e-06,0.17497295966876195,0.4777090111578336,0.029958085655191646,4.675432504479214e-10,0.0995051413642186,1.0923289293626238e-16,0.0005641932229892957,6.137653998420812e-16
EFT:0.21728910048880218,1.5079746592744898e-06,0.174972959668762,0.4777090111578329,0.029958085655191653,4.67543250447929e-10,0.09950514136421881,1.0923289293626453e-16,0.0005641932229892979,6.137653998420891e-16
Random938
Raw:0.21728910048880287,1.5079746592744729e-06,0.17497295966876222,0.47770901115783265,0.029958085655191532,4.675432504479271e-10,0.09950514136421823,1.0923289293626293e-16,0.0005641932229892966,6.137653998420844e-16
EFT:0.21728910048880218,1.5079746592744898e-06,0.174972959668762,0.4777090111578329,0.029958085655191653,4.67543250447929e-10,0.09950514136421881,1.0923289293626453e-16,0.0005641932229892979,6.137653998420891e-16
Random939
Raw:0.21728910048880196,1.50797465927448e-06,0.17497295966876214,0.47770901115783326,0.029958085655191626,4.675432504479261e-10,0.09950514136421854,1.0923289293626308e-16,0.0005641932229892957,6.137653998420852e-16
EFT:0.21728910048880218,1.5079746592744898e-06,0.174972959668762,0.4777090111578329,0.029958085655191653,4.67543250447929e-10,0.09950514136421881,1.0923289293626453e-16,0.0005641932229892979,6.137653998420891e-16
Random940
Raw:0.217289100488802,1.507974659274459e-06,0.17497295966876156,0.4777090111578334,0.029958085655191525,4.675432504479162e-10,0.09950514136421909,1.0923289293626079e-16,0.0005641932229892924,6.137653998420593e-16
EFT:0.21728910048880218,1.5079746592744898e-06,0.174972959668762,0.4777090111578329,0.029958085655191653,4.67543250447929e-10,0.09950514136421881,1.0923289293626453e-16,0.0005641932229892979,6.137653998420891e-16
Random941
Raw:0.21728910048880307,1.5079746592744502e-06,0.1749729596687633,0.47770901115783054,0.029958085655191456,4.67543250447925e-10,0.0995051413642192,1.0923289293626167e-16,0.0005641932229892981,6.137653998420774e-16
EFT:0.21728910048880218,1.5079746592744898e-06,0.174972959668762,0.4777090111578329,0.029958085655191653,4.67543250447929e-10,0.09950514136421881,1.0923289293626453e-16,0.0005641932229892979,6.137653998420891e-16
Random942
Raw:0.21728910048880257,1.5079746592744786e-06,0.1749729596687623,0.477709011157832,0.029958085655191598,4.675432504479281e-10,0.09950514136421916,1.0923289293626511e-16,0.0005641932229892947,6.137653998420879e-16
EFT:0.21728910048880218,1.5079746592744898e-06,0.174972959668762,0.4777090111578329,0.029958085655191653,4.67543250447929e-10,0.09950514136421881,1.0923289293626453e-16,0.0005641932229892979,6.137653998420891e-16
Random943
Raw:0.21728910048880296,1.5079746592744654e-06,0.17497295966876292,0.47770901115783115,0.029958085655191546,4.675432504479273e-10,0.09950514136421898,1.0923289293626336e-16,0.0005641932229892972,6.137653998420824e-16
EFT:0.21728910048880218,1.5079746592744898e-06,0.174972959668762,0.4777090111578329,0.029958085655191653,4.67543250447929e-10,0.09950514136421881,1.0923289293626453e-16,0.0005641932229892979,6.137653998420891e-16
Random944
Raw:0.217289100488802,1.507974659274491e-06,0.1749729596687625,0.4777090111578325,0.029958085655191737,4.675432504479303e-10,0.0995051413642189,1.0923289293626522e-16,0.0005641932229892998,6.13765399842093e-16
EFT:0.21728910048880218,1.5079746592744898e-06,0.174972959668762,0.4777090111578329,0.029958085655191653,4.67543250447929e-10,0.09950514136421881,1.0923289293626453e-16,0.0005641932229892979,6.137653998420891e-16
Random945
Raw:0.2172891004888018,1.5079746592744949e-06,0.17497295966876197,0.4777090111578337,0.029958085655191705,4.675432504479316e-10,0.09950514136421845,1.0923289293626551e-16,0.0005641932229892972,6.137653998420989e-16
EFT:0.21728910048880218,1.5079746592744898e-06,0.174972959668762,0.4777090111578329,0.029958085655191653,4.67543250447929e-10,0.09950514136421881,1.0923289293626453e-16,0.0005641932229892979,6.137653998420891e-16
Random946
Raw:0.21728910048880223,1.5079746592744712e-06,0.17497295966876203,0.477709011157833,0.029958085655191608,4.675432504479208e-10,0.09950514136421866,1.0923289293626148e-16,0.0005641932229892949,6.137653998420805e-16
EFT:0.21728910048880218,1.5079746592744898e-06,0.174972959668762,0.4777090111578329,0.029958085655191653,4.67543250447929e-10,0.09950514136421881,1.0923289293626453e-16,0.0005641932229892979,6.137653998420891e-16
Random947
Raw:0.21728910048880298,1.5079746592744762e-06,0.17497295966876267,0.47770901115783126,0.029958085655191553,4.675432504479291e-10,0.09950514136421917,1.0923289293626495e-16,0.000564193222989299,6.137653998420914e-16
EFT:0.21728910048880218,1.5079746592744898e-06,0.174972959668762,0.4777090111578329,0.029958085655191653,4.67543250447929e-10,0.09950514136421881,1.0923289293626453e-16,0.0005641932229892979,6.137653998420891e-16
Random948
Raw:0.21728910048880296,1.5079746592744921e-06,0.1749729596687626,0.47770901115783115,0.029958085655191705,4.675432504479323e-10,0.09950514136421915,1.0923289293626648e-16,0.0005641932229892997,6.137653998421043e-16
EFT:0.21728910048880218,1.5079746592744898e-06,0.174972959668762,0.4777090111578329,0.029958085655191653,4.67543250447929e-10,0.09950514136421881,1.0923289293626453e-16,0.0005641932229892979,6.137653998420935e-16
Random949
Raw:0.21728910048880187,1.5079746592744845e-06,0.17497295966876206,0.4777090111578339,0.029958085655191664,4.675432504479234e-10,0.09950514136421813,1.0923289293626169e-16,0.0005641932229892944,6.137653998420816e-16
EFT:0.21728910048880218,1.5079746592744898e-06,0.174972959668762,0.4777090111578329,0.029958085655191653,4.67543250447929e-10,0.09950514136421881,1.0923289293626453e-16,0.0005641932229892979,6.137653998420935e-16
Random950
Raw:0.21728910048880257,1.5079746592744762e-06,0.17497295966876233,0.47770901115783204,0.0299580856551916,4.675432504479248e-10,0.09950514136421881,1.092328929362628e-16,0.0005641932229892972,6.137653998420836e-16
EFT:0.21728910048880218,1.5079746592744898e-06,0.174972959668762,0.4777090111578329,0.029958085655191653,4.67543250447929e-10,0.09950514136421881,1.0923289293626453e-16,0.0005641932229892979,6.137653998420891e-16
Random951
Raw:0.21728910048880257,1.5079746592744868e-06,0.17497295966876292,0.477709011157832,0.029958085655191705,4.675432504479348e-10,0.09950514136421845,1.0923289293626589e-16,0.0005641932229893001,6.137653998421054e-16
EFT:0.21728910048880218,1.5079746592744898e-06,0.174972959668762,0.4777090111578329,0.029958085655191653,4.67543250447929e-10,0.09950514136421881,1.0923289293626453e-16,0.0005641932229892979,6.137653998420935e-16
Random952
Raw:0.21728910048880196,1.5079746592744667e-06,0.17497295966876214,0.47770901115783326,0.02995808565519157,4.675432504479243e-10,0.09950514136421854,1.092328929362623e-16,0.0005641932229892957,6.137653998420808e-16
EFT:0.21728910048880218,1.5079746592744898e-06,0.174972959668762,0.4777090111578329,0.029958085655191653,4.67543250447929e-10,0.09950514136421881,1.0923289293626453e-16,0.0005641932229892979,6.137653998420891e-16
Random953
Raw:0.2172891004888029,1.5079746592744892e-06,0.17497295966876258,0.47770901115783104,0.029958085655191646,4.675432504479322e-10,0.0995051413642193,1.0923289293626646e-16,0.0005641932229892991,6.137653998420999e-16
EFT:0.21728910048880218,1.5079746592744898e-06,0.174972959668762,0.4777090111578329,0.029958085655191653,4.67543250447929e-10,0.09950514136421881,1.0923289293626453e-16,0.0005641932229892979,6.137653998420891e-16
Random954
Raw:0.21728910048880218,1.5079746592744735e-06,0.17497295966876197,0.4777090111578337,0.029958085655191546,4.675432504479232e-10,0.09950514136421809,1.0923289293626087e-16,0.0005641932229892943,6.137653998420814e-16
EFT:0.21728910048880218,1.5079746592744898e-06,0.174972959668762,0.4777090111578329,0.029958085655191653,4.67543250447929e-10,0.09950514136421881,1.0923289293626453e-16,0.0005641932229892979,6.137653998420935e-16
Random955
Raw:0.2172891004888018,1.507974659274468e-06,0.17497295966876264,0.4777090111578329,0.029958085655191546,4.67543250447924e-10,0.09950514136421881,1.0923289293626145e-16,0.0005641932229892958,6.137653998420804e-16
EFT:0.21728910048880218,1.5079746592744898e-06,0.174972959668762,0.4777090111578329,0.029958085655191653,4.67543250447929e-10,0.09950514136421881,1.0923289293626453e-16,0.0005641932229892979,6.137653998420891e-16
Random956
Raw:0.2172891004888027,1.5079746592744828e-06,0.17497295966876303,0.47770901115783065,0.029958085655191567,4.675432504479318e-10,0.09950514136421958,1.0923289293626636e-16,0.0005641932229893047,6.137653998420994e-16
EFT:0.21728910048880218,1.5079746592744898e-06,0.174972959668762,0.4777090111578329,0.029958085655191653,4.67543250447929e-10,0.09950514136421881,1.0923289293626453e-16,0.0005641932229892979,6.137653998420935e-16
Random957
Raw:0.21728910048880146,1.5079746592744686e-06,0.17497295966876172,0.4777090111578347,0.029958085655191664,4.675432504479208e-10,0.09950514136421795,1.092328929362611e-16,0.000564193222989294,6.13765399842074e-16
EFT:0.21728910048880218,1.5079746592744898e-06,0.174972959668762,0.4777090111578329,0.029958085655191653,4.67543250447929e-10,0.09950514136421881,1.0923289293626453e-16,0.0005641932229892979,6.137653998420891e-16
Random958
Raw:0.21728910048880193,1.5079746592744932e-06,0.17497295966876178,0.477709011157834,0.02995808565519167,4.675432504479301e-10,0.09950514136421815,1.0923289293626402e-16,0.0005641932229892956,6.137653998420992e-16
EFT:0.21728910048880218,1.5079746592744898e-06,0.174972959668762,0.4777090111578329,0.029958085655191653,4.67543250447929e-10,0.09950514136421881,1.0923289293626453e-16,0.0005641932229892979,6.137653998420891e-16
Random959
Raw:0.21728910048880298,1.5079746592744847e-06,0.17497295966876295,0.47770901115783126,0.029958085655191553,4.675432504479375e-10,0.09950514136421883,1.0923289293626728e-16,0.0005641932229892998,6.137653998421089e-16
EFT:0.21728910048880218,1.5079746592744898e-06,0.174972959668762,0.4777090111578329,0.029958085655191653,4.67543250447929e-10,0.09950514136421881,1.0923289293626453e-16,0.0005641932229892979,6.137653998420935e-16
Random960
Raw:0.21728910048880284,1.5079746592744887e-06,0.17497295966876283,0.47770901115783093,0.02995808565519164,4.675432504479337e-10,0.09950514136421929,1.0923289293626721e-16,0.0005641932229892995,6.137653998420997e-16
EFT:0.21728910048880218,1.5079746592744898e-06,0.174972959668762,0.4777090111578329,0.029958085655191653,4.67543250447929e-10,0.09950514136421881,1.0923289293626453e-16,0.0005641932229892979,6.137653998420891e-16
Random961
Raw:0.2172891004888029,1.5079746592744678e-06,0.17497295966876286,0.47770901115783104,0.02995808565519154,4.675432504479272e-10,0.09950514136421913,1.0923289293626334e-16,0.0005641932229892957,6.137653998420823e-16
EFT:0.21728910048880218,1.5079746592744898e-06,0.174972959668762,0.4777090111578329,0.029958085655191653,4.67543250447929e-10,0.09950514136421881,1.0923289293626453e-16,0.0005641932229892979,6.137653998420891e-16
Random962
Raw:0.21728910048880093,1.5079746592744782e-06,0.17497295966876097,0.47770901115783604,0.02995808565519169,4.675432504479222e-10,0.09950514136421788,1.092328929362614e-16,0.000564193222989293,6.137653998420801e-16
EFT:0.21728910048880218,1.5079746592744898e-06,0.174972959668762,0.4777090111578329,0.029958085655191653,4.67543250447929e-10,0.09950514136421881,1.0923289293626453e-16,0.0005641932229892979,6.137653998420891e-16
Random963
Raw:0.21728910048880223,1.5079746592744712e-06,0.1749729596687627,0.47770901115783215,0.029958085655191556,4.675432504479249e-10,0.09950514136421883,1.0923289293626282e-16,0.000564193222989297,6.137653998420837e-16
EFT:0.21728910048880218,1.5079746592744898e-06,0.174972959668762,0.4777090111578329,0.029958085655191653,4.67543250447929e-10,0.09950514136421881,1.0923289293626453e-16,0.0005641932229892979,6.137653998420891e-16
Random964
Raw:0.21728910048880268,1.5079746592744824e-06,0.17497295966876272,0.47770901115783143,0.02995808565519167,4.675432504479308e-10,0.09950514136421904,1.0923289293626499e-16,0.0005641932229892986,6.137653998420959e-16
EFT:0.21728910048880218,1.5079746592744898e-06,0.174972959668762,0.4777090111578329,0.029958085655191653,4.67543250447929e-10,0.09950514136421881,1.0923289293626453e-16,0.0005641932229892979,6.137653998420891e-16
Random965
Raw:0.21728910048880268,1.5079746592744635e-06,0.174972959668763,0.47770901115783143,0.02995808565519151,4.675432504479293e-10,0.09950514136421887,1.0923289293626344e-16,0.0005641932229892975,6.137653998420873e-16
EFT:0.21728910048880218,1.5079746592744898e-06,0.174972959668762,0.4777090111578329,0.029958085655191653,4.67543250447929e-10,0.09950514136421881,1.0923289293626453e-16,0.0005641932229892979,6.137653998420891e-16
Random966
Raw:0.21728910048880218,1.5079746592744762e-06,0.1749729596687623,0.4777090111578329,0.029958085655191546,4.675432504479273e-10,0.09950514136421863,1.0923289293626376e-16,0.0005641932229892973,6.137653998420891e-16
EFT:0.21728910048880218,1.5079746592744898e-06,0.174972959668762,0.4777090111578329,0.029958085655191653,4.67543250447929e-10,0.09950514136421881,1.0923289293626453e-16,0.0005641932229892979,6.137653998420891e-16
Random967
Raw:0.21728910048880312,1.5079746592744909e-06,0.17497295966876247,0.47770901115783154,0.029958085655191622,4.675432504479309e-10,0.0995051413642187,1.0923289293626579e-16,0.0005641932229892982,6.137653998421005e-16
EFT:0.21728910048880218,1.5079746592744898e-06,0.174972959668762,0.4777090111578329,0.029958085655191653,4.67543250447929e-10,0.09950514136421881,1.0923289293626453e-16,0.0005641932229892979,6.137653998420891e-16
Random968
Raw:0.21728910048880207,1.5079746592744754e-06,0.17497295966876222,0.4777090111578335,0.029958085655191587,4.675432504479245e-10,0.09950514136421823,1.0923289293626235e-16,0.0005641932229892959,6.137653998420811e-16
EFT:0.21728910048880218,1.5079746592744898e-06,0.174972959668762,0.4777090111578329,0.029958085655191653,4.67543250447929e-10,0.09950514136421881,1.0923289293626453e-16,0.0005641932229892979,6.137653998420891e-16
Random969
Raw:0.21728910048880284,1.5079746592744887e-06,0.17497295966876283,0.47770901115783093,0.029958085655191584,4.675432504479337e-10,0.09950514136421929,1.0923289293626643e-16,0.0005641932229892995,6.13765399842104e-16
EFT:0.21728910048880218,1.5079746592744898e-06,0.174972959668762,0.4777090111578329,0.029958085655191653,4.67543250447929e-10,0.09950514136421881,1.0923289293626453e-16,0.0005641932229892979,6.137653998420935e-16
Random970
Raw:0.21728910048880215,1.507974659274484e-06,0.17497295966876264,0.477709011157832,0.02995808565519165,4.675432504479298e-10,0.09950514136421916,1.0923289293626511e-16,0.0005641932229892987,6.137653998420966e-16
EFT:0.21728910048880218,1.5079746592744898e-06,0.174972959668762,0.4777090111578329,0.029958085655191653,4.67543250447929e-10,0.09950514136421881,1.0923289293626453e-16,0.0005641932229892979,6.137653998420891e-16
Random971
Raw:0.2172891004888036,1.5079746592744724e-06,0.17497295966876314,0.47770901115783004,0.02995808565519158,4.675432504479311e-10,0.09950514136421929,1.0923289293626545e-16,0.000564193222989301,6.137653998420942e-16
EFT:0.21728910048880218,1.5079746592744898e-06,0.174972959668762,0.4777090111578329,0.029958085655191653,4.67543250447929e-10,0.09950514136421881,1.0923289293626453e-16,0.0005641932229892979,6.137653998420935e-16
Random972
Raw:0.21728910048880135,1.507974659274473e-06,0.17497295966876195,0.4777090111578345,0.029958085655191542,4.675432504479223e-10,0.09950514136421826,1.0923289293626105e-16,0.0005641932229892952,6.137653998420781e-16
EFT:0.21728910048880218,1.5079746592744898e-06,0.174972959668762,0.4777090111578329,0.029958085655191653,4.67543250447929e-10,0.09950514136421881,1.0923289293626453e-16,0.0005641932229892979,6.137653998420891e-16
Random973
Raw:0.21728910048880257,1.5079746592744786e-06,0.17497295966876264,0.477709011157832,0.02995808565519165,4.675432504479281e-10,0.0995051413642188,1.0923289293626434e-16,0.0005641932229892962,6.137653998420879e-16
EFT:0.21728910048880218,1.5079746592744898e-06,0.174972959668762,0.4777090111578329,0.029958085655191653,4.67543250447929e-10,0.09950514136421881,1.0923289293626453e-16,0.0005641932229892979,6.137653998420891e-16
Random974
Raw:0.21728910048880196,1.5079746592744961e-06,0.17497295966876214,0.47770901115783326,0.02995808565519173,4.675432504479327e-10,0.09950514136421836,1.0923289293626541e-16,0.0005641932229892983,6.137653998421027e-16
EFT:0.21728910048880218,1.5079746592744898e-06,0.174972959668762,0.4777090111578329,0.029958085655191653,4.67543250447929e-10,0.09950514136421881,1.0923289293626453e-16,0.0005641932229892979,6.137653998420891e-16
Random975
Raw:0.2172891004888029,1.5079746592744623e-06,0.17497295966876286,0.47770901115783104,0.02995808565519159,4.675432504479272e-10,0.09950514136421913,1.0923289293626334e-16,0.0005641932229892977,6.137653998420823e-16
EFT:0.21728910048880218,1.5079746592744898e-06,0.174972959668762,0.4777090111578329,0.029958085655191653,4.67543250447929e-10,0.09950514136421881,1.0923289293626453e-16,0.0005641932229892979,6.137653998420935e-16
Random976
Raw:0.2172891004888019,1.5079746592744741e-06,0.1749729596687624,0.4777090111578331,0.02995808565519156,4.675432504479242e-10,0.09950514136421869,1.0923289293626225e-16,0.0005641932229892946,6.137653998420806e-16
EFT:0.21728910048880218,1.5079746592744898e-06,0.174972959668762,0.4777090111578329,0.029958085655191653,4.67543250447929e-10,0.09950514136421881,1.0923289293626453e-16,0.0005641932229892979,6.137653998420891e-16
Random977
Raw:0.21728910048880268,1.5079746592744824e-06,0.17497295966876242,0.47770901115783143,0.029958085655191615,4.675432504479308e-10,0.09950514136421922,1.0923289293626499e-16,0.0005641932229892966,6.137653998420959e-16
EFT:0.21728910048880218,1.5079746592744898e-06,0.174972959668762,0.4777090111578329,0.029958085655191653,4.67543250447929e-10,0.09950514136421881,1.0923289293626453e-16,0.0005641932229892979,6.137653998420891e-16
Random978
Raw:0.21728910048880162,1.5079746592744697e-06,0.17497295966876217,0.4777090111578342,0.029958085655191632,4.675432504479237e-10,0.09950514136421786,1.0923289293626098e-16,0.0005641932229892943,6.137653998420734e-16
EFT:0.21728910048880218,1.5079746592744898e-06,0.174972959668762,0.4777090111578329,0.029958085655191653,4.67543250447929e-10,0.09950514136421881,1.0923289293626453e-16,0.0005641932229892979,6.137653998420891e-16
Random979
Raw:0.21728910048880148,1.507974659274493e-06,0.17497295966876206,0.4777090111578339,0.029958085655191716,4.675432504479284e-10,0.09950514136421848,1.0923289293626477e-16,0.0005641932229892974,6.137653998420991e-16
EFT:0.21728910048880218,1.5079746592744898e-06,0.174972959668762,0.4777090111578329,0.029958085655191653,4.67543250447929e-10,0.09950514136421881,1.0923289293626453e-16,0.0005641932229892979,6.137653998420891e-16
Random980
Raw:0.2172891004888025,1.5079746592744945e-06,0.17497295966876258,0.4777090111578319,0.0299580856551917,4.67543250447933e-10,0.09950514136421877,1.0923289293626587e-16,0.0005641932229892992,6.137653998421053e-16
EFT:0.21728910048880218,1.5079746592744898e-06,0.174972959668762,0.4777090111578329,0.029958085655191653,4.67543250447929e-10,0.09950514136421881,1.0923289293626453e-16,0.0005641932229892979,6.137653998420935e-16
Random981
Raw:0.2172891004888023,1.507974659274469e-06,0.17497295966876272,0.47770901115783226,0.029958085655191563,4.675432504479267e-10,0.09950514136421869,1.0923289293626285e-16,0.0005641932229892971,6.137653998420883e-16
EFT:0.21728910048880218,1.5079746592744898e-06,0.174972959668762,0.4777090111578329,0.029958085655191653,4.67543250447929e-10,0.09950514136421881,1.0923289293626453e-16,0.0005641932229892979,6.137653998420891e-16
Random982
Raw:0.21728910048880182,1.5079746592744737e-06,0.174972959668762,0.47770901115783376,0.029958085655191605,4.675432504479233e-10,0.09950514136421829,1.0923289293626166e-16,0.0005641932229892943,6.137653998420815e-16
EFT:0.21728910048880218,1.5079746592744898e-06,0.174972959668762,0.4777090111578329,0.029958085655191653,4.67543250447929e-10,0.09950514136421881,1.0923289293626453e-16,0.0005641932229892979,6.137653998420935e-16
Random983
Raw:0.2172891004888027,1.507974659274461e-06,0.17497295966876303,0.47770901115783065,0.02995808565519162,4.675432504479251e-10,0.09950514136421958,1.0923289293626248e-16,0.0005641932229892977,6.137653998420775e-16
EFT:0.21728910048880218,1.5079746592744898e-06,0.174972959668762,0.4777090111578329,0.029958085655191653,4.67543250447929e-10,0.09950514136421881,1.0923289293626453e-16,0.0005641932229892979,6.137653998420891e-16
Random984
Raw:0.21728910048880257,1.5079746592744815e-06,0.17497295966876264,0.477709011157832,0.02995808565519165,4.675432504479281e-10,0.0995051413642188,1.0923289293626434e-16,0.0005641932229892978,6.137653998420923e-16
EFT:0.21728910048880218,1.5079746592744898e-06,0.174972959668762,0.4777090111578329,0.029958085655191653,4.67543250447929e-10,0.09950514136421881,1.0923289293626453e-16,0.0005641932229892979,6.137653998420935e-16
Random985
Raw:0.21728910048880204,1.507974659274483e-06,0.17497295966876153,0.4777090111578342,0.029958085655191632,4.675432504479253e-10,0.0995051413642182,1.0923289293626251e-16,0.0005641932229892954,6.137653998420864e-16
EFT:0.21728910048880218,1.5079746592744898e-06,0.174972959668762,0.4777090111578329,0.029958085655191653,4.67543250447929e-10,0.09950514136421881,1.0923289293626453e-16,0.0005641932229892979,6.137653998420935e-16
Random986
Raw:0.21728910048880234,1.5079746592744798e-06,0.17497295966876245,0.4777090111578324,0.029958085655191622,4.675432504479302e-10,0.0995051413642187,1.0923289293626442e-16,0.0005641932229892977,6.137653998420884e-16
EFT:0.21728910048880218,1.5079746592744898e-06,0.174972959668762,0.4777090111578329,0.029958085655191653,4.67543250447929e-10,0.09950514136421881,1.0923289293626453e-16,0.0005641932229892979,6.137653998420891e-16
Random987
Raw:0.21728910048880296,1.5079746592744762e-06,0.17497295966876233,0.47770901115783204,0.0299580856551916,4.675432504479283e-10,0.09950514136421863,1.0923289293626357e-16,0.0005641932229892958,6.13765399842088e-16
EFT:0.21728910048880218,1.5079746592744898e-06,0.174972959668762,0.4777090111578329,0.029958085655191653,4.67543250447929e-10,0.09950514136421881,1.0923289293626453e-16,0.0005641932229892979,6.137653998420891e-16
Random988
Raw:0.21728910048880154,1.5079746592744638e-06,0.17497295966876208,0.477709011157834,0.02995808565519151,4.675432504479235e-10,0.09950514136421834,1.0923289293626171e-16,0.0005641932229892941,6.137653998420732e-16
EFT:0.21728910048880218,1.5079746592744898e-06,0.174972959668762,0.4777090111578329,0.029958085655191653,4.67543250447929e-10,0.09950514136421881,1.0923289293626453e-16,0.0005641932229892979,6.137653998420891e-16
Random989
Raw:0.2172891004888017,1.5079746592744754e-06,0.17497295966876222,0.4777090111578335,0.02995808565519164,4.67543250447923e-10,0.09950514136421841,1.0923289293626235e-16,0.000564193222989297,6.137653998420811e-16
EFT:0.21728910048880218,1.5079746592744898e-06,0.174972959668762,0.4777090111578329,0.029958085655191653,4.67543250447929e-10,0.09950514136421881,1.0923289293626453e-16,0.0005641932229892979,6.137653998420891e-16
Random990
Raw:0.21728910048880196,1.5079746592744773e-06,0.17497295966876245,0.47770901115783326,0.029958085655191626,4.675432504479294e-10,0.09950514136421819,1.0923289293626308e-16,0.0005641932229892953,6.137653998420896e-16
EFT:0.21728910048880218,1.5079746592744898e-06,0.174972959668762,0.4777090111578329,0.029958085655191653,4.67543250447929e-10,0.09950514136421881,1.0923289293626453e-16,0.0005641932229892979,6.137653998420891e-16
Random991
Raw:0.2172891004888023,1.507974659274493e-06,0.17497295966876208,0.4777090111578331,0.029958085655191667,4.675432504479309e-10,0.0995051413642185,1.0923289293626537e-16,0.0005641932229892981,6.137653998420981e-16
EFT:0.21728910048880218,1.5079746592744898e-06,0.174972959668762,0.4777090111578329,0.029958085655191653,4.67543250447929e-10,0.09950514136421881,1.0923289293626453e-16,0.0005641932229892979,6.137653998420935e-16
Random992
Raw:0.2172891004888029,1.5079746592744945e-06,0.17497295966876286,0.47770901115783104,0.0299580856551917,4.675432504479372e-10,0.09950514136421895,1.0923289293626646e-16,0.0005641932229892996,6.137653998421129e-16
EFT:0.21728910048880218,1.5079746592744898e-06,0.174972959668762,0.4777090111578329,0.029958085655191653,4.67543250447929e-10,0.09950514136421881,1.0923289293626453e-16,0.0005641932229892979,6.137653998420935e-16
Random993
Raw:0.21728910048880215,1.5079746592744758e-06,0.17497295966876228,0.47770901115783276,0.02995808565519154,4.675432504479272e-10,0.09950514136421879,1.0923289293626373e-16,0.0005641932229892961,6.137653998420889e-16
EFT:0.21728910048880218,1.5079746592744898e-06,0.174972959668762,0.4777090111578329,0.029958085655191653,4.67543250447929e-10,0.09950514136421881,1.0923289293626453e-16,0.0005641932229892979,6.137653998420891e-16
Random994
Raw:0.21728910048880207,1.5079746592744754e-06,0.1749729596687619,0.4777090111578335,0.029958085655191587,4.67543250447923e-10,0.09950514136421841,1.0923289293626159e-16,0.000564193222989295,6.137653998420811e-16
EFT:0.21728910048880218,1.5079746592744898e-06,0.174972959668762,0.4777090111578329,0.029958085655191653,4.67543250447929e-10,0.09950514136421881,1.0923289293626453e-16,0.0005641932229892979,6.137653998420935e-16
Random995
Raw:0.21728910048880246,1.5079746592744782e-06,0.17497295966876222,0.47770901115783265,0.029958085655191587,4.675432504479288e-10,0.09950514136421841,1.0923289293626293e-16,0.000564193222989297,6.137653998420888e-16
EFT:0.21728910048880218,1.5079746592744898e-06,0.174972959668762,0.4777090111578329,0.029958085655191653,4.67543250447929e-10,0.09950514136421881,1.0923289293626453e-16,0.0005641932229892979,6.137653998420935e-16
Random996
Raw:0.21728910048880273,1.507974659274496e-06,0.17497295966876214,0.4777090111578324,0.029958085655191622,4.675432504479334e-10,0.0995051413642187,1.0923289293626675e-16,0.0005641932229892967,6.137653998421059e-16
EFT:0.21728910048880218,1.5079746592744898e-06,0.174972959668762,0.4777090111578329,0.029958085655191653,4.67543250447929e-10,0.09950514136421881,1.0923289293626453e-16,0.0005641932229892979,6.137653998420935e-16
Random997
Raw:0.2172891004888037,1.5079746592744868e-06,0.1749729596687629,0.47770901115783027,0.02995808565519165,4.675432504479364e-10,0.09950514136421915,1.0923289293626705e-16,0.0005641932229893012,6.137653998421032e-16
EFT:0.21728910048880218,1.5079746592744898e-06,0.174972959668762,0.4777090111578329,0.029958085655191653,4.67543250447929e-10,0.09950514136421881,1.0923289293626453e-16,0.0005641932229892979,6.137653998420935e-16
Random998
Raw:0.21728910048880223,1.5079746592744818e-06,0.17497295966876203,0.477709011157833,0.029958085655191608,4.675432504479241e-10,0.09950514136421866,1.09232892936263e-16,0.000564193222989298,6.137653998420848e-16
EFT:0.21728910048880218,1.5079746592744898e-06,0.174972959668762,0.4777090111578329,0.029958085655191653,4.67543250447929e-10,0.09950514136421881,1.0923289293626453e-16,0.0005641932229892979,6.137653998420891e-16
Random999
Raw:0.21728910048880087,1.5079746592744832e-06,0.17497295966876125,0.4777090111578359,0.029958085655191632,4.675432504479237e-10,0.09950514136421786,1.0923289293626216e-16,0.0005641932229892944,6.137653998420843e-16
EFT:0.21728910048880218,1.5079746592744898e-06,0.174972959668762,0.4777090111578329,0.029958085655191653,4.67543250447929e-10,0.09950514136421881,1.0923289293626453e-16,0.0005641932229892979,6.137653998420891e-16
Random1000
Raw:0.2172891004888014,1.5079746592744657e-06,0.17497295966876142,0.4777090111578346,0.02995808565519155,4.67543250447919e-10,0.09950514136421863,1.0923289293626107e-16,0.0005641932229892939,6.137653998420695e-16
EFT:0.21728910048880218,1.5079746592744898e-06,0.174972959668762,0.4777090111578329,0.029958085655191653,4.67543250447929e-10,0.09950514136421881,1.0923289293626453e-16,0.0005641932229892979,6.137653998420891e-16
