Ascend
Raw:-7.1639242012964495,-8.389588789397191,-3.7945703489344944,-1.2116865709247553,-3.193075271743183,-3.7486088924331398,-11.969885510758752,-5.2253459203752275,12.85357988434073,1.4418431287610938
EFT:-7.163924201296449,-8.389588789397193,-3.7945703489344953,-1.2116865709247562,-3.193075271743182,-3.7486088924331398,-11.96988551075875,-5.225345920375227,12.85357988434073,1.4418431287610942
Descend
Raw:-7.16392420129645,-8.389588789397193,-3.794570348934496,-1.2116865709247566,-3.1930752717431834,-3.74860889243314,-11.969885510758752,-5.2253459203752275,12.853579884340732,1.4418431287610933
EFT:-7.163924201296449,-8.389588789397193,-3.7945703489344953,-1.2116865709247562,-3.193075271743182,-3.7486088924331398,-11.96988551075875,-5.225345920375227,12.85357988434073,1.4418431287610942
Random1
Raw:-7.163924201296448,-8.389588789397195,-3.7945703489344953,-1.2116865709247566,-3.193075271743185,-3.7486088924331398,-11.96988551075875,-5.225345920375228,12.853579884340729,1.441843128761093
EFT:-7.163924201296449,-8.389588789397193,-3.7945703489344953,-1.2116865709247562,-3.193075271743182,-3.7486088924331398,-11.96988551075875,-5.225345920375227,12.85357988434073,1.4418431287610942
Random2
Raw:-7.163924201296448,-8.389588789397193,-3.7945703489344953,-1.2116865709247566,-3.193075271743182,-3.7486088924331398,-11.96988551075875,-5.225345920375227,12.853579884340729,1.4418431287610938
EFT:-7.163924201296449,-8.389588789397193,-3.7945703489344953,-1.2116865709247562,-3.193075271743182,-3.7486088924331398,-11.96988551075875,-5.225345920375227,12.85357988434073,1.4418431287610942
Random3
Raw:-7.163924201296448,-8.389588789397191,-3.7945703489344957,-1.211686570924756,-3.1930752717431825,-3.74860889243314,-11.96988551075875,-5.2253459203752275,12.85357988434073,1.4418431287610938
EFT:-7.163924201296449,-8.389588789397193,-3.7945703489344953,-1.2116865709247562,-3.193075271743182,-3.7486088924331398,-11.96988551075875,-5.225345920375227,12.85357988434073,1.4418431287610942
Random4
Raw:-7.1639242012964495,-8.389588789397193,-3.7945703489344953,-1.211686570924756,-3.193075271743181,-3.7486088924331393,-11.969885510758752,-5.2253459203752275,12.853579884340732,1.4418431287610938
EFT:-7.163924201296449,-8.389588789397193,-3.7945703489344953,-1.2116865709247562,-3.193075271743182,-3.7486088924331398,-11.96988551075875,-5.225345920375227,12.85357988434073,1.4418431287610942
Random5
Raw:-7.163924201296449,-8.389588789397195,-3.7945703489344957,-1.211686570924757,-3.1930752717431825,-3.7486088924331398,-11.96988551075875,-5.2253459203752275,12.853579884340729,1.4418431287610924
EFT:-7.163924201296449,-8.389588789397193,-3.7945703489344953,-1.2116865709247562,-3.193075271743182,-3.7486088924331398,-11.96988551075875,-5.225345920375227,12.85357988434073,1.4418431287610942
Random6
Raw:-7.163924201296448,-8.389588789397195,-3.7945703489344957,-1.2116865709247562,-3.193075271743184,-3.7486088924331398,-11.969885510758752,-5.225345920375227,12.85357988434073,1.4418431287610949
EFT:-7.163924201296449,-8.389588789397193,-3.7945703489344953,-1.2116865709247562,-3.193075271743182,-3.7486088924331398,-11.96988551075875,-5.225345920375227,12.85357988434073,1.4418431287610942
Random7
Raw:-7.1639242012964495,-8.389588789397193,-3.7945703489344953,-1.211686570924756,-3.1930752717431825,-3.7486088924331398,-11.969885510758752,-5.225345920375227,12.85357988434073,1.4418431287610942
EFT:-7.163924201296449,-8.389588789397193,-3.7945703489344953,-1.2116865709247562,-3.193075271743182,-3.7486088924331398,-11.96988551075875,-5.225345920375227,12.85357988434073,1.4418431287610942
Random8
Raw:-7.163924201296449,-8.389588789397193,-3.7945703489344957,-1.2116865709247566,-3.1930752717431816,-3.7486088924331393,-11.96988551075875,-5.225345920375226,12.853579884340729,1.441843128761095
EFT:-7.163924201296449,-8.389588789397193,-3.7945703489344953,-1.2116865709247562,-3.193075271743182,-3.7486088924331398,-11.96988551075875,-5.225345920375227,12.85357988434073,1.4418431287610942
Random9
Raw:-7.1639242012964495,-8.389588789397193,-3.7945703489344953,-1.2116865709247564,-3.1930752717431816,-3.7486088924331393,-11.969885510758752,-5.225345920375227,12.85357988434073,1.4418431287610938
EFT:-7.163924201296449,-8.389588789397193,-3.7945703489344953,-1.2116865709247562,-3.193075271743182,-3.7486088924331398,-11.96988551075875,-5.225345920375227,12.85357988434073,1.4418431287610942
Random10
Raw:-7.16392420129645,-8.389588789397191,-3.7945703489344944,-1.2116865709247548,-3.193075271743184,-3.7486088924331393,-11.96988551075875,-5.225345920375226,12.853579884340727,1.4418431287610938
EFT:-7.163924201296449,-8.389588789397193,-3.7945703489344953,-1.2116865709247564,-3.193075271743182,-3.7486088924331398,-11.96988551075875,-5.225345920375227,12.85357988434073,1.4418431287610942
Random11
Raw:-7.163924201296448,-8.389588789397193,-3.7945703489344953,-1.2116865709247566,-3.193075271743184,-3.7486088924331398,-11.969885510758754,-5.2253459203752275,12.853579884340729,1.4418431287610938
EFT:-7.163924201296449,-8.389588789397193,-3.7945703489344953,-1.2116865709247562,-3.193075271743182,-3.7486088924331398,-11.96988551075875,-5.225345920375227,12.85357988434073,1.4418431287610942
Random12
Raw:-7.16392420129645,-8.389588789397193,-3.794570348934495,-1.2116865709247555,-3.193075271743182,-3.7486088924331393,-11.969885510758752,-5.225345920375227,12.853579884340732,1.4418431287610938
EFT:-7.163924201296449,-8.389588789397193,-3.7945703489344953,-1.2116865709247562,-3.193075271743182,-3.7486088924331398,-11.96988551075875,-5.225345920375227,12.85357988434073,1.4418431287610942
Random13
Raw:-7.1639242012964495,-8.389588789397193,-3.794570348934495,-1.211686570924757,-3.193075271743182,-3.7486088924331393,-11.969885510758752,-5.2253459203752275,12.85357988434073,1.441843128761095
EFT:-7.163924201296449,-8.389588789397193,-3.7945703489344953,-1.2116865709247562,-3.193075271743182,-3.7486088924331398,-11.96988551075875,-5.225345920375227,12.85357988434073,1.4418431287610942
Random14
Raw:-7.1639242012964495,-8.389588789397191,-3.794570348934495,-1.2116865709247553,-3.193075271743184,-3.7486088924331398,-11.969885510758752,-5.2253459203752275,12.853579884340729,1.4418431287610953
EFT:-7.163924201296449,-8.389588789397193,-3.7945703489344953,-1.2116865709247562,-3.193075271743182,-3.7486088924331398,-11.96988551075875,-5.225345920375227,12.85357988434073,1.4418431287610942
Random15
Raw:-7.163924201296449,-8.389588789397193,-3.794570348934494,-1.2116865709247555,-3.1930752717431803,-3.7486088924331393,-11.96988551075875,-5.225345920375226,12.85357988434073,1.4418431287610964
EFT:-7.163924201296449,-8.389588789397193,-3.7945703489344953,-1.2116865709247562,-3.193075271743182,-3.7486088924331398,-11.96988551075875,-5.225345920375227,12.85357988434073,1.4418431287610942
Random16
Raw:-7.163924201296451,-8.389588789397193,-3.794570348934495,-1.211686570924756,-3.1930752717431825,-3.7486088924331398,-11.969885510758752,-5.225345920375226,12.85357988434073,1.441843128761095
EFT:-7.163924201296449,-8.389588789397193,-3.7945703489344953,-1.2116865709247562,-3.193075271743182,-3.7486088924331398,-11.96988551075875,-5.225345920375227,12.85357988434073,1.4418431287610942
Random17
Raw:-7.163924201296448,-8.389588789397195,-3.7945703489344957,-1.2116865709247557,-3.1930752717431847,-3.74860889243314,-11.96988551075875,-5.2253459203752275,12.853579884340729,1.4418431287610924
EFT:-7.163924201296449,-8.389588789397193,-3.7945703489344953,-1.2116865709247564,-3.193075271743182,-3.7486088924331398,-11.96988551075875,-5.225345920375227,12.85357988434073,1.4418431287610942
Random18
Raw:-7.1639242012964495,-8.389588789397193,-3.7945703489344953,-1.2116865709247562,-3.193075271743182,-3.7486088924331393,-11.96988551075875,-5.225345920375227,12.85357988434073,1.4418431287610947
EFT:-7.163924201296449,-8.389588789397193,-3.7945703489344953,-1.2116865709247562,-3.193075271743182,-3.7486088924331398,-11.96988551075875,-5.225345920375227,12.85357988434073,1.4418431287610942
Random19
Raw:-7.16392420129645,-8.389588789397193,-3.794570348934495,-1.2116865709247557,-3.193075271743183,-3.748608892433139,-11.96988551075875,-5.225345920375226,12.85357988434073,1.4418431287610942
EFT:-7.163924201296449,-8.389588789397193,-3.7945703489344953,-1.2116865709247562,-3.193075271743182,-3.7486088924331398,-11.96988551075875,-5.225345920375227,12.85357988434073,1.4418431287610942
Random20
Raw:-7.1639242012964495,-8.389588789397193,-3.794570348934495,-1.2116865709247557,-3.1930752717431834,-3.7486088924331407,-11.969885510758752,-5.225345920375227,12.85357988434073,1.4418431287610944
EFT:-7.163924201296449,-8.389588789397193,-3.7945703489344953,-1.2116865709247562,-3.193075271743182,-3.7486088924331398,-11.96988551075875,-5.225345920375227,12.85357988434073,1.4418431287610942
Random21
Raw:-7.163924201296448,-8.389588789397195,-3.7945703489344957,-1.2116865709247566,-3.193075271743183,-3.7486088924331398,-11.969885510758752,-5.2253459203752275,12.853579884340729,1.4418431287610942
EFT:-7.163924201296449,-8.389588789397193,-3.7945703489344953,-1.2116865709247562,-3.193075271743182,-3.7486088924331398,-11.96988551075875,-5.225345920375227,12.85357988434073,1.4418431287610942
Random22
Raw:-7.16392420129645,-8.389588789397191,-3.794570348934495,-1.2116865709247553,-3.1930752717431816,-3.748608892433139,-11.969885510758752,-5.2253459203752275,12.853579884340732,1.4418431287610938
EFT:-7.163924201296449,-8.389588789397193,-3.7945703489344953,-1.2116865709247564,-3.193075271743182,-3.7486088924331398,-11.96988551075875,-5.225345920375227,12.85357988434073,1.4418431287610942
Random23
Raw:-7.163924201296448,-8.389588789397193,-3.7945703489344944,-1.2116865709247555,-3.193075271743185,-3.7486088924331398,-11.96988551075875,-5.225345920375227,12.853579884340729,1.4418431287610938
EFT:-7.163924201296449,-8.389588789397193,-3.7945703489344953,-1.2116865709247562,-3.193075271743182,-3.7486088924331398,-11.96988551075875,-5.225345920375227,12.85357988434073,1.4418431287610942
Random24
Raw:-7.163924201296449,-8.389588789397191,-3.794570348934495,-1.2116865709247553,-3.193075271743181,-3.7486088924331393,-11.969885510758752,-5.225345920375226,12.85357988434073,1.4418431287610947
EFT:-7.163924201296449,-8.389588789397193,-3.7945703489344953,-1.2116865709247562,-3.193075271743182,-3.7486088924331398,-11.96988551075875,-5.225345920375227,12.85357988434073,1.4418431287610942
Random25
Raw:-7.163924201296449,-8.389588789397193,-3.7945703489344953,-1.2116865709247564,-3.193075271743182,-3.7486088924331398,-11.969885510758752,-5.225345920375227,12.853579884340729,1.4418431287610947
EFT:-7.163924201296449,-8.389588789397193,-3.7945703489344953,-1.2116865709247562,-3.193075271743182,-3.7486088924331398,-11.96988551075875,-5.225345920375227,12.85357988434073,1.4418431287610942
Random26
Raw:-7.163924201296448,-8.389588789397195,-3.7945703489344953,-1.2116865709247562,-3.1930752717431816,-3.7486088924331398,-11.969885510758752,-5.2253459203752275,12.85357988434073,1.4418431287610938
EFT:-7.163924201296449,-8.389588789397193,-3.7945703489344953,-1.2116865709247562,-3.193075271743182,-3.7486088924331398,-11.96988551075875,-5.225345920375227,12.85357988434073,1.4418431287610942
Random27
Raw:-7.163924201296451,-8.389588789397193,-3.7945703489344957,-1.2116865709247566,-3.193075271743182,-3.74860889243314,-11.96988551075875,-5.225345920375226,12.853579884340729,1.4418431287610936
EFT:-7.163924201296449,-8.389588789397193,-3.7945703489344953,-1.2116865709247562,-3.193075271743182,-3.7486088924331398,-11.96988551075875,-5.225345920375227,12.85357988434073,1.4418431287610942
Random28
Raw:-7.16392420129645,-8.389588789397191,-3.794570348934495,-1.2116865709247553,-3.193075271743182,-3.74860889243314,-11.969885510758752,-5.225345920375226,12.853579884340729,1.4418431287610938
EFT:-7.163924201296449,-8.389588789397193,-3.7945703489344953,-1.2116865709247562,-3.193075271743182,-3.7486088924331398,-11.96988551075875,-5.225345920375227,12.85357988434073,1.4418431287610942
Random29
Raw:-7.163924201296446,-8.389588789397191,-3.7945703489344953,-1.2116865709247557,-3.1930752717431825,-3.7486088924331393,-11.969885510758752,-5.225345920375227,12.853579884340729,1.4418431287610944
EFT:-7.163924201296449,-8.389588789397193,-3.7945703489344953,-1.2116865709247562,-3.193075271743182,-3.7486088924331398,-11.96988551075875,-5.225345920375227,12.85357988434073,1.4418431287610942
Random30
Raw:-7.1639242012964495,-8.389588789397191,-3.794570348934495,-1.2116865709247557,-3.193075271743184,-3.7486088924331398,-11.969885510758752,-5.225345920375226,12.853579884340729,1.4418431287610949
EFT:-7.163924201296449,-8.389588789397193,-3.7945703489344953,-1.2116865709247562,-3.193075271743182,-3.7486088924331398,-11.96988551075875,-5.225345920375227,12.85357988434073,1.4418431287610942
Random31
Raw:-7.163924201296449,-8.389588789397193,-3.7945703489344944,-1.2116865709247553,-3.193075271743183,-3.7486088924331393,-11.969885510758752,-5.225345920375227,12.853579884340729,1.4418431287610955
EFT:-7.163924201296449,-8.389588789397193,-3.7945703489344953,-1.2116865709247562,-3.193075271743182,-3.7486088924331398,-11.96988551075875,-5.225345920375227,12.85357988434073,1.4418431287610942
Random32
Raw:-7.163924201296448,-8.389588789397195,-3.7945703489344953,-1.2116865709247566,-3.1930752717431816,-3.7486088924331393,-11.969885510758752,-5.225345920375227,12.853579884340729,1.4418431287610949
EFT:-7.163924201296449,-8.389588789397193,-3.7945703489344953,-1.2116865709247562,-3.193075271743182,-3.7486088924331398,-11.96988551075875,-5.225345920375227,12.85357988434073,1.4418431287610942
Random33
Raw:-7.163924201296449,-8.389588789397193,-3.7945703489344953,-1.2116865709247566,-3.193075271743183,-3.74860889243314,-11.969885510758752,-5.225345920375226,12.853579884340732,1.441843128761093
EFT:-7.163924201296449,-8.389588789397193,-3.7945703489344953,-1.2116865709247564,-3.193075271743182,-3.7486088924331398,-11.96988551075875,-5.225345920375227,12.85357988434073,1.4418431287610942
Random34
Raw:-7.163924201296449,-8.389588789397193,-3.7945703489344957,-1.2116865709247564,-3.193075271743183,-3.7486088924331393,-11.96988551075875,-5.225345920375228,12.853579884340729,1.4418431287610938
EFT:-7.163924201296449,-8.389588789397193,-3.7945703489344953,-1.2116865709247564,-3.193075271743182,-3.7486088924331398,-11.96988551075875,-5.225345920375227,12.85357988434073,1.4418431287610942
Random35
Raw:-7.163924201296448,-8.389588789397193,-3.7945703489344953,-1.2116865709247562,-3.1930752717431856,-3.7486088924331415,-11.96988551075875,-5.225345920375229,12.853579884340729,1.4418431287610933
EFT:-7.163924201296449,-8.389588789397193,-3.7945703489344953,-1.2116865709247562,-3.193075271743182,-3.7486088924331398,-11.96988551075875,-5.225345920375227,12.85357988434073,1.4418431287610942
Random36
Raw:-7.1639242012964495,-8.389588789397191,-3.794570348934495,-1.2116865709247548,-3.193075271743184,-3.7486088924331398,-11.969885510758752,-5.225345920375227,12.853579884340732,1.4418431287610944
EFT:-7.163924201296449,-8.389588789397193,-3.7945703489344953,-1.2116865709247562,-3.193075271743182,-3.7486088924331398,-11.96988551075875,-5.225345920375227,12.85357988434073,1.4418431287610942
Random37
Raw:-7.163924201296448,-8.389588789397193,-3.794570348934494,-1.2116865709247555,-3.193075271743184,-3.7486088924331398,-11.969885510758752,-5.225345920375227,12.85357988434073,1.4418431287610955
EFT:-7.163924201296449,-8.389588789397193,-3.7945703489344953,-1.2116865709247562,-3.193075271743182,-3.7486088924331398,-11.96988551075875,-5.225345920375227,12.85357988434073,1.4418431287610942
Random38
Raw:-7.163924201296448,-8.389588789397191,-3.794570348934495,-1.2116865709247557,-3.193075271743183,-3.7486088924331407,-11.969885510758754,-5.225345920375226,12.85357988434073,1.4418431287610947
EFT:-7.163924201296449,-8.389588789397193,-3.7945703489344953,-1.2116865709247562,-3.193075271743182,-3.7486088924331398,-11.96988551075875,-5.225345920375227,12.85357988434073,1.4418431287610942
Random39
Raw:-7.163924201296448,-8.389588789397193,-3.794570348934495,-1.2116865709247557,-3.1930752717431847,-3.74860889243314,-11.969885510758752,-5.225345920375227,12.853579884340729,1.4418431287610947
EFT:-7.163924201296449,-8.389588789397193,-3.7945703489344953,-1.2116865709247564,-3.193075271743182,-3.7486088924331398,-11.96988551075875,-5.225345920375227,12.85357988434073,1.4418431287610942
Random40
Raw:-7.163924201296449,-8.389588789397193,-3.7945703489344953,-1.2116865709247564,-3.1930752717431825,-3.7486088924331398,-11.96988551075875,-5.225345920375227,12.853579884340732,1.4418431287610938
EFT:-7.163924201296449,-8.389588789397193,-3.7945703489344953,-1.2116865709247562,-3.193075271743182,-3.7486088924331398,-11.96988551075875,-5.225345920375227,12.85357988434073,1.4418431287610942
Random41
Raw:-7.163924201296449,-8.389588789397193,-3.794570348934495,-1.211686570924756,-3.1930752717431834,-3.7486088924331398,-11.969885510758752,-5.225345920375226,12.853579884340729,1.441843128761092
EFT:-7.163924201296449,-8.389588789397193,-3.7945703489344953,-1.2116865709247562,-3.193075271743182,-3.7486088924331398,-11.96988551075875,-5.225345920375227,12.85357988434073,1.4418431287610942
Random42
Raw:-7.163924201296449,-8.389588789397193,-3.7945703489344953,-1.2116865709247562,-3.1930752717431825,-3.7486088924331407,-11.969885510758752,-5.225345920375227,12.853579884340729,1.4418431287610942
EFT:-7.163924201296449,-8.389588789397193,-3.7945703489344953,-1.2116865709247562,-3.193075271743182,-3.7486088924331398,-11.96988551075875,-5.225345920375227,12.85357988434073,1.4418431287610942
Random43
Raw:-7.163924201296448,-8.389588789397193,-3.7945703489344953,-1.211686570924755,-3.1930752717431843,-3.74860889243314,-11.969885510758754,-5.225345920375228,12.853579884340729,1.4418431287610927
EFT:-7.163924201296449,-8.389588789397193,-3.7945703489344953,-1.2116865709247562,-3.193075271743182,-3.7486088924331398,-11.96988551075875,-5.225345920375227,12.85357988434073,1.4418431287610942
Random44
Raw:-7.163924201296448,-8.389588789397193,-3.7945703489344944,-1.2116865709247548,-3.193075271743183,-3.7486088924331398,-11.96988551075875,-5.225345920375227,12.853579884340729,1.441843128761093
EFT:-7.163924201296449,-8.389588789397193,-3.7945703489344953,-1.2116865709247562,-3.193075271743182,-3.7486088924331398,-11.96988551075875,-5.225345920375227,12.85357988434073,1.4418431287610942
Random45
Raw:-7.163924201296448,-8.389588789397193,-3.7945703489344953,-1.2116865709247562,-3.193075271743182,-3.74860889243314,-11.969885510758752,-5.2253459203752275,12.85357988434073,1.4418431287610938
EFT:-7.163924201296449,-8.389588789397193,-3.7945703489344953,-1.2116865709247562,-3.193075271743182,-3.7486088924331398,-11.96988551075875,-5.225345920375227,12.85357988434073,1.4418431287610942
Random46
Raw:-7.1639242012964495,-8.389588789397193,-3.7945703489344957,-1.2116865709247575,-3.1930752717431856,-3.7486088924331398,-11.96988551075875,-5.225345920375227,12.85357988434073,1.4418431287610927
EFT:-7.163924201296449,-8.389588789397193,-3.7945703489344953,-1.2116865709247562,-3.193075271743182,-3.7486088924331398,-11.96988551075875,-5.225345920375227,12.85357988434073,1.4418431287610942
Random47
Raw:-7.1639242012964495,-8.389588789397193,-3.794570348934495,-1.2116865709247557,-3.193075271743182,-3.7486088924331393,-11.96988551075875,-5.225345920375227,12.853579884340732,1.4418431287610938
EFT:-7.163924201296449,-8.389588789397193,-3.7945703489344953,-1.2116865709247562,-3.193075271743182,-3.7486088924331398,-11.96988551075875,-5.225345920375227,12.85357988434073,1.4418431287610942
Random48
Raw:-7.163924201296449,-8.389588789397193,-3.794570348934495,-1.2116865709247557,-3.193075271743184,-3.7486088924331398,-11.969885510758752,-5.2253459203752275,12.85357988434073,1.4418431287610924
EFT:-7.163924201296449,-8.389588789397193,-3.7945703489344953,-1.2116865709247562,-3.193075271743182,-3.7486088924331398,-11.96988551075875,-5.225345920375227,12.85357988434073,1.4418431287610942
Random49
Raw:-7.1639242012964495,-8.389588789397193,-3.794570348934495,-1.2116865709247557,-3.1930752717431816,-3.748608892433139,-11.969885510758752,-5.225345920375227,12.853579884340729,1.4418431287610944
EFT:-7.163924201296449,-8.389588789397193,-3.7945703489344953,-1.2116865709247562,-3.193075271743182,-3.7486088924331398,-11.96988551075875,-5.225345920375227,12.85357988434073,1.4418431287610942
Random50
Raw:-7.163924201296448,-8.389588789397193,-3.794570348934495,-1.2116865709247553,-3.193075271743182,-3.7486088924331398,-11.969885510758752,-5.2253459203752275,12.853579884340732,1.4418431287610949
EFT:-7.163924201296449,-8.389588789397193,-3.7945703489344953,-1.2116865709247562,-3.193075271743182,-3.7486088924331398,-11.96988551075875,-5.225345920375227,12.85357988434073,1.4418431287610942
Random51
Raw:-7.163924201296448,-8.389588789397193,-3.7945703489344953,-1.2116865709247562,-3.193075271743183,-3.7486088924331407,-11.969885510758752,-5.2253459203752275,12.85357988434073,1.4418431287610955
EFT:-7.163924201296449,-8.389588789397193,-3.7945703489344953,-1.2116865709247562,-3.193075271743182,-3.7486088924331398,-11.96988551075875,-5.225345920375227,12.85357988434073,1.4418431287610942
Random52
Raw:-7.1639242012964495,-8.389588789397191,-3.794570348934495,-1.211686570924755,-3.193075271743183,-3.748608892433139,-11.96988551075875,-5.2253459203752275,12.853579884340729,1.441843128761096
EFT:-7.163924201296449,-8.389588789397193,-3.7945703489344953,-1.2116865709247562,-3.193075271743182,-3.7486088924331398,-11.96988551075875,-5.225345920375227,12.85357988434073,1.4418431287610942
Random53
Raw:-7.16392420129645,-8.389588789397193,-3.7945703489344944,-1.2116865709247548,-3.193075271743184,-3.7486088924331398,-11.96988551075875,-5.225345920375227,12.85357988434073,1.4418431287610929
EFT:-7.163924201296449,-8.389588789397193,-3.7945703489344953,-1.2116865709247562,-3.193075271743182,-3.7486088924331398,-11.96988551075875,-5.225345920375227,12.85357988434073,1.4418431287610942
Random54
Raw:-7.163924201296449,-8.389588789397191,-3.794570348934495,-1.2116865709247562,-3.193075271743182,-3.74860889243314,-11.969885510758754,-5.225345920375227,12.85357988434073,1.4418431287610938
EFT:-7.163924201296449,-8.389588789397193,-3.7945703489344953,-1.2116865709247562,-3.193075271743182,-3.7486088924331398,-11.96988551075875,-5.225345920375227,12.85357988434073,1.4418431287610942
Random55
Raw:-7.163924201296449,-8.389588789397193,-3.7945703489344957,-1.2116865709247568,-3.193075271743183,-3.7486088924331393,-11.96988551075875,-5.225345920375227,12.853579884340729,1.4418431287610938
EFT:-7.163924201296449,-8.389588789397193,-3.7945703489344953,-1.2116865709247562,-3.193075271743182,-3.7486088924331398,-11.96988551075875,-5.225345920375227,12.85357988434073,1.4418431287610942
Random56
Raw:-7.163924201296449,-8.389588789397191,-3.794570348934494,-1.2116865709247548,-3.193075271743184,-3.7486088924331407,-11.969885510758752,-5.225345920375228,12.853579884340729,1.4418431287610933
EFT:-7.163924201296449,-8.389588789397193,-3.7945703489344953,-1.2116865709247562,-3.193075271743182,-3.7486088924331398,-11.96988551075875,-5.225345920375227,12.85357988434073,1.4418431287610942
Random57
Raw:-7.163924201296449,-8.389588789397191,-3.794570348934495,-1.211686570924756,-3.193075271743184,-3.7486088924331398,-11.96988551075875,-5.2253459203752275,12.853579884340727,1.4418431287610913
EFT:-7.163924201296449,-8.389588789397193,-3.7945703489344953,-1.2116865709247562,-3.193075271743182,-3.7486088924331398,-11.96988551075875,-5.225345920375227,12.85357988434073,1.4418431287610942
Random58
Raw:-7.163924201296448,-8.389588789397195,-3.7945703489344957,-1.211686570924757,-3.193075271743183,-3.7486088924331393,-11.96988551075875,-5.2253459203752275,12.853579884340729,1.4418431287610938
EFT:-7.163924201296449,-8.389588789397193,-3.7945703489344953,-1.2116865709247562,-3.193075271743182,-3.7486088924331398,-11.96988551075875,-5.225345920375227,12.85357988434073,1.4418431287610942
Random59
Raw:-7.1639242012964495,-8.389588789397193,-3.794570348934495,-1.2116865709247553,-3.193075271743183,-3.7486088924331398,-11.96988551075875,-5.225345920375228,12.853579884340732,1.4418431287610949
EFT:-7.163924201296449,-8.389588789397193,-3.7945703489344953,-1.2116865709247562,-3.193075271743182,-3.7486088924331398,-11.96988551075875,-5.225345920375227,12.85357988434073,1.4418431287610942
Random60
Raw:-7.163924201296449,-8.389588789397193,-3.794570348934495,-1.2116865709247557,-3.1930752717431834,-3.74860889243314,-11.969885510758752,-5.2253459203752275,12.85357988434073,1.4418431287610949
EFT:-7.163924201296449,-8.389588789397193,-3.7945703489344953,-1.2116865709247562,-3.193075271743182,-3.7486088924331398,-11.96988551075875,-5.225345920375227,12.85357988434073,1.4418431287610942
Random61
Raw:-7.163924201296448,-8.389588789397193,-3.7945703489344953,-1.2116865709247566,-3.193075271743182,-3.7486088924331393,-11.96988551075875,-5.225345920375227,12.85357988434073,1.4418431287610947
EFT:-7.163924201296449,-8.389588789397193,-3.7945703489344953,-1.2116865709247562,-3.193075271743182,-3.7486088924331398,-11.96988551075875,-5.225345920375227,12.85357988434073,1.4418431287610942
Random62
Raw:-7.163924201296448,-8.389588789397195,-3.794570348934495,-1.2116865709247562,-3.1930752717431825,-3.7486088924331407,-11.969885510758752,-5.2253459203752275,12.853579884340729,1.4418431287610938
EFT:-7.163924201296449,-8.389588789397193,-3.7945703489344953,-1.2116865709247562,-3.193075271743182,-3.7486088924331398,-11.96988551075875,-5.225345920375227,12.85357988434073,1.4418431287610942
Random63
Raw:-7.1639242012964495,-8.389588789397191,-3.794570348934495,-1.2116865709247553,-3.193075271743183,-3.7486088924331393,-11.96988551075875,-5.225345920375226,12.85357988434073,1.4418431287610955
EFT:-7.163924201296449,-8.389588789397193,-3.7945703489344953,-1.2116865709247562,-3.193075271743182,-3.7486088924331398,-11.96988551075875,-5.225345920375227,12.85357988434073,1.4418431287610942
Random64
Raw:-7.1639242012964495,-8.389588789397193,-3.7945703489344953,-1.2116865709247562,-3.193075271743182,-3.7486088924331398,-11.96988551075875,-5.2253459203752275,12.853579884340729,1.4418431287610938
EFT:-7.163924201296449,-8.389588789397193,-3.7945703489344953,-1.2116865709247562,-3.193075271743182,-3.7486088924331398,-11.96988551075875,-5.225345920375227,12.85357988434073,1.4418431287610942
Random65
Raw:-7.163924201296447,-8.389588789397195,-3.794570348934495,-1.2116865709247564,-3.1930752717431816,-3.7486088924331398,-11.969885510758752,-5.225345920375227,12.853579884340729,1.4418431287610938
EFT:-7.163924201296449,-8.389588789397193,-3.7945703489344953,-1.2116865709247562,-3.193075271743182,-3.7486088924331398,-11.96988551075875,-5.225345920375227,12.85357988434073,1.4418431287610942
Random66
Raw:-7.163924201296448,-8.389588789397195,-3.7945703489344957,-1.2116865709247573,-3.193075271743183,-3.7486088924331393,-11.969885510758752,-5.2253459203752275,12.853579884340729,1.4418431287610947
EFT:-7.163924201296449,-8.389588789397193,-3.7945703489344953,-1.2116865709247562,-3.193075271743182,-3.7486088924331398,-11.96988551075875,-5.225345920375227,12.85357988434073,1.4418431287610942
Random67
Raw:-7.1639242012964495,-8.389588789397193,-3.794570348934495,-1.2116865709247553,-3.193075271743182,-3.7486088924331398,-11.96988551075875,-5.2253459203752275,12.853579884340729,1.4418431287610947
EFT:-7.163924201296449,-8.389588789397193,-3.7945703489344953,-1.2116865709247562,-3.193075271743182,-3.7486088924331398,-11.96988551075875,-5.225345920375227,12.85357988434073,1.4418431287610942
Random68
Raw:-7.163924201296449,-8.389588789397193,-3.794570348934495,-1.2116865709247555,-3.193075271743182,-3.748608892433139,-11.96988551075875,-5.225345920375226,12.853579884340729,1.4418431287610929
EFT:-7.163924201296449,-8.389588789397193,-3.7945703489344953,-1.2116865709247562,-3.193075271743182,-3.7486088924331398,-11.96988551075875,-5.225345920375227,12.85357988434073,1.4418431287610942
Random69
Raw:-7.163924201296448,-8.389588789397193,-3.794570348934494,-1.2116865709247557,-3.193075271743184,-3.7486088924331407,-11.969885510758752,-5.225345920375227,12.853579884340729,1.4418431287610938
EFT:-7.163924201296449,-8.389588789397193,-3.7945703489344953,-1.2116865709247562,-3.193075271743182,-3.7486088924331398,-11.96988551075875,-5.225345920375227,12.85357988434073,1.4418431287610942
Random70
Raw:-7.1639242012964495,-8.389588789397193,-3.7945703489344957,-1.211686570924756,-3.193075271743182,-3.7486088924331398,-11.96988551075875,-5.225345920375226,12.85357988434073,1.4418431287610947
EFT:-7.163924201296449,-8.389588789397193,-3.7945703489344953,-1.2116865709247562,-3.193075271743182,-3.7486088924331398,-11.96988551075875,-5.225345920375227,12.85357988434073,1.4418431287610942
Random71
Raw:-7.163924201296449,-8.389588789397193,-3.7945703489344957,-1.2116865709247568,-3.193075271743184,-3.7486088924331398,-11.969885510758752,-5.225345920375227,12.853579884340729,1.4418431287610944
EFT:-7.163924201296449,-8.389588789397193,-3.7945703489344953,-1.2116865709247562,-3.193075271743182,-3.7486088924331398,-11.96988551075875,-5.225345920375227,12.85357988434073,1.4418431287610942
Random72
Raw:-7.1639242012964495,-8.389588789397191,-3.794570348934495,-1.2116865709247546,-3.193075271743183,-3.7486088924331407,-11.969885510758752,-5.225345920375226,12.85357988434073,1.4418431287610942
EFT:-7.163924201296449,-8.389588789397193,-3.7945703489344953,-1.2116865709247562,-3.193075271743182,-3.7486088924331398,-11.96988551075875,-5.225345920375227,12.85357988434073,1.4418431287610942
Random73
Raw:-7.1639242012964495,-8.389588789397195,-3.7945703489344957,-1.2116865709247566,-3.1930752717431825,-3.7486088924331398,-11.96988551075875,-5.2253459203752275,12.853579884340729,1.441843128761093
EFT:-7.163924201296449,-8.389588789397193,-3.7945703489344953,-1.2116865709247562,-3.193075271743182,-3.7486088924331398,-11.96988551075875,-5.225345920375227,12.85357988434073,1.4418431287610942
Random74
Raw:-7.163924201296448,-8.389588789397195,-3.7945703489344957,-1.2116865709247566,-3.1930752717431834,-3.7486088924331407,-11.969885510758754,-5.225345920375228,12.853579884340729,1.4418431287610953
EFT:-7.163924201296449,-8.389588789397193,-3.7945703489344953,-1.2116865709247564,-3.193075271743182,-3.7486088924331398,-11.96988551075875,-5.225345920375227,12.85357988434073,1.4418431287610942
Random75
Raw:-7.1639242012964495,-8.389588789397191,-3.794570348934495,-1.211686570924756,-3.193075271743184,-3.7486088924331398,-11.96988551075875,-5.225345920375226,12.85357988434073,1.4418431287610938
EFT:-7.163924201296449,-8.389588789397193,-3.7945703489344953,-1.2116865709247562,-3.193075271743182,-3.7486088924331398,-11.96988551075875,-5.225345920375227,12.85357988434073,1.4418431287610942
Random76
Raw:-7.163924201296451,-8.389588789397193,-3.794570348934495,-1.2116865709247562,-3.193075271743183,-3.7486088924331398,-11.969885510758752,-5.225345920375226,12.85357988434073,1.4418431287610933
EFT:-7.163924201296449,-8.389588789397193,-3.7945703489344953,-1.2116865709247562,-3.193075271743182,-3.7486088924331398,-11.96988551075875,-5.225345920375227,12.85357988434073,1.4418431287610942
Random77
Raw:-7.163924201296449,-8.389588789397193,-3.7945703489344957,-1.2116865709247564,-3.193075271743183,-3.74860889243314,-11.969885510758754,-5.2253459203752275,12.853579884340729,1.4418431287610938
EFT:-7.163924201296449,-8.389588789397193,-3.7945703489344953,-1.2116865709247564,-3.193075271743182,-3.7486088924331398,-11.96988551075875,-5.225345920375227,12.85357988434073,1.4418431287610942
Random78
Raw:-7.163924201296449,-8.389588789397191,-3.794570348934493,-1.2116865709247544,-3.1930752717431834,-3.7486088924331393,-11.969885510758752,-5.225345920375227,12.853579884340727,1.4418431287610938
EFT:-7.163924201296449,-8.389588789397193,-3.7945703489344953,-1.2116865709247562,-3.193075271743182,-3.7486088924331398,-11.96988551075875,-5.225345920375227,12.85357988434073,1.4418431287610942
Random79
Raw:-7.163924201296448,-8.389588789397195,-3.7945703489344957,-1.2116865709247566,-3.1930752717431825,-3.74860889243314,-11.96988551075875,-5.2253459203752275,12.853579884340729,1.4418431287610929
EFT:-7.163924201296449,-8.389588789397193,-3.7945703489344953,-1.2116865709247562,-3.193075271743182,-3.7486088924331398,-11.96988551075875,-5.225345920375227,12.85357988434073,1.4418431287610942
Random80
Raw:-7.1639242012964495,-8.389588789397191,-3.7945703489344953,-1.211686570924756,-3.1930752717431825,-3.748608892433139,-11.96988551075875,-5.225345920375227,12.853579884340729,1.4418431287610929
EFT:-7.163924201296449,-8.389588789397193,-3.7945703489344953,-1.2116865709247562,-3.193075271743182,-3.7486088924331398,-11.96988551075875,-5.225345920375227,12.85357988434073,1.4418431287610942
Random81
Raw:-7.163924201296449,-8.389588789397193,-3.794570348934495,-1.2116865709247562,-3.1930752717431847,-3.7486088924331398,-11.96988551075875,-5.2253459203752275,12.853579884340729,1.4418431287610922
EFT:-7.163924201296449,-8.389588789397193,-3.7945703489344953,-1.2116865709247562,-3.193075271743182,-3.7486088924331398,-11.96988551075875,-5.225345920375227,12.85357988434073,1.4418431287610942
Random82
Raw:-7.1639242012964495,-8.389588789397191,-3.794570348934494,-1.2116865709247553,-3.1930752717431843,-3.7486088924331398,-11.96988551075875,-5.225345920375227,12.853579884340729,1.441843128761092
EFT:-7.163924201296449,-8.389588789397193,-3.7945703489344953,-1.2116865709247562,-3.193075271743182,-3.7486088924331398,-11.96988551075875,-5.225345920375227,12.85357988434073,1.4418431287610942
Random83
Raw:-7.1639242012964495,-8.389588789397195,-3.7945703489344953,-1.2116865709247564,-3.193075271743182,-3.7486088924331398,-11.969885510758752,-5.225345920375227,12.853579884340729,1.4418431287610938
EFT:-7.163924201296449,-8.389588789397193,-3.7945703489344953,-1.2116865709247562,-3.193075271743182,-3.7486088924331398,-11.96988551075875,-5.225345920375227,12.85357988434073,1.4418431287610942
Random84
Raw:-7.163924201296448,-8.389588789397195,-3.7945703489344957,-1.2116865709247568,-3.193075271743182,-3.74860889243314,-11.96988551075875,-5.2253459203752275,12.853579884340729,1.4418431287610933
EFT:-7.163924201296449,-8.389588789397193,-3.7945703489344953,-1.2116865709247562,-3.193075271743182,-3.7486088924331398,-11.96988551075875,-5.225345920375227,12.85357988434073,1.4418431287610942
Random85
Raw:-7.163924201296448,-8.389588789397195,-3.7945703489344957,-1.2116865709247566,-3.193075271743182,-3.7486088924331407,-11.969885510758752,-5.225345920375229,12.853579884340729,1.4418431287610942
EFT:-7.163924201296449,-8.389588789397193,-3.7945703489344953,-1.2116865709247562,-3.193075271743182,-3.7486088924331398,-11.96988551075875,-5.225345920375227,12.85357988434073,1.4418431287610942
Random86
Raw:-7.163924201296448,-8.389588789397195,-3.7945703489344953,-1.2116865709247562,-3.193075271743183,-3.7486088924331398,-11.969885510758752,-5.2253459203752275,12.85357988434073,1.4418431287610953
EFT:-7.163924201296449,-8.389588789397193,-3.7945703489344953,-1.2116865709247564,-3.193075271743182,-3.7486088924331398,-11.96988551075875,-5.225345920375227,12.85357988434073,1.4418431287610942
Random87
Raw:-7.1639242012964495,-8.389588789397193,-3.7945703489344944,-1.2116865709247557,-3.19307527174318,-3.7486088924331393,-11.969885510758752,-5.225345920375226,12.85357988434073,1.4418431287610947
EFT:-7.163924201296449,-8.389588789397193,-3.7945703489344953,-1.2116865709247562,-3.193075271743182,-3.7486088924331398,-11.96988551075875,-5.225345920375227,12.85357988434073,1.4418431287610942
Random88
Raw:-7.1639242012964495,-8.389588789397191,-3.794570348934495,-1.2116865709247553,-3.193075271743183,-3.7486088924331398,-11.969885510758752,-5.225345920375227,12.85357988434073,1.4418431287610938
EFT:-7.163924201296449,-8.389588789397193,-3.7945703489344953,-1.2116865709247562,-3.193075271743182,-3.7486088924331398,-11.96988551075875,-5.225345920375227,12.85357988434073,1.4418431287610942
Random89
Raw:-7.163924201296449,-8.389588789397195,-3.7945703489344953,-1.2116865709247564,-3.193075271743182,-3.7486088924331398,-11.969885510758752,-5.225345920375226,12.85357988434073,1.4418431287610938
EFT:-7.163924201296449,-8.389588789397193,-3.7945703489344953,-1.2116865709247562,-3.193075271743182,-3.7486088924331398,-11.96988551075875,-5.225345920375227,12.85357988434073,1.4418431287610942
Random90
Raw:-7.163924201296447,-8.389588789397193,-3.7945703489344953,-1.2116865709247562,-3.1930752717431834,-3.7486088924331398,-11.96988551075875,-5.2253459203752275,12.85357988434073,1.4418431287610955
EFT:-7.163924201296449,-8.389588789397193,-3.7945703489344953,-1.2116865709247562,-3.193075271743182,-3.7486088924331398,-11.96988551075875,-5.225345920375227,12.85357988434073,1.4418431287610942
Random91
Raw:-7.163924201296448,-8.389588789397195,-3.7945703489344957,-1.2116865709247573,-3.193075271743182,-3.7486088924331398,-11.969885510758752,-5.225345920375227,12.85357988434073,1.441843128761094
EFT:-7.163924201296449,-8.389588789397193,-3.7945703489344953,-1.2116865709247562,-3.193075271743182,-3.7486088924331398,-11.96988551075875,-5.225345920375227,12.85357988434073,1.4418431287610942
Random92
Raw:-7.16392420129645,-8.389588789397193,-3.7945703489344953,-1.2116865709247557,-3.193075271743182,-3.7486088924331398,-11.96988551075875,-5.225345920375227,12.853579884340729,1.4418431287610938
EFT:-7.163924201296449,-8.389588789397193,-3.7945703489344953,-1.2116865709247562,-3.193075271743182,-3.7486088924331398,-11.96988551075875,-5.225345920375227,12.85357988434073,1.4418431287610942
Random93
Raw:-7.1639242012964495,-8.389588789397193,-3.794570348934495,-1.2116865709247548,-3.193075271743183,-3.7486088924331393,-11.969885510758752,-5.2253459203752275,12.85357988434073,1.4418431287610953
EFT:-7.163924201296449,-8.389588789397193,-3.7945703489344953,-1.2116865709247562,-3.193075271743182,-3.7486088924331398,-11.96988551075875,-5.225345920375227,12.85357988434073,1.4418431287610942
Random94
Raw:-7.16392420129645,-8.389588789397193,-3.794570348934495,-1.2116865709247557,-3.1930752717431834,-3.7486088924331393,-11.969885510758752,-5.225345920375227,12.85357988434073,1.4418431287610938
EFT:-7.163924201296449,-8.389588789397193,-3.7945703489344953,-1.2116865709247562,-3.193075271743182,-3.7486088924331398,-11.96988551075875,-5.225345920375227,12.85357988434073,1.4418431287610942
Random95
Raw:-7.16392420129645,-8.389588789397191,-3.794570348934495,-1.211686570924755,-3.1930752717431803,-3.748608892433139,-11.96988551075875,-5.225345920375226,12.853579884340732,1.4418431287610949
EFT:-7.163924201296449,-8.389588789397193,-3.7945703489344953,-1.2116865709247564,-3.193075271743182,-3.7486088924331398,-11.96988551075875,-5.225345920375227,12.85357988434073,1.4418431287610942
Random96
Raw:-7.163924201296448,-8.389588789397195,-3.7945703489344957,-1.2116865709247564,-3.1930752717431856,-3.7486088924331407,-11.96988551075875,-5.225345920375228,12.853579884340729,1.4418431287610938
EFT:-7.163924201296449,-8.389588789397193,-3.7945703489344953,-1.2116865709247562,-3.193075271743182,-3.7486088924331398,-11.96988551075875,-5.225345920375227,12.85357988434073,1.4418431287610942
Random97
Raw:-7.163924201296449,-8.389588789397193,-3.794570348934495,-1.2116865709247562,-3.193075271743182,-3.7486088924331393,-11.969885510758752,-5.225345920375227,12.85357988434073,1.4418431287610944
EFT:-7.163924201296449,-8.389588789397193,-3.7945703489344953,-1.2116865709247562,-3.193075271743182,-3.7486088924331398,-11.96988551075875,-5.225345920375227,12.85357988434073,1.4418431287610942
Random98
Raw:-7.1639242012964495,-8.389588789397195,-3.7945703489344957,-1.211686570924757,-3.1930752717431856,-3.7486088924331398,-11.969885510758752,-5.225345920375228,12.85357988434073,1.4418431287610927
EFT:-7.163924201296449,-8.389588789397193,-3.7945703489344953,-1.2116865709247562,-3.193075271743182,-3.7486088924331398,-11.96988551075875,-5.225345920375227,12.85357988434073,1.4418431287610942
Random99
Raw:-7.1639242012964495,-8.389588789397191,-3.794570348934494,-1.211686570924755,-3.193075271743184,-3.7486088924331398,-11.969885510758752,-5.2253459203752275,12.853579884340729,1.4418431287610922
EFT:-7.163924201296449,-8.389588789397193,-3.7945703489344953,-1.2116865709247562,-3.193075271743182,-3.7486088924331398,-11.96988551075875,-5.225345920375227,12.85357988434073,1.4418431287610942
Random100
Raw:-7.163924201296448,-8.389588789397195,-3.7945703489344957,-1.2116865709247562,-3.193075271743182,-3.7486088924331393,-11.96988551075875,-5.225345920375227,12.85357988434073,1.4418431287610955
EFT:-7.163924201296449,-8.389588789397193,-3.7945703489344953,-1.2116865709247562,-3.193075271743182,-3.7486088924331398,-11.96988551075875,-5.225345920375227,12.85357988434073,1.4418431287610942
Random101
Raw:-7.163924201296448,-8.389588789397193,-3.794570348934496,-1.2116865709247573,-3.193075271743183,-3.7486088924331398,-11.969885510758752,-5.2253459203752275,12.85357988434073,1.441843128761094
EFT:-7.163924201296449,-8.389588789397193,-3.7945703489344953,-1.2116865709247562,-3.193075271743182,-3.7486088924331398,-11.96988551075875,-5.225345920375227,12.85357988434073,1.4418431287610942
Random102
Raw:-7.163924201296448,-8.389588789397193,-3.7945703489344953,-1.2116865709247566,-3.1930752717431856,-3.7486088924331415,-11.969885510758752,-5.225345920375229,12.853579884340727,1.4418431287610922
EFT:-7.163924201296449,-8.389588789397193,-3.7945703489344953,-1.2116865709247562,-3.193075271743182,-3.7486088924331398,-11.96988551075875,-5.225345920375227,12.85357988434073,1.4418431287610942
Random103
Raw:-7.163924201296448,-8.389588789397193,-3.794570348934495,-1.2116865709247553,-3.193075271743183,-3.7486088924331398,-11.969885510758752,-5.2253459203752275,12.85357988434073,1.4418431287610947
EFT:-7.163924201296449,-8.389588789397193,-3.7945703489344953,-1.2116865709247562,-3.193075271743182,-3.7486088924331398,-11.96988551075875,-5.225345920375227,12.85357988434073,1.4418431287610942
Random104
Raw:-7.163924201296448,-8.389588789397195,-3.794570348934495,-1.2116865709247562,-3.1930752717431847,-3.7486088924331393,-11.96988551075875,-5.2253459203752275,12.853579884340729,1.4418431287610918
EFT:-7.163924201296449,-8.389588789397193,-3.7945703489344953,-1.2116865709247562,-3.193075271743182,-3.7486088924331398,-11.96988551075875,-5.225345920375227,12.85357988434073,1.4418431287610942
Random105
Raw:-7.163924201296448,-8.389588789397195,-3.7945703489344957,-1.211686570924757,-3.1930752717431825,-3.7486088924331398,-11.969885510758752,-5.2253459203752275,12.85357988434073,1.4418431287610936
EFT:-7.163924201296449,-8.389588789397193,-3.7945703489344953,-1.2116865709247562,-3.193075271743182,-3.7486088924331398,-11.96988551075875,-5.225345920375227,12.85357988434073,1.4418431287610942
Random106
Raw:-7.163924201296451,-8.389588789397193,-3.794570348934495,-1.2116865709247555,-3.1930752717431816,-3.748608892433139,-11.969885510758752,-5.225345920375226,12.85357988434073,1.4418431287610942
EFT:-7.163924201296449,-8.389588789397193,-3.7945703489344953,-1.2116865709247562,-3.193075271743182,-3.7486088924331398,-11.96988551075875,-5.225345920375227,12.85357988434073,1.4418431287610942
Random107
Raw:-7.163924201296449,-8.389588789397193,-3.7945703489344953,-1.2116865709247564,-3.1930752717431825,-3.7486088924331398,-11.969885510758752,-5.225345920375226,12.85357988434073,1.441843128761094
EFT:-7.163924201296449,-8.389588789397193,-3.7945703489344953,-1.2116865709247562,-3.193075271743182,-3.7486088924331398,-11.96988551075875,-5.225345920375227,12.85357988434073,1.4418431287610942
Random108
Raw:-7.1639242012964495,-8.389588789397193,-3.7945703489344944,-1.2116865709247553,-3.193075271743184,-3.7486088924331398,-11.969885510758752,-5.2253459203752275,12.853579884340729,1.4418431287610938
EFT:-7.163924201296449,-8.389588789397193,-3.7945703489344953,-1.2116865709247562,-3.193075271743182,-3.7486088924331398,-11.96988551075875,-5.225345920375227,12.85357988434073,1.4418431287610942
Random109
Raw:-7.1639242012964495,-8.389588789397193,-3.794570348934495,-1.2116865709247553,-3.193075271743182,-3.7486088924331398,-11.96988551075875,-5.225345920375226,12.85357988434073,1.4418431287610947
EFT:-7.163924201296449,-8.389588789397193,-3.7945703489344953,-1.2116865709247562,-3.193075271743182,-3.7486088924331398,-11.96988551075875,-5.225345920375227,12.85357988434073,1.4418431287610942
Random110
Raw:-7.1639242012964495,-8.389588789397193,-3.794570348934495,-1.2116865709247557,-3.193075271743184,-3.74860889243314,-11.969885510758752,-5.2253459203752275,12.853579884340732,1.4418431287610949
EFT:-7.163924201296449,-8.389588789397193,-3.7945703489344953,-1.2116865709247562,-3.193075271743182,-3.7486088924331398,-11.96988551075875,-5.225345920375227,12.85357988434073,1.4418431287610942
Random111
Raw:-7.163924201296448,-8.389588789397195,-3.7945703489344957,-1.2116865709247575,-3.193075271743183,-3.7486088924331398,-11.969885510758752,-5.225345920375228,12.853579884340729,1.441843128761092
EFT:-7.163924201296449,-8.389588789397193,-3.7945703489344953,-1.2116865709247562,-3.193075271743182,-3.7486088924331398,-11.96988551075875,-5.225345920375227,12.85357988434073,1.4418431287610942
Random112
Raw:-7.1639242012964495,-8.389588789397191,-3.794570348934495,-1.2116865709247555,-3.1930752717431825,-3.748608892433139,-11.969885510758752,-5.225345920375226,12.85357988434073,1.4418431287610938
EFT:-7.163924201296449,-8.389588789397193,-3.7945703489344953,-1.2116865709247562,-3.193075271743182,-3.7486088924331398,-11.96988551075875,-5.225345920375227,12.85357988434073,1.4418431287610942
Random113
Raw:-7.1639242012964495,-8.389588789397195,-3.7945703489344957,-1.2116865709247564,-3.1930752717431856,-3.7486088924331398,-11.969885510758752,-5.225345920375227,12.853579884340729,1.4418431287610947
EFT:-7.163924201296449,-8.389588789397193,-3.7945703489344953,-1.2116865709247562,-3.193075271743182,-3.7486088924331398,-11.96988551075875,-5.225345920375227,12.85357988434073,1.4418431287610942
Random114
Raw:-7.163924201296446,-8.389588789397195,-3.7945703489344957,-1.2116865709247566,-3.193075271743184,-3.74860889243314,-11.96988551075875,-5.225345920375228,12.853579884340729,1.4418431287610949
EFT:-7.163924201296449,-8.389588789397193,-3.7945703489344953,-1.2116865709247562,-3.193075271743182,-3.7486088924331398,-11.96988551075875,-5.225345920375227,12.85357988434073,1.4418431287610942
Random115
Raw:-7.1639242012964495,-8.389588789397193,-3.7945703489344944,-1.2116865709247553,-3.193075271743182,-3.7486088924331393,-11.969885510758752,-5.2253459203752275,12.85357988434073,1.441843128761094
EFT:-7.163924201296449,-8.389588789397193,-3.7945703489344953,-1.2116865709247564,-3.193075271743182,-3.7486088924331398,-11.96988551075875,-5.225345920375227,12.85357988434073,1.4418431287610942
Random116
Raw:-7.1639242012964495,-8.389588789397193,-3.7945703489344957,-1.211686570924757,-3.1930752717431843,-3.74860889243314,-11.969885510758752,-5.2253459203752275,12.85357988434073,1.441843128761092
EFT:-7.163924201296449,-8.389588789397193,-3.7945703489344953,-1.2116865709247562,-3.193075271743182,-3.7486088924331398,-11.96988551075875,-5.225345920375227,12.85357988434073,1.4418431287610942
Random117
Raw:-7.163924201296449,-8.389588789397191,-3.794570348934495,-1.2116865709247555,-3.193075271743182,-3.748608892433139,-11.96988551075875,-5.225345920375227,12.85357988434073,1.4418431287610944
EFT:-7.163924201296449,-8.389588789397193,-3.7945703489344953,-1.2116865709247562,-3.193075271743182,-3.7486088924331398,-11.96988551075875,-5.225345920375227,12.85357988434073,1.4418431287610942
Random118
Raw:-7.1639242012964495,-8.389588789397191,-3.7945703489344953,-1.211686570924756,-3.1930752717431816,-3.7486088924331398,-11.969885510758752,-5.225345920375226,12.85357988434073,1.4418431287610933
EFT:-7.163924201296449,-8.389588789397193,-3.7945703489344953,-1.2116865709247562,-3.193075271743182,-3.7486088924331398,-11.96988551075875,-5.225345920375227,12.85357988434073,1.4418431287610942
Random119
Raw:-7.1639242012964495,-8.389588789397193,-3.794570348934495,-1.2116865709247553,-3.193075271743183,-3.7486088924331398,-11.969885510758752,-5.225345920375227,12.853579884340729,1.4418431287610938
EFT:-7.163924201296449,-8.389588789397193,-3.7945703489344953,-1.2116865709247562,-3.193075271743182,-3.7486088924331398,-11.96988551075875,-5.225345920375227,12.85357988434073,1.4418431287610942
Random120
Raw:-7.163924201296448,-8.389588789397193,-3.7945703489344957,-1.2116865709247566,-3.193075271743183,-3.7486088924331398,-11.969885510758752,-5.225345920375228,12.853579884340729,1.441843128761094
EFT:-7.163924201296449,-8.389588789397193,-3.7945703489344953,-1.2116865709247562,-3.193075271743182,-3.7486088924331398,-11.96988551075875,-5.225345920375227,12.85357988434073,1.4418431287610942
Random121
Raw:-7.163924201296448,-8.389588789397193,-3.794570348934495,-1.2116865709247557,-3.1930752717431834,-3.7486088924331398,-11.969885510758752,-5.2253459203752275,12.853579884340732,1.4418431287610947
EFT:-7.163924201296449,-8.389588789397193,-3.7945703489344953,-1.2116865709247564,-3.193075271743182,-3.7486088924331398,-11.96988551075875,-5.225345920375227,12.85357988434073,1.4418431287610942
Random122
Raw:-7.163924201296448,-8.389588789397193,-3.7945703489344953,-1.211686570924757,-3.193075271743182,-3.7486088924331398,-11.969885510758752,-5.225345920375226,12.853579884340729,1.4418431287610958
EFT:-7.163924201296449,-8.389588789397193,-3.7945703489344953,-1.2116865709247562,-3.193075271743182,-3.7486088924331398,-11.96988551075875,-5.225345920375227,12.85357988434073,1.4418431287610942
Random123
Raw:-7.1639242012964495,-8.389588789397191,-3.794570348934495,-1.2116865709247557,-3.193075271743183,-3.7486088924331398,-11.969885510758752,-5.225345920375227,12.853579884340732,1.4418431287610947
EFT:-7.163924201296449,-8.389588789397193,-3.7945703489344953,-1.2116865709247562,-3.193075271743182,-3.7486088924331398,-11.96988551075875,-5.225345920375227,12.85357988434073,1.4418431287610942
Random124
Raw:-7.1639242012964495,-8.389588789397191,-3.7945703489344944,-1.2116865709247548,-3.1930752717431825,-3.7486088924331393,-11.969885510758752,-5.2253459203752275,12.85357988434073,1.4418431287610949
EFT:-7.163924201296449,-8.389588789397193,-3.7945703489344953,-1.2116865709247562,-3.193075271743182,-3.7486088924331398,-11.96988551075875,-5.225345920375227,12.85357988434073,1.4418431287610942
Random125
Raw:-7.1639242012964495,-8.389588789397191,-3.794570348934494,-1.2116865709247557,-3.193075271743184,-3.7486088924331398,-11.96988551075875,-5.225345920375227,12.85357988434073,1.4418431287610927
EFT:-7.163924201296449,-8.389588789397193,-3.7945703489344953,-1.2116865709247564,-3.193075271743182,-3.7486088924331398,-11.96988551075875,-5.225345920375227,12.85357988434073,1.4418431287610942
Random126
Raw:-7.163924201296447,-8.389588789397193,-3.7945703489344957,-1.2116865709247566,-3.193075271743183,-3.74860889243314,-11.96988551075875,-5.225345920375226,12.85357988434073,1.4418431287610938
EFT:-7.163924201296449,-8.389588789397193,-3.7945703489344953,-1.2116865709247562,-3.193075271743182,-3.7486088924331398,-11.96988551075875,-5.225345920375227,12.85357988434073,1.4418431287610942
Random127
Raw:-7.163924201296448,-8.389588789397193,-3.794570348934495,-1.2116865709247557,-3.193075271743182,-3.7486088924331398,-11.969885510758754,-5.2253459203752275,12.853579884340729,1.4418431287610933
EFT:-7.163924201296449,-8.389588789397193,-3.7945703489344953,-1.2116865709247562,-3.193075271743182,-3.7486088924331398,-11.96988551075875,-5.225345920375227,12.85357988434073,1.4418431287610942
Random128
Raw:-7.1639242012964495,-8.389588789397193,-3.794570348934495,-1.2116865709247555,-3.193075271743183,-3.7486088924331398,-11.969885510758752,-5.225345920375227,12.85357988434073,1.4418431287610938
EFT:-7.163924201296449,-8.389588789397193,-3.7945703489344953,-1.2116865709247562,-3.193075271743182,-3.7486088924331398,-11.96988551075875,-5.225345920375227,12.85357988434073,1.4418431287610942
Random129
Raw:-7.163924201296446,-8.389588789397193,-3.7945703489344944,-1.2116865709247557,-3.193075271743183,-3.7486088924331398,-11.969885510758754,-5.225345920375226,12.853579884340729,1.4418431287610953
EFT:-7.163924201296449,-8.389588789397193,-3.7945703489344953,-1.2116865709247562,-3.193075271743182,-3.7486088924331398,-11.96988551075875,-5.225345920375227,12.85357988434073,1.4418431287610942
Random130
Raw:-7.163924201296449,-8.389588789397195,-3.7945703489344957,-1.2116865709247562,-3.193075271743182,-3.7486088924331393,-11.969885510758752,-5.225345920375227,12.853579884340732,1.4418431287610947
EFT:-7.163924201296449,-8.389588789397193,-3.7945703489344953,-1.2116865709247562,-3.193075271743182,-3.7486088924331398,-11.96988551075875,-5.225345920375227,12.85357988434073,1.4418431287610942
Random131
Raw:-7.163924201296449,-8.389588789397193,-3.7945703489344957,-1.2116865709247557,-3.1930752717431856,-3.7486088924331398,-11.969885510758752,-5.225345920375226,12.853579884340729,1.4418431287610942
EFT:-7.163924201296449,-8.389588789397193,-3.7945703489344953,-1.2116865709247562,-3.193075271743182,-3.7486088924331398,-11.96988551075875,-5.225345920375227,12.85357988434073,1.4418431287610942
Random132
Raw:-7.163924201296449,-8.389588789397193,-3.794570348934495,-1.2116865709247564,-3.1930752717431825,-3.74860889243314,-11.969885510758752,-5.225345920375226,12.853579884340732,1.4418431287610944
EFT:-7.163924201296449,-8.389588789397193,-3.7945703489344953,-1.2116865709247562,-3.193075271743182,-3.7486088924331398,-11.96988551075875,-5.225345920375227,12.85357988434073,1.4418431287610942
Random133
Raw:-7.16392420129645,-8.389588789397193,-3.794570348934494,-1.2116865709247548,-3.1930752717431843,-3.7486088924331398,-11.96988551075875,-5.225345920375227,12.853579884340729,1.4418431287610918
EFT:-7.163924201296449,-8.389588789397193,-3.7945703489344953,-1.2116865709247562,-3.193075271743182,-3.7486088924331398,-11.96988551075875,-5.225345920375227,12.85357988434073,1.4418431287610942
Random134
Raw:-7.1639242012964495,-8.389588789397191,-3.794570348934495,-1.2116865709247548,-3.193075271743181,-3.7486088924331384,-11.96988551075875,-5.225345920375226,12.853579884340732,1.4418431287610947
EFT:-7.163924201296449,-8.389588789397193,-3.7945703489344953,-1.2116865709247562,-3.193075271743182,-3.7486088924331398,-11.96988551075875,-5.225345920375227,12.85357988434073,1.4418431287610942
Random135
Raw:-7.163924201296446,-8.389588789397193,-3.7945703489344957,-1.2116865709247562,-3.193075271743183,-3.7486088924331398,-11.969885510758754,-5.2253459203752275,12.853579884340732,1.4418431287610947
EFT:-7.163924201296449,-8.389588789397193,-3.7945703489344953,-1.2116865709247564,-3.193075271743182,-3.7486088924331398,-11.96988551075875,-5.225345920375227,12.85357988434073,1.4418431287610942
Random136
Raw:-7.163924201296447,-8.389588789397193,-3.7945703489344953,-1.2116865709247566,-3.193075271743184,-3.7486088924331407,-11.969885510758752,-5.2253459203752275,12.853579884340729,1.4418431287610938
EFT:-7.163924201296449,-8.389588789397193,-3.7945703489344953,-1.2116865709247564,-3.193075271743182,-3.7486088924331398,-11.96988551075875,-5.225345920375227,12.85357988434073,1.4418431287610942
Random137
Raw:-7.163924201296449,-8.389588789397195,-3.7945703489344953,-1.2116865709247562,-3.193075271743182,-3.7486088924331398,-11.969885510758752,-5.225345920375228,12.85357988434073,1.4418431287610938
EFT:-7.163924201296449,-8.389588789397193,-3.7945703489344953,-1.2116865709247562,-3.193075271743182,-3.7486088924331398,-11.96988551075875,-5.225345920375227,12.85357988434073,1.4418431287610942
Random138
Raw:-7.16392420129645,-8.389588789397191,-3.794570348934495,-1.2116865709247555,-3.1930752717431803,-3.7486088924331393,-11.969885510758752,-5.225345920375226,12.853579884340729,1.4418431287610955
EFT:-7.163924201296449,-8.389588789397193,-3.7945703489344953,-1.2116865709247562,-3.193075271743182,-3.7486088924331398,-11.96988551075875,-5.225345920375227,12.85357988434073,1.4418431287610942
Random139
Raw:-7.163924201296446,-8.389588789397195,-3.7945703489344957,-1.2116865709247575,-3.193075271743182,-3.7486088924331398,-11.969885510758752,-5.225345920375227,12.853579884340729,1.4418431287610949
EFT:-7.163924201296449,-8.389588789397193,-3.7945703489344953,-1.2116865709247562,-3.193075271743182,-3.7486088924331398,-11.96988551075875,-5.225345920375227,12.85357988434073,1.4418431287610942
Random140
Raw:-7.163924201296447,-8.389588789397195,-3.7945703489344957,-1.211686570924757,-3.1930752717431816,-3.74860889243314,-11.96988551075875,-5.225345920375226,12.853579884340729,1.4418431287610955
EFT:-7.163924201296449,-8.389588789397193,-3.7945703489344953,-1.2116865709247562,-3.193075271743182,-3.7486088924331398,-11.96988551075875,-5.225345920375227,12.85357988434073,1.4418431287610942
Random141
Raw:-7.163924201296448,-8.389588789397195,-3.7945703489344957,-1.211686570924757,-3.193075271743184,-3.7486088924331407,-11.969885510758754,-5.2253459203752275,12.85357988434073,1.441843128761094
EFT:-7.163924201296449,-8.389588789397193,-3.7945703489344953,-1.2116865709247562,-3.193075271743182,-3.7486088924331398,-11.96988551075875,-5.225345920375227,12.85357988434073,1.4418431287610942
Random142
Raw:-7.163924201296448,-8.389588789397193,-3.794570348934495,-1.2116865709247564,-3.193075271743183,-3.7486088924331398,-11.969885510758752,-5.225345920375228,12.85357988434073,1.4418431287610944
EFT:-7.163924201296449,-8.389588789397193,-3.7945703489344953,-1.2116865709247562,-3.193075271743182,-3.7486088924331398,-11.96988551075875,-5.225345920375227,12.85357988434073,1.4418431287610942
Random143
Raw:-7.1639242012964495,-8.389588789397191,-3.794570348934495,-1.2116865709247555,-3.1930752717431816,-3.7486088924331393,-11.969885510758752,-5.225345920375224,12.853579884340732,1.441843128761095
EFT:-7.163924201296449,-8.389588789397193,-3.7945703489344953,-1.2116865709247562,-3.193075271743182,-3.7486088924331398,-11.96988551075875,-5.225345920375227,12.85357988434073,1.4418431287610942
Random144
Raw:-7.163924201296448,-8.389588789397195,-3.794570348934495,-1.211686570924756,-3.1930752717431847,-3.74860889243314,-11.969885510758754,-5.2253459203752275,12.85357988434073,1.4418431287610947
EFT:-7.163924201296449,-8.389588789397193,-3.7945703489344953,-1.2116865709247562,-3.193075271743182,-3.7486088924331398,-11.96988551075875,-5.225345920375227,12.85357988434073,1.4418431287610942
Random145
Raw:-7.1639242012964495,-8.389588789397193,-3.7945703489344944,-1.2116865709247555,-3.1930752717431825,-3.7486088924331393,-11.969885510758752,-5.225345920375226,12.85357988434073,1.4418431287610947
EFT:-7.163924201296449,-8.389588789397193,-3.7945703489344953,-1.2116865709247562,-3.193075271743182,-3.7486088924331398,-11.96988551075875,-5.225345920375227,12.85357988434073,1.4418431287610942
Random146
Raw:-7.163924201296449,-8.389588789397193,-3.794570348934495,-1.2116865709247557,-3.1930752717431825,-3.748608892433139,-11.96988551075875,-5.2253459203752275,12.85357988434073,1.4418431287610938
EFT:-7.163924201296449,-8.389588789397193,-3.7945703489344953,-1.2116865709247562,-3.193075271743182,-3.7486088924331398,-11.96988551075875,-5.225345920375227,12.85357988434073,1.4418431287610942
Random147
Raw:-7.1639242012964495,-8.389588789397191,-3.794570348934495,-1.211686570924756,-3.193075271743182,-3.748608892433139,-11.96988551075875,-5.225345920375226,12.85357988434073,1.4418431287610953
EFT:-7.163924201296449,-8.389588789397193,-3.7945703489344953,-1.2116865709247562,-3.193075271743182,-3.7486088924331398,-11.96988551075875,-5.225345920375227,12.85357988434073,1.4418431287610942
Random148
Raw:-7.163924201296448,-8.389588789397195,-3.794570348934495,-1.2116865709247564,-3.193075271743184,-3.7486088924331398,-11.969885510758752,-5.2253459203752275,12.853579884340729,1.4418431287610929
EFT:-7.163924201296449,-8.389588789397193,-3.7945703489344953,-1.2116865709247562,-3.193075271743182,-3.7486088924331398,-11.96988551075875,-5.225345920375227,12.85357988434073,1.4418431287610942
Random149
Raw:-7.163924201296449,-8.389588789397193,-3.794570348934495,-1.2116865709247553,-3.193075271743182,-3.748608892433139,-11.969885510758752,-5.225345920375226,12.853579884340729,1.4418431287610955
EFT:-7.163924201296449,-8.389588789397193,-3.7945703489344953,-1.2116865709247562,-3.193075271743182,-3.7486088924331398,-11.96988551075875,-5.225345920375227,12.85357988434073,1.4418431287610942
Random150
Raw:-7.16392420129645,-8.389588789397193,-3.794570348934495,-1.211686570924756,-3.193075271743181,-3.7486088924331393,-11.969885510758752,-5.225345920375227,12.85357988434073,1.4418431287610938
EFT:-7.163924201296449,-8.389588789397193,-3.7945703489344953,-1.2116865709247562,-3.193075271743182,-3.7486088924331398,-11.96988551075875,-5.225345920375227,12.85357988434073,1.4418431287610942
Random151
Raw:-7.1639242012964495,-8.389588789397193,-3.794570348934495,-1.2116865709247553,-3.193075271743184,-3.7486088924331398,-11.969885510758752,-5.2253459203752275,12.853579884340729,1.4418431287610953
EFT:-7.163924201296449,-8.389588789397193,-3.7945703489344953,-1.2116865709247562,-3.193075271743182,-3.7486088924331398,-11.96988551075875,-5.225345920375227,12.85357988434073,1.4418431287610942
Random152
Raw:-7.163924201296449,-8.389588789397193,-3.7945703489344953,-1.2116865709247562,-3.1930752717431834,-3.7486088924331407,-11.969885510758752,-5.2253459203752275,12.853579884340732,1.4418431287610944
EFT:-7.163924201296449,-8.389588789397193,-3.7945703489344953,-1.2116865709247564,-3.193075271743182,-3.7486088924331398,-11.96988551075875,-5.225345920375227,12.85357988434073,1.4418431287610942
Random153
Raw:-7.163924201296448,-8.389588789397195,-3.7945703489344953,-1.2116865709247564,-3.1930752717431816,-3.7486088924331398,-11.969885510758752,-5.225345920375226,12.85357988434073,1.4418431287610953
EFT:-7.163924201296449,-8.389588789397193,-3.7945703489344953,-1.2116865709247562,-3.193075271743182,-3.7486088924331398,-11.96988551075875,-5.225345920375227,12.85357988434073,1.4418431287610942
Random154
Raw:-7.163924201296449,-8.389588789397193,-3.7945703489344953,-1.2116865709247566,-3.193075271743182,-3.74860889243314,-11.969885510758752,-5.225345920375226,12.853579884340732,1.441843128761093
EFT:-7.163924201296449,-8.389588789397193,-3.7945703489344953,-1.2116865709247562,-3.193075271743182,-3.7486088924331398,-11.96988551075875,-5.225345920375227,12.85357988434073,1.4418431287610942
Random155
Raw:-7.163924201296449,-8.389588789397193,-3.7945703489344953,-1.211686570924757,-3.193075271743182,-3.7486088924331393,-11.96988551075875,-5.225345920375227,12.853579884340732,1.4418431287610947
EFT:-7.163924201296449,-8.389588789397193,-3.7945703489344953,-1.2116865709247564,-3.193075271743182,-3.7486088924331398,-11.96988551075875,-5.225345920375227,12.85357988434073,1.4418431287610942
Random156
Raw:-7.163924201296448,-8.389588789397193,-3.7945703489344957,-1.2116865709247566,-3.1930752717431816,-3.7486088924331398,-11.96988551075875,-5.2253459203752275,12.853579884340732,1.4418431287610944
EFT:-7.163924201296449,-8.389588789397193,-3.7945703489344953,-1.2116865709247562,-3.193075271743182,-3.7486088924331398,-11.96988551075875,-5.225345920375227,12.85357988434073,1.4418431287610942
Random157
Raw:-7.1639242012964495,-8.389588789397193,-3.7945703489344944,-1.2116865709247553,-3.193075271743183,-3.7486088924331393,-11.969885510758752,-5.2253459203752275,12.853579884340729,1.441843128761095
EFT:-7.163924201296449,-8.389588789397193,-3.7945703489344953,-1.2116865709247564,-3.193075271743182,-3.7486088924331398,-11.96988551075875,-5.225345920375227,12.85357988434073,1.4418431287610942
Random158
Raw:-7.163924201296448,-8.389588789397191,-3.794570348934495,-1.2116865709247557,-3.193075271743184,-3.7486088924331398,-11.969885510758752,-5.2253459203752275,12.853579884340729,1.441843128761094
EFT:-7.163924201296449,-8.389588789397193,-3.7945703489344953,-1.2116865709247562,-3.193075271743182,-3.7486088924331398,-11.96988551075875,-5.225345920375227,12.85357988434073,1.4418431287610942
Random159
Raw:-7.1639242012964495,-8.389588789397193,-3.7945703489344944,-1.2116865709247557,-3.1930752717431834,-3.748608892433139,-11.969885510758754,-5.2253459203752275,12.853579884340729,1.4418431287610944
EFT:-7.163924201296449,-8.389588789397193,-3.7945703489344953,-1.2116865709247564,-3.193075271743182,-3.7486088924331398,-11.96988551075875,-5.225345920375227,12.85357988434073,1.4418431287610942
Random160
Raw:-7.1639242012964495,-8.389588789397193,-3.794570348934495,-1.2116865709247548,-3.1930752717431847,-3.7486088924331398,-11.969885510758752,-5.2253459203752275,12.853579884340729,1.4418431287610929
EFT:-7.163924201296449,-8.389588789397193,-3.7945703489344953,-1.2116865709247562,-3.193075271743182,-3.7486088924331398,-11.96988551075875,-5.225345920375227,12.85357988434073,1.4418431287610942
Random161
Raw:-7.1639242012964495,-8.389588789397193,-3.7945703489344957,-1.2116865709247562,-3.1930752717431816,-3.7486088924331393,-11.96988551075875,-5.225345920375227,12.85357988434073,1.4418431287610949
EFT:-7.163924201296449,-8.389588789397193,-3.7945703489344953,-1.2116865709247562,-3.193075271743182,-3.7486088924331398,-11.96988551075875,-5.225345920375227,12.85357988434073,1.4418431287610942
Random162
Raw:-7.163924201296448,-8.389588789397193,-3.794570348934495,-1.211686570924755,-3.1930752717431825,-3.7486088924331398,-11.969885510758754,-5.225345920375227,12.853579884340732,1.4418431287610949
EFT:-7.163924201296449,-8.389588789397193,-3.7945703489344953,-1.2116865709247562,-3.193075271743182,-3.7486088924331398,-11.96988551075875,-5.225345920375227,12.85357988434073,1.4418431287610942
Random163
Raw:-7.163924201296448,-8.389588789397193,-3.794570348934495,-1.211686570924755,-3.193075271743184,-3.74860889243314,-11.969885510758752,-5.225345920375227,12.853579884340729,1.4418431287610924
EFT:-7.163924201296449,-8.389588789397193,-3.7945703489344953,-1.2116865709247562,-3.193075271743182,-3.7486088924331398,-11.96988551075875,-5.225345920375227,12.85357988434073,1.4418431287610942
Random164
Raw:-7.16392420129645,-8.389588789397193,-3.794570348934495,-1.2116865709247562,-3.193075271743181,-3.748608892433139,-11.969885510758752,-5.225345920375226,12.85357988434073,1.4418431287610947
EFT:-7.163924201296449,-8.389588789397193,-3.7945703489344953,-1.2116865709247562,-3.193075271743182,-3.7486088924331398,-11.96988551075875,-5.225345920375227,12.85357988434073,1.4418431287610942
Random165
Raw:-7.163924201296448,-8.389588789397193,-3.794570348934494,-1.2116865709247555,-3.193075271743183,-3.74860889243314,-11.969885510758752,-5.225345920375226,12.85357988434073,1.4418431287610967
EFT:-7.163924201296449,-8.389588789397193,-3.7945703489344953,-1.2116865709247562,-3.193075271743182,-3.7486088924331398,-11.96988551075875,-5.225345920375227,12.85357988434073,1.4418431287610942
Random166
Raw:-7.163924201296449,-8.389588789397193,-3.7945703489344957,-1.2116865709247566,-3.1930752717431825,-3.7486088924331407,-11.96988551075875,-5.225345920375227,12.853579884340729,1.4418431287610955
EFT:-7.163924201296449,-8.389588789397193,-3.7945703489344953,-1.2116865709247562,-3.193075271743182,-3.7486088924331398,-11.96988551075875,-5.225345920375227,12.85357988434073,1.4418431287610942
Random167
Raw:-7.163924201296447,-8.389588789397193,-3.7945703489344957,-1.2116865709247566,-3.193075271743184,-3.74860889243314,-11.969885510758752,-5.2253459203752275,12.853579884340729,1.4418431287610918
EFT:-7.163924201296449,-8.389588789397193,-3.7945703489344953,-1.2116865709247562,-3.193075271743182,-3.7486088924331398,-11.96988551075875,-5.225345920375227,12.85357988434073,1.4418431287610942
Random168
Raw:-7.163924201296448,-8.389588789397193,-3.7945703489344953,-1.2116865709247562,-3.1930752717431816,-3.7486088924331398,-11.969885510758752,-5.225345920375227,12.85357988434073,1.4418431287610944
EFT:-7.163924201296449,-8.389588789397193,-3.7945703489344953,-1.2116865709247562,-3.193075271743182,-3.7486088924331398,-11.96988551075875,-5.225345920375227,12.85357988434073,1.4418431287610942
Random169
Raw:-7.163924201296449,-8.389588789397193,-3.7945703489344957,-1.2116865709247562,-3.1930752717431825,-3.7486088924331398,-11.969885510758752,-5.2253459203752275,12.85357988434073,1.4418431287610955
EFT:-7.163924201296449,-8.389588789397193,-3.7945703489344953,-1.2116865709247562,-3.193075271743182,-3.7486088924331398,-11.96988551075875,-5.225345920375227,12.85357988434073,1.4418431287610942
Random170
Raw:-7.163924201296448,-8.389588789397193,-3.794570348934495,-1.2116865709247562,-3.193075271743185,-3.7486088924331398,-11.969885510758754,-5.225345920375227,12.85357988434073,1.4418431287610938
EFT:-7.163924201296449,-8.389588789397193,-3.7945703489344953,-1.2116865709247562,-3.193075271743182,-3.7486088924331398,-11.96988551075875,-5.225345920375227,12.85357988434073,1.4418431287610942
Random171
Raw:-7.1639242012964495,-8.389588789397193,-3.7945703489344944,-1.211686570924755,-3.193075271743184,-3.7486088924331398,-11.96988551075875,-5.225345920375227,12.85357988434073,1.4418431287610929
EFT:-7.163924201296449,-8.389588789397193,-3.7945703489344953,-1.2116865709247562,-3.193075271743182,-3.7486088924331398,-11.96988551075875,-5.225345920375227,12.85357988434073,1.4418431287610942
Random172
Raw:-7.16392420129645,-8.389588789397195,-3.7945703489344953,-1.2116865709247568,-3.1930752717431825,-3.7486088924331398,-11.969885510758752,-5.225345920375227,12.85357988434073,1.4418431287610929
EFT:-7.163924201296449,-8.389588789397193,-3.7945703489344953,-1.2116865709247562,-3.193075271743182,-3.7486088924331398,-11.96988551075875,-5.225345920375227,12.85357988434073,1.4418431287610942
Random173
Raw:-7.163924201296449,-8.389588789397193,-3.794570348934495,-1.211686570924756,-3.1930752717431825,-3.7486088924331398,-11.96988551075875,-5.225345920375227,12.853579884340729,1.441843128761095
EFT:-7.163924201296449,-8.389588789397193,-3.7945703489344953,-1.2116865709247562,-3.193075271743182,-3.7486088924331398,-11.96988551075875,-5.225345920375227,12.85357988434073,1.4418431287610942
Random174
Raw:-7.1639242012964495,-8.389588789397193,-3.7945703489344957,-1.2116865709247566,-3.193075271743184,-3.7486088924331398,-11.969885510758752,-5.2253459203752275,12.853579884340732,1.4418431287610929
EFT:-7.163924201296449,-8.389588789397193,-3.7945703489344953,-1.2116865709247562,-3.193075271743182,-3.7486088924331398,-11.96988551075875,-5.225345920375227,12.85357988434073,1.4418431287610942
Random175
Raw:-7.16392420129645,-8.389588789397191,-3.794570348934495,-1.2116865709247555,-3.193075271743184,-3.7486088924331393,-11.969885510758752,-5.225345920375226,12.853579884340729,1.4418431287610953
EFT:-7.163924201296449,-8.389588789397193,-3.7945703489344953,-1.2116865709247562,-3.193075271743182,-3.7486088924331398,-11.96988551075875,-5.225345920375227,12.85357988434073,1.4418431287610942
Random176
Raw:-7.163924201296448,-8.389588789397195,-3.7945703489344957,-1.211686570924757,-3.1930752717431847,-3.7486088924331407,-11.969885510758752,-5.225345920375228,12.853579884340729,1.4418431287610924
EFT:-7.163924201296449,-8.389588789397193,-3.7945703489344953,-1.2116865709247562,-3.193075271743182,-3.7486088924331398,-11.96988551075875,-5.225345920375227,12.85357988434073,1.4418431287610942
Random177
Raw:-7.163924201296448,-8.389588789397193,-3.794570348934495,-1.2116865709247562,-3.193075271743184,-3.7486088924331398,-11.969885510758752,-5.2253459203752275,12.853579884340729,1.4418431287610949
EFT:-7.163924201296449,-8.389588789397193,-3.7945703489344953,-1.2116865709247562,-3.193075271743182,-3.7486088924331398,-11.96988551075875,-5.225345920375227,12.85357988434073,1.4418431287610942
Random178
Raw:-7.1639242012964495,-8.389588789397193,-3.794570348934495,-1.2116865709247557,-3.1930752717431816,-3.748608892433139,-11.969885510758752,-5.225345920375226,12.853579884340732,1.4418431287610949
EFT:-7.163924201296449,-8.389588789397193,-3.7945703489344953,-1.2116865709247562,-3.193075271743182,-3.7486088924331398,-11.96988551075875,-5.225345920375227,12.85357988434073,1.4418431287610942
Random179
Raw:-7.1639242012964495,-8.389588789397193,-3.794570348934495,-1.2116865709247555,-3.193075271743184,-3.7486088924331393,-11.969885510758752,-5.225345920375228,12.853579884340732,1.4418431287610955
EFT:-7.163924201296449,-8.389588789397193,-3.7945703489344953,-1.2116865709247564,-3.193075271743182,-3.7486088924331398,-11.96988551075875,-5.225345920375227,12.85357988434073,1.4418431287610942
Random180
Raw:-7.163924201296449,-8.389588789397193,-3.794570348934495,-1.2116865709247553,-3.193075271743182,-3.7486088924331393,-11.969885510758752,-5.225345920375226,12.853579884340729,1.4418431287610962
EFT:-7.163924201296449,-8.389588789397193,-3.7945703489344953,-1.2116865709247562,-3.193075271743182,-3.7486088924331398,-11.96988551075875,-5.225345920375227,12.85357988434073,1.4418431287610942
Random181
Raw:-7.1639242012964495,-8.389588789397193,-3.7945703489344957,-1.2116865709247562,-3.1930752717431847,-3.7486088924331398,-11.969885510758752,-5.225345920375227,12.853579884340729,1.4418431287610942
EFT:-7.163924201296449,-8.389588789397193,-3.7945703489344953,-1.2116865709247562,-3.193075271743182,-3.7486088924331398,-11.96988551075875,-5.225345920375227,12.85357988434073,1.4418431287610942
Random182
Raw:-7.163924201296449,-8.389588789397193,-3.794570348934495,-1.2116865709247564,-3.1930752717431834,-3.7486088924331393,-11.969885510758754,-5.2253459203752275,12.85357988434073,1.4418431287610949
EFT:-7.163924201296449,-8.389588789397193,-3.7945703489344953,-1.2116865709247562,-3.193075271743182,-3.7486088924331398,-11.96988551075875,-5.225345920375227,12.85357988434073,1.4418431287610942
Random183
Raw:-7.163924201296448,-8.389588789397195,-3.7945703489344957,-1.2116865709247566,-3.1930752717431825,-3.7486088924331393,-11.96988551075875,-5.2253459203752275,12.853579884340729,1.4418431287610942
EFT:-7.163924201296449,-8.389588789397193,-3.7945703489344953,-1.2116865709247562,-3.193075271743182,-3.7486088924331398,-11.96988551075875,-5.225345920375227,12.85357988434073,1.4418431287610942
Random184
Raw:-7.1639242012964495,-8.389588789397193,-3.794570348934495,-1.2116865709247557,-3.1930752717431816,-3.7486088924331398,-11.96988551075875,-5.225345920375226,12.85357988434073,1.441843128761095
EFT:-7.163924201296449,-8.389588789397193,-3.7945703489344953,-1.2116865709247562,-3.193075271743182,-3.7486088924331398,-11.96988551075875,-5.225345920375227,12.85357988434073,1.4418431287610942
Random185
Raw:-7.1639242012964495,-8.389588789397193,-3.794570348934495,-1.2116865709247557,-3.193075271743182,-3.74860889243314,-11.96988551075875,-5.225345920375226,12.853579884340729,1.441843128761096
EFT:-7.163924201296449,-8.389588789397193,-3.7945703489344953,-1.2116865709247562,-3.193075271743182,-3.7486088924331398,-11.96988551075875,-5.225345920375227,12.85357988434073,1.4418431287610942
Random186
Raw:-7.163924201296449,-8.389588789397193,-3.7945703489344957,-1.2116865709247562,-3.1930752717431834,-3.7486088924331407,-11.969885510758752,-5.2253459203752275,12.853579884340729,1.4418431287610942
EFT:-7.163924201296449,-8.389588789397193,-3.7945703489344953,-1.2116865709247562,-3.193075271743182,-3.7486088924331398,-11.96988551075875,-5.225345920375227,12.85357988434073,1.4418431287610942
Random187
Raw:-7.163924201296449,-8.389588789397193,-3.794570348934495,-1.2116865709247548,-3.193075271743182,-3.7486088924331398,-11.969885510758752,-5.225345920375227,12.853579884340729,1.4418431287610949
EFT:-7.163924201296449,-8.389588789397193,-3.7945703489344953,-1.2116865709247562,-3.193075271743182,-3.7486088924331398,-11.96988551075875,-5.225345920375227,12.85357988434073,1.4418431287610942
Random188
Raw:-7.163924201296449,-8.389588789397193,-3.794570348934495,-1.2116865709247562,-3.193075271743184,-3.7486088924331398,-11.969885510758752,-5.2253459203752275,12.85357988434073,1.4418431287610942
EFT:-7.163924201296449,-8.389588789397193,-3.7945703489344953,-1.2116865709247562,-3.193075271743182,-3.7486088924331398,-11.96988551075875,-5.225345920375227,12.85357988434073,1.4418431287610942
Random189
Raw:-7.163924201296448,-8.389588789397193,-3.7945703489344957,-1.2116865709247568,-3.1930752717431834,-3.7486088924331398,-11.969885510758752,-5.2253459203752275,12.853579884340729,1.4418431287610947
EFT:-7.163924201296449,-8.389588789397193,-3.7945703489344953,-1.2116865709247562,-3.193075271743182,-3.7486088924331398,-11.96988551075875,-5.225345920375227,12.85357988434073,1.4418431287610942
Random190
Raw:-7.1639242012964495,-8.389588789397193,-3.7945703489344957,-1.2116865709247564,-3.1930752717431834,-3.7486088924331398,-11.969885510758752,-5.225345920375226,12.853579884340729,1.4418431287610944
EFT:-7.163924201296449,-8.389588789397193,-3.7945703489344953,-1.2116865709247562,-3.193075271743182,-3.7486088924331398,-11.96988551075875,-5.225345920375227,12.85357988434073,1.4418431287610942
Random191
Raw:-7.163924201296449,-8.389588789397193,-3.794570348934495,-1.2116865709247562,-3.193075271743185,-3.74860889243314,-11.96988551075875,-5.225345920375228,12.853579884340727,1.4418431287610927
EFT:-7.163924201296449,-8.389588789397193,-3.7945703489344953,-1.2116865709247562,-3.193075271743182,-3.7486088924331398,-11.96988551075875,-5.225345920375227,12.85357988434073,1.4418431287610942
Random192
Raw:-7.163924201296449,-8.389588789397193,-3.7945703489344957,-1.2116865709247566,-3.193075271743182,-3.7486088924331398,-11.969885510758752,-5.2253459203752275,12.853579884340732,1.4418431287610942
EFT:-7.163924201296449,-8.389588789397193,-3.7945703489344953,-1.2116865709247562,-3.193075271743182,-3.7486088924331398,-11.96988551075875,-5.225345920375227,12.85357988434073,1.4418431287610942
Random193
Raw:-7.163924201296448,-8.389588789397193,-3.7945703489344953,-1.2116865709247568,-3.1930752717431816,-3.7486088924331393,-11.969885510758752,-5.225345920375227,12.853579884340729,1.4418431287610942
EFT:-7.163924201296449,-8.389588789397193,-3.7945703489344953,-1.2116865709247562,-3.193075271743182,-3.7486088924331398,-11.96988551075875,-5.225345920375227,12.85357988434073,1.4418431287610942
Random194
Raw:-7.1639242012964495,-8.389588789397195,-3.7945703489344953,-1.2116865709247562,-3.1930752717431816,-3.7486088924331398,-11.969885510758752,-5.2253459203752275,12.85357988434073,1.4418431287610933
EFT:-7.163924201296449,-8.389588789397193,-3.7945703489344953,-1.2116865709247564,-3.193075271743182,-3.7486088924331398,-11.96988551075875,-5.225345920375227,12.85357988434073,1.4418431287610942
Random195
Raw:-7.163924201296448,-8.389588789397195,-3.794570348934495,-1.2116865709247564,-3.193075271743185,-3.7486088924331407,-11.969885510758752,-5.2253459203752275,12.853579884340729,1.4418431287610938
EFT:-7.163924201296449,-8.389588789397193,-3.7945703489344953,-1.2116865709247562,-3.193075271743182,-3.7486088924331398,-11.96988551075875,-5.225345920375227,12.85357988434073,1.4418431287610942
Random196
Raw:-7.163924201296449,-8.389588789397191,-3.794570348934495,-1.2116865709247557,-3.1930752717431816,-3.748608892433139,-11.969885510758752,-5.225345920375226,12.85357988434073,1.4418431287610938
EFT:-7.163924201296449,-8.389588789397193,-3.7945703489344953,-1.2116865709247564,-3.193075271743182,-3.7486088924331398,-11.96988551075875,-5.225345920375227,12.85357988434073,1.4418431287610942
Random197
Raw:-7.1639242012964495,-8.389588789397193,-3.794570348934495,-1.2116865709247553,-3.193075271743184,-3.74860889243314,-11.969885510758752,-5.2253459203752275,12.85357988434073,1.4418431287610955
EFT:-7.163924201296449,-8.389588789397193,-3.7945703489344953,-1.2116865709247562,-3.193075271743182,-3.7486088924331398,-11.96988551075875,-5.225345920375227,12.85357988434073,1.4418431287610942
Random198
Raw:-7.163924201296448,-8.389588789397193,-3.7945703489344953,-1.2116865709247562,-3.193075271743182,-3.7486088924331407,-11.969885510758752,-5.2253459203752275,12.853579884340729,1.4418431287610944
EFT:-7.163924201296449,-8.389588789397193,-3.7945703489344953,-1.2116865709247562,-3.193075271743182,-3.7486088924331398,-11.96988551075875,-5.225345920375227,12.85357988434073,1.4418431287610942
Random199
Raw:-7.163924201296449,-8.389588789397195,-3.7945703489344953,-1.2116865709247564,-3.193075271743182,-3.7486088924331398,-11.96988551075875,-5.225345920375227,12.853579884340729,1.4418431287610929
EFT:-7.163924201296449,-8.389588789397193,-3.7945703489344953,-1.2116865709247562,-3.193075271743182,-3.7486088924331398,-11.96988551075875,-5.225345920375227,12.85357988434073,1.4418431287610942
Random200
Raw:-7.1639242012964495,-8.389588789397193,-3.7945703489344957,-1.211686570924757,-3.193075271743184,-3.74860889243314,-11.969885510758752,-5.225345920375227,12.85357988434073,1.4418431287610927
EFT:-7.163924201296449,-8.389588789397193,-3.7945703489344953,-1.2116865709247562,-3.193075271743182,-3.7486088924331398,-11.96988551075875,-5.225345920375227,12.85357988434073,1.4418431287610942
Random201
Raw:-7.163924201296449,-8.389588789397191,-3.794570348934495,-1.2116865709247555,-3.1930752717431856,-3.7486088924331398,-11.969885510758752,-5.2253459203752275,12.853579884340729,1.4418431287610924
EFT:-7.163924201296449,-8.389588789397193,-3.7945703489344953,-1.2116865709247562,-3.193075271743182,-3.7486088924331398,-11.96988551075875,-5.225345920375227,12.85357988434073,1.4418431287610942
Random202
Raw:-7.163924201296449,-8.389588789397195,-3.7945703489344957,-1.2116865709247562,-3.193075271743184,-3.7486088924331407,-11.969885510758752,-5.2253459203752275,12.853579884340732,1.4418431287610949
EFT:-7.163924201296449,-8.389588789397193,-3.7945703489344953,-1.2116865709247562,-3.193075271743182,-3.7486088924331398,-11.96988551075875,-5.225345920375227,12.85357988434073,1.4418431287610942
Random203
Raw:-7.163924201296449,-8.389588789397193,-3.7945703489344953,-1.2116865709247564,-3.193075271743182,-3.748608892433139,-11.969885510758752,-5.225345920375226,12.853579884340729,1.4418431287610929
EFT:-7.163924201296449,-8.389588789397193,-3.7945703489344953,-1.2116865709247562,-3.193075271743182,-3.7486088924331398,-11.96988551075875,-5.225345920375227,12.85357988434073,1.4418431287610942
Random204
Raw:-7.163924201296449,-8.389588789397193,-3.7945703489344957,-1.2116865709247562,-3.193075271743182,-3.7486088924331398,-11.969885510758752,-5.225345920375227,12.853579884340729,1.4418431287610944
EFT:-7.163924201296449,-8.389588789397193,-3.7945703489344953,-1.2116865709247564,-3.193075271743182,-3.7486088924331398,-11.96988551075875,-5.225345920375227,12.85357988434073,1.4418431287610942
Random205
Raw:-7.163924201296448,-8.389588789397193,-3.7945703489344957,-1.2116865709247566,-3.193075271743182,-3.7486088924331407,-11.969885510758752,-5.225345920375226,12.853579884340729,1.441843128761094
EFT:-7.163924201296449,-8.389588789397193,-3.7945703489344953,-1.2116865709247562,-3.193075271743182,-3.7486088924331398,-11.96988551075875,-5.225345920375227,12.85357988434073,1.4418431287610942
Random206
Raw:-7.163924201296449,-8.389588789397191,-3.794570348934495,-1.2116865709247553,-3.1930752717431816,-3.7486088924331398,-11.96988551075875,-5.225345920375227,12.853579884340732,1.4418431287610944
EFT:-7.163924201296449,-8.389588789397193,-3.7945703489344953,-1.2116865709247562,-3.193075271743182,-3.7486088924331398,-11.96988551075875,-5.225345920375227,12.85357988434073,1.4418431287610942
Random207
Raw:-7.1639242012964495,-8.389588789397193,-3.7945703489344944,-1.2116865709247544,-3.1930752717431847,-3.7486088924331398,-11.969885510758752,-5.2253459203752275,12.853579884340729,1.441843128761092
EFT:-7.163924201296449,-8.389588789397193,-3.7945703489344953,-1.2116865709247562,-3.193075271743182,-3.7486088924331398,-11.96988551075875,-5.225345920375227,12.85357988434073,1.4418431287610942
Random208
Raw:-7.163924201296448,-8.389588789397195,-3.794570348934495,-1.2116865709247557,-3.1930752717431847,-3.74860889243314,-11.969885510758752,-5.2253459203752275,12.853579884340729,1.4418431287610922
EFT:-7.163924201296449,-8.389588789397193,-3.7945703489344953,-1.2116865709247562,-3.193075271743182,-3.7486088924331398,-11.96988551075875,-5.225345920375227,12.85357988434073,1.4418431287610942
Random209
Raw:-7.1639242012964495,-8.389588789397191,-3.794570348934495,-1.2116865709247557,-3.1930752717431825,-3.7486088924331393,-11.969885510758752,-5.225345920375226,12.85357988434073,1.4418431287610938
EFT:-7.163924201296449,-8.389588789397193,-3.7945703489344953,-1.2116865709247562,-3.193075271743182,-3.7486088924331398,-11.96988551075875,-5.225345920375227,12.85357988434073,1.4418431287610942
Random210
Raw:-7.1639242012964495,-8.389588789397193,-3.794570348934495,-1.211686570924755,-3.193075271743182,-3.7486088924331398,-11.96988551075875,-5.2253459203752275,12.85357988434073,1.4418431287610947
EFT:-7.163924201296449,-8.389588789397193,-3.7945703489344953,-1.2116865709247562,-3.193075271743182,-3.7486088924331398,-11.96988551075875,-5.225345920375227,12.85357988434073,1.4418431287610942
Random211
Raw:-7.163924201296449,-8.389588789397193,-3.7945703489344953,-1.2116865709247562,-3.1930752717431843,-3.7486088924331393,-11.96988551075875,-5.225345920375227,12.853579884340732,1.4418431287610942
EFT:-7.163924201296449,-8.389588789397193,-3.7945703489344953,-1.2116865709247564,-3.193075271743182,-3.7486088924331398,-11.96988551075875,-5.225345920375227,12.85357988434073,1.4418431287610942
Random212
Raw:-7.1639242012964495,-8.389588789397191,-3.794570348934495,-1.2116865709247553,-3.193075271743182,-3.7486088924331407,-11.969885510758754,-5.225345920375227,12.85357988434073,1.441843128761096
EFT:-7.163924201296449,-8.389588789397193,-3.7945703489344953,-1.2116865709247562,-3.193075271743182,-3.7486088924331398,-11.96988551075875,-5.225345920375227,12.85357988434073,1.4418431287610942
Random213
Raw:-7.163924201296449,-8.389588789397195,-3.7945703489344957,-1.2116865709247566,-3.193075271743183,-3.7486088924331393,-11.969885510758752,-5.2253459203752275,12.85357988434073,1.441843128761094
EFT:-7.163924201296449,-8.389588789397193,-3.7945703489344953,-1.2116865709247562,-3.193075271743182,-3.7486088924331398,-11.96988551075875,-5.225345920375227,12.85357988434073,1.4418431287610942
Random214
Raw:-7.163924201296446,-8.389588789397193,-3.7945703489344953,-1.2116865709247562,-3.193075271743183,-3.74860889243314,-11.969885510758752,-5.2253459203752275,12.85357988434073,1.4418431287610942
EFT:-7.163924201296449,-8.389588789397193,-3.7945703489344953,-1.2116865709247564,-3.193075271743182,-3.7486088924331398,-11.96988551075875,-5.225345920375227,12.85357988434073,1.4418431287610942
Random215
Raw:-7.1639242012964495,-8.389588789397193,-3.794570348934495,-1.2116865709247553,-3.1930752717431825,-3.7486088924331393,-11.969885510758752,-5.2253459203752275,12.853579884340729,1.4418431287610947
EFT:-7.163924201296449,-8.389588789397193,-3.7945703489344953,-1.2116865709247562,-3.193075271743182,-3.7486088924331398,-11.96988551075875,-5.225345920375227,12.85357988434073,1.4418431287610942
Random216
Raw:-7.163924201296449,-8.389588789397193,-3.7945703489344957,-1.211686570924757,-3.1930752717431816,-3.7486088924331393,-11.969885510758752,-5.225345920375227,12.85357988434073,1.4418431287610938
EFT:-7.163924201296449,-8.389588789397193,-3.7945703489344953,-1.2116865709247562,-3.193075271743182,-3.7486088924331398,-11.96988551075875,-5.225345920375227,12.85357988434073,1.4418431287610942
Random217
Raw:-7.163924201296448,-8.389588789397195,-3.794570348934495,-1.2116865709247566,-3.1930752717431865,-3.7486088924331407,-11.969885510758752,-5.225345920375229,12.853579884340727,1.4418431287610929
EFT:-7.163924201296449,-8.389588789397193,-3.7945703489344953,-1.2116865709247562,-3.193075271743182,-3.7486088924331398,-11.96988551075875,-5.225345920375227,12.85357988434073,1.4418431287610942
Random218
Raw:-7.163924201296448,-8.389588789397193,-3.7945703489344957,-1.2116865709247566,-3.193075271743184,-3.7486088924331393,-11.96988551075875,-5.225345920375227,12.853579884340729,1.4418431287610949
EFT:-7.163924201296449,-8.389588789397193,-3.7945703489344953,-1.2116865709247562,-3.193075271743182,-3.7486088924331398,-11.96988551075875,-5.225345920375227,12.85357988434073,1.4418431287610942
Random219
Raw:-7.163924201296449,-8.389588789397193,-3.794570348934495,-1.211686570924756,-3.1930752717431834,-3.7486088924331398,-11.969885510758752,-5.225345920375227,12.85357988434073,1.4418431287610947
EFT:-7.163924201296449,-8.389588789397193,-3.7945703489344953,-1.2116865709247562,-3.193075271743182,-3.7486088924331398,-11.96988551075875,-5.225345920375227,12.85357988434073,1.4418431287610942
Random220
Raw:-7.163924201296449,-8.389588789397193,-3.7945703489344957,-1.2116865709247562,-3.193075271743182,-3.7486088924331398,-11.969885510758754,-5.225345920375227,12.853579884340729,1.4418431287610947
EFT:-7.163924201296449,-8.389588789397193,-3.7945703489344953,-1.2116865709247562,-3.193075271743182,-3.7486088924331398,-11.96988551075875,-5.225345920375227,12.85357988434073,1.4418431287610942
Random221
Raw:-7.163924201296448,-8.389588789397193,-3.794570348934495,-1.2116865709247557,-3.1930752717431874,-3.7486088924331398,-11.969885510758752,-5.2253459203752275,12.853579884340727,1.4418431287610936
EFT:-7.163924201296449,-8.389588789397193,-3.7945703489344953,-1.2116865709247562,-3.193075271743182,-3.7486088924331398,-11.96988551075875,-5.225345920375227,12.85357988434073,1.4418431287610942
Random222
Raw:-7.163924201296449,-8.389588789397193,-3.794570348934495,-1.2116865709247568,-3.1930752717431856,-3.7486088924331398,-11.96988551075875,-5.2253459203752275,12.853579884340729,1.4418431287610933
EFT:-7.163924201296449,-8.389588789397193,-3.7945703489344953,-1.2116865709247564,-3.193075271743182,-3.7486088924331398,-11.96988551075875,-5.225345920375227,12.85357988434073,1.4418431287610942
Random223
Raw:-7.163924201296449,-8.389588789397195,-3.794570348934495,-1.211686570924756,-3.193075271743184,-3.74860889243314,-11.969885510758752,-5.2253459203752275,12.853579884340729,1.4418431287610947
EFT:-7.163924201296449,-8.389588789397193,-3.7945703489344953,-1.2116865709247562,-3.193075271743182,-3.7486088924331398,-11.96988551075875,-5.225345920375227,12.85357988434073,1.4418431287610942
Random224
Raw:-7.163924201296447,-8.389588789397191,-3.794570348934495,-1.2116865709247562,-3.1930752717431856,-3.7486088924331398,-11.969885510758754,-5.225345920375227,12.85357988434073,1.4418431287610942
EFT:-7.163924201296449,-8.389588789397193,-3.7945703489344953,-1.2116865709247562,-3.193075271743182,-3.7486088924331398,-11.96988551075875,-5.225345920375227,12.85357988434073,1.4418431287610942
Random225
Raw:-7.1639242012964495,-8.389588789397195,-3.794570348934495,-1.2116865709247557,-3.1930752717431843,-3.7486088924331398,-11.96988551075875,-5.2253459203752275,12.85357988434073,1.4418431287610944
EFT:-7.163924201296449,-8.389588789397193,-3.7945703489344953,-1.2116865709247562,-3.193075271743182,-3.7486088924331398,-11.96988551075875,-5.225345920375227,12.85357988434073,1.4418431287610942
Random226
Raw:-7.163924201296449,-8.389588789397193,-3.794570348934495,-1.2116865709247557,-3.193075271743184,-3.74860889243314,-11.969885510758752,-5.225345920375228,12.853579884340729,1.441843128761093
EFT:-7.163924201296449,-8.389588789397193,-3.7945703489344953,-1.2116865709247562,-3.193075271743182,-3.7486088924331398,-11.96988551075875,-5.225345920375227,12.85357988434073,1.4418431287610942
Random227
Raw:-7.1639242012964495,-8.389588789397193,-3.794570348934494,-1.2116865709247542,-3.1930752717431847,-3.7486088924331393,-11.969885510758752,-5.2253459203752275,12.853579884340729,1.4418431287610929
EFT:-7.163924201296449,-8.389588789397193,-3.7945703489344953,-1.2116865709247562,-3.193075271743182,-3.7486088924331398,-11.96988551075875,-5.225345920375227,12.85357988434073,1.4418431287610942
Random228
Raw:-7.163924201296449,-8.389588789397191,-3.794570348934495,-1.2116865709247566,-3.193075271743184,-3.74860889243314,-11.969885510758752,-5.225345920375227,12.85357988434073,1.4418431287610929
EFT:-7.163924201296449,-8.389588789397193,-3.7945703489344953,-1.2116865709247562,-3.193075271743182,-3.7486088924331398,-11.96988551075875,-5.225345920375227,12.85357988434073,1.4418431287610942
Random229
Raw:-7.163924201296448,-8.389588789397195,-3.794570348934495,-1.2116865709247566,-3.1930752717431803,-3.748608892433139,-11.969885510758752,-5.225345920375226,12.853579884340732,1.4418431287610947
EFT:-7.163924201296449,-8.389588789397193,-3.7945703489344953,-1.2116865709247562,-3.193075271743182,-3.7486088924331398,-11.96988551075875,-5.225345920375227,12.85357988434073,1.4418431287610942
Random230
Raw:-7.163924201296448,-8.389588789397193,-3.7945703489344953,-1.2116865709247562,-3.193075271743183,-3.7486088924331398,-11.969885510758752,-5.2253459203752275,12.853579884340729,1.4418431287610947
EFT:-7.163924201296449,-8.389588789397193,-3.7945703489344953,-1.2116865709247562,-3.193075271743182,-3.7486088924331398,-11.96988551075875,-5.225345920375227,12.85357988434073,1.4418431287610942
Random231
Raw:-7.1639242012964495,-8.389588789397195,-3.7945703489344957,-1.2116865709247566,-3.1930752717431825,-3.7486088924331398,-11.969885510758752,-5.225345920375227,12.85357988434073,1.4418431287610949
EFT:-7.163924201296449,-8.389588789397193,-3.7945703489344953,-1.2116865709247562,-3.193075271743182,-3.7486088924331398,-11.96988551075875,-5.225345920375227,12.85357988434073,1.4418431287610942
Random232
Raw:-7.163924201296449,-8.389588789397193,-3.7945703489344957,-1.2116865709247566,-3.193075271743185,-3.7486088924331398,-11.96988551075875,-5.225345920375226,12.85357988434073,1.4418431287610936
EFT:-7.163924201296449,-8.389588789397193,-3.7945703489344953,-1.2116865709247562,-3.193075271743182,-3.7486088924331398,-11.96988551075875,-5.225345920375227,12.85357988434073,1.4418431287610942
Random233
Raw:-7.1639242012964495,-8.389588789397193,-3.794570348934495,-1.211686570924756,-3.193075271743182,-3.7486088924331407,-11.969885510758752,-5.225345920375227,12.85357988434073,1.4418431287610942
EFT:-7.163924201296449,-8.389588789397193,-3.7945703489344953,-1.2116865709247562,-3.193075271743182,-3.7486088924331398,-11.96988551075875,-5.225345920375227,12.85357988434073,1.4418431287610942
Random234
Raw:-7.1639242012964495,-8.389588789397193,-3.794570348934495,-1.2116865709247555,-3.193075271743182,-3.748608892433139,-11.969885510758752,-5.225345920375226,12.853579884340729,1.4418431287610953
EFT:-7.163924201296449,-8.389588789397193,-3.7945703489344953,-1.2116865709247562,-3.193075271743182,-3.7486088924331398,-11.96988551075875,-5.225345920375227,12.85357988434073,1.4418431287610942
Random235
Raw:-7.1639242012964495,-8.389588789397191,-3.794570348934495,-1.2116865709247562,-3.1930752717431825,-3.7486088924331398,-11.96988551075875,-5.225345920375227,12.85357988434073,1.441843128761095
EFT:-7.163924201296449,-8.389588789397193,-3.7945703489344953,-1.2116865709247562,-3.193075271743182,-3.7486088924331398,-11.96988551075875,-5.225345920375227,12.85357988434073,1.4418431287610942
Random236
Raw:-7.163924201296448,-8.389588789397193,-3.794570348934495,-1.2116865709247562,-3.193075271743182,-3.7486088924331384,-11.96988551075875,-5.225345920375225,12.85357988434073,1.4418431287610964
EFT:-7.163924201296449,-8.389588789397193,-3.7945703489344953,-1.2116865709247564,-3.193075271743182,-3.7486088924331398,-11.96988551075875,-5.225345920375227,12.85357988434073,1.4418431287610942
Random237
Raw:-7.163924201296446,-8.389588789397193,-3.7945703489344957,-1.211686570924756,-3.193075271743183,-3.7486088924331407,-11.969885510758754,-5.2253459203752275,12.85357988434073,1.4418431287610944
EFT:-7.163924201296449,-8.389588789397193,-3.7945703489344953,-1.2116865709247562,-3.193075271743182,-3.7486088924331398,-11.96988551075875,-5.225345920375227,12.85357988434073,1.4418431287610942
Random238
Raw:-7.163924201296447,-8.389588789397195,-3.7945703489344953,-1.2116865709247562,-3.193075271743183,-3.7486088924331398,-11.969885510758754,-5.2253459203752275,12.853579884340732,1.4418431287610944
EFT:-7.163924201296449,-8.389588789397193,-3.7945703489344953,-1.2116865709247562,-3.193075271743182,-3.7486088924331398,-11.96988551075875,-5.225345920375227,12.85357988434073,1.4418431287610942
Random239
Raw:-7.1639242012964495,-8.389588789397193,-3.794570348934495,-1.211686570924756,-3.1930752717431843,-3.74860889243314,-11.969885510758754,-5.2253459203752275,12.853579884340732,1.4418431287610938
EFT:-7.163924201296449,-8.389588789397193,-3.7945703489344953,-1.2116865709247562,-3.193075271743182,-3.7486088924331398,-11.96988551075875,-5.225345920375227,12.85357988434073,1.4418431287610942
Random240
Raw:-7.1639242012964495,-8.389588789397191,-3.794570348934495,-1.2116865709247553,-3.1930752717431816,-3.7486088924331393,-11.969885510758752,-5.225345920375227,12.853579884340732,1.4418431287610953
EFT:-7.163924201296449,-8.389588789397193,-3.7945703489344953,-1.2116865709247564,-3.193075271743182,-3.7486088924331398,-11.96988551075875,-5.225345920375227,12.85357988434073,1.4418431287610942
Random241
Raw:-7.163924201296448,-8.389588789397195,-3.7945703489344953,-1.211686570924757,-3.193075271743183,-3.7486088924331407,-11.969885510758754,-5.225345920375228,12.853579884340729,1.441843128761094
EFT:-7.163924201296449,-8.389588789397193,-3.7945703489344953,-1.2116865709247562,-3.193075271743182,-3.7486088924331398,-11.96988551075875,-5.225345920375227,12.85357988434073,1.4418431287610942
Random242
Raw:-7.163924201296451,-8.389588789397193,-3.7945703489344953,-1.2116865709247557,-3.193075271743183,-3.7486088924331398,-11.969885510758752,-5.225345920375227,12.853579884340732,1.4418431287610947
EFT:-7.163924201296449,-8.389588789397193,-3.7945703489344953,-1.2116865709247562,-3.193075271743182,-3.7486088924331398,-11.96988551075875,-5.225345920375227,12.85357988434073,1.4418431287610942
Random243
Raw:-7.163924201296448,-8.389588789397193,-3.794570348934495,-1.2116865709247557,-3.193075271743183,-3.74860889243314,-11.96988551075875,-5.2253459203752275,12.853579884340732,1.4418431287610938
EFT:-7.163924201296449,-8.389588789397193,-3.7945703489344953,-1.2116865709247562,-3.193075271743182,-3.7486088924331398,-11.96988551075875,-5.225345920375227,12.85357988434073,1.4418431287610942
Random244
Raw:-7.1639242012964495,-8.389588789397195,-3.7945703489344966,-1.2116865709247575,-3.1930752717431847,-3.7486088924331407,-11.969885510758752,-5.225345920375228,12.853579884340729,1.441843128761093
EFT:-7.163924201296449,-8.389588789397193,-3.7945703489344953,-1.2116865709247562,-3.193075271743182,-3.7486088924331398,-11.96988551075875,-5.225345920375227,12.85357988434073,1.4418431287610942
Random245
Raw:-7.163924201296449,-8.389588789397195,-3.794570348934495,-1.2116865709247562,-3.1930752717431834,-3.7486088924331407,-11.969885510758752,-5.225345920375227,12.85357988434073,1.4418431287610938
EFT:-7.163924201296449,-8.389588789397193,-3.7945703489344953,-1.2116865709247562,-3.193075271743182,-3.7486088924331398,-11.96988551075875,-5.225345920375227,12.85357988434073,1.4418431287610942
Random246
Raw:-7.16392420129645,-8.389588789397193,-3.794570348934495,-1.211686570924756,-3.1930752717431825,-3.7486088924331384,-11.969885510758752,-5.225345920375226,12.85357988434073,1.4418431287610958
EFT:-7.163924201296449,-8.389588789397193,-3.7945703489344953,-1.2116865709247562,-3.193075271743182,-3.7486088924331398,-11.96988551075875,-5.225345920375227,12.85357988434073,1.4418431287610942
Random247
Raw:-7.1639242012964495,-8.389588789397193,-3.794570348934495,-1.2116865709247557,-3.193075271743187,-3.7486088924331393,-11.96988551075875,-5.225345920375227,12.853579884340729,1.4418431287610924
EFT:-7.163924201296449,-8.389588789397193,-3.7945703489344953,-1.2116865709247562,-3.193075271743182,-3.7486088924331398,-11.96988551075875,-5.225345920375227,12.85357988434073,1.4418431287610942
Random248
Raw:-7.163924201296447,-8.389588789397195,-3.7945703489344957,-1.2116865709247564,-3.193075271743182,-3.7486088924331393,-11.969885510758752,-5.225345920375227,12.85357988434073,1.4418431287610947
EFT:-7.163924201296449,-8.389588789397193,-3.7945703489344953,-1.2116865709247562,-3.193075271743182,-3.7486088924331398,-11.96988551075875,-5.225345920375227,12.85357988434073,1.4418431287610942
Random249
Raw:-7.1639242012964495,-8.389588789397191,-3.7945703489344944,-1.2116865709247553,-3.1930752717431834,-3.7486088924331393,-11.96988551075875,-5.225345920375227,12.853579884340729,1.4418431287610916
EFT:-7.163924201296449,-8.389588789397193,-3.7945703489344953,-1.2116865709247562,-3.193075271743182,-3.7486088924331398,-11.96988551075875,-5.225345920375227,12.85357988434073,1.4418431287610942
Random250
Raw:-7.1639242012964495,-8.389588789397191,-3.794570348934495,-1.2116865709247555,-3.193075271743181,-3.7486088924331398,-11.969885510758752,-5.225345920375226,12.85357988434073,1.4418431287610938
EFT:-7.163924201296449,-8.389588789397193,-3.7945703489344953,-1.2116865709247562,-3.193075271743182,-3.7486088924331398,-11.96988551075875,-5.225345920375227,12.85357988434073,1.4418431287610942
Random251
Raw:-7.16392420129645,-8.389588789397191,-3.794570348934495,-1.2116865709247548,-3.193075271743183,-3.7486088924331398,-11.969885510758752,-5.225345920375226,12.853579884340732,1.4418431287610936
EFT:-7.163924201296449,-8.389588789397193,-3.7945703489344953,-1.2116865709247562,-3.193075271743182,-3.7486088924331398,-11.96988551075875,-5.225345920375227,12.85357988434073,1.4418431287610942
Random252
Raw:-7.1639242012964495,-8.389588789397191,-3.794570348934495,-1.2116865709247555,-3.193075271743182,-3.748608892433139,-11.969885510758752,-5.225345920375226,12.85357988434073,1.4418431287610947
EFT:-7.163924201296449,-8.389588789397193,-3.7945703489344953,-1.2116865709247562,-3.193075271743182,-3.7486088924331398,-11.96988551075875,-5.225345920375227,12.85357988434073,1.4418431287610942
Random253
Raw:-7.163924201296449,-8.389588789397195,-3.794570348934495,-1.2116865709247562,-3.193075271743182,-3.7486088924331393,-11.96988551075875,-5.225345920375227,12.85357988434073,1.4418431287610958
EFT:-7.163924201296449,-8.389588789397193,-3.7945703489344953,-1.2116865709247562,-3.193075271743182,-3.7486088924331398,-11.96988551075875,-5.225345920375227,12.85357988434073,1.4418431287610942
Random254
Raw:-7.163924201296449,-8.389588789397193,-3.7945703489344957,-1.2116865709247566,-3.193075271743182,-3.7486088924331398,-11.969885510758752,-5.225345920375227,12.85357988434073,1.4418431287610947
EFT:-7.163924201296449,-8.389588789397193,-3.7945703489344953,-1.2116865709247562,-3.193075271743182,-3.7486088924331398,-11.96988551075875,-5.225345920375227,12.85357988434073,1.4418431287610942
Random255
Raw:-7.163924201296448,-8.389588789397193,-3.794570348934495,-1.2116865709247562,-3.193075271743182,-3.7486088924331398,-11.969885510758754,-5.225345920375227,12.85357988434073,1.441843128761094
EFT:-7.163924201296449,-8.389588789397193,-3.7945703489344953,-1.2116865709247562,-3.193075271743182,-3.7486088924331398,-11.96988551075875,-5.225345920375227,12.85357988434073,1.4418431287610942
Random256
Raw:-7.1639242012964495,-8.389588789397193,-3.794570348934495,-1.2116865709247553,-3.1930752717431834,-3.7486088924331393,-11.969885510758752,-5.2253459203752275,12.853579884340732,1.4418431287610947
EFT:-7.163924201296449,-8.389588789397193,-3.7945703489344953,-1.2116865709247562,-3.193075271743182,-3.7486088924331398,-11.96988551075875,-5.225345920375227,12.85357988434073,1.4418431287610942
Random257
Raw:-7.163924201296448,-8.389588789397193,-3.7945703489344957,-1.2116865709247562,-3.1930752717431847,-3.7486088924331398,-11.96988551075875,-5.2253459203752275,12.853579884340729,1.441843128761092
EFT:-7.163924201296449,-8.389588789397193,-3.7945703489344953,-1.2116865709247562,-3.193075271743182,-3.7486088924331398,-11.96988551075875,-5.225345920375227,12.85357988434073,1.4418431287610942
Random258
Raw:-7.163924201296449,-8.389588789397193,-3.794570348934495,-1.2116865709247557,-3.1930752717431843,-3.7486088924331398,-11.96988551075875,-5.2253459203752275,12.853579884340729,1.4418431287610938
EFT:-7.163924201296449,-8.389588789397193,-3.7945703489344953,-1.2116865709247562,-3.193075271743182,-3.7486088924331398,-11.96988551075875,-5.225345920375227,12.85357988434073,1.4418431287610942
Random259
Raw:-7.163924201296448,-8.389588789397193,-3.794570348934495,-1.2116865709247553,-3.193075271743182,-3.7486088924331407,-11.969885510758754,-5.225345920375227,12.85357988434073,1.4418431287610947
EFT:-7.163924201296449,-8.389588789397193,-3.7945703489344953,-1.2116865709247564,-3.193075271743182,-3.7486088924331398,-11.96988551075875,-5.225345920375227,12.85357988434073,1.4418431287610942
Random260
Raw:-7.1639242012964495,-8.389588789397193,-3.7945703489344953,-1.2116865709247566,-3.193075271743184,-3.74860889243314,-11.969885510758752,-5.2253459203752275,12.85357988434073,1.4418431287610933
EFT:-7.163924201296449,-8.389588789397193,-3.7945703489344953,-1.2116865709247562,-3.193075271743182,-3.7486088924331398,-11.96988551075875,-5.225345920375227,12.85357988434073,1.4418431287610942
Random261
Raw:-7.163924201296448,-8.389588789397195,-3.7945703489344957,-1.2116865709247573,-3.1930752717431825,-3.7486088924331398,-11.969885510758752,-5.2253459203752275,12.85357988434073,1.4418431287610938
EFT:-7.163924201296449,-8.389588789397193,-3.7945703489344953,-1.2116865709247562,-3.193075271743182,-3.7486088924331398,-11.96988551075875,-5.225345920375227,12.85357988434073,1.4418431287610942
Random262
Raw:-7.163924201296449,-8.389588789397193,-3.794570348934495,-1.2116865709247553,-3.193075271743182,-3.7486088924331393,-11.96988551075875,-5.225345920375227,12.853579884340729,1.441843128761095
EFT:-7.163924201296449,-8.389588789397193,-3.7945703489344953,-1.2116865709247562,-3.193075271743182,-3.7486088924331398,-11.96988551075875,-5.225345920375227,12.85357988434073,1.4418431287610942
Random263
Raw:-7.163924201296448,-8.389588789397191,-3.7945703489344935,-1.2116865709247544,-3.1930752717431834,-3.7486088924331398,-11.969885510758752,-5.225345920375227,12.853579884340729,1.4418431287610938
EFT:-7.163924201296449,-8.389588789397193,-3.7945703489344953,-1.2116865709247564,-3.193075271743182,-3.7486088924331398,-11.96988551075875,-5.225345920375227,12.85357988434073,1.4418431287610942
Random264
Raw:-7.163924201296449,-8.389588789397191,-3.794570348934494,-1.2116865709247553,-3.193075271743183,-3.748608892433139,-11.969885510758752,-5.225345920375226,12.85357988434073,1.4418431287610947
EFT:-7.163924201296449,-8.389588789397193,-3.7945703489344953,-1.2116865709247562,-3.193075271743182,-3.7486088924331398,-11.96988551075875,-5.225345920375227,12.85357988434073,1.4418431287610942
Random265
Raw:-7.163924201296449,-8.389588789397195,-3.794570348934496,-1.2116865709247568,-3.193075271743182,-3.7486088924331398,-11.96988551075875,-5.2253459203752275,12.853579884340729,1.4418431287610942
EFT:-7.163924201296449,-8.389588789397193,-3.7945703489344953,-1.2116865709247562,-3.193075271743182,-3.7486088924331398,-11.96988551075875,-5.225345920375227,12.85357988434073,1.4418431287610942
Random266
Raw:-7.163924201296449,-8.389588789397191,-3.794570348934495,-1.2116865709247562,-3.193075271743181,-3.7486088924331393,-11.969885510758752,-5.225345920375225,12.85357988434073,1.4418431287610955
EFT:-7.163924201296449,-8.389588789397193,-3.7945703489344953,-1.2116865709247564,-3.193075271743182,-3.7486088924331398,-11.96988551075875,-5.225345920375227,12.85357988434073,1.4418431287610942
Random267
Raw:-7.163924201296448,-8.389588789397193,-3.794570348934495,-1.2116865709247566,-3.1930752717431803,-3.748608892433139,-11.96988551075875,-5.225345920375226,12.853579884340729,1.4418431287610953
EFT:-7.163924201296449,-8.389588789397193,-3.7945703489344953,-1.2116865709247562,-3.193075271743182,-3.7486088924331398,-11.96988551075875,-5.225345920375227,12.85357988434073,1.4418431287610942
Random268
Raw:-7.1639242012964495,-8.389588789397193,-3.794570348934495,-1.2116865709247555,-3.1930752717431825,-3.7486088924331393,-11.96988551075875,-5.225345920375227,12.85357988434073,1.4418431287610942
EFT:-7.163924201296449,-8.389588789397193,-3.7945703489344953,-1.2116865709247562,-3.193075271743182,-3.7486088924331398,-11.96988551075875,-5.225345920375227,12.85357988434073,1.4418431287610942
Random269
Raw:-7.163924201296449,-8.389588789397193,-3.794570348934495,-1.2116865709247562,-3.1930752717431847,-3.7486088924331407,-11.969885510758752,-5.2253459203752275,12.85357988434073,1.4418431287610936
EFT:-7.163924201296449,-8.389588789397193,-3.7945703489344953,-1.2116865709247562,-3.193075271743182,-3.7486088924331398,-11.96988551075875,-5.225345920375227,12.85357988434073,1.4418431287610942
Random270
Raw:-7.163924201296448,-8.389588789397195,-3.7945703489344957,-1.211686570924757,-3.193075271743182,-3.7486088924331398,-11.96988551075875,-5.225345920375227,12.85357988434073,1.441843128761092
EFT:-7.163924201296449,-8.389588789397193,-3.7945703489344953,-1.2116865709247562,-3.193075271743182,-3.7486088924331398,-11.96988551075875,-5.225345920375227,12.85357988434073,1.4418431287610942
Random271
Raw:-7.1639242012964495,-8.389588789397193,-3.794570348934495,-1.2116865709247553,-3.193075271743184,-3.7486088924331398,-11.969885510758752,-5.2253459203752275,12.85357988434073,1.4418431287610929
EFT:-7.163924201296449,-8.389588789397193,-3.7945703489344953,-1.2116865709247562,-3.193075271743182,-3.7486088924331398,-11.96988551075875,-5.225345920375227,12.85357988434073,1.4418431287610942
Random272
Raw:-7.163924201296448,-8.389588789397193,-3.794570348934495,-1.2116865709247566,-3.193075271743184,-3.7486088924331407,-11.96988551075875,-5.225345920375228,12.853579884340729,1.4418431287610918
EFT:-7.163924201296449,-8.389588789397193,-3.7945703489344953,-1.2116865709247562,-3.193075271743182,-3.7486088924331398,-11.96988551075875,-5.225345920375227,12.85357988434073,1.4418431287610942
Random273
Raw:-7.163924201296449,-8.389588789397195,-3.7945703489344957,-1.2116865709247564,-3.193075271743182,-3.7486088924331398,-11.96988551075875,-5.2253459203752275,12.85357988434073,1.4418431287610953
EFT:-7.163924201296449,-8.389588789397193,-3.7945703489344953,-1.2116865709247562,-3.193075271743182,-3.7486088924331398,-11.96988551075875,-5.225345920375227,12.85357988434073,1.4418431287610942
Random274
Raw:-7.163924201296448,-8.389588789397193,-3.7945703489344957,-1.2116865709247562,-3.193075271743182,-3.748608892433139,-11.969885510758752,-5.225345920375227,12.853579884340729,1.4418431287610942
EFT:-7.163924201296449,-8.389588789397193,-3.7945703489344953,-1.2116865709247562,-3.193075271743182,-3.7486088924331398,-11.96988551075875,-5.225345920375227,12.85357988434073,1.4418431287610942
Random275
Raw:-7.1639242012964495,-8.389588789397191,-3.794570348934494,-1.2116865709247544,-3.193075271743185,-3.7486088924331398,-11.969885510758754,-5.2253459203752275,12.853579884340729,1.4418431287610922
EFT:-7.163924201296449,-8.389588789397193,-3.7945703489344953,-1.2116865709247562,-3.193075271743182,-3.7486088924331398,-11.96988551075875,-5.225345920375227,12.85357988434073,1.4418431287610942
Random276
Raw:-7.163924201296448,-8.389588789397193,-3.794570348934495,-1.2116865709247562,-3.193075271743185,-3.7486088924331398,-11.969885510758752,-5.2253459203752275,12.853579884340729,1.4418431287610942
EFT:-7.163924201296449,-8.389588789397193,-3.7945703489344953,-1.2116865709247562,-3.193075271743182,-3.7486088924331398,-11.96988551075875,-5.225345920375227,12.85357988434073,1.4418431287610942
Random277
Raw:-7.163924201296448,-8.389588789397195,-3.7945703489344957,-1.211686570924757,-3.1930752717431825,-3.74860889243314,-11.969885510758754,-5.2253459203752275,12.853579884340729,1.4418431287610938
EFT:-7.163924201296449,-8.389588789397193,-3.7945703489344953,-1.2116865709247562,-3.193075271743182,-3.7486088924331398,-11.96988551075875,-5.225345920375227,12.85357988434073,1.4418431287610942
Random278
Raw:-7.163924201296448,-8.389588789397193,-3.7945703489344957,-1.2116865709247562,-3.1930752717431825,-3.7486088924331398,-11.969885510758752,-5.225345920375227,12.85357988434073,1.4418431287610944
EFT:-7.163924201296449,-8.389588789397193,-3.7945703489344953,-1.2116865709247562,-3.193075271743182,-3.7486088924331398,-11.96988551075875,-5.225345920375227,12.85357988434073,1.4418431287610942
Random279
Raw:-7.1639242012964495,-8.389588789397195,-3.7945703489344953,-1.2116865709247568,-3.193075271743182,-3.7486088924331398,-11.96988551075875,-5.225345920375227,12.85357988434073,1.4418431287610947
EFT:-7.163924201296449,-8.389588789397193,-3.7945703489344953,-1.2116865709247562,-3.193075271743182,-3.7486088924331398,-11.96988551075875,-5.225345920375227,12.85357988434073,1.4418431287610942
Random280
Raw:-7.163924201296448,-8.389588789397193,-3.794570348934495,-1.211686570924756,-3.193075271743182,-3.7486088924331398,-11.969885510758752,-5.225345920375227,12.853579884340732,1.4418431287610947
EFT:-7.163924201296449,-8.389588789397193,-3.7945703489344953,-1.2116865709247562,-3.193075271743182,-3.7486088924331398,-11.96988551075875,-5.225345920375227,12.85357988434073,1.4418431287610942
Random281
Raw:-7.16392420129645,-8.389588789397193,-3.7945703489344944,-1.211686570924755,-3.1930752717431843,-3.7486088924331398,-11.969885510758752,-5.225345920375227,12.853579884340727,1.4418431287610936
EFT:-7.163924201296449,-8.389588789397193,-3.7945703489344953,-1.2116865709247562,-3.193075271743182,-3.7486088924331398,-11.96988551075875,-5.225345920375227,12.85357988434073,1.4418431287610942
Random282
Raw:-7.163924201296448,-8.389588789397193,-3.7945703489344944,-1.211686570924756,-3.193075271743181,-3.7486088924331398,-11.969885510758754,-5.225345920375226,12.85357988434073,1.4418431287610958
EFT:-7.163924201296449,-8.389588789397193,-3.7945703489344953,-1.2116865709247562,-3.193075271743182,-3.7486088924331398,-11.96988551075875,-5.225345920375227,12.85357988434073,1.4418431287610942
Random283
Raw:-7.163924201296448,-8.389588789397193,-3.794570348934495,-1.2116865709247566,-3.1930752717431834,-3.7486088924331398,-11.969885510758752,-5.2253459203752275,12.85357988434073,1.4418431287610942
EFT:-7.163924201296449,-8.389588789397193,-3.7945703489344953,-1.2116865709247564,-3.193075271743182,-3.7486088924331398,-11.96988551075875,-5.225345920375227,12.85357988434073,1.4418431287610942
Random284
Raw:-7.163924201296449,-8.389588789397193,-3.7945703489344953,-1.2116865709247562,-3.1930752717431816,-3.7486088924331393,-11.96988551075875,-5.225345920375227,12.853579884340729,1.4418431287610944
EFT:-7.163924201296449,-8.389588789397193,-3.7945703489344953,-1.2116865709247564,-3.193075271743182,-3.7486088924331398,-11.96988551075875,-5.225345920375227,12.85357988434073,1.4418431287610942
Random285
Raw:-7.163924201296448,-8.389588789397195,-3.7945703489344957,-1.2116865709247568,-3.1930752717431834,-3.74860889243314,-11.969885510758752,-5.2253459203752275,12.853579884340729,1.4418431287610933
EFT:-7.163924201296449,-8.389588789397193,-3.7945703489344953,-1.2116865709247562,-3.193075271743182,-3.7486088924331398,-11.96988551075875,-5.225345920375227,12.85357988434073,1.4418431287610942
Random286
Raw:-7.163924201296448,-8.389588789397193,-3.794570348934495,-1.2116865709247562,-3.193075271743181,-3.74860889243314,-11.96988551075875,-5.225345920375225,12.85357988434073,1.4418431287610964
EFT:-7.163924201296449,-8.389588789397193,-3.7945703489344953,-1.2116865709247564,-3.193075271743182,-3.7486088924331398,-11.96988551075875,-5.225345920375227,12.85357988434073,1.4418431287610942
Random287
Raw:-7.163924201296446,-8.389588789397195,-3.7945703489344957,-1.2116865709247566,-3.193075271743184,-3.74860889243314,-11.96988551075875,-5.2253459203752275,12.853579884340729,1.4418431287610947
EFT:-7.163924201296449,-8.389588789397193,-3.7945703489344953,-1.2116865709247562,-3.193075271743182,-3.7486088924331398,-11.96988551075875,-5.225345920375227,12.85357988434073,1.4418431287610942
Random288
Raw:-7.163924201296449,-8.389588789397193,-3.794570348934495,-1.2116865709247562,-3.193075271743183,-3.7486088924331398,-11.969885510758752,-5.225345920375227,12.85357988434073,1.4418431287610944
EFT:-7.163924201296449,-8.389588789397193,-3.7945703489344953,-1.2116865709247562,-3.193075271743182,-3.7486088924331398,-11.96988551075875,-5.225345920375227,12.85357988434073,1.4418431287610942
Random289
Raw:-7.1639242012964495,-8.389588789397193,-3.794570348934495,-1.2116865709247557,-3.193075271743181,-3.7486088924331393,-11.969885510758752,-5.225345920375227,12.853579884340729,1.4418431287610955
EFT:-7.163924201296449,-8.389588789397193,-3.7945703489344953,-1.2116865709247562,-3.193075271743182,-3.7486088924331398,-11.96988551075875,-5.225345920375227,12.85357988434073,1.4418431287610942
Random290
Raw:-7.1639242012964495,-8.389588789397191,-3.794570348934495,-1.2116865709247553,-3.193075271743182,-3.748608892433139,-11.96988551075875,-5.225345920375226,12.85357988434073,1.4418431287610949
EFT:-7.163924201296449,-8.389588789397193,-3.7945703489344953,-1.2116865709247562,-3.193075271743182,-3.7486088924331398,-11.96988551075875,-5.225345920375227,12.85357988434073,1.4418431287610942
Random291
Raw:-7.1639242012964495,-8.389588789397193,-3.794570348934495,-1.211686570924756,-3.193075271743186,-3.74860889243314,-11.969885510758752,-5.2253459203752275,12.853579884340729,1.4418431287610918
EFT:-7.163924201296449,-8.389588789397193,-3.7945703489344953,-1.2116865709247562,-3.193075271743182,-3.7486088924331398,-11.96988551075875,-5.225345920375227,12.85357988434073,1.4418431287610942
Random292
Raw:-7.1639242012964495,-8.389588789397191,-3.794570348934495,-1.2116865709247557,-3.193075271743182,-3.7486088924331384,-11.969885510758752,-5.225345920375227,12.853579884340729,1.4418431287610949
EFT:-7.163924201296449,-8.389588789397193,-3.7945703489344953,-1.2116865709247562,-3.193075271743182,-3.7486088924331398,-11.96988551075875,-5.225345920375227,12.85357988434073,1.4418431287610942
Random293
Raw:-7.163924201296447,-8.389588789397195,-3.794570348934495,-1.2116865709247566,-3.193075271743183,-3.7486088924331398,-11.969885510758752,-5.2253459203752275,12.853579884340727,1.4418431287610922
EFT:-7.163924201296449,-8.389588789397193,-3.7945703489344953,-1.2116865709247562,-3.193075271743182,-3.7486088924331398,-11.96988551075875,-5.225345920375227,12.85357988434073,1.4418431287610942
Random294
Raw:-7.163924201296448,-8.389588789397193,-3.794570348934495,-1.2116865709247562,-3.193075271743183,-3.7486088924331398,-11.969885510758754,-5.225345920375227,12.85357988434073,1.4418431287610947
EFT:-7.163924201296449,-8.389588789397193,-3.7945703489344953,-1.2116865709247562,-3.193075271743182,-3.7486088924331398,-11.96988551075875,-5.225345920375227,12.85357988434073,1.4418431287610942
Random295
Raw:-7.163924201296448,-8.389588789397193,-3.7945703489344953,-1.2116865709247553,-3.193075271743184,-3.748608892433141,-11.96988551075875,-5.225345920375227,12.853579884340729,1.4418431287610918
EFT:-7.163924201296449,-8.389588789397193,-3.7945703489344953,-1.2116865709247562,-3.193075271743182,-3.7486088924331398,-11.96988551075875,-5.225345920375227,12.85357988434073,1.4418431287610942
Random296
Raw:-7.163924201296449,-8.389588789397193,-3.794570348934495,-1.2116865709247557,-3.193075271743184,-3.7486088924331398,-11.969885510758752,-5.225345920375228,12.85357988434073,1.4418431287610944
EFT:-7.163924201296449,-8.389588789397193,-3.7945703489344953,-1.2116865709247564,-3.193075271743182,-3.7486088924331398,-11.96988551075875,-5.225345920375227,12.85357988434073,1.4418431287610942
Random297
Raw:-7.163924201296449,-8.389588789397195,-3.794570348934495,-1.2116865709247557,-3.193075271743185,-3.74860889243314,-11.969885510758752,-5.225345920375228,12.85357988434073,1.4418431287610922
EFT:-7.163924201296449,-8.389588789397193,-3.7945703489344953,-1.2116865709247562,-3.193075271743182,-3.7486088924331398,-11.96988551075875,-5.225345920375227,12.85357988434073,1.4418431287610942
Random298
Raw:-7.163924201296447,-8.389588789397195,-3.794570348934495,-1.211686570924757,-3.1930752717431825,-3.7486088924331398,-11.96988551075875,-5.225345920375226,12.853579884340729,1.4418431287610955
EFT:-7.163924201296449,-8.389588789397193,-3.7945703489344953,-1.2116865709247562,-3.193075271743182,-3.7486088924331398,-11.96988551075875,-5.225345920375227,12.85357988434073,1.4418431287610942
Random299
Raw:-7.1639242012964495,-8.389588789397191,-3.794570348934495,-1.2116865709247557,-3.193075271743182,-3.7486088924331393,-11.969885510758752,-5.225345920375227,12.853579884340732,1.4418431287610938
EFT:-7.163924201296449,-8.389588789397193,-3.7945703489344953,-1.2116865709247562,-3.193075271743182,-3.7486088924331398,-11.96988551075875,-5.225345920375227,12.85357988434073,1.4418431287610942
Random300
Raw:-7.163924201296448,-8.389588789397193,-3.7945703489344953,-1.2116865709247557,-3.1930752717431834,-3.74860889243314,-11.969885510758754,-5.2253459203752275,12.85357988434073,1.4418431287610936
EFT:-7.163924201296449,-8.389588789397193,-3.7945703489344953,-1.2116865709247564,-3.193075271743182,-3.7486088924331398,-11.96988551075875,-5.225345920375227,12.85357988434073,1.4418431287610942
