Tensorflow
4.4686113e-10,2.986796e-11,9.024352e-09,7.425584e-08,0.008497062,1.7759728e-06,6.491869e-20,1.0464988e-06,4.7757416e-09,0.9915001
Original
4.4685772e-10,2.9867674e-11,9.024266e-09,7.425542e-08,0.008496997,1.7759592e-06,6.491746e-20,1.0464888e-06,4.7757056e-09,0.9915001
Ascend
4.4686113e-10,2.986796e-11,9.024352e-09,7.425584e-08,0.008497062,1.7759728e-06,6.4918446e-20,1.0464969e-06,4.7757416e-09,0.9915001
Descend
4.4686113e-10,2.9867903e-11,9.024352e-09,7.425584e-08,0.008497062,1.7759728e-06,6.49182e-20,1.0464948e-06,4.7757416e-09,0.9915001
Random1
Raw:4.4686113e-10,2.9867903e-11,9.024352e-09,7.425584e-08,0.00849703,1.7759728e-06,6.4918446e-20,1.0464948e-06,4.7757416e-09,0.9915001
EFT:4.4685944e-10,2.9867844e-11,9.024334e-09,7.42557e-08,0.00849703,1.7759661e-06,6.49182e-20,1.0464948e-06,4.7757327e-09,0.9915001
Random2
Raw:4.4686285e-10,2.986796e-11,9.024387e-09,7.425598e-08,0.008497062,1.7759762e-06,6.491869e-20,1.0464988e-06,4.7757416e-09,0.9915001
EFT:4.4685944e-10,2.9867844e-11,9.024334e-09,7.42557e-08,0.00849703,1.7759661e-06,6.49182e-20,1.0464948e-06,4.7757327e-09,0.9915001
Random3
Raw:4.4686285e-10,2.9868073e-11,9.024387e-09,7.425598e-08,0.008497062,1.7759762e-06,6.4918944e-20,1.0465028e-06,4.7757416e-09,0.9915001
EFT:4.4685944e-10,2.9867844e-11,9.024334e-09,7.42557e-08,0.00849703,1.7759661e-06,6.49182e-20,1.0464948e-06,4.7757327e-09,0.9915001
Random4
Raw:4.46862e-10,2.986796e-11,9.024352e-09,7.425612e-08,0.00849703,1.7759728e-06,6.4918446e-20,1.0464988e-06,4.775751e-09,0.9915001
EFT:4.4685944e-10,2.9867844e-11,9.024334e-09,7.42557e-08,0.00849703,1.7759661e-06,6.49182e-20,1.0464948e-06,4.7757327e-09,0.9915001
Random5
Raw:4.4686113e-10,2.986796e-11,9.024352e-09,7.425584e-08,0.008497062,1.7759762e-06,6.491869e-20,1.0464988e-06,4.7757416e-09,0.9915001
EFT:4.4685944e-10,2.9867844e-11,9.024334e-09,7.42557e-08,0.00849703,1.7759661e-06,6.49182e-20,1.0464948e-06,4.7757327e-09,0.9915001
Random6
Raw:4.4686027e-10,2.9867844e-11,9.024317e-09,7.425584e-08,0.00849703,1.7759661e-06,6.491795e-20,1.0464928e-06,4.7757327e-09,0.9915001
EFT:4.4685944e-10,2.9867844e-11,9.024334e-09,7.42557e-08,0.00849703,1.7759661e-06,6.49182e-20,1.0464948e-06,4.7757327e-09,0.9915001
Random7
Raw:4.4686368e-10,2.9868073e-11,9.024404e-09,7.425612e-08,0.008497062,1.7759796e-06,6.491919e-20,1.0465008e-06,4.7757602e-09,0.9915001
EFT:4.4685944e-10,2.9867844e-11,9.024334e-09,7.42557e-08,0.00849703,1.7759661e-06,6.49182e-20,1.0464948e-06,4.7757327e-09,0.9915001
Random8
Raw:4.4686113e-10,2.986796e-11,9.024352e-09,7.425584e-08,0.00849703,1.7759728e-06,6.491869e-20,1.0464969e-06,4.7757416e-09,0.9915001
EFT:4.4685944e-10,2.9867844e-11,9.024334e-09,7.42557e-08,0.00849703,1.7759661e-06,6.49182e-20,1.0464948e-06,4.7757327e-09,0.9915001
Random9
Raw:4.4686113e-10,2.9867903e-11,9.024352e-09,7.425584e-08,0.00849703,1.7759728e-06,6.4918446e-20,1.0464969e-06,4.7757416e-09,0.9915001
EFT:4.4685944e-10,2.9867844e-11,9.024334e-09,7.42557e-08,0.00849703,1.7759661e-06,6.49182e-20,1.0464948e-06,4.7757327e-09,0.9915001
Random10
Raw:4.4686285e-10,2.9868018e-11,9.024352e-09,7.425612e-08,0.00849703,1.7759728e-06,6.491869e-20,1.0464969e-06,4.7757602e-09,0.9915001
EFT:4.4685944e-10,2.9867844e-11,9.024334e-09,7.42557e-08,0.00849703,1.7759661e-06,6.49182e-20,1.0464948e-06,4.7757327e-09,0.9915001
Random11
Raw:4.4686113e-10,2.9867844e-11,9.024334e-09,7.425584e-08,0.008496997,1.7759694e-06,6.4918446e-20,1.0464948e-06,4.7757416e-09,0.9915001
EFT:4.4685944e-10,2.9867844e-11,9.024334e-09,7.42557e-08,0.00849703,1.7759661e-06,6.49182e-20,1.0464948e-06,4.7757327e-09,0.9915001
Random12
Raw:4.4686455e-10,2.9868132e-11,9.02442e-09,7.425626e-08,0.008497062,1.7759796e-06,6.491919e-20,1.0465028e-06,4.7757696e-09,0.9915001
EFT:4.4685944e-10,2.9867844e-11,9.024334e-09,7.42557e-08,0.00849703,1.7759661e-06,6.49182e-20,1.0464948e-06,4.7757327e-09,0.9915001
Random13
Raw:4.4686113e-10,2.9867903e-11,9.024352e-09,7.425584e-08,0.008497062,1.7759728e-06,6.49182e-20,1.0464988e-06,4.7757416e-09,0.9915001
EFT:4.4685944e-10,2.9867844e-11,9.024334e-09,7.42557e-08,0.00849703,1.7759661e-06,6.49182e-20,1.0464948e-06,4.7757327e-09,0.9915001
Random14
Raw:4.4686285e-10,2.9868073e-11,9.024387e-09,7.425612e-08,0.008497062,1.7759796e-06,6.4918944e-20,1.0465008e-06,4.775751e-09,0.9915001
EFT:4.4685944e-10,2.9867844e-11,9.024334e-09,7.42557e-08,0.00849703,1.7759661e-06,6.49182e-20,1.0464948e-06,4.7757327e-09,0.9915001
Random15
Raw:4.4686113e-10,2.986796e-11,9.024352e-09,7.425584e-08,0.008497062,1.7759728e-06,6.491869e-20,1.0464969e-06,4.7757416e-09,0.9915001
EFT:4.4685944e-10,2.9867844e-11,9.024334e-09,7.42557e-08,0.00849703,1.7759661e-06,6.49182e-20,1.0464948e-06,4.7757327e-09,0.9915001
Random16
Raw:4.4686113e-10,2.9868018e-11,9.024369e-09,7.425584e-08,0.00849703,1.7759728e-06,6.491869e-20,1.0464969e-06,4.7757602e-09,0.9915001
EFT:4.4685944e-10,2.9867844e-11,9.024334e-09,7.42557e-08,0.00849703,1.7759661e-06,6.49182e-20,1.0464948e-06,4.7757327e-09,0.9915001
Random17
Raw:4.4686285e-10,2.9868073e-11,9.024387e-09,7.425612e-08,0.00849703,1.7759796e-06,6.491869e-20,1.0465008e-06,4.7757602e-09,0.9915001
EFT:4.4685944e-10,2.9867844e-11,9.024334e-09,7.42557e-08,0.00849703,1.7759661e-06,6.49182e-20,1.0464948e-06,4.7757327e-09,0.9915001
Random18
Raw:4.4686285e-10,2.9868018e-11,9.024352e-09,7.425598e-08,0.00849703,1.7759694e-06,6.491869e-20,1.0464969e-06,4.7757416e-09,0.9915001
EFT:4.4685944e-10,2.9867844e-11,9.024334e-09,7.42557e-08,0.00849703,1.7759661e-06,6.49182e-20,1.0464948e-06,4.7757327e-09,0.9915001
Random19
Raw:4.4686113e-10,2.9867903e-11,9.024334e-09,7.425584e-08,0.008496997,1.7759694e-06,6.4918446e-20,1.0464928e-06,4.7757416e-09,0.9915001
EFT:4.4685944e-10,2.9867844e-11,9.024334e-09,7.42557e-08,0.00849703,1.7759661e-06,6.49182e-20,1.0464948e-06,4.7757327e-09,0.9915001
Random20
Raw:4.4686113e-10,2.986796e-11,9.024352e-09,7.425584e-08,0.00849703,1.7759694e-06,6.491869e-20,1.0464969e-06,4.7757234e-09,0.9915001
EFT:4.4685944e-10,2.9867844e-11,9.024334e-09,7.42557e-08,0.00849703,1.7759661e-06,6.49182e-20,1.0464948e-06,4.7757327e-09,0.9915001
Random21
Raw:4.4685944e-10,2.9867844e-11,9.024317e-09,7.42557e-08,0.00849703,1.7759694e-06,6.49182e-20,1.0464948e-06,4.7757327e-09,0.9915001
EFT:4.4685944e-10,2.9867844e-11,9.024334e-09,7.42557e-08,0.00849703,1.7759661e-06,6.49182e-20,1.0464948e-06,4.7757327e-09,0.9915001
Random22
Raw:4.4686285e-10,2.9868073e-11,9.024387e-09,7.425612e-08,0.008497062,1.7759796e-06,6.491869e-20,1.0465008e-06,4.775751e-09,0.9915001
EFT:4.4685944e-10,2.9867844e-11,9.024334e-09,7.42557e-08,0.00849703,1.7759661e-06,6.49182e-20,1.0464948e-06,4.7757327e-09,0.9915001
Random23
Raw:4.4686027e-10,2.9867844e-11,9.024317e-09,7.42557e-08,0.00849703,1.7759694e-06,6.49182e-20,1.0464928e-06,4.7757234e-09,0.9915001
EFT:4.4685944e-10,2.9867844e-11,9.024334e-09,7.42557e-08,0.00849703,1.7759661e-06,6.49182e-20,1.0464948e-06,4.7757327e-09,0.9915001
Random24
Raw:4.4686455e-10,2.9868132e-11,9.024387e-09,7.425612e-08,0.008497062,1.7759762e-06,6.491919e-20,1.0465008e-06,4.7757602e-09,0.9915001
EFT:4.4685944e-10,2.9867844e-11,9.024334e-09,7.42557e-08,0.00849703,1.7759661e-06,6.49182e-20,1.0464948e-06,4.7757327e-09,0.9915001
Random25
Raw:4.4686113e-10,2.986796e-11,9.024334e-09,7.425584e-08,0.008497062,1.7759694e-06,6.4918446e-20,1.0464969e-06,4.7757416e-09,0.9915001
EFT:4.4685944e-10,2.9867844e-11,9.024334e-09,7.42557e-08,0.00849703,1.7759661e-06,6.49182e-20,1.0464948e-06,4.7757327e-09,0.9915001
Random26
Raw:4.4686285e-10,2.9868073e-11,9.024387e-09,7.425612e-08,0.00849703,1.7759728e-06,6.491869e-20,1.0464988e-06,4.7757602e-09,0.9915001
EFT:4.4685944e-10,2.9867844e-11,9.024334e-09,7.42557e-08,0.00849703,1.7759661e-06,6.49182e-20,1.0464948e-06,4.7757327e-09,0.9915001
Random27
Raw:4.4686113e-10,2.986796e-11,9.024352e-09,7.42557e-08,0.008497062,1.7759728e-06,6.4918446e-20,1.0464988e-06,4.7757234e-09,0.9915001
EFT:4.4685944e-10,2.9867844e-11,9.024334e-09,7.42557e-08,0.00849703,1.7759661e-06,6.49182e-20,1.0464948e-06,4.7757327e-09,0.9915001
Random28
Raw:4.4686027e-10,2.9867903e-11,9.024352e-09,7.42557e-08,0.008497062,1.7759694e-06,6.49182e-20,1.0464969e-06,4.7757327e-09,0.9915001
EFT:4.4685944e-10,2.9867844e-11,9.024334e-09,7.42557e-08,0.00849703,1.7759661e-06,6.49182e-20,1.0464948e-06,4.7757327e-09,0.9915001
Random29
Raw:4.46862e-10,2.9868018e-11,9.024369e-09,7.425612e-08,0.00849703,1.7759728e-06,6.491869e-20,1.0464969e-06,4.7757602e-09,0.9915001
EFT:4.4685944e-10,2.9867844e-11,9.024334e-09,7.42557e-08,0.00849703,1.7759661e-06,6.49182e-20,1.0464948e-06,4.7757327e-09,0.9915001
Random30
Raw:4.4686113e-10,2.986796e-11,9.024352e-09,7.425584e-08,0.00849703,1.7759728e-06,6.491869e-20,1.0464969e-06,4.7757416e-09,0.9915001
EFT:4.4685944e-10,2.9867844e-11,9.024334e-09,7.42557e-08,0.00849703,1.7759661e-06,6.49182e-20,1.0464948e-06,4.7757327e-09,0.9915001
Random31
Raw:4.4686285e-10,2.9868018e-11,9.024352e-09,7.425584e-08,0.008496997,1.7759694e-06,6.491869e-20,1.0464969e-06,4.775751e-09,0.9915001
EFT:4.4685944e-10,2.9867844e-11,9.024334e-09,7.42557e-08,0.00849703,1.7759661e-06,6.49182e-20,1.0464948e-06,4.7757327e-09,0.9915001
Random32
Raw:4.4686285e-10,2.9868073e-11,9.024387e-09,7.425612e-08,0.00849703,1.7759762e-06,6.491869e-20,1.0464969e-06,4.775778e-09,0.9915001
EFT:4.4685944e-10,2.9867844e-11,9.024334e-09,7.42557e-08,0.00849703,1.7759661e-06,6.49182e-20,1.0464948e-06,4.7757327e-09,0.9915001
Random33
Raw:4.4686113e-10,2.986796e-11,9.024352e-09,7.425584e-08,0.00849703,1.7759728e-06,6.4918446e-20,1.0464969e-06,4.7757416e-09,0.9915001
EFT:4.4685944e-10,2.9867844e-11,9.024334e-09,7.42557e-08,0.00849703,1.7759661e-06,6.49182e-20,1.0464948e-06,4.7757327e-09,0.9915001
Random34
Raw:4.4686027e-10,2.9867792e-11,9.024317e-09,7.42557e-08,0.00849703,1.7759661e-06,6.491795e-20,1.0464928e-06,4.7757234e-09,0.9915001
EFT:4.4685944e-10,2.9867844e-11,9.024334e-09,7.42557e-08,0.00849703,1.7759661e-06,6.49182e-20,1.0464948e-06,4.7757327e-09,0.9915001
Random35
Raw:4.4686113e-10,2.9867844e-11,9.024317e-09,7.42557e-08,0.00849703,1.7759694e-06,6.49182e-20,1.0464928e-06,4.7757327e-09,0.9915001
EFT:4.4685944e-10,2.9867844e-11,9.024334e-09,7.42557e-08,0.00849703,1.7759661e-06,6.49182e-20,1.0464948e-06,4.7757327e-09,0.9915001
Random36
Raw:4.4686113e-10,2.986796e-11,9.024352e-09,7.425584e-08,0.00849703,1.7759762e-06,6.4918446e-20,1.0464969e-06,4.7757416e-09,0.9915001
EFT:4.4685944e-10,2.9867844e-11,9.024334e-09,7.42557e-08,0.00849703,1.7759661e-06,6.49182e-20,1.0464948e-06,4.7757327e-09,0.9915001
Random37
Raw:4.4686285e-10,2.9868073e-11,9.024369e-09,7.425584e-08,0.008496997,1.7759728e-06,6.4918944e-20,1.0464969e-06,4.7757602e-09,0.9915001
EFT:4.4685944e-10,2.9867844e-11,9.024334e-09,7.42557e-08,0.00849703,1.7759661e-06,6.49182e-20,1.0464948e-06,4.7757327e-09,0.9915001
Random38
Raw:4.46862e-10,2.986796e-11,9.024369e-09,7.425584e-08,0.00849703,1.7759762e-06,6.4918446e-20,1.0464969e-06,4.7757416e-09,0.9915001
EFT:4.4685944e-10,2.9867844e-11,9.024334e-09,7.42557e-08,0.00849703,1.7759661e-06,6.49182e-20,1.0464948e-06,4.7757327e-09,0.9915001
Random39
Raw:4.4686285e-10,2.9868073e-11,9.024387e-09,7.425612e-08,0.00849703,1.7759762e-06,6.491869e-20,1.0465028e-06,4.775751e-09,0.9915001
EFT:4.4685944e-10,2.9867844e-11,9.024334e-09,7.42557e-08,0.00849703,1.7759661e-06,6.49182e-20,1.0464948e-06,4.7757327e-09,0.9915001
Random40
Raw:4.4686368e-10,2.9868132e-11,9.024387e-09,7.425626e-08,0.008497062,1.7759796e-06,6.4918944e-20,1.0465008e-06,4.7757602e-09,0.9915001
EFT:4.4685944e-10,2.9867844e-11,9.024334e-09,7.42557e-08,0.00849703,1.7759661e-06,6.49182e-20,1.0464948e-06,4.7757327e-09,0.9915001
Random41
Raw:4.46862e-10,2.9868018e-11,9.024369e-09,7.425584e-08,0.008497062,1.7759728e-06,6.491869e-20,1.0465008e-06,4.7757416e-09,0.9915001
EFT:4.4685944e-10,2.9867844e-11,9.024334e-09,7.42557e-08,0.00849703,1.7759661e-06,6.49182e-20,1.0464948e-06,4.7757327e-09,0.9915001
Random42
Raw:4.4686368e-10,2.9868132e-11,9.024387e-09,7.425612e-08,0.00849703,1.7759762e-06,6.4918944e-20,1.0464988e-06,4.7757696e-09,0.9915001
EFT:4.4685944e-10,2.9867844e-11,9.024334e-09,7.42557e-08,0.00849703,1.7759661e-06,6.49182e-20,1.0464948e-06,4.7757327e-09,0.9915001
Random43
Raw:4.4686027e-10,2.9867903e-11,9.024317e-09,7.425556e-08,0.008496997,1.7759661e-06,6.4918446e-20,1.0464928e-06,4.7757327e-09,0.9915001
EFT:4.4685944e-10,2.9867844e-11,9.024334e-09,7.42557e-08,0.00849703,1.7759661e-06,6.49182e-20,1.0464948e-06,4.7757327e-09,0.9915001
Random44
Raw:4.4686113e-10,2.986796e-11,9.024352e-09,7.425584e-08,0.00849703,1.7759728e-06,6.491869e-20,1.0464969e-06,4.7757327e-09,0.9915001
EFT:4.4685944e-10,2.9867844e-11,9.024334e-09,7.42557e-08,0.00849703,1.7759661e-06,6.49182e-20,1.0464948e-06,4.7757327e-09,0.9915001
Random45
Raw:4.4686113e-10,2.986796e-11,9.024352e-09,7.425598e-08,0.008496997,1.7759728e-06,6.4918446e-20,1.0464969e-06,4.7757602e-09,0.9915001
EFT:4.4685944e-10,2.9867844e-11,9.024334e-09,7.42557e-08,0.00849703,1.7759661e-06,6.49182e-20,1.0464948e-06,4.7757327e-09,0.9915001
Random46
Raw:4.4685944e-10,2.9867844e-11,9.024317e-09,7.425556e-08,0.00849703,1.7759661e-06,6.49182e-20,1.0464928e-06,4.7757234e-09,0.9915001
EFT:4.4685944e-10,2.9867844e-11,9.024334e-09,7.42557e-08,0.00849703,1.7759661e-06,6.49182e-20,1.0464948e-06,4.7757327e-09,0.9915001
Random47
Raw:4.4686113e-10,2.986796e-11,9.024352e-09,7.425584e-08,0.008496997,1.7759728e-06,6.491869e-20,1.0464948e-06,4.775751e-09,0.9915001
EFT:4.4685944e-10,2.9867844e-11,9.024334e-09,7.42557e-08,0.00849703,1.7759661e-06,6.49182e-20,1.0464948e-06,4.7757327e-09,0.9915001
Random48
Raw:4.4686113e-10,2.986796e-11,9.024352e-09,7.425584e-08,0.00849703,1.7759728e-06,6.491869e-20,1.0464948e-06,4.7757327e-09,0.9915001
EFT:4.4685944e-10,2.9867844e-11,9.024334e-09,7.42557e-08,0.00849703,1.7759661e-06,6.49182e-20,1.0464948e-06,4.7757327e-09,0.9915001
Random49
Raw:4.4686113e-10,2.986796e-11,9.024352e-09,7.425598e-08,0.008497062,1.7759728e-06,6.4918446e-20,1.0464969e-06,4.7757416e-09,0.9915001
EFT:4.4685944e-10,2.9867844e-11,9.024334e-09,7.42557e-08,0.00849703,1.7759661e-06,6.49182e-20,1.0464948e-06,4.7757327e-09,0.9915001
Random50
Raw:4.4686113e-10,2.9867844e-11,9.024317e-09,7.425584e-08,0.00849703,1.7759661e-06,6.491795e-20,1.0464928e-06,4.7757234e-09,0.9915001
EFT:4.4685944e-10,2.9867844e-11,9.024334e-09,7.42557e-08,0.00849703,1.7759661e-06,6.49182e-20,1.0464948e-06,4.7757327e-09,0.9915001
Random51
Raw:4.4686455e-10,2.9868073e-11,9.024387e-09,7.425626e-08,0.008497062,1.7759796e-06,6.4918944e-20,1.0465008e-06,4.7757602e-09,0.9915001
EFT:4.4685944e-10,2.9867844e-11,9.024334e-09,7.42557e-08,0.00849703,1.7759661e-06,6.49182e-20,1.0464948e-06,4.7757327e-09,0.9915001
Random52
Raw:4.4685944e-10,2.9867844e-11,9.024317e-09,7.425556e-08,0.00849703,1.7759694e-06,6.4918446e-20,1.0464928e-06,4.7757327e-09,0.9915001
EFT:4.4685944e-10,2.9867844e-11,9.024334e-09,7.42557e-08,0.00849703,1.7759661e-06,6.49182e-20,1.0464948e-06,4.7757327e-09,0.9915001
Random53
Raw:4.46862e-10,2.986796e-11,9.024369e-09,7.425598e-08,0.00849703,1.7759728e-06,6.491869e-20,1.0464988e-06,4.7757416e-09,0.9915001
EFT:4.4685944e-10,2.9867844e-11,9.024334e-09,7.42557e-08,0.00849703,1.7759661e-06,6.49182e-20,1.0464948e-06,4.7757327e-09,0.9915001
Random54
Raw:4.4686113e-10,2.9867844e-11,9.024317e-09,7.42557e-08,0.008496997,1.7759661e-06,6.49182e-20,1.0464948e-06,4.7757327e-09,0.9915001
EFT:4.4685944e-10,2.9867844e-11,9.024334e-09,7.42557e-08,0.00849703,1.7759661e-06,6.49182e-20,1.0464948e-06,4.7757327e-09,0.9915001
Random55
Raw:4.46862e-10,2.986796e-11,9.024352e-09,7.425612e-08,0.00849703,1.7759762e-06,6.4918446e-20,1.0464988e-06,4.775751e-09,0.9915001
EFT:4.4685944e-10,2.9867844e-11,9.024334e-09,7.42557e-08,0.00849703,1.7759661e-06,6.49182e-20,1.0464948e-06,4.7757327e-09,0.9915001
Random56
Raw:4.4686285e-10,2.9868073e-11,9.024387e-09,7.425612e-08,0.00849703,1.7759762e-06,6.491869e-20,1.0465008e-06,4.7757602e-09,0.9915001
EFT:4.4685944e-10,2.9867844e-11,9.024334e-09,7.42557e-08,0.00849703,1.7759661e-06,6.49182e-20,1.0464948e-06,4.7757327e-09,0.9915001
Random57
Raw:4.4686027e-10,2.9867844e-11,9.024317e-09,7.425556e-08,0.008496997,1.7759694e-06,6.49182e-20,1.0464928e-06,4.7757234e-09,0.9915001
EFT:4.4685944e-10,2.9867844e-11,9.024334e-09,7.42557e-08,0.00849703,1.7759661e-06,6.49182e-20,1.0464948e-06,4.7757327e-09,0.9915001
Random58
Raw:4.4686285e-10,2.9868018e-11,9.024387e-09,7.425612e-08,0.008497062,1.7759762e-06,6.491869e-20,1.0465008e-06,4.7757416e-09,0.9915001
EFT:4.4685944e-10,2.9867844e-11,9.024334e-09,7.42557e-08,0.00849703,1.7759661e-06,6.49182e-20,1.0464948e-06,4.7757327e-09,0.9915001
Random59
Raw:4.4686285e-10,2.9868018e-11,9.024369e-09,7.425598e-08,0.00849703,1.7759694e-06,6.491869e-20,1.0464969e-06,4.7757416e-09,0.9915001
EFT:4.4685944e-10,2.9867844e-11,9.024334e-09,7.42557e-08,0.00849703,1.7759661e-06,6.49182e-20,1.0464948e-06,4.7757327e-09,0.9915001
Random60
Raw:4.46862e-10,2.986796e-11,9.024352e-09,7.425598e-08,0.00849703,1.7759762e-06,6.4918446e-20,1.0464969e-06,4.775751e-09,0.9915001
EFT:4.4685944e-10,2.9867844e-11,9.024334e-09,7.42557e-08,0.00849703,1.7759661e-06,6.49182e-20,1.0464948e-06,4.7757327e-09,0.9915001
Random61
Raw:4.46862e-10,2.986796e-11,9.024352e-09,7.425584e-08,0.008497062,1.7759728e-06,6.4918446e-20,1.0464988e-06,4.7757416e-09,0.9915001
EFT:4.4685944e-10,2.9867844e-11,9.024334e-09,7.42557e-08,0.00849703,1.7759661e-06,6.49182e-20,1.0464948e-06,4.7757327e-09,0.9915001
Random62
Raw:4.4686285e-10,2.9868018e-11,9.024369e-09,7.425584e-08,0.00849703,1.7759728e-06,6.4918944e-20,1.0464969e-06,4.7757416e-09,0.9915001
EFT:4.4685944e-10,2.9867844e-11,9.024334e-09,7.42557e-08,0.00849703,1.7759661e-06,6.49182e-20,1.0464948e-06,4.7757327e-09,0.9915001
Random63
Raw:4.4686285e-10,2.9868018e-11,9.024369e-09,7.425612e-08,0.00849703,1.7759762e-06,6.491869e-20,1.0464969e-06,4.7757602e-09,0.9915001
EFT:4.4685944e-10,2.9867844e-11,9.024334e-09,7.42557e-08,0.00849703,1.7759661e-06,6.49182e-20,1.0464948e-06,4.7757327e-09,0.9915001
Random64
Raw:4.4686627e-10,2.9868243e-11,9.02442e-09,7.4256405e-08,0.008497062,1.7759829e-06,6.491919e-20,1.0465048e-06,4.7757873e-09,0.9915001
EFT:4.4685944e-10,2.9867844e-11,9.024334e-09,7.42557e-08,0.00849703,1.7759661e-06,6.49182e-20,1.0464948e-06,4.7757327e-09,0.9915001
Random65
Raw:4.4686368e-10,2.9868073e-11,9.024387e-09,7.425626e-08,0.008497062,1.7759796e-06,6.491869e-20,1.0465008e-06,4.7757602e-09,0.9915001
EFT:4.4685944e-10,2.9867844e-11,9.024334e-09,7.42557e-08,0.00849703,1.7759661e-06,6.49182e-20,1.0464948e-06,4.7757327e-09,0.9915001
Random66
Raw:4.4686113e-10,2.9868018e-11,9.024352e-09,7.425584e-08,0.008497062,1.7759762e-06,6.491869e-20,1.0464988e-06,4.7757416e-09,0.9915001
EFT:4.4685944e-10,2.9867844e-11,9.024334e-09,7.42557e-08,0.00849703,1.7759661e-06,6.49182e-20,1.0464948e-06,4.7757327e-09,0.9915001
Random67
Raw:4.4686113e-10,2.9867903e-11,9.024334e-09,7.425584e-08,0.00849703,1.7759728e-06,6.4918446e-20,1.0464928e-06,4.7757327e-09,0.9915001
EFT:4.4685944e-10,2.9867844e-11,9.024334e-09,7.42557e-08,0.00849703,1.7759661e-06,6.49182e-20,1.0464948e-06,4.7757327e-09,0.9915001
Random68
Raw:4.4686285e-10,2.9868073e-11,9.024387e-09,7.425612e-08,0.00849703,1.7759728e-06,6.491869e-20,1.0464969e-06,4.7757602e-09,0.9915001
EFT:4.4685944e-10,2.9867844e-11,9.024334e-09,7.42557e-08,0.00849703,1.7759661e-06,6.49182e-20,1.0464948e-06,4.7757327e-09,0.9915001
Random69
Raw:4.4686113e-10,2.9867903e-11,9.024334e-09,7.425584e-08,0.00849703,1.7759694e-06,6.4918446e-20,1.0464928e-06,4.7757416e-09,0.9915001
EFT:4.4685944e-10,2.9867844e-11,9.024334e-09,7.42557e-08,0.00849703,1.7759661e-06,6.49182e-20,1.0464948e-06,4.7757327e-09,0.9915001
Random70
Raw:4.4686113e-10,2.9867844e-11,9.024317e-09,7.425584e-08,0.00849703,1.7759694e-06,6.49182e-20,1.0464928e-06,4.7757327e-09,0.9915001
EFT:4.4685944e-10,2.9867844e-11,9.024334e-09,7.42557e-08,0.00849703,1.7759661e-06,6.49182e-20,1.0464948e-06,4.7757327e-09,0.9915001
Random71
Raw:4.4686368e-10,2.9868073e-11,9.024387e-09,7.425612e-08,0.008497062,1.7759762e-06,6.4918944e-20,1.0465008e-06,4.7757696e-09,0.9915001
EFT:4.4685944e-10,2.9867844e-11,9.024334e-09,7.42557e-08,0.00849703,1.7759661e-06,6.49182e-20,1.0464948e-06,4.7757327e-09,0.9915001
Random72
Raw:4.4686113e-10,2.986796e-11,9.024352e-09,7.425584e-08,0.008497062,1.7759728e-06,6.4918446e-20,1.0464969e-06,4.775751e-09,0.9915001
EFT:4.4685944e-10,2.9867844e-11,9.024334e-09,7.42557e-08,0.00849703,1.7759661e-06,6.49182e-20,1.0464948e-06,4.7757327e-09,0.9915001
Random73
Raw:4.4686285e-10,2.986796e-11,9.024352e-09,7.425598e-08,0.00849703,1.7759728e-06,6.4918446e-20,1.0464988e-06,4.7757416e-09,0.9915001
EFT:4.4685944e-10,2.9867844e-11,9.024334e-09,7.42557e-08,0.00849703,1.7759661e-06,6.49182e-20,1.0464948e-06,4.7757327e-09,0.9915001
Random74
Raw:4.4686027e-10,2.9867903e-11,9.024352e-09,7.425584e-08,0.008497062,1.7759728e-06,6.4918446e-20,1.0464969e-06,4.7757416e-09,0.9915001
EFT:4.4685944e-10,2.9867844e-11,9.024334e-09,7.42557e-08,0.00849703,1.7759661e-06,6.49182e-20,1.0464948e-06,4.7757327e-09,0.9915001
Random75
Raw:4.4686285e-10,2.9868018e-11,9.024369e-09,7.425612e-08,0.00849703,1.7759728e-06,6.491869e-20,1.0464969e-06,4.7757602e-09,0.9915001
EFT:4.4685944e-10,2.9867844e-11,9.024334e-09,7.42557e-08,0.00849703,1.7759661e-06,6.49182e-20,1.0464948e-06,4.7757327e-09,0.9915001
Random76
Raw:4.4686113e-10,2.9867844e-11,9.024334e-09,7.425584e-08,0.008497062,1.7759661e-06,6.49182e-20,1.0464969e-06,4.7757234e-09,0.9915001
EFT:4.4685944e-10,2.9867844e-11,9.024334e-09,7.42557e-08,0.00849703,1.7759661e-06,6.49182e-20,1.0464948e-06,4.7757327e-09,0.9915001
Random77
Raw:4.4686027e-10,2.9867844e-11,9.024334e-09,7.42557e-08,0.00849703,1.7759661e-06,6.49182e-20,1.0464948e-06,4.7757234e-09,0.9915001
EFT:4.4685944e-10,2.9867844e-11,9.024334e-09,7.42557e-08,0.00849703,1.7759661e-06,6.49182e-20,1.0464948e-06,4.7757327e-09,0.9915001
Random78
Raw:4.4685772e-10,2.9867733e-11,9.0243e-09,7.425542e-08,0.008496997,1.7759592e-06,6.49177e-20,1.0464909e-06,4.7757056e-09,0.9915001
EFT:4.4685944e-10,2.9867844e-11,9.024334e-09,7.42557e-08,0.00849703,1.7759661e-06,6.49182e-20,1.0464948e-06,4.7757327e-09,0.9915001
Random79
Raw:4.4686113e-10,2.986796e-11,9.024352e-09,7.425584e-08,0.00849703,1.7759728e-06,6.4918446e-20,1.0464969e-06,4.7757416e-09,0.9915001
EFT:4.4685944e-10,2.9867844e-11,9.024334e-09,7.42557e-08,0.00849703,1.7759661e-06,6.49182e-20,1.0464948e-06,4.7757327e-09,0.9915001
Random80
Raw:4.4686285e-10,2.9868073e-11,9.024387e-09,7.425612e-08,0.00849703,1.7759728e-06,6.4918944e-20,1.0464988e-06,4.7757602e-09,0.9915001
EFT:4.4685944e-10,2.9867844e-11,9.024334e-09,7.42557e-08,0.00849703,1.7759661e-06,6.49182e-20,1.0464948e-06,4.7757327e-09,0.9915001
Random81
Raw:4.4686113e-10,2.9867903e-11,9.024352e-09,7.42557e-08,0.00849703,1.7759694e-06,6.4918446e-20,1.0464969e-06,4.7757327e-09,0.9915001
EFT:4.4685944e-10,2.9867844e-11,9.024334e-09,7.42557e-08,0.00849703,1.7759661e-06,6.49182e-20,1.0464948e-06,4.7757327e-09,0.9915001
Random82
Raw:4.4686285e-10,2.9868018e-11,9.024387e-09,7.425612e-08,0.00849703,1.7759762e-06,6.491869e-20,1.0465008e-06,4.7757602e-09,0.9915001
EFT:4.4685944e-10,2.9867844e-11,9.024334e-09,7.42557e-08,0.00849703,1.7759661e-06,6.49182e-20,1.0464948e-06,4.7757327e-09,0.9915001
Random83
Raw:4.46862e-10,2.986796e-11,9.024369e-09,7.425612e-08,0.008497062,1.7759762e-06,6.491869e-20,1.0464969e-06,4.7757416e-09,0.9915001
EFT:4.4685944e-10,2.9867844e-11,9.024334e-09,7.42557e-08,0.00849703,1.7759661e-06,6.49182e-20,1.0464948e-06,4.7757327e-09,0.9915001
Random84
Raw:4.4685858e-10,2.9867733e-11,9.0243e-09,7.425556e-08,0.00849703,1.7759627e-06,6.49177e-20,1.0464928e-06,4.7757145e-09,0.9915001
EFT:4.4685944e-10,2.9867844e-11,9.024334e-09,7.42557e-08,0.00849703,1.7759661e-06,6.49182e-20,1.0464948e-06,4.7757327e-09,0.9915001
Random85
Raw:4.4686368e-10,2.9868132e-11,9.024404e-09,7.425626e-08,0.00849703,1.7759762e-06,6.4918944e-20,1.0465008e-06,4.7757602e-09,0.9915001
EFT:4.4685944e-10,2.9867844e-11,9.024334e-09,7.42557e-08,0.00849703,1.7759661e-06,6.49182e-20,1.0464948e-06,4.7757327e-09,0.9915001
Random86
Raw:4.4685944e-10,2.9867792e-11,9.024317e-09,7.42557e-08,0.00849703,1.7759661e-06,6.491795e-20,1.0464928e-06,4.7757234e-09,0.9915001
EFT:4.4685944e-10,2.9867844e-11,9.024334e-09,7.42557e-08,0.00849703,1.7759661e-06,6.49182e-20,1.0464948e-06,4.7757327e-09,0.9915001
Random87
Raw:4.4686113e-10,2.986796e-11,9.024352e-09,7.425584e-08,0.008497062,1.7759728e-06,6.491869e-20,1.0464969e-06,4.7757416e-09,0.9915001
EFT:4.4685944e-10,2.9867844e-11,9.024334e-09,7.42557e-08,0.00849703,1.7759661e-06,6.49182e-20,1.0464948e-06,4.7757327e-09,0.9915001
Random88
Raw:4.46862e-10,2.986796e-11,9.024369e-09,7.425598e-08,0.008497062,1.7759728e-06,6.491869e-20,1.0465008e-06,4.7757416e-09,0.9915001
EFT:4.4685944e-10,2.9867844e-11,9.024334e-09,7.42557e-08,0.00849703,1.7759661e-06,6.49182e-20,1.0464948e-06,4.7757327e-09,0.9915001
Random89
Raw:4.4686285e-10,2.986796e-11,9.024369e-09,7.425612e-08,0.00849703,1.7759728e-06,6.4918446e-20,1.0465008e-06,4.7757416e-09,0.9915001
EFT:4.4685944e-10,2.9867844e-11,9.024334e-09,7.42557e-08,0.00849703,1.7759661e-06,6.49182e-20,1.0464948e-06,4.7757327e-09,0.9915001
Random90
Raw:4.4686285e-10,2.9868073e-11,9.024387e-09,7.425612e-08,0.008497062,1.7759762e-06,6.4918944e-20,1.0464988e-06,4.7757602e-09,0.9915001
EFT:4.4685944e-10,2.9867844e-11,9.024334e-09,7.42557e-08,0.00849703,1.7759661e-06,6.49182e-20,1.0464948e-06,4.7757327e-09,0.9915001
Random91
Raw:4.4686113e-10,2.9867844e-11,9.024317e-09,7.425584e-08,0.00849703,1.7759694e-06,6.49182e-20,1.0464948e-06,4.7757327e-09,0.9915001
EFT:4.4685944e-10,2.9867844e-11,9.024334e-09,7.42557e-08,0.00849703,1.7759661e-06,6.49182e-20,1.0464948e-06,4.7757327e-09,0.9915001
Random92
Raw:4.4686455e-10,2.9868132e-11,9.024404e-09,7.425612e-08,0.008497062,1.7759762e-06,6.4918944e-20,1.0465008e-06,4.7757602e-09,0.9915001
EFT:4.4685944e-10,2.9867844e-11,9.024334e-09,7.42557e-08,0.00849703,1.7759661e-06,6.49182e-20,1.0464948e-06,4.7757327e-09,0.9915001
Random93
Raw:4.4686113e-10,2.986796e-11,9.024352e-09,7.425584e-08,0.008496997,1.7759694e-06,6.491869e-20,1.0464948e-06,4.7757416e-09,0.9915001
EFT:4.4685944e-10,2.9867844e-11,9.024334e-09,7.42557e-08,0.00849703,1.7759661e-06,6.49182e-20,1.0464948e-06,4.7757327e-09,0.9915001
Random94
Raw:4.4686113e-10,2.986796e-11,9.024352e-09,7.425584e-08,0.00849703,1.7759728e-06,6.491869e-20,1.0464969e-06,4.7757416e-09,0.9915001
EFT:4.4685944e-10,2.9867844e-11,9.024334e-09,7.42557e-08,0.00849703,1.7759661e-06,6.49182e-20,1.0464948e-06,4.7757327e-09,0.9915001
Random95
Raw:4.4686285e-10,2.9868073e-11,9.024387e-09,7.425612e-08,0.008497062,1.7759762e-06,6.4918944e-20,1.0465008e-06,4.7757602e-09,0.9915001
EFT:4.4685944e-10,2.9867844e-11,9.024334e-09,7.42557e-08,0.00849703,1.7759661e-06,6.49182e-20,1.0464948e-06,4.7757327e-09,0.9915001
Random96
Raw:4.4686455e-10,2.986819e-11,9.02442e-09,7.4256405e-08,0.008497062,1.7759796e-06,6.491919e-20,1.0465008e-06,4.775778e-09,0.9915001
EFT:4.4685944e-10,2.9867844e-11,9.024334e-09,7.42557e-08,0.00849703,1.7759661e-06,6.49182e-20,1.0464948e-06,4.7757327e-09,0.9915001
Random97
Raw:4.46862e-10,2.986796e-11,9.024352e-09,7.425584e-08,0.00849703,1.7759728e-06,6.491869e-20,1.0464969e-06,4.7757416e-09,0.9915001
EFT:4.4685944e-10,2.9867844e-11,9.024334e-09,7.42557e-08,0.00849703,1.7759661e-06,6.49182e-20,1.0464948e-06,4.7757327e-09,0.9915001
Random98
Raw:4.46862e-10,2.9868018e-11,9.024369e-09,7.425584e-08,0.008497062,1.7759728e-06,6.491869e-20,1.0464969e-06,4.7757416e-09,0.9915001
EFT:4.4685944e-10,2.9867844e-11,9.024334e-09,7.42557e-08,0.00849703,1.7759661e-06,6.49182e-20,1.0464948e-06,4.7757327e-09,0.9915001
Random99
Raw:4.4686027e-10,2.9867844e-11,9.024317e-09,7.425556e-08,0.00849703,1.7759661e-06,6.4918446e-20,1.0464928e-06,4.7757327e-09,0.9915001
EFT:4.4685944e-10,2.9867844e-11,9.024334e-09,7.42557e-08,0.00849703,1.7759661e-06,6.49182e-20,1.0464948e-06,4.7757327e-09,0.9915001
Random100
Raw:4.4686113e-10,2.9867903e-11,9.024334e-09,7.425584e-08,0.00849703,1.7759694e-06,6.4918446e-20,1.0464928e-06,4.7757327e-09,0.9915001
EFT:4.4685944e-10,2.9867844e-11,9.024334e-09,7.42557e-08,0.00849703,1.7759661e-06,6.49182e-20,1.0464948e-06,4.7757327e-09,0.9915001
Random101
Raw:4.4685944e-10,2.9867844e-11,9.024317e-09,7.425556e-08,0.00849703,1.7759661e-06,6.4918446e-20,1.0464928e-06,4.7757234e-09,0.9915001
EFT:4.4685944e-10,2.9867844e-11,9.024334e-09,7.42557e-08,0.00849703,1.7759661e-06,6.49182e-20,1.0464948e-06,4.7757327e-09,0.9915001
Random102
Raw:4.4686455e-10,2.9868132e-11,9.024404e-09,7.425612e-08,0.008497095,1.7759829e-06,6.491919e-20,1.0465008e-06,4.775778e-09,0.9915001
EFT:4.4685944e-10,2.9867844e-11,9.024334e-09,7.42557e-08,0.00849703,1.7759661e-06,6.49182e-20,1.0464948e-06,4.7757327e-09,0.9915001
Random103
Raw:4.4686368e-10,2.9868073e-11,9.024387e-09,7.425612e-08,0.00849703,1.7759728e-06,6.4918944e-20,1.0465008e-06,4.7757602e-09,0.9915001
EFT:4.4685944e-10,2.9867844e-11,9.024334e-09,7.42557e-08,0.00849703,1.7759661e-06,6.49182e-20,1.0464948e-06,4.7757327e-09,0.9915001
Random104
Raw:4.4686368e-10,2.9868132e-11,9.024404e-09,7.425612e-08,0.00849703,1.7759762e-06,6.4918944e-20,1.0465008e-06,4.7757602e-09,0.9915001
EFT:4.4685944e-10,2.9867844e-11,9.024334e-09,7.42557e-08,0.00849703,1.7759661e-06,6.49182e-20,1.0464948e-06,4.7757327e-09,0.9915001
Random105
Raw:4.4686285e-10,2.9868073e-11,9.024387e-09,7.425612e-08,0.008497062,1.7759762e-06,6.491869e-20,1.0465008e-06,4.7757602e-09,0.9915001
EFT:4.4685944e-10,2.9867844e-11,9.024334e-09,7.42557e-08,0.00849703,1.7759661e-06,6.49182e-20,1.0464948e-06,4.7757327e-09,0.9915001
Random106
Raw:4.4686113e-10,2.9867844e-11,9.024317e-09,7.42557e-08,0.00849703,1.7759694e-06,6.49182e-20,1.0464969e-06,4.7757234e-09,0.9915001
EFT:4.4685944e-10,2.9867844e-11,9.024334e-09,7.42557e-08,0.00849703,1.7759661e-06,6.49182e-20,1.0464948e-06,4.7757327e-09,0.9915001
Random107
Raw:4.4686455e-10,2.986819e-11,9.02442e-09,7.425612e-08,0.008497062,1.7759796e-06,6.491944e-20,1.0465028e-06,4.7757696e-09,0.9915001
EFT:4.4685944e-10,2.9867844e-11,9.024334e-09,7.42557e-08,0.00849703,1.7759661e-06,6.49182e-20,1.0464948e-06,4.7757327e-09,0.9915001
Random108
Raw:4.4686368e-10,2.9868132e-11,9.024387e-09,7.425612e-08,0.00849703,1.7759762e-06,6.4918944e-20,1.0464988e-06,4.7757602e-09,0.9915001
EFT:4.4685944e-10,2.9867844e-11,9.024334e-09,7.42557e-08,0.00849703,1.7759661e-06,6.49182e-20,1.0464948e-06,4.7757327e-09,0.9915001
Random109
Raw:4.4685944e-10,2.9867844e-11,9.024317e-09,7.425556e-08,0.00849703,1.7759661e-06,6.4918446e-20,1.0464928e-06,4.7757234e-09,0.9915001
EFT:4.4685944e-10,2.9867844e-11,9.024334e-09,7.42557e-08,0.00849703,1.7759661e-06,6.49182e-20,1.0464948e-06,4.7757327e-09,0.9915001
Random110
Raw:4.4686027e-10,2.9867792e-11,9.024317e-09,7.42557e-08,0.00849703,1.7759661e-06,6.491795e-20,1.0464928e-06,4.7757234e-09,0.9915001
EFT:4.4685944e-10,2.9867844e-11,9.024334e-09,7.42557e-08,0.00849703,1.7759661e-06,6.49182e-20,1.0464948e-06,4.7757327e-09,0.9915001
Random111
Raw:4.4686285e-10,2.986796e-11,9.024369e-09,7.425598e-08,0.00849703,1.7759728e-06,6.491869e-20,1.0465008e-06,4.7757416e-09,0.9915001
EFT:4.4685944e-10,2.9867844e-11,9.024334e-09,7.42557e-08,0.00849703,1.7759661e-06,6.49182e-20,1.0464948e-06,4.7757327e-09,0.9915001
Random112
Raw:4.4686285e-10,2.9868018e-11,9.024369e-09,7.425598e-08,0.00849703,1.7759728e-06,6.491869e-20,1.0464969e-06,4.7757602e-09,0.9915001
EFT:4.4685944e-10,2.9867844e-11,9.024334e-09,7.42557e-08,0.00849703,1.7759661e-06,6.49182e-20,1.0464948e-06,4.7757327e-09,0.9915001
Random113
Raw:4.4686285e-10,2.9868132e-11,9.024387e-09,7.425612e-08,0.008497062,1.7759796e-06,6.4918944e-20,1.0465008e-06,4.7757602e-09,0.9915001
EFT:4.4685944e-10,2.9867844e-11,9.024334e-09,7.42557e-08,0.00849703,1.7759661e-06,6.49182e-20,1.0464948e-06,4.7757327e-09,0.9915001
Random114
Raw:4.4686285e-10,2.9868018e-11,9.024369e-09,7.425612e-08,0.008496997,1.7759762e-06,6.491869e-20,1.0464969e-06,4.7757602e-09,0.9915001
EFT:4.4685944e-10,2.9867844e-11,9.024334e-09,7.42557e-08,0.00849703,1.7759661e-06,6.49182e-20,1.0464948e-06,4.7757327e-09,0.9915001
Random115
Raw:4.4686113e-10,2.986796e-11,9.024352e-09,7.425584e-08,0.008497062,1.7759762e-06,6.4918446e-20,1.0464969e-06,4.7757416e-09,0.9915001
EFT:4.4685944e-10,2.9867844e-11,9.024334e-09,7.42557e-08,0.00849703,1.7759661e-06,6.49182e-20,1.0464948e-06,4.7757327e-09,0.9915001
Random116
Raw:4.4686027e-10,2.9867844e-11,9.024317e-09,7.425556e-08,0.008496997,1.7759661e-06,6.4918446e-20,1.0464928e-06,4.7757234e-09,0.9915001
EFT:4.4685944e-10,2.9867844e-11,9.024334e-09,7.42557e-08,0.00849703,1.7759661e-06,6.49182e-20,1.0464948e-06,4.7757327e-09,0.9915001
Random117
Raw:4.4686285e-10,2.9868132e-11,9.024387e-09,7.425612e-08,0.00849703,1.7759762e-06,6.4918944e-20,1.0464988e-06,4.7757602e-09,0.9915001
EFT:4.4685944e-10,2.9867844e-11,9.024334e-09,7.42557e-08,0.00849703,1.7759661e-06,6.49182e-20,1.0464948e-06,4.7757327e-09,0.9915001
Random118
Raw:4.4686027e-10,2.9867844e-11,9.024334e-09,7.425584e-08,0.008496997,1.7759661e-06,6.49182e-20,1.0464928e-06,4.7757416e-09,0.9915001
EFT:4.4685944e-10,2.9867844e-11,9.024334e-09,7.42557e-08,0.00849703,1.7759661e-06,6.49182e-20,1.0464948e-06,4.7757327e-09,0.9915001
Random119
Raw:4.4686027e-10,2.9867844e-11,9.024334e-09,7.425584e-08,0.00849703,1.7759661e-06,6.49182e-20,1.0464948e-06,4.7757416e-09,0.9915001
EFT:4.4685944e-10,2.9867844e-11,9.024334e-09,7.42557e-08,0.00849703,1.7759661e-06,6.49182e-20,1.0464948e-06,4.7757327e-09,0.9915001
Random120
Raw:4.4686368e-10,2.9868073e-11,9.024387e-09,7.425612e-08,0.008497062,1.7759796e-06,6.4918944e-20,1.0465008e-06,4.7757602e-09,0.9915001
EFT:4.4685944e-10,2.9867844e-11,9.024334e-09,7.42557e-08,0.00849703,1.7759661e-06,6.49182e-20,1.0464948e-06,4.7757327e-09,0.9915001
Random121
Raw:4.4686113e-10,2.9867903e-11,9.024352e-09,7.425584e-08,0.00849703,1.7759728e-06,6.4918446e-20,1.0464928e-06,4.7757416e-09,0.9915001
EFT:4.4685944e-10,2.9867844e-11,9.024334e-09,7.42557e-08,0.00849703,1.7759661e-06,6.49182e-20,1.0464948e-06,4.7757327e-09,0.9915001
Random122
Raw:4.4686027e-10,2.9867844e-11,9.024317e-09,7.42557e-08,0.00849703,1.7759694e-06,6.49182e-20,1.0464928e-06,4.7757234e-09,0.9915001
EFT:4.4685944e-10,2.9867844e-11,9.024334e-09,7.42557e-08,0.00849703,1.7759661e-06,6.49182e-20,1.0464948e-06,4.7757327e-09,0.9915001
Random123
Raw:4.4686027e-10,2.9867844e-11,9.024317e-09,7.42557e-08,0.008496997,1.7759661e-06,6.4918446e-20,1.0464928e-06,4.7757234e-09,0.9915001
EFT:4.4685944e-10,2.9867844e-11,9.024334e-09,7.42557e-08,0.00849703,1.7759661e-06,6.49182e-20,1.0464948e-06,4.7757327e-09,0.9915001
Random124
Raw:4.4686285e-10,2.9868132e-11,9.024387e-09,7.425612e-08,0.00849703,1.7759762e-06,6.4918944e-20,1.0464988e-06,4.7757602e-09,0.9915001
EFT:4.4685944e-10,2.9867844e-11,9.024334e-09,7.42557e-08,0.00849703,1.7759661e-06,6.49182e-20,1.0464948e-06,4.7757327e-09,0.9915001
Random125
Raw:4.4686368e-10,2.9868073e-11,9.024387e-09,7.425612e-08,0.00849703,1.7759762e-06,6.4918944e-20,1.0465008e-06,4.7757602e-09,0.9915001
EFT:4.4685944e-10,2.9867844e-11,9.024334e-09,7.42557e-08,0.00849703,1.7759661e-06,6.49182e-20,1.0464948e-06,4.7757327e-09,0.9915001
Random126
Raw:4.4686285e-10,2.9868018e-11,9.024369e-09,7.425598e-08,0.00849703,1.7759728e-06,6.491869e-20,1.0464988e-06,4.7757416e-09,0.9915001
EFT:4.4685944e-10,2.9867844e-11,9.024334e-09,7.42557e-08,0.00849703,1.7759661e-06,6.49182e-20,1.0464948e-06,4.7757327e-09,0.9915001
Random127
Raw:4.4686368e-10,2.9868073e-11,9.024387e-09,7.425612e-08,0.00849703,1.7759762e-06,6.4918944e-20,1.0465008e-06,4.7757602e-09,0.9915001
EFT:4.4685944e-10,2.9867844e-11,9.024334e-09,7.42557e-08,0.00849703,1.7759661e-06,6.49182e-20,1.0464948e-06,4.7757327e-09,0.9915001
Random128
Raw:4.4686027e-10,2.9867844e-11,9.024334e-09,7.42557e-08,0.00849703,1.7759694e-06,6.4918446e-20,1.0464969e-06,4.7757234e-09,0.9915001
EFT:4.4685944e-10,2.9867844e-11,9.024334e-09,7.42557e-08,0.00849703,1.7759661e-06,6.49182e-20,1.0464948e-06,4.7757327e-09,0.9915001
Random129
Raw:4.4686027e-10,2.9867903e-11,9.024334e-09,7.42557e-08,0.00849703,1.7759694e-06,6.4918446e-20,1.0464969e-06,4.7757416e-09,0.9915001
EFT:4.4685944e-10,2.9867844e-11,9.024334e-09,7.42557e-08,0.00849703,1.7759661e-06,6.49182e-20,1.0464948e-06,4.7757327e-09,0.9915001
Random130
Raw:4.4686285e-10,2.9868073e-11,9.024387e-09,7.425598e-08,0.00849703,1.7759728e-06,6.491869e-20,1.0464969e-06,4.7757602e-09,0.9915001
EFT:4.4685944e-10,2.9867844e-11,9.024334e-09,7.42557e-08,0.00849703,1.7759661e-06,6.49182e-20,1.0464948e-06,4.7757327e-09,0.9915001
Random131
Raw:4.4686113e-10,2.9867903e-11,9.024352e-09,7.425584e-08,0.008497062,1.7759694e-06,6.49182e-20,1.0464969e-06,4.7757416e-09,0.9915001
EFT:4.4685944e-10,2.9867844e-11,9.024334e-09,7.42557e-08,0.00849703,1.7759661e-06,6.49182e-20,1.0464948e-06,4.7757327e-09,0.9915001
Random132
Raw:4.4686285e-10,2.9868018e-11,9.024387e-09,7.425612e-08,0.00849703,1.7759762e-06,6.4918446e-20,1.0465008e-06,4.7757602e-09,0.9915001
EFT:4.4685944e-10,2.9867844e-11,9.024334e-09,7.42557e-08,0.00849703,1.7759661e-06,6.49182e-20,1.0464948e-06,4.7757327e-09,0.9915001
Random133
Raw:4.4686113e-10,2.9867903e-11,9.024334e-09,7.425584e-08,0.00849703,1.7759694e-06,6.4918446e-20,1.0464969e-06,4.7757234e-09,0.9915001
EFT:4.4685944e-10,2.9867844e-11,9.024334e-09,7.42557e-08,0.00849703,1.7759661e-06,6.49182e-20,1.0464948e-06,4.7757327e-09,0.9915001
Random134
Raw:4.4686285e-10,2.9868073e-11,9.024387e-09,7.425612e-08,0.00849703,1.7759728e-06,6.4918944e-20,1.0464969e-06,4.7757602e-09,0.9915001
EFT:4.4685944e-10,2.9867844e-11,9.024334e-09,7.42557e-08,0.00849703,1.7759661e-06,6.49182e-20,1.0464948e-06,4.7757327e-09,0.9915001
Random135
Raw:4.46862e-10,2.9868018e-11,9.024352e-09,7.425584e-08,0.00849703,1.7759728e-06,6.491919e-20,1.0464969e-06,4.7757416e-09,0.9915001
EFT:4.4685944e-10,2.9867844e-11,9.024334e-09,7.42557e-08,0.00849703,1.7759661e-06,6.49182e-20,1.0464948e-06,4.7757327e-09,0.9915001
Random136
Raw:4.46862e-10,2.9868018e-11,9.024369e-09,7.425598e-08,0.008497062,1.7759728e-06,6.491869e-20,1.0464988e-06,4.7757416e-09,0.9915001
EFT:4.4685944e-10,2.9867844e-11,9.024334e-09,7.42557e-08,0.00849703,1.7759661e-06,6.49182e-20,1.0464948e-06,4.7757327e-09,0.9915001
Random137
Raw:4.4686027e-10,2.9867903e-11,9.024352e-09,7.42557e-08,0.008497062,1.7759694e-06,6.4918446e-20,1.0464969e-06,4.7757327e-09,0.9915001
EFT:4.4685944e-10,2.9867844e-11,9.024334e-09,7.42557e-08,0.00849703,1.7759661e-06,6.49182e-20,1.0464948e-06,4.7757327e-09,0.9915001
Random138
Raw:4.4686113e-10,2.986796e-11,9.024352e-09,7.425584e-08,0.008497062,1.7759694e-06,6.4918446e-20,1.0464969e-06,4.7757416e-09,0.9915001
EFT:4.4685944e-10,2.9867844e-11,9.024334e-09,7.42557e-08,0.00849703,1.7759661e-06,6.49182e-20,1.0464948e-06,4.7757327e-09,0.9915001
Random139
Raw:4.4686113e-10,2.986796e-11,9.024352e-09,7.425584e-08,0.00849703,1.7759728e-06,6.4918446e-20,1.0464969e-06,4.7757327e-09,0.9915001
EFT:4.4685944e-10,2.9867844e-11,9.024334e-09,7.42557e-08,0.00849703,1.7759661e-06,6.49182e-20,1.0464948e-06,4.7757327e-09,0.9915001
Random140
Raw:4.46862e-10,2.986796e-11,9.024369e-09,7.425584e-08,0.008497062,1.7759728e-06,6.491869e-20,1.0464969e-06,4.7757416e-09,0.9915001
EFT:4.4685944e-10,2.9867844e-11,9.024334e-09,7.42557e-08,0.00849703,1.7759661e-06,6.49182e-20,1.0464948e-06,4.7757327e-09,0.9915001
Random141
Raw:4.4686285e-10,2.986796e-11,9.024352e-09,7.425612e-08,0.00849703,1.7759728e-06,6.4918446e-20,1.0465008e-06,4.7757416e-09,0.9915001
EFT:4.4685944e-10,2.9867844e-11,9.024334e-09,7.42557e-08,0.00849703,1.7759661e-06,6.49182e-20,1.0464948e-06,4.7757327e-09,0.9915001
Random142
Raw:4.4686368e-10,2.9868132e-11,9.024404e-09,7.425612e-08,0.008497062,1.7759796e-06,6.4918944e-20,1.0465008e-06,4.7757602e-09,0.9915001
EFT:4.4685944e-10,2.9867844e-11,9.024334e-09,7.42557e-08,0.00849703,1.7759661e-06,6.49182e-20,1.0464948e-06,4.7757327e-09,0.9915001
Random143
Raw:4.4686455e-10,2.9868132e-11,9.024387e-09,7.425612e-08,0.00849703,1.7759762e-06,6.491919e-20,1.0465008e-06,4.7757602e-09,0.9915001
EFT:4.4685944e-10,2.9867844e-11,9.024334e-09,7.42557e-08,0.00849703,1.7759661e-06,6.49182e-20,1.0464948e-06,4.7757327e-09,0.9915001
Random144
Raw:4.46862e-10,2.9867903e-11,9.024352e-09,7.425598e-08,0.008496997,1.7759694e-06,6.4918446e-20,1.0464988e-06,4.7757416e-09,0.9915001
EFT:4.4685944e-10,2.9867844e-11,9.024334e-09,7.42557e-08,0.00849703,1.7759661e-06,6.49182e-20,1.0464948e-06,4.7757327e-09,0.9915001
Random145
Raw:4.4686285e-10,2.9868018e-11,9.024387e-09,7.425612e-08,0.00849703,1.7759728e-06,6.491869e-20,1.0464969e-06,4.775751e-09,0.9915001
EFT:4.4685944e-10,2.9867844e-11,9.024334e-09,7.42557e-08,0.00849703,1.7759661e-06,6.49182e-20,1.0464948e-06,4.7757327e-09,0.9915001
Random146
Raw:4.4686113e-10,2.986796e-11,9.024352e-09,7.425584e-08,0.00849703,1.7759728e-06,6.491869e-20,1.0464969e-06,4.7757416e-09,0.9915001
EFT:4.4685944e-10,2.9867844e-11,9.024334e-09,7.42557e-08,0.00849703,1.7759661e-06,6.49182e-20,1.0464948e-06,4.7757327e-09,0.9915001
Random147
Raw:4.4686113e-10,2.986796e-11,9.024352e-09,7.425584e-08,0.00849703,1.7759728e-06,6.491869e-20,1.0464969e-06,4.7757416e-09,0.9915001
EFT:4.4685944e-10,2.9867844e-11,9.024334e-09,7.42557e-08,0.00849703,1.7759661e-06,6.49182e-20,1.0464948e-06,4.7757327e-09,0.9915001
Random148
Raw:4.4686027e-10,2.9867903e-11,9.024334e-09,7.42557e-08,0.00849703,1.7759694e-06,6.4918446e-20,1.0464969e-06,4.7757416e-09,0.9915001
EFT:4.4685944e-10,2.9867844e-11,9.024334e-09,7.42557e-08,0.00849703,1.7759661e-06,6.49182e-20,1.0464948e-06,4.7757327e-09,0.9915001
Random149
Raw:4.4686113e-10,2.9867844e-11,9.024317e-09,7.42557e-08,0.008496997,1.7759661e-06,6.49182e-20,1.0464948e-06,4.7757234e-09,0.9915001
EFT:4.4685944e-10,2.9867844e-11,9.024334e-09,7.42557e-08,0.00849703,1.7759661e-06,6.49182e-20,1.0464948e-06,4.7757327e-09,0.9915001
Random150
Raw:4.4685944e-10,2.9867792e-11,9.024317e-09,7.42557e-08,0.00849703,1.7759627e-06,6.491795e-20,1.0464948e-06,4.7757234e-09,0.9915001
EFT:4.4685944e-10,2.9867844e-11,9.024334e-09,7.42557e-08,0.00849703,1.7759661e-06,6.49182e-20,1.0464948e-06,4.7757327e-09,0.9915001
Random151
Raw:4.4686285e-10,2.9868073e-11,9.024387e-09,7.425612e-08,0.008497062,1.7759762e-06,6.4918944e-20,1.0465008e-06,4.7757416e-09,0.9915001
EFT:4.4685944e-10,2.9867844e-11,9.024334e-09,7.42557e-08,0.00849703,1.7759661e-06,6.49182e-20,1.0464948e-06,4.7757327e-09,0.9915001
Random152
Raw:4.46862e-10,2.986796e-11,9.024352e-09,7.425584e-08,0.00849703,1.7759728e-06,6.491869e-20,1.0464969e-06,4.775751e-09,0.9915001
EFT:4.4685944e-10,2.9867844e-11,9.024334e-09,7.42557e-08,0.00849703,1.7759661e-06,6.49182e-20,1.0464948e-06,4.7757327e-09,0.9915001
Random153
Raw:4.4686113e-10,2.986796e-11,9.024352e-09,7.425584e-08,0.008497062,1.7759694e-06,6.491869e-20,1.0464948e-06,4.7757416e-09,0.9915001
EFT:4.4685944e-10,2.9867844e-11,9.024334e-09,7.42557e-08,0.00849703,1.7759661e-06,6.49182e-20,1.0464948e-06,4.7757327e-09,0.9915001
Random154
Raw:4.4686027e-10,2.9867844e-11,9.024334e-09,7.42557e-08,0.00849703,1.7759661e-06,6.49182e-20,1.0464948e-06,4.7757234e-09,0.9915001
EFT:4.4685944e-10,2.9867844e-11,9.024334e-09,7.42557e-08,0.00849703,1.7759661e-06,6.49182e-20,1.0464948e-06,4.7757327e-09,0.9915001
Random155
Raw:4.4686027e-10,2.9867844e-11,9.024334e-09,7.42557e-08,0.008497062,1.7759661e-06,6.4918446e-20,1.0464969e-06,4.7757234e-09,0.9915001
EFT:4.4685944e-10,2.9867844e-11,9.024334e-09,7.42557e-08,0.00849703,1.7759661e-06,6.49182e-20,1.0464948e-06,4.7757327e-09,0.9915001
Random156
Raw:4.4686285e-10,2.9868018e-11,9.024369e-09,7.425598e-08,0.00849703,1.7759728e-06,6.491869e-20,1.0464969e-06,4.7757602e-09,0.9915001
EFT:4.4685944e-10,2.9867844e-11,9.024334e-09,7.42557e-08,0.00849703,1.7759661e-06,6.49182e-20,1.0464948e-06,4.7757327e-09,0.9915001
Random157
Raw:4.4686113e-10,2.9867903e-11,9.024334e-09,7.42557e-08,0.008496997,1.7759661e-06,6.4918446e-20,1.0464928e-06,4.7757416e-09,0.9915001
EFT:4.4685944e-10,2.9867844e-11,9.024334e-09,7.42557e-08,0.00849703,1.7759661e-06,6.49182e-20,1.0464948e-06,4.7757327e-09,0.9915001
Random158
Raw:4.46862e-10,2.986796e-11,9.024352e-09,7.425584e-08,0.008497062,1.7759728e-06,6.4918446e-20,1.0464969e-06,4.7757327e-09,0.9915001
EFT:4.4685944e-10,2.9867844e-11,9.024334e-09,7.42557e-08,0.00849703,1.7759661e-06,6.49182e-20,1.0464948e-06,4.7757327e-09,0.9915001
Random159
Raw:4.4686113e-10,2.9867844e-11,9.024352e-09,7.425584e-08,0.00849703,1.7759728e-06,6.4918446e-20,1.0464928e-06,4.7757416e-09,0.9915001
EFT:4.4685944e-10,2.9867844e-11,9.024334e-09,7.42557e-08,0.00849703,1.7759661e-06,6.49182e-20,1.0464948e-06,4.7757327e-09,0.9915001
Random160
Raw:4.4686368e-10,2.9868132e-11,9.024387e-09,7.425612e-08,0.00849703,1.7759796e-06,6.4918944e-20,1.0465008e-06,4.7757602e-09,0.9915001
EFT:4.4685944e-10,2.9867844e-11,9.024334e-09,7.42557e-08,0.00849703,1.7759661e-06,6.49182e-20,1.0464948e-06,4.7757327e-09,0.9915001
Random161
Raw:4.4686027e-10,2.9867844e-11,9.024334e-09,7.42557e-08,0.008497062,1.7759728e-06,6.4918446e-20,1.0464969e-06,4.7757416e-09,0.9915001
EFT:4.4685944e-10,2.9867844e-11,9.024334e-09,7.42557e-08,0.00849703,1.7759661e-06,6.49182e-20,1.0464948e-06,4.7757327e-09,0.9915001
Random162
Raw:4.4686368e-10,2.9868132e-11,9.024404e-09,7.425612e-08,0.008497062,1.7759762e-06,6.4918944e-20,1.0464988e-06,4.7757602e-09,0.9915001
EFT:4.4685944e-10,2.9867844e-11,9.024334e-09,7.42557e-08,0.00849703,1.7759661e-06,6.49182e-20,1.0464948e-06,4.7757327e-09,0.9915001
Random163
Raw:4.46862e-10,2.986796e-11,9.024352e-09,7.425584e-08,0.00849703,1.7759728e-06,6.4918446e-20,1.0464988e-06,4.7757416e-09,0.9915001
EFT:4.4685944e-10,2.9867844e-11,9.024334e-09,7.42557e-08,0.00849703,1.7759661e-06,6.49182e-20,1.0464948e-06,4.7757327e-09,0.9915001
Random164
Raw:4.4686113e-10,2.986796e-11,9.024352e-09,7.425584e-08,0.008497062,1.7759694e-06,6.4918446e-20,1.0464969e-06,4.7757416e-09,0.9915001
EFT:4.4685944e-10,2.9867844e-11,9.024334e-09,7.42557e-08,0.00849703,1.7759661e-06,6.49182e-20,1.0464948e-06,4.7757327e-09,0.9915001
Random165
Raw:4.4686285e-10,2.9868073e-11,9.024387e-09,7.425612e-08,0.00849703,1.7759796e-06,6.491869e-20,1.0465008e-06,4.7757602e-09,0.9915001
EFT:4.4685944e-10,2.9867844e-11,9.024334e-09,7.42557e-08,0.00849703,1.7759661e-06,6.49182e-20,1.0464948e-06,4.7757327e-09,0.9915001
Random166
Raw:4.46862e-10,2.986796e-11,9.024352e-09,7.425612e-08,0.00849703,1.7759762e-06,6.4918446e-20,1.0464969e-06,4.775751e-09,0.9915001
EFT:4.4685944e-10,2.9867844e-11,9.024334e-09,7.42557e-08,0.00849703,1.7759661e-06,6.49182e-20,1.0464948e-06,4.7757327e-09,0.9915001
Random167
Raw:4.4686285e-10,2.9868073e-11,9.024387e-09,7.425612e-08,0.00849703,1.7759728e-06,6.491869e-20,1.0464969e-06,4.7757602e-09,0.9915001
EFT:4.4685944e-10,2.9867844e-11,9.024334e-09,7.42557e-08,0.00849703,1.7759661e-06,6.49182e-20,1.0464948e-06,4.7757327e-09,0.9915001
Random168
Raw:4.4686285e-10,2.9868073e-11,9.024387e-09,7.425612e-08,0.008496997,1.7759728e-06,6.491869e-20,1.0464969e-06,4.7757602e-09,0.9915001
EFT:4.4685944e-10,2.9867844e-11,9.024334e-09,7.42557e-08,0.00849703,1.7759661e-06,6.49182e-20,1.0464948e-06,4.7757327e-09,0.9915001
Random169
Raw:4.4686455e-10,2.986819e-11,9.02442e-09,7.425626e-08,0.008497095,1.7759829e-06,6.491919e-20,1.0465008e-06,4.775778e-09,0.9915001
EFT:4.4685944e-10,2.9867844e-11,9.024334e-09,7.42557e-08,0.00849703,1.7759661e-06,6.49182e-20,1.0464948e-06,4.7757327e-09,0.9915001
Random170
Raw:4.4686285e-10,2.9868073e-11,9.024387e-09,7.425626e-08,0.00849703,1.7759796e-06,6.491869e-20,1.0465008e-06,4.7757602e-09,0.9915001
EFT:4.4685944e-10,2.9867844e-11,9.024334e-09,7.42557e-08,0.00849703,1.7759661e-06,6.49182e-20,1.0464948e-06,4.7757327e-09,0.9915001
Random171
Raw:4.4686113e-10,2.9867903e-11,9.024352e-09,7.425584e-08,0.008496997,1.7759694e-06,6.49182e-20,1.0464948e-06,4.7757416e-09,0.9915001
EFT:4.4685944e-10,2.9867844e-11,9.024334e-09,7.42557e-08,0.00849703,1.7759661e-06,6.49182e-20,1.0464948e-06,4.7757327e-09,0.9915001
Random172
Raw:4.4685772e-10,2.9867733e-11,9.0242835e-09,7.425527e-08,0.00849703,1.7759627e-06,6.491795e-20,1.0464909e-06,4.7757056e-09,0.9915001
EFT:4.4685944e-10,2.9867844e-11,9.024334e-09,7.42557e-08,0.00849703,1.7759661e-06,6.49182e-20,1.0464948e-06,4.7757327e-09,0.9915001
Random173
Raw:4.4686113e-10,2.986796e-11,9.024352e-09,7.425584e-08,0.00849703,1.7759728e-06,6.4918446e-20,1.0464948e-06,4.7757416e-09,0.9915001
EFT:4.4685944e-10,2.9867844e-11,9.024334e-09,7.42557e-08,0.00849703,1.7759661e-06,6.49182e-20,1.0464948e-06,4.7757327e-09,0.9915001
Random174
Raw:4.4685944e-10,2.9867792e-11,9.024317e-09,7.425556e-08,0.00849703,1.7759661e-06,6.491795e-20,1.0464928e-06,4.7757234e-09,0.9915001
EFT:4.4685944e-10,2.9867844e-11,9.024334e-09,7.42557e-08,0.00849703,1.7759661e-06,6.49182e-20,1.0464948e-06,4.7757327e-09,0.9915001
Random175
Raw:4.4686285e-10,2.9868073e-11,9.024387e-09,7.425612e-08,0.008497062,1.7759762e-06,6.4918944e-20,1.0465008e-06,4.7757602e-09,0.9915001
EFT:4.4685944e-10,2.9867844e-11,9.024334e-09,7.42557e-08,0.00849703,1.7759661e-06,6.49182e-20,1.0464948e-06,4.7757327e-09,0.9915001
Random176
Raw:4.4686285e-10,2.986796e-11,9.024387e-09,7.425612e-08,0.00849703,1.7759728e-06,6.4918446e-20,1.0464988e-06,4.775751e-09,0.9915001
EFT:4.4685944e-10,2.9867844e-11,9.024334e-09,7.42557e-08,0.00849703,1.7759661e-06,6.49182e-20,1.0464948e-06,4.7757327e-09,0.9915001
Random177
Raw:4.4686285e-10,2.9868073e-11,9.024387e-09,7.425612e-08,0.00849703,1.7759728e-06,6.4918944e-20,1.0465008e-06,4.775751e-09,0.9915001
EFT:4.4685944e-10,2.9867844e-11,9.024334e-09,7.42557e-08,0.00849703,1.7759661e-06,6.49182e-20,1.0464948e-06,4.7757327e-09,0.9915001
Random178
Raw:4.4686113e-10,2.9867903e-11,9.024334e-09,7.425584e-08,0.00849703,1.7759728e-06,6.491869e-20,1.0464948e-06,4.7757416e-09,0.9915001
EFT:4.4685944e-10,2.9867844e-11,9.024334e-09,7.42557e-08,0.00849703,1.7759661e-06,6.49182e-20,1.0464948e-06,4.7757327e-09,0.9915001
Random179
Raw:4.4686113e-10,2.9867903e-11,9.024352e-09,7.425584e-08,0.00849703,1.7759728e-06,6.4918446e-20,1.0464969e-06,4.7757327e-09,0.9915001
EFT:4.4685944e-10,2.9867844e-11,9.024334e-09,7.42557e-08,0.00849703,1.7759661e-06,6.49182e-20,1.0464948e-06,4.7757327e-09,0.9915001
Random180
Raw:4.4686113e-10,2.9867844e-11,9.024334e-09,7.425584e-08,0.00849703,1.7759728e-06,6.491795e-20,1.0464969e-06,4.7757234e-09,0.9915001
EFT:4.4685944e-10,2.9867844e-11,9.024334e-09,7.42557e-08,0.00849703,1.7759661e-06,6.49182e-20,1.0464948e-06,4.7757327e-09,0.9915001
Random181
Raw:4.4686285e-10,2.9868018e-11,9.024387e-09,7.425598e-08,0.008497062,1.7759762e-06,6.491869e-20,1.0465008e-06,4.7757416e-09,0.9915001
EFT:4.4685944e-10,2.9867844e-11,9.024334e-09,7.42557e-08,0.00849703,1.7759661e-06,6.49182e-20,1.0464948e-06,4.7757327e-09,0.9915001
Random182
Raw:4.4686285e-10,2.9868073e-11,9.024387e-09,7.425584e-08,0.00849703,1.7759728e-06,6.491919e-20,1.0464988e-06,4.775751e-09,0.9915001
EFT:4.4685944e-10,2.9867844e-11,9.024334e-09,7.42557e-08,0.00849703,1.7759661e-06,6.49182e-20,1.0464948e-06,4.7757327e-09,0.9915001
Random183
Raw:4.4685858e-10,2.9867733e-11,9.0242835e-09,7.425556e-08,0.00849703,1.7759627e-06,6.491795e-20,1.0464909e-06,4.7757145e-09,0.9915001
EFT:4.4685944e-10,2.9867844e-11,9.024334e-09,7.42557e-08,0.00849703,1.7759661e-06,6.49182e-20,1.0464948e-06,4.7757327e-09,0.9915001
Random184
Raw:4.4686285e-10,2.9868073e-11,9.024387e-09,7.425598e-08,0.008497062,1.7759796e-06,6.491919e-20,1.0464988e-06,4.7757602e-09,0.9915001
EFT:4.4685944e-10,2.9867844e-11,9.024334e-09,7.42557e-08,0.00849703,1.7759661e-06,6.49182e-20,1.0464948e-06,4.7757327e-09,0.9915001
Random185
Raw:4.4686113e-10,2.986796e-11,9.024352e-09,7.425584e-08,0.008497062,1.7759694e-06,6.4918446e-20,1.0464969e-06,4.7757327e-09,0.9915001
EFT:4.4685944e-10,2.9867844e-11,9.024334e-09,7.42557e-08,0.00849703,1.7759661e-06,6.49182e-20,1.0464948e-06,4.7757327e-09,0.9915001
Random186
Raw:4.4686113e-10,2.986796e-11,9.024352e-09,7.425584e-08,0.00849703,1.7759728e-06,6.491869e-20,1.0464969e-06,4.7757416e-09,0.9915001
EFT:4.4685944e-10,2.9867844e-11,9.024334e-09,7.42557e-08,0.00849703,1.7759661e-06,6.49182e-20,1.0464948e-06,4.7757327e-09,0.9915001
Random187
Raw:4.4686113e-10,2.9867844e-11,9.024317e-09,7.42557e-08,0.008496997,1.7759661e-06,6.49182e-20,1.0464969e-06,4.7757145e-09,0.9915001
EFT:4.4685944e-10,2.9867844e-11,9.024334e-09,7.42557e-08,0.00849703,1.7759661e-06,6.49182e-20,1.0464948e-06,4.7757327e-09,0.9915001
Random188
Raw:4.4686285e-10,2.9868018e-11,9.024387e-09,7.425598e-08,0.00849703,1.7759728e-06,6.491869e-20,1.0464969e-06,4.7757602e-09,0.9915001
EFT:4.4685944e-10,2.9867844e-11,9.024334e-09,7.42557e-08,0.00849703,1.7759661e-06,6.49182e-20,1.0464948e-06,4.7757327e-09,0.9915001
Random189
Raw:4.4685858e-10,2.9867733e-11,9.0242835e-09,7.425542e-08,0.00849703,1.7759661e-06,6.491795e-20,1.0464928e-06,4.7757056e-09,0.9915001
EFT:4.4685944e-10,2.9867844e-11,9.024334e-09,7.42557e-08,0.00849703,1.7759661e-06,6.49182e-20,1.0464948e-06,4.7757327e-09,0.9915001
Random190
Raw:4.4686113e-10,2.9867903e-11,9.024352e-09,7.425584e-08,0.00849703,1.7759694e-06,6.4918446e-20,1.0464969e-06,4.7757327e-09,0.9915001
EFT:4.4685944e-10,2.9867844e-11,9.024334e-09,7.42557e-08,0.00849703,1.7759661e-06,6.49182e-20,1.0464948e-06,4.7757327e-09,0.9915001
Random191
Raw:4.4686113e-10,2.9868018e-11,9.024352e-09,7.425584e-08,0.008497062,1.7759762e-06,6.491869e-20,1.0464969e-06,4.7757602e-09,0.9915001
EFT:4.4685944e-10,2.9867844e-11,9.024334e-09,7.42557e-08,0.00849703,1.7759661e-06,6.49182e-20,1.0464948e-06,4.7757327e-09,0.9915001
Random192
Raw:4.4686113e-10,2.9867903e-11,9.024334e-09,7.425584e-08,0.00849703,1.7759728e-06,6.4918446e-20,1.0464948e-06,4.7757416e-09,0.9915001
EFT:4.4685944e-10,2.9867844e-11,9.024334e-09,7.42557e-08,0.00849703,1.7759661e-06,6.49182e-20,1.0464948e-06,4.7757327e-09,0.9915001
Random193
Raw:4.4686113e-10,2.986796e-11,9.024352e-09,7.425584e-08,0.008497062,1.7759728e-06,6.491869e-20,1.0464948e-06,4.7757602e-09,0.9915001
EFT:4.4685944e-10,2.9867844e-11,9.024334e-09,7.42557e-08,0.00849703,1.7759661e-06,6.49182e-20,1.0464948e-06,4.7757327e-09,0.9915001
Random194
Raw:4.4686113e-10,2.9868018e-11,9.024369e-09,7.425584e-08,0.008497062,1.7759728e-06,6.491869e-20,1.0464969e-06,4.7757602e-09,0.9915001
EFT:4.4685944e-10,2.9867844e-11,9.024334e-09,7.42557e-08,0.00849703,1.7759661e-06,6.49182e-20,1.0464948e-06,4.7757327e-09,0.9915001
Random195
Raw:4.4686113e-10,2.9867844e-11,9.024317e-09,7.425598e-08,0.008496997,1.7759661e-06,6.491795e-20,1.0464948e-06,4.7757416e-09,0.9915001
EFT:4.4685944e-10,2.9867844e-11,9.024334e-09,7.42557e-08,0.00849703,1.7759661e-06,6.49182e-20,1.0464948e-06,4.7757327e-09,0.9915001
Random196
Raw:4.4686027e-10,2.9867844e-11,9.024334e-09,7.425556e-08,0.00849703,1.7759661e-06,6.49182e-20,1.0464948e-06,4.7757234e-09,0.9915001
EFT:4.4685944e-10,2.9867844e-11,9.024334e-09,7.42557e-08,0.00849703,1.7759661e-06,6.49182e-20,1.0464948e-06,4.7757327e-09,0.9915001
Random197
Raw:4.4686113e-10,2.986796e-11,9.024352e-09,7.425584e-08,0.008497062,1.7759728e-06,6.491869e-20,1.0464969e-06,4.775751e-09,0.9915001
EFT:4.4685944e-10,2.9867844e-11,9.024334e-09,7.42557e-08,0.00849703,1.7759661e-06,6.49182e-20,1.0464948e-06,4.7757327e-09,0.9915001
Random198
Raw:4.4686285e-10,2.986796e-11,9.024369e-09,7.425598e-08,0.00849703,1.7759728e-06,6.4918446e-20,1.0465008e-06,4.7757416e-09,0.9915001
EFT:4.4685944e-10,2.9867844e-11,9.024334e-09,7.42557e-08,0.00849703,1.7759661e-06,6.49182e-20,1.0464948e-06,4.7757327e-09,0.9915001
Random199
Raw:4.4686368e-10,2.9868073e-11,9.024387e-09,7.425612e-08,0.00849703,1.7759762e-06,6.4918944e-20,1.0464988e-06,4.7757696e-09,0.9915001
EFT:4.4685944e-10,2.9867844e-11,9.024334e-09,7.42557e-08,0.00849703,1.7759661e-06,6.49182e-20,1.0464948e-06,4.7757327e-09,0.9915001
Random200
Raw:4.4686368e-10,2.9868073e-11,9.024387e-09,7.425612e-08,0.008497062,1.7759796e-06,6.4918944e-20,1.0465008e-06,4.7757602e-09,0.9915001
EFT:4.4685944e-10,2.9867844e-11,9.024334e-09,7.42557e-08,0.00849703,1.7759661e-06,6.49182e-20,1.0464948e-06,4.7757327e-09,0.9915001
Random201
Raw:4.4686455e-10,2.986819e-11,9.02442e-09,7.425626e-08,0.008497062,1.7759829e-06,6.491919e-20,1.0465048e-06,4.7757696e-09,0.9915001
EFT:4.4685944e-10,2.9867844e-11,9.024334e-09,7.42557e-08,0.00849703,1.7759661e-06,6.49182e-20,1.0464948e-06,4.7757327e-09,0.9915001
Random202
Raw:4.46862e-10,2.9868018e-11,9.024352e-09,7.425598e-08,0.00849703,1.7759728e-06,6.491869e-20,1.0464969e-06,4.775751e-09,0.9915001
EFT:4.4685944e-10,2.9867844e-11,9.024334e-09,7.42557e-08,0.00849703,1.7759661e-06,6.49182e-20,1.0464948e-06,4.7757327e-09,0.9915001
Random203
Raw:4.4686285e-10,2.9868073e-11,9.024387e-09,7.425598e-08,0.00849703,1.7759728e-06,6.4918944e-20,1.0464988e-06,4.7757416e-09,0.9915001
EFT:4.4685944e-10,2.9867844e-11,9.024334e-09,7.42557e-08,0.00849703,1.7759661e-06,6.49182e-20,1.0464948e-06,4.7757327e-09,0.9915001
Random204
Raw:4.4686285e-10,2.9868018e-11,9.024387e-09,7.425612e-08,0.00849703,1.7759728e-06,6.491869e-20,1.0464969e-06,4.7757602e-09,0.9915001
EFT:4.4685944e-10,2.9867844e-11,9.024334e-09,7.42557e-08,0.00849703,1.7759661e-06,6.49182e-20,1.0464948e-06,4.7757327e-09,0.9915001
Random205
Raw:4.46862e-10,2.9868018e-11,9.024352e-09,7.425598e-08,0.008497062,1.7759728e-06,6.491869e-20,1.0464969e-06,4.7757416e-09,0.9915001
EFT:4.4685944e-10,2.9867844e-11,9.024334e-09,7.42557e-08,0.00849703,1.7759661e-06,6.49182e-20,1.0464948e-06,4.7757327e-09,0.9915001
Random206
Raw:4.4685944e-10,2.9867844e-11,9.024317e-09,7.42557e-08,0.00849703,1.7759661e-06,6.49182e-20,1.0464948e-06,4.7757234e-09,0.9915001
EFT:4.4685944e-10,2.9867844e-11,9.024334e-09,7.42557e-08,0.00849703,1.7759661e-06,6.49182e-20,1.0464948e-06,4.7757327e-09,0.9915001
Random207
Raw:4.4686113e-10,2.986796e-11,9.024352e-09,7.425584e-08,0.00849703,1.7759728e-06,6.4918446e-20,1.0464969e-06,4.7757416e-09,0.9915001
EFT:4.4685944e-10,2.9867844e-11,9.024334e-09,7.42557e-08,0.00849703,1.7759661e-06,6.49182e-20,1.0464948e-06,4.7757327e-09,0.9915001
Random208
Raw:4.4685944e-10,2.9867792e-11,9.024317e-09,7.425556e-08,0.00849703,1.7759661e-06,6.491795e-20,1.0464928e-06,4.7757234e-09,0.9915001
EFT:4.4685944e-10,2.9867844e-11,9.024334e-09,7.42557e-08,0.00849703,1.7759661e-06,6.49182e-20,1.0464948e-06,4.7757327e-09,0.9915001
Random209
Raw:4.4686113e-10,2.9867903e-11,9.024352e-09,7.425584e-08,0.00849703,1.7759728e-06,6.491869e-20,1.0464948e-06,4.7757416e-09,0.9915001
EFT:4.4685944e-10,2.9867844e-11,9.024334e-09,7.42557e-08,0.00849703,1.7759661e-06,6.49182e-20,1.0464948e-06,4.7757327e-09,0.9915001
Random210
Raw:4.4686368e-10,2.9868132e-11,9.024387e-09,7.425612e-08,0.00849703,1.7759762e-06,6.4918944e-20,1.0465008e-06,4.7757696e-09,0.9915001
EFT:4.4685944e-10,2.9867844e-11,9.024334e-09,7.42557e-08,0.00849703,1.7759661e-06,6.49182e-20,1.0464948e-06,4.7757327e-09,0.9915001
Random211
Raw:4.4685944e-10,2.9867792e-11,9.024317e-09,7.425556e-08,0.00849703,1.7759661e-06,6.49182e-20,1.0464948e-06,4.7757234e-09,0.9915001
EFT:4.4685944e-10,2.9867844e-11,9.024334e-09,7.42557e-08,0.00849703,1.7759661e-06,6.49182e-20,1.0464948e-06,4.7757327e-09,0.9915001
Random212
Raw:4.4686285e-10,2.9868018e-11,9.024369e-09,7.425612e-08,0.00849703,1.7759728e-06,6.491869e-20,1.0464969e-06,4.7757602e-09,0.9915001
EFT:4.4685944e-10,2.9867844e-11,9.024334e-09,7.42557e-08,0.00849703,1.7759661e-06,6.49182e-20,1.0464948e-06,4.7757327e-09,0.9915001
Random213
Raw:4.4686027e-10,2.9867844e-11,9.024334e-09,7.42557e-08,0.00849703,1.7759694e-06,6.4918446e-20,1.0464969e-06,4.7757327e-09,0.9915001
EFT:4.4685944e-10,2.9867844e-11,9.024334e-09,7.42557e-08,0.00849703,1.7759661e-06,6.49182e-20,1.0464948e-06,4.7757327e-09,0.9915001
Random214
Raw:4.4686113e-10,2.986796e-11,9.024352e-09,7.425584e-08,0.00849703,1.7759728e-06,6.491869e-20,1.0464969e-06,4.7757234e-09,0.9915001
EFT:4.4685944e-10,2.9867844e-11,9.024334e-09,7.42557e-08,0.00849703,1.7759661e-06,6.49182e-20,1.0464948e-06,4.7757327e-09,0.9915001
Random215
Raw:4.4685944e-10,2.9867792e-11,9.024317e-09,7.425556e-08,0.00849703,1.7759661e-06,6.49182e-20,1.0464948e-06,4.7757234e-09,0.9915001
EFT:4.4685944e-10,2.9867844e-11,9.024334e-09,7.42557e-08,0.00849703,1.7759661e-06,6.49182e-20,1.0464948e-06,4.7757327e-09,0.9915001
Random216
Raw:4.46862e-10,2.9868073e-11,9.024387e-09,7.425598e-08,0.008497062,1.7759762e-06,6.4918944e-20,1.0464988e-06,4.775751e-09,0.9915001
EFT:4.4685944e-10,2.9867844e-11,9.024334e-09,7.42557e-08,0.00849703,1.7759661e-06,6.49182e-20,1.0464948e-06,4.7757327e-09,0.9915001
Random217
Raw:4.4686285e-10,2.986796e-11,9.024369e-09,7.425598e-08,0.00849703,1.7759728e-06,6.4918446e-20,1.0464988e-06,4.7757416e-09,0.9915001
EFT:4.4685944e-10,2.9867844e-11,9.024334e-09,7.42557e-08,0.00849703,1.7759661e-06,6.49182e-20,1.0464948e-06,4.7757327e-09,0.9915001
Random218
Raw:4.4686113e-10,2.986796e-11,9.024352e-09,7.42557e-08,0.00849703,1.7759694e-06,6.491869e-20,1.0464969e-06,4.7757327e-09,0.9915001
EFT:4.4685944e-10,2.9867844e-11,9.024334e-09,7.42557e-08,0.00849703,1.7759661e-06,6.49182e-20,1.0464948e-06,4.7757327e-09,0.9915001
Random219
Raw:4.4686285e-10,2.986796e-11,9.024369e-09,7.425598e-08,0.008496997,1.7759728e-06,6.491869e-20,1.0464969e-06,4.7757602e-09,0.9915001
EFT:4.4685944e-10,2.9867844e-11,9.024334e-09,7.42557e-08,0.00849703,1.7759661e-06,6.49182e-20,1.0464948e-06,4.7757327e-09,0.9915001
Random220
Raw:4.46862e-10,2.9868018e-11,9.024352e-09,7.425598e-08,0.00849703,1.7759728e-06,6.491869e-20,1.0464969e-06,4.7757602e-09,0.9915001
EFT:4.4685944e-10,2.9867844e-11,9.024334e-09,7.42557e-08,0.00849703,1.7759661e-06,6.49182e-20,1.0464948e-06,4.7757327e-09,0.9915001
Random221
Raw:4.46862e-10,2.986796e-11,9.024352e-09,7.425584e-08,0.00849703,1.7759728e-06,6.491869e-20,1.0464969e-06,4.7757416e-09,0.9915001
EFT:4.4685944e-10,2.9867844e-11,9.024334e-09,7.42557e-08,0.00849703,1.7759661e-06,6.49182e-20,1.0464948e-06,4.7757327e-09,0.9915001
Random222
Raw:4.4686285e-10,2.9868073e-11,9.024387e-09,7.425612e-08,0.00849703,1.7759728e-06,6.491869e-20,1.0464988e-06,4.7757602e-09,0.9915001
EFT:4.4685944e-10,2.9867844e-11,9.024334e-09,7.42557e-08,0.00849703,1.7759661e-06,6.49182e-20,1.0464948e-06,4.7757327e-09,0.9915001
Random223
Raw:4.4686113e-10,2.986796e-11,9.024352e-09,7.425584e-08,0.008497062,1.7759728e-06,6.491869e-20,1.0464988e-06,4.7757416e-09,0.9915001
EFT:4.4685944e-10,2.9867844e-11,9.024334e-09,7.42557e-08,0.00849703,1.7759661e-06,6.49182e-20,1.0464948e-06,4.7757327e-09,0.9915001
Random224
Raw:4.46862e-10,2.986796e-11,9.024352e-09,7.425584e-08,0.00849703,1.7759728e-06,6.4918446e-20,1.0464969e-06,4.7757416e-09,0.9915001
EFT:4.4685944e-10,2.9867844e-11,9.024334e-09,7.42557e-08,0.00849703,1.7759661e-06,6.49182e-20,1.0464948e-06,4.7757327e-09,0.9915001
Random225
Raw:4.4686113e-10,2.986796e-11,9.024352e-09,7.425584e-08,0.008497062,1.7759728e-06,6.491869e-20,1.0465008e-06,4.7757327e-09,0.9915001
EFT:4.4685944e-10,2.9867844e-11,9.024334e-09,7.42557e-08,0.00849703,1.7759661e-06,6.49182e-20,1.0464948e-06,4.7757327e-09,0.9915001
Random226
Raw:4.4685944e-10,2.9867844e-11,9.024317e-09,7.425556e-08,0.008496997,1.7759661e-06,6.49182e-20,1.0464928e-06,4.7757234e-09,0.9915001
EFT:4.4685944e-10,2.9867844e-11,9.024334e-09,7.42557e-08,0.00849703,1.7759661e-06,6.49182e-20,1.0464948e-06,4.7757327e-09,0.9915001
Random227
Raw:4.4685944e-10,2.9867844e-11,9.024317e-09,7.425556e-08,0.00849703,1.7759694e-06,6.4918446e-20,1.0464948e-06,4.7757234e-09,0.9915001
EFT:4.4685944e-10,2.9867844e-11,9.024334e-09,7.42557e-08,0.00849703,1.7759661e-06,6.49182e-20,1.0464948e-06,4.7757327e-09,0.9915001
Random228
Raw:4.4686027e-10,2.9867903e-11,9.024334e-09,7.425584e-08,0.00849703,1.7759694e-06,6.4918446e-20,1.0464969e-06,4.7757416e-09,0.9915001
EFT:4.4685944e-10,2.9867844e-11,9.024334e-09,7.42557e-08,0.00849703,1.7759661e-06,6.49182e-20,1.0464948e-06,4.7757327e-09,0.9915001
Random229
Raw:4.4686027e-10,2.9867903e-11,9.024334e-09,7.425584e-08,0.008497062,1.7759694e-06,6.4918446e-20,1.0464969e-06,4.7757416e-09,0.9915001
EFT:4.4685944e-10,2.9867844e-11,9.024334e-09,7.42557e-08,0.00849703,1.7759661e-06,6.49182e-20,1.0464948e-06,4.7757327e-09,0.9915001
Random230
Raw:4.4686113e-10,2.9867903e-11,9.024352e-09,7.425584e-08,0.00849703,1.7759694e-06,6.4918446e-20,1.0464969e-06,4.7757416e-09,0.9915001
EFT:4.4685944e-10,2.9867844e-11,9.024334e-09,7.42557e-08,0.00849703,1.7759661e-06,6.49182e-20,1.0464948e-06,4.7757327e-09,0.9915001
Random231
Raw:4.46862e-10,2.986796e-11,9.024369e-09,7.425584e-08,0.00849703,1.7759728e-06,6.491869e-20,1.0464988e-06,4.7757416e-09,0.9915001
EFT:4.4685944e-10,2.9867844e-11,9.024334e-09,7.42557e-08,0.00849703,1.7759661e-06,6.49182e-20,1.0464948e-06,4.7757327e-09,0.9915001
Random232
Raw:4.46862e-10,2.986796e-11,9.024352e-09,7.425598e-08,0.00849703,1.7759762e-06,6.491869e-20,1.0464969e-06,4.775751e-09,0.9915001
EFT:4.4685944e-10,2.9867844e-11,9.024334e-09,7.42557e-08,0.00849703,1.7759661e-06,6.49182e-20,1.0464948e-06,4.7757327e-09,0.9915001
Random233
Raw:4.4686368e-10,2.986819e-11,9.024387e-09,7.425612e-08,0.00849703,1.7759796e-06,6.491944e-20,1.0464988e-06,4.775778e-09,0.9915001
EFT:4.4685944e-10,2.9867844e-11,9.024334e-09,7.42557e-08,0.00849703,1.7759661e-06,6.49182e-20,1.0464948e-06,4.7757327e-09,0.9915001
Random234
Raw:4.4686285e-10,2.9868073e-11,9.024387e-09,7.425598e-08,0.00849703,1.7759728e-06,6.4918944e-20,1.0464988e-06,4.7757602e-09,0.9915001
EFT:4.4685944e-10,2.9867844e-11,9.024334e-09,7.42557e-08,0.00849703,1.7759661e-06,6.49182e-20,1.0464948e-06,4.7757327e-09,0.9915001
Random235
Raw:4.4686027e-10,2.9867792e-11,9.024317e-09,7.425584e-08,0.00849703,1.7759661e-06,6.491795e-20,1.0464909e-06,4.7757234e-09,0.9915001
EFT:4.4685944e-10,2.9867844e-11,9.024334e-09,7.42557e-08,0.00849703,1.7759661e-06,6.49182e-20,1.0464948e-06,4.7757327e-09,0.9915001
Random236
Raw:4.46862e-10,2.9867903e-11,9.024352e-09,7.425584e-08,0.008497062,1.7759728e-06,6.4918446e-20,1.0464969e-06,4.7757416e-09,0.9915001
EFT:4.4685944e-10,2.9867844e-11,9.024334e-09,7.42557e-08,0.00849703,1.7759661e-06,6.49182e-20,1.0464948e-06,4.7757327e-09,0.9915001
Random237
Raw:4.4686113e-10,2.9867903e-11,9.024352e-09,7.42557e-08,0.00849703,1.7759661e-06,6.491869e-20,1.0464969e-06,4.7757234e-09,0.9915001
EFT:4.4685944e-10,2.9867844e-11,9.024334e-09,7.42557e-08,0.00849703,1.7759661e-06,6.49182e-20,1.0464948e-06,4.7757327e-09,0.9915001
Random238
Raw:4.4686113e-10,2.986796e-11,9.024352e-09,7.425584e-08,0.008497062,1.7759728e-06,6.491869e-20,1.0465008e-06,4.7757327e-09,0.9915001
EFT:4.4685944e-10,2.9867844e-11,9.024334e-09,7.42557e-08,0.00849703,1.7759661e-06,6.49182e-20,1.0464948e-06,4.7757327e-09,0.9915001
Random239
Raw:4.4685944e-10,2.9867733e-11,9.024317e-09,7.425556e-08,0.008496997,1.7759627e-06,6.491795e-20,1.0464928e-06,4.7757056e-09,0.9915001
EFT:4.4685944e-10,2.9867844e-11,9.024334e-09,7.42557e-08,0.00849703,1.7759661e-06,6.49182e-20,1.0464948e-06,4.7757327e-09,0.9915001
Random240
Raw:4.4686113e-10,2.986796e-11,9.024352e-09,7.425584e-08,0.008496997,1.7759694e-06,6.491869e-20,1.0464948e-06,4.7757416e-09,0.9915001
EFT:4.4685944e-10,2.9867844e-11,9.024334e-09,7.42557e-08,0.00849703,1.7759661e-06,6.49182e-20,1.0464948e-06,4.7757327e-09,0.9915001
Random241
Raw:4.46862e-10,2.986796e-11,9.024352e-09,7.425584e-08,0.008496997,1.7759694e-06,6.491869e-20,1.0464969e-06,4.7757416e-09,0.9915001
EFT:4.4685944e-10,2.9867844e-11,9.024334e-09,7.42557e-08,0.00849703,1.7759661e-06,6.49182e-20,1.0464948e-06,4.7757327e-09,0.9915001
Random242
Raw:4.4686113e-10,2.9867844e-11,9.024334e-09,7.425584e-08,0.008496997,1.7759694e-06,6.4918446e-20,1.0464948e-06,4.7757416e-09,0.9915001
EFT:4.4685944e-10,2.9867844e-11,9.024334e-09,7.42557e-08,0.00849703,1.7759661e-06,6.49182e-20,1.0464948e-06,4.7757327e-09,0.9915001
Random243
Raw:4.4686285e-10,2.9868018e-11,9.024369e-09,7.425612e-08,0.00849703,1.7759762e-06,6.491869e-20,1.0464988e-06,4.775751e-09,0.9915001
EFT:4.4685944e-10,2.9867844e-11,9.024334e-09,7.42557e-08,0.00849703,1.7759661e-06,6.49182e-20,1.0464948e-06,4.7757327e-09,0.9915001
Random244
Raw:4.46862e-10,2.9867903e-11,9.024352e-09,7.425598e-08,0.00849703,1.7759694e-06,6.49182e-20,1.0464969e-06,4.7757416e-09,0.9915001
EFT:4.4685944e-10,2.9867844e-11,9.024334e-09,7.42557e-08,0.00849703,1.7759661e-06,6.49182e-20,1.0464948e-06,4.7757327e-09,0.9915001
Random245
Raw:4.4686027e-10,2.9867903e-11,9.024334e-09,7.425584e-08,0.008497062,1.7759694e-06,6.4918446e-20,1.0464969e-06,4.7757416e-09,0.9915001
EFT:4.4685944e-10,2.9867844e-11,9.024334e-09,7.42557e-08,0.00849703,1.7759661e-06,6.49182e-20,1.0464948e-06,4.7757327e-09,0.9915001
Random246
Raw:4.4686113e-10,2.986796e-11,9.024352e-09,7.425584e-08,0.008497062,1.7759728e-06,6.4918446e-20,1.0464969e-06,4.775751e-09,0.9915001
EFT:4.4685944e-10,2.9867844e-11,9.024334e-09,7.42557e-08,0.00849703,1.7759661e-06,6.49182e-20,1.0464948e-06,4.7757327e-09,0.9915001
Random247
Raw:4.4685944e-10,2.9867792e-11,9.024317e-09,7.425542e-08,0.00849703,1.7759627e-06,6.49182e-20,1.0464948e-06,4.7757056e-09,0.9915001
EFT:4.4685944e-10,2.9867844e-11,9.024334e-09,7.42557e-08,0.00849703,1.7759661e-06,6.49182e-20,1.0464948e-06,4.7757327e-09,0.9915001
Random248
Raw:4.4686113e-10,2.9867903e-11,9.024352e-09,7.425584e-08,0.008496997,1.7759694e-06,6.49182e-20,1.0464969e-06,4.7757234e-09,0.9915001
EFT:4.4685944e-10,2.9867844e-11,9.024334e-09,7.42557e-08,0.00849703,1.7759661e-06,6.49182e-20,1.0464948e-06,4.7757327e-09,0.9915001
Random249
Raw:4.46862e-10,2.986796e-11,9.024352e-09,7.425584e-08,0.00849703,1.7759728e-06,6.4918446e-20,1.0464988e-06,4.7757416e-09,0.9915001
EFT:4.4685944e-10,2.9867844e-11,9.024334e-09,7.42557e-08,0.00849703,1.7759661e-06,6.49182e-20,1.0464948e-06,4.7757327e-09,0.9915001
Random250
Raw:4.4686027e-10,2.9867903e-11,9.024334e-09,7.42557e-08,0.008496997,1.7759661e-06,6.4918446e-20,1.0464928e-06,4.7757416e-09,0.9915001
EFT:4.4685944e-10,2.9867844e-11,9.024334e-09,7.42557e-08,0.00849703,1.7759661e-06,6.49182e-20,1.0464948e-06,4.7757327e-09,0.9915001
Random251
Raw:4.4686113e-10,2.986796e-11,9.024352e-09,7.425584e-08,0.00849703,1.7759728e-06,6.4918446e-20,1.0464969e-06,4.7757416e-09,0.9915001
EFT:4.4685944e-10,2.9867844e-11,9.024334e-09,7.42557e-08,0.00849703,1.7759661e-06,6.49182e-20,1.0464948e-06,4.7757327e-09,0.9915001
Random252
Raw:4.4686027e-10,2.986796e-11,9.024352e-09,7.42557e-08,0.008497062,1.7759728e-06,6.491869e-20,1.0464969e-06,4.7757416e-09,0.9915001
EFT:4.4685944e-10,2.9867844e-11,9.024334e-09,7.42557e-08,0.00849703,1.7759661e-06,6.49182e-20,1.0464948e-06,4.7757327e-09,0.9915001
Random253
Raw:4.46862e-10,2.986796e-11,9.024352e-09,7.425584e-08,0.00849703,1.7759728e-06,6.491869e-20,1.0464969e-06,4.7757416e-09,0.9915001
EFT:4.4685944e-10,2.9867844e-11,9.024334e-09,7.42557e-08,0.00849703,1.7759661e-06,6.49182e-20,1.0464948e-06,4.7757327e-09,0.9915001
Random254
Raw:4.4686285e-10,2.9868073e-11,9.024387e-09,7.425612e-08,0.00849703,1.7759728e-06,6.4918944e-20,1.0465008e-06,4.7757602e-09,0.9915001
EFT:4.4685944e-10,2.9867844e-11,9.024334e-09,7.42557e-08,0.00849703,1.7759661e-06,6.49182e-20,1.0464948e-06,4.7757327e-09,0.9915001
Random255
Raw:4.4685944e-10,2.9867844e-11,9.024317e-09,7.425556e-08,0.00849703,1.7759661e-06,6.49182e-20,1.0464928e-06,4.7757234e-09,0.9915001
EFT:4.4685944e-10,2.9867844e-11,9.024334e-09,7.42557e-08,0.00849703,1.7759661e-06,6.49182e-20,1.0464948e-06,4.7757327e-09,0.9915001
Random256
Raw:4.4686285e-10,2.9868073e-11,9.024387e-09,7.425598e-08,0.008497062,1.7759762e-06,6.4918944e-20,1.0464969e-06,4.7757602e-09,0.9915001
EFT:4.4685944e-10,2.9867844e-11,9.024334e-09,7.42557e-08,0.00849703,1.7759661e-06,6.49182e-20,1.0464948e-06,4.7757327e-09,0.9915001
Random257
Raw:4.4686027e-10,2.9867792e-11,9.024317e-09,7.42557e-08,0.008496997,1.7759661e-06,6.49182e-20,1.0464928e-06,4.7757234e-09,0.9915001
EFT:4.4685944e-10,2.9867844e-11,9.024334e-09,7.42557e-08,0.00849703,1.7759661e-06,6.49182e-20,1.0464948e-06,4.7757327e-09,0.9915001
Random258
Raw:4.4686455e-10,2.9868132e-11,9.024404e-09,7.425612e-08,0.00849703,1.7759796e-06,6.491919e-20,1.0465008e-06,4.7757696e-09,0.9915001
EFT:4.4685944e-10,2.9867844e-11,9.024334e-09,7.42557e-08,0.00849703,1.7759661e-06,6.49182e-20,1.0464948e-06,4.7757327e-09,0.9915001
Random259
Raw:4.46862e-10,2.986796e-11,9.024352e-09,7.425598e-08,0.00849703,1.7759694e-06,6.49182e-20,1.0464969e-06,4.7757416e-09,0.9915001
EFT:4.4685944e-10,2.9867844e-11,9.024334e-09,7.42557e-08,0.00849703,1.7759661e-06,6.49182e-20,1.0464948e-06,4.7757327e-09,0.9915001
Random260
Raw:4.4686113e-10,2.9868018e-11,9.024352e-09,7.425584e-08,0.008497062,1.7759728e-06,6.491869e-20,1.0464969e-06,4.7757416e-09,0.9915001
EFT:4.4685944e-10,2.9867844e-11,9.024334e-09,7.42557e-08,0.00849703,1.7759661e-06,6.49182e-20,1.0464948e-06,4.7757327e-09,0.9915001
Random261
Raw:4.4686113e-10,2.986796e-11,9.024352e-09,7.425584e-08,0.008497062,1.7759728e-06,6.491869e-20,1.0464969e-06,4.7757234e-09,0.9915001
EFT:4.4685944e-10,2.9867844e-11,9.024334e-09,7.42557e-08,0.00849703,1.7759661e-06,6.49182e-20,1.0464948e-06,4.7757327e-09,0.9915001
Random262
Raw:4.4686113e-10,2.986796e-11,9.024352e-09,7.42557e-08,0.008496997,1.7759694e-06,6.491869e-20,1.0464969e-06,4.7757327e-09,0.9915001
EFT:4.4685944e-10,2.9867844e-11,9.024334e-09,7.42557e-08,0.00849703,1.7759661e-06,6.49182e-20,1.0464948e-06,4.7757327e-09,0.9915001
Random263
Raw:4.4686113e-10,2.986796e-11,9.024352e-09,7.42557e-08,0.008497062,1.7759728e-06,6.491869e-20,1.0464969e-06,4.7757416e-09,0.9915001
EFT:4.4685944e-10,2.9867844e-11,9.024334e-09,7.42557e-08,0.00849703,1.7759661e-06,6.49182e-20,1.0464948e-06,4.7757327e-09,0.9915001
Random264
Raw:4.4686027e-10,2.9867844e-11,9.024334e-09,7.42557e-08,0.00849703,1.7759694e-06,6.4918446e-20,1.0464969e-06,4.7757327e-09,0.9915001
EFT:4.4685944e-10,2.9867844e-11,9.024334e-09,7.42557e-08,0.00849703,1.7759661e-06,6.49182e-20,1.0464948e-06,4.7757327e-09,0.9915001
Random265
Raw:4.4686368e-10,2.9868132e-11,9.024387e-09,7.425612e-08,0.00849703,1.7759762e-06,6.4918944e-20,1.0465008e-06,4.7757696e-09,0.9915001
EFT:4.4685944e-10,2.9867844e-11,9.024334e-09,7.42557e-08,0.00849703,1.7759661e-06,6.49182e-20,1.0464948e-06,4.7757327e-09,0.9915001
Random266
Raw:4.4685944e-10,2.9867903e-11,9.024334e-09,7.425556e-08,0.00849703,1.7759694e-06,6.4918446e-20,1.0464969e-06,4.7757327e-09,0.9915001
EFT:4.4685944e-10,2.9867844e-11,9.024334e-09,7.42557e-08,0.00849703,1.7759661e-06,6.49182e-20,1.0464948e-06,4.7757327e-09,0.9915001
Random267
Raw:4.4686027e-10,2.9867903e-11,9.024317e-09,7.425556e-08,0.00849703,1.7759661e-06,6.4918446e-20,1.0464928e-06,4.7757234e-09,0.9915001
EFT:4.4685944e-10,2.9867844e-11,9.024334e-09,7.42557e-08,0.00849703,1.7759661e-06,6.49182e-20,1.0464948e-06,4.7757327e-09,0.9915001
Random268
Raw:4.46862e-10,2.986796e-11,9.024369e-09,7.425598e-08,0.008497062,1.7759762e-06,6.491869e-20,1.0464969e-06,4.7757416e-09,0.9915001
EFT:4.4685944e-10,2.9867844e-11,9.024334e-09,7.42557e-08,0.00849703,1.7759661e-06,6.49182e-20,1.0464948e-06,4.7757327e-09,0.9915001
Random269
Raw:4.4686455e-10,2.9868132e-11,9.024387e-09,7.425612e-08,0.008497062,1.7759796e-06,6.4918944e-20,1.0465008e-06,4.7757602e-09,0.9915001
EFT:4.4685944e-10,2.9867844e-11,9.024334e-09,7.42557e-08,0.00849703,1.7759661e-06,6.49182e-20,1.0464948e-06,4.7757327e-09,0.9915001
Random270
Raw:4.4686285e-10,2.9868073e-11,9.024369e-09,7.425584e-08,0.008496997,1.7759728e-06,6.4918944e-20,1.0464969e-06,4.7757602e-09,0.9915001
EFT:4.4685944e-10,2.9867844e-11,9.024334e-09,7.42557e-08,0.00849703,1.7759661e-06,6.49182e-20,1.0464948e-06,4.7757327e-09,0.9915001
Random271
Raw:4.46862e-10,2.9868018e-11,9.024352e-09,7.425584e-08,0.008497062,1.7759728e-06,6.491869e-20,1.0464969e-06,4.7757416e-09,0.9915001
EFT:4.4685944e-10,2.9867844e-11,9.024334e-09,7.42557e-08,0.00849703,1.7759661e-06,6.49182e-20,1.0464948e-06,4.7757327e-09,0.9915001
Random272
Raw:4.4686285e-10,2.986796e-11,9.024369e-09,7.425598e-08,0.00849703,1.7759762e-06,6.491869e-20,1.0465008e-06,4.775751e-09,0.9915001
EFT:4.4685944e-10,2.9867844e-11,9.024334e-09,7.42557e-08,0.00849703,1.7759661e-06,6.49182e-20,1.0464948e-06,4.7757327e-09,0.9915001
Random273
Raw:4.4686113e-10,2.9868018e-11,9.024369e-09,7.425584e-08,0.008497062,1.7759762e-06,6.491869e-20,1.0464969e-06,4.7757602e-09,0.9915001
EFT:4.4685944e-10,2.9867844e-11,9.024334e-09,7.42557e-08,0.00849703,1.7759661e-06,6.49182e-20,1.0464948e-06,4.7757327e-09,0.9915001
Random274
Raw:4.4685944e-10,2.9867844e-11,9.024317e-09,7.425556e-08,0.00849703,1.7759694e-06,6.49182e-20,1.0464948e-06,4.7757234e-09,0.9915001
EFT:4.4685944e-10,2.9867844e-11,9.024334e-09,7.42557e-08,0.00849703,1.7759661e-06,6.49182e-20,1.0464948e-06,4.7757327e-09,0.9915001
Random275
Raw:4.4686368e-10,2.9868132e-11,9.024387e-09,7.425612e-08,0.00849703,1.7759762e-06,6.491919e-20,1.0464988e-06,4.7757602e-09,0.9915001
EFT:4.4685944e-10,2.9867844e-11,9.024334e-09,7.42557e-08,0.00849703,1.7759661e-06,6.49182e-20,1.0464948e-06,4.7757327e-09,0.9915001
Random276
Raw:4.4686113e-10,2.986796e-11,9.024352e-09,7.425584e-08,0.008497062,1.7759728e-06,6.491869e-20,1.0464969e-06,4.7757416e-09,0.9915001
EFT:4.4685944e-10,2.9867844e-11,9.024334e-09,7.42557e-08,0.00849703,1.7759661e-06,6.49182e-20,1.0464948e-06,4.7757327e-09,0.9915001
Random277
Raw:4.4686027e-10,2.9867844e-11,9.024334e-09,7.425556e-08,0.008497062,1.7759661e-06,6.4918446e-20,1.0464969e-06,4.7757234e-09,0.9915001
EFT:4.4685944e-10,2.9867844e-11,9.024334e-09,7.42557e-08,0.00849703,1.7759661e-06,6.49182e-20,1.0464948e-06,4.7757327e-09,0.9915001
Random278
Raw:4.4686285e-10,2.9868073e-11,9.024387e-09,7.425598e-08,0.008497062,1.7759762e-06,6.4918944e-20,1.0464969e-06,4.7757602e-09,0.9915001
EFT:4.4685944e-10,2.9867844e-11,9.024334e-09,7.42557e-08,0.00849703,1.7759661e-06,6.49182e-20,1.0464948e-06,4.7757327e-09,0.9915001
Random279
Raw:4.4685944e-10,2.9867844e-11,9.024317e-09,7.425556e-08,0.00849703,1.7759661e-06,6.49182e-20,1.0464969e-06,4.7757234e-09,0.9915001
EFT:4.4685944e-10,2.9867844e-11,9.024334e-09,7.42557e-08,0.00849703,1.7759661e-06,6.49182e-20,1.0464948e-06,4.7757327e-09,0.9915001
Random280
Raw:4.4686113e-10,2.9867844e-11,9.024352e-09,7.425584e-08,0.008497062,1.7759694e-06,6.49182e-20,1.0464969e-06,4.7757327e-09,0.9915001
EFT:4.4685944e-10,2.9867844e-11,9.024334e-09,7.42557e-08,0.00849703,1.7759661e-06,6.49182e-20,1.0464948e-06,4.7757327e-09,0.9915001
Random281
Raw:4.4686113e-10,2.9868018e-11,9.024369e-09,7.425584e-08,0.008497062,1.7759728e-06,6.491869e-20,1.0464969e-06,4.775751e-09,0.9915001
EFT:4.4685944e-10,2.9867844e-11,9.024334e-09,7.42557e-08,0.00849703,1.7759661e-06,6.49182e-20,1.0464948e-06,4.7757327e-09,0.9915001
Random282
Raw:4.46862e-10,2.9867903e-11,9.024352e-09,7.425584e-08,0.008497062,1.7759728e-06,6.4918446e-20,1.0464969e-06,4.7757327e-09,0.9915001
EFT:4.4685944e-10,2.9867844e-11,9.024334e-09,7.42557e-08,0.00849703,1.7759661e-06,6.49182e-20,1.0464948e-06,4.7757327e-09,0.9915001
Random283
Raw:4.4686113e-10,2.986796e-11,9.024352e-09,7.425584e-08,0.00849703,1.7759694e-06,6.4918446e-20,1.0464969e-06,4.7757327e-09,0.9915001
EFT:4.4685944e-10,2.9867844e-11,9.024334e-09,7.42557e-08,0.00849703,1.7759661e-06,6.49182e-20,1.0464948e-06,4.7757327e-09,0.9915001
Random284
Raw:4.46862e-10,2.986796e-11,9.024369e-09,7.425612e-08,0.008497062,1.7759762e-06,6.491869e-20,1.0464969e-06,4.775751e-09,0.9915001
EFT:4.4685944e-10,2.9867844e-11,9.024334e-09,7.42557e-08,0.00849703,1.7759661e-06,6.49182e-20,1.0464948e-06,4.7757327e-09,0.9915001
Random285
Raw:4.4686113e-10,2.9867903e-11,9.024352e-09,7.42557e-08,0.00849703,1.7759694e-06,6.4918446e-20,1.0464969e-06,4.7757327e-09,0.9915001
EFT:4.4685944e-10,2.9867844e-11,9.024334e-09,7.42557e-08,0.00849703,1.7759661e-06,6.49182e-20,1.0464948e-06,4.7757327e-09,0.9915001
Random286
Raw:4.4686285e-10,2.986796e-11,9.024369e-09,7.425612e-08,0.00849703,1.7759762e-06,6.491869e-20,1.0465008e-06,4.775751e-09,0.9915001
EFT:4.4685944e-10,2.9867844e-11,9.024334e-09,7.42557e-08,0.00849703,1.7759661e-06,6.49182e-20,1.0464948e-06,4.7757327e-09,0.9915001
Random287
Raw:4.4686113e-10,2.9867903e-11,9.024334e-09,7.42557e-08,0.008496997,1.7759694e-06,6.4918446e-20,1.0464928e-06,4.7757416e-09,0.9915001
EFT:4.4685944e-10,2.9867844e-11,9.024334e-09,7.42557e-08,0.00849703,1.7759661e-06,6.49182e-20,1.0464948e-06,4.7757327e-09,0.9915001
Random288
Raw:4.4685944e-10,2.9867844e-11,9.024317e-09,7.425556e-08,0.00849703,1.7759661e-06,6.4918446e-20,1.0464928e-06,4.7757234e-09,0.9915001
EFT:4.4685944e-10,2.9867844e-11,9.024334e-09,7.42557e-08,0.00849703,1.7759661e-06,6.49182e-20,1.0464948e-06,4.7757327e-09,0.9915001
Random289
Raw:4.4686113e-10,2.986796e-11,9.024352e-09,7.425584e-08,0.00849703,1.7759728e-06,6.491869e-20,1.0464969e-06,4.7757416e-09,0.9915001
EFT:4.4685944e-10,2.9867844e-11,9.024334e-09,7.42557e-08,0.00849703,1.7759661e-06,6.49182e-20,1.0464948e-06,4.7757327e-09,0.9915001
Random290
Raw:4.4686113e-10,2.986796e-11,9.024352e-09,7.425584e-08,0.00849703,1.7759728e-06,6.491869e-20,1.0464969e-06,4.7757416e-09,0.9915001
EFT:4.4685944e-10,2.9867844e-11,9.024334e-09,7.42557e-08,0.00849703,1.7759661e-06,6.49182e-20,1.0464948e-06,4.7757327e-09,0.9915001
Random291
Raw:4.4686027e-10,2.9867844e-11,9.024317e-09,7.425584e-08,0.00849703,1.7759661e-06,6.491795e-20,1.0464969e-06,4.7757234e-09,0.9915001
EFT:4.4685944e-10,2.9867844e-11,9.024334e-09,7.42557e-08,0.00849703,1.7759661e-06,6.49182e-20,1.0464948e-06,4.7757327e-09,0.9915001
Random292
Raw:4.4686285e-10,2.9868073e-11,9.024387e-09,7.425584e-08,0.008497062,1.7759762e-06,6.4918944e-20,1.0464969e-06,4.7757602e-09,0.9915001
EFT:4.4685944e-10,2.9867844e-11,9.024334e-09,7.42557e-08,0.00849703,1.7759661e-06,6.49182e-20,1.0464948e-06,4.7757327e-09,0.9915001
Random293
Raw:4.46862e-10,2.986796e-11,9.024369e-09,7.425584e-08,0.00849703,1.7759762e-06,6.4918446e-20,1.0464969e-06,4.7757416e-09,0.9915001
EFT:4.4685944e-10,2.9867844e-11,9.024334e-09,7.42557e-08,0.00849703,1.7759661e-06,6.49182e-20,1.0464948e-06,4.7757327e-09,0.9915001
Random294
Raw:4.4685944e-10,2.9867792e-11,9.024317e-09,7.425556e-08,0.00849703,1.7759627e-06,6.491795e-20,1.0464948e-06,4.7757145e-09,0.9915001
EFT:4.4685944e-10,2.9867844e-11,9.024334e-09,7.42557e-08,0.00849703,1.7759661e-06,6.49182e-20,1.0464948e-06,4.7757327e-09,0.9915001
Random295
Raw:4.46862e-10,2.986796e-11,9.024352e-09,7.425584e-08,0.008497062,1.7759762e-06,6.491869e-20,1.0464988e-06,4.7757416e-09,0.9915001
EFT:4.4685944e-10,2.9867844e-11,9.024334e-09,7.42557e-08,0.00849703,1.7759661e-06,6.49182e-20,1.0464948e-06,4.7757327e-09,0.9915001
Random296
Raw:4.4686368e-10,2.9868073e-11,9.024387e-09,7.425612e-08,0.00849703,1.7759762e-06,6.491869e-20,1.0465008e-06,4.7757602e-09,0.9915001
EFT:4.4685944e-10,2.9867844e-11,9.024334e-09,7.42557e-08,0.00849703,1.7759661e-06,6.49182e-20,1.0464948e-06,4.7757327e-09,0.9915001
Random297
Raw:4.4686285e-10,2.9868018e-11,9.024352e-09,7.425598e-08,0.00849703,1.7759728e-06,6.491869e-20,1.0464988e-06,4.7757416e-09,0.9915001
EFT:4.4685944e-10,2.9867844e-11,9.024334e-09,7.42557e-08,0.00849703,1.7759661e-06,6.49182e-20,1.0464948e-06,4.7757327e-09,0.9915001
Random298
Raw:4.4686285e-10,2.9868073e-11,9.024387e-09,7.425612e-08,0.00849703,1.7759728e-06,6.491869e-20,1.0464969e-06,4.7757696e-09,0.9915001
EFT:4.4685944e-10,2.9867844e-11,9.024334e-09,7.42557e-08,0.00849703,1.7759661e-06,6.49182e-20,1.0464948e-06,4.7757327e-09,0.9915001
Random299
Raw:4.4686113e-10,2.9867844e-11,9.024352e-09,7.425584e-08,0.00849703,1.7759694e-06,6.49182e-20,1.0464948e-06,4.7757234e-09,0.9915001
EFT:4.4685944e-10,2.9867844e-11,9.024334e-09,7.42557e-08,0.00849703,1.7759661e-06,6.49182e-20,1.0464948e-06,4.7757327e-09,0.9915001
Random300
Raw:4.4686113e-10,2.986796e-11,9.024352e-09,7.425598e-08,0.008496997,1.7759728e-06,6.491869e-20,1.0464948e-06,4.7757602e-09,0.9915001
EFT:4.4685944e-10,2.9867844e-11,9.024334e-09,7.42557e-08,0.00849703,1.7759661e-06,6.49182e-20,1.0464948e-06,4.7757327e-09,0.9915001
Random301
Raw:4.4686113e-10,2.9867844e-11,9.024352e-09,7.425598e-08,0.008497062,1.7759728e-06,6.491795e-20,1.0464969e-06,4.7757327e-09,0.9915001
EFT:4.4685944e-10,2.9867844e-11,9.024334e-09,7.42557e-08,0.00849703,1.7759661e-06,6.49182e-20,1.0464948e-06,4.7757327e-09,0.9915001
Random302
Raw:4.46862e-10,2.9868018e-11,9.024369e-09,7.425612e-08,0.008497062,1.7759762e-06,6.491869e-20,1.0464969e-06,4.7757602e-09,0.9915001
EFT:4.4685944e-10,2.9867844e-11,9.024334e-09,7.42557e-08,0.00849703,1.7759661e-06,6.49182e-20,1.0464948e-06,4.7757327e-09,0.9915001
Random303
Raw:4.46862e-10,2.986796e-11,9.024369e-09,7.425584e-08,0.008497062,1.7759728e-06,6.491869e-20,1.0464988e-06,4.7757416e-09,0.9915001
EFT:4.4685944e-10,2.9867844e-11,9.024334e-09,7.42557e-08,0.00849703,1.7759661e-06,6.49182e-20,1.0464948e-06,4.7757327e-09,0.9915001
Random304
Raw:4.4686027e-10,2.9867903e-11,9.024352e-09,7.42557e-08,0.00849703,1.7759694e-06,6.4918446e-20,1.0464969e-06,4.7757234e-09,0.9915001
EFT:4.4685944e-10,2.9867844e-11,9.024334e-09,7.42557e-08,0.00849703,1.7759661e-06,6.49182e-20,1.0464948e-06,4.7757327e-09,0.9915001
Random305
Raw:4.4686368e-10,2.9868073e-11,9.024387e-09,7.425612e-08,0.00849703,1.7759762e-06,6.4918944e-20,1.0465008e-06,4.7757602e-09,0.9915001
EFT:4.4685944e-10,2.9867844e-11,9.024334e-09,7.42557e-08,0.00849703,1.7759661e-06,6.49182e-20,1.0464948e-06,4.7757327e-09,0.9915001
Random306
Raw:4.4686113e-10,2.986796e-11,9.024352e-09,7.425598e-08,0.00849703,1.7759728e-06,6.4918446e-20,1.0464988e-06,4.7757416e-09,0.9915001
EFT:4.4685944e-10,2.9867844e-11,9.024334e-09,7.42557e-08,0.00849703,1.7759661e-06,6.49182e-20,1.0464948e-06,4.7757327e-09,0.9915001
Random307
Raw:4.4686285e-10,2.9868073e-11,9.024387e-09,7.425626e-08,0.008497062,1.7759796e-06,6.491869e-20,1.0465008e-06,4.7757602e-09,0.9915001
EFT:4.4685944e-10,2.9867844e-11,9.024334e-09,7.42557e-08,0.00849703,1.7759661e-06,6.49182e-20,1.0464948e-06,4.7757327e-09,0.9915001
Random308
Raw:4.4686027e-10,2.9867903e-11,9.024334e-09,7.425584e-08,0.00849703,1.7759694e-06,6.4918446e-20,1.0464948e-06,4.7757234e-09,0.9915001
EFT:4.4685944e-10,2.9867844e-11,9.024334e-09,7.42557e-08,0.00849703,1.7759661e-06,6.49182e-20,1.0464948e-06,4.7757327e-09,0.9915001
Random309
Raw:4.4685944e-10,2.9867792e-11,9.024317e-09,7.42557e-08,0.00849703,1.7759661e-06,6.491795e-20,1.0464928e-06,4.7757234e-09,0.9915001
EFT:4.4685944e-10,2.9867844e-11,9.024334e-09,7.42557e-08,0.00849703,1.7759661e-06,6.49182e-20,1.0464948e-06,4.7757327e-09,0.9915001
Random310
Raw:4.4686285e-10,2.9868018e-11,9.024369e-09,7.425584e-08,0.00849703,1.7759728e-06,6.491869e-20,1.0464969e-06,4.7757416e-09,0.9915001
EFT:4.4685944e-10,2.9867844e-11,9.024334e-09,7.42557e-08,0.00849703,1.7759661e-06,6.49182e-20,1.0464948e-06,4.7757327e-09,0.9915001
Random311
Raw:4.4686027e-10,2.9867844e-11,9.024334e-09,7.42557e-08,0.00849703,1.7759661e-06,6.4918446e-20,1.0464948e-06,4.7757327e-09,0.9915001
EFT:4.4685944e-10,2.9867844e-11,9.024334e-09,7.42557e-08,0.00849703,1.7759661e-06,6.49182e-20,1.0464948e-06,4.7757327e-09,0.9915001
Random312
Raw:4.4686027e-10,2.9867903e-11,9.024334e-09,7.425584e-08,0.00849703,1.7759694e-06,6.4918446e-20,1.0464928e-06,4.7757327e-09,0.9915001
EFT:4.4685944e-10,2.9867844e-11,9.024334e-09,7.42557e-08,0.00849703,1.7759661e-06,6.49182e-20,1.0464948e-06,4.7757327e-09,0.9915001
Random313
Raw:4.4686113e-10,2.9867903e-11,9.024352e-09,7.425584e-08,0.00849703,1.7759728e-06,6.4918446e-20,1.0464928e-06,4.7757416e-09,0.9915001
EFT:4.4685944e-10,2.9867844e-11,9.024334e-09,7.42557e-08,0.00849703,1.7759661e-06,6.49182e-20,1.0464948e-06,4.7757327e-09,0.9915001
Random314
Raw:4.4686027e-10,2.9867903e-11,9.024334e-09,7.42557e-08,0.00849703,1.7759661e-06,6.4918446e-20,1.0464928e-06,4.7757416e-09,0.9915001
EFT:4.4685944e-10,2.9867844e-11,9.024334e-09,7.42557e-08,0.00849703,1.7759661e-06,6.49182e-20,1.0464948e-06,4.7757327e-09,0.9915001
Random315
Raw:4.46862e-10,2.9868018e-11,9.024369e-09,7.425598e-08,0.008497095,1.7759762e-06,6.491869e-20,1.0465008e-06,4.7757416e-09,0.9915001
EFT:4.4685944e-10,2.9867844e-11,9.024334e-09,7.42557e-08,0.00849703,1.7759661e-06,6.49182e-20,1.0464948e-06,4.7757327e-09,0.9915001
Random316
Raw:4.4686455e-10,2.9868132e-11,9.02442e-09,7.425612e-08,0.008497062,1.7759796e-06,6.4918944e-20,1.0465008e-06,4.7757602e-09,0.9915001
EFT:4.4685944e-10,2.9867844e-11,9.024334e-09,7.42557e-08,0.00849703,1.7759661e-06,6.49182e-20,1.0464948e-06,4.7757327e-09,0.9915001
Random317
Raw:4.4686027e-10,2.9867844e-11,9.024334e-09,7.425584e-08,0.00849703,1.7759694e-06,6.4918446e-20,1.0464969e-06,4.7757327e-09,0.9915001
EFT:4.4685944e-10,2.9867844e-11,9.024334e-09,7.42557e-08,0.00849703,1.7759661e-06,6.49182e-20,1.0464948e-06,4.7757327e-09,0.9915001
Random318
Raw:4.4685944e-10,2.9867844e-11,9.024317e-09,7.425556e-08,0.00849703,1.7759661e-06,6.4918446e-20,1.0464928e-06,4.7757145e-09,0.9915001
EFT:4.4685944e-10,2.9867844e-11,9.024334e-09,7.42557e-08,0.00849703,1.7759661e-06,6.49182e-20,1.0464948e-06,4.7757327e-09,0.9915001
Random319
Raw:4.4686113e-10,2.986796e-11,9.024352e-09,7.425584e-08,0.008497062,1.7759728e-06,6.4918446e-20,1.0464969e-06,4.7757416e-09,0.9915001
EFT:4.4685944e-10,2.9867844e-11,9.024334e-09,7.42557e-08,0.00849703,1.7759661e-06,6.49182e-20,1.0464948e-06,4.7757327e-09,0.9915001
Random320
Raw:4.4686113e-10,2.986796e-11,9.024352e-09,7.425584e-08,0.00849703,1.7759661e-06,6.491869e-20,1.0464969e-06,4.7757327e-09,0.9915001
EFT:4.4685944e-10,2.9867844e-11,9.024334e-09,7.42557e-08,0.00849703,1.7759661e-06,6.49182e-20,1.0464948e-06,4.7757327e-09,0.9915001
Random321
Raw:4.4686285e-10,2.986796e-11,9.024369e-09,7.425612e-08,0.00849703,1.7759728e-06,6.491869e-20,1.0464988e-06,4.7757416e-09,0.9915001
EFT:4.4685944e-10,2.9867844e-11,9.024334e-09,7.42557e-08,0.00849703,1.7759661e-06,6.49182e-20,1.0464948e-06,4.7757327e-09,0.9915001
Random322
Raw:4.4686285e-10,2.9868018e-11,9.024352e-09,7.425598e-08,0.00849703,1.7759694e-06,6.491869e-20,1.0464969e-06,4.7757416e-09,0.9915001
EFT:4.4685944e-10,2.9867844e-11,9.024334e-09,7.42557e-08,0.00849703,1.7759661e-06,6.49182e-20,1.0464948e-06,4.7757327e-09,0.9915001
Random323
Raw:4.4686113e-10,2.9867844e-11,9.024334e-09,7.42557e-08,0.008497062,1.7759661e-06,6.49182e-20,1.0464969e-06,4.7757234e-09,0.9915001
EFT:4.4685944e-10,2.9867844e-11,9.024334e-09,7.42557e-08,0.00849703,1.7759661e-06,6.49182e-20,1.0464948e-06,4.7757327e-09,0.9915001
Random324
Raw:4.4686285e-10,2.9868018e-11,9.024369e-09,7.425598e-08,0.00849703,1.7759728e-06,6.491869e-20,1.0464988e-06,4.7757602e-09,0.9915001
EFT:4.4685944e-10,2.9867844e-11,9.024334e-09,7.42557e-08,0.00849703,1.7759661e-06,6.49182e-20,1.0464948e-06,4.7757327e-09,0.9915001
Random325
Raw:4.4686113e-10,2.9867903e-11,9.024352e-09,7.425584e-08,0.00849703,1.7759694e-06,6.4918446e-20,1.0464969e-06,4.7757327e-09,0.9915001
EFT:4.4685944e-10,2.9867844e-11,9.024334e-09,7.42557e-08,0.00849703,1.7759661e-06,6.49182e-20,1.0464948e-06,4.7757327e-09,0.9915001
Random326
Raw:4.4686368e-10,2.9868132e-11,9.024404e-09,7.425612e-08,0.008497062,1.7759796e-06,6.491919e-20,1.0465008e-06,4.775778e-09,0.9915001
EFT:4.4685944e-10,2.9867844e-11,9.024334e-09,7.42557e-08,0.00849703,1.7759661e-06,6.49182e-20,1.0464948e-06,4.7757327e-09,0.9915001
Random327
Raw:4.4686113e-10,2.9867903e-11,9.024334e-09,7.425584e-08,0.00849703,1.7759728e-06,6.491869e-20,1.0464928e-06,4.7757416e-09,0.9915001
EFT:4.4685944e-10,2.9867844e-11,9.024334e-09,7.42557e-08,0.00849703,1.7759661e-06,6.49182e-20,1.0464948e-06,4.7757327e-09,0.9915001
Random328
Raw:4.46862e-10,2.9868018e-11,9.024369e-09,7.425584e-08,0.008497062,1.7759728e-06,6.491869e-20,1.0464969e-06,4.7757416e-09,0.9915001
EFT:4.4685944e-10,2.9867844e-11,9.024334e-09,7.42557e-08,0.00849703,1.7759661e-06,6.49182e-20,1.0464948e-06,4.7757327e-09,0.9915001
Random329
Raw:4.4686368e-10,2.9868073e-11,9.024387e-09,7.425626e-08,0.008497062,1.7759796e-06,6.491869e-20,1.0465008e-06,4.7757602e-09,0.9915001
EFT:4.4685944e-10,2.9867844e-11,9.024334e-09,7.42557e-08,0.00849703,1.7759661e-06,6.49182e-20,1.0464948e-06,4.7757327e-09,0.9915001
Random330
Raw:4.4685944e-10,2.9867844e-11,9.024334e-09,7.42557e-08,0.00849703,1.7759728e-06,6.4918446e-20,1.0464948e-06,4.7757416e-09,0.9915001
EFT:4.4685944e-10,2.9867844e-11,9.024334e-09,7.42557e-08,0.00849703,1.7759661e-06,6.49182e-20,1.0464948e-06,4.7757327e-09,0.9915001
Random331
Raw:4.46862e-10,2.986796e-11,9.024352e-09,7.425598e-08,0.00849703,1.7759728e-06,6.4918446e-20,1.0464969e-06,4.7757416e-09,0.9915001
EFT:4.4685944e-10,2.9867844e-11,9.024334e-09,7.42557e-08,0.00849703,1.7759661e-06,6.49182e-20,1.0464948e-06,4.7757327e-09,0.9915001
Random332
Raw:4.4686285e-10,2.9868018e-11,9.024369e-09,7.425612e-08,0.008497062,1.7759728e-06,6.4918944e-20,1.0464988e-06,4.7757416e-09,0.9915001
EFT:4.4685944e-10,2.9867844e-11,9.024334e-09,7.42557e-08,0.00849703,1.7759661e-06,6.49182e-20,1.0464948e-06,4.7757327e-09,0.9915001
Random333
Raw:4.4686285e-10,2.9868018e-11,9.024369e-09,7.425612e-08,0.008497062,1.7759728e-06,6.491869e-20,1.0464988e-06,4.775751e-09,0.9915001
EFT:4.4685944e-10,2.9867844e-11,9.024334e-09,7.42557e-08,0.00849703,1.7759661e-06,6.49182e-20,1.0464948e-06,4.7757327e-09,0.9915001
Random334
Raw:4.4686113e-10,2.9867903e-11,9.024352e-09,7.425584e-08,0.008497062,1.7759728e-06,6.49182e-20,1.0464948e-06,4.7757416e-09,0.9915001
EFT:4.4685944e-10,2.9867844e-11,9.024334e-09,7.42557e-08,0.00849703,1.7759661e-06,6.49182e-20,1.0464948e-06,4.7757327e-09,0.9915001
Random335
Raw:4.46862e-10,2.986796e-11,9.024352e-09,7.425598e-08,0.00849703,1.7759728e-06,6.491869e-20,1.0464988e-06,4.775751e-09,0.9915001
EFT:4.4685944e-10,2.9867844e-11,9.024334e-09,7.42557e-08,0.00849703,1.7759661e-06,6.49182e-20,1.0464948e-06,4.7757327e-09,0.9915001
Random336
Raw:4.46862e-10,2.986796e-11,9.024352e-09,7.425584e-08,0.00849703,1.7759728e-06,6.491869e-20,1.0464969e-06,4.7757416e-09,0.9915001
EFT:4.4685944e-10,2.9867844e-11,9.024334e-09,7.42557e-08,0.00849703,1.7759661e-06,6.49182e-20,1.0464948e-06,4.7757327e-09,0.9915001
Random337
Raw:4.4686285e-10,2.9868018e-11,9.024369e-09,7.425598e-08,0.00849703,1.7759728e-06,6.491869e-20,1.0464969e-06,4.775751e-09,0.9915001
EFT:4.4685944e-10,2.9867844e-11,9.024334e-09,7.42557e-08,0.00849703,1.7759661e-06,6.49182e-20,1.0464948e-06,4.7757327e-09,0.9915001
Random338
Raw:4.4686113e-10,2.9867903e-11,9.024352e-09,7.425584e-08,0.008497062,1.7759728e-06,6.4918446e-20,1.0464988e-06,4.7757416e-09,0.9915001
EFT:4.4685944e-10,2.9867844e-11,9.024334e-09,7.42557e-08,0.00849703,1.7759661e-06,6.49182e-20,1.0464948e-06,4.7757327e-09,0.9915001
Random339
Raw:4.4685944e-10,2.9867792e-11,9.024317e-09,7.425556e-08,0.00849703,1.7759627e-06,6.491795e-20,1.0464928e-06,4.7757234e-09,0.9915001
EFT:4.4685944e-10,2.9867844e-11,9.024334e-09,7.42557e-08,0.00849703,1.7759661e-06,6.49182e-20,1.0464948e-06,4.7757327e-09,0.9915001
Random340
Raw:4.4685944e-10,2.9867792e-11,9.024317e-09,7.425556e-08,0.00849703,1.7759661e-06,6.491795e-20,1.0464928e-06,4.7757234e-09,0.9915001
EFT:4.4685944e-10,2.9867844e-11,9.024334e-09,7.42557e-08,0.00849703,1.7759661e-06,6.49182e-20,1.0464948e-06,4.7757327e-09,0.9915001
Random341
Raw:4.4686113e-10,2.9867844e-11,9.024317e-09,7.42557e-08,0.00849703,1.7759694e-06,6.49182e-20,1.0464928e-06,4.7757234e-09,0.9915001
EFT:4.4685944e-10,2.9867844e-11,9.024334e-09,7.42557e-08,0.00849703,1.7759661e-06,6.49182e-20,1.0464948e-06,4.7757327e-09,0.9915001
Random342
Raw:4.4686455e-10,2.9868073e-11,9.024387e-09,7.425626e-08,0.008497062,1.7759796e-06,6.4918944e-20,1.0465008e-06,4.7757602e-09,0.9915001
EFT:4.4685944e-10,2.9867844e-11,9.024334e-09,7.42557e-08,0.00849703,1.7759661e-06,6.49182e-20,1.0464948e-06,4.7757327e-09,0.9915001
Random343
Raw:4.4686113e-10,2.9867903e-11,9.024334e-09,7.425584e-08,0.00849703,1.7759694e-06,6.4918446e-20,1.0464948e-06,4.7757416e-09,0.9915001
EFT:4.4685944e-10,2.9867844e-11,9.024334e-09,7.42557e-08,0.00849703,1.7759661e-06,6.49182e-20,1.0464948e-06,4.7757327e-09,0.9915001
Random344
Raw:4.4685944e-10,2.9867733e-11,9.024317e-09,7.425556e-08,0.00849703,1.7759661e-06,6.491795e-20,1.0464909e-06,4.7757234e-09,0.9915001
EFT:4.4685944e-10,2.9867844e-11,9.024334e-09,7.42557e-08,0.00849703,1.7759661e-06,6.49182e-20,1.0464948e-06,4.7757327e-09,0.9915001
Random345
Raw:4.4686285e-10,2.9868073e-11,9.024404e-09,7.425612e-08,0.00849703,1.7759728e-06,6.4918944e-20,1.0465008e-06,4.7757602e-09,0.9915001
EFT:4.4685944e-10,2.9867844e-11,9.024334e-09,7.42557e-08,0.00849703,1.7759661e-06,6.49182e-20,1.0464948e-06,4.7757327e-09,0.9915001
Random346
Raw:4.4686368e-10,2.9868073e-11,9.024387e-09,7.425612e-08,0.00849703,1.7759728e-06,6.4918944e-20,1.0464988e-06,4.775751e-09,0.9915001
EFT:4.4685944e-10,2.9867844e-11,9.024334e-09,7.42557e-08,0.00849703,1.7759661e-06,6.49182e-20,1.0464948e-06,4.7757327e-09,0.9915001
Random347
Raw:4.4686285e-10,2.9868073e-11,9.024387e-09,7.425598e-08,0.008497062,1.7759762e-06,6.4918944e-20,1.0464988e-06,4.7757602e-09,0.9915001
EFT:4.4685944e-10,2.9867844e-11,9.024334e-09,7.42557e-08,0.00849703,1.7759661e-06,6.49182e-20,1.0464948e-06,4.7757327e-09,0.9915001
Random348
Raw:4.4686368e-10,2.9868073e-11,9.024387e-09,7.4256405e-08,0.008497062,1.7759796e-06,6.491869e-20,1.0465008e-06,4.7757602e-09,0.9915001
EFT:4.4685944e-10,2.9867844e-11,9.024334e-09,7.42557e-08,0.00849703,1.7759661e-06,6.49182e-20,1.0464948e-06,4.7757327e-09,0.9915001
Random349
Raw:4.4685944e-10,2.9867733e-11,9.0243e-09,7.425556e-08,0.00849703,1.7759627e-06,6.491795e-20,1.0464928e-06,4.7757056e-09,0.9915001
EFT:4.4685944e-10,2.9867844e-11,9.024334e-09,7.42557e-08,0.00849703,1.7759661e-06,6.49182e-20,1.0464948e-06,4.7757327e-09,0.9915001
Random350
Raw:4.4686285e-10,2.9868073e-11,9.024387e-09,7.425612e-08,0.008497062,1.7759762e-06,6.4918944e-20,1.0464969e-06,4.7757602e-09,0.9915001
EFT:4.4685944e-10,2.9867844e-11,9.024334e-09,7.42557e-08,0.00849703,1.7759661e-06,6.49182e-20,1.0464948e-06,4.7757327e-09,0.9915001
Random351
Raw:4.4686113e-10,2.9867844e-11,9.024334e-09,7.425584e-08,0.008496997,1.7759661e-06,6.49182e-20,1.0464948e-06,4.7757327e-09,0.9915001
EFT:4.4685944e-10,2.9867844e-11,9.024334e-09,7.42557e-08,0.00849703,1.7759661e-06,6.49182e-20,1.0464948e-06,4.7757327e-09,0.9915001
Random352
Raw:4.4686285e-10,2.9868073e-11,9.024387e-09,7.425612e-08,0.00849703,1.7759762e-06,6.4918944e-20,1.0464988e-06,4.7757602e-09,0.9915001
EFT:4.4685944e-10,2.9867844e-11,9.024334e-09,7.42557e-08,0.00849703,1.7759661e-06,6.49182e-20,1.0464948e-06,4.7757327e-09,0.9915001
Random353
Raw:4.4686285e-10,2.9868073e-11,9.024387e-09,7.425612e-08,0.00849703,1.7759728e-06,6.4918944e-20,1.0465008e-06,4.775751e-09,0.9915001
EFT:4.4685944e-10,2.9867844e-11,9.024334e-09,7.42557e-08,0.00849703,1.7759661e-06,6.49182e-20,1.0464948e-06,4.7757327e-09,0.9915001
Random354
Raw:4.46862e-10,2.9868018e-11,9.024369e-09,7.425584e-08,0.008497062,1.7759728e-06,6.491869e-20,1.0464988e-06,4.7757416e-09,0.9915001
EFT:4.4685944e-10,2.9867844e-11,9.024334e-09,7.42557e-08,0.00849703,1.7759661e-06,6.49182e-20,1.0464948e-06,4.7757327e-09,0.9915001
Random355
Raw:4.46862e-10,2.9868073e-11,9.024387e-09,7.425612e-08,0.008497062,1.7759762e-06,6.4918944e-20,1.0464969e-06,4.775751e-09,0.9915001
EFT:4.4685944e-10,2.9867844e-11,9.024334e-09,7.42557e-08,0.00849703,1.7759661e-06,6.49182e-20,1.0464948e-06,4.7757327e-09,0.9915001
Random356
Raw:4.4686455e-10,2.9868132e-11,9.024404e-09,7.425612e-08,0.008497062,1.7759796e-06,6.491919e-20,1.0465028e-06,4.7757602e-09,0.9915001
EFT:4.4685944e-10,2.9867844e-11,9.024334e-09,7.42557e-08,0.00849703,1.7759661e-06,6.49182e-20,1.0464948e-06,4.7757327e-09,0.9915001
Random357
Raw:4.46862e-10,2.986796e-11,9.024352e-09,7.425584e-08,0.00849703,1.7759728e-06,6.491869e-20,1.0464969e-06,4.7757416e-09,0.9915001
EFT:4.4685944e-10,2.9867844e-11,9.024334e-09,7.42557e-08,0.00849703,1.7759661e-06,6.49182e-20,1.0464948e-06,4.7757327e-09,0.9915001
Random358
Raw:4.4686285e-10,2.9868073e-11,9.024387e-09,7.425612e-08,0.00849703,1.7759728e-06,6.491869e-20,1.0465008e-06,4.7757416e-09,0.9915001
EFT:4.4685944e-10,2.9867844e-11,9.024334e-09,7.42557e-08,0.00849703,1.7759661e-06,6.49182e-20,1.0464948e-06,4.7757327e-09,0.9915001
Random359
Raw:4.4686285e-10,2.9868018e-11,9.024387e-09,7.425584e-08,0.00849703,1.7759728e-06,6.4918944e-20,1.0464969e-06,4.775751e-09,0.9915001
EFT:4.4685944e-10,2.9867844e-11,9.024334e-09,7.42557e-08,0.00849703,1.7759661e-06,6.49182e-20,1.0464948e-06,4.7757327e-09,0.9915001
Random360
Raw:4.4686113e-10,2.986796e-11,9.024352e-09,7.425598e-08,0.00849703,1.7759728e-06,6.491869e-20,1.0464948e-06,4.7757602e-09,0.9915001
EFT:4.4685944e-10,2.9867844e-11,9.024334e-09,7.42557e-08,0.00849703,1.7759661e-06,6.49182e-20,1.0464948e-06,4.7757327e-09,0.9915001
Random361
Raw:4.4686113e-10,2.986796e-11,9.024352e-09,7.425584e-08,0.008496997,1.7759728e-06,6.491869e-20,1.0464948e-06,4.7757416e-09,0.9915001
EFT:4.4685944e-10,2.9867844e-11,9.024334e-09,7.42557e-08,0.00849703,1.7759661e-06,6.49182e-20,1.0464948e-06,4.7757327e-09,0.9915001
Random362
Raw:4.4686285e-10,2.986796e-11,9.024369e-09,7.425598e-08,0.008496997,1.7759728e-06,6.491869e-20,1.0464969e-06,4.7757602e-09,0.9915001
EFT:4.4685944e-10,2.9867844e-11,9.024334e-09,7.42557e-08,0.00849703,1.7759661e-06,6.49182e-20,1.0464948e-06,4.7757327e-09,0.9915001
Random363
Raw:4.46862e-10,2.9868018e-11,9.024352e-09,7.425584e-08,0.008496997,1.7759728e-06,6.4918944e-20,1.0464969e-06,4.775751e-09,0.9915001
EFT:4.4685944e-10,2.9867844e-11,9.024334e-09,7.42557e-08,0.00849703,1.7759661e-06,6.49182e-20,1.0464948e-06,4.7757327e-09,0.9915001
Random364
Raw:4.4686285e-10,2.9868018e-11,9.024369e-09,7.425598e-08,0.00849703,1.7759728e-06,6.4918944e-20,1.0464969e-06,4.775751e-09,0.9915001
EFT:4.4685944e-10,2.9867844e-11,9.024334e-09,7.42557e-08,0.00849703,1.7759661e-06,6.49182e-20,1.0464948e-06,4.7757327e-09,0.9915001
Random365
Raw:4.4686113e-10,2.9867903e-11,9.024352e-09,7.425584e-08,0.00849703,1.7759694e-06,6.4918446e-20,1.0464988e-06,4.7757234e-09,0.9915001
EFT:4.4685944e-10,2.9867844e-11,9.024334e-09,7.42557e-08,0.00849703,1.7759661e-06,6.49182e-20,1.0464948e-06,4.7757327e-09,0.9915001
Random366
Raw:4.4686113e-10,2.9867903e-11,9.024334e-09,7.425584e-08,0.00849703,1.7759694e-06,6.4918446e-20,1.0464969e-06,4.7757234e-09,0.9915001
EFT:4.4685944e-10,2.9867844e-11,9.024334e-09,7.42557e-08,0.00849703,1.7759661e-06,6.49182e-20,1.0464948e-06,4.7757327e-09,0.9915001
Random367
Raw:4.4686027e-10,2.9867844e-11,9.024334e-09,7.425584e-08,0.00849703,1.7759694e-06,6.4918446e-20,1.0464928e-06,4.7757327e-09,0.9915001
EFT:4.4685944e-10,2.9867844e-11,9.024334e-09,7.42557e-08,0.00849703,1.7759661e-06,6.49182e-20,1.0464948e-06,4.7757327e-09,0.9915001
Random368
Raw:4.4686368e-10,2.9868132e-11,9.024404e-09,7.425612e-08,0.00849703,1.7759728e-06,6.4918944e-20,1.0465008e-06,4.7757602e-09,0.9915001
EFT:4.4685944e-10,2.9867844e-11,9.024334e-09,7.42557e-08,0.00849703,1.7759661e-06,6.49182e-20,1.0464948e-06,4.7757327e-09,0.9915001
Random369
Raw:4.4686027e-10,2.9867844e-11,9.024334e-09,7.42557e-08,0.008496997,1.7759694e-06,6.4918446e-20,1.0464948e-06,4.7757327e-09,0.9915001
EFT:4.4685944e-10,2.9867844e-11,9.024334e-09,7.42557e-08,0.00849703,1.7759661e-06,6.49182e-20,1.0464948e-06,4.7757327e-09,0.9915001
Random370
Raw:4.4686285e-10,2.9868073e-11,9.024387e-09,7.425598e-08,0.00849703,1.7759728e-06,6.4918944e-20,1.0464969e-06,4.775751e-09,0.9915001
EFT:4.4685944e-10,2.9867844e-11,9.024334e-09,7.42557e-08,0.00849703,1.7759661e-06,6.49182e-20,1.0464948e-06,4.7757327e-09,0.9915001
Random371
Raw:4.4686285e-10,2.986796e-11,9.024352e-09,7.425598e-08,0.00849703,1.7759728e-06,6.4918446e-20,1.0464969e-06,4.7757416e-09,0.9915001
EFT:4.4685944e-10,2.9867844e-11,9.024334e-09,7.42557e-08,0.00849703,1.7759661e-06,6.49182e-20,1.0464948e-06,4.7757327e-09,0.9915001
Random372
Raw:4.4686113e-10,2.986796e-11,9.024352e-09,7.425584e-08,0.008497062,1.7759762e-06,6.4918446e-20,1.0464969e-06,4.7757416e-09,0.9915001
EFT:4.4685944e-10,2.9867844e-11,9.024334e-09,7.42557e-08,0.00849703,1.7759661e-06,6.49182e-20,1.0464948e-06,4.7757327e-09,0.9915001
Random373
Raw:4.4686455e-10,2.9868132e-11,9.024387e-09,7.425612e-08,0.008497062,1.7759762e-06,6.4918944e-20,1.0465008e-06,4.7757602e-09,0.9915001
EFT:4.4685944e-10,2.9867844e-11,9.024334e-09,7.42557e-08,0.00849703,1.7759661e-06,6.49182e-20,1.0464948e-06,4.7757327e-09,0.9915001
Random374
Raw:4.4686113e-10,2.9867903e-11,9.024334e-09,7.425584e-08,0.008496997,1.7759694e-06,6.4918446e-20,1.0464928e-06,4.7757416e-09,0.9915001
EFT:4.4685944e-10,2.9867844e-11,9.024334e-09,7.42557e-08,0.00849703,1.7759661e-06,6.49182e-20,1.0464948e-06,4.7757327e-09,0.9915001
Random375
Raw:4.4686285e-10,2.9868073e-11,9.024369e-09,7.425612e-08,0.008497062,1.7759796e-06,6.4918944e-20,1.0464988e-06,4.7757602e-09,0.9915001
EFT:4.4685944e-10,2.9867844e-11,9.024334e-09,7.42557e-08,0.00849703,1.7759661e-06,6.49182e-20,1.0464948e-06,4.7757327e-09,0.9915001
Random376
Raw:4.4685944e-10,2.9867733e-11,9.0243e-09,7.425556e-08,0.00849703,1.7759627e-06,6.491795e-20,1.0464928e-06,4.7757056e-09,0.9915001
EFT:4.4685944e-10,2.9867844e-11,9.024334e-09,7.42557e-08,0.00849703,1.7759661e-06,6.49182e-20,1.0464948e-06,4.7757327e-09,0.9915001
Random377
Raw:4.4686368e-10,2.9868132e-11,9.024387e-09,7.425612e-08,0.00849703,1.7759796e-06,6.491919e-20,1.0464988e-06,4.7757696e-09,0.9915001
EFT:4.4685944e-10,2.9867844e-11,9.024334e-09,7.42557e-08,0.00849703,1.7759661e-06,6.49182e-20,1.0464948e-06,4.7757327e-09,0.9915001
Random378
Raw:4.4686285e-10,2.9868132e-11,9.024387e-09,7.425612e-08,0.008497062,1.7759796e-06,6.4918944e-20,1.0465008e-06,4.7757602e-09,0.9915001
EFT:4.4685944e-10,2.9867844e-11,9.024334e-09,7.42557e-08,0.00849703,1.7759661e-06,6.49182e-20,1.0464948e-06,4.7757327e-09,0.9915001
Random379
Raw:4.4686368e-10,2.9868073e-11,9.024387e-09,7.425612e-08,0.008497062,1.7759762e-06,6.4918944e-20,1.0465008e-06,4.7757602e-09,0.9915001
EFT:4.4685944e-10,2.9867844e-11,9.024334e-09,7.42557e-08,0.00849703,1.7759661e-06,6.49182e-20,1.0464948e-06,4.7757327e-09,0.9915001
Random380
Raw:4.4686027e-10,2.9867844e-11,9.024334e-09,7.42557e-08,0.00849703,1.7759661e-06,6.4918446e-20,1.0464969e-06,4.7757327e-09,0.9915001
EFT:4.4685944e-10,2.9867844e-11,9.024334e-09,7.42557e-08,0.00849703,1.7759661e-06,6.49182e-20,1.0464948e-06,4.7757327e-09,0.9915001
Random381
Raw:4.4686285e-10,2.9868018e-11,9.024352e-09,7.425598e-08,0.00849703,1.7759728e-06,6.4918944e-20,1.0464969e-06,4.775751e-09,0.9915001
EFT:4.4685944e-10,2.9867844e-11,9.024334e-09,7.42557e-08,0.00849703,1.7759661e-06,6.49182e-20,1.0464948e-06,4.7757327e-09,0.9915001
Random382
Raw:4.4686285e-10,2.9868018e-11,9.024369e-09,7.425598e-08,0.00849703,1.7759728e-06,6.491869e-20,1.0464988e-06,4.7757416e-09,0.9915001
EFT:4.4685944e-10,2.9867844e-11,9.024334e-09,7.42557e-08,0.00849703,1.7759661e-06,6.49182e-20,1.0464948e-06,4.7757327e-09,0.9915001
Random383
Raw:4.46862e-10,2.986796e-11,9.024352e-09,7.425584e-08,0.00849703,1.7759728e-06,6.4918446e-20,1.0464988e-06,4.7757327e-09,0.9915001
EFT:4.4685944e-10,2.9867844e-11,9.024334e-09,7.42557e-08,0.00849703,1.7759661e-06,6.49182e-20,1.0464948e-06,4.7757327e-09,0.9915001
Random384
Raw:4.46862e-10,2.986796e-11,9.024352e-09,7.425598e-08,0.008497062,1.7759728e-06,6.491869e-20,1.0464988e-06,4.7757416e-09,0.9915001
EFT:4.4685944e-10,2.9867844e-11,9.024334e-09,7.42557e-08,0.00849703,1.7759661e-06,6.49182e-20,1.0464948e-06,4.7757327e-09,0.9915001
Random385
Raw:4.4686285e-10,2.986796e-11,9.024369e-09,7.425598e-08,0.00849703,1.7759728e-06,6.491869e-20,1.0464969e-06,4.7757416e-09,0.9915001
EFT:4.4685944e-10,2.9867844e-11,9.024334e-09,7.42557e-08,0.00849703,1.7759661e-06,6.49182e-20,1.0464948e-06,4.7757327e-09,0.9915001
Random386
Raw:4.4686113e-10,2.9867844e-11,9.024334e-09,7.42557e-08,0.008496997,1.7759661e-06,6.49182e-20,1.0464948e-06,4.7757234e-09,0.9915001
EFT:4.4685944e-10,2.9867844e-11,9.024334e-09,7.42557e-08,0.00849703,1.7759661e-06,6.49182e-20,1.0464948e-06,4.7757327e-09,0.9915001
Random387
Raw:4.4686368e-10,2.9868132e-11,9.024404e-09,7.425612e-08,0.008497095,1.7759829e-06,6.491919e-20,1.0465008e-06,4.775778e-09,0.9915001
EFT:4.4685944e-10,2.9867844e-11,9.024334e-09,7.42557e-08,0.00849703,1.7759661e-06,6.49182e-20,1.0464948e-06,4.7757327e-09,0.9915001
Random388
Raw:4.4686113e-10,2.986796e-11,9.024352e-09,7.425584e-08,0.00849703,1.7759728e-06,6.491869e-20,1.0464969e-06,4.7757416e-09,0.9915001
EFT:4.4685944e-10,2.9867844e-11,9.024334e-09,7.42557e-08,0.00849703,1.7759661e-06,6.49182e-20,1.0464948e-06,4.7757327e-09,0.9915001
Random389
Raw:4.4686113e-10,2.9867844e-11,9.024334e-09,7.425598e-08,0.00849703,1.7759694e-06,6.49182e-20,1.0464969e-06,4.7757327e-09,0.9915001
EFT:4.4685944e-10,2.9867844e-11,9.024334e-09,7.42557e-08,0.00849703,1.7759661e-06,6.49182e-20,1.0464948e-06,4.7757327e-09,0.9915001
Random390
Raw:4.46862e-10,2.9867903e-11,9.024352e-09,7.425598e-08,0.008496997,1.7759694e-06,6.49182e-20,1.0464969e-06,4.7757416e-09,0.9915001
EFT:4.4685944e-10,2.9867844e-11,9.024334e-09,7.42557e-08,0.00849703,1.7759661e-06,6.49182e-20,1.0464948e-06,4.7757327e-09,0.9915001
Random391
Raw:4.4686113e-10,2.9867844e-11,9.024352e-09,7.425584e-08,0.00849703,1.7759694e-06,6.49182e-20,1.0464969e-06,4.7757327e-09,0.9915001
EFT:4.4685944e-10,2.9867844e-11,9.024334e-09,7.42557e-08,0.00849703,1.7759661e-06,6.49182e-20,1.0464948e-06,4.7757327e-09,0.9915001
Random392
Raw:4.4686368e-10,2.9868132e-11,9.024404e-09,7.425626e-08,0.008497062,1.7759796e-06,6.4918944e-20,1.0465008e-06,4.775778e-09,0.9915001
EFT:4.4685944e-10,2.9867844e-11,9.024334e-09,7.42557e-08,0.00849703,1.7759661e-06,6.49182e-20,1.0464948e-06,4.7757327e-09,0.9915001
Random393
Raw:4.4686027e-10,2.9867844e-11,9.024334e-09,7.42557e-08,0.00849703,1.7759694e-06,6.4918446e-20,1.0464948e-06,4.7757327e-09,0.9915001
EFT:4.4685944e-10,2.9867844e-11,9.024334e-09,7.42557e-08,0.00849703,1.7759661e-06,6.49182e-20,1.0464948e-06,4.7757327e-09,0.9915001
Random394
Raw:4.4686285e-10,2.9868018e-11,9.024369e-09,7.425612e-08,0.00849703,1.7759762e-06,6.491869e-20,1.0465008e-06,4.775751e-09,0.9915001
EFT:4.4685944e-10,2.9867844e-11,9.024334e-09,7.42557e-08,0.00849703,1.7759661e-06,6.49182e-20,1.0464948e-06,4.7757327e-09,0.9915001
Random395
Raw:4.4686285e-10,2.9868073e-11,9.024387e-09,7.425612e-08,0.008497062,1.7759796e-06,6.491869e-20,1.0465008e-06,4.7757602e-09,0.9915001
EFT:4.4685944e-10,2.9867844e-11,9.024334e-09,7.42557e-08,0.00849703,1.7759661e-06,6.49182e-20,1.0464948e-06,4.7757327e-09,0.9915001
Random396
Raw:4.4686113e-10,2.986796e-11,9.024352e-09,7.425584e-08,0.00849703,1.7759728e-06,6.491869e-20,1.0464969e-06,4.7757416e-09,0.9915001
EFT:4.4685944e-10,2.9867844e-11,9.024334e-09,7.42557e-08,0.00849703,1.7759661e-06,6.49182e-20,1.0464948e-06,4.7757327e-09,0.9915001
Random397
Raw:4.4686285e-10,2.986796e-11,9.024369e-09,7.425598e-08,0.00849703,1.7759728e-06,6.491869e-20,1.0464969e-06,4.7757416e-09,0.9915001
EFT:4.4685944e-10,2.9867844e-11,9.024334e-09,7.42557e-08,0.00849703,1.7759661e-06,6.49182e-20,1.0464948e-06,4.7757327e-09,0.9915001
Random398
Raw:4.4685944e-10,2.9867792e-11,9.024317e-09,7.425556e-08,0.008497062,1.7759694e-06,6.49182e-20,1.0464969e-06,4.7757145e-09,0.9915001
EFT:4.4685944e-10,2.9867844e-11,9.024334e-09,7.42557e-08,0.00849703,1.7759661e-06,6.49182e-20,1.0464948e-06,4.7757327e-09,0.9915001
Random399
Raw:4.4686027e-10,2.9867903e-11,9.024317e-09,7.425556e-08,0.00849703,1.7759661e-06,6.4918446e-20,1.0464928e-06,4.7757234e-09,0.9915001
EFT:4.4685944e-10,2.9867844e-11,9.024334e-09,7.42557e-08,0.00849703,1.7759661e-06,6.49182e-20,1.0464948e-06,4.7757327e-09,0.9915001
Random400
Raw:4.4686368e-10,2.9868132e-11,9.024404e-09,7.425612e-08,0.008497062,1.7759796e-06,6.491919e-20,1.0465008e-06,4.775778e-09,0.9915001
EFT:4.4685944e-10,2.9867844e-11,9.024334e-09,7.42557e-08,0.00849703,1.7759661e-06,6.49182e-20,1.0464948e-06,4.7757327e-09,0.9915001
Random401
Raw:4.4686113e-10,2.9867844e-11,9.024352e-09,7.425584e-08,0.00849703,1.7759694e-06,6.4918446e-20,1.0464969e-06,4.7757234e-09,0.9915001
EFT:4.4685944e-10,2.9867844e-11,9.024334e-09,7.42557e-08,0.00849703,1.7759661e-06,6.49182e-20,1.0464948e-06,4.7757327e-09,0.9915001
Random402
Raw:4.46862e-10,2.986796e-11,9.024352e-09,7.425584e-08,0.008497062,1.7759728e-06,6.491869e-20,1.0464988e-06,4.7757416e-09,0.9915001
EFT:4.4685944e-10,2.9867844e-11,9.024334e-09,7.42557e-08,0.00849703,1.7759661e-06,6.49182e-20,1.0464948e-06,4.7757327e-09,0.9915001
Random403
Raw:4.4686368e-10,2.9868073e-11,9.024387e-09,7.425612e-08,0.008497062,1.7759762e-06,6.4918944e-20,1.0464988e-06,4.7757602e-09,0.9915001
EFT:4.4685944e-10,2.9867844e-11,9.024334e-09,7.42557e-08,0.00849703,1.7759661e-06,6.49182e-20,1.0464948e-06,4.7757327e-09,0.9915001
Random404
Raw:4.4686113e-10,2.9867903e-11,9.024334e-09,7.42557e-08,0.008496997,1.7759694e-06,6.4918446e-20,1.0464928e-06,4.7757416e-09,0.9915001
EFT:4.4685944e-10,2.9867844e-11,9.024334e-09,7.42557e-08,0.00849703,1.7759661e-06,6.49182e-20,1.0464948e-06,4.7757327e-09,0.9915001
Random405
Raw:4.4686285e-10,2.9868073e-11,9.024387e-09,7.425612e-08,0.008497062,1.7759762e-06,6.4918944e-20,1.0464969e-06,4.7757602e-09,0.9915001
EFT:4.4685944e-10,2.9867844e-11,9.024334e-09,7.42557e-08,0.00849703,1.7759661e-06,6.49182e-20,1.0464948e-06,4.7757327e-09,0.9915001
Random406
Raw:4.4686285e-10,2.9868132e-11,9.024387e-09,7.425612e-08,0.008497062,1.7759796e-06,6.4918944e-20,1.0465008e-06,4.7757602e-09,0.9915001
EFT:4.4685944e-10,2.9867844e-11,9.024334e-09,7.42557e-08,0.00849703,1.7759661e-06,6.49182e-20,1.0464948e-06,4.7757327e-09,0.9915001
Random407
Raw:4.4686113e-10,2.986796e-11,9.024352e-09,7.425584e-08,0.00849703,1.7759728e-06,6.491869e-20,1.0464969e-06,4.7757416e-09,0.9915001
EFT:4.4685944e-10,2.9867844e-11,9.024334e-09,7.42557e-08,0.00849703,1.7759661e-06,6.49182e-20,1.0464948e-06,4.7757327e-09,0.9915001
Random408
Raw:4.4686113e-10,2.9867903e-11,9.024352e-09,7.425584e-08,0.008496997,1.7759694e-06,6.4918446e-20,1.0464948e-06,4.7757416e-09,0.9915001
EFT:4.4685944e-10,2.9867844e-11,9.024334e-09,7.42557e-08,0.00849703,1.7759661e-06,6.49182e-20,1.0464948e-06,4.7757327e-09,0.9915001
Random409
Raw:4.4686285e-10,2.986796e-11,9.024369e-09,7.425612e-08,0.008497062,1.7759762e-06,6.491869e-20,1.0464988e-06,4.775751e-09,0.9915001
EFT:4.4685944e-10,2.9867844e-11,9.024334e-09,7.42557e-08,0.00849703,1.7759661e-06,6.49182e-20,1.0464948e-06,4.7757327e-09,0.9915001
Random410
Raw:4.4686285e-10,2.9868073e-11,9.024387e-09,7.425612e-08,0.00849703,1.7759728e-06,6.491869e-20,1.0464988e-06,4.7757602e-09,0.9915001
EFT:4.4685944e-10,2.9867844e-11,9.024334e-09,7.42557e-08,0.00849703,1.7759661e-06,6.49182e-20,1.0464948e-06,4.7757327e-09,0.9915001
Random411
Raw:4.4685944e-10,2.9867792e-11,9.024317e-09,7.425556e-08,0.00849703,1.7759661e-06,6.491795e-20,1.0464948e-06,4.7757056e-09,0.9915001
EFT:4.4685944e-10,2.9867844e-11,9.024334e-09,7.42557e-08,0.00849703,1.7759661e-06,6.49182e-20,1.0464948e-06,4.7757327e-09,0.9915001
Random412
Raw:4.4686113e-10,2.9867903e-11,9.024334e-09,7.42557e-08,0.008496997,1.7759661e-06,6.4918446e-20,1.0464928e-06,4.7757416e-09,0.9915001
EFT:4.4685944e-10,2.9867844e-11,9.024334e-09,7.42557e-08,0.00849703,1.7759661e-06,6.49182e-20,1.0464948e-06,4.7757327e-09,0.9915001
Random413
Raw:4.4686113e-10,2.986796e-11,9.024352e-09,7.425584e-08,0.00849703,1.7759728e-06,6.4918446e-20,1.0464969e-06,4.7757416e-09,0.9915001
EFT:4.4685944e-10,2.9867844e-11,9.024334e-09,7.42557e-08,0.00849703,1.7759661e-06,6.49182e-20,1.0464948e-06,4.7757327e-09,0.9915001
Random414
Raw:4.4686285e-10,2.9868018e-11,9.024369e-09,7.425598e-08,0.008497062,1.7759762e-06,6.4918944e-20,1.0464988e-06,4.775751e-09,0.9915001
EFT:4.4685944e-10,2.9867844e-11,9.024334e-09,7.42557e-08,0.00849703,1.7759661e-06,6.49182e-20,1.0464948e-06,4.7757327e-09,0.9915001
Random415
Raw:4.4686113e-10,2.9867903e-11,9.024352e-09,7.425584e-08,0.00849703,1.7759728e-06,6.49182e-20,1.0464948e-06,4.7757416e-09,0.9915001
EFT:4.4685944e-10,2.9867844e-11,9.024334e-09,7.42557e-08,0.00849703,1.7759661e-06,6.49182e-20,1.0464948e-06,4.7757327e-09,0.9915001
Random416
Raw:4.4686285e-10,2.9868018e-11,9.024369e-09,7.425598e-08,0.00849703,1.7759728e-06,6.491869e-20,1.0464969e-06,4.7757602e-09,0.9915001
EFT:4.4685944e-10,2.9867844e-11,9.024334e-09,7.42557e-08,0.00849703,1.7759661e-06,6.49182e-20,1.0464948e-06,4.7757327e-09,0.9915001
Random417
Raw:4.4685944e-10,2.9867844e-11,9.024317e-09,7.425556e-08,0.00849703,1.7759627e-06,6.4918446e-20,1.0464928e-06,4.7757234e-09,0.9915001
EFT:4.4685944e-10,2.9867844e-11,9.024334e-09,7.42557e-08,0.00849703,1.7759661e-06,6.49182e-20,1.0464948e-06,4.7757327e-09,0.9915001
Random418
Raw:4.4686113e-10,2.9867844e-11,9.024334e-09,7.425598e-08,0.00849703,1.7759694e-06,6.491795e-20,1.0464948e-06,4.7757416e-09,0.9915001
EFT:4.4685944e-10,2.9867844e-11,9.024334e-09,7.42557e-08,0.00849703,1.7759661e-06,6.49182e-20,1.0464948e-06,4.7757327e-09,0.9915001
Random419
Raw:4.4686455e-10,2.9868132e-11,9.02442e-09,7.425612e-08,0.008497062,1.7759796e-06,6.4918944e-20,1.0465008e-06,4.7757602e-09,0.9915001
EFT:4.4685944e-10,2.9867844e-11,9.024334e-09,7.42557e-08,0.00849703,1.7759661e-06,6.49182e-20,1.0464948e-06,4.7757327e-09,0.9915001
Random420
Raw:4.4686027e-10,2.9867844e-11,9.024334e-09,7.42557e-08,0.00849703,1.7759661e-06,6.4918446e-20,1.0464969e-06,4.7757327e-09,0.9915001
EFT:4.4685944e-10,2.9867844e-11,9.024334e-09,7.42557e-08,0.00849703,1.7759661e-06,6.49182e-20,1.0464948e-06,4.7757327e-09,0.9915001
Random421
Raw:4.46862e-10,2.9868018e-11,9.024352e-09,7.425584e-08,0.00849703,1.7759728e-06,6.491869e-20,1.0464969e-06,4.7757416e-09,0.9915001
EFT:4.4685944e-10,2.9867844e-11,9.024334e-09,7.42557e-08,0.00849703,1.7759661e-06,6.49182e-20,1.0464948e-06,4.7757327e-09,0.9915001
Random422
Raw:4.4686455e-10,2.986819e-11,9.02442e-09,7.425612e-08,0.008497062,1.7759796e-06,6.491919e-20,1.0465048e-06,4.7757696e-09,0.9915001
EFT:4.4685944e-10,2.9867844e-11,9.024334e-09,7.42557e-08,0.00849703,1.7759661e-06,6.49182e-20,1.0464948e-06,4.7757327e-09,0.9915001
Random423
Raw:4.4686113e-10,2.9867903e-11,9.024334e-09,7.42557e-08,0.00849703,1.7759661e-06,6.49182e-20,1.0464969e-06,4.7757234e-09,0.9915001
EFT:4.4685944e-10,2.9867844e-11,9.024334e-09,7.42557e-08,0.00849703,1.7759661e-06,6.49182e-20,1.0464948e-06,4.7757327e-09,0.9915001
Random424
Raw:4.4686455e-10,2.986819e-11,9.02442e-09,7.425626e-08,0.008497062,1.7759796e-06,6.491919e-20,1.0465008e-06,4.775778e-09,0.9915001
EFT:4.4685944e-10,2.9867844e-11,9.024334e-09,7.42557e-08,0.00849703,1.7759661e-06,6.49182e-20,1.0464948e-06,4.7757327e-09,0.9915001
Random425
Raw:4.4686113e-10,2.986796e-11,9.024352e-09,7.425584e-08,0.008497062,1.7759762e-06,6.4918446e-20,1.0464969e-06,4.7757416e-09,0.9915001
EFT:4.4685944e-10,2.9867844e-11,9.024334e-09,7.42557e-08,0.00849703,1.7759661e-06,6.49182e-20,1.0464948e-06,4.7757327e-09,0.9915001
Random426
Raw:4.4686368e-10,2.9868073e-11,9.024387e-09,7.425612e-08,0.00849703,1.7759762e-06,6.4918944e-20,1.0465008e-06,4.775751e-09,0.9915001
EFT:4.4685944e-10,2.9867844e-11,9.024334e-09,7.42557e-08,0.00849703,1.7759661e-06,6.49182e-20,1.0464948e-06,4.7757327e-09,0.9915001
Random427
Raw:4.4686027e-10,2.9867844e-11,9.024334e-09,7.42557e-08,0.00849703,1.7759694e-06,6.4918446e-20,1.0464948e-06,4.7757327e-09,0.9915001
EFT:4.4685944e-10,2.9867844e-11,9.024334e-09,7.42557e-08,0.00849703,1.7759661e-06,6.49182e-20,1.0464948e-06,4.7757327e-09,0.9915001
Random428
Raw:4.4685772e-10,2.9867733e-11,9.0243e-09,7.425556e-08,0.00849703,1.7759592e-06,6.49177e-20,1.0464909e-06,4.7757056e-09,0.9915001
EFT:4.4685944e-10,2.9867844e-11,9.024334e-09,7.42557e-08,0.00849703,1.7759661e-06,6.49182e-20,1.0464948e-06,4.7757327e-09,0.9915001
Random429
Raw:4.4686113e-10,2.986796e-11,9.024352e-09,7.425584e-08,0.008497062,1.7759762e-06,6.491869e-20,1.0464969e-06,4.775751e-09,0.9915001
EFT:4.4685944e-10,2.9867844e-11,9.024334e-09,7.42557e-08,0.00849703,1.7759661e-06,6.49182e-20,1.0464948e-06,4.7757327e-09,0.9915001
Random430
Raw:4.4686285e-10,2.9868073e-11,9.024387e-09,7.425612e-08,0.008497062,1.7759762e-06,6.4918944e-20,1.0464988e-06,4.7757602e-09,0.9915001
EFT:4.4685944e-10,2.9867844e-11,9.024334e-09,7.42557e-08,0.00849703,1.7759661e-06,6.49182e-20,1.0464948e-06,4.7757327e-09,0.9915001
Random431
Raw:4.4686027e-10,2.9867844e-11,9.024334e-09,7.42557e-08,0.00849703,1.7759694e-06,6.4918446e-20,1.0464928e-06,4.7757234e-09,0.9915001
EFT:4.4685944e-10,2.9867844e-11,9.024334e-09,7.42557e-08,0.00849703,1.7759661e-06,6.49182e-20,1.0464948e-06,4.7757327e-09,0.9915001
Random432
Raw:4.4686285e-10,2.9868073e-11,9.024387e-09,7.425612e-08,0.00849703,1.7759728e-06,6.4918944e-20,1.0464988e-06,4.7757602e-09,0.9915001
EFT:4.4685944e-10,2.9867844e-11,9.024334e-09,7.42557e-08,0.00849703,1.7759661e-06,6.49182e-20,1.0464948e-06,4.7757327e-09,0.9915001
Random433
Raw:4.4685772e-10,2.9867733e-11,9.024317e-09,7.425556e-08,0.00849703,1.7759661e-06,6.491795e-20,1.0464928e-06,4.7757234e-09,0.9915001
EFT:4.4685944e-10,2.9867844e-11,9.024334e-09,7.42557e-08,0.00849703,1.7759661e-06,6.49182e-20,1.0464948e-06,4.7757327e-09,0.9915001
Random434
Raw:4.4686368e-10,2.9868132e-11,9.024404e-09,7.425612e-08,0.00849703,1.7759796e-06,6.491919e-20,1.0465008e-06,4.7757602e-09,0.9915001
EFT:4.4685944e-10,2.9867844e-11,9.024334e-09,7.42557e-08,0.00849703,1.7759661e-06,6.49182e-20,1.0464948e-06,4.7757327e-09,0.9915001
Random435
Raw:4.46862e-10,2.986796e-11,9.024352e-09,7.425584e-08,0.008497062,1.7759728e-06,6.4918446e-20,1.0464969e-06,4.7757234e-09,0.9915001
EFT:4.4685944e-10,2.9867844e-11,9.024334e-09,7.42557e-08,0.00849703,1.7759661e-06,6.49182e-20,1.0464948e-06,4.7757327e-09,0.9915001
Random436
Raw:4.4686368e-10,2.9868073e-11,9.024387e-09,7.425626e-08,0.00849703,1.7759762e-06,6.4918944e-20,1.0465008e-06,4.7757602e-09,0.9915001
EFT:4.4685944e-10,2.9867844e-11,9.024334e-09,7.42557e-08,0.00849703,1.7759661e-06,6.49182e-20,1.0464948e-06,4.7757327e-09,0.9915001
Random437
Raw:4.46862e-10,2.986796e-11,9.024352e-09,7.425584e-08,0.00849703,1.7759728e-06,6.491869e-20,1.0464969e-06,4.7757416e-09,0.9915001
EFT:4.4685944e-10,2.9867844e-11,9.024334e-09,7.42557e-08,0.00849703,1.7759661e-06,6.49182e-20,1.0464948e-06,4.7757327e-09,0.9915001
Random438
Raw:4.4686113e-10,2.986796e-11,9.024352e-09,7.425598e-08,0.00849703,1.7759762e-06,6.4918446e-20,1.0464969e-06,4.7757416e-09,0.9915001
EFT:4.4685944e-10,2.9867844e-11,9.024334e-09,7.42557e-08,0.00849703,1.7759661e-06,6.49182e-20,1.0464948e-06,4.7757327e-09,0.9915001
Random439
Raw:4.4686285e-10,2.9868073e-11,9.024387e-09,7.425598e-08,0.00849703,1.7759728e-06,6.491869e-20,1.0464969e-06,4.7757602e-09,0.9915001
EFT:4.4685944e-10,2.9867844e-11,9.024334e-09,7.42557e-08,0.00849703,1.7759661e-06,6.49182e-20,1.0464948e-06,4.7757327e-09,0.9915001
Random440
Raw:4.4686285e-10,2.9868073e-11,9.024387e-09,7.425612e-08,0.00849703,1.7759728e-06,6.491869e-20,1.0464969e-06,4.7757602e-09,0.9915001
EFT:4.4685944e-10,2.9867844e-11,9.024334e-09,7.42557e-08,0.00849703,1.7759661e-06,6.49182e-20,1.0464948e-06,4.7757327e-09,0.9915001
Random441
Raw:4.4686368e-10,2.9868073e-11,9.024387e-09,7.425598e-08,0.00849703,1.7759728e-06,6.4918944e-20,1.0465008e-06,4.7757602e-09,0.9915001
EFT:4.4685944e-10,2.9867844e-11,9.024334e-09,7.42557e-08,0.00849703,1.7759661e-06,6.49182e-20,1.0464948e-06,4.7757327e-09,0.9915001
Random442
Raw:4.46862e-10,2.986796e-11,9.024352e-09,7.425612e-08,0.00849703,1.7759728e-06,6.4918446e-20,1.0464988e-06,4.7757416e-09,0.9915001
EFT:4.4685944e-10,2.9867844e-11,9.024334e-09,7.42557e-08,0.00849703,1.7759661e-06,6.49182e-20,1.0464948e-06,4.7757327e-09,0.9915001
Random443
Raw:4.4686285e-10,2.9868073e-11,9.024369e-09,7.425612e-08,0.00849703,1.7759728e-06,6.491869e-20,1.0464988e-06,4.7757602e-09,0.9915001
EFT:4.4685944e-10,2.9867844e-11,9.024334e-09,7.42557e-08,0.00849703,1.7759661e-06,6.49182e-20,1.0464948e-06,4.7757327e-09,0.9915001
Random444
Raw:4.4686113e-10,2.986796e-11,9.024352e-09,7.425584e-08,0.00849703,1.7759728e-06,6.491869e-20,1.0464969e-06,4.7757416e-09,0.9915001
EFT:4.4685944e-10,2.9867844e-11,9.024334e-09,7.42557e-08,0.00849703,1.7759661e-06,6.49182e-20,1.0464948e-06,4.7757327e-09,0.9915001
Random445
Raw:4.4686113e-10,2.9867844e-11,9.024352e-09,7.425584e-08,0.00849703,1.7759694e-06,6.49182e-20,1.0464969e-06,4.7757327e-09,0.9915001
EFT:4.4685944e-10,2.9867844e-11,9.024334e-09,7.42557e-08,0.00849703,1.7759661e-06,6.49182e-20,1.0464948e-06,4.7757327e-09,0.9915001
Random446
Raw:4.4686113e-10,2.9868018e-11,9.024352e-09,7.425584e-08,0.008497062,1.7759728e-06,6.491869e-20,1.0464969e-06,4.7757416e-09,0.9915001
EFT:4.4685944e-10,2.9867844e-11,9.024334e-09,7.42557e-08,0.00849703,1.7759661e-06,6.49182e-20,1.0464948e-06,4.7757327e-09,0.9915001
Random447
Raw:4.4686027e-10,2.9867844e-11,9.024334e-09,7.42557e-08,0.008497062,1.7759694e-06,6.4918446e-20,1.0464969e-06,4.7757416e-09,0.9915001
EFT:4.4685944e-10,2.9867844e-11,9.024334e-09,7.42557e-08,0.00849703,1.7759661e-06,6.49182e-20,1.0464948e-06,4.7757327e-09,0.9915001
Random448
Raw:4.4686368e-10,2.9868073e-11,9.024387e-09,7.425612e-08,0.00849703,1.7759796e-06,6.491869e-20,1.0464988e-06,4.7757696e-09,0.9915001
EFT:4.4685944e-10,2.9867844e-11,9.024334e-09,7.42557e-08,0.00849703,1.7759661e-06,6.49182e-20,1.0464948e-06,4.7757327e-09,0.9915001
Random449
Raw:4.4686455e-10,2.9868132e-11,9.024404e-09,7.4256405e-08,0.008497062,1.7759796e-06,6.4918944e-20,1.0465028e-06,4.7757696e-09,0.9915001
EFT:4.4685944e-10,2.9867844e-11,9.024334e-09,7.42557e-08,0.00849703,1.7759661e-06,6.49182e-20,1.0464948e-06,4.7757327e-09,0.9915001
Random450
Raw:4.46862e-10,2.9868018e-11,9.024352e-09,7.425584e-08,0.008497062,1.7759728e-06,6.491869e-20,1.0464969e-06,4.7757327e-09,0.9915001
EFT:4.4685944e-10,2.9867844e-11,9.024334e-09,7.42557e-08,0.00849703,1.7759661e-06,6.49182e-20,1.0464948e-06,4.7757327e-09,0.9915001
Random451
Raw:4.46862e-10,2.986796e-11,9.024369e-09,7.425584e-08,0.00849703,1.7759728e-06,6.491869e-20,1.0464969e-06,4.7757416e-09,0.9915001
EFT:4.4685944e-10,2.9867844e-11,9.024334e-09,7.42557e-08,0.00849703,1.7759661e-06,6.49182e-20,1.0464948e-06,4.7757327e-09,0.9915001
Random452
Raw:4.46862e-10,2.986796e-11,9.024352e-09,7.425612e-08,0.00849703,1.7759762e-06,6.4918446e-20,1.0464969e-06,4.7757602e-09,0.9915001
EFT:4.4685944e-10,2.9867844e-11,9.024334e-09,7.42557e-08,0.00849703,1.7759661e-06,6.49182e-20,1.0464948e-06,4.7757327e-09,0.9915001
Random453
Raw:4.4686285e-10,2.9868073e-11,9.024387e-09,7.425612e-08,0.00849703,1.7759762e-06,6.4918944e-20,1.0465008e-06,4.7757602e-09,0.9915001
EFT:4.4685944e-10,2.9867844e-11,9.024334e-09,7.42557e-08,0.00849703,1.7759661e-06,6.49182e-20,1.0464948e-06,4.7757327e-09,0.9915001
Random454
Raw:4.4686285e-10,2.9868073e-11,9.024387e-09,7.425612e-08,0.00849703,1.7759762e-06,6.491869e-20,1.0465008e-06,4.7757602e-09,0.9915001
EFT:4.4685944e-10,2.9867844e-11,9.024334e-09,7.42557e-08,0.00849703,1.7759661e-06,6.49182e-20,1.0464948e-06,4.7757327e-09,0.9915001
Random455
Raw:4.46862e-10,2.986796e-11,9.024352e-09,7.425612e-08,0.00849703,1.7759762e-06,6.491869e-20,1.0464969e-06,4.7757416e-09,0.9915001
EFT:4.4685944e-10,2.9867844e-11,9.024334e-09,7.42557e-08,0.00849703,1.7759661e-06,6.49182e-20,1.0464948e-06,4.7757327e-09,0.9915001
Random456
Raw:4.46862e-10,2.986796e-11,9.024352e-09,7.425584e-08,0.00849703,1.7759728e-06,6.4918446e-20,1.0464969e-06,4.7757416e-09,0.9915001
EFT:4.4685944e-10,2.9867844e-11,9.024334e-09,7.42557e-08,0.00849703,1.7759661e-06,6.49182e-20,1.0464948e-06,4.7757327e-09,0.9915001
Random457
Raw:4.4686368e-10,2.9868132e-11,9.024387e-09,7.425612e-08,0.00849703,1.7759762e-06,6.4918944e-20,1.0465008e-06,4.7757602e-09,0.9915001
EFT:4.4685944e-10,2.9867844e-11,9.024334e-09,7.42557e-08,0.00849703,1.7759661e-06,6.49182e-20,1.0464948e-06,4.7757327e-09,0.9915001
Random458
Raw:4.4685944e-10,2.9867844e-11,9.024334e-09,7.425556e-08,0.00849703,1.7759627e-06,6.49182e-20,1.0464948e-06,4.7757234e-09,0.9915001
EFT:4.4685944e-10,2.9867844e-11,9.024334e-09,7.42557e-08,0.00849703,1.7759661e-06,6.49182e-20,1.0464948e-06,4.7757327e-09,0.9915001
Random459
Raw:4.4686027e-10,2.9867903e-11,9.024334e-09,7.42557e-08,0.00849703,1.7759694e-06,6.4918446e-20,1.0464969e-06,4.7757234e-09,0.9915001
EFT:4.4685944e-10,2.9867844e-11,9.024334e-09,7.42557e-08,0.00849703,1.7759661e-06,6.49182e-20,1.0464948e-06,4.7757327e-09,0.9915001
Random460
Raw:4.4686285e-10,2.986796e-11,9.024352e-09,7.425598e-08,0.008497062,1.7759762e-06,6.4918446e-20,1.0464988e-06,4.7757416e-09,0.9915001
EFT:4.4685944e-10,2.9867844e-11,9.024334e-09,7.42557e-08,0.00849703,1.7759661e-06,6.49182e-20,1.0464948e-06,4.7757327e-09,0.9915001
Random461
Raw:4.4686113e-10,2.986796e-11,9.024352e-09,7.425584e-08,0.008497062,1.7759661e-06,6.491869e-20,1.0464969e-06,4.7757327e-09,0.9915001
EFT:4.4685944e-10,2.9867844e-11,9.024334e-09,7.42557e-08,0.00849703,1.7759661e-06,6.49182e-20,1.0464948e-06,4.7757327e-09,0.9915001
Random462
Raw:4.4686285e-10,2.9868073e-11,9.024387e-09,7.425598e-08,0.00849703,1.7759762e-06,6.4918944e-20,1.0465008e-06,4.775751e-09,0.9915001
EFT:4.4685944e-10,2.9867844e-11,9.024334e-09,7.42557e-08,0.00849703,1.7759661e-06,6.49182e-20,1.0464948e-06,4.7757327e-09,0.9915001
Random463
Raw:4.4686285e-10,2.986796e-11,9.024352e-09,7.425584e-08,0.008497062,1.7759762e-06,6.4918446e-20,1.0465008e-06,4.7757416e-09,0.9915001
EFT:4.4685944e-10,2.9867844e-11,9.024334e-09,7.42557e-08,0.00849703,1.7759661e-06,6.49182e-20,1.0464948e-06,4.7757327e-09,0.9915001
Random464
Raw:4.4686113e-10,2.9868018e-11,9.024352e-09,7.425584e-08,0.00849703,1.7759728e-06,6.491869e-20,1.0464969e-06,4.7757416e-09,0.9915001
EFT:4.4685944e-10,2.9867844e-11,9.024334e-09,7.42557e-08,0.00849703,1.7759661e-06,6.49182e-20,1.0464948e-06,4.7757327e-09,0.9915001
Random465
Raw:4.4686285e-10,2.9868073e-11,9.024387e-09,7.425598e-08,0.00849703,1.7759728e-06,6.4918944e-20,1.0465008e-06,4.7757416e-09,0.9915001
EFT:4.4685944e-10,2.9867844e-11,9.024334e-09,7.42557e-08,0.00849703,1.7759661e-06,6.49182e-20,1.0464948e-06,4.7757327e-09,0.9915001
Random466
Raw:4.4686113e-10,2.9867903e-11,9.024352e-09,7.425584e-08,0.00849703,1.7759728e-06,6.4918446e-20,1.0464928e-06,4.7757416e-09,0.9915001
EFT:4.4685944e-10,2.9867844e-11,9.024334e-09,7.42557e-08,0.00849703,1.7759661e-06,6.49182e-20,1.0464948e-06,4.7757327e-09,0.9915001
Random467
Raw:4.4686368e-10,2.9868132e-11,9.024387e-09,7.425612e-08,0.008497095,1.7759796e-06,6.491919e-20,1.0465008e-06,4.7757416e-09,0.9915001
EFT:4.4685944e-10,2.9867844e-11,9.024334e-09,7.42557e-08,0.00849703,1.7759661e-06,6.49182e-20,1.0464948e-06,4.7757327e-09,0.9915001
Random468
Raw:4.4686368e-10,2.9868073e-11,9.024387e-09,7.425612e-08,0.008497062,1.7759796e-06,6.4918944e-20,1.0465008e-06,4.7757602e-09,0.9915001
EFT:4.4685944e-10,2.9867844e-11,9.024334e-09,7.42557e-08,0.00849703,1.7759661e-06,6.49182e-20,1.0464948e-06,4.7757327e-09,0.9915001
Random469
Raw:4.4686285e-10,2.9868073e-11,9.024387e-09,7.425612e-08,0.008497062,1.7759762e-06,6.4918944e-20,1.0465008e-06,4.7757602e-09,0.9915001
EFT:4.4685944e-10,2.9867844e-11,9.024334e-09,7.42557e-08,0.00849703,1.7759661e-06,6.49182e-20,1.0464948e-06,4.7757327e-09,0.9915001
Random470
Raw:4.4686027e-10,2.9867844e-11,9.024317e-09,7.42557e-08,0.00849703,1.7759694e-06,6.49182e-20,1.0464928e-06,4.7757416e-09,0.9915001
EFT:4.4685944e-10,2.9867844e-11,9.024334e-09,7.42557e-08,0.00849703,1.7759661e-06,6.49182e-20,1.0464948e-06,4.7757327e-09,0.9915001
Random471
Raw:4.4685772e-10,2.9867733e-11,9.0242835e-09,7.425527e-08,0.008496997,1.7759627e-06,6.491795e-20,1.0464909e-06,4.7757056e-09,0.9915001
EFT:4.4685944e-10,2.9867844e-11,9.024334e-09,7.42557e-08,0.00849703,1.7759661e-06,6.49182e-20,1.0464948e-06,4.7757327e-09,0.9915001
Random472
Raw:4.4685944e-10,2.9867792e-11,9.024334e-09,7.42557e-08,0.00849703,1.7759661e-06,6.49182e-20,1.0464948e-06,4.7757327e-09,0.9915001
EFT:4.4685944e-10,2.9867844e-11,9.024334e-09,7.42557e-08,0.00849703,1.7759661e-06,6.49182e-20,1.0464948e-06,4.7757327e-09,0.9915001
Random473
Raw:4.4686368e-10,2.9868132e-11,9.024387e-09,7.425612e-08,0.00849703,1.7759728e-06,6.4918944e-20,1.0465008e-06,4.7757602e-09,0.9915001
EFT:4.4685944e-10,2.9867844e-11,9.024334e-09,7.42557e-08,0.00849703,1.7759661e-06,6.49182e-20,1.0464948e-06,4.7757327e-09,0.9915001
Random474
Raw:4.4686285e-10,2.9868018e-11,9.024369e-09,7.425598e-08,0.008497062,1.7759762e-06,6.4918944e-20,1.0464988e-06,4.775751e-09,0.9915001
EFT:4.4685944e-10,2.9867844e-11,9.024334e-09,7.42557e-08,0.00849703,1.7759661e-06,6.49182e-20,1.0464948e-06,4.7757327e-09,0.9915001
Random475
Raw:4.4686368e-10,2.9868073e-11,9.024387e-09,7.425626e-08,0.00849703,1.7759728e-06,6.4918944e-20,1.0465008e-06,4.7757602e-09,0.9915001
EFT:4.4685944e-10,2.9867844e-11,9.024334e-09,7.42557e-08,0.00849703,1.7759661e-06,6.49182e-20,1.0464948e-06,4.7757327e-09,0.9915001
Random476
Raw:4.4686285e-10,2.9868073e-11,9.024387e-09,7.425612e-08,0.008497062,1.7759796e-06,6.4918944e-20,1.0465008e-06,4.7757602e-09,0.9915001
EFT:4.4685944e-10,2.9867844e-11,9.024334e-09,7.42557e-08,0.00849703,1.7759661e-06,6.49182e-20,1.0464948e-06,4.7757327e-09,0.9915001
Random477
Raw:4.46862e-10,2.986796e-11,9.024352e-09,7.425612e-08,0.00849703,1.7759762e-06,6.4918446e-20,1.0464969e-06,4.775751e-09,0.9915001
EFT:4.4685944e-10,2.9867844e-11,9.024334e-09,7.42557e-08,0.00849703,1.7759661e-06,6.49182e-20,1.0464948e-06,4.7757327e-09,0.9915001
Random478
Raw:4.4686113e-10,2.986796e-11,9.024352e-09,7.425584e-08,0.00849703,1.7759728e-06,6.4918446e-20,1.0464969e-06,4.7757416e-09,0.9915001
EFT:4.4685944e-10,2.9867844e-11,9.024334e-09,7.42557e-08,0.00849703,1.7759661e-06,6.49182e-20,1.0464948e-06,4.7757327e-09,0.9915001
Random479
Raw:4.4686113e-10,2.9867903e-11,9.024334e-09,7.425584e-08,0.00849703,1.7759661e-06,6.4918446e-20,1.0464928e-06,4.7757416e-09,0.9915001
EFT:4.4685944e-10,2.9867844e-11,9.024334e-09,7.42557e-08,0.00849703,1.7759661e-06,6.49182e-20,1.0464948e-06,4.7757327e-09,0.9915001
Random480
Raw:4.4686027e-10,2.9867844e-11,9.024317e-09,7.42557e-08,0.00849703,1.7759661e-06,6.491795e-20,1.0464928e-06,4.7757234e-09,0.9915001
EFT:4.4685944e-10,2.9867844e-11,9.024334e-09,7.42557e-08,0.00849703,1.7759661e-06,6.49182e-20,1.0464948e-06,4.7757327e-09,0.9915001
Random481
Raw:4.4686285e-10,2.9868018e-11,9.024369e-09,7.425584e-08,0.008496997,1.7759728e-06,6.491869e-20,1.0464969e-06,4.7757602e-09,0.9915001
EFT:4.4685944e-10,2.9867844e-11,9.024334e-09,7.42557e-08,0.00849703,1.7759661e-06,6.49182e-20,1.0464948e-06,4.7757327e-09,0.9915001
Random482
Raw:4.4686113e-10,2.9867903e-11,9.024352e-09,7.425584e-08,0.00849703,1.7759694e-06,6.49182e-20,1.0464969e-06,4.7757416e-09,0.9915001
EFT:4.4685944e-10,2.9867844e-11,9.024334e-09,7.42557e-08,0.00849703,1.7759661e-06,6.49182e-20,1.0464948e-06,4.7757327e-09,0.9915001
Random483
Raw:4.4686285e-10,2.9868073e-11,9.024387e-09,7.425612e-08,0.008497062,1.7759762e-06,6.4918944e-20,1.0464988e-06,4.7757602e-09,0.9915001
EFT:4.4685944e-10,2.9867844e-11,9.024334e-09,7.42557e-08,0.00849703,1.7759661e-06,6.49182e-20,1.0464948e-06,4.7757327e-09,0.9915001
Random484
Raw:4.46862e-10,2.986796e-11,9.024352e-09,7.425598e-08,0.00849703,1.7759694e-06,6.491869e-20,1.0464969e-06,4.7757416e-09,0.9915001
EFT:4.4685944e-10,2.9867844e-11,9.024334e-09,7.42557e-08,0.00849703,1.7759661e-06,6.49182e-20,1.0464948e-06,4.7757327e-09,0.9915001
Random485
Raw:4.4686113e-10,2.9867903e-11,9.024352e-09,7.425584e-08,0.008497062,1.7759728e-06,6.49182e-20,1.0464988e-06,4.7757416e-09,0.9915001
EFT:4.4685944e-10,2.9867844e-11,9.024334e-09,7.42557e-08,0.00849703,1.7759661e-06,6.49182e-20,1.0464948e-06,4.7757327e-09,0.9915001
Random486
Raw:4.46862e-10,2.986796e-11,9.024352e-09,7.425584e-08,0.00849703,1.7759762e-06,6.491869e-20,1.0464969e-06,4.7757416e-09,0.9915001
EFT:4.4685944e-10,2.9867844e-11,9.024334e-09,7.42557e-08,0.00849703,1.7759661e-06,6.49182e-20,1.0464948e-06,4.7757327e-09,0.9915001
Random487
Raw:4.46862e-10,2.986796e-11,9.024352e-09,7.425584e-08,0.00849703,1.7759694e-06,6.4918446e-20,1.0464969e-06,4.7757416e-09,0.9915001
EFT:4.4685944e-10,2.9867844e-11,9.024334e-09,7.42557e-08,0.00849703,1.7759661e-06,6.49182e-20,1.0464948e-06,4.7757327e-09,0.9915001
Random488
Raw:4.46862e-10,2.986796e-11,9.024352e-09,7.425584e-08,0.008497062,1.7759728e-06,6.491869e-20,1.0464969e-06,4.775751e-09,0.9915001
EFT:4.4685944e-10,2.9867844e-11,9.024334e-09,7.42557e-08,0.00849703,1.7759661e-06,6.49182e-20,1.0464948e-06,4.7757327e-09,0.9915001
Random489
Raw:4.4686285e-10,2.9868018e-11,9.024369e-09,7.425598e-08,0.00849703,1.7759728e-06,6.491869e-20,1.0464969e-06,4.775751e-09,0.9915001
EFT:4.4685944e-10,2.9867844e-11,9.024334e-09,7.42557e-08,0.00849703,1.7759661e-06,6.49182e-20,1.0464948e-06,4.7757327e-09,0.9915001
Random490
Raw:4.4686285e-10,2.9868018e-11,9.024387e-09,7.425598e-08,0.00849703,1.7759728e-06,6.491869e-20,1.0464969e-06,4.775751e-09,0.9915001
EFT:4.4685944e-10,2.9867844e-11,9.024334e-09,7.42557e-08,0.00849703,1.7759661e-06,6.49182e-20,1.0464948e-06,4.7757327e-09,0.9915001
Random491
Raw:4.4686285e-10,2.9868018e-11,9.024369e-09,7.425598e-08,0.00849703,1.7759728e-06,6.491869e-20,1.0464969e-06,4.775751e-09,0.9915001
EFT:4.4685944e-10,2.9867844e-11,9.024334e-09,7.42557e-08,0.00849703,1.7759661e-06,6.49182e-20,1.0464948e-06,4.7757327e-09,0.9915001
Random492
Raw:4.46862e-10,2.986796e-11,9.024352e-09,7.425584e-08,0.00849703,1.7759728e-06,6.491869e-20,1.0464969e-06,4.775751e-09,0.9915001
EFT:4.4685944e-10,2.9867844e-11,9.024334e-09,7.42557e-08,0.00849703,1.7759661e-06,6.49182e-20,1.0464948e-06,4.7757327e-09,0.9915001
Random493
Raw:4.4686368e-10,2.9868073e-11,9.024387e-09,7.425612e-08,0.008497062,1.7759762e-06,6.4918944e-20,1.0465008e-06,4.7757602e-09,0.9915001
EFT:4.4685944e-10,2.9867844e-11,9.024334e-09,7.42557e-08,0.00849703,1.7759661e-06,6.49182e-20,1.0464948e-06,4.7757327e-09,0.9915001
Random494
Raw:4.46862e-10,2.986796e-11,9.024352e-09,7.425612e-08,0.00849703,1.7759762e-06,6.4918446e-20,1.0464969e-06,4.775751e-09,0.9915001
EFT:4.4685944e-10,2.9867844e-11,9.024334e-09,7.42557e-08,0.00849703,1.7759661e-06,6.49182e-20,1.0464948e-06,4.7757327e-09,0.9915001
Random495
Raw:4.4686285e-10,2.9868018e-11,9.024369e-09,7.425598e-08,0.00849703,1.7759728e-06,6.491869e-20,1.0464969e-06,4.7757416e-09,0.9915001
EFT:4.4685944e-10,2.9867844e-11,9.024334e-09,7.42557e-08,0.00849703,1.7759661e-06,6.49182e-20,1.0464948e-06,4.7757327e-09,0.9915001
Random496
Raw:4.4686113e-10,2.9867903e-11,9.024334e-09,7.425584e-08,0.008497062,1.7759694e-06,6.4918446e-20,1.0464969e-06,4.7757416e-09,0.9915001
EFT:4.4685944e-10,2.9867844e-11,9.024334e-09,7.42557e-08,0.00849703,1.7759661e-06,6.49182e-20,1.0464948e-06,4.7757327e-09,0.9915001
Random497
Raw:4.4686113e-10,2.986796e-11,9.024352e-09,7.425584e-08,0.00849703,1.7759694e-06,6.4918446e-20,1.0464988e-06,4.7757327e-09,0.9915001
EFT:4.4685944e-10,2.9867844e-11,9.024334e-09,7.42557e-08,0.00849703,1.7759661e-06,6.49182e-20,1.0464948e-06,4.7757327e-09,0.9915001
Random498
Raw:4.4686113e-10,2.9867903e-11,9.024334e-09,7.42557e-08,0.008497062,1.7759661e-06,6.4918446e-20,1.0464948e-06,4.7757416e-09,0.9915001
EFT:4.4685944e-10,2.9867844e-11,9.024334e-09,7.42557e-08,0.00849703,1.7759661e-06,6.49182e-20,1.0464948e-06,4.7757327e-09,0.9915001
Random499
Raw:4.46862e-10,2.9867903e-11,9.024352e-09,7.425584e-08,0.008497062,1.7759728e-06,6.49182e-20,1.0464969e-06,4.7757234e-09,0.9915001
EFT:4.4685944e-10,2.9867844e-11,9.024334e-09,7.42557e-08,0.00849703,1.7759661e-06,6.49182e-20,1.0464948e-06,4.7757327e-09,0.9915001
Random500
Raw:4.4686027e-10,2.9867844e-11,9.024334e-09,7.42557e-08,0.008497062,1.7759694e-06,6.4918446e-20,1.0464969e-06,4.7757234e-09,0.9915001
EFT:4.4685944e-10,2.9867844e-11,9.024334e-09,7.42557e-08,0.00849703,1.7759661e-06,6.49182e-20,1.0464948e-06,4.7757327e-09,0.9915001
Random501
Raw:4.4686113e-10,2.9867903e-11,9.024334e-09,7.425584e-08,0.00849703,1.7759694e-06,6.4918446e-20,1.0464928e-06,4.7757327e-09,0.9915001
EFT:4.4685944e-10,2.9867844e-11,9.024334e-09,7.42557e-08,0.00849703,1.7759661e-06,6.49182e-20,1.0464948e-06,4.7757327e-09,0.9915001
Random502
Raw:4.4686368e-10,2.9868073e-11,9.024387e-09,7.425626e-08,0.008497062,1.7759796e-06,6.4918944e-20,1.0464988e-06,4.7757696e-09,0.9915001
EFT:4.4685944e-10,2.9867844e-11,9.024334e-09,7.42557e-08,0.00849703,1.7759661e-06,6.49182e-20,1.0464948e-06,4.7757327e-09,0.9915001
Random503
Raw:4.4686113e-10,2.986796e-11,9.024352e-09,7.425584e-08,0.00849703,1.7759728e-06,6.4918446e-20,1.0464948e-06,4.7757416e-09,0.9915001
EFT:4.4685944e-10,2.9867844e-11,9.024334e-09,7.42557e-08,0.00849703,1.7759661e-06,6.49182e-20,1.0464948e-06,4.7757327e-09,0.9915001
Random504
Raw:4.4686113e-10,2.986796e-11,9.024369e-09,7.425598e-08,0.00849703,1.7759728e-06,6.491869e-20,1.0464969e-06,4.775751e-09,0.9915001
EFT:4.4685944e-10,2.9867844e-11,9.024334e-09,7.42557e-08,0.00849703,1.7759661e-06,6.49182e-20,1.0464948e-06,4.7757327e-09,0.9915001
Random505
Raw:4.4686285e-10,2.9868018e-11,9.024369e-09,7.425584e-08,0.00849703,1.7759728e-06,6.491869e-20,1.0464969e-06,4.7757416e-09,0.9915001
EFT:4.4685944e-10,2.9867844e-11,9.024334e-09,7.42557e-08,0.00849703,1.7759661e-06,6.49182e-20,1.0464948e-06,4.7757327e-09,0.9915001
Random506
Raw:4.4686113e-10,2.986796e-11,9.024352e-09,7.42557e-08,0.008496997,1.7759694e-06,6.4918446e-20,1.0464969e-06,4.7757234e-09,0.9915001
EFT:4.4685944e-10,2.9867844e-11,9.024334e-09,7.42557e-08,0.00849703,1.7759661e-06,6.49182e-20,1.0464948e-06,4.7757327e-09,0.9915001
Random507
Raw:4.4686113e-10,2.986796e-11,9.024369e-09,7.425598e-08,0.00849703,1.7759728e-06,6.491869e-20,1.0464948e-06,4.775751e-09,0.9915001
EFT:4.4685944e-10,2.9867844e-11,9.024334e-09,7.42557e-08,0.00849703,1.7759661e-06,6.49182e-20,1.0464948e-06,4.7757327e-09,0.9915001
Random508
Raw:4.4686113e-10,2.9867844e-11,9.024317e-09,7.42557e-08,0.00849703,1.7759694e-06,6.49182e-20,1.0464948e-06,4.7757234e-09,0.9915001
EFT:4.4685944e-10,2.9867844e-11,9.024334e-09,7.42557e-08,0.00849703,1.7759661e-06,6.49182e-20,1.0464948e-06,4.7757327e-09,0.9915001
Random509
Raw:4.4686027e-10,2.9867844e-11,9.024317e-09,7.42557e-08,0.008496997,1.7759627e-06,6.491795e-20,1.0464928e-06,4.7757234e-09,0.9915001
EFT:4.4685944e-10,2.9867844e-11,9.024334e-09,7.42557e-08,0.00849703,1.7759661e-06,6.49182e-20,1.0464948e-06,4.7757327e-09,0.9915001
Random510
Raw:4.4686113e-10,2.9867903e-11,9.024334e-09,7.42557e-08,0.00849703,1.7759694e-06,6.491869e-20,1.0464928e-06,4.7757416e-09,0.9915001
EFT:4.4685944e-10,2.9867844e-11,9.024334e-09,7.42557e-08,0.00849703,1.7759661e-06,6.49182e-20,1.0464948e-06,4.7757327e-09,0.9915001
Random511
Raw:4.4686113e-10,2.9868018e-11,9.024352e-09,7.42557e-08,0.00849703,1.7759694e-06,6.491869e-20,1.0464969e-06,4.7757416e-09,0.9915001
EFT:4.4685944e-10,2.9867844e-11,9.024334e-09,7.42557e-08,0.00849703,1.7759661e-06,6.49182e-20,1.0464948e-06,4.7757327e-09,0.9915001
Random512
Raw:4.4686368e-10,2.9868073e-11,9.024387e-09,7.425612e-08,0.00849703,1.7759762e-06,6.4918944e-20,1.0465008e-06,4.7757602e-09,0.9915001
EFT:4.4685944e-10,2.9867844e-11,9.024334e-09,7.42557e-08,0.00849703,1.7759661e-06,6.49182e-20,1.0464948e-06,4.7757327e-09,0.9915001
Random513
Raw:4.4686027e-10,2.9867903e-11,9.024334e-09,7.425584e-08,0.00849703,1.7759728e-06,6.4918446e-20,1.0464948e-06,4.7757416e-09,0.9915001
EFT:4.4685944e-10,2.9867844e-11,9.024334e-09,7.42557e-08,0.00849703,1.7759661e-06,6.49182e-20,1.0464948e-06,4.7757327e-09,0.9915001
Random514
Raw:4.4686113e-10,2.986796e-11,9.024352e-09,7.425584e-08,0.00849703,1.7759728e-06,6.491869e-20,1.0464969e-06,4.7757416e-09,0.9915001
EFT:4.4685944e-10,2.9867844e-11,9.024334e-09,7.42557e-08,0.00849703,1.7759661e-06,6.49182e-20,1.0464948e-06,4.7757327e-09,0.9915001
Random515
Raw:4.4686027e-10,2.9867903e-11,9.024334e-09,7.425584e-08,0.00849703,1.7759694e-06,6.4918446e-20,1.0464948e-06,4.7757416e-09,0.9915001
EFT:4.4685944e-10,2.9867844e-11,9.024334e-09,7.42557e-08,0.00849703,1.7759661e-06,6.49182e-20,1.0464948e-06,4.7757327e-09,0.9915001
Random516
Raw:4.4686027e-10,2.9867792e-11,9.024317e-09,7.425584e-08,0.00849703,1.7759661e-06,6.491795e-20,1.0464909e-06,4.7757234e-09,0.9915001
EFT:4.4685944e-10,2.9867844e-11,9.024334e-09,7.42557e-08,0.00849703,1.7759661e-06,6.49182e-20,1.0464948e-06,4.7757327e-09,0.9915001
Random517
Raw:4.4686027e-10,2.9867844e-11,9.024317e-09,7.425556e-08,0.00849703,1.7759661e-06,6.4918446e-20,1.0464928e-06,4.7757327e-09,0.9915001
EFT:4.4685944e-10,2.9867844e-11,9.024334e-09,7.42557e-08,0.00849703,1.7759661e-06,6.49182e-20,1.0464948e-06,4.7757327e-09,0.9915001
Random518
Raw:4.46862e-10,2.9868018e-11,9.024352e-09,7.425584e-08,0.00849703,1.7759728e-06,6.491869e-20,1.0464969e-06,4.7757416e-09,0.9915001
EFT:4.4685944e-10,2.9867844e-11,9.024334e-09,7.42557e-08,0.00849703,1.7759661e-06,6.49182e-20,1.0464948e-06,4.7757327e-09,0.9915001
Random519
Raw:4.4686285e-10,2.9868073e-11,9.024387e-09,7.425612e-08,0.008497062,1.7759796e-06,6.4918944e-20,1.0464988e-06,4.7757602e-09,0.9915001
EFT:4.4685944e-10,2.9867844e-11,9.024334e-09,7.42557e-08,0.00849703,1.7759661e-06,6.49182e-20,1.0464948e-06,4.7757327e-09,0.9915001
Random520
Raw:4.4686113e-10,2.986796e-11,9.024352e-09,7.425584e-08,0.008497062,1.7759728e-06,6.491869e-20,1.0464969e-06,4.7757327e-09,0.9915001
EFT:4.4685944e-10,2.9867844e-11,9.024334e-09,7.42557e-08,0.00849703,1.7759661e-06,6.49182e-20,1.0464948e-06,4.7757327e-09,0.9915001
Random521
Raw:4.4685944e-10,2.9867792e-11,9.024317e-09,7.425556e-08,0.00849703,1.7759661e-06,6.49177e-20,1.0464969e-06,4.7757056e-09,0.9915001
EFT:4.4685944e-10,2.9867844e-11,9.024334e-09,7.42557e-08,0.00849703,1.7759661e-06,6.49182e-20,1.0464948e-06,4.7757327e-09,0.9915001
Random522
Raw:4.46862e-10,2.9868018e-11,9.024352e-09,7.425598e-08,0.00849703,1.7759728e-06,6.491869e-20,1.0464969e-06,4.775751e-09,0.9915001
EFT:4.4685944e-10,2.9867844e-11,9.024334e-09,7.42557e-08,0.00849703,1.7759661e-06,6.49182e-20,1.0464948e-06,4.7757327e-09,0.9915001
Random523
Raw:4.4686027e-10,2.9867844e-11,9.024317e-09,7.425584e-08,0.00849703,1.7759694e-06,6.49182e-20,1.0464928e-06,4.7757416e-09,0.9915001
EFT:4.4685944e-10,2.9867844e-11,9.024334e-09,7.42557e-08,0.00849703,1.7759661e-06,6.49182e-20,1.0464948e-06,4.7757327e-09,0.9915001
Random524
Raw:4.4686455e-10,2.986819e-11,9.02442e-09,7.425626e-08,0.008497062,1.7759796e-06,6.491919e-20,1.0465048e-06,4.775778e-09,0.9915001
EFT:4.4685944e-10,2.9867844e-11,9.024334e-09,7.42557e-08,0.00849703,1.7759661e-06,6.49182e-20,1.0464948e-06,4.7757327e-09,0.9915001
Random525
Raw:4.4686285e-10,2.9868073e-11,9.024404e-09,7.425612e-08,0.00849703,1.7759728e-06,6.4918944e-20,1.0465008e-06,4.7757602e-09,0.9915001
EFT:4.4685944e-10,2.9867844e-11,9.024334e-09,7.42557e-08,0.00849703,1.7759661e-06,6.49182e-20,1.0464948e-06,4.7757327e-09,0.9915001
Random526
Raw:4.46862e-10,2.986796e-11,9.024352e-09,7.425584e-08,0.008497062,1.7759762e-06,6.491869e-20,1.0464988e-06,4.7757416e-09,0.9915001
EFT:4.4685944e-10,2.9867844e-11,9.024334e-09,7.42557e-08,0.00849703,1.7759661e-06,6.49182e-20,1.0464948e-06,4.7757327e-09,0.9915001
Random527
Raw:4.4685944e-10,2.9867903e-11,9.024334e-09,7.425584e-08,0.00849703,1.7759728e-06,6.4918446e-20,1.0464948e-06,4.7757416e-09,0.9915001
EFT:4.4685944e-10,2.9867844e-11,9.024334e-09,7.42557e-08,0.00849703,1.7759661e-06,6.49182e-20,1.0464948e-06,4.7757327e-09,0.9915001
Random528
Raw:4.4686368e-10,2.9868132e-11,9.024387e-09,7.425612e-08,0.00849703,1.7759796e-06,6.4918944e-20,1.0465008e-06,4.7757602e-09,0.9915001
EFT:4.4685944e-10,2.9867844e-11,9.024334e-09,7.42557e-08,0.00849703,1.7759661e-06,6.49182e-20,1.0464948e-06,4.7757327e-09,0.9915001
Random529
Raw:4.4686027e-10,2.9867903e-11,9.024334e-09,7.425584e-08,0.00849703,1.7759728e-06,6.4918446e-20,1.0464928e-06,4.7757416e-09,0.9915001
EFT:4.4685944e-10,2.9867844e-11,9.024334e-09,7.42557e-08,0.00849703,1.7759661e-06,6.49182e-20,1.0464948e-06,4.7757327e-09,0.9915001
Random530
Raw:4.4686368e-10,2.9868073e-11,9.024387e-09,7.425626e-08,0.008497062,1.7759796e-06,6.491869e-20,1.0465008e-06,4.775778e-09,0.9915001
EFT:4.4685944e-10,2.9867844e-11,9.024334e-09,7.42557e-08,0.00849703,1.7759661e-06,6.49182e-20,1.0464948e-06,4.7757327e-09,0.9915001
Random531
Raw:4.4686027e-10,2.9867903e-11,9.024334e-09,7.425584e-08,0.00849703,1.7759694e-06,6.4918446e-20,1.0464969e-06,4.7757416e-09,0.9915001
EFT:4.4685944e-10,2.9867844e-11,9.024334e-09,7.42557e-08,0.00849703,1.7759661e-06,6.49182e-20,1.0464948e-06,4.7757327e-09,0.9915001
Random532
Raw:4.4686368e-10,2.9868132e-11,9.024387e-09,7.425612e-08,0.00849703,1.7759796e-06,6.491919e-20,1.0464988e-06,4.7757696e-09,0.9915001
EFT:4.4685944e-10,2.9867844e-11,9.024334e-09,7.42557e-08,0.00849703,1.7759661e-06,6.49182e-20,1.0464948e-06,4.7757327e-09,0.9915001
Random533
Raw:4.4686285e-10,2.9868018e-11,9.024369e-09,7.425598e-08,0.008496997,1.7759728e-06,6.491869e-20,1.0464969e-06,4.7757602e-09,0.9915001
EFT:4.4685944e-10,2.9867844e-11,9.024334e-09,7.42557e-08,0.00849703,1.7759661e-06,6.49182e-20,1.0464948e-06,4.7757327e-09,0.9915001
Random534
Raw:4.4686113e-10,2.9867844e-11,9.024352e-09,7.42557e-08,0.008497062,1.7759694e-06,6.4918446e-20,1.0464969e-06,4.7757327e-09,0.9915001
EFT:4.4685944e-10,2.9867844e-11,9.024334e-09,7.42557e-08,0.00849703,1.7759661e-06,6.49182e-20,1.0464948e-06,4.7757327e-09,0.9915001
Random535
Raw:4.4686113e-10,2.9867844e-11,9.024317e-09,7.42557e-08,0.008497062,1.7759661e-06,6.49182e-20,1.0464969e-06,4.7757234e-09,0.9915001
EFT:4.4685944e-10,2.9867844e-11,9.024334e-09,7.42557e-08,0.00849703,1.7759661e-06,6.49182e-20,1.0464948e-06,4.7757327e-09,0.9915001
Random536
Raw:4.4685944e-10,2.9867733e-11,9.024317e-09,7.425556e-08,0.00849703,1.7759627e-06,6.491795e-20,1.0464928e-06,4.7757056e-09,0.9915001
EFT:4.4685944e-10,2.9867844e-11,9.024334e-09,7.42557e-08,0.00849703,1.7759661e-06,6.49182e-20,1.0464948e-06,4.7757327e-09,0.9915001
Random537
Raw:4.4686113e-10,2.986796e-11,9.024352e-09,7.425584e-08,0.008496997,1.7759728e-06,6.491869e-20,1.0464948e-06,4.7757416e-09,0.9915001
EFT:4.4685944e-10,2.9867844e-11,9.024334e-09,7.42557e-08,0.00849703,1.7759661e-06,6.49182e-20,1.0464948e-06,4.7757327e-09,0.9915001
Random538
Raw:4.4686285e-10,2.9868018e-11,9.024352e-09,7.425598e-08,0.00849703,1.7759728e-06,6.491869e-20,1.0464969e-06,4.7757416e-09,0.9915001
EFT:4.4685944e-10,2.9867844e-11,9.024334e-09,7.42557e-08,0.00849703,1.7759661e-06,6.49182e-20,1.0464948e-06,4.7757327e-09,0.9915001
Random539
Raw:4.4686285e-10,2.9868073e-11,9.024387e-09,7.425612e-08,0.008497062,1.7759796e-06,6.491869e-20,1.0465008e-06,4.775751e-09,0.9915001
EFT:4.4685944e-10,2.9867844e-11,9.024334e-09,7.42557e-08,0.00849703,1.7759661e-06,6.49182e-20,1.0464948e-06,4.7757327e-09,0.9915001
Random540
Raw:4.4686368e-10,2.9868073e-11,9.024387e-09,7.425612e-08,0.00849703,1.7759762e-06,6.491869e-20,1.0465008e-06,4.7757602e-09,0.9915001
EFT:4.4685944e-10,2.9867844e-11,9.024334e-09,7.42557e-08,0.00849703,1.7759661e-06,6.49182e-20,1.0464948e-06,4.7757327e-09,0.9915001
Random541
Raw:4.4686455e-10,2.9868132e-11,9.024387e-09,7.425612e-08,0.008497062,1.7759762e-06,6.491919e-20,1.0465008e-06,4.7757602e-09,0.9915001
EFT:4.4685944e-10,2.9867844e-11,9.024334e-09,7.42557e-08,0.00849703,1.7759661e-06,6.49182e-20,1.0464948e-06,4.7757327e-09,0.9915001
Random542
Raw:4.4686285e-10,2.9868132e-11,9.024404e-09,7.425612e-08,0.00849703,1.7759796e-06,6.491944e-20,1.0464988e-06,4.7757602e-09,0.9915001
EFT:4.4685944e-10,2.9867844e-11,9.024334e-09,7.42557e-08,0.00849703,1.7759661e-06,6.49182e-20,1.0464948e-06,4.7757327e-09,0.9915001
Random543
Raw:4.4686285e-10,2.986796e-11,9.024369e-09,7.425598e-08,0.00849703,1.7759694e-06,6.491869e-20,1.0464948e-06,4.775751e-09,0.9915001
EFT:4.4685944e-10,2.9867844e-11,9.024334e-09,7.42557e-08,0.00849703,1.7759661e-06,6.49182e-20,1.0464948e-06,4.7757327e-09,0.9915001
Random544
Raw:4.4686113e-10,2.9867903e-11,9.024352e-09,7.425584e-08,0.00849703,1.7759694e-06,6.49182e-20,1.0464948e-06,4.7757416e-09,0.9915001
EFT:4.4685944e-10,2.9867844e-11,9.024334e-09,7.42557e-08,0.00849703,1.7759661e-06,6.49182e-20,1.0464948e-06,4.7757327e-09,0.9915001
Random545
Raw:4.4686285e-10,2.9868018e-11,9.024369e-09,7.425612e-08,0.00849703,1.7759762e-06,6.491869e-20,1.0464988e-06,4.775751e-09,0.9915001
EFT:4.4685944e-10,2.9867844e-11,9.024334e-09,7.42557e-08,0.00849703,1.7759661e-06,6.49182e-20,1.0464948e-06,4.7757327e-09,0.9915001
Random546
Raw:4.4686027e-10,2.9867903e-11,9.024334e-09,7.42557e-08,0.008497062,1.7759728e-06,6.4918446e-20,1.0464969e-06,4.7757416e-09,0.9915001
EFT:4.4685944e-10,2.9867844e-11,9.024334e-09,7.42557e-08,0.00849703,1.7759661e-06,6.49182e-20,1.0464948e-06,4.7757327e-09,0.9915001
Random547
Raw:4.4686113e-10,2.9867903e-11,9.024352e-09,7.425584e-08,0.00849703,1.7759728e-06,6.4918446e-20,1.0464948e-06,4.7757416e-09,0.9915001
EFT:4.4685944e-10,2.9867844e-11,9.024334e-09,7.42557e-08,0.00849703,1.7759661e-06,6.49182e-20,1.0464948e-06,4.7757327e-09,0.9915001
Random548
Raw:4.4686113e-10,2.9867903e-11,9.024334e-09,7.425584e-08,0.00849703,1.7759728e-06,6.4918446e-20,1.0464948e-06,4.7757416e-09,0.9915001
EFT:4.4685944e-10,2.9867844e-11,9.024334e-09,7.42557e-08,0.00849703,1.7759661e-06,6.49182e-20,1.0464948e-06,4.7757327e-09,0.9915001
Random549
Raw:4.4686027e-10,2.9867903e-11,9.024334e-09,7.42557e-08,0.00849703,1.7759661e-06,6.4918446e-20,1.0464948e-06,4.7757327e-09,0.9915001
EFT:4.4685944e-10,2.9867844e-11,9.024334e-09,7.42557e-08,0.00849703,1.7759661e-06,6.49182e-20,1.0464948e-06,4.7757327e-09,0.9915001
Random550
Raw:4.4686113e-10,2.9867903e-11,9.024352e-09,7.425584e-08,0.00849703,1.7759694e-06,6.4918446e-20,1.0464969e-06,4.7757327e-09,0.9915001
EFT:4.4685944e-10,2.9867844e-11,9.024334e-09,7.42557e-08,0.00849703,1.7759661e-06,6.49182e-20,1.0464948e-06,4.7757327e-09,0.9915001
Random551
Raw:4.4686027e-10,2.9867844e-11,9.024317e-09,7.425556e-08,0.00849703,1.7759661e-06,6.4918446e-20,1.0464928e-06,4.7757234e-09,0.9915001
EFT:4.4685944e-10,2.9867844e-11,9.024334e-09,7.42557e-08,0.00849703,1.7759661e-06,6.49182e-20,1.0464948e-06,4.7757327e-09,0.9915001
Random552
Raw:4.4686285e-10,2.9868018e-11,9.024369e-09,7.425612e-08,0.00849703,1.7759762e-06,6.491869e-20,1.0464969e-06,4.7757602e-09,0.9915001
EFT:4.4685944e-10,2.9867844e-11,9.024334e-09,7.42557e-08,0.00849703,1.7759661e-06,6.49182e-20,1.0464948e-06,4.7757327e-09,0.9915001
Random553
Raw:4.4686285e-10,2.9868132e-11,9.024387e-09,7.425626e-08,0.008497062,1.7759762e-06,6.4918944e-20,1.0464988e-06,4.7757602e-09,0.9915001
EFT:4.4685944e-10,2.9867844e-11,9.024334e-09,7.42557e-08,0.00849703,1.7759661e-06,6.49182e-20,1.0464948e-06,4.7757327e-09,0.9915001
Random554
Raw:4.4686285e-10,2.9868018e-11,9.024369e-09,7.425612e-08,0.00849703,1.7759762e-06,6.491869e-20,1.0464969e-06,4.7757602e-09,0.9915001
EFT:4.4685944e-10,2.9867844e-11,9.024334e-09,7.42557e-08,0.00849703,1.7759661e-06,6.49182e-20,1.0464948e-06,4.7757327e-09,0.9915001
Random555
Raw:4.4686455e-10,2.986819e-11,9.02442e-09,7.425626e-08,0.00849703,1.7759796e-06,6.491944e-20,1.0465008e-06,4.775778e-09,0.9915001
EFT:4.4685944e-10,2.9867844e-11,9.024334e-09,7.42557e-08,0.00849703,1.7759661e-06,6.49182e-20,1.0464948e-06,4.7757327e-09,0.9915001
Random556
Raw:4.4686113e-10,2.986796e-11,9.024352e-09,7.425584e-08,0.008497062,1.7759762e-06,6.491869e-20,1.0464988e-06,4.775751e-09,0.9915001
EFT:4.4685944e-10,2.9867844e-11,9.024334e-09,7.42557e-08,0.00849703,1.7759661e-06,6.49182e-20,1.0464948e-06,4.7757327e-09,0.9915001
Random557
Raw:4.4686285e-10,2.9868132e-11,9.024387e-09,7.425598e-08,0.008497062,1.7759762e-06,6.4918944e-20,1.0464988e-06,4.7757602e-09,0.9915001
EFT:4.4685944e-10,2.9867844e-11,9.024334e-09,7.42557e-08,0.00849703,1.7759661e-06,6.49182e-20,1.0464948e-06,4.7757327e-09,0.9915001
Random558
Raw:4.46862e-10,2.9867903e-11,9.024352e-09,7.425584e-08,0.008496997,1.7759694e-06,6.49182e-20,1.0464969e-06,4.7757234e-09,0.9915001
EFT:4.4685944e-10,2.9867844e-11,9.024334e-09,7.42557e-08,0.00849703,1.7759661e-06,6.49182e-20,1.0464948e-06,4.7757327e-09,0.9915001
Random559
Raw:4.4686285e-10,2.9868073e-11,9.024387e-09,7.425612e-08,0.00849703,1.7759728e-06,6.491869e-20,1.0465008e-06,4.7757602e-09,0.9915001
EFT:4.4685944e-10,2.9867844e-11,9.024334e-09,7.42557e-08,0.00849703,1.7759661e-06,6.49182e-20,1.0464948e-06,4.7757327e-09,0.9915001
Random560
Raw:4.4686285e-10,2.9868073e-11,9.024387e-09,7.425626e-08,0.008497062,1.7759762e-06,6.4918944e-20,1.0464988e-06,4.7757602e-09,0.9915001
EFT:4.4685944e-10,2.9867844e-11,9.024334e-09,7.42557e-08,0.00849703,1.7759661e-06,6.49182e-20,1.0464948e-06,4.7757327e-09,0.9915001
Random561
Raw:4.4686113e-10,2.9867903e-11,9.024334e-09,7.425584e-08,0.00849703,1.7759694e-06,6.4918446e-20,1.0464948e-06,4.7757416e-09,0.9915001
EFT:4.4685944e-10,2.9867844e-11,9.024334e-09,7.42557e-08,0.00849703,1.7759661e-06,6.49182e-20,1.0464948e-06,4.7757327e-09,0.9915001
Random562
Raw:4.4685944e-10,2.9867844e-11,9.024317e-09,7.425556e-08,0.00849703,1.7759694e-06,6.49182e-20,1.0464928e-06,4.7757234e-09,0.9915001
EFT:4.4685944e-10,2.9867844e-11,9.024334e-09,7.42557e-08,0.00849703,1.7759661e-06,6.49182e-20,1.0464948e-06,4.7757327e-09,0.9915001
Random563
Raw:4.4686113e-10,2.986796e-11,9.024352e-09,7.425584e-08,0.008497062,1.7759728e-06,6.4918446e-20,1.0464969e-06,4.7757416e-09,0.9915001
EFT:4.4685944e-10,2.9867844e-11,9.024334e-09,7.42557e-08,0.00849703,1.7759661e-06,6.49182e-20,1.0464948e-06,4.7757327e-09,0.9915001
Random564
Raw:4.4686285e-10,2.9868018e-11,9.024369e-09,7.425598e-08,0.00849703,1.7759762e-06,6.491869e-20,1.0465008e-06,4.775751e-09,0.9915001
EFT:4.4685944e-10,2.9867844e-11,9.024334e-09,7.42557e-08,0.00849703,1.7759661e-06,6.49182e-20,1.0464948e-06,4.7757327e-09,0.9915001
Random565
Raw:4.4686285e-10,2.9868132e-11,9.024387e-09,7.425612e-08,0.00849703,1.7759762e-06,6.4918944e-20,1.0464969e-06,4.7757696e-09,0.9915001
EFT:4.4685944e-10,2.9867844e-11,9.024334e-09,7.42557e-08,0.00849703,1.7759661e-06,6.49182e-20,1.0464948e-06,4.7757327e-09,0.9915001
Random566
Raw:4.4686113e-10,2.9867903e-11,9.024352e-09,7.425584e-08,0.00849703,1.7759728e-06,6.4918446e-20,1.0464969e-06,4.7757416e-09,0.9915001
EFT:4.4685944e-10,2.9867844e-11,9.024334e-09,7.42557e-08,0.00849703,1.7759661e-06,6.49182e-20,1.0464948e-06,4.7757327e-09,0.9915001
Random567
Raw:4.4686113e-10,2.9867903e-11,9.024334e-09,7.425584e-08,0.008496997,1.7759694e-06,6.4918446e-20,1.0464948e-06,4.7757416e-09,0.9915001
EFT:4.4685944e-10,2.9867844e-11,9.024334e-09,7.42557e-08,0.00849703,1.7759661e-06,6.49182e-20,1.0464948e-06,4.7757327e-09,0.9915001
Random568
Raw:4.4686285e-10,2.9868073e-11,9.024387e-09,7.425612e-08,0.008497062,1.7759796e-06,6.4918944e-20,1.0464988e-06,4.7757602e-09,0.9915001
EFT:4.4685944e-10,2.9867844e-11,9.024334e-09,7.42557e-08,0.00849703,1.7759661e-06,6.49182e-20,1.0464948e-06,4.7757327e-09,0.9915001
Random569
Raw:4.4686285e-10,2.9868018e-11,9.024387e-09,7.425612e-08,0.00849703,1.7759728e-06,6.491869e-20,1.0464969e-06,4.775751e-09,0.9915001
EFT:4.4685944e-10,2.9867844e-11,9.024334e-09,7.42557e-08,0.00849703,1.7759661e-06,6.49182e-20,1.0464948e-06,4.7757327e-09,0.9915001
Random570
Raw:4.4686113e-10,2.986796e-11,9.024352e-09,7.425584e-08,0.00849703,1.7759728e-06,6.4918446e-20,1.0464969e-06,4.7757416e-09,0.9915001
EFT:4.4685944e-10,2.9867844e-11,9.024334e-09,7.42557e-08,0.00849703,1.7759661e-06,6.49182e-20,1.0464948e-06,4.7757327e-09,0.9915001
Random571
Raw:4.4686113e-10,2.986796e-11,9.024352e-09,7.425584e-08,0.00849703,1.7759728e-06,6.491869e-20,1.0464969e-06,4.7757416e-09,0.9915001
EFT:4.4685944e-10,2.9867844e-11,9.024334e-09,7.42557e-08,0.00849703,1.7759661e-06,6.49182e-20,1.0464948e-06,4.7757327e-09,0.9915001
Random572
Raw:4.4686027e-10,2.9867903e-11,9.024334e-09,7.425584e-08,0.00849703,1.7759694e-06,6.4918446e-20,1.0464928e-06,4.7757416e-09,0.9915001
EFT:4.4685944e-10,2.9867844e-11,9.024334e-09,7.42557e-08,0.00849703,1.7759661e-06,6.49182e-20,1.0464948e-06,4.7757327e-09,0.9915001
Random573
Raw:4.4686113e-10,2.9867792e-11,9.024317e-09,7.425584e-08,0.008496997,1.7759661e-06,6.491795e-20,1.0464928e-06,4.7757234e-09,0.9915001
EFT:4.4685944e-10,2.9867844e-11,9.024334e-09,7.42557e-08,0.00849703,1.7759661e-06,6.49182e-20,1.0464948e-06,4.7757327e-09,0.9915001
Random574
Raw:4.4686027e-10,2.9867903e-11,9.024317e-09,7.425584e-08,0.00849703,1.7759661e-06,6.4918446e-20,1.0464948e-06,4.7757416e-09,0.9915001
EFT:4.4685944e-10,2.9867844e-11,9.024334e-09,7.42557e-08,0.00849703,1.7759661e-06,6.49182e-20,1.0464948e-06,4.7757327e-09,0.9915001
Random575
Raw:4.4686285e-10,2.986796e-11,9.024369e-09,7.425584e-08,0.008496997,1.7759728e-06,6.491869e-20,1.0464969e-06,4.775751e-09,0.9915001
EFT:4.4685944e-10,2.9867844e-11,9.024334e-09,7.42557e-08,0.00849703,1.7759661e-06,6.49182e-20,1.0464948e-06,4.7757327e-09,0.9915001
Random576
Raw:4.46862e-10,2.986796e-11,9.024352e-09,7.425598e-08,0.008497062,1.7759762e-06,6.491869e-20,1.0464969e-06,4.7757416e-09,0.9915001
EFT:4.4685944e-10,2.9867844e-11,9.024334e-09,7.42557e-08,0.00849703,1.7759661e-06,6.49182e-20,1.0464948e-06,4.7757327e-09,0.9915001
Random577
Raw:4.4686113e-10,2.9867844e-11,9.024352e-09,7.425584e-08,0.00849703,1.7759728e-06,6.4918446e-20,1.0464948e-06,4.7757416e-09,0.9915001
EFT:4.4685944e-10,2.9867844e-11,9.024334e-09,7.42557e-08,0.00849703,1.7759661e-06,6.49182e-20,1.0464948e-06,4.7757327e-09,0.9915001
Random578
Raw:4.4686113e-10,2.9867903e-11,9.024352e-09,7.425584e-08,0.008496997,1.7759694e-06,6.4918446e-20,1.0464969e-06,4.7757234e-09,0.9915001
EFT:4.4685944e-10,2.9867844e-11,9.024334e-09,7.42557e-08,0.00849703,1.7759661e-06,6.49182e-20,1.0464948e-06,4.7757327e-09,0.9915001
Random579
Raw:4.4686285e-10,2.9868073e-11,9.024387e-09,7.425598e-08,0.008497062,1.7759728e-06,6.4918944e-20,1.0465008e-06,4.7757416e-09,0.9915001
EFT:4.4685944e-10,2.9867844e-11,9.024334e-09,7.42557e-08,0.00849703,1.7759661e-06,6.49182e-20,1.0464948e-06,4.7757327e-09,0.9915001
Random580
Raw:4.46862e-10,2.986796e-11,9.024352e-09,7.425598e-08,0.00849703,1.7759728e-06,6.491869e-20,1.0464988e-06,4.775751e-09,0.9915001
EFT:4.4685944e-10,2.9867844e-11,9.024334e-09,7.42557e-08,0.00849703,1.7759661e-06,6.49182e-20,1.0464948e-06,4.7757327e-09,0.9915001
Random581
Raw:4.4686368e-10,2.9868073e-11,9.024387e-09,7.425612e-08,0.00849703,1.7759762e-06,6.4918944e-20,1.0465008e-06,4.7757602e-09,0.9915001
EFT:4.4685944e-10,2.9867844e-11,9.024334e-09,7.42557e-08,0.00849703,1.7759661e-06,6.49182e-20,1.0464948e-06,4.7757327e-09,0.9915001
Random582
Raw:4.4686455e-10,2.9868073e-11,9.024404e-09,7.425612e-08,0.00849703,1.7759796e-06,6.491919e-20,1.0465008e-06,4.7757696e-09,0.9915001
EFT:4.4685944e-10,2.9867844e-11,9.024334e-09,7.42557e-08,0.00849703,1.7759661e-06,6.49182e-20,1.0464948e-06,4.7757327e-09,0.9915001
Random583
Raw:4.4686285e-10,2.986796e-11,9.024369e-09,7.425612e-08,0.00849703,1.7759762e-06,6.491869e-20,1.0464988e-06,4.7757416e-09,0.9915001
EFT:4.4685944e-10,2.9867844e-11,9.024334e-09,7.42557e-08,0.00849703,1.7759661e-06,6.49182e-20,1.0464948e-06,4.7757327e-09,0.9915001
Random584
Raw:4.4686027e-10,2.9867844e-11,9.024317e-09,7.425556e-08,0.00849703,1.7759661e-06,6.49182e-20,1.0464948e-06,4.7757234e-09,0.9915001
EFT:4.4685944e-10,2.9867844e-11,9.024334e-09,7.42557e-08,0.00849703,1.7759661e-06,6.49182e-20,1.0464948e-06,4.7757327e-09,0.9915001
Random585
Raw:4.4686285e-10,2.9868073e-11,9.024387e-09,7.425612e-08,0.008497062,1.7759762e-06,6.4918944e-20,1.0465008e-06,4.775751e-09,0.9915001
EFT:4.4685944e-10,2.9867844e-11,9.024334e-09,7.42557e-08,0.00849703,1.7759661e-06,6.49182e-20,1.0464948e-06,4.7757327e-09,0.9915001
Random586
Raw:4.4686368e-10,2.9868073e-11,9.024387e-09,7.425612e-08,0.00849703,1.7759762e-06,6.4918944e-20,1.0465008e-06,4.7757602e-09,0.9915001
EFT:4.4685944e-10,2.9867844e-11,9.024334e-09,7.42557e-08,0.00849703,1.7759661e-06,6.49182e-20,1.0464948e-06,4.7757327e-09,0.9915001
Random587
Raw:4.4686113e-10,2.9867903e-11,9.024352e-09,7.425584e-08,0.00849703,1.7759728e-06,6.491869e-20,1.0464948e-06,4.7757416e-09,0.9915001
EFT:4.4685944e-10,2.9867844e-11,9.024334e-09,7.42557e-08,0.00849703,1.7759661e-06,6.49182e-20,1.0464948e-06,4.7757327e-09,0.9915001
Random588
Raw:4.4686113e-10,2.986796e-11,9.024352e-09,7.425584e-08,0.008496997,1.7759728e-06,6.491869e-20,1.0464948e-06,4.7757416e-09,0.9915001
EFT:4.4685944e-10,2.9867844e-11,9.024334e-09,7.42557e-08,0.00849703,1.7759661e-06,6.49182e-20,1.0464948e-06,4.7757327e-09,0.9915001
Random589
Raw:4.4685944e-10,2.9867792e-11,9.024317e-09,7.425556e-08,0.00849703,1.7759661e-06,6.491795e-20,1.0464928e-06,4.7757234e-09,0.9915001
EFT:4.4685944e-10,2.9867844e-11,9.024334e-09,7.42557e-08,0.00849703,1.7759661e-06,6.49182e-20,1.0464948e-06,4.7757327e-09,0.9915001
Random590
Raw:4.4686285e-10,2.9868073e-11,9.024387e-09,7.425612e-08,0.00849703,1.7759762e-06,6.491869e-20,1.0464969e-06,4.775778e-09,0.9915001
EFT:4.4685944e-10,2.9867844e-11,9.024334e-09,7.42557e-08,0.00849703,1.7759661e-06,6.49182e-20,1.0464948e-06,4.7757327e-09,0.9915001
Random591
Raw:4.4686368e-10,2.9868132e-11,9.024404e-09,7.425626e-08,0.008497062,1.7759762e-06,6.4918944e-20,1.0465008e-06,4.7757602e-09,0.9915001
EFT:4.4685944e-10,2.9867844e-11,9.024334e-09,7.42557e-08,0.00849703,1.7759661e-06,6.49182e-20,1.0464948e-06,4.7757327e-09,0.9915001
Random592
Raw:4.4686455e-10,2.986819e-11,9.02442e-09,7.4256405e-08,0.008497062,1.7759796e-06,6.4918944e-20,1.0465008e-06,4.775778e-09,0.9915001
EFT:4.4685944e-10,2.9867844e-11,9.024334e-09,7.42557e-08,0.00849703,1.7759661e-06,6.49182e-20,1.0464948e-06,4.7757327e-09,0.9915001
Random593
Raw:4.4686368e-10,2.9868073e-11,9.024387e-09,7.425612e-08,0.008497062,1.7759796e-06,6.4918944e-20,1.0465008e-06,4.7757602e-09,0.9915001
EFT:4.4685944e-10,2.9867844e-11,9.024334e-09,7.42557e-08,0.00849703,1.7759661e-06,6.49182e-20,1.0464948e-06,4.7757327e-09,0.9915001
Random594
Raw:4.4686285e-10,2.9868018e-11,9.024387e-09,7.425612e-08,0.00849703,1.7759728e-06,6.491869e-20,1.0464988e-06,4.775751e-09,0.9915001
EFT:4.4685944e-10,2.9867844e-11,9.024334e-09,7.42557e-08,0.00849703,1.7759661e-06,6.49182e-20,1.0464948e-06,4.7757327e-09,0.9915001
Random595
Raw:4.4686285e-10,2.9868018e-11,9.024369e-09,7.425612e-08,0.00849703,1.7759728e-06,6.491869e-20,1.0464969e-06,4.7757602e-09,0.9915001
EFT:4.4685944e-10,2.9867844e-11,9.024334e-09,7.42557e-08,0.00849703,1.7759661e-06,6.49182e-20,1.0464948e-06,4.7757327e-09,0.9915001
Random596
Raw:4.46862e-10,2.9867903e-11,9.024352e-09,7.425612e-08,0.00849703,1.7759728e-06,6.4918446e-20,1.0464969e-06,4.7757602e-09,0.9915001
EFT:4.4685944e-10,2.9867844e-11,9.024334e-09,7.42557e-08,0.00849703,1.7759661e-06,6.49182e-20,1.0464948e-06,4.7757327e-09,0.9915001
Random597
Raw:4.4685944e-10,2.9867844e-11,9.024317e-09,7.42557e-08,0.00849703,1.7759661e-06,6.49182e-20,1.0464928e-06,4.7757416e-09,0.9915001
EFT:4.4685944e-10,2.9867844e-11,9.024334e-09,7.42557e-08,0.00849703,1.7759661e-06,6.49182e-20,1.0464948e-06,4.7757327e-09,0.9915001
Random598
Raw:4.46862e-10,2.986796e-11,9.024352e-09,7.425584e-08,0.008497062,1.7759728e-06,6.491869e-20,1.0464988e-06,4.7757327e-09,0.9915001
EFT:4.4685944e-10,2.9867844e-11,9.024334e-09,7.42557e-08,0.00849703,1.7759661e-06,6.49182e-20,1.0464948e-06,4.7757327e-09,0.9915001
Random599
Raw:4.4686113e-10,2.986796e-11,9.024352e-09,7.425584e-08,0.00849703,1.7759728e-06,6.491869e-20,1.0464928e-06,4.7757416e-09,0.9915001
EFT:4.4685944e-10,2.9867844e-11,9.024334e-09,7.42557e-08,0.00849703,1.7759661e-06,6.49182e-20,1.0464948e-06,4.7757327e-09,0.9915001
Random600
Raw:4.4686455e-10,2.9868132e-11,9.024387e-09,7.425612e-08,0.008497062,1.7759796e-06,6.491919e-20,1.0465028e-06,4.775751e-09,0.9915001
EFT:4.4685944e-10,2.9867844e-11,9.024334e-09,7.42557e-08,0.00849703,1.7759661e-06,6.49182e-20,1.0464948e-06,4.7757327e-09,0.9915001
Random601
Raw:4.4686368e-10,2.9868073e-11,9.024387e-09,7.425626e-08,0.00849703,1.7759796e-06,6.491869e-20,1.0465008e-06,4.7757602e-09,0.9915001
EFT:4.4685944e-10,2.9867844e-11,9.024334e-09,7.42557e-08,0.00849703,1.7759661e-06,6.49182e-20,1.0464948e-06,4.7757327e-09,0.9915001
Random602
Raw:4.4686285e-10,2.9868073e-11,9.024387e-09,7.425612e-08,0.00849703,1.7759762e-06,6.4918944e-20,1.0464988e-06,4.7757602e-09,0.9915001
EFT:4.4685944e-10,2.9867844e-11,9.024334e-09,7.42557e-08,0.00849703,1.7759661e-06,6.49182e-20,1.0464948e-06,4.7757327e-09,0.9915001
Random603
Raw:4.4686285e-10,2.9868018e-11,9.024369e-09,7.425612e-08,0.008497062,1.7759762e-06,6.491869e-20,1.0465008e-06,4.775751e-09,0.9915001
EFT:4.4685944e-10,2.9867844e-11,9.024334e-09,7.42557e-08,0.00849703,1.7759661e-06,6.49182e-20,1.0464948e-06,4.7757327e-09,0.9915001
Random604
Raw:4.4686285e-10,2.9868073e-11,9.024387e-09,7.425598e-08,0.00849703,1.7759728e-06,6.491869e-20,1.0464969e-06,4.7757602e-09,0.9915001
EFT:4.4685944e-10,2.9867844e-11,9.024334e-09,7.42557e-08,0.00849703,1.7759661e-06,6.49182e-20,1.0464948e-06,4.7757327e-09,0.9915001
Random605
Raw:4.4686113e-10,2.9867844e-11,9.024352e-09,7.425584e-08,0.008497062,1.7759694e-06,6.49182e-20,1.0464969e-06,4.7757327e-09,0.9915001
EFT:4.4685944e-10,2.9867844e-11,9.024334e-09,7.42557e-08,0.00849703,1.7759661e-06,6.49182e-20,1.0464948e-06,4.7757327e-09,0.9915001
Random606
Raw:4.4686113e-10,2.986796e-11,9.024352e-09,7.425598e-08,0.008497062,1.7759728e-06,6.4918446e-20,1.0464988e-06,4.7757416e-09,0.9915001
EFT:4.4685944e-10,2.9867844e-11,9.024334e-09,7.42557e-08,0.00849703,1.7759661e-06,6.49182e-20,1.0464948e-06,4.7757327e-09,0.9915001
Random607
Raw:4.4686285e-10,2.9868073e-11,9.024387e-09,7.425612e-08,0.00849703,1.7759762e-06,6.491869e-20,1.0465008e-06,4.7757602e-09,0.9915001
EFT:4.4685944e-10,2.9867844e-11,9.024334e-09,7.42557e-08,0.00849703,1.7759661e-06,6.49182e-20,1.0464948e-06,4.7757327e-09,0.9915001
Random608
Raw:4.4686113e-10,2.986796e-11,9.024352e-09,7.425584e-08,0.008497062,1.7759694e-06,6.491869e-20,1.0464969e-06,4.7757416e-09,0.9915001
EFT:4.4685944e-10,2.9867844e-11,9.024334e-09,7.42557e-08,0.00849703,1.7759661e-06,6.49182e-20,1.0464948e-06,4.7757327e-09,0.9915001
Random609
Raw:4.46862e-10,2.9868018e-11,9.024352e-09,7.425584e-08,0.008497062,1.7759728e-06,6.4918944e-20,1.0464988e-06,4.7757416e-09,0.9915001
EFT:4.4685944e-10,2.9867844e-11,9.024334e-09,7.42557e-08,0.00849703,1.7759661e-06,6.49182e-20,1.0464948e-06,4.7757327e-09,0.9915001
Random610
Raw:4.4686113e-10,2.9867903e-11,9.024352e-09,7.425584e-08,0.00849703,1.7759694e-06,6.491869e-20,1.0464928e-06,4.7757602e-09,0.9915001
EFT:4.4685944e-10,2.9867844e-11,9.024334e-09,7.42557e-08,0.00849703,1.7759661e-06,6.49182e-20,1.0464948e-06,4.7757327e-09,0.9915001
Random611
Raw:4.4686113e-10,2.9867844e-11,9.024352e-09,7.425598e-08,0.008497062,1.7759728e-06,6.49182e-20,1.0464969e-06,4.7757416e-09,0.9915001
EFT:4.4685944e-10,2.9867844e-11,9.024334e-09,7.42557e-08,0.00849703,1.7759661e-06,6.49182e-20,1.0464948e-06,4.7757327e-09,0.9915001
Random612
Raw:4.4686285e-10,2.9868073e-11,9.024387e-09,7.425598e-08,0.00849703,1.7759728e-06,6.4918944e-20,1.0464969e-06,4.7757602e-09,0.9915001
EFT:4.4685944e-10,2.9867844e-11,9.024334e-09,7.42557e-08,0.00849703,1.7759661e-06,6.49182e-20,1.0464948e-06,4.7757327e-09,0.9915001
Random613
Raw:4.4686285e-10,2.9868018e-11,9.024369e-09,7.425612e-08,0.00849703,1.7759762e-06,6.491869e-20,1.0465008e-06,4.775751e-09,0.9915001
EFT:4.4685944e-10,2.9867844e-11,9.024334e-09,7.42557e-08,0.00849703,1.7759661e-06,6.49182e-20,1.0464948e-06,4.7757327e-09,0.9915001
Random614
Raw:4.4686113e-10,2.986796e-11,9.024352e-09,7.425584e-08,0.008497062,1.7759661e-06,6.491869e-20,1.0464969e-06,4.7757327e-09,0.9915001
EFT:4.4685944e-10,2.9867844e-11,9.024334e-09,7.42557e-08,0.00849703,1.7759661e-06,6.49182e-20,1.0464948e-06,4.7757327e-09,0.9915001
Random615
Raw:4.46862e-10,2.986796e-11,9.024352e-09,7.425584e-08,0.008496997,1.7759728e-06,6.491869e-20,1.0464969e-06,4.7757416e-09,0.9915001
EFT:4.4685944e-10,2.9867844e-11,9.024334e-09,7.42557e-08,0.00849703,1.7759661e-06,6.49182e-20,1.0464948e-06,4.7757327e-09,0.9915001
Random616
Raw:4.4685944e-10,2.9867792e-11,9.0243e-09,7.425556e-08,0.00849703,1.7759661e-06,6.49182e-20,1.0464909e-06,4.7757234e-09,0.9915001
EFT:4.4685944e-10,2.9867844e-11,9.024334e-09,7.42557e-08,0.00849703,1.7759661e-06,6.49182e-20,1.0464948e-06,4.7757327e-09,0.9915001
Random617
Raw:4.4686113e-10,2.986796e-11,9.024352e-09,7.42557e-08,0.00849703,1.7759661e-06,6.491869e-20,1.0464969e-06,4.7757327e-09,0.9915001
EFT:4.4685944e-10,2.9867844e-11,9.024334e-09,7.42557e-08,0.00849703,1.7759661e-06,6.49182e-20,1.0464948e-06,4.7757327e-09,0.9915001
Random618
Raw:4.4685944e-10,2.9867844e-11,9.024317e-09,7.425556e-08,0.00849703,1.7759661e-06,6.4918446e-20,1.0464928e-06,4.7757234e-09,0.9915001
EFT:4.4685944e-10,2.9867844e-11,9.024334e-09,7.42557e-08,0.00849703,1.7759661e-06,6.49182e-20,1.0464948e-06,4.7757327e-09,0.9915001
Random619
Raw:4.4686285e-10,2.9868018e-11,9.024369e-09,7.425612e-08,0.00849703,1.7759762e-06,6.491869e-20,1.0464969e-06,4.7757602e-09,0.9915001
EFT:4.4685944e-10,2.9867844e-11,9.024334e-09,7.42557e-08,0.00849703,1.7759661e-06,6.49182e-20,1.0464948e-06,4.7757327e-09,0.9915001
Random620
Raw:4.4686285e-10,2.986796e-11,9.024352e-09,7.425612e-08,0.008497062,1.7759762e-06,6.49182e-20,1.0465008e-06,4.7757327e-09,0.9915001
EFT:4.4685944e-10,2.9867844e-11,9.024334e-09,7.42557e-08,0.00849703,1.7759661e-06,6.49182e-20,1.0464948e-06,4.7757327e-09,0.9915001
Random621
Raw:4.46862e-10,2.986796e-11,9.024352e-09,7.425584e-08,0.008497062,1.7759728e-06,6.491869e-20,1.0464969e-06,4.7757416e-09,0.9915001
EFT:4.4685944e-10,2.9867844e-11,9.024334e-09,7.42557e-08,0.00849703,1.7759661e-06,6.49182e-20,1.0464948e-06,4.7757327e-09,0.9915001
Random622
Raw:4.4686113e-10,2.9867903e-11,9.024334e-09,7.425584e-08,0.008496997,1.7759694e-06,6.4918446e-20,1.0464928e-06,4.7757416e-09,0.9915001
EFT:4.4685944e-10,2.9867844e-11,9.024334e-09,7.42557e-08,0.00849703,1.7759661e-06,6.49182e-20,1.0464948e-06,4.7757327e-09,0.9915001
Random623
Raw:4.4686113e-10,2.986796e-11,9.024334e-09,7.425584e-08,0.00849703,1.7759694e-06,6.4918446e-20,1.0464928e-06,4.7757416e-09,0.9915001
EFT:4.4685944e-10,2.9867844e-11,9.024334e-09,7.42557e-08,0.00849703,1.7759661e-06,6.49182e-20,1.0464948e-06,4.7757327e-09,0.9915001
Random624
Raw:4.4686455e-10,2.986819e-11,9.02442e-09,7.425626e-08,0.008497062,1.7759796e-06,6.4918944e-20,1.0465048e-06,4.7757602e-09,0.9915001
EFT:4.4685944e-10,2.9867844e-11,9.024334e-09,7.42557e-08,0.00849703,1.7759661e-06,6.49182e-20,1.0464948e-06,4.7757327e-09,0.9915001
Random625
Raw:4.4686113e-10,2.9867903e-11,9.024352e-09,7.425584e-08,0.00849703,1.7759728e-06,6.4918446e-20,1.0464948e-06,4.7757416e-09,0.9915001
EFT:4.4685944e-10,2.9867844e-11,9.024334e-09,7.42557e-08,0.00849703,1.7759661e-06,6.49182e-20,1.0464948e-06,4.7757327e-09,0.9915001
Random626
Raw:4.4686285e-10,2.9868073e-11,9.024387e-09,7.425598e-08,0.008497062,1.7759762e-06,6.4918944e-20,1.0465008e-06,4.7757602e-09,0.9915001
EFT:4.4685944e-10,2.9867844e-11,9.024334e-09,7.42557e-08,0.00849703,1.7759661e-06,6.49182e-20,1.0464948e-06,4.7757327e-09,0.9915001
Random627
Raw:4.4686027e-10,2.9867792e-11,9.024317e-09,7.425584e-08,0.00849703,1.7759694e-06,6.491795e-20,1.0464928e-06,4.7757327e-09,0.9915001
EFT:4.4685944e-10,2.9867844e-11,9.024334e-09,7.42557e-08,0.00849703,1.7759661e-06,6.49182e-20,1.0464948e-06,4.7757327e-09,0.9915001
Random628
Raw:4.4686368e-10,2.9868073e-11,9.024387e-09,7.425626e-08,0.008497062,1.7759796e-06,6.4918944e-20,1.0465008e-06,4.7757602e-09,0.9915001
EFT:4.4685944e-10,2.9867844e-11,9.024334e-09,7.42557e-08,0.00849703,1.7759661e-06,6.49182e-20,1.0464948e-06,4.7757327e-09,0.9915001
Random629
Raw:4.4686113e-10,2.9867844e-11,9.024334e-09,7.425584e-08,0.008497062,1.7759694e-06,6.49182e-20,1.0464969e-06,4.7757145e-09,0.9915001
EFT:4.4685944e-10,2.9867844e-11,9.024334e-09,7.42557e-08,0.00849703,1.7759661e-06,6.49182e-20,1.0464948e-06,4.7757327e-09,0.9915001
Random630
Raw:4.4686113e-10,2.986796e-11,9.024352e-09,7.425584e-08,0.008497062,1.7759728e-06,6.4918446e-20,1.0464969e-06,4.7757416e-09,0.9915001
EFT:4.4685944e-10,2.9867844e-11,9.024334e-09,7.42557e-08,0.00849703,1.7759661e-06,6.49182e-20,1.0464948e-06,4.7757327e-09,0.9915001
Random631
Raw:4.4686113e-10,2.986796e-11,9.024334e-09,7.425584e-08,0.008496997,1.7759661e-06,6.4918446e-20,1.0464928e-06,4.7757416e-09,0.9915001
EFT:4.4685944e-10,2.9867844e-11,9.024334e-09,7.42557e-08,0.00849703,1.7759661e-06,6.49182e-20,1.0464948e-06,4.7757327e-09,0.9915001
Random632
Raw:4.4686285e-10,2.9868132e-11,9.024387e-09,7.425612e-08,0.00849703,1.7759762e-06,6.4918944e-20,1.0465008e-06,4.775751e-09,0.9915001
EFT:4.4685944e-10,2.9867844e-11,9.024334e-09,7.42557e-08,0.00849703,1.7759661e-06,6.49182e-20,1.0464948e-06,4.7757327e-09,0.9915001
Random633
Raw:4.4686285e-10,2.9868073e-11,9.024387e-09,7.425612e-08,0.00849703,1.7759728e-06,6.4918944e-20,1.0465008e-06,4.7757602e-09,0.9915001
EFT:4.4685944e-10,2.9867844e-11,9.024334e-09,7.42557e-08,0.00849703,1.7759661e-06,6.49182e-20,1.0464948e-06,4.7757327e-09,0.9915001
Random634
Raw:4.4686285e-10,2.9868073e-11,9.024387e-09,7.425612e-08,0.00849703,1.7759762e-06,6.491869e-20,1.0465008e-06,4.7757602e-09,0.9915001
EFT:4.4685944e-10,2.9867844e-11,9.024334e-09,7.42557e-08,0.00849703,1.7759661e-06,6.49182e-20,1.0464948e-06,4.7757327e-09,0.9915001
Random635
Raw:4.4686113e-10,2.9867903e-11,9.024352e-09,7.425584e-08,0.00849703,1.7759728e-06,6.491869e-20,1.0464948e-06,4.7757416e-09,0.9915001
EFT:4.4685944e-10,2.9867844e-11,9.024334e-09,7.42557e-08,0.00849703,1.7759661e-06,6.49182e-20,1.0464948e-06,4.7757327e-09,0.9915001
Random636
Raw:4.4686285e-10,2.9868132e-11,9.024387e-09,7.425612e-08,0.008497062,1.7759796e-06,6.4918944e-20,1.0465008e-06,4.7757602e-09,0.9915001
EFT:4.4685944e-10,2.9867844e-11,9.024334e-09,7.42557e-08,0.00849703,1.7759661e-06,6.49182e-20,1.0464948e-06,4.7757327e-09,0.9915001
Random637
Raw:4.46862e-10,2.986796e-11,9.024352e-09,7.425584e-08,0.00849703,1.7759762e-06,6.4918446e-20,1.0464969e-06,4.7757416e-09,0.9915001
EFT:4.4685944e-10,2.9867844e-11,9.024334e-09,7.42557e-08,0.00849703,1.7759661e-06,6.49182e-20,1.0464948e-06,4.7757327e-09,0.9915001
Random638
Raw:4.4686113e-10,2.986796e-11,9.024352e-09,7.425584e-08,0.00849703,1.7759728e-06,6.491869e-20,1.0464969e-06,4.7757416e-09,0.9915001
EFT:4.4685944e-10,2.9867844e-11,9.024334e-09,7.42557e-08,0.00849703,1.7759661e-06,6.49182e-20,1.0464948e-06,4.7757327e-09,0.9915001
Random639
Raw:4.4686113e-10,2.986796e-11,9.024352e-09,7.425584e-08,0.008497062,1.7759728e-06,6.4918446e-20,1.0464969e-06,4.7757416e-09,0.9915001
EFT:4.4685944e-10,2.9867844e-11,9.024334e-09,7.42557e-08,0.00849703,1.7759661e-06,6.49182e-20,1.0464948e-06,4.7757327e-09,0.9915001
Random640
Raw:4.4686285e-10,2.9868073e-11,9.024387e-09,7.425612e-08,0.00849703,1.7759728e-06,6.491869e-20,1.0464988e-06,4.7757602e-09,0.9915001
EFT:4.4685944e-10,2.9867844e-11,9.024334e-09,7.42557e-08,0.00849703,1.7759661e-06,6.49182e-20,1.0464948e-06,4.7757327e-09,0.9915001
Random641
Raw:4.46862e-10,2.9868018e-11,9.024352e-09,7.425584e-08,0.00849703,1.7759728e-06,6.491869e-20,1.0464969e-06,4.7757602e-09,0.9915001
EFT:4.4685944e-10,2.9867844e-11,9.024334e-09,7.42557e-08,0.00849703,1.7759661e-06,6.49182e-20,1.0464948e-06,4.7757327e-09,0.9915001
Random642
Raw:4.4686455e-10,2.9868132e-11,9.024404e-09,7.425612e-08,0.00849703,1.7759762e-06,6.4918944e-20,1.0465028e-06,4.775751e-09,0.9915001
EFT:4.4685944e-10,2.9867844e-11,9.024334e-09,7.42557e-08,0.00849703,1.7759661e-06,6.49182e-20,1.0464948e-06,4.7757327e-09,0.9915001
Random643
Raw:4.4686455e-10,2.9868132e-11,9.024387e-09,7.425626e-08,0.008497062,1.7759762e-06,6.4918944e-20,1.0465008e-06,4.7757602e-09,0.9915001
EFT:4.4685944e-10,2.9867844e-11,9.024334e-09,7.42557e-08,0.00849703,1.7759661e-06,6.49182e-20,1.0464948e-06,4.7757327e-09,0.9915001
Random644
Raw:4.4685858e-10,2.9867733e-11,9.0243e-09,7.425556e-08,0.008496997,1.7759627e-06,6.491795e-20,1.0464909e-06,4.7757234e-09,0.9915001
EFT:4.4685944e-10,2.9867844e-11,9.024334e-09,7.42557e-08,0.00849703,1.7759661e-06,6.49182e-20,1.0464948e-06,4.7757327e-09,0.9915001
Random645
Raw:4.4686113e-10,2.9867844e-11,9.024334e-09,7.425584e-08,0.008496997,1.7759694e-06,6.49182e-20,1.0464948e-06,4.7757416e-09,0.9915001
EFT:4.4685944e-10,2.9867844e-11,9.024334e-09,7.42557e-08,0.00849703,1.7759661e-06,6.49182e-20,1.0464948e-06,4.7757327e-09,0.9915001
Random646
Raw:4.46862e-10,2.9868018e-11,9.024369e-09,7.425598e-08,0.00849703,1.7759728e-06,6.491869e-20,1.0464969e-06,4.7757416e-09,0.9915001
EFT:4.4685944e-10,2.9867844e-11,9.024334e-09,7.42557e-08,0.00849703,1.7759661e-06,6.49182e-20,1.0464948e-06,4.7757327e-09,0.9915001
Random647
Raw:4.4685944e-10,2.9867903e-11,9.024317e-09,7.425556e-08,0.00849703,1.7759627e-06,6.4918446e-20,1.0464928e-06,4.7757234e-09,0.9915001
EFT:4.4685944e-10,2.9867844e-11,9.024334e-09,7.42557e-08,0.00849703,1.7759661e-06,6.49182e-20,1.0464948e-06,4.7757327e-09,0.9915001
Random648
Raw:4.4686113e-10,2.9867844e-11,9.024317e-09,7.42557e-08,0.008496997,1.7759661e-06,6.49182e-20,1.0464948e-06,4.7757327e-09,0.9915001
EFT:4.4685944e-10,2.9867844e-11,9.024334e-09,7.42557e-08,0.00849703,1.7759661e-06,6.49182e-20,1.0464948e-06,4.7757327e-09,0.9915001
Random649
Raw:4.4686027e-10,2.9867903e-11,9.024334e-09,7.425584e-08,0.00849703,1.7759728e-06,6.4918446e-20,1.0464928e-06,4.7757416e-09,0.9915001
EFT:4.4685944e-10,2.9867844e-11,9.024334e-09,7.42557e-08,0.00849703,1.7759661e-06,6.49182e-20,1.0464948e-06,4.7757327e-09,0.9915001
Random650
Raw:4.4686368e-10,2.9868073e-11,9.024387e-09,7.425612e-08,0.00849703,1.7759762e-06,6.4918944e-20,1.0465008e-06,4.7757602e-09,0.9915001
EFT:4.4685944e-10,2.9867844e-11,9.024334e-09,7.42557e-08,0.00849703,1.7759661e-06,6.49182e-20,1.0464948e-06,4.7757327e-09,0.9915001
Random651
Raw:4.4685944e-10,2.9867844e-11,9.024334e-09,7.425556e-08,0.00849703,1.7759661e-06,6.4918446e-20,1.0464948e-06,4.7757234e-09,0.9915001
EFT:4.4685944e-10,2.9867844e-11,9.024334e-09,7.42557e-08,0.00849703,1.7759661e-06,6.49182e-20,1.0464948e-06,4.7757327e-09,0.9915001
Random652
Raw:4.4686285e-10,2.9868132e-11,9.024387e-09,7.425612e-08,0.00849703,1.7759762e-06,6.4918944e-20,1.0465008e-06,4.7757602e-09,0.9915001
EFT:4.4685944e-10,2.9867844e-11,9.024334e-09,7.42557e-08,0.00849703,1.7759661e-06,6.49182e-20,1.0464948e-06,4.7757327e-09,0.9915001
Random653
Raw:4.4685772e-10,2.9867674e-11,9.024266e-09,7.425527e-08,0.008496997,1.7759627e-06,6.49177e-20,1.0464888e-06,4.7757056e-09,0.9915001
EFT:4.4685944e-10,2.9867844e-11,9.024334e-09,7.42557e-08,0.00849703,1.7759661e-06,6.49182e-20,1.0464948e-06,4.7757327e-09,0.9915001
Random654
Raw:4.4686113e-10,2.9867903e-11,9.024334e-09,7.425584e-08,0.00849703,1.7759728e-06,6.4918446e-20,1.0464948e-06,4.7757416e-09,0.9915001
EFT:4.4685944e-10,2.9867844e-11,9.024334e-09,7.42557e-08,0.00849703,1.7759661e-06,6.49182e-20,1.0464948e-06,4.7757327e-09,0.9915001
Random655
Raw:4.4685944e-10,2.9867733e-11,9.024317e-09,7.425556e-08,0.00849703,1.7759627e-06,6.49177e-20,1.0464928e-06,4.7757145e-09,0.9915001
EFT:4.4685944e-10,2.9867844e-11,9.024334e-09,7.42557e-08,0.00849703,1.7759661e-06,6.49182e-20,1.0464948e-06,4.7757327e-09,0.9915001
Random656
Raw:4.46862e-10,2.986796e-11,9.024369e-09,7.425584e-08,0.008497062,1.7759728e-06,6.491869e-20,1.0465008e-06,4.7757416e-09,0.9915001
EFT:4.4685944e-10,2.9867844e-11,9.024334e-09,7.42557e-08,0.00849703,1.7759661e-06,6.49182e-20,1.0464948e-06,4.7757327e-09,0.9915001
Random657
Raw:4.4686285e-10,2.9868018e-11,9.024387e-09,7.425612e-08,0.00849703,1.7759728e-06,6.491869e-20,1.0464969e-06,4.7757602e-09,0.9915001
EFT:4.4685944e-10,2.9867844e-11,9.024334e-09,7.42557e-08,0.00849703,1.7759661e-06,6.49182e-20,1.0464948e-06,4.7757327e-09,0.9915001
Random658
Raw:4.4686113e-10,2.9867903e-11,9.024352e-09,7.425584e-08,0.00849703,1.7759694e-06,6.491869e-20,1.0464928e-06,4.7757416e-09,0.9915001
EFT:4.4685944e-10,2.9867844e-11,9.024334e-09,7.42557e-08,0.00849703,1.7759661e-06,6.49182e-20,1.0464948e-06,4.7757327e-09,0.9915001
Random659
Raw:4.4686113e-10,2.986796e-11,9.024352e-09,7.425584e-08,0.00849703,1.7759728e-06,6.491869e-20,1.0464969e-06,4.7757416e-09,0.9915001
EFT:4.4685944e-10,2.9867844e-11,9.024334e-09,7.42557e-08,0.00849703,1.7759661e-06,6.49182e-20,1.0464948e-06,4.7757327e-09,0.9915001
Random660
Raw:4.4686027e-10,2.9867844e-11,9.024317e-09,7.42557e-08,0.008496997,1.7759661e-06,6.49182e-20,1.0464928e-06,4.7757327e-09,0.9915001
EFT:4.4685944e-10,2.9867844e-11,9.024334e-09,7.42557e-08,0.00849703,1.7759661e-06,6.49182e-20,1.0464948e-06,4.7757327e-09,0.9915001
Random661
Raw:4.4686113e-10,2.986796e-11,9.024352e-09,7.425584e-08,0.008497062,1.7759762e-06,6.491869e-20,1.0464969e-06,4.7757416e-09,0.9915001
EFT:4.4685944e-10,2.9867844e-11,9.024334e-09,7.42557e-08,0.00849703,1.7759661e-06,6.49182e-20,1.0464948e-06,4.7757327e-09,0.9915001
Random662
Raw:4.4686285e-10,2.9868073e-11,9.024369e-09,7.425612e-08,0.008496997,1.7759728e-06,6.491869e-20,1.0464969e-06,4.7757602e-09,0.9915001
EFT:4.4685944e-10,2.9867844e-11,9.024334e-09,7.42557e-08,0.00849703,1.7759661e-06,6.49182e-20,1.0464948e-06,4.7757327e-09,0.9915001
Random663
Raw:4.46862e-10,2.9868018e-11,9.024369e-09,7.425584e-08,0.008496997,1.7759661e-06,6.491869e-20,1.0464969e-06,4.7757416e-09,0.9915001
EFT:4.4685944e-10,2.9867844e-11,9.024334e-09,7.42557e-08,0.00849703,1.7759661e-06,6.49182e-20,1.0464948e-06,4.7757327e-09,0.9915001
Random664
Raw:4.4686113e-10,2.986796e-11,9.024352e-09,7.425556e-08,0.008497062,1.7759661e-06,6.491869e-20,1.0464969e-06,4.7757234e-09,0.9915001
EFT:4.4685944e-10,2.9867844e-11,9.024334e-09,7.42557e-08,0.00849703,1.7759661e-06,6.49182e-20,1.0464948e-06,4.7757327e-09,0.9915001
Random665
Raw:4.4686285e-10,2.986796e-11,9.024369e-09,7.425598e-08,0.008496997,1.7759728e-06,6.491869e-20,1.0464969e-06,4.7757602e-09,0.9915001
EFT:4.4685944e-10,2.9867844e-11,9.024334e-09,7.42557e-08,0.00849703,1.7759661e-06,6.49182e-20,1.0464948e-06,4.7757327e-09,0.9915001
Random666
Raw:4.4686368e-10,2.9868073e-11,9.024404e-09,7.425612e-08,0.008497062,1.7759762e-06,6.4918944e-20,1.0465008e-06,4.7757696e-09,0.9915001
EFT:4.4685944e-10,2.9867844e-11,9.024334e-09,7.42557e-08,0.00849703,1.7759661e-06,6.49182e-20,1.0464948e-06,4.7757327e-09,0.9915001
Random667
Raw:4.4686285e-10,2.9868073e-11,9.024387e-09,7.425612e-08,0.008497062,1.7759796e-06,6.4918944e-20,1.0464988e-06,4.7757602e-09,0.9915001
EFT:4.4685944e-10,2.9867844e-11,9.024334e-09,7.42557e-08,0.00849703,1.7759661e-06,6.49182e-20,1.0464948e-06,4.7757327e-09,0.9915001
Random668
Raw:4.4686285e-10,2.9868132e-11,9.024387e-09,7.425612e-08,0.00849703,1.7759762e-06,6.4918944e-20,1.0465008e-06,4.7757602e-09,0.9915001
EFT:4.4685944e-10,2.9867844e-11,9.024334e-09,7.42557e-08,0.00849703,1.7759661e-06,6.49182e-20,1.0464948e-06,4.7757327e-09,0.9915001
Random669
Raw:4.4686368e-10,2.9868132e-11,9.024404e-09,7.425598e-08,0.008497062,1.7759796e-06,6.491919e-20,1.0465008e-06,4.7757602e-09,0.9915001
EFT:4.4685944e-10,2.9867844e-11,9.024334e-09,7.42557e-08,0.00849703,1.7759661e-06,6.49182e-20,1.0464948e-06,4.7757327e-09,0.9915001
Random670
Raw:4.4686113e-10,2.9867903e-11,9.024334e-09,7.425584e-08,0.00849703,1.7759728e-06,6.4918446e-20,1.0464948e-06,4.7757416e-09,0.9915001
EFT:4.4685944e-10,2.9867844e-11,9.024334e-09,7.42557e-08,0.00849703,1.7759661e-06,6.49182e-20,1.0464948e-06,4.7757327e-09,0.9915001
Random671
Raw:4.4686285e-10,2.986796e-11,9.024369e-09,7.425584e-08,0.00849703,1.7759728e-06,6.491869e-20,1.0464969e-06,4.7757416e-09,0.9915001
EFT:4.4685944e-10,2.9867844e-11,9.024334e-09,7.42557e-08,0.00849703,1.7759661e-06,6.49182e-20,1.0464948e-06,4.7757327e-09,0.9915001
Random672
Raw:4.4686113e-10,2.9867844e-11,9.024334e-09,7.425584e-08,0.00849703,1.7759694e-06,6.49182e-20,1.0464928e-06,4.7757327e-09,0.9915001
EFT:4.4685944e-10,2.9867844e-11,9.024334e-09,7.42557e-08,0.00849703,1.7759661e-06,6.49182e-20,1.0464948e-06,4.7757327e-09,0.9915001
Random673
Raw:4.4686113e-10,2.9867903e-11,9.024352e-09,7.425584e-08,0.00849703,1.7759694e-06,6.49182e-20,1.0464948e-06,4.7757234e-09,0.9915001
EFT:4.4685944e-10,2.9867844e-11,9.024334e-09,7.42557e-08,0.00849703,1.7759661e-06,6.49182e-20,1.0464948e-06,4.7757327e-09,0.9915001
Random674
Raw:4.4686027e-10,2.9867903e-11,9.024317e-09,7.425556e-08,0.00849703,1.7759661e-06,6.4918446e-20,1.0464928e-06,4.7757234e-09,0.9915001
EFT:4.4685944e-10,2.9867844e-11,9.024334e-09,7.42557e-08,0.00849703,1.7759661e-06,6.49182e-20,1.0464948e-06,4.7757327e-09,0.9915001
Random675
Raw:4.4686113e-10,2.986796e-11,9.024352e-09,7.425584e-08,0.00849703,1.7759728e-06,6.4918446e-20,1.0464969e-06,4.7757327e-09,0.9915001
EFT:4.4685944e-10,2.9867844e-11,9.024334e-09,7.42557e-08,0.00849703,1.7759661e-06,6.49182e-20,1.0464948e-06,4.7757327e-09,0.9915001
Random676
Raw:4.4686113e-10,2.986796e-11,9.024334e-09,7.425584e-08,0.008496997,1.7759694e-06,6.4918446e-20,1.0464928e-06,4.7757416e-09,0.9915001
EFT:4.4685944e-10,2.9867844e-11,9.024334e-09,7.42557e-08,0.00849703,1.7759661e-06,6.49182e-20,1.0464948e-06,4.7757327e-09,0.9915001
Random677
Raw:4.4686027e-10,2.9867844e-11,9.024352e-09,7.42557e-08,0.00849703,1.7759728e-06,6.4918446e-20,1.0464969e-06,4.7757416e-09,0.9915001
EFT:4.4685944e-10,2.9867844e-11,9.024334e-09,7.42557e-08,0.00849703,1.7759661e-06,6.49182e-20,1.0464948e-06,4.7757327e-09,0.9915001
Random678
Raw:4.4686285e-10,2.9868132e-11,9.024387e-09,7.425612e-08,0.008497062,1.7759796e-06,6.4918944e-20,1.0464988e-06,4.7757602e-09,0.9915001
EFT:4.4685944e-10,2.9867844e-11,9.024334e-09,7.42557e-08,0.00849703,1.7759661e-06,6.49182e-20,1.0464948e-06,4.7757327e-09,0.9915001
Random679
Raw:4.4685944e-10,2.9867733e-11,9.024317e-09,7.425556e-08,0.00849703,1.7759661e-06,6.49182e-20,1.0464928e-06,4.7757234e-09,0.9915001
EFT:4.4685944e-10,2.9867844e-11,9.024334e-09,7.42557e-08,0.00849703,1.7759661e-06,6.49182e-20,1.0464948e-06,4.7757327e-09,0.9915001
Random680
Raw:4.4686027e-10,2.9867844e-11,9.024317e-09,7.42557e-08,0.008497062,1.7759694e-06,6.49182e-20,1.0464969e-06,4.7757234e-09,0.9915001
EFT:4.4685944e-10,2.9867844e-11,9.024334e-09,7.42557e-08,0.00849703,1.7759661e-06,6.49182e-20,1.0464948e-06,4.7757327e-09,0.9915001
Random681
Raw:4.46862e-10,2.986796e-11,9.024352e-09,7.425584e-08,0.008497062,1.7759728e-06,6.491869e-20,1.0464988e-06,4.7757327e-09,0.9915001
EFT:4.4685944e-10,2.9867844e-11,9.024334e-09,7.42557e-08,0.00849703,1.7759661e-06,6.49182e-20,1.0464948e-06,4.7757327e-09,0.9915001
Random682
Raw:4.4686368e-10,2.9868073e-11,9.024387e-09,7.425612e-08,0.00849703,1.7759728e-06,6.4918944e-20,1.0465008e-06,4.7757602e-09,0.9915001
EFT:4.4685944e-10,2.9867844e-11,9.024334e-09,7.42557e-08,0.00849703,1.7759661e-06,6.49182e-20,1.0464948e-06,4.7757327e-09,0.9915001
Random683
Raw:4.4686113e-10,2.9867903e-11,9.024334e-09,7.42557e-08,0.00849703,1.7759661e-06,6.491869e-20,1.0464948e-06,4.7757416e-09,0.9915001
EFT:4.4685944e-10,2.9867844e-11,9.024334e-09,7.42557e-08,0.00849703,1.7759661e-06,6.49182e-20,1.0464948e-06,4.7757327e-09,0.9915001
Random684
Raw:4.4686285e-10,2.9868018e-11,9.024369e-09,7.425584e-08,0.00849703,1.7759728e-06,6.491869e-20,1.0464969e-06,4.7757416e-09,0.9915001
EFT:4.4685944e-10,2.9867844e-11,9.024334e-09,7.42557e-08,0.00849703,1.7759661e-06,6.49182e-20,1.0464948e-06,4.7757327e-09,0.9915001
Random685
Raw:4.4686027e-10,2.9867844e-11,9.024317e-09,7.42557e-08,0.00849703,1.7759661e-06,6.4918446e-20,1.0464928e-06,4.7757234e-09,0.9915001
EFT:4.4685944e-10,2.9867844e-11,9.024334e-09,7.42557e-08,0.00849703,1.7759661e-06,6.49182e-20,1.0464948e-06,4.7757327e-09,0.9915001
Random686
Raw:4.4686027e-10,2.9867844e-11,9.024317e-09,7.425584e-08,0.00849703,1.7759661e-06,6.4918446e-20,1.0464928e-06,4.7757416e-09,0.9915001
EFT:4.4685944e-10,2.9867844e-11,9.024334e-09,7.42557e-08,0.00849703,1.7759661e-06,6.49182e-20,1.0464948e-06,4.7757327e-09,0.9915001
Random687
Raw:4.4686113e-10,2.9867903e-11,9.024352e-09,7.425584e-08,0.00849703,1.7759694e-06,6.4918446e-20,1.0464969e-06,4.7757327e-09,0.9915001
EFT:4.4685944e-10,2.9867844e-11,9.024334e-09,7.42557e-08,0.00849703,1.7759661e-06,6.49182e-20,1.0464948e-06,4.7757327e-09,0.9915001
Random688
Raw:4.4686368e-10,2.9868073e-11,9.024387e-09,7.425612e-08,0.00849703,1.7759728e-06,6.4918944e-20,1.0465008e-06,4.7757602e-09,0.9915001
EFT:4.4685944e-10,2.9867844e-11,9.024334e-09,7.42557e-08,0.00849703,1.7759661e-06,6.49182e-20,1.0464948e-06,4.7757327e-09,0.9915001
Random689
Raw:4.4686285e-10,2.986796e-11,9.024369e-09,7.425598e-08,0.00849703,1.7759728e-06,6.491869e-20,1.0464969e-06,4.7757416e-09,0.9915001
EFT:4.4685944e-10,2.9867844e-11,9.024334e-09,7.42557e-08,0.00849703,1.7759661e-06,6.49182e-20,1.0464948e-06,4.7757327e-09,0.9915001
Random690
Raw:4.4686285e-10,2.9868073e-11,9.024369e-09,7.425598e-08,0.008497062,1.7759762e-06,6.491919e-20,1.0464988e-06,4.7757602e-09,0.9915001
EFT:4.4685944e-10,2.9867844e-11,9.024334e-09,7.42557e-08,0.00849703,1.7759661e-06,6.49182e-20,1.0464948e-06,4.7757327e-09,0.9915001
Random691
Raw:4.4686027e-10,2.9867844e-11,9.024317e-09,7.42557e-08,0.00849703,1.7759694e-06,6.4918446e-20,1.0464928e-06,4.7757327e-09,0.9915001
EFT:4.4685944e-10,2.9867844e-11,9.024334e-09,7.42557e-08,0.00849703,1.7759661e-06,6.49182e-20,1.0464948e-06,4.7757327e-09,0.9915001
Random692
Raw:4.4686285e-10,2.9868018e-11,9.024369e-09,7.425598e-08,0.008497062,1.7759762e-06,6.491869e-20,1.0465008e-06,4.7757416e-09,0.9915001
EFT:4.4685944e-10,2.9867844e-11,9.024334e-09,7.42557e-08,0.00849703,1.7759661e-06,6.49182e-20,1.0464948e-06,4.7757327e-09,0.9915001
Random693
Raw:4.4686285e-10,2.9868018e-11,9.024369e-09,7.425584e-08,0.00849703,1.7759728e-06,6.4918944e-20,1.0464969e-06,4.7757416e-09,0.9915001
EFT:4.4685944e-10,2.9867844e-11,9.024334e-09,7.42557e-08,0.00849703,1.7759661e-06,6.49182e-20,1.0464948e-06,4.7757327e-09,0.9915001
Random694
Raw:4.46862e-10,2.986796e-11,9.024352e-09,7.425584e-08,0.008496997,1.7759694e-06,6.491869e-20,1.0464948e-06,4.7757416e-09,0.9915001
EFT:4.4685944e-10,2.9867844e-11,9.024334e-09,7.42557e-08,0.00849703,1.7759661e-06,6.49182e-20,1.0464948e-06,4.7757327e-09,0.9915001
Random695
Raw:4.4686285e-10,2.986796e-11,9.024369e-09,7.425612e-08,0.008496997,1.7759728e-06,6.491869e-20,1.0464969e-06,4.775751e-09,0.9915001
EFT:4.4685944e-10,2.9867844e-11,9.024334e-09,7.42557e-08,0.00849703,1.7759661e-06,6.49182e-20,1.0464948e-06,4.7757327e-09,0.9915001
Random696
Raw:4.4686113e-10,2.986796e-11,9.024352e-09,7.425584e-08,0.008496997,1.7759728e-06,6.491869e-20,1.0464948e-06,4.7757416e-09,0.9915001
EFT:4.4685944e-10,2.9867844e-11,9.024334e-09,7.42557e-08,0.00849703,1.7759661e-06,6.49182e-20,1.0464948e-06,4.7757327e-09,0.9915001
Random697
Raw:4.4686285e-10,2.986796e-11,9.024369e-09,7.425598e-08,0.008496997,1.7759728e-06,6.491869e-20,1.0464969e-06,4.775751e-09,0.9915001
EFT:4.4685944e-10,2.9867844e-11,9.024334e-09,7.42557e-08,0.00849703,1.7759661e-06,6.49182e-20,1.0464948e-06,4.7757327e-09,0.9915001
Random698
Raw:4.4686113e-10,2.986796e-11,9.024352e-09,7.425584e-08,0.00849703,1.7759728e-06,6.491869e-20,1.0464969e-06,4.7757416e-09,0.9915001
EFT:4.4685944e-10,2.9867844e-11,9.024334e-09,7.42557e-08,0.00849703,1.7759661e-06,6.49182e-20,1.0464948e-06,4.7757327e-09,0.9915001
Random699
Raw:4.4686368e-10,2.9868132e-11,9.024387e-09,7.425612e-08,0.008497062,1.7759762e-06,6.4918944e-20,1.0465008e-06,4.7757602e-09,0.9915001
EFT:4.4685944e-10,2.9867844e-11,9.024334e-09,7.42557e-08,0.00849703,1.7759661e-06,6.49182e-20,1.0464948e-06,4.7757327e-09,0.9915001
Random700
Raw:4.4686285e-10,2.9868073e-11,9.024387e-09,7.425598e-08,0.008497062,1.7759728e-06,6.4918944e-20,1.0465008e-06,4.775751e-09,0.9915001
EFT:4.4685944e-10,2.9867844e-11,9.024334e-09,7.42557e-08,0.00849703,1.7759661e-06,6.49182e-20,1.0464948e-06,4.7757327e-09,0.9915001
Random701
Raw:4.4686113e-10,2.9867844e-11,9.024334e-09,7.425584e-08,0.00849703,1.7759661e-06,6.49182e-20,1.0464969e-06,4.7757234e-09,0.9915001
EFT:4.4685944e-10,2.9867844e-11,9.024334e-09,7.42557e-08,0.00849703,1.7759661e-06,6.49182e-20,1.0464948e-06,4.7757327e-09,0.9915001
Random702
Raw:4.46862e-10,2.986796e-11,9.024352e-09,7.425584e-08,0.00849703,1.7759728e-06,6.491869e-20,1.0464969e-06,4.7757416e-09,0.9915001
EFT:4.4685944e-10,2.9867844e-11,9.024334e-09,7.42557e-08,0.00849703,1.7759661e-06,6.49182e-20,1.0464948e-06,4.7757327e-09,0.9915001
Random703
Raw:4.4685944e-10,2.9867844e-11,9.024317e-09,7.425556e-08,0.00849703,1.7759661e-06,6.491795e-20,1.0464928e-06,4.7757234e-09,0.9915001
EFT:4.4685944e-10,2.9867844e-11,9.024334e-09,7.42557e-08,0.00849703,1.7759661e-06,6.49182e-20,1.0464948e-06,4.7757327e-09,0.9915001
Random704
Raw:4.4686113e-10,2.9867903e-11,9.024334e-09,7.425584e-08,0.00849703,1.7759694e-06,6.49182e-20,1.0464969e-06,4.7757327e-09,0.9915001
EFT:4.4685944e-10,2.9867844e-11,9.024334e-09,7.42557e-08,0.00849703,1.7759661e-06,6.49182e-20,1.0464948e-06,4.7757327e-09,0.9915001
Random705
Raw:4.46862e-10,2.9868018e-11,9.024352e-09,7.425584e-08,0.008497062,1.7759728e-06,6.491869e-20,1.0464969e-06,4.7757327e-09,0.9915001
EFT:4.4685944e-10,2.9867844e-11,9.024334e-09,7.42557e-08,0.00849703,1.7759661e-06,6.49182e-20,1.0464948e-06,4.7757327e-09,0.9915001
Random706
Raw:4.4686113e-10,2.986796e-11,9.024352e-09,7.425598e-08,0.00849703,1.7759728e-06,6.491869e-20,1.0464948e-06,4.7757602e-09,0.9915001
EFT:4.4685944e-10,2.9867844e-11,9.024334e-09,7.42557e-08,0.00849703,1.7759661e-06,6.49182e-20,1.0464948e-06,4.7757327e-09,0.9915001
Random707
Raw:4.4686113e-10,2.9867903e-11,9.024352e-09,7.425584e-08,0.00849703,1.7759728e-06,6.4918446e-20,1.0464969e-06,4.7757416e-09,0.9915001
EFT:4.4685944e-10,2.9867844e-11,9.024334e-09,7.42557e-08,0.00849703,1.7759661e-06,6.49182e-20,1.0464948e-06,4.7757327e-09,0.9915001
Random708
Raw:4.4686113e-10,2.986796e-11,9.024352e-09,7.425584e-08,0.008497062,1.7759728e-06,6.4918446e-20,1.0464969e-06,4.7757416e-09,0.9915001
EFT:4.4685944e-10,2.9867844e-11,9.024334e-09,7.42557e-08,0.00849703,1.7759661e-06,6.49182e-20,1.0464948e-06,4.7757327e-09,0.9915001
Random709
Raw:4.4686455e-10,2.986819e-11,9.02442e-09,7.425612e-08,0.008497062,1.7759796e-06,6.491944e-20,1.0465048e-06,4.7757602e-09,0.9915001
EFT:4.4685944e-10,2.9867844e-11,9.024334e-09,7.42557e-08,0.00849703,1.7759661e-06,6.49182e-20,1.0464948e-06,4.7757327e-09,0.9915001
Random710
Raw:4.4686113e-10,2.9867844e-11,9.024334e-09,7.425584e-08,0.00849703,1.7759694e-06,6.49182e-20,1.0464969e-06,4.7757327e-09,0.9915001
EFT:4.4685944e-10,2.9867844e-11,9.024334e-09,7.42557e-08,0.00849703,1.7759661e-06,6.49182e-20,1.0464948e-06,4.7757327e-09,0.9915001
Random711
Raw:4.4686113e-10,2.986796e-11,9.024352e-09,7.425584e-08,0.008497062,1.7759728e-06,6.4918446e-20,1.0464969e-06,4.775751e-09,0.9915001
EFT:4.4685944e-10,2.9867844e-11,9.024334e-09,7.42557e-08,0.00849703,1.7759661e-06,6.49182e-20,1.0464948e-06,4.7757327e-09,0.9915001
Random712
Raw:4.4686285e-10,2.9868073e-11,9.024369e-09,7.425584e-08,0.00849703,1.7759728e-06,6.4918944e-20,1.0464988e-06,4.7757416e-09,0.9915001
EFT:4.4685944e-10,2.9867844e-11,9.024334e-09,7.42557e-08,0.00849703,1.7759661e-06,6.49182e-20,1.0464948e-06,4.7757327e-09,0.9915001
Random713
Raw:4.4686368e-10,2.9868073e-11,9.024387e-09,7.425612e-08,0.00849703,1.7759762e-06,6.4918944e-20,1.0465008e-06,4.7757602e-09,0.9915001
EFT:4.4685944e-10,2.9867844e-11,9.024334e-09,7.42557e-08,0.00849703,1.7759661e-06,6.49182e-20,1.0464948e-06,4.7757327e-09,0.9915001
Random714
Raw:4.46862e-10,2.9867903e-11,9.024352e-09,7.425584e-08,0.00849703,1.7759728e-06,6.4918446e-20,1.0464988e-06,4.7757327e-09,0.9915001
EFT:4.4685944e-10,2.9867844e-11,9.024334e-09,7.42557e-08,0.00849703,1.7759661e-06,6.49182e-20,1.0464948e-06,4.7757327e-09,0.9915001
Random715
Raw:4.4686285e-10,2.9868073e-11,9.024387e-09,7.425612e-08,0.008497062,1.7759796e-06,6.491869e-20,1.0465008e-06,4.7757602e-09,0.9915001
EFT:4.4685944e-10,2.9867844e-11,9.024334e-09,7.42557e-08,0.00849703,1.7759661e-06,6.49182e-20,1.0464948e-06,4.7757327e-09,0.9915001
Random716
Raw:4.4685944e-10,2.9867844e-11,9.024317e-09,7.425556e-08,0.00849703,1.7759661e-06,6.4918446e-20,1.0464928e-06,4.7757234e-09,0.9915001
EFT:4.4685944e-10,2.9867844e-11,9.024334e-09,7.42557e-08,0.00849703,1.7759661e-06,6.49182e-20,1.0464948e-06,4.7757327e-09,0.9915001
Random717
Raw:4.4685944e-10,2.9867844e-11,9.024317e-09,7.425556e-08,0.00849703,1.7759661e-06,6.4918446e-20,1.0464948e-06,4.7757234e-09,0.9915001
EFT:4.4685944e-10,2.9867844e-11,9.024334e-09,7.42557e-08,0.00849703,1.7759661e-06,6.49182e-20,1.0464948e-06,4.7757327e-09,0.9915001
Random718
Raw:4.46862e-10,2.9868018e-11,9.024352e-09,7.425584e-08,0.008496997,1.7759728e-06,6.4918944e-20,1.0464969e-06,4.775751e-09,0.9915001
EFT:4.4685944e-10,2.9867844e-11,9.024334e-09,7.42557e-08,0.00849703,1.7759661e-06,6.49182e-20,1.0464948e-06,4.7757327e-09,0.9915001
Random719
Raw:4.4686113e-10,2.9867903e-11,9.024352e-09,7.425584e-08,0.008497062,1.7759694e-06,6.49182e-20,1.0464969e-06,4.7757234e-09,0.9915001
EFT:4.4685944e-10,2.9867844e-11,9.024334e-09,7.42557e-08,0.00849703,1.7759661e-06,6.49182e-20,1.0464948e-06,4.7757327e-09,0.9915001
Random720
Raw:4.4686455e-10,2.9868132e-11,9.024404e-09,7.425626e-08,0.008497062,1.7759762e-06,6.4918944e-20,1.0465008e-06,4.7757602e-09,0.9915001
EFT:4.4685944e-10,2.9867844e-11,9.024334e-09,7.42557e-08,0.00849703,1.7759661e-06,6.49182e-20,1.0464948e-06,4.7757327e-09,0.9915001
Random721
Raw:4.4686368e-10,2.9868073e-11,9.024404e-09,7.425612e-08,0.008497062,1.7759796e-06,6.4918944e-20,1.0465008e-06,4.7757602e-09,0.9915001
EFT:4.4685944e-10,2.9867844e-11,9.024334e-09,7.42557e-08,0.00849703,1.7759661e-06,6.49182e-20,1.0464948e-06,4.7757327e-09,0.9915001
Random722
Raw:4.4686285e-10,2.9868073e-11,9.024387e-09,7.425612e-08,0.008497062,1.7759762e-06,6.4918944e-20,1.0464988e-06,4.7757602e-09,0.9915001
EFT:4.4685944e-10,2.9867844e-11,9.024334e-09,7.42557e-08,0.00849703,1.7759661e-06,6.49182e-20,1.0464948e-06,4.7757327e-09,0.9915001
Random723
Raw:4.46862e-10,2.986796e-11,9.024352e-09,7.425598e-08,0.008496997,1.7759728e-06,6.4918446e-20,1.0464948e-06,4.775751e-09,0.9915001
EFT:4.4685944e-10,2.9867844e-11,9.024334e-09,7.42557e-08,0.00849703,1.7759661e-06,6.49182e-20,1.0464948e-06,4.7757327e-09,0.9915001
Random724
Raw:4.4686285e-10,2.9868132e-11,9.024387e-09,7.425612e-08,0.008497062,1.7759796e-06,6.4918944e-20,1.0465008e-06,4.7757602e-09,0.9915001
EFT:4.4685944e-10,2.9867844e-11,9.024334e-09,7.42557e-08,0.00849703,1.7759661e-06,6.49182e-20,1.0464948e-06,4.7757327e-09,0.9915001
Random725
Raw:4.4686113e-10,2.9867903e-11,9.024334e-09,7.425584e-08,0.008496997,1.7759694e-06,6.4918446e-20,1.0464928e-06,4.7757416e-09,0.9915001
EFT:4.4685944e-10,2.9867844e-11,9.024334e-09,7.42557e-08,0.00849703,1.7759661e-06,6.49182e-20,1.0464948e-06,4.7757327e-09,0.9915001
Random726
Raw:4.4686113e-10,2.9867844e-11,9.024334e-09,7.425584e-08,0.00849703,1.7759694e-06,6.4918446e-20,1.0464969e-06,4.7757234e-09,0.9915001
EFT:4.4685944e-10,2.9867844e-11,9.024334e-09,7.42557e-08,0.00849703,1.7759661e-06,6.49182e-20,1.0464948e-06,4.7757327e-09,0.9915001
Random727
Raw:4.4686113e-10,2.986796e-11,9.024352e-09,7.425584e-08,0.00849703,1.7759728e-06,6.491869e-20,1.0464969e-06,4.7757416e-09,0.9915001
EFT:4.4685944e-10,2.9867844e-11,9.024334e-09,7.42557e-08,0.00849703,1.7759661e-06,6.49182e-20,1.0464948e-06,4.7757327e-09,0.9915001
Random728
Raw:4.4686285e-10,2.9868018e-11,9.024369e-09,7.425598e-08,0.00849703,1.7759762e-06,6.491869e-20,1.0465008e-06,4.775751e-09,0.9915001
EFT:4.4685944e-10,2.9867844e-11,9.024334e-09,7.42557e-08,0.00849703,1.7759661e-06,6.49182e-20,1.0464948e-06,4.7757327e-09,0.9915001
Random729
Raw:4.4686113e-10,2.986796e-11,9.024352e-09,7.425584e-08,0.00849703,1.7759728e-06,6.4918446e-20,1.0464969e-06,4.7757416e-09,0.9915001
EFT:4.4685944e-10,2.9867844e-11,9.024334e-09,7.42557e-08,0.00849703,1.7759661e-06,6.49182e-20,1.0464948e-06,4.7757327e-09,0.9915001
Random730
Raw:4.46862e-10,2.986796e-11,9.024352e-09,7.425584e-08,0.008496997,1.7759694e-06,6.4918446e-20,1.0464969e-06,4.7757327e-09,0.9915001
EFT:4.4685944e-10,2.9867844e-11,9.024334e-09,7.42557e-08,0.00849703,1.7759661e-06,6.49182e-20,1.0464948e-06,4.7757327e-09,0.9915001
Random731
Raw:4.4686113e-10,2.986796e-11,9.024352e-09,7.425584e-08,0.008497062,1.7759728e-06,6.491869e-20,1.0464969e-06,4.7757416e-09,0.9915001
EFT:4.4685944e-10,2.9867844e-11,9.024334e-09,7.42557e-08,0.00849703,1.7759661e-06,6.49182e-20,1.0464948e-06,4.7757327e-09,0.9915001
Random732
Raw:4.4686113e-10,2.9867844e-11,9.024352e-09,7.425584e-08,0.008497062,1.7759694e-06,6.49182e-20,1.0464969e-06,4.7757416e-09,0.9915001
EFT:4.4685944e-10,2.9867844e-11,9.024334e-09,7.42557e-08,0.00849703,1.7759661e-06,6.49182e-20,1.0464948e-06,4.7757327e-09,0.9915001
Random733
Raw:4.4685858e-10,2.9867733e-11,9.024317e-09,7.425556e-08,0.00849703,1.7759661e-06,6.491795e-20,1.0464909e-06,4.7757234e-09,0.9915001
EFT:4.4685944e-10,2.9867844e-11,9.024334e-09,7.42557e-08,0.00849703,1.7759661e-06,6.49182e-20,1.0464948e-06,4.7757327e-09,0.9915001
Random734
Raw:4.4686027e-10,2.9867844e-11,9.024317e-09,7.42557e-08,0.008496997,1.7759694e-06,6.4918446e-20,1.0464928e-06,4.7757416e-09,0.9915001
EFT:4.4685944e-10,2.9867844e-11,9.024334e-09,7.42557e-08,0.00849703,1.7759661e-06,6.49182e-20,1.0464948e-06,4.7757327e-09,0.9915001
Random735
Raw:4.4686027e-10,2.9867903e-11,9.024334e-09,7.42557e-08,0.00849703,1.7759694e-06,6.4918446e-20,1.0464928e-06,4.7757327e-09,0.9915001
EFT:4.4685944e-10,2.9867844e-11,9.024334e-09,7.42557e-08,0.00849703,1.7759661e-06,6.49182e-20,1.0464948e-06,4.7757327e-09,0.9915001
Random736
Raw:4.4686285e-10,2.9868073e-11,9.024387e-09,7.425612e-08,0.00849703,1.7759728e-06,6.491869e-20,1.0464969e-06,4.7757602e-09,0.9915001
EFT:4.4685944e-10,2.9867844e-11,9.024334e-09,7.42557e-08,0.00849703,1.7759661e-06,6.49182e-20,1.0464948e-06,4.7757327e-09,0.9915001
Random737
Raw:4.4686285e-10,2.9868018e-11,9.024369e-09,7.425612e-08,0.008497062,1.7759728e-06,6.4918944e-20,1.0464988e-06,4.7757416e-09,0.9915001
EFT:4.4685944e-10,2.9867844e-11,9.024334e-09,7.42557e-08,0.00849703,1.7759661e-06,6.49182e-20,1.0464948e-06,4.7757327e-09,0.9915001
Random738
Raw:4.4685944e-10,2.9867844e-11,9.024317e-09,7.425556e-08,0.00849703,1.7759661e-06,6.49182e-20,1.0464928e-06,4.7757234e-09,0.9915001
EFT:4.4685944e-10,2.9867844e-11,9.024334e-09,7.42557e-08,0.00849703,1.7759661e-06,6.49182e-20,1.0464948e-06,4.7757327e-09,0.9915001
Random739
Raw:4.4686285e-10,2.9868018e-11,9.024387e-09,7.425612e-08,0.00849703,1.7759728e-06,6.491869e-20,1.0464969e-06,4.775751e-09,0.9915001
EFT:4.4685944e-10,2.9867844e-11,9.024334e-09,7.42557e-08,0.00849703,1.7759661e-06,6.49182e-20,1.0464948e-06,4.7757327e-09,0.9915001
Random740
Raw:4.4686113e-10,2.9867844e-11,9.024334e-09,7.425584e-08,0.00849703,1.7759694e-06,6.4918446e-20,1.0464969e-06,4.7757234e-09,0.9915001
EFT:4.4685944e-10,2.9867844e-11,9.024334e-09,7.42557e-08,0.00849703,1.7759661e-06,6.49182e-20,1.0464948e-06,4.7757327e-09,0.9915001
Random741
Raw:4.4686285e-10,2.9868073e-11,9.024387e-09,7.425598e-08,0.008497062,1.7759796e-06,6.4918944e-20,1.0465008e-06,4.7757602e-09,0.9915001
EFT:4.4685944e-10,2.9867844e-11,9.024334e-09,7.42557e-08,0.00849703,1.7759661e-06,6.49182e-20,1.0464948e-06,4.7757327e-09,0.9915001
Random742
Raw:4.4686113e-10,2.986796e-11,9.024334e-09,7.425584e-08,0.00849703,1.7759694e-06,6.491869e-20,1.0464969e-06,4.7757327e-09,0.9915001
EFT:4.4685944e-10,2.9867844e-11,9.024334e-09,7.42557e-08,0.00849703,1.7759661e-06,6.49182e-20,1.0464948e-06,4.7757327e-09,0.9915001
Random743
Raw:4.4686285e-10,2.986796e-11,9.024369e-09,7.425598e-08,0.00849703,1.7759728e-06,6.491869e-20,1.0464988e-06,4.7757416e-09,0.9915001
EFT:4.4685944e-10,2.9867844e-11,9.024334e-09,7.42557e-08,0.00849703,1.7759661e-06,6.49182e-20,1.0464948e-06,4.7757327e-09,0.9915001
Random744
Raw:4.4685944e-10,2.9867733e-11,9.024317e-09,7.425556e-08,0.008496997,1.7759627e-06,6.491795e-20,1.0464928e-06,4.7757145e-09,0.9915001
EFT:4.4685944e-10,2.9867844e-11,9.024334e-09,7.42557e-08,0.00849703,1.7759661e-06,6.49182e-20,1.0464948e-06,4.7757327e-09,0.9915001
Random745
Raw:4.4686113e-10,2.986796e-11,9.024352e-09,7.425584e-08,0.00849703,1.7759728e-06,6.491869e-20,1.0464969e-06,4.7757416e-09,0.9915001
EFT:4.4685944e-10,2.9867844e-11,9.024334e-09,7.42557e-08,0.00849703,1.7759661e-06,6.49182e-20,1.0464948e-06,4.7757327e-09,0.9915001
Random746
Raw:4.4686113e-10,2.986796e-11,9.024352e-09,7.42557e-08,0.008497062,1.7759728e-06,6.4918446e-20,1.0464969e-06,4.7757416e-09,0.9915001
EFT:4.4685944e-10,2.9867844e-11,9.024334e-09,7.42557e-08,0.00849703,1.7759661e-06,6.49182e-20,1.0464948e-06,4.7757327e-09,0.9915001
Random747
Raw:4.46862e-10,2.986796e-11,9.024352e-09,7.425584e-08,0.00849703,1.7759728e-06,6.491869e-20,1.0464969e-06,4.775751e-09,0.9915001
EFT:4.4685944e-10,2.9867844e-11,9.024334e-09,7.42557e-08,0.00849703,1.7759661e-06,6.49182e-20,1.0464948e-06,4.7757327e-09,0.9915001
Random748
Raw:4.46862e-10,2.986796e-11,9.024352e-09,7.425584e-08,0.00849703,1.7759728e-06,6.491869e-20,1.0464969e-06,4.7757416e-09,0.9915001
EFT:4.4685944e-10,2.9867844e-11,9.024334e-09,7.42557e-08,0.00849703,1.7759661e-06,6.49182e-20,1.0464948e-06,4.7757327e-09,0.9915001
Random749
Raw:4.4686285e-10,2.9868073e-11,9.024387e-09,7.425612e-08,0.008497062,1.7759762e-06,6.4918944e-20,1.0464969e-06,4.7757602e-09,0.9915001
EFT:4.4685944e-10,2.9867844e-11,9.024334e-09,7.42557e-08,0.00849703,1.7759661e-06,6.49182e-20,1.0464948e-06,4.7757327e-09,0.9915001
Random750
Raw:4.4686113e-10,2.986796e-11,9.024352e-09,7.425584e-08,0.00849703,1.7759728e-06,6.4918446e-20,1.0464969e-06,4.7757416e-09,0.9915001
EFT:4.4685944e-10,2.9867844e-11,9.024334e-09,7.42557e-08,0.00849703,1.7759661e-06,6.49182e-20,1.0464948e-06,4.7757327e-09,0.9915001
Random751
Raw:4.46862e-10,2.9868018e-11,9.024352e-09,7.425584e-08,0.008497062,1.7759728e-06,6.491869e-20,1.0464988e-06,4.7757416e-09,0.9915001
EFT:4.4685944e-10,2.9867844e-11,9.024334e-09,7.42557e-08,0.00849703,1.7759661e-06,6.49182e-20,1.0464948e-06,4.7757327e-09,0.9915001
Random752
Raw:4.4686113e-10,2.9867844e-11,9.024334e-09,7.425584e-08,0.00849703,1.7759694e-06,6.49182e-20,1.0464969e-06,4.7757416e-09,0.9915001
EFT:4.4685944e-10,2.9867844e-11,9.024334e-09,7.42557e-08,0.00849703,1.7759661e-06,6.49182e-20,1.0464948e-06,4.7757327e-09,0.9915001
Random753
Raw:4.4686285e-10,2.9868132e-11,9.024387e-09,7.425612e-08,0.008497095,1.7759762e-06,6.4918944e-20,1.0465008e-06,4.7757602e-09,0.9915001
EFT:4.4685944e-10,2.9867844e-11,9.024334e-09,7.42557e-08,0.00849703,1.7759661e-06,6.49182e-20,1.0464948e-06,4.7757327e-09,0.9915001
Random754
Raw:4.4686285e-10,2.9868073e-11,9.024387e-09,7.425612e-08,0.008497062,1.7759762e-06,6.4918944e-20,1.0465008e-06,4.7757602e-09,0.9915001
EFT:4.4685944e-10,2.9867844e-11,9.024334e-09,7.42557e-08,0.00849703,1.7759661e-06,6.49182e-20,1.0464948e-06,4.7757327e-09,0.9915001
Random755
Raw:4.4686285e-10,2.9868018e-11,9.024387e-09,7.425612e-08,0.00849703,1.7759728e-06,6.491869e-20,1.0465008e-06,4.7757602e-09,0.9915001
EFT:4.4685944e-10,2.9867844e-11,9.024334e-09,7.42557e-08,0.00849703,1.7759661e-06,6.49182e-20,1.0464948e-06,4.7757327e-09,0.9915001
Random756
Raw:4.4686027e-10,2.9867844e-11,9.024317e-09,7.42557e-08,0.00849703,1.7759661e-06,6.4918446e-20,1.0464948e-06,4.7757234e-09,0.9915001
EFT:4.4685944e-10,2.9867844e-11,9.024334e-09,7.42557e-08,0.00849703,1.7759661e-06,6.49182e-20,1.0464948e-06,4.7757327e-09,0.9915001
Random757
Raw:4.4686368e-10,2.9868073e-11,9.024387e-09,7.425612e-08,0.00849703,1.7759762e-06,6.491869e-20,1.0465008e-06,4.7757602e-09,0.9915001
EFT:4.4685944e-10,2.9867844e-11,9.024334e-09,7.42557e-08,0.00849703,1.7759661e-06,6.49182e-20,1.0464948e-06,4.7757327e-09,0.9915001
Random758
Raw:4.4686113e-10,2.986796e-11,9.024334e-09,7.425584e-08,0.00849703,1.7759728e-06,6.491869e-20,1.0464948e-06,4.7757416e-09,0.9915001
EFT:4.4685944e-10,2.9867844e-11,9.024334e-09,7.42557e-08,0.00849703,1.7759661e-06,6.49182e-20,1.0464948e-06,4.7757327e-09,0.9915001
Random759
Raw:4.4686113e-10,2.9867903e-11,9.024352e-09,7.42557e-08,0.00849703,1.7759694e-06,6.491869e-20,1.0464969e-06,4.7757234e-09,0.9915001
EFT:4.4685944e-10,2.9867844e-11,9.024334e-09,7.42557e-08,0.00849703,1.7759661e-06,6.49182e-20,1.0464948e-06,4.7757327e-09,0.9915001
Random760
Raw:4.4685858e-10,2.9867674e-11,9.0242835e-09,7.425542e-08,0.008496997,1.7759627e-06,6.491795e-20,1.0464909e-06,4.7757056e-09,0.9915001
EFT:4.4685944e-10,2.9867844e-11,9.024334e-09,7.42557e-08,0.00849703,1.7759661e-06,6.49182e-20,1.0464948e-06,4.7757327e-09,0.9915001
Random761
Raw:4.4686113e-10,2.9867844e-11,9.024317e-09,7.42557e-08,0.008496997,1.7759661e-06,6.49182e-20,1.0464948e-06,4.7757234e-09,0.9915001
EFT:4.4685944e-10,2.9867844e-11,9.024334e-09,7.42557e-08,0.00849703,1.7759661e-06,6.49182e-20,1.0464948e-06,4.7757327e-09,0.9915001
Random762
Raw:4.4686285e-10,2.9868018e-11,9.024387e-09,7.425598e-08,0.00849703,1.7759728e-06,6.491869e-20,1.0464969e-06,4.7757602e-09,0.9915001
EFT:4.4685944e-10,2.9867844e-11,9.024334e-09,7.42557e-08,0.00849703,1.7759661e-06,6.49182e-20,1.0464948e-06,4.7757327e-09,0.9915001
Random763
Raw:4.4686027e-10,2.9867844e-11,9.024334e-09,7.42557e-08,0.00849703,1.7759661e-06,6.4918446e-20,1.0464948e-06,4.7757327e-09,0.9915001
EFT:4.4685944e-10,2.9867844e-11,9.024334e-09,7.42557e-08,0.00849703,1.7759661e-06,6.49182e-20,1.0464948e-06,4.7757327e-09,0.9915001
Random764
Raw:4.4686027e-10,2.9867844e-11,9.024334e-09,7.425556e-08,0.008496997,1.7759661e-06,6.4918446e-20,1.0464928e-06,4.7757234e-09,0.9915001
EFT:4.4685944e-10,2.9867844e-11,9.024334e-09,7.42557e-08,0.00849703,1.7759661e-06,6.49182e-20,1.0464948e-06,4.7757327e-09,0.9915001
Random765
Raw:4.4686368e-10,2.9868073e-11,9.024387e-09,7.425626e-08,0.008497062,1.7759762e-06,6.491869e-20,1.0465008e-06,4.7757602e-09,0.9915001
EFT:4.4685944e-10,2.9867844e-11,9.024334e-09,7.42557e-08,0.00849703,1.7759661e-06,6.49182e-20,1.0464948e-06,4.7757327e-09,0.9915001
Random766
Raw:4.4686285e-10,2.986796e-11,9.024352e-09,7.425598e-08,0.008496997,1.7759728e-06,6.4918446e-20,1.0464969e-06,4.7757416e-09,0.9915001
EFT:4.4685944e-10,2.9867844e-11,9.024334e-09,7.42557e-08,0.00849703,1.7759661e-06,6.49182e-20,1.0464948e-06,4.7757327e-09,0.9915001
Random767
Raw:4.4686285e-10,2.986796e-11,9.024369e-09,7.425584e-08,0.00849703,1.7759728e-06,6.491869e-20,1.0464969e-06,4.7757416e-09,0.9915001
EFT:4.4685944e-10,2.9867844e-11,9.024334e-09,7.42557e-08,0.00849703,1.7759661e-06,6.49182e-20,1.0464948e-06,4.7757327e-09,0.9915001
Random768
Raw:4.4686027e-10,2.9867844e-11,9.024317e-09,7.42557e-08,0.008496997,1.7759661e-06,6.49182e-20,1.0464928e-06,4.7757234e-09,0.9915001
EFT:4.4685944e-10,2.9867844e-11,9.024334e-09,7.42557e-08,0.00849703,1.7759661e-06,6.49182e-20,1.0464948e-06,4.7757327e-09,0.9915001
Random769
Raw:4.46862e-10,2.986796e-11,9.024352e-09,7.425584e-08,0.00849703,1.7759728e-06,6.491869e-20,1.0464969e-06,4.7757416e-09,0.9915001
EFT:4.4685944e-10,2.9867844e-11,9.024334e-09,7.42557e-08,0.00849703,1.7759661e-06,6.49182e-20,1.0464948e-06,4.7757327e-09,0.9915001
Random770
Raw:4.4686455e-10,2.9868132e-11,9.024387e-09,7.425612e-08,0.008497062,1.7759762e-06,6.491919e-20,1.0465008e-06,4.7757602e-09,0.9915001
EFT:4.4685944e-10,2.9867844e-11,9.024334e-09,7.42557e-08,0.00849703,1.7759661e-06,6.49182e-20,1.0464948e-06,4.7757327e-09,0.9915001
Random771
Raw:4.4686113e-10,2.9868018e-11,9.024369e-09,7.425584e-08,0.008497062,1.7759728e-06,6.491869e-20,1.0464969e-06,4.7757416e-09,0.9915001
EFT:4.4685944e-10,2.9867844e-11,9.024334e-09,7.42557e-08,0.00849703,1.7759661e-06,6.49182e-20,1.0464948e-06,4.7757327e-09,0.9915001
Random772
Raw:4.4686113e-10,2.986796e-11,9.024352e-09,7.425598e-08,0.008497062,1.7759728e-06,6.4918446e-20,1.0464988e-06,4.7757416e-09,0.9915001
EFT:4.4685944e-10,2.9867844e-11,9.024334e-09,7.42557e-08,0.00849703,1.7759661e-06,6.49182e-20,1.0464948e-06,4.7757327e-09,0.9915001
Random773
Raw:4.4686113e-10,2.9867903e-11,9.024352e-09,7.425584e-08,0.00849703,1.7759694e-06,6.49182e-20,1.0464969e-06,4.7757416e-09,0.9915001
EFT:4.4685944e-10,2.9867844e-11,9.024334e-09,7.42557e-08,0.00849703,1.7759661e-06,6.49182e-20,1.0464948e-06,4.7757327e-09,0.9915001
Random774
Raw:4.4686113e-10,2.9867903e-11,9.024352e-09,7.425584e-08,0.00849703,1.7759694e-06,6.49182e-20,1.0464969e-06,4.7757234e-09,0.9915001
EFT:4.4685944e-10,2.9867844e-11,9.024334e-09,7.42557e-08,0.00849703,1.7759661e-06,6.49182e-20,1.0464948e-06,4.7757327e-09,0.9915001
Random775
Raw:4.46862e-10,2.986796e-11,9.024369e-09,7.425612e-08,0.008497062,1.7759762e-06,6.491869e-20,1.0464969e-06,4.7757416e-09,0.9915001
EFT:4.4685944e-10,2.9867844e-11,9.024334e-09,7.42557e-08,0.00849703,1.7759661e-06,6.49182e-20,1.0464948e-06,4.7757327e-09,0.9915001
Random776
Raw:4.4686285e-10,2.9868018e-11,9.024369e-09,7.425598e-08,0.00849703,1.7759762e-06,6.4918944e-20,1.0464988e-06,4.7757416e-09,0.9915001
EFT:4.4685944e-10,2.9867844e-11,9.024334e-09,7.42557e-08,0.00849703,1.7759661e-06,6.49182e-20,1.0464948e-06,4.7757327e-09,0.9915001
Random777
Raw:4.4686285e-10,2.9868073e-11,9.024387e-09,7.425598e-08,0.00849703,1.7759762e-06,6.4918944e-20,1.0464988e-06,4.7757602e-09,0.9915001
EFT:4.4685944e-10,2.9867844e-11,9.024334e-09,7.42557e-08,0.00849703,1.7759661e-06,6.49182e-20,1.0464948e-06,4.7757327e-09,0.9915001
Random778
Raw:4.4686285e-10,2.9868073e-11,9.024387e-09,7.425612e-08,0.008497062,1.7759762e-06,6.491869e-20,1.0465008e-06,4.7757602e-09,0.9915001
EFT:4.4685944e-10,2.9867844e-11,9.024334e-09,7.42557e-08,0.00849703,1.7759661e-06,6.49182e-20,1.0464948e-06,4.7757327e-09,0.9915001
Random779
Raw:4.4686285e-10,2.9868073e-11,9.024387e-09,7.425612e-08,0.00849703,1.7759728e-06,6.4918944e-20,1.0464969e-06,4.7757602e-09,0.9915001
EFT:4.4685944e-10,2.9867844e-11,9.024334e-09,7.42557e-08,0.00849703,1.7759661e-06,6.49182e-20,1.0464948e-06,4.7757327e-09,0.9915001
Random780
Raw:4.4686113e-10,2.9867844e-11,9.024352e-09,7.425584e-08,0.00849703,1.7759728e-06,6.4918446e-20,1.0464928e-06,4.7757416e-09,0.9915001
EFT:4.4685944e-10,2.9867844e-11,9.024334e-09,7.42557e-08,0.00849703,1.7759661e-06,6.49182e-20,1.0464948e-06,4.7757327e-09,0.9915001
Random781
Raw:4.4686113e-10,2.9867903e-11,9.024334e-09,7.42557e-08,0.00849703,1.7759694e-06,6.4918446e-20,1.0464948e-06,4.7757234e-09,0.9915001
EFT:4.4685944e-10,2.9867844e-11,9.024334e-09,7.42557e-08,0.00849703,1.7759661e-06,6.49182e-20,1.0464948e-06,4.7757327e-09,0.9915001
Random782
Raw:4.46862e-10,2.9868073e-11,9.024387e-09,7.425612e-08,0.008497062,1.7759762e-06,6.4918944e-20,1.0464969e-06,4.7757602e-09,0.9915001
EFT:4.4685944e-10,2.9867844e-11,9.024334e-09,7.42557e-08,0.00849703,1.7759661e-06,6.49182e-20,1.0464948e-06,4.7757327e-09,0.9915001
Random783
Raw:4.4685944e-10,2.9867844e-11,9.024334e-09,7.425556e-08,0.00849703,1.7759694e-06,6.4918446e-20,1.0464969e-06,4.7757234e-09,0.9915001
EFT:4.4685944e-10,2.9867844e-11,9.024334e-09,7.42557e-08,0.00849703,1.7759661e-06,6.49182e-20,1.0464948e-06,4.7757327e-09,0.9915001
Random784
Raw:4.46862e-10,2.986796e-11,9.024352e-09,7.425584e-08,0.008497062,1.7759728e-06,6.491869e-20,1.0464969e-06,4.7757416e-09,0.9915001
EFT:4.4685944e-10,2.9867844e-11,9.024334e-09,7.42557e-08,0.00849703,1.7759661e-06,6.49182e-20,1.0464948e-06,4.7757327e-09,0.9915001
Random785
Raw:4.4686027e-10,2.9867844e-11,9.024334e-09,7.42557e-08,0.00849703,1.7759694e-06,6.4918446e-20,1.0464969e-06,4.7757327e-09,0.9915001
EFT:4.4685944e-10,2.9867844e-11,9.024334e-09,7.42557e-08,0.00849703,1.7759661e-06,6.49182e-20,1.0464948e-06,4.7757327e-09,0.9915001
Random786
Raw:4.4686113e-10,2.9867903e-11,9.024352e-09,7.425584e-08,0.00849703,1.7759728e-06,6.4918446e-20,1.0464928e-06,4.7757416e-09,0.9915001
EFT:4.4685944e-10,2.9867844e-11,9.024334e-09,7.42557e-08,0.00849703,1.7759661e-06,6.49182e-20,1.0464948e-06,4.7757327e-09,0.9915001
Random787
Raw:4.46862e-10,2.9868018e-11,9.024369e-09,7.425584e-08,0.00849703,1.7759728e-06,6.4918944e-20,1.0464969e-06,4.7757416e-09,0.9915001
EFT:4.4685944e-10,2.9867844e-11,9.024334e-09,7.42557e-08,0.00849703,1.7759661e-06,6.49182e-20,1.0464948e-06,4.7757327e-09,0.9915001
Random788
Raw:4.4686113e-10,2.986796e-11,9.024352e-09,7.425584e-08,0.008497062,1.7759694e-06,6.491869e-20,1.0464948e-06,4.7757416e-09,0.9915001
EFT:4.4685944e-10,2.9867844e-11,9.024334e-09,7.42557e-08,0.00849703,1.7759661e-06,6.49182e-20,1.0464948e-06,4.7757327e-09,0.9915001
Random789
Raw:4.46862e-10,2.986796e-11,9.024352e-09,7.425598e-08,0.008497062,1.7759762e-06,6.491869e-20,1.0464969e-06,4.7757416e-09,0.9915001
EFT:4.4685944e-10,2.9867844e-11,9.024334e-09,7.42557e-08,0.00849703,1.7759661e-06,6.49182e-20,1.0464948e-06,4.7757327e-09,0.9915001
Random790
Raw:4.4685944e-10,2.9867844e-11,9.024317e-09,7.42557e-08,0.00849703,1.7759661e-06,6.4918446e-20,1.0464948e-06,4.7757234e-09,0.9915001
EFT:4.4685944e-10,2.9867844e-11,9.024334e-09,7.42557e-08,0.00849703,1.7759661e-06,6.49182e-20,1.0464948e-06,4.7757327e-09,0.9915001
Random791
Raw:4.4686285e-10,2.9868132e-11,9.024404e-09,7.425612e-08,0.008497062,1.7759796e-06,6.491919e-20,1.0464988e-06,4.7757696e-09,0.9915001
EFT:4.4685944e-10,2.9867844e-11,9.024334e-09,7.42557e-08,0.00849703,1.7759661e-06,6.49182e-20,1.0464948e-06,4.7757327e-09,0.9915001
Random792
Raw:4.4685944e-10,2.9867792e-11,9.0243e-09,7.425556e-08,0.00849703,1.7759661e-06,6.491795e-20,1.0464928e-06,4.7757145e-09,0.9915001
EFT:4.4685944e-10,2.9867844e-11,9.024334e-09,7.42557e-08,0.00849703,1.7759661e-06,6.49182e-20,1.0464948e-06,4.7757327e-09,0.9915001
Random793
Raw:4.4686027e-10,2.9867844e-11,9.024317e-09,7.42557e-08,0.00849703,1.7759694e-06,6.4918446e-20,1.0464928e-06,4.7757234e-09,0.9915001
EFT:4.4685944e-10,2.9867844e-11,9.024334e-09,7.42557e-08,0.00849703,1.7759661e-06,6.49182e-20,1.0464948e-06,4.7757327e-09,0.9915001
Random794
Raw:4.4686027e-10,2.9867844e-11,9.024334e-09,7.42557e-08,0.00849703,1.7759694e-06,6.4918446e-20,1.0464928e-06,4.7757234e-09,0.9915001
EFT:4.4685944e-10,2.9867844e-11,9.024334e-09,7.42557e-08,0.00849703,1.7759661e-06,6.49182e-20,1.0464948e-06,4.7757327e-09,0.9915001
Random795
Raw:4.4686027e-10,2.9867844e-11,9.024317e-09,7.425584e-08,0.00849703,1.7759661e-06,6.491795e-20,1.0464948e-06,4.7757234e-09,0.9915001
EFT:4.4685944e-10,2.9867844e-11,9.024334e-09,7.42557e-08,0.00849703,1.7759661e-06,6.49182e-20,1.0464948e-06,4.7757327e-09,0.9915001
Random796
Raw:4.4685944e-10,2.9867844e-11,9.024334e-09,7.425556e-08,0.00849703,1.7759694e-06,6.4918446e-20,1.0464969e-06,4.7757234e-09,0.9915001
EFT:4.4685944e-10,2.9867844e-11,9.024334e-09,7.42557e-08,0.00849703,1.7759661e-06,6.49182e-20,1.0464948e-06,4.7757327e-09,0.9915001
Random797
Raw:4.4685944e-10,2.9867844e-11,9.024317e-09,7.42557e-08,0.008496997,1.7759661e-06,6.4918446e-20,1.0464928e-06,4.7757416e-09,0.9915001
EFT:4.4685944e-10,2.9867844e-11,9.024334e-09,7.42557e-08,0.00849703,1.7759661e-06,6.49182e-20,1.0464948e-06,4.7757327e-09,0.9915001
Random798
Raw:4.46862e-10,2.986796e-11,9.024369e-09,7.425598e-08,0.008497062,1.7759728e-06,6.4918446e-20,1.0465008e-06,4.7757416e-09,0.9915001
EFT:4.4685944e-10,2.9867844e-11,9.024334e-09,7.42557e-08,0.00849703,1.7759661e-06,6.49182e-20,1.0464948e-06,4.7757327e-09,0.9915001
Random799
Raw:4.4686285e-10,2.9868073e-11,9.024387e-09,7.425598e-08,0.00849703,1.7759728e-06,6.4918944e-20,1.0464969e-06,4.7757602e-09,0.9915001
EFT:4.4685944e-10,2.9867844e-11,9.024334e-09,7.42557e-08,0.00849703,1.7759661e-06,6.49182e-20,1.0464948e-06,4.7757327e-09,0.9915001
Random800
Raw:4.4686285e-10,2.9868018e-11,9.024369e-09,7.425598e-08,0.00849703,1.7759728e-06,6.4918944e-20,1.0464969e-06,4.7757416e-09,0.9915001
EFT:4.4685944e-10,2.9867844e-11,9.024334e-09,7.42557e-08,0.00849703,1.7759661e-06,6.49182e-20,1.0464948e-06,4.7757327e-09,0.9915001
Random801
Raw:4.4686113e-10,2.9867903e-11,9.024352e-09,7.425584e-08,0.00849703,1.7759728e-06,6.4918446e-20,1.0464969e-06,4.7757416e-09,0.9915001
EFT:4.4685944e-10,2.9867844e-11,9.024334e-09,7.42557e-08,0.00849703,1.7759661e-06,6.49182e-20,1.0464948e-06,4.7757327e-09,0.9915001
Random802
Raw:4.4686113e-10,2.9868018e-11,9.024352e-09,7.425584e-08,0.00849703,1.7759694e-06,6.491869e-20,1.0464969e-06,4.7757327e-09,0.9915001
EFT:4.4685944e-10,2.9867844e-11,9.024334e-09,7.42557e-08,0.00849703,1.7759661e-06,6.49182e-20,1.0464948e-06,4.7757327e-09,0.9915001
Random803
Raw:4.4686113e-10,2.986796e-11,9.024352e-09,7.425584e-08,0.00849703,1.7759728e-06,6.4918446e-20,1.0464948e-06,4.7757416e-09,0.9915001
EFT:4.4685944e-10,2.9867844e-11,9.024334e-09,7.42557e-08,0.00849703,1.7759661e-06,6.49182e-20,1.0464948e-06,4.7757327e-09,0.9915001
Random804
Raw:4.4686285e-10,2.9868018e-11,9.024369e-09,7.425598e-08,0.00849703,1.7759728e-06,6.491869e-20,1.0464988e-06,4.7757416e-09,0.9915001
EFT:4.4685944e-10,2.9867844e-11,9.024334e-09,7.42557e-08,0.00849703,1.7759661e-06,6.49182e-20,1.0464948e-06,4.7757327e-09,0.9915001
Random805
Raw:4.4686113e-10,2.9867844e-11,9.024334e-09,7.425584e-08,0.00849703,1.7759694e-06,6.49182e-20,1.0464948e-06,4.7757234e-09,0.9915001
EFT:4.4685944e-10,2.9867844e-11,9.024334e-09,7.42557e-08,0.00849703,1.7759661e-06,6.49182e-20,1.0464948e-06,4.7757327e-09,0.9915001
Random806
Raw:4.4686113e-10,2.9867903e-11,9.024352e-09,7.425584e-08,0.008497062,1.7759694e-06,6.49182e-20,1.0464969e-06,4.7757416e-09,0.9915001
EFT:4.4685944e-10,2.9867844e-11,9.024334e-09,7.42557e-08,0.00849703,1.7759661e-06,6.49182e-20,1.0464948e-06,4.7757327e-09,0.9915001
Random807
Raw:4.4686027e-10,2.9867792e-11,9.024317e-09,7.425584e-08,0.00849703,1.7759661e-06,6.491795e-20,1.0464909e-06,4.7757234e-09,0.9915001
EFT:4.4685944e-10,2.9867844e-11,9.024334e-09,7.42557e-08,0.00849703,1.7759661e-06,6.49182e-20,1.0464948e-06,4.7757327e-09,0.9915001
Random808
Raw:4.4686113e-10,2.9867844e-11,9.024334e-09,7.425584e-08,0.00849703,1.7759728e-06,6.4918446e-20,1.0464928e-06,4.7757327e-09,0.9915001
EFT:4.4685944e-10,2.9867844e-11,9.024334e-09,7.42557e-08,0.00849703,1.7759661e-06,6.49182e-20,1.0464948e-06,4.7757327e-09,0.9915001
Random809
Raw:4.4686027e-10,2.9867903e-11,9.024317e-09,7.425584e-08,0.00849703,1.7759661e-06,6.4918446e-20,1.0464948e-06,4.7757327e-09,0.9915001
EFT:4.4685944e-10,2.9867844e-11,9.024334e-09,7.42557e-08,0.00849703,1.7759661e-06,6.49182e-20,1.0464948e-06,4.7757327e-09,0.9915001
Random810
Raw:4.46862e-10,2.986796e-11,9.024352e-09,7.425598e-08,0.00849703,1.7759728e-06,6.491869e-20,1.0464969e-06,4.7757416e-09,0.9915001
EFT:4.4685944e-10,2.9867844e-11,9.024334e-09,7.42557e-08,0.00849703,1.7759661e-06,6.49182e-20,1.0464948e-06,4.7757327e-09,0.9915001
Random811
Raw:4.4686455e-10,2.9868132e-11,9.024404e-09,7.425626e-08,0.008497062,1.7759796e-06,6.4918944e-20,1.0465008e-06,4.7757696e-09,0.9915001
EFT:4.4685944e-10,2.9867844e-11,9.024334e-09,7.42557e-08,0.00849703,1.7759661e-06,6.49182e-20,1.0464948e-06,4.7757327e-09,0.9915001
Random812
Raw:4.46862e-10,2.986796e-11,9.024352e-09,7.425612e-08,0.008497062,1.7759728e-06,6.4918446e-20,1.0464988e-06,4.7757416e-09,0.9915001
EFT:4.4685944e-10,2.9867844e-11,9.024334e-09,7.42557e-08,0.00849703,1.7759661e-06,6.49182e-20,1.0464948e-06,4.7757327e-09,0.9915001
Random813
Raw:4.46862e-10,2.986796e-11,9.024369e-09,7.425598e-08,0.00849703,1.7759728e-06,6.491869e-20,1.0464969e-06,4.775751e-09,0.9915001
EFT:4.4685944e-10,2.9867844e-11,9.024334e-09,7.42557e-08,0.00849703,1.7759661e-06,6.49182e-20,1.0464948e-06,4.7757327e-09,0.9915001
Random814
Raw:4.4686285e-10,2.9868073e-11,9.024387e-09,7.425626e-08,0.00849703,1.7759762e-06,6.491869e-20,1.0465008e-06,4.7757602e-09,0.9915001
EFT:4.4685944e-10,2.9867844e-11,9.024334e-09,7.42557e-08,0.00849703,1.7759661e-06,6.49182e-20,1.0464948e-06,4.7757327e-09,0.9915001
Random815
Raw:4.4685944e-10,2.9867844e-11,9.024334e-09,7.425556e-08,0.00849703,1.7759661e-06,6.4918446e-20,1.0464928e-06,4.7757234e-09,0.9915001
EFT:4.4685944e-10,2.9867844e-11,9.024334e-09,7.42557e-08,0.00849703,1.7759661e-06,6.49182e-20,1.0464948e-06,4.7757327e-09,0.9915001
Random816
Raw:4.46862e-10,2.986796e-11,9.024352e-09,7.425584e-08,0.00849703,1.7759694e-06,6.4918446e-20,1.0464988e-06,4.7757327e-09,0.9915001
EFT:4.4685944e-10,2.9867844e-11,9.024334e-09,7.42557e-08,0.00849703,1.7759661e-06,6.49182e-20,1.0464948e-06,4.7757327e-09,0.9915001
Random817
Raw:4.4686285e-10,2.9868073e-11,9.024387e-09,7.425612e-08,0.00849703,1.7759728e-06,6.491869e-20,1.0464969e-06,4.7757602e-09,0.9915001
EFT:4.4685944e-10,2.9867844e-11,9.024334e-09,7.42557e-08,0.00849703,1.7759661e-06,6.49182e-20,1.0464948e-06,4.7757327e-09,0.9915001
Random818
Raw:4.4686285e-10,2.986796e-11,9.024369e-09,7.425612e-08,0.008497062,1.7759762e-06,6.491869e-20,1.0464988e-06,4.775751e-09,0.9915001
EFT:4.4685944e-10,2.9867844e-11,9.024334e-09,7.42557e-08,0.00849703,1.7759661e-06,6.49182e-20,1.0464948e-06,4.7757327e-09,0.9915001
Random819
Raw:4.4686027e-10,2.9867844e-11,9.024317e-09,7.425556e-08,0.008496997,1.7759661e-06,6.4918446e-20,1.0464909e-06,4.7757416e-09,0.9915001
EFT:4.4685944e-10,2.9867844e-11,9.024334e-09,7.42557e-08,0.00849703,1.7759661e-06,6.49182e-20,1.0464948e-06,4.7757327e-09,0.9915001
Random820
Raw:4.4686113e-10,2.986796e-11,9.024352e-09,7.425584e-08,0.00849703,1.7759728e-06,6.491869e-20,1.0464969e-06,4.7757416e-09,0.9915001
EFT:4.4685944e-10,2.9867844e-11,9.024334e-09,7.42557e-08,0.00849703,1.7759661e-06,6.49182e-20,1.0464948e-06,4.7757327e-09,0.9915001
Random821
Raw:4.4686285e-10,2.9868018e-11,9.024369e-09,7.425612e-08,0.00849703,1.7759762e-06,6.491869e-20,1.0465008e-06,4.775751e-09,0.9915001
EFT:4.4685944e-10,2.9867844e-11,9.024334e-09,7.42557e-08,0.00849703,1.7759661e-06,6.49182e-20,1.0464948e-06,4.7757327e-09,0.9915001
Random822
Raw:4.4686113e-10,2.9867844e-11,9.024334e-09,7.425584e-08,0.00849703,1.7759694e-06,6.49182e-20,1.0464948e-06,4.7757327e-09,0.9915001
EFT:4.4685944e-10,2.9867844e-11,9.024334e-09,7.42557e-08,0.00849703,1.7759661e-06,6.49182e-20,1.0464948e-06,4.7757327e-09,0.9915001
Random823
Raw:4.4686113e-10,2.9867903e-11,9.024352e-09,7.425584e-08,0.00849703,1.7759694e-06,6.4918446e-20,1.0464969e-06,4.7757327e-09,0.9915001
EFT:4.4685944e-10,2.9867844e-11,9.024334e-09,7.42557e-08,0.00849703,1.7759661e-06,6.49182e-20,1.0464948e-06,4.7757327e-09,0.9915001
Random824
Raw:4.4686285e-10,2.9868073e-11,9.024387e-09,7.425612e-08,0.00849703,1.7759762e-06,6.4918944e-20,1.0464969e-06,4.7757602e-09,0.9915001
EFT:4.4685944e-10,2.9867844e-11,9.024334e-09,7.42557e-08,0.00849703,1.7759661e-06,6.49182e-20,1.0464948e-06,4.7757327e-09,0.9915001
Random825
Raw:4.4686368e-10,2.9868132e-11,9.024387e-09,7.425612e-08,0.008497062,1.7759796e-06,6.4918944e-20,1.0465008e-06,4.775778e-09,0.9915001
EFT:4.4685944e-10,2.9867844e-11,9.024334e-09,7.42557e-08,0.00849703,1.7759661e-06,6.49182e-20,1.0464948e-06,4.7757327e-09,0.9915001
Random826
Raw:4.4685944e-10,2.9867733e-11,9.0243e-09,7.425556e-08,0.008496997,1.7759627e-06,6.491795e-20,1.0464909e-06,4.7757234e-09,0.9915001
EFT:4.4685944e-10,2.9867844e-11,9.024334e-09,7.42557e-08,0.00849703,1.7759661e-06,6.49182e-20,1.0464948e-06,4.7757327e-09,0.9915001
Random827
Raw:4.4686113e-10,2.986796e-11,9.024352e-09,7.42557e-08,0.008497062,1.7759694e-06,6.491869e-20,1.0464969e-06,4.7757416e-09,0.9915001
EFT:4.4685944e-10,2.9867844e-11,9.024334e-09,7.42557e-08,0.00849703,1.7759661e-06,6.49182e-20,1.0464948e-06,4.7757327e-09,0.9915001
Random828
Raw:4.4686285e-10,2.986796e-11,9.024387e-09,7.425612e-08,0.008497062,1.7759762e-06,6.491869e-20,1.0465008e-06,4.7757416e-09,0.9915001
EFT:4.4685944e-10,2.9867844e-11,9.024334e-09,7.42557e-08,0.00849703,1.7759661e-06,6.49182e-20,1.0464948e-06,4.7757327e-09,0.9915001
Random829
Raw:4.4686113e-10,2.986796e-11,9.024352e-09,7.425584e-08,0.00849703,1.7759694e-06,6.491869e-20,1.0464969e-06,4.7757327e-09,0.9915001
EFT:4.4685944e-10,2.9867844e-11,9.024334e-09,7.42557e-08,0.00849703,1.7759661e-06,6.49182e-20,1.0464948e-06,4.7757327e-09,0.9915001
Random830
Raw:4.4685944e-10,2.9867792e-11,9.024317e-09,7.425556e-08,0.00849703,1.7759661e-06,6.49182e-20,1.0464948e-06,4.7757234e-09,0.9915001
EFT:4.4685944e-10,2.9867844e-11,9.024334e-09,7.42557e-08,0.00849703,1.7759661e-06,6.49182e-20,1.0464948e-06,4.7757327e-09,0.9915001
Random831
Raw:4.4686113e-10,2.986796e-11,9.024352e-09,7.425598e-08,0.008496997,1.7759728e-06,6.4918446e-20,1.0464969e-06,4.7757416e-09,0.9915001
EFT:4.4685944e-10,2.9867844e-11,9.024334e-09,7.42557e-08,0.00849703,1.7759661e-06,6.49182e-20,1.0464948e-06,4.7757327e-09,0.9915001
Random832
Raw:4.4686285e-10,2.9868073e-11,9.024387e-09,7.425612e-08,0.00849703,1.7759762e-06,6.4918944e-20,1.0464969e-06,4.7757602e-09,0.9915001
EFT:4.4685944e-10,2.9867844e-11,9.024334e-09,7.42557e-08,0.00849703,1.7759661e-06,6.49182e-20,1.0464948e-06,4.7757327e-09,0.9915001
Random833
Raw:4.4686285e-10,2.986796e-11,9.024369e-09,7.425598e-08,0.008497062,1.7759762e-06,6.491869e-20,1.0465008e-06,4.7757416e-09,0.9915001
EFT:4.4685944e-10,2.9867844e-11,9.024334e-09,7.42557e-08,0.00849703,1.7759661e-06,6.49182e-20,1.0464948e-06,4.7757327e-09,0.9915001
Random834
Raw:4.46862e-10,2.986796e-11,9.024352e-09,7.425612e-08,0.008497062,1.7759762e-06,6.49182e-20,1.0464988e-06,4.7757416e-09,0.9915001
EFT:4.4685944e-10,2.9867844e-11,9.024334e-09,7.42557e-08,0.00849703,1.7759661e-06,6.49182e-20,1.0464948e-06,4.7757327e-09,0.9915001
Random835
Raw:4.4686285e-10,2.9868073e-11,9.024387e-09,7.425612e-08,0.00849703,1.7759762e-06,6.491869e-20,1.0465008e-06,4.775751e-09,0.9915001
EFT:4.4685944e-10,2.9867844e-11,9.024334e-09,7.42557e-08,0.00849703,1.7759661e-06,6.49182e-20,1.0464948e-06,4.7757327e-09,0.9915001
Random836
Raw:4.4686113e-10,2.986796e-11,9.024352e-09,7.42557e-08,0.00849703,1.7759661e-06,6.491869e-20,1.0464969e-06,4.7757234e-09,0.9915001
EFT:4.4685944e-10,2.9867844e-11,9.024334e-09,7.42557e-08,0.00849703,1.7759661e-06,6.49182e-20,1.0464948e-06,4.7757327e-09,0.9915001
Random837
Raw:4.4685944e-10,2.9867844e-11,9.024317e-09,7.425556e-08,0.00849703,1.7759627e-06,6.4918446e-20,1.0464928e-06,4.7757234e-09,0.9915001
EFT:4.4685944e-10,2.9867844e-11,9.024334e-09,7.42557e-08,0.00849703,1.7759661e-06,6.49182e-20,1.0464948e-06,4.7757327e-09,0.9915001
Random838
Raw:4.4686113e-10,2.9867844e-11,9.024352e-09,7.425584e-08,0.00849703,1.7759694e-06,6.4918446e-20,1.0464969e-06,4.7757234e-09,0.9915001
EFT:4.4685944e-10,2.9867844e-11,9.024334e-09,7.42557e-08,0.00849703,1.7759661e-06,6.49182e-20,1.0464948e-06,4.7757327e-09,0.9915001
Random839
Raw:4.4686113e-10,2.9867903e-11,9.024334e-09,7.42557e-08,0.008496997,1.7759661e-06,6.4918446e-20,1.0464928e-06,4.7757416e-09,0.9915001
EFT:4.4685944e-10,2.9867844e-11,9.024334e-09,7.42557e-08,0.00849703,1.7759661e-06,6.49182e-20,1.0464948e-06,4.7757327e-09,0.9915001
Random840
Raw:4.4686113e-10,2.986796e-11,9.024352e-09,7.425584e-08,0.00849703,1.7759728e-06,6.491869e-20,1.0464948e-06,4.775751e-09,0.9915001
EFT:4.4685944e-10,2.9867844e-11,9.024334e-09,7.42557e-08,0.00849703,1.7759661e-06,6.49182e-20,1.0464948e-06,4.7757327e-09,0.9915001
Random841
Raw:4.4686113e-10,2.986796e-11,9.024352e-09,7.425584e-08,0.008497062,1.7759728e-06,6.491869e-20,1.0464969e-06,4.7757416e-09,0.9915001
EFT:4.4685944e-10,2.9867844e-11,9.024334e-09,7.42557e-08,0.00849703,1.7759661e-06,6.49182e-20,1.0464948e-06,4.7757327e-09,0.9915001
Random842
Raw:4.4686368e-10,2.9868073e-11,9.024387e-09,7.425626e-08,0.008497062,1.7759728e-06,6.4918944e-20,1.0464988e-06,4.7757602e-09,0.9915001
EFT:4.4685944e-10,2.9867844e-11,9.024334e-09,7.42557e-08,0.00849703,1.7759661e-06,6.49182e-20,1.0464948e-06,4.7757327e-09,0.9915001
Random843
Raw:4.4686285e-10,2.9868073e-11,9.024387e-09,7.425612e-08,0.00849703,1.7759762e-06,6.4918944e-20,1.0464969e-06,4.7757602e-09,0.9915001
EFT:4.4685944e-10,2.9867844e-11,9.024334e-09,7.42557e-08,0.00849703,1.7759661e-06,6.49182e-20,1.0464948e-06,4.7757327e-09,0.9915001
Random844
Raw:4.4686113e-10,2.9867903e-11,9.024352e-09,7.425584e-08,0.00849703,1.7759694e-06,6.49182e-20,1.0464948e-06,4.7757416e-09,0.9915001
EFT:4.4685944e-10,2.9867844e-11,9.024334e-09,7.42557e-08,0.00849703,1.7759661e-06,6.49182e-20,1.0464948e-06,4.7757327e-09,0.9915001
Random845
Raw:4.4686027e-10,2.9867733e-11,9.024317e-09,7.425584e-08,0.008496997,1.7759627e-06,6.491795e-20,1.0464928e-06,4.7757234e-09,0.9915001
EFT:4.4685944e-10,2.9867844e-11,9.024334e-09,7.42557e-08,0.00849703,1.7759661e-06,6.49182e-20,1.0464948e-06,4.7757327e-09,0.9915001
Random846
Raw:4.4686027e-10,2.9867844e-11,9.024317e-09,7.42557e-08,0.00849703,1.7759694e-06,6.4918446e-20,1.0464928e-06,4.7757416e-09,0.9915001
EFT:4.4685944e-10,2.9867844e-11,9.024334e-09,7.42557e-08,0.00849703,1.7759661e-06,6.49182e-20,1.0464948e-06,4.7757327e-09,0.9915001
Random847
Raw:4.4686113e-10,2.9867903e-11,9.024352e-09,7.425584e-08,0.00849703,1.7759728e-06,6.4918446e-20,1.0464969e-06,4.7757416e-09,0.9915001
EFT:4.4685944e-10,2.9867844e-11,9.024334e-09,7.42557e-08,0.00849703,1.7759661e-06,6.49182e-20,1.0464948e-06,4.7757327e-09,0.9915001
Random848
Raw:4.4686027e-10,2.986796e-11,9.024334e-09,7.42557e-08,0.00849703,1.7759694e-06,6.491869e-20,1.0464928e-06,4.7757416e-09,0.9915001
EFT:4.4685944e-10,2.9867844e-11,9.024334e-09,7.42557e-08,0.00849703,1.7759661e-06,6.49182e-20,1.0464948e-06,4.7757327e-09,0.9915001
Random849
Raw:4.4686113e-10,2.9867903e-11,9.024352e-09,7.425584e-08,0.00849703,1.7759728e-06,6.4918446e-20,1.0464969e-06,4.7757416e-09,0.9915001
EFT:4.4685944e-10,2.9867844e-11,9.024334e-09,7.42557e-08,0.00849703,1.7759661e-06,6.49182e-20,1.0464948e-06,4.7757327e-09,0.9915001
Random850
Raw:4.4685944e-10,2.9867903e-11,9.024317e-09,7.425556e-08,0.00849703,1.7759661e-06,6.4918446e-20,1.0464928e-06,4.7757416e-09,0.9915001
EFT:4.4685944e-10,2.9867844e-11,9.024334e-09,7.42557e-08,0.00849703,1.7759661e-06,6.49182e-20,1.0464948e-06,4.7757327e-09,0.9915001
Random851
Raw:4.4686113e-10,2.9867903e-11,9.024352e-09,7.425584e-08,0.00849703,1.7759694e-06,6.49182e-20,1.0464969e-06,4.7757234e-09,0.9915001
EFT:4.4685944e-10,2.9867844e-11,9.024334e-09,7.42557e-08,0.00849703,1.7759661e-06,6.49182e-20,1.0464948e-06,4.7757327e-09,0.9915001
Random852
Raw:4.4686368e-10,2.9868073e-11,9.024387e-09,7.425612e-08,0.008497062,1.7759762e-06,6.4918944e-20,1.0465008e-06,4.7757602e-09,0.9915001
EFT:4.4685944e-10,2.9867844e-11,9.024334e-09,7.42557e-08,0.00849703,1.7759661e-06,6.49182e-20,1.0464948e-06,4.7757327e-09,0.9915001
Random853
Raw:4.4685944e-10,2.9867844e-11,9.024317e-09,7.425556e-08,0.00849703,1.7759694e-06,6.4918446e-20,1.0464969e-06,4.7757234e-09,0.9915001
EFT:4.4685944e-10,2.9867844e-11,9.024334e-09,7.42557e-08,0.00849703,1.7759661e-06,6.49182e-20,1.0464948e-06,4.7757327e-09,0.9915001
Random854
Raw:4.4686455e-10,2.9868073e-11,9.024404e-09,7.425612e-08,0.008497062,1.7759796e-06,6.4918944e-20,1.0465028e-06,4.7757602e-09,0.9915001
EFT:4.4685944e-10,2.9867844e-11,9.024334e-09,7.42557e-08,0.00849703,1.7759661e-06,6.49182e-20,1.0464948e-06,4.7757327e-09,0.9915001
Random855
Raw:4.4686285e-10,2.986796e-11,9.024387e-09,7.425612e-08,0.00849703,1.7759762e-06,6.491869e-20,1.0464988e-06,4.7757602e-09,0.9915001
EFT:4.4685944e-10,2.9867844e-11,9.024334e-09,7.42557e-08,0.00849703,1.7759661e-06,6.49182e-20,1.0464948e-06,4.7757327e-09,0.9915001
Random856
Raw:4.46862e-10,2.986796e-11,9.024352e-09,7.425598e-08,0.00849703,1.7759728e-06,6.491869e-20,1.0464969e-06,4.7757416e-09,0.9915001
EFT:4.4685944e-10,2.9867844e-11,9.024334e-09,7.42557e-08,0.00849703,1.7759661e-06,6.49182e-20,1.0464948e-06,4.7757327e-09,0.9915001
Random857
Raw:4.4685944e-10,2.9867792e-11,9.024317e-09,7.425584e-08,0.00849703,1.7759661e-06,6.49177e-20,1.0464948e-06,4.7757234e-09,0.9915001
EFT:4.4685944e-10,2.9867844e-11,9.024334e-09,7.42557e-08,0.00849703,1.7759661e-06,6.49182e-20,1.0464948e-06,4.7757327e-09,0.9915001
Random858
Raw:4.46862e-10,2.986796e-11,9.024352e-09,7.425598e-08,0.008497062,1.7759762e-06,6.491869e-20,1.0464988e-06,4.7757416e-09,0.9915001
EFT:4.4685944e-10,2.9867844e-11,9.024334e-09,7.42557e-08,0.00849703,1.7759661e-06,6.49182e-20,1.0464948e-06,4.7757327e-09,0.9915001
Random859
Raw:4.4685858e-10,2.9867733e-11,9.0242835e-09,7.425542e-08,0.008496997,1.7759592e-06,6.49177e-20,1.0464928e-06,4.775687e-09,0.9915001
EFT:4.4685944e-10,2.9867844e-11,9.024334e-09,7.42557e-08,0.00849703,1.7759661e-06,6.49182e-20,1.0464948e-06,4.7757327e-09,0.9915001
Random860
Raw:4.4686285e-10,2.9867903e-11,9.024352e-09,7.425598e-08,0.00849703,1.7759728e-06,6.49182e-20,1.0464988e-06,4.7757327e-09,0.9915001
EFT:4.4685944e-10,2.9867844e-11,9.024334e-09,7.42557e-08,0.00849703,1.7759661e-06,6.49182e-20,1.0464948e-06,4.7757327e-09,0.9915001
Random861
Raw:4.46862e-10,2.986796e-11,9.024352e-09,7.425598e-08,0.00849703,1.7759728e-06,6.4918446e-20,1.0464969e-06,4.7757416e-09,0.9915001
EFT:4.4685944e-10,2.9867844e-11,9.024334e-09,7.42557e-08,0.00849703,1.7759661e-06,6.49182e-20,1.0464948e-06,4.7757327e-09,0.9915001
Random862
Raw:4.4686285e-10,2.986796e-11,9.024369e-09,7.425612e-08,0.00849703,1.7759762e-06,6.491869e-20,1.0464988e-06,4.7757602e-09,0.9915001
EFT:4.4685944e-10,2.9867844e-11,9.024334e-09,7.42557e-08,0.00849703,1.7759661e-06,6.49182e-20,1.0464948e-06,4.7757327e-09,0.9915001
Random863
Raw:4.46862e-10,2.9868018e-11,9.024387e-09,7.425612e-08,0.008497062,1.7759762e-06,6.491869e-20,1.0464969e-06,4.7757602e-09,0.9915001
EFT:4.4685944e-10,2.9867844e-11,9.024334e-09,7.42557e-08,0.00849703,1.7759661e-06,6.49182e-20,1.0464948e-06,4.7757327e-09,0.9915001
Random864
Raw:4.4686285e-10,2.9868073e-11,9.024369e-09,7.425598e-08,0.00849703,1.7759728e-06,6.4918944e-20,1.0464969e-06,4.7757602e-09,0.9915001
EFT:4.4685944e-10,2.9867844e-11,9.024334e-09,7.42557e-08,0.00849703,1.7759661e-06,6.49182e-20,1.0464948e-06,4.7757327e-09,0.9915001
Random865
Raw:4.4686285e-10,2.9868073e-11,9.024387e-09,7.425598e-08,0.00849703,1.7759762e-06,6.4918944e-20,1.0464988e-06,4.7757602e-09,0.9915001
EFT:4.4685944e-10,2.9867844e-11,9.024334e-09,7.42557e-08,0.00849703,1.7759661e-06,6.49182e-20,1.0464948e-06,4.7757327e-09,0.9915001
Random866
Raw:4.4686368e-10,2.9868073e-11,9.024387e-09,7.425612e-08,0.008497062,1.7759796e-06,6.4918944e-20,1.0465028e-06,4.775751e-09,0.9915001
EFT:4.4685944e-10,2.9867844e-11,9.024334e-09,7.42557e-08,0.00849703,1.7759661e-06,6.49182e-20,1.0464948e-06,4.7757327e-09,0.9915001
Random867
Raw:4.46862e-10,2.9868018e-11,9.024352e-09,7.425598e-08,0.00849703,1.7759728e-06,6.491869e-20,1.0464969e-06,4.7757416e-09,0.9915001
EFT:4.4685944e-10,2.9867844e-11,9.024334e-09,7.42557e-08,0.00849703,1.7759661e-06,6.49182e-20,1.0464948e-06,4.7757327e-09,0.9915001
Random868
Raw:4.4686285e-10,2.9868018e-11,9.024369e-09,7.425612e-08,0.00849703,1.7759762e-06,6.491869e-20,1.0465008e-06,4.775751e-09,0.9915001
EFT:4.4685944e-10,2.9867844e-11,9.024334e-09,7.42557e-08,0.00849703,1.7759661e-06,6.49182e-20,1.0464948e-06,4.7757327e-09,0.9915001
Random869
Raw:4.4686455e-10,2.9868132e-11,9.024404e-09,7.425626e-08,0.008497062,1.7759796e-06,6.491919e-20,1.0465008e-06,4.775778e-09,0.9915001
EFT:4.4685944e-10,2.9867844e-11,9.024334e-09,7.42557e-08,0.00849703,1.7759661e-06,6.49182e-20,1.0464948e-06,4.7757327e-09,0.9915001
Random870
Raw:4.4686368e-10,2.9868073e-11,9.024387e-09,7.425598e-08,0.00849703,1.7759728e-06,6.4918944e-20,1.0465008e-06,4.775751e-09,0.9915001
EFT:4.4685944e-10,2.9867844e-11,9.024334e-09,7.42557e-08,0.00849703,1.7759661e-06,6.49182e-20,1.0464948e-06,4.7757327e-09,0.9915001
Random871
Raw:4.4686285e-10,2.9868132e-11,9.024387e-09,7.425612e-08,0.00849703,1.7759762e-06,6.4918944e-20,1.0465008e-06,4.7757602e-09,0.9915001
EFT:4.4685944e-10,2.9867844e-11,9.024334e-09,7.42557e-08,0.00849703,1.7759661e-06,6.49182e-20,1.0464948e-06,4.7757327e-09,0.9915001
Random872
Raw:4.4686285e-10,2.9868073e-11,9.024387e-09,7.425626e-08,0.008497062,1.7759796e-06,6.491869e-20,1.0465008e-06,4.7757602e-09,0.9915001
EFT:4.4685944e-10,2.9867844e-11,9.024334e-09,7.42557e-08,0.00849703,1.7759661e-06,6.49182e-20,1.0464948e-06,4.7757327e-09,0.9915001
Random873
Raw:4.4686285e-10,2.9868132e-11,9.024387e-09,7.425612e-08,0.008497062,1.7759796e-06,6.4918944e-20,1.0465008e-06,4.7757602e-09,0.9915001
EFT:4.4685944e-10,2.9867844e-11,9.024334e-09,7.42557e-08,0.00849703,1.7759661e-06,6.49182e-20,1.0464948e-06,4.7757327e-09,0.9915001
Random874
Raw:4.4685858e-10,2.9867733e-11,9.0242835e-09,7.425542e-08,0.008496997,1.7759627e-06,6.491795e-20,1.0464909e-06,4.7757234e-09,0.9915001
EFT:4.4685944e-10,2.9867844e-11,9.024334e-09,7.42557e-08,0.00849703,1.7759661e-06,6.49182e-20,1.0464948e-06,4.7757327e-09,0.9915001
Random875
Raw:4.4686285e-10,2.9868073e-11,9.024387e-09,7.425598e-08,0.00849703,1.7759728e-06,6.4918944e-20,1.0465008e-06,4.775751e-09,0.9915001
EFT:4.4685944e-10,2.9867844e-11,9.024334e-09,7.42557e-08,0.00849703,1.7759661e-06,6.49182e-20,1.0464948e-06,4.7757327e-09,0.9915001
Random876
Raw:4.4686368e-10,2.9868073e-11,9.024387e-09,7.425612e-08,0.008497062,1.7759762e-06,6.4918944e-20,1.0465008e-06,4.7757696e-09,0.9915001
EFT:4.4685944e-10,2.9867844e-11,9.024334e-09,7.42557e-08,0.00849703,1.7759661e-06,6.49182e-20,1.0464948e-06,4.7757327e-09,0.9915001
Random877
Raw:4.4686285e-10,2.9868132e-11,9.024404e-09,7.425626e-08,0.008497062,1.7759796e-06,6.4918944e-20,1.0464988e-06,4.7757696e-09,0.9915001
EFT:4.4685944e-10,2.9867844e-11,9.024334e-09,7.42557e-08,0.00849703,1.7759661e-06,6.49182e-20,1.0464948e-06,4.7757327e-09,0.9915001
Random878
Raw:4.46862e-10,2.986796e-11,9.024352e-09,7.425584e-08,0.008496997,1.7759694e-06,6.491869e-20,1.0464969e-06,4.7757416e-09,0.9915001
EFT:4.4685944e-10,2.9867844e-11,9.024334e-09,7.42557e-08,0.00849703,1.7759661e-06,6.49182e-20,1.0464948e-06,4.7757327e-09,0.9915001
Random879
Raw:4.4686027e-10,2.9867844e-11,9.024317e-09,7.42557e-08,0.00849703,1.7759694e-06,6.4918446e-20,1.0464928e-06,4.7757327e-09,0.9915001
EFT:4.4685944e-10,2.9867844e-11,9.024334e-09,7.42557e-08,0.00849703,1.7759661e-06,6.49182e-20,1.0464948e-06,4.7757327e-09,0.9915001
Random880
Raw:4.4686455e-10,2.986819e-11,9.024404e-09,7.425626e-08,0.008497095,1.7759829e-06,6.491919e-20,1.0465008e-06,4.775778e-09,0.9915001
EFT:4.4685944e-10,2.9867844e-11,9.024334e-09,7.42557e-08,0.00849703,1.7759661e-06,6.49182e-20,1.0464948e-06,4.7757327e-09,0.9915001
Random881
Raw:4.46862e-10,2.986796e-11,9.024352e-09,7.425598e-08,0.00849703,1.7759728e-06,6.491869e-20,1.0464969e-06,4.7757602e-09,0.9915001
EFT:4.4685944e-10,2.9867844e-11,9.024334e-09,7.42557e-08,0.00849703,1.7759661e-06,6.49182e-20,1.0464948e-06,4.7757327e-09,0.9915001
Random882
Raw:4.4686027e-10,2.9867844e-11,9.024317e-09,7.42557e-08,0.00849703,1.7759694e-06,6.4918446e-20,1.0464928e-06,4.7757234e-09,0.9915001
EFT:4.4685944e-10,2.9867844e-11,9.024334e-09,7.42557e-08,0.00849703,1.7759661e-06,6.49182e-20,1.0464948e-06,4.7757327e-09,0.9915001
Random883
Raw:4.4686285e-10,2.9868018e-11,9.024369e-09,7.425598e-08,0.00849703,1.7759728e-06,6.491869e-20,1.0464969e-06,4.7757416e-09,0.9915001
EFT:4.4685944e-10,2.9867844e-11,9.024334e-09,7.42557e-08,0.00849703,1.7759661e-06,6.49182e-20,1.0464948e-06,4.7757327e-09,0.9915001
Random884
Raw:4.4686113e-10,2.986796e-11,9.024352e-09,7.425584e-08,0.008497062,1.7759728e-06,6.491869e-20,1.0464988e-06,4.7757416e-09,0.9915001
EFT:4.4685944e-10,2.9867844e-11,9.024334e-09,7.42557e-08,0.00849703,1.7759661e-06,6.49182e-20,1.0464948e-06,4.7757327e-09,0.9915001
Random885
Raw:4.4686113e-10,2.9867903e-11,9.024334e-09,7.425598e-08,0.008496997,1.7759694e-06,6.49182e-20,1.0464969e-06,4.7757416e-09,0.9915001
EFT:4.4685944e-10,2.9867844e-11,9.024334e-09,7.42557e-08,0.00849703,1.7759661e-06,6.49182e-20,1.0464948e-06,4.7757327e-09,0.9915001
Random886
Raw:4.4686285e-10,2.9868018e-11,9.024369e-09,7.425612e-08,0.00849703,1.7759728e-06,6.491869e-20,1.0464969e-06,4.7757602e-09,0.9915001
EFT:4.4685944e-10,2.9867844e-11,9.024334e-09,7.42557e-08,0.00849703,1.7759661e-06,6.49182e-20,1.0464948e-06,4.7757327e-09,0.9915001
Random887
Raw:4.4686455e-10,2.9868073e-11,9.024387e-09,7.425626e-08,0.008497062,1.7759796e-06,6.491869e-20,1.0465008e-06,4.7757602e-09,0.9915001
EFT:4.4685944e-10,2.9867844e-11,9.024334e-09,7.42557e-08,0.00849703,1.7759661e-06,6.49182e-20,1.0464948e-06,4.7757327e-09,0.9915001
Random888
Raw:4.46862e-10,2.986796e-11,9.024387e-09,7.425598e-08,0.008497062,1.7759762e-06,6.491869e-20,1.0465008e-06,4.7757416e-09,0.9915001
EFT:4.4685944e-10,2.9867844e-11,9.024334e-09,7.42557e-08,0.00849703,1.7759661e-06,6.49182e-20,1.0464948e-06,4.7757327e-09,0.9915001
Random889
Raw:4.4686113e-10,2.9867903e-11,9.024352e-09,7.425612e-08,0.008497062,1.7759728e-06,6.491795e-20,1.0464969e-06,4.7757416e-09,0.9915001
EFT:4.4685944e-10,2.9867844e-11,9.024334e-09,7.42557e-08,0.00849703,1.7759661e-06,6.49182e-20,1.0464948e-06,4.7757327e-09,0.9915001
Random890
Raw:4.4686113e-10,2.9867844e-11,9.024317e-09,7.425584e-08,0.00849703,1.7759694e-06,6.49182e-20,1.0464928e-06,4.7757234e-09,0.9915001
EFT:4.4685944e-10,2.9867844e-11,9.024334e-09,7.42557e-08,0.00849703,1.7759661e-06,6.49182e-20,1.0464948e-06,4.7757327e-09,0.9915001
Random891
Raw:4.46862e-10,2.986796e-11,9.024352e-09,7.425612e-08,0.008497062,1.7759728e-06,6.491869e-20,1.0464969e-06,4.7757602e-09,0.9915001
EFT:4.4685944e-10,2.9867844e-11,9.024334e-09,7.42557e-08,0.00849703,1.7759661e-06,6.49182e-20,1.0464948e-06,4.7757327e-09,0.9915001
Random892
Raw:4.4685944e-10,2.9867844e-11,9.024317e-09,7.42557e-08,0.00849703,1.7759661e-06,6.4918446e-20,1.0464948e-06,4.7757234e-09,0.9915001
EFT:4.4685944e-10,2.9867844e-11,9.024334e-09,7.42557e-08,0.00849703,1.7759661e-06,6.49182e-20,1.0464948e-06,4.7757327e-09,0.9915001
Random893
Raw:4.4686027e-10,2.9867844e-11,9.024317e-09,7.42557e-08,0.00849703,1.7759661e-06,6.491795e-20,1.0464928e-06,4.7757234e-09,0.9915001
EFT:4.4685944e-10,2.9867844e-11,9.024334e-09,7.42557e-08,0.00849703,1.7759661e-06,6.49182e-20,1.0464948e-06,4.7757327e-09,0.9915001
Random894
Raw:4.4686113e-10,2.986796e-11,9.024352e-09,7.425584e-08,0.008496997,1.7759694e-06,6.491869e-20,1.0464948e-06,4.7757416e-09,0.9915001
EFT:4.4685944e-10,2.9867844e-11,9.024334e-09,7.42557e-08,0.00849703,1.7759661e-06,6.49182e-20,1.0464948e-06,4.7757327e-09,0.9915001
Random895
Raw:4.4686113e-10,2.9867844e-11,9.024334e-09,7.42557e-08,0.008496997,1.7759661e-06,6.49182e-20,1.0464969e-06,4.7757234e-09,0.9915001
EFT:4.4685944e-10,2.9867844e-11,9.024334e-09,7.42557e-08,0.00849703,1.7759661e-06,6.49182e-20,1.0464948e-06,4.7757327e-09,0.9915001
Random896
Raw:4.4686027e-10,2.9867844e-11,9.024317e-09,7.42557e-08,0.00849703,1.7759661e-06,6.49182e-20,1.0464969e-06,4.7757145e-09,0.9915001
EFT:4.4685944e-10,2.9867844e-11,9.024334e-09,7.42557e-08,0.00849703,1.7759661e-06,6.49182e-20,1.0464948e-06,4.7757327e-09,0.9915001
Random897
Raw:4.4686113e-10,2.986796e-11,9.024352e-09,7.425584e-08,0.00849703,1.7759728e-06,6.4918446e-20,1.0464969e-06,4.7757416e-09,0.9915001
EFT:4.4685944e-10,2.9867844e-11,9.024334e-09,7.42557e-08,0.00849703,1.7759661e-06,6.49182e-20,1.0464948e-06,4.7757327e-09,0.9915001
Random898
Raw:4.4686285e-10,2.9868018e-11,9.024387e-09,7.425598e-08,0.00849703,1.7759728e-06,6.491869e-20,1.0464969e-06,4.7757602e-09,0.9915001
EFT:4.4685944e-10,2.9867844e-11,9.024334e-09,7.42557e-08,0.00849703,1.7759661e-06,6.49182e-20,1.0464948e-06,4.7757327e-09,0.9915001
Random899
Raw:4.4686113e-10,2.9867903e-11,9.024352e-09,7.425584e-08,0.00849703,1.7759728e-06,6.4918446e-20,1.0464969e-06,4.7757416e-09,0.9915001
EFT:4.4685944e-10,2.9867844e-11,9.024334e-09,7.42557e-08,0.00849703,1.7759661e-06,6.49182e-20,1.0464948e-06,4.7757327e-09,0.9915001
Random900
Raw:4.46862e-10,2.986796e-11,9.024387e-09,7.425612e-08,0.008497062,1.7759762e-06,6.491869e-20,1.0465008e-06,4.7757416e-09,0.9915001
EFT:4.4685944e-10,2.9867844e-11,9.024334e-09,7.42557e-08,0.00849703,1.7759661e-06,6.49182e-20,1.0464948e-06,4.7757327e-09,0.9915001
Random901
Raw:4.46862e-10,2.986796e-11,9.024352e-09,7.425584e-08,0.008497062,1.7759762e-06,6.491869e-20,1.0464969e-06,4.7757327e-09,0.9915001
EFT:4.4685944e-10,2.9867844e-11,9.024334e-09,7.42557e-08,0.00849703,1.7759661e-06,6.49182e-20,1.0464948e-06,4.7757327e-09,0.9915001
Random902
Raw:4.4686113e-10,2.9868018e-11,9.024369e-09,7.425584e-08,0.008497062,1.7759728e-06,6.491869e-20,1.0464969e-06,4.7757416e-09,0.9915001
EFT:4.4685944e-10,2.9867844e-11,9.024334e-09,7.42557e-08,0.00849703,1.7759661e-06,6.49182e-20,1.0464948e-06,4.7757327e-09,0.9915001
Random903
Raw:4.4686027e-10,2.9867844e-11,9.024317e-09,7.425584e-08,0.00849703,1.7759694e-06,6.49182e-20,1.0464928e-06,4.7757234e-09,0.9915001
EFT:4.4685944e-10,2.9867844e-11,9.024334e-09,7.42557e-08,0.00849703,1.7759661e-06,6.49182e-20,1.0464948e-06,4.7757327e-09,0.9915001
Random904
Raw:4.46862e-10,2.986796e-11,9.024352e-09,7.425584e-08,0.008496997,1.7759661e-06,6.491869e-20,1.0464948e-06,4.7757327e-09,0.9915001
EFT:4.4685944e-10,2.9867844e-11,9.024334e-09,7.42557e-08,0.00849703,1.7759661e-06,6.49182e-20,1.0464948e-06,4.7757327e-09,0.9915001
Random905
Raw:4.46862e-10,2.986796e-11,9.024352e-09,7.425598e-08,0.00849703,1.7759694e-06,6.4918446e-20,1.0464988e-06,4.7757327e-09,0.9915001
EFT:4.4685944e-10,2.9867844e-11,9.024334e-09,7.42557e-08,0.00849703,1.7759661e-06,6.49182e-20,1.0464948e-06,4.7757327e-09,0.9915001
Random906
Raw:4.4686113e-10,2.9867903e-11,9.024352e-09,7.425584e-08,0.008497062,1.7759694e-06,6.49182e-20,1.0464969e-06,4.7757416e-09,0.9915001
EFT:4.4685944e-10,2.9867844e-11,9.024334e-09,7.42557e-08,0.00849703,1.7759661e-06,6.49182e-20,1.0464948e-06,4.7757327e-09,0.9915001
Random907
Raw:4.4685944e-10,2.9867844e-11,9.024334e-09,7.425556e-08,0.008497062,1.7759694e-06,6.4918446e-20,1.0464969e-06,4.7757234e-09,0.9915001
EFT:4.4685944e-10,2.9867844e-11,9.024334e-09,7.42557e-08,0.00849703,1.7759661e-06,6.49182e-20,1.0464948e-06,4.7757327e-09,0.9915001
Random908
Raw:4.4686113e-10,2.986796e-11,9.024352e-09,7.425584e-08,0.008496997,1.7759694e-06,6.491869e-20,1.0464928e-06,4.7757416e-09,0.9915001
EFT:4.4685944e-10,2.9867844e-11,9.024334e-09,7.42557e-08,0.00849703,1.7759661e-06,6.49182e-20,1.0464948e-06,4.7757327e-09,0.9915001
Random909
Raw:4.4686455e-10,2.9868073e-11,9.02442e-09,7.425626e-08,0.008497062,1.7759796e-06,6.4918944e-20,1.0465048e-06,4.7757602e-09,0.9915001
EFT:4.4685944e-10,2.9867844e-11,9.024334e-09,7.42557e-08,0.00849703,1.7759661e-06,6.49182e-20,1.0464948e-06,4.7757327e-09,0.9915001
Random910
Raw:4.4686285e-10,2.9868073e-11,9.024387e-09,7.425612e-08,0.00849703,1.7759762e-06,6.4918944e-20,1.0464969e-06,4.7757602e-09,0.9915001
EFT:4.4685944e-10,2.9867844e-11,9.024334e-09,7.42557e-08,0.00849703,1.7759661e-06,6.49182e-20,1.0464948e-06,4.7757327e-09,0.9915001
Random911
Raw:4.4686285e-10,2.9868073e-11,9.024387e-09,7.425612e-08,0.008497062,1.7759762e-06,6.4918944e-20,1.0464988e-06,4.7757602e-09,0.9915001
EFT:4.4685944e-10,2.9867844e-11,9.024334e-09,7.42557e-08,0.00849703,1.7759661e-06,6.49182e-20,1.0464948e-06,4.7757327e-09,0.9915001
Random912
Raw:4.4686285e-10,2.9868132e-11,9.024387e-09,7.425612e-08,0.00849703,1.7759762e-06,6.4918944e-20,1.0465008e-06,4.7757602e-09,0.9915001
EFT:4.4685944e-10,2.9867844e-11,9.024334e-09,7.42557e-08,0.00849703,1.7759661e-06,6.49182e-20,1.0464948e-06,4.7757327e-09,0.9915001
Random913
Raw:4.4686027e-10,2.9867844e-11,9.024317e-09,7.42557e-08,0.00849703,1.7759661e-06,6.49182e-20,1.0464948e-06,4.7757234e-09,0.9915001
EFT:4.4685944e-10,2.9867844e-11,9.024334e-09,7.42557e-08,0.00849703,1.7759661e-06,6.49182e-20,1.0464948e-06,4.7757327e-09,0.9915001
Random914
Raw:4.4686027e-10,2.9867903e-11,9.024352e-09,7.425556e-08,0.00849703,1.7759694e-06,6.491869e-20,1.0464928e-06,4.7757327e-09,0.9915001
EFT:4.4685944e-10,2.9867844e-11,9.024334e-09,7.42557e-08,0.00849703,1.7759661e-06,6.49182e-20,1.0464948e-06,4.7757327e-09,0.9915001
Random915
Raw:4.4686285e-10,2.9868018e-11,9.024369e-09,7.425612e-08,0.008497062,1.7759762e-06,6.491869e-20,1.0465008e-06,4.7757416e-09,0.9915001
EFT:4.4685944e-10,2.9867844e-11,9.024334e-09,7.42557e-08,0.00849703,1.7759661e-06,6.49182e-20,1.0464948e-06,4.7757327e-09,0.9915001
Random916
Raw:4.4686027e-10,2.9867844e-11,9.024317e-09,7.425584e-08,0.008496997,1.7759694e-06,6.4918446e-20,1.0464928e-06,4.7757327e-09,0.9915001
EFT:4.4685944e-10,2.9867844e-11,9.024334e-09,7.42557e-08,0.00849703,1.7759661e-06,6.49182e-20,1.0464948e-06,4.7757327e-09,0.9915001
Random917
Raw:4.4686027e-10,2.9867903e-11,9.024334e-09,7.42557e-08,0.008497062,1.7759694e-06,6.4918446e-20,1.0464969e-06,4.7757416e-09,0.9915001
EFT:4.4685944e-10,2.9867844e-11,9.024334e-09,7.42557e-08,0.00849703,1.7759661e-06,6.49182e-20,1.0464948e-06,4.7757327e-09,0.9915001
Random918
Raw:4.4686285e-10,2.9868018e-11,9.024369e-09,7.425598e-08,0.00849703,1.7759728e-06,6.491869e-20,1.0464969e-06,4.775751e-09,0.9915001
EFT:4.4685944e-10,2.9867844e-11,9.024334e-09,7.42557e-08,0.00849703,1.7759661e-06,6.49182e-20,1.0464948e-06,4.7757327e-09,0.9915001
Random919
Raw:4.4686285e-10,2.9868018e-11,9.024387e-09,7.425612e-08,0.00849703,1.7759762e-06,6.4918446e-20,1.0465008e-06,4.775751e-09,0.9915001
EFT:4.4685944e-10,2.9867844e-11,9.024334e-09,7.42557e-08,0.00849703,1.7759661e-06,6.49182e-20,1.0464948e-06,4.7757327e-09,0.9915001
Random920
Raw:4.4686285e-10,2.986796e-11,9.024387e-09,7.425612e-08,0.00849703,1.7759762e-06,6.491869e-20,1.0465008e-06,4.7757602e-09,0.9915001
EFT:4.4685944e-10,2.9867844e-11,9.024334e-09,7.42557e-08,0.00849703,1.7759661e-06,6.49182e-20,1.0464948e-06,4.7757327e-09,0.9915001
Random921
Raw:4.4686285e-10,2.9868018e-11,9.024352e-09,7.425598e-08,0.008496997,1.7759728e-06,6.491869e-20,1.0464969e-06,4.7757416e-09,0.9915001
EFT:4.4685944e-10,2.9867844e-11,9.024334e-09,7.42557e-08,0.00849703,1.7759661e-06,6.49182e-20,1.0464948e-06,4.7757327e-09,0.9915001
Random922
Raw:4.4686285e-10,2.9868073e-11,9.024387e-09,7.425612e-08,0.00849703,1.7759762e-06,6.491869e-20,1.0464969e-06,4.7757602e-09,0.9915001
EFT:4.4685944e-10,2.9867844e-11,9.024334e-09,7.42557e-08,0.00849703,1.7759661e-06,6.49182e-20,1.0464948e-06,4.7757327e-09,0.9915001
Random923
Raw:4.46862e-10,2.986796e-11,9.024352e-09,7.425612e-08,0.00849703,1.7759728e-06,6.4918446e-20,1.0464969e-06,4.775751e-09,0.9915001
EFT:4.4685944e-10,2.9867844e-11,9.024334e-09,7.42557e-08,0.00849703,1.7759661e-06,6.49182e-20,1.0464948e-06,4.7757327e-09,0.9915001
Random924
Raw:4.4686455e-10,2.9868132e-11,9.024404e-09,7.425612e-08,0.008497062,1.7759796e-06,6.491919e-20,1.0465028e-06,4.7757602e-09,0.9915001
EFT:4.4685944e-10,2.9867844e-11,9.024334e-09,7.42557e-08,0.00849703,1.7759661e-06,6.49182e-20,1.0464948e-06,4.7757327e-09,0.9915001
Random925
Raw:4.4686113e-10,2.986796e-11,9.024352e-09,7.425584e-08,0.00849703,1.7759728e-06,6.4918446e-20,1.0464969e-06,4.7757416e-09,0.9915001
EFT:4.4685944e-10,2.9867844e-11,9.024334e-09,7.42557e-08,0.00849703,1.7759661e-06,6.49182e-20,1.0464948e-06,4.7757327e-09,0.9915001
Random926
Raw:4.4686027e-10,2.986796e-11,9.024352e-09,7.42557e-08,0.008497062,1.7759728e-06,6.491869e-20,1.0464969e-06,4.7757327e-09,0.9915001
EFT:4.4685944e-10,2.9867844e-11,9.024334e-09,7.42557e-08,0.00849703,1.7759661e-06,6.49182e-20,1.0464948e-06,4.7757327e-09,0.9915001
Random927
Raw:4.46862e-10,2.986796e-11,9.024369e-09,7.425584e-08,0.00849703,1.7759762e-06,6.4918446e-20,1.0464969e-06,4.7757416e-09,0.9915001
EFT:4.4685944e-10,2.9867844e-11,9.024334e-09,7.42557e-08,0.00849703,1.7759661e-06,6.49182e-20,1.0464948e-06,4.7757327e-09,0.9915001
Random928
Raw:4.4686285e-10,2.9868073e-11,9.024369e-09,7.425612e-08,0.00849703,1.7759762e-06,6.491869e-20,1.0464988e-06,4.7757602e-09,0.9915001
EFT:4.4685944e-10,2.9867844e-11,9.024334e-09,7.42557e-08,0.00849703,1.7759661e-06,6.49182e-20,1.0464948e-06,4.7757327e-09,0.9915001
Random929
Raw:4.4686285e-10,2.9868073e-11,9.024387e-09,7.425612e-08,0.00849703,1.7759728e-06,6.491869e-20,1.0464988e-06,4.7757602e-09,0.9915001
EFT:4.4685944e-10,2.9867844e-11,9.024334e-09,7.42557e-08,0.00849703,1.7759661e-06,6.49182e-20,1.0464948e-06,4.7757327e-09,0.9915001
Random930
Raw:4.4686113e-10,2.9867844e-11,9.024334e-09,7.425584e-08,0.00849703,1.7759694e-06,6.49182e-20,1.0464948e-06,4.7757327e-09,0.9915001
EFT:4.4685944e-10,2.9867844e-11,9.024334e-09,7.42557e-08,0.00849703,1.7759661e-06,6.49182e-20,1.0464948e-06,4.7757327e-09,0.9915001
Random931
Raw:4.4686113e-10,2.9867903e-11,9.024352e-09,7.425584e-08,0.00849703,1.7759728e-06,6.4918446e-20,1.0464948e-06,4.7757416e-09,0.9915001
EFT:4.4685944e-10,2.9867844e-11,9.024334e-09,7.42557e-08,0.00849703,1.7759661e-06,6.49182e-20,1.0464948e-06,4.7757327e-09,0.9915001
Random932
Raw:4.46862e-10,2.986796e-11,9.024352e-09,7.425584e-08,0.008497062,1.7759728e-06,6.491869e-20,1.0464969e-06,4.7757327e-09,0.9915001
EFT:4.4685944e-10,2.9867844e-11,9.024334e-09,7.42557e-08,0.00849703,1.7759661e-06,6.49182e-20,1.0464948e-06,4.7757327e-09,0.9915001
Random933
Raw:4.4685944e-10,2.9867792e-11,9.024317e-09,7.425556e-08,0.00849703,1.7759661e-06,6.491795e-20,1.0464928e-06,4.7757145e-09,0.9915001
EFT:4.4685944e-10,2.9867844e-11,9.024334e-09,7.42557e-08,0.00849703,1.7759661e-06,6.49182e-20,1.0464948e-06,4.7757327e-09,0.9915001
Random934
Raw:4.4686113e-10,2.9867903e-11,9.024352e-09,7.425584e-08,0.00849703,1.7759694e-06,6.4918446e-20,1.0464928e-06,4.7757416e-09,0.9915001
EFT:4.4685944e-10,2.9867844e-11,9.024334e-09,7.42557e-08,0.00849703,1.7759661e-06,6.49182e-20,1.0464948e-06,4.7757327e-09,0.9915001
Random935
Raw:4.4686285e-10,2.986796e-11,9.024369e-09,7.425598e-08,0.00849703,1.7759728e-06,6.491869e-20,1.0464969e-06,4.7757416e-09,0.9915001
EFT:4.4685944e-10,2.9867844e-11,9.024334e-09,7.42557e-08,0.00849703,1.7759661e-06,6.49182e-20,1.0464948e-06,4.7757327e-09,0.9915001
Random936
Raw:4.4686285e-10,2.9868018e-11,9.024369e-09,7.425612e-08,0.00849703,1.7759728e-06,6.491869e-20,1.0464969e-06,4.7757602e-09,0.9915001
EFT:4.4685944e-10,2.9867844e-11,9.024334e-09,7.42557e-08,0.00849703,1.7759661e-06,6.49182e-20,1.0464948e-06,4.7757327e-09,0.9915001
Random937
Raw:4.4686027e-10,2.9867733e-11,9.024317e-09,7.42557e-08,0.008496997,1.7759627e-06,6.491795e-20,1.0464928e-06,4.7757234e-09,0.9915001
EFT:4.4685944e-10,2.9867844e-11,9.024334e-09,7.42557e-08,0.00849703,1.7759661e-06,6.49182e-20,1.0464948e-06,4.7757327e-09,0.9915001
Random938
Raw:4.4686455e-10,2.9868132e-11,9.024404e-09,7.425626e-08,0.008497062,1.7759796e-06,6.4918944e-20,1.0465008e-06,4.7757602e-09,0.9915001
EFT:4.4685944e-10,2.9867844e-11,9.024334e-09,7.42557e-08,0.00849703,1.7759661e-06,6.49182e-20,1.0464948e-06,4.7757327e-09,0.9915001
Random939
Raw:4.4686455e-10,2.986819e-11,9.02442e-09,7.425626e-08,0.008497062,1.7759796e-06,6.491919e-20,1.0465028e-06,4.7757696e-09,0.9915001
EFT:4.4685944e-10,2.9867844e-11,9.024334e-09,7.42557e-08,0.00849703,1.7759661e-06,6.49182e-20,1.0464948e-06,4.7757327e-09,0.9915001
Random940
Raw:4.46862e-10,2.986796e-11,9.024352e-09,7.425598e-08,0.00849703,1.7759694e-06,6.4918446e-20,1.0464969e-06,4.7757327e-09,0.9915001
EFT:4.4685944e-10,2.9867844e-11,9.024334e-09,7.42557e-08,0.00849703,1.7759661e-06,6.49182e-20,1.0464948e-06,4.7757327e-09,0.9915001
Random941
Raw:4.46862e-10,2.9868018e-11,9.024352e-09,7.425584e-08,0.00849703,1.7759728e-06,6.491869e-20,1.0464969e-06,4.7757416e-09,0.9915001
EFT:4.4685944e-10,2.9867844e-11,9.024334e-09,7.42557e-08,0.00849703,1.7759661e-06,6.49182e-20,1.0464948e-06,4.7757327e-09,0.9915001
Random942
Raw:4.4685944e-10,2.9867792e-11,9.024317e-09,7.425556e-08,0.00849703,1.7759627e-06,6.491795e-20,1.0464948e-06,4.7757145e-09,0.9915001
EFT:4.4685944e-10,2.9867844e-11,9.024334e-09,7.42557e-08,0.00849703,1.7759661e-06,6.49182e-20,1.0464948e-06,4.7757327e-09,0.9915001
Random943
Raw:4.46862e-10,2.986796e-11,9.024352e-09,7.425584e-08,0.00849703,1.7759728e-06,6.491869e-20,1.0464969e-06,4.7757416e-09,0.9915001
EFT:4.4685944e-10,2.9867844e-11,9.024334e-09,7.42557e-08,0.00849703,1.7759661e-06,6.49182e-20,1.0464948e-06,4.7757327e-09,0.9915001
Random944
Raw:4.4686113e-10,2.9867903e-11,9.024317e-09,7.425584e-08,0.00849703,1.7759661e-06,6.4918446e-20,1.0464948e-06,4.7757327e-09,0.9915001
EFT:4.4685944e-10,2.9867844e-11,9.024334e-09,7.42557e-08,0.00849703,1.7759661e-06,6.49182e-20,1.0464948e-06,4.7757327e-09,0.9915001
Random945
Raw:4.46862e-10,2.986796e-11,9.024352e-09,7.425584e-08,0.008497062,1.7759728e-06,6.491869e-20,1.0464969e-06,4.7757602e-09,0.9915001
EFT:4.4685944e-10,2.9867844e-11,9.024334e-09,7.42557e-08,0.00849703,1.7759661e-06,6.49182e-20,1.0464948e-06,4.7757327e-09,0.9915001
Random946
Raw:4.46862e-10,2.986796e-11,9.024369e-09,7.425598e-08,0.008497062,1.7759762e-06,6.491869e-20,1.0464988e-06,4.7757416e-09,0.9915001
EFT:4.4685944e-10,2.9867844e-11,9.024334e-09,7.42557e-08,0.00849703,1.7759661e-06,6.49182e-20,1.0464948e-06,4.7757327e-09,0.9915001
Random947
Raw:4.46862e-10,2.986796e-11,9.024352e-09,7.425584e-08,0.00849703,1.7759694e-06,6.4918446e-20,1.0464969e-06,4.7757416e-09,0.9915001
EFT:4.4685944e-10,2.9867844e-11,9.024334e-09,7.42557e-08,0.00849703,1.7759661e-06,6.49182e-20,1.0464948e-06,4.7757327e-09,0.9915001
Random948
Raw:4.4686455e-10,2.9868132e-11,9.024387e-09,7.425612e-08,0.00849703,1.7759796e-06,6.4918944e-20,1.0465008e-06,4.775778e-09,0.9915001
EFT:4.4685944e-10,2.9867844e-11,9.024334e-09,7.42557e-08,0.00849703,1.7759661e-06,6.49182e-20,1.0464948e-06,4.7757327e-09,0.9915001
Random949
Raw:4.4686285e-10,2.9868132e-11,9.024387e-09,7.425598e-08,0.00849703,1.7759762e-06,6.491919e-20,1.0464988e-06,4.7757602e-09,0.9915001
EFT:4.4685944e-10,2.9867844e-11,9.024334e-09,7.42557e-08,0.00849703,1.7759661e-06,6.49182e-20,1.0464948e-06,4.7757327e-09,0.9915001
Random950
Raw:4.4686368e-10,2.9868132e-11,9.024404e-09,7.425612e-08,0.008497062,1.7759796e-06,6.4918944e-20,1.0465008e-06,4.7757602e-09,0.9915001
EFT:4.4685944e-10,2.9867844e-11,9.024334e-09,7.42557e-08,0.00849703,1.7759661e-06,6.49182e-20,1.0464948e-06,4.7757327e-09,0.9915001
Random951
Raw:4.4685858e-10,2.9867733e-11,9.0243e-09,7.425542e-08,0.008496997,1.7759627e-06,6.491795e-20,1.0464909e-06,4.7757234e-09,0.9915001
EFT:4.4685944e-10,2.9867844e-11,9.024334e-09,7.42557e-08,0.00849703,1.7759661e-06,6.49182e-20,1.0464948e-06,4.7757327e-09,0.9915001
Random952
Raw:4.4686455e-10,2.9868132e-11,9.024387e-09,7.425612e-08,0.008497062,1.7759762e-06,6.4918944e-20,1.0465008e-06,4.7757602e-09,0.9915001
EFT:4.4685944e-10,2.9867844e-11,9.024334e-09,7.42557e-08,0.00849703,1.7759661e-06,6.49182e-20,1.0464948e-06,4.7757327e-09,0.9915001
Random953
Raw:4.46862e-10,2.986796e-11,9.024352e-09,7.425598e-08,0.008497062,1.7759728e-06,6.4918446e-20,1.0465008e-06,4.7757416e-09,0.9915001
EFT:4.4685944e-10,2.9867844e-11,9.024334e-09,7.42557e-08,0.00849703,1.7759661e-06,6.49182e-20,1.0464948e-06,4.7757327e-09,0.9915001
Random954
Raw:4.4686113e-10,2.9867903e-11,9.024352e-09,7.425584e-08,0.008497062,1.7759694e-06,6.49182e-20,1.0464969e-06,4.7757416e-09,0.9915001
EFT:4.4685944e-10,2.9867844e-11,9.024334e-09,7.42557e-08,0.00849703,1.7759661e-06,6.49182e-20,1.0464948e-06,4.7757327e-09,0.9915001
Random955
Raw:4.4686113e-10,2.986796e-11,9.024369e-09,7.425584e-08,0.008497062,1.7759728e-06,6.491869e-20,1.0464969e-06,4.7757416e-09,0.9915001
EFT:4.4685944e-10,2.9867844e-11,9.024334e-09,7.42557e-08,0.00849703,1.7759661e-06,6.49182e-20,1.0464948e-06,4.7757327e-09,0.9915001
Random956
Raw:4.4685944e-10,2.9867844e-11,9.024317e-09,7.42557e-08,0.00849703,1.7759661e-06,6.4918446e-20,1.0464948e-06,4.7757234e-09,0.9915001
EFT:4.4685944e-10,2.9867844e-11,9.024334e-09,7.42557e-08,0.00849703,1.7759661e-06,6.49182e-20,1.0464948e-06,4.7757327e-09,0.9915001
Random957
Raw:4.46862e-10,2.986796e-11,9.024369e-09,7.425598e-08,0.008497062,1.7759762e-06,6.491869e-20,1.0465008e-06,4.7757416e-09,0.9915001
EFT:4.4685944e-10,2.9867844e-11,9.024334e-09,7.42557e-08,0.00849703,1.7759661e-06,6.49182e-20,1.0464948e-06,4.7757327e-09,0.9915001
Random958
Raw:4.46862e-10,2.9867903e-11,9.024352e-09,7.425612e-08,0.008497062,1.7759728e-06,6.49182e-20,1.0464948e-06,4.7757416e-09,0.9915001
EFT:4.4685944e-10,2.9867844e-11,9.024334e-09,7.42557e-08,0.00849703,1.7759661e-06,6.49182e-20,1.0464948e-06,4.7757327e-09,0.9915001
Random959
Raw:4.4686027e-10,2.9867844e-11,9.024334e-09,7.42557e-08,0.00849703,1.7759694e-06,6.49182e-20,1.0464969e-06,4.7757234e-09,0.9915001
EFT:4.4685944e-10,2.9867844e-11,9.024334e-09,7.42557e-08,0.00849703,1.7759661e-06,6.49182e-20,1.0464948e-06,4.7757327e-09,0.9915001
Random960
Raw:4.46862e-10,2.9867903e-11,9.024352e-09,7.425598e-08,0.008497062,1.7759728e-06,6.49182e-20,1.0464969e-06,4.7757416e-09,0.9915001
EFT:4.4685944e-10,2.9867844e-11,9.024334e-09,7.42557e-08,0.00849703,1.7759661e-06,6.49182e-20,1.0464948e-06,4.7757327e-09,0.9915001
Random961
Raw:4.4686027e-10,2.9867903e-11,9.024334e-09,7.42557e-08,0.008496997,1.7759661e-06,6.4918446e-20,1.0464928e-06,4.7757327e-09,0.9915001
EFT:4.4685944e-10,2.9867844e-11,9.024334e-09,7.42557e-08,0.00849703,1.7759661e-06,6.49182e-20,1.0464948e-06,4.7757327e-09,0.9915001
Random962
Raw:4.46862e-10,2.986796e-11,9.024369e-09,7.425584e-08,0.00849703,1.7759762e-06,6.4918446e-20,1.0464969e-06,4.7757416e-09,0.9915001
EFT:4.4685944e-10,2.9867844e-11,9.024334e-09,7.42557e-08,0.00849703,1.7759661e-06,6.49182e-20,1.0464948e-06,4.7757327e-09,0.9915001
Random963
Raw:4.4686285e-10,2.986796e-11,9.024369e-09,7.425598e-08,0.00849703,1.7759728e-06,6.491869e-20,1.0464969e-06,4.7757416e-09,0.9915001
EFT:4.4685944e-10,2.9867844e-11,9.024334e-09,7.42557e-08,0.00849703,1.7759661e-06,6.49182e-20,1.0464948e-06,4.7757327e-09,0.9915001
Random964
Raw:4.4686027e-10,2.9867903e-11,9.024334e-09,7.425584e-08,0.00849703,1.7759694e-06,6.4918446e-20,1.0464928e-06,4.7757327e-09,0.9915001
EFT:4.4685944e-10,2.9867844e-11,9.024334e-09,7.42557e-08,0.00849703,1.7759661e-06,6.49182e-20,1.0464948e-06,4.7757327e-09,0.9915001
Random965
Raw:4.4685944e-10,2.9867733e-11,9.024317e-09,7.425556e-08,0.00849703,1.7759661e-06,6.49182e-20,1.0464928e-06,4.7757145e-09,0.9915001
EFT:4.4685944e-10,2.9867844e-11,9.024334e-09,7.42557e-08,0.00849703,1.7759661e-06,6.49182e-20,1.0464948e-06,4.7757327e-09,0.9915001
Random966
Raw:4.4686113e-10,2.9867903e-11,9.024352e-09,7.42557e-08,0.00849703,1.7759661e-06,6.491869e-20,1.0464969e-06,4.7757327e-09,0.9915001
EFT:4.4685944e-10,2.9867844e-11,9.024334e-09,7.42557e-08,0.00849703,1.7759661e-06,6.49182e-20,1.0464948e-06,4.7757327e-09,0.9915001
Random967
Raw:4.4686368e-10,2.9868073e-11,9.024387e-09,7.425612e-08,0.008497062,1.7759762e-06,6.491869e-20,1.0464988e-06,4.7757602e-09,0.9915001
EFT:4.4685944e-10,2.9867844e-11,9.024334e-09,7.42557e-08,0.00849703,1.7759661e-06,6.49182e-20,1.0464948e-06,4.7757327e-09,0.9915001
Random968
Raw:4.4686285e-10,2.9868018e-11,9.024387e-09,7.425598e-08,0.008497062,1.7759796e-06,6.491869e-20,1.0464969e-06,4.7757602e-09,0.9915001
EFT:4.4685944e-10,2.9867844e-11,9.024334e-09,7.42557e-08,0.00849703,1.7759661e-06,6.49182e-20,1.0464948e-06,4.7757327e-09,0.9915001
Random969
Raw:4.4686455e-10,2.9868132e-11,9.024387e-09,7.425626e-08,0.008497062,1.7759796e-06,6.4918944e-20,1.0465008e-06,4.7757696e-09,0.9915001
EFT:4.4685944e-10,2.9867844e-11,9.024334e-09,7.42557e-08,0.00849703,1.7759661e-06,6.49182e-20,1.0464948e-06,4.7757327e-09,0.9915001
Random970
Raw:4.4685858e-10,2.9867733e-11,9.0243e-09,7.425556e-08,0.00849703,1.7759661e-06,6.49177e-20,1.0464928e-06,4.7757145e-09,0.9915001
EFT:4.4685944e-10,2.9867844e-11,9.024334e-09,7.42557e-08,0.00849703,1.7759661e-06,6.49182e-20,1.0464948e-06,4.7757327e-09,0.9915001
Random971
Raw:4.46862e-10,2.9868018e-11,9.024369e-09,7.425584e-08,0.008497062,1.7759728e-06,6.4918944e-20,1.0464969e-06,4.7757416e-09,0.9915001
EFT:4.4685944e-10,2.9867844e-11,9.024334e-09,7.42557e-08,0.00849703,1.7759661e-06,6.49182e-20,1.0464948e-06,4.7757327e-09,0.9915001
Random972
Raw:4.4686285e-10,2.9868073e-11,9.024387e-09,7.425612e-08,0.00849703,1.7759728e-06,6.491869e-20,1.0465008e-06,4.7757416e-09,0.9915001
EFT:4.4685944e-10,2.9867844e-11,9.024334e-09,7.42557e-08,0.00849703,1.7759661e-06,6.49182e-20,1.0464948e-06,4.7757327e-09,0.9915001
Random973
Raw:4.4686113e-10,2.986796e-11,9.024352e-09,7.425584e-08,0.008496997,1.7759728e-06,6.4918446e-20,1.0464969e-06,4.775751e-09,0.9915001
EFT:4.4685944e-10,2.9867844e-11,9.024334e-09,7.42557e-08,0.00849703,1.7759661e-06,6.49182e-20,1.0464948e-06,4.7757327e-09,0.9915001
Random974
Raw:4.4686285e-10,2.9868018e-11,9.024369e-09,7.425612e-08,0.00849703,1.7759728e-06,6.491869e-20,1.0464969e-06,4.7757602e-09,0.9915001
EFT:4.4685944e-10,2.9867844e-11,9.024334e-09,7.42557e-08,0.00849703,1.7759661e-06,6.49182e-20,1.0464948e-06,4.7757327e-09,0.9915001
Random975
Raw:4.4686027e-10,2.9867844e-11,9.024334e-09,7.425584e-08,0.008496997,1.7759661e-06,6.4918446e-20,1.0464928e-06,4.7757416e-09,0.9915001
EFT:4.4685944e-10,2.9867844e-11,9.024334e-09,7.42557e-08,0.00849703,1.7759661e-06,6.49182e-20,1.0464948e-06,4.7757327e-09,0.9915001
Random976
Raw:4.4686285e-10,2.9868018e-11,9.024369e-09,7.425598e-08,0.00849703,1.7759762e-06,6.4918944e-20,1.0464988e-06,4.775751e-09,0.9915001
EFT:4.4685944e-10,2.9867844e-11,9.024334e-09,7.42557e-08,0.00849703,1.7759661e-06,6.49182e-20,1.0464948e-06,4.7757327e-09,0.9915001
Random977
Raw:4.4686285e-10,2.9868018e-11,9.024369e-09,7.425598e-08,0.00849703,1.7759728e-06,6.491869e-20,1.0464969e-06,4.7757416e-09,0.9915001
EFT:4.4685944e-10,2.9867844e-11,9.024334e-09,7.42557e-08,0.00849703,1.7759661e-06,6.49182e-20,1.0464948e-06,4.7757327e-09,0.9915001
Random978
Raw:4.4686113e-10,2.9867844e-11,9.024352e-09,7.425584e-08,0.00849703,1.7759694e-06,6.49182e-20,1.0464969e-06,4.7757327e-09,0.9915001
EFT:4.4685944e-10,2.9867844e-11,9.024334e-09,7.42557e-08,0.00849703,1.7759661e-06,6.49182e-20,1.0464948e-06,4.7757327e-09,0.9915001
Random979
Raw:4.4686285e-10,2.9868073e-11,9.024387e-09,7.425612e-08,0.008497062,1.7759796e-06,6.491869e-20,1.0465008e-06,4.7757602e-09,0.9915001
EFT:4.4685944e-10,2.9867844e-11,9.024334e-09,7.42557e-08,0.00849703,1.7759661e-06,6.49182e-20,1.0464948e-06,4.7757327e-09,0.9915001
Random980
Raw:4.46862e-10,2.9868018e-11,9.024387e-09,7.425598e-08,0.008497062,1.7759762e-06,6.491869e-20,1.0465008e-06,4.7757416e-09,0.9915001
EFT:4.4685944e-10,2.9867844e-11,9.024334e-09,7.42557e-08,0.00849703,1.7759661e-06,6.49182e-20,1.0464948e-06,4.7757327e-09,0.9915001
Random981
Raw:4.4686285e-10,2.986796e-11,9.024369e-09,7.425584e-08,0.008496997,1.7759728e-06,6.491869e-20,1.0464969e-06,4.775751e-09,0.9915001
EFT:4.4685944e-10,2.9867844e-11,9.024334e-09,7.42557e-08,0.00849703,1.7759661e-06,6.49182e-20,1.0464948e-06,4.7757327e-09,0.9915001
Random982
Raw:4.4686113e-10,2.986796e-11,9.024352e-09,7.425584e-08,0.008497062,1.7759694e-06,6.491869e-20,1.0464948e-06,4.7757416e-09,0.9915001
EFT:4.4685944e-10,2.9867844e-11,9.024334e-09,7.42557e-08,0.00849703,1.7759661e-06,6.49182e-20,1.0464948e-06,4.7757327e-09,0.9915001
Random983
Raw:4.4686285e-10,2.9868018e-11,9.024369e-09,7.425612e-08,0.00849703,1.7759728e-06,6.491869e-20,1.0464988e-06,4.775751e-09,0.9915001
EFT:4.4685944e-10,2.9867844e-11,9.024334e-09,7.42557e-08,0.00849703,1.7759661e-06,6.49182e-20,1.0464948e-06,4.7757327e-09,0.9915001
Random984
Raw:4.4685944e-10,2.9867733e-11,9.0243e-09,7.425542e-08,0.00849703,1.7759661e-06,6.49177e-20,1.0464948e-06,4.7757056e-09,0.9915001
EFT:4.4685944e-10,2.9867844e-11,9.024334e-09,7.42557e-08,0.00849703,1.7759661e-06,6.49182e-20,1.0464948e-06,4.7757327e-09,0.9915001
Random985
Raw:4.46862e-10,2.9868018e-11,9.024369e-09,7.425584e-08,0.008497062,1.7759728e-06,6.491869e-20,1.0464969e-06,4.7757416e-09,0.9915001
EFT:4.4685944e-10,2.9867844e-11,9.024334e-09,7.42557e-08,0.00849703,1.7759661e-06,6.49182e-20,1.0464948e-06,4.7757327e-09,0.9915001
Random986
Raw:4.46862e-10,2.9867903e-11,9.024352e-09,7.425584e-08,0.008497062,1.7759694e-06,6.49182e-20,1.0465008e-06,4.7757234e-09,0.9915001
EFT:4.4685944e-10,2.9867844e-11,9.024334e-09,7.42557e-08,0.00849703,1.7759661e-06,6.49182e-20,1.0464948e-06,4.7757327e-09,0.9915001
Random987
Raw:4.4686285e-10,2.9868073e-11,9.024387e-09,7.425612e-08,0.008497062,1.7759796e-06,6.4918944e-20,1.0465008e-06,4.775751e-09,0.9915001
EFT:4.4685944e-10,2.9867844e-11,9.024334e-09,7.42557e-08,0.00849703,1.7759661e-06,6.49182e-20,1.0464948e-06,4.7757327e-09,0.9915001
Random988
Raw:4.4686113e-10,2.9867903e-11,9.024352e-09,7.425584e-08,0.008496997,1.7759661e-06,6.4918446e-20,1.0464928e-06,4.7757416e-09,0.9915001
EFT:4.4685944e-10,2.9867844e-11,9.024334e-09,7.42557e-08,0.00849703,1.7759661e-06,6.49182e-20,1.0464948e-06,4.7757327e-09,0.9915001
Random989
Raw:4.4686113e-10,2.986796e-11,9.024352e-09,7.425584e-08,0.008497062,1.7759728e-06,6.491869e-20,1.0465008e-06,4.7757327e-09,0.9915001
EFT:4.4685944e-10,2.9867844e-11,9.024334e-09,7.42557e-08,0.00849703,1.7759661e-06,6.49182e-20,1.0464948e-06,4.7757327e-09,0.9915001
Random990
Raw:4.4686027e-10,2.9867844e-11,9.024334e-09,7.425584e-08,0.00849703,1.7759661e-06,6.49182e-20,1.0464969e-06,4.7757416e-09,0.9915001
EFT:4.4685944e-10,2.9867844e-11,9.024334e-09,7.42557e-08,0.00849703,1.7759661e-06,6.49182e-20,1.0464948e-06,4.7757327e-09,0.9915001
Random991
Raw:4.4686027e-10,2.9867844e-11,9.024317e-09,7.42557e-08,0.00849703,1.7759694e-06,6.49182e-20,1.0464948e-06,4.7757327e-09,0.9915001
EFT:4.4685944e-10,2.9867844e-11,9.024334e-09,7.42557e-08,0.00849703,1.7759661e-06,6.49182e-20,1.0464948e-06,4.7757327e-09,0.9915001
Random992
Raw:4.468654e-10,2.986819e-11,9.02442e-09,7.4256405e-08,0.008497062,1.7759829e-06,6.491919e-20,1.0465028e-06,4.775778e-09,0.9915001
EFT:4.4685944e-10,2.9867844e-11,9.024334e-09,7.42557e-08,0.00849703,1.7759661e-06,6.49182e-20,1.0464948e-06,4.7757327e-09,0.9915001
Random993
Raw:4.4686455e-10,2.9868132e-11,9.024404e-09,7.425626e-08,0.008497062,1.7759796e-06,6.491919e-20,1.0465008e-06,4.7757696e-09,0.9915001
EFT:4.4685944e-10,2.9867844e-11,9.024334e-09,7.42557e-08,0.00849703,1.7759661e-06,6.49182e-20,1.0464948e-06,4.7757327e-09,0.9915001
Random994
Raw:4.4686113e-10,2.986796e-11,9.024352e-09,7.425584e-08,0.00849703,1.7759728e-06,6.491869e-20,1.0464948e-06,4.7757416e-09,0.9915001
EFT:4.4685944e-10,2.9867844e-11,9.024334e-09,7.42557e-08,0.00849703,1.7759661e-06,6.49182e-20,1.0464948e-06,4.7757327e-09,0.9915001
Random995
Raw:4.46862e-10,2.986796e-11,9.024352e-09,7.425598e-08,0.008496997,1.7759728e-06,6.491869e-20,1.0464969e-06,4.7757416e-09,0.9915001
EFT:4.4685944e-10,2.9867844e-11,9.024334e-09,7.42557e-08,0.00849703,1.7759661e-06,6.49182e-20,1.0464948e-06,4.7757327e-09,0.9915001
Random996
Raw:4.4686285e-10,2.9868073e-11,9.024387e-09,7.425612e-08,0.008497062,1.7759796e-06,6.4918944e-20,1.0465008e-06,4.7757602e-09,0.9915001
EFT:4.4685944e-10,2.9867844e-11,9.024334e-09,7.42557e-08,0.00849703,1.7759661e-06,6.49182e-20,1.0464948e-06,4.7757327e-09,0.9915001
Random997
Raw:4.4686285e-10,2.986796e-11,9.024369e-09,7.425612e-08,0.008496997,1.7759728e-06,6.4918446e-20,1.0464969e-06,4.7757602e-09,0.9915001
EFT:4.4685944e-10,2.9867844e-11,9.024334e-09,7.42557e-08,0.00849703,1.7759661e-06,6.49182e-20,1.0464948e-06,4.7757327e-09,0.9915001
Random998
Raw:4.4686027e-10,2.9867844e-11,9.024317e-09,7.42557e-08,0.00849703,1.7759694e-06,6.49182e-20,1.0464948e-06,4.7757234e-09,0.9915001
EFT:4.4685944e-10,2.9867844e-11,9.024334e-09,7.42557e-08,0.00849703,1.7759661e-06,6.49182e-20,1.0464948e-06,4.7757327e-09,0.9915001
Random999
Raw:4.4686113e-10,2.9867903e-11,9.024352e-09,7.425584e-08,0.00849703,1.7759728e-06,6.4918446e-20,1.0464928e-06,4.7757416e-09,0.9915001
EFT:4.4685944e-10,2.9867844e-11,9.024334e-09,7.42557e-08,0.00849703,1.7759661e-06,6.49182e-20,1.0464948e-06,4.7757327e-09,0.9915001
Random1000
Raw:4.4686285e-10,2.9868073e-11,9.024387e-09,7.425612e-08,0.00849703,1.7759728e-06,6.491869e-20,1.0464988e-06,4.7757602e-09,0.9915001
EFT:4.4685944e-10,2.9867844e-11,9.024334e-09,7.42557e-08,0.00849703,1.7759661e-06,6.49182e-20,1.0464948e-06,4.7757327e-09,0.9915001
