Ascend
Raw:34.69309,12.146838,24.960552,17.140162,18.17827,23.285269,24.40323,25.357767,6.233079,13.423505
EFT:34.69309,12.146838,24.960552,17.140162,18.17827,23.285269,24.40323,25.357767,6.233079,13.423505
Descend
Raw:34.6931,12.146844,24.960564,17.14017,18.178278,23.285278,24.40324,25.357779,6.233079,13.42351
EFT:34.69309,12.146838,24.960552,17.140162,18.17827,23.285269,24.40323,25.357767,6.233079,13.423505
Random1
Raw:34.693092,12.146841,24.960556,17.140163,18.178272,23.28527,24.403233,25.35777,6.23308,13.423509
EFT:34.69309,12.146838,24.960552,17.140162,18.17827,23.285269,24.40323,25.357767,6.233079,13.423505
Random2
Raw:34.693085,12.146838,24.96055,17.140158,18.178268,23.285265,24.403225,25.357763,6.233081,13.423507
EFT:34.69309,12.146838,24.960552,17.140162,18.17827,23.285269,24.40323,25.357767,6.233079,13.423505
Random3
Raw:34.693085,12.146838,24.960552,17.140162,18.17827,23.285269,24.40323,25.357767,6.2330785,13.423504
EFT:34.69309,12.146838,24.960552,17.140162,18.17827,23.285269,24.40323,25.357767,6.233079,13.423505
Random4
Raw:34.693092,12.146841,24.960556,17.140163,18.178272,23.28527,24.403233,25.35777,6.23308,13.423508
EFT:34.69309,12.146838,24.960552,17.140162,18.17827,23.285269,24.40323,25.357767,6.233079,13.423505
Random5
Raw:34.69309,12.146839,24.960552,17.140162,18.17827,23.285269,24.40323,25.357767,6.23308,13.423507
EFT:34.69309,12.146838,24.960552,17.140162,18.17827,23.285269,24.40323,25.357767,6.233079,13.423505
Random6
Raw:34.69309,12.146838,24.96055,17.14016,18.178268,23.285267,24.403227,25.357765,6.2330794,13.423505
EFT:34.69309,12.146838,24.960552,17.140162,18.17827,23.285269,24.40323,25.357767,6.233079,13.423505
Random7
Raw:34.693085,12.146836,24.960548,17.140158,18.178267,23.285265,24.403225,25.357761,6.233079,13.423503
EFT:34.69309,12.146838,24.960552,17.140162,18.17827,23.285269,24.40323,25.357767,6.233079,13.423505
Random8
Raw:34.69309,12.14684,24.960552,17.140162,18.17827,23.285269,24.40323,25.357769,6.23308,13.423508
EFT:34.69309,12.146838,24.960552,17.140162,18.17827,23.285269,24.40323,25.357767,6.233079,13.423505
Random9
Raw:34.69309,12.146839,24.960552,17.140162,18.17827,23.285269,24.40323,25.357767,6.23308,13.423507
EFT:34.69309,12.146838,24.960552,17.140162,18.17827,23.285269,24.40323,25.357767,6.233079,13.423505
Random10
Raw:34.693092,12.14684,24.960556,17.140163,18.178272,23.28527,24.403233,25.35777,6.233079,13.423506
EFT:34.69309,12.146838,24.960552,17.140162,18.17827,23.285269,24.40323,25.357767,6.233079,13.423505
Random11
Raw:34.69309,12.146838,24.96055,17.14016,18.178268,23.285267,24.403227,25.357765,6.233079,13.423504
EFT:34.69309,12.146838,24.960552,17.140162,18.17827,23.285269,24.40323,25.357767,6.233079,13.423505
Random12
Raw:34.69308,12.146834,24.960548,17.140158,18.178267,23.285265,24.403225,25.35776,6.2330775,13.4235
EFT:34.69309,12.146838,24.960552,17.140162,18.17827,23.285269,24.40323,25.357767,6.233079,13.423505
Random13
Raw:34.69309,12.146838,24.96055,17.14016,18.178268,23.285267,24.403227,25.357765,6.233079,13.423504
EFT:34.69309,12.146838,24.960552,17.140162,18.17827,23.285269,24.40323,25.357767,6.233079,13.423505
Random14
Raw:34.69309,12.146839,24.960552,17.140162,18.17827,23.285269,24.40323,25.357767,6.23308,13.423507
EFT:34.69309,12.146838,24.960552,17.140162,18.17827,23.285269,24.40323,25.357767,6.233079,13.423505
Random15
Raw:34.693096,12.146841,24.96056,17.140165,18.178274,23.285276,24.403238,25.357775,6.233079,13.423508
EFT:34.69309,12.146838,24.960552,17.140162,18.17827,23.285269,24.40323,25.357767,6.233079,13.423505
Random16
Raw:34.69309,12.146839,24.960552,17.140162,18.17827,23.285269,24.40323,25.357767,6.23308,13.423507
EFT:34.69309,12.146838,24.960552,17.140162,18.17827,23.285269,24.40323,25.357767,6.233079,13.423505
Random17
Raw:34.69309,12.146839,24.960552,17.14016,18.178268,23.285267,24.403227,25.357767,6.2330804,13.423507
EFT:34.69309,12.146838,24.960552,17.140162,18.17827,23.285269,24.40323,25.357767,6.233079,13.423505
Random18
Raw:34.693077,12.146834,24.960543,17.140154,18.178263,23.28526,24.40322,25.357758,6.233078,13.4235
EFT:34.69309,12.146838,24.960552,17.140162,18.17827,23.285269,24.40323,25.357767,6.233079,13.423505
Random19
Raw:34.69309,12.14684,24.960554,17.140162,18.17827,23.285269,24.40323,25.357769,6.233081,13.423509
EFT:34.69309,12.146838,24.960552,17.140162,18.17827,23.285269,24.40323,25.357767,6.233079,13.423505
Random20
Raw:34.69309,12.146839,24.960552,17.140162,18.17827,23.285269,24.40323,25.357767,6.23308,13.423507
EFT:34.69309,12.146838,24.960552,17.140162,18.17827,23.285269,24.40323,25.357767,6.233079,13.423505
Random21
Raw:34.69308,12.146832,24.960548,17.140156,18.178265,23.285263,24.403225,25.35776,6.2330756,13.423496
EFT:34.69309,12.146838,24.960552,17.140162,18.17827,23.285269,24.40323,25.357767,6.233079,13.423505
Random22
Raw:34.69309,12.146837,24.96055,17.14016,18.178268,23.285267,24.403227,25.357765,6.233079,13.423503
EFT:34.69309,12.146838,24.960552,17.140162,18.17827,23.285269,24.40323,25.357767,6.233079,13.423505
Random23
Raw:34.69311,12.146847,24.960567,17.140171,18.178282,23.285284,24.403246,25.357784,6.2330804,13.423513
EFT:34.69309,12.146838,24.960552,17.140162,18.17827,23.285269,24.40323,25.357767,6.233079,13.423505
Random24
Raw:34.69309,12.146837,24.96055,17.14016,18.178268,23.285267,24.403227,25.357765,6.233079,13.423503
EFT:34.69309,12.146838,24.960552,17.140162,18.17827,23.285269,24.40323,25.357767,6.233079,13.423505
Random25
Raw:34.69309,12.146838,24.960552,17.140162,18.17827,23.285269,24.40323,25.357767,6.233079,13.423504
EFT:34.69309,12.146838,24.960552,17.140162,18.17827,23.285269,24.40323,25.357767,6.233079,13.423505
Random26
Raw:34.693085,12.146836,24.960548,17.140158,18.178267,23.285265,24.403225,25.357761,6.233079,13.423503
EFT:34.69309,12.146838,24.960552,17.140162,18.17827,23.285269,24.40323,25.357767,6.233079,13.423505
Random27
Raw:34.69309,12.146839,24.960556,17.140163,18.178272,23.28527,24.403233,25.35777,6.2330785,13.423505
EFT:34.69309,12.146838,24.960552,17.140162,18.17827,23.285269,24.40323,25.357767,6.233079,13.423505
Random28
Raw:34.693092,12.146841,24.960556,17.140163,18.178272,23.28527,24.403233,25.35777,6.23308,13.423508
EFT:34.69309,12.146838,24.960552,17.140162,18.17827,23.285269,24.40323,25.357767,6.233079,13.423505
Random29
Raw:34.69309,12.146838,24.96055,17.14016,18.178268,23.285267,24.403227,25.357765,6.233079,13.423504
EFT:34.69309,12.146838,24.960552,17.140162,18.17827,23.285269,24.40323,25.357767,6.233079,13.423505
Random30
Raw:34.693092,12.146843,24.960558,17.140163,18.178272,23.28527,24.403233,25.357773,6.233081,13.423511
EFT:34.69309,12.146838,24.960552,17.140162,18.17827,23.285269,24.40323,25.357767,6.233079,13.423505
Random31
Raw:34.69309,12.146839,24.960552,17.140162,18.17827,23.285269,24.40323,25.357767,6.233079,13.423506
EFT:34.69309,12.146838,24.960552,17.140162,18.17827,23.285269,24.40323,25.357767,6.233079,13.423505
Random32
Raw:34.693085,12.146836,24.960552,17.14016,18.178268,23.285267,24.40323,25.357765,6.233077,13.423501
EFT:34.69309,12.146838,24.960552,17.140162,18.17827,23.285269,24.40323,25.357767,6.233079,13.423505
Random33
Raw:34.69309,12.146838,24.960552,17.140162,18.17827,23.285269,24.40323,25.357767,6.233079,13.423505
EFT:34.69309,12.146838,24.960552,17.140162,18.17827,23.285269,24.40323,25.357767,6.233079,13.423505
Random34
Raw:34.693085,12.146837,24.96055,17.14016,18.178268,23.285267,24.403227,25.357765,6.233078,13.423502
EFT:34.69309,12.146838,24.960552,17.140162,18.17827,23.285269,24.40323,25.357767,6.233079,13.423505
Random35
Raw:34.693104,12.146845,24.960564,17.14017,18.178278,23.285278,24.40324,25.357779,6.2330804,13.4235115
EFT:34.69309,12.146838,24.960552,17.140162,18.17827,23.285269,24.40323,25.357767,6.233079,13.423505
Random36
Raw:34.69309,12.14684,24.960552,17.140162,18.17827,23.285269,24.40323,25.357769,6.233081,13.423509
EFT:34.69309,12.146838,24.960552,17.140162,18.17827,23.285269,24.40323,25.357767,6.233079,13.423505
Random37
Raw:34.69308,12.146835,24.960545,17.140156,18.178265,23.285261,24.403223,25.35776,6.233079,13.423502
EFT:34.69309,12.146838,24.960552,17.140162,18.17827,23.285269,24.40323,25.357767,6.233079,13.423505
Random38
Raw:34.693096,12.146843,24.960558,17.140165,18.178274,23.285275,24.403234,25.357773,6.233081,13.423511
EFT:34.69309,12.146838,24.960552,17.140162,18.17827,23.285269,24.40323,25.357767,6.233079,13.423505
Random39
Raw:34.693092,12.14684,24.960556,17.140163,18.178272,23.28527,24.403233,25.35777,6.233079,13.423507
EFT:34.69309,12.146838,24.960552,17.140162,18.17827,23.285269,24.40323,25.357767,6.233079,13.423505
Random40
Raw:34.693092,12.146841,24.960558,17.140165,18.178274,23.285275,24.403234,25.357773,6.233079,13.423507
EFT:34.69309,12.146838,24.960552,17.140162,18.17827,23.285269,24.40323,25.357767,6.233079,13.423505
Random41
Raw:34.693077,12.146834,24.960543,17.140154,18.178263,23.28526,24.40322,25.357758,6.2330785,13.423501
EFT:34.69309,12.146838,24.960552,17.140162,18.17827,23.285269,24.40323,25.357767,6.233079,13.423505
Random42
Raw:34.69308,12.146837,24.960546,17.140158,18.178267,23.285263,24.403223,25.357761,6.233081,13.423506
EFT:34.69309,12.146838,24.960552,17.140162,18.17827,23.285269,24.40323,25.357767,6.233079,13.423505
Random43
Raw:34.6931,12.146842,24.96056,17.140167,18.178276,23.285276,24.403238,25.357777,6.23308,13.42351
EFT:34.69309,12.146838,24.960552,17.140162,18.17827,23.285269,24.40323,25.357767,6.233079,13.423505
Random44
Raw:34.69308,12.146835,24.960545,17.140156,18.178265,23.285261,24.403223,25.35776,6.233079,13.423502
EFT:34.69309,12.146838,24.960552,17.140162,18.17827,23.285269,24.40323,25.357767,6.233079,13.423505
Random45
Raw:34.6931,12.146843,24.96056,17.140167,18.178276,23.285276,24.403238,25.357777,6.2330804,13.4235115
EFT:34.69309,12.146838,24.960552,17.140162,18.17827,23.285269,24.40323,25.357767,6.233079,13.423505
Random46
Raw:34.693096,12.146841,24.96056,17.140167,18.178276,23.285276,24.403238,25.357775,6.233079,13.423508
EFT:34.69309,12.146838,24.960552,17.140162,18.17827,23.285269,24.40323,25.357767,6.233079,13.423505
Random47
Raw:34.69308,12.146834,24.960545,17.140156,18.178265,23.285261,24.403223,25.35776,6.233078,13.423499
EFT:34.69309,12.146838,24.960552,17.140162,18.17827,23.285269,24.40323,25.357767,6.233079,13.423505
Random48
Raw:34.693096,12.146841,24.960558,17.140165,18.178274,23.285275,24.403234,25.357773,6.2330794,13.423508
EFT:34.69309,12.146838,24.960552,17.140162,18.17827,23.285269,24.40323,25.357767,6.233079,13.423505
Random49
Raw:34.69308,12.146834,24.960545,17.140156,18.178265,23.285261,24.403223,25.35776,6.233078,13.423499
EFT:34.69309,12.146838,24.960552,17.140162,18.17827,23.285269,24.40323,25.357767,6.233079,13.423505
Random50
Raw:34.693104,12.146847,24.960566,17.14017,18.178278,23.285278,24.40324,25.35778,6.233082,13.423514
EFT:34.69309,12.146838,24.960552,17.140162,18.17827,23.285269,24.40323,25.357767,6.233079,13.423505
Random51
Raw:34.693092,12.146842,24.960556,17.140163,18.178272,23.28527,24.403233,25.357773,6.233081,13.42351
EFT:34.69309,12.146838,24.960552,17.140162,18.17827,23.285269,24.40323,25.357767,6.233079,13.423505
Random52
Raw:34.693085,12.146836,24.960548,17.140158,18.178267,23.285265,24.403225,25.357761,6.233079,13.423503
EFT:34.69309,12.146838,24.960552,17.140162,18.17827,23.285269,24.40323,25.357767,6.233079,13.423505
Random53
Raw:34.693085,12.146837,24.96055,17.14016,18.178268,23.285267,24.403227,25.357765,6.233078,13.423502
EFT:34.69309,12.146838,24.960552,17.140162,18.17827,23.285269,24.40323,25.357767,6.233079,13.423505
Random54
Raw:34.69309,12.146839,24.960552,17.140162,18.17827,23.285269,24.40323,25.357767,6.23308,13.423507
EFT:34.69309,12.146838,24.960552,17.140162,18.17827,23.285269,24.40323,25.357767,6.233079,13.423505
Random55
Raw:34.6931,12.146843,24.96056,17.140167,18.178276,23.285276,24.403238,25.357777,6.23308,13.423511
EFT:34.69309,12.146838,24.960552,17.140162,18.17827,23.285269,24.40323,25.357767,6.233079,13.423505
Random56
Raw:34.693092,12.146843,24.960558,17.140163,18.178274,23.28527,24.403233,25.357773,6.2330813,13.4235115
EFT:34.69309,12.146838,24.960552,17.140162,18.17827,23.285269,24.40323,25.357767,6.233079,13.423505
Random57
Raw:34.69309,12.146838,24.960552,17.140162,18.17827,23.285269,24.40323,25.357767,6.233079,13.423505
EFT:34.69309,12.146838,24.960552,17.140162,18.17827,23.285269,24.40323,25.357767,6.233079,13.423505
Random58
Raw:34.69309,12.146839,24.960552,17.14016,18.178268,23.285267,24.403227,25.357767,6.233081,13.423507
EFT:34.69309,12.146838,24.960552,17.140162,18.17827,23.285269,24.40323,25.357767,6.233079,13.423505
Random59
Raw:34.693085,12.146837,24.960552,17.140162,18.17827,23.285269,24.40323,25.357767,6.233078,13.423503
EFT:34.69309,12.146838,24.960552,17.140162,18.17827,23.285269,24.40323,25.357767,6.233079,13.423505
Random60
Raw:34.69308,12.146834,24.960548,17.140158,18.178267,23.285265,24.403225,25.357761,6.233078,13.4235
EFT:34.69309,12.146838,24.960552,17.140162,18.17827,23.285269,24.40323,25.357767,6.233079,13.423505
Random61
Raw:34.69309,12.146838,24.96055,17.14016,18.178268,23.285267,24.403227,25.357765,6.233079,13.423504
EFT:34.69309,12.146838,24.960552,17.140162,18.17827,23.285269,24.40323,25.357767,6.233079,13.423505
Random62
Raw:34.693092,12.14684,24.960556,17.140163,18.178272,23.28527,24.403233,25.35777,6.233079,13.423507
EFT:34.69309,12.146838,24.960552,17.140162,18.17827,23.285269,24.40323,25.357767,6.233079,13.423505
Random63
Raw:34.6931,12.146844,24.960564,17.14017,18.178278,23.285278,24.40324,25.357779,6.2330794,13.42351
EFT:34.69309,12.146838,24.960552,17.140162,18.17827,23.285269,24.40323,25.357767,6.233079,13.423505
Random64
Raw:34.693092,12.14684,24.960556,17.140163,18.178272,23.28527,24.403233,25.35777,6.233079,13.423506
EFT:34.69309,12.146838,24.960552,17.140162,18.17827,23.285269,24.40323,25.357767,6.233079,13.423505
Random65
Raw:34.69309,12.146839,24.960552,17.140162,18.17827,23.285269,24.40323,25.357767,6.2330794,13.423506
EFT:34.69309,12.146838,24.960552,17.140162,18.17827,23.285269,24.40323,25.357767,6.233079,13.423505
Random66
Raw:34.69309,12.146837,24.96055,17.14016,18.178268,23.285267,24.403227,25.357765,6.2330785,13.423503
EFT:34.69309,12.146838,24.960552,17.140162,18.17827,23.285269,24.40323,25.357767,6.233079,13.423505
Random67
Raw:34.693092,12.146841,24.960556,17.140163,18.178272,23.28527,24.403233,25.35777,6.23308,13.423508
EFT:34.69309,12.146838,24.960552,17.140162,18.17827,23.285269,24.40323,25.357767,6.233079,13.423505
Random68
Raw:34.69309,12.146838,24.96055,17.14016,18.178268,23.285267,24.403227,25.357765,6.233079,13.423504
EFT:34.69309,12.146838,24.960552,17.140162,18.17827,23.285269,24.40323,25.357767,6.233079,13.423505
Random69
Raw:34.693092,12.14684,24.960556,17.140163,18.178272,23.28527,24.403233,25.35777,6.233079,13.423507
EFT:34.69309,12.146838,24.960552,17.140162,18.17827,23.285269,24.40323,25.357767,6.233079,13.423505
Random70
Raw:34.693092,12.146842,24.960556,17.140163,18.178272,23.28527,24.403233,25.357773,6.233081,13.42351
EFT:34.69309,12.146838,24.960552,17.140162,18.17827,23.285269,24.40323,25.357767,6.233079,13.423505
Random71
Raw:34.69309,12.146839,24.96055,17.14016,18.178268,23.285267,24.403227,25.357767,6.23308,13.423506
EFT:34.69309,12.146838,24.960552,17.140162,18.17827,23.285269,24.40323,25.357767,6.233079,13.423505
Random72
Raw:34.69309,12.146838,24.960552,17.140162,18.17827,23.285269,24.40323,25.357767,6.233079,13.423504
EFT:34.69309,12.146838,24.960552,17.140162,18.17827,23.285269,24.40323,25.357767,6.233079,13.423505
Random73
Raw:34.693096,12.146842,24.960558,17.140165,18.178274,23.285275,24.403234,25.357773,6.23308,13.423509
EFT:34.69309,12.146838,24.960552,17.140162,18.17827,23.285269,24.40323,25.357767,6.233079,13.423505
Random74
Raw:34.6931,12.146845,24.960562,17.14017,18.178278,23.285276,24.403238,25.357779,6.233082,13.423515
EFT:34.69309,12.146838,24.960552,17.140162,18.17827,23.285269,24.40323,25.357767,6.233079,13.423505
Random75
Raw:34.6931,12.146843,24.96056,17.140167,18.178276,23.285276,24.403238,25.357777,6.23308,13.423511
EFT:34.69309,12.146838,24.960552,17.140162,18.17827,23.285269,24.40323,25.357767,6.233079,13.423505
Random76
Raw:34.69309,12.14684,24.960552,17.140162,18.17827,23.285269,24.40323,25.357769,6.2330804,13.423508
EFT:34.69309,12.146838,24.960552,17.140162,18.17827,23.285269,24.40323,25.357767,6.233079,13.423505
Random77
Raw:34.693096,12.146843,24.960558,17.140165,18.178274,23.285275,24.403234,25.357775,6.233081,13.423511
EFT:34.69309,12.146838,24.960552,17.140162,18.17827,23.285269,24.40323,25.357767,6.233079,13.423505
Random78
Raw:34.693092,12.146843,24.960558,17.140165,18.178274,23.28527,24.403233,25.357773,6.233082,13.423512
EFT:34.69309,12.146838,24.960552,17.140162,18.17827,23.285269,24.40323,25.357767,6.233079,13.423505
Random79
Raw:34.69311,12.146849,24.960567,17.140171,18.178282,23.285284,24.403246,25.357784,6.233082,13.423516
EFT:34.69309,12.146838,24.960552,17.140162,18.17827,23.285269,24.40323,25.357767,6.233079,13.423505
Random80
Raw:34.693104,12.146845,24.960564,17.14017,18.178278,23.285278,24.40324,25.357779,6.233081,13.423512
EFT:34.69309,12.146838,24.960552,17.140162,18.17827,23.285269,24.40323,25.357767,6.233079,13.423505
Random81
Raw:34.693092,12.146841,24.960556,17.140163,18.178272,23.28527,24.403233,25.35777,6.23308,13.423509
EFT:34.69309,12.146838,24.960552,17.140162,18.17827,23.285269,24.40323,25.357767,6.233079,13.423505
Random82
Raw:34.693085,12.146836,24.960548,17.140158,18.178267,23.285265,24.403225,25.357761,6.233079,13.423503
EFT:34.69309,12.146838,24.960552,17.140162,18.17827,23.285269,24.40323,25.357767,6.233079,13.423505
Random83
Raw:34.693085,12.146835,24.960548,17.140158,18.178267,23.285265,24.403225,25.357761,6.233078,13.423501
EFT:34.69309,12.146838,24.960552,17.140162,18.17827,23.285269,24.40323,25.357767,6.233079,13.423505
Random84
Raw:34.693096,12.146844,24.96056,17.140167,18.178276,23.285275,24.403234,25.357775,6.233082,13.423513
EFT:34.69309,12.146838,24.960552,17.140162,18.17827,23.285269,24.40323,25.357767,6.233079,13.423505
Random85
Raw:34.69309,12.146837,24.96055,17.14016,18.178268,23.285267,24.403227,25.357765,6.233079,13.423503
EFT:34.69309,12.146838,24.960552,17.140162,18.17827,23.285269,24.40323,25.357767,6.233079,13.423505
Random86
Raw:34.693092,12.14684,24.960556,17.140163,18.178272,23.28527,24.403233,25.35777,6.233079,13.423506
EFT:34.69309,12.146838,24.960552,17.140162,18.17827,23.285269,24.40323,25.357767,6.233079,13.423505
Random87
Raw:34.693096,12.146845,24.96056,17.140167,18.178276,23.285276,24.403234,25.357775,6.2330823,13.423514
EFT:34.69309,12.146838,24.960552,17.140162,18.17827,23.285269,24.40323,25.357767,6.233079,13.423505
Random88
Raw:34.693092,12.146843,24.960558,17.140163,18.178274,23.28527,24.403233,25.357773,6.233081,13.4235115
EFT:34.69309,12.146838,24.960552,17.140162,18.17827,23.285269,24.40323,25.357767,6.233079,13.423505
Random89
Raw:34.693085,12.146836,24.960548,17.140158,18.178267,23.285265,24.403225,25.357761,6.233079,13.423503
EFT:34.69309,12.146838,24.960552,17.140162,18.17827,23.285269,24.40323,25.357767,6.233079,13.423505
Random90
Raw:34.693085,12.146836,24.960548,17.140158,18.178267,23.285265,24.403225,25.357761,6.233079,13.423504
EFT:34.69309,12.146838,24.960552,17.140162,18.17827,23.285269,24.40323,25.357767,6.233079,13.423505
Random91
Raw:34.693085,12.146835,24.960548,17.140158,18.178267,23.285265,24.403225,25.357761,6.233079,13.423502
EFT:34.69309,12.146838,24.960552,17.140162,18.17827,23.285269,24.40323,25.357767,6.233079,13.423505
Random92
Raw:34.69309,12.146839,24.960552,17.140162,18.17827,23.285269,24.40323,25.357767,6.233079,13.423506
EFT:34.69309,12.146838,24.960552,17.140162,18.17827,23.285269,24.40323,25.357767,6.233079,13.423505
Random93
Raw:34.693092,12.146843,24.960558,17.140165,18.178274,23.285273,24.403233,25.357773,6.233082,13.423512
EFT:34.69309,12.146838,24.960552,17.140162,18.17827,23.285269,24.40323,25.357767,6.233079,13.423505
Random94
Raw:34.693085,12.146836,24.960548,17.140158,18.178267,23.285265,24.403225,25.357761,6.233079,13.423503
EFT:34.69309,12.146838,24.960552,17.140162,18.17827,23.285269,24.40323,25.357767,6.233079,13.423505
Random95
Raw:34.693092,12.14684,24.960556,17.140163,18.178272,23.28527,24.403233,25.35777,6.233079,13.423507
EFT:34.69309,12.146838,24.960552,17.140162,18.17827,23.285269,24.40323,25.357767,6.233079,13.423505
Random96
Raw:34.693092,12.14684,24.960556,17.140163,18.178272,23.28527,24.403233,25.35777,6.233079,13.423506
EFT:34.69309,12.146838,24.960552,17.140162,18.17827,23.285269,24.40323,25.357767,6.233079,13.423505
Random97
Raw:34.693092,12.146841,24.960556,17.140163,18.178272,23.28527,24.403233,25.35777,6.23308,13.423508
EFT:34.69309,12.146838,24.960552,17.140162,18.17827,23.285269,24.40323,25.357767,6.233079,13.423505
Random98
Raw:34.693092,12.146841,24.960556,17.140163,18.178272,23.28527,24.403233,25.35777,6.23308,13.423508
EFT:34.69309,12.146838,24.960552,17.140162,18.17827,23.285269,24.40323,25.357767,6.233079,13.423505
Random99
Raw:34.693085,12.146836,24.960548,17.140158,18.178267,23.285265,24.403225,25.357761,6.233079,13.423504
EFT:34.69309,12.146838,24.960552,17.140162,18.17827,23.285269,24.40323,25.357767,6.233079,13.423505
Random100
Raw:34.6931,12.146842,24.96056,17.140167,18.178276,23.285276,24.403238,25.357777,6.2330794,13.42351
EFT:34.69309,12.146838,24.960552,17.140162,18.17827,23.285269,24.40323,25.357767,6.233079,13.423505
Random101
Raw:34.69308,12.146835,24.960548,17.140158,18.178267,23.285265,24.403225,25.357761,6.233078,13.423501
EFT:34.69309,12.146838,24.960552,17.140162,18.17827,23.285269,24.40323,25.357767,6.233079,13.423505
Random102
Raw:34.693096,12.146844,24.96056,17.140165,18.178274,23.285275,24.403234,25.357775,6.2330813,13.423512
EFT:34.69309,12.146838,24.960552,17.140162,18.17827,23.285269,24.40323,25.357767,6.233079,13.423505
Random103
Raw:34.693085,12.146836,24.960548,17.140158,18.178267,23.285265,24.403225,25.357761,6.233079,13.423504
EFT:34.69309,12.146838,24.960552,17.140162,18.17827,23.285269,24.40323,25.357767,6.233079,13.423505
Random104
Raw:34.69308,12.146833,24.960548,17.140156,18.178265,23.285265,24.403225,25.35776,6.233077,13.423498
EFT:34.69309,12.146838,24.960552,17.140162,18.17827,23.285269,24.40323,25.357767,6.233079,13.423505
Random105
Raw:34.69309,12.14684,24.960552,17.140162,18.17827,23.285269,24.40323,25.357767,6.23308,13.423508
EFT:34.69309,12.146838,24.960552,17.140162,18.17827,23.285269,24.40323,25.357767,6.233079,13.423505
Random106
Raw:34.69308,12.146834,24.960545,17.140156,18.178265,23.285261,24.403223,25.35776,6.233078,13.4235
EFT:34.69309,12.146838,24.960552,17.140162,18.17827,23.285269,24.40323,25.357767,6.233079,13.423505
Random107
Raw:34.693092,12.146841,24.960556,17.140163,18.178272,23.28527,24.403233,25.35777,6.23308,13.423508
EFT:34.69309,12.146838,24.960552,17.140162,18.17827,23.285269,24.40323,25.357767,6.233079,13.423505
Random108
Raw:34.69309,12.146838,24.96055,17.14016,18.178268,23.285267,24.403227,25.357765,6.233079,13.423504
EFT:34.69309,12.146838,24.960552,17.140162,18.17827,23.285269,24.40323,25.357767,6.233079,13.423505
Random109
Raw:34.69309,12.146838,24.960552,17.140162,18.17827,23.285269,24.40323,25.357767,6.233079,13.423505
EFT:34.69309,12.146838,24.960552,17.140162,18.17827,23.285269,24.40323,25.357767,6.233079,13.423505
Random110
Raw:34.693085,12.146838,24.960552,17.140162,18.17827,23.285269,24.40323,25.357767,6.2330785,13.423504
EFT:34.69309,12.146838,24.960552,17.140162,18.17827,23.285269,24.40323,25.357767,6.233079,13.423505
Random111
Raw:34.6931,12.146842,24.96056,17.140167,18.178276,23.285276,24.403238,25.357777,6.2330794,13.423509
EFT:34.69309,12.146838,24.960552,17.140162,18.17827,23.285269,24.40323,25.357767,6.233079,13.423505
Random112
Raw:34.69308,12.146834,24.960548,17.140156,18.178265,23.285265,24.403225,25.35776,6.233077,13.423499
EFT:34.69309,12.146838,24.960552,17.140162,18.17827,23.285269,24.40323,25.357767,6.233079,13.423505
Random113
Raw:34.693096,12.146843,24.960558,17.140165,18.178274,23.285275,24.403234,25.357775,6.233081,13.423511
EFT:34.69309,12.146838,24.960552,17.140162,18.17827,23.285269,24.40323,25.357767,6.233079,13.423505
Random114
Raw:34.693096,12.146842,24.960558,17.140165,18.178274,23.285275,24.403234,25.357773,6.23308,13.423509
EFT:34.69309,12.146838,24.960552,17.140162,18.17827,23.285269,24.40323,25.357767,6.233079,13.423505
Random115
Raw:34.69309,12.146837,24.96055,17.14016,18.178268,23.285267,24.403227,25.357765,6.2330785,13.423503
EFT:34.69309,12.146838,24.960552,17.140162,18.17827,23.285269,24.40323,25.357767,6.233079,13.423505
Random116
Raw:34.6931,12.146844,24.96056,17.140167,18.178276,23.285276,24.403238,25.357777,6.233081,13.4235115
EFT:34.69309,12.146838,24.960552,17.140162,18.17827,23.285269,24.40323,25.357767,6.233079,13.423505
Random117
Raw:34.693092,12.146841,24.960556,17.140163,18.178272,23.28527,24.403233,25.35777,6.23308,13.423508
EFT:34.69309,12.146838,24.960552,17.140162,18.17827,23.285269,24.40323,25.357767,6.233079,13.423505
Random118
Raw:34.69309,12.146839,24.960552,17.140162,18.17827,23.285269,24.40323,25.357767,6.23308,13.423507
EFT:34.69309,12.146838,24.960552,17.140162,18.17827,23.285269,24.40323,25.357767,6.233079,13.423505
Random119
Raw:34.6931,12.146844,24.960562,17.140167,18.178276,23.285276,24.403238,25.357779,6.233082,13.423513
EFT:34.69309,12.146838,24.960552,17.140162,18.17827,23.285269,24.40323,25.357767,6.233079,13.423505
Random120
Raw:34.693092,12.146842,24.960558,17.140163,18.178272,23.28527,24.403233,25.357773,6.233081,13.423511
EFT:34.69309,12.146838,24.960552,17.140162,18.17827,23.285269,24.40323,25.357767,6.233079,13.423505
Random121
Raw:34.693085,12.146835,24.960548,17.140158,18.178267,23.285265,24.403225,25.357761,6.2330785,13.423502
EFT:34.69309,12.146838,24.960552,17.140162,18.17827,23.285269,24.40323,25.357767,6.233079,13.423505
Random122
Raw:34.693092,12.14684,24.960556,17.140163,18.178272,23.28527,24.403233,25.35777,6.233079,13.423506
EFT:34.69309,12.146838,24.960552,17.140162,18.17827,23.285269,24.40323,25.357767,6.233079,13.423505
Random123
Raw:34.69309,12.146839,24.960552,17.140162,18.17827,23.285269,24.40323,25.357767,6.233079,13.423506
EFT:34.69309,12.146838,24.960552,17.140162,18.17827,23.285269,24.40323,25.357767,6.233079,13.423505
Random124
Raw:34.693085,12.146836,24.960548,17.140158,18.178267,23.285265,24.403225,25.357761,6.233079,13.423504
EFT:34.69309,12.146838,24.960552,17.140162,18.17827,23.285269,24.40323,25.357767,6.233079,13.423505
Random125
Raw:34.693092,12.146842,24.960556,17.140163,18.178272,23.28527,24.403233,25.357773,6.233081,13.423511
EFT:34.69309,12.146838,24.960552,17.140162,18.17827,23.285269,24.40323,25.357767,6.233079,13.423505
Random126
Raw:34.693096,12.146841,24.960558,17.140165,18.178274,23.285275,24.403234,25.357773,6.233079,13.423507
EFT:34.69309,12.146838,24.960552,17.140162,18.17827,23.285269,24.40323,25.357767,6.233079,13.423505
Random127
Raw:34.693085,12.146836,24.960548,17.140158,18.178267,23.285265,24.403225,25.357761,6.233079,13.423504
EFT:34.69309,12.146838,24.960552,17.140162,18.17827,23.285269,24.40323,25.357767,6.233079,13.423505
Random128
Raw:34.69309,12.146839,24.960552,17.140162,18.17827,23.285269,24.40323,25.357767,6.233079,13.423506
EFT:34.69309,12.146838,24.960552,17.140162,18.17827,23.285269,24.40323,25.357767,6.233079,13.423505
Random129
Raw:34.693096,12.146842,24.96056,17.140167,18.178276,23.285276,24.403238,25.357777,6.233079,13.423509
EFT:34.69309,12.146838,24.960552,17.140162,18.17827,23.285269,24.40323,25.357767,6.233079,13.423505
Random130
Raw:34.693085,12.146837,24.960552,17.14016,18.178268,23.285269,24.40323,25.357765,6.233078,13.423503
EFT:34.69309,12.146838,24.960552,17.140162,18.17827,23.285269,24.40323,25.357767,6.233079,13.423505
Random131
Raw:34.69309,12.146838,24.960552,17.140162,18.17827,23.285269,24.40323,25.357767,6.233079,13.423505
EFT:34.69309,12.146838,24.960552,17.140162,18.17827,23.285269,24.40323,25.357767,6.233079,13.423505
Random132
Raw:34.693085,12.146835,24.96055,17.140158,18.178267,23.285265,24.403227,25.357763,6.2330766,13.423498
EFT:34.69309,12.146838,24.960552,17.140162,18.17827,23.285269,24.40323,25.357767,6.233079,13.423505
Random133
Raw:34.69309,12.146838,24.96055,17.14016,18.178268,23.285267,24.403227,25.357765,6.233079,13.423504
EFT:34.69309,12.146838,24.960552,17.140162,18.17827,23.285269,24.40323,25.357767,6.233079,13.423505
Random134
Raw:34.693085,12.146836,24.96055,17.140158,18.178267,23.285267,24.403227,25.357763,6.233077,13.4235
EFT:34.69309,12.146838,24.960552,17.140162,18.17827,23.285269,24.40323,25.357767,6.233079,13.423505
Random135
Raw:34.693085,12.14684,24.96055,17.14016,18.178268,23.285267,24.403225,25.357765,6.2330823,13.423511
EFT:34.69309,12.146838,24.960552,17.140162,18.17827,23.285269,24.40323,25.357767,6.233079,13.423505
Random136
Raw:34.69309,12.146838,24.960552,17.140162,18.17827,23.285269,24.40323,25.357767,6.233079,13.423505
EFT:34.69309,12.146838,24.960552,17.140162,18.17827,23.285269,24.40323,25.357767,6.233079,13.423505
Random137
Raw:34.693085,12.146836,24.96055,17.140158,18.178267,23.285267,24.403227,25.357763,6.2330775,13.4235
EFT:34.69309,12.146838,24.960552,17.140162,18.17827,23.285269,24.40323,25.357767,6.233079,13.423505
Random138
Raw:34.693085,12.146836,24.960552,17.14016,18.178268,23.285267,24.40323,25.357765,6.233077,13.4235
EFT:34.69309,12.146838,24.960552,17.140162,18.17827,23.285269,24.40323,25.357767,6.233079,13.423505
Random139
Raw:34.693096,12.146841,24.960558,17.140165,18.178274,23.285275,24.403234,25.357773,6.2330794,13.423508
EFT:34.69309,12.146838,24.960552,17.140162,18.17827,23.285269,24.40323,25.357767,6.233079,13.423505
Random140
Raw:34.69309,12.146837,24.96055,17.14016,18.178268,23.285267,24.403227,25.357765,6.2330785,13.423502
EFT:34.69309,12.146838,24.960552,17.140162,18.17827,23.285269,24.40323,25.357767,6.233079,13.423505
Random141
Raw:34.693096,12.146843,24.960558,17.140165,18.178274,23.285275,24.403234,25.357775,6.233081,13.423511
EFT:34.69309,12.146838,24.960552,17.140162,18.17827,23.285269,24.40323,25.357767,6.233079,13.423505
Random142
Raw:34.69309,12.146837,24.96055,17.14016,18.178268,23.285267,24.403227,25.357765,6.233079,13.423503
EFT:34.69309,12.146838,24.960552,17.140162,18.17827,23.285269,24.40323,25.357767,6.233079,13.423505
Random143
Raw:34.693085,12.146835,24.960548,17.140158,18.178267,23.285265,24.403225,25.357761,6.233078,13.423502
EFT:34.69309,12.146838,24.960552,17.140162,18.17827,23.285269,24.40323,25.357767,6.233079,13.423505
Random144
Raw:34.693085,12.146837,24.960552,17.14016,18.178268,23.285269,24.40323,25.357765,6.233078,13.423503
EFT:34.69309,12.146838,24.960552,17.140162,18.17827,23.285269,24.40323,25.357767,6.233079,13.423505
Random145
Raw:34.69309,12.146838,24.960552,17.140162,18.17827,23.285269,24.40323,25.357767,6.233079,13.423504
EFT:34.69309,12.146838,24.960552,17.140162,18.17827,23.285269,24.40323,25.357767,6.233079,13.423505
Random146
Raw:34.69309,12.146838,24.96055,17.14016,18.178268,23.285267,24.403227,25.357765,6.233079,13.423504
EFT:34.69309,12.146838,24.960552,17.140162,18.17827,23.285269,24.40323,25.357767,6.233079,13.423505
Random147
Raw:34.693085,12.146835,24.960548,17.140158,18.178267,23.285265,24.403225,25.357761,6.2330785,13.423502
EFT:34.69309,12.146838,24.960552,17.140162,18.17827,23.285269,24.40323,25.357767,6.233079,13.423505
Random148
Raw:34.693077,12.146833,24.960543,17.140154,18.178263,23.28526,24.40322,25.357758,6.233078,13.423499
EFT:34.69309,12.146838,24.960552,17.140162,18.17827,23.285269,24.40323,25.357767,6.233079,13.423505
Random149
Raw:34.693085,12.146838,24.960552,17.140162,18.17827,23.285269,24.40323,25.357767,6.2330785,13.423504
EFT:34.69309,12.146838,24.960552,17.140162,18.17827,23.285269,24.40323,25.357767,6.233079,13.423505
Random150
Raw:34.69309,12.146841,24.960554,17.140163,18.178272,23.285269,24.40323,25.357769,6.2330813,13.42351
EFT:34.69309,12.146838,24.960552,17.140162,18.17827,23.285269,24.40323,25.357767,6.233079,13.423505
Random151
Raw:34.693085,12.146835,24.960548,17.140158,18.178267,23.285265,24.403225,25.357761,6.2330785,13.423502
EFT:34.69309,12.146838,24.960552,17.140162,18.17827,23.285269,24.40323,25.357767,6.233079,13.423505
Random152
Raw:34.693096,12.146842,24.960558,17.140165,18.178274,23.285275,24.403234,25.357773,6.23308,13.423509
EFT:34.69309,12.146838,24.960552,17.140162,18.17827,23.285269,24.40323,25.357767,6.233079,13.423505
Random153
Raw:34.69309,12.146838,24.960552,17.140162,18.17827,23.285269,24.40323,25.357767,6.233079,13.423505
EFT:34.69309,12.146838,24.960552,17.140162,18.17827,23.285269,24.40323,25.357767,6.233079,13.423505
Random154
Raw:34.693092,12.14684,24.960556,17.140163,18.178272,23.28527,24.403233,25.35777,6.2330794,13.423507
EFT:34.69309,12.146838,24.960552,17.140162,18.17827,23.285269,24.40323,25.357767,6.233079,13.423505
Random155
Raw:34.693085,12.146836,24.96055,17.14016,18.178268,23.285267,24.403227,25.357763,6.233078,13.423501
EFT:34.69309,12.146838,24.960552,17.140162,18.17827,23.285269,24.40323,25.357767,6.233079,13.423505
Random156
Raw:34.693085,12.146836,24.960548,17.140158,18.178267,23.285265,24.403225,25.357761,6.2330794,13.423504
EFT:34.69309,12.146838,24.960552,17.140162,18.17827,23.285269,24.40323,25.357767,6.233079,13.423505
Random157
Raw:34.69309,12.14684,24.960554,17.140162,18.17827,23.285269,24.40323,25.357769,6.233081,13.423509
EFT:34.69309,12.146838,24.960552,17.140162,18.17827,23.285269,24.40323,25.357767,6.233079,13.423505
Random158
Raw:34.693096,12.146841,24.960558,17.140165,18.178274,23.285275,24.403234,25.357773,6.233079,13.423507
EFT:34.69309,12.146838,24.960552,17.140162,18.17827,23.285269,24.40323,25.357767,6.233079,13.423505
Random159
Raw:34.69309,12.14684,24.960552,17.14016,18.17827,23.285267,24.403227,25.357767,6.233081,13.423508
EFT:34.69309,12.146838,24.960552,17.140162,18.17827,23.285269,24.40323,25.357767,6.233079,13.423505
Random160
Raw:34.693096,12.146843,24.960558,17.140165,18.178274,23.285275,24.403234,25.357775,6.233081,13.4235115
EFT:34.69309,12.146838,24.960552,17.140162,18.17827,23.285269,24.40323,25.357767,6.233079,13.423505
Random161
Raw:34.693085,12.146835,24.960548,17.140158,18.178267,23.285265,24.403225,25.357761,6.233078,13.423501
EFT:34.69309,12.146838,24.960552,17.140162,18.17827,23.285269,24.40323,25.357767,6.233079,13.423505
Random162
Raw:34.69309,12.146839,24.96055,17.14016,18.178268,23.285267,24.403227,25.357765,6.23308,13.423506
EFT:34.69309,12.146838,24.960552,17.140162,18.17827,23.285269,24.40323,25.357767,6.233079,13.423505
Random163
Raw:34.693096,12.146842,24.960558,17.140165,18.178274,23.285275,24.403234,25.357773,6.23308,13.42351
EFT:34.69309,12.146838,24.960552,17.140162,18.17827,23.285269,24.40323,25.357767,6.233079,13.423505
Random164
Raw:34.693085,12.146836,24.96055,17.140158,18.178267,23.285267,24.403227,25.357763,6.233078,13.423501
EFT:34.69309,12.146838,24.960552,17.140162,18.17827,23.285269,24.40323,25.357767,6.233079,13.423505
Random165
Raw:34.693085,12.146842,24.96055,17.140162,18.17827,23.285267,24.403225,25.357767,6.2330847,13.423514
EFT:34.69309,12.146838,24.960552,17.140162,18.17827,23.285269,24.40323,25.357767,6.233079,13.423505
Random166
Raw:34.693092,12.14684,24.960556,17.140163,18.178272,23.28527,24.403233,25.35777,6.2330794,13.423507
EFT:34.69309,12.146838,24.960552,17.140162,18.17827,23.285269,24.40323,25.357767,6.233079,13.423505
Random167
Raw:34.693085,12.146836,24.96055,17.14016,18.178268,23.285267,24.403227,25.357765,6.233078,13.423502
EFT:34.69309,12.146838,24.960552,17.140162,18.17827,23.285269,24.40323,25.357767,6.233079,13.423505
Random168
Raw:34.69309,12.146839,24.960552,17.140162,18.17827,23.285269,24.40323,25.357767,6.23308,13.423507
EFT:34.69309,12.146838,24.960552,17.140162,18.17827,23.285269,24.40323,25.357767,6.233079,13.423505
Random169
Raw:34.693096,12.146843,24.960558,17.140165,18.178274,23.285275,24.403234,25.357773,6.233081,13.423511
EFT:34.69309,12.146838,24.960552,17.140162,18.17827,23.285269,24.40323,25.357767,6.233079,13.423505
Random170
Raw:34.693092,12.146841,24.960556,17.140163,18.178272,23.28527,24.403233,25.35777,6.23308,13.423508
EFT:34.69309,12.146838,24.960552,17.140162,18.17827,23.285269,24.40323,25.357767,6.233079,13.423505
Random171
Raw:34.693092,12.14684,24.960556,17.140163,18.178272,23.28527,24.403233,25.35777,6.2330794,13.423507
EFT:34.69309,12.146838,24.960552,17.140162,18.17827,23.285269,24.40323,25.357767,6.233079,13.423505
Random172
Raw:34.693092,12.146841,24.960556,17.140163,18.178272,23.28527,24.403233,25.35777,6.2330794,13.423508
EFT:34.69309,12.146838,24.960552,17.140162,18.17827,23.285269,24.40323,25.357767,6.233079,13.423505
Random173
Raw:34.693085,12.146837,24.960552,17.140162,18.178268,23.285269,24.40323,25.357765,6.233078,13.423503
EFT:34.69309,12.146838,24.960552,17.140162,18.17827,23.285269,24.40323,25.357767,6.233079,13.423505
Random174
Raw:34.69309,12.146838,24.96055,17.14016,18.178268,23.285267,24.403227,25.357765,6.2330794,13.423505
EFT:34.69309,12.146838,24.960552,17.140162,18.17827,23.285269,24.40323,25.357767,6.233079,13.423505
Random175
Raw:34.693085,12.146837,24.96055,17.14016,18.178268,23.285267,24.403227,25.357765,6.233078,13.423502
EFT:34.69309,12.146838,24.960552,17.140162,18.17827,23.285269,24.40323,25.357767,6.233079,13.423505
Random176
Raw:34.69309,12.146838,24.96055,17.14016,18.178268,23.285267,24.403227,25.357765,6.233079,13.423504
EFT:34.69309,12.146838,24.960552,17.140162,18.17827,23.285269,24.40323,25.357767,6.233079,13.423505
Random177
Raw:34.6931,12.146847,24.960562,17.14017,18.178278,23.285278,24.403238,25.35778,6.2330837,13.423518
EFT:34.69309,12.146838,24.960552,17.140162,18.17827,23.285269,24.40323,25.357767,6.233079,13.423505
Random178
Raw:34.69309,12.146839,24.960552,17.140162,18.17827,23.285269,24.40323,25.357767,6.233079,13.423506
EFT:34.69309,12.146838,24.960552,17.140162,18.17827,23.285269,24.40323,25.357767,6.233079,13.423505
Random179
Raw:34.693085,12.146836,24.96055,17.140158,18.178267,23.285267,24.403227,25.357763,6.233078,13.423501
EFT:34.69309,12.146838,24.960552,17.140162,18.17827,23.285269,24.40323,25.357767,6.233079,13.423505
Random180
Raw:34.69309,12.146842,24.960552,17.140162,18.17827,23.285269,24.403227,25.357769,6.233083,13.4235115
EFT:34.69309,12.146838,24.960552,17.140162,18.17827,23.285269,24.40323,25.357767,6.233079,13.423505
Random181
Raw:34.693085,12.146836,24.96055,17.14016,18.178268,23.285267,24.403227,25.357765,6.233078,13.423502
EFT:34.69309,12.146838,24.960552,17.140162,18.17827,23.285269,24.40323,25.357767,6.233079,13.423505
Random182
Raw:34.693085,12.146835,24.960548,17.140158,18.178267,23.285265,24.403225,25.357761,6.233078,13.423501
EFT:34.69309,12.146838,24.960552,17.140162,18.17827,23.285269,24.40323,25.357767,6.233079,13.423505
Random183
Raw:34.6931,12.146845,24.960562,17.140167,18.178278,23.285276,24.403238,25.357779,6.233082,13.423514
EFT:34.69309,12.146838,24.960552,17.140162,18.17827,23.285269,24.40323,25.357767,6.233079,13.423505
Random184
Raw:34.69309,12.146838,24.96055,17.14016,18.178268,23.285267,24.403227,25.357765,6.233079,13.423504
EFT:34.69309,12.146838,24.960552,17.140162,18.17827,23.285269,24.40323,25.357767,6.233079,13.423505
Random185
Raw:34.693096,12.146842,24.960558,17.140165,18.178274,23.285275,24.403234,25.357773,6.23308,13.42351
EFT:34.69309,12.146838,24.960552,17.140162,18.17827,23.285269,24.40323,25.357767,6.233079,13.423505
Random186
Raw:34.693085,12.146837,24.960548,17.140158,18.178267,23.285265,24.403225,25.357763,6.23308,13.423505
EFT:34.69309,12.146838,24.960552,17.140162,18.17827,23.285269,24.40323,25.357767,6.233079,13.423505
Random187
Raw:34.693085,12.146836,24.96055,17.140158,18.178267,23.285267,24.403227,25.357763,6.233078,13.423501
EFT:34.69309,12.146838,24.960552,17.140162,18.17827,23.285269,24.40323,25.357767,6.233079,13.423505
Random188
Raw:34.693085,12.146836,24.960548,17.140158,18.178267,23.285265,24.403225,25.357761,6.233079,13.423504
EFT:34.69309,12.146838,24.960552,17.140162,18.17827,23.285269,24.40323,25.357767,6.233079,13.423505
Random189
Raw:34.69309,12.14684,24.960552,17.140162,18.17827,23.285269,24.40323,25.357769,6.23308,13.423508
EFT:34.69309,12.146838,24.960552,17.140162,18.17827,23.285269,24.40323,25.357767,6.233079,13.423505
Random190
Raw:34.693085,12.146836,24.960548,17.140158,18.178267,23.285265,24.403225,25.357761,6.233079,13.423503
EFT:34.69309,12.146838,24.960552,17.140162,18.17827,23.285269,24.40323,25.357767,6.233079,13.423505
Random191
Raw:34.693096,12.146843,24.960558,17.140165,18.178274,23.285275,24.403234,25.357773,6.2330804,13.42351
EFT:34.69309,12.146838,24.960552,17.140162,18.17827,23.285269,24.40323,25.357767,6.233079,13.423505
Random192
Raw:34.693096,12.146842,24.960558,17.140165,18.178274,23.285275,24.403234,25.357773,6.2330804,13.42351
EFT:34.69309,12.146838,24.960552,17.140162,18.17827,23.285269,24.40323,25.357767,6.233079,13.423505
Random193
Raw:34.69309,12.14684,24.960552,17.140162,18.17827,23.285269,24.40323,25.357769,6.2330804,13.423508
EFT:34.69309,12.146838,24.960552,17.140162,18.17827,23.285269,24.40323,25.357767,6.233079,13.423505
Random194
Raw:34.693092,12.146841,24.960556,17.140163,18.178272,23.28527,24.403233,25.35777,6.23308,13.423509
EFT:34.69309,12.146838,24.960552,17.140162,18.17827,23.285269,24.40323,25.357767,6.233079,13.423505
Random195
Raw:34.6931,12.146844,24.96056,17.140167,18.178276,23.285276,24.403238,25.357779,6.233081,13.423512
EFT:34.69309,12.146838,24.960552,17.140162,18.17827,23.285269,24.40323,25.357767,6.233079,13.423505
Random196
Raw:34.69309,12.146841,24.960554,17.140163,18.178272,23.285269,24.40323,25.357769,6.2330813,13.42351
EFT:34.69309,12.146838,24.960552,17.140162,18.17827,23.285269,24.40323,25.357767,6.233079,13.423505
Random197
Raw:34.69308,12.146834,24.960548,17.140156,18.178265,23.285265,24.403225,25.35776,6.233077,13.423499
EFT:34.69309,12.146838,24.960552,17.140162,18.17827,23.285269,24.40323,25.357767,6.233079,13.423505
Random198
Raw:34.6931,12.146846,24.960562,17.14017,18.178278,23.285278,24.403238,25.35778,6.233083,13.423517
EFT:34.69309,12.146838,24.960552,17.140162,18.17827,23.285269,24.40323,25.357767,6.233079,13.423505
Random199
Raw:34.693085,12.146835,24.960548,17.140158,18.178267,23.285265,24.403225,25.357761,6.233079,13.423503
EFT:34.69309,12.146838,24.960552,17.140162,18.17827,23.285269,24.40323,25.357767,6.233079,13.423505
Random200
Raw:34.69309,12.14684,24.960552,17.140162,18.17827,23.285269,24.40323,25.357769,6.2330804,13.423508
EFT:34.69309,12.146838,24.960552,17.140162,18.17827,23.285269,24.40323,25.357767,6.233079,13.423505
Random201
Raw:34.693085,12.146836,24.960548,17.140158,18.178267,23.285265,24.403225,25.357761,6.2330794,13.423504
EFT:34.69309,12.146838,24.960552,17.140162,18.17827,23.285269,24.40323,25.357767,6.233079,13.423505
Random202
Raw:34.693073,12.146832,24.96054,17.140152,18.17826,23.285257,24.403217,25.357754,6.2330785,13.423499
EFT:34.69309,12.146838,24.960552,17.140162,18.17827,23.285269,24.40323,25.357767,6.233079,13.423505
Random203
Raw:34.693085,12.146837,24.96055,17.140158,18.178267,23.285265,24.403225,25.357763,6.23308,13.423506
EFT:34.69309,12.146838,24.960552,17.140162,18.17827,23.285269,24.40323,25.357767,6.233079,13.423505
Random204
Raw:34.69309,12.146839,24.960552,17.140162,18.17827,23.285269,24.40323,25.357767,6.2330794,13.423506
EFT:34.69309,12.146838,24.960552,17.140162,18.17827,23.285269,24.40323,25.357767,6.233079,13.423505
Random205
Raw:34.693096,12.146846,24.96056,17.140167,18.178276,23.285276,24.403234,25.357777,6.2330832,13.423516
EFT:34.69309,12.146838,24.960552,17.140162,18.17827,23.285269,24.40323,25.357767,6.233079,13.423505
Random206
Raw:34.69309,12.146838,24.960552,17.140162,18.17827,23.285269,24.40323,25.357767,6.233079,13.423505
EFT:34.69309,12.146838,24.960552,17.140162,18.17827,23.285269,24.40323,25.357767,6.233079,13.423505
Random207
Raw:34.6931,12.146843,24.96056,17.140167,18.178276,23.285276,24.403238,25.357777,6.233081,13.4235115
EFT:34.69309,12.146838,24.960552,17.140162,18.17827,23.285269,24.40323,25.357767,6.233079,13.423505
Random208
Raw:34.693092,12.146841,24.960556,17.140163,18.178272,23.28527,24.403233,25.35777,6.23308,13.423509
EFT:34.69309,12.146838,24.960552,17.140162,18.17827,23.285269,24.40323,25.357767,6.233079,13.423505
Random209
Raw:34.693092,12.14684,24.960556,17.140163,18.178272,23.28527,24.403233,25.35777,6.233079,13.423507
EFT:34.69309,12.146838,24.960552,17.140162,18.17827,23.285269,24.40323,25.357767,6.233079,13.423505
Random210
Raw:34.693096,12.146841,24.960558,17.140165,18.178274,23.285275,24.403234,25.357773,6.2330794,13.423508
EFT:34.69309,12.146838,24.960552,17.140162,18.17827,23.285269,24.40323,25.357767,6.233079,13.423505
Random211
Raw:34.693077,12.146834,24.960543,17.140154,18.178263,23.28526,24.40322,25.357758,6.233078,13.4235
EFT:34.69309,12.146838,24.960552,17.140162,18.17827,23.285269,24.40323,25.357767,6.233079,13.423505
Random212
Raw:34.69309,12.146839,24.960552,17.140162,18.17827,23.285269,24.40323,25.357767,6.233079,13.423506
EFT:34.69309,12.146838,24.960552,17.140162,18.17827,23.285269,24.40323,25.357767,6.233079,13.423505
Random213
Raw:34.693096,12.146841,24.960558,17.140165,18.178274,23.285275,24.403234,25.357773,6.233079,13.423507
EFT:34.69309,12.146838,24.960552,17.140162,18.17827,23.285269,24.40323,25.357767,6.233079,13.423505
Random214
Raw:34.693092,12.14684,24.960556,17.140163,18.178272,23.28527,24.403233,25.35777,6.2330794,13.423507
EFT:34.69309,12.146838,24.960552,17.140162,18.17827,23.285269,24.40323,25.357767,6.233079,13.423505
Random215
Raw:34.69309,12.146838,24.960552,17.140162,18.17827,23.285269,24.40323,25.357767,6.233079,13.423505
EFT:34.69309,12.146838,24.960552,17.140162,18.17827,23.285269,24.40323,25.357767,6.233079,13.423505
Random216
Raw:34.693085,12.146838,24.960552,17.140162,18.17827,23.285269,24.40323,25.357767,6.2330785,13.423504
EFT:34.69309,12.146838,24.960552,17.140162,18.17827,23.285269,24.40323,25.357767,6.233079,13.423505
Random217
Raw:34.693096,12.146842,24.960558,17.140165,18.178274,23.285275,24.403234,25.357773,6.23308,13.423509
EFT:34.69309,12.146838,24.960552,17.140162,18.17827,23.285269,24.40323,25.357767,6.233079,13.423505
Random218
Raw:34.693085,12.146838,24.960552,17.140162,18.17827,23.285269,24.40323,25.357767,6.2330785,13.423504
EFT:34.69309,12.146838,24.960552,17.140162,18.17827,23.285269,24.40323,25.357767,6.233079,13.423505
Random219
Raw:34.69308,12.146834,24.960548,17.140158,18.178267,23.285265,24.403225,25.357761,6.233078,13.4235
EFT:34.69309,12.146838,24.960552,17.140162,18.17827,23.285269,24.40323,25.357767,6.233079,13.423505
Random220
Raw:34.693092,12.146841,24.960556,17.140163,18.178272,23.28527,24.403233,25.35777,6.23308,13.423508
EFT:34.69309,12.146838,24.960552,17.140162,18.17827,23.285269,24.40323,25.357767,6.233079,13.423505
Random221
Raw:34.693085,12.146837,24.960548,17.140158,18.178267,23.285265,24.403225,25.357763,6.23308,13.423505
EFT:34.69309,12.146838,24.960552,17.140162,18.17827,23.285269,24.40323,25.357767,6.233079,13.423505
Random222
Raw:34.693085,12.146836,24.960548,17.140158,18.178267,23.285265,24.403225,25.357761,6.233079,13.423503
EFT:34.69309,12.146838,24.960552,17.140162,18.17827,23.285269,24.40323,25.357767,6.233079,13.423505
Random223
Raw:34.693096,12.146841,24.96056,17.140165,18.178274,23.285276,24.403238,25.357775,6.2330785,13.423507
EFT:34.69309,12.146838,24.960552,17.140162,18.17827,23.285269,24.40323,25.357767,6.233079,13.423505
Random224
Raw:34.693096,12.146841,24.960558,17.140165,18.178274,23.285275,24.403234,25.357773,6.233079,13.423508
EFT:34.69309,12.146838,24.960552,17.140162,18.17827,23.285269,24.40323,25.357767,6.233079,13.423505
Random225
Raw:34.693085,12.146837,24.960548,17.140158,18.178267,23.285265,24.403225,25.357761,6.23308,13.423505
EFT:34.69309,12.146838,24.960552,17.140162,18.17827,23.285269,24.40323,25.357767,6.233079,13.423505
Random226
Raw:34.693092,12.146841,24.960556,17.140163,18.178272,23.28527,24.403233,25.35777,6.23308,13.423508
EFT:34.69309,12.146838,24.960552,17.140162,18.17827,23.285269,24.40323,25.357767,6.233079,13.423505
Random227
Raw:34.693085,12.146835,24.960548,17.140158,18.178267,23.285265,24.403225,25.357761,6.2330785,13.423502
EFT:34.69309,12.146838,24.960552,17.140162,18.17827,23.285269,24.40323,25.357767,6.233079,13.423505
Random228
Raw:34.693085,12.146837,24.960552,17.140162,18.17827,23.285269,24.40323,25.357765,6.233078,13.423503
EFT:34.69309,12.146838,24.960552,17.140162,18.17827,23.285269,24.40323,25.357767,6.233079,13.423505
Random229
Raw:34.693085,12.146837,24.96055,17.14016,18.178268,23.285267,24.403227,25.357765,6.233078,13.423502
EFT:34.69309,12.146838,24.960552,17.140162,18.17827,23.285269,24.40323,25.357767,6.233079,13.423505
Random230
Raw:34.69309,12.146838,24.96055,17.14016,18.178268,23.285267,24.403227,25.357765,6.2330794,13.423505
EFT:34.69309,12.146838,24.960552,17.140162,18.17827,23.285269,24.40323,25.357767,6.233079,13.423505
Random231
Raw:34.693104,12.146844,24.960564,17.14017,18.178278,23.285278,24.40324,25.357779,6.23308,13.423511
EFT:34.69309,12.146838,24.960552,17.140162,18.17827,23.285269,24.40323,25.357767,6.233079,13.423505
Random232
Raw:34.693096,12.146841,24.960558,17.140165,18.178274,23.285275,24.403234,25.357773,6.233079,13.423508
EFT:34.69309,12.146838,24.960552,17.140162,18.17827,23.285269,24.40323,25.357767,6.233079,13.423505
Random233
Raw:34.69308,12.146834,24.960548,17.140158,18.178267,23.285265,24.403225,25.357761,6.233078,13.4235
EFT:34.69309,12.146838,24.960552,17.140162,18.17827,23.285269,24.40323,25.357767,6.233079,13.423505
Random234
Raw:34.6931,12.146843,24.96056,17.140167,18.178276,23.285276,24.403238,25.357777,6.23308,13.423511
EFT:34.69309,12.146838,24.960552,17.140162,18.17827,23.285269,24.40323,25.357767,6.233079,13.423505
Random235
Raw:34.69309,12.146839,24.960552,17.140162,18.17827,23.285269,24.40323,25.357767,6.23308,13.423507
EFT:34.69309,12.146838,24.960552,17.140162,18.17827,23.285269,24.40323,25.357767,6.233079,13.423505
Random236
Raw:34.69309,12.146839,24.960552,17.140162,18.17827,23.285269,24.40323,25.357767,6.2330794,13.423506
EFT:34.69309,12.146838,24.960552,17.140162,18.17827,23.285269,24.40323,25.357767,6.233079,13.423505
Random237
Raw:34.693085,12.146837,24.960548,17.140158,18.178267,23.285265,24.403225,25.357763,6.23308,13.423505
EFT:34.69309,12.146838,24.960552,17.140162,18.17827,23.285269,24.40323,25.357767,6.233079,13.423505
Random238
Raw:34.693096,12.146842,24.960558,17.140165,18.178274,23.285275,24.403234,25.357773,6.23308,13.423509
EFT:34.69309,12.146838,24.960552,17.140162,18.17827,23.285269,24.40323,25.357767,6.233079,13.423505
Random239
Raw:34.69309,12.146837,24.96055,17.14016,18.178268,23.285267,24.403227,25.357765,6.2330785,13.423502
EFT:34.69309,12.146838,24.960552,17.140162,18.17827,23.285269,24.40323,25.357767,6.233079,13.423505
Random240
Raw:34.693092,12.14684,24.960558,17.140163,18.178272,23.285275,24.403234,25.35777,6.2330785,13.423506
EFT:34.69309,12.146838,24.960552,17.140162,18.17827,23.285269,24.40323,25.357767,6.233079,13.423505
Random241
Raw:34.693104,12.146845,24.960564,17.14017,18.178278,23.285278,24.40324,25.357779,6.2330804,13.4235115
EFT:34.69309,12.146838,24.960552,17.140162,18.17827,23.285269,24.40323,25.357767,6.233079,13.423505
Random242
Raw:34.69308,12.146834,24.960545,17.140156,18.178265,23.285261,24.403223,25.35776,6.2330785,13.4235
EFT:34.69309,12.146838,24.960552,17.140162,18.17827,23.285269,24.40323,25.357767,6.233079,13.423505
Random243
Raw:34.69309,12.146839,24.960552,17.140162,18.17827,23.285269,24.40323,25.357767,6.2330794,13.423506
EFT:34.69309,12.146838,24.960552,17.140162,18.17827,23.285269,24.40323,25.357767,6.233079,13.423505
Random244
Raw:34.693096,12.146843,24.960558,17.140165,18.178274,23.285275,24.403234,25.357775,6.233081,13.423511
EFT:34.69309,12.146838,24.960552,17.140162,18.17827,23.285269,24.40323,25.357767,6.233079,13.423505
Random245
Raw:34.69309,12.146839,24.960552,17.140162,18.17827,23.285269,24.40323,25.357767,6.23308,13.423507
EFT:34.69309,12.146838,24.960552,17.140162,18.17827,23.285269,24.40323,25.357767,6.233079,13.423505
Random246
Raw:34.693096,12.146841,24.960558,17.140165,18.178274,23.285275,24.403234,25.357773,6.2330794,13.423508
EFT:34.69309,12.146838,24.960552,17.140162,18.17827,23.285269,24.40323,25.357767,6.233079,13.423505
Random247
Raw:34.693092,12.14684,24.960556,17.140163,18.178272,23.28527,24.403233,25.35777,6.233079,13.423507
EFT:34.69309,12.146838,24.960552,17.140162,18.17827,23.285269,24.40323,25.357767,6.233079,13.423505
Random248
Raw:34.693108,12.146845,24.960566,17.14017,18.17828,23.28528,24.403242,25.35778,6.23308,13.423512
EFT:34.69309,12.146838,24.960552,17.140162,18.17827,23.285269,24.40323,25.357767,6.233079,13.423505
Random249
Raw:34.6931,12.146842,24.960564,17.140167,18.178276,23.285278,24.40324,25.357777,6.2330785,13.423508
EFT:34.69309,12.146838,24.960552,17.140162,18.17827,23.285269,24.40323,25.357767,6.233079,13.423505
Random250
Raw:34.69309,12.146838,24.96055,17.14016,18.178268,23.285267,24.403227,25.357765,6.2330794,13.423505
EFT:34.69309,12.146838,24.960552,17.140162,18.17827,23.285269,24.40323,25.357767,6.233079,13.423505
Random251
Raw:34.693085,12.146835,24.960552,17.14016,18.178268,23.285267,24.40323,25.357765,6.233076,13.423499
EFT:34.69309,12.146838,24.960552,17.140162,18.17827,23.285269,24.40323,25.357767,6.233079,13.423505
Random252
Raw:34.693073,12.146832,24.96054,17.140152,18.17826,23.285257,24.403217,25.357754,6.233078,13.423498
EFT:34.69309,12.146838,24.960552,17.140162,18.17827,23.285269,24.40323,25.357767,6.233079,13.423505
Random253
Raw:34.69309,12.146839,24.96055,17.14016,18.178268,23.285267,24.403227,25.357765,6.23308,13.423506
EFT:34.69309,12.146838,24.960552,17.140162,18.17827,23.285269,24.40323,25.357767,6.233079,13.423505
Random254
Raw:34.69309,12.146839,24.960552,17.140162,18.17827,23.285269,24.40323,25.357767,6.23308,13.423507
EFT:34.69309,12.146838,24.960552,17.140162,18.17827,23.285269,24.40323,25.357767,6.233079,13.423505
Random255
Raw:34.6931,12.146843,24.96056,17.140167,18.178276,23.285276,24.403238,25.357777,6.23308,13.423511
EFT:34.69309,12.146838,24.960552,17.140162,18.17827,23.285269,24.40323,25.357767,6.233079,13.423505
Random256
Raw:34.69309,12.146838,24.960552,17.140162,18.17827,23.285269,24.40323,25.357767,6.233079,13.423505
EFT:34.69309,12.146838,24.960552,17.140162,18.17827,23.285269,24.40323,25.357767,6.233079,13.423505
Random257
Raw:34.693096,12.146842,24.960558,17.140165,18.178274,23.285275,24.403234,25.357773,6.23308,13.423509
EFT:34.69309,12.146838,24.960552,17.140162,18.17827,23.285269,24.40323,25.357767,6.233079,13.423505
Random258
Raw:34.69308,12.146834,24.960548,17.140158,18.178267,23.285265,24.403225,25.357761,6.233078,13.4235
EFT:34.69309,12.146838,24.960552,17.140162,18.17827,23.285269,24.40323,25.357767,6.233079,13.423505
Random259
Raw:34.69309,12.146838,24.96055,17.14016,18.178268,23.285267,24.403227,25.357765,6.2330794,13.423505
EFT:34.69309,12.146838,24.960552,17.140162,18.17827,23.285269,24.40323,25.357767,6.233079,13.423505
Random260
Raw:34.69309,12.146837,24.96055,17.14016,18.178268,23.285267,24.403227,25.357765,6.233079,13.423503
EFT:34.69309,12.146838,24.960552,17.140162,18.17827,23.285269,24.40323,25.357767,6.233079,13.423505
Random261
Raw:34.69309,12.146838,24.960552,17.140162,18.17827,23.285269,24.40323,25.357767,6.2330785,13.423504
EFT:34.69309,12.146838,24.960552,17.140162,18.17827,23.285269,24.40323,25.357767,6.233079,13.423505
Random262
Raw:34.693092,12.146841,24.960556,17.140163,18.178272,23.28527,24.403233,25.35777,6.23308,13.423509
EFT:34.69309,12.146838,24.960552,17.140162,18.17827,23.285269,24.40323,25.357767,6.233079,13.423505
Random263
Raw:34.693077,12.146833,24.960543,17.140154,18.178263,23.28526,24.40322,25.357758,6.2330775,13.423499
EFT:34.69309,12.146838,24.960552,17.140162,18.17827,23.285269,24.40323,25.357767,6.233079,13.423505
Random264
Raw:34.693077,12.146833,24.960545,17.140154,18.178263,23.285261,24.403223,25.357758,6.233077,13.423498
EFT:34.69309,12.146838,24.960552,17.140162,18.17827,23.285269,24.40323,25.357767,6.233079,13.423505
Random265
Raw:34.69309,12.14684,24.960552,17.140162,18.17827,23.285269,24.40323,25.357769,6.2330804,13.423508
EFT:34.69309,12.146838,24.960552,17.140162,18.17827,23.285269,24.40323,25.357767,6.233079,13.423505
Random266
Raw:34.69309,12.146838,24.96055,17.14016,18.178268,23.285267,24.403227,25.357765,6.2330794,13.423504
EFT:34.69309,12.146838,24.960552,17.140162,18.17827,23.285269,24.40323,25.357767,6.233079,13.423505
Random267
Raw:34.693092,12.14684,24.960556,17.140163,18.178272,23.28527,24.403233,25.35777,6.2330794,13.423507
EFT:34.69309,12.146838,24.960552,17.140162,18.17827,23.285269,24.40323,25.357767,6.233079,13.423505
Random268
Raw:34.69308,12.146835,24.960548,17.140158,18.178267,23.285265,24.403225,25.357761,6.233078,13.423501
EFT:34.69309,12.146838,24.960552,17.140162,18.17827,23.285269,24.40323,25.357767,6.233079,13.423505
Random269
Raw:34.69308,12.146838,24.960546,17.140158,18.178267,23.285263,24.403223,25.357763,6.2330813,13.423507
EFT:34.69309,12.146838,24.960552,17.140162,18.17827,23.285269,24.40323,25.357767,6.233079,13.423505
Random270
Raw:34.693085,12.146835,24.960548,17.140158,18.178267,23.285265,24.403225,25.357761,6.233078,13.423501
EFT:34.69309,12.146838,24.960552,17.140162,18.17827,23.285269,24.40323,25.357767,6.233079,13.423505
Random271
Raw:34.693077,12.146836,24.960545,17.140156,18.178265,23.28526,24.40322,25.35776,6.23308,13.423505
EFT:34.69309,12.146838,24.960552,17.140162,18.17827,23.285269,24.40323,25.357767,6.233079,13.423505
Random272
Raw:34.693092,12.146842,24.960556,17.140163,18.178272,23.28527,24.403233,25.357773,6.2330804,13.42351
EFT:34.69309,12.146838,24.960552,17.140162,18.17827,23.285269,24.40323,25.357767,6.233079,13.423505
Random273
Raw:34.69308,12.146834,24.960548,17.140156,18.178265,23.285265,24.403225,25.35776,6.233077,13.4235
EFT:34.69309,12.146838,24.960552,17.140162,18.17827,23.285269,24.40323,25.357767,6.233079,13.423505
Random274
Raw:34.69309,12.14684,24.960556,17.140163,18.178272,23.28527,24.403233,25.35777,6.2330785,13.423506
EFT:34.69309,12.146838,24.960552,17.140162,18.17827,23.285269,24.40323,25.357767,6.233079,13.423505
Random275
Raw:34.69309,12.146839,24.960552,17.140162,18.17827,23.285269,24.40323,25.357767,6.23308,13.423507
EFT:34.69309,12.146838,24.960552,17.140162,18.17827,23.285269,24.40323,25.357767,6.233079,13.423505
Random276
Raw:34.693092,12.14684,24.960556,17.140163,18.178272,23.28527,24.403233,25.35777,6.233079,13.423507
EFT:34.69309,12.146838,24.960552,17.140162,18.17827,23.285269,24.40323,25.357767,6.233079,13.423505
Random277
Raw:34.693077,12.146834,24.960543,17.140154,18.178263,23.28526,24.40322,25.357758,6.233078,13.4235
EFT:34.69309,12.146838,24.960552,17.140162,18.17827,23.285269,24.40323,25.357767,6.233079,13.423505
Random278
Raw:34.693096,12.146841,24.960558,17.140165,18.178274,23.285275,24.403234,25.357773,6.233079,13.423507
EFT:34.69309,12.146838,24.960552,17.140162,18.17827,23.285269,24.40323,25.357767,6.233079,13.423505
Random279
Raw:34.69308,12.146834,24.960548,17.140156,18.178265,23.285265,24.403225,25.35776,6.233077,13.423499
EFT:34.69309,12.146838,24.960552,17.140162,18.17827,23.285269,24.40323,25.357767,6.233079,13.423505
Random280
Raw:34.693085,12.146836,24.960552,17.14016,18.178268,23.285267,24.40323,25.357765,6.233077,13.423501
EFT:34.69309,12.146838,24.960552,17.140162,18.17827,23.285269,24.40323,25.357767,6.233079,13.423505
Random281
Raw:34.693096,12.146843,24.960558,17.140165,18.178274,23.285275,24.403234,25.357775,6.233081,13.423511
EFT:34.69309,12.146838,24.960552,17.140162,18.17827,23.285269,24.40323,25.357767,6.233079,13.423505
Random282
Raw:34.69309,12.146839,24.960556,17.140162,18.17827,23.28527,24.403233,25.357769,6.233078,13.423504
EFT:34.69309,12.146838,24.960552,17.140162,18.17827,23.285269,24.40323,25.357767,6.233079,13.423505
Random283
Raw:34.6931,12.146845,24.960562,17.14017,18.178278,23.285276,24.403238,25.357779,6.2330823,13.423515
EFT:34.69309,12.146838,24.960552,17.140162,18.17827,23.285269,24.40323,25.357767,6.233079,13.423505
Random284
Raw:34.693092,12.146842,24.960558,17.140163,18.178272,23.28527,24.403233,25.357773,6.233081,13.423511
EFT:34.69309,12.146838,24.960552,17.140162,18.17827,23.285269,24.40323,25.357767,6.233079,13.423505
Random285
Raw:34.69309,12.146839,24.960552,17.140162,18.17827,23.285269,24.40323,25.357767,6.23308,13.423507
EFT:34.69309,12.146838,24.960552,17.140162,18.17827,23.285269,24.40323,25.357767,6.233079,13.423505
Random286
Raw:34.693096,12.146842,24.960558,17.140165,18.178274,23.285275,24.403234,25.357773,6.23308,13.423509
EFT:34.69309,12.146838,24.960552,17.140162,18.17827,23.285269,24.40323,25.357767,6.233079,13.423505
Random287
Raw:34.693104,12.146847,24.960566,17.140171,18.17828,23.285278,24.40324,25.35778,6.2330823,13.423515
EFT:34.69309,12.146838,24.960552,17.140162,18.17827,23.285269,24.40323,25.357767,6.233079,13.423505
Random288
Raw:34.693085,12.146838,24.960552,17.140162,18.17827,23.285269,24.40323,25.357767,6.2330785,13.423504
EFT:34.69309,12.146838,24.960552,17.140162,18.17827,23.285269,24.40323,25.357767,6.233079,13.423505
Random289
Raw:34.693085,12.146837,24.960552,17.14016,18.178268,23.285269,24.40323,25.357765,6.233078,13.423502
EFT:34.69309,12.146838,24.960552,17.140162,18.17827,23.285269,24.40323,25.357767,6.233079,13.423505
Random290
Raw:34.693085,12.146836,24.960552,17.14016,18.178268,23.285269,24.40323,25.357765,6.233077,13.423501
EFT:34.69309,12.146838,24.960552,17.140162,18.17827,23.285269,24.40323,25.357767,6.233079,13.423505
Random291
Raw:34.69308,12.146834,24.960548,17.140156,18.178265,23.285265,24.403225,25.35776,6.233077,13.423499
EFT:34.69309,12.146838,24.960552,17.140162,18.17827,23.285269,24.40323,25.357767,6.233079,13.423505
Random292
Raw:34.693085,12.146838,24.960552,17.140162,18.17827,23.285269,24.40323,25.357767,6.2330785,13.423504
EFT:34.69309,12.146838,24.960552,17.140162,18.17827,23.285269,24.40323,25.357767,6.233079,13.423505
Random293
Raw:34.693096,12.146841,24.960558,17.140165,18.178274,23.285275,24.403234,25.357773,6.233079,13.423507
EFT:34.69309,12.146838,24.960552,17.140162,18.17827,23.285269,24.40323,25.357767,6.233079,13.423505
Random294
Raw:34.69309,12.146838,24.960552,17.140162,18.17827,23.285269,24.40323,25.357767,6.233079,13.423505
EFT:34.69309,12.146838,24.960552,17.140162,18.17827,23.285269,24.40323,25.357767,6.233079,13.423505
Random295
Raw:34.6931,12.146844,24.96056,17.140167,18.178276,23.285276,24.403238,25.357779,6.233081,13.423512
EFT:34.69309,12.146838,24.960552,17.140162,18.17827,23.285269,24.40323,25.357767,6.233079,13.423505
Random296
Raw:34.693096,12.146842,24.960558,17.140165,18.178274,23.285275,24.403234,25.357773,6.23308,13.42351
EFT:34.69309,12.146838,24.960552,17.140162,18.17827,23.285269,24.40323,25.357767,6.233079,13.423505
Random297
Raw:34.693092,12.146842,24.960558,17.140163,18.178272,23.28527,24.403233,25.357773,6.233081,13.423511
EFT:34.69309,12.146838,24.960552,17.140162,18.17827,23.285269,24.40323,25.357767,6.233079,13.423505
Random298
Raw:34.693085,12.146838,24.96055,17.14016,18.178268,23.285265,24.403225,25.357763,6.233081,13.423507
EFT:34.69309,12.146838,24.960552,17.140162,18.17827,23.285269,24.40323,25.357767,6.233079,13.423505
Random299
Raw:34.693092,12.146839,24.960558,17.140163,18.178272,23.285273,24.403234,25.35777,6.2330775,13.423504
EFT:34.69309,12.146838,24.960552,17.140162,18.17827,23.285269,24.40323,25.357767,6.233079,13.423505
Random300
Raw:34.693092,12.146841,24.960556,17.140163,18.178272,23.28527,24.403233,25.35777,6.23308,13.423509
EFT:34.69309,12.146838,24.960552,17.140162,18.17827,23.285269,24.40323,25.357767,6.233079,13.423505
