Ascend
Raw:43.69244,40.12664,46.92103,34.601604,54.16155,38.709705,41.620304,41.272705,35.667595,42.798466
EFT:43.69244,40.126637,46.92103,34.601604,54.16155,38.709705,41.620304,41.272705,35.667595,42.798466
Descend
Raw:43.692455,40.126648,46.921043,34.601616,54.161568,38.709717,41.620316,41.27272,35.667603,42.798477
EFT:43.69244,40.126637,46.92103,34.601604,54.16155,38.709705,41.620304,41.272705,35.667595,42.798466
Random1
Raw:43.692455,40.126648,46.921043,34.601616,54.161568,38.709717,41.620316,41.27272,35.667603,42.798477
EFT:43.69244,40.126637,46.92103,34.601604,54.16155,38.709705,41.620304,41.272705,35.667595,42.798466
Random2
Raw:43.692444,40.12664,46.921032,34.60161,54.161556,38.709705,41.620304,41.27271,35.667595,42.798466
EFT:43.69244,40.126637,46.92103,34.601604,54.16155,38.709705,41.620304,41.272705,35.667595,42.798466
Random3
Raw:43.692448,40.126644,46.921036,34.601612,54.16156,38.70971,41.620308,41.272713,35.6676,42.798466
EFT:43.69244,40.126637,46.92103,34.601604,54.16155,38.709705,41.620304,41.272705,35.667595,42.798466
Random4
Raw:43.692436,40.126633,46.921024,34.601604,54.161545,38.7097,41.6203,41.2727,35.66759,42.798462
EFT:43.69244,40.126637,46.92103,34.601604,54.16155,38.709705,41.620304,41.272705,35.667595,42.798466
Random5
Raw:43.69244,40.126637,46.92103,34.601604,54.16155,38.709705,41.620304,41.272705,35.667595,42.798466
EFT:43.69244,40.126637,46.92103,34.601604,54.16155,38.709705,41.620304,41.272705,35.667595,42.798466
Random6
Raw:43.69244,40.126637,46.92103,34.601604,54.16155,38.7097,41.620304,41.2727,35.66759,42.798462
EFT:43.69244,40.126637,46.92103,34.601604,54.16155,38.709705,41.620304,41.272705,35.667595,42.798466
Random7
Raw:43.69244,40.126637,46.92103,34.601604,54.16155,38.709705,41.620304,41.272705,35.667595,42.798466
EFT:43.69244,40.126637,46.92103,34.601604,54.16155,38.709705,41.620304,41.272705,35.667595,42.798466
Random8
Raw:43.692436,40.126633,46.921024,34.601604,54.161545,38.7097,41.6203,41.2727,35.66759,42.79846
EFT:43.69244,40.126637,46.92103,34.601604,54.16155,38.709705,41.620304,41.272705,35.667595,42.798466
Random9
Raw:43.69244,40.126637,46.92103,34.601604,54.16155,38.709705,41.620304,41.272705,35.667595,42.798466
EFT:43.69244,40.126637,46.92103,34.601604,54.16155,38.709705,41.620304,41.272705,35.667595,42.798466
Random10
Raw:43.69244,40.126637,46.92103,34.601604,54.16155,38.709705,41.620304,41.272705,35.667595,42.798466
EFT:43.69244,40.126637,46.92103,34.601604,54.16155,38.709705,41.620304,41.272705,35.667595,42.798466
Random11
Raw:43.69244,40.126637,46.92103,34.601604,54.16155,38.709705,41.620304,41.272705,35.667595,42.798466
EFT:43.69244,40.126637,46.92103,34.601604,54.16155,38.709705,41.620304,41.272705,35.667595,42.798466
Random12
Raw:43.692448,40.126644,46.921036,34.601612,54.16156,38.70971,41.620308,41.272713,35.6676,42.79847
EFT:43.69244,40.126637,46.92103,34.601604,54.16155,38.709705,41.620304,41.272705,35.667595,42.798466
Random13
Raw:43.69245,40.126644,46.92104,34.601612,54.161564,38.709713,41.62031,41.272717,35.667603,42.798473
EFT:43.69244,40.126637,46.92103,34.601604,54.16155,38.709705,41.620304,41.272705,35.667595,42.798466
Random14
Raw:43.69244,40.12664,46.921032,34.601604,54.16155,38.709705,41.620304,41.272705,35.667595,42.79847
EFT:43.69244,40.126637,46.92103,34.601604,54.16155,38.709705,41.620304,41.272705,35.667595,42.798466
Random15
Raw:43.692448,40.126644,46.921036,34.601612,54.16156,38.70971,41.620308,41.272713,35.6676,42.79847
EFT:43.69244,40.126637,46.92103,34.601604,54.16155,38.709705,41.620304,41.272705,35.667595,42.798466
Random16
Raw:43.69243,40.12663,46.92102,34.6016,54.16154,38.709694,41.62029,41.2727,35.66759,42.798462
EFT:43.69244,40.126637,46.92103,34.601604,54.16155,38.709705,41.620304,41.272705,35.667595,42.798466
Random17
Raw:43.692444,40.12664,46.921032,34.60161,54.161556,38.709705,41.620304,41.27271,35.667595,42.798466
EFT:43.69244,40.126637,46.92103,34.601604,54.16155,38.709705,41.620304,41.272705,35.667595,42.798466
Random18
Raw:43.692455,40.12665,46.921047,34.60162,54.16157,38.70972,41.62032,41.272724,35.667606,42.79848
EFT:43.69244,40.126637,46.92103,34.601604,54.16155,38.709705,41.620304,41.272705,35.667595,42.798466
Random19
Raw:43.69245,40.126648,46.921043,34.601612,54.161564,38.709713,41.62031,41.272717,35.667603,42.798477
EFT:43.69244,40.126637,46.92103,34.601604,54.16155,38.709705,41.620304,41.272705,35.667595,42.798466
Random20
Raw:43.692436,40.126637,46.92103,34.601604,54.161545,38.7097,41.6203,41.2727,35.66759,42.798466
EFT:43.69244,40.126637,46.92103,34.601604,54.16155,38.709705,41.620304,41.272705,35.667595,42.798466
Random21
Raw:43.692436,40.126633,46.921024,34.601604,54.161545,38.7097,41.6203,41.2727,35.66759,42.798462
EFT:43.69244,40.126637,46.92103,34.601604,54.16155,38.709705,41.620304,41.272705,35.667595,42.798466
Random22
Raw:43.692417,40.126614,46.921005,34.601585,54.161522,38.709682,41.62028,41.272682,35.667576,42.79844
EFT:43.69244,40.126637,46.92103,34.601604,54.16155,38.709705,41.620304,41.272705,35.667595,42.798466
Random23
Raw:43.692436,40.126633,46.921024,34.601604,54.161545,38.7097,41.6203,41.2727,35.66759,42.798462
EFT:43.69244,40.126637,46.92103,34.601604,54.16155,38.709705,41.620304,41.272705,35.667595,42.798466
Random24
Raw:43.692436,40.126637,46.92103,34.601604,54.161545,38.7097,41.6203,41.2727,35.66759,42.798462
EFT:43.69244,40.126637,46.92103,34.601604,54.16155,38.709705,41.620304,41.272705,35.667595,42.798466
Random25
Raw:43.69244,40.12664,46.92103,34.601604,54.16155,38.709705,41.620304,41.272705,35.667595,42.798466
EFT:43.69244,40.126637,46.92103,34.601604,54.16155,38.709705,41.620304,41.272705,35.667595,42.798466
Random26
Raw:43.692448,40.126644,46.921036,34.601612,54.16156,38.70971,41.620308,41.272713,35.6676,42.79847
EFT:43.69244,40.126637,46.92103,34.601604,54.16155,38.709705,41.620304,41.272705,35.667595,42.798466
Random27
Raw:43.692455,40.12665,46.921047,34.60162,54.16157,38.70972,41.62032,41.272724,35.667606,42.79848
EFT:43.69244,40.126637,46.92103,34.601604,54.16155,38.709705,41.620304,41.272705,35.667595,42.798466
Random28
Raw:43.692448,40.126648,46.92104,34.601612,54.16156,38.70971,41.620308,41.272713,35.6676,42.798473
EFT:43.69244,40.126637,46.92103,34.601604,54.16155,38.709705,41.620304,41.272705,35.667595,42.798466
Random29
Raw:43.692432,40.12663,46.92102,34.6016,54.16154,38.709694,41.620296,41.272694,35.667583,42.798454
EFT:43.69244,40.126637,46.92103,34.601604,54.16155,38.709705,41.620304,41.272705,35.667595,42.798466
Random30
Raw:43.692444,40.126644,46.921036,34.60161,54.161556,38.709705,41.620304,41.27271,35.667595,42.798466
EFT:43.69244,40.126637,46.92103,34.601604,54.16155,38.709705,41.620304,41.272705,35.667595,42.798466
Random31
Raw:43.692444,40.126644,46.921036,34.60161,54.161556,38.709705,41.620304,41.27271,35.667595,42.798466
EFT:43.69244,40.126637,46.92103,34.601604,54.16155,38.709705,41.620304,41.272705,35.667595,42.798466
Random32
Raw:43.692448,40.126644,46.921036,34.601612,54.16156,38.70971,41.620308,41.272713,35.6676,42.79847
EFT:43.69244,40.126637,46.92103,34.601604,54.16155,38.709705,41.620304,41.272705,35.667595,42.798466
Random33
Raw:43.69244,40.126637,46.92103,34.601604,54.16155,38.709705,41.620304,41.272705,35.667595,42.798466
EFT:43.69244,40.126637,46.92103,34.601604,54.16155,38.709705,41.620304,41.272705,35.667595,42.798466
Random34
Raw:43.692436,40.126637,46.92103,34.601604,54.161545,38.7097,41.6203,41.2727,35.66759,42.798462
EFT:43.69244,40.126637,46.92103,34.601604,54.16155,38.709705,41.620304,41.272705,35.667595,42.798466
Random35
Raw:43.692444,40.12664,46.921032,34.60161,54.161556,38.709705,41.620304,41.27271,35.667595,42.798466
EFT:43.69244,40.126637,46.92103,34.601604,54.16155,38.709705,41.620304,41.272705,35.667595,42.798466
Random36
Raw:43.69244,40.126637,46.92103,34.601604,54.16155,38.709705,41.620304,41.272705,35.667595,42.798466
EFT:43.69244,40.126637,46.92103,34.601604,54.16155,38.709705,41.620304,41.272705,35.667595,42.798466
Random37
Raw:43.692448,40.126644,46.921036,34.601612,54.16156,38.70971,41.620308,41.272713,35.6676,42.79847
EFT:43.69244,40.126637,46.92103,34.601604,54.16155,38.709705,41.620304,41.272705,35.667595,42.798466
Random38
Raw:43.692448,40.126644,46.921036,34.601612,54.16156,38.70971,41.620308,41.272713,35.6676,42.79847
EFT:43.69244,40.126637,46.92103,34.601604,54.16155,38.709705,41.620304,41.272705,35.667595,42.798466
Random39
Raw:43.69244,40.126637,46.92103,34.601604,54.16155,38.709705,41.620304,41.272705,35.667595,42.798466
EFT:43.69244,40.126637,46.92103,34.601604,54.16155,38.709705,41.620304,41.272705,35.667595,42.798466
Random40
Raw:43.692444,40.12664,46.921032,34.60161,54.161556,38.7097,41.620304,41.272705,35.66759,42.79846
EFT:43.69244,40.126637,46.92103,34.601604,54.16155,38.709705,41.620304,41.272705,35.667595,42.798466
Random41
Raw:43.692444,40.12664,46.921032,34.60161,54.161556,38.709705,41.620304,41.27271,35.667595,42.798466
EFT:43.69244,40.126637,46.92103,34.601604,54.16155,38.709705,41.620304,41.272705,35.667595,42.798466
Random42
Raw:43.69244,40.12664,46.921032,34.601604,54.16155,38.709705,41.620304,41.272705,35.667595,42.79847
EFT:43.69244,40.126637,46.92103,34.601604,54.16155,38.709705,41.620304,41.272705,35.667595,42.798466
Random43
Raw:43.692448,40.126648,46.92104,34.601612,54.16156,38.70971,41.620308,41.272713,35.6676,42.798473
EFT:43.69244,40.126637,46.92103,34.601604,54.16155,38.709705,41.620304,41.272705,35.667595,42.798466
Random44
Raw:43.692436,40.126637,46.92103,34.601604,54.161545,38.7097,41.6203,41.2727,35.66759,42.798462
EFT:43.69244,40.126637,46.92103,34.601604,54.16155,38.709705,41.620304,41.272705,35.667595,42.798466
Random45
Raw:43.692455,40.126648,46.921043,34.601616,54.161568,38.709717,41.620316,41.27272,35.667603,42.798477
EFT:43.69244,40.126637,46.92103,34.601604,54.16155,38.709705,41.620304,41.272705,35.667595,42.798466
Random46
Raw:43.69244,40.126637,46.92103,34.601604,54.16155,38.709705,41.620304,41.272705,35.667595,42.798466
EFT:43.69244,40.126637,46.92103,34.601604,54.16155,38.709705,41.620304,41.272705,35.667595,42.798466
Random47
Raw:43.692436,40.126633,46.921024,34.601604,54.161545,38.7097,41.6203,41.2727,35.66759,42.798462
EFT:43.69244,40.126637,46.92103,34.601604,54.16155,38.709705,41.620304,41.272705,35.667595,42.798466
Random48
Raw:43.692444,40.12664,46.921032,34.60161,54.161556,38.709705,41.620304,41.27271,35.667595,42.798466
EFT:43.69244,40.126637,46.92103,34.601604,54.16155,38.709705,41.620304,41.272705,35.667595,42.798466
Random49
Raw:43.69245,40.126644,46.92104,34.601612,54.161564,38.709713,41.62031,41.272717,35.667603,42.798473
EFT:43.69244,40.126637,46.92103,34.601604,54.16155,38.709705,41.620304,41.272705,35.667595,42.798466
Random50
Raw:43.69245,40.126644,46.92104,34.601612,54.161564,38.709713,41.62031,41.272717,35.667603,42.798473
EFT:43.69244,40.126637,46.92103,34.601604,54.16155,38.709705,41.620304,41.272705,35.667595,42.798466
Random51
Raw:43.692444,40.12664,46.921032,34.60161,54.161556,38.709705,41.620304,41.27271,35.667595,42.798462
EFT:43.69244,40.126637,46.92103,34.601604,54.16155,38.709705,41.620304,41.272705,35.667595,42.798466
Random52
Raw:43.692432,40.126633,46.92102,34.6016,54.16154,38.709698,41.620296,41.272697,35.667587,42.79846
EFT:43.69244,40.126637,46.92103,34.601604,54.16155,38.709705,41.620304,41.272705,35.667595,42.798466
Random53
Raw:43.69244,40.126637,46.92103,34.601604,54.16155,38.709705,41.620304,41.272705,35.667595,42.798462
EFT:43.69244,40.126637,46.92103,34.601604,54.16155,38.709705,41.620304,41.272705,35.667595,42.798466
Random54
Raw:43.692455,40.126656,46.92105,34.60162,54.16157,38.70972,41.62032,41.272724,35.667606,42.798485
EFT:43.69244,40.126637,46.92103,34.601604,54.16155,38.709705,41.620304,41.272705,35.667595,42.798466
Random55
Raw:43.692444,40.12664,46.921032,34.60161,54.161556,38.709705,41.620304,41.27271,35.667595,42.798466
EFT:43.69244,40.126637,46.92103,34.601604,54.16155,38.709705,41.620304,41.272705,35.667595,42.798466
Random56
Raw:43.692444,40.12664,46.921032,34.60161,54.161556,38.709705,41.620304,41.27271,35.667595,42.798466
EFT:43.69244,40.126637,46.92103,34.601604,54.16155,38.709705,41.620304,41.272705,35.667595,42.798466
Random57
Raw:43.692444,40.12664,46.921032,34.60161,54.161556,38.709705,41.620304,41.27271,35.667595,42.798466
EFT:43.69244,40.126637,46.92103,34.601604,54.16155,38.709705,41.620304,41.272705,35.667595,42.798466
Random58
Raw:43.69244,40.12664,46.92103,34.601604,54.16155,38.709705,41.620304,41.272705,35.667595,42.798466
EFT:43.69244,40.126637,46.92103,34.601604,54.16155,38.709705,41.620304,41.272705,35.667595,42.798466
Random59
Raw:43.69245,40.126644,46.92104,34.601612,54.161564,38.709713,41.62031,41.272717,35.667603,42.798473
EFT:43.69244,40.126637,46.92103,34.601604,54.16155,38.709705,41.620304,41.272705,35.667595,42.798466
Random60
Raw:43.692432,40.12663,46.92102,34.6016,54.16154,38.709698,41.620296,41.272697,35.667587,42.79846
EFT:43.69244,40.126637,46.92103,34.601604,54.16155,38.709705,41.620304,41.272705,35.667595,42.798466
Random61
Raw:43.692455,40.12665,46.921047,34.60162,54.16157,38.709717,41.62032,41.27272,35.667603,42.798477
EFT:43.69244,40.126637,46.92103,34.601604,54.16155,38.709705,41.620304,41.272705,35.667595,42.798466
Random62
Raw:43.69244,40.126637,46.92103,34.601604,54.16155,38.709705,41.620304,41.272705,35.667595,42.798466
EFT:43.69244,40.126637,46.92103,34.601604,54.16155,38.709705,41.620304,41.272705,35.667595,42.798466
Random63
Raw:43.69245,40.126648,46.921043,34.601612,54.161564,38.709713,41.62031,41.272717,35.667603,42.798477
EFT:43.69244,40.126637,46.92103,34.601604,54.16155,38.709705,41.620304,41.272705,35.667595,42.798466
Random64
Raw:43.69244,40.126637,46.92103,34.601604,54.16155,38.709705,41.620304,41.272705,35.667595,42.798466
EFT:43.69244,40.126637,46.92103,34.601604,54.16155,38.709705,41.620304,41.272705,35.667595,42.798466
Random65
Raw:43.692448,40.126644,46.921036,34.601612,54.16156,38.70971,41.620308,41.272713,35.6676,42.79847
EFT:43.69244,40.126637,46.92103,34.601604,54.16155,38.709705,41.620304,41.272705,35.667595,42.798466
Random66
Raw:43.692448,40.126644,46.921036,34.601612,54.16156,38.70971,41.620308,41.272713,35.6676,42.798466
EFT:43.69244,40.126637,46.92103,34.601604,54.16155,38.709705,41.620304,41.272705,35.667595,42.798466
Random67
Raw:43.692436,40.126633,46.921024,34.601604,54.161545,38.7097,41.6203,41.2727,35.66759,42.798462
EFT:43.69244,40.126637,46.92103,34.601604,54.16155,38.709705,41.620304,41.272705,35.667595,42.798466
Random68
Raw:43.692432,40.12663,46.92102,34.6016,54.16154,38.709694,41.620296,41.272694,35.667583,42.798454
EFT:43.69244,40.126637,46.92103,34.601604,54.16155,38.709705,41.620304,41.272705,35.667595,42.798466
Random69
Raw:43.692432,40.12663,46.92102,34.6016,54.16154,38.709698,41.620296,41.272697,35.667587,42.79846
EFT:43.69244,40.126637,46.92103,34.601604,54.16155,38.709705,41.620304,41.272705,35.667595,42.798466
Random70
Raw:43.69245,40.126644,46.92104,34.601612,54.161564,38.709713,41.62031,41.272717,35.667603,42.798473
EFT:43.69244,40.126637,46.92103,34.601604,54.16155,38.709705,41.620304,41.272705,35.667595,42.798466
Random71
Raw:43.692432,40.126633,46.92102,34.6016,54.16154,38.709698,41.620296,41.272697,35.667587,42.79846
EFT:43.69244,40.126637,46.92103,34.601604,54.16155,38.709705,41.620304,41.272705,35.667595,42.798466
Random72
Raw:43.692444,40.126644,46.921036,34.60161,54.161556,38.709705,41.620304,41.27271,35.667595,42.79847
EFT:43.69244,40.126637,46.92103,34.601604,54.16155,38.709705,41.620304,41.272705,35.667595,42.798466
Random73
Raw:43.69244,40.126637,46.92103,34.601604,54.16155,38.709705,41.620304,41.272705,35.667595,42.798462
EFT:43.69244,40.126637,46.92103,34.601604,54.16155,38.709705,41.620304,41.272705,35.667595,42.798466
Random74
Raw:43.692463,40.12666,46.921055,34.601624,54.16158,38.70972,41.620323,41.272724,35.66761,42.798485
EFT:43.69244,40.126637,46.92103,34.601604,54.16155,38.709705,41.620304,41.272705,35.667595,42.798466
Random75
Raw:43.69245,40.126644,46.92104,34.601612,54.161564,38.709713,41.62031,41.272717,35.667603,42.79847
EFT:43.69244,40.126637,46.92103,34.601604,54.16155,38.709705,41.620304,41.272705,35.667595,42.798466
Random76
Raw:43.692436,40.126637,46.92103,34.601604,54.161545,38.7097,41.6203,41.2727,35.66759,42.798466
EFT:43.69244,40.126637,46.92103,34.601604,54.16155,38.709705,41.620304,41.272705,35.667595,42.798466
Random77
Raw:43.692444,40.126644,46.921036,34.601612,54.16156,38.709705,41.6203,41.272713,35.6676,42.798473
EFT:43.69244,40.126637,46.92103,34.601604,54.16155,38.709705,41.620304,41.272705,35.667595,42.798466
Random78
Raw:43.69245,40.126648,46.921043,34.601612,54.161564,38.709713,41.62031,41.272717,35.667603,42.798477
EFT:43.69244,40.126637,46.92103,34.601604,54.16155,38.709705,41.620304,41.272705,35.667595,42.798466
Random79
Raw:43.692436,40.126633,46.921024,34.601604,54.161545,38.7097,41.6203,41.2727,35.66759,42.798462
EFT:43.69244,40.126637,46.92103,34.601604,54.16155,38.709705,41.620304,41.272705,35.667595,42.798466
Random80
Raw:43.692455,40.12665,46.921047,34.601616,54.161568,38.709717,41.620316,41.27272,35.667603,42.79848
EFT:43.69244,40.126637,46.92103,34.601604,54.16155,38.709705,41.620304,41.272705,35.667595,42.798466
Random81
Raw:43.69245,40.126644,46.92104,34.601612,54.161564,38.709713,41.62031,41.272717,35.667603,42.79847
EFT:43.69244,40.126637,46.92103,34.601604,54.16155,38.709705,41.620304,41.272705,35.667595,42.798466
Random82
Raw:43.69244,40.126637,46.92103,34.601604,54.16155,38.709705,41.620304,41.272705,35.667595,42.798466
EFT:43.69244,40.126637,46.92103,34.601604,54.16155,38.709705,41.620304,41.272705,35.667595,42.798466
Random83
Raw:43.69244,40.126637,46.92103,34.601604,54.16155,38.709705,41.620304,41.272705,35.667595,42.798466
EFT:43.69244,40.126637,46.92103,34.601604,54.16155,38.709705,41.620304,41.272705,35.667595,42.798466
Random84
Raw:43.692444,40.12664,46.921032,34.60161,54.161556,38.7097,41.620304,41.272705,35.66759,42.798462
EFT:43.69244,40.126637,46.92103,34.601604,54.16155,38.709705,41.620304,41.272705,35.667595,42.798466
Random85
Raw:43.69244,40.126637,46.92103,34.601604,54.16155,38.709705,41.620304,41.272705,35.667595,42.798466
EFT:43.69244,40.126637,46.92103,34.601604,54.16155,38.709705,41.620304,41.272705,35.667595,42.798466
Random86
Raw:43.69244,40.12664,46.921032,34.601604,54.16155,38.709705,41.620304,41.272705,35.6676,42.79847
EFT:43.69244,40.126637,46.92103,34.601604,54.16155,38.709705,41.620304,41.272705,35.667595,42.798466
Random87
Raw:43.692444,40.126644,46.921036,34.60161,54.161556,38.709705,41.620304,41.27271,35.667595,42.79847
EFT:43.69244,40.126637,46.92103,34.601604,54.16155,38.709705,41.620304,41.272705,35.667595,42.798466
Random88
Raw:43.692455,40.12665,46.921043,34.601616,54.161568,38.709717,41.620316,41.27272,35.667603,42.798477
EFT:43.69244,40.126637,46.92103,34.601604,54.16155,38.709705,41.620304,41.272705,35.667595,42.798466
Random89
Raw:43.692444,40.12664,46.921032,34.60161,54.161556,38.709705,41.620304,41.27271,35.667595,42.798462
EFT:43.69244,40.126637,46.92103,34.601604,54.16155,38.709705,41.620304,41.272705,35.667595,42.798466
Random90
Raw:43.69245,40.126648,46.921043,34.601612,54.161564,38.709713,41.62031,41.272717,35.667603,42.798477
EFT:43.69244,40.126637,46.92103,34.601604,54.16155,38.709705,41.620304,41.272705,35.667595,42.798466
Random91
Raw:43.692432,40.12663,46.92102,34.6016,54.16154,38.709694,41.620296,41.272697,35.667587,42.798454
EFT:43.69244,40.126637,46.92103,34.601604,54.16155,38.709705,41.620304,41.272705,35.667595,42.798466
Random92
Raw:43.692436,40.126637,46.92103,34.60161,54.161545,38.7097,41.620296,41.272705,35.667595,42.798466
EFT:43.69244,40.126637,46.92103,34.601604,54.16155,38.709705,41.620304,41.272705,35.667595,42.798466
Random93
Raw:43.69244,40.126637,46.92103,34.601604,54.16155,38.709705,41.620304,41.272705,35.667595,42.798466
EFT:43.69244,40.126637,46.92103,34.601604,54.16155,38.709705,41.620304,41.272705,35.667595,42.798466
Random94
Raw:43.692455,40.12665,46.921043,34.601616,54.161568,38.709717,41.620316,41.27272,35.667603,42.798477
EFT:43.69244,40.126637,46.92103,34.601604,54.16155,38.709705,41.620304,41.272705,35.667595,42.798466
Random95
Raw:43.692436,40.126637,46.92103,34.601604,54.161545,38.7097,41.6203,41.2727,35.66759,42.798466
EFT:43.69244,40.126637,46.92103,34.601604,54.16155,38.709705,41.620304,41.272705,35.667595,42.798466
Random96
Raw:43.692448,40.126648,46.92104,34.601612,54.16156,38.70971,41.620308,41.272713,35.6676,42.79847
EFT:43.69244,40.126637,46.92103,34.601604,54.16155,38.709705,41.620304,41.272705,35.667595,42.798466
Random97
Raw:43.692444,40.126644,46.921036,34.60161,54.161556,38.709705,41.620304,41.27271,35.667595,42.79847
EFT:43.69244,40.126637,46.92103,34.601604,54.16155,38.709705,41.620304,41.272705,35.667595,42.798466
Random98
Raw:43.692455,40.12665,46.921047,34.60162,54.16157,38.70972,41.62032,41.272724,35.667606,42.79848
EFT:43.69244,40.126637,46.92103,34.601604,54.16155,38.709705,41.620304,41.272705,35.667595,42.798466
Random99
Raw:43.692448,40.126648,46.92104,34.601612,54.16156,38.70971,41.620308,41.272713,35.6676,42.798473
EFT:43.69244,40.126637,46.92103,34.601604,54.16155,38.709705,41.620304,41.272705,35.667595,42.798466
Random100
Raw:43.69243,40.126625,46.921017,34.601597,54.161537,38.709694,41.620293,41.272697,35.667587,42.798454
EFT:43.69244,40.126637,46.92103,34.601604,54.16155,38.709705,41.620304,41.272705,35.667595,42.798466
Random101
Raw:43.69244,40.126637,46.92103,34.601604,54.16155,38.709705,41.620304,41.272705,35.667595,42.798466
EFT:43.69244,40.126637,46.92103,34.601604,54.16155,38.709705,41.620304,41.272705,35.667595,42.798466
Random102
Raw:43.69244,40.126637,46.92103,34.601604,54.16155,38.709705,41.620304,41.272705,35.667595,42.798466
EFT:43.69244,40.126637,46.92103,34.601604,54.16155,38.709705,41.620304,41.272705,35.667595,42.798466
Random103
Raw:43.69245,40.126644,46.92104,34.601612,54.161564,38.709713,41.62031,41.272717,35.667603,42.79847
EFT:43.69244,40.126637,46.92103,34.601604,54.16155,38.709705,41.620304,41.272705,35.667595,42.798466
Random104
Raw:43.692444,40.126644,46.921036,34.60161,54.161556,38.709705,41.620304,41.27271,35.667595,42.79847
EFT:43.69244,40.126637,46.92103,34.601604,54.16155,38.709705,41.620304,41.272705,35.667595,42.798466
Random105
Raw:43.69245,40.126644,46.92104,34.601612,54.161564,38.70971,41.62031,41.272713,35.667603,42.79847
EFT:43.69244,40.126637,46.92103,34.601604,54.16155,38.709705,41.620304,41.272705,35.667595,42.798466
Random106
Raw:43.69244,40.12664,46.921032,34.601604,54.16155,38.709705,41.620304,41.272705,35.667595,42.79847
EFT:43.69244,40.126637,46.92103,34.601604,54.16155,38.709705,41.620304,41.272705,35.667595,42.798466
Random107
Raw:43.692432,40.126633,46.92102,34.6016,54.16154,38.709698,41.620296,41.272697,35.667587,42.79846
EFT:43.69244,40.126637,46.92103,34.601604,54.16155,38.709705,41.620304,41.272705,35.667595,42.798466
Random108
Raw:43.692436,40.126633,46.921024,34.601604,54.161545,38.7097,41.6203,41.2727,35.66759,42.798462
EFT:43.69244,40.126637,46.92103,34.601604,54.16155,38.709705,41.620304,41.272705,35.667595,42.798466
Random109
Raw:43.69246,40.12666,46.921055,34.601624,54.161575,38.70972,41.62032,41.272724,35.66761,42.798485
EFT:43.69244,40.126637,46.92103,34.601604,54.16155,38.709705,41.620304,41.272705,35.667595,42.798466
Random110
Raw:43.69243,40.126625,46.921017,34.601597,54.161537,38.709694,41.620293,41.272697,35.667587,42.79845
EFT:43.69244,40.126637,46.92103,34.601604,54.16155,38.709705,41.620304,41.272705,35.667595,42.798466
Random111
Raw:43.692444,40.12664,46.921032,34.60161,54.161556,38.709705,41.620304,41.27271,35.667595,42.798466
EFT:43.69244,40.126637,46.92103,34.601604,54.16155,38.709705,41.620304,41.272705,35.667595,42.798466
Random112
Raw:43.692448,40.126644,46.921036,34.601612,54.16156,38.70971,41.620308,41.272713,35.6676,42.79847
EFT:43.69244,40.126637,46.92103,34.601604,54.16155,38.709705,41.620304,41.272705,35.667595,42.798466
Random113
Raw:43.69244,40.126637,46.92103,34.601604,54.16155,38.709705,41.620304,41.272705,35.667595,42.798466
EFT:43.69244,40.126637,46.92103,34.601604,54.16155,38.709705,41.620304,41.272705,35.667595,42.798466
Random114
Raw:43.69245,40.126644,46.92104,34.601612,54.161564,38.709713,41.62031,41.272717,35.667603,42.798473
EFT:43.69244,40.126637,46.92103,34.601604,54.16155,38.709705,41.620304,41.272705,35.667595,42.798466
Random115
Raw:43.69244,40.126637,46.92103,34.601604,54.16155,38.709705,41.620304,41.272705,35.667595,42.798466
EFT:43.69244,40.126637,46.92103,34.601604,54.16155,38.709705,41.620304,41.272705,35.667595,42.798466
Random116
Raw:43.692436,40.126633,46.921024,34.601604,54.161545,38.7097,41.6203,41.2727,35.66759,42.798462
EFT:43.69244,40.126637,46.92103,34.601604,54.16155,38.709705,41.620304,41.272705,35.667595,42.798466
Random117
Raw:43.69244,40.12664,46.92103,34.601604,54.16155,38.709705,41.620304,41.272705,35.667595,42.798466
EFT:43.69244,40.126637,46.92103,34.601604,54.16155,38.709705,41.620304,41.272705,35.667595,42.798466
Random118
Raw:43.692448,40.126644,46.921036,34.601612,54.16156,38.70971,41.620308,41.272713,35.6676,42.79847
EFT:43.69244,40.126637,46.92103,34.601604,54.16155,38.709705,41.620304,41.272705,35.667595,42.798466
Random119
Raw:43.692436,40.126637,46.92103,34.601604,54.161545,38.7097,41.6203,41.2727,35.66759,42.798466
EFT:43.69244,40.126637,46.92103,34.601604,54.16155,38.709705,41.620304,41.272705,35.667595,42.798466
Random120
Raw:43.692444,40.12664,46.921032,34.60161,54.161556,38.709705,41.620304,41.27271,35.667595,42.798462
EFT:43.69244,40.126637,46.92103,34.601604,54.16155,38.709705,41.620304,41.272705,35.667595,42.798466
Random121
Raw:43.69244,40.12664,46.92103,34.601604,54.16155,38.709705,41.620304,41.272705,35.667595,42.798466
EFT:43.69244,40.126637,46.92103,34.601604,54.16155,38.709705,41.620304,41.272705,35.667595,42.798466
Random122
Raw:43.69244,40.126637,46.92103,34.601604,54.16155,38.709705,41.620304,41.272705,35.667595,42.798466
EFT:43.69244,40.126637,46.92103,34.601604,54.16155,38.709705,41.620304,41.272705,35.667595,42.798466
Random123
Raw:43.69246,40.126656,46.92105,34.601624,54.161575,38.70972,41.62032,41.272724,35.66761,42.798485
EFT:43.69244,40.126637,46.92103,34.601604,54.16155,38.709705,41.620304,41.272705,35.667595,42.798466
Random124
Raw:43.69244,40.126637,46.92103,34.601604,54.16155,38.709705,41.620304,41.272705,35.667595,42.798466
EFT:43.69244,40.126637,46.92103,34.601604,54.16155,38.709705,41.620304,41.272705,35.667595,42.798466
Random125
Raw:43.692444,40.12664,46.921032,34.60161,54.161556,38.709705,41.620304,41.27271,35.667595,42.798466
EFT:43.69244,40.126637,46.92103,34.601604,54.16155,38.709705,41.620304,41.272705,35.667595,42.798466
Random126
Raw:43.692448,40.126644,46.921036,34.601612,54.16156,38.70971,41.620308,41.272713,35.6676,42.79847
EFT:43.69244,40.126637,46.92103,34.601604,54.16155,38.709705,41.620304,41.272705,35.667595,42.798466
Random127
Raw:43.692448,40.126644,46.921036,34.601612,54.16156,38.70971,41.620308,41.272713,35.6676,42.79847
EFT:43.69244,40.126637,46.92103,34.601604,54.16155,38.709705,41.620304,41.272705,35.667595,42.798466
Random128
Raw:43.69245,40.126648,46.921043,34.601612,54.161564,38.709713,41.62031,41.272717,35.667603,42.798477
EFT:43.69244,40.126637,46.92103,34.601604,54.16155,38.709705,41.620304,41.272705,35.667595,42.798466
Random129
Raw:43.692432,40.12663,46.92102,34.6016,54.16154,38.709694,41.620296,41.272697,35.667587,42.798454
EFT:43.69244,40.126637,46.92103,34.601604,54.16155,38.709705,41.620304,41.272705,35.667595,42.798466
Random130
Raw:43.69244,40.126637,46.92103,34.601604,54.16155,38.709705,41.620304,41.272705,35.667595,42.798466
EFT:43.69244,40.126637,46.92103,34.601604,54.16155,38.709705,41.620304,41.272705,35.667595,42.798466
Random131
Raw:43.692448,40.126644,46.921036,34.601612,54.16156,38.70971,41.620308,41.272713,35.6676,42.798466
EFT:43.69244,40.126637,46.92103,34.601604,54.16155,38.709705,41.620304,41.272705,35.667595,42.798466
Random132
Raw:43.69244,40.126637,46.92103,34.601604,54.16155,38.709705,41.620304,41.272705,35.667595,42.798466
EFT:43.69244,40.126637,46.92103,34.601604,54.16155,38.709705,41.620304,41.272705,35.667595,42.798466
Random133
Raw:43.69244,40.126637,46.92103,34.601604,54.16155,38.709705,41.620304,41.272705,35.667595,42.798466
EFT:43.69244,40.126637,46.92103,34.601604,54.16155,38.709705,41.620304,41.272705,35.667595,42.798466
Random134
Raw:43.692432,40.12663,46.92102,34.6016,54.16154,38.709698,41.620296,41.272697,35.667587,42.79846
EFT:43.69244,40.126637,46.92103,34.601604,54.16155,38.709705,41.620304,41.272705,35.667595,42.798466
Random135
Raw:43.692436,40.126633,46.921024,34.601604,54.161545,38.7097,41.6203,41.2727,35.66759,42.798462
EFT:43.69244,40.126637,46.92103,34.601604,54.16155,38.709705,41.620304,41.272705,35.667595,42.798466
Random136
Raw:43.692436,40.126633,46.921024,34.601604,54.161545,38.7097,41.6203,41.2727,35.66759,42.798462
EFT:43.69244,40.126637,46.92103,34.601604,54.16155,38.709705,41.620304,41.272705,35.667595,42.798466
Random137
Raw:43.692448,40.126644,46.921036,34.601612,54.16156,38.709705,41.620308,41.27271,35.667595,42.798466
EFT:43.69244,40.126637,46.92103,34.601604,54.16155,38.709705,41.620304,41.272705,35.667595,42.798466
Random138
Raw:43.692455,40.126648,46.921043,34.601616,54.161568,38.709717,41.620316,41.27272,35.667603,42.798477
EFT:43.69244,40.126637,46.92103,34.601604,54.16155,38.709705,41.620304,41.272705,35.667595,42.798466
Random139
Raw:43.69244,40.126637,46.92103,34.601604,54.16155,38.709705,41.620304,41.272705,35.667595,42.798466
EFT:43.69244,40.126637,46.92103,34.601604,54.16155,38.709705,41.620304,41.272705,35.667595,42.798466
Random140
Raw:43.69244,40.12664,46.92103,34.601604,54.16155,38.709705,41.620304,41.272705,35.667595,42.798466
EFT:43.69244,40.126637,46.92103,34.601604,54.16155,38.709705,41.620304,41.272705,35.667595,42.798466
Random141
Raw:43.692436,40.126637,46.92103,34.601604,54.161545,38.7097,41.6203,41.2727,35.66759,42.798466
EFT:43.69244,40.126637,46.92103,34.601604,54.16155,38.709705,41.620304,41.272705,35.667595,42.798466
Random142
Raw:43.69245,40.126644,46.92104,34.601612,54.161564,38.709713,41.62031,41.272717,35.667603,42.79847
EFT:43.69244,40.126637,46.92103,34.601604,54.16155,38.709705,41.620304,41.272705,35.667595,42.798466
Random143
Raw:43.69244,40.126637,46.92103,34.601604,54.16155,38.709705,41.620304,41.272705,35.667595,42.798466
EFT:43.69244,40.126637,46.92103,34.601604,54.16155,38.709705,41.620304,41.272705,35.667595,42.798466
Random144
Raw:43.692436,40.126633,46.921024,34.601604,54.161545,38.7097,41.6203,41.2727,35.66759,42.798462
EFT:43.69244,40.126637,46.92103,34.601604,54.16155,38.709705,41.620304,41.272705,35.667595,42.798466
Random145
Raw:43.692444,40.126644,46.921036,34.60161,54.161556,38.709705,41.620304,41.27271,35.667595,42.79847
EFT:43.69244,40.126637,46.92103,34.601604,54.16155,38.709705,41.620304,41.272705,35.667595,42.798466
Random146
Raw:43.692444,40.126644,46.921036,34.60161,54.161556,38.709705,41.620304,41.27271,35.667595,42.79847
EFT:43.69244,40.126637,46.92103,34.601604,54.16155,38.709705,41.620304,41.272705,35.667595,42.798466
Random147
Raw:43.69245,40.126644,46.92104,34.601612,54.161564,38.709713,41.62031,41.272717,35.667603,42.798473
EFT:43.69244,40.126637,46.92103,34.601604,54.16155,38.709705,41.620304,41.272705,35.667595,42.798466
Random148
Raw:43.692448,40.126644,46.921036,34.601612,54.16156,38.70971,41.620308,41.272713,35.6676,42.79847
EFT:43.69244,40.126637,46.92103,34.601604,54.16155,38.709705,41.620304,41.272705,35.667595,42.798466
Random149
Raw:43.692455,40.12665,46.921047,34.601616,54.161568,38.709717,41.620316,41.27272,35.667603,42.79848
EFT:43.69244,40.126637,46.92103,34.601604,54.16155,38.709705,41.620304,41.272705,35.667595,42.798466
Random150
Raw:43.692448,40.126644,46.921036,34.601612,54.16156,38.70971,41.620308,41.272713,35.6676,42.79847
EFT:43.69244,40.126637,46.92103,34.601604,54.16155,38.709705,41.620304,41.272705,35.667595,42.798466
Random151
Raw:43.692455,40.126656,46.92105,34.60162,54.16157,38.70972,41.62032,41.272724,35.667606,42.798485
EFT:43.69244,40.126637,46.92103,34.601604,54.16155,38.709705,41.620304,41.272705,35.667595,42.798466
Random152
Raw:43.69246,40.126656,46.92105,34.601624,54.161575,38.70972,41.62032,41.272724,35.66761,42.798485
EFT:43.69244,40.126637,46.92103,34.601604,54.16155,38.709705,41.620304,41.272705,35.667595,42.798466
Random153
Raw:43.692444,40.12664,46.921032,34.60161,54.161556,38.709705,41.620304,41.27271,35.667595,42.798466
EFT:43.69244,40.126637,46.92103,34.601604,54.16155,38.709705,41.620304,41.272705,35.667595,42.798466
Random154
Raw:43.692448,40.126648,46.92104,34.601612,54.16156,38.70971,41.620304,41.272713,35.667603,42.798473
EFT:43.69244,40.126637,46.92103,34.601604,54.16155,38.709705,41.620304,41.272705,35.667595,42.798466
Random155
Raw:43.692448,40.126644,46.921036,34.601612,54.16156,38.70971,41.620308,41.272713,35.6676,42.79847
EFT:43.69244,40.126637,46.92103,34.601604,54.16155,38.709705,41.620304,41.272705,35.667595,42.798466
Random156
Raw:43.692436,40.126633,46.921024,34.601604,54.161545,38.7097,41.6203,41.2727,35.66759,42.798462
EFT:43.69244,40.126637,46.92103,34.601604,54.16155,38.709705,41.620304,41.272705,35.667595,42.798466
Random157
Raw:43.69244,40.126637,46.92103,34.601604,54.16155,38.709705,41.620304,41.272705,35.667595,42.798466
EFT:43.69244,40.126637,46.92103,34.601604,54.16155,38.709705,41.620304,41.272705,35.667595,42.798466
Random158
Raw:43.69245,40.126648,46.921043,34.601612,54.161564,38.709713,41.62031,41.272717,35.667603,42.798477
EFT:43.69244,40.126637,46.92103,34.601604,54.16155,38.709705,41.620304,41.272705,35.667595,42.798466
Random159
Raw:43.692436,40.126633,46.921024,34.601604,54.161545,38.7097,41.6203,41.2727,35.66759,42.798462
EFT:43.69244,40.126637,46.92103,34.601604,54.16155,38.709705,41.620304,41.272705,35.667595,42.798466
Random160
Raw:43.69244,40.126637,46.92103,34.601604,54.16155,38.709705,41.620304,41.272705,35.667595,42.798466
EFT:43.69244,40.126637,46.92103,34.601604,54.16155,38.709705,41.620304,41.272705,35.667595,42.798466
Random161
Raw:43.69245,40.126644,46.92104,34.601612,54.161564,38.709713,41.62031,41.272717,35.667603,42.798473
EFT:43.69244,40.126637,46.92103,34.601604,54.16155,38.709705,41.620304,41.272705,35.667595,42.798466
Random162
Raw:43.692448,40.126644,46.921036,34.601612,54.16156,38.70971,41.620308,41.272713,35.6676,42.79847
EFT:43.69244,40.126637,46.92103,34.601604,54.16155,38.709705,41.620304,41.272705,35.667595,42.798466
Random163
Raw:43.692436,40.126637,46.92103,34.601604,54.161545,38.7097,41.6203,41.2727,35.66759,42.798462
EFT:43.69244,40.126637,46.92103,34.601604,54.16155,38.709705,41.620304,41.272705,35.667595,42.798466
Random164
Raw:43.692432,40.12663,46.92102,34.6016,54.16154,38.709698,41.620296,41.272697,35.667587,42.79846
EFT:43.69244,40.126637,46.92103,34.601604,54.16155,38.709705,41.620304,41.272705,35.667595,42.798466
Random165
Raw:43.69244,40.126637,46.92103,34.601604,54.16155,38.709705,41.620304,41.272705,35.667595,42.798466
EFT:43.69244,40.126637,46.92103,34.601604,54.16155,38.709705,41.620304,41.272705,35.667595,42.798466
Random166
Raw:43.69244,40.12664,46.92103,34.601604,54.16155,38.709705,41.620304,41.272705,35.667595,42.798466
EFT:43.69244,40.126637,46.92103,34.601604,54.16155,38.709705,41.620304,41.272705,35.667595,42.798466
Random167
Raw:43.69245,40.126648,46.921043,34.601612,54.161564,38.709713,41.62031,41.272717,35.667603,42.798477
EFT:43.69244,40.126637,46.92103,34.601604,54.16155,38.709705,41.620304,41.272705,35.667595,42.798466
Random168
Raw:43.692436,40.126637,46.92103,34.601604,54.161545,38.7097,41.6203,41.2727,35.66759,42.798466
EFT:43.69244,40.126637,46.92103,34.601604,54.16155,38.709705,41.620304,41.272705,35.667595,42.798466
Random169
Raw:43.692436,40.126633,46.921024,34.601604,54.161545,38.7097,41.6203,41.2727,35.66759,42.798462
EFT:43.69244,40.126637,46.92103,34.601604,54.16155,38.709705,41.620304,41.272705,35.667595,42.798466
Random170
Raw:43.69245,40.126644,46.92104,34.601612,54.161564,38.709713,41.62031,41.272717,35.667603,42.798473
EFT:43.69244,40.126637,46.92103,34.601604,54.16155,38.709705,41.620304,41.272705,35.667595,42.798466
Random171
Raw:43.692455,40.12665,46.921047,34.601616,54.161568,38.709717,41.620316,41.27272,35.667603,42.79848
EFT:43.69244,40.126637,46.92103,34.601604,54.16155,38.709705,41.620304,41.272705,35.667595,42.798466
Random172
Raw:43.692436,40.126633,46.921024,34.601604,54.161545,38.7097,41.6203,41.272697,35.66759,42.79846
EFT:43.69244,40.126637,46.92103,34.601604,54.16155,38.709705,41.620304,41.272705,35.667595,42.798466
Random173
Raw:43.692455,40.126656,46.92105,34.60162,54.16157,38.70972,41.62032,41.272724,35.667606,42.798485
EFT:43.69244,40.126637,46.92103,34.601604,54.16155,38.709705,41.620304,41.272705,35.667595,42.798466
Random174
Raw:43.69243,40.126625,46.921017,34.601597,54.161537,38.709694,41.620293,41.272697,35.667587,42.798454
EFT:43.69244,40.126637,46.92103,34.601604,54.16155,38.709705,41.620304,41.272705,35.667595,42.798466
Random175
Raw:43.69245,40.126644,46.92104,34.601612,54.161564,38.709713,41.62031,41.272717,35.667603,42.798473
EFT:43.69244,40.126637,46.92103,34.601604,54.16155,38.709705,41.620304,41.272705,35.667595,42.798466
Random176
Raw:43.692448,40.126644,46.921036,34.601612,54.16156,38.70971,41.620308,41.272713,35.6676,42.79847
EFT:43.69244,40.126637,46.92103,34.601604,54.16155,38.709705,41.620304,41.272705,35.667595,42.798466
Random177
Raw:43.692444,40.12664,46.921032,34.60161,54.161556,38.709705,41.620304,41.27271,35.667595,42.798466
EFT:43.69244,40.126637,46.92103,34.601604,54.16155,38.709705,41.620304,41.272705,35.667595,42.798466
Random178
Raw:43.69246,40.12666,46.92105,34.601624,54.161575,38.70972,41.62032,41.272724,35.66761,42.798485
EFT:43.69244,40.126637,46.92103,34.601604,54.16155,38.709705,41.620304,41.272705,35.667595,42.798466
Random179
Raw:43.69244,40.12664,46.921032,34.601604,54.16155,38.709705,41.620304,41.272705,35.667595,42.79847
EFT:43.69244,40.126637,46.92103,34.601604,54.16155,38.709705,41.620304,41.272705,35.667595,42.798466
Random180
Raw:43.692455,40.12665,46.921047,34.601616,54.161568,38.709717,41.620316,41.27272,35.667603,42.798477
EFT:43.69244,40.126637,46.92103,34.601604,54.16155,38.709705,41.620304,41.272705,35.667595,42.798466
Random181
Raw:43.69245,40.126644,46.92104,34.601612,54.161564,38.709713,41.62031,41.272717,35.667603,42.798473
EFT:43.69244,40.126637,46.92103,34.601604,54.16155,38.709705,41.620304,41.272705,35.667595,42.798466
Random182
Raw:43.692444,40.126644,46.921036,34.60161,54.161556,38.709705,41.620304,41.27271,35.667595,42.798466
EFT:43.69244,40.126637,46.92103,34.601604,54.16155,38.709705,41.620304,41.272705,35.667595,42.798466
Random183
Raw:43.692436,40.126637,46.92103,34.601604,54.161545,38.7097,41.620296,41.2727,35.667595,42.798466
EFT:43.69244,40.126637,46.92103,34.601604,54.16155,38.709705,41.620304,41.272705,35.667595,42.798466
Random184
Raw:43.692448,40.126644,46.921036,34.601612,54.16156,38.70971,41.620308,41.272713,35.6676,42.798466
EFT:43.69244,40.126637,46.92103,34.601604,54.16155,38.709705,41.620304,41.272705,35.667595,42.798466
Random185
Raw:43.692448,40.126644,46.921036,34.601612,54.16156,38.70971,41.620308,41.272713,35.6676,42.79847
EFT:43.69244,40.126637,46.92103,34.601604,54.16155,38.709705,41.620304,41.272705,35.667595,42.798466
Random186
Raw:43.692436,40.126637,46.92103,34.601604,54.161545,38.7097,41.6203,41.2727,35.66759,42.798466
EFT:43.69244,40.126637,46.92103,34.601604,54.16155,38.709705,41.620304,41.272705,35.667595,42.798466
Random187
Raw:43.69244,40.126637,46.92103,34.601604,54.16155,38.709705,41.620304,41.272705,35.667595,42.798466
EFT:43.69244,40.126637,46.92103,34.601604,54.16155,38.709705,41.620304,41.272705,35.667595,42.798466
Random188
Raw:43.692455,40.126648,46.921043,34.601616,54.161568,38.709717,41.620316,41.27272,35.667603,42.798477
EFT:43.69244,40.126637,46.92103,34.601604,54.16155,38.709705,41.620304,41.272705,35.667595,42.798466
Random189
Raw:43.692432,40.12663,46.92102,34.6016,54.16154,38.709698,41.620296,41.272697,35.667587,42.798454
EFT:43.69244,40.126637,46.92103,34.601604,54.16155,38.709705,41.620304,41.272705,35.667595,42.798466
Random190
Raw:43.692448,40.126648,46.92104,34.601612,54.16156,38.70971,41.620308,41.272713,35.6676,42.79847
EFT:43.69244,40.126637,46.92103,34.601604,54.16155,38.709705,41.620304,41.272705,35.667595,42.798466
Random191
Raw:43.69245,40.126644,46.92104,34.601612,54.161564,38.709713,41.62031,41.272717,35.667603,42.798473
EFT:43.69244,40.126637,46.92103,34.601604,54.16155,38.709705,41.620304,41.272705,35.667595,42.798466
Random192
Raw:43.692444,40.12664,46.921032,34.60161,54.161556,38.709705,41.620304,41.27271,35.667595,42.798466
EFT:43.69244,40.126637,46.92103,34.601604,54.16155,38.709705,41.620304,41.272705,35.667595,42.798466
Random193
Raw:43.69243,40.126625,46.921017,34.601597,54.161537,38.709694,41.620293,41.272697,35.667587,42.798454
EFT:43.69244,40.126637,46.92103,34.601604,54.16155,38.709705,41.620304,41.272705,35.667595,42.798466
Random194
Raw:43.692444,40.126644,46.921036,34.60161,54.161556,38.709705,41.620304,41.27271,35.6676,42.79847
EFT:43.69244,40.126637,46.92103,34.601604,54.16155,38.709705,41.620304,41.272705,35.667595,42.798466
Random195
Raw:43.692444,40.12664,46.921032,34.60161,54.161556,38.709705,41.620304,41.27271,35.667595,42.798466
EFT:43.69244,40.126637,46.92103,34.601604,54.16155,38.709705,41.620304,41.272705,35.667595,42.798466
Random196
Raw:43.69244,40.126637,46.92103,34.601604,54.16155,38.709705,41.620304,41.272705,35.667595,42.798466
EFT:43.69244,40.126637,46.92103,34.601604,54.16155,38.709705,41.620304,41.272705,35.667595,42.798466
Random197
Raw:43.692444,40.126644,46.921036,34.60161,54.161556,38.709705,41.620304,41.27271,35.667595,42.79847
EFT:43.69244,40.126637,46.92103,34.601604,54.16155,38.709705,41.620304,41.272705,35.667595,42.798466
Random198
Raw:43.692448,40.126648,46.92104,34.601612,54.16156,38.70971,41.620308,41.272713,35.6676,42.798473
EFT:43.69244,40.126637,46.92103,34.601604,54.16155,38.709705,41.620304,41.272705,35.667595,42.798466
Random199
Raw:43.692448,40.126644,46.921036,34.601612,54.16156,38.70971,41.620308,41.272713,35.6676,42.79847
EFT:43.69244,40.126637,46.92103,34.601604,54.16155,38.709705,41.620304,41.272705,35.667595,42.798466
Random200
Raw:43.69244,40.12664,46.92103,34.601604,54.16155,38.709705,41.620304,41.272705,35.667595,42.798466
EFT:43.69244,40.126637,46.92103,34.601604,54.16155,38.709705,41.620304,41.272705,35.667595,42.798466
Random201
Raw:43.69245,40.126644,46.92104,34.601612,54.161564,38.70971,41.62031,41.272713,35.6676,42.79847
EFT:43.69244,40.126637,46.92103,34.601604,54.16155,38.709705,41.620304,41.272705,35.667595,42.798466
Random202
Raw:43.692448,40.126644,46.921036,34.601612,54.16156,38.70971,41.620308,41.272713,35.6676,42.79847
EFT:43.69244,40.126637,46.92103,34.601604,54.16155,38.709705,41.620304,41.272705,35.667595,42.798466
Random203
Raw:43.692444,40.126644,46.921036,34.601612,54.161556,38.709705,41.6203,41.272713,35.6676,42.79847
EFT:43.69244,40.126637,46.92103,34.601604,54.16155,38.709705,41.620304,41.272705,35.667595,42.798466
Random204
Raw:43.69245,40.126648,46.921043,34.601612,54.161564,38.709713,41.62031,41.272717,35.667603,42.798477
EFT:43.69244,40.126637,46.92103,34.601604,54.16155,38.709705,41.620304,41.272705,35.667595,42.798466
Random205
Raw:43.692455,40.126648,46.921043,34.601616,54.161568,38.709717,41.620316,41.27272,35.667603,42.798477
EFT:43.69244,40.126637,46.92103,34.601604,54.16155,38.709705,41.620304,41.272705,35.667595,42.798466
Random206
Raw:43.692448,40.126644,46.921036,34.601612,54.16156,38.70971,41.620308,41.272713,35.6676,42.79847
EFT:43.69244,40.126637,46.92103,34.601604,54.16155,38.709705,41.620304,41.272705,35.667595,42.798466
Random207
Raw:43.692432,40.126633,46.921024,34.6016,54.16154,38.709698,41.620296,41.272697,35.667587,42.798462
EFT:43.69244,40.126637,46.92103,34.601604,54.16155,38.709705,41.620304,41.272705,35.667595,42.798466
Random208
Raw:43.69245,40.12664,46.92104,34.601612,54.16156,38.70971,41.62031,41.272713,35.6676,42.798466
EFT:43.69244,40.126637,46.92103,34.601604,54.16155,38.709705,41.620304,41.272705,35.667595,42.798466
Random209
Raw:43.69244,40.126637,46.92103,34.601604,54.16155,38.709705,41.620304,41.272705,35.667595,42.798466
EFT:43.69244,40.126637,46.92103,34.601604,54.16155,38.709705,41.620304,41.272705,35.667595,42.798466
Random210
Raw:43.692444,40.12664,46.921032,34.60161,54.161556,38.709705,41.620304,41.27271,35.667595,42.798466
EFT:43.69244,40.126637,46.92103,34.601604,54.16155,38.709705,41.620304,41.272705,35.667595,42.798466
Random211
Raw:43.69244,40.126637,46.92103,34.601604,54.16155,38.709705,41.620304,41.272705,35.667595,42.798466
EFT:43.69244,40.126637,46.92103,34.601604,54.16155,38.709705,41.620304,41.272705,35.667595,42.798466
Random212
Raw:43.69244,40.126637,46.92103,34.601604,54.16155,38.709705,41.620304,41.272705,35.667595,42.798466
EFT:43.69244,40.126637,46.92103,34.601604,54.16155,38.709705,41.620304,41.272705,35.667595,42.798466
Random213
Raw:43.69244,40.126637,46.92103,34.601604,54.16155,38.709705,41.620304,41.272705,35.667595,42.798466
EFT:43.69244,40.126637,46.92103,34.601604,54.16155,38.709705,41.620304,41.272705,35.667595,42.798466
Random214
Raw:43.692448,40.126648,46.921036,34.601612,54.16156,38.70971,41.620308,41.272713,35.6676,42.79847
EFT:43.69244,40.126637,46.92103,34.601604,54.16155,38.709705,41.620304,41.272705,35.667595,42.798466
Random215
Raw:43.692444,40.126644,46.921036,34.60161,54.161556,38.709705,41.620304,41.27271,35.667595,42.79847
EFT:43.69244,40.126637,46.92103,34.601604,54.16155,38.709705,41.620304,41.272705,35.667595,42.798466
Random216
Raw:43.692436,40.126633,46.921024,34.601604,54.161545,38.7097,41.6203,41.2727,35.66759,42.798462
EFT:43.69244,40.126637,46.92103,34.601604,54.16155,38.709705,41.620304,41.272705,35.667595,42.798466
Random217
Raw:43.692436,40.126633,46.921024,34.601604,54.161545,38.7097,41.6203,41.2727,35.66759,42.798462
EFT:43.69244,40.126637,46.92103,34.601604,54.16155,38.709705,41.620304,41.272705,35.667595,42.798466
Random218
Raw:43.692444,40.12664,46.921032,34.60161,54.161556,38.709705,41.620304,41.27271,35.667595,42.798466
EFT:43.69244,40.126637,46.92103,34.601604,54.16155,38.709705,41.620304,41.272705,35.667595,42.798466
Random219
Raw:43.692448,40.126644,46.921036,34.601612,54.16156,38.70971,41.620308,41.272713,35.6676,42.79847
EFT:43.69244,40.126637,46.92103,34.601604,54.16155,38.709705,41.620304,41.272705,35.667595,42.798466
Random220
Raw:43.692448,40.126648,46.92104,34.601612,54.16156,38.70971,41.620308,41.272713,35.6676,42.798473
EFT:43.69244,40.126637,46.92103,34.601604,54.16155,38.709705,41.620304,41.272705,35.667595,42.798466
Random221
Raw:43.692444,40.12664,46.921032,34.60161,54.161556,38.709705,41.620304,41.27271,35.667595,42.798466
EFT:43.69244,40.126637,46.92103,34.601604,54.16155,38.709705,41.620304,41.272705,35.667595,42.798466
Random222
Raw:43.692448,40.126648,46.92104,34.601616,54.16156,38.70971,41.620304,41.272713,35.667603,42.798473
EFT:43.69244,40.126637,46.92103,34.601604,54.16155,38.709705,41.620304,41.272705,35.667595,42.798466
Random223
Raw:43.692448,40.126648,46.921036,34.601612,54.16156,38.70971,41.620308,41.272713,35.6676,42.79847
EFT:43.69244,40.126637,46.92103,34.601604,54.16155,38.709705,41.620304,41.272705,35.667595,42.798466
Random224
Raw:43.69244,40.12664,46.921032,34.601604,54.16155,38.709705,41.620304,41.272705,35.667595,42.79847
EFT:43.69244,40.126637,46.92103,34.601604,54.16155,38.709705,41.620304,41.272705,35.667595,42.798466
Random225
Raw:43.692432,40.126633,46.921024,34.6016,54.16154,38.709698,41.620296,41.272697,35.667587,42.798462
EFT:43.69244,40.126637,46.92103,34.601604,54.16155,38.709705,41.620304,41.272705,35.667595,42.798466
Random226
Raw:43.692444,40.12664,46.921032,34.60161,54.161556,38.709705,41.620304,41.27271,35.667595,42.798462
EFT:43.69244,40.126637,46.92103,34.601604,54.16155,38.709705,41.620304,41.272705,35.667595,42.798466
Random227
Raw:43.692448,40.126644,46.921036,34.601612,54.16156,38.70971,41.620308,41.272713,35.6676,42.798466
EFT:43.69244,40.126637,46.92103,34.601604,54.16155,38.709705,41.620304,41.272705,35.667595,42.798466
Random228
Raw:43.692455,40.12665,46.921047,34.601616,54.161568,38.709717,41.620316,41.27272,35.667603,42.798477
EFT:43.69244,40.126637,46.92103,34.601604,54.16155,38.709705,41.620304,41.272705,35.667595,42.798466
Random229
Raw:43.692455,40.126648,46.921043,34.601616,54.161568,38.709717,41.620316,41.27272,35.667603,42.798477
EFT:43.69244,40.126637,46.92103,34.601604,54.16155,38.709705,41.620304,41.272705,35.667595,42.798466
Random230
Raw:43.69243,40.126625,46.921017,34.601597,54.161537,38.709694,41.620293,41.272697,35.667587,42.798454
EFT:43.69244,40.126637,46.92103,34.601604,54.16155,38.709705,41.620304,41.272705,35.667595,42.798466
Random231
Raw:43.69244,40.12664,46.921032,34.601604,54.16155,38.709705,41.620304,41.272705,35.667595,42.79847
EFT:43.69244,40.126637,46.92103,34.601604,54.16155,38.709705,41.620304,41.272705,35.667595,42.798466
Random232
Raw:43.692436,40.126633,46.921024,34.601604,54.161545,38.7097,41.6203,41.2727,35.66759,42.798462
EFT:43.69244,40.126637,46.92103,34.601604,54.16155,38.709705,41.620304,41.272705,35.667595,42.798466
Random233
Raw:43.692444,40.126644,46.921036,34.60161,54.161556,38.709705,41.620304,41.27271,35.667595,42.79847
EFT:43.69244,40.126637,46.92103,34.601604,54.16155,38.709705,41.620304,41.272705,35.667595,42.798466
Random234
Raw:43.692448,40.126644,46.921036,34.601612,54.16156,38.70971,41.620308,41.272713,35.6676,42.79847
EFT:43.69244,40.126637,46.92103,34.601604,54.16155,38.709705,41.620304,41.272705,35.667595,42.798466
Random235
Raw:43.69245,40.126644,46.92104,34.601612,54.161564,38.709713,41.62031,41.272717,35.667603,42.798473
EFT:43.69244,40.126637,46.92103,34.601604,54.16155,38.709705,41.620304,41.272705,35.667595,42.798466
Random236
Raw:43.692463,40.12666,46.921055,34.601624,54.16158,38.709724,41.620323,41.272728,35.667614,42.79849
EFT:43.69244,40.126637,46.92103,34.601604,54.16155,38.709705,41.620304,41.272705,35.667595,42.798466
Random237
Raw:43.692448,40.126644,46.921036,34.601612,54.16156,38.70971,41.620308,41.272713,35.6676,42.798466
EFT:43.69244,40.126637,46.92103,34.601604,54.16155,38.709705,41.620304,41.272705,35.667595,42.798466
Random238
Raw:43.692448,40.126644,46.921036,34.601612,54.16156,38.709705,41.620308,41.27271,35.667595,42.798466
EFT:43.69244,40.126637,46.92103,34.601604,54.16155,38.709705,41.620304,41.272705,35.667595,42.798466
Random239
Raw:43.692448,40.126648,46.92104,34.601612,54.16156,38.70971,41.620308,41.272713,35.6676,42.79847
EFT:43.69244,40.126637,46.92103,34.601604,54.16155,38.709705,41.620304,41.272705,35.667595,42.798466
Random240
Raw:43.69244,40.126637,46.92103,34.601604,54.16155,38.709705,41.620304,41.272705,35.667595,42.798466
EFT:43.69244,40.126637,46.92103,34.601604,54.16155,38.709705,41.620304,41.272705,35.667595,42.798466
Random241
Raw:43.69244,40.12664,46.92103,34.601604,54.16155,38.709705,41.620304,41.272705,35.667595,42.798466
EFT:43.69244,40.126637,46.92103,34.601604,54.16155,38.709705,41.620304,41.272705,35.667595,42.798466
Random242
Raw:43.692455,40.126648,46.921043,34.601616,54.161568,38.709717,41.620316,41.27272,35.667603,42.798477
EFT:43.69244,40.126637,46.92103,34.601604,54.16155,38.709705,41.620304,41.272705,35.667595,42.798466
Random243
Raw:43.692455,40.126648,46.921043,34.601616,54.161568,38.709717,41.620316,41.27272,35.667603,42.798477
EFT:43.69244,40.126637,46.92103,34.601604,54.16155,38.709705,41.620304,41.272705,35.667595,42.798466
Random244
Raw:43.69244,40.126637,46.92103,34.601604,54.16155,38.709705,41.620304,41.272705,35.667595,42.798466
EFT:43.69244,40.126637,46.92103,34.601604,54.16155,38.709705,41.620304,41.272705,35.667595,42.798466
Random245
Raw:43.692444,40.12664,46.921032,34.60161,54.161556,38.709705,41.620304,41.27271,35.667595,42.798462
EFT:43.69244,40.126637,46.92103,34.601604,54.16155,38.709705,41.620304,41.272705,35.667595,42.798466
Random246
Raw:43.692448,40.126648,46.921036,34.601612,54.16156,38.70971,41.620308,41.272713,35.6676,42.79847
EFT:43.69244,40.126637,46.92103,34.601604,54.16155,38.709705,41.620304,41.272705,35.667595,42.798466
Random247
Raw:43.692448,40.126644,46.921036,34.601612,54.16156,38.70971,41.620308,41.272713,35.6676,42.79847
EFT:43.69244,40.126637,46.92103,34.601604,54.16155,38.709705,41.620304,41.272705,35.667595,42.798466
Random248
Raw:43.69245,40.126644,46.92104,34.601612,54.161564,38.70971,41.62031,41.272713,35.667603,42.79847
EFT:43.69244,40.126637,46.92103,34.601604,54.16155,38.709705,41.620304,41.272705,35.667595,42.798466
Random249
Raw:43.69246,40.126656,46.92105,34.601624,54.161575,38.70972,41.62032,41.272724,35.66761,42.798485
EFT:43.69244,40.126637,46.92103,34.601604,54.16155,38.709705,41.620304,41.272705,35.667595,42.798466
Random250
Raw:43.692444,40.12664,46.921032,34.60161,54.161556,38.709705,41.620304,41.27271,35.667595,42.798466
EFT:43.69244,40.126637,46.92103,34.601604,54.16155,38.709705,41.620304,41.272705,35.667595,42.798466
Random251
Raw:43.692444,40.12664,46.921032,34.60161,54.161556,38.709705,41.620304,41.27271,35.667595,42.798462
EFT:43.69244,40.126637,46.92103,34.601604,54.16155,38.709705,41.620304,41.272705,35.667595,42.798466
Random252
Raw:43.692455,40.126648,46.921043,34.601616,54.161568,38.709717,41.620316,41.27272,35.667603,42.798477
EFT:43.69244,40.126637,46.92103,34.601604,54.16155,38.709705,41.620304,41.272705,35.667595,42.798466
Random253
Raw:43.692448,40.126648,46.92104,34.601612,54.16156,38.70971,41.620308,41.272713,35.6676,42.79847
EFT:43.69244,40.126637,46.92103,34.601604,54.16155,38.709705,41.620304,41.272705,35.667595,42.798466
Random254
Raw:43.692432,40.12663,46.92102,34.6016,54.16154,38.709698,41.620296,41.272697,35.667587,42.79846
EFT:43.69244,40.126637,46.92103,34.601604,54.16155,38.709705,41.620304,41.272705,35.667595,42.798466
Random255
Raw:43.692432,40.12663,46.92102,34.6016,54.16154,38.709698,41.620296,41.272697,35.667587,42.79846
EFT:43.69244,40.126637,46.92103,34.601604,54.16155,38.709705,41.620304,41.272705,35.667595,42.798466
Random256
Raw:43.692432,40.12663,46.92102,34.6016,54.16154,38.709698,41.620296,41.272697,35.667587,42.79846
EFT:43.69244,40.126637,46.92103,34.601604,54.16155,38.709705,41.620304,41.272705,35.667595,42.798466
Random257
Raw:43.69244,40.126637,46.92103,34.601604,54.16155,38.709705,41.620304,41.272705,35.667595,42.798466
EFT:43.69244,40.126637,46.92103,34.601604,54.16155,38.709705,41.620304,41.272705,35.667595,42.798466
Random258
Raw:43.692436,40.126633,46.921024,34.601604,54.161545,38.7097,41.6203,41.2727,35.66759,42.79846
EFT:43.69244,40.126637,46.92103,34.601604,54.16155,38.709705,41.620304,41.272705,35.667595,42.798466
Random259
Raw:43.692448,40.126648,46.92104,34.601616,54.16156,38.70971,41.620304,41.272713,35.667603,42.798473
EFT:43.69244,40.126637,46.92103,34.601604,54.16155,38.709705,41.620304,41.272705,35.667595,42.798466
Random260
Raw:43.692444,40.12664,46.921032,34.60161,54.161556,38.7097,41.620304,41.272705,35.66759,42.798462
EFT:43.69244,40.126637,46.92103,34.601604,54.16155,38.709705,41.620304,41.272705,35.667595,42.798466
Random261
Raw:43.69245,40.126644,46.92104,34.601612,54.161564,38.709713,41.62031,41.272717,35.667603,42.798473
EFT:43.69244,40.126637,46.92103,34.601604,54.16155,38.709705,41.620304,41.272705,35.667595,42.798466
Random262
Raw:43.692432,40.126633,46.92102,34.6016,54.16154,38.709698,41.620296,41.272697,35.667587,42.79846
EFT:43.69244,40.126637,46.92103,34.601604,54.16155,38.709705,41.620304,41.272705,35.667595,42.798466
Random263
Raw:43.692436,40.126633,46.921024,34.601604,54.161545,38.709698,41.6203,41.272697,35.667587,42.79846
EFT:43.69244,40.126637,46.92103,34.601604,54.16155,38.709705,41.620304,41.272705,35.667595,42.798466
Random264
Raw:43.69245,40.126644,46.92104,34.601612,54.161564,38.709713,41.62031,41.272717,35.667603,42.798473
EFT:43.69244,40.126637,46.92103,34.601604,54.16155,38.709705,41.620304,41.272705,35.667595,42.798466
Random265
Raw:43.692436,40.126633,46.921024,34.601604,54.161545,38.7097,41.6203,41.2727,35.66759,42.798462
EFT:43.69244,40.126637,46.92103,34.601604,54.16155,38.709705,41.620304,41.272705,35.667595,42.798466
Random266
Raw:43.692436,40.126633,46.921024,34.601604,54.161545,38.7097,41.6203,41.2727,35.66759,42.798462
EFT:43.69244,40.126637,46.92103,34.601604,54.16155,38.709705,41.620304,41.272705,35.667595,42.798466
Random267
Raw:43.692444,40.12664,46.921032,34.60161,54.161556,38.709705,41.620304,41.27271,35.667595,42.798466
EFT:43.69244,40.126637,46.92103,34.601604,54.16155,38.709705,41.620304,41.272705,35.667595,42.798466
Random268
Raw:43.69244,40.126637,46.92103,34.601604,54.16155,38.7097,41.620304,41.2727,35.66759,42.798462
EFT:43.69244,40.126637,46.92103,34.601604,54.16155,38.709705,41.620304,41.272705,35.667595,42.798466
Random269
Raw:43.69244,40.126637,46.92103,34.601604,54.16155,38.709705,41.620304,41.272705,35.667595,42.798466
EFT:43.69244,40.126637,46.92103,34.601604,54.16155,38.709705,41.620304,41.272705,35.667595,42.798466
Random270
Raw:43.692455,40.12665,46.921047,34.601616,54.161568,38.709717,41.620316,41.27272,35.667603,42.79848
EFT:43.69244,40.126637,46.92103,34.601604,54.16155,38.709705,41.620304,41.272705,35.667595,42.798466
Random271
Raw:43.692448,40.126644,46.921036,34.601612,54.16156,38.70971,41.620308,41.272713,35.6676,42.79847
EFT:43.69244,40.126637,46.92103,34.601604,54.16155,38.709705,41.620304,41.272705,35.667595,42.798466
Random272
Raw:43.69243,40.126625,46.921017,34.601597,54.161537,38.709694,41.620293,41.272697,35.667587,42.798454
EFT:43.69244,40.126637,46.92103,34.601604,54.16155,38.709705,41.620304,41.272705,35.667595,42.798466
Random273
Raw:43.692448,40.126644,46.921036,34.601612,54.16156,38.709705,41.620308,41.27271,35.667595,42.798466
EFT:43.69244,40.126637,46.92103,34.601604,54.16155,38.709705,41.620304,41.272705,35.667595,42.798466
Random274
Raw:43.69245,40.126644,46.92104,34.601612,54.161564,38.709713,41.62031,41.272717,35.667603,42.798473
EFT:43.69244,40.126637,46.92103,34.601604,54.16155,38.709705,41.620304,41.272705,35.667595,42.798466
Random275
Raw:43.692455,40.12665,46.921043,34.601616,54.161568,38.709717,41.620316,41.27272,35.667603,42.798477
EFT:43.69244,40.126637,46.92103,34.601604,54.16155,38.709705,41.620304,41.272705,35.667595,42.798466
Random276
Raw:43.692444,40.12664,46.921032,34.60161,54.161556,38.709705,41.620304,41.27271,35.667595,42.798466
EFT:43.69244,40.126637,46.92103,34.601604,54.16155,38.709705,41.620304,41.272705,35.667595,42.798466
Random277
Raw:43.692448,40.126644,46.921036,34.601612,54.16156,38.70971,41.620308,41.272713,35.6676,42.79847
EFT:43.69244,40.126637,46.92103,34.601604,54.16155,38.709705,41.620304,41.272705,35.667595,42.798466
Random278
Raw:43.692436,40.126637,46.92103,34.601604,54.161545,38.7097,41.620296,41.2727,35.667595,42.798466
EFT:43.69244,40.126637,46.92103,34.601604,54.16155,38.709705,41.620304,41.272705,35.667595,42.798466
Random279
Raw:43.692444,40.12664,46.921032,34.60161,54.161556,38.709705,41.620304,41.27271,35.667595,42.798466
EFT:43.69244,40.126637,46.92103,34.601604,54.16155,38.709705,41.620304,41.272705,35.667595,42.798466
Random280
Raw:43.692444,40.126644,46.921036,34.60161,54.161556,38.709705,41.620304,41.27271,35.667595,42.798466
EFT:43.69244,40.126637,46.92103,34.601604,54.16155,38.709705,41.620304,41.272705,35.667595,42.798466
Random281
Raw:43.69245,40.126644,46.92104,34.601612,54.161564,38.709713,41.62031,41.272717,35.667603,42.798473
EFT:43.69244,40.126637,46.92103,34.601604,54.16155,38.709705,41.620304,41.272705,35.667595,42.798466
Random282
Raw:43.692455,40.12665,46.921047,34.60162,54.16157,38.70972,41.62032,41.272724,35.667606,42.79848
EFT:43.69244,40.126637,46.92103,34.601604,54.16155,38.709705,41.620304,41.272705,35.667595,42.798466
Random283
Raw:43.69246,40.12666,46.921055,34.601624,54.161575,38.70972,41.62032,41.272724,35.66761,42.798485
EFT:43.69244,40.126637,46.92103,34.601604,54.16155,38.709705,41.620304,41.272705,35.667595,42.798466
Random284
Raw:43.69244,40.126637,46.92103,34.601604,54.16155,38.709705,41.620304,41.272705,35.667595,42.798466
EFT:43.69244,40.126637,46.92103,34.601604,54.16155,38.709705,41.620304,41.272705,35.667595,42.798466
Random285
Raw:43.692455,40.126648,46.921043,34.601616,54.161568,38.709717,41.620316,41.27272,35.667603,42.798477
EFT:43.69244,40.126637,46.92103,34.601604,54.16155,38.709705,41.620304,41.272705,35.667595,42.798466
Random286
Raw:43.692448,40.126648,46.921036,34.601612,54.16156,38.70971,41.620308,41.272713,35.6676,42.79847
EFT:43.69244,40.126637,46.92103,34.601604,54.16155,38.709705,41.620304,41.272705,35.667595,42.798466
Random287
Raw:43.692444,40.12664,46.921032,34.60161,54.161556,38.709705,41.620304,41.27271,35.667595,42.798466
EFT:43.69244,40.126637,46.92103,34.601604,54.16155,38.709705,41.620304,41.272705,35.667595,42.798466
Random288
Raw:43.692444,40.12664,46.921032,34.60161,54.161556,38.709705,41.620304,41.27271,35.667595,42.798466
EFT:43.69244,40.126637,46.92103,34.601604,54.16155,38.709705,41.620304,41.272705,35.667595,42.798466
Random289
Raw:43.692455,40.12665,46.921047,34.601616,54.161568,38.709717,41.620316,41.27272,35.667603,42.79848
EFT:43.69244,40.126637,46.92103,34.601604,54.16155,38.709705,41.620304,41.272705,35.667595,42.798466
Random290
Raw:43.69244,40.126637,46.92103,34.601604,54.16155,38.709705,41.620304,41.272705,35.667595,42.798466
EFT:43.69244,40.126637,46.92103,34.601604,54.16155,38.709705,41.620304,41.272705,35.667595,42.798466
Random291
Raw:43.69245,40.126644,46.92104,34.601612,54.161564,38.709713,41.62031,41.272717,35.667603,42.798473
EFT:43.69244,40.126637,46.92103,34.601604,54.16155,38.709705,41.620304,41.272705,35.667595,42.798466
Random292
Raw:43.692444,40.12664,46.921032,34.60161,54.161556,38.709705,41.620304,41.27271,35.667595,42.798466
EFT:43.69244,40.126637,46.92103,34.601604,54.16155,38.709705,41.620304,41.272705,35.667595,42.798466
Random293
Raw:43.692455,40.126648,46.921043,34.601616,54.161568,38.709717,41.620316,41.27272,35.667603,42.798477
EFT:43.69244,40.126637,46.92103,34.601604,54.16155,38.709705,41.620304,41.272705,35.667595,42.798466
Random294
Raw:43.692455,40.12665,46.921043,34.601616,54.161568,38.709717,41.620316,41.27272,35.667603,42.798477
EFT:43.69244,40.126637,46.92103,34.601604,54.16155,38.709705,41.620304,41.272705,35.667595,42.798466
Random295
Raw:43.69243,40.12662,46.921013,34.601593,54.161533,38.709694,41.62029,41.272694,35.667583,42.79845
EFT:43.69244,40.126637,46.92103,34.601604,54.16155,38.709705,41.620304,41.272705,35.667595,42.798466
Random296
Raw:43.692436,40.126633,46.921024,34.601604,54.161545,38.7097,41.6203,41.2727,35.66759,42.798462
EFT:43.69244,40.126637,46.92103,34.601604,54.16155,38.709705,41.620304,41.272705,35.667595,42.798466
Random297
Raw:43.692455,40.126656,46.92105,34.60162,54.16157,38.70972,41.62032,41.272724,35.667606,42.79848
EFT:43.69244,40.126637,46.92103,34.601604,54.16155,38.709705,41.620304,41.272705,35.667595,42.798466
Random298
Raw:43.69245,40.126648,46.921043,34.601612,54.161564,38.709713,41.62031,41.272717,35.667603,42.798473
EFT:43.69244,40.126637,46.92103,34.601604,54.16155,38.709705,41.620304,41.272705,35.667595,42.798466
Random299
Raw:43.692436,40.126633,46.921024,34.601604,54.161545,38.7097,41.6203,41.2727,35.66759,42.798462
EFT:43.69244,40.126637,46.92103,34.601604,54.16155,38.709705,41.620304,41.272705,35.667595,42.798466
Random300
Raw:43.692444,40.12664,46.921032,34.60161,54.161556,38.709705,41.620304,41.27271,35.667595,42.798466
EFT:43.69244,40.126637,46.92103,34.601604,54.16155,38.709705,41.620304,41.272705,35.667595,42.798466
