Tensorflow
1.0104241096782867e-05,2.122547334954194e-06,1.9873220007881028e-05,0.49928167041624055,6.935296550282228e-09,0.49928167041624055,2.632051939880689e-09,0.0014041591461476128,9.805874310262462e-08,2.923868401339602e-07
Original
1.0104241096782794e-05,2.122547334954209e-06,1.987322000788117e-05,0.499281670416237,6.935296550282277e-09,0.4992816704162441,2.6320519398807075e-09,0.0014041591461476227,9.805874310262393e-08,2.9238684013396224e-07
Ascend
1.0104241096782938e-05,2.122547334954209e-06,1.987322000788117e-05,0.499281670416237,6.935296550282277e-09,0.4992816704162441,2.632051939880745e-09,0.0014041591461476227,9.805874310262532e-08,2.9238684013396224e-07
Descend
1.0104241096782938e-05,2.122547334954209e-06,1.987322000788117e-05,0.499281670416237,6.935296550282277e-09,0.4992816704162441,2.632051939880745e-09,0.0014041591461476227,9.805874310262532e-08,2.9238684013396224e-07
Random1
Raw:1.0104241096782867e-05,2.122547334954224e-06,1.9873220007881028e-05,0.49928167041624055,6.935296550282326e-09,0.49928167041624055,2.6320519398807265e-09,0.0014041591461476327,9.805874310262323e-08,2.923868401339643e-07
EFT:1.0104241096782794e-05,2.122547334954209e-06,1.987322000788117e-05,0.499281670416237,6.935296550282277e-09,0.4992816704162441,2.6320519398807075e-09,0.0014041591461476227,9.805874310262393e-08,2.9238684013396224e-07
Random2
Raw:1.0104241096782938e-05,2.122547334954209e-06,1.987322000788117e-05,0.499281670416237,6.9352965502823754e-09,0.4992816704162441,2.632051939880745e-09,0.0014041591461476227,9.805874310262393e-08,2.9238684013396637e-07
EFT:1.0104241096782794e-05,2.122547334954209e-06,1.987322000788117e-05,0.499281670416237,6.935296550282277e-09,0.4992816704162441,2.6320519398807075e-09,0.0014041591461476227,9.805874310262393e-08,2.9238684013396224e-07
Random3
Raw:1.0104241096782794e-05,2.122547334954209e-06,1.987322000788117e-05,0.4992816704162441,6.935296550282277e-09,0.499281670416237,2.63205193988067e-09,0.0014041591461476227,9.805874310262393e-08,2.9238684013396224e-07
EFT:1.0104241096782794e-05,2.122547334954209e-06,1.987322000788117e-05,0.499281670416237,6.935296550282277e-09,0.4992816704162441,2.6320519398807075e-09,0.0014041591461476227,9.805874310262393e-08,2.9238684013396224e-07
Random4
Raw:1.0104241096782794e-05,2.1225473349541788e-06,1.9873220007880885e-05,0.499281670416237,6.935296550282277e-09,0.4992816704162441,2.632051939880745e-09,0.0014041591461476026,9.805874310262254e-08,2.9238684013396224e-07
EFT:1.0104241096782794e-05,2.122547334954209e-06,1.987322000788117e-05,0.499281670416237,6.935296550282277e-09,0.4992816704162441,2.6320519398807075e-09,0.0014041591461476227,9.805874310262393e-08,2.9238684013396224e-07
Random5
Raw:1.0104241096782794e-05,2.122547334954209e-06,1.987322000788117e-05,0.499281670416237,6.9352965502821786e-09,0.4992816704162441,2.6320519398807075e-09,0.0014041591461476227,9.805874310262393e-08,2.9238684013396224e-07
EFT:1.0104241096782794e-05,2.122547334954209e-06,1.987322000788117e-05,0.499281670416237,6.935296550282277e-09,0.4992816704162441,2.6320519398807075e-09,0.0014041591461476227,9.805874310262393e-08,2.9238684013396224e-07
Random6
Raw:1.0104241096782938e-05,2.122547334954239e-06,1.9873220007880885e-05,0.499281670416237,6.935296550282277e-09,0.4992816704162441,2.632051939880745e-09,0.0014041591461476227,9.805874310262532e-08,2.9238684013396224e-07
EFT:1.0104241096782794e-05,2.122547334954209e-06,1.987322000788117e-05,0.499281670416237,6.935296550282277e-09,0.4992816704162441,2.6320519398807075e-09,0.0014041591461476227,9.805874310262393e-08,2.9238684013396224e-07
Random7
Raw:1.0104241096782867e-05,2.1225473349542546e-06,1.987322000788131e-05,0.49928167041624055,6.935296550282326e-09,0.49928167041624055,2.6320519398807638e-09,0.0014041591461476327,9.805874310262462e-08,2.923868401339643e-07
EFT:1.0104241096782794e-05,2.122547334954209e-06,1.987322000788117e-05,0.499281670416237,6.935296550282277e-09,0.4992816704162441,2.6320519398807075e-09,0.0014041591461476227,9.805874310262393e-08,2.9238684013396224e-07
Random8
Raw:1.0104241096782938e-05,2.122547334954209e-06,1.9873220007880885e-05,0.499281670416237,6.9352965502823754e-09,0.4992816704162441,2.63205193988082e-09,0.0014041591461476227,9.805874310262532e-08,2.9238684013396637e-07
EFT:1.0104241096782794e-05,2.122547334954209e-06,1.987322000788117e-05,0.499281670416237,6.935296550282277e-09,0.4992816704162441,2.6320519398807075e-09,0.0014041591461476227,9.805874310262393e-08,2.9238684013396224e-07
Random9
Raw:1.0104241096782794e-05,2.122547334954209e-06,1.9873220007880885e-05,0.499281670416237,6.9352965502821786e-09,0.4992816704162441,2.6320519398807075e-09,0.0014041591461476026,9.805874310262393e-08,2.9238684013396224e-07
EFT:1.0104241096782794e-05,2.122547334954209e-06,1.987322000788117e-05,0.499281670416237,6.935296550282277e-09,0.4992816704162441,2.6320519398807075e-09,0.0014041591461476227,9.805874310262393e-08,2.9238684013396224e-07
Random10
Raw:1.0104241096782938e-05,2.122547334954239e-06,1.9873220007880885e-05,0.499281670416237,6.935296550282277e-09,0.4992816704162441,2.632051939880745e-09,0.0014041591461476227,9.805874310262532e-08,2.9238684013396224e-07
EFT:1.0104241096782794e-05,2.122547334954209e-06,1.987322000788117e-05,0.499281670416237,6.935296550282277e-09,0.4992816704162441,2.6320519398807075e-09,0.0014041591461476227,9.805874310262393e-08,2.9238684013396224e-07
Random11
Raw:1.0104241096782938e-05,2.122547334954209e-06,1.987322000788117e-05,0.499281670416237,6.9352965502823754e-09,0.4992816704162441,2.6320519398807824e-09,0.0014041591461476227,9.805874310262532e-08,2.9238684013396637e-07
EFT:1.0104241096782794e-05,2.122547334954209e-06,1.987322000788117e-05,0.499281670416237,6.935296550282277e-09,0.4992816704162441,2.6320519398807075e-09,0.0014041591461476227,9.805874310262393e-08,2.9238684013396224e-07
Random12
Raw:1.0104241096782867e-05,2.122547334954224e-06,1.9873220007881028e-05,0.49928167041624055,6.935296550282326e-09,0.49928167041624055,2.6320519398807265e-09,0.0014041591461476327,9.805874310262323e-08,2.923868401339643e-07
EFT:1.0104241096782794e-05,2.122547334954209e-06,1.987322000788117e-05,0.499281670416237,6.935296550282277e-09,0.4992816704162441,2.6320519398807075e-09,0.0014041591461476227,9.805874310262393e-08,2.9238684013396224e-07
Random13
Raw:1.0104241096782938e-05,2.122547334954239e-06,1.987322000788145e-05,0.499281670416237,6.935296550282277e-09,0.4992816704162441,2.632051939880745e-09,0.0014041591461476427,9.805874310262393e-08,2.9238684013396637e-07
EFT:1.0104241096782794e-05,2.122547334954209e-06,1.987322000788117e-05,0.499281670416237,6.935296550282277e-09,0.4992816704162441,2.6320519398807075e-09,0.0014041591461476227,9.805874310262393e-08,2.9238684013396224e-07
Random14
Raw:1.0104241096782794e-05,2.1225473349541788e-06,1.9873220007880885e-05,0.499281670416237,6.9352965502821786e-09,0.4992816704162441,2.632051939880745e-09,0.0014041591461476026,9.805874310262254e-08,2.9238684013396224e-07
EFT:1.0104241096782794e-05,2.122547334954209e-06,1.987322000788117e-05,0.499281670416237,6.935296550282277e-09,0.4992816704162441,2.6320519398807075e-09,0.0014041591461476227,9.805874310262393e-08,2.9238684013396224e-07
Random15
Raw:1.0104241096782938e-05,2.122547334954209e-06,1.987322000788117e-05,0.499281670416237,6.935296550282277e-09,0.4992816704162441,2.632051939880745e-09,0.0014041591461476227,9.805874310262393e-08,2.9238684013396637e-07
EFT:1.0104241096782794e-05,2.122547334954209e-06,1.987322000788117e-05,0.499281670416237,6.935296550282277e-09,0.4992816704162441,2.6320519398807075e-09,0.0014041591461476227,9.805874310262393e-08,2.9238684013396224e-07
Random16
Raw:1.0104241096782794e-05,2.122547334954239e-06,1.987322000788117e-05,0.4992816704162441,6.935296550282277e-09,0.499281670416237,2.6320519398807075e-09,0.0014041591461476227,9.805874310262393e-08,2.9238684013396224e-07
EFT:1.0104241096782794e-05,2.122547334954209e-06,1.987322000788117e-05,0.499281670416237,6.935296550282277e-09,0.4992816704162441,2.6320519398807075e-09,0.0014041591461476227,9.805874310262393e-08,2.9238684013396224e-07
Random17
Raw:1.0104241096782867e-05,2.122547334954224e-06,1.987322000788131e-05,0.49928167041624055,6.935296550282326e-09,0.49928167041624055,2.6320519398807265e-09,0.0014041591461476327,9.805874310262323e-08,2.923868401339643e-07
EFT:1.0104241096782794e-05,2.122547334954209e-06,1.987322000788117e-05,0.499281670416237,6.935296550282277e-09,0.4992816704162441,2.6320519398807075e-09,0.0014041591461476227,9.805874310262393e-08,2.9238684013396224e-07
Random18
Raw:1.0104241096782794e-05,2.122547334954209e-06,1.987322000788117e-05,0.499281670416237,6.9352965502821786e-09,0.4992816704162441,2.632051939880745e-09,0.0014041591461476227,9.805874310262254e-08,2.9238684013396224e-07
EFT:1.0104241096782794e-05,2.122547334954209e-06,1.987322000788117e-05,0.499281670416237,6.935296550282277e-09,0.4992816704162441,2.6320519398807075e-09,0.0014041591461476227,9.805874310262393e-08,2.9238684013396224e-07
Random19
Raw:1.0104241096783009e-05,2.122547334954224e-06,1.987322000788131e-05,0.49928167041623345,6.935296550282327e-09,0.49928167041624766,2.6320519398807638e-09,0.0014041591461476327,9.805874310262462e-08,2.923868401339685e-07
EFT:1.0104241096782794e-05,2.122547334954209e-06,1.987322000788117e-05,0.499281670416237,6.935296550282277e-09,0.4992816704162441,2.6320519398807075e-09,0.0014041591461476227,9.805874310262393e-08,2.9238684013396224e-07
Random20
Raw:1.0104241096782794e-05,2.122547334954209e-06,1.987322000788117e-05,0.4992816704162441,6.935296550282277e-09,0.499281670416237,2.63205193988067e-09,0.0014041591461476227,9.805874310262393e-08,2.9238684013396224e-07
EFT:1.0104241096782794e-05,2.122547334954209e-06,1.987322000788117e-05,0.499281670416237,6.935296550282277e-09,0.4992816704162441,2.6320519398807075e-09,0.0014041591461476227,9.805874310262393e-08,2.9238684013396224e-07
Random21
Raw:1.0104241096782938e-05,2.122547334954209e-06,1.987322000788117e-05,0.499281670416237,6.9352965502823754e-09,0.4992816704162441,2.632051939880745e-09,0.0014041591461476227,9.805874310262532e-08,2.9238684013396637e-07
EFT:1.0104241096782794e-05,2.122547334954209e-06,1.987322000788117e-05,0.499281670416237,6.935296550282277e-09,0.4992816704162441,2.6320519398807075e-09,0.0014041591461476227,9.805874310262393e-08,2.9238684013396224e-07
Random22
Raw:1.0104241096782865e-05,2.122547334954194e-06,1.9873220007881028e-05,0.49928167041623345,6.935296550282327e-09,0.49928167041624766,2.632051939880726e-09,0.0014041591461476126,9.805874310262462e-08,2.9238684013396436e-07
EFT:1.0104241096782794e-05,2.122547334954209e-06,1.987322000788117e-05,0.499281670416237,6.935296550282277e-09,0.4992816704162441,2.6320519398807075e-09,0.0014041591461476227,9.805874310262393e-08,2.9238684013396224e-07
Random23
Raw:1.0104241096782938e-05,2.122547334954239e-06,1.987322000788117e-05,0.499281670416237,6.935296550282277e-09,0.4992816704162441,2.632051939880745e-09,0.0014041591461476427,9.805874310262532e-08,2.9238684013396224e-07
EFT:1.0104241096782794e-05,2.122547334954209e-06,1.987322000788117e-05,0.499281670416237,6.935296550282277e-09,0.4992816704162441,2.6320519398807075e-09,0.0014041591461476227,9.805874310262393e-08,2.9238684013396224e-07
Random24
Raw:1.0104241096782794e-05,2.122547334954209e-06,1.9873220007880885e-05,0.499281670416237,6.935296550282277e-09,0.4992816704162441,2.632051939880745e-09,0.0014041591461476227,9.805874310262254e-08,2.9238684013396224e-07
EFT:1.0104241096782794e-05,2.122547334954209e-06,1.987322000788117e-05,0.499281670416237,6.935296550282277e-09,0.4992816704162441,2.6320519398807075e-09,0.0014041591461476227,9.805874310262393e-08,2.9238684013396224e-07
Random25
Raw:1.0104241096782938e-05,2.122547334954209e-06,1.987322000788117e-05,0.499281670416237,6.935296550282277e-09,0.4992816704162441,2.632051939880745e-09,0.0014041591461476427,9.805874310262393e-08,2.9238684013396224e-07
EFT:1.0104241096782794e-05,2.122547334954209e-06,1.987322000788117e-05,0.499281670416237,6.935296550282277e-09,0.4992816704162441,2.6320519398807075e-09,0.0014041591461476227,9.805874310262393e-08,2.9238684013396224e-07
Random26
Raw:1.0104241096782867e-05,2.122547334954224e-06,1.987322000788131e-05,0.49928167041624055,6.935296550282326e-09,0.49928167041624055,2.6320519398807265e-09,0.0014041591461476327,9.805874310262462e-08,2.923868401339643e-07
EFT:1.0104241096782794e-05,2.122547334954209e-06,1.987322000788117e-05,0.499281670416237,6.935296550282277e-09,0.4992816704162441,2.6320519398807075e-09,0.0014041591461476227,9.805874310262393e-08,2.9238684013396224e-07
Random27
Raw:1.0104241096782938e-05,2.122547334954209e-06,1.987322000788117e-05,0.499281670416237,6.935296550282277e-09,0.4992816704162441,2.632051939880745e-09,0.0014041591461476227,9.805874310262532e-08,2.9238684013396224e-07
EFT:1.0104241096782794e-05,2.122547334954209e-06,1.987322000788117e-05,0.499281670416237,6.935296550282277e-09,0.4992816704162441,2.6320519398807075e-09,0.0014041591461476227,9.805874310262393e-08,2.9238684013396224e-07
Random28
Raw:1.0104241096782938e-05,2.122547334954209e-06,1.987322000788117e-05,0.499281670416237,6.9352965502823754e-09,0.4992816704162441,2.632051939880745e-09,0.0014041591461476227,9.805874310262393e-08,2.9238684013396637e-07
EFT:1.0104241096782794e-05,2.122547334954209e-06,1.987322000788117e-05,0.499281670416237,6.935296550282277e-09,0.4992816704162441,2.6320519398807075e-09,0.0014041591461476227,9.805874310262393e-08,2.9238684013396224e-07
Random29
Raw:1.0104241096782938e-05,2.122547334954209e-06,1.987322000788117e-05,0.499281670416237,6.9352965502823754e-09,0.4992816704162441,2.632051939880745e-09,0.0014041591461476227,9.805874310262672e-08,2.9238684013396637e-07
EFT:1.0104241096782794e-05,2.122547334954209e-06,1.987322000788117e-05,0.499281670416237,6.935296550282277e-09,0.4992816704162441,2.6320519398807075e-09,0.0014041591461476227,9.805874310262393e-08,2.9238684013396224e-07
Random30
Raw:1.0104241096782867e-05,2.122547334954224e-06,1.987322000788131e-05,0.49928167041624055,6.935296550282326e-09,0.49928167041624055,2.6320519398807265e-09,0.0014041591461476128,9.805874310262462e-08,2.923868401339643e-07
EFT:1.0104241096782794e-05,2.122547334954209e-06,1.987322000788117e-05,0.499281670416237,6.935296550282277e-09,0.4992816704162441,2.6320519398807075e-09,0.0014041591461476227,9.805874310262393e-08,2.9238684013396224e-07
Random31
Raw:1.0104241096782938e-05,2.122547334954209e-06,1.987322000788117e-05,0.499281670416237,6.935296550282277e-09,0.4992816704162441,2.632051939880745e-09,0.0014041591461476227,9.805874310262532e-08,2.9238684013396224e-07
EFT:1.0104241096782794e-05,2.122547334954209e-06,1.987322000788117e-05,0.499281670416237,6.935296550282277e-09,0.4992816704162441,2.6320519398807075e-09,0.0014041591461476227,9.805874310262393e-08,2.9238684013396224e-07
Random32
Raw:1.0104241096783009e-05,2.122547334954224e-06,1.987322000788131e-05,0.49928167041623345,6.935296550282327e-09,0.49928167041624766,2.6320519398807638e-09,0.0014041591461476327,9.805874310262462e-08,2.923868401339685e-07
EFT:1.0104241096782794e-05,2.122547334954209e-06,1.987322000788117e-05,0.499281670416237,6.935296550282277e-09,0.4992816704162441,2.6320519398807075e-09,0.0014041591461476227,9.805874310262393e-08,2.9238684013396224e-07
Random33
Raw:1.0104241096782938e-05,2.122547334954209e-06,1.987322000788117e-05,0.499281670416237,6.935296550282277e-09,0.4992816704162441,2.632051939880745e-09,0.0014041591461476227,9.805874310262532e-08,2.9238684013396224e-07
EFT:1.0104241096782794e-05,2.122547334954209e-06,1.987322000788117e-05,0.499281670416237,6.935296550282277e-09,0.4992816704162441,2.6320519398807075e-09,0.0014041591461476227,9.805874310262393e-08,2.9238684013396224e-07
Random34
Raw:1.0104241096782794e-05,2.122547334954209e-06,1.987322000788117e-05,0.4992816704162441,6.935296550282277e-09,0.499281670416237,2.63205193988067e-09,0.0014041591461476227,9.805874310262532e-08,2.9238684013396224e-07
EFT:1.0104241096782794e-05,2.122547334954209e-06,1.987322000788117e-05,0.499281670416237,6.935296550282277e-09,0.4992816704162441,2.6320519398807075e-09,0.0014041591461476227,9.805874310262393e-08,2.9238684013396224e-07
Random35
Raw:1.0104241096782938e-05,2.122547334954209e-06,1.987322000788117e-05,0.499281670416237,6.935296550282277e-09,0.4992816704162441,2.632051939880745e-09,0.0014041591461476227,9.805874310262532e-08,2.9238684013396224e-07
EFT:1.0104241096782794e-05,2.122547334954209e-06,1.987322000788117e-05,0.499281670416237,6.935296550282277e-09,0.4992816704162441,2.6320519398807075e-09,0.0014041591461476227,9.805874310262393e-08,2.9238684013396224e-07
Random36
Raw:1.0104241096782938e-05,2.122547334954209e-06,1.987322000788117e-05,0.499281670416237,6.9352965502823754e-09,0.4992816704162441,2.632051939880745e-09,0.0014041591461476227,9.805874310262532e-08,2.9238684013396637e-07
EFT:1.0104241096782794e-05,2.122547334954209e-06,1.987322000788117e-05,0.499281670416237,6.935296550282277e-09,0.4992816704162441,2.6320519398807075e-09,0.0014041591461476227,9.805874310262393e-08,2.9238684013396224e-07
Random37
Raw:1.0104241096782938e-05,2.122547334954209e-06,1.987322000788117e-05,0.499281670416237,6.9352965502823754e-09,0.4992816704162441,2.632051939880745e-09,0.0014041591461476227,9.805874310262393e-08,2.9238684013396637e-07
EFT:1.0104241096782794e-05,2.122547334954209e-06,1.987322000788117e-05,0.499281670416237,6.935296550282277e-09,0.4992816704162441,2.6320519398807075e-09,0.0014041591461476227,9.805874310262393e-08,2.9238684013396224e-07
Random38
Raw:1.0104241096782867e-05,2.122547334954224e-06,1.987322000788131e-05,0.49928167041624055,6.935296550282326e-09,0.49928167041624055,2.6320519398807638e-09,0.0014041591461476327,9.805874310262462e-08,2.923868401339643e-07
EFT:1.0104241096782794e-05,2.122547334954209e-06,1.987322000788117e-05,0.499281670416237,6.935296550282277e-09,0.4992816704162441,2.6320519398807075e-09,0.0014041591461476227,9.805874310262393e-08,2.9238684013396224e-07
Random39
Raw:1.0104241096782938e-05,2.122547334954239e-06,1.987322000788117e-05,0.499281670416237,6.935296550282277e-09,0.4992816704162441,2.632051939880745e-09,0.0014041591461476427,9.805874310262532e-08,2.9238684013396224e-07
EFT:1.0104241096782794e-05,2.122547334954209e-06,1.987322000788117e-05,0.499281670416237,6.935296550282277e-09,0.4992816704162441,2.6320519398807075e-09,0.0014041591461476227,9.805874310262393e-08,2.9238684013396224e-07
Random40
Raw:1.0104241096782938e-05,2.122547334954239e-06,1.987322000788145e-05,0.499281670416237,6.935296550282277e-09,0.4992816704162441,2.632051939880745e-09,0.0014041591461476427,9.805874310262532e-08,2.9238684013396224e-07
EFT:1.0104241096782794e-05,2.122547334954209e-06,1.987322000788117e-05,0.499281670416237,6.935296550282277e-09,0.4992816704162441,2.6320519398807075e-09,0.0014041591461476227,9.805874310262393e-08,2.9238684013396224e-07
Random41
Raw:1.0104241096782723e-05,2.122547334954194e-06,1.9873220007881028e-05,0.49928167041624055,6.93529655028213e-09,0.49928167041624055,2.632051939880689e-09,0.0014041591461476128,9.805874310262184e-08,2.923868401339602e-07
EFT:1.0104241096782794e-05,2.122547334954209e-06,1.987322000788117e-05,0.499281670416237,6.935296550282277e-09,0.4992816704162441,2.6320519398807075e-09,0.0014041591461476227,9.805874310262393e-08,2.9238684013396224e-07
Random42
Raw:1.0104241096783009e-05,2.122547334954224e-06,1.987322000788131e-05,0.49928167041623345,6.935296550282327e-09,0.49928167041624766,2.6320519398807638e-09,0.0014041591461476327,9.805874310262462e-08,2.923868401339685e-07
EFT:1.0104241096782794e-05,2.122547334954209e-06,1.987322000788117e-05,0.499281670416237,6.935296550282277e-09,0.4992816704162441,2.6320519398807075e-09,0.0014041591461476227,9.805874310262393e-08,2.9238684013396224e-07
Random43
Raw:1.0104241096782867e-05,2.1225473349542546e-06,1.987322000788131e-05,0.49928167041624055,6.935296550282326e-09,0.49928167041624055,2.6320519398807638e-09,0.0014041591461476128,9.805874310262462e-08,2.923868401339643e-07
EFT:1.0104241096782794e-05,2.122547334954209e-06,1.987322000788117e-05,0.499281670416237,6.935296550282277e-09,0.4992816704162441,2.6320519398807075e-09,0.0014041591461476227,9.805874310262393e-08,2.9238684013396224e-07
Random44
Raw:1.0104241096782938e-05,2.122547334954209e-06,1.987322000788117e-05,0.499281670416237,6.935296550282277e-09,0.4992816704162441,2.632051939880745e-09,0.0014041591461476227,9.805874310262393e-08,2.9238684013396637e-07
EFT:1.0104241096782794e-05,2.122547334954209e-06,1.987322000788117e-05,0.499281670416237,6.935296550282277e-09,0.4992816704162441,2.6320519398807075e-09,0.0014041591461476227,9.805874310262393e-08,2.9238684013396224e-07
Random45
Raw:1.0104241096782865e-05,2.122547334954194e-06,1.9873220007881028e-05,0.49928167041623345,6.935296550282228e-09,0.49928167041624766,2.632051939880726e-09,0.0014041591461476126,9.805874310262462e-08,2.9238684013396436e-07
EFT:1.0104241096782794e-05,2.122547334954209e-06,1.987322000788117e-05,0.499281670416237,6.935296550282277e-09,0.4992816704162441,2.6320519398807075e-09,0.0014041591461476227,9.805874310262393e-08,2.9238684013396224e-07
Random46
Raw:1.0104241096782867e-05,2.122547334954224e-06,1.987322000788131e-05,0.49928167041624055,6.935296550282326e-09,0.49928167041624055,2.6320519398807265e-09,0.0014041591461476327,9.805874310262462e-08,2.923868401339643e-07
EFT:1.0104241096782794e-05,2.122547334954209e-06,1.987322000788117e-05,0.499281670416237,6.935296550282277e-09,0.4992816704162441,2.6320519398807075e-09,0.0014041591461476227,9.805874310262393e-08,2.9238684013396224e-07
Random47
Raw:1.0104241096782867e-05,2.122547334954224e-06,1.9873220007881028e-05,0.49928167041624055,6.935296550282326e-09,0.49928167041624055,2.6320519398807265e-09,0.0014041591461476327,9.805874310262323e-08,2.923868401339643e-07
EFT:1.0104241096782794e-05,2.122547334954209e-06,1.987322000788117e-05,0.499281670416237,6.935296550282277e-09,0.4992816704162441,2.6320519398807075e-09,0.0014041591461476227,9.805874310262393e-08,2.9238684013396224e-07
Random48
Raw:1.0104241096783009e-05,2.122547334954194e-06,1.9873220007881028e-05,0.49928167041623345,6.935296550282327e-09,0.49928167041624766,2.6320519398807638e-09,0.0014041591461476327,9.805874310262462e-08,2.9238684013396436e-07
EFT:1.0104241096782794e-05,2.122547334954209e-06,1.987322000788117e-05,0.499281670416237,6.935296550282277e-09,0.4992816704162441,2.6320519398807075e-09,0.0014041591461476227,9.805874310262393e-08,2.9238684013396224e-07
Random49
Raw:1.0104241096782938e-05,2.122547334954209e-06,1.987322000788117e-05,0.499281670416237,6.9352965502823754e-09,0.4992816704162441,2.6320519398807824e-09,0.0014041591461476227,9.805874310262532e-08,2.9238684013396637e-07
EFT:1.0104241096782794e-05,2.122547334954209e-06,1.987322000788117e-05,0.499281670416237,6.935296550282277e-09,0.4992816704162441,2.6320519398807075e-09,0.0014041591461476227,9.805874310262393e-08,2.9238684013396224e-07
Random50
Raw:1.0104241096782938e-05,2.1225473349541788e-06,1.9873220007880885e-05,0.499281670416237,6.935296550282277e-09,0.4992816704162441,2.632051939880745e-09,0.0014041591461476026,9.805874310262532e-08,2.9238684013396224e-07
EFT:1.0104241096782794e-05,2.122547334954209e-06,1.987322000788117e-05,0.499281670416237,6.935296550282277e-09,0.4992816704162441,2.6320519398807075e-09,0.0014041591461476227,9.805874310262393e-08,2.9238684013396224e-07
Random51
Raw:1.0104241096783009e-05,2.122547334954224e-06,1.987322000788131e-05,0.49928167041623345,6.935296550282327e-09,0.49928167041624766,2.6320519398807638e-09,0.0014041591461476327,9.805874310262601e-08,2.9238684013396436e-07
EFT:1.0104241096782794e-05,2.122547334954209e-06,1.987322000788117e-05,0.499281670416237,6.935296550282277e-09,0.4992816704162441,2.6320519398807075e-09,0.0014041591461476227,9.805874310262393e-08,2.9238684013396224e-07
Random52
Raw:1.0104241096782867e-05,2.122547334954224e-06,1.987322000788131e-05,0.49928167041624055,6.935296550282326e-09,0.49928167041624055,2.6320519398807638e-09,0.0014041591461476327,9.805874310262462e-08,2.923868401339643e-07
EFT:1.0104241096782794e-05,2.122547334954209e-06,1.987322000788117e-05,0.499281670416237,6.935296550282277e-09,0.4992816704162441,2.6320519398807075e-09,0.0014041591461476227,9.805874310262393e-08,2.9238684013396224e-07
Random53
Raw:1.0104241096782938e-05,2.122547334954209e-06,1.9873220007880885e-05,0.499281670416237,6.935296550282277e-09,0.4992816704162441,2.632051939880745e-09,0.0014041591461476227,9.805874310262532e-08,2.9238684013396224e-07
EFT:1.0104241096782794e-05,2.122547334954209e-06,1.987322000788117e-05,0.499281670416237,6.935296550282277e-09,0.4992816704162441,2.6320519398807075e-09,0.0014041591461476227,9.805874310262393e-08,2.9238684013396224e-07
Random54
Raw:1.0104241096782938e-05,2.122547334954209e-06,1.987322000788117e-05,0.499281670416237,6.9352965502823754e-09,0.4992816704162441,2.6320519398807824e-09,0.0014041591461476227,9.805874310262532e-08,2.9238684013396637e-07
EFT:1.0104241096782794e-05,2.122547334954209e-06,1.987322000788117e-05,0.499281670416237,6.935296550282277e-09,0.4992816704162441,2.6320519398807075e-09,0.0014041591461476227,9.805874310262393e-08,2.9238684013396224e-07
Random55
Raw:1.0104241096783009e-05,2.122547334954194e-06,1.9873220007881028e-05,0.49928167041623345,6.935296550282327e-09,0.49928167041624766,2.6320519398807638e-09,0.0014041591461476126,9.805874310262601e-08,2.9238684013396436e-07
EFT:1.0104241096782794e-05,2.122547334954209e-06,1.987322000788117e-05,0.499281670416237,6.935296550282277e-09,0.4992816704162441,2.6320519398807075e-09,0.0014041591461476227,9.805874310262393e-08,2.9238684013396224e-07
Random56
Raw:1.0104241096782938e-05,2.122547334954209e-06,1.987322000788117e-05,0.499281670416237,6.9352965502823754e-09,0.4992816704162441,2.632051939880745e-09,0.0014041591461476227,9.805874310262393e-08,2.9238684013396637e-07
EFT:1.0104241096782794e-05,2.122547334954209e-06,1.987322000788117e-05,0.499281670416237,6.935296550282277e-09,0.4992816704162441,2.6320519398807075e-09,0.0014041591461476227,9.805874310262393e-08,2.9238684013396224e-07
Random57
Raw:1.0104241096782938e-05,2.122547334954239e-06,1.987322000788145e-05,0.499281670416237,6.935296550282277e-09,0.4992816704162441,2.632051939880745e-09,0.0014041591461476427,9.805874310262393e-08,2.9238684013396637e-07
EFT:1.0104241096782794e-05,2.122547334954209e-06,1.987322000788117e-05,0.499281670416237,6.935296550282277e-09,0.4992816704162441,2.6320519398807075e-09,0.0014041591461476227,9.805874310262393e-08,2.9238684013396224e-07
Random58
Raw:1.0104241096782794e-05,2.122547334954209e-06,1.987322000788117e-05,0.499281670416237,6.9352965502821786e-09,0.4992816704162441,2.6320519398807075e-09,0.0014041591461476227,9.805874310262393e-08,2.9238684013396224e-07
EFT:1.0104241096782794e-05,2.122547334954209e-06,1.987322000788117e-05,0.499281670416237,6.935296550282277e-09,0.4992816704162441,2.6320519398807075e-09,0.0014041591461476227,9.805874310262393e-08,2.9238684013396224e-07
Random59
Raw:1.0104241096782938e-05,2.122547334954209e-06,1.987322000788117e-05,0.499281670416237,6.935296550282277e-09,0.4992816704162441,2.632051939880745e-09,0.0014041591461476227,9.805874310262532e-08,2.9238684013396224e-07
EFT:1.0104241096782794e-05,2.122547334954209e-06,1.987322000788117e-05,0.499281670416237,6.935296550282277e-09,0.4992816704162441,2.6320519398807075e-09,0.0014041591461476227,9.805874310262393e-08,2.9238684013396224e-07
Random60
Raw:1.0104241096782723e-05,2.122547334954194e-06,1.9873220007881028e-05,0.49928167041624055,6.935296550282228e-09,0.49928167041624055,2.632051939880689e-09,0.0014041591461476128,9.805874310262184e-08,2.923868401339602e-07
EFT:1.0104241096782794e-05,2.122547334954209e-06,1.987322000788117e-05,0.499281670416237,6.935296550282277e-09,0.4992816704162441,2.6320519398807075e-09,0.0014041591461476227,9.805874310262393e-08,2.9238684013396224e-07
Random61
Raw:1.0104241096782938e-05,2.122547334954239e-06,1.9873220007880885e-05,0.499281670416237,6.935296550282277e-09,0.4992816704162441,2.632051939880745e-09,0.0014041591461476227,9.805874310262532e-08,2.9238684013396224e-07
EFT:1.0104241096782794e-05,2.122547334954209e-06,1.987322000788117e-05,0.499281670416237,6.935296550282277e-09,0.4992816704162441,2.6320519398807075e-09,0.0014041591461476227,9.805874310262393e-08,2.9238684013396224e-07
Random62
Raw:1.0104241096782938e-05,2.122547334954209e-06,1.987322000788117e-05,0.499281670416237,6.9352965502823754e-09,0.4992816704162441,2.6320519398807824e-09,0.0014041591461476227,9.805874310262532e-08,2.9238684013396637e-07
EFT:1.0104241096782794e-05,2.122547334954209e-06,1.987322000788117e-05,0.499281670416237,6.935296550282277e-09,0.4992816704162441,2.6320519398807075e-09,0.0014041591461476227,9.805874310262393e-08,2.9238684013396224e-07
Random63
Raw:1.0104241096782938e-05,2.122547334954209e-06,1.987322000788117e-05,0.499281670416237,6.9352965502823754e-09,0.4992816704162441,2.632051939880745e-09,0.0014041591461476227,9.805874310262532e-08,2.9238684013396637e-07
EFT:1.0104241096782794e-05,2.122547334954209e-06,1.987322000788117e-05,0.499281670416237,6.935296550282277e-09,0.4992816704162441,2.6320519398807075e-09,0.0014041591461476227,9.805874310262393e-08,2.9238684013396224e-07
Random64
Raw:1.0104241096782867e-05,2.122547334954224e-06,1.987322000788131e-05,0.49928167041624055,6.935296550282326e-09,0.49928167041624055,2.6320519398807638e-09,0.0014041591461476128,9.805874310262462e-08,2.923868401339643e-07
EFT:1.0104241096782794e-05,2.122547334954209e-06,1.987322000788117e-05,0.499281670416237,6.935296550282277e-09,0.4992816704162441,2.6320519398807075e-09,0.0014041591461476227,9.805874310262393e-08,2.9238684013396224e-07
Random65
Raw:1.0104241096783009e-05,2.122547334954224e-06,1.9873220007881028e-05,0.49928167041623345,6.935296550282327e-09,0.49928167041624766,2.6320519398807638e-09,0.0014041591461476327,9.805874310262601e-08,2.9238684013396436e-07
EFT:1.0104241096782794e-05,2.122547334954209e-06,1.987322000788117e-05,0.499281670416237,6.935296550282277e-09,0.4992816704162441,2.6320519398807075e-09,0.0014041591461476227,9.805874310262393e-08,2.9238684013396224e-07
Random66
Raw:1.0104241096782938e-05,2.122547334954209e-06,1.9873220007880885e-05,0.499281670416237,6.935296550282277e-09,0.4992816704162441,2.632051939880745e-09,0.0014041591461476227,9.805874310262532e-08,2.9238684013396224e-07
EFT:1.0104241096782794e-05,2.122547334954209e-06,1.987322000788117e-05,0.499281670416237,6.935296550282277e-09,0.4992816704162441,2.6320519398807075e-09,0.0014041591461476227,9.805874310262393e-08,2.9238684013396224e-07
Random67
Raw:1.0104241096783009e-05,2.122547334954194e-06,1.9873220007881028e-05,0.49928167041623345,6.935296550282327e-09,0.49928167041624766,2.6320519398807638e-09,0.0014041591461476126,9.805874310262601e-08,2.9238684013396436e-07
EFT:1.0104241096782794e-05,2.122547334954209e-06,1.987322000788117e-05,0.499281670416237,6.935296550282277e-09,0.4992816704162441,2.6320519398807075e-09,0.0014041591461476227,9.805874310262393e-08,2.9238684013396224e-07
Random68
Raw:1.0104241096782867e-05,2.122547334954224e-06,1.987322000788131e-05,0.49928167041624055,6.935296550282326e-09,0.49928167041624055,2.6320519398807265e-09,0.0014041591461476327,9.805874310262462e-08,2.923868401339643e-07
EFT:1.0104241096782794e-05,2.122547334954209e-06,1.987322000788117e-05,0.499281670416237,6.935296550282277e-09,0.4992816704162441,2.6320519398807075e-09,0.0014041591461476227,9.805874310262393e-08,2.9238684013396224e-07
Random69
Raw:1.0104241096782794e-05,2.122547334954209e-06,1.987322000788117e-05,0.499281670416237,6.9352965502821786e-09,0.4992816704162441,2.6320519398807075e-09,0.0014041591461476227,9.805874310262393e-08,2.9238684013396224e-07
EFT:1.0104241096782794e-05,2.122547334954209e-06,1.987322000788117e-05,0.499281670416237,6.935296550282277e-09,0.4992816704162441,2.6320519398807075e-09,0.0014041591461476227,9.805874310262393e-08,2.9238684013396224e-07
Random70
Raw:1.0104241096782867e-05,2.1225473349542546e-06,1.987322000788131e-05,0.49928167041624055,6.935296550282326e-09,0.49928167041624055,2.6320519398807638e-09,0.0014041591461476128,9.805874310262462e-08,2.923868401339643e-07
EFT:1.0104241096782794e-05,2.122547334954209e-06,1.987322000788117e-05,0.499281670416237,6.935296550282277e-09,0.4992816704162441,2.6320519398807075e-09,0.0014041591461476227,9.805874310262393e-08,2.9238684013396224e-07
Random71
Raw:1.0104241096782938e-05,2.122547334954239e-06,1.987322000788145e-05,0.499281670416237,6.935296550282277e-09,0.4992816704162441,2.632051939880745e-09,0.0014041591461476427,9.805874310262393e-08,2.9238684013396637e-07
EFT:1.0104241096782794e-05,2.122547334954209e-06,1.987322000788117e-05,0.499281670416237,6.935296550282277e-09,0.4992816704162441,2.6320519398807075e-09,0.0014041591461476227,9.805874310262393e-08,2.9238684013396224e-07
Random72
Raw:1.0104241096782865e-05,2.122547334954194e-06,1.9873220007881028e-05,0.49928167041623345,6.935296550282228e-09,0.49928167041624766,2.6320519398807638e-09,0.0014041591461476126,9.805874310262324e-08,2.9238684013396436e-07
EFT:1.0104241096782794e-05,2.122547334954209e-06,1.987322000788117e-05,0.499281670416237,6.935296550282277e-09,0.4992816704162441,2.6320519398807075e-09,0.0014041591461476227,9.805874310262393e-08,2.9238684013396224e-07
Random73
Raw:1.0104241096782794e-05,2.122547334954209e-06,1.987322000788117e-05,0.499281670416237,6.935296550282277e-09,0.4992816704162441,2.6320519398807075e-09,0.0014041591461476026,9.805874310262393e-08,2.9238684013396224e-07
EFT:1.0104241096782794e-05,2.122547334954209e-06,1.987322000788117e-05,0.499281670416237,6.935296550282277e-09,0.4992816704162441,2.6320519398807075e-09,0.0014041591461476227,9.805874310262393e-08,2.9238684013396224e-07
Random74
Raw:1.0104241096782938e-05,2.122547334954209e-06,1.987322000788117e-05,0.499281670416237,6.9352965502823754e-09,0.4992816704162441,2.632051939880745e-09,0.0014041591461476227,9.805874310262393e-08,2.9238684013396637e-07
EFT:1.0104241096782794e-05,2.122547334954209e-06,1.987322000788117e-05,0.499281670416237,6.935296550282277e-09,0.4992816704162441,2.6320519398807075e-09,0.0014041591461476227,9.805874310262393e-08,2.9238684013396224e-07
Random75
Raw:1.0104241096782867e-05,2.122547334954224e-06,1.987322000788131e-05,0.49928167041624055,6.935296550282326e-09,0.49928167041624055,2.6320519398807638e-09,0.0014041591461476327,9.805874310262462e-08,2.923868401339643e-07
EFT:1.0104241096782794e-05,2.122547334954209e-06,1.987322000788117e-05,0.499281670416237,6.935296550282277e-09,0.4992816704162441,2.6320519398807075e-09,0.0014041591461476227,9.805874310262393e-08,2.9238684013396224e-07
Random76
Raw:1.0104241096782938e-05,2.122547334954209e-06,1.987322000788117e-05,0.499281670416237,6.935296550282277e-09,0.4992816704162441,2.632051939880745e-09,0.0014041591461476227,9.805874310262532e-08,2.9238684013396224e-07
EFT:1.0104241096782794e-05,2.122547334954209e-06,1.987322000788117e-05,0.499281670416237,6.935296550282277e-09,0.4992816704162441,2.6320519398807075e-09,0.0014041591461476227,9.805874310262393e-08,2.9238684013396224e-07
Random77
Raw:1.0104241096782938e-05,2.122547334954239e-06,1.987322000788117e-05,0.499281670416237,6.9352965502823754e-09,0.4992816704162441,2.6320519398807824e-09,0.0014041591461476227,9.805874310262532e-08,2.9238684013396637e-07
EFT:1.0104241096782794e-05,2.122547334954209e-06,1.987322000788117e-05,0.499281670416237,6.935296550282277e-09,0.4992816704162441,2.6320519398807075e-09,0.0014041591461476227,9.805874310262393e-08,2.9238684013396224e-07
Random78
Raw:1.0104241096782723e-05,2.122547334954194e-06,1.9873220007881028e-05,0.49928167041624055,6.935296550282228e-09,0.49928167041624055,2.6320519398806513e-09,0.0014041591461476128,9.805874310262323e-08,2.923868401339602e-07
EFT:1.0104241096782794e-05,2.122547334954209e-06,1.987322000788117e-05,0.499281670416237,6.935296550282277e-09,0.4992816704162441,2.6320519398807075e-09,0.0014041591461476227,9.805874310262393e-08,2.9238684013396224e-07
Random79
Raw:1.0104241096782867e-05,2.1225473349542546e-06,1.987322000788131e-05,0.49928167041624055,6.935296550282326e-09,0.49928167041624055,2.6320519398807638e-09,0.0014041591461476327,9.805874310262462e-08,2.923868401339643e-07
EFT:1.0104241096782794e-05,2.122547334954209e-06,1.987322000788117e-05,0.499281670416237,6.935296550282277e-09,0.4992816704162441,2.6320519398807075e-09,0.0014041591461476227,9.805874310262393e-08,2.9238684013396224e-07
Random80
Raw:1.0104241096782794e-05,2.122547334954209e-06,1.987322000788117e-05,0.499281670416237,6.9352965502821786e-09,0.4992816704162441,2.6320519398807075e-09,0.0014041591461476227,9.805874310262393e-08,2.9238684013396224e-07
EFT:1.0104241096782794e-05,2.122547334954209e-06,1.987322000788117e-05,0.499281670416237,6.935296550282277e-09,0.4992816704162441,2.6320519398807075e-09,0.0014041591461476227,9.805874310262393e-08,2.9238684013396224e-07
Random81
Raw:1.0104241096782938e-05,2.1225473349541788e-06,1.9873220007880885e-05,0.499281670416237,6.935296550282277e-09,0.4992816704162441,2.632051939880745e-09,0.0014041591461476026,9.805874310262532e-08,2.9238684013396224e-07
EFT:1.0104241096782794e-05,2.122547334954209e-06,1.987322000788117e-05,0.499281670416237,6.935296550282277e-09,0.4992816704162441,2.6320519398807075e-09,0.0014041591461476227,9.805874310262393e-08,2.9238684013396224e-07
Random82
Raw:1.0104241096782938e-05,2.122547334954209e-06,1.987322000788117e-05,0.499281670416237,6.9352965502823754e-09,0.4992816704162441,2.632051939880745e-09,0.0014041591461476227,9.805874310262532e-08,2.9238684013396637e-07
EFT:1.0104241096782794e-05,2.122547334954209e-06,1.987322000788117e-05,0.499281670416237,6.935296550282277e-09,0.4992816704162441,2.6320519398807075e-09,0.0014041591461476227,9.805874310262393e-08,2.9238684013396224e-07
Random83
Raw:1.0104241096782867e-05,2.122547334954224e-06,1.9873220007881028e-05,0.49928167041624055,6.935296550282326e-09,0.49928167041624055,2.6320519398807638e-09,0.0014041591461476128,9.805874310262462e-08,2.923868401339643e-07
EFT:1.0104241096782794e-05,2.122547334954209e-06,1.987322000788117e-05,0.499281670416237,6.935296550282277e-09,0.4992816704162441,2.6320519398807075e-09,0.0014041591461476227,9.805874310262393e-08,2.9238684013396224e-07
Random84
Raw:1.0104241096782938e-05,2.122547334954209e-06,1.987322000788117e-05,0.499281670416237,6.9352965502823754e-09,0.4992816704162441,2.632051939880745e-09,0.0014041591461476227,9.805874310262532e-08,2.9238684013396637e-07
EFT:1.0104241096782794e-05,2.122547334954209e-06,1.987322000788117e-05,0.499281670416237,6.935296550282277e-09,0.4992816704162441,2.6320519398807075e-09,0.0014041591461476227,9.805874310262393e-08,2.9238684013396224e-07
Random85
Raw:1.0104241096782867e-05,2.122547334954224e-06,1.987322000788131e-05,0.49928167041624055,6.935296550282326e-09,0.49928167041624055,2.6320519398807265e-09,0.0014041591461476327,9.805874310262323e-08,2.923868401339643e-07
EFT:1.0104241096782794e-05,2.122547334954209e-06,1.987322000788117e-05,0.499281670416237,6.935296550282277e-09,0.4992816704162441,2.6320519398807075e-09,0.0014041591461476227,9.805874310262393e-08,2.9238684013396224e-07
Random86
Raw:1.0104241096783009e-05,2.122547334954224e-06,1.987322000788131e-05,0.49928167041623345,6.935296550282424e-09,0.49928167041624766,2.6320519398807638e-09,0.0014041591461476327,9.805874310262601e-08,2.923868401339685e-07
EFT:1.0104241096782794e-05,2.122547334954209e-06,1.987322000788117e-05,0.499281670416237,6.935296550282277e-09,0.4992816704162441,2.6320519398807075e-09,0.0014041591461476227,9.805874310262393e-08,2.9238684013396224e-07
Random87
Raw:1.0104241096782938e-05,2.122547334954239e-06,1.9873220007880885e-05,0.499281670416237,6.935296550282277e-09,0.4992816704162441,2.632051939880745e-09,0.0014041591461476227,9.805874310262532e-08,2.9238684013396224e-07
EFT:1.0104241096782794e-05,2.122547334954209e-06,1.987322000788117e-05,0.499281670416237,6.935296550282277e-09,0.4992816704162441,2.6320519398807075e-09,0.0014041591461476227,9.805874310262393e-08,2.9238684013396224e-07
Random88
Raw:1.0104241096782938e-05,2.122547334954209e-06,1.987322000788117e-05,0.499281670416237,6.935296550282277e-09,0.4992816704162441,2.632051939880745e-09,0.0014041591461476227,9.805874310262532e-08,2.9238684013396224e-07
EFT:1.0104241096782794e-05,2.122547334954209e-06,1.987322000788117e-05,0.499281670416237,6.935296550282277e-09,0.4992816704162441,2.6320519398807075e-09,0.0014041591461476227,9.805874310262393e-08,2.9238684013396224e-07
Random89
Raw:1.0104241096782938e-05,2.122547334954209e-06,1.987322000788117e-05,0.499281670416237,6.935296550282277e-09,0.4992816704162441,2.632051939880745e-09,0.0014041591461476227,9.805874310262532e-08,2.9238684013396224e-07
EFT:1.0104241096782794e-05,2.122547334954209e-06,1.987322000788117e-05,0.499281670416237,6.935296550282277e-09,0.4992816704162441,2.6320519398807075e-09,0.0014041591461476227,9.805874310262393e-08,2.9238684013396224e-07
Random90
Raw:1.0104241096782867e-05,2.122547334954224e-06,1.9873220007881028e-05,0.49928167041624055,6.935296550282326e-09,0.49928167041624055,2.6320519398807265e-09,0.0014041591461476128,9.805874310262462e-08,2.923868401339643e-07
EFT:1.0104241096782794e-05,2.122547334954209e-06,1.987322000788117e-05,0.499281670416237,6.935296550282277e-09,0.4992816704162441,2.6320519398807075e-09,0.0014041591461476227,9.805874310262393e-08,2.9238684013396224e-07
Random91
Raw:1.0104241096782938e-05,2.122547334954209e-06,1.987322000788117e-05,0.499281670416237,6.9352965502823754e-09,0.4992816704162441,2.632051939880745e-09,0.0014041591461476227,9.805874310262532e-08,2.9238684013396637e-07
EFT:1.0104241096782794e-05,2.122547334954209e-06,1.987322000788117e-05,0.499281670416237,6.935296550282277e-09,0.4992816704162441,2.6320519398807075e-09,0.0014041591461476227,9.805874310262393e-08,2.9238684013396224e-07
Random92
Raw:1.0104241096782938e-05,2.122547334954209e-06,1.987322000788117e-05,0.499281670416237,6.935296550282277e-09,0.4992816704162441,2.632051939880745e-09,0.0014041591461476227,9.805874310262532e-08,2.9238684013396224e-07
EFT:1.0104241096782794e-05,2.122547334954209e-06,1.987322000788117e-05,0.499281670416237,6.935296550282277e-09,0.4992816704162441,2.6320519398807075e-09,0.0014041591461476227,9.805874310262393e-08,2.9238684013396224e-07
Random93
Raw:1.0104241096782794e-05,2.122547334954209e-06,1.987322000788117e-05,0.499281670416237,6.935296550282277e-09,0.4992816704162441,2.6320519398807075e-09,0.0014041591461476227,9.805874310262393e-08,2.9238684013396224e-07
EFT:1.0104241096782794e-05,2.122547334954209e-06,1.987322000788117e-05,0.499281670416237,6.935296550282277e-09,0.4992816704162441,2.6320519398807075e-09,0.0014041591461476227,9.805874310262393e-08,2.9238684013396224e-07
Random94
Raw:1.0104241096782938e-05,2.122547334954239e-06,1.987322000788117e-05,0.499281670416237,6.9352965502823754e-09,0.4992816704162441,2.6320519398807824e-09,0.0014041591461476227,9.805874310262532e-08,2.9238684013396637e-07
EFT:1.0104241096782794e-05,2.122547334954209e-06,1.987322000788117e-05,0.499281670416237,6.935296550282277e-09,0.4992816704162441,2.6320519398807075e-09,0.0014041591461476227,9.805874310262393e-08,2.9238684013396224e-07
Random95
Raw:1.0104241096782865e-05,2.1225473349541635e-06,1.9873220007880747e-05,0.49928167041623345,6.935296550282228e-09,0.49928167041624766,2.632051939880726e-09,0.0014041591461476126,9.805874310262462e-08,2.923868401339602e-07
EFT:1.0104241096782794e-05,2.122547334954209e-06,1.987322000788117e-05,0.499281670416237,6.935296550282277e-09,0.4992816704162441,2.6320519398807075e-09,0.0014041591461476227,9.805874310262393e-08,2.9238684013396224e-07
Random96
Raw:1.0104241096782865e-05,2.122547334954194e-06,1.9873220007881028e-05,0.49928167041623345,6.935296550282327e-09,0.49928167041624766,2.632051939880726e-09,0.0014041591461476126,9.805874310262462e-08,2.9238684013396436e-07
EFT:1.0104241096782794e-05,2.122547334954209e-06,1.987322000788117e-05,0.499281670416237,6.935296550282277e-09,0.4992816704162441,2.6320519398807075e-09,0.0014041591461476227,9.805874310262393e-08,2.9238684013396224e-07
Random97
Raw:1.0104241096782938e-05,2.122547334954209e-06,1.987322000788117e-05,0.499281670416237,6.935296550282277e-09,0.4992816704162441,2.632051939880745e-09,0.0014041591461476227,9.805874310262532e-08,2.9238684013396224e-07
EFT:1.0104241096782794e-05,2.122547334954209e-06,1.987322000788117e-05,0.499281670416237,6.935296550282277e-09,0.4992816704162441,2.6320519398807075e-09,0.0014041591461476227,9.805874310262393e-08,2.9238684013396224e-07
Random98
Raw:1.0104241096782867e-05,2.122547334954194e-06,1.9873220007881028e-05,0.49928167041624055,6.935296550282326e-09,0.49928167041624055,2.6320519398807265e-09,0.0014041591461476128,9.805874310262323e-08,2.923868401339643e-07
EFT:1.0104241096782794e-05,2.122547334954209e-06,1.987322000788117e-05,0.499281670416237,6.935296550282277e-09,0.4992816704162441,2.6320519398807075e-09,0.0014041591461476227,9.805874310262393e-08,2.9238684013396224e-07
Random99
Raw:1.0104241096782938e-05,2.122547334954209e-06,1.987322000788117e-05,0.499281670416237,6.9352965502823754e-09,0.4992816704162441,2.6320519398807824e-09,0.0014041591461476026,9.805874310262393e-08,2.9238684013396637e-07
EFT:1.0104241096782794e-05,2.122547334954209e-06,1.987322000788117e-05,0.499281670416237,6.935296550282277e-09,0.4992816704162441,2.6320519398807075e-09,0.0014041591461476227,9.805874310262393e-08,2.9238684013396224e-07
Random100
Raw:1.0104241096782938e-05,2.122547334954209e-06,1.987322000788117e-05,0.499281670416237,6.935296550282277e-09,0.4992816704162441,2.632051939880745e-09,0.0014041591461476427,9.805874310262393e-08,2.9238684013396224e-07
EFT:1.0104241096782794e-05,2.122547334954209e-06,1.987322000788117e-05,0.499281670416237,6.935296550282277e-09,0.4992816704162441,2.6320519398807075e-09,0.0014041591461476227,9.805874310262393e-08,2.9238684013396224e-07
Random101
Raw:1.0104241096782865e-05,2.122547334954194e-06,1.9873220007880747e-05,0.49928167041623345,6.935296550282228e-09,0.49928167041624766,2.632051939880726e-09,0.0014041591461476126,9.805874310262184e-08,2.923868401339602e-07
EFT:1.0104241096782794e-05,2.122547334954209e-06,1.987322000788117e-05,0.499281670416237,6.935296550282277e-09,0.4992816704162441,2.6320519398807075e-09,0.0014041591461476227,9.805874310262393e-08,2.9238684013396224e-07
Random102
Raw:1.0104241096782867e-05,2.122547334954224e-06,1.987322000788131e-05,0.49928167041624055,6.935296550282326e-09,0.49928167041624055,2.6320519398807638e-09,0.0014041591461476327,9.805874310262462e-08,2.923868401339643e-07
EFT:1.0104241096782794e-05,2.122547334954209e-06,1.987322000788117e-05,0.499281670416237,6.935296550282277e-09,0.4992816704162441,2.6320519398807075e-09,0.0014041591461476227,9.805874310262393e-08,2.9238684013396224e-07
Random103
Raw:1.0104241096782938e-05,2.122547334954239e-06,1.987322000788117e-05,0.499281670416237,6.9352965502823754e-09,0.4992816704162441,2.6320519398807824e-09,0.0014041591461476227,9.805874310262532e-08,2.9238684013396637e-07
EFT:1.0104241096782794e-05,2.122547334954209e-06,1.987322000788117e-05,0.499281670416237,6.935296550282277e-09,0.4992816704162441,2.6320519398807075e-09,0.0014041591461476227,9.805874310262393e-08,2.9238684013396224e-07
Random104
Raw:1.0104241096782938e-05,2.122547334954239e-06,1.987322000788117e-05,0.499281670416237,6.9352965502823754e-09,0.4992816704162441,2.6320519398807824e-09,0.0014041591461476227,9.805874310262532e-08,2.9238684013396637e-07
EFT:1.0104241096782794e-05,2.122547334954209e-06,1.987322000788117e-05,0.499281670416237,6.935296550282277e-09,0.4992816704162441,2.6320519398807075e-09,0.0014041591461476227,9.805874310262393e-08,2.9238684013396224e-07
Random105
Raw:1.0104241096782938e-05,2.122547334954209e-06,1.987322000788117e-05,0.499281670416237,6.9352965502823754e-09,0.4992816704162441,2.632051939880745e-09,0.0014041591461476227,9.805874310262532e-08,2.9238684013396637e-07
EFT:1.0104241096782794e-05,2.122547334954209e-06,1.987322000788117e-05,0.499281670416237,6.935296550282277e-09,0.4992816704162441,2.6320519398807075e-09,0.0014041591461476227,9.805874310262393e-08,2.9238684013396224e-07
Random106
Raw:1.0104241096782867e-05,2.122547334954194e-06,1.9873220007881028e-05,0.49928167041624055,6.935296550282228e-09,0.49928167041624055,2.632051939880689e-09,0.0014041591461476527,9.805874310262323e-08,2.923868401339602e-07
EFT:1.0104241096782794e-05,2.122547334954209e-06,1.987322000788117e-05,0.499281670416237,6.935296550282277e-09,0.4992816704162441,2.6320519398807075e-09,0.0014041591461476227,9.805874310262393e-08,2.9238684013396224e-07
Random107
Raw:1.0104241096782938e-05,2.122547334954209e-06,1.987322000788117e-05,0.499281670416237,6.9352965502823754e-09,0.4992816704162441,2.6320519398807824e-09,0.0014041591461476227,9.805874310262532e-08,2.9238684013396637e-07
EFT:1.0104241096782794e-05,2.122547334954209e-06,1.987322000788117e-05,0.499281670416237,6.935296550282277e-09,0.4992816704162441,2.6320519398807075e-09,0.0014041591461476227,9.805874310262393e-08,2.9238684013396224e-07
Random108
Raw:1.0104241096783082e-05,2.122547334954239e-06,1.987322000788145e-05,0.499281670416237,6.935296550282475e-09,0.4992816704162441,2.6320519398807824e-09,0.0014041591461476427,9.805874310262532e-08,2.9238684013396637e-07
EFT:1.0104241096782794e-05,2.122547334954209e-06,1.987322000788117e-05,0.499281670416237,6.935296550282277e-09,0.4992816704162441,2.6320519398807075e-09,0.0014041591461476227,9.805874310262393e-08,2.9238684013396224e-07
Random109
Raw:1.0104241096782794e-05,2.122547334954209e-06,1.9873220007880885e-05,0.499281670416237,6.9352965502821786e-09,0.4992816704162441,2.6320519398807075e-09,0.0014041591461476026,9.805874310262393e-08,2.9238684013396224e-07
EFT:1.0104241096782794e-05,2.122547334954209e-06,1.987322000788117e-05,0.499281670416237,6.935296550282277e-09,0.4992816704162441,2.6320519398807075e-09,0.0014041591461476227,9.805874310262393e-08,2.9238684013396224e-07
Random110
Raw:1.0104241096782938e-05,2.122547334954239e-06,1.987322000788117e-05,0.499281670416237,6.9352965502823754e-09,0.4992816704162441,2.6320519398807824e-09,0.0014041591461476227,9.805874310262532e-08,2.9238684013396637e-07
EFT:1.0104241096782794e-05,2.122547334954209e-06,1.987322000788117e-05,0.499281670416237,6.935296550282277e-09,0.4992816704162441,2.6320519398807075e-09,0.0014041591461476227,9.805874310262393e-08,2.9238684013396224e-07
Random111
Raw:1.0104241096782867e-05,2.122547334954194e-06,1.9873220007881028e-05,0.49928167041624055,6.935296550282326e-09,0.49928167041624055,2.6320519398807265e-09,0.0014041591461476128,9.805874310262323e-08,2.923868401339643e-07
EFT:1.0104241096782794e-05,2.122547334954209e-06,1.987322000788117e-05,0.499281670416237,6.935296550282277e-09,0.4992816704162441,2.6320519398807075e-09,0.0014041591461476227,9.805874310262393e-08,2.9238684013396224e-07
Random112
Raw:1.0104241096782867e-05,2.122547334954224e-06,1.987322000788131e-05,0.49928167041624055,6.935296550282326e-09,0.49928167041624055,2.632051939880689e-09,0.0014041591461476327,9.805874310262462e-08,2.923868401339643e-07
EFT:1.0104241096782794e-05,2.122547334954209e-06,1.987322000788117e-05,0.499281670416237,6.935296550282277e-09,0.4992816704162441,2.6320519398807075e-09,0.0014041591461476227,9.805874310262393e-08,2.9238684013396224e-07
Random113
Raw:1.0104241096782865e-05,2.122547334954194e-06,1.9873220007881028e-05,0.49928167041623345,6.935296550282327e-09,0.49928167041624766,2.632051939880726e-09,0.0014041591461476126,9.805874310262462e-08,2.9238684013396436e-07
EFT:1.0104241096782794e-05,2.122547334954209e-06,1.987322000788117e-05,0.499281670416237,6.935296550282277e-09,0.4992816704162441,2.6320519398807075e-09,0.0014041591461476227,9.805874310262393e-08,2.9238684013396224e-07
Random114
Raw:1.0104241096782867e-05,2.122547334954194e-06,1.9873220007881028e-05,0.49928167041624055,6.935296550282228e-09,0.49928167041624055,2.632051939880689e-09,0.0014041591461476327,9.805874310262323e-08,2.923868401339602e-07
EFT:1.0104241096782794e-05,2.122547334954209e-06,1.987322000788117e-05,0.499281670416237,6.935296550282277e-09,0.4992816704162441,2.6320519398807075e-09,0.0014041591461476227,9.805874310262393e-08,2.9238684013396224e-07
Random115
Raw:1.0104241096782794e-05,2.1225473349541788e-06,1.9873220007880604e-05,0.499281670416237,6.9352965502821786e-09,0.4992816704162441,2.632051939880745e-09,0.0014041591461476026,9.805874310262254e-08,2.9238684013396224e-07
EFT:1.0104241096782794e-05,2.122547334954209e-06,1.987322000788117e-05,0.499281670416237,6.935296550282277e-09,0.4992816704162441,2.6320519398807075e-09,0.0014041591461476227,9.805874310262393e-08,2.9238684013396224e-07
Random116
Raw:1.0104241096782938e-05,2.122547334954209e-06,1.987322000788117e-05,0.499281670416237,6.935296550282277e-09,0.4992816704162441,2.632051939880745e-09,0.0014041591461476427,9.805874310262393e-08,2.9238684013396224e-07
EFT:1.0104241096782794e-05,2.122547334954209e-06,1.987322000788117e-05,0.499281670416237,6.935296550282277e-09,0.4992816704162441,2.6320519398807075e-09,0.0014041591461476227,9.805874310262393e-08,2.9238684013396224e-07
Random117
Raw:1.0104241096782867e-05,2.122547334954194e-06,1.9873220007881028e-05,0.49928167041624055,6.935296550282228e-09,0.49928167041624055,2.632051939880689e-09,0.0014041591461476128,9.805874310262462e-08,2.923868401339602e-07
EFT:1.0104241096782794e-05,2.122547334954209e-06,1.987322000788117e-05,0.499281670416237,6.935296550282277e-09,0.4992816704162441,2.6320519398807075e-09,0.0014041591461476227,9.805874310262393e-08,2.9238684013396224e-07
Random118
Raw:1.0104241096783009e-05,2.122547334954224e-06,1.987322000788131e-05,0.49928167041623345,6.935296550282327e-09,0.49928167041624766,2.6320519398807638e-09,0.0014041591461476327,9.805874310262462e-08,2.923868401339685e-07
EFT:1.0104241096782794e-05,2.122547334954209e-06,1.987322000788117e-05,0.499281670416237,6.935296550282277e-09,0.4992816704162441,2.6320519398807075e-09,0.0014041591461476227,9.805874310262393e-08,2.9238684013396224e-07
Random119
Raw:1.0104241096782938e-05,2.122547334954209e-06,1.987322000788117e-05,0.499281670416237,6.935296550282277e-09,0.4992816704162441,2.632051939880745e-09,0.0014041591461476227,9.805874310262393e-08,2.9238684013396637e-07
EFT:1.0104241096782794e-05,2.122547334954209e-06,1.987322000788117e-05,0.499281670416237,6.935296550282277e-09,0.4992816704162441,2.6320519398807075e-09,0.0014041591461476227,9.805874310262393e-08,2.9238684013396224e-07
Random120
Raw:1.0104241096782938e-05,2.1225473349541788e-06,1.9873220007880885e-05,0.499281670416237,6.935296550282277e-09,0.4992816704162441,2.632051939880745e-09,0.0014041591461476026,9.805874310262532e-08,2.9238684013396224e-07
EFT:1.0104241096782794e-05,2.122547334954209e-06,1.987322000788117e-05,0.499281670416237,6.935296550282277e-09,0.4992816704162441,2.6320519398807075e-09,0.0014041591461476227,9.805874310262393e-08,2.9238684013396224e-07
Random121
Raw:1.0104241096782938e-05,2.122547334954209e-06,1.987322000788117e-05,0.499281670416237,6.935296550282277e-09,0.4992816704162441,2.632051939880745e-09,0.0014041591461476227,9.805874310262532e-08,2.9238684013396224e-07
EFT:1.0104241096782794e-05,2.122547334954209e-06,1.987322000788117e-05,0.499281670416237,6.935296550282277e-09,0.4992816704162441,2.6320519398807075e-09,0.0014041591461476227,9.805874310262393e-08,2.9238684013396224e-07
Random122
Raw:1.0104241096783009e-05,2.122547334954194e-06,1.9873220007881028e-05,0.49928167041623345,6.935296550282327e-09,0.49928167041624766,2.6320519398807638e-09,0.0014041591461476327,9.805874310262462e-08,2.9238684013396436e-07
EFT:1.0104241096782794e-05,2.122547334954209e-06,1.987322000788117e-05,0.499281670416237,6.935296550282277e-09,0.4992816704162441,2.6320519398807075e-09,0.0014041591461476227,9.805874310262393e-08,2.9238684013396224e-07
Random123
Raw:1.0104241096782938e-05,2.122547334954209e-06,1.9873220007880885e-05,0.499281670416237,6.935296550282277e-09,0.4992816704162441,2.632051939880745e-09,0.0014041591461476227,9.805874310262393e-08,2.9238684013396224e-07
EFT:1.0104241096782794e-05,2.122547334954209e-06,1.987322000788117e-05,0.499281670416237,6.935296550282277e-09,0.4992816704162441,2.6320519398807075e-09,0.0014041591461476227,9.805874310262393e-08,2.9238684013396224e-07
Random124
Raw:1.0104241096782867e-05,2.122547334954194e-06,1.9873220007881028e-05,0.49928167041624055,6.935296550282326e-09,0.49928167041624055,2.6320519398807265e-09,0.0014041591461476128,9.805874310262323e-08,2.923868401339643e-07
EFT:1.0104241096782794e-05,2.122547334954209e-06,1.987322000788117e-05,0.499281670416237,6.935296550282277e-09,0.4992816704162441,2.6320519398807075e-09,0.0014041591461476227,9.805874310262393e-08,2.9238684013396224e-07
Random125
Raw:1.0104241096782794e-05,2.122547334954209e-06,1.987322000788117e-05,0.499281670416237,6.935296550282277e-09,0.4992816704162441,2.6320519398807075e-09,0.0014041591461476026,9.805874310262393e-08,2.9238684013396224e-07
EFT:1.0104241096782794e-05,2.122547334954209e-06,1.987322000788117e-05,0.499281670416237,6.935296550282277e-09,0.4992816704162441,2.6320519398807075e-09,0.0014041591461476227,9.805874310262393e-08,2.9238684013396224e-07
Random126
Raw:1.0104241096782938e-05,2.122547334954209e-06,1.9873220007880885e-05,0.499281670416237,6.935296550282277e-09,0.4992816704162441,2.632051939880745e-09,0.0014041591461476227,9.805874310262532e-08,2.9238684013396224e-07
EFT:1.0104241096782794e-05,2.122547334954209e-06,1.987322000788117e-05,0.499281670416237,6.935296550282277e-09,0.4992816704162441,2.6320519398807075e-09,0.0014041591461476227,9.805874310262393e-08,2.9238684013396224e-07
Random127
Raw:1.0104241096782867e-05,2.1225473349542546e-06,1.987322000788131e-05,0.49928167041624055,6.935296550282326e-09,0.49928167041624055,2.6320519398807638e-09,0.0014041591461476327,9.805874310262462e-08,2.923868401339643e-07
EFT:1.0104241096782794e-05,2.122547334954209e-06,1.987322000788117e-05,0.499281670416237,6.935296550282277e-09,0.4992816704162441,2.6320519398807075e-09,0.0014041591461476227,9.805874310262393e-08,2.9238684013396224e-07
Random128
Raw:1.0104241096782867e-05,2.122547334954224e-06,1.9873220007881028e-05,0.49928167041624055,6.935296550282326e-09,0.49928167041624055,2.6320519398807265e-09,0.0014041591461476327,9.805874310262602e-08,2.923868401339643e-07
EFT:1.0104241096782794e-05,2.122547334954209e-06,1.987322000788117e-05,0.499281670416237,6.935296550282277e-09,0.4992816704162441,2.6320519398807075e-09,0.0014041591461476227,9.805874310262393e-08,2.9238684013396224e-07
Random129
Raw:1.0104241096782867e-05,2.122547334954224e-06,1.987322000788131e-05,0.49928167041624055,6.935296550282228e-09,0.49928167041624055,2.632051939880689e-09,0.0014041591461476327,9.805874310262323e-08,2.923868401339643e-07
EFT:1.0104241096782794e-05,2.122547334954209e-06,1.987322000788117e-05,0.499281670416237,6.935296550282277e-09,0.4992816704162441,2.6320519398807075e-09,0.0014041591461476227,9.805874310262393e-08,2.9238684013396224e-07
Random130
Raw:1.0104241096782938e-05,2.122547334954209e-06,1.987322000788117e-05,0.499281670416237,6.9352965502823754e-09,0.4992816704162441,2.632051939880745e-09,0.0014041591461476227,9.805874310262393e-08,2.9238684013396637e-07
EFT:1.0104241096782794e-05,2.122547334954209e-06,1.987322000788117e-05,0.499281670416237,6.935296550282277e-09,0.4992816704162441,2.6320519398807075e-09,0.0014041591461476227,9.805874310262393e-08,2.9238684013396224e-07
Random131
Raw:1.0104241096782794e-05,2.122547334954209e-06,1.987322000788117e-05,0.4992816704162441,6.935296550282277e-09,0.499281670416237,2.63205193988067e-09,0.0014041591461476227,9.805874310262393e-08,2.9238684013396224e-07
EFT:1.0104241096782794e-05,2.122547334954209e-06,1.987322000788117e-05,0.499281670416237,6.935296550282277e-09,0.4992816704162441,2.6320519398807075e-09,0.0014041591461476227,9.805874310262393e-08,2.9238684013396224e-07
Random132
Raw:1.0104241096782938e-05,2.122547334954239e-06,1.987322000788145e-05,0.499281670416237,6.935296550282277e-09,0.4992816704162441,2.632051939880745e-09,0.0014041591461476427,9.805874310262393e-08,2.9238684013396637e-07
EFT:1.0104241096782794e-05,2.122547334954209e-06,1.987322000788117e-05,0.499281670416237,6.935296550282277e-09,0.4992816704162441,2.6320519398807075e-09,0.0014041591461476227,9.805874310262393e-08,2.9238684013396224e-07
Random133
Raw:1.0104241096782794e-05,2.122547334954209e-06,1.987322000788117e-05,0.499281670416237,6.935296550282277e-09,0.4992816704162441,2.6320519398807075e-09,0.0014041591461476227,9.805874310262393e-08,2.9238684013396224e-07
EFT:1.0104241096782794e-05,2.122547334954209e-06,1.987322000788117e-05,0.499281670416237,6.935296550282277e-09,0.4992816704162441,2.6320519398807075e-09,0.0014041591461476227,9.805874310262393e-08,2.9238684013396224e-07
Random134
Raw:1.0104241096782938e-05,2.122547334954209e-06,1.987322000788117e-05,0.499281670416237,6.935296550282277e-09,0.4992816704162441,2.632051939880745e-09,0.0014041591461476427,9.805874310262393e-08,2.9238684013396224e-07
EFT:1.0104241096782794e-05,2.122547334954209e-06,1.987322000788117e-05,0.499281670416237,6.935296550282277e-09,0.4992816704162441,2.6320519398807075e-09,0.0014041591461476227,9.805874310262393e-08,2.9238684013396224e-07
Random135
Raw:1.0104241096782938e-05,2.122547334954209e-06,1.9873220007880885e-05,0.499281670416237,6.935296550282277e-09,0.4992816704162441,2.632051939880745e-09,0.0014041591461476227,9.805874310262532e-08,2.9238684013396224e-07
EFT:1.0104241096782794e-05,2.122547334954209e-06,1.987322000788117e-05,0.499281670416237,6.935296550282277e-09,0.4992816704162441,2.6320519398807075e-09,0.0014041591461476227,9.805874310262393e-08,2.9238684013396224e-07
Random136
Raw:1.0104241096782867e-05,2.122547334954224e-06,1.9873220007881028e-05,0.49928167041624055,6.935296550282326e-09,0.49928167041624055,2.6320519398807265e-09,0.0014041591461476128,9.805874310262462e-08,2.923868401339643e-07
EFT:1.0104241096782794e-05,2.122547334954209e-06,1.987322000788117e-05,0.499281670416237,6.935296550282277e-09,0.4992816704162441,2.6320519398807075e-09,0.0014041591461476227,9.805874310262393e-08,2.9238684013396224e-07
Random137
Raw:1.0104241096782938e-05,2.122547334954239e-06,1.9873220007880885e-05,0.499281670416237,6.935296550282277e-09,0.4992816704162441,2.632051939880745e-09,0.0014041591461476227,9.805874310262532e-08,2.9238684013396224e-07
EFT:1.0104241096782794e-05,2.122547334954209e-06,1.987322000788117e-05,0.499281670416237,6.935296550282277e-09,0.4992816704162441,2.6320519398807075e-09,0.0014041591461476227,9.805874310262393e-08,2.9238684013396224e-07
Random138
Raw:1.0104241096782865e-05,2.122547334954194e-06,1.9873220007881028e-05,0.49928167041623345,6.935296550282327e-09,0.49928167041624766,2.632051939880726e-09,0.0014041591461476126,9.805874310262462e-08,2.9238684013396436e-07
EFT:1.0104241096782794e-05,2.122547334954209e-06,1.987322000788117e-05,0.499281670416237,6.935296550282277e-09,0.4992816704162441,2.6320519398807075e-09,0.0014041591461476227,9.805874310262393e-08,2.9238684013396224e-07
Random139
Raw:1.0104241096782794e-05,2.122547334954209e-06,1.9873220007880885e-05,0.499281670416237,6.9352965502821786e-09,0.4992816704162441,2.6320519398807075e-09,0.0014041591461476026,9.805874310262393e-08,2.9238684013396224e-07
EFT:1.0104241096782794e-05,2.122547334954209e-06,1.987322000788117e-05,0.499281670416237,6.935296550282277e-09,0.4992816704162441,2.6320519398807075e-09,0.0014041591461476227,9.805874310262393e-08,2.9238684013396224e-07
Random140
Raw:1.0104241096782867e-05,2.122547334954224e-06,1.987322000788131e-05,0.49928167041624055,6.935296550282326e-09,0.49928167041624055,2.6320519398807265e-09,0.0014041591461476327,9.805874310262462e-08,2.923868401339643e-07
EFT:1.0104241096782794e-05,2.122547334954209e-06,1.987322000788117e-05,0.499281670416237,6.935296550282277e-09,0.4992816704162441,2.6320519398807075e-09,0.0014041591461476227,9.805874310262393e-08,2.9238684013396224e-07
Random141
Raw:1.0104241096782867e-05,2.122547334954194e-06,1.9873220007881028e-05,0.49928167041624055,6.935296550282228e-09,0.49928167041624055,2.632051939880689e-09,0.0014041591461476128,9.805874310262462e-08,2.923868401339602e-07
EFT:1.0104241096782794e-05,2.122547334954209e-06,1.987322000788117e-05,0.499281670416237,6.935296550282277e-09,0.4992816704162441,2.6320519398807075e-09,0.0014041591461476227,9.805874310262393e-08,2.9238684013396224e-07
Random142
Raw:1.0104241096782867e-05,2.122547334954224e-06,1.987322000788131e-05,0.49928167041624055,6.935296550282326e-09,0.49928167041624055,2.6320519398807265e-09,0.0014041591461476128,9.805874310262462e-08,2.923868401339643e-07
EFT:1.0104241096782794e-05,2.122547334954209e-06,1.987322000788117e-05,0.499281670416237,6.935296550282277e-09,0.4992816704162441,2.6320519398807075e-09,0.0014041591461476227,9.805874310262393e-08,2.9238684013396224e-07
Random143
Raw:1.0104241096782867e-05,2.122547334954224e-06,1.9873220007881028e-05,0.49928167041624055,6.935296550282326e-09,0.49928167041624055,2.6320519398807638e-09,0.0014041591461476128,9.805874310262462e-08,2.923868401339643e-07
EFT:1.0104241096782794e-05,2.122547334954209e-06,1.987322000788117e-05,0.499281670416237,6.935296550282277e-09,0.4992816704162441,2.6320519398807075e-09,0.0014041591461476227,9.805874310262393e-08,2.9238684013396224e-07
Random144
Raw:1.0104241096782867e-05,2.122547334954224e-06,1.987322000788131e-05,0.49928167041624055,6.935296550282326e-09,0.49928167041624055,2.6320519398807265e-09,0.0014041591461476327,9.805874310262462e-08,2.923868401339643e-07
EFT:1.0104241096782794e-05,2.122547334954209e-06,1.987322000788117e-05,0.499281670416237,6.935296550282277e-09,0.4992816704162441,2.6320519398807075e-09,0.0014041591461476227,9.805874310262393e-08,2.9238684013396224e-07
Random145
Raw:1.0104241096783009e-05,2.122547334954194e-06,1.9873220007881028e-05,0.49928167041623345,6.935296550282327e-09,0.49928167041624766,2.6320519398807638e-09,0.0014041591461476327,9.805874310262462e-08,2.9238684013396436e-07
EFT:1.0104241096782794e-05,2.122547334954209e-06,1.987322000788117e-05,0.499281670416237,6.935296550282277e-09,0.4992816704162441,2.6320519398807075e-09,0.0014041591461476227,9.805874310262393e-08,2.9238684013396224e-07
Random146
Raw:1.0104241096782867e-05,2.122547334954224e-06,1.987322000788131e-05,0.49928167041624055,6.935296550282326e-09,0.49928167041624055,2.6320519398807265e-09,0.0014041591461476327,9.805874310262462e-08,2.923868401339643e-07
EFT:1.0104241096782794e-05,2.122547334954209e-06,1.987322000788117e-05,0.499281670416237,6.935296550282277e-09,0.4992816704162441,2.6320519398807075e-09,0.0014041591461476227,9.805874310262393e-08,2.9238684013396224e-07
Random147
Raw:1.0104241096782938e-05,2.1225473349541788e-06,1.9873220007880885e-05,0.499281670416237,6.935296550282277e-09,0.4992816704162441,2.632051939880745e-09,0.0014041591461476026,9.805874310262532e-08,2.9238684013396224e-07
EFT:1.0104241096782794e-05,2.122547334954209e-06,1.987322000788117e-05,0.499281670416237,6.935296550282277e-09,0.4992816704162441,2.6320519398807075e-09,0.0014041591461476227,9.805874310262393e-08,2.9238684013396224e-07
Random148
Raw:1.0104241096782938e-05,2.122547334954209e-06,1.987322000788117e-05,0.499281670416237,6.9352965502823754e-09,0.4992816704162441,2.6320519398807824e-09,0.0014041591461476227,9.805874310262532e-08,2.9238684013396637e-07
EFT:1.0104241096782794e-05,2.122547334954209e-06,1.987322000788117e-05,0.499281670416237,6.935296550282277e-09,0.4992816704162441,2.6320519398807075e-09,0.0014041591461476227,9.805874310262393e-08,2.9238684013396224e-07
Random149
Raw:1.0104241096782938e-05,2.122547334954209e-06,1.987322000788117e-05,0.499281670416237,6.9352965502823754e-09,0.4992816704162441,2.632051939880745e-09,0.0014041591461476227,9.805874310262393e-08,2.9238684013396637e-07
EFT:1.0104241096782794e-05,2.122547334954209e-06,1.987322000788117e-05,0.499281670416237,6.935296550282277e-09,0.4992816704162441,2.6320519398807075e-09,0.0014041591461476227,9.805874310262393e-08,2.9238684013396224e-07
Random150
Raw:1.0104241096782794e-05,2.122547334954209e-06,1.987322000788117e-05,0.499281670416237,6.9352965502821786e-09,0.4992816704162441,2.6320519398807075e-09,0.0014041591461476227,9.805874310262393e-08,2.9238684013396224e-07
EFT:1.0104241096782794e-05,2.122547334954209e-06,1.987322000788117e-05,0.499281670416237,6.935296550282277e-09,0.4992816704162441,2.6320519398807075e-09,0.0014041591461476227,9.805874310262393e-08,2.9238684013396224e-07
Random151
Raw:1.0104241096782938e-05,2.122547334954239e-06,1.987322000788145e-05,0.499281670416237,6.9352965502823754e-09,0.4992816704162441,2.632051939880745e-09,0.0014041591461476427,9.805874310262532e-08,2.9238684013396637e-07
EFT:1.0104241096782794e-05,2.122547334954209e-06,1.987322000788117e-05,0.499281670416237,6.935296550282277e-09,0.4992816704162441,2.6320519398807075e-09,0.0014041591461476227,9.805874310262393e-08,2.9238684013396224e-07
Random152
Raw:1.0104241096782938e-05,2.122547334954239e-06,1.987322000788117e-05,0.499281670416237,6.935296550282277e-09,0.4992816704162441,2.632051939880745e-09,0.0014041591461476227,9.805874310262532e-08,2.9238684013396224e-07
EFT:1.0104241096782794e-05,2.122547334954209e-06,1.987322000788117e-05,0.499281670416237,6.935296550282277e-09,0.4992816704162441,2.6320519398807075e-09,0.0014041591461476227,9.805874310262393e-08,2.9238684013396224e-07
Random153
Raw:1.0104241096782865e-05,2.122547334954194e-06,1.9873220007881028e-05,0.49928167041623345,6.935296550282327e-09,0.49928167041624766,2.632051939880726e-09,0.0014041591461476126,9.805874310262462e-08,2.9238684013396436e-07
EFT:1.0104241096782794e-05,2.122547334954209e-06,1.987322000788117e-05,0.499281670416237,6.935296550282277e-09,0.4992816704162441,2.6320519398807075e-09,0.0014041591461476227,9.805874310262393e-08,2.9238684013396224e-07
Random154
Raw:1.0104241096782867e-05,2.122547334954224e-06,1.987322000788131e-05,0.49928167041624055,6.935296550282326e-09,0.49928167041624055,2.6320519398807265e-09,0.0014041591461476327,9.805874310262462e-08,2.923868401339643e-07
EFT:1.0104241096782794e-05,2.122547334954209e-06,1.987322000788117e-05,0.499281670416237,6.935296550282277e-09,0.4992816704162441,2.6320519398807075e-09,0.0014041591461476227,9.805874310262393e-08,2.9238684013396224e-07
Random155
Raw:1.0104241096783009e-05,2.122547334954224e-06,1.9873220007881028e-05,0.49928167041623345,6.935296550282327e-09,0.49928167041624766,2.6320519398807638e-09,0.0014041591461476327,9.805874310262601e-08,2.9238684013396436e-07
EFT:1.0104241096782794e-05,2.122547334954209e-06,1.987322000788117e-05,0.499281670416237,6.935296550282277e-09,0.4992816704162441,2.6320519398807075e-09,0.0014041591461476227,9.805874310262393e-08,2.9238684013396224e-07
Random156
Raw:1.0104241096782938e-05,2.122547334954209e-06,1.987322000788117e-05,0.499281670416237,6.9352965502823754e-09,0.4992816704162441,2.632051939880745e-09,0.0014041591461476227,9.805874310262393e-08,2.9238684013396637e-07
EFT:1.0104241096782794e-05,2.122547334954209e-06,1.987322000788117e-05,0.499281670416237,6.935296550282277e-09,0.4992816704162441,2.6320519398807075e-09,0.0014041591461476227,9.805874310262393e-08,2.9238684013396224e-07
Random157
Raw:1.0104241096782938e-05,2.122547334954209e-06,1.987322000788117e-05,0.499281670416237,6.9352965502823754e-09,0.4992816704162441,2.632051939880745e-09,0.0014041591461476227,9.805874310262532e-08,2.9238684013396637e-07
EFT:1.0104241096782794e-05,2.122547334954209e-06,1.987322000788117e-05,0.499281670416237,6.935296550282277e-09,0.4992816704162441,2.6320519398807075e-09,0.0014041591461476227,9.805874310262393e-08,2.9238684013396224e-07
Random158
Raw:1.0104241096782938e-05,2.122547334954209e-06,1.987322000788117e-05,0.499281670416237,6.9352965502823754e-09,0.4992816704162441,2.632051939880745e-09,0.0014041591461476227,9.805874310262532e-08,2.9238684013396637e-07
EFT:1.0104241096782794e-05,2.122547334954209e-06,1.987322000788117e-05,0.499281670416237,6.935296550282277e-09,0.4992816704162441,2.6320519398807075e-09,0.0014041591461476227,9.805874310262393e-08,2.9238684013396224e-07
Random159
Raw:1.0104241096782938e-05,2.122547334954209e-06,1.987322000788117e-05,0.499281670416237,6.935296550282277e-09,0.4992816704162441,2.632051939880745e-09,0.0014041591461476427,9.805874310262393e-08,2.9238684013396224e-07
EFT:1.0104241096782794e-05,2.122547334954209e-06,1.987322000788117e-05,0.499281670416237,6.935296550282277e-09,0.4992816704162441,2.6320519398807075e-09,0.0014041591461476227,9.805874310262393e-08,2.9238684013396224e-07
Random160
Raw:1.0104241096782865e-05,2.122547334954194e-06,1.9873220007881028e-05,0.49928167041623345,6.935296550282327e-09,0.49928167041624766,2.6320519398807638e-09,0.0014041591461476126,9.805874310262324e-08,2.9238684013396436e-07
EFT:1.0104241096782794e-05,2.122547334954209e-06,1.987322000788117e-05,0.499281670416237,6.935296550282277e-09,0.4992816704162441,2.6320519398807075e-09,0.0014041591461476227,9.805874310262393e-08,2.9238684013396224e-07
Random161
Raw:1.0104241096782938e-05,2.122547334954239e-06,1.987322000788117e-05,0.499281670416237,6.9352965502823754e-09,0.4992816704162441,2.6320519398807824e-09,0.0014041591461476227,9.805874310262532e-08,2.9238684013396637e-07
EFT:1.0104241096782794e-05,2.122547334954209e-06,1.987322000788117e-05,0.499281670416237,6.935296550282277e-09,0.4992816704162441,2.6320519398807075e-09,0.0014041591461476227,9.805874310262393e-08,2.9238684013396224e-07
Random162
Raw:1.0104241096782938e-05,2.122547334954239e-06,1.987322000788117e-05,0.499281670416237,6.935296550282277e-09,0.4992816704162441,2.632051939880745e-09,0.0014041591461476427,9.805874310262532e-08,2.9238684013396224e-07
EFT:1.0104241096782794e-05,2.122547334954209e-06,1.987322000788117e-05,0.499281670416237,6.935296550282277e-09,0.4992816704162441,2.6320519398807075e-09,0.0014041591461476227,9.805874310262393e-08,2.9238684013396224e-07
Random163
Raw:1.0104241096782938e-05,2.122547334954209e-06,1.987322000788117e-05,0.499281670416237,6.9352965502823754e-09,0.4992816704162441,2.632051939880745e-09,0.0014041591461476227,9.805874310262672e-08,2.9238684013396637e-07
EFT:1.0104241096782794e-05,2.122547334954209e-06,1.987322000788117e-05,0.499281670416237,6.935296550282277e-09,0.4992816704162441,2.6320519398807075e-09,0.0014041591461476227,9.805874310262393e-08,2.9238684013396224e-07
Random164
Raw:1.0104241096782938e-05,2.1225473349541788e-06,1.9873220007880885e-05,0.499281670416237,6.935296550282277e-09,0.4992816704162441,2.632051939880745e-09,0.0014041591461476026,9.805874310262532e-08,2.9238684013396224e-07
EFT:1.0104241096782794e-05,2.122547334954209e-06,1.987322000788117e-05,0.499281670416237,6.935296550282277e-09,0.4992816704162441,2.6320519398807075e-09,0.0014041591461476227,9.805874310262393e-08,2.9238684013396224e-07
Random165
Raw:1.0104241096782794e-05,2.122547334954209e-06,1.987322000788117e-05,0.499281670416237,6.9352965502821786e-09,0.4992816704162441,2.6320519398807075e-09,0.0014041591461476227,9.805874310262393e-08,2.9238684013396224e-07
EFT:1.0104241096782794e-05,2.122547334954209e-06,1.987322000788117e-05,0.499281670416237,6.935296550282277e-09,0.4992816704162441,2.6320519398807075e-09,0.0014041591461476227,9.805874310262393e-08,2.9238684013396224e-07
Random166
Raw:1.0104241096782867e-05,2.122547334954224e-06,1.987322000788131e-05,0.49928167041624055,6.935296550282326e-09,0.49928167041624055,2.6320519398807265e-09,0.0014041591461476128,9.805874310262462e-08,2.923868401339643e-07
EFT:1.0104241096782794e-05,2.122547334954209e-06,1.987322000788117e-05,0.499281670416237,6.935296550282277e-09,0.4992816704162441,2.6320519398807075e-09,0.0014041591461476227,9.805874310262393e-08,2.9238684013396224e-07
Random167
Raw:1.0104241096782938e-05,2.122547334954209e-06,1.987322000788117e-05,0.499281670416237,6.935296550282277e-09,0.4992816704162441,2.632051939880745e-09,0.0014041591461476427,9.805874310262393e-08,2.9238684013396224e-07
EFT:1.0104241096782794e-05,2.122547334954209e-06,1.987322000788117e-05,0.499281670416237,6.935296550282277e-09,0.4992816704162441,2.6320519398807075e-09,0.0014041591461476227,9.805874310262393e-08,2.9238684013396224e-07
Random168
Raw:1.0104241096782938e-05,2.122547334954239e-06,1.987322000788117e-05,0.499281670416237,6.935296550282277e-09,0.4992816704162441,2.632051939880745e-09,0.0014041591461476427,9.805874310262393e-08,2.9238684013396637e-07
EFT:1.0104241096782794e-05,2.122547334954209e-06,1.987322000788117e-05,0.499281670416237,6.935296550282277e-09,0.4992816704162441,2.6320519398807075e-09,0.0014041591461476227,9.805874310262393e-08,2.9238684013396224e-07
Random169
Raw:1.0104241096782938e-05,2.122547334954209e-06,1.987322000788117e-05,0.499281670416237,6.9352965502823754e-09,0.4992816704162441,2.632051939880745e-09,0.0014041591461476227,9.805874310262532e-08,2.9238684013396637e-07
EFT:1.0104241096782794e-05,2.122547334954209e-06,1.987322000788117e-05,0.499281670416237,6.935296550282277e-09,0.4992816704162441,2.6320519398807075e-09,0.0014041591461476227,9.805874310262393e-08,2.9238684013396224e-07
Random170
Raw:1.0104241096782938e-05,2.122547334954209e-06,1.987322000788117e-05,0.499281670416237,6.9352965502823754e-09,0.4992816704162441,2.632051939880745e-09,0.0014041591461476227,9.805874310262532e-08,2.9238684013396637e-07
EFT:1.0104241096782794e-05,2.122547334954209e-06,1.987322000788117e-05,0.499281670416237,6.935296550282277e-09,0.4992816704162441,2.6320519398807075e-09,0.0014041591461476227,9.805874310262393e-08,2.9238684013396224e-07
Random171
Raw:1.0104241096782938e-05,2.122547334954209e-06,1.987322000788117e-05,0.499281670416237,6.935296550282277e-09,0.4992816704162441,2.632051939880745e-09,0.0014041591461476427,9.805874310262393e-08,2.9238684013396224e-07
EFT:1.0104241096782794e-05,2.122547334954209e-06,1.987322000788117e-05,0.499281670416237,6.935296550282277e-09,0.4992816704162441,2.6320519398807075e-09,0.0014041591461476227,9.805874310262393e-08,2.9238684013396224e-07
Random172
Raw:1.0104241096782938e-05,2.1225473349541788e-06,1.9873220007880885e-05,0.499281670416237,6.935296550282277e-09,0.4992816704162441,2.632051939880745e-09,0.0014041591461476026,9.805874310262532e-08,2.9238684013396224e-07
EFT:1.0104241096782794e-05,2.122547334954209e-06,1.987322000788117e-05,0.499281670416237,6.935296550282277e-09,0.4992816704162441,2.6320519398807075e-09,0.0014041591461476227,9.805874310262393e-08,2.9238684013396224e-07
Random173
Raw:1.0104241096782867e-05,2.1225473349542546e-06,1.987322000788131e-05,0.49928167041624055,6.935296550282326e-09,0.49928167041624055,2.6320519398807638e-09,0.0014041591461476327,9.805874310262462e-08,2.923868401339643e-07
EFT:1.0104241096782794e-05,2.122547334954209e-06,1.987322000788117e-05,0.499281670416237,6.935296550282277e-09,0.4992816704162441,2.6320519398807075e-09,0.0014041591461476227,9.805874310262393e-08,2.9238684013396224e-07
Random174
Raw:1.0104241096782865e-05,2.122547334954194e-06,1.9873220007881028e-05,0.49928167041623345,6.935296550282228e-09,0.49928167041624766,2.632051939880726e-09,0.0014041591461476327,9.805874310262184e-08,2.923868401339602e-07
EFT:1.0104241096782794e-05,2.122547334954209e-06,1.987322000788117e-05,0.499281670416237,6.935296550282277e-09,0.4992816704162441,2.6320519398807075e-09,0.0014041591461476227,9.805874310262393e-08,2.9238684013396224e-07
Random175
Raw:1.0104241096782723e-05,2.122547334954194e-06,1.9873220007881028e-05,0.49928167041624055,6.935296550282228e-09,0.49928167041624055,2.6320519398806513e-09,0.0014041591461476128,9.805874310262323e-08,2.923868401339602e-07
EFT:1.0104241096782794e-05,2.122547334954209e-06,1.987322000788117e-05,0.499281670416237,6.935296550282277e-09,0.4992816704162441,2.6320519398807075e-09,0.0014041591461476227,9.805874310262393e-08,2.9238684013396224e-07
Random176
Raw:1.0104241096782865e-05,2.122547334954194e-06,1.9873220007880747e-05,0.49928167041623345,6.935296550282327e-09,0.49928167041624766,2.6320519398807638e-09,0.0014041591461475926,9.805874310262462e-08,2.9238684013396436e-07
EFT:1.0104241096782794e-05,2.122547334954209e-06,1.987322000788117e-05,0.499281670416237,6.935296550282277e-09,0.4992816704162441,2.6320519398807075e-09,0.0014041591461476227,9.805874310262393e-08,2.9238684013396224e-07
Random177
Raw:1.0104241096782938e-05,2.122547334954209e-06,1.987322000788117e-05,0.499281670416237,6.9352965502823754e-09,0.4992816704162441,2.632051939880745e-09,0.0014041591461476227,9.805874310262532e-08,2.9238684013396637e-07
EFT:1.0104241096782794e-05,2.122547334954209e-06,1.987322000788117e-05,0.499281670416237,6.935296550282277e-09,0.4992816704162441,2.6320519398807075e-09,0.0014041591461476227,9.805874310262393e-08,2.9238684013396224e-07
Random178
Raw:1.0104241096782867e-05,2.122547334954224e-06,1.987322000788131e-05,0.49928167041624055,6.935296550282228e-09,0.49928167041624055,2.632051939880689e-09,0.0014041591461476327,9.805874310262323e-08,2.923868401339643e-07
EFT:1.0104241096782794e-05,2.122547334954209e-06,1.987322000788117e-05,0.499281670416237,6.935296550282277e-09,0.4992816704162441,2.6320519398807075e-09,0.0014041591461476227,9.805874310262393e-08,2.9238684013396224e-07
Random179
Raw:1.0104241096782865e-05,2.122547334954194e-06,1.9873220007881028e-05,0.49928167041623345,6.935296550282327e-09,0.49928167041624766,2.6320519398807638e-09,0.0014041591461476126,9.805874310262324e-08,2.9238684013396436e-07
EFT:1.0104241096782794e-05,2.122547334954209e-06,1.987322000788117e-05,0.499281670416237,6.935296550282277e-09,0.4992816704162441,2.6320519398807075e-09,0.0014041591461476227,9.805874310262393e-08,2.9238684013396224e-07
Random180
Raw:1.0104241096782938e-05,2.122547334954209e-06,1.987322000788117e-05,0.499281670416237,6.9352965502823754e-09,0.4992816704162441,2.632051939880745e-09,0.0014041591461476227,9.805874310262532e-08,2.9238684013396637e-07
EFT:1.0104241096782794e-05,2.122547334954209e-06,1.987322000788117e-05,0.499281670416237,6.935296550282277e-09,0.4992816704162441,2.6320519398807075e-09,0.0014041591461476227,9.805874310262393e-08,2.9238684013396224e-07
Random181
Raw:1.0104241096782938e-05,2.122547334954209e-06,1.987322000788117e-05,0.499281670416237,6.9352965502823754e-09,0.4992816704162441,2.632051939880745e-09,0.0014041591461476227,9.805874310262672e-08,2.9238684013396637e-07
EFT:1.0104241096782794e-05,2.122547334954209e-06,1.987322000788117e-05,0.499281670416237,6.935296550282277e-09,0.4992816704162441,2.6320519398807075e-09,0.0014041591461476227,9.805874310262393e-08,2.9238684013396224e-07
Random182
Raw:1.0104241096782938e-05,2.122547334954239e-06,1.987322000788117e-05,0.499281670416237,6.935296550282277e-09,0.4992816704162441,2.632051939880745e-09,0.0014041591461476227,9.805874310262532e-08,2.9238684013396224e-07
EFT:1.0104241096782794e-05,2.122547334954209e-06,1.987322000788117e-05,0.499281670416237,6.935296550282277e-09,0.4992816704162441,2.6320519398807075e-09,0.0014041591461476227,9.805874310262393e-08,2.9238684013396224e-07
Random183
Raw:1.0104241096783009e-05,2.122547334954224e-06,1.987322000788131e-05,0.49928167041623345,6.935296550282327e-09,0.49928167041624766,2.6320519398807638e-09,0.0014041591461476327,9.805874310262601e-08,2.9238684013396436e-07
EFT:1.0104241096782794e-05,2.122547334954209e-06,1.987322000788117e-05,0.499281670416237,6.935296550282277e-09,0.4992816704162441,2.6320519398807075e-09,0.0014041591461476227,9.805874310262393e-08,2.9238684013396224e-07
Random184
Raw:1.0104241096782794e-05,2.122547334954209e-06,1.987322000788117e-05,0.499281670416237,6.935296550282277e-09,0.4992816704162441,2.6320519398807075e-09,0.0014041591461476227,9.805874310262393e-08,2.9238684013396224e-07
EFT:1.0104241096782794e-05,2.122547334954209e-06,1.987322000788117e-05,0.499281670416237,6.935296550282277e-09,0.4992816704162441,2.6320519398807075e-09,0.0014041591461476227,9.805874310262393e-08,2.9238684013396224e-07
Random185
Raw:1.0104241096782938e-05,2.122547334954209e-06,1.9873220007880885e-05,0.499281670416237,6.9352965502823754e-09,0.4992816704162441,2.63205193988082e-09,0.0014041591461476026,9.805874310262532e-08,2.9238684013396637e-07
EFT:1.0104241096782794e-05,2.122547334954209e-06,1.987322000788117e-05,0.499281670416237,6.935296550282277e-09,0.4992816704162441,2.6320519398807075e-09,0.0014041591461476227,9.805874310262393e-08,2.9238684013396224e-07
Random186
Raw:1.0104241096782938e-05,2.122547334954239e-06,1.987322000788145e-05,0.499281670416237,6.935296550282277e-09,0.4992816704162441,2.632051939880745e-09,0.0014041591461476427,9.805874310262532e-08,2.9238684013396224e-07
EFT:1.0104241096782794e-05,2.122547334954209e-06,1.987322000788117e-05,0.499281670416237,6.935296550282277e-09,0.4992816704162441,2.6320519398807075e-09,0.0014041591461476227,9.805874310262393e-08,2.9238684013396224e-07
Random187
Raw:1.0104241096783082e-05,2.122547334954239e-06,1.987322000788145e-05,0.499281670416237,6.935296550282475e-09,0.4992816704162441,2.6320519398807824e-09,0.0014041591461476427,9.80587431026281e-08,2.9238684013397055e-07
EFT:1.0104241096782794e-05,2.122547334954209e-06,1.987322000788117e-05,0.499281670416237,6.935296550282277e-09,0.4992816704162441,2.6320519398807075e-09,0.0014041591461476227,9.805874310262393e-08,2.9238684013396224e-07
Random188
Raw:1.0104241096782867e-05,2.122547334954224e-06,1.987322000788131e-05,0.49928167041624055,6.935296550282326e-09,0.49928167041624055,2.6320519398807265e-09,0.0014041591461476327,9.805874310262462e-08,2.923868401339643e-07
EFT:1.0104241096782794e-05,2.122547334954209e-06,1.987322000788117e-05,0.499281670416237,6.935296550282277e-09,0.4992816704162441,2.6320519398807075e-09,0.0014041591461476227,9.805874310262393e-08,2.9238684013396224e-07
Random189
Raw:1.0104241096782794e-05,2.122547334954209e-06,1.987322000788117e-05,0.499281670416237,6.935296550282277e-09,0.4992816704162441,2.632051939880745e-09,0.0014041591461476227,9.805874310262254e-08,2.9238684013396224e-07
EFT:1.0104241096782794e-05,2.122547334954209e-06,1.987322000788117e-05,0.499281670416237,6.935296550282277e-09,0.4992816704162441,2.6320519398807075e-09,0.0014041591461476227,9.805874310262393e-08,2.9238684013396224e-07
Random190
Raw:1.0104241096782723e-05,2.122547334954194e-06,1.9873220007881028e-05,0.49928167041624055,6.935296550282228e-09,0.49928167041624055,2.632051939880689e-09,0.0014041591461476128,9.805874310262184e-08,2.923868401339602e-07
EFT:1.0104241096782794e-05,2.122547334954209e-06,1.987322000788117e-05,0.499281670416237,6.935296550282277e-09,0.4992816704162441,2.6320519398807075e-09,0.0014041591461476227,9.805874310262393e-08,2.9238684013396224e-07
Random191
Raw:1.0104241096782867e-05,2.122547334954224e-06,1.987322000788131e-05,0.49928167041624055,6.935296550282326e-09,0.49928167041624055,2.6320519398807638e-09,0.0014041591461476327,9.805874310262462e-08,2.923868401339643e-07
EFT:1.0104241096782794e-05,2.122547334954209e-06,1.987322000788117e-05,0.499281670416237,6.935296550282277e-09,0.4992816704162441,2.6320519398807075e-09,0.0014041591461476227,9.805874310262393e-08,2.9238684013396224e-07
Random192
Raw:1.0104241096782938e-05,2.122547334954209e-06,1.987322000788117e-05,0.499281670416237,6.9352965502823754e-09,0.4992816704162441,2.632051939880745e-09,0.0014041591461476227,9.805874310262532e-08,2.9238684013396637e-07
EFT:1.0104241096782794e-05,2.122547334954209e-06,1.987322000788117e-05,0.499281670416237,6.935296550282277e-09,0.4992816704162441,2.6320519398807075e-09,0.0014041591461476227,9.805874310262393e-08,2.9238684013396224e-07
Random193
Raw:1.0104241096783009e-05,2.122547334954194e-06,1.9873220007881028e-05,0.49928167041623345,6.935296550282327e-09,0.49928167041624766,2.6320519398807638e-09,0.0014041591461476327,9.805874310262462e-08,2.9238684013396436e-07
EFT:1.0104241096782794e-05,2.122547334954209e-06,1.987322000788117e-05,0.499281670416237,6.935296550282277e-09,0.4992816704162441,2.6320519398807075e-09,0.0014041591461476227,9.805874310262393e-08,2.9238684013396224e-07
Random194
Raw:1.0104241096782938e-05,2.122547334954209e-06,1.987322000788117e-05,0.499281670416237,6.9352965502823754e-09,0.4992816704162441,2.632051939880745e-09,0.0014041591461476227,9.805874310262393e-08,2.9238684013396637e-07
EFT:1.0104241096782794e-05,2.122547334954209e-06,1.987322000788117e-05,0.499281670416237,6.935296550282277e-09,0.4992816704162441,2.6320519398807075e-09,0.0014041591461476227,9.805874310262393e-08,2.9238684013396224e-07
Random195
Raw:1.0104241096782938e-05,2.122547334954209e-06,1.987322000788117e-05,0.499281670416237,6.935296550282277e-09,0.4992816704162441,2.632051939880745e-09,0.0014041591461476227,9.805874310262393e-08,2.9238684013396637e-07
EFT:1.0104241096782794e-05,2.122547334954209e-06,1.987322000788117e-05,0.499281670416237,6.935296550282277e-09,0.4992816704162441,2.6320519398807075e-09,0.0014041591461476227,9.805874310262393e-08,2.9238684013396224e-07
Random196
Raw:1.0104241096782867e-05,2.122547334954224e-06,1.987322000788131e-05,0.49928167041624055,6.935296550282326e-09,0.49928167041624055,2.6320519398807265e-09,0.0014041591461476327,9.805874310262462e-08,2.923868401339643e-07
EFT:1.0104241096782794e-05,2.122547334954209e-06,1.987322000788117e-05,0.499281670416237,6.935296550282277e-09,0.4992816704162441,2.6320519398807075e-09,0.0014041591461476227,9.805874310262393e-08,2.9238684013396224e-07
Random197
Raw:1.0104241096782867e-05,2.122547334954224e-06,1.987322000788131e-05,0.49928167041624055,6.935296550282326e-09,0.49928167041624055,2.6320519398807265e-09,0.0014041591461476327,9.805874310262462e-08,2.923868401339643e-07
EFT:1.0104241096782794e-05,2.122547334954209e-06,1.987322000788117e-05,0.499281670416237,6.935296550282277e-09,0.4992816704162441,2.6320519398807075e-09,0.0014041591461476227,9.805874310262393e-08,2.9238684013396224e-07
Random198
Raw:1.0104241096782938e-05,2.122547334954239e-06,1.9873220007880885e-05,0.499281670416237,6.935296550282277e-09,0.4992816704162441,2.632051939880745e-09,0.0014041591461476227,9.805874310262532e-08,2.9238684013396224e-07
EFT:1.0104241096782794e-05,2.122547334954209e-06,1.987322000788117e-05,0.499281670416237,6.935296550282277e-09,0.4992816704162441,2.6320519398807075e-09,0.0014041591461476227,9.805874310262393e-08,2.9238684013396224e-07
Random199
Raw:1.0104241096782938e-05,2.122547334954239e-06,1.987322000788145e-05,0.499281670416237,6.935296550282277e-09,0.4992816704162441,2.632051939880745e-09,0.0014041591461476427,9.805874310262393e-08,2.9238684013396637e-07
EFT:1.0104241096782794e-05,2.122547334954209e-06,1.987322000788117e-05,0.499281670416237,6.935296550282277e-09,0.4992816704162441,2.6320519398807075e-09,0.0014041591461476227,9.805874310262393e-08,2.9238684013396224e-07
Random200
Raw:1.0104241096783009e-05,2.122547334954194e-06,1.9873220007881028e-05,0.49928167041623345,6.935296550282327e-09,0.49928167041624766,2.6320519398807638e-09,0.0014041591461476327,9.805874310262462e-08,2.9238684013396436e-07
EFT:1.0104241096782794e-05,2.122547334954209e-06,1.987322000788117e-05,0.499281670416237,6.935296550282277e-09,0.4992816704162441,2.6320519398807075e-09,0.0014041591461476227,9.805874310262393e-08,2.9238684013396224e-07
Random201
Raw:1.0104241096782938e-05,2.122547334954209e-06,1.987322000788117e-05,0.499281670416237,6.9352965502823754e-09,0.4992816704162441,2.6320519398807824e-09,0.0014041591461476227,9.805874310262532e-08,2.9238684013396637e-07
EFT:1.0104241096782794e-05,2.122547334954209e-06,1.987322000788117e-05,0.499281670416237,6.935296550282277e-09,0.4992816704162441,2.6320519398807075e-09,0.0014041591461476227,9.805874310262393e-08,2.9238684013396224e-07
Random202
Raw:1.0104241096782867e-05,2.122547334954224e-06,1.987322000788131e-05,0.49928167041624055,6.935296550282326e-09,0.49928167041624055,2.6320519398807265e-09,0.0014041591461476327,9.805874310262323e-08,2.923868401339643e-07
EFT:1.0104241096782794e-05,2.122547334954209e-06,1.987322000788117e-05,0.499281670416237,6.935296550282277e-09,0.4992816704162441,2.6320519398807075e-09,0.0014041591461476227,9.805874310262393e-08,2.9238684013396224e-07
Random203
Raw:1.0104241096782867e-05,2.122547334954224e-06,1.987322000788131e-05,0.49928167041624055,6.935296550282326e-09,0.49928167041624055,2.6320519398807638e-09,0.0014041591461476327,9.805874310262462e-08,2.923868401339643e-07
EFT:1.0104241096782794e-05,2.122547334954209e-06,1.987322000788117e-05,0.499281670416237,6.935296550282277e-09,0.4992816704162441,2.6320519398807075e-09,0.0014041591461476227,9.805874310262393e-08,2.9238684013396224e-07
Random204
Raw:1.0104241096782938e-05,2.122547334954209e-06,1.9873220007880885e-05,0.499281670416237,6.935296550282277e-09,0.4992816704162441,2.632051939880745e-09,0.0014041591461476227,9.805874310262532e-08,2.9238684013396224e-07
EFT:1.0104241096782794e-05,2.122547334954209e-06,1.987322000788117e-05,0.499281670416237,6.935296550282277e-09,0.4992816704162441,2.6320519398807075e-09,0.0014041591461476227,9.805874310262393e-08,2.9238684013396224e-07
Random205
Raw:1.0104241096782938e-05,2.122547334954209e-06,1.987322000788117e-05,0.499281670416237,6.9352965502823754e-09,0.4992816704162441,2.6320519398807824e-09,0.0014041591461476227,9.805874310262532e-08,2.9238684013396637e-07
EFT:1.0104241096782794e-05,2.122547334954209e-06,1.987322000788117e-05,0.499281670416237,6.935296550282277e-09,0.4992816704162441,2.6320519398807075e-09,0.0014041591461476227,9.805874310262393e-08,2.9238684013396224e-07
Random206
Raw:1.0104241096782938e-05,2.122547334954209e-06,1.987322000788117e-05,0.499281670416237,6.9352965502823754e-09,0.4992816704162441,2.632051939880745e-09,0.0014041591461476227,9.805874310262393e-08,2.9238684013396637e-07
EFT:1.0104241096782794e-05,2.122547334954209e-06,1.987322000788117e-05,0.499281670416237,6.935296550282277e-09,0.4992816704162441,2.6320519398807075e-09,0.0014041591461476227,9.805874310262393e-08,2.9238684013396224e-07
Random207
Raw:1.0104241096782938e-05,2.122547334954209e-06,1.987322000788117e-05,0.499281670416237,6.935296550282277e-09,0.4992816704162441,2.632051939880745e-09,0.0014041591461476427,9.805874310262393e-08,2.9238684013396224e-07
EFT:1.0104241096782794e-05,2.122547334954209e-06,1.987322000788117e-05,0.499281670416237,6.935296550282277e-09,0.4992816704162441,2.6320519398807075e-09,0.0014041591461476227,9.805874310262393e-08,2.9238684013396224e-07
Random208
Raw:1.0104241096783009e-05,2.122547334954224e-06,1.987322000788131e-05,0.49928167041623345,6.935296550282327e-09,0.49928167041624766,2.6320519398807638e-09,0.0014041591461476327,9.805874310262601e-08,2.9238684013396436e-07
EFT:1.0104241096782794e-05,2.122547334954209e-06,1.987322000788117e-05,0.499281670416237,6.935296550282277e-09,0.4992816704162441,2.6320519398807075e-09,0.0014041591461476227,9.805874310262393e-08,2.9238684013396224e-07
Random209
Raw:1.0104241096782867e-05,2.122547334954194e-06,1.9873220007881028e-05,0.49928167041624055,6.935296550282326e-09,0.49928167041624055,2.6320519398807265e-09,0.0014041591461476128,9.805874310262602e-08,2.923868401339643e-07
EFT:1.0104241096782794e-05,2.122547334954209e-06,1.987322000788117e-05,0.499281670416237,6.935296550282277e-09,0.4992816704162441,2.6320519398807075e-09,0.0014041591461476227,9.805874310262393e-08,2.9238684013396224e-07
Random210
Raw:1.0104241096782867e-05,2.122547334954224e-06,1.987322000788131e-05,0.49928167041624055,6.935296550282326e-09,0.49928167041624055,2.6320519398807638e-09,0.0014041591461476327,9.805874310262462e-08,2.923868401339643e-07
EFT:1.0104241096782794e-05,2.122547334954209e-06,1.987322000788117e-05,0.499281670416237,6.935296550282277e-09,0.4992816704162441,2.6320519398807075e-09,0.0014041591461476227,9.805874310262393e-08,2.9238684013396224e-07
Random211
Raw:1.0104241096783009e-05,2.122547334954224e-06,1.987322000788131e-05,0.49928167041623345,6.935296550282327e-09,0.49928167041624766,2.6320519398807638e-09,0.0014041591461476327,9.805874310262462e-08,2.923868401339685e-07
EFT:1.0104241096782794e-05,2.122547334954209e-06,1.987322000788117e-05,0.499281670416237,6.935296550282277e-09,0.4992816704162441,2.6320519398807075e-09,0.0014041591461476227,9.805874310262393e-08,2.9238684013396224e-07
Random212
Raw:1.0104241096782938e-05,2.122547334954239e-06,1.987322000788145e-05,0.499281670416237,6.935296550282277e-09,0.4992816704162441,2.632051939880745e-09,0.0014041591461476427,9.805874310262532e-08,2.9238684013396224e-07
EFT:1.0104241096782794e-05,2.122547334954209e-06,1.987322000788117e-05,0.499281670416237,6.935296550282277e-09,0.4992816704162441,2.6320519398807075e-09,0.0014041591461476227,9.805874310262393e-08,2.9238684013396224e-07
Random213
Raw:1.0104241096782794e-05,2.122547334954209e-06,1.987322000788117e-05,0.499281670416237,6.935296550282277e-09,0.4992816704162441,2.6320519398807075e-09,0.0014041591461476026,9.805874310262393e-08,2.9238684013396224e-07
EFT:1.0104241096782794e-05,2.122547334954209e-06,1.987322000788117e-05,0.499281670416237,6.935296550282277e-09,0.4992816704162441,2.6320519398807075e-09,0.0014041591461476227,9.805874310262393e-08,2.9238684013396224e-07
Random214
Raw:1.0104241096782938e-05,2.122547334954209e-06,1.987322000788117e-05,0.499281670416237,6.935296550282277e-09,0.4992816704162441,2.632051939880745e-09,0.0014041591461476227,9.805874310262532e-08,2.9238684013396224e-07
EFT:1.0104241096782794e-05,2.122547334954209e-06,1.987322000788117e-05,0.499281670416237,6.935296550282277e-09,0.4992816704162441,2.6320519398807075e-09,0.0014041591461476227,9.805874310262393e-08,2.9238684013396224e-07
Random215
Raw:1.0104241096783009e-05,2.122547334954224e-06,1.987322000788131e-05,0.49928167041623345,6.935296550282327e-09,0.49928167041624766,2.6320519398807638e-09,0.0014041591461476327,9.805874310262462e-08,2.923868401339685e-07
EFT:1.0104241096782794e-05,2.122547334954209e-06,1.987322000788117e-05,0.499281670416237,6.935296550282277e-09,0.4992816704162441,2.6320519398807075e-09,0.0014041591461476227,9.805874310262393e-08,2.9238684013396224e-07
Random216
Raw:1.0104241096782938e-05,2.122547334954239e-06,1.987322000788145e-05,0.499281670416237,6.935296550282277e-09,0.4992816704162441,2.632051939880745e-09,0.0014041591461476427,9.805874310262532e-08,2.9238684013396224e-07
EFT:1.0104241096782794e-05,2.122547334954209e-06,1.987322000788117e-05,0.499281670416237,6.935296550282277e-09,0.4992816704162441,2.6320519398807075e-09,0.0014041591461476227,9.805874310262393e-08,2.9238684013396224e-07
Random217
Raw:1.0104241096782794e-05,2.122547334954209e-06,1.9873220007880885e-05,0.499281670416237,6.9352965502821786e-09,0.4992816704162441,2.632051939880745e-09,0.0014041591461476227,9.805874310262254e-08,2.9238684013396224e-07
EFT:1.0104241096782794e-05,2.122547334954209e-06,1.987322000788117e-05,0.499281670416237,6.935296550282277e-09,0.4992816704162441,2.6320519398807075e-09,0.0014041591461476227,9.805874310262393e-08,2.9238684013396224e-07
Random218
Raw:1.0104241096782867e-05,2.122547334954224e-06,1.987322000788131e-05,0.49928167041624055,6.935296550282326e-09,0.49928167041624055,2.6320519398807265e-09,0.0014041591461476327,9.805874310262323e-08,2.923868401339643e-07
EFT:1.0104241096782794e-05,2.122547334954209e-06,1.987322000788117e-05,0.499281670416237,6.935296550282277e-09,0.4992816704162441,2.6320519398807075e-09,0.0014041591461476227,9.805874310262393e-08,2.9238684013396224e-07
Random219
Raw:1.0104241096782867e-05,2.122547334954224e-06,1.987322000788131e-05,0.49928167041624055,6.935296550282326e-09,0.49928167041624055,2.6320519398807265e-09,0.0014041591461476327,9.805874310262323e-08,2.923868401339643e-07
EFT:1.0104241096782794e-05,2.122547334954209e-06,1.987322000788117e-05,0.499281670416237,6.935296550282277e-09,0.4992816704162441,2.6320519398807075e-09,0.0014041591461476227,9.805874310262393e-08,2.9238684013396224e-07
Random220
Raw:1.0104241096782938e-05,2.122547334954239e-06,1.9873220007880885e-05,0.499281670416237,6.935296550282277e-09,0.4992816704162441,2.632051939880745e-09,0.0014041591461476227,9.805874310262532e-08,2.9238684013396224e-07
EFT:1.0104241096782794e-05,2.122547334954209e-06,1.987322000788117e-05,0.499281670416237,6.935296550282277e-09,0.4992816704162441,2.6320519398807075e-09,0.0014041591461476227,9.805874310262393e-08,2.9238684013396224e-07
Random221
Raw:1.0104241096782867e-05,2.122547334954224e-06,1.987322000788131e-05,0.49928167041624055,6.935296550282326e-09,0.49928167041624055,2.6320519398807265e-09,0.0014041591461476327,9.805874310262462e-08,2.923868401339643e-07
EFT:1.0104241096782794e-05,2.122547334954209e-06,1.987322000788117e-05,0.499281670416237,6.935296550282277e-09,0.4992816704162441,2.6320519398807075e-09,0.0014041591461476227,9.805874310262393e-08,2.9238684013396224e-07
Random222
Raw:1.0104241096782938e-05,2.122547334954209e-06,1.987322000788117e-05,0.499281670416237,6.9352965502823754e-09,0.4992816704162441,2.632051939880745e-09,0.0014041591461476227,9.805874310262532e-08,2.9238684013396637e-07
EFT:1.0104241096782794e-05,2.122547334954209e-06,1.987322000788117e-05,0.499281670416237,6.935296550282277e-09,0.4992816704162441,2.6320519398807075e-09,0.0014041591461476227,9.805874310262393e-08,2.9238684013396224e-07
Random223
Raw:1.0104241096782938e-05,2.122547334954239e-06,1.987322000788145e-05,0.499281670416237,6.935296550282277e-09,0.4992816704162441,2.632051939880745e-09,0.0014041591461476427,9.805874310262393e-08,2.9238684013396637e-07
EFT:1.0104241096782794e-05,2.122547334954209e-06,1.987322000788117e-05,0.499281670416237,6.935296550282277e-09,0.4992816704162441,2.6320519398807075e-09,0.0014041591461476227,9.805874310262393e-08,2.9238684013396224e-07
Random224
Raw:1.0104241096782794e-05,2.122547334954239e-06,1.987322000788145e-05,0.4992816704162441,6.935296550282277e-09,0.499281670416237,2.63205193988067e-09,0.0014041591461476427,9.805874310262393e-08,2.9238684013396224e-07
EFT:1.0104241096782794e-05,2.122547334954209e-06,1.987322000788117e-05,0.499281670416237,6.935296550282277e-09,0.4992816704162441,2.6320519398807075e-09,0.0014041591461476227,9.805874310262393e-08,2.9238684013396224e-07
Random225
Raw:1.0104241096782794e-05,2.122547334954209e-06,1.987322000788117e-05,0.4992816704162441,6.935296550282277e-09,0.499281670416237,2.6320519398807075e-09,0.0014041591461476227,9.805874310262393e-08,2.9238684013396224e-07
EFT:1.0104241096782794e-05,2.122547334954209e-06,1.987322000788117e-05,0.499281670416237,6.935296550282277e-09,0.4992816704162441,2.6320519398807075e-09,0.0014041591461476227,9.805874310262393e-08,2.9238684013396224e-07
Random226
Raw:1.0104241096782938e-05,2.122547334954209e-06,1.987322000788117e-05,0.499281670416237,6.9352965502823754e-09,0.4992816704162441,2.632051939880745e-09,0.0014041591461476227,9.805874310262672e-08,2.9238684013396637e-07
EFT:1.0104241096782794e-05,2.122547334954209e-06,1.987322000788117e-05,0.499281670416237,6.935296550282277e-09,0.4992816704162441,2.6320519398807075e-09,0.0014041591461476227,9.805874310262393e-08,2.9238684013396224e-07
Random227
Raw:1.0104241096782938e-05,2.122547334954239e-06,1.987322000788145e-05,0.499281670416237,6.935296550282277e-09,0.4992816704162441,2.632051939880745e-09,0.0014041591461476427,9.805874310262532e-08,2.9238684013396224e-07
EFT:1.0104241096782794e-05,2.122547334954209e-06,1.987322000788117e-05,0.499281670416237,6.935296550282277e-09,0.4992816704162441,2.6320519398807075e-09,0.0014041591461476227,9.805874310262393e-08,2.9238684013396224e-07
Random228
Raw:1.0104241096782867e-05,2.122547334954224e-06,1.9873220007881028e-05,0.49928167041624055,6.935296550282326e-09,0.49928167041624055,2.6320519398807265e-09,0.0014041591461476128,9.805874310262462e-08,2.923868401339643e-07
EFT:1.0104241096782794e-05,2.122547334954209e-06,1.987322000788117e-05,0.499281670416237,6.935296550282277e-09,0.4992816704162441,2.6320519398807075e-09,0.0014041591461476227,9.805874310262393e-08,2.9238684013396224e-07
Random229
Raw:1.0104241096782938e-05,2.122547334954209e-06,1.987322000788117e-05,0.499281670416237,6.935296550282277e-09,0.4992816704162441,2.632051939880745e-09,0.0014041591461476427,9.805874310262393e-08,2.9238684013396224e-07
EFT:1.0104241096782794e-05,2.122547334954209e-06,1.987322000788117e-05,0.499281670416237,6.935296550282277e-09,0.4992816704162441,2.6320519398807075e-09,0.0014041591461476227,9.805874310262393e-08,2.9238684013396224e-07
Random230
Raw:1.0104241096782938e-05,2.122547334954209e-06,1.987322000788117e-05,0.499281670416237,6.9352965502823754e-09,0.4992816704162441,2.632051939880745e-09,0.0014041591461476227,9.805874310262393e-08,2.9238684013396637e-07
EFT:1.0104241096782794e-05,2.122547334954209e-06,1.987322000788117e-05,0.499281670416237,6.935296550282277e-09,0.4992816704162441,2.6320519398807075e-09,0.0014041591461476227,9.805874310262393e-08,2.9238684013396224e-07
Random231
Raw:1.0104241096782867e-05,2.122547334954224e-06,1.987322000788131e-05,0.49928167041624055,6.935296550282326e-09,0.49928167041624055,2.6320519398807265e-09,0.0014041591461476327,9.805874310262323e-08,2.923868401339643e-07
EFT:1.0104241096782794e-05,2.122547334954209e-06,1.987322000788117e-05,0.499281670416237,6.935296550282277e-09,0.4992816704162441,2.6320519398807075e-09,0.0014041591461476227,9.805874310262393e-08,2.9238684013396224e-07
Random232
Raw:1.0104241096782938e-05,2.122547334954209e-06,1.987322000788117e-05,0.499281670416237,6.935296550282277e-09,0.4992816704162441,2.632051939880745e-09,0.0014041591461476427,9.805874310262393e-08,2.9238684013396224e-07
EFT:1.0104241096782794e-05,2.122547334954209e-06,1.987322000788117e-05,0.499281670416237,6.935296550282277e-09,0.4992816704162441,2.6320519398807075e-09,0.0014041591461476227,9.805874310262393e-08,2.9238684013396224e-07
Random233
Raw:1.0104241096782938e-05,2.122547334954239e-06,1.987322000788145e-05,0.499281670416237,6.935296550282277e-09,0.4992816704162441,2.632051939880745e-09,0.0014041591461476427,9.805874310262532e-08,2.9238684013396224e-07
EFT:1.0104241096782794e-05,2.122547334954209e-06,1.987322000788117e-05,0.499281670416237,6.935296550282277e-09,0.4992816704162441,2.6320519398807075e-09,0.0014041591461476227,9.805874310262393e-08,2.9238684013396224e-07
Random234
Raw:1.0104241096782938e-05,2.122547334954239e-06,1.987322000788145e-05,0.499281670416237,6.935296550282277e-09,0.4992816704162441,2.632051939880745e-09,0.0014041591461476427,9.805874310262532e-08,2.9238684013396224e-07
EFT:1.0104241096782794e-05,2.122547334954209e-06,1.987322000788117e-05,0.499281670416237,6.935296550282277e-09,0.4992816704162441,2.6320519398807075e-09,0.0014041591461476227,9.805874310262393e-08,2.9238684013396224e-07
Random235
Raw:1.0104241096782938e-05,2.122547334954239e-06,1.987322000788117e-05,0.499281670416237,6.935296550282277e-09,0.4992816704162441,2.632051939880745e-09,0.0014041591461476427,9.805874310262532e-08,2.9238684013396224e-07
EFT:1.0104241096782794e-05,2.122547334954209e-06,1.987322000788117e-05,0.499281670416237,6.935296550282277e-09,0.4992816704162441,2.6320519398807075e-09,0.0014041591461476227,9.805874310262393e-08,2.9238684013396224e-07
Random236
Raw:1.0104241096782938e-05,2.122547334954209e-06,1.9873220007880885e-05,0.499281670416237,6.935296550282277e-09,0.4992816704162441,2.632051939880745e-09,0.0014041591461476227,9.805874310262532e-08,2.9238684013396224e-07
EFT:1.0104241096782794e-05,2.122547334954209e-06,1.987322000788117e-05,0.499281670416237,6.935296550282277e-09,0.4992816704162441,2.6320519398807075e-09,0.0014041591461476227,9.805874310262393e-08,2.9238684013396224e-07
Random237
Raw:1.0104241096782938e-05,2.122547334954209e-06,1.9873220007880885e-05,0.499281670416237,6.935296550282277e-09,0.4992816704162441,2.632051939880745e-09,0.0014041591461476227,9.805874310262532e-08,2.9238684013396224e-07
EFT:1.0104241096782794e-05,2.122547334954209e-06,1.987322000788117e-05,0.499281670416237,6.935296550282277e-09,0.4992816704162441,2.6320519398807075e-09,0.0014041591461476227,9.805874310262393e-08,2.9238684013396224e-07
Random238
Raw:1.0104241096782867e-05,2.122547334954224e-06,1.987322000788131e-05,0.49928167041624055,6.935296550282326e-09,0.49928167041624055,2.6320519398807265e-09,0.0014041591461476327,9.805874310262462e-08,2.923868401339643e-07
EFT:1.0104241096782794e-05,2.122547334954209e-06,1.987322000788117e-05,0.499281670416237,6.935296550282277e-09,0.4992816704162441,2.6320519398807075e-09,0.0014041591461476227,9.805874310262393e-08,2.9238684013396224e-07
Random239
Raw:1.0104241096783009e-05,2.122547334954194e-06,1.9873220007881028e-05,0.49928167041623345,6.935296550282327e-09,0.49928167041624766,2.6320519398807638e-09,0.0014041591461476126,9.805874310262601e-08,2.9238684013396436e-07
EFT:1.0104241096782794e-05,2.122547334954209e-06,1.987322000788117e-05,0.499281670416237,6.935296550282277e-09,0.4992816704162441,2.6320519398807075e-09,0.0014041591461476227,9.805874310262393e-08,2.9238684013396224e-07
Random240
Raw:1.0104241096782938e-05,2.122547334954209e-06,1.987322000788117e-05,0.499281670416237,6.9352965502823754e-09,0.4992816704162441,2.632051939880745e-09,0.0014041591461476227,9.805874310262532e-08,2.9238684013396637e-07
EFT:1.0104241096782794e-05,2.122547334954209e-06,1.987322000788117e-05,0.499281670416237,6.935296550282277e-09,0.4992816704162441,2.6320519398807075e-09,0.0014041591461476227,9.805874310262393e-08,2.9238684013396224e-07
Random241
Raw:1.0104241096783009e-05,2.122547334954224e-06,1.987322000788131e-05,0.49928167041623345,6.935296550282424e-09,0.49928167041624766,2.6320519398807638e-09,0.0014041591461476327,9.805874310262601e-08,2.923868401339685e-07
EFT:1.0104241096782794e-05,2.122547334954209e-06,1.987322000788117e-05,0.499281670416237,6.935296550282277e-09,0.4992816704162441,2.6320519398807075e-09,0.0014041591461476227,9.805874310262393e-08,2.9238684013396224e-07
Random242
Raw:1.0104241096782794e-05,2.122547334954209e-06,1.987322000788117e-05,0.4992816704162441,6.935296550282277e-09,0.499281670416237,2.63205193988067e-09,0.0014041591461476227,9.805874310262393e-08,2.9238684013396224e-07
EFT:1.0104241096782794e-05,2.122547334954209e-06,1.987322000788117e-05,0.499281670416237,6.935296550282277e-09,0.4992816704162441,2.6320519398807075e-09,0.0014041591461476227,9.805874310262393e-08,2.9238684013396224e-07
Random243
Raw:1.0104241096782794e-05,2.122547334954209e-06,1.987322000788117e-05,0.499281670416237,6.935296550282277e-09,0.4992816704162441,2.632051939880745e-09,0.0014041591461476227,9.805874310262254e-08,2.9238684013396224e-07
EFT:1.0104241096782794e-05,2.122547334954209e-06,1.987322000788117e-05,0.499281670416237,6.935296550282277e-09,0.4992816704162441,2.6320519398807075e-09,0.0014041591461476227,9.805874310262393e-08,2.9238684013396224e-07
Random244
Raw:1.0104241096782867e-05,2.122547334954194e-06,1.9873220007881028e-05,0.49928167041624055,6.935296550282228e-09,0.49928167041624055,2.632051939880689e-09,0.0014041591461476128,9.805874310262462e-08,2.923868401339602e-07
EFT:1.0104241096782794e-05,2.122547334954209e-06,1.987322000788117e-05,0.499281670416237,6.935296550282277e-09,0.4992816704162441,2.6320519398807075e-09,0.0014041591461476227,9.805874310262393e-08,2.9238684013396224e-07
Random245
Raw:1.0104241096782867e-05,2.122547334954224e-06,1.987322000788131e-05,0.49928167041624055,6.935296550282326e-09,0.49928167041624055,2.6320519398807265e-09,0.0014041591461476327,9.805874310262462e-08,2.923868401339643e-07
EFT:1.0104241096782794e-05,2.122547334954209e-06,1.987322000788117e-05,0.499281670416237,6.935296550282277e-09,0.4992816704162441,2.6320519398807075e-09,0.0014041591461476227,9.805874310262393e-08,2.9238684013396224e-07
Random246
Raw:1.0104241096782867e-05,2.122547334954224e-06,1.9873220007881028e-05,0.49928167041624055,6.935296550282326e-09,0.49928167041624055,2.6320519398807265e-09,0.0014041591461476128,9.805874310262462e-08,2.923868401339643e-07
EFT:1.0104241096782794e-05,2.122547334954209e-06,1.987322000788117e-05,0.499281670416237,6.935296550282277e-09,0.4992816704162441,2.6320519398807075e-09,0.0014041591461476227,9.805874310262393e-08,2.9238684013396224e-07
Random247
Raw:1.0104241096782938e-05,2.122547334954209e-06,1.9873220007880885e-05,0.499281670416237,6.9352965502823754e-09,0.4992816704162441,2.6320519398807824e-09,0.0014041591461476227,9.805874310262532e-08,2.9238684013396637e-07
EFT:1.0104241096782794e-05,2.122547334954209e-06,1.987322000788117e-05,0.499281670416237,6.935296550282277e-09,0.4992816704162441,2.6320519398807075e-09,0.0014041591461476227,9.805874310262393e-08,2.9238684013396224e-07
Random248
Raw:1.0104241096782938e-05,2.122547334954239e-06,1.987322000788117e-05,0.499281670416237,6.9352965502823754e-09,0.4992816704162441,2.6320519398807824e-09,0.0014041591461476227,9.805874310262532e-08,2.9238684013396637e-07
EFT:1.0104241096782794e-05,2.122547334954209e-06,1.987322000788117e-05,0.499281670416237,6.935296550282277e-09,0.4992816704162441,2.6320519398807075e-09,0.0014041591461476227,9.805874310262393e-08,2.9238684013396224e-07
Random249
Raw:1.0104241096782938e-05,2.122547334954209e-06,1.9873220007880885e-05,0.499281670416237,6.935296550282277e-09,0.4992816704162441,2.632051939880745e-09,0.0014041591461476227,9.805874310262532e-08,2.9238684013396224e-07
EFT:1.0104241096782794e-05,2.122547334954209e-06,1.987322000788117e-05,0.499281670416237,6.935296550282277e-09,0.4992816704162441,2.6320519398807075e-09,0.0014041591461476227,9.805874310262393e-08,2.9238684013396224e-07
Random250
Raw:1.0104241096783009e-05,2.122547334954224e-06,1.987322000788131e-05,0.49928167041623345,6.935296550282327e-09,0.49928167041624766,2.6320519398807638e-09,0.0014041591461476327,9.805874310262462e-08,2.923868401339685e-07
EFT:1.0104241096782794e-05,2.122547334954209e-06,1.987322000788117e-05,0.499281670416237,6.935296550282277e-09,0.4992816704162441,2.6320519398807075e-09,0.0014041591461476227,9.805874310262393e-08,2.9238684013396224e-07
Random251
Raw:1.0104241096782938e-05,2.122547334954209e-06,1.9873220007880885e-05,0.499281670416237,6.9352965502823754e-09,0.4992816704162441,2.6320519398807824e-09,0.0014041591461476227,9.805874310262532e-08,2.9238684013396637e-07
EFT:1.0104241096782794e-05,2.122547334954209e-06,1.987322000788117e-05,0.499281670416237,6.935296550282277e-09,0.4992816704162441,2.6320519398807075e-09,0.0014041591461476227,9.805874310262393e-08,2.9238684013396224e-07
Random252
Raw:1.0104241096783009e-05,2.122547334954194e-06,1.9873220007881028e-05,0.49928167041623345,6.935296550282327e-09,0.49928167041624766,2.6320519398807638e-09,0.0014041591461476327,9.805874310262462e-08,2.9238684013396436e-07
EFT:1.0104241096782794e-05,2.122547334954209e-06,1.987322000788117e-05,0.499281670416237,6.935296550282277e-09,0.4992816704162441,2.6320519398807075e-09,0.0014041591461476227,9.805874310262393e-08,2.9238684013396224e-07
Random253
Raw:1.0104241096782938e-05,2.122547334954209e-06,1.987322000788117e-05,0.499281670416237,6.935296550282277e-09,0.4992816704162441,2.632051939880745e-09,0.0014041591461476427,9.805874310262393e-08,2.9238684013396224e-07
EFT:1.0104241096782794e-05,2.122547334954209e-06,1.987322000788117e-05,0.499281670416237,6.935296550282277e-09,0.4992816704162441,2.6320519398807075e-09,0.0014041591461476227,9.805874310262393e-08,2.9238684013396224e-07
Random254
Raw:1.0104241096782794e-05,2.122547334954209e-06,1.987322000788117e-05,0.499281670416237,6.9352965502821786e-09,0.4992816704162441,2.6320519398807075e-09,0.0014041591461476227,9.805874310262393e-08,2.9238684013396224e-07
EFT:1.0104241096782794e-05,2.122547334954209e-06,1.987322000788117e-05,0.499281670416237,6.935296550282277e-09,0.4992816704162441,2.6320519398807075e-09,0.0014041591461476227,9.805874310262393e-08,2.9238684013396224e-07
Random255
Raw:1.0104241096782865e-05,2.1225473349541635e-06,1.9873220007880747e-05,0.49928167041623345,6.935296550282228e-09,0.49928167041624766,2.632051939880726e-09,0.0014041591461476126,9.805874310262462e-08,2.923868401339602e-07
EFT:1.0104241096782794e-05,2.122547334954209e-06,1.987322000788117e-05,0.499281670416237,6.935296550282277e-09,0.4992816704162441,2.6320519398807075e-09,0.0014041591461476227,9.805874310262393e-08,2.9238684013396224e-07
Random256
Raw:1.0104241096782794e-05,2.122547334954209e-06,1.987322000788117e-05,0.4992816704162441,6.935296550282277e-09,0.499281670416237,2.63205193988067e-09,0.0014041591461476227,9.805874310262393e-08,2.9238684013396224e-07
EFT:1.0104241096782794e-05,2.122547334954209e-06,1.987322000788117e-05,0.499281670416237,6.935296550282277e-09,0.4992816704162441,2.6320519398807075e-09,0.0014041591461476227,9.805874310262393e-08,2.9238684013396224e-07
Random257
Raw:1.0104241096782723e-05,2.122547334954194e-06,1.9873220007881028e-05,0.49928167041624055,6.935296550282228e-09,0.49928167041624055,2.6320519398806513e-09,0.0014041591461476128,9.805874310262323e-08,2.923868401339602e-07
EFT:1.0104241096782794e-05,2.122547334954209e-06,1.987322000788117e-05,0.499281670416237,6.935296550282277e-09,0.4992816704162441,2.6320519398807075e-09,0.0014041591461476227,9.805874310262393e-08,2.9238684013396224e-07
Random258
Raw:1.0104241096782938e-05,2.122547334954209e-06,1.987322000788117e-05,0.499281670416237,6.9352965502823754e-09,0.4992816704162441,2.632051939880745e-09,0.0014041591461476227,9.805874310262532e-08,2.9238684013396637e-07
EFT:1.0104241096782794e-05,2.122547334954209e-06,1.987322000788117e-05,0.499281670416237,6.935296550282277e-09,0.4992816704162441,2.6320519398807075e-09,0.0014041591461476227,9.805874310262393e-08,2.9238684013396224e-07
Random259
Raw:1.0104241096782867e-05,2.122547334954194e-06,1.9873220007881028e-05,0.49928167041624055,6.935296550282326e-09,0.49928167041624055,2.6320519398807265e-09,0.0014041591461476128,9.805874310262323e-08,2.923868401339643e-07
EFT:1.0104241096782794e-05,2.122547334954209e-06,1.987322000788117e-05,0.499281670416237,6.935296550282277e-09,0.4992816704162441,2.6320519398807075e-09,0.0014041591461476227,9.805874310262393e-08,2.9238684013396224e-07
Random260
Raw:1.0104241096782867e-05,2.122547334954224e-06,1.987322000788131e-05,0.49928167041624055,6.935296550282326e-09,0.49928167041624055,2.6320519398807638e-09,0.0014041591461476327,9.805874310262462e-08,2.923868401339643e-07
EFT:1.0104241096782794e-05,2.122547334954209e-06,1.987322000788117e-05,0.499281670416237,6.935296550282277e-09,0.4992816704162441,2.6320519398807075e-09,0.0014041591461476227,9.805874310262393e-08,2.9238684013396224e-07
Random261
Raw:1.0104241096782867e-05,2.122547334954224e-06,1.987322000788131e-05,0.49928167041624055,6.935296550282228e-09,0.49928167041624055,2.632051939880689e-09,0.0014041591461476327,9.805874310262323e-08,2.923868401339643e-07
EFT:1.0104241096782794e-05,2.122547334954209e-06,1.987322000788117e-05,0.499281670416237,6.935296550282277e-09,0.4992816704162441,2.6320519398807075e-09,0.0014041591461476227,9.805874310262393e-08,2.9238684013396224e-07
Random262
Raw:1.0104241096782938e-05,2.122547334954209e-06,1.987322000788117e-05,0.499281670416237,6.9352965502823754e-09,0.4992816704162441,2.632051939880745e-09,0.0014041591461476227,9.805874310262393e-08,2.9238684013396637e-07
EFT:1.0104241096782794e-05,2.122547334954209e-06,1.987322000788117e-05,0.499281670416237,6.935296550282277e-09,0.4992816704162441,2.6320519398807075e-09,0.0014041591461476227,9.805874310262393e-08,2.9238684013396224e-07
Random263
Raw:1.0104241096782794e-05,2.122547334954209e-06,1.987322000788117e-05,0.499281670416237,6.935296550282277e-09,0.4992816704162441,2.6320519398807075e-09,0.0014041591461476227,9.805874310262393e-08,2.9238684013396224e-07
EFT:1.0104241096782794e-05,2.122547334954209e-06,1.987322000788117e-05,0.499281670416237,6.935296550282277e-09,0.4992816704162441,2.6320519398807075e-09,0.0014041591461476227,9.805874310262393e-08,2.9238684013396224e-07
Random264
Raw:1.0104241096782938e-05,2.122547334954239e-06,1.987322000788145e-05,0.499281670416237,6.935296550282277e-09,0.4992816704162441,2.632051939880745e-09,0.0014041591461476427,9.805874310262532e-08,2.9238684013396224e-07
EFT:1.0104241096782794e-05,2.122547334954209e-06,1.987322000788117e-05,0.499281670416237,6.935296550282277e-09,0.4992816704162441,2.6320519398807075e-09,0.0014041591461476227,9.805874310262393e-08,2.9238684013396224e-07
Random265
Raw:1.0104241096782938e-05,2.122547334954209e-06,1.987322000788117e-05,0.499281670416237,6.9352965502823754e-09,0.4992816704162441,2.632051939880745e-09,0.0014041591461476227,9.805874310262393e-08,2.9238684013396637e-07
EFT:1.0104241096782794e-05,2.122547334954209e-06,1.987322000788117e-05,0.499281670416237,6.935296550282277e-09,0.4992816704162441,2.6320519398807075e-09,0.0014041591461476227,9.805874310262393e-08,2.9238684013396224e-07
Random266
Raw:1.0104241096783009e-05,2.122547334954224e-06,1.9873220007881028e-05,0.49928167041623345,6.935296550282327e-09,0.49928167041624766,2.6320519398807638e-09,0.0014041591461476327,9.805874310262601e-08,2.9238684013396436e-07
EFT:1.0104241096782794e-05,2.122547334954209e-06,1.987322000788117e-05,0.499281670416237,6.935296550282277e-09,0.4992816704162441,2.6320519398807075e-09,0.0014041591461476227,9.805874310262393e-08,2.9238684013396224e-07
Random267
Raw:1.0104241096782938e-05,2.122547334954209e-06,1.987322000788117e-05,0.499281670416237,6.935296550282277e-09,0.4992816704162441,2.632051939880745e-09,0.0014041591461476427,9.805874310262393e-08,2.9238684013396224e-07
EFT:1.0104241096782794e-05,2.122547334954209e-06,1.987322000788117e-05,0.499281670416237,6.935296550282277e-09,0.4992816704162441,2.6320519398807075e-09,0.0014041591461476227,9.805874310262393e-08,2.9238684013396224e-07
Random268
Raw:1.0104241096783009e-05,2.122547334954194e-06,1.9873220007881028e-05,0.49928167041623345,6.935296550282327e-09,0.49928167041624766,2.6320519398807638e-09,0.0014041591461476327,9.805874310262462e-08,2.9238684013396436e-07
EFT:1.0104241096782794e-05,2.122547334954209e-06,1.987322000788117e-05,0.499281670416237,6.935296550282277e-09,0.4992816704162441,2.6320519398807075e-09,0.0014041591461476227,9.805874310262393e-08,2.9238684013396224e-07
Random269
Raw:1.0104241096783009e-05,2.122547334954194e-06,1.9873220007881028e-05,0.49928167041623345,6.935296550282327e-09,0.49928167041624766,2.6320519398807638e-09,0.0014041591461476126,9.805874310262601e-08,2.9238684013396436e-07
EFT:1.0104241096782794e-05,2.122547334954209e-06,1.987322000788117e-05,0.499281670416237,6.935296550282277e-09,0.4992816704162441,2.6320519398807075e-09,0.0014041591461476227,9.805874310262393e-08,2.9238684013396224e-07
Random270
Raw:1.0104241096782938e-05,2.122547334954209e-06,1.987322000788117e-05,0.499281670416237,6.935296550282277e-09,0.4992816704162441,2.632051939880745e-09,0.0014041591461476427,9.805874310262393e-08,2.9238684013396224e-07
EFT:1.0104241096782794e-05,2.122547334954209e-06,1.987322000788117e-05,0.499281670416237,6.935296550282277e-09,0.4992816704162441,2.6320519398807075e-09,0.0014041591461476227,9.805874310262393e-08,2.9238684013396224e-07
Random271
Raw:1.0104241096782794e-05,2.122547334954209e-06,1.987322000788117e-05,0.499281670416237,6.935296550282277e-09,0.4992816704162441,2.6320519398807075e-09,0.0014041591461476227,9.805874310262393e-08,2.9238684013396224e-07
EFT:1.0104241096782794e-05,2.122547334954209e-06,1.987322000788117e-05,0.499281670416237,6.935296550282277e-09,0.4992816704162441,2.6320519398807075e-09,0.0014041591461476227,9.805874310262393e-08,2.9238684013396224e-07
Random272
Raw:1.0104241096782938e-05,2.122547334954209e-06,1.987322000788117e-05,0.499281670416237,6.935296550282277e-09,0.4992816704162441,2.632051939880745e-09,0.0014041591461476427,9.805874310262393e-08,2.9238684013396224e-07
EFT:1.0104241096782794e-05,2.122547334954209e-06,1.987322000788117e-05,0.499281670416237,6.935296550282277e-09,0.4992816704162441,2.6320519398807075e-09,0.0014041591461476227,9.805874310262393e-08,2.9238684013396224e-07
Random273
Raw:1.0104241096782938e-05,2.122547334954209e-06,1.987322000788117e-05,0.499281670416237,6.9352965502823754e-09,0.4992816704162441,2.6320519398807824e-09,0.0014041591461476227,9.805874310262532e-08,2.9238684013396637e-07
EFT:1.0104241096782794e-05,2.122547334954209e-06,1.987322000788117e-05,0.499281670416237,6.935296550282277e-09,0.4992816704162441,2.6320519398807075e-09,0.0014041591461476227,9.805874310262393e-08,2.9238684013396224e-07
Random274
Raw:1.0104241096782865e-05,2.122547334954194e-06,1.9873220007881028e-05,0.49928167041623345,6.935296550282228e-09,0.49928167041624766,2.632051939880726e-09,0.0014041591461476327,9.805874310262462e-08,2.923868401339602e-07
EFT:1.0104241096782794e-05,2.122547334954209e-06,1.987322000788117e-05,0.499281670416237,6.935296550282277e-09,0.4992816704162441,2.6320519398807075e-09,0.0014041591461476227,9.805874310262393e-08,2.9238684013396224e-07
Random275
Raw:1.0104241096783009e-05,2.122547334954194e-06,1.9873220007881028e-05,0.49928167041623345,6.935296550282327e-09,0.49928167041624766,2.6320519398807638e-09,0.0014041591461476126,9.805874310262601e-08,2.9238684013396436e-07
EFT:1.0104241096782794e-05,2.122547334954209e-06,1.987322000788117e-05,0.499281670416237,6.935296550282277e-09,0.4992816704162441,2.6320519398807075e-09,0.0014041591461476227,9.805874310262393e-08,2.9238684013396224e-07
Random276
Raw:1.0104241096782938e-05,2.122547334954209e-06,1.987322000788117e-05,0.499281670416237,6.935296550282277e-09,0.4992816704162441,2.632051939880745e-09,0.0014041591461476427,9.805874310262393e-08,2.9238684013396224e-07
EFT:1.0104241096782794e-05,2.122547334954209e-06,1.987322000788117e-05,0.499281670416237,6.935296550282277e-09,0.4992816704162441,2.6320519398807075e-09,0.0014041591461476227,9.805874310262393e-08,2.9238684013396224e-07
Random277
Raw:1.0104241096783009e-05,2.122547334954194e-06,1.9873220007881028e-05,0.49928167041623345,6.935296550282327e-09,0.49928167041624766,2.6320519398807638e-09,0.0014041591461476327,9.805874310262462e-08,2.9238684013396436e-07
EFT:1.0104241096782794e-05,2.122547334954209e-06,1.987322000788117e-05,0.499281670416237,6.935296550282277e-09,0.4992816704162441,2.6320519398807075e-09,0.0014041591461476227,9.805874310262393e-08,2.9238684013396224e-07
Random278
Raw:1.0104241096782867e-05,2.122547334954224e-06,1.987322000788131e-05,0.49928167041624055,6.935296550282326e-09,0.49928167041624055,2.6320519398807638e-09,0.0014041591461476327,9.805874310262462e-08,2.923868401339643e-07
EFT:1.0104241096782794e-05,2.122547334954209e-06,1.987322000788117e-05,0.499281670416237,6.935296550282277e-09,0.4992816704162441,2.6320519398807075e-09,0.0014041591461476227,9.805874310262393e-08,2.9238684013396224e-07
Random279
Raw:1.0104241096782938e-05,2.122547334954209e-06,1.9873220007880885e-05,0.499281670416237,6.935296550282277e-09,0.4992816704162441,2.632051939880745e-09,0.0014041591461476227,9.805874310262532e-08,2.9238684013396224e-07
EFT:1.0104241096782794e-05,2.122547334954209e-06,1.987322000788117e-05,0.499281670416237,6.935296550282277e-09,0.4992816704162441,2.6320519398807075e-09,0.0014041591461476227,9.805874310262393e-08,2.9238684013396224e-07
Random280
Raw:1.0104241096782938e-05,2.122547334954209e-06,1.987322000788117e-05,0.499281670416237,6.935296550282277e-09,0.4992816704162441,2.632051939880745e-09,0.0014041591461476427,9.805874310262393e-08,2.9238684013396224e-07
EFT:1.0104241096782794e-05,2.122547334954209e-06,1.987322000788117e-05,0.499281670416237,6.935296550282277e-09,0.4992816704162441,2.6320519398807075e-09,0.0014041591461476227,9.805874310262393e-08,2.9238684013396224e-07
Random281
Raw:1.0104241096782867e-05,2.122547334954224e-06,1.9873220007881028e-05,0.49928167041624055,6.935296550282326e-09,0.49928167041624055,2.6320519398807265e-09,0.0014041591461476327,9.805874310262602e-08,2.923868401339643e-07
EFT:1.0104241096782794e-05,2.122547334954209e-06,1.987322000788117e-05,0.499281670416237,6.935296550282277e-09,0.4992816704162441,2.6320519398807075e-09,0.0014041591461476227,9.805874310262393e-08,2.9238684013396224e-07
Random282
Raw:1.0104241096782865e-05,2.122547334954194e-06,1.9873220007880747e-05,0.49928167041623345,6.935296550282228e-09,0.49928167041624766,2.632051939880726e-09,0.0014041591461476126,9.805874310262462e-08,2.923868401339602e-07
EFT:1.0104241096782794e-05,2.122547334954209e-06,1.987322000788117e-05,0.499281670416237,6.935296550282277e-09,0.4992816704162441,2.6320519398807075e-09,0.0014041591461476227,9.805874310262393e-08,2.9238684013396224e-07
Random283
Raw:1.0104241096782938e-05,2.122547334954209e-06,1.987322000788117e-05,0.499281670416237,6.9352965502823754e-09,0.4992816704162441,2.632051939880745e-09,0.0014041591461476227,9.805874310262672e-08,2.9238684013396637e-07
EFT:1.0104241096782794e-05,2.122547334954209e-06,1.987322000788117e-05,0.499281670416237,6.935296550282277e-09,0.4992816704162441,2.6320519398807075e-09,0.0014041591461476227,9.805874310262393e-08,2.9238684013396224e-07
Random284
Raw:1.0104241096782938e-05,2.122547334954209e-06,1.987322000788117e-05,0.499281670416237,6.9352965502823754e-09,0.4992816704162441,2.632051939880745e-09,0.0014041591461476227,9.805874310262532e-08,2.9238684013396637e-07
EFT:1.0104241096782794e-05,2.122547334954209e-06,1.987322000788117e-05,0.499281670416237,6.935296550282277e-09,0.4992816704162441,2.6320519398807075e-09,0.0014041591461476227,9.805874310262393e-08,2.9238684013396224e-07
Random285
Raw:1.0104241096782938e-05,2.122547334954209e-06,1.987322000788117e-05,0.499281670416237,6.9352965502823754e-09,0.4992816704162441,2.632051939880745e-09,0.0014041591461476227,9.805874310262532e-08,2.9238684013396637e-07
EFT:1.0104241096782794e-05,2.122547334954209e-06,1.987322000788117e-05,0.499281670416237,6.935296550282277e-09,0.4992816704162441,2.6320519398807075e-09,0.0014041591461476227,9.805874310262393e-08,2.9238684013396224e-07
Random286
Raw:1.0104241096782867e-05,2.122547334954224e-06,1.987322000788131e-05,0.49928167041624055,6.935296550282326e-09,0.49928167041624055,2.6320519398807265e-09,0.0014041591461476128,9.805874310262462e-08,2.923868401339643e-07
EFT:1.0104241096782794e-05,2.122547334954209e-06,1.987322000788117e-05,0.499281670416237,6.935296550282277e-09,0.4992816704162441,2.6320519398807075e-09,0.0014041591461476227,9.805874310262393e-08,2.9238684013396224e-07
Random287
Raw:1.0104241096782938e-05,2.122547334954239e-06,1.987322000788117e-05,0.499281670416237,6.935296550282277e-09,0.4992816704162441,2.632051939880745e-09,0.0014041591461476427,9.805874310262532e-08,2.9238684013396224e-07
EFT:1.0104241096782794e-05,2.122547334954209e-06,1.987322000788117e-05,0.499281670416237,6.935296550282277e-09,0.4992816704162441,2.6320519398807075e-09,0.0014041591461476227,9.805874310262393e-08,2.9238684013396224e-07
Random288
Raw:1.0104241096782938e-05,2.122547334954209e-06,1.987322000788117e-05,0.499281670416237,6.9352965502823754e-09,0.4992816704162441,2.632051939880745e-09,0.0014041591461476227,9.805874310262532e-08,2.9238684013396637e-07
EFT:1.0104241096782794e-05,2.122547334954209e-06,1.987322000788117e-05,0.499281670416237,6.935296550282277e-09,0.4992816704162441,2.6320519398807075e-09,0.0014041591461476227,9.805874310262393e-08,2.9238684013396224e-07
Random289
Raw:1.0104241096782938e-05,2.122547334954209e-06,1.987322000788117e-05,0.499281670416237,6.9352965502823754e-09,0.4992816704162441,2.6320519398807824e-09,0.0014041591461476227,9.805874310262532e-08,2.9238684013396637e-07
EFT:1.0104241096782794e-05,2.122547334954209e-06,1.987322000788117e-05,0.499281670416237,6.935296550282277e-09,0.4992816704162441,2.6320519398807075e-09,0.0014041591461476227,9.805874310262393e-08,2.9238684013396224e-07
Random290
Raw:1.0104241096782794e-05,2.122547334954209e-06,1.987322000788117e-05,0.499281670416237,6.935296550282277e-09,0.4992816704162441,2.6320519398807075e-09,0.0014041591461476227,9.805874310262393e-08,2.9238684013396224e-07
EFT:1.0104241096782794e-05,2.122547334954209e-06,1.987322000788117e-05,0.499281670416237,6.935296550282277e-09,0.4992816704162441,2.6320519398807075e-09,0.0014041591461476227,9.805874310262393e-08,2.9238684013396224e-07
Random291
Raw:1.0104241096782794e-05,2.122547334954209e-06,1.9873220007880885e-05,0.499281670416237,6.935296550282277e-09,0.4992816704162441,2.632051939880745e-09,0.0014041591461476227,9.805874310262254e-08,2.9238684013396224e-07
EFT:1.0104241096782794e-05,2.122547334954209e-06,1.987322000788117e-05,0.499281670416237,6.935296550282277e-09,0.4992816704162441,2.6320519398807075e-09,0.0014041591461476227,9.805874310262393e-08,2.9238684013396224e-07
Random292
Raw:1.0104241096782938e-05,2.122547334954239e-06,1.987322000788145e-05,0.499281670416237,6.935296550282277e-09,0.4992816704162441,2.632051939880745e-09,0.0014041591461476427,9.805874310262532e-08,2.9238684013396224e-07
EFT:1.0104241096782794e-05,2.122547334954209e-06,1.987322000788117e-05,0.499281670416237,6.935296550282277e-09,0.4992816704162441,2.6320519398807075e-09,0.0014041591461476227,9.805874310262393e-08,2.9238684013396224e-07
Random293
Raw:1.0104241096782794e-05,2.122547334954209e-06,1.987322000788117e-05,0.499281670416237,6.9352965502821786e-09,0.4992816704162441,2.632051939880745e-09,0.0014041591461476227,9.805874310262254e-08,2.9238684013396224e-07
EFT:1.0104241096782794e-05,2.122547334954209e-06,1.987322000788117e-05,0.499281670416237,6.935296550282277e-09,0.4992816704162441,2.6320519398807075e-09,0.0014041591461476227,9.805874310262393e-08,2.9238684013396224e-07
Random294
Raw:1.0104241096782938e-05,2.122547334954209e-06,1.987322000788117e-05,0.499281670416237,6.935296550282277e-09,0.4992816704162441,2.632051939880745e-09,0.0014041591461476427,9.805874310262393e-08,2.9238684013396224e-07
EFT:1.0104241096782794e-05,2.122547334954209e-06,1.987322000788117e-05,0.499281670416237,6.935296550282277e-09,0.4992816704162441,2.6320519398807075e-09,0.0014041591461476227,9.805874310262393e-08,2.9238684013396224e-07
Random295
Raw:1.0104241096782867e-05,2.122547334954224e-06,1.987322000788131e-05,0.49928167041624055,6.935296550282326e-09,0.49928167041624055,2.6320519398807265e-09,0.0014041591461476327,9.805874310262323e-08,2.923868401339643e-07
EFT:1.0104241096782794e-05,2.122547334954209e-06,1.987322000788117e-05,0.499281670416237,6.935296550282277e-09,0.4992816704162441,2.6320519398807075e-09,0.0014041591461476227,9.805874310262393e-08,2.9238684013396224e-07
Random296
Raw:1.0104241096782867e-05,2.122547334954224e-06,1.9873220007881028e-05,0.49928167041624055,6.935296550282326e-09,0.49928167041624055,2.6320519398807638e-09,0.0014041591461476128,9.805874310262462e-08,2.923868401339643e-07
EFT:1.0104241096782794e-05,2.122547334954209e-06,1.987322000788117e-05,0.499281670416237,6.935296550282277e-09,0.4992816704162441,2.6320519398807075e-09,0.0014041591461476227,9.805874310262393e-08,2.9238684013396224e-07
Random297
Raw:1.0104241096782865e-05,2.122547334954194e-06,1.9873220007881028e-05,0.49928167041623345,6.935296550282327e-09,0.49928167041624766,2.632051939880726e-09,0.0014041591461476126,9.805874310262462e-08,2.9238684013396436e-07
EFT:1.0104241096782794e-05,2.122547334954209e-06,1.987322000788117e-05,0.499281670416237,6.935296550282277e-09,0.4992816704162441,2.6320519398807075e-09,0.0014041591461476227,9.805874310262393e-08,2.9238684013396224e-07
Random298
Raw:1.0104241096782938e-05,2.122547334954239e-06,1.9873220007880885e-05,0.499281670416237,6.935296550282277e-09,0.4992816704162441,2.632051939880745e-09,0.0014041591461476227,9.805874310262532e-08,2.9238684013396224e-07
EFT:1.0104241096782794e-05,2.122547334954209e-06,1.987322000788117e-05,0.499281670416237,6.935296550282277e-09,0.4992816704162441,2.6320519398807075e-09,0.0014041591461476227,9.805874310262393e-08,2.9238684013396224e-07
Random299
Raw:1.0104241096782938e-05,2.122547334954209e-06,1.987322000788117e-05,0.499281670416237,6.935296550282277e-09,0.4992816704162441,2.632051939880745e-09,0.0014041591461476227,9.805874310262532e-08,2.9238684013396224e-07
EFT:1.0104241096782794e-05,2.122547334954209e-06,1.987322000788117e-05,0.499281670416237,6.935296550282277e-09,0.4992816704162441,2.6320519398807075e-09,0.0014041591461476227,9.805874310262393e-08,2.9238684013396224e-07
Random300
Raw:1.0104241096783009e-05,2.122547334954194e-06,1.9873220007881028e-05,0.49928167041623345,6.935296550282327e-09,0.49928167041624766,2.6320519398807638e-09,0.0014041591461476126,9.805874310262601e-08,2.9238684013396436e-07
EFT:1.0104241096782794e-05,2.122547334954209e-06,1.987322000788117e-05,0.499281670416237,6.935296550282277e-09,0.4992816704162441,2.6320519398807075e-09,0.0014041591461476227,9.805874310262393e-08,2.9238684013396224e-07
Random301
Raw:1.0104241096782867e-05,2.122547334954224e-06,1.987322000788131e-05,0.49928167041624055,6.935296550282326e-09,0.49928167041624055,2.6320519398807265e-09,0.0014041591461476327,9.805874310262462e-08,2.923868401339643e-07
EFT:1.0104241096782794e-05,2.122547334954209e-06,1.987322000788117e-05,0.499281670416237,6.935296550282277e-09,0.4992816704162441,2.6320519398807075e-09,0.0014041591461476227,9.805874310262393e-08,2.9238684013396224e-07
Random302
Raw:1.0104241096782938e-05,2.122547334954209e-06,1.987322000788117e-05,0.499281670416237,6.9352965502823754e-09,0.4992816704162441,2.6320519398807824e-09,0.0014041591461476227,9.805874310262532e-08,2.9238684013396637e-07
EFT:1.0104241096782794e-05,2.122547334954209e-06,1.987322000788117e-05,0.499281670416237,6.935296550282277e-09,0.4992816704162441,2.6320519398807075e-09,0.0014041591461476227,9.805874310262393e-08,2.9238684013396224e-07
Random303
Raw:1.0104241096782938e-05,2.122547334954209e-06,1.987322000788117e-05,0.499281670416237,6.9352965502823754e-09,0.4992816704162441,2.632051939880745e-09,0.0014041591461476227,9.805874310262393e-08,2.9238684013396637e-07
EFT:1.0104241096782794e-05,2.122547334954209e-06,1.987322000788117e-05,0.499281670416237,6.935296550282277e-09,0.4992816704162441,2.6320519398807075e-09,0.0014041591461476227,9.805874310262393e-08,2.9238684013396224e-07
Random304
Raw:1.0104241096782938e-05,2.122547334954239e-06,1.9873220007880885e-05,0.499281670416237,6.935296550282277e-09,0.4992816704162441,2.632051939880745e-09,0.0014041591461476227,9.805874310262532e-08,2.9238684013396224e-07
EFT:1.0104241096782794e-05,2.122547334954209e-06,1.987322000788117e-05,0.499281670416237,6.935296550282277e-09,0.4992816704162441,2.6320519398807075e-09,0.0014041591461476227,9.805874310262393e-08,2.9238684013396224e-07
Random305
Raw:1.0104241096782938e-05,2.122547334954239e-06,1.987322000788117e-05,0.499281670416237,6.9352965502823754e-09,0.4992816704162441,2.6320519398807824e-09,0.0014041591461476227,9.805874310262532e-08,2.9238684013396637e-07
EFT:1.0104241096782794e-05,2.122547334954209e-06,1.987322000788117e-05,0.499281670416237,6.935296550282277e-09,0.4992816704162441,2.6320519398807075e-09,0.0014041591461476227,9.805874310262393e-08,2.9238684013396224e-07
Random306
Raw:1.0104241096783009e-05,2.122547334954194e-06,1.9873220007881028e-05,0.49928167041623345,6.935296550282327e-09,0.49928167041624766,2.6320519398807638e-09,0.0014041591461476126,9.805874310262601e-08,2.9238684013396436e-07
EFT:1.0104241096782794e-05,2.122547334954209e-06,1.987322000788117e-05,0.499281670416237,6.935296550282277e-09,0.4992816704162441,2.6320519398807075e-09,0.0014041591461476227,9.805874310262393e-08,2.9238684013396224e-07
Random307
Raw:1.0104241096782938e-05,2.122547334954209e-06,1.987322000788117e-05,0.499281670416237,6.9352965502823754e-09,0.4992816704162441,2.632051939880745e-09,0.0014041591461476227,9.805874310262393e-08,2.9238684013396637e-07
EFT:1.0104241096782794e-05,2.122547334954209e-06,1.987322000788117e-05,0.499281670416237,6.935296550282277e-09,0.4992816704162441,2.6320519398807075e-09,0.0014041591461476227,9.805874310262393e-08,2.9238684013396224e-07
Random308
Raw:1.0104241096782723e-05,2.122547334954164e-06,1.9873220007880743e-05,0.49928167041624055,6.93529655028213e-09,0.49928167041624055,2.632051939880689e-09,0.0014041591461476128,9.805874310262184e-08,2.92386840133956e-07
EFT:1.0104241096782794e-05,2.122547334954209e-06,1.987322000788117e-05,0.499281670416237,6.935296550282277e-09,0.4992816704162441,2.6320519398807075e-09,0.0014041591461476227,9.805874310262393e-08,2.9238684013396224e-07
Random309
Raw:1.0104241096782938e-05,2.122547334954239e-06,1.9873220007880885e-05,0.499281670416237,6.935296550282277e-09,0.4992816704162441,2.632051939880745e-09,0.0014041591461476227,9.805874310262532e-08,2.9238684013396224e-07
EFT:1.0104241096782794e-05,2.122547334954209e-06,1.987322000788117e-05,0.499281670416237,6.935296550282277e-09,0.4992816704162441,2.6320519398807075e-09,0.0014041591461476227,9.805874310262393e-08,2.9238684013396224e-07
Random310
Raw:1.0104241096782867e-05,2.122547334954224e-06,1.987322000788131e-05,0.49928167041624055,6.935296550282326e-09,0.49928167041624055,2.6320519398807265e-09,0.0014041591461476327,9.805874310262462e-08,2.923868401339643e-07
EFT:1.0104241096782794e-05,2.122547334954209e-06,1.987322000788117e-05,0.499281670416237,6.935296550282277e-09,0.4992816704162441,2.6320519398807075e-09,0.0014041591461476227,9.805874310262393e-08,2.9238684013396224e-07
Random311
Raw:1.0104241096782723e-05,2.122547334954194e-06,1.9873220007881028e-05,0.49928167041624055,6.935296550282228e-09,0.49928167041624055,2.632051939880689e-09,0.0014041591461476128,9.805874310262184e-08,2.923868401339602e-07
EFT:1.0104241096782794e-05,2.122547334954209e-06,1.987322000788117e-05,0.499281670416237,6.935296550282277e-09,0.4992816704162441,2.6320519398807075e-09,0.0014041591461476227,9.805874310262393e-08,2.9238684013396224e-07
Random312
Raw:1.0104241096782938e-05,2.122547334954209e-06,1.987322000788117e-05,0.499281670416237,6.935296550282277e-09,0.4992816704162441,2.632051939880745e-09,0.0014041591461476427,9.805874310262393e-08,2.9238684013396224e-07
EFT:1.0104241096782794e-05,2.122547334954209e-06,1.987322000788117e-05,0.499281670416237,6.935296550282277e-09,0.4992816704162441,2.6320519398807075e-09,0.0014041591461476227,9.805874310262393e-08,2.9238684013396224e-07
Random313
Raw:1.0104241096782867e-05,2.122547334954194e-06,1.9873220007881028e-05,0.49928167041624055,6.935296550282326e-09,0.49928167041624055,2.6320519398807265e-09,0.0014041591461476128,9.805874310262602e-08,2.923868401339643e-07
EFT:1.0104241096782794e-05,2.122547334954209e-06,1.987322000788117e-05,0.499281670416237,6.935296550282277e-09,0.4992816704162441,2.6320519398807075e-09,0.0014041591461476227,9.805874310262393e-08,2.9238684013396224e-07
Random314
Raw:1.0104241096782794e-05,2.122547334954209e-06,1.987322000788117e-05,0.4992816704162441,6.935296550282277e-09,0.499281670416237,2.63205193988067e-09,0.0014041591461476227,9.805874310262393e-08,2.9238684013396224e-07
EFT:1.0104241096782794e-05,2.122547334954209e-06,1.987322000788117e-05,0.499281670416237,6.935296550282277e-09,0.4992816704162441,2.6320519398807075e-09,0.0014041591461476227,9.805874310262393e-08,2.9238684013396224e-07
Random315
Raw:1.0104241096782794e-05,2.122547334954209e-06,1.9873220007880885e-05,0.499281670416237,6.935296550282277e-09,0.4992816704162441,2.6320519398807075e-09,0.0014041591461476026,9.805874310262393e-08,2.9238684013396224e-07
EFT:1.0104241096782794e-05,2.122547334954209e-06,1.987322000788117e-05,0.499281670416237,6.935296550282277e-09,0.4992816704162441,2.6320519398807075e-09,0.0014041591461476227,9.805874310262393e-08,2.9238684013396224e-07
Random316
Raw:1.0104241096782794e-05,2.122547334954209e-06,1.987322000788117e-05,0.499281670416237,6.9352965502821786e-09,0.4992816704162441,2.6320519398807075e-09,0.0014041591461476026,9.805874310262393e-08,2.9238684013396224e-07
EFT:1.0104241096782794e-05,2.122547334954209e-06,1.987322000788117e-05,0.499281670416237,6.935296550282277e-09,0.4992816704162441,2.6320519398807075e-09,0.0014041591461476227,9.805874310262393e-08,2.9238684013396224e-07
Random317
Raw:1.0104241096782865e-05,2.122547334954194e-06,1.9873220007881028e-05,0.49928167041623345,6.935296550282228e-09,0.49928167041624766,2.6320519398807638e-09,0.0014041591461476126,9.805874310262324e-08,2.9238684013396436e-07
EFT:1.0104241096782794e-05,2.122547334954209e-06,1.987322000788117e-05,0.499281670416237,6.935296550282277e-09,0.4992816704162441,2.6320519398807075e-09,0.0014041591461476227,9.805874310262393e-08,2.9238684013396224e-07
Random318
Raw:1.0104241096782938e-05,2.122547334954209e-06,1.987322000788117e-05,0.499281670416237,6.935296550282277e-09,0.4992816704162441,2.632051939880745e-09,0.0014041591461476227,9.805874310262532e-08,2.9238684013396224e-07
EFT:1.0104241096782794e-05,2.122547334954209e-06,1.987322000788117e-05,0.499281670416237,6.935296550282277e-09,0.4992816704162441,2.6320519398807075e-09,0.0014041591461476227,9.805874310262393e-08,2.9238684013396224e-07
Random319
Raw:1.0104241096783009e-05,2.122547334954194e-06,1.9873220007881028e-05,0.49928167041623345,6.935296550282327e-09,0.49928167041624766,2.6320519398807638e-09,0.0014041591461476126,9.805874310262601e-08,2.9238684013396436e-07
EFT:1.0104241096782794e-05,2.122547334954209e-06,1.987322000788117e-05,0.499281670416237,6.935296550282277e-09,0.4992816704162441,2.6320519398807075e-09,0.0014041591461476227,9.805874310262393e-08,2.9238684013396224e-07
Random320
Raw:1.0104241096782867e-05,2.122547334954224e-06,1.987322000788131e-05,0.49928167041624055,6.935296550282326e-09,0.49928167041624055,2.6320519398807265e-09,0.0014041591461476327,9.805874310262462e-08,2.923868401339643e-07
EFT:1.0104241096782794e-05,2.122547334954209e-06,1.987322000788117e-05,0.499281670416237,6.935296550282277e-09,0.4992816704162441,2.6320519398807075e-09,0.0014041591461476227,9.805874310262393e-08,2.9238684013396224e-07
Random321
Raw:1.0104241096782938e-05,2.122547334954209e-06,1.987322000788117e-05,0.499281670416237,6.935296550282277e-09,0.4992816704162441,2.632051939880745e-09,0.0014041591461476427,9.805874310262393e-08,2.9238684013396224e-07
EFT:1.0104241096782794e-05,2.122547334954209e-06,1.987322000788117e-05,0.499281670416237,6.935296550282277e-09,0.4992816704162441,2.6320519398807075e-09,0.0014041591461476227,9.805874310262393e-08,2.9238684013396224e-07
Random322
Raw:1.0104241096782794e-05,2.122547334954209e-06,1.987322000788117e-05,0.499281670416237,6.935296550282277e-09,0.4992816704162441,2.6320519398807075e-09,0.0014041591461476227,9.805874310262393e-08,2.9238684013396224e-07
EFT:1.0104241096782794e-05,2.122547334954209e-06,1.987322000788117e-05,0.499281670416237,6.935296550282277e-09,0.4992816704162441,2.6320519398807075e-09,0.0014041591461476227,9.805874310262393e-08,2.9238684013396224e-07
Random323
Raw:1.0104241096782794e-05,2.1225473349541788e-06,1.9873220007880885e-05,0.499281670416237,6.935296550282277e-09,0.4992816704162441,2.632051939880745e-09,0.0014041591461476026,9.805874310262254e-08,2.9238684013396224e-07
EFT:1.0104241096782794e-05,2.122547334954209e-06,1.987322000788117e-05,0.499281670416237,6.935296550282277e-09,0.4992816704162441,2.6320519398807075e-09,0.0014041591461476227,9.805874310262393e-08,2.9238684013396224e-07
Random324
Raw:1.0104241096782794e-05,2.122547334954209e-06,1.987322000788117e-05,0.4992816704162441,6.935296550282277e-09,0.499281670416237,2.63205193988067e-09,0.0014041591461476227,9.805874310262393e-08,2.9238684013396224e-07
EFT:1.0104241096782794e-05,2.122547334954209e-06,1.987322000788117e-05,0.499281670416237,6.935296550282277e-09,0.4992816704162441,2.6320519398807075e-09,0.0014041591461476227,9.805874310262393e-08,2.9238684013396224e-07
Random325
Raw:1.0104241096782865e-05,2.122547334954194e-06,1.9873220007881028e-05,0.49928167041623345,6.935296550282327e-09,0.49928167041624766,2.632051939880726e-09,0.0014041591461476126,9.805874310262462e-08,2.9238684013396436e-07
EFT:1.0104241096782794e-05,2.122547334954209e-06,1.987322000788117e-05,0.499281670416237,6.935296550282277e-09,0.4992816704162441,2.6320519398807075e-09,0.0014041591461476227,9.805874310262393e-08,2.9238684013396224e-07
Random326
Raw:1.0104241096782938e-05,2.122547334954209e-06,1.9873220007880885e-05,0.499281670416237,6.935296550282277e-09,0.4992816704162441,2.632051939880745e-09,0.0014041591461476227,9.805874310262393e-08,2.9238684013396224e-07
EFT:1.0104241096782794e-05,2.122547334954209e-06,1.987322000788117e-05,0.499281670416237,6.935296550282277e-09,0.4992816704162441,2.6320519398807075e-09,0.0014041591461476227,9.805874310262393e-08,2.9238684013396224e-07
Random327
Raw:1.0104241096782938e-05,2.122547334954239e-06,1.987322000788145e-05,0.499281670416237,6.935296550282277e-09,0.4992816704162441,2.632051939880745e-09,0.0014041591461476427,9.805874310262393e-08,2.9238684013396637e-07
EFT:1.0104241096782794e-05,2.122547334954209e-06,1.987322000788117e-05,0.499281670416237,6.935296550282277e-09,0.4992816704162441,2.6320519398807075e-09,0.0014041591461476227,9.805874310262393e-08,2.9238684013396224e-07
Random328
Raw:1.0104241096782938e-05,2.122547334954239e-06,1.987322000788145e-05,0.499281670416237,6.9352965502823754e-09,0.4992816704162441,2.632051939880745e-09,0.0014041591461476227,9.805874310262532e-08,2.9238684013396637e-07
EFT:1.0104241096782794e-05,2.122547334954209e-06,1.987322000788117e-05,0.499281670416237,6.935296550282277e-09,0.4992816704162441,2.6320519398807075e-09,0.0014041591461476227,9.805874310262393e-08,2.9238684013396224e-07
Random329
Raw:1.0104241096783009e-05,2.122547334954194e-06,1.9873220007881028e-05,0.49928167041623345,6.935296550282327e-09,0.49928167041624766,2.6320519398807638e-09,0.0014041591461476126,9.805874310262601e-08,2.9238684013396436e-07
EFT:1.0104241096782794e-05,2.122547334954209e-06,1.987322000788117e-05,0.499281670416237,6.935296550282277e-09,0.4992816704162441,2.6320519398807075e-09,0.0014041591461476227,9.805874310262393e-08,2.9238684013396224e-07
Random330
Raw:1.0104241096783009e-05,2.122547334954224e-06,1.987322000788131e-05,0.49928167041623345,6.935296550282327e-09,0.49928167041624766,2.632051939880801e-09,0.0014041591461476126,9.805874310262462e-08,2.923868401339685e-07
EFT:1.0104241096782794e-05,2.122547334954209e-06,1.987322000788117e-05,0.499281670416237,6.935296550282277e-09,0.4992816704162441,2.6320519398807075e-09,0.0014041591461476227,9.805874310262393e-08,2.9238684013396224e-07
Random331
Raw:1.0104241096782938e-05,2.122547334954209e-06,1.987322000788117e-05,0.499281670416237,6.935296550282277e-09,0.4992816704162441,2.632051939880745e-09,0.0014041591461476227,9.805874310262532e-08,2.9238684013396224e-07
EFT:1.0104241096782794e-05,2.122547334954209e-06,1.987322000788117e-05,0.499281670416237,6.935296550282277e-09,0.4992816704162441,2.6320519398807075e-09,0.0014041591461476227,9.805874310262393e-08,2.9238684013396224e-07
Random332
Raw:1.0104241096782867e-05,2.122547334954224e-06,1.987322000788131e-05,0.49928167041624055,6.935296550282326e-09,0.49928167041624055,2.6320519398807265e-09,0.0014041591461476327,9.805874310262462e-08,2.923868401339643e-07
EFT:1.0104241096782794e-05,2.122547334954209e-06,1.987322000788117e-05,0.499281670416237,6.935296550282277e-09,0.4992816704162441,2.6320519398807075e-09,0.0014041591461476227,9.805874310262393e-08,2.9238684013396224e-07
Random333
Raw:1.0104241096782865e-05,2.122547334954194e-06,1.9873220007881028e-05,0.49928167041623345,6.935296550282327e-09,0.49928167041624766,2.632051939880726e-09,0.0014041591461476126,9.805874310262462e-08,2.9238684013396436e-07
EFT:1.0104241096782794e-05,2.122547334954209e-06,1.987322000788117e-05,0.499281670416237,6.935296550282277e-09,0.4992816704162441,2.6320519398807075e-09,0.0014041591461476227,9.805874310262393e-08,2.9238684013396224e-07
Random334
Raw:1.0104241096782867e-05,2.122547334954224e-06,1.987322000788131e-05,0.49928167041624055,6.935296550282228e-09,0.49928167041624055,2.632051939880689e-09,0.0014041591461476327,9.805874310262462e-08,2.923868401339602e-07
EFT:1.0104241096782794e-05,2.122547334954209e-06,1.987322000788117e-05,0.499281670416237,6.935296550282277e-09,0.4992816704162441,2.6320519398807075e-09,0.0014041591461476227,9.805874310262393e-08,2.9238684013396224e-07
Random335
Raw:1.0104241096782938e-05,2.122547334954209e-06,1.987322000788117e-05,0.499281670416237,6.935296550282277e-09,0.4992816704162441,2.632051939880745e-09,0.0014041591461476227,9.805874310262532e-08,2.9238684013396224e-07
EFT:1.0104241096782794e-05,2.122547334954209e-06,1.987322000788117e-05,0.499281670416237,6.935296550282277e-09,0.4992816704162441,2.6320519398807075e-09,0.0014041591461476227,9.805874310262393e-08,2.9238684013396224e-07
Random336
Raw:1.0104241096783009e-05,2.122547334954224e-06,1.9873220007881028e-05,0.49928167041623345,6.935296550282327e-09,0.49928167041624766,2.6320519398807638e-09,0.0014041591461476327,9.805874310262601e-08,2.9238684013396436e-07
EFT:1.0104241096782794e-05,2.122547334954209e-06,1.987322000788117e-05,0.499281670416237,6.935296550282277e-09,0.4992816704162441,2.6320519398807075e-09,0.0014041591461476227,9.805874310262393e-08,2.9238684013396224e-07
Random337
Raw:1.0104241096782938e-05,2.122547334954209e-06,1.987322000788117e-05,0.499281670416237,6.9352965502823754e-09,0.4992816704162441,2.6320519398807824e-09,0.0014041591461476227,9.805874310262532e-08,2.9238684013396637e-07
EFT:1.0104241096782794e-05,2.122547334954209e-06,1.987322000788117e-05,0.499281670416237,6.935296550282277e-09,0.4992816704162441,2.6320519398807075e-09,0.0014041591461476227,9.805874310262393e-08,2.9238684013396224e-07
Random338
Raw:1.0104241096782938e-05,2.122547334954209e-06,1.987322000788117e-05,0.499281670416237,6.9352965502823754e-09,0.4992816704162441,2.632051939880745e-09,0.0014041591461476227,9.805874310262532e-08,2.9238684013396637e-07
EFT:1.0104241096782794e-05,2.122547334954209e-06,1.987322000788117e-05,0.499281670416237,6.935296550282277e-09,0.4992816704162441,2.6320519398807075e-09,0.0014041591461476227,9.805874310262393e-08,2.9238684013396224e-07
Random339
Raw:1.0104241096782938e-05,2.122547334954239e-06,1.987322000788145e-05,0.499281670416237,6.935296550282277e-09,0.4992816704162441,2.632051939880745e-09,0.0014041591461476427,9.805874310262532e-08,2.9238684013396224e-07
EFT:1.0104241096782794e-05,2.122547334954209e-06,1.987322000788117e-05,0.499281670416237,6.935296550282277e-09,0.4992816704162441,2.6320519398807075e-09,0.0014041591461476227,9.805874310262393e-08,2.9238684013396224e-07
Random340
Raw:1.0104241096782867e-05,2.122547334954194e-06,1.9873220007881028e-05,0.49928167041624055,6.935296550282326e-09,0.49928167041624055,2.6320519398807265e-09,0.0014041591461476128,9.805874310262323e-08,2.923868401339643e-07
EFT:1.0104241096782794e-05,2.122547334954209e-06,1.987322000788117e-05,0.499281670416237,6.935296550282277e-09,0.4992816704162441,2.6320519398807075e-09,0.0014041591461476227,9.805874310262393e-08,2.9238684013396224e-07
Random341
Raw:1.010424109678301e-05,2.122547334954224e-06,1.987322000788131e-05,0.49928167041624055,6.935296550282425e-09,0.49928167041624055,2.6320519398807638e-09,0.0014041591461476327,9.805874310262602e-08,2.923868401339685e-07
EFT:1.0104241096782794e-05,2.122547334954209e-06,1.987322000788117e-05,0.499281670416237,6.935296550282277e-09,0.4992816704162441,2.6320519398807075e-09,0.0014041591461476227,9.805874310262393e-08,2.9238684013396224e-07
Random342
Raw:1.0104241096782867e-05,2.122547334954194e-06,1.9873220007881028e-05,0.49928167041624055,6.935296550282228e-09,0.49928167041624055,2.632051939880689e-09,0.0014041591461476128,9.805874310262462e-08,2.923868401339602e-07
EFT:1.0104241096782794e-05,2.122547334954209e-06,1.987322000788117e-05,0.499281670416237,6.935296550282277e-09,0.4992816704162441,2.6320519398807075e-09,0.0014041591461476227,9.805874310262393e-08,2.9238684013396224e-07
Random343
Raw:1.0104241096782938e-05,2.122547334954209e-06,1.987322000788117e-05,0.499281670416237,6.9352965502823754e-09,0.4992816704162441,2.632051939880745e-09,0.0014041591461476227,9.805874310262532e-08,2.9238684013396637e-07
EFT:1.0104241096782794e-05,2.122547334954209e-06,1.987322000788117e-05,0.499281670416237,6.935296550282277e-09,0.4992816704162441,2.6320519398807075e-09,0.0014041591461476227,9.805874310262393e-08,2.9238684013396224e-07
Random344
Raw:1.0104241096783009e-05,2.122547334954194e-06,1.9873220007881028e-05,0.49928167041623345,6.935296550282327e-09,0.49928167041624766,2.6320519398807638e-09,0.0014041591461476327,9.805874310262462e-08,2.9238684013396436e-07
EFT:1.0104241096782794e-05,2.122547334954209e-06,1.987322000788117e-05,0.499281670416237,6.935296550282277e-09,0.4992816704162441,2.6320519398807075e-09,0.0014041591461476227,9.805874310262393e-08,2.9238684013396224e-07
Random345
Raw:1.0104241096782938e-05,2.1225473349541788e-06,1.9873220007880885e-05,0.499281670416237,6.935296550282277e-09,0.4992816704162441,2.632051939880745e-09,0.0014041591461476026,9.805874310262532e-08,2.9238684013396224e-07
EFT:1.0104241096782794e-05,2.122547334954209e-06,1.987322000788117e-05,0.499281670416237,6.935296550282277e-09,0.4992816704162441,2.6320519398807075e-09,0.0014041591461476227,9.805874310262393e-08,2.9238684013396224e-07
Random346
Raw:1.0104241096782867e-05,2.122547334954224e-06,1.987322000788131e-05,0.49928167041624055,6.935296550282326e-09,0.49928167041624055,2.6320519398807265e-09,0.0014041591461476327,9.805874310262462e-08,2.923868401339643e-07
EFT:1.0104241096782794e-05,2.122547334954209e-06,1.987322000788117e-05,0.499281670416237,6.935296550282277e-09,0.4992816704162441,2.6320519398807075e-09,0.0014041591461476227,9.805874310262393e-08,2.9238684013396224e-07
Random347
Raw:1.0104241096782938e-05,2.122547334954209e-06,1.9873220007880885e-05,0.499281670416237,6.935296550282277e-09,0.4992816704162441,2.632051939880745e-09,0.0014041591461476227,9.805874310262532e-08,2.9238684013396224e-07
EFT:1.0104241096782794e-05,2.122547334954209e-06,1.987322000788117e-05,0.499281670416237,6.935296550282277e-09,0.4992816704162441,2.6320519398807075e-09,0.0014041591461476227,9.805874310262393e-08,2.9238684013396224e-07
Random348
Raw:1.0104241096782938e-05,2.122547334954239e-06,1.987322000788117e-05,0.499281670416237,6.9352965502823754e-09,0.4992816704162441,2.6320519398807824e-09,0.0014041591461476227,9.805874310262532e-08,2.9238684013396637e-07
EFT:1.0104241096782794e-05,2.122547334954209e-06,1.987322000788117e-05,0.499281670416237,6.935296550282277e-09,0.4992816704162441,2.6320519398807075e-09,0.0014041591461476227,9.805874310262393e-08,2.9238684013396224e-07
Random349
Raw:1.0104241096782938e-05,2.122547334954209e-06,1.987322000788117e-05,0.499281670416237,6.935296550282277e-09,0.4992816704162441,2.632051939880745e-09,0.0014041591461476227,9.805874310262393e-08,2.9238684013396637e-07
EFT:1.0104241096782794e-05,2.122547334954209e-06,1.987322000788117e-05,0.499281670416237,6.935296550282277e-09,0.4992816704162441,2.6320519398807075e-09,0.0014041591461476227,9.805874310262393e-08,2.9238684013396224e-07
Random350
Raw:1.0104241096782938e-05,2.122547334954209e-06,1.987322000788117e-05,0.499281670416237,6.9352965502823754e-09,0.4992816704162441,2.632051939880745e-09,0.0014041591461476227,9.805874310262532e-08,2.9238684013396637e-07
EFT:1.0104241096782794e-05,2.122547334954209e-06,1.987322000788117e-05,0.499281670416237,6.935296550282277e-09,0.4992816704162441,2.6320519398807075e-09,0.0014041591461476227,9.805874310262393e-08,2.9238684013396224e-07
Random351
Raw:1.0104241096782865e-05,2.122547334954194e-06,1.9873220007881028e-05,0.49928167041623345,6.935296550282327e-09,0.49928167041624766,2.632051939880726e-09,0.0014041591461476126,9.805874310262462e-08,2.9238684013396436e-07
EFT:1.0104241096782794e-05,2.122547334954209e-06,1.987322000788117e-05,0.499281670416237,6.935296550282277e-09,0.4992816704162441,2.6320519398807075e-09,0.0014041591461476227,9.805874310262393e-08,2.9238684013396224e-07
Random352
Raw:1.0104241096782938e-05,2.122547334954209e-06,1.987322000788117e-05,0.499281670416237,6.9352965502823754e-09,0.4992816704162441,2.6320519398807824e-09,0.0014041591461476227,9.805874310262532e-08,2.9238684013396637e-07
EFT:1.0104241096782794e-05,2.122547334954209e-06,1.987322000788117e-05,0.499281670416237,6.935296550282277e-09,0.4992816704162441,2.6320519398807075e-09,0.0014041591461476227,9.805874310262393e-08,2.9238684013396224e-07
Random353
Raw:1.0104241096782938e-05,2.122547334954209e-06,1.987322000788117e-05,0.499281670416237,6.935296550282277e-09,0.4992816704162441,2.632051939880745e-09,0.0014041591461476427,9.805874310262393e-08,2.9238684013396224e-07
EFT:1.0104241096782794e-05,2.122547334954209e-06,1.987322000788117e-05,0.499281670416237,6.935296550282277e-09,0.4992816704162441,2.6320519398807075e-09,0.0014041591461476227,9.805874310262393e-08,2.9238684013396224e-07
Random354
Raw:1.0104241096782938e-05,2.122547334954209e-06,1.987322000788117e-05,0.499281670416237,6.9352965502823754e-09,0.4992816704162441,2.632051939880745e-09,0.0014041591461476227,9.805874310262532e-08,2.9238684013396637e-07
EFT:1.0104241096782794e-05,2.122547334954209e-06,1.987322000788117e-05,0.499281670416237,6.935296550282277e-09,0.4992816704162441,2.6320519398807075e-09,0.0014041591461476227,9.805874310262393e-08,2.9238684013396224e-07
Random355
Raw:1.0104241096782867e-05,2.122547334954224e-06,1.987322000788131e-05,0.49928167041624055,6.935296550282228e-09,0.49928167041624055,2.632051939880689e-09,0.0014041591461476327,9.805874310262462e-08,2.923868401339602e-07
EFT:1.0104241096782794e-05,2.122547334954209e-06,1.987322000788117e-05,0.499281670416237,6.935296550282277e-09,0.4992816704162441,2.6320519398807075e-09,0.0014041591461476227,9.805874310262393e-08,2.9238684013396224e-07
Random356
Raw:1.0104241096782867e-05,2.122547334954224e-06,1.987322000788131e-05,0.49928167041624055,6.935296550282326e-09,0.49928167041624055,2.6320519398807265e-09,0.0014041591461476327,9.805874310262462e-08,2.923868401339643e-07
EFT:1.0104241096782794e-05,2.122547334954209e-06,1.987322000788117e-05,0.499281670416237,6.935296550282277e-09,0.4992816704162441,2.6320519398807075e-09,0.0014041591461476227,9.805874310262393e-08,2.9238684013396224e-07
Random357
Raw:1.0104241096782938e-05,2.122547334954239e-06,1.987322000788117e-05,0.499281670416237,6.935296550282277e-09,0.4992816704162441,2.632051939880745e-09,0.0014041591461476427,9.805874310262393e-08,2.9238684013396637e-07
EFT:1.0104241096782794e-05,2.122547334954209e-06,1.987322000788117e-05,0.499281670416237,6.935296550282277e-09,0.4992816704162441,2.6320519398807075e-09,0.0014041591461476227,9.805874310262393e-08,2.9238684013396224e-07
Random358
Raw:1.0104241096783082e-05,2.122547334954239e-06,1.987322000788145e-05,0.499281670416237,6.935296550282475e-09,0.4992816704162441,2.63205193988082e-09,0.0014041591461476227,9.80587431026281e-08,2.9238684013397055e-07
EFT:1.0104241096782794e-05,2.122547334954209e-06,1.987322000788117e-05,0.499281670416237,6.935296550282277e-09,0.4992816704162441,2.6320519398807075e-09,0.0014041591461476227,9.805874310262393e-08,2.9238684013396224e-07
Random359
Raw:1.0104241096782867e-05,2.122547334954194e-06,1.9873220007881028e-05,0.49928167041624055,6.935296550282326e-09,0.49928167041624055,2.6320519398807265e-09,0.0014041591461476128,9.805874310262323e-08,2.923868401339643e-07
EFT:1.0104241096782794e-05,2.122547334954209e-06,1.987322000788117e-05,0.499281670416237,6.935296550282277e-09,0.4992816704162441,2.6320519398807075e-09,0.0014041591461476227,9.805874310262393e-08,2.9238684013396224e-07
Random360
Raw:1.0104241096783009e-05,2.122547334954224e-06,1.987322000788131e-05,0.49928167041623345,6.935296550282424e-09,0.49928167041624766,2.6320519398807638e-09,0.0014041591461476327,9.805874310262601e-08,2.923868401339685e-07
EFT:1.0104241096782794e-05,2.122547334954209e-06,1.987322000788117e-05,0.499281670416237,6.935296550282277e-09,0.4992816704162441,2.6320519398807075e-09,0.0014041591461476227,9.805874310262393e-08,2.9238684013396224e-07
Random361
Raw:1.0104241096782867e-05,2.122547334954224e-06,1.987322000788131e-05,0.49928167041624055,6.935296550282326e-09,0.49928167041624055,2.6320519398807265e-09,0.0014041591461476128,9.805874310262462e-08,2.923868401339643e-07
EFT:1.0104241096782794e-05,2.122547334954209e-06,1.987322000788117e-05,0.499281670416237,6.935296550282277e-09,0.4992816704162441,2.6320519398807075e-09,0.0014041591461476227,9.805874310262393e-08,2.9238684013396224e-07
Random362
Raw:1.0104241096782794e-05,2.122547334954209e-06,1.987322000788117e-05,0.4992816704162441,6.935296550282277e-09,0.499281670416237,2.63205193988067e-09,0.0014041591461476227,9.805874310262393e-08,2.9238684013396224e-07
EFT:1.0104241096782794e-05,2.122547334954209e-06,1.987322000788117e-05,0.499281670416237,6.935296550282277e-09,0.4992816704162441,2.6320519398807075e-09,0.0014041591461476227,9.805874310262393e-08,2.9238684013396224e-07
Random363
Raw:1.0104241096782794e-05,2.122547334954209e-06,1.987322000788117e-05,0.499281670416237,6.9352965502821786e-09,0.4992816704162441,2.632051939880745e-09,0.0014041591461476227,9.805874310262254e-08,2.9238684013396224e-07
EFT:1.0104241096782794e-05,2.122547334954209e-06,1.987322000788117e-05,0.499281670416237,6.935296550282277e-09,0.4992816704162441,2.6320519398807075e-09,0.0014041591461476227,9.805874310262393e-08,2.9238684013396224e-07
Random364
Raw:1.0104241096782867e-05,2.122547334954224e-06,1.987322000788131e-05,0.49928167041624055,6.935296550282326e-09,0.49928167041624055,2.6320519398807638e-09,0.0014041591461476327,9.805874310262462e-08,2.923868401339643e-07
EFT:1.0104241096782794e-05,2.122547334954209e-06,1.987322000788117e-05,0.499281670416237,6.935296550282277e-09,0.4992816704162441,2.6320519398807075e-09,0.0014041591461476227,9.805874310262393e-08,2.9238684013396224e-07
Random365
Raw:1.0104241096782938e-05,2.1225473349541788e-06,1.9873220007880885e-05,0.499281670416237,6.935296550282277e-09,0.4992816704162441,2.632051939880745e-09,0.0014041591461476026,9.805874310262532e-08,2.9238684013396224e-07
EFT:1.0104241096782794e-05,2.122547334954209e-06,1.987322000788117e-05,0.499281670416237,6.935296550282277e-09,0.4992816704162441,2.6320519398807075e-09,0.0014041591461476227,9.805874310262393e-08,2.9238684013396224e-07
Random366
Raw:1.0104241096782867e-05,2.122547334954224e-06,1.9873220007881028e-05,0.49928167041624055,6.935296550282326e-09,0.49928167041624055,2.6320519398807265e-09,0.0014041591461476128,9.805874310262462e-08,2.923868401339643e-07
EFT:1.0104241096782794e-05,2.122547334954209e-06,1.987322000788117e-05,0.499281670416237,6.935296550282277e-09,0.4992816704162441,2.6320519398807075e-09,0.0014041591461476227,9.805874310262393e-08,2.9238684013396224e-07
Random367
Raw:1.0104241096782938e-05,2.122547334954239e-06,1.987322000788145e-05,0.499281670416237,6.9352965502823754e-09,0.4992816704162441,2.632051939880745e-09,0.0014041591461476227,9.805874310262532e-08,2.9238684013396637e-07
EFT:1.0104241096782794e-05,2.122547334954209e-06,1.987322000788117e-05,0.499281670416237,6.935296550282277e-09,0.4992816704162441,2.6320519398807075e-09,0.0014041591461476227,9.805874310262393e-08,2.9238684013396224e-07
Random368
Raw:1.0104241096782867e-05,2.122547334954224e-06,1.9873220007881028e-05,0.49928167041624055,6.935296550282326e-09,0.49928167041624055,2.6320519398807265e-09,0.0014041591461476128,9.805874310262462e-08,2.923868401339643e-07
EFT:1.0104241096782794e-05,2.122547334954209e-06,1.987322000788117e-05,0.499281670416237,6.935296550282277e-09,0.4992816704162441,2.6320519398807075e-09,0.0014041591461476227,9.805874310262393e-08,2.9238684013396224e-07
Random369
Raw:1.0104241096782938e-05,2.122547334954239e-06,1.9873220007880885e-05,0.499281670416237,6.935296550282277e-09,0.4992816704162441,2.632051939880745e-09,0.0014041591461476227,9.805874310262532e-08,2.9238684013396224e-07
EFT:1.0104241096782794e-05,2.122547334954209e-06,1.987322000788117e-05,0.499281670416237,6.935296550282277e-09,0.4992816704162441,2.6320519398807075e-09,0.0014041591461476227,9.805874310262393e-08,2.9238684013396224e-07
Random370
Raw:1.0104241096783082e-05,2.122547334954239e-06,1.987322000788145e-05,0.499281670416237,6.935296550282475e-09,0.4992816704162441,2.6320519398807824e-09,0.0014041591461476427,9.805874310262532e-08,2.9238684013396637e-07
EFT:1.0104241096782794e-05,2.122547334954209e-06,1.987322000788117e-05,0.499281670416237,6.935296550282277e-09,0.4992816704162441,2.6320519398807075e-09,0.0014041591461476227,9.805874310262393e-08,2.9238684013396224e-07
Random371
Raw:1.0104241096782938e-05,2.122547334954239e-06,1.987322000788145e-05,0.499281670416237,6.935296550282277e-09,0.4992816704162441,2.632051939880745e-09,0.0014041591461476427,9.805874310262393e-08,2.9238684013396637e-07
EFT:1.0104241096782794e-05,2.122547334954209e-06,1.987322000788117e-05,0.499281670416237,6.935296550282277e-09,0.4992816704162441,2.6320519398807075e-09,0.0014041591461476227,9.805874310262393e-08,2.9238684013396224e-07
Random372
Raw:1.0104241096782938e-05,2.122547334954209e-06,1.987322000788117e-05,0.499281670416237,6.9352965502823754e-09,0.4992816704162441,2.632051939880745e-09,0.0014041591461476227,9.805874310262532e-08,2.9238684013396637e-07
EFT:1.0104241096782794e-05,2.122547334954209e-06,1.987322000788117e-05,0.499281670416237,6.935296550282277e-09,0.4992816704162441,2.6320519398807075e-09,0.0014041591461476227,9.805874310262393e-08,2.9238684013396224e-07
Random373
Raw:1.0104241096782794e-05,2.122547334954209e-06,1.987322000788117e-05,0.499281670416237,6.935296550282277e-09,0.4992816704162441,2.632051939880745e-09,0.0014041591461476227,9.805874310262254e-08,2.9238684013396224e-07
EFT:1.0104241096782794e-05,2.122547334954209e-06,1.987322000788117e-05,0.499281670416237,6.935296550282277e-09,0.4992816704162441,2.6320519398807075e-09,0.0014041591461476227,9.805874310262393e-08,2.9238684013396224e-07
Random374
Raw:1.0104241096782867e-05,2.122547334954224e-06,1.987322000788131e-05,0.49928167041624055,6.935296550282326e-09,0.49928167041624055,2.6320519398807265e-09,0.0014041591461476327,9.805874310262462e-08,2.923868401339643e-07
EFT:1.0104241096782794e-05,2.122547334954209e-06,1.987322000788117e-05,0.499281670416237,6.935296550282277e-09,0.4992816704162441,2.6320519398807075e-09,0.0014041591461476227,9.805874310262393e-08,2.9238684013396224e-07
Random375
Raw:1.0104241096782794e-05,2.1225473349541788e-06,1.9873220007880885e-05,0.499281670416237,6.935296550282277e-09,0.4992816704162441,2.632051939880745e-09,0.0014041591461476026,9.805874310262254e-08,2.9238684013396224e-07
EFT:1.0104241096782794e-05,2.122547334954209e-06,1.987322000788117e-05,0.499281670416237,6.935296550282277e-09,0.4992816704162441,2.6320519398807075e-09,0.0014041591461476227,9.805874310262393e-08,2.9238684013396224e-07
Random376
Raw:1.0104241096782938e-05,2.122547334954209e-06,1.987322000788117e-05,0.499281670416237,6.935296550282277e-09,0.4992816704162441,2.632051939880745e-09,0.0014041591461476427,9.805874310262393e-08,2.9238684013396224e-07
EFT:1.0104241096782794e-05,2.122547334954209e-06,1.987322000788117e-05,0.499281670416237,6.935296550282277e-09,0.4992816704162441,2.6320519398807075e-09,0.0014041591461476227,9.805874310262393e-08,2.9238684013396224e-07
Random377
Raw:1.0104241096782867e-05,2.122547334954224e-06,1.9873220007881028e-05,0.49928167041624055,6.935296550282326e-09,0.49928167041624055,2.6320519398807265e-09,0.0014041591461476128,9.805874310262462e-08,2.923868401339643e-07
EFT:1.0104241096782794e-05,2.122547334954209e-06,1.987322000788117e-05,0.499281670416237,6.935296550282277e-09,0.4992816704162441,2.6320519398807075e-09,0.0014041591461476227,9.805874310262393e-08,2.9238684013396224e-07
Random378
Raw:1.0104241096782938e-05,2.122547334954209e-06,1.987322000788117e-05,0.499281670416237,6.9352965502823754e-09,0.4992816704162441,2.6320519398807824e-09,0.0014041591461476227,9.805874310262532e-08,2.9238684013396637e-07
EFT:1.0104241096782794e-05,2.122547334954209e-06,1.987322000788117e-05,0.499281670416237,6.935296550282277e-09,0.4992816704162441,2.6320519398807075e-09,0.0014041591461476227,9.805874310262393e-08,2.9238684013396224e-07
Random379
Raw:1.0104241096782867e-05,2.122547334954224e-06,1.987322000788131e-05,0.49928167041624055,6.935296550282326e-09,0.49928167041624055,2.6320519398807265e-09,0.0014041591461476327,9.805874310262323e-08,2.923868401339643e-07
EFT:1.0104241096782794e-05,2.122547334954209e-06,1.987322000788117e-05,0.499281670416237,6.935296550282277e-09,0.4992816704162441,2.6320519398807075e-09,0.0014041591461476227,9.805874310262393e-08,2.9238684013396224e-07
Random380
Raw:1.0104241096783009e-05,2.122547334954224e-06,1.9873220007881028e-05,0.49928167041623345,6.935296550282327e-09,0.49928167041624766,2.6320519398807638e-09,0.0014041591461476327,9.805874310262601e-08,2.9238684013396436e-07
EFT:1.0104241096782794e-05,2.122547334954209e-06,1.987322000788117e-05,0.499281670416237,6.935296550282277e-09,0.4992816704162441,2.6320519398807075e-09,0.0014041591461476227,9.805874310262393e-08,2.9238684013396224e-07
Random381
Raw:1.0104241096782938e-05,2.122547334954209e-06,1.987322000788117e-05,0.499281670416237,6.9352965502823754e-09,0.4992816704162441,2.632051939880745e-09,0.0014041591461476227,9.805874310262532e-08,2.9238684013396637e-07
EFT:1.0104241096782794e-05,2.122547334954209e-06,1.987322000788117e-05,0.499281670416237,6.935296550282277e-09,0.4992816704162441,2.6320519398807075e-09,0.0014041591461476227,9.805874310262393e-08,2.9238684013396224e-07
Random382
Raw:1.0104241096783009e-05,2.122547334954224e-06,1.9873220007881028e-05,0.49928167041623345,6.935296550282327e-09,0.49928167041624766,2.6320519398807638e-09,0.0014041591461476327,9.805874310262601e-08,2.9238684013396436e-07
EFT:1.0104241096782794e-05,2.122547334954209e-06,1.987322000788117e-05,0.499281670416237,6.935296550282277e-09,0.4992816704162441,2.6320519398807075e-09,0.0014041591461476227,9.805874310262393e-08,2.9238684013396224e-07
Random383
Raw:1.0104241096782938e-05,2.122547334954209e-06,1.9873220007880885e-05,0.499281670416237,6.935296550282277e-09,0.4992816704162441,2.632051939880745e-09,0.0014041591461476227,9.805874310262532e-08,2.9238684013396224e-07
EFT:1.0104241096782794e-05,2.122547334954209e-06,1.987322000788117e-05,0.499281670416237,6.935296550282277e-09,0.4992816704162441,2.6320519398807075e-09,0.0014041591461476227,9.805874310262393e-08,2.9238684013396224e-07
Random384
Raw:1.0104241096782867e-05,2.122547334954224e-06,1.987322000788131e-05,0.49928167041624055,6.935296550282326e-09,0.49928167041624055,2.632051939880689e-09,0.0014041591461476327,9.805874310262462e-08,2.923868401339643e-07
EFT:1.0104241096782794e-05,2.122547334954209e-06,1.987322000788117e-05,0.499281670416237,6.935296550282277e-09,0.4992816704162441,2.6320519398807075e-09,0.0014041591461476227,9.805874310262393e-08,2.9238684013396224e-07
Random385
Raw:1.0104241096782867e-05,2.122547334954224e-06,1.987322000788131e-05,0.49928167041624055,6.935296550282326e-09,0.49928167041624055,2.6320519398807638e-09,0.0014041591461476327,9.805874310262462e-08,2.923868401339643e-07
EFT:1.0104241096782794e-05,2.122547334954209e-06,1.987322000788117e-05,0.499281670416237,6.935296550282277e-09,0.4992816704162441,2.6320519398807075e-09,0.0014041591461476227,9.805874310262393e-08,2.9238684013396224e-07
Random386
Raw:1.0104241096782794e-05,2.122547334954209e-06,1.987322000788117e-05,0.499281670416237,6.9352965502821786e-09,0.4992816704162441,2.6320519398807075e-09,0.0014041591461476026,9.805874310262393e-08,2.9238684013396224e-07
EFT:1.0104241096782794e-05,2.122547334954209e-06,1.987322000788117e-05,0.499281670416237,6.935296550282277e-09,0.4992816704162441,2.6320519398807075e-09,0.0014041591461476227,9.805874310262393e-08,2.9238684013396224e-07
Random387
Raw:1.0104241096782867e-05,2.122547334954224e-06,1.987322000788131e-05,0.49928167041624055,6.935296550282326e-09,0.49928167041624055,2.6320519398807638e-09,0.0014041591461476327,9.805874310262462e-08,2.923868401339643e-07
EFT:1.0104241096782794e-05,2.122547334954209e-06,1.987322000788117e-05,0.499281670416237,6.935296550282277e-09,0.4992816704162441,2.6320519398807075e-09,0.0014041591461476227,9.805874310262393e-08,2.9238684013396224e-07
Random388
Raw:1.0104241096782867e-05,2.122547334954194e-06,1.9873220007881028e-05,0.49928167041624055,6.935296550282326e-09,0.49928167041624055,2.6320519398807265e-09,0.0014041591461476128,9.805874310262323e-08,2.923868401339643e-07
EFT:1.0104241096782794e-05,2.122547334954209e-06,1.987322000788117e-05,0.499281670416237,6.935296550282277e-09,0.4992816704162441,2.6320519398807075e-09,0.0014041591461476227,9.805874310262393e-08,2.9238684013396224e-07
Random389
Raw:1.0104241096782867e-05,2.122547334954224e-06,1.9873220007881028e-05,0.49928167041624055,6.935296550282326e-09,0.49928167041624055,2.6320519398807265e-09,0.0014041591461476327,9.805874310262323e-08,2.923868401339643e-07
EFT:1.0104241096782794e-05,2.122547334954209e-06,1.987322000788117e-05,0.499281670416237,6.935296550282277e-09,0.4992816704162441,2.6320519398807075e-09,0.0014041591461476227,9.805874310262393e-08,2.9238684013396224e-07
Random390
Raw:1.0104241096782867e-05,2.122547334954224e-06,1.987322000788131e-05,0.49928167041624055,6.935296550282326e-09,0.49928167041624055,2.6320519398807265e-09,0.0014041591461476327,9.805874310262462e-08,2.923868401339643e-07
EFT:1.0104241096782794e-05,2.122547334954209e-06,1.987322000788117e-05,0.499281670416237,6.935296550282277e-09,0.4992816704162441,2.6320519398807075e-09,0.0014041591461476227,9.805874310262393e-08,2.9238684013396224e-07
Random391
Raw:1.0104241096782938e-05,2.122547334954209e-06,1.987322000788117e-05,0.499281670416237,6.9352965502823754e-09,0.4992816704162441,2.632051939880745e-09,0.0014041591461476227,9.805874310262393e-08,2.9238684013396637e-07
EFT:1.0104241096782794e-05,2.122547334954209e-06,1.987322000788117e-05,0.499281670416237,6.935296550282277e-09,0.4992816704162441,2.6320519398807075e-09,0.0014041591461476227,9.805874310262393e-08,2.9238684013396224e-07
Random392
Raw:1.0104241096782867e-05,2.122547334954224e-06,1.987322000788131e-05,0.49928167041624055,6.935296550282326e-09,0.49928167041624055,2.6320519398807638e-09,0.0014041591461476327,9.805874310262462e-08,2.923868401339643e-07
EFT:1.0104241096782794e-05,2.122547334954209e-06,1.987322000788117e-05,0.499281670416237,6.935296550282277e-09,0.4992816704162441,2.6320519398807075e-09,0.0014041591461476227,9.805874310262393e-08,2.9238684013396224e-07
Random393
Raw:1.0104241096782938e-05,2.122547334954209e-06,1.987322000788117e-05,0.499281670416237,6.9352965502823754e-09,0.4992816704162441,2.632051939880745e-09,0.0014041591461476227,9.805874310262393e-08,2.9238684013396637e-07
EFT:1.0104241096782794e-05,2.122547334954209e-06,1.987322000788117e-05,0.499281670416237,6.935296550282277e-09,0.4992816704162441,2.6320519398807075e-09,0.0014041591461476227,9.805874310262393e-08,2.9238684013396224e-07
Random394
Raw:1.0104241096782938e-05,2.122547334954209e-06,1.987322000788117e-05,0.499281670416237,6.935296550282277e-09,0.4992816704162441,2.632051939880745e-09,0.0014041591461476427,9.805874310262393e-08,2.9238684013396224e-07
EFT:1.0104241096782794e-05,2.122547334954209e-06,1.987322000788117e-05,0.499281670416237,6.935296550282277e-09,0.4992816704162441,2.6320519398807075e-09,0.0014041591461476227,9.805874310262393e-08,2.9238684013396224e-07
Random395
Raw:1.0104241096782794e-05,2.122547334954209e-06,1.9873220007880885e-05,0.499281670416237,6.935296550282277e-09,0.4992816704162441,2.6320519398807075e-09,0.0014041591461476026,9.805874310262393e-08,2.9238684013396224e-07
EFT:1.0104241096782794e-05,2.122547334954209e-06,1.987322000788117e-05,0.499281670416237,6.935296550282277e-09,0.4992816704162441,2.6320519398807075e-09,0.0014041591461476227,9.805874310262393e-08,2.9238684013396224e-07
Random396
Raw:1.0104241096782938e-05,2.122547334954209e-06,1.987322000788117e-05,0.499281670416237,6.9352965502823754e-09,0.4992816704162441,2.632051939880745e-09,0.0014041591461476227,9.805874310262532e-08,2.9238684013396637e-07
EFT:1.0104241096782794e-05,2.122547334954209e-06,1.987322000788117e-05,0.499281670416237,6.935296550282277e-09,0.4992816704162441,2.6320519398807075e-09,0.0014041591461476227,9.805874310262393e-08,2.9238684013396224e-07
Random397
Raw:1.0104241096782865e-05,2.122547334954194e-06,1.9873220007881028e-05,0.49928167041623345,6.935296550282327e-09,0.49928167041624766,2.632051939880801e-09,0.0014041591461475926,9.805874310262324e-08,2.9238684013396436e-07
EFT:1.0104241096782794e-05,2.122547334954209e-06,1.987322000788117e-05,0.499281670416237,6.935296550282277e-09,0.4992816704162441,2.6320519398807075e-09,0.0014041591461476227,9.805874310262393e-08,2.9238684013396224e-07
Random398
Raw:1.0104241096782865e-05,2.122547334954194e-06,1.9873220007880747e-05,0.49928167041623345,6.935296550282228e-09,0.49928167041624766,2.632051939880726e-09,0.0014041591461476126,9.805874310262462e-08,2.923868401339602e-07
EFT:1.0104241096782794e-05,2.122547334954209e-06,1.987322000788117e-05,0.499281670416237,6.935296550282277e-09,0.4992816704162441,2.6320519398807075e-09,0.0014041591461476227,9.805874310262393e-08,2.9238684013396224e-07
Random399
Raw:1.0104241096782938e-05,2.122547334954209e-06,1.987322000788117e-05,0.499281670416237,6.9352965502823754e-09,0.4992816704162441,2.632051939880745e-09,0.0014041591461476227,9.805874310262393e-08,2.9238684013396637e-07
EFT:1.0104241096782794e-05,2.122547334954209e-06,1.987322000788117e-05,0.499281670416237,6.935296550282277e-09,0.4992816704162441,2.6320519398807075e-09,0.0014041591461476227,9.805874310262393e-08,2.9238684013396224e-07
Random400
Raw:1.0104241096782938e-05,2.122547334954209e-06,1.987322000788117e-05,0.499281670416237,6.935296550282277e-09,0.4992816704162441,2.632051939880745e-09,0.0014041591461476427,9.805874310262393e-08,2.9238684013396224e-07
EFT:1.0104241096782794e-05,2.122547334954209e-06,1.987322000788117e-05,0.499281670416237,6.935296550282277e-09,0.4992816704162441,2.6320519398807075e-09,0.0014041591461476227,9.805874310262393e-08,2.9238684013396224e-07
Random401
Raw:1.0104241096782794e-05,2.122547334954209e-06,1.987322000788117e-05,0.499281670416237,6.9352965502821786e-09,0.4992816704162441,2.632051939880745e-09,0.0014041591461476227,9.805874310262254e-08,2.9238684013396224e-07
EFT:1.0104241096782794e-05,2.122547334954209e-06,1.987322000788117e-05,0.499281670416237,6.935296550282277e-09,0.4992816704162441,2.6320519398807075e-09,0.0014041591461476227,9.805874310262393e-08,2.9238684013396224e-07
Random402
Raw:1.0104241096782938e-05,2.122547334954209e-06,1.987322000788117e-05,0.499281670416237,6.935296550282277e-09,0.4992816704162441,2.632051939880745e-09,0.0014041591461476427,9.805874310262393e-08,2.9238684013396224e-07
EFT:1.0104241096782794e-05,2.122547334954209e-06,1.987322000788117e-05,0.499281670416237,6.935296550282277e-09,0.4992816704162441,2.6320519398807075e-09,0.0014041591461476227,9.805874310262393e-08,2.9238684013396224e-07
Random403
Raw:1.0104241096783009e-05,2.122547334954224e-06,1.987322000788131e-05,0.49928167041623345,6.935296550282327e-09,0.49928167041624766,2.6320519398807638e-09,0.0014041591461476327,9.805874310262462e-08,2.923868401339685e-07
EFT:1.0104241096782794e-05,2.122547334954209e-06,1.987322000788117e-05,0.499281670416237,6.935296550282277e-09,0.4992816704162441,2.6320519398807075e-09,0.0014041591461476227,9.805874310262393e-08,2.9238684013396224e-07
Random404
Raw:1.0104241096782938e-05,2.122547334954209e-06,1.987322000788117e-05,0.499281670416237,6.935296550282277e-09,0.4992816704162441,2.632051939880745e-09,0.0014041591461476227,9.805874310262532e-08,2.9238684013396224e-07
EFT:1.0104241096782794e-05,2.122547334954209e-06,1.987322000788117e-05,0.499281670416237,6.935296550282277e-09,0.4992816704162441,2.6320519398807075e-09,0.0014041591461476227,9.805874310262393e-08,2.9238684013396224e-07
Random405
Raw:1.0104241096782938e-05,2.122547334954239e-06,1.987322000788145e-05,0.499281670416237,6.935296550282277e-09,0.4992816704162441,2.632051939880745e-09,0.0014041591461476427,9.805874310262393e-08,2.9238684013396637e-07
EFT:1.0104241096782794e-05,2.122547334954209e-06,1.987322000788117e-05,0.499281670416237,6.935296550282277e-09,0.4992816704162441,2.6320519398807075e-09,0.0014041591461476227,9.805874310262393e-08,2.9238684013396224e-07
Random406
Raw:1.0104241096782938e-05,2.122547334954239e-06,1.9873220007880885e-05,0.499281670416237,6.935296550282277e-09,0.4992816704162441,2.632051939880745e-09,0.0014041591461476227,9.805874310262532e-08,2.9238684013396224e-07
EFT:1.0104241096782794e-05,2.122547334954209e-06,1.987322000788117e-05,0.499281670416237,6.935296550282277e-09,0.4992816704162441,2.6320519398807075e-09,0.0014041591461476227,9.805874310262393e-08,2.9238684013396224e-07
Random407
Raw:1.0104241096782794e-05,2.122547334954209e-06,1.987322000788117e-05,0.499281670416237,6.935296550282277e-09,0.4992816704162441,2.6320519398807075e-09,0.0014041591461476026,9.805874310262393e-08,2.9238684013396224e-07
EFT:1.0104241096782794e-05,2.122547334954209e-06,1.987322000788117e-05,0.499281670416237,6.935296550282277e-09,0.4992816704162441,2.6320519398807075e-09,0.0014041591461476227,9.805874310262393e-08,2.9238684013396224e-07
Random408
Raw:1.0104241096783009e-05,2.122547334954224e-06,1.987322000788131e-05,0.49928167041623345,6.935296550282327e-09,0.49928167041624766,2.6320519398807638e-09,0.0014041591461476327,9.805874310262601e-08,2.9238684013396436e-07
EFT:1.0104241096782794e-05,2.122547334954209e-06,1.987322000788117e-05,0.499281670416237,6.935296550282277e-09,0.4992816704162441,2.6320519398807075e-09,0.0014041591461476227,9.805874310262393e-08,2.9238684013396224e-07
Random409
Raw:1.0104241096782938e-05,2.122547334954239e-06,1.987322000788145e-05,0.499281670416237,6.935296550282277e-09,0.4992816704162441,2.632051939880745e-09,0.0014041591461476427,9.805874310262393e-08,2.9238684013396637e-07
EFT:1.0104241096782794e-05,2.122547334954209e-06,1.987322000788117e-05,0.499281670416237,6.935296550282277e-09,0.4992816704162441,2.6320519398807075e-09,0.0014041591461476227,9.805874310262393e-08,2.9238684013396224e-07
Random410
Raw:1.0104241096782794e-05,2.122547334954209e-06,1.987322000788117e-05,0.499281670416237,6.935296550282277e-09,0.4992816704162441,2.632051939880745e-09,0.0014041591461476227,9.805874310262254e-08,2.9238684013396224e-07
EFT:1.0104241096782794e-05,2.122547334954209e-06,1.987322000788117e-05,0.499281670416237,6.935296550282277e-09,0.4992816704162441,2.6320519398807075e-09,0.0014041591461476227,9.805874310262393e-08,2.9238684013396224e-07
Random411
Raw:1.0104241096782867e-05,2.122547334954194e-06,1.9873220007881028e-05,0.49928167041624055,6.935296550282228e-09,0.49928167041624055,2.632051939880689e-09,0.0014041591461476128,9.805874310262462e-08,2.923868401339602e-07
EFT:1.0104241096782794e-05,2.122547334954209e-06,1.987322000788117e-05,0.499281670416237,6.935296550282277e-09,0.4992816704162441,2.6320519398807075e-09,0.0014041591461476227,9.805874310262393e-08,2.9238684013396224e-07
Random412
Raw:1.0104241096782938e-05,2.122547334954239e-06,1.987322000788145e-05,0.499281670416237,6.9352965502823754e-09,0.4992816704162441,2.632051939880745e-09,0.0014041591461476427,9.805874310262532e-08,2.9238684013396637e-07
EFT:1.0104241096782794e-05,2.122547334954209e-06,1.987322000788117e-05,0.499281670416237,6.935296550282277e-09,0.4992816704162441,2.6320519398807075e-09,0.0014041591461476227,9.805874310262393e-08,2.9238684013396224e-07
Random413
Raw:1.0104241096783009e-05,2.122547334954224e-06,1.987322000788131e-05,0.49928167041623345,6.935296550282327e-09,0.49928167041624766,2.6320519398807638e-09,0.0014041591461476327,9.805874310262462e-08,2.923868401339685e-07
EFT:1.0104241096782794e-05,2.122547334954209e-06,1.987322000788117e-05,0.499281670416237,6.935296550282277e-09,0.4992816704162441,2.6320519398807075e-09,0.0014041591461476227,9.805874310262393e-08,2.9238684013396224e-07
Random414
Raw:1.0104241096782938e-05,2.1225473349541788e-06,1.9873220007880885e-05,0.499281670416237,6.935296550282277e-09,0.4992816704162441,2.632051939880745e-09,0.0014041591461476026,9.805874310262532e-08,2.9238684013396224e-07
EFT:1.0104241096782794e-05,2.122547334954209e-06,1.987322000788117e-05,0.499281670416237,6.935296550282277e-09,0.4992816704162441,2.6320519398807075e-09,0.0014041591461476227,9.805874310262393e-08,2.9238684013396224e-07
Random415
Raw:1.0104241096782794e-05,2.122547334954209e-06,1.987322000788117e-05,0.499281670416237,6.9352965502821786e-09,0.4992816704162441,2.6320519398807075e-09,0.0014041591461476227,9.805874310262393e-08,2.9238684013396224e-07
EFT:1.0104241096782794e-05,2.122547334954209e-06,1.987322000788117e-05,0.499281670416237,6.935296550282277e-09,0.4992816704162441,2.6320519398807075e-09,0.0014041591461476227,9.805874310262393e-08,2.9238684013396224e-07
Random416
Raw:1.0104241096782938e-05,2.122547334954209e-06,1.9873220007880885e-05,0.499281670416237,6.9352965502823754e-09,0.4992816704162441,2.6320519398807824e-09,0.0014041591461476227,9.805874310262532e-08,2.9238684013396637e-07
EFT:1.0104241096782794e-05,2.122547334954209e-06,1.987322000788117e-05,0.499281670416237,6.935296550282277e-09,0.4992816704162441,2.6320519398807075e-09,0.0014041591461476227,9.805874310262393e-08,2.9238684013396224e-07
Random417
Raw:1.0104241096782867e-05,2.122547334954224e-06,1.9873220007881028e-05,0.49928167041624055,6.935296550282228e-09,0.49928167041624055,2.632051939880689e-09,0.0014041591461476527,9.805874310262462e-08,2.923868401339602e-07
EFT:1.0104241096782794e-05,2.122547334954209e-06,1.987322000788117e-05,0.499281670416237,6.935296550282277e-09,0.4992816704162441,2.6320519398807075e-09,0.0014041591461476227,9.805874310262393e-08,2.9238684013396224e-07
Random418
Raw:1.0104241096782867e-05,2.122547334954224e-06,1.987322000788131e-05,0.49928167041624055,6.935296550282326e-09,0.49928167041624055,2.6320519398807265e-09,0.0014041591461476327,9.805874310262462e-08,2.923868401339643e-07
EFT:1.0104241096782794e-05,2.122547334954209e-06,1.987322000788117e-05,0.499281670416237,6.935296550282277e-09,0.4992816704162441,2.6320519398807075e-09,0.0014041591461476227,9.805874310262393e-08,2.9238684013396224e-07
Random419
Raw:1.0104241096782867e-05,2.122547334954224e-06,1.9873220007881028e-05,0.49928167041624055,6.935296550282326e-09,0.49928167041624055,2.6320519398807265e-09,0.0014041591461476128,9.805874310262462e-08,2.923868401339643e-07
EFT:1.0104241096782794e-05,2.122547334954209e-06,1.987322000788117e-05,0.499281670416237,6.935296550282277e-09,0.4992816704162441,2.6320519398807075e-09,0.0014041591461476227,9.805874310262393e-08,2.9238684013396224e-07
Random420
Raw:1.0104241096782938e-05,2.122547334954209e-06,1.987322000788117e-05,0.499281670416237,6.9352965502823754e-09,0.4992816704162441,2.632051939880745e-09,0.0014041591461476227,9.805874310262532e-08,2.9238684013396637e-07
EFT:1.0104241096782794e-05,2.122547334954209e-06,1.987322000788117e-05,0.499281670416237,6.935296550282277e-09,0.4992816704162441,2.6320519398807075e-09,0.0014041591461476227,9.805874310262393e-08,2.9238684013396224e-07
Random421
Raw:1.0104241096782938e-05,2.122547334954239e-06,1.987322000788145e-05,0.499281670416237,6.935296550282277e-09,0.4992816704162441,2.632051939880745e-09,0.0014041591461476427,9.805874310262393e-08,2.9238684013396637e-07
EFT:1.0104241096782794e-05,2.122547334954209e-06,1.987322000788117e-05,0.499281670416237,6.935296550282277e-09,0.4992816704162441,2.6320519398807075e-09,0.0014041591461476227,9.805874310262393e-08,2.9238684013396224e-07
Random422
Raw:1.0104241096782938e-05,2.122547334954209e-06,1.9873220007880885e-05,0.499281670416237,6.935296550282277e-09,0.4992816704162441,2.632051939880745e-09,0.0014041591461476227,9.805874310262532e-08,2.9238684013396224e-07
EFT:1.0104241096782794e-05,2.122547334954209e-06,1.987322000788117e-05,0.499281670416237,6.935296550282277e-09,0.4992816704162441,2.6320519398807075e-09,0.0014041591461476227,9.805874310262393e-08,2.9238684013396224e-07
Random423
Raw:1.0104241096782867e-05,2.122547334954194e-06,1.9873220007881028e-05,0.49928167041624055,6.935296550282326e-09,0.49928167041624055,2.6320519398807265e-09,0.0014041591461476128,9.805874310262323e-08,2.923868401339643e-07
EFT:1.0104241096782794e-05,2.122547334954209e-06,1.987322000788117e-05,0.499281670416237,6.935296550282277e-09,0.4992816704162441,2.6320519398807075e-09,0.0014041591461476227,9.805874310262393e-08,2.9238684013396224e-07
Random424
Raw:1.0104241096782938e-05,2.122547334954209e-06,1.9873220007880885e-05,0.499281670416237,6.935296550282277e-09,0.4992816704162441,2.632051939880745e-09,0.0014041591461476227,9.805874310262532e-08,2.9238684013396224e-07
EFT:1.0104241096782794e-05,2.122547334954209e-06,1.987322000788117e-05,0.499281670416237,6.935296550282277e-09,0.4992816704162441,2.6320519398807075e-09,0.0014041591461476227,9.805874310262393e-08,2.9238684013396224e-07
Random425
Raw:1.0104241096782794e-05,2.122547334954209e-06,1.987322000788117e-05,0.499281670416237,6.935296550282277e-09,0.4992816704162441,2.632051939880745e-09,0.0014041591461476227,9.805874310262254e-08,2.9238684013396224e-07
EFT:1.0104241096782794e-05,2.122547334954209e-06,1.987322000788117e-05,0.499281670416237,6.935296550282277e-09,0.4992816704162441,2.6320519398807075e-09,0.0014041591461476227,9.805874310262393e-08,2.9238684013396224e-07
Random426
Raw:1.0104241096782938e-05,2.122547334954209e-06,1.987322000788117e-05,0.499281670416237,6.935296550282277e-09,0.4992816704162441,2.632051939880745e-09,0.0014041591461476427,9.805874310262393e-08,2.9238684013396224e-07
EFT:1.0104241096782794e-05,2.122547334954209e-06,1.987322000788117e-05,0.499281670416237,6.935296550282277e-09,0.4992816704162441,2.6320519398807075e-09,0.0014041591461476227,9.805874310262393e-08,2.9238684013396224e-07
Random427
Raw:1.0104241096782938e-05,2.122547334954209e-06,1.987322000788117e-05,0.499281670416237,6.9352965502823754e-09,0.4992816704162441,2.632051939880745e-09,0.0014041591461476227,9.805874310262393e-08,2.9238684013396637e-07
EFT:1.0104241096782794e-05,2.122547334954209e-06,1.987322000788117e-05,0.499281670416237,6.935296550282277e-09,0.4992816704162441,2.6320519398807075e-09,0.0014041591461476227,9.805874310262393e-08,2.9238684013396224e-07
Random428
Raw:1.0104241096782938e-05,2.122547334954209e-06,1.987322000788117e-05,0.499281670416237,6.9352965502823754e-09,0.4992816704162441,2.6320519398807824e-09,0.0014041591461476227,9.805874310262532e-08,2.9238684013396637e-07
EFT:1.0104241096782794e-05,2.122547334954209e-06,1.987322000788117e-05,0.499281670416237,6.935296550282277e-09,0.4992816704162441,2.6320519398807075e-09,0.0014041591461476227,9.805874310262393e-08,2.9238684013396224e-07
Random429
Raw:1.0104241096782938e-05,2.122547334954239e-06,1.987322000788117e-05,0.499281670416237,6.935296550282277e-09,0.4992816704162441,2.632051939880745e-09,0.0014041591461476427,9.805874310262532e-08,2.9238684013396224e-07
EFT:1.0104241096782794e-05,2.122547334954209e-06,1.987322000788117e-05,0.499281670416237,6.935296550282277e-09,0.4992816704162441,2.6320519398807075e-09,0.0014041591461476227,9.805874310262393e-08,2.9238684013396224e-07
Random430
Raw:1.0104241096783009e-05,2.122547334954224e-06,1.9873220007881028e-05,0.49928167041623345,6.935296550282327e-09,0.49928167041624766,2.632051939880801e-09,0.0014041591461476327,9.805874310262601e-08,2.9238684013396436e-07
EFT:1.0104241096782794e-05,2.122547334954209e-06,1.987322000788117e-05,0.499281670416237,6.935296550282277e-09,0.4992816704162441,2.6320519398807075e-09,0.0014041591461476227,9.805874310262393e-08,2.9238684013396224e-07
Random431
Raw:1.0104241096782865e-05,2.122547334954194e-06,1.9873220007881028e-05,0.49928167041623345,6.935296550282327e-09,0.49928167041624766,2.632051939880726e-09,0.0014041591461476126,9.805874310262462e-08,2.9238684013396436e-07
EFT:1.0104241096782794e-05,2.122547334954209e-06,1.987322000788117e-05,0.499281670416237,6.935296550282277e-09,0.4992816704162441,2.6320519398807075e-09,0.0014041591461476227,9.805874310262393e-08,2.9238684013396224e-07
Random432
Raw:1.0104241096782938e-05,2.122547334954239e-06,1.987322000788117e-05,0.499281670416237,6.9352965502823754e-09,0.4992816704162441,2.6320519398807824e-09,0.0014041591461476227,9.805874310262532e-08,2.9238684013396637e-07
EFT:1.0104241096782794e-05,2.122547334954209e-06,1.987322000788117e-05,0.499281670416237,6.935296550282277e-09,0.4992816704162441,2.6320519398807075e-09,0.0014041591461476227,9.805874310262393e-08,2.9238684013396224e-07
Random433
Raw:1.0104241096782938e-05,2.122547334954239e-06,1.987322000788145e-05,0.499281670416237,6.935296550282277e-09,0.4992816704162441,2.632051939880745e-09,0.0014041591461476227,9.805874310262532e-08,2.9238684013396224e-07
EFT:1.0104241096782794e-05,2.122547334954209e-06,1.987322000788117e-05,0.499281670416237,6.935296550282277e-09,0.4992816704162441,2.6320519398807075e-09,0.0014041591461476227,9.805874310262393e-08,2.9238684013396224e-07
Random434
Raw:1.0104241096782867e-05,2.122547334954194e-06,1.9873220007881028e-05,0.49928167041624055,6.935296550282228e-09,0.49928167041624055,2.632051939880689e-09,0.0014041591461476327,9.805874310262323e-08,2.923868401339602e-07
EFT:1.0104241096782794e-05,2.122547334954209e-06,1.987322000788117e-05,0.499281670416237,6.935296550282277e-09,0.4992816704162441,2.6320519398807075e-09,0.0014041591461476227,9.805874310262393e-08,2.9238684013396224e-07
Random435
Raw:1.0104241096782938e-05,2.122547334954239e-06,1.987322000788117e-05,0.499281670416237,6.935296550282277e-09,0.4992816704162441,2.632051939880745e-09,0.0014041591461476427,9.805874310262532e-08,2.9238684013396224e-07
EFT:1.0104241096782794e-05,2.122547334954209e-06,1.987322000788117e-05,0.499281670416237,6.935296550282277e-09,0.4992816704162441,2.6320519398807075e-09,0.0014041591461476227,9.805874310262393e-08,2.9238684013396224e-07
Random436
Raw:1.0104241096782794e-05,2.1225473349541788e-06,1.9873220007880885e-05,0.499281670416237,6.935296550282277e-09,0.4992816704162441,2.632051939880745e-09,0.0014041591461476026,9.805874310262254e-08,2.9238684013396224e-07
EFT:1.0104241096782794e-05,2.122547334954209e-06,1.987322000788117e-05,0.499281670416237,6.935296550282277e-09,0.4992816704162441,2.6320519398807075e-09,0.0014041591461476227,9.805874310262393e-08,2.9238684013396224e-07
Random437
Raw:1.0104241096782794e-05,2.122547334954209e-06,1.987322000788117e-05,0.499281670416237,6.9352965502821786e-09,0.4992816704162441,2.6320519398807075e-09,0.0014041591461476227,9.805874310262393e-08,2.9238684013396224e-07
EFT:1.0104241096782794e-05,2.122547334954209e-06,1.987322000788117e-05,0.499281670416237,6.935296550282277e-09,0.4992816704162441,2.6320519398807075e-09,0.0014041591461476227,9.805874310262393e-08,2.9238684013396224e-07
Random438
Raw:1.0104241096782865e-05,2.122547334954194e-06,1.9873220007881028e-05,0.49928167041623345,6.935296550282327e-09,0.49928167041624766,2.632051939880726e-09,0.0014041591461476126,9.805874310262462e-08,2.9238684013396436e-07
EFT:1.0104241096782794e-05,2.122547334954209e-06,1.987322000788117e-05,0.499281670416237,6.935296550282277e-09,0.4992816704162441,2.6320519398807075e-09,0.0014041591461476227,9.805874310262393e-08,2.9238684013396224e-07
Random439
Raw:1.0104241096782865e-05,2.122547334954194e-06,1.9873220007881028e-05,0.49928167041623345,6.935296550282327e-09,0.49928167041624766,2.632051939880726e-09,0.0014041591461476126,9.805874310262462e-08,2.9238684013396436e-07
EFT:1.0104241096782794e-05,2.122547334954209e-06,1.987322000788117e-05,0.499281670416237,6.935296550282277e-09,0.4992816704162441,2.6320519398807075e-09,0.0014041591461476227,9.805874310262393e-08,2.9238684013396224e-07
Random440
Raw:1.0104241096782794e-05,2.122547334954209e-06,1.987322000788117e-05,0.499281670416237,6.935296550282277e-09,0.4992816704162441,2.6320519398807075e-09,0.0014041591461476227,9.805874310262393e-08,2.9238684013396224e-07
EFT:1.0104241096782794e-05,2.122547334954209e-06,1.987322000788117e-05,0.499281670416237,6.935296550282277e-09,0.4992816704162441,2.6320519398807075e-09,0.0014041591461476227,9.805874310262393e-08,2.9238684013396224e-07
Random441
Raw:1.0104241096782867e-05,2.122547334954224e-06,1.987322000788131e-05,0.49928167041624055,6.935296550282326e-09,0.49928167041624055,2.6320519398807265e-09,0.0014041591461476327,9.805874310262462e-08,2.923868401339643e-07
EFT:1.0104241096782794e-05,2.122547334954209e-06,1.987322000788117e-05,0.499281670416237,6.935296550282277e-09,0.4992816704162441,2.6320519398807075e-09,0.0014041591461476227,9.805874310262393e-08,2.9238684013396224e-07
Random442
Raw:1.0104241096782938e-05,2.122547334954209e-06,1.9873220007880885e-05,0.499281670416237,6.935296550282277e-09,0.4992816704162441,2.632051939880745e-09,0.0014041591461476227,9.805874310262532e-08,2.9238684013396224e-07
EFT:1.0104241096782794e-05,2.122547334954209e-06,1.987322000788117e-05,0.499281670416237,6.935296550282277e-09,0.4992816704162441,2.6320519398807075e-09,0.0014041591461476227,9.805874310262393e-08,2.9238684013396224e-07
Random443
Raw:1.0104241096783009e-05,2.122547334954224e-06,1.987322000788131e-05,0.49928167041623345,6.935296550282327e-09,0.49928167041624766,2.6320519398807638e-09,0.0014041591461476327,9.805874310262601e-08,2.9238684013396436e-07
EFT:1.0104241096782794e-05,2.122547334954209e-06,1.987322000788117e-05,0.499281670416237,6.935296550282277e-09,0.4992816704162441,2.6320519398807075e-09,0.0014041591461476227,9.805874310262393e-08,2.9238684013396224e-07
Random444
Raw:1.0104241096782794e-05,2.122547334954209e-06,1.987322000788117e-05,0.499281670416237,6.9352965502821786e-09,0.4992816704162441,2.6320519398807075e-09,0.0014041591461476227,9.805874310262393e-08,2.9238684013396224e-07
EFT:1.0104241096782794e-05,2.122547334954209e-06,1.987322000788117e-05,0.499281670416237,6.935296550282277e-09,0.4992816704162441,2.6320519398807075e-09,0.0014041591461476227,9.805874310262393e-08,2.9238684013396224e-07
Random445
Raw:1.0104241096782938e-05,2.122547334954209e-06,1.987322000788117e-05,0.499281670416237,6.9352965502823754e-09,0.4992816704162441,2.632051939880745e-09,0.0014041591461476227,9.805874310262532e-08,2.9238684013396637e-07
EFT:1.0104241096782794e-05,2.122547334954209e-06,1.987322000788117e-05,0.499281670416237,6.935296550282277e-09,0.4992816704162441,2.6320519398807075e-09,0.0014041591461476227,9.805874310262393e-08,2.9238684013396224e-07
Random446
Raw:1.0104241096782867e-05,2.122547334954224e-06,1.987322000788131e-05,0.49928167041624055,6.935296550282326e-09,0.49928167041624055,2.6320519398807265e-09,0.0014041591461476327,9.805874310262462e-08,2.923868401339643e-07
EFT:1.0104241096782794e-05,2.122547334954209e-06,1.987322000788117e-05,0.499281670416237,6.935296550282277e-09,0.4992816704162441,2.6320519398807075e-09,0.0014041591461476227,9.805874310262393e-08,2.9238684013396224e-07
Random447
Raw:1.0104241096782865e-05,2.122547334954194e-06,1.9873220007880747e-05,0.49928167041623345,6.935296550282228e-09,0.49928167041624766,2.632051939880726e-09,0.0014041591461476126,9.805874310262462e-08,2.923868401339602e-07
EFT:1.0104241096782794e-05,2.122547334954209e-06,1.987322000788117e-05,0.499281670416237,6.935296550282277e-09,0.4992816704162441,2.6320519398807075e-09,0.0014041591461476227,9.805874310262393e-08,2.9238684013396224e-07
Random448
Raw:1.0104241096782867e-05,2.122547334954224e-06,1.987322000788131e-05,0.49928167041624055,6.935296550282326e-09,0.49928167041624055,2.6320519398807265e-09,0.0014041591461476327,9.805874310262462e-08,2.923868401339643e-07
EFT:1.0104241096782794e-05,2.122547334954209e-06,1.987322000788117e-05,0.499281670416237,6.935296550282277e-09,0.4992816704162441,2.6320519398807075e-09,0.0014041591461476227,9.805874310262393e-08,2.9238684013396224e-07
Random449
Raw:1.0104241096783009e-05,2.122547334954224e-06,1.987322000788131e-05,0.49928167041623345,6.935296550282327e-09,0.49928167041624766,2.6320519398807638e-09,0.0014041591461476327,9.805874310262462e-08,2.923868401339685e-07
EFT:1.0104241096782794e-05,2.122547334954209e-06,1.987322000788117e-05,0.499281670416237,6.935296550282277e-09,0.4992816704162441,2.6320519398807075e-09,0.0014041591461476227,9.805874310262393e-08,2.9238684013396224e-07
Random450
Raw:1.0104241096782867e-05,2.122547334954224e-06,1.9873220007881028e-05,0.49928167041624055,6.935296550282326e-09,0.49928167041624055,2.6320519398807638e-09,0.0014041591461476128,9.805874310262462e-08,2.923868401339643e-07
EFT:1.0104241096782794e-05,2.122547334954209e-06,1.987322000788117e-05,0.499281670416237,6.935296550282277e-09,0.4992816704162441,2.6320519398807075e-09,0.0014041591461476227,9.805874310262393e-08,2.9238684013396224e-07
Random451
Raw:1.0104241096782938e-05,2.122547334954239e-06,1.987322000788117e-05,0.499281670416237,6.935296550282277e-09,0.4992816704162441,2.632051939880745e-09,0.0014041591461476227,9.805874310262532e-08,2.9238684013396224e-07
EFT:1.0104241096782794e-05,2.122547334954209e-06,1.987322000788117e-05,0.499281670416237,6.935296550282277e-09,0.4992816704162441,2.6320519398807075e-09,0.0014041591461476227,9.805874310262393e-08,2.9238684013396224e-07
Random452
Raw:1.0104241096782938e-05,2.122547334954209e-06,1.987322000788117e-05,0.499281670416237,6.9352965502823754e-09,0.4992816704162441,2.6320519398807824e-09,0.0014041591461476227,9.805874310262532e-08,2.9238684013396637e-07
EFT:1.0104241096782794e-05,2.122547334954209e-06,1.987322000788117e-05,0.499281670416237,6.935296550282277e-09,0.4992816704162441,2.6320519398807075e-09,0.0014041591461476227,9.805874310262393e-08,2.9238684013396224e-07
Random453
Raw:1.0104241096782867e-05,2.122547334954224e-06,1.987322000788131e-05,0.49928167041624055,6.935296550282326e-09,0.49928167041624055,2.6320519398807265e-09,0.0014041591461476327,9.805874310262462e-08,2.923868401339643e-07
EFT:1.0104241096782794e-05,2.122547334954209e-06,1.987322000788117e-05,0.499281670416237,6.935296550282277e-09,0.4992816704162441,2.6320519398807075e-09,0.0014041591461476227,9.805874310262393e-08,2.9238684013396224e-07
Random454
Raw:1.0104241096782938e-05,2.122547334954209e-06,1.987322000788117e-05,0.499281670416237,6.9352965502823754e-09,0.4992816704162441,2.632051939880745e-09,0.0014041591461476227,9.805874310262532e-08,2.9238684013396637e-07
EFT:1.0104241096782794e-05,2.122547334954209e-06,1.987322000788117e-05,0.499281670416237,6.935296550282277e-09,0.4992816704162441,2.6320519398807075e-09,0.0014041591461476227,9.805874310262393e-08,2.9238684013396224e-07
Random455
Raw:1.0104241096782938e-05,2.122547334954209e-06,1.987322000788117e-05,0.499281670416237,6.9352965502823754e-09,0.4992816704162441,2.632051939880745e-09,0.0014041591461476227,9.805874310262393e-08,2.9238684013396637e-07
EFT:1.0104241096782794e-05,2.122547334954209e-06,1.987322000788117e-05,0.499281670416237,6.935296550282277e-09,0.4992816704162441,2.6320519398807075e-09,0.0014041591461476227,9.805874310262393e-08,2.9238684013396224e-07
Random456
Raw:1.0104241096782938e-05,2.1225473349542093e-06,1.9873220007880885e-05,0.4992816704162299,6.9352965502823754e-09,0.49928167041625116,2.6320519398807828e-09,0.0014041591461476026,9.805874310262532e-08,2.923868401339664e-07
EFT:1.0104241096782794e-05,2.122547334954209e-06,1.987322000788117e-05,0.499281670416237,6.935296550282277e-09,0.4992816704162441,2.6320519398807075e-09,0.0014041591461476227,9.805874310262393e-08,2.9238684013396224e-07
Random457
Raw:1.0104241096782794e-05,2.122547334954209e-06,1.987322000788117e-05,0.4992816704162441,6.935296550282277e-09,0.499281670416237,2.63205193988067e-09,0.0014041591461476227,9.805874310262393e-08,2.9238684013396224e-07
EFT:1.0104241096782794e-05,2.122547334954209e-06,1.987322000788117e-05,0.499281670416237,6.935296550282277e-09,0.4992816704162441,2.6320519398807075e-09,0.0014041591461476227,9.805874310262393e-08,2.9238684013396224e-07
Random458
Raw:1.0104241096782723e-05,2.122547334954194e-06,1.9873220007880743e-05,0.49928167041624055,6.93529655028213e-09,0.49928167041624055,2.632051939880689e-09,0.0014041591461476128,9.805874310262184e-08,2.923868401339602e-07
EFT:1.0104241096782794e-05,2.122547334954209e-06,1.987322000788117e-05,0.499281670416237,6.935296550282277e-09,0.4992816704162441,2.6320519398807075e-09,0.0014041591461476227,9.805874310262393e-08,2.9238684013396224e-07
Random459
Raw:1.0104241096782938e-05,2.1225473349541788e-06,1.9873220007880885e-05,0.4992816704162299,6.935296550282277e-09,0.49928167041625116,2.632051939880745e-09,0.0014041591461476225,9.805874310262532e-08,2.9238684013396224e-07
EFT:1.0104241096782794e-05,2.122547334954209e-06,1.987322000788117e-05,0.499281670416237,6.935296550282277e-09,0.4992816704162441,2.6320519398807075e-09,0.0014041591461476227,9.805874310262393e-08,2.9238684013396224e-07
Random460
Raw:1.0104241096782938e-05,2.122547334954239e-06,1.987322000788145e-05,0.499281670416237,6.935296550282277e-09,0.4992816704162441,2.632051939880745e-09,0.0014041591461476427,9.805874310262532e-08,2.9238684013396224e-07
EFT:1.0104241096782794e-05,2.122547334954209e-06,1.987322000788117e-05,0.499281670416237,6.935296550282277e-09,0.4992816704162441,2.6320519398807075e-09,0.0014041591461476227,9.805874310262393e-08,2.9238684013396224e-07
Random461
Raw:1.0104241096782867e-05,2.122547334954224e-06,1.987322000788131e-05,0.49928167041624055,6.935296550282228e-09,0.49928167041624055,2.632051939880689e-09,0.0014041591461476327,9.805874310262323e-08,2.923868401339643e-07
EFT:1.0104241096782794e-05,2.122547334954209e-06,1.987322000788117e-05,0.499281670416237,6.935296550282277e-09,0.4992816704162441,2.6320519398807075e-09,0.0014041591461476227,9.805874310262393e-08,2.9238684013396224e-07
Random462
Raw:1.0104241096782938e-05,2.122547334954209e-06,1.987322000788117e-05,0.499281670416237,6.9352965502823754e-09,0.4992816704162441,2.6320519398807824e-09,0.0014041591461476227,9.805874310262532e-08,2.9238684013396637e-07
EFT:1.0104241096782794e-05,2.122547334954209e-06,1.987322000788117e-05,0.499281670416237,6.935296550282277e-09,0.4992816704162441,2.6320519398807075e-09,0.0014041591461476227,9.805874310262393e-08,2.9238684013396224e-07
Random463
Raw:1.0104241096783009e-05,2.122547334954194e-06,1.9873220007881028e-05,0.49928167041623345,6.935296550282327e-09,0.49928167041624766,2.6320519398807638e-09,0.0014041591461476126,9.805874310262601e-08,2.9238684013396436e-07
EFT:1.0104241096782794e-05,2.122547334954209e-06,1.987322000788117e-05,0.499281670416237,6.935296550282277e-09,0.4992816704162441,2.6320519398807075e-09,0.0014041591461476227,9.805874310262393e-08,2.9238684013396224e-07
Random464
Raw:1.0104241096782938e-05,2.122547334954239e-06,1.987322000788117e-05,0.499281670416237,6.935296550282277e-09,0.4992816704162441,2.632051939880745e-09,0.0014041591461476427,9.805874310262393e-08,2.9238684013396637e-07
EFT:1.0104241096782794e-05,2.122547334954209e-06,1.987322000788117e-05,0.499281670416237,6.935296550282277e-09,0.4992816704162441,2.6320519398807075e-09,0.0014041591461476227,9.805874310262393e-08,2.9238684013396224e-07
Random465
Raw:1.0104241096782867e-05,2.122547334954224e-06,1.987322000788131e-05,0.49928167041624055,6.935296550282326e-09,0.49928167041624055,2.6320519398807265e-09,0.0014041591461476128,9.805874310262462e-08,2.923868401339643e-07
EFT:1.0104241096782794e-05,2.122547334954209e-06,1.987322000788117e-05,0.499281670416237,6.935296550282277e-09,0.4992816704162441,2.6320519398807075e-09,0.0014041591461476227,9.805874310262393e-08,2.9238684013396224e-07
Random466
Raw:1.0104241096782938e-05,2.122547334954209e-06,1.987322000788117e-05,0.499281670416237,6.935296550282277e-09,0.4992816704162441,2.632051939880745e-09,0.0014041591461476427,9.805874310262393e-08,2.9238684013396224e-07
EFT:1.0104241096782794e-05,2.122547334954209e-06,1.987322000788117e-05,0.499281670416237,6.935296550282277e-09,0.4992816704162441,2.6320519398807075e-09,0.0014041591461476227,9.805874310262393e-08,2.9238684013396224e-07
Random467
Raw:1.0104241096782938e-05,2.122547334954209e-06,1.987322000788117e-05,0.499281670416237,6.9352965502823754e-09,0.4992816704162441,2.6320519398807824e-09,0.0014041591461476227,9.805874310262532e-08,2.9238684013396637e-07
EFT:1.0104241096782794e-05,2.122547334954209e-06,1.987322000788117e-05,0.499281670416237,6.935296550282277e-09,0.4992816704162441,2.6320519398807075e-09,0.0014041591461476227,9.805874310262393e-08,2.9238684013396224e-07
Random468
Raw:1.0104241096782867e-05,2.122547334954194e-06,1.9873220007881028e-05,0.49928167041624055,6.935296550282326e-09,0.49928167041624055,2.6320519398807265e-09,0.0014041591461476128,9.805874310262323e-08,2.923868401339643e-07
EFT:1.0104241096782794e-05,2.122547334954209e-06,1.987322000788117e-05,0.499281670416237,6.935296550282277e-09,0.4992816704162441,2.6320519398807075e-09,0.0014041591461476227,9.805874310262393e-08,2.9238684013396224e-07
Random469
Raw:1.0104241096782865e-05,2.122547334954194e-06,1.9873220007880747e-05,0.49928167041623345,6.935296550282228e-09,0.49928167041624766,2.6320519398807638e-09,0.0014041591461476126,9.805874310262324e-08,2.9238684013396436e-07
EFT:1.0104241096782794e-05,2.122547334954209e-06,1.987322000788117e-05,0.499281670416237,6.935296550282277e-09,0.4992816704162441,2.6320519398807075e-09,0.0014041591461476227,9.805874310262393e-08,2.9238684013396224e-07
Random470
Raw:1.0104241096782938e-05,2.122547334954209e-06,1.987322000788117e-05,0.499281670416237,6.9352965502823754e-09,0.4992816704162441,2.632051939880745e-09,0.0014041591461476227,9.805874310262532e-08,2.9238684013396637e-07
EFT:1.0104241096782794e-05,2.122547334954209e-06,1.987322000788117e-05,0.499281670416237,6.935296550282277e-09,0.4992816704162441,2.6320519398807075e-09,0.0014041591461476227,9.805874310262393e-08,2.9238684013396224e-07
Random471
Raw:1.0104241096782938e-05,2.122547334954209e-06,1.987322000788117e-05,0.499281670416237,6.935296550282277e-09,0.4992816704162441,2.632051939880745e-09,0.0014041591461476227,9.805874310262393e-08,2.9238684013396637e-07
EFT:1.0104241096782794e-05,2.122547334954209e-06,1.987322000788117e-05,0.499281670416237,6.935296550282277e-09,0.4992816704162441,2.6320519398807075e-09,0.0014041591461476227,9.805874310262393e-08,2.9238684013396224e-07
Random472
Raw:1.0104241096782938e-05,2.122547334954209e-06,1.987322000788117e-05,0.499281670416237,6.935296550282277e-09,0.4992816704162441,2.632051939880745e-09,0.0014041591461476427,9.805874310262393e-08,2.9238684013396224e-07
EFT:1.0104241096782794e-05,2.122547334954209e-06,1.987322000788117e-05,0.499281670416237,6.935296550282277e-09,0.4992816704162441,2.6320519398807075e-09,0.0014041591461476227,9.805874310262393e-08,2.9238684013396224e-07
Random473
Raw:1.0104241096783009e-05,2.122547334954224e-06,1.987322000788131e-05,0.49928167041623345,6.935296550282327e-09,0.49928167041624766,2.6320519398807638e-09,0.0014041591461476327,9.805874310262601e-08,2.9238684013396436e-07
EFT:1.0104241096782794e-05,2.122547334954209e-06,1.987322000788117e-05,0.499281670416237,6.935296550282277e-09,0.4992816704162441,2.6320519398807075e-09,0.0014041591461476227,9.805874310262393e-08,2.9238684013396224e-07
Random474
Raw:1.0104241096782867e-05,2.122547334954224e-06,1.987322000788131e-05,0.49928167041624055,6.935296550282326e-09,0.49928167041624055,2.6320519398807265e-09,0.0014041591461476327,9.805874310262462e-08,2.923868401339643e-07
EFT:1.0104241096782794e-05,2.122547334954209e-06,1.987322000788117e-05,0.499281670416237,6.935296550282277e-09,0.4992816704162441,2.6320519398807075e-09,0.0014041591461476227,9.805874310262393e-08,2.9238684013396224e-07
Random475
Raw:1.0104241096782938e-05,2.122547334954239e-06,1.987322000788117e-05,0.499281670416237,6.935296550282277e-09,0.4992816704162441,2.632051939880745e-09,0.0014041591461476427,9.805874310262532e-08,2.9238684013396224e-07
EFT:1.0104241096782794e-05,2.122547334954209e-06,1.987322000788117e-05,0.499281670416237,6.935296550282277e-09,0.4992816704162441,2.6320519398807075e-09,0.0014041591461476227,9.805874310262393e-08,2.9238684013396224e-07
Random476
Raw:1.0104241096782867e-05,2.122547334954224e-06,1.987322000788131e-05,0.49928167041624055,6.935296550282326e-09,0.49928167041624055,2.6320519398807265e-09,0.0014041591461476327,9.805874310262323e-08,2.923868401339643e-07
EFT:1.0104241096782794e-05,2.122547334954209e-06,1.987322000788117e-05,0.499281670416237,6.935296550282277e-09,0.4992816704162441,2.6320519398807075e-09,0.0014041591461476227,9.805874310262393e-08,2.9238684013396224e-07
Random477
Raw:1.0104241096783009e-05,2.122547334954224e-06,1.987322000788131e-05,0.49928167041623345,6.935296550282327e-09,0.49928167041624766,2.6320519398807638e-09,0.0014041591461476327,9.805874310262462e-08,2.923868401339685e-07
EFT:1.0104241096782794e-05,2.122547334954209e-06,1.987322000788117e-05,0.499281670416237,6.935296550282277e-09,0.4992816704162441,2.6320519398807075e-09,0.0014041591461476227,9.805874310262393e-08,2.9238684013396224e-07
Random478
Raw:1.0104241096783009e-05,2.122547334954224e-06,1.987322000788131e-05,0.49928167041623345,6.935296550282327e-09,0.49928167041624766,2.6320519398807638e-09,0.0014041591461476327,9.805874310262462e-08,2.923868401339685e-07
EFT:1.0104241096782794e-05,2.122547334954209e-06,1.987322000788117e-05,0.499281670416237,6.935296550282277e-09,0.4992816704162441,2.6320519398807075e-09,0.0014041591461476227,9.805874310262393e-08,2.9238684013396224e-07
Random479
Raw:1.0104241096782867e-05,2.122547334954224e-06,1.987322000788131e-05,0.49928167041624055,6.935296550282326e-09,0.49928167041624055,2.6320519398807265e-09,0.0014041591461476327,9.805874310262323e-08,2.923868401339643e-07
EFT:1.0104241096782794e-05,2.122547334954209e-06,1.987322000788117e-05,0.499281670416237,6.935296550282277e-09,0.4992816704162441,2.6320519398807075e-09,0.0014041591461476227,9.805874310262393e-08,2.9238684013396224e-07
Random480
Raw:1.0104241096782794e-05,2.122547334954209e-06,1.987322000788117e-05,0.499281670416237,6.935296550282277e-09,0.4992816704162441,2.6320519398807075e-09,0.0014041591461476227,9.805874310262393e-08,2.9238684013396224e-07
EFT:1.0104241096782794e-05,2.122547334954209e-06,1.987322000788117e-05,0.499281670416237,6.935296550282277e-09,0.4992816704162441,2.6320519398807075e-09,0.0014041591461476227,9.805874310262393e-08,2.9238684013396224e-07
Random481
Raw:1.0104241096782865e-05,2.122547334954194e-06,1.9873220007881028e-05,0.49928167041623345,6.935296550282327e-09,0.49928167041624766,2.632051939880726e-09,0.0014041591461476126,9.805874310262462e-08,2.9238684013396436e-07
EFT:1.0104241096782794e-05,2.122547334954209e-06,1.987322000788117e-05,0.499281670416237,6.935296550282277e-09,0.4992816704162441,2.6320519398807075e-09,0.0014041591461476227,9.805874310262393e-08,2.9238684013396224e-07
Random482
Raw:1.0104241096782867e-05,2.122547334954224e-06,1.987322000788131e-05,0.49928167041624055,6.935296550282326e-09,0.49928167041624055,2.6320519398807265e-09,0.0014041591461476327,9.805874310262602e-08,2.923868401339643e-07
EFT:1.0104241096782794e-05,2.122547334954209e-06,1.987322000788117e-05,0.499281670416237,6.935296550282277e-09,0.4992816704162441,2.6320519398807075e-09,0.0014041591461476227,9.805874310262393e-08,2.9238684013396224e-07
Random483
Raw:1.0104241096782938e-05,2.122547334954209e-06,1.987322000788117e-05,0.499281670416237,6.935296550282277e-09,0.4992816704162441,2.632051939880745e-09,0.0014041591461476427,9.805874310262393e-08,2.9238684013396224e-07
EFT:1.0104241096782794e-05,2.122547334954209e-06,1.987322000788117e-05,0.499281670416237,6.935296550282277e-09,0.4992816704162441,2.6320519398807075e-09,0.0014041591461476227,9.805874310262393e-08,2.9238684013396224e-07
Random484
Raw:1.0104241096782938e-05,2.122547334954239e-06,1.987322000788145e-05,0.499281670416237,6.935296550282277e-09,0.4992816704162441,2.632051939880745e-09,0.0014041591461476427,9.805874310262532e-08,2.9238684013396224e-07
EFT:1.0104241096782794e-05,2.122547334954209e-06,1.987322000788117e-05,0.499281670416237,6.935296550282277e-09,0.4992816704162441,2.6320519398807075e-09,0.0014041591461476227,9.805874310262393e-08,2.9238684013396224e-07
Random485
Raw:1.0104241096782938e-05,2.122547334954209e-06,1.987322000788117e-05,0.499281670416237,6.9352965502823754e-09,0.4992816704162441,2.632051939880745e-09,0.0014041591461476227,9.805874310262532e-08,2.9238684013396637e-07
EFT:1.0104241096782794e-05,2.122547334954209e-06,1.987322000788117e-05,0.499281670416237,6.935296550282277e-09,0.4992816704162441,2.6320519398807075e-09,0.0014041591461476227,9.805874310262393e-08,2.9238684013396224e-07
Random486
Raw:1.0104241096782794e-05,2.122547334954209e-06,1.987322000788117e-05,0.499281670416237,6.935296550282277e-09,0.4992816704162441,2.6320519398807075e-09,0.0014041591461476026,9.805874310262393e-08,2.9238684013396224e-07
EFT:1.0104241096782794e-05,2.122547334954209e-06,1.987322000788117e-05,0.499281670416237,6.935296550282277e-09,0.4992816704162441,2.6320519398807075e-09,0.0014041591461476227,9.805874310262393e-08,2.9238684013396224e-07
Random487
Raw:1.0104241096782938e-05,2.122547334954239e-06,1.9873220007880885e-05,0.499281670416237,6.935296550282277e-09,0.4992816704162441,2.632051939880745e-09,0.0014041591461476227,9.805874310262532e-08,2.9238684013396224e-07
EFT:1.0104241096782794e-05,2.122547334954209e-06,1.987322000788117e-05,0.499281670416237,6.935296550282277e-09,0.4992816704162441,2.6320519398807075e-09,0.0014041591461476227,9.805874310262393e-08,2.9238684013396224e-07
Random488
Raw:1.0104241096783009e-05,2.122547334954224e-06,1.987322000788131e-05,0.49928167041623345,6.935296550282327e-09,0.49928167041624766,2.6320519398807638e-09,0.0014041591461476327,9.805874310262601e-08,2.9238684013396436e-07
EFT:1.0104241096782794e-05,2.122547334954209e-06,1.987322000788117e-05,0.499281670416237,6.935296550282277e-09,0.4992816704162441,2.6320519398807075e-09,0.0014041591461476227,9.805874310262393e-08,2.9238684013396224e-07
Random489
Raw:1.0104241096782794e-05,2.122547334954209e-06,1.987322000788117e-05,0.499281670416237,6.935296550282277e-09,0.4992816704162441,2.6320519398807075e-09,0.0014041591461476227,9.805874310262393e-08,2.9238684013396224e-07
EFT:1.0104241096782794e-05,2.122547334954209e-06,1.987322000788117e-05,0.499281670416237,6.935296550282277e-09,0.4992816704162441,2.6320519398807075e-09,0.0014041591461476227,9.805874310262393e-08,2.9238684013396224e-07
Random490
Raw:1.0104241096782938e-05,2.122547334954209e-06,1.987322000788117e-05,0.499281670416237,6.9352965502823754e-09,0.4992816704162441,2.632051939880745e-09,0.0014041591461476227,9.805874310262393e-08,2.9238684013396637e-07
EFT:1.0104241096782794e-05,2.122547334954209e-06,1.987322000788117e-05,0.499281670416237,6.935296550282277e-09,0.4992816704162441,2.6320519398807075e-09,0.0014041591461476227,9.805874310262393e-08,2.9238684013396224e-07
Random491
Raw:1.0104241096782794e-05,2.122547334954209e-06,1.987322000788117e-05,0.499281670416237,6.9352965502821786e-09,0.4992816704162441,2.6320519398807075e-09,0.0014041591461476227,9.805874310262393e-08,2.9238684013396224e-07
EFT:1.0104241096782794e-05,2.122547334954209e-06,1.987322000788117e-05,0.499281670416237,6.935296550282277e-09,0.4992816704162441,2.6320519398807075e-09,0.0014041591461476227,9.805874310262393e-08,2.9238684013396224e-07
Random492
Raw:1.0104241096782867e-05,2.122547334954194e-06,1.9873220007881028e-05,0.49928167041624055,6.935296550282228e-09,0.49928167041624055,2.632051939880689e-09,0.0014041591461476327,9.805874310262323e-08,2.923868401339602e-07
EFT:1.0104241096782794e-05,2.122547334954209e-06,1.987322000788117e-05,0.499281670416237,6.935296550282277e-09,0.4992816704162441,2.6320519398807075e-09,0.0014041591461476227,9.805874310262393e-08,2.9238684013396224e-07
Random493
Raw:1.0104241096783009e-05,2.122547334954224e-06,1.987322000788131e-05,0.49928167041623345,6.935296550282327e-09,0.49928167041624766,2.6320519398807638e-09,0.0014041591461476327,9.805874310262462e-08,2.923868401339685e-07
EFT:1.0104241096782794e-05,2.122547334954209e-06,1.987322000788117e-05,0.499281670416237,6.935296550282277e-09,0.4992816704162441,2.6320519398807075e-09,0.0014041591461476227,9.805874310262393e-08,2.9238684013396224e-07
Random494
Raw:1.0104241096782794e-05,2.122547334954209e-06,1.987322000788117e-05,0.4992816704162441,6.935296550282277e-09,0.499281670416237,2.6320519398807075e-09,0.0014041591461476227,9.805874310262393e-08,2.9238684013396224e-07
EFT:1.0104241096782794e-05,2.122547334954209e-06,1.987322000788117e-05,0.499281670416237,6.935296550282277e-09,0.4992816704162441,2.6320519398807075e-09,0.0014041591461476227,9.805874310262393e-08,2.9238684013396224e-07
Random495
Raw:1.0104241096782938e-05,2.122547334954239e-06,1.987322000788145e-05,0.499281670416237,6.935296550282277e-09,0.4992816704162441,2.632051939880745e-09,0.0014041591461476427,9.805874310262532e-08,2.9238684013396224e-07
EFT:1.0104241096782794e-05,2.122547334954209e-06,1.987322000788117e-05,0.499281670416237,6.935296550282277e-09,0.4992816704162441,2.6320519398807075e-09,0.0014041591461476227,9.805874310262393e-08,2.9238684013396224e-07
Random496
Raw:1.0104241096782867e-05,2.122547334954194e-06,1.9873220007881028e-05,0.49928167041624055,6.935296550282228e-09,0.49928167041624055,2.632051939880689e-09,0.0014041591461476128,9.805874310262462e-08,2.923868401339602e-07
EFT:1.0104241096782794e-05,2.122547334954209e-06,1.987322000788117e-05,0.499281670416237,6.935296550282277e-09,0.4992816704162441,2.6320519398807075e-09,0.0014041591461476227,9.805874310262393e-08,2.9238684013396224e-07
Random497
Raw:1.0104241096782867e-05,2.122547334954224e-06,1.9873220007881028e-05,0.49928167041624055,6.935296550282228e-09,0.49928167041624055,2.632051939880689e-09,0.0014041591461476327,9.805874310262462e-08,2.923868401339602e-07
EFT:1.0104241096782794e-05,2.122547334954209e-06,1.987322000788117e-05,0.499281670416237,6.935296550282277e-09,0.4992816704162441,2.6320519398807075e-09,0.0014041591461476227,9.805874310262393e-08,2.9238684013396224e-07
Random498
Raw:1.0104241096782867e-05,2.122547334954224e-06,1.987322000788131e-05,0.49928167041624055,6.935296550282326e-09,0.49928167041624055,2.6320519398807265e-09,0.0014041591461476327,9.805874310262462e-08,2.923868401339643e-07
EFT:1.0104241096782794e-05,2.122547334954209e-06,1.987322000788117e-05,0.499281670416237,6.935296550282277e-09,0.4992816704162441,2.6320519398807075e-09,0.0014041591461476227,9.805874310262393e-08,2.9238684013396224e-07
Random499
Raw:1.0104241096782938e-05,2.122547334954209e-06,1.987322000788117e-05,0.499281670416237,6.9352965502823754e-09,0.4992816704162441,2.632051939880745e-09,0.0014041591461476227,9.805874310262532e-08,2.9238684013396637e-07
EFT:1.0104241096782794e-05,2.122547334954209e-06,1.987322000788117e-05,0.499281670416237,6.935296550282277e-09,0.4992816704162441,2.6320519398807075e-09,0.0014041591461476227,9.805874310262393e-08,2.9238684013396224e-07
Random500
Raw:1.0104241096782938e-05,2.122547334954239e-06,1.987322000788117e-05,0.499281670416237,6.935296550282277e-09,0.4992816704162441,2.632051939880745e-09,0.0014041591461476427,9.805874310262532e-08,2.9238684013396224e-07
EFT:1.0104241096782794e-05,2.122547334954209e-06,1.987322000788117e-05,0.499281670416237,6.935296550282277e-09,0.4992816704162441,2.6320519398807075e-09,0.0014041591461476227,9.805874310262393e-08,2.9238684013396224e-07
Random501
Raw:1.0104241096783009e-05,2.122547334954194e-06,1.9873220007881028e-05,0.49928167041623345,6.935296550282327e-09,0.49928167041624766,2.6320519398807638e-09,0.0014041591461476126,9.805874310262601e-08,2.9238684013396436e-07
EFT:1.0104241096782794e-05,2.122547334954209e-06,1.987322000788117e-05,0.499281670416237,6.935296550282277e-09,0.4992816704162441,2.6320519398807075e-09,0.0014041591461476227,9.805874310262393e-08,2.9238684013396224e-07
Random502
Raw:1.0104241096782867e-05,2.122547334954194e-06,1.9873220007881028e-05,0.49928167041624055,6.935296550282326e-09,0.49928167041624055,2.6320519398807265e-09,0.0014041591461476128,9.805874310262323e-08,2.923868401339643e-07
EFT:1.0104241096782794e-05,2.122547334954209e-06,1.987322000788117e-05,0.499281670416237,6.935296550282277e-09,0.4992816704162441,2.6320519398807075e-09,0.0014041591461476227,9.805874310262393e-08,2.9238684013396224e-07
Random503
Raw:1.0104241096782794e-05,2.122547334954209e-06,1.987322000788117e-05,0.499281670416237,6.9352965502821786e-09,0.4992816704162441,2.6320519398807075e-09,0.0014041591461476227,9.805874310262393e-08,2.9238684013396224e-07
EFT:1.0104241096782794e-05,2.122547334954209e-06,1.987322000788117e-05,0.499281670416237,6.935296550282277e-09,0.4992816704162441,2.6320519398807075e-09,0.0014041591461476227,9.805874310262393e-08,2.9238684013396224e-07
Random504
Raw:1.0104241096782867e-05,2.122547334954194e-06,1.9873220007881028e-05,0.49928167041624055,6.935296550282326e-09,0.49928167041624055,2.6320519398807265e-09,0.0014041591461476128,9.805874310262323e-08,2.923868401339643e-07
EFT:1.0104241096782794e-05,2.122547334954209e-06,1.987322000788117e-05,0.499281670416237,6.935296550282277e-09,0.4992816704162441,2.6320519398807075e-09,0.0014041591461476227,9.805874310262393e-08,2.9238684013396224e-07
Random505
Raw:1.0104241096782938e-05,2.122547334954209e-06,1.987322000788117e-05,0.499281670416237,6.9352965502823754e-09,0.4992816704162441,2.632051939880745e-09,0.0014041591461476227,9.805874310262532e-08,2.9238684013396637e-07
EFT:1.0104241096782794e-05,2.122547334954209e-06,1.987322000788117e-05,0.499281670416237,6.935296550282277e-09,0.4992816704162441,2.6320519398807075e-09,0.0014041591461476227,9.805874310262393e-08,2.9238684013396224e-07
Random506
Raw:1.0104241096782867e-05,2.122547334954224e-06,1.987322000788131e-05,0.49928167041624055,6.935296550282326e-09,0.49928167041624055,2.6320519398807265e-09,0.0014041591461476128,9.805874310262462e-08,2.923868401339643e-07
EFT:1.0104241096782794e-05,2.122547334954209e-06,1.987322000788117e-05,0.499281670416237,6.935296550282277e-09,0.4992816704162441,2.6320519398807075e-09,0.0014041591461476227,9.805874310262393e-08,2.9238684013396224e-07
Random507
Raw:1.0104241096782867e-05,2.122547334954224e-06,1.987322000788131e-05,0.49928167041624055,6.935296550282326e-09,0.49928167041624055,2.6320519398807638e-09,0.0014041591461476128,9.805874310262462e-08,2.923868401339643e-07
EFT:1.0104241096782794e-05,2.122547334954209e-06,1.987322000788117e-05,0.499281670416237,6.935296550282277e-09,0.4992816704162441,2.6320519398807075e-09,0.0014041591461476227,9.805874310262393e-08,2.9238684013396224e-07
Random508
Raw:1.0104241096782938e-05,2.122547334954239e-06,1.9873220007880885e-05,0.499281670416237,6.935296550282277e-09,0.4992816704162441,2.632051939880745e-09,0.0014041591461476227,9.805874310262532e-08,2.9238684013396224e-07
EFT:1.0104241096782794e-05,2.122547334954209e-06,1.987322000788117e-05,0.499281670416237,6.935296550282277e-09,0.4992816704162441,2.6320519398807075e-09,0.0014041591461476227,9.805874310262393e-08,2.9238684013396224e-07
Random509
Raw:1.0104241096782865e-05,2.1225473349541635e-06,1.9873220007880747e-05,0.49928167041623345,6.935296550282228e-09,0.49928167041624766,2.632051939880726e-09,0.0014041591461476126,9.805874310262462e-08,2.923868401339602e-07
EFT:1.0104241096782794e-05,2.122547334954209e-06,1.987322000788117e-05,0.499281670416237,6.935296550282277e-09,0.4992816704162441,2.6320519398807075e-09,0.0014041591461476227,9.805874310262393e-08,2.9238684013396224e-07
Random510
Raw:1.0104241096782938e-05,2.1225473349541788e-06,1.9873220007880885e-05,0.499281670416237,6.935296550282277e-09,0.4992816704162441,2.632051939880745e-09,0.0014041591461476026,9.805874310262532e-08,2.9238684013396224e-07
EFT:1.0104241096782794e-05,2.122547334954209e-06,1.987322000788117e-05,0.499281670416237,6.935296550282277e-09,0.4992816704162441,2.6320519398807075e-09,0.0014041591461476227,9.805874310262393e-08,2.9238684013396224e-07
Random511
Raw:1.0104241096782867e-05,2.122547334954194e-06,1.9873220007881028e-05,0.49928167041624055,6.935296550282228e-09,0.49928167041624055,2.632051939880689e-09,0.0014041591461476128,9.805874310262462e-08,2.923868401339602e-07
EFT:1.0104241096782794e-05,2.122547334954209e-06,1.987322000788117e-05,0.499281670416237,6.935296550282277e-09,0.4992816704162441,2.6320519398807075e-09,0.0014041591461476227,9.805874310262393e-08,2.9238684013396224e-07
Random512
Raw:1.0104241096782938e-05,2.122547334954209e-06,1.987322000788117e-05,0.499281670416237,6.935296550282277e-09,0.4992816704162441,2.632051939880745e-09,0.0014041591461476227,9.805874310262532e-08,2.9238684013396224e-07
EFT:1.0104241096782794e-05,2.122547334954209e-06,1.987322000788117e-05,0.499281670416237,6.935296550282277e-09,0.4992816704162441,2.6320519398807075e-09,0.0014041591461476227,9.805874310262393e-08,2.9238684013396224e-07
Random513
Raw:1.0104241096783009e-05,2.122547334954224e-06,1.987322000788131e-05,0.49928167041623345,6.935296550282327e-09,0.49928167041624766,2.6320519398807638e-09,0.0014041591461476327,9.805874310262462e-08,2.923868401339685e-07
EFT:1.0104241096782794e-05,2.122547334954209e-06,1.987322000788117e-05,0.499281670416237,6.935296550282277e-09,0.4992816704162441,2.6320519398807075e-09,0.0014041591461476227,9.805874310262393e-08,2.9238684013396224e-07
Random514
Raw:1.0104241096782938e-05,2.122547334954239e-06,1.987322000788117e-05,0.499281670416237,6.935296550282277e-09,0.4992816704162441,2.632051939880745e-09,0.0014041591461476427,9.805874310262393e-08,2.9238684013396637e-07
EFT:1.0104241096782794e-05,2.122547334954209e-06,1.987322000788117e-05,0.499281670416237,6.935296550282277e-09,0.4992816704162441,2.6320519398807075e-09,0.0014041591461476227,9.805874310262393e-08,2.9238684013396224e-07
Random515
Raw:1.0104241096782938e-05,2.122547334954209e-06,1.987322000788117e-05,0.499281670416237,6.935296550282277e-09,0.4992816704162441,2.632051939880745e-09,0.0014041591461476427,9.805874310262393e-08,2.9238684013396224e-07
EFT:1.0104241096782794e-05,2.122547334954209e-06,1.987322000788117e-05,0.499281670416237,6.935296550282277e-09,0.4992816704162441,2.6320519398807075e-09,0.0014041591461476227,9.805874310262393e-08,2.9238684013396224e-07
Random516
Raw:1.0104241096782938e-05,2.122547334954209e-06,1.9873220007880885e-05,0.499281670416237,6.935296550282277e-09,0.4992816704162441,2.632051939880745e-09,0.0014041591461476227,9.805874310262532e-08,2.9238684013396224e-07
EFT:1.0104241096782794e-05,2.122547334954209e-06,1.987322000788117e-05,0.499281670416237,6.935296550282277e-09,0.4992816704162441,2.6320519398807075e-09,0.0014041591461476227,9.805874310262393e-08,2.9238684013396224e-07
Random517
Raw:1.0104241096782867e-05,2.122547334954224e-06,1.987322000788131e-05,0.49928167041624055,6.935296550282326e-09,0.49928167041624055,2.6320519398807265e-09,0.0014041591461476327,9.805874310262323e-08,2.923868401339643e-07
EFT:1.0104241096782794e-05,2.122547334954209e-06,1.987322000788117e-05,0.499281670416237,6.935296550282277e-09,0.4992816704162441,2.6320519398807075e-09,0.0014041591461476227,9.805874310262393e-08,2.9238684013396224e-07
Random518
Raw:1.0104241096782938e-05,2.122547334954209e-06,1.987322000788117e-05,0.499281670416237,6.9352965502823754e-09,0.4992816704162441,2.632051939880745e-09,0.0014041591461476227,9.805874310262672e-08,2.9238684013396637e-07
EFT:1.0104241096782794e-05,2.122547334954209e-06,1.987322000788117e-05,0.499281670416237,6.935296550282277e-09,0.4992816704162441,2.6320519398807075e-09,0.0014041591461476227,9.805874310262393e-08,2.9238684013396224e-07
Random519
Raw:1.0104241096782867e-05,2.122547334954194e-06,1.9873220007881028e-05,0.49928167041624055,6.935296550282228e-09,0.49928167041624055,2.632051939880689e-09,0.0014041591461476128,9.805874310262462e-08,2.923868401339602e-07
EFT:1.0104241096782794e-05,2.122547334954209e-06,1.987322000788117e-05,0.499281670416237,6.935296550282277e-09,0.4992816704162441,2.6320519398807075e-09,0.0014041591461476227,9.805874310262393e-08,2.9238684013396224e-07
Random520
Raw:1.0104241096782867e-05,2.122547334954224e-06,1.987322000788131e-05,0.49928167041624055,6.935296550282326e-09,0.49928167041624055,2.6320519398807265e-09,0.0014041591461476327,9.805874310262462e-08,2.923868401339643e-07
EFT:1.0104241096782794e-05,2.122547334954209e-06,1.987322000788117e-05,0.499281670416237,6.935296550282277e-09,0.4992816704162441,2.6320519398807075e-09,0.0014041591461476227,9.805874310262393e-08,2.9238684013396224e-07
Random521
Raw:1.0104241096783009e-05,2.122547334954224e-06,1.987322000788131e-05,0.49928167041623345,6.935296550282327e-09,0.49928167041624766,2.6320519398807638e-09,0.0014041591461476327,9.805874310262462e-08,2.923868401339685e-07
EFT:1.0104241096782794e-05,2.122547334954209e-06,1.987322000788117e-05,0.499281670416237,6.935296550282277e-09,0.4992816704162441,2.6320519398807075e-09,0.0014041591461476227,9.805874310262393e-08,2.9238684013396224e-07
Random522
Raw:1.0104241096782938e-05,2.122547334954209e-06,1.987322000788117e-05,0.499281670416237,6.9352965502823754e-09,0.4992816704162441,2.632051939880745e-09,0.0014041591461476227,9.805874310262532e-08,2.9238684013396637e-07
EFT:1.0104241096782794e-05,2.122547334954209e-06,1.987322000788117e-05,0.499281670416237,6.935296550282277e-09,0.4992816704162441,2.6320519398807075e-09,0.0014041591461476227,9.805874310262393e-08,2.9238684013396224e-07
Random523
Raw:1.0104241096782865e-05,2.122547334954194e-06,1.9873220007881028e-05,0.49928167041623345,6.935296550282228e-09,0.49928167041624766,2.632051939880726e-09,0.0014041591461476126,9.805874310262462e-08,2.9238684013396436e-07
EFT:1.0104241096782794e-05,2.122547334954209e-06,1.987322000788117e-05,0.499281670416237,6.935296550282277e-09,0.4992816704162441,2.6320519398807075e-09,0.0014041591461476227,9.805874310262393e-08,2.9238684013396224e-07
Random524
Raw:1.0104241096782794e-05,2.1225473349541788e-06,1.9873220007880604e-05,0.499281670416237,6.9352965502821786e-09,0.4992816704162441,2.632051939880745e-09,0.0014041591461476026,9.805874310262254e-08,2.9238684013396224e-07
EFT:1.0104241096782794e-05,2.122547334954209e-06,1.987322000788117e-05,0.499281670416237,6.935296550282277e-09,0.4992816704162441,2.6320519398807075e-09,0.0014041591461476227,9.805874310262393e-08,2.9238684013396224e-07
Random525
Raw:1.0104241096782867e-05,2.122547334954224e-06,1.987322000788131e-05,0.49928167041624055,6.935296550282326e-09,0.49928167041624055,2.6320519398807638e-09,0.0014041591461476327,9.805874310262462e-08,2.923868401339643e-07
EFT:1.0104241096782794e-05,2.122547334954209e-06,1.987322000788117e-05,0.499281670416237,6.935296550282277e-09,0.4992816704162441,2.6320519398807075e-09,0.0014041591461476227,9.805874310262393e-08,2.9238684013396224e-07
Random526
Raw:1.0104241096782938e-05,2.122547334954239e-06,1.987322000788117e-05,0.499281670416237,6.935296550282277e-09,0.4992816704162441,2.632051939880745e-09,0.0014041591461476427,9.805874310262532e-08,2.9238684013396224e-07
EFT:1.0104241096782794e-05,2.122547334954209e-06,1.987322000788117e-05,0.499281670416237,6.935296550282277e-09,0.4992816704162441,2.6320519398807075e-09,0.0014041591461476227,9.805874310262393e-08,2.9238684013396224e-07
Random527
Raw:1.0104241096782938e-05,2.122547334954209e-06,1.987322000788117e-05,0.499281670416237,6.935296550282277e-09,0.4992816704162441,2.632051939880745e-09,0.0014041591461476227,9.805874310262532e-08,2.9238684013396224e-07
EFT:1.0104241096782794e-05,2.122547334954209e-06,1.987322000788117e-05,0.499281670416237,6.935296550282277e-09,0.4992816704162441,2.6320519398807075e-09,0.0014041591461476227,9.805874310262393e-08,2.9238684013396224e-07
Random528
Raw:1.0104241096782867e-05,2.122547334954224e-06,1.987322000788131e-05,0.49928167041624055,6.935296550282326e-09,0.49928167041624055,2.6320519398807265e-09,0.0014041591461476327,9.805874310262462e-08,2.923868401339643e-07
EFT:1.0104241096782794e-05,2.122547334954209e-06,1.987322000788117e-05,0.499281670416237,6.935296550282277e-09,0.4992816704162441,2.6320519398807075e-09,0.0014041591461476227,9.805874310262393e-08,2.9238684013396224e-07
Random529
Raw:1.0104241096782867e-05,2.122547334954224e-06,1.987322000788131e-05,0.49928167041624055,6.935296550282326e-09,0.49928167041624055,2.6320519398807265e-09,0.0014041591461476327,9.805874310262462e-08,2.923868401339643e-07
EFT:1.0104241096782794e-05,2.122547334954209e-06,1.987322000788117e-05,0.499281670416237,6.935296550282277e-09,0.4992816704162441,2.6320519398807075e-09,0.0014041591461476227,9.805874310262393e-08,2.9238684013396224e-07
Random530
Raw:1.0104241096782867e-05,2.1225473349542546e-06,1.987322000788131e-05,0.49928167041624055,6.935296550282326e-09,0.49928167041624055,2.6320519398807638e-09,0.0014041591461476327,9.805874310262462e-08,2.923868401339643e-07
EFT:1.0104241096782794e-05,2.122547334954209e-06,1.987322000788117e-05,0.499281670416237,6.935296550282277e-09,0.4992816704162441,2.6320519398807075e-09,0.0014041591461476227,9.805874310262393e-08,2.9238684013396224e-07
Random531
Raw:1.0104241096782723e-05,2.122547334954194e-06,1.9873220007881028e-05,0.49928167041624055,6.93529655028213e-09,0.49928167041624055,2.6320519398806513e-09,0.0014041591461476128,9.805874310262323e-08,2.923868401339602e-07
EFT:1.0104241096782794e-05,2.122547334954209e-06,1.987322000788117e-05,0.499281670416237,6.935296550282277e-09,0.4992816704162441,2.6320519398807075e-09,0.0014041591461476227,9.805874310262393e-08,2.9238684013396224e-07
Random532
Raw:1.0104241096782938e-05,2.122547334954239e-06,1.987322000788145e-05,0.4992816704162441,6.9352965502823754e-09,0.499281670416237,2.632051939880745e-09,0.0014041591461476427,9.805874310262532e-08,2.9238684013396637e-07
EFT:1.0104241096782794e-05,2.122547334954209e-06,1.987322000788117e-05,0.499281670416237,6.935296550282277e-09,0.4992816704162441,2.6320519398807075e-09,0.0014041591461476227,9.805874310262393e-08,2.9238684013396224e-07
Random533
Raw:1.0104241096782865e-05,2.1225473349541635e-06,1.9873220007880747e-05,0.49928167041623345,6.935296550282228e-09,0.49928167041624766,2.632051939880726e-09,0.0014041591461476126,9.805874310262462e-08,2.923868401339602e-07
EFT:1.0104241096782794e-05,2.122547334954209e-06,1.987322000788117e-05,0.499281670416237,6.935296550282277e-09,0.4992816704162441,2.6320519398807075e-09,0.0014041591461476227,9.805874310262393e-08,2.9238684013396224e-07
Random534
Raw:1.0104241096782938e-05,2.122547334954209e-06,1.987322000788117e-05,0.499281670416237,6.935296550282277e-09,0.4992816704162441,2.632051939880745e-09,0.0014041591461476227,9.805874310262532e-08,2.9238684013396224e-07
EFT:1.0104241096782794e-05,2.122547334954209e-06,1.987322000788117e-05,0.499281670416237,6.935296550282277e-09,0.4992816704162441,2.6320519398807075e-09,0.0014041591461476227,9.805874310262393e-08,2.9238684013396224e-07
Random535
Raw:1.0104241096782865e-05,2.122547334954194e-06,1.9873220007881028e-05,0.49928167041623345,6.935296550282228e-09,0.49928167041624766,2.632051939880726e-09,0.0014041591461476126,9.805874310262462e-08,2.9238684013396436e-07
EFT:1.0104241096782794e-05,2.122547334954209e-06,1.987322000788117e-05,0.499281670416237,6.935296550282277e-09,0.4992816704162441,2.6320519398807075e-09,0.0014041591461476227,9.805874310262393e-08,2.9238684013396224e-07
Random536
Raw:1.0104241096782938e-05,2.122547334954239e-06,1.987322000788117e-05,0.499281670416237,6.9352965502823754e-09,0.4992816704162441,2.6320519398807824e-09,0.0014041591461476227,9.805874310262532e-08,2.9238684013396637e-07
EFT:1.0104241096782794e-05,2.122547334954209e-06,1.987322000788117e-05,0.499281670416237,6.935296550282277e-09,0.4992816704162441,2.6320519398807075e-09,0.0014041591461476227,9.805874310262393e-08,2.9238684013396224e-07
Random537
Raw:1.0104241096782938e-05,2.122547334954209e-06,1.987322000788117e-05,0.499281670416237,6.935296550282277e-09,0.4992816704162441,2.632051939880745e-09,0.0014041591461476227,9.805874310262532e-08,2.9238684013396224e-07
EFT:1.0104241096782794e-05,2.122547334954209e-06,1.987322000788117e-05,0.499281670416237,6.935296550282277e-09,0.4992816704162441,2.6320519398807075e-09,0.0014041591461476227,9.805874310262393e-08,2.9238684013396224e-07
Random538
Raw:1.0104241096782867e-05,2.122547334954224e-06,1.987322000788131e-05,0.49928167041624055,6.935296550282326e-09,0.49928167041624055,2.6320519398807265e-09,0.0014041591461476327,9.805874310262602e-08,2.923868401339643e-07
EFT:1.0104241096782794e-05,2.122547334954209e-06,1.987322000788117e-05,0.499281670416237,6.935296550282277e-09,0.4992816704162441,2.6320519398807075e-09,0.0014041591461476227,9.805874310262393e-08,2.9238684013396224e-07
Random539
Raw:1.0104241096783009e-05,2.122547334954194e-06,1.9873220007881028e-05,0.49928167041623345,6.935296550282327e-09,0.49928167041624766,2.6320519398807638e-09,0.0014041591461476327,9.805874310262462e-08,2.9238684013396436e-07
EFT:1.0104241096782794e-05,2.122547334954209e-06,1.987322000788117e-05,0.499281670416237,6.935296550282277e-09,0.4992816704162441,2.6320519398807075e-09,0.0014041591461476227,9.805874310262393e-08,2.9238684013396224e-07
Random540
Raw:1.0104241096783009e-05,2.122547334954194e-06,1.9873220007881028e-05,0.49928167041623345,6.935296550282327e-09,0.49928167041624766,2.6320519398807638e-09,0.0014041591461476327,9.805874310262462e-08,2.9238684013396436e-07
EFT:1.0104241096782794e-05,2.122547334954209e-06,1.987322000788117e-05,0.499281670416237,6.935296550282277e-09,0.4992816704162441,2.6320519398807075e-09,0.0014041591461476227,9.805874310262393e-08,2.9238684013396224e-07
Random541
Raw:1.0104241096782867e-05,2.122547334954194e-06,1.9873220007881028e-05,0.49928167041624055,6.935296550282228e-09,0.49928167041624055,2.632051939880689e-09,0.0014041591461476327,9.805874310262323e-08,2.923868401339602e-07
EFT:1.0104241096782794e-05,2.122547334954209e-06,1.987322000788117e-05,0.499281670416237,6.935296550282277e-09,0.4992816704162441,2.6320519398807075e-09,0.0014041591461476227,9.805874310262393e-08,2.9238684013396224e-07
Random542
Raw:1.0104241096782867e-05,2.122547334954224e-06,1.987322000788131e-05,0.49928167041624055,6.935296550282326e-09,0.49928167041624055,2.6320519398807265e-09,0.0014041591461476327,9.805874310262323e-08,2.923868401339643e-07
EFT:1.0104241096782794e-05,2.122547334954209e-06,1.987322000788117e-05,0.499281670416237,6.935296550282277e-09,0.4992816704162441,2.6320519398807075e-09,0.0014041591461476227,9.805874310262393e-08,2.9238684013396224e-07
Random543
Raw:1.0104241096782794e-05,2.122547334954209e-06,1.9873220007880885e-05,0.499281670416237,6.935296550282277e-09,0.4992816704162441,2.632051939880745e-09,0.0014041591461476227,9.805874310262254e-08,2.9238684013396224e-07
EFT:1.0104241096782794e-05,2.122547334954209e-06,1.987322000788117e-05,0.499281670416237,6.935296550282277e-09,0.4992816704162441,2.6320519398807075e-09,0.0014041591461476227,9.805874310262393e-08,2.9238684013396224e-07
Random544
Raw:1.0104241096783009e-05,2.122547334954224e-06,1.987322000788131e-05,0.49928167041623345,6.935296550282424e-09,0.49928167041624766,2.6320519398807638e-09,0.0014041591461476327,9.805874310262601e-08,2.923868401339685e-07
EFT:1.0104241096782794e-05,2.122547334954209e-06,1.987322000788117e-05,0.499281670416237,6.935296550282277e-09,0.4992816704162441,2.6320519398807075e-09,0.0014041591461476227,9.805874310262393e-08,2.9238684013396224e-07
Random545
Raw:1.0104241096782794e-05,2.122547334954209e-06,1.987322000788117e-05,0.499281670416237,6.935296550282277e-09,0.4992816704162441,2.632051939880745e-09,0.0014041591461476227,9.805874310262254e-08,2.9238684013396224e-07
EFT:1.0104241096782794e-05,2.122547334954209e-06,1.987322000788117e-05,0.499281670416237,6.935296550282277e-09,0.4992816704162441,2.6320519398807075e-09,0.0014041591461476227,9.805874310262393e-08,2.9238684013396224e-07
Random546
Raw:1.0104241096782938e-05,2.122547334954239e-06,1.987322000788117e-05,0.499281670416237,6.9352965502823754e-09,0.4992816704162441,2.6320519398807824e-09,0.0014041591461476227,9.805874310262532e-08,2.9238684013396637e-07
EFT:1.0104241096782794e-05,2.122547334954209e-06,1.987322000788117e-05,0.499281670416237,6.935296550282277e-09,0.4992816704162441,2.6320519398807075e-09,0.0014041591461476227,9.805874310262393e-08,2.9238684013396224e-07
Random547
Raw:1.0104241096783009e-05,2.122547334954224e-06,1.9873220007881028e-05,0.49928167041623345,6.935296550282327e-09,0.49928167041624766,2.6320519398807638e-09,0.0014041591461476327,9.805874310262601e-08,2.9238684013396436e-07
EFT:1.0104241096782794e-05,2.122547334954209e-06,1.987322000788117e-05,0.499281670416237,6.935296550282277e-09,0.4992816704162441,2.6320519398807075e-09,0.0014041591461476227,9.805874310262393e-08,2.9238684013396224e-07
Random548
Raw:1.0104241096782867e-05,2.122547334954224e-06,1.987322000788131e-05,0.49928167041624055,6.935296550282326e-09,0.49928167041624055,2.6320519398807265e-09,0.0014041591461476128,9.805874310262462e-08,2.923868401339643e-07
EFT:1.0104241096782794e-05,2.122547334954209e-06,1.987322000788117e-05,0.499281670416237,6.935296550282277e-09,0.4992816704162441,2.6320519398807075e-09,0.0014041591461476227,9.805874310262393e-08,2.9238684013396224e-07
Random549
Raw:1.0104241096782938e-05,2.122547334954209e-06,1.9873220007880885e-05,0.499281670416237,6.9352965502823754e-09,0.4992816704162441,2.6320519398807824e-09,0.0014041591461476227,9.805874310262532e-08,2.9238684013396637e-07
EFT:1.0104241096782794e-05,2.122547334954209e-06,1.987322000788117e-05,0.499281670416237,6.935296550282277e-09,0.4992816704162441,2.6320519398807075e-09,0.0014041591461476227,9.805874310262393e-08,2.9238684013396224e-07
Random550
Raw:1.0104241096782938e-05,2.122547334954239e-06,1.987322000788117e-05,0.499281670416237,6.935296550282277e-09,0.4992816704162441,2.632051939880745e-09,0.0014041591461476427,9.805874310262532e-08,2.9238684013396224e-07
EFT:1.0104241096782794e-05,2.122547334954209e-06,1.987322000788117e-05,0.499281670416237,6.935296550282277e-09,0.4992816704162441,2.6320519398807075e-09,0.0014041591461476227,9.805874310262393e-08,2.9238684013396224e-07
Random551
Raw:1.0104241096782938e-05,2.122547334954209e-06,1.987322000788117e-05,0.499281670416237,6.9352965502823754e-09,0.4992816704162441,2.632051939880745e-09,0.0014041591461476227,9.805874310262532e-08,2.9238684013396637e-07
EFT:1.0104241096782794e-05,2.122547334954209e-06,1.987322000788117e-05,0.499281670416237,6.935296550282277e-09,0.4992816704162441,2.6320519398807075e-09,0.0014041591461476227,9.805874310262393e-08,2.9238684013396224e-07
Random552
Raw:1.0104241096782794e-05,2.122547334954209e-06,1.987322000788117e-05,0.499281670416237,6.935296550282277e-09,0.4992816704162441,2.632051939880745e-09,0.0014041591461476227,9.805874310262254e-08,2.9238684013396224e-07
EFT:1.0104241096782794e-05,2.122547334954209e-06,1.987322000788117e-05,0.499281670416237,6.935296550282277e-09,0.4992816704162441,2.6320519398807075e-09,0.0014041591461476227,9.805874310262393e-08,2.9238684013396224e-07
Random553
Raw:1.0104241096783009e-05,2.122547334954224e-06,1.987322000788131e-05,0.49928167041623345,6.935296550282424e-09,0.49928167041624766,2.6320519398807638e-09,0.0014041591461476327,9.805874310262601e-08,2.923868401339685e-07
EFT:1.0104241096782794e-05,2.122547334954209e-06,1.987322000788117e-05,0.499281670416237,6.935296550282277e-09,0.4992816704162441,2.6320519398807075e-09,0.0014041591461476227,9.805874310262393e-08,2.9238684013396224e-07
Random554
Raw:1.0104241096782938e-05,2.122547334954209e-06,1.987322000788117e-05,0.499281670416237,6.935296550282277e-09,0.4992816704162441,2.632051939880745e-09,0.0014041591461476427,9.805874310262393e-08,2.9238684013396224e-07
EFT:1.0104241096782794e-05,2.122547334954209e-06,1.987322000788117e-05,0.499281670416237,6.935296550282277e-09,0.4992816704162441,2.6320519398807075e-09,0.0014041591461476227,9.805874310262393e-08,2.9238684013396224e-07
Random555
Raw:1.0104241096783009e-05,2.122547334954224e-06,1.987322000788131e-05,0.49928167041623345,6.935296550282327e-09,0.49928167041624766,2.6320519398807638e-09,0.0014041591461476327,9.805874310262601e-08,2.9238684013396436e-07
EFT:1.0104241096782794e-05,2.122547334954209e-06,1.987322000788117e-05,0.499281670416237,6.935296550282277e-09,0.4992816704162441,2.6320519398807075e-09,0.0014041591461476227,9.805874310262393e-08,2.9238684013396224e-07
Random556
Raw:1.0104241096782867e-05,2.122547334954194e-06,1.9873220007881028e-05,0.49928167041624055,6.935296550282228e-09,0.49928167041624055,2.632051939880689e-09,0.0014041591461476128,9.805874310262462e-08,2.923868401339602e-07
EFT:1.0104241096782794e-05,2.122547334954209e-06,1.987322000788117e-05,0.499281670416237,6.935296550282277e-09,0.4992816704162441,2.6320519398807075e-09,0.0014041591461476227,9.805874310262393e-08,2.9238684013396224e-07
Random557
Raw:1.0104241096782794e-05,2.122547334954209e-06,1.987322000788117e-05,0.499281670416237,6.935296550282277e-09,0.4992816704162441,2.6320519398807075e-09,0.0014041591461476227,9.805874310262393e-08,2.9238684013396224e-07
EFT:1.0104241096782794e-05,2.122547334954209e-06,1.987322000788117e-05,0.499281670416237,6.935296550282277e-09,0.4992816704162441,2.6320519398807075e-09,0.0014041591461476227,9.805874310262393e-08,2.9238684013396224e-07
Random558
Raw:1.0104241096782938e-05,2.122547334954209e-06,1.987322000788117e-05,0.499281670416237,6.935296550282277e-09,0.4992816704162441,2.632051939880745e-09,0.0014041591461476227,9.805874310262532e-08,2.9238684013396224e-07
EFT:1.0104241096782794e-05,2.122547334954209e-06,1.987322000788117e-05,0.499281670416237,6.935296550282277e-09,0.4992816704162441,2.6320519398807075e-09,0.0014041591461476227,9.805874310262393e-08,2.9238684013396224e-07
Random559
Raw:1.0104241096782794e-05,2.122547334954209e-06,1.9873220007880885e-05,0.499281670416237,6.935296550282277e-09,0.4992816704162441,2.632051939880745e-09,0.0014041591461476227,9.805874310262254e-08,2.9238684013396224e-07
EFT:1.0104241096782794e-05,2.122547334954209e-06,1.987322000788117e-05,0.499281670416237,6.935296550282277e-09,0.4992816704162441,2.6320519398807075e-09,0.0014041591461476227,9.805874310262393e-08,2.9238684013396224e-07
Random560
Raw:1.0104241096783009e-05,2.122547334954224e-06,1.9873220007881028e-05,0.49928167041623345,6.935296550282327e-09,0.49928167041624766,2.6320519398807638e-09,0.0014041591461476327,9.805874310262601e-08,2.9238684013396436e-07
EFT:1.0104241096782794e-05,2.122547334954209e-06,1.987322000788117e-05,0.499281670416237,6.935296550282277e-09,0.4992816704162441,2.6320519398807075e-09,0.0014041591461476227,9.805874310262393e-08,2.9238684013396224e-07
Random561
Raw:1.0104241096782938e-05,2.122547334954209e-06,1.987322000788117e-05,0.499281670416237,6.9352965502823754e-09,0.4992816704162441,2.632051939880745e-09,0.0014041591461476227,9.805874310262532e-08,2.9238684013396637e-07
EFT:1.0104241096782794e-05,2.122547334954209e-06,1.987322000788117e-05,0.499281670416237,6.935296550282277e-09,0.4992816704162441,2.6320519398807075e-09,0.0014041591461476227,9.805874310262393e-08,2.9238684013396224e-07
Random562
Raw:1.0104241096782867e-05,2.122547334954224e-06,1.987322000788131e-05,0.49928167041624055,6.935296550282326e-09,0.49928167041624055,2.6320519398807265e-09,0.0014041591461476327,9.805874310262602e-08,2.923868401339643e-07
EFT:1.0104241096782794e-05,2.122547334954209e-06,1.987322000788117e-05,0.499281670416237,6.935296550282277e-09,0.4992816704162441,2.6320519398807075e-09,0.0014041591461476227,9.805874310262393e-08,2.9238684013396224e-07
Random563
Raw:1.0104241096782794e-05,2.122547334954209e-06,1.987322000788117e-05,0.499281670416237,6.935296550282277e-09,0.4992816704162441,2.6320519398807075e-09,0.0014041591461476227,9.805874310262393e-08,2.9238684013396224e-07
EFT:1.0104241096782794e-05,2.122547334954209e-06,1.987322000788117e-05,0.499281670416237,6.935296550282277e-09,0.4992816704162441,2.6320519398807075e-09,0.0014041591461476227,9.805874310262393e-08,2.9238684013396224e-07
Random564
Raw:1.0104241096782867e-05,2.1225473349542546e-06,1.9873220007881594e-05,0.49928167041624055,6.935296550282326e-09,0.49928167041624055,2.6320519398807265e-09,0.0014041591461476327,9.805874310262602e-08,2.923868401339643e-07
EFT:1.0104241096782794e-05,2.122547334954209e-06,1.987322000788117e-05,0.499281670416237,6.935296550282277e-09,0.4992816704162441,2.6320519398807075e-09,0.0014041591461476227,9.805874310262393e-08,2.9238684013396224e-07
Random565
Raw:1.0104241096782867e-05,2.122547334954224e-06,1.9873220007881028e-05,0.49928167041624055,6.935296550282326e-09,0.49928167041624055,2.6320519398807638e-09,0.0014041591461476128,9.805874310262462e-08,2.923868401339643e-07
EFT:1.0104241096782794e-05,2.122547334954209e-06,1.987322000788117e-05,0.499281670416237,6.935296550282277e-09,0.4992816704162441,2.6320519398807075e-09,0.0014041591461476227,9.805874310262393e-08,2.9238684013396224e-07
Random566
Raw:1.0104241096782867e-05,2.122547334954224e-06,1.9873220007881028e-05,0.49928167041624055,6.935296550282326e-09,0.49928167041624055,2.6320519398807638e-09,0.0014041591461476128,9.805874310262462e-08,2.923868401339643e-07
EFT:1.0104241096782794e-05,2.122547334954209e-06,1.987322000788117e-05,0.499281670416237,6.935296550282277e-09,0.4992816704162441,2.6320519398807075e-09,0.0014041591461476227,9.805874310262393e-08,2.9238684013396224e-07
Random567
Raw:1.0104241096782938e-05,2.122547334954239e-06,1.987322000788145e-05,0.499281670416237,6.935296550282277e-09,0.4992816704162441,2.632051939880745e-09,0.0014041591461476427,9.805874310262532e-08,2.9238684013396224e-07
EFT:1.0104241096782794e-05,2.122547334954209e-06,1.987322000788117e-05,0.499281670416237,6.935296550282277e-09,0.4992816704162441,2.6320519398807075e-09,0.0014041591461476227,9.805874310262393e-08,2.9238684013396224e-07
Random568
Raw:1.0104241096782938e-05,2.122547334954239e-06,1.987322000788117e-05,0.499281670416237,6.9352965502823754e-09,0.4992816704162441,2.6320519398807824e-09,0.0014041591461476227,9.805874310262532e-08,2.9238684013396637e-07
EFT:1.0104241096782794e-05,2.122547334954209e-06,1.987322000788117e-05,0.499281670416237,6.935296550282277e-09,0.4992816704162441,2.6320519398807075e-09,0.0014041591461476227,9.805874310262393e-08,2.9238684013396224e-07
Random569
Raw:1.0104241096782938e-05,2.122547334954209e-06,1.987322000788117e-05,0.499281670416237,6.935296550282277e-09,0.4992816704162441,2.632051939880745e-09,0.0014041591461476427,9.805874310262393e-08,2.9238684013396224e-07
EFT:1.0104241096782794e-05,2.122547334954209e-06,1.987322000788117e-05,0.499281670416237,6.935296550282277e-09,0.4992816704162441,2.6320519398807075e-09,0.0014041591461476227,9.805874310262393e-08,2.9238684013396224e-07
Random570
Raw:1.0104241096782794e-05,2.122547334954209e-06,1.987322000788117e-05,0.4992816704162441,6.935296550282277e-09,0.499281670416237,2.63205193988067e-09,0.0014041591461476227,9.805874310262532e-08,2.9238684013396224e-07
EFT:1.0104241096782794e-05,2.122547334954209e-06,1.987322000788117e-05,0.499281670416237,6.935296550282277e-09,0.4992816704162441,2.6320519398807075e-09,0.0014041591461476227,9.805874310262393e-08,2.9238684013396224e-07
Random571
Raw:1.0104241096782867e-05,2.122547334954224e-06,1.987322000788131e-05,0.49928167041624055,6.935296550282326e-09,0.49928167041624055,2.6320519398807265e-09,0.0014041591461476327,9.805874310262323e-08,2.923868401339643e-07
EFT:1.0104241096782794e-05,2.122547334954209e-06,1.987322000788117e-05,0.499281670416237,6.935296550282277e-09,0.4992816704162441,2.6320519398807075e-09,0.0014041591461476227,9.805874310262393e-08,2.9238684013396224e-07
Random572
Raw:1.0104241096782794e-05,2.122547334954209e-06,1.987322000788117e-05,0.499281670416237,6.9352965502821786e-09,0.4992816704162441,2.6320519398807075e-09,0.0014041591461476227,9.805874310262393e-08,2.9238684013396224e-07
EFT:1.0104241096782794e-05,2.122547334954209e-06,1.987322000788117e-05,0.499281670416237,6.935296550282277e-09,0.4992816704162441,2.6320519398807075e-09,0.0014041591461476227,9.805874310262393e-08,2.9238684013396224e-07
Random573
Raw:1.0104241096782867e-05,2.122547334954224e-06,1.987322000788131e-05,0.49928167041624055,6.935296550282326e-09,0.49928167041624055,2.6320519398807265e-09,0.0014041591461476327,9.805874310262323e-08,2.923868401339643e-07
EFT:1.0104241096782794e-05,2.122547334954209e-06,1.987322000788117e-05,0.499281670416237,6.935296550282277e-09,0.4992816704162441,2.6320519398807075e-09,0.0014041591461476227,9.805874310262393e-08,2.9238684013396224e-07
Random574
Raw:1.0104241096782794e-05,2.122547334954209e-06,1.9873220007880885e-05,0.499281670416237,6.9352965502821786e-09,0.4992816704162441,2.6320519398807075e-09,0.0014041591461476026,9.805874310262393e-08,2.9238684013396224e-07
EFT:1.0104241096782794e-05,2.122547334954209e-06,1.987322000788117e-05,0.499281670416237,6.935296550282277e-09,0.4992816704162441,2.6320519398807075e-09,0.0014041591461476227,9.805874310262393e-08,2.9238684013396224e-07
Random575
Raw:1.0104241096782938e-05,2.122547334954209e-06,1.987322000788117e-05,0.499281670416237,6.9352965502823754e-09,0.4992816704162441,2.632051939880745e-09,0.0014041591461476227,9.805874310262532e-08,2.9238684013396637e-07
EFT:1.0104241096782794e-05,2.122547334954209e-06,1.987322000788117e-05,0.499281670416237,6.935296550282277e-09,0.4992816704162441,2.6320519398807075e-09,0.0014041591461476227,9.805874310262393e-08,2.9238684013396224e-07
Random576
Raw:1.0104241096782867e-05,2.122547334954224e-06,1.987322000788131e-05,0.49928167041624055,6.935296550282326e-09,0.49928167041624055,2.6320519398807265e-09,0.0014041591461476327,9.805874310262462e-08,2.923868401339643e-07
EFT:1.0104241096782794e-05,2.122547334954209e-06,1.987322000788117e-05,0.499281670416237,6.935296550282277e-09,0.4992816704162441,2.6320519398807075e-09,0.0014041591461476227,9.805874310262393e-08,2.9238684013396224e-07
Random577
Raw:1.0104241096782938e-05,2.1225473349541788e-06,1.9873220007880885e-05,0.499281670416237,6.935296550282277e-09,0.4992816704162441,2.632051939880745e-09,0.0014041591461476026,9.805874310262532e-08,2.9238684013396224e-07
EFT:1.0104241096782794e-05,2.122547334954209e-06,1.987322000788117e-05,0.499281670416237,6.935296550282277e-09,0.4992816704162441,2.6320519398807075e-09,0.0014041591461476227,9.805874310262393e-08,2.9238684013396224e-07
Random578
Raw:1.0104241096782938e-05,2.122547334954239e-06,1.9873220007880885e-05,0.499281670416237,6.935296550282277e-09,0.4992816704162441,2.632051939880745e-09,0.0014041591461476227,9.805874310262532e-08,2.9238684013396224e-07
EFT:1.0104241096782794e-05,2.122547334954209e-06,1.987322000788117e-05,0.499281670416237,6.935296550282277e-09,0.4992816704162441,2.6320519398807075e-09,0.0014041591461476227,9.805874310262393e-08,2.9238684013396224e-07
Random579
Raw:1.0104241096782938e-05,2.122547334954239e-06,1.987322000788145e-05,0.499281670416237,6.935296550282277e-09,0.4992816704162441,2.632051939880745e-09,0.0014041591461476427,9.805874310262532e-08,2.9238684013396224e-07
EFT:1.0104241096782794e-05,2.122547334954209e-06,1.987322000788117e-05,0.499281670416237,6.935296550282277e-09,0.4992816704162441,2.6320519398807075e-09,0.0014041591461476227,9.805874310262393e-08,2.9238684013396224e-07
Random580
Raw:1.0104241096783009e-05,2.122547334954224e-06,1.987322000788131e-05,0.49928167041623345,6.935296550282327e-09,0.49928167041624766,2.6320519398807638e-09,0.0014041591461476327,9.805874310262462e-08,2.923868401339685e-07
EFT:1.0104241096782794e-05,2.122547334954209e-06,1.987322000788117e-05,0.499281670416237,6.935296550282277e-09,0.4992816704162441,2.6320519398807075e-09,0.0014041591461476227,9.805874310262393e-08,2.9238684013396224e-07
Random581
Raw:1.0104241096782938e-05,2.122547334954239e-06,1.987322000788117e-05,0.499281670416237,6.935296550282277e-09,0.4992816704162441,2.632051939880745e-09,0.0014041591461476427,9.805874310262532e-08,2.9238684013396224e-07
EFT:1.0104241096782794e-05,2.122547334954209e-06,1.987322000788117e-05,0.499281670416237,6.935296550282277e-09,0.4992816704162441,2.6320519398807075e-09,0.0014041591461476227,9.805874310262393e-08,2.9238684013396224e-07
Random582
Raw:1.0104241096783009e-05,2.122547334954224e-06,1.987322000788131e-05,0.49928167041623345,6.935296550282327e-09,0.49928167041624766,2.6320519398807638e-09,0.0014041591461476327,9.805874310262462e-08,2.923868401339685e-07
EFT:1.0104241096782794e-05,2.122547334954209e-06,1.987322000788117e-05,0.499281670416237,6.935296550282277e-09,0.4992816704162441,2.6320519398807075e-09,0.0014041591461476227,9.805874310262393e-08,2.9238684013396224e-07
Random583
Raw:1.0104241096782938e-05,2.122547334954209e-06,1.987322000788117e-05,0.499281670416237,6.9352965502823754e-09,0.4992816704162441,2.632051939880745e-09,0.0014041591461476227,9.805874310262672e-08,2.9238684013396637e-07
EFT:1.0104241096782794e-05,2.122547334954209e-06,1.987322000788117e-05,0.499281670416237,6.935296550282277e-09,0.4992816704162441,2.6320519398807075e-09,0.0014041591461476227,9.805874310262393e-08,2.9238684013396224e-07
Random584
Raw:1.0104241096782867e-05,2.1225473349542546e-06,1.987322000788131e-05,0.49928167041624055,6.935296550282326e-09,0.49928167041624055,2.6320519398807638e-09,0.0014041591461476128,9.805874310262462e-08,2.923868401339643e-07
EFT:1.0104241096782794e-05,2.122547334954209e-06,1.987322000788117e-05,0.499281670416237,6.935296550282277e-09,0.4992816704162441,2.6320519398807075e-09,0.0014041591461476227,9.805874310262393e-08,2.9238684013396224e-07
Random585
Raw:1.0104241096782938e-05,2.122547334954239e-06,1.9873220007880885e-05,0.499281670416237,6.935296550282277e-09,0.4992816704162441,2.632051939880745e-09,0.0014041591461476227,9.805874310262532e-08,2.9238684013396224e-07
EFT:1.0104241096782794e-05,2.122547334954209e-06,1.987322000788117e-05,0.499281670416237,6.935296550282277e-09,0.4992816704162441,2.6320519398807075e-09,0.0014041591461476227,9.805874310262393e-08,2.9238684013396224e-07
Random586
Raw:1.0104241096782794e-05,2.122547334954209e-06,1.987322000788117e-05,0.499281670416237,6.935296550282277e-09,0.4992816704162441,2.632051939880745e-09,0.0014041591461476227,9.805874310262254e-08,2.9238684013396224e-07
EFT:1.0104241096782794e-05,2.122547334954209e-06,1.987322000788117e-05,0.499281670416237,6.935296550282277e-09,0.4992816704162441,2.6320519398807075e-09,0.0014041591461476227,9.805874310262393e-08,2.9238684013396224e-07
Random587
Raw:1.0104241096782938e-05,2.122547334954239e-06,1.987322000788117e-05,0.499281670416237,6.935296550282277e-09,0.4992816704162441,2.632051939880745e-09,0.0014041591461476427,9.805874310262532e-08,2.9238684013396224e-07
EFT:1.0104241096782794e-05,2.122547334954209e-06,1.987322000788117e-05,0.499281670416237,6.935296550282277e-09,0.4992816704162441,2.6320519398807075e-09,0.0014041591461476227,9.805874310262393e-08,2.9238684013396224e-07
Random588
Raw:1.0104241096782938e-05,2.122547334954239e-06,1.987322000788117e-05,0.499281670416237,6.9352965502823754e-09,0.4992816704162441,2.6320519398807824e-09,0.0014041591461476227,9.805874310262532e-08,2.9238684013396637e-07
EFT:1.0104241096782794e-05,2.122547334954209e-06,1.987322000788117e-05,0.499281670416237,6.935296550282277e-09,0.4992816704162441,2.6320519398807075e-09,0.0014041591461476227,9.805874310262393e-08,2.9238684013396224e-07
Random589
Raw:1.0104241096783009e-05,2.122547334954194e-06,1.9873220007881028e-05,0.49928167041623345,6.935296550282327e-09,0.49928167041624766,2.6320519398807638e-09,0.0014041591461476126,9.805874310262601e-08,2.9238684013396436e-07
EFT:1.0104241096782794e-05,2.122547334954209e-06,1.987322000788117e-05,0.499281670416237,6.935296550282277e-09,0.4992816704162441,2.6320519398807075e-09,0.0014041591461476227,9.805874310262393e-08,2.9238684013396224e-07
Random590
Raw:1.0104241096782865e-05,2.122547334954194e-06,1.9873220007881028e-05,0.49928167041623345,6.935296550282228e-09,0.49928167041624766,2.632051939880726e-09,0.0014041591461476126,9.805874310262462e-08,2.9238684013396436e-07
EFT:1.0104241096782794e-05,2.122547334954209e-06,1.987322000788117e-05,0.499281670416237,6.935296550282277e-09,0.4992816704162441,2.6320519398807075e-09,0.0014041591461476227,9.805874310262393e-08,2.9238684013396224e-07
Random591
Raw:1.0104241096783009e-05,2.122547334954194e-06,1.9873220007881028e-05,0.49928167041623345,6.935296550282327e-09,0.49928167041624766,2.6320519398807638e-09,0.0014041591461476126,9.805874310262601e-08,2.9238684013396436e-07
EFT:1.0104241096782794e-05,2.122547334954209e-06,1.987322000788117e-05,0.499281670416237,6.935296550282277e-09,0.4992816704162441,2.6320519398807075e-09,0.0014041591461476227,9.805874310262393e-08,2.9238684013396224e-07
Random592
Raw:1.0104241096782938e-05,2.122547334954239e-06,1.987322000788117e-05,0.499281670416237,6.935296550282277e-09,0.4992816704162441,2.632051939880745e-09,0.0014041591461476427,9.805874310262393e-08,2.9238684013396637e-07
EFT:1.0104241096782794e-05,2.122547334954209e-06,1.987322000788117e-05,0.499281670416237,6.935296550282277e-09,0.4992816704162441,2.6320519398807075e-09,0.0014041591461476227,9.805874310262393e-08,2.9238684013396224e-07
Random593
Raw:1.0104241096782938e-05,2.1225473349541788e-06,1.9873220007880885e-05,0.499281670416237,6.935296550282277e-09,0.4992816704162441,2.632051939880745e-09,0.0014041591461476026,9.805874310262532e-08,2.9238684013396224e-07
EFT:1.0104241096782794e-05,2.122547334954209e-06,1.987322000788117e-05,0.499281670416237,6.935296550282277e-09,0.4992816704162441,2.6320519398807075e-09,0.0014041591461476227,9.805874310262393e-08,2.9238684013396224e-07
Random594
Raw:1.0104241096782794e-05,2.122547334954209e-06,1.987322000788117e-05,0.499281670416237,6.935296550282277e-09,0.4992816704162441,2.6320519398807075e-09,0.0014041591461476227,9.805874310262393e-08,2.9238684013396224e-07
EFT:1.0104241096782794e-05,2.122547334954209e-06,1.987322000788117e-05,0.499281670416237,6.935296550282277e-09,0.4992816704162441,2.6320519398807075e-09,0.0014041591461476227,9.805874310262393e-08,2.9238684013396224e-07
Random595
Raw:1.0104241096782938e-05,2.122547334954209e-06,1.987322000788117e-05,0.499281670416237,6.935296550282277e-09,0.4992816704162441,2.632051939880745e-09,0.0014041591461476427,9.805874310262393e-08,2.9238684013396224e-07
EFT:1.0104241096782794e-05,2.122547334954209e-06,1.987322000788117e-05,0.499281670416237,6.935296550282277e-09,0.4992816704162441,2.6320519398807075e-09,0.0014041591461476227,9.805874310262393e-08,2.9238684013396224e-07
Random596
Raw:1.0104241096782865e-05,2.122547334954194e-06,1.9873220007881028e-05,0.49928167041623345,6.935296550282327e-09,0.49928167041624766,2.632051939880726e-09,0.0014041591461476126,9.805874310262462e-08,2.9238684013396436e-07
EFT:1.0104241096782794e-05,2.122547334954209e-06,1.987322000788117e-05,0.499281670416237,6.935296550282277e-09,0.4992816704162441,2.6320519398807075e-09,0.0014041591461476227,9.805874310262393e-08,2.9238684013396224e-07
Random597
Raw:1.0104241096783009e-05,2.122547334954224e-06,1.9873220007881028e-05,0.49928167041623345,6.935296550282327e-09,0.49928167041624766,2.6320519398807638e-09,0.0014041591461476327,9.805874310262601e-08,2.9238684013396436e-07
EFT:1.0104241096782794e-05,2.122547334954209e-06,1.987322000788117e-05,0.499281670416237,6.935296550282277e-09,0.4992816704162441,2.6320519398807075e-09,0.0014041591461476227,9.805874310262393e-08,2.9238684013396224e-07
Random598
Raw:1.0104241096782938e-05,2.122547334954209e-06,1.987322000788117e-05,0.499281670416237,6.9352965502823754e-09,0.4992816704162441,2.632051939880745e-09,0.0014041591461476227,9.805874310262532e-08,2.9238684013396637e-07
EFT:1.0104241096782794e-05,2.122547334954209e-06,1.987322000788117e-05,0.499281670416237,6.935296550282277e-09,0.4992816704162441,2.6320519398807075e-09,0.0014041591461476227,9.805874310262393e-08,2.9238684013396224e-07
Random599
Raw:1.0104241096783009e-05,2.122547334954194e-06,1.9873220007881028e-05,0.49928167041623345,6.935296550282327e-09,0.49928167041624766,2.6320519398807638e-09,0.0014041591461476327,9.805874310262462e-08,2.9238684013396436e-07
EFT:1.0104241096782794e-05,2.122547334954209e-06,1.987322000788117e-05,0.499281670416237,6.935296550282277e-09,0.4992816704162441,2.6320519398807075e-09,0.0014041591461476227,9.805874310262393e-08,2.9238684013396224e-07
Random600
Raw:1.0104241096782938e-05,2.122547334954209e-06,1.9873220007880885e-05,0.499281670416237,6.935296550282277e-09,0.4992816704162441,2.632051939880745e-09,0.0014041591461476227,9.805874310262532e-08,2.9238684013396224e-07
EFT:1.0104241096782794e-05,2.122547334954209e-06,1.987322000788117e-05,0.499281670416237,6.935296550282277e-09,0.4992816704162441,2.6320519398807075e-09,0.0014041591461476227,9.805874310262393e-08,2.9238684013396224e-07
Random601
Raw:1.0104241096782938e-05,2.122547334954209e-06,1.987322000788117e-05,0.499281670416237,6.935296550282277e-09,0.4992816704162441,2.632051939880745e-09,0.0014041591461476227,9.805874310262393e-08,2.9238684013396637e-07
EFT:1.0104241096782794e-05,2.122547334954209e-06,1.987322000788117e-05,0.499281670416237,6.935296550282277e-09,0.4992816704162441,2.6320519398807075e-09,0.0014041591461476227,9.805874310262393e-08,2.9238684013396224e-07
Random602
Raw:1.0104241096782867e-05,2.122547334954224e-06,1.987322000788131e-05,0.49928167041624055,6.935296550282326e-09,0.49928167041624055,2.6320519398807265e-09,0.0014041591461476327,9.805874310262462e-08,2.923868401339643e-07
EFT:1.0104241096782794e-05,2.122547334954209e-06,1.987322000788117e-05,0.499281670416237,6.935296550282277e-09,0.4992816704162441,2.6320519398807075e-09,0.0014041591461476227,9.805874310262393e-08,2.9238684013396224e-07
Random603
Raw:1.0104241096782867e-05,2.122547334954194e-06,1.9873220007881028e-05,0.49928167041624055,6.935296550282228e-09,0.49928167041624055,2.632051939880689e-09,0.0014041591461476128,9.805874310262462e-08,2.923868401339602e-07
EFT:1.0104241096782794e-05,2.122547334954209e-06,1.987322000788117e-05,0.499281670416237,6.935296550282277e-09,0.4992816704162441,2.6320519398807075e-09,0.0014041591461476227,9.805874310262393e-08,2.9238684013396224e-07
Random604
Raw:1.0104241096782938e-05,2.122547334954209e-06,1.987322000788117e-05,0.499281670416237,6.935296550282277e-09,0.4992816704162441,2.632051939880745e-09,0.0014041591461476427,9.805874310262393e-08,2.9238684013396224e-07
EFT:1.0104241096782794e-05,2.122547334954209e-06,1.987322000788117e-05,0.499281670416237,6.935296550282277e-09,0.4992816704162441,2.6320519398807075e-09,0.0014041591461476227,9.805874310262393e-08,2.9238684013396224e-07
Random605
Raw:1.0104241096782867e-05,2.122547334954194e-06,1.9873220007881028e-05,0.49928167041624055,6.935296550282326e-09,0.49928167041624055,2.6320519398807265e-09,0.0014041591461476128,9.805874310262323e-08,2.923868401339643e-07
EFT:1.0104241096782794e-05,2.122547334954209e-06,1.987322000788117e-05,0.499281670416237,6.935296550282277e-09,0.4992816704162441,2.6320519398807075e-09,0.0014041591461476227,9.805874310262393e-08,2.9238684013396224e-07
Random606
Raw:1.0104241096782794e-05,2.122547334954209e-06,1.987322000788117e-05,0.499281670416237,6.9352965502821786e-09,0.4992816704162441,2.6320519398807075e-09,0.0014041591461476227,9.805874310262393e-08,2.9238684013396224e-07
EFT:1.0104241096782794e-05,2.122547334954209e-06,1.987322000788117e-05,0.499281670416237,6.935296550282277e-09,0.4992816704162441,2.6320519398807075e-09,0.0014041591461476227,9.805874310262393e-08,2.9238684013396224e-07
Random607
Raw:1.0104241096782867e-05,2.122547334954224e-06,1.987322000788131e-05,0.49928167041624055,6.935296550282326e-09,0.49928167041624055,2.6320519398807265e-09,0.0014041591461476327,9.805874310262462e-08,2.923868401339643e-07
EFT:1.0104241096782794e-05,2.122547334954209e-06,1.987322000788117e-05,0.499281670416237,6.935296550282277e-09,0.4992816704162441,2.6320519398807075e-09,0.0014041591461476227,9.805874310262393e-08,2.9238684013396224e-07
Random608
Raw:1.0104241096782867e-05,2.122547334954224e-06,1.9873220007881028e-05,0.49928167041624055,6.935296550282326e-09,0.49928167041624055,2.6320519398807265e-09,0.0014041591461476128,9.805874310262462e-08,2.923868401339643e-07
EFT:1.0104241096782794e-05,2.122547334954209e-06,1.987322000788117e-05,0.499281670416237,6.935296550282277e-09,0.4992816704162441,2.6320519398807075e-09,0.0014041591461476227,9.805874310262393e-08,2.9238684013396224e-07
Random609
Raw:1.0104241096782938e-05,2.122547334954209e-06,1.987322000788117e-05,0.499281670416237,6.9352965502823754e-09,0.4992816704162441,2.632051939880745e-09,0.0014041591461476227,9.805874310262532e-08,2.9238684013396637e-07
EFT:1.0104241096782794e-05,2.122547334954209e-06,1.987322000788117e-05,0.499281670416237,6.935296550282277e-09,0.4992816704162441,2.6320519398807075e-09,0.0014041591461476227,9.805874310262393e-08,2.9238684013396224e-07
Random610
Raw:1.0104241096782938e-05,2.122547334954209e-06,1.987322000788117e-05,0.499281670416237,6.9352965502823754e-09,0.4992816704162441,2.6320519398807824e-09,0.0014041591461476227,9.805874310262532e-08,2.9238684013396637e-07
EFT:1.0104241096782794e-05,2.122547334954209e-06,1.987322000788117e-05,0.499281670416237,6.935296550282277e-09,0.4992816704162441,2.6320519398807075e-09,0.0014041591461476227,9.805874310262393e-08,2.9238684013396224e-07
Random611
Raw:1.0104241096782867e-05,2.122547334954224e-06,1.987322000788131e-05,0.49928167041624055,6.935296550282326e-09,0.49928167041624055,2.6320519398807265e-09,0.0014041591461476128,9.805874310262462e-08,2.923868401339643e-07
EFT:1.0104241096782794e-05,2.122547334954209e-06,1.987322000788117e-05,0.499281670416237,6.935296550282277e-09,0.4992816704162441,2.6320519398807075e-09,0.0014041591461476227,9.805874310262393e-08,2.9238684013396224e-07
Random612
Raw:1.0104241096783009e-05,2.122547334954194e-06,1.9873220007881028e-05,0.49928167041623345,6.935296550282327e-09,0.49928167041624766,2.6320519398807638e-09,0.0014041591461476327,9.805874310262462e-08,2.9238684013396436e-07
EFT:1.0104241096782794e-05,2.122547334954209e-06,1.987322000788117e-05,0.499281670416237,6.935296550282277e-09,0.4992816704162441,2.6320519398807075e-09,0.0014041591461476227,9.805874310262393e-08,2.9238684013396224e-07
Random613
Raw:1.0104241096782723e-05,2.122547334954194e-06,1.9873220007881028e-05,0.49928167041624055,6.93529655028213e-09,0.49928167041624055,2.6320519398806513e-09,0.0014041591461476128,9.805874310262323e-08,2.923868401339602e-07
EFT:1.0104241096782794e-05,2.122547334954209e-06,1.987322000788117e-05,0.499281670416237,6.935296550282277e-09,0.4992816704162441,2.6320519398807075e-09,0.0014041591461476227,9.805874310262393e-08,2.9238684013396224e-07
Random614
Raw:1.0104241096782938e-05,2.122547334954209e-06,1.987322000788117e-05,0.499281670416237,6.935296550282277e-09,0.4992816704162441,2.632051939880745e-09,0.0014041591461476227,9.805874310262393e-08,2.9238684013396637e-07
EFT:1.0104241096782794e-05,2.122547334954209e-06,1.987322000788117e-05,0.499281670416237,6.935296550282277e-09,0.4992816704162441,2.6320519398807075e-09,0.0014041591461476227,9.805874310262393e-08,2.9238684013396224e-07
Random615
Raw:1.0104241096782794e-05,2.122547334954209e-06,1.987322000788117e-05,0.4992816704162441,6.935296550282277e-09,0.499281670416237,2.63205193988067e-09,0.0014041591461476227,9.805874310262393e-08,2.9238684013396224e-07
EFT:1.0104241096782794e-05,2.122547334954209e-06,1.987322000788117e-05,0.499281670416237,6.935296550282277e-09,0.4992816704162441,2.6320519398807075e-09,0.0014041591461476227,9.805874310262393e-08,2.9238684013396224e-07
Random616
Raw:1.0104241096782867e-05,2.122547334954194e-06,1.9873220007881028e-05,0.49928167041624055,6.935296550282326e-09,0.49928167041624055,2.6320519398807265e-09,0.0014041591461476128,9.805874310262323e-08,2.923868401339643e-07
EFT:1.0104241096782794e-05,2.122547334954209e-06,1.987322000788117e-05,0.499281670416237,6.935296550282277e-09,0.4992816704162441,2.6320519398807075e-09,0.0014041591461476227,9.805874310262393e-08,2.9238684013396224e-07
Random617
Raw:1.0104241096782938e-05,2.122547334954209e-06,1.987322000788117e-05,0.499281670416237,6.935296550282277e-09,0.4992816704162441,2.632051939880745e-09,0.0014041591461476427,9.805874310262393e-08,2.9238684013396224e-07
EFT:1.0104241096782794e-05,2.122547334954209e-06,1.987322000788117e-05,0.499281670416237,6.935296550282277e-09,0.4992816704162441,2.6320519398807075e-09,0.0014041591461476227,9.805874310262393e-08,2.9238684013396224e-07
Random618
Raw:1.0104241096782938e-05,2.122547334954209e-06,1.987322000788117e-05,0.499281670416237,6.9352965502823754e-09,0.4992816704162441,2.632051939880745e-09,0.0014041591461476227,9.805874310262532e-08,2.9238684013396637e-07
EFT:1.0104241096782794e-05,2.122547334954209e-06,1.987322000788117e-05,0.499281670416237,6.935296550282277e-09,0.4992816704162441,2.6320519398807075e-09,0.0014041591461476227,9.805874310262393e-08,2.9238684013396224e-07
Random619
Raw:1.0104241096782938e-05,2.122547334954209e-06,1.987322000788117e-05,0.499281670416237,6.9352965502823754e-09,0.4992816704162441,2.6320519398807824e-09,0.0014041591461476227,9.805874310262532e-08,2.9238684013396637e-07
EFT:1.0104241096782794e-05,2.122547334954209e-06,1.987322000788117e-05,0.499281670416237,6.935296550282277e-09,0.4992816704162441,2.6320519398807075e-09,0.0014041591461476227,9.805874310262393e-08,2.9238684013396224e-07
Random620
Raw:1.0104241096782794e-05,2.122547334954209e-06,1.987322000788117e-05,0.4992816704162441,6.935296550282277e-09,0.499281670416237,2.63205193988067e-09,0.0014041591461476227,9.805874310262393e-08,2.9238684013396224e-07
EFT:1.0104241096782794e-05,2.122547334954209e-06,1.987322000788117e-05,0.499281670416237,6.935296550282277e-09,0.4992816704162441,2.6320519398807075e-09,0.0014041591461476227,9.805874310262393e-08,2.9238684013396224e-07
Random621
Raw:1.0104241096782867e-05,2.122547334954224e-06,1.987322000788131e-05,0.49928167041624055,6.935296550282326e-09,0.49928167041624055,2.6320519398807265e-09,0.0014041591461476128,9.805874310262462e-08,2.923868401339643e-07
EFT:1.0104241096782794e-05,2.122547334954209e-06,1.987322000788117e-05,0.499281670416237,6.935296550282277e-09,0.4992816704162441,2.6320519398807075e-09,0.0014041591461476227,9.805874310262393e-08,2.9238684013396224e-07
Random622
Raw:1.0104241096783009e-05,2.122547334954194e-06,1.9873220007881028e-05,0.49928167041623345,6.935296550282327e-09,0.49928167041624766,2.6320519398807638e-09,0.0014041591461476327,9.805874310262462e-08,2.9238684013396436e-07
EFT:1.0104241096782794e-05,2.122547334954209e-06,1.987322000788117e-05,0.499281670416237,6.935296550282277e-09,0.4992816704162441,2.6320519398807075e-09,0.0014041591461476227,9.805874310262393e-08,2.9238684013396224e-07
Random623
Raw:1.0104241096782794e-05,2.122547334954209e-06,1.987322000788117e-05,0.499281670416237,6.9352965502821786e-09,0.4992816704162441,2.6320519398807075e-09,0.0014041591461476227,9.805874310262393e-08,2.9238684013396224e-07
EFT:1.0104241096782794e-05,2.122547334954209e-06,1.987322000788117e-05,0.499281670416237,6.935296550282277e-09,0.4992816704162441,2.6320519398807075e-09,0.0014041591461476227,9.805874310262393e-08,2.9238684013396224e-07
Random624
Raw:1.0104241096782723e-05,2.122547334954194e-06,1.9873220007881028e-05,0.49928167041624055,6.935296550282228e-09,0.49928167041624055,2.6320519398806513e-09,0.0014041591461476128,9.805874310262323e-08,2.923868401339602e-07
EFT:1.0104241096782794e-05,2.122547334954209e-06,1.987322000788117e-05,0.499281670416237,6.935296550282277e-09,0.4992816704162441,2.6320519398807075e-09,0.0014041591461476227,9.805874310262393e-08,2.9238684013396224e-07
Random625
Raw:1.0104241096782867e-05,2.122547334954224e-06,1.987322000788131e-05,0.49928167041624055,6.935296550282326e-09,0.49928167041624055,2.6320519398807265e-09,0.0014041591461476327,9.805874310262323e-08,2.923868401339643e-07
EFT:1.0104241096782794e-05,2.122547334954209e-06,1.987322000788117e-05,0.499281670416237,6.935296550282277e-09,0.4992816704162441,2.6320519398807075e-09,0.0014041591461476227,9.805874310262393e-08,2.9238684013396224e-07
Random626
Raw:1.0104241096782867e-05,2.122547334954224e-06,1.9873220007881028e-05,0.49928167041624055,6.935296550282326e-09,0.49928167041624055,2.6320519398807265e-09,0.0014041591461476327,9.805874310262323e-08,2.923868401339643e-07
EFT:1.0104241096782794e-05,2.122547334954209e-06,1.987322000788117e-05,0.499281670416237,6.935296550282277e-09,0.4992816704162441,2.6320519398807075e-09,0.0014041591461476227,9.805874310262393e-08,2.9238684013396224e-07
Random627
Raw:1.0104241096782867e-05,2.122547334954194e-06,1.9873220007881028e-05,0.49928167041624055,6.935296550282326e-09,0.49928167041624055,2.6320519398807265e-09,0.0014041591461476128,9.805874310262323e-08,2.923868401339643e-07
EFT:1.0104241096782794e-05,2.122547334954209e-06,1.987322000788117e-05,0.499281670416237,6.935296550282277e-09,0.4992816704162441,2.6320519398807075e-09,0.0014041591461476227,9.805874310262393e-08,2.9238684013396224e-07
Random628
Raw:1.0104241096782867e-05,2.122547334954224e-06,1.987322000788131e-05,0.49928167041624055,6.935296550282326e-09,0.49928167041624055,2.6320519398807265e-09,0.0014041591461476327,9.805874310262462e-08,2.923868401339643e-07
EFT:1.0104241096782794e-05,2.122547334954209e-06,1.987322000788117e-05,0.499281670416237,6.935296550282277e-09,0.4992816704162441,2.6320519398807075e-09,0.0014041591461476227,9.805874310262393e-08,2.9238684013396224e-07
Random629
Raw:1.0104241096782938e-05,2.122547334954209e-06,1.9873220007880885e-05,0.499281670416237,6.935296550282277e-09,0.4992816704162441,2.632051939880745e-09,0.0014041591461476227,9.805874310262532e-08,2.9238684013396224e-07
EFT:1.0104241096782794e-05,2.122547334954209e-06,1.987322000788117e-05,0.499281670416237,6.935296550282277e-09,0.4992816704162441,2.6320519398807075e-09,0.0014041591461476227,9.805874310262393e-08,2.9238684013396224e-07
Random630
Raw:1.0104241096782867e-05,2.122547334954194e-06,1.9873220007881028e-05,0.49928167041624055,6.935296550282326e-09,0.49928167041624055,2.6320519398807265e-09,0.0014041591461476128,9.805874310262602e-08,2.923868401339643e-07
EFT:1.0104241096782794e-05,2.122547334954209e-06,1.987322000788117e-05,0.499281670416237,6.935296550282277e-09,0.4992816704162441,2.6320519398807075e-09,0.0014041591461476227,9.805874310262393e-08,2.9238684013396224e-07
Random631
Raw:1.0104241096782867e-05,2.122547334954224e-06,1.987322000788131e-05,0.49928167041624055,6.935296550282326e-09,0.49928167041624055,2.6320519398807638e-09,0.0014041591461476128,9.805874310262462e-08,2.923868401339643e-07
EFT:1.0104241096782794e-05,2.122547334954209e-06,1.987322000788117e-05,0.499281670416237,6.935296550282277e-09,0.4992816704162441,2.6320519398807075e-09,0.0014041591461476227,9.805874310262393e-08,2.9238684013396224e-07
Random632
Raw:1.0104241096782938e-05,2.122547334954209e-06,1.987322000788117e-05,0.499281670416237,6.9352965502823754e-09,0.4992816704162441,2.6320519398807824e-09,0.0014041591461476227,9.805874310262532e-08,2.9238684013396637e-07
EFT:1.0104241096782794e-05,2.122547334954209e-06,1.987322000788117e-05,0.499281670416237,6.935296550282277e-09,0.4992816704162441,2.6320519398807075e-09,0.0014041591461476227,9.805874310262393e-08,2.9238684013396224e-07
Random633
Raw:1.0104241096782938e-05,2.1225473349541788e-06,1.9873220007880885e-05,0.499281670416237,6.935296550282277e-09,0.4992816704162441,2.632051939880745e-09,0.0014041591461476026,9.805874310262532e-08,2.9238684013396224e-07
EFT:1.0104241096782794e-05,2.122547334954209e-06,1.987322000788117e-05,0.499281670416237,6.935296550282277e-09,0.4992816704162441,2.6320519398807075e-09,0.0014041591461476227,9.805874310262393e-08,2.9238684013396224e-07
Random634
Raw:1.0104241096782938e-05,2.122547334954209e-06,1.987322000788117e-05,0.499281670416237,6.9352965502823754e-09,0.4992816704162441,2.632051939880745e-09,0.0014041591461476227,9.805874310262672e-08,2.9238684013396637e-07
EFT:1.0104241096782794e-05,2.122547334954209e-06,1.987322000788117e-05,0.499281670416237,6.935296550282277e-09,0.4992816704162441,2.6320519398807075e-09,0.0014041591461476227,9.805874310262393e-08,2.9238684013396224e-07
Random635
Raw:1.0104241096782867e-05,2.122547334954224e-06,1.987322000788131e-05,0.49928167041624055,6.935296550282326e-09,0.49928167041624055,2.6320519398807265e-09,0.0014041591461476327,9.805874310262602e-08,2.923868401339643e-07
EFT:1.0104241096782794e-05,2.122547334954209e-06,1.987322000788117e-05,0.499281670416237,6.935296550282277e-09,0.4992816704162441,2.6320519398807075e-09,0.0014041591461476227,9.805874310262393e-08,2.9238684013396224e-07
Random636
Raw:1.0104241096782867e-05,2.122547334954224e-06,1.9873220007881028e-05,0.49928167041624055,6.935296550282326e-09,0.49928167041624055,2.6320519398807265e-09,0.0014041591461476128,9.805874310262462e-08,2.923868401339643e-07
EFT:1.0104241096782794e-05,2.122547334954209e-06,1.987322000788117e-05,0.499281670416237,6.935296550282277e-09,0.4992816704162441,2.6320519398807075e-09,0.0014041591461476227,9.805874310262393e-08,2.9238684013396224e-07
Random637
Raw:1.0104241096782938e-05,2.122547334954209e-06,1.987322000788117e-05,0.499281670416237,6.935296550282277e-09,0.4992816704162441,2.632051939880745e-09,0.0014041591461476227,9.805874310262532e-08,2.9238684013396224e-07
EFT:1.0104241096782794e-05,2.122547334954209e-06,1.987322000788117e-05,0.499281670416237,6.935296550282277e-09,0.4992816704162441,2.6320519398807075e-09,0.0014041591461476227,9.805874310262393e-08,2.9238684013396224e-07
Random638
Raw:1.0104241096782867e-05,2.122547334954194e-06,1.9873220007881028e-05,0.49928167041624055,6.935296550282326e-09,0.49928167041624055,2.6320519398807265e-09,0.0014041591461476128,9.805874310262323e-08,2.923868401339643e-07
EFT:1.0104241096782794e-05,2.122547334954209e-06,1.987322000788117e-05,0.499281670416237,6.935296550282277e-09,0.4992816704162441,2.6320519398807075e-09,0.0014041591461476227,9.805874310262393e-08,2.9238684013396224e-07
Random639
Raw:1.0104241096783009e-05,2.122547334954194e-06,1.9873220007881028e-05,0.49928167041623345,6.935296550282327e-09,0.49928167041624766,2.6320519398807638e-09,0.0014041591461476126,9.805874310262601e-08,2.9238684013396436e-07
EFT:1.0104241096782794e-05,2.122547334954209e-06,1.987322000788117e-05,0.499281670416237,6.935296550282277e-09,0.4992816704162441,2.6320519398807075e-09,0.0014041591461476227,9.805874310262393e-08,2.9238684013396224e-07
Random640
Raw:1.0104241096782865e-05,2.122547334954194e-06,1.9873220007881028e-05,0.49928167041623345,6.935296550282327e-09,0.49928167041624766,2.632051939880726e-09,0.0014041591461476126,9.805874310262462e-08,2.9238684013396436e-07
EFT:1.0104241096782794e-05,2.122547334954209e-06,1.987322000788117e-05,0.499281670416237,6.935296550282277e-09,0.4992816704162441,2.6320519398807075e-09,0.0014041591461476227,9.805874310262393e-08,2.9238684013396224e-07
Random641
Raw:1.0104241096782867e-05,2.122547334954194e-06,1.9873220007881028e-05,0.49928167041624055,6.935296550282326e-09,0.49928167041624055,2.6320519398807265e-09,0.0014041591461476128,9.805874310262323e-08,2.923868401339643e-07
EFT:1.0104241096782794e-05,2.122547334954209e-06,1.987322000788117e-05,0.499281670416237,6.935296550282277e-09,0.4992816704162441,2.6320519398807075e-09,0.0014041591461476227,9.805874310262393e-08,2.9238684013396224e-07
Random642
Raw:1.0104241096782938e-05,2.122547334954209e-06,1.9873220007880885e-05,0.499281670416237,6.935296550282277e-09,0.4992816704162441,2.632051939880745e-09,0.0014041591461476227,9.805874310262393e-08,2.9238684013396224e-07
EFT:1.0104241096782794e-05,2.122547334954209e-06,1.987322000788117e-05,0.499281670416237,6.935296550282277e-09,0.4992816704162441,2.6320519398807075e-09,0.0014041591461476227,9.805874310262393e-08,2.9238684013396224e-07
Random643
Raw:1.0104241096783009e-05,2.122547334954224e-06,1.9873220007881028e-05,0.49928167041623345,6.935296550282327e-09,0.49928167041624766,2.6320519398807638e-09,0.0014041591461476327,9.805874310262601e-08,2.9238684013396436e-07
EFT:1.0104241096782794e-05,2.122547334954209e-06,1.987322000788117e-05,0.499281670416237,6.935296550282277e-09,0.4992816704162441,2.6320519398807075e-09,0.0014041591461476227,9.805874310262393e-08,2.9238684013396224e-07
Random644
Raw:1.0104241096782867e-05,2.122547334954224e-06,1.987322000788131e-05,0.49928167041624055,6.935296550282326e-09,0.49928167041624055,2.6320519398807265e-09,0.0014041591461476128,9.805874310262462e-08,2.923868401339643e-07
EFT:1.0104241096782794e-05,2.122547334954209e-06,1.987322000788117e-05,0.499281670416237,6.935296550282277e-09,0.4992816704162441,2.6320519398807075e-09,0.0014041591461476227,9.805874310262393e-08,2.9238684013396224e-07
Random645
Raw:1.0104241096782867e-05,2.122547334954224e-06,1.9873220007881028e-05,0.49928167041624055,6.935296550282326e-09,0.49928167041624055,2.6320519398807265e-09,0.0014041591461476327,9.805874310262602e-08,2.923868401339643e-07
EFT:1.0104241096782794e-05,2.122547334954209e-06,1.987322000788117e-05,0.499281670416237,6.935296550282277e-09,0.4992816704162441,2.6320519398807075e-09,0.0014041591461476227,9.805874310262393e-08,2.9238684013396224e-07
Random646
Raw:1.0104241096782867e-05,2.122547334954224e-06,1.987322000788131e-05,0.49928167041624055,6.935296550282326e-09,0.49928167041624055,2.6320519398807265e-09,0.0014041591461476327,9.805874310262462e-08,2.923868401339643e-07
EFT:1.0104241096782794e-05,2.122547334954209e-06,1.987322000788117e-05,0.499281670416237,6.935296550282277e-09,0.4992816704162441,2.6320519398807075e-09,0.0014041591461476227,9.805874310262393e-08,2.9238684013396224e-07
Random647
Raw:1.0104241096783009e-05,2.122547334954194e-06,1.9873220007881028e-05,0.49928167041623345,6.935296550282327e-09,0.49928167041624766,2.6320519398807638e-09,0.0014041591461476327,9.805874310262462e-08,2.9238684013396436e-07
EFT:1.0104241096782794e-05,2.122547334954209e-06,1.987322000788117e-05,0.499281670416237,6.935296550282277e-09,0.4992816704162441,2.6320519398807075e-09,0.0014041591461476227,9.805874310262393e-08,2.9238684013396224e-07
Random648
Raw:1.0104241096783009e-05,2.122547334954224e-06,1.987322000788131e-05,0.49928167041623345,6.935296550282327e-09,0.49928167041624766,2.6320519398807638e-09,0.0014041591461476327,9.805874310262601e-08,2.9238684013396436e-07
EFT:1.0104241096782794e-05,2.122547334954209e-06,1.987322000788117e-05,0.499281670416237,6.935296550282277e-09,0.4992816704162441,2.6320519398807075e-09,0.0014041591461476227,9.805874310262393e-08,2.9238684013396224e-07
Random649
Raw:1.0104241096782938e-05,2.122547334954239e-06,1.987322000788145e-05,0.499281670416237,6.935296550282277e-09,0.4992816704162441,2.632051939880745e-09,0.0014041591461476427,9.805874310262532e-08,2.9238684013396224e-07
EFT:1.0104241096782794e-05,2.122547334954209e-06,1.987322000788117e-05,0.499281670416237,6.935296550282277e-09,0.4992816704162441,2.6320519398807075e-09,0.0014041591461476227,9.805874310262393e-08,2.9238684013396224e-07
Random650
Raw:1.0104241096782867e-05,2.1225473349542546e-06,1.987322000788131e-05,0.49928167041624055,6.935296550282326e-09,0.49928167041624055,2.6320519398807638e-09,0.0014041591461476327,9.805874310262462e-08,2.923868401339643e-07
EFT:1.0104241096782794e-05,2.122547334954209e-06,1.987322000788117e-05,0.499281670416237,6.935296550282277e-09,0.4992816704162441,2.6320519398807075e-09,0.0014041591461476227,9.805874310262393e-08,2.9238684013396224e-07
Random651
Raw:1.0104241096783009e-05,2.122547334954224e-06,1.987322000788131e-05,0.49928167041623345,6.935296550282327e-09,0.49928167041624766,2.6320519398807638e-09,0.0014041591461476327,9.805874310262462e-08,2.923868401339685e-07
EFT:1.0104241096782794e-05,2.122547334954209e-06,1.987322000788117e-05,0.499281670416237,6.935296550282277e-09,0.4992816704162441,2.6320519398807075e-09,0.0014041591461476227,9.805874310262393e-08,2.9238684013396224e-07
Random652
Raw:1.0104241096782938e-05,2.122547334954239e-06,1.987322000788145e-05,0.499281670416237,6.935296550282277e-09,0.4992816704162441,2.632051939880745e-09,0.0014041591461476427,9.805874310262532e-08,2.9238684013396224e-07
EFT:1.0104241096782794e-05,2.122547334954209e-06,1.987322000788117e-05,0.499281670416237,6.935296550282277e-09,0.4992816704162441,2.6320519398807075e-09,0.0014041591461476227,9.805874310262393e-08,2.9238684013396224e-07
Random653
Raw:1.0104241096782794e-05,2.122547334954209e-06,1.987322000788117e-05,0.499281670416237,6.9352965502821786e-09,0.4992816704162441,2.6320519398807075e-09,0.0014041591461476227,9.805874310262393e-08,2.9238684013396224e-07
EFT:1.0104241096782794e-05,2.122547334954209e-06,1.987322000788117e-05,0.499281670416237,6.935296550282277e-09,0.4992816704162441,2.6320519398807075e-09,0.0014041591461476227,9.805874310262393e-08,2.9238684013396224e-07
Random654
Raw:1.0104241096782938e-05,2.122547334954209e-06,1.987322000788117e-05,0.499281670416237,6.9352965502823754e-09,0.4992816704162441,2.632051939880745e-09,0.0014041591461476227,9.805874310262393e-08,2.9238684013396637e-07
EFT:1.0104241096782794e-05,2.122547334954209e-06,1.987322000788117e-05,0.499281670416237,6.935296550282277e-09,0.4992816704162441,2.6320519398807075e-09,0.0014041591461476227,9.805874310262393e-08,2.9238684013396224e-07
Random655
Raw:1.0104241096782794e-05,2.122547334954209e-06,1.987322000788117e-05,0.4992816704162441,6.935296550282277e-09,0.499281670416237,2.63205193988067e-09,0.0014041591461476227,9.805874310262254e-08,2.9238684013396224e-07
EFT:1.0104241096782794e-05,2.122547334954209e-06,1.987322000788117e-05,0.499281670416237,6.935296550282277e-09,0.4992816704162441,2.6320519398807075e-09,0.0014041591461476227,9.805874310262393e-08,2.9238684013396224e-07
Random656
Raw:1.0104241096782938e-05,2.122547334954209e-06,1.987322000788117e-05,0.499281670416237,6.9352965502823754e-09,0.4992816704162441,2.632051939880745e-09,0.0014041591461476227,9.805874310262393e-08,2.9238684013396637e-07
EFT:1.0104241096782794e-05,2.122547334954209e-06,1.987322000788117e-05,0.499281670416237,6.935296550282277e-09,0.4992816704162441,2.6320519398807075e-09,0.0014041591461476227,9.805874310262393e-08,2.9238684013396224e-07
Random657
Raw:1.0104241096782938e-05,2.122547334954239e-06,1.987322000788145e-05,0.499281670416237,6.935296550282277e-09,0.4992816704162441,2.632051939880745e-09,0.0014041591461476427,9.805874310262532e-08,2.9238684013396224e-07
EFT:1.0104241096782794e-05,2.122547334954209e-06,1.987322000788117e-05,0.499281670416237,6.935296550282277e-09,0.4992816704162441,2.6320519398807075e-09,0.0014041591461476227,9.805874310262393e-08,2.9238684013396224e-07
Random658
Raw:1.0104241096782938e-05,2.122547334954209e-06,1.987322000788117e-05,0.499281670416237,6.935296550282277e-09,0.4992816704162441,2.632051939880745e-09,0.0014041591461476227,9.805874310262393e-08,2.9238684013396637e-07
EFT:1.0104241096782794e-05,2.122547334954209e-06,1.987322000788117e-05,0.499281670416237,6.935296550282277e-09,0.4992816704162441,2.6320519398807075e-09,0.0014041591461476227,9.805874310262393e-08,2.9238684013396224e-07
Random659
Raw:1.0104241096782938e-05,2.122547334954209e-06,1.9873220007880885e-05,0.499281670416237,6.935296550282277e-09,0.4992816704162441,2.632051939880745e-09,0.0014041591461476227,9.805874310262393e-08,2.9238684013396224e-07
EFT:1.0104241096782794e-05,2.122547334954209e-06,1.987322000788117e-05,0.499281670416237,6.935296550282277e-09,0.4992816704162441,2.6320519398807075e-09,0.0014041591461476227,9.805874310262393e-08,2.9238684013396224e-07
Random660
Raw:1.0104241096782938e-05,2.122547334954209e-06,1.987322000788117e-05,0.499281670416237,6.9352965502823754e-09,0.4992816704162441,2.632051939880745e-09,0.0014041591461476227,9.805874310262393e-08,2.9238684013396637e-07
EFT:1.0104241096782794e-05,2.122547334954209e-06,1.987322000788117e-05,0.499281670416237,6.935296550282277e-09,0.4992816704162441,2.6320519398807075e-09,0.0014041591461476227,9.805874310262393e-08,2.9238684013396224e-07
Random661
Raw:1.0104241096782938e-05,2.122547334954209e-06,1.987322000788117e-05,0.499281670416237,6.935296550282277e-09,0.4992816704162441,2.632051939880745e-09,0.0014041591461476227,9.805874310262393e-08,2.9238684013396637e-07
EFT:1.0104241096782794e-05,2.122547334954209e-06,1.987322000788117e-05,0.499281670416237,6.935296550282277e-09,0.4992816704162441,2.6320519398807075e-09,0.0014041591461476227,9.805874310262393e-08,2.9238684013396224e-07
Random662
Raw:1.0104241096782794e-05,2.122547334954209e-06,1.987322000788117e-05,0.499281670416237,6.935296550282277e-09,0.4992816704162441,2.6320519398807075e-09,0.0014041591461476227,9.805874310262393e-08,2.9238684013396224e-07
EFT:1.0104241096782794e-05,2.122547334954209e-06,1.987322000788117e-05,0.499281670416237,6.935296550282277e-09,0.4992816704162441,2.6320519398807075e-09,0.0014041591461476227,9.805874310262393e-08,2.9238684013396224e-07
Random663
Raw:1.0104241096782938e-05,2.122547334954239e-06,1.987322000788117e-05,0.499281670416237,6.935296550282277e-09,0.4992816704162441,2.632051939880745e-09,0.0014041591461476427,9.805874310262532e-08,2.9238684013396224e-07
EFT:1.0104241096782794e-05,2.122547334954209e-06,1.987322000788117e-05,0.499281670416237,6.935296550282277e-09,0.4992816704162441,2.6320519398807075e-09,0.0014041591461476227,9.805874310262393e-08,2.9238684013396224e-07
Random664
Raw:1.0104241096782867e-05,2.122547334954224e-06,1.987322000788131e-05,0.49928167041624055,6.935296550282326e-09,0.49928167041624055,2.6320519398807265e-09,0.0014041591461476327,9.805874310262462e-08,2.923868401339643e-07
EFT:1.0104241096782794e-05,2.122547334954209e-06,1.987322000788117e-05,0.499281670416237,6.935296550282277e-09,0.4992816704162441,2.6320519398807075e-09,0.0014041591461476227,9.805874310262393e-08,2.9238684013396224e-07
Random665
Raw:1.0104241096782867e-05,2.122547334954224e-06,1.987322000788131e-05,0.49928167041624055,6.935296550282326e-09,0.49928167041624055,2.6320519398807265e-09,0.0014041591461476327,9.805874310262462e-08,2.923868401339643e-07
EFT:1.0104241096782794e-05,2.122547334954209e-06,1.987322000788117e-05,0.499281670416237,6.935296550282277e-09,0.4992816704162441,2.6320519398807075e-09,0.0014041591461476227,9.805874310262393e-08,2.9238684013396224e-07
Random666
Raw:1.0104241096782938e-05,2.122547334954209e-06,1.987322000788117e-05,0.499281670416237,6.935296550282277e-09,0.4992816704162441,2.632051939880745e-09,0.0014041591461476227,9.805874310262532e-08,2.9238684013396224e-07
EFT:1.0104241096782794e-05,2.122547334954209e-06,1.987322000788117e-05,0.499281670416237,6.935296550282277e-09,0.4992816704162441,2.6320519398807075e-09,0.0014041591461476227,9.805874310262393e-08,2.9238684013396224e-07
Random667
Raw:1.0104241096782867e-05,2.1225473349542546e-06,1.987322000788131e-05,0.49928167041624055,6.935296550282326e-09,0.49928167041624055,2.6320519398807638e-09,0.0014041591461476327,9.805874310262462e-08,2.923868401339643e-07
EFT:1.0104241096782794e-05,2.122547334954209e-06,1.987322000788117e-05,0.499281670416237,6.935296550282277e-09,0.4992816704162441,2.6320519398807075e-09,0.0014041591461476227,9.805874310262393e-08,2.9238684013396224e-07
Random668
Raw:1.0104241096782938e-05,2.122547334954239e-06,1.987322000788117e-05,0.499281670416237,6.935296550282277e-09,0.4992816704162441,2.632051939880745e-09,0.0014041591461476427,9.805874310262532e-08,2.9238684013396224e-07
EFT:1.0104241096782794e-05,2.122547334954209e-06,1.987322000788117e-05,0.499281670416237,6.935296550282277e-09,0.4992816704162441,2.6320519398807075e-09,0.0014041591461476227,9.805874310262393e-08,2.9238684013396224e-07
Random669
Raw:1.0104241096782938e-05,2.122547334954239e-06,1.9873220007880885e-05,0.499281670416237,6.935296550282277e-09,0.4992816704162441,2.632051939880745e-09,0.0014041591461476227,9.805874310262532e-08,2.9238684013396224e-07
EFT:1.0104241096782794e-05,2.122547334954209e-06,1.987322000788117e-05,0.499281670416237,6.935296550282277e-09,0.4992816704162441,2.6320519398807075e-09,0.0014041591461476227,9.805874310262393e-08,2.9238684013396224e-07
Random670
Raw:1.0104241096782867e-05,2.122547334954194e-06,1.9873220007881028e-05,0.49928167041624055,6.935296550282326e-09,0.49928167041624055,2.6320519398807265e-09,0.0014041591461476128,9.805874310262323e-08,2.923868401339643e-07
EFT:1.0104241096782794e-05,2.122547334954209e-06,1.987322000788117e-05,0.499281670416237,6.935296550282277e-09,0.4992816704162441,2.6320519398807075e-09,0.0014041591461476227,9.805874310262393e-08,2.9238684013396224e-07
Random671
Raw:1.0104241096782938e-05,2.122547334954239e-06,1.987322000788117e-05,0.499281670416237,6.935296550282277e-09,0.4992816704162441,2.632051939880745e-09,0.0014041591461476227,9.805874310262532e-08,2.9238684013396224e-07
EFT:1.0104241096782794e-05,2.122547334954209e-06,1.987322000788117e-05,0.499281670416237,6.935296550282277e-09,0.4992816704162441,2.6320519398807075e-09,0.0014041591461476227,9.805874310262393e-08,2.9238684013396224e-07
Random672
Raw:1.0104241096782794e-05,2.122547334954209e-06,1.987322000788117e-05,0.499281670416237,6.9352965502821786e-09,0.4992816704162441,2.6320519398807075e-09,0.0014041591461476227,9.805874310262393e-08,2.9238684013396224e-07
EFT:1.0104241096782794e-05,2.122547334954209e-06,1.987322000788117e-05,0.499281670416237,6.935296550282277e-09,0.4992816704162441,2.6320519398807075e-09,0.0014041591461476227,9.805874310262393e-08,2.9238684013396224e-07
Random673
Raw:1.0104241096783009e-05,2.122547334954224e-06,1.9873220007881028e-05,0.49928167041623345,6.935296550282327e-09,0.49928167041624766,2.6320519398807638e-09,0.0014041591461476327,9.805874310262601e-08,2.9238684013396436e-07
EFT:1.0104241096782794e-05,2.122547334954209e-06,1.987322000788117e-05,0.499281670416237,6.935296550282277e-09,0.4992816704162441,2.6320519398807075e-09,0.0014041591461476227,9.805874310262393e-08,2.9238684013396224e-07
Random674
Raw:1.0104241096782723e-05,2.122547334954194e-06,1.9873220007881028e-05,0.49928167041624055,6.935296550282228e-09,0.49928167041624055,2.632051939880689e-09,0.0014041591461476128,9.805874310262184e-08,2.923868401339602e-07
EFT:1.0104241096782794e-05,2.122547334954209e-06,1.987322000788117e-05,0.499281670416237,6.935296550282277e-09,0.4992816704162441,2.6320519398807075e-09,0.0014041591461476227,9.805874310262393e-08,2.9238684013396224e-07
Random675
Raw:1.0104241096782938e-05,2.122547334954209e-06,1.987322000788117e-05,0.499281670416237,6.9352965502823754e-09,0.4992816704162441,2.6320519398807824e-09,0.0014041591461476227,9.805874310262532e-08,2.9238684013396637e-07
EFT:1.0104241096782794e-05,2.122547334954209e-06,1.987322000788117e-05,0.499281670416237,6.935296550282277e-09,0.4992816704162441,2.6320519398807075e-09,0.0014041591461476227,9.805874310262393e-08,2.9238684013396224e-07
Random676
Raw:1.0104241096782867e-05,2.122547334954224e-06,1.987322000788131e-05,0.49928167041624055,6.935296550282326e-09,0.49928167041624055,2.6320519398807265e-09,0.0014041591461476327,9.805874310262462e-08,2.923868401339643e-07
EFT:1.0104241096782794e-05,2.122547334954209e-06,1.987322000788117e-05,0.499281670416237,6.935296550282277e-09,0.4992816704162441,2.6320519398807075e-09,0.0014041591461476227,9.805874310262393e-08,2.9238684013396224e-07
Random677
Raw:1.0104241096782867e-05,2.1225473349542546e-06,1.987322000788131e-05,0.49928167041624055,6.935296550282326e-09,0.49928167041624055,2.6320519398807638e-09,0.0014041591461476327,9.805874310262462e-08,2.923868401339643e-07
EFT:1.0104241096782794e-05,2.122547334954209e-06,1.987322000788117e-05,0.499281670416237,6.935296550282277e-09,0.4992816704162441,2.6320519398807075e-09,0.0014041591461476227,9.805874310262393e-08,2.9238684013396224e-07
Random678
Raw:1.0104241096782865e-05,2.122547334954194e-06,1.9873220007881028e-05,0.49928167041623345,6.935296550282327e-09,0.49928167041624766,2.632051939880726e-09,0.0014041591461476126,9.805874310262462e-08,2.9238684013396436e-07
EFT:1.0104241096782794e-05,2.122547334954209e-06,1.987322000788117e-05,0.499281670416237,6.935296550282277e-09,0.4992816704162441,2.6320519398807075e-09,0.0014041591461476227,9.805874310262393e-08,2.9238684013396224e-07
Random679
Raw:1.0104241096782867e-05,2.122547334954224e-06,1.987322000788131e-05,0.49928167041624055,6.935296550282326e-09,0.49928167041624055,2.6320519398807265e-09,0.0014041591461476327,9.805874310262462e-08,2.923868401339643e-07
EFT:1.0104241096782794e-05,2.122547334954209e-06,1.987322000788117e-05,0.499281670416237,6.935296550282277e-09,0.4992816704162441,2.6320519398807075e-09,0.0014041591461476227,9.805874310262393e-08,2.9238684013396224e-07
Random680
Raw:1.0104241096782938e-05,2.122547334954239e-06,1.987322000788145e-05,0.499281670416237,6.935296550282277e-09,0.4992816704162441,2.632051939880745e-09,0.0014041591461476427,9.805874310262393e-08,2.9238684013396637e-07
EFT:1.0104241096782794e-05,2.122547334954209e-06,1.987322000788117e-05,0.499281670416237,6.935296550282277e-09,0.4992816704162441,2.6320519398807075e-09,0.0014041591461476227,9.805874310262393e-08,2.9238684013396224e-07
Random681
Raw:1.0104241096782938e-05,2.122547334954209e-06,1.987322000788117e-05,0.499281670416237,6.9352965502823754e-09,0.4992816704162441,2.632051939880745e-09,0.0014041591461476227,9.805874310262393e-08,2.9238684013396637e-07
EFT:1.0104241096782794e-05,2.122547334954209e-06,1.987322000788117e-05,0.499281670416237,6.935296550282277e-09,0.4992816704162441,2.6320519398807075e-09,0.0014041591461476227,9.805874310262393e-08,2.9238684013396224e-07
Random682
Raw:1.0104241096782938e-05,2.122547334954209e-06,1.987322000788117e-05,0.499281670416237,6.9352965502823754e-09,0.4992816704162441,2.6320519398807824e-09,0.0014041591461476227,9.805874310262532e-08,2.9238684013396637e-07
EFT:1.0104241096782794e-05,2.122547334954209e-06,1.987322000788117e-05,0.499281670416237,6.935296550282277e-09,0.4992816704162441,2.6320519398807075e-09,0.0014041591461476227,9.805874310262393e-08,2.9238684013396224e-07
Random683
Raw:1.0104241096782938e-05,2.122547334954239e-06,1.987322000788117e-05,0.499281670416237,6.9352965502823754e-09,0.4992816704162441,2.6320519398807824e-09,0.0014041591461476227,9.805874310262532e-08,2.9238684013396637e-07
EFT:1.0104241096782794e-05,2.122547334954209e-06,1.987322000788117e-05,0.499281670416237,6.935296550282277e-09,0.4992816704162441,2.6320519398807075e-09,0.0014041591461476227,9.805874310262393e-08,2.9238684013396224e-07
Random684
Raw:1.0104241096782794e-05,2.122547334954209e-06,1.987322000788117e-05,0.499281670416237,6.935296550282277e-09,0.4992816704162441,2.6320519398807075e-09,0.0014041591461476026,9.805874310262393e-08,2.9238684013396224e-07
EFT:1.0104241096782794e-05,2.122547334954209e-06,1.987322000788117e-05,0.499281670416237,6.935296550282277e-09,0.4992816704162441,2.6320519398807075e-09,0.0014041591461476227,9.805874310262393e-08,2.9238684013396224e-07
Random685
Raw:1.0104241096782938e-05,2.122547334954239e-06,1.987322000788117e-05,0.499281670416237,6.9352965502823754e-09,0.4992816704162441,2.6320519398807824e-09,0.0014041591461476227,9.805874310262532e-08,2.9238684013396637e-07
EFT:1.0104241096782794e-05,2.122547334954209e-06,1.987322000788117e-05,0.499281670416237,6.935296550282277e-09,0.4992816704162441,2.6320519398807075e-09,0.0014041591461476227,9.805874310262393e-08,2.9238684013396224e-07
Random686
Raw:1.0104241096782867e-05,2.122547334954194e-06,1.9873220007881028e-05,0.49928167041624055,6.935296550282326e-09,0.49928167041624055,2.6320519398807265e-09,0.0014041591461476128,9.805874310262323e-08,2.923868401339643e-07
EFT:1.0104241096782794e-05,2.122547334954209e-06,1.987322000788117e-05,0.499281670416237,6.935296550282277e-09,0.4992816704162441,2.6320519398807075e-09,0.0014041591461476227,9.805874310262393e-08,2.9238684013396224e-07
Random687
Raw:1.0104241096783009e-05,2.122547334954224e-06,1.987322000788131e-05,0.49928167041623345,6.935296550282327e-09,0.49928167041624766,2.6320519398807638e-09,0.0014041591461476327,9.805874310262462e-08,2.923868401339685e-07
EFT:1.0104241096782794e-05,2.122547334954209e-06,1.987322000788117e-05,0.499281670416237,6.935296550282277e-09,0.4992816704162441,2.6320519398807075e-09,0.0014041591461476227,9.805874310262393e-08,2.9238684013396224e-07
Random688
Raw:1.0104241096782867e-05,2.122547334954224e-06,1.987322000788131e-05,0.49928167041624055,6.935296550282326e-09,0.49928167041624055,2.6320519398807265e-09,0.0014041591461476327,9.805874310262462e-08,2.923868401339643e-07
EFT:1.0104241096782794e-05,2.122547334954209e-06,1.987322000788117e-05,0.499281670416237,6.935296550282277e-09,0.4992816704162441,2.6320519398807075e-09,0.0014041591461476227,9.805874310262393e-08,2.9238684013396224e-07
Random689
Raw:1.0104241096782867e-05,2.122547334954224e-06,1.987322000788131e-05,0.49928167041624055,6.935296550282326e-09,0.49928167041624055,2.6320519398807265e-09,0.0014041591461476327,9.805874310262462e-08,2.923868401339643e-07
EFT:1.0104241096782794e-05,2.122547334954209e-06,1.987322000788117e-05,0.499281670416237,6.935296550282277e-09,0.4992816704162441,2.6320519398807075e-09,0.0014041591461476227,9.805874310262393e-08,2.9238684013396224e-07
Random690
Raw:1.0104241096782867e-05,2.122547334954224e-06,1.987322000788131e-05,0.49928167041624055,6.935296550282326e-09,0.49928167041624055,2.6320519398807638e-09,0.0014041591461476128,9.805874310262462e-08,2.923868401339643e-07
EFT:1.0104241096782794e-05,2.122547334954209e-06,1.987322000788117e-05,0.499281670416237,6.935296550282277e-09,0.4992816704162441,2.6320519398807075e-09,0.0014041591461476227,9.805874310262393e-08,2.9238684013396224e-07
Random691
Raw:1.0104241096782938e-05,2.122547334954209e-06,1.987322000788117e-05,0.499281670416237,6.935296550282277e-09,0.4992816704162441,2.632051939880745e-09,0.0014041591461476427,9.805874310262393e-08,2.9238684013396224e-07
EFT:1.0104241096782794e-05,2.122547334954209e-06,1.987322000788117e-05,0.499281670416237,6.935296550282277e-09,0.4992816704162441,2.6320519398807075e-09,0.0014041591461476227,9.805874310262393e-08,2.9238684013396224e-07
Random692
Raw:1.0104241096782794e-05,2.1225473349541788e-06,1.9873220007880885e-05,0.499281670416237,6.935296550282277e-09,0.4992816704162441,2.632051939880745e-09,0.0014041591461476026,9.805874310262254e-08,2.9238684013396224e-07
EFT:1.0104241096782794e-05,2.122547334954209e-06,1.987322000788117e-05,0.499281670416237,6.935296550282277e-09,0.4992816704162441,2.6320519398807075e-09,0.0014041591461476227,9.805874310262393e-08,2.9238684013396224e-07
Random693
Raw:1.0104241096782938e-05,2.122547334954209e-06,1.987322000788117e-05,0.499281670416237,6.9352965502823754e-09,0.4992816704162441,2.632051939880745e-09,0.0014041591461476227,9.805874310262532e-08,2.9238684013396637e-07
EFT:1.0104241096782794e-05,2.122547334954209e-06,1.987322000788117e-05,0.499281670416237,6.935296550282277e-09,0.4992816704162441,2.6320519398807075e-09,0.0014041591461476227,9.805874310262393e-08,2.9238684013396224e-07
Random694
Raw:1.0104241096782794e-05,2.122547334954209e-06,1.987322000788117e-05,0.499281670416237,6.935296550282277e-09,0.4992816704162441,2.6320519398807075e-09,0.0014041591461476026,9.805874310262393e-08,2.9238684013396224e-07
EFT:1.0104241096782794e-05,2.122547334954209e-06,1.987322000788117e-05,0.499281670416237,6.935296550282277e-09,0.4992816704162441,2.6320519398807075e-09,0.0014041591461476227,9.805874310262393e-08,2.9238684013396224e-07
Random695
Raw:1.0104241096782867e-05,2.122547334954224e-06,1.987322000788131e-05,0.49928167041624055,6.935296550282326e-09,0.49928167041624055,2.6320519398807265e-09,0.0014041591461476327,9.805874310262602e-08,2.923868401339643e-07
EFT:1.0104241096782794e-05,2.122547334954209e-06,1.987322000788117e-05,0.499281670416237,6.935296550282277e-09,0.4992816704162441,2.6320519398807075e-09,0.0014041591461476227,9.805874310262393e-08,2.9238684013396224e-07
Random696
Raw:1.0104241096782938e-05,2.122547334954239e-06,1.987322000788145e-05,0.499281670416237,6.935296550282277e-09,0.4992816704162441,2.632051939880745e-09,0.0014041591461476427,9.805874310262393e-08,2.9238684013396637e-07
EFT:1.0104241096782794e-05,2.122547334954209e-06,1.987322000788117e-05,0.499281670416237,6.935296550282277e-09,0.4992816704162441,2.6320519398807075e-09,0.0014041591461476227,9.805874310262393e-08,2.9238684013396224e-07
Random697
Raw:1.0104241096782938e-05,2.122547334954209e-06,1.987322000788117e-05,0.499281670416237,6.9352965502823754e-09,0.4992816704162441,2.632051939880745e-09,0.0014041591461476227,9.805874310262532e-08,2.9238684013396637e-07
EFT:1.0104241096782794e-05,2.122547334954209e-06,1.987322000788117e-05,0.499281670416237,6.935296550282277e-09,0.4992816704162441,2.6320519398807075e-09,0.0014041591461476227,9.805874310262393e-08,2.9238684013396224e-07
Random698
Raw:1.0104241096782867e-05,2.122547334954224e-06,1.987322000788131e-05,0.49928167041624055,6.935296550282228e-09,0.49928167041624055,2.632051939880689e-09,0.0014041591461476327,9.805874310262323e-08,2.923868401339643e-07
EFT:1.0104241096782794e-05,2.122547334954209e-06,1.987322000788117e-05,0.499281670416237,6.935296550282277e-09,0.4992816704162441,2.6320519398807075e-09,0.0014041591461476227,9.805874310262393e-08,2.9238684013396224e-07
Random699
Raw:1.0104241096782938e-05,2.122547334954209e-06,1.987322000788117e-05,0.499281670416237,6.9352965502823754e-09,0.4992816704162441,2.6320519398807824e-09,0.0014041591461476227,9.805874310262532e-08,2.9238684013396637e-07
EFT:1.0104241096782794e-05,2.122547334954209e-06,1.987322000788117e-05,0.499281670416237,6.935296550282277e-09,0.4992816704162441,2.6320519398807075e-09,0.0014041591461476227,9.805874310262393e-08,2.9238684013396224e-07
Random700
Raw:1.0104241096783009e-05,2.122547334954194e-06,1.9873220007881028e-05,0.49928167041623345,6.935296550282327e-09,0.49928167041624766,2.6320519398807638e-09,0.0014041591461476327,9.805874310262462e-08,2.9238684013396436e-07
EFT:1.0104241096782794e-05,2.122547334954209e-06,1.987322000788117e-05,0.499281670416237,6.935296550282277e-09,0.4992816704162441,2.6320519398807075e-09,0.0014041591461476227,9.805874310262393e-08,2.9238684013396224e-07
Random701
Raw:1.0104241096782938e-05,2.122547334954209e-06,1.987322000788117e-05,0.499281670416237,6.9352965502823754e-09,0.4992816704162441,2.632051939880745e-09,0.0014041591461476227,9.805874310262532e-08,2.9238684013396637e-07
EFT:1.0104241096782794e-05,2.122547334954209e-06,1.987322000788117e-05,0.499281670416237,6.935296550282277e-09,0.4992816704162441,2.6320519398807075e-09,0.0014041591461476227,9.805874310262393e-08,2.9238684013396224e-07
Random702
Raw:1.0104241096782938e-05,2.122547334954209e-06,1.987322000788117e-05,0.499281670416237,6.9352965502823754e-09,0.4992816704162441,2.632051939880745e-09,0.0014041591461476227,9.805874310262532e-08,2.9238684013396637e-07
EFT:1.0104241096782794e-05,2.122547334954209e-06,1.987322000788117e-05,0.499281670416237,6.935296550282277e-09,0.4992816704162441,2.6320519398807075e-09,0.0014041591461476227,9.805874310262393e-08,2.9238684013396224e-07
Random703
Raw:1.0104241096782865e-05,2.122547334954194e-06,1.9873220007881028e-05,0.49928167041623345,6.935296550282327e-09,0.49928167041624766,2.632051939880726e-09,0.0014041591461476126,9.805874310262462e-08,2.9238684013396436e-07
EFT:1.0104241096782794e-05,2.122547334954209e-06,1.987322000788117e-05,0.499281670416237,6.935296550282277e-09,0.4992816704162441,2.6320519398807075e-09,0.0014041591461476227,9.805874310262393e-08,2.9238684013396224e-07
Random704
Raw:1.0104241096782794e-05,2.122547334954209e-06,1.987322000788117e-05,0.499281670416237,6.9352965502821786e-09,0.4992816704162441,2.632051939880745e-09,0.0014041591461476227,9.805874310262254e-08,2.9238684013396224e-07
EFT:1.0104241096782794e-05,2.122547334954209e-06,1.987322000788117e-05,0.499281670416237,6.935296550282277e-09,0.4992816704162441,2.6320519398807075e-09,0.0014041591461476227,9.805874310262393e-08,2.9238684013396224e-07
Random705
Raw:1.0104241096782938e-05,2.1225473349541788e-06,1.9873220007880885e-05,0.499281670416237,6.935296550282277e-09,0.4992816704162441,2.632051939880745e-09,0.0014041591461476026,9.805874310262532e-08,2.9238684013396224e-07
EFT:1.0104241096782794e-05,2.122547334954209e-06,1.987322000788117e-05,0.499281670416237,6.935296550282277e-09,0.4992816704162441,2.6320519398807075e-09,0.0014041591461476227,9.805874310262393e-08,2.9238684013396224e-07
Random706
Raw:1.0104241096782867e-05,2.122547334954194e-06,1.9873220007881028e-05,0.49928167041624055,6.935296550282326e-09,0.49928167041624055,2.6320519398807265e-09,0.0014041591461476128,9.805874310262323e-08,2.923868401339643e-07
EFT:1.0104241096782794e-05,2.122547334954209e-06,1.987322000788117e-05,0.499281670416237,6.935296550282277e-09,0.4992816704162441,2.6320519398807075e-09,0.0014041591461476227,9.805874310262393e-08,2.9238684013396224e-07
Random707
Raw:1.0104241096782938e-05,2.122547334954239e-06,1.9873220007880885e-05,0.499281670416237,6.935296550282277e-09,0.4992816704162441,2.632051939880745e-09,0.0014041591461476227,9.805874310262532e-08,2.9238684013396224e-07
EFT:1.0104241096782794e-05,2.122547334954209e-06,1.987322000788117e-05,0.499281670416237,6.935296550282277e-09,0.4992816704162441,2.6320519398807075e-09,0.0014041591461476227,9.805874310262393e-08,2.9238684013396224e-07
Random708
Raw:1.0104241096782938e-05,2.122547334954209e-06,1.9873220007880885e-05,0.499281670416237,6.935296550282277e-09,0.4992816704162441,2.632051939880745e-09,0.0014041591461476227,9.805874310262532e-08,2.9238684013396224e-07
EFT:1.0104241096782794e-05,2.122547334954209e-06,1.987322000788117e-05,0.499281670416237,6.935296550282277e-09,0.4992816704162441,2.6320519398807075e-09,0.0014041591461476227,9.805874310262393e-08,2.9238684013396224e-07
Random709
Raw:1.0104241096782867e-05,2.122547334954194e-06,1.9873220007881028e-05,0.49928167041624055,6.935296550282326e-09,0.49928167041624055,2.6320519398807265e-09,0.0014041591461476128,9.805874310262323e-08,2.923868401339643e-07
EFT:1.0104241096782794e-05,2.122547334954209e-06,1.987322000788117e-05,0.499281670416237,6.935296550282277e-09,0.4992816704162441,2.6320519398807075e-09,0.0014041591461476227,9.805874310262393e-08,2.9238684013396224e-07
Random710
Raw:1.0104241096782867e-05,2.122547334954224e-06,1.9873220007881028e-05,0.49928167041624055,6.935296550282326e-09,0.49928167041624055,2.6320519398807265e-09,0.0014041591461476327,9.805874310262602e-08,2.923868401339643e-07
EFT:1.0104241096782794e-05,2.122547334954209e-06,1.987322000788117e-05,0.499281670416237,6.935296550282277e-09,0.4992816704162441,2.6320519398807075e-09,0.0014041591461476227,9.805874310262393e-08,2.9238684013396224e-07
Random711
Raw:1.0104241096782938e-05,2.1225473349541788e-06,1.9873220007880885e-05,0.4992816704162299,6.935296550282277e-09,0.49928167041625116,2.632051939880745e-09,0.0014041591461476225,9.805874310262393e-08,2.9238684013396224e-07
EFT:1.0104241096782794e-05,2.122547334954209e-06,1.987322000788117e-05,0.499281670416237,6.935296550282277e-09,0.4992816704162441,2.6320519398807075e-09,0.0014041591461476227,9.805874310262393e-08,2.9238684013396224e-07
Random712
Raw:1.0104241096782867e-05,2.122547334954224e-06,1.987322000788131e-05,0.49928167041624055,6.935296550282326e-09,0.49928167041624055,2.6320519398807265e-09,0.0014041591461476327,9.805874310262462e-08,2.923868401339643e-07
EFT:1.0104241096782794e-05,2.122547334954209e-06,1.987322000788117e-05,0.499281670416237,6.935296550282277e-09,0.4992816704162441,2.6320519398807075e-09,0.0014041591461476227,9.805874310262393e-08,2.9238684013396224e-07
Random713
Raw:1.0104241096782938e-05,2.122547334954239e-06,1.987322000788117e-05,0.499281670416237,6.935296550282277e-09,0.4992816704162441,2.632051939880745e-09,0.0014041591461476427,9.805874310262532e-08,2.9238684013396224e-07
EFT:1.0104241096782794e-05,2.122547334954209e-06,1.987322000788117e-05,0.499281670416237,6.935296550282277e-09,0.4992816704162441,2.6320519398807075e-09,0.0014041591461476227,9.805874310262393e-08,2.9238684013396224e-07
Random714
Raw:1.0104241096782938e-05,2.122547334954239e-06,1.987322000788117e-05,0.499281670416237,6.935296550282277e-09,0.4992816704162441,2.632051939880745e-09,0.0014041591461476427,9.805874310262393e-08,2.9238684013396637e-07
EFT:1.0104241096782794e-05,2.122547334954209e-06,1.987322000788117e-05,0.499281670416237,6.935296550282277e-09,0.4992816704162441,2.6320519398807075e-09,0.0014041591461476227,9.805874310262393e-08,2.9238684013396224e-07
Random715
Raw:1.0104241096783009e-05,2.122547334954194e-06,1.9873220007881028e-05,0.49928167041623345,6.935296550282327e-09,0.49928167041624766,2.6320519398807638e-09,0.0014041591461476327,9.805874310262462e-08,2.9238684013396436e-07
EFT:1.0104241096782794e-05,2.122547334954209e-06,1.987322000788117e-05,0.499281670416237,6.935296550282277e-09,0.4992816704162441,2.6320519398807075e-09,0.0014041591461476227,9.805874310262393e-08,2.9238684013396224e-07
Random716
Raw:1.0104241096782938e-05,2.122547334954209e-06,1.987322000788117e-05,0.499281670416237,6.935296550282277e-09,0.4992816704162441,2.632051939880745e-09,0.0014041591461476227,9.805874310262532e-08,2.9238684013396224e-07
EFT:1.0104241096782794e-05,2.122547334954209e-06,1.987322000788117e-05,0.499281670416237,6.935296550282277e-09,0.4992816704162441,2.6320519398807075e-09,0.0014041591461476227,9.805874310262393e-08,2.9238684013396224e-07
Random717
Raw:1.0104241096782794e-05,2.1225473349541788e-06,1.9873220007880885e-05,0.499281670416237,6.9352965502821786e-09,0.4992816704162441,2.632051939880745e-09,0.0014041591461476026,9.805874310262254e-08,2.9238684013396224e-07
EFT:1.0104241096782794e-05,2.122547334954209e-06,1.987322000788117e-05,0.499281670416237,6.935296550282277e-09,0.4992816704162441,2.6320519398807075e-09,0.0014041591461476227,9.805874310262393e-08,2.9238684013396224e-07
Random718
Raw:1.0104241096782938e-05,2.122547334954239e-06,1.987322000788117e-05,0.499281670416237,6.935296550282277e-09,0.4992816704162441,2.632051939880745e-09,0.0014041591461476227,9.805874310262532e-08,2.9238684013396224e-07
EFT:1.0104241096782794e-05,2.122547334954209e-06,1.987322000788117e-05,0.499281670416237,6.935296550282277e-09,0.4992816704162441,2.6320519398807075e-09,0.0014041591461476227,9.805874310262393e-08,2.9238684013396224e-07
Random719
Raw:1.0104241096782867e-05,2.122547334954224e-06,1.987322000788131e-05,0.49928167041624055,6.935296550282326e-09,0.49928167041624055,2.6320519398807265e-09,0.0014041591461476327,9.805874310262323e-08,2.923868401339643e-07
EFT:1.0104241096782794e-05,2.122547334954209e-06,1.987322000788117e-05,0.499281670416237,6.935296550282277e-09,0.4992816704162441,2.6320519398807075e-09,0.0014041591461476227,9.805874310262393e-08,2.9238684013396224e-07
Random720
Raw:1.0104241096782867e-05,2.122547334954224e-06,1.987322000788131e-05,0.49928167041624055,6.935296550282326e-09,0.49928167041624055,2.6320519398807638e-09,0.0014041591461476327,9.805874310262462e-08,2.923868401339643e-07
EFT:1.0104241096782794e-05,2.122547334954209e-06,1.987322000788117e-05,0.499281670416237,6.935296550282277e-09,0.4992816704162441,2.6320519398807075e-09,0.0014041591461476227,9.805874310262393e-08,2.9238684013396224e-07
Random721
Raw:1.0104241096782938e-05,2.122547334954239e-06,1.987322000788145e-05,0.499281670416237,6.935296550282277e-09,0.4992816704162441,2.632051939880745e-09,0.0014041591461476427,9.805874310262532e-08,2.9238684013396224e-07
EFT:1.0104241096782794e-05,2.122547334954209e-06,1.987322000788117e-05,0.499281670416237,6.935296550282277e-09,0.4992816704162441,2.6320519398807075e-09,0.0014041591461476227,9.805874310262393e-08,2.9238684013396224e-07
Random722
Raw:1.0104241096783009e-05,2.122547334954224e-06,1.987322000788131e-05,0.49928167041623345,6.935296550282327e-09,0.49928167041624766,2.6320519398807638e-09,0.0014041591461476327,9.805874310262462e-08,2.923868401339685e-07
EFT:1.0104241096782794e-05,2.122547334954209e-06,1.987322000788117e-05,0.499281670416237,6.935296550282277e-09,0.4992816704162441,2.6320519398807075e-09,0.0014041591461476227,9.805874310262393e-08,2.9238684013396224e-07
Random723
Raw:1.0104241096782938e-05,2.122547334954209e-06,1.987322000788117e-05,0.499281670416237,6.9352965502823754e-09,0.4992816704162441,2.632051939880745e-09,0.0014041591461476227,9.805874310262393e-08,2.9238684013396637e-07
EFT:1.0104241096782794e-05,2.122547334954209e-06,1.987322000788117e-05,0.499281670416237,6.935296550282277e-09,0.4992816704162441,2.6320519398807075e-09,0.0014041591461476227,9.805874310262393e-08,2.9238684013396224e-07
Random724
Raw:1.0104241096782867e-05,2.122547334954224e-06,1.987322000788131e-05,0.49928167041624055,6.935296550282326e-09,0.49928167041624055,2.6320519398807265e-09,0.0014041591461476128,9.805874310262462e-08,2.923868401339643e-07
EFT:1.0104241096782794e-05,2.122547334954209e-06,1.987322000788117e-05,0.499281670416237,6.935296550282277e-09,0.4992816704162441,2.6320519398807075e-09,0.0014041591461476227,9.805874310262393e-08,2.9238684013396224e-07
Random725
Raw:1.0104241096782938e-05,2.122547334954209e-06,1.987322000788117e-05,0.499281670416237,6.9352965502823754e-09,0.4992816704162441,2.632051939880745e-09,0.0014041591461476227,9.805874310262532e-08,2.9238684013396637e-07
EFT:1.0104241096782794e-05,2.122547334954209e-06,1.987322000788117e-05,0.499281670416237,6.935296550282277e-09,0.4992816704162441,2.6320519398807075e-09,0.0014041591461476227,9.805874310262393e-08,2.9238684013396224e-07
Random726
Raw:1.0104241096782938e-05,2.122547334954239e-06,1.987322000788117e-05,0.499281670416237,6.935296550282277e-09,0.4992816704162441,2.632051939880745e-09,0.0014041591461476427,9.805874310262532e-08,2.9238684013396224e-07
EFT:1.0104241096782794e-05,2.122547334954209e-06,1.987322000788117e-05,0.499281670416237,6.935296550282277e-09,0.4992816704162441,2.6320519398807075e-09,0.0014041591461476227,9.805874310262393e-08,2.9238684013396224e-07
Random727
Raw:1.0104241096782938e-05,2.122547334954209e-06,1.987322000788117e-05,0.499281670416237,6.935296550282277e-09,0.4992816704162441,2.632051939880745e-09,0.0014041591461476427,9.805874310262393e-08,2.9238684013396224e-07
EFT:1.0104241096782794e-05,2.122547334954209e-06,1.987322000788117e-05,0.499281670416237,6.935296550282277e-09,0.4992816704162441,2.6320519398807075e-09,0.0014041591461476227,9.805874310262393e-08,2.9238684013396224e-07
Random728
Raw:1.0104241096782938e-05,2.122547334954239e-06,1.987322000788145e-05,0.499281670416237,6.935296550282277e-09,0.4992816704162441,2.632051939880745e-09,0.0014041591461476427,9.805874310262532e-08,2.9238684013396224e-07
EFT:1.0104241096782794e-05,2.122547334954209e-06,1.987322000788117e-05,0.499281670416237,6.935296550282277e-09,0.4992816704162441,2.6320519398807075e-09,0.0014041591461476227,9.805874310262393e-08,2.9238684013396224e-07
Random729
Raw:1.0104241096782867e-05,2.122547334954224e-06,1.987322000788131e-05,0.49928167041624055,6.935296550282326e-09,0.49928167041624055,2.6320519398807265e-09,0.0014041591461476327,9.805874310262462e-08,2.923868401339643e-07
EFT:1.0104241096782794e-05,2.122547334954209e-06,1.987322000788117e-05,0.499281670416237,6.935296550282277e-09,0.4992816704162441,2.6320519398807075e-09,0.0014041591461476227,9.805874310262393e-08,2.9238684013396224e-07
Random730
Raw:1.010424109678301e-05,2.122547334954224e-06,1.987322000788131e-05,0.49928167041624055,6.935296550282425e-09,0.49928167041624055,2.6320519398807638e-09,0.0014041591461476327,9.805874310262602e-08,2.923868401339685e-07
EFT:1.0104241096782794e-05,2.122547334954209e-06,1.987322000788117e-05,0.499281670416237,6.935296550282277e-09,0.4992816704162441,2.6320519398807075e-09,0.0014041591461476227,9.805874310262393e-08,2.9238684013396224e-07
Random731
Raw:1.0104241096782938e-05,2.122547334954239e-06,1.987322000788117e-05,0.499281670416237,6.935296550282277e-09,0.4992816704162441,2.632051939880745e-09,0.0014041591461476427,9.805874310262393e-08,2.9238684013396637e-07
EFT:1.0104241096782794e-05,2.122547334954209e-06,1.987322000788117e-05,0.499281670416237,6.935296550282277e-09,0.4992816704162441,2.6320519398807075e-09,0.0014041591461476227,9.805874310262393e-08,2.9238684013396224e-07
Random732
Raw:1.0104241096782938e-05,2.122547334954239e-06,1.987322000788117e-05,0.499281670416237,6.935296550282277e-09,0.4992816704162441,2.632051939880745e-09,0.0014041591461476427,9.805874310262532e-08,2.9238684013396224e-07
EFT:1.0104241096782794e-05,2.122547334954209e-06,1.987322000788117e-05,0.499281670416237,6.935296550282277e-09,0.4992816704162441,2.6320519398807075e-09,0.0014041591461476227,9.805874310262393e-08,2.9238684013396224e-07
Random733
Raw:1.0104241096782794e-05,2.122547334954209e-06,1.987322000788117e-05,0.499281670416237,6.935296550282277e-09,0.4992816704162441,2.6320519398807075e-09,0.0014041591461476227,9.805874310262393e-08,2.9238684013396224e-07
EFT:1.0104241096782794e-05,2.122547334954209e-06,1.987322000788117e-05,0.499281670416237,6.935296550282277e-09,0.4992816704162441,2.6320519398807075e-09,0.0014041591461476227,9.805874310262393e-08,2.9238684013396224e-07
Random734
Raw:1.0104241096782938e-05,2.122547334954239e-06,1.987322000788145e-05,0.499281670416237,6.935296550282277e-09,0.4992816704162441,2.632051939880745e-09,0.0014041591461476427,9.805874310262532e-08,2.9238684013396224e-07
EFT:1.0104241096782794e-05,2.122547334954209e-06,1.987322000788117e-05,0.499281670416237,6.935296550282277e-09,0.4992816704162441,2.6320519398807075e-09,0.0014041591461476227,9.805874310262393e-08,2.9238684013396224e-07
Random735
Raw:1.0104241096783009e-05,2.122547334954194e-06,1.9873220007881028e-05,0.49928167041623345,6.935296550282327e-09,0.49928167041624766,2.6320519398807638e-09,0.0014041591461476126,9.805874310262601e-08,2.9238684013396436e-07
EFT:1.0104241096782794e-05,2.122547334954209e-06,1.987322000788117e-05,0.499281670416237,6.935296550282277e-09,0.4992816704162441,2.6320519398807075e-09,0.0014041591461476227,9.805874310262393e-08,2.9238684013396224e-07
Random736
Raw:1.0104241096782938e-05,2.122547334954209e-06,1.987322000788117e-05,0.499281670416237,6.9352965502823754e-09,0.4992816704162441,2.6320519398807824e-09,0.0014041591461476227,9.805874310262532e-08,2.9238684013396637e-07
EFT:1.0104241096782794e-05,2.122547334954209e-06,1.987322000788117e-05,0.499281670416237,6.935296550282277e-09,0.4992816704162441,2.6320519398807075e-09,0.0014041591461476227,9.805874310262393e-08,2.9238684013396224e-07
Random737
Raw:1.0104241096782794e-05,2.122547334954209e-06,1.987322000788117e-05,0.499281670416237,6.935296550282277e-09,0.4992816704162441,2.632051939880745e-09,0.0014041591461476227,9.805874310262254e-08,2.9238684013396224e-07
EFT:1.0104241096782794e-05,2.122547334954209e-06,1.987322000788117e-05,0.499281670416237,6.935296550282277e-09,0.4992816704162441,2.6320519398807075e-09,0.0014041591461476227,9.805874310262393e-08,2.9238684013396224e-07
Random738
Raw:1.0104241096782865e-05,2.122547334954194e-06,1.9873220007881028e-05,0.49928167041623345,6.935296550282327e-09,0.49928167041624766,2.632051939880726e-09,0.0014041591461476126,9.805874310262462e-08,2.9238684013396436e-07
EFT:1.0104241096782794e-05,2.122547334954209e-06,1.987322000788117e-05,0.499281670416237,6.935296550282277e-09,0.4992816704162441,2.6320519398807075e-09,0.0014041591461476227,9.805874310262393e-08,2.9238684013396224e-07
Random739
Raw:1.0104241096782938e-05,2.122547334954209e-06,1.987322000788117e-05,0.499281670416237,6.9352965502823754e-09,0.4992816704162441,2.632051939880745e-09,0.0014041591461476227,9.805874310262532e-08,2.9238684013396637e-07
EFT:1.0104241096782794e-05,2.122547334954209e-06,1.987322000788117e-05,0.499281670416237,6.935296550282277e-09,0.4992816704162441,2.6320519398807075e-09,0.0014041591461476227,9.805874310262393e-08,2.9238684013396224e-07
Random740
Raw:1.0104241096783082e-05,2.122547334954239e-06,1.987322000788145e-05,0.499281670416237,6.935296550282475e-09,0.4992816704162441,2.6320519398807824e-09,0.0014041591461476427,9.805874310262532e-08,2.9238684013396637e-07
EFT:1.0104241096782794e-05,2.122547334954209e-06,1.987322000788117e-05,0.499281670416237,6.935296550282277e-09,0.4992816704162441,2.6320519398807075e-09,0.0014041591461476227,9.805874310262393e-08,2.9238684013396224e-07
Random741
Raw:1.0104241096783009e-05,2.122547334954224e-06,1.9873220007881028e-05,0.49928167041623345,6.935296550282327e-09,0.49928167041624766,2.632051939880801e-09,0.0014041591461476327,9.805874310262601e-08,2.9238684013396436e-07
EFT:1.0104241096782794e-05,2.122547334954209e-06,1.987322000788117e-05,0.499281670416237,6.935296550282277e-09,0.4992816704162441,2.6320519398807075e-09,0.0014041591461476227,9.805874310262393e-08,2.9238684013396224e-07
Random742
Raw:1.0104241096782794e-05,2.122547334954209e-06,1.987322000788117e-05,0.499281670416237,6.935296550282277e-09,0.4992816704162441,2.632051939880745e-09,0.0014041591461476227,9.805874310262254e-08,2.9238684013396224e-07
EFT:1.0104241096782794e-05,2.122547334954209e-06,1.987322000788117e-05,0.499281670416237,6.935296550282277e-09,0.4992816704162441,2.6320519398807075e-09,0.0014041591461476227,9.805874310262393e-08,2.9238684013396224e-07
Random743
Raw:1.0104241096782867e-05,2.122547334954224e-06,1.987322000788131e-05,0.49928167041624055,6.935296550282326e-09,0.49928167041624055,2.6320519398807638e-09,0.0014041591461476327,9.805874310262462e-08,2.923868401339643e-07
EFT:1.0104241096782794e-05,2.122547334954209e-06,1.987322000788117e-05,0.499281670416237,6.935296550282277e-09,0.4992816704162441,2.6320519398807075e-09,0.0014041591461476227,9.805874310262393e-08,2.9238684013396224e-07
Random744
Raw:1.0104241096783009e-05,2.122547334954224e-06,1.9873220007881028e-05,0.49928167041623345,6.935296550282327e-09,0.49928167041624766,2.6320519398807638e-09,0.0014041591461476327,9.805874310262601e-08,2.9238684013396436e-07
EFT:1.0104241096782794e-05,2.122547334954209e-06,1.987322000788117e-05,0.499281670416237,6.935296550282277e-09,0.4992816704162441,2.6320519398807075e-09,0.0014041591461476227,9.805874310262393e-08,2.9238684013396224e-07
Random745
Raw:1.0104241096782938e-05,2.122547334954239e-06,1.987322000788145e-05,0.4992816704162441,6.9352965502823754e-09,0.499281670416237,2.632051939880745e-09,0.0014041591461476227,9.805874310262532e-08,2.9238684013396637e-07
EFT:1.0104241096782794e-05,2.122547334954209e-06,1.987322000788117e-05,0.499281670416237,6.935296550282277e-09,0.4992816704162441,2.6320519398807075e-09,0.0014041591461476227,9.805874310262393e-08,2.9238684013396224e-07
Random746
Raw:1.0104241096782938e-05,2.122547334954239e-06,1.987322000788117e-05,0.499281670416237,6.935296550282277e-09,0.4992816704162441,2.632051939880745e-09,0.0014041591461476427,9.805874310262532e-08,2.9238684013396224e-07
EFT:1.0104241096782794e-05,2.122547334954209e-06,1.987322000788117e-05,0.499281670416237,6.935296550282277e-09,0.4992816704162441,2.6320519398807075e-09,0.0014041591461476227,9.805874310262393e-08,2.9238684013396224e-07
Random747
Raw:1.0104241096782938e-05,2.122547334954209e-06,1.987322000788117e-05,0.499281670416237,6.935296550282277e-09,0.4992816704162441,2.632051939880745e-09,0.0014041591461476227,9.805874310262393e-08,2.9238684013396637e-07
EFT:1.0104241096782794e-05,2.122547334954209e-06,1.987322000788117e-05,0.499281670416237,6.935296550282277e-09,0.4992816704162441,2.6320519398807075e-09,0.0014041591461476227,9.805874310262393e-08,2.9238684013396224e-07
Random748
Raw:1.0104241096782938e-05,2.122547334954209e-06,1.987322000788117e-05,0.499281670416237,6.9352965502823754e-09,0.4992816704162441,2.632051939880745e-09,0.0014041591461476227,9.805874310262532e-08,2.9238684013396637e-07
EFT:1.0104241096782794e-05,2.122547334954209e-06,1.987322000788117e-05,0.499281670416237,6.935296550282277e-09,0.4992816704162441,2.6320519398807075e-09,0.0014041591461476227,9.805874310262393e-08,2.9238684013396224e-07
Random749
Raw:1.0104241096782938e-05,2.122547334954209e-06,1.9873220007880885e-05,0.499281670416237,6.935296550282277e-09,0.4992816704162441,2.632051939880745e-09,0.0014041591461476227,9.805874310262393e-08,2.9238684013396224e-07
EFT:1.0104241096782794e-05,2.122547334954209e-06,1.987322000788117e-05,0.499281670416237,6.935296550282277e-09,0.4992816704162441,2.6320519398807075e-09,0.0014041591461476227,9.805874310262393e-08,2.9238684013396224e-07
Random750
Raw:1.0104241096782938e-05,2.122547334954209e-06,1.987322000788117e-05,0.499281670416237,6.935296550282277e-09,0.4992816704162441,2.632051939880745e-09,0.0014041591461476227,9.805874310262532e-08,2.9238684013396224e-07
EFT:1.0104241096782794e-05,2.122547334954209e-06,1.987322000788117e-05,0.499281670416237,6.935296550282277e-09,0.4992816704162441,2.6320519398807075e-09,0.0014041591461476227,9.805874310262393e-08,2.9238684013396224e-07
Random751
Raw:1.0104241096782938e-05,2.122547334954209e-06,1.987322000788117e-05,0.499281670416237,6.935296550282277e-09,0.4992816704162441,2.632051939880745e-09,0.0014041591461476427,9.805874310262393e-08,2.9238684013396224e-07
EFT:1.0104241096782794e-05,2.122547334954209e-06,1.987322000788117e-05,0.499281670416237,6.935296550282277e-09,0.4992816704162441,2.6320519398807075e-09,0.0014041591461476227,9.805874310262393e-08,2.9238684013396224e-07
Random752
Raw:1.0104241096783009e-05,2.122547334954224e-06,1.987322000788131e-05,0.49928167041623345,6.935296550282327e-09,0.49928167041624766,2.6320519398807638e-09,0.0014041591461476327,9.805874310262462e-08,2.923868401339685e-07
EFT:1.0104241096782794e-05,2.122547334954209e-06,1.987322000788117e-05,0.499281670416237,6.935296550282277e-09,0.4992816704162441,2.6320519398807075e-09,0.0014041591461476227,9.805874310262393e-08,2.9238684013396224e-07
Random753
Raw:1.0104241096782938e-05,2.122547334954209e-06,1.987322000788117e-05,0.499281670416237,6.9352965502823754e-09,0.4992816704162441,2.632051939880745e-09,0.0014041591461476227,9.805874310262532e-08,2.9238684013396637e-07
EFT:1.0104241096782794e-05,2.122547334954209e-06,1.987322000788117e-05,0.499281670416237,6.935296550282277e-09,0.4992816704162441,2.6320519398807075e-09,0.0014041591461476227,9.805874310262393e-08,2.9238684013396224e-07
Random754
Raw:1.0104241096782938e-05,2.122547334954239e-06,1.987322000788117e-05,0.499281670416237,6.935296550282277e-09,0.4992816704162441,2.632051939880745e-09,0.0014041591461476427,9.805874310262393e-08,2.9238684013396637e-07
EFT:1.0104241096782794e-05,2.122547334954209e-06,1.987322000788117e-05,0.499281670416237,6.935296550282277e-09,0.4992816704162441,2.6320519398807075e-09,0.0014041591461476227,9.805874310262393e-08,2.9238684013396224e-07
Random755
Raw:1.0104241096782794e-05,2.122547334954209e-06,1.9873220007880885e-05,0.499281670416237,6.935296550282277e-09,0.4992816704162441,2.6320519398807075e-09,0.0014041591461476026,9.805874310262393e-08,2.9238684013396224e-07
EFT:1.0104241096782794e-05,2.122547334954209e-06,1.987322000788117e-05,0.499281670416237,6.935296550282277e-09,0.4992816704162441,2.6320519398807075e-09,0.0014041591461476227,9.805874310262393e-08,2.9238684013396224e-07
Random756
Raw:1.0104241096782867e-05,2.122547334954194e-06,1.9873220007881028e-05,0.49928167041624055,6.935296550282326e-09,0.49928167041624055,2.6320519398807265e-09,0.0014041591461476128,9.805874310262323e-08,2.923868401339643e-07
EFT:1.0104241096782794e-05,2.122547334954209e-06,1.987322000788117e-05,0.499281670416237,6.935296550282277e-09,0.4992816704162441,2.6320519398807075e-09,0.0014041591461476227,9.805874310262393e-08,2.9238684013396224e-07
Random757
Raw:1.0104241096782938e-05,2.122547334954209e-06,1.987322000788117e-05,0.499281670416237,6.9352965502823754e-09,0.4992816704162441,2.632051939880745e-09,0.0014041591461476227,9.805874310262532e-08,2.9238684013396637e-07
EFT:1.0104241096782794e-05,2.122547334954209e-06,1.987322000788117e-05,0.499281670416237,6.935296550282277e-09,0.4992816704162441,2.6320519398807075e-09,0.0014041591461476227,9.805874310262393e-08,2.9238684013396224e-07
Random758
Raw:1.0104241096783009e-05,2.122547334954194e-06,1.9873220007881028e-05,0.49928167041623345,6.935296550282327e-09,0.49928167041624766,2.6320519398807638e-09,0.0014041591461476327,9.805874310262462e-08,2.9238684013396436e-07
EFT:1.0104241096782794e-05,2.122547334954209e-06,1.987322000788117e-05,0.499281670416237,6.935296550282277e-09,0.4992816704162441,2.6320519398807075e-09,0.0014041591461476227,9.805874310262393e-08,2.9238684013396224e-07
Random759
Raw:1.0104241096782938e-05,2.122547334954209e-06,1.9873220007880885e-05,0.499281670416237,6.935296550282277e-09,0.4992816704162441,2.632051939880745e-09,0.0014041591461476227,9.805874310262532e-08,2.9238684013396224e-07
EFT:1.0104241096782794e-05,2.122547334954209e-06,1.987322000788117e-05,0.499281670416237,6.935296550282277e-09,0.4992816704162441,2.6320519398807075e-09,0.0014041591461476227,9.805874310262393e-08,2.9238684013396224e-07
Random760
Raw:1.0104241096783009e-05,2.122547334954224e-06,1.987322000788131e-05,0.49928167041623345,6.935296550282327e-09,0.49928167041624766,2.6320519398807638e-09,0.0014041591461476327,9.805874310262462e-08,2.923868401339685e-07
EFT:1.0104241096782794e-05,2.122547334954209e-06,1.987322000788117e-05,0.499281670416237,6.935296550282277e-09,0.4992816704162441,2.6320519398807075e-09,0.0014041591461476227,9.805874310262393e-08,2.9238684013396224e-07
Random761
Raw:1.0104241096782867e-05,2.1225473349542546e-06,1.987322000788131e-05,0.49928167041624055,6.935296550282326e-09,0.49928167041624055,2.6320519398807638e-09,0.0014041591461476327,9.805874310262462e-08,2.923868401339643e-07
EFT:1.0104241096782794e-05,2.122547334954209e-06,1.987322000788117e-05,0.499281670416237,6.935296550282277e-09,0.4992816704162441,2.6320519398807075e-09,0.0014041591461476227,9.805874310262393e-08,2.9238684013396224e-07
Random762
Raw:1.0104241096782938e-05,2.122547334954239e-06,1.9873220007880885e-05,0.499281670416237,6.935296550282277e-09,0.4992816704162441,2.632051939880745e-09,0.0014041591461476227,9.805874310262532e-08,2.9238684013396224e-07
EFT:1.0104241096782794e-05,2.122547334954209e-06,1.987322000788117e-05,0.499281670416237,6.935296550282277e-09,0.4992816704162441,2.6320519398807075e-09,0.0014041591461476227,9.805874310262393e-08,2.9238684013396224e-07
Random763
Raw:1.0104241096782938e-05,2.122547334954209e-06,1.987322000788117e-05,0.499281670416237,6.935296550282277e-09,0.4992816704162441,2.632051939880745e-09,0.0014041591461476427,9.805874310262393e-08,2.9238684013396224e-07
EFT:1.0104241096782794e-05,2.122547334954209e-06,1.987322000788117e-05,0.499281670416237,6.935296550282277e-09,0.4992816704162441,2.6320519398807075e-09,0.0014041591461476227,9.805874310262393e-08,2.9238684013396224e-07
Random764
Raw:1.0104241096782938e-05,2.122547334954209e-06,1.987322000788117e-05,0.499281670416237,6.9352965502823754e-09,0.4992816704162441,2.632051939880745e-09,0.0014041591461476227,9.805874310262532e-08,2.9238684013396637e-07
EFT:1.0104241096782794e-05,2.122547334954209e-06,1.987322000788117e-05,0.499281670416237,6.935296550282277e-09,0.4992816704162441,2.6320519398807075e-09,0.0014041591461476227,9.805874310262393e-08,2.9238684013396224e-07
Random765
Raw:1.0104241096782938e-05,2.122547334954209e-06,1.987322000788117e-05,0.499281670416237,6.935296550282277e-09,0.4992816704162441,2.632051939880745e-09,0.0014041591461476227,9.805874310262532e-08,2.9238684013396224e-07
EFT:1.0104241096782794e-05,2.122547334954209e-06,1.987322000788117e-05,0.499281670416237,6.935296550282277e-09,0.4992816704162441,2.6320519398807075e-09,0.0014041591461476227,9.805874310262393e-08,2.9238684013396224e-07
Random766
Raw:1.0104241096782867e-05,2.122547334954224e-06,1.987322000788131e-05,0.49928167041624055,6.935296550282326e-09,0.49928167041624055,2.6320519398807265e-09,0.0014041591461476327,9.805874310262323e-08,2.923868401339643e-07
EFT:1.0104241096782794e-05,2.122547334954209e-06,1.987322000788117e-05,0.499281670416237,6.935296550282277e-09,0.4992816704162441,2.6320519398807075e-09,0.0014041591461476227,9.805874310262393e-08,2.9238684013396224e-07
Random767
Raw:1.0104241096782938e-05,2.122547334954209e-06,1.987322000788117e-05,0.499281670416237,6.9352965502823754e-09,0.4992816704162441,2.6320519398807824e-09,0.0014041591461476227,9.805874310262532e-08,2.9238684013396637e-07
EFT:1.0104241096782794e-05,2.122547334954209e-06,1.987322000788117e-05,0.499281670416237,6.935296550282277e-09,0.4992816704162441,2.6320519398807075e-09,0.0014041591461476227,9.805874310262393e-08,2.9238684013396224e-07
Random768
Raw:1.0104241096782865e-05,2.122547334954194e-06,1.9873220007881028e-05,0.49928167041623345,6.935296550282327e-09,0.49928167041624766,2.6320519398807638e-09,0.0014041591461476126,9.805874310262324e-08,2.9238684013396436e-07
EFT:1.0104241096782794e-05,2.122547334954209e-06,1.987322000788117e-05,0.499281670416237,6.935296550282277e-09,0.4992816704162441,2.6320519398807075e-09,0.0014041591461476227,9.805874310262393e-08,2.9238684013396224e-07
Random769
Raw:1.0104241096782938e-05,2.122547334954239e-06,1.9873220007880885e-05,0.499281670416237,6.935296550282277e-09,0.4992816704162441,2.632051939880745e-09,0.0014041591461476227,9.805874310262532e-08,2.9238684013396224e-07
EFT:1.0104241096782794e-05,2.122547334954209e-06,1.987322000788117e-05,0.499281670416237,6.935296550282277e-09,0.4992816704162441,2.6320519398807075e-09,0.0014041591461476227,9.805874310262393e-08,2.9238684013396224e-07
Random770
Raw:1.0104241096782938e-05,2.122547334954209e-06,1.987322000788117e-05,0.499281670416237,6.9352965502823754e-09,0.4992816704162441,2.6320519398807824e-09,0.0014041591461476227,9.805874310262532e-08,2.9238684013396637e-07
EFT:1.0104241096782794e-05,2.122547334954209e-06,1.987322000788117e-05,0.499281670416237,6.935296550282277e-09,0.4992816704162441,2.6320519398807075e-09,0.0014041591461476227,9.805874310262393e-08,2.9238684013396224e-07
Random771
Raw:1.0104241096782938e-05,2.122547334954209e-06,1.987322000788117e-05,0.499281670416237,6.935296550282277e-09,0.4992816704162441,2.632051939880745e-09,0.0014041591461476427,9.805874310262393e-08,2.9238684013396224e-07
EFT:1.0104241096782794e-05,2.122547334954209e-06,1.987322000788117e-05,0.499281670416237,6.935296550282277e-09,0.4992816704162441,2.6320519398807075e-09,0.0014041591461476227,9.805874310262393e-08,2.9238684013396224e-07
Random772
Raw:1.0104241096782938e-05,2.122547334954209e-06,1.987322000788117e-05,0.499281670416237,6.935296550282277e-09,0.4992816704162441,2.632051939880745e-09,0.0014041591461476427,9.805874310262393e-08,2.9238684013396224e-07
EFT:1.0104241096782794e-05,2.122547334954209e-06,1.987322000788117e-05,0.499281670416237,6.935296550282277e-09,0.4992816704162441,2.6320519398807075e-09,0.0014041591461476227,9.805874310262393e-08,2.9238684013396224e-07
Random773
Raw:1.0104241096782938e-05,2.122547334954239e-06,1.987322000788145e-05,0.499281670416237,6.935296550282277e-09,0.4992816704162441,2.632051939880745e-09,0.0014041591461476227,9.805874310262532e-08,2.9238684013396224e-07
EFT:1.0104241096782794e-05,2.122547334954209e-06,1.987322000788117e-05,0.499281670416237,6.935296550282277e-09,0.4992816704162441,2.6320519398807075e-09,0.0014041591461476227,9.805874310262393e-08,2.9238684013396224e-07
Random774
Raw:1.0104241096782794e-05,2.1225473349541788e-06,1.9873220007880885e-05,0.499281670416237,6.935296550282277e-09,0.4992816704162441,2.632051939880745e-09,0.0014041591461476026,9.805874310262254e-08,2.9238684013396224e-07
EFT:1.0104241096782794e-05,2.122547334954209e-06,1.987322000788117e-05,0.499281670416237,6.935296550282277e-09,0.4992816704162441,2.6320519398807075e-09,0.0014041591461476227,9.805874310262393e-08,2.9238684013396224e-07
Random775
Raw:1.0104241096782867e-05,2.122547334954224e-06,1.9873220007881028e-05,0.49928167041624055,6.935296550282326e-09,0.49928167041624055,2.6320519398807265e-09,0.0014041591461476327,9.805874310262323e-08,2.923868401339643e-07
EFT:1.0104241096782794e-05,2.122547334954209e-06,1.987322000788117e-05,0.499281670416237,6.935296550282277e-09,0.4992816704162441,2.6320519398807075e-09,0.0014041591461476227,9.805874310262393e-08,2.9238684013396224e-07
Random776
Raw:1.0104241096782938e-05,2.122547334954209e-06,1.987322000788117e-05,0.499281670416237,6.9352965502823754e-09,0.4992816704162441,2.632051939880745e-09,0.0014041591461476227,9.805874310262393e-08,2.9238684013396637e-07
EFT:1.0104241096782794e-05,2.122547334954209e-06,1.987322000788117e-05,0.499281670416237,6.935296550282277e-09,0.4992816704162441,2.6320519398807075e-09,0.0014041591461476227,9.805874310262393e-08,2.9238684013396224e-07
Random777
Raw:1.0104241096782867e-05,2.122547334954224e-06,1.987322000788131e-05,0.49928167041624055,6.935296550282326e-09,0.49928167041624055,2.6320519398807265e-09,0.0014041591461476327,9.805874310262323e-08,2.923868401339643e-07
EFT:1.0104241096782794e-05,2.122547334954209e-06,1.987322000788117e-05,0.499281670416237,6.935296550282277e-09,0.4992816704162441,2.6320519398807075e-09,0.0014041591461476227,9.805874310262393e-08,2.9238684013396224e-07
Random778
Raw:1.0104241096782938e-05,2.122547334954209e-06,1.9873220007880885e-05,0.499281670416237,6.935296550282277e-09,0.4992816704162441,2.632051939880745e-09,0.0014041591461476227,9.805874310262532e-08,2.9238684013396224e-07
EFT:1.0104241096782794e-05,2.122547334954209e-06,1.987322000788117e-05,0.499281670416237,6.935296550282277e-09,0.4992816704162441,2.6320519398807075e-09,0.0014041591461476227,9.805874310262393e-08,2.9238684013396224e-07
Random779
Raw:1.0104241096782938e-05,2.122547334954209e-06,1.987322000788117e-05,0.499281670416237,6.935296550282277e-09,0.4992816704162441,2.632051939880745e-09,0.0014041591461476227,9.805874310262532e-08,2.9238684013396224e-07
EFT:1.0104241096782794e-05,2.122547334954209e-06,1.987322000788117e-05,0.499281670416237,6.935296550282277e-09,0.4992816704162441,2.6320519398807075e-09,0.0014041591461476227,9.805874310262393e-08,2.9238684013396224e-07
Random780
Raw:1.0104241096782867e-05,2.122547334954224e-06,1.987322000788131e-05,0.49928167041624055,6.935296550282326e-09,0.49928167041624055,2.6320519398807265e-09,0.0014041591461476327,9.805874310262462e-08,2.923868401339643e-07
EFT:1.0104241096782794e-05,2.122547334954209e-06,1.987322000788117e-05,0.499281670416237,6.935296550282277e-09,0.4992816704162441,2.6320519398807075e-09,0.0014041591461476227,9.805874310262393e-08,2.9238684013396224e-07
Random781
Raw:1.0104241096782867e-05,2.122547334954194e-06,1.9873220007881028e-05,0.49928167041624055,6.935296550282228e-09,0.49928167041624055,2.632051939880689e-09,0.0014041591461476327,9.805874310262323e-08,2.923868401339602e-07
EFT:1.0104241096782794e-05,2.122547334954209e-06,1.987322000788117e-05,0.499281670416237,6.935296550282277e-09,0.4992816704162441,2.6320519398807075e-09,0.0014041591461476227,9.805874310262393e-08,2.9238684013396224e-07
Random782
Raw:1.0104241096782794e-05,2.122547334954209e-06,1.987322000788117e-05,0.4992816704162441,6.935296550282277e-09,0.499281670416237,2.63205193988067e-09,0.0014041591461476427,9.805874310262393e-08,2.9238684013396224e-07
EFT:1.0104241096782794e-05,2.122547334954209e-06,1.987322000788117e-05,0.499281670416237,6.935296550282277e-09,0.4992816704162441,2.6320519398807075e-09,0.0014041591461476227,9.805874310262393e-08,2.9238684013396224e-07
Random783
Raw:1.0104241096782867e-05,2.122547334954224e-06,1.987322000788131e-05,0.49928167041624055,6.935296550282326e-09,0.49928167041624055,2.6320519398807265e-09,0.0014041591461476327,9.805874310262323e-08,2.923868401339643e-07
EFT:1.0104241096782794e-05,2.122547334954209e-06,1.987322000788117e-05,0.499281670416237,6.935296550282277e-09,0.4992816704162441,2.6320519398807075e-09,0.0014041591461476227,9.805874310262393e-08,2.9238684013396224e-07
Random784
Raw:1.0104241096782938e-05,2.122547334954209e-06,1.987322000788117e-05,0.499281670416237,6.935296550282277e-09,0.4992816704162441,2.632051939880745e-09,0.0014041591461476227,9.805874310262532e-08,2.9238684013396224e-07
EFT:1.0104241096782794e-05,2.122547334954209e-06,1.987322000788117e-05,0.499281670416237,6.935296550282277e-09,0.4992816704162441,2.6320519398807075e-09,0.0014041591461476227,9.805874310262393e-08,2.9238684013396224e-07
Random785
Raw:1.0104241096783009e-05,2.122547334954224e-06,1.987322000788131e-05,0.49928167041623345,6.935296550282327e-09,0.49928167041624766,2.6320519398807638e-09,0.0014041591461476327,9.805874310262462e-08,2.923868401339685e-07
EFT:1.0104241096782794e-05,2.122547334954209e-06,1.987322000788117e-05,0.499281670416237,6.935296550282277e-09,0.4992816704162441,2.6320519398807075e-09,0.0014041591461476227,9.805874310262393e-08,2.9238684013396224e-07
Random786
Raw:1.0104241096783009e-05,2.122547334954224e-06,1.987322000788131e-05,0.49928167041623345,6.935296550282327e-09,0.49928167041624766,2.6320519398807638e-09,0.0014041591461476327,9.805874310262601e-08,2.9238684013396436e-07
EFT:1.0104241096782794e-05,2.122547334954209e-06,1.987322000788117e-05,0.499281670416237,6.935296550282277e-09,0.4992816704162441,2.6320519398807075e-09,0.0014041591461476227,9.805874310262393e-08,2.9238684013396224e-07
Random787
Raw:1.0104241096782938e-05,2.122547334954209e-06,1.987322000788117e-05,0.499281670416237,6.935296550282277e-09,0.4992816704162441,2.632051939880745e-09,0.0014041591461476227,9.805874310262532e-08,2.9238684013396224e-07
EFT:1.0104241096782794e-05,2.122547334954209e-06,1.987322000788117e-05,0.499281670416237,6.935296550282277e-09,0.4992816704162441,2.6320519398807075e-09,0.0014041591461476227,9.805874310262393e-08,2.9238684013396224e-07
Random788
Raw:1.0104241096782938e-05,2.1225473349541788e-06,1.9873220007880885e-05,0.499281670416237,6.935296550282277e-09,0.4992816704162441,2.632051939880745e-09,0.0014041591461476026,9.805874310262532e-08,2.9238684013396224e-07
EFT:1.0104241096782794e-05,2.122547334954209e-06,1.987322000788117e-05,0.499281670416237,6.935296550282277e-09,0.4992816704162441,2.6320519398807075e-09,0.0014041591461476227,9.805874310262393e-08,2.9238684013396224e-07
Random789
Raw:1.0104241096783009e-05,2.122547334954224e-06,1.9873220007881028e-05,0.49928167041623345,6.935296550282327e-09,0.49928167041624766,2.6320519398807638e-09,0.0014041591461476327,9.805874310262601e-08,2.9238684013396436e-07
EFT:1.0104241096782794e-05,2.122547334954209e-06,1.987322000788117e-05,0.499281670416237,6.935296550282277e-09,0.4992816704162441,2.6320519398807075e-09,0.0014041591461476227,9.805874310262393e-08,2.9238684013396224e-07
Random790
Raw:1.0104241096782938e-05,2.122547334954239e-06,1.9873220007880885e-05,0.499281670416237,6.935296550282277e-09,0.4992816704162441,2.632051939880745e-09,0.0014041591461476227,9.805874310262532e-08,2.9238684013396224e-07
EFT:1.0104241096782794e-05,2.122547334954209e-06,1.987322000788117e-05,0.499281670416237,6.935296550282277e-09,0.4992816704162441,2.6320519398807075e-09,0.0014041591461476227,9.805874310262393e-08,2.9238684013396224e-07
Random791
Raw:1.0104241096782794e-05,2.122547334954209e-06,1.987322000788117e-05,0.499281670416237,6.935296550282277e-09,0.4992816704162441,2.6320519398807075e-09,0.0014041591461476227,9.805874310262393e-08,2.9238684013396224e-07
EFT:1.0104241096782794e-05,2.122547334954209e-06,1.987322000788117e-05,0.499281670416237,6.935296550282277e-09,0.4992816704162441,2.6320519398807075e-09,0.0014041591461476227,9.805874310262393e-08,2.9238684013396224e-07
Random792
Raw:1.0104241096783009e-05,2.122547334954224e-06,1.9873220007881028e-05,0.49928167041623345,6.935296550282327e-09,0.49928167041624766,2.6320519398807638e-09,0.0014041591461476327,9.805874310262601e-08,2.9238684013396436e-07
EFT:1.0104241096782794e-05,2.122547334954209e-06,1.987322000788117e-05,0.499281670416237,6.935296550282277e-09,0.4992816704162441,2.6320519398807075e-09,0.0014041591461476227,9.805874310262393e-08,2.9238684013396224e-07
Random793
Raw:1.0104241096782938e-05,2.122547334954209e-06,1.987322000788117e-05,0.499281670416237,6.935296550282277e-09,0.4992816704162441,2.632051939880745e-09,0.0014041591461476427,9.805874310262393e-08,2.9238684013396224e-07
EFT:1.0104241096782794e-05,2.122547334954209e-06,1.987322000788117e-05,0.499281670416237,6.935296550282277e-09,0.4992816704162441,2.6320519398807075e-09,0.0014041591461476227,9.805874310262393e-08,2.9238684013396224e-07
Random794
Raw:1.0104241096782938e-05,2.122547334954239e-06,1.9873220007880885e-05,0.499281670416237,6.935296550282277e-09,0.4992816704162441,2.632051939880745e-09,0.0014041591461476227,9.805874310262532e-08,2.9238684013396224e-07
EFT:1.0104241096782794e-05,2.122547334954209e-06,1.987322000788117e-05,0.499281670416237,6.935296550282277e-09,0.4992816704162441,2.6320519398807075e-09,0.0014041591461476227,9.805874310262393e-08,2.9238684013396224e-07
Random795
Raw:1.0104241096782938e-05,2.122547334954239e-06,1.987322000788145e-05,0.499281670416237,6.9352965502823754e-09,0.4992816704162441,2.632051939880745e-09,0.0014041591461476427,9.805874310262532e-08,2.9238684013396637e-07
EFT:1.0104241096782794e-05,2.122547334954209e-06,1.987322000788117e-05,0.499281670416237,6.935296550282277e-09,0.4992816704162441,2.6320519398807075e-09,0.0014041591461476227,9.805874310262393e-08,2.9238684013396224e-07
Random796
Raw:1.0104241096782867e-05,2.122547334954224e-06,1.987322000788131e-05,0.49928167041624055,6.935296550282326e-09,0.49928167041624055,2.6320519398807265e-09,0.0014041591461476327,9.805874310262462e-08,2.923868401339643e-07
EFT:1.0104241096782794e-05,2.122547334954209e-06,1.987322000788117e-05,0.499281670416237,6.935296550282277e-09,0.4992816704162441,2.6320519398807075e-09,0.0014041591461476227,9.805874310262393e-08,2.9238684013396224e-07
Random797
Raw:1.0104241096782938e-05,2.122547334954239e-06,1.987322000788117e-05,0.499281670416237,6.9352965502823754e-09,0.4992816704162441,2.6320519398807824e-09,0.0014041591461476227,9.805874310262532e-08,2.9238684013396637e-07
EFT:1.0104241096782794e-05,2.122547334954209e-06,1.987322000788117e-05,0.499281670416237,6.935296550282277e-09,0.4992816704162441,2.6320519398807075e-09,0.0014041591461476227,9.805874310262393e-08,2.9238684013396224e-07
Random798
Raw:1.0104241096782938e-05,2.1225473349541788e-06,1.9873220007880885e-05,0.499281670416237,6.935296550282277e-09,0.4992816704162441,2.632051939880745e-09,0.0014041591461476026,9.805874310262532e-08,2.9238684013396224e-07
EFT:1.0104241096782794e-05,2.122547334954209e-06,1.987322000788117e-05,0.499281670416237,6.935296550282277e-09,0.4992816704162441,2.6320519398807075e-09,0.0014041591461476227,9.805874310262393e-08,2.9238684013396224e-07
Random799
Raw:1.0104241096782938e-05,2.122547334954239e-06,1.987322000788117e-05,0.499281670416237,6.935296550282277e-09,0.4992816704162441,2.632051939880745e-09,0.0014041591461476427,9.805874310262532e-08,2.9238684013396224e-07
EFT:1.0104241096782794e-05,2.122547334954209e-06,1.987322000788117e-05,0.499281670416237,6.935296550282277e-09,0.4992816704162441,2.6320519398807075e-09,0.0014041591461476227,9.805874310262393e-08,2.9238684013396224e-07
Random800
Raw:1.0104241096782867e-05,2.1225473349542546e-06,1.987322000788131e-05,0.49928167041624055,6.935296550282326e-09,0.49928167041624055,2.6320519398807638e-09,0.0014041591461476128,9.805874310262462e-08,2.923868401339643e-07
EFT:1.0104241096782794e-05,2.122547334954209e-06,1.987322000788117e-05,0.499281670416237,6.935296550282277e-09,0.4992816704162441,2.6320519398807075e-09,0.0014041591461476227,9.805874310262393e-08,2.9238684013396224e-07
Random801
Raw:1.0104241096782938e-05,2.122547334954239e-06,1.987322000788117e-05,0.499281670416237,6.935296550282277e-09,0.4992816704162441,2.632051939880745e-09,0.0014041591461476227,9.805874310262532e-08,2.9238684013396224e-07
EFT:1.0104241096782794e-05,2.122547334954209e-06,1.987322000788117e-05,0.499281670416237,6.935296550282277e-09,0.4992816704162441,2.6320519398807075e-09,0.0014041591461476227,9.805874310262393e-08,2.9238684013396224e-07
Random802
Raw:1.0104241096782938e-05,2.122547334954209e-06,1.987322000788117e-05,0.499281670416237,6.9352965502823754e-09,0.4992816704162441,2.632051939880745e-09,0.0014041591461476227,9.805874310262532e-08,2.9238684013396637e-07
EFT:1.0104241096782794e-05,2.122547334954209e-06,1.987322000788117e-05,0.499281670416237,6.935296550282277e-09,0.4992816704162441,2.6320519398807075e-09,0.0014041591461476227,9.805874310262393e-08,2.9238684013396224e-07
Random803
Raw:1.0104241096783009e-05,2.122547334954194e-06,1.9873220007881028e-05,0.49928167041623345,6.935296550282327e-09,0.49928167041624766,2.6320519398807638e-09,0.0014041591461476126,9.805874310262601e-08,2.9238684013396436e-07
EFT:1.0104241096782794e-05,2.122547334954209e-06,1.987322000788117e-05,0.499281670416237,6.935296550282277e-09,0.4992816704162441,2.6320519398807075e-09,0.0014041591461476227,9.805874310262393e-08,2.9238684013396224e-07
Random804
Raw:1.0104241096782865e-05,2.122547334954194e-06,1.9873220007881028e-05,0.49928167041623345,6.935296550282327e-09,0.49928167041624766,2.632051939880726e-09,0.0014041591461476126,9.805874310262462e-08,2.9238684013396436e-07
EFT:1.0104241096782794e-05,2.122547334954209e-06,1.987322000788117e-05,0.499281670416237,6.935296550282277e-09,0.4992816704162441,2.6320519398807075e-09,0.0014041591461476227,9.805874310262393e-08,2.9238684013396224e-07
Random805
Raw:1.0104241096782938e-05,2.1225473349541788e-06,1.9873220007880885e-05,0.499281670416237,6.935296550282277e-09,0.4992816704162441,2.632051939880745e-09,0.0014041591461476026,9.805874310262532e-08,2.9238684013396224e-07
EFT:1.0104241096782794e-05,2.122547334954209e-06,1.987322000788117e-05,0.499281670416237,6.935296550282277e-09,0.4992816704162441,2.6320519398807075e-09,0.0014041591461476227,9.805874310262393e-08,2.9238684013396224e-07
Random806
Raw:1.0104241096782938e-05,2.122547334954209e-06,1.9873220007880885e-05,0.499281670416237,6.935296550282277e-09,0.4992816704162441,2.632051939880745e-09,0.0014041591461476227,9.805874310262393e-08,2.9238684013396224e-07
EFT:1.0104241096782794e-05,2.122547334954209e-06,1.987322000788117e-05,0.499281670416237,6.935296550282277e-09,0.4992816704162441,2.6320519398807075e-09,0.0014041591461476227,9.805874310262393e-08,2.9238684013396224e-07
Random807
Raw:1.0104241096782938e-05,2.122547334954239e-06,1.987322000788145e-05,0.499281670416237,6.935296550282277e-09,0.4992816704162441,2.632051939880745e-09,0.0014041591461476427,9.805874310262393e-08,2.9238684013396637e-07
EFT:1.0104241096782794e-05,2.122547334954209e-06,1.987322000788117e-05,0.499281670416237,6.935296550282277e-09,0.4992816704162441,2.6320519398807075e-09,0.0014041591461476227,9.805874310262393e-08,2.9238684013396224e-07
Random808
Raw:1.0104241096782938e-05,2.122547334954209e-06,1.987322000788117e-05,0.499281670416237,6.9352965502823754e-09,0.4992816704162441,2.632051939880745e-09,0.0014041591461476227,9.805874310262672e-08,2.9238684013396637e-07
EFT:1.0104241096782794e-05,2.122547334954209e-06,1.987322000788117e-05,0.499281670416237,6.935296550282277e-09,0.4992816704162441,2.6320519398807075e-09,0.0014041591461476227,9.805874310262393e-08,2.9238684013396224e-07
Random809
Raw:1.0104241096782867e-05,2.122547334954224e-06,1.9873220007881028e-05,0.49928167041624055,6.935296550282326e-09,0.49928167041624055,2.6320519398807265e-09,0.0014041591461476327,9.805874310262602e-08,2.923868401339643e-07
EFT:1.0104241096782794e-05,2.122547334954209e-06,1.987322000788117e-05,0.499281670416237,6.935296550282277e-09,0.4992816704162441,2.6320519398807075e-09,0.0014041591461476227,9.805874310262393e-08,2.9238684013396224e-07
Random810
Raw:1.0104241096782938e-05,2.122547334954239e-06,1.987322000788117e-05,0.499281670416237,6.935296550282277e-09,0.4992816704162441,2.632051939880745e-09,0.0014041591461476427,9.805874310262393e-08,2.9238684013396637e-07
EFT:1.0104241096782794e-05,2.122547334954209e-06,1.987322000788117e-05,0.499281670416237,6.935296550282277e-09,0.4992816704162441,2.6320519398807075e-09,0.0014041591461476227,9.805874310262393e-08,2.9238684013396224e-07
Random811
Raw:1.0104241096782794e-05,2.122547334954209e-06,1.987322000788117e-05,0.4992816704162441,6.935296550282277e-09,0.499281670416237,2.63205193988067e-09,0.0014041591461476227,9.805874310262532e-08,2.9238684013396224e-07
EFT:1.0104241096782794e-05,2.122547334954209e-06,1.987322000788117e-05,0.499281670416237,6.935296550282277e-09,0.4992816704162441,2.6320519398807075e-09,0.0014041591461476227,9.805874310262393e-08,2.9238684013396224e-07
Random812
Raw:1.0104241096782794e-05,2.122547334954209e-06,1.987322000788117e-05,0.4992816704162441,6.935296550282277e-09,0.499281670416237,2.63205193988067e-09,0.0014041591461476227,9.805874310262532e-08,2.9238684013396224e-07
EFT:1.0104241096782794e-05,2.122547334954209e-06,1.987322000788117e-05,0.499281670416237,6.935296550282277e-09,0.4992816704162441,2.6320519398807075e-09,0.0014041591461476227,9.805874310262393e-08,2.9238684013396224e-07
Random813
Raw:1.0104241096782794e-05,2.1225473349541788e-06,1.9873220007880885e-05,0.499281670416237,6.935296550282277e-09,0.4992816704162441,2.632051939880745e-09,0.0014041591461476026,9.805874310262254e-08,2.9238684013396224e-07
EFT:1.0104241096782794e-05,2.122547334954209e-06,1.987322000788117e-05,0.499281670416237,6.935296550282277e-09,0.4992816704162441,2.6320519398807075e-09,0.0014041591461476227,9.805874310262393e-08,2.9238684013396224e-07
Random814
Raw:1.0104241096782938e-05,2.122547334954239e-06,1.9873220007880885e-05,0.499281670416237,6.935296550282277e-09,0.4992816704162441,2.632051939880745e-09,0.0014041591461476227,9.805874310262532e-08,2.9238684013396224e-07
EFT:1.0104241096782794e-05,2.122547334954209e-06,1.987322000788117e-05,0.499281670416237,6.935296550282277e-09,0.4992816704162441,2.6320519398807075e-09,0.0014041591461476227,9.805874310262393e-08,2.9238684013396224e-07
Random815
Raw:1.0104241096782938e-05,2.122547334954209e-06,1.987322000788117e-05,0.499281670416237,6.9352965502823754e-09,0.4992816704162441,2.632051939880745e-09,0.0014041591461476227,9.805874310262532e-08,2.9238684013396637e-07
EFT:1.0104241096782794e-05,2.122547334954209e-06,1.987322000788117e-05,0.499281670416237,6.935296550282277e-09,0.4992816704162441,2.6320519398807075e-09,0.0014041591461476227,9.805874310262393e-08,2.9238684013396224e-07
Random816
Raw:1.0104241096782938e-05,2.122547334954209e-06,1.987322000788117e-05,0.499281670416237,6.935296550282277e-09,0.4992816704162441,2.632051939880745e-09,0.0014041591461476227,9.805874310262532e-08,2.9238684013396224e-07
EFT:1.0104241096782794e-05,2.122547334954209e-06,1.987322000788117e-05,0.499281670416237,6.935296550282277e-09,0.4992816704162441,2.6320519398807075e-09,0.0014041591461476227,9.805874310262393e-08,2.9238684013396224e-07
Random817
Raw:1.0104241096782938e-05,2.122547334954209e-06,1.987322000788117e-05,0.499281670416237,6.9352965502823754e-09,0.4992816704162441,2.632051939880745e-09,0.0014041591461476227,9.805874310262672e-08,2.9238684013396637e-07
EFT:1.0104241096782794e-05,2.122547334954209e-06,1.987322000788117e-05,0.499281670416237,6.935296550282277e-09,0.4992816704162441,2.6320519398807075e-09,0.0014041591461476227,9.805874310262393e-08,2.9238684013396224e-07
Random818
Raw:1.0104241096782938e-05,2.122547334954239e-06,1.987322000788145e-05,0.499281670416237,6.935296550282277e-09,0.4992816704162441,2.632051939880745e-09,0.0014041591461476227,9.805874310262532e-08,2.9238684013396224e-07
EFT:1.0104241096782794e-05,2.122547334954209e-06,1.987322000788117e-05,0.499281670416237,6.935296550282277e-09,0.4992816704162441,2.6320519398807075e-09,0.0014041591461476227,9.805874310262393e-08,2.9238684013396224e-07
Random819
Raw:1.0104241096783009e-05,2.122547334954224e-06,1.987322000788131e-05,0.49928167041623345,6.935296550282327e-09,0.49928167041624766,2.6320519398807638e-09,0.0014041591461476327,9.805874310262601e-08,2.9238684013396436e-07
EFT:1.0104241096782794e-05,2.122547334954209e-06,1.987322000788117e-05,0.499281670416237,6.935296550282277e-09,0.4992816704162441,2.6320519398807075e-09,0.0014041591461476227,9.805874310262393e-08,2.9238684013396224e-07
Random820
Raw:1.0104241096782938e-05,2.122547334954209e-06,1.987322000788117e-05,0.499281670416237,6.935296550282277e-09,0.4992816704162441,2.632051939880745e-09,0.0014041591461476227,9.805874310262532e-08,2.9238684013396224e-07
EFT:1.0104241096782794e-05,2.122547334954209e-06,1.987322000788117e-05,0.499281670416237,6.935296550282277e-09,0.4992816704162441,2.6320519398807075e-09,0.0014041591461476227,9.805874310262393e-08,2.9238684013396224e-07
Random821
Raw:1.0104241096782938e-05,2.122547334954209e-06,1.987322000788117e-05,0.499281670416237,6.9352965502823754e-09,0.4992816704162441,2.632051939880745e-09,0.0014041591461476227,9.805874310262393e-08,2.9238684013396637e-07
EFT:1.0104241096782794e-05,2.122547334954209e-06,1.987322000788117e-05,0.499281670416237,6.935296550282277e-09,0.4992816704162441,2.6320519398807075e-09,0.0014041591461476227,9.805874310262393e-08,2.9238684013396224e-07
Random822
Raw:1.0104241096782938e-05,2.122547334954209e-06,1.987322000788117e-05,0.499281670416237,6.935296550282277e-09,0.4992816704162441,2.632051939880745e-09,0.0014041591461476427,9.805874310262393e-08,2.9238684013396224e-07
EFT:1.0104241096782794e-05,2.122547334954209e-06,1.987322000788117e-05,0.499281670416237,6.935296550282277e-09,0.4992816704162441,2.6320519398807075e-09,0.0014041591461476227,9.805874310262393e-08,2.9238684013396224e-07
Random823
Raw:1.0104241096782938e-05,2.122547334954209e-06,1.987322000788117e-05,0.499281670416237,6.935296550282277e-09,0.4992816704162441,2.632051939880745e-09,0.0014041591461476427,9.805874310262393e-08,2.9238684013396224e-07
EFT:1.0104241096782794e-05,2.122547334954209e-06,1.987322000788117e-05,0.499281670416237,6.935296550282277e-09,0.4992816704162441,2.6320519398807075e-09,0.0014041591461476227,9.805874310262393e-08,2.9238684013396224e-07
Random824
Raw:1.0104241096782938e-05,2.122547334954239e-06,1.9873220007880885e-05,0.499281670416237,6.935296550282277e-09,0.4992816704162441,2.632051939880745e-09,0.0014041591461476227,9.805874310262532e-08,2.9238684013396224e-07
EFT:1.0104241096782794e-05,2.122547334954209e-06,1.987322000788117e-05,0.499281670416237,6.935296550282277e-09,0.4992816704162441,2.6320519398807075e-09,0.0014041591461476227,9.805874310262393e-08,2.9238684013396224e-07
Random825
Raw:1.0104241096782938e-05,2.122547334954209e-06,1.987322000788117e-05,0.499281670416237,6.9352965502823754e-09,0.4992816704162441,2.632051939880745e-09,0.0014041591461476227,9.805874310262532e-08,2.9238684013396637e-07
EFT:1.0104241096782794e-05,2.122547334954209e-06,1.987322000788117e-05,0.499281670416237,6.935296550282277e-09,0.4992816704162441,2.6320519398807075e-09,0.0014041591461476227,9.805874310262393e-08,2.9238684013396224e-07
Random826
Raw:1.0104241096782867e-05,2.122547334954224e-06,1.9873220007881028e-05,0.49928167041624055,6.935296550282228e-09,0.49928167041624055,2.632051939880689e-09,0.0014041591461476327,9.805874310262462e-08,2.923868401339602e-07
EFT:1.0104241096782794e-05,2.122547334954209e-06,1.987322000788117e-05,0.499281670416237,6.935296550282277e-09,0.4992816704162441,2.6320519398807075e-09,0.0014041591461476227,9.805874310262393e-08,2.9238684013396224e-07
Random827
Raw:1.0104241096782938e-05,2.122547334954209e-06,1.987322000788117e-05,0.499281670416237,6.9352965502823754e-09,0.4992816704162441,2.632051939880745e-09,0.0014041591461476227,9.805874310262672e-08,2.9238684013396637e-07
EFT:1.0104241096782794e-05,2.122547334954209e-06,1.987322000788117e-05,0.499281670416237,6.935296550282277e-09,0.4992816704162441,2.6320519398807075e-09,0.0014041591461476227,9.805874310262393e-08,2.9238684013396224e-07
Random828
Raw:1.0104241096782794e-05,2.122547334954209e-06,1.987322000788117e-05,0.499281670416237,6.935296550282277e-09,0.4992816704162441,2.6320519398807075e-09,0.0014041591461476227,9.805874310262393e-08,2.9238684013396224e-07
EFT:1.0104241096782794e-05,2.122547334954209e-06,1.987322000788117e-05,0.499281670416237,6.935296550282277e-09,0.4992816704162441,2.6320519398807075e-09,0.0014041591461476227,9.805874310262393e-08,2.9238684013396224e-07
Random829
Raw:1.0104241096783009e-05,2.122547334954224e-06,1.987322000788131e-05,0.49928167041623345,6.935296550282327e-09,0.49928167041624766,2.6320519398807638e-09,0.0014041591461476327,9.805874310262462e-08,2.923868401339685e-07
EFT:1.0104241096782794e-05,2.122547334954209e-06,1.987322000788117e-05,0.499281670416237,6.935296550282277e-09,0.4992816704162441,2.6320519398807075e-09,0.0014041591461476227,9.805874310262393e-08,2.9238684013396224e-07
Random830
Raw:1.0104241096782938e-05,2.122547334954209e-06,1.987322000788117e-05,0.499281670416237,6.935296550282277e-09,0.4992816704162441,2.632051939880745e-09,0.0014041591461476227,9.805874310262532e-08,2.9238684013396224e-07
EFT:1.0104241096782794e-05,2.122547334954209e-06,1.987322000788117e-05,0.499281670416237,6.935296550282277e-09,0.4992816704162441,2.6320519398807075e-09,0.0014041591461476227,9.805874310262393e-08,2.9238684013396224e-07
Random831
Raw:1.0104241096782938e-05,2.122547334954209e-06,1.987322000788117e-05,0.499281670416237,6.9352965502823754e-09,0.4992816704162441,2.632051939880745e-09,0.0014041591461476227,9.805874310262672e-08,2.9238684013396637e-07
EFT:1.0104241096782794e-05,2.122547334954209e-06,1.987322000788117e-05,0.499281670416237,6.935296550282277e-09,0.4992816704162441,2.6320519398807075e-09,0.0014041591461476227,9.805874310262393e-08,2.9238684013396224e-07
Random832
Raw:1.0104241096782794e-05,2.122547334954209e-06,1.987322000788117e-05,0.499281670416237,6.9352965502821786e-09,0.4992816704162441,2.632051939880745e-09,0.0014041591461476227,9.805874310262254e-08,2.9238684013396224e-07
EFT:1.0104241096782794e-05,2.122547334954209e-06,1.987322000788117e-05,0.499281670416237,6.935296550282277e-09,0.4992816704162441,2.6320519398807075e-09,0.0014041591461476227,9.805874310262393e-08,2.9238684013396224e-07
Random833
Raw:1.0104241096782867e-05,2.122547334954224e-06,1.987322000788131e-05,0.49928167041624055,6.935296550282326e-09,0.49928167041624055,2.6320519398807265e-09,0.0014041591461476327,9.805874310262462e-08,2.923868401339643e-07
EFT:1.0104241096782794e-05,2.122547334954209e-06,1.987322000788117e-05,0.499281670416237,6.935296550282277e-09,0.4992816704162441,2.6320519398807075e-09,0.0014041591461476227,9.805874310262393e-08,2.9238684013396224e-07
Random834
Raw:1.0104241096782794e-05,2.122547334954209e-06,1.987322000788117e-05,0.499281670416237,6.935296550282277e-09,0.4992816704162441,2.632051939880745e-09,0.0014041591461476227,9.805874310262254e-08,2.9238684013396224e-07
EFT:1.0104241096782794e-05,2.122547334954209e-06,1.987322000788117e-05,0.499281670416237,6.935296550282277e-09,0.4992816704162441,2.6320519398807075e-09,0.0014041591461476227,9.805874310262393e-08,2.9238684013396224e-07
Random835
Raw:1.0104241096782938e-05,2.122547334954209e-06,1.987322000788117e-05,0.499281670416237,6.935296550282277e-09,0.4992816704162441,2.632051939880745e-09,0.0014041591461476227,9.805874310262532e-08,2.9238684013396224e-07
EFT:1.0104241096782794e-05,2.122547334954209e-06,1.987322000788117e-05,0.499281670416237,6.935296550282277e-09,0.4992816704162441,2.6320519398807075e-09,0.0014041591461476227,9.805874310262393e-08,2.9238684013396224e-07
Random836
Raw:1.0104241096782938e-05,2.122547334954239e-06,1.987322000788117e-05,0.499281670416237,6.9352965502823754e-09,0.4992816704162441,2.6320519398807824e-09,0.0014041591461476227,9.805874310262532e-08,2.9238684013396637e-07
EFT:1.0104241096782794e-05,2.122547334954209e-06,1.987322000788117e-05,0.499281670416237,6.935296550282277e-09,0.4992816704162441,2.6320519398807075e-09,0.0014041591461476227,9.805874310262393e-08,2.9238684013396224e-07
Random837
Raw:1.0104241096782867e-05,2.122547334954224e-06,1.987322000788131e-05,0.49928167041624055,6.935296550282326e-09,0.49928167041624055,2.6320519398807265e-09,0.0014041591461476327,9.805874310262462e-08,2.923868401339643e-07
EFT:1.0104241096782794e-05,2.122547334954209e-06,1.987322000788117e-05,0.499281670416237,6.935296550282277e-09,0.4992816704162441,2.6320519398807075e-09,0.0014041591461476227,9.805874310262393e-08,2.9238684013396224e-07
Random838
Raw:1.0104241096782938e-05,2.1225473349541788e-06,1.9873220007880885e-05,0.499281670416237,6.935296550282277e-09,0.4992816704162441,2.632051939880745e-09,0.0014041591461476026,9.805874310262532e-08,2.9238684013396224e-07
EFT:1.0104241096782794e-05,2.122547334954209e-06,1.987322000788117e-05,0.499281670416237,6.935296550282277e-09,0.4992816704162441,2.6320519398807075e-09,0.0014041591461476227,9.805874310262393e-08,2.9238684013396224e-07
Random839
Raw:1.0104241096782723e-05,2.122547334954194e-06,1.9873220007881028e-05,0.49928167041624055,6.935296550282228e-09,0.49928167041624055,2.6320519398806513e-09,0.0014041591461476128,9.805874310262323e-08,2.923868401339602e-07
EFT:1.0104241096782794e-05,2.122547334954209e-06,1.987322000788117e-05,0.499281670416237,6.935296550282277e-09,0.4992816704162441,2.6320519398807075e-09,0.0014041591461476227,9.805874310262393e-08,2.9238684013396224e-07
Random840
Raw:1.0104241096782865e-05,2.122547334954194e-06,1.9873220007880747e-05,0.49928167041623345,6.935296550282327e-09,0.49928167041624766,2.6320519398807638e-09,0.0014041591461476126,9.805874310262462e-08,2.9238684013396436e-07
EFT:1.0104241096782794e-05,2.122547334954209e-06,1.987322000788117e-05,0.499281670416237,6.935296550282277e-09,0.4992816704162441,2.6320519398807075e-09,0.0014041591461476227,9.805874310262393e-08,2.9238684013396224e-07
Random841
Raw:1.0104241096782794e-05,2.122547334954209e-06,1.987322000788117e-05,0.499281670416237,6.9352965502821786e-09,0.4992816704162441,2.6320519398807075e-09,0.0014041591461476227,9.805874310262393e-08,2.9238684013396224e-07
EFT:1.0104241096782794e-05,2.122547334954209e-06,1.987322000788117e-05,0.499281670416237,6.935296550282277e-09,0.4992816704162441,2.6320519398807075e-09,0.0014041591461476227,9.805874310262393e-08,2.9238684013396224e-07
Random842
Raw:1.0104241096782867e-05,2.122547334954194e-06,1.9873220007881028e-05,0.49928167041624055,6.935296550282326e-09,0.49928167041624055,2.6320519398807265e-09,0.0014041591461476128,9.805874310262602e-08,2.923868401339643e-07
EFT:1.0104241096782794e-05,2.122547334954209e-06,1.987322000788117e-05,0.499281670416237,6.935296550282277e-09,0.4992816704162441,2.6320519398807075e-09,0.0014041591461476227,9.805874310262393e-08,2.9238684013396224e-07
Random843
Raw:1.0104241096782867e-05,2.122547334954224e-06,1.987322000788131e-05,0.49928167041624055,6.935296550282326e-09,0.49928167041624055,2.6320519398807638e-09,0.0014041591461476327,9.805874310262462e-08,2.923868401339643e-07
EFT:1.0104241096782794e-05,2.122547334954209e-06,1.987322000788117e-05,0.499281670416237,6.935296550282277e-09,0.4992816704162441,2.6320519398807075e-09,0.0014041591461476227,9.805874310262393e-08,2.9238684013396224e-07
Random844
Raw:1.0104241096782867e-05,2.122547334954224e-06,1.9873220007881028e-05,0.49928167041624055,6.935296550282326e-09,0.49928167041624055,2.6320519398807265e-09,0.0014041591461476327,9.805874310262323e-08,2.923868401339643e-07
EFT:1.0104241096782794e-05,2.122547334954209e-06,1.987322000788117e-05,0.499281670416237,6.935296550282277e-09,0.4992816704162441,2.6320519398807075e-09,0.0014041591461476227,9.805874310262393e-08,2.9238684013396224e-07
Random845
Raw:1.0104241096782867e-05,2.122547334954224e-06,1.987322000788131e-05,0.49928167041624055,6.935296550282326e-09,0.49928167041624055,2.6320519398807265e-09,0.0014041591461476327,9.805874310262462e-08,2.923868401339643e-07
EFT:1.0104241096782794e-05,2.122547334954209e-06,1.987322000788117e-05,0.499281670416237,6.935296550282277e-09,0.4992816704162441,2.6320519398807075e-09,0.0014041591461476227,9.805874310262393e-08,2.9238684013396224e-07
Random846
Raw:1.0104241096782867e-05,2.122547334954224e-06,1.987322000788131e-05,0.49928167041624055,6.935296550282326e-09,0.49928167041624055,2.6320519398807638e-09,0.0014041591461476128,9.805874310262462e-08,2.923868401339643e-07
EFT:1.0104241096782794e-05,2.122547334954209e-06,1.987322000788117e-05,0.499281670416237,6.935296550282277e-09,0.4992816704162441,2.6320519398807075e-09,0.0014041591461476227,9.805874310262393e-08,2.9238684013396224e-07
Random847
Raw:1.0104241096782938e-05,2.122547334954239e-06,1.987322000788117e-05,0.499281670416237,6.935296550282277e-09,0.4992816704162441,2.632051939880745e-09,0.0014041591461476227,9.805874310262532e-08,2.9238684013396224e-07
EFT:1.0104241096782794e-05,2.122547334954209e-06,1.987322000788117e-05,0.499281670416237,6.935296550282277e-09,0.4992816704162441,2.6320519398807075e-09,0.0014041591461476227,9.805874310262393e-08,2.9238684013396224e-07
Random848
Raw:1.0104241096782867e-05,2.122547334954224e-06,1.987322000788131e-05,0.49928167041624055,6.935296550282326e-09,0.49928167041624055,2.6320519398807265e-09,0.0014041591461476327,9.805874310262602e-08,2.923868401339643e-07
EFT:1.0104241096782794e-05,2.122547334954209e-06,1.987322000788117e-05,0.499281670416237,6.935296550282277e-09,0.4992816704162441,2.6320519398807075e-09,0.0014041591461476227,9.805874310262393e-08,2.9238684013396224e-07
Random849
Raw:1.0104241096782938e-05,2.122547334954239e-06,1.987322000788145e-05,0.499281670416237,6.935296550282277e-09,0.4992816704162441,2.632051939880745e-09,0.0014041591461476427,9.805874310262393e-08,2.9238684013396637e-07
EFT:1.0104241096782794e-05,2.122547334954209e-06,1.987322000788117e-05,0.499281670416237,6.935296550282277e-09,0.4992816704162441,2.6320519398807075e-09,0.0014041591461476227,9.805874310262393e-08,2.9238684013396224e-07
Random850
Raw:1.0104241096782938e-05,2.122547334954209e-06,1.987322000788117e-05,0.499281670416237,6.935296550282277e-09,0.4992816704162441,2.632051939880745e-09,0.0014041591461476427,9.805874310262393e-08,2.9238684013396224e-07
EFT:1.0104241096782794e-05,2.122547334954209e-06,1.987322000788117e-05,0.499281670416237,6.935296550282277e-09,0.4992816704162441,2.6320519398807075e-09,0.0014041591461476227,9.805874310262393e-08,2.9238684013396224e-07
Random851
Raw:1.0104241096782938e-05,2.122547334954209e-06,1.9873220007880885e-05,0.499281670416237,6.935296550282277e-09,0.4992816704162441,2.632051939880745e-09,0.0014041591461476227,9.805874310262532e-08,2.9238684013396224e-07
EFT:1.0104241096782794e-05,2.122547334954209e-06,1.987322000788117e-05,0.499281670416237,6.935296550282277e-09,0.4992816704162441,2.6320519398807075e-09,0.0014041591461476227,9.805874310262393e-08,2.9238684013396224e-07
Random852
Raw:1.0104241096782938e-05,2.122547334954239e-06,1.987322000788145e-05,0.499281670416237,6.935296550282277e-09,0.4992816704162441,2.632051939880745e-09,0.0014041591461476427,9.805874310262532e-08,2.9238684013396224e-07
EFT:1.0104241096782794e-05,2.122547334954209e-06,1.987322000788117e-05,0.499281670416237,6.935296550282277e-09,0.4992816704162441,2.6320519398807075e-09,0.0014041591461476227,9.805874310262393e-08,2.9238684013396224e-07
Random853
Raw:1.0104241096782938e-05,2.122547334954209e-06,1.9873220007880885e-05,0.499281670416237,6.935296550282277e-09,0.4992816704162441,2.632051939880745e-09,0.0014041591461476227,9.805874310262532e-08,2.9238684013396224e-07
EFT:1.0104241096782794e-05,2.122547334954209e-06,1.987322000788117e-05,0.499281670416237,6.935296550282277e-09,0.4992816704162441,2.6320519398807075e-09,0.0014041591461476227,9.805874310262393e-08,2.9238684013396224e-07
Random854
Raw:1.0104241096782865e-05,2.122547334954194e-06,1.9873220007881028e-05,0.49928167041623345,6.935296550282327e-09,0.49928167041624766,2.632051939880726e-09,0.0014041591461476126,9.805874310262462e-08,2.9238684013396436e-07
EFT:1.0104241096782794e-05,2.122547334954209e-06,1.987322000788117e-05,0.499281670416237,6.935296550282277e-09,0.4992816704162441,2.6320519398807075e-09,0.0014041591461476227,9.805874310262393e-08,2.9238684013396224e-07
Random855
Raw:1.0104241096782938e-05,2.122547334954209e-06,1.987322000788117e-05,0.499281670416237,6.9352965502823754e-09,0.4992816704162441,2.632051939880745e-09,0.0014041591461476227,9.805874310262672e-08,2.9238684013396637e-07
EFT:1.0104241096782794e-05,2.122547334954209e-06,1.987322000788117e-05,0.499281670416237,6.935296550282277e-09,0.4992816704162441,2.6320519398807075e-09,0.0014041591461476227,9.805874310262393e-08,2.9238684013396224e-07
Random856
Raw:1.0104241096782938e-05,2.122547334954239e-06,1.987322000788145e-05,0.499281670416237,6.9352965502823754e-09,0.4992816704162441,2.632051939880745e-09,0.0014041591461476227,9.805874310262532e-08,2.9238684013396637e-07
EFT:1.0104241096782794e-05,2.122547334954209e-06,1.987322000788117e-05,0.499281670416237,6.935296550282277e-09,0.4992816704162441,2.6320519398807075e-09,0.0014041591461476227,9.805874310262393e-08,2.9238684013396224e-07
Random857
Raw:1.0104241096782865e-05,2.122547334954194e-06,1.9873220007881028e-05,0.49928167041623345,6.935296550282327e-09,0.49928167041624766,2.6320519398807638e-09,0.0014041591461476126,9.805874310262324e-08,2.9238684013396436e-07
EFT:1.0104241096782794e-05,2.122547334954209e-06,1.987322000788117e-05,0.499281670416237,6.935296550282277e-09,0.4992816704162441,2.6320519398807075e-09,0.0014041591461476227,9.805874310262393e-08,2.9238684013396224e-07
Random858
Raw:1.0104241096782938e-05,2.122547334954209e-06,1.987322000788117e-05,0.499281670416237,6.935296550282277e-09,0.4992816704162441,2.632051939880745e-09,0.0014041591461476227,9.805874310262393e-08,2.9238684013396637e-07
EFT:1.0104241096782794e-05,2.122547334954209e-06,1.987322000788117e-05,0.499281670416237,6.935296550282277e-09,0.4992816704162441,2.6320519398807075e-09,0.0014041591461476227,9.805874310262393e-08,2.9238684013396224e-07
Random859
Raw:1.0104241096782723e-05,2.122547334954194e-06,1.9873220007881028e-05,0.49928167041624055,6.935296550282228e-09,0.49928167041624055,2.632051939880689e-09,0.0014041591461476128,9.805874310262184e-08,2.923868401339602e-07
EFT:1.0104241096782794e-05,2.122547334954209e-06,1.987322000788117e-05,0.499281670416237,6.935296550282277e-09,0.4992816704162441,2.6320519398807075e-09,0.0014041591461476227,9.805874310262393e-08,2.9238684013396224e-07
Random860
Raw:1.0104241096782867e-05,2.122547334954224e-06,1.987322000788131e-05,0.49928167041624055,6.935296550282326e-09,0.49928167041624055,2.6320519398807638e-09,0.0014041591461476327,9.805874310262462e-08,2.923868401339643e-07
EFT:1.0104241096782794e-05,2.122547334954209e-06,1.987322000788117e-05,0.499281670416237,6.935296550282277e-09,0.4992816704162441,2.6320519398807075e-09,0.0014041591461476227,9.805874310262393e-08,2.9238684013396224e-07
Random861
Raw:1.0104241096782938e-05,2.122547334954239e-06,1.987322000788145e-05,0.499281670416237,6.935296550282277e-09,0.4992816704162441,2.632051939880745e-09,0.0014041591461476227,9.805874310262532e-08,2.9238684013396224e-07
EFT:1.0104241096782794e-05,2.122547334954209e-06,1.987322000788117e-05,0.499281670416237,6.935296550282277e-09,0.4992816704162441,2.6320519398807075e-09,0.0014041591461476227,9.805874310262393e-08,2.9238684013396224e-07
Random862
Raw:1.0104241096782938e-05,2.1225473349541788e-06,1.9873220007880885e-05,0.499281670416237,6.935296550282277e-09,0.4992816704162441,2.632051939880745e-09,0.0014041591461476026,9.805874310262532e-08,2.9238684013396224e-07
EFT:1.0104241096782794e-05,2.122547334954209e-06,1.987322000788117e-05,0.499281670416237,6.935296550282277e-09,0.4992816704162441,2.6320519398807075e-09,0.0014041591461476227,9.805874310262393e-08,2.9238684013396224e-07
Random863
Raw:1.0104241096782938e-05,2.122547334954239e-06,1.987322000788117e-05,0.499281670416237,6.935296550282277e-09,0.4992816704162441,2.632051939880745e-09,0.0014041591461476427,9.805874310262393e-08,2.9238684013396637e-07
EFT:1.0104241096782794e-05,2.122547334954209e-06,1.987322000788117e-05,0.499281670416237,6.935296550282277e-09,0.4992816704162441,2.6320519398807075e-09,0.0014041591461476227,9.805874310262393e-08,2.9238684013396224e-07
Random864
Raw:1.0104241096782794e-05,2.1225473349541788e-06,1.9873220007880885e-05,0.499281670416237,6.935296550282277e-09,0.4992816704162441,2.632051939880745e-09,0.0014041591461476026,9.805874310262254e-08,2.9238684013396224e-07
EFT:1.0104241096782794e-05,2.122547334954209e-06,1.987322000788117e-05,0.499281670416237,6.935296550282277e-09,0.4992816704162441,2.6320519398807075e-09,0.0014041591461476227,9.805874310262393e-08,2.9238684013396224e-07
Random865
Raw:1.0104241096782938e-05,2.1225473349541788e-06,1.9873220007880885e-05,0.499281670416237,6.935296550282277e-09,0.4992816704162441,2.632051939880745e-09,0.0014041591461476026,9.805874310262532e-08,2.9238684013396224e-07
EFT:1.0104241096782794e-05,2.122547334954209e-06,1.987322000788117e-05,0.499281670416237,6.935296550282277e-09,0.4992816704162441,2.6320519398807075e-09,0.0014041591461476227,9.805874310262393e-08,2.9238684013396224e-07
Random866
Raw:1.0104241096782938e-05,2.122547334954239e-06,1.987322000788145e-05,0.499281670416237,6.935296550282277e-09,0.4992816704162441,2.632051939880745e-09,0.0014041591461476427,9.805874310262532e-08,2.9238684013396224e-07
EFT:1.0104241096782794e-05,2.122547334954209e-06,1.987322000788117e-05,0.499281670416237,6.935296550282277e-09,0.4992816704162441,2.6320519398807075e-09,0.0014041591461476227,9.805874310262393e-08,2.9238684013396224e-07
Random867
Raw:1.0104241096782867e-05,2.122547334954224e-06,1.987322000788131e-05,0.49928167041624055,6.935296550282326e-09,0.49928167041624055,2.6320519398807265e-09,0.0014041591461476128,9.805874310262462e-08,2.923868401339643e-07
EFT:1.0104241096782794e-05,2.122547334954209e-06,1.987322000788117e-05,0.499281670416237,6.935296550282277e-09,0.4992816704162441,2.6320519398807075e-09,0.0014041591461476227,9.805874310262393e-08,2.9238684013396224e-07
Random868
Raw:1.0104241096782938e-05,2.122547334954239e-06,1.987322000788117e-05,0.499281670416237,6.935296550282277e-09,0.4992816704162441,2.632051939880745e-09,0.0014041591461476427,9.805874310262532e-08,2.9238684013396224e-07
EFT:1.0104241096782794e-05,2.122547334954209e-06,1.987322000788117e-05,0.499281670416237,6.935296550282277e-09,0.4992816704162441,2.6320519398807075e-09,0.0014041591461476227,9.805874310262393e-08,2.9238684013396224e-07
Random869
Raw:1.0104241096782938e-05,2.122547334954239e-06,1.987322000788117e-05,0.499281670416237,6.935296550282277e-09,0.4992816704162441,2.632051939880745e-09,0.0014041591461476427,9.805874310262532e-08,2.9238684013396224e-07
EFT:1.0104241096782794e-05,2.122547334954209e-06,1.987322000788117e-05,0.499281670416237,6.935296550282277e-09,0.4992816704162441,2.6320519398807075e-09,0.0014041591461476227,9.805874310262393e-08,2.9238684013396224e-07
Random870
Raw:1.0104241096782938e-05,2.122547334954239e-06,1.987322000788117e-05,0.499281670416237,6.935296550282277e-09,0.4992816704162441,2.632051939880745e-09,0.0014041591461476427,9.805874310262393e-08,2.9238684013396637e-07
EFT:1.0104241096782794e-05,2.122547334954209e-06,1.987322000788117e-05,0.499281670416237,6.935296550282277e-09,0.4992816704162441,2.6320519398807075e-09,0.0014041591461476227,9.805874310262393e-08,2.9238684013396224e-07
Random871
Raw:1.0104241096782794e-05,2.122547334954209e-06,1.987322000788117e-05,0.4992816704162441,6.935296550282277e-09,0.499281670416237,2.63205193988067e-09,0.0014041591461476227,9.805874310262393e-08,2.9238684013396224e-07
EFT:1.0104241096782794e-05,2.122547334954209e-06,1.987322000788117e-05,0.499281670416237,6.935296550282277e-09,0.4992816704162441,2.6320519398807075e-09,0.0014041591461476227,9.805874310262393e-08,2.9238684013396224e-07
Random872
Raw:1.0104241096782938e-05,2.122547334954239e-06,1.987322000788145e-05,0.499281670416237,6.935296550282277e-09,0.4992816704162441,2.632051939880745e-09,0.0014041591461476427,9.805874310262532e-08,2.9238684013396224e-07
EFT:1.0104241096782794e-05,2.122547334954209e-06,1.987322000788117e-05,0.499281670416237,6.935296550282277e-09,0.4992816704162441,2.6320519398807075e-09,0.0014041591461476227,9.805874310262393e-08,2.9238684013396224e-07
Random873
Raw:1.0104241096782938e-05,2.122547334954209e-06,1.987322000788117e-05,0.499281670416237,6.9352965502823754e-09,0.4992816704162441,2.632051939880745e-09,0.0014041591461476227,9.805874310262532e-08,2.9238684013396637e-07
EFT:1.0104241096782794e-05,2.122547334954209e-06,1.987322000788117e-05,0.499281670416237,6.935296550282277e-09,0.4992816704162441,2.6320519398807075e-09,0.0014041591461476227,9.805874310262393e-08,2.9238684013396224e-07
Random874
Raw:1.0104241096782723e-05,2.122547334954194e-06,1.9873220007881028e-05,0.49928167041624055,6.93529655028213e-09,0.49928167041624055,2.632051939880689e-09,0.0014041591461476128,9.805874310262184e-08,2.923868401339602e-07
EFT:1.0104241096782794e-05,2.122547334954209e-06,1.987322000788117e-05,0.499281670416237,6.935296550282277e-09,0.4992816704162441,2.6320519398807075e-09,0.0014041591461476227,9.805874310262393e-08,2.9238684013396224e-07
Random875
Raw:1.0104241096782867e-05,2.122547334954224e-06,1.987322000788131e-05,0.49928167041624055,6.935296550282326e-09,0.49928167041624055,2.6320519398807265e-09,0.0014041591461476327,9.805874310262602e-08,2.923868401339643e-07
EFT:1.0104241096782794e-05,2.122547334954209e-06,1.987322000788117e-05,0.499281670416237,6.935296550282277e-09,0.4992816704162441,2.6320519398807075e-09,0.0014041591461476227,9.805874310262393e-08,2.9238684013396224e-07
Random876
Raw:1.0104241096783082e-05,2.122547334954239e-06,1.9873220007881167e-05,0.4992816704162299,6.9352965502823754e-09,0.49928167041625116,2.6320519398808196e-09,0.0014041591461476225,9.805874310262671e-08,2.923868401339664e-07
EFT:1.0104241096782794e-05,2.122547334954209e-06,1.987322000788117e-05,0.499281670416237,6.935296550282277e-09,0.4992816704162441,2.6320519398807075e-09,0.0014041591461476227,9.805874310262393e-08,2.9238684013396224e-07
Random877
Raw:1.0104241096782938e-05,2.1225473349541788e-06,1.9873220007880885e-05,0.499281670416237,6.935296550282277e-09,0.4992816704162441,2.632051939880745e-09,0.0014041591461476026,9.805874310262532e-08,2.9238684013396224e-07
EFT:1.0104241096782794e-05,2.122547334954209e-06,1.987322000788117e-05,0.499281670416237,6.935296550282277e-09,0.4992816704162441,2.6320519398807075e-09,0.0014041591461476227,9.805874310262393e-08,2.9238684013396224e-07
Random878
Raw:1.0104241096782938e-05,2.122547334954209e-06,1.987322000788117e-05,0.499281670416237,6.9352965502823754e-09,0.4992816704162441,2.6320519398807824e-09,0.0014041591461476227,9.805874310262532e-08,2.9238684013396637e-07
EFT:1.0104241096782794e-05,2.122547334954209e-06,1.987322000788117e-05,0.499281670416237,6.935296550282277e-09,0.4992816704162441,2.6320519398807075e-09,0.0014041591461476227,9.805874310262393e-08,2.9238684013396224e-07
Random879
Raw:1.0104241096782794e-05,2.122547334954209e-06,1.9873220007880885e-05,0.499281670416237,6.935296550282277e-09,0.4992816704162441,2.632051939880745e-09,0.0014041591461476227,9.805874310262254e-08,2.9238684013396224e-07
EFT:1.0104241096782794e-05,2.122547334954209e-06,1.987322000788117e-05,0.499281670416237,6.935296550282277e-09,0.4992816704162441,2.6320519398807075e-09,0.0014041591461476227,9.805874310262393e-08,2.9238684013396224e-07
Random880
Raw:1.0104241096782867e-05,2.122547334954224e-06,1.987322000788131e-05,0.49928167041624055,6.935296550282326e-09,0.49928167041624055,2.6320519398807265e-09,0.0014041591461476327,9.805874310262323e-08,2.923868401339643e-07
EFT:1.0104241096782794e-05,2.122547334954209e-06,1.987322000788117e-05,0.499281670416237,6.935296550282277e-09,0.4992816704162441,2.6320519398807075e-09,0.0014041591461476227,9.805874310262393e-08,2.9238684013396224e-07
Random881
Raw:1.0104241096782938e-05,2.122547334954239e-06,1.987322000788117e-05,0.499281670416237,6.935296550282277e-09,0.4992816704162441,2.632051939880745e-09,0.0014041591461476427,9.805874310262532e-08,2.9238684013396224e-07
EFT:1.0104241096782794e-05,2.122547334954209e-06,1.987322000788117e-05,0.499281670416237,6.935296550282277e-09,0.4992816704162441,2.6320519398807075e-09,0.0014041591461476227,9.805874310262393e-08,2.9238684013396224e-07
Random882
Raw:1.0104241096782794e-05,2.1225473349541788e-06,1.9873220007880885e-05,0.499281670416237,6.935296550282277e-09,0.4992816704162441,2.632051939880745e-09,0.0014041591461476026,9.805874310262254e-08,2.9238684013396224e-07
EFT:1.0104241096782794e-05,2.122547334954209e-06,1.987322000788117e-05,0.499281670416237,6.935296550282277e-09,0.4992816704162441,2.6320519398807075e-09,0.0014041591461476227,9.805874310262393e-08,2.9238684013396224e-07
Random883
Raw:1.0104241096782938e-05,2.122547334954239e-06,1.987322000788117e-05,0.499281670416237,6.935296550282277e-09,0.4992816704162441,2.632051939880745e-09,0.0014041591461476427,9.805874310262393e-08,2.9238684013396637e-07
EFT:1.0104241096782794e-05,2.122547334954209e-06,1.987322000788117e-05,0.499281670416237,6.935296550282277e-09,0.4992816704162441,2.6320519398807075e-09,0.0014041591461476227,9.805874310262393e-08,2.9238684013396224e-07
Random884
Raw:1.0104241096782794e-05,2.122547334954209e-06,1.987322000788117e-05,0.499281670416237,6.935296550282277e-09,0.4992816704162441,2.632051939880745e-09,0.0014041591461476227,9.805874310262254e-08,2.9238684013396224e-07
EFT:1.0104241096782794e-05,2.122547334954209e-06,1.987322000788117e-05,0.499281670416237,6.935296550282277e-09,0.4992816704162441,2.6320519398807075e-09,0.0014041591461476227,9.805874310262393e-08,2.9238684013396224e-07
Random885
Raw:1.0104241096782938e-05,2.122547334954239e-06,1.987322000788117e-05,0.499281670416237,6.9352965502823754e-09,0.4992816704162441,2.6320519398807824e-09,0.0014041591461476227,9.805874310262532e-08,2.9238684013396637e-07
EFT:1.0104241096782794e-05,2.122547334954209e-06,1.987322000788117e-05,0.499281670416237,6.935296550282277e-09,0.4992816704162441,2.6320519398807075e-09,0.0014041591461476227,9.805874310262393e-08,2.9238684013396224e-07
Random886
Raw:1.0104241096782938e-05,2.122547334954209e-06,1.987322000788117e-05,0.499281670416237,6.9352965502823754e-09,0.4992816704162441,2.632051939880745e-09,0.0014041591461476227,9.805874310262532e-08,2.9238684013396637e-07
EFT:1.0104241096782794e-05,2.122547334954209e-06,1.987322000788117e-05,0.499281670416237,6.935296550282277e-09,0.4992816704162441,2.6320519398807075e-09,0.0014041591461476227,9.805874310262393e-08,2.9238684013396224e-07
Random887
Raw:1.0104241096783009e-05,2.122547334954194e-06,1.9873220007881028e-05,0.49928167041623345,6.935296550282327e-09,0.49928167041624766,2.6320519398807638e-09,0.0014041591461476126,9.805874310262601e-08,2.9238684013396436e-07
EFT:1.0104241096782794e-05,2.122547334954209e-06,1.987322000788117e-05,0.499281670416237,6.935296550282277e-09,0.4992816704162441,2.6320519398807075e-09,0.0014041591461476227,9.805874310262393e-08,2.9238684013396224e-07
Random888
Raw:1.0104241096782938e-05,2.122547334954209e-06,1.987322000788117e-05,0.499281670416237,6.935296550282277e-09,0.4992816704162441,2.632051939880745e-09,0.0014041591461476427,9.805874310262393e-08,2.9238684013396224e-07
EFT:1.0104241096782794e-05,2.122547334954209e-06,1.987322000788117e-05,0.499281670416237,6.935296550282277e-09,0.4992816704162441,2.6320519398807075e-09,0.0014041591461476227,9.805874310262393e-08,2.9238684013396224e-07
Random889
Raw:1.0104241096782938e-05,2.122547334954239e-06,1.9873220007880885e-05,0.499281670416237,6.935296550282277e-09,0.4992816704162441,2.632051939880745e-09,0.0014041591461476227,9.805874310262532e-08,2.9238684013396224e-07
EFT:1.0104241096782794e-05,2.122547334954209e-06,1.987322000788117e-05,0.499281670416237,6.935296550282277e-09,0.4992816704162441,2.6320519398807075e-09,0.0014041591461476227,9.805874310262393e-08,2.9238684013396224e-07
Random890
Raw:1.0104241096782867e-05,2.122547334954224e-06,1.987322000788131e-05,0.49928167041624055,6.935296550282326e-09,0.49928167041624055,2.6320519398807638e-09,0.0014041591461476327,9.805874310262462e-08,2.923868401339643e-07
EFT:1.0104241096782794e-05,2.122547334954209e-06,1.987322000788117e-05,0.499281670416237,6.935296550282277e-09,0.4992816704162441,2.6320519398807075e-09,0.0014041591461476227,9.805874310262393e-08,2.9238684013396224e-07
Random891
Raw:1.0104241096782867e-05,2.122547334954224e-06,1.987322000788131e-05,0.49928167041624055,6.935296550282326e-09,0.49928167041624055,2.6320519398807265e-09,0.0014041591461476128,9.805874310262462e-08,2.923868401339643e-07
EFT:1.0104241096782794e-05,2.122547334954209e-06,1.987322000788117e-05,0.499281670416237,6.935296550282277e-09,0.4992816704162441,2.6320519398807075e-09,0.0014041591461476227,9.805874310262393e-08,2.9238684013396224e-07
Random892
Raw:1.0104241096782938e-05,2.122547334954239e-06,1.987322000788145e-05,0.499281670416237,6.935296550282277e-09,0.4992816704162441,2.632051939880745e-09,0.0014041591461476427,9.805874310262532e-08,2.9238684013396224e-07
EFT:1.0104241096782794e-05,2.122547334954209e-06,1.987322000788117e-05,0.499281670416237,6.935296550282277e-09,0.4992816704162441,2.6320519398807075e-09,0.0014041591461476227,9.805874310262393e-08,2.9238684013396224e-07
Random893
Raw:1.0104241096782867e-05,2.122547334954194e-06,1.9873220007881028e-05,0.49928167041624055,6.935296550282228e-09,0.49928167041624055,2.632051939880689e-09,0.0014041591461476128,9.805874310262462e-08,2.923868401339602e-07
EFT:1.0104241096782794e-05,2.122547334954209e-06,1.987322000788117e-05,0.499281670416237,6.935296550282277e-09,0.4992816704162441,2.6320519398807075e-09,0.0014041591461476227,9.805874310262393e-08,2.9238684013396224e-07
Random894
Raw:1.010424109678301e-05,2.122547334954224e-06,1.987322000788131e-05,0.49928167041624055,6.935296550282425e-09,0.49928167041624055,2.6320519398807638e-09,0.0014041591461476327,9.805874310262602e-08,2.923868401339685e-07
EFT:1.0104241096782794e-05,2.122547334954209e-06,1.987322000788117e-05,0.499281670416237,6.935296550282277e-09,0.4992816704162441,2.6320519398807075e-09,0.0014041591461476227,9.805874310262393e-08,2.9238684013396224e-07
Random895
Raw:1.0104241096782938e-05,2.122547334954239e-06,1.987322000788117e-05,0.499281670416237,6.935296550282277e-09,0.4992816704162441,2.632051939880745e-09,0.0014041591461476427,9.805874310262532e-08,2.9238684013396224e-07
EFT:1.0104241096782794e-05,2.122547334954209e-06,1.987322000788117e-05,0.499281670416237,6.935296550282277e-09,0.4992816704162441,2.6320519398807075e-09,0.0014041591461476227,9.805874310262393e-08,2.9238684013396224e-07
Random896
Raw:1.0104241096782938e-05,2.122547334954209e-06,1.987322000788117e-05,0.499281670416237,6.935296550282277e-09,0.4992816704162441,2.632051939880745e-09,0.0014041591461476227,9.805874310262532e-08,2.9238684013396224e-07
EFT:1.0104241096782794e-05,2.122547334954209e-06,1.987322000788117e-05,0.499281670416237,6.935296550282277e-09,0.4992816704162441,2.6320519398807075e-09,0.0014041591461476227,9.805874310262393e-08,2.9238684013396224e-07
Random897
Raw:1.0104241096783009e-05,2.122547334954224e-06,1.987322000788131e-05,0.49928167041623345,6.935296550282327e-09,0.49928167041624766,2.6320519398807638e-09,0.0014041591461476327,9.805874310262601e-08,2.9238684013396436e-07
EFT:1.0104241096782794e-05,2.122547334954209e-06,1.987322000788117e-05,0.499281670416237,6.935296550282277e-09,0.4992816704162441,2.6320519398807075e-09,0.0014041591461476227,9.805874310262393e-08,2.9238684013396224e-07
Random898
Raw:1.0104241096782938e-05,2.122547334954209e-06,1.987322000788117e-05,0.499281670416237,6.935296550282277e-09,0.4992816704162441,2.632051939880745e-09,0.0014041591461476227,9.805874310262532e-08,2.9238684013396224e-07
EFT:1.0104241096782794e-05,2.122547334954209e-06,1.987322000788117e-05,0.499281670416237,6.935296550282277e-09,0.4992816704162441,2.6320519398807075e-09,0.0014041591461476227,9.805874310262393e-08,2.9238684013396224e-07
Random899
Raw:1.0104241096782867e-05,2.122547334954224e-06,1.987322000788131e-05,0.49928167041624055,6.935296550282326e-09,0.49928167041624055,2.6320519398807265e-09,0.0014041591461476327,9.805874310262602e-08,2.923868401339643e-07
EFT:1.0104241096782794e-05,2.122547334954209e-06,1.987322000788117e-05,0.499281670416237,6.935296550282277e-09,0.4992816704162441,2.6320519398807075e-09,0.0014041591461476227,9.805874310262393e-08,2.9238684013396224e-07
Random900
Raw:1.0104241096782938e-05,2.122547334954209e-06,1.9873220007880885e-05,0.499281670416237,6.935296550282277e-09,0.4992816704162441,2.632051939880745e-09,0.0014041591461476227,9.805874310262532e-08,2.9238684013396224e-07
EFT:1.0104241096782794e-05,2.122547334954209e-06,1.987322000788117e-05,0.499281670416237,6.935296550282277e-09,0.4992816704162441,2.6320519398807075e-09,0.0014041591461476227,9.805874310262393e-08,2.9238684013396224e-07
Random901
Raw:1.0104241096783009e-05,2.122547334954224e-06,1.987322000788131e-05,0.49928167041623345,6.935296550282327e-09,0.49928167041624766,2.6320519398807638e-09,0.0014041591461476327,9.805874310262601e-08,2.9238684013396436e-07
EFT:1.0104241096782794e-05,2.122547334954209e-06,1.987322000788117e-05,0.499281670416237,6.935296550282277e-09,0.4992816704162441,2.6320519398807075e-09,0.0014041591461476227,9.805874310262393e-08,2.9238684013396224e-07
Random902
Raw:1.0104241096782867e-05,2.122547334954224e-06,1.987322000788131e-05,0.49928167041624055,6.935296550282326e-09,0.49928167041624055,2.6320519398807265e-09,0.0014041591461476327,9.805874310262602e-08,2.923868401339643e-07
EFT:1.0104241096782794e-05,2.122547334954209e-06,1.987322000788117e-05,0.499281670416237,6.935296550282277e-09,0.4992816704162441,2.6320519398807075e-09,0.0014041591461476227,9.805874310262393e-08,2.9238684013396224e-07
Random903
Raw:1.0104241096782867e-05,2.122547334954224e-06,1.987322000788131e-05,0.49928167041624055,6.935296550282326e-09,0.49928167041624055,2.6320519398807638e-09,0.0014041591461476128,9.805874310262462e-08,2.923868401339643e-07
EFT:1.0104241096782794e-05,2.122547334954209e-06,1.987322000788117e-05,0.499281670416237,6.935296550282277e-09,0.4992816704162441,2.6320519398807075e-09,0.0014041591461476227,9.805874310262393e-08,2.9238684013396224e-07
Random904
Raw:1.0104241096782938e-05,2.1225473349541788e-06,1.9873220007880885e-05,0.499281670416237,6.935296550282277e-09,0.4992816704162441,2.632051939880745e-09,0.0014041591461476026,9.805874310262532e-08,2.9238684013396224e-07
EFT:1.0104241096782794e-05,2.122547334954209e-06,1.987322000788117e-05,0.499281670416237,6.935296550282277e-09,0.4992816704162441,2.6320519398807075e-09,0.0014041591461476227,9.805874310262393e-08,2.9238684013396224e-07
Random905
Raw:1.0104241096782867e-05,2.122547334954224e-06,1.987322000788131e-05,0.49928167041624055,6.935296550282326e-09,0.49928167041624055,2.6320519398807265e-09,0.0014041591461476327,9.805874310262602e-08,2.923868401339643e-07
EFT:1.0104241096782794e-05,2.122547334954209e-06,1.987322000788117e-05,0.499281670416237,6.935296550282277e-09,0.4992816704162441,2.6320519398807075e-09,0.0014041591461476227,9.805874310262393e-08,2.9238684013396224e-07
Random906
Raw:1.0104241096782938e-05,2.122547334954209e-06,1.987322000788117e-05,0.499281670416237,6.935296550282277e-09,0.4992816704162441,2.632051939880745e-09,0.0014041591461476427,9.805874310262393e-08,2.9238684013396224e-07
EFT:1.0104241096782794e-05,2.122547334954209e-06,1.987322000788117e-05,0.499281670416237,6.935296550282277e-09,0.4992816704162441,2.6320519398807075e-09,0.0014041591461476227,9.805874310262393e-08,2.9238684013396224e-07
Random907
Raw:1.0104241096782867e-05,2.122547334954224e-06,1.987322000788131e-05,0.49928167041624055,6.935296550282228e-09,0.49928167041624055,2.632051939880689e-09,0.0014041591461476327,9.805874310262323e-08,2.923868401339643e-07
EFT:1.0104241096782794e-05,2.122547334954209e-06,1.987322000788117e-05,0.499281670416237,6.935296550282277e-09,0.4992816704162441,2.6320519398807075e-09,0.0014041591461476227,9.805874310262393e-08,2.9238684013396224e-07
Random908
Raw:1.0104241096782938e-05,2.122547334954209e-06,1.9873220007880885e-05,0.499281670416237,6.935296550282277e-09,0.4992816704162441,2.632051939880745e-09,0.0014041591461476227,9.805874310262532e-08,2.9238684013396224e-07
EFT:1.0104241096782794e-05,2.122547334954209e-06,1.987322000788117e-05,0.499281670416237,6.935296550282277e-09,0.4992816704162441,2.6320519398807075e-09,0.0014041591461476227,9.805874310262393e-08,2.9238684013396224e-07
Random909
Raw:1.0104241096782938e-05,2.122547334954239e-06,1.987322000788117e-05,0.499281670416237,6.935296550282277e-09,0.4992816704162441,2.632051939880745e-09,0.0014041591461476427,9.805874310262532e-08,2.9238684013396224e-07
EFT:1.0104241096782794e-05,2.122547334954209e-06,1.987322000788117e-05,0.499281670416237,6.935296550282277e-09,0.4992816704162441,2.6320519398807075e-09,0.0014041591461476227,9.805874310262393e-08,2.9238684013396224e-07
Random910
Raw:1.0104241096782794e-05,2.122547334954209e-06,1.987322000788117e-05,0.4992816704162441,6.935296550282277e-09,0.499281670416237,2.6320519398807075e-09,0.0014041591461476227,9.805874310262393e-08,2.9238684013396224e-07
EFT:1.0104241096782794e-05,2.122547334954209e-06,1.987322000788117e-05,0.499281670416237,6.935296550282277e-09,0.4992816704162441,2.6320519398807075e-09,0.0014041591461476227,9.805874310262393e-08,2.9238684013396224e-07
Random911
Raw:1.0104241096782794e-05,2.122547334954209e-06,1.987322000788117e-05,0.499281670416237,6.935296550282277e-09,0.4992816704162441,2.6320519398807075e-09,0.0014041591461476026,9.805874310262393e-08,2.9238684013396224e-07
EFT:1.0104241096782794e-05,2.122547334954209e-06,1.987322000788117e-05,0.499281670416237,6.935296550282277e-09,0.4992816704162441,2.6320519398807075e-09,0.0014041591461476227,9.805874310262393e-08,2.9238684013396224e-07
Random912
Raw:1.0104241096782865e-05,2.122547334954194e-06,1.9873220007881028e-05,0.49928167041623345,6.935296550282327e-09,0.49928167041624766,2.632051939880726e-09,0.0014041591461476126,9.805874310262462e-08,2.9238684013396436e-07
EFT:1.0104241096782794e-05,2.122547334954209e-06,1.987322000788117e-05,0.499281670416237,6.935296550282277e-09,0.4992816704162441,2.6320519398807075e-09,0.0014041591461476227,9.805874310262393e-08,2.9238684013396224e-07
Random913
Raw:1.0104241096783009e-05,2.122547334954194e-06,1.9873220007881028e-05,0.49928167041623345,6.935296550282327e-09,0.49928167041624766,2.6320519398807638e-09,0.0014041591461476126,9.805874310262601e-08,2.9238684013396436e-07
EFT:1.0104241096782794e-05,2.122547334954209e-06,1.987322000788117e-05,0.499281670416237,6.935296550282277e-09,0.4992816704162441,2.6320519398807075e-09,0.0014041591461476227,9.805874310262393e-08,2.9238684013396224e-07
Random914
Raw:1.0104241096782794e-05,2.122547334954209e-06,1.987322000788117e-05,0.499281670416237,6.935296550282277e-09,0.4992816704162441,2.6320519398807075e-09,0.0014041591461476227,9.805874310262393e-08,2.9238684013396224e-07
EFT:1.0104241096782794e-05,2.122547334954209e-06,1.987322000788117e-05,0.499281670416237,6.935296550282277e-09,0.4992816704162441,2.6320519398807075e-09,0.0014041591461476227,9.805874310262393e-08,2.9238684013396224e-07
Random915
Raw:1.0104241096783009e-05,2.122547334954224e-06,1.9873220007881028e-05,0.49928167041623345,6.935296550282327e-09,0.49928167041624766,2.6320519398807638e-09,0.0014041591461476327,9.805874310262601e-08,2.9238684013396436e-07
EFT:1.0104241096782794e-05,2.122547334954209e-06,1.987322000788117e-05,0.499281670416237,6.935296550282277e-09,0.4992816704162441,2.6320519398807075e-09,0.0014041591461476227,9.805874310262393e-08,2.9238684013396224e-07
Random916
Raw:1.0104241096782867e-05,2.122547334954224e-06,1.987322000788131e-05,0.49928167041624055,6.935296550282326e-09,0.49928167041624055,2.6320519398807265e-09,0.0014041591461476128,9.805874310262462e-08,2.923868401339643e-07
EFT:1.0104241096782794e-05,2.122547334954209e-06,1.987322000788117e-05,0.499281670416237,6.935296550282277e-09,0.4992816704162441,2.6320519398807075e-09,0.0014041591461476227,9.805874310262393e-08,2.9238684013396224e-07
Random917
Raw:1.0104241096782938e-05,2.1225473349541788e-06,1.9873220007880885e-05,0.499281670416237,6.935296550282277e-09,0.4992816704162441,2.632051939880745e-09,0.0014041591461476026,9.805874310262532e-08,2.9238684013396224e-07
EFT:1.0104241096782794e-05,2.122547334954209e-06,1.987322000788117e-05,0.499281670416237,6.935296550282277e-09,0.4992816704162441,2.6320519398807075e-09,0.0014041591461476227,9.805874310262393e-08,2.9238684013396224e-07
Random918
Raw:1.0104241096782938e-05,2.122547334954209e-06,1.987322000788117e-05,0.499281670416237,6.9352965502823754e-09,0.4992816704162441,2.632051939880745e-09,0.0014041591461476227,9.805874310262393e-08,2.9238684013396637e-07
EFT:1.0104241096782794e-05,2.122547334954209e-06,1.987322000788117e-05,0.499281670416237,6.935296550282277e-09,0.4992816704162441,2.6320519398807075e-09,0.0014041591461476227,9.805874310262393e-08,2.9238684013396224e-07
Random919
Raw:1.0104241096783009e-05,2.122547334954194e-06,1.9873220007881028e-05,0.49928167041623345,6.935296550282327e-09,0.49928167041624766,2.6320519398807638e-09,0.0014041591461476126,9.805874310262601e-08,2.9238684013396436e-07
EFT:1.0104241096782794e-05,2.122547334954209e-06,1.987322000788117e-05,0.499281670416237,6.935296550282277e-09,0.4992816704162441,2.6320519398807075e-09,0.0014041591461476227,9.805874310262393e-08,2.9238684013396224e-07
Random920
Raw:1.0104241096782794e-05,2.122547334954239e-06,1.987322000788117e-05,0.4992816704162441,6.935296550282277e-09,0.499281670416237,2.6320519398807075e-09,0.0014041591461476227,9.805874310262393e-08,2.9238684013396224e-07
EFT:1.0104241096782794e-05,2.122547334954209e-06,1.987322000788117e-05,0.499281670416237,6.935296550282277e-09,0.4992816704162441,2.6320519398807075e-09,0.0014041591461476227,9.805874310262393e-08,2.9238684013396224e-07
Random921
Raw:1.0104241096782938e-05,2.122547334954239e-06,1.987322000788117e-05,0.499281670416237,6.935296550282277e-09,0.4992816704162441,2.632051939880745e-09,0.0014041591461476427,9.805874310262532e-08,2.9238684013396224e-07
EFT:1.0104241096782794e-05,2.122547334954209e-06,1.987322000788117e-05,0.499281670416237,6.935296550282277e-09,0.4992816704162441,2.6320519398807075e-09,0.0014041591461476227,9.805874310262393e-08,2.9238684013396224e-07
Random922
Raw:1.0104241096782938e-05,2.122547334954239e-06,1.987322000788117e-05,0.499281670416237,6.935296550282277e-09,0.4992816704162441,2.632051939880745e-09,0.0014041591461476427,9.805874310262532e-08,2.9238684013396224e-07
EFT:1.0104241096782794e-05,2.122547334954209e-06,1.987322000788117e-05,0.499281670416237,6.935296550282277e-09,0.4992816704162441,2.6320519398807075e-09,0.0014041591461476227,9.805874310262393e-08,2.9238684013396224e-07
Random923
Raw:1.0104241096782938e-05,2.122547334954209e-06,1.987322000788117e-05,0.499281670416237,6.935296550282277e-09,0.4992816704162441,2.632051939880745e-09,0.0014041591461476227,9.805874310262393e-08,2.9238684013396637e-07
EFT:1.0104241096782794e-05,2.122547334954209e-06,1.987322000788117e-05,0.499281670416237,6.935296550282277e-09,0.4992816704162441,2.6320519398807075e-09,0.0014041591461476227,9.805874310262393e-08,2.9238684013396224e-07
Random924
Raw:1.0104241096782794e-05,2.122547334954209e-06,1.987322000788117e-05,0.499281670416237,6.9352965502821786e-09,0.4992816704162441,2.6320519398807075e-09,0.0014041591461476026,9.805874310262393e-08,2.9238684013396224e-07
EFT:1.0104241096782794e-05,2.122547334954209e-06,1.987322000788117e-05,0.499281670416237,6.935296550282277e-09,0.4992816704162441,2.6320519398807075e-09,0.0014041591461476227,9.805874310262393e-08,2.9238684013396224e-07
Random925
Raw:1.0104241096782867e-05,2.122547334954224e-06,1.987322000788131e-05,0.49928167041624055,6.935296550282326e-09,0.49928167041624055,2.6320519398807638e-09,0.0014041591461476327,9.805874310262462e-08,2.923868401339643e-07
EFT:1.0104241096782794e-05,2.122547334954209e-06,1.987322000788117e-05,0.499281670416237,6.935296550282277e-09,0.4992816704162441,2.6320519398807075e-09,0.0014041591461476227,9.805874310262393e-08,2.9238684013396224e-07
Random926
Raw:1.0104241096783009e-05,2.122547334954224e-06,1.987322000788131e-05,0.49928167041623345,6.935296550282327e-09,0.49928167041624766,2.6320519398807638e-09,0.0014041591461476327,9.805874310262601e-08,2.9238684013396436e-07
EFT:1.0104241096782794e-05,2.122547334954209e-06,1.987322000788117e-05,0.499281670416237,6.935296550282277e-09,0.4992816704162441,2.6320519398807075e-09,0.0014041591461476227,9.805874310262393e-08,2.9238684013396224e-07
Random927
Raw:1.0104241096782938e-05,2.122547334954209e-06,1.987322000788117e-05,0.499281670416237,6.935296550282277e-09,0.4992816704162441,2.632051939880745e-09,0.0014041591461476227,9.805874310262532e-08,2.9238684013396224e-07
EFT:1.0104241096782794e-05,2.122547334954209e-06,1.987322000788117e-05,0.499281670416237,6.935296550282277e-09,0.4992816704162441,2.6320519398807075e-09,0.0014041591461476227,9.805874310262393e-08,2.9238684013396224e-07
Random928
Raw:1.0104241096782938e-05,2.122547334954209e-06,1.987322000788117e-05,0.499281670416237,6.9352965502823754e-09,0.4992816704162441,2.632051939880745e-09,0.0014041591461476227,9.805874310262672e-08,2.9238684013396637e-07
EFT:1.0104241096782794e-05,2.122547334954209e-06,1.987322000788117e-05,0.499281670416237,6.935296550282277e-09,0.4992816704162441,2.6320519398807075e-09,0.0014041591461476227,9.805874310262393e-08,2.9238684013396224e-07
Random929
Raw:1.0104241096782794e-05,2.122547334954209e-06,1.987322000788117e-05,0.499281670416237,6.935296550282277e-09,0.4992816704162441,2.632051939880745e-09,0.0014041591461476227,9.805874310262254e-08,2.9238684013396224e-07
EFT:1.0104241096782794e-05,2.122547334954209e-06,1.987322000788117e-05,0.499281670416237,6.935296550282277e-09,0.4992816704162441,2.6320519398807075e-09,0.0014041591461476227,9.805874310262393e-08,2.9238684013396224e-07
Random930
Raw:1.0104241096782938e-05,2.122547334954209e-06,1.9873220007880885e-05,0.499281670416237,6.935296550282277e-09,0.4992816704162441,2.632051939880745e-09,0.0014041591461476227,9.805874310262532e-08,2.9238684013396224e-07
EFT:1.0104241096782794e-05,2.122547334954209e-06,1.987322000788117e-05,0.499281670416237,6.935296550282277e-09,0.4992816704162441,2.6320519398807075e-09,0.0014041591461476227,9.805874310262393e-08,2.9238684013396224e-07
Random931
Raw:1.0104241096782938e-05,2.122547334954209e-06,1.987322000788117e-05,0.499281670416237,6.935296550282277e-09,0.4992816704162441,2.632051939880745e-09,0.0014041591461476427,9.805874310262393e-08,2.9238684013396224e-07
EFT:1.0104241096782794e-05,2.122547334954209e-06,1.987322000788117e-05,0.499281670416237,6.935296550282277e-09,0.4992816704162441,2.6320519398807075e-09,0.0014041591461476227,9.805874310262393e-08,2.9238684013396224e-07
Random932
Raw:1.0104241096783009e-05,2.122547334954224e-06,1.987322000788131e-05,0.49928167041623345,6.935296550282327e-09,0.49928167041624766,2.6320519398807638e-09,0.0014041591461476327,9.805874310262462e-08,2.923868401339685e-07
EFT:1.0104241096782794e-05,2.122547334954209e-06,1.987322000788117e-05,0.499281670416237,6.935296550282277e-09,0.4992816704162441,2.6320519398807075e-09,0.0014041591461476227,9.805874310262393e-08,2.9238684013396224e-07
Random933
Raw:1.0104241096782794e-05,2.122547334954209e-06,1.987322000788117e-05,0.499281670416237,6.9352965502821786e-09,0.4992816704162441,2.6320519398807075e-09,0.0014041591461476026,9.805874310262393e-08,2.9238684013396224e-07
EFT:1.0104241096782794e-05,2.122547334954209e-06,1.987322000788117e-05,0.499281670416237,6.935296550282277e-09,0.4992816704162441,2.6320519398807075e-09,0.0014041591461476227,9.805874310262393e-08,2.9238684013396224e-07
Random934
Raw:1.0104241096782938e-05,2.122547334954209e-06,1.9873220007880885e-05,0.499281670416237,6.935296550282277e-09,0.4992816704162441,2.632051939880745e-09,0.0014041591461476227,9.805874310262532e-08,2.9238684013396224e-07
EFT:1.0104241096782794e-05,2.122547334954209e-06,1.987322000788117e-05,0.499281670416237,6.935296550282277e-09,0.4992816704162441,2.6320519398807075e-09,0.0014041591461476227,9.805874310262393e-08,2.9238684013396224e-07
Random935
Raw:1.0104241096782867e-05,2.122547334954224e-06,1.987322000788131e-05,0.49928167041624055,6.935296550282326e-09,0.49928167041624055,2.6320519398807265e-09,0.0014041591461476327,9.805874310262323e-08,2.923868401339643e-07
EFT:1.0104241096782794e-05,2.122547334954209e-06,1.987322000788117e-05,0.499281670416237,6.935296550282277e-09,0.4992816704162441,2.6320519398807075e-09,0.0014041591461476227,9.805874310262393e-08,2.9238684013396224e-07
Random936
Raw:1.0104241096782794e-05,2.122547334954209e-06,1.987322000788117e-05,0.499281670416237,6.935296550282277e-09,0.4992816704162441,2.632051939880745e-09,0.0014041591461476227,9.805874310262254e-08,2.9238684013396224e-07
EFT:1.0104241096782794e-05,2.122547334954209e-06,1.987322000788117e-05,0.499281670416237,6.935296550282277e-09,0.4992816704162441,2.6320519398807075e-09,0.0014041591461476227,9.805874310262393e-08,2.9238684013396224e-07
Random937
Raw:1.0104241096782867e-05,2.122547334954224e-06,1.987322000788131e-05,0.49928167041624055,6.935296550282326e-09,0.49928167041624055,2.6320519398807265e-09,0.0014041591461476327,9.805874310262462e-08,2.923868401339643e-07
EFT:1.0104241096782794e-05,2.122547334954209e-06,1.987322000788117e-05,0.499281670416237,6.935296550282277e-09,0.4992816704162441,2.6320519398807075e-09,0.0014041591461476227,9.805874310262393e-08,2.9238684013396224e-07
Random938
Raw:1.0104241096782938e-05,2.122547334954209e-06,1.987322000788117e-05,0.499281670416237,6.9352965502823754e-09,0.4992816704162441,2.632051939880745e-09,0.0014041591461476227,9.805874310262532e-08,2.9238684013396637e-07
EFT:1.0104241096782794e-05,2.122547334954209e-06,1.987322000788117e-05,0.499281670416237,6.935296550282277e-09,0.4992816704162441,2.6320519398807075e-09,0.0014041591461476227,9.805874310262393e-08,2.9238684013396224e-07
Random939
Raw:1.0104241096782867e-05,2.1225473349542546e-06,1.987322000788131e-05,0.49928167041624055,6.935296550282326e-09,0.49928167041624055,2.6320519398807638e-09,0.0014041591461476327,9.805874310262462e-08,2.923868401339643e-07
EFT:1.0104241096782794e-05,2.122547334954209e-06,1.987322000788117e-05,0.499281670416237,6.935296550282277e-09,0.4992816704162441,2.6320519398807075e-09,0.0014041591461476227,9.805874310262393e-08,2.9238684013396224e-07
Random940
Raw:1.0104241096782865e-05,2.122547334954194e-06,1.9873220007881028e-05,0.49928167041623345,6.935296550282327e-09,0.49928167041624766,2.6320519398807638e-09,0.0014041591461476126,9.805874310262324e-08,2.9238684013396436e-07
EFT:1.0104241096782794e-05,2.122547334954209e-06,1.987322000788117e-05,0.499281670416237,6.935296550282277e-09,0.4992816704162441,2.6320519398807075e-09,0.0014041591461476227,9.805874310262393e-08,2.9238684013396224e-07
Random941
Raw:1.0104241096782938e-05,2.122547334954239e-06,1.987322000788145e-05,0.499281670416237,6.935296550282277e-09,0.4992816704162441,2.632051939880745e-09,0.0014041591461476427,9.805874310262393e-08,2.9238684013396637e-07
EFT:1.0104241096782794e-05,2.122547334954209e-06,1.987322000788117e-05,0.499281670416237,6.935296550282277e-09,0.4992816704162441,2.6320519398807075e-09,0.0014041591461476227,9.805874310262393e-08,2.9238684013396224e-07
Random942
Raw:1.0104241096782867e-05,2.122547334954224e-06,1.987322000788131e-05,0.49928167041624055,6.935296550282326e-09,0.49928167041624055,2.6320519398807265e-09,0.0014041591461476128,9.805874310262462e-08,2.923868401339643e-07
EFT:1.0104241096782794e-05,2.122547334954209e-06,1.987322000788117e-05,0.499281670416237,6.935296550282277e-09,0.4992816704162441,2.6320519398807075e-09,0.0014041591461476227,9.805874310262393e-08,2.9238684013396224e-07
Random943
Raw:1.0104241096783009e-05,2.122547334954224e-06,1.987322000788131e-05,0.49928167041623345,6.935296550282327e-09,0.49928167041624766,2.6320519398807638e-09,0.0014041591461476327,9.805874310262462e-08,2.923868401339685e-07
EFT:1.0104241096782794e-05,2.122547334954209e-06,1.987322000788117e-05,0.499281670416237,6.935296550282277e-09,0.4992816704162441,2.6320519398807075e-09,0.0014041591461476227,9.805874310262393e-08,2.9238684013396224e-07
Random944
Raw:1.0104241096782938e-05,2.122547334954209e-06,1.9873220007880885e-05,0.499281670416237,6.935296550282277e-09,0.4992816704162441,2.632051939880745e-09,0.0014041591461476227,9.805874310262393e-08,2.9238684013396224e-07
EFT:1.0104241096782794e-05,2.122547334954209e-06,1.987322000788117e-05,0.499281670416237,6.935296550282277e-09,0.4992816704162441,2.6320519398807075e-09,0.0014041591461476227,9.805874310262393e-08,2.9238684013396224e-07
Random945
Raw:1.0104241096782938e-05,2.122547334954239e-06,1.987322000788145e-05,0.499281670416237,6.935296550282277e-09,0.4992816704162441,2.632051939880745e-09,0.0014041591461476427,9.805874310262532e-08,2.9238684013396224e-07
EFT:1.0104241096782794e-05,2.122547334954209e-06,1.987322000788117e-05,0.499281670416237,6.935296550282277e-09,0.4992816704162441,2.6320519398807075e-09,0.0014041591461476227,9.805874310262393e-08,2.9238684013396224e-07
Random946
Raw:1.0104241096782938e-05,2.122547334954209e-06,1.987322000788117e-05,0.499281670416237,6.9352965502823754e-09,0.4992816704162441,2.6320519398807824e-09,0.0014041591461476227,9.805874310262532e-08,2.9238684013396637e-07
EFT:1.0104241096782794e-05,2.122547334954209e-06,1.987322000788117e-05,0.499281670416237,6.935296550282277e-09,0.4992816704162441,2.6320519398807075e-09,0.0014041591461476227,9.805874310262393e-08,2.9238684013396224e-07
Random947
Raw:1.0104241096782867e-05,2.122547334954194e-06,1.9873220007881028e-05,0.49928167041624055,6.935296550282228e-09,0.49928167041624055,2.632051939880689e-09,0.0014041591461476327,9.805874310262323e-08,2.923868401339602e-07
EFT:1.0104241096782794e-05,2.122547334954209e-06,1.987322000788117e-05,0.499281670416237,6.935296550282277e-09,0.4992816704162441,2.6320519398807075e-09,0.0014041591461476227,9.805874310262393e-08,2.9238684013396224e-07
Random948
Raw:1.0104241096782938e-05,2.122547334954209e-06,1.987322000788117e-05,0.499281670416237,6.935296550282277e-09,0.4992816704162441,2.632051939880745e-09,0.0014041591461476227,9.805874310262532e-08,2.9238684013396224e-07
EFT:1.0104241096782794e-05,2.122547334954209e-06,1.987322000788117e-05,0.499281670416237,6.935296550282277e-09,0.4992816704162441,2.6320519398807075e-09,0.0014041591461476227,9.805874310262393e-08,2.9238684013396224e-07
Random949
Raw:1.0104241096783009e-05,2.122547334954224e-06,1.9873220007881028e-05,0.49928167041623345,6.935296550282424e-09,0.49928167041624766,2.632051939880801e-09,0.0014041591461476126,9.805874310262601e-08,2.923868401339685e-07
EFT:1.0104241096782794e-05,2.122547334954209e-06,1.987322000788117e-05,0.499281670416237,6.935296550282277e-09,0.4992816704162441,2.6320519398807075e-09,0.0014041591461476227,9.805874310262393e-08,2.9238684013396224e-07
Random950
Raw:1.0104241096782938e-05,2.122547334954239e-06,1.987322000788117e-05,0.499281670416237,6.935296550282277e-09,0.4992816704162441,2.632051939880745e-09,0.0014041591461476427,9.805874310262393e-08,2.9238684013396637e-07
EFT:1.0104241096782794e-05,2.122547334954209e-06,1.987322000788117e-05,0.499281670416237,6.935296550282277e-09,0.4992816704162441,2.6320519398807075e-09,0.0014041591461476227,9.805874310262393e-08,2.9238684013396224e-07
Random951
Raw:1.0104241096782867e-05,2.122547334954224e-06,1.987322000788131e-05,0.49928167041624055,6.935296550282326e-09,0.49928167041624055,2.6320519398807638e-09,0.0014041591461476327,9.805874310262462e-08,2.923868401339643e-07
EFT:1.0104241096782794e-05,2.122547334954209e-06,1.987322000788117e-05,0.499281670416237,6.935296550282277e-09,0.4992816704162441,2.6320519398807075e-09,0.0014041591461476227,9.805874310262393e-08,2.9238684013396224e-07
Random952
Raw:1.0104241096782794e-05,2.122547334954209e-06,1.9873220007880885e-05,0.499281670416237,6.935296550282277e-09,0.4992816704162441,2.632051939880745e-09,0.0014041591461476227,9.805874310262254e-08,2.9238684013396224e-07
EFT:1.0104241096782794e-05,2.122547334954209e-06,1.987322000788117e-05,0.499281670416237,6.935296550282277e-09,0.4992816704162441,2.6320519398807075e-09,0.0014041591461476227,9.805874310262393e-08,2.9238684013396224e-07
Random953
Raw:1.0104241096782938e-05,2.122547334954209e-06,1.987322000788117e-05,0.499281670416237,6.9352965502823754e-09,0.4992816704162441,2.632051939880745e-09,0.0014041591461476227,9.805874310262393e-08,2.9238684013396637e-07
EFT:1.0104241096782794e-05,2.122547334954209e-06,1.987322000788117e-05,0.499281670416237,6.935296550282277e-09,0.4992816704162441,2.6320519398807075e-09,0.0014041591461476227,9.805874310262393e-08,2.9238684013396224e-07
Random954
Raw:1.0104241096782938e-05,2.122547334954239e-06,1.987322000788145e-05,0.499281670416237,6.935296550282277e-09,0.4992816704162441,2.632051939880745e-09,0.0014041591461476427,9.805874310262393e-08,2.9238684013396637e-07
EFT:1.0104241096782794e-05,2.122547334954209e-06,1.987322000788117e-05,0.499281670416237,6.935296550282277e-09,0.4992816704162441,2.6320519398807075e-09,0.0014041591461476227,9.805874310262393e-08,2.9238684013396224e-07
Random955
Raw:1.0104241096782938e-05,2.122547334954209e-06,1.987322000788117e-05,0.499281670416237,6.9352965502823754e-09,0.4992816704162441,2.632051939880745e-09,0.0014041591461476227,9.805874310262532e-08,2.9238684013396637e-07
EFT:1.0104241096782794e-05,2.122547334954209e-06,1.987322000788117e-05,0.499281670416237,6.935296550282277e-09,0.4992816704162441,2.6320519398807075e-09,0.0014041591461476227,9.805874310262393e-08,2.9238684013396224e-07
Random956
Raw:1.0104241096782938e-05,2.122547334954239e-06,1.9873220007880885e-05,0.499281670416237,6.935296550282277e-09,0.4992816704162441,2.632051939880745e-09,0.0014041591461476227,9.805874310262532e-08,2.9238684013396224e-07
EFT:1.0104241096782794e-05,2.122547334954209e-06,1.987322000788117e-05,0.499281670416237,6.935296550282277e-09,0.4992816704162441,2.6320519398807075e-09,0.0014041591461476227,9.805874310262393e-08,2.9238684013396224e-07
Random957
Raw:1.0104241096782794e-05,2.122547334954209e-06,1.987322000788117e-05,0.499281670416237,6.9352965502821786e-09,0.4992816704162441,2.632051939880745e-09,0.0014041591461476227,9.805874310262254e-08,2.9238684013396224e-07
EFT:1.0104241096782794e-05,2.122547334954209e-06,1.987322000788117e-05,0.499281670416237,6.935296550282277e-09,0.4992816704162441,2.6320519398807075e-09,0.0014041591461476227,9.805874310262393e-08,2.9238684013396224e-07
Random958
Raw:1.0104241096783009e-05,2.122547334954224e-06,1.9873220007881028e-05,0.49928167041623345,6.935296550282327e-09,0.49928167041624766,2.6320519398807638e-09,0.0014041591461476327,9.805874310262601e-08,2.9238684013396436e-07
EFT:1.0104241096782794e-05,2.122547334954209e-06,1.987322000788117e-05,0.499281670416237,6.935296550282277e-09,0.4992816704162441,2.6320519398807075e-09,0.0014041591461476227,9.805874310262393e-08,2.9238684013396224e-07
Random959
Raw:1.0104241096782938e-05,2.1225473349541788e-06,1.9873220007880885e-05,0.499281670416237,6.935296550282277e-09,0.4992816704162441,2.632051939880745e-09,0.0014041591461476026,9.805874310262532e-08,2.9238684013396224e-07
EFT:1.0104241096782794e-05,2.122547334954209e-06,1.987322000788117e-05,0.499281670416237,6.935296550282277e-09,0.4992816704162441,2.6320519398807075e-09,0.0014041591461476227,9.805874310262393e-08,2.9238684013396224e-07
Random960
Raw:1.0104241096782867e-05,2.122547334954224e-06,1.987322000788131e-05,0.49928167041624055,6.935296550282326e-09,0.49928167041624055,2.6320519398807265e-09,0.0014041591461476128,9.805874310262462e-08,2.923868401339643e-07
EFT:1.0104241096782794e-05,2.122547334954209e-06,1.987322000788117e-05,0.499281670416237,6.935296550282277e-09,0.4992816704162441,2.6320519398807075e-09,0.0014041591461476227,9.805874310262393e-08,2.9238684013396224e-07
Random961
Raw:1.0104241096782938e-05,2.122547334954239e-06,1.987322000788117e-05,0.499281670416237,6.9352965502823754e-09,0.4992816704162441,2.6320519398807824e-09,0.0014041591461476227,9.805874310262532e-08,2.9238684013396637e-07
EFT:1.0104241096782794e-05,2.122547334954209e-06,1.987322000788117e-05,0.499281670416237,6.935296550282277e-09,0.4992816704162441,2.6320519398807075e-09,0.0014041591461476227,9.805874310262393e-08,2.9238684013396224e-07
Random962
Raw:1.0104241096782867e-05,2.1225473349542546e-06,1.987322000788131e-05,0.49928167041624055,6.935296550282326e-09,0.49928167041624055,2.6320519398807638e-09,0.0014041591461476327,9.805874310262462e-08,2.923868401339643e-07
EFT:1.0104241096782794e-05,2.122547334954209e-06,1.987322000788117e-05,0.499281670416237,6.935296550282277e-09,0.4992816704162441,2.6320519398807075e-09,0.0014041591461476227,9.805874310262393e-08,2.9238684013396224e-07
Random963
Raw:1.0104241096782938e-05,2.122547334954239e-06,1.987322000788145e-05,0.499281670416237,6.9352965502823754e-09,0.4992816704162441,2.632051939880745e-09,0.0014041591461476227,9.805874310262532e-08,2.9238684013396637e-07
EFT:1.0104241096782794e-05,2.122547334954209e-06,1.987322000788117e-05,0.499281670416237,6.935296550282277e-09,0.4992816704162441,2.6320519398807075e-09,0.0014041591461476227,9.805874310262393e-08,2.9238684013396224e-07
Random964
Raw:1.0104241096782938e-05,2.122547334954209e-06,1.987322000788117e-05,0.499281670416237,6.935296550282277e-09,0.4992816704162441,2.632051939880745e-09,0.0014041591461476227,9.805874310262532e-08,2.9238684013396224e-07
EFT:1.0104241096782794e-05,2.122547334954209e-06,1.987322000788117e-05,0.499281670416237,6.935296550282277e-09,0.4992816704162441,2.6320519398807075e-09,0.0014041591461476227,9.805874310262393e-08,2.9238684013396224e-07
Random965
Raw:1.0104241096782867e-05,2.122547334954224e-06,1.9873220007881028e-05,0.49928167041624055,6.935296550282326e-09,0.49928167041624055,2.6320519398807638e-09,0.0014041591461476128,9.805874310262462e-08,2.923868401339643e-07
EFT:1.0104241096782794e-05,2.122547334954209e-06,1.987322000788117e-05,0.499281670416237,6.935296550282277e-09,0.4992816704162441,2.6320519398807075e-09,0.0014041591461476227,9.805874310262393e-08,2.9238684013396224e-07
Random966
Raw:1.0104241096782794e-05,2.122547334954209e-06,1.987322000788117e-05,0.499281670416237,6.935296550282277e-09,0.4992816704162441,2.632051939880745e-09,0.0014041591461476227,9.805874310262254e-08,2.9238684013396224e-07
EFT:1.0104241096782794e-05,2.122547334954209e-06,1.987322000788117e-05,0.499281670416237,6.935296550282277e-09,0.4992816704162441,2.6320519398807075e-09,0.0014041591461476227,9.805874310262393e-08,2.9238684013396224e-07
Random967
Raw:1.0104241096782867e-05,2.122547334954224e-06,1.987322000788131e-05,0.49928167041624055,6.935296550282326e-09,0.49928167041624055,2.6320519398807638e-09,0.0014041591461476327,9.805874310262462e-08,2.923868401339643e-07
EFT:1.0104241096782794e-05,2.122547334954209e-06,1.987322000788117e-05,0.499281670416237,6.935296550282277e-09,0.4992816704162441,2.6320519398807075e-09,0.0014041591461476227,9.805874310262393e-08,2.9238684013396224e-07
Random968
Raw:1.0104241096782938e-05,2.1225473349541788e-06,1.9873220007880885e-05,0.499281670416237,6.935296550282277e-09,0.4992816704162441,2.632051939880745e-09,0.0014041591461476026,9.805874310262532e-08,2.9238684013396224e-07
EFT:1.0104241096782794e-05,2.122547334954209e-06,1.987322000788117e-05,0.499281670416237,6.935296550282277e-09,0.4992816704162441,2.6320519398807075e-09,0.0014041591461476227,9.805874310262393e-08,2.9238684013396224e-07
Random969
Raw:1.0104241096782867e-05,2.122547334954224e-06,1.9873220007881028e-05,0.49928167041624055,6.935296550282228e-09,0.49928167041624055,2.632051939880689e-09,0.0014041591461476327,9.805874310262462e-08,2.923868401339602e-07
EFT:1.0104241096782794e-05,2.122547334954209e-06,1.987322000788117e-05,0.499281670416237,6.935296550282277e-09,0.4992816704162441,2.6320519398807075e-09,0.0014041591461476227,9.805874310262393e-08,2.9238684013396224e-07
Random970
Raw:1.0104241096782938e-05,2.122547334954209e-06,1.987322000788117e-05,0.499281670416237,6.935296550282277e-09,0.4992816704162441,2.632051939880745e-09,0.0014041591461476427,9.805874310262393e-08,2.9238684013396224e-07
EFT:1.0104241096782794e-05,2.122547334954209e-06,1.987322000788117e-05,0.499281670416237,6.935296550282277e-09,0.4992816704162441,2.6320519398807075e-09,0.0014041591461476227,9.805874310262393e-08,2.9238684013396224e-07
Random971
Raw:1.0104241096782867e-05,2.122547334954194e-06,1.9873220007881028e-05,0.49928167041624055,6.935296550282326e-09,0.49928167041624055,2.6320519398807265e-09,0.0014041591461476128,9.805874310262323e-08,2.923868401339643e-07
EFT:1.0104241096782794e-05,2.122547334954209e-06,1.987322000788117e-05,0.499281670416237,6.935296550282277e-09,0.4992816704162441,2.6320519398807075e-09,0.0014041591461476227,9.805874310262393e-08,2.9238684013396224e-07
Random972
Raw:1.0104241096782938e-05,2.122547334954239e-06,1.9873220007880885e-05,0.499281670416237,6.935296550282277e-09,0.4992816704162441,2.632051939880745e-09,0.0014041591461476227,9.805874310262532e-08,2.9238684013396224e-07
EFT:1.0104241096782794e-05,2.122547334954209e-06,1.987322000788117e-05,0.499281670416237,6.935296550282277e-09,0.4992816704162441,2.6320519398807075e-09,0.0014041591461476227,9.805874310262393e-08,2.9238684013396224e-07
Random973
Raw:1.0104241096782938e-05,2.122547334954239e-06,1.987322000788117e-05,0.499281670416237,6.9352965502823754e-09,0.4992816704162441,2.632051939880745e-09,0.0014041591461476227,9.805874310262532e-08,2.9238684013396637e-07
EFT:1.0104241096782794e-05,2.122547334954209e-06,1.987322000788117e-05,0.499281670416237,6.935296550282277e-09,0.4992816704162441,2.6320519398807075e-09,0.0014041591461476227,9.805874310262393e-08,2.9238684013396224e-07
Random974
Raw:1.0104241096782794e-05,2.122547334954209e-06,1.987322000788117e-05,0.499281670416237,6.935296550282277e-09,0.4992816704162441,2.6320519398807075e-09,0.0014041591461476227,9.805874310262393e-08,2.9238684013396224e-07
EFT:1.0104241096782794e-05,2.122547334954209e-06,1.987322000788117e-05,0.499281670416237,6.935296550282277e-09,0.4992816704162441,2.6320519398807075e-09,0.0014041591461476227,9.805874310262393e-08,2.9238684013396224e-07
Random975
Raw:1.0104241096782938e-05,2.122547334954209e-06,1.987322000788117e-05,0.499281670416237,6.935296550282277e-09,0.4992816704162441,2.632051939880745e-09,0.0014041591461476427,9.805874310262393e-08,2.9238684013396224e-07
EFT:1.0104241096782794e-05,2.122547334954209e-06,1.987322000788117e-05,0.499281670416237,6.935296550282277e-09,0.4992816704162441,2.6320519398807075e-09,0.0014041591461476227,9.805874310262393e-08,2.9238684013396224e-07
Random976
Raw:1.0104241096782938e-05,2.122547334954209e-06,1.987322000788117e-05,0.499281670416237,6.9352965502823754e-09,0.4992816704162441,2.632051939880745e-09,0.0014041591461476227,9.805874310262393e-08,2.9238684013396637e-07
EFT:1.0104241096782794e-05,2.122547334954209e-06,1.987322000788117e-05,0.499281670416237,6.935296550282277e-09,0.4992816704162441,2.6320519398807075e-09,0.0014041591461476227,9.805874310262393e-08,2.9238684013396224e-07
Random977
Raw:1.0104241096782865e-05,2.122547334954194e-06,1.9873220007881028e-05,0.49928167041623345,6.935296550282327e-09,0.49928167041624766,2.632051939880726e-09,0.0014041591461476126,9.805874310262462e-08,2.9238684013396436e-07
EFT:1.0104241096782794e-05,2.122547334954209e-06,1.987322000788117e-05,0.499281670416237,6.935296550282277e-09,0.4992816704162441,2.6320519398807075e-09,0.0014041591461476227,9.805874310262393e-08,2.9238684013396224e-07
Random978
Raw:1.0104241096782794e-05,2.122547334954209e-06,1.987322000788117e-05,0.499281670416237,6.9352965502821786e-09,0.4992816704162441,2.6320519398807075e-09,0.0014041591461476227,9.805874310262393e-08,2.9238684013396224e-07
EFT:1.0104241096782794e-05,2.122547334954209e-06,1.987322000788117e-05,0.499281670416237,6.935296550282277e-09,0.4992816704162441,2.6320519398807075e-09,0.0014041591461476227,9.805874310262393e-08,2.9238684013396224e-07
Random979
Raw:1.0104241096782867e-05,2.122547334954224e-06,1.987322000788131e-05,0.49928167041624055,6.935296550282326e-09,0.49928167041624055,2.6320519398807638e-09,0.0014041591461476327,9.805874310262462e-08,2.923868401339643e-07
EFT:1.0104241096782794e-05,2.122547334954209e-06,1.987322000788117e-05,0.499281670416237,6.935296550282277e-09,0.4992816704162441,2.6320519398807075e-09,0.0014041591461476227,9.805874310262393e-08,2.9238684013396224e-07
Random980
Raw:1.0104241096782794e-05,2.122547334954209e-06,1.9873220007880885e-05,0.499281670416237,6.935296550282277e-09,0.4992816704162441,2.632051939880745e-09,0.0014041591461476227,9.805874310262254e-08,2.9238684013396224e-07
EFT:1.0104241096782794e-05,2.122547334954209e-06,1.987322000788117e-05,0.499281670416237,6.935296550282277e-09,0.4992816704162441,2.6320519398807075e-09,0.0014041591461476227,9.805874310262393e-08,2.9238684013396224e-07
Random981
Raw:1.0104241096782938e-05,2.122547334954209e-06,1.987322000788117e-05,0.499281670416237,6.935296550282277e-09,0.4992816704162441,2.632051939880745e-09,0.0014041591461476227,9.805874310262393e-08,2.9238684013396637e-07
EFT:1.0104241096782794e-05,2.122547334954209e-06,1.987322000788117e-05,0.499281670416237,6.935296550282277e-09,0.4992816704162441,2.6320519398807075e-09,0.0014041591461476227,9.805874310262393e-08,2.9238684013396224e-07
Random982
Raw:1.0104241096782867e-05,2.122547334954224e-06,1.987322000788131e-05,0.49928167041624055,6.935296550282326e-09,0.49928167041624055,2.6320519398807265e-09,0.0014041591461476128,9.805874310262462e-08,2.923868401339643e-07
EFT:1.0104241096782794e-05,2.122547334954209e-06,1.987322000788117e-05,0.499281670416237,6.935296550282277e-09,0.4992816704162441,2.6320519398807075e-09,0.0014041591461476227,9.805874310262393e-08,2.9238684013396224e-07
Random983
Raw:1.0104241096782938e-05,2.122547334954209e-06,1.987322000788117e-05,0.499281670416237,6.935296550282277e-09,0.4992816704162441,2.632051939880745e-09,0.0014041591461476227,9.805874310262532e-08,2.9238684013396224e-07
EFT:1.0104241096782794e-05,2.122547334954209e-06,1.987322000788117e-05,0.499281670416237,6.935296550282277e-09,0.4992816704162441,2.6320519398807075e-09,0.0014041591461476227,9.805874310262393e-08,2.9238684013396224e-07
Random984
Raw:1.0104241096782938e-05,2.1225473349541788e-06,1.9873220007880885e-05,0.499281670416237,6.935296550282277e-09,0.4992816704162441,2.632051939880745e-09,0.0014041591461476026,9.805874310262532e-08,2.9238684013396224e-07
EFT:1.0104241096782794e-05,2.122547334954209e-06,1.987322000788117e-05,0.499281670416237,6.935296550282277e-09,0.4992816704162441,2.6320519398807075e-09,0.0014041591461476227,9.805874310262393e-08,2.9238684013396224e-07
Random985
Raw:1.0104241096783009e-05,2.122547334954224e-06,1.987322000788131e-05,0.49928167041623345,6.935296550282327e-09,0.49928167041624766,2.6320519398807638e-09,0.0014041591461476327,9.805874310262601e-08,2.9238684013396436e-07
EFT:1.0104241096782794e-05,2.122547334954209e-06,1.987322000788117e-05,0.499281670416237,6.935296550282277e-09,0.4992816704162441,2.6320519398807075e-09,0.0014041591461476227,9.805874310262393e-08,2.9238684013396224e-07
Random986
Raw:1.0104241096782938e-05,2.122547334954209e-06,1.9873220007880885e-05,0.499281670416237,6.9352965502823754e-09,0.4992816704162441,2.6320519398807824e-09,0.0014041591461476227,9.805874310262532e-08,2.9238684013396637e-07
EFT:1.0104241096782794e-05,2.122547334954209e-06,1.987322000788117e-05,0.499281670416237,6.935296550282277e-09,0.4992816704162441,2.6320519398807075e-09,0.0014041591461476227,9.805874310262393e-08,2.9238684013396224e-07
Random987
Raw:1.0104241096782938e-05,2.122547334954239e-06,1.987322000788117e-05,0.499281670416237,6.935296550282277e-09,0.4992816704162441,2.632051939880745e-09,0.0014041591461476427,9.805874310262532e-08,2.9238684013396224e-07
EFT:1.0104241096782794e-05,2.122547334954209e-06,1.987322000788117e-05,0.499281670416237,6.935296550282277e-09,0.4992816704162441,2.6320519398807075e-09,0.0014041591461476227,9.805874310262393e-08,2.9238684013396224e-07
Random988
Raw:1.0104241096782938e-05,2.122547334954239e-06,1.987322000788117e-05,0.499281670416237,6.935296550282277e-09,0.4992816704162441,2.632051939880745e-09,0.0014041591461476427,9.805874310262532e-08,2.9238684013396224e-07
EFT:1.0104241096782794e-05,2.122547334954209e-06,1.987322000788117e-05,0.499281670416237,6.935296550282277e-09,0.4992816704162441,2.6320519398807075e-09,0.0014041591461476227,9.805874310262393e-08,2.9238684013396224e-07
Random989
Raw:1.0104241096782867e-05,2.122547334954224e-06,1.987322000788131e-05,0.49928167041624055,6.935296550282326e-09,0.49928167041624055,2.6320519398807265e-09,0.0014041591461476327,9.805874310262462e-08,2.923868401339643e-07
EFT:1.0104241096782794e-05,2.122547334954209e-06,1.987322000788117e-05,0.499281670416237,6.935296550282277e-09,0.4992816704162441,2.6320519398807075e-09,0.0014041591461476227,9.805874310262393e-08,2.9238684013396224e-07
Random990
Raw:1.0104241096782938e-05,2.122547334954239e-06,1.987322000788117e-05,0.499281670416237,6.935296550282277e-09,0.4992816704162441,2.632051939880745e-09,0.0014041591461476427,9.805874310262393e-08,2.9238684013396637e-07
EFT:1.0104241096782794e-05,2.122547334954209e-06,1.987322000788117e-05,0.499281670416237,6.935296550282277e-09,0.4992816704162441,2.6320519398807075e-09,0.0014041591461476227,9.805874310262393e-08,2.9238684013396224e-07
Random991
Raw:1.0104241096782867e-05,2.122547334954194e-06,1.9873220007881028e-05,0.49928167041624055,6.935296550282326e-09,0.49928167041624055,2.6320519398807265e-09,0.0014041591461476128,9.805874310262323e-08,2.923868401339643e-07
EFT:1.0104241096782794e-05,2.122547334954209e-06,1.987322000788117e-05,0.499281670416237,6.935296550282277e-09,0.4992816704162441,2.6320519398807075e-09,0.0014041591461476227,9.805874310262393e-08,2.9238684013396224e-07
Random992
Raw:1.0104241096782938e-05,2.122547334954239e-06,1.987322000788117e-05,0.499281670416237,6.935296550282277e-09,0.4992816704162441,2.632051939880745e-09,0.0014041591461476427,9.805874310262532e-08,2.9238684013396224e-07
EFT:1.0104241096782794e-05,2.122547334954209e-06,1.987322000788117e-05,0.499281670416237,6.935296550282277e-09,0.4992816704162441,2.6320519398807075e-09,0.0014041591461476227,9.805874310262393e-08,2.9238684013396224e-07
Random993
Raw:1.0104241096782938e-05,2.122547334954209e-06,1.987322000788117e-05,0.499281670416237,6.935296550282277e-09,0.4992816704162441,2.632051939880745e-09,0.0014041591461476227,9.805874310262532e-08,2.9238684013396224e-07
EFT:1.0104241096782794e-05,2.122547334954209e-06,1.987322000788117e-05,0.499281670416237,6.935296550282277e-09,0.4992816704162441,2.6320519398807075e-09,0.0014041591461476227,9.805874310262393e-08,2.9238684013396224e-07
Random994
Raw:1.0104241096782867e-05,2.122547334954224e-06,1.987322000788131e-05,0.49928167041624055,6.935296550282326e-09,0.49928167041624055,2.6320519398807265e-09,0.0014041591461476128,9.805874310262462e-08,2.923868401339643e-07
EFT:1.0104241096782794e-05,2.122547334954209e-06,1.987322000788117e-05,0.499281670416237,6.935296550282277e-09,0.4992816704162441,2.6320519398807075e-09,0.0014041591461476227,9.805874310262393e-08,2.9238684013396224e-07
Random995
Raw:1.0104241096782938e-05,2.122547334954209e-06,1.987322000788117e-05,0.499281670416237,6.9352965502823754e-09,0.4992816704162441,2.6320519398807824e-09,0.0014041591461476227,9.805874310262532e-08,2.9238684013396637e-07
EFT:1.0104241096782794e-05,2.122547334954209e-06,1.987322000788117e-05,0.499281670416237,6.935296550282277e-09,0.4992816704162441,2.6320519398807075e-09,0.0014041591461476227,9.805874310262393e-08,2.9238684013396224e-07
Random996
Raw:1.0104241096782794e-05,2.122547334954209e-06,1.987322000788117e-05,0.499281670416237,6.935296550282277e-09,0.4992816704162441,2.6320519398807075e-09,0.0014041591461476227,9.805874310262393e-08,2.9238684013396224e-07
EFT:1.0104241096782794e-05,2.122547334954209e-06,1.987322000788117e-05,0.499281670416237,6.935296550282277e-09,0.4992816704162441,2.6320519398807075e-09,0.0014041591461476227,9.805874310262393e-08,2.9238684013396224e-07
Random997
Raw:1.0104241096782938e-05,2.122547334954239e-06,1.987322000788117e-05,0.499281670416237,6.935296550282277e-09,0.4992816704162441,2.632051939880745e-09,0.0014041591461476427,9.805874310262532e-08,2.9238684013396224e-07
EFT:1.0104241096782794e-05,2.122547334954209e-06,1.987322000788117e-05,0.499281670416237,6.935296550282277e-09,0.4992816704162441,2.6320519398807075e-09,0.0014041591461476227,9.805874310262393e-08,2.9238684013396224e-07
Random998
Raw:1.0104241096783009e-05,2.122547334954224e-06,1.987322000788131e-05,0.49928167041623345,6.935296550282327e-09,0.49928167041624766,2.6320519398807638e-09,0.0014041591461476327,9.805874310262601e-08,2.9238684013396436e-07
EFT:1.0104241096782794e-05,2.122547334954209e-06,1.987322000788117e-05,0.499281670416237,6.935296550282277e-09,0.4992816704162441,2.6320519398807075e-09,0.0014041591461476227,9.805874310262393e-08,2.9238684013396224e-07
Random999
Raw:1.0104241096782938e-05,2.122547334954209e-06,1.987322000788117e-05,0.499281670416237,6.9352965502823754e-09,0.4992816704162441,2.632051939880745e-09,0.0014041591461476227,9.805874310262672e-08,2.9238684013396637e-07
EFT:1.0104241096782794e-05,2.122547334954209e-06,1.987322000788117e-05,0.499281670416237,6.935296550282277e-09,0.4992816704162441,2.6320519398807075e-09,0.0014041591461476227,9.805874310262393e-08,2.9238684013396224e-07
Random1000
Raw:1.0104241096782867e-05,2.122547334954224e-06,1.987322000788131e-05,0.49928167041624055,6.935296550282326e-09,0.49928167041624055,2.6320519398807265e-09,0.0014041591461476327,9.805874310262323e-08,2.923868401339643e-07
EFT:1.0104241096782794e-05,2.122547334954209e-06,1.987322000788117e-05,0.499281670416237,6.935296550282277e-09,0.4992816704162441,2.6320519398807075e-09,0.0014041591461476227,9.805874310262393e-08,2.9238684013396224e-07
Random1001
Raw:1.0104241096782867e-05,2.122547334954224e-06,1.987322000788131e-05,0.49928167041624055,6.935296550282326e-09,0.49928167041624055,2.6320519398807265e-09,0.0014041591461476327,9.805874310262602e-08,2.923868401339643e-07
EFT:1.0104241096782794e-05,2.122547334954209e-06,1.987322000788117e-05,0.499281670416237,6.935296550282277e-09,0.4992816704162441,2.6320519398807075e-09,0.0014041591461476227,9.805874310262393e-08,2.9238684013396224e-07
Random1002
Raw:1.0104241096782867e-05,2.122547334954194e-06,1.9873220007881028e-05,0.49928167041624055,6.935296550282228e-09,0.49928167041624055,2.632051939880689e-09,0.0014041591461476327,9.805874310262323e-08,2.923868401339602e-07
EFT:1.0104241096782794e-05,2.122547334954209e-06,1.987322000788117e-05,0.499281670416237,6.935296550282277e-09,0.4992816704162441,2.6320519398807075e-09,0.0014041591461476227,9.805874310262393e-08,2.9238684013396224e-07
Random1003
Raw:1.0104241096782938e-05,2.1225473349541788e-06,1.9873220007880885e-05,0.499281670416237,6.935296550282277e-09,0.4992816704162441,2.632051939880745e-09,0.0014041591461476026,9.805874310262532e-08,2.9238684013396224e-07
EFT:1.0104241096782794e-05,2.122547334954209e-06,1.987322000788117e-05,0.499281670416237,6.935296550282277e-09,0.4992816704162441,2.6320519398807075e-09,0.0014041591461476227,9.805874310262393e-08,2.9238684013396224e-07
Random1004
Raw:1.0104241096782938e-05,2.122547334954209e-06,1.987322000788117e-05,0.499281670416237,6.9352965502823754e-09,0.4992816704162441,2.632051939880745e-09,0.0014041591461476227,9.805874310262672e-08,2.9238684013396637e-07
EFT:1.0104241096782794e-05,2.122547334954209e-06,1.987322000788117e-05,0.499281670416237,6.935296550282277e-09,0.4992816704162441,2.6320519398807075e-09,0.0014041591461476227,9.805874310262393e-08,2.9238684013396224e-07
Random1005
Raw:1.0104241096782938e-05,2.122547334954209e-06,1.987322000788117e-05,0.499281670416237,6.9352965502823754e-09,0.4992816704162441,2.632051939880745e-09,0.0014041591461476227,9.805874310262393e-08,2.9238684013396637e-07
EFT:1.0104241096782794e-05,2.122547334954209e-06,1.987322000788117e-05,0.499281670416237,6.935296550282277e-09,0.4992816704162441,2.6320519398807075e-09,0.0014041591461476227,9.805874310262393e-08,2.9238684013396224e-07
Random1006
Raw:1.0104241096782865e-05,2.122547334954194e-06,1.9873220007881028e-05,0.49928167041623345,6.935296550282228e-09,0.49928167041624766,2.632051939880726e-09,0.0014041591461476327,9.805874310262462e-08,2.923868401339602e-07
EFT:1.0104241096782794e-05,2.122547334954209e-06,1.987322000788117e-05,0.499281670416237,6.935296550282277e-09,0.4992816704162441,2.6320519398807075e-09,0.0014041591461476227,9.805874310262393e-08,2.9238684013396224e-07
Random1007
Raw:1.0104241096782867e-05,2.122547334954224e-06,1.987322000788131e-05,0.49928167041624055,6.935296550282326e-09,0.49928167041624055,2.6320519398807265e-09,0.0014041591461476327,9.805874310262462e-08,2.923868401339643e-07
EFT:1.0104241096782794e-05,2.122547334954209e-06,1.987322000788117e-05,0.499281670416237,6.935296550282277e-09,0.4992816704162441,2.6320519398807075e-09,0.0014041591461476227,9.805874310262393e-08,2.9238684013396224e-07
Random1008
Raw:1.0104241096782938e-05,2.122547334954209e-06,1.987322000788117e-05,0.499281670416237,6.935296550282277e-09,0.4992816704162441,2.632051939880745e-09,0.0014041591461476227,9.805874310262532e-08,2.9238684013396224e-07
EFT:1.0104241096782794e-05,2.122547334954209e-06,1.987322000788117e-05,0.499281670416237,6.935296550282277e-09,0.4992816704162441,2.6320519398807075e-09,0.0014041591461476227,9.805874310262393e-08,2.9238684013396224e-07
Random1009
Raw:1.0104241096782794e-05,2.122547334954209e-06,1.987322000788117e-05,0.499281670416237,6.9352965502821786e-09,0.4992816704162441,2.632051939880745e-09,0.0014041591461476227,9.805874310262254e-08,2.9238684013396224e-07
EFT:1.0104241096782794e-05,2.122547334954209e-06,1.987322000788117e-05,0.499281670416237,6.935296550282277e-09,0.4992816704162441,2.6320519398807075e-09,0.0014041591461476227,9.805874310262393e-08,2.9238684013396224e-07
Random1010
Raw:1.0104241096782794e-05,2.122547334954209e-06,1.987322000788117e-05,0.4992816704162441,6.935296550282277e-09,0.499281670416237,2.6320519398807075e-09,0.0014041591461476227,9.805874310262393e-08,2.9238684013396224e-07
EFT:1.0104241096782794e-05,2.122547334954209e-06,1.987322000788117e-05,0.499281670416237,6.935296550282277e-09,0.4992816704162441,2.6320519398807075e-09,0.0014041591461476227,9.805874310262393e-08,2.9238684013396224e-07
Random1011
Raw:1.0104241096782938e-05,2.122547334954239e-06,1.987322000788145e-05,0.499281670416237,6.935296550282277e-09,0.4992816704162441,2.632051939880745e-09,0.0014041591461476427,9.805874310262532e-08,2.9238684013396224e-07
EFT:1.0104241096782794e-05,2.122547334954209e-06,1.987322000788117e-05,0.499281670416237,6.935296550282277e-09,0.4992816704162441,2.6320519398807075e-09,0.0014041591461476227,9.805874310262393e-08,2.9238684013396224e-07
Random1012
Raw:1.0104241096782938e-05,2.122547334954209e-06,1.987322000788117e-05,0.499281670416237,6.935296550282277e-09,0.4992816704162441,2.632051939880745e-09,0.0014041591461476227,9.805874310262393e-08,2.9238684013396637e-07
EFT:1.0104241096782794e-05,2.122547334954209e-06,1.987322000788117e-05,0.499281670416237,6.935296550282277e-09,0.4992816704162441,2.6320519398807075e-09,0.0014041591461476227,9.805874310262393e-08,2.9238684013396224e-07
Random1013
Raw:1.0104241096782865e-05,2.122547334954194e-06,1.9873220007881028e-05,0.49928167041623345,6.935296550282327e-09,0.49928167041624766,2.632051939880726e-09,0.0014041591461476126,9.805874310262462e-08,2.9238684013396436e-07
EFT:1.0104241096782794e-05,2.122547334954209e-06,1.987322000788117e-05,0.499281670416237,6.935296550282277e-09,0.4992816704162441,2.6320519398807075e-09,0.0014041591461476227,9.805874310262393e-08,2.9238684013396224e-07
Random1014
Raw:1.0104241096782938e-05,2.122547334954209e-06,1.987322000788117e-05,0.499281670416237,6.9352965502823754e-09,0.4992816704162441,2.632051939880745e-09,0.0014041591461476227,9.805874310262532e-08,2.9238684013396637e-07
EFT:1.0104241096782794e-05,2.122547334954209e-06,1.987322000788117e-05,0.499281670416237,6.935296550282277e-09,0.4992816704162441,2.6320519398807075e-09,0.0014041591461476227,9.805874310262393e-08,2.9238684013396224e-07
Random1015
Raw:1.0104241096782723e-05,2.122547334954194e-06,1.9873220007881028e-05,0.49928167041624055,6.935296550282228e-09,0.49928167041624055,2.6320519398806513e-09,0.0014041591461476327,9.805874310262323e-08,2.923868401339602e-07
EFT:1.0104241096782794e-05,2.122547334954209e-06,1.987322000788117e-05,0.499281670416237,6.935296550282277e-09,0.4992816704162441,2.6320519398807075e-09,0.0014041591461476227,9.805874310262393e-08,2.9238684013396224e-07
Random1016
Raw:1.0104241096782867e-05,2.122547334954224e-06,1.987322000788131e-05,0.49928167041624055,6.935296550282326e-09,0.49928167041624055,2.6320519398807265e-09,0.0014041591461476327,9.805874310262323e-08,2.923868401339643e-07
EFT:1.0104241096782794e-05,2.122547334954209e-06,1.987322000788117e-05,0.499281670416237,6.935296550282277e-09,0.4992816704162441,2.6320519398807075e-09,0.0014041591461476227,9.805874310262393e-08,2.9238684013396224e-07
Random1017
Raw:1.0104241096782938e-05,2.122547334954209e-06,1.987322000788117e-05,0.499281670416237,6.9352965502823754e-09,0.4992816704162441,2.632051939880745e-09,0.0014041591461476227,9.805874310262532e-08,2.9238684013396637e-07
EFT:1.0104241096782794e-05,2.122547334954209e-06,1.987322000788117e-05,0.499281670416237,6.935296550282277e-09,0.4992816704162441,2.6320519398807075e-09,0.0014041591461476227,9.805874310262393e-08,2.9238684013396224e-07
Random1018
Raw:1.0104241096782867e-05,2.122547334954224e-06,1.987322000788131e-05,0.49928167041624055,6.935296550282326e-09,0.49928167041624055,2.6320519398807265e-09,0.0014041591461476327,9.805874310262323e-08,2.923868401339643e-07
EFT:1.0104241096782794e-05,2.122547334954209e-06,1.987322000788117e-05,0.499281670416237,6.935296550282277e-09,0.4992816704162441,2.6320519398807075e-09,0.0014041591461476227,9.805874310262393e-08,2.9238684013396224e-07
Random1019
Raw:1.0104241096782865e-05,2.122547334954194e-06,1.9873220007881028e-05,0.49928167041623345,6.935296550282228e-09,0.49928167041624766,2.632051939880726e-09,0.0014041591461476327,9.805874310262324e-08,2.923868401339602e-07
EFT:1.0104241096782794e-05,2.122547334954209e-06,1.987322000788117e-05,0.499281670416237,6.935296550282277e-09,0.4992816704162441,2.6320519398807075e-09,0.0014041591461476227,9.805874310262393e-08,2.9238684013396224e-07
Random1020
Raw:1.0104241096783009e-05,2.122547334954224e-06,1.987322000788131e-05,0.49928167041623345,6.935296550282327e-09,0.49928167041624766,2.6320519398807638e-09,0.0014041591461476327,9.805874310262462e-08,2.923868401339685e-07
EFT:1.0104241096782794e-05,2.122547334954209e-06,1.987322000788117e-05,0.499281670416237,6.935296550282277e-09,0.4992816704162441,2.6320519398807075e-09,0.0014041591461476227,9.805874310262393e-08,2.9238684013396224e-07
Random1021
Raw:1.0104241096782867e-05,2.122547334954224e-06,1.987322000788131e-05,0.49928167041624055,6.935296550282326e-09,0.49928167041624055,2.6320519398807638e-09,0.0014041591461476128,9.805874310262462e-08,2.923868401339643e-07
EFT:1.0104241096782794e-05,2.122547334954209e-06,1.987322000788117e-05,0.499281670416237,6.935296550282277e-09,0.4992816704162441,2.6320519398807075e-09,0.0014041591461476227,9.805874310262393e-08,2.9238684013396224e-07
Random1022
Raw:1.0104241096782867e-05,2.122547334954224e-06,1.987322000788131e-05,0.49928167041624055,6.935296550282326e-09,0.49928167041624055,2.6320519398807265e-09,0.0014041591461476327,9.805874310262462e-08,2.923868401339643e-07
EFT:1.0104241096782794e-05,2.122547334954209e-06,1.987322000788117e-05,0.499281670416237,6.935296550282277e-09,0.4992816704162441,2.6320519398807075e-09,0.0014041591461476227,9.805874310262393e-08,2.9238684013396224e-07
Random1023
Raw:1.0104241096782938e-05,2.122547334954239e-06,1.987322000788117e-05,0.499281670416237,6.935296550282277e-09,0.4992816704162441,2.632051939880745e-09,0.0014041591461476427,9.805874310262393e-08,2.9238684013396637e-07
EFT:1.0104241096782794e-05,2.122547334954209e-06,1.987322000788117e-05,0.499281670416237,6.935296550282277e-09,0.4992816704162441,2.6320519398807075e-09,0.0014041591461476227,9.805874310262393e-08,2.9238684013396224e-07
Random1024
Raw:1.0104241096783009e-05,2.122547334954194e-06,1.9873220007881028e-05,0.49928167041623345,6.935296550282327e-09,0.49928167041624766,2.6320519398807638e-09,0.0014041591461476126,9.805874310262601e-08,2.9238684013396436e-07
EFT:1.0104241096782794e-05,2.122547334954209e-06,1.987322000788117e-05,0.499281670416237,6.935296550282277e-09,0.4992816704162441,2.6320519398807075e-09,0.0014041591461476227,9.805874310262393e-08,2.9238684013396224e-07
Random1025
Raw:1.0104241096783009e-05,2.122547334954194e-06,1.9873220007881028e-05,0.49928167041623345,6.935296550282327e-09,0.49928167041624766,2.6320519398807638e-09,0.0014041591461476327,9.805874310262462e-08,2.9238684013396436e-07
EFT:1.0104241096782794e-05,2.122547334954209e-06,1.987322000788117e-05,0.499281670416237,6.935296550282277e-09,0.4992816704162441,2.6320519398807075e-09,0.0014041591461476227,9.805874310262393e-08,2.9238684013396224e-07
Random1026
Raw:1.0104241096782867e-05,2.122547334954194e-06,1.9873220007881028e-05,0.49928167041624055,6.935296550282326e-09,0.49928167041624055,2.6320519398807265e-09,0.0014041591461476128,9.805874310262323e-08,2.923868401339643e-07
EFT:1.0104241096782794e-05,2.122547334954209e-06,1.987322000788117e-05,0.499281670416237,6.935296550282277e-09,0.4992816704162441,2.6320519398807075e-09,0.0014041591461476227,9.805874310262393e-08,2.9238684013396224e-07
Random1027
Raw:1.0104241096782867e-05,2.122547334954224e-06,1.987322000788131e-05,0.49928167041624055,6.935296550282326e-09,0.49928167041624055,2.6320519398807265e-09,0.0014041591461476128,9.805874310262462e-08,2.923868401339643e-07
EFT:1.0104241096782794e-05,2.122547334954209e-06,1.987322000788117e-05,0.499281670416237,6.935296550282277e-09,0.4992816704162441,2.6320519398807075e-09,0.0014041591461476227,9.805874310262393e-08,2.9238684013396224e-07
Random1028
Raw:1.0104241096783009e-05,2.122547334954194e-06,1.9873220007881028e-05,0.49928167041623345,6.935296550282327e-09,0.49928167041624766,2.6320519398807638e-09,0.0014041591461476327,9.805874310262462e-08,2.9238684013396436e-07
EFT:1.0104241096782794e-05,2.122547334954209e-06,1.987322000788117e-05,0.499281670416237,6.935296550282277e-09,0.4992816704162441,2.6320519398807075e-09,0.0014041591461476227,9.805874310262393e-08,2.9238684013396224e-07
Random1029
Raw:1.0104241096782938e-05,2.122547334954209e-06,1.9873220007880885e-05,0.499281670416237,6.935296550282277e-09,0.4992816704162441,2.632051939880745e-09,0.0014041591461476227,9.805874310262532e-08,2.9238684013396224e-07
EFT:1.0104241096782794e-05,2.122547334954209e-06,1.987322000788117e-05,0.499281670416237,6.935296550282277e-09,0.4992816704162441,2.6320519398807075e-09,0.0014041591461476227,9.805874310262393e-08,2.9238684013396224e-07
Random1030
Raw:1.0104241096782794e-05,2.122547334954209e-06,1.987322000788117e-05,0.499281670416237,6.935296550282277e-09,0.4992816704162441,2.632051939880745e-09,0.0014041591461476227,9.805874310262254e-08,2.9238684013396224e-07
EFT:1.0104241096782794e-05,2.122547334954209e-06,1.987322000788117e-05,0.499281670416237,6.935296550282277e-09,0.4992816704162441,2.6320519398807075e-09,0.0014041591461476227,9.805874310262393e-08,2.9238684013396224e-07
Random1031
Raw:1.0104241096782794e-05,2.1225473349541788e-06,1.9873220007880885e-05,0.499281670416237,6.935296550282277e-09,0.4992816704162441,2.632051939880745e-09,0.0014041591461476026,9.805874310262254e-08,2.9238684013396224e-07
EFT:1.0104241096782794e-05,2.122547334954209e-06,1.987322000788117e-05,0.499281670416237,6.935296550282277e-09,0.4992816704162441,2.6320519398807075e-09,0.0014041591461476227,9.805874310262393e-08,2.9238684013396224e-07
Random1032
Raw:1.0104241096782865e-05,2.122547334954194e-06,1.9873220007881028e-05,0.49928167041623345,6.935296550282327e-09,0.49928167041624766,2.632051939880726e-09,0.0014041591461476126,9.805874310262462e-08,2.9238684013396436e-07
EFT:1.0104241096782794e-05,2.122547334954209e-06,1.987322000788117e-05,0.499281670416237,6.935296550282277e-09,0.4992816704162441,2.6320519398807075e-09,0.0014041591461476227,9.805874310262393e-08,2.9238684013396224e-07
Random1033
Raw:1.0104241096782865e-05,2.122547334954194e-06,1.9873220007881028e-05,0.49928167041623345,6.935296550282327e-09,0.49928167041624766,2.632051939880726e-09,0.0014041591461476126,9.805874310262462e-08,2.9238684013396436e-07
EFT:1.0104241096782794e-05,2.122547334954209e-06,1.987322000788117e-05,0.499281670416237,6.935296550282277e-09,0.4992816704162441,2.6320519398807075e-09,0.0014041591461476227,9.805874310262393e-08,2.9238684013396224e-07
Random1034
Raw:1.0104241096782938e-05,2.122547334954209e-06,1.987322000788117e-05,0.499281670416237,6.9352965502823754e-09,0.4992816704162441,2.632051939880745e-09,0.0014041591461476227,9.805874310262393e-08,2.9238684013396637e-07
EFT:1.0104241096782794e-05,2.122547334954209e-06,1.987322000788117e-05,0.499281670416237,6.935296550282277e-09,0.4992816704162441,2.6320519398807075e-09,0.0014041591461476227,9.805874310262393e-08,2.9238684013396224e-07
Random1035
Raw:1.0104241096782938e-05,2.1225473349541788e-06,1.9873220007880885e-05,0.499281670416237,6.935296550282277e-09,0.4992816704162441,2.632051939880745e-09,0.0014041591461476026,9.805874310262532e-08,2.9238684013396224e-07
EFT:1.0104241096782794e-05,2.122547334954209e-06,1.987322000788117e-05,0.499281670416237,6.935296550282277e-09,0.4992816704162441,2.6320519398807075e-09,0.0014041591461476227,9.805874310262393e-08,2.9238684013396224e-07
Random1036
Raw:1.0104241096782938e-05,2.122547334954209e-06,1.987322000788117e-05,0.499281670416237,6.935296550282277e-09,0.4992816704162441,2.632051939880745e-09,0.0014041591461476227,9.805874310262532e-08,2.9238684013396224e-07
EFT:1.0104241096782794e-05,2.122547334954209e-06,1.987322000788117e-05,0.499281670416237,6.935296550282277e-09,0.4992816704162441,2.6320519398807075e-09,0.0014041591461476227,9.805874310262393e-08,2.9238684013396224e-07
Random1037
Raw:1.0104241096782938e-05,2.122547334954209e-06,1.9873220007880885e-05,0.499281670416237,6.935296550282277e-09,0.4992816704162441,2.632051939880745e-09,0.0014041591461476227,9.805874310262393e-08,2.9238684013396224e-07
EFT:1.0104241096782794e-05,2.122547334954209e-06,1.987322000788117e-05,0.499281670416237,6.935296550282277e-09,0.4992816704162441,2.6320519398807075e-09,0.0014041591461476227,9.805874310262393e-08,2.9238684013396224e-07
Random1038
Raw:1.0104241096782938e-05,2.122547334954209e-06,1.987322000788117e-05,0.499281670416237,6.9352965502823754e-09,0.4992816704162441,2.632051939880745e-09,0.0014041591461476227,9.805874310262393e-08,2.9238684013396637e-07
EFT:1.0104241096782794e-05,2.122547334954209e-06,1.987322000788117e-05,0.499281670416237,6.935296550282277e-09,0.4992816704162441,2.6320519398807075e-09,0.0014041591461476227,9.805874310262393e-08,2.9238684013396224e-07
Random1039
Raw:1.0104241096783009e-05,2.122547334954224e-06,1.9873220007881028e-05,0.49928167041623345,6.935296550282327e-09,0.49928167041624766,2.6320519398807638e-09,0.0014041591461476327,9.805874310262601e-08,2.9238684013396436e-07
EFT:1.0104241096782794e-05,2.122547334954209e-06,1.987322000788117e-05,0.499281670416237,6.935296550282277e-09,0.4992816704162441,2.6320519398807075e-09,0.0014041591461476227,9.805874310262393e-08,2.9238684013396224e-07
Random1040
Raw:1.0104241096782867e-05,2.122547334954224e-06,1.987322000788131e-05,0.49928167041624055,6.935296550282326e-09,0.49928167041624055,2.6320519398807265e-09,0.0014041591461476327,9.805874310262323e-08,2.923868401339643e-07
EFT:1.0104241096782794e-05,2.122547334954209e-06,1.987322000788117e-05,0.499281670416237,6.935296550282277e-09,0.4992816704162441,2.6320519398807075e-09,0.0014041591461476227,9.805874310262393e-08,2.9238684013396224e-07
Random1041
Raw:1.0104241096782794e-05,2.122547334954209e-06,1.987322000788117e-05,0.499281670416237,6.9352965502821786e-09,0.4992816704162441,2.6320519398807075e-09,0.0014041591461476026,9.805874310262393e-08,2.9238684013396224e-07
EFT:1.0104241096782794e-05,2.122547334954209e-06,1.987322000788117e-05,0.499281670416237,6.935296550282277e-09,0.4992816704162441,2.6320519398807075e-09,0.0014041591461476227,9.805874310262393e-08,2.9238684013396224e-07
Random1042
Raw:1.0104241096782938e-05,2.122547334954239e-06,1.987322000788117e-05,0.499281670416237,6.9352965502823754e-09,0.4992816704162441,2.6320519398807824e-09,0.0014041591461476227,9.805874310262532e-08,2.9238684013396637e-07
EFT:1.0104241096782794e-05,2.122547334954209e-06,1.987322000788117e-05,0.499281670416237,6.935296550282277e-09,0.4992816704162441,2.6320519398807075e-09,0.0014041591461476227,9.805874310262393e-08,2.9238684013396224e-07
Random1043
Raw:1.0104241096782865e-05,2.122547334954194e-06,1.9873220007881028e-05,0.49928167041623345,6.935296550282228e-09,0.49928167041624766,2.632051939880726e-09,0.0014041591461476327,9.805874310262462e-08,2.923868401339602e-07
EFT:1.0104241096782794e-05,2.122547334954209e-06,1.987322000788117e-05,0.499281670416237,6.935296550282277e-09,0.4992816704162441,2.6320519398807075e-09,0.0014041591461476227,9.805874310262393e-08,2.9238684013396224e-07
Random1044
Raw:1.0104241096782867e-05,2.122547334954224e-06,1.987322000788131e-05,0.49928167041624055,6.935296550282326e-09,0.49928167041624055,2.6320519398807265e-09,0.0014041591461476327,9.805874310262462e-08,2.923868401339643e-07
EFT:1.0104241096782794e-05,2.122547334954209e-06,1.987322000788117e-05,0.499281670416237,6.935296550282277e-09,0.4992816704162441,2.6320519398807075e-09,0.0014041591461476227,9.805874310262393e-08,2.9238684013396224e-07
Random1045
Raw:1.0104241096782723e-05,2.122547334954194e-06,1.9873220007881028e-05,0.49928167041624055,6.935296550282228e-09,0.49928167041624055,2.6320519398806513e-09,0.0014041591461476128,9.805874310262323e-08,2.923868401339602e-07
EFT:1.0104241096782794e-05,2.122547334954209e-06,1.987322000788117e-05,0.499281670416237,6.935296550282277e-09,0.4992816704162441,2.6320519398807075e-09,0.0014041591461476227,9.805874310262393e-08,2.9238684013396224e-07
Random1046
Raw:1.0104241096782938e-05,2.122547334954209e-06,1.987322000788117e-05,0.499281670416237,6.935296550282277e-09,0.4992816704162441,2.632051939880745e-09,0.0014041591461476427,9.805874310262393e-08,2.9238684013396224e-07
EFT:1.0104241096782794e-05,2.122547334954209e-06,1.987322000788117e-05,0.499281670416237,6.935296550282277e-09,0.4992816704162441,2.6320519398807075e-09,0.0014041591461476227,9.805874310262393e-08,2.9238684013396224e-07
Random1047
Raw:1.0104241096783009e-05,2.122547334954224e-06,1.9873220007881028e-05,0.49928167041623345,6.935296550282327e-09,0.49928167041624766,2.6320519398807638e-09,0.0014041591461476327,9.805874310262601e-08,2.9238684013396436e-07
EFT:1.0104241096782794e-05,2.122547334954209e-06,1.987322000788117e-05,0.499281670416237,6.935296550282277e-09,0.4992816704162441,2.6320519398807075e-09,0.0014041591461476227,9.805874310262393e-08,2.9238684013396224e-07
Random1048
Raw:1.0104241096782867e-05,2.122547334954194e-06,1.9873220007881028e-05,0.49928167041624055,6.935296550282228e-09,0.49928167041624055,2.632051939880689e-09,0.0014041591461476128,9.805874310262462e-08,2.923868401339602e-07
EFT:1.0104241096782794e-05,2.122547334954209e-06,1.987322000788117e-05,0.499281670416237,6.935296550282277e-09,0.4992816704162441,2.6320519398807075e-09,0.0014041591461476227,9.805874310262393e-08,2.9238684013396224e-07
Random1049
Raw:1.0104241096782938e-05,2.122547334954209e-06,1.9873220007880885e-05,0.499281670416237,6.935296550282277e-09,0.4992816704162441,2.632051939880745e-09,0.0014041591461476227,9.805874310262532e-08,2.9238684013396224e-07
EFT:1.0104241096782794e-05,2.122547334954209e-06,1.987322000788117e-05,0.499281670416237,6.935296550282277e-09,0.4992816704162441,2.6320519398807075e-09,0.0014041591461476227,9.805874310262393e-08,2.9238684013396224e-07
Random1050
Raw:1.0104241096782938e-05,2.122547334954209e-06,1.987322000788117e-05,0.499281670416237,6.935296550282277e-09,0.4992816704162441,2.632051939880745e-09,0.0014041591461476227,9.805874310262532e-08,2.9238684013396224e-07
EFT:1.0104241096782794e-05,2.122547334954209e-06,1.987322000788117e-05,0.499281670416237,6.935296550282277e-09,0.4992816704162441,2.6320519398807075e-09,0.0014041591461476227,9.805874310262393e-08,2.9238684013396224e-07
Random1051
Raw:1.0104241096783009e-05,2.122547334954224e-06,1.987322000788131e-05,0.49928167041623345,6.935296550282327e-09,0.49928167041624766,2.6320519398807638e-09,0.0014041591461476327,9.805874310262462e-08,2.923868401339685e-07
EFT:1.0104241096782794e-05,2.122547334954209e-06,1.987322000788117e-05,0.499281670416237,6.935296550282277e-09,0.4992816704162441,2.6320519398807075e-09,0.0014041591461476227,9.805874310262393e-08,2.9238684013396224e-07
Random1052
Raw:1.0104241096782938e-05,2.122547334954209e-06,1.987322000788117e-05,0.499281670416237,6.9352965502823754e-09,0.4992816704162441,2.632051939880745e-09,0.0014041591461476227,9.805874310262672e-08,2.9238684013396637e-07
EFT:1.0104241096782794e-05,2.122547334954209e-06,1.987322000788117e-05,0.499281670416237,6.935296550282277e-09,0.4992816704162441,2.6320519398807075e-09,0.0014041591461476227,9.805874310262393e-08,2.9238684013396224e-07
Random1053
Raw:1.010424109678301e-05,2.1225473349542546e-06,1.987322000788131e-05,0.49928167041624055,6.935296550282425e-09,0.49928167041624055,2.6320519398807638e-09,0.0014041591461476527,9.805874310262462e-08,2.923868401339643e-07
EFT:1.0104241096782794e-05,2.122547334954209e-06,1.987322000788117e-05,0.499281670416237,6.935296550282277e-09,0.4992816704162441,2.6320519398807075e-09,0.0014041591461476227,9.805874310262393e-08,2.9238684013396224e-07
Random1054
Raw:1.0104241096782794e-05,2.122547334954209e-06,1.9873220007880885e-05,0.499281670416237,6.9352965502821786e-09,0.4992816704162441,2.6320519398807075e-09,0.0014041591461476026,9.805874310262393e-08,2.9238684013396224e-07
EFT:1.0104241096782794e-05,2.122547334954209e-06,1.987322000788117e-05,0.499281670416237,6.935296550282277e-09,0.4992816704162441,2.6320519398807075e-09,0.0014041591461476227,9.805874310262393e-08,2.9238684013396224e-07
Random1055
Raw:1.0104241096782867e-05,2.122547334954224e-06,1.987322000788131e-05,0.49928167041624055,6.935296550282326e-09,0.49928167041624055,2.6320519398807265e-09,0.0014041591461476327,9.805874310262462e-08,2.923868401339643e-07
EFT:1.0104241096782794e-05,2.122547334954209e-06,1.987322000788117e-05,0.499281670416237,6.935296550282277e-09,0.4992816704162441,2.6320519398807075e-09,0.0014041591461476227,9.805874310262393e-08,2.9238684013396224e-07
Random1056
Raw:1.0104241096782938e-05,2.122547334954239e-06,1.987322000788145e-05,0.499281670416237,6.935296550282277e-09,0.4992816704162441,2.632051939880745e-09,0.0014041591461476427,9.805874310262532e-08,2.9238684013396224e-07
EFT:1.0104241096782794e-05,2.122547334954209e-06,1.987322000788117e-05,0.499281670416237,6.935296550282277e-09,0.4992816704162441,2.6320519398807075e-09,0.0014041591461476227,9.805874310262393e-08,2.9238684013396224e-07
Random1057
Raw:1.0104241096782794e-05,2.122547334954209e-06,1.9873220007880885e-05,0.499281670416237,6.935296550282277e-09,0.4992816704162441,2.6320519398807075e-09,0.0014041591461476026,9.805874310262393e-08,2.9238684013396224e-07
EFT:1.0104241096782794e-05,2.122547334954209e-06,1.987322000788117e-05,0.499281670416237,6.935296550282277e-09,0.4992816704162441,2.6320519398807075e-09,0.0014041591461476227,9.805874310262393e-08,2.9238684013396224e-07
Random1058
Raw:1.0104241096783009e-05,2.122547334954224e-06,1.987322000788131e-05,0.49928167041623345,6.935296550282327e-09,0.49928167041624766,2.632051939880801e-09,0.0014041591461476126,9.805874310262462e-08,2.923868401339685e-07
EFT:1.0104241096782794e-05,2.122547334954209e-06,1.987322000788117e-05,0.499281670416237,6.935296550282277e-09,0.4992816704162441,2.6320519398807075e-09,0.0014041591461476227,9.805874310262393e-08,2.9238684013396224e-07
Random1059
Raw:1.0104241096783009e-05,2.122547334954224e-06,1.987322000788131e-05,0.49928167041623345,6.935296550282327e-09,0.49928167041624766,2.6320519398807638e-09,0.0014041591461476327,9.805874310262462e-08,2.923868401339685e-07
EFT:1.0104241096782794e-05,2.122547334954209e-06,1.987322000788117e-05,0.499281670416237,6.935296550282277e-09,0.4992816704162441,2.6320519398807075e-09,0.0014041591461476227,9.805874310262393e-08,2.9238684013396224e-07
Random1060
Raw:1.0104241096782938e-05,2.122547334954209e-06,1.9873220007880885e-05,0.499281670416237,6.935296550282277e-09,0.4992816704162441,2.632051939880745e-09,0.0014041591461476227,9.805874310262532e-08,2.9238684013396224e-07
EFT:1.0104241096782794e-05,2.122547334954209e-06,1.987322000788117e-05,0.499281670416237,6.935296550282277e-09,0.4992816704162441,2.6320519398807075e-09,0.0014041591461476227,9.805874310262393e-08,2.9238684013396224e-07
Random1061
Raw:1.0104241096782938e-05,2.122547334954209e-06,1.987322000788117e-05,0.499281670416237,6.935296550282277e-09,0.4992816704162441,2.632051939880745e-09,0.0014041591461476427,9.805874310262393e-08,2.9238684013396224e-07
EFT:1.0104241096782794e-05,2.122547334954209e-06,1.987322000788117e-05,0.499281670416237,6.935296550282277e-09,0.4992816704162441,2.6320519398807075e-09,0.0014041591461476227,9.805874310262393e-08,2.9238684013396224e-07
Random1062
Raw:1.0104241096782794e-05,2.122547334954209e-06,1.987322000788117e-05,0.499281670416237,6.9352965502821786e-09,0.4992816704162441,2.6320519398807075e-09,0.0014041591461476227,9.805874310262393e-08,2.9238684013396224e-07
EFT:1.0104241096782794e-05,2.122547334954209e-06,1.987322000788117e-05,0.499281670416237,6.935296550282277e-09,0.4992816704162441,2.6320519398807075e-09,0.0014041591461476227,9.805874310262393e-08,2.9238684013396224e-07
Random1063
Raw:1.0104241096782938e-05,2.122547334954209e-06,1.987322000788117e-05,0.499281670416237,6.9352965502823754e-09,0.4992816704162441,2.632051939880745e-09,0.0014041591461476227,9.805874310262532e-08,2.9238684013396637e-07
EFT:1.0104241096782794e-05,2.122547334954209e-06,1.987322000788117e-05,0.499281670416237,6.935296550282277e-09,0.4992816704162441,2.6320519398807075e-09,0.0014041591461476227,9.805874310262393e-08,2.9238684013396224e-07
Random1064
Raw:1.0104241096782938e-05,2.122547334954239e-06,1.987322000788145e-05,0.499281670416237,6.935296550282277e-09,0.4992816704162441,2.632051939880745e-09,0.0014041591461476427,9.805874310262393e-08,2.9238684013396637e-07
EFT:1.0104241096782794e-05,2.122547334954209e-06,1.987322000788117e-05,0.499281670416237,6.935296550282277e-09,0.4992816704162441,2.6320519398807075e-09,0.0014041591461476227,9.805874310262393e-08,2.9238684013396224e-07
Random1065
Raw:1.0104241096782938e-05,2.122547334954239e-06,1.987322000788145e-05,0.499281670416237,6.935296550282277e-09,0.4992816704162441,2.632051939880745e-09,0.0014041591461476427,9.805874310262393e-08,2.9238684013396637e-07
EFT:1.0104241096782794e-05,2.122547334954209e-06,1.987322000788117e-05,0.499281670416237,6.935296550282277e-09,0.4992816704162441,2.6320519398807075e-09,0.0014041591461476227,9.805874310262393e-08,2.9238684013396224e-07
Random1066
Raw:1.0104241096783009e-05,2.122547334954224e-06,1.987322000788131e-05,0.49928167041623345,6.935296550282327e-09,0.49928167041624766,2.6320519398807638e-09,0.0014041591461476327,9.805874310262601e-08,2.9238684013396436e-07
EFT:1.0104241096782794e-05,2.122547334954209e-06,1.987322000788117e-05,0.499281670416237,6.935296550282277e-09,0.4992816704162441,2.6320519398807075e-09,0.0014041591461476227,9.805874310262393e-08,2.9238684013396224e-07
Random1067
Raw:1.0104241096782938e-05,2.122547334954209e-06,1.987322000788117e-05,0.499281670416237,6.935296550282277e-09,0.4992816704162441,2.632051939880745e-09,0.0014041591461476227,9.805874310262532e-08,2.9238684013396224e-07
EFT:1.0104241096782794e-05,2.122547334954209e-06,1.987322000788117e-05,0.499281670416237,6.935296550282277e-09,0.4992816704162441,2.6320519398807075e-09,0.0014041591461476227,9.805874310262393e-08,2.9238684013396224e-07
Random1068
Raw:1.0104241096782938e-05,2.122547334954209e-06,1.987322000788117e-05,0.499281670416237,6.935296550282277e-09,0.4992816704162441,2.632051939880745e-09,0.0014041591461476427,9.805874310262393e-08,2.9238684013396224e-07
EFT:1.0104241096782794e-05,2.122547334954209e-06,1.987322000788117e-05,0.499281670416237,6.935296550282277e-09,0.4992816704162441,2.6320519398807075e-09,0.0014041591461476227,9.805874310262393e-08,2.9238684013396224e-07
Random1069
Raw:1.0104241096782867e-05,2.122547334954224e-06,1.9873220007881028e-05,0.49928167041624055,6.935296550282326e-09,0.49928167041624055,2.6320519398807265e-09,0.0014041591461476128,9.805874310262462e-08,2.923868401339643e-07
EFT:1.0104241096782794e-05,2.122547334954209e-06,1.987322000788117e-05,0.499281670416237,6.935296550282277e-09,0.4992816704162441,2.6320519398807075e-09,0.0014041591461476227,9.805874310262393e-08,2.9238684013396224e-07
Random1070
Raw:1.0104241096782938e-05,2.122547334954209e-06,1.987322000788117e-05,0.499281670416237,6.9352965502823754e-09,0.4992816704162441,2.632051939880745e-09,0.0014041591461476227,9.805874310262532e-08,2.9238684013396637e-07
EFT:1.0104241096782794e-05,2.122547334954209e-06,1.987322000788117e-05,0.499281670416237,6.935296550282277e-09,0.4992816704162441,2.6320519398807075e-09,0.0014041591461476227,9.805874310262393e-08,2.9238684013396224e-07
Random1071
Raw:1.0104241096783009e-05,2.122547334954194e-06,1.9873220007881028e-05,0.49928167041623345,6.935296550282327e-09,0.49928167041624766,2.6320519398807638e-09,0.0014041591461476126,9.805874310262601e-08,2.9238684013396436e-07
EFT:1.0104241096782794e-05,2.122547334954209e-06,1.987322000788117e-05,0.499281670416237,6.935296550282277e-09,0.4992816704162441,2.6320519398807075e-09,0.0014041591461476227,9.805874310262393e-08,2.9238684013396224e-07
Random1072
Raw:1.0104241096783009e-05,2.122547334954224e-06,1.987322000788131e-05,0.49928167041623345,6.935296550282327e-09,0.49928167041624766,2.6320519398807638e-09,0.0014041591461476327,9.805874310262462e-08,2.923868401339685e-07
EFT:1.0104241096782794e-05,2.122547334954209e-06,1.987322000788117e-05,0.499281670416237,6.935296550282277e-09,0.4992816704162441,2.6320519398807075e-09,0.0014041591461476227,9.805874310262393e-08,2.9238684013396224e-07
Random1073
Raw:1.0104241096783009e-05,2.122547334954224e-06,1.987322000788131e-05,0.49928167041623345,6.935296550282327e-09,0.49928167041624766,2.6320519398807638e-09,0.0014041591461476327,9.805874310262601e-08,2.9238684013396436e-07
EFT:1.0104241096782794e-05,2.122547334954209e-06,1.987322000788117e-05,0.499281670416237,6.935296550282277e-09,0.4992816704162441,2.6320519398807075e-09,0.0014041591461476227,9.805874310262393e-08,2.9238684013396224e-07
Random1074
Raw:1.0104241096782867e-05,2.122547334954224e-06,1.9873220007881028e-05,0.49928167041624055,6.935296550282326e-09,0.49928167041624055,2.6320519398807265e-09,0.0014041591461476128,9.805874310262462e-08,2.923868401339643e-07
EFT:1.0104241096782794e-05,2.122547334954209e-06,1.987322000788117e-05,0.499281670416237,6.935296550282277e-09,0.4992816704162441,2.6320519398807075e-09,0.0014041591461476227,9.805874310262393e-08,2.9238684013396224e-07
Random1075
Raw:1.0104241096782938e-05,2.122547334954239e-06,1.987322000788145e-05,0.499281670416237,6.935296550282277e-09,0.4992816704162441,2.632051939880745e-09,0.0014041591461476427,9.805874310262393e-08,2.9238684013396637e-07
EFT:1.0104241096782794e-05,2.122547334954209e-06,1.987322000788117e-05,0.499281670416237,6.935296550282277e-09,0.4992816704162441,2.6320519398807075e-09,0.0014041591461476227,9.805874310262393e-08,2.9238684013396224e-07
Random1076
Raw:1.0104241096782938e-05,2.122547334954239e-06,1.9873220007880885e-05,0.499281670416237,6.935296550282277e-09,0.4992816704162441,2.632051939880745e-09,0.0014041591461476227,9.805874310262532e-08,2.9238684013396224e-07
EFT:1.0104241096782794e-05,2.122547334954209e-06,1.987322000788117e-05,0.499281670416237,6.935296550282277e-09,0.4992816704162441,2.6320519398807075e-09,0.0014041591461476227,9.805874310262393e-08,2.9238684013396224e-07
Random1077
Raw:1.0104241096783009e-05,2.122547334954194e-06,1.9873220007881028e-05,0.49928167041623345,6.935296550282327e-09,0.49928167041624766,2.6320519398807638e-09,0.0014041591461476126,9.805874310262601e-08,2.9238684013396436e-07
EFT:1.0104241096782794e-05,2.122547334954209e-06,1.987322000788117e-05,0.499281670416237,6.935296550282277e-09,0.4992816704162441,2.6320519398807075e-09,0.0014041591461476227,9.805874310262393e-08,2.9238684013396224e-07
Random1078
Raw:1.0104241096782938e-05,2.122547334954239e-06,1.987322000788145e-05,0.4992816704162441,6.9352965502823754e-09,0.499281670416237,2.632051939880745e-09,0.0014041591461476227,9.805874310262532e-08,2.9238684013396637e-07
EFT:1.0104241096782794e-05,2.122547334954209e-06,1.987322000788117e-05,0.499281670416237,6.935296550282277e-09,0.4992816704162441,2.6320519398807075e-09,0.0014041591461476227,9.805874310262393e-08,2.9238684013396224e-07
Random1079
Raw:1.0104241096783009e-05,2.122547334954224e-06,1.987322000788131e-05,0.49928167041623345,6.935296550282327e-09,0.49928167041624766,2.6320519398807638e-09,0.0014041591461476327,9.805874310262601e-08,2.9238684013396436e-07
EFT:1.0104241096782794e-05,2.122547334954209e-06,1.987322000788117e-05,0.499281670416237,6.935296550282277e-09,0.4992816704162441,2.6320519398807075e-09,0.0014041591461476227,9.805874310262393e-08,2.9238684013396224e-07
Random1080
Raw:1.0104241096782938e-05,2.122547334954209e-06,1.9873220007880885e-05,0.499281670416237,6.935296550282277e-09,0.4992816704162441,2.632051939880745e-09,0.0014041591461476227,9.805874310262393e-08,2.9238684013396224e-07
EFT:1.0104241096782794e-05,2.122547334954209e-06,1.987322000788117e-05,0.499281670416237,6.935296550282277e-09,0.4992816704162441,2.6320519398807075e-09,0.0014041591461476227,9.805874310262393e-08,2.9238684013396224e-07
Random1081
Raw:1.0104241096782938e-05,2.122547334954239e-06,1.9873220007880885e-05,0.499281670416237,6.935296550282277e-09,0.4992816704162441,2.632051939880745e-09,0.0014041591461476227,9.805874310262532e-08,2.9238684013396224e-07
EFT:1.0104241096782794e-05,2.122547334954209e-06,1.987322000788117e-05,0.499281670416237,6.935296550282277e-09,0.4992816704162441,2.6320519398807075e-09,0.0014041591461476227,9.805874310262393e-08,2.9238684013396224e-07
Random1082
Raw:1.0104241096783009e-05,2.122547334954224e-06,1.987322000788131e-05,0.49928167041623345,6.935296550282327e-09,0.49928167041624766,2.6320519398807638e-09,0.0014041591461476327,9.805874310262601e-08,2.9238684013396436e-07
EFT:1.0104241096782794e-05,2.122547334954209e-06,1.987322000788117e-05,0.499281670416237,6.935296550282277e-09,0.4992816704162441,2.6320519398807075e-09,0.0014041591461476227,9.805874310262393e-08,2.9238684013396224e-07
Random1083
Raw:1.0104241096783009e-05,2.122547334954194e-06,1.9873220007881028e-05,0.49928167041623345,6.935296550282327e-09,0.49928167041624766,2.6320519398807638e-09,0.0014041591461476327,9.805874310262462e-08,2.9238684013396436e-07
EFT:1.0104241096782794e-05,2.122547334954209e-06,1.987322000788117e-05,0.499281670416237,6.935296550282277e-09,0.4992816704162441,2.6320519398807075e-09,0.0014041591461476227,9.805874310262393e-08,2.9238684013396224e-07
Random1084
Raw:1.0104241096782938e-05,2.122547334954209e-06,1.987322000788117e-05,0.499281670416237,6.935296550282277e-09,0.4992816704162441,2.632051939880745e-09,0.0014041591461476227,9.805874310262532e-08,2.9238684013396224e-07
EFT:1.0104241096782794e-05,2.122547334954209e-06,1.987322000788117e-05,0.499281670416237,6.935296550282277e-09,0.4992816704162441,2.6320519398807075e-09,0.0014041591461476227,9.805874310262393e-08,2.9238684013396224e-07
Random1085
Raw:1.0104241096782867e-05,2.122547334954224e-06,1.9873220007881028e-05,0.49928167041624055,6.935296550282326e-09,0.49928167041624055,2.6320519398807265e-09,0.0014041591461476327,9.805874310262602e-08,2.923868401339643e-07
EFT:1.0104241096782794e-05,2.122547334954209e-06,1.987322000788117e-05,0.499281670416237,6.935296550282277e-09,0.4992816704162441,2.6320519398807075e-09,0.0014041591461476227,9.805874310262393e-08,2.9238684013396224e-07
Random1086
Raw:1.0104241096782794e-05,2.122547334954209e-06,1.987322000788117e-05,0.499281670416237,6.935296550282277e-09,0.4992816704162441,2.632051939880745e-09,0.0014041591461476227,9.805874310262254e-08,2.9238684013396224e-07
EFT:1.0104241096782794e-05,2.122547334954209e-06,1.987322000788117e-05,0.499281670416237,6.935296550282277e-09,0.4992816704162441,2.6320519398807075e-09,0.0014041591461476227,9.805874310262393e-08,2.9238684013396224e-07
Random1087
Raw:1.0104241096782794e-05,2.122547334954209e-06,1.987322000788117e-05,0.499281670416237,6.935296550282277e-09,0.4992816704162441,2.6320519398807075e-09,0.0014041591461476227,9.805874310262393e-08,2.9238684013396224e-07
EFT:1.0104241096782794e-05,2.122547334954209e-06,1.987322000788117e-05,0.499281670416237,6.935296550282277e-09,0.4992816704162441,2.6320519398807075e-09,0.0014041591461476227,9.805874310262393e-08,2.9238684013396224e-07
Random1088
Raw:1.0104241096782867e-05,2.122547334954224e-06,1.987322000788131e-05,0.49928167041624055,6.935296550282326e-09,0.49928167041624055,2.6320519398807638e-09,0.0014041591461476128,9.805874310262462e-08,2.923868401339643e-07
EFT:1.0104241096782794e-05,2.122547334954209e-06,1.987322000788117e-05,0.499281670416237,6.935296550282277e-09,0.4992816704162441,2.6320519398807075e-09,0.0014041591461476227,9.805874310262393e-08,2.9238684013396224e-07
Random1089
Raw:1.0104241096782938e-05,2.122547334954239e-06,1.987322000788117e-05,0.499281670416237,6.935296550282277e-09,0.4992816704162441,2.632051939880745e-09,0.0014041591461476227,9.805874310262532e-08,2.9238684013396224e-07
EFT:1.0104241096782794e-05,2.122547334954209e-06,1.987322000788117e-05,0.499281670416237,6.935296550282277e-09,0.4992816704162441,2.6320519398807075e-09,0.0014041591461476227,9.805874310262393e-08,2.9238684013396224e-07
Random1090
Raw:1.0104241096783082e-05,2.122547334954239e-06,1.987322000788145e-05,0.499281670416237,6.935296550282475e-09,0.4992816704162441,2.6320519398807824e-09,0.0014041591461476427,9.805874310262532e-08,2.9238684013396637e-07
EFT:1.0104241096782794e-05,2.122547334954209e-06,1.987322000788117e-05,0.499281670416237,6.935296550282277e-09,0.4992816704162441,2.6320519398807075e-09,0.0014041591461476227,9.805874310262393e-08,2.9238684013396224e-07
Random1091
Raw:1.0104241096782867e-05,2.1225473349542546e-06,1.9873220007881594e-05,0.49928167041624055,6.935296550282228e-09,0.49928167041624055,2.632051939880689e-09,0.0014041591461476527,9.805874310262323e-08,2.923868401339643e-07
EFT:1.0104241096782794e-05,2.122547334954209e-06,1.987322000788117e-05,0.499281670416237,6.935296550282277e-09,0.4992816704162441,2.6320519398807075e-09,0.0014041591461476227,9.805874310262393e-08,2.9238684013396224e-07
Random1092
Raw:1.010424109678301e-05,2.122547334954224e-06,1.987322000788131e-05,0.49928167041624055,6.935296550282425e-09,0.49928167041624055,2.6320519398807638e-09,0.0014041591461476327,9.805874310262602e-08,2.923868401339685e-07
EFT:1.0104241096782794e-05,2.122547334954209e-06,1.987322000788117e-05,0.499281670416237,6.935296550282277e-09,0.4992816704162441,2.6320519398807075e-09,0.0014041591461476227,9.805874310262393e-08,2.9238684013396224e-07
Random1093
Raw:1.0104241096782938e-05,2.122547334954239e-06,1.987322000788117e-05,0.499281670416237,6.935296550282277e-09,0.4992816704162441,2.632051939880745e-09,0.0014041591461476427,9.805874310262532e-08,2.9238684013396224e-07
EFT:1.0104241096782794e-05,2.122547334954209e-06,1.987322000788117e-05,0.499281670416237,6.935296550282277e-09,0.4992816704162441,2.6320519398807075e-09,0.0014041591461476227,9.805874310262393e-08,2.9238684013396224e-07
Random1094
Raw:1.0104241096782938e-05,2.122547334954209e-06,1.987322000788117e-05,0.499281670416237,6.9352965502823754e-09,0.4992816704162441,2.6320519398807824e-09,0.0014041591461476227,9.805874310262532e-08,2.9238684013396637e-07
EFT:1.0104241096782794e-05,2.122547334954209e-06,1.987322000788117e-05,0.499281670416237,6.935296550282277e-09,0.4992816704162441,2.6320519398807075e-09,0.0014041591461476227,9.805874310262393e-08,2.9238684013396224e-07
Random1095
Raw:1.0104241096782794e-05,2.122547334954209e-06,1.9873220007880885e-05,0.499281670416237,6.9352965502821786e-09,0.4992816704162441,2.6320519398807075e-09,0.0014041591461476026,9.805874310262393e-08,2.9238684013396224e-07
EFT:1.0104241096782794e-05,2.122547334954209e-06,1.987322000788117e-05,0.499281670416237,6.935296550282277e-09,0.4992816704162441,2.6320519398807075e-09,0.0014041591461476227,9.805874310262393e-08,2.9238684013396224e-07
Random1096
Raw:1.0104241096783009e-05,2.122547334954194e-06,1.9873220007881028e-05,0.49928167041623345,6.935296550282327e-09,0.49928167041624766,2.6320519398807638e-09,0.0014041591461476126,9.805874310262601e-08,2.9238684013396436e-07
EFT:1.0104241096782794e-05,2.122547334954209e-06,1.987322000788117e-05,0.499281670416237,6.935296550282277e-09,0.4992816704162441,2.6320519398807075e-09,0.0014041591461476227,9.805874310262393e-08,2.9238684013396224e-07
Random1097
Raw:1.0104241096782723e-05,2.122547334954194e-06,1.9873220007881028e-05,0.49928167041624055,6.93529655028213e-09,0.49928167041624055,2.632051939880689e-09,0.0014041591461476128,9.805874310262184e-08,2.923868401339602e-07
EFT:1.0104241096782794e-05,2.122547334954209e-06,1.987322000788117e-05,0.499281670416237,6.935296550282277e-09,0.4992816704162441,2.6320519398807075e-09,0.0014041591461476227,9.805874310262393e-08,2.9238684013396224e-07
Random1098
Raw:1.0104241096782867e-05,2.122547334954224e-06,1.987322000788131e-05,0.49928167041624055,6.935296550282326e-09,0.49928167041624055,2.6320519398807265e-09,0.0014041591461476327,9.805874310262462e-08,2.923868401339643e-07
EFT:1.0104241096782794e-05,2.122547334954209e-06,1.987322000788117e-05,0.499281670416237,6.935296550282277e-09,0.4992816704162441,2.6320519398807075e-09,0.0014041591461476227,9.805874310262393e-08,2.9238684013396224e-07
Random1099
Raw:1.0104241096782794e-05,2.122547334954209e-06,1.987322000788117e-05,0.499281670416237,6.9352965502821786e-09,0.4992816704162441,2.6320519398807075e-09,0.0014041591461476227,9.805874310262393e-08,2.9238684013396224e-07
EFT:1.0104241096782794e-05,2.122547334954209e-06,1.987322000788117e-05,0.499281670416237,6.935296550282277e-09,0.4992816704162441,2.6320519398807075e-09,0.0014041591461476227,9.805874310262393e-08,2.9238684013396224e-07
Random1100
Raw:1.0104241096783009e-05,2.122547334954224e-06,1.987322000788131e-05,0.49928167041623345,6.935296550282327e-09,0.49928167041624766,2.6320519398807638e-09,0.0014041591461476327,9.805874310262601e-08,2.9238684013396436e-07
EFT:1.0104241096782794e-05,2.122547334954209e-06,1.987322000788117e-05,0.499281670416237,6.935296550282277e-09,0.4992816704162441,2.6320519398807075e-09,0.0014041591461476227,9.805874310262393e-08,2.9238684013396224e-07
Random1101
Raw:1.0104241096782938e-05,2.122547334954209e-06,1.987322000788117e-05,0.499281670416237,6.935296550282277e-09,0.4992816704162441,2.632051939880745e-09,0.0014041591461476227,9.805874310262393e-08,2.9238684013396637e-07
EFT:1.0104241096782794e-05,2.122547334954209e-06,1.987322000788117e-05,0.499281670416237,6.935296550282277e-09,0.4992816704162441,2.6320519398807075e-09,0.0014041591461476227,9.805874310262393e-08,2.9238684013396224e-07
Random1102
Raw:1.0104241096782794e-05,2.122547334954209e-06,1.987322000788117e-05,0.499281670416237,6.9352965502821786e-09,0.4992816704162441,2.6320519398807075e-09,0.0014041591461476227,9.805874310262393e-08,2.9238684013396224e-07
EFT:1.0104241096782794e-05,2.122547334954209e-06,1.987322000788117e-05,0.499281670416237,6.935296550282277e-09,0.4992816704162441,2.6320519398807075e-09,0.0014041591461476227,9.805874310262393e-08,2.9238684013396224e-07
Random1103
Raw:1.0104241096782938e-05,2.1225473349541788e-06,1.9873220007880885e-05,0.499281670416237,6.935296550282277e-09,0.4992816704162441,2.632051939880745e-09,0.0014041591461476026,9.805874310262532e-08,2.9238684013396224e-07
EFT:1.0104241096782794e-05,2.122547334954209e-06,1.987322000788117e-05,0.499281670416237,6.935296550282277e-09,0.4992816704162441,2.6320519398807075e-09,0.0014041591461476227,9.805874310262393e-08,2.9238684013396224e-07
Random1104
Raw:1.0104241096782938e-05,2.122547334954209e-06,1.987322000788117e-05,0.499281670416237,6.9352965502823754e-09,0.4992816704162441,2.632051939880745e-09,0.0014041591461476227,9.805874310262393e-08,2.9238684013396637e-07
EFT:1.0104241096782794e-05,2.122547334954209e-06,1.987322000788117e-05,0.499281670416237,6.935296550282277e-09,0.4992816704162441,2.6320519398807075e-09,0.0014041591461476227,9.805874310262393e-08,2.9238684013396224e-07
Random1105
Raw:1.0104241096782867e-05,2.122547334954224e-06,1.987322000788131e-05,0.49928167041624055,6.935296550282326e-09,0.49928167041624055,2.6320519398807638e-09,0.0014041591461476327,9.805874310262462e-08,2.923868401339643e-07
EFT:1.0104241096782794e-05,2.122547334954209e-06,1.987322000788117e-05,0.499281670416237,6.935296550282277e-09,0.4992816704162441,2.6320519398807075e-09,0.0014041591461476227,9.805874310262393e-08,2.9238684013396224e-07
Random1106
Raw:1.0104241096782938e-05,2.1225473349541788e-06,1.9873220007880885e-05,0.499281670416237,6.935296550282277e-09,0.4992816704162441,2.632051939880745e-09,0.0014041591461476026,9.805874310262532e-08,2.9238684013396224e-07
EFT:1.0104241096782794e-05,2.122547334954209e-06,1.987322000788117e-05,0.499281670416237,6.935296550282277e-09,0.4992816704162441,2.6320519398807075e-09,0.0014041591461476227,9.805874310262393e-08,2.9238684013396224e-07
Random1107
Raw:1.0104241096783009e-05,2.122547334954194e-06,1.9873220007881028e-05,0.49928167041623345,6.935296550282327e-09,0.49928167041624766,2.6320519398807638e-09,0.0014041591461476126,9.805874310262601e-08,2.9238684013396436e-07
EFT:1.0104241096782794e-05,2.122547334954209e-06,1.987322000788117e-05,0.499281670416237,6.935296550282277e-09,0.4992816704162441,2.6320519398807075e-09,0.0014041591461476227,9.805874310262393e-08,2.9238684013396224e-07
Random1108
Raw:1.0104241096782867e-05,2.122547334954224e-06,1.987322000788131e-05,0.49928167041624055,6.935296550282326e-09,0.49928167041624055,2.6320519398807265e-09,0.0014041591461476327,9.805874310262602e-08,2.923868401339643e-07
EFT:1.0104241096782794e-05,2.122547334954209e-06,1.987322000788117e-05,0.499281670416237,6.935296550282277e-09,0.4992816704162441,2.6320519398807075e-09,0.0014041591461476227,9.805874310262393e-08,2.9238684013396224e-07
Random1109
Raw:1.0104241096782867e-05,2.122547334954224e-06,1.987322000788131e-05,0.49928167041624055,6.935296550282326e-09,0.49928167041624055,2.6320519398807265e-09,0.0014041591461476327,9.805874310262323e-08,2.923868401339643e-07
EFT:1.0104241096782794e-05,2.122547334954209e-06,1.987322000788117e-05,0.499281670416237,6.935296550282277e-09,0.4992816704162441,2.6320519398807075e-09,0.0014041591461476227,9.805874310262393e-08,2.9238684013396224e-07
Random1110
Raw:1.0104241096782938e-05,2.122547334954239e-06,1.987322000788145e-05,0.499281670416237,6.935296550282277e-09,0.4992816704162441,2.632051939880745e-09,0.0014041591461476427,9.805874310262393e-08,2.9238684013396637e-07
EFT:1.0104241096782794e-05,2.122547334954209e-06,1.987322000788117e-05,0.499281670416237,6.935296550282277e-09,0.4992816704162441,2.6320519398807075e-09,0.0014041591461476227,9.805874310262393e-08,2.9238684013396224e-07
Random1111
Raw:1.0104241096783009e-05,2.122547334954224e-06,1.9873220007881028e-05,0.49928167041623345,6.935296550282327e-09,0.49928167041624766,2.6320519398807638e-09,0.0014041591461476327,9.805874310262601e-08,2.9238684013396436e-07
EFT:1.0104241096782794e-05,2.122547334954209e-06,1.987322000788117e-05,0.499281670416237,6.935296550282277e-09,0.4992816704162441,2.6320519398807075e-09,0.0014041591461476227,9.805874310262393e-08,2.9238684013396224e-07
Random1112
Raw:1.0104241096783009e-05,2.122547334954194e-06,1.9873220007881028e-05,0.49928167041623345,6.935296550282327e-09,0.49928167041624766,2.6320519398807638e-09,0.0014041591461476126,9.805874310262601e-08,2.9238684013396436e-07
EFT:1.0104241096782794e-05,2.122547334954209e-06,1.987322000788117e-05,0.499281670416237,6.935296550282277e-09,0.4992816704162441,2.6320519398807075e-09,0.0014041591461476227,9.805874310262393e-08,2.9238684013396224e-07
Random1113
Raw:1.0104241096782794e-05,2.122547334954209e-06,1.987322000788117e-05,0.499281670416237,6.9352965502821786e-09,0.4992816704162441,2.632051939880745e-09,0.0014041591461476227,9.805874310262254e-08,2.9238684013396224e-07
EFT:1.0104241096782794e-05,2.122547334954209e-06,1.987322000788117e-05,0.499281670416237,6.935296550282277e-09,0.4992816704162441,2.6320519398807075e-09,0.0014041591461476227,9.805874310262393e-08,2.9238684013396224e-07
Random1114
Raw:1.0104241096782938e-05,2.1225473349541788e-06,1.9873220007880885e-05,0.499281670416237,6.935296550282277e-09,0.4992816704162441,2.632051939880745e-09,0.0014041591461476026,9.805874310262532e-08,2.9238684013396224e-07
EFT:1.0104241096782794e-05,2.122547334954209e-06,1.987322000788117e-05,0.499281670416237,6.935296550282277e-09,0.4992816704162441,2.6320519398807075e-09,0.0014041591461476227,9.805874310262393e-08,2.9238684013396224e-07
Random1115
Raw:1.0104241096782938e-05,2.122547334954209e-06,1.9873220007880885e-05,0.499281670416237,6.935296550282277e-09,0.4992816704162441,2.632051939880745e-09,0.0014041591461476227,9.805874310262393e-08,2.9238684013396224e-07
EFT:1.0104241096782794e-05,2.122547334954209e-06,1.987322000788117e-05,0.499281670416237,6.935296550282277e-09,0.4992816704162441,2.6320519398807075e-09,0.0014041591461476227,9.805874310262393e-08,2.9238684013396224e-07
Random1116
Raw:1.0104241096782938e-05,2.122547334954209e-06,1.987322000788117e-05,0.499281670416237,6.9352965502823754e-09,0.4992816704162441,2.6320519398807824e-09,0.0014041591461476227,9.805874310262532e-08,2.9238684013396637e-07
EFT:1.0104241096782794e-05,2.122547334954209e-06,1.987322000788117e-05,0.499281670416237,6.935296550282277e-09,0.4992816704162441,2.6320519398807075e-09,0.0014041591461476227,9.805874310262393e-08,2.9238684013396224e-07
Random1117
Raw:1.0104241096782938e-05,2.122547334954209e-06,1.987322000788117e-05,0.499281670416237,6.935296550282277e-09,0.4992816704162441,2.632051939880745e-09,0.0014041591461476227,9.805874310262532e-08,2.9238684013396224e-07
EFT:1.0104241096782794e-05,2.122547334954209e-06,1.987322000788117e-05,0.499281670416237,6.935296550282277e-09,0.4992816704162441,2.6320519398807075e-09,0.0014041591461476227,9.805874310262393e-08,2.9238684013396224e-07
Random1118
Raw:1.0104241096782938e-05,2.122547334954209e-06,1.987322000788117e-05,0.499281670416237,6.9352965502823754e-09,0.4992816704162441,2.632051939880745e-09,0.0014041591461476227,9.805874310262532e-08,2.9238684013396637e-07
EFT:1.0104241096782794e-05,2.122547334954209e-06,1.987322000788117e-05,0.499281670416237,6.935296550282277e-09,0.4992816704162441,2.6320519398807075e-09,0.0014041591461476227,9.805874310262393e-08,2.9238684013396224e-07
Random1119
Raw:1.0104241096783009e-05,2.122547334954224e-06,1.987322000788131e-05,0.49928167041623345,6.935296550282327e-09,0.49928167041624766,2.6320519398807638e-09,0.0014041591461476327,9.805874310262601e-08,2.9238684013396436e-07
EFT:1.0104241096782794e-05,2.122547334954209e-06,1.987322000788117e-05,0.499281670416237,6.935296550282277e-09,0.4992816704162441,2.6320519398807075e-09,0.0014041591461476227,9.805874310262393e-08,2.9238684013396224e-07
Random1120
Raw:1.0104241096782867e-05,2.122547334954224e-06,1.987322000788131e-05,0.49928167041624055,6.935296550282326e-09,0.49928167041624055,2.6320519398807265e-09,0.0014041591461476128,9.805874310262462e-08,2.923868401339643e-07
EFT:1.0104241096782794e-05,2.122547334954209e-06,1.987322000788117e-05,0.499281670416237,6.935296550282277e-09,0.4992816704162441,2.6320519398807075e-09,0.0014041591461476227,9.805874310262393e-08,2.9238684013396224e-07
Random1121
Raw:1.0104241096783009e-05,2.122547334954224e-06,1.9873220007881028e-05,0.49928167041623345,6.935296550282327e-09,0.49928167041624766,2.6320519398807638e-09,0.0014041591461476327,9.805874310262601e-08,2.9238684013396436e-07
EFT:1.0104241096782794e-05,2.122547334954209e-06,1.987322000788117e-05,0.499281670416237,6.935296550282277e-09,0.4992816704162441,2.6320519398807075e-09,0.0014041591461476227,9.805874310262393e-08,2.9238684013396224e-07
Random1122
Raw:1.0104241096783082e-05,2.122547334954239e-06,1.9873220007880885e-05,0.4992816704162299,6.9352965502823754e-09,0.49928167041625116,2.6320519398808196e-09,0.0014041591461476225,9.805874310262671e-08,2.923868401339664e-07
EFT:1.0104241096782794e-05,2.122547334954209e-06,1.987322000788117e-05,0.499281670416237,6.935296550282277e-09,0.4992816704162441,2.6320519398807075e-09,0.0014041591461476227,9.805874310262393e-08,2.9238684013396224e-07
Random1123
Raw:1.0104241096782867e-05,2.122547334954224e-06,1.9873220007881028e-05,0.49928167041624055,6.935296550282326e-09,0.49928167041624055,2.6320519398807265e-09,0.0014041591461476327,9.805874310262323e-08,2.923868401339643e-07
EFT:1.0104241096782794e-05,2.122547334954209e-06,1.987322000788117e-05,0.499281670416237,6.935296550282277e-09,0.4992816704162441,2.6320519398807075e-09,0.0014041591461476227,9.805874310262393e-08,2.9238684013396224e-07
Random1124
Raw:1.0104241096782938e-05,2.122547334954209e-06,1.987322000788117e-05,0.499281670416237,6.935296550282277e-09,0.4992816704162441,2.632051939880745e-09,0.0014041591461476427,9.805874310262393e-08,2.9238684013396224e-07
EFT:1.0104241096782794e-05,2.122547334954209e-06,1.987322000788117e-05,0.499281670416237,6.935296550282277e-09,0.4992816704162441,2.6320519398807075e-09,0.0014041591461476227,9.805874310262393e-08,2.9238684013396224e-07
Random1125
Raw:1.0104241096782865e-05,2.122547334954194e-06,1.9873220007881028e-05,0.49928167041623345,6.935296550282327e-09,0.49928167041624766,2.6320519398807638e-09,0.0014041591461476126,9.805874310262324e-08,2.9238684013396436e-07
EFT:1.0104241096782794e-05,2.122547334954209e-06,1.987322000788117e-05,0.499281670416237,6.935296550282277e-09,0.4992816704162441,2.6320519398807075e-09,0.0014041591461476227,9.805874310262393e-08,2.9238684013396224e-07
Random1126
Raw:1.0104241096782794e-05,2.122547334954209e-06,1.987322000788117e-05,0.4992816704162441,6.935296550282277e-09,0.499281670416237,2.6320519398807075e-09,0.0014041591461476227,9.805874310262393e-08,2.9238684013396224e-07
EFT:1.0104241096782794e-05,2.122547334954209e-06,1.987322000788117e-05,0.499281670416237,6.935296550282277e-09,0.4992816704162441,2.6320519398807075e-09,0.0014041591461476227,9.805874310262393e-08,2.9238684013396224e-07
Random1127
Raw:1.0104241096782938e-05,2.122547334954209e-06,1.987322000788117e-05,0.499281670416237,6.9352965502823754e-09,0.4992816704162441,2.632051939880745e-09,0.0014041591461476227,9.805874310262532e-08,2.9238684013396637e-07
EFT:1.0104241096782794e-05,2.122547334954209e-06,1.987322000788117e-05,0.499281670416237,6.935296550282277e-09,0.4992816704162441,2.6320519398807075e-09,0.0014041591461476227,9.805874310262393e-08,2.9238684013396224e-07
Random1128
Raw:1.0104241096782938e-05,2.122547334954209e-06,1.987322000788117e-05,0.499281670416237,6.9352965502823754e-09,0.4992816704162441,2.632051939880745e-09,0.0014041591461476227,9.805874310262532e-08,2.9238684013396637e-07
EFT:1.0104241096782794e-05,2.122547334954209e-06,1.987322000788117e-05,0.499281670416237,6.935296550282277e-09,0.4992816704162441,2.6320519398807075e-09,0.0014041591461476227,9.805874310262393e-08,2.9238684013396224e-07
Random1129
Raw:1.0104241096782867e-05,2.122547334954224e-06,1.987322000788131e-05,0.49928167041624055,6.935296550282326e-09,0.49928167041624055,2.6320519398807265e-09,0.0014041591461476327,9.805874310262462e-08,2.923868401339643e-07
EFT:1.0104241096782794e-05,2.122547334954209e-06,1.987322000788117e-05,0.499281670416237,6.935296550282277e-09,0.4992816704162441,2.6320519398807075e-09,0.0014041591461476227,9.805874310262393e-08,2.9238684013396224e-07
Random1130
Raw:1.0104241096782794e-05,2.122547334954209e-06,1.987322000788117e-05,0.499281670416237,6.935296550282277e-09,0.4992816704162441,2.6320519398807075e-09,0.0014041591461476026,9.805874310262393e-08,2.9238684013396224e-07
EFT:1.0104241096782794e-05,2.122547334954209e-06,1.987322000788117e-05,0.499281670416237,6.935296550282277e-09,0.4992816704162441,2.6320519398807075e-09,0.0014041591461476227,9.805874310262393e-08,2.9238684013396224e-07
Random1131
Raw:1.0104241096782794e-05,2.122547334954209e-06,1.987322000788117e-05,0.499281670416237,6.935296550282277e-09,0.4992816704162441,2.6320519398807075e-09,0.0014041591461476026,9.805874310262393e-08,2.9238684013396224e-07
EFT:1.0104241096782794e-05,2.122547334954209e-06,1.987322000788117e-05,0.499281670416237,6.935296550282277e-09,0.4992816704162441,2.6320519398807075e-09,0.0014041591461476227,9.805874310262393e-08,2.9238684013396224e-07
Random1132
Raw:1.0104241096782867e-05,2.122547334954224e-06,1.987322000788131e-05,0.49928167041624055,6.935296550282326e-09,0.49928167041624055,2.6320519398807265e-09,0.0014041591461476128,9.805874310262462e-08,2.923868401339643e-07
EFT:1.0104241096782794e-05,2.122547334954209e-06,1.987322000788117e-05,0.499281670416237,6.935296550282277e-09,0.4992816704162441,2.6320519398807075e-09,0.0014041591461476227,9.805874310262393e-08,2.9238684013396224e-07
Random1133
Raw:1.0104241096782938e-05,2.122547334954239e-06,1.987322000788117e-05,0.499281670416237,6.935296550282277e-09,0.4992816704162441,2.632051939880745e-09,0.0014041591461476427,9.805874310262393e-08,2.9238684013396637e-07
EFT:1.0104241096782794e-05,2.122547334954209e-06,1.987322000788117e-05,0.499281670416237,6.935296550282277e-09,0.4992816704162441,2.6320519398807075e-09,0.0014041591461476227,9.805874310262393e-08,2.9238684013396224e-07
Random1134
Raw:1.0104241096782867e-05,2.122547334954194e-06,1.9873220007881028e-05,0.49928167041624055,6.935296550282326e-09,0.49928167041624055,2.6320519398807265e-09,0.0014041591461476128,9.805874310262602e-08,2.923868401339643e-07
EFT:1.0104241096782794e-05,2.122547334954209e-06,1.987322000788117e-05,0.499281670416237,6.935296550282277e-09,0.4992816704162441,2.6320519398807075e-09,0.0014041591461476227,9.805874310262393e-08,2.9238684013396224e-07
Random1135
Raw:1.0104241096782938e-05,2.122547334954209e-06,1.987322000788117e-05,0.499281670416237,6.9352965502823754e-09,0.4992816704162441,2.632051939880745e-09,0.0014041591461476227,9.805874310262393e-08,2.9238684013396637e-07
EFT:1.0104241096782794e-05,2.122547334954209e-06,1.987322000788117e-05,0.499281670416237,6.935296550282277e-09,0.4992816704162441,2.6320519398807075e-09,0.0014041591461476227,9.805874310262393e-08,2.9238684013396224e-07
Random1136
Raw:1.0104241096782938e-05,2.122547334954239e-06,1.9873220007880885e-05,0.499281670416237,6.935296550282277e-09,0.4992816704162441,2.632051939880745e-09,0.0014041591461476227,9.805874310262532e-08,2.9238684013396224e-07
EFT:1.0104241096782794e-05,2.122547334954209e-06,1.987322000788117e-05,0.499281670416237,6.935296550282277e-09,0.4992816704162441,2.6320519398807075e-09,0.0014041591461476227,9.805874310262393e-08,2.9238684013396224e-07
Random1137
Raw:1.0104241096782794e-05,2.122547334954209e-06,1.987322000788117e-05,0.499281670416237,6.935296550282277e-09,0.4992816704162441,2.6320519398807075e-09,0.0014041591461476227,9.805874310262393e-08,2.9238684013396224e-07
EFT:1.0104241096782794e-05,2.122547334954209e-06,1.987322000788117e-05,0.499281670416237,6.935296550282277e-09,0.4992816704162441,2.6320519398807075e-09,0.0014041591461476227,9.805874310262393e-08,2.9238684013396224e-07
Random1138
Raw:1.0104241096782938e-05,2.122547334954239e-06,1.9873220007880885e-05,0.499281670416237,6.935296550282277e-09,0.4992816704162441,2.632051939880745e-09,0.0014041591461476227,9.805874310262532e-08,2.9238684013396224e-07
EFT:1.0104241096782794e-05,2.122547334954209e-06,1.987322000788117e-05,0.499281670416237,6.935296550282277e-09,0.4992816704162441,2.6320519398807075e-09,0.0014041591461476227,9.805874310262393e-08,2.9238684013396224e-07
Random1139
Raw:1.0104241096782794e-05,2.122547334954209e-06,1.987322000788117e-05,0.499281670416237,6.935296550282277e-09,0.4992816704162441,2.6320519398807075e-09,0.0014041591461476227,9.805874310262393e-08,2.9238684013396224e-07
EFT:1.0104241096782794e-05,2.122547334954209e-06,1.987322000788117e-05,0.499281670416237,6.935296550282277e-09,0.4992816704162441,2.6320519398807075e-09,0.0014041591461476227,9.805874310262393e-08,2.9238684013396224e-07
Random1140
Raw:1.0104241096782938e-05,2.122547334954239e-06,1.987322000788145e-05,0.499281670416237,6.9352965502823754e-09,0.4992816704162441,2.632051939880745e-09,0.0014041591461476427,9.805874310262532e-08,2.9238684013396637e-07
EFT:1.0104241096782794e-05,2.122547334954209e-06,1.987322000788117e-05,0.499281670416237,6.935296550282277e-09,0.4992816704162441,2.6320519398807075e-09,0.0014041591461476227,9.805874310262393e-08,2.9238684013396224e-07
Random1141
Raw:1.0104241096782723e-05,2.122547334954194e-06,1.9873220007881028e-05,0.49928167041624055,6.935296550282228e-09,0.49928167041624055,2.6320519398806513e-09,0.0014041591461476128,9.805874310262323e-08,2.923868401339602e-07
EFT:1.0104241096782794e-05,2.122547334954209e-06,1.987322000788117e-05,0.499281670416237,6.935296550282277e-09,0.4992816704162441,2.6320519398807075e-09,0.0014041591461476227,9.805874310262393e-08,2.9238684013396224e-07
Random1142
Raw:1.0104241096782938e-05,2.122547334954239e-06,1.9873220007880885e-05,0.499281670416237,6.935296550282277e-09,0.4992816704162441,2.632051939880745e-09,0.0014041591461476227,9.805874310262532e-08,2.9238684013396224e-07
EFT:1.0104241096782794e-05,2.122547334954209e-06,1.987322000788117e-05,0.499281670416237,6.935296550282277e-09,0.4992816704162441,2.6320519398807075e-09,0.0014041591461476227,9.805874310262393e-08,2.9238684013396224e-07
Random1143
Raw:1.0104241096782867e-05,2.1225473349542546e-06,1.987322000788131e-05,0.49928167041624055,6.935296550282326e-09,0.49928167041624055,2.6320519398807638e-09,0.0014041591461476327,9.805874310262462e-08,2.923868401339643e-07
EFT:1.0104241096782794e-05,2.122547334954209e-06,1.987322000788117e-05,0.499281670416237,6.935296550282277e-09,0.4992816704162441,2.6320519398807075e-09,0.0014041591461476227,9.805874310262393e-08,2.9238684013396224e-07
Random1144
Raw:1.0104241096782794e-05,2.122547334954209e-06,1.987322000788117e-05,0.499281670416237,6.9352965502821786e-09,0.4992816704162441,2.6320519398807075e-09,0.0014041591461476026,9.805874310262393e-08,2.9238684013396224e-07
EFT:1.0104241096782794e-05,2.122547334954209e-06,1.987322000788117e-05,0.499281670416237,6.935296550282277e-09,0.4992816704162441,2.6320519398807075e-09,0.0014041591461476227,9.805874310262393e-08,2.9238684013396224e-07
Random1145
Raw:1.0104241096782938e-05,2.122547334954239e-06,1.987322000788117e-05,0.499281670416237,6.935296550282277e-09,0.4992816704162441,2.632051939880745e-09,0.0014041591461476427,9.805874310262393e-08,2.9238684013396637e-07
EFT:1.0104241096782794e-05,2.122547334954209e-06,1.987322000788117e-05,0.499281670416237,6.935296550282277e-09,0.4992816704162441,2.6320519398807075e-09,0.0014041591461476227,9.805874310262393e-08,2.9238684013396224e-07
Random1146
Raw:1.0104241096782938e-05,2.122547334954209e-06,1.987322000788117e-05,0.499281670416237,6.9352965502823754e-09,0.4992816704162441,2.632051939880745e-09,0.0014041591461476227,9.805874310262393e-08,2.9238684013396637e-07
EFT:1.0104241096782794e-05,2.122547334954209e-06,1.987322000788117e-05,0.499281670416237,6.935296550282277e-09,0.4992816704162441,2.6320519398807075e-09,0.0014041591461476227,9.805874310262393e-08,2.9238684013396224e-07
Random1147
Raw:1.0104241096782867e-05,2.122547334954194e-06,1.9873220007881028e-05,0.49928167041624055,6.935296550282326e-09,0.49928167041624055,2.6320519398807265e-09,0.0014041591461476128,9.805874310262323e-08,2.923868401339643e-07
EFT:1.0104241096782794e-05,2.122547334954209e-06,1.987322000788117e-05,0.499281670416237,6.935296550282277e-09,0.4992816704162441,2.6320519398807075e-09,0.0014041591461476227,9.805874310262393e-08,2.9238684013396224e-07
Random1148
Raw:1.0104241096782938e-05,2.122547334954209e-06,1.987322000788117e-05,0.499281670416237,6.935296550282277e-09,0.4992816704162441,2.632051939880745e-09,0.0014041591461476427,9.805874310262393e-08,2.9238684013396224e-07
EFT:1.0104241096782794e-05,2.122547334954209e-06,1.987322000788117e-05,0.499281670416237,6.935296550282277e-09,0.4992816704162441,2.6320519398807075e-09,0.0014041591461476227,9.805874310262393e-08,2.9238684013396224e-07
Random1149
Raw:1.0104241096783009e-05,2.122547334954194e-06,1.9873220007881028e-05,0.49928167041623345,6.935296550282327e-09,0.49928167041624766,2.6320519398807638e-09,0.0014041591461476327,9.805874310262462e-08,2.9238684013396436e-07
EFT:1.0104241096782794e-05,2.122547334954209e-06,1.987322000788117e-05,0.499281670416237,6.935296550282277e-09,0.4992816704162441,2.6320519398807075e-09,0.0014041591461476227,9.805874310262393e-08,2.9238684013396224e-07
Random1150
Raw:1.0104241096783009e-05,2.122547334954224e-06,1.987322000788131e-05,0.49928167041623345,6.935296550282327e-09,0.49928167041624766,2.6320519398807638e-09,0.0014041591461476327,9.805874310262462e-08,2.923868401339685e-07
EFT:1.0104241096782794e-05,2.122547334954209e-06,1.987322000788117e-05,0.499281670416237,6.935296550282277e-09,0.4992816704162441,2.6320519398807075e-09,0.0014041591461476227,9.805874310262393e-08,2.9238684013396224e-07
Random1151
Raw:1.0104241096782938e-05,2.122547334954209e-06,1.987322000788117e-05,0.499281670416237,6.935296550282277e-09,0.4992816704162441,2.632051939880745e-09,0.0014041591461476427,9.805874310262393e-08,2.9238684013396224e-07
EFT:1.0104241096782794e-05,2.122547334954209e-06,1.987322000788117e-05,0.499281670416237,6.935296550282277e-09,0.4992816704162441,2.6320519398807075e-09,0.0014041591461476227,9.805874310262393e-08,2.9238684013396224e-07
Random1152
Raw:1.010424109678301e-05,2.122547334954224e-06,1.987322000788131e-05,0.49928167041624055,6.935296550282425e-09,0.49928167041624055,2.6320519398807638e-09,0.0014041591461476327,9.805874310262602e-08,2.923868401339685e-07
EFT:1.0104241096782794e-05,2.122547334954209e-06,1.987322000788117e-05,0.499281670416237,6.935296550282277e-09,0.4992816704162441,2.6320519398807075e-09,0.0014041591461476227,9.805874310262393e-08,2.9238684013396224e-07
Random1153
Raw:1.0104241096782938e-05,2.122547334954209e-06,1.987322000788117e-05,0.499281670416237,6.9352965502823754e-09,0.4992816704162441,2.6320519398807824e-09,0.0014041591461476227,9.805874310262532e-08,2.9238684013396637e-07
EFT:1.0104241096782794e-05,2.122547334954209e-06,1.987322000788117e-05,0.499281670416237,6.935296550282277e-09,0.4992816704162441,2.6320519398807075e-09,0.0014041591461476227,9.805874310262393e-08,2.9238684013396224e-07
Random1154
Raw:1.0104241096782938e-05,2.1225473349541788e-06,1.9873220007880885e-05,0.499281670416237,6.935296550282277e-09,0.4992816704162441,2.632051939880745e-09,0.0014041591461476026,9.805874310262532e-08,2.9238684013396224e-07
EFT:1.0104241096782794e-05,2.122547334954209e-06,1.987322000788117e-05,0.499281670416237,6.935296550282277e-09,0.4992816704162441,2.6320519398807075e-09,0.0014041591461476227,9.805874310262393e-08,2.9238684013396224e-07
Random1155
Raw:1.0104241096782867e-05,2.122547334954224e-06,1.9873220007881028e-05,0.49928167041624055,6.935296550282326e-09,0.49928167041624055,2.6320519398807638e-09,0.0014041591461476128,9.805874310262462e-08,2.923868401339643e-07
EFT:1.0104241096782794e-05,2.122547334954209e-06,1.987322000788117e-05,0.499281670416237,6.935296550282277e-09,0.4992816704162441,2.6320519398807075e-09,0.0014041591461476227,9.805874310262393e-08,2.9238684013396224e-07
Random1156
Raw:1.0104241096782867e-05,2.122547334954194e-06,1.9873220007881028e-05,0.49928167041624055,6.935296550282326e-09,0.49928167041624055,2.6320519398807265e-09,0.0014041591461476128,9.805874310262602e-08,2.923868401339643e-07
EFT:1.0104241096782794e-05,2.122547334954209e-06,1.987322000788117e-05,0.499281670416237,6.935296550282277e-09,0.4992816704162441,2.6320519398807075e-09,0.0014041591461476227,9.805874310262393e-08,2.9238684013396224e-07
Random1157
Raw:1.0104241096782938e-05,2.122547334954209e-06,1.9873220007880885e-05,0.499281670416237,6.935296550282277e-09,0.4992816704162441,2.632051939880745e-09,0.0014041591461476227,9.805874310262393e-08,2.9238684013396224e-07
EFT:1.0104241096782794e-05,2.122547334954209e-06,1.987322000788117e-05,0.499281670416237,6.935296550282277e-09,0.4992816704162441,2.6320519398807075e-09,0.0014041591461476227,9.805874310262393e-08,2.9238684013396224e-07
Random1158
Raw:1.0104241096782867e-05,2.122547334954224e-06,1.9873220007881028e-05,0.49928167041624055,6.935296550282326e-09,0.49928167041624055,2.6320519398807265e-09,0.0014041591461476327,9.805874310262602e-08,2.923868401339643e-07
EFT:1.0104241096782794e-05,2.122547334954209e-06,1.987322000788117e-05,0.499281670416237,6.935296550282277e-09,0.4992816704162441,2.6320519398807075e-09,0.0014041591461476227,9.805874310262393e-08,2.9238684013396224e-07
Random1159
Raw:1.0104241096782867e-05,2.122547334954224e-06,1.987322000788131e-05,0.49928167041624055,6.935296550282326e-09,0.49928167041624055,2.6320519398807265e-09,0.0014041591461476327,9.805874310262323e-08,2.923868401339643e-07
EFT:1.0104241096782794e-05,2.122547334954209e-06,1.987322000788117e-05,0.499281670416237,6.935296550282277e-09,0.4992816704162441,2.6320519398807075e-09,0.0014041591461476227,9.805874310262393e-08,2.9238684013396224e-07
Random1160
Raw:1.0104241096782794e-05,2.122547334954209e-06,1.987322000788117e-05,0.499281670416237,6.9352965502821786e-09,0.4992816704162441,2.6320519398807075e-09,0.0014041591461476227,9.805874310262393e-08,2.9238684013396224e-07
EFT:1.0104241096782794e-05,2.122547334954209e-06,1.987322000788117e-05,0.499281670416237,6.935296550282277e-09,0.4992816704162441,2.6320519398807075e-09,0.0014041591461476227,9.805874310262393e-08,2.9238684013396224e-07
Random1161
Raw:1.0104241096782867e-05,2.122547334954224e-06,1.987322000788131e-05,0.49928167041624055,6.935296550282326e-09,0.49928167041624055,2.6320519398807265e-09,0.0014041591461476327,9.805874310262602e-08,2.923868401339643e-07
EFT:1.0104241096782794e-05,2.122547334954209e-06,1.987322000788117e-05,0.499281670416237,6.935296550282277e-09,0.4992816704162441,2.6320519398807075e-09,0.0014041591461476227,9.805874310262393e-08,2.9238684013396224e-07
Random1162
Raw:1.0104241096782938e-05,2.122547334954209e-06,1.987322000788117e-05,0.499281670416237,6.935296550282277e-09,0.4992816704162441,2.632051939880745e-09,0.0014041591461476227,9.805874310262532e-08,2.9238684013396224e-07
EFT:1.0104241096782794e-05,2.122547334954209e-06,1.987322000788117e-05,0.499281670416237,6.935296550282277e-09,0.4992816704162441,2.6320519398807075e-09,0.0014041591461476227,9.805874310262393e-08,2.9238684013396224e-07
Random1163
Raw:1.0104241096782938e-05,2.122547334954239e-06,1.987322000788117e-05,0.499281670416237,6.935296550282277e-09,0.4992816704162441,2.632051939880745e-09,0.0014041591461476427,9.805874310262532e-08,2.9238684013396224e-07
EFT:1.0104241096782794e-05,2.122547334954209e-06,1.987322000788117e-05,0.499281670416237,6.935296550282277e-09,0.4992816704162441,2.6320519398807075e-09,0.0014041591461476227,9.805874310262393e-08,2.9238684013396224e-07
Random1164
Raw:1.0104241096782938e-05,2.1225473349541788e-06,1.9873220007880885e-05,0.499281670416237,6.935296550282277e-09,0.4992816704162441,2.632051939880745e-09,0.0014041591461476026,9.805874310262532e-08,2.9238684013396224e-07
EFT:1.0104241096782794e-05,2.122547334954209e-06,1.987322000788117e-05,0.499281670416237,6.935296550282277e-09,0.4992816704162441,2.6320519398807075e-09,0.0014041591461476227,9.805874310262393e-08,2.9238684013396224e-07
Random1165
Raw:1.0104241096782938e-05,2.122547334954209e-06,1.9873220007880885e-05,0.499281670416237,6.935296550282277e-09,0.4992816704162441,2.632051939880745e-09,0.0014041591461476227,9.805874310262532e-08,2.9238684013396224e-07
EFT:1.0104241096782794e-05,2.122547334954209e-06,1.987322000788117e-05,0.499281670416237,6.935296550282277e-09,0.4992816704162441,2.6320519398807075e-09,0.0014041591461476227,9.805874310262393e-08,2.9238684013396224e-07
Random1166
Raw:1.0104241096782867e-05,2.122547334954224e-06,1.987322000788131e-05,0.49928167041624055,6.935296550282326e-09,0.49928167041624055,2.6320519398807638e-09,0.0014041591461476327,9.805874310262462e-08,2.923868401339643e-07
EFT:1.0104241096782794e-05,2.122547334954209e-06,1.987322000788117e-05,0.499281670416237,6.935296550282277e-09,0.4992816704162441,2.6320519398807075e-09,0.0014041591461476227,9.805874310262393e-08,2.9238684013396224e-07
Random1167
Raw:1.0104241096782794e-05,2.122547334954209e-06,1.987322000788117e-05,0.499281670416237,6.9352965502821786e-09,0.4992816704162441,2.6320519398807075e-09,0.0014041591461476227,9.805874310262393e-08,2.9238684013396224e-07
EFT:1.0104241096782794e-05,2.122547334954209e-06,1.987322000788117e-05,0.499281670416237,6.935296550282277e-09,0.4992816704162441,2.6320519398807075e-09,0.0014041591461476227,9.805874310262393e-08,2.9238684013396224e-07
Random1168
Raw:1.0104241096782867e-05,2.122547334954224e-06,1.987322000788131e-05,0.49928167041624055,6.935296550282326e-09,0.49928167041624055,2.6320519398807265e-09,0.0014041591461476327,9.805874310262462e-08,2.923868401339643e-07
EFT:1.0104241096782794e-05,2.122547334954209e-06,1.987322000788117e-05,0.499281670416237,6.935296550282277e-09,0.4992816704162441,2.6320519398807075e-09,0.0014041591461476227,9.805874310262393e-08,2.9238684013396224e-07
Random1169
Raw:1.0104241096782938e-05,2.122547334954239e-06,1.987322000788145e-05,0.499281670416237,6.935296550282277e-09,0.4992816704162441,2.632051939880745e-09,0.0014041591461476427,9.805874310262532e-08,2.9238684013396224e-07
EFT:1.0104241096782794e-05,2.122547334954209e-06,1.987322000788117e-05,0.499281670416237,6.935296550282277e-09,0.4992816704162441,2.6320519398807075e-09,0.0014041591461476227,9.805874310262393e-08,2.9238684013396224e-07
Random1170
Raw:1.0104241096783009e-05,2.122547334954194e-06,1.9873220007881028e-05,0.49928167041623345,6.935296550282327e-09,0.49928167041624766,2.6320519398807638e-09,0.0014041591461476327,9.805874310262462e-08,2.9238684013396436e-07
EFT:1.0104241096782794e-05,2.122547334954209e-06,1.987322000788117e-05,0.499281670416237,6.935296550282277e-09,0.4992816704162441,2.6320519398807075e-09,0.0014041591461476227,9.805874310262393e-08,2.9238684013396224e-07
Random1171
Raw:1.0104241096782867e-05,2.122547334954224e-06,1.987322000788131e-05,0.49928167041624055,6.935296550282326e-09,0.49928167041624055,2.6320519398807265e-09,0.0014041591461476128,9.805874310262462e-08,2.923868401339643e-07
EFT:1.0104241096782794e-05,2.122547334954209e-06,1.987322000788117e-05,0.499281670416237,6.935296550282277e-09,0.4992816704162441,2.6320519398807075e-09,0.0014041591461476227,9.805874310262393e-08,2.9238684013396224e-07
Random1172
Raw:1.0104241096783009e-05,2.122547334954224e-06,1.987322000788131e-05,0.49928167041623345,6.935296550282327e-09,0.49928167041624766,2.6320519398807638e-09,0.0014041591461476327,9.805874310262462e-08,2.923868401339685e-07
EFT:1.0104241096782794e-05,2.122547334954209e-06,1.987322000788117e-05,0.499281670416237,6.935296550282277e-09,0.4992816704162441,2.6320519398807075e-09,0.0014041591461476227,9.805874310262393e-08,2.9238684013396224e-07
Random1173
Raw:1.0104241096782867e-05,2.122547334954224e-06,1.987322000788131e-05,0.49928167041624055,6.935296550282326e-09,0.49928167041624055,2.6320519398807638e-09,0.0014041591461476128,9.805874310262462e-08,2.923868401339643e-07
EFT:1.0104241096782794e-05,2.122547334954209e-06,1.987322000788117e-05,0.499281670416237,6.935296550282277e-09,0.4992816704162441,2.6320519398807075e-09,0.0014041591461476227,9.805874310262393e-08,2.9238684013396224e-07
Random1174
Raw:1.0104241096782794e-05,2.122547334954209e-06,1.987322000788117e-05,0.499281670416237,6.935296550282277e-09,0.4992816704162441,2.6320519398807075e-09,0.0014041591461476227,9.805874310262393e-08,2.9238684013396224e-07
EFT:1.0104241096782794e-05,2.122547334954209e-06,1.987322000788117e-05,0.499281670416237,6.935296550282277e-09,0.4992816704162441,2.6320519398807075e-09,0.0014041591461476227,9.805874310262393e-08,2.9238684013396224e-07
Random1175
Raw:1.0104241096782938e-05,2.122547334954239e-06,1.987322000788145e-05,0.499281670416237,6.935296550282277e-09,0.4992816704162441,2.632051939880745e-09,0.0014041591461476427,9.805874310262393e-08,2.9238684013396637e-07
EFT:1.0104241096782794e-05,2.122547334954209e-06,1.987322000788117e-05,0.499281670416237,6.935296550282277e-09,0.4992816704162441,2.6320519398807075e-09,0.0014041591461476227,9.805874310262393e-08,2.9238684013396224e-07
Random1176
Raw:1.0104241096782938e-05,2.122547334954209e-06,1.9873220007880885e-05,0.499281670416237,6.935296550282277e-09,0.4992816704162441,2.632051939880745e-09,0.0014041591461476227,9.805874310262532e-08,2.9238684013396224e-07
EFT:1.0104241096782794e-05,2.122547334954209e-06,1.987322000788117e-05,0.499281670416237,6.935296550282277e-09,0.4992816704162441,2.6320519398807075e-09,0.0014041591461476227,9.805874310262393e-08,2.9238684013396224e-07
Random1177
Raw:1.0104241096783009e-05,2.122547334954194e-06,1.9873220007881028e-05,0.49928167041623345,6.935296550282327e-09,0.49928167041624766,2.6320519398807638e-09,0.0014041591461476327,9.805874310262462e-08,2.9238684013396436e-07
EFT:1.0104241096782794e-05,2.122547334954209e-06,1.987322000788117e-05,0.499281670416237,6.935296550282277e-09,0.4992816704162441,2.6320519398807075e-09,0.0014041591461476227,9.805874310262393e-08,2.9238684013396224e-07
Random1178
Raw:1.0104241096782938e-05,2.122547334954239e-06,1.987322000788117e-05,0.499281670416237,6.935296550282277e-09,0.4992816704162441,2.632051939880745e-09,0.0014041591461476427,9.805874310262532e-08,2.9238684013396224e-07
EFT:1.0104241096782794e-05,2.122547334954209e-06,1.987322000788117e-05,0.499281670416237,6.935296550282277e-09,0.4992816704162441,2.6320519398807075e-09,0.0014041591461476227,9.805874310262393e-08,2.9238684013396224e-07
Random1179
Raw:1.0104241096782938e-05,2.122547334954209e-06,1.987322000788117e-05,0.499281670416237,6.9352965502823754e-09,0.4992816704162441,2.632051939880745e-09,0.0014041591461476227,9.805874310262532e-08,2.9238684013396637e-07
EFT:1.0104241096782794e-05,2.122547334954209e-06,1.987322000788117e-05,0.499281670416237,6.935296550282277e-09,0.4992816704162441,2.6320519398807075e-09,0.0014041591461476227,9.805874310262393e-08,2.9238684013396224e-07
Random1180
Raw:1.0104241096782794e-05,2.122547334954209e-06,1.987322000788117e-05,0.499281670416237,6.935296550282277e-09,0.4992816704162441,2.6320519398807075e-09,0.0014041591461476227,9.805874310262393e-08,2.9238684013396224e-07
EFT:1.0104241096782794e-05,2.122547334954209e-06,1.987322000788117e-05,0.499281670416237,6.935296550282277e-09,0.4992816704162441,2.6320519398807075e-09,0.0014041591461476227,9.805874310262393e-08,2.9238684013396224e-07
Random1181
Raw:1.0104241096782867e-05,2.122547334954194e-06,1.9873220007881028e-05,0.49928167041624055,6.935296550282326e-09,0.49928167041624055,2.6320519398807265e-09,0.0014041591461476128,9.805874310262323e-08,2.923868401339643e-07
EFT:1.0104241096782794e-05,2.122547334954209e-06,1.987322000788117e-05,0.499281670416237,6.935296550282277e-09,0.4992816704162441,2.6320519398807075e-09,0.0014041591461476227,9.805874310262393e-08,2.9238684013396224e-07
Random1182
Raw:1.0104241096782867e-05,2.122547334954194e-06,1.9873220007881028e-05,0.49928167041624055,6.935296550282326e-09,0.49928167041624055,2.6320519398807265e-09,0.0014041591461476128,9.805874310262323e-08,2.923868401339643e-07
EFT:1.0104241096782794e-05,2.122547334954209e-06,1.987322000788117e-05,0.499281670416237,6.935296550282277e-09,0.4992816704162441,2.6320519398807075e-09,0.0014041591461476227,9.805874310262393e-08,2.9238684013396224e-07
Random1183
Raw:1.0104241096782938e-05,2.122547334954239e-06,1.987322000788117e-05,0.499281670416237,6.935296550282277e-09,0.4992816704162441,2.632051939880745e-09,0.0014041591461476427,9.805874310262393e-08,2.9238684013396637e-07
EFT:1.0104241096782794e-05,2.122547334954209e-06,1.987322000788117e-05,0.499281670416237,6.935296550282277e-09,0.4992816704162441,2.6320519398807075e-09,0.0014041591461476227,9.805874310262393e-08,2.9238684013396224e-07
Random1184
Raw:1.0104241096782723e-05,2.122547334954194e-06,1.9873220007881028e-05,0.49928167041624055,6.93529655028213e-09,0.49928167041624055,2.632051939880689e-09,0.0014041591461476128,9.805874310262184e-08,2.923868401339602e-07
EFT:1.0104241096782794e-05,2.122547334954209e-06,1.987322000788117e-05,0.499281670416237,6.935296550282277e-09,0.4992816704162441,2.6320519398807075e-09,0.0014041591461476227,9.805874310262393e-08,2.9238684013396224e-07
Random1185
Raw:1.0104241096782938e-05,2.122547334954239e-06,1.987322000788145e-05,0.499281670416237,6.935296550282277e-09,0.4992816704162441,2.632051939880745e-09,0.0014041591461476427,9.805874310262393e-08,2.9238684013396637e-07
EFT:1.0104241096782794e-05,2.122547334954209e-06,1.987322000788117e-05,0.499281670416237,6.935296550282277e-09,0.4992816704162441,2.6320519398807075e-09,0.0014041591461476227,9.805874310262393e-08,2.9238684013396224e-07
Random1186
Raw:1.0104241096782938e-05,2.122547334954209e-06,1.987322000788117e-05,0.499281670416237,6.935296550282277e-09,0.4992816704162441,2.632051939880745e-09,0.0014041591461476427,9.805874310262393e-08,2.9238684013396224e-07
EFT:1.0104241096782794e-05,2.122547334954209e-06,1.987322000788117e-05,0.499281670416237,6.935296550282277e-09,0.4992816704162441,2.6320519398807075e-09,0.0014041591461476227,9.805874310262393e-08,2.9238684013396224e-07
Random1187
Raw:1.0104241096782938e-05,2.122547334954239e-06,1.987322000788145e-05,0.499281670416237,6.935296550282277e-09,0.4992816704162441,2.632051939880745e-09,0.0014041591461476427,9.805874310262393e-08,2.9238684013396637e-07
EFT:1.0104241096782794e-05,2.122547334954209e-06,1.987322000788117e-05,0.499281670416237,6.935296550282277e-09,0.4992816704162441,2.6320519398807075e-09,0.0014041591461476227,9.805874310262393e-08,2.9238684013396224e-07
Random1188
Raw:1.0104241096782938e-05,2.122547334954239e-06,1.987322000788117e-05,0.499281670416237,6.935296550282277e-09,0.4992816704162441,2.632051939880745e-09,0.0014041591461476227,9.805874310262532e-08,2.9238684013396224e-07
EFT:1.0104241096782794e-05,2.122547334954209e-06,1.987322000788117e-05,0.499281670416237,6.935296550282277e-09,0.4992816704162441,2.6320519398807075e-09,0.0014041591461476227,9.805874310262393e-08,2.9238684013396224e-07
Random1189
Raw:1.0104241096782938e-05,2.122547334954239e-06,1.987322000788145e-05,0.499281670416237,6.935296550282277e-09,0.4992816704162441,2.632051939880745e-09,0.0014041591461476427,9.805874310262393e-08,2.9238684013396637e-07
EFT:1.0104241096782794e-05,2.122547334954209e-06,1.987322000788117e-05,0.499281670416237,6.935296550282277e-09,0.4992816704162441,2.6320519398807075e-09,0.0014041591461476227,9.805874310262393e-08,2.9238684013396224e-07
Random1190
Raw:1.0104241096782794e-05,2.122547334954209e-06,1.987322000788117e-05,0.499281670416237,6.935296550282277e-09,0.4992816704162441,2.6320519398807075e-09,0.0014041591461476227,9.805874310262393e-08,2.9238684013396224e-07
EFT:1.0104241096782794e-05,2.122547334954209e-06,1.987322000788117e-05,0.499281670416237,6.935296550282277e-09,0.4992816704162441,2.6320519398807075e-09,0.0014041591461476227,9.805874310262393e-08,2.9238684013396224e-07
Random1191
Raw:1.0104241096782794e-05,2.1225473349541788e-06,1.9873220007880885e-05,0.499281670416237,6.935296550282277e-09,0.4992816704162441,2.632051939880745e-09,0.0014041591461476026,9.805874310262254e-08,2.9238684013396224e-07
EFT:1.0104241096782794e-05,2.122547334954209e-06,1.987322000788117e-05,0.499281670416237,6.935296550282277e-09,0.4992816704162441,2.6320519398807075e-09,0.0014041591461476227,9.805874310262393e-08,2.9238684013396224e-07
Random1192
Raw:1.0104241096782867e-05,2.122547334954224e-06,1.987322000788131e-05,0.49928167041624055,6.935296550282326e-09,0.49928167041624055,2.6320519398807638e-09,0.0014041591461476128,9.805874310262462e-08,2.923868401339643e-07
EFT:1.0104241096782794e-05,2.122547334954209e-06,1.987322000788117e-05,0.499281670416237,6.935296550282277e-09,0.4992816704162441,2.6320519398807075e-09,0.0014041591461476227,9.805874310262393e-08,2.9238684013396224e-07
Random1193
Raw:1.0104241096782938e-05,2.122547334954209e-06,1.987322000788117e-05,0.499281670416237,6.935296550282277e-09,0.4992816704162441,2.632051939880745e-09,0.0014041591461476227,9.805874310262532e-08,2.9238684013396224e-07
EFT:1.0104241096782794e-05,2.122547334954209e-06,1.987322000788117e-05,0.499281670416237,6.935296550282277e-09,0.4992816704162441,2.6320519398807075e-09,0.0014041591461476227,9.805874310262393e-08,2.9238684013396224e-07
Random1194
Raw:1.0104241096782938e-05,2.122547334954209e-06,1.987322000788117e-05,0.499281670416237,6.935296550282277e-09,0.4992816704162441,2.632051939880745e-09,0.0014041591461476427,9.805874310262393e-08,2.9238684013396224e-07
EFT:1.0104241096782794e-05,2.122547334954209e-06,1.987322000788117e-05,0.499281670416237,6.935296550282277e-09,0.4992816704162441,2.6320519398807075e-09,0.0014041591461476227,9.805874310262393e-08,2.9238684013396224e-07
Random1195
Raw:1.0104241096782794e-05,2.122547334954209e-06,1.987322000788117e-05,0.499281670416237,6.9352965502821786e-09,0.4992816704162441,2.632051939880745e-09,0.0014041591461476227,9.805874310262254e-08,2.9238684013396224e-07
EFT:1.0104241096782794e-05,2.122547334954209e-06,1.987322000788117e-05,0.499281670416237,6.935296550282277e-09,0.4992816704162441,2.6320519398807075e-09,0.0014041591461476227,9.805874310262393e-08,2.9238684013396224e-07
Random1196
Raw:1.0104241096783009e-05,2.122547334954224e-06,1.987322000788131e-05,0.49928167041623345,6.935296550282327e-09,0.49928167041624766,2.6320519398807638e-09,0.0014041591461476327,9.805874310262462e-08,2.923868401339685e-07
EFT:1.0104241096782794e-05,2.122547334954209e-06,1.987322000788117e-05,0.499281670416237,6.935296550282277e-09,0.4992816704162441,2.6320519398807075e-09,0.0014041591461476227,9.805874310262393e-08,2.9238684013396224e-07
Random1197
Raw:1.0104241096782938e-05,2.122547334954239e-06,1.987322000788117e-05,0.499281670416237,6.935296550282277e-09,0.4992816704162441,2.632051939880745e-09,0.0014041591461476427,9.805874310262532e-08,2.9238684013396224e-07
EFT:1.0104241096782794e-05,2.122547334954209e-06,1.987322000788117e-05,0.499281670416237,6.935296550282277e-09,0.4992816704162441,2.6320519398807075e-09,0.0014041591461476227,9.805874310262393e-08,2.9238684013396224e-07
Random1198
Raw:1.0104241096782865e-05,2.122547334954194e-06,1.9873220007881028e-05,0.49928167041623345,6.935296550282327e-09,0.49928167041624766,2.632051939880726e-09,0.0014041591461476126,9.805874310262462e-08,2.9238684013396436e-07
EFT:1.0104241096782794e-05,2.122547334954209e-06,1.987322000788117e-05,0.499281670416237,6.935296550282277e-09,0.4992816704162441,2.6320519398807075e-09,0.0014041591461476227,9.805874310262393e-08,2.9238684013396224e-07
Random1199
Raw:1.0104241096782938e-05,2.122547334954209e-06,1.987322000788117e-05,0.499281670416237,6.9352965502823754e-09,0.4992816704162441,2.632051939880745e-09,0.0014041591461476227,9.805874310262393e-08,2.9238684013396637e-07
EFT:1.0104241096782794e-05,2.122547334954209e-06,1.987322000788117e-05,0.499281670416237,6.935296550282277e-09,0.4992816704162441,2.6320519398807075e-09,0.0014041591461476227,9.805874310262393e-08,2.9238684013396224e-07
Random1200
Raw:1.0104241096782867e-05,2.122547334954224e-06,1.987322000788131e-05,0.49928167041624055,6.935296550282326e-09,0.49928167041624055,2.6320519398807265e-09,0.0014041591461476327,9.805874310262462e-08,2.923868401339643e-07
EFT:1.0104241096782794e-05,2.122547334954209e-06,1.987322000788117e-05,0.499281670416237,6.935296550282277e-09,0.4992816704162441,2.6320519398807075e-09,0.0014041591461476227,9.805874310262393e-08,2.9238684013396224e-07
Random1201
Raw:1.0104241096782867e-05,2.122547334954224e-06,1.987322000788131e-05,0.49928167041624055,6.935296550282326e-09,0.49928167041624055,2.6320519398807638e-09,0.0014041591461476327,9.805874310262462e-08,2.923868401339643e-07
EFT:1.0104241096782794e-05,2.122547334954209e-06,1.987322000788117e-05,0.499281670416237,6.935296550282277e-09,0.4992816704162441,2.6320519398807075e-09,0.0014041591461476227,9.805874310262393e-08,2.9238684013396224e-07
Random1202
Raw:1.0104241096782794e-05,2.122547334954209e-06,1.987322000788117e-05,0.499281670416237,6.935296550282277e-09,0.4992816704162441,2.6320519398807075e-09,0.0014041591461476227,9.805874310262393e-08,2.9238684013396224e-07
EFT:1.0104241096782794e-05,2.122547334954209e-06,1.987322000788117e-05,0.499281670416237,6.935296550282277e-09,0.4992816704162441,2.6320519398807075e-09,0.0014041591461476227,9.805874310262393e-08,2.9238684013396224e-07
Random1203
Raw:1.0104241096782867e-05,2.122547334954224e-06,1.987322000788131e-05,0.49928167041624055,6.935296550282326e-09,0.49928167041624055,2.6320519398807265e-09,0.0014041591461476327,9.805874310262462e-08,2.923868401339643e-07
EFT:1.0104241096782794e-05,2.122547334954209e-06,1.987322000788117e-05,0.499281670416237,6.935296550282277e-09,0.4992816704162441,2.6320519398807075e-09,0.0014041591461476227,9.805874310262393e-08,2.9238684013396224e-07
Random1204
Raw:1.0104241096782938e-05,2.122547334954209e-06,1.9873220007880885e-05,0.499281670416237,6.935296550282277e-09,0.4992816704162441,2.632051939880745e-09,0.0014041591461476227,9.805874310262532e-08,2.9238684013396224e-07
EFT:1.0104241096782794e-05,2.122547334954209e-06,1.987322000788117e-05,0.499281670416237,6.935296550282277e-09,0.4992816704162441,2.6320519398807075e-09,0.0014041591461476227,9.805874310262393e-08,2.9238684013396224e-07
Random1205
Raw:1.0104241096782938e-05,2.122547334954209e-06,1.9873220007880885e-05,0.499281670416237,6.935296550282277e-09,0.4992816704162441,2.632051939880745e-09,0.0014041591461476227,9.805874310262532e-08,2.9238684013396224e-07
EFT:1.0104241096782794e-05,2.122547334954209e-06,1.987322000788117e-05,0.499281670416237,6.935296550282277e-09,0.4992816704162441,2.6320519398807075e-09,0.0014041591461476227,9.805874310262393e-08,2.9238684013396224e-07
Random1206
Raw:1.0104241096782938e-05,2.122547334954239e-06,1.987322000788145e-05,0.499281670416237,6.935296550282277e-09,0.4992816704162441,2.632051939880745e-09,0.0014041591461476427,9.805874310262393e-08,2.9238684013396637e-07
EFT:1.0104241096782794e-05,2.122547334954209e-06,1.987322000788117e-05,0.499281670416237,6.935296550282277e-09,0.4992816704162441,2.6320519398807075e-09,0.0014041591461476227,9.805874310262393e-08,2.9238684013396224e-07
Random1207
Raw:1.0104241096782865e-05,2.122547334954194e-06,1.9873220007881028e-05,0.49928167041623345,6.935296550282327e-09,0.49928167041624766,2.6320519398807638e-09,0.0014041591461476126,9.805874310262324e-08,2.9238684013396436e-07
EFT:1.0104241096782794e-05,2.122547334954209e-06,1.987322000788117e-05,0.499281670416237,6.935296550282277e-09,0.4992816704162441,2.6320519398807075e-09,0.0014041591461476227,9.805874310262393e-08,2.9238684013396224e-07
Random1208
Raw:1.0104241096783009e-05,2.122547334954194e-06,1.9873220007881028e-05,0.49928167041623345,6.935296550282327e-09,0.49928167041624766,2.6320519398807638e-09,0.0014041591461476126,9.805874310262601e-08,2.9238684013396436e-07
EFT:1.0104241096782794e-05,2.122547334954209e-06,1.987322000788117e-05,0.499281670416237,6.935296550282277e-09,0.4992816704162441,2.6320519398807075e-09,0.0014041591461476227,9.805874310262393e-08,2.9238684013396224e-07
Random1209
Raw:1.0104241096782938e-05,2.122547334954239e-06,1.987322000788117e-05,0.499281670416237,6.9352965502823754e-09,0.4992816704162441,2.6320519398807824e-09,0.0014041591461476227,9.805874310262532e-08,2.9238684013396637e-07
EFT:1.0104241096782794e-05,2.122547334954209e-06,1.987322000788117e-05,0.499281670416237,6.935296550282277e-09,0.4992816704162441,2.6320519398807075e-09,0.0014041591461476227,9.805874310262393e-08,2.9238684013396224e-07
Random1210
Raw:1.0104241096782867e-05,2.122547334954194e-06,1.9873220007881028e-05,0.49928167041624055,6.935296550282326e-09,0.49928167041624055,2.6320519398807265e-09,0.0014041591461476128,9.805874310262602e-08,2.923868401339643e-07
EFT:1.0104241096782794e-05,2.122547334954209e-06,1.987322000788117e-05,0.499281670416237,6.935296550282277e-09,0.4992816704162441,2.6320519398807075e-09,0.0014041591461476227,9.805874310262393e-08,2.9238684013396224e-07
Random1211
Raw:1.0104241096782794e-05,2.122547334954209e-06,1.987322000788117e-05,0.499281670416237,6.9352965502821786e-09,0.4992816704162441,2.6320519398807075e-09,0.0014041591461476227,9.805874310262393e-08,2.9238684013396224e-07
EFT:1.0104241096782794e-05,2.122547334954209e-06,1.987322000788117e-05,0.499281670416237,6.935296550282277e-09,0.4992816704162441,2.6320519398807075e-09,0.0014041591461476227,9.805874310262393e-08,2.9238684013396224e-07
Random1212
Raw:1.0104241096782865e-05,2.122547334954194e-06,1.9873220007881028e-05,0.49928167041623345,6.935296550282228e-09,0.49928167041624766,2.632051939880726e-09,0.0014041591461476126,9.805874310262462e-08,2.9238684013396436e-07
EFT:1.0104241096782794e-05,2.122547334954209e-06,1.987322000788117e-05,0.499281670416237,6.935296550282277e-09,0.4992816704162441,2.6320519398807075e-09,0.0014041591461476227,9.805874310262393e-08,2.9238684013396224e-07
Random1213
Raw:1.0104241096782938e-05,2.122547334954239e-06,1.987322000788145e-05,0.499281670416237,6.935296550282277e-09,0.4992816704162441,2.632051939880745e-09,0.0014041591461476427,9.805874310262532e-08,2.9238684013396224e-07
EFT:1.0104241096782794e-05,2.122547334954209e-06,1.987322000788117e-05,0.499281670416237,6.935296550282277e-09,0.4992816704162441,2.6320519398807075e-09,0.0014041591461476227,9.805874310262393e-08,2.9238684013396224e-07
Random1214
Raw:1.0104241096782867e-05,2.122547334954224e-06,1.987322000788131e-05,0.49928167041624055,6.935296550282326e-09,0.49928167041624055,2.6320519398807265e-09,0.0014041591461476327,9.805874310262462e-08,2.923868401339643e-07
EFT:1.0104241096782794e-05,2.122547334954209e-06,1.987322000788117e-05,0.499281670416237,6.935296550282277e-09,0.4992816704162441,2.6320519398807075e-09,0.0014041591461476227,9.805874310262393e-08,2.9238684013396224e-07
Random1215
Raw:1.0104241096782794e-05,2.122547334954209e-06,1.987322000788117e-05,0.499281670416237,6.9352965502821786e-09,0.4992816704162441,2.6320519398807075e-09,0.0014041591461476026,9.805874310262393e-08,2.9238684013396224e-07
EFT:1.0104241096782794e-05,2.122547334954209e-06,1.987322000788117e-05,0.499281670416237,6.935296550282277e-09,0.4992816704162441,2.6320519398807075e-09,0.0014041591461476227,9.805874310262393e-08,2.9238684013396224e-07
Random1216
Raw:1.0104241096782794e-05,2.122547334954209e-06,1.987322000788117e-05,0.499281670416237,6.935296550282277e-09,0.4992816704162441,2.632051939880745e-09,0.0014041591461476227,9.805874310262254e-08,2.9238684013396224e-07
EFT:1.0104241096782794e-05,2.122547334954209e-06,1.987322000788117e-05,0.499281670416237,6.935296550282277e-09,0.4992816704162441,2.6320519398807075e-09,0.0014041591461476227,9.805874310262393e-08,2.9238684013396224e-07
Random1217
Raw:1.0104241096782938e-05,2.122547334954209e-06,1.987322000788117e-05,0.499281670416237,6.9352965502823754e-09,0.4992816704162441,2.632051939880745e-09,0.0014041591461476227,9.805874310262532e-08,2.9238684013396637e-07
EFT:1.0104241096782794e-05,2.122547334954209e-06,1.987322000788117e-05,0.499281670416237,6.935296550282277e-09,0.4992816704162441,2.6320519398807075e-09,0.0014041591461476227,9.805874310262393e-08,2.9238684013396224e-07
Random1218
Raw:1.0104241096782938e-05,2.122547334954239e-06,1.987322000788145e-05,0.499281670416237,6.935296550282277e-09,0.4992816704162441,2.632051939880745e-09,0.0014041591461476427,9.805874310262393e-08,2.9238684013396637e-07
EFT:1.0104241096782794e-05,2.122547334954209e-06,1.987322000788117e-05,0.499281670416237,6.935296550282277e-09,0.4992816704162441,2.6320519398807075e-09,0.0014041591461476227,9.805874310262393e-08,2.9238684013396224e-07
Random1219
Raw:1.0104241096782867e-05,2.122547334954224e-06,1.9873220007881028e-05,0.49928167041624055,6.935296550282326e-09,0.49928167041624055,2.6320519398807265e-09,0.0014041591461476327,9.805874310262602e-08,2.923868401339643e-07
EFT:1.0104241096782794e-05,2.122547334954209e-06,1.987322000788117e-05,0.499281670416237,6.935296550282277e-09,0.4992816704162441,2.6320519398807075e-09,0.0014041591461476227,9.805874310262393e-08,2.9238684013396224e-07
Random1220
Raw:1.0104241096782867e-05,2.122547334954224e-06,1.987322000788131e-05,0.49928167041624055,6.935296550282326e-09,0.49928167041624055,2.6320519398807265e-09,0.0014041591461476128,9.805874310262462e-08,2.923868401339643e-07
EFT:1.0104241096782794e-05,2.122547334954209e-06,1.987322000788117e-05,0.499281670416237,6.935296550282277e-09,0.4992816704162441,2.6320519398807075e-09,0.0014041591461476227,9.805874310262393e-08,2.9238684013396224e-07
Random1221
Raw:1.0104241096782938e-05,2.122547334954209e-06,1.987322000788117e-05,0.499281670416237,6.9352965502823754e-09,0.4992816704162441,2.632051939880745e-09,0.0014041591461476227,9.805874310262393e-08,2.9238684013396637e-07
EFT:1.0104241096782794e-05,2.122547334954209e-06,1.987322000788117e-05,0.499281670416237,6.935296550282277e-09,0.4992816704162441,2.6320519398807075e-09,0.0014041591461476227,9.805874310262393e-08,2.9238684013396224e-07
Random1222
Raw:1.0104241096782938e-05,2.122547334954209e-06,1.987322000788117e-05,0.499281670416237,6.935296550282277e-09,0.4992816704162441,2.632051939880745e-09,0.0014041591461476427,9.805874310262393e-08,2.9238684013396224e-07
EFT:1.0104241096782794e-05,2.122547334954209e-06,1.987322000788117e-05,0.499281670416237,6.935296550282277e-09,0.4992816704162441,2.6320519398807075e-09,0.0014041591461476227,9.805874310262393e-08,2.9238684013396224e-07
Random1223
Raw:1.0104241096782867e-05,2.122547334954224e-06,1.9873220007881028e-05,0.49928167041624055,6.935296550282326e-09,0.49928167041624055,2.6320519398807265e-09,0.0014041591461476327,9.805874310262602e-08,2.923868401339643e-07
EFT:1.0104241096782794e-05,2.122547334954209e-06,1.987322000788117e-05,0.499281670416237,6.935296550282277e-09,0.4992816704162441,2.6320519398807075e-09,0.0014041591461476227,9.805874310262393e-08,2.9238684013396224e-07
Random1224
Raw:1.0104241096782867e-05,2.1225473349542546e-06,1.987322000788131e-05,0.49928167041624055,6.935296550282326e-09,0.49928167041624055,2.6320519398807638e-09,0.0014041591461476327,9.805874310262462e-08,2.923868401339643e-07
EFT:1.0104241096782794e-05,2.122547334954209e-06,1.987322000788117e-05,0.499281670416237,6.935296550282277e-09,0.4992816704162441,2.6320519398807075e-09,0.0014041591461476227,9.805874310262393e-08,2.9238684013396224e-07
Random1225
Raw:1.0104241096782794e-05,2.122547334954209e-06,1.987322000788117e-05,0.499281670416237,6.935296550282277e-09,0.4992816704162441,2.6320519398807075e-09,0.0014041591461476227,9.805874310262393e-08,2.9238684013396224e-07
EFT:1.0104241096782794e-05,2.122547334954209e-06,1.987322000788117e-05,0.499281670416237,6.935296550282277e-09,0.4992816704162441,2.6320519398807075e-09,0.0014041591461476227,9.805874310262393e-08,2.9238684013396224e-07
Random1226
Raw:1.0104241096782867e-05,2.122547334954224e-06,1.9873220007881028e-05,0.49928167041624055,6.935296550282326e-09,0.49928167041624055,2.6320519398807265e-09,0.0014041591461476128,9.805874310262462e-08,2.923868401339643e-07
EFT:1.0104241096782794e-05,2.122547334954209e-06,1.987322000788117e-05,0.499281670416237,6.935296550282277e-09,0.4992816704162441,2.6320519398807075e-09,0.0014041591461476227,9.805874310262393e-08,2.9238684013396224e-07
Random1227
Raw:1.0104241096782938e-05,2.122547334954239e-06,1.987322000788117e-05,0.499281670416237,6.935296550282277e-09,0.4992816704162441,2.632051939880745e-09,0.0014041591461476427,9.805874310262393e-08,2.9238684013396637e-07
EFT:1.0104241096782794e-05,2.122547334954209e-06,1.987322000788117e-05,0.499281670416237,6.935296550282277e-09,0.4992816704162441,2.6320519398807075e-09,0.0014041591461476227,9.805874310262393e-08,2.9238684013396224e-07
Random1228
Raw:1.0104241096782794e-05,2.1225473349541788e-06,1.9873220007880885e-05,0.499281670416237,6.935296550282277e-09,0.4992816704162441,2.632051939880745e-09,0.0014041591461476026,9.805874310262254e-08,2.9238684013396224e-07
EFT:1.0104241096782794e-05,2.122547334954209e-06,1.987322000788117e-05,0.499281670416237,6.935296550282277e-09,0.4992816704162441,2.6320519398807075e-09,0.0014041591461476227,9.805874310262393e-08,2.9238684013396224e-07
Random1229
Raw:1.0104241096782867e-05,2.1225473349542546e-06,1.987322000788131e-05,0.49928167041624055,6.935296550282326e-09,0.49928167041624055,2.6320519398807638e-09,0.0014041591461476128,9.805874310262462e-08,2.923868401339643e-07
EFT:1.0104241096782794e-05,2.122547334954209e-06,1.987322000788117e-05,0.499281670416237,6.935296550282277e-09,0.4992816704162441,2.6320519398807075e-09,0.0014041591461476227,9.805874310262393e-08,2.9238684013396224e-07
Random1230
Raw:1.0104241096782867e-05,2.122547334954224e-06,1.987322000788131e-05,0.49928167041624055,6.935296550282326e-09,0.49928167041624055,2.6320519398807638e-09,0.0014041591461476327,9.805874310262462e-08,2.923868401339643e-07
EFT:1.0104241096782794e-05,2.122547334954209e-06,1.987322000788117e-05,0.499281670416237,6.935296550282277e-09,0.4992816704162441,2.6320519398807075e-09,0.0014041591461476227,9.805874310262393e-08,2.9238684013396224e-07
Random1231
Raw:1.0104241096782938e-05,2.122547334954209e-06,1.987322000788117e-05,0.499281670416237,6.935296550282277e-09,0.4992816704162441,2.632051939880745e-09,0.0014041591461476427,9.805874310262393e-08,2.9238684013396224e-07
EFT:1.0104241096782794e-05,2.122547334954209e-06,1.987322000788117e-05,0.499281670416237,6.935296550282277e-09,0.4992816704162441,2.6320519398807075e-09,0.0014041591461476227,9.805874310262393e-08,2.9238684013396224e-07
Random1232
Raw:1.0104241096782867e-05,2.122547334954224e-06,1.987322000788131e-05,0.49928167041624055,6.935296550282326e-09,0.49928167041624055,2.6320519398807638e-09,0.0014041591461476128,9.805874310262462e-08,2.923868401339643e-07
EFT:1.0104241096782794e-05,2.122547334954209e-06,1.987322000788117e-05,0.499281670416237,6.935296550282277e-09,0.4992816704162441,2.6320519398807075e-09,0.0014041591461476227,9.805874310262393e-08,2.9238684013396224e-07
Random1233
Raw:1.0104241096782938e-05,2.122547334954209e-06,1.987322000788117e-05,0.499281670416237,6.935296550282277e-09,0.4992816704162441,2.632051939880745e-09,0.0014041591461476427,9.805874310262393e-08,2.9238684013396224e-07
EFT:1.0104241096782794e-05,2.122547334954209e-06,1.987322000788117e-05,0.499281670416237,6.935296550282277e-09,0.4992816704162441,2.6320519398807075e-09,0.0014041591461476227,9.805874310262393e-08,2.9238684013396224e-07
Random1234
Raw:1.0104241096782938e-05,2.122547334954239e-06,1.987322000788145e-05,0.499281670416237,6.935296550282277e-09,0.4992816704162441,2.632051939880745e-09,0.0014041591461476427,9.805874310262532e-08,2.9238684013396224e-07
EFT:1.0104241096782794e-05,2.122547334954209e-06,1.987322000788117e-05,0.499281670416237,6.935296550282277e-09,0.4992816704162441,2.6320519398807075e-09,0.0014041591461476227,9.805874310262393e-08,2.9238684013396224e-07
Random1235
Raw:1.0104241096782867e-05,2.122547334954224e-06,1.987322000788131e-05,0.49928167041624055,6.935296550282326e-09,0.49928167041624055,2.6320519398807265e-09,0.0014041591461476128,9.805874310262462e-08,2.923868401339643e-07
EFT:1.0104241096782794e-05,2.122547334954209e-06,1.987322000788117e-05,0.499281670416237,6.935296550282277e-09,0.4992816704162441,2.6320519398807075e-09,0.0014041591461476227,9.805874310262393e-08,2.9238684013396224e-07
Random1236
Raw:1.0104241096782867e-05,2.122547334954224e-06,1.987322000788131e-05,0.49928167041624055,6.935296550282228e-09,0.49928167041624055,2.632051939880689e-09,0.0014041591461476527,9.805874310262462e-08,2.923868401339602e-07
EFT:1.0104241096782794e-05,2.122547334954209e-06,1.987322000788117e-05,0.499281670416237,6.935296550282277e-09,0.4992816704162441,2.6320519398807075e-09,0.0014041591461476227,9.805874310262393e-08,2.9238684013396224e-07
Random1237
Raw:1.0104241096782867e-05,2.122547334954224e-06,1.987322000788131e-05,0.49928167041624055,6.935296550282326e-09,0.49928167041624055,2.6320519398807265e-09,0.0014041591461476327,9.805874310262462e-08,2.923868401339643e-07
EFT:1.0104241096782794e-05,2.122547334954209e-06,1.987322000788117e-05,0.499281670416237,6.935296550282277e-09,0.4992816704162441,2.6320519398807075e-09,0.0014041591461476227,9.805874310262393e-08,2.9238684013396224e-07
Random1238
Raw:1.0104241096782794e-05,2.122547334954209e-06,1.987322000788117e-05,0.499281670416237,6.9352965502821786e-09,0.4992816704162441,2.6320519398807075e-09,0.0014041591461476227,9.805874310262393e-08,2.9238684013396224e-07
EFT:1.0104241096782794e-05,2.122547334954209e-06,1.987322000788117e-05,0.499281670416237,6.935296550282277e-09,0.4992816704162441,2.6320519398807075e-09,0.0014041591461476227,9.805874310262393e-08,2.9238684013396224e-07
Random1239
Raw:1.0104241096783009e-05,2.122547334954224e-06,1.987322000788131e-05,0.49928167041623345,6.935296550282327e-09,0.49928167041624766,2.6320519398807638e-09,0.0014041591461476327,9.805874310262601e-08,2.9238684013396436e-07
EFT:1.0104241096782794e-05,2.122547334954209e-06,1.987322000788117e-05,0.499281670416237,6.935296550282277e-09,0.4992816704162441,2.6320519398807075e-09,0.0014041591461476227,9.805874310262393e-08,2.9238684013396224e-07
Random1240
Raw:1.0104241096783009e-05,2.122547334954224e-06,1.9873220007881028e-05,0.49928167041623345,6.935296550282327e-09,0.49928167041624766,2.6320519398807638e-09,0.0014041591461476327,9.805874310262601e-08,2.9238684013396436e-07
EFT:1.0104241096782794e-05,2.122547334954209e-06,1.987322000788117e-05,0.499281670416237,6.935296550282277e-09,0.4992816704162441,2.6320519398807075e-09,0.0014041591461476227,9.805874310262393e-08,2.9238684013396224e-07
Random1241
Raw:1.0104241096783009e-05,2.122547334954224e-06,1.987322000788131e-05,0.49928167041623345,6.935296550282327e-09,0.49928167041624766,2.6320519398807638e-09,0.0014041591461476327,9.805874310262462e-08,2.923868401339685e-07
EFT:1.0104241096782794e-05,2.122547334954209e-06,1.987322000788117e-05,0.499281670416237,6.935296550282277e-09,0.4992816704162441,2.6320519398807075e-09,0.0014041591461476227,9.805874310262393e-08,2.9238684013396224e-07
Random1242
Raw:1.0104241096782794e-05,2.122547334954209e-06,1.987322000788117e-05,0.499281670416237,6.9352965502821786e-09,0.4992816704162441,2.6320519398807075e-09,0.0014041591461476227,9.805874310262393e-08,2.9238684013396224e-07
EFT:1.0104241096782794e-05,2.122547334954209e-06,1.987322000788117e-05,0.499281670416237,6.935296550282277e-09,0.4992816704162441,2.6320519398807075e-09,0.0014041591461476227,9.805874310262393e-08,2.9238684013396224e-07
Random1243
Raw:1.0104241096782867e-05,2.122547334954224e-06,1.9873220007881028e-05,0.49928167041624055,6.935296550282326e-09,0.49928167041624055,2.6320519398807265e-09,0.0014041591461476128,9.805874310262462e-08,2.923868401339643e-07
EFT:1.0104241096782794e-05,2.122547334954209e-06,1.987322000788117e-05,0.499281670416237,6.935296550282277e-09,0.4992816704162441,2.6320519398807075e-09,0.0014041591461476227,9.805874310262393e-08,2.9238684013396224e-07
Random1244
Raw:1.0104241096782865e-05,2.122547334954194e-06,1.9873220007881028e-05,0.49928167041623345,6.935296550282327e-09,0.49928167041624766,2.6320519398807638e-09,0.0014041591461476126,9.805874310262324e-08,2.9238684013396436e-07
EFT:1.0104241096782794e-05,2.122547334954209e-06,1.987322000788117e-05,0.499281670416237,6.935296550282277e-09,0.4992816704162441,2.6320519398807075e-09,0.0014041591461476227,9.805874310262393e-08,2.9238684013396224e-07
Random1245
Raw:1.0104241096782867e-05,2.122547334954224e-06,1.987322000788131e-05,0.49928167041624055,6.935296550282326e-09,0.49928167041624055,2.6320519398807638e-09,0.0014041591461476327,9.805874310262462e-08,2.923868401339643e-07
EFT:1.0104241096782794e-05,2.122547334954209e-06,1.987322000788117e-05,0.499281670416237,6.935296550282277e-09,0.4992816704162441,2.6320519398807075e-09,0.0014041591461476227,9.805874310262393e-08,2.9238684013396224e-07
Random1246
Raw:1.0104241096782938e-05,2.122547334954209e-06,1.987322000788117e-05,0.499281670416237,6.9352965502823754e-09,0.4992816704162441,2.6320519398807824e-09,0.0014041591461476026,9.805874310262393e-08,2.9238684013396637e-07
EFT:1.0104241096782794e-05,2.122547334954209e-06,1.987322000788117e-05,0.499281670416237,6.935296550282277e-09,0.4992816704162441,2.6320519398807075e-09,0.0014041591461476227,9.805874310262393e-08,2.9238684013396224e-07
Random1247
Raw:1.0104241096783009e-05,2.122547334954224e-06,1.987322000788131e-05,0.49928167041623345,6.935296550282327e-09,0.49928167041624766,2.6320519398807638e-09,0.0014041591461476327,9.805874310262462e-08,2.923868401339685e-07
EFT:1.0104241096782794e-05,2.122547334954209e-06,1.987322000788117e-05,0.499281670416237,6.935296550282277e-09,0.4992816704162441,2.6320519398807075e-09,0.0014041591461476227,9.805874310262393e-08,2.9238684013396224e-07
Random1248
Raw:1.0104241096782794e-05,2.122547334954209e-06,1.987322000788117e-05,0.499281670416237,6.935296550282277e-09,0.4992816704162441,2.632051939880745e-09,0.0014041591461476227,9.805874310262254e-08,2.9238684013396224e-07
EFT:1.0104241096782794e-05,2.122547334954209e-06,1.987322000788117e-05,0.499281670416237,6.935296550282277e-09,0.4992816704162441,2.6320519398807075e-09,0.0014041591461476227,9.805874310262393e-08,2.9238684013396224e-07
Random1249
Raw:1.0104241096782938e-05,2.122547334954209e-06,1.987322000788117e-05,0.499281670416237,6.935296550282277e-09,0.4992816704162441,2.632051939880745e-09,0.0014041591461476427,9.805874310262393e-08,2.9238684013396224e-07
EFT:1.0104241096782794e-05,2.122547334954209e-06,1.987322000788117e-05,0.499281670416237,6.935296550282277e-09,0.4992816704162441,2.6320519398807075e-09,0.0014041591461476227,9.805874310262393e-08,2.9238684013396224e-07
Random1250
Raw:1.0104241096782938e-05,2.122547334954209e-06,1.987322000788117e-05,0.499281670416237,6.935296550282277e-09,0.4992816704162441,2.632051939880745e-09,0.0014041591461476427,9.805874310262393e-08,2.9238684013396224e-07
EFT:1.0104241096782794e-05,2.122547334954209e-06,1.987322000788117e-05,0.499281670416237,6.935296550282277e-09,0.4992816704162441,2.6320519398807075e-09,0.0014041591461476227,9.805874310262393e-08,2.9238684013396224e-07
Random1251
Raw:1.0104241096782867e-05,2.122547334954224e-06,1.987322000788131e-05,0.49928167041624055,6.935296550282326e-09,0.49928167041624055,2.6320519398807265e-09,0.0014041591461476327,9.805874310262462e-08,2.923868401339643e-07
EFT:1.0104241096782794e-05,2.122547334954209e-06,1.987322000788117e-05,0.499281670416237,6.935296550282277e-09,0.4992816704162441,2.6320519398807075e-09,0.0014041591461476227,9.805874310262393e-08,2.9238684013396224e-07
Random1252
Raw:1.0104241096782867e-05,2.122547334954194e-06,1.9873220007881028e-05,0.49928167041624055,6.935296550282326e-09,0.49928167041624055,2.6320519398807265e-09,0.0014041591461476128,9.805874310262323e-08,2.923868401339643e-07
EFT:1.0104241096782794e-05,2.122547334954209e-06,1.987322000788117e-05,0.499281670416237,6.935296550282277e-09,0.4992816704162441,2.6320519398807075e-09,0.0014041591461476227,9.805874310262393e-08,2.9238684013396224e-07
Random1253
Raw:1.0104241096782938e-05,2.122547334954209e-06,1.987322000788117e-05,0.499281670416237,6.9352965502823754e-09,0.4992816704162441,2.6320519398807824e-09,0.0014041591461476227,9.805874310262532e-08,2.9238684013396637e-07
EFT:1.0104241096782794e-05,2.122547334954209e-06,1.987322000788117e-05,0.499281670416237,6.935296550282277e-09,0.4992816704162441,2.6320519398807075e-09,0.0014041591461476227,9.805874310262393e-08,2.9238684013396224e-07
Random1254
Raw:1.0104241096782938e-05,2.122547334954209e-06,1.987322000788117e-05,0.499281670416237,6.9352965502823754e-09,0.4992816704162441,2.6320519398807824e-09,0.0014041591461476227,9.805874310262532e-08,2.9238684013396637e-07
EFT:1.0104241096782794e-05,2.122547334954209e-06,1.987322000788117e-05,0.499281670416237,6.935296550282277e-09,0.4992816704162441,2.6320519398807075e-09,0.0014041591461476227,9.805874310262393e-08,2.9238684013396224e-07
Random1255
Raw:1.0104241096782938e-05,2.122547334954209e-06,1.987322000788117e-05,0.499281670416237,6.935296550282277e-09,0.4992816704162441,2.632051939880745e-09,0.0014041591461476227,9.805874310262532e-08,2.9238684013396224e-07
EFT:1.0104241096782794e-05,2.122547334954209e-06,1.987322000788117e-05,0.499281670416237,6.935296550282277e-09,0.4992816704162441,2.6320519398807075e-09,0.0014041591461476227,9.805874310262393e-08,2.9238684013396224e-07
Random1256
Raw:1.0104241096782938e-05,2.122547334954209e-06,1.9873220007880885e-05,0.499281670416237,6.935296550282277e-09,0.4992816704162441,2.632051939880745e-09,0.0014041591461476227,9.805874310262532e-08,2.9238684013396224e-07
EFT:1.0104241096782794e-05,2.122547334954209e-06,1.987322000788117e-05,0.499281670416237,6.935296550282277e-09,0.4992816704162441,2.6320519398807075e-09,0.0014041591461476227,9.805874310262393e-08,2.9238684013396224e-07
Random1257
Raw:1.0104241096782867e-05,2.122547334954224e-06,1.987322000788131e-05,0.49928167041624055,6.935296550282326e-09,0.49928167041624055,2.6320519398807265e-09,0.0014041591461476327,9.805874310262462e-08,2.923868401339643e-07
EFT:1.0104241096782794e-05,2.122547334954209e-06,1.987322000788117e-05,0.499281670416237,6.935296550282277e-09,0.4992816704162441,2.6320519398807075e-09,0.0014041591461476227,9.805874310262393e-08,2.9238684013396224e-07
Random1258
Raw:1.0104241096782867e-05,2.122547334954224e-06,1.987322000788131e-05,0.49928167041624055,6.935296550282326e-09,0.49928167041624055,2.6320519398807265e-09,0.0014041591461476128,9.805874310262462e-08,2.923868401339643e-07
EFT:1.0104241096782794e-05,2.122547334954209e-06,1.987322000788117e-05,0.499281670416237,6.935296550282277e-09,0.4992816704162441,2.6320519398807075e-09,0.0014041591461476227,9.805874310262393e-08,2.9238684013396224e-07
Random1259
Raw:1.0104241096782794e-05,2.122547334954209e-06,1.987322000788117e-05,0.499281670416237,6.9352965502821786e-09,0.4992816704162441,2.632051939880745e-09,0.0014041591461476227,9.805874310262254e-08,2.9238684013396224e-07
EFT:1.0104241096782794e-05,2.122547334954209e-06,1.987322000788117e-05,0.499281670416237,6.935296550282277e-09,0.4992816704162441,2.6320519398807075e-09,0.0014041591461476227,9.805874310262393e-08,2.9238684013396224e-07
Random1260
Raw:1.0104241096782867e-05,2.122547334954224e-06,1.987322000788131e-05,0.49928167041624055,6.935296550282326e-09,0.49928167041624055,2.6320519398807265e-09,0.0014041591461476128,9.805874310262462e-08,2.923868401339643e-07
EFT:1.0104241096782794e-05,2.122547334954209e-06,1.987322000788117e-05,0.499281670416237,6.935296550282277e-09,0.4992816704162441,2.6320519398807075e-09,0.0014041591461476227,9.805874310262393e-08,2.9238684013396224e-07
Random1261
Raw:1.0104241096783009e-05,2.122547334954224e-06,1.987322000788131e-05,0.49928167041623345,6.935296550282327e-09,0.49928167041624766,2.6320519398807638e-09,0.0014041591461476327,9.805874310262601e-08,2.9238684013396436e-07
EFT:1.0104241096782794e-05,2.122547334954209e-06,1.987322000788117e-05,0.499281670416237,6.935296550282277e-09,0.4992816704162441,2.6320519398807075e-09,0.0014041591461476227,9.805874310262393e-08,2.9238684013396224e-07
Random1262
Raw:1.0104241096783009e-05,2.122547334954224e-06,1.9873220007881028e-05,0.49928167041623345,6.935296550282327e-09,0.49928167041624766,2.6320519398807638e-09,0.0014041591461476327,9.805874310262601e-08,2.9238684013396436e-07
EFT:1.0104241096782794e-05,2.122547334954209e-06,1.987322000788117e-05,0.499281670416237,6.935296550282277e-09,0.4992816704162441,2.6320519398807075e-09,0.0014041591461476227,9.805874310262393e-08,2.9238684013396224e-07
Random1263
Raw:1.0104241096782938e-05,2.122547334954239e-06,1.9873220007880885e-05,0.499281670416237,6.935296550282277e-09,0.4992816704162441,2.632051939880745e-09,0.0014041591461476227,9.805874310262532e-08,2.9238684013396224e-07
EFT:1.0104241096782794e-05,2.122547334954209e-06,1.987322000788117e-05,0.499281670416237,6.935296550282277e-09,0.4992816704162441,2.6320519398807075e-09,0.0014041591461476227,9.805874310262393e-08,2.9238684013396224e-07
Random1264
Raw:1.0104241096782938e-05,2.122547334954209e-06,1.987322000788117e-05,0.499281670416237,6.935296550282277e-09,0.4992816704162441,2.632051939880745e-09,0.0014041591461476227,9.805874310262532e-08,2.9238684013396224e-07
EFT:1.0104241096782794e-05,2.122547334954209e-06,1.987322000788117e-05,0.499281670416237,6.935296550282277e-09,0.4992816704162441,2.6320519398807075e-09,0.0014041591461476227,9.805874310262393e-08,2.9238684013396224e-07
Random1265
Raw:1.0104241096782938e-05,2.122547334954209e-06,1.987322000788117e-05,0.499281670416237,6.9352965502823754e-09,0.4992816704162441,2.632051939880745e-09,0.0014041591461476227,9.805874310262393e-08,2.9238684013396637e-07
EFT:1.0104241096782794e-05,2.122547334954209e-06,1.987322000788117e-05,0.499281670416237,6.935296550282277e-09,0.4992816704162441,2.6320519398807075e-09,0.0014041591461476227,9.805874310262393e-08,2.9238684013396224e-07
Random1266
Raw:1.0104241096783009e-05,2.122547334954194e-06,1.9873220007881028e-05,0.49928167041623345,6.935296550282327e-09,0.49928167041624766,2.6320519398807638e-09,0.0014041591461476126,9.805874310262601e-08,2.9238684013396436e-07
EFT:1.0104241096782794e-05,2.122547334954209e-06,1.987322000788117e-05,0.499281670416237,6.935296550282277e-09,0.4992816704162441,2.6320519398807075e-09,0.0014041591461476227,9.805874310262393e-08,2.9238684013396224e-07
Random1267
Raw:1.0104241096782938e-05,2.122547334954209e-06,1.9873220007880885e-05,0.499281670416237,6.935296550282277e-09,0.4992816704162441,2.632051939880745e-09,0.0014041591461476227,9.805874310262393e-08,2.9238684013396224e-07
EFT:1.0104241096782794e-05,2.122547334954209e-06,1.987322000788117e-05,0.499281670416237,6.935296550282277e-09,0.4992816704162441,2.6320519398807075e-09,0.0014041591461476227,9.805874310262393e-08,2.9238684013396224e-07
Random1268
Raw:1.0104241096783009e-05,2.122547334954224e-06,1.987322000788131e-05,0.49928167041623345,6.935296550282327e-09,0.49928167041624766,2.6320519398807638e-09,0.0014041591461476327,9.805874310262601e-08,2.9238684013396436e-07
EFT:1.0104241096782794e-05,2.122547334954209e-06,1.987322000788117e-05,0.499281670416237,6.935296550282277e-09,0.4992816704162441,2.6320519398807075e-09,0.0014041591461476227,9.805874310262393e-08,2.9238684013396224e-07
Random1269
Raw:1.0104241096782794e-05,2.122547334954239e-06,1.987322000788117e-05,0.4992816704162441,6.935296550282277e-09,0.499281670416237,2.6320519398807075e-09,0.0014041591461476227,9.805874310262393e-08,2.9238684013396224e-07
EFT:1.0104241096782794e-05,2.122547334954209e-06,1.987322000788117e-05,0.499281670416237,6.935296550282277e-09,0.4992816704162441,2.6320519398807075e-09,0.0014041591461476227,9.805874310262393e-08,2.9238684013396224e-07
Random1270
Raw:1.0104241096782938e-05,2.122547334954209e-06,1.9873220007880885e-05,0.499281670416237,6.935296550282277e-09,0.4992816704162441,2.632051939880745e-09,0.0014041591461476227,9.805874310262532e-08,2.9238684013396224e-07
EFT:1.0104241096782794e-05,2.122547334954209e-06,1.987322000788117e-05,0.499281670416237,6.935296550282277e-09,0.4992816704162441,2.6320519398807075e-09,0.0014041591461476227,9.805874310262393e-08,2.9238684013396224e-07
Random1271
Raw:1.0104241096782867e-05,2.122547334954194e-06,1.9873220007881028e-05,0.49928167041624055,6.935296550282326e-09,0.49928167041624055,2.6320519398807265e-09,0.0014041591461476128,9.805874310262323e-08,2.923868401339643e-07
EFT:1.0104241096782794e-05,2.122547334954209e-06,1.987322000788117e-05,0.499281670416237,6.935296550282277e-09,0.4992816704162441,2.6320519398807075e-09,0.0014041591461476227,9.805874310262393e-08,2.9238684013396224e-07
Random1272
Raw:1.0104241096782867e-05,2.122547334954194e-06,1.9873220007881028e-05,0.49928167041624055,6.935296550282326e-09,0.49928167041624055,2.6320519398807265e-09,0.0014041591461476128,9.805874310262602e-08,2.923868401339643e-07
EFT:1.0104241096782794e-05,2.122547334954209e-06,1.987322000788117e-05,0.499281670416237,6.935296550282277e-09,0.4992816704162441,2.6320519398807075e-09,0.0014041591461476227,9.805874310262393e-08,2.9238684013396224e-07
Random1273
Raw:1.0104241096782867e-05,2.122547334954194e-06,1.9873220007881028e-05,0.49928167041624055,6.935296550282228e-09,0.49928167041624055,2.632051939880689e-09,0.0014041591461476128,9.805874310262462e-08,2.923868401339602e-07
EFT:1.0104241096782794e-05,2.122547334954209e-06,1.987322000788117e-05,0.499281670416237,6.935296550282277e-09,0.4992816704162441,2.6320519398807075e-09,0.0014041591461476227,9.805874310262393e-08,2.9238684013396224e-07
Random1274
Raw:1.0104241096782938e-05,2.122547334954239e-06,1.987322000788117e-05,0.499281670416237,6.9352965502823754e-09,0.4992816704162441,2.6320519398807824e-09,0.0014041591461476227,9.805874310262532e-08,2.9238684013396637e-07
EFT:1.0104241096782794e-05,2.122547334954209e-06,1.987322000788117e-05,0.499281670416237,6.935296550282277e-09,0.4992816704162441,2.6320519398807075e-09,0.0014041591461476227,9.805874310262393e-08,2.9238684013396224e-07
Random1275
Raw:1.0104241096783009e-05,2.122547334954224e-06,1.987322000788131e-05,0.49928167041623345,6.935296550282327e-09,0.49928167041624766,2.6320519398807638e-09,0.0014041591461476327,9.805874310262462e-08,2.923868401339685e-07
EFT:1.0104241096782794e-05,2.122547334954209e-06,1.987322000788117e-05,0.499281670416237,6.935296550282277e-09,0.4992816704162441,2.6320519398807075e-09,0.0014041591461476227,9.805874310262393e-08,2.9238684013396224e-07
Random1276
Raw:1.0104241096782794e-05,2.122547334954209e-06,1.987322000788117e-05,0.499281670416237,6.935296550282277e-09,0.4992816704162441,2.6320519398807075e-09,0.0014041591461476227,9.805874310262393e-08,2.9238684013396224e-07
EFT:1.0104241096782794e-05,2.122547334954209e-06,1.987322000788117e-05,0.499281670416237,6.935296550282277e-09,0.4992816704162441,2.6320519398807075e-09,0.0014041591461476227,9.805874310262393e-08,2.9238684013396224e-07
Random1277
Raw:1.0104241096782865e-05,2.122547334954194e-06,1.9873220007881028e-05,0.49928167041623345,6.935296550282228e-09,0.49928167041624766,2.632051939880726e-09,0.0014041591461476126,9.805874310262462e-08,2.9238684013396436e-07
EFT:1.0104241096782794e-05,2.122547334954209e-06,1.987322000788117e-05,0.499281670416237,6.935296550282277e-09,0.4992816704162441,2.6320519398807075e-09,0.0014041591461476227,9.805874310262393e-08,2.9238684013396224e-07
Random1278
Raw:1.0104241096782938e-05,2.122547334954239e-06,1.987322000788145e-05,0.499281670416237,6.9352965502823754e-09,0.4992816704162441,2.632051939880745e-09,0.0014041591461476227,9.805874310262532e-08,2.9238684013396637e-07
EFT:1.0104241096782794e-05,2.122547334954209e-06,1.987322000788117e-05,0.499281670416237,6.935296550282277e-09,0.4992816704162441,2.6320519398807075e-09,0.0014041591461476227,9.805874310262393e-08,2.9238684013396224e-07
Random1279
Raw:1.0104241096782867e-05,2.122547334954194e-06,1.9873220007881028e-05,0.49928167041624055,6.935296550282228e-09,0.49928167041624055,2.632051939880689e-09,0.0014041591461476327,9.805874310262323e-08,2.923868401339602e-07
EFT:1.0104241096782794e-05,2.122547334954209e-06,1.987322000788117e-05,0.499281670416237,6.935296550282277e-09,0.4992816704162441,2.6320519398807075e-09,0.0014041591461476227,9.805874310262393e-08,2.9238684013396224e-07
Random1280
Raw:1.0104241096782867e-05,2.122547334954224e-06,1.987322000788131e-05,0.49928167041624055,6.935296550282326e-09,0.49928167041624055,2.6320519398807265e-09,0.0014041591461476327,9.805874310262602e-08,2.923868401339643e-07
EFT:1.0104241096782794e-05,2.122547334954209e-06,1.987322000788117e-05,0.499281670416237,6.935296550282277e-09,0.4992816704162441,2.6320519398807075e-09,0.0014041591461476227,9.805874310262393e-08,2.9238684013396224e-07
Random1281
Raw:1.0104241096782938e-05,2.122547334954239e-06,1.987322000788117e-05,0.499281670416237,6.935296550282277e-09,0.4992816704162441,2.632051939880745e-09,0.0014041591461476427,9.805874310262532e-08,2.9238684013396224e-07
EFT:1.0104241096782794e-05,2.122547334954209e-06,1.987322000788117e-05,0.499281670416237,6.935296550282277e-09,0.4992816704162441,2.6320519398807075e-09,0.0014041591461476227,9.805874310262393e-08,2.9238684013396224e-07
Random1282
Raw:1.0104241096783082e-05,2.122547334954239e-06,1.987322000788145e-05,0.499281670416237,6.935296550282475e-09,0.4992816704162441,2.6320519398807824e-09,0.0014041591461476427,9.805874310262532e-08,2.9238684013396637e-07
EFT:1.0104241096782794e-05,2.122547334954209e-06,1.987322000788117e-05,0.499281670416237,6.935296550282277e-09,0.4992816704162441,2.6320519398807075e-09,0.0014041591461476227,9.805874310262393e-08,2.9238684013396224e-07
Random1283
Raw:1.0104241096782794e-05,2.122547334954209e-06,1.987322000788117e-05,0.499281670416237,6.9352965502821786e-09,0.4992816704162441,2.6320519398807075e-09,0.0014041591461476227,9.805874310262393e-08,2.9238684013396224e-07
EFT:1.0104241096782794e-05,2.122547334954209e-06,1.987322000788117e-05,0.499281670416237,6.935296550282277e-09,0.4992816704162441,2.6320519398807075e-09,0.0014041591461476227,9.805874310262393e-08,2.9238684013396224e-07
Random1284
Raw:1.0104241096782867e-05,2.122547334954224e-06,1.987322000788131e-05,0.49928167041624055,6.935296550282326e-09,0.49928167041624055,2.6320519398807265e-09,0.0014041591461476327,9.805874310262602e-08,2.923868401339643e-07
EFT:1.0104241096782794e-05,2.122547334954209e-06,1.987322000788117e-05,0.499281670416237,6.935296550282277e-09,0.4992816704162441,2.6320519398807075e-09,0.0014041591461476227,9.805874310262393e-08,2.9238684013396224e-07
Random1285
Raw:1.0104241096782867e-05,2.122547334954224e-06,1.9873220007881028e-05,0.49928167041624055,6.935296550282326e-09,0.49928167041624055,2.6320519398807265e-09,0.0014041591461476327,9.805874310262602e-08,2.923868401339643e-07
EFT:1.0104241096782794e-05,2.122547334954209e-06,1.987322000788117e-05,0.499281670416237,6.935296550282277e-09,0.4992816704162441,2.6320519398807075e-09,0.0014041591461476227,9.805874310262393e-08,2.9238684013396224e-07
Random1286
Raw:1.0104241096782938e-05,2.122547334954209e-06,1.987322000788117e-05,0.499281670416237,6.935296550282277e-09,0.4992816704162441,2.632051939880745e-09,0.0014041591461476427,9.805874310262393e-08,2.9238684013396224e-07
EFT:1.0104241096782794e-05,2.122547334954209e-06,1.987322000788117e-05,0.499281670416237,6.935296550282277e-09,0.4992816704162441,2.6320519398807075e-09,0.0014041591461476227,9.805874310262393e-08,2.9238684013396224e-07
Random1287
Raw:1.0104241096783009e-05,2.122547334954224e-06,1.9873220007881028e-05,0.49928167041623345,6.935296550282327e-09,0.49928167041624766,2.6320519398807638e-09,0.0014041591461476327,9.805874310262601e-08,2.9238684013396436e-07
EFT:1.0104241096782794e-05,2.122547334954209e-06,1.987322000788117e-05,0.499281670416237,6.935296550282277e-09,0.4992816704162441,2.6320519398807075e-09,0.0014041591461476227,9.805874310262393e-08,2.9238684013396224e-07
Random1288
Raw:1.0104241096782867e-05,2.122547334954224e-06,1.987322000788131e-05,0.49928167041624055,6.935296550282326e-09,0.49928167041624055,2.6320519398807265e-09,0.0014041591461476327,9.805874310262462e-08,2.923868401339643e-07
EFT:1.0104241096782794e-05,2.122547334954209e-06,1.987322000788117e-05,0.499281670416237,6.935296550282277e-09,0.4992816704162441,2.6320519398807075e-09,0.0014041591461476227,9.805874310262393e-08,2.9238684013396224e-07
Random1289
Raw:1.0104241096782938e-05,2.122547334954209e-06,1.987322000788117e-05,0.499281670416237,6.935296550282277e-09,0.4992816704162441,2.632051939880745e-09,0.0014041591461476227,9.805874310262532e-08,2.9238684013396224e-07
EFT:1.0104241096782794e-05,2.122547334954209e-06,1.987322000788117e-05,0.499281670416237,6.935296550282277e-09,0.4992816704162441,2.6320519398807075e-09,0.0014041591461476227,9.805874310262393e-08,2.9238684013396224e-07
Random1290
Raw:1.0104241096782867e-05,2.122547334954224e-06,1.987322000788131e-05,0.49928167041624055,6.935296550282326e-09,0.49928167041624055,2.6320519398807265e-09,0.0014041591461476128,9.805874310262462e-08,2.923868401339643e-07
EFT:1.0104241096782794e-05,2.122547334954209e-06,1.987322000788117e-05,0.499281670416237,6.935296550282277e-09,0.4992816704162441,2.6320519398807075e-09,0.0014041591461476227,9.805874310262393e-08,2.9238684013396224e-07
Random1291
Raw:1.0104241096782865e-05,2.122547334954194e-06,1.9873220007881028e-05,0.49928167041623345,6.935296550282327e-09,0.49928167041624766,2.632051939880726e-09,0.0014041591461476126,9.805874310262462e-08,2.9238684013396436e-07
EFT:1.0104241096782794e-05,2.122547334954209e-06,1.987322000788117e-05,0.499281670416237,6.935296550282277e-09,0.4992816704162441,2.6320519398807075e-09,0.0014041591461476227,9.805874310262393e-08,2.9238684013396224e-07
Random1292
Raw:1.0104241096783009e-05,2.122547334954194e-06,1.9873220007881028e-05,0.49928167041623345,6.935296550282327e-09,0.49928167041624766,2.6320519398807638e-09,0.0014041591461476126,9.805874310262601e-08,2.9238684013396436e-07
EFT:1.0104241096782794e-05,2.122547334954209e-06,1.987322000788117e-05,0.499281670416237,6.935296550282277e-09,0.4992816704162441,2.6320519398807075e-09,0.0014041591461476227,9.805874310262393e-08,2.9238684013396224e-07
Random1293
Raw:1.0104241096782938e-05,2.122547334954239e-06,1.987322000788145e-05,0.499281670416237,6.935296550282277e-09,0.4992816704162441,2.632051939880745e-09,0.0014041591461476427,9.805874310262393e-08,2.9238684013396637e-07
EFT:1.0104241096782794e-05,2.122547334954209e-06,1.987322000788117e-05,0.499281670416237,6.935296550282277e-09,0.4992816704162441,2.6320519398807075e-09,0.0014041591461476227,9.805874310262393e-08,2.9238684013396224e-07
Random1294
Raw:1.0104241096782867e-05,2.122547334954224e-06,1.987322000788131e-05,0.49928167041624055,6.935296550282228e-09,0.49928167041624055,2.632051939880689e-09,0.0014041591461476327,9.805874310262462e-08,2.923868401339602e-07
EFT:1.0104241096782794e-05,2.122547334954209e-06,1.987322000788117e-05,0.499281670416237,6.935296550282277e-09,0.4992816704162441,2.6320519398807075e-09,0.0014041591461476227,9.805874310262393e-08,2.9238684013396224e-07
Random1295
Raw:1.0104241096782938e-05,2.122547334954209e-06,1.987322000788117e-05,0.499281670416237,6.935296550282277e-09,0.4992816704162441,2.632051939880745e-09,0.0014041591461476227,9.805874310262532e-08,2.9238684013396224e-07
EFT:1.0104241096782794e-05,2.122547334954209e-06,1.987322000788117e-05,0.499281670416237,6.935296550282277e-09,0.4992816704162441,2.6320519398807075e-09,0.0014041591461476227,9.805874310262393e-08,2.9238684013396224e-07
Random1296
Raw:1.0104241096782867e-05,2.122547334954224e-06,1.987322000788131e-05,0.49928167041624055,6.935296550282326e-09,0.49928167041624055,2.6320519398807265e-09,0.0014041591461476327,9.805874310262602e-08,2.923868401339643e-07
EFT:1.0104241096782794e-05,2.122547334954209e-06,1.987322000788117e-05,0.499281670416237,6.935296550282277e-09,0.4992816704162441,2.6320519398807075e-09,0.0014041591461476227,9.805874310262393e-08,2.9238684013396224e-07
Random1297
Raw:1.0104241096782938e-05,2.122547334954239e-06,1.987322000788117e-05,0.499281670416237,6.935296550282277e-09,0.4992816704162441,2.632051939880745e-09,0.0014041591461476427,9.805874310262532e-08,2.9238684013396224e-07
EFT:1.0104241096782794e-05,2.122547334954209e-06,1.987322000788117e-05,0.499281670416237,6.935296550282277e-09,0.4992816704162441,2.6320519398807075e-09,0.0014041591461476227,9.805874310262393e-08,2.9238684013396224e-07
Random1298
Raw:1.0104241096782723e-05,2.122547334954194e-06,1.9873220007881028e-05,0.49928167041624055,6.935296550282228e-09,0.49928167041624055,2.6320519398806513e-09,0.0014041591461476128,9.805874310262323e-08,2.923868401339602e-07
EFT:1.0104241096782794e-05,2.122547334954209e-06,1.987322000788117e-05,0.499281670416237,6.935296550282277e-09,0.4992816704162441,2.6320519398807075e-09,0.0014041591461476227,9.805874310262393e-08,2.9238684013396224e-07
Random1299
Raw:1.0104241096783009e-05,2.122547334954224e-06,1.987322000788131e-05,0.49928167041623345,6.935296550282327e-09,0.49928167041624766,2.6320519398807638e-09,0.0014041591461476327,9.805874310262601e-08,2.9238684013396436e-07
EFT:1.0104241096782794e-05,2.122547334954209e-06,1.987322000788117e-05,0.499281670416237,6.935296550282277e-09,0.4992816704162441,2.6320519398807075e-09,0.0014041591461476227,9.805874310262393e-08,2.9238684013396224e-07
Random1300
Raw:1.0104241096782938e-05,2.122547334954209e-06,1.987322000788117e-05,0.499281670416237,6.935296550282277e-09,0.4992816704162441,2.632051939880745e-09,0.0014041591461476227,9.805874310262532e-08,2.9238684013396224e-07
EFT:1.0104241096782794e-05,2.122547334954209e-06,1.987322000788117e-05,0.499281670416237,6.935296550282277e-09,0.4992816704162441,2.6320519398807075e-09,0.0014041591461476227,9.805874310262393e-08,2.9238684013396224e-07
Random1301
Raw:1.0104241096782794e-05,2.122547334954209e-06,1.987322000788117e-05,0.499281670416237,6.9352965502821786e-09,0.4992816704162441,2.632051939880745e-09,0.0014041591461476227,9.805874310262254e-08,2.9238684013396224e-07
EFT:1.0104241096782794e-05,2.122547334954209e-06,1.987322000788117e-05,0.499281670416237,6.935296550282277e-09,0.4992816704162441,2.6320519398807075e-09,0.0014041591461476227,9.805874310262393e-08,2.9238684013396224e-07
Random1302
Raw:1.0104241096783009e-05,2.122547334954224e-06,1.987322000788131e-05,0.49928167041623345,6.935296550282327e-09,0.49928167041624766,2.6320519398807638e-09,0.0014041591461476327,9.805874310262462e-08,2.923868401339685e-07
EFT:1.0104241096782794e-05,2.122547334954209e-06,1.987322000788117e-05,0.499281670416237,6.935296550282277e-09,0.4992816704162441,2.6320519398807075e-09,0.0014041591461476227,9.805874310262393e-08,2.9238684013396224e-07
Random1303
Raw:1.0104241096782867e-05,2.122547334954224e-06,1.9873220007881028e-05,0.49928167041624055,6.935296550282326e-09,0.49928167041624055,2.6320519398807265e-09,0.0014041591461476327,9.805874310262323e-08,2.923868401339643e-07
EFT:1.0104241096782794e-05,2.122547334954209e-06,1.987322000788117e-05,0.499281670416237,6.935296550282277e-09,0.4992816704162441,2.6320519398807075e-09,0.0014041591461476227,9.805874310262393e-08,2.9238684013396224e-07
Random1304
Raw:1.0104241096782867e-05,2.122547334954224e-06,1.987322000788131e-05,0.49928167041624055,6.935296550282326e-09,0.49928167041624055,2.6320519398807265e-09,0.0014041591461476327,9.805874310262323e-08,2.923868401339643e-07
EFT:1.0104241096782794e-05,2.122547334954209e-06,1.987322000788117e-05,0.499281670416237,6.935296550282277e-09,0.4992816704162441,2.6320519398807075e-09,0.0014041591461476227,9.805874310262393e-08,2.9238684013396224e-07
Random1305
Raw:1.0104241096782938e-05,2.1225473349541788e-06,1.9873220007880885e-05,0.499281670416237,6.935296550282277e-09,0.4992816704162441,2.632051939880745e-09,0.0014041591461476026,9.805874310262532e-08,2.9238684013396224e-07
EFT:1.0104241096782794e-05,2.122547334954209e-06,1.987322000788117e-05,0.499281670416237,6.935296550282277e-09,0.4992816704162441,2.6320519398807075e-09,0.0014041591461476227,9.805874310262393e-08,2.9238684013396224e-07
Random1306
Raw:1.0104241096782867e-05,2.122547334954224e-06,1.987322000788131e-05,0.49928167041624055,6.935296550282326e-09,0.49928167041624055,2.6320519398807265e-09,0.0014041591461476128,9.805874310262462e-08,2.923868401339643e-07
EFT:1.0104241096782794e-05,2.122547334954209e-06,1.987322000788117e-05,0.499281670416237,6.935296550282277e-09,0.4992816704162441,2.6320519398807075e-09,0.0014041591461476227,9.805874310262393e-08,2.9238684013396224e-07
Random1307
Raw:1.0104241096782938e-05,2.122547334954239e-06,1.987322000788117e-05,0.499281670416237,6.935296550282277e-09,0.4992816704162441,2.632051939880745e-09,0.0014041591461476227,9.805874310262532e-08,2.9238684013396224e-07
EFT:1.0104241096782794e-05,2.122547334954209e-06,1.987322000788117e-05,0.499281670416237,6.935296550282277e-09,0.4992816704162441,2.6320519398807075e-09,0.0014041591461476227,9.805874310262393e-08,2.9238684013396224e-07
Random1308
Raw:1.0104241096782938e-05,2.122547334954239e-06,1.9873220007880885e-05,0.499281670416237,6.935296550282277e-09,0.4992816704162441,2.632051939880745e-09,0.0014041591461476227,9.805874310262532e-08,2.9238684013396224e-07
EFT:1.0104241096782794e-05,2.122547334954209e-06,1.987322000788117e-05,0.499281670416237,6.935296550282277e-09,0.4992816704162441,2.6320519398807075e-09,0.0014041591461476227,9.805874310262393e-08,2.9238684013396224e-07
Random1309
Raw:1.0104241096782867e-05,2.122547334954224e-06,1.987322000788131e-05,0.49928167041624055,6.935296550282326e-09,0.49928167041624055,2.6320519398807265e-09,0.0014041591461476327,9.805874310262462e-08,2.923868401339643e-07
EFT:1.0104241096782794e-05,2.122547334954209e-06,1.987322000788117e-05,0.499281670416237,6.935296550282277e-09,0.4992816704162441,2.6320519398807075e-09,0.0014041591461476227,9.805874310262393e-08,2.9238684013396224e-07
Random1310
Raw:1.0104241096782794e-05,2.122547334954209e-06,1.987322000788117e-05,0.499281670416237,6.935296550282277e-09,0.4992816704162441,2.6320519398807075e-09,0.0014041591461476227,9.805874310262393e-08,2.9238684013396224e-07
EFT:1.0104241096782794e-05,2.122547334954209e-06,1.987322000788117e-05,0.499281670416237,6.935296550282277e-09,0.4992816704162441,2.6320519398807075e-09,0.0014041591461476227,9.805874310262393e-08,2.9238684013396224e-07
Random1311
Raw:1.0104241096782865e-05,2.122547334954194e-06,1.9873220007880747e-05,0.49928167041623345,6.935296550282327e-09,0.49928167041624766,2.6320519398807638e-09,0.0014041591461476126,9.805874310262462e-08,2.9238684013396436e-07
EFT:1.0104241096782794e-05,2.122547334954209e-06,1.987322000788117e-05,0.499281670416237,6.935296550282277e-09,0.4992816704162441,2.6320519398807075e-09,0.0014041591461476227,9.805874310262393e-08,2.9238684013396224e-07
Random1312
Raw:1.0104241096782938e-05,2.122547334954209e-06,1.987322000788117e-05,0.499281670416237,6.9352965502823754e-09,0.4992816704162441,2.632051939880745e-09,0.0014041591461476227,9.805874310262672e-08,2.9238684013396637e-07
EFT:1.0104241096782794e-05,2.122547334954209e-06,1.987322000788117e-05,0.499281670416237,6.935296550282277e-09,0.4992816704162441,2.6320519398807075e-09,0.0014041591461476227,9.805874310262393e-08,2.9238684013396224e-07
Random1313
Raw:1.0104241096782794e-05,2.122547334954209e-06,1.987322000788117e-05,0.4992816704162441,6.935296550282277e-09,0.499281670416237,2.63205193988067e-09,0.0014041591461476227,9.805874310262254e-08,2.9238684013396224e-07
EFT:1.0104241096782794e-05,2.122547334954209e-06,1.987322000788117e-05,0.499281670416237,6.935296550282277e-09,0.4992816704162441,2.6320519398807075e-09,0.0014041591461476227,9.805874310262393e-08,2.9238684013396224e-07
Random1314
Raw:1.0104241096782938e-05,2.122547334954209e-06,1.987322000788117e-05,0.499281670416237,6.935296550282277e-09,0.4992816704162441,2.632051939880745e-09,0.0014041591461476227,9.805874310262532e-08,2.9238684013396224e-07
EFT:1.0104241096782794e-05,2.122547334954209e-06,1.987322000788117e-05,0.499281670416237,6.935296550282277e-09,0.4992816704162441,2.6320519398807075e-09,0.0014041591461476227,9.805874310262393e-08,2.9238684013396224e-07
Random1315
Raw:1.0104241096783009e-05,2.122547334954224e-06,1.9873220007881028e-05,0.49928167041623345,6.935296550282327e-09,0.49928167041624766,2.6320519398807638e-09,0.0014041591461476327,9.805874310262601e-08,2.9238684013396436e-07
EFT:1.0104241096782794e-05,2.122547334954209e-06,1.987322000788117e-05,0.499281670416237,6.935296550282277e-09,0.4992816704162441,2.6320519398807075e-09,0.0014041591461476227,9.805874310262393e-08,2.9238684013396224e-07
Random1316
Raw:1.0104241096782938e-05,2.122547334954209e-06,1.987322000788117e-05,0.499281670416237,6.9352965502823754e-09,0.4992816704162441,2.632051939880745e-09,0.0014041591461476227,9.805874310262532e-08,2.9238684013396637e-07
EFT:1.0104241096782794e-05,2.122547334954209e-06,1.987322000788117e-05,0.499281670416237,6.935296550282277e-09,0.4992816704162441,2.6320519398807075e-09,0.0014041591461476227,9.805874310262393e-08,2.9238684013396224e-07
Random1317
Raw:1.0104241096782938e-05,2.122547334954239e-06,1.987322000788117e-05,0.499281670416237,6.935296550282277e-09,0.4992816704162441,2.632051939880745e-09,0.0014041591461476427,9.805874310262532e-08,2.9238684013396224e-07
EFT:1.0104241096782794e-05,2.122547334954209e-06,1.987322000788117e-05,0.499281670416237,6.935296550282277e-09,0.4992816704162441,2.6320519398807075e-09,0.0014041591461476227,9.805874310262393e-08,2.9238684013396224e-07
Random1318
Raw:1.0104241096782867e-05,2.122547334954224e-06,1.987322000788131e-05,0.49928167041624055,6.935296550282326e-09,0.49928167041624055,2.6320519398807265e-09,0.0014041591461476327,9.805874310262462e-08,2.923868401339643e-07
EFT:1.0104241096782794e-05,2.122547334954209e-06,1.987322000788117e-05,0.499281670416237,6.935296550282277e-09,0.4992816704162441,2.6320519398807075e-09,0.0014041591461476227,9.805874310262393e-08,2.9238684013396224e-07
Random1319
Raw:1.0104241096782938e-05,2.122547334954209e-06,1.987322000788117e-05,0.499281670416237,6.935296550282277e-09,0.4992816704162441,2.632051939880745e-09,0.0014041591461476427,9.805874310262393e-08,2.9238684013396224e-07
EFT:1.0104241096782794e-05,2.122547334954209e-06,1.987322000788117e-05,0.499281670416237,6.935296550282277e-09,0.4992816704162441,2.6320519398807075e-09,0.0014041591461476227,9.805874310262393e-08,2.9238684013396224e-07
Random1320
Raw:1.0104241096782867e-05,2.122547334954224e-06,1.987322000788131e-05,0.49928167041624055,6.935296550282326e-09,0.49928167041624055,2.6320519398807265e-09,0.0014041591461476327,9.805874310262462e-08,2.923868401339643e-07
EFT:1.0104241096782794e-05,2.122547334954209e-06,1.987322000788117e-05,0.499281670416237,6.935296550282277e-09,0.4992816704162441,2.6320519398807075e-09,0.0014041591461476227,9.805874310262393e-08,2.9238684013396224e-07
Random1321
Raw:1.0104241096782938e-05,2.122547334954209e-06,1.987322000788117e-05,0.499281670416237,6.935296550282277e-09,0.4992816704162441,2.632051939880745e-09,0.0014041591461476227,9.805874310262532e-08,2.9238684013396224e-07
EFT:1.0104241096782794e-05,2.122547334954209e-06,1.987322000788117e-05,0.499281670416237,6.935296550282277e-09,0.4992816704162441,2.6320519398807075e-09,0.0014041591461476227,9.805874310262393e-08,2.9238684013396224e-07
Random1322
Raw:1.0104241096782867e-05,2.122547334954224e-06,1.987322000788131e-05,0.49928167041624055,6.935296550282326e-09,0.49928167041624055,2.6320519398807265e-09,0.0014041591461476327,9.805874310262323e-08,2.923868401339643e-07
EFT:1.0104241096782794e-05,2.122547334954209e-06,1.987322000788117e-05,0.499281670416237,6.935296550282277e-09,0.4992816704162441,2.6320519398807075e-09,0.0014041591461476227,9.805874310262393e-08,2.9238684013396224e-07
Random1323
Raw:1.0104241096782938e-05,2.122547334954239e-06,1.987322000788145e-05,0.499281670416237,6.935296550282277e-09,0.4992816704162441,2.632051939880745e-09,0.0014041591461476427,9.805874310262393e-08,2.9238684013396637e-07
EFT:1.0104241096782794e-05,2.122547334954209e-06,1.987322000788117e-05,0.499281670416237,6.935296550282277e-09,0.4992816704162441,2.6320519398807075e-09,0.0014041591461476227,9.805874310262393e-08,2.9238684013396224e-07
Random1324
Raw:1.0104241096782867e-05,2.1225473349542546e-06,1.987322000788131e-05,0.49928167041624055,6.935296550282326e-09,0.49928167041624055,2.6320519398807638e-09,0.0014041591461476327,9.805874310262462e-08,2.923868401339643e-07
EFT:1.0104241096782794e-05,2.122547334954209e-06,1.987322000788117e-05,0.499281670416237,6.935296550282277e-09,0.4992816704162441,2.6320519398807075e-09,0.0014041591461476227,9.805874310262393e-08,2.9238684013396224e-07
Random1325
Raw:1.0104241096782867e-05,2.122547334954224e-06,1.987322000788131e-05,0.49928167041624055,6.935296550282326e-09,0.49928167041624055,2.6320519398807265e-09,0.0014041591461476327,9.805874310262323e-08,2.923868401339643e-07
EFT:1.0104241096782794e-05,2.122547334954209e-06,1.987322000788117e-05,0.499281670416237,6.935296550282277e-09,0.4992816704162441,2.6320519398807075e-09,0.0014041591461476227,9.805874310262393e-08,2.9238684013396224e-07
Random1326
Raw:1.0104241096782938e-05,2.122547334954209e-06,1.987322000788117e-05,0.499281670416237,6.9352965502823754e-09,0.4992816704162441,2.632051939880745e-09,0.0014041591461476227,9.805874310262532e-08,2.9238684013396637e-07
EFT:1.0104241096782794e-05,2.122547334954209e-06,1.987322000788117e-05,0.499281670416237,6.935296550282277e-09,0.4992816704162441,2.6320519398807075e-09,0.0014041591461476227,9.805874310262393e-08,2.9238684013396224e-07
Random1327
Raw:1.0104241096782938e-05,2.122547334954209e-06,1.987322000788117e-05,0.499281670416237,6.935296550282277e-09,0.4992816704162441,2.632051939880745e-09,0.0014041591461476227,9.805874310262532e-08,2.9238684013396224e-07
EFT:1.0104241096782794e-05,2.122547334954209e-06,1.987322000788117e-05,0.499281670416237,6.935296550282277e-09,0.4992816704162441,2.6320519398807075e-09,0.0014041591461476227,9.805874310262393e-08,2.9238684013396224e-07
Random1328
Raw:1.0104241096782938e-05,2.122547334954209e-06,1.987322000788117e-05,0.499281670416237,6.9352965502823754e-09,0.4992816704162441,2.6320519398807824e-09,0.0014041591461476227,9.805874310262532e-08,2.9238684013396637e-07
EFT:1.0104241096782794e-05,2.122547334954209e-06,1.987322000788117e-05,0.499281670416237,6.935296550282277e-09,0.4992816704162441,2.6320519398807075e-09,0.0014041591461476227,9.805874310262393e-08,2.9238684013396224e-07
Random1329
Raw:1.0104241096783009e-05,2.122547334954194e-06,1.9873220007881028e-05,0.49928167041623345,6.935296550282327e-09,0.49928167041624766,2.6320519398807638e-09,0.0014041591461476327,9.805874310262462e-08,2.9238684013396436e-07
EFT:1.0104241096782794e-05,2.122547334954209e-06,1.987322000788117e-05,0.499281670416237,6.935296550282277e-09,0.4992816704162441,2.6320519398807075e-09,0.0014041591461476227,9.805874310262393e-08,2.9238684013396224e-07
Random1330
Raw:1.0104241096782867e-05,2.122547334954224e-06,1.987322000788131e-05,0.49928167041624055,6.935296550282228e-09,0.49928167041624055,2.632051939880689e-09,0.0014041591461476327,9.805874310262323e-08,2.923868401339643e-07
EFT:1.0104241096782794e-05,2.122547334954209e-06,1.987322000788117e-05,0.499281670416237,6.935296550282277e-09,0.4992816704162441,2.6320519398807075e-09,0.0014041591461476227,9.805874310262393e-08,2.9238684013396224e-07
Random1331
Raw:1.0104241096782867e-05,2.122547334954224e-06,1.987322000788131e-05,0.49928167041624055,6.935296550282326e-09,0.49928167041624055,2.6320519398807265e-09,0.0014041591461476327,9.805874310262323e-08,2.923868401339643e-07
EFT:1.0104241096782794e-05,2.122547334954209e-06,1.987322000788117e-05,0.499281670416237,6.935296550282277e-09,0.4992816704162441,2.6320519398807075e-09,0.0014041591461476227,9.805874310262393e-08,2.9238684013396224e-07
Random1332
Raw:1.0104241096782938e-05,2.122547334954209e-06,1.987322000788117e-05,0.499281670416237,6.935296550282277e-09,0.4992816704162441,2.632051939880745e-09,0.0014041591461476427,9.805874310262393e-08,2.9238684013396224e-07
EFT:1.0104241096782794e-05,2.122547334954209e-06,1.987322000788117e-05,0.499281670416237,6.935296550282277e-09,0.4992816704162441,2.6320519398807075e-09,0.0014041591461476227,9.805874310262393e-08,2.9238684013396224e-07
Random1333
Raw:1.0104241096782938e-05,2.122547334954239e-06,1.987322000788117e-05,0.499281670416237,6.935296550282277e-09,0.4992816704162441,2.632051939880745e-09,0.0014041591461476427,9.805874310262532e-08,2.9238684013396224e-07
EFT:1.0104241096782794e-05,2.122547334954209e-06,1.987322000788117e-05,0.499281670416237,6.935296550282277e-09,0.4992816704162441,2.6320519398807075e-09,0.0014041591461476227,9.805874310262393e-08,2.9238684013396224e-07
Random1334
Raw:1.0104241096782723e-05,2.122547334954194e-06,1.9873220007881028e-05,0.49928167041624055,6.935296550282228e-09,0.49928167041624055,2.632051939880689e-09,0.0014041591461476128,9.805874310262184e-08,2.923868401339602e-07
EFT:1.0104241096782794e-05,2.122547334954209e-06,1.987322000788117e-05,0.499281670416237,6.935296550282277e-09,0.4992816704162441,2.6320519398807075e-09,0.0014041591461476227,9.805874310262393e-08,2.9238684013396224e-07
Random1335
Raw:1.0104241096783009e-05,2.122547334954224e-06,1.987322000788131e-05,0.49928167041623345,6.935296550282327e-09,0.49928167041624766,2.632051939880801e-09,0.0014041591461476126,9.805874310262462e-08,2.923868401339685e-07
EFT:1.0104241096782794e-05,2.122547334954209e-06,1.987322000788117e-05,0.499281670416237,6.935296550282277e-09,0.4992816704162441,2.6320519398807075e-09,0.0014041591461476227,9.805874310262393e-08,2.9238684013396224e-07
Random1336
Raw:1.0104241096782938e-05,2.122547334954239e-06,1.987322000788145e-05,0.499281670416237,6.935296550282277e-09,0.4992816704162441,2.632051939880745e-09,0.0014041591461476227,9.805874310262532e-08,2.9238684013396224e-07
EFT:1.0104241096782794e-05,2.122547334954209e-06,1.987322000788117e-05,0.499281670416237,6.935296550282277e-09,0.4992816704162441,2.6320519398807075e-09,0.0014041591461476227,9.805874310262393e-08,2.9238684013396224e-07
Random1337
Raw:1.0104241096782938e-05,2.122547334954209e-06,1.987322000788117e-05,0.499281670416237,6.9352965502823754e-09,0.4992816704162441,2.632051939880745e-09,0.0014041591461476227,9.805874310262672e-08,2.9238684013396637e-07
EFT:1.0104241096782794e-05,2.122547334954209e-06,1.987322000788117e-05,0.499281670416237,6.935296550282277e-09,0.4992816704162441,2.6320519398807075e-09,0.0014041591461476227,9.805874310262393e-08,2.9238684013396224e-07
Random1338
Raw:1.0104241096783009e-05,2.122547334954224e-06,1.9873220007881028e-05,0.49928167041623345,6.935296550282327e-09,0.49928167041624766,2.6320519398807638e-09,0.0014041591461476327,9.805874310262601e-08,2.9238684013396436e-07
EFT:1.0104241096782794e-05,2.122547334954209e-06,1.987322000788117e-05,0.499281670416237,6.935296550282277e-09,0.4992816704162441,2.6320519398807075e-09,0.0014041591461476227,9.805874310262393e-08,2.9238684013396224e-07
Random1339
Raw:1.0104241096782938e-05,2.122547334954209e-06,1.987322000788117e-05,0.499281670416237,6.9352965502823754e-09,0.4992816704162441,2.6320519398807824e-09,0.0014041591461476227,9.805874310262532e-08,2.9238684013396637e-07
EFT:1.0104241096782794e-05,2.122547334954209e-06,1.987322000788117e-05,0.499281670416237,6.935296550282277e-09,0.4992816704162441,2.6320519398807075e-09,0.0014041591461476227,9.805874310262393e-08,2.9238684013396224e-07
Random1340
Raw:1.0104241096782865e-05,2.122547334954194e-06,1.9873220007881028e-05,0.49928167041623345,6.935296550282228e-09,0.49928167041624766,2.632051939880726e-09,0.0014041591461476126,9.805874310262462e-08,2.9238684013396436e-07
EFT:1.0104241096782794e-05,2.122547334954209e-06,1.987322000788117e-05,0.499281670416237,6.935296550282277e-09,0.4992816704162441,2.6320519398807075e-09,0.0014041591461476227,9.805874310262393e-08,2.9238684013396224e-07
Random1341
Raw:1.0104241096782794e-05,2.1225473349541788e-06,1.9873220007880885e-05,0.499281670416237,6.935296550282277e-09,0.4992816704162441,2.632051939880745e-09,0.0014041591461476026,9.805874310262254e-08,2.9238684013396224e-07
EFT:1.0104241096782794e-05,2.122547334954209e-06,1.987322000788117e-05,0.499281670416237,6.935296550282277e-09,0.4992816704162441,2.6320519398807075e-09,0.0014041591461476227,9.805874310262393e-08,2.9238684013396224e-07
Random1342
Raw:1.0104241096782938e-05,2.122547334954209e-06,1.987322000788117e-05,0.499281670416237,6.935296550282277e-09,0.4992816704162441,2.632051939880745e-09,0.0014041591461476227,9.805874310262532e-08,2.9238684013396224e-07
EFT:1.0104241096782794e-05,2.122547334954209e-06,1.987322000788117e-05,0.499281670416237,6.935296550282277e-09,0.4992816704162441,2.6320519398807075e-09,0.0014041591461476227,9.805874310262393e-08,2.9238684013396224e-07
Random1343
Raw:1.0104241096782867e-05,2.122547334954194e-06,1.9873220007881028e-05,0.49928167041624055,6.935296550282228e-09,0.49928167041624055,2.632051939880689e-09,0.0014041591461476128,9.805874310262462e-08,2.923868401339602e-07
EFT:1.0104241096782794e-05,2.122547334954209e-06,1.987322000788117e-05,0.499281670416237,6.935296550282277e-09,0.4992816704162441,2.6320519398807075e-09,0.0014041591461476227,9.805874310262393e-08,2.9238684013396224e-07
Random1344
Raw:1.0104241096782938e-05,2.1225473349542093e-06,1.9873220007881167e-05,0.4992816704162299,6.9352965502823754e-09,0.49928167041625116,2.6320519398808196e-09,0.0014041591461476026,9.805874310262393e-08,2.923868401339664e-07
EFT:1.0104241096782794e-05,2.122547334954209e-06,1.987322000788117e-05,0.499281670416237,6.935296550282277e-09,0.4992816704162441,2.6320519398807075e-09,0.0014041591461476227,9.805874310262393e-08,2.9238684013396224e-07
Random1345
Raw:1.0104241096782938e-05,2.122547334954209e-06,1.987322000788117e-05,0.499281670416237,6.9352965502823754e-09,0.4992816704162441,2.632051939880745e-09,0.0014041591461476227,9.805874310262672e-08,2.9238684013396637e-07
EFT:1.0104241096782794e-05,2.122547334954209e-06,1.987322000788117e-05,0.499281670416237,6.935296550282277e-09,0.4992816704162441,2.6320519398807075e-09,0.0014041591461476227,9.805874310262393e-08,2.9238684013396224e-07
Random1346
Raw:1.0104241096783009e-05,2.122547334954224e-06,1.987322000788131e-05,0.49928167041623345,6.935296550282327e-09,0.49928167041624766,2.6320519398807638e-09,0.0014041591461476327,9.805874310262462e-08,2.923868401339685e-07
EFT:1.0104241096782794e-05,2.122547334954209e-06,1.987322000788117e-05,0.499281670416237,6.935296550282277e-09,0.4992816704162441,2.6320519398807075e-09,0.0014041591461476227,9.805874310262393e-08,2.9238684013396224e-07
Random1347
Raw:1.0104241096782938e-05,2.122547334954209e-06,1.9873220007880885e-05,0.499281670416237,6.935296550282277e-09,0.4992816704162441,2.632051939880745e-09,0.0014041591461476227,9.805874310262532e-08,2.9238684013396224e-07
EFT:1.0104241096782794e-05,2.122547334954209e-06,1.987322000788117e-05,0.499281670416237,6.935296550282277e-09,0.4992816704162441,2.6320519398807075e-09,0.0014041591461476227,9.805874310262393e-08,2.9238684013396224e-07
Random1348
Raw:1.0104241096782867e-05,2.122547334954194e-06,1.9873220007881028e-05,0.49928167041624055,6.935296550282326e-09,0.49928167041624055,2.6320519398807265e-09,0.0014041591461476128,9.805874310262323e-08,2.923868401339643e-07
EFT:1.0104241096782794e-05,2.122547334954209e-06,1.987322000788117e-05,0.499281670416237,6.935296550282277e-09,0.4992816704162441,2.6320519398807075e-09,0.0014041591461476227,9.805874310262393e-08,2.9238684013396224e-07
Random1349
Raw:1.0104241096782867e-05,2.122547334954194e-06,1.9873220007881028e-05,0.49928167041624055,6.935296550282228e-09,0.49928167041624055,2.632051939880689e-09,0.0014041591461476327,9.805874310262323e-08,2.923868401339602e-07
EFT:1.0104241096782794e-05,2.122547334954209e-06,1.987322000788117e-05,0.499281670416237,6.935296550282277e-09,0.4992816704162441,2.6320519398807075e-09,0.0014041591461476227,9.805874310262393e-08,2.9238684013396224e-07
Random1350
Raw:1.0104241096782938e-05,2.122547334954239e-06,1.987322000788117e-05,0.499281670416237,6.9352965502823754e-09,0.4992816704162441,2.6320519398807824e-09,0.0014041591461476227,9.805874310262532e-08,2.9238684013396637e-07
EFT:1.0104241096782794e-05,2.122547334954209e-06,1.987322000788117e-05,0.499281670416237,6.935296550282277e-09,0.4992816704162441,2.6320519398807075e-09,0.0014041591461476227,9.805874310262393e-08,2.9238684013396224e-07
Random1351
Raw:1.0104241096782794e-05,2.122547334954209e-06,1.987322000788117e-05,0.499281670416237,6.9352965502821786e-09,0.4992816704162441,2.6320519398807075e-09,0.0014041591461476227,9.805874310262393e-08,2.9238684013396224e-07
EFT:1.0104241096782794e-05,2.122547334954209e-06,1.987322000788117e-05,0.499281670416237,6.935296550282277e-09,0.4992816704162441,2.6320519398807075e-09,0.0014041591461476227,9.805874310262393e-08,2.9238684013396224e-07
Random1352
Raw:1.0104241096782867e-05,2.122547334954224e-06,1.987322000788131e-05,0.49928167041624055,6.935296550282326e-09,0.49928167041624055,2.6320519398807638e-09,0.0014041591461476128,9.805874310262462e-08,2.923868401339643e-07
EFT:1.0104241096782794e-05,2.122547334954209e-06,1.987322000788117e-05,0.499281670416237,6.935296550282277e-09,0.4992816704162441,2.6320519398807075e-09,0.0014041591461476227,9.805874310262393e-08,2.9238684013396224e-07
Random1353
Raw:1.0104241096782867e-05,2.122547334954224e-06,1.987322000788131e-05,0.49928167041624055,6.935296550282326e-09,0.49928167041624055,2.6320519398807265e-09,0.0014041591461476327,9.805874310262323e-08,2.923868401339643e-07
EFT:1.0104241096782794e-05,2.122547334954209e-06,1.987322000788117e-05,0.499281670416237,6.935296550282277e-09,0.4992816704162441,2.6320519398807075e-09,0.0014041591461476227,9.805874310262393e-08,2.9238684013396224e-07
Random1354
Raw:1.0104241096782867e-05,2.122547334954224e-06,1.987322000788131e-05,0.49928167041624055,6.935296550282326e-09,0.49928167041624055,2.6320519398807265e-09,0.0014041591461476327,9.805874310262462e-08,2.923868401339643e-07
EFT:1.0104241096782794e-05,2.122547334954209e-06,1.987322000788117e-05,0.499281670416237,6.935296550282277e-09,0.4992816704162441,2.6320519398807075e-09,0.0014041591461476227,9.805874310262393e-08,2.9238684013396224e-07
Random1355
Raw:1.0104241096782938e-05,2.122547334954209e-06,1.987322000788117e-05,0.499281670416237,6.935296550282277e-09,0.4992816704162441,2.632051939880745e-09,0.0014041591461476227,9.805874310262532e-08,2.9238684013396224e-07
EFT:1.0104241096782794e-05,2.122547334954209e-06,1.987322000788117e-05,0.499281670416237,6.935296550282277e-09,0.4992816704162441,2.6320519398807075e-09,0.0014041591461476227,9.805874310262393e-08,2.9238684013396224e-07
Random1356
Raw:1.0104241096782867e-05,2.122547334954194e-06,1.9873220007881028e-05,0.49928167041624055,6.935296550282228e-09,0.49928167041624055,2.632051939880689e-09,0.0014041591461476128,9.805874310262462e-08,2.923868401339602e-07
EFT:1.0104241096782794e-05,2.122547334954209e-06,1.987322000788117e-05,0.499281670416237,6.935296550282277e-09,0.4992816704162441,2.6320519398807075e-09,0.0014041591461476227,9.805874310262393e-08,2.9238684013396224e-07
Random1357
Raw:1.0104241096782794e-05,2.122547334954209e-06,1.987322000788117e-05,0.499281670416237,6.935296550282277e-09,0.4992816704162441,2.632051939880745e-09,0.0014041591461476227,9.805874310262254e-08,2.9238684013396224e-07
EFT:1.0104241096782794e-05,2.122547334954209e-06,1.987322000788117e-05,0.499281670416237,6.935296550282277e-09,0.4992816704162441,2.6320519398807075e-09,0.0014041591461476227,9.805874310262393e-08,2.9238684013396224e-07
Random1358
Raw:1.0104241096782865e-05,2.122547334954194e-06,1.9873220007881028e-05,0.49928167041623345,6.935296550282228e-09,0.49928167041624766,2.632051939880726e-09,0.0014041591461476126,9.805874310262462e-08,2.9238684013396436e-07
EFT:1.0104241096782794e-05,2.122547334954209e-06,1.987322000788117e-05,0.499281670416237,6.935296550282277e-09,0.4992816704162441,2.6320519398807075e-09,0.0014041591461476227,9.805874310262393e-08,2.9238684013396224e-07
Random1359
Raw:1.0104241096782794e-05,2.122547334954209e-06,1.987322000788117e-05,0.499281670416237,6.9352965502821786e-09,0.4992816704162441,2.6320519398807075e-09,0.0014041591461476227,9.805874310262393e-08,2.9238684013396224e-07
EFT:1.0104241096782794e-05,2.122547334954209e-06,1.987322000788117e-05,0.499281670416237,6.935296550282277e-09,0.4992816704162441,2.6320519398807075e-09,0.0014041591461476227,9.805874310262393e-08,2.9238684013396224e-07
Random1360
Raw:1.0104241096782938e-05,2.122547334954209e-06,1.987322000788117e-05,0.499281670416237,6.9352965502823754e-09,0.4992816704162441,2.632051939880745e-09,0.0014041591461476227,9.805874310262393e-08,2.9238684013396637e-07
EFT:1.0104241096782794e-05,2.122547334954209e-06,1.987322000788117e-05,0.499281670416237,6.935296550282277e-09,0.4992816704162441,2.6320519398807075e-09,0.0014041591461476227,9.805874310262393e-08,2.9238684013396224e-07
Random1361
Raw:1.0104241096783009e-05,2.122547334954194e-06,1.9873220007881028e-05,0.49928167041623345,6.935296550282327e-09,0.49928167041624766,2.6320519398807638e-09,0.0014041591461476327,9.805874310262462e-08,2.9238684013396436e-07
EFT:1.0104241096782794e-05,2.122547334954209e-06,1.987322000788117e-05,0.499281670416237,6.935296550282277e-09,0.4992816704162441,2.6320519398807075e-09,0.0014041591461476227,9.805874310262393e-08,2.9238684013396224e-07
Random1362
Raw:1.0104241096782938e-05,2.122547334954239e-06,1.987322000788145e-05,0.499281670416237,6.935296550282277e-09,0.4992816704162441,2.632051939880745e-09,0.0014041591461476427,9.805874310262393e-08,2.9238684013396637e-07
EFT:1.0104241096782794e-05,2.122547334954209e-06,1.987322000788117e-05,0.499281670416237,6.935296550282277e-09,0.4992816704162441,2.6320519398807075e-09,0.0014041591461476227,9.805874310262393e-08,2.9238684013396224e-07
Random1363
Raw:1.0104241096782938e-05,2.122547334954209e-06,1.987322000788117e-05,0.499281670416237,6.935296550282277e-09,0.4992816704162441,2.632051939880745e-09,0.0014041591461476427,9.805874310262393e-08,2.9238684013396224e-07
EFT:1.0104241096782794e-05,2.122547334954209e-06,1.987322000788117e-05,0.499281670416237,6.935296550282277e-09,0.4992816704162441,2.6320519398807075e-09,0.0014041591461476227,9.805874310262393e-08,2.9238684013396224e-07
Random1364
Raw:1.0104241096782938e-05,2.122547334954239e-06,1.987322000788145e-05,0.499281670416237,6.935296550282277e-09,0.4992816704162441,2.632051939880745e-09,0.0014041591461476427,9.805874310262532e-08,2.9238684013396224e-07
EFT:1.0104241096782794e-05,2.122547334954209e-06,1.987322000788117e-05,0.499281670416237,6.935296550282277e-09,0.4992816704162441,2.6320519398807075e-09,0.0014041591461476227,9.805874310262393e-08,2.9238684013396224e-07
Random1365
Raw:1.0104241096782794e-05,2.1225473349541788e-06,1.9873220007880885e-05,0.499281670416237,6.935296550282277e-09,0.4992816704162441,2.632051939880745e-09,0.0014041591461476026,9.805874310262254e-08,2.9238684013396224e-07
EFT:1.0104241096782794e-05,2.122547334954209e-06,1.987322000788117e-05,0.499281670416237,6.935296550282277e-09,0.4992816704162441,2.6320519398807075e-09,0.0014041591461476227,9.805874310262393e-08,2.9238684013396224e-07
Random1366
Raw:1.0104241096782938e-05,2.122547334954239e-06,1.987322000788117e-05,0.499281670416237,6.935296550282277e-09,0.4992816704162441,2.632051939880745e-09,0.0014041591461476427,9.805874310262532e-08,2.9238684013396224e-07
EFT:1.0104241096782794e-05,2.122547334954209e-06,1.987322000788117e-05,0.499281670416237,6.935296550282277e-09,0.4992816704162441,2.6320519398807075e-09,0.0014041591461476227,9.805874310262393e-08,2.9238684013396224e-07
Random1367
Raw:1.0104241096782938e-05,2.122547334954239e-06,1.987322000788145e-05,0.499281670416237,6.935296550282277e-09,0.4992816704162441,2.632051939880745e-09,0.0014041591461476227,9.805874310262532e-08,2.9238684013396224e-07
EFT:1.0104241096782794e-05,2.122547334954209e-06,1.987322000788117e-05,0.499281670416237,6.935296550282277e-09,0.4992816704162441,2.6320519398807075e-09,0.0014041591461476227,9.805874310262393e-08,2.9238684013396224e-07
Random1368
Raw:1.0104241096782938e-05,2.122547334954209e-06,1.987322000788117e-05,0.499281670416237,6.9352965502823754e-09,0.4992816704162441,2.632051939880745e-09,0.0014041591461476227,9.805874310262393e-08,2.9238684013396637e-07
EFT:1.0104241096782794e-05,2.122547334954209e-06,1.987322000788117e-05,0.499281670416237,6.935296550282277e-09,0.4992816704162441,2.6320519398807075e-09,0.0014041591461476227,9.805874310262393e-08,2.9238684013396224e-07
Random1369
Raw:1.0104241096782794e-05,2.122547334954209e-06,1.987322000788117e-05,0.4992816704162441,6.935296550282277e-09,0.499281670416237,2.63205193988067e-09,0.0014041591461476227,9.805874310262393e-08,2.9238684013396224e-07
EFT:1.0104241096782794e-05,2.122547334954209e-06,1.987322000788117e-05,0.499281670416237,6.935296550282277e-09,0.4992816704162441,2.6320519398807075e-09,0.0014041591461476227,9.805874310262393e-08,2.9238684013396224e-07
Random1370
Raw:1.0104241096782867e-05,2.122547334954224e-06,1.987322000788131e-05,0.49928167041624055,6.935296550282326e-09,0.49928167041624055,2.6320519398807265e-09,0.0014041591461476327,9.805874310262462e-08,2.923868401339643e-07
EFT:1.0104241096782794e-05,2.122547334954209e-06,1.987322000788117e-05,0.499281670416237,6.935296550282277e-09,0.4992816704162441,2.6320519398807075e-09,0.0014041591461476227,9.805874310262393e-08,2.9238684013396224e-07
Random1371
Raw:1.0104241096783009e-05,2.122547334954194e-06,1.9873220007881028e-05,0.49928167041623345,6.935296550282327e-09,0.49928167041624766,2.6320519398807638e-09,0.0014041591461476126,9.805874310262601e-08,2.9238684013396436e-07
EFT:1.0104241096782794e-05,2.122547334954209e-06,1.987322000788117e-05,0.499281670416237,6.935296550282277e-09,0.4992816704162441,2.6320519398807075e-09,0.0014041591461476227,9.805874310262393e-08,2.9238684013396224e-07
Random1372
Raw:1.0104241096782867e-05,2.122547334954224e-06,1.9873220007881028e-05,0.49928167041624055,6.935296550282326e-09,0.49928167041624055,2.6320519398807265e-09,0.0014041591461476128,9.805874310262462e-08,2.923868401339643e-07
EFT:1.0104241096782794e-05,2.122547334954209e-06,1.987322000788117e-05,0.499281670416237,6.935296550282277e-09,0.4992816704162441,2.6320519398807075e-09,0.0014041591461476227,9.805874310262393e-08,2.9238684013396224e-07
Random1373
Raw:1.0104241096782938e-05,2.1225473349541788e-06,1.9873220007880885e-05,0.499281670416237,6.935296550282277e-09,0.4992816704162441,2.632051939880745e-09,0.0014041591461476026,9.805874310262532e-08,2.9238684013396224e-07
EFT:1.0104241096782794e-05,2.122547334954209e-06,1.987322000788117e-05,0.499281670416237,6.935296550282277e-09,0.4992816704162441,2.6320519398807075e-09,0.0014041591461476227,9.805874310262393e-08,2.9238684013396224e-07
Random1374
Raw:1.0104241096782867e-05,2.122547334954224e-06,1.987322000788131e-05,0.49928167041624055,6.935296550282326e-09,0.49928167041624055,2.6320519398807265e-09,0.0014041591461476327,9.805874310262602e-08,2.923868401339643e-07
EFT:1.0104241096782794e-05,2.122547334954209e-06,1.987322000788117e-05,0.499281670416237,6.935296550282277e-09,0.4992816704162441,2.6320519398807075e-09,0.0014041591461476227,9.805874310262393e-08,2.9238684013396224e-07
Random1375
Raw:1.0104241096782867e-05,2.122547334954224e-06,1.987322000788131e-05,0.49928167041624055,6.935296550282326e-09,0.49928167041624055,2.6320519398807638e-09,0.0014041591461476327,9.805874310262462e-08,2.923868401339643e-07
EFT:1.0104241096782794e-05,2.122547334954209e-06,1.987322000788117e-05,0.499281670416237,6.935296550282277e-09,0.4992816704162441,2.6320519398807075e-09,0.0014041591461476227,9.805874310262393e-08,2.9238684013396224e-07
Random1376
Raw:1.0104241096782938e-05,2.122547334954209e-06,1.987322000788117e-05,0.499281670416237,6.935296550282277e-09,0.4992816704162441,2.632051939880745e-09,0.0014041591461476227,9.805874310262532e-08,2.9238684013396224e-07
EFT:1.0104241096782794e-05,2.122547334954209e-06,1.987322000788117e-05,0.499281670416237,6.935296550282277e-09,0.4992816704162441,2.6320519398807075e-09,0.0014041591461476227,9.805874310262393e-08,2.9238684013396224e-07
Random1377
Raw:1.0104241096782938e-05,2.1225473349541788e-06,1.9873220007880885e-05,0.499281670416237,6.935296550282277e-09,0.4992816704162441,2.632051939880745e-09,0.0014041591461476026,9.805874310262532e-08,2.9238684013396224e-07
EFT:1.0104241096782794e-05,2.122547334954209e-06,1.987322000788117e-05,0.499281670416237,6.935296550282277e-09,0.4992816704162441,2.6320519398807075e-09,0.0014041591461476227,9.805874310262393e-08,2.9238684013396224e-07
Random1378
Raw:1.0104241096783009e-05,2.122547334954194e-06,1.9873220007881028e-05,0.49928167041623345,6.935296550282327e-09,0.49928167041624766,2.6320519398807638e-09,0.0014041591461476126,9.805874310262601e-08,2.9238684013396436e-07
EFT:1.0104241096782794e-05,2.122547334954209e-06,1.987322000788117e-05,0.499281670416237,6.935296550282277e-09,0.4992816704162441,2.6320519398807075e-09,0.0014041591461476227,9.805874310262393e-08,2.9238684013396224e-07
Random1379
Raw:1.0104241096782865e-05,2.122547334954194e-06,1.9873220007881028e-05,0.49928167041623345,6.935296550282228e-09,0.49928167041624766,2.632051939880726e-09,0.0014041591461476126,9.805874310262462e-08,2.9238684013396436e-07
EFT:1.0104241096782794e-05,2.122547334954209e-06,1.987322000788117e-05,0.499281670416237,6.935296550282277e-09,0.4992816704162441,2.6320519398807075e-09,0.0014041591461476227,9.805874310262393e-08,2.9238684013396224e-07
Random1380
Raw:1.0104241096782867e-05,2.122547334954224e-06,1.987322000788131e-05,0.49928167041624055,6.935296550282326e-09,0.49928167041624055,2.6320519398807265e-09,0.0014041591461476327,9.805874310262462e-08,2.923868401339643e-07
EFT:1.0104241096782794e-05,2.122547334954209e-06,1.987322000788117e-05,0.499281670416237,6.935296550282277e-09,0.4992816704162441,2.6320519398807075e-09,0.0014041591461476227,9.805874310262393e-08,2.9238684013396224e-07
Random1381
Raw:1.0104241096782938e-05,2.1225473349541788e-06,1.9873220007880885e-05,0.499281670416237,6.935296550282277e-09,0.4992816704162441,2.632051939880745e-09,0.0014041591461476026,9.805874310262532e-08,2.9238684013396224e-07
EFT:1.0104241096782794e-05,2.122547334954209e-06,1.987322000788117e-05,0.499281670416237,6.935296550282277e-09,0.4992816704162441,2.6320519398807075e-09,0.0014041591461476227,9.805874310262393e-08,2.9238684013396224e-07
Random1382
Raw:1.0104241096782867e-05,2.122547334954194e-06,1.9873220007881028e-05,0.49928167041624055,6.935296550282326e-09,0.49928167041624055,2.6320519398807265e-09,0.0014041591461476128,9.805874310262602e-08,2.923868401339643e-07
EFT:1.0104241096782794e-05,2.122547334954209e-06,1.987322000788117e-05,0.499281670416237,6.935296550282277e-09,0.4992816704162441,2.6320519398807075e-09,0.0014041591461476227,9.805874310262393e-08,2.9238684013396224e-07
Random1383
Raw:1.0104241096782938e-05,2.122547334954239e-06,1.987322000788145e-05,0.499281670416237,6.935296550282277e-09,0.4992816704162441,2.632051939880745e-09,0.0014041591461476427,9.805874310262393e-08,2.9238684013396637e-07
EFT:1.0104241096782794e-05,2.122547334954209e-06,1.987322000788117e-05,0.499281670416237,6.935296550282277e-09,0.4992816704162441,2.6320519398807075e-09,0.0014041591461476227,9.805874310262393e-08,2.9238684013396224e-07
Random1384
Raw:1.0104241096783009e-05,2.122547334954224e-06,1.987322000788131e-05,0.49928167041623345,6.935296550282327e-09,0.49928167041624766,2.6320519398807638e-09,0.0014041591461476327,9.805874310262462e-08,2.923868401339685e-07
EFT:1.0104241096782794e-05,2.122547334954209e-06,1.987322000788117e-05,0.499281670416237,6.935296550282277e-09,0.4992816704162441,2.6320519398807075e-09,0.0014041591461476227,9.805874310262393e-08,2.9238684013396224e-07
Random1385
Raw:1.0104241096782938e-05,2.1225473349541788e-06,1.9873220007880885e-05,0.499281670416237,6.935296550282277e-09,0.4992816704162441,2.632051939880745e-09,0.0014041591461476026,9.805874310262532e-08,2.9238684013396224e-07
EFT:1.0104241096782794e-05,2.122547334954209e-06,1.987322000788117e-05,0.499281670416237,6.935296550282277e-09,0.4992816704162441,2.6320519398807075e-09,0.0014041591461476227,9.805874310262393e-08,2.9238684013396224e-07
Random1386
Raw:1.0104241096782794e-05,2.122547334954209e-06,1.987322000788117e-05,0.499281670416237,6.935296550282277e-09,0.4992816704162441,2.6320519398807075e-09,0.0014041591461476227,9.805874310262393e-08,2.9238684013396224e-07
EFT:1.0104241096782794e-05,2.122547334954209e-06,1.987322000788117e-05,0.499281670416237,6.935296550282277e-09,0.4992816704162441,2.6320519398807075e-09,0.0014041591461476227,9.805874310262393e-08,2.9238684013396224e-07
Random1387
Raw:1.0104241096782867e-05,2.1225473349542546e-06,1.987322000788131e-05,0.49928167041624055,6.935296550282326e-09,0.49928167041624055,2.6320519398807638e-09,0.0014041591461476327,9.805874310262462e-08,2.923868401339643e-07
EFT:1.0104241096782794e-05,2.122547334954209e-06,1.987322000788117e-05,0.499281670416237,6.935296550282277e-09,0.4992816704162441,2.6320519398807075e-09,0.0014041591461476227,9.805874310262393e-08,2.9238684013396224e-07
Random1388
Raw:1.0104241096783009e-05,2.122547334954194e-06,1.9873220007881028e-05,0.49928167041623345,6.935296550282327e-09,0.49928167041624766,2.6320519398807638e-09,0.0014041591461476126,9.805874310262601e-08,2.9238684013396436e-07
EFT:1.0104241096782794e-05,2.122547334954209e-06,1.987322000788117e-05,0.499281670416237,6.935296550282277e-09,0.4992816704162441,2.6320519398807075e-09,0.0014041591461476227,9.805874310262393e-08,2.9238684013396224e-07
Random1389
Raw:1.0104241096782867e-05,2.122547334954194e-06,1.9873220007881028e-05,0.49928167041624055,6.935296550282228e-09,0.49928167041624055,2.632051939880689e-09,0.0014041591461476128,9.805874310262462e-08,2.923868401339602e-07
EFT:1.0104241096782794e-05,2.122547334954209e-06,1.987322000788117e-05,0.499281670416237,6.935296550282277e-09,0.4992816704162441,2.6320519398807075e-09,0.0014041591461476227,9.805874310262393e-08,2.9238684013396224e-07
Random1390
Raw:1.0104241096782794e-05,2.122547334954209e-06,1.9873220007880885e-05,0.499281670416237,6.9352965502821786e-09,0.4992816704162441,2.6320519398807075e-09,0.0014041591461476026,9.805874310262393e-08,2.9238684013396224e-07
EFT:1.0104241096782794e-05,2.122547334954209e-06,1.987322000788117e-05,0.499281670416237,6.935296550282277e-09,0.4992816704162441,2.6320519398807075e-09,0.0014041591461476227,9.805874310262393e-08,2.9238684013396224e-07
Random1391
Raw:1.0104241096782938e-05,2.122547334954209e-06,1.987322000788117e-05,0.499281670416237,6.9352965502823754e-09,0.4992816704162441,2.6320519398807824e-09,0.0014041591461476227,9.805874310262532e-08,2.9238684013396637e-07
EFT:1.0104241096782794e-05,2.122547334954209e-06,1.987322000788117e-05,0.499281670416237,6.935296550282277e-09,0.4992816704162441,2.6320519398807075e-09,0.0014041591461476227,9.805874310262393e-08,2.9238684013396224e-07
Random1392
Raw:1.0104241096782867e-05,2.122547334954194e-06,1.9873220007881028e-05,0.49928167041624055,6.935296550282326e-09,0.49928167041624055,2.6320519398807265e-09,0.0014041591461476128,9.805874310262323e-08,2.923868401339643e-07
EFT:1.0104241096782794e-05,2.122547334954209e-06,1.987322000788117e-05,0.499281670416237,6.935296550282277e-09,0.4992816704162441,2.6320519398807075e-09,0.0014041591461476227,9.805874310262393e-08,2.9238684013396224e-07
Random1393
Raw:1.0104241096782938e-05,2.122547334954209e-06,1.987322000788117e-05,0.499281670416237,6.9352965502823754e-09,0.4992816704162441,2.632051939880745e-09,0.0014041591461476227,9.805874310262532e-08,2.9238684013396637e-07
EFT:1.0104241096782794e-05,2.122547334954209e-06,1.987322000788117e-05,0.499281670416237,6.935296550282277e-09,0.4992816704162441,2.6320519398807075e-09,0.0014041591461476227,9.805874310262393e-08,2.9238684013396224e-07
Random1394
Raw:1.0104241096782938e-05,2.122547334954209e-06,1.987322000788117e-05,0.499281670416237,6.9352965502823754e-09,0.4992816704162441,2.6320519398807824e-09,0.0014041591461476227,9.805874310262532e-08,2.9238684013396637e-07
EFT:1.0104241096782794e-05,2.122547334954209e-06,1.987322000788117e-05,0.499281670416237,6.935296550282277e-09,0.4992816704162441,2.6320519398807075e-09,0.0014041591461476227,9.805874310262393e-08,2.9238684013396224e-07
Random1395
Raw:1.0104241096782723e-05,2.122547334954194e-06,1.9873220007881028e-05,0.49928167041624055,6.935296550282228e-09,0.49928167041624055,2.6320519398806513e-09,0.0014041591461476128,9.805874310262323e-08,2.923868401339602e-07
EFT:1.0104241096782794e-05,2.122547334954209e-06,1.987322000788117e-05,0.499281670416237,6.935296550282277e-09,0.4992816704162441,2.6320519398807075e-09,0.0014041591461476227,9.805874310262393e-08,2.9238684013396224e-07
Random1396
Raw:1.0104241096782867e-05,2.122547334954224e-06,1.9873220007881028e-05,0.49928167041624055,6.935296550282326e-09,0.49928167041624055,2.6320519398807265e-09,0.0014041591461476327,9.805874310262323e-08,2.923868401339643e-07
EFT:1.0104241096782794e-05,2.122547334954209e-06,1.987322000788117e-05,0.499281670416237,6.935296550282277e-09,0.4992816704162441,2.6320519398807075e-09,0.0014041591461476227,9.805874310262393e-08,2.9238684013396224e-07
Random1397
Raw:1.0104241096782938e-05,2.122547334954209e-06,1.987322000788117e-05,0.499281670416237,6.9352965502823754e-09,0.4992816704162441,2.6320519398807824e-09,0.0014041591461476227,9.805874310262532e-08,2.9238684013396637e-07
EFT:1.0104241096782794e-05,2.122547334954209e-06,1.987322000788117e-05,0.499281670416237,6.935296550282277e-09,0.4992816704162441,2.6320519398807075e-09,0.0014041591461476227,9.805874310262393e-08,2.9238684013396224e-07
Random1398
Raw:1.0104241096782794e-05,2.122547334954209e-06,1.987322000788117e-05,0.499281670416237,6.935296550282277e-09,0.4992816704162441,2.6320519398807075e-09,0.0014041591461476227,9.805874310262393e-08,2.9238684013396224e-07
EFT:1.0104241096782794e-05,2.122547334954209e-06,1.987322000788117e-05,0.499281670416237,6.935296550282277e-09,0.4992816704162441,2.6320519398807075e-09,0.0014041591461476227,9.805874310262393e-08,2.9238684013396224e-07
Random1399
Raw:1.0104241096782867e-05,2.122547334954224e-06,1.987322000788131e-05,0.49928167041624055,6.935296550282326e-09,0.49928167041624055,2.6320519398807265e-09,0.0014041591461476327,9.805874310262462e-08,2.923868401339643e-07
EFT:1.0104241096782794e-05,2.122547334954209e-06,1.987322000788117e-05,0.499281670416237,6.935296550282277e-09,0.4992816704162441,2.6320519398807075e-09,0.0014041591461476227,9.805874310262393e-08,2.9238684013396224e-07
Random1400
Raw:1.0104241096782867e-05,2.122547334954194e-06,1.9873220007881028e-05,0.49928167041624055,6.935296550282228e-09,0.49928167041624055,2.632051939880689e-09,0.0014041591461476327,9.805874310262323e-08,2.923868401339602e-07
EFT:1.0104241096782794e-05,2.122547334954209e-06,1.987322000788117e-05,0.499281670416237,6.935296550282277e-09,0.4992816704162441,2.6320519398807075e-09,0.0014041591461476227,9.805874310262393e-08,2.9238684013396224e-07
Random1401
Raw:1.0104241096782938e-05,2.122547334954209e-06,1.987322000788117e-05,0.499281670416237,6.9352965502823754e-09,0.4992816704162441,2.632051939880745e-09,0.0014041591461476227,9.805874310262532e-08,2.9238684013396637e-07
EFT:1.0104241096782794e-05,2.122547334954209e-06,1.987322000788117e-05,0.499281670416237,6.935296550282277e-09,0.4992816704162441,2.6320519398807075e-09,0.0014041591461476227,9.805874310262393e-08,2.9238684013396224e-07
Random1402
Raw:1.0104241096782938e-05,2.122547334954209e-06,1.987322000788117e-05,0.499281670416237,6.935296550282277e-09,0.4992816704162441,2.632051939880745e-09,0.0014041591461476427,9.805874310262393e-08,2.9238684013396224e-07
EFT:1.0104241096782794e-05,2.122547334954209e-06,1.987322000788117e-05,0.499281670416237,6.935296550282277e-09,0.4992816704162441,2.6320519398807075e-09,0.0014041591461476227,9.805874310262393e-08,2.9238684013396224e-07
Random1403
Raw:1.0104241096782938e-05,2.122547334954209e-06,1.987322000788117e-05,0.499281670416237,6.935296550282277e-09,0.4992816704162441,2.632051939880745e-09,0.0014041591461476427,9.805874310262393e-08,2.9238684013396224e-07
EFT:1.0104241096782794e-05,2.122547334954209e-06,1.987322000788117e-05,0.499281670416237,6.935296550282277e-09,0.4992816704162441,2.6320519398807075e-09,0.0014041591461476227,9.805874310262393e-08,2.9238684013396224e-07
Random1404
Raw:1.0104241096783009e-05,2.122547334954194e-06,1.9873220007881028e-05,0.49928167041623345,6.935296550282327e-09,0.49928167041624766,2.632051939880801e-09,0.0014041591461475926,9.805874310262601e-08,2.9238684013396436e-07
EFT:1.0104241096782794e-05,2.122547334954209e-06,1.987322000788117e-05,0.499281670416237,6.935296550282277e-09,0.4992816704162441,2.6320519398807075e-09,0.0014041591461476227,9.805874310262393e-08,2.9238684013396224e-07
Random1405
Raw:1.0104241096782867e-05,2.122547334954194e-06,1.9873220007881028e-05,0.49928167041624055,6.935296550282326e-09,0.49928167041624055,2.6320519398807265e-09,0.0014041591461476128,9.805874310262323e-08,2.923868401339643e-07
EFT:1.0104241096782794e-05,2.122547334954209e-06,1.987322000788117e-05,0.499281670416237,6.935296550282277e-09,0.4992816704162441,2.6320519398807075e-09,0.0014041591461476227,9.805874310262393e-08,2.9238684013396224e-07
Random1406
Raw:1.0104241096782938e-05,2.122547334954209e-06,1.9873220007880885e-05,0.499281670416237,6.935296550282277e-09,0.4992816704162441,2.632051939880745e-09,0.0014041591461476227,9.805874310262393e-08,2.9238684013396224e-07
EFT:1.0104241096782794e-05,2.122547334954209e-06,1.987322000788117e-05,0.499281670416237,6.935296550282277e-09,0.4992816704162441,2.6320519398807075e-09,0.0014041591461476227,9.805874310262393e-08,2.9238684013396224e-07
Random1407
Raw:1.0104241096783009e-05,2.122547334954224e-06,1.987322000788131e-05,0.49928167041623345,6.935296550282327e-09,0.49928167041624766,2.6320519398807638e-09,0.0014041591461476327,9.805874310262462e-08,2.923868401339685e-07
EFT:1.0104241096782794e-05,2.122547334954209e-06,1.987322000788117e-05,0.499281670416237,6.935296550282277e-09,0.4992816704162441,2.6320519398807075e-09,0.0014041591461476227,9.805874310262393e-08,2.9238684013396224e-07
Random1408
Raw:1.0104241096782938e-05,2.122547334954209e-06,1.987322000788117e-05,0.499281670416237,6.9352965502823754e-09,0.4992816704162441,2.632051939880745e-09,0.0014041591461476227,9.805874310262532e-08,2.9238684013396637e-07
EFT:1.0104241096782794e-05,2.122547334954209e-06,1.987322000788117e-05,0.499281670416237,6.935296550282277e-09,0.4992816704162441,2.6320519398807075e-09,0.0014041591461476227,9.805874310262393e-08,2.9238684013396224e-07
Random1409
Raw:1.0104241096782938e-05,2.122547334954209e-06,1.987322000788117e-05,0.499281670416237,6.9352965502823754e-09,0.4992816704162441,2.632051939880745e-09,0.0014041591461476227,9.805874310262672e-08,2.9238684013396637e-07
EFT:1.0104241096782794e-05,2.122547334954209e-06,1.987322000788117e-05,0.499281670416237,6.935296550282277e-09,0.4992816704162441,2.6320519398807075e-09,0.0014041591461476227,9.805874310262393e-08,2.9238684013396224e-07
Random1410
Raw:1.0104241096782867e-05,2.122547334954194e-06,1.9873220007881028e-05,0.49928167041624055,6.935296550282326e-09,0.49928167041624055,2.6320519398807265e-09,0.0014041591461476128,9.805874310262602e-08,2.923868401339643e-07
EFT:1.0104241096782794e-05,2.122547334954209e-06,1.987322000788117e-05,0.499281670416237,6.935296550282277e-09,0.4992816704162441,2.6320519398807075e-09,0.0014041591461476227,9.805874310262393e-08,2.9238684013396224e-07
Random1411
Raw:1.0104241096782938e-05,2.122547334954239e-06,1.9873220007880885e-05,0.499281670416237,6.9352965502823754e-09,0.4992816704162441,2.63205193988082e-09,0.0014041591461476227,9.805874310262532e-08,2.9238684013396637e-07
EFT:1.0104241096782794e-05,2.122547334954209e-06,1.987322000788117e-05,0.499281670416237,6.935296550282277e-09,0.4992816704162441,2.6320519398807075e-09,0.0014041591461476227,9.805874310262393e-08,2.9238684013396224e-07
Random1412
Raw:1.0104241096783009e-05,2.122547334954224e-06,1.9873220007881028e-05,0.49928167041623345,6.935296550282327e-09,0.49928167041624766,2.6320519398807638e-09,0.0014041591461476327,9.805874310262601e-08,2.9238684013396436e-07
EFT:1.0104241096782794e-05,2.122547334954209e-06,1.987322000788117e-05,0.499281670416237,6.935296550282277e-09,0.4992816704162441,2.6320519398807075e-09,0.0014041591461476227,9.805874310262393e-08,2.9238684013396224e-07
Random1413
Raw:1.0104241096782867e-05,2.122547334954224e-06,1.9873220007881028e-05,0.49928167041624055,6.935296550282326e-09,0.49928167041624055,2.6320519398807265e-09,0.0014041591461476327,9.805874310262323e-08,2.923868401339643e-07
EFT:1.0104241096782794e-05,2.122547334954209e-06,1.987322000788117e-05,0.499281670416237,6.935296550282277e-09,0.4992816704162441,2.6320519398807075e-09,0.0014041591461476227,9.805874310262393e-08,2.9238684013396224e-07
Random1414
Raw:1.0104241096782938e-05,2.122547334954209e-06,1.987322000788117e-05,0.499281670416237,6.9352965502823754e-09,0.4992816704162441,2.632051939880745e-09,0.0014041591461476227,9.805874310262532e-08,2.9238684013396637e-07
EFT:1.0104241096782794e-05,2.122547334954209e-06,1.987322000788117e-05,0.499281670416237,6.935296550282277e-09,0.4992816704162441,2.6320519398807075e-09,0.0014041591461476227,9.805874310262393e-08,2.9238684013396224e-07
Random1415
Raw:1.0104241096782794e-05,2.122547334954209e-06,1.987322000788117e-05,0.499281670416237,6.935296550282277e-09,0.4992816704162441,2.6320519398807075e-09,0.0014041591461476026,9.805874310262393e-08,2.9238684013396224e-07
EFT:1.0104241096782794e-05,2.122547334954209e-06,1.987322000788117e-05,0.499281670416237,6.935296550282277e-09,0.4992816704162441,2.6320519398807075e-09,0.0014041591461476227,9.805874310262393e-08,2.9238684013396224e-07
Random1416
Raw:1.0104241096783009e-05,2.122547334954194e-06,1.9873220007881028e-05,0.49928167041623345,6.935296550282327e-09,0.49928167041624766,2.6320519398807638e-09,0.0014041591461476126,9.805874310262601e-08,2.9238684013396436e-07
EFT:1.0104241096782794e-05,2.122547334954209e-06,1.987322000788117e-05,0.499281670416237,6.935296550282277e-09,0.4992816704162441,2.6320519398807075e-09,0.0014041591461476227,9.805874310262393e-08,2.9238684013396224e-07
Random1417
Raw:1.0104241096782938e-05,2.122547334954209e-06,1.987322000788117e-05,0.499281670416237,6.935296550282277e-09,0.4992816704162441,2.632051939880745e-09,0.0014041591461476427,9.805874310262393e-08,2.9238684013396224e-07
EFT:1.0104241096782794e-05,2.122547334954209e-06,1.987322000788117e-05,0.499281670416237,6.935296550282277e-09,0.4992816704162441,2.6320519398807075e-09,0.0014041591461476227,9.805874310262393e-08,2.9238684013396224e-07
Random1418
Raw:1.0104241096782938e-05,2.122547334954209e-06,1.987322000788117e-05,0.499281670416237,6.9352965502823754e-09,0.4992816704162441,2.632051939880745e-09,0.0014041591461476227,9.805874310262393e-08,2.9238684013396637e-07
EFT:1.0104241096782794e-05,2.122547334954209e-06,1.987322000788117e-05,0.499281670416237,6.935296550282277e-09,0.4992816704162441,2.6320519398807075e-09,0.0014041591461476227,9.805874310262393e-08,2.9238684013396224e-07
Random1419
Raw:1.0104241096782938e-05,2.122547334954239e-06,1.9873220007880885e-05,0.499281670416237,6.935296550282277e-09,0.4992816704162441,2.632051939880745e-09,0.0014041591461476227,9.805874310262532e-08,2.9238684013396224e-07
EFT:1.0104241096782794e-05,2.122547334954209e-06,1.987322000788117e-05,0.499281670416237,6.935296550282277e-09,0.4992816704162441,2.6320519398807075e-09,0.0014041591461476227,9.805874310262393e-08,2.9238684013396224e-07
Random1420
Raw:1.0104241096782867e-05,2.122547334954224e-06,1.987322000788131e-05,0.49928167041624055,6.935296550282326e-09,0.49928167041624055,2.6320519398807265e-09,0.0014041591461476327,9.805874310262323e-08,2.923868401339643e-07
EFT:1.0104241096782794e-05,2.122547334954209e-06,1.987322000788117e-05,0.499281670416237,6.935296550282277e-09,0.4992816704162441,2.6320519398807075e-09,0.0014041591461476227,9.805874310262393e-08,2.9238684013396224e-07
Random1421
Raw:1.0104241096782938e-05,2.122547334954239e-06,1.987322000788145e-05,0.499281670416237,6.935296550282277e-09,0.4992816704162441,2.632051939880745e-09,0.0014041591461476427,9.805874310262393e-08,2.9238684013396637e-07
EFT:1.0104241096782794e-05,2.122547334954209e-06,1.987322000788117e-05,0.499281670416237,6.935296550282277e-09,0.4992816704162441,2.6320519398807075e-09,0.0014041591461476227,9.805874310262393e-08,2.9238684013396224e-07
Random1422
Raw:1.0104241096782938e-05,2.122547334954209e-06,1.9873220007880885e-05,0.499281670416237,6.935296550282277e-09,0.4992816704162441,2.632051939880745e-09,0.0014041591461476227,9.805874310262532e-08,2.9238684013396224e-07
EFT:1.0104241096782794e-05,2.122547334954209e-06,1.987322000788117e-05,0.499281670416237,6.935296550282277e-09,0.4992816704162441,2.6320519398807075e-09,0.0014041591461476227,9.805874310262393e-08,2.9238684013396224e-07
Random1423
Raw:1.0104241096782723e-05,2.122547334954194e-06,1.9873220007881028e-05,0.49928167041624055,6.935296550282228e-09,0.49928167041624055,2.6320519398806513e-09,0.0014041591461476128,9.805874310262323e-08,2.923868401339602e-07
EFT:1.0104241096782794e-05,2.122547334954209e-06,1.987322000788117e-05,0.499281670416237,6.935296550282277e-09,0.4992816704162441,2.6320519398807075e-09,0.0014041591461476227,9.805874310262393e-08,2.9238684013396224e-07
Random1424
Raw:1.0104241096782794e-05,2.1225473349541788e-06,1.9873220007880885e-05,0.499281670416237,6.9352965502821786e-09,0.4992816704162441,2.632051939880745e-09,0.0014041591461476026,9.805874310262254e-08,2.9238684013396224e-07
EFT:1.0104241096782794e-05,2.122547334954209e-06,1.987322000788117e-05,0.499281670416237,6.935296550282277e-09,0.4992816704162441,2.6320519398807075e-09,0.0014041591461476227,9.805874310262393e-08,2.9238684013396224e-07
Random1425
Raw:1.0104241096782938e-05,2.122547334954209e-06,1.9873220007880885e-05,0.499281670416237,6.935296550282277e-09,0.4992816704162441,2.632051939880745e-09,0.0014041591461476227,9.805874310262532e-08,2.9238684013396224e-07
EFT:1.0104241096782794e-05,2.122547334954209e-06,1.987322000788117e-05,0.499281670416237,6.935296550282277e-09,0.4992816704162441,2.6320519398807075e-09,0.0014041591461476227,9.805874310262393e-08,2.9238684013396224e-07
Random1426
Raw:1.0104241096783009e-05,2.122547334954224e-06,1.987322000788131e-05,0.49928167041623345,6.935296550282327e-09,0.49928167041624766,2.6320519398807638e-09,0.0014041591461476327,9.805874310262462e-08,2.923868401339685e-07
EFT:1.0104241096782794e-05,2.122547334954209e-06,1.987322000788117e-05,0.499281670416237,6.935296550282277e-09,0.4992816704162441,2.6320519398807075e-09,0.0014041591461476227,9.805874310262393e-08,2.9238684013396224e-07
Random1427
Raw:1.0104241096782938e-05,2.122547334954209e-06,1.987322000788117e-05,0.499281670416237,6.9352965502823754e-09,0.4992816704162441,2.632051939880745e-09,0.0014041591461476227,9.805874310262672e-08,2.9238684013396637e-07
EFT:1.0104241096782794e-05,2.122547334954209e-06,1.987322000788117e-05,0.499281670416237,6.935296550282277e-09,0.4992816704162441,2.6320519398807075e-09,0.0014041591461476227,9.805874310262393e-08,2.9238684013396224e-07
Random1428
Raw:1.0104241096782867e-05,2.122547334954224e-06,1.987322000788131e-05,0.49928167041624055,6.935296550282326e-09,0.49928167041624055,2.6320519398807265e-09,0.0014041591461476327,9.805874310262323e-08,2.923868401339643e-07
EFT:1.0104241096782794e-05,2.122547334954209e-06,1.987322000788117e-05,0.499281670416237,6.935296550282277e-09,0.4992816704162441,2.6320519398807075e-09,0.0014041591461476227,9.805874310262393e-08,2.9238684013396224e-07
Random1429
Raw:1.0104241096782794e-05,2.122547334954209e-06,1.987322000788117e-05,0.499281670416237,6.9352965502821786e-09,0.4992816704162441,2.6320519398807075e-09,0.0014041591461476026,9.805874310262393e-08,2.9238684013396224e-07
EFT:1.0104241096782794e-05,2.122547334954209e-06,1.987322000788117e-05,0.499281670416237,6.935296550282277e-09,0.4992816704162441,2.6320519398807075e-09,0.0014041591461476227,9.805874310262393e-08,2.9238684013396224e-07
Random1430
Raw:1.0104241096782938e-05,2.122547334954209e-06,1.987322000788117e-05,0.499281670416237,6.9352965502823754e-09,0.4992816704162441,2.6320519398807824e-09,0.0014041591461476227,9.805874310262532e-08,2.9238684013396637e-07
EFT:1.0104241096782794e-05,2.122547334954209e-06,1.987322000788117e-05,0.499281670416237,6.935296550282277e-09,0.4992816704162441,2.6320519398807075e-09,0.0014041591461476227,9.805874310262393e-08,2.9238684013396224e-07
Random1431
Raw:1.0104241096782794e-05,2.122547334954209e-06,1.987322000788117e-05,0.4992816704162441,6.935296550282277e-09,0.499281670416237,2.6320519398807075e-09,0.0014041591461476427,9.805874310262393e-08,2.9238684013396224e-07
EFT:1.0104241096782794e-05,2.122547334954209e-06,1.987322000788117e-05,0.499281670416237,6.935296550282277e-09,0.4992816704162441,2.6320519398807075e-09,0.0014041591461476227,9.805874310262393e-08,2.9238684013396224e-07
Random1432
Raw:1.0104241096782938e-05,2.122547334954209e-06,1.987322000788117e-05,0.499281670416237,6.935296550282277e-09,0.4992816704162441,2.632051939880745e-09,0.0014041591461476227,9.805874310262532e-08,2.9238684013396224e-07
EFT:1.0104241096782794e-05,2.122547334954209e-06,1.987322000788117e-05,0.499281670416237,6.935296550282277e-09,0.4992816704162441,2.6320519398807075e-09,0.0014041591461476227,9.805874310262393e-08,2.9238684013396224e-07
Random1433
Raw:1.0104241096782867e-05,2.122547334954194e-06,1.9873220007881028e-05,0.49928167041624055,6.935296550282326e-09,0.49928167041624055,2.6320519398807265e-09,0.0014041591461476128,9.805874310262323e-08,2.923868401339643e-07
EFT:1.0104241096782794e-05,2.122547334954209e-06,1.987322000788117e-05,0.499281670416237,6.935296550282277e-09,0.4992816704162441,2.6320519398807075e-09,0.0014041591461476227,9.805874310262393e-08,2.9238684013396224e-07
Random1434
Raw:1.0104241096782938e-05,2.122547334954209e-06,1.987322000788117e-05,0.499281670416237,6.9352965502823754e-09,0.4992816704162441,2.632051939880745e-09,0.0014041591461476227,9.805874310262672e-08,2.9238684013396637e-07
EFT:1.0104241096782794e-05,2.122547334954209e-06,1.987322000788117e-05,0.499281670416237,6.935296550282277e-09,0.4992816704162441,2.6320519398807075e-09,0.0014041591461476227,9.805874310262393e-08,2.9238684013396224e-07
Random1435
Raw:1.0104241096782938e-05,2.122547334954209e-06,1.987322000788117e-05,0.499281670416237,6.9352965502823754e-09,0.4992816704162441,2.632051939880745e-09,0.0014041591461476227,9.805874310262393e-08,2.9238684013396637e-07
EFT:1.0104241096782794e-05,2.122547334954209e-06,1.987322000788117e-05,0.499281670416237,6.935296550282277e-09,0.4992816704162441,2.6320519398807075e-09,0.0014041591461476227,9.805874310262393e-08,2.9238684013396224e-07
Random1436
Raw:1.0104241096782794e-05,2.122547334954209e-06,1.987322000788117e-05,0.4992816704162441,6.935296550282277e-09,0.499281670416237,2.63205193988067e-09,0.0014041591461476227,9.805874310262254e-08,2.9238684013396224e-07
EFT:1.0104241096782794e-05,2.122547334954209e-06,1.987322000788117e-05,0.499281670416237,6.935296550282277e-09,0.4992816704162441,2.6320519398807075e-09,0.0014041591461476227,9.805874310262393e-08,2.9238684013396224e-07
Random1437
Raw:1.0104241096782938e-05,2.122547334954209e-06,1.987322000788117e-05,0.499281670416237,6.9352965502823754e-09,0.4992816704162441,2.632051939880745e-09,0.0014041591461476227,9.805874310262532e-08,2.9238684013396637e-07
EFT:1.0104241096782794e-05,2.122547334954209e-06,1.987322000788117e-05,0.499281670416237,6.935296550282277e-09,0.4992816704162441,2.6320519398807075e-09,0.0014041591461476227,9.805874310262393e-08,2.9238684013396224e-07
Random1438
Raw:1.0104241096782865e-05,2.122547334954194e-06,1.9873220007881028e-05,0.49928167041623345,6.935296550282327e-09,0.49928167041624766,2.632051939880726e-09,0.0014041591461476126,9.805874310262462e-08,2.9238684013396436e-07
EFT:1.0104241096782794e-05,2.122547334954209e-06,1.987322000788117e-05,0.499281670416237,6.935296550282277e-09,0.4992816704162441,2.6320519398807075e-09,0.0014041591461476227,9.805874310262393e-08,2.9238684013396224e-07
Random1439
Raw:1.0104241096782938e-05,2.122547334954209e-06,1.987322000788117e-05,0.499281670416237,6.935296550282277e-09,0.4992816704162441,2.632051939880745e-09,0.0014041591461476227,9.805874310262393e-08,2.9238684013396637e-07
EFT:1.0104241096782794e-05,2.122547334954209e-06,1.987322000788117e-05,0.499281670416237,6.935296550282277e-09,0.4992816704162441,2.6320519398807075e-09,0.0014041591461476227,9.805874310262393e-08,2.9238684013396224e-07
Random1440
Raw:1.0104241096782867e-05,2.122547334954224e-06,1.9873220007881028e-05,0.49928167041624055,6.935296550282326e-09,0.49928167041624055,2.6320519398807265e-09,0.0014041591461476327,9.805874310262323e-08,2.923868401339643e-07
EFT:1.0104241096782794e-05,2.122547334954209e-06,1.987322000788117e-05,0.499281670416237,6.935296550282277e-09,0.4992816704162441,2.6320519398807075e-09,0.0014041591461476227,9.805874310262393e-08,2.9238684013396224e-07
Random1441
Raw:1.0104241096782867e-05,2.122547334954224e-06,1.987322000788131e-05,0.49928167041624055,6.935296550282326e-09,0.49928167041624055,2.6320519398807265e-09,0.0014041591461476128,9.805874310262462e-08,2.923868401339643e-07
EFT:1.0104241096782794e-05,2.122547334954209e-06,1.987322000788117e-05,0.499281670416237,6.935296550282277e-09,0.4992816704162441,2.6320519398807075e-09,0.0014041591461476227,9.805874310262393e-08,2.9238684013396224e-07
Random1442
Raw:1.0104241096782938e-05,2.122547334954209e-06,1.987322000788117e-05,0.499281670416237,6.935296550282277e-09,0.4992816704162441,2.632051939880745e-09,0.0014041591461476227,9.805874310262532e-08,2.9238684013396224e-07
EFT:1.0104241096782794e-05,2.122547334954209e-06,1.987322000788117e-05,0.499281670416237,6.935296550282277e-09,0.4992816704162441,2.6320519398807075e-09,0.0014041591461476227,9.805874310262393e-08,2.9238684013396224e-07
Random1443
Raw:1.0104241096783009e-05,2.122547334954224e-06,1.987322000788131e-05,0.49928167041623345,6.935296550282327e-09,0.49928167041624766,2.6320519398807638e-09,0.0014041591461476327,9.805874310262462e-08,2.923868401339685e-07
EFT:1.0104241096782794e-05,2.122547334954209e-06,1.987322000788117e-05,0.499281670416237,6.935296550282277e-09,0.4992816704162441,2.6320519398807075e-09,0.0014041591461476227,9.805874310262393e-08,2.9238684013396224e-07
Random1444
Raw:1.0104241096782938e-05,2.1225473349541788e-06,1.9873220007880885e-05,0.499281670416237,6.935296550282277e-09,0.4992816704162441,2.632051939880745e-09,0.0014041591461476026,9.805874310262532e-08,2.9238684013396224e-07
EFT:1.0104241096782794e-05,2.122547334954209e-06,1.987322000788117e-05,0.499281670416237,6.935296550282277e-09,0.4992816704162441,2.6320519398807075e-09,0.0014041591461476227,9.805874310262393e-08,2.9238684013396224e-07
Random1445
Raw:1.0104241096782938e-05,2.122547334954209e-06,1.987322000788117e-05,0.499281670416237,6.9352965502823754e-09,0.4992816704162441,2.632051939880745e-09,0.0014041591461476227,9.805874310262532e-08,2.9238684013396637e-07
EFT:1.0104241096782794e-05,2.122547334954209e-06,1.987322000788117e-05,0.499281670416237,6.935296550282277e-09,0.4992816704162441,2.6320519398807075e-09,0.0014041591461476227,9.805874310262393e-08,2.9238684013396224e-07
Random1446
Raw:1.0104241096782867e-05,2.122547334954224e-06,1.987322000788131e-05,0.49928167041624055,6.935296550282326e-09,0.49928167041624055,2.6320519398807265e-09,0.0014041591461476327,9.805874310262462e-08,2.923868401339643e-07
EFT:1.0104241096782794e-05,2.122547334954209e-06,1.987322000788117e-05,0.499281670416237,6.935296550282277e-09,0.4992816704162441,2.6320519398807075e-09,0.0014041591461476227,9.805874310262393e-08,2.9238684013396224e-07
Random1447
Raw:1.0104241096782938e-05,2.122547334954209e-06,1.987322000788117e-05,0.499281670416237,6.9352965502823754e-09,0.4992816704162441,2.6320519398807824e-09,0.0014041591461476227,9.805874310262532e-08,2.9238684013396637e-07
EFT:1.0104241096782794e-05,2.122547334954209e-06,1.987322000788117e-05,0.499281670416237,6.935296550282277e-09,0.4992816704162441,2.6320519398807075e-09,0.0014041591461476227,9.805874310262393e-08,2.9238684013396224e-07
Random1448
Raw:1.0104241096782867e-05,2.122547334954224e-06,1.987322000788131e-05,0.49928167041624055,6.935296550282326e-09,0.49928167041624055,2.6320519398807265e-09,0.0014041591461476327,9.805874310262323e-08,2.923868401339643e-07
EFT:1.0104241096782794e-05,2.122547334954209e-06,1.987322000788117e-05,0.499281670416237,6.935296550282277e-09,0.4992816704162441,2.6320519398807075e-09,0.0014041591461476227,9.805874310262393e-08,2.9238684013396224e-07
Random1449
Raw:1.0104241096782938e-05,2.122547334954209e-06,1.987322000788117e-05,0.499281670416237,6.935296550282277e-09,0.4992816704162441,2.632051939880745e-09,0.0014041591461476427,9.805874310262393e-08,2.9238684013396224e-07
EFT:1.0104241096782794e-05,2.122547334954209e-06,1.987322000788117e-05,0.499281670416237,6.935296550282277e-09,0.4992816704162441,2.6320519398807075e-09,0.0014041591461476227,9.805874310262393e-08,2.9238684013396224e-07
Random1450
Raw:1.0104241096782794e-05,2.1225473349541788e-06,1.9873220007880885e-05,0.499281670416237,6.935296550282277e-09,0.4992816704162441,2.632051939880745e-09,0.0014041591461476026,9.805874310262254e-08,2.9238684013396224e-07
EFT:1.0104241096782794e-05,2.122547334954209e-06,1.987322000788117e-05,0.499281670416237,6.935296550282277e-09,0.4992816704162441,2.6320519398807075e-09,0.0014041591461476227,9.805874310262393e-08,2.9238684013396224e-07
Random1451
Raw:1.0104241096782867e-05,2.122547334954224e-06,1.987322000788131e-05,0.49928167041624055,6.935296550282326e-09,0.49928167041624055,2.6320519398807638e-09,0.0014041591461476327,9.805874310262462e-08,2.923868401339643e-07
EFT:1.0104241096782794e-05,2.122547334954209e-06,1.987322000788117e-05,0.499281670416237,6.935296550282277e-09,0.4992816704162441,2.6320519398807075e-09,0.0014041591461476227,9.805874310262393e-08,2.9238684013396224e-07
Random1452
Raw:1.0104241096782867e-05,2.122547334954224e-06,1.987322000788131e-05,0.49928167041624055,6.935296550282326e-09,0.49928167041624055,2.6320519398807265e-09,0.0014041591461476128,9.805874310262462e-08,2.923868401339643e-07
EFT:1.0104241096782794e-05,2.122547334954209e-06,1.987322000788117e-05,0.499281670416237,6.935296550282277e-09,0.4992816704162441,2.6320519398807075e-09,0.0014041591461476227,9.805874310262393e-08,2.9238684013396224e-07
Random1453
Raw:1.0104241096782938e-05,2.122547334954209e-06,1.987322000788117e-05,0.499281670416237,6.935296550282277e-09,0.4992816704162441,2.632051939880745e-09,0.0014041591461476227,9.805874310262532e-08,2.9238684013396224e-07
EFT:1.0104241096782794e-05,2.122547334954209e-06,1.987322000788117e-05,0.499281670416237,6.935296550282277e-09,0.4992816704162441,2.6320519398807075e-09,0.0014041591461476227,9.805874310262393e-08,2.9238684013396224e-07
Random1454
Raw:1.0104241096782938e-05,2.122547334954209e-06,1.9873220007880885e-05,0.499281670416237,6.935296550282277e-09,0.4992816704162441,2.632051939880745e-09,0.0014041591461476227,9.805874310262393e-08,2.9238684013396224e-07
EFT:1.0104241096782794e-05,2.122547334954209e-06,1.987322000788117e-05,0.499281670416237,6.935296550282277e-09,0.4992816704162441,2.6320519398807075e-09,0.0014041591461476227,9.805874310262393e-08,2.9238684013396224e-07
Random1455
Raw:1.0104241096782794e-05,2.122547334954209e-06,1.987322000788117e-05,0.499281670416237,6.935296550282277e-09,0.4992816704162441,2.632051939880745e-09,0.0014041591461476227,9.805874310262254e-08,2.9238684013396224e-07
EFT:1.0104241096782794e-05,2.122547334954209e-06,1.987322000788117e-05,0.499281670416237,6.935296550282277e-09,0.4992816704162441,2.6320519398807075e-09,0.0014041591461476227,9.805874310262393e-08,2.9238684013396224e-07
Random1456
Raw:1.0104241096782938e-05,2.122547334954209e-06,1.987322000788117e-05,0.499281670416237,6.935296550282277e-09,0.4992816704162441,2.632051939880745e-09,0.0014041591461476427,9.805874310262393e-08,2.9238684013396224e-07
EFT:1.0104241096782794e-05,2.122547334954209e-06,1.987322000788117e-05,0.499281670416237,6.935296550282277e-09,0.4992816704162441,2.6320519398807075e-09,0.0014041591461476227,9.805874310262393e-08,2.9238684013396224e-07
Random1457
Raw:1.0104241096782867e-05,2.122547334954224e-06,1.987322000788131e-05,0.49928167041624055,6.935296550282326e-09,0.49928167041624055,2.6320519398807265e-09,0.0014041591461476327,9.805874310262462e-08,2.923868401339643e-07
EFT:1.0104241096782794e-05,2.122547334954209e-06,1.987322000788117e-05,0.499281670416237,6.935296550282277e-09,0.4992816704162441,2.6320519398807075e-09,0.0014041591461476227,9.805874310262393e-08,2.9238684013396224e-07
Random1458
Raw:1.0104241096782794e-05,2.1225473349541788e-06,1.9873220007880885e-05,0.499281670416237,6.935296550282277e-09,0.4992816704162441,2.632051939880745e-09,0.0014041591461476026,9.805874310262254e-08,2.9238684013396224e-07
EFT:1.0104241096782794e-05,2.122547334954209e-06,1.987322000788117e-05,0.499281670416237,6.935296550282277e-09,0.4992816704162441,2.6320519398807075e-09,0.0014041591461476227,9.805874310262393e-08,2.9238684013396224e-07
Random1459
Raw:1.0104241096782938e-05,2.122547334954239e-06,1.9873220007880885e-05,0.499281670416237,6.935296550282277e-09,0.4992816704162441,2.632051939880745e-09,0.0014041591461476227,9.805874310262532e-08,2.9238684013396224e-07
EFT:1.0104241096782794e-05,2.122547334954209e-06,1.987322000788117e-05,0.499281670416237,6.935296550282277e-09,0.4992816704162441,2.6320519398807075e-09,0.0014041591461476227,9.805874310262393e-08,2.9238684013396224e-07
Random1460
Raw:1.0104241096782938e-05,2.122547334954209e-06,1.987322000788117e-05,0.499281670416237,6.935296550282277e-09,0.4992816704162441,2.632051939880745e-09,0.0014041591461476427,9.805874310262393e-08,2.9238684013396224e-07
EFT:1.0104241096782794e-05,2.122547334954209e-06,1.987322000788117e-05,0.499281670416237,6.935296550282277e-09,0.4992816704162441,2.6320519398807075e-09,0.0014041591461476227,9.805874310262393e-08,2.9238684013396224e-07
Random1461
Raw:1.0104241096782938e-05,2.122547334954209e-06,1.9873220007880885e-05,0.499281670416237,6.935296550282277e-09,0.4992816704162441,2.632051939880745e-09,0.0014041591461476227,9.805874310262532e-08,2.9238684013396224e-07
EFT:1.0104241096782794e-05,2.122547334954209e-06,1.987322000788117e-05,0.499281670416237,6.935296550282277e-09,0.4992816704162441,2.6320519398807075e-09,0.0014041591461476227,9.805874310262393e-08,2.9238684013396224e-07
Random1462
Raw:1.0104241096782867e-05,2.122547334954224e-06,1.9873220007881028e-05,0.49928167041624055,6.935296550282326e-09,0.49928167041624055,2.6320519398807638e-09,0.0014041591461476128,9.805874310262462e-08,2.923868401339643e-07
EFT:1.0104241096782794e-05,2.122547334954209e-06,1.987322000788117e-05,0.499281670416237,6.935296550282277e-09,0.4992816704162441,2.6320519398807075e-09,0.0014041591461476227,9.805874310262393e-08,2.9238684013396224e-07
Random1463
Raw:1.0104241096782938e-05,2.122547334954209e-06,1.987322000788117e-05,0.499281670416237,6.935296550282277e-09,0.4992816704162441,2.632051939880745e-09,0.0014041591461476227,9.805874310262393e-08,2.9238684013396637e-07
EFT:1.0104241096782794e-05,2.122547334954209e-06,1.987322000788117e-05,0.499281670416237,6.935296550282277e-09,0.4992816704162441,2.6320519398807075e-09,0.0014041591461476227,9.805874310262393e-08,2.9238684013396224e-07
Random1464
Raw:1.0104241096783009e-05,2.122547334954224e-06,1.987322000788131e-05,0.49928167041623345,6.935296550282327e-09,0.49928167041624766,2.6320519398807638e-09,0.0014041591461476327,9.805874310262462e-08,2.923868401339685e-07
EFT:1.0104241096782794e-05,2.122547334954209e-06,1.987322000788117e-05,0.499281670416237,6.935296550282277e-09,0.4992816704162441,2.6320519398807075e-09,0.0014041591461476227,9.805874310262393e-08,2.9238684013396224e-07
Random1465
Raw:1.0104241096782938e-05,2.122547334954239e-06,1.987322000788117e-05,0.499281670416237,6.935296550282277e-09,0.4992816704162441,2.632051939880745e-09,0.0014041591461476427,9.805874310262393e-08,2.9238684013396637e-07
EFT:1.0104241096782794e-05,2.122547334954209e-06,1.987322000788117e-05,0.499281670416237,6.935296550282277e-09,0.4992816704162441,2.6320519398807075e-09,0.0014041591461476227,9.805874310262393e-08,2.9238684013396224e-07
Random1466
Raw:1.0104241096783009e-05,2.122547334954194e-06,1.9873220007881028e-05,0.49928167041623345,6.935296550282327e-09,0.49928167041624766,2.6320519398807638e-09,0.0014041591461476126,9.805874310262601e-08,2.9238684013396436e-07
EFT:1.0104241096782794e-05,2.122547334954209e-06,1.987322000788117e-05,0.499281670416237,6.935296550282277e-09,0.4992816704162441,2.6320519398807075e-09,0.0014041591461476227,9.805874310262393e-08,2.9238684013396224e-07
Random1467
Raw:1.0104241096782794e-05,2.122547334954209e-06,1.987322000788117e-05,0.499281670416237,6.9352965502821786e-09,0.4992816704162441,2.632051939880745e-09,0.0014041591461476227,9.805874310262254e-08,2.9238684013396224e-07
EFT:1.0104241096782794e-05,2.122547334954209e-06,1.987322000788117e-05,0.499281670416237,6.935296550282277e-09,0.4992816704162441,2.6320519398807075e-09,0.0014041591461476227,9.805874310262393e-08,2.9238684013396224e-07
Random1468
Raw:1.0104241096783009e-05,2.122547334954224e-06,1.987322000788131e-05,0.49928167041623345,6.935296550282327e-09,0.49928167041624766,2.6320519398807638e-09,0.0014041591461476327,9.805874310262601e-08,2.9238684013396436e-07
EFT:1.0104241096782794e-05,2.122547334954209e-06,1.987322000788117e-05,0.499281670416237,6.935296550282277e-09,0.4992816704162441,2.6320519398807075e-09,0.0014041591461476227,9.805874310262393e-08,2.9238684013396224e-07
Random1469
Raw:1.0104241096782938e-05,2.122547334954209e-06,1.987322000788117e-05,0.499281670416237,6.9352965502823754e-09,0.4992816704162441,2.632051939880745e-09,0.0014041591461476227,9.805874310262393e-08,2.9238684013396637e-07
EFT:1.0104241096782794e-05,2.122547334954209e-06,1.987322000788117e-05,0.499281670416237,6.935296550282277e-09,0.4992816704162441,2.6320519398807075e-09,0.0014041591461476227,9.805874310262393e-08,2.9238684013396224e-07
Random1470
Raw:1.0104241096782938e-05,2.122547334954209e-06,1.9873220007880885e-05,0.499281670416237,6.935296550282277e-09,0.4992816704162441,2.632051939880745e-09,0.0014041591461476227,9.805874310262532e-08,2.9238684013396224e-07
EFT:1.0104241096782794e-05,2.122547334954209e-06,1.987322000788117e-05,0.499281670416237,6.935296550282277e-09,0.4992816704162441,2.6320519398807075e-09,0.0014041591461476227,9.805874310262393e-08,2.9238684013396224e-07
Random1471
Raw:1.0104241096782867e-05,2.122547334954224e-06,1.987322000788131e-05,0.49928167041624055,6.935296550282326e-09,0.49928167041624055,2.6320519398807265e-09,0.0014041591461476327,9.805874310262323e-08,2.923868401339643e-07
EFT:1.0104241096782794e-05,2.122547334954209e-06,1.987322000788117e-05,0.499281670416237,6.935296550282277e-09,0.4992816704162441,2.6320519398807075e-09,0.0014041591461476227,9.805874310262393e-08,2.9238684013396224e-07
Random1472
Raw:1.0104241096782938e-05,2.122547334954209e-06,1.987322000788117e-05,0.499281670416237,6.935296550282277e-09,0.4992816704162441,2.632051939880745e-09,0.0014041591461476227,9.805874310262532e-08,2.9238684013396224e-07
EFT:1.0104241096782794e-05,2.122547334954209e-06,1.987322000788117e-05,0.499281670416237,6.935296550282277e-09,0.4992816704162441,2.6320519398807075e-09,0.0014041591461476227,9.805874310262393e-08,2.9238684013396224e-07
Random1473
Raw:1.010424109678301e-05,2.1225473349542546e-06,1.987322000788131e-05,0.49928167041624055,6.935296550282425e-09,0.49928167041624055,2.6320519398807638e-09,0.0014041591461476527,9.805874310262462e-08,2.923868401339643e-07
EFT:1.0104241096782794e-05,2.122547334954209e-06,1.987322000788117e-05,0.499281670416237,6.935296550282277e-09,0.4992816704162441,2.6320519398807075e-09,0.0014041591461476227,9.805874310262393e-08,2.9238684013396224e-07
Random1474
Raw:1.0104241096783009e-05,2.122547334954224e-06,1.9873220007881028e-05,0.49928167041623345,6.935296550282327e-09,0.49928167041624766,2.6320519398807638e-09,0.0014041591461476327,9.805874310262601e-08,2.9238684013396436e-07
EFT:1.0104241096782794e-05,2.122547334954209e-06,1.987322000788117e-05,0.499281670416237,6.935296550282277e-09,0.4992816704162441,2.6320519398807075e-09,0.0014041591461476227,9.805874310262393e-08,2.9238684013396224e-07
Random1475
Raw:1.0104241096782938e-05,2.122547334954239e-06,1.987322000788145e-05,0.499281670416237,6.935296550282277e-09,0.4992816704162441,2.632051939880745e-09,0.0014041591461476427,9.805874310262532e-08,2.9238684013396224e-07
EFT:1.0104241096782794e-05,2.122547334954209e-06,1.987322000788117e-05,0.499281670416237,6.935296550282277e-09,0.4992816704162441,2.6320519398807075e-09,0.0014041591461476227,9.805874310262393e-08,2.9238684013396224e-07
Random1476
Raw:1.0104241096782865e-05,2.122547334954194e-06,1.9873220007881028e-05,0.49928167041623345,6.935296550282327e-09,0.49928167041624766,2.632051939880726e-09,0.0014041591461476126,9.805874310262462e-08,2.9238684013396436e-07
EFT:1.0104241096782794e-05,2.122547334954209e-06,1.987322000788117e-05,0.499281670416237,6.935296550282277e-09,0.4992816704162441,2.6320519398807075e-09,0.0014041591461476227,9.805874310262393e-08,2.9238684013396224e-07
Random1477
Raw:1.0104241096782867e-05,2.122547334954224e-06,1.987322000788131e-05,0.49928167041624055,6.935296550282326e-09,0.49928167041624055,2.6320519398807265e-09,0.0014041591461476327,9.805874310262462e-08,2.923868401339643e-07
EFT:1.0104241096782794e-05,2.122547334954209e-06,1.987322000788117e-05,0.499281670416237,6.935296550282277e-09,0.4992816704162441,2.6320519398807075e-09,0.0014041591461476227,9.805874310262393e-08,2.9238684013396224e-07
Random1478
Raw:1.0104241096782794e-05,2.122547334954209e-06,1.987322000788117e-05,0.499281670416237,6.9352965502821786e-09,0.4992816704162441,2.632051939880745e-09,0.0014041591461476227,9.805874310262254e-08,2.9238684013396224e-07
EFT:1.0104241096782794e-05,2.122547334954209e-06,1.987322000788117e-05,0.499281670416237,6.935296550282277e-09,0.4992816704162441,2.6320519398807075e-09,0.0014041591461476227,9.805874310262393e-08,2.9238684013396224e-07
Random1479
Raw:1.0104241096782938e-05,2.122547334954239e-06,1.987322000788117e-05,0.499281670416237,6.935296550282277e-09,0.4992816704162441,2.632051939880745e-09,0.0014041591461476427,9.805874310262532e-08,2.9238684013396224e-07
EFT:1.0104241096782794e-05,2.122547334954209e-06,1.987322000788117e-05,0.499281670416237,6.935296550282277e-09,0.4992816704162441,2.6320519398807075e-09,0.0014041591461476227,9.805874310262393e-08,2.9238684013396224e-07
Random1480
Raw:1.0104241096782794e-05,2.122547334954209e-06,1.987322000788117e-05,0.499281670416237,6.935296550282277e-09,0.4992816704162441,2.6320519398807075e-09,0.0014041591461476026,9.805874310262393e-08,2.9238684013396224e-07
EFT:1.0104241096782794e-05,2.122547334954209e-06,1.987322000788117e-05,0.499281670416237,6.935296550282277e-09,0.4992816704162441,2.6320519398807075e-09,0.0014041591461476227,9.805874310262393e-08,2.9238684013396224e-07
Random1481
Raw:1.0104241096782938e-05,2.122547334954209e-06,1.987322000788117e-05,0.499281670416237,6.9352965502823754e-09,0.4992816704162441,2.632051939880745e-09,0.0014041591461476227,9.805874310262393e-08,2.9238684013396637e-07
EFT:1.0104241096782794e-05,2.122547334954209e-06,1.987322000788117e-05,0.499281670416237,6.935296550282277e-09,0.4992816704162441,2.6320519398807075e-09,0.0014041591461476227,9.805874310262393e-08,2.9238684013396224e-07
Random1482
Raw:1.0104241096783009e-05,2.122547334954224e-06,1.9873220007881028e-05,0.49928167041623345,6.935296550282327e-09,0.49928167041624766,2.6320519398807638e-09,0.0014041591461476327,9.805874310262601e-08,2.9238684013396436e-07
EFT:1.0104241096782794e-05,2.122547334954209e-06,1.987322000788117e-05,0.499281670416237,6.935296550282277e-09,0.4992816704162441,2.6320519398807075e-09,0.0014041591461476227,9.805874310262393e-08,2.9238684013396224e-07
Random1483
Raw:1.0104241096783009e-05,2.122547334954194e-06,1.9873220007881028e-05,0.49928167041623345,6.935296550282327e-09,0.49928167041624766,2.6320519398807638e-09,0.0014041591461476126,9.805874310262601e-08,2.9238684013396436e-07
EFT:1.0104241096782794e-05,2.122547334954209e-06,1.987322000788117e-05,0.499281670416237,6.935296550282277e-09,0.4992816704162441,2.6320519398807075e-09,0.0014041591461476227,9.805874310262393e-08,2.9238684013396224e-07
Random1484
Raw:1.0104241096782938e-05,2.122547334954209e-06,1.987322000788117e-05,0.499281670416237,6.935296550282277e-09,0.4992816704162441,2.632051939880745e-09,0.0014041591461476427,9.805874310262393e-08,2.9238684013396224e-07
EFT:1.0104241096782794e-05,2.122547334954209e-06,1.987322000788117e-05,0.499281670416237,6.935296550282277e-09,0.4992816704162441,2.6320519398807075e-09,0.0014041591461476227,9.805874310262393e-08,2.9238684013396224e-07
Random1485
Raw:1.0104241096782723e-05,2.122547334954194e-06,1.9873220007881028e-05,0.49928167041623345,6.935296550282129e-09,0.49928167041624766,2.632051939880726e-09,0.0014041591461475926,9.805874310262324e-08,2.923868401339602e-07
EFT:1.0104241096782794e-05,2.122547334954209e-06,1.987322000788117e-05,0.499281670416237,6.935296550282277e-09,0.4992816704162441,2.6320519398807075e-09,0.0014041591461476227,9.805874310262393e-08,2.9238684013396224e-07
Random1486
Raw:1.0104241096782938e-05,2.122547334954209e-06,1.987322000788117e-05,0.499281670416237,6.9352965502823754e-09,0.4992816704162441,2.632051939880745e-09,0.0014041591461476227,9.805874310262532e-08,2.9238684013396637e-07
EFT:1.0104241096782794e-05,2.122547334954209e-06,1.987322000788117e-05,0.499281670416237,6.935296550282277e-09,0.4992816704162441,2.6320519398807075e-09,0.0014041591461476227,9.805874310262393e-08,2.9238684013396224e-07
Random1487
Raw:1.0104241096782938e-05,2.122547334954209e-06,1.987322000788117e-05,0.499281670416237,6.9352965502823754e-09,0.4992816704162441,2.632051939880745e-09,0.0014041591461476227,9.805874310262532e-08,2.9238684013396637e-07
EFT:1.0104241096782794e-05,2.122547334954209e-06,1.987322000788117e-05,0.499281670416237,6.935296550282277e-09,0.4992816704162441,2.6320519398807075e-09,0.0014041591461476227,9.805874310262393e-08,2.9238684013396224e-07
Random1488
Raw:1.0104241096782938e-05,2.122547334954239e-06,1.987322000788117e-05,0.499281670416237,6.9352965502823754e-09,0.4992816704162441,2.6320519398807824e-09,0.0014041591461476227,9.805874310262532e-08,2.9238684013396637e-07
EFT:1.0104241096782794e-05,2.122547334954209e-06,1.987322000788117e-05,0.499281670416237,6.935296550282277e-09,0.4992816704162441,2.6320519398807075e-09,0.0014041591461476227,9.805874310262393e-08,2.9238684013396224e-07
Random1489
Raw:1.0104241096782938e-05,2.122547334954239e-06,1.9873220007880885e-05,0.499281670416237,6.935296550282277e-09,0.4992816704162441,2.632051939880745e-09,0.0014041591461476227,9.805874310262532e-08,2.9238684013396224e-07
EFT:1.0104241096782794e-05,2.122547334954209e-06,1.987322000788117e-05,0.499281670416237,6.935296550282277e-09,0.4992816704162441,2.6320519398807075e-09,0.0014041591461476227,9.805874310262393e-08,2.9238684013396224e-07
Random1490
Raw:1.0104241096782867e-05,2.122547334954194e-06,1.9873220007881028e-05,0.49928167041624055,6.935296550282326e-09,0.49928167041624055,2.6320519398807265e-09,0.0014041591461476128,9.805874310262602e-08,2.923868401339643e-07
EFT:1.0104241096782794e-05,2.122547334954209e-06,1.987322000788117e-05,0.499281670416237,6.935296550282277e-09,0.4992816704162441,2.6320519398807075e-09,0.0014041591461476227,9.805874310262393e-08,2.9238684013396224e-07
Random1491
Raw:1.0104241096782938e-05,2.122547334954209e-06,1.987322000788117e-05,0.499281670416237,6.9352965502823754e-09,0.4992816704162441,2.6320519398807824e-09,0.0014041591461476227,9.805874310262532e-08,2.9238684013396637e-07
EFT:1.0104241096782794e-05,2.122547334954209e-06,1.987322000788117e-05,0.499281670416237,6.935296550282277e-09,0.4992816704162441,2.6320519398807075e-09,0.0014041591461476227,9.805874310262393e-08,2.9238684013396224e-07
Random1492
Raw:1.0104241096783009e-05,2.122547334954194e-06,1.9873220007881028e-05,0.49928167041623345,6.935296550282327e-09,0.49928167041624766,2.6320519398807638e-09,0.0014041591461476126,9.805874310262601e-08,2.9238684013396436e-07
EFT:1.0104241096782794e-05,2.122547334954209e-06,1.987322000788117e-05,0.499281670416237,6.935296550282277e-09,0.4992816704162441,2.6320519398807075e-09,0.0014041591461476227,9.805874310262393e-08,2.9238684013396224e-07
Random1493
Raw:1.0104241096783009e-05,2.122547334954224e-06,1.987322000788131e-05,0.49928167041623345,6.935296550282424e-09,0.49928167041624766,2.6320519398807638e-09,0.0014041591461476327,9.805874310262601e-08,2.923868401339685e-07
EFT:1.0104241096782794e-05,2.122547334954209e-06,1.987322000788117e-05,0.499281670416237,6.935296550282277e-09,0.4992816704162441,2.6320519398807075e-09,0.0014041591461476227,9.805874310262393e-08,2.9238684013396224e-07
Random1494
Raw:1.0104241096782867e-05,2.122547334954224e-06,1.987322000788131e-05,0.49928167041624055,6.935296550282326e-09,0.49928167041624055,2.6320519398807265e-09,0.0014041591461476327,9.805874310262602e-08,2.923868401339643e-07
EFT:1.0104241096782794e-05,2.122547334954209e-06,1.987322000788117e-05,0.499281670416237,6.935296550282277e-09,0.4992816704162441,2.6320519398807075e-09,0.0014041591461476227,9.805874310262393e-08,2.9238684013396224e-07
Random1495
Raw:1.0104241096782867e-05,2.122547334954224e-06,1.987322000788131e-05,0.49928167041624055,6.935296550282326e-09,0.49928167041624055,2.6320519398807638e-09,0.0014041591461476327,9.805874310262462e-08,2.923868401339643e-07
EFT:1.0104241096782794e-05,2.122547334954209e-06,1.987322000788117e-05,0.499281670416237,6.935296550282277e-09,0.4992816704162441,2.6320519398807075e-09,0.0014041591461476227,9.805874310262393e-08,2.9238684013396224e-07
Random1496
Raw:1.0104241096782794e-05,2.122547334954209e-06,1.9873220007880885e-05,0.499281670416237,6.935296550282277e-09,0.4992816704162441,2.632051939880745e-09,0.0014041591461476227,9.805874310262254e-08,2.9238684013396224e-07
EFT:1.0104241096782794e-05,2.122547334954209e-06,1.987322000788117e-05,0.499281670416237,6.935296550282277e-09,0.4992816704162441,2.6320519398807075e-09,0.0014041591461476227,9.805874310262393e-08,2.9238684013396224e-07
Random1497
Raw:1.0104241096782938e-05,2.122547334954209e-06,1.987322000788117e-05,0.499281670416237,6.935296550282277e-09,0.4992816704162441,2.632051939880745e-09,0.0014041591461476227,9.805874310262532e-08,2.9238684013396224e-07
EFT:1.0104241096782794e-05,2.122547334954209e-06,1.987322000788117e-05,0.499281670416237,6.935296550282277e-09,0.4992816704162441,2.6320519398807075e-09,0.0014041591461476227,9.805874310262393e-08,2.9238684013396224e-07
Random1498
Raw:1.0104241096782867e-05,2.122547334954224e-06,1.9873220007881028e-05,0.49928167041624055,6.935296550282326e-09,0.49928167041624055,2.6320519398807265e-09,0.0014041591461476327,9.805874310262602e-08,2.923868401339643e-07
EFT:1.0104241096782794e-05,2.122547334954209e-06,1.987322000788117e-05,0.499281670416237,6.935296550282277e-09,0.4992816704162441,2.6320519398807075e-09,0.0014041591461476227,9.805874310262393e-08,2.9238684013396224e-07
Random1499
Raw:1.0104241096783009e-05,2.122547334954194e-06,1.9873220007881028e-05,0.49928167041623345,6.935296550282327e-09,0.49928167041624766,2.6320519398807638e-09,0.0014041591461476327,9.805874310262462e-08,2.9238684013396436e-07
EFT:1.0104241096782794e-05,2.122547334954209e-06,1.987322000788117e-05,0.499281670416237,6.935296550282277e-09,0.4992816704162441,2.6320519398807075e-09,0.0014041591461476227,9.805874310262393e-08,2.9238684013396224e-07
Random1500
Raw:1.0104241096782867e-05,2.122547334954224e-06,1.9873220007881028e-05,0.49928167041624055,6.935296550282326e-09,0.49928167041624055,2.6320519398807265e-09,0.0014041591461476128,9.805874310262462e-08,2.923868401339643e-07
EFT:1.0104241096782794e-05,2.122547334954209e-06,1.987322000788117e-05,0.499281670416237,6.935296550282277e-09,0.4992816704162441,2.6320519398807075e-09,0.0014041591461476227,9.805874310262393e-08,2.9238684013396224e-07
Random1501
Raw:1.0104241096782938e-05,2.122547334954239e-06,1.987322000788117e-05,0.499281670416237,6.935296550282277e-09,0.4992816704162441,2.632051939880745e-09,0.0014041591461476427,9.805874310262532e-08,2.9238684013396224e-07
EFT:1.0104241096782794e-05,2.122547334954209e-06,1.987322000788117e-05,0.499281670416237,6.935296550282277e-09,0.4992816704162441,2.6320519398807075e-09,0.0014041591461476227,9.805874310262393e-08,2.9238684013396224e-07
Random1502
Raw:1.0104241096782938e-05,2.122547334954209e-06,1.987322000788117e-05,0.499281670416237,6.935296550282277e-09,0.4992816704162441,2.632051939880745e-09,0.0014041591461476227,9.805874310262393e-08,2.9238684013396637e-07
EFT:1.0104241096782794e-05,2.122547334954209e-06,1.987322000788117e-05,0.499281670416237,6.935296550282277e-09,0.4992816704162441,2.6320519398807075e-09,0.0014041591461476227,9.805874310262393e-08,2.9238684013396224e-07
Random1503
Raw:1.0104241096782867e-05,2.122547334954194e-06,1.9873220007881028e-05,0.49928167041624055,6.935296550282228e-09,0.49928167041624055,2.632051939880689e-09,0.0014041591461476327,9.805874310262323e-08,2.923868401339602e-07
EFT:1.0104241096782794e-05,2.122547334954209e-06,1.987322000788117e-05,0.499281670416237,6.935296550282277e-09,0.4992816704162441,2.6320519398807075e-09,0.0014041591461476227,9.805874310262393e-08,2.9238684013396224e-07
Random1504
Raw:1.0104241096782865e-05,2.122547334954194e-06,1.9873220007881028e-05,0.49928167041623345,6.935296550282327e-09,0.49928167041624766,2.6320519398807638e-09,0.0014041591461476126,9.805874310262324e-08,2.9238684013396436e-07
EFT:1.0104241096782794e-05,2.122547334954209e-06,1.987322000788117e-05,0.499281670416237,6.935296550282277e-09,0.4992816704162441,2.6320519398807075e-09,0.0014041591461476227,9.805874310262393e-08,2.9238684013396224e-07
Random1505
Raw:1.0104241096782938e-05,2.122547334954239e-06,1.9873220007880885e-05,0.499281670416237,6.935296550282277e-09,0.4992816704162441,2.632051939880745e-09,0.0014041591461476227,9.805874310262532e-08,2.9238684013396224e-07
EFT:1.0104241096782794e-05,2.122547334954209e-06,1.987322000788117e-05,0.499281670416237,6.935296550282277e-09,0.4992816704162441,2.6320519398807075e-09,0.0014041591461476227,9.805874310262393e-08,2.9238684013396224e-07
Random1506
Raw:1.0104241096783009e-05,2.122547334954224e-06,1.987322000788131e-05,0.49928167041623345,6.935296550282327e-09,0.49928167041624766,2.6320519398807638e-09,0.0014041591461476327,9.805874310262601e-08,2.9238684013396436e-07
EFT:1.0104241096782794e-05,2.122547334954209e-06,1.987322000788117e-05,0.499281670416237,6.935296550282277e-09,0.4992816704162441,2.6320519398807075e-09,0.0014041591461476227,9.805874310262393e-08,2.9238684013396224e-07
Random1507
Raw:1.0104241096782867e-05,2.122547334954224e-06,1.987322000788131e-05,0.49928167041624055,6.935296550282326e-09,0.49928167041624055,2.6320519398807265e-09,0.0014041591461476327,9.805874310262462e-08,2.923868401339643e-07
EFT:1.0104241096782794e-05,2.122547334954209e-06,1.987322000788117e-05,0.499281670416237,6.935296550282277e-09,0.4992816704162441,2.6320519398807075e-09,0.0014041591461476227,9.805874310262393e-08,2.9238684013396224e-07
Random1508
Raw:1.0104241096782794e-05,2.122547334954209e-06,1.987322000788117e-05,0.499281670416237,6.935296550282277e-09,0.4992816704162441,2.6320519398807075e-09,0.0014041591461476227,9.805874310262393e-08,2.9238684013396224e-07
EFT:1.0104241096782794e-05,2.122547334954209e-06,1.987322000788117e-05,0.499281670416237,6.935296550282277e-09,0.4992816704162441,2.6320519398807075e-09,0.0014041591461476227,9.805874310262393e-08,2.9238684013396224e-07
Random1509
Raw:1.0104241096782794e-05,2.1225473349541788e-06,1.9873220007880885e-05,0.499281670416237,6.935296550282277e-09,0.4992816704162441,2.632051939880745e-09,0.0014041591461476026,9.805874310262254e-08,2.9238684013396224e-07
EFT:1.0104241096782794e-05,2.122547334954209e-06,1.987322000788117e-05,0.499281670416237,6.935296550282277e-09,0.4992816704162441,2.6320519398807075e-09,0.0014041591461476227,9.805874310262393e-08,2.9238684013396224e-07
Random1510
Raw:1.0104241096782938e-05,2.122547334954209e-06,1.9873220007880885e-05,0.499281670416237,6.935296550282277e-09,0.4992816704162441,2.632051939880745e-09,0.0014041591461476227,9.805874310262532e-08,2.9238684013396224e-07
EFT:1.0104241096782794e-05,2.122547334954209e-06,1.987322000788117e-05,0.499281670416237,6.935296550282277e-09,0.4992816704162441,2.6320519398807075e-09,0.0014041591461476227,9.805874310262393e-08,2.9238684013396224e-07
Random1511
Raw:1.0104241096783009e-05,2.122547334954194e-06,1.9873220007881028e-05,0.49928167041623345,6.935296550282327e-09,0.49928167041624766,2.6320519398807638e-09,0.0014041591461476126,9.805874310262601e-08,2.9238684013396436e-07
EFT:1.0104241096782794e-05,2.122547334954209e-06,1.987322000788117e-05,0.499281670416237,6.935296550282277e-09,0.4992816704162441,2.6320519398807075e-09,0.0014041591461476227,9.805874310262393e-08,2.9238684013396224e-07
Random1512
Raw:1.0104241096782867e-05,2.122547334954224e-06,1.987322000788131e-05,0.49928167041624055,6.935296550282326e-09,0.49928167041624055,2.6320519398807265e-09,0.0014041591461476327,9.805874310262462e-08,2.923868401339643e-07
EFT:1.0104241096782794e-05,2.122547334954209e-06,1.987322000788117e-05,0.499281670416237,6.935296550282277e-09,0.4992816704162441,2.6320519398807075e-09,0.0014041591461476227,9.805874310262393e-08,2.9238684013396224e-07
Random1513
Raw:1.0104241096783009e-05,2.122547334954194e-06,1.9873220007881028e-05,0.49928167041623345,6.935296550282327e-09,0.49928167041624766,2.6320519398807638e-09,0.0014041591461476327,9.805874310262462e-08,2.9238684013396436e-07
EFT:1.0104241096782794e-05,2.122547334954209e-06,1.987322000788117e-05,0.499281670416237,6.935296550282277e-09,0.4992816704162441,2.6320519398807075e-09,0.0014041591461476227,9.805874310262393e-08,2.9238684013396224e-07
Random1514
Raw:1.0104241096782938e-05,2.122547334954239e-06,1.987322000788145e-05,0.499281670416237,6.935296550282277e-09,0.4992816704162441,2.632051939880745e-09,0.0014041591461476427,9.805874310262393e-08,2.9238684013396637e-07
EFT:1.0104241096782794e-05,2.122547334954209e-06,1.987322000788117e-05,0.499281670416237,6.935296550282277e-09,0.4992816704162441,2.6320519398807075e-09,0.0014041591461476227,9.805874310262393e-08,2.9238684013396224e-07
Random1515
Raw:1.0104241096783009e-05,2.122547334954224e-06,1.9873220007881028e-05,0.49928167041623345,6.935296550282327e-09,0.49928167041624766,2.6320519398807638e-09,0.0014041591461476327,9.805874310262601e-08,2.9238684013396436e-07
EFT:1.0104241096782794e-05,2.122547334954209e-06,1.987322000788117e-05,0.499281670416237,6.935296550282277e-09,0.4992816704162441,2.6320519398807075e-09,0.0014041591461476227,9.805874310262393e-08,2.9238684013396224e-07
Random1516
Raw:1.0104241096783009e-05,2.122547334954224e-06,1.987322000788131e-05,0.49928167041623345,6.935296550282327e-09,0.49928167041624766,2.6320519398807638e-09,0.0014041591461476327,9.805874310262462e-08,2.923868401339685e-07
EFT:1.0104241096782794e-05,2.122547334954209e-06,1.987322000788117e-05,0.499281670416237,6.935296550282277e-09,0.4992816704162441,2.6320519398807075e-09,0.0014041591461476227,9.805874310262393e-08,2.9238684013396224e-07
Random1517
Raw:1.0104241096783009e-05,2.122547334954224e-06,1.987322000788131e-05,0.49928167041623345,6.935296550282327e-09,0.49928167041624766,2.6320519398807638e-09,0.0014041591461476327,9.805874310262462e-08,2.923868401339685e-07
EFT:1.0104241096782794e-05,2.122547334954209e-06,1.987322000788117e-05,0.499281670416237,6.935296550282277e-09,0.4992816704162441,2.6320519398807075e-09,0.0014041591461476227,9.805874310262393e-08,2.9238684013396224e-07
Random1518
Raw:1.0104241096783009e-05,2.122547334954224e-06,1.9873220007881028e-05,0.49928167041623345,6.935296550282327e-09,0.49928167041624766,2.6320519398807638e-09,0.0014041591461476327,9.805874310262601e-08,2.9238684013396436e-07
EFT:1.0104241096782794e-05,2.122547334954209e-06,1.987322000788117e-05,0.499281670416237,6.935296550282277e-09,0.4992816704162441,2.6320519398807075e-09,0.0014041591461476227,9.805874310262393e-08,2.9238684013396224e-07
Random1519
Raw:1.0104241096782938e-05,2.122547334954209e-06,1.987322000788117e-05,0.499281670416237,6.9352965502823754e-09,0.4992816704162441,2.632051939880745e-09,0.0014041591461476227,9.805874310262672e-08,2.9238684013396637e-07
EFT:1.0104241096782794e-05,2.122547334954209e-06,1.987322000788117e-05,0.499281670416237,6.935296550282277e-09,0.4992816704162441,2.6320519398807075e-09,0.0014041591461476227,9.805874310262393e-08,2.9238684013396224e-07
Random1520
Raw:1.0104241096782794e-05,2.122547334954209e-06,1.987322000788117e-05,0.499281670416237,6.935296550282277e-09,0.4992816704162441,2.6320519398807075e-09,0.0014041591461476026,9.805874310262393e-08,2.9238684013396224e-07
EFT:1.0104241096782794e-05,2.122547334954209e-06,1.987322000788117e-05,0.499281670416237,6.935296550282277e-09,0.4992816704162441,2.6320519398807075e-09,0.0014041591461476227,9.805874310262393e-08,2.9238684013396224e-07
Random1521
Raw:1.0104241096782938e-05,2.122547334954239e-06,1.987322000788117e-05,0.499281670416237,6.935296550282277e-09,0.4992816704162441,2.632051939880745e-09,0.0014041591461476427,9.805874310262532e-08,2.9238684013396224e-07
EFT:1.0104241096782794e-05,2.122547334954209e-06,1.987322000788117e-05,0.499281670416237,6.935296550282277e-09,0.4992816704162441,2.6320519398807075e-09,0.0014041591461476227,9.805874310262393e-08,2.9238684013396224e-07
Random1522
Raw:1.0104241096782938e-05,2.122547334954239e-06,1.9873220007880885e-05,0.499281670416237,6.935296550282277e-09,0.4992816704162441,2.632051939880745e-09,0.0014041591461476227,9.805874310262532e-08,2.9238684013396224e-07
EFT:1.0104241096782794e-05,2.122547334954209e-06,1.987322000788117e-05,0.499281670416237,6.935296550282277e-09,0.4992816704162441,2.6320519398807075e-09,0.0014041591461476227,9.805874310262393e-08,2.9238684013396224e-07
Random1523
Raw:1.0104241096782938e-05,2.122547334954209e-06,1.987322000788117e-05,0.499281670416237,6.935296550282277e-09,0.4992816704162441,2.632051939880745e-09,0.0014041591461476427,9.805874310262393e-08,2.9238684013396224e-07
EFT:1.0104241096782794e-05,2.122547334954209e-06,1.987322000788117e-05,0.499281670416237,6.935296550282277e-09,0.4992816704162441,2.6320519398807075e-09,0.0014041591461476227,9.805874310262393e-08,2.9238684013396224e-07
Random1524
Raw:1.0104241096782938e-05,2.122547334954209e-06,1.987322000788117e-05,0.499281670416237,6.935296550282277e-09,0.4992816704162441,2.632051939880745e-09,0.0014041591461476227,9.805874310262532e-08,2.9238684013396224e-07
EFT:1.0104241096782794e-05,2.122547334954209e-06,1.987322000788117e-05,0.499281670416237,6.935296550282277e-09,0.4992816704162441,2.6320519398807075e-09,0.0014041591461476227,9.805874310262393e-08,2.9238684013396224e-07
Random1525
Raw:1.010424109678301e-05,2.122547334954224e-06,1.987322000788131e-05,0.49928167041624055,6.935296550282425e-09,0.49928167041624055,2.6320519398807638e-09,0.0014041591461476327,9.805874310262462e-08,2.923868401339643e-07
EFT:1.0104241096782794e-05,2.122547334954209e-06,1.987322000788117e-05,0.499281670416237,6.935296550282277e-09,0.4992816704162441,2.6320519398807075e-09,0.0014041591461476227,9.805874310262393e-08,2.9238684013396224e-07
Random1526
Raw:1.0104241096782938e-05,2.122547334954239e-06,1.987322000788117e-05,0.499281670416237,6.935296550282277e-09,0.4992816704162441,2.632051939880745e-09,0.0014041591461476427,9.805874310262532e-08,2.9238684013396224e-07
EFT:1.0104241096782794e-05,2.122547334954209e-06,1.987322000788117e-05,0.499281670416237,6.935296550282277e-09,0.4992816704162441,2.6320519398807075e-09,0.0014041591461476227,9.805874310262393e-08,2.9238684013396224e-07
Random1527
Raw:1.0104241096783009e-05,2.122547334954194e-06,1.9873220007881028e-05,0.49928167041623345,6.935296550282327e-09,0.49928167041624766,2.6320519398807638e-09,0.0014041591461476327,9.805874310262462e-08,2.9238684013396436e-07
EFT:1.0104241096782794e-05,2.122547334954209e-06,1.987322000788117e-05,0.499281670416237,6.935296550282277e-09,0.4992816704162441,2.6320519398807075e-09,0.0014041591461476227,9.805874310262393e-08,2.9238684013396224e-07
Random1528
Raw:1.0104241096782867e-05,2.122547334954224e-06,1.987322000788131e-05,0.49928167041624055,6.935296550282326e-09,0.49928167041624055,2.6320519398807265e-09,0.0014041591461476327,9.805874310262462e-08,2.923868401339643e-07
EFT:1.0104241096782794e-05,2.122547334954209e-06,1.987322000788117e-05,0.499281670416237,6.935296550282277e-09,0.4992816704162441,2.6320519398807075e-09,0.0014041591461476227,9.805874310262393e-08,2.9238684013396224e-07
Random1529
Raw:1.0104241096782867e-05,2.122547334954224e-06,1.9873220007881028e-05,0.49928167041624055,6.935296550282326e-09,0.49928167041624055,2.6320519398807265e-09,0.0014041591461476128,9.805874310262462e-08,2.923868401339643e-07
EFT:1.0104241096782794e-05,2.122547334954209e-06,1.987322000788117e-05,0.499281670416237,6.935296550282277e-09,0.4992816704162441,2.6320519398807075e-09,0.0014041591461476227,9.805874310262393e-08,2.9238684013396224e-07
Random1530
Raw:1.0104241096782867e-05,2.122547334954224e-06,1.9873220007881028e-05,0.49928167041624055,6.935296550282326e-09,0.49928167041624055,2.6320519398807265e-09,0.0014041591461476327,9.805874310262323e-08,2.923868401339643e-07
EFT:1.0104241096782794e-05,2.122547334954209e-06,1.987322000788117e-05,0.499281670416237,6.935296550282277e-09,0.4992816704162441,2.6320519398807075e-09,0.0014041591461476227,9.805874310262393e-08,2.9238684013396224e-07
Random1531
Raw:1.0104241096782938e-05,2.122547334954209e-06,1.987322000788117e-05,0.499281670416237,6.935296550282277e-09,0.4992816704162441,2.632051939880745e-09,0.0014041591461476427,9.805874310262393e-08,2.9238684013396224e-07
EFT:1.0104241096782794e-05,2.122547334954209e-06,1.987322000788117e-05,0.499281670416237,6.935296550282277e-09,0.4992816704162441,2.6320519398807075e-09,0.0014041591461476227,9.805874310262393e-08,2.9238684013396224e-07
Random1532
Raw:1.0104241096782794e-05,2.1225473349541788e-06,1.9873220007880885e-05,0.499281670416237,6.9352965502821786e-09,0.4992816704162441,2.63205193988067e-09,0.0014041591461476227,9.805874310262254e-08,2.923868401339581e-07
EFT:1.0104241096782794e-05,2.122547334954209e-06,1.987322000788117e-05,0.499281670416237,6.935296550282277e-09,0.4992816704162441,2.6320519398807075e-09,0.0014041591461476227,9.805874310262393e-08,2.9238684013396224e-07
Random1533
Raw:1.0104241096783009e-05,2.122547334954194e-06,1.9873220007881028e-05,0.49928167041623345,6.935296550282327e-09,0.49928167041624766,2.6320519398807638e-09,0.0014041591461476327,9.805874310262462e-08,2.9238684013396436e-07
EFT:1.0104241096782794e-05,2.122547334954209e-06,1.987322000788117e-05,0.499281670416237,6.935296550282277e-09,0.4992816704162441,2.6320519398807075e-09,0.0014041591461476227,9.805874310262393e-08,2.9238684013396224e-07
Random1534
Raw:1.0104241096782794e-05,2.122547334954209e-06,1.987322000788117e-05,0.499281670416237,6.9352965502821786e-09,0.4992816704162441,2.6320519398807075e-09,0.0014041591461476026,9.805874310262393e-08,2.9238684013396224e-07
EFT:1.0104241096782794e-05,2.122547334954209e-06,1.987322000788117e-05,0.499281670416237,6.935296550282277e-09,0.4992816704162441,2.6320519398807075e-09,0.0014041591461476227,9.805874310262393e-08,2.9238684013396224e-07
Random1535
Raw:1.0104241096782938e-05,2.1225473349541788e-06,1.9873220007880885e-05,0.4992816704162299,6.935296550282277e-09,0.49928167041625116,2.632051939880745e-09,0.0014041591461476225,9.805874310262393e-08,2.9238684013396224e-07
EFT:1.0104241096782794e-05,2.122547334954209e-06,1.987322000788117e-05,0.499281670416237,6.935296550282277e-09,0.4992816704162441,2.6320519398807075e-09,0.0014041591461476227,9.805874310262393e-08,2.9238684013396224e-07
Random1536
Raw:1.0104241096782938e-05,2.122547334954239e-06,1.987322000788145e-05,0.499281670416237,6.935296550282277e-09,0.4992816704162441,2.632051939880745e-09,0.0014041591461476227,9.805874310262532e-08,2.9238684013396224e-07
EFT:1.0104241096782794e-05,2.122547334954209e-06,1.987322000788117e-05,0.499281670416237,6.935296550282277e-09,0.4992816704162441,2.6320519398807075e-09,0.0014041591461476227,9.805874310262393e-08,2.9238684013396224e-07
Random1537
Raw:1.0104241096782794e-05,2.122547334954209e-06,1.987322000788117e-05,0.499281670416237,6.935296550282277e-09,0.4992816704162441,2.6320519398807075e-09,0.0014041591461476026,9.805874310262393e-08,2.9238684013396224e-07
EFT:1.0104241096782794e-05,2.122547334954209e-06,1.987322000788117e-05,0.499281670416237,6.935296550282277e-09,0.4992816704162441,2.6320519398807075e-09,0.0014041591461476227,9.805874310262393e-08,2.9238684013396224e-07
Random1538
Raw:1.0104241096782938e-05,2.122547334954239e-06,1.987322000788117e-05,0.499281670416237,6.935296550282277e-09,0.4992816704162441,2.632051939880745e-09,0.0014041591461476427,9.805874310262532e-08,2.9238684013396224e-07
EFT:1.0104241096782794e-05,2.122547334954209e-06,1.987322000788117e-05,0.499281670416237,6.935296550282277e-09,0.4992816704162441,2.6320519398807075e-09,0.0014041591461476227,9.805874310262393e-08,2.9238684013396224e-07
Random1539
Raw:1.0104241096782938e-05,2.122547334954239e-06,1.987322000788145e-05,0.499281670416237,6.935296550282277e-09,0.4992816704162441,2.632051939880745e-09,0.0014041591461476427,9.805874310262393e-08,2.9238684013396637e-07
EFT:1.0104241096782794e-05,2.122547334954209e-06,1.987322000788117e-05,0.499281670416237,6.935296550282277e-09,0.4992816704162441,2.6320519398807075e-09,0.0014041591461476227,9.805874310262393e-08,2.9238684013396224e-07
Random1540
Raw:1.0104241096783009e-05,2.122547334954224e-06,1.9873220007881028e-05,0.49928167041623345,6.935296550282327e-09,0.49928167041624766,2.6320519398807638e-09,0.0014041591461476327,9.805874310262601e-08,2.9238684013396436e-07
EFT:1.0104241096782794e-05,2.122547334954209e-06,1.987322000788117e-05,0.499281670416237,6.935296550282277e-09,0.4992816704162441,2.6320519398807075e-09,0.0014041591461476227,9.805874310262393e-08,2.9238684013396224e-07
Random1541
Raw:1.0104241096782938e-05,2.1225473349541788e-06,1.9873220007880885e-05,0.4992816704162299,6.935296550282277e-09,0.49928167041625116,2.632051939880745e-09,0.0014041591461476225,9.805874310262532e-08,2.9238684013396224e-07
EFT:1.0104241096782794e-05,2.122547334954209e-06,1.987322000788117e-05,0.499281670416237,6.935296550282277e-09,0.4992816704162441,2.6320519398807075e-09,0.0014041591461476227,9.805874310262393e-08,2.9238684013396224e-07
Random1542
Raw:1.0104241096782938e-05,2.122547334954239e-06,1.987322000788145e-05,0.499281670416237,6.935296550282277e-09,0.4992816704162441,2.632051939880745e-09,0.0014041591461476427,9.805874310262393e-08,2.9238684013396637e-07
EFT:1.0104241096782794e-05,2.122547334954209e-06,1.987322000788117e-05,0.499281670416237,6.935296550282277e-09,0.4992816704162441,2.6320519398807075e-09,0.0014041591461476227,9.805874310262393e-08,2.9238684013396224e-07
Random1543
Raw:1.0104241096782938e-05,2.122547334954209e-06,1.987322000788117e-05,0.499281670416237,6.935296550282277e-09,0.4992816704162441,2.632051939880745e-09,0.0014041591461476427,9.805874310262393e-08,2.9238684013396224e-07
EFT:1.0104241096782794e-05,2.122547334954209e-06,1.987322000788117e-05,0.499281670416237,6.935296550282277e-09,0.4992816704162441,2.6320519398807075e-09,0.0014041591461476227,9.805874310262393e-08,2.9238684013396224e-07
Random1544
Raw:1.0104241096782865e-05,2.122547334954194e-06,1.9873220007881028e-05,0.49928167041623345,6.935296550282228e-09,0.49928167041624766,2.632051939880726e-09,0.0014041591461476126,9.805874310262462e-08,2.9238684013396436e-07
EFT:1.0104241096782794e-05,2.122547334954209e-06,1.987322000788117e-05,0.499281670416237,6.935296550282277e-09,0.4992816704162441,2.6320519398807075e-09,0.0014041591461476227,9.805874310262393e-08,2.9238684013396224e-07
Random1545
Raw:1.0104241096783009e-05,2.122547334954194e-06,1.9873220007881028e-05,0.49928167041623345,6.935296550282327e-09,0.49928167041624766,2.6320519398807638e-09,0.0014041591461476126,9.805874310262601e-08,2.9238684013396436e-07
EFT:1.0104241096782794e-05,2.122547334954209e-06,1.987322000788117e-05,0.499281670416237,6.935296550282277e-09,0.4992816704162441,2.6320519398807075e-09,0.0014041591461476227,9.805874310262393e-08,2.9238684013396224e-07
Random1546
Raw:1.0104241096782723e-05,2.122547334954194e-06,1.9873220007881028e-05,0.49928167041624055,6.935296550282228e-09,0.49928167041624055,2.6320519398806513e-09,0.0014041591461476128,9.805874310262323e-08,2.923868401339602e-07
EFT:1.0104241096782794e-05,2.122547334954209e-06,1.987322000788117e-05,0.499281670416237,6.935296550282277e-09,0.4992816704162441,2.6320519398807075e-09,0.0014041591461476227,9.805874310262393e-08,2.9238684013396224e-07
Random1547
Raw:1.0104241096782867e-05,2.122547334954224e-06,1.987322000788131e-05,0.49928167041624055,6.935296550282326e-09,0.49928167041624055,2.6320519398807265e-09,0.0014041591461476327,9.805874310262323e-08,2.923868401339643e-07
EFT:1.0104241096782794e-05,2.122547334954209e-06,1.987322000788117e-05,0.499281670416237,6.935296550282277e-09,0.4992816704162441,2.6320519398807075e-09,0.0014041591461476227,9.805874310262393e-08,2.9238684013396224e-07
Random1548
Raw:1.0104241096782938e-05,2.122547334954209e-06,1.987322000788117e-05,0.499281670416237,6.9352965502823754e-09,0.4992816704162441,2.6320519398807824e-09,0.0014041591461476227,9.805874310262532e-08,2.9238684013396637e-07
EFT:1.0104241096782794e-05,2.122547334954209e-06,1.987322000788117e-05,0.499281670416237,6.935296550282277e-09,0.4992816704162441,2.6320519398807075e-09,0.0014041591461476227,9.805874310262393e-08,2.9238684013396224e-07
Random1549
Raw:1.0104241096782794e-05,2.122547334954209e-06,1.987322000788117e-05,0.499281670416237,6.935296550282277e-09,0.4992816704162441,2.632051939880745e-09,0.0014041591461476227,9.805874310262254e-08,2.9238684013396224e-07
EFT:1.0104241096782794e-05,2.122547334954209e-06,1.987322000788117e-05,0.499281670416237,6.935296550282277e-09,0.4992816704162441,2.6320519398807075e-09,0.0014041591461476227,9.805874310262393e-08,2.9238684013396224e-07
Random1550
Raw:1.0104241096782867e-05,2.122547334954224e-06,1.9873220007881028e-05,0.49928167041624055,6.935296550282326e-09,0.49928167041624055,2.6320519398807265e-09,0.0014041591461476327,9.805874310262323e-08,2.923868401339643e-07
EFT:1.0104241096782794e-05,2.122547334954209e-06,1.987322000788117e-05,0.499281670416237,6.935296550282277e-09,0.4992816704162441,2.6320519398807075e-09,0.0014041591461476227,9.805874310262393e-08,2.9238684013396224e-07
Random1551
Raw:1.0104241096782938e-05,2.122547334954209e-06,1.987322000788117e-05,0.499281670416237,6.935296550282277e-09,0.4992816704162441,2.632051939880745e-09,0.0014041591461476427,9.805874310262393e-08,2.9238684013396224e-07
EFT:1.0104241096782794e-05,2.122547334954209e-06,1.987322000788117e-05,0.499281670416237,6.935296550282277e-09,0.4992816704162441,2.6320519398807075e-09,0.0014041591461476227,9.805874310262393e-08,2.9238684013396224e-07
Random1552
Raw:1.0104241096782867e-05,2.122547334954224e-06,1.9873220007881028e-05,0.49928167041624055,6.935296550282326e-09,0.49928167041624055,2.6320519398807265e-09,0.0014041591461476327,9.805874310262602e-08,2.923868401339643e-07
EFT:1.0104241096782794e-05,2.122547334954209e-06,1.987322000788117e-05,0.499281670416237,6.935296550282277e-09,0.4992816704162441,2.6320519398807075e-09,0.0014041591461476227,9.805874310262393e-08,2.9238684013396224e-07
Random1553
Raw:1.0104241096782938e-05,2.122547334954209e-06,1.987322000788117e-05,0.499281670416237,6.9352965502823754e-09,0.4992816704162441,2.632051939880745e-09,0.0014041591461476227,9.805874310262532e-08,2.9238684013396637e-07
EFT:1.0104241096782794e-05,2.122547334954209e-06,1.987322000788117e-05,0.499281670416237,6.935296550282277e-09,0.4992816704162441,2.6320519398807075e-09,0.0014041591461476227,9.805874310262393e-08,2.9238684013396224e-07
Random1554
Raw:1.0104241096782938e-05,2.122547334954209e-06,1.987322000788117e-05,0.499281670416237,6.935296550282277e-09,0.4992816704162441,2.632051939880745e-09,0.0014041591461476227,9.805874310262532e-08,2.9238684013396224e-07
EFT:1.0104241096782794e-05,2.122547334954209e-06,1.987322000788117e-05,0.499281670416237,6.935296550282277e-09,0.4992816704162441,2.6320519398807075e-09,0.0014041591461476227,9.805874310262393e-08,2.9238684013396224e-07
Random1555
Raw:1.0104241096782867e-05,2.122547334954194e-06,1.9873220007881028e-05,0.49928167041624055,6.935296550282326e-09,0.49928167041624055,2.6320519398807265e-09,0.0014041591461476128,9.805874310262323e-08,2.923868401339643e-07
EFT:1.0104241096782794e-05,2.122547334954209e-06,1.987322000788117e-05,0.499281670416237,6.935296550282277e-09,0.4992816704162441,2.6320519398807075e-09,0.0014041591461476227,9.805874310262393e-08,2.9238684013396224e-07
Random1556
Raw:1.0104241096782938e-05,2.122547334954209e-06,1.987322000788117e-05,0.499281670416237,6.935296550282277e-09,0.4992816704162441,2.632051939880745e-09,0.0014041591461476427,9.805874310262393e-08,2.9238684013396224e-07
EFT:1.0104241096782794e-05,2.122547334954209e-06,1.987322000788117e-05,0.499281670416237,6.935296550282277e-09,0.4992816704162441,2.6320519398807075e-09,0.0014041591461476227,9.805874310262393e-08,2.9238684013396224e-07
Random1557
Raw:1.0104241096782794e-05,2.122547334954209e-06,1.987322000788117e-05,0.499281670416237,6.9352965502821786e-09,0.4992816704162441,2.6320519398807075e-09,0.0014041591461476227,9.805874310262393e-08,2.9238684013396224e-07
EFT:1.0104241096782794e-05,2.122547334954209e-06,1.987322000788117e-05,0.499281670416237,6.935296550282277e-09,0.4992816704162441,2.6320519398807075e-09,0.0014041591461476227,9.805874310262393e-08,2.9238684013396224e-07
Random1558
Raw:1.0104241096782794e-05,2.122547334954209e-06,1.987322000788117e-05,0.499281670416237,6.9352965502821786e-09,0.4992816704162441,2.6320519398807075e-09,0.0014041591461476227,9.805874310262393e-08,2.9238684013396224e-07
EFT:1.0104241096782794e-05,2.122547334954209e-06,1.987322000788117e-05,0.499281670416237,6.935296550282277e-09,0.4992816704162441,2.6320519398807075e-09,0.0014041591461476227,9.805874310262393e-08,2.9238684013396224e-07
Random1559
Raw:1.0104241096782938e-05,2.122547334954209e-06,1.987322000788117e-05,0.499281670416237,6.935296550282277e-09,0.4992816704162441,2.632051939880745e-09,0.0014041591461476227,9.805874310262532e-08,2.9238684013396224e-07
EFT:1.0104241096782794e-05,2.122547334954209e-06,1.987322000788117e-05,0.499281670416237,6.935296550282277e-09,0.4992816704162441,2.6320519398807075e-09,0.0014041591461476227,9.805874310262393e-08,2.9238684013396224e-07
Random1560
Raw:1.0104241096783009e-05,2.122547334954194e-06,1.9873220007881028e-05,0.49928167041623345,6.935296550282327e-09,0.49928167041624766,2.6320519398807638e-09,0.0014041591461476126,9.805874310262601e-08,2.9238684013396436e-07
EFT:1.0104241096782794e-05,2.122547334954209e-06,1.987322000788117e-05,0.499281670416237,6.935296550282277e-09,0.4992816704162441,2.6320519398807075e-09,0.0014041591461476227,9.805874310262393e-08,2.9238684013396224e-07
Random1561
Raw:1.0104241096782865e-05,2.122547334954194e-06,1.9873220007881028e-05,0.49928167041623345,6.935296550282327e-09,0.49928167041624766,2.632051939880726e-09,0.0014041591461476126,9.805874310262462e-08,2.9238684013396436e-07
EFT:1.0104241096782794e-05,2.122547334954209e-06,1.987322000788117e-05,0.499281670416237,6.935296550282277e-09,0.4992816704162441,2.6320519398807075e-09,0.0014041591461476227,9.805874310262393e-08,2.9238684013396224e-07
Random1562
Raw:1.0104241096783009e-05,2.122547334954224e-06,1.9873220007881028e-05,0.49928167041623345,6.935296550282327e-09,0.49928167041624766,2.6320519398807638e-09,0.0014041591461476327,9.805874310262601e-08,2.9238684013396436e-07
EFT:1.0104241096782794e-05,2.122547334954209e-06,1.987322000788117e-05,0.499281670416237,6.935296550282277e-09,0.4992816704162441,2.6320519398807075e-09,0.0014041591461476227,9.805874310262393e-08,2.9238684013396224e-07
Random1563
Raw:1.0104241096782938e-05,2.122547334954239e-06,1.987322000788117e-05,0.499281670416237,6.935296550282277e-09,0.4992816704162441,2.632051939880745e-09,0.0014041591461476427,9.805874310262393e-08,2.9238684013396637e-07
EFT:1.0104241096782794e-05,2.122547334954209e-06,1.987322000788117e-05,0.499281670416237,6.935296550282277e-09,0.4992816704162441,2.6320519398807075e-09,0.0014041591461476227,9.805874310262393e-08,2.9238684013396224e-07
Random1564
Raw:1.0104241096783009e-05,2.122547334954224e-06,1.987322000788131e-05,0.49928167041623345,6.935296550282327e-09,0.49928167041624766,2.6320519398807638e-09,0.0014041591461476327,9.805874310262601e-08,2.9238684013396436e-07
EFT:1.0104241096782794e-05,2.122547334954209e-06,1.987322000788117e-05,0.499281670416237,6.935296550282277e-09,0.4992816704162441,2.6320519398807075e-09,0.0014041591461476227,9.805874310262393e-08,2.9238684013396224e-07
Random1565
Raw:1.0104241096782794e-05,2.122547334954209e-06,1.987322000788117e-05,0.499281670416237,6.935296550282277e-09,0.4992816704162441,2.6320519398807075e-09,0.0014041591461476026,9.805874310262393e-08,2.9238684013396224e-07
EFT:1.0104241096782794e-05,2.122547334954209e-06,1.987322000788117e-05,0.499281670416237,6.935296550282277e-09,0.4992816704162441,2.6320519398807075e-09,0.0014041591461476227,9.805874310262393e-08,2.9238684013396224e-07
Random1566
Raw:1.0104241096782938e-05,2.122547334954209e-06,1.987322000788117e-05,0.499281670416237,6.935296550282277e-09,0.4992816704162441,2.632051939880745e-09,0.0014041591461476227,9.805874310262393e-08,2.9238684013396637e-07
EFT:1.0104241096782794e-05,2.122547334954209e-06,1.987322000788117e-05,0.499281670416237,6.935296550282277e-09,0.4992816704162441,2.6320519398807075e-09,0.0014041591461476227,9.805874310262393e-08,2.9238684013396224e-07
Random1567
Raw:1.0104241096782938e-05,2.122547334954209e-06,1.987322000788117e-05,0.499281670416237,6.935296550282277e-09,0.4992816704162441,2.632051939880745e-09,0.0014041591461476227,9.805874310262532e-08,2.9238684013396224e-07
EFT:1.0104241096782794e-05,2.122547334954209e-06,1.987322000788117e-05,0.499281670416237,6.935296550282277e-09,0.4992816704162441,2.6320519398807075e-09,0.0014041591461476227,9.805874310262393e-08,2.9238684013396224e-07
Random1568
Raw:1.0104241096782865e-05,2.122547334954194e-06,1.9873220007881028e-05,0.49928167041623345,6.935296550282327e-09,0.49928167041624766,2.632051939880726e-09,0.0014041591461476126,9.805874310262462e-08,2.9238684013396436e-07
EFT:1.0104241096782794e-05,2.122547334954209e-06,1.987322000788117e-05,0.499281670416237,6.935296550282277e-09,0.4992816704162441,2.6320519398807075e-09,0.0014041591461476227,9.805874310262393e-08,2.9238684013396224e-07
Random1569
Raw:1.0104241096782723e-05,2.122547334954224e-06,1.987322000788131e-05,0.49928167041624055,6.93529655028213e-09,0.49928167041624055,2.632051939880689e-09,0.0014041591461476327,9.805874310262184e-08,2.923868401339602e-07
EFT:1.0104241096782794e-05,2.122547334954209e-06,1.987322000788117e-05,0.499281670416237,6.935296550282277e-09,0.4992816704162441,2.6320519398807075e-09,0.0014041591461476227,9.805874310262393e-08,2.9238684013396224e-07
Random1570
Raw:1.0104241096782867e-05,2.122547334954194e-06,1.9873220007881028e-05,0.49928167041624055,6.935296550282228e-09,0.49928167041624055,2.632051939880689e-09,0.0014041591461476327,9.805874310262323e-08,2.923868401339602e-07
EFT:1.0104241096782794e-05,2.122547334954209e-06,1.987322000788117e-05,0.499281670416237,6.935296550282277e-09,0.4992816704162441,2.6320519398807075e-09,0.0014041591461476227,9.805874310262393e-08,2.9238684013396224e-07
Random1571
Raw:1.0104241096783009e-05,2.122547334954194e-06,1.9873220007881028e-05,0.49928167041623345,6.935296550282327e-09,0.49928167041624766,2.632051939880801e-09,0.0014041591461475926,9.805874310262601e-08,2.9238684013396436e-07
EFT:1.0104241096782794e-05,2.122547334954209e-06,1.987322000788117e-05,0.499281670416237,6.935296550282277e-09,0.4992816704162441,2.6320519398807075e-09,0.0014041591461476227,9.805874310262393e-08,2.9238684013396224e-07
Random1572
Raw:1.0104241096782938e-05,2.122547334954209e-06,1.987322000788117e-05,0.499281670416237,6.935296550282277e-09,0.4992816704162441,2.632051939880745e-09,0.0014041591461476427,9.805874310262393e-08,2.9238684013396224e-07
EFT:1.0104241096782794e-05,2.122547334954209e-06,1.987322000788117e-05,0.499281670416237,6.935296550282277e-09,0.4992816704162441,2.6320519398807075e-09,0.0014041591461476227,9.805874310262393e-08,2.9238684013396224e-07
Random1573
Raw:1.0104241096782867e-05,2.122547334954224e-06,1.987322000788131e-05,0.49928167041624055,6.935296550282326e-09,0.49928167041624055,2.6320519398807265e-09,0.0014041591461476327,9.805874310262462e-08,2.923868401339643e-07
EFT:1.0104241096782794e-05,2.122547334954209e-06,1.987322000788117e-05,0.499281670416237,6.935296550282277e-09,0.4992816704162441,2.6320519398807075e-09,0.0014041591461476227,9.805874310262393e-08,2.9238684013396224e-07
Random1574
Raw:1.0104241096782938e-05,2.122547334954209e-06,1.987322000788117e-05,0.499281670416237,6.9352965502823754e-09,0.4992816704162441,2.632051939880745e-09,0.0014041591461476227,9.805874310262393e-08,2.9238684013396637e-07
EFT:1.0104241096782794e-05,2.122547334954209e-06,1.987322000788117e-05,0.499281670416237,6.935296550282277e-09,0.4992816704162441,2.6320519398807075e-09,0.0014041591461476227,9.805874310262393e-08,2.9238684013396224e-07
Random1575
Raw:1.0104241096782938e-05,2.122547334954239e-06,1.987322000788117e-05,0.499281670416237,6.935296550282277e-09,0.4992816704162441,2.632051939880745e-09,0.0014041591461476427,9.805874310262532e-08,2.9238684013396224e-07
EFT:1.0104241096782794e-05,2.122547334954209e-06,1.987322000788117e-05,0.499281670416237,6.935296550282277e-09,0.4992816704162441,2.6320519398807075e-09,0.0014041591461476227,9.805874310262393e-08,2.9238684013396224e-07
Random1576
Raw:1.0104241096782938e-05,2.122547334954209e-06,1.987322000788117e-05,0.499281670416237,6.9352965502823754e-09,0.4992816704162441,2.632051939880745e-09,0.0014041591461476227,9.805874310262393e-08,2.9238684013396637e-07
EFT:1.0104241096782794e-05,2.122547334954209e-06,1.987322000788117e-05,0.499281670416237,6.935296550282277e-09,0.4992816704162441,2.6320519398807075e-09,0.0014041591461476227,9.805874310262393e-08,2.9238684013396224e-07
Random1577
Raw:1.0104241096783009e-05,2.122547334954224e-06,1.9873220007881028e-05,0.49928167041623345,6.935296550282327e-09,0.49928167041624766,2.6320519398807638e-09,0.0014041591461476327,9.805874310262601e-08,2.9238684013396436e-07
EFT:1.0104241096782794e-05,2.122547334954209e-06,1.987322000788117e-05,0.499281670416237,6.935296550282277e-09,0.4992816704162441,2.6320519398807075e-09,0.0014041591461476227,9.805874310262393e-08,2.9238684013396224e-07
Random1578
Raw:1.0104241096782938e-05,2.122547334954209e-06,1.987322000788117e-05,0.499281670416237,6.9352965502823754e-09,0.4992816704162441,2.6320519398807824e-09,0.0014041591461476227,9.805874310262532e-08,2.9238684013396637e-07
EFT:1.0104241096782794e-05,2.122547334954209e-06,1.987322000788117e-05,0.499281670416237,6.935296550282277e-09,0.4992816704162441,2.6320519398807075e-09,0.0014041591461476227,9.805874310262393e-08,2.9238684013396224e-07
Random1579
Raw:1.0104241096782938e-05,2.122547334954209e-06,1.987322000788117e-05,0.499281670416237,6.935296550282277e-09,0.4992816704162441,2.632051939880745e-09,0.0014041591461476227,9.805874310262393e-08,2.9238684013396637e-07
EFT:1.0104241096782794e-05,2.122547334954209e-06,1.987322000788117e-05,0.499281670416237,6.935296550282277e-09,0.4992816704162441,2.6320519398807075e-09,0.0014041591461476227,9.805874310262393e-08,2.9238684013396224e-07
Random1580
Raw:1.0104241096782723e-05,2.122547334954194e-06,1.9873220007881028e-05,0.49928167041624055,6.935296550282228e-09,0.49928167041624055,2.6320519398806513e-09,0.0014041591461476128,9.805874310262323e-08,2.923868401339602e-07
EFT:1.0104241096782794e-05,2.122547334954209e-06,1.987322000788117e-05,0.499281670416237,6.935296550282277e-09,0.4992816704162441,2.6320519398807075e-09,0.0014041591461476227,9.805874310262393e-08,2.9238684013396224e-07
Random1581
Raw:1.0104241096782867e-05,2.122547334954224e-06,1.987322000788131e-05,0.49928167041624055,6.935296550282326e-09,0.49928167041624055,2.6320519398807265e-09,0.0014041591461476128,9.805874310262462e-08,2.923868401339643e-07
EFT:1.0104241096782794e-05,2.122547334954209e-06,1.987322000788117e-05,0.499281670416237,6.935296550282277e-09,0.4992816704162441,2.6320519398807075e-09,0.0014041591461476227,9.805874310262393e-08,2.9238684013396224e-07
Random1582
Raw:1.0104241096782865e-05,2.122547334954194e-06,1.9873220007881028e-05,0.49928167041623345,6.935296550282327e-09,0.49928167041624766,2.632051939880726e-09,0.0014041591461476126,9.805874310262462e-08,2.9238684013396436e-07
EFT:1.0104241096782794e-05,2.122547334954209e-06,1.987322000788117e-05,0.499281670416237,6.935296550282277e-09,0.4992816704162441,2.6320519398807075e-09,0.0014041591461476227,9.805874310262393e-08,2.9238684013396224e-07
Random1583
Raw:1.0104241096783009e-05,2.122547334954224e-06,1.987322000788131e-05,0.49928167041623345,6.935296550282327e-09,0.49928167041624766,2.6320519398807638e-09,0.0014041591461476327,9.805874310262462e-08,2.923868401339685e-07
EFT:1.0104241096782794e-05,2.122547334954209e-06,1.987322000788117e-05,0.499281670416237,6.935296550282277e-09,0.4992816704162441,2.6320519398807075e-09,0.0014041591461476227,9.805874310262393e-08,2.9238684013396224e-07
Random1584
Raw:1.0104241096782867e-05,2.122547334954224e-06,1.9873220007881028e-05,0.49928167041624055,6.935296550282228e-09,0.49928167041624055,2.632051939880689e-09,0.0014041591461476327,9.805874310262462e-08,2.923868401339602e-07
EFT:1.0104241096782794e-05,2.122547334954209e-06,1.987322000788117e-05,0.499281670416237,6.935296550282277e-09,0.4992816704162441,2.6320519398807075e-09,0.0014041591461476227,9.805874310262393e-08,2.9238684013396224e-07
Random1585
Raw:1.0104241096782938e-05,2.122547334954239e-06,1.9873220007880885e-05,0.499281670416237,6.935296550282277e-09,0.4992816704162441,2.632051939880745e-09,0.0014041591461476227,9.805874310262532e-08,2.9238684013396224e-07
EFT:1.0104241096782794e-05,2.122547334954209e-06,1.987322000788117e-05,0.499281670416237,6.935296550282277e-09,0.4992816704162441,2.6320519398807075e-09,0.0014041591461476227,9.805874310262393e-08,2.9238684013396224e-07
Random1586
Raw:1.0104241096782938e-05,2.122547334954209e-06,1.987322000788117e-05,0.499281670416237,6.9352965502823754e-09,0.4992816704162441,2.6320519398807824e-09,0.0014041591461476227,9.805874310262532e-08,2.9238684013396637e-07
EFT:1.0104241096782794e-05,2.122547334954209e-06,1.987322000788117e-05,0.499281670416237,6.935296550282277e-09,0.4992816704162441,2.6320519398807075e-09,0.0014041591461476227,9.805874310262393e-08,2.9238684013396224e-07
Random1587
Raw:1.0104241096782938e-05,2.122547334954209e-06,1.987322000788117e-05,0.499281670416237,6.935296550282277e-09,0.4992816704162441,2.632051939880745e-09,0.0014041591461476427,9.805874310262393e-08,2.9238684013396224e-07
EFT:1.0104241096782794e-05,2.122547334954209e-06,1.987322000788117e-05,0.499281670416237,6.935296550282277e-09,0.4992816704162441,2.6320519398807075e-09,0.0014041591461476227,9.805874310262393e-08,2.9238684013396224e-07
Random1588
Raw:1.0104241096782938e-05,2.122547334954209e-06,1.9873220007880885e-05,0.499281670416237,6.935296550282277e-09,0.4992816704162441,2.632051939880745e-09,0.0014041591461476227,9.805874310262393e-08,2.9238684013396224e-07
EFT:1.0104241096782794e-05,2.122547334954209e-06,1.987322000788117e-05,0.499281670416237,6.935296550282277e-09,0.4992816704162441,2.6320519398807075e-09,0.0014041591461476227,9.805874310262393e-08,2.9238684013396224e-07
Random1589
Raw:1.0104241096782867e-05,2.122547334954224e-06,1.987322000788131e-05,0.49928167041624055,6.935296550282326e-09,0.49928167041624055,2.6320519398807638e-09,0.0014041591461476327,9.805874310262462e-08,2.923868401339643e-07
EFT:1.0104241096782794e-05,2.122547334954209e-06,1.987322000788117e-05,0.499281670416237,6.935296550282277e-09,0.4992816704162441,2.6320519398807075e-09,0.0014041591461476227,9.805874310262393e-08,2.9238684013396224e-07
Random1590
Raw:1.0104241096782938e-05,2.122547334954209e-06,1.987322000788117e-05,0.499281670416237,6.935296550282277e-09,0.4992816704162441,2.632051939880745e-09,0.0014041591461476227,9.805874310262532e-08,2.9238684013396224e-07
EFT:1.0104241096782794e-05,2.122547334954209e-06,1.987322000788117e-05,0.499281670416237,6.935296550282277e-09,0.4992816704162441,2.6320519398807075e-09,0.0014041591461476227,9.805874310262393e-08,2.9238684013396224e-07
Random1591
Raw:1.0104241096782867e-05,2.122547334954224e-06,1.987322000788131e-05,0.49928167041624055,6.935296550282326e-09,0.49928167041624055,2.6320519398807265e-09,0.0014041591461476128,9.805874310262462e-08,2.923868401339643e-07
EFT:1.0104241096782794e-05,2.122547334954209e-06,1.987322000788117e-05,0.499281670416237,6.935296550282277e-09,0.4992816704162441,2.6320519398807075e-09,0.0014041591461476227,9.805874310262393e-08,2.9238684013396224e-07
Random1592
Raw:1.0104241096782938e-05,2.122547334954209e-06,1.987322000788117e-05,0.499281670416237,6.935296550282277e-09,0.4992816704162441,2.632051939880745e-09,0.0014041591461476227,9.805874310262532e-08,2.9238684013396224e-07
EFT:1.0104241096782794e-05,2.122547334954209e-06,1.987322000788117e-05,0.499281670416237,6.935296550282277e-09,0.4992816704162441,2.6320519398807075e-09,0.0014041591461476227,9.805874310262393e-08,2.9238684013396224e-07
Random1593
Raw:1.0104241096782865e-05,2.122547334954194e-06,1.9873220007881028e-05,0.49928167041623345,6.935296550282327e-09,0.49928167041624766,2.632051939880726e-09,0.0014041591461476126,9.805874310262462e-08,2.9238684013396436e-07
EFT:1.0104241096782794e-05,2.122547334954209e-06,1.987322000788117e-05,0.499281670416237,6.935296550282277e-09,0.4992816704162441,2.6320519398807075e-09,0.0014041591461476227,9.805874310262393e-08,2.9238684013396224e-07
Random1594
Raw:1.0104241096782867e-05,2.122547334954224e-06,1.987322000788131e-05,0.49928167041624055,6.935296550282326e-09,0.49928167041624055,2.6320519398807265e-09,0.0014041591461476327,9.805874310262323e-08,2.923868401339643e-07
EFT:1.0104241096782794e-05,2.122547334954209e-06,1.987322000788117e-05,0.499281670416237,6.935296550282277e-09,0.4992816704162441,2.6320519398807075e-09,0.0014041591461476227,9.805874310262393e-08,2.9238684013396224e-07
Random1595
Raw:1.0104241096782867e-05,2.122547334954224e-06,1.987322000788131e-05,0.49928167041624055,6.935296550282326e-09,0.49928167041624055,2.6320519398807265e-09,0.0014041591461476327,9.805874310262323e-08,2.923868401339643e-07
EFT:1.0104241096782794e-05,2.122547334954209e-06,1.987322000788117e-05,0.499281670416237,6.935296550282277e-09,0.4992816704162441,2.6320519398807075e-09,0.0014041591461476227,9.805874310262393e-08,2.9238684013396224e-07
Random1596
Raw:1.0104241096782794e-05,2.122547334954209e-06,1.987322000788117e-05,0.499281670416237,6.9352965502821786e-09,0.4992816704162441,2.6320519398807075e-09,0.0014041591461476227,9.805874310262393e-08,2.9238684013396224e-07
EFT:1.0104241096782794e-05,2.122547334954209e-06,1.987322000788117e-05,0.499281670416237,6.935296550282277e-09,0.4992816704162441,2.6320519398807075e-09,0.0014041591461476227,9.805874310262393e-08,2.9238684013396224e-07
Random1597
Raw:1.0104241096782938e-05,2.122547334954239e-06,1.987322000788117e-05,0.499281670416237,6.935296550282277e-09,0.4992816704162441,2.632051939880745e-09,0.0014041591461476427,9.805874310262532e-08,2.9238684013396224e-07
EFT:1.0104241096782794e-05,2.122547334954209e-06,1.987322000788117e-05,0.499281670416237,6.935296550282277e-09,0.4992816704162441,2.6320519398807075e-09,0.0014041591461476227,9.805874310262393e-08,2.9238684013396224e-07
Random1598
Raw:1.0104241096782938e-05,2.122547334954209e-06,1.987322000788117e-05,0.499281670416237,6.9352965502823754e-09,0.4992816704162441,2.632051939880745e-09,0.0014041591461476227,9.805874310262532e-08,2.9238684013396637e-07
EFT:1.0104241096782794e-05,2.122547334954209e-06,1.987322000788117e-05,0.499281670416237,6.935296550282277e-09,0.4992816704162441,2.6320519398807075e-09,0.0014041591461476227,9.805874310262393e-08,2.9238684013396224e-07
Random1599
Raw:1.0104241096782867e-05,2.122547334954224e-06,1.987322000788131e-05,0.49928167041624055,6.935296550282326e-09,0.49928167041624055,2.6320519398807265e-09,0.0014041591461476128,9.805874310262462e-08,2.923868401339643e-07
EFT:1.0104241096782794e-05,2.122547334954209e-06,1.987322000788117e-05,0.499281670416237,6.935296550282277e-09,0.4992816704162441,2.6320519398807075e-09,0.0014041591461476227,9.805874310262393e-08,2.9238684013396224e-07
Random1600
Raw:1.0104241096783009e-05,2.122547334954224e-06,1.987322000788131e-05,0.49928167041623345,6.935296550282327e-09,0.49928167041624766,2.6320519398807638e-09,0.0014041591461476327,9.805874310262462e-08,2.923868401339685e-07
EFT:1.0104241096782794e-05,2.122547334954209e-06,1.987322000788117e-05,0.499281670416237,6.935296550282277e-09,0.4992816704162441,2.6320519398807075e-09,0.0014041591461476227,9.805874310262393e-08,2.9238684013396224e-07
Random1601
Raw:1.0104241096782938e-05,2.122547334954209e-06,1.987322000788117e-05,0.499281670416237,6.935296550282277e-09,0.4992816704162441,2.632051939880745e-09,0.0014041591461476427,9.805874310262393e-08,2.9238684013396224e-07
EFT:1.0104241096782794e-05,2.122547334954209e-06,1.987322000788117e-05,0.499281670416237,6.935296550282277e-09,0.4992816704162441,2.6320519398807075e-09,0.0014041591461476227,9.805874310262393e-08,2.9238684013396224e-07
Random1602
Raw:1.0104241096782867e-05,2.122547334954224e-06,1.987322000788131e-05,0.49928167041624055,6.935296550282326e-09,0.49928167041624055,2.6320519398807265e-09,0.0014041591461476327,9.805874310262323e-08,2.923868401339643e-07
EFT:1.0104241096782794e-05,2.122547334954209e-06,1.987322000788117e-05,0.499281670416237,6.935296550282277e-09,0.4992816704162441,2.6320519398807075e-09,0.0014041591461476227,9.805874310262393e-08,2.9238684013396224e-07
Random1603
Raw:1.0104241096782938e-05,2.122547334954209e-06,1.987322000788117e-05,0.499281670416237,6.935296550282277e-09,0.4992816704162441,2.632051939880745e-09,0.0014041591461476227,9.805874310262532e-08,2.9238684013396224e-07
EFT:1.0104241096782794e-05,2.122547334954209e-06,1.987322000788117e-05,0.499281670416237,6.935296550282277e-09,0.4992816704162441,2.6320519398807075e-09,0.0014041591461476227,9.805874310262393e-08,2.9238684013396224e-07
Random1604
Raw:1.0104241096782938e-05,2.122547334954239e-06,1.987322000788117e-05,0.499281670416237,6.9352965502823754e-09,0.4992816704162441,2.6320519398807824e-09,0.0014041591461476227,9.805874310262532e-08,2.9238684013396637e-07
EFT:1.0104241096782794e-05,2.122547334954209e-06,1.987322000788117e-05,0.499281670416237,6.935296550282277e-09,0.4992816704162441,2.6320519398807075e-09,0.0014041591461476227,9.805874310262393e-08,2.9238684013396224e-07
Random1605
Raw:1.0104241096782794e-05,2.122547334954209e-06,1.9873220007880885e-05,0.499281670416237,6.935296550282277e-09,0.4992816704162441,2.632051939880745e-09,0.0014041591461476227,9.805874310262254e-08,2.9238684013396224e-07
EFT:1.0104241096782794e-05,2.122547334954209e-06,1.987322000788117e-05,0.499281670416237,6.935296550282277e-09,0.4992816704162441,2.6320519398807075e-09,0.0014041591461476227,9.805874310262393e-08,2.9238684013396224e-07
Random1606
Raw:1.0104241096782867e-05,2.122547334954224e-06,1.9873220007881028e-05,0.49928167041624055,6.935296550282326e-09,0.49928167041624055,2.6320519398807265e-09,0.0014041591461476327,9.805874310262602e-08,2.923868401339643e-07
EFT:1.0104241096782794e-05,2.122547334954209e-06,1.987322000788117e-05,0.499281670416237,6.935296550282277e-09,0.4992816704162441,2.6320519398807075e-09,0.0014041591461476227,9.805874310262393e-08,2.9238684013396224e-07
Random1607
Raw:1.0104241096782938e-05,2.122547334954239e-06,1.987322000788117e-05,0.499281670416237,6.935296550282277e-09,0.4992816704162441,2.632051939880745e-09,0.0014041591461476227,9.805874310262532e-08,2.9238684013396224e-07
EFT:1.0104241096782794e-05,2.122547334954209e-06,1.987322000788117e-05,0.499281670416237,6.935296550282277e-09,0.4992816704162441,2.6320519398807075e-09,0.0014041591461476227,9.805874310262393e-08,2.9238684013396224e-07
Random1608
Raw:1.0104241096782938e-05,2.122547334954209e-06,1.987322000788117e-05,0.499281670416237,6.935296550282277e-09,0.4992816704162441,2.632051939880745e-09,0.0014041591461476227,9.805874310262532e-08,2.9238684013396224e-07
EFT:1.0104241096782794e-05,2.122547334954209e-06,1.987322000788117e-05,0.499281670416237,6.935296550282277e-09,0.4992816704162441,2.6320519398807075e-09,0.0014041591461476227,9.805874310262393e-08,2.9238684013396224e-07
Random1609
Raw:1.0104241096782938e-05,2.122547334954209e-06,1.987322000788117e-05,0.499281670416237,6.9352965502823754e-09,0.4992816704162441,2.632051939880745e-09,0.0014041591461476227,9.805874310262532e-08,2.9238684013396637e-07
EFT:1.0104241096782794e-05,2.122547334954209e-06,1.987322000788117e-05,0.499281670416237,6.935296550282277e-09,0.4992816704162441,2.6320519398807075e-09,0.0014041591461476227,9.805874310262393e-08,2.9238684013396224e-07
Random1610
Raw:1.0104241096782867e-05,2.122547334954224e-06,1.987322000788131e-05,0.49928167041624055,6.935296550282326e-09,0.49928167041624055,2.6320519398807265e-09,0.0014041591461476327,9.805874310262462e-08,2.923868401339643e-07
EFT:1.0104241096782794e-05,2.122547334954209e-06,1.987322000788117e-05,0.499281670416237,6.935296550282277e-09,0.4992816704162441,2.6320519398807075e-09,0.0014041591461476227,9.805874310262393e-08,2.9238684013396224e-07
Random1611
Raw:1.0104241096782867e-05,2.122547334954224e-06,1.9873220007881028e-05,0.49928167041624055,6.935296550282326e-09,0.49928167041624055,2.6320519398807638e-09,0.0014041591461476128,9.805874310262462e-08,2.923868401339643e-07
EFT:1.0104241096782794e-05,2.122547334954209e-06,1.987322000788117e-05,0.499281670416237,6.935296550282277e-09,0.4992816704162441,2.6320519398807075e-09,0.0014041591461476227,9.805874310262393e-08,2.9238684013396224e-07
Random1612
Raw:1.0104241096782938e-05,2.122547334954209e-06,1.987322000788117e-05,0.499281670416237,6.935296550282277e-09,0.4992816704162441,2.632051939880745e-09,0.0014041591461476227,9.805874310262532e-08,2.9238684013396224e-07
EFT:1.0104241096782794e-05,2.122547334954209e-06,1.987322000788117e-05,0.499281670416237,6.935296550282277e-09,0.4992816704162441,2.6320519398807075e-09,0.0014041591461476227,9.805874310262393e-08,2.9238684013396224e-07
Random1613
Raw:1.0104241096782794e-05,2.122547334954209e-06,1.987322000788117e-05,0.4992816704162441,6.935296550282277e-09,0.499281670416237,2.63205193988067e-09,0.0014041591461476227,9.805874310262532e-08,2.9238684013396224e-07
EFT:1.0104241096782794e-05,2.122547334954209e-06,1.987322000788117e-05,0.499281670416237,6.935296550282277e-09,0.4992816704162441,2.6320519398807075e-09,0.0014041591461476227,9.805874310262393e-08,2.9238684013396224e-07
Random1614
Raw:1.0104241096782867e-05,2.1225473349542546e-06,1.987322000788131e-05,0.49928167041624055,6.935296550282326e-09,0.49928167041624055,2.6320519398807638e-09,0.0014041591461476327,9.805874310262462e-08,2.923868401339643e-07
EFT:1.0104241096782794e-05,2.122547334954209e-06,1.987322000788117e-05,0.499281670416237,6.935296550282277e-09,0.4992816704162441,2.6320519398807075e-09,0.0014041591461476227,9.805874310262393e-08,2.9238684013396224e-07
Random1615
Raw:1.0104241096782723e-05,2.122547334954194e-06,1.9873220007881028e-05,0.49928167041624055,6.935296550282228e-09,0.49928167041624055,2.632051939880689e-09,0.0014041591461476128,9.805874310262184e-08,2.923868401339602e-07
EFT:1.0104241096782794e-05,2.122547334954209e-06,1.987322000788117e-05,0.499281670416237,6.935296550282277e-09,0.4992816704162441,2.6320519398807075e-09,0.0014041591461476227,9.805874310262393e-08,2.9238684013396224e-07
Random1616
Raw:1.0104241096782938e-05,2.122547334954209e-06,1.987322000788117e-05,0.499281670416237,6.9352965502823754e-09,0.4992816704162441,2.632051939880745e-09,0.0014041591461476227,9.805874310262532e-08,2.9238684013396637e-07
EFT:1.0104241096782794e-05,2.122547334954209e-06,1.987322000788117e-05,0.499281670416237,6.935296550282277e-09,0.4992816704162441,2.6320519398807075e-09,0.0014041591461476227,9.805874310262393e-08,2.9238684013396224e-07
Random1617
Raw:1.0104241096782867e-05,2.122547334954224e-06,1.987322000788131e-05,0.49928167041624055,6.935296550282326e-09,0.49928167041624055,2.6320519398807638e-09,0.0014041591461476327,9.805874310262462e-08,2.923868401339643e-07
EFT:1.0104241096782794e-05,2.122547334954209e-06,1.987322000788117e-05,0.499281670416237,6.935296550282277e-09,0.4992816704162441,2.6320519398807075e-09,0.0014041591461476227,9.805874310262393e-08,2.9238684013396224e-07
Random1618
Raw:1.0104241096782794e-05,2.1225473349541788e-06,1.9873220007880885e-05,0.499281670416237,6.935296550282277e-09,0.4992816704162441,2.632051939880745e-09,0.0014041591461476026,9.805874310262254e-08,2.9238684013396224e-07
EFT:1.0104241096782794e-05,2.122547334954209e-06,1.987322000788117e-05,0.499281670416237,6.935296550282277e-09,0.4992816704162441,2.6320519398807075e-09,0.0014041591461476227,9.805874310262393e-08,2.9238684013396224e-07
Random1619
Raw:1.0104241096782794e-05,2.122547334954209e-06,1.987322000788117e-05,0.4992816704162441,6.935296550282277e-09,0.499281670416237,2.63205193988067e-09,0.0014041591461476227,9.805874310262393e-08,2.9238684013396224e-07
EFT:1.0104241096782794e-05,2.122547334954209e-06,1.987322000788117e-05,0.499281670416237,6.935296550282277e-09,0.4992816704162441,2.6320519398807075e-09,0.0014041591461476227,9.805874310262393e-08,2.9238684013396224e-07
Random1620
Raw:1.0104241096783009e-05,2.122547334954224e-06,1.9873220007881028e-05,0.49928167041623345,6.935296550282327e-09,0.49928167041624766,2.6320519398807638e-09,0.0014041591461476327,9.805874310262601e-08,2.9238684013396436e-07
EFT:1.0104241096782794e-05,2.122547334954209e-06,1.987322000788117e-05,0.499281670416237,6.935296550282277e-09,0.4992816704162441,2.6320519398807075e-09,0.0014041591461476227,9.805874310262393e-08,2.9238684013396224e-07
Random1621
Raw:1.0104241096782867e-05,2.122547334954224e-06,1.9873220007881028e-05,0.49928167041624055,6.935296550282326e-09,0.49928167041624055,2.6320519398807265e-09,0.0014041591461476327,9.805874310262323e-08,2.923868401339643e-07
EFT:1.0104241096782794e-05,2.122547334954209e-06,1.987322000788117e-05,0.499281670416237,6.935296550282277e-09,0.4992816704162441,2.6320519398807075e-09,0.0014041591461476227,9.805874310262393e-08,2.9238684013396224e-07
Random1622
Raw:1.0104241096782938e-05,2.122547334954209e-06,1.987322000788117e-05,0.499281670416237,6.935296550282277e-09,0.4992816704162441,2.632051939880745e-09,0.0014041591461476227,9.805874310262532e-08,2.9238684013396224e-07
EFT:1.0104241096782794e-05,2.122547334954209e-06,1.987322000788117e-05,0.499281670416237,6.935296550282277e-09,0.4992816704162441,2.6320519398807075e-09,0.0014041591461476227,9.805874310262393e-08,2.9238684013396224e-07
Random1623
Raw:1.0104241096783009e-05,2.122547334954224e-06,1.9873220007881028e-05,0.49928167041623345,6.935296550282327e-09,0.49928167041624766,2.6320519398807638e-09,0.0014041591461476327,9.805874310262601e-08,2.9238684013396436e-07
EFT:1.0104241096782794e-05,2.122547334954209e-06,1.987322000788117e-05,0.499281670416237,6.935296550282277e-09,0.4992816704162441,2.6320519398807075e-09,0.0014041591461476227,9.805874310262393e-08,2.9238684013396224e-07
Random1624
Raw:1.010424109678301e-05,2.1225473349542546e-06,1.987322000788131e-05,0.49928167041624055,6.935296550282425e-09,0.49928167041624055,2.6320519398807638e-09,0.0014041591461476527,9.805874310262462e-08,2.923868401339643e-07
EFT:1.0104241096782794e-05,2.122547334954209e-06,1.987322000788117e-05,0.499281670416237,6.935296550282277e-09,0.4992816704162441,2.6320519398807075e-09,0.0014041591461476227,9.805874310262393e-08,2.9238684013396224e-07
Random1625
Raw:1.0104241096782794e-05,2.122547334954209e-06,1.987322000788117e-05,0.499281670416237,6.935296550282277e-09,0.4992816704162441,2.632051939880745e-09,0.0014041591461476227,9.805874310262254e-08,2.9238684013396224e-07
EFT:1.0104241096782794e-05,2.122547334954209e-06,1.987322000788117e-05,0.499281670416237,6.935296550282277e-09,0.4992816704162441,2.6320519398807075e-09,0.0014041591461476227,9.805874310262393e-08,2.9238684013396224e-07
Random1626
Raw:1.0104241096782867e-05,2.122547334954224e-06,1.987322000788131e-05,0.49928167041624055,6.935296550282326e-09,0.49928167041624055,2.6320519398807265e-09,0.0014041591461476327,9.805874310262462e-08,2.923868401339643e-07
EFT:1.0104241096782794e-05,2.122547334954209e-06,1.987322000788117e-05,0.499281670416237,6.935296550282277e-09,0.4992816704162441,2.6320519398807075e-09,0.0014041591461476227,9.805874310262393e-08,2.9238684013396224e-07
Random1627
Raw:1.0104241096782865e-05,2.122547334954194e-06,1.9873220007881028e-05,0.49928167041623345,6.935296550282327e-09,0.49928167041624766,2.6320519398807638e-09,0.0014041591461476126,9.805874310262324e-08,2.9238684013396436e-07
EFT:1.0104241096782794e-05,2.122547334954209e-06,1.987322000788117e-05,0.499281670416237,6.935296550282277e-09,0.4992816704162441,2.6320519398807075e-09,0.0014041591461476227,9.805874310262393e-08,2.9238684013396224e-07
Random1628
Raw:1.0104241096782938e-05,2.122547334954239e-06,1.987322000788117e-05,0.499281670416237,6.9352965502823754e-09,0.4992816704162441,2.6320519398807824e-09,0.0014041591461476227,9.805874310262532e-08,2.9238684013396637e-07
EFT:1.0104241096782794e-05,2.122547334954209e-06,1.987322000788117e-05,0.499281670416237,6.935296550282277e-09,0.4992816704162441,2.6320519398807075e-09,0.0014041591461476227,9.805874310262393e-08,2.9238684013396224e-07
Random1629
Raw:1.0104241096782938e-05,2.122547334954209e-06,1.987322000788117e-05,0.499281670416237,6.9352965502823754e-09,0.4992816704162441,2.632051939880745e-09,0.0014041591461476227,9.805874310262672e-08,2.9238684013396637e-07
EFT:1.0104241096782794e-05,2.122547334954209e-06,1.987322000788117e-05,0.499281670416237,6.935296550282277e-09,0.4992816704162441,2.6320519398807075e-09,0.0014041591461476227,9.805874310262393e-08,2.9238684013396224e-07
Random1630
Raw:1.0104241096782867e-05,2.122547334954224e-06,1.987322000788131e-05,0.49928167041624055,6.935296550282326e-09,0.49928167041624055,2.6320519398807265e-09,0.0014041591461476128,9.805874310262462e-08,2.923868401339643e-07
EFT:1.0104241096782794e-05,2.122547334954209e-06,1.987322000788117e-05,0.499281670416237,6.935296550282277e-09,0.4992816704162441,2.6320519398807075e-09,0.0014041591461476227,9.805874310262393e-08,2.9238684013396224e-07
Random1631
Raw:1.0104241096783009e-05,2.122547334954224e-06,1.9873220007881028e-05,0.49928167041623345,6.935296550282327e-09,0.49928167041624766,2.6320519398807638e-09,0.0014041591461476327,9.805874310262601e-08,2.9238684013396436e-07
EFT:1.0104241096782794e-05,2.122547334954209e-06,1.987322000788117e-05,0.499281670416237,6.935296550282277e-09,0.4992816704162441,2.6320519398807075e-09,0.0014041591461476227,9.805874310262393e-08,2.9238684013396224e-07
Random1632
Raw:1.0104241096782867e-05,2.122547334954224e-06,1.9873220007881028e-05,0.49928167041624055,6.935296550282326e-09,0.49928167041624055,2.6320519398807265e-09,0.0014041591461476327,9.805874310262323e-08,2.923868401339643e-07
EFT:1.0104241096782794e-05,2.122547334954209e-06,1.987322000788117e-05,0.499281670416237,6.935296550282277e-09,0.4992816704162441,2.6320519398807075e-09,0.0014041591461476227,9.805874310262393e-08,2.9238684013396224e-07
Random1633
Raw:1.0104241096782794e-05,2.122547334954209e-06,1.987322000788117e-05,0.499281670416237,6.9352965502821786e-09,0.4992816704162441,2.632051939880745e-09,0.0014041591461476227,9.805874310262254e-08,2.9238684013396224e-07
EFT:1.0104241096782794e-05,2.122547334954209e-06,1.987322000788117e-05,0.499281670416237,6.935296550282277e-09,0.4992816704162441,2.6320519398807075e-09,0.0014041591461476227,9.805874310262393e-08,2.9238684013396224e-07
Random1634
Raw:1.0104241096782938e-05,2.122547334954209e-06,1.987322000788117e-05,0.499281670416237,6.9352965502823754e-09,0.4992816704162441,2.632051939880745e-09,0.0014041591461476227,9.805874310262393e-08,2.9238684013396637e-07
EFT:1.0104241096782794e-05,2.122547334954209e-06,1.987322000788117e-05,0.499281670416237,6.935296550282277e-09,0.4992816704162441,2.6320519398807075e-09,0.0014041591461476227,9.805874310262393e-08,2.9238684013396224e-07
Random1635
Raw:1.0104241096782938e-05,2.122547334954209e-06,1.987322000788117e-05,0.499281670416237,6.935296550282277e-09,0.4992816704162441,2.632051939880745e-09,0.0014041591461476227,9.805874310262532e-08,2.9238684013396224e-07
EFT:1.0104241096782794e-05,2.122547334954209e-06,1.987322000788117e-05,0.499281670416237,6.935296550282277e-09,0.4992816704162441,2.6320519398807075e-09,0.0014041591461476227,9.805874310262393e-08,2.9238684013396224e-07
Random1636
Raw:1.0104241096782938e-05,2.122547334954209e-06,1.987322000788117e-05,0.499281670416237,6.935296550282277e-09,0.4992816704162441,2.632051939880745e-09,0.0014041591461476427,9.805874310262393e-08,2.9238684013396224e-07
EFT:1.0104241096782794e-05,2.122547334954209e-06,1.987322000788117e-05,0.499281670416237,6.935296550282277e-09,0.4992816704162441,2.6320519398807075e-09,0.0014041591461476227,9.805874310262393e-08,2.9238684013396224e-07
Random1637
Raw:1.0104241096782794e-05,2.122547334954209e-06,1.987322000788117e-05,0.499281670416237,6.9352965502821786e-09,0.4992816704162441,2.6320519398807075e-09,0.0014041591461476227,9.805874310262393e-08,2.9238684013396224e-07
EFT:1.0104241096782794e-05,2.122547334954209e-06,1.987322000788117e-05,0.499281670416237,6.935296550282277e-09,0.4992816704162441,2.6320519398807075e-09,0.0014041591461476227,9.805874310262393e-08,2.9238684013396224e-07
Random1638
Raw:1.0104241096782938e-05,2.122547334954209e-06,1.987322000788117e-05,0.499281670416237,6.935296550282277e-09,0.4992816704162441,2.632051939880745e-09,0.0014041591461476227,9.805874310262532e-08,2.9238684013396224e-07
EFT:1.0104241096782794e-05,2.122547334954209e-06,1.987322000788117e-05,0.499281670416237,6.935296550282277e-09,0.4992816704162441,2.6320519398807075e-09,0.0014041591461476227,9.805874310262393e-08,2.9238684013396224e-07
Random1639
Raw:1.0104241096783009e-05,2.122547334954194e-06,1.9873220007881028e-05,0.49928167041623345,6.935296550282327e-09,0.49928167041624766,2.6320519398807638e-09,0.0014041591461476126,9.805874310262601e-08,2.9238684013396436e-07
EFT:1.0104241096782794e-05,2.122547334954209e-06,1.987322000788117e-05,0.499281670416237,6.935296550282277e-09,0.4992816704162441,2.6320519398807075e-09,0.0014041591461476227,9.805874310262393e-08,2.9238684013396224e-07
Random1640
Raw:1.0104241096782867e-05,2.122547334954194e-06,1.9873220007881028e-05,0.49928167041624055,6.935296550282326e-09,0.49928167041624055,2.6320519398807265e-09,0.0014041591461476128,9.805874310262323e-08,2.923868401339643e-07
EFT:1.0104241096782794e-05,2.122547334954209e-06,1.987322000788117e-05,0.499281670416237,6.935296550282277e-09,0.4992816704162441,2.6320519398807075e-09,0.0014041591461476227,9.805874310262393e-08,2.9238684013396224e-07
Random1641
Raw:1.0104241096782867e-05,2.1225473349542546e-06,1.987322000788131e-05,0.49928167041624055,6.935296550282326e-09,0.49928167041624055,2.6320519398807638e-09,0.0014041591461476128,9.805874310262462e-08,2.923868401339643e-07
EFT:1.0104241096782794e-05,2.122547334954209e-06,1.987322000788117e-05,0.499281670416237,6.935296550282277e-09,0.4992816704162441,2.6320519398807075e-09,0.0014041591461476227,9.805874310262393e-08,2.9238684013396224e-07
Random1642
Raw:1.0104241096782938e-05,2.122547334954209e-06,1.9873220007880885e-05,0.499281670416237,6.935296550282277e-09,0.4992816704162441,2.632051939880745e-09,0.0014041591461476227,9.805874310262532e-08,2.9238684013396224e-07
EFT:1.0104241096782794e-05,2.122547334954209e-06,1.987322000788117e-05,0.499281670416237,6.935296550282277e-09,0.4992816704162441,2.6320519398807075e-09,0.0014041591461476227,9.805874310262393e-08,2.9238684013396224e-07
Random1643
Raw:1.0104241096783009e-05,2.122547334954224e-06,1.987322000788131e-05,0.49928167041623345,6.935296550282327e-09,0.49928167041624766,2.6320519398807638e-09,0.0014041591461476327,9.805874310262462e-08,2.923868401339685e-07
EFT:1.0104241096782794e-05,2.122547334954209e-06,1.987322000788117e-05,0.499281670416237,6.935296550282277e-09,0.4992816704162441,2.6320519398807075e-09,0.0014041591461476227,9.805874310262393e-08,2.9238684013396224e-07
Random1644
Raw:1.0104241096782867e-05,2.122547334954224e-06,1.9873220007881028e-05,0.49928167041624055,6.935296550282326e-09,0.49928167041624055,2.6320519398807638e-09,0.0014041591461476128,9.805874310262462e-08,2.923868401339643e-07
EFT:1.0104241096782794e-05,2.122547334954209e-06,1.987322000788117e-05,0.499281670416237,6.935296550282277e-09,0.4992816704162441,2.6320519398807075e-09,0.0014041591461476227,9.805874310262393e-08,2.9238684013396224e-07
Random1645
Raw:1.0104241096782938e-05,2.122547334954209e-06,1.987322000788117e-05,0.499281670416237,6.935296550282277e-09,0.4992816704162441,2.632051939880745e-09,0.0014041591461476427,9.805874310262393e-08,2.9238684013396224e-07
EFT:1.0104241096782794e-05,2.122547334954209e-06,1.987322000788117e-05,0.499281670416237,6.935296550282277e-09,0.4992816704162441,2.6320519398807075e-09,0.0014041591461476227,9.805874310262393e-08,2.9238684013396224e-07
Random1646
Raw:1.0104241096782865e-05,2.122547334954194e-06,1.9873220007881028e-05,0.49928167041623345,6.935296550282327e-09,0.49928167041624766,2.632051939880726e-09,0.0014041591461476126,9.805874310262462e-08,2.9238684013396436e-07
EFT:1.0104241096782794e-05,2.122547334954209e-06,1.987322000788117e-05,0.499281670416237,6.935296550282277e-09,0.4992816704162441,2.6320519398807075e-09,0.0014041591461476227,9.805874310262393e-08,2.9238684013396224e-07
Random1647
Raw:1.0104241096782938e-05,2.122547334954209e-06,1.987322000788117e-05,0.499281670416237,6.935296550282277e-09,0.4992816704162441,2.632051939880745e-09,0.0014041591461476227,9.805874310262532e-08,2.9238684013396224e-07
EFT:1.0104241096782794e-05,2.122547334954209e-06,1.987322000788117e-05,0.499281670416237,6.935296550282277e-09,0.4992816704162441,2.6320519398807075e-09,0.0014041591461476227,9.805874310262393e-08,2.9238684013396224e-07
Random1648
Raw:1.010424109678301e-05,2.122547334954224e-06,1.987322000788131e-05,0.49928167041624055,6.935296550282425e-09,0.49928167041624055,2.6320519398807638e-09,0.0014041591461476327,9.805874310262602e-08,2.923868401339685e-07
EFT:1.0104241096782794e-05,2.122547334954209e-06,1.987322000788117e-05,0.499281670416237,6.935296550282277e-09,0.4992816704162441,2.6320519398807075e-09,0.0014041591461476227,9.805874310262393e-08,2.9238684013396224e-07
Random1649
Raw:1.0104241096782867e-05,2.122547334954194e-06,1.9873220007881028e-05,0.49928167041624055,6.935296550282326e-09,0.49928167041624055,2.6320519398807265e-09,0.0014041591461476128,9.805874310262602e-08,2.923868401339643e-07
EFT:1.0104241096782794e-05,2.122547334954209e-06,1.987322000788117e-05,0.499281670416237,6.935296550282277e-09,0.4992816704162441,2.6320519398807075e-09,0.0014041591461476227,9.805874310262393e-08,2.9238684013396224e-07
Random1650
Raw:1.0104241096782867e-05,2.122547334954194e-06,1.9873220007881028e-05,0.49928167041624055,6.935296550282326e-09,0.49928167041624055,2.6320519398807265e-09,0.0014041591461476128,9.805874310262323e-08,2.923868401339643e-07
EFT:1.0104241096782794e-05,2.122547334954209e-06,1.987322000788117e-05,0.499281670416237,6.935296550282277e-09,0.4992816704162441,2.6320519398807075e-09,0.0014041591461476227,9.805874310262393e-08,2.9238684013396224e-07
Random1651
Raw:1.0104241096782938e-05,2.122547334954239e-06,1.987322000788117e-05,0.499281670416237,6.935296550282277e-09,0.4992816704162441,2.632051939880745e-09,0.0014041591461476227,9.805874310262532e-08,2.9238684013396224e-07
EFT:1.0104241096782794e-05,2.122547334954209e-06,1.987322000788117e-05,0.499281670416237,6.935296550282277e-09,0.4992816704162441,2.6320519398807075e-09,0.0014041591461476227,9.805874310262393e-08,2.9238684013396224e-07
Random1652
Raw:1.0104241096783009e-05,2.122547334954224e-06,1.9873220007881028e-05,0.49928167041623345,6.935296550282327e-09,0.49928167041624766,2.6320519398807638e-09,0.0014041591461476327,9.805874310262601e-08,2.9238684013396436e-07
EFT:1.0104241096782794e-05,2.122547334954209e-06,1.987322000788117e-05,0.499281670416237,6.935296550282277e-09,0.4992816704162441,2.6320519398807075e-09,0.0014041591461476227,9.805874310262393e-08,2.9238684013396224e-07
Random1653
Raw:1.0104241096782794e-05,2.122547334954209e-06,1.987322000788117e-05,0.499281670416237,6.935296550282277e-09,0.4992816704162441,2.6320519398807075e-09,0.0014041591461476026,9.805874310262393e-08,2.9238684013396224e-07
EFT:1.0104241096782794e-05,2.122547334954209e-06,1.987322000788117e-05,0.499281670416237,6.935296550282277e-09,0.4992816704162441,2.6320519398807075e-09,0.0014041591461476227,9.805874310262393e-08,2.9238684013396224e-07
Random1654
Raw:1.0104241096783009e-05,2.122547334954194e-06,1.9873220007881028e-05,0.49928167041623345,6.935296550282327e-09,0.49928167041624766,2.6320519398807638e-09,0.0014041591461476327,9.805874310262462e-08,2.9238684013396436e-07
EFT:1.0104241096782794e-05,2.122547334954209e-06,1.987322000788117e-05,0.499281670416237,6.935296550282277e-09,0.4992816704162441,2.6320519398807075e-09,0.0014041591461476227,9.805874310262393e-08,2.9238684013396224e-07
Random1655
Raw:1.0104241096782938e-05,2.122547334954209e-06,1.987322000788117e-05,0.499281670416237,6.9352965502823754e-09,0.4992816704162441,2.632051939880745e-09,0.0014041591461476227,9.805874310262393e-08,2.9238684013396637e-07
EFT:1.0104241096782794e-05,2.122547334954209e-06,1.987322000788117e-05,0.499281670416237,6.935296550282277e-09,0.4992816704162441,2.6320519398807075e-09,0.0014041591461476227,9.805874310262393e-08,2.9238684013396224e-07
Random1656
Raw:1.0104241096782938e-05,2.122547334954209e-06,1.987322000788117e-05,0.499281670416237,6.9352965502823754e-09,0.4992816704162441,2.632051939880745e-09,0.0014041591461476227,9.805874310262393e-08,2.9238684013396637e-07
EFT:1.0104241096782794e-05,2.122547334954209e-06,1.987322000788117e-05,0.499281670416237,6.935296550282277e-09,0.4992816704162441,2.6320519398807075e-09,0.0014041591461476227,9.805874310262393e-08,2.9238684013396224e-07
Random1657
Raw:1.0104241096782794e-05,2.122547334954209e-06,1.987322000788117e-05,0.499281670416237,6.935296550282277e-09,0.4992816704162441,2.6320519398807075e-09,0.0014041591461476026,9.805874310262393e-08,2.9238684013396224e-07
EFT:1.0104241096782794e-05,2.122547334954209e-06,1.987322000788117e-05,0.499281670416237,6.935296550282277e-09,0.4992816704162441,2.6320519398807075e-09,0.0014041591461476227,9.805874310262393e-08,2.9238684013396224e-07
Random1658
Raw:1.0104241096782865e-05,2.122547334954194e-06,1.9873220007881028e-05,0.49928167041623345,6.935296550282327e-09,0.49928167041624766,2.632051939880726e-09,0.0014041591461476126,9.805874310262462e-08,2.9238684013396436e-07
EFT:1.0104241096782794e-05,2.122547334954209e-06,1.987322000788117e-05,0.499281670416237,6.935296550282277e-09,0.4992816704162441,2.6320519398807075e-09,0.0014041591461476227,9.805874310262393e-08,2.9238684013396224e-07
Random1659
Raw:1.0104241096782938e-05,2.122547334954209e-06,1.987322000788117e-05,0.499281670416237,6.9352965502823754e-09,0.4992816704162441,2.632051939880745e-09,0.0014041591461476227,9.805874310262532e-08,2.9238684013396637e-07
EFT:1.0104241096782794e-05,2.122547334954209e-06,1.987322000788117e-05,0.499281670416237,6.935296550282277e-09,0.4992816704162441,2.6320519398807075e-09,0.0014041591461476227,9.805874310262393e-08,2.9238684013396224e-07
Random1660
Raw:1.0104241096783009e-05,2.122547334954224e-06,1.987322000788131e-05,0.49928167041623345,6.935296550282327e-09,0.49928167041624766,2.6320519398807638e-09,0.0014041591461476327,9.805874310262462e-08,2.923868401339685e-07
EFT:1.0104241096782794e-05,2.122547334954209e-06,1.987322000788117e-05,0.499281670416237,6.935296550282277e-09,0.4992816704162441,2.6320519398807075e-09,0.0014041591461476227,9.805874310262393e-08,2.9238684013396224e-07
Random1661
Raw:1.0104241096783009e-05,2.122547334954194e-06,1.9873220007881028e-05,0.49928167041623345,6.935296550282327e-09,0.49928167041624766,2.6320519398807638e-09,0.0014041591461476327,9.805874310262462e-08,2.9238684013396436e-07
EFT:1.0104241096782794e-05,2.122547334954209e-06,1.987322000788117e-05,0.499281670416237,6.935296550282277e-09,0.4992816704162441,2.6320519398807075e-09,0.0014041591461476227,9.805874310262393e-08,2.9238684013396224e-07
Random1662
Raw:1.0104241096782938e-05,2.122547334954239e-06,1.987322000788145e-05,0.499281670416237,6.935296550282277e-09,0.4992816704162441,2.632051939880745e-09,0.0014041591461476427,9.805874310262532e-08,2.9238684013396224e-07
EFT:1.0104241096782794e-05,2.122547334954209e-06,1.987322000788117e-05,0.499281670416237,6.935296550282277e-09,0.4992816704162441,2.6320519398807075e-09,0.0014041591461476227,9.805874310262393e-08,2.9238684013396224e-07
Random1663
Raw:1.0104241096782794e-05,2.122547334954209e-06,1.987322000788117e-05,0.499281670416237,6.935296550282277e-09,0.4992816704162441,2.6320519398807075e-09,0.0014041591461476227,9.805874310262393e-08,2.9238684013396224e-07
EFT:1.0104241096782794e-05,2.122547334954209e-06,1.987322000788117e-05,0.499281670416237,6.935296550282277e-09,0.4992816704162441,2.6320519398807075e-09,0.0014041591461476227,9.805874310262393e-08,2.9238684013396224e-07
Random1664
Raw:1.0104241096782867e-05,2.122547334954224e-06,1.987322000788131e-05,0.49928167041624055,6.935296550282326e-09,0.49928167041624055,2.6320519398807265e-09,0.0014041591461476327,9.805874310262462e-08,2.923868401339643e-07
EFT:1.0104241096782794e-05,2.122547334954209e-06,1.987322000788117e-05,0.499281670416237,6.935296550282277e-09,0.4992816704162441,2.6320519398807075e-09,0.0014041591461476227,9.805874310262393e-08,2.9238684013396224e-07
Random1665
Raw:1.0104241096782794e-05,2.122547334954209e-06,1.987322000788117e-05,0.499281670416237,6.9352965502821786e-09,0.4992816704162441,2.6320519398807075e-09,0.0014041591461476227,9.805874310262393e-08,2.9238684013396224e-07
EFT:1.0104241096782794e-05,2.122547334954209e-06,1.987322000788117e-05,0.499281670416237,6.935296550282277e-09,0.4992816704162441,2.6320519398807075e-09,0.0014041591461476227,9.805874310262393e-08,2.9238684013396224e-07
Random1666
Raw:1.0104241096782938e-05,2.122547334954209e-06,1.987322000788117e-05,0.499281670416237,6.9352965502823754e-09,0.4992816704162441,2.632051939880745e-09,0.0014041591461476227,9.805874310262393e-08,2.9238684013396637e-07
EFT:1.0104241096782794e-05,2.122547334954209e-06,1.987322000788117e-05,0.499281670416237,6.935296550282277e-09,0.4992816704162441,2.6320519398807075e-09,0.0014041591461476227,9.805874310262393e-08,2.9238684013396224e-07
Random1667
Raw:1.0104241096782938e-05,2.122547334954209e-06,1.987322000788117e-05,0.499281670416237,6.935296550282277e-09,0.4992816704162441,2.632051939880745e-09,0.0014041591461476227,9.805874310262393e-08,2.9238684013396637e-07
EFT:1.0104241096782794e-05,2.122547334954209e-06,1.987322000788117e-05,0.499281670416237,6.935296550282277e-09,0.4992816704162441,2.6320519398807075e-09,0.0014041591461476227,9.805874310262393e-08,2.9238684013396224e-07
Random1668
Raw:1.0104241096783009e-05,2.122547334954194e-06,1.9873220007881028e-05,0.49928167041623345,6.935296550282327e-09,0.49928167041624766,2.6320519398807638e-09,0.0014041591461476327,9.805874310262462e-08,2.9238684013396436e-07
EFT:1.0104241096782794e-05,2.122547334954209e-06,1.987322000788117e-05,0.499281670416237,6.935296550282277e-09,0.4992816704162441,2.6320519398807075e-09,0.0014041591461476227,9.805874310262393e-08,2.9238684013396224e-07
Random1669
Raw:1.0104241096783009e-05,2.122547334954194e-06,1.9873220007881028e-05,0.49928167041623345,6.935296550282327e-09,0.49928167041624766,2.6320519398807638e-09,0.0014041591461476126,9.805874310262601e-08,2.9238684013396436e-07
EFT:1.0104241096782794e-05,2.122547334954209e-06,1.987322000788117e-05,0.499281670416237,6.935296550282277e-09,0.4992816704162441,2.6320519398807075e-09,0.0014041591461476227,9.805874310262393e-08,2.9238684013396224e-07
Random1670
Raw:1.0104241096782867e-05,2.122547334954224e-06,1.987322000788131e-05,0.49928167041624055,6.935296550282326e-09,0.49928167041624055,2.6320519398807265e-09,0.0014041591461476327,9.805874310262462e-08,2.923868401339643e-07
EFT:1.0104241096782794e-05,2.122547334954209e-06,1.987322000788117e-05,0.499281670416237,6.935296550282277e-09,0.4992816704162441,2.6320519398807075e-09,0.0014041591461476227,9.805874310262393e-08,2.9238684013396224e-07
Random1671
Raw:1.0104241096782938e-05,2.122547334954239e-06,1.9873220007880885e-05,0.499281670416237,6.935296550282277e-09,0.4992816704162441,2.632051939880745e-09,0.0014041591461476227,9.805874310262532e-08,2.9238684013396224e-07
EFT:1.0104241096782794e-05,2.122547334954209e-06,1.987322000788117e-05,0.499281670416237,6.935296550282277e-09,0.4992816704162441,2.6320519398807075e-09,0.0014041591461476227,9.805874310262393e-08,2.9238684013396224e-07
Random1672
Raw:1.0104241096782938e-05,2.122547334954209e-06,1.9873220007880885e-05,0.499281670416237,6.935296550282277e-09,0.4992816704162441,2.632051939880745e-09,0.0014041591461476227,9.805874310262532e-08,2.9238684013396224e-07
EFT:1.0104241096782794e-05,2.122547334954209e-06,1.987322000788117e-05,0.499281670416237,6.935296550282277e-09,0.4992816704162441,2.6320519398807075e-09,0.0014041591461476227,9.805874310262393e-08,2.9238684013396224e-07
Random1673
Raw:1.0104241096783009e-05,2.122547334954194e-06,1.9873220007881028e-05,0.49928167041623345,6.935296550282327e-09,0.49928167041624766,2.6320519398807638e-09,0.0014041591461476126,9.805874310262601e-08,2.9238684013396436e-07
EFT:1.0104241096782794e-05,2.122547334954209e-06,1.987322000788117e-05,0.499281670416237,6.935296550282277e-09,0.4992816704162441,2.6320519398807075e-09,0.0014041591461476227,9.805874310262393e-08,2.9238684013396224e-07
Random1674
Raw:1.0104241096782867e-05,2.122547334954224e-06,1.9873220007881028e-05,0.49928167041624055,6.935296550282326e-09,0.49928167041624055,2.6320519398807265e-09,0.0014041591461476128,9.805874310262462e-08,2.923868401339643e-07
EFT:1.0104241096782794e-05,2.122547334954209e-06,1.987322000788117e-05,0.499281670416237,6.935296550282277e-09,0.4992816704162441,2.6320519398807075e-09,0.0014041591461476227,9.805874310262393e-08,2.9238684013396224e-07
Random1675
Raw:1.0104241096782723e-05,2.122547334954194e-06,1.9873220007881028e-05,0.49928167041624055,6.935296550282228e-09,0.49928167041624055,2.6320519398806513e-09,0.0014041591461476128,9.805874310262323e-08,2.923868401339602e-07
EFT:1.0104241096782794e-05,2.122547334954209e-06,1.987322000788117e-05,0.499281670416237,6.935296550282277e-09,0.4992816704162441,2.6320519398807075e-09,0.0014041591461476227,9.805874310262393e-08,2.9238684013396224e-07
Random1676
Raw:1.0104241096782938e-05,2.122547334954209e-06,1.987322000788117e-05,0.499281670416237,6.935296550282277e-09,0.4992816704162441,2.632051939880745e-09,0.0014041591461476227,9.805874310262393e-08,2.9238684013396637e-07
EFT:1.0104241096782794e-05,2.122547334954209e-06,1.987322000788117e-05,0.499281670416237,6.935296550282277e-09,0.4992816704162441,2.6320519398807075e-09,0.0014041591461476227,9.805874310262393e-08,2.9238684013396224e-07
Random1677
Raw:1.0104241096782723e-05,2.122547334954194e-06,1.9873220007881028e-05,0.49928167041624055,6.93529655028213e-09,0.49928167041624055,2.632051939880689e-09,0.0014041591461476128,9.805874310262184e-08,2.923868401339602e-07
EFT:1.0104241096782794e-05,2.122547334954209e-06,1.987322000788117e-05,0.499281670416237,6.935296550282277e-09,0.4992816704162441,2.6320519398807075e-09,0.0014041591461476227,9.805874310262393e-08,2.9238684013396224e-07
Random1678
Raw:1.0104241096782867e-05,2.122547334954224e-06,1.987322000788131e-05,0.49928167041624055,6.935296550282326e-09,0.49928167041624055,2.6320519398807265e-09,0.0014041591461476327,9.805874310262462e-08,2.923868401339643e-07
EFT:1.0104241096782794e-05,2.122547334954209e-06,1.987322000788117e-05,0.499281670416237,6.935296550282277e-09,0.4992816704162441,2.6320519398807075e-09,0.0014041591461476227,9.805874310262393e-08,2.9238684013396224e-07
Random1679
Raw:1.0104241096782867e-05,2.122547334954194e-06,1.9873220007881028e-05,0.49928167041624055,6.935296550282326e-09,0.49928167041624055,2.6320519398807265e-09,0.0014041591461476128,9.805874310262323e-08,2.923868401339643e-07
EFT:1.0104241096782794e-05,2.122547334954209e-06,1.987322000788117e-05,0.499281670416237,6.935296550282277e-09,0.4992816704162441,2.6320519398807075e-09,0.0014041591461476227,9.805874310262393e-08,2.9238684013396224e-07
Random1680
Raw:1.0104241096782938e-05,2.122547334954239e-06,1.987322000788145e-05,0.499281670416237,6.935296550282277e-09,0.4992816704162441,2.632051939880745e-09,0.0014041591461476427,9.805874310262532e-08,2.9238684013396224e-07
EFT:1.0104241096782794e-05,2.122547334954209e-06,1.987322000788117e-05,0.499281670416237,6.935296550282277e-09,0.4992816704162441,2.6320519398807075e-09,0.0014041591461476227,9.805874310262393e-08,2.9238684013396224e-07
Random1681
Raw:1.0104241096782867e-05,2.1225473349542546e-06,1.987322000788131e-05,0.49928167041624055,6.935296550282326e-09,0.49928167041624055,2.6320519398807638e-09,0.0014041591461476128,9.805874310262462e-08,2.923868401339643e-07
EFT:1.0104241096782794e-05,2.122547334954209e-06,1.987322000788117e-05,0.499281670416237,6.935296550282277e-09,0.4992816704162441,2.6320519398807075e-09,0.0014041591461476227,9.805874310262393e-08,2.9238684013396224e-07
Random1682
Raw:1.0104241096783009e-05,2.122547334954224e-06,1.987322000788131e-05,0.49928167041623345,6.935296550282327e-09,0.49928167041624766,2.6320519398807638e-09,0.0014041591461476327,9.805874310262601e-08,2.9238684013396436e-07
EFT:1.0104241096782794e-05,2.122547334954209e-06,1.987322000788117e-05,0.499281670416237,6.935296550282277e-09,0.4992816704162441,2.6320519398807075e-09,0.0014041591461476227,9.805874310262393e-08,2.9238684013396224e-07
Random1683
Raw:1.0104241096782865e-05,2.122547334954194e-06,1.9873220007881028e-05,0.49928167041623345,6.935296550282327e-09,0.49928167041624766,2.632051939880726e-09,0.0014041591461476126,9.805874310262462e-08,2.9238684013396436e-07
EFT:1.0104241096782794e-05,2.122547334954209e-06,1.987322000788117e-05,0.499281670416237,6.935296550282277e-09,0.4992816704162441,2.6320519398807075e-09,0.0014041591461476227,9.805874310262393e-08,2.9238684013396224e-07
Random1684
Raw:1.0104241096782867e-05,2.122547334954224e-06,1.987322000788131e-05,0.49928167041624055,6.935296550282326e-09,0.49928167041624055,2.6320519398807638e-09,0.0014041591461476327,9.805874310262462e-08,2.923868401339643e-07
EFT:1.0104241096782794e-05,2.122547334954209e-06,1.987322000788117e-05,0.499281670416237,6.935296550282277e-09,0.4992816704162441,2.6320519398807075e-09,0.0014041591461476227,9.805874310262393e-08,2.9238684013396224e-07
Random1685
Raw:1.0104241096782938e-05,2.122547334954209e-06,1.987322000788117e-05,0.499281670416237,6.935296550282277e-09,0.4992816704162441,2.632051939880745e-09,0.0014041591461476427,9.805874310262393e-08,2.9238684013396224e-07
EFT:1.0104241096782794e-05,2.122547334954209e-06,1.987322000788117e-05,0.499281670416237,6.935296550282277e-09,0.4992816704162441,2.6320519398807075e-09,0.0014041591461476227,9.805874310262393e-08,2.9238684013396224e-07
Random1686
Raw:1.0104241096782867e-05,2.1225473349542546e-06,1.987322000788131e-05,0.49928167041624055,6.935296550282326e-09,0.49928167041624055,2.6320519398807638e-09,0.0014041591461476327,9.805874310262462e-08,2.923868401339643e-07
EFT:1.0104241096782794e-05,2.122547334954209e-06,1.987322000788117e-05,0.499281670416237,6.935296550282277e-09,0.4992816704162441,2.6320519398807075e-09,0.0014041591461476227,9.805874310262393e-08,2.9238684013396224e-07
Random1687
Raw:1.0104241096782938e-05,2.122547334954209e-06,1.987322000788117e-05,0.499281670416237,6.9352965502823754e-09,0.4992816704162441,2.632051939880745e-09,0.0014041591461476227,9.805874310262532e-08,2.9238684013396637e-07
EFT:1.0104241096782794e-05,2.122547334954209e-06,1.987322000788117e-05,0.499281670416237,6.935296550282277e-09,0.4992816704162441,2.6320519398807075e-09,0.0014041591461476227,9.805874310262393e-08,2.9238684013396224e-07
Random1688
Raw:1.0104241096783009e-05,2.122547334954224e-06,1.987322000788131e-05,0.49928167041623345,6.935296550282327e-09,0.49928167041624766,2.6320519398807638e-09,0.0014041591461476327,9.805874310262601e-08,2.9238684013396436e-07
EFT:1.0104241096782794e-05,2.122547334954209e-06,1.987322000788117e-05,0.499281670416237,6.935296550282277e-09,0.4992816704162441,2.6320519398807075e-09,0.0014041591461476227,9.805874310262393e-08,2.9238684013396224e-07
Random1689
Raw:1.0104241096783009e-05,2.122547334954194e-06,1.9873220007881028e-05,0.49928167041623345,6.935296550282327e-09,0.49928167041624766,2.6320519398807638e-09,0.0014041591461476327,9.805874310262462e-08,2.9238684013396436e-07
EFT:1.0104241096782794e-05,2.122547334954209e-06,1.987322000788117e-05,0.499281670416237,6.935296550282277e-09,0.4992816704162441,2.6320519398807075e-09,0.0014041591461476227,9.805874310262393e-08,2.9238684013396224e-07
Random1690
Raw:1.0104241096782938e-05,2.122547334954209e-06,1.987322000788117e-05,0.499281670416237,6.9352965502823754e-09,0.4992816704162441,2.632051939880745e-09,0.0014041591461476227,9.805874310262532e-08,2.9238684013396637e-07
EFT:1.0104241096782794e-05,2.122547334954209e-06,1.987322000788117e-05,0.499281670416237,6.935296550282277e-09,0.4992816704162441,2.6320519398807075e-09,0.0014041591461476227,9.805874310262393e-08,2.9238684013396224e-07
Random1691
Raw:1.0104241096782938e-05,2.122547334954209e-06,1.987322000788117e-05,0.499281670416237,6.9352965502823754e-09,0.4992816704162441,2.632051939880745e-09,0.0014041591461476227,9.805874310262532e-08,2.9238684013396637e-07
EFT:1.0104241096782794e-05,2.122547334954209e-06,1.987322000788117e-05,0.499281670416237,6.935296550282277e-09,0.4992816704162441,2.6320519398807075e-09,0.0014041591461476227,9.805874310262393e-08,2.9238684013396224e-07
Random1692
Raw:1.0104241096782865e-05,2.122547334954194e-06,1.9873220007881028e-05,0.49928167041623345,6.935296550282228e-09,0.49928167041624766,2.632051939880726e-09,0.0014041591461476327,9.805874310262324e-08,2.923868401339602e-07
EFT:1.0104241096782794e-05,2.122547334954209e-06,1.987322000788117e-05,0.499281670416237,6.935296550282277e-09,0.4992816704162441,2.6320519398807075e-09,0.0014041591461476227,9.805874310262393e-08,2.9238684013396224e-07
Random1693
Raw:1.0104241096783009e-05,2.122547334954224e-06,1.987322000788131e-05,0.49928167041623345,6.935296550282327e-09,0.49928167041624766,2.6320519398807638e-09,0.0014041591461476327,9.805874310262462e-08,2.923868401339685e-07
EFT:1.0104241096782794e-05,2.122547334954209e-06,1.987322000788117e-05,0.499281670416237,6.935296550282277e-09,0.4992816704162441,2.6320519398807075e-09,0.0014041591461476227,9.805874310262393e-08,2.9238684013396224e-07
Random1694
Raw:1.0104241096782938e-05,2.122547334954209e-06,1.987322000788117e-05,0.499281670416237,6.9352965502823754e-09,0.4992816704162441,2.6320519398807824e-09,0.0014041591461476227,9.805874310262532e-08,2.9238684013396637e-07
EFT:1.0104241096782794e-05,2.122547334954209e-06,1.987322000788117e-05,0.499281670416237,6.935296550282277e-09,0.4992816704162441,2.6320519398807075e-09,0.0014041591461476227,9.805874310262393e-08,2.9238684013396224e-07
Random1695
Raw:1.0104241096782938e-05,2.122547334954209e-06,1.987322000788117e-05,0.499281670416237,6.9352965502823754e-09,0.4992816704162441,2.632051939880745e-09,0.0014041591461476227,9.805874310262393e-08,2.9238684013396637e-07
EFT:1.0104241096782794e-05,2.122547334954209e-06,1.987322000788117e-05,0.499281670416237,6.935296550282277e-09,0.4992816704162441,2.6320519398807075e-09,0.0014041591461476227,9.805874310262393e-08,2.9238684013396224e-07
Random1696
Raw:1.0104241096783009e-05,2.122547334954194e-06,1.9873220007881028e-05,0.49928167041623345,6.935296550282327e-09,0.49928167041624766,2.6320519398807638e-09,0.0014041591461476126,9.805874310262601e-08,2.9238684013396436e-07
EFT:1.0104241096782794e-05,2.122547334954209e-06,1.987322000788117e-05,0.499281670416237,6.935296550282277e-09,0.4992816704162441,2.6320519398807075e-09,0.0014041591461476227,9.805874310262393e-08,2.9238684013396224e-07
Random1697
Raw:1.0104241096782794e-05,2.122547334954209e-06,1.987322000788117e-05,0.499281670416237,6.935296550282277e-09,0.4992816704162441,2.6320519398807075e-09,0.0014041591461476227,9.805874310262393e-08,2.9238684013396224e-07
EFT:1.0104241096782794e-05,2.122547334954209e-06,1.987322000788117e-05,0.499281670416237,6.935296550282277e-09,0.4992816704162441,2.6320519398807075e-09,0.0014041591461476227,9.805874310262393e-08,2.9238684013396224e-07
Random1698
Raw:1.0104241096782938e-05,2.122547334954209e-06,1.987322000788117e-05,0.499281670416237,6.935296550282277e-09,0.4992816704162441,2.632051939880745e-09,0.0014041591461476227,9.805874310262532e-08,2.9238684013396224e-07
EFT:1.0104241096782794e-05,2.122547334954209e-06,1.987322000788117e-05,0.499281670416237,6.935296550282277e-09,0.4992816704162441,2.6320519398807075e-09,0.0014041591461476227,9.805874310262393e-08,2.9238684013396224e-07
Random1699
Raw:1.0104241096782867e-05,2.122547334954224e-06,1.987322000788131e-05,0.49928167041624055,6.935296550282326e-09,0.49928167041624055,2.6320519398807265e-09,0.0014041591461476327,9.805874310262462e-08,2.923868401339643e-07
EFT:1.0104241096782794e-05,2.122547334954209e-06,1.987322000788117e-05,0.499281670416237,6.935296550282277e-09,0.4992816704162441,2.6320519398807075e-09,0.0014041591461476227,9.805874310262393e-08,2.9238684013396224e-07
Random1700
Raw:1.0104241096782938e-05,2.122547334954209e-06,1.987322000788117e-05,0.499281670416237,6.935296550282277e-09,0.4992816704162441,2.632051939880745e-09,0.0014041591461476227,9.805874310262532e-08,2.9238684013396224e-07
EFT:1.0104241096782794e-05,2.122547334954209e-06,1.987322000788117e-05,0.499281670416237,6.935296550282277e-09,0.4992816704162441,2.6320519398807075e-09,0.0014041591461476227,9.805874310262393e-08,2.9238684013396224e-07
Random1701
Raw:1.0104241096782867e-05,2.122547334954224e-06,1.9873220007881028e-05,0.49928167041624055,6.935296550282326e-09,0.49928167041624055,2.6320519398807265e-09,0.0014041591461476327,9.805874310262602e-08,2.923868401339643e-07
EFT:1.0104241096782794e-05,2.122547334954209e-06,1.987322000788117e-05,0.499281670416237,6.935296550282277e-09,0.4992816704162441,2.6320519398807075e-09,0.0014041591461476227,9.805874310262393e-08,2.9238684013396224e-07
Random1702
Raw:1.0104241096782938e-05,2.122547334954209e-06,1.9873220007880885e-05,0.499281670416237,6.9352965502823754e-09,0.4992816704162441,2.6320519398807824e-09,0.0014041591461476227,9.805874310262532e-08,2.9238684013396637e-07
EFT:1.0104241096782794e-05,2.122547334954209e-06,1.987322000788117e-05,0.499281670416237,6.935296550282277e-09,0.4992816704162441,2.6320519398807075e-09,0.0014041591461476227,9.805874310262393e-08,2.9238684013396224e-07
Random1703
Raw:1.0104241096782867e-05,2.122547334954224e-06,1.987322000788131e-05,0.49928167041624055,6.935296550282326e-09,0.49928167041624055,2.6320519398807265e-09,0.0014041591461476327,9.805874310262323e-08,2.923868401339643e-07
EFT:1.0104241096782794e-05,2.122547334954209e-06,1.987322000788117e-05,0.499281670416237,6.935296550282277e-09,0.4992816704162441,2.6320519398807075e-09,0.0014041591461476227,9.805874310262393e-08,2.9238684013396224e-07
Random1704
Raw:1.0104241096782938e-05,2.122547334954209e-06,1.987322000788117e-05,0.499281670416237,6.935296550282277e-09,0.4992816704162441,2.632051939880745e-09,0.0014041591461476227,9.805874310262532e-08,2.9238684013396224e-07
EFT:1.0104241096782794e-05,2.122547334954209e-06,1.987322000788117e-05,0.499281670416237,6.935296550282277e-09,0.4992816704162441,2.6320519398807075e-09,0.0014041591461476227,9.805874310262393e-08,2.9238684013396224e-07
Random1705
Raw:1.0104241096782938e-05,2.122547334954239e-06,1.9873220007880885e-05,0.499281670416237,6.935296550282277e-09,0.4992816704162441,2.632051939880745e-09,0.0014041591461476227,9.805874310262532e-08,2.9238684013396224e-07
EFT:1.0104241096782794e-05,2.122547334954209e-06,1.987322000788117e-05,0.499281670416237,6.935296550282277e-09,0.4992816704162441,2.6320519398807075e-09,0.0014041591461476227,9.805874310262393e-08,2.9238684013396224e-07
Random1706
Raw:1.0104241096783009e-05,2.122547334954224e-06,1.987322000788131e-05,0.49928167041623345,6.935296550282424e-09,0.49928167041624766,2.6320519398807638e-09,0.0014041591461476327,9.805874310262601e-08,2.923868401339685e-07
EFT:1.0104241096782794e-05,2.122547334954209e-06,1.987322000788117e-05,0.499281670416237,6.935296550282277e-09,0.4992816704162441,2.6320519398807075e-09,0.0014041591461476227,9.805874310262393e-08,2.9238684013396224e-07
Random1707
Raw:1.0104241096782938e-05,2.122547334954239e-06,1.987322000788145e-05,0.499281670416237,6.935296550282277e-09,0.4992816704162441,2.632051939880745e-09,0.0014041591461476227,9.805874310262532e-08,2.9238684013396224e-07
EFT:1.0104241096782794e-05,2.122547334954209e-06,1.987322000788117e-05,0.499281670416237,6.935296550282277e-09,0.4992816704162441,2.6320519398807075e-09,0.0014041591461476227,9.805874310262393e-08,2.9238684013396224e-07
Random1708
Raw:1.0104241096782938e-05,2.122547334954209e-06,1.987322000788117e-05,0.499281670416237,6.935296550282277e-09,0.4992816704162441,2.632051939880745e-09,0.0014041591461476427,9.805874310262393e-08,2.9238684013396224e-07
EFT:1.0104241096782794e-05,2.122547334954209e-06,1.987322000788117e-05,0.499281670416237,6.935296550282277e-09,0.4992816704162441,2.6320519398807075e-09,0.0014041591461476227,9.805874310262393e-08,2.9238684013396224e-07
Random1709
Raw:1.0104241096782867e-05,2.122547334954194e-06,1.9873220007881028e-05,0.49928167041624055,6.935296550282228e-09,0.49928167041624055,2.632051939880689e-09,0.0014041591461476327,9.805874310262323e-08,2.923868401339602e-07
EFT:1.0104241096782794e-05,2.122547334954209e-06,1.987322000788117e-05,0.499281670416237,6.935296550282277e-09,0.4992816704162441,2.6320519398807075e-09,0.0014041591461476227,9.805874310262393e-08,2.9238684013396224e-07
Random1710
Raw:1.0104241096782938e-05,2.122547334954239e-06,1.987322000788145e-05,0.499281670416237,6.935296550282277e-09,0.4992816704162441,2.632051939880745e-09,0.0014041591461476427,9.805874310262532e-08,2.9238684013396224e-07
EFT:1.0104241096782794e-05,2.122547334954209e-06,1.987322000788117e-05,0.499281670416237,6.935296550282277e-09,0.4992816704162441,2.6320519398807075e-09,0.0014041591461476227,9.805874310262393e-08,2.9238684013396224e-07
Random1711
Raw:1.0104241096782938e-05,2.122547334954209e-06,1.987322000788117e-05,0.499281670416237,6.9352965502823754e-09,0.4992816704162441,2.632051939880745e-09,0.0014041591461476227,9.805874310262532e-08,2.9238684013396637e-07
EFT:1.0104241096782794e-05,2.122547334954209e-06,1.987322000788117e-05,0.499281670416237,6.935296550282277e-09,0.4992816704162441,2.6320519398807075e-09,0.0014041591461476227,9.805874310262393e-08,2.9238684013396224e-07
Random1712
Raw:1.0104241096782938e-05,2.122547334954209e-06,1.987322000788117e-05,0.499281670416237,6.935296550282277e-09,0.4992816704162441,2.632051939880745e-09,0.0014041591461476227,9.805874310262532e-08,2.9238684013396224e-07
EFT:1.0104241096782794e-05,2.122547334954209e-06,1.987322000788117e-05,0.499281670416237,6.935296550282277e-09,0.4992816704162441,2.6320519398807075e-09,0.0014041591461476227,9.805874310262393e-08,2.9238684013396224e-07
Random1713
Raw:1.0104241096782938e-05,2.1225473349541788e-06,1.9873220007880885e-05,0.499281670416237,6.935296550282277e-09,0.4992816704162441,2.632051939880745e-09,0.0014041591461476026,9.805874310262532e-08,2.9238684013396224e-07
EFT:1.0104241096782794e-05,2.122547334954209e-06,1.987322000788117e-05,0.499281670416237,6.935296550282277e-09,0.4992816704162441,2.6320519398807075e-09,0.0014041591461476227,9.805874310262393e-08,2.9238684013396224e-07
Random1714
Raw:1.0104241096782938e-05,2.122547334954239e-06,1.987322000788145e-05,0.499281670416237,6.935296550282277e-09,0.4992816704162441,2.632051939880745e-09,0.0014041591461476427,9.805874310262393e-08,2.9238684013396637e-07
EFT:1.0104241096782794e-05,2.122547334954209e-06,1.987322000788117e-05,0.499281670416237,6.935296550282277e-09,0.4992816704162441,2.6320519398807075e-09,0.0014041591461476227,9.805874310262393e-08,2.9238684013396224e-07
Random1715
Raw:1.0104241096782867e-05,2.122547334954224e-06,1.987322000788131e-05,0.49928167041624055,6.935296550282326e-09,0.49928167041624055,2.6320519398807265e-09,0.0014041591461476128,9.805874310262462e-08,2.923868401339643e-07
EFT:1.0104241096782794e-05,2.122547334954209e-06,1.987322000788117e-05,0.499281670416237,6.935296550282277e-09,0.4992816704162441,2.6320519398807075e-09,0.0014041591461476227,9.805874310262393e-08,2.9238684013396224e-07
Random1716
Raw:1.0104241096782867e-05,2.1225473349542546e-06,1.987322000788131e-05,0.49928167041624055,6.935296550282326e-09,0.49928167041624055,2.6320519398807638e-09,0.0014041591461476327,9.805874310262462e-08,2.923868401339643e-07
EFT:1.0104241096782794e-05,2.122547334954209e-06,1.987322000788117e-05,0.499281670416237,6.935296550282277e-09,0.4992816704162441,2.6320519398807075e-09,0.0014041591461476227,9.805874310262393e-08,2.9238684013396224e-07
Random1717
Raw:1.0104241096782867e-05,2.122547334954224e-06,1.987322000788131e-05,0.49928167041624055,6.935296550282326e-09,0.49928167041624055,2.6320519398807265e-09,0.0014041591461476327,9.805874310262323e-08,2.923868401339643e-07
EFT:1.0104241096782794e-05,2.122547334954209e-06,1.987322000788117e-05,0.499281670416237,6.935296550282277e-09,0.4992816704162441,2.6320519398807075e-09,0.0014041591461476227,9.805874310262393e-08,2.9238684013396224e-07
Random1718
Raw:1.0104241096782867e-05,2.122547334954224e-06,1.9873220007881028e-05,0.49928167041624055,6.935296550282326e-09,0.49928167041624055,2.6320519398807265e-09,0.0014041591461476327,9.805874310262602e-08,2.923868401339643e-07
EFT:1.0104241096782794e-05,2.122547334954209e-06,1.987322000788117e-05,0.499281670416237,6.935296550282277e-09,0.4992816704162441,2.6320519398807075e-09,0.0014041591461476227,9.805874310262393e-08,2.9238684013396224e-07
Random1719
Raw:1.0104241096782794e-05,2.122547334954209e-06,1.987322000788117e-05,0.499281670416237,6.9352965502821786e-09,0.4992816704162441,2.6320519398807075e-09,0.0014041591461476026,9.805874310262393e-08,2.9238684013396224e-07
EFT:1.0104241096782794e-05,2.122547334954209e-06,1.987322000788117e-05,0.499281670416237,6.935296550282277e-09,0.4992816704162441,2.6320519398807075e-09,0.0014041591461476227,9.805874310262393e-08,2.9238684013396224e-07
Random1720
Raw:1.0104241096782867e-05,2.122547334954224e-06,1.987322000788131e-05,0.49928167041624055,6.935296550282326e-09,0.49928167041624055,2.6320519398807265e-09,0.0014041591461476128,9.805874310262462e-08,2.923868401339643e-07
EFT:1.0104241096782794e-05,2.122547334954209e-06,1.987322000788117e-05,0.499281670416237,6.935296550282277e-09,0.4992816704162441,2.6320519398807075e-09,0.0014041591461476227,9.805874310262393e-08,2.9238684013396224e-07
Random1721
Raw:1.0104241096783009e-05,2.122547334954194e-06,1.9873220007881028e-05,0.49928167041623345,6.935296550282327e-09,0.49928167041624766,2.6320519398807638e-09,0.0014041591461476327,9.805874310262462e-08,2.9238684013396436e-07
EFT:1.0104241096782794e-05,2.122547334954209e-06,1.987322000788117e-05,0.499281670416237,6.935296550282277e-09,0.4992816704162441,2.6320519398807075e-09,0.0014041591461476227,9.805874310262393e-08,2.9238684013396224e-07
Random1722
Raw:1.0104241096782938e-05,2.122547334954209e-06,1.987322000788117e-05,0.499281670416237,6.935296550282277e-09,0.4992816704162441,2.632051939880745e-09,0.0014041591461476427,9.805874310262393e-08,2.9238684013396224e-07
EFT:1.0104241096782794e-05,2.122547334954209e-06,1.987322000788117e-05,0.499281670416237,6.935296550282277e-09,0.4992816704162441,2.6320519398807075e-09,0.0014041591461476227,9.805874310262393e-08,2.9238684013396224e-07
Random1723
Raw:1.0104241096783009e-05,2.122547334954194e-06,1.9873220007881028e-05,0.49928167041623345,6.935296550282327e-09,0.49928167041624766,2.6320519398807638e-09,0.0014041591461476327,9.805874310262462e-08,2.9238684013396436e-07
EFT:1.0104241096782794e-05,2.122547334954209e-06,1.987322000788117e-05,0.499281670416237,6.935296550282277e-09,0.4992816704162441,2.6320519398807075e-09,0.0014041591461476227,9.805874310262393e-08,2.9238684013396224e-07
Random1724
Raw:1.0104241096782723e-05,2.122547334954194e-06,1.9873220007881028e-05,0.49928167041624055,6.935296550282228e-09,0.49928167041624055,2.6320519398806513e-09,0.0014041591461476128,9.805874310262323e-08,2.923868401339602e-07
EFT:1.0104241096782794e-05,2.122547334954209e-06,1.987322000788117e-05,0.499281670416237,6.935296550282277e-09,0.4992816704162441,2.6320519398807075e-09,0.0014041591461476227,9.805874310262393e-08,2.9238684013396224e-07
Random1725
Raw:1.0104241096782938e-05,2.122547334954209e-06,1.987322000788117e-05,0.499281670416237,6.935296550282277e-09,0.4992816704162441,2.632051939880745e-09,0.0014041591461476427,9.805874310262393e-08,2.9238684013396224e-07
EFT:1.0104241096782794e-05,2.122547334954209e-06,1.987322000788117e-05,0.499281670416237,6.935296550282277e-09,0.4992816704162441,2.6320519398807075e-09,0.0014041591461476227,9.805874310262393e-08,2.9238684013396224e-07
Random1726
Raw:1.0104241096783009e-05,2.122547334954224e-06,1.987322000788131e-05,0.49928167041623345,6.935296550282327e-09,0.49928167041624766,2.6320519398807638e-09,0.0014041591461476327,9.805874310262462e-08,2.923868401339685e-07
EFT:1.0104241096782794e-05,2.122547334954209e-06,1.987322000788117e-05,0.499281670416237,6.935296550282277e-09,0.4992816704162441,2.6320519398807075e-09,0.0014041591461476227,9.805874310262393e-08,2.9238684013396224e-07
Random1727
Raw:1.0104241096783009e-05,2.122547334954224e-06,1.987322000788131e-05,0.49928167041623345,6.935296550282327e-09,0.49928167041624766,2.6320519398807638e-09,0.0014041591461476327,9.805874310262601e-08,2.9238684013396436e-07
EFT:1.0104241096782794e-05,2.122547334954209e-06,1.987322000788117e-05,0.499281670416237,6.935296550282277e-09,0.4992816704162441,2.6320519398807075e-09,0.0014041591461476227,9.805874310262393e-08,2.9238684013396224e-07
Random1728
Raw:1.0104241096782867e-05,2.122547334954194e-06,1.9873220007881028e-05,0.49928167041624055,6.935296550282326e-09,0.49928167041624055,2.6320519398807265e-09,0.0014041591461476128,9.805874310262602e-08,2.923868401339643e-07
EFT:1.0104241096782794e-05,2.122547334954209e-06,1.987322000788117e-05,0.499281670416237,6.935296550282277e-09,0.4992816704162441,2.6320519398807075e-09,0.0014041591461476227,9.805874310262393e-08,2.9238684013396224e-07
Random1729
Raw:1.0104241096783009e-05,2.122547334954194e-06,1.9873220007881028e-05,0.49928167041623345,6.935296550282327e-09,0.49928167041624766,2.6320519398807638e-09,0.0014041591461476327,9.805874310262462e-08,2.9238684013396436e-07
EFT:1.0104241096782794e-05,2.122547334954209e-06,1.987322000788117e-05,0.499281670416237,6.935296550282277e-09,0.4992816704162441,2.6320519398807075e-09,0.0014041591461476227,9.805874310262393e-08,2.9238684013396224e-07
Random1730
Raw:1.0104241096782938e-05,2.122547334954239e-06,1.9873220007880885e-05,0.499281670416237,6.9352965502823754e-09,0.4992816704162441,2.63205193988082e-09,0.0014041591461476227,9.805874310262532e-08,2.9238684013396637e-07
EFT:1.0104241096782794e-05,2.122547334954209e-06,1.987322000788117e-05,0.499281670416237,6.935296550282277e-09,0.4992816704162441,2.6320519398807075e-09,0.0014041591461476227,9.805874310262393e-08,2.9238684013396224e-07
Random1731
Raw:1.0104241096782723e-05,2.122547334954194e-06,1.9873220007881028e-05,0.49928167041624055,6.93529655028213e-09,0.49928167041624055,2.6320519398806513e-09,0.0014041591461476128,9.805874310262323e-08,2.923868401339602e-07
EFT:1.0104241096782794e-05,2.122547334954209e-06,1.987322000788117e-05,0.499281670416237,6.935296550282277e-09,0.4992816704162441,2.6320519398807075e-09,0.0014041591461476227,9.805874310262393e-08,2.9238684013396224e-07
Random1732
Raw:1.0104241096782938e-05,2.122547334954209e-06,1.987322000788117e-05,0.499281670416237,6.9352965502823754e-09,0.4992816704162441,2.632051939880745e-09,0.0014041591461476227,9.805874310262532e-08,2.9238684013396637e-07
EFT:1.0104241096782794e-05,2.122547334954209e-06,1.987322000788117e-05,0.499281670416237,6.935296550282277e-09,0.4992816704162441,2.6320519398807075e-09,0.0014041591461476227,9.805874310262393e-08,2.9238684013396224e-07
Random1733
Raw:1.0104241096782865e-05,2.122547334954194e-06,1.9873220007880747e-05,0.49928167041623345,6.935296550282228e-09,0.49928167041624766,2.632051939880726e-09,0.0014041591461476126,9.805874310262462e-08,2.923868401339602e-07
EFT:1.0104241096782794e-05,2.122547334954209e-06,1.987322000788117e-05,0.499281670416237,6.935296550282277e-09,0.4992816704162441,2.6320519398807075e-09,0.0014041591461476227,9.805874310262393e-08,2.9238684013396224e-07
Random1734
Raw:1.0104241096782794e-05,2.122547334954209e-06,1.987322000788117e-05,0.499281670416237,6.9352965502821786e-09,0.4992816704162441,2.632051939880745e-09,0.0014041591461476227,9.805874310262254e-08,2.9238684013396224e-07
EFT:1.0104241096782794e-05,2.122547334954209e-06,1.987322000788117e-05,0.499281670416237,6.935296550282277e-09,0.4992816704162441,2.6320519398807075e-09,0.0014041591461476227,9.805874310262393e-08,2.9238684013396224e-07
Random1735
Raw:1.0104241096782867e-05,2.122547334954194e-06,1.9873220007881028e-05,0.49928167041624055,6.935296550282228e-09,0.49928167041624055,2.632051939880689e-09,0.0014041591461476327,9.805874310262323e-08,2.923868401339602e-07
EFT:1.0104241096782794e-05,2.122547334954209e-06,1.987322000788117e-05,0.499281670416237,6.935296550282277e-09,0.4992816704162441,2.6320519398807075e-09,0.0014041591461476227,9.805874310262393e-08,2.9238684013396224e-07
Random1736
Raw:1.0104241096782938e-05,2.122547334954209e-06,1.987322000788117e-05,0.499281670416237,6.9352965502823754e-09,0.4992816704162441,2.632051939880745e-09,0.0014041591461476227,9.805874310262532e-08,2.9238684013396637e-07
EFT:1.0104241096782794e-05,2.122547334954209e-06,1.987322000788117e-05,0.499281670416237,6.935296550282277e-09,0.4992816704162441,2.6320519398807075e-09,0.0014041591461476227,9.805874310262393e-08,2.9238684013396224e-07
Random1737
Raw:1.0104241096782794e-05,2.122547334954209e-06,1.987322000788117e-05,0.499281670416237,6.9352965502821786e-09,0.4992816704162441,2.6320519398807075e-09,0.0014041591461476227,9.805874310262393e-08,2.9238684013396224e-07
EFT:1.0104241096782794e-05,2.122547334954209e-06,1.987322000788117e-05,0.499281670416237,6.935296550282277e-09,0.4992816704162441,2.6320519398807075e-09,0.0014041591461476227,9.805874310262393e-08,2.9238684013396224e-07
Random1738
Raw:1.0104241096782867e-05,2.122547334954194e-06,1.9873220007881028e-05,0.49928167041624055,6.935296550282326e-09,0.49928167041624055,2.6320519398807265e-09,0.0014041591461476128,9.805874310262602e-08,2.923868401339643e-07
EFT:1.0104241096782794e-05,2.122547334954209e-06,1.987322000788117e-05,0.499281670416237,6.935296550282277e-09,0.4992816704162441,2.6320519398807075e-09,0.0014041591461476227,9.805874310262393e-08,2.9238684013396224e-07
Random1739
Raw:1.0104241096782867e-05,2.122547334954224e-06,1.987322000788131e-05,0.49928167041624055,6.935296550282326e-09,0.49928167041624055,2.6320519398807638e-09,0.0014041591461476327,9.805874310262462e-08,2.923868401339643e-07
EFT:1.0104241096782794e-05,2.122547334954209e-06,1.987322000788117e-05,0.499281670416237,6.935296550282277e-09,0.4992816704162441,2.6320519398807075e-09,0.0014041591461476227,9.805874310262393e-08,2.9238684013396224e-07
Random1740
Raw:1.0104241096783009e-05,2.122547334954224e-06,1.987322000788131e-05,0.49928167041623345,6.935296550282327e-09,0.49928167041624766,2.6320519398807638e-09,0.0014041591461476327,9.805874310262462e-08,2.923868401339685e-07
EFT:1.0104241096782794e-05,2.122547334954209e-06,1.987322000788117e-05,0.499281670416237,6.935296550282277e-09,0.4992816704162441,2.6320519398807075e-09,0.0014041591461476227,9.805874310262393e-08,2.9238684013396224e-07
Random1741
Raw:1.0104241096782794e-05,2.1225473349541788e-06,1.9873220007880885e-05,0.499281670416237,6.935296550282277e-09,0.4992816704162441,2.632051939880745e-09,0.0014041591461476026,9.805874310262254e-08,2.9238684013396224e-07
EFT:1.0104241096782794e-05,2.122547334954209e-06,1.987322000788117e-05,0.499281670416237,6.935296550282277e-09,0.4992816704162441,2.6320519398807075e-09,0.0014041591461476227,9.805874310262393e-08,2.9238684013396224e-07
Random1742
Raw:1.0104241096782938e-05,2.122547334954239e-06,1.987322000788145e-05,0.499281670416237,6.935296550282277e-09,0.4992816704162441,2.632051939880745e-09,0.0014041591461476427,9.805874310262393e-08,2.9238684013396637e-07
EFT:1.0104241096782794e-05,2.122547334954209e-06,1.987322000788117e-05,0.499281670416237,6.935296550282277e-09,0.4992816704162441,2.6320519398807075e-09,0.0014041591461476227,9.805874310262393e-08,2.9238684013396224e-07
Random1743
Raw:1.0104241096782794e-05,2.122547334954209e-06,1.987322000788117e-05,0.499281670416237,6.935296550282277e-09,0.4992816704162441,2.6320519398807075e-09,0.0014041591461476227,9.805874310262393e-08,2.9238684013396224e-07
EFT:1.0104241096782794e-05,2.122547334954209e-06,1.987322000788117e-05,0.499281670416237,6.935296550282277e-09,0.4992816704162441,2.6320519398807075e-09,0.0014041591461476227,9.805874310262393e-08,2.9238684013396224e-07
Random1744
Raw:1.0104241096782938e-05,2.122547334954209e-06,1.9873220007880885e-05,0.499281670416237,6.935296550282277e-09,0.4992816704162441,2.632051939880745e-09,0.0014041591461476227,9.805874310262393e-08,2.9238684013396224e-07
EFT:1.0104241096782794e-05,2.122547334954209e-06,1.987322000788117e-05,0.499281670416237,6.935296550282277e-09,0.4992816704162441,2.6320519398807075e-09,0.0014041591461476227,9.805874310262393e-08,2.9238684013396224e-07
Random1745
Raw:1.0104241096782938e-05,2.122547334954209e-06,1.987322000788117e-05,0.499281670416237,6.9352965502823754e-09,0.4992816704162441,2.632051939880745e-09,0.0014041591461476227,9.805874310262532e-08,2.9238684013396637e-07
EFT:1.0104241096782794e-05,2.122547334954209e-06,1.987322000788117e-05,0.499281670416237,6.935296550282277e-09,0.4992816704162441,2.6320519398807075e-09,0.0014041591461476227,9.805874310262393e-08,2.9238684013396224e-07
Random1746
Raw:1.0104241096782723e-05,2.122547334954194e-06,1.9873220007881028e-05,0.49928167041624055,6.93529655028213e-09,0.49928167041624055,2.632051939880689e-09,0.0014041591461476128,9.805874310262184e-08,2.923868401339602e-07
EFT:1.0104241096782794e-05,2.122547334954209e-06,1.987322000788117e-05,0.499281670416237,6.935296550282277e-09,0.4992816704162441,2.6320519398807075e-09,0.0014041591461476227,9.805874310262393e-08,2.9238684013396224e-07
Random1747
Raw:1.0104241096783009e-05,2.122547334954194e-06,1.9873220007881028e-05,0.49928167041623345,6.935296550282327e-09,0.49928167041624766,2.6320519398807638e-09,0.0014041591461476126,9.805874310262601e-08,2.9238684013396436e-07
EFT:1.0104241096782794e-05,2.122547334954209e-06,1.987322000788117e-05,0.499281670416237,6.935296550282277e-09,0.4992816704162441,2.6320519398807075e-09,0.0014041591461476227,9.805874310262393e-08,2.9238684013396224e-07
Random1748
Raw:1.0104241096783009e-05,2.122547334954224e-06,1.9873220007881028e-05,0.49928167041623345,6.935296550282327e-09,0.49928167041624766,2.6320519398807638e-09,0.0014041591461476327,9.805874310262601e-08,2.9238684013396436e-07
EFT:1.0104241096782794e-05,2.122547334954209e-06,1.987322000788117e-05,0.499281670416237,6.935296550282277e-09,0.4992816704162441,2.6320519398807075e-09,0.0014041591461476227,9.805874310262393e-08,2.9238684013396224e-07
Random1749
Raw:1.0104241096782938e-05,2.122547334954239e-06,1.987322000788117e-05,0.499281670416237,6.935296550282277e-09,0.4992816704162441,2.632051939880745e-09,0.0014041591461476227,9.805874310262532e-08,2.9238684013396224e-07
EFT:1.0104241096782794e-05,2.122547334954209e-06,1.987322000788117e-05,0.499281670416237,6.935296550282277e-09,0.4992816704162441,2.6320519398807075e-09,0.0014041591461476227,9.805874310262393e-08,2.9238684013396224e-07
Random1750
Raw:1.0104241096782794e-05,2.122547334954209e-06,1.987322000788117e-05,0.499281670416237,6.9352965502821786e-09,0.4992816704162441,2.632051939880745e-09,0.0014041591461476227,9.805874310262254e-08,2.9238684013396224e-07
EFT:1.0104241096782794e-05,2.122547334954209e-06,1.987322000788117e-05,0.499281670416237,6.935296550282277e-09,0.4992816704162441,2.6320519398807075e-09,0.0014041591461476227,9.805874310262393e-08,2.9238684013396224e-07
Random1751
Raw:1.0104241096782794e-05,2.122547334954209e-06,1.9873220007880885e-05,0.499281670416237,6.935296550282277e-09,0.4992816704162441,2.6320519398807075e-09,0.0014041591461476026,9.805874310262393e-08,2.9238684013396224e-07
EFT:1.0104241096782794e-05,2.122547334954209e-06,1.987322000788117e-05,0.499281670416237,6.935296550282277e-09,0.4992816704162441,2.6320519398807075e-09,0.0014041591461476227,9.805874310262393e-08,2.9238684013396224e-07
Random1752
Raw:1.0104241096782867e-05,2.122547334954194e-06,1.9873220007881028e-05,0.49928167041624055,6.935296550282326e-09,0.49928167041624055,2.6320519398807265e-09,0.0014041591461476128,9.805874310262323e-08,2.923868401339643e-07
EFT:1.0104241096782794e-05,2.122547334954209e-06,1.987322000788117e-05,0.499281670416237,6.935296550282277e-09,0.4992816704162441,2.6320519398807075e-09,0.0014041591461476227,9.805874310262393e-08,2.9238684013396224e-07
Random1753
Raw:1.0104241096782938e-05,2.122547334954239e-06,1.987322000788117e-05,0.499281670416237,6.935296550282277e-09,0.4992816704162441,2.632051939880745e-09,0.0014041591461476427,9.805874310262532e-08,2.9238684013396224e-07
EFT:1.0104241096782794e-05,2.122547334954209e-06,1.987322000788117e-05,0.499281670416237,6.935296550282277e-09,0.4992816704162441,2.6320519398807075e-09,0.0014041591461476227,9.805874310262393e-08,2.9238684013396224e-07
Random1754
Raw:1.0104241096782938e-05,2.122547334954209e-06,1.987322000788117e-05,0.499281670416237,6.935296550282277e-09,0.4992816704162441,2.632051939880745e-09,0.0014041591461476227,9.805874310262532e-08,2.9238684013396224e-07
EFT:1.0104241096782794e-05,2.122547334954209e-06,1.987322000788117e-05,0.499281670416237,6.935296550282277e-09,0.4992816704162441,2.6320519398807075e-09,0.0014041591461476227,9.805874310262393e-08,2.9238684013396224e-07
Random1755
Raw:1.0104241096782867e-05,2.122547334954224e-06,1.987322000788131e-05,0.49928167041624055,6.935296550282326e-09,0.49928167041624055,2.6320519398807265e-09,0.0014041591461476327,9.805874310262462e-08,2.923868401339643e-07
EFT:1.0104241096782794e-05,2.122547334954209e-06,1.987322000788117e-05,0.499281670416237,6.935296550282277e-09,0.4992816704162441,2.6320519398807075e-09,0.0014041591461476227,9.805874310262393e-08,2.9238684013396224e-07
Random1756
Raw:1.0104241096782867e-05,2.122547334954224e-06,1.9873220007881028e-05,0.49928167041624055,6.935296550282326e-09,0.49928167041624055,2.6320519398807265e-09,0.0014041591461476128,9.805874310262462e-08,2.923868401339643e-07
EFT:1.0104241096782794e-05,2.122547334954209e-06,1.987322000788117e-05,0.499281670416237,6.935296550282277e-09,0.4992816704162441,2.6320519398807075e-09,0.0014041591461476227,9.805874310262393e-08,2.9238684013396224e-07
Random1757
Raw:1.0104241096782938e-05,2.122547334954239e-06,1.987322000788145e-05,0.499281670416237,6.935296550282277e-09,0.4992816704162441,2.632051939880745e-09,0.0014041591461476427,9.805874310262532e-08,2.9238684013396224e-07
EFT:1.0104241096782794e-05,2.122547334954209e-06,1.987322000788117e-05,0.499281670416237,6.935296550282277e-09,0.4992816704162441,2.6320519398807075e-09,0.0014041591461476227,9.805874310262393e-08,2.9238684013396224e-07
Random1758
Raw:1.0104241096782938e-05,2.122547334954239e-06,1.987322000788145e-05,0.499281670416237,6.935296550282277e-09,0.4992816704162441,2.632051939880745e-09,0.0014041591461476427,9.805874310262532e-08,2.9238684013396224e-07
EFT:1.0104241096782794e-05,2.122547334954209e-06,1.987322000788117e-05,0.499281670416237,6.935296550282277e-09,0.4992816704162441,2.6320519398807075e-09,0.0014041591461476227,9.805874310262393e-08,2.9238684013396224e-07
Random1759
Raw:1.0104241096783082e-05,2.122547334954239e-06,1.987322000788145e-05,0.499281670416237,6.935296550282475e-09,0.4992816704162441,2.6320519398807824e-09,0.0014041591461476427,9.805874310262532e-08,2.9238684013396637e-07
EFT:1.0104241096782794e-05,2.122547334954209e-06,1.987322000788117e-05,0.499281670416237,6.935296550282277e-09,0.4992816704162441,2.6320519398807075e-09,0.0014041591461476227,9.805874310262393e-08,2.9238684013396224e-07
Random1760
Raw:1.0104241096782938e-05,2.122547334954209e-06,1.987322000788117e-05,0.499281670416237,6.9352965502823754e-09,0.4992816704162441,2.632051939880745e-09,0.0014041591461476227,9.805874310262672e-08,2.9238684013396637e-07
EFT:1.0104241096782794e-05,2.122547334954209e-06,1.987322000788117e-05,0.499281670416237,6.935296550282277e-09,0.4992816704162441,2.6320519398807075e-09,0.0014041591461476227,9.805874310262393e-08,2.9238684013396224e-07
Random1761
Raw:1.0104241096782938e-05,2.122547334954209e-06,1.987322000788117e-05,0.499281670416237,6.9352965502823754e-09,0.4992816704162441,2.632051939880745e-09,0.0014041591461476227,9.805874310262532e-08,2.9238684013396637e-07
EFT:1.0104241096782794e-05,2.122547334954209e-06,1.987322000788117e-05,0.499281670416237,6.935296550282277e-09,0.4992816704162441,2.6320519398807075e-09,0.0014041591461476227,9.805874310262393e-08,2.9238684013396224e-07
Random1762
Raw:1.0104241096782938e-05,2.122547334954239e-06,1.987322000788145e-05,0.499281670416237,6.935296550282277e-09,0.4992816704162441,2.632051939880745e-09,0.0014041591461476427,9.805874310262532e-08,2.9238684013396224e-07
EFT:1.0104241096782794e-05,2.122547334954209e-06,1.987322000788117e-05,0.499281670416237,6.935296550282277e-09,0.4992816704162441,2.6320519398807075e-09,0.0014041591461476227,9.805874310262393e-08,2.9238684013396224e-07
Random1763
Raw:1.0104241096782867e-05,2.122547334954224e-06,1.9873220007881028e-05,0.49928167041624055,6.935296550282228e-09,0.49928167041624055,2.632051939880689e-09,0.0014041591461476327,9.805874310262462e-08,2.923868401339602e-07
EFT:1.0104241096782794e-05,2.122547334954209e-06,1.987322000788117e-05,0.499281670416237,6.935296550282277e-09,0.4992816704162441,2.6320519398807075e-09,0.0014041591461476227,9.805874310262393e-08,2.9238684013396224e-07
Random1764
Raw:1.0104241096782794e-05,2.122547334954209e-06,1.987322000788117e-05,0.499281670416237,6.9352965502821786e-09,0.4992816704162441,2.6320519398807075e-09,0.0014041591461476227,9.805874310262393e-08,2.9238684013396224e-07
EFT:1.0104241096782794e-05,2.122547334954209e-06,1.987322000788117e-05,0.499281670416237,6.935296550282277e-09,0.4992816704162441,2.6320519398807075e-09,0.0014041591461476227,9.805874310262393e-08,2.9238684013396224e-07
Random1765
Raw:1.0104241096783082e-05,2.122547334954239e-06,1.9873220007881167e-05,0.4992816704162299,6.9352965502823754e-09,0.49928167041625116,2.6320519398808196e-09,0.0014041591461476225,9.805874310262671e-08,2.923868401339664e-07
EFT:1.0104241096782794e-05,2.122547334954209e-06,1.987322000788117e-05,0.499281670416237,6.935296550282277e-09,0.4992816704162441,2.6320519398807075e-09,0.0014041591461476227,9.805874310262393e-08,2.9238684013396224e-07
Random1766
Raw:1.0104241096783082e-05,2.122547334954239e-06,1.9873220007881167e-05,0.4992816704162299,6.935296550282474e-09,0.49928167041625116,2.6320519398808196e-09,0.0014041591461476225,9.805874310262671e-08,2.9238684013397055e-07
EFT:1.0104241096782794e-05,2.122547334954209e-06,1.987322000788117e-05,0.499281670416237,6.935296550282277e-09,0.4992816704162441,2.6320519398807075e-09,0.0014041591461476227,9.805874310262393e-08,2.9238684013396224e-07
Random1767
Raw:1.0104241096782938e-05,2.122547334954209e-06,1.987322000788117e-05,0.499281670416237,6.9352965502823754e-09,0.4992816704162441,2.632051939880745e-09,0.0014041591461476227,9.805874310262532e-08,2.9238684013396637e-07
EFT:1.0104241096782794e-05,2.122547334954209e-06,1.987322000788117e-05,0.499281670416237,6.935296550282277e-09,0.4992816704162441,2.6320519398807075e-09,0.0014041591461476227,9.805874310262393e-08,2.9238684013396224e-07
Random1768
Raw:1.0104241096782938e-05,2.122547334954239e-06,1.987322000788145e-05,0.499281670416237,6.935296550282277e-09,0.4992816704162441,2.632051939880745e-09,0.0014041591461476427,9.805874310262532e-08,2.9238684013396224e-07
EFT:1.0104241096782794e-05,2.122547334954209e-06,1.987322000788117e-05,0.499281670416237,6.935296550282277e-09,0.4992816704162441,2.6320519398807075e-09,0.0014041591461476227,9.805874310262393e-08,2.9238684013396224e-07
Random1769
Raw:1.0104241096782867e-05,2.122547334954224e-06,1.987322000788131e-05,0.49928167041624055,6.935296550282326e-09,0.49928167041624055,2.6320519398807265e-09,0.0014041591461476327,9.805874310262462e-08,2.923868401339643e-07
EFT:1.0104241096782794e-05,2.122547334954209e-06,1.987322000788117e-05,0.499281670416237,6.935296550282277e-09,0.4992816704162441,2.6320519398807075e-09,0.0014041591461476227,9.805874310262393e-08,2.9238684013396224e-07
Random1770
Raw:1.0104241096782794e-05,2.122547334954209e-06,1.987322000788117e-05,0.499281670416237,6.935296550282277e-09,0.4992816704162441,2.6320519398807075e-09,0.0014041591461476227,9.805874310262393e-08,2.9238684013396224e-07
EFT:1.0104241096782794e-05,2.122547334954209e-06,1.987322000788117e-05,0.499281670416237,6.935296550282277e-09,0.4992816704162441,2.6320519398807075e-09,0.0014041591461476227,9.805874310262393e-08,2.9238684013396224e-07
Random1771
Raw:1.0104241096782938e-05,2.122547334954239e-06,1.987322000788145e-05,0.499281670416237,6.935296550282277e-09,0.4992816704162441,2.632051939880745e-09,0.0014041591461476427,9.805874310262532e-08,2.9238684013396224e-07
EFT:1.0104241096782794e-05,2.122547334954209e-06,1.987322000788117e-05,0.499281670416237,6.935296550282277e-09,0.4992816704162441,2.6320519398807075e-09,0.0014041591461476227,9.805874310262393e-08,2.9238684013396224e-07
Random1772
Raw:1.0104241096782938e-05,2.1225473349541788e-06,1.9873220007880885e-05,0.4992816704162299,6.935296550282277e-09,0.49928167041625116,2.632051939880745e-09,0.0014041591461476225,9.805874310262393e-08,2.9238684013396224e-07
EFT:1.0104241096782794e-05,2.122547334954209e-06,1.987322000788117e-05,0.499281670416237,6.935296550282277e-09,0.4992816704162441,2.6320519398807075e-09,0.0014041591461476227,9.805874310262393e-08,2.9238684013396224e-07
Random1773
Raw:1.0104241096783009e-05,2.122547334954194e-06,1.9873220007881028e-05,0.49928167041623345,6.935296550282327e-09,0.49928167041624766,2.6320519398807638e-09,0.0014041591461476126,9.805874310262601e-08,2.9238684013396436e-07
EFT:1.0104241096782794e-05,2.122547334954209e-06,1.987322000788117e-05,0.499281670416237,6.935296550282277e-09,0.4992816704162441,2.6320519398807075e-09,0.0014041591461476227,9.805874310262393e-08,2.9238684013396224e-07
Random1774
Raw:1.0104241096782794e-05,2.1225473349541788e-06,1.9873220007880885e-05,0.499281670416237,6.9352965502821786e-09,0.4992816704162441,2.632051939880745e-09,0.0014041591461476026,9.805874310262254e-08,2.9238684013396224e-07
EFT:1.0104241096782794e-05,2.122547334954209e-06,1.987322000788117e-05,0.499281670416237,6.935296550282277e-09,0.4992816704162441,2.6320519398807075e-09,0.0014041591461476227,9.805874310262393e-08,2.9238684013396224e-07
Random1775
Raw:1.0104241096782867e-05,2.122547334954224e-06,1.9873220007881028e-05,0.49928167041624055,6.935296550282326e-09,0.49928167041624055,2.6320519398807265e-09,0.0014041591461476128,9.805874310262462e-08,2.923868401339643e-07
EFT:1.0104241096782794e-05,2.122547334954209e-06,1.987322000788117e-05,0.499281670416237,6.935296550282277e-09,0.4992816704162441,2.6320519398807075e-09,0.0014041591461476227,9.805874310262393e-08,2.9238684013396224e-07
Random1776
Raw:1.0104241096783009e-05,2.122547334954224e-06,1.987322000788131e-05,0.49928167041623345,6.935296550282327e-09,0.49928167041624766,2.6320519398807638e-09,0.0014041591461476327,9.805874310262462e-08,2.923868401339685e-07
EFT:1.0104241096782794e-05,2.122547334954209e-06,1.987322000788117e-05,0.499281670416237,6.935296550282277e-09,0.4992816704162441,2.6320519398807075e-09,0.0014041591461476227,9.805874310262393e-08,2.9238684013396224e-07
Random1777
Raw:1.0104241096782938e-05,2.122547334954239e-06,1.987322000788145e-05,0.499281670416237,6.935296550282277e-09,0.4992816704162441,2.632051939880745e-09,0.0014041591461476227,9.805874310262532e-08,2.9238684013396224e-07
EFT:1.0104241096782794e-05,2.122547334954209e-06,1.987322000788117e-05,0.499281670416237,6.935296550282277e-09,0.4992816704162441,2.6320519398807075e-09,0.0014041591461476227,9.805874310262393e-08,2.9238684013396224e-07
Random1778
Raw:1.0104241096782865e-05,2.122547334954194e-06,1.9873220007881028e-05,0.49928167041623345,6.935296550282327e-09,0.49928167041624766,2.632051939880726e-09,0.0014041591461476126,9.805874310262462e-08,2.9238684013396436e-07
EFT:1.0104241096782794e-05,2.122547334954209e-06,1.987322000788117e-05,0.499281670416237,6.935296550282277e-09,0.4992816704162441,2.6320519398807075e-09,0.0014041591461476227,9.805874310262393e-08,2.9238684013396224e-07
Random1779
Raw:1.0104241096782938e-05,2.122547334954209e-06,1.987322000788117e-05,0.499281670416237,6.9352965502823754e-09,0.4992816704162441,2.632051939880745e-09,0.0014041591461476227,9.805874310262672e-08,2.9238684013396637e-07
EFT:1.0104241096782794e-05,2.122547334954209e-06,1.987322000788117e-05,0.499281670416237,6.935296550282277e-09,0.4992816704162441,2.6320519398807075e-09,0.0014041591461476227,9.805874310262393e-08,2.9238684013396224e-07
Random1780
Raw:1.0104241096782938e-05,2.122547334954209e-06,1.987322000788117e-05,0.499281670416237,6.935296550282277e-09,0.4992816704162441,2.632051939880745e-09,0.0014041591461476227,9.805874310262532e-08,2.9238684013396224e-07
EFT:1.0104241096782794e-05,2.122547334954209e-06,1.987322000788117e-05,0.499281670416237,6.935296550282277e-09,0.4992816704162441,2.6320519398807075e-09,0.0014041591461476227,9.805874310262393e-08,2.9238684013396224e-07
Random1781
Raw:1.0104241096782867e-05,2.122547334954224e-06,1.987322000788131e-05,0.49928167041624055,6.935296550282326e-09,0.49928167041624055,2.6320519398807638e-09,0.0014041591461476327,9.805874310262462e-08,2.923868401339643e-07
EFT:1.0104241096782794e-05,2.122547334954209e-06,1.987322000788117e-05,0.499281670416237,6.935296550282277e-09,0.4992816704162441,2.6320519398807075e-09,0.0014041591461476227,9.805874310262393e-08,2.9238684013396224e-07
Random1782
Raw:1.0104241096783009e-05,2.122547334954224e-06,1.9873220007881028e-05,0.49928167041623345,6.935296550282327e-09,0.49928167041624766,2.6320519398807638e-09,0.0014041591461476327,9.805874310262601e-08,2.9238684013396436e-07
EFT:1.0104241096782794e-05,2.122547334954209e-06,1.987322000788117e-05,0.499281670416237,6.935296550282277e-09,0.4992816704162441,2.6320519398807075e-09,0.0014041591461476227,9.805874310262393e-08,2.9238684013396224e-07
Random1783
Raw:1.0104241096782938e-05,2.122547334954209e-06,1.987322000788117e-05,0.499281670416237,6.9352965502823754e-09,0.4992816704162441,2.6320519398807824e-09,0.0014041591461476227,9.805874310262532e-08,2.9238684013396637e-07
EFT:1.0104241096782794e-05,2.122547334954209e-06,1.987322000788117e-05,0.499281670416237,6.935296550282277e-09,0.4992816704162441,2.6320519398807075e-09,0.0014041591461476227,9.805874310262393e-08,2.9238684013396224e-07
Random1784
Raw:1.0104241096782938e-05,2.122547334954209e-06,1.987322000788117e-05,0.499281670416237,6.935296550282277e-09,0.4992816704162441,2.632051939880745e-09,0.0014041591461476227,9.805874310262393e-08,2.9238684013396637e-07
EFT:1.0104241096782794e-05,2.122547334954209e-06,1.987322000788117e-05,0.499281670416237,6.935296550282277e-09,0.4992816704162441,2.6320519398807075e-09,0.0014041591461476227,9.805874310262393e-08,2.9238684013396224e-07
Random1785
Raw:1.0104241096782867e-05,2.122547334954224e-06,1.987322000788131e-05,0.49928167041624055,6.935296550282326e-09,0.49928167041624055,2.6320519398807265e-09,0.0014041591461476327,9.805874310262323e-08,2.923868401339643e-07
EFT:1.0104241096782794e-05,2.122547334954209e-06,1.987322000788117e-05,0.499281670416237,6.935296550282277e-09,0.4992816704162441,2.6320519398807075e-09,0.0014041591461476227,9.805874310262393e-08,2.9238684013396224e-07
Random1786
Raw:1.0104241096782938e-05,2.122547334954209e-06,1.987322000788117e-05,0.499281670416237,6.9352965502823754e-09,0.4992816704162441,2.632051939880745e-09,0.0014041591461476227,9.805874310262532e-08,2.9238684013396637e-07
EFT:1.0104241096782794e-05,2.122547334954209e-06,1.987322000788117e-05,0.499281670416237,6.935296550282277e-09,0.4992816704162441,2.6320519398807075e-09,0.0014041591461476227,9.805874310262393e-08,2.9238684013396224e-07
Random1787
Raw:1.0104241096782938e-05,2.122547334954209e-06,1.987322000788117e-05,0.499281670416237,6.9352965502823754e-09,0.4992816704162441,2.632051939880745e-09,0.0014041591461476227,9.805874310262532e-08,2.9238684013396637e-07
EFT:1.0104241096782794e-05,2.122547334954209e-06,1.987322000788117e-05,0.499281670416237,6.935296550282277e-09,0.4992816704162441,2.6320519398807075e-09,0.0014041591461476227,9.805874310262393e-08,2.9238684013396224e-07
Random1788
Raw:1.0104241096783009e-05,2.122547334954224e-06,1.9873220007881028e-05,0.49928167041623345,6.935296550282327e-09,0.49928167041624766,2.6320519398807638e-09,0.0014041591461476327,9.805874310262601e-08,2.9238684013396436e-07
EFT:1.0104241096782794e-05,2.122547334954209e-06,1.987322000788117e-05,0.499281670416237,6.935296550282277e-09,0.4992816704162441,2.6320519398807075e-09,0.0014041591461476227,9.805874310262393e-08,2.9238684013396224e-07
Random1789
Raw:1.0104241096782865e-05,2.122547334954194e-06,1.9873220007881028e-05,0.49928167041623345,6.935296550282327e-09,0.49928167041624766,2.6320519398807638e-09,0.0014041591461476126,9.805874310262324e-08,2.9238684013396436e-07
EFT:1.0104241096782794e-05,2.122547334954209e-06,1.987322000788117e-05,0.499281670416237,6.935296550282277e-09,0.4992816704162441,2.6320519398807075e-09,0.0014041591461476227,9.805874310262393e-08,2.9238684013396224e-07
Random1790
Raw:1.0104241096782938e-05,2.122547334954209e-06,1.987322000788117e-05,0.499281670416237,6.935296550282277e-09,0.4992816704162441,2.632051939880745e-09,0.0014041591461476227,9.805874310262532e-08,2.9238684013396224e-07
EFT:1.0104241096782794e-05,2.122547334954209e-06,1.987322000788117e-05,0.499281670416237,6.935296550282277e-09,0.4992816704162441,2.6320519398807075e-09,0.0014041591461476227,9.805874310262393e-08,2.9238684013396224e-07
Random1791
Raw:1.0104241096782938e-05,2.122547334954209e-06,1.9873220007880885e-05,0.499281670416237,6.935296550282277e-09,0.4992816704162441,2.632051939880745e-09,0.0014041591461476227,9.805874310262532e-08,2.9238684013396224e-07
EFT:1.0104241096782794e-05,2.122547334954209e-06,1.987322000788117e-05,0.499281670416237,6.935296550282277e-09,0.4992816704162441,2.6320519398807075e-09,0.0014041591461476227,9.805874310262393e-08,2.9238684013396224e-07
Random1792
Raw:1.0104241096782867e-05,2.1225473349542546e-06,1.987322000788131e-05,0.49928167041624055,6.935296550282326e-09,0.49928167041624055,2.6320519398807638e-09,0.0014041591461476327,9.805874310262462e-08,2.923868401339643e-07
EFT:1.0104241096782794e-05,2.122547334954209e-06,1.987322000788117e-05,0.499281670416237,6.935296550282277e-09,0.4992816704162441,2.6320519398807075e-09,0.0014041591461476227,9.805874310262393e-08,2.9238684013396224e-07
Random1793
Raw:1.0104241096783009e-05,2.122547334954194e-06,1.9873220007881028e-05,0.49928167041623345,6.935296550282327e-09,0.49928167041624766,2.6320519398807638e-09,0.0014041591461476327,9.805874310262462e-08,2.9238684013396436e-07
EFT:1.0104241096782794e-05,2.122547334954209e-06,1.987322000788117e-05,0.499281670416237,6.935296550282277e-09,0.4992816704162441,2.6320519398807075e-09,0.0014041591461476227,9.805874310262393e-08,2.9238684013396224e-07
Random1794
Raw:1.0104241096782794e-05,2.122547334954209e-06,1.987322000788117e-05,0.499281670416237,6.935296550282277e-09,0.4992816704162441,2.632051939880745e-09,0.0014041591461476227,9.805874310262254e-08,2.9238684013396224e-07
EFT:1.0104241096782794e-05,2.122547334954209e-06,1.987322000788117e-05,0.499281670416237,6.935296550282277e-09,0.4992816704162441,2.6320519398807075e-09,0.0014041591461476227,9.805874310262393e-08,2.9238684013396224e-07
Random1795
Raw:1.0104241096782794e-05,2.122547334954209e-06,1.987322000788117e-05,0.4992816704162441,6.935296550282277e-09,0.499281670416237,2.63205193988067e-09,0.0014041591461476227,9.805874310262254e-08,2.9238684013396224e-07
EFT:1.0104241096782794e-05,2.122547334954209e-06,1.987322000788117e-05,0.499281670416237,6.935296550282277e-09,0.4992816704162441,2.6320519398807075e-09,0.0014041591461476227,9.805874310262393e-08,2.9238684013396224e-07
Random1796
Raw:1.0104241096782867e-05,2.122547334954224e-06,1.987322000788131e-05,0.49928167041624055,6.935296550282326e-09,0.49928167041624055,2.6320519398807638e-09,0.0014041591461476327,9.805874310262462e-08,2.923868401339643e-07
EFT:1.0104241096782794e-05,2.122547334954209e-06,1.987322000788117e-05,0.499281670416237,6.935296550282277e-09,0.4992816704162441,2.6320519398807075e-09,0.0014041591461476227,9.805874310262393e-08,2.9238684013396224e-07
Random1797
Raw:1.0104241096782938e-05,2.1225473349541788e-06,1.9873220007880885e-05,0.499281670416237,6.935296550282277e-09,0.4992816704162441,2.632051939880745e-09,0.0014041591461476026,9.805874310262532e-08,2.9238684013396224e-07
EFT:1.0104241096782794e-05,2.122547334954209e-06,1.987322000788117e-05,0.499281670416237,6.935296550282277e-09,0.4992816704162441,2.6320519398807075e-09,0.0014041591461476227,9.805874310262393e-08,2.9238684013396224e-07
Random1798
Raw:1.0104241096782938e-05,2.122547334954209e-06,1.987322000788117e-05,0.499281670416237,6.9352965502823754e-09,0.4992816704162441,2.632051939880745e-09,0.0014041591461476227,9.805874310262672e-08,2.9238684013396637e-07
EFT:1.0104241096782794e-05,2.122547334954209e-06,1.987322000788117e-05,0.499281670416237,6.935296550282277e-09,0.4992816704162441,2.6320519398807075e-09,0.0014041591461476227,9.805874310262393e-08,2.9238684013396224e-07
Random1799
Raw:1.0104241096782865e-05,2.122547334954194e-06,1.9873220007881028e-05,0.49928167041623345,6.935296550282228e-09,0.49928167041624766,2.6320519398807638e-09,0.0014041591461476126,9.805874310262324e-08,2.9238684013396436e-07
EFT:1.0104241096782794e-05,2.122547334954209e-06,1.987322000788117e-05,0.499281670416237,6.935296550282277e-09,0.4992816704162441,2.6320519398807075e-09,0.0014041591461476227,9.805874310262393e-08,2.9238684013396224e-07
Random1800
Raw:1.0104241096782865e-05,2.122547334954194e-06,1.9873220007881028e-05,0.49928167041623345,6.935296550282228e-09,0.49928167041624766,2.632051939880726e-09,0.0014041591461476126,9.805874310262462e-08,2.9238684013396436e-07
EFT:1.0104241096782794e-05,2.122547334954209e-06,1.987322000788117e-05,0.499281670416237,6.935296550282277e-09,0.4992816704162441,2.6320519398807075e-09,0.0014041591461476227,9.805874310262393e-08,2.9238684013396224e-07
Random1801
Raw:1.0104241096782938e-05,2.122547334954209e-06,1.987322000788117e-05,0.499281670416237,6.9352965502823754e-09,0.4992816704162441,2.6320519398807824e-09,0.0014041591461476227,9.805874310262532e-08,2.9238684013396637e-07
EFT:1.0104241096782794e-05,2.122547334954209e-06,1.987322000788117e-05,0.499281670416237,6.935296550282277e-09,0.4992816704162441,2.6320519398807075e-09,0.0014041591461476227,9.805874310262393e-08,2.9238684013396224e-07
Random1802
Raw:1.0104241096782938e-05,2.122547334954209e-06,1.987322000788117e-05,0.499281670416237,6.9352965502823754e-09,0.4992816704162441,2.632051939880745e-09,0.0014041591461476227,9.805874310262393e-08,2.9238684013396637e-07
EFT:1.0104241096782794e-05,2.122547334954209e-06,1.987322000788117e-05,0.499281670416237,6.935296550282277e-09,0.4992816704162441,2.6320519398807075e-09,0.0014041591461476227,9.805874310262393e-08,2.9238684013396224e-07
Random1803
Raw:1.0104241096782865e-05,2.122547334954194e-06,1.9873220007881028e-05,0.49928167041623345,6.935296550282327e-09,0.49928167041624766,2.6320519398807638e-09,0.0014041591461476126,9.805874310262324e-08,2.9238684013396436e-07
EFT:1.0104241096782794e-05,2.122547334954209e-06,1.987322000788117e-05,0.499281670416237,6.935296550282277e-09,0.4992816704162441,2.6320519398807075e-09,0.0014041591461476227,9.805874310262393e-08,2.9238684013396224e-07
Random1804
Raw:1.0104241096782867e-05,2.122547334954224e-06,1.987322000788131e-05,0.49928167041624055,6.935296550282326e-09,0.49928167041624055,2.6320519398807265e-09,0.0014041591461476327,9.805874310262462e-08,2.923868401339643e-07
EFT:1.0104241096782794e-05,2.122547334954209e-06,1.987322000788117e-05,0.499281670416237,6.935296550282277e-09,0.4992816704162441,2.6320519398807075e-09,0.0014041591461476227,9.805874310262393e-08,2.9238684013396224e-07
Random1805
Raw:1.0104241096782794e-05,2.122547334954209e-06,1.987322000788117e-05,0.4992816704162441,6.935296550282277e-09,0.499281670416237,2.63205193988067e-09,0.0014041591461476227,9.805874310262393e-08,2.9238684013396224e-07
EFT:1.0104241096782794e-05,2.122547334954209e-06,1.987322000788117e-05,0.499281670416237,6.935296550282277e-09,0.4992816704162441,2.6320519398807075e-09,0.0014041591461476227,9.805874310262393e-08,2.9238684013396224e-07
Random1806
Raw:1.0104241096782938e-05,2.122547334954209e-06,1.987322000788117e-05,0.499281670416237,6.9352965502823754e-09,0.4992816704162441,2.632051939880745e-09,0.0014041591461476227,9.805874310262393e-08,2.9238684013396637e-07
EFT:1.0104241096782794e-05,2.122547334954209e-06,1.987322000788117e-05,0.499281670416237,6.935296550282277e-09,0.4992816704162441,2.6320519398807075e-09,0.0014041591461476227,9.805874310262393e-08,2.9238684013396224e-07
Random1807
Raw:1.0104241096782938e-05,2.122547334954209e-06,1.987322000788117e-05,0.499281670416237,6.935296550282277e-09,0.4992816704162441,2.632051939880745e-09,0.0014041591461476227,9.805874310262532e-08,2.9238684013396224e-07
EFT:1.0104241096782794e-05,2.122547334954209e-06,1.987322000788117e-05,0.499281670416237,6.935296550282277e-09,0.4992816704162441,2.6320519398807075e-09,0.0014041591461476227,9.805874310262393e-08,2.9238684013396224e-07
Random1808
Raw:1.0104241096782867e-05,2.122547334954224e-06,1.9873220007881028e-05,0.49928167041624055,6.935296550282326e-09,0.49928167041624055,2.6320519398807265e-09,0.0014041591461476327,9.805874310262323e-08,2.923868401339643e-07
EFT:1.0104241096782794e-05,2.122547334954209e-06,1.987322000788117e-05,0.499281670416237,6.935296550282277e-09,0.4992816704162441,2.6320519398807075e-09,0.0014041591461476227,9.805874310262393e-08,2.9238684013396224e-07
Random1809
Raw:1.0104241096782794e-05,2.122547334954209e-06,1.987322000788117e-05,0.4992816704162441,6.935296550282277e-09,0.499281670416237,2.6320519398807075e-09,0.0014041591461476227,9.805874310262393e-08,2.9238684013396224e-07
EFT:1.0104241096782794e-05,2.122547334954209e-06,1.987322000788117e-05,0.499281670416237,6.935296550282277e-09,0.4992816704162441,2.6320519398807075e-09,0.0014041591461476227,9.805874310262393e-08,2.9238684013396224e-07
Random1810
Raw:1.0104241096782938e-05,2.122547334954239e-06,1.987322000788145e-05,0.499281670416237,6.935296550282277e-09,0.4992816704162441,2.632051939880745e-09,0.0014041591461476427,9.805874310262393e-08,2.9238684013396637e-07
EFT:1.0104241096782794e-05,2.122547334954209e-06,1.987322000788117e-05,0.499281670416237,6.935296550282277e-09,0.4992816704162441,2.6320519398807075e-09,0.0014041591461476227,9.805874310262393e-08,2.9238684013396224e-07
Random1811
Raw:1.0104241096782938e-05,2.122547334954239e-06,1.987322000788145e-05,0.499281670416237,6.935296550282277e-09,0.4992816704162441,2.632051939880745e-09,0.0014041591461476227,9.805874310262532e-08,2.9238684013396224e-07
EFT:1.0104241096782794e-05,2.122547334954209e-06,1.987322000788117e-05,0.499281670416237,6.935296550282277e-09,0.4992816704162441,2.6320519398807075e-09,0.0014041591461476227,9.805874310262393e-08,2.9238684013396224e-07
Random1812
Raw:1.0104241096782938e-05,2.122547334954239e-06,1.9873220007880885e-05,0.499281670416237,6.935296550282277e-09,0.4992816704162441,2.632051939880745e-09,0.0014041591461476227,9.805874310262532e-08,2.9238684013396224e-07
EFT:1.0104241096782794e-05,2.122547334954209e-06,1.987322000788117e-05,0.499281670416237,6.935296550282277e-09,0.4992816704162441,2.6320519398807075e-09,0.0014041591461476227,9.805874310262393e-08,2.9238684013396224e-07
Random1813
Raw:1.0104241096782938e-05,2.122547334954209e-06,1.987322000788117e-05,0.499281670416237,6.935296550282277e-09,0.4992816704162441,2.632051939880745e-09,0.0014041591461476227,9.805874310262532e-08,2.9238684013396224e-07
EFT:1.0104241096782794e-05,2.122547334954209e-06,1.987322000788117e-05,0.499281670416237,6.935296550282277e-09,0.4992816704162441,2.6320519398807075e-09,0.0014041591461476227,9.805874310262393e-08,2.9238684013396224e-07
Random1814
Raw:1.0104241096783009e-05,2.122547334954224e-06,1.987322000788131e-05,0.49928167041623345,6.935296550282327e-09,0.49928167041624766,2.6320519398807638e-09,0.0014041591461476327,9.805874310262462e-08,2.923868401339685e-07
EFT:1.0104241096782794e-05,2.122547334954209e-06,1.987322000788117e-05,0.499281670416237,6.935296550282277e-09,0.4992816704162441,2.6320519398807075e-09,0.0014041591461476227,9.805874310262393e-08,2.9238684013396224e-07
Random1815
Raw:1.0104241096782865e-05,2.122547334954194e-06,1.9873220007881028e-05,0.49928167041623345,6.935296550282327e-09,0.49928167041624766,2.6320519398807638e-09,0.0014041591461476126,9.805874310262324e-08,2.9238684013396436e-07
EFT:1.0104241096782794e-05,2.122547334954209e-06,1.987322000788117e-05,0.499281670416237,6.935296550282277e-09,0.4992816704162441,2.6320519398807075e-09,0.0014041591461476227,9.805874310262393e-08,2.9238684013396224e-07
Random1816
Raw:1.0104241096782938e-05,2.122547334954239e-06,1.987322000788117e-05,0.499281670416237,6.935296550282277e-09,0.4992816704162441,2.632051939880745e-09,0.0014041591461476227,9.805874310262532e-08,2.9238684013396224e-07
EFT:1.0104241096782794e-05,2.122547334954209e-06,1.987322000788117e-05,0.499281670416237,6.935296550282277e-09,0.4992816704162441,2.6320519398807075e-09,0.0014041591461476227,9.805874310262393e-08,2.9238684013396224e-07
Random1817
Raw:1.0104241096783009e-05,2.122547334954194e-06,1.9873220007881028e-05,0.49928167041623345,6.935296550282327e-09,0.49928167041624766,2.6320519398807638e-09,0.0014041591461476327,9.805874310262462e-08,2.9238684013396436e-07
EFT:1.0104241096782794e-05,2.122547334954209e-06,1.987322000788117e-05,0.499281670416237,6.935296550282277e-09,0.4992816704162441,2.6320519398807075e-09,0.0014041591461476227,9.805874310262393e-08,2.9238684013396224e-07
Random1818
Raw:1.0104241096782865e-05,2.1225473349541635e-06,1.9873220007880747e-05,0.49928167041623345,6.935296550282228e-09,0.49928167041624766,2.632051939880726e-09,0.0014041591461476126,9.805874310262462e-08,2.923868401339602e-07
EFT:1.0104241096782794e-05,2.122547334954209e-06,1.987322000788117e-05,0.499281670416237,6.935296550282277e-09,0.4992816704162441,2.6320519398807075e-09,0.0014041591461476227,9.805874310262393e-08,2.9238684013396224e-07
Random1819
Raw:1.0104241096782938e-05,2.122547334954209e-06,1.9873220007880885e-05,0.499281670416237,6.935296550282277e-09,0.4992816704162441,2.632051939880745e-09,0.0014041591461476227,9.805874310262532e-08,2.9238684013396224e-07
EFT:1.0104241096782794e-05,2.122547334954209e-06,1.987322000788117e-05,0.499281670416237,6.935296550282277e-09,0.4992816704162441,2.6320519398807075e-09,0.0014041591461476227,9.805874310262393e-08,2.9238684013396224e-07
Random1820
Raw:1.0104241096782794e-05,2.122547334954209e-06,1.987322000788117e-05,0.499281670416237,6.9352965502821786e-09,0.4992816704162441,2.632051939880745e-09,0.0014041591461476227,9.805874310262254e-08,2.9238684013396224e-07
EFT:1.0104241096782794e-05,2.122547334954209e-06,1.987322000788117e-05,0.499281670416237,6.935296550282277e-09,0.4992816704162441,2.6320519398807075e-09,0.0014041591461476227,9.805874310262393e-08,2.9238684013396224e-07
Random1821
Raw:1.0104241096782938e-05,2.1225473349541788e-06,1.9873220007880885e-05,0.499281670416237,6.935296550282277e-09,0.4992816704162441,2.632051939880745e-09,0.0014041591461476026,9.805874310262532e-08,2.9238684013396224e-07
EFT:1.0104241096782794e-05,2.122547334954209e-06,1.987322000788117e-05,0.499281670416237,6.935296550282277e-09,0.4992816704162441,2.6320519398807075e-09,0.0014041591461476227,9.805874310262393e-08,2.9238684013396224e-07
Random1822
Raw:1.0104241096782865e-05,2.122547334954194e-06,1.9873220007881028e-05,0.49928167041623345,6.935296550282327e-09,0.49928167041624766,2.632051939880726e-09,0.0014041591461476126,9.805874310262462e-08,2.9238684013396436e-07
EFT:1.0104241096782794e-05,2.122547334954209e-06,1.987322000788117e-05,0.499281670416237,6.935296550282277e-09,0.4992816704162441,2.6320519398807075e-09,0.0014041591461476227,9.805874310262393e-08,2.9238684013396224e-07
Random1823
Raw:1.0104241096782794e-05,2.122547334954209e-06,1.9873220007880885e-05,0.499281670416237,6.935296550282277e-09,0.4992816704162441,2.6320519398807075e-09,0.0014041591461476026,9.805874310262393e-08,2.9238684013396224e-07
EFT:1.0104241096782794e-05,2.122547334954209e-06,1.987322000788117e-05,0.499281670416237,6.935296550282277e-09,0.4992816704162441,2.6320519398807075e-09,0.0014041591461476227,9.805874310262393e-08,2.9238684013396224e-07
Random1824
Raw:1.0104241096782867e-05,2.122547334954224e-06,1.987322000788131e-05,0.49928167041624055,6.935296550282326e-09,0.49928167041624055,2.6320519398807265e-09,0.0014041591461476327,9.805874310262462e-08,2.923868401339643e-07
EFT:1.0104241096782794e-05,2.122547334954209e-06,1.987322000788117e-05,0.499281670416237,6.935296550282277e-09,0.4992816704162441,2.6320519398807075e-09,0.0014041591461476227,9.805874310262393e-08,2.9238684013396224e-07
Random1825
Raw:1.0104241096782938e-05,2.122547334954209e-06,1.9873220007880885e-05,0.499281670416237,6.935296550282277e-09,0.4992816704162441,2.632051939880745e-09,0.0014041591461476227,9.805874310262532e-08,2.9238684013396224e-07
EFT:1.0104241096782794e-05,2.122547334954209e-06,1.987322000788117e-05,0.499281670416237,6.935296550282277e-09,0.4992816704162441,2.6320519398807075e-09,0.0014041591461476227,9.805874310262393e-08,2.9238684013396224e-07
Random1826
Raw:1.0104241096783009e-05,2.122547334954194e-06,1.9873220007881028e-05,0.49928167041623345,6.935296550282327e-09,0.49928167041624766,2.632051939880801e-09,0.0014041591461475926,9.805874310262601e-08,2.9238684013396436e-07
EFT:1.0104241096782794e-05,2.122547334954209e-06,1.987322000788117e-05,0.499281670416237,6.935296550282277e-09,0.4992816704162441,2.6320519398807075e-09,0.0014041591461476227,9.805874310262393e-08,2.9238684013396224e-07
Random1827
Raw:1.0104241096782938e-05,2.122547334954239e-06,1.987322000788145e-05,0.499281670416237,6.935296550282277e-09,0.4992816704162441,2.632051939880745e-09,0.0014041591461476427,9.805874310262532e-08,2.9238684013396224e-07
EFT:1.0104241096782794e-05,2.122547334954209e-06,1.987322000788117e-05,0.499281670416237,6.935296550282277e-09,0.4992816704162441,2.6320519398807075e-09,0.0014041591461476227,9.805874310262393e-08,2.9238684013396224e-07
Random1828
Raw:1.0104241096783009e-05,2.122547334954194e-06,1.9873220007881028e-05,0.49928167041623345,6.935296550282327e-09,0.49928167041624766,2.6320519398807638e-09,0.0014041591461476126,9.805874310262601e-08,2.9238684013396436e-07
EFT:1.0104241096782794e-05,2.122547334954209e-06,1.987322000788117e-05,0.499281670416237,6.935296550282277e-09,0.4992816704162441,2.6320519398807075e-09,0.0014041591461476227,9.805874310262393e-08,2.9238684013396224e-07
Random1829
Raw:1.0104241096783009e-05,2.122547334954194e-06,1.9873220007881028e-05,0.49928167041623345,6.935296550282327e-09,0.49928167041624766,2.6320519398807638e-09,0.0014041591461476327,9.805874310262462e-08,2.9238684013396436e-07
EFT:1.0104241096782794e-05,2.122547334954209e-06,1.987322000788117e-05,0.499281670416237,6.935296550282277e-09,0.4992816704162441,2.6320519398807075e-09,0.0014041591461476227,9.805874310262393e-08,2.9238684013396224e-07
Random1830
Raw:1.0104241096782938e-05,2.122547334954239e-06,1.987322000788145e-05,0.499281670416237,6.935296550282277e-09,0.4992816704162441,2.632051939880745e-09,0.0014041591461476427,9.805874310262532e-08,2.9238684013396224e-07
EFT:1.0104241096782794e-05,2.122547334954209e-06,1.987322000788117e-05,0.499281670416237,6.935296550282277e-09,0.4992816704162441,2.6320519398807075e-09,0.0014041591461476227,9.805874310262393e-08,2.9238684013396224e-07
Random1831
Raw:1.0104241096782938e-05,2.122547334954239e-06,1.987322000788145e-05,0.499281670416237,6.935296550282277e-09,0.4992816704162441,2.632051939880745e-09,0.0014041591461476427,9.805874310262532e-08,2.9238684013396224e-07
EFT:1.0104241096782794e-05,2.122547334954209e-06,1.987322000788117e-05,0.499281670416237,6.935296550282277e-09,0.4992816704162441,2.6320519398807075e-09,0.0014041591461476227,9.805874310262393e-08,2.9238684013396224e-07
Random1832
Raw:1.0104241096782938e-05,2.122547334954209e-06,1.987322000788117e-05,0.499281670416237,6.935296550282277e-09,0.4992816704162441,2.632051939880745e-09,0.0014041591461476227,9.805874310262532e-08,2.9238684013396224e-07
EFT:1.0104241096782794e-05,2.122547334954209e-06,1.987322000788117e-05,0.499281670416237,6.935296550282277e-09,0.4992816704162441,2.6320519398807075e-09,0.0014041591461476227,9.805874310262393e-08,2.9238684013396224e-07
Random1833
Raw:1.0104241096782938e-05,2.122547334954209e-06,1.987322000788117e-05,0.499281670416237,6.935296550282277e-09,0.4992816704162441,2.632051939880745e-09,0.0014041591461476227,9.805874310262532e-08,2.9238684013396224e-07
EFT:1.0104241096782794e-05,2.122547334954209e-06,1.987322000788117e-05,0.499281670416237,6.935296550282277e-09,0.4992816704162441,2.6320519398807075e-09,0.0014041591461476227,9.805874310262393e-08,2.9238684013396224e-07
Random1834
Raw:1.0104241096782938e-05,2.122547334954239e-06,1.9873220007880885e-05,0.499281670416237,6.935296550282277e-09,0.4992816704162441,2.632051939880745e-09,0.0014041591461476227,9.805874310262532e-08,2.9238684013396224e-07
EFT:1.0104241096782794e-05,2.122547334954209e-06,1.987322000788117e-05,0.499281670416237,6.935296550282277e-09,0.4992816704162441,2.6320519398807075e-09,0.0014041591461476227,9.805874310262393e-08,2.9238684013396224e-07
Random1835
Raw:1.0104241096782794e-05,2.122547334954239e-06,1.987322000788117e-05,0.4992816704162441,6.935296550282277e-09,0.499281670416237,2.6320519398807075e-09,0.0014041591461476427,9.805874310262393e-08,2.9238684013396224e-07
EFT:1.0104241096782794e-05,2.122547334954209e-06,1.987322000788117e-05,0.499281670416237,6.935296550282277e-09,0.4992816704162441,2.6320519398807075e-09,0.0014041591461476227,9.805874310262393e-08,2.9238684013396224e-07
Random1836
Raw:1.0104241096782723e-05,2.122547334954194e-06,1.9873220007881028e-05,0.49928167041624055,6.93529655028213e-09,0.49928167041624055,2.6320519398806513e-09,0.0014041591461476128,9.805874310262323e-08,2.923868401339602e-07
EFT:1.0104241096782794e-05,2.122547334954209e-06,1.987322000788117e-05,0.499281670416237,6.935296550282277e-09,0.4992816704162441,2.6320519398807075e-09,0.0014041591461476227,9.805874310262393e-08,2.9238684013396224e-07
Random1837
Raw:1.0104241096782938e-05,2.122547334954239e-06,1.9873220007880885e-05,0.499281670416237,6.935296550282277e-09,0.4992816704162441,2.632051939880745e-09,0.0014041591461476227,9.805874310262532e-08,2.9238684013396224e-07
EFT:1.0104241096782794e-05,2.122547334954209e-06,1.987322000788117e-05,0.499281670416237,6.935296550282277e-09,0.4992816704162441,2.6320519398807075e-09,0.0014041591461476227,9.805874310262393e-08,2.9238684013396224e-07
Random1838
Raw:1.0104241096782938e-05,2.122547334954209e-06,1.987322000788117e-05,0.499281670416237,6.9352965502823754e-09,0.4992816704162441,2.632051939880745e-09,0.0014041591461476227,9.805874310262532e-08,2.9238684013396637e-07
EFT:1.0104241096782794e-05,2.122547334954209e-06,1.987322000788117e-05,0.499281670416237,6.935296550282277e-09,0.4992816704162441,2.6320519398807075e-09,0.0014041591461476227,9.805874310262393e-08,2.9238684013396224e-07
Random1839
Raw:1.0104241096782938e-05,2.122547334954239e-06,1.987322000788145e-05,0.499281670416237,6.935296550282277e-09,0.4992816704162441,2.632051939880745e-09,0.0014041591461476427,9.805874310262532e-08,2.9238684013396224e-07
EFT:1.0104241096782794e-05,2.122547334954209e-06,1.987322000788117e-05,0.499281670416237,6.935296550282277e-09,0.4992816704162441,2.6320519398807075e-09,0.0014041591461476227,9.805874310262393e-08,2.9238684013396224e-07
Random1840
Raw:1.0104241096782938e-05,2.122547334954209e-06,1.987322000788117e-05,0.499281670416237,6.9352965502823754e-09,0.4992816704162441,2.6320519398807824e-09,0.0014041591461476227,9.805874310262532e-08,2.9238684013396637e-07
EFT:1.0104241096782794e-05,2.122547334954209e-06,1.987322000788117e-05,0.499281670416237,6.935296550282277e-09,0.4992816704162441,2.6320519398807075e-09,0.0014041591461476227,9.805874310262393e-08,2.9238684013396224e-07
Random1841
Raw:1.0104241096782867e-05,2.122547334954224e-06,1.9873220007881028e-05,0.49928167041624055,6.935296550282326e-09,0.49928167041624055,2.6320519398807265e-09,0.0014041591461476327,9.805874310262323e-08,2.923868401339643e-07
EFT:1.0104241096782794e-05,2.122547334954209e-06,1.987322000788117e-05,0.499281670416237,6.935296550282277e-09,0.4992816704162441,2.6320519398807075e-09,0.0014041591461476227,9.805874310262393e-08,2.9238684013396224e-07
Random1842
Raw:1.0104241096782938e-05,2.122547334954209e-06,1.987322000788117e-05,0.499281670416237,6.9352965502823754e-09,0.4992816704162441,2.632051939880745e-09,0.0014041591461476227,9.805874310262532e-08,2.9238684013396637e-07
EFT:1.0104241096782794e-05,2.122547334954209e-06,1.987322000788117e-05,0.499281670416237,6.935296550282277e-09,0.4992816704162441,2.6320519398807075e-09,0.0014041591461476227,9.805874310262393e-08,2.9238684013396224e-07
Random1843
Raw:1.0104241096782938e-05,2.122547334954209e-06,1.987322000788117e-05,0.499281670416237,6.9352965502823754e-09,0.4992816704162441,2.6320519398807824e-09,0.0014041591461476227,9.805874310262532e-08,2.9238684013396637e-07
EFT:1.0104241096782794e-05,2.122547334954209e-06,1.987322000788117e-05,0.499281670416237,6.935296550282277e-09,0.4992816704162441,2.6320519398807075e-09,0.0014041591461476227,9.805874310262393e-08,2.9238684013396224e-07
Random1844
Raw:1.0104241096782794e-05,2.1225473349541788e-06,1.9873220007880885e-05,0.499281670416237,6.9352965502821786e-09,0.4992816704162441,2.632051939880745e-09,0.0014041591461476026,9.805874310262254e-08,2.9238684013396224e-07
EFT:1.0104241096782794e-05,2.122547334954209e-06,1.987322000788117e-05,0.499281670416237,6.935296550282277e-09,0.4992816704162441,2.6320519398807075e-09,0.0014041591461476227,9.805874310262393e-08,2.9238684013396224e-07
Random1845
Raw:1.0104241096782794e-05,2.1225473349541788e-06,1.9873220007880885e-05,0.499281670416237,6.935296550282277e-09,0.4992816704162441,2.632051939880745e-09,0.0014041591461476026,9.805874310262254e-08,2.9238684013396224e-07
EFT:1.0104241096782794e-05,2.122547334954209e-06,1.987322000788117e-05,0.499281670416237,6.935296550282277e-09,0.4992816704162441,2.6320519398807075e-09,0.0014041591461476227,9.805874310262393e-08,2.9238684013396224e-07
Random1846
Raw:1.0104241096782794e-05,2.122547334954209e-06,1.987322000788117e-05,0.499281670416237,6.935296550282277e-09,0.4992816704162441,2.632051939880745e-09,0.0014041591461476227,9.805874310262254e-08,2.9238684013396224e-07
EFT:1.0104241096782794e-05,2.122547334954209e-06,1.987322000788117e-05,0.499281670416237,6.935296550282277e-09,0.4992816704162441,2.6320519398807075e-09,0.0014041591461476227,9.805874310262393e-08,2.9238684013396224e-07
Random1847
Raw:1.0104241096782794e-05,2.1225473349541788e-06,1.9873220007880885e-05,0.499281670416237,6.9352965502821786e-09,0.4992816704162441,2.63205193988067e-09,0.0014041591461476227,9.805874310262254e-08,2.923868401339581e-07
EFT:1.0104241096782794e-05,2.122547334954209e-06,1.987322000788117e-05,0.499281670416237,6.935296550282277e-09,0.4992816704162441,2.6320519398807075e-09,0.0014041591461476227,9.805874310262393e-08,2.9238684013396224e-07
Random1848
Raw:1.0104241096782938e-05,2.122547334954209e-06,1.987322000788117e-05,0.499281670416237,6.935296550282277e-09,0.4992816704162441,2.632051939880745e-09,0.0014041591461476427,9.805874310262393e-08,2.9238684013396224e-07
EFT:1.0104241096782794e-05,2.122547334954209e-06,1.987322000788117e-05,0.499281670416237,6.935296550282277e-09,0.4992816704162441,2.6320519398807075e-09,0.0014041591461476227,9.805874310262393e-08,2.9238684013396224e-07
Random1849
Raw:1.0104241096782938e-05,2.122547334954209e-06,1.987322000788117e-05,0.499281670416237,6.935296550282277e-09,0.4992816704162441,2.632051939880745e-09,0.0014041591461476427,9.805874310262393e-08,2.9238684013396224e-07
EFT:1.0104241096782794e-05,2.122547334954209e-06,1.987322000788117e-05,0.499281670416237,6.935296550282277e-09,0.4992816704162441,2.6320519398807075e-09,0.0014041591461476227,9.805874310262393e-08,2.9238684013396224e-07
Random1850
Raw:1.0104241096782865e-05,2.122547334954194e-06,1.9873220007881028e-05,0.49928167041623345,6.935296550282327e-09,0.49928167041624766,2.6320519398807638e-09,0.0014041591461476126,9.805874310262324e-08,2.9238684013396436e-07
EFT:1.0104241096782794e-05,2.122547334954209e-06,1.987322000788117e-05,0.499281670416237,6.935296550282277e-09,0.4992816704162441,2.6320519398807075e-09,0.0014041591461476227,9.805874310262393e-08,2.9238684013396224e-07
Random1851
Raw:1.0104241096782867e-05,2.122547334954194e-06,1.9873220007881028e-05,0.49928167041624055,6.935296550282326e-09,0.49928167041624055,2.6320519398807265e-09,0.0014041591461476128,9.805874310262602e-08,2.923868401339643e-07
EFT:1.0104241096782794e-05,2.122547334954209e-06,1.987322000788117e-05,0.499281670416237,6.935296550282277e-09,0.4992816704162441,2.6320519398807075e-09,0.0014041591461476227,9.805874310262393e-08,2.9238684013396224e-07
Random1852
Raw:1.0104241096782938e-05,2.122547334954239e-06,1.987322000788117e-05,0.499281670416237,6.935296550282277e-09,0.4992816704162441,2.632051939880745e-09,0.0014041591461476227,9.805874310262532e-08,2.9238684013396224e-07
EFT:1.0104241096782794e-05,2.122547334954209e-06,1.987322000788117e-05,0.499281670416237,6.935296550282277e-09,0.4992816704162441,2.6320519398807075e-09,0.0014041591461476227,9.805874310262393e-08,2.9238684013396224e-07
Random1853
Raw:1.0104241096782867e-05,2.122547334954194e-06,1.9873220007881028e-05,0.49928167041624055,6.935296550282326e-09,0.49928167041624055,2.6320519398807265e-09,0.0014041591461476128,9.805874310262323e-08,2.923868401339643e-07
EFT:1.0104241096782794e-05,2.122547334954209e-06,1.987322000788117e-05,0.499281670416237,6.935296550282277e-09,0.4992816704162441,2.6320519398807075e-09,0.0014041591461476227,9.805874310262393e-08,2.9238684013396224e-07
Random1854
Raw:1.0104241096782867e-05,2.122547334954224e-06,1.987322000788131e-05,0.49928167041624055,6.935296550282326e-09,0.49928167041624055,2.6320519398807265e-09,0.0014041591461476327,9.805874310262323e-08,2.923868401339643e-07
EFT:1.0104241096782794e-05,2.122547334954209e-06,1.987322000788117e-05,0.499281670416237,6.935296550282277e-09,0.4992816704162441,2.6320519398807075e-09,0.0014041591461476227,9.805874310262393e-08,2.9238684013396224e-07
Random1855
Raw:1.0104241096782867e-05,2.122547334954224e-06,1.987322000788131e-05,0.49928167041624055,6.935296550282326e-09,0.49928167041624055,2.6320519398807265e-09,0.0014041591461476327,9.805874310262462e-08,2.923868401339643e-07
EFT:1.0104241096782794e-05,2.122547334954209e-06,1.987322000788117e-05,0.499281670416237,6.935296550282277e-09,0.4992816704162441,2.6320519398807075e-09,0.0014041591461476227,9.805874310262393e-08,2.9238684013396224e-07
Random1856
Raw:1.0104241096782938e-05,2.122547334954209e-06,1.987322000788117e-05,0.499281670416237,6.935296550282277e-09,0.4992816704162441,2.632051939880745e-09,0.0014041591461476427,9.805874310262393e-08,2.9238684013396224e-07
EFT:1.0104241096782794e-05,2.122547334954209e-06,1.987322000788117e-05,0.499281670416237,6.935296550282277e-09,0.4992816704162441,2.6320519398807075e-09,0.0014041591461476227,9.805874310262393e-08,2.9238684013396224e-07
Random1857
Raw:1.0104241096782794e-05,2.122547334954209e-06,1.9873220007880885e-05,0.499281670416237,6.935296550282277e-09,0.4992816704162441,2.6320519398807075e-09,0.0014041591461476026,9.805874310262393e-08,2.9238684013396224e-07
EFT:1.0104241096782794e-05,2.122547334954209e-06,1.987322000788117e-05,0.499281670416237,6.935296550282277e-09,0.4992816704162441,2.6320519398807075e-09,0.0014041591461476227,9.805874310262393e-08,2.9238684013396224e-07
Random1858
Raw:1.0104241096783009e-05,2.122547334954194e-06,1.9873220007881028e-05,0.49928167041623345,6.935296550282327e-09,0.49928167041624766,2.6320519398807638e-09,0.0014041591461476126,9.805874310262601e-08,2.9238684013396436e-07
EFT:1.0104241096782794e-05,2.122547334954209e-06,1.987322000788117e-05,0.499281670416237,6.935296550282277e-09,0.4992816704162441,2.6320519398807075e-09,0.0014041591461476227,9.805874310262393e-08,2.9238684013396224e-07
Random1859
Raw:1.0104241096782867e-05,2.122547334954194e-06,1.9873220007881028e-05,0.49928167041624055,6.935296550282326e-09,0.49928167041624055,2.6320519398807265e-09,0.0014041591461476128,9.805874310262323e-08,2.923868401339643e-07
EFT:1.0104241096782794e-05,2.122547334954209e-06,1.987322000788117e-05,0.499281670416237,6.935296550282277e-09,0.4992816704162441,2.6320519398807075e-09,0.0014041591461476227,9.805874310262393e-08,2.9238684013396224e-07
Random1860
Raw:1.0104241096782867e-05,2.122547334954224e-06,1.987322000788131e-05,0.49928167041624055,6.935296550282228e-09,0.49928167041624055,2.632051939880689e-09,0.0014041591461476327,9.805874310262462e-08,2.923868401339602e-07
EFT:1.0104241096782794e-05,2.122547334954209e-06,1.987322000788117e-05,0.499281670416237,6.935296550282277e-09,0.4992816704162441,2.6320519398807075e-09,0.0014041591461476227,9.805874310262393e-08,2.9238684013396224e-07
Random1861
Raw:1.0104241096782938e-05,2.122547334954209e-06,1.987322000788117e-05,0.499281670416237,6.935296550282277e-09,0.4992816704162441,2.632051939880745e-09,0.0014041591461476427,9.805874310262393e-08,2.9238684013396224e-07
EFT:1.0104241096782794e-05,2.122547334954209e-06,1.987322000788117e-05,0.499281670416237,6.935296550282277e-09,0.4992816704162441,2.6320519398807075e-09,0.0014041591461476227,9.805874310262393e-08,2.9238684013396224e-07
Random1862
Raw:1.0104241096783009e-05,2.122547334954224e-06,1.9873220007881028e-05,0.49928167041623345,6.935296550282327e-09,0.49928167041624766,2.6320519398807638e-09,0.0014041591461476327,9.805874310262601e-08,2.9238684013396436e-07
EFT:1.0104241096782794e-05,2.122547334954209e-06,1.987322000788117e-05,0.499281670416237,6.935296550282277e-09,0.4992816704162441,2.6320519398807075e-09,0.0014041591461476227,9.805874310262393e-08,2.9238684013396224e-07
Random1863
Raw:1.0104241096782938e-05,2.122547334954239e-06,1.987322000788145e-05,0.499281670416237,6.935296550282277e-09,0.4992816704162441,2.632051939880745e-09,0.0014041591461476427,9.805874310262393e-08,2.9238684013396637e-07
EFT:1.0104241096782794e-05,2.122547334954209e-06,1.987322000788117e-05,0.499281670416237,6.935296550282277e-09,0.4992816704162441,2.6320519398807075e-09,0.0014041591461476227,9.805874310262393e-08,2.9238684013396224e-07
Random1864
Raw:1.0104241096783009e-05,2.122547334954194e-06,1.9873220007881028e-05,0.49928167041623345,6.935296550282327e-09,0.49928167041624766,2.6320519398807638e-09,0.0014041591461476327,9.805874310262462e-08,2.9238684013396436e-07
EFT:1.0104241096782794e-05,2.122547334954209e-06,1.987322000788117e-05,0.499281670416237,6.935296550282277e-09,0.4992816704162441,2.6320519398807075e-09,0.0014041591461476227,9.805874310262393e-08,2.9238684013396224e-07
Random1865
Raw:1.0104241096782938e-05,2.122547334954239e-06,1.987322000788117e-05,0.499281670416237,6.9352965502823754e-09,0.4992816704162441,2.6320519398807824e-09,0.0014041591461476227,9.805874310262532e-08,2.9238684013396637e-07
EFT:1.0104241096782794e-05,2.122547334954209e-06,1.987322000788117e-05,0.499281670416237,6.935296550282277e-09,0.4992816704162441,2.6320519398807075e-09,0.0014041591461476227,9.805874310262393e-08,2.9238684013396224e-07
Random1866
Raw:1.0104241096782938e-05,2.122547334954239e-06,1.987322000788117e-05,0.499281670416237,6.935296550282277e-09,0.4992816704162441,2.632051939880745e-09,0.0014041591461476427,9.805874310262393e-08,2.9238684013396637e-07
EFT:1.0104241096782794e-05,2.122547334954209e-06,1.987322000788117e-05,0.499281670416237,6.935296550282277e-09,0.4992816704162441,2.6320519398807075e-09,0.0014041591461476227,9.805874310262393e-08,2.9238684013396224e-07
Random1867
Raw:1.0104241096782794e-05,2.122547334954209e-06,1.987322000788117e-05,0.499281670416237,6.935296550282277e-09,0.4992816704162441,2.6320519398807075e-09,0.0014041591461476227,9.805874310262393e-08,2.9238684013396224e-07
EFT:1.0104241096782794e-05,2.122547334954209e-06,1.987322000788117e-05,0.499281670416237,6.935296550282277e-09,0.4992816704162441,2.6320519398807075e-09,0.0014041591461476227,9.805874310262393e-08,2.9238684013396224e-07
Random1868
Raw:1.0104241096782938e-05,2.122547334954239e-06,1.987322000788145e-05,0.4992816704162441,6.9352965502823754e-09,0.499281670416237,2.632051939880745e-09,0.0014041591461476427,9.805874310262532e-08,2.9238684013396637e-07
EFT:1.0104241096782794e-05,2.122547334954209e-06,1.987322000788117e-05,0.499281670416237,6.935296550282277e-09,0.4992816704162441,2.6320519398807075e-09,0.0014041591461476227,9.805874310262393e-08,2.9238684013396224e-07
Random1869
Raw:1.0104241096782867e-05,2.1225473349542546e-06,1.987322000788131e-05,0.49928167041624055,6.935296550282326e-09,0.49928167041624055,2.6320519398807638e-09,0.0014041591461476327,9.805874310262462e-08,2.923868401339643e-07
EFT:1.0104241096782794e-05,2.122547334954209e-06,1.987322000788117e-05,0.499281670416237,6.935296550282277e-09,0.4992816704162441,2.6320519398807075e-09,0.0014041591461476227,9.805874310262393e-08,2.9238684013396224e-07
Random1870
Raw:1.0104241096782794e-05,2.122547334954239e-06,1.987322000788117e-05,0.4992816704162441,6.935296550282277e-09,0.499281670416237,2.6320519398807075e-09,0.0014041591461476227,9.805874310262393e-08,2.9238684013396224e-07
EFT:1.0104241096782794e-05,2.122547334954209e-06,1.987322000788117e-05,0.499281670416237,6.935296550282277e-09,0.4992816704162441,2.6320519398807075e-09,0.0014041591461476227,9.805874310262393e-08,2.9238684013396224e-07
Random1871
Raw:1.0104241096782867e-05,2.122547334954224e-06,1.9873220007881028e-05,0.49928167041624055,6.935296550282326e-09,0.49928167041624055,2.6320519398807265e-09,0.0014041591461476327,9.805874310262323e-08,2.923868401339643e-07
EFT:1.0104241096782794e-05,2.122547334954209e-06,1.987322000788117e-05,0.499281670416237,6.935296550282277e-09,0.4992816704162441,2.6320519398807075e-09,0.0014041591461476227,9.805874310262393e-08,2.9238684013396224e-07
Random1872
Raw:1.0104241096783009e-05,2.122547334954194e-06,1.9873220007881028e-05,0.49928167041623345,6.935296550282327e-09,0.49928167041624766,2.6320519398807638e-09,0.0014041591461476327,9.805874310262462e-08,2.9238684013396436e-07
EFT:1.0104241096782794e-05,2.122547334954209e-06,1.987322000788117e-05,0.499281670416237,6.935296550282277e-09,0.4992816704162441,2.6320519398807075e-09,0.0014041591461476227,9.805874310262393e-08,2.9238684013396224e-07
Random1873
Raw:1.0104241096782938e-05,2.122547334954209e-06,1.987322000788117e-05,0.499281670416237,6.935296550282277e-09,0.4992816704162441,2.632051939880745e-09,0.0014041591461476227,9.805874310262532e-08,2.9238684013396224e-07
EFT:1.0104241096782794e-05,2.122547334954209e-06,1.987322000788117e-05,0.499281670416237,6.935296550282277e-09,0.4992816704162441,2.6320519398807075e-09,0.0014041591461476227,9.805874310262393e-08,2.9238684013396224e-07
Random1874
Raw:1.0104241096783009e-05,2.122547334954194e-06,1.9873220007881028e-05,0.49928167041623345,6.935296550282327e-09,0.49928167041624766,2.632051939880801e-09,0.0014041591461475926,9.805874310262601e-08,2.9238684013396436e-07
EFT:1.0104241096782794e-05,2.122547334954209e-06,1.987322000788117e-05,0.499281670416237,6.935296550282277e-09,0.4992816704162441,2.6320519398807075e-09,0.0014041591461476227,9.805874310262393e-08,2.9238684013396224e-07
Random1875
Raw:1.0104241096782938e-05,2.122547334954209e-06,1.987322000788117e-05,0.499281670416237,6.9352965502823754e-09,0.4992816704162441,2.632051939880745e-09,0.0014041591461476227,9.805874310262532e-08,2.9238684013396637e-07
EFT:1.0104241096782794e-05,2.122547334954209e-06,1.987322000788117e-05,0.499281670416237,6.935296550282277e-09,0.4992816704162441,2.6320519398807075e-09,0.0014041591461476227,9.805874310262393e-08,2.9238684013396224e-07
Random1876
Raw:1.0104241096782938e-05,2.122547334954239e-06,1.987322000788145e-05,0.499281670416237,6.935296550282277e-09,0.4992816704162441,2.632051939880745e-09,0.0014041591461476427,9.805874310262393e-08,2.9238684013396637e-07
EFT:1.0104241096782794e-05,2.122547334954209e-06,1.987322000788117e-05,0.499281670416237,6.935296550282277e-09,0.4992816704162441,2.6320519398807075e-09,0.0014041591461476227,9.805874310262393e-08,2.9238684013396224e-07
Random1877
Raw:1.0104241096782938e-05,2.122547334954239e-06,1.9873220007880885e-05,0.499281670416237,6.935296550282277e-09,0.4992816704162441,2.632051939880745e-09,0.0014041591461476227,9.805874310262532e-08,2.9238684013396224e-07
EFT:1.0104241096782794e-05,2.122547334954209e-06,1.987322000788117e-05,0.499281670416237,6.935296550282277e-09,0.4992816704162441,2.6320519398807075e-09,0.0014041591461476227,9.805874310262393e-08,2.9238684013396224e-07
Random1878
Raw:1.0104241096782867e-05,2.122547334954224e-06,1.987322000788131e-05,0.49928167041624055,6.935296550282326e-09,0.49928167041624055,2.6320519398807265e-09,0.0014041591461476327,9.805874310262323e-08,2.923868401339643e-07
EFT:1.0104241096782794e-05,2.122547334954209e-06,1.987322000788117e-05,0.499281670416237,6.935296550282277e-09,0.4992816704162441,2.6320519398807075e-09,0.0014041591461476227,9.805874310262393e-08,2.9238684013396224e-07
Random1879
Raw:1.0104241096782723e-05,2.122547334954194e-06,1.9873220007881028e-05,0.49928167041624055,6.93529655028213e-09,0.49928167041624055,2.6320519398806513e-09,0.0014041591461476128,9.805874310262323e-08,2.923868401339602e-07
EFT:1.0104241096782794e-05,2.122547334954209e-06,1.987322000788117e-05,0.499281670416237,6.935296550282277e-09,0.4992816704162441,2.6320519398807075e-09,0.0014041591461476227,9.805874310262393e-08,2.9238684013396224e-07
Random1880
Raw:1.0104241096782938e-05,2.1225473349541788e-06,1.9873220007880885e-05,0.499281670416237,6.935296550282277e-09,0.4992816704162441,2.632051939880745e-09,0.0014041591461476026,9.805874310262532e-08,2.9238684013396224e-07
EFT:1.0104241096782794e-05,2.122547334954209e-06,1.987322000788117e-05,0.499281670416237,6.935296550282277e-09,0.4992816704162441,2.6320519398807075e-09,0.0014041591461476227,9.805874310262393e-08,2.9238684013396224e-07
Random1881
Raw:1.0104241096782867e-05,2.122547334954224e-06,1.987322000788131e-05,0.49928167041624055,6.935296550282228e-09,0.49928167041624055,2.632051939880689e-09,0.0014041591461476327,9.805874310262323e-08,2.923868401339643e-07
EFT:1.0104241096782794e-05,2.122547334954209e-06,1.987322000788117e-05,0.499281670416237,6.935296550282277e-09,0.4992816704162441,2.6320519398807075e-09,0.0014041591461476227,9.805874310262393e-08,2.9238684013396224e-07
Random1882
Raw:1.0104241096783009e-05,2.122547334954224e-06,1.9873220007881028e-05,0.49928167041623345,6.935296550282327e-09,0.49928167041624766,2.6320519398807638e-09,0.0014041591461476327,9.805874310262601e-08,2.9238684013396436e-07
EFT:1.0104241096782794e-05,2.122547334954209e-06,1.987322000788117e-05,0.499281670416237,6.935296550282277e-09,0.4992816704162441,2.6320519398807075e-09,0.0014041591461476227,9.805874310262393e-08,2.9238684013396224e-07
Random1883
Raw:1.0104241096782867e-05,2.122547334954224e-06,1.987322000788131e-05,0.49928167041624055,6.935296550282326e-09,0.49928167041624055,2.6320519398807265e-09,0.0014041591461476327,9.805874310262462e-08,2.923868401339643e-07
EFT:1.0104241096782794e-05,2.122547334954209e-06,1.987322000788117e-05,0.499281670416237,6.935296550282277e-09,0.4992816704162441,2.6320519398807075e-09,0.0014041591461476227,9.805874310262393e-08,2.9238684013396224e-07
Random1884
Raw:1.0104241096782794e-05,2.122547334954209e-06,1.987322000788117e-05,0.499281670416237,6.935296550282277e-09,0.4992816704162441,2.6320519398807075e-09,0.0014041591461476227,9.805874310262393e-08,2.9238684013396224e-07
EFT:1.0104241096782794e-05,2.122547334954209e-06,1.987322000788117e-05,0.499281670416237,6.935296550282277e-09,0.4992816704162441,2.6320519398807075e-09,0.0014041591461476227,9.805874310262393e-08,2.9238684013396224e-07
Random1885
Raw:1.0104241096782938e-05,2.122547334954209e-06,1.987322000788117e-05,0.499281670416237,6.9352965502823754e-09,0.4992816704162441,2.632051939880745e-09,0.0014041591461476227,9.805874310262672e-08,2.9238684013396637e-07
EFT:1.0104241096782794e-05,2.122547334954209e-06,1.987322000788117e-05,0.499281670416237,6.935296550282277e-09,0.4992816704162441,2.6320519398807075e-09,0.0014041591461476227,9.805874310262393e-08,2.9238684013396224e-07
Random1886
Raw:1.0104241096782938e-05,2.122547334954209e-06,1.987322000788117e-05,0.499281670416237,6.9352965502823754e-09,0.4992816704162441,2.632051939880745e-09,0.0014041591461476227,9.805874310262532e-08,2.9238684013396637e-07
EFT:1.0104241096782794e-05,2.122547334954209e-06,1.987322000788117e-05,0.499281670416237,6.935296550282277e-09,0.4992816704162441,2.6320519398807075e-09,0.0014041591461476227,9.805874310262393e-08,2.9238684013396224e-07
Random1887
Raw:1.0104241096782938e-05,2.122547334954239e-06,1.9873220007880885e-05,0.499281670416237,6.935296550282277e-09,0.4992816704162441,2.632051939880745e-09,0.0014041591461476227,9.805874310262532e-08,2.9238684013396224e-07
EFT:1.0104241096782794e-05,2.122547334954209e-06,1.987322000788117e-05,0.499281670416237,6.935296550282277e-09,0.4992816704162441,2.6320519398807075e-09,0.0014041591461476227,9.805874310262393e-08,2.9238684013396224e-07
Random1888
Raw:1.0104241096782938e-05,2.1225473349541788e-06,1.9873220007880885e-05,0.4992816704162299,6.935296550282277e-09,0.49928167041625116,2.632051939880745e-09,0.0014041591461476225,9.805874310262253e-08,2.9238684013396224e-07
EFT:1.0104241096782794e-05,2.122547334954209e-06,1.987322000788117e-05,0.499281670416237,6.935296550282277e-09,0.4992816704162441,2.6320519398807075e-09,0.0014041591461476227,9.805874310262393e-08,2.9238684013396224e-07
Random1889
Raw:1.0104241096782938e-05,2.122547334954239e-06,1.987322000788145e-05,0.499281670416237,6.935296550282277e-09,0.4992816704162441,2.632051939880745e-09,0.0014041591461476427,9.805874310262532e-08,2.9238684013396224e-07
EFT:1.0104241096782794e-05,2.122547334954209e-06,1.987322000788117e-05,0.499281670416237,6.935296550282277e-09,0.4992816704162441,2.6320519398807075e-09,0.0014041591461476227,9.805874310262393e-08,2.9238684013396224e-07
Random1890
Raw:1.0104241096782938e-05,2.122547334954209e-06,1.987322000788117e-05,0.499281670416237,6.935296550282277e-09,0.4992816704162441,2.632051939880745e-09,0.0014041591461476227,9.805874310262532e-08,2.9238684013396224e-07
EFT:1.0104241096782794e-05,2.122547334954209e-06,1.987322000788117e-05,0.499281670416237,6.935296550282277e-09,0.4992816704162441,2.6320519398807075e-09,0.0014041591461476227,9.805874310262393e-08,2.9238684013396224e-07
Random1891
Raw:1.0104241096782867e-05,2.1225473349542546e-06,1.987322000788131e-05,0.49928167041624055,6.935296550282326e-09,0.49928167041624055,2.6320519398807638e-09,0.0014041591461476128,9.805874310262462e-08,2.923868401339643e-07
EFT:1.0104241096782794e-05,2.122547334954209e-06,1.987322000788117e-05,0.499281670416237,6.935296550282277e-09,0.4992816704162441,2.6320519398807075e-09,0.0014041591461476227,9.805874310262393e-08,2.9238684013396224e-07
Random1892
Raw:1.0104241096782938e-05,2.122547334954209e-06,1.987322000788117e-05,0.499281670416237,6.9352965502823754e-09,0.4992816704162441,2.632051939880745e-09,0.0014041591461476227,9.805874310262393e-08,2.9238684013396637e-07
EFT:1.0104241096782794e-05,2.122547334954209e-06,1.987322000788117e-05,0.499281670416237,6.935296550282277e-09,0.4992816704162441,2.6320519398807075e-09,0.0014041591461476227,9.805874310262393e-08,2.9238684013396224e-07
Random1893
Raw:1.0104241096782938e-05,2.122547334954209e-06,1.987322000788117e-05,0.499281670416237,6.9352965502823754e-09,0.4992816704162441,2.632051939880745e-09,0.0014041591461476227,9.805874310262393e-08,2.9238684013396637e-07
EFT:1.0104241096782794e-05,2.122547334954209e-06,1.987322000788117e-05,0.499281670416237,6.935296550282277e-09,0.4992816704162441,2.6320519398807075e-09,0.0014041591461476227,9.805874310262393e-08,2.9238684013396224e-07
Random1894
Raw:1.0104241096782867e-05,2.1225473349542546e-06,1.987322000788131e-05,0.49928167041624055,6.935296550282326e-09,0.49928167041624055,2.6320519398807638e-09,0.0014041591461476327,9.805874310262462e-08,2.923868401339643e-07
EFT:1.0104241096782794e-05,2.122547334954209e-06,1.987322000788117e-05,0.499281670416237,6.935296550282277e-09,0.4992816704162441,2.6320519398807075e-09,0.0014041591461476227,9.805874310262393e-08,2.9238684013396224e-07
Random1895
Raw:1.0104241096782867e-05,2.122547334954194e-06,1.9873220007881028e-05,0.49928167041624055,6.935296550282326e-09,0.49928167041624055,2.6320519398807265e-09,0.0014041591461476128,9.805874310262602e-08,2.923868401339643e-07
EFT:1.0104241096782794e-05,2.122547334954209e-06,1.987322000788117e-05,0.499281670416237,6.935296550282277e-09,0.4992816704162441,2.6320519398807075e-09,0.0014041591461476227,9.805874310262393e-08,2.9238684013396224e-07
Random1896
Raw:1.0104241096783009e-05,2.122547334954224e-06,1.9873220007881028e-05,0.49928167041623345,6.935296550282327e-09,0.49928167041624766,2.6320519398807638e-09,0.0014041591461476327,9.805874310262601e-08,2.9238684013396436e-07
EFT:1.0104241096782794e-05,2.122547334954209e-06,1.987322000788117e-05,0.499281670416237,6.935296550282277e-09,0.4992816704162441,2.6320519398807075e-09,0.0014041591461476227,9.805874310262393e-08,2.9238684013396224e-07
Random1897
Raw:1.0104241096782867e-05,2.122547334954224e-06,1.987322000788131e-05,0.49928167041624055,6.935296550282326e-09,0.49928167041624055,2.6320519398807265e-09,0.0014041591461476327,9.805874310262462e-08,2.923868401339643e-07
EFT:1.0104241096782794e-05,2.122547334954209e-06,1.987322000788117e-05,0.499281670416237,6.935296550282277e-09,0.4992816704162441,2.6320519398807075e-09,0.0014041591461476227,9.805874310262393e-08,2.9238684013396224e-07
Random1898
Raw:1.0104241096782867e-05,2.122547334954224e-06,1.9873220007881028e-05,0.49928167041624055,6.935296550282326e-09,0.49928167041624055,2.6320519398807265e-09,0.0014041591461476327,9.805874310262323e-08,2.923868401339643e-07
EFT:1.0104241096782794e-05,2.122547334954209e-06,1.987322000788117e-05,0.499281670416237,6.935296550282277e-09,0.4992816704162441,2.6320519398807075e-09,0.0014041591461476227,9.805874310262393e-08,2.9238684013396224e-07
Random1899
Raw:1.0104241096782938e-05,2.122547334954209e-06,1.987322000788117e-05,0.499281670416237,6.9352965502823754e-09,0.4992816704162441,2.632051939880745e-09,0.0014041591461476227,9.805874310262532e-08,2.9238684013396637e-07
EFT:1.0104241096782794e-05,2.122547334954209e-06,1.987322000788117e-05,0.499281670416237,6.935296550282277e-09,0.4992816704162441,2.6320519398807075e-09,0.0014041591461476227,9.805874310262393e-08,2.9238684013396224e-07
Random1900
Raw:1.0104241096783009e-05,2.122547334954224e-06,1.987322000788131e-05,0.49928167041623345,6.935296550282327e-09,0.49928167041624766,2.6320519398807638e-09,0.0014041591461476327,9.805874310262462e-08,2.923868401339685e-07
EFT:1.0104241096782794e-05,2.122547334954209e-06,1.987322000788117e-05,0.499281670416237,6.935296550282277e-09,0.4992816704162441,2.6320519398807075e-09,0.0014041591461476227,9.805874310262393e-08,2.9238684013396224e-07
Random1901
Raw:1.0104241096783082e-05,2.122547334954239e-06,1.9873220007881167e-05,0.4992816704162299,6.9352965502823754e-09,0.49928167041625116,2.6320519398808196e-09,0.0014041591461476225,9.805874310262671e-08,2.923868401339664e-07
EFT:1.0104241096782794e-05,2.122547334954209e-06,1.987322000788117e-05,0.499281670416237,6.935296550282277e-09,0.4992816704162441,2.6320519398807075e-09,0.0014041591461476227,9.805874310262393e-08,2.9238684013396224e-07
Random1902
Raw:1.0104241096783009e-05,2.122547334954224e-06,1.987322000788131e-05,0.49928167041623345,6.935296550282327e-09,0.49928167041624766,2.6320519398807638e-09,0.0014041591461476327,9.805874310262462e-08,2.923868401339685e-07
EFT:1.0104241096782794e-05,2.122547334954209e-06,1.987322000788117e-05,0.499281670416237,6.935296550282277e-09,0.4992816704162441,2.6320519398807075e-09,0.0014041591461476227,9.805874310262393e-08,2.9238684013396224e-07
Random1903
Raw:1.0104241096782865e-05,2.122547334954194e-06,1.9873220007881028e-05,0.49928167041623345,6.935296550282327e-09,0.49928167041624766,2.632051939880726e-09,0.0014041591461476126,9.805874310262462e-08,2.9238684013396436e-07
EFT:1.0104241096782794e-05,2.122547334954209e-06,1.987322000788117e-05,0.499281670416237,6.935296550282277e-09,0.4992816704162441,2.6320519398807075e-09,0.0014041591461476227,9.805874310262393e-08,2.9238684013396224e-07
Random1904
Raw:1.0104241096783009e-05,2.122547334954224e-06,1.987322000788131e-05,0.49928167041623345,6.935296550282424e-09,0.49928167041624766,2.6320519398807638e-09,0.0014041591461476327,9.805874310262601e-08,2.923868401339685e-07
EFT:1.0104241096782794e-05,2.122547334954209e-06,1.987322000788117e-05,0.499281670416237,6.935296550282277e-09,0.4992816704162441,2.6320519398807075e-09,0.0014041591461476227,9.805874310262393e-08,2.9238684013396224e-07
Random1905
Raw:1.0104241096783009e-05,2.122547334954224e-06,1.987322000788131e-05,0.49928167041623345,6.935296550282327e-09,0.49928167041624766,2.6320519398807638e-09,0.0014041591461476327,9.805874310262601e-08,2.9238684013396436e-07
EFT:1.0104241096782794e-05,2.122547334954209e-06,1.987322000788117e-05,0.499281670416237,6.935296550282277e-09,0.4992816704162441,2.6320519398807075e-09,0.0014041591461476227,9.805874310262393e-08,2.9238684013396224e-07
Random1906
Raw:1.0104241096782867e-05,2.122547334954224e-06,1.987322000788131e-05,0.49928167041624055,6.935296550282326e-09,0.49928167041624055,2.6320519398807265e-09,0.0014041591461476327,9.805874310262462e-08,2.923868401339643e-07
EFT:1.0104241096782794e-05,2.122547334954209e-06,1.987322000788117e-05,0.499281670416237,6.935296550282277e-09,0.4992816704162441,2.6320519398807075e-09,0.0014041591461476227,9.805874310262393e-08,2.9238684013396224e-07
Random1907
Raw:1.0104241096782794e-05,2.1225473349541788e-06,1.9873220007880885e-05,0.499281670416237,6.935296550282277e-09,0.4992816704162441,2.632051939880745e-09,0.0014041591461476026,9.805874310262254e-08,2.9238684013396224e-07
EFT:1.0104241096782794e-05,2.122547334954209e-06,1.987322000788117e-05,0.499281670416237,6.935296550282277e-09,0.4992816704162441,2.6320519398807075e-09,0.0014041591461476227,9.805874310262393e-08,2.9238684013396224e-07
Random1908
Raw:1.0104241096782938e-05,2.122547334954209e-06,1.987322000788117e-05,0.499281670416237,6.9352965502823754e-09,0.4992816704162441,2.632051939880745e-09,0.0014041591461476227,9.805874310262532e-08,2.9238684013396637e-07
EFT:1.0104241096782794e-05,2.122547334954209e-06,1.987322000788117e-05,0.499281670416237,6.935296550282277e-09,0.4992816704162441,2.6320519398807075e-09,0.0014041591461476227,9.805874310262393e-08,2.9238684013396224e-07
Random1909
Raw:1.0104241096782938e-05,2.122547334954209e-06,1.9873220007880885e-05,0.499281670416237,6.935296550282277e-09,0.4992816704162441,2.632051939880745e-09,0.0014041591461476227,9.805874310262532e-08,2.9238684013396224e-07
EFT:1.0104241096782794e-05,2.122547334954209e-06,1.987322000788117e-05,0.499281670416237,6.935296550282277e-09,0.4992816704162441,2.6320519398807075e-09,0.0014041591461476227,9.805874310262393e-08,2.9238684013396224e-07
Random1910
Raw:1.0104241096782938e-05,2.122547334954209e-06,1.987322000788117e-05,0.499281670416237,6.9352965502823754e-09,0.4992816704162441,2.632051939880745e-09,0.0014041591461476227,9.805874310262393e-08,2.9238684013396637e-07
EFT:1.0104241096782794e-05,2.122547334954209e-06,1.987322000788117e-05,0.499281670416237,6.935296550282277e-09,0.4992816704162441,2.6320519398807075e-09,0.0014041591461476227,9.805874310262393e-08,2.9238684013396224e-07
Random1911
Raw:1.0104241096782867e-05,2.122547334954194e-06,1.9873220007881028e-05,0.49928167041624055,6.935296550282326e-09,0.49928167041624055,2.6320519398807265e-09,0.0014041591461476128,9.805874310262602e-08,2.923868401339643e-07
EFT:1.0104241096782794e-05,2.122547334954209e-06,1.987322000788117e-05,0.499281670416237,6.935296550282277e-09,0.4992816704162441,2.6320519398807075e-09,0.0014041591461476227,9.805874310262393e-08,2.9238684013396224e-07
Random1912
Raw:1.0104241096782938e-05,2.122547334954209e-06,1.987322000788117e-05,0.499281670416237,6.935296550282277e-09,0.4992816704162441,2.632051939880745e-09,0.0014041591461476427,9.805874310262393e-08,2.9238684013396224e-07
EFT:1.0104241096782794e-05,2.122547334954209e-06,1.987322000788117e-05,0.499281670416237,6.935296550282277e-09,0.4992816704162441,2.6320519398807075e-09,0.0014041591461476227,9.805874310262393e-08,2.9238684013396224e-07
Random1913
Raw:1.0104241096782794e-05,2.122547334954209e-06,1.987322000788117e-05,0.499281670416237,6.935296550282277e-09,0.4992816704162441,2.6320519398807075e-09,0.0014041591461476227,9.805874310262393e-08,2.9238684013396224e-07
EFT:1.0104241096782794e-05,2.122547334954209e-06,1.987322000788117e-05,0.499281670416237,6.935296550282277e-09,0.4992816704162441,2.6320519398807075e-09,0.0014041591461476227,9.805874310262393e-08,2.9238684013396224e-07
Random1914
Raw:1.0104241096782938e-05,2.122547334954209e-06,1.987322000788117e-05,0.499281670416237,6.935296550282277e-09,0.4992816704162441,2.632051939880745e-09,0.0014041591461476427,9.805874310262393e-08,2.9238684013396224e-07
EFT:1.0104241096782794e-05,2.122547334954209e-06,1.987322000788117e-05,0.499281670416237,6.935296550282277e-09,0.4992816704162441,2.6320519398807075e-09,0.0014041591461476227,9.805874310262393e-08,2.9238684013396224e-07
Random1915
Raw:1.0104241096782938e-05,2.122547334954209e-06,1.987322000788117e-05,0.499281670416237,6.935296550282277e-09,0.4992816704162441,2.632051939880745e-09,0.0014041591461476427,9.805874310262393e-08,2.9238684013396224e-07
EFT:1.0104241096782794e-05,2.122547334954209e-06,1.987322000788117e-05,0.499281670416237,6.935296550282277e-09,0.4992816704162441,2.6320519398807075e-09,0.0014041591461476227,9.805874310262393e-08,2.9238684013396224e-07
Random1916
Raw:1.0104241096782938e-05,2.122547334954239e-06,1.9873220007880885e-05,0.499281670416237,6.935296550282277e-09,0.4992816704162441,2.632051939880745e-09,0.0014041591461476227,9.805874310262532e-08,2.9238684013396224e-07
EFT:1.0104241096782794e-05,2.122547334954209e-06,1.987322000788117e-05,0.499281670416237,6.935296550282277e-09,0.4992816704162441,2.6320519398807075e-09,0.0014041591461476227,9.805874310262393e-08,2.9238684013396224e-07
Random1917
Raw:1.0104241096782867e-05,2.122547334954224e-06,1.987322000788131e-05,0.49928167041624055,6.935296550282326e-09,0.49928167041624055,2.6320519398807638e-09,0.0014041591461476128,9.805874310262462e-08,2.923868401339643e-07
EFT:1.0104241096782794e-05,2.122547334954209e-06,1.987322000788117e-05,0.499281670416237,6.935296550282277e-09,0.4992816704162441,2.6320519398807075e-09,0.0014041591461476227,9.805874310262393e-08,2.9238684013396224e-07
Random1918
Raw:1.0104241096782867e-05,2.122547334954194e-06,1.9873220007881028e-05,0.49928167041624055,6.935296550282228e-09,0.49928167041624055,2.632051939880689e-09,0.0014041591461476128,9.805874310262462e-08,2.923868401339602e-07
EFT:1.0104241096782794e-05,2.122547334954209e-06,1.987322000788117e-05,0.499281670416237,6.935296550282277e-09,0.4992816704162441,2.6320519398807075e-09,0.0014041591461476227,9.805874310262393e-08,2.9238684013396224e-07
Random1919
Raw:1.0104241096782938e-05,2.122547334954209e-06,1.987322000788117e-05,0.499281670416237,6.9352965502823754e-09,0.4992816704162441,2.632051939880745e-09,0.0014041591461476227,9.805874310262393e-08,2.9238684013396637e-07
EFT:1.0104241096782794e-05,2.122547334954209e-06,1.987322000788117e-05,0.499281670416237,6.935296550282277e-09,0.4992816704162441,2.6320519398807075e-09,0.0014041591461476227,9.805874310262393e-08,2.9238684013396224e-07
Random1920
Raw:1.0104241096782938e-05,2.1225473349541788e-06,1.9873220007880885e-05,0.499281670416237,6.935296550282277e-09,0.4992816704162441,2.632051939880745e-09,0.0014041591461476026,9.805874310262532e-08,2.9238684013396224e-07
EFT:1.0104241096782794e-05,2.122547334954209e-06,1.987322000788117e-05,0.499281670416237,6.935296550282277e-09,0.4992816704162441,2.6320519398807075e-09,0.0014041591461476227,9.805874310262393e-08,2.9238684013396224e-07
Random1921
Raw:1.0104241096782938e-05,2.1225473349541788e-06,1.9873220007880885e-05,0.4992816704162299,6.935296550282277e-09,0.49928167041625116,2.632051939880745e-09,0.0014041591461476225,9.805874310262393e-08,2.9238684013396224e-07
EFT:1.0104241096782794e-05,2.122547334954209e-06,1.987322000788117e-05,0.499281670416237,6.935296550282277e-09,0.4992816704162441,2.6320519398807075e-09,0.0014041591461476227,9.805874310262393e-08,2.9238684013396224e-07
Random1922
Raw:1.0104241096782794e-05,2.122547334954209e-06,1.987322000788117e-05,0.499281670416237,6.935296550282277e-09,0.4992816704162441,2.6320519398807075e-09,0.0014041591461476227,9.805874310262393e-08,2.9238684013396224e-07
EFT:1.0104241096782794e-05,2.122547334954209e-06,1.987322000788117e-05,0.499281670416237,6.935296550282277e-09,0.4992816704162441,2.6320519398807075e-09,0.0014041591461476227,9.805874310262393e-08,2.9238684013396224e-07
Random1923
Raw:1.0104241096783009e-05,2.122547334954224e-06,1.987322000788131e-05,0.49928167041623345,6.935296550282327e-09,0.49928167041624766,2.6320519398807638e-09,0.0014041591461476327,9.805874310262462e-08,2.923868401339685e-07
EFT:1.0104241096782794e-05,2.122547334954209e-06,1.987322000788117e-05,0.499281670416237,6.935296550282277e-09,0.4992816704162441,2.6320519398807075e-09,0.0014041591461476227,9.805874310262393e-08,2.9238684013396224e-07
Random1924
Raw:1.0104241096782938e-05,2.122547334954209e-06,1.987322000788117e-05,0.499281670416237,6.935296550282277e-09,0.4992816704162441,2.632051939880745e-09,0.0014041591461476227,9.805874310262532e-08,2.9238684013396224e-07
EFT:1.0104241096782794e-05,2.122547334954209e-06,1.987322000788117e-05,0.499281670416237,6.935296550282277e-09,0.4992816704162441,2.6320519398807075e-09,0.0014041591461476227,9.805874310262393e-08,2.9238684013396224e-07
Random1925
Raw:1.0104241096782867e-05,2.122547334954194e-06,1.9873220007881028e-05,0.49928167041624055,6.935296550282326e-09,0.49928167041624055,2.6320519398807265e-09,0.0014041591461476128,9.805874310262323e-08,2.923868401339643e-07
EFT:1.0104241096782794e-05,2.122547334954209e-06,1.987322000788117e-05,0.499281670416237,6.935296550282277e-09,0.4992816704162441,2.6320519398807075e-09,0.0014041591461476227,9.805874310262393e-08,2.9238684013396224e-07
Random1926
Raw:1.0104241096782794e-05,2.122547334954209e-06,1.987322000788117e-05,0.499281670416237,6.935296550282277e-09,0.4992816704162441,2.6320519398807075e-09,0.0014041591461476227,9.805874310262393e-08,2.9238684013396224e-07
EFT:1.0104241096782794e-05,2.122547334954209e-06,1.987322000788117e-05,0.499281670416237,6.935296550282277e-09,0.4992816704162441,2.6320519398807075e-09,0.0014041591461476227,9.805874310262393e-08,2.9238684013396224e-07
Random1927
Raw:1.0104241096782938e-05,2.122547334954209e-06,1.987322000788117e-05,0.499281670416237,6.9352965502823754e-09,0.4992816704162441,2.6320519398807824e-09,0.0014041591461476026,9.805874310262672e-08,2.9238684013396637e-07
EFT:1.0104241096782794e-05,2.122547334954209e-06,1.987322000788117e-05,0.499281670416237,6.935296550282277e-09,0.4992816704162441,2.6320519398807075e-09,0.0014041591461476227,9.805874310262393e-08,2.9238684013396224e-07
Random1928
Raw:1.0104241096782867e-05,2.122547334954224e-06,1.987322000788131e-05,0.49928167041624055,6.935296550282326e-09,0.49928167041624055,2.6320519398807265e-09,0.0014041591461476327,9.805874310262323e-08,2.923868401339643e-07
EFT:1.0104241096782794e-05,2.122547334954209e-06,1.987322000788117e-05,0.499281670416237,6.935296550282277e-09,0.4992816704162441,2.6320519398807075e-09,0.0014041591461476227,9.805874310262393e-08,2.9238684013396224e-07
Random1929
Raw:1.0104241096782867e-05,2.1225473349542546e-06,1.987322000788131e-05,0.49928167041624055,6.935296550282326e-09,0.49928167041624055,2.6320519398807638e-09,0.0014041591461476327,9.805874310262462e-08,2.923868401339643e-07
EFT:1.0104241096782794e-05,2.122547334954209e-06,1.987322000788117e-05,0.499281670416237,6.935296550282277e-09,0.4992816704162441,2.6320519398807075e-09,0.0014041591461476227,9.805874310262393e-08,2.9238684013396224e-07
Random1930
Raw:1.0104241096783009e-05,2.122547334954224e-06,1.987322000788131e-05,0.49928167041623345,6.935296550282327e-09,0.49928167041624766,2.6320519398807638e-09,0.0014041591461476327,9.805874310262601e-08,2.9238684013396436e-07
EFT:1.0104241096782794e-05,2.122547334954209e-06,1.987322000788117e-05,0.499281670416237,6.935296550282277e-09,0.4992816704162441,2.6320519398807075e-09,0.0014041591461476227,9.805874310262393e-08,2.9238684013396224e-07
Random1931
Raw:1.0104241096782867e-05,2.122547334954224e-06,1.987322000788131e-05,0.49928167041624055,6.935296550282326e-09,0.49928167041624055,2.6320519398807265e-09,0.0014041591461476327,9.805874310262323e-08,2.923868401339643e-07
EFT:1.0104241096782794e-05,2.122547334954209e-06,1.987322000788117e-05,0.499281670416237,6.935296550282277e-09,0.4992816704162441,2.6320519398807075e-09,0.0014041591461476227,9.805874310262393e-08,2.9238684013396224e-07
Random1932
Raw:1.0104241096782938e-05,2.122547334954209e-06,1.987322000788117e-05,0.499281670416237,6.9352965502823754e-09,0.4992816704162441,2.6320519398807824e-09,0.0014041591461476227,9.805874310262532e-08,2.9238684013396637e-07
EFT:1.0104241096782794e-05,2.122547334954209e-06,1.987322000788117e-05,0.499281670416237,6.935296550282277e-09,0.4992816704162441,2.6320519398807075e-09,0.0014041591461476227,9.805874310262393e-08,2.9238684013396224e-07
Random1933
Raw:1.0104241096782938e-05,2.122547334954239e-06,1.987322000788145e-05,0.499281670416237,6.9352965502823754e-09,0.4992816704162441,2.632051939880745e-09,0.0014041591461476227,9.805874310262532e-08,2.9238684013396637e-07
EFT:1.0104241096782794e-05,2.122547334954209e-06,1.987322000788117e-05,0.499281670416237,6.935296550282277e-09,0.4992816704162441,2.6320519398807075e-09,0.0014041591461476227,9.805874310262393e-08,2.9238684013396224e-07
Random1934
Raw:1.0104241096782938e-05,2.122547334954209e-06,1.987322000788117e-05,0.499281670416237,6.9352965502823754e-09,0.4992816704162441,2.632051939880745e-09,0.0014041591461476227,9.805874310262532e-08,2.9238684013396637e-07
EFT:1.0104241096782794e-05,2.122547334954209e-06,1.987322000788117e-05,0.499281670416237,6.935296550282277e-09,0.4992816704162441,2.6320519398807075e-09,0.0014041591461476227,9.805874310262393e-08,2.9238684013396224e-07
Random1935
Raw:1.0104241096782867e-05,2.122547334954224e-06,1.9873220007881028e-05,0.49928167041624055,6.935296550282326e-09,0.49928167041624055,2.6320519398807638e-09,0.0014041591461476128,9.805874310262462e-08,2.923868401339643e-07
EFT:1.0104241096782794e-05,2.122547334954209e-06,1.987322000788117e-05,0.499281670416237,6.935296550282277e-09,0.4992816704162441,2.6320519398807075e-09,0.0014041591461476227,9.805874310262393e-08,2.9238684013396224e-07
Random1936
Raw:1.0104241096782723e-05,2.122547334954194e-06,1.9873220007881028e-05,0.49928167041624055,6.93529655028213e-09,0.49928167041624055,2.6320519398806513e-09,0.0014041591461476327,9.805874310262323e-08,2.923868401339602e-07
EFT:1.0104241096782794e-05,2.122547334954209e-06,1.987322000788117e-05,0.499281670416237,6.935296550282277e-09,0.4992816704162441,2.6320519398807075e-09,0.0014041591461476227,9.805874310262393e-08,2.9238684013396224e-07
Random1937
Raw:1.0104241096782938e-05,2.122547334954239e-06,1.987322000788145e-05,0.499281670416237,6.935296550282277e-09,0.4992816704162441,2.632051939880745e-09,0.0014041591461476227,9.805874310262532e-08,2.9238684013396224e-07
EFT:1.0104241096782794e-05,2.122547334954209e-06,1.987322000788117e-05,0.499281670416237,6.935296550282277e-09,0.4992816704162441,2.6320519398807075e-09,0.0014041591461476227,9.805874310262393e-08,2.9238684013396224e-07
Random1938
Raw:1.0104241096782938e-05,2.122547334954209e-06,1.987322000788117e-05,0.499281670416237,6.935296550282277e-09,0.4992816704162441,2.632051939880745e-09,0.0014041591461476427,9.805874310262393e-08,2.9238684013396224e-07
EFT:1.0104241096782794e-05,2.122547334954209e-06,1.987322000788117e-05,0.499281670416237,6.935296550282277e-09,0.4992816704162441,2.6320519398807075e-09,0.0014041591461476227,9.805874310262393e-08,2.9238684013396224e-07
Random1939
Raw:1.0104241096782938e-05,2.122547334954209e-06,1.987322000788117e-05,0.499281670416237,6.935296550282277e-09,0.4992816704162441,2.632051939880745e-09,0.0014041591461476227,9.805874310262393e-08,2.9238684013396637e-07
EFT:1.0104241096782794e-05,2.122547334954209e-06,1.987322000788117e-05,0.499281670416237,6.935296550282277e-09,0.4992816704162441,2.6320519398807075e-09,0.0014041591461476227,9.805874310262393e-08,2.9238684013396224e-07
Random1940
Raw:1.0104241096782865e-05,2.122547334954194e-06,1.9873220007881028e-05,0.49928167041623345,6.935296550282228e-09,0.49928167041624766,2.632051939880726e-09,0.0014041591461476126,9.805874310262462e-08,2.9238684013396436e-07
EFT:1.0104241096782794e-05,2.122547334954209e-06,1.987322000788117e-05,0.499281670416237,6.935296550282277e-09,0.4992816704162441,2.6320519398807075e-09,0.0014041591461476227,9.805874310262393e-08,2.9238684013396224e-07
Random1941
Raw:1.0104241096782938e-05,2.122547334954239e-06,1.987322000788117e-05,0.499281670416237,6.935296550282277e-09,0.4992816704162441,2.632051939880745e-09,0.0014041591461476427,9.805874310262532e-08,2.9238684013396224e-07
EFT:1.0104241096782794e-05,2.122547334954209e-06,1.987322000788117e-05,0.499281670416237,6.935296550282277e-09,0.4992816704162441,2.6320519398807075e-09,0.0014041591461476227,9.805874310262393e-08,2.9238684013396224e-07
Random1942
Raw:1.0104241096782938e-05,2.122547334954209e-06,1.9873220007880885e-05,0.499281670416237,6.935296550282277e-09,0.4992816704162441,2.632051939880745e-09,0.0014041591461476227,9.805874310262532e-08,2.9238684013396224e-07
EFT:1.0104241096782794e-05,2.122547334954209e-06,1.987322000788117e-05,0.499281670416237,6.935296550282277e-09,0.4992816704162441,2.6320519398807075e-09,0.0014041591461476227,9.805874310262393e-08,2.9238684013396224e-07
Random1943
Raw:1.0104241096782938e-05,2.122547334954209e-06,1.987322000788117e-05,0.499281670416237,6.935296550282277e-09,0.4992816704162441,2.632051939880745e-09,0.0014041591461476227,9.805874310262532e-08,2.9238684013396224e-07
EFT:1.0104241096782794e-05,2.122547334954209e-06,1.987322000788117e-05,0.499281670416237,6.935296550282277e-09,0.4992816704162441,2.6320519398807075e-09,0.0014041591461476227,9.805874310262393e-08,2.9238684013396224e-07
Random1944
Raw:1.0104241096782867e-05,2.122547334954194e-06,1.9873220007881028e-05,0.49928167041624055,6.935296550282326e-09,0.49928167041624055,2.6320519398807265e-09,0.0014041591461476128,9.805874310262323e-08,2.923868401339643e-07
EFT:1.0104241096782794e-05,2.122547334954209e-06,1.987322000788117e-05,0.499281670416237,6.935296550282277e-09,0.4992816704162441,2.6320519398807075e-09,0.0014041591461476227,9.805874310262393e-08,2.9238684013396224e-07
Random1945
Raw:1.0104241096782938e-05,2.122547334954209e-06,1.987322000788117e-05,0.499281670416237,6.935296550282277e-09,0.4992816704162441,2.632051939880745e-09,0.0014041591461476227,9.805874310262393e-08,2.9238684013396637e-07
EFT:1.0104241096782794e-05,2.122547334954209e-06,1.987322000788117e-05,0.499281670416237,6.935296550282277e-09,0.4992816704162441,2.6320519398807075e-09,0.0014041591461476227,9.805874310262393e-08,2.9238684013396224e-07
Random1946
Raw:1.0104241096782938e-05,2.122547334954209e-06,1.987322000788117e-05,0.499281670416237,6.9352965502823754e-09,0.4992816704162441,2.632051939880745e-09,0.0014041591461476227,9.805874310262532e-08,2.9238684013396637e-07
EFT:1.0104241096782794e-05,2.122547334954209e-06,1.987322000788117e-05,0.499281670416237,6.935296550282277e-09,0.4992816704162441,2.6320519398807075e-09,0.0014041591461476227,9.805874310262393e-08,2.9238684013396224e-07
Random1947
Raw:1.0104241096782938e-05,2.122547334954209e-06,1.987322000788117e-05,0.499281670416237,6.9352965502823754e-09,0.4992816704162441,2.632051939880745e-09,0.0014041591461476227,9.805874310262672e-08,2.9238684013396637e-07
EFT:1.0104241096782794e-05,2.122547334954209e-06,1.987322000788117e-05,0.499281670416237,6.935296550282277e-09,0.4992816704162441,2.6320519398807075e-09,0.0014041591461476227,9.805874310262393e-08,2.9238684013396224e-07
Random1948
Raw:1.0104241096783009e-05,2.122547334954194e-06,1.9873220007881028e-05,0.49928167041623345,6.935296550282327e-09,0.49928167041624766,2.6320519398807638e-09,0.0014041591461476126,9.805874310262601e-08,2.9238684013396436e-07
EFT:1.0104241096782794e-05,2.122547334954209e-06,1.987322000788117e-05,0.499281670416237,6.935296550282277e-09,0.4992816704162441,2.6320519398807075e-09,0.0014041591461476227,9.805874310262393e-08,2.9238684013396224e-07
Random1949
Raw:1.0104241096782938e-05,2.122547334954209e-06,1.987322000788117e-05,0.499281670416237,6.935296550282277e-09,0.4992816704162441,2.632051939880745e-09,0.0014041591461476427,9.805874310262393e-08,2.9238684013396224e-07
EFT:1.0104241096782794e-05,2.122547334954209e-06,1.987322000788117e-05,0.499281670416237,6.935296550282277e-09,0.4992816704162441,2.6320519398807075e-09,0.0014041591461476227,9.805874310262393e-08,2.9238684013396224e-07
Random1950
Raw:1.0104241096782867e-05,2.122547334954194e-06,1.9873220007881028e-05,0.49928167041624055,6.935296550282326e-09,0.49928167041624055,2.6320519398807265e-09,0.0014041591461476128,9.805874310262323e-08,2.923868401339643e-07
EFT:1.0104241096782794e-05,2.122547334954209e-06,1.987322000788117e-05,0.499281670416237,6.935296550282277e-09,0.4992816704162441,2.6320519398807075e-09,0.0014041591461476227,9.805874310262393e-08,2.9238684013396224e-07
Random1951
Raw:1.0104241096782794e-05,2.122547334954239e-06,1.987322000788145e-05,0.4992816704162441,6.935296550282277e-09,0.499281670416237,2.63205193988067e-09,0.0014041591461476427,9.805874310262532e-08,2.9238684013396224e-07
EFT:1.0104241096782794e-05,2.122547334954209e-06,1.987322000788117e-05,0.499281670416237,6.935296550282277e-09,0.4992816704162441,2.6320519398807075e-09,0.0014041591461476227,9.805874310262393e-08,2.9238684013396224e-07
Random1952
Raw:1.0104241096782794e-05,2.122547334954209e-06,1.987322000788117e-05,0.4992816704162441,6.935296550282277e-09,0.499281670416237,2.6320519398807075e-09,0.0014041591461476227,9.805874310262393e-08,2.9238684013396224e-07
EFT:1.0104241096782794e-05,2.122547334954209e-06,1.987322000788117e-05,0.499281670416237,6.935296550282277e-09,0.4992816704162441,2.6320519398807075e-09,0.0014041591461476227,9.805874310262393e-08,2.9238684013396224e-07
Random1953
Raw:1.0104241096782865e-05,2.122547334954194e-06,1.9873220007881028e-05,0.49928167041623345,6.935296550282327e-09,0.49928167041624766,2.632051939880726e-09,0.0014041591461476126,9.805874310262462e-08,2.9238684013396436e-07
EFT:1.0104241096782794e-05,2.122547334954209e-06,1.987322000788117e-05,0.499281670416237,6.935296550282277e-09,0.4992816704162441,2.6320519398807075e-09,0.0014041591461476227,9.805874310262393e-08,2.9238684013396224e-07
Random1954
Raw:1.0104241096782794e-05,2.122547334954209e-06,1.987322000788117e-05,0.499281670416237,6.935296550282277e-09,0.4992816704162441,2.6320519398807075e-09,0.0014041591461476227,9.805874310262393e-08,2.9238684013396224e-07
EFT:1.0104241096782794e-05,2.122547334954209e-06,1.987322000788117e-05,0.499281670416237,6.935296550282277e-09,0.4992816704162441,2.6320519398807075e-09,0.0014041591461476227,9.805874310262393e-08,2.9238684013396224e-07
Random1955
Raw:1.0104241096783009e-05,2.122547334954224e-06,1.987322000788131e-05,0.49928167041623345,6.935296550282327e-09,0.49928167041624766,2.6320519398807638e-09,0.0014041591461476327,9.805874310262462e-08,2.923868401339685e-07
EFT:1.0104241096782794e-05,2.122547334954209e-06,1.987322000788117e-05,0.499281670416237,6.935296550282277e-09,0.4992816704162441,2.6320519398807075e-09,0.0014041591461476227,9.805874310262393e-08,2.9238684013396224e-07
Random1956
Raw:1.0104241096782867e-05,2.122547334954194e-06,1.9873220007881028e-05,0.49928167041624055,6.935296550282228e-09,0.49928167041624055,2.632051939880689e-09,0.0014041591461476128,9.805874310262462e-08,2.923868401339602e-07
EFT:1.0104241096782794e-05,2.122547334954209e-06,1.987322000788117e-05,0.499281670416237,6.935296550282277e-09,0.4992816704162441,2.6320519398807075e-09,0.0014041591461476227,9.805874310262393e-08,2.9238684013396224e-07
Random1957
Raw:1.0104241096782938e-05,2.1225473349541788e-06,1.9873220007880885e-05,0.499281670416237,6.935296550282277e-09,0.4992816704162441,2.632051939880745e-09,0.0014041591461476026,9.805874310262532e-08,2.9238684013396224e-07
EFT:1.0104241096782794e-05,2.122547334954209e-06,1.987322000788117e-05,0.499281670416237,6.935296550282277e-09,0.4992816704162441,2.6320519398807075e-09,0.0014041591461476227,9.805874310262393e-08,2.9238684013396224e-07
Random1958
Raw:1.0104241096782938e-05,2.122547334954239e-06,1.987322000788117e-05,0.499281670416237,6.9352965502823754e-09,0.4992816704162441,2.6320519398807824e-09,0.0014041591461476227,9.805874310262532e-08,2.9238684013396637e-07
EFT:1.0104241096782794e-05,2.122547334954209e-06,1.987322000788117e-05,0.499281670416237,6.935296550282277e-09,0.4992816704162441,2.6320519398807075e-09,0.0014041591461476227,9.805874310262393e-08,2.9238684013396224e-07
Random1959
Raw:1.0104241096782938e-05,2.122547334954209e-06,1.987322000788117e-05,0.499281670416237,6.9352965502823754e-09,0.4992816704162441,2.632051939880745e-09,0.0014041591461476227,9.805874310262672e-08,2.9238684013396637e-07
EFT:1.0104241096782794e-05,2.122547334954209e-06,1.987322000788117e-05,0.499281670416237,6.935296550282277e-09,0.4992816704162441,2.6320519398807075e-09,0.0014041591461476227,9.805874310262393e-08,2.9238684013396224e-07
Random1960
Raw:1.0104241096783009e-05,2.122547334954224e-06,1.9873220007881028e-05,0.49928167041623345,6.935296550282327e-09,0.49928167041624766,2.6320519398807638e-09,0.0014041591461476327,9.805874310262601e-08,2.9238684013396436e-07
EFT:1.0104241096782794e-05,2.122547334954209e-06,1.987322000788117e-05,0.499281670416237,6.935296550282277e-09,0.4992816704162441,2.6320519398807075e-09,0.0014041591461476227,9.805874310262393e-08,2.9238684013396224e-07
Random1961
Raw:1.0104241096783009e-05,2.122547334954224e-06,1.9873220007881028e-05,0.49928167041623345,6.935296550282327e-09,0.49928167041624766,2.6320519398807638e-09,0.0014041591461476327,9.805874310262601e-08,2.9238684013396436e-07
EFT:1.0104241096782794e-05,2.122547334954209e-06,1.987322000788117e-05,0.499281670416237,6.935296550282277e-09,0.4992816704162441,2.6320519398807075e-09,0.0014041591461476227,9.805874310262393e-08,2.9238684013396224e-07
Random1962
Raw:1.0104241096782794e-05,2.122547334954209e-06,1.987322000788117e-05,0.499281670416237,6.9352965502821786e-09,0.4992816704162441,2.632051939880745e-09,0.0014041591461476227,9.805874310262254e-08,2.9238684013396224e-07
EFT:1.0104241096782794e-05,2.122547334954209e-06,1.987322000788117e-05,0.499281670416237,6.935296550282277e-09,0.4992816704162441,2.6320519398807075e-09,0.0014041591461476227,9.805874310262393e-08,2.9238684013396224e-07
Random1963
Raw:1.0104241096783009e-05,2.122547334954194e-06,1.9873220007881028e-05,0.49928167041623345,6.935296550282327e-09,0.49928167041624766,2.6320519398807638e-09,0.0014041591461476327,9.805874310262462e-08,2.9238684013396436e-07
EFT:1.0104241096782794e-05,2.122547334954209e-06,1.987322000788117e-05,0.499281670416237,6.935296550282277e-09,0.4992816704162441,2.6320519398807075e-09,0.0014041591461476227,9.805874310262393e-08,2.9238684013396224e-07
Random1964
Raw:1.0104241096782938e-05,2.122547334954209e-06,1.987322000788117e-05,0.499281670416237,6.935296550282277e-09,0.4992816704162441,2.632051939880745e-09,0.0014041591461476227,9.805874310262532e-08,2.9238684013396224e-07
EFT:1.0104241096782794e-05,2.122547334954209e-06,1.987322000788117e-05,0.499281670416237,6.935296550282277e-09,0.4992816704162441,2.6320519398807075e-09,0.0014041591461476227,9.805874310262393e-08,2.9238684013396224e-07
Random1965
Raw:1.0104241096782867e-05,2.122547334954224e-06,1.9873220007881028e-05,0.49928167041624055,6.935296550282326e-09,0.49928167041624055,2.6320519398807265e-09,0.0014041591461476128,9.805874310262462e-08,2.923868401339643e-07
EFT:1.0104241096782794e-05,2.122547334954209e-06,1.987322000788117e-05,0.499281670416237,6.935296550282277e-09,0.4992816704162441,2.6320519398807075e-09,0.0014041591461476227,9.805874310262393e-08,2.9238684013396224e-07
Random1966
Raw:1.0104241096782938e-05,2.122547334954209e-06,1.987322000788117e-05,0.499281670416237,6.9352965502823754e-09,0.4992816704162441,2.6320519398807824e-09,0.0014041591461476227,9.805874310262532e-08,2.9238684013396637e-07
EFT:1.0104241096782794e-05,2.122547334954209e-06,1.987322000788117e-05,0.499281670416237,6.935296550282277e-09,0.4992816704162441,2.6320519398807075e-09,0.0014041591461476227,9.805874310262393e-08,2.9238684013396224e-07
Random1967
Raw:1.0104241096783009e-05,2.122547334954224e-06,1.9873220007881028e-05,0.49928167041623345,6.935296550282327e-09,0.49928167041624766,2.6320519398807638e-09,0.0014041591461476327,9.805874310262601e-08,2.9238684013396436e-07
EFT:1.0104241096782794e-05,2.122547334954209e-06,1.987322000788117e-05,0.499281670416237,6.935296550282277e-09,0.4992816704162441,2.6320519398807075e-09,0.0014041591461476227,9.805874310262393e-08,2.9238684013396224e-07
Random1968
Raw:1.0104241096782938e-05,2.122547334954209e-06,1.987322000788117e-05,0.499281670416237,6.935296550282277e-09,0.4992816704162441,2.632051939880745e-09,0.0014041591461476227,9.805874310262532e-08,2.9238684013396224e-07
EFT:1.0104241096782794e-05,2.122547334954209e-06,1.987322000788117e-05,0.499281670416237,6.935296550282277e-09,0.4992816704162441,2.6320519398807075e-09,0.0014041591461476227,9.805874310262393e-08,2.9238684013396224e-07
Random1969
Raw:1.0104241096782938e-05,2.122547334954209e-06,1.987322000788117e-05,0.499281670416237,6.9352965502823754e-09,0.4992816704162441,2.632051939880745e-09,0.0014041591461476227,9.805874310262393e-08,2.9238684013396637e-07
EFT:1.0104241096782794e-05,2.122547334954209e-06,1.987322000788117e-05,0.499281670416237,6.935296550282277e-09,0.4992816704162441,2.6320519398807075e-09,0.0014041591461476227,9.805874310262393e-08,2.9238684013396224e-07
Random1970
Raw:1.0104241096782867e-05,2.122547334954224e-06,1.987322000788131e-05,0.49928167041624055,6.935296550282326e-09,0.49928167041624055,2.6320519398807265e-09,0.0014041591461476327,9.805874310262462e-08,2.923868401339643e-07
EFT:1.0104241096782794e-05,2.122547334954209e-06,1.987322000788117e-05,0.499281670416237,6.935296550282277e-09,0.4992816704162441,2.6320519398807075e-09,0.0014041591461476227,9.805874310262393e-08,2.9238684013396224e-07
Random1971
Raw:1.0104241096782938e-05,2.122547334954239e-06,1.987322000788145e-05,0.499281670416237,6.935296550282277e-09,0.4992816704162441,2.632051939880745e-09,0.0014041591461476227,9.805874310262532e-08,2.9238684013396224e-07
EFT:1.0104241096782794e-05,2.122547334954209e-06,1.987322000788117e-05,0.499281670416237,6.935296550282277e-09,0.4992816704162441,2.6320519398807075e-09,0.0014041591461476227,9.805874310262393e-08,2.9238684013396224e-07
Random1972
Raw:1.0104241096782794e-05,2.122547334954209e-06,1.987322000788117e-05,0.499281670416237,6.935296550282277e-09,0.4992816704162441,2.6320519398807075e-09,0.0014041591461476026,9.805874310262393e-08,2.9238684013396224e-07
EFT:1.0104241096782794e-05,2.122547334954209e-06,1.987322000788117e-05,0.499281670416237,6.935296550282277e-09,0.4992816704162441,2.6320519398807075e-09,0.0014041591461476227,9.805874310262393e-08,2.9238684013396224e-07
Random1973
Raw:1.0104241096782938e-05,2.122547334954209e-06,1.987322000788117e-05,0.499281670416237,6.935296550282277e-09,0.4992816704162441,2.632051939880745e-09,0.0014041591461476227,9.805874310262532e-08,2.9238684013396224e-07
EFT:1.0104241096782794e-05,2.122547334954209e-06,1.987322000788117e-05,0.499281670416237,6.935296550282277e-09,0.4992816704162441,2.6320519398807075e-09,0.0014041591461476227,9.805874310262393e-08,2.9238684013396224e-07
Random1974
Raw:1.0104241096782867e-05,2.122547334954194e-06,1.9873220007881028e-05,0.49928167041624055,6.935296550282228e-09,0.49928167041624055,2.632051939880689e-09,0.0014041591461476128,9.805874310262462e-08,2.923868401339602e-07
EFT:1.0104241096782794e-05,2.122547334954209e-06,1.987322000788117e-05,0.499281670416237,6.935296550282277e-09,0.4992816704162441,2.6320519398807075e-09,0.0014041591461476227,9.805874310262393e-08,2.9238684013396224e-07
Random1975
Raw:1.0104241096782938e-05,2.122547334954239e-06,1.987322000788145e-05,0.499281670416237,6.935296550282277e-09,0.4992816704162441,2.632051939880745e-09,0.0014041591461476427,9.805874310262393e-08,2.9238684013396637e-07
EFT:1.0104241096782794e-05,2.122547334954209e-06,1.987322000788117e-05,0.499281670416237,6.935296550282277e-09,0.4992816704162441,2.6320519398807075e-09,0.0014041591461476227,9.805874310262393e-08,2.9238684013396224e-07
Random1976
Raw:1.0104241096782865e-05,2.122547334954194e-06,1.9873220007881028e-05,0.49928167041623345,6.935296550282228e-09,0.49928167041624766,2.6320519398807638e-09,0.0014041591461476126,9.805874310262324e-08,2.9238684013396436e-07
EFT:1.0104241096782794e-05,2.122547334954209e-06,1.987322000788117e-05,0.499281670416237,6.935296550282277e-09,0.4992816704162441,2.6320519398807075e-09,0.0014041591461476227,9.805874310262393e-08,2.9238684013396224e-07
Random1977
Raw:1.0104241096782938e-05,2.122547334954209e-06,1.9873220007880885e-05,0.499281670416237,6.935296550282277e-09,0.4992816704162441,2.632051939880745e-09,0.0014041591461476227,9.805874310262532e-08,2.9238684013396224e-07
EFT:1.0104241096782794e-05,2.122547334954209e-06,1.987322000788117e-05,0.499281670416237,6.935296550282277e-09,0.4992816704162441,2.6320519398807075e-09,0.0014041591461476227,9.805874310262393e-08,2.9238684013396224e-07
Random1978
Raw:1.0104241096782867e-05,2.122547334954224e-06,1.987322000788131e-05,0.49928167041624055,6.935296550282326e-09,0.49928167041624055,2.6320519398807265e-09,0.0014041591461476128,9.805874310262462e-08,2.923868401339643e-07
EFT:1.0104241096782794e-05,2.122547334954209e-06,1.987322000788117e-05,0.499281670416237,6.935296550282277e-09,0.4992816704162441,2.6320519398807075e-09,0.0014041591461476227,9.805874310262393e-08,2.9238684013396224e-07
Random1979
Raw:1.0104241096782938e-05,2.122547334954209e-06,1.987322000788117e-05,0.499281670416237,6.9352965502823754e-09,0.4992816704162441,2.632051939880745e-09,0.0014041591461476227,9.805874310262532e-08,2.9238684013396637e-07
EFT:1.0104241096782794e-05,2.122547334954209e-06,1.987322000788117e-05,0.499281670416237,6.935296550282277e-09,0.4992816704162441,2.6320519398807075e-09,0.0014041591461476227,9.805874310262393e-08,2.9238684013396224e-07
Random1980
Raw:1.0104241096782938e-05,2.122547334954239e-06,1.987322000788117e-05,0.499281670416237,6.935296550282277e-09,0.4992816704162441,2.632051939880745e-09,0.0014041591461476427,9.805874310262532e-08,2.9238684013396224e-07
EFT:1.0104241096782794e-05,2.122547334954209e-06,1.987322000788117e-05,0.499281670416237,6.935296550282277e-09,0.4992816704162441,2.6320519398807075e-09,0.0014041591461476227,9.805874310262393e-08,2.9238684013396224e-07
Random1981
Raw:1.0104241096782938e-05,2.122547334954209e-06,1.987322000788117e-05,0.499281670416237,6.935296550282277e-09,0.4992816704162441,2.632051939880745e-09,0.0014041591461476427,9.805874310262393e-08,2.9238684013396224e-07
EFT:1.0104241096782794e-05,2.122547334954209e-06,1.987322000788117e-05,0.499281670416237,6.935296550282277e-09,0.4992816704162441,2.6320519398807075e-09,0.0014041591461476227,9.805874310262393e-08,2.9238684013396224e-07
Random1982
Raw:1.0104241096782938e-05,2.122547334954209e-06,1.987322000788117e-05,0.499281670416237,6.9352965502823754e-09,0.4992816704162441,2.632051939880745e-09,0.0014041591461476227,9.805874310262532e-08,2.9238684013396637e-07
EFT:1.0104241096782794e-05,2.122547334954209e-06,1.987322000788117e-05,0.499281670416237,6.935296550282277e-09,0.4992816704162441,2.6320519398807075e-09,0.0014041591461476227,9.805874310262393e-08,2.9238684013396224e-07
Random1983
Raw:1.0104241096782938e-05,2.122547334954239e-06,1.987322000788117e-05,0.499281670416237,6.935296550282277e-09,0.4992816704162441,2.632051939880745e-09,0.0014041591461476427,9.805874310262532e-08,2.9238684013396224e-07
EFT:1.0104241096782794e-05,2.122547334954209e-06,1.987322000788117e-05,0.499281670416237,6.935296550282277e-09,0.4992816704162441,2.6320519398807075e-09,0.0014041591461476227,9.805874310262393e-08,2.9238684013396224e-07
Random1984
Raw:1.0104241096783009e-05,2.122547334954224e-06,1.987322000788131e-05,0.49928167041623345,6.935296550282327e-09,0.49928167041624766,2.6320519398807638e-09,0.0014041591461476327,9.805874310262462e-08,2.923868401339685e-07
EFT:1.0104241096782794e-05,2.122547334954209e-06,1.987322000788117e-05,0.499281670416237,6.935296550282277e-09,0.4992816704162441,2.6320519398807075e-09,0.0014041591461476227,9.805874310262393e-08,2.9238684013396224e-07
Random1985
Raw:1.0104241096782867e-05,2.122547334954194e-06,1.9873220007881028e-05,0.49928167041624055,6.935296550282326e-09,0.49928167041624055,2.6320519398807265e-09,0.0014041591461476128,9.805874310262323e-08,2.923868401339643e-07
EFT:1.0104241096782794e-05,2.122547334954209e-06,1.987322000788117e-05,0.499281670416237,6.935296550282277e-09,0.4992816704162441,2.6320519398807075e-09,0.0014041591461476227,9.805874310262393e-08,2.9238684013396224e-07
Random1986
Raw:1.0104241096782794e-05,2.1225473349541788e-06,1.9873220007880885e-05,0.499281670416237,6.9352965502821786e-09,0.4992816704162441,2.63205193988067e-09,0.0014041591461476227,9.805874310262393e-08,2.923868401339581e-07
EFT:1.0104241096782794e-05,2.122547334954209e-06,1.987322000788117e-05,0.499281670416237,6.935296550282277e-09,0.4992816704162441,2.6320519398807075e-09,0.0014041591461476227,9.805874310262393e-08,2.9238684013396224e-07
Random1987
Raw:1.0104241096783009e-05,2.122547334954224e-06,1.987322000788131e-05,0.49928167041623345,6.935296550282327e-09,0.49928167041624766,2.6320519398807638e-09,0.0014041591461476327,9.805874310262601e-08,2.9238684013396436e-07
EFT:1.0104241096782794e-05,2.122547334954209e-06,1.987322000788117e-05,0.499281670416237,6.935296550282277e-09,0.4992816704162441,2.6320519398807075e-09,0.0014041591461476227,9.805874310262393e-08,2.9238684013396224e-07
Random1988
Raw:1.0104241096782867e-05,2.122547334954194e-06,1.9873220007881028e-05,0.49928167041624055,6.935296550282326e-09,0.49928167041624055,2.6320519398807265e-09,0.0014041591461476128,9.805874310262323e-08,2.923868401339643e-07
EFT:1.0104241096782794e-05,2.122547334954209e-06,1.987322000788117e-05,0.499281670416237,6.935296550282277e-09,0.4992816704162441,2.6320519398807075e-09,0.0014041591461476227,9.805874310262393e-08,2.9238684013396224e-07
Random1989
Raw:1.0104241096782938e-05,2.122547334954239e-06,1.987322000788145e-05,0.499281670416237,6.935296550282277e-09,0.4992816704162441,2.632051939880745e-09,0.0014041591461476427,9.805874310262393e-08,2.9238684013396637e-07
EFT:1.0104241096782794e-05,2.122547334954209e-06,1.987322000788117e-05,0.499281670416237,6.935296550282277e-09,0.4992816704162441,2.6320519398807075e-09,0.0014041591461476227,9.805874310262393e-08,2.9238684013396224e-07
Random1990
Raw:1.0104241096782867e-05,2.122547334954224e-06,1.987322000788131e-05,0.49928167041624055,6.935296550282326e-09,0.49928167041624055,2.6320519398807265e-09,0.0014041591461476327,9.805874310262462e-08,2.923868401339643e-07
EFT:1.0104241096782794e-05,2.122547334954209e-06,1.987322000788117e-05,0.499281670416237,6.935296550282277e-09,0.4992816704162441,2.6320519398807075e-09,0.0014041591461476227,9.805874310262393e-08,2.9238684013396224e-07
Random1991
Raw:1.0104241096782867e-05,2.122547334954224e-06,1.987322000788131e-05,0.49928167041624055,6.935296550282326e-09,0.49928167041624055,2.6320519398807265e-09,0.0014041591461476128,9.805874310262462e-08,2.923868401339643e-07
EFT:1.0104241096782794e-05,2.122547334954209e-06,1.987322000788117e-05,0.499281670416237,6.935296550282277e-09,0.4992816704162441,2.6320519398807075e-09,0.0014041591461476227,9.805874310262393e-08,2.9238684013396224e-07
Random1992
Raw:1.0104241096782867e-05,2.122547334954224e-06,1.987322000788131e-05,0.49928167041624055,6.935296550282326e-09,0.49928167041624055,2.6320519398807265e-09,0.0014041591461476327,9.805874310262462e-08,2.923868401339643e-07
EFT:1.0104241096782794e-05,2.122547334954209e-06,1.987322000788117e-05,0.499281670416237,6.935296550282277e-09,0.4992816704162441,2.6320519398807075e-09,0.0014041591461476227,9.805874310262393e-08,2.9238684013396224e-07
Random1993
Raw:1.0104241096782865e-05,2.122547334954194e-06,1.9873220007881028e-05,0.49928167041623345,6.935296550282228e-09,0.49928167041624766,2.632051939880726e-09,0.0014041591461476126,9.805874310262462e-08,2.9238684013396436e-07
EFT:1.0104241096782794e-05,2.122547334954209e-06,1.987322000788117e-05,0.499281670416237,6.935296550282277e-09,0.4992816704162441,2.6320519398807075e-09,0.0014041591461476227,9.805874310262393e-08,2.9238684013396224e-07
Random1994
Raw:1.0104241096782938e-05,2.122547334954209e-06,1.987322000788117e-05,0.499281670416237,6.935296550282277e-09,0.4992816704162441,2.632051939880745e-09,0.0014041591461476227,9.805874310262532e-08,2.9238684013396224e-07
EFT:1.0104241096782794e-05,2.122547334954209e-06,1.987322000788117e-05,0.499281670416237,6.935296550282277e-09,0.4992816704162441,2.6320519398807075e-09,0.0014041591461476227,9.805874310262393e-08,2.9238684013396224e-07
Random1995
Raw:1.0104241096782938e-05,2.122547334954209e-06,1.987322000788117e-05,0.499281670416237,6.935296550282277e-09,0.4992816704162441,2.632051939880745e-09,0.0014041591461476427,9.805874310262393e-08,2.9238684013396224e-07
EFT:1.0104241096782794e-05,2.122547334954209e-06,1.987322000788117e-05,0.499281670416237,6.935296550282277e-09,0.4992816704162441,2.6320519398807075e-09,0.0014041591461476227,9.805874310262393e-08,2.9238684013396224e-07
Random1996
Raw:1.0104241096782867e-05,2.122547334954224e-06,1.987322000788131e-05,0.49928167041624055,6.935296550282326e-09,0.49928167041624055,2.6320519398807638e-09,0.0014041591461476327,9.805874310262462e-08,2.923868401339643e-07
EFT:1.0104241096782794e-05,2.122547334954209e-06,1.987322000788117e-05,0.499281670416237,6.935296550282277e-09,0.4992816704162441,2.6320519398807075e-09,0.0014041591461476227,9.805874310262393e-08,2.9238684013396224e-07
Random1997
Raw:1.0104241096782867e-05,2.122547334954224e-06,1.987322000788131e-05,0.49928167041624055,6.935296550282326e-09,0.49928167041624055,2.6320519398807265e-09,0.0014041591461476327,9.805874310262462e-08,2.923868401339643e-07
EFT:1.0104241096782794e-05,2.122547334954209e-06,1.987322000788117e-05,0.499281670416237,6.935296550282277e-09,0.4992816704162441,2.6320519398807075e-09,0.0014041591461476227,9.805874310262393e-08,2.9238684013396224e-07
Random1998
Raw:1.0104241096782794e-05,2.122547334954209e-06,1.987322000788117e-05,0.499281670416237,6.9352965502821786e-09,0.4992816704162441,2.6320519398807075e-09,0.0014041591461476227,9.805874310262393e-08,2.9238684013396224e-07
EFT:1.0104241096782794e-05,2.122547334954209e-06,1.987322000788117e-05,0.499281670416237,6.935296550282277e-09,0.4992816704162441,2.6320519398807075e-09,0.0014041591461476227,9.805874310262393e-08,2.9238684013396224e-07
Random1999
Raw:1.0104241096782723e-05,2.122547334954194e-06,1.9873220007881028e-05,0.49928167041624055,6.935296550282228e-09,0.49928167041624055,2.6320519398806513e-09,0.0014041591461476128,9.805874310262323e-08,2.923868401339602e-07
EFT:1.0104241096782794e-05,2.122547334954209e-06,1.987322000788117e-05,0.499281670416237,6.935296550282277e-09,0.4992816704162441,2.6320519398807075e-09,0.0014041591461476227,9.805874310262393e-08,2.9238684013396224e-07
Random2000
Raw:1.0104241096782867e-05,2.122547334954194e-06,1.9873220007881028e-05,0.49928167041624055,6.935296550282326e-09,0.49928167041624055,2.6320519398807265e-09,0.0014041591461476128,9.805874310262323e-08,2.923868401339643e-07
EFT:1.0104241096782794e-05,2.122547334954209e-06,1.987322000788117e-05,0.499281670416237,6.935296550282277e-09,0.4992816704162441,2.6320519398807075e-09,0.0014041591461476227,9.805874310262393e-08,2.9238684013396224e-07
Random2001
Raw:1.0104241096782938e-05,2.122547334954239e-06,1.987322000788117e-05,0.499281670416237,6.935296550282277e-09,0.4992816704162441,2.632051939880745e-09,0.0014041591461476427,9.805874310262532e-08,2.9238684013396224e-07
EFT:1.0104241096782794e-05,2.122547334954209e-06,1.987322000788117e-05,0.499281670416237,6.935296550282277e-09,0.4992816704162441,2.6320519398807075e-09,0.0014041591461476227,9.805874310262393e-08,2.9238684013396224e-07
Random2002
Raw:1.0104241096782938e-05,2.122547334954209e-06,1.987322000788117e-05,0.499281670416237,6.935296550282277e-09,0.4992816704162441,2.632051939880745e-09,0.0014041591461476427,9.805874310262393e-08,2.9238684013396224e-07
EFT:1.0104241096782794e-05,2.122547334954209e-06,1.987322000788117e-05,0.499281670416237,6.935296550282277e-09,0.4992816704162441,2.6320519398807075e-09,0.0014041591461476227,9.805874310262393e-08,2.9238684013396224e-07
Random2003
Raw:1.0104241096783009e-05,2.122547334954224e-06,1.987322000788131e-05,0.49928167041623345,6.935296550282327e-09,0.49928167041624766,2.6320519398807638e-09,0.0014041591461476327,9.805874310262462e-08,2.923868401339685e-07
EFT:1.0104241096782794e-05,2.122547334954209e-06,1.987322000788117e-05,0.499281670416237,6.935296550282277e-09,0.4992816704162441,2.6320519398807075e-09,0.0014041591461476227,9.805874310262393e-08,2.9238684013396224e-07
Random2004
Raw:1.0104241096782938e-05,2.122547334954209e-06,1.987322000788117e-05,0.499281670416237,6.935296550282277e-09,0.4992816704162441,2.632051939880745e-09,0.0014041591461476427,9.805874310262393e-08,2.9238684013396224e-07
EFT:1.0104241096782794e-05,2.122547334954209e-06,1.987322000788117e-05,0.499281670416237,6.935296550282277e-09,0.4992816704162441,2.6320519398807075e-09,0.0014041591461476227,9.805874310262393e-08,2.9238684013396224e-07
Random2005
Raw:1.0104241096782938e-05,2.122547334954209e-06,1.987322000788117e-05,0.499281670416237,6.9352965502823754e-09,0.4992816704162441,2.632051939880745e-09,0.0014041591461476227,9.805874310262393e-08,2.9238684013396637e-07
EFT:1.0104241096782794e-05,2.122547334954209e-06,1.987322000788117e-05,0.499281670416237,6.935296550282277e-09,0.4992816704162441,2.6320519398807075e-09,0.0014041591461476227,9.805874310262393e-08,2.9238684013396224e-07
Random2006
Raw:1.0104241096782865e-05,2.122547334954194e-06,1.9873220007881028e-05,0.49928167041623345,6.935296550282228e-09,0.49928167041624766,2.6320519398807638e-09,0.0014041591461476126,9.805874310262324e-08,2.9238684013396436e-07
EFT:1.0104241096782794e-05,2.122547334954209e-06,1.987322000788117e-05,0.499281670416237,6.935296550282277e-09,0.4992816704162441,2.6320519398807075e-09,0.0014041591461476227,9.805874310262393e-08,2.9238684013396224e-07
Random2007
Raw:1.0104241096782938e-05,2.122547334954239e-06,1.987322000788145e-05,0.4992816704162441,6.9352965502823754e-09,0.499281670416237,2.6320519398807075e-09,0.0014041591461476427,9.805874310262672e-08,2.9238684013396637e-07
EFT:1.0104241096782794e-05,2.122547334954209e-06,1.987322000788117e-05,0.499281670416237,6.935296550282277e-09,0.4992816704162441,2.6320519398807075e-09,0.0014041591461476227,9.805874310262393e-08,2.9238684013396224e-07
Random2008
Raw:1.0104241096782938e-05,2.122547334954239e-06,1.987322000788117e-05,0.499281670416237,6.9352965502823754e-09,0.4992816704162441,2.6320519398807824e-09,0.0014041591461476227,9.805874310262532e-08,2.9238684013396637e-07
EFT:1.0104241096782794e-05,2.122547334954209e-06,1.987322000788117e-05,0.499281670416237,6.935296550282277e-09,0.4992816704162441,2.6320519398807075e-09,0.0014041591461476227,9.805874310262393e-08,2.9238684013396224e-07
Random2009
Raw:1.0104241096782938e-05,2.122547334954209e-06,1.987322000788117e-05,0.499281670416237,6.935296550282277e-09,0.4992816704162441,2.632051939880745e-09,0.0014041591461476427,9.805874310262393e-08,2.9238684013396224e-07
EFT:1.0104241096782794e-05,2.122547334954209e-06,1.987322000788117e-05,0.499281670416237,6.935296550282277e-09,0.4992816704162441,2.6320519398807075e-09,0.0014041591461476227,9.805874310262393e-08,2.9238684013396224e-07
Random2010
Raw:1.0104241096782794e-05,2.122547334954209e-06,1.987322000788117e-05,0.499281670416237,6.935296550282277e-09,0.4992816704162441,2.6320519398807075e-09,0.0014041591461476227,9.805874310262393e-08,2.9238684013396224e-07
EFT:1.0104241096782794e-05,2.122547334954209e-06,1.987322000788117e-05,0.499281670416237,6.935296550282277e-09,0.4992816704162441,2.6320519398807075e-09,0.0014041591461476227,9.805874310262393e-08,2.9238684013396224e-07
Random2011
Raw:1.0104241096782723e-05,2.122547334954194e-06,1.9873220007881028e-05,0.49928167041624055,6.93529655028213e-09,0.49928167041624055,2.6320519398806513e-09,0.0014041591461476128,9.805874310262323e-08,2.923868401339602e-07
EFT:1.0104241096782794e-05,2.122547334954209e-06,1.987322000788117e-05,0.499281670416237,6.935296550282277e-09,0.4992816704162441,2.6320519398807075e-09,0.0014041591461476227,9.805874310262393e-08,2.9238684013396224e-07
Random2012
Raw:1.0104241096783009e-05,2.122547334954224e-06,1.9873220007881028e-05,0.49928167041623345,6.935296550282327e-09,0.49928167041624766,2.6320519398807638e-09,0.0014041591461476327,9.805874310262601e-08,2.9238684013396436e-07
EFT:1.0104241096782794e-05,2.122547334954209e-06,1.987322000788117e-05,0.499281670416237,6.935296550282277e-09,0.4992816704162441,2.6320519398807075e-09,0.0014041591461476227,9.805874310262393e-08,2.9238684013396224e-07
Random2013
Raw:1.0104241096782938e-05,2.122547334954209e-06,1.987322000788117e-05,0.499281670416237,6.9352965502823754e-09,0.4992816704162441,2.632051939880745e-09,0.0014041591461476227,9.805874310262532e-08,2.9238684013396637e-07
EFT:1.0104241096782794e-05,2.122547334954209e-06,1.987322000788117e-05,0.499281670416237,6.935296550282277e-09,0.4992816704162441,2.6320519398807075e-09,0.0014041591461476227,9.805874310262393e-08,2.9238684013396224e-07
Random2014
Raw:1.0104241096782938e-05,2.122547334954239e-06,1.9873220007880885e-05,0.499281670416237,6.935296550282277e-09,0.4992816704162441,2.632051939880745e-09,0.0014041591461476227,9.805874310262532e-08,2.9238684013396224e-07
EFT:1.0104241096782794e-05,2.122547334954209e-06,1.987322000788117e-05,0.499281670416237,6.935296550282277e-09,0.4992816704162441,2.6320519398807075e-09,0.0014041591461476227,9.805874310262393e-08,2.9238684013396224e-07
Random2015
Raw:1.0104241096782865e-05,2.122547334954194e-06,1.9873220007881028e-05,0.49928167041623345,6.935296550282327e-09,0.49928167041624766,2.632051939880726e-09,0.0014041591461476126,9.805874310262462e-08,2.9238684013396436e-07
EFT:1.0104241096782794e-05,2.122547334954209e-06,1.987322000788117e-05,0.499281670416237,6.935296550282277e-09,0.4992816704162441,2.6320519398807075e-09,0.0014041591461476227,9.805874310262393e-08,2.9238684013396224e-07
Random2016
Raw:1.0104241096782938e-05,2.122547334954239e-06,1.9873220007880885e-05,0.499281670416237,6.935296550282277e-09,0.4992816704162441,2.632051939880745e-09,0.0014041591461476227,9.805874310262532e-08,2.9238684013396224e-07
EFT:1.0104241096782794e-05,2.122547334954209e-06,1.987322000788117e-05,0.499281670416237,6.935296550282277e-09,0.4992816704162441,2.6320519398807075e-09,0.0014041591461476227,9.805874310262393e-08,2.9238684013396224e-07
Random2017
Raw:1.0104241096782867e-05,2.122547334954224e-06,1.987322000788131e-05,0.49928167041624055,6.935296550282326e-09,0.49928167041624055,2.6320519398807265e-09,0.0014041591461476327,9.805874310262323e-08,2.923868401339643e-07
EFT:1.0104241096782794e-05,2.122547334954209e-06,1.987322000788117e-05,0.499281670416237,6.935296550282277e-09,0.4992816704162441,2.6320519398807075e-09,0.0014041591461476227,9.805874310262393e-08,2.9238684013396224e-07
Random2018
Raw:1.0104241096783009e-05,2.122547334954224e-06,1.987322000788131e-05,0.49928167041623345,6.935296550282327e-09,0.49928167041624766,2.6320519398807638e-09,0.0014041591461476327,9.805874310262601e-08,2.9238684013396436e-07
EFT:1.0104241096782794e-05,2.122547334954209e-06,1.987322000788117e-05,0.499281670416237,6.935296550282277e-09,0.4992816704162441,2.6320519398807075e-09,0.0014041591461476227,9.805874310262393e-08,2.9238684013396224e-07
Random2019
Raw:1.0104241096782938e-05,2.122547334954209e-06,1.987322000788117e-05,0.499281670416237,6.935296550282277e-09,0.4992816704162441,2.632051939880745e-09,0.0014041591461476227,9.805874310262532e-08,2.9238684013396224e-07
EFT:1.0104241096782794e-05,2.122547334954209e-06,1.987322000788117e-05,0.499281670416237,6.935296550282277e-09,0.4992816704162441,2.6320519398807075e-09,0.0014041591461476227,9.805874310262393e-08,2.9238684013396224e-07
Random2020
Raw:1.0104241096782938e-05,2.122547334954209e-06,1.987322000788117e-05,0.499281670416237,6.935296550282277e-09,0.4992816704162441,2.632051939880745e-09,0.0014041591461476227,9.805874310262532e-08,2.9238684013396224e-07
EFT:1.0104241096782794e-05,2.122547334954209e-06,1.987322000788117e-05,0.499281670416237,6.935296550282277e-09,0.4992816704162441,2.6320519398807075e-09,0.0014041591461476227,9.805874310262393e-08,2.9238684013396224e-07
Random2021
Raw:1.0104241096782938e-05,2.122547334954239e-06,1.9873220007880885e-05,0.499281670416237,6.935296550282277e-09,0.4992816704162441,2.632051939880745e-09,0.0014041591461476227,9.805874310262532e-08,2.9238684013396224e-07
EFT:1.0104241096782794e-05,2.122547334954209e-06,1.987322000788117e-05,0.499281670416237,6.935296550282277e-09,0.4992816704162441,2.6320519398807075e-09,0.0014041591461476227,9.805874310262393e-08,2.9238684013396224e-07
Random2022
Raw:1.0104241096782865e-05,2.122547334954194e-06,1.9873220007881028e-05,0.49928167041623345,6.935296550282327e-09,0.49928167041624766,2.6320519398807638e-09,0.0014041591461476126,9.805874310262324e-08,2.9238684013396436e-07
EFT:1.0104241096782794e-05,2.122547334954209e-06,1.987322000788117e-05,0.499281670416237,6.935296550282277e-09,0.4992816704162441,2.6320519398807075e-09,0.0014041591461476227,9.805874310262393e-08,2.9238684013396224e-07
Random2023
Raw:1.0104241096782867e-05,2.122547334954224e-06,1.987322000788131e-05,0.49928167041624055,6.935296550282326e-09,0.49928167041624055,2.6320519398807265e-09,0.0014041591461476327,9.805874310262462e-08,2.923868401339643e-07
EFT:1.0104241096782794e-05,2.122547334954209e-06,1.987322000788117e-05,0.499281670416237,6.935296550282277e-09,0.4992816704162441,2.6320519398807075e-09,0.0014041591461476227,9.805874310262393e-08,2.9238684013396224e-07
Random2024
Raw:1.0104241096782865e-05,2.122547334954194e-06,1.9873220007881028e-05,0.49928167041623345,6.935296550282228e-09,0.49928167041624766,2.632051939880726e-09,0.0014041591461476327,9.805874310262324e-08,2.923868401339602e-07
EFT:1.0104241096782794e-05,2.122547334954209e-06,1.987322000788117e-05,0.499281670416237,6.935296550282277e-09,0.4992816704162441,2.6320519398807075e-09,0.0014041591461476227,9.805874310262393e-08,2.9238684013396224e-07
Random2025
Raw:1.0104241096782794e-05,2.122547334954209e-06,1.987322000788117e-05,0.499281670416237,6.9352965502821786e-09,0.4992816704162441,2.6320519398807075e-09,0.0014041591461476227,9.805874310262393e-08,2.9238684013396224e-07
EFT:1.0104241096782794e-05,2.122547334954209e-06,1.987322000788117e-05,0.499281670416237,6.935296550282277e-09,0.4992816704162441,2.6320519398807075e-09,0.0014041591461476227,9.805874310262393e-08,2.9238684013396224e-07
Random2026
Raw:1.0104241096783009e-05,2.122547334954224e-06,1.9873220007881028e-05,0.49928167041623345,6.935296550282327e-09,0.49928167041624766,2.6320519398807638e-09,0.0014041591461476327,9.805874310262601e-08,2.9238684013396436e-07
EFT:1.0104241096782794e-05,2.122547334954209e-06,1.987322000788117e-05,0.499281670416237,6.935296550282277e-09,0.4992816704162441,2.6320519398807075e-09,0.0014041591461476227,9.805874310262393e-08,2.9238684013396224e-07
Random2027
Raw:1.0104241096782938e-05,2.122547334954209e-06,1.987322000788117e-05,0.499281670416237,6.9352965502823754e-09,0.4992816704162441,2.6320519398807824e-09,0.0014041591461476026,9.805874310262393e-08,2.9238684013396637e-07
EFT:1.0104241096782794e-05,2.122547334954209e-06,1.987322000788117e-05,0.499281670416237,6.935296550282277e-09,0.4992816704162441,2.6320519398807075e-09,0.0014041591461476227,9.805874310262393e-08,2.9238684013396224e-07
Random2028
Raw:1.0104241096782938e-05,2.122547334954239e-06,1.987322000788117e-05,0.499281670416237,6.935296550282277e-09,0.4992816704162441,2.632051939880745e-09,0.0014041591461476427,9.805874310262393e-08,2.9238684013396637e-07
EFT:1.0104241096782794e-05,2.122547334954209e-06,1.987322000788117e-05,0.499281670416237,6.935296550282277e-09,0.4992816704162441,2.6320519398807075e-09,0.0014041591461476227,9.805874310262393e-08,2.9238684013396224e-07
Random2029
Raw:1.0104241096782938e-05,2.1225473349541788e-06,1.9873220007880885e-05,0.499281670416237,6.935296550282277e-09,0.4992816704162441,2.632051939880745e-09,0.0014041591461476026,9.805874310262532e-08,2.9238684013396224e-07
EFT:1.0104241096782794e-05,2.122547334954209e-06,1.987322000788117e-05,0.499281670416237,6.935296550282277e-09,0.4992816704162441,2.6320519398807075e-09,0.0014041591461476227,9.805874310262393e-08,2.9238684013396224e-07
Random2030
Raw:1.0104241096782938e-05,2.122547334954239e-06,1.987322000788145e-05,0.499281670416237,6.935296550282277e-09,0.4992816704162441,2.632051939880745e-09,0.0014041591461476427,9.805874310262532e-08,2.9238684013396224e-07
EFT:1.0104241096782794e-05,2.122547334954209e-06,1.987322000788117e-05,0.499281670416237,6.935296550282277e-09,0.4992816704162441,2.6320519398807075e-09,0.0014041591461476227,9.805874310262393e-08,2.9238684013396224e-07
Random2031
Raw:1.0104241096782938e-05,2.122547334954209e-06,1.987322000788117e-05,0.499281670416237,6.935296550282277e-09,0.4992816704162441,2.632051939880745e-09,0.0014041591461476227,9.805874310262532e-08,2.9238684013396224e-07
EFT:1.0104241096782794e-05,2.122547334954209e-06,1.987322000788117e-05,0.499281670416237,6.935296550282277e-09,0.4992816704162441,2.6320519398807075e-09,0.0014041591461476227,9.805874310262393e-08,2.9238684013396224e-07
Random2032
Raw:1.0104241096782938e-05,2.122547334954239e-06,1.987322000788117e-05,0.499281670416237,6.935296550282277e-09,0.4992816704162441,2.632051939880745e-09,0.0014041591461476427,9.805874310262393e-08,2.9238684013396637e-07
EFT:1.0104241096782794e-05,2.122547334954209e-06,1.987322000788117e-05,0.499281670416237,6.935296550282277e-09,0.4992816704162441,2.6320519398807075e-09,0.0014041591461476227,9.805874310262393e-08,2.9238684013396224e-07
Random2033
Raw:1.0104241096782867e-05,2.122547334954224e-06,1.987322000788131e-05,0.49928167041624055,6.935296550282326e-09,0.49928167041624055,2.6320519398807265e-09,0.0014041591461476327,9.805874310262323e-08,2.923868401339643e-07
EFT:1.0104241096782794e-05,2.122547334954209e-06,1.987322000788117e-05,0.499281670416237,6.935296550282277e-09,0.4992816704162441,2.6320519398807075e-09,0.0014041591461476227,9.805874310262393e-08,2.9238684013396224e-07
Random2034
Raw:1.0104241096782938e-05,2.122547334954209e-06,1.987322000788117e-05,0.499281670416237,6.9352965502823754e-09,0.4992816704162441,2.632051939880745e-09,0.0014041591461476227,9.805874310262532e-08,2.9238684013396637e-07
EFT:1.0104241096782794e-05,2.122547334954209e-06,1.987322000788117e-05,0.499281670416237,6.935296550282277e-09,0.4992816704162441,2.6320519398807075e-09,0.0014041591461476227,9.805874310262393e-08,2.9238684013396224e-07
Random2035
Raw:1.0104241096782867e-05,2.122547334954194e-06,1.9873220007881028e-05,0.49928167041624055,6.935296550282326e-09,0.49928167041624055,2.6320519398807265e-09,0.0014041591461476128,9.805874310262323e-08,2.923868401339643e-07
EFT:1.0104241096782794e-05,2.122547334954209e-06,1.987322000788117e-05,0.499281670416237,6.935296550282277e-09,0.4992816704162441,2.6320519398807075e-09,0.0014041591461476227,9.805874310262393e-08,2.9238684013396224e-07
Random2036
Raw:1.0104241096782938e-05,2.1225473349541788e-06,1.9873220007880885e-05,0.499281670416237,6.935296550282277e-09,0.4992816704162441,2.632051939880745e-09,0.0014041591461476026,9.805874310262532e-08,2.9238684013396224e-07
EFT:1.0104241096782794e-05,2.122547334954209e-06,1.987322000788117e-05,0.499281670416237,6.935296550282277e-09,0.4992816704162441,2.6320519398807075e-09,0.0014041591461476227,9.805874310262393e-08,2.9238684013396224e-07
Random2037
Raw:1.0104241096782867e-05,2.122547334954224e-06,1.987322000788131e-05,0.49928167041624055,6.935296550282326e-09,0.49928167041624055,2.6320519398807265e-09,0.0014041591461476327,9.805874310262602e-08,2.923868401339643e-07
EFT:1.0104241096782794e-05,2.122547334954209e-06,1.987322000788117e-05,0.499281670416237,6.935296550282277e-09,0.4992816704162441,2.6320519398807075e-09,0.0014041591461476227,9.805874310262393e-08,2.9238684013396224e-07
Random2038
Raw:1.0104241096782867e-05,2.122547334954224e-06,1.987322000788131e-05,0.49928167041624055,6.935296550282326e-09,0.49928167041624055,2.6320519398807265e-09,0.0014041591461476128,9.805874310262462e-08,2.923868401339643e-07
EFT:1.0104241096782794e-05,2.122547334954209e-06,1.987322000788117e-05,0.499281670416237,6.935296550282277e-09,0.4992816704162441,2.6320519398807075e-09,0.0014041591461476227,9.805874310262393e-08,2.9238684013396224e-07
Random2039
Raw:1.0104241096782938e-05,2.122547334954239e-06,1.987322000788117e-05,0.499281670416237,6.935296550282277e-09,0.4992816704162441,2.632051939880745e-09,0.0014041591461476427,9.805874310262532e-08,2.9238684013396224e-07
EFT:1.0104241096782794e-05,2.122547334954209e-06,1.987322000788117e-05,0.499281670416237,6.935296550282277e-09,0.4992816704162441,2.6320519398807075e-09,0.0014041591461476227,9.805874310262393e-08,2.9238684013396224e-07
Random2040
Raw:1.0104241096782867e-05,2.122547334954194e-06,1.9873220007881028e-05,0.49928167041624055,6.935296550282228e-09,0.49928167041624055,2.632051939880689e-09,0.0014041591461476128,9.805874310262462e-08,2.923868401339602e-07
EFT:1.0104241096782794e-05,2.122547334954209e-06,1.987322000788117e-05,0.499281670416237,6.935296550282277e-09,0.4992816704162441,2.6320519398807075e-09,0.0014041591461476227,9.805874310262393e-08,2.9238684013396224e-07
Random2041
Raw:1.0104241096782938e-05,2.122547334954209e-06,1.987322000788117e-05,0.499281670416237,6.9352965502823754e-09,0.4992816704162441,2.632051939880745e-09,0.0014041591461476227,9.805874310262532e-08,2.9238684013396637e-07
EFT:1.0104241096782794e-05,2.122547334954209e-06,1.987322000788117e-05,0.499281670416237,6.935296550282277e-09,0.4992816704162441,2.6320519398807075e-09,0.0014041591461476227,9.805874310262393e-08,2.9238684013396224e-07
Random2042
Raw:1.0104241096782938e-05,2.122547334954239e-06,1.987322000788145e-05,0.499281670416237,6.935296550282277e-09,0.4992816704162441,2.632051939880745e-09,0.0014041591461476427,9.805874310262393e-08,2.9238684013396637e-07
EFT:1.0104241096782794e-05,2.122547334954209e-06,1.987322000788117e-05,0.499281670416237,6.935296550282277e-09,0.4992816704162441,2.6320519398807075e-09,0.0014041591461476227,9.805874310262393e-08,2.9238684013396224e-07
Random2043
Raw:1.0104241096783009e-05,2.122547334954224e-06,1.987322000788131e-05,0.49928167041623345,6.935296550282327e-09,0.49928167041624766,2.6320519398807638e-09,0.0014041591461476327,9.805874310262462e-08,2.923868401339685e-07
EFT:1.0104241096782794e-05,2.122547334954209e-06,1.987322000788117e-05,0.499281670416237,6.935296550282277e-09,0.4992816704162441,2.6320519398807075e-09,0.0014041591461476227,9.805874310262393e-08,2.9238684013396224e-07
Random2044
Raw:1.0104241096782867e-05,2.122547334954224e-06,1.987322000788131e-05,0.49928167041624055,6.935296550282326e-09,0.49928167041624055,2.6320519398807265e-09,0.0014041591461476327,9.805874310262323e-08,2.923868401339643e-07
EFT:1.0104241096782794e-05,2.122547334954209e-06,1.987322000788117e-05,0.499281670416237,6.935296550282277e-09,0.4992816704162441,2.6320519398807075e-09,0.0014041591461476227,9.805874310262393e-08,2.9238684013396224e-07
Random2045
Raw:1.0104241096782867e-05,2.122547334954194e-06,1.9873220007881028e-05,0.49928167041624055,6.935296550282326e-09,0.49928167041624055,2.6320519398807265e-09,0.0014041591461476128,9.805874310262323e-08,2.923868401339643e-07
EFT:1.0104241096782794e-05,2.122547334954209e-06,1.987322000788117e-05,0.499281670416237,6.935296550282277e-09,0.4992816704162441,2.6320519398807075e-09,0.0014041591461476227,9.805874310262393e-08,2.9238684013396224e-07
Random2046
Raw:1.0104241096782938e-05,2.1225473349541788e-06,1.9873220007880885e-05,0.499281670416237,6.935296550282277e-09,0.4992816704162441,2.632051939880745e-09,0.0014041591461476026,9.805874310262532e-08,2.9238684013396224e-07
EFT:1.0104241096782794e-05,2.122547334954209e-06,1.987322000788117e-05,0.499281670416237,6.935296550282277e-09,0.4992816704162441,2.6320519398807075e-09,0.0014041591461476227,9.805874310262393e-08,2.9238684013396224e-07
Random2047
Raw:1.0104241096782865e-05,2.122547334954194e-06,1.9873220007881028e-05,0.49928167041623345,6.935296550282228e-09,0.49928167041624766,2.632051939880726e-09,0.0014041591461476126,9.805874310262462e-08,2.9238684013396436e-07
EFT:1.0104241096782794e-05,2.122547334954209e-06,1.987322000788117e-05,0.499281670416237,6.935296550282277e-09,0.4992816704162441,2.6320519398807075e-09,0.0014041591461476227,9.805874310262393e-08,2.9238684013396224e-07
Random2048
Raw:1.0104241096782794e-05,2.122547334954209e-06,1.987322000788117e-05,0.499281670416237,6.9352965502821786e-09,0.4992816704162441,2.632051939880745e-09,0.0014041591461476227,9.805874310262254e-08,2.9238684013396224e-07
EFT:1.0104241096782794e-05,2.122547334954209e-06,1.987322000788117e-05,0.499281670416237,6.935296550282277e-09,0.4992816704162441,2.6320519398807075e-09,0.0014041591461476227,9.805874310262393e-08,2.9238684013396224e-07
Random2049
Raw:1.0104241096782938e-05,2.122547334954239e-06,1.987322000788117e-05,0.499281670416237,6.9352965502823754e-09,0.4992816704162441,2.6320519398807824e-09,0.0014041591461476227,9.805874310262532e-08,2.9238684013396637e-07
EFT:1.0104241096782794e-05,2.122547334954209e-06,1.987322000788117e-05,0.499281670416237,6.935296550282277e-09,0.4992816704162441,2.6320519398807075e-09,0.0014041591461476227,9.805874310262393e-08,2.9238684013396224e-07
Random2050
Raw:1.0104241096782938e-05,2.122547334954209e-06,1.987322000788117e-05,0.499281670416237,6.935296550282277e-09,0.4992816704162441,2.632051939880745e-09,0.0014041591461476227,9.805874310262532e-08,2.9238684013396224e-07
EFT:1.0104241096782794e-05,2.122547334954209e-06,1.987322000788117e-05,0.499281670416237,6.935296550282277e-09,0.4992816704162441,2.6320519398807075e-09,0.0014041591461476227,9.805874310262393e-08,2.9238684013396224e-07
Random2051
Raw:1.0104241096782867e-05,2.122547334954224e-06,1.987322000788131e-05,0.49928167041624055,6.935296550282326e-09,0.49928167041624055,2.6320519398807265e-09,0.0014041591461476327,9.805874310262323e-08,2.923868401339643e-07
EFT:1.0104241096782794e-05,2.122547334954209e-06,1.987322000788117e-05,0.499281670416237,6.935296550282277e-09,0.4992816704162441,2.6320519398807075e-09,0.0014041591461476227,9.805874310262393e-08,2.9238684013396224e-07
Random2052
Raw:1.0104241096782867e-05,2.122547334954224e-06,1.987322000788131e-05,0.49928167041624055,6.935296550282326e-09,0.49928167041624055,2.6320519398807265e-09,0.0014041591461476327,9.805874310262462e-08,2.923868401339643e-07
EFT:1.0104241096782794e-05,2.122547334954209e-06,1.987322000788117e-05,0.499281670416237,6.935296550282277e-09,0.4992816704162441,2.6320519398807075e-09,0.0014041591461476227,9.805874310262393e-08,2.9238684013396224e-07
Random2053
Raw:1.0104241096782938e-05,2.122547334954209e-06,1.987322000788117e-05,0.499281670416237,6.9352965502823754e-09,0.4992816704162441,2.632051939880745e-09,0.0014041591461476227,9.805874310262532e-08,2.9238684013396637e-07
EFT:1.0104241096782794e-05,2.122547334954209e-06,1.987322000788117e-05,0.499281670416237,6.935296550282277e-09,0.4992816704162441,2.6320519398807075e-09,0.0014041591461476227,9.805874310262393e-08,2.9238684013396224e-07
Random2054
Raw:1.0104241096782938e-05,2.122547334954209e-06,1.9873220007880885e-05,0.499281670416237,6.9352965502823754e-09,0.4992816704162441,2.6320519398807824e-09,0.0014041591461476227,9.805874310262532e-08,2.9238684013396637e-07
EFT:1.0104241096782794e-05,2.122547334954209e-06,1.987322000788117e-05,0.499281670416237,6.935296550282277e-09,0.4992816704162441,2.6320519398807075e-09,0.0014041591461476227,9.805874310262393e-08,2.9238684013396224e-07
Random2055
Raw:1.0104241096783009e-05,2.122547334954224e-06,1.987322000788131e-05,0.49928167041623345,6.935296550282327e-09,0.49928167041624766,2.6320519398807638e-09,0.0014041591461476327,9.805874310262601e-08,2.9238684013396436e-07
EFT:1.0104241096782794e-05,2.122547334954209e-06,1.987322000788117e-05,0.499281670416237,6.935296550282277e-09,0.4992816704162441,2.6320519398807075e-09,0.0014041591461476227,9.805874310262393e-08,2.9238684013396224e-07
Random2056
Raw:1.0104241096782938e-05,2.122547334954209e-06,1.987322000788117e-05,0.499281670416237,6.935296550282277e-09,0.4992816704162441,2.632051939880745e-09,0.0014041591461476427,9.805874310262393e-08,2.9238684013396224e-07
EFT:1.0104241096782794e-05,2.122547334954209e-06,1.987322000788117e-05,0.499281670416237,6.935296550282277e-09,0.4992816704162441,2.6320519398807075e-09,0.0014041591461476227,9.805874310262393e-08,2.9238684013396224e-07
Random2057
Raw:1.0104241096782794e-05,2.122547334954209e-06,1.9873220007880885e-05,0.499281670416237,6.935296550282277e-09,0.4992816704162441,2.6320519398807075e-09,0.0014041591461476026,9.805874310262393e-08,2.9238684013396224e-07
EFT:1.0104241096782794e-05,2.122547334954209e-06,1.987322000788117e-05,0.499281670416237,6.935296550282277e-09,0.4992816704162441,2.6320519398807075e-09,0.0014041591461476227,9.805874310262393e-08,2.9238684013396224e-07
Random2058
Raw:1.0104241096783009e-05,2.122547334954194e-06,1.9873220007881028e-05,0.49928167041623345,6.935296550282327e-09,0.49928167041624766,2.6320519398807638e-09,0.0014041591461476126,9.805874310262601e-08,2.9238684013396436e-07
EFT:1.0104241096782794e-05,2.122547334954209e-06,1.987322000788117e-05,0.499281670416237,6.935296550282277e-09,0.4992816704162441,2.6320519398807075e-09,0.0014041591461476227,9.805874310262393e-08,2.9238684013396224e-07
Random2059
Raw:1.0104241096782938e-05,2.122547334954239e-06,1.987322000788117e-05,0.499281670416237,6.9352965502823754e-09,0.4992816704162441,2.6320519398807824e-09,0.0014041591461476227,9.805874310262532e-08,2.9238684013396637e-07
EFT:1.0104241096782794e-05,2.122547334954209e-06,1.987322000788117e-05,0.499281670416237,6.935296550282277e-09,0.4992816704162441,2.6320519398807075e-09,0.0014041591461476227,9.805874310262393e-08,2.9238684013396224e-07
Random2060
Raw:1.0104241096782938e-05,2.122547334954209e-06,1.987322000788117e-05,0.499281670416237,6.935296550282277e-09,0.4992816704162441,2.632051939880745e-09,0.0014041591461476227,9.805874310262532e-08,2.9238684013396224e-07
EFT:1.0104241096782794e-05,2.122547334954209e-06,1.987322000788117e-05,0.499281670416237,6.935296550282277e-09,0.4992816704162441,2.6320519398807075e-09,0.0014041591461476227,9.805874310262393e-08,2.9238684013396224e-07
Random2061
Raw:1.0104241096782794e-05,2.122547334954209e-06,1.987322000788117e-05,0.4992816704162441,6.935296550282277e-09,0.499281670416237,2.63205193988067e-09,0.0014041591461476227,9.805874310262254e-08,2.9238684013396224e-07
EFT:1.0104241096782794e-05,2.122547334954209e-06,1.987322000788117e-05,0.499281670416237,6.935296550282277e-09,0.4992816704162441,2.6320519398807075e-09,0.0014041591461476227,9.805874310262393e-08,2.9238684013396224e-07
Random2062
Raw:1.0104241096783009e-05,2.122547334954224e-06,1.987322000788131e-05,0.49928167041623345,6.935296550282327e-09,0.49928167041624766,2.6320519398807638e-09,0.0014041591461476327,9.805874310262462e-08,2.923868401339685e-07
EFT:1.0104241096782794e-05,2.122547334954209e-06,1.987322000788117e-05,0.499281670416237,6.935296550282277e-09,0.4992816704162441,2.6320519398807075e-09,0.0014041591461476227,9.805874310262393e-08,2.9238684013396224e-07
Random2063
Raw:1.0104241096782938e-05,2.122547334954209e-06,1.9873220007880885e-05,0.499281670416237,6.935296550282277e-09,0.4992816704162441,2.632051939880745e-09,0.0014041591461476227,9.805874310262393e-08,2.9238684013396224e-07
EFT:1.0104241096782794e-05,2.122547334954209e-06,1.987322000788117e-05,0.499281670416237,6.935296550282277e-09,0.4992816704162441,2.6320519398807075e-09,0.0014041591461476227,9.805874310262393e-08,2.9238684013396224e-07
Random2064
Raw:1.0104241096782938e-05,2.122547334954209e-06,1.987322000788117e-05,0.499281670416237,6.935296550282277e-09,0.4992816704162441,2.632051939880745e-09,0.0014041591461476427,9.805874310262393e-08,2.9238684013396224e-07
EFT:1.0104241096782794e-05,2.122547334954209e-06,1.987322000788117e-05,0.499281670416237,6.935296550282277e-09,0.4992816704162441,2.6320519398807075e-09,0.0014041591461476227,9.805874310262393e-08,2.9238684013396224e-07
Random2065
Raw:1.0104241096782794e-05,2.122547334954209e-06,1.987322000788117e-05,0.499281670416237,6.935296550282277e-09,0.4992816704162441,2.632051939880745e-09,0.0014041591461476227,9.805874310262254e-08,2.9238684013396224e-07
EFT:1.0104241096782794e-05,2.122547334954209e-06,1.987322000788117e-05,0.499281670416237,6.935296550282277e-09,0.4992816704162441,2.6320519398807075e-09,0.0014041591461476227,9.805874310262393e-08,2.9238684013396224e-07
Random2066
Raw:1.0104241096782867e-05,2.122547334954224e-06,1.987322000788131e-05,0.49928167041624055,6.935296550282326e-09,0.49928167041624055,2.6320519398807638e-09,0.0014041591461476327,9.805874310262462e-08,2.923868401339643e-07
EFT:1.0104241096782794e-05,2.122547334954209e-06,1.987322000788117e-05,0.499281670416237,6.935296550282277e-09,0.4992816704162441,2.6320519398807075e-09,0.0014041591461476227,9.805874310262393e-08,2.9238684013396224e-07
Random2067
Raw:1.0104241096782794e-05,2.122547334954209e-06,1.987322000788117e-05,0.499281670416237,6.935296550282277e-09,0.4992816704162441,2.6320519398807075e-09,0.0014041591461476227,9.805874310262393e-08,2.9238684013396224e-07
EFT:1.0104241096782794e-05,2.122547334954209e-06,1.987322000788117e-05,0.499281670416237,6.935296550282277e-09,0.4992816704162441,2.6320519398807075e-09,0.0014041591461476227,9.805874310262393e-08,2.9238684013396224e-07
Random2068
Raw:1.0104241096782867e-05,2.122547334954224e-06,1.987322000788131e-05,0.49928167041624055,6.935296550282326e-09,0.49928167041624055,2.6320519398807265e-09,0.0014041591461476327,9.805874310262462e-08,2.923868401339643e-07
EFT:1.0104241096782794e-05,2.122547334954209e-06,1.987322000788117e-05,0.499281670416237,6.935296550282277e-09,0.4992816704162441,2.6320519398807075e-09,0.0014041591461476227,9.805874310262393e-08,2.9238684013396224e-07
Random2069
Raw:1.0104241096782938e-05,2.122547334954209e-06,1.987322000788117e-05,0.499281670416237,6.935296550282277e-09,0.4992816704162441,2.632051939880745e-09,0.0014041591461476227,9.805874310262532e-08,2.9238684013396224e-07
EFT:1.0104241096782794e-05,2.122547334954209e-06,1.987322000788117e-05,0.499281670416237,6.935296550282277e-09,0.4992816704162441,2.6320519398807075e-09,0.0014041591461476227,9.805874310262393e-08,2.9238684013396224e-07
Random2070
Raw:1.0104241096782938e-05,2.1225473349541788e-06,1.9873220007880885e-05,0.499281670416237,6.935296550282277e-09,0.4992816704162441,2.632051939880745e-09,0.0014041591461476026,9.805874310262532e-08,2.9238684013396224e-07
EFT:1.0104241096782794e-05,2.122547334954209e-06,1.987322000788117e-05,0.499281670416237,6.935296550282277e-09,0.4992816704162441,2.6320519398807075e-09,0.0014041591461476227,9.805874310262393e-08,2.9238684013396224e-07
Random2071
Raw:1.0104241096783009e-05,2.122547334954224e-06,1.9873220007881028e-05,0.49928167041623345,6.935296550282327e-09,0.49928167041624766,2.6320519398807638e-09,0.0014041591461476327,9.805874310262601e-08,2.9238684013396436e-07
EFT:1.0104241096782794e-05,2.122547334954209e-06,1.987322000788117e-05,0.499281670416237,6.935296550282277e-09,0.4992816704162441,2.6320519398807075e-09,0.0014041591461476227,9.805874310262393e-08,2.9238684013396224e-07
Random2072
Raw:1.0104241096783009e-05,2.122547334954194e-06,1.9873220007881028e-05,0.49928167041623345,6.935296550282327e-09,0.49928167041624766,2.6320519398807638e-09,0.0014041591461476126,9.805874310262601e-08,2.9238684013396436e-07
EFT:1.0104241096782794e-05,2.122547334954209e-06,1.987322000788117e-05,0.499281670416237,6.935296550282277e-09,0.4992816704162441,2.6320519398807075e-09,0.0014041591461476227,9.805874310262393e-08,2.9238684013396224e-07
Random2073
Raw:1.0104241096782938e-05,2.122547334954209e-06,1.987322000788117e-05,0.499281670416237,6.9352965502823754e-09,0.4992816704162441,2.6320519398807824e-09,0.0014041591461476227,9.805874310262532e-08,2.9238684013396637e-07
EFT:1.0104241096782794e-05,2.122547334954209e-06,1.987322000788117e-05,0.499281670416237,6.935296550282277e-09,0.4992816704162441,2.6320519398807075e-09,0.0014041591461476227,9.805874310262393e-08,2.9238684013396224e-07
Random2074
Raw:1.0104241096783009e-05,2.122547334954224e-06,1.9873220007881028e-05,0.49928167041623345,6.935296550282327e-09,0.49928167041624766,2.6320519398807638e-09,0.0014041591461476327,9.805874310262601e-08,2.9238684013396436e-07
EFT:1.0104241096782794e-05,2.122547334954209e-06,1.987322000788117e-05,0.499281670416237,6.935296550282277e-09,0.4992816704162441,2.6320519398807075e-09,0.0014041591461476227,9.805874310262393e-08,2.9238684013396224e-07
Random2075
Raw:1.0104241096782938e-05,2.122547334954239e-06,1.9873220007880885e-05,0.499281670416237,6.935296550282277e-09,0.4992816704162441,2.632051939880745e-09,0.0014041591461476227,9.805874310262532e-08,2.9238684013396224e-07
EFT:1.0104241096782794e-05,2.122547334954209e-06,1.987322000788117e-05,0.499281670416237,6.935296550282277e-09,0.4992816704162441,2.6320519398807075e-09,0.0014041591461476227,9.805874310262393e-08,2.9238684013396224e-07
Random2076
Raw:1.0104241096782867e-05,2.122547334954224e-06,1.987322000788131e-05,0.49928167041624055,6.935296550282326e-09,0.49928167041624055,2.6320519398807265e-09,0.0014041591461476128,9.805874310262462e-08,2.923868401339643e-07
EFT:1.0104241096782794e-05,2.122547334954209e-06,1.987322000788117e-05,0.499281670416237,6.935296550282277e-09,0.4992816704162441,2.6320519398807075e-09,0.0014041591461476227,9.805874310262393e-08,2.9238684013396224e-07
Random2077
Raw:1.0104241096782938e-05,2.122547334954209e-06,1.987322000788117e-05,0.499281670416237,6.9352965502823754e-09,0.4992816704162441,2.632051939880745e-09,0.0014041591461476227,9.805874310262532e-08,2.9238684013396637e-07
EFT:1.0104241096782794e-05,2.122547334954209e-06,1.987322000788117e-05,0.499281670416237,6.935296550282277e-09,0.4992816704162441,2.6320519398807075e-09,0.0014041591461476227,9.805874310262393e-08,2.9238684013396224e-07
Random2078
Raw:1.0104241096782867e-05,2.122547334954194e-06,1.9873220007881028e-05,0.49928167041624055,6.935296550282228e-09,0.49928167041624055,2.632051939880689e-09,0.0014041591461476327,9.805874310262323e-08,2.923868401339602e-07
EFT:1.0104241096782794e-05,2.122547334954209e-06,1.987322000788117e-05,0.499281670416237,6.935296550282277e-09,0.4992816704162441,2.6320519398807075e-09,0.0014041591461476227,9.805874310262393e-08,2.9238684013396224e-07
Random2079
Raw:1.0104241096782938e-05,2.122547334954209e-06,1.9873220007880885e-05,0.499281670416237,6.935296550282277e-09,0.4992816704162441,2.632051939880745e-09,0.0014041591461476227,9.805874310262532e-08,2.9238684013396224e-07
EFT:1.0104241096782794e-05,2.122547334954209e-06,1.987322000788117e-05,0.499281670416237,6.935296550282277e-09,0.4992816704162441,2.6320519398807075e-09,0.0014041591461476227,9.805874310262393e-08,2.9238684013396224e-07
Random2080
Raw:1.0104241096782938e-05,2.122547334954239e-06,1.987322000788117e-05,0.499281670416237,6.9352965502823754e-09,0.4992816704162441,2.6320519398807824e-09,0.0014041591461476227,9.805874310262532e-08,2.9238684013396637e-07
EFT:1.0104241096782794e-05,2.122547334954209e-06,1.987322000788117e-05,0.499281670416237,6.935296550282277e-09,0.4992816704162441,2.6320519398807075e-09,0.0014041591461476227,9.805874310262393e-08,2.9238684013396224e-07
Random2081
Raw:1.0104241096782867e-05,2.122547334954224e-06,1.987322000788131e-05,0.49928167041624055,6.935296550282326e-09,0.49928167041624055,2.6320519398807265e-09,0.0014041591461476128,9.805874310262462e-08,2.923868401339643e-07
EFT:1.0104241096782794e-05,2.122547334954209e-06,1.987322000788117e-05,0.499281670416237,6.935296550282277e-09,0.4992816704162441,2.6320519398807075e-09,0.0014041591461476227,9.805874310262393e-08,2.9238684013396224e-07
Random2082
Raw:1.0104241096783009e-05,2.122547334954224e-06,1.9873220007881028e-05,0.49928167041623345,6.935296550282327e-09,0.49928167041624766,2.6320519398807638e-09,0.0014041591461476327,9.805874310262601e-08,2.9238684013396436e-07
EFT:1.0104241096782794e-05,2.122547334954209e-06,1.987322000788117e-05,0.499281670416237,6.935296550282277e-09,0.4992816704162441,2.6320519398807075e-09,0.0014041591461476227,9.805874310262393e-08,2.9238684013396224e-07
Random2083
Raw:1.0104241096782938e-05,2.122547334954239e-06,1.9873220007880885e-05,0.499281670416237,6.935296550282277e-09,0.4992816704162441,2.632051939880745e-09,0.0014041591461476227,9.805874310262532e-08,2.9238684013396224e-07
EFT:1.0104241096782794e-05,2.122547334954209e-06,1.987322000788117e-05,0.499281670416237,6.935296550282277e-09,0.4992816704162441,2.6320519398807075e-09,0.0014041591461476227,9.805874310262393e-08,2.9238684013396224e-07
Random2084
Raw:1.0104241096782938e-05,2.122547334954239e-06,1.9873220007880885e-05,0.499281670416237,6.935296550282277e-09,0.4992816704162441,2.632051939880745e-09,0.0014041591461476227,9.805874310262532e-08,2.9238684013396224e-07
EFT:1.0104241096782794e-05,2.122547334954209e-06,1.987322000788117e-05,0.499281670416237,6.935296550282277e-09,0.4992816704162441,2.6320519398807075e-09,0.0014041591461476227,9.805874310262393e-08,2.9238684013396224e-07
Random2085
Raw:1.0104241096782938e-05,2.122547334954209e-06,1.987322000788117e-05,0.499281670416237,6.935296550282277e-09,0.4992816704162441,2.632051939880745e-09,0.0014041591461476427,9.805874310262393e-08,2.9238684013396224e-07
EFT:1.0104241096782794e-05,2.122547334954209e-06,1.987322000788117e-05,0.499281670416237,6.935296550282277e-09,0.4992816704162441,2.6320519398807075e-09,0.0014041591461476227,9.805874310262393e-08,2.9238684013396224e-07
Random2086
Raw:1.0104241096783009e-05,2.122547334954194e-06,1.9873220007881028e-05,0.49928167041623345,6.935296550282327e-09,0.49928167041624766,2.6320519398807638e-09,0.0014041591461476126,9.805874310262601e-08,2.9238684013396436e-07
EFT:1.0104241096782794e-05,2.122547334954209e-06,1.987322000788117e-05,0.499281670416237,6.935296550282277e-09,0.4992816704162441,2.6320519398807075e-09,0.0014041591461476227,9.805874310262393e-08,2.9238684013396224e-07
Random2087
Raw:1.0104241096782794e-05,2.122547334954209e-06,1.987322000788117e-05,0.499281670416237,6.935296550282277e-09,0.4992816704162441,2.6320519398807075e-09,0.0014041591461476026,9.805874310262393e-08,2.9238684013396224e-07
EFT:1.0104241096782794e-05,2.122547334954209e-06,1.987322000788117e-05,0.499281670416237,6.935296550282277e-09,0.4992816704162441,2.6320519398807075e-09,0.0014041591461476227,9.805874310262393e-08,2.9238684013396224e-07
Random2088
Raw:1.0104241096782794e-05,2.122547334954209e-06,1.987322000788117e-05,0.499281670416237,6.935296550282277e-09,0.4992816704162441,2.632051939880745e-09,0.0014041591461476227,9.805874310262254e-08,2.9238684013396224e-07
EFT:1.0104241096782794e-05,2.122547334954209e-06,1.987322000788117e-05,0.499281670416237,6.935296550282277e-09,0.4992816704162441,2.6320519398807075e-09,0.0014041591461476227,9.805874310262393e-08,2.9238684013396224e-07
Random2089
Raw:1.0104241096782867e-05,2.122547334954224e-06,1.987322000788131e-05,0.49928167041624055,6.935296550282326e-09,0.49928167041624055,2.6320519398807265e-09,0.0014041591461476327,9.805874310262462e-08,2.923868401339643e-07
EFT:1.0104241096782794e-05,2.122547334954209e-06,1.987322000788117e-05,0.499281670416237,6.935296550282277e-09,0.4992816704162441,2.6320519398807075e-09,0.0014041591461476227,9.805874310262393e-08,2.9238684013396224e-07
Random2090
Raw:1.0104241096783009e-05,2.122547334954224e-06,1.987322000788131e-05,0.49928167041623345,6.935296550282327e-09,0.49928167041624766,2.6320519398807638e-09,0.0014041591461476327,9.805874310262462e-08,2.923868401339685e-07
EFT:1.0104241096782794e-05,2.122547334954209e-06,1.987322000788117e-05,0.499281670416237,6.935296550282277e-09,0.4992816704162441,2.6320519398807075e-09,0.0014041591461476227,9.805874310262393e-08,2.9238684013396224e-07
Random2091
Raw:1.0104241096782867e-05,2.122547334954224e-06,1.9873220007881028e-05,0.49928167041624055,6.935296550282326e-09,0.49928167041624055,2.6320519398807265e-09,0.0014041591461476128,9.805874310262462e-08,2.923868401339643e-07
EFT:1.0104241096782794e-05,2.122547334954209e-06,1.987322000788117e-05,0.499281670416237,6.935296550282277e-09,0.4992816704162441,2.6320519398807075e-09,0.0014041591461476227,9.805874310262393e-08,2.9238684013396224e-07
Random2092
Raw:1.0104241096782867e-05,2.122547334954224e-06,1.987322000788131e-05,0.49928167041624055,6.935296550282326e-09,0.49928167041624055,2.6320519398807265e-09,0.0014041591461476327,9.805874310262462e-08,2.923868401339643e-07
EFT:1.0104241096782794e-05,2.122547334954209e-06,1.987322000788117e-05,0.499281670416237,6.935296550282277e-09,0.4992816704162441,2.6320519398807075e-09,0.0014041591461476227,9.805874310262393e-08,2.9238684013396224e-07
Random2093
Raw:1.0104241096782938e-05,2.122547334954209e-06,1.987322000788117e-05,0.499281670416237,6.9352965502823754e-09,0.4992816704162441,2.632051939880745e-09,0.0014041591461476227,9.805874310262532e-08,2.9238684013396637e-07
EFT:1.0104241096782794e-05,2.122547334954209e-06,1.987322000788117e-05,0.499281670416237,6.935296550282277e-09,0.4992816704162441,2.6320519398807075e-09,0.0014041591461476227,9.805874310262393e-08,2.9238684013396224e-07
Random2094
Raw:1.0104241096782938e-05,2.122547334954239e-06,1.9873220007880885e-05,0.499281670416237,6.935296550282277e-09,0.4992816704162441,2.632051939880745e-09,0.0014041591461476227,9.805874310262532e-08,2.9238684013396224e-07
EFT:1.0104241096782794e-05,2.122547334954209e-06,1.987322000788117e-05,0.499281670416237,6.935296550282277e-09,0.4992816704162441,2.6320519398807075e-09,0.0014041591461476227,9.805874310262393e-08,2.9238684013396224e-07
Random2095
Raw:1.0104241096783009e-05,2.122547334954224e-06,1.9873220007881028e-05,0.49928167041623345,6.935296550282327e-09,0.49928167041624766,2.6320519398807638e-09,0.0014041591461476327,9.805874310262601e-08,2.9238684013396436e-07
EFT:1.0104241096782794e-05,2.122547334954209e-06,1.987322000788117e-05,0.499281670416237,6.935296550282277e-09,0.4992816704162441,2.6320519398807075e-09,0.0014041591461476227,9.805874310262393e-08,2.9238684013396224e-07
Random2096
Raw:1.0104241096782794e-05,2.122547334954209e-06,1.987322000788117e-05,0.499281670416237,6.9352965502821786e-09,0.4992816704162441,2.6320519398807075e-09,0.0014041591461476227,9.805874310262393e-08,2.9238684013396224e-07
EFT:1.0104241096782794e-05,2.122547334954209e-06,1.987322000788117e-05,0.499281670416237,6.935296550282277e-09,0.4992816704162441,2.6320519398807075e-09,0.0014041591461476227,9.805874310262393e-08,2.9238684013396224e-07
Random2097
Raw:1.0104241096782938e-05,2.122547334954239e-06,1.987322000788145e-05,0.499281670416237,6.935296550282277e-09,0.4992816704162441,2.632051939880745e-09,0.0014041591461476427,9.805874310262393e-08,2.9238684013396637e-07
EFT:1.0104241096782794e-05,2.122547334954209e-06,1.987322000788117e-05,0.499281670416237,6.935296550282277e-09,0.4992816704162441,2.6320519398807075e-09,0.0014041591461476227,9.805874310262393e-08,2.9238684013396224e-07
Random2098
Raw:1.0104241096782938e-05,2.122547334954209e-06,1.987322000788117e-05,0.499281670416237,6.9352965502823754e-09,0.4992816704162441,2.632051939880745e-09,0.0014041591461476227,9.805874310262393e-08,2.9238684013396637e-07
EFT:1.0104241096782794e-05,2.122547334954209e-06,1.987322000788117e-05,0.499281670416237,6.935296550282277e-09,0.4992816704162441,2.6320519398807075e-09,0.0014041591461476227,9.805874310262393e-08,2.9238684013396224e-07
Random2099
Raw:1.0104241096782794e-05,2.122547334954209e-06,1.987322000788117e-05,0.499281670416237,6.9352965502821786e-09,0.4992816704162441,2.6320519398807075e-09,0.0014041591461476227,9.805874310262393e-08,2.9238684013396224e-07
EFT:1.0104241096782794e-05,2.122547334954209e-06,1.987322000788117e-05,0.499281670416237,6.935296550282277e-09,0.4992816704162441,2.6320519398807075e-09,0.0014041591461476227,9.805874310262393e-08,2.9238684013396224e-07
Random2100
Raw:1.0104241096782867e-05,2.122547334954194e-06,1.9873220007881028e-05,0.49928167041624055,6.935296550282326e-09,0.49928167041624055,2.6320519398807265e-09,0.0014041591461476128,9.805874310262602e-08,2.923868401339643e-07
EFT:1.0104241096782794e-05,2.122547334954209e-06,1.987322000788117e-05,0.499281670416237,6.935296550282277e-09,0.4992816704162441,2.6320519398807075e-09,0.0014041591461476227,9.805874310262393e-08,2.9238684013396224e-07
Random2101
Raw:1.0104241096782938e-05,2.122547334954209e-06,1.987322000788117e-05,0.499281670416237,6.9352965502823754e-09,0.4992816704162441,2.632051939880745e-09,0.0014041591461476227,9.805874310262532e-08,2.9238684013396637e-07
EFT:1.0104241096782794e-05,2.122547334954209e-06,1.987322000788117e-05,0.499281670416237,6.935296550282277e-09,0.4992816704162441,2.6320519398807075e-09,0.0014041591461476227,9.805874310262393e-08,2.9238684013396224e-07
Random2102
Raw:1.0104241096782938e-05,2.122547334954209e-06,1.987322000788117e-05,0.499281670416237,6.935296550282277e-09,0.4992816704162441,2.632051939880745e-09,0.0014041591461476427,9.805874310262393e-08,2.9238684013396224e-07
EFT:1.0104241096782794e-05,2.122547334954209e-06,1.987322000788117e-05,0.499281670416237,6.935296550282277e-09,0.4992816704162441,2.6320519398807075e-09,0.0014041591461476227,9.805874310262393e-08,2.9238684013396224e-07
Random2103
Raw:1.0104241096782867e-05,2.122547334954224e-06,1.9873220007881028e-05,0.49928167041624055,6.935296550282326e-09,0.49928167041624055,2.6320519398807265e-09,0.0014041591461476327,9.805874310262602e-08,2.923868401339643e-07
EFT:1.0104241096782794e-05,2.122547334954209e-06,1.987322000788117e-05,0.499281670416237,6.935296550282277e-09,0.4992816704162441,2.6320519398807075e-09,0.0014041591461476227,9.805874310262393e-08,2.9238684013396224e-07
Random2104
Raw:1.0104241096782938e-05,2.122547334954209e-06,1.987322000788117e-05,0.499281670416237,6.935296550282277e-09,0.4992816704162441,2.632051939880745e-09,0.0014041591461476227,9.805874310262393e-08,2.9238684013396637e-07
EFT:1.0104241096782794e-05,2.122547334954209e-06,1.987322000788117e-05,0.499281670416237,6.935296550282277e-09,0.4992816704162441,2.6320519398807075e-09,0.0014041591461476227,9.805874310262393e-08,2.9238684013396224e-07
Random2105
Raw:1.0104241096783009e-05,2.122547334954224e-06,1.987322000788131e-05,0.49928167041623345,6.935296550282424e-09,0.49928167041624766,2.6320519398807638e-09,0.0014041591461476327,9.805874310262601e-08,2.923868401339685e-07
EFT:1.0104241096782794e-05,2.122547334954209e-06,1.987322000788117e-05,0.499281670416237,6.935296550282277e-09,0.4992816704162441,2.6320519398807075e-09,0.0014041591461476227,9.805874310262393e-08,2.9238684013396224e-07
Random2106
Raw:1.0104241096783009e-05,2.122547334954224e-06,1.9873220007881028e-05,0.49928167041623345,6.935296550282327e-09,0.49928167041624766,2.6320519398807638e-09,0.0014041591461476327,9.805874310262601e-08,2.9238684013396436e-07
EFT:1.0104241096782794e-05,2.122547334954209e-06,1.987322000788117e-05,0.499281670416237,6.935296550282277e-09,0.4992816704162441,2.6320519398807075e-09,0.0014041591461476227,9.805874310262393e-08,2.9238684013396224e-07
Random2107
Raw:1.0104241096783082e-05,2.122547334954239e-06,1.987322000788145e-05,0.499281670416237,6.935296550282475e-09,0.4992816704162441,2.6320519398807824e-09,0.0014041591461476427,9.805874310262532e-08,2.9238684013396637e-07
EFT:1.0104241096782794e-05,2.122547334954209e-06,1.987322000788117e-05,0.499281670416237,6.935296550282277e-09,0.4992816704162441,2.6320519398807075e-09,0.0014041591461476227,9.805874310262393e-08,2.9238684013396224e-07
Random2108
Raw:1.0104241096782938e-05,2.122547334954239e-06,1.987322000788145e-05,0.499281670416237,6.935296550282277e-09,0.4992816704162441,2.632051939880745e-09,0.0014041591461476427,9.805874310262532e-08,2.9238684013396224e-07
EFT:1.0104241096782794e-05,2.122547334954209e-06,1.987322000788117e-05,0.499281670416237,6.935296550282277e-09,0.4992816704162441,2.6320519398807075e-09,0.0014041591461476227,9.805874310262393e-08,2.9238684013396224e-07
Random2109
Raw:1.0104241096782867e-05,2.122547334954194e-06,1.9873220007881028e-05,0.49928167041624055,6.935296550282326e-09,0.49928167041624055,2.6320519398807265e-09,0.0014041591461476128,9.805874310262323e-08,2.923868401339643e-07
EFT:1.0104241096782794e-05,2.122547334954209e-06,1.987322000788117e-05,0.499281670416237,6.935296550282277e-09,0.4992816704162441,2.6320519398807075e-09,0.0014041591461476227,9.805874310262393e-08,2.9238684013396224e-07
Random2110
Raw:1.0104241096782723e-05,2.122547334954194e-06,1.9873220007881028e-05,0.49928167041624055,6.935296550282228e-09,0.49928167041624055,2.6320519398806513e-09,0.0014041591461476128,9.805874310262323e-08,2.923868401339602e-07
EFT:1.0104241096782794e-05,2.122547334954209e-06,1.987322000788117e-05,0.499281670416237,6.935296550282277e-09,0.4992816704162441,2.6320519398807075e-09,0.0014041591461476227,9.805874310262393e-08,2.9238684013396224e-07
Random2111
Raw:1.0104241096783009e-05,2.122547334954224e-06,1.987322000788131e-05,0.49928167041623345,6.935296550282327e-09,0.49928167041624766,2.6320519398807638e-09,0.0014041591461476327,9.805874310262462e-08,2.923868401339685e-07
EFT:1.0104241096782794e-05,2.122547334954209e-06,1.987322000788117e-05,0.499281670416237,6.935296550282277e-09,0.4992816704162441,2.6320519398807075e-09,0.0014041591461476227,9.805874310262393e-08,2.9238684013396224e-07
Random2112
Raw:1.0104241096782865e-05,2.122547334954194e-06,1.9873220007881028e-05,0.49928167041623345,6.935296550282327e-09,0.49928167041624766,2.632051939880726e-09,0.0014041591461476126,9.805874310262462e-08,2.9238684013396436e-07
EFT:1.0104241096782794e-05,2.122547334954209e-06,1.987322000788117e-05,0.499281670416237,6.935296550282277e-09,0.4992816704162441,2.6320519398807075e-09,0.0014041591461476227,9.805874310262393e-08,2.9238684013396224e-07
Random2113
Raw:1.0104241096782938e-05,2.122547334954209e-06,1.987322000788117e-05,0.499281670416237,6.935296550282277e-09,0.4992816704162441,2.632051939880745e-09,0.0014041591461476227,9.805874310262532e-08,2.9238684013396224e-07
EFT:1.0104241096782794e-05,2.122547334954209e-06,1.987322000788117e-05,0.499281670416237,6.935296550282277e-09,0.4992816704162441,2.6320519398807075e-09,0.0014041591461476227,9.805874310262393e-08,2.9238684013396224e-07
Random2114
Raw:1.0104241096782938e-05,2.122547334954209e-06,1.987322000788117e-05,0.499281670416237,6.935296550282277e-09,0.4992816704162441,2.632051939880745e-09,0.0014041591461476427,9.805874310262393e-08,2.9238684013396224e-07
EFT:1.0104241096782794e-05,2.122547334954209e-06,1.987322000788117e-05,0.499281670416237,6.935296550282277e-09,0.4992816704162441,2.6320519398807075e-09,0.0014041591461476227,9.805874310262393e-08,2.9238684013396224e-07
Random2115
Raw:1.0104241096782794e-05,2.122547334954209e-06,1.987322000788117e-05,0.499281670416237,6.935296550282277e-09,0.4992816704162441,2.632051939880745e-09,0.0014041591461476227,9.805874310262254e-08,2.9238684013396224e-07
EFT:1.0104241096782794e-05,2.122547334954209e-06,1.987322000788117e-05,0.499281670416237,6.935296550282277e-09,0.4992816704162441,2.6320519398807075e-09,0.0014041591461476227,9.805874310262393e-08,2.9238684013396224e-07
Random2116
Raw:1.0104241096782938e-05,2.122547334954209e-06,1.987322000788117e-05,0.499281670416237,6.935296550282277e-09,0.4992816704162441,2.632051939880745e-09,0.0014041591461476427,9.805874310262393e-08,2.9238684013396224e-07
EFT:1.0104241096782794e-05,2.122547334954209e-06,1.987322000788117e-05,0.499281670416237,6.935296550282277e-09,0.4992816704162441,2.6320519398807075e-09,0.0014041591461476227,9.805874310262393e-08,2.9238684013396224e-07
Random2117
Raw:1.0104241096782867e-05,2.122547334954194e-06,1.9873220007881028e-05,0.49928167041624055,6.935296550282228e-09,0.49928167041624055,2.632051939880689e-09,0.0014041591461476128,9.805874310262462e-08,2.923868401339602e-07
EFT:1.0104241096782794e-05,2.122547334954209e-06,1.987322000788117e-05,0.499281670416237,6.935296550282277e-09,0.4992816704162441,2.6320519398807075e-09,0.0014041591461476227,9.805874310262393e-08,2.9238684013396224e-07
Random2118
Raw:1.0104241096782794e-05,2.122547334954209e-06,1.9873220007880885e-05,0.499281670416237,6.935296550282277e-09,0.4992816704162441,2.632051939880745e-09,0.0014041591461476227,9.805874310262254e-08,2.9238684013396224e-07
EFT:1.0104241096782794e-05,2.122547334954209e-06,1.987322000788117e-05,0.499281670416237,6.935296550282277e-09,0.4992816704162441,2.6320519398807075e-09,0.0014041591461476227,9.805874310262393e-08,2.9238684013396224e-07
Random2119
Raw:1.0104241096782794e-05,2.122547334954209e-06,1.9873220007880885e-05,0.499281670416237,6.935296550282277e-09,0.4992816704162441,2.6320519398807075e-09,0.0014041591461476026,9.805874310262393e-08,2.9238684013396224e-07
EFT:1.0104241096782794e-05,2.122547334954209e-06,1.987322000788117e-05,0.499281670416237,6.935296550282277e-09,0.4992816704162441,2.6320519398807075e-09,0.0014041591461476227,9.805874310262393e-08,2.9238684013396224e-07
Random2120
Raw:1.0104241096782938e-05,2.122547334954209e-06,1.987322000788117e-05,0.499281670416237,6.935296550282277e-09,0.4992816704162441,2.632051939880745e-09,0.0014041591461476427,9.805874310262393e-08,2.9238684013396224e-07
EFT:1.0104241096782794e-05,2.122547334954209e-06,1.987322000788117e-05,0.499281670416237,6.935296550282277e-09,0.4992816704162441,2.6320519398807075e-09,0.0014041591461476227,9.805874310262393e-08,2.9238684013396224e-07
Random2121
Raw:1.0104241096782938e-05,2.122547334954209e-06,1.9873220007880885e-05,0.499281670416237,6.935296550282277e-09,0.4992816704162441,2.632051939880745e-09,0.0014041591461476227,9.805874310262532e-08,2.9238684013396224e-07
EFT:1.0104241096782794e-05,2.122547334954209e-06,1.987322000788117e-05,0.499281670416237,6.935296550282277e-09,0.4992816704162441,2.6320519398807075e-09,0.0014041591461476227,9.805874310262393e-08,2.9238684013396224e-07
Random2122
Raw:1.0104241096782867e-05,2.122547334954224e-06,1.987322000788131e-05,0.49928167041624055,6.935296550282326e-09,0.49928167041624055,2.6320519398807265e-09,0.0014041591461476327,9.805874310262323e-08,2.923868401339643e-07
EFT:1.0104241096782794e-05,2.122547334954209e-06,1.987322000788117e-05,0.499281670416237,6.935296550282277e-09,0.4992816704162441,2.6320519398807075e-09,0.0014041591461476227,9.805874310262393e-08,2.9238684013396224e-07
Random2123
Raw:1.0104241096783009e-05,2.122547334954224e-06,1.987322000788131e-05,0.49928167041623345,6.935296550282327e-09,0.49928167041624766,2.6320519398807638e-09,0.0014041591461476327,9.805874310262601e-08,2.9238684013396436e-07
EFT:1.0104241096782794e-05,2.122547334954209e-06,1.987322000788117e-05,0.499281670416237,6.935296550282277e-09,0.4992816704162441,2.6320519398807075e-09,0.0014041591461476227,9.805874310262393e-08,2.9238684013396224e-07
Random2124
Raw:1.0104241096782938e-05,2.122547334954209e-06,1.987322000788117e-05,0.499281670416237,6.935296550282277e-09,0.4992816704162441,2.632051939880745e-09,0.0014041591461476427,9.805874310262393e-08,2.9238684013396224e-07
EFT:1.0104241096782794e-05,2.122547334954209e-06,1.987322000788117e-05,0.499281670416237,6.935296550282277e-09,0.4992816704162441,2.6320519398807075e-09,0.0014041591461476227,9.805874310262393e-08,2.9238684013396224e-07
Random2125
Raw:1.0104241096782867e-05,2.122547334954224e-06,1.987322000788131e-05,0.49928167041624055,6.935296550282326e-09,0.49928167041624055,2.6320519398807265e-09,0.0014041591461476327,9.805874310262323e-08,2.923868401339643e-07
EFT:1.0104241096782794e-05,2.122547334954209e-06,1.987322000788117e-05,0.499281670416237,6.935296550282277e-09,0.4992816704162441,2.6320519398807075e-09,0.0014041591461476227,9.805874310262393e-08,2.9238684013396224e-07
Random2126
Raw:1.0104241096782723e-05,2.122547334954194e-06,1.9873220007881028e-05,0.49928167041624055,6.935296550282228e-09,0.49928167041624055,2.632051939880689e-09,0.0014041591461476128,9.805874310262184e-08,2.923868401339602e-07
EFT:1.0104241096782794e-05,2.122547334954209e-06,1.987322000788117e-05,0.499281670416237,6.935296550282277e-09,0.4992816704162441,2.6320519398807075e-09,0.0014041591461476227,9.805874310262393e-08,2.9238684013396224e-07
Random2127
Raw:1.0104241096782938e-05,2.122547334954209e-06,1.987322000788117e-05,0.499281670416237,6.9352965502823754e-09,0.4992816704162441,2.632051939880745e-09,0.0014041591461476227,9.805874310262532e-08,2.9238684013396637e-07
EFT:1.0104241096782794e-05,2.122547334954209e-06,1.987322000788117e-05,0.499281670416237,6.935296550282277e-09,0.4992816704162441,2.6320519398807075e-09,0.0014041591461476227,9.805874310262393e-08,2.9238684013396224e-07
Random2128
Raw:1.0104241096782938e-05,2.122547334954209e-06,1.987322000788117e-05,0.499281670416237,6.935296550282277e-09,0.4992816704162441,2.632051939880745e-09,0.0014041591461476227,9.805874310262393e-08,2.9238684013396637e-07
EFT:1.0104241096782794e-05,2.122547334954209e-06,1.987322000788117e-05,0.499281670416237,6.935296550282277e-09,0.4992816704162441,2.6320519398807075e-09,0.0014041591461476227,9.805874310262393e-08,2.9238684013396224e-07
Random2129
Raw:1.0104241096782867e-05,2.122547334954224e-06,1.987322000788131e-05,0.49928167041624055,6.935296550282326e-09,0.49928167041624055,2.6320519398807265e-09,0.0014041591461476327,9.805874310262323e-08,2.923868401339643e-07
EFT:1.0104241096782794e-05,2.122547334954209e-06,1.987322000788117e-05,0.499281670416237,6.935296550282277e-09,0.4992816704162441,2.6320519398807075e-09,0.0014041591461476227,9.805874310262393e-08,2.9238684013396224e-07
Random2130
Raw:1.0104241096782938e-05,2.122547334954239e-06,1.987322000788117e-05,0.499281670416237,6.935296550282277e-09,0.4992816704162441,2.632051939880745e-09,0.0014041591461476427,9.805874310262393e-08,2.9238684013396637e-07
EFT:1.0104241096782794e-05,2.122547334954209e-06,1.987322000788117e-05,0.499281670416237,6.935296550282277e-09,0.4992816704162441,2.6320519398807075e-09,0.0014041591461476227,9.805874310262393e-08,2.9238684013396224e-07
Random2131
Raw:1.0104241096783009e-05,2.122547334954194e-06,1.9873220007881028e-05,0.49928167041623345,6.935296550282327e-09,0.49928167041624766,2.6320519398807638e-09,0.0014041591461476126,9.805874310262601e-08,2.9238684013396436e-07
EFT:1.0104241096782794e-05,2.122547334954209e-06,1.987322000788117e-05,0.499281670416237,6.935296550282277e-09,0.4992816704162441,2.6320519398807075e-09,0.0014041591461476227,9.805874310262393e-08,2.9238684013396224e-07
Random2132
Raw:1.0104241096782794e-05,2.122547334954209e-06,1.9873220007880885e-05,0.499281670416237,6.9352965502821786e-09,0.4992816704162441,2.6320519398807075e-09,0.0014041591461476026,9.805874310262393e-08,2.9238684013396224e-07
EFT:1.0104241096782794e-05,2.122547334954209e-06,1.987322000788117e-05,0.499281670416237,6.935296550282277e-09,0.4992816704162441,2.6320519398807075e-09,0.0014041591461476227,9.805874310262393e-08,2.9238684013396224e-07
Random2133
Raw:1.0104241096782794e-05,2.122547334954209e-06,1.987322000788117e-05,0.499281670416237,6.935296550282277e-09,0.4992816704162441,2.6320519398807075e-09,0.0014041591461476026,9.805874310262393e-08,2.9238684013396224e-07
EFT:1.0104241096782794e-05,2.122547334954209e-06,1.987322000788117e-05,0.499281670416237,6.935296550282277e-09,0.4992816704162441,2.6320519398807075e-09,0.0014041591461476227,9.805874310262393e-08,2.9238684013396224e-07
Random2134
Raw:1.0104241096782938e-05,2.122547334954239e-06,1.987322000788117e-05,0.499281670416237,6.9352965502823754e-09,0.4992816704162441,2.6320519398807824e-09,0.0014041591461476227,9.805874310262532e-08,2.9238684013396637e-07
EFT:1.0104241096782794e-05,2.122547334954209e-06,1.987322000788117e-05,0.499281670416237,6.935296550282277e-09,0.4992816704162441,2.6320519398807075e-09,0.0014041591461476227,9.805874310262393e-08,2.9238684013396224e-07
Random2135
Raw:1.0104241096782938e-05,2.122547334954209e-06,1.987322000788117e-05,0.499281670416237,6.935296550282277e-09,0.4992816704162441,2.632051939880745e-09,0.0014041591461476227,9.805874310262532e-08,2.9238684013396224e-07
EFT:1.0104241096782794e-05,2.122547334954209e-06,1.987322000788117e-05,0.499281670416237,6.935296550282277e-09,0.4992816704162441,2.6320519398807075e-09,0.0014041591461476227,9.805874310262393e-08,2.9238684013396224e-07
Random2136
Raw:1.0104241096782938e-05,2.1225473349541788e-06,1.9873220007880885e-05,0.499281670416237,6.935296550282277e-09,0.4992816704162441,2.632051939880745e-09,0.0014041591461476026,9.805874310262532e-08,2.9238684013396224e-07
EFT:1.0104241096782794e-05,2.122547334954209e-06,1.987322000788117e-05,0.499281670416237,6.935296550282277e-09,0.4992816704162441,2.6320519398807075e-09,0.0014041591461476227,9.805874310262393e-08,2.9238684013396224e-07
Random2137
Raw:1.0104241096782938e-05,2.122547334954209e-06,1.987322000788117e-05,0.499281670416237,6.935296550282277e-09,0.4992816704162441,2.632051939880745e-09,0.0014041591461476227,9.805874310262532e-08,2.9238684013396224e-07
EFT:1.0104241096782794e-05,2.122547334954209e-06,1.987322000788117e-05,0.499281670416237,6.935296550282277e-09,0.4992816704162441,2.6320519398807075e-09,0.0014041591461476227,9.805874310262393e-08,2.9238684013396224e-07
Random2138
Raw:1.0104241096782794e-05,2.122547334954209e-06,1.987322000788117e-05,0.499281670416237,6.935296550282277e-09,0.4992816704162441,2.6320519398807075e-09,0.0014041591461476227,9.805874310262393e-08,2.9238684013396224e-07
EFT:1.0104241096782794e-05,2.122547334954209e-06,1.987322000788117e-05,0.499281670416237,6.935296550282277e-09,0.4992816704162441,2.6320519398807075e-09,0.0014041591461476227,9.805874310262393e-08,2.9238684013396224e-07
Random2139
Raw:1.0104241096782938e-05,2.122547334954209e-06,1.9873220007880885e-05,0.499281670416237,6.935296550282277e-09,0.4992816704162441,2.632051939880745e-09,0.0014041591461476227,9.805874310262393e-08,2.9238684013396224e-07
EFT:1.0104241096782794e-05,2.122547334954209e-06,1.987322000788117e-05,0.499281670416237,6.935296550282277e-09,0.4992816704162441,2.6320519398807075e-09,0.0014041591461476227,9.805874310262393e-08,2.9238684013396224e-07
Random2140
Raw:1.0104241096782938e-05,2.122547334954209e-06,1.9873220007880885e-05,0.499281670416237,6.935296550282277e-09,0.4992816704162441,2.632051939880745e-09,0.0014041591461476227,9.805874310262393e-08,2.9238684013396224e-07
EFT:1.0104241096782794e-05,2.122547334954209e-06,1.987322000788117e-05,0.499281670416237,6.935296550282277e-09,0.4992816704162441,2.6320519398807075e-09,0.0014041591461476227,9.805874310262393e-08,2.9238684013396224e-07
Random2141
Raw:1.0104241096782938e-05,2.122547334954239e-06,1.9873220007880885e-05,0.499281670416237,6.935296550282277e-09,0.4992816704162441,2.632051939880745e-09,0.0014041591461476227,9.805874310262532e-08,2.9238684013396224e-07
EFT:1.0104241096782794e-05,2.122547334954209e-06,1.987322000788117e-05,0.499281670416237,6.935296550282277e-09,0.4992816704162441,2.6320519398807075e-09,0.0014041591461476227,9.805874310262393e-08,2.9238684013396224e-07
Random2142
Raw:1.0104241096782938e-05,2.122547334954239e-06,1.987322000788145e-05,0.499281670416237,6.935296550282277e-09,0.4992816704162441,2.632051939880745e-09,0.0014041591461476427,9.805874310262393e-08,2.9238684013396637e-07
EFT:1.0104241096782794e-05,2.122547334954209e-06,1.987322000788117e-05,0.499281670416237,6.935296550282277e-09,0.4992816704162441,2.6320519398807075e-09,0.0014041591461476227,9.805874310262393e-08,2.9238684013396224e-07
Random2143
Raw:1.0104241096782938e-05,2.122547334954209e-06,1.987322000788117e-05,0.499281670416237,6.9352965502823754e-09,0.4992816704162441,2.632051939880745e-09,0.0014041591461476227,9.805874310262393e-08,2.9238684013396637e-07
EFT:1.0104241096782794e-05,2.122547334954209e-06,1.987322000788117e-05,0.499281670416237,6.935296550282277e-09,0.4992816704162441,2.6320519398807075e-09,0.0014041591461476227,9.805874310262393e-08,2.9238684013396224e-07
Random2144
Raw:1.0104241096782867e-05,2.122547334954224e-06,1.987322000788131e-05,0.49928167041624055,6.935296550282326e-09,0.49928167041624055,2.6320519398807638e-09,0.0014041591461476327,9.805874310262462e-08,2.923868401339643e-07
EFT:1.0104241096782794e-05,2.122547334954209e-06,1.987322000788117e-05,0.499281670416237,6.935296550282277e-09,0.4992816704162441,2.6320519398807075e-09,0.0014041591461476227,9.805874310262393e-08,2.9238684013396224e-07
Random2145
Raw:1.0104241096782938e-05,2.122547334954209e-06,1.987322000788117e-05,0.499281670416237,6.9352965502823754e-09,0.4992816704162441,2.632051939880745e-09,0.0014041591461476227,9.805874310262532e-08,2.9238684013396637e-07
EFT:1.0104241096782794e-05,2.122547334954209e-06,1.987322000788117e-05,0.499281670416237,6.935296550282277e-09,0.4992816704162441,2.6320519398807075e-09,0.0014041591461476227,9.805874310262393e-08,2.9238684013396224e-07
Random2146
Raw:1.0104241096782938e-05,2.122547334954209e-06,1.987322000788117e-05,0.499281670416237,6.935296550282277e-09,0.4992816704162441,2.632051939880745e-09,0.0014041591461476227,9.805874310262532e-08,2.9238684013396224e-07
EFT:1.0104241096782794e-05,2.122547334954209e-06,1.987322000788117e-05,0.499281670416237,6.935296550282277e-09,0.4992816704162441,2.6320519398807075e-09,0.0014041591461476227,9.805874310262393e-08,2.9238684013396224e-07
Random2147
Raw:1.0104241096782867e-05,2.122547334954224e-06,1.9873220007881028e-05,0.49928167041624055,6.935296550282326e-09,0.49928167041624055,2.6320519398807265e-09,0.0014041591461476327,9.805874310262323e-08,2.923868401339643e-07
EFT:1.0104241096782794e-05,2.122547334954209e-06,1.987322000788117e-05,0.499281670416237,6.935296550282277e-09,0.4992816704162441,2.6320519398807075e-09,0.0014041591461476227,9.805874310262393e-08,2.9238684013396224e-07
Random2148
Raw:1.010424109678301e-05,2.1225473349542546e-06,1.987322000788131e-05,0.49928167041624055,6.935296550282425e-09,0.49928167041624055,2.6320519398807638e-09,0.0014041591461476527,9.805874310262741e-08,2.923868401339685e-07
EFT:1.0104241096782794e-05,2.122547334954209e-06,1.987322000788117e-05,0.499281670416237,6.935296550282277e-09,0.4992816704162441,2.6320519398807075e-09,0.0014041591461476227,9.805874310262393e-08,2.9238684013396224e-07
Random2149
Raw:1.0104241096782867e-05,2.122547334954224e-06,1.987322000788131e-05,0.49928167041624055,6.935296550282326e-09,0.49928167041624055,2.6320519398807265e-09,0.0014041591461476128,9.805874310262462e-08,2.923868401339643e-07
EFT:1.0104241096782794e-05,2.122547334954209e-06,1.987322000788117e-05,0.499281670416237,6.935296550282277e-09,0.4992816704162441,2.6320519398807075e-09,0.0014041591461476227,9.805874310262393e-08,2.9238684013396224e-07
Random2150
Raw:1.0104241096782938e-05,2.122547334954239e-06,1.987322000788117e-05,0.499281670416237,6.9352965502823754e-09,0.4992816704162441,2.6320519398807824e-09,0.0014041591461476227,9.805874310262532e-08,2.9238684013396637e-07
EFT:1.0104241096782794e-05,2.122547334954209e-06,1.987322000788117e-05,0.499281670416237,6.935296550282277e-09,0.4992816704162441,2.6320519398807075e-09,0.0014041591461476227,9.805874310262393e-08,2.9238684013396224e-07
Random2151
Raw:1.0104241096782938e-05,2.122547334954209e-06,1.987322000788117e-05,0.499281670416237,6.9352965502823754e-09,0.4992816704162441,2.6320519398807824e-09,0.0014041591461476227,9.805874310262532e-08,2.9238684013396637e-07
EFT:1.0104241096782794e-05,2.122547334954209e-06,1.987322000788117e-05,0.499281670416237,6.935296550282277e-09,0.4992816704162441,2.6320519398807075e-09,0.0014041591461476227,9.805874310262393e-08,2.9238684013396224e-07
Random2152
Raw:1.0104241096782938e-05,2.122547334954209e-06,1.987322000788117e-05,0.499281670416237,6.935296550282277e-09,0.4992816704162441,2.632051939880745e-09,0.0014041591461476427,9.805874310262393e-08,2.9238684013396224e-07
EFT:1.0104241096782794e-05,2.122547334954209e-06,1.987322000788117e-05,0.499281670416237,6.935296550282277e-09,0.4992816704162441,2.6320519398807075e-09,0.0014041591461476227,9.805874310262393e-08,2.9238684013396224e-07
Random2153
Raw:1.0104241096782867e-05,2.122547334954224e-06,1.987322000788131e-05,0.49928167041624055,6.935296550282326e-09,0.49928167041624055,2.6320519398807265e-09,0.0014041591461476327,9.805874310262462e-08,2.923868401339643e-07
EFT:1.0104241096782794e-05,2.122547334954209e-06,1.987322000788117e-05,0.499281670416237,6.935296550282277e-09,0.4992816704162441,2.6320519398807075e-09,0.0014041591461476227,9.805874310262393e-08,2.9238684013396224e-07
Random2154
Raw:1.0104241096782867e-05,2.122547334954224e-06,1.987322000788131e-05,0.49928167041624055,6.935296550282326e-09,0.49928167041624055,2.6320519398807265e-09,0.0014041591461476327,9.805874310262462e-08,2.923868401339643e-07
EFT:1.0104241096782794e-05,2.122547334954209e-06,1.987322000788117e-05,0.499281670416237,6.935296550282277e-09,0.4992816704162441,2.6320519398807075e-09,0.0014041591461476227,9.805874310262393e-08,2.9238684013396224e-07
Random2155
Raw:1.0104241096782794e-05,2.122547334954209e-06,1.987322000788117e-05,0.499281670416237,6.9352965502821786e-09,0.4992816704162441,2.6320519398807075e-09,0.0014041591461476227,9.805874310262393e-08,2.9238684013396224e-07
EFT:1.0104241096782794e-05,2.122547334954209e-06,1.987322000788117e-05,0.499281670416237,6.935296550282277e-09,0.4992816704162441,2.6320519398807075e-09,0.0014041591461476227,9.805874310262393e-08,2.9238684013396224e-07
Random2156
Raw:1.0104241096782938e-05,2.122547334954239e-06,1.987322000788117e-05,0.499281670416237,6.935296550282277e-09,0.4992816704162441,2.632051939880745e-09,0.0014041591461476427,9.805874310262393e-08,2.9238684013396637e-07
EFT:1.0104241096782794e-05,2.122547334954209e-06,1.987322000788117e-05,0.499281670416237,6.935296550282277e-09,0.4992816704162441,2.6320519398807075e-09,0.0014041591461476227,9.805874310262393e-08,2.9238684013396224e-07
Random2157
Raw:1.0104241096782867e-05,2.122547334954224e-06,1.987322000788131e-05,0.49928167041624055,6.935296550282326e-09,0.49928167041624055,2.6320519398807265e-09,0.0014041591461476327,9.805874310262323e-08,2.923868401339643e-07
EFT:1.0104241096782794e-05,2.122547334954209e-06,1.987322000788117e-05,0.499281670416237,6.935296550282277e-09,0.4992816704162441,2.6320519398807075e-09,0.0014041591461476227,9.805874310262393e-08,2.9238684013396224e-07
Random2158
Raw:1.0104241096782867e-05,2.122547334954224e-06,1.987322000788131e-05,0.49928167041624055,6.935296550282326e-09,0.49928167041624055,2.6320519398807265e-09,0.0014041591461476327,9.805874310262323e-08,2.923868401339643e-07
EFT:1.0104241096782794e-05,2.122547334954209e-06,1.987322000788117e-05,0.499281670416237,6.935296550282277e-09,0.4992816704162441,2.6320519398807075e-09,0.0014041591461476227,9.805874310262393e-08,2.9238684013396224e-07
Random2159
Raw:1.0104241096782938e-05,2.122547334954209e-06,1.987322000788117e-05,0.499281670416237,6.935296550282277e-09,0.4992816704162441,2.632051939880745e-09,0.0014041591461476227,9.805874310262532e-08,2.9238684013396224e-07
EFT:1.0104241096782794e-05,2.122547334954209e-06,1.987322000788117e-05,0.499281670416237,6.935296550282277e-09,0.4992816704162441,2.6320519398807075e-09,0.0014041591461476227,9.805874310262393e-08,2.9238684013396224e-07
Random2160
Raw:1.0104241096782867e-05,2.122547334954224e-06,1.987322000788131e-05,0.49928167041624055,6.935296550282326e-09,0.49928167041624055,2.6320519398807638e-09,0.0014041591461476327,9.805874310262462e-08,2.923868401339643e-07
EFT:1.0104241096782794e-05,2.122547334954209e-06,1.987322000788117e-05,0.499281670416237,6.935296550282277e-09,0.4992816704162441,2.6320519398807075e-09,0.0014041591461476227,9.805874310262393e-08,2.9238684013396224e-07
Random2161
Raw:1.010424109678301e-05,2.122547334954224e-06,1.987322000788131e-05,0.49928167041624055,6.935296550282425e-09,0.49928167041624055,2.6320519398807638e-09,0.0014041591461476327,9.805874310262462e-08,2.923868401339643e-07
EFT:1.0104241096782794e-05,2.122547334954209e-06,1.987322000788117e-05,0.499281670416237,6.935296550282277e-09,0.4992816704162441,2.6320519398807075e-09,0.0014041591461476227,9.805874310262393e-08,2.9238684013396224e-07
Random2162
Raw:1.0104241096782938e-05,2.122547334954209e-06,1.987322000788117e-05,0.499281670416237,6.9352965502823754e-09,0.4992816704162441,2.632051939880745e-09,0.0014041591461476227,9.805874310262532e-08,2.9238684013396637e-07
EFT:1.0104241096782794e-05,2.122547334954209e-06,1.987322000788117e-05,0.499281670416237,6.935296550282277e-09,0.4992816704162441,2.6320519398807075e-09,0.0014041591461476227,9.805874310262393e-08,2.9238684013396224e-07
Random2163
Raw:1.0104241096782938e-05,2.1225473349541788e-06,1.9873220007880885e-05,0.499281670416237,6.935296550282277e-09,0.4992816704162441,2.632051939880745e-09,0.0014041591461476026,9.805874310262532e-08,2.9238684013396224e-07
EFT:1.0104241096782794e-05,2.122547334954209e-06,1.987322000788117e-05,0.499281670416237,6.935296550282277e-09,0.4992816704162441,2.6320519398807075e-09,0.0014041591461476227,9.805874310262393e-08,2.9238684013396224e-07
Random2164
Raw:1.0104241096782867e-05,2.122547334954224e-06,1.9873220007881028e-05,0.49928167041624055,6.935296550282326e-09,0.49928167041624055,2.6320519398807265e-09,0.0014041591461476128,9.805874310262462e-08,2.923868401339643e-07
EFT:1.0104241096782794e-05,2.122547334954209e-06,1.987322000788117e-05,0.499281670416237,6.935296550282277e-09,0.4992816704162441,2.6320519398807075e-09,0.0014041591461476227,9.805874310262393e-08,2.9238684013396224e-07
Random2165
Raw:1.0104241096782867e-05,2.122547334954224e-06,1.9873220007881028e-05,0.49928167041624055,6.935296550282326e-09,0.49928167041624055,2.6320519398807265e-09,0.0014041591461476327,9.805874310262323e-08,2.923868401339643e-07
EFT:1.0104241096782794e-05,2.122547334954209e-06,1.987322000788117e-05,0.499281670416237,6.935296550282277e-09,0.4992816704162441,2.6320519398807075e-09,0.0014041591461476227,9.805874310262393e-08,2.9238684013396224e-07
Random2166
Raw:1.0104241096782938e-05,2.122547334954209e-06,1.987322000788117e-05,0.499281670416237,6.935296550282277e-09,0.4992816704162441,2.632051939880745e-09,0.0014041591461476227,9.805874310262532e-08,2.9238684013396224e-07
EFT:1.0104241096782794e-05,2.122547334954209e-06,1.987322000788117e-05,0.499281670416237,6.935296550282277e-09,0.4992816704162441,2.6320519398807075e-09,0.0014041591461476227,9.805874310262393e-08,2.9238684013396224e-07
Random2167
Raw:1.0104241096782867e-05,2.1225473349542546e-06,1.987322000788131e-05,0.49928167041624055,6.935296550282326e-09,0.49928167041624055,2.6320519398807638e-09,0.0014041591461476128,9.805874310262462e-08,2.923868401339643e-07
EFT:1.0104241096782794e-05,2.122547334954209e-06,1.987322000788117e-05,0.499281670416237,6.935296550282277e-09,0.4992816704162441,2.6320519398807075e-09,0.0014041591461476227,9.805874310262393e-08,2.9238684013396224e-07
Random2168
Raw:1.0104241096783009e-05,2.122547334954224e-06,1.987322000788131e-05,0.49928167041623345,6.935296550282327e-09,0.49928167041624766,2.6320519398807638e-09,0.0014041591461476327,9.805874310262462e-08,2.923868401339685e-07
EFT:1.0104241096782794e-05,2.122547334954209e-06,1.987322000788117e-05,0.499281670416237,6.935296550282277e-09,0.4992816704162441,2.6320519398807075e-09,0.0014041591461476227,9.805874310262393e-08,2.9238684013396224e-07
Random2169
Raw:1.0104241096783009e-05,2.122547334954194e-06,1.9873220007881028e-05,0.49928167041623345,6.935296550282327e-09,0.49928167041624766,2.6320519398807638e-09,0.0014041591461476327,9.805874310262462e-08,2.9238684013396436e-07
EFT:1.0104241096782794e-05,2.122547334954209e-06,1.987322000788117e-05,0.499281670416237,6.935296550282277e-09,0.4992816704162441,2.6320519398807075e-09,0.0014041591461476227,9.805874310262393e-08,2.9238684013396224e-07
Random2170
Raw:1.0104241096782938e-05,2.122547334954209e-06,1.9873220007880885e-05,0.499281670416237,6.935296550282277e-09,0.4992816704162441,2.632051939880745e-09,0.0014041591461476227,9.805874310262532e-08,2.9238684013396224e-07
EFT:1.0104241096782794e-05,2.122547334954209e-06,1.987322000788117e-05,0.499281670416237,6.935296550282277e-09,0.4992816704162441,2.6320519398807075e-09,0.0014041591461476227,9.805874310262393e-08,2.9238684013396224e-07
Random2171
Raw:1.0104241096782794e-05,2.1225473349541788e-06,1.9873220007880885e-05,0.499281670416237,6.935296550282277e-09,0.4992816704162441,2.632051939880745e-09,0.0014041591461476026,9.805874310262254e-08,2.9238684013396224e-07
EFT:1.0104241096782794e-05,2.122547334954209e-06,1.987322000788117e-05,0.499281670416237,6.935296550282277e-09,0.4992816704162441,2.6320519398807075e-09,0.0014041591461476227,9.805874310262393e-08,2.9238684013396224e-07
Random2172
Raw:1.0104241096782938e-05,2.122547334954209e-06,1.987322000788117e-05,0.499281670416237,6.935296550282277e-09,0.4992816704162441,2.632051939880745e-09,0.0014041591461476227,9.805874310262532e-08,2.9238684013396224e-07
EFT:1.0104241096782794e-05,2.122547334954209e-06,1.987322000788117e-05,0.499281670416237,6.935296550282277e-09,0.4992816704162441,2.6320519398807075e-09,0.0014041591461476227,9.805874310262393e-08,2.9238684013396224e-07
Random2173
Raw:1.0104241096782867e-05,2.122547334954224e-06,1.9873220007881028e-05,0.49928167041624055,6.935296550282326e-09,0.49928167041624055,2.6320519398807638e-09,0.0014041591461476128,9.805874310262462e-08,2.923868401339643e-07
EFT:1.0104241096782794e-05,2.122547334954209e-06,1.987322000788117e-05,0.499281670416237,6.935296550282277e-09,0.4992816704162441,2.6320519398807075e-09,0.0014041591461476227,9.805874310262393e-08,2.9238684013396224e-07
Random2174
Raw:1.0104241096782794e-05,2.122547334954209e-06,1.987322000788117e-05,0.499281670416237,6.935296550282277e-09,0.4992816704162441,2.6320519398807075e-09,0.0014041591461476227,9.805874310262393e-08,2.9238684013396224e-07
EFT:1.0104241096782794e-05,2.122547334954209e-06,1.987322000788117e-05,0.499281670416237,6.935296550282277e-09,0.4992816704162441,2.6320519398807075e-09,0.0014041591461476227,9.805874310262393e-08,2.9238684013396224e-07
Random2175
Raw:1.0104241096783009e-05,2.122547334954224e-06,1.9873220007881028e-05,0.49928167041623345,6.935296550282327e-09,0.49928167041624766,2.6320519398807638e-09,0.0014041591461476327,9.805874310262601e-08,2.9238684013396436e-07
EFT:1.0104241096782794e-05,2.122547334954209e-06,1.987322000788117e-05,0.499281670416237,6.935296550282277e-09,0.4992816704162441,2.6320519398807075e-09,0.0014041591461476227,9.805874310262393e-08,2.9238684013396224e-07
Random2176
Raw:1.0104241096782938e-05,2.122547334954239e-06,1.987322000788145e-05,0.499281670416237,6.935296550282277e-09,0.4992816704162441,2.632051939880745e-09,0.0014041591461476427,9.805874310262393e-08,2.9238684013396637e-07
EFT:1.0104241096782794e-05,2.122547334954209e-06,1.987322000788117e-05,0.499281670416237,6.935296550282277e-09,0.4992816704162441,2.6320519398807075e-09,0.0014041591461476227,9.805874310262393e-08,2.9238684013396224e-07
Random2177
Raw:1.0104241096782867e-05,2.122547334954224e-06,1.987322000788131e-05,0.49928167041624055,6.935296550282326e-09,0.49928167041624055,2.6320519398807265e-09,0.0014041591461476128,9.805874310262462e-08,2.923868401339643e-07
EFT:1.0104241096782794e-05,2.122547334954209e-06,1.987322000788117e-05,0.499281670416237,6.935296550282277e-09,0.4992816704162441,2.6320519398807075e-09,0.0014041591461476227,9.805874310262393e-08,2.9238684013396224e-07
Random2178
Raw:1.010424109678301e-05,2.1225473349542546e-06,1.987322000788131e-05,0.49928167041624055,6.935296550282425e-09,0.49928167041624055,2.6320519398807638e-09,0.0014041591461476527,9.805874310262462e-08,2.923868401339643e-07
EFT:1.0104241096782794e-05,2.122547334954209e-06,1.987322000788117e-05,0.499281670416237,6.935296550282277e-09,0.4992816704162441,2.6320519398807075e-09,0.0014041591461476227,9.805874310262393e-08,2.9238684013396224e-07
Random2179
Raw:1.0104241096782867e-05,2.122547334954224e-06,1.987322000788131e-05,0.49928167041624055,6.935296550282326e-09,0.49928167041624055,2.6320519398807265e-09,0.0014041591461476327,9.805874310262323e-08,2.923868401339643e-07
EFT:1.0104241096782794e-05,2.122547334954209e-06,1.987322000788117e-05,0.499281670416237,6.935296550282277e-09,0.4992816704162441,2.6320519398807075e-09,0.0014041591461476227,9.805874310262393e-08,2.9238684013396224e-07
Random2180
Raw:1.0104241096782867e-05,2.122547334954194e-06,1.9873220007881028e-05,0.49928167041624055,6.935296550282326e-09,0.49928167041624055,2.6320519398807265e-09,0.0014041591461476128,9.805874310262323e-08,2.923868401339643e-07
EFT:1.0104241096782794e-05,2.122547334954209e-06,1.987322000788117e-05,0.499281670416237,6.935296550282277e-09,0.4992816704162441,2.6320519398807075e-09,0.0014041591461476227,9.805874310262393e-08,2.9238684013396224e-07
Random2181
Raw:1.0104241096783009e-05,2.122547334954194e-06,1.9873220007881028e-05,0.49928167041623345,6.935296550282327e-09,0.49928167041624766,2.6320519398807638e-09,0.0014041591461476126,9.805874310262601e-08,2.9238684013396436e-07
EFT:1.0104241096782794e-05,2.122547334954209e-06,1.987322000788117e-05,0.499281670416237,6.935296550282277e-09,0.4992816704162441,2.6320519398807075e-09,0.0014041591461476227,9.805874310262393e-08,2.9238684013396224e-07
Random2182
Raw:1.0104241096783009e-05,2.122547334954194e-06,1.9873220007881028e-05,0.49928167041623345,6.935296550282327e-09,0.49928167041624766,2.6320519398807638e-09,0.0014041591461476126,9.805874310262601e-08,2.9238684013396436e-07
EFT:1.0104241096782794e-05,2.122547334954209e-06,1.987322000788117e-05,0.499281670416237,6.935296550282277e-09,0.4992816704162441,2.6320519398807075e-09,0.0014041591461476227,9.805874310262393e-08,2.9238684013396224e-07
Random2183
Raw:1.0104241096782938e-05,2.122547334954209e-06,1.987322000788117e-05,0.499281670416237,6.9352965502823754e-09,0.4992816704162441,2.632051939880745e-09,0.0014041591461476227,9.805874310262532e-08,2.9238684013396637e-07
EFT:1.0104241096782794e-05,2.122547334954209e-06,1.987322000788117e-05,0.499281670416237,6.935296550282277e-09,0.4992816704162441,2.6320519398807075e-09,0.0014041591461476227,9.805874310262393e-08,2.9238684013396224e-07
Random2184
Raw:1.0104241096782794e-05,2.122547334954209e-06,1.987322000788117e-05,0.499281670416237,6.9352965502821786e-09,0.4992816704162441,2.6320519398807075e-09,0.0014041591461476227,9.805874310262393e-08,2.9238684013396224e-07
EFT:1.0104241096782794e-05,2.122547334954209e-06,1.987322000788117e-05,0.499281670416237,6.935296550282277e-09,0.4992816704162441,2.6320519398807075e-09,0.0014041591461476227,9.805874310262393e-08,2.9238684013396224e-07
Random2185
Raw:1.0104241096782938e-05,2.122547334954239e-06,1.987322000788117e-05,0.499281670416237,6.935296550282277e-09,0.4992816704162441,2.632051939880745e-09,0.0014041591461476427,9.805874310262532e-08,2.9238684013396224e-07
EFT:1.0104241096782794e-05,2.122547334954209e-06,1.987322000788117e-05,0.499281670416237,6.935296550282277e-09,0.4992816704162441,2.6320519398807075e-09,0.0014041591461476227,9.805874310262393e-08,2.9238684013396224e-07
Random2186
Raw:1.0104241096782867e-05,2.122547334954224e-06,1.987322000788131e-05,0.49928167041624055,6.935296550282326e-09,0.49928167041624055,2.6320519398807265e-09,0.0014041591461476327,9.805874310262602e-08,2.923868401339643e-07
EFT:1.0104241096782794e-05,2.122547334954209e-06,1.987322000788117e-05,0.499281670416237,6.935296550282277e-09,0.4992816704162441,2.6320519398807075e-09,0.0014041591461476227,9.805874310262393e-08,2.9238684013396224e-07
Random2187
Raw:1.0104241096783009e-05,2.122547334954194e-06,1.9873220007881028e-05,0.49928167041623345,6.935296550282327e-09,0.49928167041624766,2.6320519398807638e-09,0.0014041591461476126,9.805874310262601e-08,2.9238684013396436e-07
EFT:1.0104241096782794e-05,2.122547334954209e-06,1.987322000788117e-05,0.499281670416237,6.935296550282277e-09,0.4992816704162441,2.6320519398807075e-09,0.0014041591461476227,9.805874310262393e-08,2.9238684013396224e-07
Random2188
Raw:1.0104241096782867e-05,2.1225473349542546e-06,1.987322000788131e-05,0.49928167041624055,6.935296550282326e-09,0.49928167041624055,2.6320519398807638e-09,0.0014041591461476327,9.805874310262462e-08,2.923868401339643e-07
EFT:1.0104241096782794e-05,2.122547334954209e-06,1.987322000788117e-05,0.499281670416237,6.935296550282277e-09,0.4992816704162441,2.6320519398807075e-09,0.0014041591461476227,9.805874310262393e-08,2.9238684013396224e-07
Random2189
Raw:1.0104241096782867e-05,2.1225473349542546e-06,1.987322000788131e-05,0.49928167041624055,6.935296550282326e-09,0.49928167041624055,2.6320519398807638e-09,0.0014041591461476128,9.805874310262462e-08,2.923868401339643e-07
EFT:1.0104241096782794e-05,2.122547334954209e-06,1.987322000788117e-05,0.499281670416237,6.935296550282277e-09,0.4992816704162441,2.6320519398807075e-09,0.0014041591461476227,9.805874310262393e-08,2.9238684013396224e-07
Random2190
Raw:1.0104241096782938e-05,2.122547334954239e-06,1.987322000788117e-05,0.499281670416237,6.935296550282277e-09,0.4992816704162441,2.632051939880745e-09,0.0014041591461476427,9.805874310262393e-08,2.9238684013396637e-07
EFT:1.0104241096782794e-05,2.122547334954209e-06,1.987322000788117e-05,0.499281670416237,6.935296550282277e-09,0.4992816704162441,2.6320519398807075e-09,0.0014041591461476227,9.805874310262393e-08,2.9238684013396224e-07
Random2191
Raw:1.0104241096783009e-05,2.122547334954194e-06,1.9873220007881028e-05,0.49928167041623345,6.935296550282327e-09,0.49928167041624766,2.6320519398807638e-09,0.0014041591461476126,9.805874310262601e-08,2.9238684013396436e-07
EFT:1.0104241096782794e-05,2.122547334954209e-06,1.987322000788117e-05,0.499281670416237,6.935296550282277e-09,0.4992816704162441,2.6320519398807075e-09,0.0014041591461476227,9.805874310262393e-08,2.9238684013396224e-07
Random2192
Raw:1.0104241096782938e-05,2.122547334954209e-06,1.987322000788117e-05,0.499281670416237,6.9352965502823754e-09,0.4992816704162441,2.632051939880745e-09,0.0014041591461476227,9.805874310262532e-08,2.9238684013396637e-07
EFT:1.0104241096782794e-05,2.122547334954209e-06,1.987322000788117e-05,0.499281670416237,6.935296550282277e-09,0.4992816704162441,2.6320519398807075e-09,0.0014041591461476227,9.805874310262393e-08,2.9238684013396224e-07
Random2193
Raw:1.0104241096782938e-05,2.122547334954209e-06,1.9873220007880885e-05,0.499281670416237,6.935296550282277e-09,0.4992816704162441,2.632051939880745e-09,0.0014041591461476227,9.805874310262393e-08,2.9238684013396224e-07
EFT:1.0104241096782794e-05,2.122547334954209e-06,1.987322000788117e-05,0.499281670416237,6.935296550282277e-09,0.4992816704162441,2.6320519398807075e-09,0.0014041591461476227,9.805874310262393e-08,2.9238684013396224e-07
Random2194
Raw:1.0104241096782794e-05,2.122547334954209e-06,1.987322000788117e-05,0.499281670416237,6.935296550282277e-09,0.4992816704162441,2.632051939880745e-09,0.0014041591461476227,9.805874310262254e-08,2.9238684013396224e-07
EFT:1.0104241096782794e-05,2.122547334954209e-06,1.987322000788117e-05,0.499281670416237,6.935296550282277e-09,0.4992816704162441,2.6320519398807075e-09,0.0014041591461476227,9.805874310262393e-08,2.9238684013396224e-07
Random2195
Raw:1.0104241096782938e-05,2.122547334954239e-06,1.987322000788145e-05,0.499281670416237,6.935296550282277e-09,0.4992816704162441,2.632051939880745e-09,0.0014041591461476427,9.805874310262393e-08,2.9238684013396637e-07
EFT:1.0104241096782794e-05,2.122547334954209e-06,1.987322000788117e-05,0.499281670416237,6.935296550282277e-09,0.4992816704162441,2.6320519398807075e-09,0.0014041591461476227,9.805874310262393e-08,2.9238684013396224e-07
Random2196
Raw:1.0104241096783009e-05,2.122547334954224e-06,1.9873220007881028e-05,0.49928167041623345,6.935296550282327e-09,0.49928167041624766,2.6320519398807638e-09,0.0014041591461476327,9.805874310262601e-08,2.9238684013396436e-07
EFT:1.0104241096782794e-05,2.122547334954209e-06,1.987322000788117e-05,0.499281670416237,6.935296550282277e-09,0.4992816704162441,2.6320519398807075e-09,0.0014041591461476227,9.805874310262393e-08,2.9238684013396224e-07
Random2197
Raw:1.0104241096782867e-05,2.122547334954224e-06,1.987322000788131e-05,0.49928167041624055,6.935296550282326e-09,0.49928167041624055,2.6320519398807265e-09,0.0014041591461476327,9.805874310262323e-08,2.923868401339643e-07
EFT:1.0104241096782794e-05,2.122547334954209e-06,1.987322000788117e-05,0.499281670416237,6.935296550282277e-09,0.4992816704162441,2.6320519398807075e-09,0.0014041591461476227,9.805874310262393e-08,2.9238684013396224e-07
Random2198
Raw:1.0104241096782867e-05,2.122547334954224e-06,1.987322000788131e-05,0.49928167041624055,6.935296550282326e-09,0.49928167041624055,2.6320519398807265e-09,0.0014041591461476327,9.805874310262462e-08,2.923868401339643e-07
EFT:1.0104241096782794e-05,2.122547334954209e-06,1.987322000788117e-05,0.499281670416237,6.935296550282277e-09,0.4992816704162441,2.6320519398807075e-09,0.0014041591461476227,9.805874310262393e-08,2.9238684013396224e-07
Random2199
Raw:1.0104241096782938e-05,2.122547334954209e-06,1.987322000788117e-05,0.499281670416237,6.9352965502823754e-09,0.4992816704162441,2.632051939880745e-09,0.0014041591461476227,9.805874310262672e-08,2.9238684013396637e-07
EFT:1.0104241096782794e-05,2.122547334954209e-06,1.987322000788117e-05,0.499281670416237,6.935296550282277e-09,0.4992816704162441,2.6320519398807075e-09,0.0014041591461476227,9.805874310262393e-08,2.9238684013396224e-07
Random2200
Raw:1.0104241096783009e-05,2.122547334954224e-06,1.987322000788131e-05,0.49928167041623345,6.935296550282327e-09,0.49928167041624766,2.6320519398807638e-09,0.0014041591461476327,9.805874310262601e-08,2.9238684013396436e-07
EFT:1.0104241096782794e-05,2.122547334954209e-06,1.987322000788117e-05,0.499281670416237,6.935296550282277e-09,0.4992816704162441,2.6320519398807075e-09,0.0014041591461476227,9.805874310262393e-08,2.9238684013396224e-07
Random2201
Raw:1.0104241096782938e-05,2.122547334954209e-06,1.987322000788117e-05,0.499281670416237,6.935296550282277e-09,0.4992816704162441,2.632051939880745e-09,0.0014041591461476227,9.805874310262393e-08,2.9238684013396637e-07
EFT:1.0104241096782794e-05,2.122547334954209e-06,1.987322000788117e-05,0.499281670416237,6.935296550282277e-09,0.4992816704162441,2.6320519398807075e-09,0.0014041591461476227,9.805874310262393e-08,2.9238684013396224e-07
Random2202
Raw:1.0104241096782867e-05,2.122547334954224e-06,1.987322000788131e-05,0.49928167041624055,6.935296550282326e-09,0.49928167041624055,2.6320519398807265e-09,0.0014041591461476327,9.805874310262462e-08,2.923868401339643e-07
EFT:1.0104241096782794e-05,2.122547334954209e-06,1.987322000788117e-05,0.499281670416237,6.935296550282277e-09,0.4992816704162441,2.6320519398807075e-09,0.0014041591461476227,9.805874310262393e-08,2.9238684013396224e-07
Random2203
Raw:1.0104241096782938e-05,2.122547334954209e-06,1.987322000788117e-05,0.499281670416237,6.9352965502823754e-09,0.4992816704162441,2.6320519398807824e-09,0.0014041591461476227,9.805874310262532e-08,2.9238684013396637e-07
EFT:1.0104241096782794e-05,2.122547334954209e-06,1.987322000788117e-05,0.499281670416237,6.935296550282277e-09,0.4992816704162441,2.6320519398807075e-09,0.0014041591461476227,9.805874310262393e-08,2.9238684013396224e-07
Random2204
Raw:1.0104241096783009e-05,2.122547334954194e-06,1.9873220007881028e-05,0.49928167041623345,6.935296550282327e-09,0.49928167041624766,2.6320519398807638e-09,0.0014041591461476327,9.805874310262462e-08,2.9238684013396436e-07
EFT:1.0104241096782794e-05,2.122547334954209e-06,1.987322000788117e-05,0.499281670416237,6.935296550282277e-09,0.4992816704162441,2.6320519398807075e-09,0.0014041591461476227,9.805874310262393e-08,2.9238684013396224e-07
Random2205
Raw:1.0104241096782867e-05,2.122547334954194e-06,1.9873220007881028e-05,0.49928167041624055,6.935296550282228e-09,0.49928167041624055,2.632051939880689e-09,0.0014041591461476327,9.805874310262323e-08,2.923868401339602e-07
EFT:1.0104241096782794e-05,2.122547334954209e-06,1.987322000788117e-05,0.499281670416237,6.935296550282277e-09,0.4992816704162441,2.6320519398807075e-09,0.0014041591461476227,9.805874310262393e-08,2.9238684013396224e-07
Random2206
Raw:1.0104241096782867e-05,2.122547334954224e-06,1.987322000788131e-05,0.49928167041624055,6.935296550282326e-09,0.49928167041624055,2.6320519398807265e-09,0.0014041591461476327,9.805874310262462e-08,2.923868401339643e-07
EFT:1.0104241096782794e-05,2.122547334954209e-06,1.987322000788117e-05,0.499281670416237,6.935296550282277e-09,0.4992816704162441,2.6320519398807075e-09,0.0014041591461476227,9.805874310262393e-08,2.9238684013396224e-07
Random2207
Raw:1.0104241096782938e-05,2.122547334954239e-06,1.987322000788117e-05,0.499281670416237,6.9352965502823754e-09,0.4992816704162441,2.6320519398807824e-09,0.0014041591461476227,9.805874310262532e-08,2.9238684013396637e-07
EFT:1.0104241096782794e-05,2.122547334954209e-06,1.987322000788117e-05,0.499281670416237,6.935296550282277e-09,0.4992816704162441,2.6320519398807075e-09,0.0014041591461476227,9.805874310262393e-08,2.9238684013396224e-07
Random2208
Raw:1.0104241096782938e-05,2.122547334954239e-06,1.987322000788117e-05,0.499281670416237,6.9352965502823754e-09,0.4992816704162441,2.6320519398807824e-09,0.0014041591461476227,9.805874310262532e-08,2.9238684013396637e-07
EFT:1.0104241096782794e-05,2.122547334954209e-06,1.987322000788117e-05,0.499281670416237,6.935296550282277e-09,0.4992816704162441,2.6320519398807075e-09,0.0014041591461476227,9.805874310262393e-08,2.9238684013396224e-07
Random2209
Raw:1.0104241096782723e-05,2.122547334954194e-06,1.9873220007881028e-05,0.49928167041624055,6.93529655028213e-09,0.49928167041624055,2.632051939880689e-09,0.0014041591461476128,9.805874310262184e-08,2.923868401339602e-07
EFT:1.0104241096782794e-05,2.122547334954209e-06,1.987322000788117e-05,0.499281670416237,6.935296550282277e-09,0.4992816704162441,2.6320519398807075e-09,0.0014041591461476227,9.805874310262393e-08,2.9238684013396224e-07
Random2210
Raw:1.0104241096782867e-05,2.122547334954194e-06,1.9873220007881028e-05,0.49928167041624055,6.935296550282228e-09,0.49928167041624055,2.632051939880689e-09,0.0014041591461476327,9.805874310262323e-08,2.923868401339602e-07
EFT:1.0104241096782794e-05,2.122547334954209e-06,1.987322000788117e-05,0.499281670416237,6.935296550282277e-09,0.4992816704162441,2.6320519398807075e-09,0.0014041591461476227,9.805874310262393e-08,2.9238684013396224e-07
Random2211
Raw:1.0104241096782867e-05,2.122547334954194e-06,1.9873220007881028e-05,0.49928167041624055,6.935296550282326e-09,0.49928167041624055,2.6320519398807265e-09,0.0014041591461476128,9.805874310262323e-08,2.923868401339643e-07
EFT:1.0104241096782794e-05,2.122547334954209e-06,1.987322000788117e-05,0.499281670416237,6.935296550282277e-09,0.4992816704162441,2.6320519398807075e-09,0.0014041591461476227,9.805874310262393e-08,2.9238684013396224e-07
Random2212
Raw:1.0104241096782938e-05,2.122547334954239e-06,1.987322000788117e-05,0.499281670416237,6.935296550282277e-09,0.4992816704162441,2.632051939880745e-09,0.0014041591461476227,9.805874310262532e-08,2.9238684013396224e-07
EFT:1.0104241096782794e-05,2.122547334954209e-06,1.987322000788117e-05,0.499281670416237,6.935296550282277e-09,0.4992816704162441,2.6320519398807075e-09,0.0014041591461476227,9.805874310262393e-08,2.9238684013396224e-07
Random2213
Raw:1.0104241096782938e-05,2.122547334954209e-06,1.987322000788117e-05,0.499281670416237,6.935296550282277e-09,0.4992816704162441,2.632051939880745e-09,0.0014041591461476427,9.805874310262393e-08,2.9238684013396224e-07
EFT:1.0104241096782794e-05,2.122547334954209e-06,1.987322000788117e-05,0.499281670416237,6.935296550282277e-09,0.4992816704162441,2.6320519398807075e-09,0.0014041591461476227,9.805874310262393e-08,2.9238684013396224e-07
Random2214
Raw:1.0104241096782938e-05,2.1225473349541788e-06,1.9873220007880885e-05,0.499281670416237,6.935296550282277e-09,0.4992816704162441,2.632051939880745e-09,0.0014041591461476026,9.805874310262532e-08,2.9238684013396224e-07
EFT:1.0104241096782794e-05,2.122547334954209e-06,1.987322000788117e-05,0.499281670416237,6.935296550282277e-09,0.4992816704162441,2.6320519398807075e-09,0.0014041591461476227,9.805874310262393e-08,2.9238684013396224e-07
Random2215
Raw:1.0104241096782938e-05,2.122547334954239e-06,1.9873220007880885e-05,0.499281670416237,6.935296550282277e-09,0.4992816704162441,2.632051939880745e-09,0.0014041591461476227,9.805874310262532e-08,2.9238684013396224e-07
EFT:1.0104241096782794e-05,2.122547334954209e-06,1.987322000788117e-05,0.499281670416237,6.935296550282277e-09,0.4992816704162441,2.6320519398807075e-09,0.0014041591461476227,9.805874310262393e-08,2.9238684013396224e-07
Random2216
Raw:1.0104241096782938e-05,2.122547334954209e-06,1.987322000788117e-05,0.499281670416237,6.935296550282277e-09,0.4992816704162441,2.632051939880745e-09,0.0014041591461476427,9.805874310262393e-08,2.9238684013396224e-07
EFT:1.0104241096782794e-05,2.122547334954209e-06,1.987322000788117e-05,0.499281670416237,6.935296550282277e-09,0.4992816704162441,2.6320519398807075e-09,0.0014041591461476227,9.805874310262393e-08,2.9238684013396224e-07
Random2217
Raw:1.0104241096782938e-05,2.122547334954209e-06,1.987322000788117e-05,0.499281670416237,6.9352965502823754e-09,0.4992816704162441,2.632051939880745e-09,0.0014041591461476227,9.805874310262532e-08,2.9238684013396637e-07
EFT:1.0104241096782794e-05,2.122547334954209e-06,1.987322000788117e-05,0.499281670416237,6.935296550282277e-09,0.4992816704162441,2.6320519398807075e-09,0.0014041591461476227,9.805874310262393e-08,2.9238684013396224e-07
Random2218
Raw:1.0104241096782794e-05,2.122547334954209e-06,1.987322000788117e-05,0.499281670416237,6.935296550282277e-09,0.4992816704162441,2.6320519398807075e-09,0.0014041591461476227,9.805874310262393e-08,2.9238684013396224e-07
EFT:1.0104241096782794e-05,2.122547334954209e-06,1.987322000788117e-05,0.499281670416237,6.935296550282277e-09,0.4992816704162441,2.6320519398807075e-09,0.0014041591461476227,9.805874310262393e-08,2.9238684013396224e-07
Random2219
Raw:1.0104241096783009e-05,2.122547334954224e-06,1.987322000788131e-05,0.49928167041623345,6.935296550282424e-09,0.49928167041624766,2.6320519398807638e-09,0.0014041591461476327,9.805874310262601e-08,2.923868401339685e-07
EFT:1.0104241096782794e-05,2.122547334954209e-06,1.987322000788117e-05,0.499281670416237,6.935296550282277e-09,0.4992816704162441,2.6320519398807075e-09,0.0014041591461476227,9.805874310262393e-08,2.9238684013396224e-07
Random2220
Raw:1.0104241096782794e-05,2.122547334954209e-06,1.9873220007880885e-05,0.499281670416237,6.9352965502821786e-09,0.4992816704162441,2.6320519398807075e-09,0.0014041591461476026,9.805874310262393e-08,2.9238684013396224e-07
EFT:1.0104241096782794e-05,2.122547334954209e-06,1.987322000788117e-05,0.499281670416237,6.935296550282277e-09,0.4992816704162441,2.6320519398807075e-09,0.0014041591461476227,9.805874310262393e-08,2.9238684013396224e-07
Random2221
Raw:1.0104241096782938e-05,2.122547334954239e-06,1.987322000788145e-05,0.499281670416237,6.935296550282277e-09,0.4992816704162441,2.632051939880745e-09,0.0014041591461476427,9.805874310262393e-08,2.9238684013396637e-07
EFT:1.0104241096782794e-05,2.122547334954209e-06,1.987322000788117e-05,0.499281670416237,6.935296550282277e-09,0.4992816704162441,2.6320519398807075e-09,0.0014041591461476227,9.805874310262393e-08,2.9238684013396224e-07
Random2222
Raw:1.0104241096782867e-05,2.122547334954224e-06,1.9873220007881028e-05,0.49928167041624055,6.935296550282326e-09,0.49928167041624055,2.6320519398807638e-09,0.0014041591461476128,9.805874310262462e-08,2.923868401339643e-07
EFT:1.0104241096782794e-05,2.122547334954209e-06,1.987322000788117e-05,0.499281670416237,6.935296550282277e-09,0.4992816704162441,2.6320519398807075e-09,0.0014041591461476227,9.805874310262393e-08,2.9238684013396224e-07
Random2223
Raw:1.0104241096783009e-05,2.122547334954224e-06,1.987322000788131e-05,0.49928167041623345,6.935296550282327e-09,0.49928167041624766,2.6320519398807638e-09,0.0014041591461476327,9.805874310262601e-08,2.9238684013396436e-07
EFT:1.0104241096782794e-05,2.122547334954209e-06,1.987322000788117e-05,0.499281670416237,6.935296550282277e-09,0.4992816704162441,2.6320519398807075e-09,0.0014041591461476227,9.805874310262393e-08,2.9238684013396224e-07
Random2224
Raw:1.0104241096782867e-05,2.1225473349542546e-06,1.987322000788131e-05,0.49928167041624055,6.935296550282326e-09,0.49928167041624055,2.6320519398807638e-09,0.0014041591461476128,9.805874310262462e-08,2.923868401339643e-07
EFT:1.0104241096782794e-05,2.122547334954209e-06,1.987322000788117e-05,0.499281670416237,6.935296550282277e-09,0.4992816704162441,2.6320519398807075e-09,0.0014041591461476227,9.805874310262393e-08,2.9238684013396224e-07
Random2225
Raw:1.0104241096782867e-05,2.122547334954224e-06,1.987322000788131e-05,0.49928167041624055,6.935296550282326e-09,0.49928167041624055,2.6320519398807265e-09,0.0014041591461476327,9.805874310262462e-08,2.923868401339643e-07
EFT:1.0104241096782794e-05,2.122547334954209e-06,1.987322000788117e-05,0.499281670416237,6.935296550282277e-09,0.4992816704162441,2.6320519398807075e-09,0.0014041591461476227,9.805874310262393e-08,2.9238684013396224e-07
Random2226
Raw:1.0104241096783082e-05,2.122547334954239e-06,1.987322000788145e-05,0.499281670416237,6.935296550282475e-09,0.4992816704162441,2.6320519398807824e-09,0.0014041591461476427,9.805874310262532e-08,2.9238684013396637e-07
EFT:1.0104241096782794e-05,2.122547334954209e-06,1.987322000788117e-05,0.499281670416237,6.935296550282277e-09,0.4992816704162441,2.6320519398807075e-09,0.0014041591461476227,9.805874310262393e-08,2.9238684013396224e-07
Random2227
Raw:1.0104241096782794e-05,2.122547334954209e-06,1.987322000788117e-05,0.4992816704162441,6.935296550282277e-09,0.499281670416237,2.63205193988067e-09,0.0014041591461476227,9.805874310262254e-08,2.9238684013396224e-07
EFT:1.0104241096782794e-05,2.122547334954209e-06,1.987322000788117e-05,0.499281670416237,6.935296550282277e-09,0.4992816704162441,2.6320519398807075e-09,0.0014041591461476227,9.805874310262393e-08,2.9238684013396224e-07
Random2228
Raw:1.0104241096782938e-05,2.1225473349541788e-06,1.9873220007880885e-05,0.499281670416237,6.935296550282277e-09,0.4992816704162441,2.632051939880745e-09,0.0014041591461476026,9.805874310262532e-08,2.9238684013396224e-07
EFT:1.0104241096782794e-05,2.122547334954209e-06,1.987322000788117e-05,0.499281670416237,6.935296550282277e-09,0.4992816704162441,2.6320519398807075e-09,0.0014041591461476227,9.805874310262393e-08,2.9238684013396224e-07
Random2229
Raw:1.0104241096782867e-05,2.122547334954224e-06,1.987322000788131e-05,0.49928167041624055,6.935296550282326e-09,0.49928167041624055,2.6320519398807638e-09,0.0014041591461476327,9.805874310262462e-08,2.923868401339643e-07
EFT:1.0104241096782794e-05,2.122547334954209e-06,1.987322000788117e-05,0.499281670416237,6.935296550282277e-09,0.4992816704162441,2.6320519398807075e-09,0.0014041591461476227,9.805874310262393e-08,2.9238684013396224e-07
Random2230
Raw:1.0104241096782867e-05,2.1225473349542546e-06,1.987322000788131e-05,0.49928167041624055,6.935296550282326e-09,0.49928167041624055,2.6320519398807638e-09,0.0014041591461476128,9.805874310262462e-08,2.923868401339643e-07
EFT:1.0104241096782794e-05,2.122547334954209e-06,1.987322000788117e-05,0.499281670416237,6.935296550282277e-09,0.4992816704162441,2.6320519398807075e-09,0.0014041591461476227,9.805874310262393e-08,2.9238684013396224e-07
Random2231
Raw:1.0104241096782794e-05,2.122547334954209e-06,1.987322000788117e-05,0.499281670416237,6.9352965502821786e-09,0.4992816704162441,2.632051939880745e-09,0.0014041591461476227,9.805874310262254e-08,2.9238684013396224e-07
EFT:1.0104241096782794e-05,2.122547334954209e-06,1.987322000788117e-05,0.499281670416237,6.935296550282277e-09,0.4992816704162441,2.6320519398807075e-09,0.0014041591461476227,9.805874310262393e-08,2.9238684013396224e-07
Random2232
Raw:1.0104241096782794e-05,2.122547334954209e-06,1.987322000788117e-05,0.499281670416237,6.9352965502821786e-09,0.4992816704162441,2.6320519398807075e-09,0.0014041591461476227,9.805874310262393e-08,2.9238684013396224e-07
EFT:1.0104241096782794e-05,2.122547334954209e-06,1.987322000788117e-05,0.499281670416237,6.935296550282277e-09,0.4992816704162441,2.6320519398807075e-09,0.0014041591461476227,9.805874310262393e-08,2.9238684013396224e-07
Random2233
Raw:1.0104241096782938e-05,2.122547334954209e-06,1.9873220007880885e-05,0.499281670416237,6.935296550282277e-09,0.4992816704162441,2.632051939880745e-09,0.0014041591461476227,9.805874310262532e-08,2.9238684013396224e-07
EFT:1.0104241096782794e-05,2.122547334954209e-06,1.987322000788117e-05,0.499281670416237,6.935296550282277e-09,0.4992816704162441,2.6320519398807075e-09,0.0014041591461476227,9.805874310262393e-08,2.9238684013396224e-07
Random2234
Raw:1.0104241096783009e-05,2.122547334954194e-06,1.9873220007881028e-05,0.49928167041623345,6.935296550282327e-09,0.49928167041624766,2.6320519398807638e-09,0.0014041591461476327,9.805874310262462e-08,2.9238684013396436e-07
EFT:1.0104241096782794e-05,2.122547334954209e-06,1.987322000788117e-05,0.499281670416237,6.935296550282277e-09,0.4992816704162441,2.6320519398807075e-09,0.0014041591461476227,9.805874310262393e-08,2.9238684013396224e-07
Random2235
Raw:1.0104241096782938e-05,2.122547334954209e-06,1.987322000788117e-05,0.499281670416237,6.935296550282277e-09,0.4992816704162441,2.632051939880745e-09,0.0014041591461476227,9.805874310262532e-08,2.9238684013396224e-07
EFT:1.0104241096782794e-05,2.122547334954209e-06,1.987322000788117e-05,0.499281670416237,6.935296550282277e-09,0.4992816704162441,2.6320519398807075e-09,0.0014041591461476227,9.805874310262393e-08,2.9238684013396224e-07
Random2236
Raw:1.0104241096782938e-05,2.122547334954209e-06,1.987322000788117e-05,0.499281670416237,6.9352965502823754e-09,0.4992816704162441,2.632051939880745e-09,0.0014041591461476227,9.805874310262393e-08,2.9238684013396637e-07
EFT:1.0104241096782794e-05,2.122547334954209e-06,1.987322000788117e-05,0.499281670416237,6.935296550282277e-09,0.4992816704162441,2.6320519398807075e-09,0.0014041591461476227,9.805874310262393e-08,2.9238684013396224e-07
Random2237
Raw:1.0104241096782938e-05,2.122547334954239e-06,1.9873220007880885e-05,0.499281670416237,6.935296550282277e-09,0.4992816704162441,2.632051939880745e-09,0.0014041591461476227,9.805874310262532e-08,2.9238684013396224e-07
EFT:1.0104241096782794e-05,2.122547334954209e-06,1.987322000788117e-05,0.499281670416237,6.935296550282277e-09,0.4992816704162441,2.6320519398807075e-09,0.0014041591461476227,9.805874310262393e-08,2.9238684013396224e-07
Random2238
Raw:1.0104241096782938e-05,2.122547334954209e-06,1.987322000788117e-05,0.499281670416237,6.9352965502823754e-09,0.4992816704162441,2.632051939880745e-09,0.0014041591461476227,9.805874310262393e-08,2.9238684013396637e-07
EFT:1.0104241096782794e-05,2.122547334954209e-06,1.987322000788117e-05,0.499281670416237,6.935296550282277e-09,0.4992816704162441,2.6320519398807075e-09,0.0014041591461476227,9.805874310262393e-08,2.9238684013396224e-07
Random2239
Raw:1.0104241096782938e-05,2.122547334954209e-06,1.987322000788117e-05,0.499281670416237,6.935296550282277e-09,0.4992816704162441,2.632051939880745e-09,0.0014041591461476227,9.805874310262532e-08,2.9238684013396224e-07
EFT:1.0104241096782794e-05,2.122547334954209e-06,1.987322000788117e-05,0.499281670416237,6.935296550282277e-09,0.4992816704162441,2.6320519398807075e-09,0.0014041591461476227,9.805874310262393e-08,2.9238684013396224e-07
Random2240
Raw:1.0104241096782938e-05,2.122547334954209e-06,1.987322000788117e-05,0.499281670416237,6.935296550282277e-09,0.4992816704162441,2.632051939880745e-09,0.0014041591461476427,9.805874310262393e-08,2.9238684013396224e-07
EFT:1.0104241096782794e-05,2.122547334954209e-06,1.987322000788117e-05,0.499281670416237,6.935296550282277e-09,0.4992816704162441,2.6320519398807075e-09,0.0014041591461476227,9.805874310262393e-08,2.9238684013396224e-07
Random2241
Raw:1.0104241096782867e-05,2.122547334954224e-06,1.987322000788131e-05,0.49928167041624055,6.935296550282326e-09,0.49928167041624055,2.6320519398807638e-09,0.0014041591461476327,9.805874310262462e-08,2.923868401339643e-07
EFT:1.0104241096782794e-05,2.122547334954209e-06,1.987322000788117e-05,0.499281670416237,6.935296550282277e-09,0.4992816704162441,2.6320519398807075e-09,0.0014041591461476227,9.805874310262393e-08,2.9238684013396224e-07
Random2242
Raw:1.0104241096782938e-05,2.122547334954209e-06,1.9873220007880885e-05,0.499281670416237,6.935296550282277e-09,0.4992816704162441,2.632051939880745e-09,0.0014041591461476227,9.805874310262532e-08,2.9238684013396224e-07
EFT:1.0104241096782794e-05,2.122547334954209e-06,1.987322000788117e-05,0.499281670416237,6.935296550282277e-09,0.4992816704162441,2.6320519398807075e-09,0.0014041591461476227,9.805874310262393e-08,2.9238684013396224e-07
Random2243
Raw:1.0104241096782938e-05,2.122547334954209e-06,1.987322000788117e-05,0.499281670416237,6.9352965502823754e-09,0.4992816704162441,2.632051939880745e-09,0.0014041591461476227,9.805874310262393e-08,2.9238684013396637e-07
EFT:1.0104241096782794e-05,2.122547334954209e-06,1.987322000788117e-05,0.499281670416237,6.935296550282277e-09,0.4992816704162441,2.6320519398807075e-09,0.0014041591461476227,9.805874310262393e-08,2.9238684013396224e-07
Random2244
Raw:1.0104241096782938e-05,2.122547334954239e-06,1.987322000788117e-05,0.499281670416237,6.935296550282277e-09,0.4992816704162441,2.632051939880745e-09,0.0014041591461476427,9.805874310262393e-08,2.9238684013396637e-07
EFT:1.0104241096782794e-05,2.122547334954209e-06,1.987322000788117e-05,0.499281670416237,6.935296550282277e-09,0.4992816704162441,2.6320519398807075e-09,0.0014041591461476227,9.805874310262393e-08,2.9238684013396224e-07
Random2245
Raw:1.0104241096782938e-05,2.122547334954239e-06,1.987322000788117e-05,0.499281670416237,6.935296550282277e-09,0.4992816704162441,2.632051939880745e-09,0.0014041591461476227,9.805874310262532e-08,2.9238684013396224e-07
EFT:1.0104241096782794e-05,2.122547334954209e-06,1.987322000788117e-05,0.499281670416237,6.935296550282277e-09,0.4992816704162441,2.6320519398807075e-09,0.0014041591461476227,9.805874310262393e-08,2.9238684013396224e-07
Random2246
Raw:1.0104241096782938e-05,2.122547334954239e-06,1.987322000788145e-05,0.499281670416237,6.935296550282277e-09,0.4992816704162441,2.632051939880745e-09,0.0014041591461476427,9.805874310262532e-08,2.9238684013396224e-07
EFT:1.0104241096782794e-05,2.122547334954209e-06,1.987322000788117e-05,0.499281670416237,6.935296550282277e-09,0.4992816704162441,2.6320519398807075e-09,0.0014041591461476227,9.805874310262393e-08,2.9238684013396224e-07
Random2247
Raw:1.0104241096782865e-05,2.122547334954194e-06,1.9873220007881028e-05,0.49928167041623345,6.935296550282228e-09,0.49928167041624766,2.632051939880726e-09,0.0014041591461476126,9.805874310262462e-08,2.9238684013396436e-07
EFT:1.0104241096782794e-05,2.122547334954209e-06,1.987322000788117e-05,0.499281670416237,6.935296550282277e-09,0.4992816704162441,2.6320519398807075e-09,0.0014041591461476227,9.805874310262393e-08,2.9238684013396224e-07
Random2248
Raw:1.0104241096782794e-05,2.122547334954209e-06,1.987322000788117e-05,0.499281670416237,6.935296550282277e-09,0.4992816704162441,2.6320519398807075e-09,0.0014041591461476026,9.805874310262393e-08,2.9238684013396224e-07
EFT:1.0104241096782794e-05,2.122547334954209e-06,1.987322000788117e-05,0.499281670416237,6.935296550282277e-09,0.4992816704162441,2.6320519398807075e-09,0.0014041591461476227,9.805874310262393e-08,2.9238684013396224e-07
Random2249
Raw:1.0104241096782938e-05,2.122547334954209e-06,1.9873220007880885e-05,0.499281670416237,6.935296550282277e-09,0.4992816704162441,2.632051939880745e-09,0.0014041591461476227,9.805874310262532e-08,2.9238684013396224e-07
EFT:1.0104241096782794e-05,2.122547334954209e-06,1.987322000788117e-05,0.499281670416237,6.935296550282277e-09,0.4992816704162441,2.6320519398807075e-09,0.0014041591461476227,9.805874310262393e-08,2.9238684013396224e-07
Random2250
Raw:1.0104241096782865e-05,2.122547334954194e-06,1.9873220007881028e-05,0.49928167041623345,6.935296550282228e-09,0.49928167041624766,2.632051939880726e-09,0.0014041591461476126,9.805874310262462e-08,2.9238684013396436e-07
EFT:1.0104241096782794e-05,2.122547334954209e-06,1.987322000788117e-05,0.499281670416237,6.935296550282277e-09,0.4992816704162441,2.6320519398807075e-09,0.0014041591461476227,9.805874310262393e-08,2.9238684013396224e-07
Random2251
Raw:1.0104241096782938e-05,2.122547334954239e-06,1.987322000788145e-05,0.499281670416237,6.935296550282277e-09,0.4992816704162441,2.632051939880745e-09,0.0014041591461476427,9.805874310262532e-08,2.9238684013396224e-07
EFT:1.0104241096782794e-05,2.122547334954209e-06,1.987322000788117e-05,0.499281670416237,6.935296550282277e-09,0.4992816704162441,2.6320519398807075e-09,0.0014041591461476227,9.805874310262393e-08,2.9238684013396224e-07
Random2252
Raw:1.0104241096782938e-05,2.122547334954209e-06,1.987322000788117e-05,0.499281670416237,6.9352965502823754e-09,0.4992816704162441,2.6320519398807824e-09,0.0014041591461476227,9.805874310262532e-08,2.9238684013396637e-07
EFT:1.0104241096782794e-05,2.122547334954209e-06,1.987322000788117e-05,0.499281670416237,6.935296550282277e-09,0.4992816704162441,2.6320519398807075e-09,0.0014041591461476227,9.805874310262393e-08,2.9238684013396224e-07
Random2253
Raw:1.010424109678301e-05,2.1225473349542546e-06,1.987322000788131e-05,0.49928167041624055,6.935296550282425e-09,0.49928167041624055,2.6320519398807638e-09,0.0014041591461476527,9.805874310262462e-08,2.923868401339643e-07
EFT:1.0104241096782794e-05,2.122547334954209e-06,1.987322000788117e-05,0.499281670416237,6.935296550282277e-09,0.4992816704162441,2.6320519398807075e-09,0.0014041591461476227,9.805874310262393e-08,2.9238684013396224e-07
Random2254
Raw:1.0104241096782938e-05,2.122547334954239e-06,1.9873220007880885e-05,0.499281670416237,6.935296550282277e-09,0.4992816704162441,2.632051939880745e-09,0.0014041591461476227,9.805874310262532e-08,2.9238684013396224e-07
EFT:1.0104241096782794e-05,2.122547334954209e-06,1.987322000788117e-05,0.499281670416237,6.935296550282277e-09,0.4992816704162441,2.6320519398807075e-09,0.0014041591461476227,9.805874310262393e-08,2.9238684013396224e-07
Random2255
Raw:1.0104241096782867e-05,2.1225473349542546e-06,1.987322000788131e-05,0.49928167041624055,6.935296550282326e-09,0.49928167041624055,2.6320519398807638e-09,0.0014041591461476327,9.805874310262462e-08,2.923868401339643e-07
EFT:1.0104241096782794e-05,2.122547334954209e-06,1.987322000788117e-05,0.499281670416237,6.935296550282277e-09,0.4992816704162441,2.6320519398807075e-09,0.0014041591461476227,9.805874310262393e-08,2.9238684013396224e-07
Random2256
Raw:1.0104241096782938e-05,2.122547334954209e-06,1.987322000788117e-05,0.499281670416237,6.935296550282277e-09,0.4992816704162441,2.632051939880745e-09,0.0014041591461476227,9.805874310262532e-08,2.9238684013396224e-07
EFT:1.0104241096782794e-05,2.122547334954209e-06,1.987322000788117e-05,0.499281670416237,6.935296550282277e-09,0.4992816704162441,2.6320519398807075e-09,0.0014041591461476227,9.805874310262393e-08,2.9238684013396224e-07
Random2257
Raw:1.0104241096783009e-05,2.122547334954194e-06,1.9873220007881028e-05,0.49928167041623345,6.935296550282327e-09,0.49928167041624766,2.6320519398807638e-09,0.0014041591461476126,9.805874310262601e-08,2.9238684013396436e-07
EFT:1.0104241096782794e-05,2.122547334954209e-06,1.987322000788117e-05,0.499281670416237,6.935296550282277e-09,0.4992816704162441,2.6320519398807075e-09,0.0014041591461476227,9.805874310262393e-08,2.9238684013396224e-07
Random2258
Raw:1.0104241096782938e-05,2.122547334954239e-06,1.987322000788145e-05,0.499281670416237,6.935296550282277e-09,0.4992816704162441,2.632051939880745e-09,0.0014041591461476427,9.805874310262393e-08,2.9238684013396637e-07
EFT:1.0104241096782794e-05,2.122547334954209e-06,1.987322000788117e-05,0.499281670416237,6.935296550282277e-09,0.4992816704162441,2.6320519398807075e-09,0.0014041591461476227,9.805874310262393e-08,2.9238684013396224e-07
Random2259
Raw:1.0104241096782867e-05,2.122547334954224e-06,1.987322000788131e-05,0.49928167041624055,6.935296550282326e-09,0.49928167041624055,2.6320519398807265e-09,0.0014041591461476327,9.805874310262602e-08,2.923868401339643e-07
EFT:1.0104241096782794e-05,2.122547334954209e-06,1.987322000788117e-05,0.499281670416237,6.935296550282277e-09,0.4992816704162441,2.6320519398807075e-09,0.0014041591461476227,9.805874310262393e-08,2.9238684013396224e-07
Random2260
Raw:1.0104241096782938e-05,2.122547334954209e-06,1.9873220007880885e-05,0.499281670416237,6.935296550282277e-09,0.4992816704162441,2.632051939880745e-09,0.0014041591461476227,9.805874310262393e-08,2.9238684013396224e-07
EFT:1.0104241096782794e-05,2.122547334954209e-06,1.987322000788117e-05,0.499281670416237,6.935296550282277e-09,0.4992816704162441,2.6320519398807075e-09,0.0014041591461476227,9.805874310262393e-08,2.9238684013396224e-07
Random2261
Raw:1.0104241096783009e-05,2.122547334954224e-06,1.987322000788131e-05,0.49928167041623345,6.935296550282327e-09,0.49928167041624766,2.6320519398807638e-09,0.0014041591461476327,9.805874310262462e-08,2.923868401339685e-07
EFT:1.0104241096782794e-05,2.122547334954209e-06,1.987322000788117e-05,0.499281670416237,6.935296550282277e-09,0.4992816704162441,2.6320519398807075e-09,0.0014041591461476227,9.805874310262393e-08,2.9238684013396224e-07
Random2262
Raw:1.0104241096783009e-05,2.122547334954194e-06,1.9873220007881028e-05,0.49928167041623345,6.935296550282327e-09,0.49928167041624766,2.6320519398807638e-09,0.0014041591461476327,9.805874310262462e-08,2.9238684013396436e-07
EFT:1.0104241096782794e-05,2.122547334954209e-06,1.987322000788117e-05,0.499281670416237,6.935296550282277e-09,0.4992816704162441,2.6320519398807075e-09,0.0014041591461476227,9.805874310262393e-08,2.9238684013396224e-07
Random2263
Raw:1.0104241096783009e-05,2.122547334954224e-06,1.987322000788131e-05,0.49928167041623345,6.935296550282327e-09,0.49928167041624766,2.6320519398807638e-09,0.0014041591461476327,9.805874310262462e-08,2.923868401339685e-07
EFT:1.0104241096782794e-05,2.122547334954209e-06,1.987322000788117e-05,0.499281670416237,6.935296550282277e-09,0.4992816704162441,2.6320519398807075e-09,0.0014041591461476227,9.805874310262393e-08,2.9238684013396224e-07
Random2264
Raw:1.0104241096782938e-05,2.122547334954239e-06,1.987322000788117e-05,0.499281670416237,6.935296550282277e-09,0.4992816704162441,2.632051939880745e-09,0.0014041591461476227,9.805874310262532e-08,2.9238684013396224e-07
EFT:1.0104241096782794e-05,2.122547334954209e-06,1.987322000788117e-05,0.499281670416237,6.935296550282277e-09,0.4992816704162441,2.6320519398807075e-09,0.0014041591461476227,9.805874310262393e-08,2.9238684013396224e-07
Random2265
Raw:1.0104241096782938e-05,2.122547334954209e-06,1.987322000788117e-05,0.499281670416237,6.935296550282277e-09,0.4992816704162441,2.632051939880745e-09,0.0014041591461476427,9.805874310262393e-08,2.9238684013396224e-07
EFT:1.0104241096782794e-05,2.122547334954209e-06,1.987322000788117e-05,0.499281670416237,6.935296550282277e-09,0.4992816704162441,2.6320519398807075e-09,0.0014041591461476227,9.805874310262393e-08,2.9238684013396224e-07
Random2266
Raw:1.0104241096782938e-05,2.122547334954209e-06,1.987322000788117e-05,0.499281670416237,6.9352965502823754e-09,0.4992816704162441,2.632051939880745e-09,0.0014041591461476227,9.805874310262532e-08,2.9238684013396637e-07
EFT:1.0104241096782794e-05,2.122547334954209e-06,1.987322000788117e-05,0.499281670416237,6.935296550282277e-09,0.4992816704162441,2.6320519398807075e-09,0.0014041591461476227,9.805874310262393e-08,2.9238684013396224e-07
Random2267
Raw:1.0104241096783009e-05,2.122547334954194e-06,1.9873220007881028e-05,0.49928167041623345,6.935296550282327e-09,0.49928167041624766,2.6320519398807638e-09,0.0014041591461476126,9.805874310262601e-08,2.9238684013396436e-07
EFT:1.0104241096782794e-05,2.122547334954209e-06,1.987322000788117e-05,0.499281670416237,6.935296550282277e-09,0.4992816704162441,2.6320519398807075e-09,0.0014041591461476227,9.805874310262393e-08,2.9238684013396224e-07
Random2268
Raw:1.0104241096782794e-05,2.122547334954209e-06,1.987322000788117e-05,0.499281670416237,6.935296550282277e-09,0.4992816704162441,2.6320519398807075e-09,0.0014041591461476026,9.805874310262393e-08,2.9238684013396224e-07
EFT:1.0104241096782794e-05,2.122547334954209e-06,1.987322000788117e-05,0.499281670416237,6.935296550282277e-09,0.4992816704162441,2.6320519398807075e-09,0.0014041591461476227,9.805874310262393e-08,2.9238684013396224e-07
Random2269
Raw:1.0104241096782938e-05,2.122547334954239e-06,1.987322000788117e-05,0.499281670416237,6.935296550282277e-09,0.4992816704162441,2.632051939880745e-09,0.0014041591461476427,9.805874310262532e-08,2.9238684013396224e-07
EFT:1.0104241096782794e-05,2.122547334954209e-06,1.987322000788117e-05,0.499281670416237,6.935296550282277e-09,0.4992816704162441,2.6320519398807075e-09,0.0014041591461476227,9.805874310262393e-08,2.9238684013396224e-07
Random2270
Raw:1.0104241096783009e-05,2.122547334954224e-06,1.987322000788131e-05,0.49928167041623345,6.935296550282327e-09,0.49928167041624766,2.6320519398807638e-09,0.0014041591461476327,9.805874310262462e-08,2.923868401339685e-07
EFT:1.0104241096782794e-05,2.122547334954209e-06,1.987322000788117e-05,0.499281670416237,6.935296550282277e-09,0.4992816704162441,2.6320519398807075e-09,0.0014041591461476227,9.805874310262393e-08,2.9238684013396224e-07
Random2271
Raw:1.0104241096782794e-05,2.122547334954209e-06,1.987322000788117e-05,0.499281670416237,6.935296550282277e-09,0.4992816704162441,2.632051939880745e-09,0.0014041591461476227,9.805874310262254e-08,2.9238684013396224e-07
EFT:1.0104241096782794e-05,2.122547334954209e-06,1.987322000788117e-05,0.499281670416237,6.935296550282277e-09,0.4992816704162441,2.6320519398807075e-09,0.0014041591461476227,9.805874310262393e-08,2.9238684013396224e-07
Random2272
Raw:1.0104241096782938e-05,2.122547334954209e-06,1.9873220007880885e-05,0.499281670416237,6.935296550282277e-09,0.4992816704162441,2.632051939880745e-09,0.0014041591461476227,9.805874310262532e-08,2.9238684013396224e-07
EFT:1.0104241096782794e-05,2.122547334954209e-06,1.987322000788117e-05,0.499281670416237,6.935296550282277e-09,0.4992816704162441,2.6320519398807075e-09,0.0014041591461476227,9.805874310262393e-08,2.9238684013396224e-07
Random2273
Raw:1.0104241096782867e-05,2.122547334954224e-06,1.987322000788131e-05,0.49928167041624055,6.935296550282326e-09,0.49928167041624055,2.6320519398807265e-09,0.0014041591461476327,9.805874310262462e-08,2.923868401339643e-07
EFT:1.0104241096782794e-05,2.122547334954209e-06,1.987322000788117e-05,0.499281670416237,6.935296550282277e-09,0.4992816704162441,2.6320519398807075e-09,0.0014041591461476227,9.805874310262393e-08,2.9238684013396224e-07
Random2274
Raw:1.0104241096782867e-05,2.122547334954224e-06,1.987322000788131e-05,0.49928167041624055,6.935296550282326e-09,0.49928167041624055,2.6320519398807265e-09,0.0014041591461476327,9.805874310262602e-08,2.923868401339643e-07
EFT:1.0104241096782794e-05,2.122547334954209e-06,1.987322000788117e-05,0.499281670416237,6.935296550282277e-09,0.4992816704162441,2.6320519398807075e-09,0.0014041591461476227,9.805874310262393e-08,2.9238684013396224e-07
Random2275
Raw:1.0104241096782938e-05,2.122547334954239e-06,1.987322000788145e-05,0.499281670416237,6.935296550282277e-09,0.4992816704162441,2.632051939880745e-09,0.0014041591461476427,9.805874310262393e-08,2.9238684013396637e-07
EFT:1.0104241096782794e-05,2.122547334954209e-06,1.987322000788117e-05,0.499281670416237,6.935296550282277e-09,0.4992816704162441,2.6320519398807075e-09,0.0014041591461476227,9.805874310262393e-08,2.9238684013396224e-07
Random2276
Raw:1.0104241096782867e-05,2.122547334954224e-06,1.987322000788131e-05,0.49928167041624055,6.935296550282326e-09,0.49928167041624055,2.6320519398807265e-09,0.0014041591461476327,9.805874310262462e-08,2.923868401339643e-07
EFT:1.0104241096782794e-05,2.122547334954209e-06,1.987322000788117e-05,0.499281670416237,6.935296550282277e-09,0.4992816704162441,2.6320519398807075e-09,0.0014041591461476227,9.805874310262393e-08,2.9238684013396224e-07
Random2277
Raw:1.0104241096782794e-05,2.1225473349541788e-06,1.9873220007880885e-05,0.499281670416237,6.935296550282277e-09,0.4992816704162441,2.632051939880745e-09,0.0014041591461476026,9.805874310262254e-08,2.9238684013396224e-07
EFT:1.0104241096782794e-05,2.122547334954209e-06,1.987322000788117e-05,0.499281670416237,6.935296550282277e-09,0.4992816704162441,2.6320519398807075e-09,0.0014041591461476227,9.805874310262393e-08,2.9238684013396224e-07
Random2278
Raw:1.0104241096782723e-05,2.122547334954194e-06,1.9873220007881028e-05,0.49928167041624055,6.93529655028213e-09,0.49928167041624055,2.6320519398806513e-09,0.0014041591461476128,9.805874310262323e-08,2.923868401339602e-07
EFT:1.0104241096782794e-05,2.122547334954209e-06,1.987322000788117e-05,0.499281670416237,6.935296550282277e-09,0.4992816704162441,2.6320519398807075e-09,0.0014041591461476227,9.805874310262393e-08,2.9238684013396224e-07
Random2279
Raw:1.0104241096782865e-05,2.122547334954194e-06,1.9873220007881028e-05,0.49928167041623345,6.935296550282327e-09,0.49928167041624766,2.632051939880726e-09,0.0014041591461476126,9.805874310262462e-08,2.9238684013396436e-07
EFT:1.0104241096782794e-05,2.122547334954209e-06,1.987322000788117e-05,0.499281670416237,6.935296550282277e-09,0.4992816704162441,2.6320519398807075e-09,0.0014041591461476227,9.805874310262393e-08,2.9238684013396224e-07
Random2280
Raw:1.0104241096782938e-05,2.122547334954239e-06,1.987322000788145e-05,0.499281670416237,6.935296550282277e-09,0.4992816704162441,2.632051939880745e-09,0.0014041591461476427,9.805874310262393e-08,2.9238684013396637e-07
EFT:1.0104241096782794e-05,2.122547334954209e-06,1.987322000788117e-05,0.499281670416237,6.935296550282277e-09,0.4992816704162441,2.6320519398807075e-09,0.0014041591461476227,9.805874310262393e-08,2.9238684013396224e-07
Random2281
Raw:1.0104241096782794e-05,2.122547334954209e-06,1.987322000788117e-05,0.499281670416237,6.9352965502821786e-09,0.4992816704162441,2.632051939880745e-09,0.0014041591461476227,9.805874310262254e-08,2.9238684013396224e-07
EFT:1.0104241096782794e-05,2.122547334954209e-06,1.987322000788117e-05,0.499281670416237,6.935296550282277e-09,0.4992816704162441,2.6320519398807075e-09,0.0014041591461476227,9.805874310262393e-08,2.9238684013396224e-07
Random2282
Raw:1.0104241096782938e-05,2.122547334954239e-06,1.987322000788145e-05,0.499281670416237,6.935296550282277e-09,0.4992816704162441,2.632051939880745e-09,0.0014041591461476427,9.805874310262532e-08,2.9238684013396224e-07
EFT:1.0104241096782794e-05,2.122547334954209e-06,1.987322000788117e-05,0.499281670416237,6.935296550282277e-09,0.4992816704162441,2.6320519398807075e-09,0.0014041591461476227,9.805874310262393e-08,2.9238684013396224e-07
Random2283
Raw:1.0104241096782938e-05,2.1225473349541788e-06,1.9873220007880885e-05,0.499281670416237,6.935296550282277e-09,0.4992816704162441,2.632051939880745e-09,0.0014041591461476026,9.805874310262532e-08,2.9238684013396224e-07
EFT:1.0104241096782794e-05,2.122547334954209e-06,1.987322000788117e-05,0.499281670416237,6.935296550282277e-09,0.4992816704162441,2.6320519398807075e-09,0.0014041591461476227,9.805874310262393e-08,2.9238684013396224e-07
Random2284
Raw:1.0104241096782938e-05,2.122547334954209e-06,1.987322000788117e-05,0.499281670416237,6.935296550282277e-09,0.4992816704162441,2.632051939880745e-09,0.0014041591461476227,9.805874310262532e-08,2.9238684013396224e-07
EFT:1.0104241096782794e-05,2.122547334954209e-06,1.987322000788117e-05,0.499281670416237,6.935296550282277e-09,0.4992816704162441,2.6320519398807075e-09,0.0014041591461476227,9.805874310262393e-08,2.9238684013396224e-07
Random2285
Raw:1.0104241096782938e-05,2.122547334954209e-06,1.987322000788117e-05,0.499281670416237,6.935296550282277e-09,0.4992816704162441,2.632051939880745e-09,0.0014041591461476227,9.805874310262532e-08,2.9238684013396224e-07
EFT:1.0104241096782794e-05,2.122547334954209e-06,1.987322000788117e-05,0.499281670416237,6.935296550282277e-09,0.4992816704162441,2.6320519398807075e-09,0.0014041591461476227,9.805874310262393e-08,2.9238684013396224e-07
Random2286
Raw:1.0104241096782867e-05,2.122547334954224e-06,1.9873220007881028e-05,0.49928167041624055,6.935296550282326e-09,0.49928167041624055,2.6320519398807638e-09,0.0014041591461476128,9.805874310262462e-08,2.923868401339643e-07
EFT:1.0104241096782794e-05,2.122547334954209e-06,1.987322000788117e-05,0.499281670416237,6.935296550282277e-09,0.4992816704162441,2.6320519398807075e-09,0.0014041591461476227,9.805874310262393e-08,2.9238684013396224e-07
Random2287
Raw:1.0104241096782938e-05,2.122547334954239e-06,1.987322000788117e-05,0.499281670416237,6.935296550282277e-09,0.4992816704162441,2.632051939880745e-09,0.0014041591461476427,9.805874310262532e-08,2.9238684013396224e-07
EFT:1.0104241096782794e-05,2.122547334954209e-06,1.987322000788117e-05,0.499281670416237,6.935296550282277e-09,0.4992816704162441,2.6320519398807075e-09,0.0014041591461476227,9.805874310262393e-08,2.9238684013396224e-07
Random2288
Raw:1.0104241096782867e-05,2.122547334954224e-06,1.987322000788131e-05,0.49928167041624055,6.935296550282326e-09,0.49928167041624055,2.6320519398807638e-09,0.0014041591461476128,9.805874310262462e-08,2.923868401339643e-07
EFT:1.0104241096782794e-05,2.122547334954209e-06,1.987322000788117e-05,0.499281670416237,6.935296550282277e-09,0.4992816704162441,2.6320519398807075e-09,0.0014041591461476227,9.805874310262393e-08,2.9238684013396224e-07
Random2289
Raw:1.0104241096782938e-05,2.122547334954209e-06,1.9873220007880885e-05,0.499281670416237,6.935296550282277e-09,0.4992816704162441,2.632051939880745e-09,0.0014041591461476227,9.805874310262532e-08,2.9238684013396224e-07
EFT:1.0104241096782794e-05,2.122547334954209e-06,1.987322000788117e-05,0.499281670416237,6.935296550282277e-09,0.4992816704162441,2.6320519398807075e-09,0.0014041591461476227,9.805874310262393e-08,2.9238684013396224e-07
Random2290
Raw:1.0104241096782794e-05,2.122547334954209e-06,1.9873220007880885e-05,0.499281670416237,6.935296550282277e-09,0.4992816704162441,2.632051939880745e-09,0.0014041591461476227,9.805874310262254e-08,2.9238684013396224e-07
EFT:1.0104241096782794e-05,2.122547334954209e-06,1.987322000788117e-05,0.499281670416237,6.935296550282277e-09,0.4992816704162441,2.6320519398807075e-09,0.0014041591461476227,9.805874310262393e-08,2.9238684013396224e-07
Random2291
Raw:1.0104241096782794e-05,2.122547334954209e-06,1.987322000788117e-05,0.499281670416237,6.935296550282277e-09,0.4992816704162441,2.6320519398807075e-09,0.0014041591461476227,9.805874310262393e-08,2.9238684013396224e-07
EFT:1.0104241096782794e-05,2.122547334954209e-06,1.987322000788117e-05,0.499281670416237,6.935296550282277e-09,0.4992816704162441,2.6320519398807075e-09,0.0014041591461476227,9.805874310262393e-08,2.9238684013396224e-07
Random2292
Raw:1.0104241096782723e-05,2.122547334954194e-06,1.9873220007881028e-05,0.49928167041624055,6.935296550282228e-09,0.49928167041624055,2.6320519398806513e-09,0.0014041591461476128,9.805874310262323e-08,2.923868401339602e-07
EFT:1.0104241096782794e-05,2.122547334954209e-06,1.987322000788117e-05,0.499281670416237,6.935296550282277e-09,0.4992816704162441,2.6320519398807075e-09,0.0014041591461476227,9.805874310262393e-08,2.9238684013396224e-07
Random2293
Raw:1.0104241096782867e-05,2.122547334954194e-06,1.9873220007881028e-05,0.49928167041624055,6.935296550282326e-09,0.49928167041624055,2.6320519398807265e-09,0.0014041591461476128,9.805874310262602e-08,2.923868401339643e-07
EFT:1.0104241096782794e-05,2.122547334954209e-06,1.987322000788117e-05,0.499281670416237,6.935296550282277e-09,0.4992816704162441,2.6320519398807075e-09,0.0014041591461476227,9.805874310262393e-08,2.9238684013396224e-07
Random2294
Raw:1.0104241096782867e-05,2.122547334954194e-06,1.9873220007881028e-05,0.49928167041624055,6.935296550282326e-09,0.49928167041624055,2.6320519398807265e-09,0.0014041591461476128,9.805874310262323e-08,2.923868401339643e-07
EFT:1.0104241096782794e-05,2.122547334954209e-06,1.987322000788117e-05,0.499281670416237,6.935296550282277e-09,0.4992816704162441,2.6320519398807075e-09,0.0014041591461476227,9.805874310262393e-08,2.9238684013396224e-07
Random2295
Raw:1.0104241096782867e-05,2.122547334954224e-06,1.9873220007881028e-05,0.49928167041624055,6.935296550282326e-09,0.49928167041624055,2.6320519398807265e-09,0.0014041591461476128,9.805874310262462e-08,2.923868401339643e-07
EFT:1.0104241096782794e-05,2.122547334954209e-06,1.987322000788117e-05,0.499281670416237,6.935296550282277e-09,0.4992816704162441,2.6320519398807075e-09,0.0014041591461476227,9.805874310262393e-08,2.9238684013396224e-07
Random2296
Raw:1.0104241096782938e-05,2.122547334954239e-06,1.987322000788145e-05,0.499281670416237,6.9352965502823754e-09,0.4992816704162441,2.632051939880745e-09,0.0014041591461476227,9.805874310262532e-08,2.9238684013396637e-07
EFT:1.0104241096782794e-05,2.122547334954209e-06,1.987322000788117e-05,0.499281670416237,6.935296550282277e-09,0.4992816704162441,2.6320519398807075e-09,0.0014041591461476227,9.805874310262393e-08,2.9238684013396224e-07
Random2297
Raw:1.0104241096782867e-05,2.122547334954224e-06,1.987322000788131e-05,0.49928167041624055,6.935296550282326e-09,0.49928167041624055,2.6320519398807265e-09,0.0014041591461476327,9.805874310262462e-08,2.923868401339643e-07
EFT:1.0104241096782794e-05,2.122547334954209e-06,1.987322000788117e-05,0.499281670416237,6.935296550282277e-09,0.4992816704162441,2.6320519398807075e-09,0.0014041591461476227,9.805874310262393e-08,2.9238684013396224e-07
Random2298
Raw:1.0104241096783009e-05,2.122547334954194e-06,1.9873220007881028e-05,0.49928167041623345,6.935296550282327e-09,0.49928167041624766,2.6320519398807638e-09,0.0014041591461476327,9.805874310262462e-08,2.9238684013396436e-07
EFT:1.0104241096782794e-05,2.122547334954209e-06,1.987322000788117e-05,0.499281670416237,6.935296550282277e-09,0.4992816704162441,2.6320519398807075e-09,0.0014041591461476227,9.805874310262393e-08,2.9238684013396224e-07
Random2299
Raw:1.0104241096783009e-05,2.122547334954224e-06,1.987322000788131e-05,0.49928167041623345,6.935296550282327e-09,0.49928167041624766,2.6320519398807638e-09,0.0014041591461476327,9.805874310262462e-08,2.923868401339685e-07
EFT:1.0104241096782794e-05,2.122547334954209e-06,1.987322000788117e-05,0.499281670416237,6.935296550282277e-09,0.4992816704162441,2.6320519398807075e-09,0.0014041591461476227,9.805874310262393e-08,2.9238684013396224e-07
Random2300
Raw:1.0104241096783009e-05,2.122547334954224e-06,1.987322000788131e-05,0.49928167041623345,6.935296550282327e-09,0.49928167041624766,2.6320519398807638e-09,0.0014041591461476327,9.805874310262601e-08,2.9238684013396436e-07
EFT:1.0104241096782794e-05,2.122547334954209e-06,1.987322000788117e-05,0.499281670416237,6.935296550282277e-09,0.4992816704162441,2.6320519398807075e-09,0.0014041591461476227,9.805874310262393e-08,2.9238684013396224e-07
Random2301
Raw:1.0104241096782867e-05,2.122547334954224e-06,1.987322000788131e-05,0.49928167041624055,6.935296550282326e-09,0.49928167041624055,2.6320519398807265e-09,0.0014041591461476128,9.805874310262462e-08,2.923868401339643e-07
EFT:1.0104241096782794e-05,2.122547334954209e-06,1.987322000788117e-05,0.499281670416237,6.935296550282277e-09,0.4992816704162441,2.6320519398807075e-09,0.0014041591461476227,9.805874310262393e-08,2.9238684013396224e-07
Random2302
Raw:1.0104241096782938e-05,2.122547334954239e-06,1.987322000788145e-05,0.499281670416237,6.935296550282277e-09,0.4992816704162441,2.632051939880745e-09,0.0014041591461476427,9.805874310262532e-08,2.9238684013396224e-07
EFT:1.0104241096782794e-05,2.122547334954209e-06,1.987322000788117e-05,0.499281670416237,6.935296550282277e-09,0.4992816704162441,2.6320519398807075e-09,0.0014041591461476227,9.805874310262393e-08,2.9238684013396224e-07
Random2303
Raw:1.0104241096782938e-05,2.122547334954209e-06,1.987322000788117e-05,0.499281670416237,6.935296550282277e-09,0.4992816704162441,2.632051939880745e-09,0.0014041591461476427,9.805874310262393e-08,2.9238684013396224e-07
EFT:1.0104241096782794e-05,2.122547334954209e-06,1.987322000788117e-05,0.499281670416237,6.935296550282277e-09,0.4992816704162441,2.6320519398807075e-09,0.0014041591461476227,9.805874310262393e-08,2.9238684013396224e-07
Random2304
Raw:1.0104241096782867e-05,2.122547334954194e-06,1.9873220007881028e-05,0.49928167041624055,6.935296550282326e-09,0.49928167041624055,2.6320519398807265e-09,0.0014041591461476128,9.805874310262323e-08,2.923868401339643e-07
EFT:1.0104241096782794e-05,2.122547334954209e-06,1.987322000788117e-05,0.499281670416237,6.935296550282277e-09,0.4992816704162441,2.6320519398807075e-09,0.0014041591461476227,9.805874310262393e-08,2.9238684013396224e-07
Random2305
Raw:1.0104241096782938e-05,2.122547334954239e-06,1.987322000788145e-05,0.499281670416237,6.935296550282277e-09,0.4992816704162441,2.632051939880745e-09,0.0014041591461476427,9.805874310262393e-08,2.9238684013396637e-07
EFT:1.0104241096782794e-05,2.122547334954209e-06,1.987322000788117e-05,0.499281670416237,6.935296550282277e-09,0.4992816704162441,2.6320519398807075e-09,0.0014041591461476227,9.805874310262393e-08,2.9238684013396224e-07
Random2306
Raw:1.0104241096783009e-05,2.122547334954194e-06,1.9873220007881028e-05,0.49928167041623345,6.935296550282327e-09,0.49928167041624766,2.6320519398807638e-09,0.0014041591461476327,9.805874310262462e-08,2.9238684013396436e-07
EFT:1.0104241096782794e-05,2.122547334954209e-06,1.987322000788117e-05,0.499281670416237,6.935296550282277e-09,0.4992816704162441,2.6320519398807075e-09,0.0014041591461476227,9.805874310262393e-08,2.9238684013396224e-07
Random2307
Raw:1.0104241096782938e-05,2.122547334954209e-06,1.9873220007880885e-05,0.499281670416237,6.935296550282277e-09,0.4992816704162441,2.632051939880745e-09,0.0014041591461476227,9.805874310262532e-08,2.9238684013396224e-07
EFT:1.0104241096782794e-05,2.122547334954209e-06,1.987322000788117e-05,0.499281670416237,6.935296550282277e-09,0.4992816704162441,2.6320519398807075e-09,0.0014041591461476227,9.805874310262393e-08,2.9238684013396224e-07
Random2308
Raw:1.0104241096782938e-05,2.122547334954209e-06,1.987322000788117e-05,0.499281670416237,6.9352965502823754e-09,0.4992816704162441,2.632051939880745e-09,0.0014041591461476227,9.805874310262532e-08,2.9238684013396637e-07
EFT:1.0104241096782794e-05,2.122547334954209e-06,1.987322000788117e-05,0.499281670416237,6.935296550282277e-09,0.4992816704162441,2.6320519398807075e-09,0.0014041591461476227,9.805874310262393e-08,2.9238684013396224e-07
Random2309
Raw:1.0104241096783009e-05,2.122547334954224e-06,1.987322000788131e-05,0.49928167041623345,6.935296550282327e-09,0.49928167041624766,2.6320519398807638e-09,0.0014041591461476327,9.805874310262462e-08,2.923868401339685e-07
EFT:1.0104241096782794e-05,2.122547334954209e-06,1.987322000788117e-05,0.499281670416237,6.935296550282277e-09,0.4992816704162441,2.6320519398807075e-09,0.0014041591461476227,9.805874310262393e-08,2.9238684013396224e-07
Random2310
Raw:1.0104241096782938e-05,2.122547334954209e-06,1.987322000788117e-05,0.499281670416237,6.9352965502823754e-09,0.4992816704162441,2.632051939880745e-09,0.0014041591461476227,9.805874310262393e-08,2.9238684013396637e-07
EFT:1.0104241096782794e-05,2.122547334954209e-06,1.987322000788117e-05,0.499281670416237,6.935296550282277e-09,0.4992816704162441,2.6320519398807075e-09,0.0014041591461476227,9.805874310262393e-08,2.9238684013396224e-07
Random2311
Raw:1.0104241096782867e-05,2.122547334954194e-06,1.9873220007881028e-05,0.49928167041624055,6.935296550282326e-09,0.49928167041624055,2.6320519398807265e-09,0.0014041591461476128,9.805874310262602e-08,2.923868401339643e-07
EFT:1.0104241096782794e-05,2.122547334954209e-06,1.987322000788117e-05,0.499281670416237,6.935296550282277e-09,0.4992816704162441,2.6320519398807075e-09,0.0014041591461476227,9.805874310262393e-08,2.9238684013396224e-07
Random2312
Raw:1.0104241096783009e-05,2.122547334954224e-06,1.9873220007881028e-05,0.49928167041623345,6.935296550282327e-09,0.49928167041624766,2.6320519398807638e-09,0.0014041591461476327,9.805874310262601e-08,2.9238684013396436e-07
EFT:1.0104241096782794e-05,2.122547334954209e-06,1.987322000788117e-05,0.499281670416237,6.935296550282277e-09,0.4992816704162441,2.6320519398807075e-09,0.0014041591461476227,9.805874310262393e-08,2.9238684013396224e-07
Random2313
Raw:1.0104241096782794e-05,2.122547334954209e-06,1.987322000788117e-05,0.499281670416237,6.935296550282277e-09,0.4992816704162441,2.632051939880745e-09,0.0014041591461476227,9.805874310262254e-08,2.9238684013396224e-07
EFT:1.0104241096782794e-05,2.122547334954209e-06,1.987322000788117e-05,0.499281670416237,6.935296550282277e-09,0.4992816704162441,2.6320519398807075e-09,0.0014041591461476227,9.805874310262393e-08,2.9238684013396224e-07
Random2314
Raw:1.0104241096782938e-05,2.122547334954209e-06,1.987322000788117e-05,0.499281670416237,6.9352965502823754e-09,0.4992816704162441,2.632051939880745e-09,0.0014041591461476227,9.805874310262393e-08,2.9238684013396637e-07
EFT:1.0104241096782794e-05,2.122547334954209e-06,1.987322000788117e-05,0.499281670416237,6.935296550282277e-09,0.4992816704162441,2.6320519398807075e-09,0.0014041591461476227,9.805874310262393e-08,2.9238684013396224e-07
Random2315
Raw:1.0104241096782938e-05,2.122547334954209e-06,1.987322000788117e-05,0.499281670416237,6.935296550282277e-09,0.4992816704162441,2.632051939880745e-09,0.0014041591461476227,9.805874310262532e-08,2.9238684013396224e-07
EFT:1.0104241096782794e-05,2.122547334954209e-06,1.987322000788117e-05,0.499281670416237,6.935296550282277e-09,0.4992816704162441,2.6320519398807075e-09,0.0014041591461476227,9.805874310262393e-08,2.9238684013396224e-07
Random2316
Raw:1.0104241096782794e-05,2.122547334954209e-06,1.987322000788117e-05,0.4992816704162441,6.935296550282277e-09,0.499281670416237,2.63205193988067e-09,0.0014041591461476227,9.805874310262393e-08,2.9238684013396224e-07
EFT:1.0104241096782794e-05,2.122547334954209e-06,1.987322000788117e-05,0.499281670416237,6.935296550282277e-09,0.4992816704162441,2.6320519398807075e-09,0.0014041591461476227,9.805874310262393e-08,2.9238684013396224e-07
Random2317
Raw:1.0104241096783009e-05,2.122547334954194e-06,1.9873220007881028e-05,0.49928167041623345,6.935296550282327e-09,0.49928167041624766,2.6320519398807638e-09,0.0014041591461476327,9.805874310262462e-08,2.9238684013396436e-07
EFT:1.0104241096782794e-05,2.122547334954209e-06,1.987322000788117e-05,0.499281670416237,6.935296550282277e-09,0.4992816704162441,2.6320519398807075e-09,0.0014041591461476227,9.805874310262393e-08,2.9238684013396224e-07
Random2318
Raw:1.0104241096782938e-05,2.122547334954239e-06,1.987322000788145e-05,0.499281670416237,6.9352965502823754e-09,0.4992816704162441,2.632051939880745e-09,0.0014041591461476227,9.805874310262672e-08,2.9238684013396637e-07
EFT:1.0104241096782794e-05,2.122547334954209e-06,1.987322000788117e-05,0.499281670416237,6.935296550282277e-09,0.4992816704162441,2.6320519398807075e-09,0.0014041591461476227,9.805874310262393e-08,2.9238684013396224e-07
Random2319
Raw:1.0104241096782938e-05,2.122547334954209e-06,1.987322000788117e-05,0.499281670416237,6.935296550282277e-09,0.4992816704162441,2.632051939880745e-09,0.0014041591461476227,9.805874310262532e-08,2.9238684013396224e-07
EFT:1.0104241096782794e-05,2.122547334954209e-06,1.987322000788117e-05,0.499281670416237,6.935296550282277e-09,0.4992816704162441,2.6320519398807075e-09,0.0014041591461476227,9.805874310262393e-08,2.9238684013396224e-07
Random2320
Raw:1.0104241096782794e-05,2.1225473349541788e-06,1.9873220007880885e-05,0.499281670416237,6.9352965502821786e-09,0.4992816704162441,2.63205193988067e-09,0.0014041591461476227,9.805874310262254e-08,2.923868401339581e-07
EFT:1.0104241096782794e-05,2.122547334954209e-06,1.987322000788117e-05,0.499281670416237,6.935296550282277e-09,0.4992816704162441,2.6320519398807075e-09,0.0014041591461476227,9.805874310262393e-08,2.9238684013396224e-07
Random2321
Raw:1.0104241096782867e-05,2.122547334954194e-06,1.9873220007881028e-05,0.49928167041624055,6.935296550282326e-09,0.49928167041624055,2.6320519398807265e-09,0.0014041591461476128,9.805874310262323e-08,2.923868401339643e-07
EFT:1.0104241096782794e-05,2.122547334954209e-06,1.987322000788117e-05,0.499281670416237,6.935296550282277e-09,0.4992816704162441,2.6320519398807075e-09,0.0014041591461476227,9.805874310262393e-08,2.9238684013396224e-07
Random2322
Raw:1.0104241096782723e-05,2.122547334954194e-06,1.9873220007881028e-05,0.49928167041624055,6.935296550282228e-09,0.49928167041624055,2.632051939880689e-09,0.0014041591461476128,9.805874310262184e-08,2.923868401339602e-07
EFT:1.0104241096782794e-05,2.122547334954209e-06,1.987322000788117e-05,0.499281670416237,6.935296550282277e-09,0.4992816704162441,2.6320519398807075e-09,0.0014041591461476227,9.805874310262393e-08,2.9238684013396224e-07
Random2323
Raw:1.0104241096782938e-05,2.122547334954209e-06,1.987322000788117e-05,0.499281670416237,6.935296550282277e-09,0.4992816704162441,2.632051939880745e-09,0.0014041591461476227,9.805874310262532e-08,2.9238684013396224e-07
EFT:1.0104241096782794e-05,2.122547334954209e-06,1.987322000788117e-05,0.499281670416237,6.935296550282277e-09,0.4992816704162441,2.6320519398807075e-09,0.0014041591461476227,9.805874310262393e-08,2.9238684013396224e-07
Random2324
Raw:1.0104241096782794e-05,2.122547334954209e-06,1.987322000788117e-05,0.4992816704162441,6.935296550282277e-09,0.499281670416237,2.63205193988067e-09,0.0014041591461476227,9.805874310262254e-08,2.9238684013396224e-07
EFT:1.0104241096782794e-05,2.122547334954209e-06,1.987322000788117e-05,0.499281670416237,6.935296550282277e-09,0.4992816704162441,2.6320519398807075e-09,0.0014041591461476227,9.805874310262393e-08,2.9238684013396224e-07
Random2325
Raw:1.0104241096783009e-05,2.122547334954224e-06,1.987322000788131e-05,0.49928167041623345,6.935296550282327e-09,0.49928167041624766,2.6320519398807638e-09,0.0014041591461476327,9.805874310262462e-08,2.923868401339685e-07
EFT:1.0104241096782794e-05,2.122547334954209e-06,1.987322000788117e-05,0.499281670416237,6.935296550282277e-09,0.4992816704162441,2.6320519398807075e-09,0.0014041591461476227,9.805874310262393e-08,2.9238684013396224e-07
Random2326
Raw:1.0104241096782794e-05,2.122547334954209e-06,1.987322000788117e-05,0.499281670416237,6.935296550282277e-09,0.4992816704162441,2.632051939880745e-09,0.0014041591461476227,9.805874310262254e-08,2.9238684013396224e-07
EFT:1.0104241096782794e-05,2.122547334954209e-06,1.987322000788117e-05,0.499281670416237,6.935296550282277e-09,0.4992816704162441,2.6320519398807075e-09,0.0014041591461476227,9.805874310262393e-08,2.9238684013396224e-07
Random2327
Raw:1.0104241096782938e-05,2.122547334954239e-06,1.9873220007880885e-05,0.499281670416237,6.935296550282277e-09,0.4992816704162441,2.632051939880745e-09,0.0014041591461476227,9.805874310262532e-08,2.9238684013396224e-07
EFT:1.0104241096782794e-05,2.122547334954209e-06,1.987322000788117e-05,0.499281670416237,6.935296550282277e-09,0.4992816704162441,2.6320519398807075e-09,0.0014041591461476227,9.805874310262393e-08,2.9238684013396224e-07
Random2328
Raw:1.0104241096782867e-05,2.122547334954224e-06,1.987322000788131e-05,0.49928167041624055,6.935296550282326e-09,0.49928167041624055,2.6320519398807265e-09,0.0014041591461476327,9.805874310262462e-08,2.923868401339643e-07
EFT:1.0104241096782794e-05,2.122547334954209e-06,1.987322000788117e-05,0.499281670416237,6.935296550282277e-09,0.4992816704162441,2.6320519398807075e-09,0.0014041591461476227,9.805874310262393e-08,2.9238684013396224e-07
Random2329
Raw:1.0104241096782938e-05,2.122547334954209e-06,1.987322000788117e-05,0.499281670416237,6.9352965502823754e-09,0.4992816704162441,2.632051939880745e-09,0.0014041591461476227,9.805874310262393e-08,2.9238684013396637e-07
EFT:1.0104241096782794e-05,2.122547334954209e-06,1.987322000788117e-05,0.499281670416237,6.935296550282277e-09,0.4992816704162441,2.6320519398807075e-09,0.0014041591461476227,9.805874310262393e-08,2.9238684013396224e-07
Random2330
Raw:1.0104241096782938e-05,2.122547334954239e-06,1.987322000788145e-05,0.499281670416237,6.935296550282277e-09,0.4992816704162441,2.632051939880745e-09,0.0014041591461476427,9.805874310262393e-08,2.9238684013396637e-07
EFT:1.0104241096782794e-05,2.122547334954209e-06,1.987322000788117e-05,0.499281670416237,6.935296550282277e-09,0.4992816704162441,2.6320519398807075e-09,0.0014041591461476227,9.805874310262393e-08,2.9238684013396224e-07
Random2331
Raw:1.0104241096783009e-05,2.122547334954224e-06,1.987322000788131e-05,0.49928167041623345,6.935296550282327e-09,0.49928167041624766,2.6320519398807638e-09,0.0014041591461476327,9.805874310262601e-08,2.9238684013396436e-07
EFT:1.0104241096782794e-05,2.122547334954209e-06,1.987322000788117e-05,0.499281670416237,6.935296550282277e-09,0.4992816704162441,2.6320519398807075e-09,0.0014041591461476227,9.805874310262393e-08,2.9238684013396224e-07
Random2332
Raw:1.0104241096782938e-05,2.122547334954209e-06,1.987322000788117e-05,0.499281670416237,6.9352965502823754e-09,0.4992816704162441,2.632051939880745e-09,0.0014041591461476227,9.805874310262532e-08,2.9238684013396637e-07
EFT:1.0104241096782794e-05,2.122547334954209e-06,1.987322000788117e-05,0.499281670416237,6.935296550282277e-09,0.4992816704162441,2.6320519398807075e-09,0.0014041591461476227,9.805874310262393e-08,2.9238684013396224e-07
Random2333
Raw:1.0104241096782867e-05,2.122547334954224e-06,1.9873220007881028e-05,0.49928167041624055,6.935296550282326e-09,0.49928167041624055,2.6320519398807265e-09,0.0014041591461476327,9.805874310262602e-08,2.923868401339643e-07
EFT:1.0104241096782794e-05,2.122547334954209e-06,1.987322000788117e-05,0.499281670416237,6.935296550282277e-09,0.4992816704162441,2.6320519398807075e-09,0.0014041591461476227,9.805874310262393e-08,2.9238684013396224e-07
Random2334
Raw:1.0104241096782938e-05,2.122547334954239e-06,1.987322000788145e-05,0.499281670416237,6.935296550282277e-09,0.4992816704162441,2.632051939880745e-09,0.0014041591461476427,9.805874310262393e-08,2.9238684013396637e-07
EFT:1.0104241096782794e-05,2.122547334954209e-06,1.987322000788117e-05,0.499281670416237,6.935296550282277e-09,0.4992816704162441,2.6320519398807075e-09,0.0014041591461476227,9.805874310262393e-08,2.9238684013396224e-07
Random2335
Raw:1.0104241096782938e-05,2.122547334954209e-06,1.987322000788117e-05,0.499281670416237,6.9352965502823754e-09,0.4992816704162441,2.6320519398807824e-09,0.0014041591461476227,9.805874310262532e-08,2.9238684013396637e-07
EFT:1.0104241096782794e-05,2.122547334954209e-06,1.987322000788117e-05,0.499281670416237,6.935296550282277e-09,0.4992816704162441,2.6320519398807075e-09,0.0014041591461476227,9.805874310262393e-08,2.9238684013396224e-07
Random2336
Raw:1.0104241096782938e-05,2.122547334954239e-06,1.987322000788117e-05,0.499281670416237,6.935296550282277e-09,0.4992816704162441,2.632051939880745e-09,0.0014041591461476227,9.805874310262532e-08,2.9238684013396224e-07
EFT:1.0104241096782794e-05,2.122547334954209e-06,1.987322000788117e-05,0.499281670416237,6.935296550282277e-09,0.4992816704162441,2.6320519398807075e-09,0.0014041591461476227,9.805874310262393e-08,2.9238684013396224e-07
Random2337
Raw:1.0104241096783009e-05,2.122547334954194e-06,1.9873220007881028e-05,0.49928167041623345,6.935296550282327e-09,0.49928167041624766,2.6320519398807638e-09,0.0014041591461476327,9.805874310262462e-08,2.9238684013396436e-07
EFT:1.0104241096782794e-05,2.122547334954209e-06,1.987322000788117e-05,0.499281670416237,6.935296550282277e-09,0.4992816704162441,2.6320519398807075e-09,0.0014041591461476227,9.805874310262393e-08,2.9238684013396224e-07
Random2338
Raw:1.0104241096782794e-05,2.122547334954209e-06,1.987322000788117e-05,0.499281670416237,6.9352965502821786e-09,0.4992816704162441,2.6320519398807075e-09,0.0014041591461476026,9.805874310262393e-08,2.9238684013396224e-07
EFT:1.0104241096782794e-05,2.122547334954209e-06,1.987322000788117e-05,0.499281670416237,6.935296550282277e-09,0.4992816704162441,2.6320519398807075e-09,0.0014041591461476227,9.805874310262393e-08,2.9238684013396224e-07
Random2339
Raw:1.0104241096782867e-05,2.122547334954224e-06,1.987322000788131e-05,0.49928167041624055,6.935296550282326e-09,0.49928167041624055,2.6320519398807265e-09,0.0014041591461476327,9.805874310262462e-08,2.923868401339643e-07
EFT:1.0104241096782794e-05,2.122547334954209e-06,1.987322000788117e-05,0.499281670416237,6.935296550282277e-09,0.4992816704162441,2.6320519398807075e-09,0.0014041591461476227,9.805874310262393e-08,2.9238684013396224e-07
Random2340
Raw:1.0104241096782938e-05,2.1225473349541788e-06,1.9873220007880885e-05,0.499281670416237,6.935296550282277e-09,0.4992816704162441,2.632051939880745e-09,0.0014041591461476026,9.805874310262532e-08,2.9238684013396224e-07
EFT:1.0104241096782794e-05,2.122547334954209e-06,1.987322000788117e-05,0.499281670416237,6.935296550282277e-09,0.4992816704162441,2.6320519398807075e-09,0.0014041591461476227,9.805874310262393e-08,2.9238684013396224e-07
Random2341
Raw:1.0104241096782867e-05,2.122547334954224e-06,1.9873220007881028e-05,0.49928167041624055,6.935296550282326e-09,0.49928167041624055,2.6320519398807265e-09,0.0014041591461476128,9.805874310262462e-08,2.923868401339643e-07
EFT:1.0104241096782794e-05,2.122547334954209e-06,1.987322000788117e-05,0.499281670416237,6.935296550282277e-09,0.4992816704162441,2.6320519398807075e-09,0.0014041591461476227,9.805874310262393e-08,2.9238684013396224e-07
Random2342
Raw:1.0104241096782867e-05,2.122547334954224e-06,1.987322000788131e-05,0.49928167041624055,6.935296550282326e-09,0.49928167041624055,2.6320519398807265e-09,0.0014041591461476327,9.805874310262462e-08,2.923868401339643e-07
EFT:1.0104241096782794e-05,2.122547334954209e-06,1.987322000788117e-05,0.499281670416237,6.935296550282277e-09,0.4992816704162441,2.6320519398807075e-09,0.0014041591461476227,9.805874310262393e-08,2.9238684013396224e-07
Random2343
Raw:1.0104241096782938e-05,2.122547334954209e-06,1.9873220007880885e-05,0.499281670416237,6.935296550282277e-09,0.4992816704162441,2.632051939880745e-09,0.0014041591461476227,9.805874310262532e-08,2.9238684013396224e-07
EFT:1.0104241096782794e-05,2.122547334954209e-06,1.987322000788117e-05,0.499281670416237,6.935296550282277e-09,0.4992816704162441,2.6320519398807075e-09,0.0014041591461476227,9.805874310262393e-08,2.9238684013396224e-07
Random2344
Raw:1.0104241096783009e-05,2.122547334954224e-06,1.9873220007881028e-05,0.49928167041623345,6.935296550282327e-09,0.49928167041624766,2.6320519398807638e-09,0.0014041591461476327,9.805874310262601e-08,2.9238684013396436e-07
EFT:1.0104241096782794e-05,2.122547334954209e-06,1.987322000788117e-05,0.499281670416237,6.935296550282277e-09,0.4992816704162441,2.6320519398807075e-09,0.0014041591461476227,9.805874310262393e-08,2.9238684013396224e-07
Random2345
Raw:1.0104241096782865e-05,2.122547334954194e-06,1.9873220007881028e-05,0.49928167041623345,6.935296550282327e-09,0.49928167041624766,2.6320519398807638e-09,0.0014041591461476126,9.805874310262324e-08,2.9238684013396436e-07
EFT:1.0104241096782794e-05,2.122547334954209e-06,1.987322000788117e-05,0.499281670416237,6.935296550282277e-09,0.4992816704162441,2.6320519398807075e-09,0.0014041591461476227,9.805874310262393e-08,2.9238684013396224e-07
Random2346
Raw:1.0104241096782938e-05,2.122547334954209e-06,1.987322000788117e-05,0.499281670416237,6.935296550282277e-09,0.4992816704162441,2.632051939880745e-09,0.0014041591461476227,9.805874310262532e-08,2.9238684013396224e-07
EFT:1.0104241096782794e-05,2.122547334954209e-06,1.987322000788117e-05,0.499281670416237,6.935296550282277e-09,0.4992816704162441,2.6320519398807075e-09,0.0014041591461476227,9.805874310262393e-08,2.9238684013396224e-07
Random2347
Raw:1.0104241096782794e-05,2.122547334954209e-06,1.987322000788117e-05,0.4992816704162441,6.935296550282277e-09,0.499281670416237,2.6320519398807075e-09,0.0014041591461476227,9.805874310262393e-08,2.9238684013396224e-07
EFT:1.0104241096782794e-05,2.122547334954209e-06,1.987322000788117e-05,0.499281670416237,6.935296550282277e-09,0.4992816704162441,2.6320519398807075e-09,0.0014041591461476227,9.805874310262393e-08,2.9238684013396224e-07
Random2348
Raw:1.0104241096783009e-05,2.122547334954194e-06,1.9873220007881028e-05,0.49928167041623345,6.935296550282327e-09,0.49928167041624766,2.6320519398807638e-09,0.0014041591461476126,9.805874310262601e-08,2.9238684013396436e-07
EFT:1.0104241096782794e-05,2.122547334954209e-06,1.987322000788117e-05,0.499281670416237,6.935296550282277e-09,0.4992816704162441,2.6320519398807075e-09,0.0014041591461476227,9.805874310262393e-08,2.9238684013396224e-07
Random2349
Raw:1.0104241096782938e-05,2.122547334954209e-06,1.9873220007880885e-05,0.499281670416237,6.935296550282277e-09,0.4992816704162441,2.632051939880745e-09,0.0014041591461476227,9.805874310262532e-08,2.9238684013396224e-07
EFT:1.0104241096782794e-05,2.122547334954209e-06,1.987322000788117e-05,0.499281670416237,6.935296550282277e-09,0.4992816704162441,2.6320519398807075e-09,0.0014041591461476227,9.805874310262393e-08,2.9238684013396224e-07
Random2350
Raw:1.0104241096782794e-05,2.122547334954209e-06,1.987322000788117e-05,0.4992816704162441,6.935296550282277e-09,0.499281670416237,2.63205193988067e-09,0.0014041591461476227,9.805874310262393e-08,2.9238684013396224e-07
EFT:1.0104241096782794e-05,2.122547334954209e-06,1.987322000788117e-05,0.499281670416237,6.935296550282277e-09,0.4992816704162441,2.6320519398807075e-09,0.0014041591461476227,9.805874310262393e-08,2.9238684013396224e-07
Random2351
Raw:1.0104241096782938e-05,2.122547334954209e-06,1.987322000788117e-05,0.499281670416237,6.9352965502823754e-09,0.4992816704162441,2.632051939880745e-09,0.0014041591461476227,9.805874310262393e-08,2.9238684013396637e-07
EFT:1.0104241096782794e-05,2.122547334954209e-06,1.987322000788117e-05,0.499281670416237,6.935296550282277e-09,0.4992816704162441,2.6320519398807075e-09,0.0014041591461476227,9.805874310262393e-08,2.9238684013396224e-07
Random2352
Raw:1.0104241096782938e-05,2.122547334954209e-06,1.987322000788117e-05,0.499281670416237,6.935296550282277e-09,0.4992816704162441,2.632051939880745e-09,0.0014041591461476427,9.805874310262393e-08,2.9238684013396224e-07
EFT:1.0104241096782794e-05,2.122547334954209e-06,1.987322000788117e-05,0.499281670416237,6.935296550282277e-09,0.4992816704162441,2.6320519398807075e-09,0.0014041591461476227,9.805874310262393e-08,2.9238684013396224e-07
Random2353
Raw:1.0104241096782938e-05,2.122547334954209e-06,1.987322000788117e-05,0.499281670416237,6.935296550282277e-09,0.4992816704162441,2.632051939880745e-09,0.0014041591461476227,9.805874310262532e-08,2.9238684013396224e-07
EFT:1.0104241096782794e-05,2.122547334954209e-06,1.987322000788117e-05,0.499281670416237,6.935296550282277e-09,0.4992816704162441,2.6320519398807075e-09,0.0014041591461476227,9.805874310262393e-08,2.9238684013396224e-07
Random2354
Raw:1.0104241096783009e-05,2.122547334954224e-06,1.987322000788131e-05,0.49928167041623345,6.935296550282327e-09,0.49928167041624766,2.6320519398807638e-09,0.0014041591461476327,9.805874310262462e-08,2.923868401339685e-07
EFT:1.0104241096782794e-05,2.122547334954209e-06,1.987322000788117e-05,0.499281670416237,6.935296550282277e-09,0.4992816704162441,2.6320519398807075e-09,0.0014041591461476227,9.805874310262393e-08,2.9238684013396224e-07
Random2355
Raw:1.0104241096782867e-05,2.122547334954224e-06,1.987322000788131e-05,0.49928167041624055,6.935296550282326e-09,0.49928167041624055,2.6320519398807265e-09,0.0014041591461476327,9.805874310262323e-08,2.923868401339643e-07
EFT:1.0104241096782794e-05,2.122547334954209e-06,1.987322000788117e-05,0.499281670416237,6.935296550282277e-09,0.4992816704162441,2.6320519398807075e-09,0.0014041591461476227,9.805874310262393e-08,2.9238684013396224e-07
Random2356
Raw:1.0104241096782938e-05,2.122547334954239e-06,1.987322000788117e-05,0.499281670416237,6.935296550282277e-09,0.4992816704162441,2.632051939880745e-09,0.0014041591461476227,9.805874310262532e-08,2.9238684013396224e-07
EFT:1.0104241096782794e-05,2.122547334954209e-06,1.987322000788117e-05,0.499281670416237,6.935296550282277e-09,0.4992816704162441,2.6320519398807075e-09,0.0014041591461476227,9.805874310262393e-08,2.9238684013396224e-07
Random2357
Raw:1.0104241096783009e-05,2.122547334954224e-06,1.9873220007881028e-05,0.49928167041623345,6.935296550282327e-09,0.49928167041624766,2.6320519398807638e-09,0.0014041591461476327,9.805874310262601e-08,2.9238684013396436e-07
EFT:1.0104241096782794e-05,2.122547334954209e-06,1.987322000788117e-05,0.499281670416237,6.935296550282277e-09,0.4992816704162441,2.6320519398807075e-09,0.0014041591461476227,9.805874310262393e-08,2.9238684013396224e-07
Random2358
Raw:1.0104241096782867e-05,2.122547334954224e-06,1.987322000788131e-05,0.49928167041624055,6.935296550282326e-09,0.49928167041624055,2.6320519398807265e-09,0.0014041591461476327,9.805874310262462e-08,2.923868401339643e-07
EFT:1.0104241096782794e-05,2.122547334954209e-06,1.987322000788117e-05,0.499281670416237,6.935296550282277e-09,0.4992816704162441,2.6320519398807075e-09,0.0014041591461476227,9.805874310262393e-08,2.9238684013396224e-07
Random2359
Raw:1.0104241096782938e-05,2.122547334954209e-06,1.9873220007880885e-05,0.499281670416237,6.9352965502823754e-09,0.4992816704162441,2.6320519398807824e-09,0.0014041591461476227,9.805874310262532e-08,2.9238684013396637e-07
EFT:1.0104241096782794e-05,2.122547334954209e-06,1.987322000788117e-05,0.499281670416237,6.935296550282277e-09,0.4992816704162441,2.6320519398807075e-09,0.0014041591461476227,9.805874310262393e-08,2.9238684013396224e-07
Random2360
Raw:1.0104241096782723e-05,2.122547334954194e-06,1.9873220007881028e-05,0.49928167041624055,6.935296550282228e-09,0.49928167041624055,2.6320519398806513e-09,0.0014041591461476128,9.805874310262323e-08,2.923868401339602e-07
EFT:1.0104241096782794e-05,2.122547334954209e-06,1.987322000788117e-05,0.499281670416237,6.935296550282277e-09,0.4992816704162441,2.6320519398807075e-09,0.0014041591461476227,9.805874310262393e-08,2.9238684013396224e-07
Random2361
Raw:1.0104241096782938e-05,2.122547334954209e-06,1.987322000788117e-05,0.499281670416237,6.935296550282277e-09,0.4992816704162441,2.632051939880745e-09,0.0014041591461476227,9.805874310262532e-08,2.9238684013396224e-07
EFT:1.0104241096782794e-05,2.122547334954209e-06,1.987322000788117e-05,0.499281670416237,6.935296550282277e-09,0.4992816704162441,2.6320519398807075e-09,0.0014041591461476227,9.805874310262393e-08,2.9238684013396224e-07
Random2362
Raw:1.0104241096782867e-05,2.1225473349542546e-06,1.987322000788131e-05,0.49928167041624055,6.935296550282326e-09,0.49928167041624055,2.6320519398807638e-09,0.0014041591461476128,9.805874310262462e-08,2.923868401339643e-07
EFT:1.0104241096782794e-05,2.122547334954209e-06,1.987322000788117e-05,0.499281670416237,6.935296550282277e-09,0.4992816704162441,2.6320519398807075e-09,0.0014041591461476227,9.805874310262393e-08,2.9238684013396224e-07
Random2363
Raw:1.0104241096783009e-05,2.122547334954194e-06,1.9873220007881028e-05,0.49928167041623345,6.935296550282327e-09,0.49928167041624766,2.6320519398807638e-09,0.0014041591461476126,9.805874310262601e-08,2.9238684013396436e-07
EFT:1.0104241096782794e-05,2.122547334954209e-06,1.987322000788117e-05,0.499281670416237,6.935296550282277e-09,0.4992816704162441,2.6320519398807075e-09,0.0014041591461476227,9.805874310262393e-08,2.9238684013396224e-07
Random2364
Raw:1.0104241096782867e-05,2.122547334954224e-06,1.9873220007881028e-05,0.49928167041624055,6.935296550282326e-09,0.49928167041624055,2.6320519398807265e-09,0.0014041591461476128,9.805874310262462e-08,2.923868401339643e-07
EFT:1.0104241096782794e-05,2.122547334954209e-06,1.987322000788117e-05,0.499281670416237,6.935296550282277e-09,0.4992816704162441,2.6320519398807075e-09,0.0014041591461476227,9.805874310262393e-08,2.9238684013396224e-07
Random2365
Raw:1.0104241096782723e-05,2.122547334954194e-06,1.9873220007881028e-05,0.49928167041624055,6.93529655028213e-09,0.49928167041624055,2.6320519398806513e-09,0.0014041591461476128,9.805874310262323e-08,2.923868401339602e-07
EFT:1.0104241096782794e-05,2.122547334954209e-06,1.987322000788117e-05,0.499281670416237,6.935296550282277e-09,0.4992816704162441,2.6320519398807075e-09,0.0014041591461476227,9.805874310262393e-08,2.9238684013396224e-07
Random2366
Raw:1.0104241096782867e-05,2.122547334954224e-06,1.987322000788131e-05,0.49928167041624055,6.935296550282326e-09,0.49928167041624055,2.6320519398807265e-09,0.0014041591461476327,9.805874310262462e-08,2.923868401339643e-07
EFT:1.0104241096782794e-05,2.122547334954209e-06,1.987322000788117e-05,0.499281670416237,6.935296550282277e-09,0.4992816704162441,2.6320519398807075e-09,0.0014041591461476227,9.805874310262393e-08,2.9238684013396224e-07
Random2367
Raw:1.0104241096782794e-05,2.122547334954209e-06,1.987322000788117e-05,0.499281670416237,6.935296550282277e-09,0.4992816704162441,2.632051939880745e-09,0.0014041591461476227,9.805874310262254e-08,2.9238684013396224e-07
EFT:1.0104241096782794e-05,2.122547334954209e-06,1.987322000788117e-05,0.499281670416237,6.935296550282277e-09,0.4992816704162441,2.6320519398807075e-09,0.0014041591461476227,9.805874310262393e-08,2.9238684013396224e-07
Random2368
Raw:1.0104241096782938e-05,2.122547334954209e-06,1.987322000788117e-05,0.499281670416237,6.9352965502823754e-09,0.4992816704162441,2.632051939880745e-09,0.0014041591461476227,9.805874310262393e-08,2.9238684013396637e-07
EFT:1.0104241096782794e-05,2.122547334954209e-06,1.987322000788117e-05,0.499281670416237,6.935296550282277e-09,0.4992816704162441,2.6320519398807075e-09,0.0014041591461476227,9.805874310262393e-08,2.9238684013396224e-07
Random2369
Raw:1.0104241096782938e-05,2.1225473349541788e-06,1.9873220007880885e-05,0.499281670416237,6.935296550282277e-09,0.4992816704162441,2.632051939880745e-09,0.0014041591461476026,9.805874310262532e-08,2.9238684013396224e-07
EFT:1.0104241096782794e-05,2.122547334954209e-06,1.987322000788117e-05,0.499281670416237,6.935296550282277e-09,0.4992816704162441,2.6320519398807075e-09,0.0014041591461476227,9.805874310262393e-08,2.9238684013396224e-07
Random2370
Raw:1.0104241096782867e-05,2.122547334954224e-06,1.987322000788131e-05,0.49928167041624055,6.935296550282326e-09,0.49928167041624055,2.6320519398807265e-09,0.0014041591461476327,9.805874310262462e-08,2.923868401339643e-07
EFT:1.0104241096782794e-05,2.122547334954209e-06,1.987322000788117e-05,0.499281670416237,6.935296550282277e-09,0.4992816704162441,2.6320519398807075e-09,0.0014041591461476227,9.805874310262393e-08,2.9238684013396224e-07
Random2371
Raw:1.0104241096782938e-05,2.122547334954209e-06,1.987322000788117e-05,0.499281670416237,6.935296550282277e-09,0.4992816704162441,2.632051939880745e-09,0.0014041591461476227,9.805874310262393e-08,2.9238684013396637e-07
EFT:1.0104241096782794e-05,2.122547334954209e-06,1.987322000788117e-05,0.499281670416237,6.935296550282277e-09,0.4992816704162441,2.6320519398807075e-09,0.0014041591461476227,9.805874310262393e-08,2.9238684013396224e-07
Random2372
Raw:1.0104241096782867e-05,2.122547334954224e-06,1.9873220007881028e-05,0.49928167041624055,6.935296550282326e-09,0.49928167041624055,2.6320519398807265e-09,0.0014041591461476327,9.805874310262602e-08,2.923868401339643e-07
EFT:1.0104241096782794e-05,2.122547334954209e-06,1.987322000788117e-05,0.499281670416237,6.935296550282277e-09,0.4992816704162441,2.6320519398807075e-09,0.0014041591461476227,9.805874310262393e-08,2.9238684013396224e-07
Random2373
Raw:1.0104241096782867e-05,2.122547334954194e-06,1.9873220007881028e-05,0.49928167041624055,6.935296550282228e-09,0.49928167041624055,2.632051939880689e-09,0.0014041591461476128,9.805874310262462e-08,2.923868401339602e-07
EFT:1.0104241096782794e-05,2.122547334954209e-06,1.987322000788117e-05,0.499281670416237,6.935296550282277e-09,0.4992816704162441,2.6320519398807075e-09,0.0014041591461476227,9.805874310262393e-08,2.9238684013396224e-07
Random2374
Raw:1.0104241096782794e-05,2.122547334954209e-06,1.987322000788117e-05,0.499281670416237,6.9352965502821786e-09,0.4992816704162441,2.6320519398807075e-09,0.0014041591461476227,9.805874310262393e-08,2.9238684013396224e-07
EFT:1.0104241096782794e-05,2.122547334954209e-06,1.987322000788117e-05,0.499281670416237,6.935296550282277e-09,0.4992816704162441,2.6320519398807075e-09,0.0014041591461476227,9.805874310262393e-08,2.9238684013396224e-07
Random2375
Raw:1.0104241096782867e-05,2.122547334954194e-06,1.9873220007881028e-05,0.49928167041624055,6.935296550282326e-09,0.49928167041624055,2.6320519398807265e-09,0.0014041591461476128,9.805874310262602e-08,2.923868401339643e-07
EFT:1.0104241096782794e-05,2.122547334954209e-06,1.987322000788117e-05,0.499281670416237,6.935296550282277e-09,0.4992816704162441,2.6320519398807075e-09,0.0014041591461476227,9.805874310262393e-08,2.9238684013396224e-07
Random2376
Raw:1.0104241096782723e-05,2.122547334954194e-06,1.9873220007881028e-05,0.49928167041624055,6.935296550282228e-09,0.49928167041624055,2.6320519398806513e-09,0.0014041591461476128,9.805874310262323e-08,2.923868401339602e-07
EFT:1.0104241096782794e-05,2.122547334954209e-06,1.987322000788117e-05,0.499281670416237,6.935296550282277e-09,0.4992816704162441,2.6320519398807075e-09,0.0014041591461476227,9.805874310262393e-08,2.9238684013396224e-07
Random2377
Raw:1.0104241096783009e-05,2.122547334954194e-06,1.9873220007881028e-05,0.49928167041623345,6.935296550282327e-09,0.49928167041624766,2.6320519398807638e-09,0.0014041591461476327,9.805874310262462e-08,2.9238684013396436e-07
EFT:1.0104241096782794e-05,2.122547334954209e-06,1.987322000788117e-05,0.499281670416237,6.935296550282277e-09,0.4992816704162441,2.6320519398807075e-09,0.0014041591461476227,9.805874310262393e-08,2.9238684013396224e-07
Random2378
Raw:1.0104241096782938e-05,2.122547334954239e-06,1.987322000788145e-05,0.499281670416237,6.935296550282277e-09,0.4992816704162441,2.632051939880745e-09,0.0014041591461476227,9.805874310262532e-08,2.9238684013396224e-07
EFT:1.0104241096782794e-05,2.122547334954209e-06,1.987322000788117e-05,0.499281670416237,6.935296550282277e-09,0.4992816704162441,2.6320519398807075e-09,0.0014041591461476227,9.805874310262393e-08,2.9238684013396224e-07
Random2379
Raw:1.0104241096782938e-05,2.122547334954209e-06,1.9873220007880885e-05,0.499281670416237,6.935296550282277e-09,0.4992816704162441,2.632051939880745e-09,0.0014041591461476227,9.805874310262393e-08,2.9238684013396224e-07
EFT:1.0104241096782794e-05,2.122547334954209e-06,1.987322000788117e-05,0.499281670416237,6.935296550282277e-09,0.4992816704162441,2.6320519398807075e-09,0.0014041591461476227,9.805874310262393e-08,2.9238684013396224e-07
Random2380
Raw:1.0104241096782938e-05,2.122547334954209e-06,1.987322000788117e-05,0.499281670416237,6.9352965502823754e-09,0.4992816704162441,2.6320519398807824e-09,0.0014041591461476227,9.805874310262532e-08,2.9238684013396637e-07
EFT:1.0104241096782794e-05,2.122547334954209e-06,1.987322000788117e-05,0.499281670416237,6.935296550282277e-09,0.4992816704162441,2.6320519398807075e-09,0.0014041591461476227,9.805874310262393e-08,2.9238684013396224e-07
Random2381
Raw:1.0104241096783082e-05,2.122547334954239e-06,1.987322000788145e-05,0.499281670416237,6.935296550282475e-09,0.4992816704162441,2.6320519398807824e-09,0.0014041591461476427,9.805874310262532e-08,2.9238684013396637e-07
EFT:1.0104241096782794e-05,2.122547334954209e-06,1.987322000788117e-05,0.499281670416237,6.935296550282277e-09,0.4992816704162441,2.6320519398807075e-09,0.0014041591461476227,9.805874310262393e-08,2.9238684013396224e-07
Random2382
Raw:1.0104241096782938e-05,2.122547334954209e-06,1.987322000788117e-05,0.499281670416237,6.935296550282277e-09,0.4992816704162441,2.632051939880745e-09,0.0014041591461476227,9.805874310262532e-08,2.9238684013396224e-07
EFT:1.0104241096782794e-05,2.122547334954209e-06,1.987322000788117e-05,0.499281670416237,6.935296550282277e-09,0.4992816704162441,2.6320519398807075e-09,0.0014041591461476227,9.805874310262393e-08,2.9238684013396224e-07
Random2383
Raw:1.0104241096782867e-05,2.1225473349542546e-06,1.987322000788131e-05,0.49928167041624055,6.935296550282326e-09,0.49928167041624055,2.6320519398807638e-09,0.0014041591461476327,9.805874310262462e-08,2.923868401339643e-07
EFT:1.0104241096782794e-05,2.122547334954209e-06,1.987322000788117e-05,0.499281670416237,6.935296550282277e-09,0.4992816704162441,2.6320519398807075e-09,0.0014041591461476227,9.805874310262393e-08,2.9238684013396224e-07
Random2384
Raw:1.0104241096782723e-05,2.122547334954194e-06,1.9873220007881028e-05,0.49928167041624055,6.935296550282228e-09,0.49928167041624055,2.6320519398806513e-09,0.0014041591461476128,9.805874310262323e-08,2.923868401339602e-07
EFT:1.0104241096782794e-05,2.122547334954209e-06,1.987322000788117e-05,0.499281670416237,6.935296550282277e-09,0.4992816704162441,2.6320519398807075e-09,0.0014041591461476227,9.805874310262393e-08,2.9238684013396224e-07
Random2385
Raw:1.0104241096782794e-05,2.122547334954209e-06,1.987322000788117e-05,0.499281670416237,6.9352965502821786e-09,0.4992816704162441,2.6320519398807075e-09,0.0014041591461476227,9.805874310262393e-08,2.9238684013396224e-07
EFT:1.0104241096782794e-05,2.122547334954209e-06,1.987322000788117e-05,0.499281670416237,6.935296550282277e-09,0.4992816704162441,2.6320519398807075e-09,0.0014041591461476227,9.805874310262393e-08,2.9238684013396224e-07
Random2386
Raw:1.0104241096782794e-05,2.122547334954209e-06,1.987322000788117e-05,0.499281670416237,6.935296550282277e-09,0.4992816704162441,2.6320519398807075e-09,0.0014041591461476227,9.805874310262393e-08,2.9238684013396224e-07
EFT:1.0104241096782794e-05,2.122547334954209e-06,1.987322000788117e-05,0.499281670416237,6.935296550282277e-09,0.4992816704162441,2.6320519398807075e-09,0.0014041591461476227,9.805874310262393e-08,2.9238684013396224e-07
Random2387
Raw:1.0104241096782867e-05,2.122547334954194e-06,1.9873220007881028e-05,0.49928167041624055,6.935296550282228e-09,0.49928167041624055,2.632051939880689e-09,0.0014041591461476327,9.805874310262323e-08,2.923868401339602e-07
EFT:1.0104241096782794e-05,2.122547334954209e-06,1.987322000788117e-05,0.499281670416237,6.935296550282277e-09,0.4992816704162441,2.6320519398807075e-09,0.0014041591461476227,9.805874310262393e-08,2.9238684013396224e-07
Random2388
Raw:1.0104241096782938e-05,2.122547334954209e-06,1.987322000788117e-05,0.499281670416237,6.935296550282277e-09,0.4992816704162441,2.632051939880745e-09,0.0014041591461476427,9.805874310262393e-08,2.9238684013396224e-07
EFT:1.0104241096782794e-05,2.122547334954209e-06,1.987322000788117e-05,0.499281670416237,6.935296550282277e-09,0.4992816704162441,2.6320519398807075e-09,0.0014041591461476227,9.805874310262393e-08,2.9238684013396224e-07
Random2389
Raw:1.0104241096782938e-05,2.122547334954209e-06,1.987322000788117e-05,0.499281670416237,6.9352965502823754e-09,0.4992816704162441,2.6320519398807824e-09,0.0014041591461476227,9.805874310262532e-08,2.9238684013396637e-07
EFT:1.0104241096782794e-05,2.122547334954209e-06,1.987322000788117e-05,0.499281670416237,6.935296550282277e-09,0.4992816704162441,2.6320519398807075e-09,0.0014041591461476227,9.805874310262393e-08,2.9238684013396224e-07
Random2390
Raw:1.0104241096782938e-05,2.1225473349541788e-06,1.9873220007880885e-05,0.499281670416237,6.935296550282277e-09,0.4992816704162441,2.632051939880745e-09,0.0014041591461476026,9.805874310262532e-08,2.9238684013396224e-07
EFT:1.0104241096782794e-05,2.122547334954209e-06,1.987322000788117e-05,0.499281670416237,6.935296550282277e-09,0.4992816704162441,2.6320519398807075e-09,0.0014041591461476227,9.805874310262393e-08,2.9238684013396224e-07
Random2391
Raw:1.0104241096782938e-05,2.122547334954209e-06,1.987322000788117e-05,0.499281670416237,6.9352965502823754e-09,0.4992816704162441,2.632051939880745e-09,0.0014041591461476227,9.805874310262393e-08,2.9238684013396637e-07
EFT:1.0104241096782794e-05,2.122547334954209e-06,1.987322000788117e-05,0.499281670416237,6.935296550282277e-09,0.4992816704162441,2.6320519398807075e-09,0.0014041591461476227,9.805874310262393e-08,2.9238684013396224e-07
Random2392
Raw:1.0104241096782938e-05,2.122547334954209e-06,1.987322000788117e-05,0.499281670416237,6.935296550282277e-09,0.4992816704162441,2.632051939880745e-09,0.0014041591461476227,9.805874310262532e-08,2.9238684013396224e-07
EFT:1.0104241096782794e-05,2.122547334954209e-06,1.987322000788117e-05,0.499281670416237,6.935296550282277e-09,0.4992816704162441,2.6320519398807075e-09,0.0014041591461476227,9.805874310262393e-08,2.9238684013396224e-07
Random2393
Raw:1.0104241096782938e-05,2.122547334954239e-06,1.987322000788117e-05,0.499281670416237,6.935296550282277e-09,0.4992816704162441,2.632051939880745e-09,0.0014041591461476427,9.805874310262393e-08,2.9238684013396637e-07
EFT:1.0104241096782794e-05,2.122547334954209e-06,1.987322000788117e-05,0.499281670416237,6.935296550282277e-09,0.4992816704162441,2.6320519398807075e-09,0.0014041591461476227,9.805874310262393e-08,2.9238684013396224e-07
Random2394
Raw:1.0104241096782867e-05,2.122547334954224e-06,1.9873220007881028e-05,0.49928167041624055,6.935296550282326e-09,0.49928167041624055,2.6320519398807265e-09,0.0014041591461476327,9.805874310262323e-08,2.923868401339643e-07
EFT:1.0104241096782794e-05,2.122547334954209e-06,1.987322000788117e-05,0.499281670416237,6.935296550282277e-09,0.4992816704162441,2.6320519398807075e-09,0.0014041591461476227,9.805874310262393e-08,2.9238684013396224e-07
Random2395
Raw:1.0104241096782794e-05,2.122547334954209e-06,1.987322000788117e-05,0.499281670416237,6.9352965502821786e-09,0.4992816704162441,2.6320519398807075e-09,0.0014041591461476227,9.805874310262393e-08,2.9238684013396224e-07
EFT:1.0104241096782794e-05,2.122547334954209e-06,1.987322000788117e-05,0.499281670416237,6.935296550282277e-09,0.4992816704162441,2.6320519398807075e-09,0.0014041591461476227,9.805874310262393e-08,2.9238684013396224e-07
Random2396
Raw:1.0104241096782938e-05,2.122547334954209e-06,1.987322000788117e-05,0.499281670416237,6.9352965502823754e-09,0.4992816704162441,2.632051939880745e-09,0.0014041591461476227,9.805874310262393e-08,2.9238684013396637e-07
EFT:1.0104241096782794e-05,2.122547334954209e-06,1.987322000788117e-05,0.499281670416237,6.935296550282277e-09,0.4992816704162441,2.6320519398807075e-09,0.0014041591461476227,9.805874310262393e-08,2.9238684013396224e-07
Random2397
Raw:1.0104241096782867e-05,2.122547334954224e-06,1.987322000788131e-05,0.49928167041624055,6.935296550282326e-09,0.49928167041624055,2.6320519398807638e-09,0.0014041591461476327,9.805874310262462e-08,2.923868401339643e-07
EFT:1.0104241096782794e-05,2.122547334954209e-06,1.987322000788117e-05,0.499281670416237,6.935296550282277e-09,0.4992816704162441,2.6320519398807075e-09,0.0014041591461476227,9.805874310262393e-08,2.9238684013396224e-07
Random2398
Raw:1.0104241096782938e-05,2.122547334954209e-06,1.987322000788117e-05,0.499281670416237,6.935296550282277e-09,0.4992816704162441,2.632051939880745e-09,0.0014041591461476227,9.805874310262393e-08,2.9238684013396637e-07
EFT:1.0104241096782794e-05,2.122547334954209e-06,1.987322000788117e-05,0.499281670416237,6.935296550282277e-09,0.4992816704162441,2.6320519398807075e-09,0.0014041591461476227,9.805874310262393e-08,2.9238684013396224e-07
Random2399
Raw:1.0104241096782794e-05,2.122547334954209e-06,1.9873220007880885e-05,0.499281670416237,6.935296550282277e-09,0.4992816704162441,2.6320519398807075e-09,0.0014041591461476026,9.805874310262393e-08,2.9238684013396224e-07
EFT:1.0104241096782794e-05,2.122547334954209e-06,1.987322000788117e-05,0.499281670416237,6.935296550282277e-09,0.4992816704162441,2.6320519398807075e-09,0.0014041591461476227,9.805874310262393e-08,2.9238684013396224e-07
Random2400
Raw:1.0104241096782938e-05,2.122547334954209e-06,1.987322000788117e-05,0.499281670416237,6.935296550282277e-09,0.4992816704162441,2.632051939880745e-09,0.0014041591461476227,9.805874310262532e-08,2.9238684013396224e-07
EFT:1.0104241096782794e-05,2.122547334954209e-06,1.987322000788117e-05,0.499281670416237,6.935296550282277e-09,0.4992816704162441,2.6320519398807075e-09,0.0014041591461476227,9.805874310262393e-08,2.9238684013396224e-07
Random2401
Raw:1.0104241096782938e-05,2.122547334954239e-06,1.987322000788145e-05,0.499281670416237,6.935296550282277e-09,0.4992816704162441,2.632051939880745e-09,0.0014041591461476227,9.805874310262532e-08,2.9238684013396224e-07
EFT:1.0104241096782794e-05,2.122547334954209e-06,1.987322000788117e-05,0.499281670416237,6.935296550282277e-09,0.4992816704162441,2.6320519398807075e-09,0.0014041591461476227,9.805874310262393e-08,2.9238684013396224e-07
Random2402
Raw:1.0104241096782938e-05,2.122547334954209e-06,1.987322000788117e-05,0.499281670416237,6.9352965502823754e-09,0.4992816704162441,2.632051939880745e-09,0.0014041591461476227,9.805874310262532e-08,2.9238684013396637e-07
EFT:1.0104241096782794e-05,2.122547334954209e-06,1.987322000788117e-05,0.499281670416237,6.935296550282277e-09,0.4992816704162441,2.6320519398807075e-09,0.0014041591461476227,9.805874310262393e-08,2.9238684013396224e-07
Random2403
Raw:1.0104241096782794e-05,2.122547334954209e-06,1.987322000788117e-05,0.499281670416237,6.935296550282277e-09,0.4992816704162441,2.6320519398807075e-09,0.0014041591461476227,9.805874310262393e-08,2.9238684013396224e-07
EFT:1.0104241096782794e-05,2.122547334954209e-06,1.987322000788117e-05,0.499281670416237,6.935296550282277e-09,0.4992816704162441,2.6320519398807075e-09,0.0014041591461476227,9.805874310262393e-08,2.9238684013396224e-07
Random2404
Raw:1.0104241096782867e-05,2.122547334954224e-06,1.987322000788131e-05,0.49928167041624055,6.935296550282326e-09,0.49928167041624055,2.6320519398807265e-09,0.0014041591461476327,9.805874310262462e-08,2.923868401339643e-07
EFT:1.0104241096782794e-05,2.122547334954209e-06,1.987322000788117e-05,0.499281670416237,6.935296550282277e-09,0.4992816704162441,2.6320519398807075e-09,0.0014041591461476227,9.805874310262393e-08,2.9238684013396224e-07
Random2405
Raw:1.0104241096782794e-05,2.122547334954239e-06,1.987322000788117e-05,0.4992816704162441,6.935296550282277e-09,0.499281670416237,2.6320519398807075e-09,0.0014041591461476227,9.805874310262393e-08,2.9238684013396224e-07
EFT:1.0104241096782794e-05,2.122547334954209e-06,1.987322000788117e-05,0.499281670416237,6.935296550282277e-09,0.4992816704162441,2.6320519398807075e-09,0.0014041591461476227,9.805874310262393e-08,2.9238684013396224e-07
Random2406
Raw:1.0104241096783009e-05,2.122547334954224e-06,1.987322000788131e-05,0.49928167041623345,6.935296550282327e-09,0.49928167041624766,2.6320519398807638e-09,0.0014041591461476327,9.805874310262462e-08,2.923868401339685e-07
EFT:1.0104241096782794e-05,2.122547334954209e-06,1.987322000788117e-05,0.499281670416237,6.935296550282277e-09,0.4992816704162441,2.6320519398807075e-09,0.0014041591461476227,9.805874310262393e-08,2.9238684013396224e-07
Random2407
Raw:1.0104241096782938e-05,2.122547334954239e-06,1.987322000788145e-05,0.499281670416237,6.935296550282277e-09,0.4992816704162441,2.632051939880745e-09,0.0014041591461476427,9.805874310262532e-08,2.9238684013396224e-07
EFT:1.0104241096782794e-05,2.122547334954209e-06,1.987322000788117e-05,0.499281670416237,6.935296550282277e-09,0.4992816704162441,2.6320519398807075e-09,0.0014041591461476227,9.805874310262393e-08,2.9238684013396224e-07
Random2408
Raw:1.0104241096782938e-05,2.122547334954209e-06,1.987322000788117e-05,0.499281670416237,6.9352965502823754e-09,0.4992816704162441,2.6320519398807824e-09,0.0014041591461476227,9.805874310262532e-08,2.9238684013396637e-07
EFT:1.0104241096782794e-05,2.122547334954209e-06,1.987322000788117e-05,0.499281670416237,6.935296550282277e-09,0.4992816704162441,2.6320519398807075e-09,0.0014041591461476227,9.805874310262393e-08,2.9238684013396224e-07
Random2409
Raw:1.0104241096782938e-05,2.122547334954239e-06,1.9873220007880885e-05,0.499281670416237,6.935296550282277e-09,0.4992816704162441,2.632051939880745e-09,0.0014041591461476227,9.805874310262532e-08,2.9238684013396224e-07
EFT:1.0104241096782794e-05,2.122547334954209e-06,1.987322000788117e-05,0.499281670416237,6.935296550282277e-09,0.4992816704162441,2.6320519398807075e-09,0.0014041591461476227,9.805874310262393e-08,2.9238684013396224e-07
Random2410
Raw:1.0104241096782723e-05,2.122547334954194e-06,1.9873220007881028e-05,0.49928167041624055,6.93529655028213e-09,0.49928167041624055,2.6320519398806513e-09,0.0014041591461476128,9.805874310262323e-08,2.923868401339602e-07
EFT:1.0104241096782794e-05,2.122547334954209e-06,1.987322000788117e-05,0.499281670416237,6.935296550282277e-09,0.4992816704162441,2.6320519398807075e-09,0.0014041591461476227,9.805874310262393e-08,2.9238684013396224e-07
Random2411
Raw:1.0104241096782938e-05,2.122547334954239e-06,1.987322000788117e-05,0.499281670416237,6.935296550282277e-09,0.4992816704162441,2.632051939880745e-09,0.0014041591461476427,9.805874310262532e-08,2.9238684013396224e-07
EFT:1.0104241096782794e-05,2.122547334954209e-06,1.987322000788117e-05,0.499281670416237,6.935296550282277e-09,0.4992816704162441,2.6320519398807075e-09,0.0014041591461476227,9.805874310262393e-08,2.9238684013396224e-07
Random2412
Raw:1.0104241096782938e-05,2.122547334954239e-06,1.987322000788117e-05,0.499281670416237,6.935296550282277e-09,0.4992816704162441,2.632051939880745e-09,0.0014041591461476427,9.805874310262532e-08,2.9238684013396224e-07
EFT:1.0104241096782794e-05,2.122547334954209e-06,1.987322000788117e-05,0.499281670416237,6.935296550282277e-09,0.4992816704162441,2.6320519398807075e-09,0.0014041591461476227,9.805874310262393e-08,2.9238684013396224e-07
Random2413
Raw:1.010424109678301e-05,2.122547334954224e-06,1.987322000788131e-05,0.49928167041624055,6.935296550282425e-09,0.49928167041624055,2.6320519398807638e-09,0.0014041591461476327,9.805874310262602e-08,2.923868401339685e-07
EFT:1.0104241096782794e-05,2.122547334954209e-06,1.987322000788117e-05,0.499281670416237,6.935296550282277e-09,0.4992816704162441,2.6320519398807075e-09,0.0014041591461476227,9.805874310262393e-08,2.9238684013396224e-07
Random2414
Raw:1.0104241096782867e-05,2.122547334954194e-06,1.9873220007881028e-05,0.49928167041624055,6.935296550282326e-09,0.49928167041624055,2.6320519398807265e-09,0.0014041591461476128,9.805874310262323e-08,2.923868401339643e-07
EFT:1.0104241096782794e-05,2.122547334954209e-06,1.987322000788117e-05,0.499281670416237,6.935296550282277e-09,0.4992816704162441,2.6320519398807075e-09,0.0014041591461476227,9.805874310262393e-08,2.9238684013396224e-07
Random2415
Raw:1.0104241096782867e-05,2.122547334954194e-06,1.9873220007881028e-05,0.49928167041624055,6.935296550282228e-09,0.49928167041624055,2.632051939880689e-09,0.0014041591461476128,9.805874310262462e-08,2.923868401339602e-07
EFT:1.0104241096782794e-05,2.122547334954209e-06,1.987322000788117e-05,0.499281670416237,6.935296550282277e-09,0.4992816704162441,2.6320519398807075e-09,0.0014041591461476227,9.805874310262393e-08,2.9238684013396224e-07
Random2416
Raw:1.0104241096782938e-05,2.122547334954239e-06,1.9873220007880885e-05,0.499281670416237,6.935296550282277e-09,0.4992816704162441,2.632051939880745e-09,0.0014041591461476227,9.805874310262532e-08,2.9238684013396224e-07
EFT:1.0104241096782794e-05,2.122547334954209e-06,1.987322000788117e-05,0.499281670416237,6.935296550282277e-09,0.4992816704162441,2.6320519398807075e-09,0.0014041591461476227,9.805874310262393e-08,2.9238684013396224e-07
Random2417
Raw:1.0104241096782794e-05,2.122547334954209e-06,1.987322000788117e-05,0.499281670416237,6.935296550282277e-09,0.4992816704162441,2.6320519398807075e-09,0.0014041591461476227,9.805874310262393e-08,2.9238684013396224e-07
EFT:1.0104241096782794e-05,2.122547334954209e-06,1.987322000788117e-05,0.499281670416237,6.935296550282277e-09,0.4992816704162441,2.6320519398807075e-09,0.0014041591461476227,9.805874310262393e-08,2.9238684013396224e-07
Random2418
Raw:1.0104241096782794e-05,2.122547334954209e-06,1.9873220007880885e-05,0.499281670416237,6.935296550282277e-09,0.4992816704162441,2.6320519398807075e-09,0.0014041591461476026,9.805874310262393e-08,2.9238684013396224e-07
EFT:1.0104241096782794e-05,2.122547334954209e-06,1.987322000788117e-05,0.499281670416237,6.935296550282277e-09,0.4992816704162441,2.6320519398807075e-09,0.0014041591461476227,9.805874310262393e-08,2.9238684013396224e-07
Random2419
Raw:1.0104241096782865e-05,2.122547334954194e-06,1.9873220007881028e-05,0.49928167041623345,6.935296550282228e-09,0.49928167041624766,2.632051939880726e-09,0.0014041591461476126,9.805874310262462e-08,2.9238684013396436e-07
EFT:1.0104241096782794e-05,2.122547334954209e-06,1.987322000788117e-05,0.499281670416237,6.935296550282277e-09,0.4992816704162441,2.6320519398807075e-09,0.0014041591461476227,9.805874310262393e-08,2.9238684013396224e-07
Random2420
Raw:1.0104241096782865e-05,2.122547334954194e-06,1.9873220007881028e-05,0.49928167041623345,6.935296550282327e-09,0.49928167041624766,2.632051939880726e-09,0.0014041591461476126,9.805874310262462e-08,2.9238684013396436e-07
EFT:1.0104241096782794e-05,2.122547334954209e-06,1.987322000788117e-05,0.499281670416237,6.935296550282277e-09,0.4992816704162441,2.6320519398807075e-09,0.0014041591461476227,9.805874310262393e-08,2.9238684013396224e-07
Random2421
Raw:1.0104241096783009e-05,2.122547334954194e-06,1.9873220007881028e-05,0.49928167041623345,6.935296550282327e-09,0.49928167041624766,2.6320519398807638e-09,0.0014041591461476126,9.805874310262601e-08,2.9238684013396436e-07
EFT:1.0104241096782794e-05,2.122547334954209e-06,1.987322000788117e-05,0.499281670416237,6.935296550282277e-09,0.4992816704162441,2.6320519398807075e-09,0.0014041591461476227,9.805874310262393e-08,2.9238684013396224e-07
Random2422
Raw:1.0104241096782867e-05,2.122547334954194e-06,1.9873220007881028e-05,0.49928167041624055,6.935296550282326e-09,0.49928167041624055,2.6320519398807265e-09,0.0014041591461476128,9.805874310262602e-08,2.923868401339643e-07
EFT:1.0104241096782794e-05,2.122547334954209e-06,1.987322000788117e-05,0.499281670416237,6.935296550282277e-09,0.4992816704162441,2.6320519398807075e-09,0.0014041591461476227,9.805874310262393e-08,2.9238684013396224e-07
Random2423
Raw:1.0104241096782938e-05,2.1225473349541788e-06,1.9873220007880885e-05,0.499281670416237,6.935296550282277e-09,0.4992816704162441,2.632051939880745e-09,0.0014041591461476026,9.805874310262532e-08,2.9238684013396224e-07
EFT:1.0104241096782794e-05,2.122547334954209e-06,1.987322000788117e-05,0.499281670416237,6.935296550282277e-09,0.4992816704162441,2.6320519398807075e-09,0.0014041591461476227,9.805874310262393e-08,2.9238684013396224e-07
Random2424
Raw:1.0104241096782867e-05,2.1225473349542546e-06,1.987322000788131e-05,0.49928167041624055,6.935296550282326e-09,0.49928167041624055,2.6320519398807638e-09,0.0014041591461476327,9.805874310262462e-08,2.923868401339643e-07
EFT:1.0104241096782794e-05,2.122547334954209e-06,1.987322000788117e-05,0.499281670416237,6.935296550282277e-09,0.4992816704162441,2.6320519398807075e-09,0.0014041591461476227,9.805874310262393e-08,2.9238684013396224e-07
Random2425
Raw:1.0104241096782938e-05,2.122547334954239e-06,1.987322000788117e-05,0.499281670416237,6.9352965502823754e-09,0.4992816704162441,2.6320519398807824e-09,0.0014041591461476227,9.805874310262532e-08,2.9238684013396637e-07
EFT:1.0104241096782794e-05,2.122547334954209e-06,1.987322000788117e-05,0.499281670416237,6.935296550282277e-09,0.4992816704162441,2.6320519398807075e-09,0.0014041591461476227,9.805874310262393e-08,2.9238684013396224e-07
Random2426
Raw:1.0104241096782938e-05,2.122547334954239e-06,1.987322000788117e-05,0.499281670416237,6.935296550282277e-09,0.4992816704162441,2.632051939880745e-09,0.0014041591461476427,9.805874310262532e-08,2.9238684013396224e-07
EFT:1.0104241096782794e-05,2.122547334954209e-06,1.987322000788117e-05,0.499281670416237,6.935296550282277e-09,0.4992816704162441,2.6320519398807075e-09,0.0014041591461476227,9.805874310262393e-08,2.9238684013396224e-07
Random2427
Raw:1.0104241096782867e-05,2.122547334954194e-06,1.9873220007881028e-05,0.49928167041624055,6.935296550282326e-09,0.49928167041624055,2.6320519398807265e-09,0.0014041591461476128,9.805874310262323e-08,2.923868401339643e-07
EFT:1.0104241096782794e-05,2.122547334954209e-06,1.987322000788117e-05,0.499281670416237,6.935296550282277e-09,0.4992816704162441,2.6320519398807075e-09,0.0014041591461476227,9.805874310262393e-08,2.9238684013396224e-07
Random2428
Raw:1.0104241096782794e-05,2.122547334954209e-06,1.987322000788117e-05,0.499281670416237,6.935296550282277e-09,0.4992816704162441,2.632051939880745e-09,0.0014041591461476227,9.805874310262254e-08,2.9238684013396224e-07
EFT:1.0104241096782794e-05,2.122547334954209e-06,1.987322000788117e-05,0.499281670416237,6.935296550282277e-09,0.4992816704162441,2.6320519398807075e-09,0.0014041591461476227,9.805874310262393e-08,2.9238684013396224e-07
Random2429
Raw:1.0104241096782938e-05,2.122547334954209e-06,1.987322000788117e-05,0.499281670416237,6.935296550282277e-09,0.4992816704162441,2.632051939880745e-09,0.0014041591461476227,9.805874310262393e-08,2.9238684013396637e-07
EFT:1.0104241096782794e-05,2.122547334954209e-06,1.987322000788117e-05,0.499281670416237,6.935296550282277e-09,0.4992816704162441,2.6320519398807075e-09,0.0014041591461476227,9.805874310262393e-08,2.9238684013396224e-07
Random2430
Raw:1.0104241096782867e-05,2.122547334954194e-06,1.9873220007881028e-05,0.49928167041624055,6.935296550282326e-09,0.49928167041624055,2.6320519398807265e-09,0.0014041591461476128,9.805874310262323e-08,2.923868401339643e-07
EFT:1.0104241096782794e-05,2.122547334954209e-06,1.987322000788117e-05,0.499281670416237,6.935296550282277e-09,0.4992816704162441,2.6320519398807075e-09,0.0014041591461476227,9.805874310262393e-08,2.9238684013396224e-07
Random2431
Raw:1.0104241096782938e-05,2.122547334954209e-06,1.9873220007880885e-05,0.499281670416237,6.935296550282277e-09,0.4992816704162441,2.632051939880745e-09,0.0014041591461476227,9.805874310262532e-08,2.9238684013396224e-07
EFT:1.0104241096782794e-05,2.122547334954209e-06,1.987322000788117e-05,0.499281670416237,6.935296550282277e-09,0.4992816704162441,2.6320519398807075e-09,0.0014041591461476227,9.805874310262393e-08,2.9238684013396224e-07
Random2432
Raw:1.0104241096782938e-05,2.122547334954239e-06,1.987322000788117e-05,0.499281670416237,6.9352965502823754e-09,0.4992816704162441,2.6320519398807824e-09,0.0014041591461476227,9.805874310262532e-08,2.9238684013396637e-07
EFT:1.0104241096782794e-05,2.122547334954209e-06,1.987322000788117e-05,0.499281670416237,6.935296550282277e-09,0.4992816704162441,2.6320519398807075e-09,0.0014041591461476227,9.805874310262393e-08,2.9238684013396224e-07
Random2433
Raw:1.0104241096782938e-05,2.122547334954209e-06,1.987322000788117e-05,0.499281670416237,6.935296550282277e-09,0.4992816704162441,2.632051939880745e-09,0.0014041591461476427,9.805874310262393e-08,2.9238684013396224e-07
EFT:1.0104241096782794e-05,2.122547334954209e-06,1.987322000788117e-05,0.499281670416237,6.935296550282277e-09,0.4992816704162441,2.6320519398807075e-09,0.0014041591461476227,9.805874310262393e-08,2.9238684013396224e-07
Random2434
Raw:1.0104241096782938e-05,2.122547334954239e-06,1.987322000788117e-05,0.499281670416237,6.9352965502823754e-09,0.4992816704162441,2.6320519398807824e-09,0.0014041591461476227,9.805874310262532e-08,2.9238684013396637e-07
EFT:1.0104241096782794e-05,2.122547334954209e-06,1.987322000788117e-05,0.499281670416237,6.935296550282277e-09,0.4992816704162441,2.6320519398807075e-09,0.0014041591461476227,9.805874310262393e-08,2.9238684013396224e-07
Random2435
Raw:1.0104241096782867e-05,2.122547334954194e-06,1.9873220007881028e-05,0.49928167041624055,6.935296550282228e-09,0.49928167041624055,2.632051939880689e-09,0.0014041591461476128,9.805874310262462e-08,2.923868401339602e-07
EFT:1.0104241096782794e-05,2.122547334954209e-06,1.987322000788117e-05,0.499281670416237,6.935296550282277e-09,0.4992816704162441,2.6320519398807075e-09,0.0014041591461476227,9.805874310262393e-08,2.9238684013396224e-07
Random2436
Raw:1.0104241096782938e-05,2.122547334954239e-06,1.987322000788117e-05,0.499281670416237,6.935296550282277e-09,0.4992816704162441,2.632051939880745e-09,0.0014041591461476427,9.805874310262532e-08,2.9238684013396224e-07
EFT:1.0104241096782794e-05,2.122547334954209e-06,1.987322000788117e-05,0.499281670416237,6.935296550282277e-09,0.4992816704162441,2.6320519398807075e-09,0.0014041591461476227,9.805874310262393e-08,2.9238684013396224e-07
Random2437
Raw:1.0104241096782938e-05,2.122547334954239e-06,1.987322000788117e-05,0.499281670416237,6.9352965502823754e-09,0.4992816704162441,2.6320519398807824e-09,0.0014041591461476227,9.805874310262532e-08,2.9238684013396637e-07
EFT:1.0104241096782794e-05,2.122547334954209e-06,1.987322000788117e-05,0.499281670416237,6.935296550282277e-09,0.4992816704162441,2.6320519398807075e-09,0.0014041591461476227,9.805874310262393e-08,2.9238684013396224e-07
Random2438
Raw:1.0104241096782938e-05,2.122547334954209e-06,1.987322000788117e-05,0.499281670416237,6.935296550282277e-09,0.4992816704162441,2.632051939880745e-09,0.0014041591461476227,9.805874310262532e-08,2.9238684013396224e-07
EFT:1.0104241096782794e-05,2.122547334954209e-06,1.987322000788117e-05,0.499281670416237,6.935296550282277e-09,0.4992816704162441,2.6320519398807075e-09,0.0014041591461476227,9.805874310262393e-08,2.9238684013396224e-07
Random2439
Raw:1.0104241096782867e-05,2.122547334954224e-06,1.987322000788131e-05,0.49928167041624055,6.935296550282326e-09,0.49928167041624055,2.6320519398807265e-09,0.0014041591461476327,9.805874310262462e-08,2.923868401339643e-07
EFT:1.0104241096782794e-05,2.122547334954209e-06,1.987322000788117e-05,0.499281670416237,6.935296550282277e-09,0.4992816704162441,2.6320519398807075e-09,0.0014041591461476227,9.805874310262393e-08,2.9238684013396224e-07
Random2440
Raw:1.0104241096782867e-05,2.122547334954224e-06,1.987322000788131e-05,0.49928167041624055,6.935296550282326e-09,0.49928167041624055,2.6320519398807265e-09,0.0014041591461476327,9.805874310262462e-08,2.923868401339643e-07
EFT:1.0104241096782794e-05,2.122547334954209e-06,1.987322000788117e-05,0.499281670416237,6.935296550282277e-09,0.4992816704162441,2.6320519398807075e-09,0.0014041591461476227,9.805874310262393e-08,2.9238684013396224e-07
Random2441
Raw:1.0104241096782867e-05,2.122547334954194e-06,1.9873220007881028e-05,0.49928167041624055,6.935296550282326e-09,0.49928167041624055,2.6320519398807265e-09,0.0014041591461476128,9.805874310262323e-08,2.923868401339643e-07
EFT:1.0104241096782794e-05,2.122547334954209e-06,1.987322000788117e-05,0.499281670416237,6.935296550282277e-09,0.4992816704162441,2.6320519398807075e-09,0.0014041591461476227,9.805874310262393e-08,2.9238684013396224e-07
Random2442
Raw:1.0104241096782938e-05,2.122547334954239e-06,1.987322000788145e-05,0.499281670416237,6.935296550282277e-09,0.4992816704162441,2.632051939880745e-09,0.0014041591461476427,9.805874310262393e-08,2.9238684013396637e-07
EFT:1.0104241096782794e-05,2.122547334954209e-06,1.987322000788117e-05,0.499281670416237,6.935296550282277e-09,0.4992816704162441,2.6320519398807075e-09,0.0014041591461476227,9.805874310262393e-08,2.9238684013396224e-07
Random2443
Raw:1.0104241096782794e-05,2.122547334954209e-06,1.987322000788117e-05,0.499281670416237,6.935296550282277e-09,0.4992816704162441,2.6320519398807075e-09,0.0014041591461476026,9.805874310262393e-08,2.9238684013396224e-07
EFT:1.0104241096782794e-05,2.122547334954209e-06,1.987322000788117e-05,0.499281670416237,6.935296550282277e-09,0.4992816704162441,2.6320519398807075e-09,0.0014041591461476227,9.805874310262393e-08,2.9238684013396224e-07
Random2444
Raw:1.0104241096783009e-05,2.122547334954194e-06,1.9873220007881028e-05,0.49928167041623345,6.935296550282327e-09,0.49928167041624766,2.6320519398807638e-09,0.0014041591461476126,9.805874310262601e-08,2.9238684013396436e-07
EFT:1.0104241096782794e-05,2.122547334954209e-06,1.987322000788117e-05,0.499281670416237,6.935296550282277e-09,0.4992816704162441,2.6320519398807075e-09,0.0014041591461476227,9.805874310262393e-08,2.9238684013396224e-07
Random2445
Raw:1.0104241096782867e-05,2.1225473349542546e-06,1.987322000788131e-05,0.49928167041624055,6.935296550282326e-09,0.49928167041624055,2.6320519398807638e-09,0.0014041591461476327,9.805874310262462e-08,2.923868401339643e-07
EFT:1.0104241096782794e-05,2.122547334954209e-06,1.987322000788117e-05,0.499281670416237,6.935296550282277e-09,0.4992816704162441,2.6320519398807075e-09,0.0014041591461476227,9.805874310262393e-08,2.9238684013396224e-07
Random2446
Raw:1.0104241096782938e-05,2.122547334954239e-06,1.987322000788117e-05,0.499281670416237,6.935296550282277e-09,0.4992816704162441,2.632051939880745e-09,0.0014041591461476227,9.805874310262532e-08,2.9238684013396224e-07
EFT:1.0104241096782794e-05,2.122547334954209e-06,1.987322000788117e-05,0.499281670416237,6.935296550282277e-09,0.4992816704162441,2.6320519398807075e-09,0.0014041591461476227,9.805874310262393e-08,2.9238684013396224e-07
Random2447
Raw:1.0104241096782938e-05,2.122547334954209e-06,1.987322000788117e-05,0.499281670416237,6.9352965502823754e-09,0.4992816704162441,2.632051939880745e-09,0.0014041591461476227,9.805874310262532e-08,2.9238684013396637e-07
EFT:1.0104241096782794e-05,2.122547334954209e-06,1.987322000788117e-05,0.499281670416237,6.935296550282277e-09,0.4992816704162441,2.6320519398807075e-09,0.0014041591461476227,9.805874310262393e-08,2.9238684013396224e-07
Random2448
Raw:1.0104241096782938e-05,2.122547334954209e-06,1.987322000788117e-05,0.499281670416237,6.935296550282277e-09,0.4992816704162441,2.632051939880745e-09,0.0014041591461476427,9.805874310262393e-08,2.9238684013396224e-07
EFT:1.0104241096782794e-05,2.122547334954209e-06,1.987322000788117e-05,0.499281670416237,6.935296550282277e-09,0.4992816704162441,2.6320519398807075e-09,0.0014041591461476227,9.805874310262393e-08,2.9238684013396224e-07
Random2449
Raw:1.0104241096782867e-05,2.122547334954224e-06,1.987322000788131e-05,0.49928167041624055,6.935296550282326e-09,0.49928167041624055,2.6320519398807265e-09,0.0014041591461476327,9.805874310262462e-08,2.923868401339643e-07
EFT:1.0104241096782794e-05,2.122547334954209e-06,1.987322000788117e-05,0.499281670416237,6.935296550282277e-09,0.4992816704162441,2.6320519398807075e-09,0.0014041591461476227,9.805874310262393e-08,2.9238684013396224e-07
Random2450
Raw:1.0104241096782938e-05,2.122547334954209e-06,1.987322000788117e-05,0.499281670416237,6.9352965502823754e-09,0.4992816704162441,2.632051939880745e-09,0.0014041591461476227,9.805874310262532e-08,2.9238684013396637e-07
EFT:1.0104241096782794e-05,2.122547334954209e-06,1.987322000788117e-05,0.499281670416237,6.935296550282277e-09,0.4992816704162441,2.6320519398807075e-09,0.0014041591461476227,9.805874310262393e-08,2.9238684013396224e-07
Random2451
Raw:1.0104241096782867e-05,2.122547334954224e-06,1.987322000788131e-05,0.49928167041624055,6.935296550282326e-09,0.49928167041624055,2.6320519398807265e-09,0.0014041591461476327,9.805874310262462e-08,2.923868401339643e-07
EFT:1.0104241096782794e-05,2.122547334954209e-06,1.987322000788117e-05,0.499281670416237,6.935296550282277e-09,0.4992816704162441,2.6320519398807075e-09,0.0014041591461476227,9.805874310262393e-08,2.9238684013396224e-07
Random2452
Raw:1.0104241096782794e-05,2.122547334954209e-06,1.987322000788117e-05,0.499281670416237,6.935296550282277e-09,0.4992816704162441,2.6320519398807075e-09,0.0014041591461476227,9.805874310262393e-08,2.9238684013396224e-07
EFT:1.0104241096782794e-05,2.122547334954209e-06,1.987322000788117e-05,0.499281670416237,6.935296550282277e-09,0.4992816704162441,2.6320519398807075e-09,0.0014041591461476227,9.805874310262393e-08,2.9238684013396224e-07
Random2453
Raw:1.0104241096782938e-05,2.122547334954239e-06,1.987322000788145e-05,0.499281670416237,6.935296550282277e-09,0.4992816704162441,2.632051939880745e-09,0.0014041591461476427,9.805874310262532e-08,2.9238684013396224e-07
EFT:1.0104241096782794e-05,2.122547334954209e-06,1.987322000788117e-05,0.499281670416237,6.935296550282277e-09,0.4992816704162441,2.6320519398807075e-09,0.0014041591461476227,9.805874310262393e-08,2.9238684013396224e-07
Random2454
Raw:1.0104241096782938e-05,2.122547334954239e-06,1.987322000788145e-05,0.499281670416237,6.935296550282277e-09,0.4992816704162441,2.632051939880745e-09,0.0014041591461476427,9.805874310262393e-08,2.9238684013396637e-07
EFT:1.0104241096782794e-05,2.122547334954209e-06,1.987322000788117e-05,0.499281670416237,6.935296550282277e-09,0.4992816704162441,2.6320519398807075e-09,0.0014041591461476227,9.805874310262393e-08,2.9238684013396224e-07
Random2455
Raw:1.0104241096782867e-05,2.122547334954224e-06,1.987322000788131e-05,0.49928167041624055,6.935296550282326e-09,0.49928167041624055,2.6320519398807265e-09,0.0014041591461476327,9.805874310262462e-08,2.923868401339643e-07
EFT:1.0104241096782794e-05,2.122547334954209e-06,1.987322000788117e-05,0.499281670416237,6.935296550282277e-09,0.4992816704162441,2.6320519398807075e-09,0.0014041591461476227,9.805874310262393e-08,2.9238684013396224e-07
Random2456
Raw:1.0104241096783009e-05,2.122547334954194e-06,1.9873220007881028e-05,0.49928167041623345,6.935296550282327e-09,0.49928167041624766,2.6320519398807638e-09,0.0014041591461476126,9.805874310262601e-08,2.9238684013396436e-07
EFT:1.0104241096782794e-05,2.122547334954209e-06,1.987322000788117e-05,0.499281670416237,6.935296550282277e-09,0.4992816704162441,2.6320519398807075e-09,0.0014041591461476227,9.805874310262393e-08,2.9238684013396224e-07
Random2457
Raw:1.0104241096782938e-05,2.122547334954239e-06,1.987322000788145e-05,0.499281670416237,6.935296550282277e-09,0.4992816704162441,2.632051939880745e-09,0.0014041591461476227,9.805874310262532e-08,2.9238684013396224e-07
EFT:1.0104241096782794e-05,2.122547334954209e-06,1.987322000788117e-05,0.499281670416237,6.935296550282277e-09,0.4992816704162441,2.6320519398807075e-09,0.0014041591461476227,9.805874310262393e-08,2.9238684013396224e-07
Random2458
Raw:1.0104241096783009e-05,2.122547334954224e-06,1.9873220007881028e-05,0.49928167041623345,6.935296550282327e-09,0.49928167041624766,2.632051939880801e-09,0.0014041591461476327,9.805874310262601e-08,2.9238684013396436e-07
EFT:1.0104241096782794e-05,2.122547334954209e-06,1.987322000788117e-05,0.499281670416237,6.935296550282277e-09,0.4992816704162441,2.6320519398807075e-09,0.0014041591461476227,9.805874310262393e-08,2.9238684013396224e-07
Random2459
Raw:1.0104241096782938e-05,2.122547334954209e-06,1.987322000788117e-05,0.499281670416237,6.9352965502823754e-09,0.4992816704162441,2.632051939880745e-09,0.0014041591461476227,9.805874310262672e-08,2.9238684013396637e-07
EFT:1.0104241096782794e-05,2.122547334954209e-06,1.987322000788117e-05,0.499281670416237,6.935296550282277e-09,0.4992816704162441,2.6320519398807075e-09,0.0014041591461476227,9.805874310262393e-08,2.9238684013396224e-07
Random2460
Raw:1.0104241096782867e-05,2.122547334954194e-06,1.9873220007881028e-05,0.49928167041624055,6.935296550282326e-09,0.49928167041624055,2.6320519398807265e-09,0.0014041591461476128,9.805874310262323e-08,2.923868401339643e-07
EFT:1.0104241096782794e-05,2.122547334954209e-06,1.987322000788117e-05,0.499281670416237,6.935296550282277e-09,0.4992816704162441,2.6320519398807075e-09,0.0014041591461476227,9.805874310262393e-08,2.9238684013396224e-07
Random2461
Raw:1.0104241096782867e-05,2.122547334954224e-06,1.987322000788131e-05,0.49928167041624055,6.935296550282326e-09,0.49928167041624055,2.6320519398807265e-09,0.0014041591461476327,9.805874310262323e-08,2.923868401339643e-07
EFT:1.0104241096782794e-05,2.122547334954209e-06,1.987322000788117e-05,0.499281670416237,6.935296550282277e-09,0.4992816704162441,2.6320519398807075e-09,0.0014041591461476227,9.805874310262393e-08,2.9238684013396224e-07
Random2462
Raw:1.0104241096782867e-05,2.122547334954224e-06,1.987322000788131e-05,0.49928167041624055,6.935296550282326e-09,0.49928167041624055,2.6320519398807265e-09,0.0014041591461476327,9.805874310262323e-08,2.923868401339643e-07
EFT:1.0104241096782794e-05,2.122547334954209e-06,1.987322000788117e-05,0.499281670416237,6.935296550282277e-09,0.4992816704162441,2.6320519398807075e-09,0.0014041591461476227,9.805874310262393e-08,2.9238684013396224e-07
Random2463
Raw:1.0104241096782938e-05,2.122547334954209e-06,1.9873220007880885e-05,0.499281670416237,6.935296550282277e-09,0.4992816704162441,2.632051939880745e-09,0.0014041591461476227,9.805874310262532e-08,2.9238684013396224e-07
EFT:1.0104241096782794e-05,2.122547334954209e-06,1.987322000788117e-05,0.499281670416237,6.935296550282277e-09,0.4992816704162441,2.6320519398807075e-09,0.0014041591461476227,9.805874310262393e-08,2.9238684013396224e-07
Random2464
Raw:1.0104241096782938e-05,2.122547334954239e-06,1.987322000788145e-05,0.499281670416237,6.935296550282277e-09,0.4992816704162441,2.632051939880745e-09,0.0014041591461476427,9.805874310262532e-08,2.9238684013396224e-07
EFT:1.0104241096782794e-05,2.122547334954209e-06,1.987322000788117e-05,0.499281670416237,6.935296550282277e-09,0.4992816704162441,2.6320519398807075e-09,0.0014041591461476227,9.805874310262393e-08,2.9238684013396224e-07
Random2465
Raw:1.0104241096782938e-05,2.122547334954209e-06,1.987322000788117e-05,0.499281670416237,6.9352965502823754e-09,0.4992816704162441,2.632051939880745e-09,0.0014041591461476227,9.805874310262393e-08,2.9238684013396637e-07
EFT:1.0104241096782794e-05,2.122547334954209e-06,1.987322000788117e-05,0.499281670416237,6.935296550282277e-09,0.4992816704162441,2.6320519398807075e-09,0.0014041591461476227,9.805874310262393e-08,2.9238684013396224e-07
Random2466
Raw:1.0104241096782938e-05,2.122547334954239e-06,1.9873220007880885e-05,0.499281670416237,6.935296550282277e-09,0.4992816704162441,2.632051939880745e-09,0.0014041591461476227,9.805874310262532e-08,2.9238684013396224e-07
EFT:1.0104241096782794e-05,2.122547334954209e-06,1.987322000788117e-05,0.499281670416237,6.935296550282277e-09,0.4992816704162441,2.6320519398807075e-09,0.0014041591461476227,9.805874310262393e-08,2.9238684013396224e-07
Random2467
Raw:1.0104241096782867e-05,2.1225473349542546e-06,1.9873220007881594e-05,0.49928167041624055,6.935296550282326e-09,0.49928167041624055,2.6320519398807265e-09,0.0014041591461476327,9.805874310262602e-08,2.923868401339643e-07
EFT:1.0104241096782794e-05,2.122547334954209e-06,1.987322000788117e-05,0.499281670416237,6.935296550282277e-09,0.4992816704162441,2.6320519398807075e-09,0.0014041591461476227,9.805874310262393e-08,2.9238684013396224e-07
Random2468
Raw:1.0104241096782938e-05,2.122547334954209e-06,1.987322000788117e-05,0.499281670416237,6.935296550282277e-09,0.4992816704162441,2.632051939880745e-09,0.0014041591461476227,9.805874310262532e-08,2.9238684013396224e-07
EFT:1.0104241096782794e-05,2.122547334954209e-06,1.987322000788117e-05,0.499281670416237,6.935296550282277e-09,0.4992816704162441,2.6320519398807075e-09,0.0014041591461476227,9.805874310262393e-08,2.9238684013396224e-07
Random2469
Raw:1.0104241096782794e-05,2.122547334954209e-06,1.987322000788117e-05,0.499281670416237,6.9352965502821786e-09,0.4992816704162441,2.632051939880745e-09,0.0014041591461476227,9.805874310262254e-08,2.9238684013396224e-07
EFT:1.0104241096782794e-05,2.122547334954209e-06,1.987322000788117e-05,0.499281670416237,6.935296550282277e-09,0.4992816704162441,2.6320519398807075e-09,0.0014041591461476227,9.805874310262393e-08,2.9238684013396224e-07
Random2470
Raw:1.0104241096782938e-05,2.122547334954209e-06,1.987322000788117e-05,0.499281670416237,6.9352965502823754e-09,0.4992816704162441,2.632051939880745e-09,0.0014041591461476227,9.805874310262393e-08,2.9238684013396637e-07
EFT:1.0104241096782794e-05,2.122547334954209e-06,1.987322000788117e-05,0.499281670416237,6.935296550282277e-09,0.4992816704162441,2.6320519398807075e-09,0.0014041591461476227,9.805874310262393e-08,2.9238684013396224e-07
Random2471
Raw:1.0104241096782938e-05,2.122547334954209e-06,1.987322000788117e-05,0.499281670416237,6.9352965502823754e-09,0.4992816704162441,2.6320519398807824e-09,0.0014041591461476227,9.805874310262532e-08,2.9238684013396637e-07
EFT:1.0104241096782794e-05,2.122547334954209e-06,1.987322000788117e-05,0.499281670416237,6.935296550282277e-09,0.4992816704162441,2.6320519398807075e-09,0.0014041591461476227,9.805874310262393e-08,2.9238684013396224e-07
Random2472
Raw:1.0104241096782867e-05,2.122547334954224e-06,1.987322000788131e-05,0.49928167041624055,6.935296550282326e-09,0.49928167041624055,2.6320519398807265e-09,0.0014041591461476327,9.805874310262462e-08,2.923868401339643e-07
EFT:1.0104241096782794e-05,2.122547334954209e-06,1.987322000788117e-05,0.499281670416237,6.935296550282277e-09,0.4992816704162441,2.6320519398807075e-09,0.0014041591461476227,9.805874310262393e-08,2.9238684013396224e-07
Random2473
Raw:1.0104241096782938e-05,2.122547334954239e-06,1.9873220007880885e-05,0.499281670416237,6.935296550282277e-09,0.4992816704162441,2.632051939880745e-09,0.0014041591461476227,9.805874310262532e-08,2.9238684013396224e-07
EFT:1.0104241096782794e-05,2.122547334954209e-06,1.987322000788117e-05,0.499281670416237,6.935296550282277e-09,0.4992816704162441,2.6320519398807075e-09,0.0014041591461476227,9.805874310262393e-08,2.9238684013396224e-07
Random2474
Raw:1.0104241096782938e-05,2.122547334954239e-06,1.987322000788117e-05,0.4992816704162441,6.9352965502823754e-09,0.499281670416237,2.632051939880745e-09,0.0014041591461476227,9.805874310262532e-08,2.9238684013396637e-07
EFT:1.0104241096782794e-05,2.122547334954209e-06,1.987322000788117e-05,0.499281670416237,6.935296550282277e-09,0.4992816704162441,2.6320519398807075e-09,0.0014041591461476227,9.805874310262393e-08,2.9238684013396224e-07
Random2475
Raw:1.0104241096782794e-05,2.122547334954209e-06,1.987322000788117e-05,0.499281670416237,6.935296550282277e-09,0.4992816704162441,2.6320519398807075e-09,0.0014041591461476026,9.805874310262393e-08,2.9238684013396224e-07
EFT:1.0104241096782794e-05,2.122547334954209e-06,1.987322000788117e-05,0.499281670416237,6.935296550282277e-09,0.4992816704162441,2.6320519398807075e-09,0.0014041591461476227,9.805874310262393e-08,2.9238684013396224e-07
Random2476
Raw:1.0104241096782938e-05,2.122547334954239e-06,1.987322000788117e-05,0.499281670416237,6.9352965502823754e-09,0.4992816704162441,2.6320519398807824e-09,0.0014041591461476227,9.805874310262532e-08,2.9238684013396637e-07
EFT:1.0104241096782794e-05,2.122547334954209e-06,1.987322000788117e-05,0.499281670416237,6.935296550282277e-09,0.4992816704162441,2.6320519398807075e-09,0.0014041591461476227,9.805874310262393e-08,2.9238684013396224e-07
Random2477
Raw:1.0104241096783009e-05,2.122547334954194e-06,1.9873220007881028e-05,0.49928167041623345,6.935296550282327e-09,0.49928167041624766,2.6320519398807638e-09,0.0014041591461476126,9.805874310262601e-08,2.9238684013396436e-07
EFT:1.0104241096782794e-05,2.122547334954209e-06,1.987322000788117e-05,0.499281670416237,6.935296550282277e-09,0.4992816704162441,2.6320519398807075e-09,0.0014041591461476227,9.805874310262393e-08,2.9238684013396224e-07
Random2478
Raw:1.0104241096782794e-05,2.122547334954209e-06,1.9873220007880885e-05,0.499281670416237,6.935296550282277e-09,0.4992816704162441,2.6320519398807075e-09,0.0014041591461476026,9.805874310262393e-08,2.9238684013396224e-07
EFT:1.0104241096782794e-05,2.122547334954209e-06,1.987322000788117e-05,0.499281670416237,6.935296550282277e-09,0.4992816704162441,2.6320519398807075e-09,0.0014041591461476227,9.805874310262393e-08,2.9238684013396224e-07
Random2479
Raw:1.0104241096782938e-05,2.1225473349541788e-06,1.9873220007880885e-05,0.499281670416237,6.935296550282277e-09,0.4992816704162441,2.632051939880745e-09,0.0014041591461476026,9.805874310262532e-08,2.9238684013396224e-07
EFT:1.0104241096782794e-05,2.122547334954209e-06,1.987322000788117e-05,0.499281670416237,6.935296550282277e-09,0.4992816704162441,2.6320519398807075e-09,0.0014041591461476227,9.805874310262393e-08,2.9238684013396224e-07
Random2480
Raw:1.0104241096783009e-05,2.122547334954224e-06,1.9873220007881028e-05,0.49928167041623345,6.935296550282327e-09,0.49928167041624766,2.6320519398807638e-09,0.0014041591461476327,9.805874310262601e-08,2.9238684013396436e-07
EFT:1.0104241096782794e-05,2.122547334954209e-06,1.987322000788117e-05,0.499281670416237,6.935296550282277e-09,0.4992816704162441,2.6320519398807075e-09,0.0014041591461476227,9.805874310262393e-08,2.9238684013396224e-07
Random2481
Raw:1.0104241096782938e-05,2.122547334954209e-06,1.987322000788117e-05,0.499281670416237,6.9352965502823754e-09,0.4992816704162441,2.632051939880745e-09,0.0014041591461476227,9.805874310262672e-08,2.9238684013396637e-07
EFT:1.0104241096782794e-05,2.122547334954209e-06,1.987322000788117e-05,0.499281670416237,6.935296550282277e-09,0.4992816704162441,2.6320519398807075e-09,0.0014041591461476227,9.805874310262393e-08,2.9238684013396224e-07
Random2482
Raw:1.0104241096783009e-05,2.122547334954224e-06,1.987322000788131e-05,0.49928167041623345,6.935296550282327e-09,0.49928167041624766,2.6320519398807638e-09,0.0014041591461476327,9.805874310262462e-08,2.923868401339685e-07
EFT:1.0104241096782794e-05,2.122547334954209e-06,1.987322000788117e-05,0.499281670416237,6.935296550282277e-09,0.4992816704162441,2.6320519398807075e-09,0.0014041591461476227,9.805874310262393e-08,2.9238684013396224e-07
Random2483
Raw:1.0104241096782938e-05,2.122547334954209e-06,1.987322000788117e-05,0.499281670416237,6.935296550282277e-09,0.4992816704162441,2.632051939880745e-09,0.0014041591461476227,9.805874310262532e-08,2.9238684013396224e-07
EFT:1.0104241096782794e-05,2.122547334954209e-06,1.987322000788117e-05,0.499281670416237,6.935296550282277e-09,0.4992816704162441,2.6320519398807075e-09,0.0014041591461476227,9.805874310262393e-08,2.9238684013396224e-07
Random2484
Raw:1.0104241096782938e-05,2.122547334954239e-06,1.987322000788117e-05,0.499281670416237,6.935296550282277e-09,0.4992816704162441,2.632051939880745e-09,0.0014041591461476227,9.805874310262532e-08,2.9238684013396224e-07
EFT:1.0104241096782794e-05,2.122547334954209e-06,1.987322000788117e-05,0.499281670416237,6.935296550282277e-09,0.4992816704162441,2.6320519398807075e-09,0.0014041591461476227,9.805874310262393e-08,2.9238684013396224e-07
Random2485
Raw:1.0104241096782938e-05,2.1225473349541788e-06,1.9873220007880885e-05,0.499281670416237,6.935296550282277e-09,0.4992816704162441,2.632051939880745e-09,0.0014041591461476026,9.805874310262532e-08,2.9238684013396224e-07
EFT:1.0104241096782794e-05,2.122547334954209e-06,1.987322000788117e-05,0.499281670416237,6.935296550282277e-09,0.4992816704162441,2.6320519398807075e-09,0.0014041591461476227,9.805874310262393e-08,2.9238684013396224e-07
Random2486
Raw:1.0104241096782865e-05,2.122547334954194e-06,1.9873220007881028e-05,0.49928167041623345,6.935296550282327e-09,0.49928167041624766,2.6320519398807638e-09,0.0014041591461476126,9.805874310262324e-08,2.9238684013396436e-07
EFT:1.0104241096782794e-05,2.122547334954209e-06,1.987322000788117e-05,0.499281670416237,6.935296550282277e-09,0.4992816704162441,2.6320519398807075e-09,0.0014041591461476227,9.805874310262393e-08,2.9238684013396224e-07
Random2487
Raw:1.0104241096782865e-05,2.122547334954194e-06,1.9873220007881028e-05,0.49928167041623345,6.935296550282228e-09,0.49928167041624766,2.632051939880726e-09,0.0014041591461476126,9.805874310262462e-08,2.9238684013396436e-07
EFT:1.0104241096782794e-05,2.122547334954209e-06,1.987322000788117e-05,0.499281670416237,6.935296550282277e-09,0.4992816704162441,2.6320519398807075e-09,0.0014041591461476227,9.805874310262393e-08,2.9238684013396224e-07
Random2488
Raw:1.0104241096782938e-05,2.122547334954239e-06,1.9873220007880885e-05,0.499281670416237,6.935296550282277e-09,0.4992816704162441,2.632051939880745e-09,0.0014041591461476227,9.805874310262532e-08,2.9238684013396224e-07
EFT:1.0104241096782794e-05,2.122547334954209e-06,1.987322000788117e-05,0.499281670416237,6.935296550282277e-09,0.4992816704162441,2.6320519398807075e-09,0.0014041591461476227,9.805874310262393e-08,2.9238684013396224e-07
Random2489
Raw:1.0104241096782938e-05,2.122547334954209e-06,1.987322000788117e-05,0.499281670416237,6.935296550282277e-09,0.4992816704162441,2.632051939880745e-09,0.0014041591461476427,9.805874310262393e-08,2.9238684013396224e-07
EFT:1.0104241096782794e-05,2.122547334954209e-06,1.987322000788117e-05,0.499281670416237,6.935296550282277e-09,0.4992816704162441,2.6320519398807075e-09,0.0014041591461476227,9.805874310262393e-08,2.9238684013396224e-07
Random2490
Raw:1.0104241096782938e-05,2.122547334954209e-06,1.987322000788117e-05,0.499281670416237,6.9352965502823754e-09,0.4992816704162441,2.632051939880745e-09,0.0014041591461476227,9.805874310262532e-08,2.9238684013396637e-07
EFT:1.0104241096782794e-05,2.122547334954209e-06,1.987322000788117e-05,0.499281670416237,6.935296550282277e-09,0.4992816704162441,2.6320519398807075e-09,0.0014041591461476227,9.805874310262393e-08,2.9238684013396224e-07
Random2491
Raw:1.0104241096782938e-05,2.122547334954209e-06,1.987322000788117e-05,0.499281670416237,6.935296550282277e-09,0.4992816704162441,2.632051939880745e-09,0.0014041591461476227,9.805874310262532e-08,2.9238684013396224e-07
EFT:1.0104241096782794e-05,2.122547334954209e-06,1.987322000788117e-05,0.499281670416237,6.935296550282277e-09,0.4992816704162441,2.6320519398807075e-09,0.0014041591461476227,9.805874310262393e-08,2.9238684013396224e-07
Random2492
Raw:1.0104241096782867e-05,2.122547334954194e-06,1.9873220007881028e-05,0.49928167041624055,6.935296550282326e-09,0.49928167041624055,2.6320519398807265e-09,0.0014041591461476128,9.805874310262602e-08,2.923868401339643e-07
EFT:1.0104241096782794e-05,2.122547334954209e-06,1.987322000788117e-05,0.499281670416237,6.935296550282277e-09,0.4992816704162441,2.6320519398807075e-09,0.0014041591461476227,9.805874310262393e-08,2.9238684013396224e-07
Random2493
Raw:1.0104241096782938e-05,2.122547334954209e-06,1.987322000788117e-05,0.499281670416237,6.935296550282277e-09,0.4992816704162441,2.632051939880745e-09,0.0014041591461476227,9.805874310262532e-08,2.9238684013396224e-07
EFT:1.0104241096782794e-05,2.122547334954209e-06,1.987322000788117e-05,0.499281670416237,6.935296550282277e-09,0.4992816704162441,2.6320519398807075e-09,0.0014041591461476227,9.805874310262393e-08,2.9238684013396224e-07
Random2494
Raw:1.0104241096782867e-05,2.122547334954224e-06,1.9873220007881028e-05,0.49928167041624055,6.935296550282228e-09,0.49928167041624055,2.632051939880689e-09,0.0014041591461476327,9.805874310262462e-08,2.923868401339602e-07
EFT:1.0104241096782794e-05,2.122547334954209e-06,1.987322000788117e-05,0.499281670416237,6.935296550282277e-09,0.4992816704162441,2.6320519398807075e-09,0.0014041591461476227,9.805874310262393e-08,2.9238684013396224e-07
Random2495
Raw:1.0104241096782794e-05,2.1225473349541788e-06,1.9873220007880885e-05,0.499281670416237,6.9352965502821786e-09,0.4992816704162441,2.632051939880745e-09,0.0014041591461476026,9.805874310262254e-08,2.9238684013396224e-07
EFT:1.0104241096782794e-05,2.122547334954209e-06,1.987322000788117e-05,0.499281670416237,6.935296550282277e-09,0.4992816704162441,2.6320519398807075e-09,0.0014041591461476227,9.805874310262393e-08,2.9238684013396224e-07
Random2496
Raw:1.0104241096782867e-05,2.122547334954224e-06,1.987322000788131e-05,0.49928167041624055,6.935296550282326e-09,0.49928167041624055,2.6320519398807265e-09,0.0014041591461476327,9.805874310262323e-08,2.923868401339643e-07
EFT:1.0104241096782794e-05,2.122547334954209e-06,1.987322000788117e-05,0.499281670416237,6.935296550282277e-09,0.4992816704162441,2.6320519398807075e-09,0.0014041591461476227,9.805874310262393e-08,2.9238684013396224e-07
Random2497
Raw:1.0104241096782938e-05,2.122547334954239e-06,1.987322000788145e-05,0.499281670416237,6.9352965502823754e-09,0.4992816704162441,2.632051939880745e-09,0.0014041591461476227,9.805874310262672e-08,2.9238684013396637e-07
EFT:1.0104241096782794e-05,2.122547334954209e-06,1.987322000788117e-05,0.499281670416237,6.935296550282277e-09,0.4992816704162441,2.6320519398807075e-09,0.0014041591461476227,9.805874310262393e-08,2.9238684013396224e-07
Random2498
Raw:1.0104241096782938e-05,2.122547334954209e-06,1.9873220007880885e-05,0.499281670416237,6.935296550282277e-09,0.4992816704162441,2.632051939880745e-09,0.0014041591461476227,9.805874310262393e-08,2.9238684013396224e-07
EFT:1.0104241096782794e-05,2.122547334954209e-06,1.987322000788117e-05,0.499281670416237,6.935296550282277e-09,0.4992816704162441,2.6320519398807075e-09,0.0014041591461476227,9.805874310262393e-08,2.9238684013396224e-07
Random2499
Raw:1.0104241096783009e-05,2.122547334954194e-06,1.9873220007881028e-05,0.49928167041623345,6.935296550282327e-09,0.49928167041624766,2.6320519398807638e-09,0.0014041591461476327,9.805874310262462e-08,2.9238684013396436e-07
EFT:1.0104241096782794e-05,2.122547334954209e-06,1.987322000788117e-05,0.499281670416237,6.935296550282277e-09,0.4992816704162441,2.6320519398807075e-09,0.0014041591461476227,9.805874310262393e-08,2.9238684013396224e-07
Random2500
Raw:1.0104241096783009e-05,2.122547334954224e-06,1.987322000788131e-05,0.49928167041623345,6.935296550282327e-09,0.49928167041624766,2.6320519398807638e-09,0.0014041591461476327,9.805874310262601e-08,2.9238684013396436e-07
EFT:1.0104241096782794e-05,2.122547334954209e-06,1.987322000788117e-05,0.499281670416237,6.935296550282277e-09,0.4992816704162441,2.6320519398807075e-09,0.0014041591461476227,9.805874310262393e-08,2.9238684013396224e-07
Random2501
Raw:1.0104241096783009e-05,2.122547334954224e-06,1.987322000788131e-05,0.49928167041623345,6.935296550282327e-09,0.49928167041624766,2.6320519398807638e-09,0.0014041591461476327,9.805874310262601e-08,2.9238684013396436e-07
EFT:1.0104241096782794e-05,2.122547334954209e-06,1.987322000788117e-05,0.499281670416237,6.935296550282277e-09,0.4992816704162441,2.6320519398807075e-09,0.0014041591461476227,9.805874310262393e-08,2.9238684013396224e-07
Random2502
Raw:1.0104241096782867e-05,2.122547334954224e-06,1.987322000788131e-05,0.49928167041624055,6.935296550282228e-09,0.49928167041624055,2.632051939880689e-09,0.0014041591461476327,9.805874310262323e-08,2.923868401339643e-07
EFT:1.0104241096782794e-05,2.122547334954209e-06,1.987322000788117e-05,0.499281670416237,6.935296550282277e-09,0.4992816704162441,2.6320519398807075e-09,0.0014041591461476227,9.805874310262393e-08,2.9238684013396224e-07
Random2503
Raw:1.0104241096782938e-05,2.122547334954239e-06,1.987322000788117e-05,0.499281670416237,6.935296550282277e-09,0.4992816704162441,2.632051939880745e-09,0.0014041591461476427,9.805874310262532e-08,2.9238684013396224e-07
EFT:1.0104241096782794e-05,2.122547334954209e-06,1.987322000788117e-05,0.499281670416237,6.935296550282277e-09,0.4992816704162441,2.6320519398807075e-09,0.0014041591461476227,9.805874310262393e-08,2.9238684013396224e-07
Random2504
Raw:1.0104241096782867e-05,2.122547334954194e-06,1.9873220007881028e-05,0.49928167041624055,6.935296550282228e-09,0.49928167041624055,2.632051939880689e-09,0.0014041591461476128,9.805874310262462e-08,2.923868401339602e-07
EFT:1.0104241096782794e-05,2.122547334954209e-06,1.987322000788117e-05,0.499281670416237,6.935296550282277e-09,0.4992816704162441,2.6320519398807075e-09,0.0014041591461476227,9.805874310262393e-08,2.9238684013396224e-07
Random2505
Raw:1.0104241096782867e-05,2.1225473349542546e-06,1.987322000788131e-05,0.49928167041624055,6.935296550282326e-09,0.49928167041624055,2.6320519398807638e-09,0.0014041591461476128,9.805874310262462e-08,2.923868401339643e-07
EFT:1.0104241096782794e-05,2.122547334954209e-06,1.987322000788117e-05,0.499281670416237,6.935296550282277e-09,0.4992816704162441,2.6320519398807075e-09,0.0014041591461476227,9.805874310262393e-08,2.9238684013396224e-07
Random2506
Raw:1.0104241096782938e-05,2.122547334954209e-06,1.987322000788117e-05,0.499281670416237,6.935296550282277e-09,0.4992816704162441,2.632051939880745e-09,0.0014041591461476427,9.805874310262393e-08,2.9238684013396224e-07
EFT:1.0104241096782794e-05,2.122547334954209e-06,1.987322000788117e-05,0.499281670416237,6.935296550282277e-09,0.4992816704162441,2.6320519398807075e-09,0.0014041591461476227,9.805874310262393e-08,2.9238684013396224e-07
Random2507
Raw:1.0104241096782794e-05,2.122547334954209e-06,1.987322000788117e-05,0.499281670416237,6.935296550282277e-09,0.4992816704162441,2.6320519398807075e-09,0.0014041591461476227,9.805874310262393e-08,2.9238684013396224e-07
EFT:1.0104241096782794e-05,2.122547334954209e-06,1.987322000788117e-05,0.499281670416237,6.935296550282277e-09,0.4992816704162441,2.6320519398807075e-09,0.0014041591461476227,9.805874310262393e-08,2.9238684013396224e-07
Random2508
Raw:1.0104241096782867e-05,2.122547334954224e-06,1.9873220007881028e-05,0.49928167041624055,6.935296550282326e-09,0.49928167041624055,2.6320519398807265e-09,0.0014041591461476128,9.805874310262462e-08,2.923868401339643e-07
EFT:1.0104241096782794e-05,2.122547334954209e-06,1.987322000788117e-05,0.499281670416237,6.935296550282277e-09,0.4992816704162441,2.6320519398807075e-09,0.0014041591461476227,9.805874310262393e-08,2.9238684013396224e-07
Random2509
Raw:1.0104241096782867e-05,2.122547334954224e-06,1.987322000788131e-05,0.49928167041624055,6.935296550282228e-09,0.49928167041624055,2.632051939880689e-09,0.0014041591461476327,9.805874310262323e-08,2.923868401339643e-07
EFT:1.0104241096782794e-05,2.122547334954209e-06,1.987322000788117e-05,0.499281670416237,6.935296550282277e-09,0.4992816704162441,2.6320519398807075e-09,0.0014041591461476227,9.805874310262393e-08,2.9238684013396224e-07
Random2510
Raw:1.0104241096782867e-05,2.122547334954224e-06,1.987322000788131e-05,0.49928167041624055,6.935296550282326e-09,0.49928167041624055,2.6320519398807265e-09,0.0014041591461476327,9.805874310262462e-08,2.923868401339643e-07
EFT:1.0104241096782794e-05,2.122547334954209e-06,1.987322000788117e-05,0.499281670416237,6.935296550282277e-09,0.4992816704162441,2.6320519398807075e-09,0.0014041591461476227,9.805874310262393e-08,2.9238684013396224e-07
Random2511
Raw:1.0104241096782867e-05,2.122547334954224e-06,1.987322000788131e-05,0.49928167041624055,6.935296550282326e-09,0.49928167041624055,2.6320519398807638e-09,0.0014041591461476128,9.805874310262462e-08,2.923868401339643e-07
EFT:1.0104241096782794e-05,2.122547334954209e-06,1.987322000788117e-05,0.499281670416237,6.935296550282277e-09,0.4992816704162441,2.6320519398807075e-09,0.0014041591461476227,9.805874310262393e-08,2.9238684013396224e-07
Random2512
Raw:1.0104241096782867e-05,2.1225473349542546e-06,1.987322000788131e-05,0.49928167041624055,6.935296550282326e-09,0.49928167041624055,2.6320519398807638e-09,0.0014041591461476327,9.805874310262462e-08,2.923868401339643e-07
EFT:1.0104241096782794e-05,2.122547334954209e-06,1.987322000788117e-05,0.499281670416237,6.935296550282277e-09,0.4992816704162441,2.6320519398807075e-09,0.0014041591461476227,9.805874310262393e-08,2.9238684013396224e-07
Random2513
Raw:1.0104241096782867e-05,2.122547334954224e-06,1.9873220007881028e-05,0.49928167041624055,6.935296550282326e-09,0.49928167041624055,2.6320519398807265e-09,0.0014041591461476327,9.805874310262323e-08,2.923868401339643e-07
EFT:1.0104241096782794e-05,2.122547334954209e-06,1.987322000788117e-05,0.499281670416237,6.935296550282277e-09,0.4992816704162441,2.6320519398807075e-09,0.0014041591461476227,9.805874310262393e-08,2.9238684013396224e-07
Random2514
Raw:1.0104241096782938e-05,2.122547334954239e-06,1.987322000788145e-05,0.499281670416237,6.935296550282277e-09,0.4992816704162441,2.632051939880745e-09,0.0014041591461476427,9.805874310262532e-08,2.9238684013396224e-07
EFT:1.0104241096782794e-05,2.122547334954209e-06,1.987322000788117e-05,0.499281670416237,6.935296550282277e-09,0.4992816704162441,2.6320519398807075e-09,0.0014041591461476227,9.805874310262393e-08,2.9238684013396224e-07
Random2515
Raw:1.0104241096782867e-05,2.122547334954224e-06,1.987322000788131e-05,0.49928167041624055,6.935296550282326e-09,0.49928167041624055,2.6320519398807638e-09,0.0014041591461476327,9.805874310262462e-08,2.923868401339643e-07
EFT:1.0104241096782794e-05,2.122547334954209e-06,1.987322000788117e-05,0.499281670416237,6.935296550282277e-09,0.4992816704162441,2.6320519398807075e-09,0.0014041591461476227,9.805874310262393e-08,2.9238684013396224e-07
Random2516
Raw:1.0104241096782794e-05,2.122547334954209e-06,1.987322000788117e-05,0.499281670416237,6.9352965502821786e-09,0.4992816704162441,2.6320519398807075e-09,0.0014041591461476026,9.805874310262393e-08,2.9238684013396224e-07
EFT:1.0104241096782794e-05,2.122547334954209e-06,1.987322000788117e-05,0.499281670416237,6.935296550282277e-09,0.4992816704162441,2.6320519398807075e-09,0.0014041591461476227,9.805874310262393e-08,2.9238684013396224e-07
Random2517
Raw:1.0104241096782938e-05,2.122547334954209e-06,1.987322000788117e-05,0.499281670416237,6.9352965502823754e-09,0.4992816704162441,2.632051939880745e-09,0.0014041591461476227,9.805874310262532e-08,2.9238684013396637e-07
EFT:1.0104241096782794e-05,2.122547334954209e-06,1.987322000788117e-05,0.499281670416237,6.935296550282277e-09,0.4992816704162441,2.6320519398807075e-09,0.0014041591461476227,9.805874310262393e-08,2.9238684013396224e-07
Random2518
Raw:1.0104241096782938e-05,2.122547334954209e-06,1.9873220007880885e-05,0.499281670416237,6.935296550282277e-09,0.4992816704162441,2.632051939880745e-09,0.0014041591461476227,9.805874310262393e-08,2.9238684013396224e-07
EFT:1.0104241096782794e-05,2.122547334954209e-06,1.987322000788117e-05,0.499281670416237,6.935296550282277e-09,0.4992816704162441,2.6320519398807075e-09,0.0014041591461476227,9.805874310262393e-08,2.9238684013396224e-07
Random2519
Raw:1.0104241096782794e-05,2.122547334954209e-06,1.987322000788117e-05,0.499281670416237,6.935296550282277e-09,0.4992816704162441,2.6320519398807075e-09,0.0014041591461476227,9.805874310262393e-08,2.9238684013396224e-07
EFT:1.0104241096782794e-05,2.122547334954209e-06,1.987322000788117e-05,0.499281670416237,6.935296550282277e-09,0.4992816704162441,2.6320519398807075e-09,0.0014041591461476227,9.805874310262393e-08,2.9238684013396224e-07
Random2520
Raw:1.010424109678301e-05,2.122547334954224e-06,1.987322000788131e-05,0.49928167041624055,6.935296550282425e-09,0.49928167041624055,2.6320519398807638e-09,0.0014041591461476327,9.805874310262602e-08,2.923868401339685e-07
EFT:1.0104241096782794e-05,2.122547334954209e-06,1.987322000788117e-05,0.499281670416237,6.935296550282277e-09,0.4992816704162441,2.6320519398807075e-09,0.0014041591461476227,9.805874310262393e-08,2.9238684013396224e-07
Random2521
Raw:1.0104241096782867e-05,2.122547334954224e-06,1.987322000788131e-05,0.49928167041624055,6.935296550282228e-09,0.49928167041624055,2.632051939880689e-09,0.0014041591461476327,9.805874310262323e-08,2.923868401339643e-07
EFT:1.0104241096782794e-05,2.122547334954209e-06,1.987322000788117e-05,0.499281670416237,6.935296550282277e-09,0.4992816704162441,2.6320519398807075e-09,0.0014041591461476227,9.805874310262393e-08,2.9238684013396224e-07
Random2522
Raw:1.0104241096782938e-05,2.122547334954209e-06,1.987322000788117e-05,0.499281670416237,6.935296550282277e-09,0.4992816704162441,2.632051939880745e-09,0.0014041591461476427,9.805874310262393e-08,2.9238684013396224e-07
EFT:1.0104241096782794e-05,2.122547334954209e-06,1.987322000788117e-05,0.499281670416237,6.935296550282277e-09,0.4992816704162441,2.6320519398807075e-09,0.0014041591461476227,9.805874310262393e-08,2.9238684013396224e-07
Random2523
Raw:1.0104241096782867e-05,2.122547334954194e-06,1.9873220007881028e-05,0.49928167041624055,6.935296550282326e-09,0.49928167041624055,2.6320519398807265e-09,0.0014041591461476128,9.805874310262323e-08,2.923868401339643e-07
EFT:1.0104241096782794e-05,2.122547334954209e-06,1.987322000788117e-05,0.499281670416237,6.935296550282277e-09,0.4992816704162441,2.6320519398807075e-09,0.0014041591461476227,9.805874310262393e-08,2.9238684013396224e-07
Random2524
Raw:1.0104241096782867e-05,2.122547334954224e-06,1.9873220007881028e-05,0.49928167041624055,6.935296550282326e-09,0.49928167041624055,2.6320519398807638e-09,0.0014041591461476128,9.805874310262462e-08,2.923868401339643e-07
EFT:1.0104241096782794e-05,2.122547334954209e-06,1.987322000788117e-05,0.499281670416237,6.935296550282277e-09,0.4992816704162441,2.6320519398807075e-09,0.0014041591461476227,9.805874310262393e-08,2.9238684013396224e-07
Random2525
Raw:1.0104241096782794e-05,2.122547334954209e-06,1.987322000788117e-05,0.499281670416237,6.935296550282277e-09,0.4992816704162441,2.6320519398807075e-09,0.0014041591461476026,9.805874310262393e-08,2.9238684013396224e-07
EFT:1.0104241096782794e-05,2.122547334954209e-06,1.987322000788117e-05,0.499281670416237,6.935296550282277e-09,0.4992816704162441,2.6320519398807075e-09,0.0014041591461476227,9.805874310262393e-08,2.9238684013396224e-07
Random2526
Raw:1.0104241096782794e-05,2.1225473349541788e-06,1.9873220007880885e-05,0.499281670416237,6.935296550282277e-09,0.4992816704162441,2.632051939880745e-09,0.0014041591461476026,9.805874310262254e-08,2.9238684013396224e-07
EFT:1.0104241096782794e-05,2.122547334954209e-06,1.987322000788117e-05,0.499281670416237,6.935296550282277e-09,0.4992816704162441,2.6320519398807075e-09,0.0014041591461476227,9.805874310262393e-08,2.9238684013396224e-07
Random2527
Raw:1.0104241096782794e-05,2.122547334954209e-06,1.9873220007880885e-05,0.499281670416237,6.935296550282277e-09,0.4992816704162441,2.632051939880745e-09,0.0014041591461476227,9.805874310262254e-08,2.9238684013396224e-07
EFT:1.0104241096782794e-05,2.122547334954209e-06,1.987322000788117e-05,0.499281670416237,6.935296550282277e-09,0.4992816704162441,2.6320519398807075e-09,0.0014041591461476227,9.805874310262393e-08,2.9238684013396224e-07
Random2528
Raw:1.0104241096783009e-05,2.122547334954194e-06,1.9873220007881028e-05,0.49928167041623345,6.935296550282327e-09,0.49928167041624766,2.6320519398807638e-09,0.0014041591461476126,9.805874310262601e-08,2.9238684013396436e-07
EFT:1.0104241096782794e-05,2.122547334954209e-06,1.987322000788117e-05,0.499281670416237,6.935296550282277e-09,0.4992816704162441,2.6320519398807075e-09,0.0014041591461476227,9.805874310262393e-08,2.9238684013396224e-07
Random2529
Raw:1.0104241096782938e-05,2.122547334954209e-06,1.9873220007880885e-05,0.499281670416237,6.935296550282277e-09,0.4992816704162441,2.632051939880745e-09,0.0014041591461476227,9.805874310262393e-08,2.9238684013396224e-07
EFT:1.0104241096782794e-05,2.122547334954209e-06,1.987322000788117e-05,0.499281670416237,6.935296550282277e-09,0.4992816704162441,2.6320519398807075e-09,0.0014041591461476227,9.805874310262393e-08,2.9238684013396224e-07
Random2530
Raw:1.0104241096782867e-05,2.122547334954224e-06,1.987322000788131e-05,0.49928167041624055,6.935296550282326e-09,0.49928167041624055,2.6320519398807265e-09,0.0014041591461476327,9.805874310262323e-08,2.923868401339643e-07
EFT:1.0104241096782794e-05,2.122547334954209e-06,1.987322000788117e-05,0.499281670416237,6.935296550282277e-09,0.4992816704162441,2.6320519398807075e-09,0.0014041591461476227,9.805874310262393e-08,2.9238684013396224e-07
Random2531
Raw:1.0104241096783009e-05,2.122547334954194e-06,1.9873220007881028e-05,0.49928167041623345,6.935296550282327e-09,0.49928167041624766,2.6320519398807638e-09,0.0014041591461476126,9.805874310262601e-08,2.9238684013396436e-07
EFT:1.0104241096782794e-05,2.122547334954209e-06,1.987322000788117e-05,0.499281670416237,6.935296550282277e-09,0.4992816704162441,2.6320519398807075e-09,0.0014041591461476227,9.805874310262393e-08,2.9238684013396224e-07
Random2532
Raw:1.0104241096782865e-05,2.122547334954194e-06,1.9873220007881028e-05,0.49928167041623345,6.935296550282327e-09,0.49928167041624766,2.632051939880726e-09,0.0014041591461476126,9.805874310262462e-08,2.9238684013396436e-07
EFT:1.0104241096782794e-05,2.122547334954209e-06,1.987322000788117e-05,0.499281670416237,6.935296550282277e-09,0.4992816704162441,2.6320519398807075e-09,0.0014041591461476227,9.805874310262393e-08,2.9238684013396224e-07
Random2533
Raw:1.0104241096782938e-05,2.122547334954209e-06,1.987322000788117e-05,0.499281670416237,6.935296550282277e-09,0.4992816704162441,2.632051939880745e-09,0.0014041591461476227,9.805874310262532e-08,2.9238684013396224e-07
EFT:1.0104241096782794e-05,2.122547334954209e-06,1.987322000788117e-05,0.499281670416237,6.935296550282277e-09,0.4992816704162441,2.6320519398807075e-09,0.0014041591461476227,9.805874310262393e-08,2.9238684013396224e-07
Random2534
Raw:1.0104241096782723e-05,2.122547334954194e-06,1.9873220007881028e-05,0.49928167041624055,6.935296550282228e-09,0.49928167041624055,2.6320519398806513e-09,0.0014041591461476128,9.805874310262323e-08,2.923868401339602e-07
EFT:1.0104241096782794e-05,2.122547334954209e-06,1.987322000788117e-05,0.499281670416237,6.935296550282277e-09,0.4992816704162441,2.6320519398807075e-09,0.0014041591461476227,9.805874310262393e-08,2.9238684013396224e-07
Random2535
Raw:1.0104241096782938e-05,2.122547334954239e-06,1.987322000788145e-05,0.499281670416237,6.935296550282277e-09,0.4992816704162441,2.632051939880745e-09,0.0014041591461476427,9.805874310262393e-08,2.9238684013396637e-07
EFT:1.0104241096782794e-05,2.122547334954209e-06,1.987322000788117e-05,0.499281670416237,6.935296550282277e-09,0.4992816704162441,2.6320519398807075e-09,0.0014041591461476227,9.805874310262393e-08,2.9238684013396224e-07
Random2536
Raw:1.0104241096783009e-05,2.122547334954194e-06,1.9873220007881028e-05,0.49928167041623345,6.935296550282327e-09,0.49928167041624766,2.6320519398807638e-09,0.0014041591461476126,9.805874310262601e-08,2.9238684013396436e-07
EFT:1.0104241096782794e-05,2.122547334954209e-06,1.987322000788117e-05,0.499281670416237,6.935296550282277e-09,0.4992816704162441,2.6320519398807075e-09,0.0014041591461476227,9.805874310262393e-08,2.9238684013396224e-07
Random2537
Raw:1.0104241096782794e-05,2.122547334954209e-06,1.987322000788117e-05,0.499281670416237,6.935296550282277e-09,0.4992816704162441,2.6320519398807075e-09,0.0014041591461476026,9.805874310262393e-08,2.9238684013396224e-07
EFT:1.0104241096782794e-05,2.122547334954209e-06,1.987322000788117e-05,0.499281670416237,6.935296550282277e-09,0.4992816704162441,2.6320519398807075e-09,0.0014041591461476227,9.805874310262393e-08,2.9238684013396224e-07
Random2538
Raw:1.0104241096782794e-05,2.122547334954209e-06,1.987322000788117e-05,0.499281670416237,6.935296550282277e-09,0.4992816704162441,2.6320519398807075e-09,0.0014041591461476026,9.805874310262393e-08,2.9238684013396224e-07
EFT:1.0104241096782794e-05,2.122547334954209e-06,1.987322000788117e-05,0.499281670416237,6.935296550282277e-09,0.4992816704162441,2.6320519398807075e-09,0.0014041591461476227,9.805874310262393e-08,2.9238684013396224e-07
Random2539
Raw:1.0104241096782794e-05,2.122547334954209e-06,1.987322000788117e-05,0.499281670416237,6.935296550282277e-09,0.4992816704162441,2.6320519398807075e-09,0.0014041591461476227,9.805874310262393e-08,2.9238684013396224e-07
EFT:1.0104241096782794e-05,2.122547334954209e-06,1.987322000788117e-05,0.499281670416237,6.935296550282277e-09,0.4992816704162441,2.6320519398807075e-09,0.0014041591461476227,9.805874310262393e-08,2.9238684013396224e-07
Random2540
Raw:1.0104241096782865e-05,2.122547334954194e-06,1.9873220007881028e-05,0.49928167041623345,6.935296550282228e-09,0.49928167041624766,2.632051939880726e-09,0.0014041591461476126,9.805874310262462e-08,2.9238684013396436e-07
EFT:1.0104241096782794e-05,2.122547334954209e-06,1.987322000788117e-05,0.499281670416237,6.935296550282277e-09,0.4992816704162441,2.6320519398807075e-09,0.0014041591461476227,9.805874310262393e-08,2.9238684013396224e-07
Random2541
Raw:1.0104241096782867e-05,2.122547334954224e-06,1.987322000788131e-05,0.49928167041624055,6.935296550282326e-09,0.49928167041624055,2.6320519398807265e-09,0.0014041591461476327,9.805874310262462e-08,2.923868401339643e-07
EFT:1.0104241096782794e-05,2.122547334954209e-06,1.987322000788117e-05,0.499281670416237,6.935296550282277e-09,0.4992816704162441,2.6320519398807075e-09,0.0014041591461476227,9.805874310262393e-08,2.9238684013396224e-07
Random2542
Raw:1.0104241096782794e-05,2.122547334954209e-06,1.9873220007880885e-05,0.499281670416237,6.9352965502821786e-09,0.4992816704162441,2.632051939880745e-09,0.0014041591461476227,9.805874310262254e-08,2.9238684013396224e-07
EFT:1.0104241096782794e-05,2.122547334954209e-06,1.987322000788117e-05,0.499281670416237,6.935296550282277e-09,0.4992816704162441,2.6320519398807075e-09,0.0014041591461476227,9.805874310262393e-08,2.9238684013396224e-07
Random2543
Raw:1.0104241096782938e-05,2.122547334954209e-06,1.9873220007880885e-05,0.499281670416237,6.935296550282277e-09,0.4992816704162441,2.632051939880745e-09,0.0014041591461476227,9.805874310262393e-08,2.9238684013396224e-07
EFT:1.0104241096782794e-05,2.122547334954209e-06,1.987322000788117e-05,0.499281670416237,6.935296550282277e-09,0.4992816704162441,2.6320519398807075e-09,0.0014041591461476227,9.805874310262393e-08,2.9238684013396224e-07
Random2544
Raw:1.0104241096782794e-05,2.122547334954209e-06,1.9873220007880885e-05,0.499281670416237,6.935296550282277e-09,0.4992816704162441,2.632051939880745e-09,0.0014041591461476227,9.805874310262254e-08,2.9238684013396224e-07
EFT:1.0104241096782794e-05,2.122547334954209e-06,1.987322000788117e-05,0.499281670416237,6.935296550282277e-09,0.4992816704162441,2.6320519398807075e-09,0.0014041591461476227,9.805874310262393e-08,2.9238684013396224e-07
Random2545
Raw:1.0104241096783009e-05,2.122547334954194e-06,1.9873220007881028e-05,0.49928167041623345,6.935296550282327e-09,0.49928167041624766,2.6320519398807638e-09,0.0014041591461476327,9.805874310262462e-08,2.9238684013396436e-07
EFT:1.0104241096782794e-05,2.122547334954209e-06,1.987322000788117e-05,0.499281670416237,6.935296550282277e-09,0.4992816704162441,2.6320519398807075e-09,0.0014041591461476227,9.805874310262393e-08,2.9238684013396224e-07
Random2546
Raw:1.0104241096782938e-05,2.122547334954209e-06,1.987322000788117e-05,0.499281670416237,6.9352965502823754e-09,0.4992816704162441,2.632051939880745e-09,0.0014041591461476227,9.805874310262532e-08,2.9238684013396637e-07
EFT:1.0104241096782794e-05,2.122547334954209e-06,1.987322000788117e-05,0.499281670416237,6.935296550282277e-09,0.4992816704162441,2.6320519398807075e-09,0.0014041591461476227,9.805874310262393e-08,2.9238684013396224e-07
Random2547
Raw:1.0104241096782938e-05,2.122547334954239e-06,1.987322000788117e-05,0.499281670416237,6.9352965502823754e-09,0.4992816704162441,2.6320519398807824e-09,0.0014041591461476227,9.805874310262532e-08,2.9238684013396637e-07
EFT:1.0104241096782794e-05,2.122547334954209e-06,1.987322000788117e-05,0.499281670416237,6.935296550282277e-09,0.4992816704162441,2.6320519398807075e-09,0.0014041591461476227,9.805874310262393e-08,2.9238684013396224e-07
Random2548
Raw:1.0104241096783009e-05,2.122547334954224e-06,1.987322000788131e-05,0.49928167041623345,6.935296550282327e-09,0.49928167041624766,2.6320519398807638e-09,0.0014041591461476327,9.805874310262601e-08,2.9238684013396436e-07
EFT:1.0104241096782794e-05,2.122547334954209e-06,1.987322000788117e-05,0.499281670416237,6.935296550282277e-09,0.4992816704162441,2.6320519398807075e-09,0.0014041591461476227,9.805874310262393e-08,2.9238684013396224e-07
Random2549
Raw:1.0104241096783009e-05,2.122547334954224e-06,1.987322000788131e-05,0.49928167041623345,6.935296550282327e-09,0.49928167041624766,2.6320519398807638e-09,0.0014041591461476327,9.805874310262462e-08,2.923868401339685e-07
EFT:1.0104241096782794e-05,2.122547334954209e-06,1.987322000788117e-05,0.499281670416237,6.935296550282277e-09,0.4992816704162441,2.6320519398807075e-09,0.0014041591461476227,9.805874310262393e-08,2.9238684013396224e-07
Random2550
Raw:1.0104241096782794e-05,2.1225473349541788e-06,1.9873220007880885e-05,0.499281670416237,6.935296550282277e-09,0.4992816704162441,2.632051939880745e-09,0.0014041591461476026,9.805874310262254e-08,2.9238684013396224e-07
EFT:1.0104241096782794e-05,2.122547334954209e-06,1.987322000788117e-05,0.499281670416237,6.935296550282277e-09,0.4992816704162441,2.6320519398807075e-09,0.0014041591461476227,9.805874310262393e-08,2.9238684013396224e-07
Random2551
Raw:1.0104241096782867e-05,2.122547334954224e-06,1.987322000788131e-05,0.49928167041624055,6.935296550282326e-09,0.49928167041624055,2.6320519398807265e-09,0.0014041591461476327,9.805874310262323e-08,2.923868401339643e-07
EFT:1.0104241096782794e-05,2.122547334954209e-06,1.987322000788117e-05,0.499281670416237,6.935296550282277e-09,0.4992816704162441,2.6320519398807075e-09,0.0014041591461476227,9.805874310262393e-08,2.9238684013396224e-07
Random2552
Raw:1.0104241096782867e-05,2.122547334954224e-06,1.987322000788131e-05,0.49928167041624055,6.935296550282326e-09,0.49928167041624055,2.6320519398807265e-09,0.0014041591461476128,9.805874310262462e-08,2.923868401339643e-07
EFT:1.0104241096782794e-05,2.122547334954209e-06,1.987322000788117e-05,0.499281670416237,6.935296550282277e-09,0.4992816704162441,2.6320519398807075e-09,0.0014041591461476227,9.805874310262393e-08,2.9238684013396224e-07
Random2553
Raw:1.0104241096782794e-05,2.122547334954209e-06,1.987322000788117e-05,0.499281670416237,6.935296550282277e-09,0.4992816704162441,2.6320519398807075e-09,0.0014041591461476026,9.805874310262393e-08,2.9238684013396224e-07
EFT:1.0104241096782794e-05,2.122547334954209e-06,1.987322000788117e-05,0.499281670416237,6.935296550282277e-09,0.4992816704162441,2.6320519398807075e-09,0.0014041591461476227,9.805874310262393e-08,2.9238684013396224e-07
Random2554
Raw:1.0104241096782867e-05,2.122547334954224e-06,1.987322000788131e-05,0.49928167041624055,6.935296550282228e-09,0.49928167041624055,2.632051939880689e-09,0.0014041591461476327,9.805874310262462e-08,2.923868401339602e-07
EFT:1.0104241096782794e-05,2.122547334954209e-06,1.987322000788117e-05,0.499281670416237,6.935296550282277e-09,0.4992816704162441,2.6320519398807075e-09,0.0014041591461476227,9.805874310262393e-08,2.9238684013396224e-07
Random2555
Raw:1.0104241096782938e-05,2.122547334954209e-06,1.987322000788117e-05,0.499281670416237,6.9352965502823754e-09,0.4992816704162441,2.632051939880745e-09,0.0014041591461476227,9.805874310262393e-08,2.9238684013396637e-07
EFT:1.0104241096782794e-05,2.122547334954209e-06,1.987322000788117e-05,0.499281670416237,6.935296550282277e-09,0.4992816704162441,2.6320519398807075e-09,0.0014041591461476227,9.805874310262393e-08,2.9238684013396224e-07
Random2556
Raw:1.0104241096782867e-05,2.122547334954224e-06,1.987322000788131e-05,0.49928167041624055,6.935296550282326e-09,0.49928167041624055,2.6320519398807638e-09,0.0014041591461476327,9.805874310262462e-08,2.923868401339643e-07
EFT:1.0104241096782794e-05,2.122547334954209e-06,1.987322000788117e-05,0.499281670416237,6.935296550282277e-09,0.4992816704162441,2.6320519398807075e-09,0.0014041591461476227,9.805874310262393e-08,2.9238684013396224e-07
Random2557
Raw:1.0104241096782938e-05,2.122547334954209e-06,1.987322000788117e-05,0.499281670416237,6.9352965502823754e-09,0.4992816704162441,2.632051939880745e-09,0.0014041591461476227,9.805874310262393e-08,2.9238684013396637e-07
EFT:1.0104241096782794e-05,2.122547334954209e-06,1.987322000788117e-05,0.499281670416237,6.935296550282277e-09,0.4992816704162441,2.6320519398807075e-09,0.0014041591461476227,9.805874310262393e-08,2.9238684013396224e-07
Random2558
Raw:1.0104241096782938e-05,2.122547334954209e-06,1.987322000788117e-05,0.499281670416237,6.9352965502823754e-09,0.4992816704162441,2.6320519398807824e-09,0.0014041591461476227,9.805874310262532e-08,2.9238684013396637e-07
EFT:1.0104241096782794e-05,2.122547334954209e-06,1.987322000788117e-05,0.499281670416237,6.935296550282277e-09,0.4992816704162441,2.6320519398807075e-09,0.0014041591461476227,9.805874310262393e-08,2.9238684013396224e-07
Random2559
Raw:1.0104241096782867e-05,2.122547334954224e-06,1.987322000788131e-05,0.49928167041624055,6.935296550282326e-09,0.49928167041624055,2.6320519398807265e-09,0.0014041591461476327,9.805874310262323e-08,2.923868401339643e-07
EFT:1.0104241096782794e-05,2.122547334954209e-06,1.987322000788117e-05,0.499281670416237,6.935296550282277e-09,0.4992816704162441,2.6320519398807075e-09,0.0014041591461476227,9.805874310262393e-08,2.9238684013396224e-07
Random2560
Raw:1.0104241096783009e-05,2.122547334954224e-06,1.9873220007881028e-05,0.49928167041623345,6.935296550282327e-09,0.49928167041624766,2.632051939880801e-09,0.0014041591461476327,9.805874310262601e-08,2.9238684013396436e-07
EFT:1.0104241096782794e-05,2.122547334954209e-06,1.987322000788117e-05,0.499281670416237,6.935296550282277e-09,0.4992816704162441,2.6320519398807075e-09,0.0014041591461476227,9.805874310262393e-08,2.9238684013396224e-07
Random2561
Raw:1.0104241096782865e-05,2.122547334954194e-06,1.9873220007881028e-05,0.49928167041623345,6.935296550282327e-09,0.49928167041624766,2.632051939880726e-09,0.0014041591461476126,9.805874310262462e-08,2.9238684013396436e-07
EFT:1.0104241096782794e-05,2.122547334954209e-06,1.987322000788117e-05,0.499281670416237,6.935296550282277e-09,0.4992816704162441,2.6320519398807075e-09,0.0014041591461476227,9.805874310262393e-08,2.9238684013396224e-07
Random2562
Raw:1.0104241096783009e-05,2.122547334954224e-06,1.987322000788131e-05,0.49928167041623345,6.935296550282424e-09,0.49928167041624766,2.6320519398807638e-09,0.0014041591461476327,9.805874310262601e-08,2.923868401339685e-07
EFT:1.0104241096782794e-05,2.122547334954209e-06,1.987322000788117e-05,0.499281670416237,6.935296550282277e-09,0.4992816704162441,2.6320519398807075e-09,0.0014041591461476227,9.805874310262393e-08,2.9238684013396224e-07
Random2563
Raw:1.0104241096782938e-05,2.122547334954209e-06,1.987322000788117e-05,0.499281670416237,6.935296550282277e-09,0.4992816704162441,2.632051939880745e-09,0.0014041591461476227,9.805874310262532e-08,2.9238684013396224e-07
EFT:1.0104241096782794e-05,2.122547334954209e-06,1.987322000788117e-05,0.499281670416237,6.935296550282277e-09,0.4992816704162441,2.6320519398807075e-09,0.0014041591461476227,9.805874310262393e-08,2.9238684013396224e-07
Random2564
Raw:1.0104241096782867e-05,2.122547334954194e-06,1.9873220007881028e-05,0.49928167041624055,6.935296550282326e-09,0.49928167041624055,2.6320519398807265e-09,0.0014041591461476128,9.805874310262602e-08,2.923868401339643e-07
EFT:1.0104241096782794e-05,2.122547334954209e-06,1.987322000788117e-05,0.499281670416237,6.935296550282277e-09,0.4992816704162441,2.6320519398807075e-09,0.0014041591461476227,9.805874310262393e-08,2.9238684013396224e-07
Random2565
Raw:1.0104241096782938e-05,2.122547334954209e-06,1.987322000788117e-05,0.499281670416237,6.9352965502823754e-09,0.4992816704162441,2.6320519398807824e-09,0.0014041591461476227,9.805874310262532e-08,2.9238684013396637e-07
EFT:1.0104241096782794e-05,2.122547334954209e-06,1.987322000788117e-05,0.499281670416237,6.935296550282277e-09,0.4992816704162441,2.6320519398807075e-09,0.0014041591461476227,9.805874310262393e-08,2.9238684013396224e-07
Random2566
Raw:1.0104241096782938e-05,2.122547334954239e-06,1.987322000788145e-05,0.499281670416237,6.935296550282277e-09,0.4992816704162441,2.632051939880745e-09,0.0014041591461476427,9.805874310262532e-08,2.9238684013396224e-07
EFT:1.0104241096782794e-05,2.122547334954209e-06,1.987322000788117e-05,0.499281670416237,6.935296550282277e-09,0.4992816704162441,2.6320519398807075e-09,0.0014041591461476227,9.805874310262393e-08,2.9238684013396224e-07
Random2567
Raw:1.0104241096782938e-05,2.122547334954239e-06,1.987322000788117e-05,0.499281670416237,6.935296550282277e-09,0.4992816704162441,2.632051939880745e-09,0.0014041591461476427,9.805874310262532e-08,2.9238684013396224e-07
EFT:1.0104241096782794e-05,2.122547334954209e-06,1.987322000788117e-05,0.499281670416237,6.935296550282277e-09,0.4992816704162441,2.6320519398807075e-09,0.0014041591461476227,9.805874310262393e-08,2.9238684013396224e-07
Random2568
Raw:1.0104241096782938e-05,2.122547334954209e-06,1.987322000788117e-05,0.499281670416237,6.935296550282277e-09,0.4992816704162441,2.632051939880745e-09,0.0014041591461476427,9.805874310262393e-08,2.9238684013396224e-07
EFT:1.0104241096782794e-05,2.122547334954209e-06,1.987322000788117e-05,0.499281670416237,6.935296550282277e-09,0.4992816704162441,2.6320519398807075e-09,0.0014041591461476227,9.805874310262393e-08,2.9238684013396224e-07
Random2569
Raw:1.0104241096782938e-05,2.122547334954239e-06,1.987322000788117e-05,0.499281670416237,6.935296550282277e-09,0.4992816704162441,2.632051939880745e-09,0.0014041591461476427,9.805874310262532e-08,2.9238684013396224e-07
EFT:1.0104241096782794e-05,2.122547334954209e-06,1.987322000788117e-05,0.499281670416237,6.935296550282277e-09,0.4992816704162441,2.6320519398807075e-09,0.0014041591461476227,9.805874310262393e-08,2.9238684013396224e-07
Random2570
Raw:1.0104241096782867e-05,2.122547334954194e-06,1.9873220007881028e-05,0.49928167041624055,6.935296550282326e-09,0.49928167041624055,2.6320519398807265e-09,0.0014041591461476128,9.805874310262323e-08,2.923868401339643e-07
EFT:1.0104241096782794e-05,2.122547334954209e-06,1.987322000788117e-05,0.499281670416237,6.935296550282277e-09,0.4992816704162441,2.6320519398807075e-09,0.0014041591461476227,9.805874310262393e-08,2.9238684013396224e-07
Random2571
Raw:1.0104241096782938e-05,2.122547334954209e-06,1.9873220007880885e-05,0.499281670416237,6.935296550282277e-09,0.4992816704162441,2.632051939880745e-09,0.0014041591461476227,9.805874310262532e-08,2.9238684013396224e-07
EFT:1.0104241096782794e-05,2.122547334954209e-06,1.987322000788117e-05,0.499281670416237,6.935296550282277e-09,0.4992816704162441,2.6320519398807075e-09,0.0014041591461476227,9.805874310262393e-08,2.9238684013396224e-07
Random2572
Raw:1.0104241096782938e-05,2.122547334954209e-06,1.987322000788117e-05,0.499281670416237,6.935296550282277e-09,0.4992816704162441,2.632051939880745e-09,0.0014041591461476427,9.805874310262393e-08,2.9238684013396224e-07
EFT:1.0104241096782794e-05,2.122547334954209e-06,1.987322000788117e-05,0.499281670416237,6.935296550282277e-09,0.4992816704162441,2.6320519398807075e-09,0.0014041591461476227,9.805874310262393e-08,2.9238684013396224e-07
Random2573
Raw:1.0104241096782938e-05,2.122547334954209e-06,1.987322000788117e-05,0.499281670416237,6.9352965502823754e-09,0.4992816704162441,2.632051939880745e-09,0.0014041591461476227,9.805874310262393e-08,2.9238684013396637e-07
EFT:1.0104241096782794e-05,2.122547334954209e-06,1.987322000788117e-05,0.499281670416237,6.935296550282277e-09,0.4992816704162441,2.6320519398807075e-09,0.0014041591461476227,9.805874310262393e-08,2.9238684013396224e-07
Random2574
Raw:1.0104241096782938e-05,2.122547334954209e-06,1.987322000788117e-05,0.499281670416237,6.9352965502823754e-09,0.4992816704162441,2.632051939880745e-09,0.0014041591461476227,9.805874310262393e-08,2.9238684013396637e-07
EFT:1.0104241096782794e-05,2.122547334954209e-06,1.987322000788117e-05,0.499281670416237,6.935296550282277e-09,0.4992816704162441,2.6320519398807075e-09,0.0014041591461476227,9.805874310262393e-08,2.9238684013396224e-07
Random2575
Raw:1.0104241096782938e-05,2.122547334954209e-06,1.987322000788117e-05,0.499281670416237,6.9352965502823754e-09,0.4992816704162441,2.632051939880745e-09,0.0014041591461476227,9.805874310262532e-08,2.9238684013396637e-07
EFT:1.0104241096782794e-05,2.122547334954209e-06,1.987322000788117e-05,0.499281670416237,6.935296550282277e-09,0.4992816704162441,2.6320519398807075e-09,0.0014041591461476227,9.805874310262393e-08,2.9238684013396224e-07
Random2576
Raw:1.0104241096783009e-05,2.122547334954224e-06,1.9873220007881028e-05,0.49928167041623345,6.935296550282327e-09,0.49928167041624766,2.6320519398807638e-09,0.0014041591461476327,9.805874310262601e-08,2.9238684013396436e-07
EFT:1.0104241096782794e-05,2.122547334954209e-06,1.987322000788117e-05,0.499281670416237,6.935296550282277e-09,0.4992816704162441,2.6320519398807075e-09,0.0014041591461476227,9.805874310262393e-08,2.9238684013396224e-07
Random2577
Raw:1.0104241096782938e-05,2.122547334954209e-06,1.9873220007880885e-05,0.499281670416237,6.935296550282277e-09,0.4992816704162441,2.632051939880745e-09,0.0014041591461476227,9.805874310262532e-08,2.9238684013396224e-07
EFT:1.0104241096782794e-05,2.122547334954209e-06,1.987322000788117e-05,0.499281670416237,6.935296550282277e-09,0.4992816704162441,2.6320519398807075e-09,0.0014041591461476227,9.805874310262393e-08,2.9238684013396224e-07
Random2578
Raw:1.0104241096782794e-05,2.122547334954209e-06,1.987322000788117e-05,0.499281670416237,6.9352965502821786e-09,0.4992816704162441,2.6320519398807075e-09,0.0014041591461476227,9.805874310262393e-08,2.9238684013396224e-07
EFT:1.0104241096782794e-05,2.122547334954209e-06,1.987322000788117e-05,0.499281670416237,6.935296550282277e-09,0.4992816704162441,2.6320519398807075e-09,0.0014041591461476227,9.805874310262393e-08,2.9238684013396224e-07
Random2579
Raw:1.0104241096782794e-05,2.1225473349541788e-06,1.9873220007880885e-05,0.499281670416237,6.935296550282277e-09,0.4992816704162441,2.632051939880745e-09,0.0014041591461476026,9.805874310262254e-08,2.9238684013396224e-07
EFT:1.0104241096782794e-05,2.122547334954209e-06,1.987322000788117e-05,0.499281670416237,6.935296550282277e-09,0.4992816704162441,2.6320519398807075e-09,0.0014041591461476227,9.805874310262393e-08,2.9238684013396224e-07
Random2580
Raw:1.0104241096782938e-05,2.122547334954209e-06,1.987322000788117e-05,0.499281670416237,6.935296550282277e-09,0.4992816704162441,2.632051939880745e-09,0.0014041591461476227,9.805874310262532e-08,2.9238684013396224e-07
EFT:1.0104241096782794e-05,2.122547334954209e-06,1.987322000788117e-05,0.499281670416237,6.935296550282277e-09,0.4992816704162441,2.6320519398807075e-09,0.0014041591461476227,9.805874310262393e-08,2.9238684013396224e-07
Random2581
Raw:1.0104241096782938e-05,2.122547334954209e-06,1.987322000788117e-05,0.499281670416237,6.9352965502823754e-09,0.4992816704162441,2.632051939880745e-09,0.0014041591461476227,9.805874310262393e-08,2.9238684013396637e-07
EFT:1.0104241096782794e-05,2.122547334954209e-06,1.987322000788117e-05,0.499281670416237,6.935296550282277e-09,0.4992816704162441,2.6320519398807075e-09,0.0014041591461476227,9.805874310262393e-08,2.9238684013396224e-07
Random2582
Raw:1.0104241096782794e-05,2.1225473349541788e-06,1.9873220007880885e-05,0.499281670416237,6.9352965502821786e-09,0.4992816704162441,2.632051939880745e-09,0.0014041591461476026,9.805874310262254e-08,2.9238684013396224e-07
EFT:1.0104241096782794e-05,2.122547334954209e-06,1.987322000788117e-05,0.499281670416237,6.935296550282277e-09,0.4992816704162441,2.6320519398807075e-09,0.0014041591461476227,9.805874310262393e-08,2.9238684013396224e-07
Random2583
Raw:1.0104241096782938e-05,2.122547334954209e-06,1.9873220007880885e-05,0.499281670416237,6.935296550282277e-09,0.4992816704162441,2.632051939880745e-09,0.0014041591461476227,9.805874310262532e-08,2.9238684013396224e-07
EFT:1.0104241096782794e-05,2.122547334954209e-06,1.987322000788117e-05,0.499281670416237,6.935296550282277e-09,0.4992816704162441,2.6320519398807075e-09,0.0014041591461476227,9.805874310262393e-08,2.9238684013396224e-07
Random2584
Raw:1.0104241096782938e-05,2.122547334954209e-06,1.987322000788117e-05,0.499281670416237,6.9352965502823754e-09,0.4992816704162441,2.632051939880745e-09,0.0014041591461476227,9.805874310262393e-08,2.9238684013396637e-07
EFT:1.0104241096782794e-05,2.122547334954209e-06,1.987322000788117e-05,0.499281670416237,6.935296550282277e-09,0.4992816704162441,2.6320519398807075e-09,0.0014041591461476227,9.805874310262393e-08,2.9238684013396224e-07
Random2585
Raw:1.0104241096783009e-05,2.122547334954224e-06,1.987322000788131e-05,0.49928167041623345,6.935296550282327e-09,0.49928167041624766,2.6320519398807638e-09,0.0014041591461476327,9.805874310262601e-08,2.9238684013396436e-07
EFT:1.0104241096782794e-05,2.122547334954209e-06,1.987322000788117e-05,0.499281670416237,6.935296550282277e-09,0.4992816704162441,2.6320519398807075e-09,0.0014041591461476227,9.805874310262393e-08,2.9238684013396224e-07
Random2586
Raw:1.0104241096782867e-05,2.122547334954224e-06,1.987322000788131e-05,0.49928167041624055,6.935296550282326e-09,0.49928167041624055,2.6320519398807265e-09,0.0014041591461476128,9.805874310262462e-08,2.923868401339643e-07
EFT:1.0104241096782794e-05,2.122547334954209e-06,1.987322000788117e-05,0.499281670416237,6.935296550282277e-09,0.4992816704162441,2.6320519398807075e-09,0.0014041591461476227,9.805874310262393e-08,2.9238684013396224e-07
Random2587
Raw:1.0104241096782867e-05,2.122547334954224e-06,1.987322000788131e-05,0.49928167041624055,6.935296550282228e-09,0.49928167041624055,2.632051939880689e-09,0.0014041591461476327,9.805874310262323e-08,2.923868401339643e-07
EFT:1.0104241096782794e-05,2.122547334954209e-06,1.987322000788117e-05,0.499281670416237,6.935296550282277e-09,0.4992816704162441,2.6320519398807075e-09,0.0014041591461476227,9.805874310262393e-08,2.9238684013396224e-07
Random2588
Raw:1.0104241096782938e-05,2.122547334954209e-06,1.987322000788117e-05,0.499281670416237,6.935296550282277e-09,0.4992816704162441,2.632051939880745e-09,0.0014041591461476227,9.805874310262532e-08,2.9238684013396224e-07
EFT:1.0104241096782794e-05,2.122547334954209e-06,1.987322000788117e-05,0.499281670416237,6.935296550282277e-09,0.4992816704162441,2.6320519398807075e-09,0.0014041591461476227,9.805874310262393e-08,2.9238684013396224e-07
Random2589
Raw:1.0104241096782867e-05,2.122547334954224e-06,1.9873220007881028e-05,0.49928167041624055,6.935296550282326e-09,0.49928167041624055,2.6320519398807638e-09,0.0014041591461476128,9.805874310262462e-08,2.923868401339643e-07
EFT:1.0104241096782794e-05,2.122547334954209e-06,1.987322000788117e-05,0.499281670416237,6.935296550282277e-09,0.4992816704162441,2.6320519398807075e-09,0.0014041591461476227,9.805874310262393e-08,2.9238684013396224e-07
Random2590
Raw:1.0104241096782794e-05,2.122547334954209e-06,1.9873220007880885e-05,0.499281670416237,6.935296550282277e-09,0.4992816704162441,2.632051939880745e-09,0.0014041591461476227,9.805874310262254e-08,2.9238684013396224e-07
EFT:1.0104241096782794e-05,2.122547334954209e-06,1.987322000788117e-05,0.499281670416237,6.935296550282277e-09,0.4992816704162441,2.6320519398807075e-09,0.0014041591461476227,9.805874310262393e-08,2.9238684013396224e-07
Random2591
Raw:1.0104241096782794e-05,2.122547334954209e-06,1.987322000788117e-05,0.499281670416237,6.935296550282277e-09,0.4992816704162441,2.6320519398807075e-09,0.0014041591461476227,9.805874310262393e-08,2.9238684013396224e-07
EFT:1.0104241096782794e-05,2.122547334954209e-06,1.987322000788117e-05,0.499281670416237,6.935296550282277e-09,0.4992816704162441,2.6320519398807075e-09,0.0014041591461476227,9.805874310262393e-08,2.9238684013396224e-07
Random2592
Raw:1.0104241096782938e-05,2.122547334954209e-06,1.987322000788117e-05,0.499281670416237,6.9352965502823754e-09,0.4992816704162441,2.632051939880745e-09,0.0014041591461476227,9.805874310262393e-08,2.9238684013396637e-07
EFT:1.0104241096782794e-05,2.122547334954209e-06,1.987322000788117e-05,0.499281670416237,6.935296550282277e-09,0.4992816704162441,2.6320519398807075e-09,0.0014041591461476227,9.805874310262393e-08,2.9238684013396224e-07
Random2593
Raw:1.0104241096782938e-05,2.122547334954209e-06,1.987322000788117e-05,0.499281670416237,6.935296550282277e-09,0.4992816704162441,2.632051939880745e-09,0.0014041591461476427,9.805874310262393e-08,2.9238684013396224e-07
EFT:1.0104241096782794e-05,2.122547334954209e-06,1.987322000788117e-05,0.499281670416237,6.935296550282277e-09,0.4992816704162441,2.6320519398807075e-09,0.0014041591461476227,9.805874310262393e-08,2.9238684013396224e-07
Random2594
Raw:1.0104241096782867e-05,2.122547334954224e-06,1.9873220007881028e-05,0.49928167041624055,6.935296550282326e-09,0.49928167041624055,2.6320519398807265e-09,0.0014041591461476327,9.805874310262323e-08,2.923868401339643e-07
EFT:1.0104241096782794e-05,2.122547334954209e-06,1.987322000788117e-05,0.499281670416237,6.935296550282277e-09,0.4992816704162441,2.6320519398807075e-09,0.0014041591461476227,9.805874310262393e-08,2.9238684013396224e-07
Random2595
Raw:1.0104241096783082e-05,2.122547334954239e-06,1.987322000788145e-05,0.499281670416237,6.935296550282475e-09,0.4992816704162441,2.6320519398807824e-09,0.0014041591461476427,9.805874310262532e-08,2.9238684013396637e-07
EFT:1.0104241096782794e-05,2.122547334954209e-06,1.987322000788117e-05,0.499281670416237,6.935296550282277e-09,0.4992816704162441,2.6320519398807075e-09,0.0014041591461476227,9.805874310262393e-08,2.9238684013396224e-07
Random2596
Raw:1.0104241096782938e-05,2.122547334954209e-06,1.987322000788117e-05,0.499281670416237,6.9352965502823754e-09,0.4992816704162441,2.632051939880745e-09,0.0014041591461476227,9.805874310262532e-08,2.9238684013396637e-07
EFT:1.0104241096782794e-05,2.122547334954209e-06,1.987322000788117e-05,0.499281670416237,6.935296550282277e-09,0.4992816704162441,2.6320519398807075e-09,0.0014041591461476227,9.805874310262393e-08,2.9238684013396224e-07
Random2597
Raw:1.0104241096782867e-05,2.122547334954194e-06,1.9873220007881028e-05,0.49928167041624055,6.935296550282228e-09,0.49928167041624055,2.632051939880689e-09,0.0014041591461476128,9.805874310262462e-08,2.923868401339602e-07
EFT:1.0104241096782794e-05,2.122547334954209e-06,1.987322000788117e-05,0.499281670416237,6.935296550282277e-09,0.4992816704162441,2.6320519398807075e-09,0.0014041591461476227,9.805874310262393e-08,2.9238684013396224e-07
Random2598
Raw:1.0104241096782867e-05,2.122547334954224e-06,1.987322000788131e-05,0.49928167041624055,6.935296550282326e-09,0.49928167041624055,2.6320519398807265e-09,0.0014041591461476128,9.805874310262462e-08,2.923868401339643e-07
EFT:1.0104241096782794e-05,2.122547334954209e-06,1.987322000788117e-05,0.499281670416237,6.935296550282277e-09,0.4992816704162441,2.6320519398807075e-09,0.0014041591461476227,9.805874310262393e-08,2.9238684013396224e-07
Random2599
Raw:1.0104241096782794e-05,2.122547334954209e-06,1.9873220007880885e-05,0.499281670416237,6.935296550282277e-09,0.4992816704162441,2.632051939880745e-09,0.0014041591461476227,9.805874310262254e-08,2.9238684013396224e-07
EFT:1.0104241096782794e-05,2.122547334954209e-06,1.987322000788117e-05,0.499281670416237,6.935296550282277e-09,0.4992816704162441,2.6320519398807075e-09,0.0014041591461476227,9.805874310262393e-08,2.9238684013396224e-07
Random2600
Raw:1.0104241096782938e-05,2.1225473349541788e-06,1.9873220007880885e-05,0.499281670416237,6.935296550282277e-09,0.4992816704162441,2.632051939880745e-09,0.0014041591461476026,9.805874310262532e-08,2.9238684013396224e-07
EFT:1.0104241096782794e-05,2.122547334954209e-06,1.987322000788117e-05,0.499281670416237,6.935296550282277e-09,0.4992816704162441,2.6320519398807075e-09,0.0014041591461476227,9.805874310262393e-08,2.9238684013396224e-07
Random2601
Raw:1.0104241096782723e-05,2.122547334954194e-06,1.9873220007881028e-05,0.49928167041624055,6.93529655028213e-09,0.49928167041624055,2.6320519398806513e-09,0.0014041591461476327,9.805874310262323e-08,2.923868401339602e-07
EFT:1.0104241096782794e-05,2.122547334954209e-06,1.987322000788117e-05,0.499281670416237,6.935296550282277e-09,0.4992816704162441,2.6320519398807075e-09,0.0014041591461476227,9.805874310262393e-08,2.9238684013396224e-07
Random2602
Raw:1.0104241096782867e-05,2.122547334954224e-06,1.987322000788131e-05,0.49928167041624055,6.935296550282326e-09,0.49928167041624055,2.6320519398807265e-09,0.0014041591461476327,9.805874310262462e-08,2.923868401339643e-07
EFT:1.0104241096782794e-05,2.122547334954209e-06,1.987322000788117e-05,0.499281670416237,6.935296550282277e-09,0.4992816704162441,2.6320519398807075e-09,0.0014041591461476227,9.805874310262393e-08,2.9238684013396224e-07
Random2603
Raw:1.0104241096782794e-05,2.122547334954209e-06,1.987322000788117e-05,0.499281670416237,6.935296550282277e-09,0.4992816704162441,2.6320519398807075e-09,0.0014041591461476227,9.805874310262393e-08,2.9238684013396224e-07
EFT:1.0104241096782794e-05,2.122547334954209e-06,1.987322000788117e-05,0.499281670416237,6.935296550282277e-09,0.4992816704162441,2.6320519398807075e-09,0.0014041591461476227,9.805874310262393e-08,2.9238684013396224e-07
Random2604
Raw:1.0104241096782938e-05,2.122547334954209e-06,1.987322000788117e-05,0.499281670416237,6.9352965502823754e-09,0.4992816704162441,2.6320519398807824e-09,0.0014041591461476227,9.805874310262532e-08,2.9238684013396637e-07
EFT:1.0104241096782794e-05,2.122547334954209e-06,1.987322000788117e-05,0.499281670416237,6.935296550282277e-09,0.4992816704162441,2.6320519398807075e-09,0.0014041591461476227,9.805874310262393e-08,2.9238684013396224e-07
Random2605
Raw:1.0104241096782867e-05,2.122547334954224e-06,1.987322000788131e-05,0.49928167041624055,6.935296550282326e-09,0.49928167041624055,2.6320519398807265e-09,0.0014041591461476327,9.805874310262462e-08,2.923868401339643e-07
EFT:1.0104241096782794e-05,2.122547334954209e-06,1.987322000788117e-05,0.499281670416237,6.935296550282277e-09,0.4992816704162441,2.6320519398807075e-09,0.0014041591461476227,9.805874310262393e-08,2.9238684013396224e-07
Random2606
Raw:1.0104241096782938e-05,2.122547334954209e-06,1.987322000788117e-05,0.499281670416237,6.935296550282277e-09,0.4992816704162441,2.632051939880745e-09,0.0014041591461476227,9.805874310262532e-08,2.9238684013396224e-07
EFT:1.0104241096782794e-05,2.122547334954209e-06,1.987322000788117e-05,0.499281670416237,6.935296550282277e-09,0.4992816704162441,2.6320519398807075e-09,0.0014041591461476227,9.805874310262393e-08,2.9238684013396224e-07
Random2607
Raw:1.0104241096782794e-05,2.122547334954209e-06,1.987322000788117e-05,0.4992816704162441,6.935296550282277e-09,0.499281670416237,2.63205193988067e-09,0.0014041591461476227,9.805874310262393e-08,2.9238684013396224e-07
EFT:1.0104241096782794e-05,2.122547334954209e-06,1.987322000788117e-05,0.499281670416237,6.935296550282277e-09,0.4992816704162441,2.6320519398807075e-09,0.0014041591461476227,9.805874310262393e-08,2.9238684013396224e-07
Random2608
Raw:1.0104241096782794e-05,2.122547334954209e-06,1.987322000788117e-05,0.499281670416237,6.9352965502821786e-09,0.4992816704162441,2.6320519398807075e-09,0.0014041591461476227,9.805874310262393e-08,2.9238684013396224e-07
EFT:1.0104241096782794e-05,2.122547334954209e-06,1.987322000788117e-05,0.499281670416237,6.935296550282277e-09,0.4992816704162441,2.6320519398807075e-09,0.0014041591461476227,9.805874310262393e-08,2.9238684013396224e-07
Random2609
Raw:1.0104241096782794e-05,2.122547334954209e-06,1.9873220007880885e-05,0.499281670416237,6.9352965502821786e-09,0.4992816704162441,2.632051939880745e-09,0.0014041591461476227,9.805874310262254e-08,2.9238684013396224e-07
EFT:1.0104241096782794e-05,2.122547334954209e-06,1.987322000788117e-05,0.499281670416237,6.935296550282277e-09,0.4992816704162441,2.6320519398807075e-09,0.0014041591461476227,9.805874310262393e-08,2.9238684013396224e-07
Random2610
Raw:1.0104241096782938e-05,2.122547334954209e-06,1.987322000788117e-05,0.499281670416237,6.935296550282277e-09,0.4992816704162441,2.632051939880745e-09,0.0014041591461476227,9.805874310262532e-08,2.9238684013396224e-07
EFT:1.0104241096782794e-05,2.122547334954209e-06,1.987322000788117e-05,0.499281670416237,6.935296550282277e-09,0.4992816704162441,2.6320519398807075e-09,0.0014041591461476227,9.805874310262393e-08,2.9238684013396224e-07
Random2611
Raw:1.0104241096782794e-05,2.122547334954209e-06,1.987322000788117e-05,0.4992816704162441,6.935296550282277e-09,0.499281670416237,2.63205193988067e-09,0.0014041591461476227,9.805874310262532e-08,2.9238684013396224e-07
EFT:1.0104241096782794e-05,2.122547334954209e-06,1.987322000788117e-05,0.499281670416237,6.935296550282277e-09,0.4992816704162441,2.6320519398807075e-09,0.0014041591461476227,9.805874310262393e-08,2.9238684013396224e-07
Random2612
Raw:1.0104241096783009e-05,2.122547334954224e-06,1.9873220007881028e-05,0.49928167041623345,6.935296550282327e-09,0.49928167041624766,2.6320519398807638e-09,0.0014041591461476327,9.805874310262601e-08,2.9238684013396436e-07
EFT:1.0104241096782794e-05,2.122547334954209e-06,1.987322000788117e-05,0.499281670416237,6.935296550282277e-09,0.4992816704162441,2.6320519398807075e-09,0.0014041591461476227,9.805874310262393e-08,2.9238684013396224e-07
Random2613
Raw:1.0104241096782938e-05,2.122547334954239e-06,1.987322000788117e-05,0.499281670416237,6.935296550282277e-09,0.4992816704162441,2.632051939880745e-09,0.0014041591461476427,9.805874310262393e-08,2.9238684013396637e-07
EFT:1.0104241096782794e-05,2.122547334954209e-06,1.987322000788117e-05,0.499281670416237,6.935296550282277e-09,0.4992816704162441,2.6320519398807075e-09,0.0014041591461476227,9.805874310262393e-08,2.9238684013396224e-07
Random2614
Raw:1.0104241096782794e-05,2.122547334954209e-06,1.987322000788117e-05,0.499281670416237,6.9352965502821786e-09,0.4992816704162441,2.6320519398807075e-09,0.0014041591461476227,9.805874310262393e-08,2.9238684013396224e-07
EFT:1.0104241096782794e-05,2.122547334954209e-06,1.987322000788117e-05,0.499281670416237,6.935296550282277e-09,0.4992816704162441,2.6320519398807075e-09,0.0014041591461476227,9.805874310262393e-08,2.9238684013396224e-07
Random2615
Raw:1.0104241096782867e-05,2.122547334954194e-06,1.9873220007881028e-05,0.49928167041624055,6.935296550282326e-09,0.49928167041624055,2.6320519398807265e-09,0.0014041591461476128,9.805874310262602e-08,2.923868401339643e-07
EFT:1.0104241096782794e-05,2.122547334954209e-06,1.987322000788117e-05,0.499281670416237,6.935296550282277e-09,0.4992816704162441,2.6320519398807075e-09,0.0014041591461476227,9.805874310262393e-08,2.9238684013396224e-07
Random2616
Raw:1.0104241096782938e-05,2.122547334954209e-06,1.987322000788117e-05,0.499281670416237,6.9352965502823754e-09,0.4992816704162441,2.632051939880745e-09,0.0014041591461476227,9.805874310262532e-08,2.9238684013396637e-07
EFT:1.0104241096782794e-05,2.122547334954209e-06,1.987322000788117e-05,0.499281670416237,6.935296550282277e-09,0.4992816704162441,2.6320519398807075e-09,0.0014041591461476227,9.805874310262393e-08,2.9238684013396224e-07
Random2617
Raw:1.0104241096782938e-05,2.122547334954209e-06,1.987322000788117e-05,0.499281670416237,6.935296550282277e-09,0.4992816704162441,2.632051939880745e-09,0.0014041591461476227,9.805874310262532e-08,2.9238684013396224e-07
EFT:1.0104241096782794e-05,2.122547334954209e-06,1.987322000788117e-05,0.499281670416237,6.935296550282277e-09,0.4992816704162441,2.6320519398807075e-09,0.0014041591461476227,9.805874310262393e-08,2.9238684013396224e-07
Random2618
Raw:1.0104241096782938e-05,2.122547334954239e-06,1.987322000788145e-05,0.499281670416237,6.935296550282277e-09,0.4992816704162441,2.632051939880745e-09,0.0014041591461476427,9.805874310262532e-08,2.9238684013396224e-07
EFT:1.0104241096782794e-05,2.122547334954209e-06,1.987322000788117e-05,0.499281670416237,6.935296550282277e-09,0.4992816704162441,2.6320519398807075e-09,0.0014041591461476227,9.805874310262393e-08,2.9238684013396224e-07
Random2619
Raw:1.0104241096782794e-05,2.122547334954209e-06,1.9873220007880885e-05,0.499281670416237,6.9352965502821786e-09,0.4992816704162441,2.6320519398807075e-09,0.0014041591461476026,9.805874310262393e-08,2.9238684013396224e-07
EFT:1.0104241096782794e-05,2.122547334954209e-06,1.987322000788117e-05,0.499281670416237,6.935296550282277e-09,0.4992816704162441,2.6320519398807075e-09,0.0014041591461476227,9.805874310262393e-08,2.9238684013396224e-07
Random2620
Raw:1.0104241096782938e-05,2.122547334954239e-06,1.987322000788145e-05,0.499281670416237,6.935296550282277e-09,0.4992816704162441,2.632051939880745e-09,0.0014041591461476427,9.805874310262393e-08,2.9238684013396637e-07
EFT:1.0104241096782794e-05,2.122547334954209e-06,1.987322000788117e-05,0.499281670416237,6.935296550282277e-09,0.4992816704162441,2.6320519398807075e-09,0.0014041591461476227,9.805874310262393e-08,2.9238684013396224e-07
Random2621
Raw:1.0104241096783009e-05,2.122547334954224e-06,1.987322000788131e-05,0.49928167041623345,6.935296550282327e-09,0.49928167041624766,2.6320519398807638e-09,0.0014041591461476327,9.805874310262462e-08,2.923868401339685e-07
EFT:1.0104241096782794e-05,2.122547334954209e-06,1.987322000788117e-05,0.499281670416237,6.935296550282277e-09,0.4992816704162441,2.6320519398807075e-09,0.0014041591461476227,9.805874310262393e-08,2.9238684013396224e-07
Random2622
Raw:1.0104241096782794e-05,2.122547334954209e-06,1.9873220007880885e-05,0.499281670416237,6.935296550282277e-09,0.4992816704162441,2.6320519398807075e-09,0.0014041591461476026,9.805874310262393e-08,2.9238684013396224e-07
EFT:1.0104241096782794e-05,2.122547334954209e-06,1.987322000788117e-05,0.499281670416237,6.935296550282277e-09,0.4992816704162441,2.6320519398807075e-09,0.0014041591461476227,9.805874310262393e-08,2.9238684013396224e-07
Random2623
Raw:1.0104241096782867e-05,2.122547334954194e-06,1.9873220007881028e-05,0.49928167041624055,6.935296550282228e-09,0.49928167041624055,2.632051939880689e-09,0.0014041591461476128,9.805874310262462e-08,2.923868401339602e-07
EFT:1.0104241096782794e-05,2.122547334954209e-06,1.987322000788117e-05,0.499281670416237,6.935296550282277e-09,0.4992816704162441,2.6320519398807075e-09,0.0014041591461476227,9.805874310262393e-08,2.9238684013396224e-07
Random2624
Raw:1.0104241096782794e-05,2.122547334954209e-06,1.987322000788117e-05,0.499281670416237,6.9352965502821786e-09,0.4992816704162441,2.6320519398807075e-09,0.0014041591461476026,9.805874310262393e-08,2.9238684013396224e-07
EFT:1.0104241096782794e-05,2.122547334954209e-06,1.987322000788117e-05,0.499281670416237,6.935296550282277e-09,0.4992816704162441,2.6320519398807075e-09,0.0014041591461476227,9.805874310262393e-08,2.9238684013396224e-07
Random2625
Raw:1.0104241096782938e-05,2.122547334954239e-06,1.987322000788145e-05,0.499281670416237,6.935296550282277e-09,0.4992816704162441,2.632051939880745e-09,0.0014041591461476427,9.805874310262393e-08,2.9238684013396637e-07
EFT:1.0104241096782794e-05,2.122547334954209e-06,1.987322000788117e-05,0.499281670416237,6.935296550282277e-09,0.4992816704162441,2.6320519398807075e-09,0.0014041591461476227,9.805874310262393e-08,2.9238684013396224e-07
Random2626
Raw:1.0104241096783082e-05,2.122547334954239e-06,1.987322000788145e-05,0.499281670416237,6.935296550282475e-09,0.4992816704162441,2.6320519398807824e-09,0.0014041591461476427,9.80587431026281e-08,2.9238684013397055e-07
EFT:1.0104241096782794e-05,2.122547334954209e-06,1.987322000788117e-05,0.499281670416237,6.935296550282277e-09,0.4992816704162441,2.6320519398807075e-09,0.0014041591461476227,9.805874310262393e-08,2.9238684013396224e-07
Random2627
Raw:1.0104241096783009e-05,2.122547334954194e-06,1.9873220007881028e-05,0.49928167041623345,6.935296550282327e-09,0.49928167041624766,2.6320519398807638e-09,0.0014041591461476327,9.805874310262462e-08,2.9238684013396436e-07
EFT:1.0104241096782794e-05,2.122547334954209e-06,1.987322000788117e-05,0.499281670416237,6.935296550282277e-09,0.4992816704162441,2.6320519398807075e-09,0.0014041591461476227,9.805874310262393e-08,2.9238684013396224e-07
Random2628
Raw:1.0104241096782938e-05,2.122547334954209e-06,1.987322000788117e-05,0.499281670416237,6.935296550282277e-09,0.4992816704162441,2.632051939880745e-09,0.0014041591461476227,9.805874310262393e-08,2.9238684013396637e-07
EFT:1.0104241096782794e-05,2.122547334954209e-06,1.987322000788117e-05,0.499281670416237,6.935296550282277e-09,0.4992816704162441,2.6320519398807075e-09,0.0014041591461476227,9.805874310262393e-08,2.9238684013396224e-07
Random2629
Raw:1.0104241096782938e-05,2.122547334954239e-06,1.987322000788145e-05,0.499281670416237,6.935296550282277e-09,0.4992816704162441,2.632051939880745e-09,0.0014041591461476427,9.805874310262393e-08,2.9238684013396637e-07
EFT:1.0104241096782794e-05,2.122547334954209e-06,1.987322000788117e-05,0.499281670416237,6.935296550282277e-09,0.4992816704162441,2.6320519398807075e-09,0.0014041591461476227,9.805874310262393e-08,2.9238684013396224e-07
Random2630
Raw:1.0104241096782938e-05,2.122547334954239e-06,1.987322000788145e-05,0.499281670416237,6.935296550282277e-09,0.4992816704162441,2.632051939880745e-09,0.0014041591461476427,9.805874310262393e-08,2.9238684013396637e-07
EFT:1.0104241096782794e-05,2.122547334954209e-06,1.987322000788117e-05,0.499281670416237,6.935296550282277e-09,0.4992816704162441,2.6320519398807075e-09,0.0014041591461476227,9.805874310262393e-08,2.9238684013396224e-07
Random2631
Raw:1.0104241096782938e-05,2.122547334954209e-06,1.987322000788117e-05,0.499281670416237,6.9352965502823754e-09,0.4992816704162441,2.632051939880745e-09,0.0014041591461476227,9.805874310262672e-08,2.9238684013396637e-07
EFT:1.0104241096782794e-05,2.122547334954209e-06,1.987322000788117e-05,0.499281670416237,6.935296550282277e-09,0.4992816704162441,2.6320519398807075e-09,0.0014041591461476227,9.805874310262393e-08,2.9238684013396224e-07
Random2632
Raw:1.0104241096782938e-05,2.122547334954209e-06,1.987322000788117e-05,0.499281670416237,6.935296550282277e-09,0.4992816704162441,2.632051939880745e-09,0.0014041591461476227,9.805874310262532e-08,2.9238684013396224e-07
EFT:1.0104241096782794e-05,2.122547334954209e-06,1.987322000788117e-05,0.499281670416237,6.935296550282277e-09,0.4992816704162441,2.6320519398807075e-09,0.0014041591461476227,9.805874310262393e-08,2.9238684013396224e-07
Random2633
Raw:1.0104241096782867e-05,2.122547334954224e-06,1.987322000788131e-05,0.49928167041624055,6.935296550282326e-09,0.49928167041624055,2.6320519398807265e-09,0.0014041591461476327,9.805874310262323e-08,2.923868401339643e-07
EFT:1.0104241096782794e-05,2.122547334954209e-06,1.987322000788117e-05,0.499281670416237,6.935296550282277e-09,0.4992816704162441,2.6320519398807075e-09,0.0014041591461476227,9.805874310262393e-08,2.9238684013396224e-07
Random2634
Raw:1.0104241096782938e-05,2.122547334954239e-06,1.987322000788145e-05,0.499281670416237,6.935296550282277e-09,0.4992816704162441,2.632051939880745e-09,0.0014041591461476427,9.805874310262532e-08,2.9238684013396224e-07
EFT:1.0104241096782794e-05,2.122547334954209e-06,1.987322000788117e-05,0.499281670416237,6.935296550282277e-09,0.4992816704162441,2.6320519398807075e-09,0.0014041591461476227,9.805874310262393e-08,2.9238684013396224e-07
Random2635
Raw:1.0104241096783009e-05,2.122547334954194e-06,1.9873220007881028e-05,0.49928167041623345,6.935296550282327e-09,0.49928167041624766,2.6320519398807638e-09,0.0014041591461476126,9.805874310262601e-08,2.9238684013396436e-07
EFT:1.0104241096782794e-05,2.122547334954209e-06,1.987322000788117e-05,0.499281670416237,6.935296550282277e-09,0.4992816704162441,2.6320519398807075e-09,0.0014041591461476227,9.805874310262393e-08,2.9238684013396224e-07
Random2636
Raw:1.0104241096782794e-05,2.122547334954209e-06,1.9873220007880885e-05,0.499281670416237,6.9352965502821786e-09,0.4992816704162441,2.6320519398807075e-09,0.0014041591461476026,9.805874310262393e-08,2.9238684013396224e-07
EFT:1.0104241096782794e-05,2.122547334954209e-06,1.987322000788117e-05,0.499281670416237,6.935296550282277e-09,0.4992816704162441,2.6320519398807075e-09,0.0014041591461476227,9.805874310262393e-08,2.9238684013396224e-07
Random2637
Raw:1.0104241096782865e-05,2.122547334954194e-06,1.9873220007881028e-05,0.49928167041623345,6.935296550282327e-09,0.49928167041624766,2.6320519398807638e-09,0.0014041591461476126,9.805874310262324e-08,2.9238684013396436e-07
EFT:1.0104241096782794e-05,2.122547334954209e-06,1.987322000788117e-05,0.499281670416237,6.935296550282277e-09,0.4992816704162441,2.6320519398807075e-09,0.0014041591461476227,9.805874310262393e-08,2.9238684013396224e-07
Random2638
Raw:1.0104241096782938e-05,2.122547334954239e-06,1.987322000788145e-05,0.499281670416237,6.935296550282277e-09,0.4992816704162441,2.632051939880745e-09,0.0014041591461476427,9.805874310262393e-08,2.9238684013396637e-07
EFT:1.0104241096782794e-05,2.122547334954209e-06,1.987322000788117e-05,0.499281670416237,6.935296550282277e-09,0.4992816704162441,2.6320519398807075e-09,0.0014041591461476227,9.805874310262393e-08,2.9238684013396224e-07
Random2639
Raw:1.0104241096782938e-05,2.122547334954209e-06,1.987322000788117e-05,0.499281670416237,6.9352965502823754e-09,0.4992816704162441,2.632051939880745e-09,0.0014041591461476227,9.805874310262393e-08,2.9238684013396637e-07
EFT:1.0104241096782794e-05,2.122547334954209e-06,1.987322000788117e-05,0.499281670416237,6.935296550282277e-09,0.4992816704162441,2.6320519398807075e-09,0.0014041591461476227,9.805874310262393e-08,2.9238684013396224e-07
Random2640
Raw:1.0104241096782867e-05,2.1225473349542546e-06,1.987322000788131e-05,0.49928167041624055,6.935296550282326e-09,0.49928167041624055,2.6320519398807638e-09,0.0014041591461476327,9.805874310262462e-08,2.923868401339643e-07
EFT:1.0104241096782794e-05,2.122547334954209e-06,1.987322000788117e-05,0.499281670416237,6.935296550282277e-09,0.4992816704162441,2.6320519398807075e-09,0.0014041591461476227,9.805874310262393e-08,2.9238684013396224e-07
Random2641
Raw:1.0104241096782938e-05,2.122547334954239e-06,1.987322000788145e-05,0.499281670416237,6.935296550282277e-09,0.4992816704162441,2.632051939880745e-09,0.0014041591461476427,9.805874310262532e-08,2.9238684013396224e-07
EFT:1.0104241096782794e-05,2.122547334954209e-06,1.987322000788117e-05,0.499281670416237,6.935296550282277e-09,0.4992816704162441,2.6320519398807075e-09,0.0014041591461476227,9.805874310262393e-08,2.9238684013396224e-07
Random2642
Raw:1.0104241096782865e-05,2.122547334954194e-06,1.9873220007881028e-05,0.49928167041623345,6.935296550282327e-09,0.49928167041624766,2.632051939880726e-09,0.0014041591461476126,9.805874310262462e-08,2.9238684013396436e-07
EFT:1.0104241096782794e-05,2.122547334954209e-06,1.987322000788117e-05,0.499281670416237,6.935296550282277e-09,0.4992816704162441,2.6320519398807075e-09,0.0014041591461476227,9.805874310262393e-08,2.9238684013396224e-07
Random2643
Raw:1.0104241096782938e-05,2.122547334954239e-06,1.987322000788117e-05,0.499281670416237,6.935296550282277e-09,0.4992816704162441,2.632051939880745e-09,0.0014041591461476427,9.805874310262393e-08,2.9238684013396637e-07
EFT:1.0104241096782794e-05,2.122547334954209e-06,1.987322000788117e-05,0.499281670416237,6.935296550282277e-09,0.4992816704162441,2.6320519398807075e-09,0.0014041591461476227,9.805874310262393e-08,2.9238684013396224e-07
Random2644
Raw:1.0104241096782794e-05,2.122547334954209e-06,1.987322000788117e-05,0.499281670416237,6.935296550282277e-09,0.4992816704162441,2.6320519398807075e-09,0.0014041591461476026,9.805874310262393e-08,2.9238684013396224e-07
EFT:1.0104241096782794e-05,2.122547334954209e-06,1.987322000788117e-05,0.499281670416237,6.935296550282277e-09,0.4992816704162441,2.6320519398807075e-09,0.0014041591461476227,9.805874310262393e-08,2.9238684013396224e-07
Random2645
Raw:1.0104241096782794e-05,2.122547334954209e-06,1.987322000788117e-05,0.499281670416237,6.935296550282277e-09,0.4992816704162441,2.6320519398807075e-09,0.0014041591461476026,9.805874310262393e-08,2.9238684013396224e-07
EFT:1.0104241096782794e-05,2.122547334954209e-06,1.987322000788117e-05,0.499281670416237,6.935296550282277e-09,0.4992816704162441,2.6320519398807075e-09,0.0014041591461476227,9.805874310262393e-08,2.9238684013396224e-07
Random2646
Raw:1.0104241096782794e-05,2.122547334954209e-06,1.987322000788117e-05,0.499281670416237,6.935296550282277e-09,0.4992816704162441,2.632051939880745e-09,0.0014041591461476227,9.805874310262254e-08,2.9238684013396224e-07
EFT:1.0104241096782794e-05,2.122547334954209e-06,1.987322000788117e-05,0.499281670416237,6.935296550282277e-09,0.4992816704162441,2.6320519398807075e-09,0.0014041591461476227,9.805874310262393e-08,2.9238684013396224e-07
Random2647
Raw:1.0104241096783009e-05,2.122547334954224e-06,1.987322000788131e-05,0.49928167041623345,6.935296550282327e-09,0.49928167041624766,2.6320519398807638e-09,0.0014041591461476327,9.805874310262462e-08,2.923868401339685e-07
EFT:1.0104241096782794e-05,2.122547334954209e-06,1.987322000788117e-05,0.499281670416237,6.935296550282277e-09,0.4992816704162441,2.6320519398807075e-09,0.0014041591461476227,9.805874310262393e-08,2.9238684013396224e-07
Random2648
Raw:1.0104241096782867e-05,2.122547334954224e-06,1.987322000788131e-05,0.49928167041624055,6.935296550282326e-09,0.49928167041624055,2.6320519398807265e-09,0.0014041591461476327,9.805874310262462e-08,2.923868401339643e-07
EFT:1.0104241096782794e-05,2.122547334954209e-06,1.987322000788117e-05,0.499281670416237,6.935296550282277e-09,0.4992816704162441,2.6320519398807075e-09,0.0014041591461476227,9.805874310262393e-08,2.9238684013396224e-07
Random2649
Raw:1.0104241096782865e-05,2.122547334954194e-06,1.9873220007881028e-05,0.49928167041623345,6.935296550282327e-09,0.49928167041624766,2.6320519398807638e-09,0.0014041591461476126,9.805874310262324e-08,2.9238684013396436e-07
EFT:1.0104241096782794e-05,2.122547334954209e-06,1.987322000788117e-05,0.499281670416237,6.935296550282277e-09,0.4992816704162441,2.6320519398807075e-09,0.0014041591461476227,9.805874310262393e-08,2.9238684013396224e-07
Random2650
Raw:1.0104241096782865e-05,2.122547334954194e-06,1.9873220007881028e-05,0.49928167041623345,6.935296550282228e-09,0.49928167041624766,2.632051939880726e-09,0.0014041591461476327,9.805874310262324e-08,2.923868401339602e-07
EFT:1.0104241096782794e-05,2.122547334954209e-06,1.987322000788117e-05,0.499281670416237,6.935296550282277e-09,0.4992816704162441,2.6320519398807075e-09,0.0014041591461476227,9.805874310262393e-08,2.9238684013396224e-07
Random2651
Raw:1.0104241096782938e-05,2.122547334954239e-06,1.987322000788145e-05,0.499281670416237,6.935296550282277e-09,0.4992816704162441,2.632051939880745e-09,0.0014041591461476427,9.805874310262532e-08,2.9238684013396224e-07
EFT:1.0104241096782794e-05,2.122547334954209e-06,1.987322000788117e-05,0.499281670416237,6.935296550282277e-09,0.4992816704162441,2.6320519398807075e-09,0.0014041591461476227,9.805874310262393e-08,2.9238684013396224e-07
Random2652
Raw:1.0104241096782794e-05,2.122547334954209e-06,1.987322000788117e-05,0.499281670416237,6.9352965502821786e-09,0.4992816704162441,2.6320519398807075e-09,0.0014041591461476227,9.805874310262393e-08,2.9238684013396224e-07
EFT:1.0104241096782794e-05,2.122547334954209e-06,1.987322000788117e-05,0.499281670416237,6.935296550282277e-09,0.4992816704162441,2.6320519398807075e-09,0.0014041591461476227,9.805874310262393e-08,2.9238684013396224e-07
Random2653
Raw:1.0104241096782938e-05,2.122547334954209e-06,1.987322000788117e-05,0.499281670416237,6.935296550282277e-09,0.4992816704162441,2.632051939880745e-09,0.0014041591461476427,9.805874310262393e-08,2.9238684013396224e-07
EFT:1.0104241096782794e-05,2.122547334954209e-06,1.987322000788117e-05,0.499281670416237,6.935296550282277e-09,0.4992816704162441,2.6320519398807075e-09,0.0014041591461476227,9.805874310262393e-08,2.9238684013396224e-07
Random2654
Raw:1.0104241096782938e-05,2.122547334954239e-06,1.9873220007880885e-05,0.499281670416237,6.935296550282277e-09,0.4992816704162441,2.632051939880745e-09,0.0014041591461476227,9.805874310262532e-08,2.9238684013396224e-07
EFT:1.0104241096782794e-05,2.122547334954209e-06,1.987322000788117e-05,0.499281670416237,6.935296550282277e-09,0.4992816704162441,2.6320519398807075e-09,0.0014041591461476227,9.805874310262393e-08,2.9238684013396224e-07
Random2655
Raw:1.0104241096782867e-05,2.122547334954194e-06,1.9873220007881028e-05,0.49928167041624055,6.935296550282326e-09,0.49928167041624055,2.6320519398807265e-09,0.0014041591461476128,9.805874310262323e-08,2.923868401339643e-07
EFT:1.0104241096782794e-05,2.122547334954209e-06,1.987322000788117e-05,0.499281670416237,6.935296550282277e-09,0.4992816704162441,2.6320519398807075e-09,0.0014041591461476227,9.805874310262393e-08,2.9238684013396224e-07
Random2656
Raw:1.0104241096783009e-05,2.122547334954194e-06,1.9873220007881028e-05,0.49928167041623345,6.935296550282327e-09,0.49928167041624766,2.6320519398807638e-09,0.0014041591461476126,9.805874310262601e-08,2.9238684013396436e-07
EFT:1.0104241096782794e-05,2.122547334954209e-06,1.987322000788117e-05,0.499281670416237,6.935296550282277e-09,0.4992816704162441,2.6320519398807075e-09,0.0014041591461476227,9.805874310262393e-08,2.9238684013396224e-07
Random2657
Raw:1.0104241096782938e-05,2.122547334954209e-06,1.987322000788117e-05,0.499281670416237,6.935296550282277e-09,0.4992816704162441,2.632051939880745e-09,0.0014041591461476227,9.805874310262532e-08,2.9238684013396224e-07
EFT:1.0104241096782794e-05,2.122547334954209e-06,1.987322000788117e-05,0.499281670416237,6.935296550282277e-09,0.4992816704162441,2.6320519398807075e-09,0.0014041591461476227,9.805874310262393e-08,2.9238684013396224e-07
Random2658
Raw:1.0104241096782938e-05,2.122547334954239e-06,1.987322000788117e-05,0.499281670416237,6.935296550282277e-09,0.4992816704162441,2.632051939880745e-09,0.0014041591461476427,9.805874310262532e-08,2.9238684013396224e-07
EFT:1.0104241096782794e-05,2.122547334954209e-06,1.987322000788117e-05,0.499281670416237,6.935296550282277e-09,0.4992816704162441,2.6320519398807075e-09,0.0014041591461476227,9.805874310262393e-08,2.9238684013396224e-07
Random2659
Raw:1.0104241096783009e-05,2.122547334954224e-06,1.987322000788131e-05,0.49928167041623345,6.935296550282327e-09,0.49928167041624766,2.6320519398807638e-09,0.0014041591461476327,9.805874310262601e-08,2.9238684013396436e-07
EFT:1.0104241096782794e-05,2.122547334954209e-06,1.987322000788117e-05,0.499281670416237,6.935296550282277e-09,0.4992816704162441,2.6320519398807075e-09,0.0014041591461476227,9.805874310262393e-08,2.9238684013396224e-07
Random2660
Raw:1.0104241096782867e-05,2.122547334954194e-06,1.9873220007881028e-05,0.49928167041624055,6.935296550282326e-09,0.49928167041624055,2.6320519398807265e-09,0.0014041591461476128,9.805874310262323e-08,2.923868401339643e-07
EFT:1.0104241096782794e-05,2.122547334954209e-06,1.987322000788117e-05,0.499281670416237,6.935296550282277e-09,0.4992816704162441,2.6320519398807075e-09,0.0014041591461476227,9.805874310262393e-08,2.9238684013396224e-07
Random2661
Raw:1.0104241096782794e-05,2.122547334954209e-06,1.987322000788117e-05,0.499281670416237,6.935296550282277e-09,0.4992816704162441,2.6320519398807075e-09,0.0014041591461476026,9.805874310262393e-08,2.9238684013396224e-07
EFT:1.0104241096782794e-05,2.122547334954209e-06,1.987322000788117e-05,0.499281670416237,6.935296550282277e-09,0.4992816704162441,2.6320519398807075e-09,0.0014041591461476227,9.805874310262393e-08,2.9238684013396224e-07
Random2662
Raw:1.0104241096783009e-05,2.122547334954194e-06,1.9873220007881028e-05,0.49928167041623345,6.935296550282327e-09,0.49928167041624766,2.632051939880801e-09,0.0014041591461475926,9.805874310262601e-08,2.9238684013396436e-07
EFT:1.0104241096782794e-05,2.122547334954209e-06,1.987322000788117e-05,0.499281670416237,6.935296550282277e-09,0.4992816704162441,2.6320519398807075e-09,0.0014041591461476227,9.805874310262393e-08,2.9238684013396224e-07
Random2663
Raw:1.0104241096782794e-05,2.122547334954209e-06,1.987322000788117e-05,0.4992816704162441,6.935296550282277e-09,0.499281670416237,2.63205193988067e-09,0.0014041591461476227,9.805874310262393e-08,2.9238684013396224e-07
EFT:1.0104241096782794e-05,2.122547334954209e-06,1.987322000788117e-05,0.499281670416237,6.935296550282277e-09,0.4992816704162441,2.6320519398807075e-09,0.0014041591461476227,9.805874310262393e-08,2.9238684013396224e-07
Random2664
Raw:1.0104241096782938e-05,2.122547334954209e-06,1.9873220007880885e-05,0.499281670416237,6.935296550282277e-09,0.4992816704162441,2.632051939880745e-09,0.0014041591461476227,9.805874310262532e-08,2.9238684013396224e-07
EFT:1.0104241096782794e-05,2.122547334954209e-06,1.987322000788117e-05,0.499281670416237,6.935296550282277e-09,0.4992816704162441,2.6320519398807075e-09,0.0014041591461476227,9.805874310262393e-08,2.9238684013396224e-07
Random2665
Raw:1.0104241096782938e-05,2.122547334954209e-06,1.9873220007880885e-05,0.499281670416237,6.935296550282277e-09,0.4992816704162441,2.632051939880745e-09,0.0014041591461476227,9.805874310262532e-08,2.9238684013396224e-07
EFT:1.0104241096782794e-05,2.122547334954209e-06,1.987322000788117e-05,0.499281670416237,6.935296550282277e-09,0.4992816704162441,2.6320519398807075e-09,0.0014041591461476227,9.805874310262393e-08,2.9238684013396224e-07
Random2666
Raw:1.0104241096782794e-05,2.122547334954209e-06,1.987322000788117e-05,0.499281670416237,6.9352965502821786e-09,0.4992816704162441,2.6320519398807075e-09,0.0014041591461476227,9.805874310262393e-08,2.9238684013396224e-07
EFT:1.0104241096782794e-05,2.122547334954209e-06,1.987322000788117e-05,0.499281670416237,6.935296550282277e-09,0.4992816704162441,2.6320519398807075e-09,0.0014041591461476227,9.805874310262393e-08,2.9238684013396224e-07
Random2667
Raw:1.0104241096782865e-05,2.122547334954194e-06,1.9873220007881028e-05,0.49928167041623345,6.935296550282228e-09,0.49928167041624766,2.632051939880726e-09,0.0014041591461476126,9.805874310262462e-08,2.9238684013396436e-07
EFT:1.0104241096782794e-05,2.122547334954209e-06,1.987322000788117e-05,0.499281670416237,6.935296550282277e-09,0.4992816704162441,2.6320519398807075e-09,0.0014041591461476227,9.805874310262393e-08,2.9238684013396224e-07
Random2668
Raw:1.0104241096782794e-05,2.122547334954209e-06,1.987322000788117e-05,0.4992816704162441,6.935296550282277e-09,0.499281670416237,2.63205193988067e-09,0.0014041591461476227,9.805874310262254e-08,2.9238684013396224e-07
EFT:1.0104241096782794e-05,2.122547334954209e-06,1.987322000788117e-05,0.499281670416237,6.935296550282277e-09,0.4992816704162441,2.6320519398807075e-09,0.0014041591461476227,9.805874310262393e-08,2.9238684013396224e-07
Random2669
Raw:1.0104241096782794e-05,2.122547334954209e-06,1.987322000788117e-05,0.499281670416237,6.935296550282277e-09,0.4992816704162441,2.6320519398807075e-09,0.0014041591461476227,9.805874310262393e-08,2.9238684013396224e-07
EFT:1.0104241096782794e-05,2.122547334954209e-06,1.987322000788117e-05,0.499281670416237,6.935296550282277e-09,0.4992816704162441,2.6320519398807075e-09,0.0014041591461476227,9.805874310262393e-08,2.9238684013396224e-07
Random2670
Raw:1.0104241096782794e-05,2.122547334954209e-06,1.987322000788117e-05,0.499281670416237,6.9352965502821786e-09,0.4992816704162441,2.632051939880745e-09,0.0014041591461476227,9.805874310262254e-08,2.9238684013396224e-07
EFT:1.0104241096782794e-05,2.122547334954209e-06,1.987322000788117e-05,0.499281670416237,6.935296550282277e-09,0.4992816704162441,2.6320519398807075e-09,0.0014041591461476227,9.805874310262393e-08,2.9238684013396224e-07
Random2671
Raw:1.0104241096782794e-05,2.122547334954209e-06,1.9873220007880885e-05,0.499281670416237,6.935296550282277e-09,0.4992816704162441,2.6320519398807075e-09,0.0014041591461476026,9.805874310262393e-08,2.9238684013396224e-07
EFT:1.0104241096782794e-05,2.122547334954209e-06,1.987322000788117e-05,0.499281670416237,6.935296550282277e-09,0.4992816704162441,2.6320519398807075e-09,0.0014041591461476227,9.805874310262393e-08,2.9238684013396224e-07
Random2672
Raw:1.0104241096782938e-05,2.122547334954239e-06,1.987322000788117e-05,0.499281670416237,6.935296550282277e-09,0.4992816704162441,2.632051939880745e-09,0.0014041591461476427,9.805874310262532e-08,2.9238684013396224e-07
EFT:1.0104241096782794e-05,2.122547334954209e-06,1.987322000788117e-05,0.499281670416237,6.935296550282277e-09,0.4992816704162441,2.6320519398807075e-09,0.0014041591461476227,9.805874310262393e-08,2.9238684013396224e-07
Random2673
Raw:1.0104241096782867e-05,2.122547334954224e-06,1.987322000788131e-05,0.49928167041624055,6.935296550282326e-09,0.49928167041624055,2.6320519398807265e-09,0.0014041591461476327,9.805874310262462e-08,2.923868401339643e-07
EFT:1.0104241096782794e-05,2.122547334954209e-06,1.987322000788117e-05,0.499281670416237,6.935296550282277e-09,0.4992816704162441,2.6320519398807075e-09,0.0014041591461476227,9.805874310262393e-08,2.9238684013396224e-07
Random2674
Raw:1.0104241096782867e-05,2.122547334954194e-06,1.9873220007881028e-05,0.49928167041624055,6.935296550282228e-09,0.49928167041624055,2.632051939880689e-09,0.0014041591461476128,9.805874310262462e-08,2.923868401339602e-07
EFT:1.0104241096782794e-05,2.122547334954209e-06,1.987322000788117e-05,0.499281670416237,6.935296550282277e-09,0.4992816704162441,2.6320519398807075e-09,0.0014041591461476227,9.805874310262393e-08,2.9238684013396224e-07
Random2675
Raw:1.0104241096782938e-05,2.1225473349541788e-06,1.9873220007880885e-05,0.499281670416237,6.935296550282277e-09,0.4992816704162441,2.632051939880745e-09,0.0014041591461476026,9.805874310262532e-08,2.9238684013396224e-07
EFT:1.0104241096782794e-05,2.122547334954209e-06,1.987322000788117e-05,0.499281670416237,6.935296550282277e-09,0.4992816704162441,2.6320519398807075e-09,0.0014041591461476227,9.805874310262393e-08,2.9238684013396224e-07
Random2676
Raw:1.0104241096783009e-05,2.122547334954224e-06,1.987322000788131e-05,0.49928167041623345,6.935296550282327e-09,0.49928167041624766,2.6320519398807638e-09,0.0014041591461476327,9.805874310262601e-08,2.9238684013396436e-07
EFT:1.0104241096782794e-05,2.122547334954209e-06,1.987322000788117e-05,0.499281670416237,6.935296550282277e-09,0.4992816704162441,2.6320519398807075e-09,0.0014041591461476227,9.805874310262393e-08,2.9238684013396224e-07
Random2677
Raw:1.0104241096782938e-05,2.122547334954239e-06,1.987322000788117e-05,0.499281670416237,6.935296550282277e-09,0.4992816704162441,2.632051939880745e-09,0.0014041591461476427,9.805874310262532e-08,2.9238684013396224e-07
EFT:1.0104241096782794e-05,2.122547334954209e-06,1.987322000788117e-05,0.499281670416237,6.935296550282277e-09,0.4992816704162441,2.6320519398807075e-09,0.0014041591461476227,9.805874310262393e-08,2.9238684013396224e-07
Random2678
Raw:1.0104241096782867e-05,2.122547334954224e-06,1.9873220007881028e-05,0.49928167041624055,6.935296550282326e-09,0.49928167041624055,2.6320519398807265e-09,0.0014041591461476327,9.805874310262602e-08,2.923868401339643e-07
EFT:1.0104241096782794e-05,2.122547334954209e-06,1.987322000788117e-05,0.499281670416237,6.935296550282277e-09,0.4992816704162441,2.6320519398807075e-09,0.0014041591461476227,9.805874310262393e-08,2.9238684013396224e-07
Random2679
Raw:1.0104241096783009e-05,2.122547334954224e-06,1.9873220007881028e-05,0.49928167041623345,6.935296550282327e-09,0.49928167041624766,2.6320519398807638e-09,0.0014041591461476327,9.805874310262601e-08,2.9238684013396436e-07
EFT:1.0104241096782794e-05,2.122547334954209e-06,1.987322000788117e-05,0.499281670416237,6.935296550282277e-09,0.4992816704162441,2.6320519398807075e-09,0.0014041591461476227,9.805874310262393e-08,2.9238684013396224e-07
Random2680
Raw:1.0104241096782794e-05,2.122547334954209e-06,1.987322000788117e-05,0.4992816704162441,6.935296550282277e-09,0.499281670416237,2.6320519398807075e-09,0.0014041591461476227,9.805874310262393e-08,2.9238684013396224e-07
EFT:1.0104241096782794e-05,2.122547334954209e-06,1.987322000788117e-05,0.499281670416237,6.935296550282277e-09,0.4992816704162441,2.6320519398807075e-09,0.0014041591461476227,9.805874310262393e-08,2.9238684013396224e-07
Random2681
Raw:1.0104241096782938e-05,2.122547334954239e-06,1.9873220007880885e-05,0.499281670416237,6.9352965502823754e-09,0.4992816704162441,2.63205193988082e-09,0.0014041591461476227,9.805874310262532e-08,2.9238684013396637e-07
EFT:1.0104241096782794e-05,2.122547334954209e-06,1.987322000788117e-05,0.499281670416237,6.935296550282277e-09,0.4992816704162441,2.6320519398807075e-09,0.0014041591461476227,9.805874310262393e-08,2.9238684013396224e-07
Random2682
Raw:1.0104241096782723e-05,2.122547334954194e-06,1.9873220007881028e-05,0.49928167041624055,6.93529655028213e-09,0.49928167041624055,2.632051939880689e-09,0.0014041591461476128,9.805874310262184e-08,2.923868401339602e-07
EFT:1.0104241096782794e-05,2.122547334954209e-06,1.987322000788117e-05,0.499281670416237,6.935296550282277e-09,0.4992816704162441,2.6320519398807075e-09,0.0014041591461476227,9.805874310262393e-08,2.9238684013396224e-07
Random2683
Raw:1.0104241096782867e-05,2.1225473349542546e-06,1.987322000788131e-05,0.49928167041624055,6.935296550282326e-09,0.49928167041624055,2.6320519398807638e-09,0.0014041591461476327,9.805874310262462e-08,2.923868401339643e-07
EFT:1.0104241096782794e-05,2.122547334954209e-06,1.987322000788117e-05,0.499281670416237,6.935296550282277e-09,0.4992816704162441,2.6320519398807075e-09,0.0014041591461476227,9.805874310262393e-08,2.9238684013396224e-07
Random2684
Raw:1.0104241096782867e-05,2.122547334954224e-06,1.987322000788131e-05,0.49928167041624055,6.935296550282326e-09,0.49928167041624055,2.6320519398807265e-09,0.0014041591461476327,9.805874310262462e-08,2.923868401339643e-07
EFT:1.0104241096782794e-05,2.122547334954209e-06,1.987322000788117e-05,0.499281670416237,6.935296550282277e-09,0.4992816704162441,2.6320519398807075e-09,0.0014041591461476227,9.805874310262393e-08,2.9238684013396224e-07
Random2685
Raw:1.0104241096782865e-05,2.122547334954194e-06,1.9873220007881028e-05,0.49928167041623345,6.935296550282327e-09,0.49928167041624766,2.632051939880726e-09,0.0014041591461476126,9.805874310262462e-08,2.9238684013396436e-07
EFT:1.0104241096782794e-05,2.122547334954209e-06,1.987322000788117e-05,0.499281670416237,6.935296550282277e-09,0.4992816704162441,2.6320519398807075e-09,0.0014041591461476227,9.805874310262393e-08,2.9238684013396224e-07
Random2686
Raw:1.0104241096782867e-05,2.122547334954224e-06,1.987322000788131e-05,0.49928167041624055,6.935296550282326e-09,0.49928167041624055,2.6320519398807265e-09,0.0014041591461476327,9.805874310262323e-08,2.923868401339643e-07
EFT:1.0104241096782794e-05,2.122547334954209e-06,1.987322000788117e-05,0.499281670416237,6.935296550282277e-09,0.4992816704162441,2.6320519398807075e-09,0.0014041591461476227,9.805874310262393e-08,2.9238684013396224e-07
Random2687
Raw:1.0104241096782867e-05,2.122547334954194e-06,1.9873220007881028e-05,0.49928167041624055,6.935296550282326e-09,0.49928167041624055,2.6320519398807265e-09,0.0014041591461476128,9.805874310262602e-08,2.923868401339643e-07
EFT:1.0104241096782794e-05,2.122547334954209e-06,1.987322000788117e-05,0.499281670416237,6.935296550282277e-09,0.4992816704162441,2.6320519398807075e-09,0.0014041591461476227,9.805874310262393e-08,2.9238684013396224e-07
Random2688
Raw:1.0104241096782865e-05,2.122547334954194e-06,1.9873220007881028e-05,0.49928167041623345,6.935296550282228e-09,0.49928167041624766,2.632051939880726e-09,0.0014041591461476126,9.805874310262462e-08,2.9238684013396436e-07
EFT:1.0104241096782794e-05,2.122547334954209e-06,1.987322000788117e-05,0.499281670416237,6.935296550282277e-09,0.4992816704162441,2.6320519398807075e-09,0.0014041591461476227,9.805874310262393e-08,2.9238684013396224e-07
Random2689
Raw:1.0104241096782938e-05,2.122547334954209e-06,1.987322000788117e-05,0.499281670416237,6.9352965502823754e-09,0.4992816704162441,2.6320519398807824e-09,0.0014041591461476227,9.805874310262532e-08,2.9238684013396637e-07
EFT:1.0104241096782794e-05,2.122547334954209e-06,1.987322000788117e-05,0.499281670416237,6.935296550282277e-09,0.4992816704162441,2.6320519398807075e-09,0.0014041591461476227,9.805874310262393e-08,2.9238684013396224e-07
Random2690
Raw:1.0104241096782938e-05,2.122547334954209e-06,1.987322000788117e-05,0.499281670416237,6.9352965502823754e-09,0.4992816704162441,2.632051939880745e-09,0.0014041591461476227,9.805874310262532e-08,2.9238684013396637e-07
EFT:1.0104241096782794e-05,2.122547334954209e-06,1.987322000788117e-05,0.499281670416237,6.935296550282277e-09,0.4992816704162441,2.6320519398807075e-09,0.0014041591461476227,9.805874310262393e-08,2.9238684013396224e-07
Random2691
Raw:1.0104241096782938e-05,2.122547334954239e-06,1.987322000788145e-05,0.499281670416237,6.935296550282277e-09,0.4992816704162441,2.632051939880745e-09,0.0014041591461476427,9.805874310262393e-08,2.9238684013396637e-07
EFT:1.0104241096782794e-05,2.122547334954209e-06,1.987322000788117e-05,0.499281670416237,6.935296550282277e-09,0.4992816704162441,2.6320519398807075e-09,0.0014041591461476227,9.805874310262393e-08,2.9238684013396224e-07
Random2692
Raw:1.0104241096782938e-05,2.122547334954209e-06,1.987322000788117e-05,0.499281670416237,6.935296550282277e-09,0.4992816704162441,2.632051939880745e-09,0.0014041591461476227,9.805874310262393e-08,2.9238684013396637e-07
EFT:1.0104241096782794e-05,2.122547334954209e-06,1.987322000788117e-05,0.499281670416237,6.935296550282277e-09,0.4992816704162441,2.6320519398807075e-09,0.0014041591461476227,9.805874310262393e-08,2.9238684013396224e-07
Random2693
Raw:1.0104241096782938e-05,2.122547334954209e-06,1.987322000788117e-05,0.499281670416237,6.9352965502823754e-09,0.4992816704162441,2.632051939880745e-09,0.0014041591461476227,9.805874310262532e-08,2.9238684013396637e-07
EFT:1.0104241096782794e-05,2.122547334954209e-06,1.987322000788117e-05,0.499281670416237,6.935296550282277e-09,0.4992816704162441,2.6320519398807075e-09,0.0014041591461476227,9.805874310262393e-08,2.9238684013396224e-07
Random2694
Raw:1.0104241096782938e-05,2.122547334954209e-06,1.9873220007880885e-05,0.499281670416237,6.935296550282277e-09,0.4992816704162441,2.632051939880745e-09,0.0014041591461476227,9.805874310262532e-08,2.9238684013396224e-07
EFT:1.0104241096782794e-05,2.122547334954209e-06,1.987322000788117e-05,0.499281670416237,6.935296550282277e-09,0.4992816704162441,2.6320519398807075e-09,0.0014041591461476227,9.805874310262393e-08,2.9238684013396224e-07
Random2695
Raw:1.0104241096782867e-05,2.122547334954224e-06,1.987322000788131e-05,0.49928167041624055,6.935296550282326e-09,0.49928167041624055,2.6320519398807265e-09,0.0014041591461476128,9.805874310262462e-08,2.923868401339643e-07
EFT:1.0104241096782794e-05,2.122547334954209e-06,1.987322000788117e-05,0.499281670416237,6.935296550282277e-09,0.4992816704162441,2.6320519398807075e-09,0.0014041591461476227,9.805874310262393e-08,2.9238684013396224e-07
Random2696
Raw:1.0104241096782938e-05,2.122547334954209e-06,1.9873220007880885e-05,0.499281670416237,6.935296550282277e-09,0.4992816704162441,2.632051939880745e-09,0.0014041591461476227,9.805874310262393e-08,2.9238684013396224e-07
EFT:1.0104241096782794e-05,2.122547334954209e-06,1.987322000788117e-05,0.499281670416237,6.935296550282277e-09,0.4992816704162441,2.6320519398807075e-09,0.0014041591461476227,9.805874310262393e-08,2.9238684013396224e-07
Random2697
Raw:1.0104241096782865e-05,2.122547334954194e-06,1.9873220007881028e-05,0.49928167041623345,6.935296550282327e-09,0.49928167041624766,2.632051939880726e-09,0.0014041591461476126,9.805874310262462e-08,2.9238684013396436e-07
EFT:1.0104241096782794e-05,2.122547334954209e-06,1.987322000788117e-05,0.499281670416237,6.935296550282277e-09,0.4992816704162441,2.6320519398807075e-09,0.0014041591461476227,9.805874310262393e-08,2.9238684013396224e-07
Random2698
Raw:1.0104241096782867e-05,2.122547334954224e-06,1.9873220007881028e-05,0.49928167041624055,6.935296550282326e-09,0.49928167041624055,2.6320519398807265e-09,0.0014041591461476327,9.805874310262323e-08,2.923868401339643e-07
EFT:1.0104241096782794e-05,2.122547334954209e-06,1.987322000788117e-05,0.499281670416237,6.935296550282277e-09,0.4992816704162441,2.6320519398807075e-09,0.0014041591461476227,9.805874310262393e-08,2.9238684013396224e-07
Random2699
Raw:1.0104241096782938e-05,2.122547334954209e-06,1.9873220007880885e-05,0.499281670416237,6.935296550282277e-09,0.4992816704162441,2.632051939880745e-09,0.0014041591461476227,9.805874310262532e-08,2.9238684013396224e-07
EFT:1.0104241096782794e-05,2.122547334954209e-06,1.987322000788117e-05,0.499281670416237,6.935296550282277e-09,0.4992816704162441,2.6320519398807075e-09,0.0014041591461476227,9.805874310262393e-08,2.9238684013396224e-07
Random2700
Raw:1.0104241096782867e-05,2.122547334954224e-06,1.987322000788131e-05,0.49928167041624055,6.935296550282326e-09,0.49928167041624055,2.6320519398807265e-09,0.0014041591461476128,9.805874310262462e-08,2.923868401339643e-07
EFT:1.0104241096782794e-05,2.122547334954209e-06,1.987322000788117e-05,0.499281670416237,6.935296550282277e-09,0.4992816704162441,2.6320519398807075e-09,0.0014041591461476227,9.805874310262393e-08,2.9238684013396224e-07
Random2701
Raw:1.0104241096782867e-05,2.122547334954224e-06,1.987322000788131e-05,0.49928167041624055,6.935296550282326e-09,0.49928167041624055,2.6320519398807265e-09,0.0014041591461476327,9.805874310262462e-08,2.923868401339643e-07
EFT:1.0104241096782794e-05,2.122547334954209e-06,1.987322000788117e-05,0.499281670416237,6.935296550282277e-09,0.4992816704162441,2.6320519398807075e-09,0.0014041591461476227,9.805874310262393e-08,2.9238684013396224e-07
Random2702
Raw:1.0104241096782794e-05,2.1225473349541788e-06,1.9873220007880885e-05,0.499281670416237,6.9352965502821786e-09,0.4992816704162441,2.63205193988067e-09,0.0014041591461476227,9.805874310262393e-08,2.923868401339581e-07
EFT:1.0104241096782794e-05,2.122547334954209e-06,1.987322000788117e-05,0.499281670416237,6.935296550282277e-09,0.4992816704162441,2.6320519398807075e-09,0.0014041591461476227,9.805874310262393e-08,2.9238684013396224e-07
Random2703
Raw:1.0104241096782938e-05,2.122547334954209e-06,1.987322000788117e-05,0.499281670416237,6.9352965502823754e-09,0.4992816704162441,2.632051939880745e-09,0.0014041591461476227,9.805874310262532e-08,2.9238684013396637e-07
EFT:1.0104241096782794e-05,2.122547334954209e-06,1.987322000788117e-05,0.499281670416237,6.935296550282277e-09,0.4992816704162441,2.6320519398807075e-09,0.0014041591461476227,9.805874310262393e-08,2.9238684013396224e-07
Random2704
Raw:1.0104241096782867e-05,2.122547334954194e-06,1.9873220007881028e-05,0.49928167041624055,6.935296550282326e-09,0.49928167041624055,2.6320519398807265e-09,0.0014041591461476128,9.805874310262323e-08,2.923868401339643e-07
EFT:1.0104241096782794e-05,2.122547334954209e-06,1.987322000788117e-05,0.499281670416237,6.935296550282277e-09,0.4992816704162441,2.6320519398807075e-09,0.0014041591461476227,9.805874310262393e-08,2.9238684013396224e-07
Random2705
Raw:1.0104241096782938e-05,2.122547334954209e-06,1.987322000788117e-05,0.499281670416237,6.935296550282277e-09,0.4992816704162441,2.632051939880745e-09,0.0014041591461476227,9.805874310262532e-08,2.9238684013396224e-07
EFT:1.0104241096782794e-05,2.122547334954209e-06,1.987322000788117e-05,0.499281670416237,6.935296550282277e-09,0.4992816704162441,2.6320519398807075e-09,0.0014041591461476227,9.805874310262393e-08,2.9238684013396224e-07
Random2706
Raw:1.0104241096782867e-05,2.122547334954224e-06,1.987322000788131e-05,0.49928167041624055,6.935296550282326e-09,0.49928167041624055,2.6320519398807638e-09,0.0014041591461476327,9.805874310262462e-08,2.923868401339643e-07
EFT:1.0104241096782794e-05,2.122547334954209e-06,1.987322000788117e-05,0.499281670416237,6.935296550282277e-09,0.4992816704162441,2.6320519398807075e-09,0.0014041591461476227,9.805874310262393e-08,2.9238684013396224e-07
Random2707
Raw:1.0104241096782938e-05,2.122547334954209e-06,1.987322000788117e-05,0.499281670416237,6.9352965502823754e-09,0.4992816704162441,2.632051939880745e-09,0.0014041591461476227,9.805874310262532e-08,2.9238684013396637e-07
EFT:1.0104241096782794e-05,2.122547334954209e-06,1.987322000788117e-05,0.499281670416237,6.935296550282277e-09,0.4992816704162441,2.6320519398807075e-09,0.0014041591461476227,9.805874310262393e-08,2.9238684013396224e-07
Random2708
Raw:1.0104241096782938e-05,2.122547334954239e-06,1.987322000788117e-05,0.499281670416237,6.935296550282277e-09,0.4992816704162441,2.632051939880745e-09,0.0014041591461476427,9.805874310262393e-08,2.9238684013396637e-07
EFT:1.0104241096782794e-05,2.122547334954209e-06,1.987322000788117e-05,0.499281670416237,6.935296550282277e-09,0.4992816704162441,2.6320519398807075e-09,0.0014041591461476227,9.805874310262393e-08,2.9238684013396224e-07
Random2709
Raw:1.0104241096782938e-05,2.122547334954239e-06,1.987322000788145e-05,0.499281670416237,6.935296550282277e-09,0.4992816704162441,2.632051939880745e-09,0.0014041591461476427,9.805874310262393e-08,2.9238684013396637e-07
EFT:1.0104241096782794e-05,2.122547334954209e-06,1.987322000788117e-05,0.499281670416237,6.935296550282277e-09,0.4992816704162441,2.6320519398807075e-09,0.0014041591461476227,9.805874310262393e-08,2.9238684013396224e-07
Random2710
Raw:1.0104241096782938e-05,2.122547334954209e-06,1.987322000788117e-05,0.499281670416237,6.935296550282277e-09,0.4992816704162441,2.632051939880745e-09,0.0014041591461476427,9.805874310262393e-08,2.9238684013396224e-07
EFT:1.0104241096782794e-05,2.122547334954209e-06,1.987322000788117e-05,0.499281670416237,6.935296550282277e-09,0.4992816704162441,2.6320519398807075e-09,0.0014041591461476227,9.805874310262393e-08,2.9238684013396224e-07
Random2711
Raw:1.0104241096782794e-05,2.122547334954209e-06,1.987322000788117e-05,0.499281670416237,6.935296550282277e-09,0.4992816704162441,2.6320519398807075e-09,0.0014041591461476227,9.805874310262393e-08,2.9238684013396224e-07
EFT:1.0104241096782794e-05,2.122547334954209e-06,1.987322000788117e-05,0.499281670416237,6.935296550282277e-09,0.4992816704162441,2.6320519398807075e-09,0.0014041591461476227,9.805874310262393e-08,2.9238684013396224e-07
Random2712
Raw:1.0104241096782867e-05,2.122547334954224e-06,1.987322000788131e-05,0.49928167041624055,6.935296550282326e-09,0.49928167041624055,2.6320519398807265e-09,0.0014041591461476128,9.805874310262462e-08,2.923868401339643e-07
EFT:1.0104241096782794e-05,2.122547334954209e-06,1.987322000788117e-05,0.499281670416237,6.935296550282277e-09,0.4992816704162441,2.6320519398807075e-09,0.0014041591461476227,9.805874310262393e-08,2.9238684013396224e-07
Random2713
Raw:1.0104241096782938e-05,2.122547334954239e-06,1.987322000788117e-05,0.499281670416237,6.935296550282277e-09,0.4992816704162441,2.632051939880745e-09,0.0014041591461476427,9.805874310262532e-08,2.9238684013396224e-07
EFT:1.0104241096782794e-05,2.122547334954209e-06,1.987322000788117e-05,0.499281670416237,6.935296550282277e-09,0.4992816704162441,2.6320519398807075e-09,0.0014041591461476227,9.805874310262393e-08,2.9238684013396224e-07
Random2714
Raw:1.0104241096783009e-05,2.122547334954224e-06,1.987322000788131e-05,0.49928167041623345,6.935296550282327e-09,0.49928167041624766,2.6320519398807638e-09,0.0014041591461476327,9.805874310262462e-08,2.923868401339685e-07
EFT:1.0104241096782794e-05,2.122547334954209e-06,1.987322000788117e-05,0.499281670416237,6.935296550282277e-09,0.4992816704162441,2.6320519398807075e-09,0.0014041591461476227,9.805874310262393e-08,2.9238684013396224e-07
Random2715
Raw:1.0104241096783009e-05,2.122547334954224e-06,1.987322000788131e-05,0.49928167041623345,6.935296550282327e-09,0.49928167041624766,2.6320519398807638e-09,0.0014041591461476327,9.805874310262601e-08,2.9238684013396436e-07
EFT:1.0104241096782794e-05,2.122547334954209e-06,1.987322000788117e-05,0.499281670416237,6.935296550282277e-09,0.4992816704162441,2.6320519398807075e-09,0.0014041591461476227,9.805874310262393e-08,2.9238684013396224e-07
Random2716
Raw:1.0104241096782723e-05,2.122547334954194e-06,1.9873220007881028e-05,0.49928167041624055,6.93529655028213e-09,0.49928167041624055,2.6320519398806513e-09,0.0014041591461476128,9.805874310262323e-08,2.923868401339602e-07
EFT:1.0104241096782794e-05,2.122547334954209e-06,1.987322000788117e-05,0.499281670416237,6.935296550282277e-09,0.4992816704162441,2.6320519398807075e-09,0.0014041591461476227,9.805874310262393e-08,2.9238684013396224e-07
Random2717
Raw:1.0104241096782938e-05,2.122547334954209e-06,1.987322000788117e-05,0.499281670416237,6.9352965502823754e-09,0.4992816704162441,2.632051939880745e-09,0.0014041591461476227,9.805874310262393e-08,2.9238684013396637e-07
EFT:1.0104241096782794e-05,2.122547334954209e-06,1.987322000788117e-05,0.499281670416237,6.935296550282277e-09,0.4992816704162441,2.6320519398807075e-09,0.0014041591461476227,9.805874310262393e-08,2.9238684013396224e-07
Random2718
Raw:1.0104241096782938e-05,2.122547334954209e-06,1.9873220007880885e-05,0.499281670416237,6.9352965502823754e-09,0.4992816704162441,2.63205193988082e-09,0.0014041591461476026,9.805874310262532e-08,2.9238684013396637e-07
EFT:1.0104241096782794e-05,2.122547334954209e-06,1.987322000788117e-05,0.499281670416237,6.935296550282277e-09,0.4992816704162441,2.6320519398807075e-09,0.0014041591461476227,9.805874310262393e-08,2.9238684013396224e-07
Random2719
Raw:1.0104241096782865e-05,2.122547334954194e-06,1.9873220007880747e-05,0.49928167041623345,6.935296550282327e-09,0.49928167041624766,2.6320519398807638e-09,0.0014041591461476126,9.805874310262462e-08,2.9238684013396436e-07
EFT:1.0104241096782794e-05,2.122547334954209e-06,1.987322000788117e-05,0.499281670416237,6.935296550282277e-09,0.4992816704162441,2.6320519398807075e-09,0.0014041591461476227,9.805874310262393e-08,2.9238684013396224e-07
Random2720
Raw:1.0104241096782938e-05,2.122547334954209e-06,1.9873220007880885e-05,0.499281670416237,6.935296550282277e-09,0.4992816704162441,2.632051939880745e-09,0.0014041591461476227,9.805874310262532e-08,2.9238684013396224e-07
EFT:1.0104241096782794e-05,2.122547334954209e-06,1.987322000788117e-05,0.499281670416237,6.935296550282277e-09,0.4992816704162441,2.6320519398807075e-09,0.0014041591461476227,9.805874310262393e-08,2.9238684013396224e-07
Random2721
Raw:1.0104241096782865e-05,2.122547334954194e-06,1.9873220007881028e-05,0.49928167041623345,6.935296550282228e-09,0.49928167041624766,2.632051939880726e-09,0.0014041591461476327,9.805874310262324e-08,2.923868401339602e-07
EFT:1.0104241096782794e-05,2.122547334954209e-06,1.987322000788117e-05,0.499281670416237,6.935296550282277e-09,0.4992816704162441,2.6320519398807075e-09,0.0014041591461476227,9.805874310262393e-08,2.9238684013396224e-07
Random2722
Raw:1.0104241096782938e-05,2.122547334954239e-06,1.9873220007880885e-05,0.499281670416237,6.9352965502823754e-09,0.4992816704162441,2.63205193988082e-09,0.0014041591461476227,9.805874310262532e-08,2.9238684013396637e-07
EFT:1.0104241096782794e-05,2.122547334954209e-06,1.987322000788117e-05,0.499281670416237,6.935296550282277e-09,0.4992816704162441,2.6320519398807075e-09,0.0014041591461476227,9.805874310262393e-08,2.9238684013396224e-07
Random2723
Raw:1.0104241096783009e-05,2.122547334954194e-06,1.9873220007881028e-05,0.49928167041623345,6.935296550282327e-09,0.49928167041624766,2.6320519398807638e-09,0.0014041591461476327,9.805874310262462e-08,2.9238684013396436e-07
EFT:1.0104241096782794e-05,2.122547334954209e-06,1.987322000788117e-05,0.499281670416237,6.935296550282277e-09,0.4992816704162441,2.6320519398807075e-09,0.0014041591461476227,9.805874310262393e-08,2.9238684013396224e-07
Random2724
Raw:1.0104241096782938e-05,2.122547334954209e-06,1.9873220007880885e-05,0.499281670416237,6.9352965502823754e-09,0.4992816704162441,2.6320519398807824e-09,0.0014041591461476227,9.805874310262532e-08,2.9238684013396637e-07
EFT:1.0104241096782794e-05,2.122547334954209e-06,1.987322000788117e-05,0.499281670416237,6.935296550282277e-09,0.4992816704162441,2.6320519398807075e-09,0.0014041591461476227,9.805874310262393e-08,2.9238684013396224e-07
Random2725
Raw:1.0104241096782794e-05,2.122547334954209e-06,1.987322000788117e-05,0.4992816704162441,6.935296550282277e-09,0.499281670416237,2.63205193988067e-09,0.0014041591461476427,9.805874310262393e-08,2.9238684013396224e-07
EFT:1.0104241096782794e-05,2.122547334954209e-06,1.987322000788117e-05,0.499281670416237,6.935296550282277e-09,0.4992816704162441,2.6320519398807075e-09,0.0014041591461476227,9.805874310262393e-08,2.9238684013396224e-07
Random2726
Raw:1.0104241096782938e-05,2.122547334954209e-06,1.987322000788117e-05,0.499281670416237,6.9352965502823754e-09,0.4992816704162441,2.632051939880745e-09,0.0014041591461476227,9.805874310262532e-08,2.9238684013396637e-07
EFT:1.0104241096782794e-05,2.122547334954209e-06,1.987322000788117e-05,0.499281670416237,6.935296550282277e-09,0.4992816704162441,2.6320519398807075e-09,0.0014041591461476227,9.805874310262393e-08,2.9238684013396224e-07
Random2727
Raw:1.0104241096782867e-05,2.122547334954224e-06,1.987322000788131e-05,0.49928167041624055,6.935296550282326e-09,0.49928167041624055,2.6320519398807265e-09,0.0014041591461476327,9.805874310262323e-08,2.923868401339643e-07
EFT:1.0104241096782794e-05,2.122547334954209e-06,1.987322000788117e-05,0.499281670416237,6.935296550282277e-09,0.4992816704162441,2.6320519398807075e-09,0.0014041591461476227,9.805874310262393e-08,2.9238684013396224e-07
Random2728
Raw:1.0104241096782938e-05,2.122547334954239e-06,1.987322000788117e-05,0.499281670416237,6.9352965502823754e-09,0.4992816704162441,2.6320519398807824e-09,0.0014041591461476227,9.805874310262532e-08,2.9238684013396637e-07
EFT:1.0104241096782794e-05,2.122547334954209e-06,1.987322000788117e-05,0.499281670416237,6.935296550282277e-09,0.4992816704162441,2.6320519398807075e-09,0.0014041591461476227,9.805874310262393e-08,2.9238684013396224e-07
Random2729
Raw:1.0104241096782938e-05,2.122547334954209e-06,1.987322000788117e-05,0.499281670416237,6.9352965502823754e-09,0.4992816704162441,2.6320519398807824e-09,0.0014041591461476227,9.805874310262532e-08,2.9238684013396637e-07
EFT:1.0104241096782794e-05,2.122547334954209e-06,1.987322000788117e-05,0.499281670416237,6.935296550282277e-09,0.4992816704162441,2.6320519398807075e-09,0.0014041591461476227,9.805874310262393e-08,2.9238684013396224e-07
Random2730
Raw:1.0104241096782867e-05,2.122547334954224e-06,1.987322000788131e-05,0.49928167041624055,6.935296550282326e-09,0.49928167041624055,2.6320519398807638e-09,0.0014041591461476128,9.805874310262462e-08,2.923868401339643e-07
EFT:1.0104241096782794e-05,2.122547334954209e-06,1.987322000788117e-05,0.499281670416237,6.935296550282277e-09,0.4992816704162441,2.6320519398807075e-09,0.0014041591461476227,9.805874310262393e-08,2.9238684013396224e-07
Random2731
Raw:1.0104241096782794e-05,2.122547334954209e-06,1.987322000788117e-05,0.499281670416237,6.935296550282277e-09,0.4992816704162441,2.6320519398807075e-09,0.0014041591461476227,9.805874310262393e-08,2.9238684013396224e-07
EFT:1.0104241096782794e-05,2.122547334954209e-06,1.987322000788117e-05,0.499281670416237,6.935296550282277e-09,0.4992816704162441,2.6320519398807075e-09,0.0014041591461476227,9.805874310262393e-08,2.9238684013396224e-07
Random2732
Raw:1.0104241096783009e-05,2.122547334954194e-06,1.9873220007881028e-05,0.49928167041623345,6.935296550282327e-09,0.49928167041624766,2.6320519398807638e-09,0.0014041591461476126,9.805874310262601e-08,2.9238684013396436e-07
EFT:1.0104241096782794e-05,2.122547334954209e-06,1.987322000788117e-05,0.499281670416237,6.935296550282277e-09,0.4992816704162441,2.6320519398807075e-09,0.0014041591461476227,9.805874310262393e-08,2.9238684013396224e-07
Random2733
Raw:1.0104241096782867e-05,2.122547334954224e-06,1.987322000788131e-05,0.49928167041624055,6.935296550282326e-09,0.49928167041624055,2.6320519398807265e-09,0.0014041591461476327,9.805874310262462e-08,2.923868401339643e-07
EFT:1.0104241096782794e-05,2.122547334954209e-06,1.987322000788117e-05,0.499281670416237,6.935296550282277e-09,0.4992816704162441,2.6320519398807075e-09,0.0014041591461476227,9.805874310262393e-08,2.9238684013396224e-07
Random2734
Raw:1.0104241096782938e-05,2.122547334954209e-06,1.987322000788117e-05,0.499281670416237,6.9352965502823754e-09,0.4992816704162441,2.632051939880745e-09,0.0014041591461476227,9.805874310262532e-08,2.9238684013396637e-07
EFT:1.0104241096782794e-05,2.122547334954209e-06,1.987322000788117e-05,0.499281670416237,6.935296550282277e-09,0.4992816704162441,2.6320519398807075e-09,0.0014041591461476227,9.805874310262393e-08,2.9238684013396224e-07
Random2735
Raw:1.0104241096783009e-05,2.122547334954194e-06,1.9873220007881028e-05,0.49928167041623345,6.935296550282327e-09,0.49928167041624766,2.6320519398807638e-09,0.0014041591461476126,9.805874310262601e-08,2.9238684013396436e-07
EFT:1.0104241096782794e-05,2.122547334954209e-06,1.987322000788117e-05,0.499281670416237,6.935296550282277e-09,0.4992816704162441,2.6320519398807075e-09,0.0014041591461476227,9.805874310262393e-08,2.9238684013396224e-07
Random2736
Raw:1.0104241096782867e-05,2.122547334954194e-06,1.9873220007881028e-05,0.49928167041624055,6.935296550282326e-09,0.49928167041624055,2.6320519398807265e-09,0.0014041591461476128,9.805874310262323e-08,2.923868401339643e-07
EFT:1.0104241096782794e-05,2.122547334954209e-06,1.987322000788117e-05,0.499281670416237,6.935296550282277e-09,0.4992816704162441,2.6320519398807075e-09,0.0014041591461476227,9.805874310262393e-08,2.9238684013396224e-07
Random2737
Raw:1.0104241096783009e-05,2.122547334954224e-06,1.987322000788131e-05,0.49928167041623345,6.935296550282327e-09,0.49928167041624766,2.6320519398807638e-09,0.0014041591461476327,9.805874310262462e-08,2.923868401339685e-07
EFT:1.0104241096782794e-05,2.122547334954209e-06,1.987322000788117e-05,0.499281670416237,6.935296550282277e-09,0.4992816704162441,2.6320519398807075e-09,0.0014041591461476227,9.805874310262393e-08,2.9238684013396224e-07
Random2738
Raw:1.0104241096782867e-05,2.122547334954224e-06,1.987322000788131e-05,0.49928167041624055,6.935296550282326e-09,0.49928167041624055,2.6320519398807265e-09,0.0014041591461476327,9.805874310262462e-08,2.923868401339643e-07
EFT:1.0104241096782794e-05,2.122547334954209e-06,1.987322000788117e-05,0.499281670416237,6.935296550282277e-09,0.4992816704162441,2.6320519398807075e-09,0.0014041591461476227,9.805874310262393e-08,2.9238684013396224e-07
Random2739
Raw:1.0104241096782865e-05,2.122547334954194e-06,1.9873220007881028e-05,0.49928167041623345,6.935296550282327e-09,0.49928167041624766,2.632051939880726e-09,0.0014041591461476126,9.805874310262462e-08,2.9238684013396436e-07
EFT:1.0104241096782794e-05,2.122547334954209e-06,1.987322000788117e-05,0.499281670416237,6.935296550282277e-09,0.4992816704162441,2.6320519398807075e-09,0.0014041591461476227,9.805874310262393e-08,2.9238684013396224e-07
Random2740
Raw:1.0104241096782938e-05,2.122547334954209e-06,1.987322000788117e-05,0.499281670416237,6.9352965502823754e-09,0.4992816704162441,2.632051939880745e-09,0.0014041591461476227,9.805874310262672e-08,2.9238684013396637e-07
EFT:1.0104241096782794e-05,2.122547334954209e-06,1.987322000788117e-05,0.499281670416237,6.935296550282277e-09,0.4992816704162441,2.6320519398807075e-09,0.0014041591461476227,9.805874310262393e-08,2.9238684013396224e-07
Random2741
Raw:1.0104241096782794e-05,2.122547334954209e-06,1.987322000788117e-05,0.499281670416237,6.935296550282277e-09,0.4992816704162441,2.6320519398807075e-09,0.0014041591461476026,9.805874310262393e-08,2.9238684013396224e-07
EFT:1.0104241096782794e-05,2.122547334954209e-06,1.987322000788117e-05,0.499281670416237,6.935296550282277e-09,0.4992816704162441,2.6320519398807075e-09,0.0014041591461476227,9.805874310262393e-08,2.9238684013396224e-07
Random2742
Raw:1.0104241096782938e-05,2.1225473349541788e-06,1.9873220007880885e-05,0.4992816704162299,6.935296550282277e-09,0.49928167041625116,2.632051939880745e-09,0.0014041591461476225,9.805874310262393e-08,2.9238684013396224e-07
EFT:1.0104241096782794e-05,2.122547334954209e-06,1.987322000788117e-05,0.499281670416237,6.935296550282277e-09,0.4992816704162441,2.6320519398807075e-09,0.0014041591461476227,9.805874310262393e-08,2.9238684013396224e-07
Random2743
Raw:1.0104241096782867e-05,2.122547334954224e-06,1.987322000788131e-05,0.49928167041624055,6.935296550282326e-09,0.49928167041624055,2.6320519398807265e-09,0.0014041591461476128,9.805874310262462e-08,2.923868401339643e-07
EFT:1.0104241096782794e-05,2.122547334954209e-06,1.987322000788117e-05,0.499281670416237,6.935296550282277e-09,0.4992816704162441,2.6320519398807075e-09,0.0014041591461476227,9.805874310262393e-08,2.9238684013396224e-07
Random2744
Raw:1.0104241096782867e-05,2.122547334954224e-06,1.987322000788131e-05,0.49928167041624055,6.935296550282326e-09,0.49928167041624055,2.6320519398807265e-09,0.0014041591461476327,9.805874310262323e-08,2.923868401339643e-07
EFT:1.0104241096782794e-05,2.122547334954209e-06,1.987322000788117e-05,0.499281670416237,6.935296550282277e-09,0.4992816704162441,2.6320519398807075e-09,0.0014041591461476227,9.805874310262393e-08,2.9238684013396224e-07
Random2745
Raw:1.0104241096782867e-05,2.122547334954224e-06,1.987322000788131e-05,0.49928167041624055,6.935296550282326e-09,0.49928167041624055,2.6320519398807638e-09,0.0014041591461476327,9.805874310262462e-08,2.923868401339643e-07
EFT:1.0104241096782794e-05,2.122547334954209e-06,1.987322000788117e-05,0.499281670416237,6.935296550282277e-09,0.4992816704162441,2.6320519398807075e-09,0.0014041591461476227,9.805874310262393e-08,2.9238684013396224e-07
Random2746
Raw:1.0104241096782794e-05,2.122547334954209e-06,1.987322000788117e-05,0.499281670416237,6.9352965502821786e-09,0.4992816704162441,2.6320519398807075e-09,0.0014041591461476227,9.805874310262393e-08,2.9238684013396224e-07
EFT:1.0104241096782794e-05,2.122547334954209e-06,1.987322000788117e-05,0.499281670416237,6.935296550282277e-09,0.4992816704162441,2.6320519398807075e-09,0.0014041591461476227,9.805874310262393e-08,2.9238684013396224e-07
Random2747
Raw:1.0104241096782867e-05,2.122547334954224e-06,1.987322000788131e-05,0.49928167041624055,6.935296550282326e-09,0.49928167041624055,2.6320519398807638e-09,0.0014041591461476128,9.805874310262462e-08,2.923868401339643e-07
EFT:1.0104241096782794e-05,2.122547334954209e-06,1.987322000788117e-05,0.499281670416237,6.935296550282277e-09,0.4992816704162441,2.6320519398807075e-09,0.0014041591461476227,9.805874310262393e-08,2.9238684013396224e-07
Random2748
Raw:1.0104241096782938e-05,2.122547334954239e-06,1.987322000788117e-05,0.499281670416237,6.935296550282277e-09,0.4992816704162441,2.632051939880745e-09,0.0014041591461476427,9.805874310262393e-08,2.9238684013396637e-07
EFT:1.0104241096782794e-05,2.122547334954209e-06,1.987322000788117e-05,0.499281670416237,6.935296550282277e-09,0.4992816704162441,2.6320519398807075e-09,0.0014041591461476227,9.805874310262393e-08,2.9238684013396224e-07
Random2749
Raw:1.0104241096782865e-05,2.122547334954194e-06,1.9873220007881028e-05,0.49928167041623345,6.935296550282228e-09,0.49928167041624766,2.632051939880726e-09,0.0014041591461476327,9.805874310262324e-08,2.923868401339602e-07
EFT:1.0104241096782794e-05,2.122547334954209e-06,1.987322000788117e-05,0.499281670416237,6.935296550282277e-09,0.4992816704162441,2.6320519398807075e-09,0.0014041591461476227,9.805874310262393e-08,2.9238684013396224e-07
Random2750
Raw:1.0104241096782938e-05,2.122547334954209e-06,1.987322000788117e-05,0.499281670416237,6.9352965502823754e-09,0.4992816704162441,2.6320519398807824e-09,0.0014041591461476227,9.805874310262532e-08,2.9238684013396637e-07
EFT:1.0104241096782794e-05,2.122547334954209e-06,1.987322000788117e-05,0.499281670416237,6.935296550282277e-09,0.4992816704162441,2.6320519398807075e-09,0.0014041591461476227,9.805874310262393e-08,2.9238684013396224e-07
Random2751
Raw:1.0104241096782938e-05,2.1225473349541788e-06,1.9873220007880885e-05,0.499281670416237,6.935296550282277e-09,0.4992816704162441,2.632051939880745e-09,0.0014041591461476026,9.805874310262532e-08,2.9238684013396224e-07
EFT:1.0104241096782794e-05,2.122547334954209e-06,1.987322000788117e-05,0.499281670416237,6.935296550282277e-09,0.4992816704162441,2.6320519398807075e-09,0.0014041591461476227,9.805874310262393e-08,2.9238684013396224e-07
Random2752
Raw:1.0104241096782865e-05,2.122547334954194e-06,1.9873220007881028e-05,0.49928167041623345,6.935296550282228e-09,0.49928167041624766,2.632051939880726e-09,0.0014041591461476327,9.805874310262324e-08,2.923868401339602e-07
EFT:1.0104241096782794e-05,2.122547334954209e-06,1.987322000788117e-05,0.499281670416237,6.935296550282277e-09,0.4992816704162441,2.6320519398807075e-09,0.0014041591461476227,9.805874310262393e-08,2.9238684013396224e-07
Random2753
Raw:1.0104241096782867e-05,2.122547334954224e-06,1.987322000788131e-05,0.49928167041624055,6.935296550282326e-09,0.49928167041624055,2.6320519398807265e-09,0.0014041591461476327,9.805874310262462e-08,2.923868401339643e-07
EFT:1.0104241096782794e-05,2.122547334954209e-06,1.987322000788117e-05,0.499281670416237,6.935296550282277e-09,0.4992816704162441,2.6320519398807075e-09,0.0014041591461476227,9.805874310262393e-08,2.9238684013396224e-07
Random2754
Raw:1.0104241096782867e-05,2.122547334954224e-06,1.987322000788131e-05,0.49928167041624055,6.935296550282326e-09,0.49928167041624055,2.6320519398807265e-09,0.0014041591461476327,9.805874310262462e-08,2.923868401339643e-07
EFT:1.0104241096782794e-05,2.122547334954209e-06,1.987322000788117e-05,0.499281670416237,6.935296550282277e-09,0.4992816704162441,2.6320519398807075e-09,0.0014041591461476227,9.805874310262393e-08,2.9238684013396224e-07
Random2755
Raw:1.0104241096782794e-05,2.122547334954209e-06,1.987322000788117e-05,0.499281670416237,6.935296550282277e-09,0.4992816704162441,2.632051939880745e-09,0.0014041591461476227,9.805874310262254e-08,2.9238684013396224e-07
EFT:1.0104241096782794e-05,2.122547334954209e-06,1.987322000788117e-05,0.499281670416237,6.935296550282277e-09,0.4992816704162441,2.6320519398807075e-09,0.0014041591461476227,9.805874310262393e-08,2.9238684013396224e-07
Random2756
Raw:1.0104241096782938e-05,2.122547334954239e-06,1.987322000788117e-05,0.499281670416237,6.9352965502823754e-09,0.4992816704162441,2.6320519398807824e-09,0.0014041591461476227,9.805874310262532e-08,2.9238684013396637e-07
EFT:1.0104241096782794e-05,2.122547334954209e-06,1.987322000788117e-05,0.499281670416237,6.935296550282277e-09,0.4992816704162441,2.6320519398807075e-09,0.0014041591461476227,9.805874310262393e-08,2.9238684013396224e-07
Random2757
Raw:1.0104241096782938e-05,2.122547334954209e-06,1.9873220007880885e-05,0.499281670416237,6.9352965502823754e-09,0.4992816704162441,2.6320519398807824e-09,0.0014041591461476227,9.805874310262532e-08,2.9238684013396637e-07
EFT:1.0104241096782794e-05,2.122547334954209e-06,1.987322000788117e-05,0.499281670416237,6.935296550282277e-09,0.4992816704162441,2.6320519398807075e-09,0.0014041591461476227,9.805874310262393e-08,2.9238684013396224e-07
Random2758
Raw:1.0104241096782865e-05,2.122547334954194e-06,1.9873220007881028e-05,0.49928167041623345,6.935296550282327e-09,0.49928167041624766,2.632051939880726e-09,0.0014041591461476126,9.805874310262462e-08,2.9238684013396436e-07
EFT:1.0104241096782794e-05,2.122547334954209e-06,1.987322000788117e-05,0.499281670416237,6.935296550282277e-09,0.4992816704162441,2.6320519398807075e-09,0.0014041591461476227,9.805874310262393e-08,2.9238684013396224e-07
Random2759
Raw:1.0104241096782938e-05,2.122547334954209e-06,1.987322000788117e-05,0.499281670416237,6.935296550282277e-09,0.4992816704162441,2.632051939880745e-09,0.0014041591461476427,9.805874310262393e-08,2.9238684013396224e-07
EFT:1.0104241096782794e-05,2.122547334954209e-06,1.987322000788117e-05,0.499281670416237,6.935296550282277e-09,0.4992816704162441,2.6320519398807075e-09,0.0014041591461476227,9.805874310262393e-08,2.9238684013396224e-07
Random2760
Raw:1.0104241096782867e-05,2.122547334954224e-06,1.9873220007881028e-05,0.49928167041624055,6.935296550282326e-09,0.49928167041624055,2.6320519398807265e-09,0.0014041591461476128,9.805874310262462e-08,2.923868401339643e-07
EFT:1.0104241096782794e-05,2.122547334954209e-06,1.987322000788117e-05,0.499281670416237,6.935296550282277e-09,0.4992816704162441,2.6320519398807075e-09,0.0014041591461476227,9.805874310262393e-08,2.9238684013396224e-07
Random2761
Raw:1.0104241096782938e-05,2.122547334954209e-06,1.987322000788117e-05,0.499281670416237,6.9352965502823754e-09,0.4992816704162441,2.632051939880745e-09,0.0014041591461476227,9.805874310262393e-08,2.9238684013396637e-07
EFT:1.0104241096782794e-05,2.122547334954209e-06,1.987322000788117e-05,0.499281670416237,6.935296550282277e-09,0.4992816704162441,2.6320519398807075e-09,0.0014041591461476227,9.805874310262393e-08,2.9238684013396224e-07
Random2762
Raw:1.0104241096782865e-05,2.122547334954194e-06,1.9873220007881028e-05,0.49928167041623345,6.935296550282228e-09,0.49928167041624766,2.632051939880726e-09,0.0014041591461476126,9.805874310262462e-08,2.9238684013396436e-07
EFT:1.0104241096782794e-05,2.122547334954209e-06,1.987322000788117e-05,0.499281670416237,6.935296550282277e-09,0.4992816704162441,2.6320519398807075e-09,0.0014041591461476227,9.805874310262393e-08,2.9238684013396224e-07
Random2763
Raw:1.0104241096782938e-05,2.122547334954209e-06,1.987322000788117e-05,0.499281670416237,6.9352965502823754e-09,0.4992816704162441,2.632051939880745e-09,0.0014041591461476227,9.805874310262532e-08,2.9238684013396637e-07
EFT:1.0104241096782794e-05,2.122547334954209e-06,1.987322000788117e-05,0.499281670416237,6.935296550282277e-09,0.4992816704162441,2.6320519398807075e-09,0.0014041591461476227,9.805874310262393e-08,2.9238684013396224e-07
Random2764
Raw:1.0104241096782938e-05,2.122547334954209e-06,1.9873220007880885e-05,0.499281670416237,6.935296550282277e-09,0.4992816704162441,2.632051939880745e-09,0.0014041591461476227,9.805874310262393e-08,2.9238684013396224e-07
EFT:1.0104241096782794e-05,2.122547334954209e-06,1.987322000788117e-05,0.499281670416237,6.935296550282277e-09,0.4992816704162441,2.6320519398807075e-09,0.0014041591461476227,9.805874310262393e-08,2.9238684013396224e-07
Random2765
Raw:1.0104241096782938e-05,2.122547334954239e-06,1.9873220007880885e-05,0.499281670416237,6.935296550282277e-09,0.4992816704162441,2.632051939880745e-09,0.0014041591461476227,9.805874310262532e-08,2.9238684013396224e-07
EFT:1.0104241096782794e-05,2.122547334954209e-06,1.987322000788117e-05,0.499281670416237,6.935296550282277e-09,0.4992816704162441,2.6320519398807075e-09,0.0014041591461476227,9.805874310262393e-08,2.9238684013396224e-07
Random2766
Raw:1.0104241096782867e-05,2.122547334954224e-06,1.987322000788131e-05,0.49928167041624055,6.935296550282326e-09,0.49928167041624055,2.6320519398807638e-09,0.0014041591461476327,9.805874310262462e-08,2.923868401339643e-07
EFT:1.0104241096782794e-05,2.122547334954209e-06,1.987322000788117e-05,0.499281670416237,6.935296550282277e-09,0.4992816704162441,2.6320519398807075e-09,0.0014041591461476227,9.805874310262393e-08,2.9238684013396224e-07
Random2767
Raw:1.0104241096782938e-05,2.1225473349541788e-06,1.9873220007880885e-05,0.499281670416237,6.935296550282277e-09,0.4992816704162441,2.632051939880745e-09,0.0014041591461476026,9.805874310262532e-08,2.9238684013396224e-07
EFT:1.0104241096782794e-05,2.122547334954209e-06,1.987322000788117e-05,0.499281670416237,6.935296550282277e-09,0.4992816704162441,2.6320519398807075e-09,0.0014041591461476227,9.805874310262393e-08,2.9238684013396224e-07
Random2768
Raw:1.0104241096783009e-05,2.122547334954224e-06,1.987322000788131e-05,0.49928167041623345,6.935296550282327e-09,0.49928167041624766,2.6320519398807638e-09,0.0014041591461476327,9.805874310262462e-08,2.923868401339685e-07
EFT:1.0104241096782794e-05,2.122547334954209e-06,1.987322000788117e-05,0.499281670416237,6.935296550282277e-09,0.4992816704162441,2.6320519398807075e-09,0.0014041591461476227,9.805874310262393e-08,2.9238684013396224e-07
Random2769
Raw:1.0104241096782938e-05,2.122547334954209e-06,1.987322000788117e-05,0.499281670416237,6.9352965502823754e-09,0.4992816704162441,2.632051939880745e-09,0.0014041591461476227,9.805874310262672e-08,2.9238684013396637e-07
EFT:1.0104241096782794e-05,2.122547334954209e-06,1.987322000788117e-05,0.499281670416237,6.935296550282277e-09,0.4992816704162441,2.6320519398807075e-09,0.0014041591461476227,9.805874310262393e-08,2.9238684013396224e-07
Random2770
Raw:1.0104241096782938e-05,2.122547334954209e-06,1.987322000788117e-05,0.499281670416237,6.935296550282277e-09,0.4992816704162441,2.632051939880745e-09,0.0014041591461476427,9.805874310262393e-08,2.9238684013396224e-07
EFT:1.0104241096782794e-05,2.122547334954209e-06,1.987322000788117e-05,0.499281670416237,6.935296550282277e-09,0.4992816704162441,2.6320519398807075e-09,0.0014041591461476227,9.805874310262393e-08,2.9238684013396224e-07
Random2771
Raw:1.0104241096782867e-05,2.1225473349542546e-06,1.9873220007881594e-05,0.49928167041624055,6.935296550282228e-09,0.49928167041624055,2.632051939880689e-09,0.0014041591461476527,9.805874310262323e-08,2.923868401339643e-07
EFT:1.0104241096782794e-05,2.122547334954209e-06,1.987322000788117e-05,0.499281670416237,6.935296550282277e-09,0.4992816704162441,2.6320519398807075e-09,0.0014041591461476227,9.805874310262393e-08,2.9238684013396224e-07
Random2772
Raw:1.0104241096782938e-05,2.122547334954239e-06,1.987322000788117e-05,0.499281670416237,6.935296550282277e-09,0.4992816704162441,2.632051939880745e-09,0.0014041591461476427,9.805874310262532e-08,2.9238684013396224e-07
EFT:1.0104241096782794e-05,2.122547334954209e-06,1.987322000788117e-05,0.499281670416237,6.935296550282277e-09,0.4992816704162441,2.6320519398807075e-09,0.0014041591461476227,9.805874310262393e-08,2.9238684013396224e-07
Random2773
Raw:1.0104241096782938e-05,2.122547334954209e-06,1.987322000788117e-05,0.499281670416237,6.935296550282277e-09,0.4992816704162441,2.632051939880745e-09,0.0014041591461476427,9.805874310262393e-08,2.9238684013396224e-07
EFT:1.0104241096782794e-05,2.122547334954209e-06,1.987322000788117e-05,0.499281670416237,6.935296550282277e-09,0.4992816704162441,2.6320519398807075e-09,0.0014041591461476227,9.805874310262393e-08,2.9238684013396224e-07
Random2774
Raw:1.0104241096782867e-05,2.122547334954224e-06,1.987322000788131e-05,0.49928167041624055,6.935296550282326e-09,0.49928167041624055,2.6320519398807265e-09,0.0014041591461476327,9.805874310262602e-08,2.923868401339643e-07
EFT:1.0104241096782794e-05,2.122547334954209e-06,1.987322000788117e-05,0.499281670416237,6.935296550282277e-09,0.4992816704162441,2.6320519398807075e-09,0.0014041591461476227,9.805874310262393e-08,2.9238684013396224e-07
Random2775
Raw:1.010424109678301e-05,2.122547334954224e-06,1.987322000788131e-05,0.49928167041624055,6.935296550282425e-09,0.49928167041624055,2.6320519398807638e-09,0.0014041591461476327,9.805874310262602e-08,2.923868401339685e-07
EFT:1.0104241096782794e-05,2.122547334954209e-06,1.987322000788117e-05,0.499281670416237,6.935296550282277e-09,0.4992816704162441,2.6320519398807075e-09,0.0014041591461476227,9.805874310262393e-08,2.9238684013396224e-07
Random2776
Raw:1.0104241096782867e-05,2.122547334954224e-06,1.987322000788131e-05,0.49928167041624055,6.935296550282326e-09,0.49928167041624055,2.6320519398807265e-09,0.0014041591461476327,9.805874310262462e-08,2.923868401339643e-07
EFT:1.0104241096782794e-05,2.122547334954209e-06,1.987322000788117e-05,0.499281670416237,6.935296550282277e-09,0.4992816704162441,2.6320519398807075e-09,0.0014041591461476227,9.805874310262393e-08,2.9238684013396224e-07
Random2777
Raw:1.0104241096782867e-05,2.122547334954194e-06,1.9873220007881028e-05,0.49928167041624055,6.935296550282228e-09,0.49928167041624055,2.632051939880689e-09,0.0014041591461476327,9.805874310262323e-08,2.923868401339602e-07
EFT:1.0104241096782794e-05,2.122547334954209e-06,1.987322000788117e-05,0.499281670416237,6.935296550282277e-09,0.4992816704162441,2.6320519398807075e-09,0.0014041591461476227,9.805874310262393e-08,2.9238684013396224e-07
Random2778
Raw:1.0104241096782938e-05,2.122547334954239e-06,1.987322000788145e-05,0.499281670416237,6.935296550282277e-09,0.4992816704162441,2.632051939880745e-09,0.0014041591461476427,9.805874310262393e-08,2.9238684013396637e-07
EFT:1.0104241096782794e-05,2.122547334954209e-06,1.987322000788117e-05,0.499281670416237,6.935296550282277e-09,0.4992816704162441,2.6320519398807075e-09,0.0014041591461476227,9.805874310262393e-08,2.9238684013396224e-07
Random2779
Raw:1.0104241096782794e-05,2.122547334954209e-06,1.987322000788117e-05,0.499281670416237,6.935296550282277e-09,0.4992816704162441,2.632051939880745e-09,0.0014041591461476227,9.805874310262254e-08,2.9238684013396224e-07
EFT:1.0104241096782794e-05,2.122547334954209e-06,1.987322000788117e-05,0.499281670416237,6.935296550282277e-09,0.4992816704162441,2.6320519398807075e-09,0.0014041591461476227,9.805874310262393e-08,2.9238684013396224e-07
Random2780
Raw:1.0104241096782938e-05,2.122547334954209e-06,1.987322000788117e-05,0.499281670416237,6.935296550282277e-09,0.4992816704162441,2.632051939880745e-09,0.0014041591461476227,9.805874310262532e-08,2.9238684013396224e-07
EFT:1.0104241096782794e-05,2.122547334954209e-06,1.987322000788117e-05,0.499281670416237,6.935296550282277e-09,0.4992816704162441,2.6320519398807075e-09,0.0014041591461476227,9.805874310262393e-08,2.9238684013396224e-07
Random2781
Raw:1.0104241096782938e-05,2.122547334954239e-06,1.9873220007880885e-05,0.499281670416237,6.935296550282277e-09,0.4992816704162441,2.632051939880745e-09,0.0014041591461476227,9.805874310262532e-08,2.9238684013396224e-07
EFT:1.0104241096782794e-05,2.122547334954209e-06,1.987322000788117e-05,0.499281670416237,6.935296550282277e-09,0.4992816704162441,2.6320519398807075e-09,0.0014041591461476227,9.805874310262393e-08,2.9238684013396224e-07
Random2782
Raw:1.0104241096782938e-05,2.122547334954209e-06,1.987322000788117e-05,0.499281670416237,6.9352965502823754e-09,0.4992816704162441,2.632051939880745e-09,0.0014041591461476227,9.805874310262532e-08,2.9238684013396637e-07
EFT:1.0104241096782794e-05,2.122547334954209e-06,1.987322000788117e-05,0.499281670416237,6.935296550282277e-09,0.4992816704162441,2.6320519398807075e-09,0.0014041591461476227,9.805874310262393e-08,2.9238684013396224e-07
Random2783
Raw:1.0104241096782938e-05,2.122547334954209e-06,1.987322000788117e-05,0.499281670416237,6.935296550282277e-09,0.4992816704162441,2.632051939880745e-09,0.0014041591461476227,9.805874310262532e-08,2.9238684013396224e-07
EFT:1.0104241096782794e-05,2.122547334954209e-06,1.987322000788117e-05,0.499281670416237,6.935296550282277e-09,0.4992816704162441,2.6320519398807075e-09,0.0014041591461476227,9.805874310262393e-08,2.9238684013396224e-07
Random2784
Raw:1.0104241096782938e-05,2.122547334954209e-06,1.987322000788117e-05,0.499281670416237,6.9352965502823754e-09,0.4992816704162441,2.632051939880745e-09,0.0014041591461476227,9.805874310262532e-08,2.9238684013396637e-07
EFT:1.0104241096782794e-05,2.122547334954209e-06,1.987322000788117e-05,0.499281670416237,6.935296550282277e-09,0.4992816704162441,2.6320519398807075e-09,0.0014041591461476227,9.805874310262393e-08,2.9238684013396224e-07
Random2785
Raw:1.0104241096782794e-05,2.122547334954209e-06,1.987322000788117e-05,0.4992816704162441,6.935296550282277e-09,0.499281670416237,2.63205193988067e-09,0.0014041591461476427,9.805874310262393e-08,2.9238684013396224e-07
EFT:1.0104241096782794e-05,2.122547334954209e-06,1.987322000788117e-05,0.499281670416237,6.935296550282277e-09,0.4992816704162441,2.6320519398807075e-09,0.0014041591461476227,9.805874310262393e-08,2.9238684013396224e-07
Random2786
Raw:1.0104241096783009e-05,2.122547334954224e-06,1.987322000788131e-05,0.49928167041623345,6.935296550282327e-09,0.49928167041624766,2.6320519398807638e-09,0.0014041591461476327,9.805874310262601e-08,2.9238684013396436e-07
EFT:1.0104241096782794e-05,2.122547334954209e-06,1.987322000788117e-05,0.499281670416237,6.935296550282277e-09,0.4992816704162441,2.6320519398807075e-09,0.0014041591461476227,9.805874310262393e-08,2.9238684013396224e-07
Random2787
Raw:1.0104241096782794e-05,2.122547334954209e-06,1.987322000788117e-05,0.499281670416237,6.935296550282277e-09,0.4992816704162441,2.632051939880745e-09,0.0014041591461476227,9.805874310262254e-08,2.9238684013396224e-07
EFT:1.0104241096782794e-05,2.122547334954209e-06,1.987322000788117e-05,0.499281670416237,6.935296550282277e-09,0.4992816704162441,2.6320519398807075e-09,0.0014041591461476227,9.805874310262393e-08,2.9238684013396224e-07
Random2788
Raw:1.0104241096783009e-05,2.122547334954224e-06,1.987322000788131e-05,0.49928167041623345,6.935296550282327e-09,0.49928167041624766,2.6320519398807638e-09,0.0014041591461476327,9.805874310262462e-08,2.923868401339685e-07
EFT:1.0104241096782794e-05,2.122547334954209e-06,1.987322000788117e-05,0.499281670416237,6.935296550282277e-09,0.4992816704162441,2.6320519398807075e-09,0.0014041591461476227,9.805874310262393e-08,2.9238684013396224e-07
Random2789
Raw:1.0104241096782794e-05,2.122547334954209e-06,1.987322000788117e-05,0.4992816704162441,6.935296550282277e-09,0.499281670416237,2.63205193988067e-09,0.0014041591461476227,9.805874310262254e-08,2.9238684013396224e-07
EFT:1.0104241096782794e-05,2.122547334954209e-06,1.987322000788117e-05,0.499281670416237,6.935296550282277e-09,0.4992816704162441,2.6320519398807075e-09,0.0014041591461476227,9.805874310262393e-08,2.9238684013396224e-07
Random2790
Raw:1.0104241096782794e-05,2.122547334954209e-06,1.987322000788117e-05,0.499281670416237,6.935296550282277e-09,0.4992816704162441,2.6320519398807075e-09,0.0014041591461476227,9.805874310262393e-08,2.9238684013396224e-07
EFT:1.0104241096782794e-05,2.122547334954209e-06,1.987322000788117e-05,0.499281670416237,6.935296550282277e-09,0.4992816704162441,2.6320519398807075e-09,0.0014041591461476227,9.805874310262393e-08,2.9238684013396224e-07
Random2791
Raw:1.0104241096782867e-05,2.122547334954224e-06,1.987322000788131e-05,0.49928167041624055,6.935296550282326e-09,0.49928167041624055,2.6320519398807265e-09,0.0014041591461476327,9.805874310262462e-08,2.923868401339643e-07
EFT:1.0104241096782794e-05,2.122547334954209e-06,1.987322000788117e-05,0.499281670416237,6.935296550282277e-09,0.4992816704162441,2.6320519398807075e-09,0.0014041591461476227,9.805874310262393e-08,2.9238684013396224e-07
Random2792
Raw:1.0104241096782794e-05,2.122547334954209e-06,1.9873220007880885e-05,0.499281670416237,6.935296550282277e-09,0.4992816704162441,2.6320519398807075e-09,0.0014041591461476026,9.805874310262393e-08,2.9238684013396224e-07
EFT:1.0104241096782794e-05,2.122547334954209e-06,1.987322000788117e-05,0.499281670416237,6.935296550282277e-09,0.4992816704162441,2.6320519398807075e-09,0.0014041591461476227,9.805874310262393e-08,2.9238684013396224e-07
Random2793
Raw:1.0104241096782867e-05,2.122547334954224e-06,1.987322000788131e-05,0.49928167041624055,6.935296550282326e-09,0.49928167041624055,2.6320519398807265e-09,0.0014041591461476327,9.805874310262462e-08,2.923868401339643e-07
EFT:1.0104241096782794e-05,2.122547334954209e-06,1.987322000788117e-05,0.499281670416237,6.935296550282277e-09,0.4992816704162441,2.6320519398807075e-09,0.0014041591461476227,9.805874310262393e-08,2.9238684013396224e-07
Random2794
Raw:1.0104241096782938e-05,2.122547334954209e-06,1.987322000788117e-05,0.499281670416237,6.935296550282277e-09,0.4992816704162441,2.632051939880745e-09,0.0014041591461476427,9.805874310262393e-08,2.9238684013396224e-07
EFT:1.0104241096782794e-05,2.122547334954209e-06,1.987322000788117e-05,0.499281670416237,6.935296550282277e-09,0.4992816704162441,2.6320519398807075e-09,0.0014041591461476227,9.805874310262393e-08,2.9238684013396224e-07
Random2795
Raw:1.0104241096782867e-05,2.122547334954224e-06,1.987322000788131e-05,0.49928167041624055,6.935296550282326e-09,0.49928167041624055,2.6320519398807638e-09,0.0014041591461476327,9.805874310262462e-08,2.923868401339643e-07
EFT:1.0104241096782794e-05,2.122547334954209e-06,1.987322000788117e-05,0.499281670416237,6.935296550282277e-09,0.4992816704162441,2.6320519398807075e-09,0.0014041591461476227,9.805874310262393e-08,2.9238684013396224e-07
Random2796
Raw:1.0104241096782865e-05,2.122547334954194e-06,1.9873220007881028e-05,0.49928167041623345,6.935296550282327e-09,0.49928167041624766,2.6320519398807638e-09,0.0014041591461476126,9.805874310262324e-08,2.9238684013396436e-07
EFT:1.0104241096782794e-05,2.122547334954209e-06,1.987322000788117e-05,0.499281670416237,6.935296550282277e-09,0.4992816704162441,2.6320519398807075e-09,0.0014041591461476227,9.805874310262393e-08,2.9238684013396224e-07
Random2797
Raw:1.0104241096782867e-05,2.122547334954194e-06,1.9873220007881028e-05,0.49928167041624055,6.935296550282326e-09,0.49928167041624055,2.6320519398807265e-09,0.0014041591461476128,9.805874310262602e-08,2.923868401339643e-07
EFT:1.0104241096782794e-05,2.122547334954209e-06,1.987322000788117e-05,0.499281670416237,6.935296550282277e-09,0.4992816704162441,2.6320519398807075e-09,0.0014041591461476227,9.805874310262393e-08,2.9238684013396224e-07
Random2798
Raw:1.0104241096782867e-05,2.122547334954194e-06,1.9873220007881028e-05,0.49928167041624055,6.935296550282228e-09,0.49928167041624055,2.632051939880689e-09,0.0014041591461476327,9.805874310262323e-08,2.923868401339602e-07
EFT:1.0104241096782794e-05,2.122547334954209e-06,1.987322000788117e-05,0.499281670416237,6.935296550282277e-09,0.4992816704162441,2.6320519398807075e-09,0.0014041591461476227,9.805874310262393e-08,2.9238684013396224e-07
Random2799
Raw:1.0104241096782867e-05,2.122547334954224e-06,1.987322000788131e-05,0.49928167041624055,6.935296550282326e-09,0.49928167041624055,2.6320519398807265e-09,0.0014041591461476128,9.805874310262462e-08,2.923868401339643e-07
EFT:1.0104241096782794e-05,2.122547334954209e-06,1.987322000788117e-05,0.499281670416237,6.935296550282277e-09,0.4992816704162441,2.6320519398807075e-09,0.0014041591461476227,9.805874310262393e-08,2.9238684013396224e-07
Random2800
Raw:1.0104241096782938e-05,2.122547334954239e-06,1.987322000788117e-05,0.499281670416237,6.935296550282277e-09,0.4992816704162441,2.632051939880745e-09,0.0014041591461476427,9.805874310262532e-08,2.9238684013396224e-07
EFT:1.0104241096782794e-05,2.122547334954209e-06,1.987322000788117e-05,0.499281670416237,6.935296550282277e-09,0.4992816704162441,2.6320519398807075e-09,0.0014041591461476227,9.805874310262393e-08,2.9238684013396224e-07
Random2801
Raw:1.0104241096782938e-05,2.122547334954239e-06,1.987322000788145e-05,0.499281670416237,6.935296550282277e-09,0.4992816704162441,2.632051939880745e-09,0.0014041591461476427,9.805874310262393e-08,2.9238684013396637e-07
EFT:1.0104241096782794e-05,2.122547334954209e-06,1.987322000788117e-05,0.499281670416237,6.935296550282277e-09,0.4992816704162441,2.6320519398807075e-09,0.0014041591461476227,9.805874310262393e-08,2.9238684013396224e-07
Random2802
Raw:1.0104241096782938e-05,2.122547334954239e-06,1.987322000788145e-05,0.499281670416237,6.935296550282277e-09,0.4992816704162441,2.632051939880745e-09,0.0014041591461476427,9.805874310262393e-08,2.9238684013396637e-07
EFT:1.0104241096782794e-05,2.122547334954209e-06,1.987322000788117e-05,0.499281670416237,6.935296550282277e-09,0.4992816704162441,2.6320519398807075e-09,0.0014041591461476227,9.805874310262393e-08,2.9238684013396224e-07
Random2803
Raw:1.0104241096782938e-05,2.122547334954239e-06,1.9873220007880885e-05,0.499281670416237,6.935296550282277e-09,0.4992816704162441,2.632051939880745e-09,0.0014041591461476227,9.805874310262532e-08,2.9238684013396224e-07
EFT:1.0104241096782794e-05,2.122547334954209e-06,1.987322000788117e-05,0.499281670416237,6.935296550282277e-09,0.4992816704162441,2.6320519398807075e-09,0.0014041591461476227,9.805874310262393e-08,2.9238684013396224e-07
Random2804
Raw:1.0104241096782867e-05,2.122547334954224e-06,1.987322000788131e-05,0.49928167041624055,6.935296550282326e-09,0.49928167041624055,2.6320519398807265e-09,0.0014041591461476327,9.805874310262462e-08,2.923868401339643e-07
EFT:1.0104241096782794e-05,2.122547334954209e-06,1.987322000788117e-05,0.499281670416237,6.935296550282277e-09,0.4992816704162441,2.6320519398807075e-09,0.0014041591461476227,9.805874310262393e-08,2.9238684013396224e-07
Random2805
Raw:1.0104241096782938e-05,2.122547334954239e-06,1.987322000788145e-05,0.499281670416237,6.935296550282277e-09,0.4992816704162441,2.632051939880745e-09,0.0014041591461476427,9.805874310262393e-08,2.9238684013396637e-07
EFT:1.0104241096782794e-05,2.122547334954209e-06,1.987322000788117e-05,0.499281670416237,6.935296550282277e-09,0.4992816704162441,2.6320519398807075e-09,0.0014041591461476227,9.805874310262393e-08,2.9238684013396224e-07
Random2806
Raw:1.0104241096782867e-05,2.122547334954224e-06,1.9873220007881028e-05,0.49928167041624055,6.935296550282326e-09,0.49928167041624055,2.6320519398807265e-09,0.0014041591461476327,9.805874310262323e-08,2.923868401339643e-07
EFT:1.0104241096782794e-05,2.122547334954209e-06,1.987322000788117e-05,0.499281670416237,6.935296550282277e-09,0.4992816704162441,2.6320519398807075e-09,0.0014041591461476227,9.805874310262393e-08,2.9238684013396224e-07
Random2807
Raw:1.0104241096782938e-05,2.122547334954209e-06,1.987322000788117e-05,0.499281670416237,6.9352965502823754e-09,0.4992816704162441,2.632051939880745e-09,0.0014041591461476227,9.805874310262393e-08,2.9238684013396637e-07
EFT:1.0104241096782794e-05,2.122547334954209e-06,1.987322000788117e-05,0.499281670416237,6.935296550282277e-09,0.4992816704162441,2.6320519398807075e-09,0.0014041591461476227,9.805874310262393e-08,2.9238684013396224e-07
Random2808
Raw:1.0104241096782938e-05,2.122547334954239e-06,1.987322000788117e-05,0.499281670416237,6.9352965502823754e-09,0.4992816704162441,2.6320519398807824e-09,0.0014041591461476227,9.805874310262532e-08,2.9238684013396637e-07
EFT:1.0104241096782794e-05,2.122547334954209e-06,1.987322000788117e-05,0.499281670416237,6.935296550282277e-09,0.4992816704162441,2.6320519398807075e-09,0.0014041591461476227,9.805874310262393e-08,2.9238684013396224e-07
Random2809
Raw:1.0104241096782794e-05,2.122547334954209e-06,1.987322000788117e-05,0.499281670416237,6.935296550282277e-09,0.4992816704162441,2.6320519398807075e-09,0.0014041591461476227,9.805874310262393e-08,2.9238684013396224e-07
EFT:1.0104241096782794e-05,2.122547334954209e-06,1.987322000788117e-05,0.499281670416237,6.935296550282277e-09,0.4992816704162441,2.6320519398807075e-09,0.0014041591461476227,9.805874310262393e-08,2.9238684013396224e-07
Random2810
Raw:1.0104241096782938e-05,2.122547334954239e-06,1.987322000788117e-05,0.499281670416237,6.935296550282277e-09,0.4992816704162441,2.632051939880745e-09,0.0014041591461476227,9.805874310262532e-08,2.9238684013396224e-07
EFT:1.0104241096782794e-05,2.122547334954209e-06,1.987322000788117e-05,0.499281670416237,6.935296550282277e-09,0.4992816704162441,2.6320519398807075e-09,0.0014041591461476227,9.805874310262393e-08,2.9238684013396224e-07
Random2811
Raw:1.0104241096783009e-05,2.122547334954224e-06,1.987322000788131e-05,0.49928167041623345,6.935296550282327e-09,0.49928167041624766,2.6320519398807638e-09,0.0014041591461476327,9.805874310262462e-08,2.923868401339685e-07
EFT:1.0104241096782794e-05,2.122547334954209e-06,1.987322000788117e-05,0.499281670416237,6.935296550282277e-09,0.4992816704162441,2.6320519398807075e-09,0.0014041591461476227,9.805874310262393e-08,2.9238684013396224e-07
Random2812
Raw:1.0104241096782867e-05,2.122547334954224e-06,1.987322000788131e-05,0.49928167041624055,6.935296550282326e-09,0.49928167041624055,2.6320519398807265e-09,0.0014041591461476327,9.805874310262323e-08,2.923868401339643e-07
EFT:1.0104241096782794e-05,2.122547334954209e-06,1.987322000788117e-05,0.499281670416237,6.935296550282277e-09,0.4992816704162441,2.6320519398807075e-09,0.0014041591461476227,9.805874310262393e-08,2.9238684013396224e-07
Random2813
Raw:1.0104241096782867e-05,2.122547334954224e-06,1.987322000788131e-05,0.49928167041624055,6.935296550282326e-09,0.49928167041624055,2.6320519398807265e-09,0.0014041591461476327,9.805874310262602e-08,2.923868401339643e-07
EFT:1.0104241096782794e-05,2.122547334954209e-06,1.987322000788117e-05,0.499281670416237,6.935296550282277e-09,0.4992816704162441,2.6320519398807075e-09,0.0014041591461476227,9.805874310262393e-08,2.9238684013396224e-07
Random2814
Raw:1.0104241096782938e-05,2.122547334954209e-06,1.9873220007880885e-05,0.499281670416237,6.935296550282277e-09,0.4992816704162441,2.632051939880745e-09,0.0014041591461476227,9.805874310262532e-08,2.9238684013396224e-07
EFT:1.0104241096782794e-05,2.122547334954209e-06,1.987322000788117e-05,0.499281670416237,6.935296550282277e-09,0.4992816704162441,2.6320519398807075e-09,0.0014041591461476227,9.805874310262393e-08,2.9238684013396224e-07
Random2815
Raw:1.0104241096782867e-05,2.122547334954224e-06,1.987322000788131e-05,0.49928167041624055,6.935296550282326e-09,0.49928167041624055,2.6320519398807265e-09,0.0014041591461476128,9.805874310262462e-08,2.923868401339643e-07
EFT:1.0104241096782794e-05,2.122547334954209e-06,1.987322000788117e-05,0.499281670416237,6.935296550282277e-09,0.4992816704162441,2.6320519398807075e-09,0.0014041591461476227,9.805874310262393e-08,2.9238684013396224e-07
Random2816
Raw:1.0104241096782867e-05,2.122547334954224e-06,1.987322000788131e-05,0.49928167041624055,6.935296550282326e-09,0.49928167041624055,2.6320519398807265e-09,0.0014041591461476128,9.805874310262462e-08,2.923868401339643e-07
EFT:1.0104241096782794e-05,2.122547334954209e-06,1.987322000788117e-05,0.499281670416237,6.935296550282277e-09,0.4992816704162441,2.6320519398807075e-09,0.0014041591461476227,9.805874310262393e-08,2.9238684013396224e-07
Random2817
Raw:1.0104241096782867e-05,2.122547334954194e-06,1.9873220007881028e-05,0.49928167041624055,6.935296550282228e-09,0.49928167041624055,2.632051939880689e-09,0.0014041591461476327,9.805874310262323e-08,2.923868401339602e-07
EFT:1.0104241096782794e-05,2.122547334954209e-06,1.987322000788117e-05,0.499281670416237,6.935296550282277e-09,0.4992816704162441,2.6320519398807075e-09,0.0014041591461476227,9.805874310262393e-08,2.9238684013396224e-07
Random2818
Raw:1.0104241096783082e-05,2.122547334954239e-06,1.9873220007881167e-05,0.4992816704162299,6.935296550282474e-09,0.49928167041625116,2.6320519398808196e-09,0.0014041591461476225,9.805874310262671e-08,2.9238684013397055e-07
EFT:1.0104241096782794e-05,2.122547334954209e-06,1.987322000788117e-05,0.499281670416237,6.935296550282277e-09,0.4992816704162441,2.6320519398807075e-09,0.0014041591461476227,9.805874310262393e-08,2.9238684013396224e-07
Random2819
Raw:1.0104241096782938e-05,2.122547334954209e-06,1.987322000788117e-05,0.499281670416237,6.9352965502823754e-09,0.4992816704162441,2.632051939880745e-09,0.0014041591461476227,9.805874310262393e-08,2.9238684013396637e-07
EFT:1.0104241096782794e-05,2.122547334954209e-06,1.987322000788117e-05,0.499281670416237,6.935296550282277e-09,0.4992816704162441,2.6320519398807075e-09,0.0014041591461476227,9.805874310262393e-08,2.9238684013396224e-07
Random2820
Raw:1.0104241096783009e-05,2.122547334954224e-06,1.987322000788131e-05,0.49928167041623345,6.935296550282327e-09,0.49928167041624766,2.6320519398807638e-09,0.0014041591461476327,9.805874310262462e-08,2.923868401339685e-07
EFT:1.0104241096782794e-05,2.122547334954209e-06,1.987322000788117e-05,0.499281670416237,6.935296550282277e-09,0.4992816704162441,2.6320519398807075e-09,0.0014041591461476227,9.805874310262393e-08,2.9238684013396224e-07
Random2821
Raw:1.0104241096783009e-05,2.122547334954194e-06,1.9873220007881028e-05,0.49928167041623345,6.935296550282327e-09,0.49928167041624766,2.6320519398807638e-09,0.0014041591461476327,9.805874310262462e-08,2.9238684013396436e-07
EFT:1.0104241096782794e-05,2.122547334954209e-06,1.987322000788117e-05,0.499281670416237,6.935296550282277e-09,0.4992816704162441,2.6320519398807075e-09,0.0014041591461476227,9.805874310262393e-08,2.9238684013396224e-07
Random2822
Raw:1.0104241096782938e-05,2.122547334954209e-06,1.987322000788117e-05,0.499281670416237,6.9352965502823754e-09,0.4992816704162441,2.632051939880745e-09,0.0014041591461476227,9.805874310262532e-08,2.9238684013396637e-07
EFT:1.0104241096782794e-05,2.122547334954209e-06,1.987322000788117e-05,0.499281670416237,6.935296550282277e-09,0.4992816704162441,2.6320519398807075e-09,0.0014041591461476227,9.805874310262393e-08,2.9238684013396224e-07
Random2823
Raw:1.0104241096782938e-05,2.122547334954209e-06,1.987322000788117e-05,0.499281670416237,6.935296550282277e-09,0.4992816704162441,2.632051939880745e-09,0.0014041591461476427,9.805874310262393e-08,2.9238684013396224e-07
EFT:1.0104241096782794e-05,2.122547334954209e-06,1.987322000788117e-05,0.499281670416237,6.935296550282277e-09,0.4992816704162441,2.6320519398807075e-09,0.0014041591461476227,9.805874310262393e-08,2.9238684013396224e-07
Random2824
Raw:1.0104241096783009e-05,2.122547334954194e-06,1.9873220007881028e-05,0.49928167041623345,6.935296550282327e-09,0.49928167041624766,2.6320519398807638e-09,0.0014041591461476327,9.805874310262462e-08,2.9238684013396436e-07
EFT:1.0104241096782794e-05,2.122547334954209e-06,1.987322000788117e-05,0.499281670416237,6.935296550282277e-09,0.4992816704162441,2.6320519398807075e-09,0.0014041591461476227,9.805874310262393e-08,2.9238684013396224e-07
Random2825
Raw:1.0104241096782723e-05,2.122547334954194e-06,1.9873220007881028e-05,0.49928167041624055,6.93529655028213e-09,0.49928167041624055,2.6320519398806513e-09,0.0014041591461476128,9.805874310262323e-08,2.923868401339602e-07
EFT:1.0104241096782794e-05,2.122547334954209e-06,1.987322000788117e-05,0.499281670416237,6.935296550282277e-09,0.4992816704162441,2.6320519398807075e-09,0.0014041591461476227,9.805874310262393e-08,2.9238684013396224e-07
Random2826
Raw:1.0104241096783009e-05,2.122547334954224e-06,1.9873220007881028e-05,0.49928167041623345,6.935296550282327e-09,0.49928167041624766,2.6320519398807638e-09,0.0014041591461476327,9.805874310262601e-08,2.9238684013396436e-07
EFT:1.0104241096782794e-05,2.122547334954209e-06,1.987322000788117e-05,0.499281670416237,6.935296550282277e-09,0.4992816704162441,2.6320519398807075e-09,0.0014041591461476227,9.805874310262393e-08,2.9238684013396224e-07
Random2827
Raw:1.0104241096782867e-05,2.122547334954224e-06,1.9873220007881028e-05,0.49928167041624055,6.935296550282326e-09,0.49928167041624055,2.6320519398807265e-09,0.0014041591461476327,9.805874310262602e-08,2.923868401339643e-07
EFT:1.0104241096782794e-05,2.122547334954209e-06,1.987322000788117e-05,0.499281670416237,6.935296550282277e-09,0.4992816704162441,2.6320519398807075e-09,0.0014041591461476227,9.805874310262393e-08,2.9238684013396224e-07
Random2828
Raw:1.0104241096782794e-05,2.122547334954209e-06,1.987322000788117e-05,0.499281670416237,6.935296550282277e-09,0.4992816704162441,2.6320519398807075e-09,0.0014041591461476026,9.805874310262393e-08,2.9238684013396224e-07
EFT:1.0104241096782794e-05,2.122547334954209e-06,1.987322000788117e-05,0.499281670416237,6.935296550282277e-09,0.4992816704162441,2.6320519398807075e-09,0.0014041591461476227,9.805874310262393e-08,2.9238684013396224e-07
Random2829
Raw:1.0104241096782938e-05,2.122547334954209e-06,1.987322000788117e-05,0.499281670416237,6.935296550282277e-09,0.4992816704162441,2.632051939880745e-09,0.0014041591461476427,9.805874310262393e-08,2.9238684013396224e-07
EFT:1.0104241096782794e-05,2.122547334954209e-06,1.987322000788117e-05,0.499281670416237,6.935296550282277e-09,0.4992816704162441,2.6320519398807075e-09,0.0014041591461476227,9.805874310262393e-08,2.9238684013396224e-07
Random2830
Raw:1.0104241096782938e-05,2.122547334954209e-06,1.987322000788117e-05,0.499281670416237,6.9352965502823754e-09,0.4992816704162441,2.632051939880745e-09,0.0014041591461476227,9.805874310262393e-08,2.9238684013396637e-07
EFT:1.0104241096782794e-05,2.122547334954209e-06,1.987322000788117e-05,0.499281670416237,6.935296550282277e-09,0.4992816704162441,2.6320519398807075e-09,0.0014041591461476227,9.805874310262393e-08,2.9238684013396224e-07
Random2831
Raw:1.0104241096782723e-05,2.122547334954194e-06,1.9873220007881028e-05,0.49928167041624055,6.935296550282228e-09,0.49928167041624055,2.6320519398806513e-09,0.0014041591461476128,9.805874310262323e-08,2.923868401339602e-07
EFT:1.0104241096782794e-05,2.122547334954209e-06,1.987322000788117e-05,0.499281670416237,6.935296550282277e-09,0.4992816704162441,2.6320519398807075e-09,0.0014041591461476227,9.805874310262393e-08,2.9238684013396224e-07
Random2832
Raw:1.0104241096782938e-05,2.122547334954209e-06,1.987322000788117e-05,0.499281670416237,6.9352965502823754e-09,0.4992816704162441,2.6320519398807824e-09,0.0014041591461476227,9.805874310262532e-08,2.9238684013396637e-07
EFT:1.0104241096782794e-05,2.122547334954209e-06,1.987322000788117e-05,0.499281670416237,6.935296550282277e-09,0.4992816704162441,2.6320519398807075e-09,0.0014041591461476227,9.805874310262393e-08,2.9238684013396224e-07
Random2833
Raw:1.0104241096783009e-05,2.122547334954194e-06,1.9873220007881028e-05,0.49928167041623345,6.935296550282327e-09,0.49928167041624766,2.6320519398807638e-09,0.0014041591461476126,9.805874310262601e-08,2.9238684013396436e-07
EFT:1.0104241096782794e-05,2.122547334954209e-06,1.987322000788117e-05,0.499281670416237,6.935296550282277e-09,0.4992816704162441,2.6320519398807075e-09,0.0014041591461476227,9.805874310262393e-08,2.9238684013396224e-07
Random2834
Raw:1.0104241096782867e-05,2.122547334954224e-06,1.987322000788131e-05,0.49928167041624055,6.935296550282326e-09,0.49928167041624055,2.6320519398807265e-09,0.0014041591461476327,9.805874310262462e-08,2.923868401339643e-07
EFT:1.0104241096782794e-05,2.122547334954209e-06,1.987322000788117e-05,0.499281670416237,6.935296550282277e-09,0.4992816704162441,2.6320519398807075e-09,0.0014041591461476227,9.805874310262393e-08,2.9238684013396224e-07
Random2835
Raw:1.0104241096782867e-05,2.122547334954224e-06,1.9873220007881028e-05,0.49928167041624055,6.935296550282326e-09,0.49928167041624055,2.6320519398807265e-09,0.0014041591461476327,9.805874310262602e-08,2.923868401339643e-07
EFT:1.0104241096782794e-05,2.122547334954209e-06,1.987322000788117e-05,0.499281670416237,6.935296550282277e-09,0.4992816704162441,2.6320519398807075e-09,0.0014041591461476227,9.805874310262393e-08,2.9238684013396224e-07
Random2836
Raw:1.0104241096782938e-05,2.122547334954209e-06,1.987322000788117e-05,0.499281670416237,6.935296550282277e-09,0.4992816704162441,2.632051939880745e-09,0.0014041591461476427,9.805874310262393e-08,2.9238684013396224e-07
EFT:1.0104241096782794e-05,2.122547334954209e-06,1.987322000788117e-05,0.499281670416237,6.935296550282277e-09,0.4992816704162441,2.6320519398807075e-09,0.0014041591461476227,9.805874310262393e-08,2.9238684013396224e-07
Random2837
Raw:1.0104241096782938e-05,2.122547334954239e-06,1.987322000788117e-05,0.499281670416237,6.9352965502823754e-09,0.4992816704162441,2.6320519398807824e-09,0.0014041591461476227,9.805874310262532e-08,2.9238684013396637e-07
EFT:1.0104241096782794e-05,2.122547334954209e-06,1.987322000788117e-05,0.499281670416237,6.935296550282277e-09,0.4992816704162441,2.6320519398807075e-09,0.0014041591461476227,9.805874310262393e-08,2.9238684013396224e-07
Random2838
Raw:1.0104241096783009e-05,2.122547334954224e-06,1.987322000788131e-05,0.49928167041623345,6.935296550282424e-09,0.49928167041624766,2.6320519398807638e-09,0.0014041591461476327,9.805874310262601e-08,2.923868401339685e-07
EFT:1.0104241096782794e-05,2.122547334954209e-06,1.987322000788117e-05,0.499281670416237,6.935296550282277e-09,0.4992816704162441,2.6320519398807075e-09,0.0014041591461476227,9.805874310262393e-08,2.9238684013396224e-07
Random2839
Raw:1.0104241096782794e-05,2.122547334954209e-06,1.987322000788117e-05,0.499281670416237,6.9352965502821786e-09,0.4992816704162441,2.6320519398807075e-09,0.0014041591461476227,9.805874310262393e-08,2.9238684013396224e-07
EFT:1.0104241096782794e-05,2.122547334954209e-06,1.987322000788117e-05,0.499281670416237,6.935296550282277e-09,0.4992816704162441,2.6320519398807075e-09,0.0014041591461476227,9.805874310262393e-08,2.9238684013396224e-07
Random2840
Raw:1.0104241096782938e-05,2.122547334954209e-06,1.987322000788117e-05,0.499281670416237,6.9352965502823754e-09,0.4992816704162441,2.632051939880745e-09,0.0014041591461476227,9.805874310262532e-08,2.9238684013396637e-07
EFT:1.0104241096782794e-05,2.122547334954209e-06,1.987322000788117e-05,0.499281670416237,6.935296550282277e-09,0.4992816704162441,2.6320519398807075e-09,0.0014041591461476227,9.805874310262393e-08,2.9238684013396224e-07
Random2841
Raw:1.0104241096782938e-05,2.122547334954239e-06,1.987322000788145e-05,0.499281670416237,6.935296550282277e-09,0.4992816704162441,2.632051939880745e-09,0.0014041591461476427,9.805874310262393e-08,2.9238684013396637e-07
EFT:1.0104241096782794e-05,2.122547334954209e-06,1.987322000788117e-05,0.499281670416237,6.935296550282277e-09,0.4992816704162441,2.6320519398807075e-09,0.0014041591461476227,9.805874310262393e-08,2.9238684013396224e-07
Random2842
Raw:1.0104241096782867e-05,2.1225473349542546e-06,1.987322000788131e-05,0.49928167041624055,6.935296550282326e-09,0.49928167041624055,2.6320519398807638e-09,0.0014041591461476128,9.805874310262462e-08,2.923868401339643e-07
EFT:1.0104241096782794e-05,2.122547334954209e-06,1.987322000788117e-05,0.499281670416237,6.935296550282277e-09,0.4992816704162441,2.6320519398807075e-09,0.0014041591461476227,9.805874310262393e-08,2.9238684013396224e-07
Random2843
Raw:1.0104241096782867e-05,2.122547334954224e-06,1.9873220007881028e-05,0.49928167041624055,6.935296550282326e-09,0.49928167041624055,2.6320519398807265e-09,0.0014041591461476128,9.805874310262462e-08,2.923868401339643e-07
EFT:1.0104241096782794e-05,2.122547334954209e-06,1.987322000788117e-05,0.499281670416237,6.935296550282277e-09,0.4992816704162441,2.6320519398807075e-09,0.0014041591461476227,9.805874310262393e-08,2.9238684013396224e-07
Random2844
Raw:1.0104241096783009e-05,2.122547334954224e-06,1.987322000788131e-05,0.49928167041623345,6.935296550282327e-09,0.49928167041624766,2.6320519398807638e-09,0.0014041591461476327,9.805874310262462e-08,2.923868401339685e-07
EFT:1.0104241096782794e-05,2.122547334954209e-06,1.987322000788117e-05,0.499281670416237,6.935296550282277e-09,0.4992816704162441,2.6320519398807075e-09,0.0014041591461476227,9.805874310262393e-08,2.9238684013396224e-07
Random2845
Raw:1.0104241096782938e-05,2.122547334954209e-06,1.987322000788117e-05,0.499281670416237,6.9352965502823754e-09,0.4992816704162441,2.632051939880745e-09,0.0014041591461476227,9.805874310262393e-08,2.9238684013396637e-07
EFT:1.0104241096782794e-05,2.122547334954209e-06,1.987322000788117e-05,0.499281670416237,6.935296550282277e-09,0.4992816704162441,2.6320519398807075e-09,0.0014041591461476227,9.805874310262393e-08,2.9238684013396224e-07
Random2846
Raw:1.0104241096782938e-05,2.122547334954209e-06,1.9873220007880885e-05,0.499281670416237,6.935296550282277e-09,0.4992816704162441,2.632051939880745e-09,0.0014041591461476227,9.805874310262532e-08,2.9238684013396224e-07
EFT:1.0104241096782794e-05,2.122547334954209e-06,1.987322000788117e-05,0.499281670416237,6.935296550282277e-09,0.4992816704162441,2.6320519398807075e-09,0.0014041591461476227,9.805874310262393e-08,2.9238684013396224e-07
Random2847
Raw:1.0104241096782794e-05,2.1225473349541788e-06,1.9873220007880885e-05,0.499281670416237,6.9352965502821786e-09,0.4992816704162441,2.632051939880745e-09,0.0014041591461476026,9.805874310262254e-08,2.9238684013396224e-07
EFT:1.0104241096782794e-05,2.122547334954209e-06,1.987322000788117e-05,0.499281670416237,6.935296550282277e-09,0.4992816704162441,2.6320519398807075e-09,0.0014041591461476227,9.805874310262393e-08,2.9238684013396224e-07
Random2848
Raw:1.0104241096782938e-05,2.122547334954209e-06,1.987322000788117e-05,0.499281670416237,6.935296550282277e-09,0.4992816704162441,2.632051939880745e-09,0.0014041591461476227,9.805874310262532e-08,2.9238684013396224e-07
EFT:1.0104241096782794e-05,2.122547334954209e-06,1.987322000788117e-05,0.499281670416237,6.935296550282277e-09,0.4992816704162441,2.6320519398807075e-09,0.0014041591461476227,9.805874310262393e-08,2.9238684013396224e-07
Random2849
Raw:1.0104241096782938e-05,2.122547334954209e-06,1.9873220007880885e-05,0.499281670416237,6.935296550282277e-09,0.4992816704162441,2.632051939880745e-09,0.0014041591461476227,9.805874310262532e-08,2.9238684013396224e-07
EFT:1.0104241096782794e-05,2.122547334954209e-06,1.987322000788117e-05,0.499281670416237,6.935296550282277e-09,0.4992816704162441,2.6320519398807075e-09,0.0014041591461476227,9.805874310262393e-08,2.9238684013396224e-07
Random2850
Raw:1.0104241096783009e-05,2.122547334954194e-06,1.9873220007881028e-05,0.49928167041623345,6.935296550282327e-09,0.49928167041624766,2.6320519398807638e-09,0.0014041591461476327,9.805874310262462e-08,2.9238684013396436e-07
EFT:1.0104241096782794e-05,2.122547334954209e-06,1.987322000788117e-05,0.499281670416237,6.935296550282277e-09,0.4992816704162441,2.6320519398807075e-09,0.0014041591461476227,9.805874310262393e-08,2.9238684013396224e-07
Random2851
Raw:1.0104241096782938e-05,2.122547334954239e-06,1.987322000788117e-05,0.499281670416237,6.935296550282277e-09,0.4992816704162441,2.632051939880745e-09,0.0014041591461476427,9.805874310262532e-08,2.9238684013396224e-07
EFT:1.0104241096782794e-05,2.122547334954209e-06,1.987322000788117e-05,0.499281670416237,6.935296550282277e-09,0.4992816704162441,2.6320519398807075e-09,0.0014041591461476227,9.805874310262393e-08,2.9238684013396224e-07
Random2852
Raw:1.0104241096782867e-05,2.122547334954194e-06,1.9873220007881028e-05,0.49928167041624055,6.935296550282326e-09,0.49928167041624055,2.6320519398807265e-09,0.0014041591461476128,9.805874310262323e-08,2.923868401339643e-07
EFT:1.0104241096782794e-05,2.122547334954209e-06,1.987322000788117e-05,0.499281670416237,6.935296550282277e-09,0.4992816704162441,2.6320519398807075e-09,0.0014041591461476227,9.805874310262393e-08,2.9238684013396224e-07
Random2853
Raw:1.0104241096783009e-05,2.122547334954224e-06,1.987322000788131e-05,0.49928167041623345,6.935296550282327e-09,0.49928167041624766,2.6320519398807638e-09,0.0014041591461476327,9.805874310262601e-08,2.9238684013396436e-07
EFT:1.0104241096782794e-05,2.122547334954209e-06,1.987322000788117e-05,0.499281670416237,6.935296550282277e-09,0.4992816704162441,2.6320519398807075e-09,0.0014041591461476227,9.805874310262393e-08,2.9238684013396224e-07
Random2854
Raw:1.0104241096782938e-05,2.122547334954209e-06,1.987322000788117e-05,0.499281670416237,6.9352965502823754e-09,0.4992816704162441,2.632051939880745e-09,0.0014041591461476227,9.805874310262532e-08,2.9238684013396637e-07
EFT:1.0104241096782794e-05,2.122547334954209e-06,1.987322000788117e-05,0.499281670416237,6.935296550282277e-09,0.4992816704162441,2.6320519398807075e-09,0.0014041591461476227,9.805874310262393e-08,2.9238684013396224e-07
Random2855
Raw:1.0104241096782867e-05,2.122547334954224e-06,1.9873220007881028e-05,0.49928167041624055,6.935296550282326e-09,0.49928167041624055,2.6320519398807265e-09,0.0014041591461476327,9.805874310262323e-08,2.923868401339643e-07
EFT:1.0104241096782794e-05,2.122547334954209e-06,1.987322000788117e-05,0.499281670416237,6.935296550282277e-09,0.4992816704162441,2.6320519398807075e-09,0.0014041591461476227,9.805874310262393e-08,2.9238684013396224e-07
Random2856
Raw:1.0104241096782938e-05,2.122547334954209e-06,1.987322000788117e-05,0.499281670416237,6.9352965502823754e-09,0.4992816704162441,2.632051939880745e-09,0.0014041591461476227,9.805874310262532e-08,2.9238684013396637e-07
EFT:1.0104241096782794e-05,2.122547334954209e-06,1.987322000788117e-05,0.499281670416237,6.935296550282277e-09,0.4992816704162441,2.6320519398807075e-09,0.0014041591461476227,9.805874310262393e-08,2.9238684013396224e-07
Random2857
Raw:1.0104241096782938e-05,2.122547334954209e-06,1.987322000788117e-05,0.499281670416237,6.9352965502823754e-09,0.4992816704162441,2.632051939880745e-09,0.0014041591461476227,9.805874310262393e-08,2.9238684013396637e-07
EFT:1.0104241096782794e-05,2.122547334954209e-06,1.987322000788117e-05,0.499281670416237,6.935296550282277e-09,0.4992816704162441,2.6320519398807075e-09,0.0014041591461476227,9.805874310262393e-08,2.9238684013396224e-07
Random2858
Raw:1.0104241096782867e-05,2.122547334954224e-06,1.987322000788131e-05,0.49928167041624055,6.935296550282326e-09,0.49928167041624055,2.6320519398807265e-09,0.0014041591461476327,9.805874310262462e-08,2.923868401339643e-07
EFT:1.0104241096782794e-05,2.122547334954209e-06,1.987322000788117e-05,0.499281670416237,6.935296550282277e-09,0.4992816704162441,2.6320519398807075e-09,0.0014041591461476227,9.805874310262393e-08,2.9238684013396224e-07
Random2859
Raw:1.0104241096782867e-05,2.122547334954194e-06,1.9873220007881028e-05,0.49928167041624055,6.935296550282326e-09,0.49928167041624055,2.6320519398807265e-09,0.0014041591461476128,9.805874310262602e-08,2.923868401339643e-07
EFT:1.0104241096782794e-05,2.122547334954209e-06,1.987322000788117e-05,0.499281670416237,6.935296550282277e-09,0.4992816704162441,2.6320519398807075e-09,0.0014041591461476227,9.805874310262393e-08,2.9238684013396224e-07
Random2860
Raw:1.0104241096782938e-05,2.122547334954209e-06,1.987322000788117e-05,0.499281670416237,6.935296550282277e-09,0.4992816704162441,2.632051939880745e-09,0.0014041591461476227,9.805874310262393e-08,2.9238684013396637e-07
EFT:1.0104241096782794e-05,2.122547334954209e-06,1.987322000788117e-05,0.499281670416237,6.935296550282277e-09,0.4992816704162441,2.6320519398807075e-09,0.0014041591461476227,9.805874310262393e-08,2.9238684013396224e-07
Random2861
Raw:1.0104241096783009e-05,2.122547334954194e-06,1.9873220007881028e-05,0.49928167041623345,6.935296550282327e-09,0.49928167041624766,2.6320519398807638e-09,0.0014041591461476327,9.805874310262462e-08,2.9238684013396436e-07
EFT:1.0104241096782794e-05,2.122547334954209e-06,1.987322000788117e-05,0.499281670416237,6.935296550282277e-09,0.4992816704162441,2.6320519398807075e-09,0.0014041591461476227,9.805874310262393e-08,2.9238684013396224e-07
Random2862
Raw:1.0104241096782867e-05,2.122547334954224e-06,1.987322000788131e-05,0.49928167041624055,6.935296550282326e-09,0.49928167041624055,2.6320519398807265e-09,0.0014041591461476128,9.805874310262462e-08,2.923868401339643e-07
EFT:1.0104241096782794e-05,2.122547334954209e-06,1.987322000788117e-05,0.499281670416237,6.935296550282277e-09,0.4992816704162441,2.6320519398807075e-09,0.0014041591461476227,9.805874310262393e-08,2.9238684013396224e-07
Random2863
Raw:1.0104241096782938e-05,2.122547334954209e-06,1.987322000788117e-05,0.499281670416237,6.9352965502823754e-09,0.4992816704162441,2.632051939880745e-09,0.0014041591461476227,9.805874310262393e-08,2.9238684013396637e-07
EFT:1.0104241096782794e-05,2.122547334954209e-06,1.987322000788117e-05,0.499281670416237,6.935296550282277e-09,0.4992816704162441,2.6320519398807075e-09,0.0014041591461476227,9.805874310262393e-08,2.9238684013396224e-07
Random2864
Raw:1.0104241096782794e-05,2.122547334954209e-06,1.987322000788117e-05,0.499281670416237,6.9352965502821786e-09,0.4992816704162441,2.632051939880745e-09,0.0014041591461476227,9.805874310262254e-08,2.9238684013396224e-07
EFT:1.0104241096782794e-05,2.122547334954209e-06,1.987322000788117e-05,0.499281670416237,6.935296550282277e-09,0.4992816704162441,2.6320519398807075e-09,0.0014041591461476227,9.805874310262393e-08,2.9238684013396224e-07
Random2865
Raw:1.0104241096783009e-05,2.122547334954224e-06,1.987322000788131e-05,0.49928167041623345,6.935296550282424e-09,0.49928167041624766,2.6320519398807638e-09,0.0014041591461476327,9.805874310262601e-08,2.923868401339685e-07
EFT:1.0104241096782794e-05,2.122547334954209e-06,1.987322000788117e-05,0.499281670416237,6.935296550282277e-09,0.4992816704162441,2.6320519398807075e-09,0.0014041591461476227,9.805874310262393e-08,2.9238684013396224e-07
Random2866
Raw:1.0104241096782938e-05,2.122547334954209e-06,1.987322000788117e-05,0.499281670416237,6.9352965502823754e-09,0.4992816704162441,2.632051939880745e-09,0.0014041591461476227,9.805874310262532e-08,2.9238684013396637e-07
EFT:1.0104241096782794e-05,2.122547334954209e-06,1.987322000788117e-05,0.499281670416237,6.935296550282277e-09,0.4992816704162441,2.6320519398807075e-09,0.0014041591461476227,9.805874310262393e-08,2.9238684013396224e-07
Random2867
Raw:1.0104241096782867e-05,2.122547334954194e-06,1.9873220007881028e-05,0.49928167041624055,6.935296550282228e-09,0.49928167041624055,2.632051939880689e-09,0.0014041591461476327,9.805874310262323e-08,2.923868401339602e-07
EFT:1.0104241096782794e-05,2.122547334954209e-06,1.987322000788117e-05,0.499281670416237,6.935296550282277e-09,0.4992816704162441,2.6320519398807075e-09,0.0014041591461476227,9.805874310262393e-08,2.9238684013396224e-07
Random2868
Raw:1.0104241096782723e-05,2.122547334954194e-06,1.9873220007881028e-05,0.49928167041624055,6.935296550282228e-09,0.49928167041624055,2.632051939880689e-09,0.0014041591461476128,9.805874310262184e-08,2.923868401339602e-07
EFT:1.0104241096782794e-05,2.122547334954209e-06,1.987322000788117e-05,0.499281670416237,6.935296550282277e-09,0.4992816704162441,2.6320519398807075e-09,0.0014041591461476227,9.805874310262393e-08,2.9238684013396224e-07
Random2869
Raw:1.0104241096782794e-05,2.122547334954209e-06,1.987322000788117e-05,0.499281670416237,6.935296550282277e-09,0.4992816704162441,2.6320519398807075e-09,0.0014041591461476227,9.805874310262393e-08,2.9238684013396224e-07
EFT:1.0104241096782794e-05,2.122547334954209e-06,1.987322000788117e-05,0.499281670416237,6.935296550282277e-09,0.4992816704162441,2.6320519398807075e-09,0.0014041591461476227,9.805874310262393e-08,2.9238684013396224e-07
Random2870
Raw:1.0104241096782867e-05,2.122547334954194e-06,1.9873220007881028e-05,0.49928167041624055,6.935296550282326e-09,0.49928167041624055,2.6320519398807265e-09,0.0014041591461476128,9.805874310262323e-08,2.923868401339643e-07
EFT:1.0104241096782794e-05,2.122547334954209e-06,1.987322000788117e-05,0.499281670416237,6.935296550282277e-09,0.4992816704162441,2.6320519398807075e-09,0.0014041591461476227,9.805874310262393e-08,2.9238684013396224e-07
Random2871
Raw:1.0104241096783009e-05,2.122547334954224e-06,1.9873220007881028e-05,0.49928167041623345,6.935296550282327e-09,0.49928167041624766,2.6320519398807638e-09,0.0014041591461476327,9.805874310262601e-08,2.9238684013396436e-07
EFT:1.0104241096782794e-05,2.122547334954209e-06,1.987322000788117e-05,0.499281670416237,6.935296550282277e-09,0.4992816704162441,2.6320519398807075e-09,0.0014041591461476227,9.805874310262393e-08,2.9238684013396224e-07
Random2872
Raw:1.0104241096783009e-05,2.122547334954194e-06,1.9873220007881028e-05,0.49928167041623345,6.935296550282327e-09,0.49928167041624766,2.6320519398807638e-09,0.0014041591461476327,9.805874310262462e-08,2.9238684013396436e-07
EFT:1.0104241096782794e-05,2.122547334954209e-06,1.987322000788117e-05,0.499281670416237,6.935296550282277e-09,0.4992816704162441,2.6320519398807075e-09,0.0014041591461476227,9.805874310262393e-08,2.9238684013396224e-07
Random2873
Raw:1.0104241096782794e-05,2.122547334954209e-06,1.987322000788117e-05,0.499281670416237,6.935296550282277e-09,0.4992816704162441,2.632051939880745e-09,0.0014041591461476227,9.805874310262254e-08,2.9238684013396224e-07
EFT:1.0104241096782794e-05,2.122547334954209e-06,1.987322000788117e-05,0.499281670416237,6.935296550282277e-09,0.4992816704162441,2.6320519398807075e-09,0.0014041591461476227,9.805874310262393e-08,2.9238684013396224e-07
Random2874
Raw:1.0104241096782938e-05,2.122547334954209e-06,1.987322000788117e-05,0.499281670416237,6.935296550282277e-09,0.4992816704162441,2.632051939880745e-09,0.0014041591461476427,9.805874310262393e-08,2.9238684013396224e-07
EFT:1.0104241096782794e-05,2.122547334954209e-06,1.987322000788117e-05,0.499281670416237,6.935296550282277e-09,0.4992816704162441,2.6320519398807075e-09,0.0014041591461476227,9.805874310262393e-08,2.9238684013396224e-07
Random2875
Raw:1.0104241096782794e-05,2.122547334954209e-06,1.987322000788117e-05,0.499281670416237,6.935296550282277e-09,0.4992816704162441,2.632051939880745e-09,0.0014041591461476227,9.805874310262254e-08,2.9238684013396224e-07
EFT:1.0104241096782794e-05,2.122547334954209e-06,1.987322000788117e-05,0.499281670416237,6.935296550282277e-09,0.4992816704162441,2.6320519398807075e-09,0.0014041591461476227,9.805874310262393e-08,2.9238684013396224e-07
Random2876
Raw:1.0104241096782867e-05,2.122547334954224e-06,1.987322000788131e-05,0.49928167041624055,6.935296550282326e-09,0.49928167041624055,2.6320519398807265e-09,0.0014041591461476327,9.805874310262323e-08,2.923868401339643e-07
EFT:1.0104241096782794e-05,2.122547334954209e-06,1.987322000788117e-05,0.499281670416237,6.935296550282277e-09,0.4992816704162441,2.6320519398807075e-09,0.0014041591461476227,9.805874310262393e-08,2.9238684013396224e-07
Random2877
Raw:1.0104241096782938e-05,2.122547334954239e-06,1.9873220007880885e-05,0.499281670416237,6.935296550282277e-09,0.4992816704162441,2.632051939880745e-09,0.0014041591461476227,9.805874310262532e-08,2.9238684013396224e-07
EFT:1.0104241096782794e-05,2.122547334954209e-06,1.987322000788117e-05,0.499281670416237,6.935296550282277e-09,0.4992816704162441,2.6320519398807075e-09,0.0014041591461476227,9.805874310262393e-08,2.9238684013396224e-07
Random2878
Raw:1.0104241096783009e-05,2.122547334954194e-06,1.9873220007881028e-05,0.49928167041623345,6.935296550282327e-09,0.49928167041624766,2.6320519398807638e-09,0.0014041591461476327,9.805874310262462e-08,2.9238684013396436e-07
EFT:1.0104241096782794e-05,2.122547334954209e-06,1.987322000788117e-05,0.499281670416237,6.935296550282277e-09,0.4992816704162441,2.6320519398807075e-09,0.0014041591461476227,9.805874310262393e-08,2.9238684013396224e-07
Random2879
Raw:1.0104241096782938e-05,2.122547334954239e-06,1.987322000788117e-05,0.499281670416237,6.9352965502823754e-09,0.4992816704162441,2.6320519398807824e-09,0.0014041591461476227,9.805874310262532e-08,2.9238684013396637e-07
EFT:1.0104241096782794e-05,2.122547334954209e-06,1.987322000788117e-05,0.499281670416237,6.935296550282277e-09,0.4992816704162441,2.6320519398807075e-09,0.0014041591461476227,9.805874310262393e-08,2.9238684013396224e-07
Random2880
Raw:1.0104241096782723e-05,2.122547334954194e-06,1.9873220007881028e-05,0.49928167041624055,6.935296550282228e-09,0.49928167041624055,2.632051939880689e-09,0.0014041591461476128,9.805874310262184e-08,2.923868401339602e-07
EFT:1.0104241096782794e-05,2.122547334954209e-06,1.987322000788117e-05,0.499281670416237,6.935296550282277e-09,0.4992816704162441,2.6320519398807075e-09,0.0014041591461476227,9.805874310262393e-08,2.9238684013396224e-07
Random2881
Raw:1.0104241096782867e-05,2.122547334954224e-06,1.987322000788131e-05,0.49928167041624055,6.935296550282326e-09,0.49928167041624055,2.6320519398807265e-09,0.0014041591461476327,9.805874310262462e-08,2.923868401339643e-07
EFT:1.0104241096782794e-05,2.122547334954209e-06,1.987322000788117e-05,0.499281670416237,6.935296550282277e-09,0.4992816704162441,2.6320519398807075e-09,0.0014041591461476227,9.805874310262393e-08,2.9238684013396224e-07
Random2882
Raw:1.0104241096782938e-05,2.122547334954239e-06,1.987322000788145e-05,0.499281670416237,6.9352965502823754e-09,0.4992816704162441,2.632051939880745e-09,0.0014041591461476227,9.805874310262532e-08,2.9238684013396637e-07
EFT:1.0104241096782794e-05,2.122547334954209e-06,1.987322000788117e-05,0.499281670416237,6.935296550282277e-09,0.4992816704162441,2.6320519398807075e-09,0.0014041591461476227,9.805874310262393e-08,2.9238684013396224e-07
Random2883
Raw:1.0104241096782867e-05,2.122547334954224e-06,1.9873220007881028e-05,0.49928167041624055,6.935296550282326e-09,0.49928167041624055,2.6320519398807638e-09,0.0014041591461476128,9.805874310262462e-08,2.923868401339643e-07
EFT:1.0104241096782794e-05,2.122547334954209e-06,1.987322000788117e-05,0.499281670416237,6.935296550282277e-09,0.4992816704162441,2.6320519398807075e-09,0.0014041591461476227,9.805874310262393e-08,2.9238684013396224e-07
Random2884
Raw:1.0104241096783009e-05,2.122547334954224e-06,1.987322000788131e-05,0.49928167041623345,6.935296550282327e-09,0.49928167041624766,2.6320519398807638e-09,0.0014041591461476327,9.805874310262462e-08,2.923868401339685e-07
EFT:1.0104241096782794e-05,2.122547334954209e-06,1.987322000788117e-05,0.499281670416237,6.935296550282277e-09,0.4992816704162441,2.6320519398807075e-09,0.0014041591461476227,9.805874310262393e-08,2.9238684013396224e-07
Random2885
Raw:1.0104241096782938e-05,2.122547334954209e-06,1.987322000788117e-05,0.499281670416237,6.9352965502823754e-09,0.4992816704162441,2.632051939880745e-09,0.0014041591461476227,9.805874310262672e-08,2.9238684013396637e-07
EFT:1.0104241096782794e-05,2.122547334954209e-06,1.987322000788117e-05,0.499281670416237,6.935296550282277e-09,0.4992816704162441,2.6320519398807075e-09,0.0014041591461476227,9.805874310262393e-08,2.9238684013396224e-07
Random2886
Raw:1.0104241096782938e-05,2.1225473349541788e-06,1.9873220007880885e-05,0.499281670416237,6.935296550282277e-09,0.4992816704162441,2.632051939880745e-09,0.0014041591461476026,9.805874310262532e-08,2.9238684013396224e-07
EFT:1.0104241096782794e-05,2.122547334954209e-06,1.987322000788117e-05,0.499281670416237,6.935296550282277e-09,0.4992816704162441,2.6320519398807075e-09,0.0014041591461476227,9.805874310262393e-08,2.9238684013396224e-07
Random2887
Raw:1.0104241096782938e-05,2.122547334954209e-06,1.987322000788117e-05,0.499281670416237,6.935296550282277e-09,0.4992816704162441,2.632051939880745e-09,0.0014041591461476427,9.805874310262393e-08,2.9238684013396224e-07
EFT:1.0104241096782794e-05,2.122547334954209e-06,1.987322000788117e-05,0.499281670416237,6.935296550282277e-09,0.4992816704162441,2.6320519398807075e-09,0.0014041591461476227,9.805874310262393e-08,2.9238684013396224e-07
Random2888
Raw:1.0104241096782867e-05,2.1225473349542546e-06,1.987322000788131e-05,0.49928167041624055,6.935296550282326e-09,0.49928167041624055,2.6320519398807638e-09,0.0014041591461476128,9.805874310262462e-08,2.923868401339643e-07
EFT:1.0104241096782794e-05,2.122547334954209e-06,1.987322000788117e-05,0.499281670416237,6.935296550282277e-09,0.4992816704162441,2.6320519398807075e-09,0.0014041591461476227,9.805874310262393e-08,2.9238684013396224e-07
Random2889
Raw:1.0104241096782938e-05,2.122547334954209e-06,1.9873220007880885e-05,0.499281670416237,6.935296550282277e-09,0.4992816704162441,2.632051939880745e-09,0.0014041591461476227,9.805874310262532e-08,2.9238684013396224e-07
EFT:1.0104241096782794e-05,2.122547334954209e-06,1.987322000788117e-05,0.499281670416237,6.935296550282277e-09,0.4992816704162441,2.6320519398807075e-09,0.0014041591461476227,9.805874310262393e-08,2.9238684013396224e-07
Random2890
Raw:1.0104241096782867e-05,2.122547334954224e-06,1.987322000788131e-05,0.49928167041624055,6.935296550282326e-09,0.49928167041624055,2.6320519398807265e-09,0.0014041591461476327,9.805874310262462e-08,2.923868401339643e-07
EFT:1.0104241096782794e-05,2.122547334954209e-06,1.987322000788117e-05,0.499281670416237,6.935296550282277e-09,0.4992816704162441,2.6320519398807075e-09,0.0014041591461476227,9.805874310262393e-08,2.9238684013396224e-07
Random2891
Raw:1.010424109678301e-05,2.122547334954224e-06,1.987322000788131e-05,0.49928167041624055,6.935296550282425e-09,0.49928167041624055,2.6320519398807638e-09,0.0014041591461476327,9.805874310262602e-08,2.923868401339685e-07
EFT:1.0104241096782794e-05,2.122547334954209e-06,1.987322000788117e-05,0.499281670416237,6.935296550282277e-09,0.4992816704162441,2.6320519398807075e-09,0.0014041591461476227,9.805874310262393e-08,2.9238684013396224e-07
Random2892
Raw:1.0104241096782794e-05,2.122547334954209e-06,1.9873220007880885e-05,0.499281670416237,6.9352965502821786e-09,0.4992816704162441,2.6320519398807075e-09,0.0014041591461476026,9.805874310262393e-08,2.9238684013396224e-07
EFT:1.0104241096782794e-05,2.122547334954209e-06,1.987322000788117e-05,0.499281670416237,6.935296550282277e-09,0.4992816704162441,2.6320519398807075e-09,0.0014041591461476227,9.805874310262393e-08,2.9238684013396224e-07
Random2893
Raw:1.0104241096782938e-05,2.1225473349541788e-06,1.9873220007880885e-05,0.499281670416237,6.935296550282277e-09,0.4992816704162441,2.632051939880745e-09,0.0014041591461476026,9.805874310262532e-08,2.9238684013396224e-07
EFT:1.0104241096782794e-05,2.122547334954209e-06,1.987322000788117e-05,0.499281670416237,6.935296550282277e-09,0.4992816704162441,2.6320519398807075e-09,0.0014041591461476227,9.805874310262393e-08,2.9238684013396224e-07
Random2894
Raw:1.0104241096782794e-05,2.122547334954209e-06,1.987322000788117e-05,0.4992816704162441,6.935296550282277e-09,0.499281670416237,2.63205193988067e-09,0.0014041591461476227,9.805874310262254e-08,2.9238684013396224e-07
EFT:1.0104241096782794e-05,2.122547334954209e-06,1.987322000788117e-05,0.499281670416237,6.935296550282277e-09,0.4992816704162441,2.6320519398807075e-09,0.0014041591461476227,9.805874310262393e-08,2.9238684013396224e-07
Random2895
Raw:1.0104241096783009e-05,2.122547334954194e-06,1.9873220007881028e-05,0.49928167041623345,6.935296550282327e-09,0.49928167041624766,2.6320519398807638e-09,0.0014041591461476126,9.805874310262601e-08,2.9238684013396436e-07
EFT:1.0104241096782794e-05,2.122547334954209e-06,1.987322000788117e-05,0.499281670416237,6.935296550282277e-09,0.4992816704162441,2.6320519398807075e-09,0.0014041591461476227,9.805874310262393e-08,2.9238684013396224e-07
Random2896
Raw:1.0104241096783009e-05,2.122547334954194e-06,1.9873220007881028e-05,0.49928167041623345,6.935296550282327e-09,0.49928167041624766,2.6320519398807638e-09,0.0014041591461476126,9.805874310262601e-08,2.9238684013396436e-07
EFT:1.0104241096782794e-05,2.122547334954209e-06,1.987322000788117e-05,0.499281670416237,6.935296550282277e-09,0.4992816704162441,2.6320519398807075e-09,0.0014041591461476227,9.805874310262393e-08,2.9238684013396224e-07
Random2897
Raw:1.0104241096782938e-05,2.122547334954209e-06,1.987322000788117e-05,0.499281670416237,6.9352965502823754e-09,0.4992816704162441,2.6320519398807824e-09,0.0014041591461476227,9.805874310262532e-08,2.9238684013396637e-07
EFT:1.0104241096782794e-05,2.122547334954209e-06,1.987322000788117e-05,0.499281670416237,6.935296550282277e-09,0.4992816704162441,2.6320519398807075e-09,0.0014041591461476227,9.805874310262393e-08,2.9238684013396224e-07
Random2898
Raw:1.0104241096782938e-05,2.122547334954239e-06,1.9873220007880885e-05,0.499281670416237,6.935296550282277e-09,0.4992816704162441,2.632051939880745e-09,0.0014041591461476227,9.805874310262532e-08,2.9238684013396224e-07
EFT:1.0104241096782794e-05,2.122547334954209e-06,1.987322000788117e-05,0.499281670416237,6.935296550282277e-09,0.4992816704162441,2.6320519398807075e-09,0.0014041591461476227,9.805874310262393e-08,2.9238684013396224e-07
Random2899
Raw:1.0104241096783009e-05,2.122547334954194e-06,1.9873220007881028e-05,0.49928167041623345,6.935296550282327e-09,0.49928167041624766,2.6320519398807638e-09,0.0014041591461476126,9.805874310262601e-08,2.9238684013396436e-07
EFT:1.0104241096782794e-05,2.122547334954209e-06,1.987322000788117e-05,0.499281670416237,6.935296550282277e-09,0.4992816704162441,2.6320519398807075e-09,0.0014041591461476227,9.805874310262393e-08,2.9238684013396224e-07
Random2900
Raw:1.0104241096782938e-05,2.122547334954239e-06,1.987322000788117e-05,0.499281670416237,6.935296550282277e-09,0.4992816704162441,2.632051939880745e-09,0.0014041591461476427,9.805874310262532e-08,2.9238684013396224e-07
EFT:1.0104241096782794e-05,2.122547334954209e-06,1.987322000788117e-05,0.499281670416237,6.935296550282277e-09,0.4992816704162441,2.6320519398807075e-09,0.0014041591461476227,9.805874310262393e-08,2.9238684013396224e-07
Random2901
Raw:1.0104241096782938e-05,2.122547334954209e-06,1.987322000788117e-05,0.499281670416237,6.935296550282277e-09,0.4992816704162441,2.632051939880745e-09,0.0014041591461476427,9.805874310262393e-08,2.9238684013396224e-07
EFT:1.0104241096782794e-05,2.122547334954209e-06,1.987322000788117e-05,0.499281670416237,6.935296550282277e-09,0.4992816704162441,2.6320519398807075e-09,0.0014041591461476227,9.805874310262393e-08,2.9238684013396224e-07
Random2902
Raw:1.0104241096782938e-05,2.122547334954239e-06,1.9873220007880885e-05,0.499281670416237,6.935296550282277e-09,0.4992816704162441,2.632051939880745e-09,0.0014041591461476227,9.805874310262532e-08,2.9238684013396224e-07
EFT:1.0104241096782794e-05,2.122547334954209e-06,1.987322000788117e-05,0.499281670416237,6.935296550282277e-09,0.4992816704162441,2.6320519398807075e-09,0.0014041591461476227,9.805874310262393e-08,2.9238684013396224e-07
Random2903
Raw:1.0104241096782938e-05,2.122547334954239e-06,1.987322000788145e-05,0.499281670416237,6.935296550282277e-09,0.4992816704162441,2.632051939880745e-09,0.0014041591461476427,9.805874310262393e-08,2.9238684013396637e-07
EFT:1.0104241096782794e-05,2.122547334954209e-06,1.987322000788117e-05,0.499281670416237,6.935296550282277e-09,0.4992816704162441,2.6320519398807075e-09,0.0014041591461476227,9.805874310262393e-08,2.9238684013396224e-07
Random2904
Raw:1.0104241096782867e-05,2.122547334954224e-06,1.987322000788131e-05,0.49928167041624055,6.935296550282326e-09,0.49928167041624055,2.6320519398807265e-09,0.0014041591461476327,9.805874310262462e-08,2.923868401339643e-07
EFT:1.0104241096782794e-05,2.122547334954209e-06,1.987322000788117e-05,0.499281670416237,6.935296550282277e-09,0.4992816704162441,2.6320519398807075e-09,0.0014041591461476227,9.805874310262393e-08,2.9238684013396224e-07
Random2905
Raw:1.0104241096782938e-05,2.122547334954209e-06,1.987322000788117e-05,0.499281670416237,6.935296550282277e-09,0.4992816704162441,2.632051939880745e-09,0.0014041591461476227,9.805874310262532e-08,2.9238684013396224e-07
EFT:1.0104241096782794e-05,2.122547334954209e-06,1.987322000788117e-05,0.499281670416237,6.935296550282277e-09,0.4992816704162441,2.6320519398807075e-09,0.0014041591461476227,9.805874310262393e-08,2.9238684013396224e-07
Random2906
Raw:1.0104241096783009e-05,2.122547334954224e-06,1.987322000788131e-05,0.49928167041623345,6.935296550282327e-09,0.49928167041624766,2.6320519398807638e-09,0.0014041591461476327,9.805874310262462e-08,2.923868401339685e-07
EFT:1.0104241096782794e-05,2.122547334954209e-06,1.987322000788117e-05,0.499281670416237,6.935296550282277e-09,0.4992816704162441,2.6320519398807075e-09,0.0014041591461476227,9.805874310262393e-08,2.9238684013396224e-07
Random2907
Raw:1.0104241096782938e-05,2.122547334954209e-06,1.987322000788117e-05,0.499281670416237,6.935296550282277e-09,0.4992816704162441,2.632051939880745e-09,0.0014041591461476227,9.805874310262393e-08,2.9238684013396637e-07
EFT:1.0104241096782794e-05,2.122547334954209e-06,1.987322000788117e-05,0.499281670416237,6.935296550282277e-09,0.4992816704162441,2.6320519398807075e-09,0.0014041591461476227,9.805874310262393e-08,2.9238684013396224e-07
Random2908
Raw:1.0104241096783009e-05,2.122547334954194e-06,1.9873220007881028e-05,0.49928167041623345,6.935296550282327e-09,0.49928167041624766,2.6320519398807638e-09,0.0014041591461476126,9.805874310262601e-08,2.9238684013396436e-07
EFT:1.0104241096782794e-05,2.122547334954209e-06,1.987322000788117e-05,0.499281670416237,6.935296550282277e-09,0.4992816704162441,2.6320519398807075e-09,0.0014041591461476227,9.805874310262393e-08,2.9238684013396224e-07
Random2909
Raw:1.0104241096782867e-05,2.122547334954194e-06,1.9873220007881028e-05,0.49928167041624055,6.935296550282228e-09,0.49928167041624055,2.632051939880689e-09,0.0014041591461476327,9.805874310262323e-08,2.923868401339602e-07
EFT:1.0104241096782794e-05,2.122547334954209e-06,1.987322000788117e-05,0.499281670416237,6.935296550282277e-09,0.4992816704162441,2.6320519398807075e-09,0.0014041591461476227,9.805874310262393e-08,2.9238684013396224e-07
Random2910
Raw:1.0104241096782938e-05,2.122547334954239e-06,1.987322000788145e-05,0.499281670416237,6.935296550282277e-09,0.4992816704162441,2.632051939880745e-09,0.0014041591461476427,9.805874310262393e-08,2.9238684013396637e-07
EFT:1.0104241096782794e-05,2.122547334954209e-06,1.987322000788117e-05,0.499281670416237,6.935296550282277e-09,0.4992816704162441,2.6320519398807075e-09,0.0014041591461476227,9.805874310262393e-08,2.9238684013396224e-07
Random2911
Raw:1.0104241096782938e-05,2.122547334954209e-06,1.987322000788117e-05,0.499281670416237,6.935296550282277e-09,0.4992816704162441,2.632051939880745e-09,0.0014041591461476427,9.805874310262393e-08,2.9238684013396224e-07
EFT:1.0104241096782794e-05,2.122547334954209e-06,1.987322000788117e-05,0.499281670416237,6.935296550282277e-09,0.4992816704162441,2.6320519398807075e-09,0.0014041591461476227,9.805874310262393e-08,2.9238684013396224e-07
Random2912
Raw:1.0104241096782867e-05,2.1225473349542546e-06,1.987322000788131e-05,0.49928167041624055,6.935296550282326e-09,0.49928167041624055,2.6320519398807638e-09,0.0014041591461476128,9.805874310262462e-08,2.923868401339643e-07
EFT:1.0104241096782794e-05,2.122547334954209e-06,1.987322000788117e-05,0.499281670416237,6.935296550282277e-09,0.4992816704162441,2.6320519398807075e-09,0.0014041591461476227,9.805874310262393e-08,2.9238684013396224e-07
Random2913
Raw:1.0104241096782867e-05,2.122547334954224e-06,1.987322000788131e-05,0.49928167041624055,6.935296550282326e-09,0.49928167041624055,2.6320519398807265e-09,0.0014041591461476327,9.805874310262323e-08,2.923868401339643e-07
EFT:1.0104241096782794e-05,2.122547334954209e-06,1.987322000788117e-05,0.499281670416237,6.935296550282277e-09,0.4992816704162441,2.6320519398807075e-09,0.0014041591461476227,9.805874310262393e-08,2.9238684013396224e-07
Random2914
Raw:1.0104241096782723e-05,2.122547334954194e-06,1.9873220007881028e-05,0.49928167041624055,6.935296550282228e-09,0.49928167041624055,2.632051939880689e-09,0.0014041591461476128,9.805874310262184e-08,2.923868401339602e-07
EFT:1.0104241096782794e-05,2.122547334954209e-06,1.987322000788117e-05,0.499281670416237,6.935296550282277e-09,0.4992816704162441,2.6320519398807075e-09,0.0014041591461476227,9.805874310262393e-08,2.9238684013396224e-07
Random2915
Raw:1.0104241096782938e-05,2.122547334954209e-06,1.987322000788117e-05,0.499281670416237,6.9352965502823754e-09,0.4992816704162441,2.632051939880745e-09,0.0014041591461476227,9.805874310262532e-08,2.9238684013396637e-07
EFT:1.0104241096782794e-05,2.122547334954209e-06,1.987322000788117e-05,0.499281670416237,6.935296550282277e-09,0.4992816704162441,2.6320519398807075e-09,0.0014041591461476227,9.805874310262393e-08,2.9238684013396224e-07
Random2916
Raw:1.0104241096782938e-05,2.122547334954209e-06,1.987322000788117e-05,0.499281670416237,6.935296550282277e-09,0.4992816704162441,2.632051939880745e-09,0.0014041591461476427,9.805874310262393e-08,2.9238684013396224e-07
EFT:1.0104241096782794e-05,2.122547334954209e-06,1.987322000788117e-05,0.499281670416237,6.935296550282277e-09,0.4992816704162441,2.6320519398807075e-09,0.0014041591461476227,9.805874310262393e-08,2.9238684013396224e-07
Random2917
Raw:1.0104241096782867e-05,2.122547334954194e-06,1.9873220007881028e-05,0.49928167041624055,6.935296550282326e-09,0.49928167041624055,2.6320519398807265e-09,0.0014041591461476128,9.805874310262323e-08,2.923868401339643e-07
EFT:1.0104241096782794e-05,2.122547334954209e-06,1.987322000788117e-05,0.499281670416237,6.935296550282277e-09,0.4992816704162441,2.6320519398807075e-09,0.0014041591461476227,9.805874310262393e-08,2.9238684013396224e-07
Random2918
Raw:1.0104241096782938e-05,2.122547334954209e-06,1.987322000788117e-05,0.499281670416237,6.9352965502823754e-09,0.4992816704162441,2.632051939880745e-09,0.0014041591461476227,9.805874310262393e-08,2.9238684013396637e-07
EFT:1.0104241096782794e-05,2.122547334954209e-06,1.987322000788117e-05,0.499281670416237,6.935296550282277e-09,0.4992816704162441,2.6320519398807075e-09,0.0014041591461476227,9.805874310262393e-08,2.9238684013396224e-07
Random2919
Raw:1.0104241096782938e-05,2.1225473349541788e-06,1.9873220007880885e-05,0.499281670416237,6.935296550282277e-09,0.4992816704162441,2.632051939880745e-09,0.0014041591461476026,9.805874310262532e-08,2.9238684013396224e-07
EFT:1.0104241096782794e-05,2.122547334954209e-06,1.987322000788117e-05,0.499281670416237,6.935296550282277e-09,0.4992816704162441,2.6320519398807075e-09,0.0014041591461476227,9.805874310262393e-08,2.9238684013396224e-07
Random2920
Raw:1.0104241096782938e-05,2.122547334954239e-06,1.987322000788145e-05,0.499281670416237,6.935296550282277e-09,0.4992816704162441,2.632051939880745e-09,0.0014041591461476227,9.805874310262532e-08,2.9238684013396224e-07
EFT:1.0104241096782794e-05,2.122547334954209e-06,1.987322000788117e-05,0.499281670416237,6.935296550282277e-09,0.4992816704162441,2.6320519398807075e-09,0.0014041591461476227,9.805874310262393e-08,2.9238684013396224e-07
Random2921
Raw:1.0104241096782938e-05,2.122547334954239e-06,1.987322000788117e-05,0.499281670416237,6.9352965502823754e-09,0.4992816704162441,2.6320519398807824e-09,0.0014041591461476227,9.805874310262532e-08,2.9238684013396637e-07
EFT:1.0104241096782794e-05,2.122547334954209e-06,1.987322000788117e-05,0.499281670416237,6.935296550282277e-09,0.4992816704162441,2.6320519398807075e-09,0.0014041591461476227,9.805874310262393e-08,2.9238684013396224e-07
Random2922
Raw:1.0104241096782938e-05,2.122547334954239e-06,1.987322000788117e-05,0.499281670416237,6.935296550282277e-09,0.4992816704162441,2.632051939880745e-09,0.0014041591461476427,9.805874310262393e-08,2.9238684013396637e-07
EFT:1.0104241096782794e-05,2.122547334954209e-06,1.987322000788117e-05,0.499281670416237,6.935296550282277e-09,0.4992816704162441,2.6320519398807075e-09,0.0014041591461476227,9.805874310262393e-08,2.9238684013396224e-07
Random2923
Raw:1.0104241096782867e-05,2.1225473349542546e-06,1.987322000788131e-05,0.49928167041624055,6.935296550282326e-09,0.49928167041624055,2.6320519398807638e-09,0.0014041591461476327,9.805874310262462e-08,2.923868401339643e-07
EFT:1.0104241096782794e-05,2.122547334954209e-06,1.987322000788117e-05,0.499281670416237,6.935296550282277e-09,0.4992816704162441,2.6320519398807075e-09,0.0014041591461476227,9.805874310262393e-08,2.9238684013396224e-07
Random2924
Raw:1.0104241096783009e-05,2.122547334954194e-06,1.9873220007881028e-05,0.49928167041623345,6.935296550282327e-09,0.49928167041624766,2.6320519398807638e-09,0.0014041591461476126,9.805874310262601e-08,2.9238684013396436e-07
EFT:1.0104241096782794e-05,2.122547334954209e-06,1.987322000788117e-05,0.499281670416237,6.935296550282277e-09,0.4992816704162441,2.6320519398807075e-09,0.0014041591461476227,9.805874310262393e-08,2.9238684013396224e-07
Random2925
Raw:1.0104241096782938e-05,2.122547334954239e-06,1.987322000788145e-05,0.499281670416237,6.935296550282277e-09,0.4992816704162441,2.632051939880745e-09,0.0014041591461476227,9.805874310262532e-08,2.9238684013396224e-07
EFT:1.0104241096782794e-05,2.122547334954209e-06,1.987322000788117e-05,0.499281670416237,6.935296550282277e-09,0.4992816704162441,2.6320519398807075e-09,0.0014041591461476227,9.805874310262393e-08,2.9238684013396224e-07
Random2926
Raw:1.0104241096782794e-05,2.1225473349541788e-06,1.9873220007880885e-05,0.499281670416237,6.935296550282277e-09,0.4992816704162441,2.632051939880745e-09,0.0014041591461476026,9.805874310262254e-08,2.9238684013396224e-07
EFT:1.0104241096782794e-05,2.122547334954209e-06,1.987322000788117e-05,0.499281670416237,6.935296550282277e-09,0.4992816704162441,2.6320519398807075e-09,0.0014041591461476227,9.805874310262393e-08,2.9238684013396224e-07
Random2927
Raw:1.0104241096782938e-05,2.122547334954209e-06,1.987322000788117e-05,0.499281670416237,6.9352965502823754e-09,0.4992816704162441,2.632051939880745e-09,0.0014041591461476227,9.805874310262393e-08,2.9238684013396637e-07
EFT:1.0104241096782794e-05,2.122547334954209e-06,1.987322000788117e-05,0.499281670416237,6.935296550282277e-09,0.4992816704162441,2.6320519398807075e-09,0.0014041591461476227,9.805874310262393e-08,2.9238684013396224e-07
Random2928
Raw:1.0104241096782938e-05,2.122547334954239e-06,1.987322000788117e-05,0.499281670416237,6.935296550282277e-09,0.4992816704162441,2.632051939880745e-09,0.0014041591461476427,9.805874310262532e-08,2.9238684013396224e-07
EFT:1.0104241096782794e-05,2.122547334954209e-06,1.987322000788117e-05,0.499281670416237,6.935296550282277e-09,0.4992816704162441,2.6320519398807075e-09,0.0014041591461476227,9.805874310262393e-08,2.9238684013396224e-07
Random2929
Raw:1.0104241096782938e-05,2.122547334954209e-06,1.987322000788117e-05,0.499281670416237,6.935296550282277e-09,0.4992816704162441,2.632051939880745e-09,0.0014041591461476227,9.805874310262532e-08,2.9238684013396224e-07
EFT:1.0104241096782794e-05,2.122547334954209e-06,1.987322000788117e-05,0.499281670416237,6.935296550282277e-09,0.4992816704162441,2.6320519398807075e-09,0.0014041591461476227,9.805874310262393e-08,2.9238684013396224e-07
Random2930
Raw:1.0104241096782938e-05,2.122547334954239e-06,1.987322000788117e-05,0.499281670416237,6.9352965502823754e-09,0.4992816704162441,2.6320519398807824e-09,0.0014041591461476227,9.805874310262532e-08,2.9238684013396637e-07
EFT:1.0104241096782794e-05,2.122547334954209e-06,1.987322000788117e-05,0.499281670416237,6.935296550282277e-09,0.4992816704162441,2.6320519398807075e-09,0.0014041591461476227,9.805874310262393e-08,2.9238684013396224e-07
Random2931
Raw:1.0104241096782794e-05,2.122547334954209e-06,1.987322000788117e-05,0.499281670416237,6.9352965502821786e-09,0.4992816704162441,2.6320519398807075e-09,0.0014041591461476227,9.805874310262393e-08,2.9238684013396224e-07
EFT:1.0104241096782794e-05,2.122547334954209e-06,1.987322000788117e-05,0.499281670416237,6.935296550282277e-09,0.4992816704162441,2.6320519398807075e-09,0.0014041591461476227,9.805874310262393e-08,2.9238684013396224e-07
Random2932
Raw:1.0104241096782867e-05,2.122547334954224e-06,1.987322000788131e-05,0.49928167041624055,6.935296550282326e-09,0.49928167041624055,2.6320519398807265e-09,0.0014041591461476327,9.805874310262462e-08,2.923868401339643e-07
EFT:1.0104241096782794e-05,2.122547334954209e-06,1.987322000788117e-05,0.499281670416237,6.935296550282277e-09,0.4992816704162441,2.6320519398807075e-09,0.0014041591461476227,9.805874310262393e-08,2.9238684013396224e-07
Random2933
Raw:1.0104241096782867e-05,2.122547334954224e-06,1.987322000788131e-05,0.49928167041624055,6.935296550282326e-09,0.49928167041624055,2.6320519398807265e-09,0.0014041591461476327,9.805874310262602e-08,2.923868401339643e-07
EFT:1.0104241096782794e-05,2.122547334954209e-06,1.987322000788117e-05,0.499281670416237,6.935296550282277e-09,0.4992816704162441,2.6320519398807075e-09,0.0014041591461476227,9.805874310262393e-08,2.9238684013396224e-07
Random2934
Raw:1.0104241096782938e-05,2.122547334954209e-06,1.9873220007880885e-05,0.499281670416237,6.935296550282277e-09,0.4992816704162441,2.632051939880745e-09,0.0014041591461476227,9.805874310262532e-08,2.9238684013396224e-07
EFT:1.0104241096782794e-05,2.122547334954209e-06,1.987322000788117e-05,0.499281670416237,6.935296550282277e-09,0.4992816704162441,2.6320519398807075e-09,0.0014041591461476227,9.805874310262393e-08,2.9238684013396224e-07
Random2935
Raw:1.0104241096782938e-05,2.122547334954209e-06,1.987322000788117e-05,0.499281670416237,6.935296550282277e-09,0.4992816704162441,2.632051939880745e-09,0.0014041591461476427,9.805874310262393e-08,2.9238684013396224e-07
EFT:1.0104241096782794e-05,2.122547334954209e-06,1.987322000788117e-05,0.499281670416237,6.935296550282277e-09,0.4992816704162441,2.6320519398807075e-09,0.0014041591461476227,9.805874310262393e-08,2.9238684013396224e-07
Random2936
Raw:1.0104241096782867e-05,2.122547334954224e-06,1.987322000788131e-05,0.49928167041624055,6.935296550282326e-09,0.49928167041624055,2.6320519398807265e-09,0.0014041591461476327,9.805874310262323e-08,2.923868401339643e-07
EFT:1.0104241096782794e-05,2.122547334954209e-06,1.987322000788117e-05,0.499281670416237,6.935296550282277e-09,0.4992816704162441,2.6320519398807075e-09,0.0014041591461476227,9.805874310262393e-08,2.9238684013396224e-07
Random2937
Raw:1.0104241096782723e-05,2.122547334954194e-06,1.9873220007881028e-05,0.49928167041624055,6.93529655028213e-09,0.49928167041624055,2.6320519398806513e-09,0.0014041591461476327,9.805874310262323e-08,2.923868401339602e-07
EFT:1.0104241096782794e-05,2.122547334954209e-06,1.987322000788117e-05,0.499281670416237,6.935296550282277e-09,0.4992816704162441,2.6320519398807075e-09,0.0014041591461476227,9.805874310262393e-08,2.9238684013396224e-07
Random2938
Raw:1.0104241096782938e-05,2.122547334954239e-06,1.987322000788117e-05,0.499281670416237,6.935296550282277e-09,0.4992816704162441,2.632051939880745e-09,0.0014041591461476427,9.805874310262532e-08,2.9238684013396224e-07
EFT:1.0104241096782794e-05,2.122547334954209e-06,1.987322000788117e-05,0.499281670416237,6.935296550282277e-09,0.4992816704162441,2.6320519398807075e-09,0.0014041591461476227,9.805874310262393e-08,2.9238684013396224e-07
Random2939
Raw:1.0104241096782938e-05,2.122547334954209e-06,1.987322000788117e-05,0.499281670416237,6.935296550282277e-09,0.4992816704162441,2.632051939880745e-09,0.0014041591461476227,9.805874310262532e-08,2.9238684013396224e-07
EFT:1.0104241096782794e-05,2.122547334954209e-06,1.987322000788117e-05,0.499281670416237,6.935296550282277e-09,0.4992816704162441,2.6320519398807075e-09,0.0014041591461476227,9.805874310262393e-08,2.9238684013396224e-07
Random2940
Raw:1.0104241096782938e-05,2.122547334954239e-06,1.9873220007880885e-05,0.499281670416237,6.935296550282277e-09,0.4992816704162441,2.632051939880745e-09,0.0014041591461476227,9.805874310262532e-08,2.9238684013396224e-07
EFT:1.0104241096782794e-05,2.122547334954209e-06,1.987322000788117e-05,0.499281670416237,6.935296550282277e-09,0.4992816704162441,2.6320519398807075e-09,0.0014041591461476227,9.805874310262393e-08,2.9238684013396224e-07
Random2941
Raw:1.0104241096782938e-05,2.122547334954209e-06,1.987322000788117e-05,0.499281670416237,6.935296550282277e-09,0.4992816704162441,2.632051939880745e-09,0.0014041591461476227,9.805874310262532e-08,2.9238684013396224e-07
EFT:1.0104241096782794e-05,2.122547334954209e-06,1.987322000788117e-05,0.499281670416237,6.935296550282277e-09,0.4992816704162441,2.6320519398807075e-09,0.0014041591461476227,9.805874310262393e-08,2.9238684013396224e-07
Random2942
Raw:1.0104241096782867e-05,2.122547334954194e-06,1.9873220007881028e-05,0.49928167041624055,6.935296550282228e-09,0.49928167041624055,2.632051939880689e-09,0.0014041591461476327,9.805874310262323e-08,2.923868401339602e-07
EFT:1.0104241096782794e-05,2.122547334954209e-06,1.987322000788117e-05,0.499281670416237,6.935296550282277e-09,0.4992816704162441,2.6320519398807075e-09,0.0014041591461476227,9.805874310262393e-08,2.9238684013396224e-07
Random2943
Raw:1.0104241096782867e-05,2.122547334954224e-06,1.987322000788131e-05,0.49928167041624055,6.935296550282326e-09,0.49928167041624055,2.6320519398807265e-09,0.0014041591461476327,9.805874310262462e-08,2.923868401339643e-07
EFT:1.0104241096782794e-05,2.122547334954209e-06,1.987322000788117e-05,0.499281670416237,6.935296550282277e-09,0.4992816704162441,2.6320519398807075e-09,0.0014041591461476227,9.805874310262393e-08,2.9238684013396224e-07
Random2944
Raw:1.0104241096782867e-05,2.122547334954224e-06,1.987322000788131e-05,0.49928167041624055,6.935296550282326e-09,0.49928167041624055,2.6320519398807265e-09,0.0014041591461476128,9.805874310262462e-08,2.923868401339643e-07
EFT:1.0104241096782794e-05,2.122547334954209e-06,1.987322000788117e-05,0.499281670416237,6.935296550282277e-09,0.4992816704162441,2.6320519398807075e-09,0.0014041591461476227,9.805874310262393e-08,2.9238684013396224e-07
Random2945
Raw:1.0104241096783082e-05,2.122547334954239e-06,1.9873220007881167e-05,0.4992816704162299,6.9352965502823754e-09,0.49928167041625116,2.6320519398808196e-09,0.0014041591461476225,9.805874310262671e-08,2.923868401339664e-07
EFT:1.0104241096782794e-05,2.122547334954209e-06,1.987322000788117e-05,0.499281670416237,6.935296550282277e-09,0.4992816704162441,2.6320519398807075e-09,0.0014041591461476227,9.805874310262393e-08,2.9238684013396224e-07
Random2946
Raw:1.0104241096782867e-05,2.122547334954224e-06,1.987322000788131e-05,0.49928167041624055,6.935296550282326e-09,0.49928167041624055,2.6320519398807265e-09,0.0014041591461476327,9.805874310262462e-08,2.923868401339643e-07
EFT:1.0104241096782794e-05,2.122547334954209e-06,1.987322000788117e-05,0.499281670416237,6.935296550282277e-09,0.4992816704162441,2.6320519398807075e-09,0.0014041591461476227,9.805874310262393e-08,2.9238684013396224e-07
Random2947
Raw:1.0104241096783009e-05,2.122547334954224e-06,1.987322000788131e-05,0.49928167041623345,6.935296550282424e-09,0.49928167041624766,2.6320519398807638e-09,0.0014041591461476327,9.805874310262601e-08,2.923868401339685e-07
EFT:1.0104241096782794e-05,2.122547334954209e-06,1.987322000788117e-05,0.499281670416237,6.935296550282277e-09,0.4992816704162441,2.6320519398807075e-09,0.0014041591461476227,9.805874310262393e-08,2.9238684013396224e-07
Random2948
Raw:1.0104241096782938e-05,2.122547334954209e-06,1.9873220007880885e-05,0.499281670416237,6.935296550282277e-09,0.4992816704162441,2.632051939880745e-09,0.0014041591461476227,9.805874310262393e-08,2.9238684013396224e-07
EFT:1.0104241096782794e-05,2.122547334954209e-06,1.987322000788117e-05,0.499281670416237,6.935296550282277e-09,0.4992816704162441,2.6320519398807075e-09,0.0014041591461476227,9.805874310262393e-08,2.9238684013396224e-07
Random2949
Raw:1.0104241096782938e-05,2.122547334954239e-06,1.987322000788117e-05,0.499281670416237,6.935296550282277e-09,0.4992816704162441,2.632051939880745e-09,0.0014041591461476427,9.805874310262532e-08,2.9238684013396224e-07
EFT:1.0104241096782794e-05,2.122547334954209e-06,1.987322000788117e-05,0.499281670416237,6.935296550282277e-09,0.4992816704162441,2.6320519398807075e-09,0.0014041591461476227,9.805874310262393e-08,2.9238684013396224e-07
Random2950
Raw:1.0104241096783009e-05,2.122547334954194e-06,1.9873220007881028e-05,0.49928167041623345,6.935296550282327e-09,0.49928167041624766,2.6320519398807638e-09,0.0014041591461476126,9.805874310262601e-08,2.9238684013396436e-07
EFT:1.0104241096782794e-05,2.122547334954209e-06,1.987322000788117e-05,0.499281670416237,6.935296550282277e-09,0.4992816704162441,2.6320519398807075e-09,0.0014041591461476227,9.805874310262393e-08,2.9238684013396224e-07
Random2951
Raw:1.0104241096782867e-05,2.122547334954224e-06,1.9873220007881028e-05,0.49928167041624055,6.935296550282326e-09,0.49928167041624055,2.6320519398807265e-09,0.0014041591461476327,9.805874310262602e-08,2.923868401339643e-07
EFT:1.0104241096782794e-05,2.122547334954209e-06,1.987322000788117e-05,0.499281670416237,6.935296550282277e-09,0.4992816704162441,2.6320519398807075e-09,0.0014041591461476227,9.805874310262393e-08,2.9238684013396224e-07
Random2952
Raw:1.0104241096782867e-05,2.122547334954224e-06,1.987322000788131e-05,0.49928167041624055,6.935296550282326e-09,0.49928167041624055,2.6320519398807265e-09,0.0014041591461476327,9.805874310262462e-08,2.923868401339643e-07
EFT:1.0104241096782794e-05,2.122547334954209e-06,1.987322000788117e-05,0.499281670416237,6.935296550282277e-09,0.4992816704162441,2.6320519398807075e-09,0.0014041591461476227,9.805874310262393e-08,2.9238684013396224e-07
Random2953
Raw:1.0104241096782867e-05,2.122547334954194e-06,1.9873220007881028e-05,0.49928167041624055,6.935296550282228e-09,0.49928167041624055,2.632051939880689e-09,0.0014041591461476327,9.805874310262323e-08,2.923868401339602e-07
EFT:1.0104241096782794e-05,2.122547334954209e-06,1.987322000788117e-05,0.499281670416237,6.935296550282277e-09,0.4992816704162441,2.6320519398807075e-09,0.0014041591461476227,9.805874310262393e-08,2.9238684013396224e-07
Random2954
Raw:1.0104241096782723e-05,2.122547334954194e-06,1.9873220007881028e-05,0.49928167041624055,6.935296550282228e-09,0.49928167041624055,2.6320519398806513e-09,0.0014041591461476128,9.805874310262323e-08,2.923868401339602e-07
EFT:1.0104241096782794e-05,2.122547334954209e-06,1.987322000788117e-05,0.499281670416237,6.935296550282277e-09,0.4992816704162441,2.6320519398807075e-09,0.0014041591461476227,9.805874310262393e-08,2.9238684013396224e-07
Random2955
Raw:1.0104241096783009e-05,2.122547334954224e-06,1.9873220007881028e-05,0.49928167041623345,6.935296550282327e-09,0.49928167041624766,2.632051939880801e-09,0.0014041591461476327,9.805874310262601e-08,2.9238684013396436e-07
EFT:1.0104241096782794e-05,2.122547334954209e-06,1.987322000788117e-05,0.499281670416237,6.935296550282277e-09,0.4992816704162441,2.6320519398807075e-09,0.0014041591461476227,9.805874310262393e-08,2.9238684013396224e-07
Random2956
Raw:1.0104241096783009e-05,2.122547334954224e-06,1.987322000788131e-05,0.49928167041623345,6.935296550282327e-09,0.49928167041624766,2.6320519398807638e-09,0.0014041591461476327,9.805874310262462e-08,2.923868401339685e-07
EFT:1.0104241096782794e-05,2.122547334954209e-06,1.987322000788117e-05,0.499281670416237,6.935296550282277e-09,0.4992816704162441,2.6320519398807075e-09,0.0014041591461476227,9.805874310262393e-08,2.9238684013396224e-07
Random2957
Raw:1.0104241096782867e-05,2.122547334954194e-06,1.9873220007881028e-05,0.49928167041624055,6.935296550282228e-09,0.49928167041624055,2.632051939880689e-09,0.0014041591461476327,9.805874310262323e-08,2.923868401339602e-07
EFT:1.0104241096782794e-05,2.122547334954209e-06,1.987322000788117e-05,0.499281670416237,6.935296550282277e-09,0.4992816704162441,2.6320519398807075e-09,0.0014041591461476227,9.805874310262393e-08,2.9238684013396224e-07
Random2958
Raw:1.0104241096783009e-05,2.122547334954194e-06,1.9873220007881028e-05,0.49928167041623345,6.935296550282327e-09,0.49928167041624766,2.6320519398807638e-09,0.0014041591461476126,9.805874310262601e-08,2.9238684013396436e-07
EFT:1.0104241096782794e-05,2.122547334954209e-06,1.987322000788117e-05,0.499281670416237,6.935296550282277e-09,0.4992816704162441,2.6320519398807075e-09,0.0014041591461476227,9.805874310262393e-08,2.9238684013396224e-07
Random2959
Raw:1.0104241096783009e-05,2.122547334954224e-06,1.987322000788131e-05,0.49928167041623345,6.935296550282327e-09,0.49928167041624766,2.6320519398807638e-09,0.0014041591461476327,9.805874310262601e-08,2.9238684013396436e-07
EFT:1.0104241096782794e-05,2.122547334954209e-06,1.987322000788117e-05,0.499281670416237,6.935296550282277e-09,0.4992816704162441,2.6320519398807075e-09,0.0014041591461476227,9.805874310262393e-08,2.9238684013396224e-07
Random2960
Raw:1.0104241096782794e-05,2.122547334954209e-06,1.987322000788117e-05,0.499281670416237,6.935296550282277e-09,0.4992816704162441,2.6320519398807075e-09,0.0014041591461476227,9.805874310262393e-08,2.9238684013396224e-07
EFT:1.0104241096782794e-05,2.122547334954209e-06,1.987322000788117e-05,0.499281670416237,6.935296550282277e-09,0.4992816704162441,2.6320519398807075e-09,0.0014041591461476227,9.805874310262393e-08,2.9238684013396224e-07
Random2961
Raw:1.0104241096783009e-05,2.122547334954224e-06,1.987322000788131e-05,0.49928167041623345,6.935296550282327e-09,0.49928167041624766,2.6320519398807638e-09,0.0014041591461476327,9.805874310262462e-08,2.923868401339685e-07
EFT:1.0104241096782794e-05,2.122547334954209e-06,1.987322000788117e-05,0.499281670416237,6.935296550282277e-09,0.4992816704162441,2.6320519398807075e-09,0.0014041591461476227,9.805874310262393e-08,2.9238684013396224e-07
Random2962
Raw:1.0104241096782938e-05,2.122547334954209e-06,1.987322000788117e-05,0.499281670416237,6.9352965502823754e-09,0.4992816704162441,2.632051939880745e-09,0.0014041591461476227,9.805874310262532e-08,2.9238684013396637e-07
EFT:1.0104241096782794e-05,2.122547334954209e-06,1.987322000788117e-05,0.499281670416237,6.935296550282277e-09,0.4992816704162441,2.6320519398807075e-09,0.0014041591461476227,9.805874310262393e-08,2.9238684013396224e-07
Random2963
Raw:1.0104241096782867e-05,2.122547334954194e-06,1.9873220007881028e-05,0.49928167041624055,6.935296550282326e-09,0.49928167041624055,2.6320519398807265e-09,0.0014041591461476128,9.805874310262323e-08,2.923868401339643e-07
EFT:1.0104241096782794e-05,2.122547334954209e-06,1.987322000788117e-05,0.499281670416237,6.935296550282277e-09,0.4992816704162441,2.6320519398807075e-09,0.0014041591461476227,9.805874310262393e-08,2.9238684013396224e-07
Random2964
Raw:1.0104241096782867e-05,2.122547334954224e-06,1.987322000788131e-05,0.49928167041624055,6.935296550282326e-09,0.49928167041624055,2.6320519398807265e-09,0.0014041591461476327,9.805874310262462e-08,2.923868401339643e-07
EFT:1.0104241096782794e-05,2.122547334954209e-06,1.987322000788117e-05,0.499281670416237,6.935296550282277e-09,0.4992816704162441,2.6320519398807075e-09,0.0014041591461476227,9.805874310262393e-08,2.9238684013396224e-07
Random2965
Raw:1.0104241096782867e-05,2.122547334954224e-06,1.987322000788131e-05,0.49928167041624055,6.935296550282228e-09,0.49928167041624055,2.632051939880689e-09,0.0014041591461476327,9.805874310262323e-08,2.923868401339643e-07
EFT:1.0104241096782794e-05,2.122547334954209e-06,1.987322000788117e-05,0.499281670416237,6.935296550282277e-09,0.4992816704162441,2.6320519398807075e-09,0.0014041591461476227,9.805874310262393e-08,2.9238684013396224e-07
Random2966
Raw:1.0104241096782794e-05,2.122547334954209e-06,1.9873220007880885e-05,0.499281670416237,6.935296550282277e-09,0.4992816704162441,2.6320519398807075e-09,0.0014041591461476026,9.805874310262393e-08,2.9238684013396224e-07
EFT:1.0104241096782794e-05,2.122547334954209e-06,1.987322000788117e-05,0.499281670416237,6.935296550282277e-09,0.4992816704162441,2.6320519398807075e-09,0.0014041591461476227,9.805874310262393e-08,2.9238684013396224e-07
Random2967
Raw:1.0104241096782794e-05,2.122547334954209e-06,1.987322000788117e-05,0.4992816704162441,6.935296550282277e-09,0.499281670416237,2.6320519398807075e-09,0.0014041591461476227,9.805874310262393e-08,2.9238684013396224e-07
EFT:1.0104241096782794e-05,2.122547334954209e-06,1.987322000788117e-05,0.499281670416237,6.935296550282277e-09,0.4992816704162441,2.6320519398807075e-09,0.0014041591461476227,9.805874310262393e-08,2.9238684013396224e-07
Random2968
Raw:1.010424109678301e-05,2.122547334954224e-06,1.987322000788131e-05,0.49928167041624055,6.935296550282425e-09,0.49928167041624055,2.6320519398807638e-09,0.0014041591461476327,9.805874310262462e-08,2.923868401339643e-07
EFT:1.0104241096782794e-05,2.122547334954209e-06,1.987322000788117e-05,0.499281670416237,6.935296550282277e-09,0.4992816704162441,2.6320519398807075e-09,0.0014041591461476227,9.805874310262393e-08,2.9238684013396224e-07
Random2969
Raw:1.0104241096782867e-05,2.122547334954224e-06,1.987322000788131e-05,0.49928167041624055,6.935296550282326e-09,0.49928167041624055,2.6320519398807265e-09,0.0014041591461476327,9.805874310262323e-08,2.923868401339643e-07
EFT:1.0104241096782794e-05,2.122547334954209e-06,1.987322000788117e-05,0.499281670416237,6.935296550282277e-09,0.4992816704162441,2.6320519398807075e-09,0.0014041591461476227,9.805874310262393e-08,2.9238684013396224e-07
Random2970
Raw:1.0104241096782867e-05,2.122547334954224e-06,1.9873220007881028e-05,0.49928167041624055,6.935296550282326e-09,0.49928167041624055,2.6320519398807265e-09,0.0014041591461476128,9.805874310262462e-08,2.923868401339643e-07
EFT:1.0104241096782794e-05,2.122547334954209e-06,1.987322000788117e-05,0.499281670416237,6.935296550282277e-09,0.4992816704162441,2.6320519398807075e-09,0.0014041591461476227,9.805874310262393e-08,2.9238684013396224e-07
Random2971
Raw:1.0104241096782938e-05,2.122547334954209e-06,1.987322000788117e-05,0.499281670416237,6.9352965502823754e-09,0.4992816704162441,2.632051939880745e-09,0.0014041591461476227,9.805874310262393e-08,2.9238684013396637e-07
EFT:1.0104241096782794e-05,2.122547334954209e-06,1.987322000788117e-05,0.499281670416237,6.935296550282277e-09,0.4992816704162441,2.6320519398807075e-09,0.0014041591461476227,9.805874310262393e-08,2.9238684013396224e-07
Random2972
Raw:1.0104241096782938e-05,2.122547334954209e-06,1.987322000788117e-05,0.499281670416237,6.935296550282277e-09,0.4992816704162441,2.632051939880745e-09,0.0014041591461476427,9.805874310262393e-08,2.9238684013396224e-07
EFT:1.0104241096782794e-05,2.122547334954209e-06,1.987322000788117e-05,0.499281670416237,6.935296550282277e-09,0.4992816704162441,2.6320519398807075e-09,0.0014041591461476227,9.805874310262393e-08,2.9238684013396224e-07
Random2973
Raw:1.0104241096782794e-05,2.1225473349541788e-06,1.9873220007880885e-05,0.499281670416237,6.935296550282277e-09,0.4992816704162441,2.632051939880745e-09,0.0014041591461476026,9.805874310262254e-08,2.9238684013396224e-07
EFT:1.0104241096782794e-05,2.122547334954209e-06,1.987322000788117e-05,0.499281670416237,6.935296550282277e-09,0.4992816704162441,2.6320519398807075e-09,0.0014041591461476227,9.805874310262393e-08,2.9238684013396224e-07
Random2974
Raw:1.0104241096782938e-05,2.122547334954209e-06,1.987322000788117e-05,0.499281670416237,6.935296550282277e-09,0.4992816704162441,2.632051939880745e-09,0.0014041591461476227,9.805874310262532e-08,2.9238684013396224e-07
EFT:1.0104241096782794e-05,2.122547334954209e-06,1.987322000788117e-05,0.499281670416237,6.935296550282277e-09,0.4992816704162441,2.6320519398807075e-09,0.0014041591461476227,9.805874310262393e-08,2.9238684013396224e-07
Random2975
Raw:1.0104241096783009e-05,2.122547334954224e-06,1.987322000788131e-05,0.49928167041623345,6.935296550282327e-09,0.49928167041624766,2.6320519398807638e-09,0.0014041591461476327,9.805874310262601e-08,2.9238684013396436e-07
EFT:1.0104241096782794e-05,2.122547334954209e-06,1.987322000788117e-05,0.499281670416237,6.935296550282277e-09,0.4992816704162441,2.6320519398807075e-09,0.0014041591461476227,9.805874310262393e-08,2.9238684013396224e-07
Random2976
Raw:1.0104241096783009e-05,2.122547334954224e-06,1.9873220007881028e-05,0.49928167041623345,6.935296550282424e-09,0.49928167041624766,2.6320519398808386e-09,0.0014041591461476126,9.805874310262601e-08,2.923868401339685e-07
EFT:1.0104241096782794e-05,2.122547334954209e-06,1.987322000788117e-05,0.499281670416237,6.935296550282277e-09,0.4992816704162441,2.6320519398807075e-09,0.0014041591461476227,9.805874310262393e-08,2.9238684013396224e-07
Random2977
Raw:1.0104241096782867e-05,2.122547334954224e-06,1.987322000788131e-05,0.49928167041624055,6.935296550282326e-09,0.49928167041624055,2.6320519398807265e-09,0.0014041591461476128,9.805874310262462e-08,2.923868401339643e-07
EFT:1.0104241096782794e-05,2.122547334954209e-06,1.987322000788117e-05,0.499281670416237,6.935296550282277e-09,0.4992816704162441,2.6320519398807075e-09,0.0014041591461476227,9.805874310262393e-08,2.9238684013396224e-07
Random2978
Raw:1.0104241096782938e-05,2.122547334954209e-06,1.987322000788117e-05,0.499281670416237,6.9352965502823754e-09,0.4992816704162441,2.632051939880745e-09,0.0014041591461476227,9.805874310262672e-08,2.9238684013396637e-07
EFT:1.0104241096782794e-05,2.122547334954209e-06,1.987322000788117e-05,0.499281670416237,6.935296550282277e-09,0.4992816704162441,2.6320519398807075e-09,0.0014041591461476227,9.805874310262393e-08,2.9238684013396224e-07
Random2979
Raw:1.0104241096782938e-05,2.122547334954209e-06,1.987322000788117e-05,0.499281670416237,6.9352965502823754e-09,0.4992816704162441,2.632051939880745e-09,0.0014041591461476227,9.805874310262393e-08,2.9238684013396637e-07
EFT:1.0104241096782794e-05,2.122547334954209e-06,1.987322000788117e-05,0.499281670416237,6.935296550282277e-09,0.4992816704162441,2.6320519398807075e-09,0.0014041591461476227,9.805874310262393e-08,2.9238684013396224e-07
Random2980
Raw:1.0104241096782938e-05,2.122547334954209e-06,1.9873220007880885e-05,0.499281670416237,6.935296550282277e-09,0.4992816704162441,2.632051939880745e-09,0.0014041591461476227,9.805874310262532e-08,2.9238684013396224e-07
EFT:1.0104241096782794e-05,2.122547334954209e-06,1.987322000788117e-05,0.499281670416237,6.935296550282277e-09,0.4992816704162441,2.6320519398807075e-09,0.0014041591461476227,9.805874310262393e-08,2.9238684013396224e-07
Random2981
Raw:1.0104241096782794e-05,2.122547334954209e-06,1.987322000788117e-05,0.499281670416237,6.935296550282277e-09,0.4992816704162441,2.6320519398807075e-09,0.0014041591461476227,9.805874310262393e-08,2.9238684013396224e-07
EFT:1.0104241096782794e-05,2.122547334954209e-06,1.987322000788117e-05,0.499281670416237,6.935296550282277e-09,0.4992816704162441,2.6320519398807075e-09,0.0014041591461476227,9.805874310262393e-08,2.9238684013396224e-07
Random2982
Raw:1.0104241096782867e-05,2.122547334954224e-06,1.987322000788131e-05,0.49928167041624055,6.935296550282326e-09,0.49928167041624055,2.6320519398807265e-09,0.0014041591461476327,9.805874310262323e-08,2.923868401339643e-07
EFT:1.0104241096782794e-05,2.122547334954209e-06,1.987322000788117e-05,0.499281670416237,6.935296550282277e-09,0.4992816704162441,2.6320519398807075e-09,0.0014041591461476227,9.805874310262393e-08,2.9238684013396224e-07
Random2983
Raw:1.0104241096782938e-05,2.122547334954239e-06,1.987322000788145e-05,0.499281670416237,6.935296550282277e-09,0.4992816704162441,2.632051939880745e-09,0.0014041591461476427,9.805874310262393e-08,2.9238684013396637e-07
EFT:1.0104241096782794e-05,2.122547334954209e-06,1.987322000788117e-05,0.499281670416237,6.935296550282277e-09,0.4992816704162441,2.6320519398807075e-09,0.0014041591461476227,9.805874310262393e-08,2.9238684013396224e-07
Random2984
Raw:1.0104241096782867e-05,2.122547334954224e-06,1.987322000788131e-05,0.49928167041624055,6.935296550282326e-09,0.49928167041624055,2.6320519398807265e-09,0.0014041591461476128,9.805874310262462e-08,2.923868401339643e-07
EFT:1.0104241096782794e-05,2.122547334954209e-06,1.987322000788117e-05,0.499281670416237,6.935296550282277e-09,0.4992816704162441,2.6320519398807075e-09,0.0014041591461476227,9.805874310262393e-08,2.9238684013396224e-07
Random2985
Raw:1.0104241096782938e-05,2.122547334954239e-06,1.9873220007880885e-05,0.499281670416237,6.935296550282277e-09,0.4992816704162441,2.632051939880745e-09,0.0014041591461476227,9.805874310262532e-08,2.9238684013396224e-07
EFT:1.0104241096782794e-05,2.122547334954209e-06,1.987322000788117e-05,0.499281670416237,6.935296550282277e-09,0.4992816704162441,2.6320519398807075e-09,0.0014041591461476227,9.805874310262393e-08,2.9238684013396224e-07
Random2986
Raw:1.0104241096782865e-05,2.122547334954194e-06,1.9873220007881028e-05,0.49928167041623345,6.935296550282327e-09,0.49928167041624766,2.632051939880726e-09,0.0014041591461476126,9.805874310262462e-08,2.9238684013396436e-07
EFT:1.0104241096782794e-05,2.122547334954209e-06,1.987322000788117e-05,0.499281670416237,6.935296550282277e-09,0.4992816704162441,2.6320519398807075e-09,0.0014041591461476227,9.805874310262393e-08,2.9238684013396224e-07
Random2987
Raw:1.0104241096782938e-05,2.122547334954209e-06,1.987322000788117e-05,0.499281670416237,6.9352965502823754e-09,0.4992816704162441,2.632051939880745e-09,0.0014041591461476227,9.805874310262672e-08,2.9238684013396637e-07
EFT:1.0104241096782794e-05,2.122547334954209e-06,1.987322000788117e-05,0.499281670416237,6.935296550282277e-09,0.4992816704162441,2.6320519398807075e-09,0.0014041591461476227,9.805874310262393e-08,2.9238684013396224e-07
Random2988
Raw:1.0104241096782938e-05,2.122547334954239e-06,1.987322000788117e-05,0.499281670416237,6.935296550282277e-09,0.4992816704162441,2.632051939880745e-09,0.0014041591461476427,9.805874310262532e-08,2.9238684013396224e-07
EFT:1.0104241096782794e-05,2.122547334954209e-06,1.987322000788117e-05,0.499281670416237,6.935296550282277e-09,0.4992816704162441,2.6320519398807075e-09,0.0014041591461476227,9.805874310262393e-08,2.9238684013396224e-07
Random2989
Raw:1.0104241096782938e-05,2.122547334954209e-06,1.987322000788117e-05,0.499281670416237,6.9352965502823754e-09,0.4992816704162441,2.632051939880745e-09,0.0014041591461476227,9.805874310262393e-08,2.9238684013396637e-07
EFT:1.0104241096782794e-05,2.122547334954209e-06,1.987322000788117e-05,0.499281670416237,6.935296550282277e-09,0.4992816704162441,2.6320519398807075e-09,0.0014041591461476227,9.805874310262393e-08,2.9238684013396224e-07
Random2990
Raw:1.0104241096782938e-05,2.122547334954209e-06,1.987322000788117e-05,0.499281670416237,6.9352965502823754e-09,0.4992816704162441,2.632051939880745e-09,0.0014041591461476227,9.805874310262393e-08,2.9238684013396637e-07
EFT:1.0104241096782794e-05,2.122547334954209e-06,1.987322000788117e-05,0.499281670416237,6.935296550282277e-09,0.4992816704162441,2.6320519398807075e-09,0.0014041591461476227,9.805874310262393e-08,2.9238684013396224e-07
Random2991
Raw:1.0104241096783009e-05,2.122547334954194e-06,1.9873220007881028e-05,0.49928167041623345,6.935296550282327e-09,0.49928167041624766,2.6320519398807638e-09,0.0014041591461476327,9.805874310262462e-08,2.9238684013396436e-07
EFT:1.0104241096782794e-05,2.122547334954209e-06,1.987322000788117e-05,0.499281670416237,6.935296550282277e-09,0.4992816704162441,2.6320519398807075e-09,0.0014041591461476227,9.805874310262393e-08,2.9238684013396224e-07
Random2992
Raw:1.0104241096782794e-05,2.122547334954209e-06,1.987322000788117e-05,0.499281670416237,6.935296550282277e-09,0.4992816704162441,2.632051939880745e-09,0.0014041591461476227,9.805874310262254e-08,2.9238684013396224e-07
EFT:1.0104241096782794e-05,2.122547334954209e-06,1.987322000788117e-05,0.499281670416237,6.935296550282277e-09,0.4992816704162441,2.6320519398807075e-09,0.0014041591461476227,9.805874310262393e-08,2.9238684013396224e-07
Random2993
Raw:1.0104241096782867e-05,2.122547334954224e-06,1.987322000788131e-05,0.49928167041624055,6.935296550282326e-09,0.49928167041624055,2.6320519398807265e-09,0.0014041591461476327,9.805874310262602e-08,2.923868401339643e-07
EFT:1.0104241096782794e-05,2.122547334954209e-06,1.987322000788117e-05,0.499281670416237,6.935296550282277e-09,0.4992816704162441,2.6320519398807075e-09,0.0014041591461476227,9.805874310262393e-08,2.9238684013396224e-07
Random2994
Raw:1.0104241096782938e-05,2.122547334954209e-06,1.9873220007880885e-05,0.499281670416237,6.935296550282277e-09,0.4992816704162441,2.632051939880745e-09,0.0014041591461476227,9.805874310262532e-08,2.9238684013396224e-07
EFT:1.0104241096782794e-05,2.122547334954209e-06,1.987322000788117e-05,0.499281670416237,6.935296550282277e-09,0.4992816704162441,2.6320519398807075e-09,0.0014041591461476227,9.805874310262393e-08,2.9238684013396224e-07
Random2995
Raw:1.0104241096783009e-05,2.122547334954194e-06,1.9873220007881028e-05,0.49928167041623345,6.935296550282327e-09,0.49928167041624766,2.6320519398807638e-09,0.0014041591461476126,9.805874310262601e-08,2.9238684013396436e-07
EFT:1.0104241096782794e-05,2.122547334954209e-06,1.987322000788117e-05,0.499281670416237,6.935296550282277e-09,0.4992816704162441,2.6320519398807075e-09,0.0014041591461476227,9.805874310262393e-08,2.9238684013396224e-07
Random2996
Raw:1.0104241096783009e-05,2.122547334954194e-06,1.9873220007881028e-05,0.49928167041623345,6.935296550282327e-09,0.49928167041624766,2.6320519398807638e-09,0.0014041591461476126,9.805874310262601e-08,2.9238684013396436e-07
EFT:1.0104241096782794e-05,2.122547334954209e-06,1.987322000788117e-05,0.499281670416237,6.935296550282277e-09,0.4992816704162441,2.6320519398807075e-09,0.0014041591461476227,9.805874310262393e-08,2.9238684013396224e-07
Random2997
Raw:1.0104241096782867e-05,2.1225473349542546e-06,1.987322000788131e-05,0.49928167041624055,6.935296550282326e-09,0.49928167041624055,2.6320519398807638e-09,0.0014041591461476327,9.805874310262462e-08,2.923868401339643e-07
EFT:1.0104241096782794e-05,2.122547334954209e-06,1.987322000788117e-05,0.499281670416237,6.935296550282277e-09,0.4992816704162441,2.6320519398807075e-09,0.0014041591461476227,9.805874310262393e-08,2.9238684013396224e-07
Random2998
Raw:1.0104241096782938e-05,2.122547334954239e-06,1.987322000788117e-05,0.499281670416237,6.935296550282277e-09,0.4992816704162441,2.632051939880745e-09,0.0014041591461476427,9.805874310262532e-08,2.9238684013396224e-07
EFT:1.0104241096782794e-05,2.122547334954209e-06,1.987322000788117e-05,0.499281670416237,6.935296550282277e-09,0.4992816704162441,2.6320519398807075e-09,0.0014041591461476227,9.805874310262393e-08,2.9238684013396224e-07
Random2999
Raw:1.0104241096783009e-05,2.122547334954224e-06,1.9873220007881028e-05,0.49928167041623345,6.935296550282327e-09,0.49928167041624766,2.6320519398807638e-09,0.0014041591461476327,9.805874310262601e-08,2.9238684013396436e-07
EFT:1.0104241096782794e-05,2.122547334954209e-06,1.987322000788117e-05,0.499281670416237,6.935296550282277e-09,0.4992816704162441,2.6320519398807075e-09,0.0014041591461476227,9.805874310262393e-08,2.9238684013396224e-07
Random3000
Raw:1.0104241096782938e-05,2.122547334954209e-06,1.987322000788117e-05,0.499281670416237,6.9352965502823754e-09,0.4992816704162441,2.6320519398807824e-09,0.0014041591461476227,9.805874310262532e-08,2.9238684013396637e-07
EFT:1.0104241096782794e-05,2.122547334954209e-06,1.987322000788117e-05,0.499281670416237,6.935296550282277e-09,0.4992816704162441,2.6320519398807075e-09,0.0014041591461476227,9.805874310262393e-08,2.9238684013396224e-07
Random3001
Raw:1.0104241096782938e-05,2.122547334954209e-06,1.987322000788117e-05,0.499281670416237,6.935296550282277e-09,0.4992816704162441,2.632051939880745e-09,0.0014041591461476427,9.805874310262393e-08,2.9238684013396224e-07
EFT:1.0104241096782794e-05,2.122547334954209e-06,1.987322000788117e-05,0.499281670416237,6.935296550282277e-09,0.4992816704162441,2.6320519398807075e-09,0.0014041591461476227,9.805874310262393e-08,2.9238684013396224e-07
Random3002
Raw:1.0104241096782938e-05,2.122547334954209e-06,1.987322000788117e-05,0.499281670416237,6.9352965502823754e-09,0.4992816704162441,2.632051939880745e-09,0.0014041591461476227,9.805874310262393e-08,2.9238684013396637e-07
EFT:1.0104241096782794e-05,2.122547334954209e-06,1.987322000788117e-05,0.499281670416237,6.935296550282277e-09,0.4992816704162441,2.6320519398807075e-09,0.0014041591461476227,9.805874310262393e-08,2.9238684013396224e-07
Random3003
Raw:1.0104241096782938e-05,2.122547334954239e-06,1.987322000788145e-05,0.499281670416237,6.9352965502823754e-09,0.4992816704162441,2.632051939880745e-09,0.0014041591461476427,9.805874310262532e-08,2.9238684013396637e-07
EFT:1.0104241096782794e-05,2.122547334954209e-06,1.987322000788117e-05,0.499281670416237,6.935296550282277e-09,0.4992816704162441,2.6320519398807075e-09,0.0014041591461476227,9.805874310262393e-08,2.9238684013396224e-07
Random3004
Raw:1.0104241096782794e-05,2.122547334954209e-06,1.987322000788117e-05,0.4992816704162441,6.935296550282277e-09,0.499281670416237,2.6320519398807075e-09,0.0014041591461476227,9.805874310262393e-08,2.9238684013396224e-07
EFT:1.0104241096782794e-05,2.122547334954209e-06,1.987322000788117e-05,0.499281670416237,6.935296550282277e-09,0.4992816704162441,2.6320519398807075e-09,0.0014041591461476227,9.805874310262393e-08,2.9238684013396224e-07
Random3005
Raw:1.0104241096782867e-05,2.122547334954224e-06,1.987322000788131e-05,0.49928167041624055,6.935296550282326e-09,0.49928167041624055,2.6320519398807265e-09,0.0014041591461476327,9.805874310262323e-08,2.923868401339643e-07
EFT:1.0104241096782794e-05,2.122547334954209e-06,1.987322000788117e-05,0.499281670416237,6.935296550282277e-09,0.4992816704162441,2.6320519398807075e-09,0.0014041591461476227,9.805874310262393e-08,2.9238684013396224e-07
Random3006
Raw:1.0104241096782938e-05,2.122547334954209e-06,1.9873220007880885e-05,0.499281670416237,6.935296550282277e-09,0.4992816704162441,2.632051939880745e-09,0.0014041591461476227,9.805874310262532e-08,2.9238684013396224e-07
EFT:1.0104241096782794e-05,2.122547334954209e-06,1.987322000788117e-05,0.499281670416237,6.935296550282277e-09,0.4992816704162441,2.6320519398807075e-09,0.0014041591461476227,9.805874310262393e-08,2.9238684013396224e-07
Random3007
Raw:1.0104241096783009e-05,2.122547334954224e-06,1.987322000788131e-05,0.49928167041623345,6.935296550282327e-09,0.49928167041624766,2.6320519398807638e-09,0.0014041591461476327,9.805874310262601e-08,2.9238684013396436e-07
EFT:1.0104241096782794e-05,2.122547334954209e-06,1.987322000788117e-05,0.499281670416237,6.935296550282277e-09,0.4992816704162441,2.6320519398807075e-09,0.0014041591461476227,9.805874310262393e-08,2.9238684013396224e-07
Random3008
Raw:1.0104241096782938e-05,2.122547334954239e-06,1.987322000788117e-05,0.499281670416237,6.935296550282277e-09,0.4992816704162441,2.632051939880745e-09,0.0014041591461476427,9.805874310262532e-08,2.9238684013396224e-07
EFT:1.0104241096782794e-05,2.122547334954209e-06,1.987322000788117e-05,0.499281670416237,6.935296550282277e-09,0.4992816704162441,2.6320519398807075e-09,0.0014041591461476227,9.805874310262393e-08,2.9238684013396224e-07
Random3009
Raw:1.0104241096782938e-05,2.122547334954209e-06,1.987322000788117e-05,0.499281670416237,6.935296550282277e-09,0.4992816704162441,2.632051939880745e-09,0.0014041591461476427,9.805874310262393e-08,2.9238684013396224e-07
EFT:1.0104241096782794e-05,2.122547334954209e-06,1.987322000788117e-05,0.499281670416237,6.935296550282277e-09,0.4992816704162441,2.6320519398807075e-09,0.0014041591461476227,9.805874310262393e-08,2.9238684013396224e-07
Random3010
Raw:1.0104241096782867e-05,2.122547334954224e-06,1.9873220007881028e-05,0.49928167041624055,6.935296550282228e-09,0.49928167041624055,2.632051939880689e-09,0.0014041591461476327,9.805874310262462e-08,2.923868401339602e-07
EFT:1.0104241096782794e-05,2.122547334954209e-06,1.987322000788117e-05,0.499281670416237,6.935296550282277e-09,0.4992816704162441,2.6320519398807075e-09,0.0014041591461476227,9.805874310262393e-08,2.9238684013396224e-07
Random3011
Raw:1.0104241096782938e-05,2.122547334954209e-06,1.987322000788117e-05,0.499281670416237,6.9352965502823754e-09,0.4992816704162441,2.632051939880745e-09,0.0014041591461476227,9.805874310262532e-08,2.9238684013396637e-07
EFT:1.0104241096782794e-05,2.122547334954209e-06,1.987322000788117e-05,0.499281670416237,6.935296550282277e-09,0.4992816704162441,2.6320519398807075e-09,0.0014041591461476227,9.805874310262393e-08,2.9238684013396224e-07
Random3012
Raw:1.0104241096782938e-05,2.122547334954209e-06,1.987322000788117e-05,0.499281670416237,6.9352965502823754e-09,0.4992816704162441,2.632051939880745e-09,0.0014041591461476227,9.805874310262672e-08,2.9238684013396637e-07
EFT:1.0104241096782794e-05,2.122547334954209e-06,1.987322000788117e-05,0.499281670416237,6.935296550282277e-09,0.4992816704162441,2.6320519398807075e-09,0.0014041591461476227,9.805874310262393e-08,2.9238684013396224e-07
Random3013
Raw:1.0104241096782794e-05,2.122547334954209e-06,1.987322000788117e-05,0.4992816704162441,6.935296550282277e-09,0.499281670416237,2.63205193988067e-09,0.0014041591461476227,9.805874310262532e-08,2.9238684013396224e-07
EFT:1.0104241096782794e-05,2.122547334954209e-06,1.987322000788117e-05,0.499281670416237,6.935296550282277e-09,0.4992816704162441,2.6320519398807075e-09,0.0014041591461476227,9.805874310262393e-08,2.9238684013396224e-07
Random3014
Raw:1.0104241096782794e-05,2.122547334954209e-06,1.987322000788117e-05,0.499281670416237,6.9352965502821786e-09,0.4992816704162441,2.632051939880745e-09,0.0014041591461476227,9.805874310262254e-08,2.9238684013396224e-07
EFT:1.0104241096782794e-05,2.122547334954209e-06,1.987322000788117e-05,0.499281670416237,6.935296550282277e-09,0.4992816704162441,2.6320519398807075e-09,0.0014041591461476227,9.805874310262393e-08,2.9238684013396224e-07
Random3015
Raw:1.0104241096782867e-05,2.122547334954224e-06,1.9873220007881028e-05,0.49928167041624055,6.935296550282326e-09,0.49928167041624055,2.6320519398807265e-09,0.0014041591461476327,9.805874310262602e-08,2.923868401339643e-07
EFT:1.0104241096782794e-05,2.122547334954209e-06,1.987322000788117e-05,0.499281670416237,6.935296550282277e-09,0.4992816704162441,2.6320519398807075e-09,0.0014041591461476227,9.805874310262393e-08,2.9238684013396224e-07
Random3016
Raw:1.0104241096782865e-05,2.122547334954194e-06,1.9873220007881028e-05,0.49928167041623345,6.935296550282327e-09,0.49928167041624766,2.6320519398807638e-09,0.0014041591461476126,9.805874310262324e-08,2.9238684013396436e-07
EFT:1.0104241096782794e-05,2.122547334954209e-06,1.987322000788117e-05,0.499281670416237,6.935296550282277e-09,0.4992816704162441,2.6320519398807075e-09,0.0014041591461476227,9.805874310262393e-08,2.9238684013396224e-07
Random3017
Raw:1.0104241096782867e-05,2.122547334954224e-06,1.9873220007881028e-05,0.49928167041624055,6.935296550282326e-09,0.49928167041624055,2.6320519398807638e-09,0.0014041591461476128,9.805874310262462e-08,2.923868401339643e-07
EFT:1.0104241096782794e-05,2.122547334954209e-06,1.987322000788117e-05,0.499281670416237,6.935296550282277e-09,0.4992816704162441,2.6320519398807075e-09,0.0014041591461476227,9.805874310262393e-08,2.9238684013396224e-07
Random3018
Raw:1.0104241096782867e-05,2.122547334954194e-06,1.9873220007881028e-05,0.49928167041624055,6.935296550282326e-09,0.49928167041624055,2.6320519398807265e-09,0.0014041591461476128,9.805874310262323e-08,2.923868401339643e-07
EFT:1.0104241096782794e-05,2.122547334954209e-06,1.987322000788117e-05,0.499281670416237,6.935296550282277e-09,0.4992816704162441,2.6320519398807075e-09,0.0014041591461476227,9.805874310262393e-08,2.9238684013396224e-07
Random3019
Raw:1.0104241096782867e-05,2.122547334954224e-06,1.987322000788131e-05,0.49928167041624055,6.935296550282326e-09,0.49928167041624055,2.6320519398807638e-09,0.0014041591461476327,9.805874310262462e-08,2.923868401339643e-07
EFT:1.0104241096782794e-05,2.122547334954209e-06,1.987322000788117e-05,0.499281670416237,6.935296550282277e-09,0.4992816704162441,2.6320519398807075e-09,0.0014041591461476227,9.805874310262393e-08,2.9238684013396224e-07
Random3020
Raw:1.0104241096782794e-05,2.122547334954239e-06,1.987322000788145e-05,0.4992816704162441,6.935296550282277e-09,0.499281670416237,2.63205193988067e-09,0.0014041591461476427,9.805874310262393e-08,2.9238684013396224e-07
EFT:1.0104241096782794e-05,2.122547334954209e-06,1.987322000788117e-05,0.499281670416237,6.935296550282277e-09,0.4992816704162441,2.6320519398807075e-09,0.0014041591461476227,9.805874310262393e-08,2.9238684013396224e-07
Random3021
Raw:1.0104241096783009e-05,2.122547334954194e-06,1.9873220007881028e-05,0.49928167041623345,6.935296550282327e-09,0.49928167041624766,2.6320519398807638e-09,0.0014041591461476327,9.805874310262462e-08,2.9238684013396436e-07
EFT:1.0104241096782794e-05,2.122547334954209e-06,1.987322000788117e-05,0.499281670416237,6.935296550282277e-09,0.4992816704162441,2.6320519398807075e-09,0.0014041591461476227,9.805874310262393e-08,2.9238684013396224e-07
Random3022
Raw:1.0104241096783009e-05,2.122547334954224e-06,1.9873220007881028e-05,0.49928167041623345,6.935296550282327e-09,0.49928167041624766,2.632051939880801e-09,0.0014041591461476327,9.805874310262601e-08,2.9238684013396436e-07
EFT:1.0104241096782794e-05,2.122547334954209e-06,1.987322000788117e-05,0.499281670416237,6.935296550282277e-09,0.4992816704162441,2.6320519398807075e-09,0.0014041591461476227,9.805874310262393e-08,2.9238684013396224e-07
Random3023
Raw:1.0104241096782867e-05,2.1225473349542546e-06,1.987322000788131e-05,0.49928167041624055,6.935296550282326e-09,0.49928167041624055,2.6320519398807638e-09,0.0014041591461476327,9.805874310262462e-08,2.923868401339643e-07
EFT:1.0104241096782794e-05,2.122547334954209e-06,1.987322000788117e-05,0.499281670416237,6.935296550282277e-09,0.4992816704162441,2.6320519398807075e-09,0.0014041591461476227,9.805874310262393e-08,2.9238684013396224e-07
Random3024
Raw:1.0104241096783009e-05,2.122547334954224e-06,1.987322000788131e-05,0.49928167041623345,6.935296550282327e-09,0.49928167041624766,2.6320519398807638e-09,0.0014041591461476327,9.805874310262601e-08,2.9238684013396436e-07
EFT:1.0104241096782794e-05,2.122547334954209e-06,1.987322000788117e-05,0.499281670416237,6.935296550282277e-09,0.4992816704162441,2.6320519398807075e-09,0.0014041591461476227,9.805874310262393e-08,2.9238684013396224e-07
Random3025
Raw:1.0104241096782867e-05,2.122547334954224e-06,1.987322000788131e-05,0.49928167041624055,6.935296550282326e-09,0.49928167041624055,2.6320519398807638e-09,0.0014041591461476128,9.805874310262462e-08,2.923868401339643e-07
EFT:1.0104241096782794e-05,2.122547334954209e-06,1.987322000788117e-05,0.499281670416237,6.935296550282277e-09,0.4992816704162441,2.6320519398807075e-09,0.0014041591461476227,9.805874310262393e-08,2.9238684013396224e-07
Random3026
Raw:1.0104241096783009e-05,2.122547334954194e-06,1.9873220007881028e-05,0.49928167041623345,6.935296550282327e-09,0.49928167041624766,2.6320519398807638e-09,0.0014041591461476126,9.805874310262601e-08,2.9238684013396436e-07
EFT:1.0104241096782794e-05,2.122547334954209e-06,1.987322000788117e-05,0.499281670416237,6.935296550282277e-09,0.4992816704162441,2.6320519398807075e-09,0.0014041591461476227,9.805874310262393e-08,2.9238684013396224e-07
Random3027
Raw:1.0104241096782867e-05,2.122547334954224e-06,1.9873220007881028e-05,0.49928167041624055,6.935296550282326e-09,0.49928167041624055,2.6320519398807265e-09,0.0014041591461476128,9.805874310262462e-08,2.923868401339643e-07
EFT:1.0104241096782794e-05,2.122547334954209e-06,1.987322000788117e-05,0.499281670416237,6.935296550282277e-09,0.4992816704162441,2.6320519398807075e-09,0.0014041591461476227,9.805874310262393e-08,2.9238684013396224e-07
Random3028
Raw:1.0104241096782794e-05,2.122547334954209e-06,1.987322000788117e-05,0.4992816704162441,6.935296550282277e-09,0.499281670416237,2.63205193988067e-09,0.0014041591461476227,9.805874310262254e-08,2.9238684013396224e-07
EFT:1.0104241096782794e-05,2.122547334954209e-06,1.987322000788117e-05,0.499281670416237,6.935296550282277e-09,0.4992816704162441,2.6320519398807075e-09,0.0014041591461476227,9.805874310262393e-08,2.9238684013396224e-07
Random3029
Raw:1.0104241096782938e-05,2.122547334954209e-06,1.987322000788117e-05,0.499281670416237,6.9352965502823754e-09,0.4992816704162441,2.632051939880745e-09,0.0014041591461476227,9.805874310262532e-08,2.9238684013396637e-07
EFT:1.0104241096782794e-05,2.122547334954209e-06,1.987322000788117e-05,0.499281670416237,6.935296550282277e-09,0.4992816704162441,2.6320519398807075e-09,0.0014041591461476227,9.805874310262393e-08,2.9238684013396224e-07
Random3030
Raw:1.0104241096782867e-05,2.122547334954224e-06,1.987322000788131e-05,0.49928167041624055,6.935296550282326e-09,0.49928167041624055,2.6320519398807265e-09,0.0014041591461476327,9.805874310262462e-08,2.923868401339643e-07
EFT:1.0104241096782794e-05,2.122547334954209e-06,1.987322000788117e-05,0.499281670416237,6.935296550282277e-09,0.4992816704162441,2.6320519398807075e-09,0.0014041591461476227,9.805874310262393e-08,2.9238684013396224e-07
Random3031
Raw:1.0104241096782938e-05,2.122547334954209e-06,1.987322000788117e-05,0.499281670416237,6.9352965502823754e-09,0.4992816704162441,2.632051939880745e-09,0.0014041591461476227,9.805874310262532e-08,2.9238684013396637e-07
EFT:1.0104241096782794e-05,2.122547334954209e-06,1.987322000788117e-05,0.499281670416237,6.935296550282277e-09,0.4992816704162441,2.6320519398807075e-09,0.0014041591461476227,9.805874310262393e-08,2.9238684013396224e-07
Random3032
Raw:1.0104241096782938e-05,2.122547334954239e-06,1.9873220007880885e-05,0.499281670416237,6.935296550282277e-09,0.4992816704162441,2.632051939880745e-09,0.0014041591461476227,9.805874310262532e-08,2.9238684013396224e-07
EFT:1.0104241096782794e-05,2.122547334954209e-06,1.987322000788117e-05,0.499281670416237,6.935296550282277e-09,0.4992816704162441,2.6320519398807075e-09,0.0014041591461476227,9.805874310262393e-08,2.9238684013396224e-07
Random3033
Raw:1.0104241096782867e-05,2.122547334954224e-06,1.987322000788131e-05,0.49928167041624055,6.935296550282326e-09,0.49928167041624055,2.6320519398807265e-09,0.0014041591461476327,9.805874310262323e-08,2.923868401339643e-07
EFT:1.0104241096782794e-05,2.122547334954209e-06,1.987322000788117e-05,0.499281670416237,6.935296550282277e-09,0.4992816704162441,2.6320519398807075e-09,0.0014041591461476227,9.805874310262393e-08,2.9238684013396224e-07
Random3034
Raw:1.0104241096782938e-05,2.122547334954209e-06,1.987322000788117e-05,0.499281670416237,6.935296550282277e-09,0.4992816704162441,2.632051939880745e-09,0.0014041591461476227,9.805874310262532e-08,2.9238684013396224e-07
EFT:1.0104241096782794e-05,2.122547334954209e-06,1.987322000788117e-05,0.499281670416237,6.935296550282277e-09,0.4992816704162441,2.6320519398807075e-09,0.0014041591461476227,9.805874310262393e-08,2.9238684013396224e-07
Random3035
Raw:1.0104241096783009e-05,2.122547334954194e-06,1.9873220007881028e-05,0.49928167041623345,6.935296550282327e-09,0.49928167041624766,2.6320519398807638e-09,0.0014041591461476126,9.805874310262601e-08,2.9238684013396436e-07
EFT:1.0104241096782794e-05,2.122547334954209e-06,1.987322000788117e-05,0.499281670416237,6.935296550282277e-09,0.4992816704162441,2.6320519398807075e-09,0.0014041591461476227,9.805874310262393e-08,2.9238684013396224e-07
Random3036
Raw:1.0104241096782867e-05,2.122547334954224e-06,1.987322000788131e-05,0.49928167041624055,6.935296550282326e-09,0.49928167041624055,2.6320519398807265e-09,0.0014041591461476327,9.805874310262323e-08,2.923868401339643e-07
EFT:1.0104241096782794e-05,2.122547334954209e-06,1.987322000788117e-05,0.499281670416237,6.935296550282277e-09,0.4992816704162441,2.6320519398807075e-09,0.0014041591461476227,9.805874310262393e-08,2.9238684013396224e-07
Random3037
Raw:1.0104241096782794e-05,2.122547334954209e-06,1.987322000788117e-05,0.4992816704162441,6.935296550282277e-09,0.499281670416237,2.63205193988067e-09,0.0014041591461476227,9.805874310262393e-08,2.9238684013396224e-07
EFT:1.0104241096782794e-05,2.122547334954209e-06,1.987322000788117e-05,0.499281670416237,6.935296550282277e-09,0.4992816704162441,2.6320519398807075e-09,0.0014041591461476227,9.805874310262393e-08,2.9238684013396224e-07
Random3038
Raw:1.0104241096782938e-05,2.122547334954239e-06,1.9873220007880885e-05,0.499281670416237,6.935296550282277e-09,0.4992816704162441,2.632051939880745e-09,0.0014041591461476227,9.805874310262532e-08,2.9238684013396224e-07
EFT:1.0104241096782794e-05,2.122547334954209e-06,1.987322000788117e-05,0.499281670416237,6.935296550282277e-09,0.4992816704162441,2.6320519398807075e-09,0.0014041591461476227,9.805874310262393e-08,2.9238684013396224e-07
Random3039
Raw:1.0104241096782794e-05,2.122547334954209e-06,1.987322000788117e-05,0.499281670416237,6.935296550282277e-09,0.4992816704162441,2.632051939880745e-09,0.0014041591461476227,9.805874310262254e-08,2.9238684013396224e-07
EFT:1.0104241096782794e-05,2.122547334954209e-06,1.987322000788117e-05,0.499281670416237,6.935296550282277e-09,0.4992816704162441,2.6320519398807075e-09,0.0014041591461476227,9.805874310262393e-08,2.9238684013396224e-07
Random3040
Raw:1.0104241096782938e-05,2.122547334954209e-06,1.987322000788117e-05,0.499281670416237,6.9352965502823754e-09,0.4992816704162441,2.632051939880745e-09,0.0014041591461476227,9.805874310262672e-08,2.9238684013396637e-07
EFT:1.0104241096782794e-05,2.122547334954209e-06,1.987322000788117e-05,0.499281670416237,6.935296550282277e-09,0.4992816704162441,2.6320519398807075e-09,0.0014041591461476227,9.805874310262393e-08,2.9238684013396224e-07
Random3041
Raw:1.0104241096782867e-05,2.122547334954224e-06,1.987322000788131e-05,0.49928167041624055,6.935296550282326e-09,0.49928167041624055,2.6320519398807265e-09,0.0014041591461476128,9.805874310262462e-08,2.923868401339643e-07
EFT:1.0104241096782794e-05,2.122547334954209e-06,1.987322000788117e-05,0.499281670416237,6.935296550282277e-09,0.4992816704162441,2.6320519398807075e-09,0.0014041591461476227,9.805874310262393e-08,2.9238684013396224e-07
Random3042
Raw:1.0104241096782938e-05,2.122547334954209e-06,1.987322000788117e-05,0.499281670416237,6.9352965502823754e-09,0.4992816704162441,2.6320519398807824e-09,0.0014041591461476227,9.805874310262532e-08,2.9238684013396637e-07
EFT:1.0104241096782794e-05,2.122547334954209e-06,1.987322000788117e-05,0.499281670416237,6.935296550282277e-09,0.4992816704162441,2.6320519398807075e-09,0.0014041591461476227,9.805874310262393e-08,2.9238684013396224e-07
Random3043
Raw:1.0104241096782867e-05,2.122547334954224e-06,1.9873220007881028e-05,0.49928167041624055,6.935296550282326e-09,0.49928167041624055,2.6320519398807265e-09,0.0014041591461476327,9.805874310262323e-08,2.923868401339643e-07
EFT:1.0104241096782794e-05,2.122547334954209e-06,1.987322000788117e-05,0.499281670416237,6.935296550282277e-09,0.4992816704162441,2.6320519398807075e-09,0.0014041591461476227,9.805874310262393e-08,2.9238684013396224e-07
Random3044
Raw:1.0104241096782938e-05,2.122547334954239e-06,1.9873220007880885e-05,0.499281670416237,6.935296550282277e-09,0.4992816704162441,2.632051939880745e-09,0.0014041591461476227,9.805874310262532e-08,2.9238684013396224e-07
EFT:1.0104241096782794e-05,2.122547334954209e-06,1.987322000788117e-05,0.499281670416237,6.935296550282277e-09,0.4992816704162441,2.6320519398807075e-09,0.0014041591461476227,9.805874310262393e-08,2.9238684013396224e-07
Random3045
Raw:1.0104241096782938e-05,2.122547334954209e-06,1.987322000788117e-05,0.499281670416237,6.935296550282277e-09,0.4992816704162441,2.632051939880745e-09,0.0014041591461476227,9.805874310262393e-08,2.9238684013396637e-07
EFT:1.0104241096782794e-05,2.122547334954209e-06,1.987322000788117e-05,0.499281670416237,6.935296550282277e-09,0.4992816704162441,2.6320519398807075e-09,0.0014041591461476227,9.805874310262393e-08,2.9238684013396224e-07
Random3046
Raw:1.0104241096782938e-05,2.122547334954209e-06,1.9873220007880885e-05,0.499281670416237,6.935296550282277e-09,0.4992816704162441,2.632051939880745e-09,0.0014041591461476227,9.805874310262532e-08,2.9238684013396224e-07
EFT:1.0104241096782794e-05,2.122547334954209e-06,1.987322000788117e-05,0.499281670416237,6.935296550282277e-09,0.4992816704162441,2.6320519398807075e-09,0.0014041591461476227,9.805874310262393e-08,2.9238684013396224e-07
Random3047
Raw:1.0104241096782867e-05,2.122547334954224e-06,1.987322000788131e-05,0.49928167041624055,6.935296550282326e-09,0.49928167041624055,2.6320519398807265e-09,0.0014041591461476327,9.805874310262462e-08,2.923868401339643e-07
EFT:1.0104241096782794e-05,2.122547334954209e-06,1.987322000788117e-05,0.499281670416237,6.935296550282277e-09,0.4992816704162441,2.6320519398807075e-09,0.0014041591461476227,9.805874310262393e-08,2.9238684013396224e-07
Random3048
Raw:1.0104241096782938e-05,2.122547334954239e-06,1.9873220007880885e-05,0.499281670416237,6.935296550282277e-09,0.4992816704162441,2.632051939880745e-09,0.0014041591461476227,9.805874310262532e-08,2.9238684013396224e-07
EFT:1.0104241096782794e-05,2.122547334954209e-06,1.987322000788117e-05,0.499281670416237,6.935296550282277e-09,0.4992816704162441,2.6320519398807075e-09,0.0014041591461476227,9.805874310262393e-08,2.9238684013396224e-07
Random3049
Raw:1.0104241096782938e-05,2.122547334954209e-06,1.987322000788117e-05,0.499281670416237,6.935296550282277e-09,0.4992816704162441,2.632051939880745e-09,0.0014041591461476227,9.805874310262532e-08,2.9238684013396224e-07
EFT:1.0104241096782794e-05,2.122547334954209e-06,1.987322000788117e-05,0.499281670416237,6.935296550282277e-09,0.4992816704162441,2.6320519398807075e-09,0.0014041591461476227,9.805874310262393e-08,2.9238684013396224e-07
Random3050
Raw:1.0104241096782867e-05,2.122547334954224e-06,1.987322000788131e-05,0.49928167041624055,6.935296550282228e-09,0.49928167041624055,2.632051939880689e-09,0.0014041591461476327,9.805874310262323e-08,2.923868401339643e-07
EFT:1.0104241096782794e-05,2.122547334954209e-06,1.987322000788117e-05,0.499281670416237,6.935296550282277e-09,0.4992816704162441,2.6320519398807075e-09,0.0014041591461476227,9.805874310262393e-08,2.9238684013396224e-07
Random3051
Raw:1.0104241096782865e-05,2.122547334954194e-06,1.9873220007881028e-05,0.49928167041623345,6.935296550282327e-09,0.49928167041624766,2.632051939880726e-09,0.0014041591461476126,9.805874310262462e-08,2.9238684013396436e-07
EFT:1.0104241096782794e-05,2.122547334954209e-06,1.987322000788117e-05,0.499281670416237,6.935296550282277e-09,0.4992816704162441,2.6320519398807075e-09,0.0014041591461476227,9.805874310262393e-08,2.9238684013396224e-07
Random3052
Raw:1.0104241096782938e-05,2.122547334954209e-06,1.987322000788117e-05,0.499281670416237,6.935296550282277e-09,0.4992816704162441,2.632051939880745e-09,0.0014041591461476427,9.805874310262393e-08,2.9238684013396224e-07
EFT:1.0104241096782794e-05,2.122547334954209e-06,1.987322000788117e-05,0.499281670416237,6.935296550282277e-09,0.4992816704162441,2.6320519398807075e-09,0.0014041591461476227,9.805874310262393e-08,2.9238684013396224e-07
Random3053
Raw:1.0104241096782938e-05,2.122547334954239e-06,1.987322000788145e-05,0.499281670416237,6.935296550282277e-09,0.4992816704162441,2.632051939880745e-09,0.0014041591461476227,9.805874310262532e-08,2.9238684013396224e-07
EFT:1.0104241096782794e-05,2.122547334954209e-06,1.987322000788117e-05,0.499281670416237,6.935296550282277e-09,0.4992816704162441,2.6320519398807075e-09,0.0014041591461476227,9.805874310262393e-08,2.9238684013396224e-07
Random3054
Raw:1.0104241096782867e-05,2.122547334954224e-06,1.987322000788131e-05,0.49928167041624055,6.935296550282326e-09,0.49928167041624055,2.6320519398807265e-09,0.0014041591461476327,9.805874310262323e-08,2.923868401339643e-07
EFT:1.0104241096782794e-05,2.122547334954209e-06,1.987322000788117e-05,0.499281670416237,6.935296550282277e-09,0.4992816704162441,2.6320519398807075e-09,0.0014041591461476227,9.805874310262393e-08,2.9238684013396224e-07
Random3055
Raw:1.0104241096782938e-05,2.1225473349541788e-06,1.9873220007880885e-05,0.499281670416237,6.935296550282277e-09,0.4992816704162441,2.632051939880745e-09,0.0014041591461476026,9.805874310262532e-08,2.9238684013396224e-07
EFT:1.0104241096782794e-05,2.122547334954209e-06,1.987322000788117e-05,0.499281670416237,6.935296550282277e-09,0.4992816704162441,2.6320519398807075e-09,0.0014041591461476227,9.805874310262393e-08,2.9238684013396224e-07
Random3056
Raw:1.0104241096782938e-05,2.122547334954209e-06,1.987322000788117e-05,0.499281670416237,6.935296550282277e-09,0.4992816704162441,2.632051939880745e-09,0.0014041591461476427,9.805874310262393e-08,2.9238684013396224e-07
EFT:1.0104241096782794e-05,2.122547334954209e-06,1.987322000788117e-05,0.499281670416237,6.935296550282277e-09,0.4992816704162441,2.6320519398807075e-09,0.0014041591461476227,9.805874310262393e-08,2.9238684013396224e-07
Random3057
Raw:1.0104241096782938e-05,2.122547334954209e-06,1.987322000788117e-05,0.499281670416237,6.9352965502823754e-09,0.4992816704162441,2.632051939880745e-09,0.0014041591461476227,9.805874310262532e-08,2.9238684013396637e-07
EFT:1.0104241096782794e-05,2.122547334954209e-06,1.987322000788117e-05,0.499281670416237,6.935296550282277e-09,0.4992816704162441,2.6320519398807075e-09,0.0014041591461476227,9.805874310262393e-08,2.9238684013396224e-07
Random3058
Raw:1.0104241096782867e-05,2.122547334954224e-06,1.987322000788131e-05,0.49928167041624055,6.935296550282228e-09,0.49928167041624055,2.632051939880689e-09,0.0014041591461476327,9.805874310262462e-08,2.923868401339602e-07
EFT:1.0104241096782794e-05,2.122547334954209e-06,1.987322000788117e-05,0.499281670416237,6.935296550282277e-09,0.4992816704162441,2.6320519398807075e-09,0.0014041591461476227,9.805874310262393e-08,2.9238684013396224e-07
Random3059
Raw:1.0104241096782938e-05,2.1225473349541788e-06,1.9873220007880885e-05,0.499281670416237,6.935296550282277e-09,0.4992816704162441,2.632051939880745e-09,0.0014041591461476026,9.805874310262532e-08,2.9238684013396224e-07
EFT:1.0104241096782794e-05,2.122547334954209e-06,1.987322000788117e-05,0.499281670416237,6.935296550282277e-09,0.4992816704162441,2.6320519398807075e-09,0.0014041591461476227,9.805874310262393e-08,2.9238684013396224e-07
Random3060
Raw:1.0104241096783009e-05,2.122547334954194e-06,1.9873220007881028e-05,0.49928167041623345,6.935296550282327e-09,0.49928167041624766,2.6320519398807638e-09,0.0014041591461476126,9.805874310262601e-08,2.9238684013396436e-07
EFT:1.0104241096782794e-05,2.122547334954209e-06,1.987322000788117e-05,0.499281670416237,6.935296550282277e-09,0.4992816704162441,2.6320519398807075e-09,0.0014041591461476227,9.805874310262393e-08,2.9238684013396224e-07
Random3061
Raw:1.0104241096782938e-05,2.122547334954209e-06,1.987322000788117e-05,0.499281670416237,6.9352965502823754e-09,0.4992816704162441,2.632051939880745e-09,0.0014041591461476227,9.805874310262672e-08,2.9238684013396637e-07
EFT:1.0104241096782794e-05,2.122547334954209e-06,1.987322000788117e-05,0.499281670416237,6.935296550282277e-09,0.4992816704162441,2.6320519398807075e-09,0.0014041591461476227,9.805874310262393e-08,2.9238684013396224e-07
Random3062
Raw:1.0104241096782867e-05,2.122547334954224e-06,1.9873220007881028e-05,0.49928167041624055,6.935296550282326e-09,0.49928167041624055,2.6320519398807265e-09,0.0014041591461476128,9.805874310262462e-08,2.923868401339643e-07
EFT:1.0104241096782794e-05,2.122547334954209e-06,1.987322000788117e-05,0.499281670416237,6.935296550282277e-09,0.4992816704162441,2.6320519398807075e-09,0.0014041591461476227,9.805874310262393e-08,2.9238684013396224e-07
Random3063
Raw:1.0104241096782938e-05,2.122547334954239e-06,1.987322000788145e-05,0.499281670416237,6.935296550282277e-09,0.4992816704162441,2.632051939880745e-09,0.0014041591461476427,9.805874310262393e-08,2.9238684013396637e-07
EFT:1.0104241096782794e-05,2.122547334954209e-06,1.987322000788117e-05,0.499281670416237,6.935296550282277e-09,0.4992816704162441,2.6320519398807075e-09,0.0014041591461476227,9.805874310262393e-08,2.9238684013396224e-07
Random3064
Raw:1.0104241096782867e-05,2.122547334954194e-06,1.9873220007881028e-05,0.49928167041624055,6.935296550282326e-09,0.49928167041624055,2.6320519398807265e-09,0.0014041591461476128,9.805874310262323e-08,2.923868401339643e-07
EFT:1.0104241096782794e-05,2.122547334954209e-06,1.987322000788117e-05,0.499281670416237,6.935296550282277e-09,0.4992816704162441,2.6320519398807075e-09,0.0014041591461476227,9.805874310262393e-08,2.9238684013396224e-07
Random3065
Raw:1.0104241096783009e-05,2.122547334954224e-06,1.987322000788131e-05,0.49928167041623345,6.935296550282327e-09,0.49928167041624766,2.6320519398807638e-09,0.0014041591461476327,9.805874310262601e-08,2.9238684013396436e-07
EFT:1.0104241096782794e-05,2.122547334954209e-06,1.987322000788117e-05,0.499281670416237,6.935296550282277e-09,0.4992816704162441,2.6320519398807075e-09,0.0014041591461476227,9.805874310262393e-08,2.9238684013396224e-07
Random3066
Raw:1.0104241096782867e-05,2.122547334954224e-06,1.987322000788131e-05,0.49928167041624055,6.935296550282326e-09,0.49928167041624055,2.6320519398807265e-09,0.0014041591461476128,9.805874310262462e-08,2.923868401339643e-07
EFT:1.0104241096782794e-05,2.122547334954209e-06,1.987322000788117e-05,0.499281670416237,6.935296550282277e-09,0.4992816704162441,2.6320519398807075e-09,0.0014041591461476227,9.805874310262393e-08,2.9238684013396224e-07
Random3067
Raw:1.0104241096782867e-05,2.122547334954224e-06,1.987322000788131e-05,0.49928167041624055,6.935296550282326e-09,0.49928167041624055,2.6320519398807265e-09,0.0014041591461476327,9.805874310262462e-08,2.923868401339643e-07
EFT:1.0104241096782794e-05,2.122547334954209e-06,1.987322000788117e-05,0.499281670416237,6.935296550282277e-09,0.4992816704162441,2.6320519398807075e-09,0.0014041591461476227,9.805874310262393e-08,2.9238684013396224e-07
Random3068
Raw:1.0104241096782938e-05,2.122547334954209e-06,1.987322000788117e-05,0.499281670416237,6.9352965502823754e-09,0.4992816704162441,2.632051939880745e-09,0.0014041591461476227,9.805874310262393e-08,2.9238684013396637e-07
EFT:1.0104241096782794e-05,2.122547334954209e-06,1.987322000788117e-05,0.499281670416237,6.935296550282277e-09,0.4992816704162441,2.6320519398807075e-09,0.0014041591461476227,9.805874310262393e-08,2.9238684013396224e-07
Random3069
Raw:1.0104241096782794e-05,2.1225473349541788e-06,1.9873220007880885e-05,0.499281670416237,6.935296550282277e-09,0.4992816704162441,2.632051939880745e-09,0.0014041591461476026,9.805874310262254e-08,2.9238684013396224e-07
EFT:1.0104241096782794e-05,2.122547334954209e-06,1.987322000788117e-05,0.499281670416237,6.935296550282277e-09,0.4992816704162441,2.6320519398807075e-09,0.0014041591461476227,9.805874310262393e-08,2.9238684013396224e-07
Random3070
Raw:1.0104241096783009e-05,2.122547334954224e-06,1.9873220007881028e-05,0.49928167041623345,6.935296550282424e-09,0.49928167041624766,2.632051939880801e-09,0.0014041591461476327,9.805874310262601e-08,2.923868401339685e-07
EFT:1.0104241096782794e-05,2.122547334954209e-06,1.987322000788117e-05,0.499281670416237,6.935296550282277e-09,0.4992816704162441,2.6320519398807075e-09,0.0014041591461476227,9.805874310262393e-08,2.9238684013396224e-07
Random3071
Raw:1.0104241096782867e-05,2.122547334954194e-06,1.9873220007881028e-05,0.49928167041624055,6.935296550282326e-09,0.49928167041624055,2.6320519398807265e-09,0.0014041591461476128,9.805874310262323e-08,2.923868401339643e-07
EFT:1.0104241096782794e-05,2.122547334954209e-06,1.987322000788117e-05,0.499281670416237,6.935296550282277e-09,0.4992816704162441,2.6320519398807075e-09,0.0014041591461476227,9.805874310262393e-08,2.9238684013396224e-07
Random3072
Raw:1.0104241096782794e-05,2.122547334954209e-06,1.9873220007880885e-05,0.499281670416237,6.935296550282277e-09,0.4992816704162441,2.6320519398807075e-09,0.0014041591461476026,9.805874310262393e-08,2.9238684013396224e-07
EFT:1.0104241096782794e-05,2.122547334954209e-06,1.987322000788117e-05,0.499281670416237,6.935296550282277e-09,0.4992816704162441,2.6320519398807075e-09,0.0014041591461476227,9.805874310262393e-08,2.9238684013396224e-07
Random3073
Raw:1.0104241096782938e-05,2.122547334954239e-06,1.987322000788117e-05,0.499281670416237,6.9352965502823754e-09,0.4992816704162441,2.6320519398807824e-09,0.0014041591461476227,9.805874310262532e-08,2.9238684013396637e-07
EFT:1.0104241096782794e-05,2.122547334954209e-06,1.987322000788117e-05,0.499281670416237,6.935296550282277e-09,0.4992816704162441,2.6320519398807075e-09,0.0014041591461476227,9.805874310262393e-08,2.9238684013396224e-07
Random3074
Raw:1.0104241096782794e-05,2.122547334954209e-06,1.987322000788117e-05,0.499281670416237,6.935296550282277e-09,0.4992816704162441,2.632051939880745e-09,0.0014041591461476227,9.805874310262254e-08,2.9238684013396224e-07
EFT:1.0104241096782794e-05,2.122547334954209e-06,1.987322000788117e-05,0.499281670416237,6.935296550282277e-09,0.4992816704162441,2.6320519398807075e-09,0.0014041591461476227,9.805874310262393e-08,2.9238684013396224e-07
Random3075
Raw:1.0104241096782938e-05,2.122547334954239e-06,1.987322000788145e-05,0.499281670416237,6.935296550282277e-09,0.4992816704162441,2.632051939880745e-09,0.0014041591461476427,9.805874310262393e-08,2.9238684013396637e-07
EFT:1.0104241096782794e-05,2.122547334954209e-06,1.987322000788117e-05,0.499281670416237,6.935296550282277e-09,0.4992816704162441,2.6320519398807075e-09,0.0014041591461476227,9.805874310262393e-08,2.9238684013396224e-07
Random3076
Raw:1.0104241096782938e-05,2.122547334954209e-06,1.987322000788117e-05,0.499281670416237,6.935296550282277e-09,0.4992816704162441,2.632051939880745e-09,0.0014041591461476227,9.805874310262532e-08,2.9238684013396224e-07
EFT:1.0104241096782794e-05,2.122547334954209e-06,1.987322000788117e-05,0.499281670416237,6.935296550282277e-09,0.4992816704162441,2.6320519398807075e-09,0.0014041591461476227,9.805874310262393e-08,2.9238684013396224e-07
Random3077
Raw:1.0104241096782938e-05,2.122547334954209e-06,1.9873220007880885e-05,0.499281670416237,6.935296550282277e-09,0.4992816704162441,2.632051939880745e-09,0.0014041591461476227,9.805874310262532e-08,2.9238684013396224e-07
EFT:1.0104241096782794e-05,2.122547334954209e-06,1.987322000788117e-05,0.499281670416237,6.935296550282277e-09,0.4992816704162441,2.6320519398807075e-09,0.0014041591461476227,9.805874310262393e-08,2.9238684013396224e-07
Random3078
Raw:1.0104241096782938e-05,2.122547334954209e-06,1.987322000788117e-05,0.499281670416237,6.935296550282277e-09,0.4992816704162441,2.632051939880745e-09,0.0014041591461476227,9.805874310262532e-08,2.9238684013396224e-07
EFT:1.0104241096782794e-05,2.122547334954209e-06,1.987322000788117e-05,0.499281670416237,6.935296550282277e-09,0.4992816704162441,2.6320519398807075e-09,0.0014041591461476227,9.805874310262393e-08,2.9238684013396224e-07
Random3079
Raw:1.0104241096782938e-05,2.122547334954209e-06,1.987322000788117e-05,0.499281670416237,6.935296550282277e-09,0.4992816704162441,2.632051939880745e-09,0.0014041591461476427,9.805874310262393e-08,2.9238684013396224e-07
EFT:1.0104241096782794e-05,2.122547334954209e-06,1.987322000788117e-05,0.499281670416237,6.935296550282277e-09,0.4992816704162441,2.6320519398807075e-09,0.0014041591461476227,9.805874310262393e-08,2.9238684013396224e-07
Random3080
Raw:1.0104241096782938e-05,2.1225473349541788e-06,1.9873220007880885e-05,0.499281670416237,6.935296550282277e-09,0.4992816704162441,2.632051939880745e-09,0.0014041591461476026,9.805874310262532e-08,2.9238684013396224e-07
EFT:1.0104241096782794e-05,2.122547334954209e-06,1.987322000788117e-05,0.499281670416237,6.935296550282277e-09,0.4992816704162441,2.6320519398807075e-09,0.0014041591461476227,9.805874310262393e-08,2.9238684013396224e-07
Random3081
Raw:1.0104241096782867e-05,2.122547334954224e-06,1.987322000788131e-05,0.49928167041624055,6.935296550282326e-09,0.49928167041624055,2.6320519398807265e-09,0.0014041591461476327,9.805874310262602e-08,2.923868401339643e-07
EFT:1.0104241096782794e-05,2.122547334954209e-06,1.987322000788117e-05,0.499281670416237,6.935296550282277e-09,0.4992816704162441,2.6320519398807075e-09,0.0014041591461476227,9.805874310262393e-08,2.9238684013396224e-07
Random3082
Raw:1.0104241096782867e-05,2.122547334954224e-06,1.987322000788131e-05,0.49928167041624055,6.935296550282326e-09,0.49928167041624055,2.6320519398807265e-09,0.0014041591461476327,9.805874310262462e-08,2.923868401339643e-07
EFT:1.0104241096782794e-05,2.122547334954209e-06,1.987322000788117e-05,0.499281670416237,6.935296550282277e-09,0.4992816704162441,2.6320519398807075e-09,0.0014041591461476227,9.805874310262393e-08,2.9238684013396224e-07
Random3083
Raw:1.0104241096783009e-05,2.122547334954224e-06,1.9873220007881028e-05,0.49928167041623345,6.935296550282327e-09,0.49928167041624766,2.6320519398807638e-09,0.0014041591461476327,9.805874310262601e-08,2.9238684013396436e-07
EFT:1.0104241096782794e-05,2.122547334954209e-06,1.987322000788117e-05,0.499281670416237,6.935296550282277e-09,0.4992816704162441,2.6320519398807075e-09,0.0014041591461476227,9.805874310262393e-08,2.9238684013396224e-07
Random3084
Raw:1.0104241096782938e-05,2.122547334954209e-06,1.987322000788117e-05,0.499281670416237,6.9352965502823754e-09,0.4992816704162441,2.632051939880745e-09,0.0014041591461476227,9.805874310262393e-08,2.9238684013396637e-07
EFT:1.0104241096782794e-05,2.122547334954209e-06,1.987322000788117e-05,0.499281670416237,6.935296550282277e-09,0.4992816704162441,2.6320519398807075e-09,0.0014041591461476227,9.805874310262393e-08,2.9238684013396224e-07
Random3085
Raw:1.0104241096782938e-05,2.122547334954209e-06,1.9873220007880885e-05,0.499281670416237,6.935296550282277e-09,0.4992816704162441,2.632051939880745e-09,0.0014041591461476227,9.805874310262532e-08,2.9238684013396224e-07
EFT:1.0104241096782794e-05,2.122547334954209e-06,1.987322000788117e-05,0.499281670416237,6.935296550282277e-09,0.4992816704162441,2.6320519398807075e-09,0.0014041591461476227,9.805874310262393e-08,2.9238684013396224e-07
Random3086
Raw:1.0104241096782867e-05,2.122547334954224e-06,1.9873220007881028e-05,0.49928167041624055,6.935296550282326e-09,0.49928167041624055,2.6320519398807638e-09,0.0014041591461476128,9.805874310262462e-08,2.923868401339643e-07
EFT:1.0104241096782794e-05,2.122547334954209e-06,1.987322000788117e-05,0.499281670416237,6.935296550282277e-09,0.4992816704162441,2.6320519398807075e-09,0.0014041591461476227,9.805874310262393e-08,2.9238684013396224e-07
Random3087
Raw:1.0104241096782867e-05,2.122547334954194e-06,1.9873220007881028e-05,0.49928167041624055,6.935296550282326e-09,0.49928167041624055,2.6320519398807265e-09,0.0014041591461476128,9.805874310262602e-08,2.923868401339643e-07
EFT:1.0104241096782794e-05,2.122547334954209e-06,1.987322000788117e-05,0.499281670416237,6.935296550282277e-09,0.4992816704162441,2.6320519398807075e-09,0.0014041591461476227,9.805874310262393e-08,2.9238684013396224e-07
Random3088
Raw:1.0104241096782938e-05,2.122547334954239e-06,1.987322000788117e-05,0.499281670416237,6.935296550282277e-09,0.4992816704162441,2.632051939880745e-09,0.0014041591461476227,9.805874310262532e-08,2.9238684013396224e-07
EFT:1.0104241096782794e-05,2.122547334954209e-06,1.987322000788117e-05,0.499281670416237,6.935296550282277e-09,0.4992816704162441,2.6320519398807075e-09,0.0014041591461476227,9.805874310262393e-08,2.9238684013396224e-07
Random3089
Raw:1.0104241096782938e-05,2.122547334954239e-06,1.9873220007880885e-05,0.499281670416237,6.935296550282277e-09,0.4992816704162441,2.632051939880745e-09,0.0014041591461476227,9.805874310262532e-08,2.9238684013396224e-07
EFT:1.0104241096782794e-05,2.122547334954209e-06,1.987322000788117e-05,0.499281670416237,6.935296550282277e-09,0.4992816704162441,2.6320519398807075e-09,0.0014041591461476227,9.805874310262393e-08,2.9238684013396224e-07
Random3090
Raw:1.0104241096783009e-05,2.122547334954224e-06,1.987322000788131e-05,0.49928167041623345,6.935296550282327e-09,0.49928167041624766,2.6320519398807638e-09,0.0014041591461476327,9.805874310262601e-08,2.9238684013396436e-07
EFT:1.0104241096782794e-05,2.122547334954209e-06,1.987322000788117e-05,0.499281670416237,6.935296550282277e-09,0.4992816704162441,2.6320519398807075e-09,0.0014041591461476227,9.805874310262393e-08,2.9238684013396224e-07
Random3091
Raw:1.0104241096782938e-05,2.122547334954239e-06,1.9873220007880885e-05,0.499281670416237,6.935296550282277e-09,0.4992816704162441,2.632051939880745e-09,0.0014041591461476227,9.805874310262532e-08,2.9238684013396224e-07
EFT:1.0104241096782794e-05,2.122547334954209e-06,1.987322000788117e-05,0.499281670416237,6.935296550282277e-09,0.4992816704162441,2.6320519398807075e-09,0.0014041591461476227,9.805874310262393e-08,2.9238684013396224e-07
Random3092
Raw:1.0104241096782938e-05,2.122547334954209e-06,1.987322000788117e-05,0.499281670416237,6.9352965502823754e-09,0.4992816704162441,2.632051939880745e-09,0.0014041591461476227,9.805874310262532e-08,2.9238684013396637e-07
EFT:1.0104241096782794e-05,2.122547334954209e-06,1.987322000788117e-05,0.499281670416237,6.935296550282277e-09,0.4992816704162441,2.6320519398807075e-09,0.0014041591461476227,9.805874310262393e-08,2.9238684013396224e-07
Random3093
Raw:1.0104241096782938e-05,2.122547334954209e-06,1.9873220007880885e-05,0.499281670416237,6.9352965502823754e-09,0.4992816704162441,2.6320519398807824e-09,0.0014041591461476227,9.805874310262532e-08,2.9238684013396637e-07
EFT:1.0104241096782794e-05,2.122547334954209e-06,1.987322000788117e-05,0.499281670416237,6.935296550282277e-09,0.4992816704162441,2.6320519398807075e-09,0.0014041591461476227,9.805874310262393e-08,2.9238684013396224e-07
Random3094
Raw:1.0104241096782938e-05,2.122547334954209e-06,1.987322000788117e-05,0.499281670416237,6.9352965502823754e-09,0.4992816704162441,2.632051939880745e-09,0.0014041591461476227,9.805874310262532e-08,2.9238684013396637e-07
EFT:1.0104241096782794e-05,2.122547334954209e-06,1.987322000788117e-05,0.499281670416237,6.935296550282277e-09,0.4992816704162441,2.6320519398807075e-09,0.0014041591461476227,9.805874310262393e-08,2.9238684013396224e-07
Random3095
Raw:1.0104241096782938e-05,2.122547334954209e-06,1.987322000788117e-05,0.499281670416237,6.9352965502823754e-09,0.4992816704162441,2.6320519398807824e-09,0.0014041591461476227,9.805874310262532e-08,2.9238684013396637e-07
EFT:1.0104241096782794e-05,2.122547334954209e-06,1.987322000788117e-05,0.499281670416237,6.935296550282277e-09,0.4992816704162441,2.6320519398807075e-09,0.0014041591461476227,9.805874310262393e-08,2.9238684013396224e-07
Random3096
Raw:1.0104241096782938e-05,2.122547334954239e-06,1.987322000788145e-05,0.4992816704162441,6.9352965502823754e-09,0.499281670416237,2.632051939880745e-09,0.0014041591461476427,9.805874310262532e-08,2.9238684013396637e-07
EFT:1.0104241096782794e-05,2.122547334954209e-06,1.987322000788117e-05,0.499281670416237,6.935296550282277e-09,0.4992816704162441,2.6320519398807075e-09,0.0014041591461476227,9.805874310262393e-08,2.9238684013396224e-07
Random3097
Raw:1.0104241096782867e-05,2.122547334954224e-06,1.9873220007881028e-05,0.49928167041624055,6.935296550282326e-09,0.49928167041624055,2.6320519398807265e-09,0.0014041591461476327,9.805874310262323e-08,2.923868401339643e-07
EFT:1.0104241096782794e-05,2.122547334954209e-06,1.987322000788117e-05,0.499281670416237,6.935296550282277e-09,0.4992816704162441,2.6320519398807075e-09,0.0014041591461476227,9.805874310262393e-08,2.9238684013396224e-07
Random3098
Raw:1.0104241096782865e-05,2.122547334954194e-06,1.9873220007881028e-05,0.49928167041623345,6.935296550282228e-09,0.49928167041624766,2.632051939880726e-09,0.0014041591461476126,9.805874310262462e-08,2.9238684013396436e-07
EFT:1.0104241096782794e-05,2.122547334954209e-06,1.987322000788117e-05,0.499281670416237,6.935296550282277e-09,0.4992816704162441,2.6320519398807075e-09,0.0014041591461476227,9.805874310262393e-08,2.9238684013396224e-07
Random3099
Raw:1.0104241096782938e-05,2.122547334954209e-06,1.987322000788117e-05,0.499281670416237,6.935296550282277e-09,0.4992816704162441,2.632051939880745e-09,0.0014041591461476227,9.805874310262532e-08,2.9238684013396224e-07
EFT:1.0104241096782794e-05,2.122547334954209e-06,1.987322000788117e-05,0.499281670416237,6.935296550282277e-09,0.4992816704162441,2.6320519398807075e-09,0.0014041591461476227,9.805874310262393e-08,2.9238684013396224e-07
Random3100
Raw:1.0104241096782867e-05,2.122547334954194e-06,1.9873220007881028e-05,0.49928167041624055,6.935296550282326e-09,0.49928167041624055,2.6320519398807265e-09,0.0014041591461476128,9.805874310262323e-08,2.923868401339643e-07
EFT:1.0104241096782794e-05,2.122547334954209e-06,1.987322000788117e-05,0.499281670416237,6.935296550282277e-09,0.4992816704162441,2.6320519398807075e-09,0.0014041591461476227,9.805874310262393e-08,2.9238684013396224e-07
Random3101
Raw:1.0104241096782938e-05,2.122547334954209e-06,1.987322000788117e-05,0.499281670416237,6.935296550282277e-09,0.4992816704162441,2.632051939880745e-09,0.0014041591461476227,9.805874310262532e-08,2.9238684013396224e-07
EFT:1.0104241096782794e-05,2.122547334954209e-06,1.987322000788117e-05,0.499281670416237,6.935296550282277e-09,0.4992816704162441,2.6320519398807075e-09,0.0014041591461476227,9.805874310262393e-08,2.9238684013396224e-07
Random3102
Raw:1.0104241096782938e-05,2.122547334954209e-06,1.987322000788117e-05,0.499281670416237,6.9352965502823754e-09,0.4992816704162441,2.632051939880745e-09,0.0014041591461476227,9.805874310262393e-08,2.9238684013396637e-07
EFT:1.0104241096782794e-05,2.122547334954209e-06,1.987322000788117e-05,0.499281670416237,6.935296550282277e-09,0.4992816704162441,2.6320519398807075e-09,0.0014041591461476227,9.805874310262393e-08,2.9238684013396224e-07
Random3103
Raw:1.0104241096782867e-05,2.122547334954224e-06,1.9873220007881028e-05,0.49928167041624055,6.935296550282326e-09,0.49928167041624055,2.6320519398807265e-09,0.0014041591461476128,9.805874310262462e-08,2.923868401339643e-07
EFT:1.0104241096782794e-05,2.122547334954209e-06,1.987322000788117e-05,0.499281670416237,6.935296550282277e-09,0.4992816704162441,2.6320519398807075e-09,0.0014041591461476227,9.805874310262393e-08,2.9238684013396224e-07
Random3104
Raw:1.0104241096782867e-05,2.1225473349542546e-06,1.987322000788131e-05,0.49928167041624055,6.935296550282326e-09,0.49928167041624055,2.6320519398807638e-09,0.0014041591461476128,9.805874310262462e-08,2.923868401339643e-07
EFT:1.0104241096782794e-05,2.122547334954209e-06,1.987322000788117e-05,0.499281670416237,6.935296550282277e-09,0.4992816704162441,2.6320519398807075e-09,0.0014041591461476227,9.805874310262393e-08,2.9238684013396224e-07
Random3105
Raw:1.0104241096782938e-05,2.122547334954239e-06,1.987322000788117e-05,0.499281670416237,6.935296550282277e-09,0.4992816704162441,2.632051939880745e-09,0.0014041591461476427,9.805874310262532e-08,2.9238684013396224e-07
EFT:1.0104241096782794e-05,2.122547334954209e-06,1.987322000788117e-05,0.499281670416237,6.935296550282277e-09,0.4992816704162441,2.6320519398807075e-09,0.0014041591461476227,9.805874310262393e-08,2.9238684013396224e-07
Random3106
Raw:1.0104241096782867e-05,2.122547334954224e-06,1.9873220007881028e-05,0.49928167041624055,6.935296550282326e-09,0.49928167041624055,2.6320519398807265e-09,0.0014041591461476128,9.805874310262462e-08,2.923868401339643e-07
EFT:1.0104241096782794e-05,2.122547334954209e-06,1.987322000788117e-05,0.499281670416237,6.935296550282277e-09,0.4992816704162441,2.6320519398807075e-09,0.0014041591461476227,9.805874310262393e-08,2.9238684013396224e-07
Random3107
Raw:1.0104241096782938e-05,2.122547334954239e-06,1.9873220007880885e-05,0.499281670416237,6.935296550282277e-09,0.4992816704162441,2.632051939880745e-09,0.0014041591461476227,9.805874310262532e-08,2.9238684013396224e-07
EFT:1.0104241096782794e-05,2.122547334954209e-06,1.987322000788117e-05,0.499281670416237,6.935296550282277e-09,0.4992816704162441,2.6320519398807075e-09,0.0014041591461476227,9.805874310262393e-08,2.9238684013396224e-07
Random3108
Raw:1.0104241096782867e-05,2.122547334954224e-06,1.9873220007881028e-05,0.49928167041624055,6.935296550282326e-09,0.49928167041624055,2.6320519398807265e-09,0.0014041591461476327,9.805874310262323e-08,2.923868401339643e-07
EFT:1.0104241096782794e-05,2.122547334954209e-06,1.987322000788117e-05,0.499281670416237,6.935296550282277e-09,0.4992816704162441,2.6320519398807075e-09,0.0014041591461476227,9.805874310262393e-08,2.9238684013396224e-07
Random3109
Raw:1.0104241096782867e-05,2.122547334954194e-06,1.9873220007881028e-05,0.49928167041624055,6.935296550282326e-09,0.49928167041624055,2.6320519398807265e-09,0.0014041591461476128,9.805874310262602e-08,2.923868401339643e-07
EFT:1.0104241096782794e-05,2.122547334954209e-06,1.987322000788117e-05,0.499281670416237,6.935296550282277e-09,0.4992816704162441,2.6320519398807075e-09,0.0014041591461476227,9.805874310262393e-08,2.9238684013396224e-07
Random3110
Raw:1.0104241096782938e-05,2.122547334954209e-06,1.987322000788117e-05,0.499281670416237,6.935296550282277e-09,0.4992816704162441,2.632051939880745e-09,0.0014041591461476227,9.805874310262393e-08,2.9238684013396637e-07
EFT:1.0104241096782794e-05,2.122547334954209e-06,1.987322000788117e-05,0.499281670416237,6.935296550282277e-09,0.4992816704162441,2.6320519398807075e-09,0.0014041591461476227,9.805874310262393e-08,2.9238684013396224e-07
Random3111
Raw:1.0104241096782867e-05,2.122547334954224e-06,1.987322000788131e-05,0.49928167041624055,6.935296550282326e-09,0.49928167041624055,2.6320519398807265e-09,0.0014041591461476327,9.805874310262323e-08,2.923868401339643e-07
EFT:1.0104241096782794e-05,2.122547334954209e-06,1.987322000788117e-05,0.499281670416237,6.935296550282277e-09,0.4992816704162441,2.6320519398807075e-09,0.0014041591461476227,9.805874310262393e-08,2.9238684013396224e-07
Random3112
Raw:1.0104241096782938e-05,2.122547334954209e-06,1.987322000788117e-05,0.499281670416237,6.9352965502823754e-09,0.4992816704162441,2.632051939880745e-09,0.0014041591461476227,9.805874310262672e-08,2.9238684013396637e-07
EFT:1.0104241096782794e-05,2.122547334954209e-06,1.987322000788117e-05,0.499281670416237,6.935296550282277e-09,0.4992816704162441,2.6320519398807075e-09,0.0014041591461476227,9.805874310262393e-08,2.9238684013396224e-07
Random3113
Raw:1.0104241096782867e-05,2.122547334954224e-06,1.987322000788131e-05,0.49928167041624055,6.935296550282326e-09,0.49928167041624055,2.6320519398807638e-09,0.0014041591461476327,9.805874310262462e-08,2.923868401339643e-07
EFT:1.0104241096782794e-05,2.122547334954209e-06,1.987322000788117e-05,0.499281670416237,6.935296550282277e-09,0.4992816704162441,2.6320519398807075e-09,0.0014041591461476227,9.805874310262393e-08,2.9238684013396224e-07
Random3114
Raw:1.010424109678301e-05,2.1225473349542546e-06,1.987322000788131e-05,0.49928167041624055,6.935296550282425e-09,0.49928167041624055,2.6320519398807638e-09,0.0014041591461476527,9.805874310262462e-08,2.923868401339643e-07
EFT:1.0104241096782794e-05,2.122547334954209e-06,1.987322000788117e-05,0.499281670416237,6.935296550282277e-09,0.4992816704162441,2.6320519398807075e-09,0.0014041591461476227,9.805874310262393e-08,2.9238684013396224e-07
Random3115
Raw:1.0104241096782867e-05,2.122547334954224e-06,1.987322000788131e-05,0.49928167041624055,6.935296550282326e-09,0.49928167041624055,2.6320519398807265e-09,0.0014041591461476327,9.805874310262323e-08,2.923868401339643e-07
EFT:1.0104241096782794e-05,2.122547334954209e-06,1.987322000788117e-05,0.499281670416237,6.935296550282277e-09,0.4992816704162441,2.6320519398807075e-09,0.0014041591461476227,9.805874310262393e-08,2.9238684013396224e-07
Random3116
Raw:1.0104241096782938e-05,2.122547334954239e-06,1.987322000788117e-05,0.499281670416237,6.935296550282277e-09,0.4992816704162441,2.632051939880745e-09,0.0014041591461476227,9.805874310262532e-08,2.9238684013396224e-07
EFT:1.0104241096782794e-05,2.122547334954209e-06,1.987322000788117e-05,0.499281670416237,6.935296550282277e-09,0.4992816704162441,2.6320519398807075e-09,0.0014041591461476227,9.805874310262393e-08,2.9238684013396224e-07
Random3117
Raw:1.0104241096782867e-05,2.122547334954224e-06,1.987322000788131e-05,0.49928167041624055,6.935296550282326e-09,0.49928167041624055,2.6320519398807265e-09,0.0014041591461476327,9.805874310262602e-08,2.923868401339643e-07
EFT:1.0104241096782794e-05,2.122547334954209e-06,1.987322000788117e-05,0.499281670416237,6.935296550282277e-09,0.4992816704162441,2.6320519398807075e-09,0.0014041591461476227,9.805874310262393e-08,2.9238684013396224e-07
Random3118
Raw:1.0104241096783009e-05,2.122547334954194e-06,1.9873220007881028e-05,0.49928167041623345,6.935296550282327e-09,0.49928167041624766,2.6320519398807638e-09,0.0014041591461476126,9.805874310262601e-08,2.9238684013396436e-07
EFT:1.0104241096782794e-05,2.122547334954209e-06,1.987322000788117e-05,0.499281670416237,6.935296550282277e-09,0.4992816704162441,2.6320519398807075e-09,0.0014041591461476227,9.805874310262393e-08,2.9238684013396224e-07
Random3119
Raw:1.0104241096782867e-05,2.122547334954194e-06,1.9873220007881028e-05,0.49928167041624055,6.935296550282326e-09,0.49928167041624055,2.6320519398807265e-09,0.0014041591461476128,9.805874310262323e-08,2.923868401339643e-07
EFT:1.0104241096782794e-05,2.122547334954209e-06,1.987322000788117e-05,0.499281670416237,6.935296550282277e-09,0.4992816704162441,2.6320519398807075e-09,0.0014041591461476227,9.805874310262393e-08,2.9238684013396224e-07
Random3120
Raw:1.0104241096782938e-05,2.122547334954239e-06,1.987322000788145e-05,0.499281670416237,6.935296550282277e-09,0.4992816704162441,2.632051939880745e-09,0.0014041591461476427,9.805874310262532e-08,2.9238684013396224e-07
EFT:1.0104241096782794e-05,2.122547334954209e-06,1.987322000788117e-05,0.499281670416237,6.935296550282277e-09,0.4992816704162441,2.6320519398807075e-09,0.0014041591461476227,9.805874310262393e-08,2.9238684013396224e-07
Random3121
Raw:1.0104241096783009e-05,2.122547334954224e-06,1.987322000788131e-05,0.49928167041623345,6.935296550282327e-09,0.49928167041624766,2.6320519398807638e-09,0.0014041591461476327,9.805874310262601e-08,2.9238684013396436e-07
EFT:1.0104241096782794e-05,2.122547334954209e-06,1.987322000788117e-05,0.499281670416237,6.935296550282277e-09,0.4992816704162441,2.6320519398807075e-09,0.0014041591461476227,9.805874310262393e-08,2.9238684013396224e-07
Random3122
Raw:1.0104241096782867e-05,2.122547334954194e-06,1.9873220007881028e-05,0.49928167041624055,6.935296550282326e-09,0.49928167041624055,2.6320519398807265e-09,0.0014041591461476128,9.805874310262323e-08,2.923868401339643e-07
EFT:1.0104241096782794e-05,2.122547334954209e-06,1.987322000788117e-05,0.499281670416237,6.935296550282277e-09,0.4992816704162441,2.6320519398807075e-09,0.0014041591461476227,9.805874310262393e-08,2.9238684013396224e-07
Random3123
Raw:1.0104241096782938e-05,2.122547334954239e-06,1.987322000788117e-05,0.499281670416237,6.935296550282277e-09,0.4992816704162441,2.632051939880745e-09,0.0014041591461476427,9.805874310262532e-08,2.9238684013396224e-07
EFT:1.0104241096782794e-05,2.122547334954209e-06,1.987322000788117e-05,0.499281670416237,6.935296550282277e-09,0.4992816704162441,2.6320519398807075e-09,0.0014041591461476227,9.805874310262393e-08,2.9238684013396224e-07
Random3124
Raw:1.0104241096782938e-05,2.122547334954239e-06,1.9873220007880885e-05,0.499281670416237,6.935296550282277e-09,0.4992816704162441,2.632051939880745e-09,0.0014041591461476227,9.805874310262532e-08,2.9238684013396224e-07
EFT:1.0104241096782794e-05,2.122547334954209e-06,1.987322000788117e-05,0.499281670416237,6.935296550282277e-09,0.4992816704162441,2.6320519398807075e-09,0.0014041591461476227,9.805874310262393e-08,2.9238684013396224e-07
Random3125
Raw:1.0104241096782867e-05,2.122547334954224e-06,1.987322000788131e-05,0.49928167041624055,6.935296550282326e-09,0.49928167041624055,2.6320519398807265e-09,0.0014041591461476327,9.805874310262462e-08,2.923868401339643e-07
EFT:1.0104241096782794e-05,2.122547334954209e-06,1.987322000788117e-05,0.499281670416237,6.935296550282277e-09,0.4992816704162441,2.6320519398807075e-09,0.0014041591461476227,9.805874310262393e-08,2.9238684013396224e-07
Random3126
Raw:1.0104241096783009e-05,2.122547334954224e-06,1.9873220007881028e-05,0.49928167041623345,6.935296550282327e-09,0.49928167041624766,2.6320519398807638e-09,0.0014041591461476327,9.805874310262601e-08,2.9238684013396436e-07
EFT:1.0104241096782794e-05,2.122547334954209e-06,1.987322000788117e-05,0.499281670416237,6.935296550282277e-09,0.4992816704162441,2.6320519398807075e-09,0.0014041591461476227,9.805874310262393e-08,2.9238684013396224e-07
Random3127
Raw:1.0104241096782938e-05,2.122547334954209e-06,1.987322000788117e-05,0.499281670416237,6.9352965502823754e-09,0.4992816704162441,2.632051939880745e-09,0.0014041591461476227,9.805874310262532e-08,2.9238684013396637e-07
EFT:1.0104241096782794e-05,2.122547334954209e-06,1.987322000788117e-05,0.499281670416237,6.935296550282277e-09,0.4992816704162441,2.6320519398807075e-09,0.0014041591461476227,9.805874310262393e-08,2.9238684013396224e-07
Random3128
Raw:1.0104241096782867e-05,2.122547334954194e-06,1.9873220007881028e-05,0.49928167041624055,6.935296550282326e-09,0.49928167041624055,2.6320519398807265e-09,0.0014041591461476128,9.805874310262323e-08,2.923868401339643e-07
EFT:1.0104241096782794e-05,2.122547334954209e-06,1.987322000788117e-05,0.499281670416237,6.935296550282277e-09,0.4992816704162441,2.6320519398807075e-09,0.0014041591461476227,9.805874310262393e-08,2.9238684013396224e-07
Random3129
Raw:1.0104241096782938e-05,2.122547334954209e-06,1.987322000788117e-05,0.499281670416237,6.935296550282277e-09,0.4992816704162441,2.632051939880745e-09,0.0014041591461476427,9.805874310262393e-08,2.9238684013396224e-07
EFT:1.0104241096782794e-05,2.122547334954209e-06,1.987322000788117e-05,0.499281670416237,6.935296550282277e-09,0.4992816704162441,2.6320519398807075e-09,0.0014041591461476227,9.805874310262393e-08,2.9238684013396224e-07
Random3130
Raw:1.0104241096782938e-05,2.122547334954209e-06,1.987322000788117e-05,0.499281670416237,6.935296550282277e-09,0.4992816704162441,2.632051939880745e-09,0.0014041591461476227,9.805874310262532e-08,2.9238684013396224e-07
EFT:1.0104241096782794e-05,2.122547334954209e-06,1.987322000788117e-05,0.499281670416237,6.935296550282277e-09,0.4992816704162441,2.6320519398807075e-09,0.0014041591461476227,9.805874310262393e-08,2.9238684013396224e-07
Random3131
Raw:1.0104241096782794e-05,2.122547334954209e-06,1.987322000788117e-05,0.499281670416237,6.935296550282277e-09,0.4992816704162441,2.632051939880745e-09,0.0014041591461476227,9.805874310262254e-08,2.9238684013396224e-07
EFT:1.0104241096782794e-05,2.122547334954209e-06,1.987322000788117e-05,0.499281670416237,6.935296550282277e-09,0.4992816704162441,2.6320519398807075e-09,0.0014041591461476227,9.805874310262393e-08,2.9238684013396224e-07
Random3132
Raw:1.0104241096782938e-05,2.1225473349541788e-06,1.9873220007880885e-05,0.499281670416237,6.935296550282277e-09,0.4992816704162441,2.632051939880745e-09,0.0014041591461476026,9.805874310262532e-08,2.9238684013396224e-07
EFT:1.0104241096782794e-05,2.122547334954209e-06,1.987322000788117e-05,0.499281670416237,6.935296550282277e-09,0.4992816704162441,2.6320519398807075e-09,0.0014041591461476227,9.805874310262393e-08,2.9238684013396224e-07
Random3133
Raw:1.0104241096782938e-05,2.122547334954209e-06,1.987322000788117e-05,0.499281670416237,6.935296550282277e-09,0.4992816704162441,2.632051939880745e-09,0.0014041591461476427,9.805874310262393e-08,2.9238684013396224e-07
EFT:1.0104241096782794e-05,2.122547334954209e-06,1.987322000788117e-05,0.499281670416237,6.935296550282277e-09,0.4992816704162441,2.6320519398807075e-09,0.0014041591461476227,9.805874310262393e-08,2.9238684013396224e-07
Random3134
Raw:1.0104241096782938e-05,2.122547334954209e-06,1.987322000788117e-05,0.499281670416237,6.9352965502823754e-09,0.4992816704162441,2.632051939880745e-09,0.0014041591461476227,9.805874310262393e-08,2.9238684013396637e-07
EFT:1.0104241096782794e-05,2.122547334954209e-06,1.987322000788117e-05,0.499281670416237,6.935296550282277e-09,0.4992816704162441,2.6320519398807075e-09,0.0014041591461476227,9.805874310262393e-08,2.9238684013396224e-07
Random3135
Raw:1.0104241096782867e-05,2.122547334954224e-06,1.987322000788131e-05,0.49928167041624055,6.935296550282326e-09,0.49928167041624055,2.6320519398807265e-09,0.0014041591461476327,9.805874310262323e-08,2.923868401339643e-07
EFT:1.0104241096782794e-05,2.122547334954209e-06,1.987322000788117e-05,0.499281670416237,6.935296550282277e-09,0.4992816704162441,2.6320519398807075e-09,0.0014041591461476227,9.805874310262393e-08,2.9238684013396224e-07
Random3136
Raw:1.0104241096782867e-05,2.122547334954224e-06,1.987322000788131e-05,0.49928167041624055,6.935296550282326e-09,0.49928167041624055,2.6320519398807638e-09,0.0014041591461476128,9.805874310262462e-08,2.923868401339643e-07
EFT:1.0104241096782794e-05,2.122547334954209e-06,1.987322000788117e-05,0.499281670416237,6.935296550282277e-09,0.4992816704162441,2.6320519398807075e-09,0.0014041591461476227,9.805874310262393e-08,2.9238684013396224e-07
Random3137
Raw:1.0104241096782794e-05,2.122547334954209e-06,1.987322000788117e-05,0.499281670416237,6.935296550282277e-09,0.4992816704162441,2.6320519398807075e-09,0.0014041591461476227,9.805874310262393e-08,2.9238684013396224e-07
EFT:1.0104241096782794e-05,2.122547334954209e-06,1.987322000788117e-05,0.499281670416237,6.935296550282277e-09,0.4992816704162441,2.6320519398807075e-09,0.0014041591461476227,9.805874310262393e-08,2.9238684013396224e-07
Random3138
Raw:1.0104241096782794e-05,2.122547334954209e-06,1.987322000788117e-05,0.499281670416237,6.935296550282277e-09,0.4992816704162441,2.6320519398807075e-09,0.0014041591461476227,9.805874310262393e-08,2.9238684013396224e-07
EFT:1.0104241096782794e-05,2.122547334954209e-06,1.987322000788117e-05,0.499281670416237,6.935296550282277e-09,0.4992816704162441,2.6320519398807075e-09,0.0014041591461476227,9.805874310262393e-08,2.9238684013396224e-07
Random3139
Raw:1.0104241096783009e-05,2.122547334954224e-06,1.987322000788131e-05,0.49928167041623345,6.935296550282327e-09,0.49928167041624766,2.6320519398807638e-09,0.0014041591461476327,9.805874310262462e-08,2.923868401339685e-07
EFT:1.0104241096782794e-05,2.122547334954209e-06,1.987322000788117e-05,0.499281670416237,6.935296550282277e-09,0.4992816704162441,2.6320519398807075e-09,0.0014041591461476227,9.805874310262393e-08,2.9238684013396224e-07
Random3140
Raw:1.0104241096783009e-05,2.122547334954194e-06,1.9873220007881028e-05,0.49928167041623345,6.935296550282327e-09,0.49928167041624766,2.6320519398807638e-09,0.0014041591461476327,9.805874310262462e-08,2.9238684013396436e-07
EFT:1.0104241096782794e-05,2.122547334954209e-06,1.987322000788117e-05,0.499281670416237,6.935296550282277e-09,0.4992816704162441,2.6320519398807075e-09,0.0014041591461476227,9.805874310262393e-08,2.9238684013396224e-07
Random3141
Raw:1.0104241096782938e-05,2.122547334954239e-06,1.987322000788117e-05,0.499281670416237,6.935296550282277e-09,0.4992816704162441,2.632051939880745e-09,0.0014041591461476427,9.805874310262532e-08,2.9238684013396224e-07
EFT:1.0104241096782794e-05,2.122547334954209e-06,1.987322000788117e-05,0.499281670416237,6.935296550282277e-09,0.4992816704162441,2.6320519398807075e-09,0.0014041591461476227,9.805874310262393e-08,2.9238684013396224e-07
Random3142
Raw:1.0104241096782794e-05,2.1225473349541788e-06,1.9873220007880885e-05,0.499281670416237,6.9352965502821786e-09,0.4992816704162441,2.63205193988067e-09,0.0014041591461476227,9.805874310262393e-08,2.923868401339581e-07
EFT:1.0104241096782794e-05,2.122547334954209e-06,1.987322000788117e-05,0.499281670416237,6.935296550282277e-09,0.4992816704162441,2.6320519398807075e-09,0.0014041591461476227,9.805874310262393e-08,2.9238684013396224e-07
Random3143
Raw:1.0104241096783009e-05,2.122547334954224e-06,1.9873220007881028e-05,0.49928167041623345,6.935296550282327e-09,0.49928167041624766,2.6320519398807638e-09,0.0014041591461476327,9.805874310262601e-08,2.9238684013396436e-07
EFT:1.0104241096782794e-05,2.122547334954209e-06,1.987322000788117e-05,0.499281670416237,6.935296550282277e-09,0.4992816704162441,2.6320519398807075e-09,0.0014041591461476227,9.805874310262393e-08,2.9238684013396224e-07
Random3144
Raw:1.0104241096782938e-05,2.122547334954209e-06,1.987322000788117e-05,0.499281670416237,6.935296550282277e-09,0.4992816704162441,2.632051939880745e-09,0.0014041591461476227,9.805874310262532e-08,2.9238684013396224e-07
EFT:1.0104241096782794e-05,2.122547334954209e-06,1.987322000788117e-05,0.499281670416237,6.935296550282277e-09,0.4992816704162441,2.6320519398807075e-09,0.0014041591461476227,9.805874310262393e-08,2.9238684013396224e-07
Random3145
Raw:1.0104241096782938e-05,2.122547334954209e-06,1.987322000788117e-05,0.499281670416237,6.9352965502823754e-09,0.4992816704162441,2.632051939880745e-09,0.0014041591461476227,9.805874310262393e-08,2.9238684013396637e-07
EFT:1.0104241096782794e-05,2.122547334954209e-06,1.987322000788117e-05,0.499281670416237,6.935296550282277e-09,0.4992816704162441,2.6320519398807075e-09,0.0014041591461476227,9.805874310262393e-08,2.9238684013396224e-07
Random3146
Raw:1.0104241096783009e-05,2.122547334954224e-06,1.9873220007881028e-05,0.49928167041623345,6.935296550282424e-09,0.49928167041624766,2.6320519398808386e-09,0.0014041591461476126,9.805874310262601e-08,2.923868401339685e-07
EFT:1.0104241096782794e-05,2.122547334954209e-06,1.987322000788117e-05,0.499281670416237,6.935296550282277e-09,0.4992816704162441,2.6320519398807075e-09,0.0014041591461476227,9.805874310262393e-08,2.9238684013396224e-07
Random3147
Raw:1.0104241096782938e-05,2.122547334954209e-06,1.987322000788117e-05,0.499281670416237,6.935296550282277e-09,0.4992816704162441,2.632051939880745e-09,0.0014041591461476427,9.805874310262393e-08,2.9238684013396224e-07
EFT:1.0104241096782794e-05,2.122547334954209e-06,1.987322000788117e-05,0.499281670416237,6.935296550282277e-09,0.4992816704162441,2.6320519398807075e-09,0.0014041591461476227,9.805874310262393e-08,2.9238684013396224e-07
Random3148
Raw:1.0104241096782867e-05,2.122547334954194e-06,1.9873220007881028e-05,0.49928167041624055,6.935296550282326e-09,0.49928167041624055,2.6320519398807265e-09,0.0014041591461476128,9.805874310262602e-08,2.923868401339643e-07
EFT:1.0104241096782794e-05,2.122547334954209e-06,1.987322000788117e-05,0.499281670416237,6.935296550282277e-09,0.4992816704162441,2.6320519398807075e-09,0.0014041591461476227,9.805874310262393e-08,2.9238684013396224e-07
Random3149
Raw:1.0104241096782938e-05,2.122547334954239e-06,1.987322000788117e-05,0.499281670416237,6.935296550282277e-09,0.4992816704162441,2.632051939880745e-09,0.0014041591461476427,9.805874310262532e-08,2.9238684013396224e-07
EFT:1.0104241096782794e-05,2.122547334954209e-06,1.987322000788117e-05,0.499281670416237,6.935296550282277e-09,0.4992816704162441,2.6320519398807075e-09,0.0014041591461476227,9.805874310262393e-08,2.9238684013396224e-07
Random3150
Raw:1.0104241096782938e-05,2.122547334954209e-06,1.987322000788117e-05,0.499281670416237,6.935296550282277e-09,0.4992816704162441,2.632051939880745e-09,0.0014041591461476427,9.805874310262393e-08,2.9238684013396224e-07
EFT:1.0104241096782794e-05,2.122547334954209e-06,1.987322000788117e-05,0.499281670416237,6.935296550282277e-09,0.4992816704162441,2.6320519398807075e-09,0.0014041591461476227,9.805874310262393e-08,2.9238684013396224e-07
Random3151
Raw:1.0104241096782867e-05,2.122547334954224e-06,1.987322000788131e-05,0.49928167041624055,6.935296550282228e-09,0.49928167041624055,2.632051939880689e-09,0.0014041591461476327,9.805874310262462e-08,2.923868401339602e-07
EFT:1.0104241096782794e-05,2.122547334954209e-06,1.987322000788117e-05,0.499281670416237,6.935296550282277e-09,0.4992816704162441,2.6320519398807075e-09,0.0014041591461476227,9.805874310262393e-08,2.9238684013396224e-07
Random3152
Raw:1.0104241096782938e-05,2.122547334954209e-06,1.987322000788117e-05,0.499281670416237,6.9352965502823754e-09,0.4992816704162441,2.632051939880745e-09,0.0014041591461476227,9.805874310262672e-08,2.9238684013396637e-07
EFT:1.0104241096782794e-05,2.122547334954209e-06,1.987322000788117e-05,0.499281670416237,6.935296550282277e-09,0.4992816704162441,2.6320519398807075e-09,0.0014041591461476227,9.805874310262393e-08,2.9238684013396224e-07
Random3153
Raw:1.0104241096783009e-05,2.122547334954224e-06,1.987322000788131e-05,0.49928167041623345,6.935296550282327e-09,0.49928167041624766,2.6320519398807638e-09,0.0014041591461476327,9.805874310262462e-08,2.923868401339685e-07
EFT:1.0104241096782794e-05,2.122547334954209e-06,1.987322000788117e-05,0.499281670416237,6.935296550282277e-09,0.4992816704162441,2.6320519398807075e-09,0.0014041591461476227,9.805874310262393e-08,2.9238684013396224e-07
Random3154
Raw:1.0104241096782867e-05,2.122547334954224e-06,1.987322000788131e-05,0.49928167041624055,6.935296550282326e-09,0.49928167041624055,2.6320519398807265e-09,0.0014041591461476327,9.805874310262462e-08,2.923868401339643e-07
EFT:1.0104241096782794e-05,2.122547334954209e-06,1.987322000788117e-05,0.499281670416237,6.935296550282277e-09,0.4992816704162441,2.6320519398807075e-09,0.0014041591461476227,9.805874310262393e-08,2.9238684013396224e-07
Random3155
Raw:1.0104241096782938e-05,2.122547334954239e-06,1.987322000788117e-05,0.499281670416237,6.935296550282277e-09,0.4992816704162441,2.632051939880745e-09,0.0014041591461476427,9.805874310262532e-08,2.9238684013396224e-07
EFT:1.0104241096782794e-05,2.122547334954209e-06,1.987322000788117e-05,0.499281670416237,6.935296550282277e-09,0.4992816704162441,2.6320519398807075e-09,0.0014041591461476227,9.805874310262393e-08,2.9238684013396224e-07
Random3156
Raw:1.0104241096782938e-05,2.122547334954209e-06,1.9873220007880885e-05,0.499281670416237,6.935296550282277e-09,0.4992816704162441,2.632051939880745e-09,0.0014041591461476227,9.805874310262393e-08,2.9238684013396224e-07
EFT:1.0104241096782794e-05,2.122547334954209e-06,1.987322000788117e-05,0.499281670416237,6.935296550282277e-09,0.4992816704162441,2.6320519398807075e-09,0.0014041591461476227,9.805874310262393e-08,2.9238684013396224e-07
Random3157
Raw:1.0104241096782865e-05,2.122547334954194e-06,1.9873220007881028e-05,0.49928167041623345,6.935296550282327e-09,0.49928167041624766,2.632051939880726e-09,0.0014041591461476126,9.805874310262462e-08,2.9238684013396436e-07
EFT:1.0104241096782794e-05,2.122547334954209e-06,1.987322000788117e-05,0.499281670416237,6.935296550282277e-09,0.4992816704162441,2.6320519398807075e-09,0.0014041591461476227,9.805874310262393e-08,2.9238684013396224e-07
Random3158
Raw:1.0104241096782938e-05,2.122547334954239e-06,1.987322000788117e-05,0.499281670416237,6.935296550282277e-09,0.4992816704162441,2.632051939880745e-09,0.0014041591461476427,9.805874310262393e-08,2.9238684013396637e-07
EFT:1.0104241096782794e-05,2.122547334954209e-06,1.987322000788117e-05,0.499281670416237,6.935296550282277e-09,0.4992816704162441,2.6320519398807075e-09,0.0014041591461476227,9.805874310262393e-08,2.9238684013396224e-07
Random3159
Raw:1.0104241096782938e-05,2.122547334954209e-06,1.987322000788117e-05,0.499281670416237,6.935296550282277e-09,0.4992816704162441,2.632051939880745e-09,0.0014041591461476427,9.805874310262393e-08,2.9238684013396224e-07
EFT:1.0104241096782794e-05,2.122547334954209e-06,1.987322000788117e-05,0.499281670416237,6.935296550282277e-09,0.4992816704162441,2.6320519398807075e-09,0.0014041591461476227,9.805874310262393e-08,2.9238684013396224e-07
Random3160
Raw:1.0104241096782867e-05,2.122547334954224e-06,1.987322000788131e-05,0.49928167041624055,6.935296550282326e-09,0.49928167041624055,2.6320519398807265e-09,0.0014041591461476327,9.805874310262462e-08,2.923868401339643e-07
EFT:1.0104241096782794e-05,2.122547334954209e-06,1.987322000788117e-05,0.499281670416237,6.935296550282277e-09,0.4992816704162441,2.6320519398807075e-09,0.0014041591461476227,9.805874310262393e-08,2.9238684013396224e-07
Random3161
Raw:1.0104241096782794e-05,2.122547334954209e-06,1.987322000788117e-05,0.499281670416237,6.9352965502821786e-09,0.4992816704162441,2.6320519398807075e-09,0.0014041591461476026,9.805874310262393e-08,2.9238684013396224e-07
EFT:1.0104241096782794e-05,2.122547334954209e-06,1.987322000788117e-05,0.499281670416237,6.935296550282277e-09,0.4992816704162441,2.6320519398807075e-09,0.0014041591461476227,9.805874310262393e-08,2.9238684013396224e-07
Random3162
Raw:1.0104241096782938e-05,2.122547334954239e-06,1.987322000788145e-05,0.499281670416237,6.935296550282277e-09,0.4992816704162441,2.632051939880745e-09,0.0014041591461476427,9.805874310262532e-08,2.9238684013396224e-07
EFT:1.0104241096782794e-05,2.122547334954209e-06,1.987322000788117e-05,0.499281670416237,6.935296550282277e-09,0.4992816704162441,2.6320519398807075e-09,0.0014041591461476227,9.805874310262393e-08,2.9238684013396224e-07
Random3163
Raw:1.0104241096782938e-05,2.122547334954209e-06,1.987322000788117e-05,0.499281670416237,6.935296550282277e-09,0.4992816704162441,2.632051939880745e-09,0.0014041591461476227,9.805874310262532e-08,2.9238684013396224e-07
EFT:1.0104241096782794e-05,2.122547334954209e-06,1.987322000788117e-05,0.499281670416237,6.935296550282277e-09,0.4992816704162441,2.6320519398807075e-09,0.0014041591461476227,9.805874310262393e-08,2.9238684013396224e-07
Random3164
Raw:1.0104241096782794e-05,2.122547334954209e-06,1.987322000788117e-05,0.499281670416237,6.935296550282277e-09,0.4992816704162441,2.632051939880745e-09,0.0014041591461476227,9.805874310262254e-08,2.9238684013396224e-07
EFT:1.0104241096782794e-05,2.122547334954209e-06,1.987322000788117e-05,0.499281670416237,6.935296550282277e-09,0.4992816704162441,2.6320519398807075e-09,0.0014041591461476227,9.805874310262393e-08,2.9238684013396224e-07
Random3165
Raw:1.0104241096782794e-05,2.122547334954239e-06,1.987322000788117e-05,0.4992816704162441,6.935296550282277e-09,0.499281670416237,2.6320519398807075e-09,0.0014041591461476227,9.805874310262393e-08,2.9238684013396224e-07
EFT:1.0104241096782794e-05,2.122547334954209e-06,1.987322000788117e-05,0.499281670416237,6.935296550282277e-09,0.4992816704162441,2.6320519398807075e-09,0.0014041591461476227,9.805874310262393e-08,2.9238684013396224e-07
Random3166
Raw:1.0104241096783009e-05,2.122547334954224e-06,1.987322000788131e-05,0.49928167041623345,6.935296550282327e-09,0.49928167041624766,2.6320519398807638e-09,0.0014041591461476327,9.805874310262601e-08,2.9238684013396436e-07
EFT:1.0104241096782794e-05,2.122547334954209e-06,1.987322000788117e-05,0.499281670416237,6.935296550282277e-09,0.4992816704162441,2.6320519398807075e-09,0.0014041591461476227,9.805874310262393e-08,2.9238684013396224e-07
Random3167
Raw:1.0104241096782867e-05,2.122547334954224e-06,1.987322000788131e-05,0.49928167041624055,6.935296550282228e-09,0.49928167041624055,2.632051939880689e-09,0.0014041591461476327,9.805874310262323e-08,2.923868401339643e-07
EFT:1.0104241096782794e-05,2.122547334954209e-06,1.987322000788117e-05,0.499281670416237,6.935296550282277e-09,0.4992816704162441,2.6320519398807075e-09,0.0014041591461476227,9.805874310262393e-08,2.9238684013396224e-07
Random3168
Raw:1.0104241096783009e-05,2.122547334954224e-06,1.9873220007881028e-05,0.49928167041623345,6.935296550282327e-09,0.49928167041624766,2.6320519398807638e-09,0.0014041591461476327,9.805874310262601e-08,2.9238684013396436e-07
EFT:1.0104241096782794e-05,2.122547334954209e-06,1.987322000788117e-05,0.499281670416237,6.935296550282277e-09,0.4992816704162441,2.6320519398807075e-09,0.0014041591461476227,9.805874310262393e-08,2.9238684013396224e-07
Random3169
Raw:1.0104241096782938e-05,2.122547334954209e-06,1.987322000788117e-05,0.499281670416237,6.9352965502823754e-09,0.4992816704162441,2.6320519398807824e-09,0.0014041591461476026,9.805874310262393e-08,2.9238684013396637e-07
EFT:1.0104241096782794e-05,2.122547334954209e-06,1.987322000788117e-05,0.499281670416237,6.935296550282277e-09,0.4992816704162441,2.6320519398807075e-09,0.0014041591461476227,9.805874310262393e-08,2.9238684013396224e-07
Random3170
Raw:1.0104241096782867e-05,2.122547334954224e-06,1.9873220007881028e-05,0.49928167041624055,6.935296550282326e-09,0.49928167041624055,2.6320519398807265e-09,0.0014041591461476327,9.805874310262602e-08,2.923868401339643e-07
EFT:1.0104241096782794e-05,2.122547334954209e-06,1.987322000788117e-05,0.499281670416237,6.935296550282277e-09,0.4992816704162441,2.6320519398807075e-09,0.0014041591461476227,9.805874310262393e-08,2.9238684013396224e-07
Random3171
Raw:1.0104241096782865e-05,2.122547334954194e-06,1.9873220007881028e-05,0.49928167041623345,6.935296550282327e-09,0.49928167041624766,2.632051939880726e-09,0.0014041591461476126,9.805874310262462e-08,2.9238684013396436e-07
EFT:1.0104241096782794e-05,2.122547334954209e-06,1.987322000788117e-05,0.499281670416237,6.935296550282277e-09,0.4992816704162441,2.6320519398807075e-09,0.0014041591461476227,9.805874310262393e-08,2.9238684013396224e-07
Random3172
Raw:1.0104241096782938e-05,2.1225473349541788e-06,1.9873220007880885e-05,0.499281670416237,6.935296550282277e-09,0.4992816704162441,2.632051939880745e-09,0.0014041591461476026,9.805874310262532e-08,2.9238684013396224e-07
EFT:1.0104241096782794e-05,2.122547334954209e-06,1.987322000788117e-05,0.499281670416237,6.935296550282277e-09,0.4992816704162441,2.6320519398807075e-09,0.0014041591461476227,9.805874310262393e-08,2.9238684013396224e-07
Random3173
Raw:1.0104241096782794e-05,2.122547334954209e-06,1.987322000788117e-05,0.499281670416237,6.9352965502821786e-09,0.4992816704162441,2.6320519398807075e-09,0.0014041591461476026,9.805874310262393e-08,2.9238684013396224e-07
EFT:1.0104241096782794e-05,2.122547334954209e-06,1.987322000788117e-05,0.499281670416237,6.935296550282277e-09,0.4992816704162441,2.6320519398807075e-09,0.0014041591461476227,9.805874310262393e-08,2.9238684013396224e-07
Random3174
Raw:1.0104241096783009e-05,2.122547334954194e-06,1.9873220007881028e-05,0.49928167041623345,6.935296550282327e-09,0.49928167041624766,2.6320519398807638e-09,0.0014041591461476126,9.805874310262601e-08,2.9238684013396436e-07
EFT:1.0104241096782794e-05,2.122547334954209e-06,1.987322000788117e-05,0.499281670416237,6.935296550282277e-09,0.4992816704162441,2.6320519398807075e-09,0.0014041591461476227,9.805874310262393e-08,2.9238684013396224e-07
Random3175
Raw:1.0104241096782938e-05,2.122547334954239e-06,1.987322000788117e-05,0.499281670416237,6.935296550282277e-09,0.4992816704162441,2.632051939880745e-09,0.0014041591461476427,9.805874310262532e-08,2.9238684013396224e-07
EFT:1.0104241096782794e-05,2.122547334954209e-06,1.987322000788117e-05,0.499281670416237,6.935296550282277e-09,0.4992816704162441,2.6320519398807075e-09,0.0014041591461476227,9.805874310262393e-08,2.9238684013396224e-07
Random3176
Raw:1.0104241096782938e-05,2.122547334954209e-06,1.987322000788117e-05,0.499281670416237,6.935296550282277e-09,0.4992816704162441,2.632051939880745e-09,0.0014041591461476427,9.805874310262393e-08,2.9238684013396224e-07
EFT:1.0104241096782794e-05,2.122547334954209e-06,1.987322000788117e-05,0.499281670416237,6.935296550282277e-09,0.4992816704162441,2.6320519398807075e-09,0.0014041591461476227,9.805874310262393e-08,2.9238684013396224e-07
Random3177
Raw:1.0104241096782867e-05,2.122547334954224e-06,1.987322000788131e-05,0.49928167041624055,6.935296550282326e-09,0.49928167041624055,2.6320519398807265e-09,0.0014041591461476327,9.805874310262323e-08,2.923868401339643e-07
EFT:1.0104241096782794e-05,2.122547334954209e-06,1.987322000788117e-05,0.499281670416237,6.935296550282277e-09,0.4992816704162441,2.6320519398807075e-09,0.0014041591461476227,9.805874310262393e-08,2.9238684013396224e-07
Random3178
Raw:1.0104241096782794e-05,2.1225473349541788e-06,1.9873220007880885e-05,0.499281670416237,6.9352965502821786e-09,0.4992816704162441,2.63205193988067e-09,0.0014041591461476227,9.805874310262393e-08,2.923868401339581e-07
EFT:1.0104241096782794e-05,2.122547334954209e-06,1.987322000788117e-05,0.499281670416237,6.935296550282277e-09,0.4992816704162441,2.6320519398807075e-09,0.0014041591461476227,9.805874310262393e-08,2.9238684013396224e-07
Random3179
Raw:1.0104241096782794e-05,2.122547334954209e-06,1.987322000788117e-05,0.499281670416237,6.935296550282277e-09,0.4992816704162441,2.632051939880745e-09,0.0014041591461476227,9.805874310262254e-08,2.9238684013396224e-07
EFT:1.0104241096782794e-05,2.122547334954209e-06,1.987322000788117e-05,0.499281670416237,6.935296550282277e-09,0.4992816704162441,2.6320519398807075e-09,0.0014041591461476227,9.805874310262393e-08,2.9238684013396224e-07
Random3180
Raw:1.0104241096783009e-05,2.122547334954194e-06,1.9873220007881028e-05,0.49928167041623345,6.935296550282327e-09,0.49928167041624766,2.6320519398807638e-09,0.0014041591461476126,9.805874310262601e-08,2.9238684013396436e-07
EFT:1.0104241096782794e-05,2.122547334954209e-06,1.987322000788117e-05,0.499281670416237,6.935296550282277e-09,0.4992816704162441,2.6320519398807075e-09,0.0014041591461476227,9.805874310262393e-08,2.9238684013396224e-07
Random3181
Raw:1.0104241096782938e-05,2.122547334954239e-06,1.987322000788117e-05,0.499281670416237,6.935296550282277e-09,0.4992816704162441,2.632051939880745e-09,0.0014041591461476427,9.805874310262532e-08,2.9238684013396224e-07
EFT:1.0104241096782794e-05,2.122547334954209e-06,1.987322000788117e-05,0.499281670416237,6.935296550282277e-09,0.4992816704162441,2.6320519398807075e-09,0.0014041591461476227,9.805874310262393e-08,2.9238684013396224e-07
Random3182
Raw:1.0104241096782938e-05,2.122547334954209e-06,1.987322000788117e-05,0.499281670416237,6.9352965502823754e-09,0.4992816704162441,2.632051939880745e-09,0.0014041591461476227,9.805874310262532e-08,2.9238684013396637e-07
EFT:1.0104241096782794e-05,2.122547334954209e-06,1.987322000788117e-05,0.499281670416237,6.935296550282277e-09,0.4992816704162441,2.6320519398807075e-09,0.0014041591461476227,9.805874310262393e-08,2.9238684013396224e-07
Random3183
Raw:1.0104241096782938e-05,2.122547334954239e-06,1.987322000788117e-05,0.499281670416237,6.9352965502823754e-09,0.4992816704162441,2.632051939880745e-09,0.0014041591461476227,9.805874310262532e-08,2.9238684013396637e-07
EFT:1.0104241096782794e-05,2.122547334954209e-06,1.987322000788117e-05,0.499281670416237,6.935296550282277e-09,0.4992816704162441,2.6320519398807075e-09,0.0014041591461476227,9.805874310262393e-08,2.9238684013396224e-07
Random3184
Raw:1.0104241096782867e-05,2.122547334954224e-06,1.987322000788131e-05,0.49928167041624055,6.935296550282326e-09,0.49928167041624055,2.6320519398807638e-09,0.0014041591461476128,9.805874310262462e-08,2.923868401339643e-07
EFT:1.0104241096782794e-05,2.122547334954209e-06,1.987322000788117e-05,0.499281670416237,6.935296550282277e-09,0.4992816704162441,2.6320519398807075e-09,0.0014041591461476227,9.805874310262393e-08,2.9238684013396224e-07
Random3185
Raw:1.0104241096782938e-05,2.122547334954209e-06,1.987322000788117e-05,0.499281670416237,6.935296550282277e-09,0.4992816704162441,2.632051939880745e-09,0.0014041591461476227,9.805874310262532e-08,2.9238684013396224e-07
EFT:1.0104241096782794e-05,2.122547334954209e-06,1.987322000788117e-05,0.499281670416237,6.935296550282277e-09,0.4992816704162441,2.6320519398807075e-09,0.0014041591461476227,9.805874310262393e-08,2.9238684013396224e-07
Random3186
Raw:1.0104241096783009e-05,2.122547334954224e-06,1.9873220007881028e-05,0.49928167041623345,6.935296550282327e-09,0.49928167041624766,2.6320519398807638e-09,0.0014041591461476327,9.805874310262601e-08,2.9238684013396436e-07
EFT:1.0104241096782794e-05,2.122547334954209e-06,1.987322000788117e-05,0.499281670416237,6.935296550282277e-09,0.4992816704162441,2.6320519398807075e-09,0.0014041591461476227,9.805874310262393e-08,2.9238684013396224e-07
Random3187
Raw:1.0104241096783009e-05,2.122547334954224e-06,1.987322000788131e-05,0.49928167041623345,6.935296550282424e-09,0.49928167041624766,2.6320519398807638e-09,0.0014041591461476327,9.805874310262601e-08,2.923868401339685e-07
EFT:1.0104241096782794e-05,2.122547334954209e-06,1.987322000788117e-05,0.499281670416237,6.935296550282277e-09,0.4992816704162441,2.6320519398807075e-09,0.0014041591461476227,9.805874310262393e-08,2.9238684013396224e-07
Random3188
Raw:1.0104241096782938e-05,2.122547334954209e-06,1.987322000788117e-05,0.499281670416237,6.9352965502823754e-09,0.4992816704162441,2.632051939880745e-09,0.0014041591461476227,9.805874310262532e-08,2.9238684013396637e-07
EFT:1.0104241096782794e-05,2.122547334954209e-06,1.987322000788117e-05,0.499281670416237,6.935296550282277e-09,0.4992816704162441,2.6320519398807075e-09,0.0014041591461476227,9.805874310262393e-08,2.9238684013396224e-07
Random3189
Raw:1.0104241096782938e-05,2.122547334954209e-06,1.987322000788117e-05,0.499281670416237,6.935296550282277e-09,0.4992816704162441,2.632051939880745e-09,0.0014041591461476427,9.805874310262393e-08,2.9238684013396224e-07
EFT:1.0104241096782794e-05,2.122547334954209e-06,1.987322000788117e-05,0.499281670416237,6.935296550282277e-09,0.4992816704162441,2.6320519398807075e-09,0.0014041591461476227,9.805874310262393e-08,2.9238684013396224e-07
Random3190
Raw:1.0104241096782867e-05,2.122547334954224e-06,1.987322000788131e-05,0.49928167041624055,6.935296550282228e-09,0.49928167041624055,2.632051939880689e-09,0.0014041591461476327,9.805874310262323e-08,2.923868401339643e-07
EFT:1.0104241096782794e-05,2.122547334954209e-06,1.987322000788117e-05,0.499281670416237,6.935296550282277e-09,0.4992816704162441,2.6320519398807075e-09,0.0014041591461476227,9.805874310262393e-08,2.9238684013396224e-07
Random3191
Raw:1.0104241096783009e-05,2.122547334954194e-06,1.9873220007881028e-05,0.49928167041623345,6.935296550282327e-09,0.49928167041624766,2.6320519398807638e-09,0.0014041591461476126,9.805874310262601e-08,2.9238684013396436e-07
EFT:1.0104241096782794e-05,2.122547334954209e-06,1.987322000788117e-05,0.499281670416237,6.935296550282277e-09,0.4992816704162441,2.6320519398807075e-09,0.0014041591461476227,9.805874310262393e-08,2.9238684013396224e-07
Random3192
Raw:1.0104241096782867e-05,2.122547334954194e-06,1.9873220007881028e-05,0.49928167041624055,6.935296550282228e-09,0.49928167041624055,2.632051939880689e-09,0.0014041591461476327,9.805874310262323e-08,2.923868401339602e-07
EFT:1.0104241096782794e-05,2.122547334954209e-06,1.987322000788117e-05,0.499281670416237,6.935296550282277e-09,0.4992816704162441,2.6320519398807075e-09,0.0014041591461476227,9.805874310262393e-08,2.9238684013396224e-07
Random3193
Raw:1.0104241096782865e-05,2.122547334954194e-06,1.9873220007881028e-05,0.49928167041623345,6.935296550282327e-09,0.49928167041624766,2.632051939880726e-09,0.0014041591461476126,9.805874310262462e-08,2.9238684013396436e-07
EFT:1.0104241096782794e-05,2.122547334954209e-06,1.987322000788117e-05,0.499281670416237,6.935296550282277e-09,0.4992816704162441,2.6320519398807075e-09,0.0014041591461476227,9.805874310262393e-08,2.9238684013396224e-07
Random3194
Raw:1.0104241096782938e-05,2.122547334954209e-06,1.987322000788117e-05,0.499281670416237,6.9352965502823754e-09,0.4992816704162441,2.632051939880745e-09,0.0014041591461476227,9.805874310262532e-08,2.9238684013396637e-07
EFT:1.0104241096782794e-05,2.122547334954209e-06,1.987322000788117e-05,0.499281670416237,6.935296550282277e-09,0.4992816704162441,2.6320519398807075e-09,0.0014041591461476227,9.805874310262393e-08,2.9238684013396224e-07
Random3195
Raw:1.0104241096782794e-05,2.122547334954209e-06,1.987322000788117e-05,0.499281670416237,6.9352965502821786e-09,0.4992816704162441,2.632051939880745e-09,0.0014041591461476227,9.805874310262254e-08,2.9238684013396224e-07
EFT:1.0104241096782794e-05,2.122547334954209e-06,1.987322000788117e-05,0.499281670416237,6.935296550282277e-09,0.4992816704162441,2.6320519398807075e-09,0.0014041591461476227,9.805874310262393e-08,2.9238684013396224e-07
Random3196
Raw:1.0104241096782867e-05,2.122547334954224e-06,1.987322000788131e-05,0.49928167041624055,6.935296550282326e-09,0.49928167041624055,2.6320519398807265e-09,0.0014041591461476327,9.805874310262323e-08,2.923868401339643e-07
EFT:1.0104241096782794e-05,2.122547334954209e-06,1.987322000788117e-05,0.499281670416237,6.935296550282277e-09,0.4992816704162441,2.6320519398807075e-09,0.0014041591461476227,9.805874310262393e-08,2.9238684013396224e-07
Random3197
Raw:1.0104241096782938e-05,2.122547334954209e-06,1.987322000788117e-05,0.499281670416237,6.9352965502823754e-09,0.4992816704162441,2.632051939880745e-09,0.0014041591461476227,9.805874310262532e-08,2.9238684013396637e-07
EFT:1.0104241096782794e-05,2.122547334954209e-06,1.987322000788117e-05,0.499281670416237,6.935296550282277e-09,0.4992816704162441,2.6320519398807075e-09,0.0014041591461476227,9.805874310262393e-08,2.9238684013396224e-07
Random3198
Raw:1.0104241096782794e-05,2.1225473349541788e-06,1.9873220007880885e-05,0.499281670416237,6.935296550282277e-09,0.4992816704162441,2.632051939880745e-09,0.0014041591461476026,9.805874310262254e-08,2.9238684013396224e-07
EFT:1.0104241096782794e-05,2.122547334954209e-06,1.987322000788117e-05,0.499281670416237,6.935296550282277e-09,0.4992816704162441,2.6320519398807075e-09,0.0014041591461476227,9.805874310262393e-08,2.9238684013396224e-07
Random3199
Raw:1.0104241096783009e-05,2.122547334954224e-06,1.987322000788131e-05,0.49928167041623345,6.935296550282327e-09,0.49928167041624766,2.6320519398807638e-09,0.0014041591461476327,9.805874310262462e-08,2.923868401339685e-07
EFT:1.0104241096782794e-05,2.122547334954209e-06,1.987322000788117e-05,0.499281670416237,6.935296550282277e-09,0.4992816704162441,2.6320519398807075e-09,0.0014041591461476227,9.805874310262393e-08,2.9238684013396224e-07
Random3200
Raw:1.0104241096782938e-05,2.122547334954209e-06,1.987322000788117e-05,0.499281670416237,6.935296550282277e-09,0.4992816704162441,2.632051939880745e-09,0.0014041591461476227,9.805874310262532e-08,2.9238684013396224e-07
EFT:1.0104241096782794e-05,2.122547334954209e-06,1.987322000788117e-05,0.499281670416237,6.935296550282277e-09,0.4992816704162441,2.6320519398807075e-09,0.0014041591461476227,9.805874310262393e-08,2.9238684013396224e-07
Random3201
Raw:1.0104241096782794e-05,2.122547334954209e-06,1.987322000788117e-05,0.4992816704162441,6.935296550282277e-09,0.499281670416237,2.63205193988067e-09,0.0014041591461476227,9.805874310262254e-08,2.9238684013396224e-07
EFT:1.0104241096782794e-05,2.122547334954209e-06,1.987322000788117e-05,0.499281670416237,6.935296550282277e-09,0.4992816704162441,2.6320519398807075e-09,0.0014041591461476227,9.805874310262393e-08,2.9238684013396224e-07
Random3202
Raw:1.0104241096782938e-05,2.122547334954209e-06,1.987322000788117e-05,0.499281670416237,6.9352965502823754e-09,0.4992816704162441,2.632051939880745e-09,0.0014041591461476227,9.805874310262393e-08,2.9238684013396637e-07
EFT:1.0104241096782794e-05,2.122547334954209e-06,1.987322000788117e-05,0.499281670416237,6.935296550282277e-09,0.4992816704162441,2.6320519398807075e-09,0.0014041591461476227,9.805874310262393e-08,2.9238684013396224e-07
Random3203
Raw:1.0104241096782938e-05,2.1225473349541788e-06,1.9873220007880885e-05,0.4992816704162299,6.935296550282277e-09,0.49928167041625116,2.632051939880745e-09,0.0014041591461476225,9.805874310262393e-08,2.9238684013396224e-07
EFT:1.0104241096782794e-05,2.122547334954209e-06,1.987322000788117e-05,0.499281670416237,6.935296550282277e-09,0.4992816704162441,2.6320519398807075e-09,0.0014041591461476227,9.805874310262393e-08,2.9238684013396224e-07
Random3204
Raw:1.0104241096782867e-05,2.122547334954224e-06,1.987322000788131e-05,0.49928167041624055,6.935296550282326e-09,0.49928167041624055,2.6320519398807638e-09,0.0014041591461476327,9.805874310262462e-08,2.923868401339643e-07
EFT:1.0104241096782794e-05,2.122547334954209e-06,1.987322000788117e-05,0.499281670416237,6.935296550282277e-09,0.4992816704162441,2.6320519398807075e-09,0.0014041591461476227,9.805874310262393e-08,2.9238684013396224e-07
Random3205
Raw:1.0104241096782867e-05,2.122547334954224e-06,1.987322000788131e-05,0.49928167041624055,6.935296550282326e-09,0.49928167041624055,2.6320519398807265e-09,0.0014041591461476327,9.805874310262602e-08,2.923868401339643e-07
EFT:1.0104241096782794e-05,2.122547334954209e-06,1.987322000788117e-05,0.499281670416237,6.935296550282277e-09,0.4992816704162441,2.6320519398807075e-09,0.0014041591461476227,9.805874310262393e-08,2.9238684013396224e-07
Random3206
Raw:1.0104241096782938e-05,2.122547334954239e-06,1.987322000788145e-05,0.499281670416237,6.935296550282277e-09,0.4992816704162441,2.632051939880745e-09,0.0014041591461476427,9.805874310262393e-08,2.9238684013396637e-07
EFT:1.0104241096782794e-05,2.122547334954209e-06,1.987322000788117e-05,0.499281670416237,6.935296550282277e-09,0.4992816704162441,2.6320519398807075e-09,0.0014041591461476227,9.805874310262393e-08,2.9238684013396224e-07
Random3207
Raw:1.0104241096782938e-05,2.1225473349541788e-06,1.9873220007880885e-05,0.499281670416237,6.935296550282277e-09,0.4992816704162441,2.632051939880745e-09,0.0014041591461476026,9.805874310262532e-08,2.9238684013396224e-07
EFT:1.0104241096782794e-05,2.122547334954209e-06,1.987322000788117e-05,0.499281670416237,6.935296550282277e-09,0.4992816704162441,2.6320519398807075e-09,0.0014041591461476227,9.805874310262393e-08,2.9238684013396224e-07
Random3208
Raw:1.0104241096783009e-05,2.122547334954224e-06,1.9873220007881028e-05,0.49928167041623345,6.935296550282327e-09,0.49928167041624766,2.6320519398807638e-09,0.0014041591461476327,9.805874310262601e-08,2.9238684013396436e-07
EFT:1.0104241096782794e-05,2.122547334954209e-06,1.987322000788117e-05,0.499281670416237,6.935296550282277e-09,0.4992816704162441,2.6320519398807075e-09,0.0014041591461476227,9.805874310262393e-08,2.9238684013396224e-07
Random3209
Raw:1.0104241096783009e-05,2.122547334954194e-06,1.9873220007881028e-05,0.49928167041623345,6.935296550282327e-09,0.49928167041624766,2.6320519398807638e-09,0.0014041591461476327,9.805874310262462e-08,2.9238684013396436e-07
EFT:1.0104241096782794e-05,2.122547334954209e-06,1.987322000788117e-05,0.499281670416237,6.935296550282277e-09,0.4992816704162441,2.6320519398807075e-09,0.0014041591461476227,9.805874310262393e-08,2.9238684013396224e-07
Random3210
Raw:1.0104241096782867e-05,2.122547334954224e-06,1.987322000788131e-05,0.49928167041624055,6.935296550282326e-09,0.49928167041624055,2.6320519398807265e-09,0.0014041591461476327,9.805874310262462e-08,2.923868401339643e-07
EFT:1.0104241096782794e-05,2.122547334954209e-06,1.987322000788117e-05,0.499281670416237,6.935296550282277e-09,0.4992816704162441,2.6320519398807075e-09,0.0014041591461476227,9.805874310262393e-08,2.9238684013396224e-07
Random3211
Raw:1.0104241096782794e-05,2.122547334954209e-06,1.987322000788117e-05,0.499281670416237,6.935296550282277e-09,0.4992816704162441,2.632051939880745e-09,0.0014041591461476227,9.805874310262254e-08,2.9238684013396224e-07
EFT:1.0104241096782794e-05,2.122547334954209e-06,1.987322000788117e-05,0.499281670416237,6.935296550282277e-09,0.4992816704162441,2.6320519398807075e-09,0.0014041591461476227,9.805874310262393e-08,2.9238684013396224e-07
Random3212
Raw:1.0104241096782938e-05,2.1225473349541788e-06,1.9873220007880885e-05,0.499281670416237,6.935296550282277e-09,0.4992816704162441,2.632051939880745e-09,0.0014041591461476026,9.805874310262532e-08,2.9238684013396224e-07
EFT:1.0104241096782794e-05,2.122547334954209e-06,1.987322000788117e-05,0.499281670416237,6.935296550282277e-09,0.4992816704162441,2.6320519398807075e-09,0.0014041591461476227,9.805874310262393e-08,2.9238684013396224e-07
Random3213
Raw:1.0104241096782867e-05,2.122547334954224e-06,1.987322000788131e-05,0.49928167041624055,6.935296550282326e-09,0.49928167041624055,2.6320519398807265e-09,0.0014041591461476327,9.805874310262462e-08,2.923868401339643e-07
EFT:1.0104241096782794e-05,2.122547334954209e-06,1.987322000788117e-05,0.499281670416237,6.935296550282277e-09,0.4992816704162441,2.6320519398807075e-09,0.0014041591461476227,9.805874310262393e-08,2.9238684013396224e-07
Random3214
Raw:1.0104241096782867e-05,2.122547334954224e-06,1.987322000788131e-05,0.49928167041624055,6.935296550282326e-09,0.49928167041624055,2.6320519398807265e-09,0.0014041591461476128,9.805874310262462e-08,2.923868401339643e-07
EFT:1.0104241096782794e-05,2.122547334954209e-06,1.987322000788117e-05,0.499281670416237,6.935296550282277e-09,0.4992816704162441,2.6320519398807075e-09,0.0014041591461476227,9.805874310262393e-08,2.9238684013396224e-07
Random3215
Raw:1.0104241096782794e-05,2.122547334954209e-06,1.987322000788117e-05,0.4992816704162441,6.935296550282277e-09,0.499281670416237,2.63205193988067e-09,0.0014041591461476227,9.805874310262254e-08,2.9238684013396224e-07
EFT:1.0104241096782794e-05,2.122547334954209e-06,1.987322000788117e-05,0.499281670416237,6.935296550282277e-09,0.4992816704162441,2.6320519398807075e-09,0.0014041591461476227,9.805874310262393e-08,2.9238684013396224e-07
Random3216
Raw:1.0104241096782794e-05,2.122547334954209e-06,1.987322000788117e-05,0.499281670416237,6.9352965502821786e-09,0.4992816704162441,2.6320519398807075e-09,0.0014041591461476227,9.805874310262393e-08,2.9238684013396224e-07
EFT:1.0104241096782794e-05,2.122547334954209e-06,1.987322000788117e-05,0.499281670416237,6.935296550282277e-09,0.4992816704162441,2.6320519398807075e-09,0.0014041591461476227,9.805874310262393e-08,2.9238684013396224e-07
Random3217
Raw:1.0104241096782938e-05,2.122547334954209e-06,1.987322000788117e-05,0.499281670416237,6.935296550282277e-09,0.4992816704162441,2.632051939880745e-09,0.0014041591461476227,9.805874310262532e-08,2.9238684013396224e-07
EFT:1.0104241096782794e-05,2.122547334954209e-06,1.987322000788117e-05,0.499281670416237,6.935296550282277e-09,0.4992816704162441,2.6320519398807075e-09,0.0014041591461476227,9.805874310262393e-08,2.9238684013396224e-07
Random3218
Raw:1.0104241096782867e-05,2.122547334954224e-06,1.987322000788131e-05,0.49928167041624055,6.935296550282326e-09,0.49928167041624055,2.6320519398807265e-09,0.0014041591461476327,9.805874310262462e-08,2.923868401339643e-07
EFT:1.0104241096782794e-05,2.122547334954209e-06,1.987322000788117e-05,0.499281670416237,6.935296550282277e-09,0.4992816704162441,2.6320519398807075e-09,0.0014041591461476227,9.805874310262393e-08,2.9238684013396224e-07
Random3219
Raw:1.0104241096782865e-05,2.122547334954194e-06,1.9873220007881028e-05,0.49928167041623345,6.935296550282327e-09,0.49928167041624766,2.6320519398807638e-09,0.0014041591461476126,9.805874310262324e-08,2.9238684013396436e-07
EFT:1.0104241096782794e-05,2.122547334954209e-06,1.987322000788117e-05,0.499281670416237,6.935296550282277e-09,0.4992816704162441,2.6320519398807075e-09,0.0014041591461476227,9.805874310262393e-08,2.9238684013396224e-07
Random3220
Raw:1.0104241096782938e-05,2.122547334954209e-06,1.987322000788117e-05,0.499281670416237,6.9352965502823754e-09,0.4992816704162441,2.632051939880745e-09,0.0014041591461476227,9.805874310262532e-08,2.9238684013396637e-07
EFT:1.0104241096782794e-05,2.122547334954209e-06,1.987322000788117e-05,0.499281670416237,6.935296550282277e-09,0.4992816704162441,2.6320519398807075e-09,0.0014041591461476227,9.805874310262393e-08,2.9238684013396224e-07
Random3221
Raw:1.0104241096782938e-05,2.122547334954239e-06,1.987322000788145e-05,0.499281670416237,6.935296550282277e-09,0.4992816704162441,2.632051939880745e-09,0.0014041591461476427,9.805874310262532e-08,2.9238684013396224e-07
EFT:1.0104241096782794e-05,2.122547334954209e-06,1.987322000788117e-05,0.499281670416237,6.935296550282277e-09,0.4992816704162441,2.6320519398807075e-09,0.0014041591461476227,9.805874310262393e-08,2.9238684013396224e-07
Random3222
Raw:1.0104241096782938e-05,2.122547334954209e-06,1.987322000788117e-05,0.499281670416237,6.9352965502823754e-09,0.4992816704162441,2.632051939880745e-09,0.0014041591461476227,9.805874310262393e-08,2.9238684013396637e-07
EFT:1.0104241096782794e-05,2.122547334954209e-06,1.987322000788117e-05,0.499281670416237,6.935296550282277e-09,0.4992816704162441,2.6320519398807075e-09,0.0014041591461476227,9.805874310262393e-08,2.9238684013396224e-07
Random3223
Raw:1.0104241096782938e-05,2.122547334954209e-06,1.9873220007880885e-05,0.499281670416237,6.935296550282277e-09,0.4992816704162441,2.632051939880745e-09,0.0014041591461476227,9.805874310262532e-08,2.9238684013396224e-07
EFT:1.0104241096782794e-05,2.122547334954209e-06,1.987322000788117e-05,0.499281670416237,6.935296550282277e-09,0.4992816704162441,2.6320519398807075e-09,0.0014041591461476227,9.805874310262393e-08,2.9238684013396224e-07
Random3224
Raw:1.0104241096782938e-05,2.122547334954209e-06,1.987322000788117e-05,0.499281670416237,6.9352965502823754e-09,0.4992816704162441,2.632051939880745e-09,0.0014041591461476227,9.805874310262532e-08,2.9238684013396637e-07
EFT:1.0104241096782794e-05,2.122547334954209e-06,1.987322000788117e-05,0.499281670416237,6.935296550282277e-09,0.4992816704162441,2.6320519398807075e-09,0.0014041591461476227,9.805874310262393e-08,2.9238684013396224e-07
Random3225
Raw:1.0104241096782938e-05,2.122547334954239e-06,1.987322000788145e-05,0.499281670416237,6.935296550282277e-09,0.4992816704162441,2.632051939880745e-09,0.0014041591461476427,9.805874310262393e-08,2.9238684013396637e-07
EFT:1.0104241096782794e-05,2.122547334954209e-06,1.987322000788117e-05,0.499281670416237,6.935296550282277e-09,0.4992816704162441,2.6320519398807075e-09,0.0014041591461476227,9.805874310262393e-08,2.9238684013396224e-07
Random3226
Raw:1.0104241096782867e-05,2.122547334954224e-06,1.987322000788131e-05,0.49928167041624055,6.935296550282228e-09,0.49928167041624055,2.632051939880689e-09,0.0014041591461476327,9.805874310262323e-08,2.923868401339643e-07
EFT:1.0104241096782794e-05,2.122547334954209e-06,1.987322000788117e-05,0.499281670416237,6.935296550282277e-09,0.4992816704162441,2.6320519398807075e-09,0.0014041591461476227,9.805874310262393e-08,2.9238684013396224e-07
Random3227
Raw:1.0104241096782867e-05,2.122547334954224e-06,1.9873220007881028e-05,0.49928167041624055,6.935296550282326e-09,0.49928167041624055,2.6320519398807265e-09,0.0014041591461476128,9.805874310262462e-08,2.923868401339643e-07
EFT:1.0104241096782794e-05,2.122547334954209e-06,1.987322000788117e-05,0.499281670416237,6.935296550282277e-09,0.4992816704162441,2.6320519398807075e-09,0.0014041591461476227,9.805874310262393e-08,2.9238684013396224e-07
Random3228
Raw:1.0104241096782938e-05,2.122547334954239e-06,1.987322000788145e-05,0.499281670416237,6.935296550282277e-09,0.4992816704162441,2.632051939880745e-09,0.0014041591461476227,9.805874310262532e-08,2.9238684013396224e-07
EFT:1.0104241096782794e-05,2.122547334954209e-06,1.987322000788117e-05,0.499281670416237,6.935296550282277e-09,0.4992816704162441,2.6320519398807075e-09,0.0014041591461476227,9.805874310262393e-08,2.9238684013396224e-07
Random3229
Raw:1.0104241096782938e-05,2.122547334954209e-06,1.987322000788117e-05,0.499281670416237,6.935296550282277e-09,0.4992816704162441,2.632051939880745e-09,0.0014041591461476427,9.805874310262393e-08,2.9238684013396224e-07
EFT:1.0104241096782794e-05,2.122547334954209e-06,1.987322000788117e-05,0.499281670416237,6.935296550282277e-09,0.4992816704162441,2.6320519398807075e-09,0.0014041591461476227,9.805874310262393e-08,2.9238684013396224e-07
Random3230
Raw:1.0104241096782938e-05,2.122547334954209e-06,1.987322000788117e-05,0.499281670416237,6.9352965502823754e-09,0.4992816704162441,2.632051939880745e-09,0.0014041591461476227,9.805874310262532e-08,2.9238684013396637e-07
EFT:1.0104241096782794e-05,2.122547334954209e-06,1.987322000788117e-05,0.499281670416237,6.935296550282277e-09,0.4992816704162441,2.6320519398807075e-09,0.0014041591461476227,9.805874310262393e-08,2.9238684013396224e-07
Random3231
Raw:1.0104241096782865e-05,2.122547334954194e-06,1.9873220007881028e-05,0.49928167041623345,6.935296550282327e-09,0.49928167041624766,2.632051939880726e-09,0.0014041591461476126,9.805874310262462e-08,2.9238684013396436e-07
EFT:1.0104241096782794e-05,2.122547334954209e-06,1.987322000788117e-05,0.499281670416237,6.935296550282277e-09,0.4992816704162441,2.6320519398807075e-09,0.0014041591461476227,9.805874310262393e-08,2.9238684013396224e-07
Random3232
Raw:1.0104241096783009e-05,2.122547334954194e-06,1.9873220007881028e-05,0.49928167041623345,6.935296550282327e-09,0.49928167041624766,2.6320519398807638e-09,0.0014041591461476126,9.805874310262601e-08,2.9238684013396436e-07
EFT:1.0104241096782794e-05,2.122547334954209e-06,1.987322000788117e-05,0.499281670416237,6.935296550282277e-09,0.4992816704162441,2.6320519398807075e-09,0.0014041591461476227,9.805874310262393e-08,2.9238684013396224e-07
Random3233
Raw:1.0104241096783009e-05,2.122547334954194e-06,1.9873220007881028e-05,0.49928167041623345,6.935296550282327e-09,0.49928167041624766,2.6320519398807638e-09,0.0014041591461476126,9.805874310262601e-08,2.9238684013396436e-07
EFT:1.0104241096782794e-05,2.122547334954209e-06,1.987322000788117e-05,0.499281670416237,6.935296550282277e-09,0.4992816704162441,2.6320519398807075e-09,0.0014041591461476227,9.805874310262393e-08,2.9238684013396224e-07
Random3234
Raw:1.0104241096782867e-05,2.122547334954224e-06,1.987322000788131e-05,0.49928167041624055,6.935296550282326e-09,0.49928167041624055,2.6320519398807265e-09,0.0014041591461476327,9.805874310262462e-08,2.923868401339643e-07
EFT:1.0104241096782794e-05,2.122547334954209e-06,1.987322000788117e-05,0.499281670416237,6.935296550282277e-09,0.4992816704162441,2.6320519398807075e-09,0.0014041591461476227,9.805874310262393e-08,2.9238684013396224e-07
Random3235
Raw:1.0104241096782794e-05,2.1225473349541788e-06,1.9873220007880885e-05,0.499281670416237,6.935296550282277e-09,0.4992816704162441,2.632051939880745e-09,0.0014041591461476026,9.805874310262254e-08,2.9238684013396224e-07
EFT:1.0104241096782794e-05,2.122547334954209e-06,1.987322000788117e-05,0.499281670416237,6.935296550282277e-09,0.4992816704162441,2.6320519398807075e-09,0.0014041591461476227,9.805874310262393e-08,2.9238684013396224e-07
Random3236
Raw:1.0104241096782938e-05,2.122547334954209e-06,1.987322000788117e-05,0.499281670416237,6.9352965502823754e-09,0.4992816704162441,2.6320519398807824e-09,0.0014041591461476227,9.805874310262532e-08,2.9238684013396637e-07
EFT:1.0104241096782794e-05,2.122547334954209e-06,1.987322000788117e-05,0.499281670416237,6.935296550282277e-09,0.4992816704162441,2.6320519398807075e-09,0.0014041591461476227,9.805874310262393e-08,2.9238684013396224e-07
Random3237
Raw:1.0104241096783009e-05,2.122547334954194e-06,1.9873220007881028e-05,0.49928167041623345,6.935296550282327e-09,0.49928167041624766,2.6320519398807638e-09,0.0014041591461476327,9.805874310262462e-08,2.9238684013396436e-07
EFT:1.0104241096782794e-05,2.122547334954209e-06,1.987322000788117e-05,0.499281670416237,6.935296550282277e-09,0.4992816704162441,2.6320519398807075e-09,0.0014041591461476227,9.805874310262393e-08,2.9238684013396224e-07
Random3238
Raw:1.0104241096782794e-05,2.122547334954209e-06,1.987322000788117e-05,0.499281670416237,6.935296550282277e-09,0.4992816704162441,2.632051939880745e-09,0.0014041591461476227,9.805874310262254e-08,2.9238684013396224e-07
EFT:1.0104241096782794e-05,2.122547334954209e-06,1.987322000788117e-05,0.499281670416237,6.935296550282277e-09,0.4992816704162441,2.6320519398807075e-09,0.0014041591461476227,9.805874310262393e-08,2.9238684013396224e-07
Random3239
Raw:1.0104241096782794e-05,2.122547334954209e-06,1.987322000788117e-05,0.499281670416237,6.9352965502821786e-09,0.4992816704162441,2.6320519398807075e-09,0.0014041591461476227,9.805874310262393e-08,2.9238684013396224e-07
EFT:1.0104241096782794e-05,2.122547334954209e-06,1.987322000788117e-05,0.499281670416237,6.935296550282277e-09,0.4992816704162441,2.6320519398807075e-09,0.0014041591461476227,9.805874310262393e-08,2.9238684013396224e-07
Random3240
Raw:1.0104241096782938e-05,2.122547334954209e-06,1.987322000788117e-05,0.499281670416237,6.935296550282277e-09,0.4992816704162441,2.632051939880745e-09,0.0014041591461476427,9.805874310262393e-08,2.9238684013396224e-07
EFT:1.0104241096782794e-05,2.122547334954209e-06,1.987322000788117e-05,0.499281670416237,6.935296550282277e-09,0.4992816704162441,2.6320519398807075e-09,0.0014041591461476227,9.805874310262393e-08,2.9238684013396224e-07
Random3241
Raw:1.0104241096782867e-05,2.122547334954224e-06,1.987322000788131e-05,0.49928167041624055,6.935296550282326e-09,0.49928167041624055,2.6320519398807638e-09,0.0014041591461476128,9.805874310262462e-08,2.923868401339643e-07
EFT:1.0104241096782794e-05,2.122547334954209e-06,1.987322000788117e-05,0.499281670416237,6.935296550282277e-09,0.4992816704162441,2.6320519398807075e-09,0.0014041591461476227,9.805874310262393e-08,2.9238684013396224e-07
Random3242
Raw:1.0104241096782867e-05,2.122547334954224e-06,1.987322000788131e-05,0.49928167041624055,6.935296550282326e-09,0.49928167041624055,2.6320519398807638e-09,0.0014041591461476128,9.805874310262462e-08,2.923868401339643e-07
EFT:1.0104241096782794e-05,2.122547334954209e-06,1.987322000788117e-05,0.499281670416237,6.935296550282277e-09,0.4992816704162441,2.6320519398807075e-09,0.0014041591461476227,9.805874310262393e-08,2.9238684013396224e-07
Random3243
Raw:1.0104241096782867e-05,2.122547334954194e-06,1.9873220007881028e-05,0.49928167041624055,6.935296550282326e-09,0.49928167041624055,2.6320519398807265e-09,0.0014041591461476128,9.805874310262602e-08,2.923868401339643e-07
EFT:1.0104241096782794e-05,2.122547334954209e-06,1.987322000788117e-05,0.499281670416237,6.935296550282277e-09,0.4992816704162441,2.6320519398807075e-09,0.0014041591461476227,9.805874310262393e-08,2.9238684013396224e-07
Random3244
Raw:1.0104241096782938e-05,2.122547334954239e-06,1.987322000788145e-05,0.499281670416237,6.935296550282277e-09,0.4992816704162441,2.632051939880745e-09,0.0014041591461476427,9.805874310262393e-08,2.9238684013396637e-07
EFT:1.0104241096782794e-05,2.122547334954209e-06,1.987322000788117e-05,0.499281670416237,6.935296550282277e-09,0.4992816704162441,2.6320519398807075e-09,0.0014041591461476227,9.805874310262393e-08,2.9238684013396224e-07
Random3245
Raw:1.0104241096782938e-05,2.122547334954239e-06,1.987322000788145e-05,0.499281670416237,6.935296550282277e-09,0.4992816704162441,2.632051939880745e-09,0.0014041591461476427,9.805874310262532e-08,2.9238684013396224e-07
EFT:1.0104241096782794e-05,2.122547334954209e-06,1.987322000788117e-05,0.499281670416237,6.935296550282277e-09,0.4992816704162441,2.6320519398807075e-09,0.0014041591461476227,9.805874310262393e-08,2.9238684013396224e-07
Random3246
Raw:1.0104241096782867e-05,2.122547334954224e-06,1.987322000788131e-05,0.49928167041624055,6.935296550282326e-09,0.49928167041624055,2.6320519398807265e-09,0.0014041591461476327,9.805874310262462e-08,2.923868401339643e-07
EFT:1.0104241096782794e-05,2.122547334954209e-06,1.987322000788117e-05,0.499281670416237,6.935296550282277e-09,0.4992816704162441,2.6320519398807075e-09,0.0014041591461476227,9.805874310262393e-08,2.9238684013396224e-07
Random3247
Raw:1.0104241096782938e-05,2.122547334954209e-06,1.987322000788117e-05,0.499281670416237,6.935296550282277e-09,0.4992816704162441,2.632051939880745e-09,0.0014041591461476227,9.805874310262393e-08,2.9238684013396637e-07
EFT:1.0104241096782794e-05,2.122547334954209e-06,1.987322000788117e-05,0.499281670416237,6.935296550282277e-09,0.4992816704162441,2.6320519398807075e-09,0.0014041591461476227,9.805874310262393e-08,2.9238684013396224e-07
Random3248
Raw:1.0104241096782938e-05,2.122547334954239e-06,1.987322000788117e-05,0.499281670416237,6.935296550282277e-09,0.4992816704162441,2.632051939880745e-09,0.0014041591461476227,9.805874310262532e-08,2.9238684013396224e-07
EFT:1.0104241096782794e-05,2.122547334954209e-06,1.987322000788117e-05,0.499281670416237,6.935296550282277e-09,0.4992816704162441,2.6320519398807075e-09,0.0014041591461476227,9.805874310262393e-08,2.9238684013396224e-07
Random3249
Raw:1.0104241096783009e-05,2.122547334954194e-06,1.9873220007881028e-05,0.49928167041623345,6.935296550282327e-09,0.49928167041624766,2.6320519398807638e-09,0.0014041591461476126,9.805874310262601e-08,2.9238684013396436e-07
EFT:1.0104241096782794e-05,2.122547334954209e-06,1.987322000788117e-05,0.499281670416237,6.935296550282277e-09,0.4992816704162441,2.6320519398807075e-09,0.0014041591461476227,9.805874310262393e-08,2.9238684013396224e-07
Random3250
Raw:1.0104241096782867e-05,2.122547334954224e-06,1.987322000788131e-05,0.49928167041624055,6.935296550282228e-09,0.49928167041624055,2.632051939880689e-09,0.0014041591461476327,9.805874310262323e-08,2.923868401339643e-07
EFT:1.0104241096782794e-05,2.122547334954209e-06,1.987322000788117e-05,0.499281670416237,6.935296550282277e-09,0.4992816704162441,2.6320519398807075e-09,0.0014041591461476227,9.805874310262393e-08,2.9238684013396224e-07
Random3251
Raw:1.0104241096782867e-05,2.122547334954224e-06,1.987322000788131e-05,0.49928167041624055,6.935296550282326e-09,0.49928167041624055,2.6320519398807265e-09,0.0014041591461476327,9.805874310262323e-08,2.923868401339643e-07
EFT:1.0104241096782794e-05,2.122547334954209e-06,1.987322000788117e-05,0.499281670416237,6.935296550282277e-09,0.4992816704162441,2.6320519398807075e-09,0.0014041591461476227,9.805874310262393e-08,2.9238684013396224e-07
Random3252
Raw:1.0104241096782867e-05,2.122547334954194e-06,1.9873220007881028e-05,0.49928167041624055,6.935296550282326e-09,0.49928167041624055,2.6320519398807265e-09,0.0014041591461476128,9.805874310262323e-08,2.923868401339643e-07
EFT:1.0104241096782794e-05,2.122547334954209e-06,1.987322000788117e-05,0.499281670416237,6.935296550282277e-09,0.4992816704162441,2.6320519398807075e-09,0.0014041591461476227,9.805874310262393e-08,2.9238684013396224e-07
Random3253
Raw:1.0104241096782938e-05,2.122547334954209e-06,1.987322000788117e-05,0.499281670416237,6.9352965502823754e-09,0.4992816704162441,2.6320519398807824e-09,0.0014041591461476227,9.805874310262532e-08,2.9238684013396637e-07
EFT:1.0104241096782794e-05,2.122547334954209e-06,1.987322000788117e-05,0.499281670416237,6.935296550282277e-09,0.4992816704162441,2.6320519398807075e-09,0.0014041591461476227,9.805874310262393e-08,2.9238684013396224e-07
Random3254
Raw:1.0104241096783009e-05,2.122547334954194e-06,1.9873220007881028e-05,0.49928167041623345,6.935296550282327e-09,0.49928167041624766,2.6320519398807638e-09,0.0014041591461476327,9.805874310262462e-08,2.9238684013396436e-07
EFT:1.0104241096782794e-05,2.122547334954209e-06,1.987322000788117e-05,0.499281670416237,6.935296550282277e-09,0.4992816704162441,2.6320519398807075e-09,0.0014041591461476227,9.805874310262393e-08,2.9238684013396224e-07
Random3255
Raw:1.0104241096782938e-05,2.122547334954209e-06,1.987322000788117e-05,0.499281670416237,6.935296550282277e-09,0.4992816704162441,2.632051939880745e-09,0.0014041591461476227,9.805874310262532e-08,2.9238684013396224e-07
EFT:1.0104241096782794e-05,2.122547334954209e-06,1.987322000788117e-05,0.499281670416237,6.935296550282277e-09,0.4992816704162441,2.6320519398807075e-09,0.0014041591461476227,9.805874310262393e-08,2.9238684013396224e-07
Random3256
Raw:1.0104241096782867e-05,2.122547334954194e-06,1.9873220007881028e-05,0.49928167041624055,6.935296550282228e-09,0.49928167041624055,2.632051939880689e-09,0.0014041591461476327,9.805874310262323e-08,2.923868401339602e-07
EFT:1.0104241096782794e-05,2.122547334954209e-06,1.987322000788117e-05,0.499281670416237,6.935296550282277e-09,0.4992816704162441,2.6320519398807075e-09,0.0014041591461476227,9.805874310262393e-08,2.9238684013396224e-07
Random3257
Raw:1.0104241096782867e-05,2.122547334954224e-06,1.9873220007881028e-05,0.49928167041624055,6.935296550282326e-09,0.49928167041624055,2.6320519398807638e-09,0.0014041591461476128,9.805874310262462e-08,2.923868401339643e-07
EFT:1.0104241096782794e-05,2.122547334954209e-06,1.987322000788117e-05,0.499281670416237,6.935296550282277e-09,0.4992816704162441,2.6320519398807075e-09,0.0014041591461476227,9.805874310262393e-08,2.9238684013396224e-07
Random3258
Raw:1.0104241096782867e-05,2.122547334954194e-06,1.9873220007881028e-05,0.49928167041624055,6.935296550282326e-09,0.49928167041624055,2.6320519398807265e-09,0.0014041591461476128,9.805874310262323e-08,2.923868401339643e-07
EFT:1.0104241096782794e-05,2.122547334954209e-06,1.987322000788117e-05,0.499281670416237,6.935296550282277e-09,0.4992816704162441,2.6320519398807075e-09,0.0014041591461476227,9.805874310262393e-08,2.9238684013396224e-07
Random3259
Raw:1.0104241096782938e-05,2.122547334954209e-06,1.9873220007880885e-05,0.499281670416237,6.935296550282277e-09,0.4992816704162441,2.632051939880745e-09,0.0014041591461476227,9.805874310262532e-08,2.9238684013396224e-07
EFT:1.0104241096782794e-05,2.122547334954209e-06,1.987322000788117e-05,0.499281670416237,6.935296550282277e-09,0.4992816704162441,2.6320519398807075e-09,0.0014041591461476227,9.805874310262393e-08,2.9238684013396224e-07
Random3260
Raw:1.0104241096782938e-05,2.122547334954239e-06,1.987322000788117e-05,0.499281670416237,6.935296550282277e-09,0.4992816704162441,2.632051939880745e-09,0.0014041591461476427,9.805874310262532e-08,2.9238684013396224e-07
EFT:1.0104241096782794e-05,2.122547334954209e-06,1.987322000788117e-05,0.499281670416237,6.935296550282277e-09,0.4992816704162441,2.6320519398807075e-09,0.0014041591461476227,9.805874310262393e-08,2.9238684013396224e-07
Random3261
Raw:1.0104241096783009e-05,2.122547334954224e-06,1.987322000788131e-05,0.49928167041623345,6.935296550282327e-09,0.49928167041624766,2.6320519398807638e-09,0.0014041591461476327,9.805874310262601e-08,2.9238684013396436e-07
EFT:1.0104241096782794e-05,2.122547334954209e-06,1.987322000788117e-05,0.499281670416237,6.935296550282277e-09,0.4992816704162441,2.6320519398807075e-09,0.0014041591461476227,9.805874310262393e-08,2.9238684013396224e-07
Random3262
Raw:1.0104241096782867e-05,2.122547334954224e-06,1.987322000788131e-05,0.49928167041624055,6.935296550282326e-09,0.49928167041624055,2.6320519398807265e-09,0.0014041591461476327,9.805874310262462e-08,2.923868401339643e-07
EFT:1.0104241096782794e-05,2.122547334954209e-06,1.987322000788117e-05,0.499281670416237,6.935296550282277e-09,0.4992816704162441,2.6320519398807075e-09,0.0014041591461476227,9.805874310262393e-08,2.9238684013396224e-07
Random3263
Raw:1.0104241096782938e-05,2.122547334954209e-06,1.987322000788117e-05,0.499281670416237,6.935296550282277e-09,0.4992816704162441,2.632051939880745e-09,0.0014041591461476227,9.805874310262532e-08,2.9238684013396224e-07
EFT:1.0104241096782794e-05,2.122547334954209e-06,1.987322000788117e-05,0.499281670416237,6.935296550282277e-09,0.4992816704162441,2.6320519398807075e-09,0.0014041591461476227,9.805874310262393e-08,2.9238684013396224e-07
Random3264
Raw:1.0104241096782867e-05,2.122547334954224e-06,1.987322000788131e-05,0.49928167041624055,6.935296550282228e-09,0.49928167041624055,2.632051939880689e-09,0.0014041591461476327,9.805874310262323e-08,2.923868401339643e-07
EFT:1.0104241096782794e-05,2.122547334954209e-06,1.987322000788117e-05,0.499281670416237,6.935296550282277e-09,0.4992816704162441,2.6320519398807075e-09,0.0014041591461476227,9.805874310262393e-08,2.9238684013396224e-07
Random3265
Raw:1.0104241096783082e-05,2.122547334954239e-06,1.987322000788145e-05,0.499281670416237,6.935296550282475e-09,0.4992816704162441,2.6320519398807824e-09,0.0014041591461476427,9.80587431026281e-08,2.9238684013397055e-07
EFT:1.0104241096782794e-05,2.122547334954209e-06,1.987322000788117e-05,0.499281670416237,6.935296550282277e-09,0.4992816704162441,2.6320519398807075e-09,0.0014041591461476227,9.805874310262393e-08,2.9238684013396224e-07
Random3266
Raw:1.0104241096783009e-05,2.122547334954194e-06,1.9873220007881028e-05,0.49928167041623345,6.935296550282327e-09,0.49928167041624766,2.6320519398807638e-09,0.0014041591461476126,9.805874310262601e-08,2.9238684013396436e-07
EFT:1.0104241096782794e-05,2.122547334954209e-06,1.987322000788117e-05,0.499281670416237,6.935296550282277e-09,0.4992816704162441,2.6320519398807075e-09,0.0014041591461476227,9.805874310262393e-08,2.9238684013396224e-07
Random3267
Raw:1.0104241096782938e-05,2.122547334954209e-06,1.987322000788117e-05,0.499281670416237,6.935296550282277e-09,0.4992816704162441,2.632051939880745e-09,0.0014041591461476227,9.805874310262532e-08,2.9238684013396224e-07
EFT:1.0104241096782794e-05,2.122547334954209e-06,1.987322000788117e-05,0.499281670416237,6.935296550282277e-09,0.4992816704162441,2.6320519398807075e-09,0.0014041591461476227,9.805874310262393e-08,2.9238684013396224e-07
Random3268
Raw:1.0104241096783009e-05,2.122547334954224e-06,1.9873220007881028e-05,0.49928167041623345,6.935296550282327e-09,0.49928167041624766,2.6320519398807638e-09,0.0014041591461476327,9.805874310262601e-08,2.9238684013396436e-07
EFT:1.0104241096782794e-05,2.122547334954209e-06,1.987322000788117e-05,0.499281670416237,6.935296550282277e-09,0.4992816704162441,2.6320519398807075e-09,0.0014041591461476227,9.805874310262393e-08,2.9238684013396224e-07
Random3269
Raw:1.0104241096782865e-05,2.122547334954194e-06,1.9873220007881028e-05,0.49928167041623345,6.935296550282327e-09,0.49928167041624766,2.632051939880726e-09,0.0014041591461476126,9.805874310262462e-08,2.9238684013396436e-07
EFT:1.0104241096782794e-05,2.122547334954209e-06,1.987322000788117e-05,0.499281670416237,6.935296550282277e-09,0.4992816704162441,2.6320519398807075e-09,0.0014041591461476227,9.805874310262393e-08,2.9238684013396224e-07
Random3270
Raw:1.0104241096782867e-05,2.122547334954224e-06,1.987322000788131e-05,0.49928167041624055,6.935296550282326e-09,0.49928167041624055,2.6320519398807265e-09,0.0014041591461476327,9.805874310262462e-08,2.923868401339643e-07
EFT:1.0104241096782794e-05,2.122547334954209e-06,1.987322000788117e-05,0.499281670416237,6.935296550282277e-09,0.4992816704162441,2.6320519398807075e-09,0.0014041591461476227,9.805874310262393e-08,2.9238684013396224e-07
Random3271
Raw:1.0104241096783009e-05,2.122547334954224e-06,1.987322000788131e-05,0.49928167041623345,6.935296550282327e-09,0.49928167041624766,2.6320519398807638e-09,0.0014041591461476327,9.805874310262462e-08,2.923868401339685e-07
EFT:1.0104241096782794e-05,2.122547334954209e-06,1.987322000788117e-05,0.499281670416237,6.935296550282277e-09,0.4992816704162441,2.6320519398807075e-09,0.0014041591461476227,9.805874310262393e-08,2.9238684013396224e-07
Random3272
Raw:1.0104241096782865e-05,2.122547334954194e-06,1.9873220007881028e-05,0.49928167041623345,6.935296550282327e-09,0.49928167041624766,2.6320519398807638e-09,0.0014041591461476126,9.805874310262324e-08,2.9238684013396436e-07
EFT:1.0104241096782794e-05,2.122547334954209e-06,1.987322000788117e-05,0.499281670416237,6.935296550282277e-09,0.4992816704162441,2.6320519398807075e-09,0.0014041591461476227,9.805874310262393e-08,2.9238684013396224e-07
Random3273
Raw:1.0104241096782938e-05,2.122547334954209e-06,1.987322000788117e-05,0.499281670416237,6.935296550282277e-09,0.4992816704162441,2.632051939880745e-09,0.0014041591461476227,9.805874310262532e-08,2.9238684013396224e-07
EFT:1.0104241096782794e-05,2.122547334954209e-06,1.987322000788117e-05,0.499281670416237,6.935296550282277e-09,0.4992816704162441,2.6320519398807075e-09,0.0014041591461476227,9.805874310262393e-08,2.9238684013396224e-07
Random3274
Raw:1.0104241096782938e-05,2.122547334954239e-06,1.987322000788145e-05,0.499281670416237,6.935296550282277e-09,0.4992816704162441,2.632051939880745e-09,0.0014041591461476227,9.805874310262532e-08,2.9238684013396224e-07
EFT:1.0104241096782794e-05,2.122547334954209e-06,1.987322000788117e-05,0.499281670416237,6.935296550282277e-09,0.4992816704162441,2.6320519398807075e-09,0.0014041591461476227,9.805874310262393e-08,2.9238684013396224e-07
Random3275
Raw:1.0104241096782867e-05,2.122547334954224e-06,1.987322000788131e-05,0.49928167041624055,6.935296550282326e-09,0.49928167041624055,2.6320519398807265e-09,0.0014041591461476327,9.805874310262323e-08,2.923868401339643e-07
EFT:1.0104241096782794e-05,2.122547334954209e-06,1.987322000788117e-05,0.499281670416237,6.935296550282277e-09,0.4992816704162441,2.6320519398807075e-09,0.0014041591461476227,9.805874310262393e-08,2.9238684013396224e-07
Random3276
Raw:1.0104241096782938e-05,2.122547334954209e-06,1.987322000788117e-05,0.499281670416237,6.935296550282277e-09,0.4992816704162441,2.632051939880745e-09,0.0014041591461476227,9.805874310262532e-08,2.9238684013396224e-07
EFT:1.0104241096782794e-05,2.122547334954209e-06,1.987322000788117e-05,0.499281670416237,6.935296550282277e-09,0.4992816704162441,2.6320519398807075e-09,0.0014041591461476227,9.805874310262393e-08,2.9238684013396224e-07
Random3277
Raw:1.0104241096782938e-05,2.122547334954239e-06,1.9873220007880885e-05,0.499281670416237,6.9352965502823754e-09,0.4992816704162441,2.63205193988082e-09,0.0014041591461476227,9.805874310262532e-08,2.9238684013396637e-07
EFT:1.0104241096782794e-05,2.122547334954209e-06,1.987322000788117e-05,0.499281670416237,6.935296550282277e-09,0.4992816704162441,2.6320519398807075e-09,0.0014041591461476227,9.805874310262393e-08,2.9238684013396224e-07
Random3278
Raw:1.0104241096782867e-05,2.122547334954224e-06,1.987322000788131e-05,0.49928167041624055,6.935296550282326e-09,0.49928167041624055,2.6320519398807265e-09,0.0014041591461476128,9.805874310262462e-08,2.923868401339643e-07
EFT:1.0104241096782794e-05,2.122547334954209e-06,1.987322000788117e-05,0.499281670416237,6.935296550282277e-09,0.4992816704162441,2.6320519398807075e-09,0.0014041591461476227,9.805874310262393e-08,2.9238684013396224e-07
Random3279
Raw:1.0104241096782938e-05,2.122547334954209e-06,1.987322000788117e-05,0.499281670416237,6.9352965502823754e-09,0.4992816704162441,2.632051939880745e-09,0.0014041591461476227,9.805874310262532e-08,2.9238684013396637e-07
EFT:1.0104241096782794e-05,2.122547334954209e-06,1.987322000788117e-05,0.499281670416237,6.935296550282277e-09,0.4992816704162441,2.6320519398807075e-09,0.0014041591461476227,9.805874310262393e-08,2.9238684013396224e-07
Random3280
Raw:1.0104241096782938e-05,2.122547334954209e-06,1.987322000788117e-05,0.499281670416237,6.935296550282277e-09,0.4992816704162441,2.632051939880745e-09,0.0014041591461476227,9.805874310262532e-08,2.9238684013396224e-07
EFT:1.0104241096782794e-05,2.122547334954209e-06,1.987322000788117e-05,0.499281670416237,6.935296550282277e-09,0.4992816704162441,2.6320519398807075e-09,0.0014041591461476227,9.805874310262393e-08,2.9238684013396224e-07
Random3281
Raw:1.0104241096782867e-05,2.122547334954224e-06,1.987322000788131e-05,0.49928167041624055,6.935296550282326e-09,0.49928167041624055,2.6320519398807265e-09,0.0014041591461476128,9.805874310262462e-08,2.923868401339643e-07
EFT:1.0104241096782794e-05,2.122547334954209e-06,1.987322000788117e-05,0.499281670416237,6.935296550282277e-09,0.4992816704162441,2.6320519398807075e-09,0.0014041591461476227,9.805874310262393e-08,2.9238684013396224e-07
Random3282
Raw:1.0104241096782867e-05,2.122547334954224e-06,1.987322000788131e-05,0.49928167041624055,6.935296550282326e-09,0.49928167041624055,2.6320519398807638e-09,0.0014041591461476327,9.805874310262462e-08,2.923868401339643e-07
EFT:1.0104241096782794e-05,2.122547334954209e-06,1.987322000788117e-05,0.499281670416237,6.935296550282277e-09,0.4992816704162441,2.6320519398807075e-09,0.0014041591461476227,9.805874310262393e-08,2.9238684013396224e-07
Random3283
Raw:1.0104241096782794e-05,2.122547334954209e-06,1.987322000788117e-05,0.499281670416237,6.935296550282277e-09,0.4992816704162441,2.632051939880745e-09,0.0014041591461476227,9.805874310262254e-08,2.9238684013396224e-07
EFT:1.0104241096782794e-05,2.122547334954209e-06,1.987322000788117e-05,0.499281670416237,6.935296550282277e-09,0.4992816704162441,2.6320519398807075e-09,0.0014041591461476227,9.805874310262393e-08,2.9238684013396224e-07
Random3284
Raw:1.0104241096782865e-05,2.122547334954194e-06,1.9873220007881028e-05,0.49928167041623345,6.935296550282327e-09,0.49928167041624766,2.632051939880726e-09,0.0014041591461476126,9.805874310262462e-08,2.9238684013396436e-07
EFT:1.0104241096782794e-05,2.122547334954209e-06,1.987322000788117e-05,0.499281670416237,6.935296550282277e-09,0.4992816704162441,2.6320519398807075e-09,0.0014041591461476227,9.805874310262393e-08,2.9238684013396224e-07
Random3285
Raw:1.0104241096782867e-05,2.122547334954224e-06,1.987322000788131e-05,0.49928167041624055,6.935296550282326e-09,0.49928167041624055,2.6320519398807265e-09,0.0014041591461476327,9.805874310262462e-08,2.923868401339643e-07
EFT:1.0104241096782794e-05,2.122547334954209e-06,1.987322000788117e-05,0.499281670416237,6.935296550282277e-09,0.4992816704162441,2.6320519398807075e-09,0.0014041591461476227,9.805874310262393e-08,2.9238684013396224e-07
Random3286
Raw:1.0104241096782867e-05,2.122547334954224e-06,1.987322000788131e-05,0.49928167041624055,6.935296550282326e-09,0.49928167041624055,2.6320519398807265e-09,0.0014041591461476327,9.805874310262462e-08,2.923868401339643e-07
EFT:1.0104241096782794e-05,2.122547334954209e-06,1.987322000788117e-05,0.499281670416237,6.935296550282277e-09,0.4992816704162441,2.6320519398807075e-09,0.0014041591461476227,9.805874310262393e-08,2.9238684013396224e-07
Random3287
Raw:1.0104241096782794e-05,2.1225473349541788e-06,1.9873220007880885e-05,0.499281670416237,6.935296550282277e-09,0.4992816704162441,2.632051939880745e-09,0.0014041591461476026,9.805874310262254e-08,2.9238684013396224e-07
EFT:1.0104241096782794e-05,2.122547334954209e-06,1.987322000788117e-05,0.499281670416237,6.935296550282277e-09,0.4992816704162441,2.6320519398807075e-09,0.0014041591461476227,9.805874310262393e-08,2.9238684013396224e-07
Random3288
Raw:1.0104241096782865e-05,2.122547334954194e-06,1.9873220007880747e-05,0.49928167041623345,6.935296550282228e-09,0.49928167041624766,2.632051939880726e-09,0.0014041591461476126,9.805874310262462e-08,2.923868401339602e-07
EFT:1.0104241096782794e-05,2.122547334954209e-06,1.987322000788117e-05,0.499281670416237,6.935296550282277e-09,0.4992816704162441,2.6320519398807075e-09,0.0014041591461476227,9.805874310262393e-08,2.9238684013396224e-07
Random3289
Raw:1.0104241096783009e-05,2.122547334954224e-06,1.987322000788131e-05,0.49928167041623345,6.935296550282327e-09,0.49928167041624766,2.6320519398807638e-09,0.0014041591461476327,9.805874310262462e-08,2.923868401339685e-07
EFT:1.0104241096782794e-05,2.122547334954209e-06,1.987322000788117e-05,0.499281670416237,6.935296550282277e-09,0.4992816704162441,2.6320519398807075e-09,0.0014041591461476227,9.805874310262393e-08,2.9238684013396224e-07
Random3290
Raw:1.0104241096782867e-05,2.122547334954224e-06,1.987322000788131e-05,0.49928167041624055,6.935296550282326e-09,0.49928167041624055,2.6320519398807265e-09,0.0014041591461476327,9.805874310262462e-08,2.923868401339643e-07
EFT:1.0104241096782794e-05,2.122547334954209e-06,1.987322000788117e-05,0.499281670416237,6.935296550282277e-09,0.4992816704162441,2.6320519398807075e-09,0.0014041591461476227,9.805874310262393e-08,2.9238684013396224e-07
Random3291
Raw:1.0104241096782938e-05,2.122547334954239e-06,1.987322000788145e-05,0.499281670416237,6.935296550282277e-09,0.4992816704162441,2.632051939880745e-09,0.0014041591461476427,9.805874310262393e-08,2.9238684013396637e-07
EFT:1.0104241096782794e-05,2.122547334954209e-06,1.987322000788117e-05,0.499281670416237,6.935296550282277e-09,0.4992816704162441,2.6320519398807075e-09,0.0014041591461476227,9.805874310262393e-08,2.9238684013396224e-07
Random3292
Raw:1.0104241096782867e-05,2.122547334954224e-06,1.987322000788131e-05,0.49928167041624055,6.935296550282326e-09,0.49928167041624055,2.6320519398807265e-09,0.0014041591461476128,9.805874310262462e-08,2.923868401339643e-07
EFT:1.0104241096782794e-05,2.122547334954209e-06,1.987322000788117e-05,0.499281670416237,6.935296550282277e-09,0.4992816704162441,2.6320519398807075e-09,0.0014041591461476227,9.805874310262393e-08,2.9238684013396224e-07
Random3293
Raw:1.0104241096782938e-05,2.122547334954209e-06,1.987322000788117e-05,0.499281670416237,6.935296550282277e-09,0.4992816704162441,2.632051939880745e-09,0.0014041591461476227,9.805874310262532e-08,2.9238684013396224e-07
EFT:1.0104241096782794e-05,2.122547334954209e-06,1.987322000788117e-05,0.499281670416237,6.935296550282277e-09,0.4992816704162441,2.6320519398807075e-09,0.0014041591461476227,9.805874310262393e-08,2.9238684013396224e-07
Random3294
Raw:1.0104241096782938e-05,2.122547334954209e-06,1.987322000788117e-05,0.499281670416237,6.9352965502823754e-09,0.4992816704162441,2.632051939880745e-09,0.0014041591461476227,9.805874310262672e-08,2.9238684013396637e-07
EFT:1.0104241096782794e-05,2.122547334954209e-06,1.987322000788117e-05,0.499281670416237,6.935296550282277e-09,0.4992816704162441,2.6320519398807075e-09,0.0014041591461476227,9.805874310262393e-08,2.9238684013396224e-07
Random3295
Raw:1.0104241096782938e-05,2.122547334954239e-06,1.987322000788117e-05,0.499281670416237,6.9352965502823754e-09,0.4992816704162441,2.6320519398807824e-09,0.0014041591461476227,9.805874310262532e-08,2.9238684013396637e-07
EFT:1.0104241096782794e-05,2.122547334954209e-06,1.987322000788117e-05,0.499281670416237,6.935296550282277e-09,0.4992816704162441,2.6320519398807075e-09,0.0014041591461476227,9.805874310262393e-08,2.9238684013396224e-07
Random3296
Raw:1.0104241096782794e-05,2.122547334954209e-06,1.987322000788117e-05,0.499281670416237,6.9352965502821786e-09,0.4992816704162441,2.6320519398807075e-09,0.0014041591461476227,9.805874310262393e-08,2.9238684013396224e-07
EFT:1.0104241096782794e-05,2.122547334954209e-06,1.987322000788117e-05,0.499281670416237,6.935296550282277e-09,0.4992816704162441,2.6320519398807075e-09,0.0014041591461476227,9.805874310262393e-08,2.9238684013396224e-07
Random3297
Raw:1.0104241096782938e-05,2.122547334954209e-06,1.987322000788117e-05,0.499281670416237,6.935296550282277e-09,0.4992816704162441,2.632051939880745e-09,0.0014041591461476227,9.805874310262532e-08,2.9238684013396224e-07
EFT:1.0104241096782794e-05,2.122547334954209e-06,1.987322000788117e-05,0.499281670416237,6.935296550282277e-09,0.4992816704162441,2.6320519398807075e-09,0.0014041591461476227,9.805874310262393e-08,2.9238684013396224e-07
Random3298
Raw:1.0104241096782865e-05,2.122547334954194e-06,1.9873220007881028e-05,0.49928167041623345,6.935296550282327e-09,0.49928167041624766,2.632051939880726e-09,0.0014041591461476126,9.805874310262462e-08,2.9238684013396436e-07
EFT:1.0104241096782794e-05,2.122547334954209e-06,1.987322000788117e-05,0.499281670416237,6.935296550282277e-09,0.4992816704162441,2.6320519398807075e-09,0.0014041591461476227,9.805874310262393e-08,2.9238684013396224e-07
Random3299
Raw:1.0104241096782938e-05,2.122547334954239e-06,1.987322000788145e-05,0.499281670416237,6.935296550282277e-09,0.4992816704162441,2.632051939880745e-09,0.0014041591461476427,9.805874310262393e-08,2.9238684013396637e-07
EFT:1.0104241096782794e-05,2.122547334954209e-06,1.987322000788117e-05,0.499281670416237,6.935296550282277e-09,0.4992816704162441,2.6320519398807075e-09,0.0014041591461476227,9.805874310262393e-08,2.9238684013396224e-07
Random3300
Raw:1.0104241096782938e-05,2.122547334954239e-06,1.987322000788145e-05,0.499281670416237,6.935296550282277e-09,0.4992816704162441,2.632051939880745e-09,0.0014041591461476227,9.805874310262532e-08,2.9238684013396224e-07
EFT:1.0104241096782794e-05,2.122547334954209e-06,1.987322000788117e-05,0.499281670416237,6.935296550282277e-09,0.4992816704162441,2.6320519398807075e-09,0.0014041591461476227,9.805874310262393e-08,2.9238684013396224e-07
Random3301
Raw:1.0104241096782938e-05,2.122547334954209e-06,1.987322000788117e-05,0.499281670416237,6.9352965502823754e-09,0.4992816704162441,2.632051939880745e-09,0.0014041591461476227,9.805874310262672e-08,2.9238684013396637e-07
EFT:1.0104241096782794e-05,2.122547334954209e-06,1.987322000788117e-05,0.499281670416237,6.935296550282277e-09,0.4992816704162441,2.6320519398807075e-09,0.0014041591461476227,9.805874310262393e-08,2.9238684013396224e-07
Random3302
Raw:1.0104241096782867e-05,2.122547334954224e-06,1.9873220007881028e-05,0.49928167041624055,6.935296550282326e-09,0.49928167041624055,2.6320519398807638e-09,0.0014041591461476128,9.805874310262462e-08,2.923868401339643e-07
EFT:1.0104241096782794e-05,2.122547334954209e-06,1.987322000788117e-05,0.499281670416237,6.935296550282277e-09,0.4992816704162441,2.6320519398807075e-09,0.0014041591461476227,9.805874310262393e-08,2.9238684013396224e-07
Random3303
Raw:1.0104241096782938e-05,2.122547334954239e-06,1.987322000788145e-05,0.499281670416237,6.935296550282277e-09,0.4992816704162441,2.632051939880745e-09,0.0014041591461476427,9.805874310262393e-08,2.9238684013396637e-07
EFT:1.0104241096782794e-05,2.122547334954209e-06,1.987322000788117e-05,0.499281670416237,6.935296550282277e-09,0.4992816704162441,2.6320519398807075e-09,0.0014041591461476227,9.805874310262393e-08,2.9238684013396224e-07
Random3304
Raw:1.0104241096782865e-05,2.122547334954194e-06,1.9873220007881028e-05,0.49928167041623345,6.935296550282228e-09,0.49928167041624766,2.632051939880726e-09,0.0014041591461476126,9.805874310262462e-08,2.9238684013396436e-07
EFT:1.0104241096782794e-05,2.122547334954209e-06,1.987322000788117e-05,0.499281670416237,6.935296550282277e-09,0.4992816704162441,2.6320519398807075e-09,0.0014041591461476227,9.805874310262393e-08,2.9238684013396224e-07
Random3305
Raw:1.0104241096782938e-05,2.122547334954209e-06,1.987322000788117e-05,0.499281670416237,6.9352965502823754e-09,0.4992816704162441,2.632051939880745e-09,0.0014041591461476227,9.805874310262672e-08,2.9238684013396637e-07
EFT:1.0104241096782794e-05,2.122547334954209e-06,1.987322000788117e-05,0.499281670416237,6.935296550282277e-09,0.4992816704162441,2.6320519398807075e-09,0.0014041591461476227,9.805874310262393e-08,2.9238684013396224e-07
Random3306
Raw:1.0104241096783009e-05,2.122547334954224e-06,1.987322000788131e-05,0.49928167041623345,6.935296550282327e-09,0.49928167041624766,2.6320519398807638e-09,0.0014041591461476327,9.805874310262601e-08,2.9238684013396436e-07
EFT:1.0104241096782794e-05,2.122547334954209e-06,1.987322000788117e-05,0.499281670416237,6.935296550282277e-09,0.4992816704162441,2.6320519398807075e-09,0.0014041591461476227,9.805874310262393e-08,2.9238684013396224e-07
Random3307
Raw:1.0104241096782865e-05,2.122547334954194e-06,1.9873220007881028e-05,0.49928167041623345,6.935296550282327e-09,0.49928167041624766,2.632051939880726e-09,0.0014041591461476126,9.805874310262462e-08,2.9238684013396436e-07
EFT:1.0104241096782794e-05,2.122547334954209e-06,1.987322000788117e-05,0.499281670416237,6.935296550282277e-09,0.4992816704162441,2.6320519398807075e-09,0.0014041591461476227,9.805874310262393e-08,2.9238684013396224e-07
Random3308
Raw:1.0104241096782938e-05,2.122547334954239e-06,1.987322000788145e-05,0.499281670416237,6.935296550282277e-09,0.4992816704162441,2.632051939880745e-09,0.0014041591461476427,9.805874310262532e-08,2.9238684013396224e-07
EFT:1.0104241096782794e-05,2.122547334954209e-06,1.987322000788117e-05,0.499281670416237,6.935296550282277e-09,0.4992816704162441,2.6320519398807075e-09,0.0014041591461476227,9.805874310262393e-08,2.9238684013396224e-07
Random3309
Raw:1.0104241096783009e-05,2.122547334954224e-06,1.987322000788131e-05,0.49928167041623345,6.935296550282327e-09,0.49928167041624766,2.6320519398807638e-09,0.0014041591461476327,9.805874310262462e-08,2.923868401339685e-07
EFT:1.0104241096782794e-05,2.122547334954209e-06,1.987322000788117e-05,0.499281670416237,6.935296550282277e-09,0.4992816704162441,2.6320519398807075e-09,0.0014041591461476227,9.805874310262393e-08,2.9238684013396224e-07
Random3310
Raw:1.0104241096782938e-05,2.122547334954209e-06,1.987322000788117e-05,0.499281670416237,6.9352965502823754e-09,0.4992816704162441,2.6320519398807824e-09,0.0014041591461476227,9.805874310262532e-08,2.9238684013396637e-07
EFT:1.0104241096782794e-05,2.122547334954209e-06,1.987322000788117e-05,0.499281670416237,6.935296550282277e-09,0.4992816704162441,2.6320519398807075e-09,0.0014041591461476227,9.805874310262393e-08,2.9238684013396224e-07
Random3311
Raw:1.0104241096782867e-05,2.122547334954224e-06,1.987322000788131e-05,0.49928167041624055,6.935296550282326e-09,0.49928167041624055,2.6320519398807265e-09,0.0014041591461476327,9.805874310262323e-08,2.923868401339643e-07
EFT:1.0104241096782794e-05,2.122547334954209e-06,1.987322000788117e-05,0.499281670416237,6.935296550282277e-09,0.4992816704162441,2.6320519398807075e-09,0.0014041591461476227,9.805874310262393e-08,2.9238684013396224e-07
Random3312
Raw:1.0104241096782938e-05,2.122547334954239e-06,1.987322000788117e-05,0.499281670416237,6.9352965502823754e-09,0.4992816704162441,2.6320519398807824e-09,0.0014041591461476227,9.805874310262532e-08,2.9238684013396637e-07
EFT:1.0104241096782794e-05,2.122547334954209e-06,1.987322000788117e-05,0.499281670416237,6.935296550282277e-09,0.4992816704162441,2.6320519398807075e-09,0.0014041591461476227,9.805874310262393e-08,2.9238684013396224e-07
Random3313
Raw:1.0104241096783009e-05,2.122547334954224e-06,1.9873220007881028e-05,0.49928167041623345,6.935296550282327e-09,0.49928167041624766,2.6320519398807638e-09,0.0014041591461476327,9.805874310262601e-08,2.9238684013396436e-07
EFT:1.0104241096782794e-05,2.122547334954209e-06,1.987322000788117e-05,0.499281670416237,6.935296550282277e-09,0.4992816704162441,2.6320519398807075e-09,0.0014041591461476227,9.805874310262393e-08,2.9238684013396224e-07
Random3314
Raw:1.0104241096782938e-05,2.122547334954209e-06,1.987322000788117e-05,0.499281670416237,6.9352965502823754e-09,0.4992816704162441,2.632051939880745e-09,0.0014041591461476227,9.805874310262532e-08,2.9238684013396637e-07
EFT:1.0104241096782794e-05,2.122547334954209e-06,1.987322000788117e-05,0.499281670416237,6.935296550282277e-09,0.4992816704162441,2.6320519398807075e-09,0.0014041591461476227,9.805874310262393e-08,2.9238684013396224e-07
Random3315
Raw:1.0104241096782794e-05,2.1225473349541788e-06,1.9873220007880885e-05,0.499281670416237,6.9352965502821786e-09,0.4992816704162441,2.632051939880745e-09,0.0014041591461476026,9.805874310262254e-08,2.9238684013396224e-07
EFT:1.0104241096782794e-05,2.122547334954209e-06,1.987322000788117e-05,0.499281670416237,6.935296550282277e-09,0.4992816704162441,2.6320519398807075e-09,0.0014041591461476227,9.805874310262393e-08,2.9238684013396224e-07
Random3316
Raw:1.0104241096782938e-05,2.122547334954209e-06,1.987322000788117e-05,0.499281670416237,6.935296550282277e-09,0.4992816704162441,2.632051939880745e-09,0.0014041591461476427,9.805874310262393e-08,2.9238684013396224e-07
EFT:1.0104241096782794e-05,2.122547334954209e-06,1.987322000788117e-05,0.499281670416237,6.935296550282277e-09,0.4992816704162441,2.6320519398807075e-09,0.0014041591461476227,9.805874310262393e-08,2.9238684013396224e-07
Random3317
Raw:1.0104241096782867e-05,2.122547334954194e-06,1.9873220007881028e-05,0.49928167041624055,6.935296550282326e-09,0.49928167041624055,2.6320519398807265e-09,0.0014041591461476128,9.805874310262323e-08,2.923868401339643e-07
EFT:1.0104241096782794e-05,2.122547334954209e-06,1.987322000788117e-05,0.499281670416237,6.935296550282277e-09,0.4992816704162441,2.6320519398807075e-09,0.0014041591461476227,9.805874310262393e-08,2.9238684013396224e-07
Random3318
Raw:1.0104241096783009e-05,2.122547334954194e-06,1.9873220007881028e-05,0.49928167041623345,6.935296550282327e-09,0.49928167041624766,2.6320519398807638e-09,0.0014041591461476327,9.805874310262462e-08,2.9238684013396436e-07
EFT:1.0104241096782794e-05,2.122547334954209e-06,1.987322000788117e-05,0.499281670416237,6.935296550282277e-09,0.4992816704162441,2.6320519398807075e-09,0.0014041591461476227,9.805874310262393e-08,2.9238684013396224e-07
Random3319
Raw:1.0104241096782938e-05,2.122547334954239e-06,1.9873220007880885e-05,0.499281670416237,6.935296550282277e-09,0.4992816704162441,2.632051939880745e-09,0.0014041591461476227,9.805874310262532e-08,2.9238684013396224e-07
EFT:1.0104241096782794e-05,2.122547334954209e-06,1.987322000788117e-05,0.499281670416237,6.935296550282277e-09,0.4992816704162441,2.6320519398807075e-09,0.0014041591461476227,9.805874310262393e-08,2.9238684013396224e-07
Random3320
Raw:1.0104241096782867e-05,2.122547334954224e-06,1.987322000788131e-05,0.49928167041624055,6.935296550282228e-09,0.49928167041624055,2.632051939880689e-09,0.0014041591461476327,9.805874310262462e-08,2.923868401339602e-07
EFT:1.0104241096782794e-05,2.122547334954209e-06,1.987322000788117e-05,0.499281670416237,6.935296550282277e-09,0.4992816704162441,2.6320519398807075e-09,0.0014041591461476227,9.805874310262393e-08,2.9238684013396224e-07
Random3321
Raw:1.0104241096782867e-05,2.122547334954194e-06,1.9873220007881028e-05,0.49928167041624055,6.935296550282326e-09,0.49928167041624055,2.6320519398807265e-09,0.0014041591461476128,9.805874310262323e-08,2.923868401339643e-07
EFT:1.0104241096782794e-05,2.122547334954209e-06,1.987322000788117e-05,0.499281670416237,6.935296550282277e-09,0.4992816704162441,2.6320519398807075e-09,0.0014041591461476227,9.805874310262393e-08,2.9238684013396224e-07
Random3322
Raw:1.0104241096782794e-05,2.122547334954209e-06,1.987322000788117e-05,0.499281670416237,6.935296550282277e-09,0.4992816704162441,2.632051939880745e-09,0.0014041591461476227,9.805874310262254e-08,2.9238684013396224e-07
EFT:1.0104241096782794e-05,2.122547334954209e-06,1.987322000788117e-05,0.499281670416237,6.935296550282277e-09,0.4992816704162441,2.6320519398807075e-09,0.0014041591461476227,9.805874310262393e-08,2.9238684013396224e-07
Random3323
Raw:1.0104241096782794e-05,2.122547334954209e-06,1.987322000788117e-05,0.4992816704162441,6.935296550282277e-09,0.499281670416237,2.63205193988067e-09,0.0014041591461476227,9.805874310262393e-08,2.9238684013396224e-07
EFT:1.0104241096782794e-05,2.122547334954209e-06,1.987322000788117e-05,0.499281670416237,6.935296550282277e-09,0.4992816704162441,2.6320519398807075e-09,0.0014041591461476227,9.805874310262393e-08,2.9238684013396224e-07
Random3324
Raw:1.0104241096782938e-05,2.1225473349541788e-06,1.9873220007880885e-05,0.499281670416237,6.935296550282277e-09,0.4992816704162441,2.632051939880745e-09,0.0014041591461476026,9.805874310262532e-08,2.9238684013396224e-07
EFT:1.0104241096782794e-05,2.122547334954209e-06,1.987322000788117e-05,0.499281670416237,6.935296550282277e-09,0.4992816704162441,2.6320519398807075e-09,0.0014041591461476227,9.805874310262393e-08,2.9238684013396224e-07
Random3325
Raw:1.0104241096782867e-05,2.122547334954224e-06,1.987322000788131e-05,0.49928167041624055,6.935296550282326e-09,0.49928167041624055,2.6320519398807638e-09,0.0014041591461476327,9.805874310262462e-08,2.923868401339643e-07
EFT:1.0104241096782794e-05,2.122547334954209e-06,1.987322000788117e-05,0.499281670416237,6.935296550282277e-09,0.4992816704162441,2.6320519398807075e-09,0.0014041591461476227,9.805874310262393e-08,2.9238684013396224e-07
Random3326
Raw:1.0104241096782938e-05,2.122547334954209e-06,1.987322000788117e-05,0.499281670416237,6.9352965502823754e-09,0.4992816704162441,2.632051939880745e-09,0.0014041591461476227,9.805874310262393e-08,2.9238684013396637e-07
EFT:1.0104241096782794e-05,2.122547334954209e-06,1.987322000788117e-05,0.499281670416237,6.935296550282277e-09,0.4992816704162441,2.6320519398807075e-09,0.0014041591461476227,9.805874310262393e-08,2.9238684013396224e-07
Random3327
Raw:1.0104241096782938e-05,2.122547334954209e-06,1.987322000788117e-05,0.499281670416237,6.9352965502823754e-09,0.4992816704162441,2.632051939880745e-09,0.0014041591461476227,9.805874310262393e-08,2.9238684013396637e-07
EFT:1.0104241096782794e-05,2.122547334954209e-06,1.987322000788117e-05,0.499281670416237,6.935296550282277e-09,0.4992816704162441,2.6320519398807075e-09,0.0014041591461476227,9.805874310262393e-08,2.9238684013396224e-07
Random3328
Raw:1.0104241096782867e-05,2.122547334954224e-06,1.9873220007881028e-05,0.49928167041624055,6.935296550282326e-09,0.49928167041624055,2.6320519398807265e-09,0.0014041591461476327,9.805874310262602e-08,2.923868401339643e-07
EFT:1.0104241096782794e-05,2.122547334954209e-06,1.987322000788117e-05,0.499281670416237,6.935296550282277e-09,0.4992816704162441,2.6320519398807075e-09,0.0014041591461476227,9.805874310262393e-08,2.9238684013396224e-07
Random3329
Raw:1.0104241096783009e-05,2.122547334954194e-06,1.9873220007881028e-05,0.49928167041623345,6.935296550282327e-09,0.49928167041624766,2.6320519398807638e-09,0.0014041591461476327,9.805874310262462e-08,2.9238684013396436e-07
EFT:1.0104241096782794e-05,2.122547334954209e-06,1.987322000788117e-05,0.499281670416237,6.935296550282277e-09,0.4992816704162441,2.6320519398807075e-09,0.0014041591461476227,9.805874310262393e-08,2.9238684013396224e-07
Random3330
Raw:1.0104241096782938e-05,2.122547334954209e-06,1.987322000788117e-05,0.499281670416237,6.935296550282277e-09,0.4992816704162441,2.632051939880745e-09,0.0014041591461476227,9.805874310262532e-08,2.9238684013396224e-07
EFT:1.0104241096782794e-05,2.122547334954209e-06,1.987322000788117e-05,0.499281670416237,6.935296550282277e-09,0.4992816704162441,2.6320519398807075e-09,0.0014041591461476227,9.805874310262393e-08,2.9238684013396224e-07
Random3331
Raw:1.0104241096782867e-05,2.1225473349542546e-06,1.987322000788131e-05,0.49928167041624055,6.935296550282326e-09,0.49928167041624055,2.6320519398807638e-09,0.0014041591461476128,9.805874310262462e-08,2.923868401339643e-07
EFT:1.0104241096782794e-05,2.122547334954209e-06,1.987322000788117e-05,0.499281670416237,6.935296550282277e-09,0.4992816704162441,2.6320519398807075e-09,0.0014041591461476227,9.805874310262393e-08,2.9238684013396224e-07
Random3332
Raw:1.0104241096783009e-05,2.122547334954224e-06,1.987322000788131e-05,0.49928167041623345,6.935296550282327e-09,0.49928167041624766,2.6320519398807638e-09,0.0014041591461476327,9.805874310262601e-08,2.9238684013396436e-07
EFT:1.0104241096782794e-05,2.122547334954209e-06,1.987322000788117e-05,0.499281670416237,6.935296550282277e-09,0.4992816704162441,2.6320519398807075e-09,0.0014041591461476227,9.805874310262393e-08,2.9238684013396224e-07
Random3333
Raw:1.0104241096782794e-05,2.122547334954209e-06,1.987322000788117e-05,0.499281670416237,6.935296550282277e-09,0.4992816704162441,2.632051939880745e-09,0.0014041591461476227,9.805874310262254e-08,2.9238684013396224e-07
EFT:1.0104241096782794e-05,2.122547334954209e-06,1.987322000788117e-05,0.499281670416237,6.935296550282277e-09,0.4992816704162441,2.6320519398807075e-09,0.0014041591461476227,9.805874310262393e-08,2.9238684013396224e-07
Random3334
Raw:1.0104241096782938e-05,2.122547334954209e-06,1.987322000788117e-05,0.499281670416237,6.9352965502823754e-09,0.4992816704162441,2.6320519398807824e-09,0.0014041591461476227,9.805874310262532e-08,2.9238684013396637e-07
EFT:1.0104241096782794e-05,2.122547334954209e-06,1.987322000788117e-05,0.499281670416237,6.935296550282277e-09,0.4992816704162441,2.6320519398807075e-09,0.0014041591461476227,9.805874310262393e-08,2.9238684013396224e-07
Random3335
Raw:1.0104241096782938e-05,2.122547334954209e-06,1.987322000788117e-05,0.499281670416237,6.9352965502823754e-09,0.4992816704162441,2.632051939880745e-09,0.0014041591461476227,9.805874310262393e-08,2.9238684013396637e-07
EFT:1.0104241096782794e-05,2.122547334954209e-06,1.987322000788117e-05,0.499281670416237,6.935296550282277e-09,0.4992816704162441,2.6320519398807075e-09,0.0014041591461476227,9.805874310262393e-08,2.9238684013396224e-07
Random3336
Raw:1.0104241096782938e-05,2.122547334954239e-06,1.987322000788117e-05,0.499281670416237,6.935296550282277e-09,0.4992816704162441,2.632051939880745e-09,0.0014041591461476427,9.805874310262393e-08,2.9238684013396637e-07
EFT:1.0104241096782794e-05,2.122547334954209e-06,1.987322000788117e-05,0.499281670416237,6.935296550282277e-09,0.4992816704162441,2.6320519398807075e-09,0.0014041591461476227,9.805874310262393e-08,2.9238684013396224e-07
Random3337
Raw:1.0104241096782938e-05,2.122547334954239e-06,1.987322000788145e-05,0.499281670416237,6.935296550282277e-09,0.4992816704162441,2.632051939880745e-09,0.0014041591461476427,9.805874310262393e-08,2.9238684013396637e-07
EFT:1.0104241096782794e-05,2.122547334954209e-06,1.987322000788117e-05,0.499281670416237,6.935296550282277e-09,0.4992816704162441,2.6320519398807075e-09,0.0014041591461476227,9.805874310262393e-08,2.9238684013396224e-07
Random3338
Raw:1.0104241096783009e-05,2.122547334954224e-06,1.987322000788131e-05,0.49928167041623345,6.935296550282327e-09,0.49928167041624766,2.6320519398807638e-09,0.0014041591461476327,9.805874310262601e-08,2.9238684013396436e-07
EFT:1.0104241096782794e-05,2.122547334954209e-06,1.987322000788117e-05,0.499281670416237,6.935296550282277e-09,0.4992816704162441,2.6320519398807075e-09,0.0014041591461476227,9.805874310262393e-08,2.9238684013396224e-07
Random3339
Raw:1.0104241096782867e-05,2.122547334954194e-06,1.9873220007881028e-05,0.49928167041624055,6.935296550282326e-09,0.49928167041624055,2.6320519398807265e-09,0.0014041591461476128,9.805874310262323e-08,2.923868401339643e-07
EFT:1.0104241096782794e-05,2.122547334954209e-06,1.987322000788117e-05,0.499281670416237,6.935296550282277e-09,0.4992816704162441,2.6320519398807075e-09,0.0014041591461476227,9.805874310262393e-08,2.9238684013396224e-07
Random3340
Raw:1.0104241096782938e-05,2.1225473349541788e-06,1.9873220007880885e-05,0.499281670416237,6.935296550282277e-09,0.4992816704162441,2.632051939880745e-09,0.0014041591461476026,9.805874310262532e-08,2.9238684013396224e-07
EFT:1.0104241096782794e-05,2.122547334954209e-06,1.987322000788117e-05,0.499281670416237,6.935296550282277e-09,0.4992816704162441,2.6320519398807075e-09,0.0014041591461476227,9.805874310262393e-08,2.9238684013396224e-07
Random3341
Raw:1.0104241096782938e-05,2.122547334954239e-06,1.987322000788145e-05,0.499281670416237,6.935296550282277e-09,0.4992816704162441,2.632051939880745e-09,0.0014041591461476427,9.805874310262393e-08,2.9238684013396637e-07
EFT:1.0104241096782794e-05,2.122547334954209e-06,1.987322000788117e-05,0.499281670416237,6.935296550282277e-09,0.4992816704162441,2.6320519398807075e-09,0.0014041591461476227,9.805874310262393e-08,2.9238684013396224e-07
Random3342
Raw:1.0104241096782867e-05,2.122547334954194e-06,1.9873220007881028e-05,0.49928167041624055,6.935296550282326e-09,0.49928167041624055,2.6320519398807265e-09,0.0014041591461476128,9.805874310262323e-08,2.923868401339643e-07
EFT:1.0104241096782794e-05,2.122547334954209e-06,1.987322000788117e-05,0.499281670416237,6.935296550282277e-09,0.4992816704162441,2.6320519398807075e-09,0.0014041591461476227,9.805874310262393e-08,2.9238684013396224e-07
Random3343
Raw:1.0104241096783009e-05,2.122547334954224e-06,1.987322000788131e-05,0.49928167041623345,6.935296550282327e-09,0.49928167041624766,2.6320519398807638e-09,0.0014041591461476327,9.805874310262601e-08,2.9238684013396436e-07
EFT:1.0104241096782794e-05,2.122547334954209e-06,1.987322000788117e-05,0.499281670416237,6.935296550282277e-09,0.4992816704162441,2.6320519398807075e-09,0.0014041591461476227,9.805874310262393e-08,2.9238684013396224e-07
Random3344
Raw:1.0104241096782938e-05,2.122547334954239e-06,1.987322000788117e-05,0.499281670416237,6.935296550282277e-09,0.4992816704162441,2.632051939880745e-09,0.0014041591461476227,9.805874310262532e-08,2.9238684013396224e-07
EFT:1.0104241096782794e-05,2.122547334954209e-06,1.987322000788117e-05,0.499281670416237,6.935296550282277e-09,0.4992816704162441,2.6320519398807075e-09,0.0014041591461476227,9.805874310262393e-08,2.9238684013396224e-07
Random3345
Raw:1.0104241096783082e-05,2.122547334954239e-06,1.987322000788145e-05,0.499281670416237,6.935296550282475e-09,0.4992816704162441,2.6320519398807824e-09,0.0014041591461476427,9.805874310262532e-08,2.9238684013396637e-07
EFT:1.0104241096782794e-05,2.122547334954209e-06,1.987322000788117e-05,0.499281670416237,6.935296550282277e-09,0.4992816704162441,2.6320519398807075e-09,0.0014041591461476227,9.805874310262393e-08,2.9238684013396224e-07
Random3346
Raw:1.0104241096782938e-05,2.122547334954209e-06,1.987322000788117e-05,0.499281670416237,6.9352965502823754e-09,0.4992816704162441,2.632051939880745e-09,0.0014041591461476227,9.805874310262532e-08,2.9238684013396637e-07
EFT:1.0104241096782794e-05,2.122547334954209e-06,1.987322000788117e-05,0.499281670416237,6.935296550282277e-09,0.4992816704162441,2.6320519398807075e-09,0.0014041591461476227,9.805874310262393e-08,2.9238684013396224e-07
Random3347
Raw:1.0104241096782938e-05,2.122547334954239e-06,1.987322000788145e-05,0.499281670416237,6.935296550282277e-09,0.4992816704162441,2.632051939880745e-09,0.0014041591461476427,9.805874310262393e-08,2.9238684013396637e-07
EFT:1.0104241096782794e-05,2.122547334954209e-06,1.987322000788117e-05,0.499281670416237,6.935296550282277e-09,0.4992816704162441,2.6320519398807075e-09,0.0014041591461476227,9.805874310262393e-08,2.9238684013396224e-07
Random3348
Raw:1.0104241096782938e-05,2.1225473349541788e-06,1.9873220007880885e-05,0.499281670416237,6.935296550282277e-09,0.4992816704162441,2.632051939880745e-09,0.0014041591461476026,9.805874310262532e-08,2.9238684013396224e-07
EFT:1.0104241096782794e-05,2.122547334954209e-06,1.987322000788117e-05,0.499281670416237,6.935296550282277e-09,0.4992816704162441,2.6320519398807075e-09,0.0014041591461476227,9.805874310262393e-08,2.9238684013396224e-07
Random3349
Raw:1.0104241096782794e-05,2.1225473349541788e-06,1.9873220007880885e-05,0.499281670416237,6.9352965502821786e-09,0.4992816704162441,2.63205193988067e-09,0.0014041591461476227,9.805874310262254e-08,2.923868401339581e-07
EFT:1.0104241096782794e-05,2.122547334954209e-06,1.987322000788117e-05,0.499281670416237,6.935296550282277e-09,0.4992816704162441,2.6320519398807075e-09,0.0014041591461476227,9.805874310262393e-08,2.9238684013396224e-07
Random3350
Raw:1.0104241096782938e-05,2.122547334954239e-06,1.987322000788117e-05,0.499281670416237,6.9352965502823754e-09,0.4992816704162441,2.6320519398807824e-09,0.0014041591461476227,9.805874310262532e-08,2.9238684013396637e-07
EFT:1.0104241096782794e-05,2.122547334954209e-06,1.987322000788117e-05,0.499281670416237,6.935296550282277e-09,0.4992816704162441,2.6320519398807075e-09,0.0014041591461476227,9.805874310262393e-08,2.9238684013396224e-07
Random3351
Raw:1.0104241096782938e-05,2.1225473349541788e-06,1.9873220007880885e-05,0.499281670416237,6.935296550282277e-09,0.4992816704162441,2.632051939880745e-09,0.0014041591461476026,9.805874310262532e-08,2.9238684013396224e-07
EFT:1.0104241096782794e-05,2.122547334954209e-06,1.987322000788117e-05,0.499281670416237,6.935296550282277e-09,0.4992816704162441,2.6320519398807075e-09,0.0014041591461476227,9.805874310262393e-08,2.9238684013396224e-07
Random3352
Raw:1.0104241096782794e-05,2.122547334954209e-06,1.987322000788117e-05,0.499281670416237,6.935296550282277e-09,0.4992816704162441,2.6320519398807075e-09,0.0014041591461476227,9.805874310262393e-08,2.9238684013396224e-07
EFT:1.0104241096782794e-05,2.122547334954209e-06,1.987322000788117e-05,0.499281670416237,6.935296550282277e-09,0.4992816704162441,2.6320519398807075e-09,0.0014041591461476227,9.805874310262393e-08,2.9238684013396224e-07
Random3353
Raw:1.0104241096782938e-05,2.122547334954209e-06,1.987322000788117e-05,0.499281670416237,6.935296550282277e-09,0.4992816704162441,2.632051939880745e-09,0.0014041591461476227,9.805874310262532e-08,2.9238684013396224e-07
EFT:1.0104241096782794e-05,2.122547334954209e-06,1.987322000788117e-05,0.499281670416237,6.935296550282277e-09,0.4992816704162441,2.6320519398807075e-09,0.0014041591461476227,9.805874310262393e-08,2.9238684013396224e-07
Random3354
Raw:1.0104241096782794e-05,2.122547334954209e-06,1.987322000788117e-05,0.4992816704162441,6.935296550282277e-09,0.499281670416237,2.63205193988067e-09,0.0014041591461476227,9.805874310262254e-08,2.9238684013396224e-07
EFT:1.0104241096782794e-05,2.122547334954209e-06,1.987322000788117e-05,0.499281670416237,6.935296550282277e-09,0.4992816704162441,2.6320519398807075e-09,0.0014041591461476227,9.805874310262393e-08,2.9238684013396224e-07
Random3355
Raw:1.0104241096782938e-05,2.122547334954239e-06,1.987322000788117e-05,0.499281670416237,6.9352965502823754e-09,0.4992816704162441,2.6320519398807824e-09,0.0014041591461476227,9.805874310262532e-08,2.9238684013396637e-07
EFT:1.0104241096782794e-05,2.122547334954209e-06,1.987322000788117e-05,0.499281670416237,6.935296550282277e-09,0.4992816704162441,2.6320519398807075e-09,0.0014041591461476227,9.805874310262393e-08,2.9238684013396224e-07
Random3356
Raw:1.0104241096782938e-05,2.122547334954209e-06,1.987322000788117e-05,0.499281670416237,6.9352965502823754e-09,0.4992816704162441,2.6320519398807824e-09,0.0014041591461476227,9.805874310262532e-08,2.9238684013396637e-07
EFT:1.0104241096782794e-05,2.122547334954209e-06,1.987322000788117e-05,0.499281670416237,6.935296550282277e-09,0.4992816704162441,2.6320519398807075e-09,0.0014041591461476227,9.805874310262393e-08,2.9238684013396224e-07
Random3357
Raw:1.0104241096782867e-05,2.122547334954194e-06,1.9873220007881028e-05,0.49928167041624055,6.935296550282326e-09,0.49928167041624055,2.6320519398807265e-09,0.0014041591461476128,9.805874310262602e-08,2.923868401339643e-07
EFT:1.0104241096782794e-05,2.122547334954209e-06,1.987322000788117e-05,0.499281670416237,6.935296550282277e-09,0.4992816704162441,2.6320519398807075e-09,0.0014041591461476227,9.805874310262393e-08,2.9238684013396224e-07
Random3358
Raw:1.0104241096783009e-05,2.122547334954224e-06,1.987322000788131e-05,0.49928167041623345,6.935296550282327e-09,0.49928167041624766,2.6320519398807638e-09,0.0014041591461476327,9.805874310262462e-08,2.923868401339685e-07
EFT:1.0104241096782794e-05,2.122547334954209e-06,1.987322000788117e-05,0.499281670416237,6.935296550282277e-09,0.4992816704162441,2.6320519398807075e-09,0.0014041591461476227,9.805874310262393e-08,2.9238684013396224e-07
Random3359
Raw:1.0104241096782794e-05,2.122547334954209e-06,1.987322000788117e-05,0.499281670416237,6.9352965502821786e-09,0.4992816704162441,2.6320519398807075e-09,0.0014041591461476227,9.805874310262393e-08,2.9238684013396224e-07
EFT:1.0104241096782794e-05,2.122547334954209e-06,1.987322000788117e-05,0.499281670416237,6.935296550282277e-09,0.4992816704162441,2.6320519398807075e-09,0.0014041591461476227,9.805874310262393e-08,2.9238684013396224e-07
Random3360
Raw:1.0104241096782867e-05,2.122547334954224e-06,1.987322000788131e-05,0.49928167041624055,6.935296550282326e-09,0.49928167041624055,2.6320519398807265e-09,0.0014041591461476327,9.805874310262323e-08,2.923868401339643e-07
EFT:1.0104241096782794e-05,2.122547334954209e-06,1.987322000788117e-05,0.499281670416237,6.935296550282277e-09,0.4992816704162441,2.6320519398807075e-09,0.0014041591461476227,9.805874310262393e-08,2.9238684013396224e-07
Random3361
Raw:1.0104241096782938e-05,2.122547334954239e-06,1.987322000788117e-05,0.499281670416237,6.935296550282277e-09,0.4992816704162441,2.632051939880745e-09,0.0014041591461476427,9.805874310262393e-08,2.9238684013396637e-07
EFT:1.0104241096782794e-05,2.122547334954209e-06,1.987322000788117e-05,0.499281670416237,6.935296550282277e-09,0.4992816704162441,2.6320519398807075e-09,0.0014041591461476227,9.805874310262393e-08,2.9238684013396224e-07
Random3362
Raw:1.0104241096783009e-05,2.122547334954224e-06,1.9873220007881028e-05,0.49928167041623345,6.935296550282327e-09,0.49928167041624766,2.6320519398807638e-09,0.0014041591461476327,9.805874310262601e-08,2.9238684013396436e-07
EFT:1.0104241096782794e-05,2.122547334954209e-06,1.987322000788117e-05,0.499281670416237,6.935296550282277e-09,0.4992816704162441,2.6320519398807075e-09,0.0014041591461476227,9.805874310262393e-08,2.9238684013396224e-07
Random3363
Raw:1.0104241096782867e-05,2.122547334954224e-06,1.9873220007881028e-05,0.49928167041624055,6.935296550282326e-09,0.49928167041624055,2.6320519398807265e-09,0.0014041591461476327,9.805874310262323e-08,2.923868401339643e-07
EFT:1.0104241096782794e-05,2.122547334954209e-06,1.987322000788117e-05,0.499281670416237,6.935296550282277e-09,0.4992816704162441,2.6320519398807075e-09,0.0014041591461476227,9.805874310262393e-08,2.9238684013396224e-07
Random3364
Raw:1.0104241096782938e-05,2.122547334954209e-06,1.987322000788117e-05,0.499281670416237,6.9352965502823754e-09,0.4992816704162441,2.6320519398807824e-09,0.0014041591461476227,9.805874310262532e-08,2.9238684013396637e-07
EFT:1.0104241096782794e-05,2.122547334954209e-06,1.987322000788117e-05,0.499281670416237,6.935296550282277e-09,0.4992816704162441,2.6320519398807075e-09,0.0014041591461476227,9.805874310262393e-08,2.9238684013396224e-07
Random3365
Raw:1.0104241096782938e-05,2.122547334954239e-06,1.987322000788117e-05,0.499281670416237,6.9352965502823754e-09,0.4992816704162441,2.6320519398807824e-09,0.0014041591461476227,9.805874310262532e-08,2.9238684013396637e-07
EFT:1.0104241096782794e-05,2.122547334954209e-06,1.987322000788117e-05,0.499281670416237,6.935296550282277e-09,0.4992816704162441,2.6320519398807075e-09,0.0014041591461476227,9.805874310262393e-08,2.9238684013396224e-07
Random3366
Raw:1.0104241096782794e-05,2.122547334954209e-06,1.987322000788117e-05,0.499281670416237,6.9352965502821786e-09,0.4992816704162441,2.6320519398807075e-09,0.0014041591461476227,9.805874310262393e-08,2.9238684013396224e-07
EFT:1.0104241096782794e-05,2.122547334954209e-06,1.987322000788117e-05,0.499281670416237,6.935296550282277e-09,0.4992816704162441,2.6320519398807075e-09,0.0014041591461476227,9.805874310262393e-08,2.9238684013396224e-07
Random3367
Raw:1.0104241096782867e-05,2.122547334954224e-06,1.987322000788131e-05,0.49928167041624055,6.935296550282326e-09,0.49928167041624055,2.6320519398807265e-09,0.0014041591461476327,9.805874310262462e-08,2.923868401339643e-07
EFT:1.0104241096782794e-05,2.122547334954209e-06,1.987322000788117e-05,0.499281670416237,6.935296550282277e-09,0.4992816704162441,2.6320519398807075e-09,0.0014041591461476227,9.805874310262393e-08,2.9238684013396224e-07
Random3368
Raw:1.0104241096782938e-05,2.122547334954209e-06,1.987322000788117e-05,0.499281670416237,6.935296550282277e-09,0.4992816704162441,2.632051939880745e-09,0.0014041591461476227,9.805874310262532e-08,2.9238684013396224e-07
EFT:1.0104241096782794e-05,2.122547334954209e-06,1.987322000788117e-05,0.499281670416237,6.935296550282277e-09,0.4992816704162441,2.6320519398807075e-09,0.0014041591461476227,9.805874310262393e-08,2.9238684013396224e-07
Random3369
Raw:1.0104241096782938e-05,2.122547334954239e-06,1.9873220007880885e-05,0.499281670416237,6.935296550282277e-09,0.4992816704162441,2.632051939880745e-09,0.0014041591461476227,9.805874310262532e-08,2.9238684013396224e-07
EFT:1.0104241096782794e-05,2.122547334954209e-06,1.987322000788117e-05,0.499281670416237,6.935296550282277e-09,0.4992816704162441,2.6320519398807075e-09,0.0014041591461476227,9.805874310262393e-08,2.9238684013396224e-07
Random3370
Raw:1.0104241096782867e-05,2.122547334954224e-06,1.987322000788131e-05,0.49928167041624055,6.935296550282326e-09,0.49928167041624055,2.6320519398807265e-09,0.0014041591461476327,9.805874310262462e-08,2.923868401339643e-07
EFT:1.0104241096782794e-05,2.122547334954209e-06,1.987322000788117e-05,0.499281670416237,6.935296550282277e-09,0.4992816704162441,2.6320519398807075e-09,0.0014041591461476227,9.805874310262393e-08,2.9238684013396224e-07
Random3371
Raw:1.0104241096782938e-05,2.122547334954209e-06,1.987322000788117e-05,0.499281670416237,6.935296550282277e-09,0.4992816704162441,2.632051939880745e-09,0.0014041591461476427,9.805874310262393e-08,2.9238684013396224e-07
EFT:1.0104241096782794e-05,2.122547334954209e-06,1.987322000788117e-05,0.499281670416237,6.935296550282277e-09,0.4992816704162441,2.6320519398807075e-09,0.0014041591461476227,9.805874310262393e-08,2.9238684013396224e-07
Random3372
Raw:1.0104241096783009e-05,2.122547334954194e-06,1.9873220007881028e-05,0.49928167041623345,6.935296550282327e-09,0.49928167041624766,2.6320519398807638e-09,0.0014041591461476126,9.805874310262601e-08,2.9238684013396436e-07
EFT:1.0104241096782794e-05,2.122547334954209e-06,1.987322000788117e-05,0.499281670416237,6.935296550282277e-09,0.4992816704162441,2.6320519398807075e-09,0.0014041591461476227,9.805874310262393e-08,2.9238684013396224e-07
Random3373
Raw:1.0104241096782938e-05,2.122547334954239e-06,1.987322000788145e-05,0.499281670416237,6.935296550282277e-09,0.4992816704162441,2.632051939880745e-09,0.0014041591461476427,9.805874310262393e-08,2.9238684013396637e-07
EFT:1.0104241096782794e-05,2.122547334954209e-06,1.987322000788117e-05,0.499281670416237,6.935296550282277e-09,0.4992816704162441,2.6320519398807075e-09,0.0014041591461476227,9.805874310262393e-08,2.9238684013396224e-07
Random3374
Raw:1.0104241096782938e-05,2.122547334954209e-06,1.987322000788117e-05,0.499281670416237,6.935296550282277e-09,0.4992816704162441,2.632051939880745e-09,0.0014041591461476427,9.805874310262393e-08,2.9238684013396224e-07
EFT:1.0104241096782794e-05,2.122547334954209e-06,1.987322000788117e-05,0.499281670416237,6.935296550282277e-09,0.4992816704162441,2.6320519398807075e-09,0.0014041591461476227,9.805874310262393e-08,2.9238684013396224e-07
Random3375
Raw:1.0104241096782938e-05,2.122547334954239e-06,1.9873220007880885e-05,0.499281670416237,6.935296550282277e-09,0.4992816704162441,2.632051939880745e-09,0.0014041591461476227,9.805874310262532e-08,2.9238684013396224e-07
EFT:1.0104241096782794e-05,2.122547334954209e-06,1.987322000788117e-05,0.499281670416237,6.935296550282277e-09,0.4992816704162441,2.6320519398807075e-09,0.0014041591461476227,9.805874310262393e-08,2.9238684013396224e-07
Random3376
Raw:1.0104241096782867e-05,2.122547334954194e-06,1.9873220007881028e-05,0.49928167041624055,6.935296550282326e-09,0.49928167041624055,2.6320519398807265e-09,0.0014041591461476128,9.805874310262602e-08,2.923868401339643e-07
EFT:1.0104241096782794e-05,2.122547334954209e-06,1.987322000788117e-05,0.499281670416237,6.935296550282277e-09,0.4992816704162441,2.6320519398807075e-09,0.0014041591461476227,9.805874310262393e-08,2.9238684013396224e-07
Random3377
Raw:1.0104241096782865e-05,2.122547334954194e-06,1.9873220007881028e-05,0.49928167041623345,6.935296550282228e-09,0.49928167041624766,2.632051939880726e-09,0.0014041591461476126,9.805874310262462e-08,2.9238684013396436e-07
EFT:1.0104241096782794e-05,2.122547334954209e-06,1.987322000788117e-05,0.499281670416237,6.935296550282277e-09,0.4992816704162441,2.6320519398807075e-09,0.0014041591461476227,9.805874310262393e-08,2.9238684013396224e-07
Random3378
Raw:1.0104241096782938e-05,2.122547334954239e-06,1.987322000788145e-05,0.499281670416237,6.935296550282277e-09,0.4992816704162441,2.632051939880745e-09,0.0014041591461476427,9.805874310262393e-08,2.9238684013396637e-07
EFT:1.0104241096782794e-05,2.122547334954209e-06,1.987322000788117e-05,0.499281670416237,6.935296550282277e-09,0.4992816704162441,2.6320519398807075e-09,0.0014041591461476227,9.805874310262393e-08,2.9238684013396224e-07
Random3379
Raw:1.0104241096782867e-05,2.122547334954224e-06,1.987322000788131e-05,0.49928167041624055,6.935296550282228e-09,0.49928167041624055,2.632051939880689e-09,0.0014041591461476327,9.805874310262323e-08,2.923868401339643e-07
EFT:1.0104241096782794e-05,2.122547334954209e-06,1.987322000788117e-05,0.499281670416237,6.935296550282277e-09,0.4992816704162441,2.6320519398807075e-09,0.0014041591461476227,9.805874310262393e-08,2.9238684013396224e-07
Random3380
Raw:1.0104241096782938e-05,2.122547334954239e-06,1.987322000788117e-05,0.499281670416237,6.935296550282277e-09,0.4992816704162441,2.632051939880745e-09,0.0014041591461476427,9.805874310262532e-08,2.9238684013396224e-07
EFT:1.0104241096782794e-05,2.122547334954209e-06,1.987322000788117e-05,0.499281670416237,6.935296550282277e-09,0.4992816704162441,2.6320519398807075e-09,0.0014041591461476227,9.805874310262393e-08,2.9238684013396224e-07
Random3381
Raw:1.0104241096782938e-05,2.1225473349541788e-06,1.9873220007880885e-05,0.499281670416237,6.935296550282277e-09,0.4992816704162441,2.632051939880745e-09,0.0014041591461476026,9.805874310262532e-08,2.9238684013396224e-07
EFT:1.0104241096782794e-05,2.122547334954209e-06,1.987322000788117e-05,0.499281670416237,6.935296550282277e-09,0.4992816704162441,2.6320519398807075e-09,0.0014041591461476227,9.805874310262393e-08,2.9238684013396224e-07
Random3382
Raw:1.0104241096782938e-05,2.122547334954239e-06,1.987322000788117e-05,0.499281670416237,6.935296550282277e-09,0.4992816704162441,2.632051939880745e-09,0.0014041591461476427,9.805874310262532e-08,2.9238684013396224e-07
EFT:1.0104241096782794e-05,2.122547334954209e-06,1.987322000788117e-05,0.499281670416237,6.935296550282277e-09,0.4992816704162441,2.6320519398807075e-09,0.0014041591461476227,9.805874310262393e-08,2.9238684013396224e-07
Random3383
Raw:1.0104241096782867e-05,2.122547334954224e-06,1.987322000788131e-05,0.49928167041624055,6.935296550282326e-09,0.49928167041624055,2.6320519398807265e-09,0.0014041591461476327,9.805874310262462e-08,2.923868401339643e-07
EFT:1.0104241096782794e-05,2.122547334954209e-06,1.987322000788117e-05,0.499281670416237,6.935296550282277e-09,0.4992816704162441,2.6320519398807075e-09,0.0014041591461476227,9.805874310262393e-08,2.9238684013396224e-07
Random3384
Raw:1.0104241096783082e-05,2.122547334954239e-06,1.987322000788145e-05,0.499281670416237,6.935296550282475e-09,0.4992816704162441,2.6320519398807824e-09,0.0014041591461476427,9.805874310262532e-08,2.9238684013396637e-07
EFT:1.0104241096782794e-05,2.122547334954209e-06,1.987322000788117e-05,0.499281670416237,6.935296550282277e-09,0.4992816704162441,2.6320519398807075e-09,0.0014041591461476227,9.805874310262393e-08,2.9238684013396224e-07
Random3385
Raw:1.0104241096782867e-05,2.122547334954224e-06,1.987322000788131e-05,0.49928167041624055,6.935296550282326e-09,0.49928167041624055,2.6320519398807265e-09,0.0014041591461476327,9.805874310262462e-08,2.923868401339643e-07
EFT:1.0104241096782794e-05,2.122547334954209e-06,1.987322000788117e-05,0.499281670416237,6.935296550282277e-09,0.4992816704162441,2.6320519398807075e-09,0.0014041591461476227,9.805874310262393e-08,2.9238684013396224e-07
Random3386
Raw:1.0104241096782938e-05,2.122547334954209e-06,1.9873220007880885e-05,0.499281670416237,6.935296550282277e-09,0.4992816704162441,2.632051939880745e-09,0.0014041591461476227,9.805874310262532e-08,2.9238684013396224e-07
EFT:1.0104241096782794e-05,2.122547334954209e-06,1.987322000788117e-05,0.499281670416237,6.935296550282277e-09,0.4992816704162441,2.6320519398807075e-09,0.0014041591461476227,9.805874310262393e-08,2.9238684013396224e-07
Random3387
Raw:1.0104241096782938e-05,2.122547334954239e-06,1.987322000788145e-05,0.499281670416237,6.9352965502823754e-09,0.4992816704162441,2.632051939880745e-09,0.0014041591461476227,9.805874310262532e-08,2.9238684013396637e-07
EFT:1.0104241096782794e-05,2.122547334954209e-06,1.987322000788117e-05,0.499281670416237,6.935296550282277e-09,0.4992816704162441,2.6320519398807075e-09,0.0014041591461476227,9.805874310262393e-08,2.9238684013396224e-07
Random3388
Raw:1.0104241096782723e-05,2.122547334954194e-06,1.9873220007881028e-05,0.49928167041624055,6.93529655028213e-09,0.49928167041624055,2.6320519398806513e-09,0.0014041591461476128,9.805874310262323e-08,2.923868401339602e-07
EFT:1.0104241096782794e-05,2.122547334954209e-06,1.987322000788117e-05,0.499281670416237,6.935296550282277e-09,0.4992816704162441,2.6320519398807075e-09,0.0014041591461476227,9.805874310262393e-08,2.9238684013396224e-07
Random3389
Raw:1.0104241096782938e-05,2.122547334954209e-06,1.987322000788117e-05,0.499281670416237,6.935296550282277e-09,0.4992816704162441,2.632051939880745e-09,0.0014041591461476427,9.805874310262393e-08,2.9238684013396224e-07
EFT:1.0104241096782794e-05,2.122547334954209e-06,1.987322000788117e-05,0.499281670416237,6.935296550282277e-09,0.4992816704162441,2.6320519398807075e-09,0.0014041591461476227,9.805874310262393e-08,2.9238684013396224e-07
Random3390
Raw:1.0104241096782938e-05,2.122547334954209e-06,1.987322000788117e-05,0.499281670416237,6.935296550282277e-09,0.4992816704162441,2.632051939880745e-09,0.0014041591461476227,9.805874310262532e-08,2.9238684013396224e-07
EFT:1.0104241096782794e-05,2.122547334954209e-06,1.987322000788117e-05,0.499281670416237,6.935296550282277e-09,0.4992816704162441,2.6320519398807075e-09,0.0014041591461476227,9.805874310262393e-08,2.9238684013396224e-07
Random3391
Raw:1.0104241096782794e-05,2.122547334954209e-06,1.987322000788117e-05,0.499281670416237,6.935296550282277e-09,0.4992816704162441,2.6320519398807075e-09,0.0014041591461476227,9.805874310262393e-08,2.9238684013396224e-07
EFT:1.0104241096782794e-05,2.122547334954209e-06,1.987322000788117e-05,0.499281670416237,6.935296550282277e-09,0.4992816704162441,2.6320519398807075e-09,0.0014041591461476227,9.805874310262393e-08,2.9238684013396224e-07
Random3392
Raw:1.0104241096782867e-05,2.122547334954224e-06,1.9873220007881028e-05,0.49928167041624055,6.935296550282326e-09,0.49928167041624055,2.6320519398807265e-09,0.0014041591461476327,9.805874310262323e-08,2.923868401339643e-07
EFT:1.0104241096782794e-05,2.122547334954209e-06,1.987322000788117e-05,0.499281670416237,6.935296550282277e-09,0.4992816704162441,2.6320519398807075e-09,0.0014041591461476227,9.805874310262393e-08,2.9238684013396224e-07
Random3393
Raw:1.0104241096782938e-05,2.1225473349541788e-06,1.9873220007880885e-05,0.499281670416237,6.935296550282277e-09,0.4992816704162441,2.632051939880745e-09,0.0014041591461476026,9.805874310262532e-08,2.9238684013396224e-07
EFT:1.0104241096782794e-05,2.122547334954209e-06,1.987322000788117e-05,0.499281670416237,6.935296550282277e-09,0.4992816704162441,2.6320519398807075e-09,0.0014041591461476227,9.805874310262393e-08,2.9238684013396224e-07
Random3394
Raw:1.0104241096783009e-05,2.122547334954194e-06,1.9873220007881028e-05,0.49928167041623345,6.935296550282327e-09,0.49928167041624766,2.6320519398807638e-09,0.0014041591461476327,9.805874310262462e-08,2.9238684013396436e-07
EFT:1.0104241096782794e-05,2.122547334954209e-06,1.987322000788117e-05,0.499281670416237,6.935296550282277e-09,0.4992816704162441,2.6320519398807075e-09,0.0014041591461476227,9.805874310262393e-08,2.9238684013396224e-07
Random3395
Raw:1.0104241096782867e-05,2.1225473349542546e-06,1.987322000788131e-05,0.49928167041624055,6.935296550282326e-09,0.49928167041624055,2.6320519398807638e-09,0.0014041591461476128,9.805874310262462e-08,2.923868401339643e-07
EFT:1.0104241096782794e-05,2.122547334954209e-06,1.987322000788117e-05,0.499281670416237,6.935296550282277e-09,0.4992816704162441,2.6320519398807075e-09,0.0014041591461476227,9.805874310262393e-08,2.9238684013396224e-07
Random3396
Raw:1.0104241096782865e-05,2.122547334954194e-06,1.9873220007881028e-05,0.49928167041623345,6.935296550282228e-09,0.49928167041624766,2.632051939880726e-09,0.0014041591461476126,9.805874310262462e-08,2.9238684013396436e-07
EFT:1.0104241096782794e-05,2.122547334954209e-06,1.987322000788117e-05,0.499281670416237,6.935296550282277e-09,0.4992816704162441,2.6320519398807075e-09,0.0014041591461476227,9.805874310262393e-08,2.9238684013396224e-07
Random3397
Raw:1.0104241096783009e-05,2.122547334954194e-06,1.9873220007881028e-05,0.49928167041623345,6.935296550282327e-09,0.49928167041624766,2.6320519398807638e-09,0.0014041591461476327,9.805874310262462e-08,2.9238684013396436e-07
EFT:1.0104241096782794e-05,2.122547334954209e-06,1.987322000788117e-05,0.499281670416237,6.935296550282277e-09,0.4992816704162441,2.6320519398807075e-09,0.0014041591461476227,9.805874310262393e-08,2.9238684013396224e-07
Random3398
Raw:1.0104241096782938e-05,2.122547334954209e-06,1.987322000788117e-05,0.499281670416237,6.9352965502823754e-09,0.4992816704162441,2.632051939880745e-09,0.0014041591461476227,9.805874310262532e-08,2.9238684013396637e-07
EFT:1.0104241096782794e-05,2.122547334954209e-06,1.987322000788117e-05,0.499281670416237,6.935296550282277e-09,0.4992816704162441,2.6320519398807075e-09,0.0014041591461476227,9.805874310262393e-08,2.9238684013396224e-07
Random3399
Raw:1.0104241096782938e-05,2.122547334954209e-06,1.987322000788117e-05,0.499281670416237,6.935296550282277e-09,0.4992816704162441,2.632051939880745e-09,0.0014041591461476427,9.805874310262393e-08,2.9238684013396224e-07
EFT:1.0104241096782794e-05,2.122547334954209e-06,1.987322000788117e-05,0.499281670416237,6.935296550282277e-09,0.4992816704162441,2.6320519398807075e-09,0.0014041591461476227,9.805874310262393e-08,2.9238684013396224e-07
Random3400
Raw:1.0104241096782794e-05,2.122547334954209e-06,1.9873220007880885e-05,0.499281670416237,6.9352965502821786e-09,0.4992816704162441,2.632051939880745e-09,0.0014041591461476227,9.805874310262254e-08,2.9238684013396224e-07
EFT:1.0104241096782794e-05,2.122547334954209e-06,1.987322000788117e-05,0.499281670416237,6.935296550282277e-09,0.4992816704162441,2.6320519398807075e-09,0.0014041591461476227,9.805874310262393e-08,2.9238684013396224e-07
Random3401
Raw:1.0104241096782867e-05,2.122547334954224e-06,1.987322000788131e-05,0.49928167041624055,6.935296550282326e-09,0.49928167041624055,2.6320519398807638e-09,0.0014041591461476327,9.805874310262462e-08,2.923868401339643e-07
EFT:1.0104241096782794e-05,2.122547334954209e-06,1.987322000788117e-05,0.499281670416237,6.935296550282277e-09,0.4992816704162441,2.6320519398807075e-09,0.0014041591461476227,9.805874310262393e-08,2.9238684013396224e-07
Random3402
Raw:1.0104241096782938e-05,2.122547334954209e-06,1.987322000788117e-05,0.499281670416237,6.9352965502823754e-09,0.4992816704162441,2.632051939880745e-09,0.0014041591461476227,9.805874310262672e-08,2.9238684013396637e-07
EFT:1.0104241096782794e-05,2.122547334954209e-06,1.987322000788117e-05,0.499281670416237,6.935296550282277e-09,0.4992816704162441,2.6320519398807075e-09,0.0014041591461476227,9.805874310262393e-08,2.9238684013396224e-07
Random3403
Raw:1.0104241096782867e-05,2.122547334954224e-06,1.987322000788131e-05,0.49928167041624055,6.935296550282326e-09,0.49928167041624055,2.6320519398807265e-09,0.0014041591461476128,9.805874310262462e-08,2.923868401339643e-07
EFT:1.0104241096782794e-05,2.122547334954209e-06,1.987322000788117e-05,0.499281670416237,6.935296550282277e-09,0.4992816704162441,2.6320519398807075e-09,0.0014041591461476227,9.805874310262393e-08,2.9238684013396224e-07
Random3404
Raw:1.0104241096782938e-05,2.122547334954239e-06,1.987322000788117e-05,0.499281670416237,6.935296550282277e-09,0.4992816704162441,2.632051939880745e-09,0.0014041591461476427,9.805874310262393e-08,2.9238684013396637e-07
EFT:1.0104241096782794e-05,2.122547334954209e-06,1.987322000788117e-05,0.499281670416237,6.935296550282277e-09,0.4992816704162441,2.6320519398807075e-09,0.0014041591461476227,9.805874310262393e-08,2.9238684013396224e-07
Random3405
Raw:1.0104241096783009e-05,2.122547334954224e-06,1.987322000788131e-05,0.49928167041623345,6.935296550282424e-09,0.49928167041624766,2.6320519398807638e-09,0.0014041591461476327,9.805874310262601e-08,2.923868401339685e-07
EFT:1.0104241096782794e-05,2.122547334954209e-06,1.987322000788117e-05,0.499281670416237,6.935296550282277e-09,0.4992816704162441,2.6320519398807075e-09,0.0014041591461476227,9.805874310262393e-08,2.9238684013396224e-07
Random3406
Raw:1.010424109678265e-05,2.1225473349541788e-06,1.9873220007880885e-05,0.499281670416237,6.935296550282079e-09,0.4992816704162441,2.63205193988067e-09,0.0014041591461476026,9.805874310262254e-08,2.923868401339581e-07
EFT:1.0104241096782794e-05,2.122547334954209e-06,1.987322000788117e-05,0.499281670416237,6.935296550282277e-09,0.4992816704162441,2.6320519398807075e-09,0.0014041591461476227,9.805874310262393e-08,2.9238684013396224e-07
Random3407
Raw:1.0104241096783082e-05,2.122547334954239e-06,1.987322000788145e-05,0.499281670416237,6.935296550282475e-09,0.4992816704162441,2.6320519398807824e-09,0.0014041591461476427,9.805874310262532e-08,2.9238684013396637e-07
EFT:1.0104241096782794e-05,2.122547334954209e-06,1.987322000788117e-05,0.499281670416237,6.935296550282277e-09,0.4992816704162441,2.6320519398807075e-09,0.0014041591461476227,9.805874310262393e-08,2.9238684013396224e-07
Random3408
Raw:1.0104241096783009e-05,2.122547334954194e-06,1.9873220007881028e-05,0.49928167041623345,6.935296550282327e-09,0.49928167041624766,2.6320519398807638e-09,0.0014041591461476327,9.805874310262462e-08,2.9238684013396436e-07
EFT:1.0104241096782794e-05,2.122547334954209e-06,1.987322000788117e-05,0.499281670416237,6.935296550282277e-09,0.4992816704162441,2.6320519398807075e-09,0.0014041591461476227,9.805874310262393e-08,2.9238684013396224e-07
Random3409
Raw:1.0104241096783009e-05,2.122547334954224e-06,1.9873220007881028e-05,0.49928167041623345,6.935296550282327e-09,0.49928167041624766,2.6320519398807638e-09,0.0014041591461476327,9.805874310262601e-08,2.9238684013396436e-07
EFT:1.0104241096782794e-05,2.122547334954209e-06,1.987322000788117e-05,0.499281670416237,6.935296550282277e-09,0.4992816704162441,2.6320519398807075e-09,0.0014041591461476227,9.805874310262393e-08,2.9238684013396224e-07
Random3410
Raw:1.0104241096782938e-05,2.122547334954209e-06,1.9873220007880885e-05,0.499281670416237,6.935296550282277e-09,0.4992816704162441,2.632051939880745e-09,0.0014041591461476227,9.805874310262532e-08,2.9238684013396224e-07
EFT:1.0104241096782794e-05,2.122547334954209e-06,1.987322000788117e-05,0.499281670416237,6.935296550282277e-09,0.4992816704162441,2.6320519398807075e-09,0.0014041591461476227,9.805874310262393e-08,2.9238684013396224e-07
Random3411
Raw:1.0104241096782865e-05,2.122547334954194e-06,1.9873220007881028e-05,0.49928167041623345,6.935296550282228e-09,0.49928167041624766,2.632051939880726e-09,0.0014041591461476327,9.805874310262462e-08,2.923868401339602e-07
EFT:1.0104241096782794e-05,2.122547334954209e-06,1.987322000788117e-05,0.499281670416237,6.935296550282277e-09,0.4992816704162441,2.6320519398807075e-09,0.0014041591461476227,9.805874310262393e-08,2.9238684013396224e-07
Random3412
Raw:1.0104241096783009e-05,2.122547334954194e-06,1.9873220007881028e-05,0.49928167041623345,6.935296550282327e-09,0.49928167041624766,2.6320519398807638e-09,0.0014041591461476126,9.805874310262601e-08,2.9238684013396436e-07
EFT:1.0104241096782794e-05,2.122547334954209e-06,1.987322000788117e-05,0.499281670416237,6.935296550282277e-09,0.4992816704162441,2.6320519398807075e-09,0.0014041591461476227,9.805874310262393e-08,2.9238684013396224e-07
Random3413
Raw:1.010424109678301e-05,2.122547334954224e-06,1.987322000788131e-05,0.49928167041624055,6.935296550282425e-09,0.49928167041624055,2.6320519398807638e-09,0.0014041591461476327,9.805874310262602e-08,2.923868401339685e-07
EFT:1.0104241096782794e-05,2.122547334954209e-06,1.987322000788117e-05,0.499281670416237,6.935296550282277e-09,0.4992816704162441,2.6320519398807075e-09,0.0014041591461476227,9.805874310262393e-08,2.9238684013396224e-07
Random3414
Raw:1.0104241096782794e-05,2.122547334954209e-06,1.987322000788117e-05,0.499281670416237,6.935296550282277e-09,0.4992816704162441,2.6320519398807075e-09,0.0014041591461476227,9.805874310262393e-08,2.9238684013396224e-07
EFT:1.0104241096782794e-05,2.122547334954209e-06,1.987322000788117e-05,0.499281670416237,6.935296550282277e-09,0.4992816704162441,2.6320519398807075e-09,0.0014041591461476227,9.805874310262393e-08,2.9238684013396224e-07
Random3415
Raw:1.0104241096782867e-05,2.122547334954224e-06,1.9873220007881028e-05,0.49928167041624055,6.935296550282326e-09,0.49928167041624055,2.6320519398807265e-09,0.0014041591461476327,9.805874310262602e-08,2.923868401339643e-07
EFT:1.0104241096782794e-05,2.122547334954209e-06,1.987322000788117e-05,0.499281670416237,6.935296550282277e-09,0.4992816704162441,2.6320519398807075e-09,0.0014041591461476227,9.805874310262393e-08,2.9238684013396224e-07
Random3416
Raw:1.0104241096782867e-05,2.122547334954224e-06,1.987322000788131e-05,0.49928167041624055,6.935296550282326e-09,0.49928167041624055,2.6320519398807265e-09,0.0014041591461476327,9.805874310262323e-08,2.923868401339643e-07
EFT:1.0104241096782794e-05,2.122547334954209e-06,1.987322000788117e-05,0.499281670416237,6.935296550282277e-09,0.4992816704162441,2.6320519398807075e-09,0.0014041591461476227,9.805874310262393e-08,2.9238684013396224e-07
Random3417
Raw:1.0104241096782794e-05,2.122547334954209e-06,1.987322000788117e-05,0.4992816704162441,6.935296550282277e-09,0.499281670416237,2.63205193988067e-09,0.0014041591461476227,9.805874310262393e-08,2.9238684013396224e-07
EFT:1.0104241096782794e-05,2.122547334954209e-06,1.987322000788117e-05,0.499281670416237,6.935296550282277e-09,0.4992816704162441,2.6320519398807075e-09,0.0014041591461476227,9.805874310262393e-08,2.9238684013396224e-07
Random3418
Raw:1.0104241096782794e-05,2.122547334954209e-06,1.987322000788117e-05,0.499281670416237,6.935296550282277e-09,0.4992816704162441,2.6320519398807075e-09,0.0014041591461476227,9.805874310262393e-08,2.9238684013396224e-07
EFT:1.0104241096782794e-05,2.122547334954209e-06,1.987322000788117e-05,0.499281670416237,6.935296550282277e-09,0.4992816704162441,2.6320519398807075e-09,0.0014041591461476227,9.805874310262393e-08,2.9238684013396224e-07
Random3419
Raw:1.0104241096782867e-05,2.122547334954194e-06,1.9873220007881028e-05,0.49928167041624055,6.935296550282228e-09,0.49928167041624055,2.632051939880689e-09,0.0014041591461476327,9.805874310262323e-08,2.923868401339602e-07
EFT:1.0104241096782794e-05,2.122547334954209e-06,1.987322000788117e-05,0.499281670416237,6.935296550282277e-09,0.4992816704162441,2.6320519398807075e-09,0.0014041591461476227,9.805874310262393e-08,2.9238684013396224e-07
Random3420
Raw:1.0104241096783009e-05,2.122547334954224e-06,1.9873220007881028e-05,0.49928167041623345,6.935296550282327e-09,0.49928167041624766,2.632051939880801e-09,0.0014041591461476327,9.805874310262601e-08,2.9238684013396436e-07
EFT:1.0104241096782794e-05,2.122547334954209e-06,1.987322000788117e-05,0.499281670416237,6.935296550282277e-09,0.4992816704162441,2.6320519398807075e-09,0.0014041591461476227,9.805874310262393e-08,2.9238684013396224e-07
Random3421
Raw:1.0104241096782938e-05,2.1225473349541788e-06,1.9873220007880885e-05,0.499281670416237,6.935296550282277e-09,0.4992816704162441,2.632051939880745e-09,0.0014041591461476026,9.805874310262532e-08,2.9238684013396224e-07
EFT:1.0104241096782794e-05,2.122547334954209e-06,1.987322000788117e-05,0.499281670416237,6.935296550282277e-09,0.4992816704162441,2.6320519398807075e-09,0.0014041591461476227,9.805874310262393e-08,2.9238684013396224e-07
Random3422
Raw:1.0104241096782938e-05,2.122547334954239e-06,1.9873220007880885e-05,0.499281670416237,6.935296550282277e-09,0.4992816704162441,2.632051939880745e-09,0.0014041591461476227,9.805874310262532e-08,2.9238684013396224e-07
EFT:1.0104241096782794e-05,2.122547334954209e-06,1.987322000788117e-05,0.499281670416237,6.935296550282277e-09,0.4992816704162441,2.6320519398807075e-09,0.0014041591461476227,9.805874310262393e-08,2.9238684013396224e-07
Random3423
Raw:1.0104241096782867e-05,2.122547334954224e-06,1.9873220007881028e-05,0.49928167041624055,6.935296550282326e-09,0.49928167041624055,2.6320519398807265e-09,0.0014041591461476128,9.805874310262462e-08,2.923868401339643e-07
EFT:1.0104241096782794e-05,2.122547334954209e-06,1.987322000788117e-05,0.499281670416237,6.935296550282277e-09,0.4992816704162441,2.6320519398807075e-09,0.0014041591461476227,9.805874310262393e-08,2.9238684013396224e-07
Random3424
Raw:1.0104241096782794e-05,2.122547334954209e-06,1.987322000788117e-05,0.499281670416237,6.9352965502821786e-09,0.4992816704162441,2.6320519398807075e-09,0.0014041591461476227,9.805874310262393e-08,2.9238684013396224e-07
EFT:1.0104241096782794e-05,2.122547334954209e-06,1.987322000788117e-05,0.499281670416237,6.935296550282277e-09,0.4992816704162441,2.6320519398807075e-09,0.0014041591461476227,9.805874310262393e-08,2.9238684013396224e-07
Random3425
Raw:1.0104241096783009e-05,2.122547334954224e-06,1.987322000788131e-05,0.49928167041623345,6.935296550282424e-09,0.49928167041624766,2.6320519398807638e-09,0.0014041591461476327,9.805874310262601e-08,2.923868401339685e-07
EFT:1.0104241096782794e-05,2.122547334954209e-06,1.987322000788117e-05,0.499281670416237,6.935296550282277e-09,0.4992816704162441,2.6320519398807075e-09,0.0014041591461476227,9.805874310262393e-08,2.9238684013396224e-07
Random3426
Raw:1.0104241096782794e-05,2.122547334954209e-06,1.987322000788117e-05,0.4992816704162441,6.935296550282277e-09,0.499281670416237,2.63205193988067e-09,0.0014041591461476227,9.805874310262393e-08,2.9238684013396224e-07
EFT:1.0104241096782794e-05,2.122547334954209e-06,1.987322000788117e-05,0.499281670416237,6.935296550282277e-09,0.4992816704162441,2.6320519398807075e-09,0.0014041591461476227,9.805874310262393e-08,2.9238684013396224e-07
Random3427
Raw:1.0104241096782938e-05,2.122547334954239e-06,1.987322000788117e-05,0.499281670416237,6.935296550282277e-09,0.4992816704162441,2.632051939880745e-09,0.0014041591461476427,9.805874310262532e-08,2.9238684013396224e-07
EFT:1.0104241096782794e-05,2.122547334954209e-06,1.987322000788117e-05,0.499281670416237,6.935296550282277e-09,0.4992816704162441,2.6320519398807075e-09,0.0014041591461476227,9.805874310262393e-08,2.9238684013396224e-07
Random3428
Raw:1.0104241096782938e-05,2.122547334954239e-06,1.987322000788145e-05,0.499281670416237,6.935296550282277e-09,0.4992816704162441,2.632051939880745e-09,0.0014041591461476427,9.805874310262532e-08,2.9238684013396224e-07
EFT:1.0104241096782794e-05,2.122547334954209e-06,1.987322000788117e-05,0.499281670416237,6.935296550282277e-09,0.4992816704162441,2.6320519398807075e-09,0.0014041591461476227,9.805874310262393e-08,2.9238684013396224e-07
Random3429
Raw:1.0104241096782867e-05,2.122547334954224e-06,1.9873220007881028e-05,0.49928167041624055,6.935296550282326e-09,0.49928167041624055,2.6320519398807265e-09,0.0014041591461476128,9.805874310262462e-08,2.923868401339643e-07
EFT:1.0104241096782794e-05,2.122547334954209e-06,1.987322000788117e-05,0.499281670416237,6.935296550282277e-09,0.4992816704162441,2.6320519398807075e-09,0.0014041591461476227,9.805874310262393e-08,2.9238684013396224e-07
Random3430
Raw:1.0104241096782794e-05,2.122547334954209e-06,1.987322000788117e-05,0.499281670416237,6.9352965502821786e-09,0.4992816704162441,2.6320519398807075e-09,0.0014041591461476227,9.805874310262393e-08,2.9238684013396224e-07
EFT:1.0104241096782794e-05,2.122547334954209e-06,1.987322000788117e-05,0.499281670416237,6.935296550282277e-09,0.4992816704162441,2.6320519398807075e-09,0.0014041591461476227,9.805874310262393e-08,2.9238684013396224e-07
Random3431
Raw:1.0104241096782938e-05,2.122547334954209e-06,1.987322000788117e-05,0.499281670416237,6.9352965502823754e-09,0.4992816704162441,2.632051939880745e-09,0.0014041591461476227,9.805874310262393e-08,2.9238684013396637e-07
EFT:1.0104241096782794e-05,2.122547334954209e-06,1.987322000788117e-05,0.499281670416237,6.935296550282277e-09,0.4992816704162441,2.6320519398807075e-09,0.0014041591461476227,9.805874310262393e-08,2.9238684013396224e-07
Random3432
Raw:1.0104241096782938e-05,2.122547334954209e-06,1.9873220007880885e-05,0.499281670416237,6.935296550282277e-09,0.4992816704162441,2.632051939880745e-09,0.0014041591461476227,9.805874310262532e-08,2.9238684013396224e-07
EFT:1.0104241096782794e-05,2.122547334954209e-06,1.987322000788117e-05,0.499281670416237,6.935296550282277e-09,0.4992816704162441,2.6320519398807075e-09,0.0014041591461476227,9.805874310262393e-08,2.9238684013396224e-07
Random3433
Raw:1.0104241096782938e-05,2.122547334954209e-06,1.987322000788117e-05,0.499281670416237,6.9352965502823754e-09,0.4992816704162441,2.6320519398807824e-09,0.0014041591461476227,9.805874310262532e-08,2.9238684013396637e-07
EFT:1.0104241096782794e-05,2.122547334954209e-06,1.987322000788117e-05,0.499281670416237,6.935296550282277e-09,0.4992816704162441,2.6320519398807075e-09,0.0014041591461476227,9.805874310262393e-08,2.9238684013396224e-07
Random3434
Raw:1.0104241096782938e-05,2.122547334954239e-06,1.987322000788145e-05,0.499281670416237,6.935296550282277e-09,0.4992816704162441,2.632051939880745e-09,0.0014041591461476227,9.805874310262532e-08,2.9238684013396224e-07
EFT:1.0104241096782794e-05,2.122547334954209e-06,1.987322000788117e-05,0.499281670416237,6.935296550282277e-09,0.4992816704162441,2.6320519398807075e-09,0.0014041591461476227,9.805874310262393e-08,2.9238684013396224e-07
Random3435
Raw:1.0104241096782723e-05,2.122547334954194e-06,1.9873220007881028e-05,0.49928167041624055,6.935296550282228e-09,0.49928167041624055,2.632051939880689e-09,0.0014041591461476128,9.805874310262184e-08,2.923868401339602e-07
EFT:1.0104241096782794e-05,2.122547334954209e-06,1.987322000788117e-05,0.499281670416237,6.935296550282277e-09,0.4992816704162441,2.6320519398807075e-09,0.0014041591461476227,9.805874310262393e-08,2.9238684013396224e-07
Random3436
Raw:1.0104241096782938e-05,2.122547334954209e-06,1.987322000788117e-05,0.499281670416237,6.9352965502823754e-09,0.4992816704162441,2.6320519398807824e-09,0.0014041591461476227,9.805874310262532e-08,2.9238684013396637e-07
EFT:1.0104241096782794e-05,2.122547334954209e-06,1.987322000788117e-05,0.499281670416237,6.935296550282277e-09,0.4992816704162441,2.6320519398807075e-09,0.0014041591461476227,9.805874310262393e-08,2.9238684013396224e-07
Random3437
Raw:1.0104241096783009e-05,2.122547334954224e-06,1.987322000788131e-05,0.49928167041623345,6.935296550282327e-09,0.49928167041624766,2.6320519398807638e-09,0.0014041591461476327,9.805874310262462e-08,2.923868401339685e-07
EFT:1.0104241096782794e-05,2.122547334954209e-06,1.987322000788117e-05,0.499281670416237,6.935296550282277e-09,0.4992816704162441,2.6320519398807075e-09,0.0014041591461476227,9.805874310262393e-08,2.9238684013396224e-07
Random3438
Raw:1.0104241096782938e-05,2.122547334954209e-06,1.9873220007880885e-05,0.499281670416237,6.9352965502823754e-09,0.4992816704162441,2.63205193988082e-09,0.0014041591461476026,9.805874310262532e-08,2.9238684013396637e-07
EFT:1.0104241096782794e-05,2.122547334954209e-06,1.987322000788117e-05,0.499281670416237,6.935296550282277e-09,0.4992816704162441,2.6320519398807075e-09,0.0014041591461476227,9.805874310262393e-08,2.9238684013396224e-07
Random3439
Raw:1.0104241096782938e-05,2.122547334954209e-06,1.987322000788117e-05,0.499281670416237,6.9352965502823754e-09,0.4992816704162441,2.632051939880745e-09,0.0014041591461476227,9.805874310262393e-08,2.9238684013396637e-07
EFT:1.0104241096782794e-05,2.122547334954209e-06,1.987322000788117e-05,0.499281670416237,6.935296550282277e-09,0.4992816704162441,2.6320519398807075e-09,0.0014041591461476227,9.805874310262393e-08,2.9238684013396224e-07
Random3440
Raw:1.0104241096782867e-05,2.122547334954224e-06,1.987322000788131e-05,0.49928167041624055,6.935296550282326e-09,0.49928167041624055,2.6320519398807265e-09,0.0014041591461476327,9.805874310262462e-08,2.923868401339643e-07
EFT:1.0104241096782794e-05,2.122547334954209e-06,1.987322000788117e-05,0.499281670416237,6.935296550282277e-09,0.4992816704162441,2.6320519398807075e-09,0.0014041591461476227,9.805874310262393e-08,2.9238684013396224e-07
Random3441
Raw:1.0104241096782794e-05,2.122547334954209e-06,1.987322000788117e-05,0.499281670416237,6.9352965502821786e-09,0.4992816704162441,2.6320519398807075e-09,0.0014041591461476227,9.805874310262393e-08,2.9238684013396224e-07
EFT:1.0104241096782794e-05,2.122547334954209e-06,1.987322000788117e-05,0.499281670416237,6.935296550282277e-09,0.4992816704162441,2.6320519398807075e-09,0.0014041591461476227,9.805874310262393e-08,2.9238684013396224e-07
Random3442
Raw:1.0104241096783009e-05,2.122547334954194e-06,1.9873220007881028e-05,0.49928167041623345,6.935296550282327e-09,0.49928167041624766,2.6320519398807638e-09,0.0014041591461476327,9.805874310262462e-08,2.9238684013396436e-07
EFT:1.0104241096782794e-05,2.122547334954209e-06,1.987322000788117e-05,0.499281670416237,6.935296550282277e-09,0.4992816704162441,2.6320519398807075e-09,0.0014041591461476227,9.805874310262393e-08,2.9238684013396224e-07
Random3443
Raw:1.0104241096782938e-05,2.122547334954209e-06,1.987322000788117e-05,0.499281670416237,6.9352965502823754e-09,0.4992816704162441,2.632051939880745e-09,0.0014041591461476227,9.805874310262532e-08,2.9238684013396637e-07
EFT:1.0104241096782794e-05,2.122547334954209e-06,1.987322000788117e-05,0.499281670416237,6.935296550282277e-09,0.4992816704162441,2.6320519398807075e-09,0.0014041591461476227,9.805874310262393e-08,2.9238684013396224e-07
Random3444
Raw:1.0104241096782938e-05,2.122547334954239e-06,1.9873220007880885e-05,0.499281670416237,6.9352965502823754e-09,0.4992816704162441,2.63205193988082e-09,0.0014041591461476227,9.805874310262532e-08,2.9238684013396637e-07
EFT:1.0104241096782794e-05,2.122547334954209e-06,1.987322000788117e-05,0.499281670416237,6.935296550282277e-09,0.4992816704162441,2.6320519398807075e-09,0.0014041591461476227,9.805874310262393e-08,2.9238684013396224e-07
Random3445
Raw:1.0104241096782867e-05,2.122547334954194e-06,1.9873220007881028e-05,0.49928167041624055,6.935296550282326e-09,0.49928167041624055,2.6320519398807265e-09,0.0014041591461476128,9.805874310262323e-08,2.923868401339643e-07
EFT:1.0104241096782794e-05,2.122547334954209e-06,1.987322000788117e-05,0.499281670416237,6.935296550282277e-09,0.4992816704162441,2.6320519398807075e-09,0.0014041591461476227,9.805874310262393e-08,2.9238684013396224e-07
Random3446
Raw:1.0104241096782867e-05,2.122547334954224e-06,1.9873220007881028e-05,0.49928167041624055,6.935296550282326e-09,0.49928167041624055,2.6320519398807265e-09,0.0014041591461476128,9.805874310262462e-08,2.923868401339643e-07
EFT:1.0104241096782794e-05,2.122547334954209e-06,1.987322000788117e-05,0.499281670416237,6.935296550282277e-09,0.4992816704162441,2.6320519398807075e-09,0.0014041591461476227,9.805874310262393e-08,2.9238684013396224e-07
Random3447
Raw:1.0104241096782938e-05,2.122547334954209e-06,1.987322000788117e-05,0.499281670416237,6.9352965502823754e-09,0.4992816704162441,2.632051939880745e-09,0.0014041591461476227,9.805874310262532e-08,2.9238684013396637e-07
EFT:1.0104241096782794e-05,2.122547334954209e-06,1.987322000788117e-05,0.499281670416237,6.935296550282277e-09,0.4992816704162441,2.6320519398807075e-09,0.0014041591461476227,9.805874310262393e-08,2.9238684013396224e-07
Random3448
Raw:1.0104241096782938e-05,2.122547334954209e-06,1.987322000788117e-05,0.499281670416237,6.9352965502823754e-09,0.4992816704162441,2.6320519398807824e-09,0.0014041591461476227,9.805874310262532e-08,2.9238684013396637e-07
EFT:1.0104241096782794e-05,2.122547334954209e-06,1.987322000788117e-05,0.499281670416237,6.935296550282277e-09,0.4992816704162441,2.6320519398807075e-09,0.0014041591461476227,9.805874310262393e-08,2.9238684013396224e-07
Random3449
Raw:1.0104241096782938e-05,2.122547334954209e-06,1.987322000788117e-05,0.499281670416237,6.935296550282277e-09,0.4992816704162441,2.632051939880745e-09,0.0014041591461476227,9.805874310262532e-08,2.9238684013396224e-07
EFT:1.0104241096782794e-05,2.122547334954209e-06,1.987322000788117e-05,0.499281670416237,6.935296550282277e-09,0.4992816704162441,2.6320519398807075e-09,0.0014041591461476227,9.805874310262393e-08,2.9238684013396224e-07
Random3450
Raw:1.0104241096782938e-05,2.122547334954209e-06,1.987322000788117e-05,0.499281670416237,6.935296550282277e-09,0.4992816704162441,2.632051939880745e-09,0.0014041591461476427,9.805874310262393e-08,2.9238684013396224e-07
EFT:1.0104241096782794e-05,2.122547334954209e-06,1.987322000788117e-05,0.499281670416237,6.935296550282277e-09,0.4992816704162441,2.6320519398807075e-09,0.0014041591461476227,9.805874310262393e-08,2.9238684013396224e-07
Random3451
Raw:1.0104241096782938e-05,2.122547334954239e-06,1.987322000788145e-05,0.499281670416237,6.935296550282277e-09,0.4992816704162441,2.632051939880745e-09,0.0014041591461476427,9.805874310262393e-08,2.9238684013396637e-07
EFT:1.0104241096782794e-05,2.122547334954209e-06,1.987322000788117e-05,0.499281670416237,6.935296550282277e-09,0.4992816704162441,2.6320519398807075e-09,0.0014041591461476227,9.805874310262393e-08,2.9238684013396224e-07
Random3452
Raw:1.0104241096783009e-05,2.122547334954224e-06,1.987322000788131e-05,0.49928167041623345,6.935296550282424e-09,0.49928167041624766,2.6320519398807638e-09,0.0014041591461476327,9.805874310262601e-08,2.923868401339685e-07
EFT:1.0104241096782794e-05,2.122547334954209e-06,1.987322000788117e-05,0.499281670416237,6.935296550282277e-09,0.4992816704162441,2.6320519398807075e-09,0.0014041591461476227,9.805874310262393e-08,2.9238684013396224e-07
Random3453
Raw:1.0104241096782794e-05,2.122547334954209e-06,1.987322000788117e-05,0.4992816704162441,6.935296550282277e-09,0.499281670416237,2.63205193988067e-09,0.0014041591461476227,9.805874310262532e-08,2.9238684013396224e-07
EFT:1.0104241096782794e-05,2.122547334954209e-06,1.987322000788117e-05,0.499281670416237,6.935296550282277e-09,0.4992816704162441,2.6320519398807075e-09,0.0014041591461476227,9.805874310262393e-08,2.9238684013396224e-07
Random3454
Raw:1.0104241096782938e-05,2.122547334954209e-06,1.987322000788117e-05,0.499281670416237,6.935296550282277e-09,0.4992816704162441,2.632051939880745e-09,0.0014041591461476227,9.805874310262532e-08,2.9238684013396224e-07
EFT:1.0104241096782794e-05,2.122547334954209e-06,1.987322000788117e-05,0.499281670416237,6.935296550282277e-09,0.4992816704162441,2.6320519398807075e-09,0.0014041591461476227,9.805874310262393e-08,2.9238684013396224e-07
Random3455
Raw:1.0104241096782865e-05,2.122547334954194e-06,1.9873220007881028e-05,0.49928167041623345,6.935296550282228e-09,0.49928167041624766,2.632051939880726e-09,0.0014041591461476126,9.805874310262462e-08,2.9238684013396436e-07
EFT:1.0104241096782794e-05,2.122547334954209e-06,1.987322000788117e-05,0.499281670416237,6.935296550282277e-09,0.4992816704162441,2.6320519398807075e-09,0.0014041591461476227,9.805874310262393e-08,2.9238684013396224e-07
Random3456
Raw:1.0104241096782723e-05,2.122547334954194e-06,1.9873220007881028e-05,0.49928167041624055,6.935296550282228e-09,0.49928167041624055,2.6320519398806513e-09,0.0014041591461476327,9.805874310262323e-08,2.923868401339602e-07
EFT:1.0104241096782794e-05,2.122547334954209e-06,1.987322000788117e-05,0.499281670416237,6.935296550282277e-09,0.4992816704162441,2.6320519398807075e-09,0.0014041591461476227,9.805874310262393e-08,2.9238684013396224e-07
Random3457
Raw:1.0104241096782867e-05,2.122547334954224e-06,1.987322000788131e-05,0.49928167041624055,6.935296550282326e-09,0.49928167041624055,2.6320519398807265e-09,0.0014041591461476327,9.805874310262462e-08,2.923868401339643e-07
EFT:1.0104241096782794e-05,2.122547334954209e-06,1.987322000788117e-05,0.499281670416237,6.935296550282277e-09,0.4992816704162441,2.6320519398807075e-09,0.0014041591461476227,9.805874310262393e-08,2.9238684013396224e-07
Random3458
Raw:1.0104241096782938e-05,2.122547334954209e-06,1.9873220007880885e-05,0.499281670416237,6.935296550282277e-09,0.4992816704162441,2.632051939880745e-09,0.0014041591461476227,9.805874310262393e-08,2.9238684013396224e-07
EFT:1.0104241096782794e-05,2.122547334954209e-06,1.987322000788117e-05,0.499281670416237,6.935296550282277e-09,0.4992816704162441,2.6320519398807075e-09,0.0014041591461476227,9.805874310262393e-08,2.9238684013396224e-07
Random3459
Raw:1.0104241096783009e-05,2.122547334954194e-06,1.9873220007881028e-05,0.49928167041623345,6.935296550282327e-09,0.49928167041624766,2.6320519398807638e-09,0.0014041591461476126,9.805874310262601e-08,2.9238684013396436e-07
EFT:1.0104241096782794e-05,2.122547334954209e-06,1.987322000788117e-05,0.499281670416237,6.935296550282277e-09,0.4992816704162441,2.6320519398807075e-09,0.0014041591461476227,9.805874310262393e-08,2.9238684013396224e-07
Random3460
Raw:1.0104241096782794e-05,2.122547334954209e-06,1.987322000788117e-05,0.499281670416237,6.935296550282277e-09,0.4992816704162441,2.6320519398807075e-09,0.0014041591461476227,9.805874310262393e-08,2.9238684013396224e-07
EFT:1.0104241096782794e-05,2.122547334954209e-06,1.987322000788117e-05,0.499281670416237,6.935296550282277e-09,0.4992816704162441,2.6320519398807075e-09,0.0014041591461476227,9.805874310262393e-08,2.9238684013396224e-07
Random3461
Raw:1.0104241096783009e-05,2.122547334954224e-06,1.9873220007881028e-05,0.49928167041623345,6.935296550282327e-09,0.49928167041624766,2.6320519398807638e-09,0.0014041591461476327,9.805874310262601e-08,2.9238684013396436e-07
EFT:1.0104241096782794e-05,2.122547334954209e-06,1.987322000788117e-05,0.499281670416237,6.935296550282277e-09,0.4992816704162441,2.6320519398807075e-09,0.0014041591461476227,9.805874310262393e-08,2.9238684013396224e-07
Random3462
Raw:1.0104241096782794e-05,2.122547334954209e-06,1.987322000788117e-05,0.4992816704162441,6.935296550282277e-09,0.499281670416237,2.63205193988067e-09,0.0014041591461476227,9.805874310262393e-08,2.9238684013396224e-07
EFT:1.0104241096782794e-05,2.122547334954209e-06,1.987322000788117e-05,0.499281670416237,6.935296550282277e-09,0.4992816704162441,2.6320519398807075e-09,0.0014041591461476227,9.805874310262393e-08,2.9238684013396224e-07
Random3463
Raw:1.0104241096782794e-05,2.1225473349541788e-06,1.9873220007880885e-05,0.499281670416237,6.9352965502821786e-09,0.4992816704162441,2.632051939880745e-09,0.0014041591461476026,9.805874310262254e-08,2.9238684013396224e-07
EFT:1.0104241096782794e-05,2.122547334954209e-06,1.987322000788117e-05,0.499281670416237,6.935296550282277e-09,0.4992816704162441,2.6320519398807075e-09,0.0014041591461476227,9.805874310262393e-08,2.9238684013396224e-07
Random3464
Raw:1.0104241096782938e-05,2.122547334954209e-06,1.987322000788117e-05,0.499281670416237,6.9352965502823754e-09,0.4992816704162441,2.632051939880745e-09,0.0014041591461476227,9.805874310262393e-08,2.9238684013396637e-07
EFT:1.0104241096782794e-05,2.122547334954209e-06,1.987322000788117e-05,0.499281670416237,6.935296550282277e-09,0.4992816704162441,2.6320519398807075e-09,0.0014041591461476227,9.805874310262393e-08,2.9238684013396224e-07
Random3465
Raw:1.0104241096783009e-05,2.122547334954194e-06,1.9873220007881028e-05,0.49928167041623345,6.935296550282327e-09,0.49928167041624766,2.6320519398807638e-09,0.0014041591461476327,9.805874310262462e-08,2.9238684013396436e-07
EFT:1.0104241096782794e-05,2.122547334954209e-06,1.987322000788117e-05,0.499281670416237,6.935296550282277e-09,0.4992816704162441,2.6320519398807075e-09,0.0014041591461476227,9.805874310262393e-08,2.9238684013396224e-07
Random3466
Raw:1.0104241096783009e-05,2.122547334954194e-06,1.9873220007881028e-05,0.49928167041623345,6.935296550282327e-09,0.49928167041624766,2.6320519398807638e-09,0.0014041591461476327,9.805874310262462e-08,2.9238684013396436e-07
EFT:1.0104241096782794e-05,2.122547334954209e-06,1.987322000788117e-05,0.499281670416237,6.935296550282277e-09,0.4992816704162441,2.6320519398807075e-09,0.0014041591461476227,9.805874310262393e-08,2.9238684013396224e-07
Random3467
Raw:1.0104241096782938e-05,2.122547334954209e-06,1.987322000788117e-05,0.499281670416237,6.9352965502823754e-09,0.4992816704162441,2.632051939880745e-09,0.0014041591461476227,9.805874310262532e-08,2.9238684013396637e-07
EFT:1.0104241096782794e-05,2.122547334954209e-06,1.987322000788117e-05,0.499281670416237,6.935296550282277e-09,0.4992816704162441,2.6320519398807075e-09,0.0014041591461476227,9.805874310262393e-08,2.9238684013396224e-07
Random3468
Raw:1.0104241096782867e-05,2.122547334954224e-06,1.987322000788131e-05,0.49928167041624055,6.935296550282326e-09,0.49928167041624055,2.6320519398807265e-09,0.0014041591461476327,9.805874310262462e-08,2.923868401339643e-07
EFT:1.0104241096782794e-05,2.122547334954209e-06,1.987322000788117e-05,0.499281670416237,6.935296550282277e-09,0.4992816704162441,2.6320519398807075e-09,0.0014041591461476227,9.805874310262393e-08,2.9238684013396224e-07
Random3469
Raw:1.0104241096783009e-05,2.122547334954194e-06,1.9873220007881028e-05,0.49928167041623345,6.935296550282327e-09,0.49928167041624766,2.6320519398807638e-09,0.0014041591461476327,9.805874310262462e-08,2.9238684013396436e-07
EFT:1.0104241096782794e-05,2.122547334954209e-06,1.987322000788117e-05,0.499281670416237,6.935296550282277e-09,0.4992816704162441,2.6320519398807075e-09,0.0014041591461476227,9.805874310262393e-08,2.9238684013396224e-07
Random3470
Raw:1.0104241096782938e-05,2.1225473349541788e-06,1.9873220007880885e-05,0.499281670416237,6.935296550282277e-09,0.4992816704162441,2.632051939880745e-09,0.0014041591461476026,9.805874310262532e-08,2.9238684013396224e-07
EFT:1.0104241096782794e-05,2.122547334954209e-06,1.987322000788117e-05,0.499281670416237,6.935296550282277e-09,0.4992816704162441,2.6320519398807075e-09,0.0014041591461476227,9.805874310262393e-08,2.9238684013396224e-07
Random3471
Raw:1.0104241096782794e-05,2.122547334954209e-06,1.987322000788117e-05,0.4992816704162441,6.935296550282277e-09,0.499281670416237,2.63205193988067e-09,0.0014041591461476227,9.805874310262254e-08,2.9238684013396224e-07
EFT:1.0104241096782794e-05,2.122547334954209e-06,1.987322000788117e-05,0.499281670416237,6.935296550282277e-09,0.4992816704162441,2.6320519398807075e-09,0.0014041591461476227,9.805874310262393e-08,2.9238684013396224e-07
Random3472
Raw:1.0104241096782938e-05,2.122547334954209e-06,1.987322000788117e-05,0.499281670416237,6.9352965502823754e-09,0.4992816704162441,2.6320519398807824e-09,0.0014041591461476227,9.805874310262532e-08,2.9238684013396637e-07
EFT:1.0104241096782794e-05,2.122547334954209e-06,1.987322000788117e-05,0.499281670416237,6.935296550282277e-09,0.4992816704162441,2.6320519398807075e-09,0.0014041591461476227,9.805874310262393e-08,2.9238684013396224e-07
Random3473
Raw:1.0104241096782867e-05,2.122547334954194e-06,1.9873220007881028e-05,0.49928167041624055,6.935296550282228e-09,0.49928167041624055,2.632051939880689e-09,0.0014041591461476327,9.805874310262323e-08,2.923868401339602e-07
EFT:1.0104241096782794e-05,2.122547334954209e-06,1.987322000788117e-05,0.499281670416237,6.935296550282277e-09,0.4992816704162441,2.6320519398807075e-09,0.0014041591461476227,9.805874310262393e-08,2.9238684013396224e-07
Random3474
Raw:1.0104241096783009e-05,2.122547334954194e-06,1.9873220007881028e-05,0.49928167041623345,6.935296550282327e-09,0.49928167041624766,2.6320519398807638e-09,0.0014041591461476327,9.805874310262462e-08,2.9238684013396436e-07
EFT:1.0104241096782794e-05,2.122547334954209e-06,1.987322000788117e-05,0.499281670416237,6.935296550282277e-09,0.4992816704162441,2.6320519398807075e-09,0.0014041591461476227,9.805874310262393e-08,2.9238684013396224e-07
Random3475
Raw:1.0104241096783009e-05,2.122547334954224e-06,1.9873220007881028e-05,0.49928167041623345,6.935296550282327e-09,0.49928167041624766,2.6320519398807638e-09,0.0014041591461476327,9.805874310262601e-08,2.9238684013396436e-07
EFT:1.0104241096782794e-05,2.122547334954209e-06,1.987322000788117e-05,0.499281670416237,6.935296550282277e-09,0.4992816704162441,2.6320519398807075e-09,0.0014041591461476227,9.805874310262393e-08,2.9238684013396224e-07
Random3476
Raw:1.0104241096782867e-05,2.122547334954194e-06,1.9873220007881028e-05,0.49928167041624055,6.935296550282326e-09,0.49928167041624055,2.6320519398807265e-09,0.0014041591461476128,9.805874310262602e-08,2.923868401339643e-07
EFT:1.0104241096782794e-05,2.122547334954209e-06,1.987322000788117e-05,0.499281670416237,6.935296550282277e-09,0.4992816704162441,2.6320519398807075e-09,0.0014041591461476227,9.805874310262393e-08,2.9238684013396224e-07
Random3477
Raw:1.0104241096782938e-05,2.122547334954209e-06,1.987322000788117e-05,0.499281670416237,6.935296550282277e-09,0.4992816704162441,2.632051939880745e-09,0.0014041591461476227,9.805874310262532e-08,2.9238684013396224e-07
EFT:1.0104241096782794e-05,2.122547334954209e-06,1.987322000788117e-05,0.499281670416237,6.935296550282277e-09,0.4992816704162441,2.6320519398807075e-09,0.0014041591461476227,9.805874310262393e-08,2.9238684013396224e-07
Random3478
Raw:1.0104241096782867e-05,2.122547334954194e-06,1.9873220007881028e-05,0.49928167041624055,6.935296550282326e-09,0.49928167041624055,2.6320519398807265e-09,0.0014041591461476128,9.805874310262323e-08,2.923868401339643e-07
EFT:1.0104241096782794e-05,2.122547334954209e-06,1.987322000788117e-05,0.499281670416237,6.935296550282277e-09,0.4992816704162441,2.6320519398807075e-09,0.0014041591461476227,9.805874310262393e-08,2.9238684013396224e-07
Random3479
Raw:1.0104241096783009e-05,2.122547334954224e-06,1.987322000788131e-05,0.49928167041623345,6.935296550282327e-09,0.49928167041624766,2.6320519398807638e-09,0.0014041591461476327,9.805874310262462e-08,2.923868401339685e-07
EFT:1.0104241096782794e-05,2.122547334954209e-06,1.987322000788117e-05,0.499281670416237,6.935296550282277e-09,0.4992816704162441,2.6320519398807075e-09,0.0014041591461476227,9.805874310262393e-08,2.9238684013396224e-07
Random3480
Raw:1.0104241096782867e-05,2.122547334954224e-06,1.987322000788131e-05,0.49928167041624055,6.935296550282326e-09,0.49928167041624055,2.6320519398807265e-09,0.0014041591461476327,9.805874310262323e-08,2.923868401339643e-07
EFT:1.0104241096782794e-05,2.122547334954209e-06,1.987322000788117e-05,0.499281670416237,6.935296550282277e-09,0.4992816704162441,2.6320519398807075e-09,0.0014041591461476227,9.805874310262393e-08,2.9238684013396224e-07
Random3481
Raw:1.0104241096782938e-05,2.122547334954209e-06,1.9873220007880885e-05,0.499281670416237,6.935296550282277e-09,0.4992816704162441,2.632051939880745e-09,0.0014041591461476227,9.805874310262532e-08,2.9238684013396224e-07
EFT:1.0104241096782794e-05,2.122547334954209e-06,1.987322000788117e-05,0.499281670416237,6.935296550282277e-09,0.4992816704162441,2.6320519398807075e-09,0.0014041591461476227,9.805874310262393e-08,2.9238684013396224e-07
Random3482
Raw:1.0104241096782938e-05,2.122547334954209e-06,1.9873220007880885e-05,0.499281670416237,6.935296550282277e-09,0.4992816704162441,2.632051939880745e-09,0.0014041591461476227,9.805874310262532e-08,2.9238684013396224e-07
EFT:1.0104241096782794e-05,2.122547334954209e-06,1.987322000788117e-05,0.499281670416237,6.935296550282277e-09,0.4992816704162441,2.6320519398807075e-09,0.0014041591461476227,9.805874310262393e-08,2.9238684013396224e-07
Random3483
Raw:1.0104241096782938e-05,2.1225473349541788e-06,1.9873220007880885e-05,0.499281670416237,6.935296550282277e-09,0.4992816704162441,2.632051939880745e-09,0.0014041591461476026,9.805874310262532e-08,2.9238684013396224e-07
EFT:1.0104241096782794e-05,2.122547334954209e-06,1.987322000788117e-05,0.499281670416237,6.935296550282277e-09,0.4992816704162441,2.6320519398807075e-09,0.0014041591461476227,9.805874310262393e-08,2.9238684013396224e-07
Random3484
Raw:1.0104241096782938e-05,2.122547334954209e-06,1.987322000788117e-05,0.499281670416237,6.9352965502823754e-09,0.4992816704162441,2.632051939880745e-09,0.0014041591461476227,9.805874310262532e-08,2.9238684013396637e-07
EFT:1.0104241096782794e-05,2.122547334954209e-06,1.987322000788117e-05,0.499281670416237,6.935296550282277e-09,0.4992816704162441,2.6320519398807075e-09,0.0014041591461476227,9.805874310262393e-08,2.9238684013396224e-07
Random3485
Raw:1.0104241096782938e-05,2.122547334954239e-06,1.987322000788117e-05,0.499281670416237,6.9352965502823754e-09,0.4992816704162441,2.632051939880745e-09,0.0014041591461476227,9.805874310262532e-08,2.9238684013396637e-07
EFT:1.0104241096782794e-05,2.122547334954209e-06,1.987322000788117e-05,0.499281670416237,6.935296550282277e-09,0.4992816704162441,2.6320519398807075e-09,0.0014041591461476227,9.805874310262393e-08,2.9238684013396224e-07
Random3486
Raw:1.0104241096782867e-05,2.122547334954224e-06,1.987322000788131e-05,0.49928167041624055,6.935296550282326e-09,0.49928167041624055,2.6320519398807265e-09,0.0014041591461476327,9.805874310262323e-08,2.923868401339643e-07
EFT:1.0104241096782794e-05,2.122547334954209e-06,1.987322000788117e-05,0.499281670416237,6.935296550282277e-09,0.4992816704162441,2.6320519398807075e-09,0.0014041591461476227,9.805874310262393e-08,2.9238684013396224e-07
Random3487
Raw:1.0104241096782938e-05,2.122547334954209e-06,1.987322000788117e-05,0.499281670416237,6.9352965502823754e-09,0.4992816704162441,2.632051939880745e-09,0.0014041591461476227,9.805874310262672e-08,2.9238684013396637e-07
EFT:1.0104241096782794e-05,2.122547334954209e-06,1.987322000788117e-05,0.499281670416237,6.935296550282277e-09,0.4992816704162441,2.6320519398807075e-09,0.0014041591461476227,9.805874310262393e-08,2.9238684013396224e-07
Random3488
Raw:1.0104241096782938e-05,2.122547334954209e-06,1.9873220007880885e-05,0.499281670416237,6.9352965502823754e-09,0.4992816704162441,2.63205193988082e-09,0.0014041591461476227,9.805874310262532e-08,2.9238684013396637e-07
EFT:1.0104241096782794e-05,2.122547334954209e-06,1.987322000788117e-05,0.499281670416237,6.935296550282277e-09,0.4992816704162441,2.6320519398807075e-09,0.0014041591461476227,9.805874310262393e-08,2.9238684013396224e-07
Random3489
Raw:1.0104241096782938e-05,2.122547334954239e-06,1.987322000788117e-05,0.499281670416237,6.935296550282277e-09,0.4992816704162441,2.632051939880745e-09,0.0014041591461476427,9.805874310262532e-08,2.9238684013396224e-07
EFT:1.0104241096782794e-05,2.122547334954209e-06,1.987322000788117e-05,0.499281670416237,6.935296550282277e-09,0.4992816704162441,2.6320519398807075e-09,0.0014041591461476227,9.805874310262393e-08,2.9238684013396224e-07
Random3490
Raw:1.0104241096782938e-05,2.122547334954239e-06,1.987322000788145e-05,0.499281670416237,6.935296550282277e-09,0.4992816704162441,2.632051939880745e-09,0.0014041591461476427,9.805874310262393e-08,2.9238684013396637e-07
EFT:1.0104241096782794e-05,2.122547334954209e-06,1.987322000788117e-05,0.499281670416237,6.935296550282277e-09,0.4992816704162441,2.6320519398807075e-09,0.0014041591461476227,9.805874310262393e-08,2.9238684013396224e-07
Random3491
Raw:1.0104241096782865e-05,2.122547334954194e-06,1.9873220007881028e-05,0.49928167041623345,6.935296550282327e-09,0.49928167041624766,2.6320519398807638e-09,0.0014041591461476126,9.805874310262324e-08,2.9238684013396436e-07
EFT:1.0104241096782794e-05,2.122547334954209e-06,1.987322000788117e-05,0.499281670416237,6.935296550282277e-09,0.4992816704162441,2.6320519398807075e-09,0.0014041591461476227,9.805874310262393e-08,2.9238684013396224e-07
Random3492
Raw:1.0104241096782865e-05,2.122547334954194e-06,1.9873220007881028e-05,0.49928167041623345,6.935296550282228e-09,0.49928167041624766,2.632051939880726e-09,0.0014041591461476327,9.805874310262462e-08,2.923868401339602e-07
EFT:1.0104241096782794e-05,2.122547334954209e-06,1.987322000788117e-05,0.499281670416237,6.935296550282277e-09,0.4992816704162441,2.6320519398807075e-09,0.0014041591461476227,9.805874310262393e-08,2.9238684013396224e-07
Random3493
Raw:1.0104241096782938e-05,2.122547334954209e-06,1.987322000788117e-05,0.499281670416237,6.9352965502823754e-09,0.4992816704162441,2.632051939880745e-09,0.0014041591461476227,9.805874310262532e-08,2.9238684013396637e-07
EFT:1.0104241096782794e-05,2.122547334954209e-06,1.987322000788117e-05,0.499281670416237,6.935296550282277e-09,0.4992816704162441,2.6320519398807075e-09,0.0014041591461476227,9.805874310262393e-08,2.9238684013396224e-07
Random3494
Raw:1.0104241096782938e-05,2.122547334954209e-06,1.987322000788117e-05,0.499281670416237,6.935296550282277e-09,0.4992816704162441,2.632051939880745e-09,0.0014041591461476227,9.805874310262532e-08,2.9238684013396224e-07
EFT:1.0104241096782794e-05,2.122547334954209e-06,1.987322000788117e-05,0.499281670416237,6.935296550282277e-09,0.4992816704162441,2.6320519398807075e-09,0.0014041591461476227,9.805874310262393e-08,2.9238684013396224e-07
Random3495
Raw:1.0104241096782938e-05,2.122547334954209e-06,1.987322000788117e-05,0.499281670416237,6.935296550282277e-09,0.4992816704162441,2.632051939880745e-09,0.0014041591461476427,9.805874310262393e-08,2.9238684013396224e-07
EFT:1.0104241096782794e-05,2.122547334954209e-06,1.987322000788117e-05,0.499281670416237,6.935296550282277e-09,0.4992816704162441,2.6320519398807075e-09,0.0014041591461476227,9.805874310262393e-08,2.9238684013396224e-07
Random3496
Raw:1.0104241096782865e-05,2.122547334954194e-06,1.9873220007881028e-05,0.49928167041623345,6.935296550282228e-09,0.49928167041624766,2.632051939880726e-09,0.0014041591461476327,9.805874310262462e-08,2.923868401339602e-07
EFT:1.0104241096782794e-05,2.122547334954209e-06,1.987322000788117e-05,0.499281670416237,6.935296550282277e-09,0.4992816704162441,2.6320519398807075e-09,0.0014041591461476227,9.805874310262393e-08,2.9238684013396224e-07
Random3497
Raw:1.0104241096782794e-05,2.122547334954209e-06,1.987322000788117e-05,0.499281670416237,6.935296550282277e-09,0.4992816704162441,2.632051939880745e-09,0.0014041591461476227,9.805874310262254e-08,2.9238684013396224e-07
EFT:1.0104241096782794e-05,2.122547334954209e-06,1.987322000788117e-05,0.499281670416237,6.935296550282277e-09,0.4992816704162441,2.6320519398807075e-09,0.0014041591461476227,9.805874310262393e-08,2.9238684013396224e-07
Random3498
Raw:1.0104241096782867e-05,2.122547334954224e-06,1.987322000788131e-05,0.49928167041624055,6.935296550282326e-09,0.49928167041624055,2.6320519398807265e-09,0.0014041591461476327,9.805874310262462e-08,2.923868401339643e-07
EFT:1.0104241096782794e-05,2.122547334954209e-06,1.987322000788117e-05,0.499281670416237,6.935296550282277e-09,0.4992816704162441,2.6320519398807075e-09,0.0014041591461476227,9.805874310262393e-08,2.9238684013396224e-07
Random3499
Raw:1.0104241096782867e-05,2.122547334954224e-06,1.987322000788131e-05,0.49928167041624055,6.935296550282326e-09,0.49928167041624055,2.6320519398807265e-09,0.0014041591461476327,9.805874310262323e-08,2.923868401339643e-07
EFT:1.0104241096782794e-05,2.122547334954209e-06,1.987322000788117e-05,0.499281670416237,6.935296550282277e-09,0.4992816704162441,2.6320519398807075e-09,0.0014041591461476227,9.805874310262393e-08,2.9238684013396224e-07
Random3500
Raw:1.0104241096782938e-05,2.122547334954209e-06,1.987322000788117e-05,0.499281670416237,6.935296550282277e-09,0.4992816704162441,2.632051939880745e-09,0.0014041591461476427,9.805874310262393e-08,2.9238684013396224e-07
EFT:1.0104241096782794e-05,2.122547334954209e-06,1.987322000788117e-05,0.499281670416237,6.935296550282277e-09,0.4992816704162441,2.6320519398807075e-09,0.0014041591461476227,9.805874310262393e-08,2.9238684013396224e-07
Random3501
Raw:1.0104241096782794e-05,2.1225473349541788e-06,1.9873220007880885e-05,0.499281670416237,6.9352965502821786e-09,0.4992816704162441,2.632051939880745e-09,0.0014041591461476026,9.805874310262254e-08,2.9238684013396224e-07
EFT:1.0104241096782794e-05,2.122547334954209e-06,1.987322000788117e-05,0.499281670416237,6.935296550282277e-09,0.4992816704162441,2.6320519398807075e-09,0.0014041591461476227,9.805874310262393e-08,2.9238684013396224e-07
Random3502
Raw:1.0104241096783009e-05,2.122547334954194e-06,1.9873220007881028e-05,0.49928167041623345,6.935296550282327e-09,0.49928167041624766,2.6320519398807638e-09,0.0014041591461476327,9.805874310262462e-08,2.9238684013396436e-07
EFT:1.0104241096782794e-05,2.122547334954209e-06,1.987322000788117e-05,0.499281670416237,6.935296550282277e-09,0.4992816704162441,2.6320519398807075e-09,0.0014041591461476227,9.805874310262393e-08,2.9238684013396224e-07
Random3503
Raw:1.0104241096782865e-05,2.122547334954194e-06,1.9873220007881028e-05,0.49928167041623345,6.935296550282228e-09,0.49928167041624766,2.632051939880726e-09,0.0014041591461476126,9.805874310262462e-08,2.9238684013396436e-07
EFT:1.0104241096782794e-05,2.122547334954209e-06,1.987322000788117e-05,0.499281670416237,6.935296550282277e-09,0.4992816704162441,2.6320519398807075e-09,0.0014041591461476227,9.805874310262393e-08,2.9238684013396224e-07
Random3504
Raw:1.0104241096782938e-05,2.122547334954239e-06,1.9873220007880885e-05,0.499281670416237,6.935296550282277e-09,0.4992816704162441,2.632051939880745e-09,0.0014041591461476227,9.805874310262532e-08,2.9238684013396224e-07
EFT:1.0104241096782794e-05,2.122547334954209e-06,1.987322000788117e-05,0.499281670416237,6.935296550282277e-09,0.4992816704162441,2.6320519398807075e-09,0.0014041591461476227,9.805874310262393e-08,2.9238684013396224e-07
Random3505
Raw:1.0104241096782794e-05,2.122547334954209e-06,1.987322000788117e-05,0.499281670416237,6.935296550282277e-09,0.4992816704162441,2.632051939880745e-09,0.0014041591461476227,9.805874310262254e-08,2.9238684013396224e-07
EFT:1.0104241096782794e-05,2.122547334954209e-06,1.987322000788117e-05,0.499281670416237,6.935296550282277e-09,0.4992816704162441,2.6320519398807075e-09,0.0014041591461476227,9.805874310262393e-08,2.9238684013396224e-07
Random3506
Raw:1.0104241096782794e-05,2.1225473349541788e-06,1.9873220007880885e-05,0.499281670416237,6.9352965502821786e-09,0.4992816704162441,2.63205193988067e-09,0.0014041591461476227,9.805874310262393e-08,2.923868401339581e-07
EFT:1.0104241096782794e-05,2.122547334954209e-06,1.987322000788117e-05,0.499281670416237,6.935296550282277e-09,0.4992816704162441,2.6320519398807075e-09,0.0014041591461476227,9.805874310262393e-08,2.9238684013396224e-07
Random3507
Raw:1.0104241096782938e-05,2.122547334954209e-06,1.9873220007880885e-05,0.499281670416237,6.935296550282277e-09,0.4992816704162441,2.632051939880745e-09,0.0014041591461476227,9.805874310262532e-08,2.9238684013396224e-07
EFT:1.0104241096782794e-05,2.122547334954209e-06,1.987322000788117e-05,0.499281670416237,6.935296550282277e-09,0.4992816704162441,2.6320519398807075e-09,0.0014041591461476227,9.805874310262393e-08,2.9238684013396224e-07
Random3508
Raw:1.0104241096782938e-05,2.122547334954209e-06,1.987322000788117e-05,0.499281670416237,6.9352965502823754e-09,0.4992816704162441,2.632051939880745e-09,0.0014041591461476227,9.805874310262532e-08,2.9238684013396637e-07
EFT:1.0104241096782794e-05,2.122547334954209e-06,1.987322000788117e-05,0.499281670416237,6.935296550282277e-09,0.4992816704162441,2.6320519398807075e-09,0.0014041591461476227,9.805874310262393e-08,2.9238684013396224e-07
Random3509
Raw:1.0104241096782867e-05,2.122547334954224e-06,1.987322000788131e-05,0.49928167041624055,6.935296550282326e-09,0.49928167041624055,2.6320519398807638e-09,0.0014041591461476128,9.805874310262462e-08,2.923868401339643e-07
EFT:1.0104241096782794e-05,2.122547334954209e-06,1.987322000788117e-05,0.499281670416237,6.935296550282277e-09,0.4992816704162441,2.6320519398807075e-09,0.0014041591461476227,9.805874310262393e-08,2.9238684013396224e-07
Random3510
Raw:1.0104241096782938e-05,2.122547334954209e-06,1.987322000788117e-05,0.499281670416237,6.935296550282277e-09,0.4992816704162441,2.632051939880745e-09,0.0014041591461476427,9.805874310262393e-08,2.9238684013396224e-07
EFT:1.0104241096782794e-05,2.122547334954209e-06,1.987322000788117e-05,0.499281670416237,6.935296550282277e-09,0.4992816704162441,2.6320519398807075e-09,0.0014041591461476227,9.805874310262393e-08,2.9238684013396224e-07
Random3511
Raw:1.0104241096782867e-05,2.122547334954224e-06,1.9873220007881028e-05,0.49928167041624055,6.935296550282326e-09,0.49928167041624055,2.6320519398807265e-09,0.0014041591461476327,9.805874310262602e-08,2.923868401339643e-07
EFT:1.0104241096782794e-05,2.122547334954209e-06,1.987322000788117e-05,0.499281670416237,6.935296550282277e-09,0.4992816704162441,2.6320519398807075e-09,0.0014041591461476227,9.805874310262393e-08,2.9238684013396224e-07
Random3512
Raw:1.0104241096782938e-05,2.122547334954209e-06,1.987322000788117e-05,0.499281670416237,6.935296550282277e-09,0.4992816704162441,2.632051939880745e-09,0.0014041591461476227,9.805874310262532e-08,2.9238684013396224e-07
EFT:1.0104241096782794e-05,2.122547334954209e-06,1.987322000788117e-05,0.499281670416237,6.935296550282277e-09,0.4992816704162441,2.6320519398807075e-09,0.0014041591461476227,9.805874310262393e-08,2.9238684013396224e-07
Random3513
Raw:1.0104241096783009e-05,2.122547334954194e-06,1.9873220007881028e-05,0.49928167041623345,6.935296550282327e-09,0.49928167041624766,2.6320519398807638e-09,0.0014041591461476126,9.805874310262601e-08,2.9238684013396436e-07
EFT:1.0104241096782794e-05,2.122547334954209e-06,1.987322000788117e-05,0.499281670416237,6.935296550282277e-09,0.4992816704162441,2.6320519398807075e-09,0.0014041591461476227,9.805874310262393e-08,2.9238684013396224e-07
Random3514
Raw:1.0104241096782867e-05,2.122547334954224e-06,1.987322000788131e-05,0.49928167041624055,6.935296550282326e-09,0.49928167041624055,2.6320519398807265e-09,0.0014041591461476327,9.805874310262462e-08,2.923868401339643e-07
EFT:1.0104241096782794e-05,2.122547334954209e-06,1.987322000788117e-05,0.499281670416237,6.935296550282277e-09,0.4992816704162441,2.6320519398807075e-09,0.0014041591461476227,9.805874310262393e-08,2.9238684013396224e-07
Random3515
Raw:1.0104241096782794e-05,2.122547334954209e-06,1.987322000788117e-05,0.499281670416237,6.935296550282277e-09,0.4992816704162441,2.6320519398807075e-09,0.0014041591461476227,9.805874310262393e-08,2.9238684013396224e-07
EFT:1.0104241096782794e-05,2.122547334954209e-06,1.987322000788117e-05,0.499281670416237,6.935296550282277e-09,0.4992816704162441,2.6320519398807075e-09,0.0014041591461476227,9.805874310262393e-08,2.9238684013396224e-07
Random3516
Raw:1.0104241096782938e-05,2.1225473349541788e-06,1.9873220007880885e-05,0.499281670416237,6.935296550282277e-09,0.4992816704162441,2.632051939880745e-09,0.0014041591461476026,9.805874310262532e-08,2.9238684013396224e-07
EFT:1.0104241096782794e-05,2.122547334954209e-06,1.987322000788117e-05,0.499281670416237,6.935296550282277e-09,0.4992816704162441,2.6320519398807075e-09,0.0014041591461476227,9.805874310262393e-08,2.9238684013396224e-07
Random3517
Raw:1.0104241096782938e-05,2.122547334954209e-06,1.987322000788117e-05,0.499281670416237,6.9352965502823754e-09,0.4992816704162441,2.632051939880745e-09,0.0014041591461476227,9.805874310262393e-08,2.9238684013396637e-07
EFT:1.0104241096782794e-05,2.122547334954209e-06,1.987322000788117e-05,0.499281670416237,6.935296550282277e-09,0.4992816704162441,2.6320519398807075e-09,0.0014041591461476227,9.805874310262393e-08,2.9238684013396224e-07
Random3518
Raw:1.0104241096782938e-05,2.122547334954209e-06,1.987322000788117e-05,0.499281670416237,6.9352965502823754e-09,0.4992816704162441,2.632051939880745e-09,0.0014041591461476227,9.805874310262672e-08,2.9238684013396637e-07
EFT:1.0104241096782794e-05,2.122547334954209e-06,1.987322000788117e-05,0.499281670416237,6.935296550282277e-09,0.4992816704162441,2.6320519398807075e-09,0.0014041591461476227,9.805874310262393e-08,2.9238684013396224e-07
Random3519
Raw:1.0104241096782867e-05,2.122547334954224e-06,1.9873220007881028e-05,0.49928167041624055,6.935296550282326e-09,0.49928167041624055,2.6320519398807265e-09,0.0014041591461476327,9.805874310262323e-08,2.923868401339643e-07
EFT:1.0104241096782794e-05,2.122547334954209e-06,1.987322000788117e-05,0.499281670416237,6.935296550282277e-09,0.4992816704162441,2.6320519398807075e-09,0.0014041591461476227,9.805874310262393e-08,2.9238684013396224e-07
Random3520
Raw:1.0104241096782938e-05,2.122547334954209e-06,1.9873220007880885e-05,0.499281670416237,6.935296550282277e-09,0.4992816704162441,2.632051939880745e-09,0.0014041591461476227,9.805874310262532e-08,2.9238684013396224e-07
EFT:1.0104241096782794e-05,2.122547334954209e-06,1.987322000788117e-05,0.499281670416237,6.935296550282277e-09,0.4992816704162441,2.6320519398807075e-09,0.0014041591461476227,9.805874310262393e-08,2.9238684013396224e-07
Random3521
Raw:1.0104241096782867e-05,2.122547334954194e-06,1.9873220007881028e-05,0.49928167041624055,6.935296550282326e-09,0.49928167041624055,2.6320519398807265e-09,0.0014041591461476128,9.805874310262323e-08,2.923868401339643e-07
EFT:1.0104241096782794e-05,2.122547334954209e-06,1.987322000788117e-05,0.499281670416237,6.935296550282277e-09,0.4992816704162441,2.6320519398807075e-09,0.0014041591461476227,9.805874310262393e-08,2.9238684013396224e-07
Random3522
Raw:1.0104241096782723e-05,2.122547334954194e-06,1.9873220007881028e-05,0.49928167041624055,6.935296550282228e-09,0.49928167041624055,2.632051939880689e-09,0.0014041591461476128,9.805874310262184e-08,2.923868401339602e-07
EFT:1.0104241096782794e-05,2.122547334954209e-06,1.987322000788117e-05,0.499281670416237,6.935296550282277e-09,0.4992816704162441,2.6320519398807075e-09,0.0014041591461476227,9.805874310262393e-08,2.9238684013396224e-07
Random3523
Raw:1.0104241096782794e-05,2.122547334954209e-06,1.987322000788117e-05,0.499281670416237,6.9352965502821786e-09,0.4992816704162441,2.6320519398807075e-09,0.0014041591461476227,9.805874310262393e-08,2.9238684013396224e-07
EFT:1.0104241096782794e-05,2.122547334954209e-06,1.987322000788117e-05,0.499281670416237,6.935296550282277e-09,0.4992816704162441,2.6320519398807075e-09,0.0014041591461476227,9.805874310262393e-08,2.9238684013396224e-07
Random3524
Raw:1.0104241096782867e-05,2.122547334954224e-06,1.987322000788131e-05,0.49928167041624055,6.935296550282326e-09,0.49928167041624055,2.6320519398807638e-09,0.0014041591461476128,9.805874310262462e-08,2.923868401339643e-07
EFT:1.0104241096782794e-05,2.122547334954209e-06,1.987322000788117e-05,0.499281670416237,6.935296550282277e-09,0.4992816704162441,2.6320519398807075e-09,0.0014041591461476227,9.805874310262393e-08,2.9238684013396224e-07
Random3525
Raw:1.0104241096782938e-05,2.122547334954209e-06,1.987322000788117e-05,0.499281670416237,6.935296550282277e-09,0.4992816704162441,2.632051939880745e-09,0.0014041591461476227,9.805874310262532e-08,2.9238684013396224e-07
EFT:1.0104241096782794e-05,2.122547334954209e-06,1.987322000788117e-05,0.499281670416237,6.935296550282277e-09,0.4992816704162441,2.6320519398807075e-09,0.0014041591461476227,9.805874310262393e-08,2.9238684013396224e-07
Random3526
Raw:1.0104241096782867e-05,2.122547334954224e-06,1.987322000788131e-05,0.49928167041624055,6.935296550282326e-09,0.49928167041624055,2.6320519398807265e-09,0.0014041591461476327,9.805874310262462e-08,2.923868401339643e-07
EFT:1.0104241096782794e-05,2.122547334954209e-06,1.987322000788117e-05,0.499281670416237,6.935296550282277e-09,0.4992816704162441,2.6320519398807075e-09,0.0014041591461476227,9.805874310262393e-08,2.9238684013396224e-07
Random3527
Raw:1.0104241096782867e-05,2.122547334954224e-06,1.987322000788131e-05,0.49928167041624055,6.935296550282326e-09,0.49928167041624055,2.6320519398807265e-09,0.0014041591461476327,9.805874310262323e-08,2.923868401339643e-07
EFT:1.0104241096782794e-05,2.122547334954209e-06,1.987322000788117e-05,0.499281670416237,6.935296550282277e-09,0.4992816704162441,2.6320519398807075e-09,0.0014041591461476227,9.805874310262393e-08,2.9238684013396224e-07
Random3528
Raw:1.0104241096782867e-05,2.122547334954224e-06,1.9873220007881028e-05,0.49928167041624055,6.935296550282326e-09,0.49928167041624055,2.6320519398807638e-09,0.0014041591461476128,9.805874310262462e-08,2.923868401339643e-07
EFT:1.0104241096782794e-05,2.122547334954209e-06,1.987322000788117e-05,0.499281670416237,6.935296550282277e-09,0.4992816704162441,2.6320519398807075e-09,0.0014041591461476227,9.805874310262393e-08,2.9238684013396224e-07
Random3529
Raw:1.0104241096782867e-05,2.122547334954224e-06,1.9873220007881028e-05,0.49928167041624055,6.935296550282228e-09,0.49928167041624055,2.632051939880689e-09,0.0014041591461476327,9.805874310262462e-08,2.923868401339602e-07
EFT:1.0104241096782794e-05,2.122547334954209e-06,1.987322000788117e-05,0.499281670416237,6.935296550282277e-09,0.4992816704162441,2.6320519398807075e-09,0.0014041591461476227,9.805874310262393e-08,2.9238684013396224e-07
Random3530
Raw:1.0104241096782794e-05,2.122547334954209e-06,1.987322000788117e-05,0.4992816704162441,6.935296550282277e-09,0.499281670416237,2.63205193988067e-09,0.0014041591461476227,9.805874310262393e-08,2.9238684013396224e-07
EFT:1.0104241096782794e-05,2.122547334954209e-06,1.987322000788117e-05,0.499281670416237,6.935296550282277e-09,0.4992816704162441,2.6320519398807075e-09,0.0014041591461476227,9.805874310262393e-08,2.9238684013396224e-07
Random3531
Raw:1.0104241096782938e-05,2.122547334954239e-06,1.987322000788145e-05,0.499281670416237,6.935296550282277e-09,0.4992816704162441,2.632051939880745e-09,0.0014041591461476427,9.805874310262393e-08,2.9238684013396637e-07
EFT:1.0104241096782794e-05,2.122547334954209e-06,1.987322000788117e-05,0.499281670416237,6.935296550282277e-09,0.4992816704162441,2.6320519398807075e-09,0.0014041591461476227,9.805874310262393e-08,2.9238684013396224e-07
Random3532
Raw:1.0104241096783009e-05,2.122547334954224e-06,1.987322000788131e-05,0.49928167041623345,6.935296550282327e-09,0.49928167041624766,2.6320519398807638e-09,0.0014041591461476327,9.805874310262462e-08,2.923868401339685e-07
EFT:1.0104241096782794e-05,2.122547334954209e-06,1.987322000788117e-05,0.499281670416237,6.935296550282277e-09,0.4992816704162441,2.6320519398807075e-09,0.0014041591461476227,9.805874310262393e-08,2.9238684013396224e-07
Random3533
Raw:1.0104241096782938e-05,2.122547334954209e-06,1.987322000788117e-05,0.499281670416237,6.935296550282277e-09,0.4992816704162441,2.632051939880745e-09,0.0014041591461476427,9.805874310262393e-08,2.9238684013396224e-07
EFT:1.0104241096782794e-05,2.122547334954209e-06,1.987322000788117e-05,0.499281670416237,6.935296550282277e-09,0.4992816704162441,2.6320519398807075e-09,0.0014041591461476227,9.805874310262393e-08,2.9238684013396224e-07
Random3534
Raw:1.0104241096782867e-05,2.122547334954224e-06,1.987322000788131e-05,0.49928167041624055,6.935296550282326e-09,0.49928167041624055,2.6320519398807265e-09,0.0014041591461476327,9.805874310262462e-08,2.923868401339643e-07
EFT:1.0104241096782794e-05,2.122547334954209e-06,1.987322000788117e-05,0.499281670416237,6.935296550282277e-09,0.4992816704162441,2.6320519398807075e-09,0.0014041591461476227,9.805874310262393e-08,2.9238684013396224e-07
Random3535
Raw:1.0104241096782867e-05,2.122547334954224e-06,1.9873220007881028e-05,0.49928167041624055,6.935296550282326e-09,0.49928167041624055,2.6320519398807265e-09,0.0014041591461476128,9.805874310262462e-08,2.923868401339643e-07
EFT:1.0104241096782794e-05,2.122547334954209e-06,1.987322000788117e-05,0.499281670416237,6.935296550282277e-09,0.4992816704162441,2.6320519398807075e-09,0.0014041591461476227,9.805874310262393e-08,2.9238684013396224e-07
Random3536
Raw:1.0104241096782938e-05,2.122547334954209e-06,1.987322000788117e-05,0.499281670416237,6.9352965502823754e-09,0.4992816704162441,2.632051939880745e-09,0.0014041591461476227,9.805874310262532e-08,2.9238684013396637e-07
EFT:1.0104241096782794e-05,2.122547334954209e-06,1.987322000788117e-05,0.499281670416237,6.935296550282277e-09,0.4992816704162441,2.6320519398807075e-09,0.0014041591461476227,9.805874310262393e-08,2.9238684013396224e-07
Random3537
Raw:1.0104241096782865e-05,2.122547334954194e-06,1.9873220007881028e-05,0.49928167041623345,6.935296550282327e-09,0.49928167041624766,2.632051939880726e-09,0.0014041591461476126,9.805874310262462e-08,2.9238684013396436e-07
EFT:1.0104241096782794e-05,2.122547334954209e-06,1.987322000788117e-05,0.499281670416237,6.935296550282277e-09,0.4992816704162441,2.6320519398807075e-09,0.0014041591461476227,9.805874310262393e-08,2.9238684013396224e-07
Random3538
Raw:1.0104241096782794e-05,2.122547334954209e-06,1.987322000788117e-05,0.499281670416237,6.935296550282277e-09,0.4992816704162441,2.6320519398807075e-09,0.0014041591461476227,9.805874310262393e-08,2.9238684013396224e-07
EFT:1.0104241096782794e-05,2.122547334954209e-06,1.987322000788117e-05,0.499281670416237,6.935296550282277e-09,0.4992816704162441,2.6320519398807075e-09,0.0014041591461476227,9.805874310262393e-08,2.9238684013396224e-07
Random3539
Raw:1.0104241096782938e-05,2.122547334954209e-06,1.9873220007880885e-05,0.499281670416237,6.9352965502823754e-09,0.4992816704162441,2.63205193988082e-09,0.0014041591461476227,9.805874310262532e-08,2.9238684013396637e-07
EFT:1.0104241096782794e-05,2.122547334954209e-06,1.987322000788117e-05,0.499281670416237,6.935296550282277e-09,0.4992816704162441,2.6320519398807075e-09,0.0014041591461476227,9.805874310262393e-08,2.9238684013396224e-07
Random3540
Raw:1.0104241096782867e-05,2.1225473349542546e-06,1.987322000788131e-05,0.49928167041624055,6.935296550282326e-09,0.49928167041624055,2.6320519398807638e-09,0.0014041591461476327,9.805874310262462e-08,2.923868401339643e-07
EFT:1.0104241096782794e-05,2.122547334954209e-06,1.987322000788117e-05,0.499281670416237,6.935296550282277e-09,0.4992816704162441,2.6320519398807075e-09,0.0014041591461476227,9.805874310262393e-08,2.9238684013396224e-07
Random3541
Raw:1.0104241096782938e-05,2.122547334954239e-06,1.987322000788145e-05,0.499281670416237,6.935296550282277e-09,0.4992816704162441,2.632051939880745e-09,0.0014041591461476427,9.805874310262532e-08,2.9238684013396224e-07
EFT:1.0104241096782794e-05,2.122547334954209e-06,1.987322000788117e-05,0.499281670416237,6.935296550282277e-09,0.4992816704162441,2.6320519398807075e-09,0.0014041591461476227,9.805874310262393e-08,2.9238684013396224e-07
Random3542
Raw:1.0104241096782867e-05,2.122547334954224e-06,1.987322000788131e-05,0.49928167041624055,6.935296550282326e-09,0.49928167041624055,2.6320519398807638e-09,0.0014041591461476327,9.805874310262462e-08,2.923868401339643e-07
EFT:1.0104241096782794e-05,2.122547334954209e-06,1.987322000788117e-05,0.499281670416237,6.935296550282277e-09,0.4992816704162441,2.6320519398807075e-09,0.0014041591461476227,9.805874310262393e-08,2.9238684013396224e-07
Random3543
Raw:1.0104241096782938e-05,2.122547334954239e-06,1.9873220007880885e-05,0.499281670416237,6.935296550282277e-09,0.4992816704162441,2.632051939880745e-09,0.0014041591461476227,9.805874310262532e-08,2.9238684013396224e-07
EFT:1.0104241096782794e-05,2.122547334954209e-06,1.987322000788117e-05,0.499281670416237,6.935296550282277e-09,0.4992816704162441,2.6320519398807075e-09,0.0014041591461476227,9.805874310262393e-08,2.9238684013396224e-07
Random3544
Raw:1.0104241096782867e-05,2.122547334954194e-06,1.9873220007881028e-05,0.49928167041624055,6.935296550282326e-09,0.49928167041624055,2.6320519398807265e-09,0.0014041591461476128,9.805874310262602e-08,2.923868401339643e-07
EFT:1.0104241096782794e-05,2.122547334954209e-06,1.987322000788117e-05,0.499281670416237,6.935296550282277e-09,0.4992816704162441,2.6320519398807075e-09,0.0014041591461476227,9.805874310262393e-08,2.9238684013396224e-07
Random3545
Raw:1.0104241096782938e-05,2.122547334954239e-06,1.987322000788145e-05,0.499281670416237,6.935296550282277e-09,0.4992816704162441,2.632051939880745e-09,0.0014041591461476427,9.805874310262393e-08,2.9238684013396637e-07
EFT:1.0104241096782794e-05,2.122547334954209e-06,1.987322000788117e-05,0.499281670416237,6.935296550282277e-09,0.4992816704162441,2.6320519398807075e-09,0.0014041591461476227,9.805874310262393e-08,2.9238684013396224e-07
Random3546
Raw:1.0104241096782938e-05,2.122547334954239e-06,1.987322000788117e-05,0.499281670416237,6.935296550282277e-09,0.4992816704162441,2.632051939880745e-09,0.0014041591461476427,9.805874310262532e-08,2.9238684013396224e-07
EFT:1.0104241096782794e-05,2.122547334954209e-06,1.987322000788117e-05,0.499281670416237,6.935296550282277e-09,0.4992816704162441,2.6320519398807075e-09,0.0014041591461476227,9.805874310262393e-08,2.9238684013396224e-07
Random3547
Raw:1.0104241096782867e-05,2.122547334954224e-06,1.987322000788131e-05,0.49928167041624055,6.935296550282326e-09,0.49928167041624055,2.6320519398807265e-09,0.0014041591461476128,9.805874310262462e-08,2.923868401339643e-07
EFT:1.0104241096782794e-05,2.122547334954209e-06,1.987322000788117e-05,0.499281670416237,6.935296550282277e-09,0.4992816704162441,2.6320519398807075e-09,0.0014041591461476227,9.805874310262393e-08,2.9238684013396224e-07
Random3548
Raw:1.0104241096782938e-05,2.122547334954209e-06,1.987322000788117e-05,0.499281670416237,6.935296550282277e-09,0.4992816704162441,2.632051939880745e-09,0.0014041591461476227,9.805874310262532e-08,2.9238684013396224e-07
EFT:1.0104241096782794e-05,2.122547334954209e-06,1.987322000788117e-05,0.499281670416237,6.935296550282277e-09,0.4992816704162441,2.6320519398807075e-09,0.0014041591461476227,9.805874310262393e-08,2.9238684013396224e-07
Random3549
Raw:1.0104241096782938e-05,2.1225473349541788e-06,1.9873220007880885e-05,0.499281670416237,6.935296550282277e-09,0.4992816704162441,2.632051939880745e-09,0.0014041591461476026,9.805874310262532e-08,2.9238684013396224e-07
EFT:1.0104241096782794e-05,2.122547334954209e-06,1.987322000788117e-05,0.499281670416237,6.935296550282277e-09,0.4992816704162441,2.6320519398807075e-09,0.0014041591461476227,9.805874310262393e-08,2.9238684013396224e-07
Random3550
Raw:1.0104241096783009e-05,2.122547334954194e-06,1.9873220007881028e-05,0.49928167041623345,6.935296550282327e-09,0.49928167041624766,2.6320519398807638e-09,0.0014041591461476327,9.805874310262462e-08,2.9238684013396436e-07
EFT:1.0104241096782794e-05,2.122547334954209e-06,1.987322000788117e-05,0.499281670416237,6.935296550282277e-09,0.4992816704162441,2.6320519398807075e-09,0.0014041591461476227,9.805874310262393e-08,2.9238684013396224e-07
Random3551
Raw:1.0104241096782938e-05,2.122547334954239e-06,1.987322000788145e-05,0.499281670416237,6.935296550282277e-09,0.4992816704162441,2.632051939880745e-09,0.0014041591461476427,9.805874310262393e-08,2.9238684013396637e-07
EFT:1.0104241096782794e-05,2.122547334954209e-06,1.987322000788117e-05,0.499281670416237,6.935296550282277e-09,0.4992816704162441,2.6320519398807075e-09,0.0014041591461476227,9.805874310262393e-08,2.9238684013396224e-07
Random3552
Raw:1.0104241096782867e-05,2.1225473349542546e-06,1.987322000788131e-05,0.49928167041624055,6.935296550282326e-09,0.49928167041624055,2.6320519398807638e-09,0.0014041591461476128,9.805874310262462e-08,2.923868401339643e-07
EFT:1.0104241096782794e-05,2.122547334954209e-06,1.987322000788117e-05,0.499281670416237,6.935296550282277e-09,0.4992816704162441,2.6320519398807075e-09,0.0014041591461476227,9.805874310262393e-08,2.9238684013396224e-07
Random3553
Raw:1.0104241096782938e-05,2.122547334954239e-06,1.987322000788145e-05,0.499281670416237,6.935296550282277e-09,0.4992816704162441,2.632051939880745e-09,0.0014041591461476427,9.805874310262393e-08,2.9238684013396637e-07
EFT:1.0104241096782794e-05,2.122547334954209e-06,1.987322000788117e-05,0.499281670416237,6.935296550282277e-09,0.4992816704162441,2.6320519398807075e-09,0.0014041591461476227,9.805874310262393e-08,2.9238684013396224e-07
Random3554
Raw:1.0104241096782938e-05,2.122547334954209e-06,1.987322000788117e-05,0.499281670416237,6.935296550282277e-09,0.4992816704162441,2.632051939880745e-09,0.0014041591461476227,9.805874310262532e-08,2.9238684013396224e-07
EFT:1.0104241096782794e-05,2.122547334954209e-06,1.987322000788117e-05,0.499281670416237,6.935296550282277e-09,0.4992816704162441,2.6320519398807075e-09,0.0014041591461476227,9.805874310262393e-08,2.9238684013396224e-07
Random3555
Raw:1.0104241096782938e-05,2.122547334954209e-06,1.987322000788117e-05,0.499281670416237,6.9352965502823754e-09,0.4992816704162441,2.632051939880745e-09,0.0014041591461476227,9.805874310262672e-08,2.9238684013396637e-07
EFT:1.0104241096782794e-05,2.122547334954209e-06,1.987322000788117e-05,0.499281670416237,6.935296550282277e-09,0.4992816704162441,2.6320519398807075e-09,0.0014041591461476227,9.805874310262393e-08,2.9238684013396224e-07
Random3556
Raw:1.0104241096783009e-05,2.122547334954194e-06,1.9873220007881028e-05,0.49928167041623345,6.935296550282327e-09,0.49928167041624766,2.6320519398807638e-09,0.0014041591461476126,9.805874310262601e-08,2.9238684013396436e-07
EFT:1.0104241096782794e-05,2.122547334954209e-06,1.987322000788117e-05,0.499281670416237,6.935296550282277e-09,0.4992816704162441,2.6320519398807075e-09,0.0014041591461476227,9.805874310262393e-08,2.9238684013396224e-07
Random3557
Raw:1.0104241096782867e-05,2.122547334954224e-06,1.987322000788131e-05,0.49928167041624055,6.935296550282326e-09,0.49928167041624055,2.6320519398807265e-09,0.0014041591461476327,9.805874310262462e-08,2.923868401339643e-07
EFT:1.0104241096782794e-05,2.122547334954209e-06,1.987322000788117e-05,0.499281670416237,6.935296550282277e-09,0.4992816704162441,2.6320519398807075e-09,0.0014041591461476227,9.805874310262393e-08,2.9238684013396224e-07
Random3558
Raw:1.0104241096782867e-05,2.122547334954194e-06,1.9873220007881028e-05,0.49928167041624055,6.935296550282326e-09,0.49928167041624055,2.6320519398807265e-09,0.0014041591461476128,9.805874310262602e-08,2.923868401339643e-07
EFT:1.0104241096782794e-05,2.122547334954209e-06,1.987322000788117e-05,0.499281670416237,6.935296550282277e-09,0.4992816704162441,2.6320519398807075e-09,0.0014041591461476227,9.805874310262393e-08,2.9238684013396224e-07
Random3559
Raw:1.0104241096782938e-05,2.122547334954209e-06,1.987322000788117e-05,0.499281670416237,6.9352965502823754e-09,0.4992816704162441,2.632051939880745e-09,0.0014041591461476227,9.805874310262393e-08,2.9238684013396637e-07
EFT:1.0104241096782794e-05,2.122547334954209e-06,1.987322000788117e-05,0.499281670416237,6.935296550282277e-09,0.4992816704162441,2.6320519398807075e-09,0.0014041591461476227,9.805874310262393e-08,2.9238684013396224e-07
Random3560
Raw:1.0104241096782938e-05,2.122547334954209e-06,1.987322000788117e-05,0.499281670416237,6.9352965502823754e-09,0.4992816704162441,2.632051939880745e-09,0.0014041591461476227,9.805874310262672e-08,2.9238684013396637e-07
EFT:1.0104241096782794e-05,2.122547334954209e-06,1.987322000788117e-05,0.499281670416237,6.935296550282277e-09,0.4992816704162441,2.6320519398807075e-09,0.0014041591461476227,9.805874310262393e-08,2.9238684013396224e-07
Random3561
Raw:1.0104241096782794e-05,2.122547334954209e-06,1.9873220007880885e-05,0.499281670416237,6.9352965502821786e-09,0.4992816704162441,2.6320519398807075e-09,0.0014041591461476026,9.805874310262393e-08,2.9238684013396224e-07
EFT:1.0104241096782794e-05,2.122547334954209e-06,1.987322000788117e-05,0.499281670416237,6.935296550282277e-09,0.4992816704162441,2.6320519398807075e-09,0.0014041591461476227,9.805874310262393e-08,2.9238684013396224e-07
Random3562
Raw:1.0104241096782938e-05,2.122547334954239e-06,1.9873220007880885e-05,0.499281670416237,6.935296550282277e-09,0.4992816704162441,2.632051939880745e-09,0.0014041591461476227,9.805874310262532e-08,2.9238684013396224e-07
EFT:1.0104241096782794e-05,2.122547334954209e-06,1.987322000788117e-05,0.499281670416237,6.935296550282277e-09,0.4992816704162441,2.6320519398807075e-09,0.0014041591461476227,9.805874310262393e-08,2.9238684013396224e-07
Random3563
Raw:1.0104241096782867e-05,2.122547334954224e-06,1.987322000788131e-05,0.49928167041624055,6.935296550282228e-09,0.49928167041624055,2.632051939880689e-09,0.0014041591461476327,9.805874310262323e-08,2.923868401339643e-07
EFT:1.0104241096782794e-05,2.122547334954209e-06,1.987322000788117e-05,0.499281670416237,6.935296550282277e-09,0.4992816704162441,2.6320519398807075e-09,0.0014041591461476227,9.805874310262393e-08,2.9238684013396224e-07
Random3564
Raw:1.0104241096782794e-05,2.122547334954209e-06,1.9873220007880885e-05,0.499281670416237,6.9352965502821786e-09,0.4992816704162441,2.6320519398807075e-09,0.0014041591461476026,9.805874310262393e-08,2.9238684013396224e-07
EFT:1.0104241096782794e-05,2.122547334954209e-06,1.987322000788117e-05,0.499281670416237,6.935296550282277e-09,0.4992816704162441,2.6320519398807075e-09,0.0014041591461476227,9.805874310262393e-08,2.9238684013396224e-07
Random3565
Raw:1.0104241096782867e-05,2.122547334954224e-06,1.9873220007881028e-05,0.49928167041624055,6.935296550282326e-09,0.49928167041624055,2.6320519398807265e-09,0.0014041591461476327,9.805874310262602e-08,2.923868401339643e-07
EFT:1.0104241096782794e-05,2.122547334954209e-06,1.987322000788117e-05,0.499281670416237,6.935296550282277e-09,0.4992816704162441,2.6320519398807075e-09,0.0014041591461476227,9.805874310262393e-08,2.9238684013396224e-07
Random3566
Raw:1.0104241096782867e-05,2.122547334954224e-06,1.987322000788131e-05,0.49928167041624055,6.935296550282326e-09,0.49928167041624055,2.6320519398807265e-09,0.0014041591461476327,9.805874310262462e-08,2.923868401339643e-07
EFT:1.0104241096782794e-05,2.122547334954209e-06,1.987322000788117e-05,0.499281670416237,6.935296550282277e-09,0.4992816704162441,2.6320519398807075e-09,0.0014041591461476227,9.805874310262393e-08,2.9238684013396224e-07
Random3567
Raw:1.0104241096782794e-05,2.122547334954209e-06,1.9873220007880885e-05,0.499281670416237,6.9352965502821786e-09,0.4992816704162441,2.632051939880745e-09,0.0014041591461476227,9.805874310262254e-08,2.9238684013396224e-07
EFT:1.0104241096782794e-05,2.122547334954209e-06,1.987322000788117e-05,0.499281670416237,6.935296550282277e-09,0.4992816704162441,2.6320519398807075e-09,0.0014041591461476227,9.805874310262393e-08,2.9238684013396224e-07
Random3568
Raw:1.0104241096782938e-05,2.122547334954209e-06,1.987322000788117e-05,0.499281670416237,6.9352965502823754e-09,0.4992816704162441,2.6320519398807824e-09,0.0014041591461476227,9.805874310262532e-08,2.9238684013396637e-07
EFT:1.0104241096782794e-05,2.122547334954209e-06,1.987322000788117e-05,0.499281670416237,6.935296550282277e-09,0.4992816704162441,2.6320519398807075e-09,0.0014041591461476227,9.805874310262393e-08,2.9238684013396224e-07
Random3569
Raw:1.0104241096782938e-05,2.122547334954209e-06,1.987322000788117e-05,0.499281670416237,6.9352965502823754e-09,0.4992816704162441,2.632051939880745e-09,0.0014041591461476227,9.805874310262532e-08,2.9238684013396637e-07
EFT:1.0104241096782794e-05,2.122547334954209e-06,1.987322000788117e-05,0.499281670416237,6.935296550282277e-09,0.4992816704162441,2.6320519398807075e-09,0.0014041591461476227,9.805874310262393e-08,2.9238684013396224e-07
Random3570
Raw:1.0104241096782938e-05,2.1225473349541788e-06,1.9873220007880885e-05,0.499281670416237,6.935296550282277e-09,0.4992816704162441,2.632051939880745e-09,0.0014041591461476026,9.805874310262532e-08,2.9238684013396224e-07
EFT:1.0104241096782794e-05,2.122547334954209e-06,1.987322000788117e-05,0.499281670416237,6.935296550282277e-09,0.4992816704162441,2.6320519398807075e-09,0.0014041591461476227,9.805874310262393e-08,2.9238684013396224e-07
Random3571
Raw:1.0104241096782938e-05,2.122547334954209e-06,1.987322000788117e-05,0.499281670416237,6.9352965502823754e-09,0.4992816704162441,2.632051939880745e-09,0.0014041591461476227,9.805874310262532e-08,2.9238684013396637e-07
EFT:1.0104241096782794e-05,2.122547334954209e-06,1.987322000788117e-05,0.499281670416237,6.935296550282277e-09,0.4992816704162441,2.6320519398807075e-09,0.0014041591461476227,9.805874310262393e-08,2.9238684013396224e-07
Random3572
Raw:1.0104241096782938e-05,2.122547334954209e-06,1.9873220007880885e-05,0.499281670416237,6.935296550282277e-09,0.4992816704162441,2.632051939880745e-09,0.0014041591461476227,9.805874310262532e-08,2.9238684013396224e-07
EFT:1.0104241096782794e-05,2.122547334954209e-06,1.987322000788117e-05,0.499281670416237,6.935296550282277e-09,0.4992816704162441,2.6320519398807075e-09,0.0014041591461476227,9.805874310262393e-08,2.9238684013396224e-07
Random3573
Raw:1.0104241096783009e-05,2.122547334954194e-06,1.9873220007881028e-05,0.49928167041623345,6.935296550282327e-09,0.49928167041624766,2.6320519398807638e-09,0.0014041591461476327,9.805874310262462e-08,2.9238684013396436e-07
EFT:1.0104241096782794e-05,2.122547334954209e-06,1.987322000788117e-05,0.499281670416237,6.935296550282277e-09,0.4992816704162441,2.6320519398807075e-09,0.0014041591461476227,9.805874310262393e-08,2.9238684013396224e-07
Random3574
Raw:1.0104241096782938e-05,2.122547334954239e-06,1.987322000788145e-05,0.499281670416237,6.935296550282277e-09,0.4992816704162441,2.632051939880745e-09,0.0014041591461476427,9.805874310262532e-08,2.9238684013396224e-07
EFT:1.0104241096782794e-05,2.122547334954209e-06,1.987322000788117e-05,0.499281670416237,6.935296550282277e-09,0.4992816704162441,2.6320519398807075e-09,0.0014041591461476227,9.805874310262393e-08,2.9238684013396224e-07
Random3575
Raw:1.0104241096783009e-05,2.122547334954194e-06,1.9873220007881028e-05,0.49928167041623345,6.935296550282327e-09,0.49928167041624766,2.6320519398807638e-09,0.0014041591461476126,9.805874310262601e-08,2.9238684013396436e-07
EFT:1.0104241096782794e-05,2.122547334954209e-06,1.987322000788117e-05,0.499281670416237,6.935296550282277e-09,0.4992816704162441,2.6320519398807075e-09,0.0014041591461476227,9.805874310262393e-08,2.9238684013396224e-07
Random3576
Raw:1.0104241096782938e-05,2.122547334954209e-06,1.987322000788117e-05,0.499281670416237,6.935296550282277e-09,0.4992816704162441,2.632051939880745e-09,0.0014041591461476227,9.805874310262532e-08,2.9238684013396224e-07
EFT:1.0104241096782794e-05,2.122547334954209e-06,1.987322000788117e-05,0.499281670416237,6.935296550282277e-09,0.4992816704162441,2.6320519398807075e-09,0.0014041591461476227,9.805874310262393e-08,2.9238684013396224e-07
Random3577
Raw:1.0104241096782867e-05,2.122547334954194e-06,1.9873220007881028e-05,0.49928167041624055,6.935296550282228e-09,0.49928167041624055,2.632051939880689e-09,0.0014041591461476128,9.805874310262462e-08,2.923868401339602e-07
EFT:1.0104241096782794e-05,2.122547334954209e-06,1.987322000788117e-05,0.499281670416237,6.935296550282277e-09,0.4992816704162441,2.6320519398807075e-09,0.0014041591461476227,9.805874310262393e-08,2.9238684013396224e-07
Random3578
Raw:1.0104241096782938e-05,2.122547334954209e-06,1.9873220007880885e-05,0.499281670416237,6.9352965502823754e-09,0.4992816704162441,2.6320519398807824e-09,0.0014041591461476227,9.805874310262532e-08,2.9238684013396637e-07
EFT:1.0104241096782794e-05,2.122547334954209e-06,1.987322000788117e-05,0.499281670416237,6.935296550282277e-09,0.4992816704162441,2.6320519398807075e-09,0.0014041591461476227,9.805874310262393e-08,2.9238684013396224e-07
Random3579
Raw:1.0104241096782865e-05,2.122547334954194e-06,1.9873220007881028e-05,0.49928167041623345,6.935296550282327e-09,0.49928167041624766,2.6320519398807638e-09,0.0014041591461476126,9.805874310262324e-08,2.9238684013396436e-07
EFT:1.0104241096782794e-05,2.122547334954209e-06,1.987322000788117e-05,0.499281670416237,6.935296550282277e-09,0.4992816704162441,2.6320519398807075e-09,0.0014041591461476227,9.805874310262393e-08,2.9238684013396224e-07
Random3580
Raw:1.0104241096782867e-05,2.122547334954224e-06,1.987322000788131e-05,0.49928167041624055,6.935296550282326e-09,0.49928167041624055,2.6320519398807265e-09,0.0014041591461476327,9.805874310262462e-08,2.923868401339643e-07
EFT:1.0104241096782794e-05,2.122547334954209e-06,1.987322000788117e-05,0.499281670416237,6.935296550282277e-09,0.4992816704162441,2.6320519398807075e-09,0.0014041591461476227,9.805874310262393e-08,2.9238684013396224e-07
Random3581
Raw:1.0104241096782938e-05,2.122547334954209e-06,1.987322000788117e-05,0.499281670416237,6.9352965502823754e-09,0.4992816704162441,2.632051939880745e-09,0.0014041591461476227,9.805874310262672e-08,2.9238684013396637e-07
EFT:1.0104241096782794e-05,2.122547334954209e-06,1.987322000788117e-05,0.499281670416237,6.935296550282277e-09,0.4992816704162441,2.6320519398807075e-09,0.0014041591461476227,9.805874310262393e-08,2.9238684013396224e-07
Random3582
Raw:1.0104241096782938e-05,2.122547334954209e-06,1.987322000788117e-05,0.499281670416237,6.935296550282277e-09,0.4992816704162441,2.632051939880745e-09,0.0014041591461476227,9.805874310262532e-08,2.9238684013396224e-07
EFT:1.0104241096782794e-05,2.122547334954209e-06,1.987322000788117e-05,0.499281670416237,6.935296550282277e-09,0.4992816704162441,2.6320519398807075e-09,0.0014041591461476227,9.805874310262393e-08,2.9238684013396224e-07
Random3583
Raw:1.0104241096782867e-05,2.122547334954194e-06,1.9873220007881028e-05,0.49928167041624055,6.935296550282326e-09,0.49928167041624055,2.6320519398807265e-09,0.0014041591461476128,9.805874310262323e-08,2.923868401339643e-07
EFT:1.0104241096782794e-05,2.122547334954209e-06,1.987322000788117e-05,0.499281670416237,6.935296550282277e-09,0.4992816704162441,2.6320519398807075e-09,0.0014041591461476227,9.805874310262393e-08,2.9238684013396224e-07
Random3584
Raw:1.0104241096782938e-05,2.122547334954239e-06,1.987322000788117e-05,0.499281670416237,6.9352965502823754e-09,0.4992816704162441,2.6320519398807824e-09,0.0014041591461476227,9.805874310262532e-08,2.9238684013396637e-07
EFT:1.0104241096782794e-05,2.122547334954209e-06,1.987322000788117e-05,0.499281670416237,6.935296550282277e-09,0.4992816704162441,2.6320519398807075e-09,0.0014041591461476227,9.805874310262393e-08,2.9238684013396224e-07
Random3585
Raw:1.0104241096782867e-05,2.122547334954224e-06,1.987322000788131e-05,0.49928167041624055,6.935296550282326e-09,0.49928167041624055,2.6320519398807265e-09,0.0014041591461476327,9.805874310262602e-08,2.923868401339643e-07
EFT:1.0104241096782794e-05,2.122547334954209e-06,1.987322000788117e-05,0.499281670416237,6.935296550282277e-09,0.4992816704162441,2.6320519398807075e-09,0.0014041591461476227,9.805874310262393e-08,2.9238684013396224e-07
Random3586
Raw:1.0104241096782938e-05,2.122547334954209e-06,1.987322000788117e-05,0.499281670416237,6.935296550282277e-09,0.4992816704162441,2.632051939880745e-09,0.0014041591461476227,9.805874310262532e-08,2.9238684013396224e-07
EFT:1.0104241096782794e-05,2.122547334954209e-06,1.987322000788117e-05,0.499281670416237,6.935296550282277e-09,0.4992816704162441,2.6320519398807075e-09,0.0014041591461476227,9.805874310262393e-08,2.9238684013396224e-07
Random3587
Raw:1.0104241096782867e-05,2.122547334954224e-06,1.987322000788131e-05,0.49928167041624055,6.935296550282326e-09,0.49928167041624055,2.6320519398807265e-09,0.0014041591461476327,9.805874310262323e-08,2.923868401339643e-07
EFT:1.0104241096782794e-05,2.122547334954209e-06,1.987322000788117e-05,0.499281670416237,6.935296550282277e-09,0.4992816704162441,2.6320519398807075e-09,0.0014041591461476227,9.805874310262393e-08,2.9238684013396224e-07
Random3588
Raw:1.0104241096782938e-05,2.122547334954239e-06,1.9873220007880885e-05,0.499281670416237,6.935296550282277e-09,0.4992816704162441,2.632051939880745e-09,0.0014041591461476227,9.805874310262532e-08,2.9238684013396224e-07
EFT:1.0104241096782794e-05,2.122547334954209e-06,1.987322000788117e-05,0.499281670416237,6.935296550282277e-09,0.4992816704162441,2.6320519398807075e-09,0.0014041591461476227,9.805874310262393e-08,2.9238684013396224e-07
Random3589
Raw:1.0104241096782938e-05,2.122547334954209e-06,1.987322000788117e-05,0.499281670416237,6.935296550282277e-09,0.4992816704162441,2.632051939880745e-09,0.0014041591461476227,9.805874310262532e-08,2.9238684013396224e-07
EFT:1.0104241096782794e-05,2.122547334954209e-06,1.987322000788117e-05,0.499281670416237,6.935296550282277e-09,0.4992816704162441,2.6320519398807075e-09,0.0014041591461476227,9.805874310262393e-08,2.9238684013396224e-07
Random3590
Raw:1.0104241096782938e-05,2.122547334954239e-06,1.987322000788117e-05,0.499281670416237,6.9352965502823754e-09,0.4992816704162441,2.632051939880745e-09,0.0014041591461476227,9.805874310262532e-08,2.9238684013396637e-07
EFT:1.0104241096782794e-05,2.122547334954209e-06,1.987322000788117e-05,0.499281670416237,6.935296550282277e-09,0.4992816704162441,2.6320519398807075e-09,0.0014041591461476227,9.805874310262393e-08,2.9238684013396224e-07
Random3591
Raw:1.0104241096782938e-05,2.122547334954239e-06,1.987322000788117e-05,0.499281670416237,6.9352965502823754e-09,0.4992816704162441,2.6320519398807824e-09,0.0014041591461476227,9.805874310262532e-08,2.9238684013396637e-07
EFT:1.0104241096782794e-05,2.122547334954209e-06,1.987322000788117e-05,0.499281670416237,6.935296550282277e-09,0.4992816704162441,2.6320519398807075e-09,0.0014041591461476227,9.805874310262393e-08,2.9238684013396224e-07
Random3592
Raw:1.0104241096782794e-05,2.122547334954209e-06,1.987322000788117e-05,0.499281670416237,6.935296550282277e-09,0.4992816704162441,2.6320519398807075e-09,0.0014041591461476227,9.805874310262393e-08,2.9238684013396224e-07
EFT:1.0104241096782794e-05,2.122547334954209e-06,1.987322000788117e-05,0.499281670416237,6.935296550282277e-09,0.4992816704162441,2.6320519398807075e-09,0.0014041591461476227,9.805874310262393e-08,2.9238684013396224e-07
Random3593
Raw:1.0104241096782867e-05,2.122547334954224e-06,1.9873220007881028e-05,0.49928167041624055,6.935296550282326e-09,0.49928167041624055,2.6320519398807265e-09,0.0014041591461476128,9.805874310262462e-08,2.923868401339643e-07
EFT:1.0104241096782794e-05,2.122547334954209e-06,1.987322000788117e-05,0.499281670416237,6.935296550282277e-09,0.4992816704162441,2.6320519398807075e-09,0.0014041591461476227,9.805874310262393e-08,2.9238684013396224e-07
Random3594
Raw:1.0104241096782867e-05,2.122547334954194e-06,1.9873220007881028e-05,0.49928167041624055,6.935296550282326e-09,0.49928167041624055,2.6320519398807265e-09,0.0014041591461476128,9.805874310262323e-08,2.923868401339643e-07
EFT:1.0104241096782794e-05,2.122547334954209e-06,1.987322000788117e-05,0.499281670416237,6.935296550282277e-09,0.4992816704162441,2.6320519398807075e-09,0.0014041591461476227,9.805874310262393e-08,2.9238684013396224e-07
Random3595
Raw:1.0104241096783009e-05,2.122547334954194e-06,1.9873220007881028e-05,0.49928167041623345,6.935296550282327e-09,0.49928167041624766,2.6320519398807638e-09,0.0014041591461476327,9.805874310262462e-08,2.9238684013396436e-07
EFT:1.0104241096782794e-05,2.122547334954209e-06,1.987322000788117e-05,0.499281670416237,6.935296550282277e-09,0.4992816704162441,2.6320519398807075e-09,0.0014041591461476227,9.805874310262393e-08,2.9238684013396224e-07
Random3596
Raw:1.0104241096782867e-05,2.122547334954224e-06,1.987322000788131e-05,0.49928167041624055,6.935296550282326e-09,0.49928167041624055,2.6320519398807265e-09,0.0014041591461476128,9.805874310262462e-08,2.923868401339643e-07
EFT:1.0104241096782794e-05,2.122547334954209e-06,1.987322000788117e-05,0.499281670416237,6.935296550282277e-09,0.4992816704162441,2.6320519398807075e-09,0.0014041591461476227,9.805874310262393e-08,2.9238684013396224e-07
Random3597
Raw:1.0104241096782938e-05,2.122547334954209e-06,1.987322000788117e-05,0.499281670416237,6.935296550282277e-09,0.4992816704162441,2.632051939880745e-09,0.0014041591461476427,9.805874310262393e-08,2.9238684013396224e-07
EFT:1.0104241096782794e-05,2.122547334954209e-06,1.987322000788117e-05,0.499281670416237,6.935296550282277e-09,0.4992816704162441,2.6320519398807075e-09,0.0014041591461476227,9.805874310262393e-08,2.9238684013396224e-07
Random3598
Raw:1.0104241096782938e-05,2.122547334954209e-06,1.987322000788117e-05,0.499281670416237,6.935296550282277e-09,0.4992816704162441,2.632051939880745e-09,0.0014041591461476427,9.805874310262393e-08,2.9238684013396224e-07
EFT:1.0104241096782794e-05,2.122547334954209e-06,1.987322000788117e-05,0.499281670416237,6.935296550282277e-09,0.4992816704162441,2.6320519398807075e-09,0.0014041591461476227,9.805874310262393e-08,2.9238684013396224e-07
Random3599
Raw:1.0104241096782867e-05,2.122547334954224e-06,1.9873220007881028e-05,0.49928167041624055,6.935296550282326e-09,0.49928167041624055,2.6320519398807265e-09,0.0014041591461476128,9.805874310262462e-08,2.923868401339643e-07
EFT:1.0104241096782794e-05,2.122547334954209e-06,1.987322000788117e-05,0.499281670416237,6.935296550282277e-09,0.4992816704162441,2.6320519398807075e-09,0.0014041591461476227,9.805874310262393e-08,2.9238684013396224e-07
Random3600
Raw:1.0104241096782938e-05,2.122547334954209e-06,1.987322000788117e-05,0.499281670416237,6.935296550282277e-09,0.4992816704162441,2.632051939880745e-09,0.0014041591461476427,9.805874310262393e-08,2.9238684013396224e-07
EFT:1.0104241096782794e-05,2.122547334954209e-06,1.987322000788117e-05,0.499281670416237,6.935296550282277e-09,0.4992816704162441,2.6320519398807075e-09,0.0014041591461476227,9.805874310262393e-08,2.9238684013396224e-07
Random3601
Raw:1.0104241096783009e-05,2.122547334954224e-06,1.9873220007881028e-05,0.49928167041623345,6.935296550282327e-09,0.49928167041624766,2.6320519398807638e-09,0.0014041591461476327,9.805874310262601e-08,2.9238684013396436e-07
EFT:1.0104241096782794e-05,2.122547334954209e-06,1.987322000788117e-05,0.499281670416237,6.935296550282277e-09,0.4992816704162441,2.6320519398807075e-09,0.0014041591461476227,9.805874310262393e-08,2.9238684013396224e-07
Random3602
Raw:1.0104241096782938e-05,2.122547334954209e-06,1.9873220007880885e-05,0.499281670416237,6.935296550282277e-09,0.4992816704162441,2.632051939880745e-09,0.0014041591461476227,9.805874310262393e-08,2.9238684013396224e-07
EFT:1.0104241096782794e-05,2.122547334954209e-06,1.987322000788117e-05,0.499281670416237,6.935296550282277e-09,0.4992816704162441,2.6320519398807075e-09,0.0014041591461476227,9.805874310262393e-08,2.9238684013396224e-07
Random3603
Raw:1.0104241096782867e-05,2.122547334954224e-06,1.987322000788131e-05,0.49928167041624055,6.935296550282326e-09,0.49928167041624055,2.6320519398807265e-09,0.0014041591461476327,9.805874310262462e-08,2.923868401339643e-07
EFT:1.0104241096782794e-05,2.122547334954209e-06,1.987322000788117e-05,0.499281670416237,6.935296550282277e-09,0.4992816704162441,2.6320519398807075e-09,0.0014041591461476227,9.805874310262393e-08,2.9238684013396224e-07
Random3604
Raw:1.0104241096782938e-05,2.122547334954239e-06,1.987322000788117e-05,0.499281670416237,6.935296550282277e-09,0.4992816704162441,2.632051939880745e-09,0.0014041591461476427,9.805874310262532e-08,2.9238684013396224e-07
EFT:1.0104241096782794e-05,2.122547334954209e-06,1.987322000788117e-05,0.499281670416237,6.935296550282277e-09,0.4992816704162441,2.6320519398807075e-09,0.0014041591461476227,9.805874310262393e-08,2.9238684013396224e-07
Random3605
Raw:1.0104241096782938e-05,2.122547334954209e-06,1.9873220007880885e-05,0.499281670416237,6.935296550282277e-09,0.4992816704162441,2.632051939880745e-09,0.0014041591461476227,9.805874310262532e-08,2.9238684013396224e-07
EFT:1.0104241096782794e-05,2.122547334954209e-06,1.987322000788117e-05,0.499281670416237,6.935296550282277e-09,0.4992816704162441,2.6320519398807075e-09,0.0014041591461476227,9.805874310262393e-08,2.9238684013396224e-07
Random3606
Raw:1.0104241096782865e-05,2.122547334954194e-06,1.9873220007881028e-05,0.49928167041623345,6.935296550282327e-09,0.49928167041624766,2.632051939880726e-09,0.0014041591461476126,9.805874310262462e-08,2.9238684013396436e-07
EFT:1.0104241096782794e-05,2.122547334954209e-06,1.987322000788117e-05,0.499281670416237,6.935296550282277e-09,0.4992816704162441,2.6320519398807075e-09,0.0014041591461476227,9.805874310262393e-08,2.9238684013396224e-07
Random3607
Raw:1.0104241096783009e-05,2.122547334954224e-06,1.987322000788131e-05,0.49928167041623345,6.935296550282327e-09,0.49928167041624766,2.6320519398807638e-09,0.0014041591461476327,9.805874310262601e-08,2.9238684013396436e-07
EFT:1.0104241096782794e-05,2.122547334954209e-06,1.987322000788117e-05,0.499281670416237,6.935296550282277e-09,0.4992816704162441,2.6320519398807075e-09,0.0014041591461476227,9.805874310262393e-08,2.9238684013396224e-07
Random3608
Raw:1.0104241096782938e-05,2.122547334954209e-06,1.987322000788117e-05,0.499281670416237,6.935296550282277e-09,0.4992816704162441,2.632051939880745e-09,0.0014041591461476227,9.805874310262532e-08,2.9238684013396224e-07
EFT:1.0104241096782794e-05,2.122547334954209e-06,1.987322000788117e-05,0.499281670416237,6.935296550282277e-09,0.4992816704162441,2.6320519398807075e-09,0.0014041591461476227,9.805874310262393e-08,2.9238684013396224e-07
Random3609
Raw:1.0104241096782867e-05,2.122547334954224e-06,1.9873220007881028e-05,0.49928167041624055,6.935296550282326e-09,0.49928167041624055,2.6320519398807265e-09,0.0014041591461476128,9.805874310262462e-08,2.923868401339643e-07
EFT:1.0104241096782794e-05,2.122547334954209e-06,1.987322000788117e-05,0.499281670416237,6.935296550282277e-09,0.4992816704162441,2.6320519398807075e-09,0.0014041591461476227,9.805874310262393e-08,2.9238684013396224e-07
Random3610
Raw:1.0104241096782938e-05,2.122547334954209e-06,1.987322000788117e-05,0.499281670416237,6.935296550282277e-09,0.4992816704162441,2.632051939880745e-09,0.0014041591461476227,9.805874310262532e-08,2.9238684013396224e-07
EFT:1.0104241096782794e-05,2.122547334954209e-06,1.987322000788117e-05,0.499281670416237,6.935296550282277e-09,0.4992816704162441,2.6320519398807075e-09,0.0014041591461476227,9.805874310262393e-08,2.9238684013396224e-07
Random3611
Raw:1.0104241096782938e-05,2.122547334954239e-06,1.987322000788117e-05,0.499281670416237,6.9352965502823754e-09,0.4992816704162441,2.6320519398807824e-09,0.0014041591461476227,9.805874310262532e-08,2.9238684013396637e-07
EFT:1.0104241096782794e-05,2.122547334954209e-06,1.987322000788117e-05,0.499281670416237,6.935296550282277e-09,0.4992816704162441,2.6320519398807075e-09,0.0014041591461476227,9.805874310262393e-08,2.9238684013396224e-07
Random3612
Raw:1.0104241096783009e-05,2.122547334954224e-06,1.9873220007881028e-05,0.49928167041623345,6.935296550282327e-09,0.49928167041624766,2.6320519398807638e-09,0.0014041591461476327,9.805874310262601e-08,2.9238684013396436e-07
EFT:1.0104241096782794e-05,2.122547334954209e-06,1.987322000788117e-05,0.499281670416237,6.935296550282277e-09,0.4992816704162441,2.6320519398807075e-09,0.0014041591461476227,9.805874310262393e-08,2.9238684013396224e-07
Random3613
Raw:1.0104241096782794e-05,2.122547334954209e-06,1.987322000788117e-05,0.4992816704162441,6.935296550282277e-09,0.499281670416237,2.63205193988067e-09,0.0014041591461476227,9.805874310262393e-08,2.9238684013396224e-07
EFT:1.0104241096782794e-05,2.122547334954209e-06,1.987322000788117e-05,0.499281670416237,6.935296550282277e-09,0.4992816704162441,2.6320519398807075e-09,0.0014041591461476227,9.805874310262393e-08,2.9238684013396224e-07
Random3614
Raw:1.0104241096782938e-05,2.122547334954239e-06,1.987322000788117e-05,0.499281670416237,6.935296550282277e-09,0.4992816704162441,2.632051939880745e-09,0.0014041591461476427,9.805874310262393e-08,2.9238684013396637e-07
EFT:1.0104241096782794e-05,2.122547334954209e-06,1.987322000788117e-05,0.499281670416237,6.935296550282277e-09,0.4992816704162441,2.6320519398807075e-09,0.0014041591461476227,9.805874310262393e-08,2.9238684013396224e-07
Random3615
Raw:1.010424109678301e-05,2.1225473349542546e-06,1.987322000788131e-05,0.49928167041624055,6.935296550282425e-09,0.49928167041624055,2.6320519398807638e-09,0.0014041591461476527,9.805874310262741e-08,2.923868401339685e-07
EFT:1.0104241096782794e-05,2.122547334954209e-06,1.987322000788117e-05,0.499281670416237,6.935296550282277e-09,0.4992816704162441,2.6320519398807075e-09,0.0014041591461476227,9.805874310262393e-08,2.9238684013396224e-07
Random3616
Raw:1.0104241096783082e-05,2.122547334954239e-06,1.987322000788145e-05,0.499281670416237,6.935296550282475e-09,0.4992816704162441,2.6320519398807824e-09,0.0014041591461476427,9.805874310262532e-08,2.9238684013396637e-07
EFT:1.0104241096782794e-05,2.122547334954209e-06,1.987322000788117e-05,0.499281670416237,6.935296550282277e-09,0.4992816704162441,2.6320519398807075e-09,0.0014041591461476227,9.805874310262393e-08,2.9238684013396224e-07
Random3617
Raw:1.0104241096782938e-05,2.122547334954239e-06,1.987322000788145e-05,0.499281670416237,6.935296550282277e-09,0.4992816704162441,2.632051939880745e-09,0.0014041591461476427,9.805874310262393e-08,2.9238684013396637e-07
EFT:1.0104241096782794e-05,2.122547334954209e-06,1.987322000788117e-05,0.499281670416237,6.935296550282277e-09,0.4992816704162441,2.6320519398807075e-09,0.0014041591461476227,9.805874310262393e-08,2.9238684013396224e-07
Random3618
Raw:1.0104241096782867e-05,2.122547334954224e-06,1.9873220007881028e-05,0.49928167041624055,6.935296550282326e-09,0.49928167041624055,2.6320519398807265e-09,0.0014041591461476327,9.805874310262602e-08,2.923868401339643e-07
EFT:1.0104241096782794e-05,2.122547334954209e-06,1.987322000788117e-05,0.499281670416237,6.935296550282277e-09,0.4992816704162441,2.6320519398807075e-09,0.0014041591461476227,9.805874310262393e-08,2.9238684013396224e-07
Random3619
Raw:1.0104241096783009e-05,2.122547334954224e-06,1.987322000788131e-05,0.49928167041623345,6.935296550282327e-09,0.49928167041624766,2.6320519398807638e-09,0.0014041591461476327,9.805874310262462e-08,2.923868401339685e-07
EFT:1.0104241096782794e-05,2.122547334954209e-06,1.987322000788117e-05,0.499281670416237,6.935296550282277e-09,0.4992816704162441,2.6320519398807075e-09,0.0014041591461476227,9.805874310262393e-08,2.9238684013396224e-07
Random3620
Raw:1.0104241096782938e-05,2.122547334954209e-06,1.987322000788117e-05,0.499281670416237,6.935296550282277e-09,0.4992816704162441,2.632051939880745e-09,0.0014041591461476427,9.805874310262393e-08,2.9238684013396224e-07
EFT:1.0104241096782794e-05,2.122547334954209e-06,1.987322000788117e-05,0.499281670416237,6.935296550282277e-09,0.4992816704162441,2.6320519398807075e-09,0.0014041591461476227,9.805874310262393e-08,2.9238684013396224e-07
Random3621
Raw:1.0104241096782867e-05,2.122547334954224e-06,1.987322000788131e-05,0.49928167041624055,6.935296550282326e-09,0.49928167041624055,2.6320519398807265e-09,0.0014041591461476327,9.805874310262602e-08,2.923868401339643e-07
EFT:1.0104241096782794e-05,2.122547334954209e-06,1.987322000788117e-05,0.499281670416237,6.935296550282277e-09,0.4992816704162441,2.6320519398807075e-09,0.0014041591461476227,9.805874310262393e-08,2.9238684013396224e-07
Random3622
Raw:1.0104241096782938e-05,2.122547334954239e-06,1.987322000788145e-05,0.499281670416237,6.935296550282277e-09,0.4992816704162441,2.632051939880745e-09,0.0014041591461476427,9.805874310262393e-08,2.9238684013396637e-07
EFT:1.0104241096782794e-05,2.122547334954209e-06,1.987322000788117e-05,0.499281670416237,6.935296550282277e-09,0.4992816704162441,2.6320519398807075e-09,0.0014041591461476227,9.805874310262393e-08,2.9238684013396224e-07
Random3623
Raw:1.0104241096783009e-05,2.122547334954194e-06,1.9873220007880747e-05,0.49928167041623345,6.935296550282327e-09,0.49928167041624766,2.632051939880801e-09,0.0014041591461476126,9.805874310262462e-08,2.9238684013396436e-07
EFT:1.0104241096782794e-05,2.122547334954209e-06,1.987322000788117e-05,0.499281670416237,6.935296550282277e-09,0.4992816704162441,2.6320519398807075e-09,0.0014041591461476227,9.805874310262393e-08,2.9238684013396224e-07
Random3624
Raw:1.0104241096782938e-05,2.122547334954209e-06,1.9873220007880885e-05,0.499281670416237,6.935296550282277e-09,0.4992816704162441,2.632051939880745e-09,0.0014041591461476227,9.805874310262532e-08,2.9238684013396224e-07
EFT:1.0104241096782794e-05,2.122547334954209e-06,1.987322000788117e-05,0.499281670416237,6.935296550282277e-09,0.4992816704162441,2.6320519398807075e-09,0.0014041591461476227,9.805874310262393e-08,2.9238684013396224e-07
Random3625
Raw:1.0104241096782938e-05,2.122547334954209e-06,1.987322000788117e-05,0.499281670416237,6.935296550282277e-09,0.4992816704162441,2.632051939880745e-09,0.0014041591461476227,9.805874310262532e-08,2.9238684013396224e-07
EFT:1.0104241096782794e-05,2.122547334954209e-06,1.987322000788117e-05,0.499281670416237,6.935296550282277e-09,0.4992816704162441,2.6320519398807075e-09,0.0014041591461476227,9.805874310262393e-08,2.9238684013396224e-07
Random3626
Raw:1.0104241096782723e-05,2.122547334954194e-06,1.9873220007881028e-05,0.49928167041624055,6.93529655028213e-09,0.49928167041624055,2.6320519398806513e-09,0.0014041591461476128,9.805874310262323e-08,2.923868401339602e-07
EFT:1.0104241096782794e-05,2.122547334954209e-06,1.987322000788117e-05,0.499281670416237,6.935296550282277e-09,0.4992816704162441,2.6320519398807075e-09,0.0014041591461476227,9.805874310262393e-08,2.9238684013396224e-07
Random3627
Raw:1.0104241096782794e-05,2.122547334954209e-06,1.987322000788117e-05,0.499281670416237,6.9352965502821786e-09,0.4992816704162441,2.6320519398807075e-09,0.0014041591461476227,9.805874310262393e-08,2.9238684013396224e-07
EFT:1.0104241096782794e-05,2.122547334954209e-06,1.987322000788117e-05,0.499281670416237,6.935296550282277e-09,0.4992816704162441,2.6320519398807075e-09,0.0014041591461476227,9.805874310262393e-08,2.9238684013396224e-07
Random3628
Raw:1.0104241096782867e-05,2.122547334954224e-06,1.9873220007881028e-05,0.49928167041624055,6.935296550282326e-09,0.49928167041624055,2.6320519398807265e-09,0.0014041591461476128,9.805874310262462e-08,2.923868401339643e-07
EFT:1.0104241096782794e-05,2.122547334954209e-06,1.987322000788117e-05,0.499281670416237,6.935296550282277e-09,0.4992816704162441,2.6320519398807075e-09,0.0014041591461476227,9.805874310262393e-08,2.9238684013396224e-07
Random3629
Raw:1.0104241096782938e-05,2.122547334954209e-06,1.987322000788117e-05,0.499281670416237,6.9352965502823754e-09,0.4992816704162441,2.632051939880745e-09,0.0014041591461476227,9.805874310262532e-08,2.9238684013396637e-07
EFT:1.0104241096782794e-05,2.122547334954209e-06,1.987322000788117e-05,0.499281670416237,6.935296550282277e-09,0.4992816704162441,2.6320519398807075e-09,0.0014041591461476227,9.805874310262393e-08,2.9238684013396224e-07
Random3630
Raw:1.0104241096782867e-05,2.122547334954224e-06,1.987322000788131e-05,0.49928167041624055,6.935296550282326e-09,0.49928167041624055,2.6320519398807265e-09,0.0014041591461476327,9.805874310262462e-08,2.923868401339643e-07
EFT:1.0104241096782794e-05,2.122547334954209e-06,1.987322000788117e-05,0.499281670416237,6.935296550282277e-09,0.4992816704162441,2.6320519398807075e-09,0.0014041591461476227,9.805874310262393e-08,2.9238684013396224e-07
Random3631
Raw:1.0104241096782867e-05,2.122547334954194e-06,1.9873220007881028e-05,0.49928167041624055,6.935296550282326e-09,0.49928167041624055,2.6320519398807265e-09,0.0014041591461476128,9.805874310262323e-08,2.923868401339643e-07
EFT:1.0104241096782794e-05,2.122547334954209e-06,1.987322000788117e-05,0.499281670416237,6.935296550282277e-09,0.4992816704162441,2.6320519398807075e-09,0.0014041591461476227,9.805874310262393e-08,2.9238684013396224e-07
Random3632
Raw:1.0104241096782867e-05,2.122547334954224e-06,1.9873220007881028e-05,0.49928167041624055,6.935296550282326e-09,0.49928167041624055,2.6320519398807265e-09,0.0014041591461476327,9.805874310262602e-08,2.923868401339643e-07
EFT:1.0104241096782794e-05,2.122547334954209e-06,1.987322000788117e-05,0.499281670416237,6.935296550282277e-09,0.4992816704162441,2.6320519398807075e-09,0.0014041591461476227,9.805874310262393e-08,2.9238684013396224e-07
Random3633
Raw:1.0104241096782938e-05,2.122547334954209e-06,1.9873220007880885e-05,0.499281670416237,6.935296550282277e-09,0.4992816704162441,2.632051939880745e-09,0.0014041591461476227,9.805874310262532e-08,2.9238684013396224e-07
EFT:1.0104241096782794e-05,2.122547334954209e-06,1.987322000788117e-05,0.499281670416237,6.935296550282277e-09,0.4992816704162441,2.6320519398807075e-09,0.0014041591461476227,9.805874310262393e-08,2.9238684013396224e-07
Random3634
Raw:1.0104241096782867e-05,2.122547334954224e-06,1.987322000788131e-05,0.49928167041624055,6.935296550282326e-09,0.49928167041624055,2.6320519398807265e-09,0.0014041591461476327,9.805874310262462e-08,2.923868401339643e-07
EFT:1.0104241096782794e-05,2.122547334954209e-06,1.987322000788117e-05,0.499281670416237,6.935296550282277e-09,0.4992816704162441,2.6320519398807075e-09,0.0014041591461476227,9.805874310262393e-08,2.9238684013396224e-07
Random3635
Raw:1.0104241096782938e-05,2.122547334954239e-06,1.9873220007880885e-05,0.499281670416237,6.935296550282277e-09,0.4992816704162441,2.632051939880745e-09,0.0014041591461476227,9.805874310262532e-08,2.9238684013396224e-07
EFT:1.0104241096782794e-05,2.122547334954209e-06,1.987322000788117e-05,0.499281670416237,6.935296550282277e-09,0.4992816704162441,2.6320519398807075e-09,0.0014041591461476227,9.805874310262393e-08,2.9238684013396224e-07
Random3636
Raw:1.0104241096782938e-05,2.122547334954209e-06,1.987322000788117e-05,0.499281670416237,6.935296550282277e-09,0.4992816704162441,2.632051939880745e-09,0.0014041591461476427,9.805874310262393e-08,2.9238684013396224e-07
EFT:1.0104241096782794e-05,2.122547334954209e-06,1.987322000788117e-05,0.499281670416237,6.935296550282277e-09,0.4992816704162441,2.6320519398807075e-09,0.0014041591461476227,9.805874310262393e-08,2.9238684013396224e-07
Random3637
Raw:1.0104241096782938e-05,2.122547334954209e-06,1.987322000788117e-05,0.499281670416237,6.935296550282277e-09,0.4992816704162441,2.632051939880745e-09,0.0014041591461476427,9.805874310262393e-08,2.9238684013396224e-07
EFT:1.0104241096782794e-05,2.122547334954209e-06,1.987322000788117e-05,0.499281670416237,6.935296550282277e-09,0.4992816704162441,2.6320519398807075e-09,0.0014041591461476227,9.805874310262393e-08,2.9238684013396224e-07
Random3638
Raw:1.0104241096782794e-05,2.122547334954209e-06,1.987322000788117e-05,0.499281670416237,6.935296550282277e-09,0.4992816704162441,2.632051939880745e-09,0.0014041591461476227,9.805874310262254e-08,2.9238684013396224e-07
EFT:1.0104241096782794e-05,2.122547334954209e-06,1.987322000788117e-05,0.499281670416237,6.935296550282277e-09,0.4992816704162441,2.6320519398807075e-09,0.0014041591461476227,9.805874310262393e-08,2.9238684013396224e-07
Random3639
Raw:1.0104241096782938e-05,2.122547334954209e-06,1.9873220007880885e-05,0.499281670416237,6.935296550282277e-09,0.4992816704162441,2.632051939880745e-09,0.0014041591461476227,9.805874310262532e-08,2.9238684013396224e-07
EFT:1.0104241096782794e-05,2.122547334954209e-06,1.987322000788117e-05,0.499281670416237,6.935296550282277e-09,0.4992816704162441,2.6320519398807075e-09,0.0014041591461476227,9.805874310262393e-08,2.9238684013396224e-07
Random3640
Raw:1.0104241096782794e-05,2.122547334954209e-06,1.987322000788117e-05,0.4992816704162441,6.935296550282277e-09,0.499281670416237,2.63205193988067e-09,0.0014041591461476427,9.805874310262393e-08,2.9238684013396224e-07
EFT:1.0104241096782794e-05,2.122547334954209e-06,1.987322000788117e-05,0.499281670416237,6.935296550282277e-09,0.4992816704162441,2.6320519398807075e-09,0.0014041591461476227,9.805874310262393e-08,2.9238684013396224e-07
Random3641
Raw:1.0104241096782938e-05,2.122547334954209e-06,1.987322000788117e-05,0.499281670416237,6.9352965502823754e-09,0.4992816704162441,2.632051939880745e-09,0.0014041591461476227,9.805874310262393e-08,2.9238684013396637e-07
EFT:1.0104241096782794e-05,2.122547334954209e-06,1.987322000788117e-05,0.499281670416237,6.935296550282277e-09,0.4992816704162441,2.6320519398807075e-09,0.0014041591461476227,9.805874310262393e-08,2.9238684013396224e-07
Random3642
Raw:1.0104241096782867e-05,2.122547334954224e-06,1.987322000788131e-05,0.49928167041624055,6.935296550282326e-09,0.49928167041624055,2.6320519398807265e-09,0.0014041591461476327,9.805874310262462e-08,2.923868401339643e-07
EFT:1.0104241096782794e-05,2.122547334954209e-06,1.987322000788117e-05,0.499281670416237,6.935296550282277e-09,0.4992816704162441,2.6320519398807075e-09,0.0014041591461476227,9.805874310262393e-08,2.9238684013396224e-07
Random3643
Raw:1.0104241096782938e-05,2.122547334954239e-06,1.987322000788117e-05,0.499281670416237,6.935296550282277e-09,0.4992816704162441,2.632051939880745e-09,0.0014041591461476427,9.805874310262532e-08,2.9238684013396224e-07
EFT:1.0104241096782794e-05,2.122547334954209e-06,1.987322000788117e-05,0.499281670416237,6.935296550282277e-09,0.4992816704162441,2.6320519398807075e-09,0.0014041591461476227,9.805874310262393e-08,2.9238684013396224e-07
Random3644
Raw:1.0104241096782867e-05,2.122547334954224e-06,1.9873220007881028e-05,0.49928167041624055,6.935296550282326e-09,0.49928167041624055,2.6320519398807638e-09,0.0014041591461476128,9.805874310262462e-08,2.923868401339643e-07
EFT:1.0104241096782794e-05,2.122547334954209e-06,1.987322000788117e-05,0.499281670416237,6.935296550282277e-09,0.4992816704162441,2.6320519398807075e-09,0.0014041591461476227,9.805874310262393e-08,2.9238684013396224e-07
Random3645
Raw:1.0104241096782938e-05,2.122547334954239e-06,1.987322000788145e-05,0.499281670416237,6.935296550282277e-09,0.4992816704162441,2.632051939880745e-09,0.0014041591461476227,9.805874310262532e-08,2.9238684013396224e-07
EFT:1.0104241096782794e-05,2.122547334954209e-06,1.987322000788117e-05,0.499281670416237,6.935296550282277e-09,0.4992816704162441,2.6320519398807075e-09,0.0014041591461476227,9.805874310262393e-08,2.9238684013396224e-07
Random3646
Raw:1.0104241096782867e-05,2.122547334954224e-06,1.987322000788131e-05,0.49928167041624055,6.935296550282425e-09,0.49928167041624055,2.6320519398807265e-09,0.0014041591461476128,9.805874310262602e-08,2.923868401339643e-07
EFT:1.0104241096782794e-05,2.122547334954209e-06,1.987322000788117e-05,0.499281670416237,6.935296550282277e-09,0.4992816704162441,2.6320519398807075e-09,0.0014041591461476227,9.805874310262393e-08,2.9238684013396224e-07
Random3647
Raw:1.0104241096782938e-05,2.122547334954209e-06,1.987322000788117e-05,0.499281670416237,6.9352965502823754e-09,0.4992816704162441,2.632051939880745e-09,0.0014041591461476227,9.805874310262532e-08,2.9238684013396637e-07
EFT:1.0104241096782794e-05,2.122547334954209e-06,1.987322000788117e-05,0.499281670416237,6.935296550282277e-09,0.4992816704162441,2.6320519398807075e-09,0.0014041591461476227,9.805874310262393e-08,2.9238684013396224e-07
Random3648
Raw:1.0104241096782938e-05,2.122547334954239e-06,1.987322000788117e-05,0.499281670416237,6.935296550282277e-09,0.4992816704162441,2.632051939880745e-09,0.0014041591461476427,9.805874310262532e-08,2.9238684013396224e-07
EFT:1.0104241096782794e-05,2.122547334954209e-06,1.987322000788117e-05,0.499281670416237,6.935296550282277e-09,0.4992816704162441,2.6320519398807075e-09,0.0014041591461476227,9.805874310262393e-08,2.9238684013396224e-07
Random3649
Raw:1.0104241096783009e-05,2.122547334954224e-06,1.9873220007881028e-05,0.49928167041623345,6.935296550282327e-09,0.49928167041624766,2.6320519398807638e-09,0.0014041591461476327,9.805874310262601e-08,2.9238684013396436e-07
EFT:1.0104241096782794e-05,2.122547334954209e-06,1.987322000788117e-05,0.499281670416237,6.935296550282277e-09,0.4992816704162441,2.6320519398807075e-09,0.0014041591461476227,9.805874310262393e-08,2.9238684013396224e-07
Random3650
Raw:1.0104241096782867e-05,2.122547334954224e-06,1.987322000788131e-05,0.49928167041624055,6.935296550282228e-09,0.49928167041624055,2.632051939880689e-09,0.0014041591461476327,9.805874310262323e-08,2.923868401339643e-07
EFT:1.0104241096782794e-05,2.122547334954209e-06,1.987322000788117e-05,0.499281670416237,6.935296550282277e-09,0.4992816704162441,2.6320519398807075e-09,0.0014041591461476227,9.805874310262393e-08,2.9238684013396224e-07
Random3651
Raw:1.0104241096782938e-05,2.122547334954239e-06,1.987322000788145e-05,0.499281670416237,6.935296550282277e-09,0.4992816704162441,2.632051939880745e-09,0.0014041591461476427,9.805874310262393e-08,2.9238684013396637e-07
EFT:1.0104241096782794e-05,2.122547334954209e-06,1.987322000788117e-05,0.499281670416237,6.935296550282277e-09,0.4992816704162441,2.6320519398807075e-09,0.0014041591461476227,9.805874310262393e-08,2.9238684013396224e-07
Random3652
Raw:1.0104241096782867e-05,2.122547334954224e-06,1.9873220007881028e-05,0.49928167041624055,6.935296550282326e-09,0.49928167041624055,2.6320519398807265e-09,0.0014041591461476327,9.805874310262323e-08,2.923868401339643e-07
EFT:1.0104241096782794e-05,2.122547334954209e-06,1.987322000788117e-05,0.499281670416237,6.935296550282277e-09,0.4992816704162441,2.6320519398807075e-09,0.0014041591461476227,9.805874310262393e-08,2.9238684013396224e-07
Random3653
Raw:1.0104241096782938e-05,2.122547334954209e-06,1.987322000788117e-05,0.499281670416237,6.9352965502823754e-09,0.4992816704162441,2.632051939880745e-09,0.0014041591461476227,9.805874310262532e-08,2.9238684013396637e-07
EFT:1.0104241096782794e-05,2.122547334954209e-06,1.987322000788117e-05,0.499281670416237,6.935296550282277e-09,0.4992816704162441,2.6320519398807075e-09,0.0014041591461476227,9.805874310262393e-08,2.9238684013396224e-07
Random3654
Raw:1.0104241096782723e-05,2.122547334954194e-06,1.9873220007881028e-05,0.49928167041624055,6.935296550282228e-09,0.49928167041624055,2.6320519398806513e-09,0.0014041591461476128,9.805874310262323e-08,2.923868401339602e-07
EFT:1.0104241096782794e-05,2.122547334954209e-06,1.987322000788117e-05,0.499281670416237,6.935296550282277e-09,0.4992816704162441,2.6320519398807075e-09,0.0014041591461476227,9.805874310262393e-08,2.9238684013396224e-07
Random3655
Raw:1.010424109678301e-05,2.122547334954224e-06,1.987322000788131e-05,0.49928167041624055,6.935296550282425e-09,0.49928167041624055,2.6320519398807638e-09,0.0014041591461476327,9.805874310262602e-08,2.923868401339685e-07
EFT:1.0104241096782794e-05,2.122547334954209e-06,1.987322000788117e-05,0.499281670416237,6.935296550282277e-09,0.4992816704162441,2.6320519398807075e-09,0.0014041591461476227,9.805874310262393e-08,2.9238684013396224e-07
Random3656
Raw:1.0104241096782794e-05,2.122547334954209e-06,1.9873220007880885e-05,0.499281670416237,6.935296550282277e-09,0.4992816704162441,2.6320519398807075e-09,0.0014041591461476026,9.805874310262393e-08,2.9238684013396224e-07
EFT:1.0104241096782794e-05,2.122547334954209e-06,1.987322000788117e-05,0.499281670416237,6.935296550282277e-09,0.4992816704162441,2.6320519398807075e-09,0.0014041591461476227,9.805874310262393e-08,2.9238684013396224e-07
Random3657
Raw:1.0104241096782938e-05,2.122547334954239e-06,1.987322000788117e-05,0.499281670416237,6.935296550282277e-09,0.4992816704162441,2.632051939880745e-09,0.0014041591461476427,9.805874310262393e-08,2.9238684013396637e-07
EFT:1.0104241096782794e-05,2.122547334954209e-06,1.987322000788117e-05,0.499281670416237,6.935296550282277e-09,0.4992816704162441,2.6320519398807075e-09,0.0014041591461476227,9.805874310262393e-08,2.9238684013396224e-07
Random3658
Raw:1.0104241096782867e-05,2.122547334954224e-06,1.987322000788131e-05,0.49928167041624055,6.935296550282326e-09,0.49928167041624055,2.6320519398807265e-09,0.0014041591461476327,9.805874310262462e-08,2.923868401339643e-07
EFT:1.0104241096782794e-05,2.122547334954209e-06,1.987322000788117e-05,0.499281670416237,6.935296550282277e-09,0.4992816704162441,2.6320519398807075e-09,0.0014041591461476227,9.805874310262393e-08,2.9238684013396224e-07
Random3659
Raw:1.0104241096782938e-05,2.122547334954209e-06,1.987322000788117e-05,0.499281670416237,6.9352965502823754e-09,0.4992816704162441,2.632051939880745e-09,0.0014041591461476227,9.805874310262393e-08,2.9238684013396637e-07
EFT:1.0104241096782794e-05,2.122547334954209e-06,1.987322000788117e-05,0.499281670416237,6.935296550282277e-09,0.4992816704162441,2.6320519398807075e-09,0.0014041591461476227,9.805874310262393e-08,2.9238684013396224e-07
Random3660
Raw:1.0104241096782867e-05,2.122547334954194e-06,1.9873220007881028e-05,0.49928167041624055,6.935296550282326e-09,0.49928167041624055,2.6320519398807265e-09,0.0014041591461476128,9.805874310262602e-08,2.923868401339643e-07
EFT:1.0104241096782794e-05,2.122547334954209e-06,1.987322000788117e-05,0.499281670416237,6.935296550282277e-09,0.4992816704162441,2.6320519398807075e-09,0.0014041591461476227,9.805874310262393e-08,2.9238684013396224e-07
Random3661
Raw:1.0104241096782938e-05,2.122547334954209e-06,1.987322000788117e-05,0.499281670416237,6.935296550282277e-09,0.4992816704162441,2.632051939880745e-09,0.0014041591461476227,9.805874310262532e-08,2.9238684013396224e-07
EFT:1.0104241096782794e-05,2.122547334954209e-06,1.987322000788117e-05,0.499281670416237,6.935296550282277e-09,0.4992816704162441,2.6320519398807075e-09,0.0014041591461476227,9.805874310262393e-08,2.9238684013396224e-07
Random3662
Raw:1.0104241096782938e-05,2.122547334954239e-06,1.987322000788145e-05,0.499281670416237,6.935296550282277e-09,0.4992816704162441,2.632051939880745e-09,0.0014041591461476427,9.805874310262393e-08,2.9238684013396637e-07
EFT:1.0104241096782794e-05,2.122547334954209e-06,1.987322000788117e-05,0.499281670416237,6.935296550282277e-09,0.4992816704162441,2.6320519398807075e-09,0.0014041591461476227,9.805874310262393e-08,2.9238684013396224e-07
Random3663
Raw:1.0104241096782938e-05,2.122547334954239e-06,1.987322000788145e-05,0.499281670416237,6.935296550282277e-09,0.4992816704162441,2.632051939880745e-09,0.0014041591461476427,9.805874310262532e-08,2.9238684013396224e-07
EFT:1.0104241096782794e-05,2.122547334954209e-06,1.987322000788117e-05,0.499281670416237,6.935296550282277e-09,0.4992816704162441,2.6320519398807075e-09,0.0014041591461476227,9.805874310262393e-08,2.9238684013396224e-07
Random3664
Raw:1.0104241096782867e-05,2.122547334954194e-06,1.9873220007881028e-05,0.49928167041624055,6.935296550282326e-09,0.49928167041624055,2.6320519398807265e-09,0.0014041591461476128,9.805874310262323e-08,2.923868401339643e-07
EFT:1.0104241096782794e-05,2.122547334954209e-06,1.987322000788117e-05,0.499281670416237,6.935296550282277e-09,0.4992816704162441,2.6320519398807075e-09,0.0014041591461476227,9.805874310262393e-08,2.9238684013396224e-07
Random3665
Raw:1.0104241096782938e-05,2.1225473349541788e-06,1.9873220007880885e-05,0.4992816704162299,6.935296550282277e-09,0.49928167041625116,2.632051939880745e-09,0.0014041591461476225,9.805874310262393e-08,2.9238684013396224e-07
EFT:1.0104241096782794e-05,2.122547334954209e-06,1.987322000788117e-05,0.499281670416237,6.935296550282277e-09,0.4992816704162441,2.6320519398807075e-09,0.0014041591461476227,9.805874310262393e-08,2.9238684013396224e-07
Random3666
Raw:1.0104241096783009e-05,2.122547334954224e-06,1.987322000788131e-05,0.49928167041623345,6.935296550282327e-09,0.49928167041624766,2.6320519398807638e-09,0.0014041591461476327,9.805874310262462e-08,2.923868401339685e-07
EFT:1.0104241096782794e-05,2.122547334954209e-06,1.987322000788117e-05,0.499281670416237,6.935296550282277e-09,0.4992816704162441,2.6320519398807075e-09,0.0014041591461476227,9.805874310262393e-08,2.9238684013396224e-07
Random3667
Raw:1.0104241096782794e-05,2.122547334954209e-06,1.987322000788117e-05,0.499281670416237,6.9352965502821786e-09,0.4992816704162441,2.6320519398807075e-09,0.0014041591461476026,9.805874310262393e-08,2.9238684013396224e-07
EFT:1.0104241096782794e-05,2.122547334954209e-06,1.987322000788117e-05,0.499281670416237,6.935296550282277e-09,0.4992816704162441,2.6320519398807075e-09,0.0014041591461476227,9.805874310262393e-08,2.9238684013396224e-07
Random3668
Raw:1.0104241096782867e-05,2.122547334954224e-06,1.987322000788131e-05,0.49928167041624055,6.935296550282326e-09,0.49928167041624055,2.6320519398807638e-09,0.0014041591461476327,9.805874310262462e-08,2.923868401339643e-07
EFT:1.0104241096782794e-05,2.122547334954209e-06,1.987322000788117e-05,0.499281670416237,6.935296550282277e-09,0.4992816704162441,2.6320519398807075e-09,0.0014041591461476227,9.805874310262393e-08,2.9238684013396224e-07
Random3669
Raw:1.0104241096782865e-05,2.122547334954194e-06,1.9873220007881028e-05,0.49928167041623345,6.935296550282327e-09,0.49928167041624766,2.632051939880726e-09,0.0014041591461476126,9.805874310262462e-08,2.9238684013396436e-07
EFT:1.0104241096782794e-05,2.122547334954209e-06,1.987322000788117e-05,0.499281670416237,6.935296550282277e-09,0.4992816704162441,2.6320519398807075e-09,0.0014041591461476227,9.805874310262393e-08,2.9238684013396224e-07
Random3670
Raw:1.0104241096782938e-05,2.122547334954209e-06,1.987322000788117e-05,0.499281670416237,6.9352965502823754e-09,0.4992816704162441,2.632051939880745e-09,0.0014041591461476227,9.805874310262393e-08,2.9238684013396637e-07
EFT:1.0104241096782794e-05,2.122547334954209e-06,1.987322000788117e-05,0.499281670416237,6.935296550282277e-09,0.4992816704162441,2.6320519398807075e-09,0.0014041591461476227,9.805874310262393e-08,2.9238684013396224e-07
Random3671
Raw:1.0104241096782938e-05,2.122547334954239e-06,1.987322000788117e-05,0.499281670416237,6.935296550282277e-09,0.4992816704162441,2.632051939880745e-09,0.0014041591461476427,9.805874310262532e-08,2.9238684013396224e-07
EFT:1.0104241096782794e-05,2.122547334954209e-06,1.987322000788117e-05,0.499281670416237,6.935296550282277e-09,0.4992816704162441,2.6320519398807075e-09,0.0014041591461476227,9.805874310262393e-08,2.9238684013396224e-07
Random3672
Raw:1.0104241096782867e-05,2.122547334954224e-06,1.9873220007881028e-05,0.49928167041624055,6.935296550282326e-09,0.49928167041624055,2.6320519398807638e-09,0.0014041591461476128,9.805874310262462e-08,2.923868401339643e-07
EFT:1.0104241096782794e-05,2.122547334954209e-06,1.987322000788117e-05,0.499281670416237,6.935296550282277e-09,0.4992816704162441,2.6320519398807075e-09,0.0014041591461476227,9.805874310262393e-08,2.9238684013396224e-07
Random3673
Raw:1.0104241096782938e-05,2.122547334954209e-06,1.987322000788117e-05,0.499281670416237,6.9352965502823754e-09,0.4992816704162441,2.632051939880745e-09,0.0014041591461476227,9.805874310262532e-08,2.9238684013396637e-07
EFT:1.0104241096782794e-05,2.122547334954209e-06,1.987322000788117e-05,0.499281670416237,6.935296550282277e-09,0.4992816704162441,2.6320519398807075e-09,0.0014041591461476227,9.805874310262393e-08,2.9238684013396224e-07
Random3674
Raw:1.0104241096782938e-05,2.122547334954209e-06,1.9873220007880885e-05,0.499281670416237,6.935296550282277e-09,0.4992816704162441,2.632051939880745e-09,0.0014041591461476227,9.805874310262393e-08,2.9238684013396224e-07
EFT:1.0104241096782794e-05,2.122547334954209e-06,1.987322000788117e-05,0.499281670416237,6.935296550282277e-09,0.4992816704162441,2.6320519398807075e-09,0.0014041591461476227,9.805874310262393e-08,2.9238684013396224e-07
Random3675
Raw:1.0104241096782867e-05,2.122547334954224e-06,1.987322000788131e-05,0.49928167041624055,6.935296550282326e-09,0.49928167041624055,2.6320519398807265e-09,0.0014041591461476327,9.805874310262462e-08,2.923868401339643e-07
EFT:1.0104241096782794e-05,2.122547334954209e-06,1.987322000788117e-05,0.499281670416237,6.935296550282277e-09,0.4992816704162441,2.6320519398807075e-09,0.0014041591461476227,9.805874310262393e-08,2.9238684013396224e-07
Random3676
Raw:1.0104241096782938e-05,2.122547334954209e-06,1.987322000788117e-05,0.499281670416237,6.935296550282277e-09,0.4992816704162441,2.632051939880745e-09,0.0014041591461476427,9.805874310262393e-08,2.9238684013396224e-07
EFT:1.0104241096782794e-05,2.122547334954209e-06,1.987322000788117e-05,0.499281670416237,6.935296550282277e-09,0.4992816704162441,2.6320519398807075e-09,0.0014041591461476227,9.805874310262393e-08,2.9238684013396224e-07
Random3677
Raw:1.0104241096783009e-05,2.122547334954194e-06,1.9873220007881028e-05,0.49928167041623345,6.935296550282327e-09,0.49928167041624766,2.6320519398807638e-09,0.0014041591461476126,9.805874310262601e-08,2.9238684013396436e-07
EFT:1.0104241096782794e-05,2.122547334954209e-06,1.987322000788117e-05,0.499281670416237,6.935296550282277e-09,0.4992816704162441,2.6320519398807075e-09,0.0014041591461476227,9.805874310262393e-08,2.9238684013396224e-07
Random3678
Raw:1.0104241096782938e-05,2.122547334954209e-06,1.987322000788117e-05,0.499281670416237,6.9352965502823754e-09,0.4992816704162441,2.6320519398807824e-09,0.0014041591461476227,9.805874310262532e-08,2.9238684013396637e-07
EFT:1.0104241096782794e-05,2.122547334954209e-06,1.987322000788117e-05,0.499281670416237,6.935296550282277e-09,0.4992816704162441,2.6320519398807075e-09,0.0014041591461476227,9.805874310262393e-08,2.9238684013396224e-07
Random3679
Raw:1.0104241096782938e-05,2.122547334954209e-06,1.987322000788117e-05,0.499281670416237,6.9352965502823754e-09,0.4992816704162441,2.632051939880745e-09,0.0014041591461476227,9.805874310262532e-08,2.9238684013396637e-07
EFT:1.0104241096782794e-05,2.122547334954209e-06,1.987322000788117e-05,0.499281670416237,6.935296550282277e-09,0.4992816704162441,2.6320519398807075e-09,0.0014041591461476227,9.805874310262393e-08,2.9238684013396224e-07
Random3680
Raw:1.0104241096782794e-05,2.122547334954209e-06,1.9873220007880885e-05,0.499281670416237,6.935296550282277e-09,0.4992816704162441,2.6320519398807075e-09,0.0014041591461476026,9.805874310262393e-08,2.9238684013396224e-07
EFT:1.0104241096782794e-05,2.122547334954209e-06,1.987322000788117e-05,0.499281670416237,6.935296550282277e-09,0.4992816704162441,2.6320519398807075e-09,0.0014041591461476227,9.805874310262393e-08,2.9238684013396224e-07
Random3681
Raw:1.0104241096782867e-05,2.122547334954224e-06,1.987322000788131e-05,0.49928167041624055,6.935296550282326e-09,0.49928167041624055,2.6320519398807638e-09,0.0014041591461476128,9.805874310262462e-08,2.923868401339643e-07
EFT:1.0104241096782794e-05,2.122547334954209e-06,1.987322000788117e-05,0.499281670416237,6.935296550282277e-09,0.4992816704162441,2.6320519398807075e-09,0.0014041591461476227,9.805874310262393e-08,2.9238684013396224e-07
Random3682
Raw:1.0104241096782938e-05,2.122547334954239e-06,1.987322000788117e-05,0.499281670416237,6.935296550282277e-09,0.4992816704162441,2.632051939880745e-09,0.0014041591461476427,9.805874310262532e-08,2.9238684013396224e-07
EFT:1.0104241096782794e-05,2.122547334954209e-06,1.987322000788117e-05,0.499281670416237,6.935296550282277e-09,0.4992816704162441,2.6320519398807075e-09,0.0014041591461476227,9.805874310262393e-08,2.9238684013396224e-07
Random3683
Raw:1.0104241096782938e-05,2.122547334954209e-06,1.9873220007880885e-05,0.499281670416237,6.935296550282277e-09,0.4992816704162441,2.632051939880745e-09,0.0014041591461476227,9.805874310262532e-08,2.9238684013396224e-07
EFT:1.0104241096782794e-05,2.122547334954209e-06,1.987322000788117e-05,0.499281670416237,6.935296550282277e-09,0.4992816704162441,2.6320519398807075e-09,0.0014041591461476227,9.805874310262393e-08,2.9238684013396224e-07
Random3684
Raw:1.0104241096782938e-05,2.122547334954209e-06,1.987322000788117e-05,0.499281670416237,6.9352965502823754e-09,0.4992816704162441,2.632051939880745e-09,0.0014041591461476227,9.805874310262672e-08,2.9238684013396637e-07
EFT:1.0104241096782794e-05,2.122547334954209e-06,1.987322000788117e-05,0.499281670416237,6.935296550282277e-09,0.4992816704162441,2.6320519398807075e-09,0.0014041591461476227,9.805874310262393e-08,2.9238684013396224e-07
Random3685
Raw:1.0104241096782938e-05,2.122547334954209e-06,1.987322000788117e-05,0.499281670416237,6.935296550282277e-09,0.4992816704162441,2.632051939880745e-09,0.0014041591461476427,9.805874310262393e-08,2.9238684013396224e-07
EFT:1.0104241096782794e-05,2.122547334954209e-06,1.987322000788117e-05,0.499281670416237,6.935296550282277e-09,0.4992816704162441,2.6320519398807075e-09,0.0014041591461476227,9.805874310262393e-08,2.9238684013396224e-07
Random3686
Raw:1.0104241096783082e-05,2.122547334954239e-06,1.987322000788145e-05,0.499281670416237,6.935296550282475e-09,0.4992816704162441,2.6320519398807824e-09,0.0014041591461476427,9.80587431026281e-08,2.9238684013397055e-07
EFT:1.0104241096782794e-05,2.122547334954209e-06,1.987322000788117e-05,0.499281670416237,6.935296550282277e-09,0.4992816704162441,2.6320519398807075e-09,0.0014041591461476227,9.805874310262393e-08,2.9238684013396224e-07
Random3687
Raw:1.0104241096782938e-05,2.122547334954209e-06,1.987322000788117e-05,0.499281670416237,6.9352965502823754e-09,0.4992816704162441,2.632051939880745e-09,0.0014041591461476227,9.805874310262393e-08,2.9238684013396637e-07
EFT:1.0104241096782794e-05,2.122547334954209e-06,1.987322000788117e-05,0.499281670416237,6.935296550282277e-09,0.4992816704162441,2.6320519398807075e-09,0.0014041591461476227,9.805874310262393e-08,2.9238684013396224e-07
Random3688
Raw:1.0104241096782794e-05,2.122547334954209e-06,1.9873220007880885e-05,0.499281670416237,6.935296550282277e-09,0.4992816704162441,2.6320519398807075e-09,0.0014041591461476026,9.805874310262393e-08,2.9238684013396224e-07
EFT:1.0104241096782794e-05,2.122547334954209e-06,1.987322000788117e-05,0.499281670416237,6.935296550282277e-09,0.4992816704162441,2.6320519398807075e-09,0.0014041591461476227,9.805874310262393e-08,2.9238684013396224e-07
Random3689
Raw:1.0104241096782723e-05,2.122547334954194e-06,1.9873220007881028e-05,0.49928167041624055,6.935296550282228e-09,0.49928167041624055,2.6320519398806513e-09,0.0014041591461476128,9.805874310262323e-08,2.923868401339602e-07
EFT:1.0104241096782794e-05,2.122547334954209e-06,1.987322000788117e-05,0.499281670416237,6.935296550282277e-09,0.4992816704162441,2.6320519398807075e-09,0.0014041591461476227,9.805874310262393e-08,2.9238684013396224e-07
Random3690
Raw:1.0104241096783009e-05,2.122547334954224e-06,1.987322000788131e-05,0.49928167041623345,6.935296550282327e-09,0.49928167041624766,2.6320519398807638e-09,0.0014041591461476327,9.805874310262462e-08,2.923868401339685e-07
EFT:1.0104241096782794e-05,2.122547334954209e-06,1.987322000788117e-05,0.499281670416237,6.935296550282277e-09,0.4992816704162441,2.6320519398807075e-09,0.0014041591461476227,9.805874310262393e-08,2.9238684013396224e-07
Random3691
Raw:1.0104241096782938e-05,2.122547334954209e-06,1.987322000788117e-05,0.499281670416237,6.9352965502823754e-09,0.4992816704162441,2.632051939880745e-09,0.0014041591461476227,9.805874310262532e-08,2.9238684013396637e-07
EFT:1.0104241096782794e-05,2.122547334954209e-06,1.987322000788117e-05,0.499281670416237,6.935296550282277e-09,0.4992816704162441,2.6320519398807075e-09,0.0014041591461476227,9.805874310262393e-08,2.9238684013396224e-07
Random3692
Raw:1.0104241096782867e-05,2.122547334954224e-06,1.987322000788131e-05,0.49928167041624055,6.935296550282326e-09,0.49928167041624055,2.6320519398807265e-09,0.0014041591461476327,9.805874310262462e-08,2.923868401339643e-07
EFT:1.0104241096782794e-05,2.122547334954209e-06,1.987322000788117e-05,0.499281670416237,6.935296550282277e-09,0.4992816704162441,2.6320519398807075e-09,0.0014041591461476227,9.805874310262393e-08,2.9238684013396224e-07
Random3693
Raw:1.0104241096782867e-05,2.122547334954194e-06,1.9873220007881028e-05,0.49928167041624055,6.935296550282326e-09,0.49928167041624055,2.6320519398807265e-09,0.0014041591461476128,9.805874310262323e-08,2.923868401339643e-07
EFT:1.0104241096782794e-05,2.122547334954209e-06,1.987322000788117e-05,0.499281670416237,6.935296550282277e-09,0.4992816704162441,2.6320519398807075e-09,0.0014041591461476227,9.805874310262393e-08,2.9238684013396224e-07
Random3694
Raw:1.0104241096782865e-05,2.122547334954194e-06,1.9873220007880747e-05,0.49928167041623345,6.935296550282228e-09,0.49928167041624766,2.632051939880726e-09,0.0014041591461476126,9.805874310262324e-08,2.923868401339602e-07
EFT:1.0104241096782794e-05,2.122547334954209e-06,1.987322000788117e-05,0.499281670416237,6.935296550282277e-09,0.4992816704162441,2.6320519398807075e-09,0.0014041591461476227,9.805874310262393e-08,2.9238684013396224e-07
Random3695
Raw:1.0104241096782938e-05,2.122547334954209e-06,1.9873220007880885e-05,0.499281670416237,6.935296550282277e-09,0.4992816704162441,2.632051939880745e-09,0.0014041591461476227,9.805874310262532e-08,2.9238684013396224e-07
EFT:1.0104241096782794e-05,2.122547334954209e-06,1.987322000788117e-05,0.499281670416237,6.935296550282277e-09,0.4992816704162441,2.6320519398807075e-09,0.0014041591461476227,9.805874310262393e-08,2.9238684013396224e-07
Random3696
Raw:1.0104241096782867e-05,2.122547334954224e-06,1.987322000788131e-05,0.49928167041624055,6.935296550282326e-09,0.49928167041624055,2.6320519398807638e-09,0.0014041591461476327,9.805874310262462e-08,2.923868401339643e-07
EFT:1.0104241096782794e-05,2.122547334954209e-06,1.987322000788117e-05,0.499281670416237,6.935296550282277e-09,0.4992816704162441,2.6320519398807075e-09,0.0014041591461476227,9.805874310262393e-08,2.9238684013396224e-07
Random3697
Raw:1.0104241096783009e-05,2.122547334954224e-06,1.987322000788131e-05,0.49928167041623345,6.935296550282424e-09,0.49928167041624766,2.6320519398807638e-09,0.0014041591461476327,9.805874310262601e-08,2.923868401339685e-07
EFT:1.0104241096782794e-05,2.122547334954209e-06,1.987322000788117e-05,0.499281670416237,6.935296550282277e-09,0.4992816704162441,2.6320519398807075e-09,0.0014041591461476227,9.805874310262393e-08,2.9238684013396224e-07
Random3698
Raw:1.0104241096782867e-05,2.122547334954224e-06,1.987322000788131e-05,0.49928167041624055,6.935296550282326e-09,0.49928167041624055,2.6320519398807265e-09,0.0014041591461476327,9.805874310262602e-08,2.923868401339643e-07
EFT:1.0104241096782794e-05,2.122547334954209e-06,1.987322000788117e-05,0.499281670416237,6.935296550282277e-09,0.4992816704162441,2.6320519398807075e-09,0.0014041591461476227,9.805874310262393e-08,2.9238684013396224e-07
Random3699
Raw:1.0104241096782938e-05,2.122547334954239e-06,1.987322000788145e-05,0.499281670416237,6.935296550282277e-09,0.4992816704162441,2.632051939880745e-09,0.0014041591461476227,9.805874310262532e-08,2.9238684013396224e-07
EFT:1.0104241096782794e-05,2.122547334954209e-06,1.987322000788117e-05,0.499281670416237,6.935296550282277e-09,0.4992816704162441,2.6320519398807075e-09,0.0014041591461476227,9.805874310262393e-08,2.9238684013396224e-07
Random3700
Raw:1.0104241096783009e-05,2.122547334954194e-06,1.9873220007880747e-05,0.49928167041623345,6.935296550282327e-09,0.49928167041624766,2.632051939880801e-09,0.0014041591461476126,9.805874310262462e-08,2.9238684013396436e-07
EFT:1.0104241096782794e-05,2.122547334954209e-06,1.987322000788117e-05,0.499281670416237,6.935296550282277e-09,0.4992816704162441,2.6320519398807075e-09,0.0014041591461476227,9.805874310262393e-08,2.9238684013396224e-07
Random3701
Raw:1.0104241096782867e-05,2.122547334954224e-06,1.987322000788131e-05,0.49928167041624055,6.935296550282326e-09,0.49928167041624055,2.6320519398807638e-09,0.0014041591461476327,9.805874310262462e-08,2.923868401339643e-07
EFT:1.0104241096782794e-05,2.122547334954209e-06,1.987322000788117e-05,0.499281670416237,6.935296550282277e-09,0.4992816704162441,2.6320519398807075e-09,0.0014041591461476227,9.805874310262393e-08,2.9238684013396224e-07
Random3702
Raw:1.0104241096782867e-05,2.122547334954224e-06,1.987322000788131e-05,0.49928167041624055,6.935296550282326e-09,0.49928167041624055,2.6320519398807265e-09,0.0014041591461476327,9.805874310262323e-08,2.923868401339643e-07
EFT:1.0104241096782794e-05,2.122547334954209e-06,1.987322000788117e-05,0.499281670416237,6.935296550282277e-09,0.4992816704162441,2.6320519398807075e-09,0.0014041591461476227,9.805874310262393e-08,2.9238684013396224e-07
Random3703
Raw:1.0104241096782865e-05,2.122547334954194e-06,1.9873220007881028e-05,0.49928167041623345,6.935296550282228e-09,0.49928167041624766,2.632051939880726e-09,0.0014041591461476327,9.805874310262462e-08,2.923868401339602e-07
EFT:1.0104241096782794e-05,2.122547334954209e-06,1.987322000788117e-05,0.499281670416237,6.935296550282277e-09,0.4992816704162441,2.6320519398807075e-09,0.0014041591461476227,9.805874310262393e-08,2.9238684013396224e-07
Random3704
Raw:1.0104241096782938e-05,2.122547334954239e-06,1.987322000788145e-05,0.499281670416237,6.935296550282277e-09,0.4992816704162441,2.632051939880745e-09,0.0014041591461476427,9.805874310262532e-08,2.9238684013396224e-07
EFT:1.0104241096782794e-05,2.122547334954209e-06,1.987322000788117e-05,0.499281670416237,6.935296550282277e-09,0.4992816704162441,2.6320519398807075e-09,0.0014041591461476227,9.805874310262393e-08,2.9238684013396224e-07
Random3705
Raw:1.0104241096782938e-05,2.122547334954239e-06,1.987322000788117e-05,0.499281670416237,6.935296550282277e-09,0.4992816704162441,2.632051939880745e-09,0.0014041591461476427,9.805874310262393e-08,2.9238684013396637e-07
EFT:1.0104241096782794e-05,2.122547334954209e-06,1.987322000788117e-05,0.499281670416237,6.935296550282277e-09,0.4992816704162441,2.6320519398807075e-09,0.0014041591461476227,9.805874310262393e-08,2.9238684013396224e-07
Random3706
Raw:1.0104241096782794e-05,2.122547334954209e-06,1.987322000788117e-05,0.499281670416237,6.935296550282277e-09,0.4992816704162441,2.632051939880745e-09,0.0014041591461476227,9.805874310262254e-08,2.9238684013396224e-07
EFT:1.0104241096782794e-05,2.122547334954209e-06,1.987322000788117e-05,0.499281670416237,6.935296550282277e-09,0.4992816704162441,2.6320519398807075e-09,0.0014041591461476227,9.805874310262393e-08,2.9238684013396224e-07
Random3707
Raw:1.0104241096782867e-05,2.122547334954224e-06,1.987322000788131e-05,0.49928167041624055,6.935296550282228e-09,0.49928167041624055,2.632051939880689e-09,0.0014041591461476327,9.805874310262323e-08,2.923868401339643e-07
EFT:1.0104241096782794e-05,2.122547334954209e-06,1.987322000788117e-05,0.499281670416237,6.935296550282277e-09,0.4992816704162441,2.6320519398807075e-09,0.0014041591461476227,9.805874310262393e-08,2.9238684013396224e-07
Random3708
Raw:1.0104241096782865e-05,2.122547334954194e-06,1.9873220007881028e-05,0.49928167041623345,6.935296550282327e-09,0.49928167041624766,2.632051939880726e-09,0.0014041591461476126,9.805874310262462e-08,2.9238684013396436e-07
EFT:1.0104241096782794e-05,2.122547334954209e-06,1.987322000788117e-05,0.499281670416237,6.935296550282277e-09,0.4992816704162441,2.6320519398807075e-09,0.0014041591461476227,9.805874310262393e-08,2.9238684013396224e-07
Random3709
Raw:1.0104241096783009e-05,2.122547334954224e-06,1.987322000788131e-05,0.49928167041623345,6.935296550282327e-09,0.49928167041624766,2.6320519398807638e-09,0.0014041591461476327,9.805874310262462e-08,2.923868401339685e-07
EFT:1.0104241096782794e-05,2.122547334954209e-06,1.987322000788117e-05,0.499281670416237,6.935296550282277e-09,0.4992816704162441,2.6320519398807075e-09,0.0014041591461476227,9.805874310262393e-08,2.9238684013396224e-07
Random3710
Raw:1.0104241096782794e-05,2.122547334954209e-06,1.987322000788117e-05,0.4992816704162441,6.935296550282277e-09,0.499281670416237,2.63205193988067e-09,0.0014041591461476227,9.805874310262254e-08,2.9238684013396224e-07
EFT:1.0104241096782794e-05,2.122547334954209e-06,1.987322000788117e-05,0.499281670416237,6.935296550282277e-09,0.4992816704162441,2.6320519398807075e-09,0.0014041591461476227,9.805874310262393e-08,2.9238684013396224e-07
Random3711
Raw:1.0104241096782865e-05,2.122547334954194e-06,1.9873220007881028e-05,0.49928167041623345,6.935296550282228e-09,0.49928167041624766,2.632051939880726e-09,0.0014041591461476126,9.805874310262462e-08,2.9238684013396436e-07
EFT:1.0104241096782794e-05,2.122547334954209e-06,1.987322000788117e-05,0.499281670416237,6.935296550282277e-09,0.4992816704162441,2.6320519398807075e-09,0.0014041591461476227,9.805874310262393e-08,2.9238684013396224e-07
Random3712
Raw:1.0104241096782867e-05,2.122547334954224e-06,1.987322000788131e-05,0.49928167041624055,6.935296550282326e-09,0.49928167041624055,2.6320519398807265e-09,0.0014041591461476327,9.805874310262462e-08,2.923868401339643e-07
EFT:1.0104241096782794e-05,2.122547334954209e-06,1.987322000788117e-05,0.499281670416237,6.935296550282277e-09,0.4992816704162441,2.6320519398807075e-09,0.0014041591461476227,9.805874310262393e-08,2.9238684013396224e-07
Random3713
Raw:1.0104241096782794e-05,2.122547334954209e-06,1.987322000788117e-05,0.499281670416237,6.935296550282277e-09,0.4992816704162441,2.6320519398807075e-09,0.0014041591461476026,9.805874310262393e-08,2.9238684013396224e-07
EFT:1.0104241096782794e-05,2.122547334954209e-06,1.987322000788117e-05,0.499281670416237,6.935296550282277e-09,0.4992816704162441,2.6320519398807075e-09,0.0014041591461476227,9.805874310262393e-08,2.9238684013396224e-07
Random3714
Raw:1.0104241096782938e-05,2.122547334954239e-06,1.9873220007880885e-05,0.499281670416237,6.935296550282277e-09,0.4992816704162441,2.632051939880745e-09,0.0014041591461476227,9.805874310262532e-08,2.9238684013396224e-07
EFT:1.0104241096782794e-05,2.122547334954209e-06,1.987322000788117e-05,0.499281670416237,6.935296550282277e-09,0.4992816704162441,2.6320519398807075e-09,0.0014041591461476227,9.805874310262393e-08,2.9238684013396224e-07
Random3715
Raw:1.0104241096782867e-05,2.122547334954224e-06,1.987322000788131e-05,0.49928167041624055,6.935296550282326e-09,0.49928167041624055,2.6320519398807265e-09,0.0014041591461476327,9.805874310262323e-08,2.923868401339643e-07
EFT:1.0104241096782794e-05,2.122547334954209e-06,1.987322000788117e-05,0.499281670416237,6.935296550282277e-09,0.4992816704162441,2.6320519398807075e-09,0.0014041591461476227,9.805874310262393e-08,2.9238684013396224e-07
Random3716
Raw:1.0104241096782867e-05,2.122547334954194e-06,1.9873220007881028e-05,0.49928167041624055,6.935296550282326e-09,0.49928167041624055,2.6320519398807265e-09,0.0014041591461476128,9.805874310262602e-08,2.923868401339643e-07
EFT:1.0104241096782794e-05,2.122547334954209e-06,1.987322000788117e-05,0.499281670416237,6.935296550282277e-09,0.4992816704162441,2.6320519398807075e-09,0.0014041591461476227,9.805874310262393e-08,2.9238684013396224e-07
Random3717
Raw:1.0104241096782794e-05,2.122547334954209e-06,1.987322000788117e-05,0.499281670416237,6.9352965502821786e-09,0.4992816704162441,2.6320519398807075e-09,0.0014041591461476227,9.805874310262393e-08,2.9238684013396224e-07
EFT:1.0104241096782794e-05,2.122547334954209e-06,1.987322000788117e-05,0.499281670416237,6.935296550282277e-09,0.4992816704162441,2.6320519398807075e-09,0.0014041591461476227,9.805874310262393e-08,2.9238684013396224e-07
Random3718
Raw:1.0104241096783009e-05,2.122547334954224e-06,1.987322000788131e-05,0.49928167041623345,6.935296550282327e-09,0.49928167041624766,2.6320519398807638e-09,0.0014041591461476327,9.805874310262462e-08,2.923868401339685e-07
EFT:1.0104241096782794e-05,2.122547334954209e-06,1.987322000788117e-05,0.499281670416237,6.935296550282277e-09,0.4992816704162441,2.6320519398807075e-09,0.0014041591461476227,9.805874310262393e-08,2.9238684013396224e-07
Random3719
Raw:1.0104241096782794e-05,2.122547334954209e-06,1.987322000788117e-05,0.499281670416237,6.935296550282277e-09,0.4992816704162441,2.6320519398807075e-09,0.0014041591461476026,9.805874310262393e-08,2.9238684013396224e-07
EFT:1.0104241096782794e-05,2.122547334954209e-06,1.987322000788117e-05,0.499281670416237,6.935296550282277e-09,0.4992816704162441,2.6320519398807075e-09,0.0014041591461476227,9.805874310262393e-08,2.9238684013396224e-07
Random3720
Raw:1.0104241096782794e-05,2.122547334954209e-06,1.987322000788117e-05,0.4992816704162441,6.935296550282277e-09,0.499281670416237,2.63205193988067e-09,0.0014041591461476227,9.805874310262393e-08,2.9238684013396224e-07
EFT:1.0104241096782794e-05,2.122547334954209e-06,1.987322000788117e-05,0.499281670416237,6.935296550282277e-09,0.4992816704162441,2.6320519398807075e-09,0.0014041591461476227,9.805874310262393e-08,2.9238684013396224e-07
Random3721
Raw:1.0104241096782794e-05,2.122547334954209e-06,1.9873220007880885e-05,0.499281670416237,6.935296550282277e-09,0.4992816704162441,2.632051939880745e-09,0.0014041591461476227,9.805874310262254e-08,2.9238684013396224e-07
EFT:1.0104241096782794e-05,2.122547334954209e-06,1.987322000788117e-05,0.499281670416237,6.935296550282277e-09,0.4992816704162441,2.6320519398807075e-09,0.0014041591461476227,9.805874310262393e-08,2.9238684013396224e-07
Random3722
Raw:1.0104241096782867e-05,2.122547334954194e-06,1.9873220007881028e-05,0.49928167041624055,6.935296550282326e-09,0.49928167041624055,2.6320519398807265e-09,0.0014041591461476128,9.805874310262323e-08,2.923868401339643e-07
EFT:1.0104241096782794e-05,2.122547334954209e-06,1.987322000788117e-05,0.499281670416237,6.935296550282277e-09,0.4992816704162441,2.6320519398807075e-09,0.0014041591461476227,9.805874310262393e-08,2.9238684013396224e-07
Random3723
Raw:1.0104241096782865e-05,2.122547334954194e-06,1.9873220007881028e-05,0.49928167041623345,6.935296550282228e-09,0.49928167041624766,2.632051939880726e-09,0.0014041591461476327,9.805874310262324e-08,2.923868401339602e-07
EFT:1.0104241096782794e-05,2.122547334954209e-06,1.987322000788117e-05,0.499281670416237,6.935296550282277e-09,0.4992816704162441,2.6320519398807075e-09,0.0014041591461476227,9.805874310262393e-08,2.9238684013396224e-07
Random3724
Raw:1.0104241096782794e-05,2.122547334954209e-06,1.987322000788117e-05,0.499281670416237,6.935296550282277e-09,0.4992816704162441,2.6320519398807075e-09,0.0014041591461476026,9.805874310262393e-08,2.9238684013396224e-07
EFT:1.0104241096782794e-05,2.122547334954209e-06,1.987322000788117e-05,0.499281670416237,6.935296550282277e-09,0.4992816704162441,2.6320519398807075e-09,0.0014041591461476227,9.805874310262393e-08,2.9238684013396224e-07
Random3725
Raw:1.0104241096782938e-05,2.122547334954209e-06,1.987322000788117e-05,0.499281670416237,6.935296550282277e-09,0.4992816704162441,2.632051939880745e-09,0.0014041591461476227,9.805874310262393e-08,2.9238684013396637e-07
EFT:1.0104241096782794e-05,2.122547334954209e-06,1.987322000788117e-05,0.499281670416237,6.935296550282277e-09,0.4992816704162441,2.6320519398807075e-09,0.0014041591461476227,9.805874310262393e-08,2.9238684013396224e-07
Random3726
Raw:1.0104241096782794e-05,2.122547334954209e-06,1.987322000788117e-05,0.499281670416237,6.935296550282277e-09,0.4992816704162441,2.632051939880745e-09,0.0014041591461476227,9.805874310262254e-08,2.9238684013396224e-07
EFT:1.0104241096782794e-05,2.122547334954209e-06,1.987322000788117e-05,0.499281670416237,6.935296550282277e-09,0.4992816704162441,2.6320519398807075e-09,0.0014041591461476227,9.805874310262393e-08,2.9238684013396224e-07
Random3727
Raw:1.0104241096782867e-05,2.122547334954224e-06,1.987322000788131e-05,0.49928167041624055,6.935296550282326e-09,0.49928167041624055,2.6320519398807265e-09,0.0014041591461476327,9.805874310262323e-08,2.923868401339643e-07
EFT:1.0104241096782794e-05,2.122547334954209e-06,1.987322000788117e-05,0.499281670416237,6.935296550282277e-09,0.4992816704162441,2.6320519398807075e-09,0.0014041591461476227,9.805874310262393e-08,2.9238684013396224e-07
Random3728
Raw:1.0104241096782723e-05,2.122547334954194e-06,1.9873220007881028e-05,0.49928167041624055,6.935296550282228e-09,0.49928167041624055,2.632051939880689e-09,0.0014041591461476128,9.805874310262184e-08,2.923868401339602e-07
EFT:1.0104241096782794e-05,2.122547334954209e-06,1.987322000788117e-05,0.499281670416237,6.935296550282277e-09,0.4992816704162441,2.6320519398807075e-09,0.0014041591461476227,9.805874310262393e-08,2.9238684013396224e-07
Random3729
Raw:1.0104241096782938e-05,2.122547334954239e-06,1.987322000788145e-05,0.499281670416237,6.935296550282277e-09,0.4992816704162441,2.632051939880745e-09,0.0014041591461476427,9.805874310262532e-08,2.9238684013396224e-07
EFT:1.0104241096782794e-05,2.122547334954209e-06,1.987322000788117e-05,0.499281670416237,6.935296550282277e-09,0.4992816704162441,2.6320519398807075e-09,0.0014041591461476227,9.805874310262393e-08,2.9238684013396224e-07
Random3730
Raw:1.0104241096782867e-05,2.122547334954224e-06,1.987322000788131e-05,0.49928167041624055,6.935296550282326e-09,0.49928167041624055,2.6320519398807265e-09,0.0014041591461476327,9.805874310262462e-08,2.923868401339643e-07
EFT:1.0104241096782794e-05,2.122547334954209e-06,1.987322000788117e-05,0.499281670416237,6.935296550282277e-09,0.4992816704162441,2.6320519398807075e-09,0.0014041591461476227,9.805874310262393e-08,2.9238684013396224e-07
Random3731
Raw:1.0104241096782938e-05,2.122547334954209e-06,1.9873220007880885e-05,0.499281670416237,6.935296550282277e-09,0.4992816704162441,2.632051939880745e-09,0.0014041591461476227,9.805874310262532e-08,2.9238684013396224e-07
EFT:1.0104241096782794e-05,2.122547334954209e-06,1.987322000788117e-05,0.499281670416237,6.935296550282277e-09,0.4992816704162441,2.6320519398807075e-09,0.0014041591461476227,9.805874310262393e-08,2.9238684013396224e-07
Random3732
Raw:1.0104241096782938e-05,2.122547334954209e-06,1.987322000788117e-05,0.499281670416237,6.9352965502823754e-09,0.4992816704162441,2.632051939880745e-09,0.0014041591461476227,9.805874310262532e-08,2.9238684013396637e-07
EFT:1.0104241096782794e-05,2.122547334954209e-06,1.987322000788117e-05,0.499281670416237,6.935296550282277e-09,0.4992816704162441,2.6320519398807075e-09,0.0014041591461476227,9.805874310262393e-08,2.9238684013396224e-07
Random3733
Raw:1.0104241096782938e-05,2.122547334954209e-06,1.9873220007880885e-05,0.499281670416237,6.935296550282277e-09,0.4992816704162441,2.632051939880745e-09,0.0014041591461476227,9.805874310262532e-08,2.9238684013396224e-07
EFT:1.0104241096782794e-05,2.122547334954209e-06,1.987322000788117e-05,0.499281670416237,6.935296550282277e-09,0.4992816704162441,2.6320519398807075e-09,0.0014041591461476227,9.805874310262393e-08,2.9238684013396224e-07
Random3734
Raw:1.0104241096783009e-05,2.122547334954194e-06,1.9873220007881028e-05,0.49928167041623345,6.935296550282327e-09,0.49928167041624766,2.6320519398807638e-09,0.0014041591461476126,9.805874310262601e-08,2.9238684013396436e-07
EFT:1.0104241096782794e-05,2.122547334954209e-06,1.987322000788117e-05,0.499281670416237,6.935296550282277e-09,0.4992816704162441,2.6320519398807075e-09,0.0014041591461476227,9.805874310262393e-08,2.9238684013396224e-07
Random3735
Raw:1.0104241096782938e-05,2.122547334954209e-06,1.987322000788117e-05,0.499281670416237,6.935296550282277e-09,0.4992816704162441,2.632051939880745e-09,0.0014041591461476227,9.805874310262532e-08,2.9238684013396224e-07
EFT:1.0104241096782794e-05,2.122547334954209e-06,1.987322000788117e-05,0.499281670416237,6.935296550282277e-09,0.4992816704162441,2.6320519398807075e-09,0.0014041591461476227,9.805874310262393e-08,2.9238684013396224e-07
Random3736
Raw:1.0104241096782867e-05,2.122547334954224e-06,1.9873220007881028e-05,0.49928167041624055,6.935296550282326e-09,0.49928167041624055,2.6320519398807265e-09,0.0014041591461476327,9.805874310262602e-08,2.923868401339643e-07
EFT:1.0104241096782794e-05,2.122547334954209e-06,1.987322000788117e-05,0.499281670416237,6.935296550282277e-09,0.4992816704162441,2.6320519398807075e-09,0.0014041591461476227,9.805874310262393e-08,2.9238684013396224e-07
Random3737
Raw:1.0104241096782867e-05,2.122547334954194e-06,1.9873220007881028e-05,0.49928167041624055,6.935296550282326e-09,0.49928167041624055,2.6320519398807265e-09,0.0014041591461476128,9.805874310262602e-08,2.923868401339643e-07
EFT:1.0104241096782794e-05,2.122547334954209e-06,1.987322000788117e-05,0.499281670416237,6.935296550282277e-09,0.4992816704162441,2.6320519398807075e-09,0.0014041591461476227,9.805874310262393e-08,2.9238684013396224e-07
Random3738
Raw:1.0104241096782867e-05,2.122547334954224e-06,1.987322000788131e-05,0.49928167041624055,6.935296550282326e-09,0.49928167041624055,2.6320519398807265e-09,0.0014041591461476327,9.805874310262323e-08,2.923868401339643e-07
EFT:1.0104241096782794e-05,2.122547334954209e-06,1.987322000788117e-05,0.499281670416237,6.935296550282277e-09,0.4992816704162441,2.6320519398807075e-09,0.0014041591461476227,9.805874310262393e-08,2.9238684013396224e-07
Random3739
Raw:1.0104241096782938e-05,2.122547334954239e-06,1.987322000788117e-05,0.499281670416237,6.935296550282277e-09,0.4992816704162441,2.632051939880745e-09,0.0014041591461476427,9.805874310262532e-08,2.9238684013396224e-07
EFT:1.0104241096782794e-05,2.122547334954209e-06,1.987322000788117e-05,0.499281670416237,6.935296550282277e-09,0.4992816704162441,2.6320519398807075e-09,0.0014041591461476227,9.805874310262393e-08,2.9238684013396224e-07
Random3740
Raw:1.0104241096782794e-05,2.122547334954209e-06,1.987322000788117e-05,0.499281670416237,6.935296550282277e-09,0.4992816704162441,2.6320519398807075e-09,0.0014041591461476227,9.805874310262393e-08,2.9238684013396224e-07
EFT:1.0104241096782794e-05,2.122547334954209e-06,1.987322000788117e-05,0.499281670416237,6.935296550282277e-09,0.4992816704162441,2.6320519398807075e-09,0.0014041591461476227,9.805874310262393e-08,2.9238684013396224e-07
Random3741
Raw:1.0104241096782867e-05,2.122547334954224e-06,1.987322000788131e-05,0.49928167041624055,6.935296550282326e-09,0.49928167041624055,2.6320519398807265e-09,0.0014041591461476327,9.805874310262602e-08,2.923868401339643e-07
EFT:1.0104241096782794e-05,2.122547334954209e-06,1.987322000788117e-05,0.499281670416237,6.935296550282277e-09,0.4992816704162441,2.6320519398807075e-09,0.0014041591461476227,9.805874310262393e-08,2.9238684013396224e-07
Random3742
Raw:1.0104241096782794e-05,2.1225473349541788e-06,1.9873220007880885e-05,0.499281670416237,6.935296550282277e-09,0.4992816704162441,2.632051939880745e-09,0.0014041591461476026,9.805874310262254e-08,2.9238684013396224e-07
EFT:1.0104241096782794e-05,2.122547334954209e-06,1.987322000788117e-05,0.499281670416237,6.935296550282277e-09,0.4992816704162441,2.6320519398807075e-09,0.0014041591461476227,9.805874310262393e-08,2.9238684013396224e-07
Random3743
Raw:1.0104241096783009e-05,2.122547334954224e-06,1.987322000788131e-05,0.49928167041623345,6.935296550282327e-09,0.49928167041624766,2.6320519398807638e-09,0.0014041591461476327,9.805874310262462e-08,2.923868401339685e-07
EFT:1.0104241096782794e-05,2.122547334954209e-06,1.987322000788117e-05,0.499281670416237,6.935296550282277e-09,0.4992816704162441,2.6320519398807075e-09,0.0014041591461476227,9.805874310262393e-08,2.9238684013396224e-07
Random3744
Raw:1.0104241096782938e-05,2.122547334954239e-06,1.987322000788117e-05,0.499281670416237,6.935296550282277e-09,0.4992816704162441,2.632051939880745e-09,0.0014041591461476427,9.805874310262393e-08,2.9238684013396637e-07
EFT:1.0104241096782794e-05,2.122547334954209e-06,1.987322000788117e-05,0.499281670416237,6.935296550282277e-09,0.4992816704162441,2.6320519398807075e-09,0.0014041591461476227,9.805874310262393e-08,2.9238684013396224e-07
Random3745
Raw:1.0104241096782938e-05,2.122547334954209e-06,1.987322000788117e-05,0.499281670416237,6.9352965502823754e-09,0.4992816704162441,2.632051939880745e-09,0.0014041591461476227,9.805874310262393e-08,2.9238684013396637e-07
EFT:1.0104241096782794e-05,2.122547334954209e-06,1.987322000788117e-05,0.499281670416237,6.935296550282277e-09,0.4992816704162441,2.6320519398807075e-09,0.0014041591461476227,9.805874310262393e-08,2.9238684013396224e-07
Random3746
Raw:1.0104241096782865e-05,2.122547334954194e-06,1.9873220007881028e-05,0.49928167041623345,6.935296550282228e-09,0.49928167041624766,2.632051939880726e-09,0.0014041591461476126,9.805874310262462e-08,2.9238684013396436e-07
EFT:1.0104241096782794e-05,2.122547334954209e-06,1.987322000788117e-05,0.499281670416237,6.935296550282277e-09,0.4992816704162441,2.6320519398807075e-09,0.0014041591461476227,9.805874310262393e-08,2.9238684013396224e-07
Random3747
Raw:1.0104241096782867e-05,2.122547334954194e-06,1.9873220007881028e-05,0.49928167041624055,6.935296550282326e-09,0.49928167041624055,2.6320519398807265e-09,0.0014041591461476128,9.805874310262323e-08,2.923868401339643e-07
EFT:1.0104241096782794e-05,2.122547334954209e-06,1.987322000788117e-05,0.499281670416237,6.935296550282277e-09,0.4992816704162441,2.6320519398807075e-09,0.0014041591461476227,9.805874310262393e-08,2.9238684013396224e-07
Random3748
Raw:1.0104241096783009e-05,2.122547334954224e-06,1.9873220007881028e-05,0.49928167041623345,6.935296550282327e-09,0.49928167041624766,2.6320519398807638e-09,0.0014041591461476327,9.805874310262601e-08,2.9238684013396436e-07
EFT:1.0104241096782794e-05,2.122547334954209e-06,1.987322000788117e-05,0.499281670416237,6.935296550282277e-09,0.4992816704162441,2.6320519398807075e-09,0.0014041591461476227,9.805874310262393e-08,2.9238684013396224e-07
Random3749
Raw:1.0104241096782867e-05,2.122547334954224e-06,1.987322000788131e-05,0.49928167041624055,6.935296550282326e-09,0.49928167041624055,2.6320519398807265e-09,0.0014041591461476327,9.805874310262323e-08,2.923868401339643e-07
EFT:1.0104241096782794e-05,2.122547334954209e-06,1.987322000788117e-05,0.499281670416237,6.935296550282277e-09,0.4992816704162441,2.6320519398807075e-09,0.0014041591461476227,9.805874310262393e-08,2.9238684013396224e-07
Random3750
Raw:1.0104241096782938e-05,2.122547334954209e-06,1.9873220007880885e-05,0.499281670416237,6.935296550282277e-09,0.4992816704162441,2.632051939880745e-09,0.0014041591461476227,9.805874310262532e-08,2.9238684013396224e-07
EFT:1.0104241096782794e-05,2.122547334954209e-06,1.987322000788117e-05,0.499281670416237,6.935296550282277e-09,0.4992816704162441,2.6320519398807075e-09,0.0014041591461476227,9.805874310262393e-08,2.9238684013396224e-07
Random3751
Raw:1.0104241096783009e-05,2.122547334954194e-06,1.9873220007881028e-05,0.49928167041623345,6.935296550282327e-09,0.49928167041624766,2.6320519398807638e-09,0.0014041591461476327,9.805874310262462e-08,2.9238684013396436e-07
EFT:1.0104241096782794e-05,2.122547334954209e-06,1.987322000788117e-05,0.499281670416237,6.935296550282277e-09,0.4992816704162441,2.6320519398807075e-09,0.0014041591461476227,9.805874310262393e-08,2.9238684013396224e-07
Random3752
Raw:1.0104241096782794e-05,2.122547334954209e-06,1.9873220007880885e-05,0.499281670416237,6.935296550282277e-09,0.4992816704162441,2.6320519398807075e-09,0.0014041591461476026,9.805874310262393e-08,2.9238684013396224e-07
EFT:1.0104241096782794e-05,2.122547334954209e-06,1.987322000788117e-05,0.499281670416237,6.935296550282277e-09,0.4992816704162441,2.6320519398807075e-09,0.0014041591461476227,9.805874310262393e-08,2.9238684013396224e-07
Random3753
Raw:1.0104241096782938e-05,2.122547334954209e-06,1.987322000788117e-05,0.499281670416237,6.9352965502823754e-09,0.4992816704162441,2.6320519398807824e-09,0.0014041591461476227,9.805874310262532e-08,2.9238684013396637e-07
EFT:1.0104241096782794e-05,2.122547334954209e-06,1.987322000788117e-05,0.499281670416237,6.935296550282277e-09,0.4992816704162441,2.6320519398807075e-09,0.0014041591461476227,9.805874310262393e-08,2.9238684013396224e-07
Random3754
Raw:1.0104241096782867e-05,2.122547334954224e-06,1.987322000788131e-05,0.49928167041624055,6.935296550282326e-09,0.49928167041624055,2.6320519398807265e-09,0.0014041591461476327,9.805874310262462e-08,2.923868401339643e-07
EFT:1.0104241096782794e-05,2.122547334954209e-06,1.987322000788117e-05,0.499281670416237,6.935296550282277e-09,0.4992816704162441,2.6320519398807075e-09,0.0014041591461476227,9.805874310262393e-08,2.9238684013396224e-07
Random3755
Raw:1.0104241096782794e-05,2.122547334954239e-06,1.987322000788117e-05,0.4992816704162441,6.935296550282277e-09,0.499281670416237,2.6320519398807075e-09,0.0014041591461476227,9.805874310262393e-08,2.9238684013396224e-07
EFT:1.0104241096782794e-05,2.122547334954209e-06,1.987322000788117e-05,0.499281670416237,6.935296550282277e-09,0.4992816704162441,2.6320519398807075e-09,0.0014041591461476227,9.805874310262393e-08,2.9238684013396224e-07
Random3756
Raw:1.0104241096782938e-05,2.1225473349541788e-06,1.9873220007880885e-05,0.499281670416237,6.935296550282277e-09,0.4992816704162441,2.632051939880745e-09,0.0014041591461476026,9.805874310262532e-08,2.9238684013396224e-07
EFT:1.0104241096782794e-05,2.122547334954209e-06,1.987322000788117e-05,0.499281670416237,6.935296550282277e-09,0.4992816704162441,2.6320519398807075e-09,0.0014041591461476227,9.805874310262393e-08,2.9238684013396224e-07
Random3757
Raw:1.0104241096782794e-05,2.122547334954209e-06,1.987322000788117e-05,0.499281670416237,6.935296550282277e-09,0.4992816704162441,2.6320519398807075e-09,0.0014041591461476227,9.805874310262393e-08,2.9238684013396224e-07
EFT:1.0104241096782794e-05,2.122547334954209e-06,1.987322000788117e-05,0.499281670416237,6.935296550282277e-09,0.4992816704162441,2.6320519398807075e-09,0.0014041591461476227,9.805874310262393e-08,2.9238684013396224e-07
Random3758
Raw:1.0104241096782867e-05,2.1225473349542546e-06,1.987322000788131e-05,0.49928167041624055,6.935296550282326e-09,0.49928167041624055,2.6320519398807638e-09,0.0014041591461476128,9.805874310262462e-08,2.923868401339643e-07
EFT:1.0104241096782794e-05,2.122547334954209e-06,1.987322000788117e-05,0.499281670416237,6.935296550282277e-09,0.4992816704162441,2.6320519398807075e-09,0.0014041591461476227,9.805874310262393e-08,2.9238684013396224e-07
Random3759
Raw:1.0104241096782938e-05,2.122547334954209e-06,1.987322000788117e-05,0.499281670416237,6.935296550282277e-09,0.4992816704162441,2.632051939880745e-09,0.0014041591461476427,9.805874310262393e-08,2.9238684013396224e-07
EFT:1.0104241096782794e-05,2.122547334954209e-06,1.987322000788117e-05,0.499281670416237,6.935296550282277e-09,0.4992816704162441,2.6320519398807075e-09,0.0014041591461476227,9.805874310262393e-08,2.9238684013396224e-07
Random3760
Raw:1.0104241096782867e-05,2.122547334954194e-06,1.9873220007881028e-05,0.49928167041624055,6.935296550282326e-09,0.49928167041624055,2.6320519398807265e-09,0.0014041591461476128,9.805874310262323e-08,2.923868401339643e-07
EFT:1.0104241096782794e-05,2.122547334954209e-06,1.987322000788117e-05,0.499281670416237,6.935296550282277e-09,0.4992816704162441,2.6320519398807075e-09,0.0014041591461476227,9.805874310262393e-08,2.9238684013396224e-07
Random3761
Raw:1.0104241096783009e-05,2.122547334954194e-06,1.9873220007881028e-05,0.49928167041623345,6.935296550282327e-09,0.49928167041624766,2.6320519398807638e-09,0.0014041591461476126,9.805874310262601e-08,2.9238684013396436e-07
EFT:1.0104241096782794e-05,2.122547334954209e-06,1.987322000788117e-05,0.499281670416237,6.935296550282277e-09,0.4992816704162441,2.6320519398807075e-09,0.0014041591461476227,9.805874310262393e-08,2.9238684013396224e-07
Random3762
Raw:1.0104241096783009e-05,2.122547334954224e-06,1.987322000788131e-05,0.49928167041623345,6.935296550282327e-09,0.49928167041624766,2.6320519398807638e-09,0.0014041591461476327,9.805874310262462e-08,2.923868401339685e-07
EFT:1.0104241096782794e-05,2.122547334954209e-06,1.987322000788117e-05,0.499281670416237,6.935296550282277e-09,0.4992816704162441,2.6320519398807075e-09,0.0014041591461476227,9.805874310262393e-08,2.9238684013396224e-07
Random3763
Raw:1.0104241096782938e-05,2.122547334954209e-06,1.987322000788117e-05,0.499281670416237,6.935296550282277e-09,0.4992816704162441,2.632051939880745e-09,0.0014041591461476427,9.805874310262393e-08,2.9238684013396224e-07
EFT:1.0104241096782794e-05,2.122547334954209e-06,1.987322000788117e-05,0.499281670416237,6.935296550282277e-09,0.4992816704162441,2.6320519398807075e-09,0.0014041591461476227,9.805874310262393e-08,2.9238684013396224e-07
Random3764
Raw:1.0104241096782938e-05,2.122547334954209e-06,1.9873220007880885e-05,0.499281670416237,6.935296550282277e-09,0.4992816704162441,2.632051939880745e-09,0.0014041591461476227,9.805874310262532e-08,2.9238684013396224e-07
EFT:1.0104241096782794e-05,2.122547334954209e-06,1.987322000788117e-05,0.499281670416237,6.935296550282277e-09,0.4992816704162441,2.6320519398807075e-09,0.0014041591461476227,9.805874310262393e-08,2.9238684013396224e-07
Random3765
Raw:1.0104241096783009e-05,2.122547334954194e-06,1.9873220007881028e-05,0.49928167041623345,6.935296550282327e-09,0.49928167041624766,2.6320519398807638e-09,0.0014041591461476327,9.805874310262462e-08,2.9238684013396436e-07
EFT:1.0104241096782794e-05,2.122547334954209e-06,1.987322000788117e-05,0.499281670416237,6.935296550282277e-09,0.4992816704162441,2.6320519398807075e-09,0.0014041591461476227,9.805874310262393e-08,2.9238684013396224e-07
Random3766
Raw:1.0104241096782794e-05,2.122547334954209e-06,1.987322000788117e-05,0.4992816704162441,6.935296550282277e-09,0.499281670416237,2.63205193988067e-09,0.0014041591461476227,9.805874310262254e-08,2.9238684013396224e-07
EFT:1.0104241096782794e-05,2.122547334954209e-06,1.987322000788117e-05,0.499281670416237,6.935296550282277e-09,0.4992816704162441,2.6320519398807075e-09,0.0014041591461476227,9.805874310262393e-08,2.9238684013396224e-07
Random3767
Raw:1.010424109678301e-05,2.122547334954224e-06,1.987322000788131e-05,0.49928167041624055,6.935296550282425e-09,0.49928167041624055,2.6320519398807638e-09,0.0014041591461476327,9.805874310262602e-08,2.923868401339685e-07
EFT:1.0104241096782794e-05,2.122547334954209e-06,1.987322000788117e-05,0.499281670416237,6.935296550282277e-09,0.4992816704162441,2.6320519398807075e-09,0.0014041591461476227,9.805874310262393e-08,2.9238684013396224e-07
Random3768
Raw:1.0104241096782938e-05,2.122547334954239e-06,1.987322000788117e-05,0.499281670416237,6.935296550282277e-09,0.4992816704162441,2.632051939880745e-09,0.0014041591461476227,9.805874310262532e-08,2.9238684013396224e-07
EFT:1.0104241096782794e-05,2.122547334954209e-06,1.987322000788117e-05,0.499281670416237,6.935296550282277e-09,0.4992816704162441,2.6320519398807075e-09,0.0014041591461476227,9.805874310262393e-08,2.9238684013396224e-07
Random3769
Raw:1.0104241096782938e-05,2.122547334954239e-06,1.987322000788145e-05,0.499281670416237,6.935296550282277e-09,0.4992816704162441,2.632051939880745e-09,0.0014041591461476227,9.805874310262532e-08,2.9238684013396224e-07
EFT:1.0104241096782794e-05,2.122547334954209e-06,1.987322000788117e-05,0.499281670416237,6.935296550282277e-09,0.4992816704162441,2.6320519398807075e-09,0.0014041591461476227,9.805874310262393e-08,2.9238684013396224e-07
Random3770
Raw:1.0104241096782794e-05,2.122547334954239e-06,1.987322000788117e-05,0.4992816704162441,6.935296550282277e-09,0.499281670416237,2.6320519398807075e-09,0.0014041591461476227,9.805874310262393e-08,2.9238684013396224e-07
EFT:1.0104241096782794e-05,2.122547334954209e-06,1.987322000788117e-05,0.499281670416237,6.935296550282277e-09,0.4992816704162441,2.6320519398807075e-09,0.0014041591461476227,9.805874310262393e-08,2.9238684013396224e-07
Random3771
Raw:1.0104241096782794e-05,2.122547334954209e-06,1.987322000788117e-05,0.4992816704162441,6.935296550282277e-09,0.499281670416237,2.63205193988067e-09,0.0014041591461476227,9.805874310262393e-08,2.9238684013396224e-07
EFT:1.0104241096782794e-05,2.122547334954209e-06,1.987322000788117e-05,0.499281670416237,6.935296550282277e-09,0.4992816704162441,2.6320519398807075e-09,0.0014041591461476227,9.805874310262393e-08,2.9238684013396224e-07
Random3772
Raw:1.0104241096782794e-05,2.122547334954209e-06,1.987322000788117e-05,0.499281670416237,6.9352965502821786e-09,0.4992816704162441,2.632051939880745e-09,0.0014041591461476227,9.805874310262254e-08,2.9238684013396224e-07
EFT:1.0104241096782794e-05,2.122547334954209e-06,1.987322000788117e-05,0.499281670416237,6.935296550282277e-09,0.4992816704162441,2.6320519398807075e-09,0.0014041591461476227,9.805874310262393e-08,2.9238684013396224e-07
Random3773
Raw:1.0104241096782865e-05,2.122547334954194e-06,1.9873220007881028e-05,0.49928167041623345,6.935296550282228e-09,0.49928167041624766,2.632051939880726e-09,0.0014041591461476126,9.805874310262462e-08,2.9238684013396436e-07
EFT:1.0104241096782794e-05,2.122547334954209e-06,1.987322000788117e-05,0.499281670416237,6.935296550282277e-09,0.4992816704162441,2.6320519398807075e-09,0.0014041591461476227,9.805874310262393e-08,2.9238684013396224e-07
Random3774
Raw:1.0104241096783009e-05,2.122547334954194e-06,1.9873220007881028e-05,0.49928167041623345,6.935296550282327e-09,0.49928167041624766,2.6320519398807638e-09,0.0014041591461476126,9.805874310262601e-08,2.9238684013396436e-07
EFT:1.0104241096782794e-05,2.122547334954209e-06,1.987322000788117e-05,0.499281670416237,6.935296550282277e-09,0.4992816704162441,2.6320519398807075e-09,0.0014041591461476227,9.805874310262393e-08,2.9238684013396224e-07
Random3775
Raw:1.0104241096782938e-05,2.122547334954209e-06,1.987322000788117e-05,0.499281670416237,6.9352965502823754e-09,0.4992816704162441,2.6320519398807824e-09,0.0014041591461476227,9.805874310262532e-08,2.9238684013396637e-07
EFT:1.0104241096782794e-05,2.122547334954209e-06,1.987322000788117e-05,0.499281670416237,6.935296550282277e-09,0.4992816704162441,2.6320519398807075e-09,0.0014041591461476227,9.805874310262393e-08,2.9238684013396224e-07
Random3776
Raw:1.0104241096782867e-05,2.122547334954224e-06,1.9873220007881028e-05,0.49928167041624055,6.935296550282326e-09,0.49928167041624055,2.6320519398807265e-09,0.0014041591461476128,9.805874310262462e-08,2.923868401339643e-07
EFT:1.0104241096782794e-05,2.122547334954209e-06,1.987322000788117e-05,0.499281670416237,6.935296550282277e-09,0.4992816704162441,2.6320519398807075e-09,0.0014041591461476227,9.805874310262393e-08,2.9238684013396224e-07
Random3777
Raw:1.0104241096782938e-05,2.122547334954239e-06,1.9873220007880885e-05,0.499281670416237,6.935296550282277e-09,0.4992816704162441,2.632051939880745e-09,0.0014041591461476227,9.805874310262532e-08,2.9238684013396224e-07
EFT:1.0104241096782794e-05,2.122547334954209e-06,1.987322000788117e-05,0.499281670416237,6.935296550282277e-09,0.4992816704162441,2.6320519398807075e-09,0.0014041591461476227,9.805874310262393e-08,2.9238684013396224e-07
Random3778
Raw:1.0104241096782938e-05,2.122547334954209e-06,1.9873220007880885e-05,0.499281670416237,6.935296550282277e-09,0.4992816704162441,2.632051939880745e-09,0.0014041591461476227,9.805874310262532e-08,2.9238684013396224e-07
EFT:1.0104241096782794e-05,2.122547334954209e-06,1.987322000788117e-05,0.499281670416237,6.935296550282277e-09,0.4992816704162441,2.6320519398807075e-09,0.0014041591461476227,9.805874310262393e-08,2.9238684013396224e-07
Random3779
Raw:1.0104241096782938e-05,2.122547334954209e-06,1.987322000788117e-05,0.499281670416237,6.9352965502823754e-09,0.4992816704162441,2.6320519398807824e-09,0.0014041591461476227,9.805874310262532e-08,2.9238684013396637e-07
EFT:1.0104241096782794e-05,2.122547334954209e-06,1.987322000788117e-05,0.499281670416237,6.935296550282277e-09,0.4992816704162441,2.6320519398807075e-09,0.0014041591461476227,9.805874310262393e-08,2.9238684013396224e-07
Random3780
Raw:1.0104241096783009e-05,2.122547334954224e-06,1.987322000788131e-05,0.49928167041623345,6.935296550282327e-09,0.49928167041624766,2.6320519398807638e-09,0.0014041591461476327,9.805874310262601e-08,2.9238684013396436e-07
EFT:1.0104241096782794e-05,2.122547334954209e-06,1.987322000788117e-05,0.499281670416237,6.935296550282277e-09,0.4992816704162441,2.6320519398807075e-09,0.0014041591461476227,9.805874310262393e-08,2.9238684013396224e-07
Random3781
Raw:1.0104241096783009e-05,2.122547334954224e-06,1.9873220007881028e-05,0.49928167041623345,6.935296550282327e-09,0.49928167041624766,2.6320519398807638e-09,0.0014041591461476327,9.805874310262601e-08,2.9238684013396436e-07
EFT:1.0104241096782794e-05,2.122547334954209e-06,1.987322000788117e-05,0.499281670416237,6.935296550282277e-09,0.4992816704162441,2.6320519398807075e-09,0.0014041591461476227,9.805874310262393e-08,2.9238684013396224e-07
Random3782
Raw:1.0104241096782938e-05,2.122547334954209e-06,1.987322000788117e-05,0.499281670416237,6.9352965502823754e-09,0.4992816704162441,2.6320519398807824e-09,0.0014041591461476227,9.805874310262532e-08,2.9238684013396637e-07
EFT:1.0104241096782794e-05,2.122547334954209e-06,1.987322000788117e-05,0.499281670416237,6.935296550282277e-09,0.4992816704162441,2.6320519398807075e-09,0.0014041591461476227,9.805874310262393e-08,2.9238684013396224e-07
Random3783
Raw:1.0104241096782938e-05,2.122547334954209e-06,1.987322000788117e-05,0.499281670416237,6.935296550282277e-09,0.4992816704162441,2.632051939880745e-09,0.0014041591461476427,9.805874310262393e-08,2.9238684013396224e-07
EFT:1.0104241096782794e-05,2.122547334954209e-06,1.987322000788117e-05,0.499281670416237,6.935296550282277e-09,0.4992816704162441,2.6320519398807075e-09,0.0014041591461476227,9.805874310262393e-08,2.9238684013396224e-07
Random3784
Raw:1.0104241096782867e-05,2.122547334954194e-06,1.9873220007881028e-05,0.49928167041624055,6.935296550282326e-09,0.49928167041624055,2.6320519398807265e-09,0.0014041591461476128,9.805874310262602e-08,2.923868401339643e-07
EFT:1.0104241096782794e-05,2.122547334954209e-06,1.987322000788117e-05,0.499281670416237,6.935296550282277e-09,0.4992816704162441,2.6320519398807075e-09,0.0014041591461476227,9.805874310262393e-08,2.9238684013396224e-07
Random3785
Raw:1.0104241096782867e-05,2.122547334954224e-06,1.987322000788131e-05,0.49928167041624055,6.935296550282326e-09,0.49928167041624055,2.6320519398807638e-09,0.0014041591461476327,9.805874310262462e-08,2.923868401339643e-07
EFT:1.0104241096782794e-05,2.122547334954209e-06,1.987322000788117e-05,0.499281670416237,6.935296550282277e-09,0.4992816704162441,2.6320519398807075e-09,0.0014041591461476227,9.805874310262393e-08,2.9238684013396224e-07
Random3786
Raw:1.0104241096782938e-05,2.122547334954209e-06,1.987322000788117e-05,0.499281670416237,6.9352965502823754e-09,0.4992816704162441,2.632051939880745e-09,0.0014041591461476227,9.805874310262672e-08,2.9238684013396637e-07
EFT:1.0104241096782794e-05,2.122547334954209e-06,1.987322000788117e-05,0.499281670416237,6.935296550282277e-09,0.4992816704162441,2.6320519398807075e-09,0.0014041591461476227,9.805874310262393e-08,2.9238684013396224e-07
Random3787
Raw:1.0104241096782938e-05,2.122547334954209e-06,1.987322000788117e-05,0.499281670416237,6.935296550282277e-09,0.4992816704162441,2.632051939880745e-09,0.0014041591461476227,9.805874310262532e-08,2.9238684013396224e-07
EFT:1.0104241096782794e-05,2.122547334954209e-06,1.987322000788117e-05,0.499281670416237,6.935296550282277e-09,0.4992816704162441,2.6320519398807075e-09,0.0014041591461476227,9.805874310262393e-08,2.9238684013396224e-07
Random3788
Raw:1.0104241096782867e-05,2.122547334954194e-06,1.9873220007881028e-05,0.49928167041624055,6.935296550282326e-09,0.49928167041624055,2.6320519398807265e-09,0.0014041591461476128,9.805874310262602e-08,2.923868401339643e-07
EFT:1.0104241096782794e-05,2.122547334954209e-06,1.987322000788117e-05,0.499281670416237,6.935296550282277e-09,0.4992816704162441,2.6320519398807075e-09,0.0014041591461476227,9.805874310262393e-08,2.9238684013396224e-07
Random3789
Raw:1.0104241096782794e-05,2.122547334954209e-06,1.987322000788117e-05,0.499281670416237,6.9352965502821786e-09,0.4992816704162441,2.6320519398807075e-09,0.0014041591461476227,9.805874310262393e-08,2.9238684013396224e-07
EFT:1.0104241096782794e-05,2.122547334954209e-06,1.987322000788117e-05,0.499281670416237,6.935296550282277e-09,0.4992816704162441,2.6320519398807075e-09,0.0014041591461476227,9.805874310262393e-08,2.9238684013396224e-07
Random3790
Raw:1.0104241096782938e-05,2.122547334954239e-06,1.987322000788145e-05,0.499281670416237,6.935296550282277e-09,0.4992816704162441,2.632051939880745e-09,0.0014041591461476427,9.805874310262532e-08,2.9238684013396224e-07
EFT:1.0104241096782794e-05,2.122547334954209e-06,1.987322000788117e-05,0.499281670416237,6.935296550282277e-09,0.4992816704162441,2.6320519398807075e-09,0.0014041591461476227,9.805874310262393e-08,2.9238684013396224e-07
Random3791
Raw:1.0104241096782938e-05,2.1225473349541788e-06,1.9873220007880885e-05,0.499281670416237,6.935296550282277e-09,0.4992816704162441,2.632051939880745e-09,0.0014041591461476026,9.805874310262532e-08,2.9238684013396224e-07
EFT:1.0104241096782794e-05,2.122547334954209e-06,1.987322000788117e-05,0.499281670416237,6.935296550282277e-09,0.4992816704162441,2.6320519398807075e-09,0.0014041591461476227,9.805874310262393e-08,2.9238684013396224e-07
Random3792
Raw:1.0104241096782867e-05,2.122547334954224e-06,1.987322000788131e-05,0.49928167041624055,6.935296550282326e-09,0.49928167041624055,2.6320519398807638e-09,0.0014041591461476327,9.805874310262462e-08,2.923868401339643e-07
EFT:1.0104241096782794e-05,2.122547334954209e-06,1.987322000788117e-05,0.499281670416237,6.935296550282277e-09,0.4992816704162441,2.6320519398807075e-09,0.0014041591461476227,9.805874310262393e-08,2.9238684013396224e-07
Random3793
Raw:1.0104241096782938e-05,2.122547334954239e-06,1.987322000788117e-05,0.499281670416237,6.935296550282277e-09,0.4992816704162441,2.632051939880745e-09,0.0014041591461476427,9.805874310262532e-08,2.9238684013396224e-07
EFT:1.0104241096782794e-05,2.122547334954209e-06,1.987322000788117e-05,0.499281670416237,6.935296550282277e-09,0.4992816704162441,2.6320519398807075e-09,0.0014041591461476227,9.805874310262393e-08,2.9238684013396224e-07
Random3794
Raw:1.0104241096782867e-05,2.122547334954224e-06,1.987322000788131e-05,0.49928167041624055,6.935296550282326e-09,0.49928167041624055,2.6320519398807265e-09,0.0014041591461476327,9.805874310262462e-08,2.923868401339643e-07
EFT:1.0104241096782794e-05,2.122547334954209e-06,1.987322000788117e-05,0.499281670416237,6.935296550282277e-09,0.4992816704162441,2.6320519398807075e-09,0.0014041591461476227,9.805874310262393e-08,2.9238684013396224e-07
Random3795
Raw:1.0104241096782938e-05,2.122547334954239e-06,1.987322000788117e-05,0.499281670416237,6.935296550282277e-09,0.4992816704162441,2.632051939880745e-09,0.0014041591461476427,9.805874310262393e-08,2.9238684013396637e-07
EFT:1.0104241096782794e-05,2.122547334954209e-06,1.987322000788117e-05,0.499281670416237,6.935296550282277e-09,0.4992816704162441,2.6320519398807075e-09,0.0014041591461476227,9.805874310262393e-08,2.9238684013396224e-07
Random3796
Raw:1.0104241096782938e-05,2.122547334954209e-06,1.987322000788117e-05,0.499281670416237,6.9352965502823754e-09,0.4992816704162441,2.632051939880745e-09,0.0014041591461476227,9.805874310262532e-08,2.9238684013396637e-07
EFT:1.0104241096782794e-05,2.122547334954209e-06,1.987322000788117e-05,0.499281670416237,6.935296550282277e-09,0.4992816704162441,2.6320519398807075e-09,0.0014041591461476227,9.805874310262393e-08,2.9238684013396224e-07
Random3797
Raw:1.0104241096782938e-05,2.122547334954239e-06,1.987322000788117e-05,0.499281670416237,6.935296550282277e-09,0.4992816704162441,2.632051939880745e-09,0.0014041591461476427,9.805874310262532e-08,2.9238684013396224e-07
EFT:1.0104241096782794e-05,2.122547334954209e-06,1.987322000788117e-05,0.499281670416237,6.935296550282277e-09,0.4992816704162441,2.6320519398807075e-09,0.0014041591461476227,9.805874310262393e-08,2.9238684013396224e-07
Random3798
Raw:1.0104241096782865e-05,2.122547334954194e-06,1.9873220007881028e-05,0.49928167041623345,6.935296550282327e-09,0.49928167041624766,2.6320519398807638e-09,0.0014041591461476126,9.805874310262324e-08,2.9238684013396436e-07
EFT:1.0104241096782794e-05,2.122547334954209e-06,1.987322000788117e-05,0.499281670416237,6.935296550282277e-09,0.4992816704162441,2.6320519398807075e-09,0.0014041591461476227,9.805874310262393e-08,2.9238684013396224e-07
Random3799
Raw:1.0104241096782938e-05,2.122547334954239e-06,1.987322000788145e-05,0.499281670416237,6.9352965502823754e-09,0.4992816704162441,2.632051939880745e-09,0.0014041591461476427,9.805874310262532e-08,2.9238684013396637e-07
EFT:1.0104241096782794e-05,2.122547334954209e-06,1.987322000788117e-05,0.499281670416237,6.935296550282277e-09,0.4992816704162441,2.6320519398807075e-09,0.0014041591461476227,9.805874310262393e-08,2.9238684013396224e-07
Random3800
Raw:1.0104241096782794e-05,2.1225473349541788e-06,1.9873220007880885e-05,0.499281670416237,6.935296550282277e-09,0.4992816704162441,2.632051939880745e-09,0.0014041591461476026,9.805874310262254e-08,2.9238684013396224e-07
EFT:1.0104241096782794e-05,2.122547334954209e-06,1.987322000788117e-05,0.499281670416237,6.935296550282277e-09,0.4992816704162441,2.6320519398807075e-09,0.0014041591461476227,9.805874310262393e-08,2.9238684013396224e-07
Random3801
Raw:1.0104241096782938e-05,2.122547334954209e-06,1.987322000788117e-05,0.499281670416237,6.935296550282277e-09,0.4992816704162441,2.632051939880745e-09,0.0014041591461476427,9.805874310262393e-08,2.9238684013396224e-07
EFT:1.0104241096782794e-05,2.122547334954209e-06,1.987322000788117e-05,0.499281670416237,6.935296550282277e-09,0.4992816704162441,2.6320519398807075e-09,0.0014041591461476227,9.805874310262393e-08,2.9238684013396224e-07
Random3802
Raw:1.0104241096782794e-05,2.122547334954209e-06,1.9873220007880885e-05,0.499281670416237,6.935296550282277e-09,0.4992816704162441,2.6320519398807075e-09,0.0014041591461476026,9.805874310262393e-08,2.9238684013396224e-07
EFT:1.0104241096782794e-05,2.122547334954209e-06,1.987322000788117e-05,0.499281670416237,6.935296550282277e-09,0.4992816704162441,2.6320519398807075e-09,0.0014041591461476227,9.805874310262393e-08,2.9238684013396224e-07
Random3803
Raw:1.0104241096782867e-05,2.122547334954224e-06,1.9873220007881028e-05,0.49928167041624055,6.935296550282326e-09,0.49928167041624055,2.6320519398807638e-09,0.0014041591461476128,9.805874310262462e-08,2.923868401339643e-07
EFT:1.0104241096782794e-05,2.122547334954209e-06,1.987322000788117e-05,0.499281670416237,6.935296550282277e-09,0.4992816704162441,2.6320519398807075e-09,0.0014041591461476227,9.805874310262393e-08,2.9238684013396224e-07
Random3804
Raw:1.0104241096782938e-05,2.122547334954239e-06,1.987322000788117e-05,0.499281670416237,6.935296550282277e-09,0.4992816704162441,2.632051939880745e-09,0.0014041591461476227,9.805874310262532e-08,2.9238684013396224e-07
EFT:1.0104241096782794e-05,2.122547334954209e-06,1.987322000788117e-05,0.499281670416237,6.935296550282277e-09,0.4992816704162441,2.6320519398807075e-09,0.0014041591461476227,9.805874310262393e-08,2.9238684013396224e-07
Random3805
Raw:1.0104241096782867e-05,2.122547334954194e-06,1.9873220007881028e-05,0.49928167041624055,6.935296550282326e-09,0.49928167041624055,2.6320519398807265e-09,0.0014041591461476128,9.805874310262323e-08,2.923868401339643e-07
EFT:1.0104241096782794e-05,2.122547334954209e-06,1.987322000788117e-05,0.499281670416237,6.935296550282277e-09,0.4992816704162441,2.6320519398807075e-09,0.0014041591461476227,9.805874310262393e-08,2.9238684013396224e-07
Random3806
Raw:1.0104241096782794e-05,2.122547334954209e-06,1.987322000788117e-05,0.499281670416237,6.935296550282277e-09,0.4992816704162441,2.6320519398807075e-09,0.0014041591461476026,9.805874310262393e-08,2.9238684013396224e-07
EFT:1.0104241096782794e-05,2.122547334954209e-06,1.987322000788117e-05,0.499281670416237,6.935296550282277e-09,0.4992816704162441,2.6320519398807075e-09,0.0014041591461476227,9.805874310262393e-08,2.9238684013396224e-07
Random3807
Raw:1.0104241096782938e-05,2.122547334954209e-06,1.9873220007880885e-05,0.499281670416237,6.935296550282277e-09,0.4992816704162441,2.632051939880745e-09,0.0014041591461476227,9.805874310262393e-08,2.9238684013396224e-07
EFT:1.0104241096782794e-05,2.122547334954209e-06,1.987322000788117e-05,0.499281670416237,6.935296550282277e-09,0.4992816704162441,2.6320519398807075e-09,0.0014041591461476227,9.805874310262393e-08,2.9238684013396224e-07
Random3808
Raw:1.0104241096782938e-05,2.122547334954239e-06,1.9873220007880885e-05,0.499281670416237,6.935296550282277e-09,0.4992816704162441,2.632051939880745e-09,0.0014041591461476227,9.805874310262532e-08,2.9238684013396224e-07
EFT:1.0104241096782794e-05,2.122547334954209e-06,1.987322000788117e-05,0.499281670416237,6.935296550282277e-09,0.4992816704162441,2.6320519398807075e-09,0.0014041591461476227,9.805874310262393e-08,2.9238684013396224e-07
Random3809
Raw:1.0104241096782938e-05,2.122547334954239e-06,1.987322000788117e-05,0.499281670416237,6.935296550282277e-09,0.4992816704162441,2.632051939880745e-09,0.0014041591461476427,9.805874310262532e-08,2.9238684013396224e-07
EFT:1.0104241096782794e-05,2.122547334954209e-06,1.987322000788117e-05,0.499281670416237,6.935296550282277e-09,0.4992816704162441,2.6320519398807075e-09,0.0014041591461476227,9.805874310262393e-08,2.9238684013396224e-07
Random3810
Raw:1.0104241096782938e-05,2.122547334954209e-06,1.9873220007880885e-05,0.499281670416237,6.935296550282277e-09,0.4992816704162441,2.632051939880745e-09,0.0014041591461476227,9.805874310262532e-08,2.9238684013396224e-07
EFT:1.0104241096782794e-05,2.122547334954209e-06,1.987322000788117e-05,0.499281670416237,6.935296550282277e-09,0.4992816704162441,2.6320519398807075e-09,0.0014041591461476227,9.805874310262393e-08,2.9238684013396224e-07
Random3811
Raw:1.0104241096783009e-05,2.122547334954224e-06,1.9873220007881028e-05,0.49928167041623345,6.935296550282424e-09,0.49928167041624766,2.632051939880801e-09,0.0014041591461476126,9.805874310262601e-08,2.923868401339685e-07
EFT:1.0104241096782794e-05,2.122547334954209e-06,1.987322000788117e-05,0.499281670416237,6.935296550282277e-09,0.4992816704162441,2.6320519398807075e-09,0.0014041591461476227,9.805874310262393e-08,2.9238684013396224e-07
Random3812
Raw:1.0104241096782867e-05,2.122547334954194e-06,1.9873220007881028e-05,0.49928167041624055,6.935296550282228e-09,0.49928167041624055,2.632051939880689e-09,0.0014041591461476128,9.805874310262462e-08,2.923868401339602e-07
EFT:1.0104241096782794e-05,2.122547334954209e-06,1.987322000788117e-05,0.499281670416237,6.935296550282277e-09,0.4992816704162441,2.6320519398807075e-09,0.0014041591461476227,9.805874310262393e-08,2.9238684013396224e-07
Random3813
Raw:1.0104241096782938e-05,2.122547334954239e-06,1.9873220007880885e-05,0.499281670416237,6.935296550282277e-09,0.4992816704162441,2.632051939880745e-09,0.0014041591461476227,9.805874310262532e-08,2.9238684013396224e-07
EFT:1.0104241096782794e-05,2.122547334954209e-06,1.987322000788117e-05,0.499281670416237,6.935296550282277e-09,0.4992816704162441,2.6320519398807075e-09,0.0014041591461476227,9.805874310262393e-08,2.9238684013396224e-07
Random3814
Raw:1.0104241096783009e-05,2.122547334954224e-06,1.9873220007881028e-05,0.49928167041623345,6.935296550282327e-09,0.49928167041624766,2.6320519398807638e-09,0.0014041591461476327,9.805874310262601e-08,2.9238684013396436e-07
EFT:1.0104241096782794e-05,2.122547334954209e-06,1.987322000788117e-05,0.499281670416237,6.935296550282277e-09,0.4992816704162441,2.6320519398807075e-09,0.0014041591461476227,9.805874310262393e-08,2.9238684013396224e-07
Random3815
Raw:1.0104241096782938e-05,2.122547334954239e-06,1.987322000788145e-05,0.499281670416237,6.935296550282277e-09,0.4992816704162441,2.632051939880745e-09,0.0014041591461476427,9.805874310262393e-08,2.9238684013396637e-07
EFT:1.0104241096782794e-05,2.122547334954209e-06,1.987322000788117e-05,0.499281670416237,6.935296550282277e-09,0.4992816704162441,2.6320519398807075e-09,0.0014041591461476227,9.805874310262393e-08,2.9238684013396224e-07
Random3816
Raw:1.0104241096782938e-05,2.122547334954209e-06,1.987322000788117e-05,0.499281670416237,6.9352965502823754e-09,0.4992816704162441,2.632051939880745e-09,0.0014041591461476227,9.805874310262532e-08,2.9238684013396637e-07
EFT:1.0104241096782794e-05,2.122547334954209e-06,1.987322000788117e-05,0.499281670416237,6.935296550282277e-09,0.4992816704162441,2.6320519398807075e-09,0.0014041591461476227,9.805874310262393e-08,2.9238684013396224e-07
Random3817
Raw:1.0104241096782867e-05,2.122547334954194e-06,1.9873220007881028e-05,0.49928167041624055,6.935296550282326e-09,0.49928167041624055,2.6320519398807265e-09,0.0014041591461476128,9.805874310262323e-08,2.923868401339643e-07
EFT:1.0104241096782794e-05,2.122547334954209e-06,1.987322000788117e-05,0.499281670416237,6.935296550282277e-09,0.4992816704162441,2.6320519398807075e-09,0.0014041591461476227,9.805874310262393e-08,2.9238684013396224e-07
Random3818
Raw:1.0104241096782867e-05,2.122547334954224e-06,1.987322000788131e-05,0.49928167041624055,6.935296550282326e-09,0.49928167041624055,2.6320519398807265e-09,0.0014041591461476128,9.805874310262462e-08,2.923868401339643e-07
EFT:1.0104241096782794e-05,2.122547334954209e-06,1.987322000788117e-05,0.499281670416237,6.935296550282277e-09,0.4992816704162441,2.6320519398807075e-09,0.0014041591461476227,9.805874310262393e-08,2.9238684013396224e-07
Random3819
Raw:1.0104241096782938e-05,2.122547334954239e-06,1.987322000788145e-05,0.499281670416237,6.935296550282277e-09,0.4992816704162441,2.632051939880745e-09,0.0014041591461476427,9.805874310262393e-08,2.9238684013396637e-07
EFT:1.0104241096782794e-05,2.122547334954209e-06,1.987322000788117e-05,0.499281670416237,6.935296550282277e-09,0.4992816704162441,2.6320519398807075e-09,0.0014041591461476227,9.805874310262393e-08,2.9238684013396224e-07
Random3820
Raw:1.0104241096782938e-05,2.122547334954209e-06,1.987322000788117e-05,0.499281670416237,6.935296550282277e-09,0.4992816704162441,2.632051939880745e-09,0.0014041591461476427,9.805874310262393e-08,2.9238684013396224e-07
EFT:1.0104241096782794e-05,2.122547334954209e-06,1.987322000788117e-05,0.499281670416237,6.935296550282277e-09,0.4992816704162441,2.6320519398807075e-09,0.0014041591461476227,9.805874310262393e-08,2.9238684013396224e-07
Random3821
Raw:1.0104241096782938e-05,2.122547334954209e-06,1.987322000788117e-05,0.499281670416237,6.935296550282277e-09,0.4992816704162441,2.632051939880745e-09,0.0014041591461476227,9.805874310262532e-08,2.9238684013396224e-07
EFT:1.0104241096782794e-05,2.122547334954209e-06,1.987322000788117e-05,0.499281670416237,6.935296550282277e-09,0.4992816704162441,2.6320519398807075e-09,0.0014041591461476227,9.805874310262393e-08,2.9238684013396224e-07
Random3822
Raw:1.0104241096782867e-05,2.122547334954224e-06,1.987322000788131e-05,0.49928167041624055,6.935296550282326e-09,0.49928167041624055,2.6320519398807265e-09,0.0014041591461476327,9.805874310262462e-08,2.923868401339643e-07
EFT:1.0104241096782794e-05,2.122547334954209e-06,1.987322000788117e-05,0.499281670416237,6.935296550282277e-09,0.4992816704162441,2.6320519398807075e-09,0.0014041591461476227,9.805874310262393e-08,2.9238684013396224e-07
Random3823
Raw:1.0104241096782794e-05,2.122547334954209e-06,1.987322000788117e-05,0.4992816704162441,6.935296550282277e-09,0.499281670416237,2.63205193988067e-09,0.0014041591461476227,9.805874310262254e-08,2.9238684013396224e-07
EFT:1.0104241096782794e-05,2.122547334954209e-06,1.987322000788117e-05,0.499281670416237,6.935296550282277e-09,0.4992816704162441,2.6320519398807075e-09,0.0014041591461476227,9.805874310262393e-08,2.9238684013396224e-07
Random3824
Raw:1.0104241096782867e-05,2.122547334954224e-06,1.9873220007881028e-05,0.49928167041624055,6.935296550282326e-09,0.49928167041624055,2.6320519398807265e-09,0.0014041591461476327,9.805874310262323e-08,2.923868401339643e-07
EFT:1.0104241096782794e-05,2.122547334954209e-06,1.987322000788117e-05,0.499281670416237,6.935296550282277e-09,0.4992816704162441,2.6320519398807075e-09,0.0014041591461476227,9.805874310262393e-08,2.9238684013396224e-07
Random3825
Raw:1.0104241096782867e-05,2.122547334954224e-06,1.987322000788131e-05,0.49928167041624055,6.935296550282326e-09,0.49928167041624055,2.6320519398807265e-09,0.0014041591461476327,9.805874310262462e-08,2.923868401339643e-07
EFT:1.0104241096782794e-05,2.122547334954209e-06,1.987322000788117e-05,0.499281670416237,6.935296550282277e-09,0.4992816704162441,2.6320519398807075e-09,0.0014041591461476227,9.805874310262393e-08,2.9238684013396224e-07
Random3826
Raw:1.0104241096782867e-05,2.122547334954224e-06,1.9873220007881028e-05,0.49928167041624055,6.935296550282326e-09,0.49928167041624055,2.6320519398807265e-09,0.0014041591461476327,9.805874310262602e-08,2.923868401339643e-07
EFT:1.0104241096782794e-05,2.122547334954209e-06,1.987322000788117e-05,0.499281670416237,6.935296550282277e-09,0.4992816704162441,2.6320519398807075e-09,0.0014041591461476227,9.805874310262393e-08,2.9238684013396224e-07
Random3827
Raw:1.0104241096782938e-05,2.122547334954209e-06,1.987322000788117e-05,0.499281670416237,6.935296550282277e-09,0.4992816704162441,2.632051939880745e-09,0.0014041591461476227,9.805874310262393e-08,2.9238684013396637e-07
EFT:1.0104241096782794e-05,2.122547334954209e-06,1.987322000788117e-05,0.499281670416237,6.935296550282277e-09,0.4992816704162441,2.6320519398807075e-09,0.0014041591461476227,9.805874310262393e-08,2.9238684013396224e-07
Random3828
Raw:1.0104241096782938e-05,2.122547334954209e-06,1.987322000788117e-05,0.499281670416237,6.935296550282277e-09,0.4992816704162441,2.632051939880745e-09,0.0014041591461476427,9.805874310262393e-08,2.9238684013396224e-07
EFT:1.0104241096782794e-05,2.122547334954209e-06,1.987322000788117e-05,0.499281670416237,6.935296550282277e-09,0.4992816704162441,2.6320519398807075e-09,0.0014041591461476227,9.805874310262393e-08,2.9238684013396224e-07
Random3829
Raw:1.0104241096782867e-05,2.122547334954224e-06,1.987322000788131e-05,0.49928167041624055,6.935296550282228e-09,0.49928167041624055,2.632051939880689e-09,0.0014041591461476327,9.805874310262323e-08,2.923868401339643e-07
EFT:1.0104241096782794e-05,2.122547334954209e-06,1.987322000788117e-05,0.499281670416237,6.935296550282277e-09,0.4992816704162441,2.6320519398807075e-09,0.0014041591461476227,9.805874310262393e-08,2.9238684013396224e-07
Random3830
Raw:1.0104241096782867e-05,2.122547334954224e-06,1.987322000788131e-05,0.49928167041624055,6.935296550282326e-09,0.49928167041624055,2.6320519398807265e-09,0.0014041591461476128,9.805874310262462e-08,2.923868401339643e-07
EFT:1.0104241096782794e-05,2.122547334954209e-06,1.987322000788117e-05,0.499281670416237,6.935296550282277e-09,0.4992816704162441,2.6320519398807075e-09,0.0014041591461476227,9.805874310262393e-08,2.9238684013396224e-07
Random3831
Raw:1.0104241096783009e-05,2.122547334954224e-06,1.987322000788131e-05,0.49928167041623345,6.935296550282327e-09,0.49928167041624766,2.6320519398807638e-09,0.0014041591461476327,9.805874310262462e-08,2.923868401339685e-07
EFT:1.0104241096782794e-05,2.122547334954209e-06,1.987322000788117e-05,0.499281670416237,6.935296550282277e-09,0.4992816704162441,2.6320519398807075e-09,0.0014041591461476227,9.805874310262393e-08,2.9238684013396224e-07
Random3832
Raw:1.0104241096782938e-05,2.122547334954209e-06,1.987322000788117e-05,0.499281670416237,6.9352965502823754e-09,0.4992816704162441,2.6320519398807824e-09,0.0014041591461476227,9.805874310262532e-08,2.9238684013396637e-07
EFT:1.0104241096782794e-05,2.122547334954209e-06,1.987322000788117e-05,0.499281670416237,6.935296550282277e-09,0.4992816704162441,2.6320519398807075e-09,0.0014041591461476227,9.805874310262393e-08,2.9238684013396224e-07
Random3833
Raw:1.0104241096782938e-05,2.122547334954209e-06,1.987322000788117e-05,0.499281670416237,6.935296550282277e-09,0.4992816704162441,2.632051939880745e-09,0.0014041591461476427,9.805874310262393e-08,2.9238684013396224e-07
EFT:1.0104241096782794e-05,2.122547334954209e-06,1.987322000788117e-05,0.499281670416237,6.935296550282277e-09,0.4992816704162441,2.6320519398807075e-09,0.0014041591461476227,9.805874310262393e-08,2.9238684013396224e-07
Random3834
Raw:1.0104241096782938e-05,2.122547334954239e-06,1.987322000788145e-05,0.499281670416237,6.935296550282277e-09,0.4992816704162441,2.632051939880745e-09,0.0014041591461476427,9.805874310262393e-08,2.9238684013396637e-07
EFT:1.0104241096782794e-05,2.122547334954209e-06,1.987322000788117e-05,0.499281670416237,6.935296550282277e-09,0.4992816704162441,2.6320519398807075e-09,0.0014041591461476227,9.805874310262393e-08,2.9238684013396224e-07
Random3835
Raw:1.0104241096782867e-05,2.122547334954224e-06,1.987322000788131e-05,0.49928167041624055,6.935296550282326e-09,0.49928167041624055,2.6320519398807638e-09,0.0014041591461476327,9.805874310262462e-08,2.923868401339643e-07
EFT:1.0104241096782794e-05,2.122547334954209e-06,1.987322000788117e-05,0.499281670416237,6.935296550282277e-09,0.4992816704162441,2.6320519398807075e-09,0.0014041591461476227,9.805874310262393e-08,2.9238684013396224e-07
Random3836
Raw:1.0104241096782938e-05,2.122547334954209e-06,1.9873220007880885e-05,0.499281670416237,6.935296550282277e-09,0.4992816704162441,2.632051939880745e-09,0.0014041591461476227,9.805874310262532e-08,2.9238684013396224e-07
EFT:1.0104241096782794e-05,2.122547334954209e-06,1.987322000788117e-05,0.499281670416237,6.935296550282277e-09,0.4992816704162441,2.6320519398807075e-09,0.0014041591461476227,9.805874310262393e-08,2.9238684013396224e-07
Random3837
Raw:1.0104241096782938e-05,2.122547334954209e-06,1.987322000788117e-05,0.499281670416237,6.935296550282277e-09,0.4992816704162441,2.632051939880745e-09,0.0014041591461476227,9.805874310262532e-08,2.9238684013396224e-07
EFT:1.0104241096782794e-05,2.122547334954209e-06,1.987322000788117e-05,0.499281670416237,6.935296550282277e-09,0.4992816704162441,2.6320519398807075e-09,0.0014041591461476227,9.805874310262393e-08,2.9238684013396224e-07
Random3838
Raw:1.0104241096782938e-05,2.122547334954239e-06,1.987322000788117e-05,0.499281670416237,6.935296550282277e-09,0.4992816704162441,2.632051939880745e-09,0.0014041591461476227,9.805874310262532e-08,2.9238684013396224e-07
EFT:1.0104241096782794e-05,2.122547334954209e-06,1.987322000788117e-05,0.499281670416237,6.935296550282277e-09,0.4992816704162441,2.6320519398807075e-09,0.0014041591461476227,9.805874310262393e-08,2.9238684013396224e-07
Random3839
Raw:1.0104241096782938e-05,2.122547334954239e-06,1.987322000788117e-05,0.499281670416237,6.935296550282277e-09,0.4992816704162441,2.632051939880745e-09,0.0014041591461476427,9.805874310262532e-08,2.9238684013396224e-07
EFT:1.0104241096782794e-05,2.122547334954209e-06,1.987322000788117e-05,0.499281670416237,6.935296550282277e-09,0.4992816704162441,2.6320519398807075e-09,0.0014041591461476227,9.805874310262393e-08,2.9238684013396224e-07
Random3840
Raw:1.0104241096782867e-05,2.122547334954194e-06,1.9873220007881028e-05,0.49928167041624055,6.935296550282326e-09,0.49928167041624055,2.6320519398807265e-09,0.0014041591461476128,9.805874310262323e-08,2.923868401339643e-07
EFT:1.0104241096782794e-05,2.122547334954209e-06,1.987322000788117e-05,0.499281670416237,6.935296550282277e-09,0.4992816704162441,2.6320519398807075e-09,0.0014041591461476227,9.805874310262393e-08,2.9238684013396224e-07
Random3841
Raw:1.0104241096782723e-05,2.122547334954194e-06,1.9873220007881028e-05,0.49928167041624055,6.935296550282228e-09,0.49928167041624055,2.632051939880689e-09,0.0014041591461476128,9.805874310262184e-08,2.923868401339602e-07
EFT:1.0104241096782794e-05,2.122547334954209e-06,1.987322000788117e-05,0.499281670416237,6.935296550282277e-09,0.4992816704162441,2.6320519398807075e-09,0.0014041591461476227,9.805874310262393e-08,2.9238684013396224e-07
Random3842
Raw:1.0104241096783082e-05,2.122547334954239e-06,1.987322000788145e-05,0.499281670416237,6.935296550282475e-09,0.4992816704162441,2.6320519398807824e-09,0.0014041591461476427,9.805874310262532e-08,2.9238684013396637e-07
EFT:1.0104241096782794e-05,2.122547334954209e-06,1.987322000788117e-05,0.499281670416237,6.935296550282277e-09,0.4992816704162441,2.6320519398807075e-09,0.0014041591461476227,9.805874310262393e-08,2.9238684013396224e-07
Random3843
Raw:1.0104241096782938e-05,2.122547334954209e-06,1.987322000788117e-05,0.499281670416237,6.935296550282277e-09,0.4992816704162441,2.632051939880745e-09,0.0014041591461476227,9.805874310262532e-08,2.9238684013396224e-07
EFT:1.0104241096782794e-05,2.122547334954209e-06,1.987322000788117e-05,0.499281670416237,6.935296550282277e-09,0.4992816704162441,2.6320519398807075e-09,0.0014041591461476227,9.805874310262393e-08,2.9238684013396224e-07
Random3844
Raw:1.0104241096782938e-05,2.122547334954209e-06,1.987322000788117e-05,0.499281670416237,6.935296550282277e-09,0.4992816704162441,2.632051939880745e-09,0.0014041591461476427,9.805874310262393e-08,2.9238684013396224e-07
EFT:1.0104241096782794e-05,2.122547334954209e-06,1.987322000788117e-05,0.499281670416237,6.935296550282277e-09,0.4992816704162441,2.6320519398807075e-09,0.0014041591461476227,9.805874310262393e-08,2.9238684013396224e-07
Random3845
Raw:1.0104241096782794e-05,2.122547334954209e-06,1.9873220007880885e-05,0.499281670416237,6.935296550282277e-09,0.4992816704162441,2.632051939880745e-09,0.0014041591461476227,9.805874310262254e-08,2.9238684013396224e-07
EFT:1.0104241096782794e-05,2.122547334954209e-06,1.987322000788117e-05,0.499281670416237,6.935296550282277e-09,0.4992816704162441,2.6320519398807075e-09,0.0014041591461476227,9.805874310262393e-08,2.9238684013396224e-07
Random3846
Raw:1.0104241096782865e-05,2.122547334954194e-06,1.9873220007881028e-05,0.49928167041623345,6.935296550282228e-09,0.49928167041624766,2.632051939880726e-09,0.0014041591461476126,9.805874310262462e-08,2.9238684013396436e-07
EFT:1.0104241096782794e-05,2.122547334954209e-06,1.987322000788117e-05,0.499281670416237,6.935296550282277e-09,0.4992816704162441,2.6320519398807075e-09,0.0014041591461476227,9.805874310262393e-08,2.9238684013396224e-07
Random3847
Raw:1.0104241096783009e-05,2.122547334954194e-06,1.9873220007881028e-05,0.49928167041623345,6.935296550282327e-09,0.49928167041624766,2.6320519398807638e-09,0.0014041591461476327,9.805874310262462e-08,2.9238684013396436e-07
EFT:1.0104241096782794e-05,2.122547334954209e-06,1.987322000788117e-05,0.499281670416237,6.935296550282277e-09,0.4992816704162441,2.6320519398807075e-09,0.0014041591461476227,9.805874310262393e-08,2.9238684013396224e-07
Random3848
Raw:1.0104241096782938e-05,2.1225473349541788e-06,1.9873220007880885e-05,0.499281670416237,6.935296550282277e-09,0.4992816704162441,2.632051939880745e-09,0.0014041591461476026,9.805874310262532e-08,2.9238684013396224e-07
EFT:1.0104241096782794e-05,2.122547334954209e-06,1.987322000788117e-05,0.499281670416237,6.935296550282277e-09,0.4992816704162441,2.6320519398807075e-09,0.0014041591461476227,9.805874310262393e-08,2.9238684013396224e-07
Random3849
Raw:1.0104241096783009e-05,2.122547334954224e-06,1.987322000788131e-05,0.49928167041623345,6.935296550282327e-09,0.49928167041624766,2.6320519398807638e-09,0.0014041591461476327,9.805874310262462e-08,2.923868401339685e-07
EFT:1.0104241096782794e-05,2.122547334954209e-06,1.987322000788117e-05,0.499281670416237,6.935296550282277e-09,0.4992816704162441,2.6320519398807075e-09,0.0014041591461476227,9.805874310262393e-08,2.9238684013396224e-07
Random3850
Raw:1.0104241096782938e-05,2.122547334954239e-06,1.987322000788145e-05,0.499281670416237,6.935296550282277e-09,0.4992816704162441,2.632051939880745e-09,0.0014041591461476427,9.805874310262393e-08,2.9238684013396637e-07
EFT:1.0104241096782794e-05,2.122547334954209e-06,1.987322000788117e-05,0.499281670416237,6.935296550282277e-09,0.4992816704162441,2.6320519398807075e-09,0.0014041591461476227,9.805874310262393e-08,2.9238684013396224e-07
Random3851
Raw:1.0104241096782938e-05,2.122547334954209e-06,1.987322000788117e-05,0.499281670416237,6.9352965502823754e-09,0.4992816704162441,2.632051939880745e-09,0.0014041591461476227,9.805874310262393e-08,2.9238684013396637e-07
EFT:1.0104241096782794e-05,2.122547334954209e-06,1.987322000788117e-05,0.499281670416237,6.935296550282277e-09,0.4992816704162441,2.6320519398807075e-09,0.0014041591461476227,9.805874310262393e-08,2.9238684013396224e-07
Random3852
Raw:1.0104241096783009e-05,2.122547334954224e-06,1.987322000788131e-05,0.49928167041623345,6.935296550282327e-09,0.49928167041624766,2.6320519398807638e-09,0.0014041591461476327,9.805874310262462e-08,2.923868401339685e-07
EFT:1.0104241096782794e-05,2.122547334954209e-06,1.987322000788117e-05,0.499281670416237,6.935296550282277e-09,0.4992816704162441,2.6320519398807075e-09,0.0014041591461476227,9.805874310262393e-08,2.9238684013396224e-07
Random3853
Raw:1.0104241096782867e-05,2.122547334954224e-06,1.9873220007881028e-05,0.49928167041624055,6.935296550282326e-09,0.49928167041624055,2.6320519398807638e-09,0.0014041591461476128,9.805874310262462e-08,2.923868401339643e-07
EFT:1.0104241096782794e-05,2.122547334954209e-06,1.987322000788117e-05,0.499281670416237,6.935296550282277e-09,0.4992816704162441,2.6320519398807075e-09,0.0014041591461476227,9.805874310262393e-08,2.9238684013396224e-07
Random3854
Raw:1.0104241096782938e-05,2.122547334954209e-06,1.987322000788117e-05,0.499281670416237,6.935296550282277e-09,0.4992816704162441,2.632051939880745e-09,0.0014041591461476427,9.805874310262393e-08,2.9238684013396224e-07
EFT:1.0104241096782794e-05,2.122547334954209e-06,1.987322000788117e-05,0.499281670416237,6.935296550282277e-09,0.4992816704162441,2.6320519398807075e-09,0.0014041591461476227,9.805874310262393e-08,2.9238684013396224e-07
Random3855
Raw:1.0104241096783009e-05,2.122547334954194e-06,1.9873220007881028e-05,0.49928167041623345,6.935296550282327e-09,0.49928167041624766,2.6320519398807638e-09,0.0014041591461476126,9.805874310262601e-08,2.9238684013396436e-07
EFT:1.0104241096782794e-05,2.122547334954209e-06,1.987322000788117e-05,0.499281670416237,6.935296550282277e-09,0.4992816704162441,2.6320519398807075e-09,0.0014041591461476227,9.805874310262393e-08,2.9238684013396224e-07
Random3856
Raw:1.0104241096782794e-05,2.122547334954209e-06,1.987322000788117e-05,0.499281670416237,6.935296550282277e-09,0.4992816704162441,2.6320519398807075e-09,0.0014041591461476026,9.805874310262393e-08,2.9238684013396224e-07
EFT:1.0104241096782794e-05,2.122547334954209e-06,1.987322000788117e-05,0.499281670416237,6.935296550282277e-09,0.4992816704162441,2.6320519398807075e-09,0.0014041591461476227,9.805874310262393e-08,2.9238684013396224e-07
Random3857
Raw:1.0104241096782938e-05,2.122547334954239e-06,1.987322000788145e-05,0.499281670416237,6.935296550282277e-09,0.4992816704162441,2.632051939880745e-09,0.0014041591461476427,9.805874310262532e-08,2.9238684013396224e-07
EFT:1.0104241096782794e-05,2.122547334954209e-06,1.987322000788117e-05,0.499281670416237,6.935296550282277e-09,0.4992816704162441,2.6320519398807075e-09,0.0014041591461476227,9.805874310262393e-08,2.9238684013396224e-07
Random3858
Raw:1.0104241096782938e-05,2.122547334954209e-06,1.987322000788117e-05,0.499281670416237,6.9352965502823754e-09,0.4992816704162441,2.632051939880745e-09,0.0014041591461476227,9.805874310262532e-08,2.9238684013396637e-07
EFT:1.0104241096782794e-05,2.122547334954209e-06,1.987322000788117e-05,0.499281670416237,6.935296550282277e-09,0.4992816704162441,2.6320519398807075e-09,0.0014041591461476227,9.805874310262393e-08,2.9238684013396224e-07
Random3859
Raw:1.0104241096783009e-05,2.122547334954224e-06,1.9873220007881028e-05,0.49928167041623345,6.935296550282424e-09,0.49928167041624766,2.632051939880801e-09,0.0014041591461476126,9.805874310262462e-08,2.923868401339685e-07
EFT:1.0104241096782794e-05,2.122547334954209e-06,1.987322000788117e-05,0.499281670416237,6.935296550282277e-09,0.4992816704162441,2.6320519398807075e-09,0.0014041591461476227,9.805874310262393e-08,2.9238684013396224e-07
Random3860
Raw:1.0104241096782867e-05,2.122547334954194e-06,1.9873220007881028e-05,0.49928167041624055,6.935296550282228e-09,0.49928167041624055,2.632051939880689e-09,0.0014041591461476128,9.805874310262462e-08,2.923868401339602e-07
EFT:1.0104241096782794e-05,2.122547334954209e-06,1.987322000788117e-05,0.499281670416237,6.935296550282277e-09,0.4992816704162441,2.6320519398807075e-09,0.0014041591461476227,9.805874310262393e-08,2.9238684013396224e-07
Random3861
Raw:1.0104241096782938e-05,2.122547334954209e-06,1.987322000788117e-05,0.499281670416237,6.935296550282277e-09,0.4992816704162441,2.632051939880745e-09,0.0014041591461476227,9.805874310262532e-08,2.9238684013396224e-07
EFT:1.0104241096782794e-05,2.122547334954209e-06,1.987322000788117e-05,0.499281670416237,6.935296550282277e-09,0.4992816704162441,2.6320519398807075e-09,0.0014041591461476227,9.805874310262393e-08,2.9238684013396224e-07
Random3862
Raw:1.0104241096782794e-05,2.122547334954209e-06,1.987322000788117e-05,0.4992816704162441,6.935296550282277e-09,0.499281670416237,2.63205193988067e-09,0.0014041591461476227,9.805874310262393e-08,2.9238684013396224e-07
EFT:1.0104241096782794e-05,2.122547334954209e-06,1.987322000788117e-05,0.499281670416237,6.935296550282277e-09,0.4992816704162441,2.6320519398807075e-09,0.0014041591461476227,9.805874310262393e-08,2.9238684013396224e-07
Random3863
Raw:1.0104241096782938e-05,2.122547334954239e-06,1.9873220007880885e-05,0.499281670416237,6.935296550282277e-09,0.4992816704162441,2.632051939880745e-09,0.0014041591461476227,9.805874310262532e-08,2.9238684013396224e-07
EFT:1.0104241096782794e-05,2.122547334954209e-06,1.987322000788117e-05,0.499281670416237,6.935296550282277e-09,0.4992816704162441,2.6320519398807075e-09,0.0014041591461476227,9.805874310262393e-08,2.9238684013396224e-07
Random3864
Raw:1.0104241096782867e-05,2.122547334954224e-06,1.9873220007881028e-05,0.49928167041624055,6.935296550282326e-09,0.49928167041624055,2.6320519398807265e-09,0.0014041591461476327,9.805874310262602e-08,2.923868401339643e-07
EFT:1.0104241096782794e-05,2.122547334954209e-06,1.987322000788117e-05,0.499281670416237,6.935296550282277e-09,0.4992816704162441,2.6320519398807075e-09,0.0014041591461476227,9.805874310262393e-08,2.9238684013396224e-07
Random3865
Raw:1.0104241096782938e-05,2.122547334954209e-06,1.987322000788117e-05,0.499281670416237,6.9352965502823754e-09,0.4992816704162441,2.632051939880745e-09,0.0014041591461476227,9.805874310262532e-08,2.9238684013396637e-07
EFT:1.0104241096782794e-05,2.122547334954209e-06,1.987322000788117e-05,0.499281670416237,6.935296550282277e-09,0.4992816704162441,2.6320519398807075e-09,0.0014041591461476227,9.805874310262393e-08,2.9238684013396224e-07
Random3866
Raw:1.0104241096782867e-05,2.122547334954224e-06,1.9873220007881028e-05,0.49928167041624055,6.935296550282326e-09,0.49928167041624055,2.6320519398807265e-09,0.0014041591461476327,9.805874310262602e-08,2.923868401339643e-07
EFT:1.0104241096782794e-05,2.122547334954209e-06,1.987322000788117e-05,0.499281670416237,6.935296550282277e-09,0.4992816704162441,2.6320519398807075e-09,0.0014041591461476227,9.805874310262393e-08,2.9238684013396224e-07
Random3867
Raw:1.0104241096782938e-05,2.122547334954209e-06,1.987322000788117e-05,0.499281670416237,6.935296550282277e-09,0.4992816704162441,2.632051939880745e-09,0.0014041591461476427,9.805874310262393e-08,2.9238684013396224e-07
EFT:1.0104241096782794e-05,2.122547334954209e-06,1.987322000788117e-05,0.499281670416237,6.935296550282277e-09,0.4992816704162441,2.6320519398807075e-09,0.0014041591461476227,9.805874310262393e-08,2.9238684013396224e-07
Random3868
Raw:1.0104241096782938e-05,2.122547334954209e-06,1.987322000788117e-05,0.499281670416237,6.935296550282277e-09,0.4992816704162441,2.632051939880745e-09,0.0014041591461476227,9.805874310262532e-08,2.9238684013396224e-07
EFT:1.0104241096782794e-05,2.122547334954209e-06,1.987322000788117e-05,0.499281670416237,6.935296550282277e-09,0.4992816704162441,2.6320519398807075e-09,0.0014041591461476227,9.805874310262393e-08,2.9238684013396224e-07
Random3869
Raw:1.0104241096782938e-05,2.122547334954209e-06,1.987322000788117e-05,0.499281670416237,6.935296550282277e-09,0.4992816704162441,2.632051939880745e-09,0.0014041591461476427,9.805874310262393e-08,2.9238684013396224e-07
EFT:1.0104241096782794e-05,2.122547334954209e-06,1.987322000788117e-05,0.499281670416237,6.935296550282277e-09,0.4992816704162441,2.6320519398807075e-09,0.0014041591461476227,9.805874310262393e-08,2.9238684013396224e-07
Random3870
Raw:1.0104241096782938e-05,2.122547334954209e-06,1.987322000788117e-05,0.499281670416237,6.9352965502823754e-09,0.4992816704162441,2.6320519398807824e-09,0.0014041591461476227,9.805874310262532e-08,2.9238684013396637e-07
EFT:1.0104241096782794e-05,2.122547334954209e-06,1.987322000788117e-05,0.499281670416237,6.935296550282277e-09,0.4992816704162441,2.6320519398807075e-09,0.0014041591461476227,9.805874310262393e-08,2.9238684013396224e-07
Random3871
Raw:1.0104241096782867e-05,2.122547334954224e-06,1.987322000788131e-05,0.49928167041624055,6.935296550282326e-09,0.49928167041624055,2.6320519398807265e-09,0.0014041591461476327,9.805874310262602e-08,2.923868401339643e-07
EFT:1.0104241096782794e-05,2.122547334954209e-06,1.987322000788117e-05,0.499281670416237,6.935296550282277e-09,0.4992816704162441,2.6320519398807075e-09,0.0014041591461476227,9.805874310262393e-08,2.9238684013396224e-07
Random3872
Raw:1.0104241096782865e-05,2.122547334954194e-06,1.9873220007881028e-05,0.49928167041623345,6.935296550282327e-09,0.49928167041624766,2.632051939880726e-09,0.0014041591461476126,9.805874310262462e-08,2.9238684013396436e-07
EFT:1.0104241096782794e-05,2.122547334954209e-06,1.987322000788117e-05,0.499281670416237,6.935296550282277e-09,0.4992816704162441,2.6320519398807075e-09,0.0014041591461476227,9.805874310262393e-08,2.9238684013396224e-07
Random3873
Raw:1.0104241096782867e-05,2.122547334954224e-06,1.987322000788131e-05,0.49928167041624055,6.935296550282326e-09,0.49928167041624055,2.6320519398807265e-09,0.0014041591461476327,9.805874310262462e-08,2.923868401339643e-07
EFT:1.0104241096782794e-05,2.122547334954209e-06,1.987322000788117e-05,0.499281670416237,6.935296550282277e-09,0.4992816704162441,2.6320519398807075e-09,0.0014041591461476227,9.805874310262393e-08,2.9238684013396224e-07
Random3874
Raw:1.0104241096783009e-05,2.122547334954224e-06,1.987322000788131e-05,0.49928167041623345,6.935296550282327e-09,0.49928167041624766,2.6320519398807638e-09,0.0014041591461476327,9.805874310262462e-08,2.923868401339685e-07
EFT:1.0104241096782794e-05,2.122547334954209e-06,1.987322000788117e-05,0.499281670416237,6.935296550282277e-09,0.4992816704162441,2.6320519398807075e-09,0.0014041591461476227,9.805874310262393e-08,2.9238684013396224e-07
Random3875
Raw:1.0104241096782938e-05,2.122547334954209e-06,1.987322000788117e-05,0.499281670416237,6.935296550282277e-09,0.4992816704162441,2.632051939880745e-09,0.0014041591461476427,9.805874310262393e-08,2.9238684013396224e-07
EFT:1.0104241096782794e-05,2.122547334954209e-06,1.987322000788117e-05,0.499281670416237,6.935296550282277e-09,0.4992816704162441,2.6320519398807075e-09,0.0014041591461476227,9.805874310262393e-08,2.9238684013396224e-07
Random3876
Raw:1.0104241096782938e-05,2.122547334954209e-06,1.987322000788117e-05,0.499281670416237,6.935296550282277e-09,0.4992816704162441,2.632051939880745e-09,0.0014041591461476227,9.805874310262393e-08,2.9238684013396637e-07
EFT:1.0104241096782794e-05,2.122547334954209e-06,1.987322000788117e-05,0.499281670416237,6.935296550282277e-09,0.4992816704162441,2.6320519398807075e-09,0.0014041591461476227,9.805874310262393e-08,2.9238684013396224e-07
Random3877
Raw:1.0104241096782938e-05,2.122547334954209e-06,1.9873220007880885e-05,0.499281670416237,6.935296550282277e-09,0.4992816704162441,2.632051939880745e-09,0.0014041591461476227,9.805874310262532e-08,2.9238684013396224e-07
EFT:1.0104241096782794e-05,2.122547334954209e-06,1.987322000788117e-05,0.499281670416237,6.935296550282277e-09,0.4992816704162441,2.6320519398807075e-09,0.0014041591461476227,9.805874310262393e-08,2.9238684013396224e-07
Random3878
Raw:1.0104241096782938e-05,2.1225473349541788e-06,1.9873220007880885e-05,0.499281670416237,6.935296550282277e-09,0.4992816704162441,2.632051939880745e-09,0.0014041591461476026,9.805874310262532e-08,2.9238684013396224e-07
EFT:1.0104241096782794e-05,2.122547334954209e-06,1.987322000788117e-05,0.499281670416237,6.935296550282277e-09,0.4992816704162441,2.6320519398807075e-09,0.0014041591461476227,9.805874310262393e-08,2.9238684013396224e-07
Random3879
Raw:1.0104241096782867e-05,2.122547334954224e-06,1.9873220007881028e-05,0.49928167041624055,6.935296550282326e-09,0.49928167041624055,2.6320519398807638e-09,0.0014041591461476128,9.805874310262462e-08,2.923868401339643e-07
EFT:1.0104241096782794e-05,2.122547334954209e-06,1.987322000788117e-05,0.499281670416237,6.935296550282277e-09,0.4992816704162441,2.6320519398807075e-09,0.0014041591461476227,9.805874310262393e-08,2.9238684013396224e-07
Random3880
Raw:1.0104241096782938e-05,2.122547334954239e-06,1.987322000788117e-05,0.499281670416237,6.935296550282277e-09,0.4992816704162441,2.632051939880745e-09,0.0014041591461476427,9.805874310262532e-08,2.9238684013396224e-07
EFT:1.0104241096782794e-05,2.122547334954209e-06,1.987322000788117e-05,0.499281670416237,6.935296550282277e-09,0.4992816704162441,2.6320519398807075e-09,0.0014041591461476227,9.805874310262393e-08,2.9238684013396224e-07
Random3881
Raw:1.0104241096783009e-05,2.122547334954194e-06,1.9873220007881028e-05,0.49928167041623345,6.935296550282327e-09,0.49928167041624766,2.6320519398807638e-09,0.0014041591461476327,9.805874310262462e-08,2.9238684013396436e-07
EFT:1.0104241096782794e-05,2.122547334954209e-06,1.987322000788117e-05,0.499281670416237,6.935296550282277e-09,0.4992816704162441,2.6320519398807075e-09,0.0014041591461476227,9.805874310262393e-08,2.9238684013396224e-07
Random3882
Raw:1.0104241096782938e-05,2.122547334954209e-06,1.987322000788117e-05,0.499281670416237,6.9352965502823754e-09,0.4992816704162441,2.632051939880745e-09,0.0014041591461476227,9.805874310262672e-08,2.9238684013396637e-07
EFT:1.0104241096782794e-05,2.122547334954209e-06,1.987322000788117e-05,0.499281670416237,6.935296550282277e-09,0.4992816704162441,2.6320519398807075e-09,0.0014041591461476227,9.805874310262393e-08,2.9238684013396224e-07
Random3883
Raw:1.0104241096782938e-05,2.122547334954239e-06,1.987322000788117e-05,0.499281670416237,6.935296550282277e-09,0.4992816704162441,2.632051939880745e-09,0.0014041591461476427,9.805874310262532e-08,2.9238684013396224e-07
EFT:1.0104241096782794e-05,2.122547334954209e-06,1.987322000788117e-05,0.499281670416237,6.935296550282277e-09,0.4992816704162441,2.6320519398807075e-09,0.0014041591461476227,9.805874310262393e-08,2.9238684013396224e-07
Random3884
Raw:1.010424109678301e-05,2.122547334954224e-06,1.987322000788131e-05,0.49928167041624055,6.935296550282425e-09,0.49928167041624055,2.6320519398807638e-09,0.0014041591461476327,9.805874310262602e-08,2.923868401339685e-07
EFT:1.0104241096782794e-05,2.122547334954209e-06,1.987322000788117e-05,0.499281670416237,6.935296550282277e-09,0.4992816704162441,2.6320519398807075e-09,0.0014041591461476227,9.805874310262393e-08,2.9238684013396224e-07
Random3885
Raw:1.0104241096782794e-05,2.122547334954209e-06,1.987322000788117e-05,0.499281670416237,6.935296550282277e-09,0.4992816704162441,2.632051939880745e-09,0.0014041591461476227,9.805874310262254e-08,2.9238684013396224e-07
EFT:1.0104241096782794e-05,2.122547334954209e-06,1.987322000788117e-05,0.499281670416237,6.935296550282277e-09,0.4992816704162441,2.6320519398807075e-09,0.0014041591461476227,9.805874310262393e-08,2.9238684013396224e-07
Random3886
Raw:1.0104241096782938e-05,2.122547334954209e-06,1.987322000788117e-05,0.499281670416237,6.935296550282277e-09,0.4992816704162441,2.632051939880745e-09,0.0014041591461476227,9.805874310262532e-08,2.9238684013396224e-07
EFT:1.0104241096782794e-05,2.122547334954209e-06,1.987322000788117e-05,0.499281670416237,6.935296550282277e-09,0.4992816704162441,2.6320519398807075e-09,0.0014041591461476227,9.805874310262393e-08,2.9238684013396224e-07
Random3887
Raw:1.0104241096782938e-05,2.122547334954209e-06,1.987322000788117e-05,0.499281670416237,6.9352965502823754e-09,0.4992816704162441,2.6320519398807824e-09,0.0014041591461476227,9.805874310262532e-08,2.9238684013396637e-07
EFT:1.0104241096782794e-05,2.122547334954209e-06,1.987322000788117e-05,0.499281670416237,6.935296550282277e-09,0.4992816704162441,2.6320519398807075e-09,0.0014041591461476227,9.805874310262393e-08,2.9238684013396224e-07
Random3888
Raw:1.0104241096782938e-05,2.122547334954209e-06,1.987322000788117e-05,0.499281670416237,6.935296550282277e-09,0.4992816704162441,2.632051939880745e-09,0.0014041591461476427,9.805874310262393e-08,2.9238684013396224e-07
EFT:1.0104241096782794e-05,2.122547334954209e-06,1.987322000788117e-05,0.499281670416237,6.935296550282277e-09,0.4992816704162441,2.6320519398807075e-09,0.0014041591461476227,9.805874310262393e-08,2.9238684013396224e-07
Random3889
Raw:1.0104241096782865e-05,2.122547334954194e-06,1.9873220007881028e-05,0.49928167041623345,6.935296550282228e-09,0.49928167041624766,2.632051939880726e-09,0.0014041591461476126,9.805874310262462e-08,2.9238684013396436e-07
EFT:1.0104241096782794e-05,2.122547334954209e-06,1.987322000788117e-05,0.499281670416237,6.935296550282277e-09,0.4992816704162441,2.6320519398807075e-09,0.0014041591461476227,9.805874310262393e-08,2.9238684013396224e-07
Random3890
Raw:1.0104241096783009e-05,2.122547334954224e-06,1.987322000788131e-05,0.49928167041623345,6.935296550282327e-09,0.49928167041624766,2.6320519398807638e-09,0.0014041591461476327,9.805874310262462e-08,2.923868401339685e-07
EFT:1.0104241096782794e-05,2.122547334954209e-06,1.987322000788117e-05,0.499281670416237,6.935296550282277e-09,0.4992816704162441,2.6320519398807075e-09,0.0014041591461476227,9.805874310262393e-08,2.9238684013396224e-07
Random3891
Raw:1.0104241096782867e-05,2.122547334954194e-06,1.9873220007881028e-05,0.49928167041624055,6.935296550282228e-09,0.49928167041624055,2.632051939880689e-09,0.0014041591461476128,9.805874310262462e-08,2.923868401339602e-07
EFT:1.0104241096782794e-05,2.122547334954209e-06,1.987322000788117e-05,0.499281670416237,6.935296550282277e-09,0.4992816704162441,2.6320519398807075e-09,0.0014041591461476227,9.805874310262393e-08,2.9238684013396224e-07
Random3892
Raw:1.0104241096782938e-05,2.122547334954239e-06,1.9873220007880885e-05,0.499281670416237,6.935296550282277e-09,0.4992816704162441,2.632051939880745e-09,0.0014041591461476227,9.805874310262532e-08,2.9238684013396224e-07
EFT:1.0104241096782794e-05,2.122547334954209e-06,1.987322000788117e-05,0.499281670416237,6.935296550282277e-09,0.4992816704162441,2.6320519398807075e-09,0.0014041591461476227,9.805874310262393e-08,2.9238684013396224e-07
Random3893
Raw:1.0104241096782867e-05,2.122547334954224e-06,1.987322000788131e-05,0.49928167041624055,6.935296550282326e-09,0.49928167041624055,2.6320519398807265e-09,0.0014041591461476128,9.805874310262462e-08,2.923868401339643e-07
EFT:1.0104241096782794e-05,2.122547334954209e-06,1.987322000788117e-05,0.499281670416237,6.935296550282277e-09,0.4992816704162441,2.6320519398807075e-09,0.0014041591461476227,9.805874310262393e-08,2.9238684013396224e-07
Random3894
Raw:1.0104241096782938e-05,2.122547334954239e-06,1.987322000788145e-05,0.499281670416237,6.935296550282277e-09,0.4992816704162441,2.632051939880745e-09,0.0014041591461476427,9.805874310262393e-08,2.9238684013396637e-07
EFT:1.0104241096782794e-05,2.122547334954209e-06,1.987322000788117e-05,0.499281670416237,6.935296550282277e-09,0.4992816704162441,2.6320519398807075e-09,0.0014041591461476227,9.805874310262393e-08,2.9238684013396224e-07
Random3895
Raw:1.0104241096782938e-05,2.122547334954209e-06,1.987322000788117e-05,0.499281670416237,6.935296550282277e-09,0.4992816704162441,2.632051939880745e-09,0.0014041591461476427,9.805874310262393e-08,2.9238684013396224e-07
EFT:1.0104241096782794e-05,2.122547334954209e-06,1.987322000788117e-05,0.499281670416237,6.935296550282277e-09,0.4992816704162441,2.6320519398807075e-09,0.0014041591461476227,9.805874310262393e-08,2.9238684013396224e-07
Random3896
Raw:1.0104241096782938e-05,2.122547334954239e-06,1.987322000788145e-05,0.499281670416237,6.935296550282277e-09,0.4992816704162441,2.632051939880745e-09,0.0014041591461476427,9.805874310262393e-08,2.9238684013396637e-07
EFT:1.0104241096782794e-05,2.122547334954209e-06,1.987322000788117e-05,0.499281670416237,6.935296550282277e-09,0.4992816704162441,2.6320519398807075e-09,0.0014041591461476227,9.805874310262393e-08,2.9238684013396224e-07
Random3897
Raw:1.0104241096782794e-05,2.122547334954209e-06,1.987322000788117e-05,0.499281670416237,6.935296550282277e-09,0.4992816704162441,2.632051939880745e-09,0.0014041591461476227,9.805874310262254e-08,2.9238684013396224e-07
EFT:1.0104241096782794e-05,2.122547334954209e-06,1.987322000788117e-05,0.499281670416237,6.935296550282277e-09,0.4992816704162441,2.6320519398807075e-09,0.0014041591461476227,9.805874310262393e-08,2.9238684013396224e-07
Random3898
Raw:1.0104241096782867e-05,2.122547334954224e-06,1.987322000788131e-05,0.49928167041624055,6.935296550282326e-09,0.49928167041624055,2.6320519398807265e-09,0.0014041591461476327,9.805874310262462e-08,2.923868401339643e-07
EFT:1.0104241096782794e-05,2.122547334954209e-06,1.987322000788117e-05,0.499281670416237,6.935296550282277e-09,0.4992816704162441,2.6320519398807075e-09,0.0014041591461476227,9.805874310262393e-08,2.9238684013396224e-07
Random3899
Raw:1.0104241096783009e-05,2.122547334954224e-06,1.9873220007881028e-05,0.49928167041623345,6.935296550282327e-09,0.49928167041624766,2.6320519398807638e-09,0.0014041591461476327,9.805874310262601e-08,2.9238684013396436e-07
EFT:1.0104241096782794e-05,2.122547334954209e-06,1.987322000788117e-05,0.499281670416237,6.935296550282277e-09,0.4992816704162441,2.6320519398807075e-09,0.0014041591461476227,9.805874310262393e-08,2.9238684013396224e-07
Random3900
Raw:1.0104241096782867e-05,2.122547334954224e-06,1.987322000788131e-05,0.49928167041624055,6.935296550282326e-09,0.49928167041624055,2.6320519398807638e-09,0.0014041591461476128,9.805874310262462e-08,2.923868401339643e-07
EFT:1.0104241096782794e-05,2.122547334954209e-06,1.987322000788117e-05,0.499281670416237,6.935296550282277e-09,0.4992816704162441,2.6320519398807075e-09,0.0014041591461476227,9.805874310262393e-08,2.9238684013396224e-07
Random3901
Raw:1.0104241096782938e-05,2.122547334954209e-06,1.987322000788117e-05,0.499281670416237,6.9352965502823754e-09,0.4992816704162441,2.632051939880745e-09,0.0014041591461476227,9.805874310262532e-08,2.9238684013396637e-07
EFT:1.0104241096782794e-05,2.122547334954209e-06,1.987322000788117e-05,0.499281670416237,6.935296550282277e-09,0.4992816704162441,2.6320519398807075e-09,0.0014041591461476227,9.805874310262393e-08,2.9238684013396224e-07
Random3902
Raw:1.0104241096782938e-05,2.122547334954209e-06,1.987322000788117e-05,0.499281670416237,6.935296550282277e-09,0.4992816704162441,2.632051939880745e-09,0.0014041591461476427,9.805874310262393e-08,2.9238684013396224e-07
EFT:1.0104241096782794e-05,2.122547334954209e-06,1.987322000788117e-05,0.499281670416237,6.935296550282277e-09,0.4992816704162441,2.6320519398807075e-09,0.0014041591461476227,9.805874310262393e-08,2.9238684013396224e-07
Random3903
Raw:1.0104241096782938e-05,2.122547334954209e-06,1.987322000788117e-05,0.499281670416237,6.9352965502823754e-09,0.4992816704162441,2.632051939880745e-09,0.0014041591461476227,9.805874310262532e-08,2.9238684013396637e-07
EFT:1.0104241096782794e-05,2.122547334954209e-06,1.987322000788117e-05,0.499281670416237,6.935296550282277e-09,0.4992816704162441,2.6320519398807075e-09,0.0014041591461476227,9.805874310262393e-08,2.9238684013396224e-07
Random3904
Raw:1.0104241096782938e-05,2.122547334954209e-06,1.987322000788117e-05,0.499281670416237,6.9352965502823754e-09,0.4992816704162441,2.632051939880745e-09,0.0014041591461476227,9.805874310262532e-08,2.9238684013396637e-07
EFT:1.0104241096782794e-05,2.122547334954209e-06,1.987322000788117e-05,0.499281670416237,6.935296550282277e-09,0.4992816704162441,2.6320519398807075e-09,0.0014041591461476227,9.805874310262393e-08,2.9238684013396224e-07
Random3905
Raw:1.0104241096782794e-05,2.122547334954209e-06,1.987322000788117e-05,0.499281670416237,6.935296550282277e-09,0.4992816704162441,2.632051939880745e-09,0.0014041591461476227,9.805874310262254e-08,2.9238684013396224e-07
EFT:1.0104241096782794e-05,2.122547334954209e-06,1.987322000788117e-05,0.499281670416237,6.935296550282277e-09,0.4992816704162441,2.6320519398807075e-09,0.0014041591461476227,9.805874310262393e-08,2.9238684013396224e-07
Random3906
Raw:1.0104241096782938e-05,2.122547334954209e-06,1.987322000788117e-05,0.499281670416237,6.935296550282277e-09,0.4992816704162441,2.632051939880745e-09,0.0014041591461476227,9.805874310262532e-08,2.9238684013396224e-07
EFT:1.0104241096782794e-05,2.122547334954209e-06,1.987322000788117e-05,0.499281670416237,6.935296550282277e-09,0.4992816704162441,2.6320519398807075e-09,0.0014041591461476227,9.805874310262393e-08,2.9238684013396224e-07
Random3907
Raw:1.0104241096783009e-05,2.122547334954224e-06,1.987322000788131e-05,0.49928167041623345,6.935296550282327e-09,0.49928167041624766,2.6320519398807638e-09,0.0014041591461476327,9.805874310262462e-08,2.923868401339685e-07
EFT:1.0104241096782794e-05,2.122547334954209e-06,1.987322000788117e-05,0.499281670416237,6.935296550282277e-09,0.4992816704162441,2.6320519398807075e-09,0.0014041591461476227,9.805874310262393e-08,2.9238684013396224e-07
Random3908
Raw:1.0104241096782938e-05,2.122547334954209e-06,1.987322000788117e-05,0.499281670416237,6.935296550282277e-09,0.4992816704162441,2.632051939880745e-09,0.0014041591461476227,9.805874310262532e-08,2.9238684013396224e-07
EFT:1.0104241096782794e-05,2.122547334954209e-06,1.987322000788117e-05,0.499281670416237,6.935296550282277e-09,0.4992816704162441,2.6320519398807075e-09,0.0014041591461476227,9.805874310262393e-08,2.9238684013396224e-07
Random3909
Raw:1.0104241096782867e-05,2.122547334954224e-06,1.987322000788131e-05,0.49928167041624055,6.935296550282326e-09,0.49928167041624055,2.6320519398807265e-09,0.0014041591461476327,9.805874310262462e-08,2.923868401339643e-07
EFT:1.0104241096782794e-05,2.122547334954209e-06,1.987322000788117e-05,0.499281670416237,6.935296550282277e-09,0.4992816704162441,2.6320519398807075e-09,0.0014041591461476227,9.805874310262393e-08,2.9238684013396224e-07
Random3910
Raw:1.0104241096782938e-05,2.122547334954209e-06,1.987322000788117e-05,0.499281670416237,6.9352965502823754e-09,0.4992816704162441,2.6320519398807824e-09,0.0014041591461476227,9.805874310262532e-08,2.9238684013396637e-07
EFT:1.0104241096782794e-05,2.122547334954209e-06,1.987322000788117e-05,0.499281670416237,6.935296550282277e-09,0.4992816704162441,2.6320519398807075e-09,0.0014041591461476227,9.805874310262393e-08,2.9238684013396224e-07
Random3911
Raw:1.0104241096782723e-05,2.122547334954194e-06,1.9873220007881028e-05,0.49928167041624055,6.93529655028213e-09,0.49928167041624055,2.6320519398806513e-09,0.0014041591461476128,9.805874310262323e-08,2.923868401339602e-07
EFT:1.0104241096782794e-05,2.122547334954209e-06,1.987322000788117e-05,0.499281670416237,6.935296550282277e-09,0.4992816704162441,2.6320519398807075e-09,0.0014041591461476227,9.805874310262393e-08,2.9238684013396224e-07
Random3912
Raw:1.0104241096782938e-05,2.122547334954239e-06,1.987322000788145e-05,0.499281670416237,6.935296550282277e-09,0.4992816704162441,2.632051939880745e-09,0.0014041591461476427,9.805874310262393e-08,2.9238684013396637e-07
EFT:1.0104241096782794e-05,2.122547334954209e-06,1.987322000788117e-05,0.499281670416237,6.935296550282277e-09,0.4992816704162441,2.6320519398807075e-09,0.0014041591461476227,9.805874310262393e-08,2.9238684013396224e-07
Random3913
Raw:1.0104241096782867e-05,2.122547334954194e-06,1.9873220007881028e-05,0.49928167041624055,6.935296550282326e-09,0.49928167041624055,2.6320519398807265e-09,0.0014041591461476128,9.805874310262323e-08,2.923868401339643e-07
EFT:1.0104241096782794e-05,2.122547334954209e-06,1.987322000788117e-05,0.499281670416237,6.935296550282277e-09,0.4992816704162441,2.6320519398807075e-09,0.0014041591461476227,9.805874310262393e-08,2.9238684013396224e-07
Random3914
Raw:1.0104241096782794e-05,2.122547334954209e-06,1.987322000788117e-05,0.499281670416237,6.935296550282277e-09,0.4992816704162441,2.632051939880745e-09,0.0014041591461476227,9.805874310262254e-08,2.9238684013396224e-07
EFT:1.0104241096782794e-05,2.122547334954209e-06,1.987322000788117e-05,0.499281670416237,6.935296550282277e-09,0.4992816704162441,2.6320519398807075e-09,0.0014041591461476227,9.805874310262393e-08,2.9238684013396224e-07
Random3915
Raw:1.0104241096782867e-05,2.122547334954194e-06,1.9873220007881028e-05,0.49928167041624055,6.935296550282326e-09,0.49928167041624055,2.6320519398807265e-09,0.0014041591461476128,9.805874310262323e-08,2.923868401339643e-07
EFT:1.0104241096782794e-05,2.122547334954209e-06,1.987322000788117e-05,0.499281670416237,6.935296550282277e-09,0.4992816704162441,2.6320519398807075e-09,0.0014041591461476227,9.805874310262393e-08,2.9238684013396224e-07
Random3916
Raw:1.0104241096783009e-05,2.122547334954194e-06,1.9873220007881028e-05,0.49928167041623345,6.935296550282327e-09,0.49928167041624766,2.6320519398807638e-09,0.0014041591461476126,9.805874310262601e-08,2.9238684013396436e-07
EFT:1.0104241096782794e-05,2.122547334954209e-06,1.987322000788117e-05,0.499281670416237,6.935296550282277e-09,0.4992816704162441,2.6320519398807075e-09,0.0014041591461476227,9.805874310262393e-08,2.9238684013396224e-07
Random3917
Raw:1.0104241096782865e-05,2.122547334954194e-06,1.9873220007881028e-05,0.49928167041623345,6.935296550282228e-09,0.49928167041624766,2.632051939880726e-09,0.0014041591461476126,9.805874310262462e-08,2.9238684013396436e-07
EFT:1.0104241096782794e-05,2.122547334954209e-06,1.987322000788117e-05,0.499281670416237,6.935296550282277e-09,0.4992816704162441,2.6320519398807075e-09,0.0014041591461476227,9.805874310262393e-08,2.9238684013396224e-07
Random3918
Raw:1.0104241096782938e-05,2.122547334954239e-06,1.987322000788145e-05,0.499281670416237,6.935296550282277e-09,0.4992816704162441,2.632051939880745e-09,0.0014041591461476427,9.805874310262393e-08,2.9238684013396637e-07
EFT:1.0104241096782794e-05,2.122547334954209e-06,1.987322000788117e-05,0.499281670416237,6.935296550282277e-09,0.4992816704162441,2.6320519398807075e-09,0.0014041591461476227,9.805874310262393e-08,2.9238684013396224e-07
Random3919
Raw:1.0104241096782938e-05,2.122547334954209e-06,1.987322000788117e-05,0.499281670416237,6.935296550282277e-09,0.4992816704162441,2.632051939880745e-09,0.0014041591461476227,9.805874310262393e-08,2.9238684013396637e-07
EFT:1.0104241096782794e-05,2.122547334954209e-06,1.987322000788117e-05,0.499281670416237,6.935296550282277e-09,0.4992816704162441,2.6320519398807075e-09,0.0014041591461476227,9.805874310262393e-08,2.9238684013396224e-07
Random3920
Raw:1.0104241096782867e-05,2.122547334954224e-06,1.9873220007881028e-05,0.49928167041624055,6.935296550282326e-09,0.49928167041624055,2.6320519398807265e-09,0.0014041591461476128,9.805874310262462e-08,2.923868401339643e-07
EFT:1.0104241096782794e-05,2.122547334954209e-06,1.987322000788117e-05,0.499281670416237,6.935296550282277e-09,0.4992816704162441,2.6320519398807075e-09,0.0014041591461476227,9.805874310262393e-08,2.9238684013396224e-07
Random3921
Raw:1.0104241096782938e-05,2.122547334954209e-06,1.987322000788117e-05,0.499281670416237,6.9352965502823754e-09,0.4992816704162441,2.6320519398807824e-09,0.0014041591461476227,9.805874310262532e-08,2.9238684013396637e-07
EFT:1.0104241096782794e-05,2.122547334954209e-06,1.987322000788117e-05,0.499281670416237,6.935296550282277e-09,0.4992816704162441,2.6320519398807075e-09,0.0014041591461476227,9.805874310262393e-08,2.9238684013396224e-07
Random3922
Raw:1.0104241096782938e-05,2.122547334954209e-06,1.987322000788117e-05,0.499281670416237,6.9352965502823754e-09,0.4992816704162441,2.632051939880745e-09,0.0014041591461476227,9.805874310262672e-08,2.9238684013396637e-07
EFT:1.0104241096782794e-05,2.122547334954209e-06,1.987322000788117e-05,0.499281670416237,6.935296550282277e-09,0.4992816704162441,2.6320519398807075e-09,0.0014041591461476227,9.805874310262393e-08,2.9238684013396224e-07
Random3923
Raw:1.0104241096783009e-05,2.122547334954224e-06,1.9873220007881028e-05,0.49928167041623345,6.935296550282327e-09,0.49928167041624766,2.6320519398807638e-09,0.0014041591461476327,9.805874310262601e-08,2.9238684013396436e-07
EFT:1.0104241096782794e-05,2.122547334954209e-06,1.987322000788117e-05,0.499281670416237,6.935296550282277e-09,0.4992816704162441,2.6320519398807075e-09,0.0014041591461476227,9.805874310262393e-08,2.9238684013396224e-07
Random3924
Raw:1.0104241096782865e-05,2.122547334954194e-06,1.9873220007880747e-05,0.49928167041623345,6.935296550282327e-09,0.49928167041624766,2.6320519398807638e-09,0.0014041591461475926,9.805874310262462e-08,2.9238684013396436e-07
EFT:1.0104241096782794e-05,2.122547334954209e-06,1.987322000788117e-05,0.499281670416237,6.935296550282277e-09,0.4992816704162441,2.6320519398807075e-09,0.0014041591461476227,9.805874310262393e-08,2.9238684013396224e-07
Random3925
Raw:1.0104241096782938e-05,2.122547334954209e-06,1.987322000788117e-05,0.499281670416237,6.9352965502823754e-09,0.4992816704162441,2.632051939880745e-09,0.0014041591461476227,9.805874310262532e-08,2.9238684013396637e-07
EFT:1.0104241096782794e-05,2.122547334954209e-06,1.987322000788117e-05,0.499281670416237,6.935296550282277e-09,0.4992816704162441,2.6320519398807075e-09,0.0014041591461476227,9.805874310262393e-08,2.9238684013396224e-07
Random3926
Raw:1.0104241096783009e-05,2.122547334954194e-06,1.9873220007881028e-05,0.49928167041623345,6.935296550282327e-09,0.49928167041624766,2.6320519398807638e-09,0.0014041591461476126,9.805874310262601e-08,2.9238684013396436e-07
EFT:1.0104241096782794e-05,2.122547334954209e-06,1.987322000788117e-05,0.499281670416237,6.935296550282277e-09,0.4992816704162441,2.6320519398807075e-09,0.0014041591461476227,9.805874310262393e-08,2.9238684013396224e-07
Random3927
Raw:1.0104241096782865e-05,2.122547334954194e-06,1.9873220007881028e-05,0.49928167041623345,6.935296550282228e-09,0.49928167041624766,2.632051939880726e-09,0.0014041591461476327,9.805874310262324e-08,2.923868401339602e-07
EFT:1.0104241096782794e-05,2.122547334954209e-06,1.987322000788117e-05,0.499281670416237,6.935296550282277e-09,0.4992816704162441,2.6320519398807075e-09,0.0014041591461476227,9.805874310262393e-08,2.9238684013396224e-07
Random3928
Raw:1.0104241096783009e-05,2.122547334954224e-06,1.9873220007881028e-05,0.49928167041623345,6.935296550282327e-09,0.49928167041624766,2.6320519398807638e-09,0.0014041591461476327,9.805874310262601e-08,2.9238684013396436e-07
EFT:1.0104241096782794e-05,2.122547334954209e-06,1.987322000788117e-05,0.499281670416237,6.935296550282277e-09,0.4992816704162441,2.6320519398807075e-09,0.0014041591461476227,9.805874310262393e-08,2.9238684013396224e-07
Random3929
Raw:1.0104241096782867e-05,2.122547334954194e-06,1.9873220007881028e-05,0.49928167041624055,6.935296550282326e-09,0.49928167041624055,2.6320519398807265e-09,0.0014041591461476128,9.805874310262323e-08,2.923868401339643e-07
EFT:1.0104241096782794e-05,2.122547334954209e-06,1.987322000788117e-05,0.499281670416237,6.935296550282277e-09,0.4992816704162441,2.6320519398807075e-09,0.0014041591461476227,9.805874310262393e-08,2.9238684013396224e-07
Random3930
Raw:1.0104241096782938e-05,2.122547334954209e-06,1.9873220007880885e-05,0.499281670416237,6.935296550282277e-09,0.4992816704162441,2.632051939880745e-09,0.0014041591461476227,9.805874310262532e-08,2.9238684013396224e-07
EFT:1.0104241096782794e-05,2.122547334954209e-06,1.987322000788117e-05,0.499281670416237,6.935296550282277e-09,0.4992816704162441,2.6320519398807075e-09,0.0014041591461476227,9.805874310262393e-08,2.9238684013396224e-07
Random3931
Raw:1.0104241096782938e-05,2.122547334954209e-06,1.9873220007880885e-05,0.499281670416237,6.935296550282277e-09,0.4992816704162441,2.632051939880745e-09,0.0014041591461476227,9.805874310262532e-08,2.9238684013396224e-07
EFT:1.0104241096782794e-05,2.122547334954209e-06,1.987322000788117e-05,0.499281670416237,6.935296550282277e-09,0.4992816704162441,2.6320519398807075e-09,0.0014041591461476227,9.805874310262393e-08,2.9238684013396224e-07
Random3932
Raw:1.0104241096782938e-05,2.1225473349541788e-06,1.9873220007880885e-05,0.499281670416237,6.935296550282277e-09,0.4992816704162441,2.632051939880745e-09,0.0014041591461476026,9.805874310262532e-08,2.9238684013396224e-07
EFT:1.0104241096782794e-05,2.122547334954209e-06,1.987322000788117e-05,0.499281670416237,6.935296550282277e-09,0.4992816704162441,2.6320519398807075e-09,0.0014041591461476227,9.805874310262393e-08,2.9238684013396224e-07
Random3933
Raw:1.0104241096782865e-05,2.122547334954194e-06,1.9873220007881028e-05,0.49928167041623345,6.935296550282327e-09,0.49928167041624766,2.632051939880726e-09,0.0014041591461476126,9.805874310262462e-08,2.9238684013396436e-07
EFT:1.0104241096782794e-05,2.122547334954209e-06,1.987322000788117e-05,0.499281670416237,6.935296550282277e-09,0.4992816704162441,2.6320519398807075e-09,0.0014041591461476227,9.805874310262393e-08,2.9238684013396224e-07
Random3934
Raw:1.0104241096782794e-05,2.122547334954209e-06,1.987322000788117e-05,0.499281670416237,6.9352965502821786e-09,0.4992816704162441,2.6320519398807075e-09,0.0014041591461476026,9.805874310262393e-08,2.9238684013396224e-07
EFT:1.0104241096782794e-05,2.122547334954209e-06,1.987322000788117e-05,0.499281670416237,6.935296550282277e-09,0.4992816704162441,2.6320519398807075e-09,0.0014041591461476227,9.805874310262393e-08,2.9238684013396224e-07
Random3935
Raw:1.0104241096782938e-05,2.122547334954209e-06,1.987322000788117e-05,0.499281670416237,6.9352965502823754e-09,0.4992816704162441,2.632051939880745e-09,0.0014041591461476227,9.805874310262393e-08,2.9238684013396637e-07
EFT:1.0104241096782794e-05,2.122547334954209e-06,1.987322000788117e-05,0.499281670416237,6.935296550282277e-09,0.4992816704162441,2.6320519398807075e-09,0.0014041591461476227,9.805874310262393e-08,2.9238684013396224e-07
Random3936
Raw:1.0104241096782867e-05,2.122547334954224e-06,1.987322000788131e-05,0.49928167041624055,6.935296550282326e-09,0.49928167041624055,2.6320519398807265e-09,0.0014041591461476327,9.805874310262323e-08,2.923868401339643e-07
EFT:1.0104241096782794e-05,2.122547334954209e-06,1.987322000788117e-05,0.499281670416237,6.935296550282277e-09,0.4992816704162441,2.6320519398807075e-09,0.0014041591461476227,9.805874310262393e-08,2.9238684013396224e-07
Random3937
Raw:1.0104241096783009e-05,2.122547334954224e-06,1.987322000788131e-05,0.49928167041623345,6.935296550282327e-09,0.49928167041624766,2.6320519398807638e-09,0.0014041591461476327,9.805874310262601e-08,2.9238684013396436e-07
EFT:1.0104241096782794e-05,2.122547334954209e-06,1.987322000788117e-05,0.499281670416237,6.935296550282277e-09,0.4992816704162441,2.6320519398807075e-09,0.0014041591461476227,9.805874310262393e-08,2.9238684013396224e-07
Random3938
Raw:1.0104241096782938e-05,2.122547334954209e-06,1.9873220007880885e-05,0.499281670416237,6.935296550282277e-09,0.4992816704162441,2.632051939880745e-09,0.0014041591461476227,9.805874310262532e-08,2.9238684013396224e-07
EFT:1.0104241096782794e-05,2.122547334954209e-06,1.987322000788117e-05,0.499281670416237,6.935296550282277e-09,0.4992816704162441,2.6320519398807075e-09,0.0014041591461476227,9.805874310262393e-08,2.9238684013396224e-07
Random3939
Raw:1.0104241096782794e-05,2.122547334954209e-06,1.987322000788117e-05,0.499281670416237,6.9352965502821786e-09,0.4992816704162441,2.6320519398807075e-09,0.0014041591461476227,9.805874310262393e-08,2.9238684013396224e-07
EFT:1.0104241096782794e-05,2.122547334954209e-06,1.987322000788117e-05,0.499281670416237,6.935296550282277e-09,0.4992816704162441,2.6320519398807075e-09,0.0014041591461476227,9.805874310262393e-08,2.9238684013396224e-07
Random3940
Raw:1.0104241096782865e-05,2.122547334954194e-06,1.9873220007881028e-05,0.49928167041623345,6.935296550282327e-09,0.49928167041624766,2.6320519398807638e-09,0.0014041591461476126,9.805874310262324e-08,2.9238684013396436e-07
EFT:1.0104241096782794e-05,2.122547334954209e-06,1.987322000788117e-05,0.499281670416237,6.935296550282277e-09,0.4992816704162441,2.6320519398807075e-09,0.0014041591461476227,9.805874310262393e-08,2.9238684013396224e-07
Random3941
Raw:1.010424109678301e-05,2.1225473349542546e-06,1.9873220007881594e-05,0.49928167041624055,6.935296550282425e-09,0.49928167041624055,2.6320519398807638e-09,0.0014041591461476527,9.805874310262741e-08,2.923868401339685e-07
EFT:1.0104241096782794e-05,2.122547334954209e-06,1.987322000788117e-05,0.499281670416237,6.935296550282277e-09,0.4992816704162441,2.6320519398807075e-09,0.0014041591461476227,9.805874310262393e-08,2.9238684013396224e-07
Random3942
Raw:1.0104241096782938e-05,2.122547334954239e-06,1.9873220007880885e-05,0.499281670416237,6.935296550282277e-09,0.4992816704162441,2.632051939880745e-09,0.0014041591461476227,9.805874310262532e-08,2.9238684013396224e-07
EFT:1.0104241096782794e-05,2.122547334954209e-06,1.987322000788117e-05,0.499281670416237,6.935296550282277e-09,0.4992816704162441,2.6320519398807075e-09,0.0014041591461476227,9.805874310262393e-08,2.9238684013396224e-07
Random3943
Raw:1.0104241096782938e-05,2.122547334954209e-06,1.987322000788117e-05,0.499281670416237,6.9352965502823754e-09,0.4992816704162441,2.632051939880745e-09,0.0014041591461476227,9.805874310262393e-08,2.9238684013396637e-07
EFT:1.0104241096782794e-05,2.122547334954209e-06,1.987322000788117e-05,0.499281670416237,6.935296550282277e-09,0.4992816704162441,2.6320519398807075e-09,0.0014041591461476227,9.805874310262393e-08,2.9238684013396224e-07
Random3944
Raw:1.0104241096782867e-05,2.122547334954194e-06,1.9873220007881028e-05,0.49928167041624055,6.935296550282326e-09,0.49928167041624055,2.6320519398807265e-09,0.0014041591461476128,9.805874310262323e-08,2.923868401339643e-07
EFT:1.0104241096782794e-05,2.122547334954209e-06,1.987322000788117e-05,0.499281670416237,6.935296550282277e-09,0.4992816704162441,2.6320519398807075e-09,0.0014041591461476227,9.805874310262393e-08,2.9238684013396224e-07
Random3945
Raw:1.0104241096782938e-05,2.122547334954209e-06,1.987322000788117e-05,0.499281670416237,6.9352965502823754e-09,0.4992816704162441,2.632051939880745e-09,0.0014041591461476227,9.805874310262532e-08,2.9238684013396637e-07
EFT:1.0104241096782794e-05,2.122547334954209e-06,1.987322000788117e-05,0.499281670416237,6.935296550282277e-09,0.4992816704162441,2.6320519398807075e-09,0.0014041591461476227,9.805874310262393e-08,2.9238684013396224e-07
Random3946
Raw:1.0104241096782938e-05,2.122547334954209e-06,1.987322000788117e-05,0.499281670416237,6.935296550282277e-09,0.4992816704162441,2.632051939880745e-09,0.0014041591461476427,9.805874310262393e-08,2.9238684013396224e-07
EFT:1.0104241096782794e-05,2.122547334954209e-06,1.987322000788117e-05,0.499281670416237,6.935296550282277e-09,0.4992816704162441,2.6320519398807075e-09,0.0014041591461476227,9.805874310262393e-08,2.9238684013396224e-07
Random3947
Raw:1.0104241096783009e-05,2.122547334954224e-06,1.987322000788131e-05,0.49928167041623345,6.935296550282327e-09,0.49928167041624766,2.6320519398807638e-09,0.0014041591461476327,9.805874310262601e-08,2.9238684013396436e-07
EFT:1.0104241096782794e-05,2.122547334954209e-06,1.987322000788117e-05,0.499281670416237,6.935296550282277e-09,0.4992816704162441,2.6320519398807075e-09,0.0014041591461476227,9.805874310262393e-08,2.9238684013396224e-07
Random3948
Raw:1.0104241096782938e-05,2.122547334954209e-06,1.987322000788117e-05,0.499281670416237,6.9352965502823754e-09,0.4992816704162441,2.632051939880745e-09,0.0014041591461476227,9.805874310262532e-08,2.9238684013396637e-07
EFT:1.0104241096782794e-05,2.122547334954209e-06,1.987322000788117e-05,0.499281670416237,6.935296550282277e-09,0.4992816704162441,2.6320519398807075e-09,0.0014041591461476227,9.805874310262393e-08,2.9238684013396224e-07
Random3949
Raw:1.0104241096782938e-05,2.122547334954239e-06,1.987322000788117e-05,0.499281670416237,6.935296550282277e-09,0.4992816704162441,2.632051939880745e-09,0.0014041591461476427,9.805874310262532e-08,2.9238684013396224e-07
EFT:1.0104241096782794e-05,2.122547334954209e-06,1.987322000788117e-05,0.499281670416237,6.935296550282277e-09,0.4992816704162441,2.6320519398807075e-09,0.0014041591461476227,9.805874310262393e-08,2.9238684013396224e-07
Random3950
Raw:1.0104241096782867e-05,2.122547334954194e-06,1.9873220007881028e-05,0.49928167041624055,6.935296550282326e-09,0.49928167041624055,2.6320519398807265e-09,0.0014041591461476128,9.805874310262602e-08,2.923868401339643e-07
EFT:1.0104241096782794e-05,2.122547334954209e-06,1.987322000788117e-05,0.499281670416237,6.935296550282277e-09,0.4992816704162441,2.6320519398807075e-09,0.0014041591461476227,9.805874310262393e-08,2.9238684013396224e-07
Random3951
Raw:1.0104241096782938e-05,2.122547334954239e-06,1.987322000788145e-05,0.499281670416237,6.935296550282277e-09,0.4992816704162441,2.632051939880745e-09,0.0014041591461476427,9.805874310262393e-08,2.9238684013396637e-07
EFT:1.0104241096782794e-05,2.122547334954209e-06,1.987322000788117e-05,0.499281670416237,6.935296550282277e-09,0.4992816704162441,2.6320519398807075e-09,0.0014041591461476227,9.805874310262393e-08,2.9238684013396224e-07
Random3952
Raw:1.0104241096782794e-05,2.122547334954209e-06,1.987322000788117e-05,0.499281670416237,6.935296550282277e-09,0.4992816704162441,2.632051939880745e-09,0.0014041591461476227,9.805874310262254e-08,2.9238684013396224e-07
EFT:1.0104241096782794e-05,2.122547334954209e-06,1.987322000788117e-05,0.499281670416237,6.935296550282277e-09,0.4992816704162441,2.6320519398807075e-09,0.0014041591461476227,9.805874310262393e-08,2.9238684013396224e-07
Random3953
Raw:1.0104241096782938e-05,2.122547334954209e-06,1.987322000788117e-05,0.499281670416237,6.935296550282277e-09,0.4992816704162441,2.632051939880745e-09,0.0014041591461476427,9.805874310262393e-08,2.9238684013396224e-07
EFT:1.0104241096782794e-05,2.122547334954209e-06,1.987322000788117e-05,0.499281670416237,6.935296550282277e-09,0.4992816704162441,2.6320519398807075e-09,0.0014041591461476227,9.805874310262393e-08,2.9238684013396224e-07
Random3954
Raw:1.0104241096782938e-05,2.122547334954239e-06,1.987322000788145e-05,0.499281670416237,6.935296550282277e-09,0.4992816704162441,2.632051939880745e-09,0.0014041591461476427,9.805874310262532e-08,2.9238684013396224e-07
EFT:1.0104241096782794e-05,2.122547334954209e-06,1.987322000788117e-05,0.499281670416237,6.935296550282277e-09,0.4992816704162441,2.6320519398807075e-09,0.0014041591461476227,9.805874310262393e-08,2.9238684013396224e-07
Random3955
Raw:1.0104241096782938e-05,2.122547334954209e-06,1.9873220007880885e-05,0.499281670416237,6.935296550282277e-09,0.4992816704162441,2.632051939880745e-09,0.0014041591461476227,9.805874310262532e-08,2.9238684013396224e-07
EFT:1.0104241096782794e-05,2.122547334954209e-06,1.987322000788117e-05,0.499281670416237,6.935296550282277e-09,0.4992816704162441,2.6320519398807075e-09,0.0014041591461476227,9.805874310262393e-08,2.9238684013396224e-07
Random3956
Raw:1.0104241096782938e-05,2.122547334954209e-06,1.9873220007880885e-05,0.499281670416237,6.935296550282277e-09,0.4992816704162441,2.632051939880745e-09,0.0014041591461476227,9.805874310262393e-08,2.9238684013396224e-07
EFT:1.0104241096782794e-05,2.122547334954209e-06,1.987322000788117e-05,0.499281670416237,6.935296550282277e-09,0.4992816704162441,2.6320519398807075e-09,0.0014041591461476227,9.805874310262393e-08,2.9238684013396224e-07
Random3957
Raw:1.0104241096782867e-05,2.122547334954224e-06,1.987322000788131e-05,0.49928167041624055,6.935296550282326e-09,0.49928167041624055,2.6320519398807638e-09,0.0014041591461476128,9.805874310262462e-08,2.923868401339643e-07
EFT:1.0104241096782794e-05,2.122547334954209e-06,1.987322000788117e-05,0.499281670416237,6.935296550282277e-09,0.4992816704162441,2.6320519398807075e-09,0.0014041591461476227,9.805874310262393e-08,2.9238684013396224e-07
Random3958
Raw:1.0104241096782794e-05,2.122547334954209e-06,1.9873220007880885e-05,0.499281670416237,6.935296550282277e-09,0.4992816704162441,2.632051939880745e-09,0.0014041591461476227,9.805874310262254e-08,2.9238684013396224e-07
EFT:1.0104241096782794e-05,2.122547334954209e-06,1.987322000788117e-05,0.499281670416237,6.935296550282277e-09,0.4992816704162441,2.6320519398807075e-09,0.0014041591461476227,9.805874310262393e-08,2.9238684013396224e-07
Random3959
Raw:1.0104241096782867e-05,2.122547334954224e-06,1.9873220007881028e-05,0.49928167041624055,6.935296550282326e-09,0.49928167041624055,2.6320519398807265e-09,0.0014041591461476327,9.805874310262323e-08,2.923868401339643e-07
EFT:1.0104241096782794e-05,2.122547334954209e-06,1.987322000788117e-05,0.499281670416237,6.935296550282277e-09,0.4992816704162441,2.6320519398807075e-09,0.0014041591461476227,9.805874310262393e-08,2.9238684013396224e-07
Random3960
Raw:1.010424109678301e-05,2.122547334954224e-06,1.987322000788131e-05,0.49928167041624055,6.935296550282425e-09,0.49928167041624055,2.6320519398807638e-09,0.0014041591461476327,9.805874310262462e-08,2.923868401339643e-07
EFT:1.0104241096782794e-05,2.122547334954209e-06,1.987322000788117e-05,0.499281670416237,6.935296550282277e-09,0.4992816704162441,2.6320519398807075e-09,0.0014041591461476227,9.805874310262393e-08,2.9238684013396224e-07
Random3961
Raw:1.0104241096783009e-05,2.122547334954224e-06,1.987322000788131e-05,0.49928167041623345,6.935296550282327e-09,0.49928167041624766,2.6320519398807638e-09,0.0014041591461476327,9.805874310262462e-08,2.923868401339685e-07
EFT:1.0104241096782794e-05,2.122547334954209e-06,1.987322000788117e-05,0.499281670416237,6.935296550282277e-09,0.4992816704162441,2.6320519398807075e-09,0.0014041591461476227,9.805874310262393e-08,2.9238684013396224e-07
Random3962
Raw:1.0104241096782938e-05,2.122547334954209e-06,1.987322000788117e-05,0.499281670416237,6.9352965502823754e-09,0.4992816704162441,2.6320519398807824e-09,0.0014041591461476227,9.805874310262532e-08,2.9238684013396637e-07
EFT:1.0104241096782794e-05,2.122547334954209e-06,1.987322000788117e-05,0.499281670416237,6.935296550282277e-09,0.4992816704162441,2.6320519398807075e-09,0.0014041591461476227,9.805874310262393e-08,2.9238684013396224e-07
Random3963
Raw:1.0104241096782938e-05,2.122547334954209e-06,1.987322000788117e-05,0.499281670416237,6.9352965502823754e-09,0.4992816704162441,2.6320519398807824e-09,0.0014041591461476227,9.805874310262532e-08,2.9238684013396637e-07
EFT:1.0104241096782794e-05,2.122547334954209e-06,1.987322000788117e-05,0.499281670416237,6.935296550282277e-09,0.4992816704162441,2.6320519398807075e-09,0.0014041591461476227,9.805874310262393e-08,2.9238684013396224e-07
Random3964
Raw:1.0104241096783009e-05,2.122547334954224e-06,1.987322000788131e-05,0.49928167041623345,6.935296550282327e-09,0.49928167041624766,2.6320519398807638e-09,0.0014041591461476327,9.805874310262462e-08,2.923868401339685e-07
EFT:1.0104241096782794e-05,2.122547334954209e-06,1.987322000788117e-05,0.499281670416237,6.935296550282277e-09,0.4992816704162441,2.6320519398807075e-09,0.0014041591461476227,9.805874310262393e-08,2.9238684013396224e-07
Random3965
Raw:1.0104241096782865e-05,2.122547334954194e-06,1.9873220007881028e-05,0.49928167041623345,6.935296550282228e-09,0.49928167041624766,2.632051939880726e-09,0.0014041591461476327,9.805874310262324e-08,2.923868401339602e-07
EFT:1.0104241096782794e-05,2.122547334954209e-06,1.987322000788117e-05,0.499281670416237,6.935296550282277e-09,0.4992816704162441,2.6320519398807075e-09,0.0014041591461476227,9.805874310262393e-08,2.9238684013396224e-07
Random3966
Raw:1.0104241096782867e-05,2.122547334954224e-06,1.987322000788131e-05,0.49928167041624055,6.935296550282326e-09,0.49928167041624055,2.6320519398807265e-09,0.0014041591461476327,9.805874310262323e-08,2.923868401339643e-07
EFT:1.0104241096782794e-05,2.122547334954209e-06,1.987322000788117e-05,0.499281670416237,6.935296550282277e-09,0.4992816704162441,2.6320519398807075e-09,0.0014041591461476227,9.805874310262393e-08,2.9238684013396224e-07
Random3967
Raw:1.0104241096782723e-05,2.122547334954194e-06,1.9873220007881028e-05,0.49928167041624055,6.935296550282228e-09,0.49928167041624055,2.632051939880689e-09,0.0014041591461476128,9.805874310262184e-08,2.923868401339602e-07
EFT:1.0104241096782794e-05,2.122547334954209e-06,1.987322000788117e-05,0.499281670416237,6.935296550282277e-09,0.4992816704162441,2.6320519398807075e-09,0.0014041591461476227,9.805874310262393e-08,2.9238684013396224e-07
Random3968
Raw:1.0104241096783009e-05,2.122547334954194e-06,1.9873220007881028e-05,0.49928167041623345,6.935296550282327e-09,0.49928167041624766,2.6320519398807638e-09,0.0014041591461476327,9.805874310262462e-08,2.9238684013396436e-07
EFT:1.0104241096782794e-05,2.122547334954209e-06,1.987322000788117e-05,0.499281670416237,6.935296550282277e-09,0.4992816704162441,2.6320519398807075e-09,0.0014041591461476227,9.805874310262393e-08,2.9238684013396224e-07
Random3969
Raw:1.0104241096783009e-05,2.122547334954224e-06,1.9873220007881028e-05,0.49928167041623345,6.935296550282327e-09,0.49928167041624766,2.6320519398807638e-09,0.0014041591461476327,9.805874310262601e-08,2.9238684013396436e-07
EFT:1.0104241096782794e-05,2.122547334954209e-06,1.987322000788117e-05,0.499281670416237,6.935296550282277e-09,0.4992816704162441,2.6320519398807075e-09,0.0014041591461476227,9.805874310262393e-08,2.9238684013396224e-07
Random3970
Raw:1.0104241096782938e-05,2.122547334954239e-06,1.987322000788145e-05,0.499281670416237,6.935296550282277e-09,0.4992816704162441,2.632051939880745e-09,0.0014041591461476427,9.805874310262393e-08,2.9238684013396637e-07
EFT:1.0104241096782794e-05,2.122547334954209e-06,1.987322000788117e-05,0.499281670416237,6.935296550282277e-09,0.4992816704162441,2.6320519398807075e-09,0.0014041591461476227,9.805874310262393e-08,2.9238684013396224e-07
Random3971
Raw:1.0104241096782867e-05,2.122547334954224e-06,1.987322000788131e-05,0.49928167041624055,6.935296550282326e-09,0.49928167041624055,2.6320519398807265e-09,0.0014041591461476128,9.805874310262462e-08,2.923868401339643e-07
EFT:1.0104241096782794e-05,2.122547334954209e-06,1.987322000788117e-05,0.499281670416237,6.935296550282277e-09,0.4992816704162441,2.6320519398807075e-09,0.0014041591461476227,9.805874310262393e-08,2.9238684013396224e-07
Random3972
Raw:1.0104241096782938e-05,2.122547334954239e-06,1.987322000788145e-05,0.499281670416237,6.935296550282277e-09,0.4992816704162441,2.632051939880745e-09,0.0014041591461476427,9.805874310262532e-08,2.9238684013396224e-07
EFT:1.0104241096782794e-05,2.122547334954209e-06,1.987322000788117e-05,0.499281670416237,6.935296550282277e-09,0.4992816704162441,2.6320519398807075e-09,0.0014041591461476227,9.805874310262393e-08,2.9238684013396224e-07
Random3973
Raw:1.0104241096782867e-05,2.122547334954224e-06,1.9873220007881028e-05,0.49928167041624055,6.935296550282326e-09,0.49928167041624055,2.6320519398807265e-09,0.0014041591461476128,9.805874310262462e-08,2.923868401339643e-07
EFT:1.0104241096782794e-05,2.122547334954209e-06,1.987322000788117e-05,0.499281670416237,6.935296550282277e-09,0.4992816704162441,2.6320519398807075e-09,0.0014041591461476227,9.805874310262393e-08,2.9238684013396224e-07
Random3974
Raw:1.0104241096782938e-05,2.122547334954209e-06,1.987322000788117e-05,0.499281670416237,6.9352965502823754e-09,0.4992816704162441,2.632051939880745e-09,0.0014041591461476227,9.805874310262532e-08,2.9238684013396637e-07
EFT:1.0104241096782794e-05,2.122547334954209e-06,1.987322000788117e-05,0.499281670416237,6.935296550282277e-09,0.4992816704162441,2.6320519398807075e-09,0.0014041591461476227,9.805874310262393e-08,2.9238684013396224e-07
Random3975
Raw:1.0104241096783009e-05,2.122547334954224e-06,1.987322000788131e-05,0.49928167041623345,6.935296550282327e-09,0.49928167041624766,2.6320519398807638e-09,0.0014041591461476327,9.805874310262462e-08,2.923868401339685e-07
EFT:1.0104241096782794e-05,2.122547334954209e-06,1.987322000788117e-05,0.499281670416237,6.935296550282277e-09,0.4992816704162441,2.6320519398807075e-09,0.0014041591461476227,9.805874310262393e-08,2.9238684013396224e-07
Random3976
Raw:1.0104241096783009e-05,2.122547334954224e-06,1.9873220007881028e-05,0.49928167041623345,6.935296550282327e-09,0.49928167041624766,2.6320519398807638e-09,0.0014041591461476327,9.805874310262601e-08,2.9238684013396436e-07
EFT:1.0104241096782794e-05,2.122547334954209e-06,1.987322000788117e-05,0.499281670416237,6.935296550282277e-09,0.4992816704162441,2.6320519398807075e-09,0.0014041591461476227,9.805874310262393e-08,2.9238684013396224e-07
Random3977
Raw:1.0104241096782938e-05,2.122547334954209e-06,1.987322000788117e-05,0.499281670416237,6.935296550282277e-09,0.4992816704162441,2.632051939880745e-09,0.0014041591461476427,9.805874310262393e-08,2.9238684013396224e-07
EFT:1.0104241096782794e-05,2.122547334954209e-06,1.987322000788117e-05,0.499281670416237,6.935296550282277e-09,0.4992816704162441,2.6320519398807075e-09,0.0014041591461476227,9.805874310262393e-08,2.9238684013396224e-07
Random3978
Raw:1.0104241096783009e-05,2.122547334954194e-06,1.9873220007881028e-05,0.49928167041623345,6.935296550282327e-09,0.49928167041624766,2.6320519398807638e-09,0.0014041591461476327,9.805874310262462e-08,2.9238684013396436e-07
EFT:1.0104241096782794e-05,2.122547334954209e-06,1.987322000788117e-05,0.499281670416237,6.935296550282277e-09,0.4992816704162441,2.6320519398807075e-09,0.0014041591461476227,9.805874310262393e-08,2.9238684013396224e-07
Random3979
Raw:1.0104241096782865e-05,2.122547334954194e-06,1.9873220007881028e-05,0.49928167041623345,6.935296550282228e-09,0.49928167041624766,2.632051939880726e-09,0.0014041591461476126,9.805874310262462e-08,2.9238684013396436e-07
EFT:1.0104241096782794e-05,2.122547334954209e-06,1.987322000788117e-05,0.499281670416237,6.935296550282277e-09,0.4992816704162441,2.6320519398807075e-09,0.0014041591461476227,9.805874310262393e-08,2.9238684013396224e-07
Random3980
Raw:1.0104241096782938e-05,2.122547334954209e-06,1.987322000788117e-05,0.499281670416237,6.9352965502823754e-09,0.4992816704162441,2.632051939880745e-09,0.0014041591461476227,9.805874310262532e-08,2.9238684013396637e-07
EFT:1.0104241096782794e-05,2.122547334954209e-06,1.987322000788117e-05,0.499281670416237,6.935296550282277e-09,0.4992816704162441,2.6320519398807075e-09,0.0014041591461476227,9.805874310262393e-08,2.9238684013396224e-07
Random3981
Raw:1.0104241096782867e-05,2.122547334954224e-06,1.987322000788131e-05,0.49928167041624055,6.935296550282326e-09,0.49928167041624055,2.6320519398807265e-09,0.0014041591461476128,9.805874310262462e-08,2.923868401339643e-07
EFT:1.0104241096782794e-05,2.122547334954209e-06,1.987322000788117e-05,0.499281670416237,6.935296550282277e-09,0.4992816704162441,2.6320519398807075e-09,0.0014041591461476227,9.805874310262393e-08,2.9238684013396224e-07
Random3982
Raw:1.0104241096783009e-05,2.122547334954224e-06,1.987322000788131e-05,0.49928167041623345,6.935296550282327e-09,0.49928167041624766,2.6320519398807638e-09,0.0014041591461476327,9.805874310262462e-08,2.923868401339685e-07
EFT:1.0104241096782794e-05,2.122547334954209e-06,1.987322000788117e-05,0.499281670416237,6.935296550282277e-09,0.4992816704162441,2.6320519398807075e-09,0.0014041591461476227,9.805874310262393e-08,2.9238684013396224e-07
Random3983
Raw:1.0104241096783009e-05,2.122547334954224e-06,1.9873220007881028e-05,0.49928167041623345,6.935296550282327e-09,0.49928167041624766,2.6320519398807638e-09,0.0014041591461476327,9.805874310262601e-08,2.9238684013396436e-07
EFT:1.0104241096782794e-05,2.122547334954209e-06,1.987322000788117e-05,0.499281670416237,6.935296550282277e-09,0.4992816704162441,2.6320519398807075e-09,0.0014041591461476227,9.805874310262393e-08,2.9238684013396224e-07
Random3984
Raw:1.0104241096782938e-05,2.122547334954239e-06,1.9873220007880885e-05,0.499281670416237,6.935296550282277e-09,0.4992816704162441,2.632051939880745e-09,0.0014041591461476227,9.805874310262532e-08,2.9238684013396224e-07
EFT:1.0104241096782794e-05,2.122547334954209e-06,1.987322000788117e-05,0.499281670416237,6.935296550282277e-09,0.4992816704162441,2.6320519398807075e-09,0.0014041591461476227,9.805874310262393e-08,2.9238684013396224e-07
Random3985
Raw:1.0104241096783009e-05,2.122547334954194e-06,1.9873220007881028e-05,0.49928167041623345,6.935296550282327e-09,0.49928167041624766,2.6320519398807638e-09,0.0014041591461476126,9.805874310262601e-08,2.9238684013396436e-07
EFT:1.0104241096782794e-05,2.122547334954209e-06,1.987322000788117e-05,0.499281670416237,6.935296550282277e-09,0.4992816704162441,2.6320519398807075e-09,0.0014041591461476227,9.805874310262393e-08,2.9238684013396224e-07
Random3986
Raw:1.0104241096782865e-05,2.122547334954194e-06,1.9873220007881028e-05,0.49928167041623345,6.935296550282327e-09,0.49928167041624766,2.632051939880726e-09,0.0014041591461476126,9.805874310262462e-08,2.9238684013396436e-07
EFT:1.0104241096782794e-05,2.122547334954209e-06,1.987322000788117e-05,0.499281670416237,6.935296550282277e-09,0.4992816704162441,2.6320519398807075e-09,0.0014041591461476227,9.805874310262393e-08,2.9238684013396224e-07
Random3987
Raw:1.0104241096782938e-05,2.122547334954209e-06,1.987322000788117e-05,0.499281670416237,6.935296550282277e-09,0.4992816704162441,2.632051939880745e-09,0.0014041591461476227,9.805874310262532e-08,2.9238684013396224e-07
EFT:1.0104241096782794e-05,2.122547334954209e-06,1.987322000788117e-05,0.499281670416237,6.935296550282277e-09,0.4992816704162441,2.6320519398807075e-09,0.0014041591461476227,9.805874310262393e-08,2.9238684013396224e-07
Random3988
Raw:1.0104241096782865e-05,2.122547334954194e-06,1.9873220007881028e-05,0.49928167041623345,6.935296550282327e-09,0.49928167041624766,2.632051939880726e-09,0.0014041591461476126,9.805874310262462e-08,2.9238684013396436e-07
EFT:1.0104241096782794e-05,2.122547334954209e-06,1.987322000788117e-05,0.499281670416237,6.935296550282277e-09,0.4992816704162441,2.6320519398807075e-09,0.0014041591461476227,9.805874310262393e-08,2.9238684013396224e-07
Random3989
Raw:1.0104241096782867e-05,2.122547334954224e-06,1.9873220007881028e-05,0.49928167041624055,6.935296550282326e-09,0.49928167041624055,2.6320519398807638e-09,0.0014041591461476128,9.805874310262462e-08,2.923868401339643e-07
EFT:1.0104241096782794e-05,2.122547334954209e-06,1.987322000788117e-05,0.499281670416237,6.935296550282277e-09,0.4992816704162441,2.6320519398807075e-09,0.0014041591461476227,9.805874310262393e-08,2.9238684013396224e-07
Random3990
Raw:1.0104241096783009e-05,2.122547334954224e-06,1.9873220007881028e-05,0.49928167041623345,6.935296550282327e-09,0.49928167041624766,2.6320519398807638e-09,0.0014041591461476327,9.805874310262601e-08,2.9238684013396436e-07
EFT:1.0104241096782794e-05,2.122547334954209e-06,1.987322000788117e-05,0.499281670416237,6.935296550282277e-09,0.4992816704162441,2.6320519398807075e-09,0.0014041591461476227,9.805874310262393e-08,2.9238684013396224e-07
Random3991
Raw:1.0104241096782865e-05,2.122547334954194e-06,1.9873220007881028e-05,0.49928167041623345,6.935296550282228e-09,0.49928167041624766,2.632051939880726e-09,0.0014041591461476327,9.805874310262324e-08,2.923868401339602e-07
EFT:1.0104241096782794e-05,2.122547334954209e-06,1.987322000788117e-05,0.499281670416237,6.935296550282277e-09,0.4992816704162441,2.6320519398807075e-09,0.0014041591461476227,9.805874310262393e-08,2.9238684013396224e-07
Random3992
Raw:1.0104241096783009e-05,2.122547334954224e-06,1.9873220007881028e-05,0.49928167041623345,6.935296550282327e-09,0.49928167041624766,2.6320519398807638e-09,0.0014041591461476327,9.805874310262601e-08,2.9238684013396436e-07
EFT:1.0104241096782794e-05,2.122547334954209e-06,1.987322000788117e-05,0.499281670416237,6.935296550282277e-09,0.4992816704162441,2.6320519398807075e-09,0.0014041591461476227,9.805874310262393e-08,2.9238684013396224e-07
Random3993
Raw:1.0104241096782938e-05,2.122547334954209e-06,1.9873220007880885e-05,0.499281670416237,6.935296550282277e-09,0.4992816704162441,2.632051939880745e-09,0.0014041591461476227,9.805874310262393e-08,2.9238684013396224e-07
EFT:1.0104241096782794e-05,2.122547334954209e-06,1.987322000788117e-05,0.499281670416237,6.935296550282277e-09,0.4992816704162441,2.6320519398807075e-09,0.0014041591461476227,9.805874310262393e-08,2.9238684013396224e-07
Random3994
Raw:1.0104241096782794e-05,2.122547334954209e-06,1.987322000788117e-05,0.499281670416237,6.9352965502821786e-09,0.4992816704162441,2.6320519398807075e-09,0.0014041591461476227,9.805874310262393e-08,2.9238684013396224e-07
EFT:1.0104241096782794e-05,2.122547334954209e-06,1.987322000788117e-05,0.499281670416237,6.935296550282277e-09,0.4992816704162441,2.6320519398807075e-09,0.0014041591461476227,9.805874310262393e-08,2.9238684013396224e-07
Random3995
Raw:1.0104241096782938e-05,2.122547334954209e-06,1.987322000788117e-05,0.499281670416237,6.9352965502823754e-09,0.4992816704162441,2.632051939880745e-09,0.0014041591461476227,9.805874310262393e-08,2.9238684013396637e-07
EFT:1.0104241096782794e-05,2.122547334954209e-06,1.987322000788117e-05,0.499281670416237,6.935296550282277e-09,0.4992816704162441,2.6320519398807075e-09,0.0014041591461476227,9.805874310262393e-08,2.9238684013396224e-07
Random3996
Raw:1.0104241096782938e-05,2.122547334954239e-06,1.987322000788145e-05,0.499281670416237,6.935296550282277e-09,0.4992816704162441,2.632051939880745e-09,0.0014041591461476427,9.805874310262532e-08,2.9238684013396224e-07
EFT:1.0104241096782794e-05,2.122547334954209e-06,1.987322000788117e-05,0.499281670416237,6.935296550282277e-09,0.4992816704162441,2.6320519398807075e-09,0.0014041591461476227,9.805874310262393e-08,2.9238684013396224e-07
Random3997
Raw:1.0104241096783009e-05,2.122547334954224e-06,1.987322000788131e-05,0.49928167041623345,6.935296550282424e-09,0.49928167041624766,2.6320519398807638e-09,0.0014041591461476327,9.805874310262601e-08,2.923868401339685e-07
EFT:1.0104241096782794e-05,2.122547334954209e-06,1.987322000788117e-05,0.499281670416237,6.935296550282277e-09,0.4992816704162441,2.6320519398807075e-09,0.0014041591461476227,9.805874310262393e-08,2.9238684013396224e-07
Random3998
Raw:1.0104241096782938e-05,2.122547334954209e-06,1.9873220007880885e-05,0.499281670416237,6.935296550282277e-09,0.4992816704162441,2.632051939880745e-09,0.0014041591461476227,9.805874310262532e-08,2.9238684013396224e-07
EFT:1.0104241096782794e-05,2.122547334954209e-06,1.987322000788117e-05,0.499281670416237,6.935296550282277e-09,0.4992816704162441,2.6320519398807075e-09,0.0014041591461476227,9.805874310262393e-08,2.9238684013396224e-07
Random3999
Raw:1.0104241096782938e-05,2.122547334954209e-06,1.987322000788117e-05,0.499281670416237,6.9352965502823754e-09,0.4992816704162441,2.632051939880745e-09,0.0014041591461476227,9.805874310262393e-08,2.9238684013396637e-07
EFT:1.0104241096782794e-05,2.122547334954209e-06,1.987322000788117e-05,0.499281670416237,6.935296550282277e-09,0.4992816704162441,2.6320519398807075e-09,0.0014041591461476227,9.805874310262393e-08,2.9238684013396224e-07
Random4000
Raw:1.0104241096782938e-05,2.122547334954209e-06,1.987322000788117e-05,0.499281670416237,6.9352965502823754e-09,0.4992816704162441,2.632051939880745e-09,0.0014041591461476227,9.805874310262532e-08,2.9238684013396637e-07
EFT:1.0104241096782794e-05,2.122547334954209e-06,1.987322000788117e-05,0.499281670416237,6.935296550282277e-09,0.4992816704162441,2.6320519398807075e-09,0.0014041591461476227,9.805874310262393e-08,2.9238684013396224e-07
Random4001
Raw:1.0104241096782938e-05,2.122547334954239e-06,1.987322000788145e-05,0.499281670416237,6.935296550282277e-09,0.4992816704162441,2.632051939880745e-09,0.0014041591461476427,9.805874310262393e-08,2.9238684013396637e-07
EFT:1.0104241096782794e-05,2.122547334954209e-06,1.987322000788117e-05,0.499281670416237,6.935296550282277e-09,0.4992816704162441,2.6320519398807075e-09,0.0014041591461476227,9.805874310262393e-08,2.9238684013396224e-07
Random4002
Raw:1.0104241096783009e-05,2.122547334954224e-06,1.987322000788131e-05,0.49928167041623345,6.935296550282327e-09,0.49928167041624766,2.6320519398807638e-09,0.0014041591461476327,9.805874310262462e-08,2.923868401339685e-07
EFT:1.0104241096782794e-05,2.122547334954209e-06,1.987322000788117e-05,0.499281670416237,6.935296550282277e-09,0.4992816704162441,2.6320519398807075e-09,0.0014041591461476227,9.805874310262393e-08,2.9238684013396224e-07
Random4003
Raw:1.0104241096782938e-05,2.122547334954209e-06,1.987322000788117e-05,0.499281670416237,6.9352965502823754e-09,0.4992816704162441,2.632051939880745e-09,0.0014041591461476227,9.805874310262393e-08,2.9238684013396637e-07
EFT:1.0104241096782794e-05,2.122547334954209e-06,1.987322000788117e-05,0.499281670416237,6.935296550282277e-09,0.4992816704162441,2.6320519398807075e-09,0.0014041591461476227,9.805874310262393e-08,2.9238684013396224e-07
Random4004
Raw:1.0104241096782794e-05,2.122547334954209e-06,1.987322000788117e-05,0.499281670416237,6.935296550282277e-09,0.4992816704162441,2.6320519398807075e-09,0.0014041591461476227,9.805874310262393e-08,2.9238684013396224e-07
EFT:1.0104241096782794e-05,2.122547334954209e-06,1.987322000788117e-05,0.499281670416237,6.935296550282277e-09,0.4992816704162441,2.6320519398807075e-09,0.0014041591461476227,9.805874310262393e-08,2.9238684013396224e-07
Random4005
Raw:1.0104241096782867e-05,2.122547334954224e-06,1.987322000788131e-05,0.49928167041624055,6.935296550282326e-09,0.49928167041624055,2.6320519398807265e-09,0.0014041591461476327,9.805874310262462e-08,2.923868401339643e-07
EFT:1.0104241096782794e-05,2.122547334954209e-06,1.987322000788117e-05,0.499281670416237,6.935296550282277e-09,0.4992816704162441,2.6320519398807075e-09,0.0014041591461476227,9.805874310262393e-08,2.9238684013396224e-07
Random4006
Raw:1.0104241096782938e-05,2.122547334954209e-06,1.987322000788117e-05,0.499281670416237,6.935296550282277e-09,0.4992816704162441,2.632051939880745e-09,0.0014041591461476227,9.805874310262393e-08,2.9238684013396637e-07
EFT:1.0104241096782794e-05,2.122547334954209e-06,1.987322000788117e-05,0.499281670416237,6.935296550282277e-09,0.4992816704162441,2.6320519398807075e-09,0.0014041591461476227,9.805874310262393e-08,2.9238684013396224e-07
Random4007
Raw:1.0104241096782938e-05,2.1225473349541788e-06,1.9873220007880885e-05,0.499281670416237,6.935296550282277e-09,0.4992816704162441,2.632051939880745e-09,0.0014041591461476026,9.805874310262532e-08,2.9238684013396224e-07
EFT:1.0104241096782794e-05,2.122547334954209e-06,1.987322000788117e-05,0.499281670416237,6.935296550282277e-09,0.4992816704162441,2.6320519398807075e-09,0.0014041591461476227,9.805874310262393e-08,2.9238684013396224e-07
Random4008
Raw:1.0104241096783009e-05,2.122547334954194e-06,1.9873220007881028e-05,0.49928167041623345,6.935296550282327e-09,0.49928167041624766,2.6320519398807638e-09,0.0014041591461476126,9.805874310262601e-08,2.9238684013396436e-07
EFT:1.0104241096782794e-05,2.122547334954209e-06,1.987322000788117e-05,0.499281670416237,6.935296550282277e-09,0.4992816704162441,2.6320519398807075e-09,0.0014041591461476227,9.805874310262393e-08,2.9238684013396224e-07
Random4009
Raw:1.0104241096782938e-05,2.122547334954209e-06,1.987322000788117e-05,0.499281670416237,6.935296550282277e-09,0.4992816704162441,2.632051939880745e-09,0.0014041591461476427,9.805874310262393e-08,2.9238684013396224e-07
EFT:1.0104241096782794e-05,2.122547334954209e-06,1.987322000788117e-05,0.499281670416237,6.935296550282277e-09,0.4992816704162441,2.6320519398807075e-09,0.0014041591461476227,9.805874310262393e-08,2.9238684013396224e-07
Random4010
Raw:1.0104241096782938e-05,2.122547334954239e-06,1.9873220007880885e-05,0.499281670416237,6.935296550282277e-09,0.4992816704162441,2.632051939880745e-09,0.0014041591461476227,9.805874310262532e-08,2.9238684013396224e-07
EFT:1.0104241096782794e-05,2.122547334954209e-06,1.987322000788117e-05,0.499281670416237,6.935296550282277e-09,0.4992816704162441,2.6320519398807075e-09,0.0014041591461476227,9.805874310262393e-08,2.9238684013396224e-07
Random4011
Raw:1.0104241096782867e-05,2.122547334954224e-06,1.987322000788131e-05,0.49928167041624055,6.935296550282326e-09,0.49928167041624055,2.6320519398807265e-09,0.0014041591461476327,9.805874310262462e-08,2.923868401339643e-07
EFT:1.0104241096782794e-05,2.122547334954209e-06,1.987322000788117e-05,0.499281670416237,6.935296550282277e-09,0.4992816704162441,2.6320519398807075e-09,0.0014041591461476227,9.805874310262393e-08,2.9238684013396224e-07
Random4012
Raw:1.0104241096783009e-05,2.122547334954224e-06,1.9873220007881028e-05,0.49928167041623345,6.935296550282327e-09,0.49928167041624766,2.6320519398807638e-09,0.0014041591461476327,9.805874310262601e-08,2.9238684013396436e-07
EFT:1.0104241096782794e-05,2.122547334954209e-06,1.987322000788117e-05,0.499281670416237,6.935296550282277e-09,0.4992816704162441,2.6320519398807075e-09,0.0014041591461476227,9.805874310262393e-08,2.9238684013396224e-07
Random4013
Raw:1.0104241096782867e-05,2.122547334954224e-06,1.987322000788131e-05,0.49928167041624055,6.935296550282326e-09,0.49928167041624055,2.6320519398807265e-09,0.0014041591461476327,9.805874310262462e-08,2.923868401339643e-07
EFT:1.0104241096782794e-05,2.122547334954209e-06,1.987322000788117e-05,0.499281670416237,6.935296550282277e-09,0.4992816704162441,2.6320519398807075e-09,0.0014041591461476227,9.805874310262393e-08,2.9238684013396224e-07
Random4014
Raw:1.0104241096783009e-05,2.122547334954224e-06,1.987322000788131e-05,0.49928167041623345,6.935296550282424e-09,0.49928167041624766,2.6320519398807638e-09,0.0014041591461476327,9.805874310262601e-08,2.923868401339685e-07
EFT:1.0104241096782794e-05,2.122547334954209e-06,1.987322000788117e-05,0.499281670416237,6.935296550282277e-09,0.4992816704162441,2.6320519398807075e-09,0.0014041591461476227,9.805874310262393e-08,2.9238684013396224e-07
Random4015
Raw:1.0104241096783009e-05,2.122547334954194e-06,1.9873220007881028e-05,0.49928167041623345,6.935296550282327e-09,0.49928167041624766,2.6320519398807638e-09,0.0014041591461476126,9.805874310262601e-08,2.9238684013396436e-07
EFT:1.0104241096782794e-05,2.122547334954209e-06,1.987322000788117e-05,0.499281670416237,6.935296550282277e-09,0.4992816704162441,2.6320519398807075e-09,0.0014041591461476227,9.805874310262393e-08,2.9238684013396224e-07
Random4016
Raw:1.0104241096783009e-05,2.122547334954194e-06,1.9873220007881028e-05,0.49928167041623345,6.935296550282327e-09,0.49928167041624766,2.6320519398807638e-09,0.0014041591461476327,9.805874310262462e-08,2.9238684013396436e-07
EFT:1.0104241096782794e-05,2.122547334954209e-06,1.987322000788117e-05,0.499281670416237,6.935296550282277e-09,0.4992816704162441,2.6320519398807075e-09,0.0014041591461476227,9.805874310262393e-08,2.9238684013396224e-07
Random4017
Raw:1.0104241096782794e-05,2.122547334954209e-06,1.987322000788117e-05,0.499281670416237,6.9352965502821786e-09,0.4992816704162441,2.632051939880745e-09,0.0014041591461476227,9.805874310262254e-08,2.9238684013396224e-07
EFT:1.0104241096782794e-05,2.122547334954209e-06,1.987322000788117e-05,0.499281670416237,6.935296550282277e-09,0.4992816704162441,2.6320519398807075e-09,0.0014041591461476227,9.805874310262393e-08,2.9238684013396224e-07
Random4018
Raw:1.0104241096782865e-05,2.122547334954194e-06,1.9873220007881028e-05,0.49928167041623345,6.935296550282228e-09,0.49928167041624766,2.632051939880726e-09,0.0014041591461476327,9.805874310262462e-08,2.923868401339602e-07
EFT:1.0104241096782794e-05,2.122547334954209e-06,1.987322000788117e-05,0.499281670416237,6.935296550282277e-09,0.4992816704162441,2.6320519398807075e-09,0.0014041591461476227,9.805874310262393e-08,2.9238684013396224e-07
Random4019
Raw:1.0104241096783009e-05,2.122547334954194e-06,1.9873220007881028e-05,0.49928167041623345,6.935296550282327e-09,0.49928167041624766,2.6320519398807638e-09,0.0014041591461476327,9.805874310262462e-08,2.9238684013396436e-07
EFT:1.0104241096782794e-05,2.122547334954209e-06,1.987322000788117e-05,0.499281670416237,6.935296550282277e-09,0.4992816704162441,2.6320519398807075e-09,0.0014041591461476227,9.805874310262393e-08,2.9238684013396224e-07
Random4020
Raw:1.0104241096782938e-05,2.122547334954239e-06,1.987322000788117e-05,0.499281670416237,6.935296550282277e-09,0.4992816704162441,2.632051939880745e-09,0.0014041591461476427,9.805874310262393e-08,2.9238684013396637e-07
EFT:1.0104241096782794e-05,2.122547334954209e-06,1.987322000788117e-05,0.499281670416237,6.935296550282277e-09,0.4992816704162441,2.6320519398807075e-09,0.0014041591461476227,9.805874310262393e-08,2.9238684013396224e-07
Random4021
Raw:1.0104241096782938e-05,2.122547334954209e-06,1.987322000788117e-05,0.499281670416237,6.935296550282277e-09,0.4992816704162441,2.632051939880745e-09,0.0014041591461476427,9.805874310262393e-08,2.9238684013396224e-07
EFT:1.0104241096782794e-05,2.122547334954209e-06,1.987322000788117e-05,0.499281670416237,6.935296550282277e-09,0.4992816704162441,2.6320519398807075e-09,0.0014041591461476227,9.805874310262393e-08,2.9238684013396224e-07
Random4022
Raw:1.0104241096782867e-05,2.122547334954224e-06,1.987322000788131e-05,0.49928167041624055,6.935296550282326e-09,0.49928167041624055,2.6320519398807638e-09,0.0014041591461476327,9.805874310262462e-08,2.923868401339643e-07
EFT:1.0104241096782794e-05,2.122547334954209e-06,1.987322000788117e-05,0.499281670416237,6.935296550282277e-09,0.4992816704162441,2.6320519398807075e-09,0.0014041591461476227,9.805874310262393e-08,2.9238684013396224e-07
Random4023
Raw:1.0104241096783009e-05,2.122547334954224e-06,1.987322000788131e-05,0.49928167041623345,6.935296550282327e-09,0.49928167041624766,2.6320519398807638e-09,0.0014041591461476327,9.805874310262462e-08,2.923868401339685e-07
EFT:1.0104241096782794e-05,2.122547334954209e-06,1.987322000788117e-05,0.499281670416237,6.935296550282277e-09,0.4992816704162441,2.6320519398807075e-09,0.0014041591461476227,9.805874310262393e-08,2.9238684013396224e-07
Random4024
Raw:1.0104241096782865e-05,2.122547334954194e-06,1.9873220007881028e-05,0.49928167041623345,6.935296550282327e-09,0.49928167041624766,2.632051939880726e-09,0.0014041591461476126,9.805874310262462e-08,2.9238684013396436e-07
EFT:1.0104241096782794e-05,2.122547334954209e-06,1.987322000788117e-05,0.499281670416237,6.935296550282277e-09,0.4992816704162441,2.6320519398807075e-09,0.0014041591461476227,9.805874310262393e-08,2.9238684013396224e-07
Random4025
Raw:1.0104241096782865e-05,2.122547334954194e-06,1.9873220007881028e-05,0.49928167041623345,6.935296550282327e-09,0.49928167041624766,2.632051939880726e-09,0.0014041591461476126,9.805874310262462e-08,2.9238684013396436e-07
EFT:1.0104241096782794e-05,2.122547334954209e-06,1.987322000788117e-05,0.499281670416237,6.935296550282277e-09,0.4992816704162441,2.6320519398807075e-09,0.0014041591461476227,9.805874310262393e-08,2.9238684013396224e-07
Random4026
Raw:1.0104241096782938e-05,2.122547334954209e-06,1.987322000788117e-05,0.499281670416237,6.935296550282277e-09,0.4992816704162441,2.632051939880745e-09,0.0014041591461476227,9.805874310262532e-08,2.9238684013396224e-07
EFT:1.0104241096782794e-05,2.122547334954209e-06,1.987322000788117e-05,0.499281670416237,6.935296550282277e-09,0.4992816704162441,2.6320519398807075e-09,0.0014041591461476227,9.805874310262393e-08,2.9238684013396224e-07
Random4027
Raw:1.0104241096782938e-05,2.122547334954209e-06,1.987322000788117e-05,0.499281670416237,6.9352965502823754e-09,0.4992816704162441,2.6320519398807824e-09,0.0014041591461476227,9.805874310262532e-08,2.9238684013396637e-07
EFT:1.0104241096782794e-05,2.122547334954209e-06,1.987322000788117e-05,0.499281670416237,6.935296550282277e-09,0.4992816704162441,2.6320519398807075e-09,0.0014041591461476227,9.805874310262393e-08,2.9238684013396224e-07
Random4028
Raw:1.0104241096782938e-05,2.122547334954209e-06,1.987322000788117e-05,0.499281670416237,6.935296550282277e-09,0.4992816704162441,2.632051939880745e-09,0.0014041591461476227,9.805874310262393e-08,2.9238684013396637e-07
EFT:1.0104241096782794e-05,2.122547334954209e-06,1.987322000788117e-05,0.499281670416237,6.935296550282277e-09,0.4992816704162441,2.6320519398807075e-09,0.0014041591461476227,9.805874310262393e-08,2.9238684013396224e-07
Random4029
Raw:1.0104241096782938e-05,2.122547334954209e-06,1.987322000788117e-05,0.499281670416237,6.9352965502823754e-09,0.4992816704162441,2.6320519398807824e-09,0.0014041591461476227,9.805874310262532e-08,2.9238684013396637e-07
EFT:1.0104241096782794e-05,2.122547334954209e-06,1.987322000788117e-05,0.499281670416237,6.935296550282277e-09,0.4992816704162441,2.6320519398807075e-09,0.0014041591461476227,9.805874310262393e-08,2.9238684013396224e-07
Random4030
Raw:1.0104241096783009e-05,2.122547334954224e-06,1.9873220007881028e-05,0.49928167041623345,6.935296550282327e-09,0.49928167041624766,2.6320519398807638e-09,0.0014041591461476327,9.805874310262601e-08,2.9238684013396436e-07
EFT:1.0104241096782794e-05,2.122547334954209e-06,1.987322000788117e-05,0.499281670416237,6.935296550282277e-09,0.4992816704162441,2.6320519398807075e-09,0.0014041591461476227,9.805874310262393e-08,2.9238684013396224e-07
Random4031
Raw:1.0104241096782938e-05,2.122547334954209e-06,1.987322000788117e-05,0.499281670416237,6.9352965502823754e-09,0.4992816704162441,2.632051939880745e-09,0.0014041591461476227,9.805874310262532e-08,2.9238684013396637e-07
EFT:1.0104241096782794e-05,2.122547334954209e-06,1.987322000788117e-05,0.499281670416237,6.935296550282277e-09,0.4992816704162441,2.6320519398807075e-09,0.0014041591461476227,9.805874310262393e-08,2.9238684013396224e-07
Random4032
Raw:1.0104241096782938e-05,2.122547334954209e-06,1.9873220007880885e-05,0.499281670416237,6.935296550282277e-09,0.4992816704162441,2.632051939880745e-09,0.0014041591461476227,9.805874310262532e-08,2.9238684013396224e-07
EFT:1.0104241096782794e-05,2.122547334954209e-06,1.987322000788117e-05,0.499281670416237,6.935296550282277e-09,0.4992816704162441,2.6320519398807075e-09,0.0014041591461476227,9.805874310262393e-08,2.9238684013396224e-07
Random4033
Raw:1.0104241096782938e-05,2.122547334954209e-06,1.987322000788117e-05,0.499281670416237,6.935296550282277e-09,0.4992816704162441,2.632051939880745e-09,0.0014041591461476227,9.805874310262393e-08,2.9238684013396637e-07
EFT:1.0104241096782794e-05,2.122547334954209e-06,1.987322000788117e-05,0.499281670416237,6.935296550282277e-09,0.4992816704162441,2.6320519398807075e-09,0.0014041591461476227,9.805874310262393e-08,2.9238684013396224e-07
Random4034
Raw:1.0104241096782867e-05,2.122547334954224e-06,1.987322000788131e-05,0.49928167041624055,6.935296550282326e-09,0.49928167041624055,2.6320519398807638e-09,0.0014041591461476128,9.805874310262462e-08,2.923868401339643e-07
EFT:1.0104241096782794e-05,2.122547334954209e-06,1.987322000788117e-05,0.499281670416237,6.935296550282277e-09,0.4992816704162441,2.6320519398807075e-09,0.0014041591461476227,9.805874310262393e-08,2.9238684013396224e-07
Random4035
Raw:1.0104241096782938e-05,2.122547334954209e-06,1.987322000788117e-05,0.499281670416237,6.935296550282277e-09,0.4992816704162441,2.632051939880745e-09,0.0014041591461476227,9.805874310262532e-08,2.9238684013396224e-07
EFT:1.0104241096782794e-05,2.122547334954209e-06,1.987322000788117e-05,0.499281670416237,6.935296550282277e-09,0.4992816704162441,2.6320519398807075e-09,0.0014041591461476227,9.805874310262393e-08,2.9238684013396224e-07
Random4036
Raw:1.0104241096782938e-05,2.122547334954209e-06,1.987322000788117e-05,0.499281670416237,6.9352965502823754e-09,0.4992816704162441,2.632051939880745e-09,0.0014041591461476227,9.805874310262672e-08,2.9238684013396637e-07
EFT:1.0104241096782794e-05,2.122547334954209e-06,1.987322000788117e-05,0.499281670416237,6.935296550282277e-09,0.4992816704162441,2.6320519398807075e-09,0.0014041591461476227,9.805874310262393e-08,2.9238684013396224e-07
Random4037
Raw:1.0104241096783009e-05,2.122547334954194e-06,1.9873220007881028e-05,0.49928167041623345,6.935296550282327e-09,0.49928167041624766,2.6320519398807638e-09,0.0014041591461476327,9.805874310262462e-08,2.9238684013396436e-07
EFT:1.0104241096782794e-05,2.122547334954209e-06,1.987322000788117e-05,0.499281670416237,6.935296550282277e-09,0.4992816704162441,2.6320519398807075e-09,0.0014041591461476227,9.805874310262393e-08,2.9238684013396224e-07
Random4038
Raw:1.0104241096782938e-05,2.122547334954239e-06,1.987322000788117e-05,0.499281670416237,6.935296550282277e-09,0.4992816704162441,2.632051939880745e-09,0.0014041591461476427,9.805874310262532e-08,2.9238684013396224e-07
EFT:1.0104241096782794e-05,2.122547334954209e-06,1.987322000788117e-05,0.499281670416237,6.935296550282277e-09,0.4992816704162441,2.6320519398807075e-09,0.0014041591461476227,9.805874310262393e-08,2.9238684013396224e-07
Random4039
Raw:1.0104241096782867e-05,2.122547334954194e-06,1.9873220007881028e-05,0.49928167041624055,6.935296550282326e-09,0.49928167041624055,2.6320519398807265e-09,0.0014041591461476128,9.805874310262602e-08,2.923868401339643e-07
EFT:1.0104241096782794e-05,2.122547334954209e-06,1.987322000788117e-05,0.499281670416237,6.935296550282277e-09,0.4992816704162441,2.6320519398807075e-09,0.0014041591461476227,9.805874310262393e-08,2.9238684013396224e-07
Random4040
Raw:1.0104241096782867e-05,2.122547334954224e-06,1.987322000788131e-05,0.49928167041624055,6.935296550282228e-09,0.49928167041624055,2.632051939880689e-09,0.0014041591461476327,9.805874310262323e-08,2.923868401339643e-07
EFT:1.0104241096782794e-05,2.122547334954209e-06,1.987322000788117e-05,0.499281670416237,6.935296550282277e-09,0.4992816704162441,2.6320519398807075e-09,0.0014041591461476227,9.805874310262393e-08,2.9238684013396224e-07
Random4041
Raw:1.0104241096782867e-05,2.1225473349542546e-06,1.987322000788131e-05,0.49928167041624055,6.935296550282326e-09,0.49928167041624055,2.6320519398807638e-09,0.0014041591461476128,9.805874310262462e-08,2.923868401339643e-07
EFT:1.0104241096782794e-05,2.122547334954209e-06,1.987322000788117e-05,0.499281670416237,6.935296550282277e-09,0.4992816704162441,2.6320519398807075e-09,0.0014041591461476227,9.805874310262393e-08,2.9238684013396224e-07
Random4042
Raw:1.0104241096782867e-05,2.122547334954194e-06,1.9873220007881028e-05,0.49928167041624055,6.935296550282326e-09,0.49928167041624055,2.6320519398807265e-09,0.0014041591461476128,9.805874310262602e-08,2.923868401339643e-07
EFT:1.0104241096782794e-05,2.122547334954209e-06,1.987322000788117e-05,0.499281670416237,6.935296550282277e-09,0.4992816704162441,2.6320519398807075e-09,0.0014041591461476227,9.805874310262393e-08,2.9238684013396224e-07
Random4043
Raw:1.0104241096782867e-05,2.122547334954194e-06,1.9873220007881028e-05,0.49928167041624055,6.935296550282228e-09,0.49928167041624055,2.632051939880689e-09,0.0014041591461476128,9.805874310262462e-08,2.923868401339602e-07
EFT:1.0104241096782794e-05,2.122547334954209e-06,1.987322000788117e-05,0.499281670416237,6.935296550282277e-09,0.4992816704162441,2.6320519398807075e-09,0.0014041591461476227,9.805874310262393e-08,2.9238684013396224e-07
Random4044
Raw:1.0104241096782867e-05,2.122547334954224e-06,1.987322000788131e-05,0.49928167041624055,6.935296550282326e-09,0.49928167041624055,2.6320519398807265e-09,0.0014041591461476327,9.805874310262462e-08,2.923868401339643e-07
EFT:1.0104241096782794e-05,2.122547334954209e-06,1.987322000788117e-05,0.499281670416237,6.935296550282277e-09,0.4992816704162441,2.6320519398807075e-09,0.0014041591461476227,9.805874310262393e-08,2.9238684013396224e-07
Random4045
Raw:1.0104241096782938e-05,2.122547334954209e-06,1.987322000788117e-05,0.499281670416237,6.9352965502823754e-09,0.4992816704162441,2.632051939880745e-09,0.0014041591461476227,9.805874310262393e-08,2.9238684013396637e-07
EFT:1.0104241096782794e-05,2.122547334954209e-06,1.987322000788117e-05,0.499281670416237,6.935296550282277e-09,0.4992816704162441,2.6320519398807075e-09,0.0014041591461476227,9.805874310262393e-08,2.9238684013396224e-07
Random4046
Raw:1.0104241096782865e-05,2.122547334954194e-06,1.9873220007881028e-05,0.49928167041623345,6.935296550282327e-09,0.49928167041624766,2.632051939880726e-09,0.0014041591461476126,9.805874310262462e-08,2.9238684013396436e-07
EFT:1.0104241096782794e-05,2.122547334954209e-06,1.987322000788117e-05,0.499281670416237,6.935296550282277e-09,0.4992816704162441,2.6320519398807075e-09,0.0014041591461476227,9.805874310262393e-08,2.9238684013396224e-07
Random4047
Raw:1.0104241096782867e-05,2.122547334954224e-06,1.987322000788131e-05,0.49928167041624055,6.935296550282326e-09,0.49928167041624055,2.6320519398807265e-09,0.0014041591461476128,9.805874310262462e-08,2.923868401339643e-07
EFT:1.0104241096782794e-05,2.122547334954209e-06,1.987322000788117e-05,0.499281670416237,6.935296550282277e-09,0.4992816704162441,2.6320519398807075e-09,0.0014041591461476227,9.805874310262393e-08,2.9238684013396224e-07
Random4048
Raw:1.0104241096782938e-05,2.122547334954209e-06,1.987322000788117e-05,0.499281670416237,6.935296550282277e-09,0.4992816704162441,2.632051939880745e-09,0.0014041591461476427,9.805874310262393e-08,2.9238684013396224e-07
EFT:1.0104241096782794e-05,2.122547334954209e-06,1.987322000788117e-05,0.499281670416237,6.935296550282277e-09,0.4992816704162441,2.6320519398807075e-09,0.0014041591461476227,9.805874310262393e-08,2.9238684013396224e-07
Random4049
Raw:1.0104241096782867e-05,2.122547334954224e-06,1.987322000788131e-05,0.49928167041624055,6.935296550282326e-09,0.49928167041624055,2.6320519398807265e-09,0.0014041591461476128,9.805874310262462e-08,2.923868401339643e-07
EFT:1.0104241096782794e-05,2.122547334954209e-06,1.987322000788117e-05,0.499281670416237,6.935296550282277e-09,0.4992816704162441,2.6320519398807075e-09,0.0014041591461476227,9.805874310262393e-08,2.9238684013396224e-07
Random4050
Raw:1.0104241096782867e-05,2.1225473349542546e-06,1.987322000788131e-05,0.49928167041624055,6.935296550282326e-09,0.49928167041624055,2.6320519398807638e-09,0.0014041591461476128,9.805874310262462e-08,2.923868401339643e-07
EFT:1.0104241096782794e-05,2.122547334954209e-06,1.987322000788117e-05,0.499281670416237,6.935296550282277e-09,0.4992816704162441,2.6320519398807075e-09,0.0014041591461476227,9.805874310262393e-08,2.9238684013396224e-07
Random4051
Raw:1.0104241096782938e-05,2.122547334954239e-06,1.987322000788117e-05,0.499281670416237,6.935296550282277e-09,0.4992816704162441,2.632051939880745e-09,0.0014041591461476427,9.805874310262532e-08,2.9238684013396224e-07
EFT:1.0104241096782794e-05,2.122547334954209e-06,1.987322000788117e-05,0.499281670416237,6.935296550282277e-09,0.4992816704162441,2.6320519398807075e-09,0.0014041591461476227,9.805874310262393e-08,2.9238684013396224e-07
Random4052
Raw:1.0104241096782794e-05,2.122547334954209e-06,1.987322000788117e-05,0.499281670416237,6.9352965502821786e-09,0.4992816704162441,2.6320519398807075e-09,0.0014041591461476227,9.805874310262393e-08,2.9238684013396224e-07
EFT:1.0104241096782794e-05,2.122547334954209e-06,1.987322000788117e-05,0.499281670416237,6.935296550282277e-09,0.4992816704162441,2.6320519398807075e-09,0.0014041591461476227,9.805874310262393e-08,2.9238684013396224e-07
Random4053
Raw:1.0104241096782938e-05,2.1225473349541788e-06,1.9873220007880885e-05,0.499281670416237,6.935296550282277e-09,0.4992816704162441,2.632051939880745e-09,0.0014041591461476026,9.805874310262532e-08,2.9238684013396224e-07
EFT:1.0104241096782794e-05,2.122547334954209e-06,1.987322000788117e-05,0.499281670416237,6.935296550282277e-09,0.4992816704162441,2.6320519398807075e-09,0.0014041591461476227,9.805874310262393e-08,2.9238684013396224e-07
Random4054
Raw:1.0104241096782867e-05,2.122547334954224e-06,1.987322000788131e-05,0.49928167041624055,6.935296550282228e-09,0.49928167041624055,2.632051939880689e-09,0.0014041591461476327,9.805874310262323e-08,2.923868401339643e-07
EFT:1.0104241096782794e-05,2.122547334954209e-06,1.987322000788117e-05,0.499281670416237,6.935296550282277e-09,0.4992816704162441,2.6320519398807075e-09,0.0014041591461476227,9.805874310262393e-08,2.9238684013396224e-07
Random4055
Raw:1.0104241096782867e-05,2.122547334954224e-06,1.987322000788131e-05,0.49928167041624055,6.935296550282228e-09,0.49928167041624055,2.632051939880689e-09,0.0014041591461476327,9.805874310262323e-08,2.923868401339643e-07
EFT:1.0104241096782794e-05,2.122547334954209e-06,1.987322000788117e-05,0.499281670416237,6.935296550282277e-09,0.4992816704162441,2.6320519398807075e-09,0.0014041591461476227,9.805874310262393e-08,2.9238684013396224e-07
Random4056
Raw:1.0104241096782938e-05,2.1225473349541788e-06,1.9873220007880885e-05,0.499281670416237,6.935296550282277e-09,0.4992816704162441,2.632051939880745e-09,0.0014041591461476026,9.805874310262532e-08,2.9238684013396224e-07
EFT:1.0104241096782794e-05,2.122547334954209e-06,1.987322000788117e-05,0.499281670416237,6.935296550282277e-09,0.4992816704162441,2.6320519398807075e-09,0.0014041591461476227,9.805874310262393e-08,2.9238684013396224e-07
Random4057
Raw:1.0104241096782938e-05,2.122547334954209e-06,1.987322000788117e-05,0.499281670416237,6.9352965502823754e-09,0.4992816704162441,2.6320519398807824e-09,0.0014041591461476227,9.805874310262532e-08,2.9238684013396637e-07
EFT:1.0104241096782794e-05,2.122547334954209e-06,1.987322000788117e-05,0.499281670416237,6.935296550282277e-09,0.4992816704162441,2.6320519398807075e-09,0.0014041591461476227,9.805874310262393e-08,2.9238684013396224e-07
Random4058
Raw:1.0104241096783009e-05,2.122547334954224e-06,1.987322000788131e-05,0.49928167041623345,6.935296550282327e-09,0.49928167041624766,2.6320519398807638e-09,0.0014041591461476327,9.805874310262462e-08,2.923868401339685e-07
EFT:1.0104241096782794e-05,2.122547334954209e-06,1.987322000788117e-05,0.499281670416237,6.935296550282277e-09,0.4992816704162441,2.6320519398807075e-09,0.0014041591461476227,9.805874310262393e-08,2.9238684013396224e-07
Random4059
Raw:1.0104241096782938e-05,2.1225473349541788e-06,1.9873220007880885e-05,0.499281670416237,6.935296550282277e-09,0.4992816704162441,2.632051939880745e-09,0.0014041591461476026,9.805874310262532e-08,2.9238684013396224e-07
EFT:1.0104241096782794e-05,2.122547334954209e-06,1.987322000788117e-05,0.499281670416237,6.935296550282277e-09,0.4992816704162441,2.6320519398807075e-09,0.0014041591461476227,9.805874310262393e-08,2.9238684013396224e-07
Random4060
Raw:1.0104241096782938e-05,2.122547334954239e-06,1.987322000788117e-05,0.499281670416237,6.935296550282277e-09,0.4992816704162441,2.632051939880745e-09,0.0014041591461476427,9.805874310262393e-08,2.9238684013396637e-07
EFT:1.0104241096782794e-05,2.122547334954209e-06,1.987322000788117e-05,0.499281670416237,6.935296550282277e-09,0.4992816704162441,2.6320519398807075e-09,0.0014041591461476227,9.805874310262393e-08,2.9238684013396224e-07
Random4061
Raw:1.0104241096782867e-05,2.122547334954224e-06,1.987322000788131e-05,0.49928167041624055,6.935296550282326e-09,0.49928167041624055,2.6320519398807265e-09,0.0014041591461476327,9.805874310262462e-08,2.923868401339643e-07
EFT:1.0104241096782794e-05,2.122547334954209e-06,1.987322000788117e-05,0.499281670416237,6.935296550282277e-09,0.4992816704162441,2.6320519398807075e-09,0.0014041591461476227,9.805874310262393e-08,2.9238684013396224e-07
Random4062
Raw:1.0104241096782938e-05,2.122547334954239e-06,1.987322000788145e-05,0.499281670416237,6.935296550282277e-09,0.4992816704162441,2.632051939880745e-09,0.0014041591461476427,9.805874310262393e-08,2.9238684013396637e-07
EFT:1.0104241096782794e-05,2.122547334954209e-06,1.987322000788117e-05,0.499281670416237,6.935296550282277e-09,0.4992816704162441,2.6320519398807075e-09,0.0014041591461476227,9.805874310262393e-08,2.9238684013396224e-07
Random4063
Raw:1.0104241096782938e-05,2.122547334954239e-06,1.987322000788117e-05,0.499281670416237,6.935296550282277e-09,0.4992816704162441,2.632051939880745e-09,0.0014041591461476427,9.805874310262393e-08,2.9238684013396637e-07
EFT:1.0104241096782794e-05,2.122547334954209e-06,1.987322000788117e-05,0.499281670416237,6.935296550282277e-09,0.4992816704162441,2.6320519398807075e-09,0.0014041591461476227,9.805874310262393e-08,2.9238684013396224e-07
Random4064
Raw:1.0104241096782867e-05,2.122547334954194e-06,1.9873220007881028e-05,0.49928167041624055,6.935296550282228e-09,0.49928167041624055,2.632051939880689e-09,0.0014041591461476327,9.805874310262323e-08,2.923868401339602e-07
EFT:1.0104241096782794e-05,2.122547334954209e-06,1.987322000788117e-05,0.499281670416237,6.935296550282277e-09,0.4992816704162441,2.6320519398807075e-09,0.0014041591461476227,9.805874310262393e-08,2.9238684013396224e-07
Random4065
Raw:1.0104241096783009e-05,2.122547334954224e-06,1.987322000788131e-05,0.49928167041623345,6.935296550282327e-09,0.49928167041624766,2.6320519398807638e-09,0.0014041591461476327,9.805874310262601e-08,2.9238684013396436e-07
EFT:1.0104241096782794e-05,2.122547334954209e-06,1.987322000788117e-05,0.499281670416237,6.935296550282277e-09,0.4992816704162441,2.6320519398807075e-09,0.0014041591461476227,9.805874310262393e-08,2.9238684013396224e-07
Random4066
Raw:1.0104241096782865e-05,2.122547334954194e-06,1.9873220007881028e-05,0.49928167041623345,6.935296550282228e-09,0.49928167041624766,2.6320519398807638e-09,0.0014041591461476126,9.805874310262324e-08,2.9238684013396436e-07
EFT:1.0104241096782794e-05,2.122547334954209e-06,1.987322000788117e-05,0.499281670416237,6.935296550282277e-09,0.4992816704162441,2.6320519398807075e-09,0.0014041591461476227,9.805874310262393e-08,2.9238684013396224e-07
Random4067
Raw:1.0104241096782938e-05,2.122547334954209e-06,1.987322000788117e-05,0.499281670416237,6.935296550282277e-09,0.4992816704162441,2.632051939880745e-09,0.0014041591461476427,9.805874310262393e-08,2.9238684013396224e-07
EFT:1.0104241096782794e-05,2.122547334954209e-06,1.987322000788117e-05,0.499281670416237,6.935296550282277e-09,0.4992816704162441,2.6320519398807075e-09,0.0014041591461476227,9.805874310262393e-08,2.9238684013396224e-07
Random4068
Raw:1.0104241096782867e-05,2.122547334954224e-06,1.987322000788131e-05,0.49928167041624055,6.935296550282326e-09,0.49928167041624055,2.6320519398807265e-09,0.0014041591461476327,9.805874310262323e-08,2.923868401339643e-07
EFT:1.0104241096782794e-05,2.122547334954209e-06,1.987322000788117e-05,0.499281670416237,6.935296550282277e-09,0.4992816704162441,2.6320519398807075e-09,0.0014041591461476227,9.805874310262393e-08,2.9238684013396224e-07
Random4069
Raw:1.0104241096782938e-05,2.122547334954239e-06,1.987322000788117e-05,0.499281670416237,6.935296550282277e-09,0.4992816704162441,2.632051939880745e-09,0.0014041591461476227,9.805874310262532e-08,2.9238684013396224e-07
EFT:1.0104241096782794e-05,2.122547334954209e-06,1.987322000788117e-05,0.499281670416237,6.935296550282277e-09,0.4992816704162441,2.6320519398807075e-09,0.0014041591461476227,9.805874310262393e-08,2.9238684013396224e-07
Random4070
Raw:1.0104241096783009e-05,2.122547334954224e-06,1.987322000788131e-05,0.49928167041623345,6.935296550282424e-09,0.49928167041624766,2.6320519398807638e-09,0.0014041591461476327,9.805874310262601e-08,2.923868401339685e-07
EFT:1.0104241096782794e-05,2.122547334954209e-06,1.987322000788117e-05,0.499281670416237,6.935296550282277e-09,0.4992816704162441,2.6320519398807075e-09,0.0014041591461476227,9.805874310262393e-08,2.9238684013396224e-07
Random4071
Raw:1.0104241096782867e-05,2.122547334954224e-06,1.987322000788131e-05,0.49928167041624055,6.935296550282228e-09,0.49928167041624055,2.632051939880689e-09,0.0014041591461476327,9.805874310262323e-08,2.923868401339643e-07
EFT:1.0104241096782794e-05,2.122547334954209e-06,1.987322000788117e-05,0.499281670416237,6.935296550282277e-09,0.4992816704162441,2.6320519398807075e-09,0.0014041591461476227,9.805874310262393e-08,2.9238684013396224e-07
Random4072
Raw:1.0104241096782867e-05,2.122547334954194e-06,1.9873220007881028e-05,0.49928167041624055,6.935296550282326e-09,0.49928167041624055,2.6320519398807265e-09,0.0014041591461476128,9.805874310262323e-08,2.923868401339643e-07
EFT:1.0104241096782794e-05,2.122547334954209e-06,1.987322000788117e-05,0.499281670416237,6.935296550282277e-09,0.4992816704162441,2.6320519398807075e-09,0.0014041591461476227,9.805874310262393e-08,2.9238684013396224e-07
Random4073
Raw:1.0104241096782794e-05,2.122547334954209e-06,1.987322000788117e-05,0.499281670416237,6.935296550282277e-09,0.4992816704162441,2.632051939880745e-09,0.0014041591461476227,9.805874310262254e-08,2.9238684013396224e-07
EFT:1.0104241096782794e-05,2.122547334954209e-06,1.987322000788117e-05,0.499281670416237,6.935296550282277e-09,0.4992816704162441,2.6320519398807075e-09,0.0014041591461476227,9.805874310262393e-08,2.9238684013396224e-07
Random4074
Raw:1.0104241096782794e-05,2.122547334954209e-06,1.987322000788117e-05,0.499281670416237,6.935296550282277e-09,0.4992816704162441,2.632051939880745e-09,0.0014041591461476227,9.805874310262254e-08,2.9238684013396224e-07
EFT:1.0104241096782794e-05,2.122547334954209e-06,1.987322000788117e-05,0.499281670416237,6.935296550282277e-09,0.4992816704162441,2.6320519398807075e-09,0.0014041591461476227,9.805874310262393e-08,2.9238684013396224e-07
Random4075
Raw:1.0104241096782938e-05,2.122547334954239e-06,1.987322000788145e-05,0.499281670416237,6.935296550282277e-09,0.4992816704162441,2.632051939880745e-09,0.0014041591461476427,9.805874310262393e-08,2.9238684013396637e-07
EFT:1.0104241096782794e-05,2.122547334954209e-06,1.987322000788117e-05,0.499281670416237,6.935296550282277e-09,0.4992816704162441,2.6320519398807075e-09,0.0014041591461476227,9.805874310262393e-08,2.9238684013396224e-07
Random4076
Raw:1.0104241096782938e-05,2.122547334954209e-06,1.987322000788117e-05,0.499281670416237,6.935296550282277e-09,0.4992816704162441,2.632051939880745e-09,0.0014041591461476227,9.805874310262532e-08,2.9238684013396224e-07
EFT:1.0104241096782794e-05,2.122547334954209e-06,1.987322000788117e-05,0.499281670416237,6.935296550282277e-09,0.4992816704162441,2.6320519398807075e-09,0.0014041591461476227,9.805874310262393e-08,2.9238684013396224e-07
Random4077
Raw:1.0104241096782794e-05,2.122547334954209e-06,1.987322000788117e-05,0.499281670416237,6.9352965502821786e-09,0.4992816704162441,2.632051939880745e-09,0.0014041591461476227,9.805874310262254e-08,2.9238684013396224e-07
EFT:1.0104241096782794e-05,2.122547334954209e-06,1.987322000788117e-05,0.499281670416237,6.935296550282277e-09,0.4992816704162441,2.6320519398807075e-09,0.0014041591461476227,9.805874310262393e-08,2.9238684013396224e-07
Random4078
Raw:1.0104241096782938e-05,2.122547334954209e-06,1.987322000788117e-05,0.499281670416237,6.9352965502823754e-09,0.4992816704162441,2.632051939880745e-09,0.0014041591461476227,9.805874310262393e-08,2.9238684013396637e-07
EFT:1.0104241096782794e-05,2.122547334954209e-06,1.987322000788117e-05,0.499281670416237,6.935296550282277e-09,0.4992816704162441,2.6320519398807075e-09,0.0014041591461476227,9.805874310262393e-08,2.9238684013396224e-07
Random4079
Raw:1.0104241096782938e-05,2.122547334954209e-06,1.987322000788117e-05,0.499281670416237,6.935296550282277e-09,0.4992816704162441,2.632051939880745e-09,0.0014041591461476427,9.805874310262393e-08,2.9238684013396224e-07
EFT:1.0104241096782794e-05,2.122547334954209e-06,1.987322000788117e-05,0.499281670416237,6.935296550282277e-09,0.4992816704162441,2.6320519398807075e-09,0.0014041591461476227,9.805874310262393e-08,2.9238684013396224e-07
Random4080
Raw:1.0104241096782938e-05,2.122547334954209e-06,1.987322000788117e-05,0.499281670416237,6.935296550282277e-09,0.4992816704162441,2.632051939880745e-09,0.0014041591461476227,9.805874310262532e-08,2.9238684013396224e-07
EFT:1.0104241096782794e-05,2.122547334954209e-06,1.987322000788117e-05,0.499281670416237,6.935296550282277e-09,0.4992816704162441,2.6320519398807075e-09,0.0014041591461476227,9.805874310262393e-08,2.9238684013396224e-07
Random4081
Raw:1.0104241096782938e-05,2.122547334954209e-06,1.987322000788117e-05,0.499281670416237,6.9352965502823754e-09,0.4992816704162441,2.632051939880745e-09,0.0014041591461476227,9.805874310262532e-08,2.9238684013396637e-07
EFT:1.0104241096782794e-05,2.122547334954209e-06,1.987322000788117e-05,0.499281670416237,6.935296550282277e-09,0.4992816704162441,2.6320519398807075e-09,0.0014041591461476227,9.805874310262393e-08,2.9238684013396224e-07
Random4082
Raw:1.0104241096782938e-05,2.122547334954239e-06,1.987322000788145e-05,0.499281670416237,6.935296550282277e-09,0.4992816704162441,2.632051939880745e-09,0.0014041591461476427,9.805874310262393e-08,2.9238684013396637e-07
EFT:1.0104241096782794e-05,2.122547334954209e-06,1.987322000788117e-05,0.499281670416237,6.935296550282277e-09,0.4992816704162441,2.6320519398807075e-09,0.0014041591461476227,9.805874310262393e-08,2.9238684013396224e-07
Random4083
Raw:1.0104241096782938e-05,2.122547334954209e-06,1.987322000788117e-05,0.499281670416237,6.9352965502823754e-09,0.4992816704162441,2.632051939880745e-09,0.0014041591461476227,9.805874310262393e-08,2.9238684013396637e-07
EFT:1.0104241096782794e-05,2.122547334954209e-06,1.987322000788117e-05,0.499281670416237,6.935296550282277e-09,0.4992816704162441,2.6320519398807075e-09,0.0014041591461476227,9.805874310262393e-08,2.9238684013396224e-07
Random4084
Raw:1.0104241096782938e-05,2.122547334954209e-06,1.987322000788117e-05,0.499281670416237,6.9352965502823754e-09,0.4992816704162441,2.6320519398807824e-09,0.0014041591461476227,9.805874310262532e-08,2.9238684013396637e-07
EFT:1.0104241096782794e-05,2.122547334954209e-06,1.987322000788117e-05,0.499281670416237,6.935296550282277e-09,0.4992816704162441,2.6320519398807075e-09,0.0014041591461476227,9.805874310262393e-08,2.9238684013396224e-07
Random4085
Raw:1.0104241096782794e-05,2.122547334954209e-06,1.9873220007880885e-05,0.499281670416237,6.935296550282277e-09,0.4992816704162441,2.632051939880745e-09,0.0014041591461476227,9.805874310262254e-08,2.9238684013396224e-07
EFT:1.0104241096782794e-05,2.122547334954209e-06,1.987322000788117e-05,0.499281670416237,6.935296550282277e-09,0.4992816704162441,2.6320519398807075e-09,0.0014041591461476227,9.805874310262393e-08,2.9238684013396224e-07
Random4086
Raw:1.0104241096782938e-05,2.122547334954209e-06,1.987322000788117e-05,0.499281670416237,6.935296550282277e-09,0.4992816704162441,2.632051939880745e-09,0.0014041591461476427,9.805874310262393e-08,2.9238684013396224e-07
EFT:1.0104241096782794e-05,2.122547334954209e-06,1.987322000788117e-05,0.499281670416237,6.935296550282277e-09,0.4992816704162441,2.6320519398807075e-09,0.0014041591461476227,9.805874310262393e-08,2.9238684013396224e-07
Random4087
Raw:1.0104241096782938e-05,2.122547334954239e-06,1.9873220007880885e-05,0.499281670416237,6.935296550282277e-09,0.4992816704162441,2.632051939880745e-09,0.0014041591461476227,9.805874310262532e-08,2.9238684013396224e-07
EFT:1.0104241096782794e-05,2.122547334954209e-06,1.987322000788117e-05,0.499281670416237,6.935296550282277e-09,0.4992816704162441,2.6320519398807075e-09,0.0014041591461476227,9.805874310262393e-08,2.9238684013396224e-07
Random4088
Raw:1.0104241096782938e-05,2.122547334954209e-06,1.987322000788117e-05,0.499281670416237,6.9352965502823754e-09,0.4992816704162441,2.6320519398807824e-09,0.0014041591461476227,9.805874310262532e-08,2.9238684013396637e-07
EFT:1.0104241096782794e-05,2.122547334954209e-06,1.987322000788117e-05,0.499281670416237,6.935296550282277e-09,0.4992816704162441,2.6320519398807075e-09,0.0014041591461476227,9.805874310262393e-08,2.9238684013396224e-07
Random4089
Raw:1.0104241096782938e-05,2.122547334954209e-06,1.987322000788117e-05,0.499281670416237,6.9352965502823754e-09,0.4992816704162441,2.632051939880745e-09,0.0014041591461476227,9.805874310262672e-08,2.9238684013396637e-07
EFT:1.0104241096782794e-05,2.122547334954209e-06,1.987322000788117e-05,0.499281670416237,6.935296550282277e-09,0.4992816704162441,2.6320519398807075e-09,0.0014041591461476227,9.805874310262393e-08,2.9238684013396224e-07
Random4090
Raw:1.0104241096782867e-05,2.122547334954224e-06,1.9873220007881028e-05,0.49928167041624055,6.935296550282326e-09,0.49928167041624055,2.6320519398807265e-09,0.0014041591461476327,9.805874310262323e-08,2.923868401339643e-07
EFT:1.0104241096782794e-05,2.122547334954209e-06,1.987322000788117e-05,0.499281670416237,6.935296550282277e-09,0.4992816704162441,2.6320519398807075e-09,0.0014041591461476227,9.805874310262393e-08,2.9238684013396224e-07
Random4091
Raw:1.0104241096782938e-05,2.122547334954209e-06,1.9873220007880885e-05,0.499281670416237,6.935296550282277e-09,0.4992816704162441,2.632051939880745e-09,0.0014041591461476227,9.805874310262532e-08,2.9238684013396224e-07
EFT:1.0104241096782794e-05,2.122547334954209e-06,1.987322000788117e-05,0.499281670416237,6.935296550282277e-09,0.4992816704162441,2.6320519398807075e-09,0.0014041591461476227,9.805874310262393e-08,2.9238684013396224e-07
Random4092
Raw:1.0104241096782938e-05,2.122547334954209e-06,1.987322000788117e-05,0.499281670416237,6.9352965502823754e-09,0.4992816704162441,2.632051939880745e-09,0.0014041591461476227,9.805874310262393e-08,2.9238684013396637e-07
EFT:1.0104241096782794e-05,2.122547334954209e-06,1.987322000788117e-05,0.499281670416237,6.935296550282277e-09,0.4992816704162441,2.6320519398807075e-09,0.0014041591461476227,9.805874310262393e-08,2.9238684013396224e-07
Random4093
Raw:1.0104241096783082e-05,2.122547334954239e-06,1.987322000788145e-05,0.499281670416237,6.935296550282475e-09,0.4992816704162441,2.6320519398807824e-09,0.0014041591461476427,9.805874310262532e-08,2.9238684013396637e-07
EFT:1.0104241096782794e-05,2.122547334954209e-06,1.987322000788117e-05,0.499281670416237,6.935296550282277e-09,0.4992816704162441,2.6320519398807075e-09,0.0014041591461476227,9.805874310262393e-08,2.9238684013396224e-07
Random4094
Raw:1.0104241096782938e-05,2.122547334954239e-06,1.987322000788117e-05,0.499281670416237,6.935296550282277e-09,0.4992816704162441,2.632051939880745e-09,0.0014041591461476227,9.805874310262532e-08,2.9238684013396224e-07
EFT:1.0104241096782794e-05,2.122547334954209e-06,1.987322000788117e-05,0.499281670416237,6.935296550282277e-09,0.4992816704162441,2.6320519398807075e-09,0.0014041591461476227,9.805874310262393e-08,2.9238684013396224e-07
Random4095
Raw:1.0104241096782938e-05,2.122547334954209e-06,1.987322000788117e-05,0.499281670416237,6.9352965502823754e-09,0.4992816704162441,2.632051939880745e-09,0.0014041591461476227,9.805874310262532e-08,2.9238684013396637e-07
EFT:1.0104241096782794e-05,2.122547334954209e-06,1.987322000788117e-05,0.499281670416237,6.935296550282277e-09,0.4992816704162441,2.6320519398807075e-09,0.0014041591461476227,9.805874310262393e-08,2.9238684013396224e-07
Random4096
Raw:1.0104241096782867e-05,2.122547334954224e-06,1.987322000788131e-05,0.49928167041624055,6.935296550282326e-09,0.49928167041624055,2.6320519398807265e-09,0.0014041591461476327,9.805874310262323e-08,2.923868401339643e-07
EFT:1.0104241096782794e-05,2.122547334954209e-06,1.987322000788117e-05,0.499281670416237,6.935296550282277e-09,0.4992816704162441,2.6320519398807075e-09,0.0014041591461476227,9.805874310262393e-08,2.9238684013396224e-07
Random4097
Raw:1.0104241096783009e-05,2.122547334954224e-06,1.9873220007881028e-05,0.49928167041623345,6.935296550282327e-09,0.49928167041624766,2.6320519398807638e-09,0.0014041591461476327,9.805874310262601e-08,2.9238684013396436e-07
EFT:1.0104241096782794e-05,2.122547334954209e-06,1.987322000788117e-05,0.499281670416237,6.935296550282277e-09,0.4992816704162441,2.6320519398807075e-09,0.0014041591461476227,9.805874310262393e-08,2.9238684013396224e-07
Random4098
Raw:1.0104241096782938e-05,2.122547334954239e-06,1.987322000788145e-05,0.499281670416237,6.935296550282277e-09,0.4992816704162441,2.632051939880745e-09,0.0014041591461476427,9.805874310262393e-08,2.9238684013396637e-07
EFT:1.0104241096782794e-05,2.122547334954209e-06,1.987322000788117e-05,0.499281670416237,6.935296550282277e-09,0.4992816704162441,2.6320519398807075e-09,0.0014041591461476227,9.805874310262393e-08,2.9238684013396224e-07
Random4099
Raw:1.0104241096782938e-05,2.122547334954209e-06,1.987322000788117e-05,0.499281670416237,6.935296550282277e-09,0.4992816704162441,2.632051939880745e-09,0.0014041591461476427,9.805874310262393e-08,2.9238684013396224e-07
EFT:1.0104241096782794e-05,2.122547334954209e-06,1.987322000788117e-05,0.499281670416237,6.935296550282277e-09,0.4992816704162441,2.6320519398807075e-09,0.0014041591461476227,9.805874310262393e-08,2.9238684013396224e-07
Random4100
Raw:1.0104241096782794e-05,2.122547334954209e-06,1.987322000788117e-05,0.499281670416237,6.9352965502821786e-09,0.4992816704162441,2.6320519398807075e-09,0.0014041591461476026,9.805874310262393e-08,2.9238684013396224e-07
EFT:1.0104241096782794e-05,2.122547334954209e-06,1.987322000788117e-05,0.499281670416237,6.935296550282277e-09,0.4992816704162441,2.6320519398807075e-09,0.0014041591461476227,9.805874310262393e-08,2.9238684013396224e-07
Random4101
Raw:1.0104241096782867e-05,2.122547334954224e-06,1.987322000788131e-05,0.49928167041624055,6.935296550282326e-09,0.49928167041624055,2.6320519398807265e-09,0.0014041591461476128,9.805874310262462e-08,2.923868401339643e-07
EFT:1.0104241096782794e-05,2.122547334954209e-06,1.987322000788117e-05,0.499281670416237,6.935296550282277e-09,0.4992816704162441,2.6320519398807075e-09,0.0014041591461476227,9.805874310262393e-08,2.9238684013396224e-07
Random4102
Raw:1.0104241096782938e-05,2.122547334954209e-06,1.987322000788117e-05,0.499281670416237,6.935296550282277e-09,0.4992816704162441,2.632051939880745e-09,0.0014041591461476427,9.805874310262393e-08,2.9238684013396224e-07
EFT:1.0104241096782794e-05,2.122547334954209e-06,1.987322000788117e-05,0.499281670416237,6.935296550282277e-09,0.4992816704162441,2.6320519398807075e-09,0.0014041591461476227,9.805874310262393e-08,2.9238684013396224e-07
Random4103
Raw:1.0104241096782938e-05,2.122547334954209e-06,1.987322000788117e-05,0.499281670416237,6.9352965502823754e-09,0.4992816704162441,2.6320519398807824e-09,0.0014041591461476227,9.805874310262532e-08,2.9238684013396637e-07
EFT:1.0104241096782794e-05,2.122547334954209e-06,1.987322000788117e-05,0.499281670416237,6.935296550282277e-09,0.4992816704162441,2.6320519398807075e-09,0.0014041591461476227,9.805874310262393e-08,2.9238684013396224e-07
Random4104
Raw:1.0104241096782794e-05,2.122547334954209e-06,1.987322000788117e-05,0.499281670416237,6.9352965502821786e-09,0.4992816704162441,2.6320519398807075e-09,0.0014041591461476227,9.805874310262393e-08,2.9238684013396224e-07
EFT:1.0104241096782794e-05,2.122547334954209e-06,1.987322000788117e-05,0.499281670416237,6.935296550282277e-09,0.4992816704162441,2.6320519398807075e-09,0.0014041591461476227,9.805874310262393e-08,2.9238684013396224e-07
Random4105
Raw:1.0104241096782938e-05,2.122547334954209e-06,1.987322000788117e-05,0.499281670416237,6.935296550282277e-09,0.4992816704162441,2.632051939880745e-09,0.0014041591461476227,9.805874310262532e-08,2.9238684013396224e-07
EFT:1.0104241096782794e-05,2.122547334954209e-06,1.987322000788117e-05,0.499281670416237,6.935296550282277e-09,0.4992816704162441,2.6320519398807075e-09,0.0014041591461476227,9.805874310262393e-08,2.9238684013396224e-07
Random4106
Raw:1.0104241096782938e-05,2.122547334954209e-06,1.9873220007880885e-05,0.499281670416237,6.935296550282277e-09,0.4992816704162441,2.632051939880745e-09,0.0014041591461476227,9.805874310262532e-08,2.9238684013396224e-07
EFT:1.0104241096782794e-05,2.122547334954209e-06,1.987322000788117e-05,0.499281670416237,6.935296550282277e-09,0.4992816704162441,2.6320519398807075e-09,0.0014041591461476227,9.805874310262393e-08,2.9238684013396224e-07
Random4107
Raw:1.0104241096782865e-05,2.122547334954194e-06,1.9873220007881028e-05,0.49928167041623345,6.935296550282327e-09,0.49928167041624766,2.632051939880726e-09,0.0014041591461476126,9.805874310262462e-08,2.9238684013396436e-07
EFT:1.0104241096782794e-05,2.122547334954209e-06,1.987322000788117e-05,0.499281670416237,6.935296550282277e-09,0.4992816704162441,2.6320519398807075e-09,0.0014041591461476227,9.805874310262393e-08,2.9238684013396224e-07
Random4108
Raw:1.0104241096782867e-05,2.122547334954194e-06,1.9873220007881028e-05,0.49928167041624055,6.935296550282326e-09,0.49928167041624055,2.6320519398807265e-09,0.0014041591461476128,9.805874310262323e-08,2.923868401339643e-07
EFT:1.0104241096782794e-05,2.122547334954209e-06,1.987322000788117e-05,0.499281670416237,6.935296550282277e-09,0.4992816704162441,2.6320519398807075e-09,0.0014041591461476227,9.805874310262393e-08,2.9238684013396224e-07
Random4109
Raw:1.0104241096782938e-05,2.122547334954239e-06,1.9873220007880885e-05,0.499281670416237,6.935296550282277e-09,0.4992816704162441,2.632051939880745e-09,0.0014041591461476227,9.805874310262532e-08,2.9238684013396224e-07
EFT:1.0104241096782794e-05,2.122547334954209e-06,1.987322000788117e-05,0.499281670416237,6.935296550282277e-09,0.4992816704162441,2.6320519398807075e-09,0.0014041591461476227,9.805874310262393e-08,2.9238684013396224e-07
Random4110
Raw:1.0104241096782794e-05,2.122547334954209e-06,1.987322000788117e-05,0.499281670416237,6.9352965502821786e-09,0.4992816704162441,2.6320519398807075e-09,0.0014041591461476227,9.805874310262393e-08,2.9238684013396224e-07
EFT:1.0104241096782794e-05,2.122547334954209e-06,1.987322000788117e-05,0.499281670416237,6.935296550282277e-09,0.4992816704162441,2.6320519398807075e-09,0.0014041591461476227,9.805874310262393e-08,2.9238684013396224e-07
Random4111
Raw:1.0104241096782938e-05,2.122547334954239e-06,1.987322000788145e-05,0.499281670416237,6.935296550282277e-09,0.4992816704162441,2.632051939880745e-09,0.0014041591461476427,9.805874310262393e-08,2.9238684013396637e-07
EFT:1.0104241096782794e-05,2.122547334954209e-06,1.987322000788117e-05,0.499281670416237,6.935296550282277e-09,0.4992816704162441,2.6320519398807075e-09,0.0014041591461476227,9.805874310262393e-08,2.9238684013396224e-07
Random4112
Raw:1.0104241096782938e-05,2.122547334954209e-06,1.9873220007880885e-05,0.499281670416237,6.935296550282277e-09,0.4992816704162441,2.632051939880745e-09,0.0014041591461476227,9.805874310262393e-08,2.9238684013396224e-07
EFT:1.0104241096782794e-05,2.122547334954209e-06,1.987322000788117e-05,0.499281670416237,6.935296550282277e-09,0.4992816704162441,2.6320519398807075e-09,0.0014041591461476227,9.805874310262393e-08,2.9238684013396224e-07
Random4113
Raw:1.0104241096782867e-05,2.122547334954194e-06,1.9873220007881028e-05,0.49928167041624055,6.935296550282228e-09,0.49928167041624055,2.632051939880689e-09,0.0014041591461476128,9.805874310262462e-08,2.923868401339602e-07
EFT:1.0104241096782794e-05,2.122547334954209e-06,1.987322000788117e-05,0.499281670416237,6.935296550282277e-09,0.4992816704162441,2.6320519398807075e-09,0.0014041591461476227,9.805874310262393e-08,2.9238684013396224e-07
Random4114
Raw:1.0104241096782723e-05,2.122547334954194e-06,1.9873220007881028e-05,0.49928167041624055,6.93529655028213e-09,0.49928167041624055,2.6320519398806513e-09,0.0014041591461476128,9.805874310262323e-08,2.923868401339602e-07
EFT:1.0104241096782794e-05,2.122547334954209e-06,1.987322000788117e-05,0.499281670416237,6.935296550282277e-09,0.4992816704162441,2.6320519398807075e-09,0.0014041591461476227,9.805874310262393e-08,2.9238684013396224e-07
Random4115
Raw:1.0104241096782867e-05,2.122547334954194e-06,1.9873220007881028e-05,0.49928167041624055,6.935296550282326e-09,0.49928167041624055,2.6320519398807265e-09,0.0014041591461476128,9.805874310262602e-08,2.923868401339643e-07
EFT:1.0104241096782794e-05,2.122547334954209e-06,1.987322000788117e-05,0.499281670416237,6.935296550282277e-09,0.4992816704162441,2.6320519398807075e-09,0.0014041591461476227,9.805874310262393e-08,2.9238684013396224e-07
Random4116
Raw:1.0104241096783009e-05,2.122547334954194e-06,1.9873220007881028e-05,0.49928167041623345,6.935296550282327e-09,0.49928167041624766,2.6320519398807638e-09,0.0014041591461476126,9.805874310262601e-08,2.9238684013396436e-07
EFT:1.0104241096782794e-05,2.122547334954209e-06,1.987322000788117e-05,0.499281670416237,6.935296550282277e-09,0.4992816704162441,2.6320519398807075e-09,0.0014041591461476227,9.805874310262393e-08,2.9238684013396224e-07
Random4117
Raw:1.0104241096782938e-05,2.122547334954209e-06,1.9873220007880885e-05,0.499281670416237,6.935296550282277e-09,0.4992816704162441,2.632051939880745e-09,0.0014041591461476227,9.805874310262532e-08,2.9238684013396224e-07
EFT:1.0104241096782794e-05,2.122547334954209e-06,1.987322000788117e-05,0.499281670416237,6.935296550282277e-09,0.4992816704162441,2.6320519398807075e-09,0.0014041591461476227,9.805874310262393e-08,2.9238684013396224e-07
Random4118
Raw:1.0104241096782938e-05,2.122547334954209e-06,1.987322000788117e-05,0.499281670416237,6.935296550282277e-09,0.4992816704162441,2.632051939880745e-09,0.0014041591461476427,9.805874310262393e-08,2.9238684013396224e-07
EFT:1.0104241096782794e-05,2.122547334954209e-06,1.987322000788117e-05,0.499281670416237,6.935296550282277e-09,0.4992816704162441,2.6320519398807075e-09,0.0014041591461476227,9.805874310262393e-08,2.9238684013396224e-07
Random4119
Raw:1.0104241096782867e-05,2.122547334954224e-06,1.9873220007881028e-05,0.49928167041624055,6.935296550282326e-09,0.49928167041624055,2.6320519398807265e-09,0.0014041591461476327,9.805874310262323e-08,2.923868401339643e-07
EFT:1.0104241096782794e-05,2.122547334954209e-06,1.987322000788117e-05,0.499281670416237,6.935296550282277e-09,0.4992816704162441,2.6320519398807075e-09,0.0014041591461476227,9.805874310262393e-08,2.9238684013396224e-07
Random4120
Raw:1.0104241096782938e-05,2.122547334954209e-06,1.987322000788117e-05,0.499281670416237,6.935296550282277e-09,0.4992816704162441,2.632051939880745e-09,0.0014041591461476227,9.805874310262532e-08,2.9238684013396224e-07
EFT:1.0104241096782794e-05,2.122547334954209e-06,1.987322000788117e-05,0.499281670416237,6.935296550282277e-09,0.4992816704162441,2.6320519398807075e-09,0.0014041591461476227,9.805874310262393e-08,2.9238684013396224e-07
Random4121
Raw:1.0104241096782867e-05,2.122547334954194e-06,1.9873220007881028e-05,0.49928167041624055,6.935296550282228e-09,0.49928167041624055,2.632051939880689e-09,0.0014041591461476327,9.805874310262323e-08,2.923868401339602e-07
EFT:1.0104241096782794e-05,2.122547334954209e-06,1.987322000788117e-05,0.499281670416237,6.935296550282277e-09,0.4992816704162441,2.6320519398807075e-09,0.0014041591461476227,9.805874310262393e-08,2.9238684013396224e-07
Random4122
Raw:1.0104241096782938e-05,2.122547334954209e-06,1.9873220007880885e-05,0.499281670416237,6.935296550282277e-09,0.4992816704162441,2.632051939880745e-09,0.0014041591461476227,9.805874310262393e-08,2.9238684013396224e-07
EFT:1.0104241096782794e-05,2.122547334954209e-06,1.987322000788117e-05,0.499281670416237,6.935296550282277e-09,0.4992816704162441,2.6320519398807075e-09,0.0014041591461476227,9.805874310262393e-08,2.9238684013396224e-07
Random4123
Raw:1.0104241096782867e-05,2.122547334954194e-06,1.9873220007881028e-05,0.49928167041624055,6.935296550282326e-09,0.49928167041624055,2.6320519398807265e-09,0.0014041591461476128,9.805874310262323e-08,2.923868401339643e-07
EFT:1.0104241096782794e-05,2.122547334954209e-06,1.987322000788117e-05,0.499281670416237,6.935296550282277e-09,0.4992816704162441,2.6320519398807075e-09,0.0014041591461476227,9.805874310262393e-08,2.9238684013396224e-07
Random4124
Raw:1.0104241096782938e-05,2.1225473349541788e-06,1.9873220007880885e-05,0.499281670416237,6.935296550282277e-09,0.4992816704162441,2.632051939880745e-09,0.0014041591461476026,9.805874310262532e-08,2.9238684013396224e-07
EFT:1.0104241096782794e-05,2.122547334954209e-06,1.987322000788117e-05,0.499281670416237,6.935296550282277e-09,0.4992816704162441,2.6320519398807075e-09,0.0014041591461476227,9.805874310262393e-08,2.9238684013396224e-07
Random4125
Raw:1.0104241096782938e-05,2.122547334954239e-06,1.987322000788145e-05,0.499281670416237,6.935296550282277e-09,0.4992816704162441,2.632051939880745e-09,0.0014041591461476427,9.805874310262393e-08,2.9238684013396637e-07
EFT:1.0104241096782794e-05,2.122547334954209e-06,1.987322000788117e-05,0.499281670416237,6.935296550282277e-09,0.4992816704162441,2.6320519398807075e-09,0.0014041591461476227,9.805874310262393e-08,2.9238684013396224e-07
Random4126
Raw:1.0104241096782938e-05,2.122547334954209e-06,1.987322000788117e-05,0.499281670416237,6.9352965502823754e-09,0.4992816704162441,2.6320519398807824e-09,0.0014041591461476227,9.805874310262532e-08,2.9238684013396637e-07
EFT:1.0104241096782794e-05,2.122547334954209e-06,1.987322000788117e-05,0.499281670416237,6.935296550282277e-09,0.4992816704162441,2.6320519398807075e-09,0.0014041591461476227,9.805874310262393e-08,2.9238684013396224e-07
Random4127
Raw:1.0104241096782794e-05,2.122547334954209e-06,1.987322000788117e-05,0.499281670416237,6.9352965502821786e-09,0.4992816704162441,2.6320519398807075e-09,0.0014041591461476227,9.805874310262393e-08,2.9238684013396224e-07
EFT:1.0104241096782794e-05,2.122547334954209e-06,1.987322000788117e-05,0.499281670416237,6.935296550282277e-09,0.4992816704162441,2.6320519398807075e-09,0.0014041591461476227,9.805874310262393e-08,2.9238684013396224e-07
Random4128
Raw:1.0104241096782938e-05,2.122547334954209e-06,1.987322000788117e-05,0.499281670416237,6.935296550282277e-09,0.4992816704162441,2.632051939880745e-09,0.0014041591461476227,9.805874310262532e-08,2.9238684013396224e-07
EFT:1.0104241096782794e-05,2.122547334954209e-06,1.987322000788117e-05,0.499281670416237,6.935296550282277e-09,0.4992816704162441,2.6320519398807075e-09,0.0014041591461476227,9.805874310262393e-08,2.9238684013396224e-07
Random4129
Raw:1.0104241096782867e-05,2.122547334954224e-06,1.987322000788131e-05,0.49928167041624055,6.935296550282326e-09,0.49928167041624055,2.6320519398807265e-09,0.0014041591461476327,9.805874310262462e-08,2.923868401339643e-07
EFT:1.0104241096782794e-05,2.122547334954209e-06,1.987322000788117e-05,0.499281670416237,6.935296550282277e-09,0.4992816704162441,2.6320519398807075e-09,0.0014041591461476227,9.805874310262393e-08,2.9238684013396224e-07
Random4130
Raw:1.0104241096782938e-05,2.122547334954239e-06,1.987322000788145e-05,0.499281670416237,6.935296550282277e-09,0.4992816704162441,2.632051939880745e-09,0.0014041591461476227,9.805874310262532e-08,2.9238684013396224e-07
EFT:1.0104241096782794e-05,2.122547334954209e-06,1.987322000788117e-05,0.499281670416237,6.935296550282277e-09,0.4992816704162441,2.6320519398807075e-09,0.0014041591461476227,9.805874310262393e-08,2.9238684013396224e-07
Random4131
Raw:1.0104241096782938e-05,2.122547334954209e-06,1.987322000788117e-05,0.499281670416237,6.9352965502823754e-09,0.4992816704162441,2.632051939880745e-09,0.0014041591461476227,9.805874310262532e-08,2.9238684013396637e-07
EFT:1.0104241096782794e-05,2.122547334954209e-06,1.987322000788117e-05,0.499281670416237,6.935296550282277e-09,0.4992816704162441,2.6320519398807075e-09,0.0014041591461476227,9.805874310262393e-08,2.9238684013396224e-07
Random4132
Raw:1.0104241096782938e-05,2.122547334954239e-06,1.987322000788117e-05,0.499281670416237,6.9352965502823754e-09,0.4992816704162441,2.6320519398807824e-09,0.0014041591461476227,9.805874310262532e-08,2.9238684013396637e-07
EFT:1.0104241096782794e-05,2.122547334954209e-06,1.987322000788117e-05,0.499281670416237,6.935296550282277e-09,0.4992816704162441,2.6320519398807075e-09,0.0014041591461476227,9.805874310262393e-08,2.9238684013396224e-07
Random4133
Raw:1.0104241096782938e-05,2.122547334954209e-06,1.987322000788117e-05,0.499281670416237,6.9352965502823754e-09,0.4992816704162441,2.632051939880745e-09,0.0014041591461476227,9.805874310262393e-08,2.9238684013396637e-07
EFT:1.0104241096782794e-05,2.122547334954209e-06,1.987322000788117e-05,0.499281670416237,6.935296550282277e-09,0.4992816704162441,2.6320519398807075e-09,0.0014041591461476227,9.805874310262393e-08,2.9238684013396224e-07
Random4134
Raw:1.0104241096782794e-05,2.122547334954209e-06,1.987322000788117e-05,0.499281670416237,6.935296550282277e-09,0.4992816704162441,2.6320519398807075e-09,0.0014041591461476227,9.805874310262393e-08,2.9238684013396224e-07
EFT:1.0104241096782794e-05,2.122547334954209e-06,1.987322000788117e-05,0.499281670416237,6.935296550282277e-09,0.4992816704162441,2.6320519398807075e-09,0.0014041591461476227,9.805874310262393e-08,2.9238684013396224e-07
Random4135
Raw:1.0104241096782867e-05,2.122547334954224e-06,1.987322000788131e-05,0.49928167041624055,6.935296550282326e-09,0.49928167041624055,2.6320519398807265e-09,0.0014041591461476327,9.805874310262462e-08,2.923868401339643e-07
EFT:1.0104241096782794e-05,2.122547334954209e-06,1.987322000788117e-05,0.499281670416237,6.935296550282277e-09,0.4992816704162441,2.6320519398807075e-09,0.0014041591461476227,9.805874310262393e-08,2.9238684013396224e-07
Random4136
Raw:1.0104241096782938e-05,2.122547334954239e-06,1.987322000788117e-05,0.499281670416237,6.9352965502823754e-09,0.4992816704162441,2.6320519398807824e-09,0.0014041591461476227,9.805874310262532e-08,2.9238684013396637e-07
EFT:1.0104241096782794e-05,2.122547334954209e-06,1.987322000788117e-05,0.499281670416237,6.935296550282277e-09,0.4992816704162441,2.6320519398807075e-09,0.0014041591461476227,9.805874310262393e-08,2.9238684013396224e-07
Random4137
Raw:1.0104241096782867e-05,2.122547334954224e-06,1.987322000788131e-05,0.49928167041624055,6.935296550282326e-09,0.49928167041624055,2.6320519398807265e-09,0.0014041591461476327,9.805874310262323e-08,2.923868401339643e-07
EFT:1.0104241096782794e-05,2.122547334954209e-06,1.987322000788117e-05,0.499281670416237,6.935296550282277e-09,0.4992816704162441,2.6320519398807075e-09,0.0014041591461476227,9.805874310262393e-08,2.9238684013396224e-07
Random4138
Raw:1.0104241096782867e-05,2.122547334954194e-06,1.9873220007881028e-05,0.49928167041624055,6.935296550282228e-09,0.49928167041624055,2.632051939880689e-09,0.0014041591461476327,9.805874310262323e-08,2.923868401339602e-07
EFT:1.0104241096782794e-05,2.122547334954209e-06,1.987322000788117e-05,0.499281670416237,6.935296550282277e-09,0.4992816704162441,2.6320519398807075e-09,0.0014041591461476227,9.805874310262393e-08,2.9238684013396224e-07
Random4139
Raw:1.0104241096783009e-05,2.122547334954194e-06,1.9873220007881028e-05,0.49928167041623345,6.935296550282327e-09,0.49928167041624766,2.6320519398807638e-09,0.0014041591461476327,9.805874310262462e-08,2.9238684013396436e-07
EFT:1.0104241096782794e-05,2.122547334954209e-06,1.987322000788117e-05,0.499281670416237,6.935296550282277e-09,0.4992816704162441,2.6320519398807075e-09,0.0014041591461476227,9.805874310262393e-08,2.9238684013396224e-07
Random4140
Raw:1.0104241096782938e-05,2.122547334954239e-06,1.987322000788145e-05,0.499281670416237,6.935296550282277e-09,0.4992816704162441,2.632051939880745e-09,0.0014041591461476427,9.805874310262532e-08,2.9238684013396224e-07
EFT:1.0104241096782794e-05,2.122547334954209e-06,1.987322000788117e-05,0.499281670416237,6.935296550282277e-09,0.4992816704162441,2.6320519398807075e-09,0.0014041591461476227,9.805874310262393e-08,2.9238684013396224e-07
Random4141
Raw:1.0104241096782938e-05,2.122547334954209e-06,1.9873220007880885e-05,0.499281670416237,6.935296550282277e-09,0.4992816704162441,2.632051939880745e-09,0.0014041591461476227,9.805874310262393e-08,2.9238684013396224e-07
EFT:1.0104241096782794e-05,2.122547334954209e-06,1.987322000788117e-05,0.499281670416237,6.935296550282277e-09,0.4992816704162441,2.6320519398807075e-09,0.0014041591461476227,9.805874310262393e-08,2.9238684013396224e-07
Random4142
Raw:1.0104241096782865e-05,2.122547334954194e-06,1.9873220007881028e-05,0.49928167041623345,6.935296550282327e-09,0.49928167041624766,2.632051939880726e-09,0.0014041591461476126,9.805874310262462e-08,2.9238684013396436e-07
EFT:1.0104241096782794e-05,2.122547334954209e-06,1.987322000788117e-05,0.499281670416237,6.935296550282277e-09,0.4992816704162441,2.6320519398807075e-09,0.0014041591461476227,9.805874310262393e-08,2.9238684013396224e-07
Random4143
Raw:1.0104241096783009e-05,2.122547334954224e-06,1.987322000788131e-05,0.49928167041623345,6.935296550282327e-09,0.49928167041624766,2.6320519398807638e-09,0.0014041591461476327,9.805874310262601e-08,2.9238684013396436e-07
EFT:1.0104241096782794e-05,2.122547334954209e-06,1.987322000788117e-05,0.499281670416237,6.935296550282277e-09,0.4992816704162441,2.6320519398807075e-09,0.0014041591461476227,9.805874310262393e-08,2.9238684013396224e-07
Random4144
Raw:1.0104241096782865e-05,2.122547334954194e-06,1.9873220007881028e-05,0.49928167041623345,6.935296550282228e-09,0.49928167041624766,2.6320519398807638e-09,0.0014041591461476126,9.805874310262324e-08,2.9238684013396436e-07
EFT:1.0104241096782794e-05,2.122547334954209e-06,1.987322000788117e-05,0.499281670416237,6.935296550282277e-09,0.4992816704162441,2.6320519398807075e-09,0.0014041591461476227,9.805874310262393e-08,2.9238684013396224e-07
Random4145
Raw:1.0104241096782938e-05,2.122547334954209e-06,1.987322000788117e-05,0.499281670416237,6.9352965502823754e-09,0.4992816704162441,2.6320519398807824e-09,0.0014041591461476227,9.805874310262532e-08,2.9238684013396637e-07
EFT:1.0104241096782794e-05,2.122547334954209e-06,1.987322000788117e-05,0.499281670416237,6.935296550282277e-09,0.4992816704162441,2.6320519398807075e-09,0.0014041591461476227,9.805874310262393e-08,2.9238684013396224e-07
Random4146
Raw:1.0104241096782938e-05,2.122547334954209e-06,1.9873220007880885e-05,0.499281670416237,6.935296550282277e-09,0.4992816704162441,2.632051939880745e-09,0.0014041591461476227,9.805874310262532e-08,2.9238684013396224e-07
EFT:1.0104241096782794e-05,2.122547334954209e-06,1.987322000788117e-05,0.499281670416237,6.935296550282277e-09,0.4992816704162441,2.6320519398807075e-09,0.0014041591461476227,9.805874310262393e-08,2.9238684013396224e-07
Random4147
Raw:1.0104241096782867e-05,2.122547334954224e-06,1.987322000788131e-05,0.49928167041624055,6.935296550282326e-09,0.49928167041624055,2.6320519398807265e-09,0.0014041591461476327,9.805874310262462e-08,2.923868401339643e-07
EFT:1.0104241096782794e-05,2.122547334954209e-06,1.987322000788117e-05,0.499281670416237,6.935296550282277e-09,0.4992816704162441,2.6320519398807075e-09,0.0014041591461476227,9.805874310262393e-08,2.9238684013396224e-07
Random4148
Raw:1.0104241096782938e-05,2.122547334954209e-06,1.9873220007880885e-05,0.499281670416237,6.935296550282277e-09,0.4992816704162441,2.632051939880745e-09,0.0014041591461476227,9.805874310262532e-08,2.9238684013396224e-07
EFT:1.0104241096782794e-05,2.122547334954209e-06,1.987322000788117e-05,0.499281670416237,6.935296550282277e-09,0.4992816704162441,2.6320519398807075e-09,0.0014041591461476227,9.805874310262393e-08,2.9238684013396224e-07
Random4149
Raw:1.0104241096782938e-05,2.122547334954209e-06,1.987322000788117e-05,0.499281670416237,6.9352965502823754e-09,0.4992816704162441,2.632051939880745e-09,0.0014041591461476227,9.805874310262393e-08,2.9238684013396637e-07
EFT:1.0104241096782794e-05,2.122547334954209e-06,1.987322000788117e-05,0.499281670416237,6.935296550282277e-09,0.4992816704162441,2.6320519398807075e-09,0.0014041591461476227,9.805874310262393e-08,2.9238684013396224e-07
Random4150
Raw:1.0104241096782867e-05,2.122547334954224e-06,1.9873220007881028e-05,0.49928167041624055,6.935296550282326e-09,0.49928167041624055,2.6320519398807265e-09,0.0014041591461476128,9.805874310262462e-08,2.923868401339643e-07
EFT:1.0104241096782794e-05,2.122547334954209e-06,1.987322000788117e-05,0.499281670416237,6.935296550282277e-09,0.4992816704162441,2.6320519398807075e-09,0.0014041591461476227,9.805874310262393e-08,2.9238684013396224e-07
Random4151
Raw:1.0104241096782938e-05,2.122547334954239e-06,1.987322000788117e-05,0.499281670416237,6.9352965502823754e-09,0.4992816704162441,2.6320519398807824e-09,0.0014041591461476227,9.805874310262532e-08,2.9238684013396637e-07
EFT:1.0104241096782794e-05,2.122547334954209e-06,1.987322000788117e-05,0.499281670416237,6.935296550282277e-09,0.4992816704162441,2.6320519398807075e-09,0.0014041591461476227,9.805874310262393e-08,2.9238684013396224e-07
Random4152
Raw:1.0104241096782794e-05,2.122547334954209e-06,1.987322000788117e-05,0.499281670416237,6.935296550282277e-09,0.4992816704162441,2.6320519398807075e-09,0.0014041591461476026,9.805874310262393e-08,2.9238684013396224e-07
EFT:1.0104241096782794e-05,2.122547334954209e-06,1.987322000788117e-05,0.499281670416237,6.935296550282277e-09,0.4992816704162441,2.6320519398807075e-09,0.0014041591461476227,9.805874310262393e-08,2.9238684013396224e-07
Random4153
Raw:1.0104241096782794e-05,2.122547334954239e-06,1.987322000788117e-05,0.4992816704162441,6.935296550282277e-09,0.499281670416237,2.6320519398807075e-09,0.0014041591461476227,9.805874310262393e-08,2.9238684013396224e-07
EFT:1.0104241096782794e-05,2.122547334954209e-06,1.987322000788117e-05,0.499281670416237,6.935296550282277e-09,0.4992816704162441,2.6320519398807075e-09,0.0014041591461476227,9.805874310262393e-08,2.9238684013396224e-07
Random4154
Raw:1.0104241096782938e-05,2.122547334954209e-06,1.987322000788117e-05,0.499281670416237,6.9352965502823754e-09,0.4992816704162441,2.632051939880745e-09,0.0014041591461476227,9.805874310262532e-08,2.9238684013396637e-07
EFT:1.0104241096782794e-05,2.122547334954209e-06,1.987322000788117e-05,0.499281670416237,6.935296550282277e-09,0.4992816704162441,2.6320519398807075e-09,0.0014041591461476227,9.805874310262393e-08,2.9238684013396224e-07
Random4155
Raw:1.0104241096782938e-05,2.122547334954239e-06,1.987322000788117e-05,0.499281670416237,6.935296550282277e-09,0.4992816704162441,2.632051939880745e-09,0.0014041591461476427,9.805874310262532e-08,2.9238684013396224e-07
EFT:1.0104241096782794e-05,2.122547334954209e-06,1.987322000788117e-05,0.499281670416237,6.935296550282277e-09,0.4992816704162441,2.6320519398807075e-09,0.0014041591461476227,9.805874310262393e-08,2.9238684013396224e-07
Random4156
Raw:1.0104241096782794e-05,2.1225473349541788e-06,1.9873220007880885e-05,0.499281670416237,6.935296550282277e-09,0.4992816704162441,2.632051939880745e-09,0.0014041591461476026,9.805874310262254e-08,2.9238684013396224e-07
EFT:1.0104241096782794e-05,2.122547334954209e-06,1.987322000788117e-05,0.499281670416237,6.935296550282277e-09,0.4992816704162441,2.6320519398807075e-09,0.0014041591461476227,9.805874310262393e-08,2.9238684013396224e-07
Random4157
Raw:1.0104241096782938e-05,2.122547334954239e-06,1.987322000788117e-05,0.499281670416237,6.935296550282277e-09,0.4992816704162441,2.632051939880745e-09,0.0014041591461476427,9.805874310262393e-08,2.9238684013396637e-07
EFT:1.0104241096782794e-05,2.122547334954209e-06,1.987322000788117e-05,0.499281670416237,6.935296550282277e-09,0.4992816704162441,2.6320519398807075e-09,0.0014041591461476227,9.805874310262393e-08,2.9238684013396224e-07
Random4158
Raw:1.0104241096782938e-05,2.122547334954239e-06,1.987322000788117e-05,0.499281670416237,6.9352965502823754e-09,0.4992816704162441,2.6320519398807824e-09,0.0014041591461476227,9.805874310262532e-08,2.9238684013396637e-07
EFT:1.0104241096782794e-05,2.122547334954209e-06,1.987322000788117e-05,0.499281670416237,6.935296550282277e-09,0.4992816704162441,2.6320519398807075e-09,0.0014041591461476227,9.805874310262393e-08,2.9238684013396224e-07
Random4159
Raw:1.0104241096782938e-05,2.122547334954209e-06,1.987322000788117e-05,0.499281670416237,6.9352965502823754e-09,0.4992816704162441,2.632051939880745e-09,0.0014041591461476227,9.805874310262532e-08,2.9238684013396637e-07
EFT:1.0104241096782794e-05,2.122547334954209e-06,1.987322000788117e-05,0.499281670416237,6.935296550282277e-09,0.4992816704162441,2.6320519398807075e-09,0.0014041591461476227,9.805874310262393e-08,2.9238684013396224e-07
Random4160
Raw:1.0104241096782794e-05,2.122547334954209e-06,1.987322000788117e-05,0.499281670416237,6.935296550282277e-09,0.4992816704162441,2.6320519398807075e-09,0.0014041591461476227,9.805874310262393e-08,2.9238684013396224e-07
EFT:1.0104241096782794e-05,2.122547334954209e-06,1.987322000788117e-05,0.499281670416237,6.935296550282277e-09,0.4992816704162441,2.6320519398807075e-09,0.0014041591461476227,9.805874310262393e-08,2.9238684013396224e-07
Random4161
Raw:1.0104241096782938e-05,2.122547334954209e-06,1.987322000788117e-05,0.499281670416237,6.9352965502823754e-09,0.4992816704162441,2.632051939880745e-09,0.0014041591461476227,9.805874310262672e-08,2.9238684013396637e-07
EFT:1.0104241096782794e-05,2.122547334954209e-06,1.987322000788117e-05,0.499281670416237,6.935296550282277e-09,0.4992816704162441,2.6320519398807075e-09,0.0014041591461476227,9.805874310262393e-08,2.9238684013396224e-07
Random4162
Raw:1.0104241096782938e-05,2.122547334954209e-06,1.987322000788117e-05,0.499281670416237,6.935296550282277e-09,0.4992816704162441,2.632051939880745e-09,0.0014041591461476427,9.805874310262393e-08,2.9238684013396224e-07
EFT:1.0104241096782794e-05,2.122547334954209e-06,1.987322000788117e-05,0.499281670416237,6.935296550282277e-09,0.4992816704162441,2.6320519398807075e-09,0.0014041591461476227,9.805874310262393e-08,2.9238684013396224e-07
Random4163
Raw:1.0104241096782938e-05,2.122547334954209e-06,1.987322000788117e-05,0.499281670416237,6.935296550282277e-09,0.4992816704162441,2.632051939880745e-09,0.0014041591461476427,9.805874310262393e-08,2.9238684013396224e-07
EFT:1.0104241096782794e-05,2.122547334954209e-06,1.987322000788117e-05,0.499281670416237,6.935296550282277e-09,0.4992816704162441,2.6320519398807075e-09,0.0014041591461476227,9.805874310262393e-08,2.9238684013396224e-07
Random4164
Raw:1.0104241096783009e-05,2.122547334954194e-06,1.9873220007881028e-05,0.49928167041623345,6.935296550282327e-09,0.49928167041624766,2.6320519398807638e-09,0.0014041591461476126,9.805874310262601e-08,2.9238684013396436e-07
EFT:1.0104241096782794e-05,2.122547334954209e-06,1.987322000788117e-05,0.499281670416237,6.935296550282277e-09,0.4992816704162441,2.6320519398807075e-09,0.0014041591461476227,9.805874310262393e-08,2.9238684013396224e-07
Random4165
Raw:1.0104241096782938e-05,2.122547334954209e-06,1.987322000788117e-05,0.499281670416237,6.935296550282277e-09,0.4992816704162441,2.632051939880745e-09,0.0014041591461476227,9.805874310262532e-08,2.9238684013396224e-07
EFT:1.0104241096782794e-05,2.122547334954209e-06,1.987322000788117e-05,0.499281670416237,6.935296550282277e-09,0.4992816704162441,2.6320519398807075e-09,0.0014041591461476227,9.805874310262393e-08,2.9238684013396224e-07
Random4166
Raw:1.0104241096782867e-05,2.122547334954224e-06,1.987322000788131e-05,0.49928167041624055,6.935296550282228e-09,0.49928167041624055,2.632051939880689e-09,0.0014041591461476327,9.805874310262323e-08,2.923868401339643e-07
EFT:1.0104241096782794e-05,2.122547334954209e-06,1.987322000788117e-05,0.499281670416237,6.935296550282277e-09,0.4992816704162441,2.6320519398807075e-09,0.0014041591461476227,9.805874310262393e-08,2.9238684013396224e-07
Random4167
Raw:1.0104241096782865e-05,2.122547334954194e-06,1.9873220007881028e-05,0.49928167041623345,6.935296550282228e-09,0.49928167041624766,2.632051939880726e-09,0.0014041591461476126,9.805874310262462e-08,2.9238684013396436e-07
EFT:1.0104241096782794e-05,2.122547334954209e-06,1.987322000788117e-05,0.499281670416237,6.935296550282277e-09,0.4992816704162441,2.6320519398807075e-09,0.0014041591461476227,9.805874310262393e-08,2.9238684013396224e-07
Random4168
Raw:1.0104241096783009e-05,2.122547334954224e-06,1.987322000788131e-05,0.49928167041623345,6.935296550282327e-09,0.49928167041624766,2.6320519398807638e-09,0.0014041591461476327,9.805874310262601e-08,2.9238684013396436e-07
EFT:1.0104241096782794e-05,2.122547334954209e-06,1.987322000788117e-05,0.499281670416237,6.935296550282277e-09,0.4992816704162441,2.6320519398807075e-09,0.0014041591461476227,9.805874310262393e-08,2.9238684013396224e-07
Random4169
Raw:1.0104241096783009e-05,2.122547334954224e-06,1.987322000788131e-05,0.49928167041623345,6.935296550282327e-09,0.49928167041624766,2.6320519398807638e-09,0.0014041591461476327,9.805874310262462e-08,2.923868401339685e-07
EFT:1.0104241096782794e-05,2.122547334954209e-06,1.987322000788117e-05,0.499281670416237,6.935296550282277e-09,0.4992816704162441,2.6320519398807075e-09,0.0014041591461476227,9.805874310262393e-08,2.9238684013396224e-07
Random4170
Raw:1.0104241096782794e-05,2.122547334954209e-06,1.987322000788117e-05,0.499281670416237,6.935296550282277e-09,0.4992816704162441,2.632051939880745e-09,0.0014041591461476227,9.805874310262254e-08,2.9238684013396224e-07
EFT:1.0104241096782794e-05,2.122547334954209e-06,1.987322000788117e-05,0.499281670416237,6.935296550282277e-09,0.4992816704162441,2.6320519398807075e-09,0.0014041591461476227,9.805874310262393e-08,2.9238684013396224e-07
Random4171
Raw:1.0104241096782867e-05,2.122547334954224e-06,1.987322000788131e-05,0.49928167041624055,6.935296550282326e-09,0.49928167041624055,2.6320519398807265e-09,0.0014041591461476327,9.805874310262602e-08,2.923868401339643e-07
EFT:1.0104241096782794e-05,2.122547334954209e-06,1.987322000788117e-05,0.499281670416237,6.935296550282277e-09,0.4992816704162441,2.6320519398807075e-09,0.0014041591461476227,9.805874310262393e-08,2.9238684013396224e-07
Random4172
Raw:1.0104241096782938e-05,2.122547334954239e-06,1.987322000788117e-05,0.499281670416237,6.9352965502823754e-09,0.4992816704162441,2.6320519398807824e-09,0.0014041591461476227,9.805874310262532e-08,2.9238684013396637e-07
EFT:1.0104241096782794e-05,2.122547334954209e-06,1.987322000788117e-05,0.499281670416237,6.935296550282277e-09,0.4992816704162441,2.6320519398807075e-09,0.0014041591461476227,9.805874310262393e-08,2.9238684013396224e-07
Random4173
Raw:1.0104241096782938e-05,2.122547334954209e-06,1.987322000788117e-05,0.499281670416237,6.935296550282277e-09,0.4992816704162441,2.632051939880745e-09,0.0014041591461476427,9.805874310262393e-08,2.9238684013396224e-07
EFT:1.0104241096782794e-05,2.122547334954209e-06,1.987322000788117e-05,0.499281670416237,6.935296550282277e-09,0.4992816704162441,2.6320519398807075e-09,0.0014041591461476227,9.805874310262393e-08,2.9238684013396224e-07
Random4174
Raw:1.0104241096782867e-05,2.122547334954224e-06,1.987322000788131e-05,0.49928167041624055,6.935296550282228e-09,0.49928167041624055,2.632051939880689e-09,0.0014041591461476327,9.805874310262323e-08,2.923868401339643e-07
EFT:1.0104241096782794e-05,2.122547334954209e-06,1.987322000788117e-05,0.499281670416237,6.935296550282277e-09,0.4992816704162441,2.6320519398807075e-09,0.0014041591461476227,9.805874310262393e-08,2.9238684013396224e-07
Random4175
Raw:1.0104241096783009e-05,2.122547334954224e-06,1.987322000788131e-05,0.49928167041623345,6.935296550282327e-09,0.49928167041624766,2.6320519398807638e-09,0.0014041591461476327,9.805874310262462e-08,2.923868401339685e-07
EFT:1.0104241096782794e-05,2.122547334954209e-06,1.987322000788117e-05,0.499281670416237,6.935296550282277e-09,0.4992816704162441,2.6320519398807075e-09,0.0014041591461476227,9.805874310262393e-08,2.9238684013396224e-07
Random4176
Raw:1.0104241096783009e-05,2.122547334954224e-06,1.987322000788131e-05,0.49928167041623345,6.935296550282327e-09,0.49928167041624766,2.6320519398807638e-09,0.0014041591461476327,9.805874310262462e-08,2.923868401339685e-07
EFT:1.0104241096782794e-05,2.122547334954209e-06,1.987322000788117e-05,0.499281670416237,6.935296550282277e-09,0.4992816704162441,2.6320519398807075e-09,0.0014041591461476227,9.805874310262393e-08,2.9238684013396224e-07
Random4177
Raw:1.0104241096782867e-05,2.122547334954224e-06,1.9873220007881028e-05,0.49928167041624055,6.935296550282326e-09,0.49928167041624055,2.6320519398807265e-09,0.0014041591461476327,9.805874310262602e-08,2.923868401339643e-07
EFT:1.0104241096782794e-05,2.122547334954209e-06,1.987322000788117e-05,0.499281670416237,6.935296550282277e-09,0.4992816704162441,2.6320519398807075e-09,0.0014041591461476227,9.805874310262393e-08,2.9238684013396224e-07
Random4178
Raw:1.0104241096782938e-05,2.122547334954239e-06,1.9873220007880885e-05,0.499281670416237,6.935296550282277e-09,0.4992816704162441,2.632051939880745e-09,0.0014041591461476227,9.805874310262532e-08,2.9238684013396224e-07
EFT:1.0104241096782794e-05,2.122547334954209e-06,1.987322000788117e-05,0.499281670416237,6.935296550282277e-09,0.4992816704162441,2.6320519398807075e-09,0.0014041591461476227,9.805874310262393e-08,2.9238684013396224e-07
Random4179
Raw:1.0104241096783009e-05,2.122547334954194e-06,1.9873220007881028e-05,0.49928167041623345,6.935296550282327e-09,0.49928167041624766,2.6320519398807638e-09,0.0014041591461476327,9.805874310262462e-08,2.9238684013396436e-07
EFT:1.0104241096782794e-05,2.122547334954209e-06,1.987322000788117e-05,0.499281670416237,6.935296550282277e-09,0.4992816704162441,2.6320519398807075e-09,0.0014041591461476227,9.805874310262393e-08,2.9238684013396224e-07
Random4180
Raw:1.0104241096782865e-05,2.122547334954194e-06,1.9873220007880747e-05,0.49928167041623345,6.935296550282327e-09,0.49928167041624766,2.6320519398807638e-09,0.0014041591461475926,9.805874310262462e-08,2.9238684013396436e-07
EFT:1.0104241096782794e-05,2.122547334954209e-06,1.987322000788117e-05,0.499281670416237,6.935296550282277e-09,0.4992816704162441,2.6320519398807075e-09,0.0014041591461476227,9.805874310262393e-08,2.9238684013396224e-07
Random4181
Raw:1.0104241096782867e-05,2.122547334954194e-06,1.9873220007881028e-05,0.49928167041624055,6.935296550282326e-09,0.49928167041624055,2.6320519398807265e-09,0.0014041591461476128,9.805874310262323e-08,2.923868401339643e-07
EFT:1.0104241096782794e-05,2.122547334954209e-06,1.987322000788117e-05,0.499281670416237,6.935296550282277e-09,0.4992816704162441,2.6320519398807075e-09,0.0014041591461476227,9.805874310262393e-08,2.9238684013396224e-07
Random4182
Raw:1.0104241096782865e-05,2.122547334954194e-06,1.9873220007881028e-05,0.49928167041623345,6.935296550282327e-09,0.49928167041624766,2.632051939880726e-09,0.0014041591461476126,9.805874310262462e-08,2.9238684013396436e-07
EFT:1.0104241096782794e-05,2.122547334954209e-06,1.987322000788117e-05,0.499281670416237,6.935296550282277e-09,0.4992816704162441,2.6320519398807075e-09,0.0014041591461476227,9.805874310262393e-08,2.9238684013396224e-07
Random4183
Raw:1.0104241096782865e-05,2.122547334954194e-06,1.9873220007881028e-05,0.49928167041623345,6.935296550282327e-09,0.49928167041624766,2.632051939880726e-09,0.0014041591461476126,9.805874310262462e-08,2.9238684013396436e-07
EFT:1.0104241096782794e-05,2.122547334954209e-06,1.987322000788117e-05,0.499281670416237,6.935296550282277e-09,0.4992816704162441,2.6320519398807075e-09,0.0014041591461476227,9.805874310262393e-08,2.9238684013396224e-07
Random4184
Raw:1.0104241096782794e-05,2.122547334954209e-06,1.987322000788117e-05,0.499281670416237,6.935296550282277e-09,0.4992816704162441,2.6320519398807075e-09,0.0014041591461476227,9.805874310262393e-08,2.9238684013396224e-07
EFT:1.0104241096782794e-05,2.122547334954209e-06,1.987322000788117e-05,0.499281670416237,6.935296550282277e-09,0.4992816704162441,2.6320519398807075e-09,0.0014041591461476227,9.805874310262393e-08,2.9238684013396224e-07
Random4185
Raw:1.0104241096782867e-05,2.122547334954224e-06,1.9873220007881028e-05,0.49928167041624055,6.935296550282326e-09,0.49928167041624055,2.6320519398807265e-09,0.0014041591461476327,9.805874310262602e-08,2.923868401339643e-07
EFT:1.0104241096782794e-05,2.122547334954209e-06,1.987322000788117e-05,0.499281670416237,6.935296550282277e-09,0.4992816704162441,2.6320519398807075e-09,0.0014041591461476227,9.805874310262393e-08,2.9238684013396224e-07
Random4186
Raw:1.0104241096782938e-05,2.122547334954209e-06,1.987322000788117e-05,0.499281670416237,6.9352965502823754e-09,0.4992816704162441,2.632051939880745e-09,0.0014041591461476227,9.805874310262672e-08,2.9238684013396637e-07
EFT:1.0104241096782794e-05,2.122547334954209e-06,1.987322000788117e-05,0.499281670416237,6.935296550282277e-09,0.4992816704162441,2.6320519398807075e-09,0.0014041591461476227,9.805874310262393e-08,2.9238684013396224e-07
Random4187
Raw:1.0104241096782794e-05,2.122547334954209e-06,1.987322000788117e-05,0.499281670416237,6.935296550282277e-09,0.4992816704162441,2.6320519398807075e-09,0.0014041591461476227,9.805874310262393e-08,2.9238684013396224e-07
EFT:1.0104241096782794e-05,2.122547334954209e-06,1.987322000788117e-05,0.499281670416237,6.935296550282277e-09,0.4992816704162441,2.6320519398807075e-09,0.0014041591461476227,9.805874310262393e-08,2.9238684013396224e-07
Random4188
Raw:1.0104241096782794e-05,2.122547334954209e-06,1.987322000788117e-05,0.499281670416237,6.9352965502821786e-09,0.4992816704162441,2.6320519398807075e-09,0.0014041591461476227,9.805874310262393e-08,2.9238684013396224e-07
EFT:1.0104241096782794e-05,2.122547334954209e-06,1.987322000788117e-05,0.499281670416237,6.935296550282277e-09,0.4992816704162441,2.6320519398807075e-09,0.0014041591461476227,9.805874310262393e-08,2.9238684013396224e-07
Random4189
Raw:1.0104241096782867e-05,2.122547334954224e-06,1.9873220007881028e-05,0.49928167041624055,6.935296550282228e-09,0.49928167041624055,2.632051939880689e-09,0.0014041591461476527,9.805874310262462e-08,2.923868401339602e-07
EFT:1.0104241096782794e-05,2.122547334954209e-06,1.987322000788117e-05,0.499281670416237,6.935296550282277e-09,0.4992816704162441,2.6320519398807075e-09,0.0014041591461476227,9.805874310262393e-08,2.9238684013396224e-07
Random4190
Raw:1.0104241096782867e-05,2.122547334954194e-06,1.9873220007881028e-05,0.49928167041624055,6.935296550282326e-09,0.49928167041624055,2.6320519398807265e-09,0.0014041591461476128,9.805874310262602e-08,2.923868401339643e-07
EFT:1.0104241096782794e-05,2.122547334954209e-06,1.987322000788117e-05,0.499281670416237,6.935296550282277e-09,0.4992816704162441,2.6320519398807075e-09,0.0014041591461476227,9.805874310262393e-08,2.9238684013396224e-07
Random4191
Raw:1.0104241096782938e-05,2.122547334954209e-06,1.987322000788117e-05,0.499281670416237,6.9352965502823754e-09,0.4992816704162441,2.6320519398807824e-09,0.0014041591461476227,9.805874310262532e-08,2.9238684013396637e-07
EFT:1.0104241096782794e-05,2.122547334954209e-06,1.987322000788117e-05,0.499281670416237,6.935296550282277e-09,0.4992816704162441,2.6320519398807075e-09,0.0014041591461476227,9.805874310262393e-08,2.9238684013396224e-07
Random4192
Raw:1.0104241096782938e-05,2.122547334954239e-06,1.987322000788145e-05,0.499281670416237,6.935296550282277e-09,0.4992816704162441,2.632051939880745e-09,0.0014041591461476427,9.805874310262532e-08,2.9238684013396224e-07
EFT:1.0104241096782794e-05,2.122547334954209e-06,1.987322000788117e-05,0.499281670416237,6.935296550282277e-09,0.4992816704162441,2.6320519398807075e-09,0.0014041591461476227,9.805874310262393e-08,2.9238684013396224e-07
Random4193
Raw:1.0104241096782938e-05,2.122547334954209e-06,1.987322000788117e-05,0.499281670416237,6.9352965502823754e-09,0.4992816704162441,2.632051939880745e-09,0.0014041591461476227,9.805874310262532e-08,2.9238684013396637e-07
EFT:1.0104241096782794e-05,2.122547334954209e-06,1.987322000788117e-05,0.499281670416237,6.935296550282277e-09,0.4992816704162441,2.6320519398807075e-09,0.0014041591461476227,9.805874310262393e-08,2.9238684013396224e-07
Random4194
Raw:1.0104241096782938e-05,2.122547334954209e-06,1.9873220007880885e-05,0.499281670416237,6.935296550282277e-09,0.4992816704162441,2.632051939880745e-09,0.0014041591461476227,9.805874310262532e-08,2.9238684013396224e-07
EFT:1.0104241096782794e-05,2.122547334954209e-06,1.987322000788117e-05,0.499281670416237,6.935296550282277e-09,0.4992816704162441,2.6320519398807075e-09,0.0014041591461476227,9.805874310262393e-08,2.9238684013396224e-07
Random4195
Raw:1.0104241096782938e-05,2.122547334954239e-06,1.987322000788145e-05,0.499281670416237,6.935296550282277e-09,0.4992816704162441,2.632051939880745e-09,0.0014041591461476427,9.805874310262532e-08,2.9238684013396224e-07
EFT:1.0104241096782794e-05,2.122547334954209e-06,1.987322000788117e-05,0.499281670416237,6.935296550282277e-09,0.4992816704162441,2.6320519398807075e-09,0.0014041591461476227,9.805874310262393e-08,2.9238684013396224e-07
Random4196
Raw:1.0104241096782938e-05,2.122547334954239e-06,1.987322000788145e-05,0.499281670416237,6.935296550282277e-09,0.4992816704162441,2.632051939880745e-09,0.0014041591461476427,9.805874310262393e-08,2.9238684013396637e-07
EFT:1.0104241096782794e-05,2.122547334954209e-06,1.987322000788117e-05,0.499281670416237,6.935296550282277e-09,0.4992816704162441,2.6320519398807075e-09,0.0014041591461476227,9.805874310262393e-08,2.9238684013396224e-07
Random4197
Raw:1.0104241096782867e-05,2.122547334954194e-06,1.9873220007881028e-05,0.49928167041624055,6.935296550282326e-09,0.49928167041624055,2.6320519398807265e-09,0.0014041591461476128,9.805874310262323e-08,2.923868401339643e-07
EFT:1.0104241096782794e-05,2.122547334954209e-06,1.987322000788117e-05,0.499281670416237,6.935296550282277e-09,0.4992816704162441,2.6320519398807075e-09,0.0014041591461476227,9.805874310262393e-08,2.9238684013396224e-07
Random4198
Raw:1.0104241096782867e-05,2.122547334954224e-06,1.987322000788131e-05,0.49928167041624055,6.935296550282326e-09,0.49928167041624055,2.6320519398807638e-09,0.0014041591461476128,9.805874310262462e-08,2.923868401339643e-07
EFT:1.0104241096782794e-05,2.122547334954209e-06,1.987322000788117e-05,0.499281670416237,6.935296550282277e-09,0.4992816704162441,2.6320519398807075e-09,0.0014041591461476227,9.805874310262393e-08,2.9238684013396224e-07
Random4199
Raw:1.0104241096782938e-05,2.122547334954209e-06,1.987322000788117e-05,0.499281670416237,6.935296550282277e-09,0.4992816704162441,2.632051939880745e-09,0.0014041591461476227,9.805874310262532e-08,2.9238684013396224e-07
EFT:1.0104241096782794e-05,2.122547334954209e-06,1.987322000788117e-05,0.499281670416237,6.935296550282277e-09,0.4992816704162441,2.6320519398807075e-09,0.0014041591461476227,9.805874310262393e-08,2.9238684013396224e-07
Random4200
Raw:1.0104241096782865e-05,2.122547334954194e-06,1.9873220007881028e-05,0.49928167041623345,6.935296550282327e-09,0.49928167041624766,2.632051939880726e-09,0.0014041591461476126,9.805874310262462e-08,2.9238684013396436e-07
EFT:1.0104241096782794e-05,2.122547334954209e-06,1.987322000788117e-05,0.499281670416237,6.935296550282277e-09,0.4992816704162441,2.6320519398807075e-09,0.0014041591461476227,9.805874310262393e-08,2.9238684013396224e-07
Random4201
Raw:1.0104241096782938e-05,2.122547334954209e-06,1.987322000788117e-05,0.499281670416237,6.935296550282277e-09,0.4992816704162441,2.632051939880745e-09,0.0014041591461476227,9.805874310262532e-08,2.9238684013396224e-07
EFT:1.0104241096782794e-05,2.122547334954209e-06,1.987322000788117e-05,0.499281670416237,6.935296550282277e-09,0.4992816704162441,2.6320519398807075e-09,0.0014041591461476227,9.805874310262393e-08,2.9238684013396224e-07
Random4202
Raw:1.0104241096782867e-05,2.122547334954224e-06,1.987322000788131e-05,0.49928167041624055,6.935296550282326e-09,0.49928167041624055,2.6320519398807265e-09,0.0014041591461476128,9.805874310262462e-08,2.923868401339643e-07
EFT:1.0104241096782794e-05,2.122547334954209e-06,1.987322000788117e-05,0.499281670416237,6.935296550282277e-09,0.4992816704162441,2.6320519398807075e-09,0.0014041591461476227,9.805874310262393e-08,2.9238684013396224e-07
Random4203
Raw:1.0104241096782865e-05,2.122547334954194e-06,1.9873220007881028e-05,0.49928167041623345,6.935296550282327e-09,0.49928167041624766,2.632051939880726e-09,0.0014041591461476126,9.805874310262462e-08,2.9238684013396436e-07
EFT:1.0104241096782794e-05,2.122547334954209e-06,1.987322000788117e-05,0.499281670416237,6.935296550282277e-09,0.4992816704162441,2.6320519398807075e-09,0.0014041591461476227,9.805874310262393e-08,2.9238684013396224e-07
Random4204
Raw:1.0104241096782867e-05,2.122547334954224e-06,1.9873220007881028e-05,0.49928167041624055,6.935296550282326e-09,0.49928167041624055,2.6320519398807265e-09,0.0014041591461476327,9.805874310262323e-08,2.923868401339643e-07
EFT:1.0104241096782794e-05,2.122547334954209e-06,1.987322000788117e-05,0.499281670416237,6.935296550282277e-09,0.4992816704162441,2.6320519398807075e-09,0.0014041591461476227,9.805874310262393e-08,2.9238684013396224e-07
Random4205
Raw:1.0104241096782794e-05,2.122547334954209e-06,1.987322000788117e-05,0.499281670416237,6.935296550282277e-09,0.4992816704162441,2.6320519398807075e-09,0.0014041591461476227,9.805874310262393e-08,2.9238684013396224e-07
EFT:1.0104241096782794e-05,2.122547334954209e-06,1.987322000788117e-05,0.499281670416237,6.935296550282277e-09,0.4992816704162441,2.6320519398807075e-09,0.0014041591461476227,9.805874310262393e-08,2.9238684013396224e-07
Random4206
Raw:1.0104241096782938e-05,2.122547334954209e-06,1.987322000788117e-05,0.499281670416237,6.9352965502823754e-09,0.4992816704162441,2.632051939880745e-09,0.0014041591461476227,9.805874310262393e-08,2.9238684013396637e-07
EFT:1.0104241096782794e-05,2.122547334954209e-06,1.987322000788117e-05,0.499281670416237,6.935296550282277e-09,0.4992816704162441,2.6320519398807075e-09,0.0014041591461476227,9.805874310262393e-08,2.9238684013396224e-07
Random4207
Raw:1.0104241096782794e-05,2.122547334954209e-06,1.987322000788117e-05,0.499281670416237,6.9352965502821786e-09,0.4992816704162441,2.6320519398807075e-09,0.0014041591461476026,9.805874310262393e-08,2.9238684013396224e-07
EFT:1.0104241096782794e-05,2.122547334954209e-06,1.987322000788117e-05,0.499281670416237,6.935296550282277e-09,0.4992816704162441,2.6320519398807075e-09,0.0014041591461476227,9.805874310262393e-08,2.9238684013396224e-07
Random4208
Raw:1.0104241096782867e-05,2.122547334954224e-06,1.987322000788131e-05,0.49928167041624055,6.935296550282326e-09,0.49928167041624055,2.6320519398807265e-09,0.0014041591461476327,9.805874310262323e-08,2.923868401339643e-07
EFT:1.0104241096782794e-05,2.122547334954209e-06,1.987322000788117e-05,0.499281670416237,6.935296550282277e-09,0.4992816704162441,2.6320519398807075e-09,0.0014041591461476227,9.805874310262393e-08,2.9238684013396224e-07
Random4209
Raw:1.0104241096782938e-05,2.122547334954209e-06,1.987322000788117e-05,0.499281670416237,6.9352965502823754e-09,0.4992816704162441,2.6320519398807824e-09,0.0014041591461476227,9.805874310262532e-08,2.9238684013396637e-07
EFT:1.0104241096782794e-05,2.122547334954209e-06,1.987322000788117e-05,0.499281670416237,6.935296550282277e-09,0.4992816704162441,2.6320519398807075e-09,0.0014041591461476227,9.805874310262393e-08,2.9238684013396224e-07
Random4210
Raw:1.0104241096783009e-05,2.122547334954224e-06,1.987322000788131e-05,0.49928167041623345,6.935296550282327e-09,0.49928167041624766,2.6320519398807638e-09,0.0014041591461476327,9.805874310262462e-08,2.923868401339685e-07
EFT:1.0104241096782794e-05,2.122547334954209e-06,1.987322000788117e-05,0.499281670416237,6.935296550282277e-09,0.4992816704162441,2.6320519398807075e-09,0.0014041591461476227,9.805874310262393e-08,2.9238684013396224e-07
Random4211
Raw:1.0104241096782867e-05,2.122547334954224e-06,1.987322000788131e-05,0.49928167041624055,6.935296550282326e-09,0.49928167041624055,2.6320519398807265e-09,0.0014041591461476327,9.805874310262323e-08,2.923868401339643e-07
EFT:1.0104241096782794e-05,2.122547334954209e-06,1.987322000788117e-05,0.499281670416237,6.935296550282277e-09,0.4992816704162441,2.6320519398807075e-09,0.0014041591461476227,9.805874310262393e-08,2.9238684013396224e-07
Random4212
Raw:1.0104241096782938e-05,2.122547334954209e-06,1.987322000788117e-05,0.499281670416237,6.935296550282277e-09,0.4992816704162441,2.632051939880745e-09,0.0014041591461476427,9.805874310262393e-08,2.9238684013396224e-07
EFT:1.0104241096782794e-05,2.122547334954209e-06,1.987322000788117e-05,0.499281670416237,6.935296550282277e-09,0.4992816704162441,2.6320519398807075e-09,0.0014041591461476227,9.805874310262393e-08,2.9238684013396224e-07
Random4213
Raw:1.0104241096783009e-05,2.122547334954194e-06,1.9873220007881028e-05,0.49928167041623345,6.935296550282327e-09,0.49928167041624766,2.6320519398807638e-09,0.0014041591461476126,9.805874310262601e-08,2.9238684013396436e-07
EFT:1.0104241096782794e-05,2.122547334954209e-06,1.987322000788117e-05,0.499281670416237,6.935296550282277e-09,0.4992816704162441,2.6320519398807075e-09,0.0014041591461476227,9.805874310262393e-08,2.9238684013396224e-07
Random4214
Raw:1.0104241096782867e-05,2.122547334954224e-06,1.987322000788131e-05,0.49928167041624055,6.935296550282326e-09,0.49928167041624055,2.6320519398807265e-09,0.0014041591461476327,9.805874310262462e-08,2.923868401339643e-07
EFT:1.0104241096782794e-05,2.122547334954209e-06,1.987322000788117e-05,0.499281670416237,6.935296550282277e-09,0.4992816704162441,2.6320519398807075e-09,0.0014041591461476227,9.805874310262393e-08,2.9238684013396224e-07
Random4215
Raw:1.0104241096782938e-05,2.122547334954209e-06,1.987322000788117e-05,0.499281670416237,6.935296550282277e-09,0.4992816704162441,2.632051939880745e-09,0.0014041591461476227,9.805874310262393e-08,2.9238684013396637e-07
EFT:1.0104241096782794e-05,2.122547334954209e-06,1.987322000788117e-05,0.499281670416237,6.935296550282277e-09,0.4992816704162441,2.6320519398807075e-09,0.0014041591461476227,9.805874310262393e-08,2.9238684013396224e-07
Random4216
Raw:1.0104241096782938e-05,2.122547334954209e-06,1.987322000788117e-05,0.499281670416237,6.935296550282277e-09,0.4992816704162441,2.632051939880745e-09,0.0014041591461476227,9.805874310262532e-08,2.9238684013396224e-07
EFT:1.0104241096782794e-05,2.122547334954209e-06,1.987322000788117e-05,0.499281670416237,6.935296550282277e-09,0.4992816704162441,2.6320519398807075e-09,0.0014041591461476227,9.805874310262393e-08,2.9238684013396224e-07
Random4217
Raw:1.0104241096782794e-05,2.122547334954209e-06,1.987322000788117e-05,0.499281670416237,6.935296550282277e-09,0.4992816704162441,2.6320519398807075e-09,0.0014041591461476227,9.805874310262393e-08,2.9238684013396224e-07
EFT:1.0104241096782794e-05,2.122547334954209e-06,1.987322000788117e-05,0.499281670416237,6.935296550282277e-09,0.4992816704162441,2.6320519398807075e-09,0.0014041591461476227,9.805874310262393e-08,2.9238684013396224e-07
Random4218
Raw:1.0104241096782867e-05,2.122547334954194e-06,1.9873220007881028e-05,0.49928167041624055,6.935296550282228e-09,0.49928167041624055,2.632051939880689e-09,0.0014041591461476327,9.805874310262323e-08,2.923868401339602e-07
EFT:1.0104241096782794e-05,2.122547334954209e-06,1.987322000788117e-05,0.499281670416237,6.935296550282277e-09,0.4992816704162441,2.6320519398807075e-09,0.0014041591461476227,9.805874310262393e-08,2.9238684013396224e-07
Random4219
Raw:1.0104241096782723e-05,2.122547334954194e-06,1.9873220007881028e-05,0.49928167041624055,6.935296550282228e-09,0.49928167041624055,2.6320519398806513e-09,0.0014041591461476128,9.805874310262323e-08,2.923868401339602e-07
EFT:1.0104241096782794e-05,2.122547334954209e-06,1.987322000788117e-05,0.499281670416237,6.935296550282277e-09,0.4992816704162441,2.6320519398807075e-09,0.0014041591461476227,9.805874310262393e-08,2.9238684013396224e-07
Random4220
Raw:1.0104241096782938e-05,2.122547334954209e-06,1.987322000788117e-05,0.499281670416237,6.935296550282277e-09,0.4992816704162441,2.632051939880745e-09,0.0014041591461476227,9.805874310262532e-08,2.9238684013396224e-07
EFT:1.0104241096782794e-05,2.122547334954209e-06,1.987322000788117e-05,0.499281670416237,6.935296550282277e-09,0.4992816704162441,2.6320519398807075e-09,0.0014041591461476227,9.805874310262393e-08,2.9238684013396224e-07
Random4221
Raw:1.0104241096782794e-05,2.122547334954209e-06,1.9873220007880885e-05,0.499281670416237,6.935296550282277e-09,0.4992816704162441,2.632051939880745e-09,0.0014041591461476227,9.805874310262254e-08,2.9238684013396224e-07
EFT:1.0104241096782794e-05,2.122547334954209e-06,1.987322000788117e-05,0.499281670416237,6.935296550282277e-09,0.4992816704162441,2.6320519398807075e-09,0.0014041591461476227,9.805874310262393e-08,2.9238684013396224e-07
Random4222
Raw:1.0104241096782938e-05,2.122547334954209e-06,1.987322000788117e-05,0.499281670416237,6.935296550282277e-09,0.4992816704162441,2.632051939880745e-09,0.0014041591461476427,9.805874310262393e-08,2.9238684013396224e-07
EFT:1.0104241096782794e-05,2.122547334954209e-06,1.987322000788117e-05,0.499281670416237,6.935296550282277e-09,0.4992816704162441,2.6320519398807075e-09,0.0014041591461476227,9.805874310262393e-08,2.9238684013396224e-07
Random4223
Raw:1.0104241096782938e-05,2.122547334954209e-06,1.987322000788117e-05,0.499281670416237,6.935296550282277e-09,0.4992816704162441,2.632051939880745e-09,0.0014041591461476427,9.805874310262393e-08,2.9238684013396224e-07
EFT:1.0104241096782794e-05,2.122547334954209e-06,1.987322000788117e-05,0.499281670416237,6.935296550282277e-09,0.4992816704162441,2.6320519398807075e-09,0.0014041591461476227,9.805874310262393e-08,2.9238684013396224e-07
Random4224
Raw:1.0104241096782938e-05,2.122547334954209e-06,1.987322000788117e-05,0.499281670416237,6.935296550282277e-09,0.4992816704162441,2.632051939880745e-09,0.0014041591461476227,9.805874310262532e-08,2.9238684013396224e-07
EFT:1.0104241096782794e-05,2.122547334954209e-06,1.987322000788117e-05,0.499281670416237,6.935296550282277e-09,0.4992816704162441,2.6320519398807075e-09,0.0014041591461476227,9.805874310262393e-08,2.9238684013396224e-07
Random4225
Raw:1.0104241096782723e-05,2.122547334954194e-06,1.9873220007881028e-05,0.49928167041624055,6.93529655028213e-09,0.49928167041624055,2.6320519398806513e-09,0.0014041591461476128,9.805874310262323e-08,2.923868401339602e-07
EFT:1.0104241096782794e-05,2.122547334954209e-06,1.987322000788117e-05,0.499281670416237,6.935296550282277e-09,0.4992816704162441,2.6320519398807075e-09,0.0014041591461476227,9.805874310262393e-08,2.9238684013396224e-07
Random4226
Raw:1.0104241096782938e-05,2.1225473349541788e-06,1.9873220007880885e-05,0.499281670416237,6.935296550282277e-09,0.4992816704162441,2.632051939880745e-09,0.0014041591461476026,9.805874310262532e-08,2.9238684013396224e-07
EFT:1.0104241096782794e-05,2.122547334954209e-06,1.987322000788117e-05,0.499281670416237,6.935296550282277e-09,0.4992816704162441,2.6320519398807075e-09,0.0014041591461476227,9.805874310262393e-08,2.9238684013396224e-07
Random4227
Raw:1.0104241096782794e-05,2.122547334954209e-06,1.9873220007880885e-05,0.499281670416237,6.935296550282277e-09,0.4992816704162441,2.632051939880745e-09,0.0014041591461476227,9.805874310262254e-08,2.9238684013396224e-07
EFT:1.0104241096782794e-05,2.122547334954209e-06,1.987322000788117e-05,0.499281670416237,6.935296550282277e-09,0.4992816704162441,2.6320519398807075e-09,0.0014041591461476227,9.805874310262393e-08,2.9238684013396224e-07
Random4228
Raw:1.0104241096782794e-05,2.122547334954209e-06,1.9873220007880885e-05,0.499281670416237,6.935296550282277e-09,0.4992816704162441,2.6320519398807075e-09,0.0014041591461476026,9.805874310262393e-08,2.9238684013396224e-07
EFT:1.0104241096782794e-05,2.122547334954209e-06,1.987322000788117e-05,0.499281670416237,6.935296550282277e-09,0.4992816704162441,2.6320519398807075e-09,0.0014041591461476227,9.805874310262393e-08,2.9238684013396224e-07
Random4229
Raw:1.0104241096782867e-05,2.122547334954224e-06,1.987322000788131e-05,0.49928167041624055,6.935296550282326e-09,0.49928167041624055,2.6320519398807265e-09,0.0014041591461476327,9.805874310262323e-08,2.923868401339643e-07
EFT:1.0104241096782794e-05,2.122547334954209e-06,1.987322000788117e-05,0.499281670416237,6.935296550282277e-09,0.4992816704162441,2.6320519398807075e-09,0.0014041591461476227,9.805874310262393e-08,2.9238684013396224e-07
Random4230
Raw:1.0104241096782865e-05,2.122547334954194e-06,1.9873220007881028e-05,0.49928167041623345,6.935296550282327e-09,0.49928167041624766,2.6320519398807638e-09,0.0014041591461476126,9.805874310262324e-08,2.9238684013396436e-07
EFT:1.0104241096782794e-05,2.122547334954209e-06,1.987322000788117e-05,0.499281670416237,6.935296550282277e-09,0.4992816704162441,2.6320519398807075e-09,0.0014041591461476227,9.805874310262393e-08,2.9238684013396224e-07
Random4231
Raw:1.0104241096782794e-05,2.122547334954209e-06,1.987322000788117e-05,0.499281670416237,6.9352965502821786e-09,0.4992816704162441,2.6320519398807075e-09,0.0014041591461476227,9.805874310262393e-08,2.9238684013396224e-07
EFT:1.0104241096782794e-05,2.122547334954209e-06,1.987322000788117e-05,0.499281670416237,6.935296550282277e-09,0.4992816704162441,2.6320519398807075e-09,0.0014041591461476227,9.805874310262393e-08,2.9238684013396224e-07
Random4232
Raw:1.0104241096782938e-05,2.122547334954209e-06,1.987322000788117e-05,0.499281670416237,6.9352965502823754e-09,0.4992816704162441,2.632051939880745e-09,0.0014041591461476227,9.805874310262532e-08,2.9238684013396637e-07
EFT:1.0104241096782794e-05,2.122547334954209e-06,1.987322000788117e-05,0.499281670416237,6.935296550282277e-09,0.4992816704162441,2.6320519398807075e-09,0.0014041591461476227,9.805874310262393e-08,2.9238684013396224e-07
Random4233
Raw:1.0104241096783009e-05,2.122547334954194e-06,1.9873220007881028e-05,0.49928167041623345,6.935296550282327e-09,0.49928167041624766,2.6320519398807638e-09,0.0014041591461476126,9.805874310262601e-08,2.9238684013396436e-07
EFT:1.0104241096782794e-05,2.122547334954209e-06,1.987322000788117e-05,0.499281670416237,6.935296550282277e-09,0.4992816704162441,2.6320519398807075e-09,0.0014041591461476227,9.805874310262393e-08,2.9238684013396224e-07
Random4234
Raw:1.0104241096782867e-05,2.122547334954224e-06,1.9873220007881028e-05,0.49928167041624055,6.935296550282326e-09,0.49928167041624055,2.6320519398807265e-09,0.0014041591461476128,9.805874310262462e-08,2.923868401339643e-07
EFT:1.0104241096782794e-05,2.122547334954209e-06,1.987322000788117e-05,0.499281670416237,6.935296550282277e-09,0.4992816704162441,2.6320519398807075e-09,0.0014041591461476227,9.805874310262393e-08,2.9238684013396224e-07
Random4235
Raw:1.0104241096782794e-05,2.122547334954209e-06,1.987322000788117e-05,0.499281670416237,6.935296550282277e-09,0.4992816704162441,2.632051939880745e-09,0.0014041591461476227,9.805874310262254e-08,2.9238684013396224e-07
EFT:1.0104241096782794e-05,2.122547334954209e-06,1.987322000788117e-05,0.499281670416237,6.935296550282277e-09,0.4992816704162441,2.6320519398807075e-09,0.0014041591461476227,9.805874310262393e-08,2.9238684013396224e-07
Random4236
Raw:1.0104241096783009e-05,2.122547334954224e-06,1.987322000788131e-05,0.49928167041623345,6.935296550282327e-09,0.49928167041624766,2.6320519398807638e-09,0.0014041591461476327,9.805874310262462e-08,2.923868401339685e-07
EFT:1.0104241096782794e-05,2.122547334954209e-06,1.987322000788117e-05,0.499281670416237,6.935296550282277e-09,0.4992816704162441,2.6320519398807075e-09,0.0014041591461476227,9.805874310262393e-08,2.9238684013396224e-07
Random4237
Raw:1.0104241096782865e-05,2.122547334954194e-06,1.9873220007881028e-05,0.49928167041623345,6.935296550282327e-09,0.49928167041624766,2.632051939880726e-09,0.0014041591461476126,9.805874310262462e-08,2.9238684013396436e-07
EFT:1.0104241096782794e-05,2.122547334954209e-06,1.987322000788117e-05,0.499281670416237,6.935296550282277e-09,0.4992816704162441,2.6320519398807075e-09,0.0014041591461476227,9.805874310262393e-08,2.9238684013396224e-07
Random4238
Raw:1.0104241096782938e-05,2.122547334954209e-06,1.987322000788117e-05,0.499281670416237,6.9352965502823754e-09,0.4992816704162441,2.632051939880745e-09,0.0014041591461476227,9.805874310262393e-08,2.9238684013396637e-07
EFT:1.0104241096782794e-05,2.122547334954209e-06,1.987322000788117e-05,0.499281670416237,6.935296550282277e-09,0.4992816704162441,2.6320519398807075e-09,0.0014041591461476227,9.805874310262393e-08,2.9238684013396224e-07
Random4239
Raw:1.0104241096783009e-05,2.122547334954194e-06,1.9873220007881028e-05,0.49928167041623345,6.935296550282327e-09,0.49928167041624766,2.6320519398807638e-09,0.0014041591461476126,9.805874310262601e-08,2.9238684013396436e-07
EFT:1.0104241096782794e-05,2.122547334954209e-06,1.987322000788117e-05,0.499281670416237,6.935296550282277e-09,0.4992816704162441,2.6320519398807075e-09,0.0014041591461476227,9.805874310262393e-08,2.9238684013396224e-07
Random4240
Raw:1.0104241096782938e-05,2.122547334954209e-06,1.987322000788117e-05,0.499281670416237,6.9352965502823754e-09,0.4992816704162441,2.632051939880745e-09,0.0014041591461476227,9.805874310262672e-08,2.9238684013396637e-07
EFT:1.0104241096782794e-05,2.122547334954209e-06,1.987322000788117e-05,0.499281670416237,6.935296550282277e-09,0.4992816704162441,2.6320519398807075e-09,0.0014041591461476227,9.805874310262393e-08,2.9238684013396224e-07
Random4241
Raw:1.0104241096782867e-05,2.122547334954224e-06,1.987322000788131e-05,0.49928167041624055,6.935296550282228e-09,0.49928167041624055,2.632051939880689e-09,0.0014041591461476527,9.805874310262462e-08,2.923868401339602e-07
EFT:1.0104241096782794e-05,2.122547334954209e-06,1.987322000788117e-05,0.499281670416237,6.935296550282277e-09,0.4992816704162441,2.6320519398807075e-09,0.0014041591461476227,9.805874310262393e-08,2.9238684013396224e-07
Random4242
Raw:1.0104241096782867e-05,2.122547334954194e-06,1.9873220007881028e-05,0.49928167041624055,6.935296550282228e-09,0.49928167041624055,2.632051939880689e-09,0.0014041591461476327,9.805874310262323e-08,2.923868401339602e-07
EFT:1.0104241096782794e-05,2.122547334954209e-06,1.987322000788117e-05,0.499281670416237,6.935296550282277e-09,0.4992816704162441,2.6320519398807075e-09,0.0014041591461476227,9.805874310262393e-08,2.9238684013396224e-07
Random4243
Raw:1.0104241096782867e-05,2.122547334954224e-06,1.987322000788131e-05,0.49928167041624055,6.935296550282326e-09,0.49928167041624055,2.6320519398807265e-09,0.0014041591461476327,9.805874310262323e-08,2.923868401339643e-07
EFT:1.0104241096782794e-05,2.122547334954209e-06,1.987322000788117e-05,0.499281670416237,6.935296550282277e-09,0.4992816704162441,2.6320519398807075e-09,0.0014041591461476227,9.805874310262393e-08,2.9238684013396224e-07
Random4244
Raw:1.0104241096782867e-05,2.122547334954194e-06,1.9873220007881028e-05,0.49928167041624055,6.935296550282228e-09,0.49928167041624055,2.632051939880689e-09,0.0014041591461476327,9.805874310262323e-08,2.923868401339602e-07
EFT:1.0104241096782794e-05,2.122547334954209e-06,1.987322000788117e-05,0.499281670416237,6.935296550282277e-09,0.4992816704162441,2.6320519398807075e-09,0.0014041591461476227,9.805874310262393e-08,2.9238684013396224e-07
Random4245
Raw:1.0104241096782938e-05,2.122547334954209e-06,1.9873220007880885e-05,0.499281670416237,6.935296550282277e-09,0.4992816704162441,2.632051939880745e-09,0.0014041591461476227,9.805874310262532e-08,2.9238684013396224e-07
EFT:1.0104241096782794e-05,2.122547334954209e-06,1.987322000788117e-05,0.499281670416237,6.935296550282277e-09,0.4992816704162441,2.6320519398807075e-09,0.0014041591461476227,9.805874310262393e-08,2.9238684013396224e-07
Random4246
Raw:1.0104241096783009e-05,2.122547334954224e-06,1.987322000788131e-05,0.49928167041623345,6.935296550282327e-09,0.49928167041624766,2.6320519398807638e-09,0.0014041591461476327,9.805874310262462e-08,2.923868401339685e-07
EFT:1.0104241096782794e-05,2.122547334954209e-06,1.987322000788117e-05,0.499281670416237,6.935296550282277e-09,0.4992816704162441,2.6320519398807075e-09,0.0014041591461476227,9.805874310262393e-08,2.9238684013396224e-07
Random4247
Raw:1.0104241096782938e-05,2.122547334954209e-06,1.987322000788117e-05,0.499281670416237,6.9352965502823754e-09,0.4992816704162441,2.6320519398807824e-09,0.0014041591461476227,9.805874310262532e-08,2.9238684013396637e-07
EFT:1.0104241096782794e-05,2.122547334954209e-06,1.987322000788117e-05,0.499281670416237,6.935296550282277e-09,0.4992816704162441,2.6320519398807075e-09,0.0014041591461476227,9.805874310262393e-08,2.9238684013396224e-07
Random4248
Raw:1.0104241096782938e-05,2.122547334954209e-06,1.987322000788117e-05,0.499281670416237,6.9352965502823754e-09,0.4992816704162441,2.632051939880745e-09,0.0014041591461476227,9.805874310262532e-08,2.9238684013396637e-07
EFT:1.0104241096782794e-05,2.122547334954209e-06,1.987322000788117e-05,0.499281670416237,6.935296550282277e-09,0.4992816704162441,2.6320519398807075e-09,0.0014041591461476227,9.805874310262393e-08,2.9238684013396224e-07
Random4249
Raw:1.0104241096782938e-05,2.122547334954209e-06,1.987322000788117e-05,0.499281670416237,6.9352965502823754e-09,0.4992816704162441,2.6320519398807824e-09,0.0014041591461476227,9.805874310262532e-08,2.9238684013396637e-07
EFT:1.0104241096782794e-05,2.122547334954209e-06,1.987322000788117e-05,0.499281670416237,6.935296550282277e-09,0.4992816704162441,2.6320519398807075e-09,0.0014041591461476227,9.805874310262393e-08,2.9238684013396224e-07
Random4250
Raw:1.0104241096782938e-05,2.122547334954209e-06,1.987322000788117e-05,0.499281670416237,6.9352965502823754e-09,0.4992816704162441,2.632051939880745e-09,0.0014041591461476227,9.805874310262532e-08,2.9238684013396637e-07
EFT:1.0104241096782794e-05,2.122547334954209e-06,1.987322000788117e-05,0.499281670416237,6.935296550282277e-09,0.4992816704162441,2.6320519398807075e-09,0.0014041591461476227,9.805874310262393e-08,2.9238684013396224e-07
Random4251
Raw:1.0104241096783009e-05,2.122547334954224e-06,1.9873220007881028e-05,0.49928167041623345,6.935296550282327e-09,0.49928167041624766,2.6320519398807638e-09,0.0014041591461476327,9.805874310262601e-08,2.9238684013396436e-07
EFT:1.0104241096782794e-05,2.122547334954209e-06,1.987322000788117e-05,0.499281670416237,6.935296550282277e-09,0.4992816704162441,2.6320519398807075e-09,0.0014041591461476227,9.805874310262393e-08,2.9238684013396224e-07
Random4252
Raw:1.0104241096783009e-05,2.122547334954224e-06,1.9873220007881028e-05,0.49928167041623345,6.935296550282327e-09,0.49928167041624766,2.6320519398807638e-09,0.0014041591461476327,9.805874310262601e-08,2.9238684013396436e-07
EFT:1.0104241096782794e-05,2.122547334954209e-06,1.987322000788117e-05,0.499281670416237,6.935296550282277e-09,0.4992816704162441,2.6320519398807075e-09,0.0014041591461476227,9.805874310262393e-08,2.9238684013396224e-07
Random4253
Raw:1.0104241096783009e-05,2.122547334954194e-06,1.9873220007881028e-05,0.49928167041623345,6.935296550282327e-09,0.49928167041624766,2.6320519398807638e-09,0.0014041591461476126,9.805874310262601e-08,2.9238684013396436e-07
EFT:1.0104241096782794e-05,2.122547334954209e-06,1.987322000788117e-05,0.499281670416237,6.935296550282277e-09,0.4992816704162441,2.6320519398807075e-09,0.0014041591461476227,9.805874310262393e-08,2.9238684013396224e-07
Random4254
Raw:1.0104241096782794e-05,2.122547334954209e-06,1.987322000788117e-05,0.499281670416237,6.935296550282277e-09,0.4992816704162441,2.6320519398807075e-09,0.0014041591461476227,9.805874310262393e-08,2.9238684013396224e-07
EFT:1.0104241096782794e-05,2.122547334954209e-06,1.987322000788117e-05,0.499281670416237,6.935296550282277e-09,0.4992816704162441,2.6320519398807075e-09,0.0014041591461476227,9.805874310262393e-08,2.9238684013396224e-07
Random4255
Raw:1.0104241096782938e-05,2.122547334954209e-06,1.987322000788117e-05,0.499281670416237,6.935296550282277e-09,0.4992816704162441,2.632051939880745e-09,0.0014041591461476227,9.805874310262532e-08,2.9238684013396224e-07
EFT:1.0104241096782794e-05,2.122547334954209e-06,1.987322000788117e-05,0.499281670416237,6.935296550282277e-09,0.4992816704162441,2.6320519398807075e-09,0.0014041591461476227,9.805874310262393e-08,2.9238684013396224e-07
Random4256
Raw:1.0104241096782938e-05,2.122547334954239e-06,1.987322000788117e-05,0.499281670416237,6.9352965502823754e-09,0.4992816704162441,2.6320519398807824e-09,0.0014041591461476227,9.805874310262532e-08,2.9238684013396637e-07
EFT:1.0104241096782794e-05,2.122547334954209e-06,1.987322000788117e-05,0.499281670416237,6.935296550282277e-09,0.4992816704162441,2.6320519398807075e-09,0.0014041591461476227,9.805874310262393e-08,2.9238684013396224e-07
Random4257
Raw:1.0104241096782794e-05,2.122547334954209e-06,1.987322000788117e-05,0.499281670416237,6.935296550282277e-09,0.4992816704162441,2.6320519398807075e-09,0.0014041591461476227,9.805874310262393e-08,2.9238684013396224e-07
EFT:1.0104241096782794e-05,2.122547334954209e-06,1.987322000788117e-05,0.499281670416237,6.935296550282277e-09,0.4992816704162441,2.6320519398807075e-09,0.0014041591461476227,9.805874310262393e-08,2.9238684013396224e-07
Random4258
Raw:1.0104241096782938e-05,2.122547334954209e-06,1.987322000788117e-05,0.499281670416237,6.935296550282277e-09,0.4992816704162441,2.632051939880745e-09,0.0014041591461476427,9.805874310262393e-08,2.9238684013396224e-07
EFT:1.0104241096782794e-05,2.122547334954209e-06,1.987322000788117e-05,0.499281670416237,6.935296550282277e-09,0.4992816704162441,2.6320519398807075e-09,0.0014041591461476227,9.805874310262393e-08,2.9238684013396224e-07
Random4259
Raw:1.0104241096782938e-05,2.122547334954239e-06,1.987322000788117e-05,0.499281670416237,6.935296550282277e-09,0.4992816704162441,2.632051939880745e-09,0.0014041591461476427,9.805874310262393e-08,2.9238684013396637e-07
EFT:1.0104241096782794e-05,2.122547334954209e-06,1.987322000788117e-05,0.499281670416237,6.935296550282277e-09,0.4992816704162441,2.6320519398807075e-09,0.0014041591461476227,9.805874310262393e-08,2.9238684013396224e-07
Random4260
Raw:1.0104241096782865e-05,2.122547334954194e-06,1.9873220007881028e-05,0.49928167041623345,6.935296550282327e-09,0.49928167041624766,2.632051939880726e-09,0.0014041591461476126,9.805874310262462e-08,2.9238684013396436e-07
EFT:1.0104241096782794e-05,2.122547334954209e-06,1.987322000788117e-05,0.499281670416237,6.935296550282277e-09,0.4992816704162441,2.6320519398807075e-09,0.0014041591461476227,9.805874310262393e-08,2.9238684013396224e-07
Random4261
Raw:1.0104241096783009e-05,2.122547334954194e-06,1.9873220007881028e-05,0.49928167041623345,6.935296550282327e-09,0.49928167041624766,2.6320519398807638e-09,0.0014041591461476327,9.805874310262462e-08,2.9238684013396436e-07
EFT:1.0104241096782794e-05,2.122547334954209e-06,1.987322000788117e-05,0.499281670416237,6.935296550282277e-09,0.4992816704162441,2.6320519398807075e-09,0.0014041591461476227,9.805874310262393e-08,2.9238684013396224e-07
Random4262
Raw:1.0104241096782938e-05,2.122547334954239e-06,1.987322000788117e-05,0.499281670416237,6.935296550282277e-09,0.4992816704162441,2.632051939880745e-09,0.0014041591461476427,9.805874310262393e-08,2.9238684013396637e-07
EFT:1.0104241096782794e-05,2.122547334954209e-06,1.987322000788117e-05,0.499281670416237,6.935296550282277e-09,0.4992816704162441,2.6320519398807075e-09,0.0014041591461476227,9.805874310262393e-08,2.9238684013396224e-07
Random4263
Raw:1.0104241096782938e-05,2.122547334954209e-06,1.987322000788117e-05,0.499281670416237,6.935296550282277e-09,0.4992816704162441,2.632051939880745e-09,0.0014041591461476227,9.805874310262532e-08,2.9238684013396224e-07
EFT:1.0104241096782794e-05,2.122547334954209e-06,1.987322000788117e-05,0.499281670416237,6.935296550282277e-09,0.4992816704162441,2.6320519398807075e-09,0.0014041591461476227,9.805874310262393e-08,2.9238684013396224e-07
Random4264
Raw:1.0104241096782938e-05,2.122547334954209e-06,1.987322000788117e-05,0.499281670416237,6.935296550282277e-09,0.4992816704162441,2.632051939880745e-09,0.0014041591461476427,9.805874310262393e-08,2.9238684013396224e-07
EFT:1.0104241096782794e-05,2.122547334954209e-06,1.987322000788117e-05,0.499281670416237,6.935296550282277e-09,0.4992816704162441,2.6320519398807075e-09,0.0014041591461476227,9.805874310262393e-08,2.9238684013396224e-07
Random4265
Raw:1.0104241096783009e-05,2.122547334954224e-06,1.987322000788131e-05,0.49928167041623345,6.935296550282327e-09,0.49928167041624766,2.6320519398807638e-09,0.0014041591461476327,9.805874310262462e-08,2.923868401339685e-07
EFT:1.0104241096782794e-05,2.122547334954209e-06,1.987322000788117e-05,0.499281670416237,6.935296550282277e-09,0.4992816704162441,2.6320519398807075e-09,0.0014041591461476227,9.805874310262393e-08,2.9238684013396224e-07
Random4266
Raw:1.0104241096782794e-05,2.1225473349541788e-06,1.9873220007880885e-05,0.499281670416237,6.935296550282277e-09,0.4992816704162441,2.632051939880745e-09,0.0014041591461476026,9.805874310262254e-08,2.9238684013396224e-07
EFT:1.0104241096782794e-05,2.122547334954209e-06,1.987322000788117e-05,0.499281670416237,6.935296550282277e-09,0.4992816704162441,2.6320519398807075e-09,0.0014041591461476227,9.805874310262393e-08,2.9238684013396224e-07
Random4267
Raw:1.0104241096782794e-05,2.122547334954209e-06,1.987322000788117e-05,0.499281670416237,6.935296550282277e-09,0.4992816704162441,2.632051939880745e-09,0.0014041591461476227,9.805874310262254e-08,2.9238684013396224e-07
EFT:1.0104241096782794e-05,2.122547334954209e-06,1.987322000788117e-05,0.499281670416237,6.935296550282277e-09,0.4992816704162441,2.6320519398807075e-09,0.0014041591461476227,9.805874310262393e-08,2.9238684013396224e-07
Random4268
Raw:1.0104241096782938e-05,2.122547334954239e-06,1.987322000788145e-05,0.499281670416237,6.935296550282277e-09,0.4992816704162441,2.632051939880745e-09,0.0014041591461476427,9.805874310262532e-08,2.9238684013396224e-07
EFT:1.0104241096782794e-05,2.122547334954209e-06,1.987322000788117e-05,0.499281670416237,6.935296550282277e-09,0.4992816704162441,2.6320519398807075e-09,0.0014041591461476227,9.805874310262393e-08,2.9238684013396224e-07
Random4269
Raw:1.0104241096782867e-05,2.122547334954224e-06,1.987322000788131e-05,0.49928167041624055,6.935296550282326e-09,0.49928167041624055,2.6320519398807638e-09,0.0014041591461476327,9.805874310262462e-08,2.923868401339643e-07
EFT:1.0104241096782794e-05,2.122547334954209e-06,1.987322000788117e-05,0.499281670416237,6.935296550282277e-09,0.4992816704162441,2.6320519398807075e-09,0.0014041591461476227,9.805874310262393e-08,2.9238684013396224e-07
Random4270
Raw:1.0104241096782938e-05,2.122547334954209e-06,1.987322000788117e-05,0.499281670416237,6.9352965502823754e-09,0.4992816704162441,2.632051939880745e-09,0.0014041591461476227,9.805874310262393e-08,2.9238684013396637e-07
EFT:1.0104241096782794e-05,2.122547334954209e-06,1.987322000788117e-05,0.499281670416237,6.935296550282277e-09,0.4992816704162441,2.6320519398807075e-09,0.0014041591461476227,9.805874310262393e-08,2.9238684013396224e-07
Random4271
Raw:1.0104241096783009e-05,2.122547334954224e-06,1.9873220007881028e-05,0.49928167041623345,6.935296550282327e-09,0.49928167041624766,2.6320519398807638e-09,0.0014041591461476327,9.805874310262601e-08,2.9238684013396436e-07
EFT:1.0104241096782794e-05,2.122547334954209e-06,1.987322000788117e-05,0.499281670416237,6.935296550282277e-09,0.4992816704162441,2.6320519398807075e-09,0.0014041591461476227,9.805874310262393e-08,2.9238684013396224e-07
Random4272
Raw:1.0104241096782938e-05,2.122547334954239e-06,1.987322000788145e-05,0.499281670416237,6.935296550282277e-09,0.4992816704162441,2.632051939880745e-09,0.0014041591461476427,9.805874310262393e-08,2.9238684013396637e-07
EFT:1.0104241096782794e-05,2.122547334954209e-06,1.987322000788117e-05,0.499281670416237,6.935296550282277e-09,0.4992816704162441,2.6320519398807075e-09,0.0014041591461476227,9.805874310262393e-08,2.9238684013396224e-07
Random4273
Raw:1.0104241096782867e-05,2.122547334954224e-06,1.987322000788131e-05,0.49928167041624055,6.935296550282326e-09,0.49928167041624055,2.6320519398807265e-09,0.0014041591461476327,9.805874310262323e-08,2.923868401339643e-07
EFT:1.0104241096782794e-05,2.122547334954209e-06,1.987322000788117e-05,0.499281670416237,6.935296550282277e-09,0.4992816704162441,2.6320519398807075e-09,0.0014041591461476227,9.805874310262393e-08,2.9238684013396224e-07
Random4274
Raw:1.0104241096783009e-05,2.122547334954224e-06,1.987322000788131e-05,0.49928167041623345,6.935296550282424e-09,0.49928167041624766,2.6320519398807638e-09,0.0014041591461476327,9.805874310262601e-08,2.923868401339685e-07
EFT:1.0104241096782794e-05,2.122547334954209e-06,1.987322000788117e-05,0.499281670416237,6.935296550282277e-09,0.4992816704162441,2.6320519398807075e-09,0.0014041591461476227,9.805874310262393e-08,2.9238684013396224e-07
Random4275
Raw:1.0104241096782938e-05,2.122547334954239e-06,1.987322000788117e-05,0.499281670416237,6.935296550282277e-09,0.4992816704162441,2.632051939880745e-09,0.0014041591461476427,9.805874310262532e-08,2.9238684013396224e-07
EFT:1.0104241096782794e-05,2.122547334954209e-06,1.987322000788117e-05,0.499281670416237,6.935296550282277e-09,0.4992816704162441,2.6320519398807075e-09,0.0014041591461476227,9.805874310262393e-08,2.9238684013396224e-07
Random4276
Raw:1.0104241096782938e-05,2.122547334954239e-06,1.987322000788145e-05,0.499281670416237,6.9352965502823754e-09,0.4992816704162441,2.632051939880745e-09,0.0014041591461476227,9.805874310262532e-08,2.9238684013396637e-07
EFT:1.0104241096782794e-05,2.122547334954209e-06,1.987322000788117e-05,0.499281670416237,6.935296550282277e-09,0.4992816704162441,2.6320519398807075e-09,0.0014041591461476227,9.805874310262393e-08,2.9238684013396224e-07
Random4277
Raw:1.0104241096782938e-05,2.122547334954209e-06,1.987322000788117e-05,0.499281670416237,6.9352965502823754e-09,0.4992816704162441,2.632051939880745e-09,0.0014041591461476227,9.805874310262393e-08,2.9238684013396637e-07
EFT:1.0104241096782794e-05,2.122547334954209e-06,1.987322000788117e-05,0.499281670416237,6.935296550282277e-09,0.4992816704162441,2.6320519398807075e-09,0.0014041591461476227,9.805874310262393e-08,2.9238684013396224e-07
Random4278
Raw:1.0104241096782938e-05,2.122547334954239e-06,1.987322000788117e-05,0.499281670416237,6.935296550282277e-09,0.4992816704162441,2.632051939880745e-09,0.0014041591461476427,9.805874310262393e-08,2.9238684013396637e-07
EFT:1.0104241096782794e-05,2.122547334954209e-06,1.987322000788117e-05,0.499281670416237,6.935296550282277e-09,0.4992816704162441,2.6320519398807075e-09,0.0014041591461476227,9.805874310262393e-08,2.9238684013396224e-07
Random4279
Raw:1.0104241096782938e-05,2.122547334954239e-06,1.987322000788145e-05,0.499281670416237,6.9352965502823754e-09,0.4992816704162441,2.632051939880745e-09,0.0014041591461476227,9.805874310262532e-08,2.9238684013396637e-07
EFT:1.0104241096782794e-05,2.122547334954209e-06,1.987322000788117e-05,0.499281670416237,6.935296550282277e-09,0.4992816704162441,2.6320519398807075e-09,0.0014041591461476227,9.805874310262393e-08,2.9238684013396224e-07
Random4280
Raw:1.0104241096782938e-05,2.122547334954209e-06,1.9873220007880885e-05,0.499281670416237,6.935296550282277e-09,0.4992816704162441,2.632051939880745e-09,0.0014041591461476227,9.805874310262393e-08,2.9238684013396224e-07
EFT:1.0104241096782794e-05,2.122547334954209e-06,1.987322000788117e-05,0.499281670416237,6.935296550282277e-09,0.4992816704162441,2.6320519398807075e-09,0.0014041591461476227,9.805874310262393e-08,2.9238684013396224e-07
Random4281
Raw:1.0104241096782938e-05,2.122547334954209e-06,1.987322000788117e-05,0.499281670416237,6.9352965502823754e-09,0.4992816704162441,2.6320519398807824e-09,0.0014041591461476227,9.805874310262532e-08,2.9238684013396637e-07
EFT:1.0104241096782794e-05,2.122547334954209e-06,1.987322000788117e-05,0.499281670416237,6.935296550282277e-09,0.4992816704162441,2.6320519398807075e-09,0.0014041591461476227,9.805874310262393e-08,2.9238684013396224e-07
Random4282
Raw:1.0104241096782867e-05,2.122547334954224e-06,1.987322000788131e-05,0.49928167041624055,6.935296550282326e-09,0.49928167041624055,2.6320519398807265e-09,0.0014041591461476327,9.805874310262323e-08,2.923868401339643e-07
EFT:1.0104241096782794e-05,2.122547334954209e-06,1.987322000788117e-05,0.499281670416237,6.935296550282277e-09,0.4992816704162441,2.6320519398807075e-09,0.0014041591461476227,9.805874310262393e-08,2.9238684013396224e-07
Random4283
Raw:1.0104241096782938e-05,2.1225473349542093e-06,1.9873220007880885e-05,0.4992816704162299,6.935296550282277e-09,0.49928167041625116,2.6320519398807828e-09,0.0014041591461476026,9.805874310262532e-08,2.923868401339664e-07
EFT:1.0104241096782794e-05,2.122547334954209e-06,1.987322000788117e-05,0.499281670416237,6.935296550282277e-09,0.4992816704162441,2.6320519398807075e-09,0.0014041591461476227,9.805874310262393e-08,2.9238684013396224e-07
Random4284
Raw:1.0104241096783009e-05,2.122547334954194e-06,1.9873220007881028e-05,0.49928167041623345,6.935296550282327e-09,0.49928167041624766,2.6320519398807638e-09,0.0014041591461476126,9.805874310262601e-08,2.9238684013396436e-07
EFT:1.0104241096782794e-05,2.122547334954209e-06,1.987322000788117e-05,0.499281670416237,6.935296550282277e-09,0.4992816704162441,2.6320519398807075e-09,0.0014041591461476227,9.805874310262393e-08,2.9238684013396224e-07
Random4285
Raw:1.0104241096783082e-05,2.1225473349542093e-06,1.9873220007880885e-05,0.4992816704162299,6.9352965502823754e-09,0.49928167041625116,2.6320519398808196e-09,0.0014041591461476026,9.805874310262671e-08,2.923868401339664e-07
EFT:1.0104241096782794e-05,2.122547334954209e-06,1.987322000788117e-05,0.499281670416237,6.935296550282277e-09,0.4992816704162441,2.6320519398807075e-09,0.0014041591461476227,9.805874310262393e-08,2.9238684013396224e-07
Random4286
Raw:1.0104241096782794e-05,2.122547334954209e-06,1.987322000788117e-05,0.499281670416237,6.935296550282277e-09,0.4992816704162441,2.6320519398807075e-09,0.0014041591461476026,9.805874310262393e-08,2.9238684013396224e-07
EFT:1.0104241096782794e-05,2.122547334954209e-06,1.987322000788117e-05,0.499281670416237,6.935296550282277e-09,0.4992816704162441,2.6320519398807075e-09,0.0014041591461476227,9.805874310262393e-08,2.9238684013396224e-07
Random4287
Raw:1.0104241096782938e-05,2.122547334954209e-06,1.987322000788117e-05,0.499281670416237,6.935296550282277e-09,0.4992816704162441,2.632051939880745e-09,0.0014041591461476427,9.805874310262393e-08,2.9238684013396224e-07
EFT:1.0104241096782794e-05,2.122547334954209e-06,1.987322000788117e-05,0.499281670416237,6.935296550282277e-09,0.4992816704162441,2.6320519398807075e-09,0.0014041591461476227,9.805874310262393e-08,2.9238684013396224e-07
Random4288
Raw:1.0104241096782938e-05,2.122547334954239e-06,1.987322000788117e-05,0.499281670416237,6.935296550282277e-09,0.4992816704162441,2.632051939880745e-09,0.0014041591461476427,9.805874310262393e-08,2.9238684013396637e-07
EFT:1.0104241096782794e-05,2.122547334954209e-06,1.987322000788117e-05,0.499281670416237,6.935296550282277e-09,0.4992816704162441,2.6320519398807075e-09,0.0014041591461476227,9.805874310262393e-08,2.9238684013396224e-07
Random4289
Raw:1.0104241096782794e-05,2.122547334954209e-06,1.9873220007880885e-05,0.499281670416237,6.9352965502821786e-09,0.4992816704162441,2.6320519398807075e-09,0.0014041591461476026,9.805874310262393e-08,2.9238684013396224e-07
EFT:1.0104241096782794e-05,2.122547334954209e-06,1.987322000788117e-05,0.499281670416237,6.935296550282277e-09,0.4992816704162441,2.6320519398807075e-09,0.0014041591461476227,9.805874310262393e-08,2.9238684013396224e-07
Random4290
Raw:1.0104241096782938e-05,2.122547334954239e-06,1.987322000788117e-05,0.499281670416237,6.935296550282277e-09,0.4992816704162441,2.632051939880745e-09,0.0014041591461476427,9.805874310262532e-08,2.9238684013396224e-07
EFT:1.0104241096782794e-05,2.122547334954209e-06,1.987322000788117e-05,0.499281670416237,6.935296550282277e-09,0.4992816704162441,2.6320519398807075e-09,0.0014041591461476227,9.805874310262393e-08,2.9238684013396224e-07
Random4291
Raw:1.0104241096782723e-05,2.122547334954194e-06,1.9873220007881028e-05,0.49928167041624055,6.935296550282228e-09,0.49928167041624055,2.6320519398806513e-09,0.0014041591461476128,9.805874310262323e-08,2.923868401339602e-07
EFT:1.0104241096782794e-05,2.122547334954209e-06,1.987322000788117e-05,0.499281670416237,6.935296550282277e-09,0.4992816704162441,2.6320519398807075e-09,0.0014041591461476227,9.805874310262393e-08,2.9238684013396224e-07
Random4292
Raw:1.0104241096782723e-05,2.122547334954194e-06,1.9873220007881028e-05,0.49928167041624055,6.93529655028213e-09,0.49928167041624055,2.6320519398806513e-09,0.0014041591461476128,9.805874310262323e-08,2.923868401339602e-07
EFT:1.0104241096782794e-05,2.122547334954209e-06,1.987322000788117e-05,0.499281670416237,6.935296550282277e-09,0.4992816704162441,2.6320519398807075e-09,0.0014041591461476227,9.805874310262393e-08,2.9238684013396224e-07
Random4293
Raw:1.0104241096782938e-05,2.122547334954209e-06,1.987322000788117e-05,0.499281670416237,6.935296550282277e-09,0.4992816704162441,2.632051939880745e-09,0.0014041591461476227,9.805874310262532e-08,2.9238684013396224e-07
EFT:1.0104241096782794e-05,2.122547334954209e-06,1.987322000788117e-05,0.499281670416237,6.935296550282277e-09,0.4992816704162441,2.6320519398807075e-09,0.0014041591461476227,9.805874310262393e-08,2.9238684013396224e-07
Random4294
Raw:1.0104241096782938e-05,2.122547334954209e-06,1.987322000788117e-05,0.499281670416237,6.9352965502823754e-09,0.4992816704162441,2.6320519398807824e-09,0.0014041591461476227,9.805874310262532e-08,2.9238684013396637e-07
EFT:1.0104241096782794e-05,2.122547334954209e-06,1.987322000788117e-05,0.499281670416237,6.935296550282277e-09,0.4992816704162441,2.6320519398807075e-09,0.0014041591461476227,9.805874310262393e-08,2.9238684013396224e-07
Random4295
Raw:1.0104241096782938e-05,2.122547334954239e-06,1.987322000788117e-05,0.499281670416237,6.9352965502823754e-09,0.4992816704162441,2.6320519398807824e-09,0.0014041591461476227,9.805874310262532e-08,2.9238684013396637e-07
EFT:1.0104241096782794e-05,2.122547334954209e-06,1.987322000788117e-05,0.499281670416237,6.935296550282277e-09,0.4992816704162441,2.6320519398807075e-09,0.0014041591461476227,9.805874310262393e-08,2.9238684013396224e-07
Random4296
Raw:1.0104241096782794e-05,2.122547334954209e-06,1.987322000788117e-05,0.499281670416237,6.9352965502821786e-09,0.4992816704162441,2.6320519398807075e-09,0.0014041591461476227,9.805874310262393e-08,2.9238684013396224e-07
EFT:1.0104241096782794e-05,2.122547334954209e-06,1.987322000788117e-05,0.499281670416237,6.935296550282277e-09,0.4992816704162441,2.6320519398807075e-09,0.0014041591461476227,9.805874310262393e-08,2.9238684013396224e-07
Random4297
Raw:1.0104241096783009e-05,2.122547334954224e-06,1.9873220007881028e-05,0.49928167041623345,6.935296550282327e-09,0.49928167041624766,2.6320519398807638e-09,0.0014041591461476327,9.805874310262601e-08,2.9238684013396436e-07
EFT:1.0104241096782794e-05,2.122547334954209e-06,1.987322000788117e-05,0.499281670416237,6.935296550282277e-09,0.4992816704162441,2.6320519398807075e-09,0.0014041591461476227,9.805874310262393e-08,2.9238684013396224e-07
Random4298
Raw:1.0104241096783009e-05,2.122547334954194e-06,1.9873220007881028e-05,0.49928167041623345,6.935296550282327e-09,0.49928167041624766,2.6320519398807638e-09,0.0014041591461476327,9.805874310262462e-08,2.9238684013396436e-07
EFT:1.0104241096782794e-05,2.122547334954209e-06,1.987322000788117e-05,0.499281670416237,6.935296550282277e-09,0.4992816704162441,2.6320519398807075e-09,0.0014041591461476227,9.805874310262393e-08,2.9238684013396224e-07
Random4299
Raw:1.0104241096782938e-05,2.122547334954239e-06,1.987322000788145e-05,0.499281670416237,6.935296550282277e-09,0.4992816704162441,2.632051939880745e-09,0.0014041591461476427,9.805874310262393e-08,2.9238684013396637e-07
EFT:1.0104241096782794e-05,2.122547334954209e-06,1.987322000788117e-05,0.499281670416237,6.935296550282277e-09,0.4992816704162441,2.6320519398807075e-09,0.0014041591461476227,9.805874310262393e-08,2.9238684013396224e-07
Random4300
Raw:1.0104241096783009e-05,2.122547334954224e-06,1.9873220007881028e-05,0.49928167041623345,6.935296550282327e-09,0.49928167041624766,2.6320519398807638e-09,0.0014041591461476327,9.805874310262601e-08,2.9238684013396436e-07
EFT:1.0104241096782794e-05,2.122547334954209e-06,1.987322000788117e-05,0.499281670416237,6.935296550282277e-09,0.4992816704162441,2.6320519398807075e-09,0.0014041591461476227,9.805874310262393e-08,2.9238684013396224e-07
Random4301
Raw:1.0104241096782938e-05,2.122547334954209e-06,1.987322000788117e-05,0.499281670416237,6.935296550282277e-09,0.4992816704162441,2.632051939880745e-09,0.0014041591461476227,9.805874310262532e-08,2.9238684013396224e-07
EFT:1.0104241096782794e-05,2.122547334954209e-06,1.987322000788117e-05,0.499281670416237,6.935296550282277e-09,0.4992816704162441,2.6320519398807075e-09,0.0014041591461476227,9.805874310262393e-08,2.9238684013396224e-07
Random4302
Raw:1.0104241096782938e-05,2.122547334954239e-06,1.987322000788117e-05,0.499281670416237,6.9352965502823754e-09,0.4992816704162441,2.6320519398807824e-09,0.0014041591461476227,9.805874310262532e-08,2.9238684013396637e-07
EFT:1.0104241096782794e-05,2.122547334954209e-06,1.987322000788117e-05,0.499281670416237,6.935296550282277e-09,0.4992816704162441,2.6320519398807075e-09,0.0014041591461476227,9.805874310262393e-08,2.9238684013396224e-07
Random4303
Raw:1.0104241096782938e-05,2.122547334954209e-06,1.987322000788117e-05,0.499281670416237,6.935296550282277e-09,0.4992816704162441,2.632051939880745e-09,0.0014041591461476427,9.805874310262393e-08,2.9238684013396224e-07
EFT:1.0104241096782794e-05,2.122547334954209e-06,1.987322000788117e-05,0.499281670416237,6.935296550282277e-09,0.4992816704162441,2.6320519398807075e-09,0.0014041591461476227,9.805874310262393e-08,2.9238684013396224e-07
Random4304
Raw:1.0104241096782938e-05,2.122547334954209e-06,1.987322000788117e-05,0.499281670416237,6.935296550282277e-09,0.4992816704162441,2.632051939880745e-09,0.0014041591461476227,9.805874310262532e-08,2.9238684013396224e-07
EFT:1.0104241096782794e-05,2.122547334954209e-06,1.987322000788117e-05,0.499281670416237,6.935296550282277e-09,0.4992816704162441,2.6320519398807075e-09,0.0014041591461476227,9.805874310262393e-08,2.9238684013396224e-07
Random4305
Raw:1.0104241096782938e-05,2.122547334954239e-06,1.987322000788145e-05,0.499281670416237,6.935296550282277e-09,0.4992816704162441,2.632051939880745e-09,0.0014041591461476427,9.805874310262393e-08,2.9238684013396637e-07
EFT:1.0104241096782794e-05,2.122547334954209e-06,1.987322000788117e-05,0.499281670416237,6.935296550282277e-09,0.4992816704162441,2.6320519398807075e-09,0.0014041591461476227,9.805874310262393e-08,2.9238684013396224e-07
Random4306
Raw:1.0104241096782938e-05,2.122547334954209e-06,1.987322000788117e-05,0.499281670416237,6.935296550282277e-09,0.4992816704162441,2.632051939880745e-09,0.0014041591461476227,9.805874310262532e-08,2.9238684013396224e-07
EFT:1.0104241096782794e-05,2.122547334954209e-06,1.987322000788117e-05,0.499281670416237,6.935296550282277e-09,0.4992816704162441,2.6320519398807075e-09,0.0014041591461476227,9.805874310262393e-08,2.9238684013396224e-07
Random4307
Raw:1.0104241096783009e-05,2.122547334954224e-06,1.987322000788131e-05,0.49928167041623345,6.935296550282327e-09,0.49928167041624766,2.6320519398807638e-09,0.0014041591461476327,9.805874310262462e-08,2.923868401339685e-07
EFT:1.0104241096782794e-05,2.122547334954209e-06,1.987322000788117e-05,0.499281670416237,6.935296550282277e-09,0.4992816704162441,2.6320519398807075e-09,0.0014041591461476227,9.805874310262393e-08,2.9238684013396224e-07
Random4308
Raw:1.0104241096782938e-05,2.122547334954239e-06,1.987322000788117e-05,0.499281670416237,6.935296550282277e-09,0.4992816704162441,2.632051939880745e-09,0.0014041591461476427,9.805874310262532e-08,2.9238684013396224e-07
EFT:1.0104241096782794e-05,2.122547334954209e-06,1.987322000788117e-05,0.499281670416237,6.935296550282277e-09,0.4992816704162441,2.6320519398807075e-09,0.0014041591461476227,9.805874310262393e-08,2.9238684013396224e-07
Random4309
Raw:1.0104241096782865e-05,2.122547334954194e-06,1.9873220007881028e-05,0.49928167041623345,6.935296550282228e-09,0.49928167041624766,2.6320519398807638e-09,0.0014041591461476126,9.805874310262324e-08,2.9238684013396436e-07
EFT:1.0104241096782794e-05,2.122547334954209e-06,1.987322000788117e-05,0.499281670416237,6.935296550282277e-09,0.4992816704162441,2.6320519398807075e-09,0.0014041591461476227,9.805874310262393e-08,2.9238684013396224e-07
Random4310
Raw:1.0104241096782867e-05,2.122547334954224e-06,1.9873220007881028e-05,0.49928167041624055,6.935296550282326e-09,0.49928167041624055,2.6320519398807265e-09,0.0014041591461476128,9.805874310262462e-08,2.923868401339643e-07
EFT:1.0104241096782794e-05,2.122547334954209e-06,1.987322000788117e-05,0.499281670416237,6.935296550282277e-09,0.4992816704162441,2.6320519398807075e-09,0.0014041591461476227,9.805874310262393e-08,2.9238684013396224e-07
Random4311
Raw:1.0104241096782938e-05,2.122547334954209e-06,1.987322000788117e-05,0.499281670416237,6.935296550282277e-09,0.4992816704162441,2.632051939880745e-09,0.0014041591461476227,9.805874310262532e-08,2.9238684013396224e-07
EFT:1.0104241096782794e-05,2.122547334954209e-06,1.987322000788117e-05,0.499281670416237,6.935296550282277e-09,0.4992816704162441,2.6320519398807075e-09,0.0014041591461476227,9.805874310262393e-08,2.9238684013396224e-07
Random4312
Raw:1.0104241096782938e-05,2.122547334954209e-06,1.987322000788117e-05,0.499281670416237,6.9352965502823754e-09,0.4992816704162441,2.6320519398807824e-09,0.0014041591461476227,9.805874310262532e-08,2.9238684013396637e-07
EFT:1.0104241096782794e-05,2.122547334954209e-06,1.987322000788117e-05,0.499281670416237,6.935296550282277e-09,0.4992816704162441,2.6320519398807075e-09,0.0014041591461476227,9.805874310262393e-08,2.9238684013396224e-07
Random4313
Raw:1.0104241096783009e-05,2.122547334954224e-06,1.9873220007881028e-05,0.49928167041623345,6.935296550282327e-09,0.49928167041624766,2.6320519398807638e-09,0.0014041591461476327,9.805874310262601e-08,2.9238684013396436e-07
EFT:1.0104241096782794e-05,2.122547334954209e-06,1.987322000788117e-05,0.499281670416237,6.935296550282277e-09,0.4992816704162441,2.6320519398807075e-09,0.0014041591461476227,9.805874310262393e-08,2.9238684013396224e-07
Random4314
Raw:1.0104241096782938e-05,2.122547334954209e-06,1.987322000788117e-05,0.499281670416237,6.935296550282277e-09,0.4992816704162441,2.632051939880745e-09,0.0014041591461476427,9.805874310262393e-08,2.9238684013396224e-07
EFT:1.0104241096782794e-05,2.122547334954209e-06,1.987322000788117e-05,0.499281670416237,6.935296550282277e-09,0.4992816704162441,2.6320519398807075e-09,0.0014041591461476227,9.805874310262393e-08,2.9238684013396224e-07
Random4315
Raw:1.0104241096782867e-05,2.1225473349542546e-06,1.987322000788131e-05,0.49928167041624055,6.935296550282326e-09,0.49928167041624055,2.6320519398807638e-09,0.0014041591461476128,9.805874310262462e-08,2.923868401339643e-07
EFT:1.0104241096782794e-05,2.122547334954209e-06,1.987322000788117e-05,0.499281670416237,6.935296550282277e-09,0.4992816704162441,2.6320519398807075e-09,0.0014041591461476227,9.805874310262393e-08,2.9238684013396224e-07
Random4316
Raw:1.0104241096782938e-05,2.122547334954239e-06,1.9873220007880885e-05,0.499281670416237,6.935296550282277e-09,0.4992816704162441,2.632051939880745e-09,0.0014041591461476227,9.805874310262532e-08,2.9238684013396224e-07
EFT:1.0104241096782794e-05,2.122547334954209e-06,1.987322000788117e-05,0.499281670416237,6.935296550282277e-09,0.4992816704162441,2.6320519398807075e-09,0.0014041591461476227,9.805874310262393e-08,2.9238684013396224e-07
Random4317
Raw:1.0104241096782867e-05,2.122547334954224e-06,1.9873220007881028e-05,0.49928167041624055,6.935296550282326e-09,0.49928167041624055,2.6320519398807265e-09,0.0014041591461476327,9.805874310262323e-08,2.923868401339643e-07
EFT:1.0104241096782794e-05,2.122547334954209e-06,1.987322000788117e-05,0.499281670416237,6.935296550282277e-09,0.4992816704162441,2.6320519398807075e-09,0.0014041591461476227,9.805874310262393e-08,2.9238684013396224e-07
Random4318
Raw:1.0104241096782938e-05,2.122547334954209e-06,1.987322000788117e-05,0.499281670416237,6.9352965502823754e-09,0.4992816704162441,2.6320519398807824e-09,0.0014041591461476026,9.805874310262393e-08,2.9238684013396637e-07
EFT:1.0104241096782794e-05,2.122547334954209e-06,1.987322000788117e-05,0.499281670416237,6.935296550282277e-09,0.4992816704162441,2.6320519398807075e-09,0.0014041591461476227,9.805874310262393e-08,2.9238684013396224e-07
Random4319
Raw:1.0104241096782938e-05,2.122547334954209e-06,1.987322000788117e-05,0.499281670416237,6.9352965502823754e-09,0.4992816704162441,2.632051939880745e-09,0.0014041591461476227,9.805874310262393e-08,2.9238684013396637e-07
EFT:1.0104241096782794e-05,2.122547334954209e-06,1.987322000788117e-05,0.499281670416237,6.935296550282277e-09,0.4992816704162441,2.6320519398807075e-09,0.0014041591461476227,9.805874310262393e-08,2.9238684013396224e-07
Random4320
Raw:1.0104241096782865e-05,2.122547334954194e-06,1.9873220007881028e-05,0.49928167041623345,6.935296550282327e-09,0.49928167041624766,2.6320519398807638e-09,0.0014041591461476126,9.805874310262324e-08,2.9238684013396436e-07
EFT:1.0104241096782794e-05,2.122547334954209e-06,1.987322000788117e-05,0.499281670416237,6.935296550282277e-09,0.4992816704162441,2.6320519398807075e-09,0.0014041591461476227,9.805874310262393e-08,2.9238684013396224e-07
Random4321
Raw:1.0104241096782867e-05,2.122547334954224e-06,1.987322000788131e-05,0.49928167041624055,6.935296550282326e-09,0.49928167041624055,2.6320519398807265e-09,0.0014041591461476327,9.805874310262323e-08,2.923868401339643e-07
EFT:1.0104241096782794e-05,2.122547334954209e-06,1.987322000788117e-05,0.499281670416237,6.935296550282277e-09,0.4992816704162441,2.6320519398807075e-09,0.0014041591461476227,9.805874310262393e-08,2.9238684013396224e-07
Random4322
Raw:1.0104241096782794e-05,2.122547334954209e-06,1.987322000788117e-05,0.499281670416237,6.9352965502821786e-09,0.4992816704162441,2.6320519398807075e-09,0.0014041591461476026,9.805874310262393e-08,2.9238684013396224e-07
EFT:1.0104241096782794e-05,2.122547334954209e-06,1.987322000788117e-05,0.499281670416237,6.935296550282277e-09,0.4992816704162441,2.6320519398807075e-09,0.0014041591461476227,9.805874310262393e-08,2.9238684013396224e-07
Random4323
Raw:1.0104241096782867e-05,2.122547334954194e-06,1.9873220007881028e-05,0.49928167041624055,6.935296550282326e-09,0.49928167041624055,2.6320519398807265e-09,0.0014041591461476128,9.805874310262602e-08,2.923868401339643e-07
EFT:1.0104241096782794e-05,2.122547334954209e-06,1.987322000788117e-05,0.499281670416237,6.935296550282277e-09,0.4992816704162441,2.6320519398807075e-09,0.0014041591461476227,9.805874310262393e-08,2.9238684013396224e-07
Random4324
Raw:1.0104241096782938e-05,2.1225473349541788e-06,1.9873220007880885e-05,0.499281670416237,6.935296550282277e-09,0.4992816704162441,2.632051939880745e-09,0.0014041591461476026,9.805874310262532e-08,2.9238684013396224e-07
EFT:1.0104241096782794e-05,2.122547334954209e-06,1.987322000788117e-05,0.499281670416237,6.935296550282277e-09,0.4992816704162441,2.6320519398807075e-09,0.0014041591461476227,9.805874310262393e-08,2.9238684013396224e-07
Random4325
Raw:1.0104241096782867e-05,2.122547334954224e-06,1.9873220007881028e-05,0.49928167041624055,6.935296550282228e-09,0.49928167041624055,2.632051939880689e-09,0.0014041591461476327,9.805874310262462e-08,2.923868401339602e-07
EFT:1.0104241096782794e-05,2.122547334954209e-06,1.987322000788117e-05,0.499281670416237,6.935296550282277e-09,0.4992816704162441,2.6320519398807075e-09,0.0014041591461476227,9.805874310262393e-08,2.9238684013396224e-07
Random4326
Raw:1.0104241096782723e-05,2.122547334954194e-06,1.9873220007881028e-05,0.49928167041624055,6.93529655028213e-09,0.49928167041624055,2.6320519398806513e-09,0.0014041591461476128,9.805874310262323e-08,2.923868401339602e-07
EFT:1.0104241096782794e-05,2.122547334954209e-06,1.987322000788117e-05,0.499281670416237,6.935296550282277e-09,0.4992816704162441,2.6320519398807075e-09,0.0014041591461476227,9.805874310262393e-08,2.9238684013396224e-07
Random4327
Raw:1.0104241096782867e-05,2.122547334954224e-06,1.987322000788131e-05,0.49928167041624055,6.935296550282326e-09,0.49928167041624055,2.6320519398807265e-09,0.0014041591461476327,9.805874310262462e-08,2.923868401339643e-07
EFT:1.0104241096782794e-05,2.122547334954209e-06,1.987322000788117e-05,0.499281670416237,6.935296550282277e-09,0.4992816704162441,2.6320519398807075e-09,0.0014041591461476227,9.805874310262393e-08,2.9238684013396224e-07
Random4328
Raw:1.0104241096783009e-05,2.122547334954224e-06,1.9873220007881028e-05,0.49928167041623345,6.935296550282327e-09,0.49928167041624766,2.6320519398807638e-09,0.0014041591461476327,9.805874310262601e-08,2.9238684013396436e-07
EFT:1.0104241096782794e-05,2.122547334954209e-06,1.987322000788117e-05,0.499281670416237,6.935296550282277e-09,0.4992816704162441,2.6320519398807075e-09,0.0014041591461476227,9.805874310262393e-08,2.9238684013396224e-07
Random4329
Raw:1.0104241096782867e-05,2.122547334954194e-06,1.9873220007881028e-05,0.49928167041624055,6.935296550282326e-09,0.49928167041624055,2.6320519398807265e-09,0.0014041591461476128,9.805874310262602e-08,2.923868401339643e-07
EFT:1.0104241096782794e-05,2.122547334954209e-06,1.987322000788117e-05,0.499281670416237,6.935296550282277e-09,0.4992816704162441,2.6320519398807075e-09,0.0014041591461476227,9.805874310262393e-08,2.9238684013396224e-07
Random4330
Raw:1.0104241096782938e-05,2.122547334954209e-06,1.9873220007880885e-05,0.499281670416237,6.935296550282277e-09,0.4992816704162441,2.632051939880745e-09,0.0014041591461476227,9.805874310262393e-08,2.9238684013396224e-07
EFT:1.0104241096782794e-05,2.122547334954209e-06,1.987322000788117e-05,0.499281670416237,6.935296550282277e-09,0.4992816704162441,2.6320519398807075e-09,0.0014041591461476227,9.805874310262393e-08,2.9238684013396224e-07
Random4331
Raw:1.0104241096782794e-05,2.122547334954209e-06,1.9873220007880885e-05,0.499281670416237,6.935296550282277e-09,0.4992816704162441,2.632051939880745e-09,0.0014041591461476227,9.805874310262254e-08,2.9238684013396224e-07
EFT:1.0104241096782794e-05,2.122547334954209e-06,1.987322000788117e-05,0.499281670416237,6.935296550282277e-09,0.4992816704162441,2.6320519398807075e-09,0.0014041591461476227,9.805874310262393e-08,2.9238684013396224e-07
Random4332
Raw:1.0104241096782938e-05,2.1225473349541788e-06,1.9873220007880885e-05,0.499281670416237,6.935296550282277e-09,0.4992816704162441,2.632051939880745e-09,0.0014041591461476026,9.805874310262532e-08,2.9238684013396224e-07
EFT:1.0104241096782794e-05,2.122547334954209e-06,1.987322000788117e-05,0.499281670416237,6.935296550282277e-09,0.4992816704162441,2.6320519398807075e-09,0.0014041591461476227,9.805874310262393e-08,2.9238684013396224e-07
Random4333
Raw:1.0104241096782794e-05,2.122547334954209e-06,1.9873220007880885e-05,0.499281670416237,6.935296550282277e-09,0.4992816704162441,2.6320519398807075e-09,0.0014041591461476026,9.805874310262393e-08,2.9238684013396224e-07
EFT:1.0104241096782794e-05,2.122547334954209e-06,1.987322000788117e-05,0.499281670416237,6.935296550282277e-09,0.4992816704162441,2.6320519398807075e-09,0.0014041591461476227,9.805874310262393e-08,2.9238684013396224e-07
Random4334
Raw:1.0104241096783009e-05,2.122547334954224e-06,1.987322000788131e-05,0.49928167041623345,6.935296550282327e-09,0.49928167041624766,2.6320519398807638e-09,0.0014041591461476327,9.805874310262462e-08,2.923868401339685e-07
EFT:1.0104241096782794e-05,2.122547334954209e-06,1.987322000788117e-05,0.499281670416237,6.935296550282277e-09,0.4992816704162441,2.6320519398807075e-09,0.0014041591461476227,9.805874310262393e-08,2.9238684013396224e-07
Random4335
Raw:1.0104241096782794e-05,2.122547334954209e-06,1.987322000788117e-05,0.4992816704162441,6.935296550282277e-09,0.499281670416237,2.63205193988067e-09,0.0014041591461476227,9.805874310262393e-08,2.9238684013396224e-07
EFT:1.0104241096782794e-05,2.122547334954209e-06,1.987322000788117e-05,0.499281670416237,6.935296550282277e-09,0.4992816704162441,2.6320519398807075e-09,0.0014041591461476227,9.805874310262393e-08,2.9238684013396224e-07
Random4336
Raw:1.0104241096782938e-05,2.122547334954239e-06,1.987322000788117e-05,0.499281670416237,6.935296550282277e-09,0.4992816704162441,2.632051939880745e-09,0.0014041591461476427,9.805874310262532e-08,2.9238684013396224e-07
EFT:1.0104241096782794e-05,2.122547334954209e-06,1.987322000788117e-05,0.499281670416237,6.935296550282277e-09,0.4992816704162441,2.6320519398807075e-09,0.0014041591461476227,9.805874310262393e-08,2.9238684013396224e-07
Random4337
Raw:1.0104241096782938e-05,2.122547334954209e-06,1.987322000788117e-05,0.499281670416237,6.9352965502823754e-09,0.4992816704162441,2.632051939880745e-09,0.0014041591461476227,9.805874310262672e-08,2.9238684013396637e-07
EFT:1.0104241096782794e-05,2.122547334954209e-06,1.987322000788117e-05,0.499281670416237,6.935296550282277e-09,0.4992816704162441,2.6320519398807075e-09,0.0014041591461476227,9.805874310262393e-08,2.9238684013396224e-07
Random4338
Raw:1.0104241096782938e-05,2.122547334954239e-06,1.987322000788117e-05,0.499281670416237,6.9352965502823754e-09,0.4992816704162441,2.6320519398807824e-09,0.0014041591461476227,9.805874310262532e-08,2.9238684013396637e-07
EFT:1.0104241096782794e-05,2.122547334954209e-06,1.987322000788117e-05,0.499281670416237,6.935296550282277e-09,0.4992816704162441,2.6320519398807075e-09,0.0014041591461476227,9.805874310262393e-08,2.9238684013396224e-07
Random4339
Raw:1.0104241096782938e-05,2.122547334954239e-06,1.987322000788145e-05,0.499281670416237,6.935296550282277e-09,0.4992816704162441,2.632051939880745e-09,0.0014041591461476427,9.805874310262532e-08,2.9238684013396224e-07
EFT:1.0104241096782794e-05,2.122547334954209e-06,1.987322000788117e-05,0.499281670416237,6.935296550282277e-09,0.4992816704162441,2.6320519398807075e-09,0.0014041591461476227,9.805874310262393e-08,2.9238684013396224e-07
Random4340
Raw:1.0104241096782938e-05,2.122547334954209e-06,1.987322000788117e-05,0.499281670416237,6.935296550282277e-09,0.4992816704162441,2.632051939880745e-09,0.0014041591461476427,9.805874310262393e-08,2.9238684013396224e-07
EFT:1.0104241096782794e-05,2.122547334954209e-06,1.987322000788117e-05,0.499281670416237,6.935296550282277e-09,0.4992816704162441,2.6320519398807075e-09,0.0014041591461476227,9.805874310262393e-08,2.9238684013396224e-07
Random4341
Raw:1.0104241096782867e-05,2.1225473349542546e-06,1.987322000788131e-05,0.49928167041624055,6.935296550282326e-09,0.49928167041624055,2.6320519398807638e-09,0.0014041591461476327,9.805874310262462e-08,2.923868401339643e-07
EFT:1.0104241096782794e-05,2.122547334954209e-06,1.987322000788117e-05,0.499281670416237,6.935296550282277e-09,0.4992816704162441,2.6320519398807075e-09,0.0014041591461476227,9.805874310262393e-08,2.9238684013396224e-07
Random4342
Raw:1.0104241096782867e-05,2.122547334954224e-06,1.987322000788131e-05,0.49928167041624055,6.935296550282326e-09,0.49928167041624055,2.6320519398807638e-09,0.0014041591461476327,9.805874310262462e-08,2.923868401339643e-07
EFT:1.0104241096782794e-05,2.122547334954209e-06,1.987322000788117e-05,0.499281670416237,6.935296550282277e-09,0.4992816704162441,2.6320519398807075e-09,0.0014041591461476227,9.805874310262393e-08,2.9238684013396224e-07
Random4343
Raw:1.0104241096782794e-05,2.1225473349541788e-06,1.9873220007880885e-05,0.499281670416237,6.935296550282277e-09,0.4992816704162441,2.632051939880745e-09,0.0014041591461476026,9.805874310262254e-08,2.9238684013396224e-07
EFT:1.0104241096782794e-05,2.122547334954209e-06,1.987322000788117e-05,0.499281670416237,6.935296550282277e-09,0.4992816704162441,2.6320519398807075e-09,0.0014041591461476227,9.805874310262393e-08,2.9238684013396224e-07
Random4344
Raw:1.0104241096782865e-05,2.122547334954194e-06,1.9873220007881028e-05,0.49928167041623345,6.935296550282228e-09,0.49928167041624766,2.632051939880726e-09,0.0014041591461476327,9.805874310262324e-08,2.923868401339602e-07
EFT:1.0104241096782794e-05,2.122547334954209e-06,1.987322000788117e-05,0.499281670416237,6.935296550282277e-09,0.4992816704162441,2.6320519398807075e-09,0.0014041591461476227,9.805874310262393e-08,2.9238684013396224e-07
Random4345
Raw:1.0104241096783009e-05,2.122547334954224e-06,1.987322000788131e-05,0.49928167041623345,6.935296550282327e-09,0.49928167041624766,2.6320519398807638e-09,0.0014041591461476327,9.805874310262601e-08,2.9238684013396436e-07
EFT:1.0104241096782794e-05,2.122547334954209e-06,1.987322000788117e-05,0.499281670416237,6.935296550282277e-09,0.4992816704162441,2.6320519398807075e-09,0.0014041591461476227,9.805874310262393e-08,2.9238684013396224e-07
Random4346
Raw:1.0104241096782867e-05,2.122547334954224e-06,1.9873220007881028e-05,0.49928167041624055,6.935296550282326e-09,0.49928167041624055,2.6320519398807265e-09,0.0014041591461476128,9.805874310262462e-08,2.923868401339643e-07
EFT:1.0104241096782794e-05,2.122547334954209e-06,1.987322000788117e-05,0.499281670416237,6.935296550282277e-09,0.4992816704162441,2.6320519398807075e-09,0.0014041591461476227,9.805874310262393e-08,2.9238684013396224e-07
Random4347
Raw:1.0104241096782938e-05,2.122547334954239e-06,1.987322000788117e-05,0.499281670416237,6.935296550282277e-09,0.4992816704162441,2.632051939880745e-09,0.0014041591461476427,9.805874310262532e-08,2.9238684013396224e-07
EFT:1.0104241096782794e-05,2.122547334954209e-06,1.987322000788117e-05,0.499281670416237,6.935296550282277e-09,0.4992816704162441,2.6320519398807075e-09,0.0014041591461476227,9.805874310262393e-08,2.9238684013396224e-07
Random4348
Raw:1.0104241096783009e-05,2.122547334954224e-06,1.987322000788131e-05,0.49928167041623345,6.935296550282424e-09,0.49928167041624766,2.6320519398807638e-09,0.0014041591461476327,9.805874310262601e-08,2.923868401339685e-07
EFT:1.0104241096782794e-05,2.122547334954209e-06,1.987322000788117e-05,0.499281670416237,6.935296550282277e-09,0.4992816704162441,2.6320519398807075e-09,0.0014041591461476227,9.805874310262393e-08,2.9238684013396224e-07
Random4349
Raw:1.0104241096783009e-05,2.122547334954194e-06,1.9873220007881028e-05,0.49928167041623345,6.935296550282327e-09,0.49928167041624766,2.6320519398807638e-09,0.0014041591461476327,9.805874310262462e-08,2.9238684013396436e-07
EFT:1.0104241096782794e-05,2.122547334954209e-06,1.987322000788117e-05,0.499281670416237,6.935296550282277e-09,0.4992816704162441,2.6320519398807075e-09,0.0014041591461476227,9.805874310262393e-08,2.9238684013396224e-07
Random4350
Raw:1.0104241096782865e-05,2.122547334954194e-06,1.9873220007881028e-05,0.49928167041623345,6.935296550282228e-09,0.49928167041624766,2.632051939880726e-09,0.0014041591461476126,9.805874310262462e-08,2.9238684013396436e-07
EFT:1.0104241096782794e-05,2.122547334954209e-06,1.987322000788117e-05,0.499281670416237,6.935296550282277e-09,0.4992816704162441,2.6320519398807075e-09,0.0014041591461476227,9.805874310262393e-08,2.9238684013396224e-07
Random4351
Raw:1.0104241096782867e-05,2.122547334954224e-06,1.987322000788131e-05,0.49928167041624055,6.935296550282326e-09,0.49928167041624055,2.6320519398807265e-09,0.0014041591461476327,9.805874310262323e-08,2.923868401339643e-07
EFT:1.0104241096782794e-05,2.122547334954209e-06,1.987322000788117e-05,0.499281670416237,6.935296550282277e-09,0.4992816704162441,2.6320519398807075e-09,0.0014041591461476227,9.805874310262393e-08,2.9238684013396224e-07
Random4352
Raw:1.0104241096782794e-05,2.122547334954209e-06,1.987322000788117e-05,0.499281670416237,6.9352965502821786e-09,0.4992816704162441,2.632051939880745e-09,0.0014041591461476227,9.805874310262254e-08,2.9238684013396224e-07
EFT:1.0104241096782794e-05,2.122547334954209e-06,1.987322000788117e-05,0.499281670416237,6.935296550282277e-09,0.4992816704162441,2.6320519398807075e-09,0.0014041591461476227,9.805874310262393e-08,2.9238684013396224e-07
Random4353
Raw:1.0104241096782938e-05,2.122547334954209e-06,1.9873220007880885e-05,0.499281670416237,6.9352965502823754e-09,0.4992816704162441,2.63205193988082e-09,0.0014041591461476227,9.805874310262532e-08,2.9238684013396637e-07
EFT:1.0104241096782794e-05,2.122547334954209e-06,1.987322000788117e-05,0.499281670416237,6.935296550282277e-09,0.4992816704162441,2.6320519398807075e-09,0.0014041591461476227,9.805874310262393e-08,2.9238684013396224e-07
Random4354
Raw:1.0104241096782867e-05,2.122547334954224e-06,1.9873220007881028e-05,0.49928167041624055,6.935296550282326e-09,0.49928167041624055,2.6320519398807265e-09,0.0014041591461476327,9.805874310262602e-08,2.923868401339643e-07
EFT:1.0104241096782794e-05,2.122547334954209e-06,1.987322000788117e-05,0.499281670416237,6.935296550282277e-09,0.4992816704162441,2.6320519398807075e-09,0.0014041591461476227,9.805874310262393e-08,2.9238684013396224e-07
Random4355
Raw:1.0104241096782867e-05,2.122547334954194e-06,1.9873220007881028e-05,0.49928167041624055,6.935296550282326e-09,0.49928167041624055,2.6320519398807265e-09,0.0014041591461476128,9.805874310262323e-08,2.923868401339643e-07
EFT:1.0104241096782794e-05,2.122547334954209e-06,1.987322000788117e-05,0.499281670416237,6.935296550282277e-09,0.4992816704162441,2.6320519398807075e-09,0.0014041591461476227,9.805874310262393e-08,2.9238684013396224e-07
Random4356
Raw:1.0104241096782867e-05,2.122547334954224e-06,1.9873220007881028e-05,0.49928167041624055,6.935296550282326e-09,0.49928167041624055,2.6320519398807638e-09,0.0014041591461476128,9.805874310262462e-08,2.923868401339643e-07
EFT:1.0104241096782794e-05,2.122547334954209e-06,1.987322000788117e-05,0.499281670416237,6.935296550282277e-09,0.4992816704162441,2.6320519398807075e-09,0.0014041591461476227,9.805874310262393e-08,2.9238684013396224e-07
Random4357
Raw:1.0104241096782867e-05,2.122547334954224e-06,1.987322000788131e-05,0.49928167041624055,6.935296550282326e-09,0.49928167041624055,2.6320519398807265e-09,0.0014041591461476128,9.805874310262462e-08,2.923868401339643e-07
EFT:1.0104241096782794e-05,2.122547334954209e-06,1.987322000788117e-05,0.499281670416237,6.935296550282277e-09,0.4992816704162441,2.6320519398807075e-09,0.0014041591461476227,9.805874310262393e-08,2.9238684013396224e-07
Random4358
Raw:1.0104241096782938e-05,2.122547334954239e-06,1.9873220007880885e-05,0.499281670416237,6.935296550282277e-09,0.4992816704162441,2.632051939880745e-09,0.0014041591461476227,9.805874310262532e-08,2.9238684013396224e-07
EFT:1.0104241096782794e-05,2.122547334954209e-06,1.987322000788117e-05,0.499281670416237,6.935296550282277e-09,0.4992816704162441,2.6320519398807075e-09,0.0014041591461476227,9.805874310262393e-08,2.9238684013396224e-07
Random4359
Raw:1.0104241096782938e-05,2.122547334954239e-06,1.987322000788145e-05,0.499281670416237,6.935296550282277e-09,0.4992816704162441,2.632051939880745e-09,0.0014041591461476227,9.805874310262532e-08,2.9238684013396224e-07
EFT:1.0104241096782794e-05,2.122547334954209e-06,1.987322000788117e-05,0.499281670416237,6.935296550282277e-09,0.4992816704162441,2.6320519398807075e-09,0.0014041591461476227,9.805874310262393e-08,2.9238684013396224e-07
Random4360
Raw:1.0104241096782938e-05,2.122547334954209e-06,1.987322000788117e-05,0.499281670416237,6.9352965502823754e-09,0.4992816704162441,2.632051939880745e-09,0.0014041591461476227,9.805874310262393e-08,2.9238684013396637e-07
EFT:1.0104241096782794e-05,2.122547334954209e-06,1.987322000788117e-05,0.499281670416237,6.935296550282277e-09,0.4992816704162441,2.6320519398807075e-09,0.0014041591461476227,9.805874310262393e-08,2.9238684013396224e-07
Random4361
Raw:1.0104241096782723e-05,2.122547334954194e-06,1.9873220007881028e-05,0.49928167041624055,6.93529655028213e-09,0.49928167041624055,2.632051939880689e-09,0.0014041591461476128,9.805874310262184e-08,2.923868401339602e-07
EFT:1.0104241096782794e-05,2.122547334954209e-06,1.987322000788117e-05,0.499281670416237,6.935296550282277e-09,0.4992816704162441,2.6320519398807075e-09,0.0014041591461476227,9.805874310262393e-08,2.9238684013396224e-07
Random4362
Raw:1.0104241096782867e-05,2.122547334954194e-06,1.9873220007881028e-05,0.49928167041624055,6.935296550282326e-09,0.49928167041624055,2.6320519398807265e-09,0.0014041591461476128,9.805874310262323e-08,2.923868401339643e-07
EFT:1.0104241096782794e-05,2.122547334954209e-06,1.987322000788117e-05,0.499281670416237,6.935296550282277e-09,0.4992816704162441,2.6320519398807075e-09,0.0014041591461476227,9.805874310262393e-08,2.9238684013396224e-07
Random4363
Raw:1.0104241096782867e-05,2.122547334954224e-06,1.9873220007881028e-05,0.49928167041624055,6.935296550282326e-09,0.49928167041624055,2.6320519398807265e-09,0.0014041591461476128,9.805874310262462e-08,2.923868401339643e-07
EFT:1.0104241096782794e-05,2.122547334954209e-06,1.987322000788117e-05,0.499281670416237,6.935296550282277e-09,0.4992816704162441,2.6320519398807075e-09,0.0014041591461476227,9.805874310262393e-08,2.9238684013396224e-07
Random4364
Raw:1.0104241096782938e-05,2.122547334954239e-06,1.987322000788117e-05,0.499281670416237,6.935296550282277e-09,0.4992816704162441,2.632051939880745e-09,0.0014041591461476227,9.805874310262532e-08,2.9238684013396224e-07
EFT:1.0104241096782794e-05,2.122547334954209e-06,1.987322000788117e-05,0.499281670416237,6.935296550282277e-09,0.4992816704162441,2.6320519398807075e-09,0.0014041591461476227,9.805874310262393e-08,2.9238684013396224e-07
Random4365
Raw:1.0104241096782867e-05,2.122547334954224e-06,1.987322000788131e-05,0.49928167041624055,6.935296550282326e-09,0.49928167041624055,2.6320519398807265e-09,0.0014041591461476128,9.805874310262462e-08,2.923868401339643e-07
EFT:1.0104241096782794e-05,2.122547334954209e-06,1.987322000788117e-05,0.499281670416237,6.935296550282277e-09,0.4992816704162441,2.6320519398807075e-09,0.0014041591461476227,9.805874310262393e-08,2.9238684013396224e-07
Random4366
Raw:1.0104241096782794e-05,2.122547334954209e-06,1.987322000788117e-05,0.499281670416237,6.9352965502821786e-09,0.4992816704162441,2.632051939880745e-09,0.0014041591461476227,9.805874310262254e-08,2.9238684013396224e-07
EFT:1.0104241096782794e-05,2.122547334954209e-06,1.987322000788117e-05,0.499281670416237,6.935296550282277e-09,0.4992816704162441,2.6320519398807075e-09,0.0014041591461476227,9.805874310262393e-08,2.9238684013396224e-07
Random4367
Raw:1.0104241096783009e-05,2.122547334954194e-06,1.9873220007881028e-05,0.49928167041623345,6.935296550282327e-09,0.49928167041624766,2.6320519398807638e-09,0.0014041591461476327,9.805874310262462e-08,2.9238684013396436e-07
EFT:1.0104241096782794e-05,2.122547334954209e-06,1.987322000788117e-05,0.499281670416237,6.935296550282277e-09,0.4992816704162441,2.6320519398807075e-09,0.0014041591461476227,9.805874310262393e-08,2.9238684013396224e-07
Random4368
Raw:1.0104241096782938e-05,2.122547334954209e-06,1.987322000788117e-05,0.499281670416237,6.9352965502823754e-09,0.4992816704162441,2.632051939880745e-09,0.0014041591461476227,9.805874310262532e-08,2.9238684013396637e-07
EFT:1.0104241096782794e-05,2.122547334954209e-06,1.987322000788117e-05,0.499281670416237,6.935296550282277e-09,0.4992816704162441,2.6320519398807075e-09,0.0014041591461476227,9.805874310262393e-08,2.9238684013396224e-07
Random4369
Raw:1.0104241096782794e-05,2.122547334954209e-06,1.987322000788117e-05,0.499281670416237,6.935296550282277e-09,0.4992816704162441,2.6320519398807075e-09,0.0014041591461476227,9.805874310262393e-08,2.9238684013396224e-07
EFT:1.0104241096782794e-05,2.122547334954209e-06,1.987322000788117e-05,0.499281670416237,6.935296550282277e-09,0.4992816704162441,2.6320519398807075e-09,0.0014041591461476227,9.805874310262393e-08,2.9238684013396224e-07
Random4370
Raw:1.0104241096782867e-05,2.122547334954224e-06,1.987322000788131e-05,0.49928167041624055,6.935296550282326e-09,0.49928167041624055,2.6320519398807638e-09,0.0014041591461476327,9.805874310262462e-08,2.923868401339643e-07
EFT:1.0104241096782794e-05,2.122547334954209e-06,1.987322000788117e-05,0.499281670416237,6.935296550282277e-09,0.4992816704162441,2.6320519398807075e-09,0.0014041591461476227,9.805874310262393e-08,2.9238684013396224e-07
Random4371
Raw:1.0104241096783009e-05,2.122547334954224e-06,1.9873220007881028e-05,0.49928167041623345,6.935296550282327e-09,0.49928167041624766,2.6320519398807638e-09,0.0014041591461476327,9.805874310262601e-08,2.9238684013396436e-07
EFT:1.0104241096782794e-05,2.122547334954209e-06,1.987322000788117e-05,0.499281670416237,6.935296550282277e-09,0.4992816704162441,2.6320519398807075e-09,0.0014041591461476227,9.805874310262393e-08,2.9238684013396224e-07
Random4372
Raw:1.0104241096783009e-05,2.122547334954194e-06,1.9873220007881028e-05,0.49928167041623345,6.935296550282327e-09,0.49928167041624766,2.6320519398807638e-09,0.0014041591461476126,9.805874310262601e-08,2.9238684013396436e-07
EFT:1.0104241096782794e-05,2.122547334954209e-06,1.987322000788117e-05,0.499281670416237,6.935296550282277e-09,0.4992816704162441,2.6320519398807075e-09,0.0014041591461476227,9.805874310262393e-08,2.9238684013396224e-07
Random4373
Raw:1.0104241096782867e-05,2.122547334954224e-06,1.987322000788131e-05,0.49928167041624055,6.935296550282326e-09,0.49928167041624055,2.6320519398807265e-09,0.0014041591461476327,9.805874310262602e-08,2.923868401339643e-07
EFT:1.0104241096782794e-05,2.122547334954209e-06,1.987322000788117e-05,0.499281670416237,6.935296550282277e-09,0.4992816704162441,2.6320519398807075e-09,0.0014041591461476227,9.805874310262393e-08,2.9238684013396224e-07
Random4374
Raw:1.0104241096782794e-05,2.122547334954209e-06,1.987322000788117e-05,0.499281670416237,6.935296550282277e-09,0.4992816704162441,2.632051939880745e-09,0.0014041591461476227,9.805874310262254e-08,2.9238684013396224e-07
EFT:1.0104241096782794e-05,2.122547334954209e-06,1.987322000788117e-05,0.499281670416237,6.935296550282277e-09,0.4992816704162441,2.6320519398807075e-09,0.0014041591461476227,9.805874310262393e-08,2.9238684013396224e-07
Random4375
Raw:1.0104241096782867e-05,2.1225473349542546e-06,1.987322000788131e-05,0.49928167041624055,6.935296550282326e-09,0.49928167041624055,2.6320519398807638e-09,0.0014041591461476128,9.805874310262462e-08,2.923868401339643e-07
EFT:1.0104241096782794e-05,2.122547334954209e-06,1.987322000788117e-05,0.499281670416237,6.935296550282277e-09,0.4992816704162441,2.6320519398807075e-09,0.0014041591461476227,9.805874310262393e-08,2.9238684013396224e-07
Random4376
Raw:1.0104241096782794e-05,2.1225473349541788e-06,1.9873220007880885e-05,0.499281670416237,6.935296550282277e-09,0.4992816704162441,2.632051939880745e-09,0.0014041591461476026,9.805874310262254e-08,2.9238684013396224e-07
EFT:1.0104241096782794e-05,2.122547334954209e-06,1.987322000788117e-05,0.499281670416237,6.935296550282277e-09,0.4992816704162441,2.6320519398807075e-09,0.0014041591461476227,9.805874310262393e-08,2.9238684013396224e-07
Random4377
Raw:1.0104241096782938e-05,2.122547334954209e-06,1.987322000788117e-05,0.499281670416237,6.935296550282277e-09,0.4992816704162441,2.632051939880745e-09,0.0014041591461476227,9.805874310262532e-08,2.9238684013396224e-07
EFT:1.0104241096782794e-05,2.122547334954209e-06,1.987322000788117e-05,0.499281670416237,6.935296550282277e-09,0.4992816704162441,2.6320519398807075e-09,0.0014041591461476227,9.805874310262393e-08,2.9238684013396224e-07
Random4378
Raw:1.0104241096782938e-05,2.122547334954239e-06,1.987322000788117e-05,0.499281670416237,6.935296550282277e-09,0.4992816704162441,2.632051939880745e-09,0.0014041591461476227,9.805874310262532e-08,2.9238684013396224e-07
EFT:1.0104241096782794e-05,2.122547334954209e-06,1.987322000788117e-05,0.499281670416237,6.935296550282277e-09,0.4992816704162441,2.6320519398807075e-09,0.0014041591461476227,9.805874310262393e-08,2.9238684013396224e-07
Random4379
Raw:1.0104241096783009e-05,2.122547334954224e-06,1.987322000788131e-05,0.49928167041623345,6.935296550282327e-09,0.49928167041624766,2.6320519398807638e-09,0.0014041591461476327,9.805874310262462e-08,2.923868401339685e-07
EFT:1.0104241096782794e-05,2.122547334954209e-06,1.987322000788117e-05,0.499281670416237,6.935296550282277e-09,0.4992816704162441,2.6320519398807075e-09,0.0014041591461476227,9.805874310262393e-08,2.9238684013396224e-07
Random4380
Raw:1.0104241096782865e-05,2.122547334954194e-06,1.9873220007881028e-05,0.49928167041623345,6.935296550282228e-09,0.49928167041624766,2.632051939880726e-09,0.0014041591461476327,9.805874310262462e-08,2.923868401339602e-07
EFT:1.0104241096782794e-05,2.122547334954209e-06,1.987322000788117e-05,0.499281670416237,6.935296550282277e-09,0.4992816704162441,2.6320519398807075e-09,0.0014041591461476227,9.805874310262393e-08,2.9238684013396224e-07
Random4381
Raw:1.0104241096783009e-05,2.122547334954224e-06,1.987322000788131e-05,0.49928167041623345,6.935296550282327e-09,0.49928167041624766,2.6320519398807638e-09,0.0014041591461476327,9.805874310262601e-08,2.9238684013396436e-07
EFT:1.0104241096782794e-05,2.122547334954209e-06,1.987322000788117e-05,0.499281670416237,6.935296550282277e-09,0.4992816704162441,2.6320519398807075e-09,0.0014041591461476227,9.805874310262393e-08,2.9238684013396224e-07
Random4382
Raw:1.0104241096782938e-05,2.1225473349541788e-06,1.9873220007880885e-05,0.499281670416237,6.935296550282277e-09,0.4992816704162441,2.632051939880745e-09,0.0014041591461476026,9.805874310262532e-08,2.9238684013396224e-07
EFT:1.0104241096782794e-05,2.122547334954209e-06,1.987322000788117e-05,0.499281670416237,6.935296550282277e-09,0.4992816704162441,2.6320519398807075e-09,0.0014041591461476227,9.805874310262393e-08,2.9238684013396224e-07
Random4383
Raw:1.0104241096782867e-05,2.122547334954224e-06,1.987322000788131e-05,0.49928167041624055,6.935296550282326e-09,0.49928167041624055,2.6320519398807265e-09,0.0014041591461476128,9.805874310262462e-08,2.923868401339643e-07
EFT:1.0104241096782794e-05,2.122547334954209e-06,1.987322000788117e-05,0.499281670416237,6.935296550282277e-09,0.4992816704162441,2.6320519398807075e-09,0.0014041591461476227,9.805874310262393e-08,2.9238684013396224e-07
Random4384
Raw:1.0104241096782867e-05,2.122547334954224e-06,1.987322000788131e-05,0.49928167041624055,6.935296550282326e-09,0.49928167041624055,2.6320519398807265e-09,0.0014041591461476327,9.805874310262323e-08,2.923868401339643e-07
EFT:1.0104241096782794e-05,2.122547334954209e-06,1.987322000788117e-05,0.499281670416237,6.935296550282277e-09,0.4992816704162441,2.6320519398807075e-09,0.0014041591461476227,9.805874310262393e-08,2.9238684013396224e-07
Random4385
Raw:1.0104241096783082e-05,2.1225473349542093e-06,1.9873220007880885e-05,0.4992816704162299,6.9352965502823754e-09,0.49928167041625116,2.6320519398808196e-09,0.0014041591461476026,9.805874310262671e-08,2.923868401339664e-07
EFT:1.0104241096782794e-05,2.122547334954209e-06,1.987322000788117e-05,0.499281670416237,6.935296550282277e-09,0.4992816704162441,2.6320519398807075e-09,0.0014041591461476227,9.805874310262393e-08,2.9238684013396224e-07
Random4386
Raw:1.010424109678301e-05,2.122547334954224e-06,1.987322000788131e-05,0.49928167041624055,6.935296550282425e-09,0.49928167041624055,2.6320519398807638e-09,0.0014041591461476327,9.805874310262462e-08,2.923868401339643e-07
EFT:1.0104241096782794e-05,2.122547334954209e-06,1.987322000788117e-05,0.499281670416237,6.935296550282277e-09,0.4992816704162441,2.6320519398807075e-09,0.0014041591461476227,9.805874310262393e-08,2.9238684013396224e-07
Random4387
Raw:1.0104241096782938e-05,2.122547334954209e-06,1.987322000788117e-05,0.499281670416237,6.935296550282277e-09,0.4992816704162441,2.632051939880745e-09,0.0014041591461476227,9.805874310262532e-08,2.9238684013396224e-07
EFT:1.0104241096782794e-05,2.122547334954209e-06,1.987322000788117e-05,0.499281670416237,6.935296550282277e-09,0.4992816704162441,2.6320519398807075e-09,0.0014041591461476227,9.805874310262393e-08,2.9238684013396224e-07
Random4388
Raw:1.0104241096782794e-05,2.122547334954209e-06,1.987322000788117e-05,0.4992816704162441,6.935296550282277e-09,0.499281670416237,2.63205193988067e-09,0.0014041591461476227,9.805874310262254e-08,2.9238684013396224e-07
EFT:1.0104241096782794e-05,2.122547334954209e-06,1.987322000788117e-05,0.499281670416237,6.935296550282277e-09,0.4992816704162441,2.6320519398807075e-09,0.0014041591461476227,9.805874310262393e-08,2.9238684013396224e-07
Random4389
Raw:1.0104241096782938e-05,2.122547334954209e-06,1.987322000788117e-05,0.499281670416237,6.935296550282277e-09,0.4992816704162441,2.632051939880745e-09,0.0014041591461476227,9.805874310262532e-08,2.9238684013396224e-07
EFT:1.0104241096782794e-05,2.122547334954209e-06,1.987322000788117e-05,0.499281670416237,6.935296550282277e-09,0.4992816704162441,2.6320519398807075e-09,0.0014041591461476227,9.805874310262393e-08,2.9238684013396224e-07
Random4390
Raw:1.0104241096782938e-05,2.122547334954209e-06,1.987322000788117e-05,0.499281670416237,6.9352965502823754e-09,0.4992816704162441,2.632051939880745e-09,0.0014041591461476227,9.805874310262532e-08,2.9238684013396637e-07
EFT:1.0104241096782794e-05,2.122547334954209e-06,1.987322000788117e-05,0.499281670416237,6.935296550282277e-09,0.4992816704162441,2.6320519398807075e-09,0.0014041591461476227,9.805874310262393e-08,2.9238684013396224e-07
Random4391
Raw:1.0104241096782938e-05,2.122547334954209e-06,1.987322000788117e-05,0.499281670416237,6.9352965502823754e-09,0.4992816704162441,2.632051939880745e-09,0.0014041591461476227,9.805874310262532e-08,2.9238684013396637e-07
EFT:1.0104241096782794e-05,2.122547334954209e-06,1.987322000788117e-05,0.499281670416237,6.935296550282277e-09,0.4992816704162441,2.6320519398807075e-09,0.0014041591461476227,9.805874310262393e-08,2.9238684013396224e-07
Random4392
Raw:1.0104241096783009e-05,2.122547334954194e-06,1.9873220007881028e-05,0.49928167041623345,6.935296550282327e-09,0.49928167041624766,2.6320519398807638e-09,0.0014041591461476126,9.805874310262601e-08,2.9238684013396436e-07
EFT:1.0104241096782794e-05,2.122547334954209e-06,1.987322000788117e-05,0.499281670416237,6.935296550282277e-09,0.4992816704162441,2.6320519398807075e-09,0.0014041591461476227,9.805874310262393e-08,2.9238684013396224e-07
Random4393
Raw:1.0104241096783082e-05,2.122547334954239e-06,1.987322000788145e-05,0.499281670416237,6.935296550282475e-09,0.4992816704162441,2.6320519398807824e-09,0.0014041591461476427,9.805874310262532e-08,2.9238684013396637e-07
EFT:1.0104241096782794e-05,2.122547334954209e-06,1.987322000788117e-05,0.499281670416237,6.935296550282277e-09,0.4992816704162441,2.6320519398807075e-09,0.0014041591461476227,9.805874310262393e-08,2.9238684013396224e-07
Random4394
Raw:1.0104241096782938e-05,2.122547334954239e-06,1.987322000788117e-05,0.499281670416237,6.9352965502823754e-09,0.4992816704162441,2.6320519398807824e-09,0.0014041591461476227,9.805874310262532e-08,2.9238684013396637e-07
EFT:1.0104241096782794e-05,2.122547334954209e-06,1.987322000788117e-05,0.499281670416237,6.935296550282277e-09,0.4992816704162441,2.6320519398807075e-09,0.0014041591461476227,9.805874310262393e-08,2.9238684013396224e-07
Random4395
Raw:1.0104241096782938e-05,2.122547334954209e-06,1.987322000788117e-05,0.499281670416237,6.935296550282277e-09,0.4992816704162441,2.632051939880745e-09,0.0014041591461476227,9.805874310262532e-08,2.9238684013396224e-07
EFT:1.0104241096782794e-05,2.122547334954209e-06,1.987322000788117e-05,0.499281670416237,6.935296550282277e-09,0.4992816704162441,2.6320519398807075e-09,0.0014041591461476227,9.805874310262393e-08,2.9238684013396224e-07
Random4396
Raw:1.0104241096782938e-05,2.122547334954209e-06,1.987322000788117e-05,0.499281670416237,6.9352965502823754e-09,0.4992816704162441,2.632051939880745e-09,0.0014041591461476227,9.805874310262532e-08,2.9238684013396637e-07
EFT:1.0104241096782794e-05,2.122547334954209e-06,1.987322000788117e-05,0.499281670416237,6.935296550282277e-09,0.4992816704162441,2.6320519398807075e-09,0.0014041591461476227,9.805874310262393e-08,2.9238684013396224e-07
Random4397
Raw:1.0104241096782723e-05,2.122547334954194e-06,1.9873220007881028e-05,0.49928167041624055,6.93529655028213e-09,0.49928167041624055,2.6320519398806513e-09,0.0014041591461476128,9.805874310262323e-08,2.923868401339602e-07
EFT:1.0104241096782794e-05,2.122547334954209e-06,1.987322000788117e-05,0.499281670416237,6.935296550282277e-09,0.4992816704162441,2.6320519398807075e-09,0.0014041591461476227,9.805874310262393e-08,2.9238684013396224e-07
Random4398
Raw:1.0104241096783009e-05,2.122547334954224e-06,1.987322000788131e-05,0.49928167041623345,6.935296550282327e-09,0.49928167041624766,2.6320519398807638e-09,0.0014041591461476327,9.805874310262601e-08,2.9238684013396436e-07
EFT:1.0104241096782794e-05,2.122547334954209e-06,1.987322000788117e-05,0.499281670416237,6.935296550282277e-09,0.4992816704162441,2.6320519398807075e-09,0.0014041591461476227,9.805874310262393e-08,2.9238684013396224e-07
Random4399
Raw:1.0104241096782938e-05,2.122547334954239e-06,1.9873220007880885e-05,0.499281670416237,6.935296550282277e-09,0.4992816704162441,2.632051939880745e-09,0.0014041591461476227,9.805874310262532e-08,2.9238684013396224e-07
EFT:1.0104241096782794e-05,2.122547334954209e-06,1.987322000788117e-05,0.499281670416237,6.935296550282277e-09,0.4992816704162441,2.6320519398807075e-09,0.0014041591461476227,9.805874310262393e-08,2.9238684013396224e-07
Random4400
Raw:1.0104241096782794e-05,2.1225473349541788e-06,1.9873220007880885e-05,0.499281670416237,6.935296550282277e-09,0.4992816704162441,2.632051939880745e-09,0.0014041591461476026,9.805874310262254e-08,2.9238684013396224e-07
EFT:1.0104241096782794e-05,2.122547334954209e-06,1.987322000788117e-05,0.499281670416237,6.935296550282277e-09,0.4992816704162441,2.6320519398807075e-09,0.0014041591461476227,9.805874310262393e-08,2.9238684013396224e-07
Random4401
Raw:1.0104241096782938e-05,2.122547334954209e-06,1.987322000788117e-05,0.499281670416237,6.935296550282277e-09,0.4992816704162441,2.632051939880745e-09,0.0014041591461476427,9.805874310262393e-08,2.9238684013396224e-07
EFT:1.0104241096782794e-05,2.122547334954209e-06,1.987322000788117e-05,0.499281670416237,6.935296550282277e-09,0.4992816704162441,2.6320519398807075e-09,0.0014041591461476227,9.805874310262393e-08,2.9238684013396224e-07
Random4402
Raw:1.0104241096782938e-05,2.122547334954209e-06,1.9873220007880885e-05,0.499281670416237,6.935296550282277e-09,0.4992816704162441,2.632051939880745e-09,0.0014041591461476227,9.805874310262532e-08,2.9238684013396224e-07
EFT:1.0104241096782794e-05,2.122547334954209e-06,1.987322000788117e-05,0.499281670416237,6.935296550282277e-09,0.4992816704162441,2.6320519398807075e-09,0.0014041591461476227,9.805874310262393e-08,2.9238684013396224e-07
Random4403
Raw:1.0104241096782938e-05,2.122547334954239e-06,1.987322000788145e-05,0.499281670416237,6.935296550282277e-09,0.4992816704162441,2.632051939880745e-09,0.0014041591461476427,9.805874310262393e-08,2.9238684013396637e-07
EFT:1.0104241096782794e-05,2.122547334954209e-06,1.987322000788117e-05,0.499281670416237,6.935296550282277e-09,0.4992816704162441,2.6320519398807075e-09,0.0014041591461476227,9.805874310262393e-08,2.9238684013396224e-07
Random4404
Raw:1.0104241096783009e-05,2.122547334954194e-06,1.9873220007881028e-05,0.49928167041623345,6.935296550282327e-09,0.49928167041624766,2.6320519398807638e-09,0.0014041591461476126,9.805874310262601e-08,2.9238684013396436e-07
EFT:1.0104241096782794e-05,2.122547334954209e-06,1.987322000788117e-05,0.499281670416237,6.935296550282277e-09,0.4992816704162441,2.6320519398807075e-09,0.0014041591461476227,9.805874310262393e-08,2.9238684013396224e-07
Random4405
Raw:1.0104241096782867e-05,2.122547334954224e-06,1.9873220007881028e-05,0.49928167041624055,6.935296550282326e-09,0.49928167041624055,2.6320519398807265e-09,0.0014041591461476128,9.805874310262462e-08,2.923868401339643e-07
EFT:1.0104241096782794e-05,2.122547334954209e-06,1.987322000788117e-05,0.499281670416237,6.935296550282277e-09,0.4992816704162441,2.6320519398807075e-09,0.0014041591461476227,9.805874310262393e-08,2.9238684013396224e-07
Random4406
Raw:1.0104241096782867e-05,2.122547334954194e-06,1.9873220007881028e-05,0.49928167041624055,6.935296550282228e-09,0.49928167041624055,2.632051939880689e-09,0.0014041591461476327,9.805874310262323e-08,2.923868401339602e-07
EFT:1.0104241096782794e-05,2.122547334954209e-06,1.987322000788117e-05,0.499281670416237,6.935296550282277e-09,0.4992816704162441,2.6320519398807075e-09,0.0014041591461476227,9.805874310262393e-08,2.9238684013396224e-07
Random4407
Raw:1.0104241096782938e-05,2.122547334954209e-06,1.9873220007880885e-05,0.499281670416237,6.935296550282277e-09,0.4992816704162441,2.632051939880745e-09,0.0014041591461476227,9.805874310262393e-08,2.9238684013396224e-07
EFT:1.0104241096782794e-05,2.122547334954209e-06,1.987322000788117e-05,0.499281670416237,6.935296550282277e-09,0.4992816704162441,2.6320519398807075e-09,0.0014041591461476227,9.805874310262393e-08,2.9238684013396224e-07
Random4408
Raw:1.0104241096782867e-05,2.122547334954194e-06,1.9873220007881028e-05,0.49928167041624055,6.935296550282326e-09,0.49928167041624055,2.6320519398807265e-09,0.0014041591461476128,9.805874310262323e-08,2.923868401339643e-07
EFT:1.0104241096782794e-05,2.122547334954209e-06,1.987322000788117e-05,0.499281670416237,6.935296550282277e-09,0.4992816704162441,2.6320519398807075e-09,0.0014041591461476227,9.805874310262393e-08,2.9238684013396224e-07
Random4409
Raw:1.0104241096782938e-05,2.122547334954209e-06,1.987322000788117e-05,0.499281670416237,6.9352965502823754e-09,0.4992816704162441,2.632051939880745e-09,0.0014041591461476227,9.805874310262672e-08,2.9238684013396637e-07
EFT:1.0104241096782794e-05,2.122547334954209e-06,1.987322000788117e-05,0.499281670416237,6.935296550282277e-09,0.4992816704162441,2.6320519398807075e-09,0.0014041591461476227,9.805874310262393e-08,2.9238684013396224e-07
Random4410
Raw:1.0104241096782938e-05,2.122547334954209e-06,1.987322000788117e-05,0.499281670416237,6.935296550282277e-09,0.4992816704162441,2.632051939880745e-09,0.0014041591461476427,9.805874310262393e-08,2.9238684013396224e-07
EFT:1.0104241096782794e-05,2.122547334954209e-06,1.987322000788117e-05,0.499281670416237,6.935296550282277e-09,0.4992816704162441,2.6320519398807075e-09,0.0014041591461476227,9.805874310262393e-08,2.9238684013396224e-07
Random4411
Raw:1.0104241096782938e-05,2.1225473349541788e-06,1.9873220007880885e-05,0.499281670416237,6.935296550282277e-09,0.4992816704162441,2.632051939880745e-09,0.0014041591461476026,9.805874310262532e-08,2.9238684013396224e-07
EFT:1.0104241096782794e-05,2.122547334954209e-06,1.987322000788117e-05,0.499281670416237,6.935296550282277e-09,0.4992816704162441,2.6320519398807075e-09,0.0014041591461476227,9.805874310262393e-08,2.9238684013396224e-07
Random4412
Raw:1.0104241096782867e-05,2.122547334954194e-06,1.9873220007881028e-05,0.49928167041624055,6.935296550282326e-09,0.49928167041624055,2.6320519398807265e-09,0.0014041591461476128,9.805874310262323e-08,2.923868401339643e-07
EFT:1.0104241096782794e-05,2.122547334954209e-06,1.987322000788117e-05,0.499281670416237,6.935296550282277e-09,0.4992816704162441,2.6320519398807075e-09,0.0014041591461476227,9.805874310262393e-08,2.9238684013396224e-07
Random4413
Raw:1.0104241096782938e-05,2.122547334954209e-06,1.987322000788117e-05,0.499281670416237,6.9352965502823754e-09,0.4992816704162441,2.632051939880745e-09,0.0014041591461476227,9.805874310262532e-08,2.9238684013396637e-07
EFT:1.0104241096782794e-05,2.122547334954209e-06,1.987322000788117e-05,0.499281670416237,6.935296550282277e-09,0.4992816704162441,2.6320519398807075e-09,0.0014041591461476227,9.805874310262393e-08,2.9238684013396224e-07
Random4414
Raw:1.0104241096782938e-05,2.122547334954239e-06,1.9873220007880885e-05,0.499281670416237,6.935296550282277e-09,0.4992816704162441,2.632051939880745e-09,0.0014041591461476227,9.805874310262532e-08,2.9238684013396224e-07
EFT:1.0104241096782794e-05,2.122547334954209e-06,1.987322000788117e-05,0.499281670416237,6.935296550282277e-09,0.4992816704162441,2.6320519398807075e-09,0.0014041591461476227,9.805874310262393e-08,2.9238684013396224e-07
Random4415
Raw:1.0104241096782794e-05,2.122547334954209e-06,1.987322000788117e-05,0.499281670416237,6.935296550282277e-09,0.4992816704162441,2.632051939880745e-09,0.0014041591461476227,9.805874310262254e-08,2.9238684013396224e-07
EFT:1.0104241096782794e-05,2.122547334954209e-06,1.987322000788117e-05,0.499281670416237,6.935296550282277e-09,0.4992816704162441,2.6320519398807075e-09,0.0014041591461476227,9.805874310262393e-08,2.9238684013396224e-07
Random4416
Raw:1.0104241096782938e-05,2.122547334954239e-06,1.987322000788145e-05,0.499281670416237,6.935296550282277e-09,0.4992816704162441,2.632051939880745e-09,0.0014041591461476427,9.805874310262393e-08,2.9238684013396637e-07
EFT:1.0104241096782794e-05,2.122547334954209e-06,1.987322000788117e-05,0.499281670416237,6.935296550282277e-09,0.4992816704162441,2.6320519398807075e-09,0.0014041591461476227,9.805874310262393e-08,2.9238684013396224e-07
Random4417
Raw:1.0104241096782867e-05,2.1225473349542546e-06,1.987322000788131e-05,0.49928167041624055,6.935296550282326e-09,0.49928167041624055,2.6320519398807638e-09,0.0014041591461476327,9.805874310262462e-08,2.923868401339643e-07
EFT:1.0104241096782794e-05,2.122547334954209e-06,1.987322000788117e-05,0.499281670416237,6.935296550282277e-09,0.4992816704162441,2.6320519398807075e-09,0.0014041591461476227,9.805874310262393e-08,2.9238684013396224e-07
Random4418
Raw:1.0104241096782938e-05,2.122547334954239e-06,1.987322000788145e-05,0.499281670416237,6.935296550282277e-09,0.4992816704162441,2.632051939880745e-09,0.0014041591461476427,9.805874310262532e-08,2.9238684013396224e-07
EFT:1.0104241096782794e-05,2.122547334954209e-06,1.987322000788117e-05,0.499281670416237,6.935296550282277e-09,0.4992816704162441,2.6320519398807075e-09,0.0014041591461476227,9.805874310262393e-08,2.9238684013396224e-07
Random4419
Raw:1.0104241096782867e-05,2.122547334954194e-06,1.9873220007881028e-05,0.49928167041624055,6.935296550282228e-09,0.49928167041624055,2.632051939880689e-09,0.0014041591461476327,9.805874310262323e-08,2.923868401339602e-07
EFT:1.0104241096782794e-05,2.122547334954209e-06,1.987322000788117e-05,0.499281670416237,6.935296550282277e-09,0.4992816704162441,2.6320519398807075e-09,0.0014041591461476227,9.805874310262393e-08,2.9238684013396224e-07
Random4420
Raw:1.0104241096782938e-05,2.122547334954209e-06,1.9873220007880885e-05,0.499281670416237,6.935296550282277e-09,0.4992816704162441,2.632051939880745e-09,0.0014041591461476227,9.805874310262532e-08,2.9238684013396224e-07
EFT:1.0104241096782794e-05,2.122547334954209e-06,1.987322000788117e-05,0.499281670416237,6.935296550282277e-09,0.4992816704162441,2.6320519398807075e-09,0.0014041591461476227,9.805874310262393e-08,2.9238684013396224e-07
Random4421
Raw:1.0104241096782794e-05,2.122547334954209e-06,1.987322000788117e-05,0.499281670416237,6.935296550282277e-09,0.4992816704162441,2.6320519398807075e-09,0.0014041591461476227,9.805874310262393e-08,2.9238684013396224e-07
EFT:1.0104241096782794e-05,2.122547334954209e-06,1.987322000788117e-05,0.499281670416237,6.935296550282277e-09,0.4992816704162441,2.6320519398807075e-09,0.0014041591461476227,9.805874310262393e-08,2.9238684013396224e-07
Random4422
Raw:1.0104241096782938e-05,2.122547334954239e-06,1.987322000788145e-05,0.499281670416237,6.935296550282277e-09,0.4992816704162441,2.632051939880745e-09,0.0014041591461476427,9.805874310262393e-08,2.9238684013396637e-07
EFT:1.0104241096782794e-05,2.122547334954209e-06,1.987322000788117e-05,0.499281670416237,6.935296550282277e-09,0.4992816704162441,2.6320519398807075e-09,0.0014041591461476227,9.805874310262393e-08,2.9238684013396224e-07
Random4423
Raw:1.0104241096782938e-05,2.122547334954209e-06,1.987322000788117e-05,0.499281670416237,6.9352965502823754e-09,0.4992816704162441,2.632051939880745e-09,0.0014041591461476227,9.805874310262672e-08,2.9238684013396637e-07
EFT:1.0104241096782794e-05,2.122547334954209e-06,1.987322000788117e-05,0.499281670416237,6.935296550282277e-09,0.4992816704162441,2.6320519398807075e-09,0.0014041591461476227,9.805874310262393e-08,2.9238684013396224e-07
Random4424
Raw:1.0104241096782938e-05,2.122547334954209e-06,1.9873220007880885e-05,0.499281670416237,6.935296550282277e-09,0.4992816704162441,2.632051939880745e-09,0.0014041591461476227,9.805874310262393e-08,2.9238684013396224e-07
EFT:1.0104241096782794e-05,2.122547334954209e-06,1.987322000788117e-05,0.499281670416237,6.935296550282277e-09,0.4992816704162441,2.6320519398807075e-09,0.0014041591461476227,9.805874310262393e-08,2.9238684013396224e-07
Random4425
Raw:1.0104241096782867e-05,2.122547334954224e-06,1.987322000788131e-05,0.49928167041624055,6.935296550282228e-09,0.49928167041624055,2.632051939880689e-09,0.0014041591461476327,9.805874310262323e-08,2.923868401339643e-07
EFT:1.0104241096782794e-05,2.122547334954209e-06,1.987322000788117e-05,0.499281670416237,6.935296550282277e-09,0.4992816704162441,2.6320519398807075e-09,0.0014041591461476227,9.805874310262393e-08,2.9238684013396224e-07
Random4426
Raw:1.0104241096782938e-05,2.122547334954209e-06,1.987322000788117e-05,0.499281670416237,6.9352965502823754e-09,0.4992816704162441,2.632051939880745e-09,0.0014041591461476227,9.805874310262393e-08,2.9238684013396637e-07
EFT:1.0104241096782794e-05,2.122547334954209e-06,1.987322000788117e-05,0.499281670416237,6.935296550282277e-09,0.4992816704162441,2.6320519398807075e-09,0.0014041591461476227,9.805874310262393e-08,2.9238684013396224e-07
Random4427
Raw:1.0104241096782867e-05,2.122547334954224e-06,1.987322000788131e-05,0.49928167041624055,6.935296550282326e-09,0.49928167041624055,2.6320519398807265e-09,0.0014041591461476128,9.805874310262462e-08,2.923868401339643e-07
EFT:1.0104241096782794e-05,2.122547334954209e-06,1.987322000788117e-05,0.499281670416237,6.935296550282277e-09,0.4992816704162441,2.6320519398807075e-09,0.0014041591461476227,9.805874310262393e-08,2.9238684013396224e-07
Random4428
Raw:1.0104241096782723e-05,2.122547334954194e-06,1.9873220007881028e-05,0.49928167041624055,6.935296550282228e-09,0.49928167041624055,2.632051939880689e-09,0.0014041591461476128,9.805874310262184e-08,2.923868401339602e-07
EFT:1.0104241096782794e-05,2.122547334954209e-06,1.987322000788117e-05,0.499281670416237,6.935296550282277e-09,0.4992816704162441,2.6320519398807075e-09,0.0014041591461476227,9.805874310262393e-08,2.9238684013396224e-07
Random4429
Raw:1.0104241096783009e-05,2.122547334954194e-06,1.9873220007881028e-05,0.49928167041623345,6.935296550282327e-09,0.49928167041624766,2.6320519398807638e-09,0.0014041591461476327,9.805874310262462e-08,2.9238684013396436e-07
EFT:1.0104241096782794e-05,2.122547334954209e-06,1.987322000788117e-05,0.499281670416237,6.935296550282277e-09,0.4992816704162441,2.6320519398807075e-09,0.0014041591461476227,9.805874310262393e-08,2.9238684013396224e-07
Random4430
Raw:1.0104241096782867e-05,2.1225473349542546e-06,1.987322000788131e-05,0.49928167041624055,6.935296550282326e-09,0.49928167041624055,2.6320519398807638e-09,0.0014041591461476327,9.805874310262462e-08,2.923868401339643e-07
EFT:1.0104241096782794e-05,2.122547334954209e-06,1.987322000788117e-05,0.499281670416237,6.935296550282277e-09,0.4992816704162441,2.6320519398807075e-09,0.0014041591461476227,9.805874310262393e-08,2.9238684013396224e-07
Random4431
Raw:1.0104241096782867e-05,2.122547334954194e-06,1.9873220007881028e-05,0.49928167041624055,6.935296550282228e-09,0.49928167041624055,2.632051939880689e-09,0.0014041591461476128,9.805874310262462e-08,2.923868401339602e-07
EFT:1.0104241096782794e-05,2.122547334954209e-06,1.987322000788117e-05,0.499281670416237,6.935296550282277e-09,0.4992816704162441,2.6320519398807075e-09,0.0014041591461476227,9.805874310262393e-08,2.9238684013396224e-07
Random4432
Raw:1.0104241096782865e-05,2.122547334954194e-06,1.9873220007881028e-05,0.49928167041623345,6.935296550282327e-09,0.49928167041624766,2.6320519398807638e-09,0.0014041591461476126,9.805874310262324e-08,2.9238684013396436e-07
EFT:1.0104241096782794e-05,2.122547334954209e-06,1.987322000788117e-05,0.499281670416237,6.935296550282277e-09,0.4992816704162441,2.6320519398807075e-09,0.0014041591461476227,9.805874310262393e-08,2.9238684013396224e-07
Random4433
Raw:1.0104241096782794e-05,2.1225473349541788e-06,1.9873220007880885e-05,0.499281670416237,6.935296550282277e-09,0.4992816704162441,2.632051939880745e-09,0.0014041591461476026,9.805874310262254e-08,2.9238684013396224e-07
EFT:1.0104241096782794e-05,2.122547334954209e-06,1.987322000788117e-05,0.499281670416237,6.935296550282277e-09,0.4992816704162441,2.6320519398807075e-09,0.0014041591461476227,9.805874310262393e-08,2.9238684013396224e-07
Random4434
Raw:1.0104241096782938e-05,2.122547334954239e-06,1.987322000788117e-05,0.499281670416237,6.935296550282277e-09,0.4992816704162441,2.632051939880745e-09,0.0014041591461476227,9.805874310262532e-08,2.9238684013396224e-07
EFT:1.0104241096782794e-05,2.122547334954209e-06,1.987322000788117e-05,0.499281670416237,6.935296550282277e-09,0.4992816704162441,2.6320519398807075e-09,0.0014041591461476227,9.805874310262393e-08,2.9238684013396224e-07
Random4435
Raw:1.0104241096782867e-05,2.122547334954224e-06,1.9873220007881028e-05,0.49928167041624055,6.935296550282326e-09,0.49928167041624055,2.6320519398807265e-09,0.0014041591461476327,9.805874310262323e-08,2.923868401339643e-07
EFT:1.0104241096782794e-05,2.122547334954209e-06,1.987322000788117e-05,0.499281670416237,6.935296550282277e-09,0.4992816704162441,2.6320519398807075e-09,0.0014041591461476227,9.805874310262393e-08,2.9238684013396224e-07
Random4436
Raw:1.0104241096782938e-05,2.122547334954239e-06,1.987322000788145e-05,0.499281670416237,6.935296550282277e-09,0.4992816704162441,2.632051939880745e-09,0.0014041591461476427,9.805874310262532e-08,2.9238684013396224e-07
EFT:1.0104241096782794e-05,2.122547334954209e-06,1.987322000788117e-05,0.499281670416237,6.935296550282277e-09,0.4992816704162441,2.6320519398807075e-09,0.0014041591461476227,9.805874310262393e-08,2.9238684013396224e-07
Random4437
Raw:1.0104241096783009e-05,2.122547334954224e-06,1.9873220007881028e-05,0.49928167041623345,6.935296550282327e-09,0.49928167041624766,2.6320519398807638e-09,0.0014041591461476327,9.805874310262601e-08,2.9238684013396436e-07
EFT:1.0104241096782794e-05,2.122547334954209e-06,1.987322000788117e-05,0.499281670416237,6.935296550282277e-09,0.4992816704162441,2.6320519398807075e-09,0.0014041591461476227,9.805874310262393e-08,2.9238684013396224e-07
Random4438
Raw:1.0104241096782938e-05,2.122547334954209e-06,1.987322000788117e-05,0.499281670416237,6.9352965502823754e-09,0.4992816704162441,2.632051939880745e-09,0.0014041591461476227,9.805874310262532e-08,2.9238684013396637e-07
EFT:1.0104241096782794e-05,2.122547334954209e-06,1.987322000788117e-05,0.499281670416237,6.935296550282277e-09,0.4992816704162441,2.6320519398807075e-09,0.0014041591461476227,9.805874310262393e-08,2.9238684013396224e-07
Random4439
Raw:1.0104241096782867e-05,2.122547334954224e-06,1.987322000788131e-05,0.49928167041624055,6.935296550282326e-09,0.49928167041624055,2.6320519398807265e-09,0.0014041591461476327,9.805874310262323e-08,2.923868401339643e-07
EFT:1.0104241096782794e-05,2.122547334954209e-06,1.987322000788117e-05,0.499281670416237,6.935296550282277e-09,0.4992816704162441,2.6320519398807075e-09,0.0014041591461476227,9.805874310262393e-08,2.9238684013396224e-07
Random4440
Raw:1.0104241096782938e-05,2.122547334954239e-06,1.987322000788117e-05,0.499281670416237,6.9352965502823754e-09,0.4992816704162441,2.6320519398807824e-09,0.0014041591461476227,9.805874310262532e-08,2.9238684013396637e-07
EFT:1.0104241096782794e-05,2.122547334954209e-06,1.987322000788117e-05,0.499281670416237,6.935296550282277e-09,0.4992816704162441,2.6320519398807075e-09,0.0014041591461476227,9.805874310262393e-08,2.9238684013396224e-07
Random4441
Raw:1.0104241096782938e-05,2.122547334954239e-06,1.987322000788145e-05,0.499281670416237,6.935296550282277e-09,0.4992816704162441,2.632051939880745e-09,0.0014041591461476427,9.805874310262532e-08,2.9238684013396224e-07
EFT:1.0104241096782794e-05,2.122547334954209e-06,1.987322000788117e-05,0.499281670416237,6.935296550282277e-09,0.4992816704162441,2.6320519398807075e-09,0.0014041591461476227,9.805874310262393e-08,2.9238684013396224e-07
Random4442
Raw:1.0104241096782867e-05,2.122547334954224e-06,1.987322000788131e-05,0.49928167041624055,6.935296550282326e-09,0.49928167041624055,2.6320519398807265e-09,0.0014041591461476327,9.805874310262462e-08,2.923868401339643e-07
EFT:1.0104241096782794e-05,2.122547334954209e-06,1.987322000788117e-05,0.499281670416237,6.935296550282277e-09,0.4992816704162441,2.6320519398807075e-09,0.0014041591461476227,9.805874310262393e-08,2.9238684013396224e-07
Random4443
Raw:1.0104241096782938e-05,2.122547334954239e-06,1.987322000788145e-05,0.499281670416237,6.935296550282277e-09,0.4992816704162441,2.632051939880745e-09,0.0014041591461476427,9.805874310262393e-08,2.9238684013396637e-07
EFT:1.0104241096782794e-05,2.122547334954209e-06,1.987322000788117e-05,0.499281670416237,6.935296550282277e-09,0.4992816704162441,2.6320519398807075e-09,0.0014041591461476227,9.805874310262393e-08,2.9238684013396224e-07
Random4444
Raw:1.0104241096782938e-05,2.122547334954239e-06,1.987322000788117e-05,0.499281670416237,6.935296550282277e-09,0.4992816704162441,2.632051939880745e-09,0.0014041591461476227,9.805874310262532e-08,2.9238684013396224e-07
EFT:1.0104241096782794e-05,2.122547334954209e-06,1.987322000788117e-05,0.499281670416237,6.935296550282277e-09,0.4992816704162441,2.6320519398807075e-09,0.0014041591461476227,9.805874310262393e-08,2.9238684013396224e-07
Random4445
Raw:1.0104241096782938e-05,2.122547334954209e-06,1.987322000788117e-05,0.499281670416237,6.9352965502823754e-09,0.4992816704162441,2.6320519398807824e-09,0.0014041591461476227,9.805874310262532e-08,2.9238684013396637e-07
EFT:1.0104241096782794e-05,2.122547334954209e-06,1.987322000788117e-05,0.499281670416237,6.935296550282277e-09,0.4992816704162441,2.6320519398807075e-09,0.0014041591461476227,9.805874310262393e-08,2.9238684013396224e-07
Random4446
Raw:1.0104241096782867e-05,2.122547334954224e-06,1.987322000788131e-05,0.49928167041624055,6.935296550282326e-09,0.49928167041624055,2.6320519398807265e-09,0.0014041591461476327,9.805874310262462e-08,2.923868401339643e-07
EFT:1.0104241096782794e-05,2.122547334954209e-06,1.987322000788117e-05,0.499281670416237,6.935296550282277e-09,0.4992816704162441,2.6320519398807075e-09,0.0014041591461476227,9.805874310262393e-08,2.9238684013396224e-07
Random4447
Raw:1.0104241096782867e-05,2.122547334954224e-06,1.9873220007881028e-05,0.49928167041624055,6.935296550282326e-09,0.49928167041624055,2.6320519398807638e-09,0.0014041591461476128,9.805874310262462e-08,2.923868401339643e-07
EFT:1.0104241096782794e-05,2.122547334954209e-06,1.987322000788117e-05,0.499281670416237,6.935296550282277e-09,0.4992816704162441,2.6320519398807075e-09,0.0014041591461476227,9.805874310262393e-08,2.9238684013396224e-07
Random4448
Raw:1.0104241096783009e-05,2.122547334954224e-06,1.987322000788131e-05,0.49928167041623345,6.935296550282327e-09,0.49928167041624766,2.6320519398807638e-09,0.0014041591461476327,9.805874310262462e-08,2.923868401339685e-07
EFT:1.0104241096782794e-05,2.122547334954209e-06,1.987322000788117e-05,0.499281670416237,6.935296550282277e-09,0.4992816704162441,2.6320519398807075e-09,0.0014041591461476227,9.805874310262393e-08,2.9238684013396224e-07
Random4449
Raw:1.0104241096782867e-05,2.122547334954194e-06,1.9873220007881028e-05,0.49928167041624055,6.935296550282326e-09,0.49928167041624055,2.6320519398807265e-09,0.0014041591461476128,9.805874310262323e-08,2.923868401339643e-07
EFT:1.0104241096782794e-05,2.122547334954209e-06,1.987322000788117e-05,0.499281670416237,6.935296550282277e-09,0.4992816704162441,2.6320519398807075e-09,0.0014041591461476227,9.805874310262393e-08,2.9238684013396224e-07
Random4450
Raw:1.0104241096783009e-05,2.122547334954224e-06,1.987322000788131e-05,0.49928167041623345,6.935296550282327e-09,0.49928167041624766,2.6320519398807638e-09,0.0014041591461476327,9.805874310262462e-08,2.923868401339685e-07
EFT:1.0104241096782794e-05,2.122547334954209e-06,1.987322000788117e-05,0.499281670416237,6.935296550282277e-09,0.4992816704162441,2.6320519398807075e-09,0.0014041591461476227,9.805874310262393e-08,2.9238684013396224e-07
Random4451
Raw:1.0104241096782938e-05,2.122547334954209e-06,1.987322000788117e-05,0.499281670416237,6.9352965502823754e-09,0.4992816704162441,2.632051939880745e-09,0.0014041591461476227,9.805874310262532e-08,2.9238684013396637e-07
EFT:1.0104241096782794e-05,2.122547334954209e-06,1.987322000788117e-05,0.499281670416237,6.935296550282277e-09,0.4992816704162441,2.6320519398807075e-09,0.0014041591461476227,9.805874310262393e-08,2.9238684013396224e-07
Random4452
Raw:1.0104241096782938e-05,2.122547334954209e-06,1.987322000788117e-05,0.499281670416237,6.9352965502823754e-09,0.4992816704162441,2.632051939880745e-09,0.0014041591461476227,9.805874310262672e-08,2.9238684013396637e-07
EFT:1.0104241096782794e-05,2.122547334954209e-06,1.987322000788117e-05,0.499281670416237,6.935296550282277e-09,0.4992816704162441,2.6320519398807075e-09,0.0014041591461476227,9.805874310262393e-08,2.9238684013396224e-07
Random4453
Raw:1.0104241096782867e-05,2.122547334954194e-06,1.9873220007881028e-05,0.49928167041624055,6.935296550282326e-09,0.49928167041624055,2.6320519398807265e-09,0.0014041591461476128,9.805874310262602e-08,2.923868401339643e-07
EFT:1.0104241096782794e-05,2.122547334954209e-06,1.987322000788117e-05,0.499281670416237,6.935296550282277e-09,0.4992816704162441,2.6320519398807075e-09,0.0014041591461476227,9.805874310262393e-08,2.9238684013396224e-07
Random4454
Raw:1.0104241096782867e-05,2.122547334954194e-06,1.9873220007881028e-05,0.49928167041624055,6.935296550282326e-09,0.49928167041624055,2.6320519398807265e-09,0.0014041591461476128,9.805874310262323e-08,2.923868401339643e-07
EFT:1.0104241096782794e-05,2.122547334954209e-06,1.987322000788117e-05,0.499281670416237,6.935296550282277e-09,0.4992816704162441,2.6320519398807075e-09,0.0014041591461476227,9.805874310262393e-08,2.9238684013396224e-07
Random4455
Raw:1.0104241096782865e-05,2.122547334954194e-06,1.9873220007881028e-05,0.49928167041623345,6.935296550282327e-09,0.49928167041624766,2.632051939880726e-09,0.0014041591461476126,9.805874310262462e-08,2.9238684013396436e-07
EFT:1.0104241096782794e-05,2.122547334954209e-06,1.987322000788117e-05,0.499281670416237,6.935296550282277e-09,0.4992816704162441,2.6320519398807075e-09,0.0014041591461476227,9.805874310262393e-08,2.9238684013396224e-07
Random4456
Raw:1.0104241096782938e-05,2.122547334954239e-06,1.9873220007880885e-05,0.499281670416237,6.935296550282277e-09,0.4992816704162441,2.632051939880745e-09,0.0014041591461476227,9.805874310262532e-08,2.9238684013396224e-07
EFT:1.0104241096782794e-05,2.122547334954209e-06,1.987322000788117e-05,0.499281670416237,6.935296550282277e-09,0.4992816704162441,2.6320519398807075e-09,0.0014041591461476227,9.805874310262393e-08,2.9238684013396224e-07
Random4457
Raw:1.0104241096782794e-05,2.122547334954209e-06,1.987322000788117e-05,0.499281670416237,6.935296550282277e-09,0.4992816704162441,2.6320519398807075e-09,0.0014041591461476227,9.805874310262393e-08,2.9238684013396224e-07
EFT:1.0104241096782794e-05,2.122547334954209e-06,1.987322000788117e-05,0.499281670416237,6.935296550282277e-09,0.4992816704162441,2.6320519398807075e-09,0.0014041591461476227,9.805874310262393e-08,2.9238684013396224e-07
Random4458
Raw:1.0104241096782938e-05,2.122547334954209e-06,1.987322000788117e-05,0.499281670416237,6.9352965502823754e-09,0.4992816704162441,2.632051939880745e-09,0.0014041591461476227,9.805874310262393e-08,2.9238684013396637e-07
EFT:1.0104241096782794e-05,2.122547334954209e-06,1.987322000788117e-05,0.499281670416237,6.935296550282277e-09,0.4992816704162441,2.6320519398807075e-09,0.0014041591461476227,9.805874310262393e-08,2.9238684013396224e-07
Random4459
Raw:1.0104241096782794e-05,2.122547334954209e-06,1.987322000788117e-05,0.499281670416237,6.9352965502821786e-09,0.4992816704162441,2.6320519398807075e-09,0.0014041591461476227,9.805874310262393e-08,2.9238684013396224e-07
EFT:1.0104241096782794e-05,2.122547334954209e-06,1.987322000788117e-05,0.499281670416237,6.935296550282277e-09,0.4992816704162441,2.6320519398807075e-09,0.0014041591461476227,9.805874310262393e-08,2.9238684013396224e-07
Random4460
Raw:1.0104241096782938e-05,2.122547334954209e-06,1.987322000788117e-05,0.499281670416237,6.9352965502823754e-09,0.4992816704162441,2.632051939880745e-09,0.0014041591461476227,9.805874310262672e-08,2.9238684013396637e-07
EFT:1.0104241096782794e-05,2.122547334954209e-06,1.987322000788117e-05,0.499281670416237,6.935296550282277e-09,0.4992816704162441,2.6320519398807075e-09,0.0014041591461476227,9.805874310262393e-08,2.9238684013396224e-07
Random4461
Raw:1.0104241096782938e-05,2.122547334954209e-06,1.987322000788117e-05,0.499281670416237,6.9352965502823754e-09,0.4992816704162441,2.6320519398807824e-09,0.0014041591461476227,9.805874310262532e-08,2.9238684013396637e-07
EFT:1.0104241096782794e-05,2.122547334954209e-06,1.987322000788117e-05,0.499281670416237,6.935296550282277e-09,0.4992816704162441,2.6320519398807075e-09,0.0014041591461476227,9.805874310262393e-08,2.9238684013396224e-07
Random4462
Raw:1.0104241096782867e-05,2.122547334954194e-06,1.9873220007881028e-05,0.49928167041624055,6.935296550282228e-09,0.49928167041624055,2.632051939880689e-09,0.0014041591461476327,9.805874310262323e-08,2.923868401339602e-07
EFT:1.0104241096782794e-05,2.122547334954209e-06,1.987322000788117e-05,0.499281670416237,6.935296550282277e-09,0.4992816704162441,2.6320519398807075e-09,0.0014041591461476227,9.805874310262393e-08,2.9238684013396224e-07
Random4463
Raw:1.0104241096782723e-05,2.122547334954194e-06,1.9873220007881028e-05,0.49928167041624055,6.93529655028213e-09,0.49928167041624055,2.6320519398806513e-09,0.0014041591461476128,9.805874310262323e-08,2.923868401339602e-07
EFT:1.0104241096782794e-05,2.122547334954209e-06,1.987322000788117e-05,0.499281670416237,6.935296550282277e-09,0.4992816704162441,2.6320519398807075e-09,0.0014041591461476227,9.805874310262393e-08,2.9238684013396224e-07
Random4464
Raw:1.0104241096782867e-05,2.122547334954194e-06,1.9873220007881028e-05,0.49928167041624055,6.935296550282326e-09,0.49928167041624055,2.6320519398807265e-09,0.0014041591461476128,9.805874310262323e-08,2.923868401339643e-07
EFT:1.0104241096782794e-05,2.122547334954209e-06,1.987322000788117e-05,0.499281670416237,6.935296550282277e-09,0.4992816704162441,2.6320519398807075e-09,0.0014041591461476227,9.805874310262393e-08,2.9238684013396224e-07
Random4465
Raw:1.0104241096783009e-05,2.122547334954224e-06,1.987322000788131e-05,0.49928167041623345,6.935296550282327e-09,0.49928167041624766,2.6320519398807638e-09,0.0014041591461476327,9.805874310262601e-08,2.9238684013396436e-07
EFT:1.0104241096782794e-05,2.122547334954209e-06,1.987322000788117e-05,0.499281670416237,6.935296550282277e-09,0.4992816704162441,2.6320519398807075e-09,0.0014041591461476227,9.805874310262393e-08,2.9238684013396224e-07
Random4466
Raw:1.0104241096782938e-05,2.122547334954209e-06,1.9873220007880885e-05,0.499281670416237,6.935296550282277e-09,0.4992816704162441,2.632051939880745e-09,0.0014041591461476227,9.805874310262393e-08,2.9238684013396224e-07
EFT:1.0104241096782794e-05,2.122547334954209e-06,1.987322000788117e-05,0.499281670416237,6.935296550282277e-09,0.4992816704162441,2.6320519398807075e-09,0.0014041591461476227,9.805874310262393e-08,2.9238684013396224e-07
Random4467
Raw:1.0104241096782794e-05,2.122547334954209e-06,1.9873220007880885e-05,0.499281670416237,6.9352965502821786e-09,0.4992816704162441,2.632051939880745e-09,0.0014041591461476227,9.805874310262254e-08,2.9238684013396224e-07
EFT:1.0104241096782794e-05,2.122547334954209e-06,1.987322000788117e-05,0.499281670416237,6.935296550282277e-09,0.4992816704162441,2.6320519398807075e-09,0.0014041591461476227,9.805874310262393e-08,2.9238684013396224e-07
Random4468
Raw:1.0104241096782938e-05,2.122547334954239e-06,1.9873220007880885e-05,0.499281670416237,6.935296550282277e-09,0.4992816704162441,2.632051939880745e-09,0.0014041591461476227,9.805874310262532e-08,2.9238684013396224e-07
EFT:1.0104241096782794e-05,2.122547334954209e-06,1.987322000788117e-05,0.499281670416237,6.935296550282277e-09,0.4992816704162441,2.6320519398807075e-09,0.0014041591461476227,9.805874310262393e-08,2.9238684013396224e-07
Random4469
Raw:1.0104241096782938e-05,2.122547334954239e-06,1.9873220007880885e-05,0.499281670416237,6.935296550282277e-09,0.4992816704162441,2.632051939880745e-09,0.0014041591461476227,9.805874310262532e-08,2.9238684013396224e-07
EFT:1.0104241096782794e-05,2.122547334954209e-06,1.987322000788117e-05,0.499281670416237,6.935296550282277e-09,0.4992816704162441,2.6320519398807075e-09,0.0014041591461476227,9.805874310262393e-08,2.9238684013396224e-07
Random4470
Raw:1.0104241096782794e-05,2.122547334954209e-06,1.987322000788117e-05,0.499281670416237,6.935296550282277e-09,0.4992816704162441,2.632051939880745e-09,0.0014041591461476227,9.805874310262254e-08,2.9238684013396224e-07
EFT:1.0104241096782794e-05,2.122547334954209e-06,1.987322000788117e-05,0.499281670416237,6.935296550282277e-09,0.4992816704162441,2.6320519398807075e-09,0.0014041591461476227,9.805874310262393e-08,2.9238684013396224e-07
Random4471
Raw:1.0104241096782794e-05,2.1225473349541788e-06,1.9873220007880885e-05,0.499281670416237,6.935296550282277e-09,0.4992816704162441,2.632051939880745e-09,0.0014041591461476026,9.805874310262254e-08,2.9238684013396224e-07
EFT:1.0104241096782794e-05,2.122547334954209e-06,1.987322000788117e-05,0.499281670416237,6.935296550282277e-09,0.4992816704162441,2.6320519398807075e-09,0.0014041591461476227,9.805874310262393e-08,2.9238684013396224e-07
Random4472
Raw:1.0104241096782867e-05,2.122547334954224e-06,1.9873220007881028e-05,0.49928167041624055,6.935296550282326e-09,0.49928167041624055,2.6320519398807638e-09,0.0014041591461476128,9.805874310262462e-08,2.923868401339643e-07
EFT:1.0104241096782794e-05,2.122547334954209e-06,1.987322000788117e-05,0.499281670416237,6.935296550282277e-09,0.4992816704162441,2.6320519398807075e-09,0.0014041591461476227,9.805874310262393e-08,2.9238684013396224e-07
Random4473
Raw:1.0104241096782938e-05,2.122547334954239e-06,1.987322000788117e-05,0.499281670416237,6.935296550282277e-09,0.4992816704162441,2.632051939880745e-09,0.0014041591461476427,9.805874310262393e-08,2.9238684013396637e-07
EFT:1.0104241096782794e-05,2.122547334954209e-06,1.987322000788117e-05,0.499281670416237,6.935296550282277e-09,0.4992816704162441,2.6320519398807075e-09,0.0014041591461476227,9.805874310262393e-08,2.9238684013396224e-07
Random4474
Raw:1.0104241096782794e-05,2.122547334954209e-06,1.987322000788117e-05,0.4992816704162441,6.935296550282277e-09,0.499281670416237,2.6320519398807075e-09,0.0014041591461476227,9.805874310262393e-08,2.9238684013396224e-07
EFT:1.0104241096782794e-05,2.122547334954209e-06,1.987322000788117e-05,0.499281670416237,6.935296550282277e-09,0.4992816704162441,2.6320519398807075e-09,0.0014041591461476227,9.805874310262393e-08,2.9238684013396224e-07
Random4475
Raw:1.0104241096782794e-05,2.122547334954209e-06,1.987322000788117e-05,0.499281670416237,6.935296550282277e-09,0.4992816704162441,2.6320519398807075e-09,0.0014041591461476026,9.805874310262393e-08,2.9238684013396224e-07
EFT:1.0104241096782794e-05,2.122547334954209e-06,1.987322000788117e-05,0.499281670416237,6.935296550282277e-09,0.4992816704162441,2.6320519398807075e-09,0.0014041591461476227,9.805874310262393e-08,2.9238684013396224e-07
Random4476
Raw:1.0104241096782867e-05,2.122547334954224e-06,1.9873220007881028e-05,0.49928167041624055,6.935296550282228e-09,0.49928167041624055,2.632051939880689e-09,0.0014041591461476327,9.805874310262462e-08,2.923868401339602e-07
EFT:1.0104241096782794e-05,2.122547334954209e-06,1.987322000788117e-05,0.499281670416237,6.935296550282277e-09,0.4992816704162441,2.6320519398807075e-09,0.0014041591461476227,9.805874310262393e-08,2.9238684013396224e-07
Random4477
Raw:1.0104241096782794e-05,2.122547334954209e-06,1.987322000788117e-05,0.499281670416237,6.935296550282277e-09,0.4992816704162441,2.632051939880745e-09,0.0014041591461476227,9.805874310262254e-08,2.9238684013396224e-07
EFT:1.0104241096782794e-05,2.122547334954209e-06,1.987322000788117e-05,0.499281670416237,6.935296550282277e-09,0.4992816704162441,2.6320519398807075e-09,0.0014041591461476227,9.805874310262393e-08,2.9238684013396224e-07
Random4478
Raw:1.0104241096782938e-05,2.122547334954209e-06,1.987322000788117e-05,0.499281670416237,6.9352965502823754e-09,0.4992816704162441,2.632051939880745e-09,0.0014041591461476227,9.805874310262672e-08,2.9238684013396637e-07
EFT:1.0104241096782794e-05,2.122547334954209e-06,1.987322000788117e-05,0.499281670416237,6.935296550282277e-09,0.4992816704162441,2.6320519398807075e-09,0.0014041591461476227,9.805874310262393e-08,2.9238684013396224e-07
Random4479
Raw:1.0104241096782794e-05,2.122547334954209e-06,1.987322000788117e-05,0.499281670416237,6.9352965502821786e-09,0.4992816704162441,2.6320519398807075e-09,0.0014041591461476026,9.805874310262393e-08,2.9238684013396224e-07
EFT:1.0104241096782794e-05,2.122547334954209e-06,1.987322000788117e-05,0.499281670416237,6.935296550282277e-09,0.4992816704162441,2.6320519398807075e-09,0.0014041591461476227,9.805874310262393e-08,2.9238684013396224e-07
Random4480
Raw:1.0104241096782867e-05,2.122547334954224e-06,1.987322000788131e-05,0.49928167041624055,6.935296550282326e-09,0.49928167041624055,2.6320519398807265e-09,0.0014041591461476128,9.805874310262462e-08,2.923868401339643e-07
EFT:1.0104241096782794e-05,2.122547334954209e-06,1.987322000788117e-05,0.499281670416237,6.935296550282277e-09,0.4992816704162441,2.6320519398807075e-09,0.0014041591461476227,9.805874310262393e-08,2.9238684013396224e-07
Random4481
Raw:1.0104241096782938e-05,2.1225473349541788e-06,1.9873220007880885e-05,0.499281670416237,6.935296550282277e-09,0.4992816704162441,2.632051939880745e-09,0.0014041591461476026,9.805874310262532e-08,2.9238684013396224e-07
EFT:1.0104241096782794e-05,2.122547334954209e-06,1.987322000788117e-05,0.499281670416237,6.935296550282277e-09,0.4992816704162441,2.6320519398807075e-09,0.0014041591461476227,9.805874310262393e-08,2.9238684013396224e-07
Random4482
Raw:1.0104241096783009e-05,2.122547334954224e-06,1.987322000788131e-05,0.49928167041623345,6.935296550282327e-09,0.49928167041624766,2.6320519398807638e-09,0.0014041591461476327,9.805874310262462e-08,2.923868401339685e-07
EFT:1.0104241096782794e-05,2.122547334954209e-06,1.987322000788117e-05,0.499281670416237,6.935296550282277e-09,0.4992816704162441,2.6320519398807075e-09,0.0014041591461476227,9.805874310262393e-08,2.9238684013396224e-07
Random4483
Raw:1.0104241096782867e-05,2.122547334954194e-06,1.9873220007881028e-05,0.49928167041624055,6.935296550282228e-09,0.49928167041624055,2.632051939880689e-09,0.0014041591461476128,9.805874310262462e-08,2.923868401339602e-07
EFT:1.0104241096782794e-05,2.122547334954209e-06,1.987322000788117e-05,0.499281670416237,6.935296550282277e-09,0.4992816704162441,2.6320519398807075e-09,0.0014041591461476227,9.805874310262393e-08,2.9238684013396224e-07
Random4484
Raw:1.0104241096782867e-05,2.122547334954224e-06,1.987322000788131e-05,0.49928167041624055,6.935296550282326e-09,0.49928167041624055,2.6320519398807265e-09,0.0014041591461476327,9.805874310262323e-08,2.923868401339643e-07
EFT:1.0104241096782794e-05,2.122547334954209e-06,1.987322000788117e-05,0.499281670416237,6.935296550282277e-09,0.4992816704162441,2.6320519398807075e-09,0.0014041591461476227,9.805874310262393e-08,2.9238684013396224e-07
Random4485
Raw:1.0104241096782865e-05,2.122547334954194e-06,1.9873220007881028e-05,0.49928167041623345,6.935296550282327e-09,0.49928167041624766,2.6320519398807638e-09,0.0014041591461476126,9.805874310262324e-08,2.9238684013396436e-07
EFT:1.0104241096782794e-05,2.122547334954209e-06,1.987322000788117e-05,0.499281670416237,6.935296550282277e-09,0.4992816704162441,2.6320519398807075e-09,0.0014041591461476227,9.805874310262393e-08,2.9238684013396224e-07
Random4486
Raw:1.0104241096782938e-05,2.122547334954209e-06,1.987322000788117e-05,0.499281670416237,6.9352965502823754e-09,0.4992816704162441,2.632051939880745e-09,0.0014041591461476227,9.805874310262532e-08,2.9238684013396637e-07
EFT:1.0104241096782794e-05,2.122547334954209e-06,1.987322000788117e-05,0.499281670416237,6.935296550282277e-09,0.4992816704162441,2.6320519398807075e-09,0.0014041591461476227,9.805874310262393e-08,2.9238684013396224e-07
Random4487
Raw:1.0104241096782938e-05,2.1225473349541788e-06,1.9873220007880885e-05,0.4992816704162299,6.9352965502823754e-09,0.49928167041625116,2.6320519398808196e-09,0.0014041591461476026,9.805874310262671e-08,2.923868401339664e-07
EFT:1.0104241096782794e-05,2.122547334954209e-06,1.987322000788117e-05,0.499281670416237,6.935296550282277e-09,0.4992816704162441,2.6320519398807075e-09,0.0014041591461476227,9.805874310262393e-08,2.9238684013396224e-07
Random4488
Raw:1.0104241096782938e-05,2.122547334954239e-06,1.987322000788117e-05,0.499281670416237,6.935296550282277e-09,0.4992816704162441,2.632051939880745e-09,0.0014041591461476427,9.805874310262532e-08,2.9238684013396224e-07
EFT:1.0104241096782794e-05,2.122547334954209e-06,1.987322000788117e-05,0.499281670416237,6.935296550282277e-09,0.4992816704162441,2.6320519398807075e-09,0.0014041591461476227,9.805874310262393e-08,2.9238684013396224e-07
Random4489
Raw:1.0104241096782867e-05,2.1225473349542546e-06,1.987322000788131e-05,0.49928167041624055,6.935296550282326e-09,0.49928167041624055,2.6320519398807638e-09,0.0014041591461476327,9.805874310262462e-08,2.923868401339643e-07
EFT:1.0104241096782794e-05,2.122547334954209e-06,1.987322000788117e-05,0.499281670416237,6.935296550282277e-09,0.4992816704162441,2.6320519398807075e-09,0.0014041591461476227,9.805874310262393e-08,2.9238684013396224e-07
Random4490
Raw:1.0104241096782867e-05,2.122547334954224e-06,1.987322000788131e-05,0.49928167041624055,6.935296550282326e-09,0.49928167041624055,2.6320519398807265e-09,0.0014041591461476128,9.805874310262462e-08,2.923868401339643e-07
EFT:1.0104241096782794e-05,2.122547334954209e-06,1.987322000788117e-05,0.499281670416237,6.935296550282277e-09,0.4992816704162441,2.6320519398807075e-09,0.0014041591461476227,9.805874310262393e-08,2.9238684013396224e-07
Random4491
Raw:1.0104241096782938e-05,2.122547334954209e-06,1.987322000788117e-05,0.499281670416237,6.9352965502823754e-09,0.4992816704162441,2.632051939880745e-09,0.0014041591461476227,9.805874310262532e-08,2.9238684013396637e-07
EFT:1.0104241096782794e-05,2.122547334954209e-06,1.987322000788117e-05,0.499281670416237,6.935296550282277e-09,0.4992816704162441,2.6320519398807075e-09,0.0014041591461476227,9.805874310262393e-08,2.9238684013396224e-07
Random4492
Raw:1.0104241096782867e-05,2.122547334954194e-06,1.9873220007881028e-05,0.49928167041624055,6.935296550282326e-09,0.49928167041624055,2.6320519398807265e-09,0.0014041591461476128,9.805874310262323e-08,2.923868401339643e-07
EFT:1.0104241096782794e-05,2.122547334954209e-06,1.987322000788117e-05,0.499281670416237,6.935296550282277e-09,0.4992816704162441,2.6320519398807075e-09,0.0014041591461476227,9.805874310262393e-08,2.9238684013396224e-07
Random4493
Raw:1.0104241096783009e-05,2.122547334954194e-06,1.9873220007881028e-05,0.49928167041623345,6.935296550282327e-09,0.49928167041624766,2.6320519398807638e-09,0.0014041591461476327,9.805874310262462e-08,2.9238684013396436e-07
EFT:1.0104241096782794e-05,2.122547334954209e-06,1.987322000788117e-05,0.499281670416237,6.935296550282277e-09,0.4992816704162441,2.6320519398807075e-09,0.0014041591461476227,9.805874310262393e-08,2.9238684013396224e-07
Random4494
Raw:1.0104241096782867e-05,2.122547334954224e-06,1.987322000788131e-05,0.49928167041624055,6.935296550282326e-09,0.49928167041624055,2.6320519398807265e-09,0.0014041591461476327,9.805874310262602e-08,2.923868401339643e-07
EFT:1.0104241096782794e-05,2.122547334954209e-06,1.987322000788117e-05,0.499281670416237,6.935296550282277e-09,0.4992816704162441,2.6320519398807075e-09,0.0014041591461476227,9.805874310262393e-08,2.9238684013396224e-07
Random4495
Raw:1.0104241096782867e-05,2.122547334954224e-06,1.987322000788131e-05,0.49928167041624055,6.935296550282326e-09,0.49928167041624055,2.6320519398807265e-09,0.0014041591461476327,9.805874310262462e-08,2.923868401339643e-07
EFT:1.0104241096782794e-05,2.122547334954209e-06,1.987322000788117e-05,0.499281670416237,6.935296550282277e-09,0.4992816704162441,2.6320519398807075e-09,0.0014041591461476227,9.805874310262393e-08,2.9238684013396224e-07
Random4496
Raw:1.0104241096782938e-05,2.122547334954209e-06,1.987322000788117e-05,0.499281670416237,6.9352965502823754e-09,0.4992816704162441,2.6320519398807824e-09,0.0014041591461476227,9.805874310262532e-08,2.9238684013396637e-07
EFT:1.0104241096782794e-05,2.122547334954209e-06,1.987322000788117e-05,0.499281670416237,6.935296550282277e-09,0.4992816704162441,2.6320519398807075e-09,0.0014041591461476227,9.805874310262393e-08,2.9238684013396224e-07
Random4497
Raw:1.0104241096782794e-05,2.122547334954209e-06,1.987322000788117e-05,0.499281670416237,6.9352965502821786e-09,0.4992816704162441,2.6320519398807075e-09,0.0014041591461476026,9.805874310262393e-08,2.9238684013396224e-07
EFT:1.0104241096782794e-05,2.122547334954209e-06,1.987322000788117e-05,0.499281670416237,6.935296550282277e-09,0.4992816704162441,2.6320519398807075e-09,0.0014041591461476227,9.805874310262393e-08,2.9238684013396224e-07
Random4498
Raw:1.0104241096782867e-05,2.122547334954224e-06,1.987322000788131e-05,0.49928167041624055,6.935296550282326e-09,0.49928167041624055,2.6320519398807638e-09,0.0014041591461476327,9.805874310262462e-08,2.923868401339643e-07
EFT:1.0104241096782794e-05,2.122547334954209e-06,1.987322000788117e-05,0.499281670416237,6.935296550282277e-09,0.4992816704162441,2.6320519398807075e-09,0.0014041591461476227,9.805874310262393e-08,2.9238684013396224e-07
Random4499
Raw:1.0104241096782794e-05,2.122547334954209e-06,1.9873220007880885e-05,0.499281670416237,6.935296550282277e-09,0.4992816704162441,2.632051939880745e-09,0.0014041591461476227,9.805874310262254e-08,2.9238684013396224e-07
EFT:1.0104241096782794e-05,2.122547334954209e-06,1.987322000788117e-05,0.499281670416237,6.935296550282277e-09,0.4992816704162441,2.6320519398807075e-09,0.0014041591461476227,9.805874310262393e-08,2.9238684013396224e-07
Random4500
Raw:1.0104241096782794e-05,2.122547334954209e-06,1.987322000788117e-05,0.499281670416237,6.935296550282277e-09,0.4992816704162441,2.6320519398807075e-09,0.0014041591461476227,9.805874310262393e-08,2.9238684013396224e-07
EFT:1.0104241096782794e-05,2.122547334954209e-06,1.987322000788117e-05,0.499281670416237,6.935296550282277e-09,0.4992816704162441,2.6320519398807075e-09,0.0014041591461476227,9.805874310262393e-08,2.9238684013396224e-07
Random4501
Raw:1.0104241096782867e-05,2.122547334954224e-06,1.987322000788131e-05,0.49928167041624055,6.935296550282326e-09,0.49928167041624055,2.6320519398807265e-09,0.0014041591461476327,9.805874310262602e-08,2.923868401339643e-07
EFT:1.0104241096782794e-05,2.122547334954209e-06,1.987322000788117e-05,0.499281670416237,6.935296550282277e-09,0.4992816704162441,2.6320519398807075e-09,0.0014041591461476227,9.805874310262393e-08,2.9238684013396224e-07
Random4502
Raw:1.0104241096782867e-05,2.122547334954224e-06,1.987322000788131e-05,0.49928167041624055,6.935296550282326e-09,0.49928167041624055,2.6320519398807265e-09,0.0014041591461476128,9.805874310262462e-08,2.923868401339643e-07
EFT:1.0104241096782794e-05,2.122547334954209e-06,1.987322000788117e-05,0.499281670416237,6.935296550282277e-09,0.4992816704162441,2.6320519398807075e-09,0.0014041591461476227,9.805874310262393e-08,2.9238684013396224e-07
Random4503
Raw:1.0104241096782938e-05,2.122547334954209e-06,1.987322000788117e-05,0.499281670416237,6.9352965502823754e-09,0.4992816704162441,2.632051939880745e-09,0.0014041591461476227,9.805874310262393e-08,2.9238684013396637e-07
EFT:1.0104241096782794e-05,2.122547334954209e-06,1.987322000788117e-05,0.499281670416237,6.935296550282277e-09,0.4992816704162441,2.6320519398807075e-09,0.0014041591461476227,9.805874310262393e-08,2.9238684013396224e-07
Random4504
Raw:1.0104241096782867e-05,2.122547334954194e-06,1.9873220007881028e-05,0.49928167041624055,6.935296550282228e-09,0.49928167041624055,2.632051939880689e-09,0.0014041591461476128,9.805874310262462e-08,2.923868401339602e-07
EFT:1.0104241096782794e-05,2.122547334954209e-06,1.987322000788117e-05,0.499281670416237,6.935296550282277e-09,0.4992816704162441,2.6320519398807075e-09,0.0014041591461476227,9.805874310262393e-08,2.9238684013396224e-07
Random4505
Raw:1.0104241096783009e-05,2.122547334954194e-06,1.9873220007881028e-05,0.49928167041623345,6.935296550282327e-09,0.49928167041624766,2.6320519398807638e-09,0.0014041591461476327,9.805874310262462e-08,2.9238684013396436e-07
EFT:1.0104241096782794e-05,2.122547334954209e-06,1.987322000788117e-05,0.499281670416237,6.935296550282277e-09,0.4992816704162441,2.6320519398807075e-09,0.0014041591461476227,9.805874310262393e-08,2.9238684013396224e-07
Random4506
Raw:1.0104241096782794e-05,2.122547334954209e-06,1.987322000788117e-05,0.499281670416237,6.935296550282277e-09,0.4992816704162441,2.6320519398807075e-09,0.0014041591461476227,9.805874310262393e-08,2.9238684013396224e-07
EFT:1.0104241096782794e-05,2.122547334954209e-06,1.987322000788117e-05,0.499281670416237,6.935296550282277e-09,0.4992816704162441,2.6320519398807075e-09,0.0014041591461476227,9.805874310262393e-08,2.9238684013396224e-07
Random4507
Raw:1.0104241096782938e-05,2.122547334954209e-06,1.987322000788117e-05,0.499281670416237,6.935296550282277e-09,0.4992816704162441,2.632051939880745e-09,0.0014041591461476427,9.805874310262393e-08,2.9238684013396224e-07
EFT:1.0104241096782794e-05,2.122547334954209e-06,1.987322000788117e-05,0.499281670416237,6.935296550282277e-09,0.4992816704162441,2.6320519398807075e-09,0.0014041591461476227,9.805874310262393e-08,2.9238684013396224e-07
Random4508
Raw:1.0104241096782794e-05,2.122547334954209e-06,1.987322000788117e-05,0.499281670416237,6.935296550282277e-09,0.4992816704162441,2.632051939880745e-09,0.0014041591461476227,9.805874310262254e-08,2.9238684013396224e-07
EFT:1.0104241096782794e-05,2.122547334954209e-06,1.987322000788117e-05,0.499281670416237,6.935296550282277e-09,0.4992816704162441,2.6320519398807075e-09,0.0014041591461476227,9.805874310262393e-08,2.9238684013396224e-07
Random4509
Raw:1.0104241096782938e-05,2.122547334954239e-06,1.9873220007880885e-05,0.499281670416237,6.935296550282277e-09,0.4992816704162441,2.632051939880745e-09,0.0014041591461476227,9.805874310262532e-08,2.9238684013396224e-07
EFT:1.0104241096782794e-05,2.122547334954209e-06,1.987322000788117e-05,0.499281670416237,6.935296550282277e-09,0.4992816704162441,2.6320519398807075e-09,0.0014041591461476227,9.805874310262393e-08,2.9238684013396224e-07
Random4510
Raw:1.0104241096782794e-05,2.122547334954209e-06,1.987322000788117e-05,0.499281670416237,6.9352965502821786e-09,0.4992816704162441,2.632051939880745e-09,0.0014041591461476227,9.805874310262254e-08,2.9238684013396224e-07
EFT:1.0104241096782794e-05,2.122547334954209e-06,1.987322000788117e-05,0.499281670416237,6.935296550282277e-09,0.4992816704162441,2.6320519398807075e-09,0.0014041591461476227,9.805874310262393e-08,2.9238684013396224e-07
Random4511
Raw:1.0104241096782794e-05,2.122547334954209e-06,1.987322000788117e-05,0.499281670416237,6.9352965502821786e-09,0.4992816704162441,2.6320519398807075e-09,0.0014041591461476227,9.805874310262393e-08,2.9238684013396224e-07
EFT:1.0104241096782794e-05,2.122547334954209e-06,1.987322000788117e-05,0.499281670416237,6.935296550282277e-09,0.4992816704162441,2.6320519398807075e-09,0.0014041591461476227,9.805874310262393e-08,2.9238684013396224e-07
Random4512
Raw:1.0104241096782867e-05,2.122547334954224e-06,1.9873220007881028e-05,0.49928167041624055,6.935296550282326e-09,0.49928167041624055,2.6320519398807638e-09,0.0014041591461476128,9.805874310262462e-08,2.923868401339643e-07
EFT:1.0104241096782794e-05,2.122547334954209e-06,1.987322000788117e-05,0.499281670416237,6.935296550282277e-09,0.4992816704162441,2.6320519398807075e-09,0.0014041591461476227,9.805874310262393e-08,2.9238684013396224e-07
Random4513
Raw:1.0104241096782794e-05,2.122547334954209e-06,1.987322000788117e-05,0.499281670416237,6.9352965502821786e-09,0.4992816704162441,2.6320519398807075e-09,0.0014041591461476227,9.805874310262393e-08,2.9238684013396224e-07
EFT:1.0104241096782794e-05,2.122547334954209e-06,1.987322000788117e-05,0.499281670416237,6.935296550282277e-09,0.4992816704162441,2.6320519398807075e-09,0.0014041591461476227,9.805874310262393e-08,2.9238684013396224e-07
Random4514
Raw:1.0104241096782723e-05,2.122547334954194e-06,1.9873220007881028e-05,0.49928167041624055,6.935296550282228e-09,0.49928167041624055,2.6320519398806513e-09,0.0014041591461476128,9.805874310262323e-08,2.923868401339602e-07
EFT:1.0104241096782794e-05,2.122547334954209e-06,1.987322000788117e-05,0.499281670416237,6.935296550282277e-09,0.4992816704162441,2.6320519398807075e-09,0.0014041591461476227,9.805874310262393e-08,2.9238684013396224e-07
Random4515
Raw:1.0104241096782938e-05,2.122547334954209e-06,1.987322000788117e-05,0.499281670416237,6.9352965502823754e-09,0.4992816704162441,2.632051939880745e-09,0.0014041591461476227,9.805874310262672e-08,2.9238684013396637e-07
EFT:1.0104241096782794e-05,2.122547334954209e-06,1.987322000788117e-05,0.499281670416237,6.935296550282277e-09,0.4992816704162441,2.6320519398807075e-09,0.0014041591461476227,9.805874310262393e-08,2.9238684013396224e-07
Random4516
Raw:1.0104241096782938e-05,2.122547334954209e-06,1.987322000788117e-05,0.499281670416237,6.935296550282277e-09,0.4992816704162441,2.632051939880745e-09,0.0014041591461476227,9.805874310262532e-08,2.9238684013396224e-07
EFT:1.0104241096782794e-05,2.122547334954209e-06,1.987322000788117e-05,0.499281670416237,6.935296550282277e-09,0.4992816704162441,2.6320519398807075e-09,0.0014041591461476227,9.805874310262393e-08,2.9238684013396224e-07
Random4517
Raw:1.0104241096782938e-05,2.122547334954209e-06,1.9873220007880885e-05,0.499281670416237,6.935296550282277e-09,0.4992816704162441,2.632051939880745e-09,0.0014041591461476227,9.805874310262532e-08,2.9238684013396224e-07
EFT:1.0104241096782794e-05,2.122547334954209e-06,1.987322000788117e-05,0.499281670416237,6.935296550282277e-09,0.4992816704162441,2.6320519398807075e-09,0.0014041591461476227,9.805874310262393e-08,2.9238684013396224e-07
Random4518
Raw:1.0104241096783009e-05,2.122547334954194e-06,1.9873220007881028e-05,0.49928167041623345,6.935296550282327e-09,0.49928167041624766,2.6320519398807638e-09,0.0014041591461476327,9.805874310262462e-08,2.9238684013396436e-07
EFT:1.0104241096782794e-05,2.122547334954209e-06,1.987322000788117e-05,0.499281670416237,6.935296550282277e-09,0.4992816704162441,2.6320519398807075e-09,0.0014041591461476227,9.805874310262393e-08,2.9238684013396224e-07
Random4519
Raw:1.0104241096782938e-05,2.122547334954209e-06,1.9873220007880885e-05,0.499281670416237,6.935296550282277e-09,0.4992816704162441,2.632051939880745e-09,0.0014041591461476227,9.805874310262532e-08,2.9238684013396224e-07
EFT:1.0104241096782794e-05,2.122547334954209e-06,1.987322000788117e-05,0.499281670416237,6.935296550282277e-09,0.4992816704162441,2.6320519398807075e-09,0.0014041591461476227,9.805874310262393e-08,2.9238684013396224e-07
Random4520
Raw:1.0104241096782938e-05,2.122547334954239e-06,1.987322000788117e-05,0.499281670416237,6.9352965502823754e-09,0.4992816704162441,2.6320519398807824e-09,0.0014041591461476227,9.805874310262532e-08,2.9238684013396637e-07
EFT:1.0104241096782794e-05,2.122547334954209e-06,1.987322000788117e-05,0.499281670416237,6.935296550282277e-09,0.4992816704162441,2.6320519398807075e-09,0.0014041591461476227,9.805874310262393e-08,2.9238684013396224e-07
Random4521
Raw:1.0104241096782938e-05,2.122547334954209e-06,1.987322000788117e-05,0.499281670416237,6.935296550282277e-09,0.4992816704162441,2.632051939880745e-09,0.0014041591461476227,9.805874310262393e-08,2.9238684013396637e-07
EFT:1.0104241096782794e-05,2.122547334954209e-06,1.987322000788117e-05,0.499281670416237,6.935296550282277e-09,0.4992816704162441,2.6320519398807075e-09,0.0014041591461476227,9.805874310262393e-08,2.9238684013396224e-07
Random4522
Raw:1.0104241096783009e-05,2.122547334954224e-06,1.987322000788131e-05,0.49928167041623345,6.935296550282327e-09,0.49928167041624766,2.6320519398807638e-09,0.0014041591461476327,9.805874310262462e-08,2.923868401339685e-07
EFT:1.0104241096782794e-05,2.122547334954209e-06,1.987322000788117e-05,0.499281670416237,6.935296550282277e-09,0.4992816704162441,2.6320519398807075e-09,0.0014041591461476227,9.805874310262393e-08,2.9238684013396224e-07
Random4523
Raw:1.0104241096782794e-05,2.122547334954209e-06,1.987322000788117e-05,0.499281670416237,6.935296550282277e-09,0.4992816704162441,2.632051939880745e-09,0.0014041591461476227,9.805874310262254e-08,2.9238684013396224e-07
EFT:1.0104241096782794e-05,2.122547334954209e-06,1.987322000788117e-05,0.499281670416237,6.935296550282277e-09,0.4992816704162441,2.6320519398807075e-09,0.0014041591461476227,9.805874310262393e-08,2.9238684013396224e-07
Random4524
Raw:1.0104241096782938e-05,2.122547334954209e-06,1.9873220007880885e-05,0.499281670416237,6.9352965502823754e-09,0.4992816704162441,2.63205193988082e-09,0.0014041591461476227,9.805874310262532e-08,2.9238684013396637e-07
EFT:1.0104241096782794e-05,2.122547334954209e-06,1.987322000788117e-05,0.499281670416237,6.935296550282277e-09,0.4992816704162441,2.6320519398807075e-09,0.0014041591461476227,9.805874310262393e-08,2.9238684013396224e-07
Random4525
Raw:1.0104241096782938e-05,2.122547334954209e-06,1.987322000788117e-05,0.499281670416237,6.935296550282277e-09,0.4992816704162441,2.632051939880745e-09,0.0014041591461476227,9.805874310262532e-08,2.9238684013396224e-07
EFT:1.0104241096782794e-05,2.122547334954209e-06,1.987322000788117e-05,0.499281670416237,6.935296550282277e-09,0.4992816704162441,2.6320519398807075e-09,0.0014041591461476227,9.805874310262393e-08,2.9238684013396224e-07
Random4526
Raw:1.0104241096783009e-05,2.122547334954224e-06,1.9873220007881028e-05,0.49928167041623345,6.935296550282327e-09,0.49928167041624766,2.6320519398807638e-09,0.0014041591461476327,9.805874310262601e-08,2.9238684013396436e-07
EFT:1.0104241096782794e-05,2.122547334954209e-06,1.987322000788117e-05,0.499281670416237,6.935296550282277e-09,0.4992816704162441,2.6320519398807075e-09,0.0014041591461476227,9.805874310262393e-08,2.9238684013396224e-07
Random4527
Raw:1.0104241096782867e-05,2.122547334954224e-06,1.9873220007881028e-05,0.49928167041624055,6.935296550282326e-09,0.49928167041624055,2.6320519398807265e-09,0.0014041591461476327,9.805874310262602e-08,2.923868401339643e-07
EFT:1.0104241096782794e-05,2.122547334954209e-06,1.987322000788117e-05,0.499281670416237,6.935296550282277e-09,0.4992816704162441,2.6320519398807075e-09,0.0014041591461476227,9.805874310262393e-08,2.9238684013396224e-07
Random4528
Raw:1.0104241096782938e-05,2.122547334954209e-06,1.987322000788117e-05,0.499281670416237,6.9352965502823754e-09,0.4992816704162441,2.632051939880745e-09,0.0014041591461476227,9.805874310262672e-08,2.9238684013396637e-07
EFT:1.0104241096782794e-05,2.122547334954209e-06,1.987322000788117e-05,0.499281670416237,6.935296550282277e-09,0.4992816704162441,2.6320519398807075e-09,0.0014041591461476227,9.805874310262393e-08,2.9238684013396224e-07
Random4529
Raw:1.0104241096783009e-05,2.122547334954224e-06,1.987322000788131e-05,0.49928167041623345,6.935296550282327e-09,0.49928167041624766,2.6320519398807638e-09,0.0014041591461476327,9.805874310262462e-08,2.923868401339685e-07
EFT:1.0104241096782794e-05,2.122547334954209e-06,1.987322000788117e-05,0.499281670416237,6.935296550282277e-09,0.4992816704162441,2.6320519398807075e-09,0.0014041591461476227,9.805874310262393e-08,2.9238684013396224e-07
Random4530
Raw:1.0104241096782938e-05,2.122547334954209e-06,1.987322000788117e-05,0.499281670416237,6.935296550282277e-09,0.4992816704162441,2.632051939880745e-09,0.0014041591461476227,9.805874310262532e-08,2.9238684013396224e-07
EFT:1.0104241096782794e-05,2.122547334954209e-06,1.987322000788117e-05,0.499281670416237,6.935296550282277e-09,0.4992816704162441,2.6320519398807075e-09,0.0014041591461476227,9.805874310262393e-08,2.9238684013396224e-07
Random4531
Raw:1.0104241096782938e-05,2.122547334954209e-06,1.987322000788117e-05,0.499281670416237,6.935296550282277e-09,0.4992816704162441,2.632051939880745e-09,0.0014041591461476227,9.805874310262393e-08,2.9238684013396637e-07
EFT:1.0104241096782794e-05,2.122547334954209e-06,1.987322000788117e-05,0.499281670416237,6.935296550282277e-09,0.4992816704162441,2.6320519398807075e-09,0.0014041591461476227,9.805874310262393e-08,2.9238684013396224e-07
Random4532
Raw:1.0104241096782865e-05,2.122547334954194e-06,1.9873220007881028e-05,0.49928167041623345,6.935296550282327e-09,0.49928167041624766,2.632051939880726e-09,0.0014041591461476126,9.805874310262462e-08,2.9238684013396436e-07
EFT:1.0104241096782794e-05,2.122547334954209e-06,1.987322000788117e-05,0.499281670416237,6.935296550282277e-09,0.4992816704162441,2.6320519398807075e-09,0.0014041591461476227,9.805874310262393e-08,2.9238684013396224e-07
Random4533
Raw:1.0104241096782938e-05,2.122547334954209e-06,1.987322000788117e-05,0.499281670416237,6.935296550282277e-09,0.4992816704162441,2.632051939880745e-09,0.0014041591461476227,9.805874310262532e-08,2.9238684013396224e-07
EFT:1.0104241096782794e-05,2.122547334954209e-06,1.987322000788117e-05,0.499281670416237,6.935296550282277e-09,0.4992816704162441,2.6320519398807075e-09,0.0014041591461476227,9.805874310262393e-08,2.9238684013396224e-07
Random4534
Raw:1.0104241096783009e-05,2.122547334954194e-06,1.9873220007881028e-05,0.49928167041623345,6.935296550282327e-09,0.49928167041624766,2.6320519398807638e-09,0.0014041591461476327,9.805874310262462e-08,2.9238684013396436e-07
EFT:1.0104241096782794e-05,2.122547334954209e-06,1.987322000788117e-05,0.499281670416237,6.935296550282277e-09,0.4992816704162441,2.6320519398807075e-09,0.0014041591461476227,9.805874310262393e-08,2.9238684013396224e-07
Random4535
Raw:1.0104241096782867e-05,2.122547334954194e-06,1.9873220007881028e-05,0.49928167041624055,6.935296550282326e-09,0.49928167041624055,2.6320519398807265e-09,0.0014041591461476128,9.805874310262323e-08,2.923868401339643e-07
EFT:1.0104241096782794e-05,2.122547334954209e-06,1.987322000788117e-05,0.499281670416237,6.935296550282277e-09,0.4992816704162441,2.6320519398807075e-09,0.0014041591461476227,9.805874310262393e-08,2.9238684013396224e-07
Random4536
Raw:1.0104241096782938e-05,2.122547334954239e-06,1.987322000788145e-05,0.499281670416237,6.935296550282277e-09,0.4992816704162441,2.632051939880745e-09,0.0014041591461476427,9.805874310262393e-08,2.9238684013396637e-07
EFT:1.0104241096782794e-05,2.122547334954209e-06,1.987322000788117e-05,0.499281670416237,6.935296550282277e-09,0.4992816704162441,2.6320519398807075e-09,0.0014041591461476227,9.805874310262393e-08,2.9238684013396224e-07
Random4537
Raw:1.0104241096782865e-05,2.122547334954194e-06,1.9873220007881028e-05,0.49928167041623345,6.935296550282327e-09,0.49928167041624766,2.6320519398807638e-09,0.0014041591461476126,9.805874310262324e-08,2.9238684013396436e-07
EFT:1.0104241096782794e-05,2.122547334954209e-06,1.987322000788117e-05,0.499281670416237,6.935296550282277e-09,0.4992816704162441,2.6320519398807075e-09,0.0014041591461476227,9.805874310262393e-08,2.9238684013396224e-07
Random4538
Raw:1.0104241096782938e-05,2.1225473349541788e-06,1.9873220007880885e-05,0.499281670416237,6.935296550282277e-09,0.4992816704162441,2.632051939880745e-09,0.0014041591461476026,9.805874310262532e-08,2.9238684013396224e-07
EFT:1.0104241096782794e-05,2.122547334954209e-06,1.987322000788117e-05,0.499281670416237,6.935296550282277e-09,0.4992816704162441,2.6320519398807075e-09,0.0014041591461476227,9.805874310262393e-08,2.9238684013396224e-07
Random4539
Raw:1.0104241096782794e-05,2.122547334954209e-06,1.9873220007880885e-05,0.499281670416237,6.935296550282277e-09,0.4992816704162441,2.632051939880745e-09,0.0014041591461476227,9.805874310262254e-08,2.9238684013396224e-07
EFT:1.0104241096782794e-05,2.122547334954209e-06,1.987322000788117e-05,0.499281670416237,6.935296550282277e-09,0.4992816704162441,2.6320519398807075e-09,0.0014041591461476227,9.805874310262393e-08,2.9238684013396224e-07
Random4540
Raw:1.0104241096783009e-05,2.122547334954224e-06,1.987322000788131e-05,0.49928167041623345,6.935296550282327e-09,0.49928167041624766,2.632051939880801e-09,0.0014041591461476126,9.805874310262462e-08,2.923868401339685e-07
EFT:1.0104241096782794e-05,2.122547334954209e-06,1.987322000788117e-05,0.499281670416237,6.935296550282277e-09,0.4992816704162441,2.6320519398807075e-09,0.0014041591461476227,9.805874310262393e-08,2.9238684013396224e-07
Random4541
Raw:1.0104241096782794e-05,2.122547334954209e-06,1.987322000788117e-05,0.499281670416237,6.935296550282277e-09,0.4992816704162441,2.6320519398807075e-09,0.0014041591461476026,9.805874310262393e-08,2.9238684013396224e-07
EFT:1.0104241096782794e-05,2.122547334954209e-06,1.987322000788117e-05,0.499281670416237,6.935296550282277e-09,0.4992816704162441,2.6320519398807075e-09,0.0014041591461476227,9.805874310262393e-08,2.9238684013396224e-07
Random4542
Raw:1.0104241096782938e-05,2.122547334954209e-06,1.987322000788117e-05,0.499281670416237,6.9352965502823754e-09,0.4992816704162441,2.632051939880745e-09,0.0014041591461476227,9.805874310262532e-08,2.9238684013396637e-07
EFT:1.0104241096782794e-05,2.122547334954209e-06,1.987322000788117e-05,0.499281670416237,6.935296550282277e-09,0.4992816704162441,2.6320519398807075e-09,0.0014041591461476227,9.805874310262393e-08,2.9238684013396224e-07
Random4543
Raw:1.0104241096782794e-05,2.122547334954209e-06,1.987322000788117e-05,0.499281670416237,6.9352965502821786e-09,0.4992816704162441,2.6320519398807075e-09,0.0014041591461476227,9.805874310262393e-08,2.9238684013396224e-07
EFT:1.0104241096782794e-05,2.122547334954209e-06,1.987322000788117e-05,0.499281670416237,6.935296550282277e-09,0.4992816704162441,2.6320519398807075e-09,0.0014041591461476227,9.805874310262393e-08,2.9238684013396224e-07
Random4544
Raw:1.0104241096782938e-05,2.122547334954239e-06,1.987322000788117e-05,0.499281670416237,6.935296550282277e-09,0.4992816704162441,2.632051939880745e-09,0.0014041591461476427,9.805874310262393e-08,2.9238684013396637e-07
EFT:1.0104241096782794e-05,2.122547334954209e-06,1.987322000788117e-05,0.499281670416237,6.935296550282277e-09,0.4992816704162441,2.6320519398807075e-09,0.0014041591461476227,9.805874310262393e-08,2.9238684013396224e-07
Random4545
Raw:1.0104241096782938e-05,2.122547334954239e-06,1.987322000788117e-05,0.499281670416237,6.935296550282277e-09,0.4992816704162441,2.632051939880745e-09,0.0014041591461476427,9.805874310262393e-08,2.9238684013396637e-07
EFT:1.0104241096782794e-05,2.122547334954209e-06,1.987322000788117e-05,0.499281670416237,6.935296550282277e-09,0.4992816704162441,2.6320519398807075e-09,0.0014041591461476227,9.805874310262393e-08,2.9238684013396224e-07
Random4546
Raw:1.0104241096783009e-05,2.122547334954224e-06,1.9873220007881028e-05,0.49928167041623345,6.935296550282327e-09,0.49928167041624766,2.6320519398807638e-09,0.0014041591461476327,9.805874310262601e-08,2.9238684013396436e-07
EFT:1.0104241096782794e-05,2.122547334954209e-06,1.987322000788117e-05,0.499281670416237,6.935296550282277e-09,0.4992816704162441,2.6320519398807075e-09,0.0014041591461476227,9.805874310262393e-08,2.9238684013396224e-07
Random4547
Raw:1.0104241096782938e-05,2.122547334954239e-06,1.9873220007880885e-05,0.499281670416237,6.935296550282277e-09,0.4992816704162441,2.632051939880745e-09,0.0014041591461476227,9.805874310262532e-08,2.9238684013396224e-07
EFT:1.0104241096782794e-05,2.122547334954209e-06,1.987322000788117e-05,0.499281670416237,6.935296550282277e-09,0.4992816704162441,2.6320519398807075e-09,0.0014041591461476227,9.805874310262393e-08,2.9238684013396224e-07
Random4548
Raw:1.0104241096782867e-05,2.122547334954194e-06,1.9873220007881028e-05,0.49928167041624055,6.935296550282326e-09,0.49928167041624055,2.6320519398807265e-09,0.0014041591461476128,9.805874310262323e-08,2.923868401339643e-07
EFT:1.0104241096782794e-05,2.122547334954209e-06,1.987322000788117e-05,0.499281670416237,6.935296550282277e-09,0.4992816704162441,2.6320519398807075e-09,0.0014041591461476227,9.805874310262393e-08,2.9238684013396224e-07
Random4549
Raw:1.0104241096782938e-05,2.122547334954209e-06,1.987322000788117e-05,0.499281670416237,6.9352965502823754e-09,0.4992816704162441,2.632051939880745e-09,0.0014041591461476227,9.805874310262532e-08,2.9238684013396637e-07
EFT:1.0104241096782794e-05,2.122547334954209e-06,1.987322000788117e-05,0.499281670416237,6.935296550282277e-09,0.4992816704162441,2.6320519398807075e-09,0.0014041591461476227,9.805874310262393e-08,2.9238684013396224e-07
Random4550
Raw:1.0104241096782938e-05,2.122547334954209e-06,1.987322000788117e-05,0.499281670416237,6.9352965502823754e-09,0.4992816704162441,2.632051939880745e-09,0.0014041591461476227,9.805874310262393e-08,2.9238684013396637e-07
EFT:1.0104241096782794e-05,2.122547334954209e-06,1.987322000788117e-05,0.499281670416237,6.935296550282277e-09,0.4992816704162441,2.6320519398807075e-09,0.0014041591461476227,9.805874310262393e-08,2.9238684013396224e-07
Random4551
Raw:1.0104241096783009e-05,2.122547334954224e-06,1.987322000788131e-05,0.49928167041623345,6.935296550282327e-09,0.49928167041624766,2.6320519398807638e-09,0.0014041591461476327,9.805874310262462e-08,2.923868401339685e-07
EFT:1.0104241096782794e-05,2.122547334954209e-06,1.987322000788117e-05,0.499281670416237,6.935296550282277e-09,0.4992816704162441,2.6320519398807075e-09,0.0014041591461476227,9.805874310262393e-08,2.9238684013396224e-07
Random4552
Raw:1.0104241096783009e-05,2.122547334954224e-06,1.987322000788131e-05,0.49928167041623345,6.935296550282327e-09,0.49928167041624766,2.6320519398807638e-09,0.0014041591461476327,9.805874310262601e-08,2.9238684013396436e-07
EFT:1.0104241096782794e-05,2.122547334954209e-06,1.987322000788117e-05,0.499281670416237,6.935296550282277e-09,0.4992816704162441,2.6320519398807075e-09,0.0014041591461476227,9.805874310262393e-08,2.9238684013396224e-07
Random4553
Raw:1.0104241096783082e-05,2.122547334954239e-06,1.987322000788145e-05,0.499281670416237,6.935296550282475e-09,0.4992816704162441,2.6320519398807824e-09,0.0014041591461476427,9.805874310262532e-08,2.9238684013396637e-07
EFT:1.0104241096782794e-05,2.122547334954209e-06,1.987322000788117e-05,0.499281670416237,6.935296550282277e-09,0.4992816704162441,2.6320519398807075e-09,0.0014041591461476227,9.805874310262393e-08,2.9238684013396224e-07
Random4554
Raw:1.0104241096783009e-05,2.122547334954224e-06,1.987322000788131e-05,0.49928167041623345,6.935296550282327e-09,0.49928167041624766,2.6320519398807638e-09,0.0014041591461476327,9.805874310262462e-08,2.923868401339685e-07
EFT:1.0104241096782794e-05,2.122547334954209e-06,1.987322000788117e-05,0.499281670416237,6.935296550282277e-09,0.4992816704162441,2.6320519398807075e-09,0.0014041591461476227,9.805874310262393e-08,2.9238684013396224e-07
Random4555
Raw:1.0104241096782938e-05,2.122547334954209e-06,1.987322000788117e-05,0.499281670416237,6.9352965502823754e-09,0.4992816704162441,2.632051939880745e-09,0.0014041591461476227,9.805874310262532e-08,2.9238684013396637e-07
EFT:1.0104241096782794e-05,2.122547334954209e-06,1.987322000788117e-05,0.499281670416237,6.935296550282277e-09,0.4992816704162441,2.6320519398807075e-09,0.0014041591461476227,9.805874310262393e-08,2.9238684013396224e-07
Random4556
Raw:1.0104241096783009e-05,2.122547334954224e-06,1.987322000788131e-05,0.49928167041623345,6.935296550282327e-09,0.49928167041624766,2.6320519398807638e-09,0.0014041591461476327,9.805874310262462e-08,2.923868401339685e-07
EFT:1.0104241096782794e-05,2.122547334954209e-06,1.987322000788117e-05,0.499281670416237,6.935296550282277e-09,0.4992816704162441,2.6320519398807075e-09,0.0014041591461476227,9.805874310262393e-08,2.9238684013396224e-07
Random4557
Raw:1.0104241096782938e-05,2.122547334954209e-06,1.987322000788117e-05,0.499281670416237,6.935296550282277e-09,0.4992816704162441,2.632051939880745e-09,0.0014041591461476227,9.805874310262532e-08,2.9238684013396224e-07
EFT:1.0104241096782794e-05,2.122547334954209e-06,1.987322000788117e-05,0.499281670416237,6.935296550282277e-09,0.4992816704162441,2.6320519398807075e-09,0.0014041591461476227,9.805874310262393e-08,2.9238684013396224e-07
Random4558
Raw:1.0104241096782867e-05,2.122547334954224e-06,1.987322000788131e-05,0.49928167041624055,6.935296550282326e-09,0.49928167041624055,2.6320519398807265e-09,0.0014041591461476327,9.805874310262323e-08,2.923868401339643e-07
EFT:1.0104241096782794e-05,2.122547334954209e-06,1.987322000788117e-05,0.499281670416237,6.935296550282277e-09,0.4992816704162441,2.6320519398807075e-09,0.0014041591461476227,9.805874310262393e-08,2.9238684013396224e-07
Random4559
Raw:1.0104241096782867e-05,2.122547334954194e-06,1.9873220007881028e-05,0.49928167041624055,6.935296550282326e-09,0.49928167041624055,2.6320519398807265e-09,0.0014041591461476128,9.805874310262602e-08,2.923868401339643e-07
EFT:1.0104241096782794e-05,2.122547334954209e-06,1.987322000788117e-05,0.499281670416237,6.935296550282277e-09,0.4992816704162441,2.6320519398807075e-09,0.0014041591461476227,9.805874310262393e-08,2.9238684013396224e-07
Random4560
Raw:1.0104241096782938e-05,2.122547334954209e-06,1.987322000788117e-05,0.499281670416237,6.935296550282277e-09,0.4992816704162441,2.632051939880745e-09,0.0014041591461476427,9.805874310262393e-08,2.9238684013396224e-07
EFT:1.0104241096782794e-05,2.122547334954209e-06,1.987322000788117e-05,0.499281670416237,6.935296550282277e-09,0.4992816704162441,2.6320519398807075e-09,0.0014041591461476227,9.805874310262393e-08,2.9238684013396224e-07
Random4561
Raw:1.0104241096783009e-05,2.122547334954224e-06,1.9873220007881028e-05,0.49928167041623345,6.935296550282327e-09,0.49928167041624766,2.6320519398807638e-09,0.0014041591461476327,9.805874310262601e-08,2.9238684013396436e-07
EFT:1.0104241096782794e-05,2.122547334954209e-06,1.987322000788117e-05,0.499281670416237,6.935296550282277e-09,0.4992816704162441,2.6320519398807075e-09,0.0014041591461476227,9.805874310262393e-08,2.9238684013396224e-07
Random4562
Raw:1.0104241096782867e-05,2.1225473349542546e-06,1.987322000788131e-05,0.49928167041624055,6.935296550282326e-09,0.49928167041624055,2.6320519398807638e-09,0.0014041591461476128,9.805874310262462e-08,2.923868401339643e-07
EFT:1.0104241096782794e-05,2.122547334954209e-06,1.987322000788117e-05,0.499281670416237,6.935296550282277e-09,0.4992816704162441,2.6320519398807075e-09,0.0014041591461476227,9.805874310262393e-08,2.9238684013396224e-07
Random4563
Raw:1.0104241096782938e-05,2.122547334954209e-06,1.987322000788117e-05,0.499281670416237,6.935296550282277e-09,0.4992816704162441,2.632051939880745e-09,0.0014041591461476427,9.805874310262393e-08,2.9238684013396224e-07
EFT:1.0104241096782794e-05,2.122547334954209e-06,1.987322000788117e-05,0.499281670416237,6.935296550282277e-09,0.4992816704162441,2.6320519398807075e-09,0.0014041591461476227,9.805874310262393e-08,2.9238684013396224e-07
Random4564
Raw:1.0104241096782867e-05,2.122547334954224e-06,1.987322000788131e-05,0.49928167041624055,6.935296550282326e-09,0.49928167041624055,2.6320519398807265e-09,0.0014041591461476128,9.805874310262462e-08,2.923868401339643e-07
EFT:1.0104241096782794e-05,2.122547334954209e-06,1.987322000788117e-05,0.499281670416237,6.935296550282277e-09,0.4992816704162441,2.6320519398807075e-09,0.0014041591461476227,9.805874310262393e-08,2.9238684013396224e-07
Random4565
Raw:1.0104241096782867e-05,2.122547334954224e-06,1.9873220007881028e-05,0.49928167041624055,6.935296550282326e-09,0.49928167041624055,2.6320519398807265e-09,0.0014041591461476327,9.805874310262323e-08,2.923868401339643e-07
EFT:1.0104241096782794e-05,2.122547334954209e-06,1.987322000788117e-05,0.499281670416237,6.935296550282277e-09,0.4992816704162441,2.6320519398807075e-09,0.0014041591461476227,9.805874310262393e-08,2.9238684013396224e-07
Random4566
Raw:1.0104241096783009e-05,2.122547334954224e-06,1.9873220007881028e-05,0.49928167041623345,6.935296550282327e-09,0.49928167041624766,2.6320519398807638e-09,0.0014041591461476327,9.805874310262601e-08,2.9238684013396436e-07
EFT:1.0104241096782794e-05,2.122547334954209e-06,1.987322000788117e-05,0.499281670416237,6.935296550282277e-09,0.4992816704162441,2.6320519398807075e-09,0.0014041591461476227,9.805874310262393e-08,2.9238684013396224e-07
Random4567
Raw:1.0104241096782938e-05,2.122547334954209e-06,1.987322000788117e-05,0.499281670416237,6.9352965502823754e-09,0.4992816704162441,2.632051939880745e-09,0.0014041591461476227,9.805874310262532e-08,2.9238684013396637e-07
EFT:1.0104241096782794e-05,2.122547334954209e-06,1.987322000788117e-05,0.499281670416237,6.935296550282277e-09,0.4992816704162441,2.6320519398807075e-09,0.0014041591461476227,9.805874310262393e-08,2.9238684013396224e-07
Random4568
Raw:1.0104241096782938e-05,2.122547334954239e-06,1.987322000788145e-05,0.499281670416237,6.935296550282277e-09,0.4992816704162441,2.632051939880745e-09,0.0014041591461476427,9.805874310262532e-08,2.9238684013396224e-07
EFT:1.0104241096782794e-05,2.122547334954209e-06,1.987322000788117e-05,0.499281670416237,6.935296550282277e-09,0.4992816704162441,2.6320519398807075e-09,0.0014041591461476227,9.805874310262393e-08,2.9238684013396224e-07
Random4569
Raw:1.0104241096782867e-05,2.122547334954224e-06,1.987322000788131e-05,0.49928167041624055,6.935296550282326e-09,0.49928167041624055,2.6320519398807265e-09,0.0014041591461476327,9.805874310262462e-08,2.923868401339643e-07
EFT:1.0104241096782794e-05,2.122547334954209e-06,1.987322000788117e-05,0.499281670416237,6.935296550282277e-09,0.4992816704162441,2.6320519398807075e-09,0.0014041591461476227,9.805874310262393e-08,2.9238684013396224e-07
Random4570
Raw:1.0104241096782867e-05,2.122547334954224e-06,1.987322000788131e-05,0.49928167041624055,6.935296550282326e-09,0.49928167041624055,2.6320519398807265e-09,0.0014041591461476128,9.805874310262462e-08,2.923868401339643e-07
EFT:1.0104241096782794e-05,2.122547334954209e-06,1.987322000788117e-05,0.499281670416237,6.935296550282277e-09,0.4992816704162441,2.6320519398807075e-09,0.0014041591461476227,9.805874310262393e-08,2.9238684013396224e-07
Random4571
Raw:1.0104241096782794e-05,2.122547334954209e-06,1.9873220007880885e-05,0.499281670416237,6.9352965502821786e-09,0.4992816704162441,2.6320519398807075e-09,0.0014041591461476026,9.805874310262393e-08,2.9238684013396224e-07
EFT:1.0104241096782794e-05,2.122547334954209e-06,1.987322000788117e-05,0.499281670416237,6.935296550282277e-09,0.4992816704162441,2.6320519398807075e-09,0.0014041591461476227,9.805874310262393e-08,2.9238684013396224e-07
Random4572
Raw:1.0104241096783009e-05,2.122547334954224e-06,1.987322000788131e-05,0.49928167041623345,6.935296550282327e-09,0.49928167041624766,2.6320519398807638e-09,0.0014041591461476327,9.805874310262601e-08,2.9238684013396436e-07
EFT:1.0104241096782794e-05,2.122547334954209e-06,1.987322000788117e-05,0.499281670416237,6.935296550282277e-09,0.4992816704162441,2.6320519398807075e-09,0.0014041591461476227,9.805874310262393e-08,2.9238684013396224e-07
Random4573
Raw:1.0104241096782867e-05,2.1225473349542546e-06,1.987322000788131e-05,0.49928167041624055,6.935296550282326e-09,0.49928167041624055,2.6320519398807638e-09,0.0014041591461476327,9.805874310262462e-08,2.923868401339643e-07
EFT:1.0104241096782794e-05,2.122547334954209e-06,1.987322000788117e-05,0.499281670416237,6.935296550282277e-09,0.4992816704162441,2.6320519398807075e-09,0.0014041591461476227,9.805874310262393e-08,2.9238684013396224e-07
Random4574
Raw:1.0104241096782938e-05,2.122547334954209e-06,1.987322000788117e-05,0.499281670416237,6.9352965502823754e-09,0.4992816704162441,2.6320519398807824e-09,0.0014041591461476227,9.805874310262532e-08,2.9238684013396637e-07
EFT:1.0104241096782794e-05,2.122547334954209e-06,1.987322000788117e-05,0.499281670416237,6.935296550282277e-09,0.4992816704162441,2.6320519398807075e-09,0.0014041591461476227,9.805874310262393e-08,2.9238684013396224e-07
Random4575
Raw:1.0104241096782938e-05,2.122547334954209e-06,1.987322000788117e-05,0.499281670416237,6.9352965502823754e-09,0.4992816704162441,2.632051939880745e-09,0.0014041591461476227,9.805874310262393e-08,2.9238684013396637e-07
EFT:1.0104241096782794e-05,2.122547334954209e-06,1.987322000788117e-05,0.499281670416237,6.935296550282277e-09,0.4992816704162441,2.6320519398807075e-09,0.0014041591461476227,9.805874310262393e-08,2.9238684013396224e-07
Random4576
Raw:1.010424109678301e-05,2.122547334954224e-06,1.987322000788131e-05,0.49928167041624055,6.935296550282425e-09,0.49928167041624055,2.6320519398807638e-09,0.0014041591461476327,9.805874310262602e-08,2.923868401339685e-07
EFT:1.0104241096782794e-05,2.122547334954209e-06,1.987322000788117e-05,0.499281670416237,6.935296550282277e-09,0.4992816704162441,2.6320519398807075e-09,0.0014041591461476227,9.805874310262393e-08,2.9238684013396224e-07
Random4577
Raw:1.0104241096782938e-05,2.122547334954209e-06,1.987322000788117e-05,0.499281670416237,6.9352965502823754e-09,0.4992816704162441,2.632051939880745e-09,0.0014041591461476227,9.805874310262393e-08,2.9238684013396637e-07
EFT:1.0104241096782794e-05,2.122547334954209e-06,1.987322000788117e-05,0.499281670416237,6.935296550282277e-09,0.4992816704162441,2.6320519398807075e-09,0.0014041591461476227,9.805874310262393e-08,2.9238684013396224e-07
Random4578
Raw:1.0104241096783009e-05,2.122547334954194e-06,1.9873220007881028e-05,0.49928167041623345,6.935296550282327e-09,0.49928167041624766,2.6320519398807638e-09,0.0014041591461476327,9.805874310262462e-08,2.9238684013396436e-07
EFT:1.0104241096782794e-05,2.122547334954209e-06,1.987322000788117e-05,0.499281670416237,6.935296550282277e-09,0.4992816704162441,2.6320519398807075e-09,0.0014041591461476227,9.805874310262393e-08,2.9238684013396224e-07
Random4579
Raw:1.0104241096782794e-05,2.1225473349541788e-06,1.9873220007880885e-05,0.499281670416237,6.9352965502821786e-09,0.4992816704162441,2.632051939880745e-09,0.0014041591461476026,9.805874310262254e-08,2.9238684013396224e-07
EFT:1.0104241096782794e-05,2.122547334954209e-06,1.987322000788117e-05,0.499281670416237,6.935296550282277e-09,0.4992816704162441,2.6320519398807075e-09,0.0014041591461476227,9.805874310262393e-08,2.9238684013396224e-07
Random4580
Raw:1.0104241096782867e-05,2.122547334954224e-06,1.9873220007881028e-05,0.49928167041624055,6.935296550282326e-09,0.49928167041624055,2.6320519398807638e-09,0.0014041591461476128,9.805874310262462e-08,2.923868401339643e-07
EFT:1.0104241096782794e-05,2.122547334954209e-06,1.987322000788117e-05,0.499281670416237,6.935296550282277e-09,0.4992816704162441,2.6320519398807075e-09,0.0014041591461476227,9.805874310262393e-08,2.9238684013396224e-07
Random4581
Raw:1.0104241096782867e-05,2.122547334954224e-06,1.987322000788131e-05,0.49928167041624055,6.935296550282326e-09,0.49928167041624055,2.6320519398807265e-09,0.0014041591461476327,9.805874310262462e-08,2.923868401339643e-07
EFT:1.0104241096782794e-05,2.122547334954209e-06,1.987322000788117e-05,0.499281670416237,6.935296550282277e-09,0.4992816704162441,2.6320519398807075e-09,0.0014041591461476227,9.805874310262393e-08,2.9238684013396224e-07
Random4582
Raw:1.0104241096782867e-05,2.122547334954224e-06,1.9873220007881028e-05,0.49928167041624055,6.935296550282326e-09,0.49928167041624055,2.6320519398807638e-09,0.0014041591461476128,9.805874310262462e-08,2.923868401339643e-07
EFT:1.0104241096782794e-05,2.122547334954209e-06,1.987322000788117e-05,0.499281670416237,6.935296550282277e-09,0.4992816704162441,2.6320519398807075e-09,0.0014041591461476227,9.805874310262393e-08,2.9238684013396224e-07
Random4583
Raw:1.0104241096782794e-05,2.1225473349541788e-06,1.9873220007880885e-05,0.499281670416237,6.935296550282277e-09,0.4992816704162441,2.632051939880745e-09,0.0014041591461476026,9.805874310262254e-08,2.9238684013396224e-07
EFT:1.0104241096782794e-05,2.122547334954209e-06,1.987322000788117e-05,0.499281670416237,6.935296550282277e-09,0.4992816704162441,2.6320519398807075e-09,0.0014041591461476227,9.805874310262393e-08,2.9238684013396224e-07
Random4584
Raw:1.0104241096782938e-05,2.122547334954209e-06,1.9873220007880885e-05,0.499281670416237,6.935296550282277e-09,0.4992816704162441,2.632051939880745e-09,0.0014041591461476227,9.805874310262532e-08,2.9238684013396224e-07
EFT:1.0104241096782794e-05,2.122547334954209e-06,1.987322000788117e-05,0.499281670416237,6.935296550282277e-09,0.4992816704162441,2.6320519398807075e-09,0.0014041591461476227,9.805874310262393e-08,2.9238684013396224e-07
Random4585
Raw:1.0104241096782938e-05,2.122547334954209e-06,1.987322000788117e-05,0.499281670416237,6.935296550282277e-09,0.4992816704162441,2.632051939880745e-09,0.0014041591461476427,9.805874310262393e-08,2.9238684013396224e-07
EFT:1.0104241096782794e-05,2.122547334954209e-06,1.987322000788117e-05,0.499281670416237,6.935296550282277e-09,0.4992816704162441,2.6320519398807075e-09,0.0014041591461476227,9.805874310262393e-08,2.9238684013396224e-07
Random4586
Raw:1.0104241096782938e-05,2.1225473349541788e-06,1.9873220007880885e-05,0.499281670416237,6.935296550282277e-09,0.4992816704162441,2.632051939880745e-09,0.0014041591461476026,9.805874310262532e-08,2.9238684013396224e-07
EFT:1.0104241096782794e-05,2.122547334954209e-06,1.987322000788117e-05,0.499281670416237,6.935296550282277e-09,0.4992816704162441,2.6320519398807075e-09,0.0014041591461476227,9.805874310262393e-08,2.9238684013396224e-07
Random4587
Raw:1.0104241096782867e-05,2.122547334954194e-06,1.9873220007881028e-05,0.49928167041624055,6.935296550282326e-09,0.49928167041624055,2.6320519398807265e-09,0.0014041591461476128,9.805874310262602e-08,2.923868401339643e-07
EFT:1.0104241096782794e-05,2.122547334954209e-06,1.987322000788117e-05,0.499281670416237,6.935296550282277e-09,0.4992816704162441,2.6320519398807075e-09,0.0014041591461476227,9.805874310262393e-08,2.9238684013396224e-07
Random4588
Raw:1.0104241096782938e-05,2.122547334954209e-06,1.987322000788117e-05,0.499281670416237,6.935296550282277e-09,0.4992816704162441,2.632051939880745e-09,0.0014041591461476427,9.805874310262393e-08,2.9238684013396224e-07
EFT:1.0104241096782794e-05,2.122547334954209e-06,1.987322000788117e-05,0.499281670416237,6.935296550282277e-09,0.4992816704162441,2.6320519398807075e-09,0.0014041591461476227,9.805874310262393e-08,2.9238684013396224e-07
Random4589
Raw:1.0104241096782938e-05,2.122547334954239e-06,1.987322000788145e-05,0.499281670416237,6.935296550282277e-09,0.4992816704162441,2.632051939880745e-09,0.0014041591461476427,9.805874310262532e-08,2.9238684013396224e-07
EFT:1.0104241096782794e-05,2.122547334954209e-06,1.987322000788117e-05,0.499281670416237,6.935296550282277e-09,0.4992816704162441,2.6320519398807075e-09,0.0014041591461476227,9.805874310262393e-08,2.9238684013396224e-07
Random4590
Raw:1.0104241096782938e-05,2.122547334954239e-06,1.987322000788145e-05,0.499281670416237,6.935296550282277e-09,0.4992816704162441,2.632051939880745e-09,0.0014041591461476427,9.805874310262393e-08,2.9238684013396637e-07
EFT:1.0104241096782794e-05,2.122547334954209e-06,1.987322000788117e-05,0.499281670416237,6.935296550282277e-09,0.4992816704162441,2.6320519398807075e-09,0.0014041591461476227,9.805874310262393e-08,2.9238684013396224e-07
Random4591
Raw:1.0104241096782794e-05,2.1225473349541788e-06,1.9873220007880885e-05,0.499281670416237,6.9352965502821786e-09,0.4992816704162441,2.632051939880745e-09,0.0014041591461476026,9.805874310262254e-08,2.9238684013396224e-07
EFT:1.0104241096782794e-05,2.122547334954209e-06,1.987322000788117e-05,0.499281670416237,6.935296550282277e-09,0.4992816704162441,2.6320519398807075e-09,0.0014041591461476227,9.805874310262393e-08,2.9238684013396224e-07
Random4592
Raw:1.0104241096782938e-05,2.122547334954209e-06,1.987322000788117e-05,0.499281670416237,6.9352965502823754e-09,0.4992816704162441,2.632051939880745e-09,0.0014041591461476227,9.805874310262532e-08,2.9238684013396637e-07
EFT:1.0104241096782794e-05,2.122547334954209e-06,1.987322000788117e-05,0.499281670416237,6.935296550282277e-09,0.4992816704162441,2.6320519398807075e-09,0.0014041591461476227,9.805874310262393e-08,2.9238684013396224e-07
Random4593
Raw:1.0104241096782938e-05,2.122547334954209e-06,1.9873220007880885e-05,0.499281670416237,6.935296550282277e-09,0.4992816704162441,2.632051939880745e-09,0.0014041591461476227,9.805874310262532e-08,2.9238684013396224e-07
EFT:1.0104241096782794e-05,2.122547334954209e-06,1.987322000788117e-05,0.499281670416237,6.935296550282277e-09,0.4992816704162441,2.6320519398807075e-09,0.0014041591461476227,9.805874310262393e-08,2.9238684013396224e-07
Random4594
Raw:1.0104241096783009e-05,2.122547334954194e-06,1.9873220007881028e-05,0.49928167041623345,6.935296550282327e-09,0.49928167041624766,2.6320519398807638e-09,0.0014041591461476327,9.805874310262462e-08,2.9238684013396436e-07
EFT:1.0104241096782794e-05,2.122547334954209e-06,1.987322000788117e-05,0.499281670416237,6.935296550282277e-09,0.4992816704162441,2.6320519398807075e-09,0.0014041591461476227,9.805874310262393e-08,2.9238684013396224e-07
Random4595
Raw:1.0104241096782938e-05,2.122547334954209e-06,1.987322000788117e-05,0.499281670416237,6.935296550282277e-09,0.4992816704162441,2.632051939880745e-09,0.0014041591461476427,9.805874310262393e-08,2.9238684013396224e-07
EFT:1.0104241096782794e-05,2.122547334954209e-06,1.987322000788117e-05,0.499281670416237,6.935296550282277e-09,0.4992816704162441,2.6320519398807075e-09,0.0014041591461476227,9.805874310262393e-08,2.9238684013396224e-07
Random4596
Raw:1.0104241096782938e-05,2.122547334954239e-06,1.987322000788117e-05,0.499281670416237,6.935296550282277e-09,0.4992816704162441,2.632051939880745e-09,0.0014041591461476427,9.805874310262532e-08,2.9238684013396224e-07
EFT:1.0104241096782794e-05,2.122547334954209e-06,1.987322000788117e-05,0.499281670416237,6.935296550282277e-09,0.4992816704162441,2.6320519398807075e-09,0.0014041591461476227,9.805874310262393e-08,2.9238684013396224e-07
Random4597
Raw:1.0104241096782938e-05,2.122547334954209e-06,1.987322000788117e-05,0.499281670416237,6.9352965502823754e-09,0.4992816704162441,2.632051939880745e-09,0.0014041591461476227,9.805874310262532e-08,2.9238684013396637e-07
EFT:1.0104241096782794e-05,2.122547334954209e-06,1.987322000788117e-05,0.499281670416237,6.935296550282277e-09,0.4992816704162441,2.6320519398807075e-09,0.0014041591461476227,9.805874310262393e-08,2.9238684013396224e-07
Random4598
Raw:1.0104241096782938e-05,2.122547334954209e-06,1.987322000788117e-05,0.499281670416237,6.9352965502823754e-09,0.4992816704162441,2.632051939880745e-09,0.0014041591461476227,9.805874310262393e-08,2.9238684013396637e-07
EFT:1.0104241096782794e-05,2.122547334954209e-06,1.987322000788117e-05,0.499281670416237,6.935296550282277e-09,0.4992816704162441,2.6320519398807075e-09,0.0014041591461476227,9.805874310262393e-08,2.9238684013396224e-07
Random4599
Raw:1.0104241096782938e-05,2.122547334954209e-06,1.987322000788117e-05,0.499281670416237,6.935296550282277e-09,0.4992816704162441,2.632051939880745e-09,0.0014041591461476427,9.805874310262393e-08,2.9238684013396224e-07
EFT:1.0104241096782794e-05,2.122547334954209e-06,1.987322000788117e-05,0.499281670416237,6.935296550282277e-09,0.4992816704162441,2.6320519398807075e-09,0.0014041591461476227,9.805874310262393e-08,2.9238684013396224e-07
Random4600
Raw:1.0104241096783009e-05,2.122547334954224e-06,1.9873220007881028e-05,0.49928167041623345,6.935296550282327e-09,0.49928167041624766,2.6320519398807638e-09,0.0014041591461476327,9.805874310262601e-08,2.9238684013396436e-07
EFT:1.0104241096782794e-05,2.122547334954209e-06,1.987322000788117e-05,0.499281670416237,6.935296550282277e-09,0.4992816704162441,2.6320519398807075e-09,0.0014041591461476227,9.805874310262393e-08,2.9238684013396224e-07
Random4601
Raw:1.0104241096782938e-05,2.122547334954209e-06,1.987322000788117e-05,0.499281670416237,6.9352965502823754e-09,0.4992816704162441,2.632051939880745e-09,0.0014041591461476227,9.805874310262672e-08,2.9238684013396637e-07
EFT:1.0104241096782794e-05,2.122547334954209e-06,1.987322000788117e-05,0.499281670416237,6.935296550282277e-09,0.4992816704162441,2.6320519398807075e-09,0.0014041591461476227,9.805874310262393e-08,2.9238684013396224e-07
Random4602
Raw:1.0104241096782938e-05,2.122547334954209e-06,1.987322000788117e-05,0.499281670416237,6.9352965502823754e-09,0.4992816704162441,2.632051939880745e-09,0.0014041591461476227,9.805874310262532e-08,2.9238684013396637e-07
EFT:1.0104241096782794e-05,2.122547334954209e-06,1.987322000788117e-05,0.499281670416237,6.935296550282277e-09,0.4992816704162441,2.6320519398807075e-09,0.0014041591461476227,9.805874310262393e-08,2.9238684013396224e-07
Random4603
Raw:1.0104241096782867e-05,2.122547334954194e-06,1.9873220007881028e-05,0.49928167041624055,6.935296550282326e-09,0.49928167041624055,2.6320519398807265e-09,0.0014041591461476128,9.805874310262602e-08,2.923868401339643e-07
EFT:1.0104241096782794e-05,2.122547334954209e-06,1.987322000788117e-05,0.499281670416237,6.935296550282277e-09,0.4992816704162441,2.6320519398807075e-09,0.0014041591461476227,9.805874310262393e-08,2.9238684013396224e-07
Random4604
Raw:1.0104241096782938e-05,2.122547334954209e-06,1.987322000788117e-05,0.499281670416237,6.935296550282277e-09,0.4992816704162441,2.632051939880745e-09,0.0014041591461476427,9.805874310262393e-08,2.9238684013396224e-07
EFT:1.0104241096782794e-05,2.122547334954209e-06,1.987322000788117e-05,0.499281670416237,6.935296550282277e-09,0.4992816704162441,2.6320519398807075e-09,0.0014041591461476227,9.805874310262393e-08,2.9238684013396224e-07
Random4605
Raw:1.0104241096783009e-05,2.122547334954224e-06,1.987322000788131e-05,0.49928167041623345,6.935296550282327e-09,0.49928167041624766,2.6320519398807638e-09,0.0014041591461476327,9.805874310262601e-08,2.9238684013396436e-07
EFT:1.0104241096782794e-05,2.122547334954209e-06,1.987322000788117e-05,0.499281670416237,6.935296550282277e-09,0.4992816704162441,2.6320519398807075e-09,0.0014041591461476227,9.805874310262393e-08,2.9238684013396224e-07
Random4606
Raw:1.0104241096782938e-05,2.122547334954209e-06,1.987322000788117e-05,0.499281670416237,6.9352965502823754e-09,0.4992816704162441,2.632051939880745e-09,0.0014041591461476227,9.805874310262393e-08,2.9238684013396637e-07
EFT:1.0104241096782794e-05,2.122547334954209e-06,1.987322000788117e-05,0.499281670416237,6.935296550282277e-09,0.4992816704162441,2.6320519398807075e-09,0.0014041591461476227,9.805874310262393e-08,2.9238684013396224e-07
Random4607
Raw:1.0104241096782938e-05,2.1225473349541788e-06,1.9873220007880885e-05,0.499281670416237,6.935296550282277e-09,0.4992816704162441,2.632051939880745e-09,0.0014041591461476026,9.805874310262532e-08,2.9238684013396224e-07
EFT:1.0104241096782794e-05,2.122547334954209e-06,1.987322000788117e-05,0.499281670416237,6.935296550282277e-09,0.4992816704162441,2.6320519398807075e-09,0.0014041591461476227,9.805874310262393e-08,2.9238684013396224e-07
Random4608
Raw:1.0104241096783009e-05,2.122547334954194e-06,1.9873220007881028e-05,0.49928167041623345,6.935296550282327e-09,0.49928167041624766,2.6320519398807638e-09,0.0014041591461476327,9.805874310262462e-08,2.9238684013396436e-07
EFT:1.0104241096782794e-05,2.122547334954209e-06,1.987322000788117e-05,0.499281670416237,6.935296550282277e-09,0.4992816704162441,2.6320519398807075e-09,0.0014041591461476227,9.805874310262393e-08,2.9238684013396224e-07
Random4609
Raw:1.0104241096782938e-05,2.1225473349541788e-06,1.9873220007880885e-05,0.499281670416237,6.935296550282277e-09,0.4992816704162441,2.632051939880745e-09,0.0014041591461476026,9.805874310262532e-08,2.9238684013396224e-07
EFT:1.0104241096782794e-05,2.122547334954209e-06,1.987322000788117e-05,0.499281670416237,6.935296550282277e-09,0.4992816704162441,2.6320519398807075e-09,0.0014041591461476227,9.805874310262393e-08,2.9238684013396224e-07
Random4610
Raw:1.0104241096782938e-05,2.122547334954209e-06,1.9873220007880885e-05,0.499281670416237,6.935296550282277e-09,0.4992816704162441,2.632051939880745e-09,0.0014041591461476227,9.805874310262532e-08,2.9238684013396224e-07
EFT:1.0104241096782794e-05,2.122547334954209e-06,1.987322000788117e-05,0.499281670416237,6.935296550282277e-09,0.4992816704162441,2.6320519398807075e-09,0.0014041591461476227,9.805874310262393e-08,2.9238684013396224e-07
Random4611
Raw:1.0104241096782794e-05,2.122547334954209e-06,1.987322000788117e-05,0.499281670416237,6.935296550282277e-09,0.4992816704162441,2.632051939880745e-09,0.0014041591461476227,9.805874310262254e-08,2.9238684013396224e-07
EFT:1.0104241096782794e-05,2.122547334954209e-06,1.987322000788117e-05,0.499281670416237,6.935296550282277e-09,0.4992816704162441,2.6320519398807075e-09,0.0014041591461476227,9.805874310262393e-08,2.9238684013396224e-07
Random4612
Raw:1.0104241096782938e-05,2.122547334954209e-06,1.987322000788117e-05,0.499281670416237,6.935296550282277e-09,0.4992816704162441,2.632051939880745e-09,0.0014041591461476227,9.805874310262532e-08,2.9238684013396224e-07
EFT:1.0104241096782794e-05,2.122547334954209e-06,1.987322000788117e-05,0.499281670416237,6.935296550282277e-09,0.4992816704162441,2.6320519398807075e-09,0.0014041591461476227,9.805874310262393e-08,2.9238684013396224e-07
Random4613
Raw:1.0104241096783009e-05,2.122547334954194e-06,1.9873220007881028e-05,0.49928167041623345,6.935296550282327e-09,0.49928167041624766,2.6320519398807638e-09,0.0014041591461476327,9.805874310262462e-08,2.9238684013396436e-07
EFT:1.0104241096782794e-05,2.122547334954209e-06,1.987322000788117e-05,0.499281670416237,6.935296550282277e-09,0.4992816704162441,2.6320519398807075e-09,0.0014041591461476227,9.805874310262393e-08,2.9238684013396224e-07
Random4614
Raw:1.0104241096782938e-05,2.122547334954209e-06,1.987322000788117e-05,0.499281670416237,6.935296550282277e-09,0.4992816704162441,2.632051939880745e-09,0.0014041591461476227,9.805874310262532e-08,2.9238684013396224e-07
EFT:1.0104241096782794e-05,2.122547334954209e-06,1.987322000788117e-05,0.499281670416237,6.935296550282277e-09,0.4992816704162441,2.6320519398807075e-09,0.0014041591461476227,9.805874310262393e-08,2.9238684013396224e-07
Random4615
Raw:1.0104241096782794e-05,2.122547334954209e-06,1.987322000788117e-05,0.499281670416237,6.9352965502821786e-09,0.4992816704162441,2.6320519398807075e-09,0.0014041591461476227,9.805874310262393e-08,2.9238684013396224e-07
EFT:1.0104241096782794e-05,2.122547334954209e-06,1.987322000788117e-05,0.499281670416237,6.935296550282277e-09,0.4992816704162441,2.6320519398807075e-09,0.0014041591461476227,9.805874310262393e-08,2.9238684013396224e-07
Random4616
Raw:1.0104241096782938e-05,2.122547334954239e-06,1.987322000788145e-05,0.499281670416237,6.935296550282277e-09,0.4992816704162441,2.632051939880745e-09,0.0014041591461476427,9.805874310262393e-08,2.9238684013396637e-07
EFT:1.0104241096782794e-05,2.122547334954209e-06,1.987322000788117e-05,0.499281670416237,6.935296550282277e-09,0.4992816704162441,2.6320519398807075e-09,0.0014041591461476227,9.805874310262393e-08,2.9238684013396224e-07
Random4617
Raw:1.0104241096782867e-05,2.122547334954224e-06,1.987322000788131e-05,0.49928167041624055,6.935296550282326e-09,0.49928167041624055,2.6320519398807265e-09,0.0014041591461476327,9.805874310262462e-08,2.923868401339643e-07
EFT:1.0104241096782794e-05,2.122547334954209e-06,1.987322000788117e-05,0.499281670416237,6.935296550282277e-09,0.4992816704162441,2.6320519398807075e-09,0.0014041591461476227,9.805874310262393e-08,2.9238684013396224e-07
Random4618
Raw:1.0104241096782938e-05,2.122547334954209e-06,1.987322000788117e-05,0.499281670416237,6.935296550282277e-09,0.4992816704162441,2.632051939880745e-09,0.0014041591461476227,9.805874310262393e-08,2.9238684013396637e-07
EFT:1.0104241096782794e-05,2.122547334954209e-06,1.987322000788117e-05,0.499281670416237,6.935296550282277e-09,0.4992816704162441,2.6320519398807075e-09,0.0014041591461476227,9.805874310262393e-08,2.9238684013396224e-07
Random4619
Raw:1.0104241096782865e-05,2.122547334954194e-06,1.9873220007881028e-05,0.49928167041623345,6.935296550282228e-09,0.49928167041624766,2.6320519398807638e-09,0.0014041591461476126,9.805874310262324e-08,2.9238684013396436e-07
EFT:1.0104241096782794e-05,2.122547334954209e-06,1.987322000788117e-05,0.499281670416237,6.935296550282277e-09,0.4992816704162441,2.6320519398807075e-09,0.0014041591461476227,9.805874310262393e-08,2.9238684013396224e-07
Random4620
Raw:1.0104241096782867e-05,2.122547334954194e-06,1.9873220007881028e-05,0.49928167041624055,6.935296550282228e-09,0.49928167041624055,2.632051939880689e-09,0.0014041591461476128,9.805874310262462e-08,2.923868401339602e-07
EFT:1.0104241096782794e-05,2.122547334954209e-06,1.987322000788117e-05,0.499281670416237,6.935296550282277e-09,0.4992816704162441,2.6320519398807075e-09,0.0014041591461476227,9.805874310262393e-08,2.9238684013396224e-07
Random4621
Raw:1.0104241096782865e-05,2.122547334954194e-06,1.9873220007881028e-05,0.49928167041623345,6.935296550282228e-09,0.49928167041624766,2.632051939880726e-09,0.0014041591461476327,9.805874310262462e-08,2.923868401339602e-07
EFT:1.0104241096782794e-05,2.122547334954209e-06,1.987322000788117e-05,0.499281670416237,6.935296550282277e-09,0.4992816704162441,2.6320519398807075e-09,0.0014041591461476227,9.805874310262393e-08,2.9238684013396224e-07
Random4622
Raw:1.0104241096782794e-05,2.122547334954209e-06,1.987322000788117e-05,0.499281670416237,6.9352965502821786e-09,0.4992816704162441,2.6320519398807075e-09,0.0014041591461476227,9.805874310262393e-08,2.9238684013396224e-07
EFT:1.0104241096782794e-05,2.122547334954209e-06,1.987322000788117e-05,0.499281670416237,6.935296550282277e-09,0.4992816704162441,2.6320519398807075e-09,0.0014041591461476227,9.805874310262393e-08,2.9238684013396224e-07
Random4623
Raw:1.0104241096782938e-05,2.122547334954209e-06,1.987322000788117e-05,0.499281670416237,6.9352965502823754e-09,0.4992816704162441,2.632051939880745e-09,0.0014041591461476227,9.805874310262532e-08,2.9238684013396637e-07
EFT:1.0104241096782794e-05,2.122547334954209e-06,1.987322000788117e-05,0.499281670416237,6.935296550282277e-09,0.4992816704162441,2.6320519398807075e-09,0.0014041591461476227,9.805874310262393e-08,2.9238684013396224e-07
Random4624
Raw:1.0104241096782938e-05,2.122547334954209e-06,1.987322000788117e-05,0.499281670416237,6.9352965502823754e-09,0.4992816704162441,2.6320519398807824e-09,0.0014041591461476026,9.805874310262393e-08,2.9238684013396637e-07
EFT:1.0104241096782794e-05,2.122547334954209e-06,1.987322000788117e-05,0.499281670416237,6.935296550282277e-09,0.4992816704162441,2.6320519398807075e-09,0.0014041591461476227,9.805874310262393e-08,2.9238684013396224e-07
Random4625
Raw:1.0104241096782867e-05,2.122547334954224e-06,1.987322000788131e-05,0.49928167041624055,6.935296550282326e-09,0.49928167041624055,2.6320519398807265e-09,0.0014041591461476327,9.805874310262462e-08,2.923868401339643e-07
EFT:1.0104241096782794e-05,2.122547334954209e-06,1.987322000788117e-05,0.499281670416237,6.935296550282277e-09,0.4992816704162441,2.6320519398807075e-09,0.0014041591461476227,9.805874310262393e-08,2.9238684013396224e-07
Random4626
Raw:1.0104241096782867e-05,2.122547334954224e-06,1.9873220007881028e-05,0.49928167041624055,6.935296550282326e-09,0.49928167041624055,2.6320519398807265e-09,0.0014041591461476128,9.805874310262462e-08,2.923868401339643e-07
EFT:1.0104241096782794e-05,2.122547334954209e-06,1.987322000788117e-05,0.499281670416237,6.935296550282277e-09,0.4992816704162441,2.6320519398807075e-09,0.0014041591461476227,9.805874310262393e-08,2.9238684013396224e-07
Random4627
Raw:1.0104241096783009e-05,2.122547334954224e-06,1.987322000788131e-05,0.49928167041623345,6.935296550282327e-09,0.49928167041624766,2.6320519398807638e-09,0.0014041591461476327,9.805874310262462e-08,2.923868401339685e-07
EFT:1.0104241096782794e-05,2.122547334954209e-06,1.987322000788117e-05,0.499281670416237,6.935296550282277e-09,0.4992816704162441,2.6320519398807075e-09,0.0014041591461476227,9.805874310262393e-08,2.9238684013396224e-07
Random4628
Raw:1.0104241096782867e-05,2.122547334954224e-06,1.987322000788131e-05,0.49928167041624055,6.935296550282326e-09,0.49928167041624055,2.6320519398807638e-09,0.0014041591461476327,9.805874310262462e-08,2.923868401339643e-07
EFT:1.0104241096782794e-05,2.122547334954209e-06,1.987322000788117e-05,0.499281670416237,6.935296550282277e-09,0.4992816704162441,2.6320519398807075e-09,0.0014041591461476227,9.805874310262393e-08,2.9238684013396224e-07
Random4629
Raw:1.0104241096782938e-05,2.122547334954209e-06,1.9873220007880885e-05,0.499281670416237,6.935296550282277e-09,0.4992816704162441,2.632051939880745e-09,0.0014041591461476227,9.805874310262532e-08,2.9238684013396224e-07
EFT:1.0104241096782794e-05,2.122547334954209e-06,1.987322000788117e-05,0.499281670416237,6.935296550282277e-09,0.4992816704162441,2.6320519398807075e-09,0.0014041591461476227,9.805874310262393e-08,2.9238684013396224e-07
Random4630
Raw:1.0104241096782938e-05,2.1225473349541788e-06,1.9873220007880885e-05,0.499281670416237,6.935296550282277e-09,0.4992816704162441,2.632051939880745e-09,0.0014041591461476026,9.805874310262532e-08,2.9238684013396224e-07
EFT:1.0104241096782794e-05,2.122547334954209e-06,1.987322000788117e-05,0.499281670416237,6.935296550282277e-09,0.4992816704162441,2.6320519398807075e-09,0.0014041591461476227,9.805874310262393e-08,2.9238684013396224e-07
Random4631
Raw:1.0104241096782865e-05,2.122547334954194e-06,1.9873220007881028e-05,0.49928167041623345,6.935296550282327e-09,0.49928167041624766,2.632051939880726e-09,0.0014041591461476126,9.805874310262462e-08,2.9238684013396436e-07
EFT:1.0104241096782794e-05,2.122547334954209e-06,1.987322000788117e-05,0.499281670416237,6.935296550282277e-09,0.4992816704162441,2.6320519398807075e-09,0.0014041591461476227,9.805874310262393e-08,2.9238684013396224e-07
Random4632
Raw:1.0104241096782938e-05,2.122547334954209e-06,1.9873220007880885e-05,0.499281670416237,6.935296550282277e-09,0.4992816704162441,2.632051939880745e-09,0.0014041591461476227,9.805874310262532e-08,2.9238684013396224e-07
EFT:1.0104241096782794e-05,2.122547334954209e-06,1.987322000788117e-05,0.499281670416237,6.935296550282277e-09,0.4992816704162441,2.6320519398807075e-09,0.0014041591461476227,9.805874310262393e-08,2.9238684013396224e-07
Random4633
Raw:1.0104241096782867e-05,2.122547334954224e-06,1.987322000788131e-05,0.49928167041624055,6.935296550282326e-09,0.49928167041624055,2.6320519398807265e-09,0.0014041591461476327,9.805874310262602e-08,2.923868401339643e-07
EFT:1.0104241096782794e-05,2.122547334954209e-06,1.987322000788117e-05,0.499281670416237,6.935296550282277e-09,0.4992816704162441,2.6320519398807075e-09,0.0014041591461476227,9.805874310262393e-08,2.9238684013396224e-07
Random4634
Raw:1.0104241096782867e-05,2.122547334954224e-06,1.987322000788131e-05,0.49928167041624055,6.935296550282326e-09,0.49928167041624055,2.6320519398807265e-09,0.0014041591461476327,9.805874310262323e-08,2.923868401339643e-07
EFT:1.0104241096782794e-05,2.122547334954209e-06,1.987322000788117e-05,0.499281670416237,6.935296550282277e-09,0.4992816704162441,2.6320519398807075e-09,0.0014041591461476227,9.805874310262393e-08,2.9238684013396224e-07
Random4635
Raw:1.0104241096782938e-05,2.122547334954209e-06,1.987322000788117e-05,0.499281670416237,6.9352965502823754e-09,0.4992816704162441,2.632051939880745e-09,0.0014041591461476227,9.805874310262532e-08,2.9238684013396637e-07
EFT:1.0104241096782794e-05,2.122547334954209e-06,1.987322000788117e-05,0.499281670416237,6.935296550282277e-09,0.4992816704162441,2.6320519398807075e-09,0.0014041591461476227,9.805874310262393e-08,2.9238684013396224e-07
Random4636
Raw:1.0104241096782938e-05,2.122547334954209e-06,1.987322000788117e-05,0.499281670416237,6.935296550282277e-09,0.4992816704162441,2.632051939880745e-09,0.0014041591461476427,9.805874310262393e-08,2.9238684013396224e-07
EFT:1.0104241096782794e-05,2.122547334954209e-06,1.987322000788117e-05,0.499281670416237,6.935296550282277e-09,0.4992816704162441,2.6320519398807075e-09,0.0014041591461476227,9.805874310262393e-08,2.9238684013396224e-07
Random4637
Raw:1.0104241096782938e-05,2.122547334954209e-06,1.987322000788117e-05,0.499281670416237,6.9352965502823754e-09,0.4992816704162441,2.632051939880745e-09,0.0014041591461476227,9.805874310262672e-08,2.9238684013396637e-07
EFT:1.0104241096782794e-05,2.122547334954209e-06,1.987322000788117e-05,0.499281670416237,6.935296550282277e-09,0.4992816704162441,2.6320519398807075e-09,0.0014041591461476227,9.805874310262393e-08,2.9238684013396224e-07
Random4638
Raw:1.0104241096782865e-05,2.122547334954194e-06,1.9873220007881028e-05,0.49928167041623345,6.935296550282327e-09,0.49928167041624766,2.632051939880726e-09,0.0014041591461476126,9.805874310262462e-08,2.9238684013396436e-07
EFT:1.0104241096782794e-05,2.122547334954209e-06,1.987322000788117e-05,0.499281670416237,6.935296550282277e-09,0.4992816704162441,2.6320519398807075e-09,0.0014041591461476227,9.805874310262393e-08,2.9238684013396224e-07
Random4639
Raw:1.0104241096782865e-05,2.122547334954194e-06,1.9873220007880747e-05,0.49928167041623345,6.935296550282327e-09,0.49928167041624766,2.6320519398807638e-09,0.0014041591461476126,9.805874310262462e-08,2.9238684013396436e-07
EFT:1.0104241096782794e-05,2.122547334954209e-06,1.987322000788117e-05,0.499281670416237,6.935296550282277e-09,0.4992816704162441,2.6320519398807075e-09,0.0014041591461476227,9.805874310262393e-08,2.9238684013396224e-07
Random4640
Raw:1.0104241096782867e-05,2.122547334954194e-06,1.9873220007881028e-05,0.49928167041624055,6.935296550282326e-09,0.49928167041624055,2.6320519398807265e-09,0.0014041591461476128,9.805874310262323e-08,2.923868401339643e-07
EFT:1.0104241096782794e-05,2.122547334954209e-06,1.987322000788117e-05,0.499281670416237,6.935296550282277e-09,0.4992816704162441,2.6320519398807075e-09,0.0014041591461476227,9.805874310262393e-08,2.9238684013396224e-07
Random4641
Raw:1.0104241096783009e-05,2.122547334954194e-06,1.9873220007881028e-05,0.49928167041623345,6.935296550282327e-09,0.49928167041624766,2.6320519398807638e-09,0.0014041591461476327,9.805874310262462e-08,2.9238684013396436e-07
EFT:1.0104241096782794e-05,2.122547334954209e-06,1.987322000788117e-05,0.499281670416237,6.935296550282277e-09,0.4992816704162441,2.6320519398807075e-09,0.0014041591461476227,9.805874310262393e-08,2.9238684013396224e-07
Random4642
Raw:1.0104241096782867e-05,2.122547334954194e-06,1.9873220007881028e-05,0.49928167041624055,6.935296550282326e-09,0.49928167041624055,2.6320519398807265e-09,0.0014041591461476128,9.805874310262323e-08,2.923868401339643e-07
EFT:1.0104241096782794e-05,2.122547334954209e-06,1.987322000788117e-05,0.499281670416237,6.935296550282277e-09,0.4992816704162441,2.6320519398807075e-09,0.0014041591461476227,9.805874310262393e-08,2.9238684013396224e-07
Random4643
Raw:1.0104241096783009e-05,2.122547334954224e-06,1.987322000788131e-05,0.49928167041623345,6.935296550282327e-09,0.49928167041624766,2.6320519398807638e-09,0.0014041591461476327,9.805874310262462e-08,2.923868401339685e-07
EFT:1.0104241096782794e-05,2.122547334954209e-06,1.987322000788117e-05,0.499281670416237,6.935296550282277e-09,0.4992816704162441,2.6320519398807075e-09,0.0014041591461476227,9.805874310262393e-08,2.9238684013396224e-07
Random4644
Raw:1.0104241096782938e-05,2.122547334954209e-06,1.987322000788117e-05,0.499281670416237,6.9352965502823754e-09,0.4992816704162441,2.632051939880745e-09,0.0014041591461476227,9.805874310262532e-08,2.9238684013396637e-07
EFT:1.0104241096782794e-05,2.122547334954209e-06,1.987322000788117e-05,0.499281670416237,6.935296550282277e-09,0.4992816704162441,2.6320519398807075e-09,0.0014041591461476227,9.805874310262393e-08,2.9238684013396224e-07
Random4645
Raw:1.0104241096782938e-05,2.1225473349541788e-06,1.9873220007880885e-05,0.499281670416237,6.935296550282277e-09,0.4992816704162441,2.632051939880745e-09,0.0014041591461476026,9.805874310262532e-08,2.9238684013396224e-07
EFT:1.0104241096782794e-05,2.122547334954209e-06,1.987322000788117e-05,0.499281670416237,6.935296550282277e-09,0.4992816704162441,2.6320519398807075e-09,0.0014041591461476227,9.805874310262393e-08,2.9238684013396224e-07
Random4646
Raw:1.0104241096782867e-05,2.122547334954224e-06,1.9873220007881028e-05,0.49928167041624055,6.935296550282326e-09,0.49928167041624055,2.6320519398807638e-09,0.0014041591461476128,9.805874310262462e-08,2.923868401339643e-07
EFT:1.0104241096782794e-05,2.122547334954209e-06,1.987322000788117e-05,0.499281670416237,6.935296550282277e-09,0.4992816704162441,2.6320519398807075e-09,0.0014041591461476227,9.805874310262393e-08,2.9238684013396224e-07
Random4647
Raw:1.0104241096782794e-05,2.122547334954209e-06,1.9873220007880885e-05,0.499281670416237,6.9352965502821786e-09,0.4992816704162441,2.6320519398807075e-09,0.0014041591461476026,9.805874310262393e-08,2.9238684013396224e-07
EFT:1.0104241096782794e-05,2.122547334954209e-06,1.987322000788117e-05,0.499281670416237,6.935296550282277e-09,0.4992816704162441,2.6320519398807075e-09,0.0014041591461476227,9.805874310262393e-08,2.9238684013396224e-07
Random4648
Raw:1.0104241096782938e-05,2.122547334954209e-06,1.987322000788117e-05,0.499281670416237,6.935296550282277e-09,0.4992816704162441,2.632051939880745e-09,0.0014041591461476427,9.805874310262393e-08,2.9238684013396224e-07
EFT:1.0104241096782794e-05,2.122547334954209e-06,1.987322000788117e-05,0.499281670416237,6.935296550282277e-09,0.4992816704162441,2.6320519398807075e-09,0.0014041591461476227,9.805874310262393e-08,2.9238684013396224e-07
Random4649
Raw:1.0104241096782867e-05,2.122547334954224e-06,1.9873220007881028e-05,0.49928167041624055,6.935296550282326e-09,0.49928167041624055,2.6320519398807265e-09,0.0014041591461476128,9.805874310262462e-08,2.923868401339643e-07
EFT:1.0104241096782794e-05,2.122547334954209e-06,1.987322000788117e-05,0.499281670416237,6.935296550282277e-09,0.4992816704162441,2.6320519398807075e-09,0.0014041591461476227,9.805874310262393e-08,2.9238684013396224e-07
Random4650
Raw:1.0104241096782938e-05,2.122547334954209e-06,1.9873220007880885e-05,0.499281670416237,6.935296550282277e-09,0.4992816704162441,2.632051939880745e-09,0.0014041591461476227,9.805874310262532e-08,2.9238684013396224e-07
EFT:1.0104241096782794e-05,2.122547334954209e-06,1.987322000788117e-05,0.499281670416237,6.935296550282277e-09,0.4992816704162441,2.6320519398807075e-09,0.0014041591461476227,9.805874310262393e-08,2.9238684013396224e-07
Random4651
Raw:1.0104241096782865e-05,2.122547334954194e-06,1.9873220007881028e-05,0.49928167041623345,6.935296550282327e-09,0.49928167041624766,2.6320519398807638e-09,0.0014041591461476126,9.805874310262324e-08,2.9238684013396436e-07
EFT:1.0104241096782794e-05,2.122547334954209e-06,1.987322000788117e-05,0.499281670416237,6.935296550282277e-09,0.4992816704162441,2.6320519398807075e-09,0.0014041591461476227,9.805874310262393e-08,2.9238684013396224e-07
Random4652
Raw:1.0104241096782865e-05,2.122547334954194e-06,1.9873220007881028e-05,0.49928167041623345,6.935296550282228e-09,0.49928167041624766,2.632051939880726e-09,0.0014041591461476327,9.805874310262184e-08,2.923868401339602e-07
EFT:1.0104241096782794e-05,2.122547334954209e-06,1.987322000788117e-05,0.499281670416237,6.935296550282277e-09,0.4992816704162441,2.6320519398807075e-09,0.0014041591461476227,9.805874310262393e-08,2.9238684013396224e-07
Random4653
Raw:1.0104241096782794e-05,2.122547334954209e-06,1.987322000788117e-05,0.499281670416237,6.9352965502821786e-09,0.4992816704162441,2.632051939880745e-09,0.0014041591461476227,9.805874310262254e-08,2.9238684013396224e-07
EFT:1.0104241096782794e-05,2.122547334954209e-06,1.987322000788117e-05,0.499281670416237,6.935296550282277e-09,0.4992816704162441,2.6320519398807075e-09,0.0014041591461476227,9.805874310262393e-08,2.9238684013396224e-07
Random4654
Raw:1.0104241096783009e-05,2.122547334954224e-06,1.987322000788131e-05,0.49928167041623345,6.935296550282424e-09,0.49928167041624766,2.6320519398807638e-09,0.0014041591461476327,9.805874310262601e-08,2.923868401339685e-07
EFT:1.0104241096782794e-05,2.122547334954209e-06,1.987322000788117e-05,0.499281670416237,6.935296550282277e-09,0.4992816704162441,2.6320519398807075e-09,0.0014041591461476227,9.805874310262393e-08,2.9238684013396224e-07
Random4655
Raw:1.0104241096782938e-05,2.122547334954209e-06,1.9873220007880885e-05,0.499281670416237,6.935296550282277e-09,0.4992816704162441,2.632051939880745e-09,0.0014041591461476227,9.805874310262532e-08,2.9238684013396224e-07
EFT:1.0104241096782794e-05,2.122547334954209e-06,1.987322000788117e-05,0.499281670416237,6.935296550282277e-09,0.4992816704162441,2.6320519398807075e-09,0.0014041591461476227,9.805874310262393e-08,2.9238684013396224e-07
Random4656
Raw:1.0104241096782938e-05,2.122547334954239e-06,1.987322000788145e-05,0.499281670416237,6.935296550282277e-09,0.4992816704162441,2.632051939880745e-09,0.0014041591461476227,9.805874310262532e-08,2.9238684013396224e-07
EFT:1.0104241096782794e-05,2.122547334954209e-06,1.987322000788117e-05,0.499281670416237,6.935296550282277e-09,0.4992816704162441,2.6320519398807075e-09,0.0014041591461476227,9.805874310262393e-08,2.9238684013396224e-07
Random4657
Raw:1.0104241096782938e-05,2.122547334954209e-06,1.9873220007880885e-05,0.499281670416237,6.935296550282277e-09,0.4992816704162441,2.632051939880745e-09,0.0014041591461476227,9.805874310262532e-08,2.9238684013396224e-07
EFT:1.0104241096782794e-05,2.122547334954209e-06,1.987322000788117e-05,0.499281670416237,6.935296550282277e-09,0.4992816704162441,2.6320519398807075e-09,0.0014041591461476227,9.805874310262393e-08,2.9238684013396224e-07
Random4658
Raw:1.0104241096782867e-05,2.122547334954224e-06,1.987322000788131e-05,0.49928167041624055,6.935296550282326e-09,0.49928167041624055,2.6320519398807638e-09,0.0014041591461476128,9.805874310262462e-08,2.923868401339643e-07
EFT:1.0104241096782794e-05,2.122547334954209e-06,1.987322000788117e-05,0.499281670416237,6.935296550282277e-09,0.4992816704162441,2.6320519398807075e-09,0.0014041591461476227,9.805874310262393e-08,2.9238684013396224e-07
Random4659
Raw:1.010424109678301e-05,2.122547334954224e-06,1.987322000788131e-05,0.49928167041624055,6.935296550282425e-09,0.49928167041624055,2.6320519398807638e-09,0.0014041591461476327,9.805874310262602e-08,2.923868401339685e-07
EFT:1.0104241096782794e-05,2.122547334954209e-06,1.987322000788117e-05,0.499281670416237,6.935296550282277e-09,0.4992816704162441,2.6320519398807075e-09,0.0014041591461476227,9.805874310262393e-08,2.9238684013396224e-07
Random4660
Raw:1.0104241096783009e-05,2.122547334954224e-06,1.9873220007881028e-05,0.49928167041623345,6.935296550282424e-09,0.49928167041624766,2.632051939880801e-09,0.0014041591461476126,9.805874310262462e-08,2.923868401339685e-07
EFT:1.0104241096782794e-05,2.122547334954209e-06,1.987322000788117e-05,0.499281670416237,6.935296550282277e-09,0.4992816704162441,2.6320519398807075e-09,0.0014041591461476227,9.805874310262393e-08,2.9238684013396224e-07
Random4661
Raw:1.0104241096782938e-05,2.122547334954209e-06,1.987322000788117e-05,0.499281670416237,6.9352965502823754e-09,0.4992816704162441,2.6320519398807824e-09,0.0014041591461476026,9.805874310262393e-08,2.9238684013396637e-07
EFT:1.0104241096782794e-05,2.122547334954209e-06,1.987322000788117e-05,0.499281670416237,6.935296550282277e-09,0.4992816704162441,2.6320519398807075e-09,0.0014041591461476227,9.805874310262393e-08,2.9238684013396224e-07
Random4662
Raw:1.0104241096782938e-05,2.122547334954209e-06,1.987322000788117e-05,0.499281670416237,6.935296550282277e-09,0.4992816704162441,2.632051939880745e-09,0.0014041591461476227,9.805874310262532e-08,2.9238684013396224e-07
EFT:1.0104241096782794e-05,2.122547334954209e-06,1.987322000788117e-05,0.499281670416237,6.935296550282277e-09,0.4992816704162441,2.6320519398807075e-09,0.0014041591461476227,9.805874310262393e-08,2.9238684013396224e-07
Random4663
Raw:1.0104241096782938e-05,2.122547334954209e-06,1.987322000788117e-05,0.499281670416237,6.935296550282277e-09,0.4992816704162441,2.632051939880745e-09,0.0014041591461476227,9.805874310262532e-08,2.9238684013396224e-07
EFT:1.0104241096782794e-05,2.122547334954209e-06,1.987322000788117e-05,0.499281670416237,6.935296550282277e-09,0.4992816704162441,2.6320519398807075e-09,0.0014041591461476227,9.805874310262393e-08,2.9238684013396224e-07
Random4664
Raw:1.0104241096783009e-05,2.122547334954224e-06,1.987322000788131e-05,0.49928167041623345,6.935296550282327e-09,0.49928167041624766,2.6320519398807638e-09,0.0014041591461476327,9.805874310262462e-08,2.923868401339685e-07
EFT:1.0104241096782794e-05,2.122547334954209e-06,1.987322000788117e-05,0.499281670416237,6.935296550282277e-09,0.4992816704162441,2.6320519398807075e-09,0.0014041591461476227,9.805874310262393e-08,2.9238684013396224e-07
Random4665
Raw:1.0104241096782794e-05,2.122547334954209e-06,1.987322000788117e-05,0.4992816704162441,6.935296550282277e-09,0.499281670416237,2.63205193988067e-09,0.0014041591461476227,9.805874310262254e-08,2.9238684013396224e-07
EFT:1.0104241096782794e-05,2.122547334954209e-06,1.987322000788117e-05,0.499281670416237,6.935296550282277e-09,0.4992816704162441,2.6320519398807075e-09,0.0014041591461476227,9.805874310262393e-08,2.9238684013396224e-07
Random4666
Raw:1.0104241096782794e-05,2.1225473349541788e-06,1.9873220007880885e-05,0.499281670416237,6.935296550282277e-09,0.4992816704162441,2.632051939880745e-09,0.0014041591461476026,9.805874310262254e-08,2.9238684013396224e-07
EFT:1.0104241096782794e-05,2.122547334954209e-06,1.987322000788117e-05,0.499281670416237,6.935296550282277e-09,0.4992816704162441,2.6320519398807075e-09,0.0014041591461476227,9.805874310262393e-08,2.9238684013396224e-07
Random4667
Raw:1.0104241096782867e-05,2.122547334954194e-06,1.9873220007881028e-05,0.49928167041624055,6.935296550282326e-09,0.49928167041624055,2.6320519398807265e-09,0.0014041591461476128,9.805874310262323e-08,2.923868401339643e-07
EFT:1.0104241096782794e-05,2.122547334954209e-06,1.987322000788117e-05,0.499281670416237,6.935296550282277e-09,0.4992816704162441,2.6320519398807075e-09,0.0014041591461476227,9.805874310262393e-08,2.9238684013396224e-07
Random4668
Raw:1.0104241096782794e-05,2.122547334954209e-06,1.987322000788117e-05,0.499281670416237,6.935296550282277e-09,0.4992816704162441,2.6320519398807075e-09,0.0014041591461476227,9.805874310262393e-08,2.9238684013396224e-07
EFT:1.0104241096782794e-05,2.122547334954209e-06,1.987322000788117e-05,0.499281670416237,6.935296550282277e-09,0.4992816704162441,2.6320519398807075e-09,0.0014041591461476227,9.805874310262393e-08,2.9238684013396224e-07
Random4669
Raw:1.0104241096782938e-05,2.122547334954239e-06,1.987322000788145e-05,0.499281670416237,6.935296550282277e-09,0.4992816704162441,2.632051939880745e-09,0.0014041591461476227,9.805874310262532e-08,2.9238684013396224e-07
EFT:1.0104241096782794e-05,2.122547334954209e-06,1.987322000788117e-05,0.499281670416237,6.935296550282277e-09,0.4992816704162441,2.6320519398807075e-09,0.0014041591461476227,9.805874310262393e-08,2.9238684013396224e-07
Random4670
Raw:1.0104241096782938e-05,2.122547334954239e-06,1.987322000788145e-05,0.499281670416237,6.935296550282277e-09,0.4992816704162441,2.632051939880745e-09,0.0014041591461476427,9.805874310262393e-08,2.9238684013396637e-07
EFT:1.0104241096782794e-05,2.122547334954209e-06,1.987322000788117e-05,0.499281670416237,6.935296550282277e-09,0.4992816704162441,2.6320519398807075e-09,0.0014041591461476227,9.805874310262393e-08,2.9238684013396224e-07
Random4671
Raw:1.0104241096782794e-05,2.122547334954209e-06,1.987322000788117e-05,0.499281670416237,6.9352965502821786e-09,0.4992816704162441,2.632051939880745e-09,0.0014041591461476227,9.805874310262254e-08,2.9238684013396224e-07
EFT:1.0104241096782794e-05,2.122547334954209e-06,1.987322000788117e-05,0.499281670416237,6.935296550282277e-09,0.4992816704162441,2.6320519398807075e-09,0.0014041591461476227,9.805874310262393e-08,2.9238684013396224e-07
Random4672
Raw:1.0104241096782794e-05,2.122547334954209e-06,1.987322000788117e-05,0.499281670416237,6.935296550282277e-09,0.4992816704162441,2.6320519398807075e-09,0.0014041591461476026,9.805874310262393e-08,2.9238684013396224e-07
EFT:1.0104241096782794e-05,2.122547334954209e-06,1.987322000788117e-05,0.499281670416237,6.935296550282277e-09,0.4992816704162441,2.6320519398807075e-09,0.0014041591461476227,9.805874310262393e-08,2.9238684013396224e-07
Random4673
Raw:1.0104241096782867e-05,2.122547334954224e-06,1.9873220007881028e-05,0.49928167041624055,6.935296550282326e-09,0.49928167041624055,2.6320519398807638e-09,0.0014041591461476128,9.805874310262462e-08,2.923868401339643e-07
EFT:1.0104241096782794e-05,2.122547334954209e-06,1.987322000788117e-05,0.499281670416237,6.935296550282277e-09,0.4992816704162441,2.6320519398807075e-09,0.0014041591461476227,9.805874310262393e-08,2.9238684013396224e-07
Random4674
Raw:1.0104241096782938e-05,2.122547334954239e-06,1.987322000788117e-05,0.499281670416237,6.935296550282277e-09,0.4992816704162441,2.632051939880745e-09,0.0014041591461476427,9.805874310262532e-08,2.9238684013396224e-07
EFT:1.0104241096782794e-05,2.122547334954209e-06,1.987322000788117e-05,0.499281670416237,6.935296550282277e-09,0.4992816704162441,2.6320519398807075e-09,0.0014041591461476227,9.805874310262393e-08,2.9238684013396224e-07
Random4675
Raw:1.0104241096782938e-05,2.122547334954239e-06,1.987322000788145e-05,0.499281670416237,6.935296550282277e-09,0.4992816704162441,2.632051939880745e-09,0.0014041591461476427,9.805874310262532e-08,2.9238684013396224e-07
EFT:1.0104241096782794e-05,2.122547334954209e-06,1.987322000788117e-05,0.499281670416237,6.935296550282277e-09,0.4992816704162441,2.6320519398807075e-09,0.0014041591461476227,9.805874310262393e-08,2.9238684013396224e-07
Random4676
Raw:1.0104241096782938e-05,2.122547334954239e-06,1.9873220007880885e-05,0.499281670416237,6.935296550282277e-09,0.4992816704162441,2.632051939880745e-09,0.0014041591461476227,9.805874310262532e-08,2.9238684013396224e-07
EFT:1.0104241096782794e-05,2.122547334954209e-06,1.987322000788117e-05,0.499281670416237,6.935296550282277e-09,0.4992816704162441,2.6320519398807075e-09,0.0014041591461476227,9.805874310262393e-08,2.9238684013396224e-07
Random4677
Raw:1.0104241096782867e-05,2.122547334954224e-06,1.987322000788131e-05,0.49928167041624055,6.935296550282326e-09,0.49928167041624055,2.6320519398807638e-09,0.0014041591461476327,9.805874310262462e-08,2.923868401339643e-07
EFT:1.0104241096782794e-05,2.122547334954209e-06,1.987322000788117e-05,0.499281670416237,6.935296550282277e-09,0.4992816704162441,2.6320519398807075e-09,0.0014041591461476227,9.805874310262393e-08,2.9238684013396224e-07
Random4678
Raw:1.0104241096782865e-05,2.122547334954194e-06,1.9873220007881028e-05,0.49928167041623345,6.935296550282327e-09,0.49928167041624766,2.632051939880726e-09,0.0014041591461476126,9.805874310262462e-08,2.9238684013396436e-07
EFT:1.0104241096782794e-05,2.122547334954209e-06,1.987322000788117e-05,0.499281670416237,6.935296550282277e-09,0.4992816704162441,2.6320519398807075e-09,0.0014041591461476227,9.805874310262393e-08,2.9238684013396224e-07
Random4679
Raw:1.0104241096783009e-05,2.122547334954224e-06,1.9873220007881028e-05,0.49928167041623345,6.935296550282327e-09,0.49928167041624766,2.6320519398807638e-09,0.0014041591461476327,9.805874310262601e-08,2.9238684013396436e-07
EFT:1.0104241096782794e-05,2.122547334954209e-06,1.987322000788117e-05,0.499281670416237,6.935296550282277e-09,0.4992816704162441,2.6320519398807075e-09,0.0014041591461476227,9.805874310262393e-08,2.9238684013396224e-07
Random4680
Raw:1.0104241096782938e-05,2.122547334954209e-06,1.987322000788117e-05,0.499281670416237,6.935296550282277e-09,0.4992816704162441,2.632051939880745e-09,0.0014041591461476427,9.805874310262393e-08,2.9238684013396224e-07
EFT:1.0104241096782794e-05,2.122547334954209e-06,1.987322000788117e-05,0.499281670416237,6.935296550282277e-09,0.4992816704162441,2.6320519398807075e-09,0.0014041591461476227,9.805874310262393e-08,2.9238684013396224e-07
Random4681
Raw:1.0104241096783009e-05,2.122547334954194e-06,1.9873220007881028e-05,0.49928167041623345,6.935296550282327e-09,0.49928167041624766,2.6320519398807638e-09,0.0014041591461476327,9.805874310262462e-08,2.9238684013396436e-07
EFT:1.0104241096782794e-05,2.122547334954209e-06,1.987322000788117e-05,0.499281670416237,6.935296550282277e-09,0.4992816704162441,2.6320519398807075e-09,0.0014041591461476227,9.805874310262393e-08,2.9238684013396224e-07
Random4682
Raw:1.0104241096783009e-05,2.122547334954194e-06,1.9873220007881028e-05,0.49928167041623345,6.935296550282327e-09,0.49928167041624766,2.6320519398807638e-09,0.0014041591461476327,9.805874310262462e-08,2.9238684013396436e-07
EFT:1.0104241096782794e-05,2.122547334954209e-06,1.987322000788117e-05,0.499281670416237,6.935296550282277e-09,0.4992816704162441,2.6320519398807075e-09,0.0014041591461476227,9.805874310262393e-08,2.9238684013396224e-07
Random4683
Raw:1.0104241096782938e-05,2.122547334954239e-06,1.9873220007880885e-05,0.499281670416237,6.935296550282277e-09,0.4992816704162441,2.632051939880745e-09,0.0014041591461476227,9.805874310262532e-08,2.9238684013396224e-07
EFT:1.0104241096782794e-05,2.122547334954209e-06,1.987322000788117e-05,0.499281670416237,6.935296550282277e-09,0.4992816704162441,2.6320519398807075e-09,0.0014041591461476227,9.805874310262393e-08,2.9238684013396224e-07
Random4684
Raw:1.0104241096782938e-05,2.1225473349541788e-06,1.9873220007880885e-05,0.499281670416237,6.935296550282277e-09,0.4992816704162441,2.632051939880745e-09,0.0014041591461476026,9.805874310262532e-08,2.9238684013396224e-07
EFT:1.0104241096782794e-05,2.122547334954209e-06,1.987322000788117e-05,0.499281670416237,6.935296550282277e-09,0.4992816704162441,2.6320519398807075e-09,0.0014041591461476227,9.805874310262393e-08,2.9238684013396224e-07
Random4685
Raw:1.0104241096782867e-05,2.122547334954194e-06,1.9873220007881028e-05,0.49928167041624055,6.935296550282326e-09,0.49928167041624055,2.6320519398807265e-09,0.0014041591461476128,9.805874310262323e-08,2.923868401339643e-07
EFT:1.0104241096782794e-05,2.122547334954209e-06,1.987322000788117e-05,0.499281670416237,6.935296550282277e-09,0.4992816704162441,2.6320519398807075e-09,0.0014041591461476227,9.805874310262393e-08,2.9238684013396224e-07
Random4686
Raw:1.0104241096782867e-05,2.122547334954224e-06,1.987322000788131e-05,0.49928167041624055,6.935296550282326e-09,0.49928167041624055,2.6320519398807265e-09,0.0014041591461476327,9.805874310262462e-08,2.923868401339643e-07
EFT:1.0104241096782794e-05,2.122547334954209e-06,1.987322000788117e-05,0.499281670416237,6.935296550282277e-09,0.4992816704162441,2.6320519398807075e-09,0.0014041591461476227,9.805874310262393e-08,2.9238684013396224e-07
Random4687
Raw:1.0104241096783082e-05,2.122547334954239e-06,1.9873220007881167e-05,0.4992816704162299,6.9352965502823754e-09,0.49928167041625116,2.6320519398808196e-09,0.0014041591461476225,9.805874310262671e-08,2.923868401339664e-07
EFT:1.0104241096782794e-05,2.122547334954209e-06,1.987322000788117e-05,0.499281670416237,6.935296550282277e-09,0.4992816704162441,2.6320519398807075e-09,0.0014041591461476227,9.805874310262393e-08,2.9238684013396224e-07
Random4688
Raw:1.0104241096782938e-05,2.122547334954209e-06,1.987322000788117e-05,0.499281670416237,6.9352965502823754e-09,0.4992816704162441,2.632051939880745e-09,0.0014041591461476227,9.805874310262393e-08,2.9238684013396637e-07
EFT:1.0104241096782794e-05,2.122547334954209e-06,1.987322000788117e-05,0.499281670416237,6.935296550282277e-09,0.4992816704162441,2.6320519398807075e-09,0.0014041591461476227,9.805874310262393e-08,2.9238684013396224e-07
Random4689
Raw:1.0104241096782865e-05,2.122547334954194e-06,1.9873220007881028e-05,0.49928167041623345,6.935296550282228e-09,0.49928167041624766,2.632051939880726e-09,0.0014041591461476126,9.805874310262462e-08,2.9238684013396436e-07
EFT:1.0104241096782794e-05,2.122547334954209e-06,1.987322000788117e-05,0.499281670416237,6.935296550282277e-09,0.4992816704162441,2.6320519398807075e-09,0.0014041591461476227,9.805874310262393e-08,2.9238684013396224e-07
Random4690
Raw:1.0104241096782865e-05,2.122547334954194e-06,1.9873220007881028e-05,0.49928167041623345,6.935296550282228e-09,0.49928167041624766,2.632051939880726e-09,0.0014041591461476126,9.805874310262462e-08,2.9238684013396436e-07
EFT:1.0104241096782794e-05,2.122547334954209e-06,1.987322000788117e-05,0.499281670416237,6.935296550282277e-09,0.4992816704162441,2.6320519398807075e-09,0.0014041591461476227,9.805874310262393e-08,2.9238684013396224e-07
Random4691
Raw:1.0104241096782938e-05,2.122547334954239e-06,1.9873220007880885e-05,0.499281670416237,6.935296550282277e-09,0.4992816704162441,2.632051939880745e-09,0.0014041591461476227,9.805874310262532e-08,2.9238684013396224e-07
EFT:1.0104241096782794e-05,2.122547334954209e-06,1.987322000788117e-05,0.499281670416237,6.935296550282277e-09,0.4992816704162441,2.6320519398807075e-09,0.0014041591461476227,9.805874310262393e-08,2.9238684013396224e-07
Random4692
Raw:1.0104241096783009e-05,2.122547334954194e-06,1.9873220007881028e-05,0.49928167041623345,6.935296550282327e-09,0.49928167041624766,2.6320519398807638e-09,0.0014041591461476327,9.805874310262462e-08,2.9238684013396436e-07
EFT:1.0104241096782794e-05,2.122547334954209e-06,1.987322000788117e-05,0.499281670416237,6.935296550282277e-09,0.4992816704162441,2.6320519398807075e-09,0.0014041591461476227,9.805874310262393e-08,2.9238684013396224e-07
Random4693
Raw:1.0104241096783009e-05,2.122547334954194e-06,1.9873220007881028e-05,0.49928167041623345,6.935296550282327e-09,0.49928167041624766,2.6320519398807638e-09,0.0014041591461476327,9.805874310262462e-08,2.9238684013396436e-07
EFT:1.0104241096782794e-05,2.122547334954209e-06,1.987322000788117e-05,0.499281670416237,6.935296550282277e-09,0.4992816704162441,2.6320519398807075e-09,0.0014041591461476227,9.805874310262393e-08,2.9238684013396224e-07
Random4694
Raw:1.0104241096783009e-05,2.122547334954194e-06,1.9873220007881028e-05,0.49928167041623345,6.935296550282327e-09,0.49928167041624766,2.6320519398807638e-09,0.0014041591461476126,9.805874310262601e-08,2.9238684013396436e-07
EFT:1.0104241096782794e-05,2.122547334954209e-06,1.987322000788117e-05,0.499281670416237,6.935296550282277e-09,0.4992816704162441,2.6320519398807075e-09,0.0014041591461476227,9.805874310262393e-08,2.9238684013396224e-07
Random4695
Raw:1.0104241096782938e-05,2.122547334954209e-06,1.987322000788117e-05,0.499281670416237,6.935296550282277e-09,0.4992816704162441,2.632051939880745e-09,0.0014041591461476427,9.805874310262393e-08,2.9238684013396224e-07
EFT:1.0104241096782794e-05,2.122547334954209e-06,1.987322000788117e-05,0.499281670416237,6.935296550282277e-09,0.4992816704162441,2.6320519398807075e-09,0.0014041591461476227,9.805874310262393e-08,2.9238684013396224e-07
Random4696
Raw:1.0104241096782794e-05,2.122547334954209e-06,1.987322000788117e-05,0.499281670416237,6.935296550282277e-09,0.4992816704162441,2.6320519398807075e-09,0.0014041591461476227,9.805874310262393e-08,2.9238684013396224e-07
EFT:1.0104241096782794e-05,2.122547334954209e-06,1.987322000788117e-05,0.499281670416237,6.935296550282277e-09,0.4992816704162441,2.6320519398807075e-09,0.0014041591461476227,9.805874310262393e-08,2.9238684013396224e-07
Random4697
Raw:1.0104241096782867e-05,2.122547334954224e-06,1.987322000788131e-05,0.49928167041624055,6.935296550282326e-09,0.49928167041624055,2.6320519398807265e-09,0.0014041591461476327,9.805874310262462e-08,2.923868401339643e-07
EFT:1.0104241096782794e-05,2.122547334954209e-06,1.987322000788117e-05,0.499281670416237,6.935296550282277e-09,0.4992816704162441,2.6320519398807075e-09,0.0014041591461476227,9.805874310262393e-08,2.9238684013396224e-07
Random4698
Raw:1.0104241096782938e-05,2.122547334954239e-06,1.987322000788145e-05,0.499281670416237,6.935296550282277e-09,0.4992816704162441,2.632051939880745e-09,0.0014041591461476427,9.805874310262393e-08,2.9238684013396637e-07
EFT:1.0104241096782794e-05,2.122547334954209e-06,1.987322000788117e-05,0.499281670416237,6.935296550282277e-09,0.4992816704162441,2.6320519398807075e-09,0.0014041591461476227,9.805874310262393e-08,2.9238684013396224e-07
Random4699
Raw:1.0104241096783009e-05,2.122547334954224e-06,1.9873220007881028e-05,0.49928167041623345,6.935296550282327e-09,0.49928167041624766,2.6320519398807638e-09,0.0014041591461476327,9.805874310262601e-08,2.9238684013396436e-07
EFT:1.0104241096782794e-05,2.122547334954209e-06,1.987322000788117e-05,0.499281670416237,6.935296550282277e-09,0.4992816704162441,2.6320519398807075e-09,0.0014041591461476227,9.805874310262393e-08,2.9238684013396224e-07
Random4700
Raw:1.0104241096782794e-05,2.122547334954209e-06,1.987322000788117e-05,0.499281670416237,6.935296550282277e-09,0.4992816704162441,2.632051939880745e-09,0.0014041591461476227,9.805874310262254e-08,2.9238684013396224e-07
EFT:1.0104241096782794e-05,2.122547334954209e-06,1.987322000788117e-05,0.499281670416237,6.935296550282277e-09,0.4992816704162441,2.6320519398807075e-09,0.0014041591461476227,9.805874310262393e-08,2.9238684013396224e-07
Random4701
Raw:1.0104241096782938e-05,2.122547334954209e-06,1.987322000788117e-05,0.499281670416237,6.935296550282277e-09,0.4992816704162441,2.632051939880745e-09,0.0014041591461476227,9.805874310262532e-08,2.9238684013396224e-07
EFT:1.0104241096782794e-05,2.122547334954209e-06,1.987322000788117e-05,0.499281670416237,6.935296550282277e-09,0.4992816704162441,2.6320519398807075e-09,0.0014041591461476227,9.805874310262393e-08,2.9238684013396224e-07
Random4702
Raw:1.0104241096783009e-05,2.122547334954224e-06,1.987322000788131e-05,0.49928167041623345,6.935296550282424e-09,0.49928167041624766,2.6320519398807638e-09,0.0014041591461476327,9.805874310262601e-08,2.923868401339685e-07
EFT:1.0104241096782794e-05,2.122547334954209e-06,1.987322000788117e-05,0.499281670416237,6.935296550282277e-09,0.4992816704162441,2.6320519398807075e-09,0.0014041591461476227,9.805874310262393e-08,2.9238684013396224e-07
Random4703
Raw:1.0104241096782938e-05,2.122547334954239e-06,1.9873220007880885e-05,0.499281670416237,6.935296550282277e-09,0.4992816704162441,2.632051939880745e-09,0.0014041591461476227,9.805874310262532e-08,2.9238684013396224e-07
EFT:1.0104241096782794e-05,2.122547334954209e-06,1.987322000788117e-05,0.499281670416237,6.935296550282277e-09,0.4992816704162441,2.6320519398807075e-09,0.0014041591461476227,9.805874310262393e-08,2.9238684013396224e-07
Random4704
Raw:1.0104241096782867e-05,2.122547334954224e-06,1.9873220007881028e-05,0.49928167041624055,6.935296550282326e-09,0.49928167041624055,2.6320519398807265e-09,0.0014041591461476327,9.805874310262323e-08,2.923868401339643e-07
EFT:1.0104241096782794e-05,2.122547334954209e-06,1.987322000788117e-05,0.499281670416237,6.935296550282277e-09,0.4992816704162441,2.6320519398807075e-09,0.0014041591461476227,9.805874310262393e-08,2.9238684013396224e-07
Random4705
Raw:1.0104241096783009e-05,2.122547334954224e-06,1.987322000788131e-05,0.49928167041623345,6.935296550282327e-09,0.49928167041624766,2.6320519398807638e-09,0.0014041591461476327,9.805874310262462e-08,2.923868401339685e-07
EFT:1.0104241096782794e-05,2.122547334954209e-06,1.987322000788117e-05,0.499281670416237,6.935296550282277e-09,0.4992816704162441,2.6320519398807075e-09,0.0014041591461476227,9.805874310262393e-08,2.9238684013396224e-07
Random4706
Raw:1.0104241096782867e-05,2.122547334954194e-06,1.9873220007881028e-05,0.49928167041624055,6.935296550282326e-09,0.49928167041624055,2.6320519398807265e-09,0.0014041591461476128,9.805874310262323e-08,2.923868401339643e-07
EFT:1.0104241096782794e-05,2.122547334954209e-06,1.987322000788117e-05,0.499281670416237,6.935296550282277e-09,0.4992816704162441,2.6320519398807075e-09,0.0014041591461476227,9.805874310262393e-08,2.9238684013396224e-07
Random4707
Raw:1.0104241096782867e-05,2.122547334954224e-06,1.987322000788131e-05,0.49928167041624055,6.935296550282326e-09,0.49928167041624055,2.6320519398807265e-09,0.0014041591461476327,9.805874310262323e-08,2.923868401339643e-07
EFT:1.0104241096782794e-05,2.122547334954209e-06,1.987322000788117e-05,0.499281670416237,6.935296550282277e-09,0.4992816704162441,2.6320519398807075e-09,0.0014041591461476227,9.805874310262393e-08,2.9238684013396224e-07
Random4708
Raw:1.0104241096782794e-05,2.122547334954209e-06,1.987322000788117e-05,0.499281670416237,6.9352965502821786e-09,0.4992816704162441,2.6320519398807075e-09,0.0014041591461476227,9.805874310262393e-08,2.9238684013396224e-07
EFT:1.0104241096782794e-05,2.122547334954209e-06,1.987322000788117e-05,0.499281670416237,6.935296550282277e-09,0.4992816704162441,2.6320519398807075e-09,0.0014041591461476227,9.805874310262393e-08,2.9238684013396224e-07
Random4709
Raw:1.0104241096782938e-05,2.122547334954239e-06,1.987322000788145e-05,0.499281670416237,6.935296550282277e-09,0.4992816704162441,2.632051939880745e-09,0.0014041591461476427,9.805874310262393e-08,2.9238684013396637e-07
EFT:1.0104241096782794e-05,2.122547334954209e-06,1.987322000788117e-05,0.499281670416237,6.935296550282277e-09,0.4992816704162441,2.6320519398807075e-09,0.0014041591461476227,9.805874310262393e-08,2.9238684013396224e-07
Random4710
Raw:1.0104241096783009e-05,2.122547334954224e-06,1.987322000788131e-05,0.49928167041623345,6.935296550282327e-09,0.49928167041624766,2.6320519398807638e-09,0.0014041591461476327,9.805874310262601e-08,2.9238684013396436e-07
EFT:1.0104241096782794e-05,2.122547334954209e-06,1.987322000788117e-05,0.499281670416237,6.935296550282277e-09,0.4992816704162441,2.6320519398807075e-09,0.0014041591461476227,9.805874310262393e-08,2.9238684013396224e-07
Random4711
Raw:1.0104241096782938e-05,2.122547334954209e-06,1.987322000788117e-05,0.499281670416237,6.935296550282277e-09,0.4992816704162441,2.632051939880745e-09,0.0014041591461476427,9.805874310262393e-08,2.9238684013396224e-07
EFT:1.0104241096782794e-05,2.122547334954209e-06,1.987322000788117e-05,0.499281670416237,6.935296550282277e-09,0.4992816704162441,2.6320519398807075e-09,0.0014041591461476227,9.805874310262393e-08,2.9238684013396224e-07
Random4712
Raw:1.0104241096783009e-05,2.122547334954224e-06,1.9873220007881028e-05,0.49928167041623345,6.935296550282327e-09,0.49928167041624766,2.6320519398807638e-09,0.0014041591461476327,9.805874310262601e-08,2.9238684013396436e-07
EFT:1.0104241096782794e-05,2.122547334954209e-06,1.987322000788117e-05,0.499281670416237,6.935296550282277e-09,0.4992816704162441,2.6320519398807075e-09,0.0014041591461476227,9.805874310262393e-08,2.9238684013396224e-07
Random4713
Raw:1.0104241096782938e-05,2.1225473349541788e-06,1.9873220007880885e-05,0.499281670416237,6.935296550282277e-09,0.4992816704162441,2.632051939880745e-09,0.0014041591461476026,9.805874310262532e-08,2.9238684013396224e-07
EFT:1.0104241096782794e-05,2.122547334954209e-06,1.987322000788117e-05,0.499281670416237,6.935296550282277e-09,0.4992816704162441,2.6320519398807075e-09,0.0014041591461476227,9.805874310262393e-08,2.9238684013396224e-07
Random4714
Raw:1.0104241096783009e-05,2.122547334954224e-06,1.9873220007881028e-05,0.49928167041623345,6.935296550282327e-09,0.49928167041624766,2.6320519398807638e-09,0.0014041591461476327,9.805874310262601e-08,2.9238684013396436e-07
EFT:1.0104241096782794e-05,2.122547334954209e-06,1.987322000788117e-05,0.499281670416237,6.935296550282277e-09,0.4992816704162441,2.6320519398807075e-09,0.0014041591461476227,9.805874310262393e-08,2.9238684013396224e-07
Random4715
Raw:1.0104241096783009e-05,2.122547334954194e-06,1.9873220007881028e-05,0.49928167041623345,6.935296550282327e-09,0.49928167041624766,2.6320519398807638e-09,0.0014041591461476327,9.805874310262462e-08,2.9238684013396436e-07
EFT:1.0104241096782794e-05,2.122547334954209e-06,1.987322000788117e-05,0.499281670416237,6.935296550282277e-09,0.4992816704162441,2.6320519398807075e-09,0.0014041591461476227,9.805874310262393e-08,2.9238684013396224e-07
Random4716
Raw:1.0104241096782794e-05,2.122547334954209e-06,1.987322000788117e-05,0.499281670416237,6.935296550282277e-09,0.4992816704162441,2.632051939880745e-09,0.0014041591461476227,9.805874310262254e-08,2.9238684013396224e-07
EFT:1.0104241096782794e-05,2.122547334954209e-06,1.987322000788117e-05,0.499281670416237,6.935296550282277e-09,0.4992816704162441,2.6320519398807075e-09,0.0014041591461476227,9.805874310262393e-08,2.9238684013396224e-07
Random4717
Raw:1.0104241096782794e-05,2.1225473349541788e-06,1.9873220007880885e-05,0.499281670416237,6.935296550282277e-09,0.4992816704162441,2.632051939880745e-09,0.0014041591461476026,9.805874310262254e-08,2.9238684013396224e-07
EFT:1.0104241096782794e-05,2.122547334954209e-06,1.987322000788117e-05,0.499281670416237,6.935296550282277e-09,0.4992816704162441,2.6320519398807075e-09,0.0014041591461476227,9.805874310262393e-08,2.9238684013396224e-07
Random4718
Raw:1.0104241096782794e-05,2.122547334954209e-06,1.987322000788117e-05,0.499281670416237,6.935296550282277e-09,0.4992816704162441,2.6320519398807075e-09,0.0014041591461476026,9.805874310262393e-08,2.9238684013396224e-07
EFT:1.0104241096782794e-05,2.122547334954209e-06,1.987322000788117e-05,0.499281670416237,6.935296550282277e-09,0.4992816704162441,2.6320519398807075e-09,0.0014041591461476227,9.805874310262393e-08,2.9238684013396224e-07
Random4719
Raw:1.0104241096782867e-05,2.122547334954224e-06,1.987322000788131e-05,0.49928167041624055,6.935296550282326e-09,0.49928167041624055,2.6320519398807265e-09,0.0014041591461476327,9.805874310262462e-08,2.923868401339643e-07
EFT:1.0104241096782794e-05,2.122547334954209e-06,1.987322000788117e-05,0.499281670416237,6.935296550282277e-09,0.4992816704162441,2.6320519398807075e-09,0.0014041591461476227,9.805874310262393e-08,2.9238684013396224e-07
Random4720
Raw:1.0104241096782794e-05,2.122547334954209e-06,1.987322000788117e-05,0.499281670416237,6.9352965502821786e-09,0.4992816704162441,2.6320519398807075e-09,0.0014041591461476026,9.805874310262393e-08,2.9238684013396224e-07
EFT:1.0104241096782794e-05,2.122547334954209e-06,1.987322000788117e-05,0.499281670416237,6.935296550282277e-09,0.4992816704162441,2.6320519398807075e-09,0.0014041591461476227,9.805874310262393e-08,2.9238684013396224e-07
Random4721
Raw:1.0104241096782867e-05,2.122547334954194e-06,1.9873220007881028e-05,0.49928167041624055,6.935296550282326e-09,0.49928167041624055,2.6320519398807265e-09,0.0014041591461476128,9.805874310262323e-08,2.923868401339643e-07
EFT:1.0104241096782794e-05,2.122547334954209e-06,1.987322000788117e-05,0.499281670416237,6.935296550282277e-09,0.4992816704162441,2.6320519398807075e-09,0.0014041591461476227,9.805874310262393e-08,2.9238684013396224e-07
Random4722
Raw:1.0104241096782867e-05,2.122547334954194e-06,1.9873220007881028e-05,0.49928167041624055,6.935296550282326e-09,0.49928167041624055,2.6320519398807265e-09,0.0014041591461476128,9.805874310262602e-08,2.923868401339643e-07
EFT:1.0104241096782794e-05,2.122547334954209e-06,1.987322000788117e-05,0.499281670416237,6.935296550282277e-09,0.4992816704162441,2.6320519398807075e-09,0.0014041591461476227,9.805874310262393e-08,2.9238684013396224e-07
Random4723
Raw:1.0104241096782865e-05,2.122547334954194e-06,1.9873220007881028e-05,0.49928167041623345,6.935296550282327e-09,0.49928167041624766,2.632051939880726e-09,0.0014041591461476126,9.805874310262462e-08,2.9238684013396436e-07
EFT:1.0104241096782794e-05,2.122547334954209e-06,1.987322000788117e-05,0.499281670416237,6.935296550282277e-09,0.4992816704162441,2.6320519398807075e-09,0.0014041591461476227,9.805874310262393e-08,2.9238684013396224e-07
Random4724
Raw:1.0104241096783009e-05,2.122547334954224e-06,1.987322000788131e-05,0.49928167041623345,6.935296550282327e-09,0.49928167041624766,2.6320519398807638e-09,0.0014041591461476327,9.805874310262601e-08,2.9238684013396436e-07
EFT:1.0104241096782794e-05,2.122547334954209e-06,1.987322000788117e-05,0.499281670416237,6.935296550282277e-09,0.4992816704162441,2.6320519398807075e-09,0.0014041591461476227,9.805874310262393e-08,2.9238684013396224e-07
Random4725
Raw:1.0104241096782794e-05,2.122547334954209e-06,1.987322000788117e-05,0.4992816704162441,6.935296550282277e-09,0.499281670416237,2.63205193988067e-09,0.0014041591461476227,9.805874310262393e-08,2.9238684013396224e-07
EFT:1.0104241096782794e-05,2.122547334954209e-06,1.987322000788117e-05,0.499281670416237,6.935296550282277e-09,0.4992816704162441,2.6320519398807075e-09,0.0014041591461476227,9.805874310262393e-08,2.9238684013396224e-07
Random4726
Raw:1.0104241096783009e-05,2.122547334954224e-06,1.9873220007881028e-05,0.49928167041623345,6.935296550282327e-09,0.49928167041624766,2.6320519398807638e-09,0.0014041591461476327,9.805874310262601e-08,2.9238684013396436e-07
EFT:1.0104241096782794e-05,2.122547334954209e-06,1.987322000788117e-05,0.499281670416237,6.935296550282277e-09,0.4992816704162441,2.6320519398807075e-09,0.0014041591461476227,9.805874310262393e-08,2.9238684013396224e-07
Random4727
Raw:1.0104241096782865e-05,2.122547334954194e-06,1.9873220007881028e-05,0.49928167041623345,6.935296550282228e-09,0.49928167041624766,2.632051939880726e-09,0.0014041591461476126,9.805874310262462e-08,2.9238684013396436e-07
EFT:1.0104241096782794e-05,2.122547334954209e-06,1.987322000788117e-05,0.499281670416237,6.935296550282277e-09,0.4992816704162441,2.6320519398807075e-09,0.0014041591461476227,9.805874310262393e-08,2.9238684013396224e-07
Random4728
Raw:1.0104241096782865e-05,2.122547334954194e-06,1.9873220007881028e-05,0.49928167041623345,6.935296550282327e-09,0.49928167041624766,2.632051939880726e-09,0.0014041591461476126,9.805874310262462e-08,2.9238684013396436e-07
EFT:1.0104241096782794e-05,2.122547334954209e-06,1.987322000788117e-05,0.499281670416237,6.935296550282277e-09,0.4992816704162441,2.6320519398807075e-09,0.0014041591461476227,9.805874310262393e-08,2.9238684013396224e-07
Random4729
Raw:1.0104241096782938e-05,2.122547334954209e-06,1.9873220007880885e-05,0.499281670416237,6.935296550282277e-09,0.4992816704162441,2.632051939880745e-09,0.0014041591461476227,9.805874310262532e-08,2.9238684013396224e-07
EFT:1.0104241096782794e-05,2.122547334954209e-06,1.987322000788117e-05,0.499281670416237,6.935296550282277e-09,0.4992816704162441,2.6320519398807075e-09,0.0014041591461476227,9.805874310262393e-08,2.9238684013396224e-07
Random4730
Raw:1.0104241096783009e-05,2.122547334954194e-06,1.9873220007881028e-05,0.49928167041623345,6.935296550282327e-09,0.49928167041624766,2.6320519398807638e-09,0.0014041591461476126,9.805874310262601e-08,2.9238684013396436e-07
EFT:1.0104241096782794e-05,2.122547334954209e-06,1.987322000788117e-05,0.499281670416237,6.935296550282277e-09,0.4992816704162441,2.6320519398807075e-09,0.0014041591461476227,9.805874310262393e-08,2.9238684013396224e-07
Random4731
Raw:1.0104241096782794e-05,2.1225473349541788e-06,1.9873220007880885e-05,0.499281670416237,6.9352965502821786e-09,0.4992816704162441,2.632051939880745e-09,0.0014041591461476026,9.805874310262254e-08,2.9238684013396224e-07
EFT:1.0104241096782794e-05,2.122547334954209e-06,1.987322000788117e-05,0.499281670416237,6.935296550282277e-09,0.4992816704162441,2.6320519398807075e-09,0.0014041591461476227,9.805874310262393e-08,2.9238684013396224e-07
Random4732
Raw:1.0104241096782938e-05,2.122547334954209e-06,1.987322000788117e-05,0.499281670416237,6.9352965502823754e-09,0.4992816704162441,2.632051939880745e-09,0.0014041591461476227,9.805874310262532e-08,2.9238684013396637e-07
EFT:1.0104241096782794e-05,2.122547334954209e-06,1.987322000788117e-05,0.499281670416237,6.935296550282277e-09,0.4992816704162441,2.6320519398807075e-09,0.0014041591461476227,9.805874310262393e-08,2.9238684013396224e-07
Random4733
Raw:1.0104241096782938e-05,2.122547334954239e-06,1.9873220007880885e-05,0.499281670416237,6.935296550282277e-09,0.4992816704162441,2.632051939880745e-09,0.0014041591461476227,9.805874310262532e-08,2.9238684013396224e-07
EFT:1.0104241096782794e-05,2.122547334954209e-06,1.987322000788117e-05,0.499281670416237,6.935296550282277e-09,0.4992816704162441,2.6320519398807075e-09,0.0014041591461476227,9.805874310262393e-08,2.9238684013396224e-07
Random4734
Raw:1.0104241096782938e-05,2.122547334954239e-06,1.987322000788117e-05,0.499281670416237,6.9352965502823754e-09,0.4992816704162441,2.6320519398807824e-09,0.0014041591461476227,9.805874310262532e-08,2.9238684013396637e-07
EFT:1.0104241096782794e-05,2.122547334954209e-06,1.987322000788117e-05,0.499281670416237,6.935296550282277e-09,0.4992816704162441,2.6320519398807075e-09,0.0014041591461476227,9.805874310262393e-08,2.9238684013396224e-07
Random4735
Raw:1.0104241096782938e-05,2.122547334954209e-06,1.987322000788117e-05,0.499281670416237,6.9352965502823754e-09,0.4992816704162441,2.632051939880745e-09,0.0014041591461476227,9.805874310262532e-08,2.9238684013396637e-07
EFT:1.0104241096782794e-05,2.122547334954209e-06,1.987322000788117e-05,0.499281670416237,6.935296550282277e-09,0.4992816704162441,2.6320519398807075e-09,0.0014041591461476227,9.805874310262393e-08,2.9238684013396224e-07
Random4736
Raw:1.0104241096782794e-05,2.122547334954209e-06,1.987322000788117e-05,0.499281670416237,6.9352965502821786e-09,0.4992816704162441,2.6320519398807075e-09,0.0014041591461476026,9.805874310262393e-08,2.9238684013396224e-07
EFT:1.0104241096782794e-05,2.122547334954209e-06,1.987322000788117e-05,0.499281670416237,6.935296550282277e-09,0.4992816704162441,2.6320519398807075e-09,0.0014041591461476227,9.805874310262393e-08,2.9238684013396224e-07
Random4737
Raw:1.0104241096782938e-05,2.122547334954209e-06,1.987322000788117e-05,0.499281670416237,6.9352965502823754e-09,0.4992816704162441,2.6320519398807824e-09,0.0014041591461476227,9.805874310262532e-08,2.9238684013396637e-07
EFT:1.0104241096782794e-05,2.122547334954209e-06,1.987322000788117e-05,0.499281670416237,6.935296550282277e-09,0.4992816704162441,2.6320519398807075e-09,0.0014041591461476227,9.805874310262393e-08,2.9238684013396224e-07
Random4738
Raw:1.0104241096782794e-05,2.122547334954209e-06,1.987322000788117e-05,0.499281670416237,6.9352965502821786e-09,0.4992816704162441,2.6320519398807075e-09,0.0014041591461476026,9.805874310262393e-08,2.9238684013396224e-07
EFT:1.0104241096782794e-05,2.122547334954209e-06,1.987322000788117e-05,0.499281670416237,6.935296550282277e-09,0.4992816704162441,2.6320519398807075e-09,0.0014041591461476227,9.805874310262393e-08,2.9238684013396224e-07
Random4739
Raw:1.0104241096782938e-05,2.122547334954209e-06,1.987322000788117e-05,0.499281670416237,6.9352965502823754e-09,0.4992816704162441,2.632051939880745e-09,0.0014041591461476227,9.805874310262393e-08,2.9238684013396637e-07
EFT:1.0104241096782794e-05,2.122547334954209e-06,1.987322000788117e-05,0.499281670416237,6.935296550282277e-09,0.4992816704162441,2.6320519398807075e-09,0.0014041591461476227,9.805874310262393e-08,2.9238684013396224e-07
Random4740
Raw:1.0104241096782938e-05,2.122547334954209e-06,1.987322000788117e-05,0.499281670416237,6.935296550282277e-09,0.4992816704162441,2.632051939880745e-09,0.0014041591461476427,9.805874310262393e-08,2.9238684013396224e-07
EFT:1.0104241096782794e-05,2.122547334954209e-06,1.987322000788117e-05,0.499281670416237,6.935296550282277e-09,0.4992816704162441,2.6320519398807075e-09,0.0014041591461476227,9.805874310262393e-08,2.9238684013396224e-07
Random4741
Raw:1.0104241096783009e-05,2.122547334954224e-06,1.987322000788131e-05,0.49928167041623345,6.935296550282327e-09,0.49928167041624766,2.6320519398807638e-09,0.0014041591461476327,9.805874310262462e-08,2.923868401339685e-07
EFT:1.0104241096782794e-05,2.122547334954209e-06,1.987322000788117e-05,0.499281670416237,6.935296550282277e-09,0.4992816704162441,2.6320519398807075e-09,0.0014041591461476227,9.805874310262393e-08,2.9238684013396224e-07
Random4742
Raw:1.0104241096783009e-05,2.122547334954224e-06,1.987322000788131e-05,0.49928167041623345,6.935296550282327e-09,0.49928167041624766,2.6320519398807638e-09,0.0014041591461476327,9.805874310262462e-08,2.923868401339685e-07
EFT:1.0104241096782794e-05,2.122547334954209e-06,1.987322000788117e-05,0.499281670416237,6.935296550282277e-09,0.4992816704162441,2.6320519398807075e-09,0.0014041591461476227,9.805874310262393e-08,2.9238684013396224e-07
Random4743
Raw:1.0104241096782938e-05,2.122547334954239e-06,1.987322000788145e-05,0.499281670416237,6.9352965502823754e-09,0.4992816704162441,2.632051939880745e-09,0.0014041591461476227,9.805874310262532e-08,2.9238684013396637e-07
EFT:1.0104241096782794e-05,2.122547334954209e-06,1.987322000788117e-05,0.499281670416237,6.935296550282277e-09,0.4992816704162441,2.6320519398807075e-09,0.0014041591461476227,9.805874310262393e-08,2.9238684013396224e-07
Random4744
Raw:1.0104241096782867e-05,2.1225473349542546e-06,1.987322000788131e-05,0.49928167041624055,6.935296550282326e-09,0.49928167041624055,2.6320519398807638e-09,0.0014041591461476327,9.805874310262462e-08,2.923868401339643e-07
EFT:1.0104241096782794e-05,2.122547334954209e-06,1.987322000788117e-05,0.499281670416237,6.935296550282277e-09,0.4992816704162441,2.6320519398807075e-09,0.0014041591461476227,9.805874310262393e-08,2.9238684013396224e-07
Random4745
Raw:1.0104241096782938e-05,2.1225473349541788e-06,1.9873220007880885e-05,0.499281670416237,6.935296550282277e-09,0.4992816704162441,2.632051939880745e-09,0.0014041591461476026,9.805874310262532e-08,2.9238684013396224e-07
EFT:1.0104241096782794e-05,2.122547334954209e-06,1.987322000788117e-05,0.499281670416237,6.935296550282277e-09,0.4992816704162441,2.6320519398807075e-09,0.0014041591461476227,9.805874310262393e-08,2.9238684013396224e-07
Random4746
Raw:1.0104241096782938e-05,2.122547334954209e-06,1.987322000788117e-05,0.499281670416237,6.935296550282277e-09,0.4992816704162441,2.632051939880745e-09,0.0014041591461476227,9.805874310262532e-08,2.9238684013396224e-07
EFT:1.0104241096782794e-05,2.122547334954209e-06,1.987322000788117e-05,0.499281670416237,6.935296550282277e-09,0.4992816704162441,2.6320519398807075e-09,0.0014041591461476227,9.805874310262393e-08,2.9238684013396224e-07
Random4747
Raw:1.0104241096782867e-05,2.122547334954224e-06,1.9873220007881028e-05,0.49928167041624055,6.935296550282326e-09,0.49928167041624055,2.6320519398807265e-09,0.0014041591461476327,9.805874310262323e-08,2.923868401339643e-07
EFT:1.0104241096782794e-05,2.122547334954209e-06,1.987322000788117e-05,0.499281670416237,6.935296550282277e-09,0.4992816704162441,2.6320519398807075e-09,0.0014041591461476227,9.805874310262393e-08,2.9238684013396224e-07
Random4748
Raw:1.0104241096782938e-05,2.122547334954209e-06,1.987322000788117e-05,0.499281670416237,6.9352965502823754e-09,0.4992816704162441,2.632051939880745e-09,0.0014041591461476227,9.805874310262532e-08,2.9238684013396637e-07
EFT:1.0104241096782794e-05,2.122547334954209e-06,1.987322000788117e-05,0.499281670416237,6.935296550282277e-09,0.4992816704162441,2.6320519398807075e-09,0.0014041591461476227,9.805874310262393e-08,2.9238684013396224e-07
Random4749
Raw:1.0104241096782938e-05,2.122547334954209e-06,1.987322000788117e-05,0.499281670416237,6.9352965502823754e-09,0.4992816704162441,2.632051939880745e-09,0.0014041591461476227,9.805874310262532e-08,2.9238684013396637e-07
EFT:1.0104241096782794e-05,2.122547334954209e-06,1.987322000788117e-05,0.499281670416237,6.935296550282277e-09,0.4992816704162441,2.6320519398807075e-09,0.0014041591461476227,9.805874310262393e-08,2.9238684013396224e-07
Random4750
Raw:1.0104241096782794e-05,2.122547334954209e-06,1.987322000788117e-05,0.499281670416237,6.9352965502821786e-09,0.4992816704162441,2.6320519398807075e-09,0.0014041591461476227,9.805874310262393e-08,2.9238684013396224e-07
EFT:1.0104241096782794e-05,2.122547334954209e-06,1.987322000788117e-05,0.499281670416237,6.935296550282277e-09,0.4992816704162441,2.6320519398807075e-09,0.0014041591461476227,9.805874310262393e-08,2.9238684013396224e-07
Random4751
Raw:1.0104241096782867e-05,2.122547334954224e-06,1.987322000788131e-05,0.49928167041624055,6.935296550282326e-09,0.49928167041624055,2.6320519398807638e-09,0.0014041591461476327,9.805874310262462e-08,2.923868401339643e-07
EFT:1.0104241096782794e-05,2.122547334954209e-06,1.987322000788117e-05,0.499281670416237,6.935296550282277e-09,0.4992816704162441,2.6320519398807075e-09,0.0014041591461476227,9.805874310262393e-08,2.9238684013396224e-07
Random4752
Raw:1.0104241096782865e-05,2.122547334954194e-06,1.9873220007881028e-05,0.49928167041623345,6.935296550282228e-09,0.49928167041624766,2.632051939880726e-09,0.0014041591461476327,9.805874310262462e-08,2.923868401339602e-07
EFT:1.0104241096782794e-05,2.122547334954209e-06,1.987322000788117e-05,0.499281670416237,6.935296550282277e-09,0.4992816704162441,2.6320519398807075e-09,0.0014041591461476227,9.805874310262393e-08,2.9238684013396224e-07
Random4753
Raw:1.0104241096782794e-05,2.122547334954209e-06,1.987322000788117e-05,0.499281670416237,6.935296550282277e-09,0.4992816704162441,2.6320519398807075e-09,0.0014041591461476227,9.805874310262393e-08,2.9238684013396224e-07
EFT:1.0104241096782794e-05,2.122547334954209e-06,1.987322000788117e-05,0.499281670416237,6.935296550282277e-09,0.4992816704162441,2.6320519398807075e-09,0.0014041591461476227,9.805874310262393e-08,2.9238684013396224e-07
Random4754
Raw:1.0104241096782938e-05,2.122547334954209e-06,1.987322000788117e-05,0.499281670416237,6.935296550282277e-09,0.4992816704162441,2.632051939880745e-09,0.0014041591461476427,9.805874310262393e-08,2.9238684013396224e-07
EFT:1.0104241096782794e-05,2.122547334954209e-06,1.987322000788117e-05,0.499281670416237,6.935296550282277e-09,0.4992816704162441,2.6320519398807075e-09,0.0014041591461476227,9.805874310262393e-08,2.9238684013396224e-07
Random4755
Raw:1.0104241096782723e-05,2.122547334954194e-06,1.9873220007881028e-05,0.49928167041624055,6.935296550282228e-09,0.49928167041624055,2.6320519398806513e-09,0.0014041591461476327,9.805874310262323e-08,2.923868401339602e-07
EFT:1.0104241096782794e-05,2.122547334954209e-06,1.987322000788117e-05,0.499281670416237,6.935296550282277e-09,0.4992816704162441,2.6320519398807075e-09,0.0014041591461476227,9.805874310262393e-08,2.9238684013396224e-07
Random4756
Raw:1.0104241096782794e-05,2.1225473349541788e-06,1.9873220007880885e-05,0.499281670416237,6.935296550282277e-09,0.4992816704162441,2.632051939880745e-09,0.0014041591461476026,9.805874310262254e-08,2.9238684013396224e-07
EFT:1.0104241096782794e-05,2.122547334954209e-06,1.987322000788117e-05,0.499281670416237,6.935296550282277e-09,0.4992816704162441,2.6320519398807075e-09,0.0014041591461476227,9.805874310262393e-08,2.9238684013396224e-07
Random4757
Raw:1.0104241096782794e-05,2.122547334954209e-06,1.987322000788117e-05,0.499281670416237,6.935296550282277e-09,0.4992816704162441,2.6320519398807075e-09,0.0014041591461476227,9.805874310262393e-08,2.9238684013396224e-07
EFT:1.0104241096782794e-05,2.122547334954209e-06,1.987322000788117e-05,0.499281670416237,6.935296550282277e-09,0.4992816704162441,2.6320519398807075e-09,0.0014041591461476227,9.805874310262393e-08,2.9238684013396224e-07
Random4758
Raw:1.0104241096782938e-05,2.122547334954239e-06,1.987322000788117e-05,0.499281670416237,6.935296550282277e-09,0.4992816704162441,2.632051939880745e-09,0.0014041591461476427,9.805874310262532e-08,2.9238684013396224e-07
EFT:1.0104241096782794e-05,2.122547334954209e-06,1.987322000788117e-05,0.499281670416237,6.935296550282277e-09,0.4992816704162441,2.6320519398807075e-09,0.0014041591461476227,9.805874310262393e-08,2.9238684013396224e-07
Random4759
Raw:1.0104241096782938e-05,2.122547334954209e-06,1.987322000788117e-05,0.499281670416237,6.9352965502823754e-09,0.4992816704162441,2.632051939880745e-09,0.0014041591461476227,9.805874310262532e-08,2.9238684013396637e-07
EFT:1.0104241096782794e-05,2.122547334954209e-06,1.987322000788117e-05,0.499281670416237,6.935296550282277e-09,0.4992816704162441,2.6320519398807075e-09,0.0014041591461476227,9.805874310262393e-08,2.9238684013396224e-07
Random4760
Raw:1.0104241096782867e-05,2.122547334954224e-06,1.987322000788131e-05,0.49928167041624055,6.935296550282326e-09,0.49928167041624055,2.6320519398807265e-09,0.0014041591461476128,9.805874310262462e-08,2.923868401339643e-07
EFT:1.0104241096782794e-05,2.122547334954209e-06,1.987322000788117e-05,0.499281670416237,6.935296550282277e-09,0.4992816704162441,2.6320519398807075e-09,0.0014041591461476227,9.805874310262393e-08,2.9238684013396224e-07
Random4761
Raw:1.0104241096782938e-05,2.122547334954209e-06,1.987322000788117e-05,0.499281670416237,6.935296550282277e-09,0.4992816704162441,2.632051939880745e-09,0.0014041591461476427,9.805874310262393e-08,2.9238684013396224e-07
EFT:1.0104241096782794e-05,2.122547334954209e-06,1.987322000788117e-05,0.499281670416237,6.935296550282277e-09,0.4992816704162441,2.6320519398807075e-09,0.0014041591461476227,9.805874310262393e-08,2.9238684013396224e-07
Random4762
Raw:1.0104241096782938e-05,2.122547334954209e-06,1.987322000788117e-05,0.499281670416237,6.935296550282277e-09,0.4992816704162441,2.632051939880745e-09,0.0014041591461476227,9.805874310262532e-08,2.9238684013396224e-07
EFT:1.0104241096782794e-05,2.122547334954209e-06,1.987322000788117e-05,0.499281670416237,6.935296550282277e-09,0.4992816704162441,2.6320519398807075e-09,0.0014041591461476227,9.805874310262393e-08,2.9238684013396224e-07
Random4763
Raw:1.0104241096782794e-05,2.122547334954239e-06,1.987322000788117e-05,0.4992816704162441,6.935296550282277e-09,0.499281670416237,2.6320519398807075e-09,0.0014041591461476427,9.805874310262393e-08,2.9238684013396224e-07
EFT:1.0104241096782794e-05,2.122547334954209e-06,1.987322000788117e-05,0.499281670416237,6.935296550282277e-09,0.4992816704162441,2.6320519398807075e-09,0.0014041591461476227,9.805874310262393e-08,2.9238684013396224e-07
Random4764
Raw:1.0104241096782938e-05,2.122547334954239e-06,1.987322000788117e-05,0.499281670416237,6.9352965502823754e-09,0.4992816704162441,2.6320519398807824e-09,0.0014041591461476227,9.805874310262532e-08,2.9238684013396637e-07
EFT:1.0104241096782794e-05,2.122547334954209e-06,1.987322000788117e-05,0.499281670416237,6.935296550282277e-09,0.4992816704162441,2.6320519398807075e-09,0.0014041591461476227,9.805874310262393e-08,2.9238684013396224e-07
Random4765
Raw:1.0104241096782938e-05,2.122547334954209e-06,1.9873220007880885e-05,0.499281670416237,6.935296550282277e-09,0.4992816704162441,2.632051939880745e-09,0.0014041591461476227,9.805874310262532e-08,2.9238684013396224e-07
EFT:1.0104241096782794e-05,2.122547334954209e-06,1.987322000788117e-05,0.499281670416237,6.935296550282277e-09,0.4992816704162441,2.6320519398807075e-09,0.0014041591461476227,9.805874310262393e-08,2.9238684013396224e-07
Random4766
Raw:1.0104241096782938e-05,2.122547334954209e-06,1.987322000788117e-05,0.499281670416237,6.9352965502823754e-09,0.4992816704162441,2.632051939880745e-09,0.0014041591461476227,9.805874310262393e-08,2.9238684013396637e-07
EFT:1.0104241096782794e-05,2.122547334954209e-06,1.987322000788117e-05,0.499281670416237,6.935296550282277e-09,0.4992816704162441,2.6320519398807075e-09,0.0014041591461476227,9.805874310262393e-08,2.9238684013396224e-07
Random4767
Raw:1.0104241096783009e-05,2.122547334954224e-06,1.987322000788131e-05,0.49928167041623345,6.935296550282327e-09,0.49928167041624766,2.6320519398807638e-09,0.0014041591461476327,9.805874310262462e-08,2.923868401339685e-07
EFT:1.0104241096782794e-05,2.122547334954209e-06,1.987322000788117e-05,0.499281670416237,6.935296550282277e-09,0.4992816704162441,2.6320519398807075e-09,0.0014041591461476227,9.805874310262393e-08,2.9238684013396224e-07
Random4768
Raw:1.0104241096782938e-05,2.122547334954209e-06,1.987322000788117e-05,0.499281670416237,6.935296550282277e-09,0.4992816704162441,2.632051939880745e-09,0.0014041591461476427,9.805874310262393e-08,2.9238684013396224e-07
EFT:1.0104241096782794e-05,2.122547334954209e-06,1.987322000788117e-05,0.499281670416237,6.935296550282277e-09,0.4992816704162441,2.6320519398807075e-09,0.0014041591461476227,9.805874310262393e-08,2.9238684013396224e-07
Random4769
Raw:1.0104241096782794e-05,2.122547334954209e-06,1.987322000788117e-05,0.499281670416237,6.9352965502821786e-09,0.4992816704162441,2.6320519398807075e-09,0.0014041591461476026,9.805874310262393e-08,2.9238684013396224e-07
EFT:1.0104241096782794e-05,2.122547334954209e-06,1.987322000788117e-05,0.499281670416237,6.935296550282277e-09,0.4992816704162441,2.6320519398807075e-09,0.0014041591461476227,9.805874310262393e-08,2.9238684013396224e-07
Random4770
Raw:1.0104241096782938e-05,2.122547334954209e-06,1.987322000788117e-05,0.499281670416237,6.9352965502823754e-09,0.4992816704162441,2.632051939880745e-09,0.0014041591461476227,9.805874310262393e-08,2.9238684013396637e-07
EFT:1.0104241096782794e-05,2.122547334954209e-06,1.987322000788117e-05,0.499281670416237,6.935296550282277e-09,0.4992816704162441,2.6320519398807075e-09,0.0014041591461476227,9.805874310262393e-08,2.9238684013396224e-07
Random4771
Raw:1.0104241096782938e-05,2.122547334954209e-06,1.987322000788117e-05,0.499281670416237,6.935296550282277e-09,0.4992816704162441,2.632051939880745e-09,0.0014041591461476227,9.805874310262532e-08,2.9238684013396224e-07
EFT:1.0104241096782794e-05,2.122547334954209e-06,1.987322000788117e-05,0.499281670416237,6.935296550282277e-09,0.4992816704162441,2.6320519398807075e-09,0.0014041591461476227,9.805874310262393e-08,2.9238684013396224e-07
Random4772
Raw:1.0104241096782867e-05,2.122547334954224e-06,1.987322000788131e-05,0.49928167041624055,6.935296550282228e-09,0.49928167041624055,2.632051939880689e-09,0.0014041591461476327,9.805874310262323e-08,2.923868401339643e-07
EFT:1.0104241096782794e-05,2.122547334954209e-06,1.987322000788117e-05,0.499281670416237,6.935296550282277e-09,0.4992816704162441,2.6320519398807075e-09,0.0014041591461476227,9.805874310262393e-08,2.9238684013396224e-07
Random4773
Raw:1.0104241096783009e-05,2.122547334954194e-06,1.9873220007881028e-05,0.49928167041623345,6.935296550282327e-09,0.49928167041624766,2.6320519398807638e-09,0.0014041591461476126,9.805874310262601e-08,2.9238684013396436e-07
EFT:1.0104241096782794e-05,2.122547334954209e-06,1.987322000788117e-05,0.499281670416237,6.935296550282277e-09,0.4992816704162441,2.6320519398807075e-09,0.0014041591461476227,9.805874310262393e-08,2.9238684013396224e-07
Random4774
Raw:1.0104241096782938e-05,2.122547334954239e-06,1.987322000788117e-05,0.499281670416237,6.935296550282277e-09,0.4992816704162441,2.632051939880745e-09,0.0014041591461476427,9.805874310262532e-08,2.9238684013396224e-07
EFT:1.0104241096782794e-05,2.122547334954209e-06,1.987322000788117e-05,0.499281670416237,6.935296550282277e-09,0.4992816704162441,2.6320519398807075e-09,0.0014041591461476227,9.805874310262393e-08,2.9238684013396224e-07
Random4775
Raw:1.0104241096782938e-05,2.122547334954239e-06,1.987322000788145e-05,0.499281670416237,6.935296550282277e-09,0.4992816704162441,2.632051939880745e-09,0.0014041591461476427,9.805874310262393e-08,2.9238684013396637e-07
EFT:1.0104241096782794e-05,2.122547334954209e-06,1.987322000788117e-05,0.499281670416237,6.935296550282277e-09,0.4992816704162441,2.6320519398807075e-09,0.0014041591461476227,9.805874310262393e-08,2.9238684013396224e-07
Random4776
Raw:1.0104241096782867e-05,2.122547334954224e-06,1.987322000788131e-05,0.49928167041624055,6.935296550282326e-09,0.49928167041624055,2.6320519398807265e-09,0.0014041591461476327,9.805874310262323e-08,2.923868401339643e-07
EFT:1.0104241096782794e-05,2.122547334954209e-06,1.987322000788117e-05,0.499281670416237,6.935296550282277e-09,0.4992816704162441,2.6320519398807075e-09,0.0014041591461476227,9.805874310262393e-08,2.9238684013396224e-07
Random4777
Raw:1.0104241096782865e-05,2.122547334954194e-06,1.9873220007881028e-05,0.49928167041623345,6.935296550282228e-09,0.49928167041624766,2.632051939880726e-09,0.0014041591461476126,9.805874310262462e-08,2.9238684013396436e-07
EFT:1.0104241096782794e-05,2.122547334954209e-06,1.987322000788117e-05,0.499281670416237,6.935296550282277e-09,0.4992816704162441,2.6320519398807075e-09,0.0014041591461476227,9.805874310262393e-08,2.9238684013396224e-07
Random4778
Raw:1.0104241096782867e-05,2.122547334954224e-06,1.9873220007881028e-05,0.49928167041624055,6.935296550282326e-09,0.49928167041624055,2.6320519398807638e-09,0.0014041591461476128,9.805874310262462e-08,2.923868401339643e-07
EFT:1.0104241096782794e-05,2.122547334954209e-06,1.987322000788117e-05,0.499281670416237,6.935296550282277e-09,0.4992816704162441,2.6320519398807075e-09,0.0014041591461476227,9.805874310262393e-08,2.9238684013396224e-07
Random4779
Raw:1.0104241096782794e-05,2.122547334954209e-06,1.987322000788117e-05,0.499281670416237,6.935296550282277e-09,0.4992816704162441,2.6320519398807075e-09,0.0014041591461476227,9.805874310262393e-08,2.9238684013396224e-07
EFT:1.0104241096782794e-05,2.122547334954209e-06,1.987322000788117e-05,0.499281670416237,6.935296550282277e-09,0.4992816704162441,2.6320519398807075e-09,0.0014041591461476227,9.805874310262393e-08,2.9238684013396224e-07
Random4780
Raw:1.0104241096782938e-05,2.122547334954209e-06,1.987322000788117e-05,0.499281670416237,6.935296550282277e-09,0.4992816704162441,2.632051939880745e-09,0.0014041591461476427,9.805874310262393e-08,2.9238684013396224e-07
EFT:1.0104241096782794e-05,2.122547334954209e-06,1.987322000788117e-05,0.499281670416237,6.935296550282277e-09,0.4992816704162441,2.6320519398807075e-09,0.0014041591461476227,9.805874310262393e-08,2.9238684013396224e-07
Random4781
Raw:1.0104241096782867e-05,2.122547334954194e-06,1.9873220007881028e-05,0.49928167041624055,6.935296550282228e-09,0.49928167041624055,2.632051939880689e-09,0.0014041591461476128,9.805874310262462e-08,2.923868401339602e-07
EFT:1.0104241096782794e-05,2.122547334954209e-06,1.987322000788117e-05,0.499281670416237,6.935296550282277e-09,0.4992816704162441,2.6320519398807075e-09,0.0014041591461476227,9.805874310262393e-08,2.9238684013396224e-07
Random4782
Raw:1.0104241096782938e-05,2.122547334954209e-06,1.987322000788117e-05,0.499281670416237,6.935296550282277e-09,0.4992816704162441,2.632051939880745e-09,0.0014041591461476227,9.805874310262532e-08,2.9238684013396224e-07
EFT:1.0104241096782794e-05,2.122547334954209e-06,1.987322000788117e-05,0.499281670416237,6.935296550282277e-09,0.4992816704162441,2.6320519398807075e-09,0.0014041591461476227,9.805874310262393e-08,2.9238684013396224e-07
Random4783
Raw:1.0104241096782938e-05,2.122547334954239e-06,1.987322000788117e-05,0.499281670416237,6.935296550282277e-09,0.4992816704162441,2.632051939880745e-09,0.0014041591461476427,9.805874310262532e-08,2.9238684013396224e-07
EFT:1.0104241096782794e-05,2.122547334954209e-06,1.987322000788117e-05,0.499281670416237,6.935296550282277e-09,0.4992816704162441,2.6320519398807075e-09,0.0014041591461476227,9.805874310262393e-08,2.9238684013396224e-07
Random4784
Raw:1.0104241096782794e-05,2.122547334954209e-06,1.9873220007880885e-05,0.499281670416237,6.935296550282277e-09,0.4992816704162441,2.632051939880745e-09,0.0014041591461476227,9.805874310262254e-08,2.9238684013396224e-07
EFT:1.0104241096782794e-05,2.122547334954209e-06,1.987322000788117e-05,0.499281670416237,6.935296550282277e-09,0.4992816704162441,2.6320519398807075e-09,0.0014041591461476227,9.805874310262393e-08,2.9238684013396224e-07
Random4785
Raw:1.0104241096782938e-05,2.122547334954239e-06,1.987322000788117e-05,0.499281670416237,6.935296550282277e-09,0.4992816704162441,2.632051939880745e-09,0.0014041591461476427,9.805874310262532e-08,2.9238684013396224e-07
EFT:1.0104241096782794e-05,2.122547334954209e-06,1.987322000788117e-05,0.499281670416237,6.935296550282277e-09,0.4992816704162441,2.6320519398807075e-09,0.0014041591461476227,9.805874310262393e-08,2.9238684013396224e-07
Random4786
Raw:1.0104241096782867e-05,2.122547334954224e-06,1.987322000788131e-05,0.49928167041624055,6.935296550282326e-09,0.49928167041624055,2.6320519398807638e-09,0.0014041591461476327,9.805874310262462e-08,2.923868401339643e-07
EFT:1.0104241096782794e-05,2.122547334954209e-06,1.987322000788117e-05,0.499281670416237,6.935296550282277e-09,0.4992816704162441,2.6320519398807075e-09,0.0014041591461476227,9.805874310262393e-08,2.9238684013396224e-07
Random4787
Raw:1.0104241096782867e-05,2.122547334954224e-06,1.987322000788131e-05,0.49928167041624055,6.935296550282326e-09,0.49928167041624055,2.6320519398807265e-09,0.0014041591461476128,9.805874310262462e-08,2.923868401339643e-07
EFT:1.0104241096782794e-05,2.122547334954209e-06,1.987322000788117e-05,0.499281670416237,6.935296550282277e-09,0.4992816704162441,2.6320519398807075e-09,0.0014041591461476227,9.805874310262393e-08,2.9238684013396224e-07
Random4788
Raw:1.0104241096782938e-05,2.122547334954209e-06,1.987322000788117e-05,0.499281670416237,6.935296550282277e-09,0.4992816704162441,2.632051939880745e-09,0.0014041591461476227,9.805874310262532e-08,2.9238684013396224e-07
EFT:1.0104241096782794e-05,2.122547334954209e-06,1.987322000788117e-05,0.499281670416237,6.935296550282277e-09,0.4992816704162441,2.6320519398807075e-09,0.0014041591461476227,9.805874310262393e-08,2.9238684013396224e-07
Random4789
Raw:1.0104241096782938e-05,2.122547334954209e-06,1.987322000788117e-05,0.499281670416237,6.9352965502823754e-09,0.4992816704162441,2.6320519398807824e-09,0.0014041591461476227,9.805874310262532e-08,2.9238684013396637e-07
EFT:1.0104241096782794e-05,2.122547334954209e-06,1.987322000788117e-05,0.499281670416237,6.935296550282277e-09,0.4992816704162441,2.6320519398807075e-09,0.0014041591461476227,9.805874310262393e-08,2.9238684013396224e-07
Random4790
Raw:1.0104241096782865e-05,2.1225473349541635e-06,1.9873220007880747e-05,0.49928167041623345,6.935296550282228e-09,0.49928167041624766,2.632051939880726e-09,0.0014041591461476126,9.805874310262462e-08,2.923868401339602e-07
EFT:1.0104241096782794e-05,2.122547334954209e-06,1.987322000788117e-05,0.499281670416237,6.935296550282277e-09,0.4992816704162441,2.6320519398807075e-09,0.0014041591461476227,9.805874310262393e-08,2.9238684013396224e-07
Random4791
Raw:1.0104241096783009e-05,2.122547334954224e-06,1.9873220007881028e-05,0.49928167041623345,6.935296550282327e-09,0.49928167041624766,2.6320519398807638e-09,0.0014041591461476327,9.805874310262601e-08,2.9238684013396436e-07
EFT:1.0104241096782794e-05,2.122547334954209e-06,1.987322000788117e-05,0.499281670416237,6.935296550282277e-09,0.4992816704162441,2.6320519398807075e-09,0.0014041591461476227,9.805874310262393e-08,2.9238684013396224e-07
Random4792
Raw:1.0104241096782938e-05,2.122547334954209e-06,1.987322000788117e-05,0.499281670416237,6.935296550282277e-09,0.4992816704162441,2.632051939880745e-09,0.0014041591461476227,9.805874310262532e-08,2.9238684013396224e-07
EFT:1.0104241096782794e-05,2.122547334954209e-06,1.987322000788117e-05,0.499281670416237,6.935296550282277e-09,0.4992816704162441,2.6320519398807075e-09,0.0014041591461476227,9.805874310262393e-08,2.9238684013396224e-07
Random4793
Raw:1.0104241096782938e-05,2.122547334954239e-06,1.987322000788117e-05,0.499281670416237,6.935296550282277e-09,0.4992816704162441,2.632051939880745e-09,0.0014041591461476427,9.805874310262532e-08,2.9238684013396224e-07
EFT:1.0104241096782794e-05,2.122547334954209e-06,1.987322000788117e-05,0.499281670416237,6.935296550282277e-09,0.4992816704162441,2.6320519398807075e-09,0.0014041591461476227,9.805874310262393e-08,2.9238684013396224e-07
Random4794
Raw:1.0104241096782867e-05,2.122547334954224e-06,1.987322000788131e-05,0.49928167041624055,6.935296550282326e-09,0.49928167041624055,2.6320519398807265e-09,0.0014041591461476327,9.805874310262462e-08,2.923868401339643e-07
EFT:1.0104241096782794e-05,2.122547334954209e-06,1.987322000788117e-05,0.499281670416237,6.935296550282277e-09,0.4992816704162441,2.6320519398807075e-09,0.0014041591461476227,9.805874310262393e-08,2.9238684013396224e-07
Random4795
Raw:1.0104241096782938e-05,2.122547334954209e-06,1.987322000788117e-05,0.499281670416237,6.9352965502823754e-09,0.4992816704162441,2.632051939880745e-09,0.0014041591461476227,9.805874310262532e-08,2.9238684013396637e-07
EFT:1.0104241096782794e-05,2.122547334954209e-06,1.987322000788117e-05,0.499281670416237,6.935296550282277e-09,0.4992816704162441,2.6320519398807075e-09,0.0014041591461476227,9.805874310262393e-08,2.9238684013396224e-07
Random4796
Raw:1.0104241096782938e-05,2.1225473349541788e-06,1.9873220007880885e-05,0.499281670416237,6.935296550282277e-09,0.4992816704162441,2.632051939880745e-09,0.0014041591461476026,9.805874310262532e-08,2.9238684013396224e-07
EFT:1.0104241096782794e-05,2.122547334954209e-06,1.987322000788117e-05,0.499281670416237,6.935296550282277e-09,0.4992816704162441,2.6320519398807075e-09,0.0014041591461476227,9.805874310262393e-08,2.9238684013396224e-07
Random4797
Raw:1.0104241096782867e-05,2.122547334954224e-06,1.9873220007881028e-05,0.49928167041624055,6.935296550282326e-09,0.49928167041624055,2.6320519398807638e-09,0.0014041591461476128,9.805874310262462e-08,2.923868401339643e-07
EFT:1.0104241096782794e-05,2.122547334954209e-06,1.987322000788117e-05,0.499281670416237,6.935296550282277e-09,0.4992816704162441,2.6320519398807075e-09,0.0014041591461476227,9.805874310262393e-08,2.9238684013396224e-07
Random4798
Raw:1.0104241096782867e-05,2.122547334954194e-06,1.9873220007881028e-05,0.49928167041624055,6.935296550282228e-09,0.49928167041624055,2.632051939880689e-09,0.0014041591461476327,9.805874310262323e-08,2.923868401339602e-07
EFT:1.0104241096782794e-05,2.122547334954209e-06,1.987322000788117e-05,0.499281670416237,6.935296550282277e-09,0.4992816704162441,2.6320519398807075e-09,0.0014041591461476227,9.805874310262393e-08,2.9238684013396224e-07
Random4799
Raw:1.0104241096783009e-05,2.122547334954224e-06,1.987322000788131e-05,0.49928167041623345,6.935296550282327e-09,0.49928167041624766,2.6320519398807638e-09,0.0014041591461476327,9.805874310262601e-08,2.9238684013396436e-07
EFT:1.0104241096782794e-05,2.122547334954209e-06,1.987322000788117e-05,0.499281670416237,6.935296550282277e-09,0.4992816704162441,2.6320519398807075e-09,0.0014041591461476227,9.805874310262393e-08,2.9238684013396224e-07
Random4800
Raw:1.0104241096783009e-05,2.122547334954224e-06,1.987322000788131e-05,0.49928167041623345,6.935296550282327e-09,0.49928167041624766,2.6320519398807638e-09,0.0014041591461476327,9.805874310262462e-08,2.923868401339685e-07
EFT:1.0104241096782794e-05,2.122547334954209e-06,1.987322000788117e-05,0.499281670416237,6.935296550282277e-09,0.4992816704162441,2.6320519398807075e-09,0.0014041591461476227,9.805874310262393e-08,2.9238684013396224e-07
Random4801
Raw:1.0104241096782938e-05,2.1225473349541788e-06,1.9873220007880885e-05,0.499281670416237,6.935296550282277e-09,0.4992816704162441,2.632051939880745e-09,0.0014041591461476026,9.805874310262532e-08,2.9238684013396224e-07
EFT:1.0104241096782794e-05,2.122547334954209e-06,1.987322000788117e-05,0.499281670416237,6.935296550282277e-09,0.4992816704162441,2.6320519398807075e-09,0.0014041591461476227,9.805874310262393e-08,2.9238684013396224e-07
Random4802
Raw:1.0104241096783009e-05,2.122547334954224e-06,1.9873220007881028e-05,0.49928167041623345,6.935296550282327e-09,0.49928167041624766,2.632051939880801e-09,0.0014041591461476327,9.805874310262601e-08,2.9238684013396436e-07
EFT:1.0104241096782794e-05,2.122547334954209e-06,1.987322000788117e-05,0.499281670416237,6.935296550282277e-09,0.4992816704162441,2.6320519398807075e-09,0.0014041591461476227,9.805874310262393e-08,2.9238684013396224e-07
Random4803
Raw:1.0104241096782938e-05,2.122547334954209e-06,1.987322000788117e-05,0.499281670416237,6.935296550282277e-09,0.4992816704162441,2.632051939880745e-09,0.0014041591461476227,9.805874310262393e-08,2.9238684013396637e-07
EFT:1.0104241096782794e-05,2.122547334954209e-06,1.987322000788117e-05,0.499281670416237,6.935296550282277e-09,0.4992816704162441,2.6320519398807075e-09,0.0014041591461476227,9.805874310262393e-08,2.9238684013396224e-07
Random4804
Raw:1.0104241096782938e-05,2.122547334954209e-06,1.987322000788117e-05,0.499281670416237,6.9352965502823754e-09,0.4992816704162441,2.6320519398807824e-09,0.0014041591461476227,9.805874310262532e-08,2.9238684013396637e-07
EFT:1.0104241096782794e-05,2.122547334954209e-06,1.987322000788117e-05,0.499281670416237,6.935296550282277e-09,0.4992816704162441,2.6320519398807075e-09,0.0014041591461476227,9.805874310262393e-08,2.9238684013396224e-07
Random4805
Raw:1.0104241096782938e-05,2.122547334954209e-06,1.987322000788117e-05,0.499281670416237,6.935296550282277e-09,0.4992816704162441,2.632051939880745e-09,0.0014041591461476227,9.805874310262532e-08,2.9238684013396224e-07
EFT:1.0104241096782794e-05,2.122547334954209e-06,1.987322000788117e-05,0.499281670416237,6.935296550282277e-09,0.4992816704162441,2.6320519398807075e-09,0.0014041591461476227,9.805874310262393e-08,2.9238684013396224e-07
Random4806
Raw:1.0104241096782794e-05,2.122547334954209e-06,1.987322000788117e-05,0.499281670416237,6.935296550282277e-09,0.4992816704162441,2.632051939880745e-09,0.0014041591461476227,9.805874310262254e-08,2.9238684013396224e-07
EFT:1.0104241096782794e-05,2.122547334954209e-06,1.987322000788117e-05,0.499281670416237,6.935296550282277e-09,0.4992816704162441,2.6320519398807075e-09,0.0014041591461476227,9.805874310262393e-08,2.9238684013396224e-07
Random4807
Raw:1.0104241096782794e-05,2.122547334954209e-06,1.987322000788117e-05,0.499281670416237,6.935296550282277e-09,0.4992816704162441,2.6320519398807075e-09,0.0014041591461476227,9.805874310262393e-08,2.9238684013396224e-07
EFT:1.0104241096782794e-05,2.122547334954209e-06,1.987322000788117e-05,0.499281670416237,6.935296550282277e-09,0.4992816704162441,2.6320519398807075e-09,0.0014041591461476227,9.805874310262393e-08,2.9238684013396224e-07
Random4808
Raw:1.0104241096782938e-05,2.122547334954209e-06,1.987322000788117e-05,0.499281670416237,6.935296550282277e-09,0.4992816704162441,2.632051939880745e-09,0.0014041591461476227,9.805874310262532e-08,2.9238684013396224e-07
EFT:1.0104241096782794e-05,2.122547334954209e-06,1.987322000788117e-05,0.499281670416237,6.935296550282277e-09,0.4992816704162441,2.6320519398807075e-09,0.0014041591461476227,9.805874310262393e-08,2.9238684013396224e-07
Random4809
Raw:1.0104241096782938e-05,2.122547334954209e-06,1.987322000788117e-05,0.499281670416237,6.935296550282277e-09,0.4992816704162441,2.632051939880745e-09,0.0014041591461476427,9.805874310262393e-08,2.9238684013396224e-07
EFT:1.0104241096782794e-05,2.122547334954209e-06,1.987322000788117e-05,0.499281670416237,6.935296550282277e-09,0.4992816704162441,2.6320519398807075e-09,0.0014041591461476227,9.805874310262393e-08,2.9238684013396224e-07
Random4810
Raw:1.0104241096782938e-05,2.122547334954209e-06,1.987322000788117e-05,0.499281670416237,6.9352965502823754e-09,0.4992816704162441,2.632051939880745e-09,0.0014041591461476227,9.805874310262393e-08,2.9238684013396637e-07
EFT:1.0104241096782794e-05,2.122547334954209e-06,1.987322000788117e-05,0.499281670416237,6.935296550282277e-09,0.4992816704162441,2.6320519398807075e-09,0.0014041591461476227,9.805874310262393e-08,2.9238684013396224e-07
Random4811
Raw:1.0104241096783009e-05,2.122547334954224e-06,1.9873220007881028e-05,0.49928167041623345,6.935296550282327e-09,0.49928167041624766,2.6320519398807638e-09,0.0014041591461476327,9.805874310262601e-08,2.9238684013396436e-07
EFT:1.0104241096782794e-05,2.122547334954209e-06,1.987322000788117e-05,0.499281670416237,6.935296550282277e-09,0.4992816704162441,2.6320519398807075e-09,0.0014041591461476227,9.805874310262393e-08,2.9238684013396224e-07
Random4812
Raw:1.0104241096782867e-05,2.122547334954224e-06,1.987322000788131e-05,0.49928167041624055,6.935296550282326e-09,0.49928167041624055,2.6320519398807265e-09,0.0014041591461476327,9.805874310262323e-08,2.923868401339643e-07
EFT:1.0104241096782794e-05,2.122547334954209e-06,1.987322000788117e-05,0.499281670416237,6.935296550282277e-09,0.4992816704162441,2.6320519398807075e-09,0.0014041591461476227,9.805874310262393e-08,2.9238684013396224e-07
Random4813
Raw:1.0104241096782938e-05,2.122547334954209e-06,1.987322000788117e-05,0.499281670416237,6.9352965502823754e-09,0.4992816704162441,2.632051939880745e-09,0.0014041591461476227,9.805874310262393e-08,2.9238684013396637e-07
EFT:1.0104241096782794e-05,2.122547334954209e-06,1.987322000788117e-05,0.499281670416237,6.935296550282277e-09,0.4992816704162441,2.6320519398807075e-09,0.0014041591461476227,9.805874310262393e-08,2.9238684013396224e-07
Random4814
Raw:1.0104241096782938e-05,2.122547334954239e-06,1.987322000788145e-05,0.499281670416237,6.935296550282277e-09,0.4992816704162441,2.632051939880745e-09,0.0014041591461476427,9.805874310262393e-08,2.9238684013396637e-07
EFT:1.0104241096782794e-05,2.122547334954209e-06,1.987322000788117e-05,0.499281670416237,6.935296550282277e-09,0.4992816704162441,2.6320519398807075e-09,0.0014041591461476227,9.805874310262393e-08,2.9238684013396224e-07
Random4815
Raw:1.0104241096782938e-05,2.122547334954239e-06,1.987322000788117e-05,0.499281670416237,6.935296550282277e-09,0.4992816704162441,2.632051939880745e-09,0.0014041591461476427,9.805874310262393e-08,2.9238684013396637e-07
EFT:1.0104241096782794e-05,2.122547334954209e-06,1.987322000788117e-05,0.499281670416237,6.935296550282277e-09,0.4992816704162441,2.6320519398807075e-09,0.0014041591461476227,9.805874310262393e-08,2.9238684013396224e-07
Random4816
Raw:1.0104241096783009e-05,2.122547334954194e-06,1.9873220007881028e-05,0.49928167041623345,6.935296550282327e-09,0.49928167041624766,2.6320519398807638e-09,0.0014041591461476327,9.805874310262462e-08,2.9238684013396436e-07
EFT:1.0104241096782794e-05,2.122547334954209e-06,1.987322000788117e-05,0.499281670416237,6.935296550282277e-09,0.4992816704162441,2.6320519398807075e-09,0.0014041591461476227,9.805874310262393e-08,2.9238684013396224e-07
Random4817
Raw:1.0104241096782794e-05,2.122547334954209e-06,1.987322000788117e-05,0.499281670416237,6.9352965502821786e-09,0.4992816704162441,2.6320519398807075e-09,0.0014041591461476227,9.805874310262393e-08,2.9238684013396224e-07
EFT:1.0104241096782794e-05,2.122547334954209e-06,1.987322000788117e-05,0.499281670416237,6.935296550282277e-09,0.4992816704162441,2.6320519398807075e-09,0.0014041591461476227,9.805874310262393e-08,2.9238684013396224e-07
Random4818
Raw:1.0104241096782938e-05,2.122547334954209e-06,1.9873220007880885e-05,0.499281670416237,6.935296550282277e-09,0.4992816704162441,2.632051939880745e-09,0.0014041591461476227,9.805874310262532e-08,2.9238684013396224e-07
EFT:1.0104241096782794e-05,2.122547334954209e-06,1.987322000788117e-05,0.499281670416237,6.935296550282277e-09,0.4992816704162441,2.6320519398807075e-09,0.0014041591461476227,9.805874310262393e-08,2.9238684013396224e-07
Random4819
Raw:1.0104241096782794e-05,2.122547334954209e-06,1.987322000788117e-05,0.499281670416237,6.9352965502821786e-09,0.4992816704162441,2.6320519398807075e-09,0.0014041591461476026,9.805874310262393e-08,2.9238684013396224e-07
EFT:1.0104241096782794e-05,2.122547334954209e-06,1.987322000788117e-05,0.499281670416237,6.935296550282277e-09,0.4992816704162441,2.6320519398807075e-09,0.0014041591461476227,9.805874310262393e-08,2.9238684013396224e-07
Random4820
Raw:1.0104241096783009e-05,2.122547334954224e-06,1.987322000788131e-05,0.49928167041623345,6.935296550282327e-09,0.49928167041624766,2.6320519398807638e-09,0.0014041591461476327,9.805874310262462e-08,2.923868401339685e-07
EFT:1.0104241096782794e-05,2.122547334954209e-06,1.987322000788117e-05,0.499281670416237,6.935296550282277e-09,0.4992816704162441,2.6320519398807075e-09,0.0014041591461476227,9.805874310262393e-08,2.9238684013396224e-07
Random4821
Raw:1.0104241096782865e-05,2.122547334954194e-06,1.9873220007881028e-05,0.49928167041623345,6.935296550282327e-09,0.49928167041624766,2.632051939880726e-09,0.0014041591461476126,9.805874310262462e-08,2.9238684013396436e-07
EFT:1.0104241096782794e-05,2.122547334954209e-06,1.987322000788117e-05,0.499281670416237,6.935296550282277e-09,0.4992816704162441,2.6320519398807075e-09,0.0014041591461476227,9.805874310262393e-08,2.9238684013396224e-07
Random4822
Raw:1.0104241096782938e-05,2.122547334954239e-06,1.987322000788117e-05,0.499281670416237,6.935296550282277e-09,0.4992816704162441,2.632051939880745e-09,0.0014041591461476427,9.805874310262393e-08,2.9238684013396637e-07
EFT:1.0104241096782794e-05,2.122547334954209e-06,1.987322000788117e-05,0.499281670416237,6.935296550282277e-09,0.4992816704162441,2.6320519398807075e-09,0.0014041591461476227,9.805874310262393e-08,2.9238684013396224e-07
Random4823
Raw:1.0104241096782867e-05,2.122547334954224e-06,1.987322000788131e-05,0.49928167041624055,6.935296550282326e-09,0.49928167041624055,2.6320519398807265e-09,0.0014041591461476128,9.805874310262462e-08,2.923868401339643e-07
EFT:1.0104241096782794e-05,2.122547334954209e-06,1.987322000788117e-05,0.499281670416237,6.935296550282277e-09,0.4992816704162441,2.6320519398807075e-09,0.0014041591461476227,9.805874310262393e-08,2.9238684013396224e-07
Random4824
Raw:1.0104241096782867e-05,2.122547334954194e-06,1.9873220007881028e-05,0.49928167041624055,6.935296550282326e-09,0.49928167041624055,2.6320519398807265e-09,0.0014041591461476128,9.805874310262323e-08,2.923868401339643e-07
EFT:1.0104241096782794e-05,2.122547334954209e-06,1.987322000788117e-05,0.499281670416237,6.935296550282277e-09,0.4992816704162441,2.6320519398807075e-09,0.0014041591461476227,9.805874310262393e-08,2.9238684013396224e-07
Random4825
Raw:1.0104241096782938e-05,2.122547334954209e-06,1.987322000788117e-05,0.499281670416237,6.935296550282277e-09,0.4992816704162441,2.632051939880745e-09,0.0014041591461476227,9.805874310262393e-08,2.9238684013396637e-07
EFT:1.0104241096782794e-05,2.122547334954209e-06,1.987322000788117e-05,0.499281670416237,6.935296550282277e-09,0.4992816704162441,2.6320519398807075e-09,0.0014041591461476227,9.805874310262393e-08,2.9238684013396224e-07
Random4826
Raw:1.0104241096782938e-05,2.122547334954209e-06,1.987322000788117e-05,0.499281670416237,6.935296550282277e-09,0.4992816704162441,2.632051939880745e-09,0.0014041591461476227,9.805874310262532e-08,2.9238684013396224e-07
EFT:1.0104241096782794e-05,2.122547334954209e-06,1.987322000788117e-05,0.499281670416237,6.935296550282277e-09,0.4992816704162441,2.6320519398807075e-09,0.0014041591461476227,9.805874310262393e-08,2.9238684013396224e-07
Random4827
Raw:1.0104241096782794e-05,2.122547334954209e-06,1.987322000788117e-05,0.499281670416237,6.935296550282277e-09,0.4992816704162441,2.6320519398807075e-09,0.0014041591461476026,9.805874310262393e-08,2.9238684013396224e-07
EFT:1.0104241096782794e-05,2.122547334954209e-06,1.987322000788117e-05,0.499281670416237,6.935296550282277e-09,0.4992816704162441,2.6320519398807075e-09,0.0014041591461476227,9.805874310262393e-08,2.9238684013396224e-07
Random4828
Raw:1.0104241096782938e-05,2.122547334954209e-06,1.987322000788117e-05,0.499281670416237,6.935296550282277e-09,0.4992816704162441,2.632051939880745e-09,0.0014041591461476227,9.805874310262393e-08,2.9238684013396637e-07
EFT:1.0104241096782794e-05,2.122547334954209e-06,1.987322000788117e-05,0.499281670416237,6.935296550282277e-09,0.4992816704162441,2.6320519398807075e-09,0.0014041591461476227,9.805874310262393e-08,2.9238684013396224e-07
Random4829
Raw:1.0104241096783009e-05,2.122547334954194e-06,1.9873220007881028e-05,0.49928167041623345,6.935296550282327e-09,0.49928167041624766,2.6320519398807638e-09,0.0014041591461476126,9.805874310262601e-08,2.9238684013396436e-07
EFT:1.0104241096782794e-05,2.122547334954209e-06,1.987322000788117e-05,0.499281670416237,6.935296550282277e-09,0.4992816704162441,2.6320519398807075e-09,0.0014041591461476227,9.805874310262393e-08,2.9238684013396224e-07
Random4830
Raw:1.0104241096782867e-05,2.122547334954194e-06,1.9873220007881028e-05,0.49928167041624055,6.935296550282326e-09,0.49928167041624055,2.6320519398807265e-09,0.0014041591461476128,9.805874310262323e-08,2.923868401339643e-07
EFT:1.0104241096782794e-05,2.122547334954209e-06,1.987322000788117e-05,0.499281670416237,6.935296550282277e-09,0.4992816704162441,2.6320519398807075e-09,0.0014041591461476227,9.805874310262393e-08,2.9238684013396224e-07
Random4831
Raw:1.0104241096782938e-05,2.122547334954209e-06,1.987322000788117e-05,0.499281670416237,6.9352965502823754e-09,0.4992816704162441,2.632051939880745e-09,0.0014041591461476227,9.805874310262532e-08,2.9238684013396637e-07
EFT:1.0104241096782794e-05,2.122547334954209e-06,1.987322000788117e-05,0.499281670416237,6.935296550282277e-09,0.4992816704162441,2.6320519398807075e-09,0.0014041591461476227,9.805874310262393e-08,2.9238684013396224e-07
Random4832
Raw:1.0104241096782794e-05,2.122547334954209e-06,1.987322000788117e-05,0.499281670416237,6.935296550282277e-09,0.4992816704162441,2.632051939880745e-09,0.0014041591461476227,9.805874310262254e-08,2.9238684013396224e-07
EFT:1.0104241096782794e-05,2.122547334954209e-06,1.987322000788117e-05,0.499281670416237,6.935296550282277e-09,0.4992816704162441,2.6320519398807075e-09,0.0014041591461476227,9.805874310262393e-08,2.9238684013396224e-07
Random4833
Raw:1.0104241096782867e-05,2.122547334954224e-06,1.987322000788131e-05,0.49928167041624055,6.935296550282326e-09,0.49928167041624055,2.6320519398807265e-09,0.0014041591461476327,9.805874310262462e-08,2.923868401339643e-07
EFT:1.0104241096782794e-05,2.122547334954209e-06,1.987322000788117e-05,0.499281670416237,6.935296550282277e-09,0.4992816704162441,2.6320519398807075e-09,0.0014041591461476227,9.805874310262393e-08,2.9238684013396224e-07
Random4834
Raw:1.0104241096782794e-05,2.122547334954209e-06,1.987322000788117e-05,0.499281670416237,6.935296550282277e-09,0.4992816704162441,2.6320519398807075e-09,0.0014041591461476026,9.805874310262393e-08,2.9238684013396224e-07
EFT:1.0104241096782794e-05,2.122547334954209e-06,1.987322000788117e-05,0.499281670416237,6.935296550282277e-09,0.4992816704162441,2.6320519398807075e-09,0.0014041591461476227,9.805874310262393e-08,2.9238684013396224e-07
Random4835
Raw:1.0104241096782794e-05,2.122547334954209e-06,1.9873220007880885e-05,0.499281670416237,6.935296550282277e-09,0.4992816704162441,2.632051939880745e-09,0.0014041591461476227,9.805874310262254e-08,2.9238684013396224e-07
EFT:1.0104241096782794e-05,2.122547334954209e-06,1.987322000788117e-05,0.499281670416237,6.935296550282277e-09,0.4992816704162441,2.6320519398807075e-09,0.0014041591461476227,9.805874310262393e-08,2.9238684013396224e-07
Random4836
Raw:1.0104241096782867e-05,2.122547334954224e-06,1.987322000788131e-05,0.49928167041624055,6.935296550282326e-09,0.49928167041624055,2.6320519398807265e-09,0.0014041591461476327,9.805874310262323e-08,2.923868401339643e-07
EFT:1.0104241096782794e-05,2.122547334954209e-06,1.987322000788117e-05,0.499281670416237,6.935296550282277e-09,0.4992816704162441,2.6320519398807075e-09,0.0014041591461476227,9.805874310262393e-08,2.9238684013396224e-07
Random4837
Raw:1.0104241096782938e-05,2.122547334954209e-06,1.987322000788117e-05,0.499281670416237,6.9352965502823754e-09,0.4992816704162441,2.632051939880745e-09,0.0014041591461476227,9.805874310262532e-08,2.9238684013396637e-07
EFT:1.0104241096782794e-05,2.122547334954209e-06,1.987322000788117e-05,0.499281670416237,6.935296550282277e-09,0.4992816704162441,2.6320519398807075e-09,0.0014041591461476227,9.805874310262393e-08,2.9238684013396224e-07
Random4838
Raw:1.0104241096782867e-05,2.122547334954224e-06,1.987322000788131e-05,0.49928167041624055,6.935296550282326e-09,0.49928167041624055,2.6320519398807265e-09,0.0014041591461476327,9.805874310262462e-08,2.923868401339643e-07
EFT:1.0104241096782794e-05,2.122547334954209e-06,1.987322000788117e-05,0.499281670416237,6.935296550282277e-09,0.4992816704162441,2.6320519398807075e-09,0.0014041591461476227,9.805874310262393e-08,2.9238684013396224e-07
Random4839
Raw:1.0104241096782938e-05,2.122547334954209e-06,1.9873220007880885e-05,0.499281670416237,6.935296550282277e-09,0.4992816704162441,2.632051939880745e-09,0.0014041591461476227,9.805874310262393e-08,2.9238684013396224e-07
EFT:1.0104241096782794e-05,2.122547334954209e-06,1.987322000788117e-05,0.499281670416237,6.935296550282277e-09,0.4992816704162441,2.6320519398807075e-09,0.0014041591461476227,9.805874310262393e-08,2.9238684013396224e-07
Random4840
Raw:1.0104241096782938e-05,2.1225473349541788e-06,1.9873220007880885e-05,0.499281670416237,6.935296550282277e-09,0.4992816704162441,2.632051939880745e-09,0.0014041591461476026,9.805874310262532e-08,2.9238684013396224e-07
EFT:1.0104241096782794e-05,2.122547334954209e-06,1.987322000788117e-05,0.499281670416237,6.935296550282277e-09,0.4992816704162441,2.6320519398807075e-09,0.0014041591461476227,9.805874310262393e-08,2.9238684013396224e-07
Random4841
Raw:1.0104241096782794e-05,2.122547334954209e-06,1.987322000788117e-05,0.499281670416237,6.935296550282277e-09,0.4992816704162441,2.6320519398807075e-09,0.0014041591461476026,9.805874310262393e-08,2.9238684013396224e-07
EFT:1.0104241096782794e-05,2.122547334954209e-06,1.987322000788117e-05,0.499281670416237,6.935296550282277e-09,0.4992816704162441,2.6320519398807075e-09,0.0014041591461476227,9.805874310262393e-08,2.9238684013396224e-07
Random4842
Raw:1.0104241096782938e-05,2.122547334954209e-06,1.9873220007880885e-05,0.499281670416237,6.935296550282277e-09,0.4992816704162441,2.632051939880745e-09,0.0014041591461476227,9.805874310262532e-08,2.9238684013396224e-07
EFT:1.0104241096782794e-05,2.122547334954209e-06,1.987322000788117e-05,0.499281670416237,6.935296550282277e-09,0.4992816704162441,2.6320519398807075e-09,0.0014041591461476227,9.805874310262393e-08,2.9238684013396224e-07
Random4843
Raw:1.0104241096783009e-05,2.122547334954194e-06,1.9873220007881028e-05,0.49928167041623345,6.935296550282327e-09,0.49928167041624766,2.6320519398807638e-09,0.0014041591461476126,9.805874310262601e-08,2.9238684013396436e-07
EFT:1.0104241096782794e-05,2.122547334954209e-06,1.987322000788117e-05,0.499281670416237,6.935296550282277e-09,0.4992816704162441,2.6320519398807075e-09,0.0014041591461476227,9.805874310262393e-08,2.9238684013396224e-07
Random4844
Raw:1.0104241096782938e-05,2.122547334954209e-06,1.987322000788117e-05,0.499281670416237,6.935296550282277e-09,0.4992816704162441,2.632051939880745e-09,0.0014041591461476227,9.805874310262532e-08,2.9238684013396224e-07
EFT:1.0104241096782794e-05,2.122547334954209e-06,1.987322000788117e-05,0.499281670416237,6.935296550282277e-09,0.4992816704162441,2.6320519398807075e-09,0.0014041591461476227,9.805874310262393e-08,2.9238684013396224e-07
Random4845
Raw:1.0104241096782938e-05,2.122547334954209e-06,1.987322000788117e-05,0.499281670416237,6.9352965502823754e-09,0.4992816704162441,2.6320519398807824e-09,0.0014041591461476227,9.805874310262532e-08,2.9238684013396637e-07
EFT:1.0104241096782794e-05,2.122547334954209e-06,1.987322000788117e-05,0.499281670416237,6.935296550282277e-09,0.4992816704162441,2.6320519398807075e-09,0.0014041591461476227,9.805874310262393e-08,2.9238684013396224e-07
Random4846
Raw:1.0104241096783009e-05,2.122547334954194e-06,1.9873220007881028e-05,0.49928167041623345,6.935296550282327e-09,0.49928167041624766,2.6320519398807638e-09,0.0014041591461476126,9.805874310262601e-08,2.9238684013396436e-07
EFT:1.0104241096782794e-05,2.122547334954209e-06,1.987322000788117e-05,0.499281670416237,6.935296550282277e-09,0.4992816704162441,2.6320519398807075e-09,0.0014041591461476227,9.805874310262393e-08,2.9238684013396224e-07
Random4847
Raw:1.0104241096782938e-05,2.122547334954239e-06,1.987322000788145e-05,0.499281670416237,6.935296550282277e-09,0.4992816704162441,2.632051939880745e-09,0.0014041591461476427,9.805874310262532e-08,2.9238684013396224e-07
EFT:1.0104241096782794e-05,2.122547334954209e-06,1.987322000788117e-05,0.499281670416237,6.935296550282277e-09,0.4992816704162441,2.6320519398807075e-09,0.0014041591461476227,9.805874310262393e-08,2.9238684013396224e-07
Random4848
Raw:1.0104241096783009e-05,2.122547334954224e-06,1.987322000788131e-05,0.49928167041623345,6.935296550282327e-09,0.49928167041624766,2.6320519398807638e-09,0.0014041591461476327,9.805874310262462e-08,2.923868401339685e-07
EFT:1.0104241096782794e-05,2.122547334954209e-06,1.987322000788117e-05,0.499281670416237,6.935296550282277e-09,0.4992816704162441,2.6320519398807075e-09,0.0014041591461476227,9.805874310262393e-08,2.9238684013396224e-07
Random4849
Raw:1.0104241096782938e-05,2.122547334954239e-06,1.987322000788117e-05,0.499281670416237,6.935296550282277e-09,0.4992816704162441,2.632051939880745e-09,0.0014041591461476427,9.805874310262393e-08,2.9238684013396637e-07
EFT:1.0104241096782794e-05,2.122547334954209e-06,1.987322000788117e-05,0.499281670416237,6.935296550282277e-09,0.4992816704162441,2.6320519398807075e-09,0.0014041591461476227,9.805874310262393e-08,2.9238684013396224e-07
Random4850
Raw:1.0104241096782938e-05,2.122547334954209e-06,1.9873220007880885e-05,0.499281670416237,6.935296550282277e-09,0.4992816704162441,2.632051939880745e-09,0.0014041591461476227,9.805874310262532e-08,2.9238684013396224e-07
EFT:1.0104241096782794e-05,2.122547334954209e-06,1.987322000788117e-05,0.499281670416237,6.935296550282277e-09,0.4992816704162441,2.6320519398807075e-09,0.0014041591461476227,9.805874310262393e-08,2.9238684013396224e-07
Random4851
Raw:1.0104241096783009e-05,2.122547334954224e-06,1.987322000788131e-05,0.49928167041623345,6.935296550282424e-09,0.49928167041624766,2.6320519398807638e-09,0.0014041591461476327,9.805874310262601e-08,2.923868401339685e-07
EFT:1.0104241096782794e-05,2.122547334954209e-06,1.987322000788117e-05,0.499281670416237,6.935296550282277e-09,0.4992816704162441,2.6320519398807075e-09,0.0014041591461476227,9.805874310262393e-08,2.9238684013396224e-07
Random4852
Raw:1.0104241096782794e-05,2.122547334954209e-06,1.987322000788117e-05,0.499281670416237,6.935296550282277e-09,0.4992816704162441,2.6320519398807075e-09,0.0014041591461476026,9.805874310262393e-08,2.9238684013396224e-07
EFT:1.0104241096782794e-05,2.122547334954209e-06,1.987322000788117e-05,0.499281670416237,6.935296550282277e-09,0.4992816704162441,2.6320519398807075e-09,0.0014041591461476227,9.805874310262393e-08,2.9238684013396224e-07
Random4853
Raw:1.0104241096782938e-05,2.122547334954209e-06,1.987322000788117e-05,0.499281670416237,6.935296550282277e-09,0.4992816704162441,2.632051939880745e-09,0.0014041591461476227,9.805874310262532e-08,2.9238684013396224e-07
EFT:1.0104241096782794e-05,2.122547334954209e-06,1.987322000788117e-05,0.499281670416237,6.935296550282277e-09,0.4992816704162441,2.6320519398807075e-09,0.0014041591461476227,9.805874310262393e-08,2.9238684013396224e-07
Random4854
Raw:1.0104241096782867e-05,2.122547334954224e-06,1.987322000788131e-05,0.49928167041624055,6.935296550282326e-09,0.49928167041624055,2.6320519398807638e-09,0.0014041591461476327,9.805874310262462e-08,2.923868401339643e-07
EFT:1.0104241096782794e-05,2.122547334954209e-06,1.987322000788117e-05,0.499281670416237,6.935296550282277e-09,0.4992816704162441,2.6320519398807075e-09,0.0014041591461476227,9.805874310262393e-08,2.9238684013396224e-07
Random4855
Raw:1.0104241096782938e-05,2.122547334954209e-06,1.987322000788117e-05,0.499281670416237,6.9352965502823754e-09,0.4992816704162441,2.632051939880745e-09,0.0014041591461476227,9.805874310262393e-08,2.9238684013396637e-07
EFT:1.0104241096782794e-05,2.122547334954209e-06,1.987322000788117e-05,0.499281670416237,6.935296550282277e-09,0.4992816704162441,2.6320519398807075e-09,0.0014041591461476227,9.805874310262393e-08,2.9238684013396224e-07
Random4856
Raw:1.0104241096782865e-05,2.122547334954194e-06,1.9873220007881028e-05,0.49928167041623345,6.935296550282228e-09,0.49928167041624766,2.632051939880726e-09,0.0014041591461476126,9.805874310262462e-08,2.9238684013396436e-07
EFT:1.0104241096782794e-05,2.122547334954209e-06,1.987322000788117e-05,0.499281670416237,6.935296550282277e-09,0.4992816704162441,2.6320519398807075e-09,0.0014041591461476227,9.805874310262393e-08,2.9238684013396224e-07
Random4857
Raw:1.0104241096782938e-05,2.122547334954209e-06,1.987322000788117e-05,0.499281670416237,6.935296550282277e-09,0.4992816704162441,2.632051939880745e-09,0.0014041591461476427,9.805874310262393e-08,2.9238684013396224e-07
EFT:1.0104241096782794e-05,2.122547334954209e-06,1.987322000788117e-05,0.499281670416237,6.935296550282277e-09,0.4992816704162441,2.6320519398807075e-09,0.0014041591461476227,9.805874310262393e-08,2.9238684013396224e-07
Random4858
Raw:1.0104241096782938e-05,2.1225473349541788e-06,1.9873220007880885e-05,0.4992816704162299,6.935296550282277e-09,0.49928167041625116,2.632051939880745e-09,0.0014041591461476225,9.805874310262393e-08,2.9238684013396224e-07
EFT:1.0104241096782794e-05,2.122547334954209e-06,1.987322000788117e-05,0.499281670416237,6.935296550282277e-09,0.4992816704162441,2.6320519398807075e-09,0.0014041591461476227,9.805874310262393e-08,2.9238684013396224e-07
Random4859
Raw:1.0104241096782723e-05,2.122547334954194e-06,1.9873220007881028e-05,0.49928167041624055,6.935296550282228e-09,0.49928167041624055,2.6320519398806513e-09,0.0014041591461476128,9.805874310262323e-08,2.923868401339602e-07
EFT:1.0104241096782794e-05,2.122547334954209e-06,1.987322000788117e-05,0.499281670416237,6.935296550282277e-09,0.4992816704162441,2.6320519398807075e-09,0.0014041591461476227,9.805874310262393e-08,2.9238684013396224e-07
Random4860
Raw:1.0104241096782794e-05,2.122547334954209e-06,1.987322000788117e-05,0.499281670416237,6.935296550282277e-09,0.4992816704162441,2.6320519398807075e-09,0.0014041591461476227,9.805874310262393e-08,2.9238684013396224e-07
EFT:1.0104241096782794e-05,2.122547334954209e-06,1.987322000788117e-05,0.499281670416237,6.935296550282277e-09,0.4992816704162441,2.6320519398807075e-09,0.0014041591461476227,9.805874310262393e-08,2.9238684013396224e-07
Random4861
Raw:1.0104241096782794e-05,2.122547334954209e-06,1.987322000788117e-05,0.499281670416237,6.9352965502821786e-09,0.4992816704162441,2.6320519398807075e-09,0.0014041591461476227,9.805874310262393e-08,2.9238684013396224e-07
EFT:1.0104241096782794e-05,2.122547334954209e-06,1.987322000788117e-05,0.499281670416237,6.935296550282277e-09,0.4992816704162441,2.6320519398807075e-09,0.0014041591461476227,9.805874310262393e-08,2.9238684013396224e-07
Random4862
Raw:1.0104241096782938e-05,2.122547334954209e-06,1.9873220007880885e-05,0.499281670416237,6.935296550282277e-09,0.4992816704162441,2.632051939880745e-09,0.0014041591461476227,9.805874310262393e-08,2.9238684013396224e-07
EFT:1.0104241096782794e-05,2.122547334954209e-06,1.987322000788117e-05,0.499281670416237,6.935296550282277e-09,0.4992816704162441,2.6320519398807075e-09,0.0014041591461476227,9.805874310262393e-08,2.9238684013396224e-07
Random4863
Raw:1.0104241096782867e-05,2.122547334954224e-06,1.987322000788131e-05,0.49928167041624055,6.935296550282326e-09,0.49928167041624055,2.6320519398807265e-09,0.0014041591461476327,9.805874310262462e-08,2.923868401339643e-07
EFT:1.0104241096782794e-05,2.122547334954209e-06,1.987322000788117e-05,0.499281670416237,6.935296550282277e-09,0.4992816704162441,2.6320519398807075e-09,0.0014041591461476227,9.805874310262393e-08,2.9238684013396224e-07
Random4864
Raw:1.0104241096782938e-05,2.122547334954239e-06,1.987322000788145e-05,0.499281670416237,6.935296550282277e-09,0.4992816704162441,2.632051939880745e-09,0.0014041591461476427,9.805874310262393e-08,2.9238684013396637e-07
EFT:1.0104241096782794e-05,2.122547334954209e-06,1.987322000788117e-05,0.499281670416237,6.935296550282277e-09,0.4992816704162441,2.6320519398807075e-09,0.0014041591461476227,9.805874310262393e-08,2.9238684013396224e-07
Random4865
Raw:1.0104241096782938e-05,2.122547334954209e-06,1.9873220007880885e-05,0.499281670416237,6.935296550282277e-09,0.4992816704162441,2.632051939880745e-09,0.0014041591461476227,9.805874310262532e-08,2.9238684013396224e-07
EFT:1.0104241096782794e-05,2.122547334954209e-06,1.987322000788117e-05,0.499281670416237,6.935296550282277e-09,0.4992816704162441,2.6320519398807075e-09,0.0014041591461476227,9.805874310262393e-08,2.9238684013396224e-07
Random4866
Raw:1.0104241096782938e-05,2.122547334954209e-06,1.987322000788117e-05,0.499281670416237,6.9352965502823754e-09,0.4992816704162441,2.6320519398807824e-09,0.0014041591461476227,9.805874310262532e-08,2.9238684013396637e-07
EFT:1.0104241096782794e-05,2.122547334954209e-06,1.987322000788117e-05,0.499281670416237,6.935296550282277e-09,0.4992816704162441,2.6320519398807075e-09,0.0014041591461476227,9.805874310262393e-08,2.9238684013396224e-07
Random4867
Raw:1.0104241096782867e-05,2.1225473349542546e-06,1.987322000788131e-05,0.49928167041624055,6.935296550282326e-09,0.49928167041624055,2.6320519398807638e-09,0.0014041591461476128,9.805874310262462e-08,2.923868401339643e-07
EFT:1.0104241096782794e-05,2.122547334954209e-06,1.987322000788117e-05,0.499281670416237,6.935296550282277e-09,0.4992816704162441,2.6320519398807075e-09,0.0014041591461476227,9.805874310262393e-08,2.9238684013396224e-07
Random4868
Raw:1.0104241096782938e-05,2.122547334954239e-06,1.987322000788145e-05,0.499281670416237,6.935296550282277e-09,0.4992816704162441,2.632051939880745e-09,0.0014041591461476427,9.805874310262393e-08,2.9238684013396637e-07
EFT:1.0104241096782794e-05,2.122547334954209e-06,1.987322000788117e-05,0.499281670416237,6.935296550282277e-09,0.4992816704162441,2.6320519398807075e-09,0.0014041591461476227,9.805874310262393e-08,2.9238684013396224e-07
Random4869
Raw:1.0104241096782867e-05,2.122547334954194e-06,1.9873220007881028e-05,0.49928167041624055,6.935296550282326e-09,0.49928167041624055,2.6320519398807265e-09,0.0014041591461476128,9.805874310262323e-08,2.923868401339643e-07
EFT:1.0104241096782794e-05,2.122547334954209e-06,1.987322000788117e-05,0.499281670416237,6.935296550282277e-09,0.4992816704162441,2.6320519398807075e-09,0.0014041591461476227,9.805874310262393e-08,2.9238684013396224e-07
Random4870
Raw:1.0104241096782867e-05,2.122547334954224e-06,1.987322000788131e-05,0.49928167041624055,6.935296550282326e-09,0.49928167041624055,2.6320519398807265e-09,0.0014041591461476327,9.805874310262462e-08,2.923868401339643e-07
EFT:1.0104241096782794e-05,2.122547334954209e-06,1.987322000788117e-05,0.499281670416237,6.935296550282277e-09,0.4992816704162441,2.6320519398807075e-09,0.0014041591461476227,9.805874310262393e-08,2.9238684013396224e-07
Random4871
Raw:1.0104241096783009e-05,2.122547334954224e-06,1.987322000788131e-05,0.49928167041623345,6.935296550282327e-09,0.49928167041624766,2.6320519398807638e-09,0.0014041591461476327,9.805874310262462e-08,2.923868401339685e-07
EFT:1.0104241096782794e-05,2.122547334954209e-06,1.987322000788117e-05,0.499281670416237,6.935296550282277e-09,0.4992816704162441,2.6320519398807075e-09,0.0014041591461476227,9.805874310262393e-08,2.9238684013396224e-07
Random4872
Raw:1.0104241096782867e-05,2.122547334954194e-06,1.9873220007881028e-05,0.49928167041624055,6.935296550282228e-09,0.49928167041624055,2.632051939880689e-09,0.0014041591461476128,9.805874310262462e-08,2.923868401339602e-07
EFT:1.0104241096782794e-05,2.122547334954209e-06,1.987322000788117e-05,0.499281670416237,6.935296550282277e-09,0.4992816704162441,2.6320519398807075e-09,0.0014041591461476227,9.805874310262393e-08,2.9238684013396224e-07
Random4873
Raw:1.0104241096782867e-05,2.122547334954194e-06,1.9873220007881028e-05,0.49928167041624055,6.935296550282326e-09,0.49928167041624055,2.6320519398807265e-09,0.0014041591461476128,9.805874310262323e-08,2.923868401339643e-07
EFT:1.0104241096782794e-05,2.122547334954209e-06,1.987322000788117e-05,0.499281670416237,6.935296550282277e-09,0.4992816704162441,2.6320519398807075e-09,0.0014041591461476227,9.805874310262393e-08,2.9238684013396224e-07
Random4874
Raw:1.0104241096782867e-05,2.122547334954194e-06,1.9873220007881028e-05,0.49928167041624055,6.935296550282228e-09,0.49928167041624055,2.632051939880689e-09,0.0014041591461476327,9.805874310262323e-08,2.923868401339602e-07
EFT:1.0104241096782794e-05,2.122547334954209e-06,1.987322000788117e-05,0.499281670416237,6.935296550282277e-09,0.4992816704162441,2.6320519398807075e-09,0.0014041591461476227,9.805874310262393e-08,2.9238684013396224e-07
Random4875
Raw:1.010424109678301e-05,2.1225473349542546e-06,1.987322000788131e-05,0.49928167041624055,6.935296550282425e-09,0.49928167041624055,2.6320519398807638e-09,0.0014041591461476527,9.805874310262462e-08,2.923868401339643e-07
EFT:1.0104241096782794e-05,2.122547334954209e-06,1.987322000788117e-05,0.499281670416237,6.935296550282277e-09,0.4992816704162441,2.6320519398807075e-09,0.0014041591461476227,9.805874310262393e-08,2.9238684013396224e-07
Random4876
Raw:1.0104241096783009e-05,2.122547334954224e-06,1.987322000788131e-05,0.49928167041623345,6.935296550282327e-09,0.49928167041624766,2.6320519398807638e-09,0.0014041591461476327,9.805874310262462e-08,2.923868401339685e-07
EFT:1.0104241096782794e-05,2.122547334954209e-06,1.987322000788117e-05,0.499281670416237,6.935296550282277e-09,0.4992816704162441,2.6320519398807075e-09,0.0014041591461476227,9.805874310262393e-08,2.9238684013396224e-07
Random4877
Raw:1.0104241096782938e-05,2.122547334954209e-06,1.987322000788117e-05,0.499281670416237,6.9352965502823754e-09,0.4992816704162441,2.632051939880745e-09,0.0014041591461476227,9.805874310262532e-08,2.9238684013396637e-07
EFT:1.0104241096782794e-05,2.122547334954209e-06,1.987322000788117e-05,0.499281670416237,6.935296550282277e-09,0.4992816704162441,2.6320519398807075e-09,0.0014041591461476227,9.805874310262393e-08,2.9238684013396224e-07
Random4878
Raw:1.0104241096782938e-05,2.122547334954239e-06,1.987322000788145e-05,0.499281670416237,6.935296550282277e-09,0.4992816704162441,2.632051939880745e-09,0.0014041591461476427,9.805874310262532e-08,2.9238684013396224e-07
EFT:1.0104241096782794e-05,2.122547334954209e-06,1.987322000788117e-05,0.499281670416237,6.935296550282277e-09,0.4992816704162441,2.6320519398807075e-09,0.0014041591461476227,9.805874310262393e-08,2.9238684013396224e-07
Random4879
Raw:1.0104241096782938e-05,2.122547334954239e-06,1.987322000788117e-05,0.499281670416237,6.9352965502823754e-09,0.4992816704162441,2.6320519398807824e-09,0.0014041591461476227,9.805874310262532e-08,2.9238684013396637e-07
EFT:1.0104241096782794e-05,2.122547334954209e-06,1.987322000788117e-05,0.499281670416237,6.935296550282277e-09,0.4992816704162441,2.6320519398807075e-09,0.0014041591461476227,9.805874310262393e-08,2.9238684013396224e-07
Random4880
Raw:1.0104241096783009e-05,2.122547334954224e-06,1.9873220007881028e-05,0.49928167041623345,6.935296550282327e-09,0.49928167041624766,2.6320519398807638e-09,0.0014041591461476327,9.805874310262601e-08,2.9238684013396436e-07
EFT:1.0104241096782794e-05,2.122547334954209e-06,1.987322000788117e-05,0.499281670416237,6.935296550282277e-09,0.4992816704162441,2.6320519398807075e-09,0.0014041591461476227,9.805874310262393e-08,2.9238684013396224e-07
Random4881
Raw:1.0104241096782723e-05,2.122547334954164e-06,1.9873220007880743e-05,0.49928167041624055,6.93529655028213e-09,0.49928167041624055,2.632051939880689e-09,0.0014041591461476128,9.805874310262184e-08,2.92386840133956e-07
EFT:1.0104241096782794e-05,2.122547334954209e-06,1.987322000788117e-05,0.499281670416237,6.935296550282277e-09,0.4992816704162441,2.6320519398807075e-09,0.0014041591461476227,9.805874310262393e-08,2.9238684013396224e-07
Random4882
Raw:1.0104241096782938e-05,2.1225473349541788e-06,1.9873220007880885e-05,0.499281670416237,6.935296550282277e-09,0.4992816704162441,2.632051939880745e-09,0.0014041591461476026,9.805874310262532e-08,2.9238684013396224e-07
EFT:1.0104241096782794e-05,2.122547334954209e-06,1.987322000788117e-05,0.499281670416237,6.935296550282277e-09,0.4992816704162441,2.6320519398807075e-09,0.0014041591461476227,9.805874310262393e-08,2.9238684013396224e-07
Random4883
Raw:1.0104241096782938e-05,2.122547334954209e-06,1.987322000788117e-05,0.499281670416237,6.935296550282277e-09,0.4992816704162441,2.632051939880745e-09,0.0014041591461476227,9.805874310262532e-08,2.9238684013396224e-07
EFT:1.0104241096782794e-05,2.122547334954209e-06,1.987322000788117e-05,0.499281670416237,6.935296550282277e-09,0.4992816704162441,2.6320519398807075e-09,0.0014041591461476227,9.805874310262393e-08,2.9238684013396224e-07
Random4884
Raw:1.0104241096782938e-05,2.122547334954209e-06,1.987322000788117e-05,0.499281670416237,6.9352965502823754e-09,0.4992816704162441,2.632051939880745e-09,0.0014041591461476227,9.805874310262393e-08,2.9238684013396637e-07
EFT:1.0104241096782794e-05,2.122547334954209e-06,1.987322000788117e-05,0.499281670416237,6.935296550282277e-09,0.4992816704162441,2.6320519398807075e-09,0.0014041591461476227,9.805874310262393e-08,2.9238684013396224e-07
Random4885
Raw:1.0104241096782938e-05,2.122547334954209e-06,1.9873220007880885e-05,0.499281670416237,6.935296550282277e-09,0.4992816704162441,2.632051939880745e-09,0.0014041591461476227,9.805874310262393e-08,2.9238684013396224e-07
EFT:1.0104241096782794e-05,2.122547334954209e-06,1.987322000788117e-05,0.499281670416237,6.935296550282277e-09,0.4992816704162441,2.6320519398807075e-09,0.0014041591461476227,9.805874310262393e-08,2.9238684013396224e-07
Random4886
Raw:1.0104241096782794e-05,2.122547334954209e-06,1.987322000788117e-05,0.499281670416237,6.935296550282277e-09,0.4992816704162441,2.6320519398807075e-09,0.0014041591461476227,9.805874310262393e-08,2.9238684013396224e-07
EFT:1.0104241096782794e-05,2.122547334954209e-06,1.987322000788117e-05,0.499281670416237,6.935296550282277e-09,0.4992816704162441,2.6320519398807075e-09,0.0014041591461476227,9.805874310262393e-08,2.9238684013396224e-07
Random4887
Raw:1.0104241096782865e-05,2.122547334954194e-06,1.9873220007881028e-05,0.49928167041623345,6.935296550282228e-09,0.49928167041624766,2.632051939880726e-09,0.0014041591461476126,9.805874310262462e-08,2.9238684013396436e-07
EFT:1.0104241096782794e-05,2.122547334954209e-06,1.987322000788117e-05,0.499281670416237,6.935296550282277e-09,0.4992816704162441,2.6320519398807075e-09,0.0014041591461476227,9.805874310262393e-08,2.9238684013396224e-07
Random4888
Raw:1.0104241096782938e-05,2.122547334954209e-06,1.987322000788117e-05,0.499281670416237,6.935296550282277e-09,0.4992816704162441,2.632051939880745e-09,0.0014041591461476227,9.805874310262532e-08,2.9238684013396224e-07
EFT:1.0104241096782794e-05,2.122547334954209e-06,1.987322000788117e-05,0.499281670416237,6.935296550282277e-09,0.4992816704162441,2.6320519398807075e-09,0.0014041591461476227,9.805874310262393e-08,2.9238684013396224e-07
Random4889
Raw:1.0104241096782938e-05,2.122547334954239e-06,1.987322000788145e-05,0.499281670416237,6.935296550282277e-09,0.4992816704162441,2.632051939880745e-09,0.0014041591461476227,9.805874310262532e-08,2.9238684013396224e-07
EFT:1.0104241096782794e-05,2.122547334954209e-06,1.987322000788117e-05,0.499281670416237,6.935296550282277e-09,0.4992816704162441,2.6320519398807075e-09,0.0014041591461476227,9.805874310262393e-08,2.9238684013396224e-07
Random4890
Raw:1.0104241096782865e-05,2.122547334954194e-06,1.9873220007881028e-05,0.49928167041623345,6.935296550282228e-09,0.49928167041624766,2.632051939880726e-09,0.0014041591461476126,9.805874310262462e-08,2.9238684013396436e-07
EFT:1.0104241096782794e-05,2.122547334954209e-06,1.987322000788117e-05,0.499281670416237,6.935296550282277e-09,0.4992816704162441,2.6320519398807075e-09,0.0014041591461476227,9.805874310262393e-08,2.9238684013396224e-07
Random4891
Raw:1.0104241096783009e-05,2.122547334954194e-06,1.9873220007881028e-05,0.49928167041623345,6.935296550282327e-09,0.49928167041624766,2.6320519398807638e-09,0.0014041591461476327,9.805874310262462e-08,2.9238684013396436e-07
EFT:1.0104241096782794e-05,2.122547334954209e-06,1.987322000788117e-05,0.499281670416237,6.935296550282277e-09,0.4992816704162441,2.6320519398807075e-09,0.0014041591461476227,9.805874310262393e-08,2.9238684013396224e-07
Random4892
Raw:1.0104241096782938e-05,2.122547334954239e-06,1.987322000788117e-05,0.499281670416237,6.9352965502823754e-09,0.4992816704162441,2.6320519398807824e-09,0.0014041591461476227,9.805874310262532e-08,2.9238684013396637e-07
EFT:1.0104241096782794e-05,2.122547334954209e-06,1.987322000788117e-05,0.499281670416237,6.935296550282277e-09,0.4992816704162441,2.6320519398807075e-09,0.0014041591461476227,9.805874310262393e-08,2.9238684013396224e-07
Random4893
Raw:1.0104241096782865e-05,2.122547334954194e-06,1.9873220007881028e-05,0.49928167041623345,6.935296550282327e-09,0.49928167041624766,2.632051939880726e-09,0.0014041591461476126,9.805874310262462e-08,2.9238684013396436e-07
EFT:1.0104241096782794e-05,2.122547334954209e-06,1.987322000788117e-05,0.499281670416237,6.935296550282277e-09,0.4992816704162441,2.6320519398807075e-09,0.0014041591461476227,9.805874310262393e-08,2.9238684013396224e-07
Random4894
Raw:1.0104241096782723e-05,2.122547334954194e-06,1.9873220007881028e-05,0.49928167041624055,6.935296550282228e-09,0.49928167041624055,2.632051939880689e-09,0.0014041591461476128,9.805874310262184e-08,2.923868401339602e-07
EFT:1.0104241096782794e-05,2.122547334954209e-06,1.987322000788117e-05,0.499281670416237,6.935296550282277e-09,0.4992816704162441,2.6320519398807075e-09,0.0014041591461476227,9.805874310262393e-08,2.9238684013396224e-07
Random4895
Raw:1.0104241096782938e-05,2.122547334954209e-06,1.987322000788117e-05,0.499281670416237,6.9352965502823754e-09,0.4992816704162441,2.632051939880745e-09,0.0014041591461476227,9.805874310262393e-08,2.9238684013396637e-07
EFT:1.0104241096782794e-05,2.122547334954209e-06,1.987322000788117e-05,0.499281670416237,6.935296550282277e-09,0.4992816704162441,2.6320519398807075e-09,0.0014041591461476227,9.805874310262393e-08,2.9238684013396224e-07
Random4896
Raw:1.0104241096782867e-05,2.122547334954224e-06,1.987322000788131e-05,0.49928167041624055,6.935296550282326e-09,0.49928167041624055,2.6320519398807265e-09,0.0014041591461476327,9.805874310262462e-08,2.923868401339643e-07
EFT:1.0104241096782794e-05,2.122547334954209e-06,1.987322000788117e-05,0.499281670416237,6.935296550282277e-09,0.4992816704162441,2.6320519398807075e-09,0.0014041591461476227,9.805874310262393e-08,2.9238684013396224e-07
Random4897
Raw:1.0104241096783009e-05,2.122547334954194e-06,1.9873220007881028e-05,0.49928167041623345,6.935296550282327e-09,0.49928167041624766,2.6320519398807638e-09,0.0014041591461476327,9.805874310262462e-08,2.9238684013396436e-07
EFT:1.0104241096782794e-05,2.122547334954209e-06,1.987322000788117e-05,0.499281670416237,6.935296550282277e-09,0.4992816704162441,2.6320519398807075e-09,0.0014041591461476227,9.805874310262393e-08,2.9238684013396224e-07
Random4898
Raw:1.0104241096782938e-05,2.122547334954209e-06,1.987322000788117e-05,0.499281670416237,6.935296550282277e-09,0.4992816704162441,2.632051939880745e-09,0.0014041591461476227,9.805874310262532e-08,2.9238684013396224e-07
EFT:1.0104241096782794e-05,2.122547334954209e-06,1.987322000788117e-05,0.499281670416237,6.935296550282277e-09,0.4992816704162441,2.6320519398807075e-09,0.0014041591461476227,9.805874310262393e-08,2.9238684013396224e-07
Random4899
Raw:1.0104241096783009e-05,2.122547334954224e-06,1.9873220007881028e-05,0.49928167041623345,6.935296550282327e-09,0.49928167041624766,2.6320519398807638e-09,0.0014041591461476327,9.805874310262601e-08,2.9238684013396436e-07
EFT:1.0104241096782794e-05,2.122547334954209e-06,1.987322000788117e-05,0.499281670416237,6.935296550282277e-09,0.4992816704162441,2.6320519398807075e-09,0.0014041591461476227,9.805874310262393e-08,2.9238684013396224e-07
Random4900
Raw:1.0104241096782867e-05,2.122547334954224e-06,1.987322000788131e-05,0.49928167041624055,6.935296550282326e-09,0.49928167041624055,2.6320519398807265e-09,0.0014041591461476327,9.805874310262462e-08,2.923868401339643e-07
EFT:1.0104241096782794e-05,2.122547334954209e-06,1.987322000788117e-05,0.499281670416237,6.935296550282277e-09,0.4992816704162441,2.6320519398807075e-09,0.0014041591461476227,9.805874310262393e-08,2.9238684013396224e-07
Random4901
Raw:1.0104241096782867e-05,2.122547334954224e-06,1.9873220007881028e-05,0.49928167041624055,6.935296550282326e-09,0.49928167041624055,2.6320519398807638e-09,0.0014041591461476128,9.805874310262462e-08,2.923868401339643e-07
EFT:1.0104241096782794e-05,2.122547334954209e-06,1.987322000788117e-05,0.499281670416237,6.935296550282277e-09,0.4992816704162441,2.6320519398807075e-09,0.0014041591461476227,9.805874310262393e-08,2.9238684013396224e-07
Random4902
Raw:1.0104241096782867e-05,2.122547334954194e-06,1.9873220007881028e-05,0.49928167041624055,6.935296550282326e-09,0.49928167041624055,2.6320519398807265e-09,0.0014041591461476128,9.805874310262323e-08,2.923868401339643e-07
EFT:1.0104241096782794e-05,2.122547334954209e-06,1.987322000788117e-05,0.499281670416237,6.935296550282277e-09,0.4992816704162441,2.6320519398807075e-09,0.0014041591461476227,9.805874310262393e-08,2.9238684013396224e-07
Random4903
Raw:1.0104241096783009e-05,2.122547334954194e-06,1.9873220007881028e-05,0.49928167041623345,6.935296550282327e-09,0.49928167041624766,2.6320519398807638e-09,0.0014041591461476327,9.805874310262462e-08,2.9238684013396436e-07
EFT:1.0104241096782794e-05,2.122547334954209e-06,1.987322000788117e-05,0.499281670416237,6.935296550282277e-09,0.4992816704162441,2.6320519398807075e-09,0.0014041591461476227,9.805874310262393e-08,2.9238684013396224e-07
Random4904
Raw:1.0104241096782867e-05,2.122547334954224e-06,1.987322000788131e-05,0.49928167041624055,6.935296550282326e-09,0.49928167041624055,2.6320519398807265e-09,0.0014041591461476128,9.805874310262462e-08,2.923868401339643e-07
EFT:1.0104241096782794e-05,2.122547334954209e-06,1.987322000788117e-05,0.499281670416237,6.935296550282277e-09,0.4992816704162441,2.6320519398807075e-09,0.0014041591461476227,9.805874310262393e-08,2.9238684013396224e-07
Random4905
Raw:1.0104241096782794e-05,2.122547334954209e-06,1.987322000788117e-05,0.499281670416237,6.935296550282277e-09,0.4992816704162441,2.6320519398807075e-09,0.0014041591461476227,9.805874310262393e-08,2.9238684013396224e-07
EFT:1.0104241096782794e-05,2.122547334954209e-06,1.987322000788117e-05,0.499281670416237,6.935296550282277e-09,0.4992816704162441,2.6320519398807075e-09,0.0014041591461476227,9.805874310262393e-08,2.9238684013396224e-07
Random4906
Raw:1.0104241096782938e-05,2.122547334954209e-06,1.9873220007880885e-05,0.499281670416237,6.935296550282277e-09,0.4992816704162441,2.632051939880745e-09,0.0014041591461476227,9.805874310262393e-08,2.9238684013396224e-07
EFT:1.0104241096782794e-05,2.122547334954209e-06,1.987322000788117e-05,0.499281670416237,6.935296550282277e-09,0.4992816704162441,2.6320519398807075e-09,0.0014041591461476227,9.805874310262393e-08,2.9238684013396224e-07
Random4907
Raw:1.0104241096782938e-05,2.122547334954209e-06,1.987322000788117e-05,0.499281670416237,6.935296550282277e-09,0.4992816704162441,2.632051939880745e-09,0.0014041591461476227,9.805874310262532e-08,2.9238684013396224e-07
EFT:1.0104241096782794e-05,2.122547334954209e-06,1.987322000788117e-05,0.499281670416237,6.935296550282277e-09,0.4992816704162441,2.6320519398807075e-09,0.0014041591461476227,9.805874310262393e-08,2.9238684013396224e-07
Random4908
Raw:1.0104241096782938e-05,2.122547334954209e-06,1.987322000788117e-05,0.499281670416237,6.9352965502823754e-09,0.4992816704162441,2.632051939880745e-09,0.0014041591461476227,9.805874310262532e-08,2.9238684013396637e-07
EFT:1.0104241096782794e-05,2.122547334954209e-06,1.987322000788117e-05,0.499281670416237,6.935296550282277e-09,0.4992816704162441,2.6320519398807075e-09,0.0014041591461476227,9.805874310262393e-08,2.9238684013396224e-07
Random4909
Raw:1.0104241096782938e-05,2.122547334954239e-06,1.987322000788145e-05,0.499281670416237,6.935296550282277e-09,0.4992816704162441,2.632051939880745e-09,0.0014041591461476427,9.805874310262393e-08,2.9238684013396637e-07
EFT:1.0104241096782794e-05,2.122547334954209e-06,1.987322000788117e-05,0.499281670416237,6.935296550282277e-09,0.4992816704162441,2.6320519398807075e-09,0.0014041591461476227,9.805874310262393e-08,2.9238684013396224e-07
Random4910
Raw:1.0104241096782867e-05,2.122547334954224e-06,1.9873220007881028e-05,0.49928167041624055,6.935296550282326e-09,0.49928167041624055,2.6320519398807265e-09,0.0014041591461476327,9.805874310262602e-08,2.923868401339643e-07
EFT:1.0104241096782794e-05,2.122547334954209e-06,1.987322000788117e-05,0.499281670416237,6.935296550282277e-09,0.4992816704162441,2.6320519398807075e-09,0.0014041591461476227,9.805874310262393e-08,2.9238684013396224e-07
Random4911
Raw:1.0104241096782794e-05,2.122547334954209e-06,1.987322000788117e-05,0.499281670416237,6.935296550282277e-09,0.4992816704162441,2.6320519398807075e-09,0.0014041591461476227,9.805874310262393e-08,2.9238684013396224e-07
EFT:1.0104241096782794e-05,2.122547334954209e-06,1.987322000788117e-05,0.499281670416237,6.935296550282277e-09,0.4992816704162441,2.6320519398807075e-09,0.0014041591461476227,9.805874310262393e-08,2.9238684013396224e-07
Random4912
Raw:1.0104241096782794e-05,2.1225473349541788e-06,1.9873220007880885e-05,0.499281670416237,6.935296550282277e-09,0.4992816704162441,2.632051939880745e-09,0.0014041591461476026,9.805874310262254e-08,2.9238684013396224e-07
EFT:1.0104241096782794e-05,2.122547334954209e-06,1.987322000788117e-05,0.499281670416237,6.935296550282277e-09,0.4992816704162441,2.6320519398807075e-09,0.0014041591461476227,9.805874310262393e-08,2.9238684013396224e-07
Random4913
Raw:1.0104241096782938e-05,2.122547334954239e-06,1.987322000788145e-05,0.499281670416237,6.935296550282277e-09,0.4992816704162441,2.632051939880745e-09,0.0014041591461476427,9.805874310262393e-08,2.9238684013396637e-07
EFT:1.0104241096782794e-05,2.122547334954209e-06,1.987322000788117e-05,0.499281670416237,6.935296550282277e-09,0.4992816704162441,2.6320519398807075e-09,0.0014041591461476227,9.805874310262393e-08,2.9238684013396224e-07
Random4914
Raw:1.0104241096783009e-05,2.122547334954194e-06,1.9873220007881028e-05,0.49928167041623345,6.935296550282327e-09,0.49928167041624766,2.6320519398807638e-09,0.0014041591461476327,9.805874310262462e-08,2.9238684013396436e-07
EFT:1.0104241096782794e-05,2.122547334954209e-06,1.987322000788117e-05,0.499281670416237,6.935296550282277e-09,0.4992816704162441,2.6320519398807075e-09,0.0014041591461476227,9.805874310262393e-08,2.9238684013396224e-07
Random4915
Raw:1.0104241096782794e-05,2.122547334954209e-06,1.987322000788117e-05,0.499281670416237,6.935296550282277e-09,0.4992816704162441,2.6320519398807075e-09,0.0014041591461476227,9.805874310262393e-08,2.9238684013396224e-07
EFT:1.0104241096782794e-05,2.122547334954209e-06,1.987322000788117e-05,0.499281670416237,6.935296550282277e-09,0.4992816704162441,2.6320519398807075e-09,0.0014041591461476227,9.805874310262393e-08,2.9238684013396224e-07
Random4916
Raw:1.0104241096782938e-05,2.1225473349541788e-06,1.9873220007880885e-05,0.499281670416237,6.935296550282277e-09,0.4992816704162441,2.632051939880745e-09,0.0014041591461476026,9.805874310262532e-08,2.9238684013396224e-07
EFT:1.0104241096782794e-05,2.122547334954209e-06,1.987322000788117e-05,0.499281670416237,6.935296550282277e-09,0.4992816704162441,2.6320519398807075e-09,0.0014041591461476227,9.805874310262393e-08,2.9238684013396224e-07
Random4917
Raw:1.0104241096782723e-05,2.122547334954194e-06,1.9873220007881028e-05,0.49928167041624055,6.935296550282228e-09,0.49928167041624055,2.632051939880689e-09,0.0014041591461476128,9.805874310262184e-08,2.923868401339602e-07
EFT:1.0104241096782794e-05,2.122547334954209e-06,1.987322000788117e-05,0.499281670416237,6.935296550282277e-09,0.4992816704162441,2.6320519398807075e-09,0.0014041591461476227,9.805874310262393e-08,2.9238684013396224e-07
Random4918
Raw:1.0104241096782865e-05,2.122547334954194e-06,1.9873220007881028e-05,0.49928167041623345,6.935296550282228e-09,0.49928167041624766,2.632051939880726e-09,0.0014041591461476126,9.805874310262462e-08,2.9238684013396436e-07
EFT:1.0104241096782794e-05,2.122547334954209e-06,1.987322000788117e-05,0.499281670416237,6.935296550282277e-09,0.4992816704162441,2.6320519398807075e-09,0.0014041591461476227,9.805874310262393e-08,2.9238684013396224e-07
Random4919
Raw:1.0104241096782867e-05,2.122547334954194e-06,1.9873220007881028e-05,0.49928167041624055,6.935296550282326e-09,0.49928167041624055,2.6320519398807265e-09,0.0014041591461476128,9.805874310262602e-08,2.923868401339643e-07
EFT:1.0104241096782794e-05,2.122547334954209e-06,1.987322000788117e-05,0.499281670416237,6.935296550282277e-09,0.4992816704162441,2.6320519398807075e-09,0.0014041591461476227,9.805874310262393e-08,2.9238684013396224e-07
Random4920
Raw:1.0104241096782938e-05,2.122547334954209e-06,1.987322000788117e-05,0.499281670416237,6.9352965502823754e-09,0.4992816704162441,2.632051939880745e-09,0.0014041591461476227,9.805874310262532e-08,2.9238684013396637e-07
EFT:1.0104241096782794e-05,2.122547334954209e-06,1.987322000788117e-05,0.499281670416237,6.935296550282277e-09,0.4992816704162441,2.6320519398807075e-09,0.0014041591461476227,9.805874310262393e-08,2.9238684013396224e-07
Random4921
Raw:1.0104241096782938e-05,2.122547334954239e-06,1.987322000788117e-05,0.499281670416237,6.935296550282277e-09,0.4992816704162441,2.632051939880745e-09,0.0014041591461476427,9.805874310262532e-08,2.9238684013396224e-07
EFT:1.0104241096782794e-05,2.122547334954209e-06,1.987322000788117e-05,0.499281670416237,6.935296550282277e-09,0.4992816704162441,2.6320519398807075e-09,0.0014041591461476227,9.805874310262393e-08,2.9238684013396224e-07
Random4922
Raw:1.0104241096782938e-05,2.122547334954239e-06,1.987322000788145e-05,0.499281670416237,6.935296550282277e-09,0.4992816704162441,2.632051939880745e-09,0.0014041591461476427,9.805874310262532e-08,2.9238684013396224e-07
EFT:1.0104241096782794e-05,2.122547334954209e-06,1.987322000788117e-05,0.499281670416237,6.935296550282277e-09,0.4992816704162441,2.6320519398807075e-09,0.0014041591461476227,9.805874310262393e-08,2.9238684013396224e-07
Random4923
Raw:1.0104241096782867e-05,2.122547334954224e-06,1.987322000788131e-05,0.49928167041624055,6.935296550282326e-09,0.49928167041624055,2.6320519398807265e-09,0.0014041591461476327,9.805874310262462e-08,2.923868401339643e-07
EFT:1.0104241096782794e-05,2.122547334954209e-06,1.987322000788117e-05,0.499281670416237,6.935296550282277e-09,0.4992816704162441,2.6320519398807075e-09,0.0014041591461476227,9.805874310262393e-08,2.9238684013396224e-07
Random4924
Raw:1.0104241096782938e-05,2.122547334954239e-06,1.987322000788117e-05,0.499281670416237,6.9352965502823754e-09,0.4992816704162441,2.6320519398807824e-09,0.0014041591461476227,9.805874310262532e-08,2.9238684013396637e-07
EFT:1.0104241096782794e-05,2.122547334954209e-06,1.987322000788117e-05,0.499281670416237,6.935296550282277e-09,0.4992816704162441,2.6320519398807075e-09,0.0014041591461476227,9.805874310262393e-08,2.9238684013396224e-07
Random4925
Raw:1.0104241096782794e-05,2.1225473349541788e-06,1.9873220007880885e-05,0.499281670416237,6.9352965502821786e-09,0.4992816704162441,2.63205193988067e-09,0.0014041591461476227,9.805874310262254e-08,2.923868401339581e-07
EFT:1.0104241096782794e-05,2.122547334954209e-06,1.987322000788117e-05,0.499281670416237,6.935296550282277e-09,0.4992816704162441,2.6320519398807075e-09,0.0014041591461476227,9.805874310262393e-08,2.9238684013396224e-07
Random4926
Raw:1.0104241096782938e-05,2.122547334954209e-06,1.987322000788117e-05,0.499281670416237,6.9352965502823754e-09,0.4992816704162441,2.6320519398807824e-09,0.0014041591461476227,9.805874310262532e-08,2.9238684013396637e-07
EFT:1.0104241096782794e-05,2.122547334954209e-06,1.987322000788117e-05,0.499281670416237,6.935296550282277e-09,0.4992816704162441,2.6320519398807075e-09,0.0014041591461476227,9.805874310262393e-08,2.9238684013396224e-07
Random4927
Raw:1.0104241096782938e-05,2.122547334954209e-06,1.987322000788117e-05,0.499281670416237,6.9352965502823754e-09,0.4992816704162441,2.632051939880745e-09,0.0014041591461476227,9.805874310262393e-08,2.9238684013396637e-07
EFT:1.0104241096782794e-05,2.122547334954209e-06,1.987322000788117e-05,0.499281670416237,6.935296550282277e-09,0.4992816704162441,2.6320519398807075e-09,0.0014041591461476227,9.805874310262393e-08,2.9238684013396224e-07
Random4928
Raw:1.0104241096782938e-05,2.122547334954239e-06,1.987322000788117e-05,0.499281670416237,6.935296550282277e-09,0.4992816704162441,2.632051939880745e-09,0.0014041591461476427,9.805874310262532e-08,2.9238684013396224e-07
EFT:1.0104241096782794e-05,2.122547334954209e-06,1.987322000788117e-05,0.499281670416237,6.935296550282277e-09,0.4992816704162441,2.6320519398807075e-09,0.0014041591461476227,9.805874310262393e-08,2.9238684013396224e-07
Random4929
Raw:1.0104241096782938e-05,2.122547334954209e-06,1.987322000788117e-05,0.499281670416237,6.9352965502823754e-09,0.4992816704162441,2.632051939880745e-09,0.0014041591461476227,9.805874310262393e-08,2.9238684013396637e-07
EFT:1.0104241096782794e-05,2.122547334954209e-06,1.987322000788117e-05,0.499281670416237,6.935296550282277e-09,0.4992816704162441,2.6320519398807075e-09,0.0014041591461476227,9.805874310262393e-08,2.9238684013396224e-07
Random4930
Raw:1.0104241096782938e-05,2.122547334954209e-06,1.9873220007880885e-05,0.499281670416237,6.935296550282277e-09,0.4992816704162441,2.632051939880745e-09,0.0014041591461476227,9.805874310262393e-08,2.9238684013396224e-07
EFT:1.0104241096782794e-05,2.122547334954209e-06,1.987322000788117e-05,0.499281670416237,6.935296550282277e-09,0.4992816704162441,2.6320519398807075e-09,0.0014041591461476227,9.805874310262393e-08,2.9238684013396224e-07
Random4931
Raw:1.0104241096782794e-05,2.122547334954209e-06,1.987322000788117e-05,0.499281670416237,6.9352965502821786e-09,0.4992816704162441,2.6320519398807075e-09,0.0014041591461476227,9.805874310262393e-08,2.9238684013396224e-07
EFT:1.0104241096782794e-05,2.122547334954209e-06,1.987322000788117e-05,0.499281670416237,6.935296550282277e-09,0.4992816704162441,2.6320519398807075e-09,0.0014041591461476227,9.805874310262393e-08,2.9238684013396224e-07
Random4932
Raw:1.0104241096782938e-05,2.122547334954209e-06,1.987322000788117e-05,0.499281670416237,6.935296550282277e-09,0.4992816704162441,2.632051939880745e-09,0.0014041591461476427,9.805874310262393e-08,2.9238684013396224e-07
EFT:1.0104241096782794e-05,2.122547334954209e-06,1.987322000788117e-05,0.499281670416237,6.935296550282277e-09,0.4992816704162441,2.6320519398807075e-09,0.0014041591461476227,9.805874310262393e-08,2.9238684013396224e-07
Random4933
Raw:1.0104241096782938e-05,2.122547334954239e-06,1.987322000788117e-05,0.499281670416237,6.935296550282277e-09,0.4992816704162441,2.632051939880745e-09,0.0014041591461476227,9.805874310262532e-08,2.9238684013396224e-07
EFT:1.0104241096782794e-05,2.122547334954209e-06,1.987322000788117e-05,0.499281670416237,6.935296550282277e-09,0.4992816704162441,2.6320519398807075e-09,0.0014041591461476227,9.805874310262393e-08,2.9238684013396224e-07
Random4934
Raw:1.0104241096783009e-05,2.122547334954194e-06,1.9873220007881028e-05,0.49928167041623345,6.935296550282327e-09,0.49928167041624766,2.6320519398807638e-09,0.0014041591461476327,9.805874310262462e-08,2.9238684013396436e-07
EFT:1.0104241096782794e-05,2.122547334954209e-06,1.987322000788117e-05,0.499281670416237,6.935296550282277e-09,0.4992816704162441,2.6320519398807075e-09,0.0014041591461476227,9.805874310262393e-08,2.9238684013396224e-07
Random4935
Raw:1.0104241096783009e-05,2.122547334954194e-06,1.9873220007881028e-05,0.49928167041623345,6.935296550282327e-09,0.49928167041624766,2.6320519398807638e-09,0.0014041591461476327,9.805874310262462e-08,2.9238684013396436e-07
EFT:1.0104241096782794e-05,2.122547334954209e-06,1.987322000788117e-05,0.499281670416237,6.935296550282277e-09,0.4992816704162441,2.6320519398807075e-09,0.0014041591461476227,9.805874310262393e-08,2.9238684013396224e-07
Random4936
Raw:1.0104241096782867e-05,2.122547334954194e-06,1.9873220007881028e-05,0.49928167041624055,6.935296550282326e-09,0.49928167041624055,2.6320519398807265e-09,0.0014041591461476128,9.805874310262323e-08,2.923868401339643e-07
EFT:1.0104241096782794e-05,2.122547334954209e-06,1.987322000788117e-05,0.499281670416237,6.935296550282277e-09,0.4992816704162441,2.6320519398807075e-09,0.0014041591461476227,9.805874310262393e-08,2.9238684013396224e-07
Random4937
Raw:1.0104241096783009e-05,2.122547334954224e-06,1.9873220007881028e-05,0.49928167041623345,6.935296550282327e-09,0.49928167041624766,2.6320519398807638e-09,0.0014041591461476327,9.805874310262601e-08,2.9238684013396436e-07
EFT:1.0104241096782794e-05,2.122547334954209e-06,1.987322000788117e-05,0.499281670416237,6.935296550282277e-09,0.4992816704162441,2.6320519398807075e-09,0.0014041591461476227,9.805874310262393e-08,2.9238684013396224e-07
Random4938
Raw:1.0104241096782938e-05,2.122547334954209e-06,1.9873220007880885e-05,0.499281670416237,6.935296550282277e-09,0.4992816704162441,2.632051939880745e-09,0.0014041591461476227,9.805874310262532e-08,2.9238684013396224e-07
EFT:1.0104241096782794e-05,2.122547334954209e-06,1.987322000788117e-05,0.499281670416237,6.935296550282277e-09,0.4992816704162441,2.6320519398807075e-09,0.0014041591461476227,9.805874310262393e-08,2.9238684013396224e-07
Random4939
Raw:1.0104241096783009e-05,2.122547334954194e-06,1.9873220007881028e-05,0.49928167041623345,6.935296550282327e-09,0.49928167041624766,2.6320519398807638e-09,0.0014041591461476126,9.805874310262601e-08,2.9238684013396436e-07
EFT:1.0104241096782794e-05,2.122547334954209e-06,1.987322000788117e-05,0.499281670416237,6.935296550282277e-09,0.4992816704162441,2.6320519398807075e-09,0.0014041591461476227,9.805874310262393e-08,2.9238684013396224e-07
Random4940
Raw:1.0104241096782794e-05,2.1225473349541788e-06,1.9873220007880885e-05,0.499281670416237,6.9352965502821786e-09,0.4992816704162441,2.63205193988067e-09,0.0014041591461476227,9.805874310262114e-08,2.923868401339581e-07
EFT:1.0104241096782794e-05,2.122547334954209e-06,1.987322000788117e-05,0.499281670416237,6.935296550282277e-09,0.4992816704162441,2.6320519398807075e-09,0.0014041591461476227,9.805874310262393e-08,2.9238684013396224e-07
Random4941
Raw:1.0104241096782938e-05,2.122547334954209e-06,1.9873220007880885e-05,0.499281670416237,6.935296550282277e-09,0.4992816704162441,2.632051939880745e-09,0.0014041591461476227,9.805874310262532e-08,2.9238684013396224e-07
EFT:1.0104241096782794e-05,2.122547334954209e-06,1.987322000788117e-05,0.499281670416237,6.935296550282277e-09,0.4992816704162441,2.6320519398807075e-09,0.0014041591461476227,9.805874310262393e-08,2.9238684013396224e-07
Random4942
Raw:1.0104241096782938e-05,2.122547334954209e-06,1.987322000788117e-05,0.499281670416237,6.935296550282277e-09,0.4992816704162441,2.632051939880745e-09,0.0014041591461476227,9.805874310262532e-08,2.9238684013396224e-07
EFT:1.0104241096782794e-05,2.122547334954209e-06,1.987322000788117e-05,0.499281670416237,6.935296550282277e-09,0.4992816704162441,2.6320519398807075e-09,0.0014041591461476227,9.805874310262393e-08,2.9238684013396224e-07
Random4943
Raw:1.0104241096782723e-05,2.122547334954194e-06,1.9873220007881028e-05,0.49928167041624055,6.93529655028213e-09,0.49928167041624055,2.6320519398806513e-09,0.0014041591461476128,9.805874310262323e-08,2.923868401339602e-07
EFT:1.0104241096782794e-05,2.122547334954209e-06,1.987322000788117e-05,0.499281670416237,6.935296550282277e-09,0.4992816704162441,2.6320519398807075e-09,0.0014041591461476227,9.805874310262393e-08,2.9238684013396224e-07
Random4944
Raw:1.0104241096782865e-05,2.122547334954194e-06,1.9873220007880747e-05,0.49928167041623345,6.935296550282228e-09,0.49928167041624766,2.6320519398807638e-09,0.0014041591461475926,9.805874310262462e-08,2.9238684013396436e-07
EFT:1.0104241096782794e-05,2.122547334954209e-06,1.987322000788117e-05,0.499281670416237,6.935296550282277e-09,0.4992816704162441,2.6320519398807075e-09,0.0014041591461476227,9.805874310262393e-08,2.9238684013396224e-07
Random4945
Raw:1.0104241096783009e-05,2.122547334954194e-06,1.9873220007881028e-05,0.49928167041623345,6.935296550282327e-09,0.49928167041624766,2.6320519398807638e-09,0.0014041591461476327,9.805874310262462e-08,2.9238684013396436e-07
EFT:1.0104241096782794e-05,2.122547334954209e-06,1.987322000788117e-05,0.499281670416237,6.935296550282277e-09,0.4992816704162441,2.6320519398807075e-09,0.0014041591461476227,9.805874310262393e-08,2.9238684013396224e-07
Random4946
Raw:1.0104241096782938e-05,2.122547334954209e-06,1.987322000788117e-05,0.499281670416237,6.9352965502823754e-09,0.4992816704162441,2.632051939880745e-09,0.0014041591461476227,9.805874310262393e-08,2.9238684013396637e-07
EFT:1.0104241096782794e-05,2.122547334954209e-06,1.987322000788117e-05,0.499281670416237,6.935296550282277e-09,0.4992816704162441,2.6320519398807075e-09,0.0014041591461476227,9.805874310262393e-08,2.9238684013396224e-07
Random4947
Raw:1.0104241096782867e-05,2.122547334954224e-06,1.9873220007881028e-05,0.49928167041624055,6.935296550282326e-09,0.49928167041624055,2.6320519398807265e-09,0.0014041591461476327,9.805874310262323e-08,2.923868401339643e-07
EFT:1.0104241096782794e-05,2.122547334954209e-06,1.987322000788117e-05,0.499281670416237,6.935296550282277e-09,0.4992816704162441,2.6320519398807075e-09,0.0014041591461476227,9.805874310262393e-08,2.9238684013396224e-07
Random4948
Raw:1.0104241096782938e-05,2.122547334954209e-06,1.987322000788117e-05,0.499281670416237,6.935296550282277e-09,0.4992816704162441,2.632051939880745e-09,0.0014041591461476427,9.805874310262393e-08,2.9238684013396224e-07
EFT:1.0104241096782794e-05,2.122547334954209e-06,1.987322000788117e-05,0.499281670416237,6.935296550282277e-09,0.4992816704162441,2.6320519398807075e-09,0.0014041591461476227,9.805874310262393e-08,2.9238684013396224e-07
Random4949
Raw:1.0104241096783009e-05,2.122547334954194e-06,1.9873220007881028e-05,0.49928167041623345,6.935296550282327e-09,0.49928167041624766,2.6320519398807638e-09,0.0014041591461476327,9.805874310262462e-08,2.9238684013396436e-07
EFT:1.0104241096782794e-05,2.122547334954209e-06,1.987322000788117e-05,0.499281670416237,6.935296550282277e-09,0.4992816704162441,2.6320519398807075e-09,0.0014041591461476227,9.805874310262393e-08,2.9238684013396224e-07
Random4950
Raw:1.0104241096782938e-05,2.122547334954209e-06,1.987322000788117e-05,0.499281670416237,6.9352965502823754e-09,0.4992816704162441,2.6320519398807824e-09,0.0014041591461476227,9.805874310262532e-08,2.9238684013396637e-07
EFT:1.0104241096782794e-05,2.122547334954209e-06,1.987322000788117e-05,0.499281670416237,6.935296550282277e-09,0.4992816704162441,2.6320519398807075e-09,0.0014041591461476227,9.805874310262393e-08,2.9238684013396224e-07
Random4951
Raw:1.0104241096782938e-05,2.122547334954209e-06,1.987322000788117e-05,0.499281670416237,6.935296550282277e-09,0.4992816704162441,2.632051939880745e-09,0.0014041591461476227,9.805874310262532e-08,2.9238684013396224e-07
EFT:1.0104241096782794e-05,2.122547334954209e-06,1.987322000788117e-05,0.499281670416237,6.935296550282277e-09,0.4992816704162441,2.6320519398807075e-09,0.0014041591461476227,9.805874310262393e-08,2.9238684013396224e-07
Random4952
Raw:1.0104241096782938e-05,2.122547334954209e-06,1.987322000788117e-05,0.499281670416237,6.9352965502823754e-09,0.4992816704162441,2.632051939880745e-09,0.0014041591461476227,9.805874310262532e-08,2.9238684013396637e-07
EFT:1.0104241096782794e-05,2.122547334954209e-06,1.987322000788117e-05,0.499281670416237,6.935296550282277e-09,0.4992816704162441,2.6320519398807075e-09,0.0014041591461476227,9.805874310262393e-08,2.9238684013396224e-07
Random4953
Raw:1.0104241096782723e-05,2.122547334954224e-06,1.987322000788131e-05,0.49928167041624766,6.935296550282228e-09,0.49928167041623345,2.6320519398806517e-09,0.0014041591461476327,9.805874310262184e-08,2.923868401339602e-07
EFT:1.0104241096782794e-05,2.122547334954209e-06,1.987322000788117e-05,0.499281670416237,6.935296550282277e-09,0.4992816704162441,2.6320519398807075e-09,0.0014041591461476227,9.805874310262393e-08,2.9238684013396224e-07
Random4954
Raw:1.0104241096782938e-05,2.122547334954209e-06,1.987322000788117e-05,0.499281670416237,6.935296550282277e-09,0.4992816704162441,2.632051939880745e-09,0.0014041591461476427,9.805874310262393e-08,2.9238684013396224e-07
EFT:1.0104241096782794e-05,2.122547334954209e-06,1.987322000788117e-05,0.499281670416237,6.935296550282277e-09,0.4992816704162441,2.6320519398807075e-09,0.0014041591461476227,9.805874310262393e-08,2.9238684013396224e-07
Random4955
Raw:1.0104241096782938e-05,2.122547334954239e-06,1.987322000788117e-05,0.499281670416237,6.935296550282277e-09,0.4992816704162441,2.632051939880745e-09,0.0014041591461476427,9.805874310262393e-08,2.9238684013396637e-07
EFT:1.0104241096782794e-05,2.122547334954209e-06,1.987322000788117e-05,0.499281670416237,6.935296550282277e-09,0.4992816704162441,2.6320519398807075e-09,0.0014041591461476227,9.805874310262393e-08,2.9238684013396224e-07
Random4956
Raw:1.0104241096782867e-05,2.122547334954194e-06,1.9873220007881028e-05,0.49928167041624055,6.935296550282228e-09,0.49928167041624055,2.632051939880689e-09,0.0014041591461476128,9.805874310262462e-08,2.923868401339602e-07
EFT:1.0104241096782794e-05,2.122547334954209e-06,1.987322000788117e-05,0.499281670416237,6.935296550282277e-09,0.4992816704162441,2.6320519398807075e-09,0.0014041591461476227,9.805874310262393e-08,2.9238684013396224e-07
Random4957
Raw:1.0104241096782867e-05,2.122547334954194e-06,1.9873220007881028e-05,0.49928167041624055,6.935296550282326e-09,0.49928167041624055,2.6320519398807265e-09,0.0014041591461476128,9.805874310262323e-08,2.923868401339643e-07
EFT:1.0104241096782794e-05,2.122547334954209e-06,1.987322000788117e-05,0.499281670416237,6.935296550282277e-09,0.4992816704162441,2.6320519398807075e-09,0.0014041591461476227,9.805874310262393e-08,2.9238684013396224e-07
Random4958
Raw:1.0104241096782865e-05,2.122547334954194e-06,1.9873220007881028e-05,0.49928167041623345,6.935296550282327e-09,0.49928167041624766,2.632051939880726e-09,0.0014041591461476126,9.805874310262462e-08,2.9238684013396436e-07
EFT:1.0104241096782794e-05,2.122547334954209e-06,1.987322000788117e-05,0.499281670416237,6.935296550282277e-09,0.4992816704162441,2.6320519398807075e-09,0.0014041591461476227,9.805874310262393e-08,2.9238684013396224e-07
Random4959
Raw:1.0104241096782794e-05,2.122547334954209e-06,1.987322000788117e-05,0.4992816704162441,6.935296550282277e-09,0.499281670416237,2.6320519398807075e-09,0.0014041591461476227,9.805874310262393e-08,2.9238684013396224e-07
EFT:1.0104241096782794e-05,2.122547334954209e-06,1.987322000788117e-05,0.499281670416237,6.935296550282277e-09,0.4992816704162441,2.6320519398807075e-09,0.0014041591461476227,9.805874310262393e-08,2.9238684013396224e-07
Random4960
Raw:1.0104241096783009e-05,2.122547334954224e-06,1.987322000788131e-05,0.49928167041623345,6.935296550282424e-09,0.49928167041624766,2.6320519398807638e-09,0.0014041591461476327,9.805874310262601e-08,2.923868401339685e-07
EFT:1.0104241096782794e-05,2.122547334954209e-06,1.987322000788117e-05,0.499281670416237,6.935296550282277e-09,0.4992816704162441,2.6320519398807075e-09,0.0014041591461476227,9.805874310262393e-08,2.9238684013396224e-07
Random4961
Raw:1.0104241096782938e-05,2.122547334954239e-06,1.987322000788145e-05,0.499281670416237,6.935296550282277e-09,0.4992816704162441,2.632051939880745e-09,0.0014041591461476427,9.805874310262393e-08,2.9238684013396637e-07
EFT:1.0104241096782794e-05,2.122547334954209e-06,1.987322000788117e-05,0.499281670416237,6.935296550282277e-09,0.4992816704162441,2.6320519398807075e-09,0.0014041591461476227,9.805874310262393e-08,2.9238684013396224e-07
Random4962
Raw:1.0104241096783009e-05,2.122547334954224e-06,1.987322000788131e-05,0.49928167041623345,6.935296550282327e-09,0.49928167041624766,2.6320519398807638e-09,0.0014041591461476327,9.805874310262462e-08,2.923868401339685e-07
EFT:1.0104241096782794e-05,2.122547334954209e-06,1.987322000788117e-05,0.499281670416237,6.935296550282277e-09,0.4992816704162441,2.6320519398807075e-09,0.0014041591461476227,9.805874310262393e-08,2.9238684013396224e-07
Random4963
Raw:1.0104241096782938e-05,2.122547334954209e-06,1.987322000788117e-05,0.499281670416237,6.9352965502823754e-09,0.4992816704162441,2.632051939880745e-09,0.0014041591461476227,9.805874310262532e-08,2.9238684013396637e-07
EFT:1.0104241096782794e-05,2.122547334954209e-06,1.987322000788117e-05,0.499281670416237,6.935296550282277e-09,0.4992816704162441,2.6320519398807075e-09,0.0014041591461476227,9.805874310262393e-08,2.9238684013396224e-07
Random4964
Raw:1.0104241096783009e-05,2.122547334954194e-06,1.9873220007881028e-05,0.49928167041623345,6.935296550282327e-09,0.49928167041624766,2.6320519398807638e-09,0.0014041591461476327,9.805874310262462e-08,2.9238684013396436e-07
EFT:1.0104241096782794e-05,2.122547334954209e-06,1.987322000788117e-05,0.499281670416237,6.935296550282277e-09,0.4992816704162441,2.6320519398807075e-09,0.0014041591461476227,9.805874310262393e-08,2.9238684013396224e-07
Random4965
Raw:1.0104241096782938e-05,2.122547334954209e-06,1.987322000788117e-05,0.499281670416237,6.9352965502823754e-09,0.4992816704162441,2.632051939880745e-09,0.0014041591461476227,9.805874310262393e-08,2.9238684013396637e-07
EFT:1.0104241096782794e-05,2.122547334954209e-06,1.987322000788117e-05,0.499281670416237,6.935296550282277e-09,0.4992816704162441,2.6320519398807075e-09,0.0014041591461476227,9.805874310262393e-08,2.9238684013396224e-07
Random4966
Raw:1.0104241096782938e-05,2.122547334954209e-06,1.987322000788117e-05,0.499281670416237,6.9352965502823754e-09,0.4992816704162441,2.6320519398807824e-09,0.0014041591461476227,9.805874310262532e-08,2.9238684013396637e-07
EFT:1.0104241096782794e-05,2.122547334954209e-06,1.987322000788117e-05,0.499281670416237,6.935296550282277e-09,0.4992816704162441,2.6320519398807075e-09,0.0014041591461476227,9.805874310262393e-08,2.9238684013396224e-07
Random4967
Raw:1.0104241096782794e-05,2.1225473349541788e-06,1.9873220007880885e-05,0.499281670416237,6.935296550282277e-09,0.4992816704162441,2.632051939880745e-09,0.0014041591461476026,9.805874310262254e-08,2.9238684013396224e-07
EFT:1.0104241096782794e-05,2.122547334954209e-06,1.987322000788117e-05,0.499281670416237,6.935296550282277e-09,0.4992816704162441,2.6320519398807075e-09,0.0014041591461476227,9.805874310262393e-08,2.9238684013396224e-07
Random4968
Raw:1.0104241096782867e-05,2.122547334954224e-06,1.9873220007881028e-05,0.49928167041624055,6.935296550282326e-09,0.49928167041624055,2.6320519398807265e-09,0.0014041591461476327,9.805874310262323e-08,2.923868401339643e-07
EFT:1.0104241096782794e-05,2.122547334954209e-06,1.987322000788117e-05,0.499281670416237,6.935296550282277e-09,0.4992816704162441,2.6320519398807075e-09,0.0014041591461476227,9.805874310262393e-08,2.9238684013396224e-07
Random4969
Raw:1.0104241096782867e-05,2.122547334954224e-06,1.987322000788131e-05,0.49928167041624055,6.935296550282326e-09,0.49928167041624055,2.6320519398807265e-09,0.0014041591461476327,9.805874310262323e-08,2.923868401339643e-07
EFT:1.0104241096782794e-05,2.122547334954209e-06,1.987322000788117e-05,0.499281670416237,6.935296550282277e-09,0.4992816704162441,2.6320519398807075e-09,0.0014041591461476227,9.805874310262393e-08,2.9238684013396224e-07
Random4970
Raw:1.0104241096782794e-05,2.122547334954209e-06,1.987322000788117e-05,0.499281670416237,6.9352965502821786e-09,0.4992816704162441,2.6320519398807075e-09,0.0014041591461476227,9.805874310262393e-08,2.9238684013396224e-07
EFT:1.0104241096782794e-05,2.122547334954209e-06,1.987322000788117e-05,0.499281670416237,6.935296550282277e-09,0.4992816704162441,2.6320519398807075e-09,0.0014041591461476227,9.805874310262393e-08,2.9238684013396224e-07
Random4971
Raw:1.0104241096782938e-05,2.122547334954209e-06,1.987322000788117e-05,0.499281670416237,6.935296550282277e-09,0.4992816704162441,2.632051939880745e-09,0.0014041591461476227,9.805874310262393e-08,2.9238684013396637e-07
EFT:1.0104241096782794e-05,2.122547334954209e-06,1.987322000788117e-05,0.499281670416237,6.935296550282277e-09,0.4992816704162441,2.6320519398807075e-09,0.0014041591461476227,9.805874310262393e-08,2.9238684013396224e-07
Random4972
Raw:1.0104241096782938e-05,2.122547334954209e-06,1.987322000788117e-05,0.499281670416237,6.9352965502823754e-09,0.4992816704162441,2.632051939880745e-09,0.0014041591461476227,9.805874310262532e-08,2.9238684013396637e-07
EFT:1.0104241096782794e-05,2.122547334954209e-06,1.987322000788117e-05,0.499281670416237,6.935296550282277e-09,0.4992816704162441,2.6320519398807075e-09,0.0014041591461476227,9.805874310262393e-08,2.9238684013396224e-07
Random4973
Raw:1.0104241096782938e-05,2.122547334954209e-06,1.987322000788117e-05,0.499281670416237,6.9352965502823754e-09,0.4992816704162441,2.632051939880745e-09,0.0014041591461476227,9.805874310262393e-08,2.9238684013396637e-07
EFT:1.0104241096782794e-05,2.122547334954209e-06,1.987322000788117e-05,0.499281670416237,6.935296550282277e-09,0.4992816704162441,2.6320519398807075e-09,0.0014041591461476227,9.805874310262393e-08,2.9238684013396224e-07
Random4974
Raw:1.0104241096782865e-05,2.122547334954194e-06,1.9873220007881028e-05,0.49928167041623345,6.935296550282327e-09,0.49928167041624766,2.632051939880726e-09,0.0014041591461476126,9.805874310262462e-08,2.9238684013396436e-07
EFT:1.0104241096782794e-05,2.122547334954209e-06,1.987322000788117e-05,0.499281670416237,6.935296550282277e-09,0.4992816704162441,2.6320519398807075e-09,0.0014041591461476227,9.805874310262393e-08,2.9238684013396224e-07
Random4975
Raw:1.0104241096782794e-05,2.122547334954209e-06,1.987322000788117e-05,0.499281670416237,6.935296550282277e-09,0.4992816704162441,2.632051939880745e-09,0.0014041591461476227,9.805874310262254e-08,2.9238684013396224e-07
EFT:1.0104241096782794e-05,2.122547334954209e-06,1.987322000788117e-05,0.499281670416237,6.935296550282277e-09,0.4992816704162441,2.6320519398807075e-09,0.0014041591461476227,9.805874310262393e-08,2.9238684013396224e-07
Random4976
Raw:1.0104241096782938e-05,2.122547334954209e-06,1.987322000788117e-05,0.499281670416237,6.9352965502823754e-09,0.4992816704162441,2.6320519398807824e-09,0.0014041591461476227,9.805874310262532e-08,2.9238684013396637e-07
EFT:1.0104241096782794e-05,2.122547334954209e-06,1.987322000788117e-05,0.499281670416237,6.935296550282277e-09,0.4992816704162441,2.6320519398807075e-09,0.0014041591461476227,9.805874310262393e-08,2.9238684013396224e-07
Random4977
Raw:1.0104241096782938e-05,2.122547334954209e-06,1.987322000788117e-05,0.499281670416237,6.935296550282277e-09,0.4992816704162441,2.632051939880745e-09,0.0014041591461476227,9.805874310262532e-08,2.9238684013396224e-07
EFT:1.0104241096782794e-05,2.122547334954209e-06,1.987322000788117e-05,0.499281670416237,6.935296550282277e-09,0.4992816704162441,2.6320519398807075e-09,0.0014041591461476227,9.805874310262393e-08,2.9238684013396224e-07
Random4978
Raw:1.0104241096782938e-05,2.122547334954239e-06,1.987322000788117e-05,0.499281670416237,6.935296550282277e-09,0.4992816704162441,2.632051939880745e-09,0.0014041591461476427,9.805874310262532e-08,2.9238684013396224e-07
EFT:1.0104241096782794e-05,2.122547334954209e-06,1.987322000788117e-05,0.499281670416237,6.935296550282277e-09,0.4992816704162441,2.6320519398807075e-09,0.0014041591461476227,9.805874310262393e-08,2.9238684013396224e-07
Random4979
Raw:1.0104241096782938e-05,2.122547334954209e-06,1.987322000788117e-05,0.499281670416237,6.9352965502823754e-09,0.4992816704162441,2.632051939880745e-09,0.0014041591461476227,9.805874310262532e-08,2.9238684013396637e-07
EFT:1.0104241096782794e-05,2.122547334954209e-06,1.987322000788117e-05,0.499281670416237,6.935296550282277e-09,0.4992816704162441,2.6320519398807075e-09,0.0014041591461476227,9.805874310262393e-08,2.9238684013396224e-07
Random4980
Raw:1.0104241096782938e-05,2.122547334954209e-06,1.987322000788117e-05,0.499281670416237,6.935296550282277e-09,0.4992816704162441,2.632051939880745e-09,0.0014041591461476227,9.805874310262532e-08,2.9238684013396224e-07
EFT:1.0104241096782794e-05,2.122547334954209e-06,1.987322000788117e-05,0.499281670416237,6.935296550282277e-09,0.4992816704162441,2.6320519398807075e-09,0.0014041591461476227,9.805874310262393e-08,2.9238684013396224e-07
Random4981
Raw:1.0104241096782723e-05,2.122547334954194e-06,1.9873220007881028e-05,0.49928167041624055,6.93529655028213e-09,0.49928167041624055,2.632051939880689e-09,0.0014041591461476128,9.805874310262184e-08,2.923868401339602e-07
EFT:1.0104241096782794e-05,2.122547334954209e-06,1.987322000788117e-05,0.499281670416237,6.935296550282277e-09,0.4992816704162441,2.6320519398807075e-09,0.0014041591461476227,9.805874310262393e-08,2.9238684013396224e-07
Random4982
Raw:1.0104241096782865e-05,2.122547334954194e-06,1.9873220007881028e-05,0.49928167041623345,6.935296550282228e-09,0.49928167041624766,2.632051939880726e-09,0.0014041591461476327,9.805874310262462e-08,2.923868401339602e-07
EFT:1.0104241096782794e-05,2.122547334954209e-06,1.987322000788117e-05,0.499281670416237,6.935296550282277e-09,0.4992816704162441,2.6320519398807075e-09,0.0014041591461476227,9.805874310262393e-08,2.9238684013396224e-07
Random4983
Raw:1.0104241096782867e-05,2.122547334954224e-06,1.987322000788131e-05,0.49928167041624055,6.935296550282326e-09,0.49928167041624055,2.6320519398807265e-09,0.0014041591461476327,9.805874310262323e-08,2.923868401339643e-07
EFT:1.0104241096782794e-05,2.122547334954209e-06,1.987322000788117e-05,0.499281670416237,6.935296550282277e-09,0.4992816704162441,2.6320519398807075e-09,0.0014041591461476227,9.805874310262393e-08,2.9238684013396224e-07
Random4984
Raw:1.0104241096783009e-05,2.122547334954224e-06,1.987322000788131e-05,0.49928167041623345,6.935296550282327e-09,0.49928167041624766,2.6320519398807638e-09,0.0014041591461476327,9.805874310262462e-08,2.923868401339685e-07
EFT:1.0104241096782794e-05,2.122547334954209e-06,1.987322000788117e-05,0.499281670416237,6.935296550282277e-09,0.4992816704162441,2.6320519398807075e-09,0.0014041591461476227,9.805874310262393e-08,2.9238684013396224e-07
Random4985
Raw:1.0104241096782867e-05,2.122547334954224e-06,1.9873220007881028e-05,0.49928167041624055,6.935296550282326e-09,0.49928167041624055,2.6320519398807265e-09,0.0014041591461476128,9.805874310262462e-08,2.923868401339643e-07
EFT:1.0104241096782794e-05,2.122547334954209e-06,1.987322000788117e-05,0.499281670416237,6.935296550282277e-09,0.4992816704162441,2.6320519398807075e-09,0.0014041591461476227,9.805874310262393e-08,2.9238684013396224e-07
Random4986
Raw:1.0104241096782938e-05,2.122547334954209e-06,1.987322000788117e-05,0.499281670416237,6.935296550282277e-09,0.4992816704162441,2.632051939880745e-09,0.0014041591461476427,9.805874310262393e-08,2.9238684013396224e-07
EFT:1.0104241096782794e-05,2.122547334954209e-06,1.987322000788117e-05,0.499281670416237,6.935296550282277e-09,0.4992816704162441,2.6320519398807075e-09,0.0014041591461476227,9.805874310262393e-08,2.9238684013396224e-07
Random4987
Raw:1.0104241096783009e-05,2.122547334954194e-06,1.9873220007881028e-05,0.49928167041623345,6.935296550282327e-09,0.49928167041624766,2.6320519398807638e-09,0.0014041591461476126,9.805874310262601e-08,2.9238684013396436e-07
EFT:1.0104241096782794e-05,2.122547334954209e-06,1.987322000788117e-05,0.499281670416237,6.935296550282277e-09,0.4992816704162441,2.6320519398807075e-09,0.0014041591461476227,9.805874310262393e-08,2.9238684013396224e-07
Random4988
Raw:1.0104241096782938e-05,2.122547334954209e-06,1.987322000788117e-05,0.499281670416237,6.9352965502823754e-09,0.4992816704162441,2.632051939880745e-09,0.0014041591461476227,9.805874310262532e-08,2.9238684013396637e-07
EFT:1.0104241096782794e-05,2.122547334954209e-06,1.987322000788117e-05,0.499281670416237,6.935296550282277e-09,0.4992816704162441,2.6320519398807075e-09,0.0014041591461476227,9.805874310262393e-08,2.9238684013396224e-07
Random4989
Raw:1.0104241096782938e-05,2.122547334954239e-06,1.987322000788145e-05,0.499281670416237,6.935296550282277e-09,0.4992816704162441,2.632051939880745e-09,0.0014041591461476427,9.805874310262393e-08,2.9238684013396637e-07
EFT:1.0104241096782794e-05,2.122547334954209e-06,1.987322000788117e-05,0.499281670416237,6.935296550282277e-09,0.4992816704162441,2.6320519398807075e-09,0.0014041591461476227,9.805874310262393e-08,2.9238684013396224e-07
Random4990
Raw:1.0104241096783009e-05,2.122547334954194e-06,1.9873220007881028e-05,0.49928167041623345,6.935296550282327e-09,0.49928167041624766,2.6320519398807638e-09,0.0014041591461476126,9.805874310262601e-08,2.9238684013396436e-07
EFT:1.0104241096782794e-05,2.122547334954209e-06,1.987322000788117e-05,0.499281670416237,6.935296550282277e-09,0.4992816704162441,2.6320519398807075e-09,0.0014041591461476227,9.805874310262393e-08,2.9238684013396224e-07
Random4991
Raw:1.0104241096782867e-05,2.122547334954224e-06,1.987322000788131e-05,0.49928167041624055,6.935296550282326e-09,0.49928167041624055,2.6320519398807265e-09,0.0014041591461476327,9.805874310262462e-08,2.923868401339643e-07
EFT:1.0104241096782794e-05,2.122547334954209e-06,1.987322000788117e-05,0.499281670416237,6.935296550282277e-09,0.4992816704162441,2.6320519398807075e-09,0.0014041591461476227,9.805874310262393e-08,2.9238684013396224e-07
Random4992
Raw:1.0104241096782938e-05,2.122547334954239e-06,1.987322000788117e-05,0.499281670416237,6.9352965502823754e-09,0.4992816704162441,2.6320519398807824e-09,0.0014041591461476227,9.805874310262532e-08,2.9238684013396637e-07
EFT:1.0104241096782794e-05,2.122547334954209e-06,1.987322000788117e-05,0.499281670416237,6.935296550282277e-09,0.4992816704162441,2.6320519398807075e-09,0.0014041591461476227,9.805874310262393e-08,2.9238684013396224e-07
Random4993
Raw:1.0104241096782938e-05,2.122547334954209e-06,1.987322000788117e-05,0.499281670416237,6.9352965502823754e-09,0.4992816704162441,2.632051939880745e-09,0.0014041591461476227,9.805874310262393e-08,2.9238684013396637e-07
EFT:1.0104241096782794e-05,2.122547334954209e-06,1.987322000788117e-05,0.499281670416237,6.935296550282277e-09,0.4992816704162441,2.6320519398807075e-09,0.0014041591461476227,9.805874310262393e-08,2.9238684013396224e-07
Random4994
Raw:1.0104241096782938e-05,2.122547334954239e-06,1.987322000788117e-05,0.499281670416237,6.935296550282277e-09,0.4992816704162441,2.632051939880745e-09,0.0014041591461476427,9.805874310262532e-08,2.9238684013396224e-07
EFT:1.0104241096782794e-05,2.122547334954209e-06,1.987322000788117e-05,0.499281670416237,6.935296550282277e-09,0.4992816704162441,2.6320519398807075e-09,0.0014041591461476227,9.805874310262393e-08,2.9238684013396224e-07
Random4995
Raw:1.0104241096782938e-05,2.122547334954209e-06,1.987322000788117e-05,0.499281670416237,6.9352965502823754e-09,0.4992816704162441,2.632051939880745e-09,0.0014041591461476227,9.805874310262393e-08,2.9238684013396637e-07
EFT:1.0104241096782794e-05,2.122547334954209e-06,1.987322000788117e-05,0.499281670416237,6.935296550282277e-09,0.4992816704162441,2.6320519398807075e-09,0.0014041591461476227,9.805874310262393e-08,2.9238684013396224e-07
Random4996
Raw:1.0104241096783009e-05,2.122547334954224e-06,1.987322000788131e-05,0.49928167041623345,6.935296550282327e-09,0.49928167041624766,2.6320519398807638e-09,0.0014041591461476327,9.805874310262462e-08,2.923868401339685e-07
EFT:1.0104241096782794e-05,2.122547334954209e-06,1.987322000788117e-05,0.499281670416237,6.935296550282277e-09,0.4992816704162441,2.6320519398807075e-09,0.0014041591461476227,9.805874310262393e-08,2.9238684013396224e-07
Random4997
Raw:1.0104241096783009e-05,2.122547334954194e-06,1.9873220007881028e-05,0.49928167041623345,6.935296550282327e-09,0.49928167041624766,2.6320519398807638e-09,0.0014041591461476126,9.805874310262601e-08,2.9238684013396436e-07
EFT:1.0104241096782794e-05,2.122547334954209e-06,1.987322000788117e-05,0.499281670416237,6.935296550282277e-09,0.4992816704162441,2.6320519398807075e-09,0.0014041591461476227,9.805874310262393e-08,2.9238684013396224e-07
Random4998
Raw:1.0104241096782938e-05,2.122547334954209e-06,1.987322000788117e-05,0.499281670416237,6.9352965502823754e-09,0.4992816704162441,2.6320519398807824e-09,0.0014041591461476227,9.805874310262532e-08,2.9238684013396637e-07
EFT:1.0104241096782794e-05,2.122547334954209e-06,1.987322000788117e-05,0.499281670416237,6.935296550282277e-09,0.4992816704162441,2.6320519398807075e-09,0.0014041591461476227,9.805874310262393e-08,2.9238684013396224e-07
Random4999
Raw:1.0104241096782723e-05,2.122547334954194e-06,1.9873220007881028e-05,0.49928167041624055,6.93529655028213e-09,0.49928167041624055,2.6320519398806513e-09,0.0014041591461476128,9.805874310262323e-08,2.923868401339602e-07
EFT:1.0104241096782794e-05,2.122547334954209e-06,1.987322000788117e-05,0.499281670416237,6.935296550282277e-09,0.4992816704162441,2.6320519398807075e-09,0.0014041591461476227,9.805874310262393e-08,2.9238684013396224e-07
Random5000
Raw:1.0104241096782867e-05,2.122547334954224e-06,1.9873220007881028e-05,0.49928167041624055,6.935296550282326e-09,0.49928167041624055,2.6320519398807638e-09,0.0014041591461476128,9.805874310262462e-08,2.923868401339643e-07
EFT:1.0104241096782794e-05,2.122547334954209e-06,1.987322000788117e-05,0.499281670416237,6.935296550282277e-09,0.4992816704162441,2.6320519398807075e-09,0.0014041591461476227,9.805874310262393e-08,2.9238684013396224e-07
Random5001
Raw:1.0104241096782938e-05,2.122547334954239e-06,1.9873220007880885e-05,0.499281670416237,6.935296550282277e-09,0.4992816704162441,2.632051939880745e-09,0.0014041591461476227,9.805874310262532e-08,2.9238684013396224e-07
EFT:1.0104241096782794e-05,2.122547334954209e-06,1.987322000788117e-05,0.499281670416237,6.935296550282277e-09,0.4992816704162441,2.6320519398807075e-09,0.0014041591461476227,9.805874310262393e-08,2.9238684013396224e-07
Random5002
Raw:1.0104241096782867e-05,2.122547334954224e-06,1.987322000788131e-05,0.49928167041624055,6.935296550282326e-09,0.49928167041624055,2.6320519398807265e-09,0.0014041591461476128,9.805874310262462e-08,2.923868401339643e-07
EFT:1.0104241096782794e-05,2.122547334954209e-06,1.987322000788117e-05,0.499281670416237,6.935296550282277e-09,0.4992816704162441,2.6320519398807075e-09,0.0014041591461476227,9.805874310262393e-08,2.9238684013396224e-07
Random5003
Raw:1.0104241096782867e-05,2.1225473349542546e-06,1.987322000788131e-05,0.49928167041624055,6.935296550282326e-09,0.49928167041624055,2.6320519398807638e-09,0.0014041591461476327,9.805874310262462e-08,2.923868401339643e-07
EFT:1.0104241096782794e-05,2.122547334954209e-06,1.987322000788117e-05,0.499281670416237,6.935296550282277e-09,0.4992816704162441,2.6320519398807075e-09,0.0014041591461476227,9.805874310262393e-08,2.9238684013396224e-07
Random5004
Raw:1.0104241096782867e-05,2.122547334954224e-06,1.987322000788131e-05,0.49928167041624055,6.935296550282326e-09,0.49928167041624055,2.6320519398807638e-09,0.0014041591461476327,9.805874310262462e-08,2.923868401339643e-07
EFT:1.0104241096782794e-05,2.122547334954209e-06,1.987322000788117e-05,0.499281670416237,6.935296550282277e-09,0.4992816704162441,2.6320519398807075e-09,0.0014041591461476227,9.805874310262393e-08,2.9238684013396224e-07
Random5005
Raw:1.0104241096782938e-05,2.122547334954209e-06,1.987322000788117e-05,0.499281670416237,6.935296550282277e-09,0.4992816704162441,2.632051939880745e-09,0.0014041591461476427,9.805874310262393e-08,2.9238684013396224e-07
EFT:1.0104241096782794e-05,2.122547334954209e-06,1.987322000788117e-05,0.499281670416237,6.935296550282277e-09,0.4992816704162441,2.6320519398807075e-09,0.0014041591461476227,9.805874310262393e-08,2.9238684013396224e-07
Random5006
Raw:1.0104241096783009e-05,2.122547334954224e-06,1.9873220007881028e-05,0.49928167041623345,6.935296550282327e-09,0.49928167041624766,2.632051939880801e-09,0.0014041591461476327,9.805874310262601e-08,2.9238684013396436e-07
EFT:1.0104241096782794e-05,2.122547334954209e-06,1.987322000788117e-05,0.499281670416237,6.935296550282277e-09,0.4992816704162441,2.6320519398807075e-09,0.0014041591461476227,9.805874310262393e-08,2.9238684013396224e-07
Random5007
Raw:1.0104241096783009e-05,2.122547334954224e-06,1.9873220007881028e-05,0.49928167041623345,6.935296550282327e-09,0.49928167041624766,2.6320519398807638e-09,0.0014041591461476327,9.805874310262601e-08,2.9238684013396436e-07
EFT:1.0104241096782794e-05,2.122547334954209e-06,1.987322000788117e-05,0.499281670416237,6.935296550282277e-09,0.4992816704162441,2.6320519398807075e-09,0.0014041591461476227,9.805874310262393e-08,2.9238684013396224e-07
Random5008
Raw:1.0104241096782938e-05,2.122547334954209e-06,1.987322000788117e-05,0.499281670416237,6.9352965502823754e-09,0.4992816704162441,2.632051939880745e-09,0.0014041591461476227,9.805874310262393e-08,2.9238684013396637e-07
EFT:1.0104241096782794e-05,2.122547334954209e-06,1.987322000788117e-05,0.499281670416237,6.935296550282277e-09,0.4992816704162441,2.6320519398807075e-09,0.0014041591461476227,9.805874310262393e-08,2.9238684013396224e-07
Random5009
Raw:1.0104241096782794e-05,2.122547334954209e-06,1.987322000788117e-05,0.499281670416237,6.935296550282277e-09,0.4992816704162441,2.632051939880745e-09,0.0014041591461476227,9.805874310262254e-08,2.9238684013396224e-07
EFT:1.0104241096782794e-05,2.122547334954209e-06,1.987322000788117e-05,0.499281670416237,6.935296550282277e-09,0.4992816704162441,2.6320519398807075e-09,0.0014041591461476227,9.805874310262393e-08,2.9238684013396224e-07
Random5010
Raw:1.0104241096783009e-05,2.122547334954224e-06,1.9873220007881028e-05,0.49928167041623345,6.935296550282327e-09,0.49928167041624766,2.6320519398807638e-09,0.0014041591461476327,9.805874310262601e-08,2.9238684013396436e-07
EFT:1.0104241096782794e-05,2.122547334954209e-06,1.987322000788117e-05,0.499281670416237,6.935296550282277e-09,0.4992816704162441,2.6320519398807075e-09,0.0014041591461476227,9.805874310262393e-08,2.9238684013396224e-07
Random5011
Raw:1.0104241096782794e-05,2.122547334954209e-06,1.987322000788117e-05,0.499281670416237,6.935296550282277e-09,0.4992816704162441,2.6320519398807075e-09,0.0014041591461476227,9.805874310262393e-08,2.9238684013396224e-07
EFT:1.0104241096782794e-05,2.122547334954209e-06,1.987322000788117e-05,0.499281670416237,6.935296550282277e-09,0.4992816704162441,2.6320519398807075e-09,0.0014041591461476227,9.805874310262393e-08,2.9238684013396224e-07
Random5012
Raw:1.0104241096783009e-05,2.122547334954224e-06,1.987322000788131e-05,0.49928167041623345,6.935296550282327e-09,0.49928167041624766,2.6320519398807638e-09,0.0014041591461476327,9.805874310262601e-08,2.9238684013396436e-07
EFT:1.0104241096782794e-05,2.122547334954209e-06,1.987322000788117e-05,0.499281670416237,6.935296550282277e-09,0.4992816704162441,2.6320519398807075e-09,0.0014041591461476227,9.805874310262393e-08,2.9238684013396224e-07
Random5013
Raw:1.0104241096782867e-05,2.122547334954194e-06,1.9873220007881028e-05,0.49928167041624055,6.935296550282326e-09,0.49928167041624055,2.6320519398807265e-09,0.0014041591461476128,9.805874310262323e-08,2.923868401339643e-07
EFT:1.0104241096782794e-05,2.122547334954209e-06,1.987322000788117e-05,0.499281670416237,6.935296550282277e-09,0.4992816704162441,2.6320519398807075e-09,0.0014041591461476227,9.805874310262393e-08,2.9238684013396224e-07
Random5014
Raw:1.0104241096782867e-05,2.122547334954224e-06,1.987322000788131e-05,0.49928167041624055,6.935296550282326e-09,0.49928167041624055,2.6320519398807265e-09,0.0014041591461476128,9.805874310262462e-08,2.923868401339643e-07
EFT:1.0104241096782794e-05,2.122547334954209e-06,1.987322000788117e-05,0.499281670416237,6.935296550282277e-09,0.4992816704162441,2.6320519398807075e-09,0.0014041591461476227,9.805874310262393e-08,2.9238684013396224e-07
Random5015
Raw:1.0104241096782867e-05,2.122547334954224e-06,1.987322000788131e-05,0.49928167041624055,6.935296550282326e-09,0.49928167041624055,2.6320519398807265e-09,0.0014041591461476327,9.805874310262323e-08,2.923868401339643e-07
EFT:1.0104241096782794e-05,2.122547334954209e-06,1.987322000788117e-05,0.499281670416237,6.935296550282277e-09,0.4992816704162441,2.6320519398807075e-09,0.0014041591461476227,9.805874310262393e-08,2.9238684013396224e-07
Random5016
Raw:1.0104241096782867e-05,2.122547334954194e-06,1.9873220007881028e-05,0.49928167041624055,6.935296550282326e-09,0.49928167041624055,2.6320519398807265e-09,0.0014041591461476128,9.805874310262602e-08,2.923868401339643e-07
EFT:1.0104241096782794e-05,2.122547334954209e-06,1.987322000788117e-05,0.499281670416237,6.935296550282277e-09,0.4992816704162441,2.6320519398807075e-09,0.0014041591461476227,9.805874310262393e-08,2.9238684013396224e-07
Random5017
Raw:1.010424109678301e-05,2.122547334954224e-06,1.987322000788131e-05,0.49928167041624055,6.935296550282425e-09,0.49928167041624055,2.6320519398807638e-09,0.0014041591461476327,9.805874310262602e-08,2.923868401339685e-07
EFT:1.0104241096782794e-05,2.122547334954209e-06,1.987322000788117e-05,0.499281670416237,6.935296550282277e-09,0.4992816704162441,2.6320519398807075e-09,0.0014041591461476227,9.805874310262393e-08,2.9238684013396224e-07
Random5018
Raw:1.0104241096782794e-05,2.122547334954209e-06,1.987322000788117e-05,0.499281670416237,6.935296550282277e-09,0.4992816704162441,2.6320519398807075e-09,0.0014041591461476227,9.805874310262393e-08,2.9238684013396224e-07
EFT:1.0104241096782794e-05,2.122547334954209e-06,1.987322000788117e-05,0.499281670416237,6.935296550282277e-09,0.4992816704162441,2.6320519398807075e-09,0.0014041591461476227,9.805874310262393e-08,2.9238684013396224e-07
Random5019
Raw:1.0104241096782867e-05,2.122547334954224e-06,1.987322000788131e-05,0.49928167041624055,6.935296550282326e-09,0.49928167041624055,2.6320519398807265e-09,0.0014041591461476327,9.805874310262323e-08,2.923868401339643e-07
EFT:1.0104241096782794e-05,2.122547334954209e-06,1.987322000788117e-05,0.499281670416237,6.935296550282277e-09,0.4992816704162441,2.6320519398807075e-09,0.0014041591461476227,9.805874310262393e-08,2.9238684013396224e-07
Random5020
Raw:1.0104241096782865e-05,2.122547334954194e-06,1.9873220007881028e-05,0.49928167041623345,6.935296550282327e-09,0.49928167041624766,2.6320519398807638e-09,0.0014041591461476126,9.805874310262324e-08,2.9238684013396436e-07
EFT:1.0104241096782794e-05,2.122547334954209e-06,1.987322000788117e-05,0.499281670416237,6.935296550282277e-09,0.4992816704162441,2.6320519398807075e-09,0.0014041591461476227,9.805874310262393e-08,2.9238684013396224e-07
Random5021
Raw:1.0104241096782865e-05,2.122547334954194e-06,1.9873220007881028e-05,0.49928167041623345,6.935296550282228e-09,0.49928167041624766,2.632051939880726e-09,0.0014041591461476126,9.805874310262462e-08,2.9238684013396436e-07
EFT:1.0104241096782794e-05,2.122547334954209e-06,1.987322000788117e-05,0.499281670416237,6.935296550282277e-09,0.4992816704162441,2.6320519398807075e-09,0.0014041591461476227,9.805874310262393e-08,2.9238684013396224e-07
Random5022
Raw:1.0104241096783009e-05,2.122547334954224e-06,1.9873220007881028e-05,0.49928167041623345,6.935296550282327e-09,0.49928167041624766,2.6320519398807638e-09,0.0014041591461476327,9.805874310262601e-08,2.9238684013396436e-07
EFT:1.0104241096782794e-05,2.122547334954209e-06,1.987322000788117e-05,0.499281670416237,6.935296550282277e-09,0.4992816704162441,2.6320519398807075e-09,0.0014041591461476227,9.805874310262393e-08,2.9238684013396224e-07
Random5023
Raw:1.0104241096782938e-05,2.122547334954209e-06,1.987322000788117e-05,0.499281670416237,6.935296550282277e-09,0.4992816704162441,2.632051939880745e-09,0.0014041591461476427,9.805874310262393e-08,2.9238684013396224e-07
EFT:1.0104241096782794e-05,2.122547334954209e-06,1.987322000788117e-05,0.499281670416237,6.935296550282277e-09,0.4992816704162441,2.6320519398807075e-09,0.0014041591461476227,9.805874310262393e-08,2.9238684013396224e-07
Random5024
Raw:1.0104241096782938e-05,2.122547334954239e-06,1.9873220007880885e-05,0.499281670416237,6.935296550282277e-09,0.4992816704162441,2.632051939880745e-09,0.0014041591461476227,9.805874310262532e-08,2.9238684013396224e-07
EFT:1.0104241096782794e-05,2.122547334954209e-06,1.987322000788117e-05,0.499281670416237,6.935296550282277e-09,0.4992816704162441,2.6320519398807075e-09,0.0014041591461476227,9.805874310262393e-08,2.9238684013396224e-07
Random5025
Raw:1.0104241096782867e-05,2.122547334954224e-06,1.9873220007881028e-05,0.49928167041624055,6.935296550282326e-09,0.49928167041624055,2.6320519398807265e-09,0.0014041591461476327,9.805874310262323e-08,2.923868401339643e-07
EFT:1.0104241096782794e-05,2.122547334954209e-06,1.987322000788117e-05,0.499281670416237,6.935296550282277e-09,0.4992816704162441,2.6320519398807075e-09,0.0014041591461476227,9.805874310262393e-08,2.9238684013396224e-07
Random5026
Raw:1.0104241096782867e-05,2.122547334954194e-06,1.9873220007881028e-05,0.49928167041624055,6.935296550282228e-09,0.49928167041624055,2.632051939880689e-09,0.0014041591461476327,9.805874310262323e-08,2.923868401339602e-07
EFT:1.0104241096782794e-05,2.122547334954209e-06,1.987322000788117e-05,0.499281670416237,6.935296550282277e-09,0.4992816704162441,2.6320519398807075e-09,0.0014041591461476227,9.805874310262393e-08,2.9238684013396224e-07
Random5027
Raw:1.0104241096782938e-05,2.122547334954209e-06,1.9873220007880885e-05,0.499281670416237,6.935296550282277e-09,0.4992816704162441,2.632051939880745e-09,0.0014041591461476227,9.805874310262532e-08,2.9238684013396224e-07
EFT:1.0104241096782794e-05,2.122547334954209e-06,1.987322000788117e-05,0.499281670416237,6.935296550282277e-09,0.4992816704162441,2.6320519398807075e-09,0.0014041591461476227,9.805874310262393e-08,2.9238684013396224e-07
Random5028
Raw:1.0104241096782938e-05,2.122547334954239e-06,1.987322000788117e-05,0.499281670416237,6.935296550282277e-09,0.4992816704162441,2.632051939880745e-09,0.0014041591461476427,9.805874310262393e-08,2.9238684013396637e-07
EFT:1.0104241096782794e-05,2.122547334954209e-06,1.987322000788117e-05,0.499281670416237,6.935296550282277e-09,0.4992816704162441,2.6320519398807075e-09,0.0014041591461476227,9.805874310262393e-08,2.9238684013396224e-07
Random5029
Raw:1.0104241096782794e-05,2.122547334954209e-06,1.9873220007880885e-05,0.499281670416237,6.9352965502821786e-09,0.4992816704162441,2.6320519398807075e-09,0.0014041591461476026,9.805874310262393e-08,2.9238684013396224e-07
EFT:1.0104241096782794e-05,2.122547334954209e-06,1.987322000788117e-05,0.499281670416237,6.935296550282277e-09,0.4992816704162441,2.6320519398807075e-09,0.0014041591461476227,9.805874310262393e-08,2.9238684013396224e-07
Random5030
Raw:1.0104241096782938e-05,2.122547334954209e-06,1.987322000788117e-05,0.499281670416237,6.9352965502823754e-09,0.4992816704162441,2.632051939880745e-09,0.0014041591461476227,9.805874310262532e-08,2.9238684013396637e-07
EFT:1.0104241096782794e-05,2.122547334954209e-06,1.987322000788117e-05,0.499281670416237,6.935296550282277e-09,0.4992816704162441,2.6320519398807075e-09,0.0014041591461476227,9.805874310262393e-08,2.9238684013396224e-07
Random5031
Raw:1.0104241096782867e-05,2.122547334954224e-06,1.987322000788131e-05,0.49928167041624055,6.935296550282228e-09,0.49928167041624055,2.632051939880689e-09,0.0014041591461476527,9.805874310262462e-08,2.923868401339602e-07
EFT:1.0104241096782794e-05,2.122547334954209e-06,1.987322000788117e-05,0.499281670416237,6.935296550282277e-09,0.4992816704162441,2.6320519398807075e-09,0.0014041591461476227,9.805874310262393e-08,2.9238684013396224e-07
Random5032
Raw:1.0104241096782938e-05,2.122547334954209e-06,1.987322000788117e-05,0.499281670416237,6.9352965502823754e-09,0.4992816704162441,2.632051939880745e-09,0.0014041591461476227,9.805874310262532e-08,2.9238684013396637e-07
EFT:1.0104241096782794e-05,2.122547334954209e-06,1.987322000788117e-05,0.499281670416237,6.935296550282277e-09,0.4992816704162441,2.6320519398807075e-09,0.0014041591461476227,9.805874310262393e-08,2.9238684013396224e-07
Random5033
Raw:1.0104241096782938e-05,2.122547334954209e-06,1.987322000788117e-05,0.499281670416237,6.9352965502823754e-09,0.4992816704162441,2.632051939880745e-09,0.0014041591461476227,9.805874310262393e-08,2.9238684013396637e-07
EFT:1.0104241096782794e-05,2.122547334954209e-06,1.987322000788117e-05,0.499281670416237,6.935296550282277e-09,0.4992816704162441,2.6320519398807075e-09,0.0014041591461476227,9.805874310262393e-08,2.9238684013396224e-07
Random5034
Raw:1.0104241096782865e-05,2.122547334954194e-06,1.9873220007881028e-05,0.49928167041623345,6.935296550282327e-09,0.49928167041624766,2.632051939880726e-09,0.0014041591461476126,9.805874310262462e-08,2.9238684013396436e-07
EFT:1.0104241096782794e-05,2.122547334954209e-06,1.987322000788117e-05,0.499281670416237,6.935296550282277e-09,0.4992816704162441,2.6320519398807075e-09,0.0014041591461476227,9.805874310262393e-08,2.9238684013396224e-07
Random5035
Raw:1.0104241096782867e-05,2.122547334954224e-06,1.987322000788131e-05,0.49928167041624055,6.935296550282326e-09,0.49928167041624055,2.6320519398807265e-09,0.0014041591461476128,9.805874310262462e-08,2.923868401339643e-07
EFT:1.0104241096782794e-05,2.122547334954209e-06,1.987322000788117e-05,0.499281670416237,6.935296550282277e-09,0.4992816704162441,2.6320519398807075e-09,0.0014041591461476227,9.805874310262393e-08,2.9238684013396224e-07
Random5036
Raw:1.0104241096782938e-05,2.122547334954239e-06,1.987322000788117e-05,0.499281670416237,6.9352965502823754e-09,0.4992816704162441,2.6320519398807824e-09,0.0014041591461476227,9.805874310262532e-08,2.9238684013396637e-07
EFT:1.0104241096782794e-05,2.122547334954209e-06,1.987322000788117e-05,0.499281670416237,6.935296550282277e-09,0.4992816704162441,2.6320519398807075e-09,0.0014041591461476227,9.805874310262393e-08,2.9238684013396224e-07
Random5037
Raw:1.0104241096782938e-05,2.122547334954209e-06,1.987322000788117e-05,0.499281670416237,6.9352965502823754e-09,0.4992816704162441,2.632051939880745e-09,0.0014041591461476227,9.805874310262393e-08,2.9238684013396637e-07
EFT:1.0104241096782794e-05,2.122547334954209e-06,1.987322000788117e-05,0.499281670416237,6.935296550282277e-09,0.4992816704162441,2.6320519398807075e-09,0.0014041591461476227,9.805874310262393e-08,2.9238684013396224e-07
Random5038
Raw:1.0104241096782938e-05,2.122547334954239e-06,1.9873220007880885e-05,0.499281670416237,6.935296550282277e-09,0.4992816704162441,2.632051939880745e-09,0.0014041591461476227,9.805874310262532e-08,2.9238684013396224e-07
EFT:1.0104241096782794e-05,2.122547334954209e-06,1.987322000788117e-05,0.499281670416237,6.935296550282277e-09,0.4992816704162441,2.6320519398807075e-09,0.0014041591461476227,9.805874310262393e-08,2.9238684013396224e-07
Random5039
Raw:1.0104241096782938e-05,2.122547334954209e-06,1.987322000788117e-05,0.499281670416237,6.9352965502823754e-09,0.4992816704162441,2.632051939880745e-09,0.0014041591461476227,9.805874310262393e-08,2.9238684013396637e-07
EFT:1.0104241096782794e-05,2.122547334954209e-06,1.987322000788117e-05,0.499281670416237,6.935296550282277e-09,0.4992816704162441,2.6320519398807075e-09,0.0014041591461476227,9.805874310262393e-08,2.9238684013396224e-07
Random5040
Raw:1.0104241096782794e-05,2.122547334954209e-06,1.987322000788117e-05,0.4992816704162441,6.935296550282277e-09,0.499281670416237,2.63205193988067e-09,0.0014041591461476227,9.805874310262393e-08,2.9238684013396224e-07
EFT:1.0104241096782794e-05,2.122547334954209e-06,1.987322000788117e-05,0.499281670416237,6.935296550282277e-09,0.4992816704162441,2.6320519398807075e-09,0.0014041591461476227,9.805874310262393e-08,2.9238684013396224e-07
Random5041
Raw:1.0104241096782794e-05,2.122547334954209e-06,1.987322000788117e-05,0.499281670416237,6.935296550282277e-09,0.4992816704162441,2.6320519398807075e-09,0.0014041591461476227,9.805874310262393e-08,2.9238684013396224e-07
EFT:1.0104241096782794e-05,2.122547334954209e-06,1.987322000788117e-05,0.499281670416237,6.935296550282277e-09,0.4992816704162441,2.6320519398807075e-09,0.0014041591461476227,9.805874310262393e-08,2.9238684013396224e-07
Random5042
Raw:1.0104241096782865e-05,2.122547334954194e-06,1.9873220007881028e-05,0.49928167041623345,6.935296550282327e-09,0.49928167041624766,2.632051939880726e-09,0.0014041591461476126,9.805874310262462e-08,2.9238684013396436e-07
EFT:1.0104241096782794e-05,2.122547334954209e-06,1.987322000788117e-05,0.499281670416237,6.935296550282277e-09,0.4992816704162441,2.6320519398807075e-09,0.0014041591461476227,9.805874310262393e-08,2.9238684013396224e-07
Random5043
Raw:1.0104241096782867e-05,2.122547334954224e-06,1.987322000788131e-05,0.49928167041624055,6.935296550282326e-09,0.49928167041624055,2.6320519398807265e-09,0.0014041591461476128,9.805874310262462e-08,2.923868401339643e-07
EFT:1.0104241096782794e-05,2.122547334954209e-06,1.987322000788117e-05,0.499281670416237,6.935296550282277e-09,0.4992816704162441,2.6320519398807075e-09,0.0014041591461476227,9.805874310262393e-08,2.9238684013396224e-07
Random5044
Raw:1.0104241096782794e-05,2.122547334954209e-06,1.987322000788117e-05,0.4992816704162441,6.935296550282277e-09,0.499281670416237,2.6320519398807075e-09,0.0014041591461476227,9.805874310262393e-08,2.9238684013396224e-07
EFT:1.0104241096782794e-05,2.122547334954209e-06,1.987322000788117e-05,0.499281670416237,6.935296550282277e-09,0.4992816704162441,2.6320519398807075e-09,0.0014041591461476227,9.805874310262393e-08,2.9238684013396224e-07
Random5045
Raw:1.0104241096783009e-05,2.122547334954194e-06,1.9873220007881028e-05,0.49928167041623345,6.935296550282327e-09,0.49928167041624766,2.6320519398807638e-09,0.0014041591461476327,9.805874310262462e-08,2.9238684013396436e-07
EFT:1.0104241096782794e-05,2.122547334954209e-06,1.987322000788117e-05,0.499281670416237,6.935296550282277e-09,0.4992816704162441,2.6320519398807075e-09,0.0014041591461476227,9.805874310262393e-08,2.9238684013396224e-07
Random5046
Raw:1.0104241096782938e-05,2.122547334954239e-06,1.987322000788117e-05,0.499281670416237,6.935296550282277e-09,0.4992816704162441,2.632051939880745e-09,0.0014041591461476227,9.805874310262532e-08,2.9238684013396224e-07
EFT:1.0104241096782794e-05,2.122547334954209e-06,1.987322000788117e-05,0.499281670416237,6.935296550282277e-09,0.4992816704162441,2.6320519398807075e-09,0.0014041591461476227,9.805874310262393e-08,2.9238684013396224e-07
Random5047
Raw:1.0104241096783009e-05,2.122547334954224e-06,1.9873220007881028e-05,0.49928167041623345,6.935296550282327e-09,0.49928167041624766,2.6320519398807638e-09,0.0014041591461476327,9.805874310262601e-08,2.9238684013396436e-07
EFT:1.0104241096782794e-05,2.122547334954209e-06,1.987322000788117e-05,0.499281670416237,6.935296550282277e-09,0.4992816704162441,2.6320519398807075e-09,0.0014041591461476227,9.805874310262393e-08,2.9238684013396224e-07
Random5048
Raw:1.0104241096782938e-05,2.122547334954209e-06,1.9873220007880885e-05,0.499281670416237,6.935296550282277e-09,0.4992816704162441,2.632051939880745e-09,0.0014041591461476227,9.805874310262393e-08,2.9238684013396224e-07
EFT:1.0104241096782794e-05,2.122547334954209e-06,1.987322000788117e-05,0.499281670416237,6.935296550282277e-09,0.4992816704162441,2.6320519398807075e-09,0.0014041591461476227,9.805874310262393e-08,2.9238684013396224e-07
Random5049
Raw:1.0104241096782938e-05,2.122547334954209e-06,1.987322000788117e-05,0.499281670416237,6.935296550282277e-09,0.4992816704162441,2.632051939880745e-09,0.0014041591461476427,9.805874310262393e-08,2.9238684013396224e-07
EFT:1.0104241096782794e-05,2.122547334954209e-06,1.987322000788117e-05,0.499281670416237,6.935296550282277e-09,0.4992816704162441,2.6320519398807075e-09,0.0014041591461476227,9.805874310262393e-08,2.9238684013396224e-07
Random5050
Raw:1.0104241096782867e-05,2.122547334954224e-06,1.9873220007881028e-05,0.49928167041624055,6.935296550282326e-09,0.49928167041624055,2.6320519398807265e-09,0.0014041591461476128,9.805874310262462e-08,2.923868401339643e-07
EFT:1.0104241096782794e-05,2.122547334954209e-06,1.987322000788117e-05,0.499281670416237,6.935296550282277e-09,0.4992816704162441,2.6320519398807075e-09,0.0014041591461476227,9.805874310262393e-08,2.9238684013396224e-07
Random5051
Raw:1.0104241096782794e-05,2.122547334954209e-06,1.9873220007880885e-05,0.499281670416237,6.935296550282277e-09,0.4992816704162441,2.632051939880745e-09,0.0014041591461476227,9.805874310262254e-08,2.9238684013396224e-07
EFT:1.0104241096782794e-05,2.122547334954209e-06,1.987322000788117e-05,0.499281670416237,6.935296550282277e-09,0.4992816704162441,2.6320519398807075e-09,0.0014041591461476227,9.805874310262393e-08,2.9238684013396224e-07
Random5052
Raw:1.0104241096782938e-05,2.122547334954239e-06,1.987322000788145e-05,0.499281670416237,6.935296550282277e-09,0.4992816704162441,2.632051939880745e-09,0.0014041591461476427,9.805874310262393e-08,2.9238684013396637e-07
EFT:1.0104241096782794e-05,2.122547334954209e-06,1.987322000788117e-05,0.499281670416237,6.935296550282277e-09,0.4992816704162441,2.6320519398807075e-09,0.0014041591461476227,9.805874310262393e-08,2.9238684013396224e-07
Random5053
Raw:1.0104241096782794e-05,2.122547334954209e-06,1.987322000788117e-05,0.499281670416237,6.9352965502821786e-09,0.4992816704162441,2.6320519398807075e-09,0.0014041591461476227,9.805874310262393e-08,2.9238684013396224e-07
EFT:1.0104241096782794e-05,2.122547334954209e-06,1.987322000788117e-05,0.499281670416237,6.935296550282277e-09,0.4992816704162441,2.6320519398807075e-09,0.0014041591461476227,9.805874310262393e-08,2.9238684013396224e-07
Random5054
Raw:1.0104241096782867e-05,2.122547334954224e-06,1.987322000788131e-05,0.49928167041624055,6.935296550282326e-09,0.49928167041624055,2.6320519398807265e-09,0.0014041591461476327,9.805874310262462e-08,2.923868401339643e-07
EFT:1.0104241096782794e-05,2.122547334954209e-06,1.987322000788117e-05,0.499281670416237,6.935296550282277e-09,0.4992816704162441,2.6320519398807075e-09,0.0014041591461476227,9.805874310262393e-08,2.9238684013396224e-07
Random5055
Raw:1.0104241096782867e-05,2.122547334954224e-06,1.987322000788131e-05,0.49928167041624055,6.935296550282326e-09,0.49928167041624055,2.6320519398807265e-09,0.0014041591461476327,9.805874310262462e-08,2.923868401339643e-07
EFT:1.0104241096782794e-05,2.122547334954209e-06,1.987322000788117e-05,0.499281670416237,6.935296550282277e-09,0.4992816704162441,2.6320519398807075e-09,0.0014041591461476227,9.805874310262393e-08,2.9238684013396224e-07
Random5056
Raw:1.0104241096783009e-05,2.122547334954194e-06,1.9873220007881028e-05,0.49928167041623345,6.935296550282327e-09,0.49928167041624766,2.6320519398807638e-09,0.0014041591461476126,9.805874310262601e-08,2.9238684013396436e-07
EFT:1.0104241096782794e-05,2.122547334954209e-06,1.987322000788117e-05,0.499281670416237,6.935296550282277e-09,0.4992816704162441,2.6320519398807075e-09,0.0014041591461476227,9.805874310262393e-08,2.9238684013396224e-07
Random5057
Raw:1.0104241096782794e-05,2.122547334954209e-06,1.9873220007880885e-05,0.499281670416237,6.935296550282277e-09,0.4992816704162441,2.632051939880745e-09,0.0014041591461476227,9.805874310262254e-08,2.9238684013396224e-07
EFT:1.0104241096782794e-05,2.122547334954209e-06,1.987322000788117e-05,0.499281670416237,6.935296550282277e-09,0.4992816704162441,2.6320519398807075e-09,0.0014041591461476227,9.805874310262393e-08,2.9238684013396224e-07
Random5058
Raw:1.0104241096782867e-05,2.122547334954224e-06,1.987322000788131e-05,0.49928167041624055,6.935296550282326e-09,0.49928167041624055,2.6320519398807265e-09,0.0014041591461476327,9.805874310262462e-08,2.923868401339643e-07
EFT:1.0104241096782794e-05,2.122547334954209e-06,1.987322000788117e-05,0.499281670416237,6.935296550282277e-09,0.4992816704162441,2.6320519398807075e-09,0.0014041591461476227,9.805874310262393e-08,2.9238684013396224e-07
Random5059
Raw:1.0104241096782794e-05,2.122547334954209e-06,1.987322000788117e-05,0.499281670416237,6.935296550282277e-09,0.4992816704162441,2.6320519398807075e-09,0.0014041591461476227,9.805874310262393e-08,2.9238684013396224e-07
EFT:1.0104241096782794e-05,2.122547334954209e-06,1.987322000788117e-05,0.499281670416237,6.935296550282277e-09,0.4992816704162441,2.6320519398807075e-09,0.0014041591461476227,9.805874310262393e-08,2.9238684013396224e-07
Random5060
Raw:1.0104241096782938e-05,2.122547334954209e-06,1.987322000788117e-05,0.499281670416237,6.9352965502823754e-09,0.4992816704162441,2.632051939880745e-09,0.0014041591461476227,9.805874310262393e-08,2.9238684013396637e-07
EFT:1.0104241096782794e-05,2.122547334954209e-06,1.987322000788117e-05,0.499281670416237,6.935296550282277e-09,0.4992816704162441,2.6320519398807075e-09,0.0014041591461476227,9.805874310262393e-08,2.9238684013396224e-07
Random5061
Raw:1.0104241096782938e-05,2.122547334954209e-06,1.987322000788117e-05,0.499281670416237,6.935296550282277e-09,0.4992816704162441,2.632051939880745e-09,0.0014041591461476227,9.805874310262532e-08,2.9238684013396224e-07
EFT:1.0104241096782794e-05,2.122547334954209e-06,1.987322000788117e-05,0.499281670416237,6.935296550282277e-09,0.4992816704162441,2.6320519398807075e-09,0.0014041591461476227,9.805874310262393e-08,2.9238684013396224e-07
Random5062
Raw:1.0104241096782867e-05,2.122547334954224e-06,1.987322000788131e-05,0.49928167041624055,6.935296550282326e-09,0.49928167041624055,2.6320519398807265e-09,0.0014041591461476327,9.805874310262462e-08,2.923868401339643e-07
EFT:1.0104241096782794e-05,2.122547334954209e-06,1.987322000788117e-05,0.499281670416237,6.935296550282277e-09,0.4992816704162441,2.6320519398807075e-09,0.0014041591461476227,9.805874310262393e-08,2.9238684013396224e-07
Random5063
Raw:1.0104241096783009e-05,2.122547334954224e-06,1.987322000788131e-05,0.49928167041623345,6.935296550282327e-09,0.49928167041624766,2.6320519398807638e-09,0.0014041591461476327,9.805874310262462e-08,2.923868401339685e-07
EFT:1.0104241096782794e-05,2.122547334954209e-06,1.987322000788117e-05,0.499281670416237,6.935296550282277e-09,0.4992816704162441,2.6320519398807075e-09,0.0014041591461476227,9.805874310262393e-08,2.9238684013396224e-07
Random5064
Raw:1.0104241096782794e-05,2.122547334954209e-06,1.9873220007880885e-05,0.499281670416237,6.935296550282277e-09,0.4992816704162441,2.6320519398807075e-09,0.0014041591461476026,9.805874310262393e-08,2.9238684013396224e-07
EFT:1.0104241096782794e-05,2.122547334954209e-06,1.987322000788117e-05,0.499281670416237,6.935296550282277e-09,0.4992816704162441,2.6320519398807075e-09,0.0014041591461476227,9.805874310262393e-08,2.9238684013396224e-07
Random5065
Raw:1.0104241096782867e-05,2.122547334954224e-06,1.987322000788131e-05,0.49928167041624055,6.935296550282326e-09,0.49928167041624055,2.6320519398807265e-09,0.0014041591461476327,9.805874310262602e-08,2.923868401339643e-07
EFT:1.0104241096782794e-05,2.122547334954209e-06,1.987322000788117e-05,0.499281670416237,6.935296550282277e-09,0.4992816704162441,2.6320519398807075e-09,0.0014041591461476227,9.805874310262393e-08,2.9238684013396224e-07
Random5066
Raw:1.0104241096782867e-05,2.122547334954224e-06,1.9873220007881028e-05,0.49928167041624055,6.935296550282326e-09,0.49928167041624055,2.6320519398807265e-09,0.0014041591461476327,9.805874310262323e-08,2.923868401339643e-07
EFT:1.0104241096782794e-05,2.122547334954209e-06,1.987322000788117e-05,0.499281670416237,6.935296550282277e-09,0.4992816704162441,2.6320519398807075e-09,0.0014041591461476227,9.805874310262393e-08,2.9238684013396224e-07
Random5067
Raw:1.0104241096782938e-05,2.122547334954209e-06,1.987322000788117e-05,0.499281670416237,6.935296550282277e-09,0.4992816704162441,2.632051939880745e-09,0.0014041591461476227,9.805874310262532e-08,2.9238684013396224e-07
EFT:1.0104241096782794e-05,2.122547334954209e-06,1.987322000788117e-05,0.499281670416237,6.935296550282277e-09,0.4992816704162441,2.6320519398807075e-09,0.0014041591461476227,9.805874310262393e-08,2.9238684013396224e-07
Random5068
Raw:1.0104241096782794e-05,2.122547334954209e-06,1.987322000788117e-05,0.499281670416237,6.935296550282277e-09,0.4992816704162441,2.6320519398807075e-09,0.0014041591461476227,9.805874310262393e-08,2.9238684013396224e-07
EFT:1.0104241096782794e-05,2.122547334954209e-06,1.987322000788117e-05,0.499281670416237,6.935296550282277e-09,0.4992816704162441,2.6320519398807075e-09,0.0014041591461476227,9.805874310262393e-08,2.9238684013396224e-07
Random5069
Raw:1.0104241096782867e-05,2.122547334954224e-06,1.987322000788131e-05,0.49928167041624055,6.935296550282326e-09,0.49928167041624055,2.6320519398807265e-09,0.0014041591461476128,9.805874310262462e-08,2.923868401339643e-07
EFT:1.0104241096782794e-05,2.122547334954209e-06,1.987322000788117e-05,0.499281670416237,6.935296550282277e-09,0.4992816704162441,2.6320519398807075e-09,0.0014041591461476227,9.805874310262393e-08,2.9238684013396224e-07
Random5070
Raw:1.0104241096782938e-05,2.122547334954239e-06,1.987322000788117e-05,0.499281670416237,6.935296550282277e-09,0.4992816704162441,2.632051939880745e-09,0.0014041591461476427,9.805874310262532e-08,2.9238684013396224e-07
EFT:1.0104241096782794e-05,2.122547334954209e-06,1.987322000788117e-05,0.499281670416237,6.935296550282277e-09,0.4992816704162441,2.6320519398807075e-09,0.0014041591461476227,9.805874310262393e-08,2.9238684013396224e-07
Random5071
Raw:1.0104241096782794e-05,2.122547334954209e-06,1.987322000788117e-05,0.499281670416237,6.935296550282277e-09,0.4992816704162441,2.6320519398807075e-09,0.0014041591461476227,9.805874310262393e-08,2.9238684013396224e-07
EFT:1.0104241096782794e-05,2.122547334954209e-06,1.987322000788117e-05,0.499281670416237,6.935296550282277e-09,0.4992816704162441,2.6320519398807075e-09,0.0014041591461476227,9.805874310262393e-08,2.9238684013396224e-07
Random5072
Raw:1.0104241096783009e-05,2.122547334954224e-06,1.9873220007881028e-05,0.49928167041623345,6.935296550282327e-09,0.49928167041624766,2.6320519398807638e-09,0.0014041591461476327,9.805874310262601e-08,2.9238684013396436e-07
EFT:1.0104241096782794e-05,2.122547334954209e-06,1.987322000788117e-05,0.499281670416237,6.935296550282277e-09,0.4992816704162441,2.6320519398807075e-09,0.0014041591461476227,9.805874310262393e-08,2.9238684013396224e-07
Random5073
Raw:1.0104241096782938e-05,2.122547334954209e-06,1.987322000788117e-05,0.499281670416237,6.935296550282277e-09,0.4992816704162441,2.632051939880745e-09,0.0014041591461476427,9.805874310262393e-08,2.9238684013396224e-07
EFT:1.0104241096782794e-05,2.122547334954209e-06,1.987322000788117e-05,0.499281670416237,6.935296550282277e-09,0.4992816704162441,2.6320519398807075e-09,0.0014041591461476227,9.805874310262393e-08,2.9238684013396224e-07
Random5074
Raw:1.0104241096782867e-05,2.122547334954224e-06,1.987322000788131e-05,0.49928167041624055,6.935296550282326e-09,0.49928167041624055,2.6320519398807638e-09,0.0014041591461476327,9.805874310262462e-08,2.923868401339643e-07
EFT:1.0104241096782794e-05,2.122547334954209e-06,1.987322000788117e-05,0.499281670416237,6.935296550282277e-09,0.4992816704162441,2.6320519398807075e-09,0.0014041591461476227,9.805874310262393e-08,2.9238684013396224e-07
Random5075
Raw:1.0104241096782867e-05,2.122547334954224e-06,1.987322000788131e-05,0.49928167041624055,6.935296550282326e-09,0.49928167041624055,2.6320519398807265e-09,0.0014041591461476327,9.805874310262602e-08,2.923868401339643e-07
EFT:1.0104241096782794e-05,2.122547334954209e-06,1.987322000788117e-05,0.499281670416237,6.935296550282277e-09,0.4992816704162441,2.6320519398807075e-09,0.0014041591461476227,9.805874310262393e-08,2.9238684013396224e-07
Random5076
Raw:1.0104241096782867e-05,2.1225473349542546e-06,1.987322000788131e-05,0.49928167041624055,6.935296550282326e-09,0.49928167041624055,2.6320519398807638e-09,0.0014041591461476128,9.805874310262462e-08,2.923868401339643e-07
EFT:1.0104241096782794e-05,2.122547334954209e-06,1.987322000788117e-05,0.499281670416237,6.935296550282277e-09,0.4992816704162441,2.6320519398807075e-09,0.0014041591461476227,9.805874310262393e-08,2.9238684013396224e-07
Random5077
Raw:1.0104241096782794e-05,2.122547334954209e-06,1.987322000788117e-05,0.499281670416237,6.935296550282277e-09,0.4992816704162441,2.6320519398807075e-09,0.0014041591461476026,9.805874310262393e-08,2.9238684013396224e-07
EFT:1.0104241096782794e-05,2.122547334954209e-06,1.987322000788117e-05,0.499281670416237,6.935296550282277e-09,0.4992816704162441,2.6320519398807075e-09,0.0014041591461476227,9.805874310262393e-08,2.9238684013396224e-07
Random5078
Raw:1.0104241096782938e-05,2.122547334954209e-06,1.9873220007880885e-05,0.499281670416237,6.935296550282277e-09,0.4992816704162441,2.632051939880745e-09,0.0014041591461476227,9.805874310262532e-08,2.9238684013396224e-07
EFT:1.0104241096782794e-05,2.122547334954209e-06,1.987322000788117e-05,0.499281670416237,6.935296550282277e-09,0.4992816704162441,2.6320519398807075e-09,0.0014041591461476227,9.805874310262393e-08,2.9238684013396224e-07
Random5079
Raw:1.0104241096782938e-05,2.122547334954209e-06,1.987322000788117e-05,0.499281670416237,6.935296550282277e-09,0.4992816704162441,2.632051939880745e-09,0.0014041591461476427,9.805874310262393e-08,2.9238684013396224e-07
EFT:1.0104241096782794e-05,2.122547334954209e-06,1.987322000788117e-05,0.499281670416237,6.935296550282277e-09,0.4992816704162441,2.6320519398807075e-09,0.0014041591461476227,9.805874310262393e-08,2.9238684013396224e-07
Random5080
Raw:1.0104241096782938e-05,2.1225473349541788e-06,1.9873220007880885e-05,0.499281670416237,6.935296550282277e-09,0.4992816704162441,2.632051939880745e-09,0.0014041591461476026,9.805874310262532e-08,2.9238684013396224e-07
EFT:1.0104241096782794e-05,2.122547334954209e-06,1.987322000788117e-05,0.499281670416237,6.935296550282277e-09,0.4992816704162441,2.6320519398807075e-09,0.0014041591461476227,9.805874310262393e-08,2.9238684013396224e-07
Random5081
Raw:1.0104241096782938e-05,2.122547334954239e-06,1.987322000788117e-05,0.499281670416237,6.9352965502823754e-09,0.4992816704162441,2.6320519398807824e-09,0.0014041591461476227,9.805874310262532e-08,2.9238684013396637e-07
EFT:1.0104241096782794e-05,2.122547334954209e-06,1.987322000788117e-05,0.499281670416237,6.935296550282277e-09,0.4992816704162441,2.6320519398807075e-09,0.0014041591461476227,9.805874310262393e-08,2.9238684013396224e-07
Random5082
Raw:1.0104241096783009e-05,2.122547334954194e-06,1.9873220007881028e-05,0.49928167041623345,6.935296550282327e-09,0.49928167041624766,2.6320519398807638e-09,0.0014041591461476327,9.805874310262462e-08,2.9238684013396436e-07
EFT:1.0104241096782794e-05,2.122547334954209e-06,1.987322000788117e-05,0.499281670416237,6.935296550282277e-09,0.4992816704162441,2.6320519398807075e-09,0.0014041591461476227,9.805874310262393e-08,2.9238684013396224e-07
Random5083
Raw:1.0104241096782938e-05,2.122547334954209e-06,1.987322000788117e-05,0.499281670416237,6.935296550282277e-09,0.4992816704162441,2.632051939880745e-09,0.0014041591461476227,9.805874310262393e-08,2.9238684013396637e-07
EFT:1.0104241096782794e-05,2.122547334954209e-06,1.987322000788117e-05,0.499281670416237,6.935296550282277e-09,0.4992816704162441,2.6320519398807075e-09,0.0014041591461476227,9.805874310262393e-08,2.9238684013396224e-07
Random5084
Raw:1.0104241096782723e-05,2.122547334954194e-06,1.9873220007881028e-05,0.49928167041624055,6.935296550282228e-09,0.49928167041624055,2.632051939880689e-09,0.0014041591461476128,9.805874310262184e-08,2.923868401339602e-07
EFT:1.0104241096782794e-05,2.122547334954209e-06,1.987322000788117e-05,0.499281670416237,6.935296550282277e-09,0.4992816704162441,2.6320519398807075e-09,0.0014041591461476227,9.805874310262393e-08,2.9238684013396224e-07
Random5085
Raw:1.0104241096782794e-05,2.122547334954209e-06,1.987322000788117e-05,0.499281670416237,6.9352965502821786e-09,0.4992816704162441,2.6320519398807075e-09,0.0014041591461476227,9.805874310262393e-08,2.9238684013396224e-07
EFT:1.0104241096782794e-05,2.122547334954209e-06,1.987322000788117e-05,0.499281670416237,6.935296550282277e-09,0.4992816704162441,2.6320519398807075e-09,0.0014041591461476227,9.805874310262393e-08,2.9238684013396224e-07
Random5086
Raw:1.0104241096782794e-05,2.1225473349541788e-06,1.9873220007880885e-05,0.499281670416237,6.9352965502821786e-09,0.4992816704162441,2.632051939880745e-09,0.0014041591461476026,9.805874310262254e-08,2.9238684013396224e-07
EFT:1.0104241096782794e-05,2.122547334954209e-06,1.987322000788117e-05,0.499281670416237,6.935296550282277e-09,0.4992816704162441,2.6320519398807075e-09,0.0014041591461476227,9.805874310262393e-08,2.9238684013396224e-07
Random5087
Raw:1.0104241096782938e-05,2.122547334954209e-06,1.9873220007880885e-05,0.499281670416237,6.935296550282277e-09,0.4992816704162441,2.632051939880745e-09,0.0014041591461476227,9.805874310262532e-08,2.9238684013396224e-07
EFT:1.0104241096782794e-05,2.122547334954209e-06,1.987322000788117e-05,0.499281670416237,6.935296550282277e-09,0.4992816704162441,2.6320519398807075e-09,0.0014041591461476227,9.805874310262393e-08,2.9238684013396224e-07
Random5088
Raw:1.0104241096782794e-05,2.122547334954209e-06,1.987322000788117e-05,0.499281670416237,6.9352965502821786e-09,0.4992816704162441,2.632051939880745e-09,0.0014041591461476227,9.805874310262254e-08,2.9238684013396224e-07
EFT:1.0104241096782794e-05,2.122547334954209e-06,1.987322000788117e-05,0.499281670416237,6.935296550282277e-09,0.4992816704162441,2.6320519398807075e-09,0.0014041591461476227,9.805874310262393e-08,2.9238684013396224e-07
Random5089
Raw:1.0104241096782867e-05,2.122547334954224e-06,1.987322000788131e-05,0.49928167041624055,6.935296550282326e-09,0.49928167041624055,2.6320519398807265e-09,0.0014041591461476327,9.805874310262602e-08,2.923868401339643e-07
EFT:1.0104241096782794e-05,2.122547334954209e-06,1.987322000788117e-05,0.499281670416237,6.935296550282277e-09,0.4992816704162441,2.6320519398807075e-09,0.0014041591461476227,9.805874310262393e-08,2.9238684013396224e-07
Random5090
Raw:1.0104241096782938e-05,2.122547334954209e-06,1.987322000788117e-05,0.499281670416237,6.935296550282277e-09,0.4992816704162441,2.632051939880745e-09,0.0014041591461476427,9.805874310262393e-08,2.9238684013396224e-07
EFT:1.0104241096782794e-05,2.122547334954209e-06,1.987322000788117e-05,0.499281670416237,6.935296550282277e-09,0.4992816704162441,2.6320519398807075e-09,0.0014041591461476227,9.805874310262393e-08,2.9238684013396224e-07
Random5091
Raw:1.0104241096782938e-05,2.122547334954209e-06,1.9873220007880885e-05,0.499281670416237,6.935296550282277e-09,0.4992816704162441,2.632051939880745e-09,0.0014041591461476227,9.805874310262532e-08,2.9238684013396224e-07
EFT:1.0104241096782794e-05,2.122547334954209e-06,1.987322000788117e-05,0.499281670416237,6.935296550282277e-09,0.4992816704162441,2.6320519398807075e-09,0.0014041591461476227,9.805874310262393e-08,2.9238684013396224e-07
Random5092
Raw:1.0104241096782794e-05,2.122547334954209e-06,1.987322000788117e-05,0.499281670416237,6.935296550282277e-09,0.4992816704162441,2.6320519398807075e-09,0.0014041591461476026,9.805874310262393e-08,2.9238684013396224e-07
EFT:1.0104241096782794e-05,2.122547334954209e-06,1.987322000788117e-05,0.499281670416237,6.935296550282277e-09,0.4992816704162441,2.6320519398807075e-09,0.0014041591461476227,9.805874310262393e-08,2.9238684013396224e-07
Random5093
Raw:1.0104241096782794e-05,2.1225473349541788e-06,1.9873220007880885e-05,0.499281670416237,6.935296550282277e-09,0.4992816704162441,2.632051939880745e-09,0.0014041591461476026,9.805874310262254e-08,2.9238684013396224e-07
EFT:1.0104241096782794e-05,2.122547334954209e-06,1.987322000788117e-05,0.499281670416237,6.935296550282277e-09,0.4992816704162441,2.6320519398807075e-09,0.0014041591461476227,9.805874310262393e-08,2.9238684013396224e-07
Random5094
Raw:1.0104241096782938e-05,2.122547334954209e-06,1.987322000788117e-05,0.499281670416237,6.935296550282277e-09,0.4992816704162441,2.632051939880745e-09,0.0014041591461476227,9.805874310262532e-08,2.9238684013396224e-07
EFT:1.0104241096782794e-05,2.122547334954209e-06,1.987322000788117e-05,0.499281670416237,6.935296550282277e-09,0.4992816704162441,2.6320519398807075e-09,0.0014041591461476227,9.805874310262393e-08,2.9238684013396224e-07
Random5095
Raw:1.0104241096782938e-05,2.122547334954209e-06,1.987322000788117e-05,0.499281670416237,6.9352965502823754e-09,0.4992816704162441,2.632051939880745e-09,0.0014041591461476227,9.805874310262393e-08,2.9238684013396637e-07
EFT:1.0104241096782794e-05,2.122547334954209e-06,1.987322000788117e-05,0.499281670416237,6.935296550282277e-09,0.4992816704162441,2.6320519398807075e-09,0.0014041591461476227,9.805874310262393e-08,2.9238684013396224e-07
Random5096
Raw:1.0104241096782794e-05,2.122547334954209e-06,1.987322000788117e-05,0.499281670416237,6.9352965502821786e-09,0.4992816704162441,2.632051939880745e-09,0.0014041591461476227,9.805874310262254e-08,2.9238684013396224e-07
EFT:1.0104241096782794e-05,2.122547334954209e-06,1.987322000788117e-05,0.499281670416237,6.935296550282277e-09,0.4992816704162441,2.6320519398807075e-09,0.0014041591461476227,9.805874310262393e-08,2.9238684013396224e-07
Random5097
Raw:1.0104241096782867e-05,2.122547334954224e-06,1.987322000788131e-05,0.49928167041624055,6.935296550282326e-09,0.49928167041624055,2.6320519398807265e-09,0.0014041591461476327,9.805874310262462e-08,2.923868401339643e-07
EFT:1.0104241096782794e-05,2.122547334954209e-06,1.987322000788117e-05,0.499281670416237,6.935296550282277e-09,0.4992816704162441,2.6320519398807075e-09,0.0014041591461476227,9.805874310262393e-08,2.9238684013396224e-07
Random5098
Raw:1.0104241096782938e-05,2.1225473349541788e-06,1.9873220007880885e-05,0.499281670416237,6.935296550282277e-09,0.4992816704162441,2.632051939880745e-09,0.0014041591461476026,9.805874310262532e-08,2.9238684013396224e-07
EFT:1.0104241096782794e-05,2.122547334954209e-06,1.987322000788117e-05,0.499281670416237,6.935296550282277e-09,0.4992816704162441,2.6320519398807075e-09,0.0014041591461476227,9.805874310262393e-08,2.9238684013396224e-07
Random5099
Raw:1.0104241096782938e-05,2.1225473349541788e-06,1.9873220007880885e-05,0.499281670416237,6.935296550282277e-09,0.4992816704162441,2.632051939880745e-09,0.0014041591461476026,9.805874310262532e-08,2.9238684013396224e-07
EFT:1.0104241096782794e-05,2.122547334954209e-06,1.987322000788117e-05,0.499281670416237,6.935296550282277e-09,0.4992816704162441,2.6320519398807075e-09,0.0014041591461476227,9.805874310262393e-08,2.9238684013396224e-07
Random5100
Raw:1.0104241096782938e-05,2.122547334954209e-06,1.987322000788117e-05,0.499281670416237,6.9352965502823754e-09,0.4992816704162441,2.632051939880745e-09,0.0014041591461476227,9.805874310262393e-08,2.9238684013396637e-07
EFT:1.0104241096782794e-05,2.122547334954209e-06,1.987322000788117e-05,0.499281670416237,6.935296550282277e-09,0.4992816704162441,2.6320519398807075e-09,0.0014041591461476227,9.805874310262393e-08,2.9238684013396224e-07
Random5101
Raw:1.0104241096782865e-05,2.122547334954194e-06,1.9873220007881028e-05,0.49928167041623345,6.935296550282327e-09,0.49928167041624766,2.632051939880726e-09,0.0014041591461476126,9.805874310262462e-08,2.9238684013396436e-07
EFT:1.0104241096782794e-05,2.122547334954209e-06,1.987322000788117e-05,0.499281670416237,6.935296550282277e-09,0.4992816704162441,2.6320519398807075e-09,0.0014041591461476227,9.805874310262393e-08,2.9238684013396224e-07
Random5102
Raw:1.0104241096782794e-05,2.1225473349541788e-06,1.9873220007880885e-05,0.499281670416237,6.9352965502821786e-09,0.4992816704162441,2.632051939880745e-09,0.0014041591461476026,9.805874310262254e-08,2.9238684013396224e-07
EFT:1.0104241096782794e-05,2.122547334954209e-06,1.987322000788117e-05,0.499281670416237,6.935296550282277e-09,0.4992816704162441,2.6320519398807075e-09,0.0014041591461476227,9.805874310262393e-08,2.9238684013396224e-07
Random5103
Raw:1.0104241096782867e-05,2.122547334954224e-06,1.987322000788131e-05,0.49928167041624055,6.935296550282326e-09,0.49928167041624055,2.6320519398807265e-09,0.0014041591461476128,9.805874310262462e-08,2.923868401339643e-07
EFT:1.0104241096782794e-05,2.122547334954209e-06,1.987322000788117e-05,0.499281670416237,6.935296550282277e-09,0.4992816704162441,2.6320519398807075e-09,0.0014041591461476227,9.805874310262393e-08,2.9238684013396224e-07
Random5104
Raw:1.0104241096782794e-05,2.122547334954209e-06,1.987322000788117e-05,0.499281670416237,6.9352965502821786e-09,0.4992816704162441,2.632051939880745e-09,0.0014041591461476227,9.805874310262254e-08,2.9238684013396224e-07
EFT:1.0104241096782794e-05,2.122547334954209e-06,1.987322000788117e-05,0.499281670416237,6.935296550282277e-09,0.4992816704162441,2.6320519398807075e-09,0.0014041591461476227,9.805874310262393e-08,2.9238684013396224e-07
Random5105
Raw:1.0104241096782867e-05,2.122547334954224e-06,1.9873220007881028e-05,0.49928167041624055,6.935296550282326e-09,0.49928167041624055,2.6320519398807265e-09,0.0014041591461476327,9.805874310262323e-08,2.923868401339643e-07
EFT:1.0104241096782794e-05,2.122547334954209e-06,1.987322000788117e-05,0.499281670416237,6.935296550282277e-09,0.4992816704162441,2.6320519398807075e-09,0.0014041591461476227,9.805874310262393e-08,2.9238684013396224e-07
Random5106
Raw:1.0104241096782867e-05,2.122547334954224e-06,1.987322000788131e-05,0.49928167041624055,6.935296550282326e-09,0.49928167041624055,2.6320519398807265e-09,0.0014041591461476327,9.805874310262462e-08,2.923868401339643e-07
EFT:1.0104241096782794e-05,2.122547334954209e-06,1.987322000788117e-05,0.499281670416237,6.935296550282277e-09,0.4992816704162441,2.6320519398807075e-09,0.0014041591461476227,9.805874310262393e-08,2.9238684013396224e-07
Random5107
Raw:1.0104241096782867e-05,2.122547334954224e-06,1.987322000788131e-05,0.49928167041624055,6.935296550282326e-09,0.49928167041624055,2.6320519398807638e-09,0.0014041591461476327,9.805874310262462e-08,2.923868401339643e-07
EFT:1.0104241096782794e-05,2.122547334954209e-06,1.987322000788117e-05,0.499281670416237,6.935296550282277e-09,0.4992816704162441,2.6320519398807075e-09,0.0014041591461476227,9.805874310262393e-08,2.9238684013396224e-07
Random5108
Raw:1.0104241096782865e-05,2.122547334954194e-06,1.9873220007881028e-05,0.49928167041623345,6.935296550282327e-09,0.49928167041624766,2.632051939880726e-09,0.0014041591461476126,9.805874310262462e-08,2.9238684013396436e-07
EFT:1.0104241096782794e-05,2.122547334954209e-06,1.987322000788117e-05,0.499281670416237,6.935296550282277e-09,0.4992816704162441,2.6320519398807075e-09,0.0014041591461476227,9.805874310262393e-08,2.9238684013396224e-07
Random5109
Raw:1.0104241096782938e-05,2.122547334954209e-06,1.987322000788117e-05,0.499281670416237,6.9352965502823754e-09,0.4992816704162441,2.632051939880745e-09,0.0014041591461476227,9.805874310262532e-08,2.9238684013396637e-07
EFT:1.0104241096782794e-05,2.122547334954209e-06,1.987322000788117e-05,0.499281670416237,6.935296550282277e-09,0.4992816704162441,2.6320519398807075e-09,0.0014041591461476227,9.805874310262393e-08,2.9238684013396224e-07
Random5110
Raw:1.0104241096782938e-05,2.122547334954209e-06,1.987322000788117e-05,0.499281670416237,6.935296550282277e-09,0.4992816704162441,2.632051939880745e-09,0.0014041591461476227,9.805874310262532e-08,2.9238684013396224e-07
EFT:1.0104241096782794e-05,2.122547334954209e-06,1.987322000788117e-05,0.499281670416237,6.935296550282277e-09,0.4992816704162441,2.6320519398807075e-09,0.0014041591461476227,9.805874310262393e-08,2.9238684013396224e-07
Random5111
Raw:1.0104241096782938e-05,2.122547334954239e-06,1.9873220007880885e-05,0.499281670416237,6.935296550282277e-09,0.4992816704162441,2.632051939880745e-09,0.0014041591461476227,9.805874310262532e-08,2.9238684013396224e-07
EFT:1.0104241096782794e-05,2.122547334954209e-06,1.987322000788117e-05,0.499281670416237,6.935296550282277e-09,0.4992816704162441,2.6320519398807075e-09,0.0014041591461476227,9.805874310262393e-08,2.9238684013396224e-07
Random5112
Raw:1.0104241096782867e-05,2.122547334954224e-06,1.9873220007881028e-05,0.49928167041624055,6.935296550282326e-09,0.49928167041624055,2.6320519398807265e-09,0.0014041591461476128,9.805874310262462e-08,2.923868401339643e-07
EFT:1.0104241096782794e-05,2.122547334954209e-06,1.987322000788117e-05,0.499281670416237,6.935296550282277e-09,0.4992816704162441,2.6320519398807075e-09,0.0014041591461476227,9.805874310262393e-08,2.9238684013396224e-07
Random5113
Raw:1.0104241096782867e-05,2.122547334954194e-06,1.9873220007881028e-05,0.49928167041624055,6.935296550282326e-09,0.49928167041624055,2.6320519398807265e-09,0.0014041591461476128,9.805874310262602e-08,2.923868401339643e-07
EFT:1.0104241096782794e-05,2.122547334954209e-06,1.987322000788117e-05,0.499281670416237,6.935296550282277e-09,0.4992816704162441,2.6320519398807075e-09,0.0014041591461476227,9.805874310262393e-08,2.9238684013396224e-07
Random5114
Raw:1.0104241096782794e-05,2.1225473349541788e-06,1.9873220007880885e-05,0.499281670416237,6.9352965502821786e-09,0.4992816704162441,2.632051939880745e-09,0.0014041591461476026,9.805874310262254e-08,2.9238684013396224e-07
EFT:1.0104241096782794e-05,2.122547334954209e-06,1.987322000788117e-05,0.499281670416237,6.935296550282277e-09,0.4992816704162441,2.6320519398807075e-09,0.0014041591461476227,9.805874310262393e-08,2.9238684013396224e-07
Random5115
Raw:1.0104241096782867e-05,2.122547334954224e-06,1.987322000788131e-05,0.49928167041624055,6.935296550282228e-09,0.49928167041624055,2.632051939880689e-09,0.0014041591461476327,9.805874310262462e-08,2.923868401339602e-07
EFT:1.0104241096782794e-05,2.122547334954209e-06,1.987322000788117e-05,0.499281670416237,6.935296550282277e-09,0.4992816704162441,2.6320519398807075e-09,0.0014041591461476227,9.805874310262393e-08,2.9238684013396224e-07
Random5116
Raw:1.0104241096782938e-05,2.122547334954239e-06,1.987322000788145e-05,0.499281670416237,6.935296550282277e-09,0.4992816704162441,2.632051939880745e-09,0.0014041591461476427,9.805874310262532e-08,2.9238684013396224e-07
EFT:1.0104241096782794e-05,2.122547334954209e-06,1.987322000788117e-05,0.499281670416237,6.935296550282277e-09,0.4992816704162441,2.6320519398807075e-09,0.0014041591461476227,9.805874310262393e-08,2.9238684013396224e-07
Random5117
Raw:1.0104241096783009e-05,2.122547334954224e-06,1.987322000788131e-05,0.49928167041623345,6.935296550282327e-09,0.49928167041624766,2.6320519398807638e-09,0.0014041591461476327,9.805874310262462e-08,2.923868401339685e-07
EFT:1.0104241096782794e-05,2.122547334954209e-06,1.987322000788117e-05,0.499281670416237,6.935296550282277e-09,0.4992816704162441,2.6320519398807075e-09,0.0014041591461476227,9.805874310262393e-08,2.9238684013396224e-07
Random5118
Raw:1.0104241096782938e-05,2.122547334954209e-06,1.987322000788117e-05,0.499281670416237,6.9352965502823754e-09,0.4992816704162441,2.632051939880745e-09,0.0014041591461476227,9.805874310262532e-08,2.9238684013396637e-07
EFT:1.0104241096782794e-05,2.122547334954209e-06,1.987322000788117e-05,0.499281670416237,6.935296550282277e-09,0.4992816704162441,2.6320519398807075e-09,0.0014041591461476227,9.805874310262393e-08,2.9238684013396224e-07
Random5119
Raw:1.0104241096782938e-05,2.122547334954209e-06,1.9873220007880885e-05,0.499281670416237,6.935296550282277e-09,0.4992816704162441,2.632051939880745e-09,0.0014041591461476227,9.805874310262532e-08,2.9238684013396224e-07
EFT:1.0104241096782794e-05,2.122547334954209e-06,1.987322000788117e-05,0.499281670416237,6.935296550282277e-09,0.4992816704162441,2.6320519398807075e-09,0.0014041591461476227,9.805874310262393e-08,2.9238684013396224e-07
Random5120
Raw:1.0104241096782794e-05,2.122547334954209e-06,1.987322000788117e-05,0.4992816704162441,6.935296550282277e-09,0.499281670416237,2.63205193988067e-09,0.0014041591461476227,9.805874310262532e-08,2.9238684013396224e-07
EFT:1.0104241096782794e-05,2.122547334954209e-06,1.987322000788117e-05,0.499281670416237,6.935296550282277e-09,0.4992816704162441,2.6320519398807075e-09,0.0014041591461476227,9.805874310262393e-08,2.9238684013396224e-07
Random5121
Raw:1.0104241096782867e-05,2.122547334954224e-06,1.987322000788131e-05,0.49928167041624055,6.935296550282326e-09,0.49928167041624055,2.6320519398807265e-09,0.0014041591461476327,9.805874310262462e-08,2.923868401339643e-07
EFT:1.0104241096782794e-05,2.122547334954209e-06,1.987322000788117e-05,0.499281670416237,6.935296550282277e-09,0.4992816704162441,2.6320519398807075e-09,0.0014041591461476227,9.805874310262393e-08,2.9238684013396224e-07
Random5122
Raw:1.0104241096782867e-05,2.1225473349542546e-06,1.987322000788131e-05,0.49928167041624055,6.935296550282326e-09,0.49928167041624055,2.6320519398807638e-09,0.0014041591461476327,9.805874310262462e-08,2.923868401339643e-07
EFT:1.0104241096782794e-05,2.122547334954209e-06,1.987322000788117e-05,0.499281670416237,6.935296550282277e-09,0.4992816704162441,2.6320519398807075e-09,0.0014041591461476227,9.805874310262393e-08,2.9238684013396224e-07
Random5123
Raw:1.0104241096783009e-05,2.122547334954224e-06,1.987322000788131e-05,0.49928167041623345,6.935296550282327e-09,0.49928167041624766,2.6320519398807638e-09,0.0014041591461476327,9.805874310262462e-08,2.923868401339685e-07
EFT:1.0104241096782794e-05,2.122547334954209e-06,1.987322000788117e-05,0.499281670416237,6.935296550282277e-09,0.4992816704162441,2.6320519398807075e-09,0.0014041591461476227,9.805874310262393e-08,2.9238684013396224e-07
Random5124
Raw:1.0104241096782794e-05,2.122547334954209e-06,1.987322000788117e-05,0.499281670416237,6.935296550282277e-09,0.4992816704162441,2.6320519398807075e-09,0.0014041591461476227,9.805874310262393e-08,2.9238684013396224e-07
EFT:1.0104241096782794e-05,2.122547334954209e-06,1.987322000788117e-05,0.499281670416237,6.935296550282277e-09,0.4992816704162441,2.6320519398807075e-09,0.0014041591461476227,9.805874310262393e-08,2.9238684013396224e-07
Random5125
Raw:1.0104241096782867e-05,2.122547334954224e-06,1.987322000788131e-05,0.49928167041624055,6.935296550282326e-09,0.49928167041624055,2.6320519398807265e-09,0.0014041591461476327,9.805874310262323e-08,2.923868401339643e-07
EFT:1.0104241096782794e-05,2.122547334954209e-06,1.987322000788117e-05,0.499281670416237,6.935296550282277e-09,0.4992816704162441,2.6320519398807075e-09,0.0014041591461476227,9.805874310262393e-08,2.9238684013396224e-07
Random5126
Raw:1.0104241096782867e-05,2.122547334954224e-06,1.987322000788131e-05,0.49928167041624055,6.935296550282326e-09,0.49928167041624055,2.6320519398807265e-09,0.0014041591461476327,9.805874310262462e-08,2.923868401339643e-07
EFT:1.0104241096782794e-05,2.122547334954209e-06,1.987322000788117e-05,0.499281670416237,6.935296550282277e-09,0.4992816704162441,2.6320519398807075e-09,0.0014041591461476227,9.805874310262393e-08,2.9238684013396224e-07
Random5127
Raw:1.0104241096782938e-05,2.122547334954239e-06,1.987322000788117e-05,0.499281670416237,6.9352965502823754e-09,0.4992816704162441,2.6320519398807824e-09,0.0014041591461476227,9.805874310262532e-08,2.9238684013396637e-07
EFT:1.0104241096782794e-05,2.122547334954209e-06,1.987322000788117e-05,0.499281670416237,6.935296550282277e-09,0.4992816704162441,2.6320519398807075e-09,0.0014041591461476227,9.805874310262393e-08,2.9238684013396224e-07
Random5128
Raw:1.0104241096783009e-05,2.122547334954194e-06,1.9873220007881028e-05,0.49928167041623345,6.935296550282327e-09,0.49928167041624766,2.6320519398807638e-09,0.0014041591461476327,9.805874310262462e-08,2.9238684013396436e-07
EFT:1.0104241096782794e-05,2.122547334954209e-06,1.987322000788117e-05,0.499281670416237,6.935296550282277e-09,0.4992816704162441,2.6320519398807075e-09,0.0014041591461476227,9.805874310262393e-08,2.9238684013396224e-07
Random5129
Raw:1.0104241096782865e-05,2.122547334954194e-06,1.9873220007881028e-05,0.49928167041623345,6.935296550282228e-09,0.49928167041624766,2.632051939880726e-09,0.0014041591461476126,9.805874310262462e-08,2.9238684013396436e-07
EFT:1.0104241096782794e-05,2.122547334954209e-06,1.987322000788117e-05,0.499281670416237,6.935296550282277e-09,0.4992816704162441,2.6320519398807075e-09,0.0014041591461476227,9.805874310262393e-08,2.9238684013396224e-07
Random5130
Raw:1.0104241096782938e-05,2.122547334954209e-06,1.9873220007880885e-05,0.499281670416237,6.9352965502823754e-09,0.4992816704162441,2.63205193988082e-09,0.0014041591461476026,9.805874310262532e-08,2.9238684013396637e-07
EFT:1.0104241096782794e-05,2.122547334954209e-06,1.987322000788117e-05,0.499281670416237,6.935296550282277e-09,0.4992816704162441,2.6320519398807075e-09,0.0014041591461476227,9.805874310262393e-08,2.9238684013396224e-07
Random5131
Raw:1.0104241096782867e-05,2.122547334954224e-06,1.987322000788131e-05,0.49928167041624055,6.935296550282326e-09,0.49928167041624055,2.6320519398807265e-09,0.0014041591461476327,9.805874310262462e-08,2.923868401339643e-07
EFT:1.0104241096782794e-05,2.122547334954209e-06,1.987322000788117e-05,0.499281670416237,6.935296550282277e-09,0.4992816704162441,2.6320519398807075e-09,0.0014041591461476227,9.805874310262393e-08,2.9238684013396224e-07
Random5132
Raw:1.0104241096782938e-05,2.122547334954209e-06,1.987322000788117e-05,0.499281670416237,6.9352965502823754e-09,0.4992816704162441,2.6320519398807824e-09,0.0014041591461476227,9.805874310262532e-08,2.9238684013396637e-07
EFT:1.0104241096782794e-05,2.122547334954209e-06,1.987322000788117e-05,0.499281670416237,6.935296550282277e-09,0.4992816704162441,2.6320519398807075e-09,0.0014041591461476227,9.805874310262393e-08,2.9238684013396224e-07
Random5133
Raw:1.0104241096782794e-05,2.122547334954209e-06,1.987322000788117e-05,0.499281670416237,6.9352965502821786e-09,0.4992816704162441,2.6320519398807075e-09,0.0014041591461476026,9.805874310262393e-08,2.9238684013396224e-07
EFT:1.0104241096782794e-05,2.122547334954209e-06,1.987322000788117e-05,0.499281670416237,6.935296550282277e-09,0.4992816704162441,2.6320519398807075e-09,0.0014041591461476227,9.805874310262393e-08,2.9238684013396224e-07
Random5134
Raw:1.0104241096782938e-05,2.122547334954239e-06,1.987322000788145e-05,0.499281670416237,6.9352965502823754e-09,0.4992816704162441,2.632051939880745e-09,0.0014041591461476227,9.805874310262532e-08,2.9238684013396637e-07
EFT:1.0104241096782794e-05,2.122547334954209e-06,1.987322000788117e-05,0.499281670416237,6.935296550282277e-09,0.4992816704162441,2.6320519398807075e-09,0.0014041591461476227,9.805874310262393e-08,2.9238684013396224e-07
Random5135
Raw:1.0104241096782938e-05,2.122547334954239e-06,1.987322000788145e-05,0.499281670416237,6.935296550282277e-09,0.4992816704162441,2.632051939880745e-09,0.0014041591461476427,9.805874310262393e-08,2.9238684013396637e-07
EFT:1.0104241096782794e-05,2.122547334954209e-06,1.987322000788117e-05,0.499281670416237,6.935296550282277e-09,0.4992816704162441,2.6320519398807075e-09,0.0014041591461476227,9.805874310262393e-08,2.9238684013396224e-07
Random5136
Raw:1.0104241096782938e-05,2.122547334954209e-06,1.9873220007880885e-05,0.499281670416237,6.935296550282277e-09,0.4992816704162441,2.632051939880745e-09,0.0014041591461476227,9.805874310262393e-08,2.9238684013396224e-07
EFT:1.0104241096782794e-05,2.122547334954209e-06,1.987322000788117e-05,0.499281670416237,6.935296550282277e-09,0.4992816704162441,2.6320519398807075e-09,0.0014041591461476227,9.805874310262393e-08,2.9238684013396224e-07
Random5137
Raw:1.0104241096782867e-05,2.122547334954224e-06,1.987322000788131e-05,0.49928167041624055,6.935296550282326e-09,0.49928167041624055,2.6320519398807265e-09,0.0014041591461476327,9.805874310262462e-08,2.923868401339643e-07
EFT:1.0104241096782794e-05,2.122547334954209e-06,1.987322000788117e-05,0.499281670416237,6.935296550282277e-09,0.4992816704162441,2.6320519398807075e-09,0.0014041591461476227,9.805874310262393e-08,2.9238684013396224e-07
Random5138
Raw:1.0104241096782865e-05,2.122547334954194e-06,1.9873220007881028e-05,0.49928167041623345,6.935296550282327e-09,0.49928167041624766,2.6320519398807638e-09,0.0014041591461476126,9.805874310262324e-08,2.9238684013396436e-07
EFT:1.0104241096782794e-05,2.122547334954209e-06,1.987322000788117e-05,0.499281670416237,6.935296550282277e-09,0.4992816704162441,2.6320519398807075e-09,0.0014041591461476227,9.805874310262393e-08,2.9238684013396224e-07
Random5139
Raw:1.0104241096782867e-05,2.122547334954194e-06,1.9873220007881028e-05,0.49928167041624055,6.935296550282326e-09,0.49928167041624055,2.6320519398807265e-09,0.0014041591461476128,9.805874310262323e-08,2.923868401339643e-07
EFT:1.0104241096782794e-05,2.122547334954209e-06,1.987322000788117e-05,0.499281670416237,6.935296550282277e-09,0.4992816704162441,2.6320519398807075e-09,0.0014041591461476227,9.805874310262393e-08,2.9238684013396224e-07
Random5140
Raw:1.0104241096782867e-05,2.122547334954224e-06,1.9873220007881028e-05,0.49928167041624055,6.935296550282326e-09,0.49928167041624055,2.6320519398807265e-09,0.0014041591461476128,9.805874310262462e-08,2.923868401339643e-07
EFT:1.0104241096782794e-05,2.122547334954209e-06,1.987322000788117e-05,0.499281670416237,6.935296550282277e-09,0.4992816704162441,2.6320519398807075e-09,0.0014041591461476227,9.805874310262393e-08,2.9238684013396224e-07
Random5141
Raw:1.0104241096782867e-05,2.122547334954224e-06,1.987322000788131e-05,0.49928167041624055,6.935296550282326e-09,0.49928167041624055,2.6320519398807638e-09,0.0014041591461476327,9.805874310262462e-08,2.923868401339643e-07
EFT:1.0104241096782794e-05,2.122547334954209e-06,1.987322000788117e-05,0.499281670416237,6.935296550282277e-09,0.4992816704162441,2.6320519398807075e-09,0.0014041591461476227,9.805874310262393e-08,2.9238684013396224e-07
Random5142
Raw:1.0104241096782867e-05,2.122547334954224e-06,1.9873220007881028e-05,0.49928167041624055,6.935296550282326e-09,0.49928167041624055,2.6320519398807265e-09,0.0014041591461476327,9.805874310262602e-08,2.923868401339643e-07
EFT:1.0104241096782794e-05,2.122547334954209e-06,1.987322000788117e-05,0.499281670416237,6.935296550282277e-09,0.4992816704162441,2.6320519398807075e-09,0.0014041591461476227,9.805874310262393e-08,2.9238684013396224e-07
Random5143
Raw:1.0104241096782938e-05,2.122547334954209e-06,1.9873220007880885e-05,0.499281670416237,6.9352965502823754e-09,0.4992816704162441,2.6320519398807824e-09,0.0014041591461476227,9.805874310262532e-08,2.9238684013396637e-07
EFT:1.0104241096782794e-05,2.122547334954209e-06,1.987322000788117e-05,0.499281670416237,6.935296550282277e-09,0.4992816704162441,2.6320519398807075e-09,0.0014041591461476227,9.805874310262393e-08,2.9238684013396224e-07
Random5144
Raw:1.0104241096782938e-05,2.122547334954239e-06,1.987322000788145e-05,0.499281670416237,6.935296550282277e-09,0.4992816704162441,2.632051939880745e-09,0.0014041591461476227,9.805874310262532e-08,2.9238684013396224e-07
EFT:1.0104241096782794e-05,2.122547334954209e-06,1.987322000788117e-05,0.499281670416237,6.935296550282277e-09,0.4992816704162441,2.6320519398807075e-09,0.0014041591461476227,9.805874310262393e-08,2.9238684013396224e-07
Random5145
Raw:1.0104241096782938e-05,2.1225473349541788e-06,1.9873220007880885e-05,0.499281670416237,6.935296550282277e-09,0.4992816704162441,2.632051939880745e-09,0.0014041591461476026,9.805874310262532e-08,2.9238684013396224e-07
EFT:1.0104241096782794e-05,2.122547334954209e-06,1.987322000788117e-05,0.499281670416237,6.935296550282277e-09,0.4992816704162441,2.6320519398807075e-09,0.0014041591461476227,9.805874310262393e-08,2.9238684013396224e-07
Random5146
Raw:1.0104241096782938e-05,2.122547334954209e-06,1.987322000788117e-05,0.499281670416237,6.9352965502823754e-09,0.4992816704162441,2.6320519398807824e-09,0.0014041591461476227,9.805874310262532e-08,2.9238684013396637e-07
EFT:1.0104241096782794e-05,2.122547334954209e-06,1.987322000788117e-05,0.499281670416237,6.935296550282277e-09,0.4992816704162441,2.6320519398807075e-09,0.0014041591461476227,9.805874310262393e-08,2.9238684013396224e-07
Random5147
Raw:1.0104241096782794e-05,2.122547334954209e-06,1.987322000788117e-05,0.499281670416237,6.935296550282277e-09,0.4992816704162441,2.632051939880745e-09,0.0014041591461476227,9.805874310262254e-08,2.9238684013396224e-07
EFT:1.0104241096782794e-05,2.122547334954209e-06,1.987322000788117e-05,0.499281670416237,6.935296550282277e-09,0.4992816704162441,2.6320519398807075e-09,0.0014041591461476227,9.805874310262393e-08,2.9238684013396224e-07
Random5148
Raw:1.0104241096782938e-05,2.1225473349541788e-06,1.9873220007880885e-05,0.4992816704162299,6.935296550282277e-09,0.49928167041625116,2.632051939880745e-09,0.0014041591461476225,9.805874310262393e-08,2.9238684013396224e-07
EFT:1.0104241096782794e-05,2.122547334954209e-06,1.987322000788117e-05,0.499281670416237,6.935296550282277e-09,0.4992816704162441,2.6320519398807075e-09,0.0014041591461476227,9.805874310262393e-08,2.9238684013396224e-07
Random5149
Raw:1.0104241096782794e-05,2.122547334954209e-06,1.987322000788117e-05,0.499281670416237,6.935296550282277e-09,0.4992816704162441,2.6320519398807075e-09,0.0014041591461476227,9.805874310262393e-08,2.9238684013396224e-07
EFT:1.0104241096782794e-05,2.122547334954209e-06,1.987322000788117e-05,0.499281670416237,6.935296550282277e-09,0.4992816704162441,2.6320519398807075e-09,0.0014041591461476227,9.805874310262393e-08,2.9238684013396224e-07
Random5150
Raw:1.0104241096782867e-05,2.122547334954224e-06,1.987322000788131e-05,0.49928167041624055,6.935296550282228e-09,0.49928167041624055,2.632051939880689e-09,0.0014041591461476327,9.805874310262323e-08,2.923868401339643e-07
EFT:1.0104241096782794e-05,2.122547334954209e-06,1.987322000788117e-05,0.499281670416237,6.935296550282277e-09,0.4992816704162441,2.6320519398807075e-09,0.0014041591461476227,9.805874310262393e-08,2.9238684013396224e-07
Random5151
Raw:1.0104241096782867e-05,2.122547334954194e-06,1.9873220007881028e-05,0.49928167041624055,6.935296550282228e-09,0.49928167041624055,2.632051939880689e-09,0.0014041591461476327,9.805874310262323e-08,2.923868401339602e-07
EFT:1.0104241096782794e-05,2.122547334954209e-06,1.987322000788117e-05,0.499281670416237,6.935296550282277e-09,0.4992816704162441,2.6320519398807075e-09,0.0014041591461476227,9.805874310262393e-08,2.9238684013396224e-07
Random5152
Raw:1.0104241096782938e-05,2.122547334954239e-06,1.987322000788145e-05,0.499281670416237,6.935296550282277e-09,0.4992816704162441,2.632051939880745e-09,0.0014041591461476427,9.805874310262393e-08,2.9238684013396637e-07
EFT:1.0104241096782794e-05,2.122547334954209e-06,1.987322000788117e-05,0.499281670416237,6.935296550282277e-09,0.4992816704162441,2.6320519398807075e-09,0.0014041591461476227,9.805874310262393e-08,2.9238684013396224e-07
Random5153
Raw:1.0104241096782938e-05,2.122547334954209e-06,1.987322000788117e-05,0.499281670416237,6.935296550282277e-09,0.4992816704162441,2.632051939880745e-09,0.0014041591461476227,9.805874310262532e-08,2.9238684013396224e-07
EFT:1.0104241096782794e-05,2.122547334954209e-06,1.987322000788117e-05,0.499281670416237,6.935296550282277e-09,0.4992816704162441,2.6320519398807075e-09,0.0014041591461476227,9.805874310262393e-08,2.9238684013396224e-07
Random5154
Raw:1.0104241096782794e-05,2.122547334954209e-06,1.987322000788117e-05,0.499281670416237,6.9352965502821786e-09,0.4992816704162441,2.6320519398807075e-09,0.0014041591461476227,9.805874310262393e-08,2.9238684013396224e-07
EFT:1.0104241096782794e-05,2.122547334954209e-06,1.987322000788117e-05,0.499281670416237,6.935296550282277e-09,0.4992816704162441,2.6320519398807075e-09,0.0014041591461476227,9.805874310262393e-08,2.9238684013396224e-07
Random5155
Raw:1.0104241096782938e-05,2.122547334954209e-06,1.987322000788117e-05,0.499281670416237,6.9352965502823754e-09,0.4992816704162441,2.6320519398807824e-09,0.0014041591461476227,9.805874310262532e-08,2.9238684013396637e-07
EFT:1.0104241096782794e-05,2.122547334954209e-06,1.987322000788117e-05,0.499281670416237,6.935296550282277e-09,0.4992816704162441,2.6320519398807075e-09,0.0014041591461476227,9.805874310262393e-08,2.9238684013396224e-07
Random5156
Raw:1.0104241096782938e-05,2.122547334954209e-06,1.987322000788117e-05,0.499281670416237,6.9352965502823754e-09,0.4992816704162441,2.6320519398807824e-09,0.0014041591461476227,9.805874310262532e-08,2.9238684013396637e-07
EFT:1.0104241096782794e-05,2.122547334954209e-06,1.987322000788117e-05,0.499281670416237,6.935296550282277e-09,0.4992816704162441,2.6320519398807075e-09,0.0014041591461476227,9.805874310262393e-08,2.9238684013396224e-07
Random5157
Raw:1.0104241096782865e-05,2.122547334954194e-06,1.9873220007881028e-05,0.49928167041623345,6.935296550282327e-09,0.49928167041624766,2.632051939880726e-09,0.0014041591461476126,9.805874310262462e-08,2.9238684013396436e-07
EFT:1.0104241096782794e-05,2.122547334954209e-06,1.987322000788117e-05,0.499281670416237,6.935296550282277e-09,0.4992816704162441,2.6320519398807075e-09,0.0014041591461476227,9.805874310262393e-08,2.9238684013396224e-07
Random5158
Raw:1.0104241096783009e-05,2.122547334954224e-06,1.987322000788131e-05,0.49928167041623345,6.935296550282327e-09,0.49928167041624766,2.6320519398807638e-09,0.0014041591461476327,9.805874310262462e-08,2.923868401339685e-07
EFT:1.0104241096782794e-05,2.122547334954209e-06,1.987322000788117e-05,0.499281670416237,6.935296550282277e-09,0.4992816704162441,2.6320519398807075e-09,0.0014041591461476227,9.805874310262393e-08,2.9238684013396224e-07
Random5159
Raw:1.0104241096782938e-05,2.122547334954209e-06,1.987322000788117e-05,0.499281670416237,6.935296550282277e-09,0.4992816704162441,2.632051939880745e-09,0.0014041591461476227,9.805874310262532e-08,2.9238684013396224e-07
EFT:1.0104241096782794e-05,2.122547334954209e-06,1.987322000788117e-05,0.499281670416237,6.935296550282277e-09,0.4992816704162441,2.6320519398807075e-09,0.0014041591461476227,9.805874310262393e-08,2.9238684013396224e-07
Random5160
Raw:1.0104241096783009e-05,2.122547334954224e-06,1.987322000788131e-05,0.49928167041623345,6.935296550282327e-09,0.49928167041624766,2.6320519398807638e-09,0.0014041591461476327,9.805874310262601e-08,2.9238684013396436e-07
EFT:1.0104241096782794e-05,2.122547334954209e-06,1.987322000788117e-05,0.499281670416237,6.935296550282277e-09,0.4992816704162441,2.6320519398807075e-09,0.0014041591461476227,9.805874310262393e-08,2.9238684013396224e-07
Random5161
Raw:1.0104241096782938e-05,2.122547334954239e-06,1.987322000788145e-05,0.499281670416237,6.935296550282277e-09,0.4992816704162441,2.632051939880745e-09,0.0014041591461476427,9.805874310262532e-08,2.9238684013396224e-07
EFT:1.0104241096782794e-05,2.122547334954209e-06,1.987322000788117e-05,0.499281670416237,6.935296550282277e-09,0.4992816704162441,2.6320519398807075e-09,0.0014041591461476227,9.805874310262393e-08,2.9238684013396224e-07
Random5162
Raw:1.0104241096782938e-05,2.122547334954209e-06,1.987322000788117e-05,0.499281670416237,6.9352965502823754e-09,0.4992816704162441,2.632051939880745e-09,0.0014041591461476227,9.805874310262532e-08,2.9238684013396637e-07
EFT:1.0104241096782794e-05,2.122547334954209e-06,1.987322000788117e-05,0.499281670416237,6.935296550282277e-09,0.4992816704162441,2.6320519398807075e-09,0.0014041591461476227,9.805874310262393e-08,2.9238684013396224e-07
Random5163
Raw:1.0104241096782938e-05,2.122547334954239e-06,1.987322000788145e-05,0.499281670416237,6.935296550282277e-09,0.4992816704162441,2.632051939880745e-09,0.0014041591461476427,9.805874310262393e-08,2.9238684013396637e-07
EFT:1.0104241096782794e-05,2.122547334954209e-06,1.987322000788117e-05,0.499281670416237,6.935296550282277e-09,0.4992816704162441,2.6320519398807075e-09,0.0014041591461476227,9.805874310262393e-08,2.9238684013396224e-07
Random5164
Raw:1.0104241096782794e-05,2.1225473349541788e-06,1.9873220007880885e-05,0.499281670416237,6.935296550282277e-09,0.4992816704162441,2.632051939880745e-09,0.0014041591461476026,9.805874310262254e-08,2.9238684013396224e-07
EFT:1.0104241096782794e-05,2.122547334954209e-06,1.987322000788117e-05,0.499281670416237,6.935296550282277e-09,0.4992816704162441,2.6320519398807075e-09,0.0014041591461476227,9.805874310262393e-08,2.9238684013396224e-07
Random5165
Raw:1.0104241096782938e-05,2.122547334954239e-06,1.9873220007880885e-05,0.499281670416237,6.935296550282277e-09,0.4992816704162441,2.632051939880745e-09,0.0014041591461476227,9.805874310262532e-08,2.9238684013396224e-07
EFT:1.0104241096782794e-05,2.122547334954209e-06,1.987322000788117e-05,0.499281670416237,6.935296550282277e-09,0.4992816704162441,2.6320519398807075e-09,0.0014041591461476227,9.805874310262393e-08,2.9238684013396224e-07
Random5166
Raw:1.0104241096782865e-05,2.122547334954194e-06,1.9873220007881028e-05,0.49928167041623345,6.935296550282327e-09,0.49928167041624766,2.6320519398807638e-09,0.0014041591461476126,9.805874310262324e-08,2.9238684013396436e-07
EFT:1.0104241096782794e-05,2.122547334954209e-06,1.987322000788117e-05,0.499281670416237,6.935296550282277e-09,0.4992816704162441,2.6320519398807075e-09,0.0014041591461476227,9.805874310262393e-08,2.9238684013396224e-07
Random5167
Raw:1.0104241096782938e-05,2.122547334954209e-06,1.987322000788117e-05,0.499281670416237,6.9352965502823754e-09,0.4992816704162441,2.632051939880745e-09,0.0014041591461476227,9.805874310262393e-08,2.9238684013396637e-07
EFT:1.0104241096782794e-05,2.122547334954209e-06,1.987322000788117e-05,0.499281670416237,6.935296550282277e-09,0.4992816704162441,2.6320519398807075e-09,0.0014041591461476227,9.805874310262393e-08,2.9238684013396224e-07
Random5168
Raw:1.0104241096782867e-05,2.122547334954224e-06,1.987322000788131e-05,0.49928167041624055,6.935296550282326e-09,0.49928167041624055,2.6320519398807265e-09,0.0014041591461476327,9.805874310262602e-08,2.923868401339643e-07
EFT:1.0104241096782794e-05,2.122547334954209e-06,1.987322000788117e-05,0.499281670416237,6.935296550282277e-09,0.4992816704162441,2.6320519398807075e-09,0.0014041591461476227,9.805874310262393e-08,2.9238684013396224e-07
Random5169
Raw:1.0104241096782865e-05,2.122547334954194e-06,1.9873220007881028e-05,0.49928167041623345,6.935296550282327e-09,0.49928167041624766,2.632051939880726e-09,0.0014041591461476126,9.805874310262462e-08,2.9238684013396436e-07
EFT:1.0104241096782794e-05,2.122547334954209e-06,1.987322000788117e-05,0.499281670416237,6.935296550282277e-09,0.4992816704162441,2.6320519398807075e-09,0.0014041591461476227,9.805874310262393e-08,2.9238684013396224e-07
Random5170
Raw:1.0104241096783009e-05,2.122547334954194e-06,1.9873220007881028e-05,0.49928167041623345,6.935296550282327e-09,0.49928167041624766,2.6320519398807638e-09,0.0014041591461476126,9.805874310262601e-08,2.9238684013396436e-07
EFT:1.0104241096782794e-05,2.122547334954209e-06,1.987322000788117e-05,0.499281670416237,6.935296550282277e-09,0.4992816704162441,2.6320519398807075e-09,0.0014041591461476227,9.805874310262393e-08,2.9238684013396224e-07
Random5171
Raw:1.0104241096782938e-05,2.122547334954209e-06,1.9873220007880885e-05,0.499281670416237,6.935296550282277e-09,0.4992816704162441,2.632051939880745e-09,0.0014041591461476227,9.805874310262532e-08,2.9238684013396224e-07
EFT:1.0104241096782794e-05,2.122547334954209e-06,1.987322000788117e-05,0.499281670416237,6.935296550282277e-09,0.4992816704162441,2.6320519398807075e-09,0.0014041591461476227,9.805874310262393e-08,2.9238684013396224e-07
Random5172
Raw:1.0104241096782867e-05,2.122547334954224e-06,1.987322000788131e-05,0.49928167041624055,6.935296550282326e-09,0.49928167041624055,2.6320519398807265e-09,0.0014041591461476327,9.805874310262462e-08,2.923868401339643e-07
EFT:1.0104241096782794e-05,2.122547334954209e-06,1.987322000788117e-05,0.499281670416237,6.935296550282277e-09,0.4992816704162441,2.6320519398807075e-09,0.0014041591461476227,9.805874310262393e-08,2.9238684013396224e-07
Random5173
Raw:1.010424109678301e-05,2.1225473349542546e-06,1.9873220007881594e-05,0.49928167041624055,6.935296550282425e-09,0.49928167041624055,2.6320519398807638e-09,0.0014041591461476527,9.805874310262462e-08,2.923868401339643e-07
EFT:1.0104241096782794e-05,2.122547334954209e-06,1.987322000788117e-05,0.499281670416237,6.935296550282277e-09,0.4992816704162441,2.6320519398807075e-09,0.0014041591461476227,9.805874310262393e-08,2.9238684013396224e-07
Random5174
Raw:1.0104241096782938e-05,2.122547334954209e-06,1.987322000788117e-05,0.499281670416237,6.9352965502823754e-09,0.4992816704162441,2.632051939880745e-09,0.0014041591461476227,9.805874310262532e-08,2.9238684013396637e-07
EFT:1.0104241096782794e-05,2.122547334954209e-06,1.987322000788117e-05,0.499281670416237,6.935296550282277e-09,0.4992816704162441,2.6320519398807075e-09,0.0014041591461476227,9.805874310262393e-08,2.9238684013396224e-07
Random5175
Raw:1.0104241096782938e-05,2.122547334954209e-06,1.987322000788117e-05,0.499281670416237,6.935296550282277e-09,0.4992816704162441,2.632051939880745e-09,0.0014041591461476227,9.805874310262532e-08,2.9238684013396224e-07
EFT:1.0104241096782794e-05,2.122547334954209e-06,1.987322000788117e-05,0.499281670416237,6.935296550282277e-09,0.4992816704162441,2.6320519398807075e-09,0.0014041591461476227,9.805874310262393e-08,2.9238684013396224e-07
Random5176
Raw:1.0104241096782938e-05,2.122547334954209e-06,1.987322000788117e-05,0.499281670416237,6.9352965502823754e-09,0.4992816704162441,2.632051939880745e-09,0.0014041591461476227,9.805874310262532e-08,2.9238684013396637e-07
EFT:1.0104241096782794e-05,2.122547334954209e-06,1.987322000788117e-05,0.499281670416237,6.935296550282277e-09,0.4992816704162441,2.6320519398807075e-09,0.0014041591461476227,9.805874310262393e-08,2.9238684013396224e-07
Random5177
Raw:1.0104241096782938e-05,2.122547334954209e-06,1.987322000788117e-05,0.499281670416237,6.9352965502823754e-09,0.4992816704162441,2.632051939880745e-09,0.0014041591461476227,9.805874310262393e-08,2.9238684013396637e-07
EFT:1.0104241096782794e-05,2.122547334954209e-06,1.987322000788117e-05,0.499281670416237,6.935296550282277e-09,0.4992816704162441,2.6320519398807075e-09,0.0014041591461476227,9.805874310262393e-08,2.9238684013396224e-07
Random5178
Raw:1.0104241096782938e-05,2.122547334954209e-06,1.987322000788117e-05,0.499281670416237,6.9352965502823754e-09,0.4992816704162441,2.632051939880745e-09,0.0014041591461476227,9.805874310262393e-08,2.9238684013396637e-07
EFT:1.0104241096782794e-05,2.122547334954209e-06,1.987322000788117e-05,0.499281670416237,6.935296550282277e-09,0.4992816704162441,2.6320519398807075e-09,0.0014041591461476227,9.805874310262393e-08,2.9238684013396224e-07
Random5179
Raw:1.0104241096783009e-05,2.122547334954194e-06,1.9873220007881028e-05,0.49928167041623345,6.935296550282327e-09,0.49928167041624766,2.6320519398807638e-09,0.0014041591461476327,9.805874310262462e-08,2.9238684013396436e-07
EFT:1.0104241096782794e-05,2.122547334954209e-06,1.987322000788117e-05,0.499281670416237,6.935296550282277e-09,0.4992816704162441,2.6320519398807075e-09,0.0014041591461476227,9.805874310262393e-08,2.9238684013396224e-07
Random5180
Raw:1.0104241096782938e-05,2.122547334954209e-06,1.987322000788117e-05,0.499281670416237,6.935296550282277e-09,0.4992816704162441,2.632051939880745e-09,0.0014041591461476227,9.805874310262532e-08,2.9238684013396224e-07
EFT:1.0104241096782794e-05,2.122547334954209e-06,1.987322000788117e-05,0.499281670416237,6.935296550282277e-09,0.4992816704162441,2.6320519398807075e-09,0.0014041591461476227,9.805874310262393e-08,2.9238684013396224e-07
Random5181
Raw:1.0104241096782938e-05,2.122547334954209e-06,1.987322000788117e-05,0.499281670416237,6.9352965502823754e-09,0.4992816704162441,2.632051939880745e-09,0.0014041591461476227,9.805874310262532e-08,2.9238684013396637e-07
EFT:1.0104241096782794e-05,2.122547334954209e-06,1.987322000788117e-05,0.499281670416237,6.935296550282277e-09,0.4992816704162441,2.6320519398807075e-09,0.0014041591461476227,9.805874310262393e-08,2.9238684013396224e-07
Random5182
Raw:1.0104241096782938e-05,2.1225473349541788e-06,1.9873220007880885e-05,0.499281670416237,6.935296550282277e-09,0.4992816704162441,2.632051939880745e-09,0.0014041591461476026,9.805874310262532e-08,2.9238684013396224e-07
EFT:1.0104241096782794e-05,2.122547334954209e-06,1.987322000788117e-05,0.499281670416237,6.935296550282277e-09,0.4992816704162441,2.6320519398807075e-09,0.0014041591461476227,9.805874310262393e-08,2.9238684013396224e-07
Random5183
Raw:1.0104241096782867e-05,2.122547334954224e-06,1.9873220007881028e-05,0.49928167041624055,6.935296550282326e-09,0.49928167041624055,2.6320519398807265e-09,0.0014041591461476327,9.805874310262602e-08,2.923868401339643e-07
EFT:1.0104241096782794e-05,2.122547334954209e-06,1.987322000788117e-05,0.499281670416237,6.935296550282277e-09,0.4992816704162441,2.6320519398807075e-09,0.0014041591461476227,9.805874310262393e-08,2.9238684013396224e-07
Random5184
Raw:1.0104241096782938e-05,2.122547334954209e-06,1.987322000788117e-05,0.499281670416237,6.935296550282277e-09,0.4992816704162441,2.632051939880745e-09,0.0014041591461476227,9.805874310262532e-08,2.9238684013396224e-07
EFT:1.0104241096782794e-05,2.122547334954209e-06,1.987322000788117e-05,0.499281670416237,6.935296550282277e-09,0.4992816704162441,2.6320519398807075e-09,0.0014041591461476227,9.805874310262393e-08,2.9238684013396224e-07
Random5185
Raw:1.0104241096783009e-05,2.122547334954224e-06,1.9873220007881028e-05,0.49928167041623345,6.935296550282327e-09,0.49928167041624766,2.6320519398807638e-09,0.0014041591461476327,9.805874310262601e-08,2.9238684013396436e-07
EFT:1.0104241096782794e-05,2.122547334954209e-06,1.987322000788117e-05,0.499281670416237,6.935296550282277e-09,0.4992816704162441,2.6320519398807075e-09,0.0014041591461476227,9.805874310262393e-08,2.9238684013396224e-07
Random5186
Raw:1.0104241096782938e-05,2.122547334954239e-06,1.987322000788117e-05,0.499281670416237,6.9352965502823754e-09,0.4992816704162441,2.6320519398807824e-09,0.0014041591461476227,9.805874310262532e-08,2.9238684013396637e-07
EFT:1.0104241096782794e-05,2.122547334954209e-06,1.987322000788117e-05,0.499281670416237,6.935296550282277e-09,0.4992816704162441,2.6320519398807075e-09,0.0014041591461476227,9.805874310262393e-08,2.9238684013396224e-07
Random5187
Raw:1.0104241096782938e-05,2.122547334954209e-06,1.987322000788117e-05,0.499281670416237,6.935296550282277e-09,0.4992816704162441,2.632051939880745e-09,0.0014041591461476227,9.805874310262532e-08,2.9238684013396224e-07
EFT:1.0104241096782794e-05,2.122547334954209e-06,1.987322000788117e-05,0.499281670416237,6.935296550282277e-09,0.4992816704162441,2.6320519398807075e-09,0.0014041591461476227,9.805874310262393e-08,2.9238684013396224e-07
Random5188
Raw:1.0104241096783082e-05,2.122547334954239e-06,1.987322000788145e-05,0.499281670416237,6.935296550282475e-09,0.4992816704162441,2.6320519398807824e-09,0.0014041591461476427,9.805874310262532e-08,2.9238684013396637e-07
EFT:1.0104241096782794e-05,2.122547334954209e-06,1.987322000788117e-05,0.499281670416237,6.935296550282277e-09,0.4992816704162441,2.6320519398807075e-09,0.0014041591461476227,9.805874310262393e-08,2.9238684013396224e-07
Random5189
Raw:1.0104241096783009e-05,2.122547334954224e-06,1.987322000788131e-05,0.49928167041623345,6.935296550282327e-09,0.49928167041624766,2.632051939880801e-09,0.0014041591461476126,9.805874310262462e-08,2.923868401339685e-07
EFT:1.0104241096782794e-05,2.122547334954209e-06,1.987322000788117e-05,0.499281670416237,6.935296550282277e-09,0.4992816704162441,2.6320519398807075e-09,0.0014041591461476227,9.805874310262393e-08,2.9238684013396224e-07
Random5190
Raw:1.0104241096782938e-05,2.122547334954239e-06,1.9873220007880885e-05,0.499281670416237,6.935296550282277e-09,0.4992816704162441,2.632051939880745e-09,0.0014041591461476227,9.805874310262532e-08,2.9238684013396224e-07
EFT:1.0104241096782794e-05,2.122547334954209e-06,1.987322000788117e-05,0.499281670416237,6.935296550282277e-09,0.4992816704162441,2.6320519398807075e-09,0.0014041591461476227,9.805874310262393e-08,2.9238684013396224e-07
Random5191
Raw:1.0104241096782938e-05,2.122547334954239e-06,1.987322000788117e-05,0.499281670416237,6.935296550282277e-09,0.4992816704162441,2.632051939880745e-09,0.0014041591461476427,9.805874310262532e-08,2.9238684013396224e-07
EFT:1.0104241096782794e-05,2.122547334954209e-06,1.987322000788117e-05,0.499281670416237,6.935296550282277e-09,0.4992816704162441,2.6320519398807075e-09,0.0014041591461476227,9.805874310262393e-08,2.9238684013396224e-07
Random5192
Raw:1.0104241096782867e-05,2.122547334954224e-06,1.987322000788131e-05,0.49928167041624055,6.935296550282326e-09,0.49928167041624055,2.6320519398807265e-09,0.0014041591461476327,9.805874310262462e-08,2.923868401339643e-07
EFT:1.0104241096782794e-05,2.122547334954209e-06,1.987322000788117e-05,0.499281670416237,6.935296550282277e-09,0.4992816704162441,2.6320519398807075e-09,0.0014041591461476227,9.805874310262393e-08,2.9238684013396224e-07
Random5193
Raw:1.0104241096782867e-05,2.122547334954224e-06,1.9873220007881028e-05,0.49928167041624055,6.935296550282228e-09,0.49928167041624055,2.632051939880689e-09,0.0014041591461476327,9.805874310262462e-08,2.923868401339602e-07
EFT:1.0104241096782794e-05,2.122547334954209e-06,1.987322000788117e-05,0.499281670416237,6.935296550282277e-09,0.4992816704162441,2.6320519398807075e-09,0.0014041591461476227,9.805874310262393e-08,2.9238684013396224e-07
Random5194
Raw:1.0104241096782794e-05,2.122547334954209e-06,1.987322000788117e-05,0.499281670416237,6.935296550282277e-09,0.4992816704162441,2.6320519398807075e-09,0.0014041591461476227,9.805874310262393e-08,2.9238684013396224e-07
EFT:1.0104241096782794e-05,2.122547334954209e-06,1.987322000788117e-05,0.499281670416237,6.935296550282277e-09,0.4992816704162441,2.6320519398807075e-09,0.0014041591461476227,9.805874310262393e-08,2.9238684013396224e-07
Random5195
Raw:1.0104241096782938e-05,2.1225473349541788e-06,1.9873220007880885e-05,0.499281670416237,6.935296550282277e-09,0.4992816704162441,2.632051939880745e-09,0.0014041591461476026,9.805874310262532e-08,2.9238684013396224e-07
EFT:1.0104241096782794e-05,2.122547334954209e-06,1.987322000788117e-05,0.499281670416237,6.935296550282277e-09,0.4992816704162441,2.6320519398807075e-09,0.0014041591461476227,9.805874310262393e-08,2.9238684013396224e-07
Random5196
Raw:1.0104241096782867e-05,2.122547334954194e-06,1.9873220007881028e-05,0.49928167041624055,6.935296550282326e-09,0.49928167041624055,2.6320519398807265e-09,0.0014041591461476128,9.805874310262323e-08,2.923868401339643e-07
EFT:1.0104241096782794e-05,2.122547334954209e-06,1.987322000788117e-05,0.499281670416237,6.935296550282277e-09,0.4992816704162441,2.6320519398807075e-09,0.0014041591461476227,9.805874310262393e-08,2.9238684013396224e-07
Random5197
Raw:1.0104241096782867e-05,2.122547334954224e-06,1.9873220007881028e-05,0.49928167041624055,6.935296550282326e-09,0.49928167041624055,2.6320519398807638e-09,0.0014041591461476128,9.805874310262462e-08,2.923868401339643e-07
EFT:1.0104241096782794e-05,2.122547334954209e-06,1.987322000788117e-05,0.499281670416237,6.935296550282277e-09,0.4992816704162441,2.6320519398807075e-09,0.0014041591461476227,9.805874310262393e-08,2.9238684013396224e-07
Random5198
Raw:1.0104241096782867e-05,2.122547334954224e-06,1.987322000788131e-05,0.49928167041624055,6.935296550282326e-09,0.49928167041624055,2.6320519398807265e-09,0.0014041591461476128,9.805874310262462e-08,2.923868401339643e-07
EFT:1.0104241096782794e-05,2.122547334954209e-06,1.987322000788117e-05,0.499281670416237,6.935296550282277e-09,0.4992816704162441,2.6320519398807075e-09,0.0014041591461476227,9.805874310262393e-08,2.9238684013396224e-07
Random5199
Raw:1.0104241096782867e-05,2.122547334954194e-06,1.9873220007881028e-05,0.49928167041624055,6.935296550282326e-09,0.49928167041624055,2.6320519398807265e-09,0.0014041591461476128,9.805874310262323e-08,2.923868401339643e-07
EFT:1.0104241096782794e-05,2.122547334954209e-06,1.987322000788117e-05,0.499281670416237,6.935296550282277e-09,0.4992816704162441,2.6320519398807075e-09,0.0014041591461476227,9.805874310262393e-08,2.9238684013396224e-07
Random5200
Raw:1.0104241096782938e-05,2.122547334954209e-06,1.987322000788117e-05,0.499281670416237,6.9352965502823754e-09,0.4992816704162441,2.632051939880745e-09,0.0014041591461476227,9.805874310262672e-08,2.9238684013396637e-07
EFT:1.0104241096782794e-05,2.122547334954209e-06,1.987322000788117e-05,0.499281670416237,6.935296550282277e-09,0.4992816704162441,2.6320519398807075e-09,0.0014041591461476227,9.805874310262393e-08,2.9238684013396224e-07
Random5201
Raw:1.0104241096782938e-05,2.122547334954239e-06,1.987322000788145e-05,0.499281670416237,6.935296550282277e-09,0.4992816704162441,2.632051939880745e-09,0.0014041591461476427,9.805874310262393e-08,2.9238684013396637e-07
EFT:1.0104241096782794e-05,2.122547334954209e-06,1.987322000788117e-05,0.499281670416237,6.935296550282277e-09,0.4992816704162441,2.6320519398807075e-09,0.0014041591461476227,9.805874310262393e-08,2.9238684013396224e-07
Random5202
Raw:1.0104241096782865e-05,2.122547334954194e-06,1.9873220007881028e-05,0.49928167041623345,6.935296550282228e-09,0.49928167041624766,2.632051939880726e-09,0.0014041591461476327,9.805874310262324e-08,2.923868401339602e-07
EFT:1.0104241096782794e-05,2.122547334954209e-06,1.987322000788117e-05,0.499281670416237,6.935296550282277e-09,0.4992816704162441,2.6320519398807075e-09,0.0014041591461476227,9.805874310262393e-08,2.9238684013396224e-07
Random5203
Raw:1.0104241096782938e-05,2.122547334954239e-06,1.987322000788117e-05,0.499281670416237,6.9352965502823754e-09,0.4992816704162441,2.6320519398807824e-09,0.0014041591461476227,9.805874310262532e-08,2.9238684013396637e-07
EFT:1.0104241096782794e-05,2.122547334954209e-06,1.987322000788117e-05,0.499281670416237,6.935296550282277e-09,0.4992816704162441,2.6320519398807075e-09,0.0014041591461476227,9.805874310262393e-08,2.9238684013396224e-07
Random5204
Raw:1.0104241096782794e-05,2.122547334954209e-06,1.987322000788117e-05,0.499281670416237,6.935296550282277e-09,0.4992816704162441,2.6320519398807075e-09,0.0014041591461476026,9.805874310262393e-08,2.9238684013396224e-07
EFT:1.0104241096782794e-05,2.122547334954209e-06,1.987322000788117e-05,0.499281670416237,6.935296550282277e-09,0.4992816704162441,2.6320519398807075e-09,0.0014041591461476227,9.805874310262393e-08,2.9238684013396224e-07
Random5205
Raw:1.0104241096782938e-05,2.122547334954209e-06,1.987322000788117e-05,0.499281670416237,6.9352965502823754e-09,0.4992816704162441,2.632051939880745e-09,0.0014041591461476227,9.805874310262672e-08,2.9238684013396637e-07
EFT:1.0104241096782794e-05,2.122547334954209e-06,1.987322000788117e-05,0.499281670416237,6.935296550282277e-09,0.4992816704162441,2.6320519398807075e-09,0.0014041591461476227,9.805874310262393e-08,2.9238684013396224e-07
Random5206
Raw:1.0104241096782938e-05,2.122547334954239e-06,1.987322000788117e-05,0.499281670416237,6.935296550282277e-09,0.4992816704162441,2.632051939880745e-09,0.0014041591461476427,9.805874310262532e-08,2.9238684013396224e-07
EFT:1.0104241096782794e-05,2.122547334954209e-06,1.987322000788117e-05,0.499281670416237,6.935296550282277e-09,0.4992816704162441,2.6320519398807075e-09,0.0014041591461476227,9.805874310262393e-08,2.9238684013396224e-07
Random5207
Raw:1.0104241096782938e-05,2.122547334954209e-06,1.9873220007880885e-05,0.499281670416237,6.935296550282277e-09,0.4992816704162441,2.632051939880745e-09,0.0014041591461476227,9.805874310262532e-08,2.9238684013396224e-07
EFT:1.0104241096782794e-05,2.122547334954209e-06,1.987322000788117e-05,0.499281670416237,6.935296550282277e-09,0.4992816704162441,2.6320519398807075e-09,0.0014041591461476227,9.805874310262393e-08,2.9238684013396224e-07
Random5208
Raw:1.0104241096782867e-05,2.122547334954224e-06,1.9873220007881028e-05,0.49928167041624055,6.935296550282326e-09,0.49928167041624055,2.6320519398807265e-09,0.0014041591461476327,9.805874310262323e-08,2.923868401339643e-07
EFT:1.0104241096782794e-05,2.122547334954209e-06,1.987322000788117e-05,0.499281670416237,6.935296550282277e-09,0.4992816704162441,2.6320519398807075e-09,0.0014041591461476227,9.805874310262393e-08,2.9238684013396224e-07
Random5209
Raw:1.0104241096782794e-05,2.122547334954209e-06,1.987322000788117e-05,0.499281670416237,6.935296550282277e-09,0.4992816704162441,2.6320519398807075e-09,0.0014041591461476227,9.805874310262393e-08,2.9238684013396224e-07
EFT:1.0104241096782794e-05,2.122547334954209e-06,1.987322000788117e-05,0.499281670416237,6.935296550282277e-09,0.4992816704162441,2.6320519398807075e-09,0.0014041591461476227,9.805874310262393e-08,2.9238684013396224e-07
Random5210
Raw:1.0104241096782938e-05,2.122547334954239e-06,1.987322000788117e-05,0.499281670416237,6.9352965502823754e-09,0.4992816704162441,2.6320519398807824e-09,0.0014041591461476227,9.805874310262532e-08,2.9238684013396637e-07
EFT:1.0104241096782794e-05,2.122547334954209e-06,1.987322000788117e-05,0.499281670416237,6.935296550282277e-09,0.4992816704162441,2.6320519398807075e-09,0.0014041591461476227,9.805874310262393e-08,2.9238684013396224e-07
Random5211
Raw:1.0104241096782938e-05,2.122547334954209e-06,1.987322000788117e-05,0.499281670416237,6.935296550282277e-09,0.4992816704162441,2.632051939880745e-09,0.0014041591461476427,9.805874310262393e-08,2.9238684013396224e-07
EFT:1.0104241096782794e-05,2.122547334954209e-06,1.987322000788117e-05,0.499281670416237,6.935296550282277e-09,0.4992816704162441,2.6320519398807075e-09,0.0014041591461476227,9.805874310262393e-08,2.9238684013396224e-07
Random5212
Raw:1.0104241096782723e-05,2.122547334954194e-06,1.9873220007881028e-05,0.49928167041624055,6.935296550282228e-09,0.49928167041624055,2.6320519398806513e-09,0.0014041591461476128,9.805874310262323e-08,2.923868401339602e-07
EFT:1.0104241096782794e-05,2.122547334954209e-06,1.987322000788117e-05,0.499281670416237,6.935296550282277e-09,0.4992816704162441,2.6320519398807075e-09,0.0014041591461476227,9.805874310262393e-08,2.9238684013396224e-07
Random5213
Raw:1.0104241096783009e-05,2.122547334954224e-06,1.987322000788131e-05,0.49928167041623345,6.935296550282327e-09,0.49928167041624766,2.6320519398807638e-09,0.0014041591461476327,9.805874310262462e-08,2.923868401339685e-07
EFT:1.0104241096782794e-05,2.122547334954209e-06,1.987322000788117e-05,0.499281670416237,6.935296550282277e-09,0.4992816704162441,2.6320519398807075e-09,0.0014041591461476227,9.805874310262393e-08,2.9238684013396224e-07
Random5214
Raw:1.0104241096782867e-05,2.122547334954224e-06,1.987322000788131e-05,0.49928167041624055,6.935296550282326e-09,0.49928167041624055,2.6320519398807265e-09,0.0014041591461476327,9.805874310262462e-08,2.923868401339643e-07
EFT:1.0104241096782794e-05,2.122547334954209e-06,1.987322000788117e-05,0.499281670416237,6.935296550282277e-09,0.4992816704162441,2.6320519398807075e-09,0.0014041591461476227,9.805874310262393e-08,2.9238684013396224e-07
Random5215
Raw:1.0104241096782938e-05,2.122547334954209e-06,1.987322000788117e-05,0.499281670416237,6.935296550282277e-09,0.4992816704162441,2.632051939880745e-09,0.0014041591461476227,9.805874310262532e-08,2.9238684013396224e-07
EFT:1.0104241096782794e-05,2.122547334954209e-06,1.987322000788117e-05,0.499281670416237,6.935296550282277e-09,0.4992816704162441,2.6320519398807075e-09,0.0014041591461476227,9.805874310262393e-08,2.9238684013396224e-07
Random5216
Raw:1.0104241096783082e-05,2.122547334954239e-06,1.9873220007881167e-05,0.4992816704162299,6.9352965502823754e-09,0.49928167041625116,2.6320519398808196e-09,0.0014041591461476225,9.805874310262671e-08,2.923868401339664e-07
EFT:1.0104241096782794e-05,2.122547334954209e-06,1.987322000788117e-05,0.499281670416237,6.935296550282277e-09,0.4992816704162441,2.6320519398807075e-09,0.0014041591461476227,9.805874310262393e-08,2.9238684013396224e-07
Random5217
Raw:1.0104241096783009e-05,2.122547334954194e-06,1.9873220007881028e-05,0.49928167041623345,6.935296550282327e-09,0.49928167041624766,2.6320519398807638e-09,0.0014041591461476126,9.805874310262601e-08,2.9238684013396436e-07
EFT:1.0104241096782794e-05,2.122547334954209e-06,1.987322000788117e-05,0.499281670416237,6.935296550282277e-09,0.4992816704162441,2.6320519398807075e-09,0.0014041591461476227,9.805874310262393e-08,2.9238684013396224e-07
Random5218
Raw:1.0104241096782938e-05,2.122547334954209e-06,1.987322000788117e-05,0.499281670416237,6.935296550282277e-09,0.4992816704162441,2.632051939880745e-09,0.0014041591461476427,9.805874310262393e-08,2.9238684013396224e-07
EFT:1.0104241096782794e-05,2.122547334954209e-06,1.987322000788117e-05,0.499281670416237,6.935296550282277e-09,0.4992816704162441,2.6320519398807075e-09,0.0014041591461476227,9.805874310262393e-08,2.9238684013396224e-07
Random5219
Raw:1.0104241096782867e-05,2.122547334954194e-06,1.9873220007881028e-05,0.49928167041624055,6.935296550282326e-09,0.49928167041624055,2.6320519398807265e-09,0.0014041591461476128,9.805874310262323e-08,2.923868401339643e-07
EFT:1.0104241096782794e-05,2.122547334954209e-06,1.987322000788117e-05,0.499281670416237,6.935296550282277e-09,0.4992816704162441,2.6320519398807075e-09,0.0014041591461476227,9.805874310262393e-08,2.9238684013396224e-07
Random5220
Raw:1.0104241096783009e-05,2.122547334954224e-06,1.987322000788131e-05,0.49928167041623345,6.935296550282327e-09,0.49928167041624766,2.6320519398807638e-09,0.0014041591461476327,9.805874310262462e-08,2.923868401339685e-07
EFT:1.0104241096782794e-05,2.122547334954209e-06,1.987322000788117e-05,0.499281670416237,6.935296550282277e-09,0.4992816704162441,2.6320519398807075e-09,0.0014041591461476227,9.805874310262393e-08,2.9238684013396224e-07
Random5221
Raw:1.0104241096782938e-05,2.122547334954209e-06,1.987322000788117e-05,0.499281670416237,6.9352965502823754e-09,0.4992816704162441,2.632051939880745e-09,0.0014041591461476227,9.805874310262532e-08,2.9238684013396637e-07
EFT:1.0104241096782794e-05,2.122547334954209e-06,1.987322000788117e-05,0.499281670416237,6.935296550282277e-09,0.4992816704162441,2.6320519398807075e-09,0.0014041591461476227,9.805874310262393e-08,2.9238684013396224e-07
Random5222
Raw:1.0104241096782794e-05,2.1225473349541788e-06,1.9873220007880885e-05,0.499281670416237,6.935296550282277e-09,0.4992816704162441,2.632051939880745e-09,0.0014041591461476026,9.805874310262254e-08,2.9238684013396224e-07
EFT:1.0104241096782794e-05,2.122547334954209e-06,1.987322000788117e-05,0.499281670416237,6.935296550282277e-09,0.4992816704162441,2.6320519398807075e-09,0.0014041591461476227,9.805874310262393e-08,2.9238684013396224e-07
Random5223
Raw:1.0104241096782867e-05,2.122547334954224e-06,1.987322000788131e-05,0.49928167041624055,6.935296550282326e-09,0.49928167041624055,2.6320519398807265e-09,0.0014041591461476327,9.805874310262323e-08,2.923868401339643e-07
EFT:1.0104241096782794e-05,2.122547334954209e-06,1.987322000788117e-05,0.499281670416237,6.935296550282277e-09,0.4992816704162441,2.6320519398807075e-09,0.0014041591461476227,9.805874310262393e-08,2.9238684013396224e-07
Random5224
Raw:1.0104241096782938e-05,2.122547334954209e-06,1.987322000788117e-05,0.499281670416237,6.9352965502823754e-09,0.4992816704162441,2.632051939880745e-09,0.0014041591461476227,9.805874310262672e-08,2.9238684013396637e-07
EFT:1.0104241096782794e-05,2.122547334954209e-06,1.987322000788117e-05,0.499281670416237,6.935296550282277e-09,0.4992816704162441,2.6320519398807075e-09,0.0014041591461476227,9.805874310262393e-08,2.9238684013396224e-07
Random5225
Raw:1.0104241096782938e-05,2.1225473349541788e-06,1.9873220007880885e-05,0.499281670416237,6.935296550282277e-09,0.4992816704162441,2.632051939880745e-09,0.0014041591461476026,9.805874310262532e-08,2.9238684013396224e-07
EFT:1.0104241096782794e-05,2.122547334954209e-06,1.987322000788117e-05,0.499281670416237,6.935296550282277e-09,0.4992816704162441,2.6320519398807075e-09,0.0014041591461476227,9.805874310262393e-08,2.9238684013396224e-07
Random5226
Raw:1.0104241096782867e-05,2.122547334954224e-06,1.987322000788131e-05,0.49928167041624055,6.935296550282326e-09,0.49928167041624055,2.6320519398807638e-09,0.0014041591461476327,9.805874310262462e-08,2.923868401339643e-07
EFT:1.0104241096782794e-05,2.122547334954209e-06,1.987322000788117e-05,0.499281670416237,6.935296550282277e-09,0.4992816704162441,2.6320519398807075e-09,0.0014041591461476227,9.805874310262393e-08,2.9238684013396224e-07
Random5227
Raw:1.0104241096782938e-05,2.122547334954209e-06,1.987322000788117e-05,0.499281670416237,6.9352965502823754e-09,0.4992816704162441,2.632051939880745e-09,0.0014041591461476227,9.805874310262393e-08,2.9238684013396637e-07
EFT:1.0104241096782794e-05,2.122547334954209e-06,1.987322000788117e-05,0.499281670416237,6.935296550282277e-09,0.4992816704162441,2.6320519398807075e-09,0.0014041591461476227,9.805874310262393e-08,2.9238684013396224e-07
Random5228
Raw:1.0104241096782938e-05,2.122547334954209e-06,1.987322000788117e-05,0.499281670416237,6.9352965502823754e-09,0.4992816704162441,2.6320519398807824e-09,0.0014041591461476227,9.805874310262532e-08,2.9238684013396637e-07
EFT:1.0104241096782794e-05,2.122547334954209e-06,1.987322000788117e-05,0.499281670416237,6.935296550282277e-09,0.4992816704162441,2.6320519398807075e-09,0.0014041591461476227,9.805874310262393e-08,2.9238684013396224e-07
Random5229
Raw:1.0104241096783009e-05,2.122547334954194e-06,1.9873220007881028e-05,0.49928167041623345,6.935296550282327e-09,0.49928167041624766,2.6320519398807638e-09,0.0014041591461476126,9.805874310262601e-08,2.9238684013396436e-07
EFT:1.0104241096782794e-05,2.122547334954209e-06,1.987322000788117e-05,0.499281670416237,6.935296550282277e-09,0.4992816704162441,2.6320519398807075e-09,0.0014041591461476227,9.805874310262393e-08,2.9238684013396224e-07
Random5230
Raw:1.0104241096782938e-05,2.122547334954209e-06,1.9873220007880885e-05,0.499281670416237,6.935296550282277e-09,0.4992816704162441,2.632051939880745e-09,0.0014041591461476227,9.805874310262532e-08,2.9238684013396224e-07
EFT:1.0104241096782794e-05,2.122547334954209e-06,1.987322000788117e-05,0.499281670416237,6.935296550282277e-09,0.4992816704162441,2.6320519398807075e-09,0.0014041591461476227,9.805874310262393e-08,2.9238684013396224e-07
Random5231
Raw:1.0104241096783009e-05,2.122547334954224e-06,1.987322000788131e-05,0.49928167041623345,6.935296550282327e-09,0.49928167041624766,2.6320519398807638e-09,0.0014041591461476327,9.805874310262462e-08,2.923868401339685e-07
EFT:1.0104241096782794e-05,2.122547334954209e-06,1.987322000788117e-05,0.499281670416237,6.935296550282277e-09,0.4992816704162441,2.6320519398807075e-09,0.0014041591461476227,9.805874310262393e-08,2.9238684013396224e-07
Random5232
Raw:1.0104241096782794e-05,2.122547334954209e-06,1.9873220007880885e-05,0.499281670416237,6.9352965502821786e-09,0.4992816704162441,2.632051939880745e-09,0.0014041591461476227,9.805874310262254e-08,2.9238684013396224e-07
EFT:1.0104241096782794e-05,2.122547334954209e-06,1.987322000788117e-05,0.499281670416237,6.935296550282277e-09,0.4992816704162441,2.6320519398807075e-09,0.0014041591461476227,9.805874310262393e-08,2.9238684013396224e-07
Random5233
Raw:1.0104241096782794e-05,2.122547334954209e-06,1.987322000788117e-05,0.499281670416237,6.935296550282277e-09,0.4992816704162441,2.6320519398807075e-09,0.0014041591461476227,9.805874310262393e-08,2.9238684013396224e-07
EFT:1.0104241096782794e-05,2.122547334954209e-06,1.987322000788117e-05,0.499281670416237,6.935296550282277e-09,0.4992816704162441,2.6320519398807075e-09,0.0014041591461476227,9.805874310262393e-08,2.9238684013396224e-07
Random5234
Raw:1.0104241096783009e-05,2.122547334954224e-06,1.9873220007881028e-05,0.49928167041623345,6.935296550282327e-09,0.49928167041624766,2.632051939880801e-09,0.0014041591461476327,9.805874310262601e-08,2.9238684013396436e-07
EFT:1.0104241096782794e-05,2.122547334954209e-06,1.987322000788117e-05,0.499281670416237,6.935296550282277e-09,0.4992816704162441,2.6320519398807075e-09,0.0014041591461476227,9.805874310262393e-08,2.9238684013396224e-07
Random5235
Raw:1.0104241096783009e-05,2.122547334954224e-06,1.987322000788131e-05,0.49928167041623345,6.935296550282327e-09,0.49928167041624766,2.6320519398807638e-09,0.0014041591461476327,9.805874310262462e-08,2.923868401339685e-07
EFT:1.0104241096782794e-05,2.122547334954209e-06,1.987322000788117e-05,0.499281670416237,6.935296550282277e-09,0.4992816704162441,2.6320519398807075e-09,0.0014041591461476227,9.805874310262393e-08,2.9238684013396224e-07
Random5236
Raw:1.0104241096782938e-05,2.122547334954239e-06,1.987322000788117e-05,0.499281670416237,6.935296550282277e-09,0.4992816704162441,2.632051939880745e-09,0.0014041591461476427,9.805874310262532e-08,2.9238684013396224e-07
EFT:1.0104241096782794e-05,2.122547334954209e-06,1.987322000788117e-05,0.499281670416237,6.935296550282277e-09,0.4992816704162441,2.6320519398807075e-09,0.0014041591461476227,9.805874310262393e-08,2.9238684013396224e-07
Random5237
Raw:1.0104241096782938e-05,2.122547334954209e-06,1.987322000788117e-05,0.499281670416237,6.935296550282277e-09,0.4992816704162441,2.632051939880745e-09,0.0014041591461476427,9.805874310262393e-08,2.9238684013396224e-07
EFT:1.0104241096782794e-05,2.122547334954209e-06,1.987322000788117e-05,0.499281670416237,6.935296550282277e-09,0.4992816704162441,2.6320519398807075e-09,0.0014041591461476227,9.805874310262393e-08,2.9238684013396224e-07
Random5238
Raw:1.0104241096782865e-05,2.122547334954194e-06,1.9873220007881028e-05,0.49928167041623345,6.935296550282228e-09,0.49928167041624766,2.6320519398807638e-09,0.0014041591461476126,9.805874310262324e-08,2.9238684013396436e-07
EFT:1.0104241096782794e-05,2.122547334954209e-06,1.987322000788117e-05,0.499281670416237,6.935296550282277e-09,0.4992816704162441,2.6320519398807075e-09,0.0014041591461476227,9.805874310262393e-08,2.9238684013396224e-07
Random5239
Raw:1.0104241096782794e-05,2.122547334954209e-06,1.987322000788117e-05,0.499281670416237,6.935296550282277e-09,0.4992816704162441,2.632051939880745e-09,0.0014041591461476227,9.805874310262254e-08,2.9238684013396224e-07
EFT:1.0104241096782794e-05,2.122547334954209e-06,1.987322000788117e-05,0.499281670416237,6.935296550282277e-09,0.4992816704162441,2.6320519398807075e-09,0.0014041591461476227,9.805874310262393e-08,2.9238684013396224e-07
Random5240
Raw:1.0104241096782938e-05,2.122547334954209e-06,1.987322000788117e-05,0.499281670416237,6.935296550282277e-09,0.4992816704162441,2.632051939880745e-09,0.0014041591461476427,9.805874310262393e-08,2.9238684013396224e-07
EFT:1.0104241096782794e-05,2.122547334954209e-06,1.987322000788117e-05,0.499281670416237,6.935296550282277e-09,0.4992816704162441,2.6320519398807075e-09,0.0014041591461476227,9.805874310262393e-08,2.9238684013396224e-07
Random5241
Raw:1.0104241096782867e-05,2.122547334954224e-06,1.987322000788131e-05,0.49928167041624055,6.935296550282326e-09,0.49928167041624055,2.6320519398807265e-09,0.0014041591461476128,9.805874310262462e-08,2.923868401339643e-07
EFT:1.0104241096782794e-05,2.122547334954209e-06,1.987322000788117e-05,0.499281670416237,6.935296550282277e-09,0.4992816704162441,2.6320519398807075e-09,0.0014041591461476227,9.805874310262393e-08,2.9238684013396224e-07
Random5242
Raw:1.0104241096782865e-05,2.122547334954194e-06,1.9873220007881028e-05,0.49928167041623345,6.935296550282228e-09,0.49928167041624766,2.632051939880726e-09,0.0014041591461476126,9.805874310262462e-08,2.9238684013396436e-07
EFT:1.0104241096782794e-05,2.122547334954209e-06,1.987322000788117e-05,0.499281670416237,6.935296550282277e-09,0.4992816704162441,2.6320519398807075e-09,0.0014041591461476227,9.805874310262393e-08,2.9238684013396224e-07
Random5243
Raw:1.0104241096782938e-05,2.122547334954209e-06,1.9873220007880885e-05,0.499281670416237,6.935296550282277e-09,0.4992816704162441,2.632051939880745e-09,0.0014041591461476227,9.805874310262532e-08,2.9238684013396224e-07
EFT:1.0104241096782794e-05,2.122547334954209e-06,1.987322000788117e-05,0.499281670416237,6.935296550282277e-09,0.4992816704162441,2.6320519398807075e-09,0.0014041591461476227,9.805874310262393e-08,2.9238684013396224e-07
Random5244
Raw:1.0104241096782867e-05,2.122547334954224e-06,1.9873220007881028e-05,0.49928167041624055,6.935296550282326e-09,0.49928167041624055,2.6320519398807265e-09,0.0014041591461476327,9.805874310262323e-08,2.923868401339643e-07
EFT:1.0104241096782794e-05,2.122547334954209e-06,1.987322000788117e-05,0.499281670416237,6.935296550282277e-09,0.4992816704162441,2.6320519398807075e-09,0.0014041591461476227,9.805874310262393e-08,2.9238684013396224e-07
Random5245
Raw:1.0104241096782867e-05,2.122547334954224e-06,1.9873220007881028e-05,0.49928167041624055,6.935296550282326e-09,0.49928167041624055,2.6320519398807638e-09,0.0014041591461476128,9.805874310262462e-08,2.923868401339643e-07
EFT:1.0104241096782794e-05,2.122547334954209e-06,1.987322000788117e-05,0.499281670416237,6.935296550282277e-09,0.4992816704162441,2.6320519398807075e-09,0.0014041591461476227,9.805874310262393e-08,2.9238684013396224e-07
Random5246
Raw:1.0104241096782938e-05,2.122547334954239e-06,1.987322000788145e-05,0.499281670416237,6.935296550282277e-09,0.4992816704162441,2.632051939880745e-09,0.0014041591461476427,9.805874310262532e-08,2.9238684013396224e-07
EFT:1.0104241096782794e-05,2.122547334954209e-06,1.987322000788117e-05,0.499281670416237,6.935296550282277e-09,0.4992816704162441,2.6320519398807075e-09,0.0014041591461476227,9.805874310262393e-08,2.9238684013396224e-07
Random5247
Raw:1.0104241096783009e-05,2.122547334954194e-06,1.9873220007881028e-05,0.49928167041623345,6.935296550282327e-09,0.49928167041624766,2.6320519398807638e-09,0.0014041591461476126,9.805874310262601e-08,2.9238684013396436e-07
EFT:1.0104241096782794e-05,2.122547334954209e-06,1.987322000788117e-05,0.499281670416237,6.935296550282277e-09,0.4992816704162441,2.6320519398807075e-09,0.0014041591461476227,9.805874310262393e-08,2.9238684013396224e-07
Random5248
Raw:1.0104241096782938e-05,2.1225473349541788e-06,1.9873220007880885e-05,0.499281670416237,6.935296550282277e-09,0.4992816704162441,2.632051939880745e-09,0.0014041591461476026,9.805874310262532e-08,2.9238684013396224e-07
EFT:1.0104241096782794e-05,2.122547334954209e-06,1.987322000788117e-05,0.499281670416237,6.935296550282277e-09,0.4992816704162441,2.6320519398807075e-09,0.0014041591461476227,9.805874310262393e-08,2.9238684013396224e-07
Random5249
Raw:1.0104241096782867e-05,2.122547334954224e-06,1.987322000788131e-05,0.49928167041624055,6.935296550282326e-09,0.49928167041624055,2.6320519398807265e-09,0.0014041591461476327,9.805874310262323e-08,2.923868401339643e-07
EFT:1.0104241096782794e-05,2.122547334954209e-06,1.987322000788117e-05,0.499281670416237,6.935296550282277e-09,0.4992816704162441,2.6320519398807075e-09,0.0014041591461476227,9.805874310262393e-08,2.9238684013396224e-07
Random5250
Raw:1.0104241096782938e-05,2.122547334954209e-06,1.987322000788117e-05,0.499281670416237,6.935296550282277e-09,0.4992816704162441,2.632051939880745e-09,0.0014041591461476227,9.805874310262532e-08,2.9238684013396224e-07
EFT:1.0104241096782794e-05,2.122547334954209e-06,1.987322000788117e-05,0.499281670416237,6.935296550282277e-09,0.4992816704162441,2.6320519398807075e-09,0.0014041591461476227,9.805874310262393e-08,2.9238684013396224e-07
Random5251
Raw:1.0104241096782867e-05,2.122547334954224e-06,1.9873220007881028e-05,0.49928167041624055,6.935296550282228e-09,0.49928167041624055,2.632051939880689e-09,0.0014041591461476327,9.805874310262462e-08,2.923868401339602e-07
EFT:1.0104241096782794e-05,2.122547334954209e-06,1.987322000788117e-05,0.499281670416237,6.935296550282277e-09,0.4992816704162441,2.6320519398807075e-09,0.0014041591461476227,9.805874310262393e-08,2.9238684013396224e-07
Random5252
Raw:1.0104241096782794e-05,2.122547334954209e-06,1.987322000788117e-05,0.499281670416237,6.9352965502821786e-09,0.4992816704162441,2.6320519398807075e-09,0.0014041591461476227,9.805874310262393e-08,2.9238684013396224e-07
EFT:1.0104241096782794e-05,2.122547334954209e-06,1.987322000788117e-05,0.499281670416237,6.935296550282277e-09,0.4992816704162441,2.6320519398807075e-09,0.0014041591461476227,9.805874310262393e-08,2.9238684013396224e-07
Random5253
Raw:1.0104241096782794e-05,2.122547334954209e-06,1.987322000788117e-05,0.499281670416237,6.935296550282277e-09,0.4992816704162441,2.6320519398807075e-09,0.0014041591461476227,9.805874310262393e-08,2.9238684013396224e-07
EFT:1.0104241096782794e-05,2.122547334954209e-06,1.987322000788117e-05,0.499281670416237,6.935296550282277e-09,0.4992816704162441,2.6320519398807075e-09,0.0014041591461476227,9.805874310262393e-08,2.9238684013396224e-07
Random5254
Raw:1.0104241096782938e-05,2.122547334954209e-06,1.987322000788117e-05,0.499281670416237,6.9352965502823754e-09,0.4992816704162441,2.632051939880745e-09,0.0014041591461476227,9.805874310262672e-08,2.9238684013396637e-07
EFT:1.0104241096782794e-05,2.122547334954209e-06,1.987322000788117e-05,0.499281670416237,6.935296550282277e-09,0.4992816704162441,2.6320519398807075e-09,0.0014041591461476227,9.805874310262393e-08,2.9238684013396224e-07
Random5255
Raw:1.0104241096783009e-05,2.122547334954224e-06,1.987322000788131e-05,0.49928167041623345,6.935296550282327e-09,0.49928167041624766,2.6320519398807638e-09,0.0014041591461476327,9.805874310262601e-08,2.9238684013396436e-07
EFT:1.0104241096782794e-05,2.122547334954209e-06,1.987322000788117e-05,0.499281670416237,6.935296550282277e-09,0.4992816704162441,2.6320519398807075e-09,0.0014041591461476227,9.805874310262393e-08,2.9238684013396224e-07
Random5256
Raw:1.0104241096782867e-05,2.122547334954224e-06,1.9873220007881028e-05,0.49928167041624055,6.935296550282326e-09,0.49928167041624055,2.6320519398807265e-09,0.0014041591461476327,9.805874310262323e-08,2.923868401339643e-07
EFT:1.0104241096782794e-05,2.122547334954209e-06,1.987322000788117e-05,0.499281670416237,6.935296550282277e-09,0.4992816704162441,2.6320519398807075e-09,0.0014041591461476227,9.805874310262393e-08,2.9238684013396224e-07
Random5257
Raw:1.0104241096782938e-05,2.122547334954239e-06,1.987322000788117e-05,0.499281670416237,6.935296550282277e-09,0.4992816704162441,2.632051939880745e-09,0.0014041591461476427,9.805874310262532e-08,2.9238684013396224e-07
EFT:1.0104241096782794e-05,2.122547334954209e-06,1.987322000788117e-05,0.499281670416237,6.935296550282277e-09,0.4992816704162441,2.6320519398807075e-09,0.0014041591461476227,9.805874310262393e-08,2.9238684013396224e-07
Random5258
Raw:1.0104241096782938e-05,2.122547334954239e-06,1.987322000788145e-05,0.499281670416237,6.935296550282277e-09,0.4992816704162441,2.632051939880745e-09,0.0014041591461476427,9.805874310262532e-08,2.9238684013396224e-07
EFT:1.0104241096782794e-05,2.122547334954209e-06,1.987322000788117e-05,0.499281670416237,6.935296550282277e-09,0.4992816704162441,2.6320519398807075e-09,0.0014041591461476227,9.805874310262393e-08,2.9238684013396224e-07
Random5259
Raw:1.0104241096783009e-05,2.122547334954224e-06,1.9873220007881028e-05,0.49928167041623345,6.935296550282327e-09,0.49928167041624766,2.6320519398807638e-09,0.0014041591461476327,9.805874310262601e-08,2.9238684013396436e-07
EFT:1.0104241096782794e-05,2.122547334954209e-06,1.987322000788117e-05,0.499281670416237,6.935296550282277e-09,0.4992816704162441,2.6320519398807075e-09,0.0014041591461476227,9.805874310262393e-08,2.9238684013396224e-07
Random5260
Raw:1.0104241096782794e-05,2.122547334954209e-06,1.987322000788117e-05,0.499281670416237,6.935296550282277e-09,0.4992816704162441,2.632051939880745e-09,0.0014041591461476227,9.805874310262254e-08,2.9238684013396224e-07
EFT:1.0104241096782794e-05,2.122547334954209e-06,1.987322000788117e-05,0.499281670416237,6.935296550282277e-09,0.4992816704162441,2.6320519398807075e-09,0.0014041591461476227,9.805874310262393e-08,2.9238684013396224e-07
Random5261
Raw:1.0104241096782794e-05,2.122547334954209e-06,1.987322000788117e-05,0.499281670416237,6.935296550282277e-09,0.4992816704162441,2.632051939880745e-09,0.0014041591461476227,9.805874310262254e-08,2.9238684013396224e-07
EFT:1.0104241096782794e-05,2.122547334954209e-06,1.987322000788117e-05,0.499281670416237,6.935296550282277e-09,0.4992816704162441,2.6320519398807075e-09,0.0014041591461476227,9.805874310262393e-08,2.9238684013396224e-07
Random5262
Raw:1.0104241096782938e-05,2.122547334954239e-06,1.987322000788117e-05,0.499281670416237,6.935296550282277e-09,0.4992816704162441,2.632051939880745e-09,0.0014041591461476427,9.805874310262532e-08,2.9238684013396224e-07
EFT:1.0104241096782794e-05,2.122547334954209e-06,1.987322000788117e-05,0.499281670416237,6.935296550282277e-09,0.4992816704162441,2.6320519398807075e-09,0.0014041591461476227,9.805874310262393e-08,2.9238684013396224e-07
Random5263
Raw:1.0104241096783009e-05,2.122547334954194e-06,1.9873220007881028e-05,0.49928167041623345,6.935296550282327e-09,0.49928167041624766,2.6320519398807638e-09,0.0014041591461476126,9.805874310262601e-08,2.9238684013396436e-07
EFT:1.0104241096782794e-05,2.122547334954209e-06,1.987322000788117e-05,0.499281670416237,6.935296550282277e-09,0.4992816704162441,2.6320519398807075e-09,0.0014041591461476227,9.805874310262393e-08,2.9238684013396224e-07
Random5264
Raw:1.0104241096782867e-05,2.1225473349542546e-06,1.987322000788131e-05,0.49928167041624055,6.935296550282326e-09,0.49928167041624055,2.6320519398807638e-09,0.0014041591461476327,9.805874310262462e-08,2.923868401339643e-07
EFT:1.0104241096782794e-05,2.122547334954209e-06,1.987322000788117e-05,0.499281670416237,6.935296550282277e-09,0.4992816704162441,2.6320519398807075e-09,0.0014041591461476227,9.805874310262393e-08,2.9238684013396224e-07
Random5265
Raw:1.0104241096783009e-05,2.122547334954224e-06,1.987322000788131e-05,0.49928167041623345,6.935296550282327e-09,0.49928167041624766,2.6320519398807638e-09,0.0014041591461476327,9.805874310262601e-08,2.9238684013396436e-07
EFT:1.0104241096782794e-05,2.122547334954209e-06,1.987322000788117e-05,0.499281670416237,6.935296550282277e-09,0.4992816704162441,2.6320519398807075e-09,0.0014041591461476227,9.805874310262393e-08,2.9238684013396224e-07
Random5266
Raw:1.0104241096782794e-05,2.122547334954209e-06,1.987322000788117e-05,0.499281670416237,6.935296550282277e-09,0.4992816704162441,2.6320519398807075e-09,0.0014041591461476227,9.805874310262393e-08,2.9238684013396224e-07
EFT:1.0104241096782794e-05,2.122547334954209e-06,1.987322000788117e-05,0.499281670416237,6.935296550282277e-09,0.4992816704162441,2.6320519398807075e-09,0.0014041591461476227,9.805874310262393e-08,2.9238684013396224e-07
Random5267
Raw:1.0104241096782938e-05,2.122547334954209e-06,1.987322000788117e-05,0.499281670416237,6.935296550282277e-09,0.4992816704162441,2.632051939880745e-09,0.0014041591461476227,9.805874310262532e-08,2.9238684013396224e-07
EFT:1.0104241096782794e-05,2.122547334954209e-06,1.987322000788117e-05,0.499281670416237,6.935296550282277e-09,0.4992816704162441,2.6320519398807075e-09,0.0014041591461476227,9.805874310262393e-08,2.9238684013396224e-07
Random5268
Raw:1.0104241096782867e-05,2.122547334954224e-06,1.987322000788131e-05,0.49928167041624055,6.935296550282326e-09,0.49928167041624055,2.6320519398807265e-09,0.0014041591461476128,9.805874310262462e-08,2.923868401339643e-07
EFT:1.0104241096782794e-05,2.122547334954209e-06,1.987322000788117e-05,0.499281670416237,6.935296550282277e-09,0.4992816704162441,2.6320519398807075e-09,0.0014041591461476227,9.805874310262393e-08,2.9238684013396224e-07
Random5269
Raw:1.0104241096782938e-05,2.122547334954209e-06,1.9873220007880885e-05,0.499281670416237,6.935296550282277e-09,0.4992816704162441,2.632051939880745e-09,0.0014041591461476227,9.805874310262532e-08,2.9238684013396224e-07
EFT:1.0104241096782794e-05,2.122547334954209e-06,1.987322000788117e-05,0.499281670416237,6.935296550282277e-09,0.4992816704162441,2.6320519398807075e-09,0.0014041591461476227,9.805874310262393e-08,2.9238684013396224e-07
Random5270
Raw:1.0104241096782867e-05,2.1225473349542546e-06,1.987322000788131e-05,0.49928167041624055,6.935296550282326e-09,0.49928167041624055,2.6320519398807638e-09,0.0014041591461476327,9.805874310262462e-08,2.923868401339643e-07
EFT:1.0104241096782794e-05,2.122547334954209e-06,1.987322000788117e-05,0.499281670416237,6.935296550282277e-09,0.4992816704162441,2.6320519398807075e-09,0.0014041591461476227,9.805874310262393e-08,2.9238684013396224e-07
Random5271
Raw:1.0104241096783009e-05,2.122547334954194e-06,1.9873220007881028e-05,0.49928167041623345,6.935296550282327e-09,0.49928167041624766,2.6320519398807638e-09,0.0014041591461476126,9.805874310262601e-08,2.9238684013396436e-07
EFT:1.0104241096782794e-05,2.122547334954209e-06,1.987322000788117e-05,0.499281670416237,6.935296550282277e-09,0.4992816704162441,2.6320519398807075e-09,0.0014041591461476227,9.805874310262393e-08,2.9238684013396224e-07
Random5272
Raw:1.0104241096782794e-05,2.1225473349541788e-06,1.9873220007880885e-05,0.499281670416237,6.935296550282277e-09,0.4992816704162441,2.632051939880745e-09,0.0014041591461476026,9.805874310262254e-08,2.9238684013396224e-07
EFT:1.0104241096782794e-05,2.122547334954209e-06,1.987322000788117e-05,0.499281670416237,6.935296550282277e-09,0.4992816704162441,2.6320519398807075e-09,0.0014041591461476227,9.805874310262393e-08,2.9238684013396224e-07
Random5273
Raw:1.0104241096782867e-05,2.122547334954224e-06,1.987322000788131e-05,0.49928167041624055,6.935296550282326e-09,0.49928167041624055,2.6320519398807638e-09,0.0014041591461476128,9.805874310262462e-08,2.923868401339643e-07
EFT:1.0104241096782794e-05,2.122547334954209e-06,1.987322000788117e-05,0.499281670416237,6.935296550282277e-09,0.4992816704162441,2.6320519398807075e-09,0.0014041591461476227,9.805874310262393e-08,2.9238684013396224e-07
Random5274
Raw:1.0104241096782867e-05,2.122547334954224e-06,1.987322000788131e-05,0.49928167041624055,6.935296550282326e-09,0.49928167041624055,2.6320519398807265e-09,0.0014041591461476327,9.805874310262323e-08,2.923868401339643e-07
EFT:1.0104241096782794e-05,2.122547334954209e-06,1.987322000788117e-05,0.499281670416237,6.935296550282277e-09,0.4992816704162441,2.6320519398807075e-09,0.0014041591461476227,9.805874310262393e-08,2.9238684013396224e-07
Random5275
Raw:1.0104241096782938e-05,2.122547334954239e-06,1.987322000788145e-05,0.499281670416237,6.935296550282277e-09,0.4992816704162441,2.632051939880745e-09,0.0014041591461476427,9.805874310262393e-08,2.9238684013396637e-07
EFT:1.0104241096782794e-05,2.122547334954209e-06,1.987322000788117e-05,0.499281670416237,6.935296550282277e-09,0.4992816704162441,2.6320519398807075e-09,0.0014041591461476227,9.805874310262393e-08,2.9238684013396224e-07
Random5276
Raw:1.0104241096782938e-05,2.122547334954239e-06,1.987322000788117e-05,0.499281670416237,6.935296550282277e-09,0.4992816704162441,2.632051939880745e-09,0.0014041591461476427,9.805874310262532e-08,2.9238684013396224e-07
EFT:1.0104241096782794e-05,2.122547334954209e-06,1.987322000788117e-05,0.499281670416237,6.935296550282277e-09,0.4992816704162441,2.6320519398807075e-09,0.0014041591461476227,9.805874310262393e-08,2.9238684013396224e-07
Random5277
Raw:1.0104241096782938e-05,2.122547334954239e-06,1.987322000788117e-05,0.499281670416237,6.935296550282277e-09,0.4992816704162441,2.632051939880745e-09,0.0014041591461476227,9.805874310262532e-08,2.9238684013396224e-07
EFT:1.0104241096782794e-05,2.122547334954209e-06,1.987322000788117e-05,0.499281670416237,6.935296550282277e-09,0.4992816704162441,2.6320519398807075e-09,0.0014041591461476227,9.805874310262393e-08,2.9238684013396224e-07
Random5278
Raw:1.0104241096782938e-05,2.122547334954209e-06,1.987322000788117e-05,0.499281670416237,6.9352965502823754e-09,0.4992816704162441,2.632051939880745e-09,0.0014041591461476227,9.805874310262393e-08,2.9238684013396637e-07
EFT:1.0104241096782794e-05,2.122547334954209e-06,1.987322000788117e-05,0.499281670416237,6.935296550282277e-09,0.4992816704162441,2.6320519398807075e-09,0.0014041591461476227,9.805874310262393e-08,2.9238684013396224e-07
Random5279
Raw:1.0104241096783009e-05,2.122547334954224e-06,1.987322000788131e-05,0.49928167041623345,6.935296550282327e-09,0.49928167041624766,2.6320519398807638e-09,0.0014041591461476327,9.805874310262462e-08,2.923868401339685e-07
EFT:1.0104241096782794e-05,2.122547334954209e-06,1.987322000788117e-05,0.499281670416237,6.935296550282277e-09,0.4992816704162441,2.6320519398807075e-09,0.0014041591461476227,9.805874310262393e-08,2.9238684013396224e-07
Random5280
Raw:1.0104241096782938e-05,2.122547334954239e-06,1.987322000788145e-05,0.499281670416237,6.935296550282277e-09,0.4992816704162441,2.632051939880745e-09,0.0014041591461476427,9.805874310262532e-08,2.9238684013396224e-07
EFT:1.0104241096782794e-05,2.122547334954209e-06,1.987322000788117e-05,0.499281670416237,6.935296550282277e-09,0.4992816704162441,2.6320519398807075e-09,0.0014041591461476227,9.805874310262393e-08,2.9238684013396224e-07
Random5281
Raw:1.0104241096783009e-05,2.122547334954194e-06,1.9873220007881028e-05,0.49928167041623345,6.935296550282327e-09,0.49928167041624766,2.6320519398807638e-09,0.0014041591461476327,9.805874310262462e-08,2.9238684013396436e-07
EFT:1.0104241096782794e-05,2.122547334954209e-06,1.987322000788117e-05,0.499281670416237,6.935296550282277e-09,0.4992816704162441,2.6320519398807075e-09,0.0014041591461476227,9.805874310262393e-08,2.9238684013396224e-07
Random5282
Raw:1.0104241096782938e-05,2.122547334954209e-06,1.987322000788117e-05,0.499281670416237,6.935296550282277e-09,0.4992816704162441,2.632051939880745e-09,0.0014041591461476427,9.805874310262393e-08,2.9238684013396224e-07
EFT:1.0104241096782794e-05,2.122547334954209e-06,1.987322000788117e-05,0.499281670416237,6.935296550282277e-09,0.4992816704162441,2.6320519398807075e-09,0.0014041591461476227,9.805874310262393e-08,2.9238684013396224e-07
Random5283
Raw:1.0104241096783009e-05,2.122547334954224e-06,1.9873220007881028e-05,0.49928167041623345,6.935296550282327e-09,0.49928167041624766,2.6320519398807638e-09,0.0014041591461476327,9.805874310262601e-08,2.9238684013396436e-07
EFT:1.0104241096782794e-05,2.122547334954209e-06,1.987322000788117e-05,0.499281670416237,6.935296550282277e-09,0.4992816704162441,2.6320519398807075e-09,0.0014041591461476227,9.805874310262393e-08,2.9238684013396224e-07
Random5284
Raw:1.0104241096782938e-05,2.122547334954209e-06,1.987322000788117e-05,0.499281670416237,6.9352965502823754e-09,0.4992816704162441,2.632051939880745e-09,0.0014041591461476227,9.805874310262532e-08,2.9238684013396637e-07
EFT:1.0104241096782794e-05,2.122547334954209e-06,1.987322000788117e-05,0.499281670416237,6.935296550282277e-09,0.4992816704162441,2.6320519398807075e-09,0.0014041591461476227,9.805874310262393e-08,2.9238684013396224e-07
Random5285
Raw:1.0104241096782794e-05,2.122547334954209e-06,1.987322000788117e-05,0.499281670416237,6.9352965502821786e-09,0.4992816704162441,2.6320519398807075e-09,0.0014041591461476026,9.805874310262393e-08,2.9238684013396224e-07
EFT:1.0104241096782794e-05,2.122547334954209e-06,1.987322000788117e-05,0.499281670416237,6.935296550282277e-09,0.4992816704162441,2.6320519398807075e-09,0.0014041591461476227,9.805874310262393e-08,2.9238684013396224e-07
Random5286
Raw:1.0104241096782865e-05,2.122547334954194e-06,1.9873220007881028e-05,0.49928167041623345,6.935296550282327e-09,0.49928167041624766,2.632051939880726e-09,0.0014041591461476126,9.805874310262462e-08,2.9238684013396436e-07
EFT:1.0104241096782794e-05,2.122547334954209e-06,1.987322000788117e-05,0.499281670416237,6.935296550282277e-09,0.4992816704162441,2.6320519398807075e-09,0.0014041591461476227,9.805874310262393e-08,2.9238684013396224e-07
Random5287
Raw:1.0104241096783009e-05,2.122547334954224e-06,1.987322000788131e-05,0.49928167041623345,6.935296550282327e-09,0.49928167041624766,2.6320519398807638e-09,0.0014041591461476327,9.805874310262601e-08,2.9238684013396436e-07
EFT:1.0104241096782794e-05,2.122547334954209e-06,1.987322000788117e-05,0.499281670416237,6.935296550282277e-09,0.4992816704162441,2.6320519398807075e-09,0.0014041591461476227,9.805874310262393e-08,2.9238684013396224e-07
Random5288
Raw:1.0104241096782938e-05,2.122547334954239e-06,1.987322000788117e-05,0.499281670416237,6.935296550282277e-09,0.4992816704162441,2.632051939880745e-09,0.0014041591461476427,9.805874310262532e-08,2.9238684013396224e-07
EFT:1.0104241096782794e-05,2.122547334954209e-06,1.987322000788117e-05,0.499281670416237,6.935296550282277e-09,0.4992816704162441,2.6320519398807075e-09,0.0014041591461476227,9.805874310262393e-08,2.9238684013396224e-07
Random5289
Raw:1.0104241096782938e-05,2.122547334954209e-06,1.987322000788117e-05,0.499281670416237,6.9352965502823754e-09,0.4992816704162441,2.6320519398807824e-09,0.0014041591461476227,9.805874310262532e-08,2.9238684013396637e-07
EFT:1.0104241096782794e-05,2.122547334954209e-06,1.987322000788117e-05,0.499281670416237,6.935296550282277e-09,0.4992816704162441,2.6320519398807075e-09,0.0014041591461476227,9.805874310262393e-08,2.9238684013396224e-07
Random5290
Raw:1.0104241096782938e-05,2.122547334954209e-06,1.987322000788117e-05,0.499281670416237,6.935296550282277e-09,0.4992816704162441,2.632051939880745e-09,0.0014041591461476427,9.805874310262393e-08,2.9238684013396224e-07
EFT:1.0104241096782794e-05,2.122547334954209e-06,1.987322000788117e-05,0.499281670416237,6.935296550282277e-09,0.4992816704162441,2.6320519398807075e-09,0.0014041591461476227,9.805874310262393e-08,2.9238684013396224e-07
Random5291
Raw:1.0104241096782938e-05,2.122547334954209e-06,1.987322000788117e-05,0.499281670416237,6.9352965502823754e-09,0.4992816704162441,2.632051939880745e-09,0.0014041591461476227,9.805874310262532e-08,2.9238684013396637e-07
EFT:1.0104241096782794e-05,2.122547334954209e-06,1.987322000788117e-05,0.499281670416237,6.935296550282277e-09,0.4992816704162441,2.6320519398807075e-09,0.0014041591461476227,9.805874310262393e-08,2.9238684013396224e-07
Random5292
Raw:1.0104241096782867e-05,2.122547334954224e-06,1.987322000788131e-05,0.49928167041624055,6.935296550282326e-09,0.49928167041624055,2.6320519398807265e-09,0.0014041591461476327,9.805874310262323e-08,2.923868401339643e-07
EFT:1.0104241096782794e-05,2.122547334954209e-06,1.987322000788117e-05,0.499281670416237,6.935296550282277e-09,0.4992816704162441,2.6320519398807075e-09,0.0014041591461476227,9.805874310262393e-08,2.9238684013396224e-07
Random5293
Raw:1.0104241096782938e-05,2.122547334954239e-06,1.987322000788145e-05,0.499281670416237,6.935296550282277e-09,0.4992816704162441,2.632051939880745e-09,0.0014041591461476427,9.805874310262393e-08,2.9238684013396637e-07
EFT:1.0104241096782794e-05,2.122547334954209e-06,1.987322000788117e-05,0.499281670416237,6.935296550282277e-09,0.4992816704162441,2.6320519398807075e-09,0.0014041591461476227,9.805874310262393e-08,2.9238684013396224e-07
Random5294
Raw:1.0104241096782938e-05,2.122547334954209e-06,1.987322000788117e-05,0.499281670416237,6.9352965502823754e-09,0.4992816704162441,2.632051939880745e-09,0.0014041591461476227,9.805874310262672e-08,2.9238684013396637e-07
EFT:1.0104241096782794e-05,2.122547334954209e-06,1.987322000788117e-05,0.499281670416237,6.935296550282277e-09,0.4992816704162441,2.6320519398807075e-09,0.0014041591461476227,9.805874310262393e-08,2.9238684013396224e-07
Random5295
Raw:1.0104241096782938e-05,2.122547334954209e-06,1.987322000788117e-05,0.499281670416237,6.9352965502823754e-09,0.4992816704162441,2.6320519398807824e-09,0.0014041591461476227,9.805874310262532e-08,2.9238684013396637e-07
EFT:1.0104241096782794e-05,2.122547334954209e-06,1.987322000788117e-05,0.499281670416237,6.935296550282277e-09,0.4992816704162441,2.6320519398807075e-09,0.0014041591461476227,9.805874310262393e-08,2.9238684013396224e-07
Random5296
Raw:1.0104241096783009e-05,2.122547334954224e-06,1.9873220007881028e-05,0.49928167041623345,6.935296550282327e-09,0.49928167041624766,2.6320519398807638e-09,0.0014041591461476327,9.805874310262601e-08,2.9238684013396436e-07
EFT:1.0104241096782794e-05,2.122547334954209e-06,1.987322000788117e-05,0.499281670416237,6.935296550282277e-09,0.4992816704162441,2.6320519398807075e-09,0.0014041591461476227,9.805874310262393e-08,2.9238684013396224e-07
Random5297
Raw:1.0104241096782938e-05,2.122547334954209e-06,1.987322000788117e-05,0.499281670416237,6.9352965502823754e-09,0.4992816704162441,2.632051939880745e-09,0.0014041591461476227,9.805874310262532e-08,2.9238684013396637e-07
EFT:1.0104241096782794e-05,2.122547334954209e-06,1.987322000788117e-05,0.499281670416237,6.935296550282277e-09,0.4992816704162441,2.6320519398807075e-09,0.0014041591461476227,9.805874310262393e-08,2.9238684013396224e-07
Random5298
Raw:1.0104241096782794e-05,2.122547334954209e-06,1.9873220007880885e-05,0.499281670416237,6.935296550282277e-09,0.4992816704162441,2.632051939880745e-09,0.0014041591461476227,9.805874310262254e-08,2.9238684013396224e-07
EFT:1.0104241096782794e-05,2.122547334954209e-06,1.987322000788117e-05,0.499281670416237,6.935296550282277e-09,0.4992816704162441,2.6320519398807075e-09,0.0014041591461476227,9.805874310262393e-08,2.9238684013396224e-07
Random5299
Raw:1.0104241096782867e-05,2.122547334954224e-06,1.987322000788131e-05,0.49928167041624055,6.935296550282228e-09,0.49928167041624055,2.632051939880689e-09,0.0014041591461476327,9.805874310262462e-08,2.923868401339602e-07
EFT:1.0104241096782794e-05,2.122547334954209e-06,1.987322000788117e-05,0.499281670416237,6.935296550282277e-09,0.4992816704162441,2.6320519398807075e-09,0.0014041591461476227,9.805874310262393e-08,2.9238684013396224e-07
Random5300
Raw:1.0104241096782794e-05,2.122547334954209e-06,1.987322000788117e-05,0.499281670416237,6.935296550282277e-09,0.4992816704162441,2.632051939880745e-09,0.0014041591461476227,9.805874310262254e-08,2.9238684013396224e-07
EFT:1.0104241096782794e-05,2.122547334954209e-06,1.987322000788117e-05,0.499281670416237,6.935296550282277e-09,0.4992816704162441,2.6320519398807075e-09,0.0014041591461476227,9.805874310262393e-08,2.9238684013396224e-07
Random5301
Raw:1.0104241096782723e-05,2.122547334954224e-06,1.987322000788131e-05,0.49928167041624055,6.935296550282228e-09,0.49928167041624055,2.632051939880689e-09,0.0014041591461476327,9.805874310262184e-08,2.923868401339602e-07
EFT:1.0104241096782794e-05,2.122547334954209e-06,1.987322000788117e-05,0.499281670416237,6.935296550282277e-09,0.4992816704162441,2.6320519398807075e-09,0.0014041591461476227,9.805874310262393e-08,2.9238684013396224e-07
Random5302
Raw:1.0104241096782938e-05,2.122547334954209e-06,1.987322000788117e-05,0.499281670416237,6.935296550282277e-09,0.4992816704162441,2.632051939880745e-09,0.0014041591461476227,9.805874310262532e-08,2.9238684013396224e-07
EFT:1.0104241096782794e-05,2.122547334954209e-06,1.987322000788117e-05,0.499281670416237,6.935296550282277e-09,0.4992816704162441,2.6320519398807075e-09,0.0014041591461476227,9.805874310262393e-08,2.9238684013396224e-07
Random5303
Raw:1.0104241096782938e-05,2.122547334954209e-06,1.9873220007880885e-05,0.499281670416237,6.935296550282277e-09,0.4992816704162441,2.632051939880745e-09,0.0014041591461476227,9.805874310262532e-08,2.9238684013396224e-07
EFT:1.0104241096782794e-05,2.122547334954209e-06,1.987322000788117e-05,0.499281670416237,6.935296550282277e-09,0.4992816704162441,2.6320519398807075e-09,0.0014041591461476227,9.805874310262393e-08,2.9238684013396224e-07
Random5304
Raw:1.0104241096783009e-05,2.122547334954194e-06,1.9873220007881028e-05,0.49928167041623345,6.935296550282327e-09,0.49928167041624766,2.6320519398807638e-09,0.0014041591461476126,9.805874310262601e-08,2.9238684013396436e-07
EFT:1.0104241096782794e-05,2.122547334954209e-06,1.987322000788117e-05,0.499281670416237,6.935296550282277e-09,0.4992816704162441,2.6320519398807075e-09,0.0014041591461476227,9.805874310262393e-08,2.9238684013396224e-07
Random5305
Raw:1.0104241096782867e-05,2.122547334954224e-06,1.987322000788131e-05,0.49928167041624055,6.935296550282326e-09,0.49928167041624055,2.6320519398807265e-09,0.0014041591461476327,9.805874310262462e-08,2.923868401339643e-07
EFT:1.0104241096782794e-05,2.122547334954209e-06,1.987322000788117e-05,0.499281670416237,6.935296550282277e-09,0.4992816704162441,2.6320519398807075e-09,0.0014041591461476227,9.805874310262393e-08,2.9238684013396224e-07
Random5306
Raw:1.0104241096782938e-05,2.122547334954209e-06,1.987322000788117e-05,0.499281670416237,6.9352965502823754e-09,0.4992816704162441,2.632051939880745e-09,0.0014041591461476227,9.805874310262532e-08,2.9238684013396637e-07
EFT:1.0104241096782794e-05,2.122547334954209e-06,1.987322000788117e-05,0.499281670416237,6.935296550282277e-09,0.4992816704162441,2.6320519398807075e-09,0.0014041591461476227,9.805874310262393e-08,2.9238684013396224e-07
Random5307
Raw:1.0104241096782794e-05,2.122547334954209e-06,1.987322000788117e-05,0.499281670416237,6.935296550282277e-09,0.4992816704162441,2.632051939880745e-09,0.0014041591461476227,9.805874310262254e-08,2.9238684013396224e-07
EFT:1.0104241096782794e-05,2.122547334954209e-06,1.987322000788117e-05,0.499281670416237,6.935296550282277e-09,0.4992816704162441,2.6320519398807075e-09,0.0014041591461476227,9.805874310262393e-08,2.9238684013396224e-07
Random5308
Raw:1.0104241096782938e-05,2.122547334954239e-06,1.987322000788117e-05,0.499281670416237,6.9352965502823754e-09,0.4992816704162441,2.6320519398807824e-09,0.0014041591461476227,9.805874310262532e-08,2.9238684013396637e-07
EFT:1.0104241096782794e-05,2.122547334954209e-06,1.987322000788117e-05,0.499281670416237,6.935296550282277e-09,0.4992816704162441,2.6320519398807075e-09,0.0014041591461476227,9.805874310262393e-08,2.9238684013396224e-07
Random5309
Raw:1.0104241096782938e-05,2.122547334954209e-06,1.987322000788117e-05,0.499281670416237,6.935296550282277e-09,0.4992816704162441,2.632051939880745e-09,0.0014041591461476227,9.805874310262532e-08,2.9238684013396224e-07
EFT:1.0104241096782794e-05,2.122547334954209e-06,1.987322000788117e-05,0.499281670416237,6.935296550282277e-09,0.4992816704162441,2.6320519398807075e-09,0.0014041591461476227,9.805874310262393e-08,2.9238684013396224e-07
Random5310
Raw:1.0104241096783009e-05,2.122547334954194e-06,1.9873220007881028e-05,0.49928167041623345,6.935296550282327e-09,0.49928167041624766,2.6320519398807638e-09,0.0014041591461476126,9.805874310262601e-08,2.9238684013396436e-07
EFT:1.0104241096782794e-05,2.122547334954209e-06,1.987322000788117e-05,0.499281670416237,6.935296550282277e-09,0.4992816704162441,2.6320519398807075e-09,0.0014041591461476227,9.805874310262393e-08,2.9238684013396224e-07
Random5311
Raw:1.0104241096782867e-05,2.122547334954224e-06,1.987322000788131e-05,0.49928167041624055,6.935296550282326e-09,0.49928167041624055,2.6320519398807265e-09,0.0014041591461476327,9.805874310262462e-08,2.923868401339643e-07
EFT:1.0104241096782794e-05,2.122547334954209e-06,1.987322000788117e-05,0.499281670416237,6.935296550282277e-09,0.4992816704162441,2.6320519398807075e-09,0.0014041591461476227,9.805874310262393e-08,2.9238684013396224e-07
Random5312
Raw:1.0104241096782867e-05,2.122547334954194e-06,1.9873220007881028e-05,0.49928167041624055,6.935296550282228e-09,0.49928167041624055,2.632051939880689e-09,0.0014041591461476128,9.805874310262462e-08,2.923868401339602e-07
EFT:1.0104241096782794e-05,2.122547334954209e-06,1.987322000788117e-05,0.499281670416237,6.935296550282277e-09,0.4992816704162441,2.6320519398807075e-09,0.0014041591461476227,9.805874310262393e-08,2.9238684013396224e-07
Random5313
Raw:1.0104241096782723e-05,2.122547334954194e-06,1.9873220007881028e-05,0.49928167041624055,6.93529655028213e-09,0.49928167041624055,2.6320519398806513e-09,0.0014041591461476128,9.805874310262323e-08,2.923868401339602e-07
EFT:1.0104241096782794e-05,2.122547334954209e-06,1.987322000788117e-05,0.499281670416237,6.935296550282277e-09,0.4992816704162441,2.6320519398807075e-09,0.0014041591461476227,9.805874310262393e-08,2.9238684013396224e-07
Random5314
Raw:1.0104241096782865e-05,2.122547334954194e-06,1.9873220007881028e-05,0.49928167041623345,6.935296550282327e-09,0.49928167041624766,2.632051939880726e-09,0.0014041591461476126,9.805874310262462e-08,2.9238684013396436e-07
EFT:1.0104241096782794e-05,2.122547334954209e-06,1.987322000788117e-05,0.499281670416237,6.935296550282277e-09,0.4992816704162441,2.6320519398807075e-09,0.0014041591461476227,9.805874310262393e-08,2.9238684013396224e-07
Random5315
Raw:1.0104241096782865e-05,2.122547334954194e-06,1.9873220007881028e-05,0.49928167041623345,6.935296550282228e-09,0.49928167041624766,2.632051939880726e-09,0.0014041591461476327,9.805874310262462e-08,2.923868401339602e-07
EFT:1.0104241096782794e-05,2.122547334954209e-06,1.987322000788117e-05,0.499281670416237,6.935296550282277e-09,0.4992816704162441,2.6320519398807075e-09,0.0014041591461476227,9.805874310262393e-08,2.9238684013396224e-07
Random5316
Raw:1.0104241096782938e-05,2.122547334954209e-06,1.987322000788117e-05,0.499281670416237,6.9352965502823754e-09,0.4992816704162441,2.6320519398807824e-09,0.0014041591461476227,9.805874310262532e-08,2.9238684013396637e-07
EFT:1.0104241096782794e-05,2.122547334954209e-06,1.987322000788117e-05,0.499281670416237,6.935296550282277e-09,0.4992816704162441,2.6320519398807075e-09,0.0014041591461476227,9.805874310262393e-08,2.9238684013396224e-07
Random5317
Raw:1.0104241096782794e-05,2.122547334954209e-06,1.987322000788117e-05,0.499281670416237,6.9352965502821786e-09,0.4992816704162441,2.6320519398807075e-09,0.0014041591461476026,9.805874310262393e-08,2.9238684013396224e-07
EFT:1.0104241096782794e-05,2.122547334954209e-06,1.987322000788117e-05,0.499281670416237,6.935296550282277e-09,0.4992816704162441,2.6320519398807075e-09,0.0014041591461476227,9.805874310262393e-08,2.9238684013396224e-07
Random5318
Raw:1.0104241096782938e-05,2.122547334954209e-06,1.987322000788117e-05,0.499281670416237,6.9352965502823754e-09,0.4992816704162441,2.632051939880745e-09,0.0014041591461476227,9.805874310262393e-08,2.9238684013396637e-07
EFT:1.0104241096782794e-05,2.122547334954209e-06,1.987322000788117e-05,0.499281670416237,6.935296550282277e-09,0.4992816704162441,2.6320519398807075e-09,0.0014041591461476227,9.805874310262393e-08,2.9238684013396224e-07
Random5319
Raw:1.0104241096783009e-05,2.122547334954224e-06,1.987322000788131e-05,0.49928167041623345,6.935296550282327e-09,0.49928167041624766,2.6320519398807638e-09,0.0014041591461476327,9.805874310262601e-08,2.9238684013396436e-07
EFT:1.0104241096782794e-05,2.122547334954209e-06,1.987322000788117e-05,0.499281670416237,6.935296550282277e-09,0.4992816704162441,2.6320519398807075e-09,0.0014041591461476227,9.805874310262393e-08,2.9238684013396224e-07
Random5320
Raw:1.0104241096782867e-05,2.122547334954224e-06,1.987322000788131e-05,0.49928167041624055,6.935296550282326e-09,0.49928167041624055,2.6320519398807265e-09,0.0014041591461476327,9.805874310262462e-08,2.923868401339643e-07
EFT:1.0104241096782794e-05,2.122547334954209e-06,1.987322000788117e-05,0.499281670416237,6.935296550282277e-09,0.4992816704162441,2.6320519398807075e-09,0.0014041591461476227,9.805874310262393e-08,2.9238684013396224e-07
Random5321
Raw:1.0104241096782867e-05,2.122547334954194e-06,1.9873220007881028e-05,0.49928167041624055,6.935296550282228e-09,0.49928167041624055,2.632051939880689e-09,0.0014041591461476128,9.805874310262462e-08,2.923868401339602e-07
EFT:1.0104241096782794e-05,2.122547334954209e-06,1.987322000788117e-05,0.499281670416237,6.935296550282277e-09,0.4992816704162441,2.6320519398807075e-09,0.0014041591461476227,9.805874310262393e-08,2.9238684013396224e-07
Random5322
Raw:1.0104241096782723e-05,2.122547334954194e-06,1.9873220007881028e-05,0.49928167041624055,6.935296550282228e-09,0.49928167041624055,2.6320519398806513e-09,0.0014041591461476327,9.805874310262323e-08,2.923868401339602e-07
EFT:1.0104241096782794e-05,2.122547334954209e-06,1.987322000788117e-05,0.499281670416237,6.935296550282277e-09,0.4992816704162441,2.6320519398807075e-09,0.0014041591461476227,9.805874310262393e-08,2.9238684013396224e-07
Random5323
Raw:1.0104241096782938e-05,2.122547334954209e-06,1.987322000788117e-05,0.499281670416237,6.935296550282277e-09,0.4992816704162441,2.632051939880745e-09,0.0014041591461476227,9.805874310262532e-08,2.9238684013396224e-07
EFT:1.0104241096782794e-05,2.122547334954209e-06,1.987322000788117e-05,0.499281670416237,6.935296550282277e-09,0.4992816704162441,2.6320519398807075e-09,0.0014041591461476227,9.805874310262393e-08,2.9238684013396224e-07
Random5324
Raw:1.0104241096782867e-05,2.122547334954224e-06,1.9873220007881028e-05,0.49928167041624055,6.935296550282326e-09,0.49928167041624055,2.6320519398807265e-09,0.0014041591461476327,9.805874310262602e-08,2.923868401339643e-07
EFT:1.0104241096782794e-05,2.122547334954209e-06,1.987322000788117e-05,0.499281670416237,6.935296550282277e-09,0.4992816704162441,2.6320519398807075e-09,0.0014041591461476227,9.805874310262393e-08,2.9238684013396224e-07
Random5325
Raw:1.0104241096782794e-05,2.122547334954209e-06,1.987322000788117e-05,0.499281670416237,6.935296550282277e-09,0.4992816704162441,2.6320519398807075e-09,0.0014041591461476227,9.805874310262393e-08,2.9238684013396224e-07
EFT:1.0104241096782794e-05,2.122547334954209e-06,1.987322000788117e-05,0.499281670416237,6.935296550282277e-09,0.4992816704162441,2.6320519398807075e-09,0.0014041591461476227,9.805874310262393e-08,2.9238684013396224e-07
Random5326
Raw:1.0104241096782723e-05,2.122547334954194e-06,1.9873220007881028e-05,0.49928167041624055,6.935296550282228e-09,0.49928167041624055,2.6320519398806513e-09,0.0014041591461476128,9.805874310262323e-08,2.923868401339602e-07
EFT:1.0104241096782794e-05,2.122547334954209e-06,1.987322000788117e-05,0.499281670416237,6.935296550282277e-09,0.4992816704162441,2.6320519398807075e-09,0.0014041591461476227,9.805874310262393e-08,2.9238684013396224e-07
Random5327
Raw:1.0104241096782938e-05,2.122547334954239e-06,1.9873220007880885e-05,0.499281670416237,6.935296550282277e-09,0.4992816704162441,2.632051939880745e-09,0.0014041591461476227,9.805874310262532e-08,2.9238684013396224e-07
EFT:1.0104241096782794e-05,2.122547334954209e-06,1.987322000788117e-05,0.499281670416237,6.935296550282277e-09,0.4992816704162441,2.6320519398807075e-09,0.0014041591461476227,9.805874310262393e-08,2.9238684013396224e-07
Random5328
Raw:1.0104241096782938e-05,2.122547334954209e-06,1.987322000788117e-05,0.499281670416237,6.935296550282277e-09,0.4992816704162441,2.632051939880745e-09,0.0014041591461476227,9.805874310262532e-08,2.9238684013396224e-07
EFT:1.0104241096782794e-05,2.122547334954209e-06,1.987322000788117e-05,0.499281670416237,6.935296550282277e-09,0.4992816704162441,2.6320519398807075e-09,0.0014041591461476227,9.805874310262393e-08,2.9238684013396224e-07
Random5329
Raw:1.0104241096782938e-05,2.122547334954209e-06,1.9873220007880885e-05,0.499281670416237,6.935296550282277e-09,0.4992816704162441,2.632051939880745e-09,0.0014041591461476227,9.805874310262532e-08,2.9238684013396224e-07
EFT:1.0104241096782794e-05,2.122547334954209e-06,1.987322000788117e-05,0.499281670416237,6.935296550282277e-09,0.4992816704162441,2.6320519398807075e-09,0.0014041591461476227,9.805874310262393e-08,2.9238684013396224e-07
Random5330
Raw:1.0104241096782938e-05,2.122547334954209e-06,1.987322000788117e-05,0.499281670416237,6.9352965502823754e-09,0.4992816704162441,2.632051939880745e-09,0.0014041591461476227,9.805874310262393e-08,2.9238684013396637e-07
EFT:1.0104241096782794e-05,2.122547334954209e-06,1.987322000788117e-05,0.499281670416237,6.935296550282277e-09,0.4992816704162441,2.6320519398807075e-09,0.0014041591461476227,9.805874310262393e-08,2.9238684013396224e-07
Random5331
Raw:1.0104241096782938e-05,2.122547334954209e-06,1.987322000788117e-05,0.499281670416237,6.935296550282277e-09,0.4992816704162441,2.632051939880745e-09,0.0014041591461476227,9.805874310262532e-08,2.9238684013396224e-07
EFT:1.0104241096782794e-05,2.122547334954209e-06,1.987322000788117e-05,0.499281670416237,6.935296550282277e-09,0.4992816704162441,2.6320519398807075e-09,0.0014041591461476227,9.805874310262393e-08,2.9238684013396224e-07
Random5332
Raw:1.0104241096782867e-05,2.122547334954224e-06,1.987322000788131e-05,0.49928167041624055,6.935296550282326e-09,0.49928167041624055,2.6320519398807265e-09,0.0014041591461476327,9.805874310262462e-08,2.923868401339643e-07
EFT:1.0104241096782794e-05,2.122547334954209e-06,1.987322000788117e-05,0.499281670416237,6.935296550282277e-09,0.4992816704162441,2.6320519398807075e-09,0.0014041591461476227,9.805874310262393e-08,2.9238684013396224e-07
Random5333
Raw:1.0104241096782794e-05,2.122547334954209e-06,1.987322000788117e-05,0.499281670416237,6.935296550282277e-09,0.4992816704162441,2.6320519398807075e-09,0.0014041591461476227,9.805874310262393e-08,2.9238684013396224e-07
EFT:1.0104241096782794e-05,2.122547334954209e-06,1.987322000788117e-05,0.499281670416237,6.935296550282277e-09,0.4992816704162441,2.6320519398807075e-09,0.0014041591461476227,9.805874310262393e-08,2.9238684013396224e-07
Random5334
Raw:1.0104241096782938e-05,2.122547334954209e-06,1.9873220007880885e-05,0.499281670416237,6.935296550282277e-09,0.4992816704162441,2.632051939880745e-09,0.0014041591461476227,9.805874310262532e-08,2.9238684013396224e-07
EFT:1.0104241096782794e-05,2.122547334954209e-06,1.987322000788117e-05,0.499281670416237,6.935296550282277e-09,0.4992816704162441,2.6320519398807075e-09,0.0014041591461476227,9.805874310262393e-08,2.9238684013396224e-07
Random5335
Raw:1.0104241096782867e-05,2.122547334954224e-06,1.9873220007881028e-05,0.49928167041624055,6.935296550282326e-09,0.49928167041624055,2.6320519398807638e-09,0.0014041591461476128,9.805874310262462e-08,2.923868401339643e-07
EFT:1.0104241096782794e-05,2.122547334954209e-06,1.987322000788117e-05,0.499281670416237,6.935296550282277e-09,0.4992816704162441,2.6320519398807075e-09,0.0014041591461476227,9.805874310262393e-08,2.9238684013396224e-07
Random5336
Raw:1.0104241096782867e-05,2.122547334954224e-06,1.9873220007881028e-05,0.49928167041624055,6.935296550282326e-09,0.49928167041624055,2.6320519398807638e-09,0.0014041591461476128,9.805874310262462e-08,2.923868401339643e-07
EFT:1.0104241096782794e-05,2.122547334954209e-06,1.987322000788117e-05,0.499281670416237,6.935296550282277e-09,0.4992816704162441,2.6320519398807075e-09,0.0014041591461476227,9.805874310262393e-08,2.9238684013396224e-07
Random5337
Raw:1.0104241096782938e-05,2.122547334954239e-06,1.987322000788117e-05,0.499281670416237,6.935296550282277e-09,0.4992816704162441,2.632051939880745e-09,0.0014041591461476427,9.805874310262532e-08,2.9238684013396224e-07
EFT:1.0104241096782794e-05,2.122547334954209e-06,1.987322000788117e-05,0.499281670416237,6.935296550282277e-09,0.4992816704162441,2.6320519398807075e-09,0.0014041591461476227,9.805874310262393e-08,2.9238684013396224e-07
Random5338
Raw:1.0104241096782865e-05,2.122547334954194e-06,1.9873220007881028e-05,0.49928167041623345,6.935296550282327e-09,0.49928167041624766,2.632051939880726e-09,0.0014041591461476126,9.805874310262462e-08,2.9238684013396436e-07
EFT:1.0104241096782794e-05,2.122547334954209e-06,1.987322000788117e-05,0.499281670416237,6.935296550282277e-09,0.4992816704162441,2.6320519398807075e-09,0.0014041591461476227,9.805874310262393e-08,2.9238684013396224e-07
Random5339
Raw:1.0104241096782867e-05,2.122547334954194e-06,1.9873220007881028e-05,0.49928167041624055,6.935296550282326e-09,0.49928167041624055,2.6320519398807265e-09,0.0014041591461476128,9.805874310262602e-08,2.923868401339643e-07
EFT:1.0104241096782794e-05,2.122547334954209e-06,1.987322000788117e-05,0.499281670416237,6.935296550282277e-09,0.4992816704162441,2.6320519398807075e-09,0.0014041591461476227,9.805874310262393e-08,2.9238684013396224e-07
Random5340
Raw:1.0104241096782938e-05,2.122547334954239e-06,1.987322000788117e-05,0.499281670416237,6.935296550282277e-09,0.4992816704162441,2.632051939880745e-09,0.0014041591461476427,9.805874310262532e-08,2.9238684013396224e-07
EFT:1.0104241096782794e-05,2.122547334954209e-06,1.987322000788117e-05,0.499281670416237,6.935296550282277e-09,0.4992816704162441,2.6320519398807075e-09,0.0014041591461476227,9.805874310262393e-08,2.9238684013396224e-07
Random5341
Raw:1.0104241096783009e-05,2.122547334954194e-06,1.9873220007881028e-05,0.49928167041623345,6.935296550282327e-09,0.49928167041624766,2.6320519398807638e-09,0.0014041591461476126,9.805874310262601e-08,2.9238684013396436e-07
EFT:1.0104241096782794e-05,2.122547334954209e-06,1.987322000788117e-05,0.499281670416237,6.935296550282277e-09,0.4992816704162441,2.6320519398807075e-09,0.0014041591461476227,9.805874310262393e-08,2.9238684013396224e-07
Random5342
Raw:1.0104241096782938e-05,2.122547334954239e-06,1.987322000788117e-05,0.499281670416237,6.935296550282277e-09,0.4992816704162441,2.632051939880745e-09,0.0014041591461476227,9.805874310262532e-08,2.9238684013396224e-07
EFT:1.0104241096782794e-05,2.122547334954209e-06,1.987322000788117e-05,0.499281670416237,6.935296550282277e-09,0.4992816704162441,2.6320519398807075e-09,0.0014041591461476227,9.805874310262393e-08,2.9238684013396224e-07
Random5343
Raw:1.0104241096783009e-05,2.122547334954224e-06,1.9873220007881028e-05,0.49928167041623345,6.935296550282327e-09,0.49928167041624766,2.6320519398807638e-09,0.0014041591461476327,9.805874310262601e-08,2.9238684013396436e-07
EFT:1.0104241096782794e-05,2.122547334954209e-06,1.987322000788117e-05,0.499281670416237,6.935296550282277e-09,0.4992816704162441,2.6320519398807075e-09,0.0014041591461476227,9.805874310262393e-08,2.9238684013396224e-07
Random5344
Raw:1.0104241096782867e-05,2.122547334954224e-06,1.9873220007881028e-05,0.49928167041624055,6.935296550282326e-09,0.49928167041624055,2.6320519398807265e-09,0.0014041591461476128,9.805874310262462e-08,2.923868401339643e-07
EFT:1.0104241096782794e-05,2.122547334954209e-06,1.987322000788117e-05,0.499281670416237,6.935296550282277e-09,0.4992816704162441,2.6320519398807075e-09,0.0014041591461476227,9.805874310262393e-08,2.9238684013396224e-07
Random5345
Raw:1.0104241096782938e-05,2.122547334954209e-06,1.987322000788117e-05,0.499281670416237,6.9352965502823754e-09,0.4992816704162441,2.632051939880745e-09,0.0014041591461476227,9.805874310262393e-08,2.9238684013396637e-07
EFT:1.0104241096782794e-05,2.122547334954209e-06,1.987322000788117e-05,0.499281670416237,6.935296550282277e-09,0.4992816704162441,2.6320519398807075e-09,0.0014041591461476227,9.805874310262393e-08,2.9238684013396224e-07
Random5346
Raw:1.0104241096782938e-05,2.122547334954239e-06,1.987322000788145e-05,0.4992816704162441,6.9352965502823754e-09,0.499281670416237,2.632051939880745e-09,0.0014041591461476227,9.805874310262532e-08,2.9238684013396637e-07
EFT:1.0104241096782794e-05,2.122547334954209e-06,1.987322000788117e-05,0.499281670416237,6.935296550282277e-09,0.4992816704162441,2.6320519398807075e-09,0.0014041591461476227,9.805874310262393e-08,2.9238684013396224e-07
Random5347
Raw:1.0104241096782867e-05,2.122547334954224e-06,1.9873220007881028e-05,0.49928167041624055,6.935296550282326e-09,0.49928167041624055,2.6320519398807638e-09,0.0014041591461476128,9.805874310262462e-08,2.923868401339643e-07
EFT:1.0104241096782794e-05,2.122547334954209e-06,1.987322000788117e-05,0.499281670416237,6.935296550282277e-09,0.4992816704162441,2.6320519398807075e-09,0.0014041591461476227,9.805874310262393e-08,2.9238684013396224e-07
Random5348
Raw:1.0104241096782938e-05,2.122547334954239e-06,1.987322000788145e-05,0.499281670416237,6.935296550282277e-09,0.4992816704162441,2.632051939880745e-09,0.0014041591461476427,9.805874310262393e-08,2.9238684013396637e-07
EFT:1.0104241096782794e-05,2.122547334954209e-06,1.987322000788117e-05,0.499281670416237,6.935296550282277e-09,0.4992816704162441,2.6320519398807075e-09,0.0014041591461476227,9.805874310262393e-08,2.9238684013396224e-07
Random5349
Raw:1.0104241096782938e-05,2.122547334954239e-06,1.987322000788145e-05,0.499281670416237,6.935296550282277e-09,0.4992816704162441,2.632051939880745e-09,0.0014041591461476427,9.805874310262393e-08,2.9238684013396637e-07
EFT:1.0104241096782794e-05,2.122547334954209e-06,1.987322000788117e-05,0.499281670416237,6.935296550282277e-09,0.4992816704162441,2.6320519398807075e-09,0.0014041591461476227,9.805874310262393e-08,2.9238684013396224e-07
Random5350
Raw:1.0104241096782794e-05,2.122547334954209e-06,1.987322000788117e-05,0.4992816704162441,6.935296550282277e-09,0.499281670416237,2.63205193988067e-09,0.0014041591461476227,9.805874310262393e-08,2.9238684013396224e-07
EFT:1.0104241096782794e-05,2.122547334954209e-06,1.987322000788117e-05,0.499281670416237,6.935296550282277e-09,0.4992816704162441,2.6320519398807075e-09,0.0014041591461476227,9.805874310262393e-08,2.9238684013396224e-07
Random5351
Raw:1.0104241096782865e-05,2.122547334954194e-06,1.9873220007881028e-05,0.49928167041623345,6.935296550282327e-09,0.49928167041624766,2.6320519398807638e-09,0.0014041591461476126,9.805874310262324e-08,2.9238684013396436e-07
EFT:1.0104241096782794e-05,2.122547334954209e-06,1.987322000788117e-05,0.499281670416237,6.935296550282277e-09,0.4992816704162441,2.6320519398807075e-09,0.0014041591461476227,9.805874310262393e-08,2.9238684013396224e-07
Random5352
Raw:1.0104241096782938e-05,2.1225473349541788e-06,1.9873220007880885e-05,0.499281670416237,6.935296550282277e-09,0.4992816704162441,2.632051939880745e-09,0.0014041591461476026,9.805874310262532e-08,2.9238684013396224e-07
EFT:1.0104241096782794e-05,2.122547334954209e-06,1.987322000788117e-05,0.499281670416237,6.935296550282277e-09,0.4992816704162441,2.6320519398807075e-09,0.0014041591461476227,9.805874310262393e-08,2.9238684013396224e-07
Random5353
Raw:1.0104241096782938e-05,2.122547334954209e-06,1.9873220007880885e-05,0.499281670416237,6.935296550282277e-09,0.4992816704162441,2.632051939880745e-09,0.0014041591461476227,9.805874310262532e-08,2.9238684013396224e-07
EFT:1.0104241096782794e-05,2.122547334954209e-06,1.987322000788117e-05,0.499281670416237,6.935296550282277e-09,0.4992816704162441,2.6320519398807075e-09,0.0014041591461476227,9.805874310262393e-08,2.9238684013396224e-07
Random5354
Raw:1.0104241096782794e-05,2.122547334954209e-06,1.987322000788117e-05,0.4992816704162441,6.935296550282277e-09,0.499281670416237,2.63205193988067e-09,0.0014041591461476227,9.805874310262393e-08,2.9238684013396224e-07
EFT:1.0104241096782794e-05,2.122547334954209e-06,1.987322000788117e-05,0.499281670416237,6.935296550282277e-09,0.4992816704162441,2.6320519398807075e-09,0.0014041591461476227,9.805874310262393e-08,2.9238684013396224e-07
Random5355
Raw:1.0104241096782938e-05,2.122547334954239e-06,1.987322000788145e-05,0.499281670416237,6.935296550282277e-09,0.4992816704162441,2.632051939880745e-09,0.0014041591461476427,9.805874310262393e-08,2.9238684013396637e-07
EFT:1.0104241096782794e-05,2.122547334954209e-06,1.987322000788117e-05,0.499281670416237,6.935296550282277e-09,0.4992816704162441,2.6320519398807075e-09,0.0014041591461476227,9.805874310262393e-08,2.9238684013396224e-07
Random5356
Raw:1.0104241096782938e-05,2.122547334954209e-06,1.987322000788117e-05,0.499281670416237,6.9352965502823754e-09,0.4992816704162441,2.6320519398807824e-09,0.0014041591461476227,9.805874310262532e-08,2.9238684013396637e-07
EFT:1.0104241096782794e-05,2.122547334954209e-06,1.987322000788117e-05,0.499281670416237,6.935296550282277e-09,0.4992816704162441,2.6320519398807075e-09,0.0014041591461476227,9.805874310262393e-08,2.9238684013396224e-07
Random5357
Raw:1.0104241096782867e-05,2.122547334954224e-06,1.9873220007881028e-05,0.49928167041624055,6.935296550282326e-09,0.49928167041624055,2.6320519398807638e-09,0.0014041591461476128,9.805874310262462e-08,2.923868401339643e-07
EFT:1.0104241096782794e-05,2.122547334954209e-06,1.987322000788117e-05,0.499281670416237,6.935296550282277e-09,0.4992816704162441,2.6320519398807075e-09,0.0014041591461476227,9.805874310262393e-08,2.9238684013396224e-07
Random5358
Raw:1.0104241096782938e-05,2.122547334954239e-06,1.987322000788117e-05,0.499281670416237,6.935296550282277e-09,0.4992816704162441,2.632051939880745e-09,0.0014041591461476427,9.805874310262393e-08,2.9238684013396637e-07
EFT:1.0104241096782794e-05,2.122547334954209e-06,1.987322000788117e-05,0.499281670416237,6.935296550282277e-09,0.4992816704162441,2.6320519398807075e-09,0.0014041591461476227,9.805874310262393e-08,2.9238684013396224e-07
Random5359
Raw:1.0104241096782867e-05,2.122547334954224e-06,1.9873220007881028e-05,0.49928167041624055,6.935296550282326e-09,0.49928167041624055,2.6320519398807265e-09,0.0014041591461476128,9.805874310262462e-08,2.923868401339643e-07
EFT:1.0104241096782794e-05,2.122547334954209e-06,1.987322000788117e-05,0.499281670416237,6.935296550282277e-09,0.4992816704162441,2.6320519398807075e-09,0.0014041591461476227,9.805874310262393e-08,2.9238684013396224e-07
Random5360
Raw:1.0104241096782865e-05,2.122547334954194e-06,1.9873220007881028e-05,0.49928167041623345,6.935296550282228e-09,0.49928167041624766,2.6320519398807638e-09,0.0014041591461476126,9.805874310262324e-08,2.9238684013396436e-07
EFT:1.0104241096782794e-05,2.122547334954209e-06,1.987322000788117e-05,0.499281670416237,6.935296550282277e-09,0.4992816704162441,2.6320519398807075e-09,0.0014041591461476227,9.805874310262393e-08,2.9238684013396224e-07
Random5361
Raw:1.0104241096782938e-05,2.122547334954239e-06,1.987322000788117e-05,0.499281670416237,6.9352965502823754e-09,0.4992816704162441,2.6320519398807824e-09,0.0014041591461476227,9.805874310262532e-08,2.9238684013396637e-07
EFT:1.0104241096782794e-05,2.122547334954209e-06,1.987322000788117e-05,0.499281670416237,6.935296550282277e-09,0.4992816704162441,2.6320519398807075e-09,0.0014041591461476227,9.805874310262393e-08,2.9238684013396224e-07
Random5362
Raw:1.0104241096782938e-05,2.122547334954209e-06,1.987322000788117e-05,0.499281670416237,6.9352965502823754e-09,0.4992816704162441,2.632051939880745e-09,0.0014041591461476227,9.805874310262532e-08,2.9238684013396637e-07
EFT:1.0104241096782794e-05,2.122547334954209e-06,1.987322000788117e-05,0.499281670416237,6.935296550282277e-09,0.4992816704162441,2.6320519398807075e-09,0.0014041591461476227,9.805874310262393e-08,2.9238684013396224e-07
Random5363
Raw:1.0104241096782794e-05,2.122547334954209e-06,1.987322000788117e-05,0.499281670416237,6.935296550282277e-09,0.4992816704162441,2.632051939880745e-09,0.0014041591461476227,9.805874310262254e-08,2.9238684013396224e-07
EFT:1.0104241096782794e-05,2.122547334954209e-06,1.987322000788117e-05,0.499281670416237,6.935296550282277e-09,0.4992816704162441,2.6320519398807075e-09,0.0014041591461476227,9.805874310262393e-08,2.9238684013396224e-07
Random5364
Raw:1.0104241096782867e-05,2.122547334954194e-06,1.9873220007881028e-05,0.49928167041624055,6.935296550282326e-09,0.49928167041624055,2.6320519398807265e-09,0.0014041591461476128,9.805874310262323e-08,2.923868401339643e-07
EFT:1.0104241096782794e-05,2.122547334954209e-06,1.987322000788117e-05,0.499281670416237,6.935296550282277e-09,0.4992816704162441,2.6320519398807075e-09,0.0014041591461476227,9.805874310262393e-08,2.9238684013396224e-07
Random5365
Raw:1.0104241096782938e-05,2.1225473349541788e-06,1.9873220007880885e-05,0.4992816704162299,6.935296550282277e-09,0.49928167041625116,2.632051939880745e-09,0.0014041591461476225,9.805874310262393e-08,2.9238684013396224e-07
EFT:1.0104241096782794e-05,2.122547334954209e-06,1.987322000788117e-05,0.499281670416237,6.935296550282277e-09,0.4992816704162441,2.6320519398807075e-09,0.0014041591461476227,9.805874310262393e-08,2.9238684013396224e-07
Random5366
Raw:1.0104241096782938e-05,2.122547334954239e-06,1.987322000788145e-05,0.499281670416237,6.935296550282277e-09,0.4992816704162441,2.632051939880745e-09,0.0014041591461476427,9.805874310262393e-08,2.9238684013396637e-07
EFT:1.0104241096782794e-05,2.122547334954209e-06,1.987322000788117e-05,0.499281670416237,6.935296550282277e-09,0.4992816704162441,2.6320519398807075e-09,0.0014041591461476227,9.805874310262393e-08,2.9238684013396224e-07
Random5367
Raw:1.0104241096782938e-05,2.122547334954209e-06,1.987322000788117e-05,0.499281670416237,6.9352965502823754e-09,0.4992816704162441,2.632051939880745e-09,0.0014041591461476227,9.805874310262393e-08,2.9238684013396637e-07
EFT:1.0104241096782794e-05,2.122547334954209e-06,1.987322000788117e-05,0.499281670416237,6.935296550282277e-09,0.4992816704162441,2.6320519398807075e-09,0.0014041591461476227,9.805874310262393e-08,2.9238684013396224e-07
Random5368
Raw:1.0104241096783009e-05,2.122547334954194e-06,1.9873220007881028e-05,0.49928167041623345,6.935296550282327e-09,0.49928167041624766,2.6320519398807638e-09,0.0014041591461476126,9.805874310262601e-08,2.9238684013396436e-07
EFT:1.0104241096782794e-05,2.122547334954209e-06,1.987322000788117e-05,0.499281670416237,6.935296550282277e-09,0.4992816704162441,2.6320519398807075e-09,0.0014041591461476227,9.805874310262393e-08,2.9238684013396224e-07
Random5369
Raw:1.0104241096782794e-05,2.122547334954209e-06,1.987322000788117e-05,0.499281670416237,6.935296550282277e-09,0.4992816704162441,2.6320519398807075e-09,0.0014041591461476026,9.805874310262393e-08,2.9238684013396224e-07
EFT:1.0104241096782794e-05,2.122547334954209e-06,1.987322000788117e-05,0.499281670416237,6.935296550282277e-09,0.4992816704162441,2.6320519398807075e-09,0.0014041591461476227,9.805874310262393e-08,2.9238684013396224e-07
Random5370
Raw:1.0104241096782865e-05,2.122547334954194e-06,1.9873220007881028e-05,0.49928167041623345,6.935296550282228e-09,0.49928167041624766,2.632051939880726e-09,0.0014041591461476126,9.805874310262462e-08,2.9238684013396436e-07
EFT:1.0104241096782794e-05,2.122547334954209e-06,1.987322000788117e-05,0.499281670416237,6.935296550282277e-09,0.4992816704162441,2.6320519398807075e-09,0.0014041591461476227,9.805874310262393e-08,2.9238684013396224e-07
Random5371
Raw:1.0104241096782938e-05,2.122547334954209e-06,1.987322000788117e-05,0.499281670416237,6.9352965502823754e-09,0.4992816704162441,2.632051939880745e-09,0.0014041591461476227,9.805874310262393e-08,2.9238684013396637e-07
EFT:1.0104241096782794e-05,2.122547334954209e-06,1.987322000788117e-05,0.499281670416237,6.935296550282277e-09,0.4992816704162441,2.6320519398807075e-09,0.0014041591461476227,9.805874310262393e-08,2.9238684013396224e-07
Random5372
Raw:1.0104241096783009e-05,2.122547334954224e-06,1.987322000788131e-05,0.49928167041623345,6.935296550282424e-09,0.49928167041624766,2.6320519398807638e-09,0.0014041591461476327,9.805874310262601e-08,2.923868401339685e-07
EFT:1.0104241096782794e-05,2.122547334954209e-06,1.987322000788117e-05,0.499281670416237,6.935296550282277e-09,0.4992816704162441,2.6320519398807075e-09,0.0014041591461476227,9.805874310262393e-08,2.9238684013396224e-07
Random5373
Raw:1.0104241096782938e-05,2.122547334954239e-06,1.9873220007880885e-05,0.499281670416237,6.935296550282277e-09,0.4992816704162441,2.632051939880745e-09,0.0014041591461476227,9.805874310262532e-08,2.9238684013396224e-07
EFT:1.0104241096782794e-05,2.122547334954209e-06,1.987322000788117e-05,0.499281670416237,6.935296550282277e-09,0.4992816704162441,2.6320519398807075e-09,0.0014041591461476227,9.805874310262393e-08,2.9238684013396224e-07
Random5374
Raw:1.0104241096782867e-05,2.122547334954224e-06,1.987322000788131e-05,0.49928167041624055,6.935296550282326e-09,0.49928167041624055,2.6320519398807265e-09,0.0014041591461476327,9.805874310262602e-08,2.923868401339643e-07
EFT:1.0104241096782794e-05,2.122547334954209e-06,1.987322000788117e-05,0.499281670416237,6.935296550282277e-09,0.4992816704162441,2.6320519398807075e-09,0.0014041591461476227,9.805874310262393e-08,2.9238684013396224e-07
Random5375
Raw:1.0104241096782938e-05,2.122547334954209e-06,1.987322000788117e-05,0.499281670416237,6.935296550282277e-09,0.4992816704162441,2.632051939880745e-09,0.0014041591461476427,9.805874310262393e-08,2.9238684013396224e-07
EFT:1.0104241096782794e-05,2.122547334954209e-06,1.987322000788117e-05,0.499281670416237,6.935296550282277e-09,0.4992816704162441,2.6320519398807075e-09,0.0014041591461476227,9.805874310262393e-08,2.9238684013396224e-07
Random5376
Raw:1.0104241096782938e-05,2.1225473349541788e-06,1.9873220007880885e-05,0.499281670416237,6.935296550282277e-09,0.4992816704162441,2.632051939880745e-09,0.0014041591461476026,9.805874310262532e-08,2.9238684013396224e-07
EFT:1.0104241096782794e-05,2.122547334954209e-06,1.987322000788117e-05,0.499281670416237,6.935296550282277e-09,0.4992816704162441,2.6320519398807075e-09,0.0014041591461476227,9.805874310262393e-08,2.9238684013396224e-07
Random5377
Raw:1.0104241096782938e-05,2.122547334954239e-06,1.9873220007880885e-05,0.499281670416237,6.935296550282277e-09,0.4992816704162441,2.632051939880745e-09,0.0014041591461476227,9.805874310262532e-08,2.9238684013396224e-07
EFT:1.0104241096782794e-05,2.122547334954209e-06,1.987322000788117e-05,0.499281670416237,6.935296550282277e-09,0.4992816704162441,2.6320519398807075e-09,0.0014041591461476227,9.805874310262393e-08,2.9238684013396224e-07
Random5378
Raw:1.0104241096782938e-05,2.122547334954209e-06,1.987322000788117e-05,0.499281670416237,6.9352965502823754e-09,0.4992816704162441,2.632051939880745e-09,0.0014041591461476227,9.805874310262672e-08,2.9238684013396637e-07
EFT:1.0104241096782794e-05,2.122547334954209e-06,1.987322000788117e-05,0.499281670416237,6.935296550282277e-09,0.4992816704162441,2.6320519398807075e-09,0.0014041591461476227,9.805874310262393e-08,2.9238684013396224e-07
Random5379
Raw:1.0104241096782794e-05,2.122547334954209e-06,1.987322000788117e-05,0.499281670416237,6.9352965502821786e-09,0.4992816704162441,2.6320519398807075e-09,0.0014041591461476026,9.805874310262393e-08,2.9238684013396224e-07
EFT:1.0104241096782794e-05,2.122547334954209e-06,1.987322000788117e-05,0.499281670416237,6.935296550282277e-09,0.4992816704162441,2.6320519398807075e-09,0.0014041591461476227,9.805874310262393e-08,2.9238684013396224e-07
Random5380
Raw:1.0104241096782938e-05,2.122547334954239e-06,1.987322000788145e-05,0.499281670416237,6.935296550282277e-09,0.4992816704162441,2.632051939880745e-09,0.0014041591461476427,9.805874310262393e-08,2.9238684013396637e-07
EFT:1.0104241096782794e-05,2.122547334954209e-06,1.987322000788117e-05,0.499281670416237,6.935296550282277e-09,0.4992816704162441,2.6320519398807075e-09,0.0014041591461476227,9.805874310262393e-08,2.9238684013396224e-07
Random5381
Raw:1.0104241096782867e-05,2.122547334954224e-06,1.987322000788131e-05,0.49928167041624055,6.935296550282326e-09,0.49928167041624055,2.6320519398807638e-09,0.0014041591461476327,9.805874310262462e-08,2.923868401339643e-07
EFT:1.0104241096782794e-05,2.122547334954209e-06,1.987322000788117e-05,0.499281670416237,6.935296550282277e-09,0.4992816704162441,2.6320519398807075e-09,0.0014041591461476227,9.805874310262393e-08,2.9238684013396224e-07
Random5382
Raw:1.0104241096782938e-05,2.1225473349541788e-06,1.9873220007880885e-05,0.499281670416237,6.935296550282277e-09,0.4992816704162441,2.632051939880745e-09,0.0014041591461476026,9.805874310262532e-08,2.9238684013396224e-07
EFT:1.0104241096782794e-05,2.122547334954209e-06,1.987322000788117e-05,0.499281670416237,6.935296550282277e-09,0.4992816704162441,2.6320519398807075e-09,0.0014041591461476227,9.805874310262393e-08,2.9238684013396224e-07
Random5383
Raw:1.0104241096782867e-05,2.122547334954224e-06,1.9873220007881028e-05,0.49928167041624055,6.935296550282326e-09,0.49928167041624055,2.6320519398807265e-09,0.0014041591461476128,9.805874310262462e-08,2.923868401339643e-07
EFT:1.0104241096782794e-05,2.122547334954209e-06,1.987322000788117e-05,0.499281670416237,6.935296550282277e-09,0.4992816704162441,2.6320519398807075e-09,0.0014041591461476227,9.805874310262393e-08,2.9238684013396224e-07
Random5384
Raw:1.0104241096782938e-05,2.122547334954209e-06,1.9873220007880885e-05,0.499281670416237,6.935296550282277e-09,0.4992816704162441,2.632051939880745e-09,0.0014041591461476227,9.805874310262393e-08,2.9238684013396224e-07
EFT:1.0104241096782794e-05,2.122547334954209e-06,1.987322000788117e-05,0.499281670416237,6.935296550282277e-09,0.4992816704162441,2.6320519398807075e-09,0.0014041591461476227,9.805874310262393e-08,2.9238684013396224e-07
Random5385
Raw:1.0104241096782865e-05,2.122547334954194e-06,1.9873220007881028e-05,0.49928167041623345,6.935296550282228e-09,0.49928167041624766,2.632051939880726e-09,0.0014041591461476327,9.805874310262184e-08,2.923868401339602e-07
EFT:1.0104241096782794e-05,2.122547334954209e-06,1.987322000788117e-05,0.499281670416237,6.935296550282277e-09,0.4992816704162441,2.6320519398807075e-09,0.0014041591461476227,9.805874310262393e-08,2.9238684013396224e-07
Random5386
Raw:1.0104241096782938e-05,2.122547334954209e-06,1.987322000788117e-05,0.499281670416237,6.9352965502823754e-09,0.4992816704162441,2.632051939880745e-09,0.0014041591461476227,9.805874310262672e-08,2.9238684013396637e-07
EFT:1.0104241096782794e-05,2.122547334954209e-06,1.987322000788117e-05,0.499281670416237,6.935296550282277e-09,0.4992816704162441,2.6320519398807075e-09,0.0014041591461476227,9.805874310262393e-08,2.9238684013396224e-07
Random5387
Raw:1.0104241096782938e-05,2.122547334954239e-06,1.987322000788145e-05,0.499281670416237,6.935296550282277e-09,0.4992816704162441,2.632051939880745e-09,0.0014041591461476427,9.805874310262532e-08,2.9238684013396224e-07
EFT:1.0104241096782794e-05,2.122547334954209e-06,1.987322000788117e-05,0.499281670416237,6.935296550282277e-09,0.4992816704162441,2.6320519398807075e-09,0.0014041591461476227,9.805874310262393e-08,2.9238684013396224e-07
Random5388
Raw:1.0104241096782865e-05,2.122547334954194e-06,1.9873220007881028e-05,0.49928167041623345,6.935296550282228e-09,0.49928167041624766,2.632051939880726e-09,0.0014041591461476126,9.805874310262462e-08,2.9238684013396436e-07
EFT:1.0104241096782794e-05,2.122547334954209e-06,1.987322000788117e-05,0.499281670416237,6.935296550282277e-09,0.4992816704162441,2.6320519398807075e-09,0.0014041591461476227,9.805874310262393e-08,2.9238684013396224e-07
Random5389
Raw:1.0104241096782938e-05,2.122547334954209e-06,1.987322000788117e-05,0.499281670416237,6.935296550282277e-09,0.4992816704162441,2.632051939880745e-09,0.0014041591461476227,9.805874310262532e-08,2.9238684013396224e-07
EFT:1.0104241096782794e-05,2.122547334954209e-06,1.987322000788117e-05,0.499281670416237,6.935296550282277e-09,0.4992816704162441,2.6320519398807075e-09,0.0014041591461476227,9.805874310262393e-08,2.9238684013396224e-07
Random5390
Raw:1.0104241096783009e-05,2.122547334954194e-06,1.9873220007881028e-05,0.49928167041623345,6.935296550282327e-09,0.49928167041624766,2.6320519398807638e-09,0.0014041591461476126,9.805874310262601e-08,2.9238684013396436e-07
EFT:1.0104241096782794e-05,2.122547334954209e-06,1.987322000788117e-05,0.499281670416237,6.935296550282277e-09,0.4992816704162441,2.6320519398807075e-09,0.0014041591461476227,9.805874310262393e-08,2.9238684013396224e-07
Random5391
Raw:1.0104241096782794e-05,2.122547334954209e-06,1.987322000788117e-05,0.499281670416237,6.9352965502821786e-09,0.4992816704162441,2.6320519398807075e-09,0.0014041591461476227,9.805874310262393e-08,2.9238684013396224e-07
EFT:1.0104241096782794e-05,2.122547334954209e-06,1.987322000788117e-05,0.499281670416237,6.935296550282277e-09,0.4992816704162441,2.6320519398807075e-09,0.0014041591461476227,9.805874310262393e-08,2.9238684013396224e-07
Random5392
Raw:1.0104241096782867e-05,2.122547334954224e-06,1.987322000788131e-05,0.49928167041624055,6.935296550282326e-09,0.49928167041624055,2.6320519398807265e-09,0.0014041591461476327,9.805874310262323e-08,2.923868401339643e-07
EFT:1.0104241096782794e-05,2.122547334954209e-06,1.987322000788117e-05,0.499281670416237,6.935296550282277e-09,0.4992816704162441,2.6320519398807075e-09,0.0014041591461476227,9.805874310262393e-08,2.9238684013396224e-07
Random5393
Raw:1.0104241096782938e-05,2.122547334954239e-06,1.987322000788117e-05,0.499281670416237,6.935296550282277e-09,0.4992816704162441,2.632051939880745e-09,0.0014041591461476427,9.805874310262532e-08,2.9238684013396224e-07
EFT:1.0104241096782794e-05,2.122547334954209e-06,1.987322000788117e-05,0.499281670416237,6.935296550282277e-09,0.4992816704162441,2.6320519398807075e-09,0.0014041591461476227,9.805874310262393e-08,2.9238684013396224e-07
Random5394
Raw:1.0104241096782867e-05,2.122547334954194e-06,1.9873220007881028e-05,0.49928167041624055,6.935296550282326e-09,0.49928167041624055,2.6320519398807265e-09,0.0014041591461476128,9.805874310262323e-08,2.923868401339643e-07
EFT:1.0104241096782794e-05,2.122547334954209e-06,1.987322000788117e-05,0.499281670416237,6.935296550282277e-09,0.4992816704162441,2.6320519398807075e-09,0.0014041591461476227,9.805874310262393e-08,2.9238684013396224e-07
Random5395
Raw:1.0104241096783009e-05,2.122547334954224e-06,1.987322000788131e-05,0.49928167041623345,6.935296550282327e-09,0.49928167041624766,2.6320519398807638e-09,0.0014041591461476327,9.805874310262462e-08,2.923868401339685e-07
EFT:1.0104241096782794e-05,2.122547334954209e-06,1.987322000788117e-05,0.499281670416237,6.935296550282277e-09,0.4992816704162441,2.6320519398807075e-09,0.0014041591461476227,9.805874310262393e-08,2.9238684013396224e-07
Random5396
Raw:1.0104241096782938e-05,2.122547334954239e-06,1.9873220007880885e-05,0.499281670416237,6.935296550282277e-09,0.4992816704162441,2.632051939880745e-09,0.0014041591461476227,9.805874310262532e-08,2.9238684013396224e-07
EFT:1.0104241096782794e-05,2.122547334954209e-06,1.987322000788117e-05,0.499281670416237,6.935296550282277e-09,0.4992816704162441,2.6320519398807075e-09,0.0014041591461476227,9.805874310262393e-08,2.9238684013396224e-07
Random5397
Raw:1.0104241096782938e-05,2.122547334954239e-06,1.987322000788145e-05,0.4992816704162441,6.9352965502823754e-09,0.499281670416237,2.632051939880745e-09,0.0014041591461476427,9.805874310262532e-08,2.9238684013396637e-07
EFT:1.0104241096782794e-05,2.122547334954209e-06,1.987322000788117e-05,0.499281670416237,6.935296550282277e-09,0.4992816704162441,2.6320519398807075e-09,0.0014041591461476227,9.805874310262393e-08,2.9238684013396224e-07
Random5398
Raw:1.0104241096782794e-05,2.122547334954209e-06,1.987322000788117e-05,0.499281670416237,6.935296550282277e-09,0.4992816704162441,2.6320519398807075e-09,0.0014041591461476227,9.805874310262393e-08,2.9238684013396224e-07
EFT:1.0104241096782794e-05,2.122547334954209e-06,1.987322000788117e-05,0.499281670416237,6.935296550282277e-09,0.4992816704162441,2.6320519398807075e-09,0.0014041591461476227,9.805874310262393e-08,2.9238684013396224e-07
Random5399
Raw:1.0104241096782938e-05,2.122547334954209e-06,1.987322000788117e-05,0.499281670416237,6.9352965502823754e-09,0.4992816704162441,2.632051939880745e-09,0.0014041591461476227,9.805874310262532e-08,2.9238684013396637e-07
EFT:1.0104241096782794e-05,2.122547334954209e-06,1.987322000788117e-05,0.499281670416237,6.935296550282277e-09,0.4992816704162441,2.6320519398807075e-09,0.0014041591461476227,9.805874310262393e-08,2.9238684013396224e-07
Random5400
Raw:1.0104241096782794e-05,2.122547334954209e-06,1.987322000788117e-05,0.499281670416237,6.935296550282277e-09,0.4992816704162441,2.6320519398807075e-09,0.0014041591461476227,9.805874310262393e-08,2.9238684013396224e-07
EFT:1.0104241096782794e-05,2.122547334954209e-06,1.987322000788117e-05,0.499281670416237,6.935296550282277e-09,0.4992816704162441,2.6320519398807075e-09,0.0014041591461476227,9.805874310262393e-08,2.9238684013396224e-07
Random5401
Raw:1.0104241096782938e-05,2.122547334954209e-06,1.987322000788117e-05,0.499281670416237,6.935296550282277e-09,0.4992816704162441,2.632051939880745e-09,0.0014041591461476427,9.805874310262393e-08,2.9238684013396224e-07
EFT:1.0104241096782794e-05,2.122547334954209e-06,1.987322000788117e-05,0.499281670416237,6.935296550282277e-09,0.4992816704162441,2.6320519398807075e-09,0.0014041591461476227,9.805874310262393e-08,2.9238684013396224e-07
Random5402
Raw:1.0104241096783009e-05,2.122547334954224e-06,1.9873220007881028e-05,0.49928167041623345,6.935296550282327e-09,0.49928167041624766,2.6320519398807638e-09,0.0014041591461476327,9.805874310262601e-08,2.9238684013396436e-07
EFT:1.0104241096782794e-05,2.122547334954209e-06,1.987322000788117e-05,0.499281670416237,6.935296550282277e-09,0.4992816704162441,2.6320519398807075e-09,0.0014041591461476227,9.805874310262393e-08,2.9238684013396224e-07
Random5403
Raw:1.0104241096782794e-05,2.122547334954209e-06,1.987322000788117e-05,0.499281670416237,6.9352965502821786e-09,0.4992816704162441,2.632051939880745e-09,0.0014041591461476227,9.805874310262254e-08,2.9238684013396224e-07
EFT:1.0104241096782794e-05,2.122547334954209e-06,1.987322000788117e-05,0.499281670416237,6.935296550282277e-09,0.4992816704162441,2.6320519398807075e-09,0.0014041591461476227,9.805874310262393e-08,2.9238684013396224e-07
Random5404
Raw:1.0104241096782938e-05,2.122547334954209e-06,1.987322000788117e-05,0.499281670416237,6.9352965502823754e-09,0.4992816704162441,2.632051939880745e-09,0.0014041591461476227,9.805874310262532e-08,2.9238684013396637e-07
EFT:1.0104241096782794e-05,2.122547334954209e-06,1.987322000788117e-05,0.499281670416237,6.935296550282277e-09,0.4992816704162441,2.6320519398807075e-09,0.0014041591461476227,9.805874310262393e-08,2.9238684013396224e-07
Random5405
Raw:1.0104241096782938e-05,2.122547334954239e-06,1.987322000788117e-05,0.499281670416237,6.935296550282277e-09,0.4992816704162441,2.632051939880745e-09,0.0014041591461476427,9.805874310262532e-08,2.9238684013396224e-07
EFT:1.0104241096782794e-05,2.122547334954209e-06,1.987322000788117e-05,0.499281670416237,6.935296550282277e-09,0.4992816704162441,2.6320519398807075e-09,0.0014041591461476227,9.805874310262393e-08,2.9238684013396224e-07
Random5406
Raw:1.0104241096782867e-05,2.122547334954224e-06,1.987322000788131e-05,0.49928167041624055,6.935296550282326e-09,0.49928167041624055,2.6320519398807265e-09,0.0014041591461476128,9.805874310262462e-08,2.923868401339643e-07
EFT:1.0104241096782794e-05,2.122547334954209e-06,1.987322000788117e-05,0.499281670416237,6.935296550282277e-09,0.4992816704162441,2.6320519398807075e-09,0.0014041591461476227,9.805874310262393e-08,2.9238684013396224e-07
Random5407
Raw:1.0104241096783009e-05,2.122547334954224e-06,1.9873220007881028e-05,0.49928167041623345,6.935296550282327e-09,0.49928167041624766,2.6320519398807638e-09,0.0014041591461476327,9.805874310262601e-08,2.9238684013396436e-07
EFT:1.0104241096782794e-05,2.122547334954209e-06,1.987322000788117e-05,0.499281670416237,6.935296550282277e-09,0.4992816704162441,2.6320519398807075e-09,0.0014041591461476227,9.805874310262393e-08,2.9238684013396224e-07
Random5408
Raw:1.0104241096782865e-05,2.122547334954194e-06,1.9873220007881028e-05,0.49928167041623345,6.935296550282228e-09,0.49928167041624766,2.6320519398807638e-09,0.0014041591461476126,9.805874310262324e-08,2.9238684013396436e-07
EFT:1.0104241096782794e-05,2.122547334954209e-06,1.987322000788117e-05,0.499281670416237,6.935296550282277e-09,0.4992816704162441,2.6320519398807075e-09,0.0014041591461476227,9.805874310262393e-08,2.9238684013396224e-07
Random5409
Raw:1.0104241096782867e-05,2.122547334954224e-06,1.9873220007881028e-05,0.49928167041624055,6.935296550282326e-09,0.49928167041624055,2.6320519398807265e-09,0.0014041591461476128,9.805874310262462e-08,2.923868401339643e-07
EFT:1.0104241096782794e-05,2.122547334954209e-06,1.987322000788117e-05,0.499281670416237,6.935296550282277e-09,0.4992816704162441,2.6320519398807075e-09,0.0014041591461476227,9.805874310262393e-08,2.9238684013396224e-07
Random5410
Raw:1.0104241096783009e-05,2.122547334954194e-06,1.9873220007881028e-05,0.49928167041623345,6.935296550282327e-09,0.49928167041624766,2.6320519398807638e-09,0.0014041591461476126,9.805874310262601e-08,2.9238684013396436e-07
EFT:1.0104241096782794e-05,2.122547334954209e-06,1.987322000788117e-05,0.499281670416237,6.935296550282277e-09,0.4992816704162441,2.6320519398807075e-09,0.0014041591461476227,9.805874310262393e-08,2.9238684013396224e-07
Random5411
Raw:1.0104241096782938e-05,2.122547334954209e-06,1.9873220007880885e-05,0.499281670416237,6.935296550282277e-09,0.4992816704162441,2.632051939880745e-09,0.0014041591461476227,9.805874310262532e-08,2.9238684013396224e-07
EFT:1.0104241096782794e-05,2.122547334954209e-06,1.987322000788117e-05,0.499281670416237,6.935296550282277e-09,0.4992816704162441,2.6320519398807075e-09,0.0014041591461476227,9.805874310262393e-08,2.9238684013396224e-07
Random5412
Raw:1.0104241096782938e-05,2.1225473349541788e-06,1.9873220007880885e-05,0.4992816704162299,6.935296550282277e-09,0.49928167041625116,2.632051939880745e-09,0.0014041591461476225,9.805874310262532e-08,2.9238684013396224e-07
EFT:1.0104241096782794e-05,2.122547334954209e-06,1.987322000788117e-05,0.499281670416237,6.935296550282277e-09,0.4992816704162441,2.6320519398807075e-09,0.0014041591461476227,9.805874310262393e-08,2.9238684013396224e-07
Random5413
Raw:1.0104241096782938e-05,2.122547334954209e-06,1.987322000788117e-05,0.499281670416237,6.9352965502823754e-09,0.4992816704162441,2.632051939880745e-09,0.0014041591461476227,9.805874310262532e-08,2.9238684013396637e-07
EFT:1.0104241096782794e-05,2.122547334954209e-06,1.987322000788117e-05,0.499281670416237,6.935296550282277e-09,0.4992816704162441,2.6320519398807075e-09,0.0014041591461476227,9.805874310262393e-08,2.9238684013396224e-07
Random5414
Raw:1.0104241096782867e-05,2.122547334954224e-06,1.987322000788131e-05,0.49928167041624055,6.935296550282326e-09,0.49928167041624055,2.6320519398807265e-09,0.0014041591461476327,9.805874310262602e-08,2.923868401339643e-07
EFT:1.0104241096782794e-05,2.122547334954209e-06,1.987322000788117e-05,0.499281670416237,6.935296550282277e-09,0.4992816704162441,2.6320519398807075e-09,0.0014041591461476227,9.805874310262393e-08,2.9238684013396224e-07
Random5415
Raw:1.0104241096783009e-05,2.122547334954224e-06,1.9873220007881028e-05,0.49928167041623345,6.935296550282327e-09,0.49928167041624766,2.6320519398807638e-09,0.0014041591461476327,9.805874310262601e-08,2.9238684013396436e-07
EFT:1.0104241096782794e-05,2.122547334954209e-06,1.987322000788117e-05,0.499281670416237,6.935296550282277e-09,0.4992816704162441,2.6320519398807075e-09,0.0014041591461476227,9.805874310262393e-08,2.9238684013396224e-07
Random5416
Raw:1.0104241096782867e-05,2.122547334954194e-06,1.9873220007881028e-05,0.49928167041624055,6.935296550282326e-09,0.49928167041624055,2.6320519398807265e-09,0.0014041591461476128,9.805874310262323e-08,2.923868401339643e-07
EFT:1.0104241096782794e-05,2.122547334954209e-06,1.987322000788117e-05,0.499281670416237,6.935296550282277e-09,0.4992816704162441,2.6320519398807075e-09,0.0014041591461476227,9.805874310262393e-08,2.9238684013396224e-07
Random5417
Raw:1.0104241096782938e-05,2.122547334954209e-06,1.987322000788117e-05,0.499281670416237,6.935296550282277e-09,0.4992816704162441,2.632051939880745e-09,0.0014041591461476427,9.805874310262393e-08,2.9238684013396224e-07
EFT:1.0104241096782794e-05,2.122547334954209e-06,1.987322000788117e-05,0.499281670416237,6.935296550282277e-09,0.4992816704162441,2.6320519398807075e-09,0.0014041591461476227,9.805874310262393e-08,2.9238684013396224e-07
Random5418
Raw:1.0104241096782794e-05,2.122547334954209e-06,1.987322000788117e-05,0.499281670416237,6.935296550282277e-09,0.4992816704162441,2.632051939880745e-09,0.0014041591461476227,9.805874310262254e-08,2.9238684013396224e-07
EFT:1.0104241096782794e-05,2.122547334954209e-06,1.987322000788117e-05,0.499281670416237,6.935296550282277e-09,0.4992816704162441,2.6320519398807075e-09,0.0014041591461476227,9.805874310262393e-08,2.9238684013396224e-07
Random5419
Raw:1.0104241096782794e-05,2.122547334954209e-06,1.987322000788117e-05,0.499281670416237,6.935296550282277e-09,0.4992816704162441,2.6320519398807075e-09,0.0014041591461476227,9.805874310262393e-08,2.9238684013396224e-07
EFT:1.0104241096782794e-05,2.122547334954209e-06,1.987322000788117e-05,0.499281670416237,6.935296550282277e-09,0.4992816704162441,2.6320519398807075e-09,0.0014041591461476227,9.805874310262393e-08,2.9238684013396224e-07
Random5420
Raw:1.0104241096782938e-05,2.122547334954209e-06,1.987322000788117e-05,0.499281670416237,6.935296550282277e-09,0.4992816704162441,2.632051939880745e-09,0.0014041591461476227,9.805874310262532e-08,2.9238684013396224e-07
EFT:1.0104241096782794e-05,2.122547334954209e-06,1.987322000788117e-05,0.499281670416237,6.935296550282277e-09,0.4992816704162441,2.6320519398807075e-09,0.0014041591461476227,9.805874310262393e-08,2.9238684013396224e-07
Random5421
Raw:1.0104241096782938e-05,2.122547334954239e-06,1.9873220007880885e-05,0.499281670416237,6.935296550282277e-09,0.4992816704162441,2.632051939880745e-09,0.0014041591461476227,9.805874310262532e-08,2.9238684013396224e-07
EFT:1.0104241096782794e-05,2.122547334954209e-06,1.987322000788117e-05,0.499281670416237,6.935296550282277e-09,0.4992816704162441,2.6320519398807075e-09,0.0014041591461476227,9.805874310262393e-08,2.9238684013396224e-07
Random5422
Raw:1.0104241096782867e-05,2.122547334954224e-06,1.9873220007881028e-05,0.49928167041624055,6.935296550282326e-09,0.49928167041624055,2.6320519398807265e-09,0.0014041591461476327,9.805874310262602e-08,2.923868401339643e-07
EFT:1.0104241096782794e-05,2.122547334954209e-06,1.987322000788117e-05,0.499281670416237,6.935296550282277e-09,0.4992816704162441,2.6320519398807075e-09,0.0014041591461476227,9.805874310262393e-08,2.9238684013396224e-07
Random5423
Raw:1.0104241096782867e-05,2.122547334954194e-06,1.9873220007881028e-05,0.49928167041624055,6.935296550282326e-09,0.49928167041624055,2.6320519398807265e-09,0.0014041591461476128,9.805874310262602e-08,2.923868401339643e-07
EFT:1.0104241096782794e-05,2.122547334954209e-06,1.987322000788117e-05,0.499281670416237,6.935296550282277e-09,0.4992816704162441,2.6320519398807075e-09,0.0014041591461476227,9.805874310262393e-08,2.9238684013396224e-07
Random5424
Raw:1.0104241096782938e-05,2.122547334954209e-06,1.9873220007880885e-05,0.499281670416237,6.935296550282277e-09,0.4992816704162441,2.632051939880745e-09,0.0014041591461476227,9.805874310262393e-08,2.9238684013396224e-07
EFT:1.0104241096782794e-05,2.122547334954209e-06,1.987322000788117e-05,0.499281670416237,6.935296550282277e-09,0.4992816704162441,2.6320519398807075e-09,0.0014041591461476227,9.805874310262393e-08,2.9238684013396224e-07
Random5425
Raw:1.0104241096782938e-05,2.122547334954239e-06,1.987322000788145e-05,0.499281670416237,6.9352965502823754e-09,0.4992816704162441,2.632051939880745e-09,0.0014041591461476227,9.805874310262532e-08,2.9238684013396637e-07
EFT:1.0104241096782794e-05,2.122547334954209e-06,1.987322000788117e-05,0.499281670416237,6.935296550282277e-09,0.4992816704162441,2.6320519398807075e-09,0.0014041591461476227,9.805874310262393e-08,2.9238684013396224e-07
Random5426
Raw:1.0104241096782938e-05,2.122547334954209e-06,1.987322000788117e-05,0.499281670416237,6.9352965502823754e-09,0.4992816704162441,2.632051939880745e-09,0.0014041591461476227,9.805874310262532e-08,2.9238684013396637e-07
EFT:1.0104241096782794e-05,2.122547334954209e-06,1.987322000788117e-05,0.499281670416237,6.935296550282277e-09,0.4992816704162441,2.6320519398807075e-09,0.0014041591461476227,9.805874310262393e-08,2.9238684013396224e-07
Random5427
Raw:1.0104241096782794e-05,2.122547334954209e-06,1.987322000788117e-05,0.499281670416237,6.9352965502821786e-09,0.4992816704162441,2.6320519398807075e-09,0.0014041591461476026,9.805874310262393e-08,2.9238684013396224e-07
EFT:1.0104241096782794e-05,2.122547334954209e-06,1.987322000788117e-05,0.499281670416237,6.935296550282277e-09,0.4992816704162441,2.6320519398807075e-09,0.0014041591461476227,9.805874310262393e-08,2.9238684013396224e-07
Random5428
Raw:1.0104241096782938e-05,2.122547334954209e-06,1.987322000788117e-05,0.499281670416237,6.9352965502823754e-09,0.4992816704162441,2.632051939880745e-09,0.0014041591461476227,9.805874310262532e-08,2.9238684013396637e-07
EFT:1.0104241096782794e-05,2.122547334954209e-06,1.987322000788117e-05,0.499281670416237,6.935296550282277e-09,0.4992816704162441,2.6320519398807075e-09,0.0014041591461476227,9.805874310262393e-08,2.9238684013396224e-07
Random5429
Raw:1.0104241096782938e-05,2.122547334954209e-06,1.987322000788117e-05,0.499281670416237,6.935296550282277e-09,0.4992816704162441,2.632051939880745e-09,0.0014041591461476227,9.805874310262532e-08,2.9238684013396224e-07
EFT:1.0104241096782794e-05,2.122547334954209e-06,1.987322000788117e-05,0.499281670416237,6.935296550282277e-09,0.4992816704162441,2.6320519398807075e-09,0.0014041591461476227,9.805874310262393e-08,2.9238684013396224e-07
Random5430
Raw:1.0104241096782938e-05,2.122547334954209e-06,1.9873220007880885e-05,0.499281670416237,6.935296550282277e-09,0.4992816704162441,2.632051939880745e-09,0.0014041591461476227,9.805874310262393e-08,2.9238684013396224e-07
EFT:1.0104241096782794e-05,2.122547334954209e-06,1.987322000788117e-05,0.499281670416237,6.935296550282277e-09,0.4992816704162441,2.6320519398807075e-09,0.0014041591461476227,9.805874310262393e-08,2.9238684013396224e-07
Random5431
Raw:1.0104241096782938e-05,2.1225473349541788e-06,1.9873220007880885e-05,0.499281670416237,6.935296550282277e-09,0.4992816704162441,2.632051939880745e-09,0.0014041591461476026,9.805874310262532e-08,2.9238684013396224e-07
EFT:1.0104241096782794e-05,2.122547334954209e-06,1.987322000788117e-05,0.499281670416237,6.935296550282277e-09,0.4992816704162441,2.6320519398807075e-09,0.0014041591461476227,9.805874310262393e-08,2.9238684013396224e-07
Random5432
Raw:1.0104241096783009e-05,2.122547334954224e-06,1.987322000788131e-05,0.49928167041623345,6.935296550282327e-09,0.49928167041624766,2.6320519398807638e-09,0.0014041591461476327,9.805874310262601e-08,2.9238684013396436e-07
EFT:1.0104241096782794e-05,2.122547334954209e-06,1.987322000788117e-05,0.499281670416237,6.935296550282277e-09,0.4992816704162441,2.6320519398807075e-09,0.0014041591461476227,9.805874310262393e-08,2.9238684013396224e-07
Random5433
Raw:1.0104241096782938e-05,2.122547334954209e-06,1.987322000788117e-05,0.499281670416237,6.9352965502823754e-09,0.4992816704162441,2.632051939880745e-09,0.0014041591461476227,9.805874310262532e-08,2.9238684013396637e-07
EFT:1.0104241096782794e-05,2.122547334954209e-06,1.987322000788117e-05,0.499281670416237,6.935296550282277e-09,0.4992816704162441,2.6320519398807075e-09,0.0014041591461476227,9.805874310262393e-08,2.9238684013396224e-07
Random5434
Raw:1.0104241096782865e-05,2.122547334954194e-06,1.9873220007881028e-05,0.49928167041623345,6.935296550282228e-09,0.49928167041624766,2.632051939880726e-09,0.0014041591461476126,9.805874310262462e-08,2.9238684013396436e-07
EFT:1.0104241096782794e-05,2.122547334954209e-06,1.987322000788117e-05,0.499281670416237,6.935296550282277e-09,0.4992816704162441,2.6320519398807075e-09,0.0014041591461476227,9.805874310262393e-08,2.9238684013396224e-07
Random5435
Raw:1.0104241096782938e-05,2.122547334954239e-06,1.987322000788145e-05,0.499281670416237,6.935296550282277e-09,0.4992816704162441,2.632051939880745e-09,0.0014041591461476427,9.805874310262532e-08,2.9238684013396224e-07
EFT:1.0104241096782794e-05,2.122547334954209e-06,1.987322000788117e-05,0.499281670416237,6.935296550282277e-09,0.4992816704162441,2.6320519398807075e-09,0.0014041591461476227,9.805874310262393e-08,2.9238684013396224e-07
Random5436
Raw:1.0104241096782938e-05,2.122547334954209e-06,1.987322000788117e-05,0.499281670416237,6.9352965502823754e-09,0.4992816704162441,2.632051939880745e-09,0.0014041591461476227,9.805874310262532e-08,2.9238684013396637e-07
EFT:1.0104241096782794e-05,2.122547334954209e-06,1.987322000788117e-05,0.499281670416237,6.935296550282277e-09,0.4992816704162441,2.6320519398807075e-09,0.0014041591461476227,9.805874310262393e-08,2.9238684013396224e-07
Random5437
Raw:1.0104241096782865e-05,2.122547334954194e-06,1.9873220007881028e-05,0.49928167041623345,6.935296550282327e-09,0.49928167041624766,2.6320519398807638e-09,0.0014041591461476126,9.805874310262324e-08,2.9238684013396436e-07
EFT:1.0104241096782794e-05,2.122547334954209e-06,1.987322000788117e-05,0.499281670416237,6.935296550282277e-09,0.4992816704162441,2.6320519398807075e-09,0.0014041591461476227,9.805874310262393e-08,2.9238684013396224e-07
Random5438
Raw:1.0104241096782938e-05,2.122547334954209e-06,1.987322000788117e-05,0.499281670416237,6.9352965502823754e-09,0.4992816704162441,2.632051939880745e-09,0.0014041591461476227,9.805874310262672e-08,2.9238684013396637e-07
EFT:1.0104241096782794e-05,2.122547334954209e-06,1.987322000788117e-05,0.499281670416237,6.935296550282277e-09,0.4992816704162441,2.6320519398807075e-09,0.0014041591461476227,9.805874310262393e-08,2.9238684013396224e-07
Random5439
Raw:1.0104241096782865e-05,2.122547334954194e-06,1.9873220007881028e-05,0.49928167041623345,6.935296550282228e-09,0.49928167041624766,2.632051939880726e-09,0.0014041591461476126,9.805874310262462e-08,2.9238684013396436e-07
EFT:1.0104241096782794e-05,2.122547334954209e-06,1.987322000788117e-05,0.499281670416237,6.935296550282277e-09,0.4992816704162441,2.6320519398807075e-09,0.0014041591461476227,9.805874310262393e-08,2.9238684013396224e-07
Random5440
Raw:1.0104241096782938e-05,2.122547334954209e-06,1.9873220007880885e-05,0.499281670416237,6.935296550282277e-09,0.4992816704162441,2.632051939880745e-09,0.0014041591461476227,9.805874310262393e-08,2.9238684013396224e-07
EFT:1.0104241096782794e-05,2.122547334954209e-06,1.987322000788117e-05,0.499281670416237,6.935296550282277e-09,0.4992816704162441,2.6320519398807075e-09,0.0014041591461476227,9.805874310262393e-08,2.9238684013396224e-07
Random5441
Raw:1.0104241096783009e-05,2.122547334954194e-06,1.9873220007880747e-05,0.49928167041623345,6.935296550282327e-09,0.49928167041624766,2.632051939880801e-09,0.0014041591461476126,9.805874310262462e-08,2.9238684013396436e-07
EFT:1.0104241096782794e-05,2.122547334954209e-06,1.987322000788117e-05,0.499281670416237,6.935296550282277e-09,0.4992816704162441,2.6320519398807075e-09,0.0014041591461476227,9.805874310262393e-08,2.9238684013396224e-07
Random5442
Raw:1.0104241096783009e-05,2.122547334954194e-06,1.9873220007881028e-05,0.49928167041623345,6.935296550282327e-09,0.49928167041624766,2.6320519398807638e-09,0.0014041591461476327,9.805874310262462e-08,2.9238684013396436e-07
EFT:1.0104241096782794e-05,2.122547334954209e-06,1.987322000788117e-05,0.499281670416237,6.935296550282277e-09,0.4992816704162441,2.6320519398807075e-09,0.0014041591461476227,9.805874310262393e-08,2.9238684013396224e-07
Random5443
Raw:1.0104241096782938e-05,2.122547334954239e-06,1.987322000788145e-05,0.499281670416237,6.935296550282277e-09,0.4992816704162441,2.632051939880745e-09,0.0014041591461476227,9.805874310262532e-08,2.9238684013396224e-07
EFT:1.0104241096782794e-05,2.122547334954209e-06,1.987322000788117e-05,0.499281670416237,6.935296550282277e-09,0.4992816704162441,2.6320519398807075e-09,0.0014041591461476227,9.805874310262393e-08,2.9238684013396224e-07
Random5444
Raw:1.0104241096782867e-05,2.122547334954224e-06,1.987322000788131e-05,0.49928167041624055,6.935296550282326e-09,0.49928167041624055,2.6320519398807638e-09,0.0014041591461476327,9.805874310262462e-08,2.923868401339643e-07
EFT:1.0104241096782794e-05,2.122547334954209e-06,1.987322000788117e-05,0.499281670416237,6.935296550282277e-09,0.4992816704162441,2.6320519398807075e-09,0.0014041591461476227,9.805874310262393e-08,2.9238684013396224e-07
Random5445
Raw:1.0104241096782938e-05,2.122547334954239e-06,1.987322000788117e-05,0.499281670416237,6.935296550282277e-09,0.4992816704162441,2.632051939880745e-09,0.0014041591461476427,9.805874310262532e-08,2.9238684013396224e-07
EFT:1.0104241096782794e-05,2.122547334954209e-06,1.987322000788117e-05,0.499281670416237,6.935296550282277e-09,0.4992816704162441,2.6320519398807075e-09,0.0014041591461476227,9.805874310262393e-08,2.9238684013396224e-07
Random5446
Raw:1.0104241096783009e-05,2.122547334954194e-06,1.9873220007881028e-05,0.49928167041623345,6.935296550282327e-09,0.49928167041624766,2.6320519398807638e-09,0.0014041591461476126,9.805874310262601e-08,2.9238684013396436e-07
EFT:1.0104241096782794e-05,2.122547334954209e-06,1.987322000788117e-05,0.499281670416237,6.935296550282277e-09,0.4992816704162441,2.6320519398807075e-09,0.0014041591461476227,9.805874310262393e-08,2.9238684013396224e-07
Random5447
Raw:1.0104241096782794e-05,2.1225473349541788e-06,1.9873220007880885e-05,0.499281670416237,6.9352965502821786e-09,0.4992816704162441,2.63205193988067e-09,0.0014041591461476427,9.805874310262393e-08,2.923868401339581e-07
EFT:1.0104241096782794e-05,2.122547334954209e-06,1.987322000788117e-05,0.499281670416237,6.935296550282277e-09,0.4992816704162441,2.6320519398807075e-09,0.0014041591461476227,9.805874310262393e-08,2.9238684013396224e-07
Random5448
Raw:1.0104241096782794e-05,2.122547334954209e-06,1.987322000788117e-05,0.499281670416237,6.935296550282277e-09,0.4992816704162441,2.6320519398807075e-09,0.0014041591461476026,9.805874310262393e-08,2.9238684013396224e-07
EFT:1.0104241096782794e-05,2.122547334954209e-06,1.987322000788117e-05,0.499281670416237,6.935296550282277e-09,0.4992816704162441,2.6320519398807075e-09,0.0014041591461476227,9.805874310262393e-08,2.9238684013396224e-07
Random5449
Raw:1.0104241096783009e-05,2.122547334954224e-06,1.987322000788131e-05,0.49928167041623345,6.935296550282327e-09,0.49928167041624766,2.6320519398807638e-09,0.0014041591461476327,9.805874310262601e-08,2.9238684013396436e-07
EFT:1.0104241096782794e-05,2.122547334954209e-06,1.987322000788117e-05,0.499281670416237,6.935296550282277e-09,0.4992816704162441,2.6320519398807075e-09,0.0014041591461476227,9.805874310262393e-08,2.9238684013396224e-07
Random5450
Raw:1.0104241096782938e-05,2.122547334954239e-06,1.987322000788117e-05,0.499281670416237,6.9352965502823754e-09,0.4992816704162441,2.6320519398807824e-09,0.0014041591461476227,9.805874310262532e-08,2.9238684013396637e-07
EFT:1.0104241096782794e-05,2.122547334954209e-06,1.987322000788117e-05,0.499281670416237,6.935296550282277e-09,0.4992816704162441,2.6320519398807075e-09,0.0014041591461476227,9.805874310262393e-08,2.9238684013396224e-07
Random5451
Raw:1.0104241096782865e-05,2.122547334954194e-06,1.9873220007881028e-05,0.49928167041623345,6.935296550282327e-09,0.49928167041624766,2.632051939880726e-09,0.0014041591461476126,9.805874310262462e-08,2.9238684013396436e-07
EFT:1.0104241096782794e-05,2.122547334954209e-06,1.987322000788117e-05,0.499281670416237,6.935296550282277e-09,0.4992816704162441,2.6320519398807075e-09,0.0014041591461476227,9.805874310262393e-08,2.9238684013396224e-07
Random5452
Raw:1.0104241096782938e-05,2.122547334954239e-06,1.987322000788117e-05,0.499281670416237,6.9352965502823754e-09,0.4992816704162441,2.6320519398807824e-09,0.0014041591461476227,9.805874310262532e-08,2.9238684013396637e-07
EFT:1.0104241096782794e-05,2.122547334954209e-06,1.987322000788117e-05,0.499281670416237,6.935296550282277e-09,0.4992816704162441,2.6320519398807075e-09,0.0014041591461476227,9.805874310262393e-08,2.9238684013396224e-07
Random5453
Raw:1.0104241096782867e-05,2.122547334954224e-06,1.987322000788131e-05,0.49928167041624055,6.935296550282326e-09,0.49928167041624055,2.632051939880689e-09,0.0014041591461476327,9.805874310262462e-08,2.923868401339643e-07
EFT:1.0104241096782794e-05,2.122547334954209e-06,1.987322000788117e-05,0.499281670416237,6.935296550282277e-09,0.4992816704162441,2.6320519398807075e-09,0.0014041591461476227,9.805874310262393e-08,2.9238684013396224e-07
Random5454
Raw:1.0104241096782938e-05,2.122547334954239e-06,1.987322000788145e-05,0.499281670416237,6.935296550282277e-09,0.4992816704162441,2.632051939880745e-09,0.0014041591461476427,9.805874310262393e-08,2.9238684013396637e-07
EFT:1.0104241096782794e-05,2.122547334954209e-06,1.987322000788117e-05,0.499281670416237,6.935296550282277e-09,0.4992816704162441,2.6320519398807075e-09,0.0014041591461476227,9.805874310262393e-08,2.9238684013396224e-07
Random5455
Raw:1.0104241096782938e-05,2.122547334954239e-06,1.987322000788145e-05,0.499281670416237,6.935296550282277e-09,0.4992816704162441,2.632051939880745e-09,0.0014041591461476227,9.805874310262532e-08,2.9238684013396224e-07
EFT:1.0104241096782794e-05,2.122547334954209e-06,1.987322000788117e-05,0.499281670416237,6.935296550282277e-09,0.4992816704162441,2.6320519398807075e-09,0.0014041591461476227,9.805874310262393e-08,2.9238684013396224e-07
Random5456
Raw:1.0104241096782938e-05,2.122547334954239e-06,1.987322000788145e-05,0.499281670416237,6.9352965502823754e-09,0.4992816704162441,2.632051939880745e-09,0.0014041591461476427,9.805874310262532e-08,2.9238684013396637e-07
EFT:1.0104241096782794e-05,2.122547334954209e-06,1.987322000788117e-05,0.499281670416237,6.935296550282277e-09,0.4992816704162441,2.6320519398807075e-09,0.0014041591461476227,9.805874310262393e-08,2.9238684013396224e-07
Random5457
Raw:1.0104241096782938e-05,2.122547334954239e-06,1.987322000788117e-05,0.499281670416237,6.9352965502823754e-09,0.4992816704162441,2.6320519398807824e-09,0.0014041591461476227,9.805874310262532e-08,2.9238684013396637e-07
EFT:1.0104241096782794e-05,2.122547334954209e-06,1.987322000788117e-05,0.499281670416237,6.935296550282277e-09,0.4992816704162441,2.6320519398807075e-09,0.0014041591461476227,9.805874310262393e-08,2.9238684013396224e-07
Random5458
Raw:1.0104241096782938e-05,2.122547334954239e-06,1.987322000788145e-05,0.499281670416237,6.935296550282277e-09,0.4992816704162441,2.632051939880745e-09,0.0014041591461476427,9.805874310262393e-08,2.9238684013396637e-07
EFT:1.0104241096782794e-05,2.122547334954209e-06,1.987322000788117e-05,0.499281670416237,6.935296550282277e-09,0.4992816704162441,2.6320519398807075e-09,0.0014041591461476227,9.805874310262393e-08,2.9238684013396224e-07
Random5459
Raw:1.0104241096782938e-05,2.122547334954209e-06,1.9873220007880885e-05,0.499281670416237,6.935296550282277e-09,0.4992816704162441,2.632051939880745e-09,0.0014041591461476227,9.805874310262532e-08,2.9238684013396224e-07
EFT:1.0104241096782794e-05,2.122547334954209e-06,1.987322000788117e-05,0.499281670416237,6.935296550282277e-09,0.4992816704162441,2.6320519398807075e-09,0.0014041591461476227,9.805874310262393e-08,2.9238684013396224e-07
Random5460
Raw:1.0104241096782867e-05,2.122547334954224e-06,1.987322000788131e-05,0.49928167041624055,6.935296550282326e-09,0.49928167041624055,2.6320519398807265e-09,0.0014041591461476327,9.805874310262323e-08,2.923868401339643e-07
EFT:1.0104241096782794e-05,2.122547334954209e-06,1.987322000788117e-05,0.499281670416237,6.935296550282277e-09,0.4992816704162441,2.6320519398807075e-09,0.0014041591461476227,9.805874310262393e-08,2.9238684013396224e-07
Random5461
Raw:1.0104241096782794e-05,2.122547334954209e-06,1.987322000788117e-05,0.499281670416237,6.9352965502821786e-09,0.4992816704162441,2.632051939880745e-09,0.0014041591461476227,9.805874310262254e-08,2.9238684013396224e-07
EFT:1.0104241096782794e-05,2.122547334954209e-06,1.987322000788117e-05,0.499281670416237,6.935296550282277e-09,0.4992816704162441,2.6320519398807075e-09,0.0014041591461476227,9.805874310262393e-08,2.9238684013396224e-07
Random5462
Raw:1.0104241096782938e-05,2.122547334954209e-06,1.987322000788117e-05,0.499281670416237,6.9352965502823754e-09,0.4992816704162441,2.6320519398807824e-09,0.0014041591461476227,9.805874310262532e-08,2.9238684013396637e-07
EFT:1.0104241096782794e-05,2.122547334954209e-06,1.987322000788117e-05,0.499281670416237,6.935296550282277e-09,0.4992816704162441,2.6320519398807075e-09,0.0014041591461476227,9.805874310262393e-08,2.9238684013396224e-07
Random5463
Raw:1.0104241096782938e-05,2.122547334954209e-06,1.987322000788117e-05,0.499281670416237,6.935296550282277e-09,0.4992816704162441,2.632051939880745e-09,0.0014041591461476427,9.805874310262393e-08,2.9238684013396224e-07
EFT:1.0104241096782794e-05,2.122547334954209e-06,1.987322000788117e-05,0.499281670416237,6.935296550282277e-09,0.4992816704162441,2.6320519398807075e-09,0.0014041591461476227,9.805874310262393e-08,2.9238684013396224e-07
Random5464
Raw:1.0104241096783009e-05,2.122547334954224e-06,1.987322000788131e-05,0.49928167041623345,6.935296550282327e-09,0.49928167041624766,2.6320519398807638e-09,0.0014041591461476327,9.805874310262601e-08,2.9238684013396436e-07
EFT:1.0104241096782794e-05,2.122547334954209e-06,1.987322000788117e-05,0.499281670416237,6.935296550282277e-09,0.4992816704162441,2.6320519398807075e-09,0.0014041591461476227,9.805874310262393e-08,2.9238684013396224e-07
Random5465
Raw:1.0104241096783009e-05,2.122547334954194e-06,1.9873220007880747e-05,0.49928167041623345,6.935296550282327e-09,0.49928167041624766,2.632051939880801e-09,0.0014041591461476126,9.805874310262462e-08,2.9238684013396436e-07
EFT:1.0104241096782794e-05,2.122547334954209e-06,1.987322000788117e-05,0.499281670416237,6.935296550282277e-09,0.4992816704162441,2.6320519398807075e-09,0.0014041591461476227,9.805874310262393e-08,2.9238684013396224e-07
Random5466
Raw:1.0104241096782938e-05,2.122547334954209e-06,1.987322000788117e-05,0.499281670416237,6.935296550282277e-09,0.4992816704162441,2.632051939880745e-09,0.0014041591461476427,9.805874310262393e-08,2.9238684013396224e-07
EFT:1.0104241096782794e-05,2.122547334954209e-06,1.987322000788117e-05,0.499281670416237,6.935296550282277e-09,0.4992816704162441,2.6320519398807075e-09,0.0014041591461476227,9.805874310262393e-08,2.9238684013396224e-07
Random5467
Raw:1.0104241096782865e-05,2.122547334954194e-06,1.9873220007881028e-05,0.49928167041623345,6.935296550282228e-09,0.49928167041624766,2.632051939880726e-09,0.0014041591461476126,9.805874310262462e-08,2.9238684013396436e-07
EFT:1.0104241096782794e-05,2.122547334954209e-06,1.987322000788117e-05,0.499281670416237,6.935296550282277e-09,0.4992816704162441,2.6320519398807075e-09,0.0014041591461476227,9.805874310262393e-08,2.9238684013396224e-07
Random5468
Raw:1.0104241096782938e-05,2.122547334954209e-06,1.987322000788117e-05,0.499281670416237,6.9352965502823754e-09,0.4992816704162441,2.6320519398807824e-09,0.0014041591461476227,9.805874310262532e-08,2.9238684013396637e-07
EFT:1.0104241096782794e-05,2.122547334954209e-06,1.987322000788117e-05,0.499281670416237,6.935296550282277e-09,0.4992816704162441,2.6320519398807075e-09,0.0014041591461476227,9.805874310262393e-08,2.9238684013396224e-07
Random5469
Raw:1.0104241096782938e-05,2.1225473349541788e-06,1.9873220007880885e-05,0.499281670416237,6.935296550282277e-09,0.4992816704162441,2.632051939880745e-09,0.0014041591461476026,9.805874310262532e-08,2.9238684013396224e-07
EFT:1.0104241096782794e-05,2.122547334954209e-06,1.987322000788117e-05,0.499281670416237,6.935296550282277e-09,0.4992816704162441,2.6320519398807075e-09,0.0014041591461476227,9.805874310262393e-08,2.9238684013396224e-07
Random5470
Raw:1.0104241096783009e-05,2.122547334954224e-06,1.987322000788131e-05,0.49928167041623345,6.935296550282327e-09,0.49928167041624766,2.6320519398807638e-09,0.0014041591461476327,9.805874310262462e-08,2.923868401339685e-07
EFT:1.0104241096782794e-05,2.122547334954209e-06,1.987322000788117e-05,0.499281670416237,6.935296550282277e-09,0.4992816704162441,2.6320519398807075e-09,0.0014041591461476227,9.805874310262393e-08,2.9238684013396224e-07
Random5471
Raw:1.0104241096783009e-05,2.122547334954224e-06,1.987322000788131e-05,0.49928167041623345,6.935296550282327e-09,0.49928167041624766,2.6320519398807638e-09,0.0014041591461476327,9.805874310262601e-08,2.9238684013396436e-07
EFT:1.0104241096782794e-05,2.122547334954209e-06,1.987322000788117e-05,0.499281670416237,6.935296550282277e-09,0.4992816704162441,2.6320519398807075e-09,0.0014041591461476227,9.805874310262393e-08,2.9238684013396224e-07
Random5472
Raw:1.0104241096782938e-05,2.122547334954239e-06,1.9873220007880885e-05,0.499281670416237,6.935296550282277e-09,0.4992816704162441,2.632051939880745e-09,0.0014041591461476227,9.805874310262532e-08,2.9238684013396224e-07
EFT:1.0104241096782794e-05,2.122547334954209e-06,1.987322000788117e-05,0.499281670416237,6.935296550282277e-09,0.4992816704162441,2.6320519398807075e-09,0.0014041591461476227,9.805874310262393e-08,2.9238684013396224e-07
Random5473
Raw:1.0104241096782938e-05,2.122547334954209e-06,1.9873220007880885e-05,0.499281670416237,6.935296550282277e-09,0.4992816704162441,2.632051939880745e-09,0.0014041591461476227,9.805874310262532e-08,2.9238684013396224e-07
EFT:1.0104241096782794e-05,2.122547334954209e-06,1.987322000788117e-05,0.499281670416237,6.935296550282277e-09,0.4992816704162441,2.6320519398807075e-09,0.0014041591461476227,9.805874310262393e-08,2.9238684013396224e-07
Random5474
Raw:1.010424109678301e-05,2.122547334954224e-06,1.987322000788131e-05,0.49928167041624055,6.935296550282425e-09,0.49928167041624055,2.6320519398807638e-09,0.0014041591461476327,9.805874310262602e-08,2.923868401339685e-07
EFT:1.0104241096782794e-05,2.122547334954209e-06,1.987322000788117e-05,0.499281670416237,6.935296550282277e-09,0.4992816704162441,2.6320519398807075e-09,0.0014041591461476227,9.805874310262393e-08,2.9238684013396224e-07
Random5475
Raw:1.0104241096783009e-05,2.122547334954224e-06,1.987322000788131e-05,0.49928167041623345,6.935296550282327e-09,0.49928167041624766,2.6320519398807638e-09,0.0014041591461476327,9.805874310262462e-08,2.923868401339685e-07
EFT:1.0104241096782794e-05,2.122547334954209e-06,1.987322000788117e-05,0.499281670416237,6.935296550282277e-09,0.4992816704162441,2.6320519398807075e-09,0.0014041591461476227,9.805874310262393e-08,2.9238684013396224e-07
Random5476
Raw:1.0104241096782938e-05,2.122547334954239e-06,1.987322000788117e-05,0.499281670416237,6.935296550282277e-09,0.4992816704162441,2.632051939880745e-09,0.0014041591461476427,9.805874310262393e-08,2.9238684013396637e-07
EFT:1.0104241096782794e-05,2.122547334954209e-06,1.987322000788117e-05,0.499281670416237,6.935296550282277e-09,0.4992816704162441,2.6320519398807075e-09,0.0014041591461476227,9.805874310262393e-08,2.9238684013396224e-07
Random5477
Raw:1.010424109678301e-05,2.1225473349542546e-06,1.9873220007881594e-05,0.49928167041624055,6.935296550282425e-09,0.49928167041624055,2.6320519398807638e-09,0.0014041591461476527,9.805874310262462e-08,2.923868401339643e-07
EFT:1.0104241096782794e-05,2.122547334954209e-06,1.987322000788117e-05,0.499281670416237,6.935296550282277e-09,0.4992816704162441,2.6320519398807075e-09,0.0014041591461476227,9.805874310262393e-08,2.9238684013396224e-07
Random5478
Raw:1.0104241096782794e-05,2.122547334954209e-06,1.987322000788117e-05,0.4992816704162441,6.935296550282277e-09,0.499281670416237,2.6320519398807075e-09,0.0014041591461476427,9.805874310262393e-08,2.9238684013396224e-07
EFT:1.0104241096782794e-05,2.122547334954209e-06,1.987322000788117e-05,0.499281670416237,6.935296550282277e-09,0.4992816704162441,2.6320519398807075e-09,0.0014041591461476227,9.805874310262393e-08,2.9238684013396224e-07
Random5479
Raw:1.0104241096782938e-05,2.122547334954209e-06,1.987322000788117e-05,0.499281670416237,6.9352965502823754e-09,0.4992816704162441,2.632051939880745e-09,0.0014041591461476227,9.805874310262532e-08,2.9238684013396637e-07
EFT:1.0104241096782794e-05,2.122547334954209e-06,1.987322000788117e-05,0.499281670416237,6.935296550282277e-09,0.4992816704162441,2.6320519398807075e-09,0.0014041591461476227,9.805874310262393e-08,2.9238684013396224e-07
Random5480
Raw:1.0104241096782794e-05,2.122547334954209e-06,1.9873220007880885e-05,0.499281670416237,6.935296550282277e-09,0.4992816704162441,2.632051939880745e-09,0.0014041591461476227,9.805874310262254e-08,2.9238684013396224e-07
EFT:1.0104241096782794e-05,2.122547334954209e-06,1.987322000788117e-05,0.499281670416237,6.935296550282277e-09,0.4992816704162441,2.6320519398807075e-09,0.0014041591461476227,9.805874310262393e-08,2.9238684013396224e-07
Random5481
Raw:1.0104241096782938e-05,2.122547334954239e-06,1.9873220007880885e-05,0.499281670416237,6.935296550282277e-09,0.4992816704162441,2.632051939880745e-09,0.0014041591461476227,9.805874310262532e-08,2.9238684013396224e-07
EFT:1.0104241096782794e-05,2.122547334954209e-06,1.987322000788117e-05,0.499281670416237,6.935296550282277e-09,0.4992816704162441,2.6320519398807075e-09,0.0014041591461476227,9.805874310262393e-08,2.9238684013396224e-07
Random5482
Raw:1.0104241096782794e-05,2.122547334954209e-06,1.987322000788117e-05,0.499281670416237,6.935296550282277e-09,0.4992816704162441,2.6320519398807075e-09,0.0014041591461476227,9.805874310262393e-08,2.9238684013396224e-07
EFT:1.0104241096782794e-05,2.122547334954209e-06,1.987322000788117e-05,0.499281670416237,6.935296550282277e-09,0.4992816704162441,2.6320519398807075e-09,0.0014041591461476227,9.805874310262393e-08,2.9238684013396224e-07
Random5483
Raw:1.0104241096782867e-05,2.122547334954224e-06,1.987322000788131e-05,0.49928167041624055,6.935296550282326e-09,0.49928167041624055,2.6320519398807265e-09,0.0014041591461476327,9.805874310262323e-08,2.923868401339643e-07
EFT:1.0104241096782794e-05,2.122547334954209e-06,1.987322000788117e-05,0.499281670416237,6.935296550282277e-09,0.4992816704162441,2.6320519398807075e-09,0.0014041591461476227,9.805874310262393e-08,2.9238684013396224e-07
Random5484
Raw:1.0104241096783009e-05,2.122547334954194e-06,1.9873220007881028e-05,0.49928167041623345,6.935296550282327e-09,0.49928167041624766,2.6320519398807638e-09,0.0014041591461476327,9.805874310262462e-08,2.9238684013396436e-07
EFT:1.0104241096782794e-05,2.122547334954209e-06,1.987322000788117e-05,0.499281670416237,6.935296550282277e-09,0.4992816704162441,2.6320519398807075e-09,0.0014041591461476227,9.805874310262393e-08,2.9238684013396224e-07
Random5485
Raw:1.0104241096782794e-05,2.122547334954209e-06,1.987322000788117e-05,0.4992816704162441,6.935296550282277e-09,0.499281670416237,2.63205193988067e-09,0.0014041591461476227,9.805874310262393e-08,2.9238684013396224e-07
EFT:1.0104241096782794e-05,2.122547334954209e-06,1.987322000788117e-05,0.499281670416237,6.935296550282277e-09,0.4992816704162441,2.6320519398807075e-09,0.0014041591461476227,9.805874310262393e-08,2.9238684013396224e-07
Random5486
Raw:1.0104241096782794e-05,2.122547334954209e-06,1.987322000788117e-05,0.499281670416237,6.935296550282277e-09,0.4992816704162441,2.6320519398807075e-09,0.0014041591461476227,9.805874310262393e-08,2.9238684013396224e-07
EFT:1.0104241096782794e-05,2.122547334954209e-06,1.987322000788117e-05,0.499281670416237,6.935296550282277e-09,0.4992816704162441,2.6320519398807075e-09,0.0014041591461476227,9.805874310262393e-08,2.9238684013396224e-07
Random5487
Raw:1.0104241096782867e-05,2.1225473349542546e-06,1.987322000788131e-05,0.49928167041624055,6.935296550282326e-09,0.49928167041624055,2.6320519398807638e-09,0.0014041591461476327,9.805874310262462e-08,2.923868401339643e-07
EFT:1.0104241096782794e-05,2.122547334954209e-06,1.987322000788117e-05,0.499281670416237,6.935296550282277e-09,0.4992816704162441,2.6320519398807075e-09,0.0014041591461476227,9.805874310262393e-08,2.9238684013396224e-07
Random5488
Raw:1.0104241096782938e-05,2.122547334954209e-06,1.987322000788117e-05,0.499281670416237,6.9352965502823754e-09,0.4992816704162441,2.632051939880745e-09,0.0014041591461476227,9.805874310262532e-08,2.9238684013396637e-07
EFT:1.0104241096782794e-05,2.122547334954209e-06,1.987322000788117e-05,0.499281670416237,6.935296550282277e-09,0.4992816704162441,2.6320519398807075e-09,0.0014041591461476227,9.805874310262393e-08,2.9238684013396224e-07
Random5489
Raw:1.0104241096782938e-05,2.122547334954239e-06,1.987322000788117e-05,0.499281670416237,6.935296550282277e-09,0.4992816704162441,2.632051939880745e-09,0.0014041591461476427,9.805874310262532e-08,2.9238684013396224e-07
EFT:1.0104241096782794e-05,2.122547334954209e-06,1.987322000788117e-05,0.499281670416237,6.935296550282277e-09,0.4992816704162441,2.6320519398807075e-09,0.0014041591461476227,9.805874310262393e-08,2.9238684013396224e-07
Random5490
Raw:1.0104241096782867e-05,2.122547334954224e-06,1.987322000788131e-05,0.49928167041624055,6.935296550282326e-09,0.49928167041624055,2.6320519398807265e-09,0.0014041591461476327,9.805874310262462e-08,2.923868401339643e-07
EFT:1.0104241096782794e-05,2.122547334954209e-06,1.987322000788117e-05,0.499281670416237,6.935296550282277e-09,0.4992816704162441,2.6320519398807075e-09,0.0014041591461476227,9.805874310262393e-08,2.9238684013396224e-07
Random5491
Raw:1.0104241096782867e-05,2.122547334954224e-06,1.987322000788131e-05,0.49928167041624055,6.935296550282326e-09,0.49928167041624055,2.6320519398807638e-09,0.0014041591461476327,9.805874310262462e-08,2.923868401339643e-07
EFT:1.0104241096782794e-05,2.122547334954209e-06,1.987322000788117e-05,0.499281670416237,6.935296550282277e-09,0.4992816704162441,2.6320519398807075e-09,0.0014041591461476227,9.805874310262393e-08,2.9238684013396224e-07
Random5492
Raw:1.0104241096782867e-05,2.122547334954224e-06,1.9873220007881028e-05,0.49928167041624055,6.935296550282326e-09,0.49928167041624055,2.6320519398807638e-09,0.0014041591461476128,9.805874310262462e-08,2.923868401339643e-07
EFT:1.0104241096782794e-05,2.122547334954209e-06,1.987322000788117e-05,0.499281670416237,6.935296550282277e-09,0.4992816704162441,2.6320519398807075e-09,0.0014041591461476227,9.805874310262393e-08,2.9238684013396224e-07
Random5493
Raw:1.0104241096782938e-05,2.122547334954239e-06,1.987322000788145e-05,0.4992816704162441,6.9352965502823754e-09,0.499281670416237,2.632051939880745e-09,0.0014041591461476427,9.805874310262532e-08,2.9238684013396637e-07
EFT:1.0104241096782794e-05,2.122547334954209e-06,1.987322000788117e-05,0.499281670416237,6.935296550282277e-09,0.4992816704162441,2.6320519398807075e-09,0.0014041591461476227,9.805874310262393e-08,2.9238684013396224e-07
Random5494
Raw:1.0104241096782867e-05,2.122547334954224e-06,1.987322000788131e-05,0.49928167041624055,6.935296550282326e-09,0.49928167041624055,2.6320519398807265e-09,0.0014041591461476327,9.805874310262323e-08,2.923868401339643e-07
EFT:1.0104241096782794e-05,2.122547334954209e-06,1.987322000788117e-05,0.499281670416237,6.935296550282277e-09,0.4992816704162441,2.6320519398807075e-09,0.0014041591461476227,9.805874310262393e-08,2.9238684013396224e-07
Random5495
Raw:1.0104241096782938e-05,2.122547334954239e-06,1.987322000788117e-05,0.499281670416237,6.9352965502823754e-09,0.4992816704162441,2.6320519398807824e-09,0.0014041591461476227,9.805874310262532e-08,2.9238684013396637e-07
EFT:1.0104241096782794e-05,2.122547334954209e-06,1.987322000788117e-05,0.499281670416237,6.935296550282277e-09,0.4992816704162441,2.6320519398807075e-09,0.0014041591461476227,9.805874310262393e-08,2.9238684013396224e-07
Random5496
Raw:1.0104241096782867e-05,2.122547334954194e-06,1.9873220007881028e-05,0.49928167041624055,6.935296550282326e-09,0.49928167041624055,2.6320519398807265e-09,0.0014041591461476128,9.805874310262323e-08,2.923868401339643e-07
EFT:1.0104241096782794e-05,2.122547334954209e-06,1.987322000788117e-05,0.499281670416237,6.935296550282277e-09,0.4992816704162441,2.6320519398807075e-09,0.0014041591461476227,9.805874310262393e-08,2.9238684013396224e-07
Random5497
Raw:1.0104241096783009e-05,2.122547334954194e-06,1.9873220007881028e-05,0.49928167041623345,6.935296550282327e-09,0.49928167041624766,2.6320519398807638e-09,0.0014041591461476327,9.805874310262462e-08,2.9238684013396436e-07
EFT:1.0104241096782794e-05,2.122547334954209e-06,1.987322000788117e-05,0.499281670416237,6.935296550282277e-09,0.4992816704162441,2.6320519398807075e-09,0.0014041591461476227,9.805874310262393e-08,2.9238684013396224e-07
Random5498
Raw:1.0104241096782867e-05,2.122547334954224e-06,1.987322000788131e-05,0.49928167041624055,6.935296550282326e-09,0.49928167041624055,2.6320519398807265e-09,0.0014041591461476327,9.805874310262602e-08,2.923868401339643e-07
EFT:1.0104241096782794e-05,2.122547334954209e-06,1.987322000788117e-05,0.499281670416237,6.935296550282277e-09,0.4992816704162441,2.6320519398807075e-09,0.0014041591461476227,9.805874310262393e-08,2.9238684013396224e-07
Random5499
Raw:1.0104241096782938e-05,2.122547334954209e-06,1.987322000788117e-05,0.499281670416237,6.9352965502823754e-09,0.4992816704162441,2.632051939880745e-09,0.0014041591461476227,9.805874310262393e-08,2.9238684013396637e-07
EFT:1.0104241096782794e-05,2.122547334954209e-06,1.987322000788117e-05,0.499281670416237,6.935296550282277e-09,0.4992816704162441,2.6320519398807075e-09,0.0014041591461476227,9.805874310262393e-08,2.9238684013396224e-07
Random5500
Raw:1.0104241096782938e-05,2.122547334954209e-06,1.9873220007880885e-05,0.499281670416237,6.935296550282277e-09,0.4992816704162441,2.632051939880745e-09,0.0014041591461476227,9.805874310262532e-08,2.9238684013396224e-07
EFT:1.0104241096782794e-05,2.122547334954209e-06,1.987322000788117e-05,0.499281670416237,6.935296550282277e-09,0.4992816704162441,2.6320519398807075e-09,0.0014041591461476227,9.805874310262393e-08,2.9238684013396224e-07
Random5501
Raw:1.0104241096782867e-05,2.122547334954224e-06,1.9873220007881028e-05,0.49928167041624055,6.935296550282228e-09,0.49928167041624055,2.632051939880689e-09,0.0014041591461476327,9.805874310262462e-08,2.923868401339602e-07
EFT:1.0104241096782794e-05,2.122547334954209e-06,1.987322000788117e-05,0.499281670416237,6.935296550282277e-09,0.4992816704162441,2.6320519398807075e-09,0.0014041591461476227,9.805874310262393e-08,2.9238684013396224e-07
Random5502
Raw:1.0104241096782938e-05,2.122547334954239e-06,1.9873220007880885e-05,0.499281670416237,6.935296550282277e-09,0.4992816704162441,2.632051939880745e-09,0.0014041591461476227,9.805874310262532e-08,2.9238684013396224e-07
EFT:1.0104241096782794e-05,2.122547334954209e-06,1.987322000788117e-05,0.499281670416237,6.935296550282277e-09,0.4992816704162441,2.6320519398807075e-09,0.0014041591461476227,9.805874310262393e-08,2.9238684013396224e-07
Random5503
Raw:1.0104241096782938e-05,2.122547334954209e-06,1.987322000788117e-05,0.499281670416237,6.935296550282277e-09,0.4992816704162441,2.632051939880745e-09,0.0014041591461476427,9.805874310262393e-08,2.9238684013396224e-07
EFT:1.0104241096782794e-05,2.122547334954209e-06,1.987322000788117e-05,0.499281670416237,6.935296550282277e-09,0.4992816704162441,2.6320519398807075e-09,0.0014041591461476227,9.805874310262393e-08,2.9238684013396224e-07
Random5504
Raw:1.0104241096782794e-05,2.122547334954209e-06,1.987322000788117e-05,0.499281670416237,6.935296550282277e-09,0.4992816704162441,2.6320519398807075e-09,0.0014041591461476026,9.805874310262393e-08,2.9238684013396224e-07
EFT:1.0104241096782794e-05,2.122547334954209e-06,1.987322000788117e-05,0.499281670416237,6.935296550282277e-09,0.4992816704162441,2.6320519398807075e-09,0.0014041591461476227,9.805874310262393e-08,2.9238684013396224e-07
Random5505
Raw:1.0104241096782794e-05,2.122547334954209e-06,1.987322000788117e-05,0.499281670416237,6.935296550282277e-09,0.4992816704162441,2.6320519398807075e-09,0.0014041591461476227,9.805874310262393e-08,2.9238684013396224e-07
EFT:1.0104241096782794e-05,2.122547334954209e-06,1.987322000788117e-05,0.499281670416237,6.935296550282277e-09,0.4992816704162441,2.6320519398807075e-09,0.0014041591461476227,9.805874310262393e-08,2.9238684013396224e-07
Random5506
Raw:1.0104241096782867e-05,2.1225473349542546e-06,1.987322000788131e-05,0.49928167041624055,6.935296550282326e-09,0.49928167041624055,2.6320519398807638e-09,0.0014041591461476327,9.805874310262462e-08,2.923868401339643e-07
EFT:1.0104241096782794e-05,2.122547334954209e-06,1.987322000788117e-05,0.499281670416237,6.935296550282277e-09,0.4992816704162441,2.6320519398807075e-09,0.0014041591461476227,9.805874310262393e-08,2.9238684013396224e-07
Random5507
Raw:1.0104241096783009e-05,2.122547334954194e-06,1.9873220007881028e-05,0.49928167041623345,6.935296550282327e-09,0.49928167041624766,2.6320519398807638e-09,0.0014041591461476126,9.805874310262601e-08,2.9238684013396436e-07
EFT:1.0104241096782794e-05,2.122547334954209e-06,1.987322000788117e-05,0.499281670416237,6.935296550282277e-09,0.4992816704162441,2.6320519398807075e-09,0.0014041591461476227,9.805874310262393e-08,2.9238684013396224e-07
Random5508
Raw:1.0104241096782938e-05,2.122547334954209e-06,1.987322000788117e-05,0.499281670416237,6.9352965502823754e-09,0.4992816704162441,2.632051939880745e-09,0.0014041591461476227,9.805874310262532e-08,2.9238684013396637e-07
EFT:1.0104241096782794e-05,2.122547334954209e-06,1.987322000788117e-05,0.499281670416237,6.935296550282277e-09,0.4992816704162441,2.6320519398807075e-09,0.0014041591461476227,9.805874310262393e-08,2.9238684013396224e-07
Random5509
Raw:1.0104241096782867e-05,2.122547334954194e-06,1.9873220007881028e-05,0.49928167041624055,6.935296550282228e-09,0.49928167041624055,2.632051939880689e-09,0.0014041591461476327,9.805874310262323e-08,2.923868401339602e-07
EFT:1.0104241096782794e-05,2.122547334954209e-06,1.987322000788117e-05,0.499281670416237,6.935296550282277e-09,0.4992816704162441,2.6320519398807075e-09,0.0014041591461476227,9.805874310262393e-08,2.9238684013396224e-07
Random5510
Raw:1.0104241096783009e-05,2.122547334954224e-06,1.987322000788131e-05,0.49928167041623345,6.935296550282424e-09,0.49928167041624766,2.632051939880801e-09,0.0014041591461476126,9.805874310262462e-08,2.923868401339685e-07
EFT:1.0104241096782794e-05,2.122547334954209e-06,1.987322000788117e-05,0.499281670416237,6.935296550282277e-09,0.4992816704162441,2.6320519398807075e-09,0.0014041591461476227,9.805874310262393e-08,2.9238684013396224e-07
Random5511
Raw:1.0104241096782867e-05,2.1225473349542546e-06,1.987322000788131e-05,0.49928167041624055,6.935296550282326e-09,0.49928167041624055,2.6320519398807638e-09,0.0014041591461476128,9.805874310262462e-08,2.923868401339643e-07
EFT:1.0104241096782794e-05,2.122547334954209e-06,1.987322000788117e-05,0.499281670416237,6.935296550282277e-09,0.4992816704162441,2.6320519398807075e-09,0.0014041591461476227,9.805874310262393e-08,2.9238684013396224e-07
Random5512
Raw:1.0104241096782794e-05,2.122547334954209e-06,1.987322000788117e-05,0.4992816704162441,6.935296550282277e-09,0.499281670416237,2.63205193988067e-09,0.0014041591461476227,9.805874310262393e-08,2.9238684013396224e-07
EFT:1.0104241096782794e-05,2.122547334954209e-06,1.987322000788117e-05,0.499281670416237,6.935296550282277e-09,0.4992816704162441,2.6320519398807075e-09,0.0014041591461476227,9.805874310262393e-08,2.9238684013396224e-07
Random5513
Raw:1.0104241096783009e-05,2.122547334954224e-06,1.987322000788131e-05,0.49928167041623345,6.935296550282327e-09,0.49928167041624766,2.6320519398807638e-09,0.0014041591461476327,9.805874310262462e-08,2.923868401339685e-07
EFT:1.0104241096782794e-05,2.122547334954209e-06,1.987322000788117e-05,0.499281670416237,6.935296550282277e-09,0.4992816704162441,2.6320519398807075e-09,0.0014041591461476227,9.805874310262393e-08,2.9238684013396224e-07
Random5514
Raw:1.0104241096782938e-05,2.1225473349541788e-06,1.9873220007880885e-05,0.499281670416237,6.935296550282277e-09,0.4992816704162441,2.632051939880745e-09,0.0014041591461476026,9.805874310262532e-08,2.9238684013396224e-07
EFT:1.0104241096782794e-05,2.122547334954209e-06,1.987322000788117e-05,0.499281670416237,6.935296550282277e-09,0.4992816704162441,2.6320519398807075e-09,0.0014041591461476227,9.805874310262393e-08,2.9238684013396224e-07
Random5515
Raw:1.0104241096782938e-05,2.122547334954209e-06,1.9873220007880885e-05,0.499281670416237,6.935296550282277e-09,0.4992816704162441,2.632051939880745e-09,0.0014041591461476227,9.805874310262532e-08,2.9238684013396224e-07
EFT:1.0104241096782794e-05,2.122547334954209e-06,1.987322000788117e-05,0.499281670416237,6.935296550282277e-09,0.4992816704162441,2.6320519398807075e-09,0.0014041591461476227,9.805874310262393e-08,2.9238684013396224e-07
Random5516
Raw:1.0104241096782794e-05,2.122547334954209e-06,1.987322000788117e-05,0.499281670416237,6.935296550282277e-09,0.4992816704162441,2.6320519398807075e-09,0.0014041591461476227,9.805874310262393e-08,2.9238684013396224e-07
EFT:1.0104241096782794e-05,2.122547334954209e-06,1.987322000788117e-05,0.499281670416237,6.935296550282277e-09,0.4992816704162441,2.6320519398807075e-09,0.0014041591461476227,9.805874310262393e-08,2.9238684013396224e-07
Random5517
Raw:1.0104241096782867e-05,2.1225473349542546e-06,1.987322000788131e-05,0.49928167041624055,6.935296550282326e-09,0.49928167041624055,2.6320519398807638e-09,0.0014041591461476327,9.805874310262462e-08,2.923868401339643e-07
EFT:1.0104241096782794e-05,2.122547334954209e-06,1.987322000788117e-05,0.499281670416237,6.935296550282277e-09,0.4992816704162441,2.6320519398807075e-09,0.0014041591461476227,9.805874310262393e-08,2.9238684013396224e-07
Random5518
Raw:1.0104241096782938e-05,2.122547334954209e-06,1.987322000788117e-05,0.499281670416237,6.9352965502823754e-09,0.4992816704162441,2.632051939880745e-09,0.0014041591461476227,9.805874310262532e-08,2.9238684013396637e-07
EFT:1.0104241096782794e-05,2.122547334954209e-06,1.987322000788117e-05,0.499281670416237,6.935296550282277e-09,0.4992816704162441,2.6320519398807075e-09,0.0014041591461476227,9.805874310262393e-08,2.9238684013396224e-07
Random5519
Raw:1.0104241096782867e-05,2.122547334954194e-06,1.9873220007881028e-05,0.49928167041624055,6.935296550282326e-09,0.49928167041624055,2.6320519398807265e-09,0.0014041591461476128,9.805874310262602e-08,2.923868401339643e-07
EFT:1.0104241096782794e-05,2.122547334954209e-06,1.987322000788117e-05,0.499281670416237,6.935296550282277e-09,0.4992816704162441,2.6320519398807075e-09,0.0014041591461476227,9.805874310262393e-08,2.9238684013396224e-07
Random5520
Raw:1.0104241096782794e-05,2.122547334954209e-06,1.987322000788117e-05,0.499281670416237,6.935296550282277e-09,0.4992816704162441,2.6320519398807075e-09,0.0014041591461476227,9.805874310262393e-08,2.9238684013396224e-07
EFT:1.0104241096782794e-05,2.122547334954209e-06,1.987322000788117e-05,0.499281670416237,6.935296550282277e-09,0.4992816704162441,2.6320519398807075e-09,0.0014041591461476227,9.805874310262393e-08,2.9238684013396224e-07
Random5521
Raw:1.0104241096783009e-05,2.122547334954194e-06,1.9873220007881028e-05,0.49928167041623345,6.935296550282327e-09,0.49928167041624766,2.6320519398807638e-09,0.0014041591461476126,9.805874310262601e-08,2.9238684013396436e-07
EFT:1.0104241096782794e-05,2.122547334954209e-06,1.987322000788117e-05,0.499281670416237,6.935296550282277e-09,0.4992816704162441,2.6320519398807075e-09,0.0014041591461476227,9.805874310262393e-08,2.9238684013396224e-07
Random5522
Raw:1.0104241096782867e-05,2.122547334954224e-06,1.987322000788131e-05,0.49928167041624055,6.935296550282326e-09,0.49928167041624055,2.6320519398807265e-09,0.0014041591461476327,9.805874310262462e-08,2.923868401339643e-07
EFT:1.0104241096782794e-05,2.122547334954209e-06,1.987322000788117e-05,0.499281670416237,6.935296550282277e-09,0.4992816704162441,2.6320519398807075e-09,0.0014041591461476227,9.805874310262393e-08,2.9238684013396224e-07
Random5523
Raw:1.0104241096782938e-05,2.122547334954239e-06,1.987322000788117e-05,0.499281670416237,6.935296550282277e-09,0.4992816704162441,2.632051939880745e-09,0.0014041591461476427,9.805874310262532e-08,2.9238684013396224e-07
EFT:1.0104241096782794e-05,2.122547334954209e-06,1.987322000788117e-05,0.499281670416237,6.935296550282277e-09,0.4992816704162441,2.6320519398807075e-09,0.0014041591461476227,9.805874310262393e-08,2.9238684013396224e-07
Random5524
Raw:1.0104241096782794e-05,2.122547334954209e-06,1.9873220007880885e-05,0.499281670416237,6.935296550282277e-09,0.4992816704162441,2.6320519398807075e-09,0.0014041591461476026,9.805874310262393e-08,2.9238684013396224e-07
EFT:1.0104241096782794e-05,2.122547334954209e-06,1.987322000788117e-05,0.499281670416237,6.935296550282277e-09,0.4992816704162441,2.6320519398807075e-09,0.0014041591461476227,9.805874310262393e-08,2.9238684013396224e-07
Random5525
Raw:1.0104241096783009e-05,2.122547334954224e-06,1.9873220007881028e-05,0.49928167041623345,6.935296550282327e-09,0.49928167041624766,2.6320519398807638e-09,0.0014041591461476327,9.805874310262601e-08,2.9238684013396436e-07
EFT:1.0104241096782794e-05,2.122547334954209e-06,1.987322000788117e-05,0.499281670416237,6.935296550282277e-09,0.4992816704162441,2.6320519398807075e-09,0.0014041591461476227,9.805874310262393e-08,2.9238684013396224e-07
Random5526
Raw:1.0104241096782938e-05,2.122547334954209e-06,1.987322000788117e-05,0.499281670416237,6.935296550282277e-09,0.4992816704162441,2.632051939880745e-09,0.0014041591461476227,9.805874310262532e-08,2.9238684013396224e-07
EFT:1.0104241096782794e-05,2.122547334954209e-06,1.987322000788117e-05,0.499281670416237,6.935296550282277e-09,0.4992816704162441,2.6320519398807075e-09,0.0014041591461476227,9.805874310262393e-08,2.9238684013396224e-07
Random5527
Raw:1.0104241096782867e-05,2.122547334954224e-06,1.987322000788131e-05,0.49928167041624055,6.935296550282326e-09,0.49928167041624055,2.6320519398807265e-09,0.0014041591461476128,9.805874310262462e-08,2.923868401339643e-07
EFT:1.0104241096782794e-05,2.122547334954209e-06,1.987322000788117e-05,0.499281670416237,6.935296550282277e-09,0.4992816704162441,2.6320519398807075e-09,0.0014041591461476227,9.805874310262393e-08,2.9238684013396224e-07
Random5528
Raw:1.0104241096782938e-05,2.122547334954209e-06,1.9873220007880885e-05,0.499281670416237,6.935296550282277e-09,0.4992816704162441,2.632051939880745e-09,0.0014041591461476227,9.805874310262532e-08,2.9238684013396224e-07
EFT:1.0104241096782794e-05,2.122547334954209e-06,1.987322000788117e-05,0.499281670416237,6.935296550282277e-09,0.4992816704162441,2.6320519398807075e-09,0.0014041591461476227,9.805874310262393e-08,2.9238684013396224e-07
Random5529
Raw:1.0104241096782867e-05,2.122547334954224e-06,1.987322000788131e-05,0.49928167041624055,6.935296550282326e-09,0.49928167041624055,2.6320519398807265e-09,0.0014041591461476327,9.805874310262462e-08,2.923868401339643e-07
EFT:1.0104241096782794e-05,2.122547334954209e-06,1.987322000788117e-05,0.499281670416237,6.935296550282277e-09,0.4992816704162441,2.6320519398807075e-09,0.0014041591461476227,9.805874310262393e-08,2.9238684013396224e-07
Random5530
Raw:1.0104241096782938e-05,2.122547334954209e-06,1.987322000788117e-05,0.499281670416237,6.935296550282277e-09,0.4992816704162441,2.632051939880745e-09,0.0014041591461476427,9.805874310262393e-08,2.9238684013396224e-07
EFT:1.0104241096782794e-05,2.122547334954209e-06,1.987322000788117e-05,0.499281670416237,6.935296550282277e-09,0.4992816704162441,2.6320519398807075e-09,0.0014041591461476227,9.805874310262393e-08,2.9238684013396224e-07
Random5531
Raw:1.0104241096782867e-05,2.122547334954224e-06,1.9873220007881028e-05,0.49928167041624055,6.935296550282326e-09,0.49928167041624055,2.6320519398807265e-09,0.0014041591461476327,9.805874310262323e-08,2.923868401339643e-07
EFT:1.0104241096782794e-05,2.122547334954209e-06,1.987322000788117e-05,0.499281670416237,6.935296550282277e-09,0.4992816704162441,2.6320519398807075e-09,0.0014041591461476227,9.805874310262393e-08,2.9238684013396224e-07
Random5532
Raw:1.0104241096783009e-05,2.122547334954194e-06,1.9873220007881028e-05,0.49928167041623345,6.935296550282327e-09,0.49928167041624766,2.6320519398807638e-09,0.0014041591461476126,9.805874310262601e-08,2.9238684013396436e-07
EFT:1.0104241096782794e-05,2.122547334954209e-06,1.987322000788117e-05,0.499281670416237,6.935296550282277e-09,0.4992816704162441,2.6320519398807075e-09,0.0014041591461476227,9.805874310262393e-08,2.9238684013396224e-07
Random5533
Raw:1.0104241096782938e-05,2.122547334954239e-06,1.987322000788145e-05,0.499281670416237,6.935296550282277e-09,0.4992816704162441,2.632051939880745e-09,0.0014041591461476427,9.805874310262532e-08,2.9238684013396224e-07
EFT:1.0104241096782794e-05,2.122547334954209e-06,1.987322000788117e-05,0.499281670416237,6.935296550282277e-09,0.4992816704162441,2.6320519398807075e-09,0.0014041591461476227,9.805874310262393e-08,2.9238684013396224e-07
Random5534
Raw:1.010424109678301e-05,2.122547334954224e-06,1.987322000788131e-05,0.49928167041624055,6.935296550282425e-09,0.49928167041624055,2.6320519398807638e-09,0.0014041591461476327,9.805874310262602e-08,2.923868401339685e-07
EFT:1.0104241096782794e-05,2.122547334954209e-06,1.987322000788117e-05,0.499281670416237,6.935296550282277e-09,0.4992816704162441,2.6320519398807075e-09,0.0014041591461476227,9.805874310262393e-08,2.9238684013396224e-07
Random5535
Raw:1.0104241096782794e-05,2.122547334954209e-06,1.987322000788117e-05,0.499281670416237,6.9352965502821786e-09,0.4992816704162441,2.632051939880745e-09,0.0014041591461476227,9.805874310262254e-08,2.9238684013396224e-07
EFT:1.0104241096782794e-05,2.122547334954209e-06,1.987322000788117e-05,0.499281670416237,6.935296550282277e-09,0.4992816704162441,2.6320519398807075e-09,0.0014041591461476227,9.805874310262393e-08,2.9238684013396224e-07
Random5536
Raw:1.0104241096782723e-05,2.122547334954194e-06,1.9873220007881028e-05,0.49928167041624055,6.93529655028213e-09,0.49928167041624055,2.632051939880689e-09,0.0014041591461476128,9.805874310262184e-08,2.923868401339602e-07
EFT:1.0104241096782794e-05,2.122547334954209e-06,1.987322000788117e-05,0.499281670416237,6.935296550282277e-09,0.4992816704162441,2.6320519398807075e-09,0.0014041591461476227,9.805874310262393e-08,2.9238684013396224e-07
Random5537
Raw:1.0104241096782867e-05,2.122547334954224e-06,1.987322000788131e-05,0.49928167041624055,6.935296550282326e-09,0.49928167041624055,2.6320519398807265e-09,0.0014041591461476327,9.805874310262462e-08,2.923868401339643e-07
EFT:1.0104241096782794e-05,2.122547334954209e-06,1.987322000788117e-05,0.499281670416237,6.935296550282277e-09,0.4992816704162441,2.6320519398807075e-09,0.0014041591461476227,9.805874310262393e-08,2.9238684013396224e-07
Random5538
Raw:1.0104241096782867e-05,2.122547334954224e-06,1.987322000788131e-05,0.49928167041624055,6.935296550282228e-09,0.49928167041624055,2.632051939880689e-09,0.0014041591461476327,9.805874310262462e-08,2.923868401339602e-07
EFT:1.0104241096782794e-05,2.122547334954209e-06,1.987322000788117e-05,0.499281670416237,6.935296550282277e-09,0.4992816704162441,2.6320519398807075e-09,0.0014041591461476227,9.805874310262393e-08,2.9238684013396224e-07
Random5539
Raw:1.0104241096782794e-05,2.1225473349541788e-06,1.9873220007880885e-05,0.499281670416237,6.9352965502821786e-09,0.4992816704162441,2.632051939880745e-09,0.0014041591461476026,9.805874310262254e-08,2.9238684013396224e-07
EFT:1.0104241096782794e-05,2.122547334954209e-06,1.987322000788117e-05,0.499281670416237,6.935296550282277e-09,0.4992816704162441,2.6320519398807075e-09,0.0014041591461476227,9.805874310262393e-08,2.9238684013396224e-07
Random5540
Raw:1.0104241096783009e-05,2.122547334954224e-06,1.987322000788131e-05,0.49928167041623345,6.935296550282327e-09,0.49928167041624766,2.6320519398807638e-09,0.0014041591461476327,9.805874310262601e-08,2.9238684013396436e-07
EFT:1.0104241096782794e-05,2.122547334954209e-06,1.987322000788117e-05,0.499281670416237,6.935296550282277e-09,0.4992816704162441,2.6320519398807075e-09,0.0014041591461476227,9.805874310262393e-08,2.9238684013396224e-07
Random5541
Raw:1.0104241096782867e-05,2.122547334954194e-06,1.9873220007881028e-05,0.49928167041624055,6.935296550282326e-09,0.49928167041624055,2.6320519398807265e-09,0.0014041591461476128,9.805874310262602e-08,2.923868401339643e-07
EFT:1.0104241096782794e-05,2.122547334954209e-06,1.987322000788117e-05,0.499281670416237,6.935296550282277e-09,0.4992816704162441,2.6320519398807075e-09,0.0014041591461476227,9.805874310262393e-08,2.9238684013396224e-07
Random5542
Raw:1.0104241096782938e-05,2.122547334954209e-06,1.987322000788117e-05,0.499281670416237,6.935296550282277e-09,0.4992816704162441,2.632051939880745e-09,0.0014041591461476427,9.805874310262393e-08,2.9238684013396224e-07
EFT:1.0104241096782794e-05,2.122547334954209e-06,1.987322000788117e-05,0.499281670416237,6.935296550282277e-09,0.4992816704162441,2.6320519398807075e-09,0.0014041591461476227,9.805874310262393e-08,2.9238684013396224e-07
Random5543
Raw:1.0104241096782794e-05,2.1225473349541788e-06,1.9873220007880885e-05,0.499281670416237,6.935296550282277e-09,0.4992816704162441,2.632051939880745e-09,0.0014041591461476026,9.805874310262254e-08,2.9238684013396224e-07
EFT:1.0104241096782794e-05,2.122547334954209e-06,1.987322000788117e-05,0.499281670416237,6.935296550282277e-09,0.4992816704162441,2.6320519398807075e-09,0.0014041591461476227,9.805874310262393e-08,2.9238684013396224e-07
Random5544
Raw:1.0104241096783009e-05,2.122547334954224e-06,1.9873220007881028e-05,0.49928167041623345,6.935296550282327e-09,0.49928167041624766,2.6320519398807638e-09,0.0014041591461476327,9.805874310262601e-08,2.9238684013396436e-07
EFT:1.0104241096782794e-05,2.122547334954209e-06,1.987322000788117e-05,0.499281670416237,6.935296550282277e-09,0.4992816704162441,2.6320519398807075e-09,0.0014041591461476227,9.805874310262393e-08,2.9238684013396224e-07
Random5545
Raw:1.0104241096783009e-05,2.122547334954224e-06,1.987322000788131e-05,0.49928167041623345,6.935296550282327e-09,0.49928167041624766,2.6320519398807638e-09,0.0014041591461476327,9.805874310262462e-08,2.923868401339685e-07
EFT:1.0104241096782794e-05,2.122547334954209e-06,1.987322000788117e-05,0.499281670416237,6.935296550282277e-09,0.4992816704162441,2.6320519398807075e-09,0.0014041591461476227,9.805874310262393e-08,2.9238684013396224e-07
Random5546
Raw:1.0104241096782867e-05,2.122547334954224e-06,1.987322000788131e-05,0.49928167041624055,6.935296550282326e-09,0.49928167041624055,2.6320519398807638e-09,0.0014041591461476327,9.805874310262462e-08,2.923868401339643e-07
EFT:1.0104241096782794e-05,2.122547334954209e-06,1.987322000788117e-05,0.499281670416237,6.935296550282277e-09,0.4992816704162441,2.6320519398807075e-09,0.0014041591461476227,9.805874310262393e-08,2.9238684013396224e-07
Random5547
Raw:1.0104241096782867e-05,2.122547334954194e-06,1.9873220007881028e-05,0.49928167041624055,6.935296550282326e-09,0.49928167041624055,2.6320519398807265e-09,0.0014041591461476128,9.805874310262602e-08,2.923868401339643e-07
EFT:1.0104241096782794e-05,2.122547334954209e-06,1.987322000788117e-05,0.499281670416237,6.935296550282277e-09,0.4992816704162441,2.6320519398807075e-09,0.0014041591461476227,9.805874310262393e-08,2.9238684013396224e-07
Random5548
Raw:1.0104241096782938e-05,2.122547334954209e-06,1.987322000788117e-05,0.499281670416237,6.935296550282277e-09,0.4992816704162441,2.632051939880745e-09,0.0014041591461476227,9.805874310262532e-08,2.9238684013396224e-07
EFT:1.0104241096782794e-05,2.122547334954209e-06,1.987322000788117e-05,0.499281670416237,6.935296550282277e-09,0.4992816704162441,2.6320519398807075e-09,0.0014041591461476227,9.805874310262393e-08,2.9238684013396224e-07
Random5549
Raw:1.0104241096782938e-05,2.122547334954209e-06,1.9873220007880885e-05,0.499281670416237,6.935296550282277e-09,0.4992816704162441,2.632051939880745e-09,0.0014041591461476227,9.805874310262393e-08,2.9238684013396224e-07
EFT:1.0104241096782794e-05,2.122547334954209e-06,1.987322000788117e-05,0.499281670416237,6.935296550282277e-09,0.4992816704162441,2.6320519398807075e-09,0.0014041591461476227,9.805874310262393e-08,2.9238684013396224e-07
Random5550
Raw:1.0104241096782794e-05,2.1225473349541788e-06,1.9873220007880885e-05,0.499281670416237,6.9352965502821786e-09,0.4992816704162441,2.63205193988067e-09,0.0014041591461476227,9.805874310262393e-08,2.923868401339581e-07
EFT:1.0104241096782794e-05,2.122547334954209e-06,1.987322000788117e-05,0.499281670416237,6.935296550282277e-09,0.4992816704162441,2.6320519398807075e-09,0.0014041591461476227,9.805874310262393e-08,2.9238684013396224e-07
Random5551
Raw:1.0104241096782867e-05,2.122547334954224e-06,1.987322000788131e-05,0.49928167041624055,6.935296550282228e-09,0.49928167041624055,2.632051939880689e-09,0.0014041591461476327,9.805874310262323e-08,2.923868401339643e-07
EFT:1.0104241096782794e-05,2.122547334954209e-06,1.987322000788117e-05,0.499281670416237,6.935296550282277e-09,0.4992816704162441,2.6320519398807075e-09,0.0014041591461476227,9.805874310262393e-08,2.9238684013396224e-07
Random5552
Raw:1.0104241096782723e-05,2.122547334954194e-06,1.9873220007881028e-05,0.49928167041624055,6.93529655028213e-09,0.49928167041624055,2.6320519398806513e-09,0.0014041591461476128,9.805874310262323e-08,2.923868401339602e-07
EFT:1.0104241096782794e-05,2.122547334954209e-06,1.987322000788117e-05,0.499281670416237,6.935296550282277e-09,0.4992816704162441,2.6320519398807075e-09,0.0014041591461476227,9.805874310262393e-08,2.9238684013396224e-07
Random5553
Raw:1.0104241096782794e-05,2.1225473349541788e-06,1.9873220007880885e-05,0.499281670416237,6.935296550282277e-09,0.4992816704162441,2.632051939880745e-09,0.0014041591461476026,9.805874310262254e-08,2.9238684013396224e-07
EFT:1.0104241096782794e-05,2.122547334954209e-06,1.987322000788117e-05,0.499281670416237,6.935296550282277e-09,0.4992816704162441,2.6320519398807075e-09,0.0014041591461476227,9.805874310262393e-08,2.9238684013396224e-07
Random5554
Raw:1.0104241096782938e-05,2.122547334954209e-06,1.987322000788117e-05,0.499281670416237,6.9352965502823754e-09,0.4992816704162441,2.6320519398807824e-09,0.0014041591461476227,9.805874310262532e-08,2.9238684013396637e-07
EFT:1.0104241096782794e-05,2.122547334954209e-06,1.987322000788117e-05,0.499281670416237,6.935296550282277e-09,0.4992816704162441,2.6320519398807075e-09,0.0014041591461476227,9.805874310262393e-08,2.9238684013396224e-07
Random5555
Raw:1.0104241096782938e-05,2.122547334954239e-06,1.9873220007880885e-05,0.499281670416237,6.935296550282277e-09,0.4992816704162441,2.632051939880745e-09,0.0014041591461476227,9.805874310262532e-08,2.9238684013396224e-07
EFT:1.0104241096782794e-05,2.122547334954209e-06,1.987322000788117e-05,0.499281670416237,6.935296550282277e-09,0.4992816704162441,2.6320519398807075e-09,0.0014041591461476227,9.805874310262393e-08,2.9238684013396224e-07
Random5556
Raw:1.0104241096782938e-05,2.122547334954209e-06,1.987322000788117e-05,0.499281670416237,6.9352965502823754e-09,0.4992816704162441,2.632051939880745e-09,0.0014041591461476227,9.805874310262393e-08,2.9238684013396637e-07
EFT:1.0104241096782794e-05,2.122547334954209e-06,1.987322000788117e-05,0.499281670416237,6.935296550282277e-09,0.4992816704162441,2.6320519398807075e-09,0.0014041591461476227,9.805874310262393e-08,2.9238684013396224e-07
Random5557
Raw:1.0104241096783082e-05,2.122547334954239e-06,1.987322000788145e-05,0.499281670416237,6.935296550282475e-09,0.4992816704162441,2.6320519398807824e-09,0.0014041591461476427,9.805874310262532e-08,2.9238684013396637e-07
EFT:1.0104241096782794e-05,2.122547334954209e-06,1.987322000788117e-05,0.499281670416237,6.935296550282277e-09,0.4992816704162441,2.6320519398807075e-09,0.0014041591461476227,9.805874310262393e-08,2.9238684013396224e-07
Random5558
Raw:1.0104241096782865e-05,2.122547334954194e-06,1.9873220007881028e-05,0.49928167041623345,6.935296550282327e-09,0.49928167041624766,2.632051939880726e-09,0.0014041591461476126,9.805874310262462e-08,2.9238684013396436e-07
EFT:1.0104241096782794e-05,2.122547334954209e-06,1.987322000788117e-05,0.499281670416237,6.935296550282277e-09,0.4992816704162441,2.6320519398807075e-09,0.0014041591461476227,9.805874310262393e-08,2.9238684013396224e-07
Random5559
Raw:1.0104241096782938e-05,2.122547334954209e-06,1.987322000788117e-05,0.499281670416237,6.9352965502823754e-09,0.4992816704162441,2.632051939880745e-09,0.0014041591461476227,9.805874310262532e-08,2.9238684013396637e-07
EFT:1.0104241096782794e-05,2.122547334954209e-06,1.987322000788117e-05,0.499281670416237,6.935296550282277e-09,0.4992816704162441,2.6320519398807075e-09,0.0014041591461476227,9.805874310262393e-08,2.9238684013396224e-07
Random5560
Raw:1.0104241096782867e-05,2.122547334954224e-06,1.9873220007881028e-05,0.49928167041624055,6.935296550282326e-09,0.49928167041624055,2.6320519398807265e-09,0.0014041591461476327,9.805874310262323e-08,2.923868401339643e-07
EFT:1.0104241096782794e-05,2.122547334954209e-06,1.987322000788117e-05,0.499281670416237,6.935296550282277e-09,0.4992816704162441,2.6320519398807075e-09,0.0014041591461476227,9.805874310262393e-08,2.9238684013396224e-07
Random5561
Raw:1.0104241096782938e-05,2.122547334954209e-06,1.987322000788117e-05,0.499281670416237,6.935296550282277e-09,0.4992816704162441,2.632051939880745e-09,0.0014041591461476427,9.805874310262393e-08,2.9238684013396224e-07
EFT:1.0104241096782794e-05,2.122547334954209e-06,1.987322000788117e-05,0.499281670416237,6.935296550282277e-09,0.4992816704162441,2.6320519398807075e-09,0.0014041591461476227,9.805874310262393e-08,2.9238684013396224e-07
Random5562
Raw:1.0104241096782867e-05,2.122547334954224e-06,1.987322000788131e-05,0.49928167041624055,6.935296550282326e-09,0.49928167041624055,2.6320519398807265e-09,0.0014041591461476327,9.805874310262462e-08,2.923868401339643e-07
EFT:1.0104241096782794e-05,2.122547334954209e-06,1.987322000788117e-05,0.499281670416237,6.935296550282277e-09,0.4992816704162441,2.6320519398807075e-09,0.0014041591461476227,9.805874310262393e-08,2.9238684013396224e-07
Random5563
Raw:1.0104241096782938e-05,2.122547334954209e-06,1.987322000788117e-05,0.499281670416237,6.935296550282277e-09,0.4992816704162441,2.632051939880745e-09,0.0014041591461476427,9.805874310262393e-08,2.9238684013396224e-07
EFT:1.0104241096782794e-05,2.122547334954209e-06,1.987322000788117e-05,0.499281670416237,6.935296550282277e-09,0.4992816704162441,2.6320519398807075e-09,0.0014041591461476227,9.805874310262393e-08,2.9238684013396224e-07
Random5564
Raw:1.0104241096782938e-05,2.122547334954209e-06,1.987322000788117e-05,0.499281670416237,6.935296550282277e-09,0.4992816704162441,2.632051939880745e-09,0.0014041591461476227,9.805874310262532e-08,2.9238684013396224e-07
EFT:1.0104241096782794e-05,2.122547334954209e-06,1.987322000788117e-05,0.499281670416237,6.935296550282277e-09,0.4992816704162441,2.6320519398807075e-09,0.0014041591461476227,9.805874310262393e-08,2.9238684013396224e-07
Random5565
Raw:1.0104241096782938e-05,2.122547334954239e-06,1.987322000788145e-05,0.499281670416237,6.935296550282277e-09,0.4992816704162441,2.632051939880745e-09,0.0014041591461476427,9.805874310262393e-08,2.9238684013396637e-07
EFT:1.0104241096782794e-05,2.122547334954209e-06,1.987322000788117e-05,0.499281670416237,6.935296550282277e-09,0.4992816704162441,2.6320519398807075e-09,0.0014041591461476227,9.805874310262393e-08,2.9238684013396224e-07
Random5566
Raw:1.0104241096782794e-05,2.122547334954209e-06,1.987322000788117e-05,0.499281670416237,6.9352965502821786e-09,0.4992816704162441,2.6320519398807075e-09,0.0014041591461476227,9.805874310262393e-08,2.9238684013396224e-07
EFT:1.0104241096782794e-05,2.122547334954209e-06,1.987322000788117e-05,0.499281670416237,6.935296550282277e-09,0.4992816704162441,2.6320519398807075e-09,0.0014041591461476227,9.805874310262393e-08,2.9238684013396224e-07
Random5567
Raw:1.0104241096782867e-05,2.122547334954194e-06,1.9873220007881028e-05,0.49928167041624055,6.935296550282326e-09,0.49928167041624055,2.6320519398807265e-09,0.0014041591461476128,9.805874310262323e-08,2.923868401339643e-07
EFT:1.0104241096782794e-05,2.122547334954209e-06,1.987322000788117e-05,0.499281670416237,6.935296550282277e-09,0.4992816704162441,2.6320519398807075e-09,0.0014041591461476227,9.805874310262393e-08,2.9238684013396224e-07
Random5568
Raw:1.0104241096782938e-05,2.122547334954209e-06,1.987322000788117e-05,0.499281670416237,6.9352965502823754e-09,0.4992816704162441,2.632051939880745e-09,0.0014041591461476227,9.805874310262532e-08,2.9238684013396637e-07
EFT:1.0104241096782794e-05,2.122547334954209e-06,1.987322000788117e-05,0.499281670416237,6.935296550282277e-09,0.4992816704162441,2.6320519398807075e-09,0.0014041591461476227,9.805874310262393e-08,2.9238684013396224e-07
Random5569
Raw:1.0104241096783009e-05,2.122547334954224e-06,1.987322000788131e-05,0.49928167041623345,6.935296550282327e-09,0.49928167041624766,2.6320519398807638e-09,0.0014041591461476327,9.805874310262462e-08,2.923868401339685e-07
EFT:1.0104241096782794e-05,2.122547334954209e-06,1.987322000788117e-05,0.499281670416237,6.935296550282277e-09,0.4992816704162441,2.6320519398807075e-09,0.0014041591461476227,9.805874310262393e-08,2.9238684013396224e-07
Random5570
Raw:1.0104241096783009e-05,2.122547334954224e-06,1.9873220007881028e-05,0.49928167041623345,6.935296550282327e-09,0.49928167041624766,2.632051939880801e-09,0.0014041591461476327,9.805874310262601e-08,2.9238684013396436e-07
EFT:1.0104241096782794e-05,2.122547334954209e-06,1.987322000788117e-05,0.499281670416237,6.935296550282277e-09,0.4992816704162441,2.6320519398807075e-09,0.0014041591461476227,9.805874310262393e-08,2.9238684013396224e-07
Random5571
Raw:1.0104241096783009e-05,2.122547334954224e-06,1.9873220007881028e-05,0.49928167041623345,6.935296550282327e-09,0.49928167041624766,2.6320519398807638e-09,0.0014041591461476327,9.805874310262601e-08,2.9238684013396436e-07
EFT:1.0104241096782794e-05,2.122547334954209e-06,1.987322000788117e-05,0.499281670416237,6.935296550282277e-09,0.4992816704162441,2.6320519398807075e-09,0.0014041591461476227,9.805874310262393e-08,2.9238684013396224e-07
Random5572
Raw:1.0104241096782867e-05,2.122547334954224e-06,1.987322000788131e-05,0.49928167041624055,6.935296550282326e-09,0.49928167041624055,2.6320519398807265e-09,0.0014041591461476327,9.805874310262462e-08,2.923868401339643e-07
EFT:1.0104241096782794e-05,2.122547334954209e-06,1.987322000788117e-05,0.499281670416237,6.935296550282277e-09,0.4992816704162441,2.6320519398807075e-09,0.0014041591461476227,9.805874310262393e-08,2.9238684013396224e-07
Random5573
Raw:1.0104241096782867e-05,2.122547334954224e-06,1.987322000788131e-05,0.49928167041624055,6.935296550282326e-09,0.49928167041624055,2.6320519398807265e-09,0.0014041591461476327,9.805874310262462e-08,2.923868401339643e-07
EFT:1.0104241096782794e-05,2.122547334954209e-06,1.987322000788117e-05,0.499281670416237,6.935296550282277e-09,0.4992816704162441,2.6320519398807075e-09,0.0014041591461476227,9.805874310262393e-08,2.9238684013396224e-07
Random5574
Raw:1.0104241096782867e-05,2.122547334954224e-06,1.987322000788131e-05,0.49928167041624055,6.935296550282326e-09,0.49928167041624055,2.6320519398807265e-09,0.0014041591461476327,9.805874310262462e-08,2.923868401339643e-07
EFT:1.0104241096782794e-05,2.122547334954209e-06,1.987322000788117e-05,0.499281670416237,6.935296550282277e-09,0.4992816704162441,2.6320519398807075e-09,0.0014041591461476227,9.805874310262393e-08,2.9238684013396224e-07
Random5575
Raw:1.0104241096783009e-05,2.122547334954224e-06,1.987322000788131e-05,0.49928167041623345,6.935296550282327e-09,0.49928167041624766,2.6320519398807638e-09,0.0014041591461476327,9.805874310262601e-08,2.9238684013396436e-07
EFT:1.0104241096782794e-05,2.122547334954209e-06,1.987322000788117e-05,0.499281670416237,6.935296550282277e-09,0.4992816704162441,2.6320519398807075e-09,0.0014041591461476227,9.805874310262393e-08,2.9238684013396224e-07
Random5576
Raw:1.0104241096782938e-05,2.122547334954209e-06,1.987322000788117e-05,0.499281670416237,6.935296550282277e-09,0.4992816704162441,2.632051939880745e-09,0.0014041591461476227,9.805874310262532e-08,2.9238684013396224e-07
EFT:1.0104241096782794e-05,2.122547334954209e-06,1.987322000788117e-05,0.499281670416237,6.935296550282277e-09,0.4992816704162441,2.6320519398807075e-09,0.0014041591461476227,9.805874310262393e-08,2.9238684013396224e-07
Random5577
Raw:1.0104241096782938e-05,2.122547334954209e-06,1.987322000788117e-05,0.499281670416237,6.9352965502823754e-09,0.4992816704162441,2.632051939880745e-09,0.0014041591461476227,9.805874310262532e-08,2.9238684013396637e-07
EFT:1.0104241096782794e-05,2.122547334954209e-06,1.987322000788117e-05,0.499281670416237,6.935296550282277e-09,0.4992816704162441,2.6320519398807075e-09,0.0014041591461476227,9.805874310262393e-08,2.9238684013396224e-07
Random5578
Raw:1.0104241096782938e-05,2.122547334954209e-06,1.987322000788117e-05,0.499281670416237,6.9352965502823754e-09,0.4992816704162441,2.632051939880745e-09,0.0014041591461476227,9.805874310262532e-08,2.9238684013396637e-07
EFT:1.0104241096782794e-05,2.122547334954209e-06,1.987322000788117e-05,0.499281670416237,6.935296550282277e-09,0.4992816704162441,2.6320519398807075e-09,0.0014041591461476227,9.805874310262393e-08,2.9238684013396224e-07
Random5579
Raw:1.0104241096782865e-05,2.122547334954194e-06,1.9873220007881028e-05,0.49928167041623345,6.935296550282228e-09,0.49928167041624766,2.632051939880726e-09,0.0014041591461476126,9.805874310262462e-08,2.9238684013396436e-07
EFT:1.0104241096782794e-05,2.122547334954209e-06,1.987322000788117e-05,0.499281670416237,6.935296550282277e-09,0.4992816704162441,2.6320519398807075e-09,0.0014041591461476227,9.805874310262393e-08,2.9238684013396224e-07
Random5580
Raw:1.0104241096782938e-05,2.122547334954239e-06,1.987322000788117e-05,0.499281670416237,6.935296550282277e-09,0.4992816704162441,2.632051939880745e-09,0.0014041591461476427,9.805874310262393e-08,2.9238684013396637e-07
EFT:1.0104241096782794e-05,2.122547334954209e-06,1.987322000788117e-05,0.499281670416237,6.935296550282277e-09,0.4992816704162441,2.6320519398807075e-09,0.0014041591461476227,9.805874310262393e-08,2.9238684013396224e-07
Random5581
Raw:1.0104241096782867e-05,2.122547334954224e-06,1.9873220007881028e-05,0.49928167041624055,6.935296550282326e-09,0.49928167041624055,2.6320519398807638e-09,0.0014041591461476128,9.805874310262462e-08,2.923868401339643e-07
EFT:1.0104241096782794e-05,2.122547334954209e-06,1.987322000788117e-05,0.499281670416237,6.935296550282277e-09,0.4992816704162441,2.6320519398807075e-09,0.0014041591461476227,9.805874310262393e-08,2.9238684013396224e-07
Random5582
Raw:1.0104241096782867e-05,2.122547334954224e-06,1.987322000788131e-05,0.49928167041624055,6.935296550282326e-09,0.49928167041624055,2.6320519398807265e-09,0.0014041591461476327,9.805874310262462e-08,2.923868401339643e-07
EFT:1.0104241096782794e-05,2.122547334954209e-06,1.987322000788117e-05,0.499281670416237,6.935296550282277e-09,0.4992816704162441,2.6320519398807075e-09,0.0014041591461476227,9.805874310262393e-08,2.9238684013396224e-07
Random5583
Raw:1.0104241096782867e-05,2.122547334954224e-06,1.987322000788131e-05,0.49928167041624055,6.935296550282326e-09,0.49928167041624055,2.6320519398807265e-09,0.0014041591461476327,9.805874310262323e-08,2.923868401339643e-07
EFT:1.0104241096782794e-05,2.122547334954209e-06,1.987322000788117e-05,0.499281670416237,6.935296550282277e-09,0.4992816704162441,2.6320519398807075e-09,0.0014041591461476227,9.805874310262393e-08,2.9238684013396224e-07
Random5584
Raw:1.0104241096782938e-05,2.122547334954209e-06,1.987322000788117e-05,0.499281670416237,6.9352965502823754e-09,0.4992816704162441,2.632051939880745e-09,0.0014041591461476227,9.805874310262532e-08,2.9238684013396637e-07
EFT:1.0104241096782794e-05,2.122547334954209e-06,1.987322000788117e-05,0.499281670416237,6.935296550282277e-09,0.4992816704162441,2.6320519398807075e-09,0.0014041591461476227,9.805874310262393e-08,2.9238684013396224e-07
Random5585
Raw:1.0104241096782865e-05,2.122547334954194e-06,1.9873220007881028e-05,0.49928167041623345,6.935296550282228e-09,0.49928167041624766,2.632051939880726e-09,0.0014041591461476126,9.805874310262462e-08,2.9238684013396436e-07
EFT:1.0104241096782794e-05,2.122547334954209e-06,1.987322000788117e-05,0.499281670416237,6.935296550282277e-09,0.4992816704162441,2.6320519398807075e-09,0.0014041591461476227,9.805874310262393e-08,2.9238684013396224e-07
Random5586
Raw:1.0104241096783009e-05,2.122547334954224e-06,1.9873220007881028e-05,0.49928167041623345,6.935296550282327e-09,0.49928167041624766,2.6320519398807638e-09,0.0014041591461476327,9.805874310262601e-08,2.9238684013396436e-07
EFT:1.0104241096782794e-05,2.122547334954209e-06,1.987322000788117e-05,0.499281670416237,6.935296550282277e-09,0.4992816704162441,2.6320519398807075e-09,0.0014041591461476227,9.805874310262393e-08,2.9238684013396224e-07
Random5587
Raw:1.0104241096782867e-05,2.122547334954224e-06,1.987322000788131e-05,0.49928167041624055,6.935296550282326e-09,0.49928167041624055,2.6320519398807265e-09,0.0014041591461476327,9.805874310262462e-08,2.923868401339643e-07
EFT:1.0104241096782794e-05,2.122547334954209e-06,1.987322000788117e-05,0.499281670416237,6.935296550282277e-09,0.4992816704162441,2.6320519398807075e-09,0.0014041591461476227,9.805874310262393e-08,2.9238684013396224e-07
Random5588
Raw:1.0104241096782865e-05,2.122547334954194e-06,1.9873220007881028e-05,0.49928167041623345,6.935296550282327e-09,0.49928167041624766,2.632051939880726e-09,0.0014041591461476126,9.805874310262462e-08,2.9238684013396436e-07
EFT:1.0104241096782794e-05,2.122547334954209e-06,1.987322000788117e-05,0.499281670416237,6.935296550282277e-09,0.4992816704162441,2.6320519398807075e-09,0.0014041591461476227,9.805874310262393e-08,2.9238684013396224e-07
Random5589
Raw:1.0104241096782867e-05,2.122547334954224e-06,1.9873220007881028e-05,0.49928167041624055,6.935296550282326e-09,0.49928167041624055,2.6320519398807265e-09,0.0014041591461476128,9.805874310262462e-08,2.923868401339643e-07
EFT:1.0104241096782794e-05,2.122547334954209e-06,1.987322000788117e-05,0.499281670416237,6.935296550282277e-09,0.4992816704162441,2.6320519398807075e-09,0.0014041591461476227,9.805874310262393e-08,2.9238684013396224e-07
Random5590
Raw:1.0104241096782865e-05,2.122547334954194e-06,1.9873220007881028e-05,0.49928167041623345,6.935296550282228e-09,0.49928167041624766,2.632051939880726e-09,0.0014041591461476126,9.805874310262462e-08,2.9238684013396436e-07
EFT:1.0104241096782794e-05,2.122547334954209e-06,1.987322000788117e-05,0.499281670416237,6.935296550282277e-09,0.4992816704162441,2.6320519398807075e-09,0.0014041591461476227,9.805874310262393e-08,2.9238684013396224e-07
Random5591
Raw:1.0104241096782938e-05,2.122547334954209e-06,1.987322000788117e-05,0.499281670416237,6.935296550282277e-09,0.4992816704162441,2.632051939880745e-09,0.0014041591461476427,9.805874310262393e-08,2.9238684013396224e-07
EFT:1.0104241096782794e-05,2.122547334954209e-06,1.987322000788117e-05,0.499281670416237,6.935296550282277e-09,0.4992816704162441,2.6320519398807075e-09,0.0014041591461476227,9.805874310262393e-08,2.9238684013396224e-07
Random5592
Raw:1.0104241096782867e-05,2.122547334954224e-06,1.9873220007881028e-05,0.49928167041624055,6.935296550282326e-09,0.49928167041624055,2.6320519398807265e-09,0.0014041591461476327,9.805874310262602e-08,2.923868401339643e-07
EFT:1.0104241096782794e-05,2.122547334954209e-06,1.987322000788117e-05,0.499281670416237,6.935296550282277e-09,0.4992816704162441,2.6320519398807075e-09,0.0014041591461476227,9.805874310262393e-08,2.9238684013396224e-07
Random5593
Raw:1.0104241096782794e-05,2.122547334954209e-06,1.987322000788117e-05,0.499281670416237,6.935296550282277e-09,0.4992816704162441,2.6320519398807075e-09,0.0014041591461476026,9.805874310262393e-08,2.9238684013396224e-07
EFT:1.0104241096782794e-05,2.122547334954209e-06,1.987322000788117e-05,0.499281670416237,6.935296550282277e-09,0.4992816704162441,2.6320519398807075e-09,0.0014041591461476227,9.805874310262393e-08,2.9238684013396224e-07
Random5594
Raw:1.0104241096783009e-05,2.122547334954224e-06,1.987322000788131e-05,0.49928167041623345,6.935296550282327e-09,0.49928167041624766,2.6320519398807638e-09,0.0014041591461476327,9.805874310262462e-08,2.923868401339685e-07
EFT:1.0104241096782794e-05,2.122547334954209e-06,1.987322000788117e-05,0.499281670416237,6.935296550282277e-09,0.4992816704162441,2.6320519398807075e-09,0.0014041591461476227,9.805874310262393e-08,2.9238684013396224e-07
Random5595
Raw:1.0104241096783009e-05,2.122547334954224e-06,1.987322000788131e-05,0.49928167041623345,6.935296550282424e-09,0.49928167041624766,2.6320519398807638e-09,0.0014041591461476327,9.805874310262601e-08,2.923868401339685e-07
EFT:1.0104241096782794e-05,2.122547334954209e-06,1.987322000788117e-05,0.499281670416237,6.935296550282277e-09,0.4992816704162441,2.6320519398807075e-09,0.0014041591461476227,9.805874310262393e-08,2.9238684013396224e-07
Random5596
Raw:1.0104241096782938e-05,2.1225473349541788e-06,1.9873220007880885e-05,0.499281670416237,6.935296550282277e-09,0.4992816704162441,2.632051939880745e-09,0.0014041591461476026,9.805874310262532e-08,2.9238684013396224e-07
EFT:1.0104241096782794e-05,2.122547334954209e-06,1.987322000788117e-05,0.499281670416237,6.935296550282277e-09,0.4992816704162441,2.6320519398807075e-09,0.0014041591461476227,9.805874310262393e-08,2.9238684013396224e-07
Random5597
Raw:1.0104241096782867e-05,2.122547334954194e-06,1.9873220007881028e-05,0.49928167041624055,6.935296550282326e-09,0.49928167041624055,2.6320519398807265e-09,0.0014041591461476128,9.805874310262602e-08,2.923868401339643e-07
EFT:1.0104241096782794e-05,2.122547334954209e-06,1.987322000788117e-05,0.499281670416237,6.935296550282277e-09,0.4992816704162441,2.6320519398807075e-09,0.0014041591461476227,9.805874310262393e-08,2.9238684013396224e-07
Random5598
Raw:1.0104241096782938e-05,2.122547334954239e-06,1.987322000788145e-05,0.499281670416237,6.935296550282277e-09,0.4992816704162441,2.632051939880745e-09,0.0014041591461476427,9.805874310262532e-08,2.9238684013396224e-07
EFT:1.0104241096782794e-05,2.122547334954209e-06,1.987322000788117e-05,0.499281670416237,6.935296550282277e-09,0.4992816704162441,2.6320519398807075e-09,0.0014041591461476227,9.805874310262393e-08,2.9238684013396224e-07
Random5599
Raw:1.0104241096782867e-05,2.122547334954194e-06,1.9873220007881028e-05,0.49928167041624055,6.935296550282228e-09,0.49928167041624055,2.632051939880689e-09,0.0014041591461476327,9.805874310262323e-08,2.923868401339602e-07
EFT:1.0104241096782794e-05,2.122547334954209e-06,1.987322000788117e-05,0.499281670416237,6.935296550282277e-09,0.4992816704162441,2.6320519398807075e-09,0.0014041591461476227,9.805874310262393e-08,2.9238684013396224e-07
Random5600
Raw:1.0104241096782867e-05,2.1225473349542546e-06,1.987322000788131e-05,0.49928167041624055,6.935296550282326e-09,0.49928167041624055,2.6320519398807638e-09,0.0014041591461476128,9.805874310262462e-08,2.923868401339643e-07
EFT:1.0104241096782794e-05,2.122547334954209e-06,1.987322000788117e-05,0.499281670416237,6.935296550282277e-09,0.4992816704162441,2.6320519398807075e-09,0.0014041591461476227,9.805874310262393e-08,2.9238684013396224e-07
Random5601
Raw:1.0104241096782867e-05,2.122547334954224e-06,1.9873220007881028e-05,0.49928167041624055,6.935296550282326e-09,0.49928167041624055,2.6320519398807265e-09,0.0014041591461476128,9.805874310262462e-08,2.923868401339643e-07
EFT:1.0104241096782794e-05,2.122547334954209e-06,1.987322000788117e-05,0.499281670416237,6.935296550282277e-09,0.4992816704162441,2.6320519398807075e-09,0.0014041591461476227,9.805874310262393e-08,2.9238684013396224e-07
Random5602
Raw:1.0104241096782794e-05,2.122547334954209e-06,1.987322000788117e-05,0.499281670416237,6.9352965502821786e-09,0.4992816704162441,2.6320519398807075e-09,0.0014041591461476026,9.805874310262393e-08,2.9238684013396224e-07
EFT:1.0104241096782794e-05,2.122547334954209e-06,1.987322000788117e-05,0.499281670416237,6.935296550282277e-09,0.4992816704162441,2.6320519398807075e-09,0.0014041591461476227,9.805874310262393e-08,2.9238684013396224e-07
Random5603
Raw:1.0104241096782867e-05,2.122547334954194e-06,1.9873220007881028e-05,0.49928167041624055,6.935296550282326e-09,0.49928167041624055,2.6320519398807265e-09,0.0014041591461476128,9.805874310262323e-08,2.923868401339643e-07
EFT:1.0104241096782794e-05,2.122547334954209e-06,1.987322000788117e-05,0.499281670416237,6.935296550282277e-09,0.4992816704162441,2.6320519398807075e-09,0.0014041591461476227,9.805874310262393e-08,2.9238684013396224e-07
Random5604
Raw:1.0104241096782938e-05,2.122547334954209e-06,1.9873220007880885e-05,0.499281670416237,6.935296550282277e-09,0.4992816704162441,2.632051939880745e-09,0.0014041591461476227,9.805874310262532e-08,2.9238684013396224e-07
EFT:1.0104241096782794e-05,2.122547334954209e-06,1.987322000788117e-05,0.499281670416237,6.935296550282277e-09,0.4992816704162441,2.6320519398807075e-09,0.0014041591461476227,9.805874310262393e-08,2.9238684013396224e-07
Random5605
Raw:1.0104241096782938e-05,2.122547334954239e-06,1.987322000788117e-05,0.499281670416237,6.935296550282277e-09,0.4992816704162441,2.632051939880745e-09,0.0014041591461476427,9.805874310262532e-08,2.9238684013396224e-07
EFT:1.0104241096782794e-05,2.122547334954209e-06,1.987322000788117e-05,0.499281670416237,6.935296550282277e-09,0.4992816704162441,2.6320519398807075e-09,0.0014041591461476227,9.805874310262393e-08,2.9238684013396224e-07
Random5606
Raw:1.0104241096782867e-05,2.122547334954224e-06,1.9873220007881028e-05,0.49928167041624055,6.935296550282326e-09,0.49928167041624055,2.6320519398807265e-09,0.0014041591461476327,9.805874310262323e-08,2.923868401339643e-07
EFT:1.0104241096782794e-05,2.122547334954209e-06,1.987322000788117e-05,0.499281670416237,6.935296550282277e-09,0.4992816704162441,2.6320519398807075e-09,0.0014041591461476227,9.805874310262393e-08,2.9238684013396224e-07
Random5607
Raw:1.0104241096782794e-05,2.122547334954209e-06,1.987322000788117e-05,0.499281670416237,6.9352965502821786e-09,0.4992816704162441,2.632051939880745e-09,0.0014041591461476227,9.805874310262254e-08,2.9238684013396224e-07
EFT:1.0104241096782794e-05,2.122547334954209e-06,1.987322000788117e-05,0.499281670416237,6.935296550282277e-09,0.4992816704162441,2.6320519398807075e-09,0.0014041591461476227,9.805874310262393e-08,2.9238684013396224e-07
Random5608
Raw:1.0104241096782938e-05,2.122547334954209e-06,1.9873220007880885e-05,0.499281670416237,6.935296550282277e-09,0.4992816704162441,2.632051939880745e-09,0.0014041591461476227,9.805874310262532e-08,2.9238684013396224e-07
EFT:1.0104241096782794e-05,2.122547334954209e-06,1.987322000788117e-05,0.499281670416237,6.935296550282277e-09,0.4992816704162441,2.6320519398807075e-09,0.0014041591461476227,9.805874310262393e-08,2.9238684013396224e-07
Random5609
Raw:1.0104241096782794e-05,2.122547334954209e-06,1.987322000788117e-05,0.499281670416237,6.9352965502821786e-09,0.4992816704162441,2.6320519398807075e-09,0.0014041591461476026,9.805874310262393e-08,2.9238684013396224e-07
EFT:1.0104241096782794e-05,2.122547334954209e-06,1.987322000788117e-05,0.499281670416237,6.935296550282277e-09,0.4992816704162441,2.6320519398807075e-09,0.0014041591461476227,9.805874310262393e-08,2.9238684013396224e-07
Random5610
Raw:1.0104241096782938e-05,2.122547334954239e-06,1.987322000788145e-05,0.499281670416237,6.935296550282277e-09,0.4992816704162441,2.632051939880745e-09,0.0014041591461476427,9.805874310262393e-08,2.9238684013396637e-07
EFT:1.0104241096782794e-05,2.122547334954209e-06,1.987322000788117e-05,0.499281670416237,6.935296550282277e-09,0.4992816704162441,2.6320519398807075e-09,0.0014041591461476227,9.805874310262393e-08,2.9238684013396224e-07
Random5611
Raw:1.0104241096782938e-05,2.122547334954239e-06,1.987322000788145e-05,0.499281670416237,6.935296550282277e-09,0.4992816704162441,2.632051939880745e-09,0.0014041591461476427,9.805874310262532e-08,2.9238684013396224e-07
EFT:1.0104241096782794e-05,2.122547334954209e-06,1.987322000788117e-05,0.499281670416237,6.935296550282277e-09,0.4992816704162441,2.6320519398807075e-09,0.0014041591461476227,9.805874310262393e-08,2.9238684013396224e-07
Random5612
Raw:1.0104241096782867e-05,2.1225473349542546e-06,1.987322000788131e-05,0.49928167041624055,6.935296550282326e-09,0.49928167041624055,2.6320519398807638e-09,0.0014041591461476327,9.805874310262462e-08,2.923868401339643e-07
EFT:1.0104241096782794e-05,2.122547334954209e-06,1.987322000788117e-05,0.499281670416237,6.935296550282277e-09,0.4992816704162441,2.6320519398807075e-09,0.0014041591461476227,9.805874310262393e-08,2.9238684013396224e-07
Random5613
Raw:1.0104241096782938e-05,2.122547334954209e-06,1.987322000788117e-05,0.499281670416237,6.9352965502823754e-09,0.4992816704162441,2.632051939880745e-09,0.0014041591461476227,9.805874310262393e-08,2.9238684013396637e-07
EFT:1.0104241096782794e-05,2.122547334954209e-06,1.987322000788117e-05,0.499281670416237,6.935296550282277e-09,0.4992816704162441,2.6320519398807075e-09,0.0014041591461476227,9.805874310262393e-08,2.9238684013396224e-07
Random5614
Raw:1.0104241096782865e-05,2.122547334954194e-06,1.9873220007880747e-05,0.49928167041623345,6.935296550282228e-09,0.49928167041624766,2.6320519398807638e-09,0.0014041591461476126,9.805874310262462e-08,2.9238684013396436e-07
EFT:1.0104241096782794e-05,2.122547334954209e-06,1.987322000788117e-05,0.499281670416237,6.935296550282277e-09,0.4992816704162441,2.6320519398807075e-09,0.0014041591461476227,9.805874310262393e-08,2.9238684013396224e-07
Random5615
Raw:1.0104241096782867e-05,2.122547334954224e-06,1.987322000788131e-05,0.49928167041624055,6.935296550282326e-09,0.49928167041624055,2.6320519398807265e-09,0.0014041591461476128,9.805874310262462e-08,2.923868401339643e-07
EFT:1.0104241096782794e-05,2.122547334954209e-06,1.987322000788117e-05,0.499281670416237,6.935296550282277e-09,0.4992816704162441,2.6320519398807075e-09,0.0014041591461476227,9.805874310262393e-08,2.9238684013396224e-07
Random5616
Raw:1.0104241096782938e-05,2.122547334954239e-06,1.987322000788145e-05,0.499281670416237,6.935296550282277e-09,0.4992816704162441,2.632051939880745e-09,0.0014041591461476427,9.805874310262393e-08,2.9238684013396637e-07
EFT:1.0104241096782794e-05,2.122547334954209e-06,1.987322000788117e-05,0.499281670416237,6.935296550282277e-09,0.4992816704162441,2.6320519398807075e-09,0.0014041591461476227,9.805874310262393e-08,2.9238684013396224e-07
Random5617
Raw:1.0104241096782938e-05,2.122547334954209e-06,1.987322000788117e-05,0.499281670416237,6.9352965502823754e-09,0.4992816704162441,2.632051939880745e-09,0.0014041591461476227,9.805874310262532e-08,2.9238684013396637e-07
EFT:1.0104241096782794e-05,2.122547334954209e-06,1.987322000788117e-05,0.499281670416237,6.935296550282277e-09,0.4992816704162441,2.6320519398807075e-09,0.0014041591461476227,9.805874310262393e-08,2.9238684013396224e-07
Random5618
Raw:1.0104241096782867e-05,2.1225473349542546e-06,1.987322000788131e-05,0.49928167041624055,6.935296550282326e-09,0.49928167041624055,2.6320519398807638e-09,0.0014041591461476128,9.805874310262462e-08,2.923868401339643e-07
EFT:1.0104241096782794e-05,2.122547334954209e-06,1.987322000788117e-05,0.499281670416237,6.935296550282277e-09,0.4992816704162441,2.6320519398807075e-09,0.0014041591461476227,9.805874310262393e-08,2.9238684013396224e-07
Random5619
Raw:1.0104241096782867e-05,2.122547334954224e-06,1.987322000788131e-05,0.49928167041624055,6.935296550282326e-09,0.49928167041624055,2.6320519398807265e-09,0.0014041591461476128,9.805874310262462e-08,2.923868401339643e-07
EFT:1.0104241096782794e-05,2.122547334954209e-06,1.987322000788117e-05,0.499281670416237,6.935296550282277e-09,0.4992816704162441,2.6320519398807075e-09,0.0014041591461476227,9.805874310262393e-08,2.9238684013396224e-07
Random5620
Raw:1.0104241096782938e-05,2.122547334954209e-06,1.987322000788117e-05,0.499281670416237,6.935296550282277e-09,0.4992816704162441,2.632051939880745e-09,0.0014041591461476227,9.805874310262532e-08,2.9238684013396224e-07
EFT:1.0104241096782794e-05,2.122547334954209e-06,1.987322000788117e-05,0.499281670416237,6.935296550282277e-09,0.4992816704162441,2.6320519398807075e-09,0.0014041591461476227,9.805874310262393e-08,2.9238684013396224e-07
Random5621
Raw:1.0104241096783009e-05,2.122547334954194e-06,1.9873220007881028e-05,0.49928167041623345,6.935296550282327e-09,0.49928167041624766,2.6320519398807638e-09,0.0014041591461476327,9.805874310262462e-08,2.9238684013396436e-07
EFT:1.0104241096782794e-05,2.122547334954209e-06,1.987322000788117e-05,0.499281670416237,6.935296550282277e-09,0.4992816704162441,2.6320519398807075e-09,0.0014041591461476227,9.805874310262393e-08,2.9238684013396224e-07
Random5622
Raw:1.0104241096782867e-05,2.122547334954224e-06,1.987322000788131e-05,0.49928167041624055,6.935296550282326e-09,0.49928167041624055,2.6320519398807265e-09,0.0014041591461476327,9.805874310262602e-08,2.923868401339643e-07
EFT:1.0104241096782794e-05,2.122547334954209e-06,1.987322000788117e-05,0.499281670416237,6.935296550282277e-09,0.4992816704162441,2.6320519398807075e-09,0.0014041591461476227,9.805874310262393e-08,2.9238684013396224e-07
Random5623
Raw:1.0104241096782865e-05,2.122547334954194e-06,1.9873220007881028e-05,0.49928167041623345,6.935296550282228e-09,0.49928167041624766,2.632051939880726e-09,0.0014041591461476327,9.805874310262324e-08,2.923868401339602e-07
EFT:1.0104241096782794e-05,2.122547334954209e-06,1.987322000788117e-05,0.499281670416237,6.935296550282277e-09,0.4992816704162441,2.6320519398807075e-09,0.0014041591461476227,9.805874310262393e-08,2.9238684013396224e-07
Random5624
Raw:1.0104241096782867e-05,2.122547334954194e-06,1.9873220007881028e-05,0.49928167041624055,6.935296550282228e-09,0.49928167041624055,2.632051939880689e-09,0.0014041591461476327,9.805874310262323e-08,2.923868401339602e-07
EFT:1.0104241096782794e-05,2.122547334954209e-06,1.987322000788117e-05,0.499281670416237,6.935296550282277e-09,0.4992816704162441,2.6320519398807075e-09,0.0014041591461476227,9.805874310262393e-08,2.9238684013396224e-07
Random5625
Raw:1.0104241096782865e-05,2.122547334954194e-06,1.9873220007881028e-05,0.49928167041623345,6.935296550282327e-09,0.49928167041624766,2.632051939880726e-09,0.0014041591461476126,9.805874310262462e-08,2.9238684013396436e-07
EFT:1.0104241096782794e-05,2.122547334954209e-06,1.987322000788117e-05,0.499281670416237,6.935296550282277e-09,0.4992816704162441,2.6320519398807075e-09,0.0014041591461476227,9.805874310262393e-08,2.9238684013396224e-07
Random5626
Raw:1.0104241096782938e-05,2.122547334954239e-06,1.987322000788117e-05,0.499281670416237,6.9352965502823754e-09,0.4992816704162441,2.6320519398807824e-09,0.0014041591461476227,9.805874310262532e-08,2.9238684013396637e-07
EFT:1.0104241096782794e-05,2.122547334954209e-06,1.987322000788117e-05,0.499281670416237,6.935296550282277e-09,0.4992816704162441,2.6320519398807075e-09,0.0014041591461476227,9.805874310262393e-08,2.9238684013396224e-07
Random5627
Raw:1.0104241096782867e-05,2.122547334954194e-06,1.9873220007881028e-05,0.49928167041624055,6.935296550282326e-09,0.49928167041624055,2.6320519398807265e-09,0.0014041591461476128,9.805874310262323e-08,2.923868401339643e-07
EFT:1.0104241096782794e-05,2.122547334954209e-06,1.987322000788117e-05,0.499281670416237,6.935296550282277e-09,0.4992816704162441,2.6320519398807075e-09,0.0014041591461476227,9.805874310262393e-08,2.9238684013396224e-07
Random5628
Raw:1.0104241096782938e-05,2.122547334954239e-06,1.987322000788117e-05,0.499281670416237,6.935296550282277e-09,0.4992816704162441,2.632051939880745e-09,0.0014041591461476227,9.805874310262532e-08,2.9238684013396224e-07
EFT:1.0104241096782794e-05,2.122547334954209e-06,1.987322000788117e-05,0.499281670416237,6.935296550282277e-09,0.4992816704162441,2.6320519398807075e-09,0.0014041591461476227,9.805874310262393e-08,2.9238684013396224e-07
Random5629
Raw:1.0104241096782938e-05,2.122547334954209e-06,1.987322000788117e-05,0.499281670416237,6.935296550282277e-09,0.4992816704162441,2.632051939880745e-09,0.0014041591461476227,9.805874310262532e-08,2.9238684013396224e-07
EFT:1.0104241096782794e-05,2.122547334954209e-06,1.987322000788117e-05,0.499281670416237,6.935296550282277e-09,0.4992816704162441,2.6320519398807075e-09,0.0014041591461476227,9.805874310262393e-08,2.9238684013396224e-07
Random5630
Raw:1.0104241096782867e-05,2.122547334954224e-06,1.987322000788131e-05,0.49928167041624055,6.935296550282326e-09,0.49928167041624055,2.6320519398807265e-09,0.0014041591461476327,9.805874310262462e-08,2.923868401339643e-07
EFT:1.0104241096782794e-05,2.122547334954209e-06,1.987322000788117e-05,0.499281670416237,6.935296550282277e-09,0.4992816704162441,2.6320519398807075e-09,0.0014041591461476227,9.805874310262393e-08,2.9238684013396224e-07
Random5631
Raw:1.0104241096782938e-05,2.122547334954209e-06,1.987322000788117e-05,0.499281670416237,6.935296550282277e-09,0.4992816704162441,2.632051939880745e-09,0.0014041591461476227,9.805874310262393e-08,2.9238684013396637e-07
EFT:1.0104241096782794e-05,2.122547334954209e-06,1.987322000788117e-05,0.499281670416237,6.935296550282277e-09,0.4992816704162441,2.6320519398807075e-09,0.0014041591461476227,9.805874310262393e-08,2.9238684013396224e-07
Random5632
Raw:1.0104241096782794e-05,2.122547334954209e-06,1.987322000788117e-05,0.499281670416237,6.9352965502821786e-09,0.4992816704162441,2.6320519398807075e-09,0.0014041591461476227,9.805874310262393e-08,2.9238684013396224e-07
EFT:1.0104241096782794e-05,2.122547334954209e-06,1.987322000788117e-05,0.499281670416237,6.935296550282277e-09,0.4992816704162441,2.6320519398807075e-09,0.0014041591461476227,9.805874310262393e-08,2.9238684013396224e-07
Random5633
Raw:1.0104241096782794e-05,2.122547334954209e-06,1.987322000788117e-05,0.4992816704162441,6.935296550282277e-09,0.499281670416237,2.63205193988067e-09,0.0014041591461476227,9.805874310262532e-08,2.9238684013396224e-07
EFT:1.0104241096782794e-05,2.122547334954209e-06,1.987322000788117e-05,0.499281670416237,6.935296550282277e-09,0.4992816704162441,2.6320519398807075e-09,0.0014041591461476227,9.805874310262393e-08,2.9238684013396224e-07
Random5634
Raw:1.0104241096782938e-05,2.122547334954209e-06,1.987322000788117e-05,0.499281670416237,6.9352965502823754e-09,0.4992816704162441,2.632051939880745e-09,0.0014041591461476227,9.805874310262532e-08,2.9238684013396637e-07
EFT:1.0104241096782794e-05,2.122547334954209e-06,1.987322000788117e-05,0.499281670416237,6.935296550282277e-09,0.4992816704162441,2.6320519398807075e-09,0.0014041591461476227,9.805874310262393e-08,2.9238684013396224e-07
Random5635
Raw:1.0104241096782938e-05,2.122547334954209e-06,1.987322000788117e-05,0.499281670416237,6.935296550282277e-09,0.4992816704162441,2.632051939880745e-09,0.0014041591461476227,9.805874310262532e-08,2.9238684013396224e-07
EFT:1.0104241096782794e-05,2.122547334954209e-06,1.987322000788117e-05,0.499281670416237,6.935296550282277e-09,0.4992816704162441,2.6320519398807075e-09,0.0014041591461476227,9.805874310262393e-08,2.9238684013396224e-07
Random5636
Raw:1.0104241096782938e-05,2.122547334954209e-06,1.987322000788117e-05,0.499281670416237,6.9352965502823754e-09,0.4992816704162441,2.632051939880745e-09,0.0014041591461476227,9.805874310262532e-08,2.9238684013396637e-07
EFT:1.0104241096782794e-05,2.122547334954209e-06,1.987322000788117e-05,0.499281670416237,6.935296550282277e-09,0.4992816704162441,2.6320519398807075e-09,0.0014041591461476227,9.805874310262393e-08,2.9238684013396224e-07
Random5637
Raw:1.0104241096782938e-05,2.122547334954209e-06,1.987322000788117e-05,0.499281670416237,6.9352965502823754e-09,0.4992816704162441,2.632051939880745e-09,0.0014041591461476227,9.805874310262532e-08,2.9238684013396637e-07
EFT:1.0104241096782794e-05,2.122547334954209e-06,1.987322000788117e-05,0.499281670416237,6.935296550282277e-09,0.4992816704162441,2.6320519398807075e-09,0.0014041591461476227,9.805874310262393e-08,2.9238684013396224e-07
Random5638
Raw:1.0104241096782867e-05,2.122547334954224e-06,1.9873220007881028e-05,0.49928167041624055,6.935296550282326e-09,0.49928167041624055,2.6320519398807265e-09,0.0014041591461476327,9.805874310262323e-08,2.923868401339643e-07
EFT:1.0104241096782794e-05,2.122547334954209e-06,1.987322000788117e-05,0.499281670416237,6.935296550282277e-09,0.4992816704162441,2.6320519398807075e-09,0.0014041591461476227,9.805874310262393e-08,2.9238684013396224e-07
Random5639
Raw:1.0104241096782938e-05,2.1225473349541788e-06,1.9873220007880885e-05,0.499281670416237,6.935296550282277e-09,0.4992816704162441,2.632051939880745e-09,0.0014041591461476026,9.805874310262532e-08,2.9238684013396224e-07
EFT:1.0104241096782794e-05,2.122547334954209e-06,1.987322000788117e-05,0.499281670416237,6.935296550282277e-09,0.4992816704162441,2.6320519398807075e-09,0.0014041591461476227,9.805874310262393e-08,2.9238684013396224e-07
Random5640
Raw:1.0104241096782794e-05,2.122547334954209e-06,1.987322000788117e-05,0.499281670416237,6.935296550282277e-09,0.4992816704162441,2.6320519398807075e-09,0.0014041591461476026,9.805874310262393e-08,2.9238684013396224e-07
EFT:1.0104241096782794e-05,2.122547334954209e-06,1.987322000788117e-05,0.499281670416237,6.935296550282277e-09,0.4992816704162441,2.6320519398807075e-09,0.0014041591461476227,9.805874310262393e-08,2.9238684013396224e-07
Random5641
Raw:1.0104241096782794e-05,2.122547334954209e-06,1.987322000788117e-05,0.499281670416237,6.935296550282277e-09,0.4992816704162441,2.6320519398807075e-09,0.0014041591461476026,9.805874310262393e-08,2.9238684013396224e-07
EFT:1.0104241096782794e-05,2.122547334954209e-06,1.987322000788117e-05,0.499281670416237,6.935296550282277e-09,0.4992816704162441,2.6320519398807075e-09,0.0014041591461476227,9.805874310262393e-08,2.9238684013396224e-07
Random5642
Raw:1.0104241096782794e-05,2.122547334954209e-06,1.987322000788117e-05,0.499281670416237,6.9352965502821786e-09,0.4992816704162441,2.632051939880745e-09,0.0014041591461476227,9.805874310262254e-08,2.9238684013396224e-07
EFT:1.0104241096782794e-05,2.122547334954209e-06,1.987322000788117e-05,0.499281670416237,6.935296550282277e-09,0.4992816704162441,2.6320519398807075e-09,0.0014041591461476227,9.805874310262393e-08,2.9238684013396224e-07
Random5643
Raw:1.0104241096782794e-05,2.122547334954209e-06,1.9873220007880885e-05,0.499281670416237,6.935296550282277e-09,0.4992816704162441,2.6320519398807075e-09,0.0014041591461476026,9.805874310262393e-08,2.9238684013396224e-07
EFT:1.0104241096782794e-05,2.122547334954209e-06,1.987322000788117e-05,0.499281670416237,6.935296550282277e-09,0.4992816704162441,2.6320519398807075e-09,0.0014041591461476227,9.805874310262393e-08,2.9238684013396224e-07
Random5644
Raw:1.0104241096782938e-05,2.122547334954209e-06,1.9873220007880885e-05,0.499281670416237,6.935296550282277e-09,0.4992816704162441,2.632051939880745e-09,0.0014041591461476227,9.805874310262532e-08,2.9238684013396224e-07
EFT:1.0104241096782794e-05,2.122547334954209e-06,1.987322000788117e-05,0.499281670416237,6.935296550282277e-09,0.4992816704162441,2.6320519398807075e-09,0.0014041591461476227,9.805874310262393e-08,2.9238684013396224e-07
Random5645
Raw:1.0104241096782938e-05,2.122547334954209e-06,1.987322000788117e-05,0.499281670416237,6.935296550282277e-09,0.4992816704162441,2.632051939880745e-09,0.0014041591461476427,9.805874310262393e-08,2.9238684013396224e-07
EFT:1.0104241096782794e-05,2.122547334954209e-06,1.987322000788117e-05,0.499281670416237,6.935296550282277e-09,0.4992816704162441,2.6320519398807075e-09,0.0014041591461476227,9.805874310262393e-08,2.9238684013396224e-07
Random5646
Raw:1.0104241096782938e-05,2.122547334954239e-06,1.987322000788145e-05,0.499281670416237,6.935296550282277e-09,0.4992816704162441,2.632051939880745e-09,0.0014041591461476227,9.805874310262532e-08,2.9238684013396224e-07
EFT:1.0104241096782794e-05,2.122547334954209e-06,1.987322000788117e-05,0.499281670416237,6.935296550282277e-09,0.4992816704162441,2.6320519398807075e-09,0.0014041591461476227,9.805874310262393e-08,2.9238684013396224e-07
Random5647
Raw:1.0104241096782938e-05,2.122547334954209e-06,1.9873220007880885e-05,0.499281670416237,6.935296550282277e-09,0.4992816704162441,2.632051939880745e-09,0.0014041591461476227,9.805874310262532e-08,2.9238684013396224e-07
EFT:1.0104241096782794e-05,2.122547334954209e-06,1.987322000788117e-05,0.499281670416237,6.935296550282277e-09,0.4992816704162441,2.6320519398807075e-09,0.0014041591461476227,9.805874310262393e-08,2.9238684013396224e-07
Random5648
Raw:1.0104241096782867e-05,2.122547334954224e-06,1.987322000788131e-05,0.49928167041624055,6.935296550282326e-09,0.49928167041624055,2.6320519398807265e-09,0.0014041591461476327,9.805874310262462e-08,2.923868401339643e-07
EFT:1.0104241096782794e-05,2.122547334954209e-06,1.987322000788117e-05,0.499281670416237,6.935296550282277e-09,0.4992816704162441,2.6320519398807075e-09,0.0014041591461476227,9.805874310262393e-08,2.9238684013396224e-07
Random5649
Raw:1.0104241096782938e-05,2.122547334954209e-06,1.987322000788117e-05,0.499281670416237,6.9352965502823754e-09,0.4992816704162441,2.632051939880745e-09,0.0014041591461476227,9.805874310262393e-08,2.9238684013396637e-07
EFT:1.0104241096782794e-05,2.122547334954209e-06,1.987322000788117e-05,0.499281670416237,6.935296550282277e-09,0.4992816704162441,2.6320519398807075e-09,0.0014041591461476227,9.805874310262393e-08,2.9238684013396224e-07
Random5650
Raw:1.0104241096782938e-05,2.122547334954239e-06,1.987322000788117e-05,0.499281670416237,6.9352965502823754e-09,0.4992816704162441,2.6320519398807824e-09,0.0014041591461476227,9.805874310262532e-08,2.9238684013396637e-07
EFT:1.0104241096782794e-05,2.122547334954209e-06,1.987322000788117e-05,0.499281670416237,6.935296550282277e-09,0.4992816704162441,2.6320519398807075e-09,0.0014041591461476227,9.805874310262393e-08,2.9238684013396224e-07
Random5651
Raw:1.0104241096782867e-05,2.122547334954224e-06,1.987322000788131e-05,0.49928167041624055,6.935296550282326e-09,0.49928167041624055,2.6320519398807265e-09,0.0014041591461476128,9.805874310262462e-08,2.923868401339643e-07
EFT:1.0104241096782794e-05,2.122547334954209e-06,1.987322000788117e-05,0.499281670416237,6.935296550282277e-09,0.4992816704162441,2.6320519398807075e-09,0.0014041591461476227,9.805874310262393e-08,2.9238684013396224e-07
Random5652
Raw:1.0104241096782865e-05,2.122547334954194e-06,1.9873220007881028e-05,0.49928167041623345,6.935296550282228e-09,0.49928167041624766,2.632051939880726e-09,0.0014041591461476327,9.805874310262324e-08,2.923868401339602e-07
EFT:1.0104241096782794e-05,2.122547334954209e-06,1.987322000788117e-05,0.499281670416237,6.935296550282277e-09,0.4992816704162441,2.6320519398807075e-09,0.0014041591461476227,9.805874310262393e-08,2.9238684013396224e-07
Random5653
Raw:1.0104241096782865e-05,2.122547334954194e-06,1.9873220007881028e-05,0.49928167041623345,6.935296550282327e-09,0.49928167041624766,2.6320519398807638e-09,0.0014041591461476126,9.805874310262324e-08,2.9238684013396436e-07
EFT:1.0104241096782794e-05,2.122547334954209e-06,1.987322000788117e-05,0.499281670416237,6.935296550282277e-09,0.4992816704162441,2.6320519398807075e-09,0.0014041591461476227,9.805874310262393e-08,2.9238684013396224e-07
Random5654
Raw:1.0104241096782938e-05,2.122547334954209e-06,1.987322000788117e-05,0.499281670416237,6.935296550282277e-09,0.4992816704162441,2.632051939880745e-09,0.0014041591461476227,9.805874310262393e-08,2.9238684013396637e-07
EFT:1.0104241096782794e-05,2.122547334954209e-06,1.987322000788117e-05,0.499281670416237,6.935296550282277e-09,0.4992816704162441,2.6320519398807075e-09,0.0014041591461476227,9.805874310262393e-08,2.9238684013396224e-07
Random5655
Raw:1.0104241096782865e-05,2.122547334954194e-06,1.9873220007881028e-05,0.49928167041623345,6.935296550282327e-09,0.49928167041624766,2.632051939880726e-09,0.0014041591461476126,9.805874310262462e-08,2.9238684013396436e-07
EFT:1.0104241096782794e-05,2.122547334954209e-06,1.987322000788117e-05,0.499281670416237,6.935296550282277e-09,0.4992816704162441,2.6320519398807075e-09,0.0014041591461476227,9.805874310262393e-08,2.9238684013396224e-07
Random5656
Raw:1.0104241096782938e-05,2.122547334954209e-06,1.987322000788117e-05,0.499281670416237,6.9352965502823754e-09,0.4992816704162441,2.632051939880745e-09,0.0014041591461476227,9.805874310262672e-08,2.9238684013396637e-07
EFT:1.0104241096782794e-05,2.122547334954209e-06,1.987322000788117e-05,0.499281670416237,6.935296550282277e-09,0.4992816704162441,2.6320519398807075e-09,0.0014041591461476227,9.805874310262393e-08,2.9238684013396224e-07
Random5657
Raw:1.0104241096782865e-05,2.122547334954194e-06,1.9873220007881028e-05,0.49928167041623345,6.935296550282228e-09,0.49928167041624766,2.632051939880726e-09,0.0014041591461476126,9.805874310262462e-08,2.9238684013396436e-07
EFT:1.0104241096782794e-05,2.122547334954209e-06,1.987322000788117e-05,0.499281670416237,6.935296550282277e-09,0.4992816704162441,2.6320519398807075e-09,0.0014041591461476227,9.805874310262393e-08,2.9238684013396224e-07
Random5658
Raw:1.0104241096782794e-05,2.122547334954209e-06,1.987322000788117e-05,0.499281670416237,6.935296550282277e-09,0.4992816704162441,2.6320519398807075e-09,0.0014041591461476227,9.805874310262393e-08,2.9238684013396224e-07
EFT:1.0104241096782794e-05,2.122547334954209e-06,1.987322000788117e-05,0.499281670416237,6.935296550282277e-09,0.4992816704162441,2.6320519398807075e-09,0.0014041591461476227,9.805874310262393e-08,2.9238684013396224e-07
Random5659
Raw:1.0104241096782938e-05,2.122547334954209e-06,1.987322000788117e-05,0.499281670416237,6.9352965502823754e-09,0.4992816704162441,2.6320519398807824e-09,0.0014041591461476227,9.805874310262532e-08,2.9238684013396637e-07
EFT:1.0104241096782794e-05,2.122547334954209e-06,1.987322000788117e-05,0.499281670416237,6.935296550282277e-09,0.4992816704162441,2.6320519398807075e-09,0.0014041591461476227,9.805874310262393e-08,2.9238684013396224e-07
Random5660
Raw:1.0104241096782865e-05,2.122547334954194e-06,1.9873220007881028e-05,0.49928167041623345,6.935296550282327e-09,0.49928167041624766,2.632051939880726e-09,0.0014041591461476126,9.805874310262462e-08,2.9238684013396436e-07
EFT:1.0104241096782794e-05,2.122547334954209e-06,1.987322000788117e-05,0.499281670416237,6.935296550282277e-09,0.4992816704162441,2.6320519398807075e-09,0.0014041591461476227,9.805874310262393e-08,2.9238684013396224e-07
Random5661
Raw:1.0104241096782867e-05,2.122547334954224e-06,1.987322000788131e-05,0.49928167041624055,6.935296550282326e-09,0.49928167041624055,2.6320519398807638e-09,0.0014041591461476327,9.805874310262462e-08,2.923868401339643e-07
EFT:1.0104241096782794e-05,2.122547334954209e-06,1.987322000788117e-05,0.499281670416237,6.935296550282277e-09,0.4992816704162441,2.6320519398807075e-09,0.0014041591461476227,9.805874310262393e-08,2.9238684013396224e-07
Random5662
Raw:1.0104241096783009e-05,2.122547334954194e-06,1.9873220007881028e-05,0.49928167041623345,6.935296550282327e-09,0.49928167041624766,2.6320519398807638e-09,0.0014041591461476126,9.805874310262601e-08,2.9238684013396436e-07
EFT:1.0104241096782794e-05,2.122547334954209e-06,1.987322000788117e-05,0.499281670416237,6.935296550282277e-09,0.4992816704162441,2.6320519398807075e-09,0.0014041591461476227,9.805874310262393e-08,2.9238684013396224e-07
Random5663
Raw:1.0104241096783009e-05,2.122547334954194e-06,1.9873220007881028e-05,0.49928167041623345,6.935296550282327e-09,0.49928167041624766,2.6320519398807638e-09,0.0014041591461476327,9.805874310262462e-08,2.9238684013396436e-07
EFT:1.0104241096782794e-05,2.122547334954209e-06,1.987322000788117e-05,0.499281670416237,6.935296550282277e-09,0.4992816704162441,2.6320519398807075e-09,0.0014041591461476227,9.805874310262393e-08,2.9238684013396224e-07
Random5664
Raw:1.0104241096783009e-05,2.122547334954224e-06,1.987322000788131e-05,0.49928167041623345,6.935296550282327e-09,0.49928167041624766,2.6320519398807638e-09,0.0014041591461476327,9.805874310262601e-08,2.9238684013396436e-07
EFT:1.0104241096782794e-05,2.122547334954209e-06,1.987322000788117e-05,0.499281670416237,6.935296550282277e-09,0.4992816704162441,2.6320519398807075e-09,0.0014041591461476227,9.805874310262393e-08,2.9238684013396224e-07
Random5665
Raw:1.0104241096782794e-05,2.122547334954209e-06,1.9873220007880885e-05,0.499281670416237,6.9352965502821786e-09,0.4992816704162441,2.6320519398807075e-09,0.0014041591461476026,9.805874310262393e-08,2.9238684013396224e-07
EFT:1.0104241096782794e-05,2.122547334954209e-06,1.987322000788117e-05,0.499281670416237,6.935296550282277e-09,0.4992816704162441,2.6320519398807075e-09,0.0014041591461476227,9.805874310262393e-08,2.9238684013396224e-07
Random5666
Raw:1.0104241096782794e-05,2.122547334954209e-06,1.987322000788117e-05,0.499281670416237,6.9352965502821786e-09,0.4992816704162441,2.632051939880745e-09,0.0014041591461476227,9.805874310262254e-08,2.9238684013396224e-07
EFT:1.0104241096782794e-05,2.122547334954209e-06,1.987322000788117e-05,0.499281670416237,6.935296550282277e-09,0.4992816704162441,2.6320519398807075e-09,0.0014041591461476227,9.805874310262393e-08,2.9238684013396224e-07
Random5667
Raw:1.0104241096782867e-05,2.122547334954194e-06,1.9873220007881028e-05,0.49928167041624055,6.935296550282228e-09,0.49928167041624055,2.632051939880689e-09,0.0014041591461476327,9.805874310262323e-08,2.923868401339602e-07
EFT:1.0104241096782794e-05,2.122547334954209e-06,1.987322000788117e-05,0.499281670416237,6.935296550282277e-09,0.4992816704162441,2.6320519398807075e-09,0.0014041591461476227,9.805874310262393e-08,2.9238684013396224e-07
Random5668
Raw:1.0104241096782794e-05,2.122547334954209e-06,1.987322000788117e-05,0.499281670416237,6.935296550282277e-09,0.4992816704162441,2.632051939880745e-09,0.0014041591461476227,9.805874310262254e-08,2.9238684013396224e-07
EFT:1.0104241096782794e-05,2.122547334954209e-06,1.987322000788117e-05,0.499281670416237,6.935296550282277e-09,0.4992816704162441,2.6320519398807075e-09,0.0014041591461476227,9.805874310262393e-08,2.9238684013396224e-07
Random5669
Raw:1.0104241096782867e-05,2.122547334954224e-06,1.987322000788131e-05,0.49928167041624055,6.935296550282326e-09,0.49928167041624055,2.6320519398807265e-09,0.0014041591461476327,9.805874310262323e-08,2.923868401339643e-07
EFT:1.0104241096782794e-05,2.122547334954209e-06,1.987322000788117e-05,0.499281670416237,6.935296550282277e-09,0.4992816704162441,2.6320519398807075e-09,0.0014041591461476227,9.805874310262393e-08,2.9238684013396224e-07
Random5670
Raw:1.0104241096782938e-05,2.122547334954239e-06,1.987322000788117e-05,0.499281670416237,6.935296550282277e-09,0.4992816704162441,2.632051939880745e-09,0.0014041591461476427,9.805874310262532e-08,2.9238684013396224e-07
EFT:1.0104241096782794e-05,2.122547334954209e-06,1.987322000788117e-05,0.499281670416237,6.935296550282277e-09,0.4992816704162441,2.6320519398807075e-09,0.0014041591461476227,9.805874310262393e-08,2.9238684013396224e-07
Random5671
Raw:1.0104241096782867e-05,2.122547334954194e-06,1.9873220007881028e-05,0.49928167041624055,6.935296550282326e-09,0.49928167041624055,2.6320519398807265e-09,0.0014041591461476128,9.805874310262602e-08,2.923868401339643e-07
EFT:1.0104241096782794e-05,2.122547334954209e-06,1.987322000788117e-05,0.499281670416237,6.935296550282277e-09,0.4992816704162441,2.6320519398807075e-09,0.0014041591461476227,9.805874310262393e-08,2.9238684013396224e-07
Random5672
Raw:1.0104241096783009e-05,2.122547334954224e-06,1.9873220007881028e-05,0.49928167041623345,6.935296550282327e-09,0.49928167041624766,2.6320519398807638e-09,0.0014041591461476327,9.805874310262601e-08,2.9238684013396436e-07
EFT:1.0104241096782794e-05,2.122547334954209e-06,1.987322000788117e-05,0.499281670416237,6.935296550282277e-09,0.4992816704162441,2.6320519398807075e-09,0.0014041591461476227,9.805874310262393e-08,2.9238684013396224e-07
Random5673
Raw:1.0104241096782938e-05,2.122547334954239e-06,1.987322000788117e-05,0.499281670416237,6.935296550282277e-09,0.4992816704162441,2.632051939880745e-09,0.0014041591461476427,9.805874310262393e-08,2.9238684013396637e-07
EFT:1.0104241096782794e-05,2.122547334954209e-06,1.987322000788117e-05,0.499281670416237,6.935296550282277e-09,0.4992816704162441,2.6320519398807075e-09,0.0014041591461476227,9.805874310262393e-08,2.9238684013396224e-07
Random5674
Raw:1.0104241096782938e-05,2.1225473349541788e-06,1.9873220007880885e-05,0.499281670416237,6.935296550282277e-09,0.4992816704162441,2.632051939880745e-09,0.0014041591461476026,9.805874310262532e-08,2.9238684013396224e-07
EFT:1.0104241096782794e-05,2.122547334954209e-06,1.987322000788117e-05,0.499281670416237,6.935296550282277e-09,0.4992816704162441,2.6320519398807075e-09,0.0014041591461476227,9.805874310262393e-08,2.9238684013396224e-07
Random5675
Raw:1.0104241096782938e-05,2.122547334954239e-06,1.9873220007880885e-05,0.499281670416237,6.935296550282277e-09,0.4992816704162441,2.632051939880745e-09,0.0014041591461476227,9.805874310262532e-08,2.9238684013396224e-07
EFT:1.0104241096782794e-05,2.122547334954209e-06,1.987322000788117e-05,0.499281670416237,6.935296550282277e-09,0.4992816704162441,2.6320519398807075e-09,0.0014041591461476227,9.805874310262393e-08,2.9238684013396224e-07
Random5676
Raw:1.0104241096782938e-05,2.122547334954209e-06,1.987322000788117e-05,0.499281670416237,6.935296550282277e-09,0.4992816704162441,2.632051939880745e-09,0.0014041591461476227,9.805874310262532e-08,2.9238684013396224e-07
EFT:1.0104241096782794e-05,2.122547334954209e-06,1.987322000788117e-05,0.499281670416237,6.935296550282277e-09,0.4992816704162441,2.6320519398807075e-09,0.0014041591461476227,9.805874310262393e-08,2.9238684013396224e-07
Random5677
Raw:1.0104241096782865e-05,2.122547334954194e-06,1.9873220007881028e-05,0.49928167041623345,6.935296550282228e-09,0.49928167041624766,2.632051939880726e-09,0.0014041591461476126,9.805874310262462e-08,2.9238684013396436e-07
EFT:1.0104241096782794e-05,2.122547334954209e-06,1.987322000788117e-05,0.499281670416237,6.935296550282277e-09,0.4992816704162441,2.6320519398807075e-09,0.0014041591461476227,9.805874310262393e-08,2.9238684013396224e-07
Random5678
Raw:1.0104241096782938e-05,2.122547334954209e-06,1.987322000788117e-05,0.499281670416237,6.9352965502823754e-09,0.4992816704162441,2.632051939880745e-09,0.0014041591461476227,9.805874310262393e-08,2.9238684013396637e-07
EFT:1.0104241096782794e-05,2.122547334954209e-06,1.987322000788117e-05,0.499281670416237,6.935296550282277e-09,0.4992816704162441,2.6320519398807075e-09,0.0014041591461476227,9.805874310262393e-08,2.9238684013396224e-07
Random5679
Raw:1.0104241096782867e-05,2.122547334954194e-06,1.9873220007881028e-05,0.49928167041624055,6.935296550282326e-09,0.49928167041624055,2.6320519398807265e-09,0.0014041591461476128,9.805874310262602e-08,2.923868401339643e-07
EFT:1.0104241096782794e-05,2.122547334954209e-06,1.987322000788117e-05,0.499281670416237,6.935296550282277e-09,0.4992816704162441,2.6320519398807075e-09,0.0014041591461476227,9.805874310262393e-08,2.9238684013396224e-07
Random5680
Raw:1.0104241096782865e-05,2.122547334954194e-06,1.9873220007881028e-05,0.49928167041623345,6.935296550282228e-09,0.49928167041624766,2.632051939880726e-09,0.0014041591461476126,9.805874310262462e-08,2.9238684013396436e-07
EFT:1.0104241096782794e-05,2.122547334954209e-06,1.987322000788117e-05,0.499281670416237,6.935296550282277e-09,0.4992816704162441,2.6320519398807075e-09,0.0014041591461476227,9.805874310262393e-08,2.9238684013396224e-07
Random5681
Raw:1.0104241096782938e-05,2.122547334954209e-06,1.987322000788117e-05,0.499281670416237,6.935296550282277e-09,0.4992816704162441,2.632051939880745e-09,0.0014041591461476227,9.805874310262532e-08,2.9238684013396224e-07
EFT:1.0104241096782794e-05,2.122547334954209e-06,1.987322000788117e-05,0.499281670416237,6.935296550282277e-09,0.4992816704162441,2.6320519398807075e-09,0.0014041591461476227,9.805874310262393e-08,2.9238684013396224e-07
Random5682
Raw:1.0104241096782938e-05,2.122547334954239e-06,1.987322000788117e-05,0.499281670416237,6.935296550282277e-09,0.4992816704162441,2.632051939880745e-09,0.0014041591461476427,9.805874310262532e-08,2.9238684013396224e-07
EFT:1.0104241096782794e-05,2.122547334954209e-06,1.987322000788117e-05,0.499281670416237,6.935296550282277e-09,0.4992816704162441,2.6320519398807075e-09,0.0014041591461476227,9.805874310262393e-08,2.9238684013396224e-07
Random5683
Raw:1.0104241096782938e-05,2.122547334954239e-06,1.987322000788117e-05,0.499281670416237,6.9352965502823754e-09,0.4992816704162441,2.6320519398807824e-09,0.0014041591461476227,9.805874310262532e-08,2.9238684013396637e-07
EFT:1.0104241096782794e-05,2.122547334954209e-06,1.987322000788117e-05,0.499281670416237,6.935296550282277e-09,0.4992816704162441,2.6320519398807075e-09,0.0014041591461476227,9.805874310262393e-08,2.9238684013396224e-07
Random5684
Raw:1.0104241096782938e-05,2.122547334954209e-06,1.987322000788117e-05,0.499281670416237,6.9352965502823754e-09,0.4992816704162441,2.632051939880745e-09,0.0014041591461476227,9.805874310262532e-08,2.9238684013396637e-07
EFT:1.0104241096782794e-05,2.122547334954209e-06,1.987322000788117e-05,0.499281670416237,6.935296550282277e-09,0.4992816704162441,2.6320519398807075e-09,0.0014041591461476227,9.805874310262393e-08,2.9238684013396224e-07
Random5685
Raw:1.0104241096782794e-05,2.122547334954209e-06,1.987322000788117e-05,0.499281670416237,6.9352965502821786e-09,0.4992816704162441,2.632051939880745e-09,0.0014041591461476227,9.805874310262254e-08,2.9238684013396224e-07
EFT:1.0104241096782794e-05,2.122547334954209e-06,1.987322000788117e-05,0.499281670416237,6.935296550282277e-09,0.4992816704162441,2.6320519398807075e-09,0.0014041591461476227,9.805874310262393e-08,2.9238684013396224e-07
Random5686
Raw:1.0104241096782867e-05,2.122547334954194e-06,1.9873220007881028e-05,0.49928167041624055,6.935296550282228e-09,0.49928167041624055,2.632051939880689e-09,0.0014041591461476128,9.805874310262462e-08,2.923868401339602e-07
EFT:1.0104241096782794e-05,2.122547334954209e-06,1.987322000788117e-05,0.499281670416237,6.935296550282277e-09,0.4992816704162441,2.6320519398807075e-09,0.0014041591461476227,9.805874310262393e-08,2.9238684013396224e-07
Random5687
Raw:1.0104241096782794e-05,2.122547334954209e-06,1.987322000788117e-05,0.499281670416237,6.9352965502821786e-09,0.4992816704162441,2.6320519398807075e-09,0.0014041591461476026,9.805874310262393e-08,2.9238684013396224e-07
EFT:1.0104241096782794e-05,2.122547334954209e-06,1.987322000788117e-05,0.499281670416237,6.935296550282277e-09,0.4992816704162441,2.6320519398807075e-09,0.0014041591461476227,9.805874310262393e-08,2.9238684013396224e-07
Random5688
Raw:1.0104241096782938e-05,2.122547334954209e-06,1.987322000788117e-05,0.499281670416237,6.935296550282277e-09,0.4992816704162441,2.632051939880745e-09,0.0014041591461476427,9.805874310262393e-08,2.9238684013396224e-07
EFT:1.0104241096782794e-05,2.122547334954209e-06,1.987322000788117e-05,0.499281670416237,6.935296550282277e-09,0.4992816704162441,2.6320519398807075e-09,0.0014041591461476227,9.805874310262393e-08,2.9238684013396224e-07
Random5689
Raw:1.0104241096782867e-05,2.122547334954224e-06,1.987322000788131e-05,0.49928167041624055,6.935296550282326e-09,0.49928167041624055,2.6320519398807265e-09,0.0014041591461476327,9.805874310262462e-08,2.923868401339643e-07
EFT:1.0104241096782794e-05,2.122547334954209e-06,1.987322000788117e-05,0.499281670416237,6.935296550282277e-09,0.4992816704162441,2.6320519398807075e-09,0.0014041591461476227,9.805874310262393e-08,2.9238684013396224e-07
Random5690
Raw:1.0104241096782938e-05,2.122547334954209e-06,1.987322000788117e-05,0.499281670416237,6.9352965502823754e-09,0.4992816704162441,2.632051939880745e-09,0.0014041591461476227,9.805874310262532e-08,2.9238684013396637e-07
EFT:1.0104241096782794e-05,2.122547334954209e-06,1.987322000788117e-05,0.499281670416237,6.935296550282277e-09,0.4992816704162441,2.6320519398807075e-09,0.0014041591461476227,9.805874310262393e-08,2.9238684013396224e-07
Random5691
Raw:1.0104241096782938e-05,2.122547334954209e-06,1.987322000788117e-05,0.499281670416237,6.935296550282277e-09,0.4992816704162441,2.632051939880745e-09,0.0014041591461476227,9.805874310262532e-08,2.9238684013396224e-07
EFT:1.0104241096782794e-05,2.122547334954209e-06,1.987322000788117e-05,0.499281670416237,6.935296550282277e-09,0.4992816704162441,2.6320519398807075e-09,0.0014041591461476227,9.805874310262393e-08,2.9238684013396224e-07
Random5692
Raw:1.0104241096782867e-05,2.122547334954224e-06,1.987322000788131e-05,0.49928167041624055,6.935296550282326e-09,0.49928167041624055,2.6320519398807265e-09,0.0014041591461476327,9.805874310262462e-08,2.923868401339643e-07
EFT:1.0104241096782794e-05,2.122547334954209e-06,1.987322000788117e-05,0.499281670416237,6.935296550282277e-09,0.4992816704162441,2.6320519398807075e-09,0.0014041591461476227,9.805874310262393e-08,2.9238684013396224e-07
Random5693
Raw:1.0104241096782938e-05,2.122547334954209e-06,1.9873220007880885e-05,0.499281670416237,6.935296550282277e-09,0.4992816704162441,2.632051939880745e-09,0.0014041591461476227,9.805874310262532e-08,2.9238684013396224e-07
EFT:1.0104241096782794e-05,2.122547334954209e-06,1.987322000788117e-05,0.499281670416237,6.935296550282277e-09,0.4992816704162441,2.6320519398807075e-09,0.0014041591461476227,9.805874310262393e-08,2.9238684013396224e-07
Random5694
Raw:1.0104241096782938e-05,2.122547334954239e-06,1.987322000788117e-05,0.499281670416237,6.935296550282277e-09,0.4992816704162441,2.632051939880745e-09,0.0014041591461476427,9.805874310262532e-08,2.9238684013396224e-07
EFT:1.0104241096782794e-05,2.122547334954209e-06,1.987322000788117e-05,0.499281670416237,6.935296550282277e-09,0.4992816704162441,2.6320519398807075e-09,0.0014041591461476227,9.805874310262393e-08,2.9238684013396224e-07
Random5695
Raw:1.0104241096782938e-05,2.122547334954209e-06,1.9873220007880885e-05,0.499281670416237,6.935296550282277e-09,0.4992816704162441,2.632051939880745e-09,0.0014041591461476227,9.805874310262532e-08,2.9238684013396224e-07
EFT:1.0104241096782794e-05,2.122547334954209e-06,1.987322000788117e-05,0.499281670416237,6.935296550282277e-09,0.4992816704162441,2.6320519398807075e-09,0.0014041591461476227,9.805874310262393e-08,2.9238684013396224e-07
Random5696
Raw:1.0104241096782867e-05,2.122547334954224e-06,1.987322000788131e-05,0.49928167041624055,6.935296550282228e-09,0.49928167041624055,2.632051939880689e-09,0.0014041591461476327,9.805874310262323e-08,2.923868401339643e-07
EFT:1.0104241096782794e-05,2.122547334954209e-06,1.987322000788117e-05,0.499281670416237,6.935296550282277e-09,0.4992816704162441,2.6320519398807075e-09,0.0014041591461476227,9.805874310262393e-08,2.9238684013396224e-07
Random5697
Raw:1.0104241096782938e-05,2.122547334954209e-06,1.987322000788117e-05,0.499281670416237,6.935296550282277e-09,0.4992816704162441,2.632051939880745e-09,0.0014041591461476227,9.805874310262532e-08,2.9238684013396224e-07
EFT:1.0104241096782794e-05,2.122547334954209e-06,1.987322000788117e-05,0.499281670416237,6.935296550282277e-09,0.4992816704162441,2.6320519398807075e-09,0.0014041591461476227,9.805874310262393e-08,2.9238684013396224e-07
Random5698
Raw:1.0104241096782938e-05,2.122547334954209e-06,1.987322000788117e-05,0.499281670416237,6.935296550282277e-09,0.4992816704162441,2.632051939880745e-09,0.0014041591461476227,9.805874310262532e-08,2.9238684013396224e-07
EFT:1.0104241096782794e-05,2.122547334954209e-06,1.987322000788117e-05,0.499281670416237,6.935296550282277e-09,0.4992816704162441,2.6320519398807075e-09,0.0014041591461476227,9.805874310262393e-08,2.9238684013396224e-07
Random5699
Raw:1.0104241096782794e-05,2.122547334954209e-06,1.987322000788117e-05,0.499281670416237,6.935296550282277e-09,0.4992816704162441,2.6320519398807075e-09,0.0014041591461476227,9.805874310262393e-08,2.9238684013396224e-07
EFT:1.0104241096782794e-05,2.122547334954209e-06,1.987322000788117e-05,0.499281670416237,6.935296550282277e-09,0.4992816704162441,2.6320519398807075e-09,0.0014041591461476227,9.805874310262393e-08,2.9238684013396224e-07
Random5700
Raw:1.0104241096782938e-05,2.122547334954239e-06,1.987322000788145e-05,0.499281670416237,6.935296550282277e-09,0.4992816704162441,2.632051939880745e-09,0.0014041591461476427,9.805874310262393e-08,2.9238684013396637e-07
EFT:1.0104241096782794e-05,2.122547334954209e-06,1.987322000788117e-05,0.499281670416237,6.935296550282277e-09,0.4992816704162441,2.6320519398807075e-09,0.0014041591461476227,9.805874310262393e-08,2.9238684013396224e-07
Random5701
Raw:1.0104241096782938e-05,2.122547334954209e-06,1.9873220007880885e-05,0.499281670416237,6.935296550282277e-09,0.4992816704162441,2.632051939880745e-09,0.0014041591461476227,9.805874310262532e-08,2.9238684013396224e-07
EFT:1.0104241096782794e-05,2.122547334954209e-06,1.987322000788117e-05,0.499281670416237,6.935296550282277e-09,0.4992816704162441,2.6320519398807075e-09,0.0014041591461476227,9.805874310262393e-08,2.9238684013396224e-07
Random5702
Raw:1.0104241096782938e-05,2.122547334954209e-06,1.987322000788117e-05,0.499281670416237,6.935296550282277e-09,0.4992816704162441,2.632051939880745e-09,0.0014041591461476427,9.805874310262393e-08,2.9238684013396224e-07
EFT:1.0104241096782794e-05,2.122547334954209e-06,1.987322000788117e-05,0.499281670416237,6.935296550282277e-09,0.4992816704162441,2.6320519398807075e-09,0.0014041591461476227,9.805874310262393e-08,2.9238684013396224e-07
Random5703
Raw:1.0104241096782938e-05,2.122547334954239e-06,1.9873220007880885e-05,0.499281670416237,6.935296550282277e-09,0.4992816704162441,2.632051939880745e-09,0.0014041591461476227,9.805874310262532e-08,2.9238684013396224e-07
EFT:1.0104241096782794e-05,2.122547334954209e-06,1.987322000788117e-05,0.499281670416237,6.935296550282277e-09,0.4992816704162441,2.6320519398807075e-09,0.0014041591461476227,9.805874310262393e-08,2.9238684013396224e-07
Random5704
Raw:1.0104241096782938e-05,2.122547334954239e-06,1.987322000788117e-05,0.499281670416237,6.9352965502823754e-09,0.4992816704162441,2.6320519398807824e-09,0.0014041591461476227,9.805874310262532e-08,2.9238684013396637e-07
EFT:1.0104241096782794e-05,2.122547334954209e-06,1.987322000788117e-05,0.499281670416237,6.935296550282277e-09,0.4992816704162441,2.6320519398807075e-09,0.0014041591461476227,9.805874310262393e-08,2.9238684013396224e-07
Random5705
Raw:1.0104241096782938e-05,2.122547334954239e-06,1.9873220007880885e-05,0.499281670416237,6.935296550282277e-09,0.4992816704162441,2.632051939880745e-09,0.0014041591461476227,9.805874310262532e-08,2.9238684013396224e-07
EFT:1.0104241096782794e-05,2.122547334954209e-06,1.987322000788117e-05,0.499281670416237,6.935296550282277e-09,0.4992816704162441,2.6320519398807075e-09,0.0014041591461476227,9.805874310262393e-08,2.9238684013396224e-07
Random5706
Raw:1.0104241096782938e-05,2.122547334954239e-06,1.9873220007880885e-05,0.499281670416237,6.935296550282277e-09,0.4992816704162441,2.632051939880745e-09,0.0014041591461476227,9.805874310262532e-08,2.9238684013396224e-07
EFT:1.0104241096782794e-05,2.122547334954209e-06,1.987322000788117e-05,0.499281670416237,6.935296550282277e-09,0.4992816704162441,2.6320519398807075e-09,0.0014041591461476227,9.805874310262393e-08,2.9238684013396224e-07
Random5707
Raw:1.0104241096782794e-05,2.122547334954209e-06,1.987322000788117e-05,0.499281670416237,6.935296550282277e-09,0.4992816704162441,2.6320519398807075e-09,0.0014041591461476227,9.805874310262393e-08,2.9238684013396224e-07
EFT:1.0104241096782794e-05,2.122547334954209e-06,1.987322000788117e-05,0.499281670416237,6.935296550282277e-09,0.4992816704162441,2.6320519398807075e-09,0.0014041591461476227,9.805874310262393e-08,2.9238684013396224e-07
Random5708
Raw:1.0104241096782794e-05,2.122547334954209e-06,1.9873220007880885e-05,0.499281670416237,6.935296550282277e-09,0.4992816704162441,2.632051939880745e-09,0.0014041591461476227,9.805874310262254e-08,2.9238684013396224e-07
EFT:1.0104241096782794e-05,2.122547334954209e-06,1.987322000788117e-05,0.499281670416237,6.935296550282277e-09,0.4992816704162441,2.6320519398807075e-09,0.0014041591461476227,9.805874310262393e-08,2.9238684013396224e-07
Random5709
Raw:1.0104241096782938e-05,2.122547334954239e-06,1.9873220007880885e-05,0.499281670416237,6.935296550282277e-09,0.4992816704162441,2.632051939880745e-09,0.0014041591461476227,9.805874310262532e-08,2.9238684013396224e-07
EFT:1.0104241096782794e-05,2.122547334954209e-06,1.987322000788117e-05,0.499281670416237,6.935296550282277e-09,0.4992816704162441,2.6320519398807075e-09,0.0014041591461476227,9.805874310262393e-08,2.9238684013396224e-07
Random5710
Raw:1.0104241096782794e-05,2.122547334954209e-06,1.987322000788117e-05,0.499281670416237,6.935296550282277e-09,0.4992816704162441,2.6320519398807075e-09,0.0014041591461476227,9.805874310262393e-08,2.9238684013396224e-07
EFT:1.0104241096782794e-05,2.122547334954209e-06,1.987322000788117e-05,0.499281670416237,6.935296550282277e-09,0.4992816704162441,2.6320519398807075e-09,0.0014041591461476227,9.805874310262393e-08,2.9238684013396224e-07
Random5711
Raw:1.0104241096782794e-05,2.122547334954209e-06,1.987322000788117e-05,0.499281670416237,6.9352965502821786e-09,0.4992816704162441,2.632051939880745e-09,0.0014041591461476227,9.805874310262254e-08,2.9238684013396224e-07
EFT:1.0104241096782794e-05,2.122547334954209e-06,1.987322000788117e-05,0.499281670416237,6.935296550282277e-09,0.4992816704162441,2.6320519398807075e-09,0.0014041591461476227,9.805874310262393e-08,2.9238684013396224e-07
Random5712
Raw:1.0104241096783009e-05,2.122547334954224e-06,1.987322000788131e-05,0.49928167041623345,6.935296550282327e-09,0.49928167041624766,2.6320519398807638e-09,0.0014041591461476327,9.805874310262601e-08,2.9238684013396436e-07
EFT:1.0104241096782794e-05,2.122547334954209e-06,1.987322000788117e-05,0.499281670416237,6.935296550282277e-09,0.4992816704162441,2.6320519398807075e-09,0.0014041591461476227,9.805874310262393e-08,2.9238684013396224e-07
Random5713
Raw:1.0104241096782938e-05,2.122547334954239e-06,1.987322000788145e-05,0.499281670416237,6.935296550282277e-09,0.4992816704162441,2.632051939880745e-09,0.0014041591461476427,9.805874310262532e-08,2.9238684013396224e-07
EFT:1.0104241096782794e-05,2.122547334954209e-06,1.987322000788117e-05,0.499281670416237,6.935296550282277e-09,0.4992816704162441,2.6320519398807075e-09,0.0014041591461476227,9.805874310262393e-08,2.9238684013396224e-07
Random5714
Raw:1.0104241096783009e-05,2.122547334954224e-06,1.9873220007881028e-05,0.49928167041623345,6.935296550282327e-09,0.49928167041624766,2.6320519398807638e-09,0.0014041591461476327,9.805874310262601e-08,2.9238684013396436e-07
EFT:1.0104241096782794e-05,2.122547334954209e-06,1.987322000788117e-05,0.499281670416237,6.935296550282277e-09,0.4992816704162441,2.6320519398807075e-09,0.0014041591461476227,9.805874310262393e-08,2.9238684013396224e-07
Random5715
Raw:1.0104241096782794e-05,2.122547334954209e-06,1.987322000788117e-05,0.499281670416237,6.9352965502821786e-09,0.4992816704162441,2.6320519398807075e-09,0.0014041591461476026,9.805874310262393e-08,2.9238684013396224e-07
EFT:1.0104241096782794e-05,2.122547334954209e-06,1.987322000788117e-05,0.499281670416237,6.935296550282277e-09,0.4992816704162441,2.6320519398807075e-09,0.0014041591461476227,9.805874310262393e-08,2.9238684013396224e-07
Random5716
Raw:1.0104241096782867e-05,2.122547334954224e-06,1.9873220007881028e-05,0.49928167041624055,6.935296550282326e-09,0.49928167041624055,2.6320519398807265e-09,0.0014041591461476327,9.805874310262323e-08,2.923868401339643e-07
EFT:1.0104241096782794e-05,2.122547334954209e-06,1.987322000788117e-05,0.499281670416237,6.935296550282277e-09,0.4992816704162441,2.6320519398807075e-09,0.0014041591461476227,9.805874310262393e-08,2.9238684013396224e-07
Random5717
Raw:1.0104241096782794e-05,2.1225473349541788e-06,1.9873220007880885e-05,0.499281670416237,6.9352965502821786e-09,0.4992816704162441,2.632051939880745e-09,0.0014041591461476026,9.805874310262254e-08,2.9238684013396224e-07
EFT:1.0104241096782794e-05,2.122547334954209e-06,1.987322000788117e-05,0.499281670416237,6.935296550282277e-09,0.4992816704162441,2.6320519398807075e-09,0.0014041591461476227,9.805874310262393e-08,2.9238684013396224e-07
Random5718
Raw:1.0104241096782867e-05,2.122547334954194e-06,1.9873220007881028e-05,0.49928167041624055,6.935296550282326e-09,0.49928167041624055,2.6320519398807265e-09,0.0014041591461476128,9.805874310262323e-08,2.923868401339643e-07
EFT:1.0104241096782794e-05,2.122547334954209e-06,1.987322000788117e-05,0.499281670416237,6.935296550282277e-09,0.4992816704162441,2.6320519398807075e-09,0.0014041591461476227,9.805874310262393e-08,2.9238684013396224e-07
Random5719
Raw:1.0104241096782794e-05,2.122547334954209e-06,1.987322000788117e-05,0.499281670416237,6.935296550282277e-09,0.4992816704162441,2.6320519398807075e-09,0.0014041591461476026,9.805874310262393e-08,2.9238684013396224e-07
EFT:1.0104241096782794e-05,2.122547334954209e-06,1.987322000788117e-05,0.499281670416237,6.935296550282277e-09,0.4992816704162441,2.6320519398807075e-09,0.0014041591461476227,9.805874310262393e-08,2.9238684013396224e-07
Random5720
Raw:1.0104241096782938e-05,2.122547334954239e-06,1.987322000788117e-05,0.499281670416237,6.935296550282277e-09,0.4992816704162441,2.632051939880745e-09,0.0014041591461476427,9.805874310262532e-08,2.9238684013396224e-07
EFT:1.0104241096782794e-05,2.122547334954209e-06,1.987322000788117e-05,0.499281670416237,6.935296550282277e-09,0.4992816704162441,2.6320519398807075e-09,0.0014041591461476227,9.805874310262393e-08,2.9238684013396224e-07
Random5721
Raw:1.0104241096782867e-05,2.122547334954194e-06,1.9873220007881028e-05,0.49928167041624055,6.935296550282326e-09,0.49928167041624055,2.6320519398807265e-09,0.0014041591461476128,9.805874310262323e-08,2.923868401339643e-07
EFT:1.0104241096782794e-05,2.122547334954209e-06,1.987322000788117e-05,0.499281670416237,6.935296550282277e-09,0.4992816704162441,2.6320519398807075e-09,0.0014041591461476227,9.805874310262393e-08,2.9238684013396224e-07
Random5722
Raw:1.0104241096782794e-05,2.122547334954209e-06,1.987322000788117e-05,0.499281670416237,6.935296550282277e-09,0.4992816704162441,2.6320519398807075e-09,0.0014041591461476227,9.805874310262393e-08,2.9238684013396224e-07
EFT:1.0104241096782794e-05,2.122547334954209e-06,1.987322000788117e-05,0.499281670416237,6.935296550282277e-09,0.4992816704162441,2.6320519398807075e-09,0.0014041591461476227,9.805874310262393e-08,2.9238684013396224e-07
Random5723
Raw:1.0104241096782938e-05,2.122547334954209e-06,1.987322000788117e-05,0.499281670416237,6.9352965502823754e-09,0.4992816704162441,2.632051939880745e-09,0.0014041591461476227,9.805874310262532e-08,2.9238684013396637e-07
EFT:1.0104241096782794e-05,2.122547334954209e-06,1.987322000788117e-05,0.499281670416237,6.935296550282277e-09,0.4992816704162441,2.6320519398807075e-09,0.0014041591461476227,9.805874310262393e-08,2.9238684013396224e-07
Random5724
Raw:1.0104241096782794e-05,2.122547334954209e-06,1.987322000788117e-05,0.499281670416237,6.935296550282277e-09,0.4992816704162441,2.6320519398807075e-09,0.0014041591461476227,9.805874310262393e-08,2.9238684013396224e-07
EFT:1.0104241096782794e-05,2.122547334954209e-06,1.987322000788117e-05,0.499281670416237,6.935296550282277e-09,0.4992816704162441,2.6320519398807075e-09,0.0014041591461476227,9.805874310262393e-08,2.9238684013396224e-07
Random5725
Raw:1.0104241096782938e-05,2.122547334954209e-06,1.987322000788117e-05,0.499281670416237,6.935296550282277e-09,0.4992816704162441,2.632051939880745e-09,0.0014041591461476427,9.805874310262393e-08,2.9238684013396224e-07
EFT:1.0104241096782794e-05,2.122547334954209e-06,1.987322000788117e-05,0.499281670416237,6.935296550282277e-09,0.4992816704162441,2.6320519398807075e-09,0.0014041591461476227,9.805874310262393e-08,2.9238684013396224e-07
Random5726
Raw:1.0104241096782794e-05,2.122547334954209e-06,1.987322000788117e-05,0.499281670416237,6.935296550282277e-09,0.4992816704162441,2.632051939880745e-09,0.0014041591461476227,9.805874310262254e-08,2.9238684013396224e-07
EFT:1.0104241096782794e-05,2.122547334954209e-06,1.987322000788117e-05,0.499281670416237,6.935296550282277e-09,0.4992816704162441,2.6320519398807075e-09,0.0014041591461476227,9.805874310262393e-08,2.9238684013396224e-07
Random5727
Raw:1.0104241096782938e-05,2.122547334954209e-06,1.987322000788117e-05,0.499281670416237,6.9352965502823754e-09,0.4992816704162441,2.6320519398807824e-09,0.0014041591461476026,9.805874310262393e-08,2.9238684013396637e-07
EFT:1.0104241096782794e-05,2.122547334954209e-06,1.987322000788117e-05,0.499281670416237,6.935296550282277e-09,0.4992816704162441,2.6320519398807075e-09,0.0014041591461476227,9.805874310262393e-08,2.9238684013396224e-07
Random5728
Raw:1.0104241096782938e-05,2.122547334954209e-06,1.987322000788117e-05,0.499281670416237,6.9352965502823754e-09,0.4992816704162441,2.6320519398807824e-09,0.0014041591461476227,9.805874310262532e-08,2.9238684013396637e-07
EFT:1.0104241096782794e-05,2.122547334954209e-06,1.987322000788117e-05,0.499281670416237,6.935296550282277e-09,0.4992816704162441,2.6320519398807075e-09,0.0014041591461476227,9.805874310262393e-08,2.9238684013396224e-07
Random5729
Raw:1.0104241096782865e-05,2.122547334954194e-06,1.9873220007881028e-05,0.49928167041623345,6.935296550282327e-09,0.49928167041624766,2.6320519398807638e-09,0.0014041591461476126,9.805874310262324e-08,2.9238684013396436e-07
EFT:1.0104241096782794e-05,2.122547334954209e-06,1.987322000788117e-05,0.499281670416237,6.935296550282277e-09,0.4992816704162441,2.6320519398807075e-09,0.0014041591461476227,9.805874310262393e-08,2.9238684013396224e-07
Random5730
Raw:1.0104241096782794e-05,2.122547334954209e-06,1.987322000788117e-05,0.4992816704162441,6.935296550282277e-09,0.499281670416237,2.63205193988067e-09,0.0014041591461476227,9.805874310262532e-08,2.9238684013396224e-07
EFT:1.0104241096782794e-05,2.122547334954209e-06,1.987322000788117e-05,0.499281670416237,6.935296550282277e-09,0.4992816704162441,2.6320519398807075e-09,0.0014041591461476227,9.805874310262393e-08,2.9238684013396224e-07
Random5731
Raw:1.0104241096782938e-05,2.122547334954209e-06,1.987322000788117e-05,0.499281670416237,6.935296550282277e-09,0.4992816704162441,2.632051939880745e-09,0.0014041591461476227,9.805874310262532e-08,2.9238684013396224e-07
EFT:1.0104241096782794e-05,2.122547334954209e-06,1.987322000788117e-05,0.499281670416237,6.935296550282277e-09,0.4992816704162441,2.6320519398807075e-09,0.0014041591461476227,9.805874310262393e-08,2.9238684013396224e-07
Random5732
Raw:1.0104241096783009e-05,2.122547334954194e-06,1.9873220007881028e-05,0.49928167041623345,6.935296550282327e-09,0.49928167041624766,2.6320519398807638e-09,0.0014041591461476327,9.805874310262462e-08,2.9238684013396436e-07
EFT:1.0104241096782794e-05,2.122547334954209e-06,1.987322000788117e-05,0.499281670416237,6.935296550282277e-09,0.4992816704162441,2.6320519398807075e-09,0.0014041591461476227,9.805874310262393e-08,2.9238684013396224e-07
Random5733
Raw:1.0104241096783009e-05,2.122547334954224e-06,1.9873220007881028e-05,0.49928167041623345,6.935296550282327e-09,0.49928167041624766,2.6320519398807638e-09,0.0014041591461476327,9.805874310262601e-08,2.9238684013396436e-07
EFT:1.0104241096782794e-05,2.122547334954209e-06,1.987322000788117e-05,0.499281670416237,6.935296550282277e-09,0.4992816704162441,2.6320519398807075e-09,0.0014041591461476227,9.805874310262393e-08,2.9238684013396224e-07
Random5734
Raw:1.0104241096782794e-05,2.122547334954209e-06,1.987322000788117e-05,0.499281670416237,6.9352965502821786e-09,0.4992816704162441,2.6320519398807075e-09,0.0014041591461476026,9.805874310262393e-08,2.9238684013396224e-07
EFT:1.0104241096782794e-05,2.122547334954209e-06,1.987322000788117e-05,0.499281670416237,6.935296550282277e-09,0.4992816704162441,2.6320519398807075e-09,0.0014041591461476227,9.805874310262393e-08,2.9238684013396224e-07
Random5735
Raw:1.0104241096782867e-05,2.122547334954224e-06,1.987322000788131e-05,0.49928167041624055,6.935296550282326e-09,0.49928167041624055,2.6320519398807265e-09,0.0014041591461476128,9.805874310262462e-08,2.923868401339643e-07
EFT:1.0104241096782794e-05,2.122547334954209e-06,1.987322000788117e-05,0.499281670416237,6.935296550282277e-09,0.4992816704162441,2.6320519398807075e-09,0.0014041591461476227,9.805874310262393e-08,2.9238684013396224e-07
Random5736
Raw:1.0104241096782938e-05,2.122547334954209e-06,1.987322000788117e-05,0.499281670416237,6.9352965502823754e-09,0.4992816704162441,2.6320519398807824e-09,0.0014041591461476227,9.805874310262532e-08,2.9238684013396637e-07
EFT:1.0104241096782794e-05,2.122547334954209e-06,1.987322000788117e-05,0.499281670416237,6.935296550282277e-09,0.4992816704162441,2.6320519398807075e-09,0.0014041591461476227,9.805874310262393e-08,2.9238684013396224e-07
Random5737
Raw:1.0104241096782867e-05,2.122547334954224e-06,1.987322000788131e-05,0.49928167041624055,6.935296550282326e-09,0.49928167041624055,2.6320519398807638e-09,0.0014041591461476327,9.805874310262462e-08,2.923868401339643e-07
EFT:1.0104241096782794e-05,2.122547334954209e-06,1.987322000788117e-05,0.499281670416237,6.935296550282277e-09,0.4992816704162441,2.6320519398807075e-09,0.0014041591461476227,9.805874310262393e-08,2.9238684013396224e-07
Random5738
Raw:1.0104241096782794e-05,2.122547334954209e-06,1.987322000788117e-05,0.4992816704162441,6.935296550282277e-09,0.499281670416237,2.63205193988067e-09,0.0014041591461476227,9.805874310262393e-08,2.9238684013396224e-07
EFT:1.0104241096782794e-05,2.122547334954209e-06,1.987322000788117e-05,0.499281670416237,6.935296550282277e-09,0.4992816704162441,2.6320519398807075e-09,0.0014041591461476227,9.805874310262393e-08,2.9238684013396224e-07
Random5739
Raw:1.0104241096782865e-05,2.122547334954194e-06,1.9873220007881028e-05,0.49928167041623345,6.935296550282228e-09,0.49928167041624766,2.632051939880726e-09,0.0014041591461476126,9.805874310262462e-08,2.9238684013396436e-07
EFT:1.0104241096782794e-05,2.122547334954209e-06,1.987322000788117e-05,0.499281670416237,6.935296550282277e-09,0.4992816704162441,2.6320519398807075e-09,0.0014041591461476227,9.805874310262393e-08,2.9238684013396224e-07
Random5740
Raw:1.0104241096782938e-05,2.122547334954209e-06,1.9873220007880885e-05,0.499281670416237,6.935296550282277e-09,0.4992816704162441,2.632051939880745e-09,0.0014041591461476227,9.805874310262393e-08,2.9238684013396224e-07
EFT:1.0104241096782794e-05,2.122547334954209e-06,1.987322000788117e-05,0.499281670416237,6.935296550282277e-09,0.4992816704162441,2.6320519398807075e-09,0.0014041591461476227,9.805874310262393e-08,2.9238684013396224e-07
Random5741
Raw:1.0104241096783009e-05,2.122547334954194e-06,1.9873220007881028e-05,0.49928167041623345,6.935296550282327e-09,0.49928167041624766,2.6320519398807638e-09,0.0014041591461476126,9.805874310262601e-08,2.9238684013396436e-07
EFT:1.0104241096782794e-05,2.122547334954209e-06,1.987322000788117e-05,0.499281670416237,6.935296550282277e-09,0.4992816704162441,2.6320519398807075e-09,0.0014041591461476227,9.805874310262393e-08,2.9238684013396224e-07
Random5742
Raw:1.0104241096782865e-05,2.122547334954194e-06,1.9873220007881028e-05,0.49928167041623345,6.935296550282327e-09,0.49928167041624766,2.632051939880726e-09,0.0014041591461476126,9.805874310262462e-08,2.9238684013396436e-07
EFT:1.0104241096782794e-05,2.122547334954209e-06,1.987322000788117e-05,0.499281670416237,6.935296550282277e-09,0.4992816704162441,2.6320519398807075e-09,0.0014041591461476227,9.805874310262393e-08,2.9238684013396224e-07
Random5743
Raw:1.0104241096782794e-05,2.122547334954209e-06,1.987322000788117e-05,0.499281670416237,6.935296550282277e-09,0.4992816704162441,2.6320519398807075e-09,0.0014041591461476026,9.805874310262393e-08,2.9238684013396224e-07
EFT:1.0104241096782794e-05,2.122547334954209e-06,1.987322000788117e-05,0.499281670416237,6.935296550282277e-09,0.4992816704162441,2.6320519398807075e-09,0.0014041591461476227,9.805874310262393e-08,2.9238684013396224e-07
Random5744
Raw:1.0104241096782794e-05,2.1225473349541788e-06,1.9873220007880885e-05,0.499281670416237,6.935296550282277e-09,0.4992816704162441,2.632051939880745e-09,0.0014041591461476026,9.805874310262254e-08,2.9238684013396224e-07
EFT:1.0104241096782794e-05,2.122547334954209e-06,1.987322000788117e-05,0.499281670416237,6.935296550282277e-09,0.4992816704162441,2.6320519398807075e-09,0.0014041591461476227,9.805874310262393e-08,2.9238684013396224e-07
Random5745
Raw:1.0104241096782723e-05,2.122547334954194e-06,1.9873220007881028e-05,0.49928167041624055,6.935296550282228e-09,0.49928167041624055,2.632051939880689e-09,0.0014041591461476128,9.805874310262184e-08,2.923868401339602e-07
EFT:1.0104241096782794e-05,2.122547334954209e-06,1.987322000788117e-05,0.499281670416237,6.935296550282277e-09,0.4992816704162441,2.6320519398807075e-09,0.0014041591461476227,9.805874310262393e-08,2.9238684013396224e-07
Random5746
Raw:1.0104241096782865e-05,2.122547334954194e-06,1.9873220007881028e-05,0.49928167041623345,6.935296550282327e-09,0.49928167041624766,2.632051939880726e-09,0.0014041591461476126,9.805874310262462e-08,2.9238684013396436e-07
EFT:1.0104241096782794e-05,2.122547334954209e-06,1.987322000788117e-05,0.499281670416237,6.935296550282277e-09,0.4992816704162441,2.6320519398807075e-09,0.0014041591461476227,9.805874310262393e-08,2.9238684013396224e-07
Random5747
Raw:1.0104241096782867e-05,2.122547334954224e-06,1.987322000788131e-05,0.49928167041624055,6.935296550282326e-09,0.49928167041624055,2.6320519398807265e-09,0.0014041591461476327,9.805874310262462e-08,2.923868401339643e-07
EFT:1.0104241096782794e-05,2.122547334954209e-06,1.987322000788117e-05,0.499281670416237,6.935296550282277e-09,0.4992816704162441,2.6320519398807075e-09,0.0014041591461476227,9.805874310262393e-08,2.9238684013396224e-07
Random5748
Raw:1.0104241096782938e-05,2.1225473349541788e-06,1.9873220007880885e-05,0.499281670416237,6.935296550282277e-09,0.4992816704162441,2.632051939880745e-09,0.0014041591461476026,9.805874310262532e-08,2.9238684013396224e-07
EFT:1.0104241096782794e-05,2.122547334954209e-06,1.987322000788117e-05,0.499281670416237,6.935296550282277e-09,0.4992816704162441,2.6320519398807075e-09,0.0014041591461476227,9.805874310262393e-08,2.9238684013396224e-07
Random5749
Raw:1.0104241096783009e-05,2.122547334954194e-06,1.9873220007881028e-05,0.49928167041623345,6.935296550282327e-09,0.49928167041624766,2.6320519398807638e-09,0.0014041591461476327,9.805874310262462e-08,2.9238684013396436e-07
EFT:1.0104241096782794e-05,2.122547334954209e-06,1.987322000788117e-05,0.499281670416237,6.935296550282277e-09,0.4992816704162441,2.6320519398807075e-09,0.0014041591461476227,9.805874310262393e-08,2.9238684013396224e-07
Random5750
Raw:1.0104241096782938e-05,2.122547334954239e-06,1.987322000788145e-05,0.499281670416237,6.935296550282277e-09,0.4992816704162441,2.632051939880745e-09,0.0014041591461476427,9.805874310262393e-08,2.9238684013396637e-07
EFT:1.0104241096782794e-05,2.122547334954209e-06,1.987322000788117e-05,0.499281670416237,6.935296550282277e-09,0.4992816704162441,2.6320519398807075e-09,0.0014041591461476227,9.805874310262393e-08,2.9238684013396224e-07
Random5751
Raw:1.0104241096782794e-05,2.122547334954209e-06,1.987322000788117e-05,0.499281670416237,6.935296550282277e-09,0.4992816704162441,2.6320519398807075e-09,0.0014041591461476227,9.805874310262393e-08,2.9238684013396224e-07
EFT:1.0104241096782794e-05,2.122547334954209e-06,1.987322000788117e-05,0.499281670416237,6.935296550282277e-09,0.4992816704162441,2.6320519398807075e-09,0.0014041591461476227,9.805874310262393e-08,2.9238684013396224e-07
Random5752
Raw:1.0104241096782938e-05,2.122547334954209e-06,1.987322000788117e-05,0.499281670416237,6.9352965502823754e-09,0.4992816704162441,2.632051939880745e-09,0.0014041591461476227,9.805874310262532e-08,2.9238684013396637e-07
EFT:1.0104241096782794e-05,2.122547334954209e-06,1.987322000788117e-05,0.499281670416237,6.935296550282277e-09,0.4992816704162441,2.6320519398807075e-09,0.0014041591461476227,9.805874310262393e-08,2.9238684013396224e-07
Random5753
Raw:1.0104241096782794e-05,2.122547334954209e-06,1.987322000788117e-05,0.4992816704162441,6.935296550282277e-09,0.499281670416237,2.63205193988067e-09,0.0014041591461476227,9.805874310262393e-08,2.9238684013396224e-07
EFT:1.0104241096782794e-05,2.122547334954209e-06,1.987322000788117e-05,0.499281670416237,6.935296550282277e-09,0.4992816704162441,2.6320519398807075e-09,0.0014041591461476227,9.805874310262393e-08,2.9238684013396224e-07
Random5754
Raw:1.0104241096782794e-05,2.1225473349541788e-06,1.9873220007880885e-05,0.499281670416237,6.935296550282277e-09,0.4992816704162441,2.632051939880745e-09,0.0014041591461476026,9.805874310262254e-08,2.9238684013396224e-07
EFT:1.0104241096782794e-05,2.122547334954209e-06,1.987322000788117e-05,0.499281670416237,6.935296550282277e-09,0.4992816704162441,2.6320519398807075e-09,0.0014041591461476227,9.805874310262393e-08,2.9238684013396224e-07
Random5755
Raw:1.0104241096783009e-05,2.122547334954194e-06,1.9873220007881028e-05,0.49928167041623345,6.935296550282327e-09,0.49928167041624766,2.6320519398807638e-09,0.0014041591461476327,9.805874310262462e-08,2.9238684013396436e-07
EFT:1.0104241096782794e-05,2.122547334954209e-06,1.987322000788117e-05,0.499281670416237,6.935296550282277e-09,0.4992816704162441,2.6320519398807075e-09,0.0014041591461476227,9.805874310262393e-08,2.9238684013396224e-07
Random5756
Raw:1.0104241096782938e-05,2.122547334954209e-06,1.987322000788117e-05,0.499281670416237,6.9352965502823754e-09,0.4992816704162441,2.632051939880745e-09,0.0014041591461476227,9.805874310262393e-08,2.9238684013396637e-07
EFT:1.0104241096782794e-05,2.122547334954209e-06,1.987322000788117e-05,0.499281670416237,6.935296550282277e-09,0.4992816704162441,2.6320519398807075e-09,0.0014041591461476227,9.805874310262393e-08,2.9238684013396224e-07
Random5757
Raw:1.0104241096782794e-05,2.122547334954209e-06,1.9873220007880885e-05,0.499281670416237,6.9352965502821786e-09,0.4992816704162441,2.6320519398807075e-09,0.0014041591461476026,9.805874310262393e-08,2.9238684013396224e-07
EFT:1.0104241096782794e-05,2.122547334954209e-06,1.987322000788117e-05,0.499281670416237,6.935296550282277e-09,0.4992816704162441,2.6320519398807075e-09,0.0014041591461476227,9.805874310262393e-08,2.9238684013396224e-07
Random5758
Raw:1.0104241096783009e-05,2.122547334954224e-06,1.987322000788131e-05,0.49928167041623345,6.935296550282327e-09,0.49928167041624766,2.6320519398807638e-09,0.0014041591461476327,9.805874310262462e-08,2.923868401339685e-07
EFT:1.0104241096782794e-05,2.122547334954209e-06,1.987322000788117e-05,0.499281670416237,6.935296550282277e-09,0.4992816704162441,2.6320519398807075e-09,0.0014041591461476227,9.805874310262393e-08,2.9238684013396224e-07
Random5759
Raw:1.0104241096783009e-05,2.122547334954194e-06,1.9873220007881028e-05,0.49928167041623345,6.935296550282327e-09,0.49928167041624766,2.6320519398807638e-09,0.0014041591461476327,9.805874310262462e-08,2.9238684013396436e-07
EFT:1.0104241096782794e-05,2.122547334954209e-06,1.987322000788117e-05,0.499281670416237,6.935296550282277e-09,0.4992816704162441,2.6320519398807075e-09,0.0014041591461476227,9.805874310262393e-08,2.9238684013396224e-07
Random5760
Raw:1.0104241096782867e-05,2.122547334954224e-06,1.987322000788131e-05,0.49928167041624055,6.935296550282326e-09,0.49928167041624055,2.6320519398807265e-09,0.0014041591461476128,9.805874310262462e-08,2.923868401339643e-07
EFT:1.0104241096782794e-05,2.122547334954209e-06,1.987322000788117e-05,0.499281670416237,6.935296550282277e-09,0.4992816704162441,2.6320519398807075e-09,0.0014041591461476227,9.805874310262393e-08,2.9238684013396224e-07
Random5761
Raw:1.0104241096782938e-05,2.122547334954209e-06,1.987322000788117e-05,0.499281670416237,6.9352965502823754e-09,0.4992816704162441,2.632051939880745e-09,0.0014041591461476227,9.805874310262532e-08,2.9238684013396637e-07
EFT:1.0104241096782794e-05,2.122547334954209e-06,1.987322000788117e-05,0.499281670416237,6.935296550282277e-09,0.4992816704162441,2.6320519398807075e-09,0.0014041591461476227,9.805874310262393e-08,2.9238684013396224e-07
Random5762
Raw:1.0104241096783009e-05,2.122547334954224e-06,1.987322000788131e-05,0.49928167041623345,6.935296550282327e-09,0.49928167041624766,2.6320519398807638e-09,0.0014041591461476327,9.805874310262462e-08,2.923868401339685e-07
EFT:1.0104241096782794e-05,2.122547334954209e-06,1.987322000788117e-05,0.499281670416237,6.935296550282277e-09,0.4992816704162441,2.6320519398807075e-09,0.0014041591461476227,9.805874310262393e-08,2.9238684013396224e-07
Random5763
Raw:1.0104241096782867e-05,2.122547334954224e-06,1.987322000788131e-05,0.49928167041624055,6.935296550282326e-09,0.49928167041624055,2.6320519398807265e-09,0.0014041591461476327,9.805874310262462e-08,2.923868401339643e-07
EFT:1.0104241096782794e-05,2.122547334954209e-06,1.987322000788117e-05,0.499281670416237,6.935296550282277e-09,0.4992816704162441,2.6320519398807075e-09,0.0014041591461476227,9.805874310262393e-08,2.9238684013396224e-07
Random5764
Raw:1.0104241096782867e-05,2.122547334954224e-06,1.987322000788131e-05,0.49928167041624055,6.935296550282326e-09,0.49928167041624055,2.6320519398807265e-09,0.0014041591461476327,9.805874310262323e-08,2.923868401339643e-07
EFT:1.0104241096782794e-05,2.122547334954209e-06,1.987322000788117e-05,0.499281670416237,6.935296550282277e-09,0.4992816704162441,2.6320519398807075e-09,0.0014041591461476227,9.805874310262393e-08,2.9238684013396224e-07
Random5765
Raw:1.0104241096782867e-05,2.122547334954194e-06,1.9873220007881028e-05,0.49928167041624055,6.935296550282228e-09,0.49928167041624055,2.632051939880689e-09,0.0014041591461476327,9.805874310262323e-08,2.923868401339602e-07
EFT:1.0104241096782794e-05,2.122547334954209e-06,1.987322000788117e-05,0.499281670416237,6.935296550282277e-09,0.4992816704162441,2.6320519398807075e-09,0.0014041591461476227,9.805874310262393e-08,2.9238684013396224e-07
Random5766
Raw:1.0104241096782938e-05,2.122547334954239e-06,1.987322000788117e-05,0.499281670416237,6.935296550282277e-09,0.4992816704162441,2.632051939880745e-09,0.0014041591461476427,9.805874310262393e-08,2.9238684013396637e-07
EFT:1.0104241096782794e-05,2.122547334954209e-06,1.987322000788117e-05,0.499281670416237,6.935296550282277e-09,0.4992816704162441,2.6320519398807075e-09,0.0014041591461476227,9.805874310262393e-08,2.9238684013396224e-07
Random5767
Raw:1.0104241096782865e-05,2.122547334954194e-06,1.9873220007881028e-05,0.49928167041623345,6.935296550282327e-09,0.49928167041624766,2.6320519398807638e-09,0.0014041591461476126,9.805874310262324e-08,2.9238684013396436e-07
EFT:1.0104241096782794e-05,2.122547334954209e-06,1.987322000788117e-05,0.499281670416237,6.935296550282277e-09,0.4992816704162441,2.6320519398807075e-09,0.0014041591461476227,9.805874310262393e-08,2.9238684013396224e-07
Random5768
Raw:1.0104241096783009e-05,2.122547334954224e-06,1.9873220007881028e-05,0.49928167041623345,6.935296550282327e-09,0.49928167041624766,2.6320519398807638e-09,0.0014041591461476327,9.805874310262601e-08,2.9238684013396436e-07
EFT:1.0104241096782794e-05,2.122547334954209e-06,1.987322000788117e-05,0.499281670416237,6.935296550282277e-09,0.4992816704162441,2.6320519398807075e-09,0.0014041591461476227,9.805874310262393e-08,2.9238684013396224e-07
Random5769
Raw:1.0104241096782938e-05,2.122547334954239e-06,1.987322000788117e-05,0.499281670416237,6.935296550282277e-09,0.4992816704162441,2.632051939880745e-09,0.0014041591461476427,9.805874310262532e-08,2.9238684013396224e-07
EFT:1.0104241096782794e-05,2.122547334954209e-06,1.987322000788117e-05,0.499281670416237,6.935296550282277e-09,0.4992816704162441,2.6320519398807075e-09,0.0014041591461476227,9.805874310262393e-08,2.9238684013396224e-07
Random5770
Raw:1.0104241096782938e-05,2.122547334954239e-06,1.987322000788145e-05,0.499281670416237,6.9352965502823754e-09,0.4992816704162441,2.632051939880745e-09,0.0014041591461476227,9.805874310262672e-08,2.9238684013396637e-07
EFT:1.0104241096782794e-05,2.122547334954209e-06,1.987322000788117e-05,0.499281670416237,6.935296550282277e-09,0.4992816704162441,2.6320519398807075e-09,0.0014041591461476227,9.805874310262393e-08,2.9238684013396224e-07
Random5771
Raw:1.0104241096782938e-05,2.122547334954209e-06,1.987322000788117e-05,0.499281670416237,6.9352965502823754e-09,0.4992816704162441,2.632051939880745e-09,0.0014041591461476227,9.805874310262532e-08,2.9238684013396637e-07
EFT:1.0104241096782794e-05,2.122547334954209e-06,1.987322000788117e-05,0.499281670416237,6.935296550282277e-09,0.4992816704162441,2.6320519398807075e-09,0.0014041591461476227,9.805874310262393e-08,2.9238684013396224e-07
Random5772
Raw:1.0104241096782867e-05,2.122547334954224e-06,1.987322000788131e-05,0.49928167041624055,6.935296550282326e-09,0.49928167041624055,2.6320519398807265e-09,0.0014041591461476327,9.805874310262462e-08,2.923868401339643e-07
EFT:1.0104241096782794e-05,2.122547334954209e-06,1.987322000788117e-05,0.499281670416237,6.935296550282277e-09,0.4992816704162441,2.6320519398807075e-09,0.0014041591461476227,9.805874310262393e-08,2.9238684013396224e-07
Random5773
Raw:1.0104241096782867e-05,2.122547334954224e-06,1.987322000788131e-05,0.49928167041624055,6.935296550282326e-09,0.49928167041624055,2.6320519398807265e-09,0.0014041591461476327,9.805874310262602e-08,2.923868401339643e-07
EFT:1.0104241096782794e-05,2.122547334954209e-06,1.987322000788117e-05,0.499281670416237,6.935296550282277e-09,0.4992816704162441,2.6320519398807075e-09,0.0014041591461476227,9.805874310262393e-08,2.9238684013396224e-07
Random5774
Raw:1.0104241096782938e-05,2.122547334954209e-06,1.987322000788117e-05,0.499281670416237,6.9352965502823754e-09,0.4992816704162441,2.632051939880745e-09,0.0014041591461476227,9.805874310262532e-08,2.9238684013396637e-07
EFT:1.0104241096782794e-05,2.122547334954209e-06,1.987322000788117e-05,0.499281670416237,6.935296550282277e-09,0.4992816704162441,2.6320519398807075e-09,0.0014041591461476227,9.805874310262393e-08,2.9238684013396224e-07
Random5775
Raw:1.0104241096782867e-05,2.122547334954224e-06,1.987322000788131e-05,0.49928167041624055,6.935296550282326e-09,0.49928167041624055,2.6320519398807638e-09,0.0014041591461476327,9.805874310262462e-08,2.923868401339643e-07
EFT:1.0104241096782794e-05,2.122547334954209e-06,1.987322000788117e-05,0.499281670416237,6.935296550282277e-09,0.4992816704162441,2.6320519398807075e-09,0.0014041591461476227,9.805874310262393e-08,2.9238684013396224e-07
Random5776
Raw:1.0104241096783009e-05,2.122547334954224e-06,1.987322000788131e-05,0.49928167041623345,6.935296550282327e-09,0.49928167041624766,2.6320519398807638e-09,0.0014041591461476327,9.805874310262601e-08,2.9238684013396436e-07
EFT:1.0104241096782794e-05,2.122547334954209e-06,1.987322000788117e-05,0.499281670416237,6.935296550282277e-09,0.4992816704162441,2.6320519398807075e-09,0.0014041591461476227,9.805874310262393e-08,2.9238684013396224e-07
Random5777
Raw:1.0104241096782867e-05,2.122547334954224e-06,1.987322000788131e-05,0.49928167041624055,6.935296550282326e-09,0.49928167041624055,2.6320519398807265e-09,0.0014041591461476327,9.805874310262462e-08,2.923868401339643e-07
EFT:1.0104241096782794e-05,2.122547334954209e-06,1.987322000788117e-05,0.499281670416237,6.935296550282277e-09,0.4992816704162441,2.6320519398807075e-09,0.0014041591461476227,9.805874310262393e-08,2.9238684013396224e-07
Random5778
Raw:1.0104241096783009e-05,2.122547334954194e-06,1.9873220007880747e-05,0.49928167041623345,6.935296550282327e-09,0.49928167041624766,2.632051939880801e-09,0.0014041591461476126,9.805874310262462e-08,2.9238684013396436e-07
EFT:1.0104241096782794e-05,2.122547334954209e-06,1.987322000788117e-05,0.499281670416237,6.935296550282277e-09,0.4992816704162441,2.6320519398807075e-09,0.0014041591461476227,9.805874310262393e-08,2.9238684013396224e-07
Random5779
Raw:1.0104241096782865e-05,2.122547334954194e-06,1.9873220007881028e-05,0.49928167041623345,6.935296550282327e-09,0.49928167041624766,2.6320519398807638e-09,0.0014041591461476126,9.805874310262324e-08,2.9238684013396436e-07
EFT:1.0104241096782794e-05,2.122547334954209e-06,1.987322000788117e-05,0.499281670416237,6.935296550282277e-09,0.4992816704162441,2.6320519398807075e-09,0.0014041591461476227,9.805874310262393e-08,2.9238684013396224e-07
Random5780
Raw:1.0104241096782867e-05,2.122547334954224e-06,1.987322000788131e-05,0.49928167041624055,6.935296550282326e-09,0.49928167041624055,2.6320519398807638e-09,0.0014041591461476327,9.805874310262462e-08,2.923868401339643e-07
EFT:1.0104241096782794e-05,2.122547334954209e-06,1.987322000788117e-05,0.499281670416237,6.935296550282277e-09,0.4992816704162441,2.6320519398807075e-09,0.0014041591461476227,9.805874310262393e-08,2.9238684013396224e-07
Random5781
Raw:1.0104241096782938e-05,2.122547334954209e-06,1.987322000788117e-05,0.499281670416237,6.9352965502823754e-09,0.4992816704162441,2.632051939880745e-09,0.0014041591461476227,9.805874310262672e-08,2.9238684013396637e-07
EFT:1.0104241096782794e-05,2.122547334954209e-06,1.987322000788117e-05,0.499281670416237,6.935296550282277e-09,0.4992816704162441,2.6320519398807075e-09,0.0014041591461476227,9.805874310262393e-08,2.9238684013396224e-07
Random5782
Raw:1.0104241096782865e-05,2.122547334954194e-06,1.9873220007880747e-05,0.49928167041623345,6.935296550282327e-09,0.49928167041624766,2.6320519398807638e-09,0.0014041591461476126,9.805874310262462e-08,2.9238684013396436e-07
EFT:1.0104241096782794e-05,2.122547334954209e-06,1.987322000788117e-05,0.499281670416237,6.935296550282277e-09,0.4992816704162441,2.6320519398807075e-09,0.0014041591461476227,9.805874310262393e-08,2.9238684013396224e-07
Random5783
Raw:1.0104241096782938e-05,2.122547334954209e-06,1.987322000788117e-05,0.499281670416237,6.9352965502823754e-09,0.4992816704162441,2.632051939880745e-09,0.0014041591461476227,9.805874310262532e-08,2.9238684013396637e-07
EFT:1.0104241096782794e-05,2.122547334954209e-06,1.987322000788117e-05,0.499281670416237,6.935296550282277e-09,0.4992816704162441,2.6320519398807075e-09,0.0014041591461476227,9.805874310262393e-08,2.9238684013396224e-07
Random5784
Raw:1.0104241096782794e-05,2.122547334954209e-06,1.987322000788117e-05,0.4992816704162441,6.935296550282277e-09,0.499281670416237,2.63205193988067e-09,0.0014041591461476227,9.805874310262254e-08,2.9238684013396224e-07
EFT:1.0104241096782794e-05,2.122547334954209e-06,1.987322000788117e-05,0.499281670416237,6.935296550282277e-09,0.4992816704162441,2.6320519398807075e-09,0.0014041591461476227,9.805874310262393e-08,2.9238684013396224e-07
Random5785
Raw:1.0104241096782794e-05,2.122547334954209e-06,1.987322000788117e-05,0.4992816704162441,6.935296550282277e-09,0.499281670416237,2.63205193988067e-09,0.0014041591461476227,9.805874310262254e-08,2.9238684013396224e-07
EFT:1.0104241096782794e-05,2.122547334954209e-06,1.987322000788117e-05,0.499281670416237,6.935296550282277e-09,0.4992816704162441,2.6320519398807075e-09,0.0014041591461476227,9.805874310262393e-08,2.9238684013396224e-07
Random5786
Raw:1.0104241096783009e-05,2.122547334954224e-06,1.9873220007881028e-05,0.49928167041623345,6.935296550282327e-09,0.49928167041624766,2.632051939880801e-09,0.0014041591461476327,9.805874310262601e-08,2.9238684013396436e-07
EFT:1.0104241096782794e-05,2.122547334954209e-06,1.987322000788117e-05,0.499281670416237,6.935296550282277e-09,0.4992816704162441,2.6320519398807075e-09,0.0014041591461476227,9.805874310262393e-08,2.9238684013396224e-07
Random5787
Raw:1.0104241096782867e-05,2.122547334954224e-06,1.987322000788131e-05,0.49928167041624055,6.935296550282326e-09,0.49928167041624055,2.6320519398807265e-09,0.0014041591461476128,9.805874310262462e-08,2.923868401339643e-07
EFT:1.0104241096782794e-05,2.122547334954209e-06,1.987322000788117e-05,0.499281670416237,6.935296550282277e-09,0.4992816704162441,2.6320519398807075e-09,0.0014041591461476227,9.805874310262393e-08,2.9238684013396224e-07
Random5788
Raw:1.0104241096782938e-05,2.122547334954209e-06,1.987322000788117e-05,0.499281670416237,6.9352965502823754e-09,0.4992816704162441,2.632051939880745e-09,0.0014041591461476227,9.805874310262393e-08,2.9238684013396637e-07
EFT:1.0104241096782794e-05,2.122547334954209e-06,1.987322000788117e-05,0.499281670416237,6.935296550282277e-09,0.4992816704162441,2.6320519398807075e-09,0.0014041591461476227,9.805874310262393e-08,2.9238684013396224e-07
Random5789
Raw:1.0104241096782865e-05,2.122547334954194e-06,1.9873220007881028e-05,0.49928167041623345,6.935296550282228e-09,0.49928167041624766,2.632051939880726e-09,0.0014041591461476126,9.805874310262462e-08,2.9238684013396436e-07
EFT:1.0104241096782794e-05,2.122547334954209e-06,1.987322000788117e-05,0.499281670416237,6.935296550282277e-09,0.4992816704162441,2.6320519398807075e-09,0.0014041591461476227,9.805874310262393e-08,2.9238684013396224e-07
Random5790
Raw:1.0104241096782938e-05,2.122547334954209e-06,1.987322000788117e-05,0.499281670416237,6.9352965502823754e-09,0.4992816704162441,2.632051939880745e-09,0.0014041591461476227,9.805874310262393e-08,2.9238684013396637e-07
EFT:1.0104241096782794e-05,2.122547334954209e-06,1.987322000788117e-05,0.499281670416237,6.935296550282277e-09,0.4992816704162441,2.6320519398807075e-09,0.0014041591461476227,9.805874310262393e-08,2.9238684013396224e-07
Random5791
Raw:1.0104241096782867e-05,2.122547334954224e-06,1.987322000788131e-05,0.49928167041624055,6.935296550282228e-09,0.49928167041624055,2.632051939880689e-09,0.0014041591461476327,9.805874310262323e-08,2.923868401339643e-07
EFT:1.0104241096782794e-05,2.122547334954209e-06,1.987322000788117e-05,0.499281670416237,6.935296550282277e-09,0.4992816704162441,2.6320519398807075e-09,0.0014041591461476227,9.805874310262393e-08,2.9238684013396224e-07
Random5792
Raw:1.0104241096782865e-05,2.122547334954194e-06,1.9873220007881028e-05,0.49928167041623345,6.935296550282327e-09,0.49928167041624766,2.632051939880726e-09,0.0014041591461476126,9.805874310262462e-08,2.9238684013396436e-07
EFT:1.0104241096782794e-05,2.122547334954209e-06,1.987322000788117e-05,0.499281670416237,6.935296550282277e-09,0.4992816704162441,2.6320519398807075e-09,0.0014041591461476227,9.805874310262393e-08,2.9238684013396224e-07
Random5793
Raw:1.0104241096783009e-05,2.122547334954224e-06,1.987322000788131e-05,0.49928167041623345,6.935296550282327e-09,0.49928167041624766,2.6320519398807638e-09,0.0014041591461476327,9.805874310262462e-08,2.923868401339685e-07
EFT:1.0104241096782794e-05,2.122547334954209e-06,1.987322000788117e-05,0.499281670416237,6.935296550282277e-09,0.4992816704162441,2.6320519398807075e-09,0.0014041591461476227,9.805874310262393e-08,2.9238684013396224e-07
Random5794
Raw:1.0104241096782867e-05,2.122547334954224e-06,1.987322000788131e-05,0.49928167041624055,6.935296550282326e-09,0.49928167041624055,2.6320519398807638e-09,0.0014041591461476128,9.805874310262462e-08,2.923868401339643e-07
EFT:1.0104241096782794e-05,2.122547334954209e-06,1.987322000788117e-05,0.499281670416237,6.935296550282277e-09,0.4992816704162441,2.6320519398807075e-09,0.0014041591461476227,9.805874310262393e-08,2.9238684013396224e-07
Random5795
Raw:1.0104241096782938e-05,2.122547334954209e-06,1.987322000788117e-05,0.499281670416237,6.9352965502823754e-09,0.4992816704162441,2.632051939880745e-09,0.0014041591461476227,9.805874310262672e-08,2.9238684013396637e-07
EFT:1.0104241096782794e-05,2.122547334954209e-06,1.987322000788117e-05,0.499281670416237,6.935296550282277e-09,0.4992816704162441,2.6320519398807075e-09,0.0014041591461476227,9.805874310262393e-08,2.9238684013396224e-07
Random5796
Raw:1.0104241096782867e-05,2.1225473349542546e-06,1.987322000788131e-05,0.49928167041624055,6.935296550282326e-09,0.49928167041624055,2.6320519398807638e-09,0.0014041591461476327,9.805874310262462e-08,2.923868401339643e-07
EFT:1.0104241096782794e-05,2.122547334954209e-06,1.987322000788117e-05,0.499281670416237,6.935296550282277e-09,0.4992816704162441,2.6320519398807075e-09,0.0014041591461476227,9.805874310262393e-08,2.9238684013396224e-07
Random5797
Raw:1.0104241096782938e-05,2.122547334954239e-06,1.987322000788117e-05,0.499281670416237,6.935296550282277e-09,0.4992816704162441,2.632051939880745e-09,0.0014041591461476427,9.805874310262532e-08,2.9238684013396224e-07
EFT:1.0104241096782794e-05,2.122547334954209e-06,1.987322000788117e-05,0.499281670416237,6.935296550282277e-09,0.4992816704162441,2.6320519398807075e-09,0.0014041591461476227,9.805874310262393e-08,2.9238684013396224e-07
Random5798
Raw:1.0104241096782938e-05,2.122547334954209e-06,1.987322000788117e-05,0.499281670416237,6.935296550282277e-09,0.4992816704162441,2.632051939880745e-09,0.0014041591461476427,9.805874310262393e-08,2.9238684013396224e-07
EFT:1.0104241096782794e-05,2.122547334954209e-06,1.987322000788117e-05,0.499281670416237,6.935296550282277e-09,0.4992816704162441,2.6320519398807075e-09,0.0014041591461476227,9.805874310262393e-08,2.9238684013396224e-07
Random5799
Raw:1.0104241096782938e-05,2.122547334954209e-06,1.987322000788117e-05,0.499281670416237,6.9352965502823754e-09,0.4992816704162441,2.632051939880745e-09,0.0014041591461476227,9.805874310262672e-08,2.9238684013396637e-07
EFT:1.0104241096782794e-05,2.122547334954209e-06,1.987322000788117e-05,0.499281670416237,6.935296550282277e-09,0.4992816704162441,2.6320519398807075e-09,0.0014041591461476227,9.805874310262393e-08,2.9238684013396224e-07
Random5800
Raw:1.010424109678301e-05,2.122547334954224e-06,1.987322000788131e-05,0.49928167041624055,6.935296550282425e-09,0.49928167041624055,2.6320519398807638e-09,0.0014041591461476327,9.805874310262602e-08,2.923868401339685e-07
EFT:1.0104241096782794e-05,2.122547334954209e-06,1.987322000788117e-05,0.499281670416237,6.935296550282277e-09,0.4992816704162441,2.6320519398807075e-09,0.0014041591461476227,9.805874310262393e-08,2.9238684013396224e-07
Random5801
Raw:1.0104241096782867e-05,2.122547334954224e-06,1.987322000788131e-05,0.49928167041624055,6.935296550282326e-09,0.49928167041624055,2.6320519398807265e-09,0.0014041591461476327,9.805874310262462e-08,2.923868401339643e-07
EFT:1.0104241096782794e-05,2.122547334954209e-06,1.987322000788117e-05,0.499281670416237,6.935296550282277e-09,0.4992816704162441,2.6320519398807075e-09,0.0014041591461476227,9.805874310262393e-08,2.9238684013396224e-07
Random5802
Raw:1.0104241096783009e-05,2.122547334954194e-06,1.9873220007881028e-05,0.49928167041623345,6.935296550282327e-09,0.49928167041624766,2.6320519398807638e-09,0.0014041591461476126,9.805874310262601e-08,2.9238684013396436e-07
EFT:1.0104241096782794e-05,2.122547334954209e-06,1.987322000788117e-05,0.499281670416237,6.935296550282277e-09,0.4992816704162441,2.6320519398807075e-09,0.0014041591461476227,9.805874310262393e-08,2.9238684013396224e-07
Random5803
Raw:1.0104241096782938e-05,2.122547334954209e-06,1.987322000788117e-05,0.499281670416237,6.9352965502823754e-09,0.4992816704162441,2.632051939880745e-09,0.0014041591461476227,9.805874310262672e-08,2.9238684013396637e-07
EFT:1.0104241096782794e-05,2.122547334954209e-06,1.987322000788117e-05,0.499281670416237,6.935296550282277e-09,0.4992816704162441,2.6320519398807075e-09,0.0014041591461476227,9.805874310262393e-08,2.9238684013396224e-07
Random5804
Raw:1.0104241096782794e-05,2.122547334954209e-06,1.987322000788117e-05,0.499281670416237,6.9352965502821786e-09,0.4992816704162441,2.632051939880745e-09,0.0014041591461476227,9.805874310262254e-08,2.9238684013396224e-07
EFT:1.0104241096782794e-05,2.122547334954209e-06,1.987322000788117e-05,0.499281670416237,6.935296550282277e-09,0.4992816704162441,2.6320519398807075e-09,0.0014041591461476227,9.805874310262393e-08,2.9238684013396224e-07
Random5805
Raw:1.0104241096782938e-05,2.122547334954209e-06,1.987322000788117e-05,0.499281670416237,6.935296550282277e-09,0.4992816704162441,2.632051939880745e-09,0.0014041591461476427,9.805874310262393e-08,2.9238684013396224e-07
EFT:1.0104241096782794e-05,2.122547334954209e-06,1.987322000788117e-05,0.499281670416237,6.935296550282277e-09,0.4992816704162441,2.6320519398807075e-09,0.0014041591461476227,9.805874310262393e-08,2.9238684013396224e-07
Random5806
Raw:1.0104241096782938e-05,2.1225473349541788e-06,1.9873220007880885e-05,0.499281670416237,6.935296550282277e-09,0.4992816704162441,2.632051939880745e-09,0.0014041591461476026,9.805874310262532e-08,2.9238684013396224e-07
EFT:1.0104241096782794e-05,2.122547334954209e-06,1.987322000788117e-05,0.499281670416237,6.935296550282277e-09,0.4992816704162441,2.6320519398807075e-09,0.0014041591461476227,9.805874310262393e-08,2.9238684013396224e-07
Random5807
Raw:1.0104241096782794e-05,2.122547334954209e-06,1.987322000788117e-05,0.499281670416237,6.935296550282277e-09,0.4992816704162441,2.6320519398807075e-09,0.0014041591461476227,9.805874310262393e-08,2.9238684013396224e-07
EFT:1.0104241096782794e-05,2.122547334954209e-06,1.987322000788117e-05,0.499281670416237,6.935296550282277e-09,0.4992816704162441,2.6320519398807075e-09,0.0014041591461476227,9.805874310262393e-08,2.9238684013396224e-07
Random5808
Raw:1.0104241096782938e-05,2.122547334954239e-06,1.9873220007880885e-05,0.499281670416237,6.935296550282277e-09,0.4992816704162441,2.632051939880745e-09,0.0014041591461476227,9.805874310262532e-08,2.9238684013396224e-07
EFT:1.0104241096782794e-05,2.122547334954209e-06,1.987322000788117e-05,0.499281670416237,6.935296550282277e-09,0.4992816704162441,2.6320519398807075e-09,0.0014041591461476227,9.805874310262393e-08,2.9238684013396224e-07
Random5809
Raw:1.0104241096782938e-05,2.122547334954209e-06,1.987322000788117e-05,0.499281670416237,6.9352965502823754e-09,0.4992816704162441,2.632051939880745e-09,0.0014041591461476227,9.805874310262393e-08,2.9238684013396637e-07
EFT:1.0104241096782794e-05,2.122547334954209e-06,1.987322000788117e-05,0.499281670416237,6.935296550282277e-09,0.4992816704162441,2.6320519398807075e-09,0.0014041591461476227,9.805874310262393e-08,2.9238684013396224e-07
Random5810
Raw:1.0104241096782938e-05,2.122547334954239e-06,1.987322000788145e-05,0.499281670416237,6.935296550282277e-09,0.4992816704162441,2.632051939880745e-09,0.0014041591461476427,9.805874310262393e-08,2.9238684013396637e-07
EFT:1.0104241096782794e-05,2.122547334954209e-06,1.987322000788117e-05,0.499281670416237,6.935296550282277e-09,0.4992816704162441,2.6320519398807075e-09,0.0014041591461476227,9.805874310262393e-08,2.9238684013396224e-07
Random5811
Raw:1.0104241096782938e-05,2.122547334954209e-06,1.987322000788117e-05,0.499281670416237,6.9352965502823754e-09,0.4992816704162441,2.632051939880745e-09,0.0014041591461476227,9.805874310262532e-08,2.9238684013396637e-07
EFT:1.0104241096782794e-05,2.122547334954209e-06,1.987322000788117e-05,0.499281670416237,6.935296550282277e-09,0.4992816704162441,2.6320519398807075e-09,0.0014041591461476227,9.805874310262393e-08,2.9238684013396224e-07
Random5812
Raw:1.0104241096782867e-05,2.122547334954224e-06,1.987322000788131e-05,0.49928167041624055,6.935296550282326e-09,0.49928167041624055,2.6320519398807265e-09,0.0014041591461476327,9.805874310262462e-08,2.923868401339643e-07
EFT:1.0104241096782794e-05,2.122547334954209e-06,1.987322000788117e-05,0.499281670416237,6.935296550282277e-09,0.4992816704162441,2.6320519398807075e-09,0.0014041591461476227,9.805874310262393e-08,2.9238684013396224e-07
Random5813
Raw:1.0104241096782938e-05,2.122547334954239e-06,1.987322000788145e-05,0.499281670416237,6.935296550282277e-09,0.4992816704162441,2.632051939880745e-09,0.0014041591461476427,9.805874310262393e-08,2.9238684013396637e-07
EFT:1.0104241096782794e-05,2.122547334954209e-06,1.987322000788117e-05,0.499281670416237,6.935296550282277e-09,0.4992816704162441,2.6320519398807075e-09,0.0014041591461476227,9.805874310262393e-08,2.9238684013396224e-07
Random5814
Raw:1.0104241096782938e-05,2.122547334954239e-06,1.987322000788145e-05,0.499281670416237,6.935296550282277e-09,0.4992816704162441,2.632051939880745e-09,0.0014041591461476427,9.805874310262532e-08,2.9238684013396224e-07
EFT:1.0104241096782794e-05,2.122547334954209e-06,1.987322000788117e-05,0.499281670416237,6.935296550282277e-09,0.4992816704162441,2.6320519398807075e-09,0.0014041591461476227,9.805874310262393e-08,2.9238684013396224e-07
Random5815
Raw:1.0104241096782938e-05,2.122547334954239e-06,1.987322000788117e-05,0.499281670416237,6.9352965502823754e-09,0.4992816704162441,2.6320519398807824e-09,0.0014041591461476227,9.805874310262532e-08,2.9238684013396637e-07
EFT:1.0104241096782794e-05,2.122547334954209e-06,1.987322000788117e-05,0.499281670416237,6.935296550282277e-09,0.4992816704162441,2.6320519398807075e-09,0.0014041591461476227,9.805874310262393e-08,2.9238684013396224e-07
Random5816
Raw:1.0104241096782794e-05,2.122547334954209e-06,1.987322000788117e-05,0.499281670416237,6.935296550282277e-09,0.4992816704162441,2.6320519398807075e-09,0.0014041591461476227,9.805874310262393e-08,2.9238684013396224e-07
EFT:1.0104241096782794e-05,2.122547334954209e-06,1.987322000788117e-05,0.499281670416237,6.935296550282277e-09,0.4992816704162441,2.6320519398807075e-09,0.0014041591461476227,9.805874310262393e-08,2.9238684013396224e-07
Random5817
Raw:1.0104241096782867e-05,2.122547334954224e-06,1.9873220007881028e-05,0.49928167041624055,6.935296550282326e-09,0.49928167041624055,2.6320519398807265e-09,0.0014041591461476327,9.805874310262323e-08,2.923868401339643e-07
EFT:1.0104241096782794e-05,2.122547334954209e-06,1.987322000788117e-05,0.499281670416237,6.935296550282277e-09,0.4992816704162441,2.6320519398807075e-09,0.0014041591461476227,9.805874310262393e-08,2.9238684013396224e-07
Random5818
Raw:1.0104241096783009e-05,2.122547334954194e-06,1.9873220007881028e-05,0.49928167041623345,6.935296550282327e-09,0.49928167041624766,2.6320519398807638e-09,0.0014041591461476327,9.805874310262462e-08,2.9238684013396436e-07
EFT:1.0104241096782794e-05,2.122547334954209e-06,1.987322000788117e-05,0.499281670416237,6.935296550282277e-09,0.4992816704162441,2.6320519398807075e-09,0.0014041591461476227,9.805874310262393e-08,2.9238684013396224e-07
Random5819
Raw:1.0104241096782938e-05,2.122547334954209e-06,1.987322000788117e-05,0.499281670416237,6.9352965502823754e-09,0.4992816704162441,2.632051939880745e-09,0.0014041591461476227,9.805874310262672e-08,2.9238684013396637e-07
EFT:1.0104241096782794e-05,2.122547334954209e-06,1.987322000788117e-05,0.499281670416237,6.935296550282277e-09,0.4992816704162441,2.6320519398807075e-09,0.0014041591461476227,9.805874310262393e-08,2.9238684013396224e-07
Random5820
Raw:1.0104241096782867e-05,2.122547334954224e-06,1.987322000788131e-05,0.49928167041624055,6.935296550282326e-09,0.49928167041624055,2.6320519398807265e-09,0.0014041591461476128,9.805874310262462e-08,2.923868401339643e-07
EFT:1.0104241096782794e-05,2.122547334954209e-06,1.987322000788117e-05,0.499281670416237,6.935296550282277e-09,0.4992816704162441,2.6320519398807075e-09,0.0014041591461476227,9.805874310262393e-08,2.9238684013396224e-07
Random5821
Raw:1.0104241096783009e-05,2.122547334954194e-06,1.9873220007881028e-05,0.49928167041623345,6.935296550282327e-09,0.49928167041624766,2.6320519398807638e-09,0.0014041591461476126,9.805874310262601e-08,2.9238684013396436e-07
EFT:1.0104241096782794e-05,2.122547334954209e-06,1.987322000788117e-05,0.499281670416237,6.935296550282277e-09,0.4992816704162441,2.6320519398807075e-09,0.0014041591461476227,9.805874310262393e-08,2.9238684013396224e-07
Random5822
Raw:1.0104241096782938e-05,2.1225473349541788e-06,1.9873220007880885e-05,0.499281670416237,6.935296550282277e-09,0.4992816704162441,2.632051939880745e-09,0.0014041591461476026,9.805874310262532e-08,2.9238684013396224e-07
EFT:1.0104241096782794e-05,2.122547334954209e-06,1.987322000788117e-05,0.499281670416237,6.935296550282277e-09,0.4992816704162441,2.6320519398807075e-09,0.0014041591461476227,9.805874310262393e-08,2.9238684013396224e-07
Random5823
Raw:1.0104241096782794e-05,2.122547334954209e-06,1.987322000788117e-05,0.499281670416237,6.935296550282277e-09,0.4992816704162441,2.6320519398807075e-09,0.0014041591461476227,9.805874310262393e-08,2.9238684013396224e-07
EFT:1.0104241096782794e-05,2.122547334954209e-06,1.987322000788117e-05,0.499281670416237,6.935296550282277e-09,0.4992816704162441,2.6320519398807075e-09,0.0014041591461476227,9.805874310262393e-08,2.9238684013396224e-07
Random5824
Raw:1.0104241096782938e-05,2.122547334954239e-06,1.987322000788117e-05,0.499281670416237,6.9352965502823754e-09,0.4992816704162441,2.6320519398807824e-09,0.0014041591461476227,9.805874310262532e-08,2.9238684013396637e-07
EFT:1.0104241096782794e-05,2.122547334954209e-06,1.987322000788117e-05,0.499281670416237,6.935296550282277e-09,0.4992816704162441,2.6320519398807075e-09,0.0014041591461476227,9.805874310262393e-08,2.9238684013396224e-07
Random5825
Raw:1.0104241096782938e-05,2.122547334954239e-06,1.987322000788145e-05,0.499281670416237,6.935296550282277e-09,0.4992816704162441,2.632051939880745e-09,0.0014041591461476227,9.805874310262532e-08,2.9238684013396224e-07
EFT:1.0104241096782794e-05,2.122547334954209e-06,1.987322000788117e-05,0.499281670416237,6.935296550282277e-09,0.4992816704162441,2.6320519398807075e-09,0.0014041591461476227,9.805874310262393e-08,2.9238684013396224e-07
Random5826
Raw:1.0104241096782938e-05,2.122547334954239e-06,1.987322000788145e-05,0.499281670416237,6.935296550282277e-09,0.4992816704162441,2.632051939880745e-09,0.0014041591461476427,9.805874310262532e-08,2.9238684013396224e-07
EFT:1.0104241096782794e-05,2.122547334954209e-06,1.987322000788117e-05,0.499281670416237,6.935296550282277e-09,0.4992816704162441,2.6320519398807075e-09,0.0014041591461476227,9.805874310262393e-08,2.9238684013396224e-07
Random5827
Raw:1.0104241096782938e-05,2.122547334954239e-06,1.987322000788117e-05,0.499281670416237,6.935296550282277e-09,0.4992816704162441,2.632051939880745e-09,0.0014041591461476427,9.805874310262532e-08,2.9238684013396224e-07
EFT:1.0104241096782794e-05,2.122547334954209e-06,1.987322000788117e-05,0.499281670416237,6.935296550282277e-09,0.4992816704162441,2.6320519398807075e-09,0.0014041591461476227,9.805874310262393e-08,2.9238684013396224e-07
Random5828
Raw:1.0104241096782867e-05,2.122547334954224e-06,1.987322000788131e-05,0.49928167041624055,6.935296550282326e-09,0.49928167041624055,2.6320519398807265e-09,0.0014041591461476327,9.805874310262462e-08,2.923868401339643e-07
EFT:1.0104241096782794e-05,2.122547334954209e-06,1.987322000788117e-05,0.499281670416237,6.935296550282277e-09,0.4992816704162441,2.6320519398807075e-09,0.0014041591461476227,9.805874310262393e-08,2.9238684013396224e-07
Random5829
Raw:1.0104241096782794e-05,2.122547334954209e-06,1.9873220007880885e-05,0.499281670416237,6.935296550282277e-09,0.4992816704162441,2.6320519398807075e-09,0.0014041591461476026,9.805874310262393e-08,2.9238684013396224e-07
EFT:1.0104241096782794e-05,2.122547334954209e-06,1.987322000788117e-05,0.499281670416237,6.935296550282277e-09,0.4992816704162441,2.6320519398807075e-09,0.0014041591461476227,9.805874310262393e-08,2.9238684013396224e-07
Random5830
Raw:1.0104241096782938e-05,2.122547334954239e-06,1.987322000788117e-05,0.499281670416237,6.9352965502823754e-09,0.4992816704162441,2.6320519398807824e-09,0.0014041591461476227,9.805874310262532e-08,2.9238684013396637e-07
EFT:1.0104241096782794e-05,2.122547334954209e-06,1.987322000788117e-05,0.499281670416237,6.935296550282277e-09,0.4992816704162441,2.6320519398807075e-09,0.0014041591461476227,9.805874310262393e-08,2.9238684013396224e-07
Random5831
Raw:1.0104241096783009e-05,2.122547334954224e-06,1.987322000788131e-05,0.49928167041623345,6.935296550282327e-09,0.49928167041624766,2.6320519398807638e-09,0.0014041591461476327,9.805874310262462e-08,2.923868401339685e-07
EFT:1.0104241096782794e-05,2.122547334954209e-06,1.987322000788117e-05,0.499281670416237,6.935296550282277e-09,0.4992816704162441,2.6320519398807075e-09,0.0014041591461476227,9.805874310262393e-08,2.9238684013396224e-07
Random5832
Raw:1.0104241096782938e-05,2.122547334954239e-06,1.987322000788117e-05,0.499281670416237,6.9352965502823754e-09,0.4992816704162441,2.632051939880745e-09,0.0014041591461476227,9.805874310262532e-08,2.9238684013396637e-07
EFT:1.0104241096782794e-05,2.122547334954209e-06,1.987322000788117e-05,0.499281670416237,6.935296550282277e-09,0.4992816704162441,2.6320519398807075e-09,0.0014041591461476227,9.805874310262393e-08,2.9238684013396224e-07
Random5833
Raw:1.0104241096782865e-05,2.122547334954194e-06,1.9873220007881028e-05,0.49928167041623345,6.935296550282327e-09,0.49928167041624766,2.632051939880726e-09,0.0014041591461476126,9.805874310262462e-08,2.9238684013396436e-07
EFT:1.0104241096782794e-05,2.122547334954209e-06,1.987322000788117e-05,0.499281670416237,6.935296550282277e-09,0.4992816704162441,2.6320519398807075e-09,0.0014041591461476227,9.805874310262393e-08,2.9238684013396224e-07
Random5834
Raw:1.0104241096783009e-05,2.122547334954224e-06,1.987322000788131e-05,0.49928167041623345,6.935296550282327e-09,0.49928167041624766,2.6320519398807638e-09,0.0014041591461476327,9.805874310262601e-08,2.9238684013396436e-07
EFT:1.0104241096782794e-05,2.122547334954209e-06,1.987322000788117e-05,0.499281670416237,6.935296550282277e-09,0.4992816704162441,2.6320519398807075e-09,0.0014041591461476227,9.805874310262393e-08,2.9238684013396224e-07
Random5835
Raw:1.0104241096783009e-05,2.122547334954224e-06,1.9873220007881028e-05,0.49928167041623345,6.935296550282327e-09,0.49928167041624766,2.6320519398807638e-09,0.0014041591461476327,9.805874310262601e-08,2.9238684013396436e-07
EFT:1.0104241096782794e-05,2.122547334954209e-06,1.987322000788117e-05,0.499281670416237,6.935296550282277e-09,0.4992816704162441,2.6320519398807075e-09,0.0014041591461476227,9.805874310262393e-08,2.9238684013396224e-07
Random5836
Raw:1.0104241096782794e-05,2.122547334954209e-06,1.987322000788117e-05,0.4992816704162441,6.9352965502821786e-09,0.499281670416237,2.63205193988067e-09,0.0014041591461476227,9.805874310262393e-08,2.923868401339581e-07
EFT:1.0104241096782794e-05,2.122547334954209e-06,1.987322000788117e-05,0.499281670416237,6.935296550282277e-09,0.4992816704162441,2.6320519398807075e-09,0.0014041591461476227,9.805874310262393e-08,2.9238684013396224e-07
Random5837
Raw:1.0104241096782794e-05,2.1225473349541788e-06,1.9873220007880885e-05,0.499281670416237,6.9352965502821786e-09,0.4992816704162441,2.632051939880745e-09,0.0014041591461476026,9.805874310262254e-08,2.9238684013396224e-07
EFT:1.0104241096782794e-05,2.122547334954209e-06,1.987322000788117e-05,0.499281670416237,6.935296550282277e-09,0.4992816704162441,2.6320519398807075e-09,0.0014041591461476227,9.805874310262393e-08,2.9238684013396224e-07
Random5838
Raw:1.0104241096782794e-05,2.122547334954209e-06,1.987322000788117e-05,0.499281670416237,6.935296550282277e-09,0.4992816704162441,2.6320519398807075e-09,0.0014041591461476026,9.805874310262393e-08,2.9238684013396224e-07
EFT:1.0104241096782794e-05,2.122547334954209e-06,1.987322000788117e-05,0.499281670416237,6.935296550282277e-09,0.4992816704162441,2.6320519398807075e-09,0.0014041591461476227,9.805874310262393e-08,2.9238684013396224e-07
Random5839
Raw:1.0104241096782867e-05,2.1225473349542546e-06,1.987322000788131e-05,0.49928167041624055,6.935296550282326e-09,0.49928167041624055,2.6320519398807638e-09,0.0014041591461476128,9.805874310262462e-08,2.923868401339643e-07
EFT:1.0104241096782794e-05,2.122547334954209e-06,1.987322000788117e-05,0.499281670416237,6.935296550282277e-09,0.4992816704162441,2.6320519398807075e-09,0.0014041591461476227,9.805874310262393e-08,2.9238684013396224e-07
Random5840
Raw:1.0104241096782938e-05,2.122547334954209e-06,1.987322000788117e-05,0.499281670416237,6.9352965502823754e-09,0.4992816704162441,2.632051939880745e-09,0.0014041591461476227,9.805874310262532e-08,2.9238684013396637e-07
EFT:1.0104241096782794e-05,2.122547334954209e-06,1.987322000788117e-05,0.499281670416237,6.935296550282277e-09,0.4992816704162441,2.6320519398807075e-09,0.0014041591461476227,9.805874310262393e-08,2.9238684013396224e-07
Random5841
Raw:1.0104241096782867e-05,2.122547334954224e-06,1.987322000788131e-05,0.49928167041624055,6.935296550282326e-09,0.49928167041624055,2.6320519398807638e-09,0.0014041591461476128,9.805874310262462e-08,2.923868401339643e-07
EFT:1.0104241096782794e-05,2.122547334954209e-06,1.987322000788117e-05,0.499281670416237,6.935296550282277e-09,0.4992816704162441,2.6320519398807075e-09,0.0014041591461476227,9.805874310262393e-08,2.9238684013396224e-07
Random5842
Raw:1.0104241096782794e-05,2.122547334954209e-06,1.987322000788117e-05,0.499281670416237,6.9352965502821786e-09,0.4992816704162441,2.6320519398807075e-09,0.0014041591461476026,9.805874310262393e-08,2.9238684013396224e-07
EFT:1.0104241096782794e-05,2.122547334954209e-06,1.987322000788117e-05,0.499281670416237,6.935296550282277e-09,0.4992816704162441,2.6320519398807075e-09,0.0014041591461476227,9.805874310262393e-08,2.9238684013396224e-07
Random5843
Raw:1.0104241096782938e-05,2.1225473349541788e-06,1.9873220007880885e-05,0.4992816704162299,6.935296550282277e-09,0.49928167041625116,2.632051939880745e-09,0.0014041591461476225,9.805874310262532e-08,2.9238684013396224e-07
EFT:1.0104241096782794e-05,2.122547334954209e-06,1.987322000788117e-05,0.499281670416237,6.935296550282277e-09,0.4992816704162441,2.6320519398807075e-09,0.0014041591461476227,9.805874310262393e-08,2.9238684013396224e-07
Random5844
Raw:1.0104241096782938e-05,2.122547334954209e-06,1.987322000788117e-05,0.499281670416237,6.935296550282277e-09,0.4992816704162441,2.632051939880745e-09,0.0014041591461476227,9.805874310262532e-08,2.9238684013396224e-07
EFT:1.0104241096782794e-05,2.122547334954209e-06,1.987322000788117e-05,0.499281670416237,6.935296550282277e-09,0.4992816704162441,2.6320519398807075e-09,0.0014041591461476227,9.805874310262393e-08,2.9238684013396224e-07
Random5845
Raw:1.0104241096782867e-05,2.122547334954224e-06,1.987322000788131e-05,0.49928167041624055,6.935296550282326e-09,0.49928167041624055,2.6320519398807638e-09,0.0014041591461476327,9.805874310262462e-08,2.923868401339643e-07
EFT:1.0104241096782794e-05,2.122547334954209e-06,1.987322000788117e-05,0.499281670416237,6.935296550282277e-09,0.4992816704162441,2.6320519398807075e-09,0.0014041591461476227,9.805874310262393e-08,2.9238684013396224e-07
Random5846
Raw:1.0104241096782867e-05,2.122547334954224e-06,1.987322000788131e-05,0.49928167041624055,6.935296550282326e-09,0.49928167041624055,2.6320519398807265e-09,0.0014041591461476327,9.805874310262462e-08,2.923868401339643e-07
EFT:1.0104241096782794e-05,2.122547334954209e-06,1.987322000788117e-05,0.499281670416237,6.935296550282277e-09,0.4992816704162441,2.6320519398807075e-09,0.0014041591461476227,9.805874310262393e-08,2.9238684013396224e-07
Random5847
Raw:1.0104241096782794e-05,2.122547334954209e-06,1.987322000788117e-05,0.499281670416237,6.935296550282277e-09,0.4992816704162441,2.6320519398807075e-09,0.0014041591461476026,9.805874310262393e-08,2.9238684013396224e-07
EFT:1.0104241096782794e-05,2.122547334954209e-06,1.987322000788117e-05,0.499281670416237,6.935296550282277e-09,0.4992816704162441,2.6320519398807075e-09,0.0014041591461476227,9.805874310262393e-08,2.9238684013396224e-07
Random5848
Raw:1.0104241096782938e-05,2.122547334954239e-06,1.987322000788145e-05,0.499281670416237,6.935296550282277e-09,0.4992816704162441,2.632051939880745e-09,0.0014041591461476427,9.805874310262393e-08,2.9238684013396637e-07
EFT:1.0104241096782794e-05,2.122547334954209e-06,1.987322000788117e-05,0.499281670416237,6.935296550282277e-09,0.4992816704162441,2.6320519398807075e-09,0.0014041591461476227,9.805874310262393e-08,2.9238684013396224e-07
Random5849
Raw:1.0104241096782867e-05,2.122547334954194e-06,1.9873220007881028e-05,0.49928167041624055,6.935296550282228e-09,0.49928167041624055,2.632051939880689e-09,0.0014041591461476327,9.805874310262323e-08,2.923868401339602e-07
EFT:1.0104241096782794e-05,2.122547334954209e-06,1.987322000788117e-05,0.499281670416237,6.935296550282277e-09,0.4992816704162441,2.6320519398807075e-09,0.0014041591461476227,9.805874310262393e-08,2.9238684013396224e-07
Random5850
Raw:1.0104241096782867e-05,2.122547334954224e-06,1.987322000788131e-05,0.49928167041624055,6.935296550282326e-09,0.49928167041624055,2.6320519398807265e-09,0.0014041591461476327,9.805874310262323e-08,2.923868401339643e-07
EFT:1.0104241096782794e-05,2.122547334954209e-06,1.987322000788117e-05,0.499281670416237,6.935296550282277e-09,0.4992816704162441,2.6320519398807075e-09,0.0014041591461476227,9.805874310262393e-08,2.9238684013396224e-07
Random5851
Raw:1.0104241096782865e-05,2.122547334954194e-06,1.9873220007881028e-05,0.49928167041623345,6.935296550282327e-09,0.49928167041624766,2.632051939880726e-09,0.0014041591461476126,9.805874310262462e-08,2.9238684013396436e-07
EFT:1.0104241096782794e-05,2.122547334954209e-06,1.987322000788117e-05,0.499281670416237,6.935296550282277e-09,0.4992816704162441,2.6320519398807075e-09,0.0014041591461476227,9.805874310262393e-08,2.9238684013396224e-07
Random5852
Raw:1.0104241096782794e-05,2.122547334954239e-06,1.987322000788117e-05,0.4992816704162441,6.935296550282277e-09,0.499281670416237,2.6320519398807075e-09,0.0014041591461476227,9.805874310262393e-08,2.9238684013396224e-07
EFT:1.0104241096782794e-05,2.122547334954209e-06,1.987322000788117e-05,0.499281670416237,6.935296550282277e-09,0.4992816704162441,2.6320519398807075e-09,0.0014041591461476227,9.805874310262393e-08,2.9238684013396224e-07
Random5853
Raw:1.0104241096782938e-05,2.122547334954209e-06,1.9873220007880885e-05,0.499281670416237,6.935296550282277e-09,0.4992816704162441,2.632051939880745e-09,0.0014041591461476227,9.805874310262393e-08,2.9238684013396224e-07
EFT:1.0104241096782794e-05,2.122547334954209e-06,1.987322000788117e-05,0.499281670416237,6.935296550282277e-09,0.4992816704162441,2.6320519398807075e-09,0.0014041591461476227,9.805874310262393e-08,2.9238684013396224e-07
Random5854
Raw:1.0104241096782865e-05,2.122547334954194e-06,1.9873220007881028e-05,0.49928167041623345,6.935296550282228e-09,0.49928167041624766,2.632051939880726e-09,0.0014041591461476327,9.805874310262184e-08,2.923868401339602e-07
EFT:1.0104241096782794e-05,2.122547334954209e-06,1.987322000788117e-05,0.499281670416237,6.935296550282277e-09,0.4992816704162441,2.6320519398807075e-09,0.0014041591461476227,9.805874310262393e-08,2.9238684013396224e-07
Random5855
Raw:1.0104241096783009e-05,2.122547334954224e-06,1.987322000788131e-05,0.49928167041623345,6.935296550282327e-09,0.49928167041624766,2.6320519398807638e-09,0.0014041591461476327,9.805874310262601e-08,2.9238684013396436e-07
EFT:1.0104241096782794e-05,2.122547334954209e-06,1.987322000788117e-05,0.499281670416237,6.935296550282277e-09,0.4992816704162441,2.6320519398807075e-09,0.0014041591461476227,9.805874310262393e-08,2.9238684013396224e-07
Random5856
Raw:1.0104241096782867e-05,2.122547334954224e-06,1.9873220007881028e-05,0.49928167041624055,6.935296550282326e-09,0.49928167041624055,2.6320519398807638e-09,0.0014041591461476128,9.805874310262462e-08,2.923868401339643e-07
EFT:1.0104241096782794e-05,2.122547334954209e-06,1.987322000788117e-05,0.499281670416237,6.935296550282277e-09,0.4992816704162441,2.6320519398807075e-09,0.0014041591461476227,9.805874310262393e-08,2.9238684013396224e-07
Random5857
Raw:1.0104241096782938e-05,2.122547334954239e-06,1.987322000788117e-05,0.499281670416237,6.935296550282277e-09,0.4992816704162441,2.632051939880745e-09,0.0014041591461476227,9.805874310262532e-08,2.9238684013396224e-07
EFT:1.0104241096782794e-05,2.122547334954209e-06,1.987322000788117e-05,0.499281670416237,6.935296550282277e-09,0.4992816704162441,2.6320519398807075e-09,0.0014041591461476227,9.805874310262393e-08,2.9238684013396224e-07
Random5858
Raw:1.0104241096782938e-05,2.122547334954209e-06,1.987322000788117e-05,0.499281670416237,6.935296550282277e-09,0.4992816704162441,2.632051939880745e-09,0.0014041591461476227,9.805874310262532e-08,2.9238684013396224e-07
EFT:1.0104241096782794e-05,2.122547334954209e-06,1.987322000788117e-05,0.499281670416237,6.935296550282277e-09,0.4992816704162441,2.6320519398807075e-09,0.0014041591461476227,9.805874310262393e-08,2.9238684013396224e-07
Random5859
Raw:1.0104241096782867e-05,2.122547334954194e-06,1.9873220007881028e-05,0.49928167041624055,6.935296550282326e-09,0.49928167041624055,2.6320519398807265e-09,0.0014041591461476128,9.805874310262323e-08,2.923868401339643e-07
EFT:1.0104241096782794e-05,2.122547334954209e-06,1.987322000788117e-05,0.499281670416237,6.935296550282277e-09,0.4992816704162441,2.6320519398807075e-09,0.0014041591461476227,9.805874310262393e-08,2.9238684013396224e-07
Random5860
Raw:1.0104241096783009e-05,2.122547334954194e-06,1.9873220007881028e-05,0.49928167041623345,6.935296550282327e-09,0.49928167041624766,2.6320519398807638e-09,0.0014041591461476126,9.805874310262601e-08,2.9238684013396436e-07
EFT:1.0104241096782794e-05,2.122547334954209e-06,1.987322000788117e-05,0.499281670416237,6.935296550282277e-09,0.4992816704162441,2.6320519398807075e-09,0.0014041591461476227,9.805874310262393e-08,2.9238684013396224e-07
Random5861
Raw:1.0104241096782938e-05,2.122547334954239e-06,1.987322000788117e-05,0.499281670416237,6.935296550282277e-09,0.4992816704162441,2.632051939880745e-09,0.0014041591461476427,9.805874310262532e-08,2.9238684013396224e-07
EFT:1.0104241096782794e-05,2.122547334954209e-06,1.987322000788117e-05,0.499281670416237,6.935296550282277e-09,0.4992816704162441,2.6320519398807075e-09,0.0014041591461476227,9.805874310262393e-08,2.9238684013396224e-07
Random5862
Raw:1.0104241096782867e-05,2.122547334954194e-06,1.9873220007881028e-05,0.49928167041624055,6.935296550282326e-09,0.49928167041624055,2.6320519398807265e-09,0.0014041591461476128,9.805874310262602e-08,2.923868401339643e-07
EFT:1.0104241096782794e-05,2.122547334954209e-06,1.987322000788117e-05,0.499281670416237,6.935296550282277e-09,0.4992816704162441,2.6320519398807075e-09,0.0014041591461476227,9.805874310262393e-08,2.9238684013396224e-07
Random5863
Raw:1.0104241096783009e-05,2.122547334954224e-06,1.987322000788131e-05,0.49928167041623345,6.935296550282327e-09,0.49928167041624766,2.6320519398807638e-09,0.0014041591461476327,9.805874310262601e-08,2.9238684013396436e-07
EFT:1.0104241096782794e-05,2.122547334954209e-06,1.987322000788117e-05,0.499281670416237,6.935296550282277e-09,0.4992816704162441,2.6320519398807075e-09,0.0014041591461476227,9.805874310262393e-08,2.9238684013396224e-07
Random5864
Raw:1.0104241096783009e-05,2.122547334954194e-06,1.9873220007881028e-05,0.49928167041623345,6.935296550282327e-09,0.49928167041624766,2.6320519398807638e-09,0.0014041591461476126,9.805874310262601e-08,2.9238684013396436e-07
EFT:1.0104241096782794e-05,2.122547334954209e-06,1.987322000788117e-05,0.499281670416237,6.935296550282277e-09,0.4992816704162441,2.6320519398807075e-09,0.0014041591461476227,9.805874310262393e-08,2.9238684013396224e-07
Random5865
Raw:1.0104241096782865e-05,2.122547334954194e-06,1.9873220007881028e-05,0.49928167041623345,6.935296550282327e-09,0.49928167041624766,2.632051939880726e-09,0.0014041591461476126,9.805874310262462e-08,2.9238684013396436e-07
EFT:1.0104241096782794e-05,2.122547334954209e-06,1.987322000788117e-05,0.499281670416237,6.935296550282277e-09,0.4992816704162441,2.6320519398807075e-09,0.0014041591461476227,9.805874310262393e-08,2.9238684013396224e-07
Random5866
Raw:1.0104241096782938e-05,2.122547334954209e-06,1.987322000788117e-05,0.499281670416237,6.935296550282277e-09,0.4992816704162441,2.632051939880745e-09,0.0014041591461476427,9.805874310262393e-08,2.9238684013396224e-07
EFT:1.0104241096782794e-05,2.122547334954209e-06,1.987322000788117e-05,0.499281670416237,6.935296550282277e-09,0.4992816704162441,2.6320519398807075e-09,0.0014041591461476227,9.805874310262393e-08,2.9238684013396224e-07
Random5867
Raw:1.0104241096782938e-05,2.122547334954239e-06,1.987322000788117e-05,0.499281670416237,6.9352965502823754e-09,0.4992816704162441,2.6320519398807824e-09,0.0014041591461476227,9.805874310262532e-08,2.9238684013396637e-07
EFT:1.0104241096782794e-05,2.122547334954209e-06,1.987322000788117e-05,0.499281670416237,6.935296550282277e-09,0.4992816704162441,2.6320519398807075e-09,0.0014041591461476227,9.805874310262393e-08,2.9238684013396224e-07
Random5868
Raw:1.0104241096783009e-05,2.122547334954224e-06,1.9873220007881028e-05,0.49928167041623345,6.935296550282327e-09,0.49928167041624766,2.6320519398807638e-09,0.0014041591461476327,9.805874310262601e-08,2.9238684013396436e-07
EFT:1.0104241096782794e-05,2.122547334954209e-06,1.987322000788117e-05,0.499281670416237,6.935296550282277e-09,0.4992816704162441,2.6320519398807075e-09,0.0014041591461476227,9.805874310262393e-08,2.9238684013396224e-07
Random5869
Raw:1.0104241096782938e-05,2.122547334954209e-06,1.987322000788117e-05,0.499281670416237,6.9352965502823754e-09,0.4992816704162441,2.6320519398807824e-09,0.0014041591461476026,9.805874310262393e-08,2.9238684013396637e-07
EFT:1.0104241096782794e-05,2.122547334954209e-06,1.987322000788117e-05,0.499281670416237,6.935296550282277e-09,0.4992816704162441,2.6320519398807075e-09,0.0014041591461476227,9.805874310262393e-08,2.9238684013396224e-07
Random5870
Raw:1.0104241096782867e-05,2.122547334954224e-06,1.9873220007881028e-05,0.49928167041624055,6.935296550282326e-09,0.49928167041624055,2.6320519398807265e-09,0.0014041591461476327,9.805874310262323e-08,2.923868401339643e-07
EFT:1.0104241096782794e-05,2.122547334954209e-06,1.987322000788117e-05,0.499281670416237,6.935296550282277e-09,0.4992816704162441,2.6320519398807075e-09,0.0014041591461476227,9.805874310262393e-08,2.9238684013396224e-07
Random5871
Raw:1.0104241096782938e-05,2.122547334954209e-06,1.987322000788117e-05,0.499281670416237,6.9352965502823754e-09,0.4992816704162441,2.6320519398807824e-09,0.0014041591461476227,9.805874310262532e-08,2.9238684013396637e-07
EFT:1.0104241096782794e-05,2.122547334954209e-06,1.987322000788117e-05,0.499281670416237,6.935296550282277e-09,0.4992816704162441,2.6320519398807075e-09,0.0014041591461476227,9.805874310262393e-08,2.9238684013396224e-07
Random5872
Raw:1.0104241096782938e-05,2.122547334954209e-06,1.987322000788117e-05,0.499281670416237,6.935296550282277e-09,0.4992816704162441,2.632051939880745e-09,0.0014041591461476227,9.805874310262532e-08,2.9238684013396224e-07
EFT:1.0104241096782794e-05,2.122547334954209e-06,1.987322000788117e-05,0.499281670416237,6.935296550282277e-09,0.4992816704162441,2.6320519398807075e-09,0.0014041591461476227,9.805874310262393e-08,2.9238684013396224e-07
Random5873
Raw:1.0104241096782938e-05,2.122547334954239e-06,1.987322000788145e-05,0.499281670416237,6.935296550282277e-09,0.4992816704162441,2.632051939880745e-09,0.0014041591461476227,9.805874310262532e-08,2.9238684013396224e-07
EFT:1.0104241096782794e-05,2.122547334954209e-06,1.987322000788117e-05,0.499281670416237,6.935296550282277e-09,0.4992816704162441,2.6320519398807075e-09,0.0014041591461476227,9.805874310262393e-08,2.9238684013396224e-07
Random5874
Raw:1.0104241096782867e-05,2.122547334954224e-06,1.9873220007881028e-05,0.49928167041624055,6.935296550282326e-09,0.49928167041624055,2.6320519398807638e-09,0.0014041591461476128,9.805874310262462e-08,2.923868401339643e-07
EFT:1.0104241096782794e-05,2.122547334954209e-06,1.987322000788117e-05,0.499281670416237,6.935296550282277e-09,0.4992816704162441,2.6320519398807075e-09,0.0014041591461476227,9.805874310262393e-08,2.9238684013396224e-07
Random5875
Raw:1.0104241096783009e-05,2.122547334954194e-06,1.9873220007881028e-05,0.49928167041623345,6.935296550282327e-09,0.49928167041624766,2.6320519398807638e-09,0.0014041591461476126,9.805874310262601e-08,2.9238684013396436e-07
EFT:1.0104241096782794e-05,2.122547334954209e-06,1.987322000788117e-05,0.499281670416237,6.935296550282277e-09,0.4992816704162441,2.6320519398807075e-09,0.0014041591461476227,9.805874310262393e-08,2.9238684013396224e-07
Random5876
Raw:1.0104241096782938e-05,2.122547334954209e-06,1.9873220007880885e-05,0.499281670416237,6.9352965502823754e-09,0.4992816704162441,2.6320519398807824e-09,0.0014041591461476227,9.805874310262532e-08,2.9238684013396637e-07
EFT:1.0104241096782794e-05,2.122547334954209e-06,1.987322000788117e-05,0.499281670416237,6.935296550282277e-09,0.4992816704162441,2.6320519398807075e-09,0.0014041591461476227,9.805874310262393e-08,2.9238684013396224e-07
Random5877
Raw:1.0104241096782794e-05,2.122547334954209e-06,1.987322000788117e-05,0.4992816704162441,6.935296550282277e-09,0.499281670416237,2.63205193988067e-09,0.0014041591461476427,9.805874310262393e-08,2.9238684013396224e-07
EFT:1.0104241096782794e-05,2.122547334954209e-06,1.987322000788117e-05,0.499281670416237,6.935296550282277e-09,0.4992816704162441,2.6320519398807075e-09,0.0014041591461476227,9.805874310262393e-08,2.9238684013396224e-07
Random5878
Raw:1.0104241096782867e-05,2.122547334954224e-06,1.987322000788131e-05,0.49928167041624055,6.935296550282326e-09,0.49928167041624055,2.6320519398807265e-09,0.0014041591461476327,9.805874310262462e-08,2.923868401339643e-07
EFT:1.0104241096782794e-05,2.122547334954209e-06,1.987322000788117e-05,0.499281670416237,6.935296550282277e-09,0.4992816704162441,2.6320519398807075e-09,0.0014041591461476227,9.805874310262393e-08,2.9238684013396224e-07
Random5879
Raw:1.0104241096782938e-05,2.122547334954239e-06,1.987322000788117e-05,0.499281670416237,6.935296550282277e-09,0.4992816704162441,2.632051939880745e-09,0.0014041591461476427,9.805874310262532e-08,2.9238684013396224e-07
EFT:1.0104241096782794e-05,2.122547334954209e-06,1.987322000788117e-05,0.499281670416237,6.935296550282277e-09,0.4992816704162441,2.6320519398807075e-09,0.0014041591461476227,9.805874310262393e-08,2.9238684013396224e-07
Random5880
Raw:1.0104241096782938e-05,2.122547334954239e-06,1.987322000788117e-05,0.499281670416237,6.935296550282277e-09,0.4992816704162441,2.632051939880745e-09,0.0014041591461476427,9.805874310262532e-08,2.9238684013396224e-07
EFT:1.0104241096782794e-05,2.122547334954209e-06,1.987322000788117e-05,0.499281670416237,6.935296550282277e-09,0.4992816704162441,2.6320519398807075e-09,0.0014041591461476227,9.805874310262393e-08,2.9238684013396224e-07
Random5881
Raw:1.0104241096782938e-05,2.122547334954209e-06,1.9873220007880885e-05,0.499281670416237,6.935296550282277e-09,0.4992816704162441,2.632051939880745e-09,0.0014041591461476227,9.805874310262532e-08,2.9238684013396224e-07
EFT:1.0104241096782794e-05,2.122547334954209e-06,1.987322000788117e-05,0.499281670416237,6.935296550282277e-09,0.4992816704162441,2.6320519398807075e-09,0.0014041591461476227,9.805874310262393e-08,2.9238684013396224e-07
Random5882
Raw:1.0104241096782938e-05,2.122547334954209e-06,1.987322000788117e-05,0.499281670416237,6.935296550282277e-09,0.4992816704162441,2.632051939880745e-09,0.0014041591461476227,9.805874310262532e-08,2.9238684013396224e-07
EFT:1.0104241096782794e-05,2.122547334954209e-06,1.987322000788117e-05,0.499281670416237,6.935296550282277e-09,0.4992816704162441,2.6320519398807075e-09,0.0014041591461476227,9.805874310262393e-08,2.9238684013396224e-07
Random5883
Raw:1.0104241096783009e-05,2.122547334954224e-06,1.9873220007881028e-05,0.49928167041623345,6.935296550282327e-09,0.49928167041624766,2.6320519398807638e-09,0.0014041591461476327,9.805874310262601e-08,2.9238684013396436e-07
EFT:1.0104241096782794e-05,2.122547334954209e-06,1.987322000788117e-05,0.499281670416237,6.935296550282277e-09,0.4992816704162441,2.6320519398807075e-09,0.0014041591461476227,9.805874310262393e-08,2.9238684013396224e-07
Random5884
Raw:1.0104241096782867e-05,2.122547334954224e-06,1.987322000788131e-05,0.49928167041624055,6.935296550282326e-09,0.49928167041624055,2.6320519398807265e-09,0.0014041591461476327,9.805874310262602e-08,2.923868401339643e-07
EFT:1.0104241096782794e-05,2.122547334954209e-06,1.987322000788117e-05,0.499281670416237,6.935296550282277e-09,0.4992816704162441,2.6320519398807075e-09,0.0014041591461476227,9.805874310262393e-08,2.9238684013396224e-07
Random5885
Raw:1.0104241096782794e-05,2.1225473349541788e-06,1.9873220007880885e-05,0.499281670416237,6.935296550282277e-09,0.4992816704162441,2.632051939880745e-09,0.0014041591461476026,9.805874310262254e-08,2.9238684013396224e-07
EFT:1.0104241096782794e-05,2.122547334954209e-06,1.987322000788117e-05,0.499281670416237,6.935296550282277e-09,0.4992816704162441,2.6320519398807075e-09,0.0014041591461476227,9.805874310262393e-08,2.9238684013396224e-07
Random5886
Raw:1.0104241096782938e-05,2.122547334954209e-06,1.987322000788117e-05,0.499281670416237,6.9352965502823754e-09,0.4992816704162441,2.632051939880745e-09,0.0014041591461476227,9.805874310262672e-08,2.9238684013396637e-07
EFT:1.0104241096782794e-05,2.122547334954209e-06,1.987322000788117e-05,0.499281670416237,6.935296550282277e-09,0.4992816704162441,2.6320519398807075e-09,0.0014041591461476227,9.805874310262393e-08,2.9238684013396224e-07
Random5887
Raw:1.0104241096782794e-05,2.122547334954209e-06,1.9873220007880885e-05,0.499281670416237,6.9352965502821786e-09,0.4992816704162441,2.632051939880745e-09,0.0014041591461476227,9.805874310262254e-08,2.9238684013396224e-07
EFT:1.0104241096782794e-05,2.122547334954209e-06,1.987322000788117e-05,0.499281670416237,6.935296550282277e-09,0.4992816704162441,2.6320519398807075e-09,0.0014041591461476227,9.805874310262393e-08,2.9238684013396224e-07
Random5888
Raw:1.0104241096783009e-05,2.122547334954194e-06,1.9873220007881028e-05,0.49928167041623345,6.935296550282327e-09,0.49928167041624766,2.6320519398807638e-09,0.0014041591461476327,9.805874310262462e-08,2.9238684013396436e-07
EFT:1.0104241096782794e-05,2.122547334954209e-06,1.987322000788117e-05,0.499281670416237,6.935296550282277e-09,0.4992816704162441,2.6320519398807075e-09,0.0014041591461476227,9.805874310262393e-08,2.9238684013396224e-07
Random5889
Raw:1.0104241096782865e-05,2.122547334954194e-06,1.9873220007881028e-05,0.49928167041623345,6.935296550282327e-09,0.49928167041624766,2.632051939880726e-09,0.0014041591461476126,9.805874310262462e-08,2.9238684013396436e-07
EFT:1.0104241096782794e-05,2.122547334954209e-06,1.987322000788117e-05,0.499281670416237,6.935296550282277e-09,0.4992816704162441,2.6320519398807075e-09,0.0014041591461476227,9.805874310262393e-08,2.9238684013396224e-07
Random5890
Raw:1.0104241096782794e-05,2.122547334954209e-06,1.987322000788117e-05,0.499281670416237,6.935296550282277e-09,0.4992816704162441,2.632051939880745e-09,0.0014041591461476227,9.805874310262254e-08,2.9238684013396224e-07
EFT:1.0104241096782794e-05,2.122547334954209e-06,1.987322000788117e-05,0.499281670416237,6.935296550282277e-09,0.4992816704162441,2.6320519398807075e-09,0.0014041591461476227,9.805874310262393e-08,2.9238684013396224e-07
Random5891
Raw:1.0104241096783009e-05,2.122547334954224e-06,1.9873220007881028e-05,0.49928167041623345,6.935296550282327e-09,0.49928167041624766,2.6320519398807638e-09,0.0014041591461476327,9.805874310262601e-08,2.9238684013396436e-07
EFT:1.0104241096782794e-05,2.122547334954209e-06,1.987322000788117e-05,0.499281670416237,6.935296550282277e-09,0.4992816704162441,2.6320519398807075e-09,0.0014041591461476227,9.805874310262393e-08,2.9238684013396224e-07
Random5892
Raw:1.0104241096782938e-05,2.1225473349541788e-06,1.9873220007880885e-05,0.499281670416237,6.935296550282277e-09,0.4992816704162441,2.632051939880745e-09,0.0014041591461476026,9.805874310262532e-08,2.9238684013396224e-07
EFT:1.0104241096782794e-05,2.122547334954209e-06,1.987322000788117e-05,0.499281670416237,6.935296550282277e-09,0.4992816704162441,2.6320519398807075e-09,0.0014041591461476227,9.805874310262393e-08,2.9238684013396224e-07
Random5893
Raw:1.0104241096783009e-05,2.122547334954224e-06,1.987322000788131e-05,0.49928167041623345,6.935296550282327e-09,0.49928167041624766,2.6320519398807638e-09,0.0014041591461476327,9.805874310262462e-08,2.923868401339685e-07
EFT:1.0104241096782794e-05,2.122547334954209e-06,1.987322000788117e-05,0.499281670416237,6.935296550282277e-09,0.4992816704162441,2.6320519398807075e-09,0.0014041591461476227,9.805874310262393e-08,2.9238684013396224e-07
Random5894
Raw:1.0104241096782938e-05,2.122547334954209e-06,1.987322000788117e-05,0.499281670416237,6.935296550282277e-09,0.4992816704162441,2.632051939880745e-09,0.0014041591461476227,9.805874310262532e-08,2.9238684013396224e-07
EFT:1.0104241096782794e-05,2.122547334954209e-06,1.987322000788117e-05,0.499281670416237,6.935296550282277e-09,0.4992816704162441,2.6320519398807075e-09,0.0014041591461476227,9.805874310262393e-08,2.9238684013396224e-07
Random5895
Raw:1.0104241096782867e-05,2.122547334954224e-06,1.987322000788131e-05,0.49928167041624055,6.935296550282326e-09,0.49928167041624055,2.6320519398807265e-09,0.0014041591461476327,9.805874310262602e-08,2.923868401339643e-07
EFT:1.0104241096782794e-05,2.122547334954209e-06,1.987322000788117e-05,0.499281670416237,6.935296550282277e-09,0.4992816704162441,2.6320519398807075e-09,0.0014041591461476227,9.805874310262393e-08,2.9238684013396224e-07
Random5896
Raw:1.0104241096782938e-05,2.122547334954209e-06,1.987322000788117e-05,0.499281670416237,6.9352965502823754e-09,0.4992816704162441,2.632051939880745e-09,0.0014041591461476227,9.805874310262532e-08,2.9238684013396637e-07
EFT:1.0104241096782794e-05,2.122547334954209e-06,1.987322000788117e-05,0.499281670416237,6.935296550282277e-09,0.4992816704162441,2.6320519398807075e-09,0.0014041591461476227,9.805874310262393e-08,2.9238684013396224e-07
Random5897
Raw:1.0104241096782867e-05,2.122547334954224e-06,1.987322000788131e-05,0.49928167041624055,6.935296550282326e-09,0.49928167041624055,2.6320519398807265e-09,0.0014041591461476327,9.805874310262462e-08,2.923868401339643e-07
EFT:1.0104241096782794e-05,2.122547334954209e-06,1.987322000788117e-05,0.499281670416237,6.935296550282277e-09,0.4992816704162441,2.6320519398807075e-09,0.0014041591461476227,9.805874310262393e-08,2.9238684013396224e-07
Random5898
Raw:1.0104241096782938e-05,2.1225473349541788e-06,1.9873220007880885e-05,0.499281670416237,6.935296550282277e-09,0.4992816704162441,2.632051939880745e-09,0.0014041591461476026,9.805874310262532e-08,2.9238684013396224e-07
EFT:1.0104241096782794e-05,2.122547334954209e-06,1.987322000788117e-05,0.499281670416237,6.935296550282277e-09,0.4992816704162441,2.6320519398807075e-09,0.0014041591461476227,9.805874310262393e-08,2.9238684013396224e-07
Random5899
Raw:1.0104241096782867e-05,2.122547334954224e-06,1.9873220007881028e-05,0.49928167041624055,6.935296550282326e-09,0.49928167041624055,2.6320519398807638e-09,0.0014041591461476128,9.805874310262462e-08,2.923868401339643e-07
EFT:1.0104241096782794e-05,2.122547334954209e-06,1.987322000788117e-05,0.499281670416237,6.935296550282277e-09,0.4992816704162441,2.6320519398807075e-09,0.0014041591461476227,9.805874310262393e-08,2.9238684013396224e-07
Random5900
Raw:1.0104241096782794e-05,2.122547334954209e-06,1.987322000788117e-05,0.499281670416237,6.935296550282277e-09,0.4992816704162441,2.6320519398807075e-09,0.0014041591461476026,9.805874310262393e-08,2.9238684013396224e-07
EFT:1.0104241096782794e-05,2.122547334954209e-06,1.987322000788117e-05,0.499281670416237,6.935296550282277e-09,0.4992816704162441,2.6320519398807075e-09,0.0014041591461476227,9.805874310262393e-08,2.9238684013396224e-07
Random5901
Raw:1.0104241096782938e-05,2.122547334954239e-06,1.987322000788117e-05,0.499281670416237,6.935296550282277e-09,0.4992816704162441,2.632051939880745e-09,0.0014041591461476427,9.805874310262393e-08,2.9238684013396637e-07
EFT:1.0104241096782794e-05,2.122547334954209e-06,1.987322000788117e-05,0.499281670416237,6.935296550282277e-09,0.4992816704162441,2.6320519398807075e-09,0.0014041591461476227,9.805874310262393e-08,2.9238684013396224e-07
Random5902
Raw:1.0104241096783009e-05,2.122547334954194e-06,1.9873220007881028e-05,0.49928167041623345,6.935296550282327e-09,0.49928167041624766,2.6320519398807638e-09,0.0014041591461476327,9.805874310262462e-08,2.9238684013396436e-07
EFT:1.0104241096782794e-05,2.122547334954209e-06,1.987322000788117e-05,0.499281670416237,6.935296550282277e-09,0.4992816704162441,2.6320519398807075e-09,0.0014041591461476227,9.805874310262393e-08,2.9238684013396224e-07
Random5903
Raw:1.0104241096782938e-05,2.122547334954239e-06,1.987322000788117e-05,0.499281670416237,6.935296550282277e-09,0.4992816704162441,2.632051939880745e-09,0.0014041591461476227,9.805874310262532e-08,2.9238684013396224e-07
EFT:1.0104241096782794e-05,2.122547334954209e-06,1.987322000788117e-05,0.499281670416237,6.935296550282277e-09,0.4992816704162441,2.6320519398807075e-09,0.0014041591461476227,9.805874310262393e-08,2.9238684013396224e-07
Random5904
Raw:1.0104241096782867e-05,2.122547334954224e-06,1.987322000788131e-05,0.49928167041624055,6.935296550282326e-09,0.49928167041624055,2.6320519398807265e-09,0.0014041591461476128,9.805874310262462e-08,2.923868401339643e-07
EFT:1.0104241096782794e-05,2.122547334954209e-06,1.987322000788117e-05,0.499281670416237,6.935296550282277e-09,0.4992816704162441,2.6320519398807075e-09,0.0014041591461476227,9.805874310262393e-08,2.9238684013396224e-07
Random5905
Raw:1.0104241096782865e-05,2.122547334954194e-06,1.9873220007881028e-05,0.49928167041623345,6.935296550282327e-09,0.49928167041624766,2.632051939880726e-09,0.0014041591461476126,9.805874310262462e-08,2.9238684013396436e-07
EFT:1.0104241096782794e-05,2.122547334954209e-06,1.987322000788117e-05,0.499281670416237,6.935296550282277e-09,0.4992816704162441,2.6320519398807075e-09,0.0014041591461476227,9.805874310262393e-08,2.9238684013396224e-07
Random5906
Raw:1.0104241096783009e-05,2.122547334954224e-06,1.987322000788131e-05,0.49928167041623345,6.935296550282327e-09,0.49928167041624766,2.6320519398807638e-09,0.0014041591461476327,9.805874310262462e-08,2.923868401339685e-07
EFT:1.0104241096782794e-05,2.122547334954209e-06,1.987322000788117e-05,0.499281670416237,6.935296550282277e-09,0.4992816704162441,2.6320519398807075e-09,0.0014041591461476227,9.805874310262393e-08,2.9238684013396224e-07
Random5907
Raw:1.0104241096782938e-05,2.122547334954209e-06,1.987322000788117e-05,0.499281670416237,6.9352965502823754e-09,0.4992816704162441,2.632051939880745e-09,0.0014041591461476227,9.805874310262393e-08,2.9238684013396637e-07
EFT:1.0104241096782794e-05,2.122547334954209e-06,1.987322000788117e-05,0.499281670416237,6.935296550282277e-09,0.4992816704162441,2.6320519398807075e-09,0.0014041591461476227,9.805874310262393e-08,2.9238684013396224e-07
Random5908
Raw:1.0104241096782865e-05,2.122547334954194e-06,1.9873220007881028e-05,0.49928167041623345,6.935296550282327e-09,0.49928167041624766,2.632051939880726e-09,0.0014041591461476126,9.805874310262462e-08,2.9238684013396436e-07
EFT:1.0104241096782794e-05,2.122547334954209e-06,1.987322000788117e-05,0.499281670416237,6.935296550282277e-09,0.4992816704162441,2.6320519398807075e-09,0.0014041591461476227,9.805874310262393e-08,2.9238684013396224e-07
Random5909
Raw:1.0104241096782867e-05,2.122547334954224e-06,1.987322000788131e-05,0.49928167041624055,6.935296550282326e-09,0.49928167041624055,2.6320519398807265e-09,0.0014041591461476327,9.805874310262462e-08,2.923868401339643e-07
EFT:1.0104241096782794e-05,2.122547334954209e-06,1.987322000788117e-05,0.499281670416237,6.935296550282277e-09,0.4992816704162441,2.6320519398807075e-09,0.0014041591461476227,9.805874310262393e-08,2.9238684013396224e-07
Random5910
Raw:1.0104241096782867e-05,2.122547334954224e-06,1.987322000788131e-05,0.49928167041624055,6.935296550282326e-09,0.49928167041624055,2.6320519398807265e-09,0.0014041591461476327,9.805874310262602e-08,2.923868401339643e-07
EFT:1.0104241096782794e-05,2.122547334954209e-06,1.987322000788117e-05,0.499281670416237,6.935296550282277e-09,0.4992816704162441,2.6320519398807075e-09,0.0014041591461476227,9.805874310262393e-08,2.9238684013396224e-07
Random5911
Raw:1.0104241096782938e-05,2.122547334954239e-06,1.9873220007880885e-05,0.499281670416237,6.935296550282277e-09,0.4992816704162441,2.632051939880745e-09,0.0014041591461476227,9.805874310262532e-08,2.9238684013396224e-07
EFT:1.0104241096782794e-05,2.122547334954209e-06,1.987322000788117e-05,0.499281670416237,6.935296550282277e-09,0.4992816704162441,2.6320519398807075e-09,0.0014041591461476227,9.805874310262393e-08,2.9238684013396224e-07
Random5912
Raw:1.0104241096782938e-05,2.122547334954209e-06,1.9873220007880885e-05,0.499281670416237,6.935296550282277e-09,0.4992816704162441,2.632051939880745e-09,0.0014041591461476227,9.805874310262532e-08,2.9238684013396224e-07
EFT:1.0104241096782794e-05,2.122547334954209e-06,1.987322000788117e-05,0.499281670416237,6.935296550282277e-09,0.4992816704162441,2.6320519398807075e-09,0.0014041591461476227,9.805874310262393e-08,2.9238684013396224e-07
Random5913
Raw:1.0104241096782938e-05,2.122547334954209e-06,1.987322000788117e-05,0.499281670416237,6.9352965502823754e-09,0.4992816704162441,2.632051939880745e-09,0.0014041591461476227,9.805874310262393e-08,2.9238684013396637e-07
EFT:1.0104241096782794e-05,2.122547334954209e-06,1.987322000788117e-05,0.499281670416237,6.935296550282277e-09,0.4992816704162441,2.6320519398807075e-09,0.0014041591461476227,9.805874310262393e-08,2.9238684013396224e-07
Random5914
Raw:1.0104241096782867e-05,2.122547334954194e-06,1.9873220007881028e-05,0.49928167041624055,6.935296550282326e-09,0.49928167041624055,2.6320519398807265e-09,0.0014041591461476128,9.805874310262602e-08,2.923868401339643e-07
EFT:1.0104241096782794e-05,2.122547334954209e-06,1.987322000788117e-05,0.499281670416237,6.935296550282277e-09,0.4992816704162441,2.6320519398807075e-09,0.0014041591461476227,9.805874310262393e-08,2.9238684013396224e-07
Random5915
Raw:1.0104241096782865e-05,2.122547334954194e-06,1.9873220007881028e-05,0.49928167041623345,6.935296550282228e-09,0.49928167041624766,2.632051939880726e-09,0.0014041591461476126,9.805874310262462e-08,2.9238684013396436e-07
EFT:1.0104241096782794e-05,2.122547334954209e-06,1.987322000788117e-05,0.499281670416237,6.935296550282277e-09,0.4992816704162441,2.6320519398807075e-09,0.0014041591461476227,9.805874310262393e-08,2.9238684013396224e-07
Random5916
Raw:1.0104241096782938e-05,2.122547334954209e-06,1.987322000788117e-05,0.499281670416237,6.935296550282277e-09,0.4992816704162441,2.632051939880745e-09,0.0014041591461476227,9.805874310262532e-08,2.9238684013396224e-07
EFT:1.0104241096782794e-05,2.122547334954209e-06,1.987322000788117e-05,0.499281670416237,6.935296550282277e-09,0.4992816704162441,2.6320519398807075e-09,0.0014041591461476227,9.805874310262393e-08,2.9238684013396224e-07
Random5917
Raw:1.0104241096782938e-05,2.122547334954209e-06,1.987322000788117e-05,0.499281670416237,6.935296550282277e-09,0.4992816704162441,2.632051939880745e-09,0.0014041591461476227,9.805874310262532e-08,2.9238684013396224e-07
EFT:1.0104241096782794e-05,2.122547334954209e-06,1.987322000788117e-05,0.499281670416237,6.935296550282277e-09,0.4992816704162441,2.6320519398807075e-09,0.0014041591461476227,9.805874310262393e-08,2.9238684013396224e-07
Random5918
Raw:1.0104241096783009e-05,2.122547334954224e-06,1.987322000788131e-05,0.49928167041623345,6.935296550282327e-09,0.49928167041624766,2.6320519398807638e-09,0.0014041591461476327,9.805874310262601e-08,2.9238684013396436e-07
EFT:1.0104241096782794e-05,2.122547334954209e-06,1.987322000788117e-05,0.499281670416237,6.935296550282277e-09,0.4992816704162441,2.6320519398807075e-09,0.0014041591461476227,9.805874310262393e-08,2.9238684013396224e-07
Random5919
Raw:1.0104241096782867e-05,2.1225473349542546e-06,1.987322000788131e-05,0.49928167041624055,6.935296550282326e-09,0.49928167041624055,2.6320519398807638e-09,0.0014041591461476327,9.805874310262462e-08,2.923868401339643e-07
EFT:1.0104241096782794e-05,2.122547334954209e-06,1.987322000788117e-05,0.499281670416237,6.935296550282277e-09,0.4992816704162441,2.6320519398807075e-09,0.0014041591461476227,9.805874310262393e-08,2.9238684013396224e-07
Random5920
Raw:1.0104241096782938e-05,2.122547334954209e-06,1.987322000788117e-05,0.499281670416237,6.9352965502823754e-09,0.4992816704162441,2.632051939880745e-09,0.0014041591461476227,9.805874310262532e-08,2.9238684013396637e-07
EFT:1.0104241096782794e-05,2.122547334954209e-06,1.987322000788117e-05,0.499281670416237,6.935296550282277e-09,0.4992816704162441,2.6320519398807075e-09,0.0014041591461476227,9.805874310262393e-08,2.9238684013396224e-07
Random5921
Raw:1.0104241096782867e-05,2.122547334954224e-06,1.987322000788131e-05,0.49928167041624055,6.935296550282326e-09,0.49928167041624055,2.6320519398807265e-09,0.0014041591461476327,9.805874310262602e-08,2.923868401339643e-07
EFT:1.0104241096782794e-05,2.122547334954209e-06,1.987322000788117e-05,0.499281670416237,6.935296550282277e-09,0.4992816704162441,2.6320519398807075e-09,0.0014041591461476227,9.805874310262393e-08,2.9238684013396224e-07
Random5922
Raw:1.0104241096782938e-05,2.122547334954209e-06,1.987322000788117e-05,0.499281670416237,6.935296550282277e-09,0.4992816704162441,2.632051939880745e-09,0.0014041591461476227,9.805874310262532e-08,2.9238684013396224e-07
EFT:1.0104241096782794e-05,2.122547334954209e-06,1.987322000788117e-05,0.499281670416237,6.935296550282277e-09,0.4992816704162441,2.6320519398807075e-09,0.0014041591461476227,9.805874310262393e-08,2.9238684013396224e-07
Random5923
Raw:1.0104241096782938e-05,2.1225473349541788e-06,1.9873220007880885e-05,0.499281670416237,6.935296550282277e-09,0.4992816704162441,2.632051939880745e-09,0.0014041591461476026,9.805874310262532e-08,2.9238684013396224e-07
EFT:1.0104241096782794e-05,2.122547334954209e-06,1.987322000788117e-05,0.499281670416237,6.935296550282277e-09,0.4992816704162441,2.6320519398807075e-09,0.0014041591461476227,9.805874310262393e-08,2.9238684013396224e-07
Random5924
Raw:1.0104241096782794e-05,2.1225473349541788e-06,1.9873220007880885e-05,0.499281670416237,6.9352965502821786e-09,0.4992816704162441,2.632051939880745e-09,0.0014041591461476026,9.805874310262254e-08,2.9238684013396224e-07
EFT:1.0104241096782794e-05,2.122547334954209e-06,1.987322000788117e-05,0.499281670416237,6.935296550282277e-09,0.4992816704162441,2.6320519398807075e-09,0.0014041591461476227,9.805874310262393e-08,2.9238684013396224e-07
Random5925
Raw:1.0104241096782938e-05,2.122547334954209e-06,1.987322000788117e-05,0.499281670416237,6.9352965502823754e-09,0.4992816704162441,2.632051939880745e-09,0.0014041591461476227,9.805874310262393e-08,2.9238684013396637e-07
EFT:1.0104241096782794e-05,2.122547334954209e-06,1.987322000788117e-05,0.499281670416237,6.935296550282277e-09,0.4992816704162441,2.6320519398807075e-09,0.0014041591461476227,9.805874310262393e-08,2.9238684013396224e-07
Random5926
Raw:1.0104241096783009e-05,2.122547334954194e-06,1.9873220007881028e-05,0.49928167041623345,6.935296550282327e-09,0.49928167041624766,2.6320519398807638e-09,0.0014041591461476327,9.805874310262462e-08,2.9238684013396436e-07
EFT:1.0104241096782794e-05,2.122547334954209e-06,1.987322000788117e-05,0.499281670416237,6.935296550282277e-09,0.4992816704162441,2.6320519398807075e-09,0.0014041591461476227,9.805874310262393e-08,2.9238684013396224e-07
Random5927
Raw:1.0104241096782867e-05,2.122547334954224e-06,1.987322000788131e-05,0.49928167041624055,6.935296550282326e-09,0.49928167041624055,2.6320519398807265e-09,0.0014041591461476327,9.805874310262462e-08,2.923868401339643e-07
EFT:1.0104241096782794e-05,2.122547334954209e-06,1.987322000788117e-05,0.499281670416237,6.935296550282277e-09,0.4992816704162441,2.6320519398807075e-09,0.0014041591461476227,9.805874310262393e-08,2.9238684013396224e-07
Random5928
Raw:1.0104241096782867e-05,2.122547334954224e-06,1.987322000788131e-05,0.49928167041624055,6.935296550282326e-09,0.49928167041624055,2.6320519398807638e-09,0.0014041591461476327,9.805874310262462e-08,2.923868401339643e-07
EFT:1.0104241096782794e-05,2.122547334954209e-06,1.987322000788117e-05,0.499281670416237,6.935296550282277e-09,0.4992816704162441,2.6320519398807075e-09,0.0014041591461476227,9.805874310262393e-08,2.9238684013396224e-07
Random5929
Raw:1.0104241096782938e-05,2.122547334954239e-06,1.987322000788117e-05,0.499281670416237,6.935296550282277e-09,0.4992816704162441,2.632051939880745e-09,0.0014041591461476227,9.805874310262532e-08,2.9238684013396224e-07
EFT:1.0104241096782794e-05,2.122547334954209e-06,1.987322000788117e-05,0.499281670416237,6.935296550282277e-09,0.4992816704162441,2.6320519398807075e-09,0.0014041591461476227,9.805874310262393e-08,2.9238684013396224e-07
Random5930
Raw:1.0104241096782938e-05,2.122547334954239e-06,1.987322000788145e-05,0.499281670416237,6.935296550282277e-09,0.4992816704162441,2.632051939880745e-09,0.0014041591461476427,9.805874310262393e-08,2.9238684013396637e-07
EFT:1.0104241096782794e-05,2.122547334954209e-06,1.987322000788117e-05,0.499281670416237,6.935296550282277e-09,0.4992816704162441,2.6320519398807075e-09,0.0014041591461476227,9.805874310262393e-08,2.9238684013396224e-07
Random5931
Raw:1.0104241096782938e-05,2.122547334954209e-06,1.9873220007880885e-05,0.499281670416237,6.935296550282277e-09,0.4992816704162441,2.632051939880745e-09,0.0014041591461476227,9.805874310262532e-08,2.9238684013396224e-07
EFT:1.0104241096782794e-05,2.122547334954209e-06,1.987322000788117e-05,0.499281670416237,6.935296550282277e-09,0.4992816704162441,2.6320519398807075e-09,0.0014041591461476227,9.805874310262393e-08,2.9238684013396224e-07
Random5932
Raw:1.0104241096782938e-05,2.122547334954209e-06,1.9873220007880885e-05,0.499281670416237,6.935296550282277e-09,0.4992816704162441,2.632051939880745e-09,0.0014041591461476227,9.805874310262532e-08,2.9238684013396224e-07
EFT:1.0104241096782794e-05,2.122547334954209e-06,1.987322000788117e-05,0.499281670416237,6.935296550282277e-09,0.4992816704162441,2.6320519398807075e-09,0.0014041591461476227,9.805874310262393e-08,2.9238684013396224e-07
Random5933
Raw:1.0104241096782794e-05,2.122547334954209e-06,1.987322000788117e-05,0.499281670416237,6.935296550282277e-09,0.4992816704162441,2.632051939880745e-09,0.0014041591461476227,9.805874310262254e-08,2.9238684013396224e-07
EFT:1.0104241096782794e-05,2.122547334954209e-06,1.987322000788117e-05,0.499281670416237,6.935296550282277e-09,0.4992816704162441,2.6320519398807075e-09,0.0014041591461476227,9.805874310262393e-08,2.9238684013396224e-07
Random5934
Raw:1.0104241096782938e-05,2.122547334954209e-06,1.987322000788117e-05,0.499281670416237,6.935296550282277e-09,0.4992816704162441,2.632051939880745e-09,0.0014041591461476227,9.805874310262393e-08,2.9238684013396637e-07
EFT:1.0104241096782794e-05,2.122547334954209e-06,1.987322000788117e-05,0.499281670416237,6.935296550282277e-09,0.4992816704162441,2.6320519398807075e-09,0.0014041591461476227,9.805874310262393e-08,2.9238684013396224e-07
Random5935
Raw:1.0104241096782938e-05,2.122547334954209e-06,1.987322000788117e-05,0.499281670416237,6.9352965502823754e-09,0.4992816704162441,2.632051939880745e-09,0.0014041591461476227,9.805874310262672e-08,2.9238684013396637e-07
EFT:1.0104241096782794e-05,2.122547334954209e-06,1.987322000788117e-05,0.499281670416237,6.935296550282277e-09,0.4992816704162441,2.6320519398807075e-09,0.0014041591461476227,9.805874310262393e-08,2.9238684013396224e-07
Random5936
Raw:1.0104241096782938e-05,2.122547334954209e-06,1.9873220007880885e-05,0.499281670416237,6.935296550282277e-09,0.4992816704162441,2.632051939880745e-09,0.0014041591461476227,9.805874310262532e-08,2.9238684013396224e-07
EFT:1.0104241096782794e-05,2.122547334954209e-06,1.987322000788117e-05,0.499281670416237,6.935296550282277e-09,0.4992816704162441,2.6320519398807075e-09,0.0014041591461476227,9.805874310262393e-08,2.9238684013396224e-07
Random5937
Raw:1.0104241096782938e-05,2.1225473349541788e-06,1.9873220007880885e-05,0.499281670416237,6.935296550282277e-09,0.4992816704162441,2.632051939880745e-09,0.0014041591461476026,9.805874310262532e-08,2.9238684013396224e-07
EFT:1.0104241096782794e-05,2.122547334954209e-06,1.987322000788117e-05,0.499281670416237,6.935296550282277e-09,0.4992816704162441,2.6320519398807075e-09,0.0014041591461476227,9.805874310262393e-08,2.9238684013396224e-07
Random5938
Raw:1.0104241096783009e-05,2.122547334954224e-06,1.987322000788131e-05,0.49928167041623345,6.935296550282327e-09,0.49928167041624766,2.6320519398807638e-09,0.0014041591461476327,9.805874310262601e-08,2.9238684013396436e-07
EFT:1.0104241096782794e-05,2.122547334954209e-06,1.987322000788117e-05,0.499281670416237,6.935296550282277e-09,0.4992816704162441,2.6320519398807075e-09,0.0014041591461476227,9.805874310262393e-08,2.9238684013396224e-07
Random5939
Raw:1.0104241096783009e-05,2.122547334954194e-06,1.9873220007881028e-05,0.49928167041623345,6.935296550282327e-09,0.49928167041624766,2.6320519398807638e-09,0.0014041591461476327,9.805874310262462e-08,2.9238684013396436e-07
EFT:1.0104241096782794e-05,2.122547334954209e-06,1.987322000788117e-05,0.499281670416237,6.935296550282277e-09,0.4992816704162441,2.6320519398807075e-09,0.0014041591461476227,9.805874310262393e-08,2.9238684013396224e-07
Random5940
Raw:1.0104241096782723e-05,2.122547334954194e-06,1.9873220007881028e-05,0.49928167041624055,6.93529655028213e-09,0.49928167041624055,2.6320519398806513e-09,0.0014041591461476327,9.805874310262323e-08,2.923868401339602e-07
EFT:1.0104241096782794e-05,2.122547334954209e-06,1.987322000788117e-05,0.499281670416237,6.935296550282277e-09,0.4992816704162441,2.6320519398807075e-09,0.0014041591461476227,9.805874310262393e-08,2.9238684013396224e-07
Random5941
Raw:1.0104241096782938e-05,2.122547334954239e-06,1.987322000788117e-05,0.499281670416237,6.9352965502823754e-09,0.4992816704162441,2.6320519398807824e-09,0.0014041591461476227,9.805874310262532e-08,2.9238684013396637e-07
EFT:1.0104241096782794e-05,2.122547334954209e-06,1.987322000788117e-05,0.499281670416237,6.935296550282277e-09,0.4992816704162441,2.6320519398807075e-09,0.0014041591461476227,9.805874310262393e-08,2.9238684013396224e-07
Random5942
Raw:1.0104241096782867e-05,2.122547334954224e-06,1.987322000788131e-05,0.49928167041624055,6.935296550282326e-09,0.49928167041624055,2.6320519398807638e-09,0.0014041591461476128,9.805874310262462e-08,2.923868401339643e-07
EFT:1.0104241096782794e-05,2.122547334954209e-06,1.987322000788117e-05,0.499281670416237,6.935296550282277e-09,0.4992816704162441,2.6320519398807075e-09,0.0014041591461476227,9.805874310262393e-08,2.9238684013396224e-07
Random5943
Raw:1.0104241096783009e-05,2.122547334954224e-06,1.987322000788131e-05,0.49928167041623345,6.935296550282424e-09,0.49928167041624766,2.6320519398807638e-09,0.0014041591461476327,9.805874310262601e-08,2.923868401339685e-07
EFT:1.0104241096782794e-05,2.122547334954209e-06,1.987322000788117e-05,0.499281670416237,6.935296550282277e-09,0.4992816704162441,2.6320519398807075e-09,0.0014041591461476227,9.805874310262393e-08,2.9238684013396224e-07
Random5944
Raw:1.0104241096782794e-05,2.122547334954209e-06,1.987322000788117e-05,0.499281670416237,6.935296550282277e-09,0.4992816704162441,2.6320519398807075e-09,0.0014041591461476227,9.805874310262393e-08,2.9238684013396224e-07
EFT:1.0104241096782794e-05,2.122547334954209e-06,1.987322000788117e-05,0.499281670416237,6.935296550282277e-09,0.4992816704162441,2.6320519398807075e-09,0.0014041591461476227,9.805874310262393e-08,2.9238684013396224e-07
Random5945
Raw:1.0104241096782794e-05,2.1225473349541788e-06,1.9873220007880885e-05,0.499281670416237,6.9352965502821786e-09,0.4992816704162441,2.632051939880745e-09,0.0014041591461476026,9.805874310262254e-08,2.9238684013396224e-07
EFT:1.0104241096782794e-05,2.122547334954209e-06,1.987322000788117e-05,0.499281670416237,6.935296550282277e-09,0.4992816704162441,2.6320519398807075e-09,0.0014041591461476227,9.805874310262393e-08,2.9238684013396224e-07
Random5946
Raw:1.0104241096782938e-05,2.122547334954209e-06,1.987322000788117e-05,0.499281670416237,6.9352965502823754e-09,0.4992816704162441,2.6320519398807824e-09,0.0014041591461476227,9.805874310262532e-08,2.9238684013396637e-07
EFT:1.0104241096782794e-05,2.122547334954209e-06,1.987322000788117e-05,0.499281670416237,6.935296550282277e-09,0.4992816704162441,2.6320519398807075e-09,0.0014041591461476227,9.805874310262393e-08,2.9238684013396224e-07
Random5947
Raw:1.0104241096783009e-05,2.122547334954194e-06,1.9873220007881028e-05,0.49928167041623345,6.935296550282327e-09,0.49928167041624766,2.6320519398807638e-09,0.0014041591461476327,9.805874310262462e-08,2.9238684013396436e-07
EFT:1.0104241096782794e-05,2.122547334954209e-06,1.987322000788117e-05,0.499281670416237,6.935296550282277e-09,0.4992816704162441,2.6320519398807075e-09,0.0014041591461476227,9.805874310262393e-08,2.9238684013396224e-07
Random5948
Raw:1.0104241096783009e-05,2.122547334954194e-06,1.9873220007881028e-05,0.49928167041623345,6.935296550282327e-09,0.49928167041624766,2.6320519398807638e-09,0.0014041591461476126,9.805874310262601e-08,2.9238684013396436e-07
EFT:1.0104241096782794e-05,2.122547334954209e-06,1.987322000788117e-05,0.499281670416237,6.935296550282277e-09,0.4992816704162441,2.6320519398807075e-09,0.0014041591461476227,9.805874310262393e-08,2.9238684013396224e-07
Random5949
Raw:1.0104241096782794e-05,2.122547334954209e-06,1.987322000788117e-05,0.499281670416237,6.935296550282277e-09,0.4992816704162441,2.632051939880745e-09,0.0014041591461476227,9.805874310262254e-08,2.9238684013396224e-07
EFT:1.0104241096782794e-05,2.122547334954209e-06,1.987322000788117e-05,0.499281670416237,6.935296550282277e-09,0.4992816704162441,2.6320519398807075e-09,0.0014041591461476227,9.805874310262393e-08,2.9238684013396224e-07
Random5950
Raw:1.0104241096782938e-05,2.122547334954239e-06,1.987322000788145e-05,0.499281670416237,6.9352965502823754e-09,0.4992816704162441,2.632051939880745e-09,0.0014041591461476427,9.805874310262532e-08,2.9238684013396637e-07
EFT:1.0104241096782794e-05,2.122547334954209e-06,1.987322000788117e-05,0.499281670416237,6.935296550282277e-09,0.4992816704162441,2.6320519398807075e-09,0.0014041591461476227,9.805874310262393e-08,2.9238684013396224e-07
Random5951
Raw:1.0104241096782867e-05,2.122547334954224e-06,1.987322000788131e-05,0.49928167041624055,6.935296550282326e-09,0.49928167041624055,2.6320519398807638e-09,0.0014041591461476128,9.805874310262462e-08,2.923868401339643e-07
EFT:1.0104241096782794e-05,2.122547334954209e-06,1.987322000788117e-05,0.499281670416237,6.935296550282277e-09,0.4992816704162441,2.6320519398807075e-09,0.0014041591461476227,9.805874310262393e-08,2.9238684013396224e-07
Random5952
Raw:1.0104241096782865e-05,2.122547334954194e-06,1.9873220007881028e-05,0.49928167041623345,6.935296550282228e-09,0.49928167041624766,2.632051939880726e-09,0.0014041591461476126,9.805874310262462e-08,2.9238684013396436e-07
EFT:1.0104241096782794e-05,2.122547334954209e-06,1.987322000788117e-05,0.499281670416237,6.935296550282277e-09,0.4992816704162441,2.6320519398807075e-09,0.0014041591461476227,9.805874310262393e-08,2.9238684013396224e-07
Random5953
Raw:1.0104241096782723e-05,2.122547334954194e-06,1.9873220007881028e-05,0.49928167041624055,6.93529655028213e-09,0.49928167041624055,2.6320519398806513e-09,0.0014041591461476128,9.805874310262323e-08,2.923868401339602e-07
EFT:1.0104241096782794e-05,2.122547334954209e-06,1.987322000788117e-05,0.499281670416237,6.935296550282277e-09,0.4992816704162441,2.6320519398807075e-09,0.0014041591461476227,9.805874310262393e-08,2.9238684013396224e-07
Random5954
Raw:1.0104241096783009e-05,2.122547334954194e-06,1.9873220007881028e-05,0.49928167041623345,6.935296550282327e-09,0.49928167041624766,2.6320519398807638e-09,0.0014041591461476126,9.805874310262601e-08,2.9238684013396436e-07
EFT:1.0104241096782794e-05,2.122547334954209e-06,1.987322000788117e-05,0.499281670416237,6.935296550282277e-09,0.4992816704162441,2.6320519398807075e-09,0.0014041591461476227,9.805874310262393e-08,2.9238684013396224e-07
Random5955
Raw:1.0104241096782867e-05,2.122547334954224e-06,1.9873220007881028e-05,0.49928167041624055,6.935296550282326e-09,0.49928167041624055,2.6320519398807265e-09,0.0014041591461476327,9.805874310262323e-08,2.923868401339643e-07
EFT:1.0104241096782794e-05,2.122547334954209e-06,1.987322000788117e-05,0.499281670416237,6.935296550282277e-09,0.4992816704162441,2.6320519398807075e-09,0.0014041591461476227,9.805874310262393e-08,2.9238684013396224e-07
Random5956
Raw:1.0104241096782794e-05,2.122547334954209e-06,1.987322000788117e-05,0.499281670416237,6.935296550282277e-09,0.4992816704162441,2.6320519398807075e-09,0.0014041591461476227,9.805874310262393e-08,2.9238684013396224e-07
EFT:1.0104241096782794e-05,2.122547334954209e-06,1.987322000788117e-05,0.499281670416237,6.935296550282277e-09,0.4992816704162441,2.6320519398807075e-09,0.0014041591461476227,9.805874310262393e-08,2.9238684013396224e-07
Random5957
Raw:1.0104241096782938e-05,2.122547334954209e-06,1.987322000788117e-05,0.499281670416237,6.9352965502823754e-09,0.4992816704162441,2.632051939880745e-09,0.0014041591461476227,9.805874310262393e-08,2.9238684013396637e-07
EFT:1.0104241096782794e-05,2.122547334954209e-06,1.987322000788117e-05,0.499281670416237,6.935296550282277e-09,0.4992816704162441,2.6320519398807075e-09,0.0014041591461476227,9.805874310262393e-08,2.9238684013396224e-07
Random5958
Raw:1.0104241096782938e-05,2.122547334954239e-06,1.987322000788145e-05,0.499281670416237,6.935296550282277e-09,0.4992816704162441,2.632051939880745e-09,0.0014041591461476427,9.805874310262532e-08,2.9238684013396224e-07
EFT:1.0104241096782794e-05,2.122547334954209e-06,1.987322000788117e-05,0.499281670416237,6.935296550282277e-09,0.4992816704162441,2.6320519398807075e-09,0.0014041591461476227,9.805874310262393e-08,2.9238684013396224e-07
Random5959
Raw:1.0104241096782867e-05,2.122547334954224e-06,1.9873220007881028e-05,0.49928167041624055,6.935296550282326e-09,0.49928167041624055,2.6320519398807265e-09,0.0014041591461476128,9.805874310262462e-08,2.923868401339643e-07
EFT:1.0104241096782794e-05,2.122547334954209e-06,1.987322000788117e-05,0.499281670416237,6.935296550282277e-09,0.4992816704162441,2.6320519398807075e-09,0.0014041591461476227,9.805874310262393e-08,2.9238684013396224e-07
Random5960
Raw:1.0104241096782865e-05,2.122547334954194e-06,1.9873220007881028e-05,0.49928167041623345,6.935296550282327e-09,0.49928167041624766,2.632051939880726e-09,0.0014041591461476126,9.805874310262462e-08,2.9238684013396436e-07
EFT:1.0104241096782794e-05,2.122547334954209e-06,1.987322000788117e-05,0.499281670416237,6.935296550282277e-09,0.4992816704162441,2.6320519398807075e-09,0.0014041591461476227,9.805874310262393e-08,2.9238684013396224e-07
Random5961
Raw:1.0104241096783082e-05,2.122547334954239e-06,1.987322000788145e-05,0.499281670416237,6.935296550282475e-09,0.4992816704162441,2.6320519398807824e-09,0.0014041591461476427,9.805874310262532e-08,2.9238684013396637e-07
EFT:1.0104241096782794e-05,2.122547334954209e-06,1.987322000788117e-05,0.499281670416237,6.935296550282277e-09,0.4992816704162441,2.6320519398807075e-09,0.0014041591461476227,9.805874310262393e-08,2.9238684013396224e-07
Random5962
Raw:1.0104241096782794e-05,2.1225473349541788e-06,1.9873220007880885e-05,0.499281670416237,6.935296550282277e-09,0.4992816704162441,2.632051939880745e-09,0.0014041591461476026,9.805874310262254e-08,2.9238684013396224e-07
EFT:1.0104241096782794e-05,2.122547334954209e-06,1.987322000788117e-05,0.499281670416237,6.935296550282277e-09,0.4992816704162441,2.6320519398807075e-09,0.0014041591461476227,9.805874310262393e-08,2.9238684013396224e-07
Random5963
Raw:1.0104241096782867e-05,2.122547334954224e-06,1.987322000788131e-05,0.49928167041624055,6.935296550282326e-09,0.49928167041624055,2.6320519398807265e-09,0.0014041591461476128,9.805874310262462e-08,2.923868401339643e-07
EFT:1.0104241096782794e-05,2.122547334954209e-06,1.987322000788117e-05,0.499281670416237,6.935296550282277e-09,0.4992816704162441,2.6320519398807075e-09,0.0014041591461476227,9.805874310262393e-08,2.9238684013396224e-07
Random5964
Raw:1.0104241096783009e-05,2.122547334954194e-06,1.9873220007881028e-05,0.49928167041623345,6.935296550282327e-09,0.49928167041624766,2.6320519398807638e-09,0.0014041591461476327,9.805874310262462e-08,2.9238684013396436e-07
EFT:1.0104241096782794e-05,2.122547334954209e-06,1.987322000788117e-05,0.499281670416237,6.935296550282277e-09,0.4992816704162441,2.6320519398807075e-09,0.0014041591461476227,9.805874310262393e-08,2.9238684013396224e-07
Random5965
Raw:1.0104241096782938e-05,2.122547334954239e-06,1.987322000788117e-05,0.499281670416237,6.935296550282277e-09,0.4992816704162441,2.632051939880745e-09,0.0014041591461476427,9.805874310262532e-08,2.9238684013396224e-07
EFT:1.0104241096782794e-05,2.122547334954209e-06,1.987322000788117e-05,0.499281670416237,6.935296550282277e-09,0.4992816704162441,2.6320519398807075e-09,0.0014041591461476227,9.805874310262393e-08,2.9238684013396224e-07
Random5966
Raw:1.0104241096782867e-05,2.122547334954224e-06,1.987322000788131e-05,0.49928167041624055,6.935296550282326e-09,0.49928167041624055,2.6320519398807265e-09,0.0014041591461476327,9.805874310262462e-08,2.923868401339643e-07
EFT:1.0104241096782794e-05,2.122547334954209e-06,1.987322000788117e-05,0.499281670416237,6.935296550282277e-09,0.4992816704162441,2.6320519398807075e-09,0.0014041591461476227,9.805874310262393e-08,2.9238684013396224e-07
Random5967
Raw:1.0104241096782794e-05,2.122547334954209e-06,1.987322000788117e-05,0.499281670416237,6.935296550282277e-09,0.4992816704162441,2.6320519398807075e-09,0.0014041591461476227,9.805874310262393e-08,2.9238684013396224e-07
EFT:1.0104241096782794e-05,2.122547334954209e-06,1.987322000788117e-05,0.499281670416237,6.935296550282277e-09,0.4992816704162441,2.6320519398807075e-09,0.0014041591461476227,9.805874310262393e-08,2.9238684013396224e-07
Random5968
Raw:1.0104241096782938e-05,2.122547334954209e-06,1.987322000788117e-05,0.499281670416237,6.935296550282277e-09,0.4992816704162441,2.632051939880745e-09,0.0014041591461476427,9.805874310262393e-08,2.9238684013396224e-07
EFT:1.0104241096782794e-05,2.122547334954209e-06,1.987322000788117e-05,0.499281670416237,6.935296550282277e-09,0.4992816704162441,2.6320519398807075e-09,0.0014041591461476227,9.805874310262393e-08,2.9238684013396224e-07
Random5969
Raw:1.0104241096782938e-05,2.122547334954209e-06,1.987322000788117e-05,0.499281670416237,6.9352965502823754e-09,0.4992816704162441,2.6320519398807824e-09,0.0014041591461476227,9.805874310262532e-08,2.9238684013396637e-07
EFT:1.0104241096782794e-05,2.122547334954209e-06,1.987322000788117e-05,0.499281670416237,6.935296550282277e-09,0.4992816704162441,2.6320519398807075e-09,0.0014041591461476227,9.805874310262393e-08,2.9238684013396224e-07
Random5970
Raw:1.0104241096782938e-05,2.122547334954239e-06,1.987322000788145e-05,0.499281670416237,6.935296550282277e-09,0.4992816704162441,2.632051939880745e-09,0.0014041591461476427,9.805874310262393e-08,2.9238684013396637e-07
EFT:1.0104241096782794e-05,2.122547334954209e-06,1.987322000788117e-05,0.499281670416237,6.935296550282277e-09,0.4992816704162441,2.6320519398807075e-09,0.0014041591461476227,9.805874310262393e-08,2.9238684013396224e-07
Random5971
Raw:1.0104241096782938e-05,2.122547334954239e-06,1.987322000788145e-05,0.499281670416237,6.935296550282277e-09,0.4992816704162441,2.632051939880745e-09,0.0014041591461476427,9.805874310262393e-08,2.9238684013396637e-07
EFT:1.0104241096782794e-05,2.122547334954209e-06,1.987322000788117e-05,0.499281670416237,6.935296550282277e-09,0.4992816704162441,2.6320519398807075e-09,0.0014041591461476227,9.805874310262393e-08,2.9238684013396224e-07
Random5972
Raw:1.0104241096782938e-05,2.122547334954209e-06,1.987322000788117e-05,0.499281670416237,6.9352965502823754e-09,0.4992816704162441,2.632051939880745e-09,0.0014041591461476227,9.805874310262532e-08,2.9238684013396637e-07
EFT:1.0104241096782794e-05,2.122547334954209e-06,1.987322000788117e-05,0.499281670416237,6.935296550282277e-09,0.4992816704162441,2.6320519398807075e-09,0.0014041591461476227,9.805874310262393e-08,2.9238684013396224e-07
Random5973
Raw:1.0104241096782867e-05,2.122547334954194e-06,1.9873220007881028e-05,0.49928167041624055,6.935296550282326e-09,0.49928167041624055,2.6320519398807265e-09,0.0014041591461476128,9.805874310262323e-08,2.923868401339643e-07
EFT:1.0104241096782794e-05,2.122547334954209e-06,1.987322000788117e-05,0.499281670416237,6.935296550282277e-09,0.4992816704162441,2.6320519398807075e-09,0.0014041591461476227,9.805874310262393e-08,2.9238684013396224e-07
Random5974
Raw:1.0104241096782867e-05,2.122547334954224e-06,1.987322000788131e-05,0.49928167041624055,6.935296550282326e-09,0.49928167041624055,2.6320519398807265e-09,0.0014041591461476327,9.805874310262462e-08,2.923868401339643e-07
EFT:1.0104241096782794e-05,2.122547334954209e-06,1.987322000788117e-05,0.499281670416237,6.935296550282277e-09,0.4992816704162441,2.6320519398807075e-09,0.0014041591461476227,9.805874310262393e-08,2.9238684013396224e-07
Random5975
Raw:1.0104241096782938e-05,2.122547334954209e-06,1.987322000788117e-05,0.499281670416237,6.935296550282277e-09,0.4992816704162441,2.632051939880745e-09,0.0014041591461476427,9.805874310262393e-08,2.9238684013396224e-07
EFT:1.0104241096782794e-05,2.122547334954209e-06,1.987322000788117e-05,0.499281670416237,6.935296550282277e-09,0.4992816704162441,2.6320519398807075e-09,0.0014041591461476227,9.805874310262393e-08,2.9238684013396224e-07
Random5976
Raw:1.0104241096782938e-05,2.122547334954209e-06,1.9873220007880885e-05,0.499281670416237,6.935296550282277e-09,0.4992816704162441,2.632051939880745e-09,0.0014041591461476227,9.805874310262532e-08,2.9238684013396224e-07
EFT:1.0104241096782794e-05,2.122547334954209e-06,1.987322000788117e-05,0.499281670416237,6.935296550282277e-09,0.4992816704162441,2.6320519398807075e-09,0.0014041591461476227,9.805874310262393e-08,2.9238684013396224e-07
Random5977
Raw:1.0104241096782867e-05,2.122547334954224e-06,1.987322000788131e-05,0.49928167041624055,6.935296550282326e-09,0.49928167041624055,2.6320519398807265e-09,0.0014041591461476327,9.805874310262462e-08,2.923868401339643e-07
EFT:1.0104241096782794e-05,2.122547334954209e-06,1.987322000788117e-05,0.499281670416237,6.935296550282277e-09,0.4992816704162441,2.6320519398807075e-09,0.0014041591461476227,9.805874310262393e-08,2.9238684013396224e-07
Random5978
Raw:1.0104241096782794e-05,2.122547334954209e-06,1.987322000788117e-05,0.499281670416237,6.935296550282277e-09,0.4992816704162441,2.6320519398807075e-09,0.0014041591461476227,9.805874310262393e-08,2.9238684013396224e-07
EFT:1.0104241096782794e-05,2.122547334954209e-06,1.987322000788117e-05,0.499281670416237,6.935296550282277e-09,0.4992816704162441,2.6320519398807075e-09,0.0014041591461476227,9.805874310262393e-08,2.9238684013396224e-07
Random5979
Raw:1.0104241096782867e-05,2.122547334954224e-06,1.987322000788131e-05,0.49928167041624055,6.935296550282326e-09,0.49928167041624055,2.6320519398807265e-09,0.0014041591461476327,9.805874310262323e-08,2.923868401339643e-07
EFT:1.0104241096782794e-05,2.122547334954209e-06,1.987322000788117e-05,0.499281670416237,6.935296550282277e-09,0.4992816704162441,2.6320519398807075e-09,0.0014041591461476227,9.805874310262393e-08,2.9238684013396224e-07
Random5980
Raw:1.0104241096782794e-05,2.122547334954209e-06,1.9873220007880885e-05,0.499281670416237,6.935296550282277e-09,0.4992816704162441,2.632051939880745e-09,0.0014041591461476227,9.805874310262254e-08,2.9238684013396224e-07
EFT:1.0104241096782794e-05,2.122547334954209e-06,1.987322000788117e-05,0.499281670416237,6.935296550282277e-09,0.4992816704162441,2.6320519398807075e-09,0.0014041591461476227,9.805874310262393e-08,2.9238684013396224e-07
Random5981
Raw:1.0104241096782867e-05,2.122547334954224e-06,1.987322000788131e-05,0.49928167041624055,6.935296550282326e-09,0.49928167041624055,2.6320519398807265e-09,0.0014041591461476327,9.805874310262323e-08,2.923868401339643e-07
EFT:1.0104241096782794e-05,2.122547334954209e-06,1.987322000788117e-05,0.499281670416237,6.935296550282277e-09,0.4992816704162441,2.6320519398807075e-09,0.0014041591461476227,9.805874310262393e-08,2.9238684013396224e-07
Random5982
Raw:1.0104241096782938e-05,2.122547334954239e-06,1.987322000788117e-05,0.499281670416237,6.935296550282277e-09,0.4992816704162441,2.632051939880745e-09,0.0014041591461476427,9.805874310262393e-08,2.9238684013396637e-07
EFT:1.0104241096782794e-05,2.122547334954209e-06,1.987322000788117e-05,0.499281670416237,6.935296550282277e-09,0.4992816704162441,2.6320519398807075e-09,0.0014041591461476227,9.805874310262393e-08,2.9238684013396224e-07
Random5983
Raw:1.0104241096782938e-05,2.122547334954209e-06,1.987322000788117e-05,0.499281670416237,6.935296550282277e-09,0.4992816704162441,2.632051939880745e-09,0.0014041591461476427,9.805874310262393e-08,2.9238684013396224e-07
EFT:1.0104241096782794e-05,2.122547334954209e-06,1.987322000788117e-05,0.499281670416237,6.935296550282277e-09,0.4992816704162441,2.6320519398807075e-09,0.0014041591461476227,9.805874310262393e-08,2.9238684013396224e-07
Random5984
Raw:1.0104241096782794e-05,2.122547334954209e-06,1.987322000788117e-05,0.499281670416237,6.935296550282277e-09,0.4992816704162441,2.632051939880745e-09,0.0014041591461476227,9.805874310262254e-08,2.9238684013396224e-07
EFT:1.0104241096782794e-05,2.122547334954209e-06,1.987322000788117e-05,0.499281670416237,6.935296550282277e-09,0.4992816704162441,2.6320519398807075e-09,0.0014041591461476227,9.805874310262393e-08,2.9238684013396224e-07
Random5985
Raw:1.0104241096782938e-05,2.122547334954209e-06,1.987322000788117e-05,0.499281670416237,6.935296550282277e-09,0.4992816704162441,2.632051939880745e-09,0.0014041591461476227,9.805874310262532e-08,2.9238684013396224e-07
EFT:1.0104241096782794e-05,2.122547334954209e-06,1.987322000788117e-05,0.499281670416237,6.935296550282277e-09,0.4992816704162441,2.6320519398807075e-09,0.0014041591461476227,9.805874310262393e-08,2.9238684013396224e-07
Random5986
Raw:1.0104241096782723e-05,2.122547334954194e-06,1.9873220007881028e-05,0.49928167041624055,6.935296550282228e-09,0.49928167041624055,2.6320519398806513e-09,0.0014041591461476128,9.805874310262323e-08,2.923868401339602e-07
EFT:1.0104241096782794e-05,2.122547334954209e-06,1.987322000788117e-05,0.499281670416237,6.935296550282277e-09,0.4992816704162441,2.6320519398807075e-09,0.0014041591461476227,9.805874310262393e-08,2.9238684013396224e-07
Random5987
Raw:1.0104241096782865e-05,2.122547334954194e-06,1.9873220007881028e-05,0.49928167041623345,6.935296550282228e-09,0.49928167041624766,2.632051939880726e-09,0.0014041591461476327,9.805874310262462e-08,2.923868401339602e-07
EFT:1.0104241096782794e-05,2.122547334954209e-06,1.987322000788117e-05,0.499281670416237,6.935296550282277e-09,0.4992816704162441,2.6320519398807075e-09,0.0014041591461476227,9.805874310262393e-08,2.9238684013396224e-07
Random5988
Raw:1.0104241096782938e-05,2.1225473349541788e-06,1.9873220007880885e-05,0.499281670416237,6.935296550282277e-09,0.4992816704162441,2.632051939880745e-09,0.0014041591461476026,9.805874310262532e-08,2.9238684013396224e-07
EFT:1.0104241096782794e-05,2.122547334954209e-06,1.987322000788117e-05,0.499281670416237,6.935296550282277e-09,0.4992816704162441,2.6320519398807075e-09,0.0014041591461476227,9.805874310262393e-08,2.9238684013396224e-07
Random5989
Raw:1.0104241096782938e-05,2.122547334954209e-06,1.987322000788117e-05,0.499281670416237,6.9352965502823754e-09,0.4992816704162441,2.632051939880745e-09,0.0014041591461476227,9.805874310262532e-08,2.9238684013396637e-07
EFT:1.0104241096782794e-05,2.122547334954209e-06,1.987322000788117e-05,0.499281670416237,6.935296550282277e-09,0.4992816704162441,2.6320519398807075e-09,0.0014041591461476227,9.805874310262393e-08,2.9238684013396224e-07
Random5990
Raw:1.0104241096782938e-05,2.1225473349541788e-06,1.9873220007880885e-05,0.499281670416237,6.935296550282277e-09,0.4992816704162441,2.632051939880745e-09,0.0014041591461476026,9.805874310262532e-08,2.9238684013396224e-07
EFT:1.0104241096782794e-05,2.122547334954209e-06,1.987322000788117e-05,0.499281670416237,6.935296550282277e-09,0.4992816704162441,2.6320519398807075e-09,0.0014041591461476227,9.805874310262393e-08,2.9238684013396224e-07
Random5991
Raw:1.0104241096783009e-05,2.122547334954224e-06,1.987322000788131e-05,0.49928167041623345,6.935296550282327e-09,0.49928167041624766,2.6320519398807638e-09,0.0014041591461476327,9.805874310262601e-08,2.9238684013396436e-07
EFT:1.0104241096782794e-05,2.122547334954209e-06,1.987322000788117e-05,0.499281670416237,6.935296550282277e-09,0.4992816704162441,2.6320519398807075e-09,0.0014041591461476227,9.805874310262393e-08,2.9238684013396224e-07
Random5992
Raw:1.0104241096782938e-05,2.122547334954209e-06,1.987322000788117e-05,0.499281670416237,6.935296550282277e-09,0.4992816704162441,2.632051939880745e-09,0.0014041591461476427,9.805874310262393e-08,2.9238684013396224e-07
EFT:1.0104241096782794e-05,2.122547334954209e-06,1.987322000788117e-05,0.499281670416237,6.935296550282277e-09,0.4992816704162441,2.6320519398807075e-09,0.0014041591461476227,9.805874310262393e-08,2.9238684013396224e-07
Random5993
Raw:1.0104241096782938e-05,2.122547334954239e-06,1.9873220007880885e-05,0.499281670416237,6.935296550282277e-09,0.4992816704162441,2.632051939880745e-09,0.0014041591461476227,9.805874310262532e-08,2.9238684013396224e-07
EFT:1.0104241096782794e-05,2.122547334954209e-06,1.987322000788117e-05,0.499281670416237,6.935296550282277e-09,0.4992816704162441,2.6320519398807075e-09,0.0014041591461476227,9.805874310262393e-08,2.9238684013396224e-07
Random5994
Raw:1.0104241096782867e-05,2.122547334954224e-06,1.987322000788131e-05,0.49928167041624055,6.935296550282326e-09,0.49928167041624055,2.6320519398807265e-09,0.0014041591461476327,9.805874310262462e-08,2.923868401339643e-07
EFT:1.0104241096782794e-05,2.122547334954209e-06,1.987322000788117e-05,0.499281670416237,6.935296550282277e-09,0.4992816704162441,2.6320519398807075e-09,0.0014041591461476227,9.805874310262393e-08,2.9238684013396224e-07
Random5995
Raw:1.0104241096782794e-05,2.122547334954209e-06,1.987322000788117e-05,0.4992816704162441,6.935296550282277e-09,0.499281670416237,2.63205193988067e-09,0.0014041591461476227,9.805874310262532e-08,2.9238684013396224e-07
EFT:1.0104241096782794e-05,2.122547334954209e-06,1.987322000788117e-05,0.499281670416237,6.935296550282277e-09,0.4992816704162441,2.6320519398807075e-09,0.0014041591461476227,9.805874310262393e-08,2.9238684013396224e-07
Random5996
Raw:1.0104241096782867e-05,2.122547334954224e-06,1.987322000788131e-05,0.49928167041624055,6.935296550282228e-09,0.49928167041624055,2.632051939880689e-09,0.0014041591461476327,9.805874310262323e-08,2.923868401339643e-07
EFT:1.0104241096782794e-05,2.122547334954209e-06,1.987322000788117e-05,0.499281670416237,6.935296550282277e-09,0.4992816704162441,2.6320519398807075e-09,0.0014041591461476227,9.805874310262393e-08,2.9238684013396224e-07
Random5997
Raw:1.0104241096782938e-05,2.122547334954209e-06,1.9873220007880885e-05,0.499281670416237,6.935296550282277e-09,0.4992816704162441,2.632051939880745e-09,0.0014041591461476227,9.805874310262532e-08,2.9238684013396224e-07
EFT:1.0104241096782794e-05,2.122547334954209e-06,1.987322000788117e-05,0.499281670416237,6.935296550282277e-09,0.4992816704162441,2.6320519398807075e-09,0.0014041591461476227,9.805874310262393e-08,2.9238684013396224e-07
Random5998
Raw:1.0104241096782938e-05,2.122547334954239e-06,1.987322000788145e-05,0.499281670416237,6.935296550282277e-09,0.4992816704162441,2.632051939880745e-09,0.0014041591461476227,9.805874310262532e-08,2.9238684013396224e-07
EFT:1.0104241096782794e-05,2.122547334954209e-06,1.987322000788117e-05,0.499281670416237,6.935296550282277e-09,0.4992816704162441,2.6320519398807075e-09,0.0014041591461476227,9.805874310262393e-08,2.9238684013396224e-07
Random5999
Raw:1.0104241096782938e-05,2.122547334954239e-06,1.987322000788117e-05,0.499281670416237,6.935296550282277e-09,0.4992816704162441,2.632051939880745e-09,0.0014041591461476427,9.805874310262532e-08,2.9238684013396224e-07
EFT:1.0104241096782794e-05,2.122547334954209e-06,1.987322000788117e-05,0.499281670416237,6.935296550282277e-09,0.4992816704162441,2.6320519398807075e-09,0.0014041591461476227,9.805874310262393e-08,2.9238684013396224e-07
Random6000
Raw:1.0104241096782938e-05,2.122547334954209e-06,1.987322000788117e-05,0.499281670416237,6.935296550282277e-09,0.4992816704162441,2.632051939880745e-09,0.0014041591461476227,9.805874310262532e-08,2.9238684013396224e-07
EFT:1.0104241096782794e-05,2.122547334954209e-06,1.987322000788117e-05,0.499281670416237,6.935296550282277e-09,0.4992816704162441,2.6320519398807075e-09,0.0014041591461476227,9.805874310262393e-08,2.9238684013396224e-07
Random6001
Raw:1.0104241096782938e-05,2.122547334954209e-06,1.987322000788117e-05,0.499281670416237,6.9352965502823754e-09,0.4992816704162441,2.632051939880745e-09,0.0014041591461476227,9.805874310262532e-08,2.9238684013396637e-07
EFT:1.0104241096782794e-05,2.122547334954209e-06,1.987322000788117e-05,0.499281670416237,6.935296550282277e-09,0.4992816704162441,2.6320519398807075e-09,0.0014041591461476227,9.805874310262393e-08,2.9238684013396224e-07
Random6002
Raw:1.0104241096782938e-05,2.122547334954209e-06,1.987322000788117e-05,0.499281670416237,6.9352965502823754e-09,0.4992816704162441,2.632051939880745e-09,0.0014041591461476227,9.805874310262393e-08,2.9238684013396637e-07
EFT:1.0104241096782794e-05,2.122547334954209e-06,1.987322000788117e-05,0.499281670416237,6.935296550282277e-09,0.4992816704162441,2.6320519398807075e-09,0.0014041591461476227,9.805874310262393e-08,2.9238684013396224e-07
Random6003
Raw:1.0104241096783009e-05,2.122547334954194e-06,1.9873220007881028e-05,0.49928167041623345,6.935296550282327e-09,0.49928167041624766,2.6320519398807638e-09,0.0014041591461476126,9.805874310262601e-08,2.9238684013396436e-07
EFT:1.0104241096782794e-05,2.122547334954209e-06,1.987322000788117e-05,0.499281670416237,6.935296550282277e-09,0.4992816704162441,2.6320519398807075e-09,0.0014041591461476227,9.805874310262393e-08,2.9238684013396224e-07
Random6004
Raw:1.0104241096783009e-05,2.122547334954224e-06,1.9873220007881028e-05,0.49928167041623345,6.935296550282327e-09,0.49928167041624766,2.632051939880801e-09,0.0014041591461476327,9.805874310262601e-08,2.9238684013396436e-07
EFT:1.0104241096782794e-05,2.122547334954209e-06,1.987322000788117e-05,0.499281670416237,6.935296550282277e-09,0.4992816704162441,2.6320519398807075e-09,0.0014041591461476227,9.805874310262393e-08,2.9238684013396224e-07
Random6005
Raw:1.0104241096782865e-05,2.122547334954194e-06,1.9873220007881028e-05,0.49928167041623345,6.935296550282327e-09,0.49928167041624766,2.6320519398807638e-09,0.0014041591461476126,9.805874310262324e-08,2.9238684013396436e-07
EFT:1.0104241096782794e-05,2.122547334954209e-06,1.987322000788117e-05,0.499281670416237,6.935296550282277e-09,0.4992816704162441,2.6320519398807075e-09,0.0014041591461476227,9.805874310262393e-08,2.9238684013396224e-07
Random6006
Raw:1.0104241096783009e-05,2.122547334954194e-06,1.9873220007881028e-05,0.49928167041623345,6.935296550282327e-09,0.49928167041624766,2.6320519398807638e-09,0.0014041591461476126,9.805874310262601e-08,2.9238684013396436e-07
EFT:1.0104241096782794e-05,2.122547334954209e-06,1.987322000788117e-05,0.499281670416237,6.935296550282277e-09,0.4992816704162441,2.6320519398807075e-09,0.0014041591461476227,9.805874310262393e-08,2.9238684013396224e-07
Random6007
Raw:1.0104241096782938e-05,2.122547334954239e-06,1.987322000788117e-05,0.499281670416237,6.935296550282277e-09,0.4992816704162441,2.632051939880745e-09,0.0014041591461476427,9.805874310262532e-08,2.9238684013396224e-07
EFT:1.0104241096782794e-05,2.122547334954209e-06,1.987322000788117e-05,0.499281670416237,6.935296550282277e-09,0.4992816704162441,2.6320519398807075e-09,0.0014041591461476227,9.805874310262393e-08,2.9238684013396224e-07
Random6008
Raw:1.0104241096782867e-05,2.122547334954194e-06,1.9873220007881028e-05,0.49928167041624055,6.935296550282326e-09,0.49928167041624055,2.6320519398807265e-09,0.0014041591461476128,9.805874310262602e-08,2.923868401339643e-07
EFT:1.0104241096782794e-05,2.122547334954209e-06,1.987322000788117e-05,0.499281670416237,6.935296550282277e-09,0.4992816704162441,2.6320519398807075e-09,0.0014041591461476227,9.805874310262393e-08,2.9238684013396224e-07
Random6009
Raw:1.0104241096782865e-05,2.122547334954194e-06,1.9873220007881028e-05,0.49928167041623345,6.935296550282228e-09,0.49928167041624766,2.632051939880726e-09,0.0014041591461476126,9.805874310262462e-08,2.9238684013396436e-07
EFT:1.0104241096782794e-05,2.122547334954209e-06,1.987322000788117e-05,0.499281670416237,6.935296550282277e-09,0.4992816704162441,2.6320519398807075e-09,0.0014041591461476227,9.805874310262393e-08,2.9238684013396224e-07
Random6010
Raw:1.0104241096782867e-05,2.122547334954224e-06,1.9873220007881028e-05,0.49928167041624055,6.935296550282326e-09,0.49928167041624055,2.6320519398807265e-09,0.0014041591461476128,9.805874310262462e-08,2.923868401339643e-07
EFT:1.0104241096782794e-05,2.122547334954209e-06,1.987322000788117e-05,0.499281670416237,6.935296550282277e-09,0.4992816704162441,2.6320519398807075e-09,0.0014041591461476227,9.805874310262393e-08,2.9238684013396224e-07
Random6011
Raw:1.0104241096782867e-05,2.122547334954194e-06,1.9873220007881028e-05,0.49928167041624055,6.935296550282326e-09,0.49928167041624055,2.6320519398807265e-09,0.0014041591461476128,9.805874310262323e-08,2.923868401339643e-07
EFT:1.0104241096782794e-05,2.122547334954209e-06,1.987322000788117e-05,0.499281670416237,6.935296550282277e-09,0.4992816704162441,2.6320519398807075e-09,0.0014041591461476227,9.805874310262393e-08,2.9238684013396224e-07
Random6012
Raw:1.0104241096782938e-05,2.122547334954209e-06,1.987322000788117e-05,0.499281670416237,6.9352965502823754e-09,0.4992816704162441,2.632051939880745e-09,0.0014041591461476227,9.805874310262672e-08,2.9238684013396637e-07
EFT:1.0104241096782794e-05,2.122547334954209e-06,1.987322000788117e-05,0.499281670416237,6.935296550282277e-09,0.4992816704162441,2.6320519398807075e-09,0.0014041591461476227,9.805874310262393e-08,2.9238684013396224e-07
Random6013
Raw:1.0104241096783009e-05,2.122547334954224e-06,1.9873220007881028e-05,0.49928167041623345,6.935296550282327e-09,0.49928167041624766,2.6320519398807638e-09,0.0014041591461476327,9.805874310262601e-08,2.9238684013396436e-07
EFT:1.0104241096782794e-05,2.122547334954209e-06,1.987322000788117e-05,0.499281670416237,6.935296550282277e-09,0.4992816704162441,2.6320519398807075e-09,0.0014041591461476227,9.805874310262393e-08,2.9238684013396224e-07
Random6014
Raw:1.0104241096782867e-05,2.122547334954224e-06,1.987322000788131e-05,0.49928167041624055,6.935296550282326e-09,0.49928167041624055,2.6320519398807638e-09,0.0014041591461476327,9.805874310262462e-08,2.923868401339643e-07
EFT:1.0104241096782794e-05,2.122547334954209e-06,1.987322000788117e-05,0.499281670416237,6.935296550282277e-09,0.4992816704162441,2.6320519398807075e-09,0.0014041591461476227,9.805874310262393e-08,2.9238684013396224e-07
Random6015
Raw:1.0104241096782938e-05,2.122547334954209e-06,1.987322000788117e-05,0.499281670416237,6.935296550282277e-09,0.4992816704162441,2.632051939880745e-09,0.0014041591461476227,9.805874310262393e-08,2.9238684013396637e-07
EFT:1.0104241096782794e-05,2.122547334954209e-06,1.987322000788117e-05,0.499281670416237,6.935296550282277e-09,0.4992816704162441,2.6320519398807075e-09,0.0014041591461476227,9.805874310262393e-08,2.9238684013396224e-07
Random6016
Raw:1.0104241096782867e-05,2.122547334954224e-06,1.9873220007881028e-05,0.49928167041624055,6.935296550282228e-09,0.49928167041624055,2.632051939880689e-09,0.0014041591461476327,9.805874310262462e-08,2.923868401339602e-07
EFT:1.0104241096782794e-05,2.122547334954209e-06,1.987322000788117e-05,0.499281670416237,6.935296550282277e-09,0.4992816704162441,2.6320519398807075e-09,0.0014041591461476227,9.805874310262393e-08,2.9238684013396224e-07
Random6017
Raw:1.0104241096782794e-05,2.122547334954209e-06,1.9873220007880885e-05,0.499281670416237,6.935296550282277e-09,0.4992816704162441,2.6320519398807075e-09,0.0014041591461476026,9.805874310262393e-08,2.9238684013396224e-07
EFT:1.0104241096782794e-05,2.122547334954209e-06,1.987322000788117e-05,0.499281670416237,6.935296550282277e-09,0.4992816704162441,2.6320519398807075e-09,0.0014041591461476227,9.805874310262393e-08,2.9238684013396224e-07
Random6018
Raw:1.0104241096782938e-05,2.122547334954239e-06,1.987322000788145e-05,0.499281670416237,6.935296550282277e-09,0.4992816704162441,2.632051939880745e-09,0.0014041591461476427,9.805874310262532e-08,2.9238684013396224e-07
EFT:1.0104241096782794e-05,2.122547334954209e-06,1.987322000788117e-05,0.499281670416237,6.935296550282277e-09,0.4992816704162441,2.6320519398807075e-09,0.0014041591461476227,9.805874310262393e-08,2.9238684013396224e-07
Random6019
Raw:1.0104241096782794e-05,2.122547334954209e-06,1.987322000788117e-05,0.499281670416237,6.935296550282277e-09,0.4992816704162441,2.632051939880745e-09,0.0014041591461476227,9.805874310262254e-08,2.9238684013396224e-07
EFT:1.0104241096782794e-05,2.122547334954209e-06,1.987322000788117e-05,0.499281670416237,6.935296550282277e-09,0.4992816704162441,2.6320519398807075e-09,0.0014041591461476227,9.805874310262393e-08,2.9238684013396224e-07
Random6020
Raw:1.0104241096782938e-05,2.122547334954209e-06,1.987322000788117e-05,0.499281670416237,6.935296550282277e-09,0.4992816704162441,2.632051939880745e-09,0.0014041591461476227,9.805874310262532e-08,2.9238684013396224e-07
EFT:1.0104241096782794e-05,2.122547334954209e-06,1.987322000788117e-05,0.499281670416237,6.935296550282277e-09,0.4992816704162441,2.6320519398807075e-09,0.0014041591461476227,9.805874310262393e-08,2.9238684013396224e-07
Random6021
Raw:1.0104241096782794e-05,2.122547334954209e-06,1.9873220007880885e-05,0.499281670416237,6.935296550282277e-09,0.4992816704162441,2.6320519398807075e-09,0.0014041591461476026,9.805874310262393e-08,2.9238684013396224e-07
EFT:1.0104241096782794e-05,2.122547334954209e-06,1.987322000788117e-05,0.499281670416237,6.935296550282277e-09,0.4992816704162441,2.6320519398807075e-09,0.0014041591461476227,9.805874310262393e-08,2.9238684013396224e-07
Random6022
Raw:1.0104241096782938e-05,2.122547334954239e-06,1.987322000788117e-05,0.499281670416237,6.935296550282277e-09,0.4992816704162441,2.632051939880745e-09,0.0014041591461476427,9.805874310262393e-08,2.9238684013396637e-07
EFT:1.0104241096782794e-05,2.122547334954209e-06,1.987322000788117e-05,0.499281670416237,6.935296550282277e-09,0.4992816704162441,2.6320519398807075e-09,0.0014041591461476227,9.805874310262393e-08,2.9238684013396224e-07
Random6023
Raw:1.0104241096782867e-05,2.122547334954224e-06,1.987322000788131e-05,0.49928167041624055,6.935296550282326e-09,0.49928167041624055,2.6320519398807638e-09,0.0014041591461476128,9.805874310262462e-08,2.923868401339643e-07
EFT:1.0104241096782794e-05,2.122547334954209e-06,1.987322000788117e-05,0.499281670416237,6.935296550282277e-09,0.4992816704162441,2.6320519398807075e-09,0.0014041591461476227,9.805874310262393e-08,2.9238684013396224e-07
Random6024
Raw:1.0104241096782794e-05,2.122547334954209e-06,1.987322000788117e-05,0.499281670416237,6.935296550282277e-09,0.4992816704162441,2.6320519398807075e-09,0.0014041591461476227,9.805874310262393e-08,2.9238684013396224e-07
EFT:1.0104241096782794e-05,2.122547334954209e-06,1.987322000788117e-05,0.499281670416237,6.935296550282277e-09,0.4992816704162441,2.6320519398807075e-09,0.0014041591461476227,9.805874310262393e-08,2.9238684013396224e-07
Random6025
Raw:1.0104241096782867e-05,2.122547334954224e-06,1.987322000788131e-05,0.49928167041624055,6.935296550282326e-09,0.49928167041624055,2.6320519398807265e-09,0.0014041591461476327,9.805874310262602e-08,2.923868401339643e-07
EFT:1.0104241096782794e-05,2.122547334954209e-06,1.987322000788117e-05,0.499281670416237,6.935296550282277e-09,0.4992816704162441,2.6320519398807075e-09,0.0014041591461476227,9.805874310262393e-08,2.9238684013396224e-07
Random6026
Raw:1.0104241096782867e-05,2.122547334954194e-06,1.9873220007881028e-05,0.49928167041624055,6.935296550282228e-09,0.49928167041624055,2.632051939880689e-09,0.0014041591461476327,9.805874310262323e-08,2.923868401339602e-07
EFT:1.0104241096782794e-05,2.122547334954209e-06,1.987322000788117e-05,0.499281670416237,6.935296550282277e-09,0.4992816704162441,2.6320519398807075e-09,0.0014041591461476227,9.805874310262393e-08,2.9238684013396224e-07
Random6027
Raw:1.0104241096782867e-05,2.122547334954194e-06,1.9873220007881028e-05,0.49928167041624055,6.935296550282326e-09,0.49928167041624055,2.6320519398807265e-09,0.0014041591461476128,9.805874310262602e-08,2.923868401339643e-07
EFT:1.0104241096782794e-05,2.122547334954209e-06,1.987322000788117e-05,0.499281670416237,6.935296550282277e-09,0.4992816704162441,2.6320519398807075e-09,0.0014041591461476227,9.805874310262393e-08,2.9238684013396224e-07
Random6028
Raw:1.0104241096782938e-05,2.122547334954239e-06,1.987322000788117e-05,0.499281670416237,6.9352965502823754e-09,0.4992816704162441,2.6320519398807824e-09,0.0014041591461476227,9.805874310262532e-08,2.9238684013396637e-07
EFT:1.0104241096782794e-05,2.122547334954209e-06,1.987322000788117e-05,0.499281670416237,6.935296550282277e-09,0.4992816704162441,2.6320519398807075e-09,0.0014041591461476227,9.805874310262393e-08,2.9238684013396224e-07
Random6029
Raw:1.0104241096782938e-05,2.122547334954239e-06,1.987322000788145e-05,0.499281670416237,6.935296550282277e-09,0.4992816704162441,2.632051939880745e-09,0.0014041591461476427,9.805874310262393e-08,2.9238684013396637e-07
EFT:1.0104241096782794e-05,2.122547334954209e-06,1.987322000788117e-05,0.499281670416237,6.935296550282277e-09,0.4992816704162441,2.6320519398807075e-09,0.0014041591461476227,9.805874310262393e-08,2.9238684013396224e-07
Random6030
Raw:1.0104241096783082e-05,2.122547334954239e-06,1.9873220007880885e-05,0.4992816704162299,6.9352965502823754e-09,0.49928167041625116,2.6320519398808196e-09,0.0014041591461476225,9.805874310262671e-08,2.923868401339664e-07
EFT:1.0104241096782794e-05,2.122547334954209e-06,1.987322000788117e-05,0.499281670416237,6.935296550282277e-09,0.4992816704162441,2.6320519398807075e-09,0.0014041591461476227,9.805874310262393e-08,2.9238684013396224e-07
Random6031
Raw:1.0104241096783009e-05,2.122547334954224e-06,1.987322000788131e-05,0.49928167041623345,6.935296550282424e-09,0.49928167041624766,2.6320519398807638e-09,0.0014041591461476327,9.805874310262601e-08,2.923868401339685e-07
EFT:1.0104241096782794e-05,2.122547334954209e-06,1.987322000788117e-05,0.499281670416237,6.935296550282277e-09,0.4992816704162441,2.6320519398807075e-09,0.0014041591461476227,9.805874310262393e-08,2.9238684013396224e-07
Random6032
Raw:1.0104241096782867e-05,2.122547334954194e-06,1.9873220007881028e-05,0.49928167041624055,6.935296550282326e-09,0.49928167041624055,2.6320519398807265e-09,0.0014041591461476128,9.805874310262602e-08,2.923868401339643e-07
EFT:1.0104241096782794e-05,2.122547334954209e-06,1.987322000788117e-05,0.499281670416237,6.935296550282277e-09,0.4992816704162441,2.6320519398807075e-09,0.0014041591461476227,9.805874310262393e-08,2.9238684013396224e-07
Random6033
Raw:1.0104241096782794e-05,2.122547334954209e-06,1.987322000788117e-05,0.499281670416237,6.9352965502821786e-09,0.4992816704162441,2.6320519398807075e-09,0.0014041591461476227,9.805874310262393e-08,2.9238684013396224e-07
EFT:1.0104241096782794e-05,2.122547334954209e-06,1.987322000788117e-05,0.499281670416237,6.935296550282277e-09,0.4992816704162441,2.6320519398807075e-09,0.0014041591461476227,9.805874310262393e-08,2.9238684013396224e-07
Random6034
Raw:1.0104241096782938e-05,2.122547334954209e-06,1.987322000788117e-05,0.499281670416237,6.935296550282277e-09,0.4992816704162441,2.632051939880745e-09,0.0014041591461476227,9.805874310262532e-08,2.9238684013396224e-07
EFT:1.0104241096782794e-05,2.122547334954209e-06,1.987322000788117e-05,0.499281670416237,6.935296550282277e-09,0.4992816704162441,2.6320519398807075e-09,0.0014041591461476227,9.805874310262393e-08,2.9238684013396224e-07
Random6035
Raw:1.0104241096783009e-05,2.122547334954224e-06,1.987322000788131e-05,0.49928167041623345,6.935296550282327e-09,0.49928167041624766,2.6320519398807638e-09,0.0014041591461476327,9.805874310262601e-08,2.9238684013396436e-07
EFT:1.0104241096782794e-05,2.122547334954209e-06,1.987322000788117e-05,0.499281670416237,6.935296550282277e-09,0.4992816704162441,2.6320519398807075e-09,0.0014041591461476227,9.805874310262393e-08,2.9238684013396224e-07
Random6036
Raw:1.0104241096783009e-05,2.122547334954224e-06,1.987322000788131e-05,0.49928167041623345,6.935296550282327e-09,0.49928167041624766,2.6320519398807638e-09,0.0014041591461476327,9.805874310262601e-08,2.9238684013396436e-07
EFT:1.0104241096782794e-05,2.122547334954209e-06,1.987322000788117e-05,0.499281670416237,6.935296550282277e-09,0.4992816704162441,2.6320519398807075e-09,0.0014041591461476227,9.805874310262393e-08,2.9238684013396224e-07
Random6037
Raw:1.0104241096782938e-05,2.122547334954209e-06,1.987322000788117e-05,0.499281670416237,6.935296550282277e-09,0.4992816704162441,2.632051939880745e-09,0.0014041591461476227,9.805874310262532e-08,2.9238684013396224e-07
EFT:1.0104241096782794e-05,2.122547334954209e-06,1.987322000788117e-05,0.499281670416237,6.935296550282277e-09,0.4992816704162441,2.6320519398807075e-09,0.0014041591461476227,9.805874310262393e-08,2.9238684013396224e-07
Random6038
Raw:1.0104241096782938e-05,2.122547334954209e-06,1.987322000788117e-05,0.499281670416237,6.935296550282277e-09,0.4992816704162441,2.632051939880745e-09,0.0014041591461476227,9.805874310262393e-08,2.9238684013396637e-07
EFT:1.0104241096782794e-05,2.122547334954209e-06,1.987322000788117e-05,0.499281670416237,6.935296550282277e-09,0.4992816704162441,2.6320519398807075e-09,0.0014041591461476227,9.805874310262393e-08,2.9238684013396224e-07
Random6039
Raw:1.0104241096782867e-05,2.122547334954224e-06,1.987322000788131e-05,0.49928167041624055,6.935296550282326e-09,0.49928167041624055,2.6320519398807265e-09,0.0014041591461476327,9.805874310262462e-08,2.923868401339643e-07
EFT:1.0104241096782794e-05,2.122547334954209e-06,1.987322000788117e-05,0.499281670416237,6.935296550282277e-09,0.4992816704162441,2.6320519398807075e-09,0.0014041591461476227,9.805874310262393e-08,2.9238684013396224e-07
Random6040
Raw:1.0104241096782938e-05,2.122547334954239e-06,1.987322000788145e-05,0.499281670416237,6.935296550282277e-09,0.4992816704162441,2.632051939880745e-09,0.0014041591461476427,9.805874310262393e-08,2.9238684013396637e-07
EFT:1.0104241096782794e-05,2.122547334954209e-06,1.987322000788117e-05,0.499281670416237,6.935296550282277e-09,0.4992816704162441,2.6320519398807075e-09,0.0014041591461476227,9.805874310262393e-08,2.9238684013396224e-07
Random6041
Raw:1.0104241096782867e-05,2.122547334954224e-06,1.9873220007881028e-05,0.49928167041624055,6.935296550282326e-09,0.49928167041624055,2.6320519398807638e-09,0.0014041591461476128,9.805874310262462e-08,2.923868401339643e-07
EFT:1.0104241096782794e-05,2.122547334954209e-06,1.987322000788117e-05,0.499281670416237,6.935296550282277e-09,0.4992816704162441,2.6320519398807075e-09,0.0014041591461476227,9.805874310262393e-08,2.9238684013396224e-07
Random6042
Raw:1.0104241096782865e-05,2.122547334954194e-06,1.9873220007881028e-05,0.49928167041623345,6.935296550282327e-09,0.49928167041624766,2.632051939880726e-09,0.0014041591461476126,9.805874310262462e-08,2.9238684013396436e-07
EFT:1.0104241096782794e-05,2.122547334954209e-06,1.987322000788117e-05,0.499281670416237,6.935296550282277e-09,0.4992816704162441,2.6320519398807075e-09,0.0014041591461476227,9.805874310262393e-08,2.9238684013396224e-07
Random6043
Raw:1.0104241096782938e-05,2.122547334954209e-06,1.987322000788117e-05,0.499281670416237,6.935296550282277e-09,0.4992816704162441,2.632051939880745e-09,0.0014041591461476427,9.805874310262393e-08,2.9238684013396224e-07
EFT:1.0104241096782794e-05,2.122547334954209e-06,1.987322000788117e-05,0.499281670416237,6.935296550282277e-09,0.4992816704162441,2.6320519398807075e-09,0.0014041591461476227,9.805874310262393e-08,2.9238684013396224e-07
Random6044
Raw:1.0104241096782867e-05,2.1225473349542546e-06,1.987322000788131e-05,0.49928167041624055,6.935296550282326e-09,0.49928167041624055,2.6320519398807638e-09,0.0014041591461476327,9.805874310262462e-08,2.923868401339643e-07
EFT:1.0104241096782794e-05,2.122547334954209e-06,1.987322000788117e-05,0.499281670416237,6.935296550282277e-09,0.4992816704162441,2.6320519398807075e-09,0.0014041591461476227,9.805874310262393e-08,2.9238684013396224e-07
Random6045
Raw:1.0104241096783009e-05,2.122547334954224e-06,1.987322000788131e-05,0.49928167041623345,6.935296550282327e-09,0.49928167041624766,2.6320519398807638e-09,0.0014041591461476327,9.805874310262601e-08,2.9238684013396436e-07
EFT:1.0104241096782794e-05,2.122547334954209e-06,1.987322000788117e-05,0.499281670416237,6.935296550282277e-09,0.4992816704162441,2.6320519398807075e-09,0.0014041591461476227,9.805874310262393e-08,2.9238684013396224e-07
Random6046
Raw:1.0104241096782794e-05,2.122547334954209e-06,1.987322000788117e-05,0.499281670416237,6.9352965502821786e-09,0.4992816704162441,2.6320519398807075e-09,0.0014041591461476227,9.805874310262393e-08,2.9238684013396224e-07
EFT:1.0104241096782794e-05,2.122547334954209e-06,1.987322000788117e-05,0.499281670416237,6.935296550282277e-09,0.4992816704162441,2.6320519398807075e-09,0.0014041591461476227,9.805874310262393e-08,2.9238684013396224e-07
Random6047
Raw:1.0104241096783009e-05,2.122547334954224e-06,1.987322000788131e-05,0.49928167041623345,6.935296550282327e-09,0.49928167041624766,2.6320519398807638e-09,0.0014041591461476327,9.805874310262462e-08,2.923868401339685e-07
EFT:1.0104241096782794e-05,2.122547334954209e-06,1.987322000788117e-05,0.499281670416237,6.935296550282277e-09,0.4992816704162441,2.6320519398807075e-09,0.0014041591461476227,9.805874310262393e-08,2.9238684013396224e-07
Random6048
Raw:1.0104241096782938e-05,2.122547334954239e-06,1.987322000788117e-05,0.499281670416237,6.9352965502823754e-09,0.4992816704162441,2.6320519398807824e-09,0.0014041591461476227,9.805874310262532e-08,2.9238684013396637e-07
EFT:1.0104241096782794e-05,2.122547334954209e-06,1.987322000788117e-05,0.499281670416237,6.935296550282277e-09,0.4992816704162441,2.6320519398807075e-09,0.0014041591461476227,9.805874310262393e-08,2.9238684013396224e-07
Random6049
Raw:1.0104241096782867e-05,2.122547334954224e-06,1.9873220007881028e-05,0.49928167041624055,6.935296550282326e-09,0.49928167041624055,2.6320519398807265e-09,0.0014041591461476128,9.805874310262462e-08,2.923868401339643e-07
EFT:1.0104241096782794e-05,2.122547334954209e-06,1.987322000788117e-05,0.499281670416237,6.935296550282277e-09,0.4992816704162441,2.6320519398807075e-09,0.0014041591461476227,9.805874310262393e-08,2.9238684013396224e-07
Random6050
Raw:1.0104241096782867e-05,2.122547334954194e-06,1.9873220007881028e-05,0.49928167041624055,6.935296550282228e-09,0.49928167041624055,2.632051939880689e-09,0.0014041591461476128,9.805874310262462e-08,2.923868401339602e-07
EFT:1.0104241096782794e-05,2.122547334954209e-06,1.987322000788117e-05,0.499281670416237,6.935296550282277e-09,0.4992816704162441,2.6320519398807075e-09,0.0014041591461476227,9.805874310262393e-08,2.9238684013396224e-07
Random6051
Raw:1.0104241096782938e-05,2.122547334954239e-06,1.987322000788145e-05,0.499281670416237,6.935296550282277e-09,0.4992816704162441,2.632051939880745e-09,0.0014041591461476427,9.805874310262532e-08,2.9238684013396224e-07
EFT:1.0104241096782794e-05,2.122547334954209e-06,1.987322000788117e-05,0.499281670416237,6.935296550282277e-09,0.4992816704162441,2.6320519398807075e-09,0.0014041591461476227,9.805874310262393e-08,2.9238684013396224e-07
Random6052
Raw:1.0104241096782938e-05,2.122547334954209e-06,1.9873220007880885e-05,0.499281670416237,6.935296550282277e-09,0.4992816704162441,2.632051939880745e-09,0.0014041591461476227,9.805874310262393e-08,2.9238684013396224e-07
EFT:1.0104241096782794e-05,2.122547334954209e-06,1.987322000788117e-05,0.499281670416237,6.935296550282277e-09,0.4992816704162441,2.6320519398807075e-09,0.0014041591461476227,9.805874310262393e-08,2.9238684013396224e-07
Random6053
Raw:1.0104241096782938e-05,2.122547334954239e-06,1.987322000788145e-05,0.499281670416237,6.935296550282277e-09,0.4992816704162441,2.632051939880745e-09,0.0014041591461476227,9.805874310262532e-08,2.9238684013396224e-07
EFT:1.0104241096782794e-05,2.122547334954209e-06,1.987322000788117e-05,0.499281670416237,6.935296550282277e-09,0.4992816704162441,2.6320519398807075e-09,0.0014041591461476227,9.805874310262393e-08,2.9238684013396224e-07
Random6054
Raw:1.0104241096782938e-05,2.122547334954209e-06,1.9873220007880885e-05,0.499281670416237,6.935296550282277e-09,0.4992816704162441,2.632051939880745e-09,0.0014041591461476227,9.805874310262393e-08,2.9238684013396224e-07
EFT:1.0104241096782794e-05,2.122547334954209e-06,1.987322000788117e-05,0.499281670416237,6.935296550282277e-09,0.4992816704162441,2.6320519398807075e-09,0.0014041591461476227,9.805874310262393e-08,2.9238684013396224e-07
Random6055
Raw:1.0104241096782938e-05,2.122547334954209e-06,1.987322000788117e-05,0.499281670416237,6.9352965502823754e-09,0.4992816704162441,2.632051939880745e-09,0.0014041591461476227,9.805874310262393e-08,2.9238684013396637e-07
EFT:1.0104241096782794e-05,2.122547334954209e-06,1.987322000788117e-05,0.499281670416237,6.935296550282277e-09,0.4992816704162441,2.6320519398807075e-09,0.0014041591461476227,9.805874310262393e-08,2.9238684013396224e-07
Random6056
Raw:1.0104241096782794e-05,2.122547334954209e-06,1.9873220007880885e-05,0.499281670416237,6.935296550282277e-09,0.4992816704162441,2.632051939880745e-09,0.0014041591461476227,9.805874310262254e-08,2.9238684013396224e-07
EFT:1.0104241096782794e-05,2.122547334954209e-06,1.987322000788117e-05,0.499281670416237,6.935296550282277e-09,0.4992816704162441,2.6320519398807075e-09,0.0014041591461476227,9.805874310262393e-08,2.9238684013396224e-07
Random6057
Raw:1.0104241096782723e-05,2.122547334954194e-06,1.9873220007881028e-05,0.49928167041624055,6.935296550282228e-09,0.49928167041624055,2.6320519398806513e-09,0.0014041591461476128,9.805874310262323e-08,2.923868401339602e-07
EFT:1.0104241096782794e-05,2.122547334954209e-06,1.987322000788117e-05,0.499281670416237,6.935296550282277e-09,0.4992816704162441,2.6320519398807075e-09,0.0014041591461476227,9.805874310262393e-08,2.9238684013396224e-07
Random6058
Raw:1.0104241096782938e-05,2.122547334954209e-06,1.987322000788117e-05,0.499281670416237,6.9352965502823754e-09,0.4992816704162441,2.632051939880745e-09,0.0014041591461476227,9.805874310262532e-08,2.9238684013396637e-07
EFT:1.0104241096782794e-05,2.122547334954209e-06,1.987322000788117e-05,0.499281670416237,6.935296550282277e-09,0.4992816704162441,2.6320519398807075e-09,0.0014041591461476227,9.805874310262393e-08,2.9238684013396224e-07
Random6059
Raw:1.0104241096782794e-05,2.122547334954209e-06,1.987322000788117e-05,0.499281670416237,6.9352965502821786e-09,0.4992816704162441,2.6320519398807075e-09,0.0014041591461476227,9.805874310262393e-08,2.9238684013396224e-07
EFT:1.0104241096782794e-05,2.122547334954209e-06,1.987322000788117e-05,0.499281670416237,6.935296550282277e-09,0.4992816704162441,2.6320519398807075e-09,0.0014041591461476227,9.805874310262393e-08,2.9238684013396224e-07
Random6060
Raw:1.0104241096782867e-05,2.122547334954224e-06,1.987322000788131e-05,0.49928167041624055,6.935296550282326e-09,0.49928167041624055,2.6320519398807638e-09,0.0014041591461476128,9.805874310262462e-08,2.923868401339643e-07
EFT:1.0104241096782794e-05,2.122547334954209e-06,1.987322000788117e-05,0.499281670416237,6.935296550282277e-09,0.4992816704162441,2.6320519398807075e-09,0.0014041591461476227,9.805874310262393e-08,2.9238684013396224e-07
Random6061
Raw:1.0104241096782867e-05,2.122547334954224e-06,1.9873220007881028e-05,0.49928167041624055,6.935296550282326e-09,0.49928167041624055,2.6320519398807265e-09,0.0014041591461476327,9.805874310262602e-08,2.923868401339643e-07
EFT:1.0104241096782794e-05,2.122547334954209e-06,1.987322000788117e-05,0.499281670416237,6.935296550282277e-09,0.4992816704162441,2.6320519398807075e-09,0.0014041591461476227,9.805874310262393e-08,2.9238684013396224e-07
Random6062
Raw:1.0104241096782867e-05,2.122547334954224e-06,1.9873220007881028e-05,0.49928167041624055,6.935296550282326e-09,0.49928167041624055,2.6320519398807265e-09,0.0014041591461476128,9.805874310262462e-08,2.923868401339643e-07
EFT:1.0104241096782794e-05,2.122547334954209e-06,1.987322000788117e-05,0.499281670416237,6.935296550282277e-09,0.4992816704162441,2.6320519398807075e-09,0.0014041591461476227,9.805874310262393e-08,2.9238684013396224e-07
Random6063
Raw:1.0104241096782938e-05,2.122547334954239e-06,1.987322000788145e-05,0.499281670416237,6.935296550282277e-09,0.4992816704162441,2.632051939880745e-09,0.0014041591461476427,9.805874310262393e-08,2.9238684013396637e-07
EFT:1.0104241096782794e-05,2.122547334954209e-06,1.987322000788117e-05,0.499281670416237,6.935296550282277e-09,0.4992816704162441,2.6320519398807075e-09,0.0014041591461476227,9.805874310262393e-08,2.9238684013396224e-07
Random6064
Raw:1.0104241096783009e-05,2.122547334954194e-06,1.9873220007881028e-05,0.49928167041623345,6.935296550282327e-09,0.49928167041624766,2.6320519398807638e-09,0.0014041591461476126,9.805874310262601e-08,2.9238684013396436e-07
EFT:1.0104241096782794e-05,2.122547334954209e-06,1.987322000788117e-05,0.499281670416237,6.935296550282277e-09,0.4992816704162441,2.6320519398807075e-09,0.0014041591461476227,9.805874310262393e-08,2.9238684013396224e-07
Random6065
Raw:1.0104241096782865e-05,2.122547334954194e-06,1.9873220007881028e-05,0.49928167041623345,6.935296550282327e-09,0.49928167041624766,2.632051939880726e-09,0.0014041591461476126,9.805874310262462e-08,2.9238684013396436e-07
EFT:1.0104241096782794e-05,2.122547334954209e-06,1.987322000788117e-05,0.499281670416237,6.935296550282277e-09,0.4992816704162441,2.6320519398807075e-09,0.0014041591461476227,9.805874310262393e-08,2.9238684013396224e-07
Random6066
Raw:1.0104241096782938e-05,2.122547334954209e-06,1.987322000788117e-05,0.499281670416237,6.935296550282277e-09,0.4992816704162441,2.632051939880745e-09,0.0014041591461476427,9.805874310262393e-08,2.9238684013396224e-07
EFT:1.0104241096782794e-05,2.122547334954209e-06,1.987322000788117e-05,0.499281670416237,6.935296550282277e-09,0.4992816704162441,2.6320519398807075e-09,0.0014041591461476227,9.805874310262393e-08,2.9238684013396224e-07
Random6067
Raw:1.0104241096782867e-05,2.122547334954224e-06,1.9873220007881028e-05,0.49928167041624055,6.935296550282326e-09,0.49928167041624055,2.6320519398807265e-09,0.0014041591461476128,9.805874310262462e-08,2.923868401339643e-07
EFT:1.0104241096782794e-05,2.122547334954209e-06,1.987322000788117e-05,0.499281670416237,6.935296550282277e-09,0.4992816704162441,2.6320519398807075e-09,0.0014041591461476227,9.805874310262393e-08,2.9238684013396224e-07
Random6068
Raw:1.0104241096782794e-05,2.122547334954209e-06,1.987322000788117e-05,0.499281670416237,6.9352965502821786e-09,0.4992816704162441,2.6320519398807075e-09,0.0014041591461476026,9.805874310262393e-08,2.9238684013396224e-07
EFT:1.0104241096782794e-05,2.122547334954209e-06,1.987322000788117e-05,0.499281670416237,6.935296550282277e-09,0.4992816704162441,2.6320519398807075e-09,0.0014041591461476227,9.805874310262393e-08,2.9238684013396224e-07
Random6069
Raw:1.0104241096782794e-05,2.122547334954209e-06,1.9873220007880885e-05,0.499281670416237,6.935296550282277e-09,0.4992816704162441,2.6320519398807075e-09,0.0014041591461476026,9.805874310262393e-08,2.9238684013396224e-07
EFT:1.0104241096782794e-05,2.122547334954209e-06,1.987322000788117e-05,0.499281670416237,6.935296550282277e-09,0.4992816704162441,2.6320519398807075e-09,0.0014041591461476227,9.805874310262393e-08,2.9238684013396224e-07
Random6070
Raw:1.0104241096782938e-05,2.122547334954239e-06,1.9873220007880885e-05,0.499281670416237,6.935296550282277e-09,0.4992816704162441,2.632051939880745e-09,0.0014041591461476227,9.805874310262532e-08,2.9238684013396224e-07
EFT:1.0104241096782794e-05,2.122547334954209e-06,1.987322000788117e-05,0.499281670416237,6.935296550282277e-09,0.4992816704162441,2.6320519398807075e-09,0.0014041591461476227,9.805874310262393e-08,2.9238684013396224e-07
Random6071
Raw:1.0104241096782938e-05,2.122547334954209e-06,1.9873220007880885e-05,0.499281670416237,6.935296550282277e-09,0.4992816704162441,2.632051939880745e-09,0.0014041591461476227,9.805874310262532e-08,2.9238684013396224e-07
EFT:1.0104241096782794e-05,2.122547334954209e-06,1.987322000788117e-05,0.499281670416237,6.935296550282277e-09,0.4992816704162441,2.6320519398807075e-09,0.0014041591461476227,9.805874310262393e-08,2.9238684013396224e-07
Random6072
Raw:1.0104241096782938e-05,2.122547334954239e-06,1.987322000788145e-05,0.499281670416237,6.935296550282277e-09,0.4992816704162441,2.632051939880745e-09,0.0014041591461476427,9.805874310262393e-08,2.9238684013396637e-07
EFT:1.0104241096782794e-05,2.122547334954209e-06,1.987322000788117e-05,0.499281670416237,6.935296550282277e-09,0.4992816704162441,2.6320519398807075e-09,0.0014041591461476227,9.805874310262393e-08,2.9238684013396224e-07
Random6073
Raw:1.0104241096782794e-05,2.122547334954209e-06,1.987322000788117e-05,0.499281670416237,6.9352965502821786e-09,0.4992816704162441,2.632051939880745e-09,0.0014041591461476227,9.805874310262254e-08,2.9238684013396224e-07
EFT:1.0104241096782794e-05,2.122547334954209e-06,1.987322000788117e-05,0.499281670416237,6.935296550282277e-09,0.4992816704162441,2.6320519398807075e-09,0.0014041591461476227,9.805874310262393e-08,2.9238684013396224e-07
Random6074
Raw:1.0104241096782938e-05,2.122547334954209e-06,1.987322000788117e-05,0.499281670416237,6.935296550282277e-09,0.4992816704162441,2.632051939880745e-09,0.0014041591461476227,9.805874310262532e-08,2.9238684013396224e-07
EFT:1.0104241096782794e-05,2.122547334954209e-06,1.987322000788117e-05,0.499281670416237,6.935296550282277e-09,0.4992816704162441,2.6320519398807075e-09,0.0014041591461476227,9.805874310262393e-08,2.9238684013396224e-07
Random6075
Raw:1.0104241096783009e-05,2.122547334954224e-06,1.987322000788131e-05,0.49928167041623345,6.935296550282327e-09,0.49928167041624766,2.6320519398807638e-09,0.0014041591461476327,9.805874310262601e-08,2.9238684013396436e-07
EFT:1.0104241096782794e-05,2.122547334954209e-06,1.987322000788117e-05,0.499281670416237,6.935296550282277e-09,0.4992816704162441,2.6320519398807075e-09,0.0014041591461476227,9.805874310262393e-08,2.9238684013396224e-07
Random6076
Raw:1.0104241096783009e-05,2.122547334954224e-06,1.987322000788131e-05,0.49928167041623345,6.935296550282327e-09,0.49928167041624766,2.6320519398807638e-09,0.0014041591461476327,9.805874310262462e-08,2.923868401339685e-07
EFT:1.0104241096782794e-05,2.122547334954209e-06,1.987322000788117e-05,0.499281670416237,6.935296550282277e-09,0.4992816704162441,2.6320519398807075e-09,0.0014041591461476227,9.805874310262393e-08,2.9238684013396224e-07
Random6077
Raw:1.0104241096782938e-05,2.122547334954239e-06,1.987322000788117e-05,0.499281670416237,6.9352965502823754e-09,0.4992816704162441,2.6320519398807824e-09,0.0014041591461476227,9.805874310262532e-08,2.9238684013396637e-07
EFT:1.0104241096782794e-05,2.122547334954209e-06,1.987322000788117e-05,0.499281670416237,6.935296550282277e-09,0.4992816704162441,2.6320519398807075e-09,0.0014041591461476227,9.805874310262393e-08,2.9238684013396224e-07
Random6078
Raw:1.0104241096783082e-05,2.122547334954239e-06,1.987322000788145e-05,0.499281670416237,6.935296550282475e-09,0.4992816704162441,2.6320519398807824e-09,0.0014041591461476427,9.805874310262532e-08,2.9238684013396637e-07
EFT:1.0104241096782794e-05,2.122547334954209e-06,1.987322000788117e-05,0.499281670416237,6.935296550282277e-09,0.4992816704162441,2.6320519398807075e-09,0.0014041591461476227,9.805874310262393e-08,2.9238684013396224e-07
Random6079
Raw:1.0104241096782867e-05,2.122547334954224e-06,1.987322000788131e-05,0.49928167041624055,6.935296550282326e-09,0.49928167041624055,2.6320519398807265e-09,0.0014041591461476327,9.805874310262462e-08,2.923868401339643e-07
EFT:1.0104241096782794e-05,2.122547334954209e-06,1.987322000788117e-05,0.499281670416237,6.935296550282277e-09,0.4992816704162441,2.6320519398807075e-09,0.0014041591461476227,9.805874310262393e-08,2.9238684013396224e-07
Random6080
Raw:1.0104241096782938e-05,2.122547334954209e-06,1.9873220007880885e-05,0.499281670416237,6.935296550282277e-09,0.4992816704162441,2.632051939880745e-09,0.0014041591461476227,9.805874310262393e-08,2.9238684013396224e-07
EFT:1.0104241096782794e-05,2.122547334954209e-06,1.987322000788117e-05,0.499281670416237,6.935296550282277e-09,0.4992816704162441,2.6320519398807075e-09,0.0014041591461476227,9.805874310262393e-08,2.9238684013396224e-07
Random6081
Raw:1.0104241096782938e-05,2.122547334954209e-06,1.9873220007880885e-05,0.499281670416237,6.935296550282277e-09,0.4992816704162441,2.632051939880745e-09,0.0014041591461476227,9.805874310262393e-08,2.9238684013396224e-07
EFT:1.0104241096782794e-05,2.122547334954209e-06,1.987322000788117e-05,0.499281670416237,6.935296550282277e-09,0.4992816704162441,2.6320519398807075e-09,0.0014041591461476227,9.805874310262393e-08,2.9238684013396224e-07
Random6082
Raw:1.0104241096782794e-05,2.122547334954239e-06,1.987322000788117e-05,0.4992816704162441,6.935296550282277e-09,0.499281670416237,2.6320519398807075e-09,0.0014041591461476427,9.805874310262393e-08,2.9238684013396224e-07
EFT:1.0104241096782794e-05,2.122547334954209e-06,1.987322000788117e-05,0.499281670416237,6.935296550282277e-09,0.4992816704162441,2.6320519398807075e-09,0.0014041591461476227,9.805874310262393e-08,2.9238684013396224e-07
Random6083
Raw:1.0104241096782938e-05,2.122547334954239e-06,1.9873220007880885e-05,0.499281670416237,6.935296550282277e-09,0.4992816704162441,2.632051939880745e-09,0.0014041591461476227,9.805874310262532e-08,2.9238684013396224e-07
EFT:1.0104241096782794e-05,2.122547334954209e-06,1.987322000788117e-05,0.499281670416237,6.935296550282277e-09,0.4992816704162441,2.6320519398807075e-09,0.0014041591461476227,9.805874310262393e-08,2.9238684013396224e-07
Random6084
Raw:1.0104241096782794e-05,2.122547334954209e-06,1.987322000788117e-05,0.499281670416237,6.935296550282277e-09,0.4992816704162441,2.6320519398807075e-09,0.0014041591461476227,9.805874310262393e-08,2.9238684013396224e-07
EFT:1.0104241096782794e-05,2.122547334954209e-06,1.987322000788117e-05,0.499281670416237,6.935296550282277e-09,0.4992816704162441,2.6320519398807075e-09,0.0014041591461476227,9.805874310262393e-08,2.9238684013396224e-07
Random6085
Raw:1.0104241096782723e-05,2.122547334954194e-06,1.9873220007881028e-05,0.49928167041624055,6.935296550282228e-09,0.49928167041624055,2.632051939880689e-09,0.0014041591461476128,9.805874310262184e-08,2.923868401339602e-07
EFT:1.0104241096782794e-05,2.122547334954209e-06,1.987322000788117e-05,0.499281670416237,6.935296550282277e-09,0.4992816704162441,2.6320519398807075e-09,0.0014041591461476227,9.805874310262393e-08,2.9238684013396224e-07
Random6086
Raw:1.0104241096782938e-05,2.122547334954209e-06,1.987322000788117e-05,0.499281670416237,6.9352965502823754e-09,0.4992816704162441,2.632051939880745e-09,0.0014041591461476227,9.805874310262532e-08,2.9238684013396637e-07
EFT:1.0104241096782794e-05,2.122547334954209e-06,1.987322000788117e-05,0.499281670416237,6.935296550282277e-09,0.4992816704162441,2.6320519398807075e-09,0.0014041591461476227,9.805874310262393e-08,2.9238684013396224e-07
Random6087
Raw:1.0104241096782938e-05,2.122547334954209e-06,1.987322000788117e-05,0.499281670416237,6.9352965502823754e-09,0.4992816704162441,2.6320519398807824e-09,0.0014041591461476227,9.805874310262532e-08,2.9238684013396637e-07
EFT:1.0104241096782794e-05,2.122547334954209e-06,1.987322000788117e-05,0.499281670416237,6.935296550282277e-09,0.4992816704162441,2.6320519398807075e-09,0.0014041591461476227,9.805874310262393e-08,2.9238684013396224e-07
Random6088
Raw:1.0104241096782794e-05,2.1225473349541788e-06,1.9873220007880885e-05,0.499281670416237,6.935296550282277e-09,0.4992816704162441,2.632051939880745e-09,0.0014041591461476026,9.805874310262254e-08,2.9238684013396224e-07
EFT:1.0104241096782794e-05,2.122547334954209e-06,1.987322000788117e-05,0.499281670416237,6.935296550282277e-09,0.4992816704162441,2.6320519398807075e-09,0.0014041591461476227,9.805874310262393e-08,2.9238684013396224e-07
Random6089
Raw:1.0104241096782938e-05,2.122547334954239e-06,1.987322000788117e-05,0.499281670416237,6.9352965502823754e-09,0.4992816704162441,2.6320519398807824e-09,0.0014041591461476227,9.805874310262532e-08,2.9238684013396637e-07
EFT:1.0104241096782794e-05,2.122547334954209e-06,1.987322000788117e-05,0.499281670416237,6.935296550282277e-09,0.4992816704162441,2.6320519398807075e-09,0.0014041591461476227,9.805874310262393e-08,2.9238684013396224e-07
Random6090
Raw:1.0104241096782867e-05,2.122547334954224e-06,1.987322000788131e-05,0.49928167041624055,6.935296550282326e-09,0.49928167041624055,2.6320519398807265e-09,0.0014041591461476128,9.805874310262462e-08,2.923868401339643e-07
EFT:1.0104241096782794e-05,2.122547334954209e-06,1.987322000788117e-05,0.499281670416237,6.935296550282277e-09,0.4992816704162441,2.6320519398807075e-09,0.0014041591461476227,9.805874310262393e-08,2.9238684013396224e-07
Random6091
Raw:1.0104241096782938e-05,2.122547334954239e-06,1.987322000788145e-05,0.499281670416237,6.935296550282277e-09,0.4992816704162441,2.632051939880745e-09,0.0014041591461476227,9.805874310262532e-08,2.9238684013396224e-07
EFT:1.0104241096782794e-05,2.122547334954209e-06,1.987322000788117e-05,0.499281670416237,6.935296550282277e-09,0.4992816704162441,2.6320519398807075e-09,0.0014041591461476227,9.805874310262393e-08,2.9238684013396224e-07
Random6092
Raw:1.0104241096782938e-05,2.122547334954239e-06,1.987322000788145e-05,0.499281670416237,6.935296550282277e-09,0.4992816704162441,2.632051939880745e-09,0.0014041591461476427,9.805874310262393e-08,2.9238684013396637e-07
EFT:1.0104241096782794e-05,2.122547334954209e-06,1.987322000788117e-05,0.499281670416237,6.935296550282277e-09,0.4992816704162441,2.6320519398807075e-09,0.0014041591461476227,9.805874310262393e-08,2.9238684013396224e-07
Random6093
Raw:1.0104241096782794e-05,2.122547334954209e-06,1.987322000788117e-05,0.499281670416237,6.9352965502821786e-09,0.4992816704162441,2.6320519398807075e-09,0.0014041591461476026,9.805874310262393e-08,2.9238684013396224e-07
EFT:1.0104241096782794e-05,2.122547334954209e-06,1.987322000788117e-05,0.499281670416237,6.935296550282277e-09,0.4992816704162441,2.6320519398807075e-09,0.0014041591461476227,9.805874310262393e-08,2.9238684013396224e-07
Random6094
Raw:1.0104241096782867e-05,2.122547334954224e-06,1.987322000788131e-05,0.49928167041624055,6.935296550282326e-09,0.49928167041624055,2.6320519398807265e-09,0.0014041591461476327,9.805874310262602e-08,2.923868401339643e-07
EFT:1.0104241096782794e-05,2.122547334954209e-06,1.987322000788117e-05,0.499281670416237,6.935296550282277e-09,0.4992816704162441,2.6320519398807075e-09,0.0014041591461476227,9.805874310262393e-08,2.9238684013396224e-07
Random6095
Raw:1.0104241096782723e-05,2.122547334954194e-06,1.9873220007881028e-05,0.49928167041624055,6.935296550282228e-09,0.49928167041624055,2.632051939880689e-09,0.0014041591461476128,9.805874310262184e-08,2.923868401339602e-07
EFT:1.0104241096782794e-05,2.122547334954209e-06,1.987322000788117e-05,0.499281670416237,6.935296550282277e-09,0.4992816704162441,2.6320519398807075e-09,0.0014041591461476227,9.805874310262393e-08,2.9238684013396224e-07
Random6096
Raw:1.0104241096782938e-05,2.122547334954209e-06,1.987322000788117e-05,0.499281670416237,6.9352965502823754e-09,0.4992816704162441,2.632051939880745e-09,0.0014041591461476227,9.805874310262393e-08,2.9238684013396637e-07
EFT:1.0104241096782794e-05,2.122547334954209e-06,1.987322000788117e-05,0.499281670416237,6.935296550282277e-09,0.4992816704162441,2.6320519398807075e-09,0.0014041591461476227,9.805874310262393e-08,2.9238684013396224e-07
Random6097
Raw:1.0104241096782865e-05,2.122547334954194e-06,1.9873220007881028e-05,0.49928167041623345,6.935296550282228e-09,0.49928167041624766,2.632051939880726e-09,0.0014041591461476126,9.805874310262462e-08,2.9238684013396436e-07
EFT:1.0104241096782794e-05,2.122547334954209e-06,1.987322000788117e-05,0.499281670416237,6.935296550282277e-09,0.4992816704162441,2.6320519398807075e-09,0.0014041591461476227,9.805874310262393e-08,2.9238684013396224e-07
Random6098
Raw:1.0104241096782794e-05,2.122547334954209e-06,1.9873220007880885e-05,0.499281670416237,6.935296550282277e-09,0.4992816704162441,2.6320519398807075e-09,0.0014041591461476026,9.805874310262393e-08,2.9238684013396224e-07
EFT:1.0104241096782794e-05,2.122547334954209e-06,1.987322000788117e-05,0.499281670416237,6.935296550282277e-09,0.4992816704162441,2.6320519398807075e-09,0.0014041591461476227,9.805874310262393e-08,2.9238684013396224e-07
Random6099
Raw:1.0104241096782938e-05,2.122547334954209e-06,1.987322000788117e-05,0.499281670416237,6.9352965502823754e-09,0.4992816704162441,2.6320519398807824e-09,0.0014041591461476227,9.805874310262532e-08,2.9238684013396637e-07
EFT:1.0104241096782794e-05,2.122547334954209e-06,1.987322000788117e-05,0.499281670416237,6.935296550282277e-09,0.4992816704162441,2.6320519398807075e-09,0.0014041591461476227,9.805874310262393e-08,2.9238684013396224e-07
Random6100
Raw:1.0104241096782938e-05,2.122547334954209e-06,1.987322000788117e-05,0.499281670416237,6.935296550282277e-09,0.4992816704162441,2.632051939880745e-09,0.0014041591461476227,9.805874310262532e-08,2.9238684013396224e-07
EFT:1.0104241096782794e-05,2.122547334954209e-06,1.987322000788117e-05,0.499281670416237,6.935296550282277e-09,0.4992816704162441,2.6320519398807075e-09,0.0014041591461476227,9.805874310262393e-08,2.9238684013396224e-07
Random6101
Raw:1.0104241096782867e-05,2.122547334954224e-06,1.9873220007881028e-05,0.49928167041624055,6.935296550282326e-09,0.49928167041624055,2.6320519398807265e-09,0.0014041591461476327,9.805874310262323e-08,2.923868401339643e-07
EFT:1.0104241096782794e-05,2.122547334954209e-06,1.987322000788117e-05,0.499281670416237,6.935296550282277e-09,0.4992816704162441,2.6320519398807075e-09,0.0014041591461476227,9.805874310262393e-08,2.9238684013396224e-07
Random6102
Raw:1.0104241096782867e-05,2.122547334954224e-06,1.987322000788131e-05,0.49928167041624055,6.935296550282326e-09,0.49928167041624055,2.6320519398807638e-09,0.0014041591461476327,9.805874310262462e-08,2.923868401339643e-07
EFT:1.0104241096782794e-05,2.122547334954209e-06,1.987322000788117e-05,0.499281670416237,6.935296550282277e-09,0.4992816704162441,2.6320519398807075e-09,0.0014041591461476227,9.805874310262393e-08,2.9238684013396224e-07
Random6103
Raw:1.0104241096782938e-05,2.122547334954239e-06,1.987322000788117e-05,0.499281670416237,6.935296550282277e-09,0.4992816704162441,2.632051939880745e-09,0.0014041591461476427,9.805874310262532e-08,2.9238684013396224e-07
EFT:1.0104241096782794e-05,2.122547334954209e-06,1.987322000788117e-05,0.499281670416237,6.935296550282277e-09,0.4992816704162441,2.6320519398807075e-09,0.0014041591461476227,9.805874310262393e-08,2.9238684013396224e-07
Random6104
Raw:1.0104241096782938e-05,2.122547334954209e-06,1.987322000788117e-05,0.499281670416237,6.935296550282277e-09,0.4992816704162441,2.632051939880745e-09,0.0014041591461476227,9.805874310262532e-08,2.9238684013396224e-07
EFT:1.0104241096782794e-05,2.122547334954209e-06,1.987322000788117e-05,0.499281670416237,6.935296550282277e-09,0.4992816704162441,2.6320519398807075e-09,0.0014041591461476227,9.805874310262393e-08,2.9238684013396224e-07
Random6105
Raw:1.0104241096782938e-05,2.122547334954209e-06,1.987322000788117e-05,0.499281670416237,6.9352965502823754e-09,0.4992816704162441,2.632051939880745e-09,0.0014041591461476227,9.805874310262393e-08,2.9238684013396637e-07
EFT:1.0104241096782794e-05,2.122547334954209e-06,1.987322000788117e-05,0.499281670416237,6.935296550282277e-09,0.4992816704162441,2.6320519398807075e-09,0.0014041591461476227,9.805874310262393e-08,2.9238684013396224e-07
Random6106
Raw:1.0104241096782938e-05,2.122547334954209e-06,1.987322000788117e-05,0.499281670416237,6.9352965502823754e-09,0.4992816704162441,2.632051939880745e-09,0.0014041591461476227,9.805874310262393e-08,2.9238684013396637e-07
EFT:1.0104241096782794e-05,2.122547334954209e-06,1.987322000788117e-05,0.499281670416237,6.935296550282277e-09,0.4992816704162441,2.6320519398807075e-09,0.0014041591461476227,9.805874310262393e-08,2.9238684013396224e-07
Random6107
Raw:1.0104241096782938e-05,2.122547334954209e-06,1.987322000788117e-05,0.499281670416237,6.935296550282277e-09,0.4992816704162441,2.632051939880745e-09,0.0014041591461476427,9.805874310262393e-08,2.9238684013396224e-07
EFT:1.0104241096782794e-05,2.122547334954209e-06,1.987322000788117e-05,0.499281670416237,6.935296550282277e-09,0.4992816704162441,2.6320519398807075e-09,0.0014041591461476227,9.805874310262393e-08,2.9238684013396224e-07
Random6108
Raw:1.0104241096782938e-05,2.122547334954239e-06,1.987322000788117e-05,0.499281670416237,6.935296550282277e-09,0.4992816704162441,2.632051939880745e-09,0.0014041591461476427,9.805874310262532e-08,2.9238684013396224e-07
EFT:1.0104241096782794e-05,2.122547334954209e-06,1.987322000788117e-05,0.499281670416237,6.935296550282277e-09,0.4992816704162441,2.6320519398807075e-09,0.0014041591461476227,9.805874310262393e-08,2.9238684013396224e-07
Random6109
Raw:1.0104241096782794e-05,2.122547334954209e-06,1.987322000788117e-05,0.499281670416237,6.935296550282277e-09,0.4992816704162441,2.6320519398807075e-09,0.0014041591461476026,9.805874310262393e-08,2.9238684013396224e-07
EFT:1.0104241096782794e-05,2.122547334954209e-06,1.987322000788117e-05,0.499281670416237,6.935296550282277e-09,0.4992816704162441,2.6320519398807075e-09,0.0014041591461476227,9.805874310262393e-08,2.9238684013396224e-07
Random6110
Raw:1.0104241096783009e-05,2.122547334954194e-06,1.9873220007881028e-05,0.49928167041623345,6.935296550282327e-09,0.49928167041624766,2.6320519398807638e-09,0.0014041591461476126,9.805874310262601e-08,2.9238684013396436e-07
EFT:1.0104241096782794e-05,2.122547334954209e-06,1.987322000788117e-05,0.499281670416237,6.935296550282277e-09,0.4992816704162441,2.6320519398807075e-09,0.0014041591461476227,9.805874310262393e-08,2.9238684013396224e-07
Random6111
Raw:1.0104241096782938e-05,2.122547334954209e-06,1.987322000788117e-05,0.499281670416237,6.935296550282277e-09,0.4992816704162441,2.632051939880745e-09,0.0014041591461476227,9.805874310262532e-08,2.9238684013396224e-07
EFT:1.0104241096782794e-05,2.122547334954209e-06,1.987322000788117e-05,0.499281670416237,6.935296550282277e-09,0.4992816704162441,2.6320519398807075e-09,0.0014041591461476227,9.805874310262393e-08,2.9238684013396224e-07
Random6112
Raw:1.0104241096782938e-05,2.122547334954209e-06,1.987322000788117e-05,0.499281670416237,6.935296550282277e-09,0.4992816704162441,2.632051939880745e-09,0.0014041591461476427,9.805874310262393e-08,2.9238684013396224e-07
EFT:1.0104241096782794e-05,2.122547334954209e-06,1.987322000788117e-05,0.499281670416237,6.935296550282277e-09,0.4992816704162441,2.6320519398807075e-09,0.0014041591461476227,9.805874310262393e-08,2.9238684013396224e-07
Random6113
Raw:1.0104241096782867e-05,2.122547334954194e-06,1.9873220007881028e-05,0.49928167041624055,6.935296550282326e-09,0.49928167041624055,2.6320519398807265e-09,0.0014041591461476128,9.805874310262323e-08,2.923868401339643e-07
EFT:1.0104241096782794e-05,2.122547334954209e-06,1.987322000788117e-05,0.499281670416237,6.935296550282277e-09,0.4992816704162441,2.6320519398807075e-09,0.0014041591461476227,9.805874310262393e-08,2.9238684013396224e-07
Random6114
Raw:1.0104241096782867e-05,2.122547334954224e-06,1.9873220007881028e-05,0.49928167041624055,6.935296550282326e-09,0.49928167041624055,2.6320519398807265e-09,0.0014041591461476327,9.805874310262323e-08,2.923868401339643e-07
EFT:1.0104241096782794e-05,2.122547334954209e-06,1.987322000788117e-05,0.499281670416237,6.935296550282277e-09,0.4992816704162441,2.6320519398807075e-09,0.0014041591461476227,9.805874310262393e-08,2.9238684013396224e-07
Random6115
Raw:1.0104241096782867e-05,2.122547334954224e-06,1.987322000788131e-05,0.49928167041624055,6.935296550282326e-09,0.49928167041624055,2.6320519398807638e-09,0.0014041591461476128,9.805874310262462e-08,2.923868401339643e-07
EFT:1.0104241096782794e-05,2.122547334954209e-06,1.987322000788117e-05,0.499281670416237,6.935296550282277e-09,0.4992816704162441,2.6320519398807075e-09,0.0014041591461476227,9.805874310262393e-08,2.9238684013396224e-07
Random6116
Raw:1.0104241096782867e-05,2.122547334954224e-06,1.987322000788131e-05,0.49928167041624055,6.935296550282326e-09,0.49928167041624055,2.6320519398807265e-09,0.0014041591461476128,9.805874310262462e-08,2.923868401339643e-07
EFT:1.0104241096782794e-05,2.122547334954209e-06,1.987322000788117e-05,0.499281670416237,6.935296550282277e-09,0.4992816704162441,2.6320519398807075e-09,0.0014041591461476227,9.805874310262393e-08,2.9238684013396224e-07
Random6117
Raw:1.0104241096782867e-05,2.122547334954224e-06,1.987322000788131e-05,0.49928167041624055,6.935296550282326e-09,0.49928167041624055,2.6320519398807265e-09,0.0014041591461476327,9.805874310262323e-08,2.923868401339643e-07
EFT:1.0104241096782794e-05,2.122547334954209e-06,1.987322000788117e-05,0.499281670416237,6.935296550282277e-09,0.4992816704162441,2.6320519398807075e-09,0.0014041591461476227,9.805874310262393e-08,2.9238684013396224e-07
Random6118
Raw:1.0104241096782938e-05,2.122547334954209e-06,1.987322000788117e-05,0.499281670416237,6.9352965502823754e-09,0.4992816704162441,2.632051939880745e-09,0.0014041591461476227,9.805874310262393e-08,2.9238684013396637e-07
EFT:1.0104241096782794e-05,2.122547334954209e-06,1.987322000788117e-05,0.499281670416237,6.935296550282277e-09,0.4992816704162441,2.6320519398807075e-09,0.0014041591461476227,9.805874310262393e-08,2.9238684013396224e-07
Random6119
Raw:1.0104241096782867e-05,2.122547334954224e-06,1.9873220007881028e-05,0.49928167041624055,6.935296550282228e-09,0.49928167041624055,2.632051939880689e-09,0.0014041591461476327,9.805874310262462e-08,2.923868401339602e-07
EFT:1.0104241096782794e-05,2.122547334954209e-06,1.987322000788117e-05,0.499281670416237,6.935296550282277e-09,0.4992816704162441,2.6320519398807075e-09,0.0014041591461476227,9.805874310262393e-08,2.9238684013396224e-07
Random6120
Raw:1.0104241096782867e-05,2.122547334954224e-06,1.9873220007881028e-05,0.49928167041624055,6.935296550282326e-09,0.49928167041624055,2.6320519398807265e-09,0.0014041591461476327,9.805874310262602e-08,2.923868401339643e-07
EFT:1.0104241096782794e-05,2.122547334954209e-06,1.987322000788117e-05,0.499281670416237,6.935296550282277e-09,0.4992816704162441,2.6320519398807075e-09,0.0014041591461476227,9.805874310262393e-08,2.9238684013396224e-07
Random6121
Raw:1.0104241096782938e-05,2.122547334954209e-06,1.987322000788117e-05,0.499281670416237,6.9352965502823754e-09,0.4992816704162441,2.632051939880745e-09,0.0014041591461476227,9.805874310262393e-08,2.9238684013396637e-07
EFT:1.0104241096782794e-05,2.122547334954209e-06,1.987322000788117e-05,0.499281670416237,6.935296550282277e-09,0.4992816704162441,2.6320519398807075e-09,0.0014041591461476227,9.805874310262393e-08,2.9238684013396224e-07
Random6122
Raw:1.0104241096783009e-05,2.122547334954224e-06,1.987322000788131e-05,0.49928167041623345,6.935296550282327e-09,0.49928167041624766,2.6320519398807638e-09,0.0014041591461476327,9.805874310262462e-08,2.923868401339685e-07
EFT:1.0104241096782794e-05,2.122547334954209e-06,1.987322000788117e-05,0.499281670416237,6.935296550282277e-09,0.4992816704162441,2.6320519398807075e-09,0.0014041591461476227,9.805874310262393e-08,2.9238684013396224e-07
Random6123
Raw:1.0104241096782938e-05,2.122547334954209e-06,1.987322000788117e-05,0.499281670416237,6.935296550282277e-09,0.4992816704162441,2.632051939880745e-09,0.0014041591461476427,9.805874310262393e-08,2.9238684013396224e-07
EFT:1.0104241096782794e-05,2.122547334954209e-06,1.987322000788117e-05,0.499281670416237,6.935296550282277e-09,0.4992816704162441,2.6320519398807075e-09,0.0014041591461476227,9.805874310262393e-08,2.9238684013396224e-07
Random6124
Raw:1.0104241096783009e-05,2.122547334954224e-06,1.9873220007881028e-05,0.49928167041623345,6.935296550282327e-09,0.49928167041624766,2.6320519398807638e-09,0.0014041591461476327,9.805874310262601e-08,2.9238684013396436e-07
EFT:1.0104241096782794e-05,2.122547334954209e-06,1.987322000788117e-05,0.499281670416237,6.935296550282277e-09,0.4992816704162441,2.6320519398807075e-09,0.0014041591461476227,9.805874310262393e-08,2.9238684013396224e-07
Random6125
Raw:1.0104241096782938e-05,2.122547334954239e-06,1.987322000788117e-05,0.499281670416237,6.9352965502823754e-09,0.4992816704162441,2.6320519398807824e-09,0.0014041591461476227,9.805874310262532e-08,2.9238684013396637e-07
EFT:1.0104241096782794e-05,2.122547334954209e-06,1.987322000788117e-05,0.499281670416237,6.935296550282277e-09,0.4992816704162441,2.6320519398807075e-09,0.0014041591461476227,9.805874310262393e-08,2.9238684013396224e-07
Random6126
Raw:1.0104241096782938e-05,2.1225473349541788e-06,1.9873220007880885e-05,0.499281670416237,6.935296550282277e-09,0.4992816704162441,2.632051939880745e-09,0.0014041591461476026,9.805874310262532e-08,2.9238684013396224e-07
EFT:1.0104241096782794e-05,2.122547334954209e-06,1.987322000788117e-05,0.499281670416237,6.935296550282277e-09,0.4992816704162441,2.6320519398807075e-09,0.0014041591461476227,9.805874310262393e-08,2.9238684013396224e-07
Random6127
Raw:1.0104241096782867e-05,2.122547334954224e-06,1.987322000788131e-05,0.49928167041624055,6.935296550282326e-09,0.49928167041624055,2.6320519398807265e-09,0.0014041591461476327,9.805874310262323e-08,2.923868401339643e-07
EFT:1.0104241096782794e-05,2.122547334954209e-06,1.987322000788117e-05,0.499281670416237,6.935296550282277e-09,0.4992816704162441,2.6320519398807075e-09,0.0014041591461476227,9.805874310262393e-08,2.9238684013396224e-07
Random6128
Raw:1.0104241096782867e-05,2.122547334954224e-06,1.987322000788131e-05,0.49928167041624055,6.935296550282326e-09,0.49928167041624055,2.6320519398807265e-09,0.0014041591461476128,9.805874310262462e-08,2.923868401339643e-07
EFT:1.0104241096782794e-05,2.122547334954209e-06,1.987322000788117e-05,0.499281670416237,6.935296550282277e-09,0.4992816704162441,2.6320519398807075e-09,0.0014041591461476227,9.805874310262393e-08,2.9238684013396224e-07
Random6129
Raw:1.0104241096783009e-05,2.122547334954224e-06,1.987322000788131e-05,0.49928167041623345,6.935296550282327e-09,0.49928167041624766,2.6320519398807638e-09,0.0014041591461476327,9.805874310262462e-08,2.923868401339685e-07
EFT:1.0104241096782794e-05,2.122547334954209e-06,1.987322000788117e-05,0.499281670416237,6.935296550282277e-09,0.4992816704162441,2.6320519398807075e-09,0.0014041591461476227,9.805874310262393e-08,2.9238684013396224e-07
Random6130
Raw:1.0104241096782938e-05,2.122547334954209e-06,1.9873220007880885e-05,0.499281670416237,6.935296550282277e-09,0.4992816704162441,2.632051939880745e-09,0.0014041591461476227,9.805874310262532e-08,2.9238684013396224e-07
EFT:1.0104241096782794e-05,2.122547334954209e-06,1.987322000788117e-05,0.499281670416237,6.935296550282277e-09,0.4992816704162441,2.6320519398807075e-09,0.0014041591461476227,9.805874310262393e-08,2.9238684013396224e-07
Random6131
Raw:1.0104241096782938e-05,2.1225473349541788e-06,1.9873220007880885e-05,0.4992816704162299,6.935296550282277e-09,0.49928167041625116,2.632051939880745e-09,0.0014041591461476225,9.805874310262253e-08,2.9238684013396224e-07
EFT:1.0104241096782794e-05,2.122547334954209e-06,1.987322000788117e-05,0.499281670416237,6.935296550282277e-09,0.4992816704162441,2.6320519398807075e-09,0.0014041591461476227,9.805874310262393e-08,2.9238684013396224e-07
Random6132
Raw:1.0104241096782938e-05,2.122547334954209e-06,1.9873220007880885e-05,0.499281670416237,6.935296550282277e-09,0.4992816704162441,2.632051939880745e-09,0.0014041591461476227,9.805874310262532e-08,2.9238684013396224e-07
EFT:1.0104241096782794e-05,2.122547334954209e-06,1.987322000788117e-05,0.499281670416237,6.935296550282277e-09,0.4992816704162441,2.6320519398807075e-09,0.0014041591461476227,9.805874310262393e-08,2.9238684013396224e-07
Random6133
Raw:1.0104241096782938e-05,2.122547334954209e-06,1.987322000788117e-05,0.499281670416237,6.935296550282277e-09,0.4992816704162441,2.632051939880745e-09,0.0014041591461476227,9.805874310262532e-08,2.9238684013396224e-07
EFT:1.0104241096782794e-05,2.122547334954209e-06,1.987322000788117e-05,0.499281670416237,6.935296550282277e-09,0.4992816704162441,2.6320519398807075e-09,0.0014041591461476227,9.805874310262393e-08,2.9238684013396224e-07
Random6134
Raw:1.0104241096782794e-05,2.122547334954209e-06,1.987322000788117e-05,0.499281670416237,6.935296550282277e-09,0.4992816704162441,2.6320519398807075e-09,0.0014041591461476026,9.805874310262393e-08,2.9238684013396224e-07
EFT:1.0104241096782794e-05,2.122547334954209e-06,1.987322000788117e-05,0.499281670416237,6.935296550282277e-09,0.4992816704162441,2.6320519398807075e-09,0.0014041591461476227,9.805874310262393e-08,2.9238684013396224e-07
Random6135
Raw:1.0104241096782794e-05,2.122547334954209e-06,1.987322000788117e-05,0.499281670416237,6.9352965502821786e-09,0.4992816704162441,2.6320519398807075e-09,0.0014041591461476227,9.805874310262393e-08,2.9238684013396224e-07
EFT:1.0104241096782794e-05,2.122547334954209e-06,1.987322000788117e-05,0.499281670416237,6.935296550282277e-09,0.4992816704162441,2.6320519398807075e-09,0.0014041591461476227,9.805874310262393e-08,2.9238684013396224e-07
Random6136
Raw:1.0104241096782867e-05,2.122547334954224e-06,1.987322000788131e-05,0.49928167041624055,6.935296550282326e-09,0.49928167041624055,2.6320519398807265e-09,0.0014041591461476327,9.805874310262602e-08,2.923868401339643e-07
EFT:1.0104241096782794e-05,2.122547334954209e-06,1.987322000788117e-05,0.499281670416237,6.935296550282277e-09,0.4992816704162441,2.6320519398807075e-09,0.0014041591461476227,9.805874310262393e-08,2.9238684013396224e-07
Random6137
Raw:1.0104241096782794e-05,2.122547334954209e-06,1.9873220007880885e-05,0.499281670416237,6.9352965502821786e-09,0.4992816704162441,2.6320519398807075e-09,0.0014041591461476026,9.805874310262393e-08,2.9238684013396224e-07
EFT:1.0104241096782794e-05,2.122547334954209e-06,1.987322000788117e-05,0.499281670416237,6.935296550282277e-09,0.4992816704162441,2.6320519398807075e-09,0.0014041591461476227,9.805874310262393e-08,2.9238684013396224e-07
Random6138
Raw:1.0104241096782938e-05,2.122547334954209e-06,1.987322000788117e-05,0.499281670416237,6.9352965502823754e-09,0.4992816704162441,2.632051939880745e-09,0.0014041591461476227,9.805874310262532e-08,2.9238684013396637e-07
EFT:1.0104241096782794e-05,2.122547334954209e-06,1.987322000788117e-05,0.499281670416237,6.935296550282277e-09,0.4992816704162441,2.6320519398807075e-09,0.0014041591461476227,9.805874310262393e-08,2.9238684013396224e-07
Random6139
Raw:1.0104241096782867e-05,2.122547334954224e-06,1.987322000788131e-05,0.49928167041624055,6.935296550282326e-09,0.49928167041624055,2.6320519398807265e-09,0.0014041591461476327,9.805874310262462e-08,2.923868401339643e-07
EFT:1.0104241096782794e-05,2.122547334954209e-06,1.987322000788117e-05,0.499281670416237,6.935296550282277e-09,0.4992816704162441,2.6320519398807075e-09,0.0014041591461476227,9.805874310262393e-08,2.9238684013396224e-07
Random6140
Raw:1.0104241096782938e-05,2.122547334954209e-06,1.987322000788117e-05,0.499281670416237,6.935296550282277e-09,0.4992816704162441,2.632051939880745e-09,0.0014041591461476227,9.805874310262532e-08,2.9238684013396224e-07
EFT:1.0104241096782794e-05,2.122547334954209e-06,1.987322000788117e-05,0.499281670416237,6.935296550282277e-09,0.4992816704162441,2.6320519398807075e-09,0.0014041591461476227,9.805874310262393e-08,2.9238684013396224e-07
Random6141
Raw:1.0104241096782938e-05,2.122547334954239e-06,1.987322000788145e-05,0.499281670416237,6.935296550282277e-09,0.4992816704162441,2.632051939880745e-09,0.0014041591461476427,9.805874310262393e-08,2.9238684013396637e-07
EFT:1.0104241096782794e-05,2.122547334954209e-06,1.987322000788117e-05,0.499281670416237,6.935296550282277e-09,0.4992816704162441,2.6320519398807075e-09,0.0014041591461476227,9.805874310262393e-08,2.9238684013396224e-07
Random6142
Raw:1.0104241096782938e-05,2.122547334954209e-06,1.987322000788117e-05,0.499281670416237,6.9352965502823754e-09,0.4992816704162441,2.632051939880745e-09,0.0014041591461476227,9.805874310262393e-08,2.9238684013396637e-07
EFT:1.0104241096782794e-05,2.122547334954209e-06,1.987322000788117e-05,0.499281670416237,6.935296550282277e-09,0.4992816704162441,2.6320519398807075e-09,0.0014041591461476227,9.805874310262393e-08,2.9238684013396224e-07
Random6143
Raw:1.0104241096782938e-05,2.122547334954209e-06,1.987322000788117e-05,0.499281670416237,6.935296550282277e-09,0.4992816704162441,2.632051939880745e-09,0.0014041591461476427,9.805874310262393e-08,2.9238684013396224e-07
EFT:1.0104241096782794e-05,2.122547334954209e-06,1.987322000788117e-05,0.499281670416237,6.935296550282277e-09,0.4992816704162441,2.6320519398807075e-09,0.0014041591461476227,9.805874310262393e-08,2.9238684013396224e-07
Random6144
Raw:1.0104241096782867e-05,2.122547334954194e-06,1.9873220007881028e-05,0.49928167041624055,6.935296550282326e-09,0.49928167041624055,2.6320519398807265e-09,0.0014041591461476128,9.805874310262602e-08,2.923868401339643e-07
EFT:1.0104241096782794e-05,2.122547334954209e-06,1.987322000788117e-05,0.499281670416237,6.935296550282277e-09,0.4992816704162441,2.6320519398807075e-09,0.0014041591461476227,9.805874310262393e-08,2.9238684013396224e-07
Random6145
Raw:1.0104241096782938e-05,2.122547334954209e-06,1.987322000788117e-05,0.499281670416237,6.9352965502823754e-09,0.4992816704162441,2.6320519398807824e-09,0.0014041591461476227,9.805874310262532e-08,2.9238684013396637e-07
EFT:1.0104241096782794e-05,2.122547334954209e-06,1.987322000788117e-05,0.499281670416237,6.935296550282277e-09,0.4992816704162441,2.6320519398807075e-09,0.0014041591461476227,9.805874310262393e-08,2.9238684013396224e-07
Random6146
Raw:1.0104241096782938e-05,2.122547334954209e-06,1.987322000788117e-05,0.499281670416237,6.935296550282277e-09,0.4992816704162441,2.632051939880745e-09,0.0014041591461476427,9.805874310262393e-08,2.9238684013396224e-07
EFT:1.0104241096782794e-05,2.122547334954209e-06,1.987322000788117e-05,0.499281670416237,6.935296550282277e-09,0.4992816704162441,2.6320519398807075e-09,0.0014041591461476227,9.805874310262393e-08,2.9238684013396224e-07
Random6147
Raw:1.0104241096782938e-05,2.122547334954239e-06,1.987322000788117e-05,0.499281670416237,6.935296550282277e-09,0.4992816704162441,2.632051939880745e-09,0.0014041591461476427,9.805874310262532e-08,2.9238684013396224e-07
EFT:1.0104241096782794e-05,2.122547334954209e-06,1.987322000788117e-05,0.499281670416237,6.935296550282277e-09,0.4992816704162441,2.6320519398807075e-09,0.0014041591461476227,9.805874310262393e-08,2.9238684013396224e-07
Random6148
Raw:1.0104241096782938e-05,2.122547334954239e-06,1.987322000788145e-05,0.499281670416237,6.935296550282277e-09,0.4992816704162441,2.632051939880745e-09,0.0014041591461476427,9.805874310262393e-08,2.9238684013396637e-07
EFT:1.0104241096782794e-05,2.122547334954209e-06,1.987322000788117e-05,0.499281670416237,6.935296550282277e-09,0.4992816704162441,2.6320519398807075e-09,0.0014041591461476227,9.805874310262393e-08,2.9238684013396224e-07
Random6149
Raw:1.0104241096782794e-05,2.122547334954209e-06,1.987322000788117e-05,0.4992816704162441,6.935296550282277e-09,0.499281670416237,2.63205193988067e-09,0.0014041591461476227,9.805874310262254e-08,2.9238684013396224e-07
EFT:1.0104241096782794e-05,2.122547334954209e-06,1.987322000788117e-05,0.499281670416237,6.935296550282277e-09,0.4992816704162441,2.6320519398807075e-09,0.0014041591461476227,9.805874310262393e-08,2.9238684013396224e-07
Random6150
Raw:1.0104241096782867e-05,2.122547334954224e-06,1.9873220007881028e-05,0.49928167041624055,6.935296550282326e-09,0.49928167041624055,2.6320519398807265e-09,0.0014041591461476327,9.805874310262602e-08,2.923868401339643e-07
EFT:1.0104241096782794e-05,2.122547334954209e-06,1.987322000788117e-05,0.499281670416237,6.935296550282277e-09,0.4992816704162441,2.6320519398807075e-09,0.0014041591461476227,9.805874310262393e-08,2.9238684013396224e-07
Random6151
Raw:1.0104241096782867e-05,2.122547334954194e-06,1.9873220007881028e-05,0.49928167041624055,6.935296550282326e-09,0.49928167041624055,2.6320519398807265e-09,0.0014041591461476128,9.805874310262602e-08,2.923868401339643e-07
EFT:1.0104241096782794e-05,2.122547334954209e-06,1.987322000788117e-05,0.499281670416237,6.935296550282277e-09,0.4992816704162441,2.6320519398807075e-09,0.0014041591461476227,9.805874310262393e-08,2.9238684013396224e-07
Random6152
Raw:1.0104241096782867e-05,2.122547334954224e-06,1.9873220007881028e-05,0.49928167041624055,6.935296550282326e-09,0.49928167041624055,2.6320519398807638e-09,0.0014041591461476128,9.805874310262462e-08,2.923868401339643e-07
EFT:1.0104241096782794e-05,2.122547334954209e-06,1.987322000788117e-05,0.499281670416237,6.935296550282277e-09,0.4992816704162441,2.6320519398807075e-09,0.0014041591461476227,9.805874310262393e-08,2.9238684013396224e-07
Random6153
Raw:1.0104241096782865e-05,2.122547334954194e-06,1.9873220007881028e-05,0.49928167041623345,6.935296550282327e-09,0.49928167041624766,2.632051939880726e-09,0.0014041591461476126,9.805874310262462e-08,2.9238684013396436e-07
EFT:1.0104241096782794e-05,2.122547334954209e-06,1.987322000788117e-05,0.499281670416237,6.935296550282277e-09,0.4992816704162441,2.6320519398807075e-09,0.0014041591461476227,9.805874310262393e-08,2.9238684013396224e-07
Random6154
Raw:1.0104241096782794e-05,2.122547334954209e-06,1.987322000788117e-05,0.499281670416237,6.9352965502821786e-09,0.4992816704162441,2.6320519398807075e-09,0.0014041591461476227,9.805874310262393e-08,2.9238684013396224e-07
EFT:1.0104241096782794e-05,2.122547334954209e-06,1.987322000788117e-05,0.499281670416237,6.935296550282277e-09,0.4992816704162441,2.6320519398807075e-09,0.0014041591461476227,9.805874310262393e-08,2.9238684013396224e-07
Random6155
Raw:1.0104241096782938e-05,2.1225473349541788e-06,1.9873220007880885e-05,0.499281670416237,6.935296550282277e-09,0.4992816704162441,2.632051939880745e-09,0.0014041591461476026,9.805874310262532e-08,2.9238684013396224e-07
EFT:1.0104241096782794e-05,2.122547334954209e-06,1.987322000788117e-05,0.499281670416237,6.935296550282277e-09,0.4992816704162441,2.6320519398807075e-09,0.0014041591461476227,9.805874310262393e-08,2.9238684013396224e-07
Random6156
Raw:1.0104241096782865e-05,2.122547334954194e-06,1.9873220007881028e-05,0.49928167041623345,6.935296550282228e-09,0.49928167041624766,2.6320519398807638e-09,0.0014041591461476126,9.805874310262324e-08,2.9238684013396436e-07
EFT:1.0104241096782794e-05,2.122547334954209e-06,1.987322000788117e-05,0.499281670416237,6.935296550282277e-09,0.4992816704162441,2.6320519398807075e-09,0.0014041591461476227,9.805874310262393e-08,2.9238684013396224e-07
Random6157
Raw:1.0104241096782938e-05,2.122547334954239e-06,1.987322000788145e-05,0.499281670416237,6.935296550282277e-09,0.4992816704162441,2.632051939880745e-09,0.0014041591461476227,9.805874310262532e-08,2.9238684013396224e-07
EFT:1.0104241096782794e-05,2.122547334954209e-06,1.987322000788117e-05,0.499281670416237,6.935296550282277e-09,0.4992816704162441,2.6320519398807075e-09,0.0014041591461476227,9.805874310262393e-08,2.9238684013396224e-07
Random6158
Raw:1.0104241096782867e-05,2.122547334954224e-06,1.987322000788131e-05,0.49928167041624055,6.935296550282326e-09,0.49928167041624055,2.6320519398807265e-09,0.0014041591461476327,9.805874310262462e-08,2.923868401339643e-07
EFT:1.0104241096782794e-05,2.122547334954209e-06,1.987322000788117e-05,0.499281670416237,6.935296550282277e-09,0.4992816704162441,2.6320519398807075e-09,0.0014041591461476227,9.805874310262393e-08,2.9238684013396224e-07
Random6159
Raw:1.0104241096782794e-05,2.122547334954209e-06,1.987322000788117e-05,0.499281670416237,6.935296550282277e-09,0.4992816704162441,2.6320519398807075e-09,0.0014041591461476227,9.805874310262393e-08,2.9238684013396224e-07
EFT:1.0104241096782794e-05,2.122547334954209e-06,1.987322000788117e-05,0.499281670416237,6.935296550282277e-09,0.4992816704162441,2.6320519398807075e-09,0.0014041591461476227,9.805874310262393e-08,2.9238684013396224e-07
Random6160
Raw:1.0104241096782938e-05,2.122547334954209e-06,1.987322000788117e-05,0.499281670416237,6.935296550282277e-09,0.4992816704162441,2.632051939880745e-09,0.0014041591461476427,9.805874310262393e-08,2.9238684013396224e-07
EFT:1.0104241096782794e-05,2.122547334954209e-06,1.987322000788117e-05,0.499281670416237,6.935296550282277e-09,0.4992816704162441,2.6320519398807075e-09,0.0014041591461476227,9.805874310262393e-08,2.9238684013396224e-07
Random6161
Raw:1.0104241096782938e-05,2.122547334954209e-06,1.987322000788117e-05,0.499281670416237,6.9352965502823754e-09,0.4992816704162441,2.6320519398807824e-09,0.0014041591461476227,9.805874310262532e-08,2.9238684013396637e-07
EFT:1.0104241096782794e-05,2.122547334954209e-06,1.987322000788117e-05,0.499281670416237,6.935296550282277e-09,0.4992816704162441,2.6320519398807075e-09,0.0014041591461476227,9.805874310262393e-08,2.9238684013396224e-07
Random6162
Raw:1.0104241096782938e-05,2.122547334954209e-06,1.987322000788117e-05,0.499281670416237,6.935296550282277e-09,0.4992816704162441,2.632051939880745e-09,0.0014041591461476227,9.805874310262532e-08,2.9238684013396224e-07
EFT:1.0104241096782794e-05,2.122547334954209e-06,1.987322000788117e-05,0.499281670416237,6.935296550282277e-09,0.4992816704162441,2.6320519398807075e-09,0.0014041591461476227,9.805874310262393e-08,2.9238684013396224e-07
Random6163
Raw:1.0104241096782938e-05,2.1225473349541788e-06,1.9873220007880885e-05,0.499281670416237,6.935296550282277e-09,0.4992816704162441,2.632051939880745e-09,0.0014041591461476026,9.805874310262532e-08,2.9238684013396224e-07
EFT:1.0104241096782794e-05,2.122547334954209e-06,1.987322000788117e-05,0.499281670416237,6.935296550282277e-09,0.4992816704162441,2.6320519398807075e-09,0.0014041591461476227,9.805874310262393e-08,2.9238684013396224e-07
Random6164
Raw:1.0104241096783009e-05,2.122547334954224e-06,1.987322000788131e-05,0.49928167041623345,6.935296550282424e-09,0.49928167041624766,2.632051939880801e-09,0.0014041591461476126,9.805874310262462e-08,2.923868401339685e-07
EFT:1.0104241096782794e-05,2.122547334954209e-06,1.987322000788117e-05,0.499281670416237,6.935296550282277e-09,0.4992816704162441,2.6320519398807075e-09,0.0014041591461476227,9.805874310262393e-08,2.9238684013396224e-07
Random6165
Raw:1.0104241096783009e-05,2.122547334954224e-06,1.987322000788131e-05,0.49928167041623345,6.935296550282424e-09,0.49928167041624766,2.6320519398807638e-09,0.0014041591461476327,9.805874310262601e-08,2.923868401339685e-07
EFT:1.0104241096782794e-05,2.122547334954209e-06,1.987322000788117e-05,0.499281670416237,6.935296550282277e-09,0.4992816704162441,2.6320519398807075e-09,0.0014041591461476227,9.805874310262393e-08,2.9238684013396224e-07
Random6166
Raw:1.0104241096783009e-05,2.122547334954194e-06,1.9873220007881028e-05,0.49928167041623345,6.935296550282327e-09,0.49928167041624766,2.6320519398807638e-09,0.0014041591461476126,9.805874310262601e-08,2.9238684013396436e-07
EFT:1.0104241096782794e-05,2.122547334954209e-06,1.987322000788117e-05,0.499281670416237,6.935296550282277e-09,0.4992816704162441,2.6320519398807075e-09,0.0014041591461476227,9.805874310262393e-08,2.9238684013396224e-07
Random6167
Raw:1.0104241096782867e-05,2.122547334954194e-06,1.9873220007881028e-05,0.49928167041624055,6.935296550282228e-09,0.49928167041624055,2.632051939880689e-09,0.0014041591461476128,9.805874310262462e-08,2.923868401339602e-07
EFT:1.0104241096782794e-05,2.122547334954209e-06,1.987322000788117e-05,0.499281670416237,6.935296550282277e-09,0.4992816704162441,2.6320519398807075e-09,0.0014041591461476227,9.805874310262393e-08,2.9238684013396224e-07
Random6168
Raw:1.0104241096782938e-05,2.122547334954209e-06,1.987322000788117e-05,0.499281670416237,6.935296550282277e-09,0.4992816704162441,2.632051939880745e-09,0.0014041591461476427,9.805874310262393e-08,2.9238684013396224e-07
EFT:1.0104241096782794e-05,2.122547334954209e-06,1.987322000788117e-05,0.499281670416237,6.935296550282277e-09,0.4992816704162441,2.6320519398807075e-09,0.0014041591461476227,9.805874310262393e-08,2.9238684013396224e-07
Random6169
Raw:1.0104241096782938e-05,2.122547334954209e-06,1.9873220007880885e-05,0.499281670416237,6.935296550282277e-09,0.4992816704162441,2.632051939880745e-09,0.0014041591461476227,9.805874310262393e-08,2.9238684013396224e-07
EFT:1.0104241096782794e-05,2.122547334954209e-06,1.987322000788117e-05,0.499281670416237,6.935296550282277e-09,0.4992816704162441,2.6320519398807075e-09,0.0014041591461476227,9.805874310262393e-08,2.9238684013396224e-07
Random6170
Raw:1.0104241096782867e-05,2.122547334954224e-06,1.987322000788131e-05,0.49928167041624055,6.935296550282326e-09,0.49928167041624055,2.6320519398807265e-09,0.0014041591461476327,9.805874310262462e-08,2.923868401339643e-07
EFT:1.0104241096782794e-05,2.122547334954209e-06,1.987322000788117e-05,0.499281670416237,6.935296550282277e-09,0.4992816704162441,2.6320519398807075e-09,0.0014041591461476227,9.805874310262393e-08,2.9238684013396224e-07
Random6171
Raw:1.0104241096782938e-05,2.122547334954239e-06,1.987322000788117e-05,0.499281670416237,6.935296550282277e-09,0.4992816704162441,2.632051939880745e-09,0.0014041591461476427,9.805874310262532e-08,2.9238684013396224e-07
EFT:1.0104241096782794e-05,2.122547334954209e-06,1.987322000788117e-05,0.499281670416237,6.935296550282277e-09,0.4992816704162441,2.6320519398807075e-09,0.0014041591461476227,9.805874310262393e-08,2.9238684013396224e-07
Random6172
Raw:1.0104241096782938e-05,2.122547334954209e-06,1.987322000788117e-05,0.499281670416237,6.9352965502823754e-09,0.4992816704162441,2.632051939880745e-09,0.0014041591461476227,9.805874310262532e-08,2.9238684013396637e-07
EFT:1.0104241096782794e-05,2.122547334954209e-06,1.987322000788117e-05,0.499281670416237,6.935296550282277e-09,0.4992816704162441,2.6320519398807075e-09,0.0014041591461476227,9.805874310262393e-08,2.9238684013396224e-07
Random6173
Raw:1.0104241096782938e-05,2.122547334954239e-06,1.987322000788117e-05,0.499281670416237,6.935296550282277e-09,0.4992816704162441,2.632051939880745e-09,0.0014041591461476427,9.805874310262532e-08,2.9238684013396224e-07
EFT:1.0104241096782794e-05,2.122547334954209e-06,1.987322000788117e-05,0.499281670416237,6.935296550282277e-09,0.4992816704162441,2.6320519398807075e-09,0.0014041591461476227,9.805874310262393e-08,2.9238684013396224e-07
Random6174
Raw:1.0104241096782794e-05,2.122547334954209e-06,1.987322000788117e-05,0.499281670416237,6.935296550282277e-09,0.4992816704162441,2.632051939880745e-09,0.0014041591461476227,9.805874310262254e-08,2.9238684013396224e-07
EFT:1.0104241096782794e-05,2.122547334954209e-06,1.987322000788117e-05,0.499281670416237,6.935296550282277e-09,0.4992816704162441,2.6320519398807075e-09,0.0014041591461476227,9.805874310262393e-08,2.9238684013396224e-07
Random6175
Raw:1.0104241096782867e-05,2.122547334954194e-06,1.9873220007881028e-05,0.49928167041624055,6.935296550282228e-09,0.49928167041624055,2.632051939880689e-09,0.0014041591461476128,9.805874310262462e-08,2.923868401339602e-07
EFT:1.0104241096782794e-05,2.122547334954209e-06,1.987322000788117e-05,0.499281670416237,6.935296550282277e-09,0.4992816704162441,2.6320519398807075e-09,0.0014041591461476227,9.805874310262393e-08,2.9238684013396224e-07
Random6176
Raw:1.0104241096782723e-05,2.122547334954194e-06,1.9873220007881028e-05,0.49928167041624055,6.935296550282228e-09,0.49928167041624055,2.6320519398806513e-09,0.0014041591461476128,9.805874310262323e-08,2.923868401339602e-07
EFT:1.0104241096782794e-05,2.122547334954209e-06,1.987322000788117e-05,0.499281670416237,6.935296550282277e-09,0.4992816704162441,2.6320519398807075e-09,0.0014041591461476227,9.805874310262393e-08,2.9238684013396224e-07
Random6177
Raw:1.0104241096783009e-05,2.122547334954224e-06,1.987322000788131e-05,0.49928167041623345,6.935296550282327e-09,0.49928167041624766,2.6320519398807638e-09,0.0014041591461476327,9.805874310262462e-08,2.923868401339685e-07
EFT:1.0104241096782794e-05,2.122547334954209e-06,1.987322000788117e-05,0.499281670416237,6.935296550282277e-09,0.4992816704162441,2.6320519398807075e-09,0.0014041591461476227,9.805874310262393e-08,2.9238684013396224e-07
Random6178
Raw:1.0104241096783009e-05,2.122547334954224e-06,1.987322000788131e-05,0.49928167041623345,6.935296550282424e-09,0.49928167041624766,2.6320519398807638e-09,0.0014041591461476327,9.805874310262601e-08,2.923868401339685e-07
EFT:1.0104241096782794e-05,2.122547334954209e-06,1.987322000788117e-05,0.499281670416237,6.935296550282277e-09,0.4992816704162441,2.6320519398807075e-09,0.0014041591461476227,9.805874310262393e-08,2.9238684013396224e-07
Random6179
Raw:1.0104241096783009e-05,2.122547334954194e-06,1.9873220007881028e-05,0.49928167041623345,6.935296550282327e-09,0.49928167041624766,2.6320519398807638e-09,0.0014041591461476327,9.805874310262462e-08,2.9238684013396436e-07
EFT:1.0104241096782794e-05,2.122547334954209e-06,1.987322000788117e-05,0.499281670416237,6.935296550282277e-09,0.4992816704162441,2.6320519398807075e-09,0.0014041591461476227,9.805874310262393e-08,2.9238684013396224e-07
Random6180
Raw:1.0104241096782938e-05,2.122547334954209e-06,1.987322000788117e-05,0.499281670416237,6.935296550282277e-09,0.4992816704162441,2.632051939880745e-09,0.0014041591461476227,9.805874310262532e-08,2.9238684013396224e-07
EFT:1.0104241096782794e-05,2.122547334954209e-06,1.987322000788117e-05,0.499281670416237,6.935296550282277e-09,0.4992816704162441,2.6320519398807075e-09,0.0014041591461476227,9.805874310262393e-08,2.9238684013396224e-07
Random6181
Raw:1.0104241096783009e-05,2.122547334954224e-06,1.9873220007881028e-05,0.49928167041623345,6.935296550282327e-09,0.49928167041624766,2.6320519398807638e-09,0.0014041591461476327,9.805874310262601e-08,2.9238684013396436e-07
EFT:1.0104241096782794e-05,2.122547334954209e-06,1.987322000788117e-05,0.499281670416237,6.935296550282277e-09,0.4992816704162441,2.6320519398807075e-09,0.0014041591461476227,9.805874310262393e-08,2.9238684013396224e-07
Random6182
Raw:1.0104241096782938e-05,2.122547334954239e-06,1.987322000788145e-05,0.499281670416237,6.935296550282277e-09,0.4992816704162441,2.632051939880745e-09,0.0014041591461476427,9.805874310262393e-08,2.9238684013396637e-07
EFT:1.0104241096782794e-05,2.122547334954209e-06,1.987322000788117e-05,0.499281670416237,6.935296550282277e-09,0.4992816704162441,2.6320519398807075e-09,0.0014041591461476227,9.805874310262393e-08,2.9238684013396224e-07
Random6183
Raw:1.0104241096782865e-05,2.122547334954194e-06,1.9873220007881028e-05,0.49928167041623345,6.935296550282327e-09,0.49928167041624766,2.632051939880726e-09,0.0014041591461476126,9.805874310262462e-08,2.9238684013396436e-07
EFT:1.0104241096782794e-05,2.122547334954209e-06,1.987322000788117e-05,0.499281670416237,6.935296550282277e-09,0.4992816704162441,2.6320519398807075e-09,0.0014041591461476227,9.805874310262393e-08,2.9238684013396224e-07
Random6184
Raw:1.0104241096782938e-05,2.122547334954239e-06,1.987322000788117e-05,0.499281670416237,6.935296550282277e-09,0.4992816704162441,2.632051939880745e-09,0.0014041591461476427,9.805874310262532e-08,2.9238684013396224e-07
EFT:1.0104241096782794e-05,2.122547334954209e-06,1.987322000788117e-05,0.499281670416237,6.935296550282277e-09,0.4992816704162441,2.6320519398807075e-09,0.0014041591461476227,9.805874310262393e-08,2.9238684013396224e-07
Random6185
Raw:1.0104241096782938e-05,2.122547334954209e-06,1.987322000788117e-05,0.499281670416237,6.9352965502823754e-09,0.4992816704162441,2.6320519398807824e-09,0.0014041591461476227,9.805874310262532e-08,2.9238684013396637e-07
EFT:1.0104241096782794e-05,2.122547334954209e-06,1.987322000788117e-05,0.499281670416237,6.935296550282277e-09,0.4992816704162441,2.6320519398807075e-09,0.0014041591461476227,9.805874310262393e-08,2.9238684013396224e-07
Random6186
Raw:1.0104241096782794e-05,2.122547334954209e-06,1.987322000788117e-05,0.499281670416237,6.9352965502821786e-09,0.4992816704162441,2.632051939880745e-09,0.0014041591461476227,9.805874310262254e-08,2.9238684013396224e-07
EFT:1.0104241096782794e-05,2.122547334954209e-06,1.987322000788117e-05,0.499281670416237,6.935296550282277e-09,0.4992816704162441,2.6320519398807075e-09,0.0014041591461476227,9.805874310262393e-08,2.9238684013396224e-07
Random6187
Raw:1.0104241096782867e-05,2.122547334954194e-06,1.9873220007881028e-05,0.49928167041624055,6.935296550282326e-09,0.49928167041624055,2.6320519398807265e-09,0.0014041591461476128,9.805874310262323e-08,2.923868401339643e-07
EFT:1.0104241096782794e-05,2.122547334954209e-06,1.987322000788117e-05,0.499281670416237,6.935296550282277e-09,0.4992816704162441,2.6320519398807075e-09,0.0014041591461476227,9.805874310262393e-08,2.9238684013396224e-07
Random6188
Raw:1.0104241096782867e-05,2.122547334954194e-06,1.9873220007881028e-05,0.49928167041624055,6.935296550282326e-09,0.49928167041624055,2.6320519398807265e-09,0.0014041591461476128,9.805874310262323e-08,2.923868401339643e-07
EFT:1.0104241096782794e-05,2.122547334954209e-06,1.987322000788117e-05,0.499281670416237,6.935296550282277e-09,0.4992816704162441,2.6320519398807075e-09,0.0014041591461476227,9.805874310262393e-08,2.9238684013396224e-07
Random6189
Raw:1.0104241096782938e-05,2.122547334954209e-06,1.987322000788117e-05,0.499281670416237,6.935296550282277e-09,0.4992816704162441,2.632051939880745e-09,0.0014041591461476427,9.805874310262393e-08,2.9238684013396224e-07
EFT:1.0104241096782794e-05,2.122547334954209e-06,1.987322000788117e-05,0.499281670416237,6.935296550282277e-09,0.4992816704162441,2.6320519398807075e-09,0.0014041591461476227,9.805874310262393e-08,2.9238684013396224e-07
Random6190
Raw:1.0104241096782867e-05,2.122547334954224e-06,1.987322000788131e-05,0.49928167041624055,6.935296550282326e-09,0.49928167041624055,2.6320519398807265e-09,0.0014041591461476128,9.805874310262462e-08,2.923868401339643e-07
EFT:1.0104241096782794e-05,2.122547334954209e-06,1.987322000788117e-05,0.499281670416237,6.935296550282277e-09,0.4992816704162441,2.6320519398807075e-09,0.0014041591461476227,9.805874310262393e-08,2.9238684013396224e-07
Random6191
Raw:1.0104241096782938e-05,2.122547334954209e-06,1.987322000788117e-05,0.499281670416237,6.9352965502823754e-09,0.4992816704162441,2.632051939880745e-09,0.0014041591461476227,9.805874310262532e-08,2.9238684013396637e-07
EFT:1.0104241096782794e-05,2.122547334954209e-06,1.987322000788117e-05,0.499281670416237,6.935296550282277e-09,0.4992816704162441,2.6320519398807075e-09,0.0014041591461476227,9.805874310262393e-08,2.9238684013396224e-07
Random6192
Raw:1.0104241096782867e-05,2.122547334954224e-06,1.987322000788131e-05,0.49928167041624055,6.935296550282326e-09,0.49928167041624055,2.6320519398807638e-09,0.0014041591461476327,9.805874310262462e-08,2.923868401339643e-07
EFT:1.0104241096782794e-05,2.122547334954209e-06,1.987322000788117e-05,0.499281670416237,6.935296550282277e-09,0.4992816704162441,2.6320519398807075e-09,0.0014041591461476227,9.805874310262393e-08,2.9238684013396224e-07
Random6193
Raw:1.0104241096782865e-05,2.122547334954194e-06,1.9873220007881028e-05,0.49928167041623345,6.935296550282228e-09,0.49928167041624766,2.632051939880726e-09,0.0014041591461476327,9.805874310262462e-08,2.923868401339602e-07
EFT:1.0104241096782794e-05,2.122547334954209e-06,1.987322000788117e-05,0.499281670416237,6.935296550282277e-09,0.4992816704162441,2.6320519398807075e-09,0.0014041591461476227,9.805874310262393e-08,2.9238684013396224e-07
Random6194
Raw:1.0104241096782867e-05,2.122547334954224e-06,1.987322000788131e-05,0.49928167041624055,6.935296550282326e-09,0.49928167041624055,2.6320519398807638e-09,0.0014041591461476128,9.805874310262462e-08,2.923868401339643e-07
EFT:1.0104241096782794e-05,2.122547334954209e-06,1.987322000788117e-05,0.499281670416237,6.935296550282277e-09,0.4992816704162441,2.6320519398807075e-09,0.0014041591461476227,9.805874310262393e-08,2.9238684013396224e-07
Random6195
Raw:1.0104241096782938e-05,2.122547334954209e-06,1.987322000788117e-05,0.499281670416237,6.9352965502823754e-09,0.4992816704162441,2.6320519398807824e-09,0.0014041591461476026,9.805874310262672e-08,2.9238684013396637e-07
EFT:1.0104241096782794e-05,2.122547334954209e-06,1.987322000788117e-05,0.499281670416237,6.935296550282277e-09,0.4992816704162441,2.6320519398807075e-09,0.0014041591461476227,9.805874310262393e-08,2.9238684013396224e-07
Random6196
Raw:1.0104241096782938e-05,2.122547334954209e-06,1.987322000788117e-05,0.499281670416237,6.9352965502823754e-09,0.4992816704162441,2.6320519398807824e-09,0.0014041591461476227,9.805874310262532e-08,2.9238684013396637e-07
EFT:1.0104241096782794e-05,2.122547334954209e-06,1.987322000788117e-05,0.499281670416237,6.935296550282277e-09,0.4992816704162441,2.6320519398807075e-09,0.0014041591461476227,9.805874310262393e-08,2.9238684013396224e-07
Random6197
Raw:1.0104241096782938e-05,2.122547334954239e-06,1.987322000788117e-05,0.499281670416237,6.935296550282277e-09,0.4992816704162441,2.632051939880745e-09,0.0014041591461476227,9.805874310262532e-08,2.9238684013396224e-07
EFT:1.0104241096782794e-05,2.122547334954209e-06,1.987322000788117e-05,0.499281670416237,6.935296550282277e-09,0.4992816704162441,2.6320519398807075e-09,0.0014041591461476227,9.805874310262393e-08,2.9238684013396224e-07
Random6198
Raw:1.0104241096782938e-05,2.122547334954239e-06,1.9873220007880885e-05,0.499281670416237,6.935296550282277e-09,0.4992816704162441,2.632051939880745e-09,0.0014041591461476227,9.805874310262532e-08,2.9238684013396224e-07
EFT:1.0104241096782794e-05,2.122547334954209e-06,1.987322000788117e-05,0.499281670416237,6.935296550282277e-09,0.4992816704162441,2.6320519398807075e-09,0.0014041591461476227,9.805874310262393e-08,2.9238684013396224e-07
Random6199
Raw:1.0104241096782938e-05,2.122547334954239e-06,1.987322000788117e-05,0.499281670416237,6.9352965502823754e-09,0.4992816704162441,2.6320519398807824e-09,0.0014041591461476227,9.805874310262532e-08,2.9238684013396637e-07
EFT:1.0104241096782794e-05,2.122547334954209e-06,1.987322000788117e-05,0.499281670416237,6.935296550282277e-09,0.4992816704162441,2.6320519398807075e-09,0.0014041591461476227,9.805874310262393e-08,2.9238684013396224e-07
Random6200
Raw:1.0104241096783009e-05,2.122547334954224e-06,1.987322000788131e-05,0.49928167041623345,6.935296550282327e-09,0.49928167041624766,2.6320519398807638e-09,0.0014041591461476327,9.805874310262462e-08,2.923868401339685e-07
EFT:1.0104241096782794e-05,2.122547334954209e-06,1.987322000788117e-05,0.499281670416237,6.935296550282277e-09,0.4992816704162441,2.6320519398807075e-09,0.0014041591461476227,9.805874310262393e-08,2.9238684013396224e-07
Random6201
Raw:1.0104241096782938e-05,2.1225473349541788e-06,1.9873220007880885e-05,0.499281670416237,6.935296550282277e-09,0.4992816704162441,2.632051939880745e-09,0.0014041591461476026,9.805874310262532e-08,2.9238684013396224e-07
EFT:1.0104241096782794e-05,2.122547334954209e-06,1.987322000788117e-05,0.499281670416237,6.935296550282277e-09,0.4992816704162441,2.6320519398807075e-09,0.0014041591461476227,9.805874310262393e-08,2.9238684013396224e-07
Random6202
Raw:1.0104241096782794e-05,2.122547334954209e-06,1.9873220007880885e-05,0.499281670416237,6.935296550282277e-09,0.4992816704162441,2.6320519398807075e-09,0.0014041591461476026,9.805874310262393e-08,2.9238684013396224e-07
EFT:1.0104241096782794e-05,2.122547334954209e-06,1.987322000788117e-05,0.499281670416237,6.935296550282277e-09,0.4992816704162441,2.6320519398807075e-09,0.0014041591461476227,9.805874310262393e-08,2.9238684013396224e-07
Random6203
Raw:1.0104241096782867e-05,2.122547334954224e-06,1.9873220007881028e-05,0.49928167041624055,6.935296550282326e-09,0.49928167041624055,2.6320519398807265e-09,0.0014041591461476128,9.805874310262462e-08,2.923868401339643e-07
EFT:1.0104241096782794e-05,2.122547334954209e-06,1.987322000788117e-05,0.499281670416237,6.935296550282277e-09,0.4992816704162441,2.6320519398807075e-09,0.0014041591461476227,9.805874310262393e-08,2.9238684013396224e-07
Random6204
Raw:1.0104241096782938e-05,2.122547334954209e-06,1.987322000788117e-05,0.499281670416237,6.935296550282277e-09,0.4992816704162441,2.632051939880745e-09,0.0014041591461476227,9.805874310262532e-08,2.9238684013396224e-07
EFT:1.0104241096782794e-05,2.122547334954209e-06,1.987322000788117e-05,0.499281670416237,6.935296550282277e-09,0.4992816704162441,2.6320519398807075e-09,0.0014041591461476227,9.805874310262393e-08,2.9238684013396224e-07
Random6205
Raw:1.0104241096782867e-05,2.122547334954224e-06,1.987322000788131e-05,0.49928167041624055,6.935296550282326e-09,0.49928167041624055,2.6320519398807265e-09,0.0014041591461476327,9.805874310262462e-08,2.923868401339643e-07
EFT:1.0104241096782794e-05,2.122547334954209e-06,1.987322000788117e-05,0.499281670416237,6.935296550282277e-09,0.4992816704162441,2.6320519398807075e-09,0.0014041591461476227,9.805874310262393e-08,2.9238684013396224e-07
Random6206
Raw:1.0104241096782865e-05,2.122547334954194e-06,1.9873220007881028e-05,0.49928167041623345,6.935296550282327e-09,0.49928167041624766,2.6320519398807638e-09,0.0014041591461476126,9.805874310262324e-08,2.9238684013396436e-07
EFT:1.0104241096782794e-05,2.122547334954209e-06,1.987322000788117e-05,0.499281670416237,6.935296550282277e-09,0.4992816704162441,2.6320519398807075e-09,0.0014041591461476227,9.805874310262393e-08,2.9238684013396224e-07
Random6207
Raw:1.0104241096782938e-05,2.1225473349541788e-06,1.9873220007880885e-05,0.499281670416237,6.935296550282277e-09,0.4992816704162441,2.632051939880745e-09,0.0014041591461476026,9.805874310262532e-08,2.9238684013396224e-07
EFT:1.0104241096782794e-05,2.122547334954209e-06,1.987322000788117e-05,0.499281670416237,6.935296550282277e-09,0.4992816704162441,2.6320519398807075e-09,0.0014041591461476227,9.805874310262393e-08,2.9238684013396224e-07
Random6208
Raw:1.0104241096782938e-05,2.122547334954239e-06,1.987322000788145e-05,0.499281670416237,6.935296550282277e-09,0.4992816704162441,2.632051939880745e-09,0.0014041591461476427,9.805874310262532e-08,2.9238684013396224e-07
EFT:1.0104241096782794e-05,2.122547334954209e-06,1.987322000788117e-05,0.499281670416237,6.935296550282277e-09,0.4992816704162441,2.6320519398807075e-09,0.0014041591461476227,9.805874310262393e-08,2.9238684013396224e-07
Random6209
Raw:1.0104241096783009e-05,2.122547334954194e-06,1.9873220007881028e-05,0.49928167041623345,6.935296550282327e-09,0.49928167041624766,2.6320519398807638e-09,0.0014041591461476126,9.805874310262601e-08,2.9238684013396436e-07
EFT:1.0104241096782794e-05,2.122547334954209e-06,1.987322000788117e-05,0.499281670416237,6.935296550282277e-09,0.4992816704162441,2.6320519398807075e-09,0.0014041591461476227,9.805874310262393e-08,2.9238684013396224e-07
Random6210
Raw:1.0104241096782867e-05,2.122547334954194e-06,1.9873220007881028e-05,0.49928167041624055,6.935296550282326e-09,0.49928167041624055,2.6320519398807265e-09,0.0014041591461476128,9.805874310262602e-08,2.923868401339643e-07
EFT:1.0104241096782794e-05,2.122547334954209e-06,1.987322000788117e-05,0.499281670416237,6.935296550282277e-09,0.4992816704162441,2.6320519398807075e-09,0.0014041591461476227,9.805874310262393e-08,2.9238684013396224e-07
Random6211
Raw:1.0104241096783009e-05,2.122547334954224e-06,1.9873220007881028e-05,0.49928167041623345,6.935296550282327e-09,0.49928167041624766,2.6320519398807638e-09,0.0014041591461476327,9.805874310262601e-08,2.9238684013396436e-07
EFT:1.0104241096782794e-05,2.122547334954209e-06,1.987322000788117e-05,0.499281670416237,6.935296550282277e-09,0.4992816704162441,2.6320519398807075e-09,0.0014041591461476227,9.805874310262393e-08,2.9238684013396224e-07
Random6212
Raw:1.0104241096782938e-05,2.1225473349541788e-06,1.9873220007880885e-05,0.499281670416237,6.935296550282277e-09,0.4992816704162441,2.632051939880745e-09,0.0014041591461476026,9.805874310262532e-08,2.9238684013396224e-07
EFT:1.0104241096782794e-05,2.122547334954209e-06,1.987322000788117e-05,0.499281670416237,6.935296550282277e-09,0.4992816704162441,2.6320519398807075e-09,0.0014041591461476227,9.805874310262393e-08,2.9238684013396224e-07
Random6213
Raw:1.0104241096782867e-05,2.1225473349542546e-06,1.987322000788131e-05,0.49928167041624055,6.935296550282326e-09,0.49928167041624055,2.6320519398807638e-09,0.0014041591461476327,9.805874310262462e-08,2.923868401339643e-07
EFT:1.0104241096782794e-05,2.122547334954209e-06,1.987322000788117e-05,0.499281670416237,6.935296550282277e-09,0.4992816704162441,2.6320519398807075e-09,0.0014041591461476227,9.805874310262393e-08,2.9238684013396224e-07
Random6214
Raw:1.0104241096782938e-05,2.122547334954239e-06,1.987322000788117e-05,0.499281670416237,6.935296550282277e-09,0.4992816704162441,2.632051939880745e-09,0.0014041591461476427,9.805874310262532e-08,2.9238684013396224e-07
EFT:1.0104241096782794e-05,2.122547334954209e-06,1.987322000788117e-05,0.499281670416237,6.935296550282277e-09,0.4992816704162441,2.6320519398807075e-09,0.0014041591461476227,9.805874310262393e-08,2.9238684013396224e-07
Random6215
Raw:1.0104241096782938e-05,2.122547334954209e-06,1.987322000788117e-05,0.499281670416237,6.935296550282277e-09,0.4992816704162441,2.632051939880745e-09,0.0014041591461476227,9.805874310262532e-08,2.9238684013396224e-07
EFT:1.0104241096782794e-05,2.122547334954209e-06,1.987322000788117e-05,0.499281670416237,6.935296550282277e-09,0.4992816704162441,2.6320519398807075e-09,0.0014041591461476227,9.805874310262393e-08,2.9238684013396224e-07
Random6216
Raw:1.0104241096782794e-05,2.122547334954209e-06,1.987322000788117e-05,0.499281670416237,6.9352965502821786e-09,0.4992816704162441,2.6320519398807075e-09,0.0014041591461476227,9.805874310262393e-08,2.9238684013396224e-07
EFT:1.0104241096782794e-05,2.122547334954209e-06,1.987322000788117e-05,0.499281670416237,6.935296550282277e-09,0.4992816704162441,2.6320519398807075e-09,0.0014041591461476227,9.805874310262393e-08,2.9238684013396224e-07
Random6217
Raw:1.0104241096782867e-05,2.1225473349542546e-06,1.987322000788131e-05,0.49928167041624055,6.935296550282326e-09,0.49928167041624055,2.6320519398807638e-09,0.0014041591461476327,9.805874310262462e-08,2.923868401339643e-07
EFT:1.0104241096782794e-05,2.122547334954209e-06,1.987322000788117e-05,0.499281670416237,6.935296550282277e-09,0.4992816704162441,2.6320519398807075e-09,0.0014041591461476227,9.805874310262393e-08,2.9238684013396224e-07
Random6218
Raw:1.0104241096782938e-05,2.122547334954209e-06,1.9873220007880885e-05,0.499281670416237,6.935296550282277e-09,0.4992816704162441,2.632051939880745e-09,0.0014041591461476227,9.805874310262532e-08,2.9238684013396224e-07
EFT:1.0104241096782794e-05,2.122547334954209e-06,1.987322000788117e-05,0.499281670416237,6.935296550282277e-09,0.4992816704162441,2.6320519398807075e-09,0.0014041591461476227,9.805874310262393e-08,2.9238684013396224e-07
Random6219
Raw:1.0104241096782938e-05,2.122547334954209e-06,1.987322000788117e-05,0.499281670416237,6.935296550282277e-09,0.4992816704162441,2.632051939880745e-09,0.0014041591461476427,9.805874310262393e-08,2.9238684013396224e-07
EFT:1.0104241096782794e-05,2.122547334954209e-06,1.987322000788117e-05,0.499281670416237,6.935296550282277e-09,0.4992816704162441,2.6320519398807075e-09,0.0014041591461476227,9.805874310262393e-08,2.9238684013396224e-07
Random6220
Raw:1.0104241096782938e-05,2.122547334954209e-06,1.987322000788117e-05,0.499281670416237,6.9352965502823754e-09,0.4992816704162441,2.632051939880745e-09,0.0014041591461476227,9.805874310262532e-08,2.9238684013396637e-07
EFT:1.0104241096782794e-05,2.122547334954209e-06,1.987322000788117e-05,0.499281670416237,6.935296550282277e-09,0.4992816704162441,2.6320519398807075e-09,0.0014041591461476227,9.805874310262393e-08,2.9238684013396224e-07
Random6221
Raw:1.0104241096782938e-05,2.122547334954209e-06,1.987322000788117e-05,0.499281670416237,6.935296550282277e-09,0.4992816704162441,2.632051939880745e-09,0.0014041591461476427,9.805874310262393e-08,2.9238684013396224e-07
EFT:1.0104241096782794e-05,2.122547334954209e-06,1.987322000788117e-05,0.499281670416237,6.935296550282277e-09,0.4992816704162441,2.6320519398807075e-09,0.0014041591461476227,9.805874310262393e-08,2.9238684013396224e-07
Random6222
Raw:1.0104241096782867e-05,2.122547334954224e-06,1.987322000788131e-05,0.49928167041624055,6.935296550282326e-09,0.49928167041624055,2.6320519398807265e-09,0.0014041591461476128,9.805874310262462e-08,2.923868401339643e-07
EFT:1.0104241096782794e-05,2.122547334954209e-06,1.987322000788117e-05,0.499281670416237,6.935296550282277e-09,0.4992816704162441,2.6320519398807075e-09,0.0014041591461476227,9.805874310262393e-08,2.9238684013396224e-07
Random6223
Raw:1.0104241096782867e-05,2.122547334954224e-06,1.987322000788131e-05,0.49928167041624055,6.935296550282326e-09,0.49928167041624055,2.6320519398807265e-09,0.0014041591461476327,9.805874310262462e-08,2.923868401339643e-07
EFT:1.0104241096782794e-05,2.122547334954209e-06,1.987322000788117e-05,0.499281670416237,6.935296550282277e-09,0.4992816704162441,2.6320519398807075e-09,0.0014041591461476227,9.805874310262393e-08,2.9238684013396224e-07
Random6224
Raw:1.0104241096782938e-05,2.122547334954209e-06,1.987322000788117e-05,0.499281670416237,6.935296550282277e-09,0.4992816704162441,2.632051939880745e-09,0.0014041591461476427,9.805874310262393e-08,2.9238684013396224e-07
EFT:1.0104241096782794e-05,2.122547334954209e-06,1.987322000788117e-05,0.499281670416237,6.935296550282277e-09,0.4992816704162441,2.6320519398807075e-09,0.0014041591461476227,9.805874310262393e-08,2.9238684013396224e-07
Random6225
Raw:1.0104241096783009e-05,2.122547334954224e-06,1.9873220007881028e-05,0.49928167041623345,6.935296550282327e-09,0.49928167041624766,2.6320519398807638e-09,0.0014041591461476327,9.805874310262601e-08,2.9238684013396436e-07
EFT:1.0104241096782794e-05,2.122547334954209e-06,1.987322000788117e-05,0.499281670416237,6.935296550282277e-09,0.4992816704162441,2.6320519398807075e-09,0.0014041591461476227,9.805874310262393e-08,2.9238684013396224e-07
Random6226
Raw:1.0104241096782867e-05,2.122547334954224e-06,1.987322000788131e-05,0.49928167041624055,6.935296550282326e-09,0.49928167041624055,2.6320519398807638e-09,0.0014041591461476327,9.805874310262462e-08,2.923868401339643e-07
EFT:1.0104241096782794e-05,2.122547334954209e-06,1.987322000788117e-05,0.499281670416237,6.935296550282277e-09,0.4992816704162441,2.6320519398807075e-09,0.0014041591461476227,9.805874310262393e-08,2.9238684013396224e-07
Random6227
Raw:1.0104241096782867e-05,2.1225473349542546e-06,1.987322000788131e-05,0.49928167041624055,6.935296550282326e-09,0.49928167041624055,2.6320519398807638e-09,0.0014041591461476327,9.805874310262462e-08,2.923868401339643e-07
EFT:1.0104241096782794e-05,2.122547334954209e-06,1.987322000788117e-05,0.499281670416237,6.935296550282277e-09,0.4992816704162441,2.6320519398807075e-09,0.0014041591461476227,9.805874310262393e-08,2.9238684013396224e-07
Random6228
Raw:1.0104241096782867e-05,2.122547334954224e-06,1.987322000788131e-05,0.49928167041624055,6.935296550282326e-09,0.49928167041624055,2.6320519398807265e-09,0.0014041591461476128,9.805874310262462e-08,2.923868401339643e-07
EFT:1.0104241096782794e-05,2.122547334954209e-06,1.987322000788117e-05,0.499281670416237,6.935296550282277e-09,0.4992816704162441,2.6320519398807075e-09,0.0014041591461476227,9.805874310262393e-08,2.9238684013396224e-07
Random6229
Raw:1.0104241096782867e-05,2.1225473349542546e-06,1.987322000788131e-05,0.49928167041624055,6.935296550282326e-09,0.49928167041624055,2.6320519398807638e-09,0.0014041591461476327,9.805874310262462e-08,2.923868401339643e-07
EFT:1.0104241096782794e-05,2.122547334954209e-06,1.987322000788117e-05,0.499281670416237,6.935296550282277e-09,0.4992816704162441,2.6320519398807075e-09,0.0014041591461476227,9.805874310262393e-08,2.9238684013396224e-07
Random6230
Raw:1.0104241096782938e-05,2.122547334954209e-06,1.987322000788117e-05,0.499281670416237,6.935296550282277e-09,0.4992816704162441,2.632051939880745e-09,0.0014041591461476227,9.805874310262532e-08,2.9238684013396224e-07
EFT:1.0104241096782794e-05,2.122547334954209e-06,1.987322000788117e-05,0.499281670416237,6.935296550282277e-09,0.4992816704162441,2.6320519398807075e-09,0.0014041591461476227,9.805874310262393e-08,2.9238684013396224e-07
Random6231
Raw:1.0104241096782938e-05,2.122547334954209e-06,1.987322000788117e-05,0.499281670416237,6.935296550282277e-09,0.4992816704162441,2.632051939880745e-09,0.0014041591461476427,9.805874310262393e-08,2.9238684013396224e-07
EFT:1.0104241096782794e-05,2.122547334954209e-06,1.987322000788117e-05,0.499281670416237,6.935296550282277e-09,0.4992816704162441,2.6320519398807075e-09,0.0014041591461476227,9.805874310262393e-08,2.9238684013396224e-07
Random6232
Raw:1.0104241096782867e-05,2.122547334954194e-06,1.9873220007881028e-05,0.49928167041624055,6.935296550282326e-09,0.49928167041624055,2.6320519398807265e-09,0.0014041591461476128,9.805874310262323e-08,2.923868401339643e-07
EFT:1.0104241096782794e-05,2.122547334954209e-06,1.987322000788117e-05,0.499281670416237,6.935296550282277e-09,0.4992816704162441,2.6320519398807075e-09,0.0014041591461476227,9.805874310262393e-08,2.9238684013396224e-07
Random6233
Raw:1.0104241096782794e-05,2.122547334954209e-06,1.987322000788117e-05,0.499281670416237,6.935296550282277e-09,0.4992816704162441,2.6320519398807075e-09,0.0014041591461476227,9.805874310262393e-08,2.9238684013396224e-07
EFT:1.0104241096782794e-05,2.122547334954209e-06,1.987322000788117e-05,0.499281670416237,6.935296550282277e-09,0.4992816704162441,2.6320519398807075e-09,0.0014041591461476227,9.805874310262393e-08,2.9238684013396224e-07
Random6234
Raw:1.0104241096782938e-05,2.122547334954209e-06,1.987322000788117e-05,0.499281670416237,6.935296550282277e-09,0.4992816704162441,2.632051939880745e-09,0.0014041591461476427,9.805874310262393e-08,2.9238684013396224e-07
EFT:1.0104241096782794e-05,2.122547334954209e-06,1.987322000788117e-05,0.499281670416237,6.935296550282277e-09,0.4992816704162441,2.6320519398807075e-09,0.0014041591461476227,9.805874310262393e-08,2.9238684013396224e-07
Random6235
Raw:1.0104241096782938e-05,2.122547334954239e-06,1.987322000788117e-05,0.499281670416237,6.9352965502823754e-09,0.4992816704162441,2.6320519398807824e-09,0.0014041591461476227,9.805874310262532e-08,2.9238684013396637e-07
EFT:1.0104241096782794e-05,2.122547334954209e-06,1.987322000788117e-05,0.499281670416237,6.935296550282277e-09,0.4992816704162441,2.6320519398807075e-09,0.0014041591461476227,9.805874310262393e-08,2.9238684013396224e-07
Random6236
Raw:1.0104241096782938e-05,2.122547334954239e-06,1.9873220007880885e-05,0.499281670416237,6.935296550282277e-09,0.4992816704162441,2.632051939880745e-09,0.0014041591461476227,9.805874310262532e-08,2.9238684013396224e-07
EFT:1.0104241096782794e-05,2.122547334954209e-06,1.987322000788117e-05,0.499281670416237,6.935296550282277e-09,0.4992816704162441,2.6320519398807075e-09,0.0014041591461476227,9.805874310262393e-08,2.9238684013396224e-07
Random6237
Raw:1.0104241096783009e-05,2.122547334954194e-06,1.9873220007881028e-05,0.49928167041623345,6.935296550282327e-09,0.49928167041624766,2.6320519398807638e-09,0.0014041591461476126,9.805874310262601e-08,2.9238684013396436e-07
EFT:1.0104241096782794e-05,2.122547334954209e-06,1.987322000788117e-05,0.499281670416237,6.935296550282277e-09,0.4992816704162441,2.6320519398807075e-09,0.0014041591461476227,9.805874310262393e-08,2.9238684013396224e-07
Random6238
Raw:1.0104241096782938e-05,2.122547334954209e-06,1.9873220007880885e-05,0.499281670416237,6.935296550282277e-09,0.4992816704162441,2.632051939880745e-09,0.0014041591461476227,9.805874310262532e-08,2.9238684013396224e-07
EFT:1.0104241096782794e-05,2.122547334954209e-06,1.987322000788117e-05,0.499281670416237,6.935296550282277e-09,0.4992816704162441,2.6320519398807075e-09,0.0014041591461476227,9.805874310262393e-08,2.9238684013396224e-07
Random6239
Raw:1.0104241096782938e-05,2.122547334954239e-06,1.9873220007880885e-05,0.499281670416237,6.9352965502823754e-09,0.4992816704162441,2.63205193988082e-09,0.0014041591461476227,9.805874310262532e-08,2.9238684013396637e-07
EFT:1.0104241096782794e-05,2.122547334954209e-06,1.987322000788117e-05,0.499281670416237,6.935296550282277e-09,0.4992816704162441,2.6320519398807075e-09,0.0014041591461476227,9.805874310262393e-08,2.9238684013396224e-07
Random6240
Raw:1.0104241096783009e-05,2.122547334954194e-06,1.9873220007881028e-05,0.49928167041623345,6.935296550282327e-09,0.49928167041624766,2.6320519398807638e-09,0.0014041591461476327,9.805874310262462e-08,2.9238684013396436e-07
EFT:1.0104241096782794e-05,2.122547334954209e-06,1.987322000788117e-05,0.499281670416237,6.935296550282277e-09,0.4992816704162441,2.6320519398807075e-09,0.0014041591461476227,9.805874310262393e-08,2.9238684013396224e-07
Random6241
Raw:1.0104241096782938e-05,2.122547334954209e-06,1.987322000788117e-05,0.499281670416237,6.935296550282277e-09,0.4992816704162441,2.632051939880745e-09,0.0014041591461476427,9.805874310262393e-08,2.9238684013396224e-07
EFT:1.0104241096782794e-05,2.122547334954209e-06,1.987322000788117e-05,0.499281670416237,6.935296550282277e-09,0.4992816704162441,2.6320519398807075e-09,0.0014041591461476227,9.805874310262393e-08,2.9238684013396224e-07
Random6242
Raw:1.0104241096782867e-05,2.122547334954194e-06,1.9873220007881028e-05,0.49928167041624055,6.935296550282326e-09,0.49928167041624055,2.6320519398807265e-09,0.0014041591461476128,9.805874310262602e-08,2.923868401339643e-07
EFT:1.0104241096782794e-05,2.122547334954209e-06,1.987322000788117e-05,0.499281670416237,6.935296550282277e-09,0.4992816704162441,2.6320519398807075e-09,0.0014041591461476227,9.805874310262393e-08,2.9238684013396224e-07
Random6243
Raw:1.0104241096782938e-05,2.122547334954239e-06,1.987322000788117e-05,0.499281670416237,6.935296550282277e-09,0.4992816704162441,2.632051939880745e-09,0.0014041591461476427,9.805874310262532e-08,2.9238684013396224e-07
EFT:1.0104241096782794e-05,2.122547334954209e-06,1.987322000788117e-05,0.499281670416237,6.935296550282277e-09,0.4992816704162441,2.6320519398807075e-09,0.0014041591461476227,9.805874310262393e-08,2.9238684013396224e-07
Random6244
Raw:1.0104241096782865e-05,2.122547334954194e-06,1.9873220007881028e-05,0.49928167041623345,6.935296550282228e-09,0.49928167041624766,2.632051939880726e-09,0.0014041591461476126,9.805874310262462e-08,2.9238684013396436e-07
EFT:1.0104241096782794e-05,2.122547334954209e-06,1.987322000788117e-05,0.499281670416237,6.935296550282277e-09,0.4992816704162441,2.6320519398807075e-09,0.0014041591461476227,9.805874310262393e-08,2.9238684013396224e-07
Random6245
Raw:1.0104241096782867e-05,2.1225473349542546e-06,1.987322000788131e-05,0.49928167041624055,6.935296550282326e-09,0.49928167041624055,2.6320519398807638e-09,0.0014041591461476327,9.805874310262462e-08,2.923868401339643e-07
EFT:1.0104241096782794e-05,2.122547334954209e-06,1.987322000788117e-05,0.499281670416237,6.935296550282277e-09,0.4992816704162441,2.6320519398807075e-09,0.0014041591461476227,9.805874310262393e-08,2.9238684013396224e-07
Random6246
Raw:1.0104241096782938e-05,2.122547334954239e-06,1.987322000788117e-05,0.499281670416237,6.9352965502823754e-09,0.4992816704162441,2.632051939880745e-09,0.0014041591461476227,9.805874310262532e-08,2.9238684013396637e-07
EFT:1.0104241096782794e-05,2.122547334954209e-06,1.987322000788117e-05,0.499281670416237,6.935296550282277e-09,0.4992816704162441,2.6320519398807075e-09,0.0014041591461476227,9.805874310262393e-08,2.9238684013396224e-07
Random6247
Raw:1.0104241096782794e-05,2.122547334954209e-06,1.987322000788117e-05,0.499281670416237,6.935296550282277e-09,0.4992816704162441,2.6320519398807075e-09,0.0014041591461476026,9.805874310262393e-08,2.9238684013396224e-07
EFT:1.0104241096782794e-05,2.122547334954209e-06,1.987322000788117e-05,0.499281670416237,6.935296550282277e-09,0.4992816704162441,2.6320519398807075e-09,0.0014041591461476227,9.805874310262393e-08,2.9238684013396224e-07
Random6248
Raw:1.0104241096782938e-05,2.122547334954239e-06,1.987322000788117e-05,0.499281670416237,6.935296550282277e-09,0.4992816704162441,2.632051939880745e-09,0.0014041591461476427,9.805874310262532e-08,2.9238684013396224e-07
EFT:1.0104241096782794e-05,2.122547334954209e-06,1.987322000788117e-05,0.499281670416237,6.935296550282277e-09,0.4992816704162441,2.6320519398807075e-09,0.0014041591461476227,9.805874310262393e-08,2.9238684013396224e-07
Random6249
Raw:1.0104241096782938e-05,2.122547334954239e-06,1.987322000788145e-05,0.499281670416237,6.935296550282277e-09,0.4992816704162441,2.632051939880745e-09,0.0014041591461476427,9.805874310262393e-08,2.9238684013396637e-07
EFT:1.0104241096782794e-05,2.122547334954209e-06,1.987322000788117e-05,0.499281670416237,6.935296550282277e-09,0.4992816704162441,2.6320519398807075e-09,0.0014041591461476227,9.805874310262393e-08,2.9238684013396224e-07
Random6250
Raw:1.0104241096782794e-05,2.122547334954209e-06,1.987322000788117e-05,0.499281670416237,6.935296550282277e-09,0.4992816704162441,2.632051939880745e-09,0.0014041591461476227,9.805874310262254e-08,2.9238684013396224e-07
EFT:1.0104241096782794e-05,2.122547334954209e-06,1.987322000788117e-05,0.499281670416237,6.935296550282277e-09,0.4992816704162441,2.6320519398807075e-09,0.0014041591461476227,9.805874310262393e-08,2.9238684013396224e-07
Random6251
Raw:1.0104241096782865e-05,2.122547334954194e-06,1.9873220007881028e-05,0.49928167041623345,6.935296550282327e-09,0.49928167041624766,2.632051939880726e-09,0.0014041591461476126,9.805874310262462e-08,2.9238684013396436e-07
EFT:1.0104241096782794e-05,2.122547334954209e-06,1.987322000788117e-05,0.499281670416237,6.935296550282277e-09,0.4992816704162441,2.6320519398807075e-09,0.0014041591461476227,9.805874310262393e-08,2.9238684013396224e-07
Random6252
Raw:1.0104241096782938e-05,2.122547334954239e-06,1.987322000788145e-05,0.499281670416237,6.935296550282277e-09,0.4992816704162441,2.632051939880745e-09,0.0014041591461476227,9.805874310262532e-08,2.9238684013396224e-07
EFT:1.0104241096782794e-05,2.122547334954209e-06,1.987322000788117e-05,0.499281670416237,6.935296550282277e-09,0.4992816704162441,2.6320519398807075e-09,0.0014041591461476227,9.805874310262393e-08,2.9238684013396224e-07
Random6253
Raw:1.0104241096782938e-05,2.122547334954239e-06,1.987322000788145e-05,0.499281670416237,6.935296550282277e-09,0.4992816704162441,2.632051939880745e-09,0.0014041591461476427,9.805874310262393e-08,2.9238684013396637e-07
EFT:1.0104241096782794e-05,2.122547334954209e-06,1.987322000788117e-05,0.499281670416237,6.935296550282277e-09,0.4992816704162441,2.6320519398807075e-09,0.0014041591461476227,9.805874310262393e-08,2.9238684013396224e-07
Random6254
Raw:1.0104241096783009e-05,2.122547334954224e-06,1.987322000788131e-05,0.49928167041623345,6.935296550282327e-09,0.49928167041624766,2.6320519398807638e-09,0.0014041591461476327,9.805874310262601e-08,2.9238684013396436e-07
EFT:1.0104241096782794e-05,2.122547334954209e-06,1.987322000788117e-05,0.499281670416237,6.935296550282277e-09,0.4992816704162441,2.6320519398807075e-09,0.0014041591461476227,9.805874310262393e-08,2.9238684013396224e-07
Random6255
Raw:1.0104241096782938e-05,2.122547334954239e-06,1.9873220007880885e-05,0.499281670416237,6.935296550282277e-09,0.4992816704162441,2.632051939880745e-09,0.0014041591461476227,9.805874310262532e-08,2.9238684013396224e-07
EFT:1.0104241096782794e-05,2.122547334954209e-06,1.987322000788117e-05,0.499281670416237,6.935296550282277e-09,0.4992816704162441,2.6320519398807075e-09,0.0014041591461476227,9.805874310262393e-08,2.9238684013396224e-07
Random6256
Raw:1.0104241096782794e-05,2.122547334954209e-06,1.987322000788117e-05,0.499281670416237,6.9352965502821786e-09,0.4992816704162441,2.632051939880745e-09,0.0014041591461476227,9.805874310262254e-08,2.9238684013396224e-07
EFT:1.0104241096782794e-05,2.122547334954209e-06,1.987322000788117e-05,0.499281670416237,6.935296550282277e-09,0.4992816704162441,2.6320519398807075e-09,0.0014041591461476227,9.805874310262393e-08,2.9238684013396224e-07
Random6257
Raw:1.0104241096782938e-05,2.122547334954209e-06,1.9873220007880885e-05,0.499281670416237,6.935296550282277e-09,0.4992816704162441,2.632051939880745e-09,0.0014041591461476227,9.805874310262532e-08,2.9238684013396224e-07
EFT:1.0104241096782794e-05,2.122547334954209e-06,1.987322000788117e-05,0.499281670416237,6.935296550282277e-09,0.4992816704162441,2.6320519398807075e-09,0.0014041591461476227,9.805874310262393e-08,2.9238684013396224e-07
Random6258
Raw:1.0104241096783009e-05,2.122547334954224e-06,1.9873220007881028e-05,0.49928167041623345,6.935296550282327e-09,0.49928167041624766,2.6320519398807638e-09,0.0014041591461476327,9.805874310262601e-08,2.9238684013396436e-07
EFT:1.0104241096782794e-05,2.122547334954209e-06,1.987322000788117e-05,0.499281670416237,6.935296550282277e-09,0.4992816704162441,2.6320519398807075e-09,0.0014041591461476227,9.805874310262393e-08,2.9238684013396224e-07
Random6259
Raw:1.0104241096782938e-05,2.122547334954209e-06,1.987322000788117e-05,0.499281670416237,6.935296550282277e-09,0.4992816704162441,2.632051939880745e-09,0.0014041591461476227,9.805874310262532e-08,2.9238684013396224e-07
EFT:1.0104241096782794e-05,2.122547334954209e-06,1.987322000788117e-05,0.499281670416237,6.935296550282277e-09,0.4992816704162441,2.6320519398807075e-09,0.0014041591461476227,9.805874310262393e-08,2.9238684013396224e-07
Random6260
Raw:1.0104241096782938e-05,2.122547334954209e-06,1.9873220007880885e-05,0.499281670416237,6.935296550282277e-09,0.4992816704162441,2.632051939880745e-09,0.0014041591461476227,9.805874310262532e-08,2.9238684013396224e-07
EFT:1.0104241096782794e-05,2.122547334954209e-06,1.987322000788117e-05,0.499281670416237,6.935296550282277e-09,0.4992816704162441,2.6320519398807075e-09,0.0014041591461476227,9.805874310262393e-08,2.9238684013396224e-07
Random6261
Raw:1.0104241096782867e-05,2.122547334954224e-06,1.987322000788131e-05,0.49928167041624055,6.935296550282326e-09,0.49928167041624055,2.6320519398807638e-09,0.0014041591461476327,9.805874310262462e-08,2.923868401339643e-07
EFT:1.0104241096782794e-05,2.122547334954209e-06,1.987322000788117e-05,0.499281670416237,6.935296550282277e-09,0.4992816704162441,2.6320519398807075e-09,0.0014041591461476227,9.805874310262393e-08,2.9238684013396224e-07
Random6262
Raw:1.0104241096783009e-05,2.122547334954194e-06,1.9873220007881028e-05,0.49928167041623345,6.935296550282327e-09,0.49928167041624766,2.6320519398807638e-09,0.0014041591461476126,9.805874310262601e-08,2.9238684013396436e-07
EFT:1.0104241096782794e-05,2.122547334954209e-06,1.987322000788117e-05,0.499281670416237,6.935296550282277e-09,0.4992816704162441,2.6320519398807075e-09,0.0014041591461476227,9.805874310262393e-08,2.9238684013396224e-07
Random6263
Raw:1.0104241096782867e-05,2.122547334954224e-06,1.987322000788131e-05,0.49928167041624055,6.935296550282326e-09,0.49928167041624055,2.6320519398807265e-09,0.0014041591461476327,9.805874310262602e-08,2.923868401339643e-07
EFT:1.0104241096782794e-05,2.122547334954209e-06,1.987322000788117e-05,0.499281670416237,6.935296550282277e-09,0.4992816704162441,2.6320519398807075e-09,0.0014041591461476227,9.805874310262393e-08,2.9238684013396224e-07
Random6264
Raw:1.0104241096782865e-05,2.122547334954194e-06,1.9873220007881028e-05,0.49928167041623345,6.935296550282327e-09,0.49928167041624766,2.6320519398807638e-09,0.0014041591461476126,9.805874310262324e-08,2.9238684013396436e-07
EFT:1.0104241096782794e-05,2.122547334954209e-06,1.987322000788117e-05,0.499281670416237,6.935296550282277e-09,0.4992816704162441,2.6320519398807075e-09,0.0014041591461476227,9.805874310262393e-08,2.9238684013396224e-07
Random6265
Raw:1.0104241096783009e-05,2.122547334954224e-06,1.987322000788131e-05,0.49928167041623345,6.935296550282327e-09,0.49928167041624766,2.6320519398807638e-09,0.0014041591461476327,9.805874310262462e-08,2.923868401339685e-07
EFT:1.0104241096782794e-05,2.122547334954209e-06,1.987322000788117e-05,0.499281670416237,6.935296550282277e-09,0.4992816704162441,2.6320519398807075e-09,0.0014041591461476227,9.805874310262393e-08,2.9238684013396224e-07
Random6266
Raw:1.0104241096782794e-05,2.122547334954209e-06,1.987322000788117e-05,0.499281670416237,6.9352965502821786e-09,0.4992816704162441,2.6320519398807075e-09,0.0014041591461476227,9.805874310262393e-08,2.9238684013396224e-07
EFT:1.0104241096782794e-05,2.122547334954209e-06,1.987322000788117e-05,0.499281670416237,6.935296550282277e-09,0.4992816704162441,2.6320519398807075e-09,0.0014041591461476227,9.805874310262393e-08,2.9238684013396224e-07
Random6267
Raw:1.0104241096782867e-05,2.122547334954224e-06,1.987322000788131e-05,0.49928167041624055,6.935296550282228e-09,0.49928167041624055,2.632051939880689e-09,0.0014041591461476327,9.805874310262462e-08,2.923868401339602e-07
EFT:1.0104241096782794e-05,2.122547334954209e-06,1.987322000788117e-05,0.499281670416237,6.935296550282277e-09,0.4992816704162441,2.6320519398807075e-09,0.0014041591461476227,9.805874310262393e-08,2.9238684013396224e-07
Random6268
Raw:1.0104241096783009e-05,2.122547334954194e-06,1.9873220007881028e-05,0.49928167041623345,6.935296550282327e-09,0.49928167041624766,2.6320519398807638e-09,0.0014041591461476327,9.805874310262462e-08,2.9238684013396436e-07
EFT:1.0104241096782794e-05,2.122547334954209e-06,1.987322000788117e-05,0.499281670416237,6.935296550282277e-09,0.4992816704162441,2.6320519398807075e-09,0.0014041591461476227,9.805874310262393e-08,2.9238684013396224e-07
Random6269
Raw:1.0104241096782867e-05,2.122547334954224e-06,1.987322000788131e-05,0.49928167041624055,6.935296550282326e-09,0.49928167041624055,2.6320519398807265e-09,0.0014041591461476128,9.805874310262462e-08,2.923868401339643e-07
EFT:1.0104241096782794e-05,2.122547334954209e-06,1.987322000788117e-05,0.499281670416237,6.935296550282277e-09,0.4992816704162441,2.6320519398807075e-09,0.0014041591461476227,9.805874310262393e-08,2.9238684013396224e-07
Random6270
Raw:1.0104241096782938e-05,2.122547334954239e-06,1.987322000788145e-05,0.499281670416237,6.935296550282277e-09,0.4992816704162441,2.632051939880745e-09,0.0014041591461476427,9.805874310262532e-08,2.9238684013396224e-07
EFT:1.0104241096782794e-05,2.122547334954209e-06,1.987322000788117e-05,0.499281670416237,6.935296550282277e-09,0.4992816704162441,2.6320519398807075e-09,0.0014041591461476227,9.805874310262393e-08,2.9238684013396224e-07
Random6271
Raw:1.0104241096782865e-05,2.122547334954194e-06,1.9873220007881028e-05,0.49928167041623345,6.935296550282228e-09,0.49928167041624766,2.632051939880726e-09,0.0014041591461476126,9.805874310262462e-08,2.9238684013396436e-07
EFT:1.0104241096782794e-05,2.122547334954209e-06,1.987322000788117e-05,0.499281670416237,6.935296550282277e-09,0.4992816704162441,2.6320519398807075e-09,0.0014041591461476227,9.805874310262393e-08,2.9238684013396224e-07
Random6272
Raw:1.0104241096782938e-05,2.122547334954209e-06,1.987322000788117e-05,0.499281670416237,6.9352965502823754e-09,0.4992816704162441,2.632051939880745e-09,0.0014041591461476227,9.805874310262672e-08,2.9238684013396637e-07
EFT:1.0104241096782794e-05,2.122547334954209e-06,1.987322000788117e-05,0.499281670416237,6.935296550282277e-09,0.4992816704162441,2.6320519398807075e-09,0.0014041591461476227,9.805874310262393e-08,2.9238684013396224e-07
Random6273
Raw:1.0104241096782867e-05,2.122547334954224e-06,1.987322000788131e-05,0.49928167041624055,6.935296550282326e-09,0.49928167041624055,2.6320519398807265e-09,0.0014041591461476327,9.805874310262462e-08,2.923868401339643e-07
EFT:1.0104241096782794e-05,2.122547334954209e-06,1.987322000788117e-05,0.499281670416237,6.935296550282277e-09,0.4992816704162441,2.6320519398807075e-09,0.0014041591461476227,9.805874310262393e-08,2.9238684013396224e-07
Random6274
Raw:1.0104241096782938e-05,2.122547334954209e-06,1.987322000788117e-05,0.499281670416237,6.9352965502823754e-09,0.4992816704162441,2.632051939880745e-09,0.0014041591461476227,9.805874310262672e-08,2.9238684013396637e-07
EFT:1.0104241096782794e-05,2.122547334954209e-06,1.987322000788117e-05,0.499281670416237,6.935296550282277e-09,0.4992816704162441,2.6320519398807075e-09,0.0014041591461476227,9.805874310262393e-08,2.9238684013396224e-07
Random6275
Raw:1.0104241096782867e-05,2.122547334954224e-06,1.987322000788131e-05,0.49928167041624055,6.935296550282326e-09,0.49928167041624055,2.6320519398807265e-09,0.0014041591461476327,9.805874310262462e-08,2.923868401339643e-07
EFT:1.0104241096782794e-05,2.122547334954209e-06,1.987322000788117e-05,0.499281670416237,6.935296550282277e-09,0.4992816704162441,2.6320519398807075e-09,0.0014041591461476227,9.805874310262393e-08,2.9238684013396224e-07
Random6276
Raw:1.0104241096782867e-05,2.122547334954224e-06,1.987322000788131e-05,0.49928167041624055,6.935296550282326e-09,0.49928167041624055,2.6320519398807638e-09,0.0014041591461476327,9.805874310262462e-08,2.923868401339643e-07
EFT:1.0104241096782794e-05,2.122547334954209e-06,1.987322000788117e-05,0.499281670416237,6.935296550282277e-09,0.4992816704162441,2.6320519398807075e-09,0.0014041591461476227,9.805874310262393e-08,2.9238684013396224e-07
Random6277
Raw:1.0104241096782867e-05,2.122547334954194e-06,1.9873220007881028e-05,0.49928167041624055,6.935296550282228e-09,0.49928167041624055,2.632051939880689e-09,0.0014041591461476128,9.805874310262462e-08,2.923868401339602e-07
EFT:1.0104241096782794e-05,2.122547334954209e-06,1.987322000788117e-05,0.499281670416237,6.935296550282277e-09,0.4992816704162441,2.6320519398807075e-09,0.0014041591461476227,9.805874310262393e-08,2.9238684013396224e-07
Random6278
Raw:1.0104241096782938e-05,2.122547334954209e-06,1.987322000788117e-05,0.499281670416237,6.9352965502823754e-09,0.4992816704162441,2.632051939880745e-09,0.0014041591461476227,9.805874310262532e-08,2.9238684013396637e-07
EFT:1.0104241096782794e-05,2.122547334954209e-06,1.987322000788117e-05,0.499281670416237,6.935296550282277e-09,0.4992816704162441,2.6320519398807075e-09,0.0014041591461476227,9.805874310262393e-08,2.9238684013396224e-07
Random6279
Raw:1.0104241096782938e-05,2.122547334954209e-06,1.9873220007880885e-05,0.499281670416237,6.935296550282277e-09,0.4992816704162441,2.632051939880745e-09,0.0014041591461476227,9.805874310262393e-08,2.9238684013396224e-07
EFT:1.0104241096782794e-05,2.122547334954209e-06,1.987322000788117e-05,0.499281670416237,6.935296550282277e-09,0.4992816704162441,2.6320519398807075e-09,0.0014041591461476227,9.805874310262393e-08,2.9238684013396224e-07
Random6280
Raw:1.0104241096782867e-05,2.122547334954224e-06,1.9873220007881028e-05,0.49928167041624055,6.935296550282326e-09,0.49928167041624055,2.6320519398807265e-09,0.0014041591461476327,9.805874310262323e-08,2.923868401339643e-07
EFT:1.0104241096782794e-05,2.122547334954209e-06,1.987322000788117e-05,0.499281670416237,6.935296550282277e-09,0.4992816704162441,2.6320519398807075e-09,0.0014041591461476227,9.805874310262393e-08,2.9238684013396224e-07
Random6281
Raw:1.0104241096782794e-05,2.122547334954209e-06,1.987322000788117e-05,0.499281670416237,6.9352965502821786e-09,0.4992816704162441,2.632051939880745e-09,0.0014041591461476227,9.805874310262254e-08,2.9238684013396224e-07
EFT:1.0104241096782794e-05,2.122547334954209e-06,1.987322000788117e-05,0.499281670416237,6.935296550282277e-09,0.4992816704162441,2.6320519398807075e-09,0.0014041591461476227,9.805874310262393e-08,2.9238684013396224e-07
Random6282
Raw:1.0104241096782867e-05,2.122547334954224e-06,1.987322000788131e-05,0.49928167041624055,6.935296550282326e-09,0.49928167041624055,2.6320519398807265e-09,0.0014041591461476128,9.805874310262462e-08,2.923868401339643e-07
EFT:1.0104241096782794e-05,2.122547334954209e-06,1.987322000788117e-05,0.499281670416237,6.935296550282277e-09,0.4992816704162441,2.6320519398807075e-09,0.0014041591461476227,9.805874310262393e-08,2.9238684013396224e-07
Random6283
Raw:1.0104241096782723e-05,2.122547334954194e-06,1.9873220007881028e-05,0.49928167041624055,6.93529655028213e-09,0.49928167041624055,2.6320519398806513e-09,0.0014041591461476128,9.805874310262323e-08,2.923868401339602e-07
EFT:1.0104241096782794e-05,2.122547334954209e-06,1.987322000788117e-05,0.499281670416237,6.935296550282277e-09,0.4992816704162441,2.6320519398807075e-09,0.0014041591461476227,9.805874310262393e-08,2.9238684013396224e-07
Random6284
Raw:1.0104241096782938e-05,2.122547334954209e-06,1.987322000788117e-05,0.499281670416237,6.9352965502823754e-09,0.4992816704162441,2.6320519398807824e-09,0.0014041591461476227,9.805874310262532e-08,2.9238684013396637e-07
EFT:1.0104241096782794e-05,2.122547334954209e-06,1.987322000788117e-05,0.499281670416237,6.935296550282277e-09,0.4992816704162441,2.6320519398807075e-09,0.0014041591461476227,9.805874310262393e-08,2.9238684013396224e-07
Random6285
Raw:1.0104241096782938e-05,2.122547334954209e-06,1.987322000788117e-05,0.499281670416237,6.9352965502823754e-09,0.4992816704162441,2.632051939880745e-09,0.0014041591461476227,9.805874310262532e-08,2.9238684013396637e-07
EFT:1.0104241096782794e-05,2.122547334954209e-06,1.987322000788117e-05,0.499281670416237,6.935296550282277e-09,0.4992816704162441,2.6320519398807075e-09,0.0014041591461476227,9.805874310262393e-08,2.9238684013396224e-07
Random6286
Raw:1.0104241096782865e-05,2.122547334954194e-06,1.9873220007881028e-05,0.49928167041623345,6.935296550282327e-09,0.49928167041624766,2.6320519398807638e-09,0.0014041591461476126,9.805874310262324e-08,2.9238684013396436e-07
EFT:1.0104241096782794e-05,2.122547334954209e-06,1.987322000788117e-05,0.499281670416237,6.935296550282277e-09,0.4992816704162441,2.6320519398807075e-09,0.0014041591461476227,9.805874310262393e-08,2.9238684013396224e-07
Random6287
Raw:1.0104241096783009e-05,2.122547334954224e-06,1.987322000788131e-05,0.49928167041623345,6.935296550282327e-09,0.49928167041624766,2.6320519398807638e-09,0.0014041591461476327,9.805874310262462e-08,2.923868401339685e-07
EFT:1.0104241096782794e-05,2.122547334954209e-06,1.987322000788117e-05,0.499281670416237,6.935296550282277e-09,0.4992816704162441,2.6320519398807075e-09,0.0014041591461476227,9.805874310262393e-08,2.9238684013396224e-07
Random6288
Raw:1.0104241096782867e-05,2.122547334954224e-06,1.987322000788131e-05,0.49928167041624055,6.935296550282326e-09,0.49928167041624055,2.6320519398807265e-09,0.0014041591461476327,9.805874310262462e-08,2.923868401339643e-07
EFT:1.0104241096782794e-05,2.122547334954209e-06,1.987322000788117e-05,0.499281670416237,6.935296550282277e-09,0.4992816704162441,2.6320519398807075e-09,0.0014041591461476227,9.805874310262393e-08,2.9238684013396224e-07
Random6289
Raw:1.0104241096783009e-05,2.122547334954224e-06,1.987322000788131e-05,0.49928167041623345,6.935296550282327e-09,0.49928167041624766,2.6320519398807638e-09,0.0014041591461476327,9.805874310262601e-08,2.9238684013396436e-07
EFT:1.0104241096782794e-05,2.122547334954209e-06,1.987322000788117e-05,0.499281670416237,6.935296550282277e-09,0.4992816704162441,2.6320519398807075e-09,0.0014041591461476227,9.805874310262393e-08,2.9238684013396224e-07
Random6290
Raw:1.0104241096782794e-05,2.122547334954209e-06,1.9873220007880885e-05,0.499281670416237,6.9352965502821786e-09,0.4992816704162441,2.6320519398807075e-09,0.0014041591461476026,9.805874310262393e-08,2.9238684013396224e-07
EFT:1.0104241096782794e-05,2.122547334954209e-06,1.987322000788117e-05,0.499281670416237,6.935296550282277e-09,0.4992816704162441,2.6320519398807075e-09,0.0014041591461476227,9.805874310262393e-08,2.9238684013396224e-07
Random6291
Raw:1.0104241096782867e-05,2.122547334954224e-06,1.9873220007881028e-05,0.49928167041624055,6.935296550282326e-09,0.49928167041624055,2.6320519398807265e-09,0.0014041591461476128,9.805874310262462e-08,2.923868401339643e-07
EFT:1.0104241096782794e-05,2.122547334954209e-06,1.987322000788117e-05,0.499281670416237,6.935296550282277e-09,0.4992816704162441,2.6320519398807075e-09,0.0014041591461476227,9.805874310262393e-08,2.9238684013396224e-07
Random6292
Raw:1.0104241096782867e-05,2.122547334954224e-06,1.987322000788131e-05,0.49928167041624055,6.935296550282326e-09,0.49928167041624055,2.6320519398807265e-09,0.0014041591461476327,9.805874310262462e-08,2.923868401339643e-07
EFT:1.0104241096782794e-05,2.122547334954209e-06,1.987322000788117e-05,0.499281670416237,6.935296550282277e-09,0.4992816704162441,2.6320519398807075e-09,0.0014041591461476227,9.805874310262393e-08,2.9238684013396224e-07
Random6293
Raw:1.0104241096782867e-05,2.122547334954194e-06,1.9873220007881028e-05,0.49928167041624055,6.935296550282326e-09,0.49928167041624055,2.6320519398807265e-09,0.0014041591461476128,9.805874310262323e-08,2.923868401339643e-07
EFT:1.0104241096782794e-05,2.122547334954209e-06,1.987322000788117e-05,0.499281670416237,6.935296550282277e-09,0.4992816704162441,2.6320519398807075e-09,0.0014041591461476227,9.805874310262393e-08,2.9238684013396224e-07
Random6294
Raw:1.0104241096782867e-05,2.122547334954224e-06,1.987322000788131e-05,0.49928167041624055,6.935296550282228e-09,0.49928167041624055,2.632051939880689e-09,0.0014041591461476327,9.805874310262323e-08,2.923868401339643e-07
EFT:1.0104241096782794e-05,2.122547334954209e-06,1.987322000788117e-05,0.499281670416237,6.935296550282277e-09,0.4992816704162441,2.6320519398807075e-09,0.0014041591461476227,9.805874310262393e-08,2.9238684013396224e-07
Random6295
Raw:1.0104241096782938e-05,2.122547334954209e-06,1.9873220007880885e-05,0.499281670416237,6.935296550282277e-09,0.4992816704162441,2.632051939880745e-09,0.0014041591461476227,9.805874310262532e-08,2.9238684013396224e-07
EFT:1.0104241096782794e-05,2.122547334954209e-06,1.987322000788117e-05,0.499281670416237,6.935296550282277e-09,0.4992816704162441,2.6320519398807075e-09,0.0014041591461476227,9.805874310262393e-08,2.9238684013396224e-07
Random6296
Raw:1.0104241096782938e-05,2.122547334954209e-06,1.987322000788117e-05,0.499281670416237,6.9352965502823754e-09,0.4992816704162441,2.6320519398807824e-09,0.0014041591461476227,9.805874310262532e-08,2.9238684013396637e-07
EFT:1.0104241096782794e-05,2.122547334954209e-06,1.987322000788117e-05,0.499281670416237,6.935296550282277e-09,0.4992816704162441,2.6320519398807075e-09,0.0014041591461476227,9.805874310262393e-08,2.9238684013396224e-07
Random6297
Raw:1.0104241096783009e-05,2.122547334954194e-06,1.9873220007881028e-05,0.49928167041623345,6.935296550282327e-09,0.49928167041624766,2.6320519398807638e-09,0.0014041591461476126,9.805874310262601e-08,2.9238684013396436e-07
EFT:1.0104241096782794e-05,2.122547334954209e-06,1.987322000788117e-05,0.499281670416237,6.935296550282277e-09,0.4992816704162441,2.6320519398807075e-09,0.0014041591461476227,9.805874310262393e-08,2.9238684013396224e-07
Random6298
Raw:1.0104241096782938e-05,2.122547334954209e-06,1.987322000788117e-05,0.499281670416237,6.935296550282277e-09,0.4992816704162441,2.632051939880745e-09,0.0014041591461476427,9.805874310262393e-08,2.9238684013396224e-07
EFT:1.0104241096782794e-05,2.122547334954209e-06,1.987322000788117e-05,0.499281670416237,6.935296550282277e-09,0.4992816704162441,2.6320519398807075e-09,0.0014041591461476227,9.805874310262393e-08,2.9238684013396224e-07
Random6299
Raw:1.0104241096782867e-05,2.122547334954224e-06,1.987322000788131e-05,0.49928167041624055,6.935296550282326e-09,0.49928167041624055,2.6320519398807265e-09,0.0014041591461476327,9.805874310262462e-08,2.923868401339643e-07
EFT:1.0104241096782794e-05,2.122547334954209e-06,1.987322000788117e-05,0.499281670416237,6.935296550282277e-09,0.4992816704162441,2.6320519398807075e-09,0.0014041591461476227,9.805874310262393e-08,2.9238684013396224e-07
Random6300
Raw:1.0104241096783082e-05,2.122547334954239e-06,1.9873220007881167e-05,0.4992816704162299,6.9352965502823754e-09,0.49928167041625116,2.6320519398808196e-09,0.0014041591461476225,9.805874310262671e-08,2.923868401339664e-07
EFT:1.0104241096782794e-05,2.122547334954209e-06,1.987322000788117e-05,0.499281670416237,6.935296550282277e-09,0.4992816704162441,2.6320519398807075e-09,0.0014041591461476227,9.805874310262393e-08,2.9238684013396224e-07
Random6301
Raw:1.0104241096782938e-05,2.122547334954209e-06,1.9873220007880885e-05,0.499281670416237,6.935296550282277e-09,0.4992816704162441,2.632051939880745e-09,0.0014041591461476227,9.805874310262532e-08,2.9238684013396224e-07
EFT:1.0104241096782794e-05,2.122547334954209e-06,1.987322000788117e-05,0.499281670416237,6.935296550282277e-09,0.4992816704162441,2.6320519398807075e-09,0.0014041591461476227,9.805874310262393e-08,2.9238684013396224e-07
Random6302
Raw:1.0104241096782938e-05,2.122547334954209e-06,1.987322000788117e-05,0.499281670416237,6.935296550282277e-09,0.4992816704162441,2.632051939880745e-09,0.0014041591461476427,9.805874310262393e-08,2.9238684013396224e-07
EFT:1.0104241096782794e-05,2.122547334954209e-06,1.987322000788117e-05,0.499281670416237,6.935296550282277e-09,0.4992816704162441,2.6320519398807075e-09,0.0014041591461476227,9.805874310262393e-08,2.9238684013396224e-07
Random6303
Raw:1.0104241096783009e-05,2.122547334954194e-06,1.9873220007881028e-05,0.49928167041623345,6.935296550282327e-09,0.49928167041624766,2.6320519398807638e-09,0.0014041591461476327,9.805874310262462e-08,2.9238684013396436e-07
EFT:1.0104241096782794e-05,2.122547334954209e-06,1.987322000788117e-05,0.499281670416237,6.935296550282277e-09,0.4992816704162441,2.6320519398807075e-09,0.0014041591461476227,9.805874310262393e-08,2.9238684013396224e-07
Random6304
Raw:1.0104241096782938e-05,2.122547334954239e-06,1.987322000788145e-05,0.499281670416237,6.935296550282277e-09,0.4992816704162441,2.632051939880745e-09,0.0014041591461476427,9.805874310262393e-08,2.9238684013396637e-07
EFT:1.0104241096782794e-05,2.122547334954209e-06,1.987322000788117e-05,0.499281670416237,6.935296550282277e-09,0.4992816704162441,2.6320519398807075e-09,0.0014041591461476227,9.805874310262393e-08,2.9238684013396224e-07
Random6305
Raw:1.0104241096782794e-05,2.122547334954209e-06,1.987322000788117e-05,0.499281670416237,6.9352965502821786e-09,0.4992816704162441,2.632051939880745e-09,0.0014041591461476227,9.805874310262254e-08,2.9238684013396224e-07
EFT:1.0104241096782794e-05,2.122547334954209e-06,1.987322000788117e-05,0.499281670416237,6.935296550282277e-09,0.4992816704162441,2.6320519398807075e-09,0.0014041591461476227,9.805874310262393e-08,2.9238684013396224e-07
Random6306
Raw:1.0104241096782865e-05,2.122547334954194e-06,1.9873220007881028e-05,0.49928167041623345,6.935296550282327e-09,0.49928167041624766,2.632051939880726e-09,0.0014041591461476126,9.805874310262462e-08,2.9238684013396436e-07
EFT:1.0104241096782794e-05,2.122547334954209e-06,1.987322000788117e-05,0.499281670416237,6.935296550282277e-09,0.4992816704162441,2.6320519398807075e-09,0.0014041591461476227,9.805874310262393e-08,2.9238684013396224e-07
Random6307
Raw:1.0104241096782865e-05,2.122547334954194e-06,1.9873220007881028e-05,0.49928167041623345,6.935296550282228e-09,0.49928167041624766,2.632051939880726e-09,0.0014041591461476126,9.805874310262462e-08,2.9238684013396436e-07
EFT:1.0104241096782794e-05,2.122547334954209e-06,1.987322000788117e-05,0.499281670416237,6.935296550282277e-09,0.4992816704162441,2.6320519398807075e-09,0.0014041591461476227,9.805874310262393e-08,2.9238684013396224e-07
Random6308
Raw:1.0104241096782938e-05,2.122547334954239e-06,1.9873220007880885e-05,0.499281670416237,6.935296550282277e-09,0.4992816704162441,2.632051939880745e-09,0.0014041591461476227,9.805874310262532e-08,2.9238684013396224e-07
EFT:1.0104241096782794e-05,2.122547334954209e-06,1.987322000788117e-05,0.499281670416237,6.935296550282277e-09,0.4992816704162441,2.6320519398807075e-09,0.0014041591461476227,9.805874310262393e-08,2.9238684013396224e-07
Random6309
Raw:1.0104241096782794e-05,2.122547334954209e-06,1.987322000788117e-05,0.499281670416237,6.935296550282277e-09,0.4992816704162441,2.632051939880745e-09,0.0014041591461476227,9.805874310262254e-08,2.9238684013396224e-07
EFT:1.0104241096782794e-05,2.122547334954209e-06,1.987322000788117e-05,0.499281670416237,6.935296550282277e-09,0.4992816704162441,2.6320519398807075e-09,0.0014041591461476227,9.805874310262393e-08,2.9238684013396224e-07
Random6310
Raw:1.0104241096782938e-05,2.122547334954239e-06,1.987322000788145e-05,0.499281670416237,6.9352965502823754e-09,0.4992816704162441,2.632051939880745e-09,0.0014041591461476227,9.805874310262532e-08,2.9238684013396637e-07
EFT:1.0104241096782794e-05,2.122547334954209e-06,1.987322000788117e-05,0.499281670416237,6.935296550282277e-09,0.4992816704162441,2.6320519398807075e-09,0.0014041591461476227,9.805874310262393e-08,2.9238684013396224e-07
Random6311
Raw:1.0104241096782938e-05,2.122547334954239e-06,1.987322000788145e-05,0.499281670416237,6.935296550282277e-09,0.4992816704162441,2.632051939880745e-09,0.0014041591461476427,9.805874310262532e-08,2.9238684013396224e-07
EFT:1.0104241096782794e-05,2.122547334954209e-06,1.987322000788117e-05,0.499281670416237,6.935296550282277e-09,0.4992816704162441,2.6320519398807075e-09,0.0014041591461476227,9.805874310262393e-08,2.9238684013396224e-07
Random6312
Raw:1.0104241096782867e-05,2.122547334954224e-06,1.987322000788131e-05,0.49928167041624055,6.935296550282228e-09,0.49928167041624055,2.632051939880689e-09,0.0014041591461476327,9.805874310262462e-08,2.923868401339602e-07
EFT:1.0104241096782794e-05,2.122547334954209e-06,1.987322000788117e-05,0.499281670416237,6.935296550282277e-09,0.4992816704162441,2.6320519398807075e-09,0.0014041591461476227,9.805874310262393e-08,2.9238684013396224e-07
Random6313
Raw:1.0104241096782938e-05,2.122547334954209e-06,1.987322000788117e-05,0.499281670416237,6.935296550282277e-09,0.4992816704162441,2.632051939880745e-09,0.0014041591461476227,9.805874310262532e-08,2.9238684013396224e-07
EFT:1.0104241096782794e-05,2.122547334954209e-06,1.987322000788117e-05,0.499281670416237,6.935296550282277e-09,0.4992816704162441,2.6320519398807075e-09,0.0014041591461476227,9.805874310262393e-08,2.9238684013396224e-07
Random6314
Raw:1.0104241096782723e-05,2.122547334954194e-06,1.9873220007881028e-05,0.49928167041624055,6.935296550282228e-09,0.49928167041624055,2.6320519398806513e-09,0.0014041591461476327,9.805874310262323e-08,2.923868401339602e-07
EFT:1.0104241096782794e-05,2.122547334954209e-06,1.987322000788117e-05,0.499281670416237,6.935296550282277e-09,0.4992816704162441,2.6320519398807075e-09,0.0014041591461476227,9.805874310262393e-08,2.9238684013396224e-07
Random6315
Raw:1.0104241096782938e-05,2.122547334954209e-06,1.987322000788117e-05,0.499281670416237,6.935296550282277e-09,0.4992816704162441,2.632051939880745e-09,0.0014041591461476427,9.805874310262393e-08,2.9238684013396224e-07
EFT:1.0104241096782794e-05,2.122547334954209e-06,1.987322000788117e-05,0.499281670416237,6.935296550282277e-09,0.4992816704162441,2.6320519398807075e-09,0.0014041591461476227,9.805874310262393e-08,2.9238684013396224e-07
Random6316
Raw:1.0104241096782938e-05,2.122547334954209e-06,1.987322000788117e-05,0.499281670416237,6.935296550282277e-09,0.4992816704162441,2.632051939880745e-09,0.0014041591461476227,9.805874310262532e-08,2.9238684013396224e-07
EFT:1.0104241096782794e-05,2.122547334954209e-06,1.987322000788117e-05,0.499281670416237,6.935296550282277e-09,0.4992816704162441,2.6320519398807075e-09,0.0014041591461476227,9.805874310262393e-08,2.9238684013396224e-07
Random6317
Raw:1.0104241096782938e-05,2.122547334954209e-06,1.9873220007880885e-05,0.499281670416237,6.9352965502823754e-09,0.4992816704162441,2.6320519398807824e-09,0.0014041591461476227,9.805874310262532e-08,2.9238684013396637e-07
EFT:1.0104241096782794e-05,2.122547334954209e-06,1.987322000788117e-05,0.499281670416237,6.935296550282277e-09,0.4992816704162441,2.6320519398807075e-09,0.0014041591461476227,9.805874310262393e-08,2.9238684013396224e-07
Random6318
Raw:1.0104241096782794e-05,2.122547334954209e-06,1.987322000788117e-05,0.499281670416237,6.9352965502821786e-09,0.4992816704162441,2.632051939880745e-09,0.0014041591461476227,9.805874310262254e-08,2.9238684013396224e-07
EFT:1.0104241096782794e-05,2.122547334954209e-06,1.987322000788117e-05,0.499281670416237,6.935296550282277e-09,0.4992816704162441,2.6320519398807075e-09,0.0014041591461476227,9.805874310262393e-08,2.9238684013396224e-07
Random6319
Raw:1.0104241096782938e-05,2.122547334954209e-06,1.987322000788117e-05,0.499281670416237,6.9352965502823754e-09,0.4992816704162441,2.6320519398807824e-09,0.0014041591461476227,9.805874310262532e-08,2.9238684013396637e-07
EFT:1.0104241096782794e-05,2.122547334954209e-06,1.987322000788117e-05,0.499281670416237,6.935296550282277e-09,0.4992816704162441,2.6320519398807075e-09,0.0014041591461476227,9.805874310262393e-08,2.9238684013396224e-07
Random6320
Raw:1.0104241096782865e-05,2.122547334954194e-06,1.9873220007881028e-05,0.49928167041623345,6.935296550282327e-09,0.49928167041624766,2.632051939880726e-09,0.0014041591461476126,9.805874310262462e-08,2.9238684013396436e-07
EFT:1.0104241096782794e-05,2.122547334954209e-06,1.987322000788117e-05,0.499281670416237,6.935296550282277e-09,0.4992816704162441,2.6320519398807075e-09,0.0014041591461476227,9.805874310262393e-08,2.9238684013396224e-07
Random6321
Raw:1.0104241096782867e-05,2.122547334954194e-06,1.9873220007881028e-05,0.49928167041624055,6.935296550282326e-09,0.49928167041624055,2.6320519398807265e-09,0.0014041591461476128,9.805874310262323e-08,2.923868401339643e-07
EFT:1.0104241096782794e-05,2.122547334954209e-06,1.987322000788117e-05,0.499281670416237,6.935296550282277e-09,0.4992816704162441,2.6320519398807075e-09,0.0014041591461476227,9.805874310262393e-08,2.9238684013396224e-07
Random6322
Raw:1.0104241096783009e-05,2.122547334954194e-06,1.9873220007881028e-05,0.49928167041623345,6.935296550282327e-09,0.49928167041624766,2.6320519398807638e-09,0.0014041591461476327,9.805874310262462e-08,2.9238684013396436e-07
EFT:1.0104241096782794e-05,2.122547334954209e-06,1.987322000788117e-05,0.499281670416237,6.935296550282277e-09,0.4992816704162441,2.6320519398807075e-09,0.0014041591461476227,9.805874310262393e-08,2.9238684013396224e-07
Random6323
Raw:1.0104241096782867e-05,2.122547334954224e-06,1.987322000788131e-05,0.49928167041624055,6.935296550282326e-09,0.49928167041624055,2.6320519398807265e-09,0.0014041591461476327,9.805874310262462e-08,2.923868401339643e-07
EFT:1.0104241096782794e-05,2.122547334954209e-06,1.987322000788117e-05,0.499281670416237,6.935296550282277e-09,0.4992816704162441,2.6320519398807075e-09,0.0014041591461476227,9.805874310262393e-08,2.9238684013396224e-07
Random6324
Raw:1.0104241096782867e-05,2.122547334954224e-06,1.987322000788131e-05,0.49928167041624055,6.935296550282326e-09,0.49928167041624055,2.6320519398807265e-09,0.0014041591461476327,9.805874310262462e-08,2.923868401339643e-07
EFT:1.0104241096782794e-05,2.122547334954209e-06,1.987322000788117e-05,0.499281670416237,6.935296550282277e-09,0.4992816704162441,2.6320519398807075e-09,0.0014041591461476227,9.805874310262393e-08,2.9238684013396224e-07
Random6325
Raw:1.0104241096782938e-05,2.122547334954239e-06,1.987322000788117e-05,0.499281670416237,6.935296550282277e-09,0.4992816704162441,2.632051939880745e-09,0.0014041591461476427,9.805874310262393e-08,2.9238684013396637e-07
EFT:1.0104241096782794e-05,2.122547334954209e-06,1.987322000788117e-05,0.499281670416237,6.935296550282277e-09,0.4992816704162441,2.6320519398807075e-09,0.0014041591461476227,9.805874310262393e-08,2.9238684013396224e-07
Random6326
Raw:1.0104241096782867e-05,2.122547334954224e-06,1.987322000788131e-05,0.49928167041624055,6.935296550282326e-09,0.49928167041624055,2.6320519398807265e-09,0.0014041591461476327,9.805874310262462e-08,2.923868401339643e-07
EFT:1.0104241096782794e-05,2.122547334954209e-06,1.987322000788117e-05,0.499281670416237,6.935296550282277e-09,0.4992816704162441,2.6320519398807075e-09,0.0014041591461476227,9.805874310262393e-08,2.9238684013396224e-07
Random6327
Raw:1.0104241096782938e-05,2.122547334954239e-06,1.987322000788117e-05,0.499281670416237,6.935296550282277e-09,0.4992816704162441,2.632051939880745e-09,0.0014041591461476427,9.805874310262532e-08,2.9238684013396224e-07
EFT:1.0104241096782794e-05,2.122547334954209e-06,1.987322000788117e-05,0.499281670416237,6.935296550282277e-09,0.4992816704162441,2.6320519398807075e-09,0.0014041591461476227,9.805874310262393e-08,2.9238684013396224e-07
Random6328
Raw:1.0104241096782867e-05,2.122547334954194e-06,1.9873220007881028e-05,0.49928167041624055,6.935296550282228e-09,0.49928167041624055,2.632051939880689e-09,0.0014041591461476128,9.805874310262462e-08,2.923868401339602e-07
EFT:1.0104241096782794e-05,2.122547334954209e-06,1.987322000788117e-05,0.499281670416237,6.935296550282277e-09,0.4992816704162441,2.6320519398807075e-09,0.0014041591461476227,9.805874310262393e-08,2.9238684013396224e-07
Random6329
Raw:1.0104241096782938e-05,2.122547334954209e-06,1.987322000788117e-05,0.499281670416237,6.9352965502823754e-09,0.4992816704162441,2.632051939880745e-09,0.0014041591461476227,9.805874310262393e-08,2.9238684013396637e-07
EFT:1.0104241096782794e-05,2.122547334954209e-06,1.987322000788117e-05,0.499281670416237,6.935296550282277e-09,0.4992816704162441,2.6320519398807075e-09,0.0014041591461476227,9.805874310262393e-08,2.9238684013396224e-07
Random6330
Raw:1.0104241096782938e-05,2.122547334954209e-06,1.987322000788117e-05,0.499281670416237,6.935296550282277e-09,0.4992816704162441,2.632051939880745e-09,0.0014041591461476227,9.805874310262532e-08,2.9238684013396224e-07
EFT:1.0104241096782794e-05,2.122547334954209e-06,1.987322000788117e-05,0.499281670416237,6.935296550282277e-09,0.4992816704162441,2.6320519398807075e-09,0.0014041591461476227,9.805874310262393e-08,2.9238684013396224e-07
Random6331
Raw:1.0104241096782867e-05,2.122547334954194e-06,1.9873220007881028e-05,0.49928167041624055,6.935296550282326e-09,0.49928167041624055,2.6320519398807265e-09,0.0014041591461476128,9.805874310262323e-08,2.923868401339643e-07
EFT:1.0104241096782794e-05,2.122547334954209e-06,1.987322000788117e-05,0.499281670416237,6.935296550282277e-09,0.4992816704162441,2.6320519398807075e-09,0.0014041591461476227,9.805874310262393e-08,2.9238684013396224e-07
Random6332
Raw:1.0104241096782867e-05,2.122547334954194e-06,1.9873220007881028e-05,0.49928167041624055,6.935296550282326e-09,0.49928167041624055,2.6320519398807265e-09,0.0014041591461476128,9.805874310262602e-08,2.923868401339643e-07
EFT:1.0104241096782794e-05,2.122547334954209e-06,1.987322000788117e-05,0.499281670416237,6.935296550282277e-09,0.4992816704162441,2.6320519398807075e-09,0.0014041591461476227,9.805874310262393e-08,2.9238684013396224e-07
Random6333
Raw:1.0104241096782938e-05,2.122547334954209e-06,1.9873220007880885e-05,0.499281670416237,6.935296550282277e-09,0.4992816704162441,2.632051939880745e-09,0.0014041591461476227,9.805874310262532e-08,2.9238684013396224e-07
EFT:1.0104241096782794e-05,2.122547334954209e-06,1.987322000788117e-05,0.499281670416237,6.935296550282277e-09,0.4992816704162441,2.6320519398807075e-09,0.0014041591461476227,9.805874310262393e-08,2.9238684013396224e-07
Random6334
Raw:1.0104241096782867e-05,2.122547334954224e-06,1.987322000788131e-05,0.49928167041624055,6.935296550282326e-09,0.49928167041624055,2.6320519398807638e-09,0.0014041591461476327,9.805874310262462e-08,2.923868401339643e-07
EFT:1.0104241096782794e-05,2.122547334954209e-06,1.987322000788117e-05,0.499281670416237,6.935296550282277e-09,0.4992816704162441,2.6320519398807075e-09,0.0014041591461476227,9.805874310262393e-08,2.9238684013396224e-07
Random6335
Raw:1.0104241096782723e-05,2.122547334954194e-06,1.9873220007881028e-05,0.49928167041624055,6.93529655028213e-09,0.49928167041624055,2.6320519398806513e-09,0.0014041591461476128,9.805874310262323e-08,2.923868401339602e-07
EFT:1.0104241096782794e-05,2.122547334954209e-06,1.987322000788117e-05,0.499281670416237,6.935296550282277e-09,0.4992816704162441,2.6320519398807075e-09,0.0014041591461476227,9.805874310262393e-08,2.9238684013396224e-07
Random6336
Raw:1.0104241096782867e-05,2.122547334954224e-06,1.987322000788131e-05,0.49928167041624055,6.935296550282326e-09,0.49928167041624055,2.6320519398807265e-09,0.0014041591461476327,9.805874310262323e-08,2.923868401339643e-07
EFT:1.0104241096782794e-05,2.122547334954209e-06,1.987322000788117e-05,0.499281670416237,6.935296550282277e-09,0.4992816704162441,2.6320519398807075e-09,0.0014041591461476227,9.805874310262393e-08,2.9238684013396224e-07
Random6337
Raw:1.0104241096783009e-05,2.122547334954224e-06,1.987322000788131e-05,0.49928167041623345,6.935296550282327e-09,0.49928167041624766,2.6320519398807638e-09,0.0014041591461476327,9.805874310262462e-08,2.923868401339685e-07
EFT:1.0104241096782794e-05,2.122547334954209e-06,1.987322000788117e-05,0.499281670416237,6.935296550282277e-09,0.4992816704162441,2.6320519398807075e-09,0.0014041591461476227,9.805874310262393e-08,2.9238684013396224e-07
Random6338
Raw:1.0104241096782794e-05,2.122547334954209e-06,1.987322000788117e-05,0.4992816704162441,6.935296550282277e-09,0.499281670416237,2.6320519398807075e-09,0.0014041591461476427,9.805874310262393e-08,2.9238684013396224e-07
EFT:1.0104241096782794e-05,2.122547334954209e-06,1.987322000788117e-05,0.499281670416237,6.935296550282277e-09,0.4992816704162441,2.6320519398807075e-09,0.0014041591461476227,9.805874310262393e-08,2.9238684013396224e-07
Random6339
Raw:1.0104241096782938e-05,2.122547334954239e-06,1.987322000788145e-05,0.499281670416237,6.935296550282277e-09,0.4992816704162441,2.632051939880745e-09,0.0014041591461476427,9.805874310262393e-08,2.9238684013396637e-07
EFT:1.0104241096782794e-05,2.122547334954209e-06,1.987322000788117e-05,0.499281670416237,6.935296550282277e-09,0.4992816704162441,2.6320519398807075e-09,0.0014041591461476227,9.805874310262393e-08,2.9238684013396224e-07
Random6340
Raw:1.0104241096782938e-05,2.122547334954239e-06,1.987322000788117e-05,0.499281670416237,6.935296550282277e-09,0.4992816704162441,2.632051939880745e-09,0.0014041591461476427,9.805874310262532e-08,2.9238684013396224e-07
EFT:1.0104241096782794e-05,2.122547334954209e-06,1.987322000788117e-05,0.499281670416237,6.935296550282277e-09,0.4992816704162441,2.6320519398807075e-09,0.0014041591461476227,9.805874310262393e-08,2.9238684013396224e-07
Random6341
Raw:1.0104241096782794e-05,2.122547334954209e-06,1.987322000788117e-05,0.499281670416237,6.935296550282277e-09,0.4992816704162441,2.6320519398807075e-09,0.0014041591461476227,9.805874310262393e-08,2.9238684013396224e-07
EFT:1.0104241096782794e-05,2.122547334954209e-06,1.987322000788117e-05,0.499281670416237,6.935296550282277e-09,0.4992816704162441,2.6320519398807075e-09,0.0014041591461476227,9.805874310262393e-08,2.9238684013396224e-07
Random6342
Raw:1.0104241096782794e-05,2.122547334954209e-06,1.987322000788117e-05,0.499281670416237,6.9352965502821786e-09,0.4992816704162441,2.6320519398807075e-09,0.0014041591461476026,9.805874310262393e-08,2.9238684013396224e-07
EFT:1.0104241096782794e-05,2.122547334954209e-06,1.987322000788117e-05,0.499281670416237,6.935296550282277e-09,0.4992816704162441,2.6320519398807075e-09,0.0014041591461476227,9.805874310262393e-08,2.9238684013396224e-07
Random6343
Raw:1.0104241096782867e-05,2.122547334954224e-06,1.9873220007881028e-05,0.49928167041624055,6.935296550282326e-09,0.49928167041624055,2.6320519398807638e-09,0.0014041591461476128,9.805874310262462e-08,2.923868401339643e-07
EFT:1.0104241096782794e-05,2.122547334954209e-06,1.987322000788117e-05,0.499281670416237,6.935296550282277e-09,0.4992816704162441,2.6320519398807075e-09,0.0014041591461476227,9.805874310262393e-08,2.9238684013396224e-07
Random6344
Raw:1.0104241096782938e-05,2.122547334954239e-06,1.987322000788145e-05,0.499281670416237,6.935296550282277e-09,0.4992816704162441,2.632051939880745e-09,0.0014041591461476427,9.805874310262532e-08,2.9238684013396224e-07
EFT:1.0104241096782794e-05,2.122547334954209e-06,1.987322000788117e-05,0.499281670416237,6.935296550282277e-09,0.4992816704162441,2.6320519398807075e-09,0.0014041591461476227,9.805874310262393e-08,2.9238684013396224e-07
Random6345
Raw:1.0104241096782938e-05,2.122547334954209e-06,1.9873220007880885e-05,0.499281670416237,6.935296550282277e-09,0.4992816704162441,2.632051939880745e-09,0.0014041591461476227,9.805874310262393e-08,2.9238684013396224e-07
EFT:1.0104241096782794e-05,2.122547334954209e-06,1.987322000788117e-05,0.499281670416237,6.935296550282277e-09,0.4992816704162441,2.6320519398807075e-09,0.0014041591461476227,9.805874310262393e-08,2.9238684013396224e-07
Random6346
Raw:1.0104241096782867e-05,2.122547334954224e-06,1.987322000788131e-05,0.49928167041624055,6.935296550282326e-09,0.49928167041624055,2.6320519398807265e-09,0.0014041591461476327,9.805874310262462e-08,2.923868401339643e-07
EFT:1.0104241096782794e-05,2.122547334954209e-06,1.987322000788117e-05,0.499281670416237,6.935296550282277e-09,0.4992816704162441,2.6320519398807075e-09,0.0014041591461476227,9.805874310262393e-08,2.9238684013396224e-07
Random6347
Raw:1.0104241096782938e-05,2.122547334954209e-06,1.987322000788117e-05,0.499281670416237,6.9352965502823754e-09,0.4992816704162441,2.632051939880745e-09,0.0014041591461476227,9.805874310262532e-08,2.9238684013396637e-07
EFT:1.0104241096782794e-05,2.122547334954209e-06,1.987322000788117e-05,0.499281670416237,6.935296550282277e-09,0.4992816704162441,2.6320519398807075e-09,0.0014041591461476227,9.805874310262393e-08,2.9238684013396224e-07
Random6348
Raw:1.0104241096782938e-05,2.122547334954209e-06,1.987322000788117e-05,0.499281670416237,6.9352965502823754e-09,0.4992816704162441,2.632051939880745e-09,0.0014041591461476227,9.805874310262672e-08,2.9238684013396637e-07
EFT:1.0104241096782794e-05,2.122547334954209e-06,1.987322000788117e-05,0.499281670416237,6.935296550282277e-09,0.4992816704162441,2.6320519398807075e-09,0.0014041591461476227,9.805874310262393e-08,2.9238684013396224e-07
Random6349
Raw:1.0104241096782867e-05,2.122547334954224e-06,1.987322000788131e-05,0.49928167041624055,6.935296550282228e-09,0.49928167041624055,2.632051939880689e-09,0.0014041591461476327,9.805874310262323e-08,2.923868401339643e-07
EFT:1.0104241096782794e-05,2.122547334954209e-06,1.987322000788117e-05,0.499281670416237,6.935296550282277e-09,0.4992816704162441,2.6320519398807075e-09,0.0014041591461476227,9.805874310262393e-08,2.9238684013396224e-07
Random6350
Raw:1.0104241096782794e-05,2.122547334954209e-06,1.987322000788117e-05,0.4992816704162441,6.935296550282277e-09,0.499281670416237,2.63205193988067e-09,0.0014041591461476227,9.805874310262254e-08,2.9238684013396224e-07
EFT:1.0104241096782794e-05,2.122547334954209e-06,1.987322000788117e-05,0.499281670416237,6.935296550282277e-09,0.4992816704162441,2.6320519398807075e-09,0.0014041591461476227,9.805874310262393e-08,2.9238684013396224e-07
Random6351
Raw:1.0104241096783009e-05,2.122547334954224e-06,1.987322000788131e-05,0.49928167041623345,6.935296550282327e-09,0.49928167041624766,2.6320519398807638e-09,0.0014041591461476327,9.805874310262601e-08,2.9238684013396436e-07
EFT:1.0104241096782794e-05,2.122547334954209e-06,1.987322000788117e-05,0.499281670416237,6.935296550282277e-09,0.4992816704162441,2.6320519398807075e-09,0.0014041591461476227,9.805874310262393e-08,2.9238684013396224e-07
Random6352
Raw:1.0104241096782867e-05,2.122547334954224e-06,1.987322000788131e-05,0.49928167041624055,6.935296550282326e-09,0.49928167041624055,2.6320519398807265e-09,0.0014041591461476327,9.805874310262462e-08,2.923868401339643e-07
EFT:1.0104241096782794e-05,2.122547334954209e-06,1.987322000788117e-05,0.499281670416237,6.935296550282277e-09,0.4992816704162441,2.6320519398807075e-09,0.0014041591461476227,9.805874310262393e-08,2.9238684013396224e-07
Random6353
Raw:1.0104241096783009e-05,2.122547334954194e-06,1.9873220007881028e-05,0.49928167041623345,6.935296550282327e-09,0.49928167041624766,2.6320519398807638e-09,0.0014041591461476327,9.805874310262462e-08,2.9238684013396436e-07
EFT:1.0104241096782794e-05,2.122547334954209e-06,1.987322000788117e-05,0.499281670416237,6.935296550282277e-09,0.4992816704162441,2.6320519398807075e-09,0.0014041591461476227,9.805874310262393e-08,2.9238684013396224e-07
Random6354
Raw:1.0104241096782938e-05,2.122547334954209e-06,1.987322000788117e-05,0.499281670416237,6.9352965502823754e-09,0.4992816704162441,2.6320519398807824e-09,0.0014041591461476227,9.805874310262532e-08,2.9238684013396637e-07
EFT:1.0104241096782794e-05,2.122547334954209e-06,1.987322000788117e-05,0.499281670416237,6.935296550282277e-09,0.4992816704162441,2.6320519398807075e-09,0.0014041591461476227,9.805874310262393e-08,2.9238684013396224e-07
Random6355
Raw:1.0104241096782794e-05,2.122547334954209e-06,1.9873220007880885e-05,0.499281670416237,6.935296550282277e-09,0.4992816704162441,2.6320519398807075e-09,0.0014041591461476026,9.805874310262393e-08,2.9238684013396224e-07
EFT:1.0104241096782794e-05,2.122547334954209e-06,1.987322000788117e-05,0.499281670416237,6.935296550282277e-09,0.4992816704162441,2.6320519398807075e-09,0.0014041591461476227,9.805874310262393e-08,2.9238684013396224e-07
Random6356
Raw:1.0104241096783009e-05,2.122547334954224e-06,1.987322000788131e-05,0.49928167041623345,6.935296550282327e-09,0.49928167041624766,2.6320519398807638e-09,0.0014041591461476327,9.805874310262601e-08,2.9238684013396436e-07
EFT:1.0104241096782794e-05,2.122547334954209e-06,1.987322000788117e-05,0.499281670416237,6.935296550282277e-09,0.4992816704162441,2.6320519398807075e-09,0.0014041591461476227,9.805874310262393e-08,2.9238684013396224e-07
Random6357
Raw:1.0104241096782938e-05,2.122547334954209e-06,1.987322000788117e-05,0.499281670416237,6.9352965502823754e-09,0.4992816704162441,2.632051939880745e-09,0.0014041591461476227,9.805874310262532e-08,2.9238684013396637e-07
EFT:1.0104241096782794e-05,2.122547334954209e-06,1.987322000788117e-05,0.499281670416237,6.935296550282277e-09,0.4992816704162441,2.6320519398807075e-09,0.0014041591461476227,9.805874310262393e-08,2.9238684013396224e-07
Random6358
Raw:1.0104241096782867e-05,2.122547334954224e-06,1.9873220007881028e-05,0.49928167041624055,6.935296550282326e-09,0.49928167041624055,2.6320519398807265e-09,0.0014041591461476327,9.805874310262602e-08,2.923868401339643e-07
EFT:1.0104241096782794e-05,2.122547334954209e-06,1.987322000788117e-05,0.499281670416237,6.935296550282277e-09,0.4992816704162441,2.6320519398807075e-09,0.0014041591461476227,9.805874310262393e-08,2.9238684013396224e-07
Random6359
Raw:1.0104241096782938e-05,2.122547334954239e-06,1.987322000788117e-05,0.499281670416237,6.935296550282277e-09,0.4992816704162441,2.632051939880745e-09,0.0014041591461476227,9.805874310262532e-08,2.9238684013396224e-07
EFT:1.0104241096782794e-05,2.122547334954209e-06,1.987322000788117e-05,0.499281670416237,6.935296550282277e-09,0.4992816704162441,2.6320519398807075e-09,0.0014041591461476227,9.805874310262393e-08,2.9238684013396224e-07
Random6360
Raw:1.0104241096782867e-05,2.122547334954224e-06,1.9873220007881028e-05,0.49928167041624055,6.935296550282326e-09,0.49928167041624055,2.6320519398807265e-09,0.0014041591461476128,9.805874310262462e-08,2.923868401339643e-07
EFT:1.0104241096782794e-05,2.122547334954209e-06,1.987322000788117e-05,0.499281670416237,6.935296550282277e-09,0.4992816704162441,2.6320519398807075e-09,0.0014041591461476227,9.805874310262393e-08,2.9238684013396224e-07
Random6361
Raw:1.0104241096782938e-05,2.122547334954209e-06,1.987322000788117e-05,0.499281670416237,6.935296550282277e-09,0.4992816704162441,2.632051939880745e-09,0.0014041591461476227,9.805874310262532e-08,2.9238684013396224e-07
EFT:1.0104241096782794e-05,2.122547334954209e-06,1.987322000788117e-05,0.499281670416237,6.935296550282277e-09,0.4992816704162441,2.6320519398807075e-09,0.0014041591461476227,9.805874310262393e-08,2.9238684013396224e-07
Random6362
Raw:1.0104241096782867e-05,2.122547334954224e-06,1.9873220007881028e-05,0.49928167041624055,6.935296550282326e-09,0.49928167041624055,2.6320519398807265e-09,0.0014041591461476327,9.805874310262323e-08,2.923868401339643e-07
EFT:1.0104241096782794e-05,2.122547334954209e-06,1.987322000788117e-05,0.499281670416237,6.935296550282277e-09,0.4992816704162441,2.6320519398807075e-09,0.0014041591461476227,9.805874310262393e-08,2.9238684013396224e-07
Random6363
Raw:1.0104241096782867e-05,2.122547334954224e-06,1.987322000788131e-05,0.49928167041624055,6.935296550282326e-09,0.49928167041624055,2.6320519398807265e-09,0.0014041591461476128,9.805874310262462e-08,2.923868401339643e-07
EFT:1.0104241096782794e-05,2.122547334954209e-06,1.987322000788117e-05,0.499281670416237,6.935296550282277e-09,0.4992816704162441,2.6320519398807075e-09,0.0014041591461476227,9.805874310262393e-08,2.9238684013396224e-07
Random6364
Raw:1.0104241096782938e-05,2.122547334954239e-06,1.987322000788145e-05,0.499281670416237,6.935296550282277e-09,0.4992816704162441,2.632051939880745e-09,0.0014041591461476427,9.805874310262393e-08,2.9238684013396637e-07
EFT:1.0104241096782794e-05,2.122547334954209e-06,1.987322000788117e-05,0.499281670416237,6.935296550282277e-09,0.4992816704162441,2.6320519398807075e-09,0.0014041591461476227,9.805874310262393e-08,2.9238684013396224e-07
Random6365
Raw:1.0104241096782867e-05,2.122547334954224e-06,1.9873220007881028e-05,0.49928167041624055,6.935296550282326e-09,0.49928167041624055,2.6320519398807265e-09,0.0014041591461476128,9.805874310262462e-08,2.923868401339643e-07
EFT:1.0104241096782794e-05,2.122547334954209e-06,1.987322000788117e-05,0.499281670416237,6.935296550282277e-09,0.4992816704162441,2.6320519398807075e-09,0.0014041591461476227,9.805874310262393e-08,2.9238684013396224e-07
Random6366
Raw:1.0104241096782938e-05,2.122547334954209e-06,1.987322000788117e-05,0.499281670416237,6.935296550282277e-09,0.4992816704162441,2.632051939880745e-09,0.0014041591461476227,9.805874310262532e-08,2.9238684013396224e-07
EFT:1.0104241096782794e-05,2.122547334954209e-06,1.987322000788117e-05,0.499281670416237,6.935296550282277e-09,0.4992816704162441,2.6320519398807075e-09,0.0014041591461476227,9.805874310262393e-08,2.9238684013396224e-07
Random6367
Raw:1.0104241096782938e-05,2.122547334954209e-06,1.987322000788117e-05,0.499281670416237,6.9352965502823754e-09,0.4992816704162441,2.632051939880745e-09,0.0014041591461476227,9.805874310262672e-08,2.9238684013396637e-07
EFT:1.0104241096782794e-05,2.122547334954209e-06,1.987322000788117e-05,0.499281670416237,6.935296550282277e-09,0.4992816704162441,2.6320519398807075e-09,0.0014041591461476227,9.805874310262393e-08,2.9238684013396224e-07
Random6368
Raw:1.0104241096782938e-05,2.122547334954209e-06,1.987322000788117e-05,0.499281670416237,6.9352965502823754e-09,0.4992816704162441,2.632051939880745e-09,0.0014041591461476227,9.805874310262672e-08,2.9238684013396637e-07
EFT:1.0104241096782794e-05,2.122547334954209e-06,1.987322000788117e-05,0.499281670416237,6.935296550282277e-09,0.4992816704162441,2.6320519398807075e-09,0.0014041591461476227,9.805874310262393e-08,2.9238684013396224e-07
Random6369
Raw:1.0104241096782867e-05,2.122547334954224e-06,1.987322000788131e-05,0.49928167041624055,6.935296550282326e-09,0.49928167041624055,2.6320519398807265e-09,0.0014041591461476327,9.805874310262462e-08,2.923868401339643e-07
EFT:1.0104241096782794e-05,2.122547334954209e-06,1.987322000788117e-05,0.499281670416237,6.935296550282277e-09,0.4992816704162441,2.6320519398807075e-09,0.0014041591461476227,9.805874310262393e-08,2.9238684013396224e-07
Random6370
Raw:1.0104241096782723e-05,2.122547334954194e-06,1.9873220007881028e-05,0.49928167041624055,6.93529655028213e-09,0.49928167041624055,2.6320519398806513e-09,0.0014041591461476327,9.805874310262323e-08,2.923868401339602e-07
EFT:1.0104241096782794e-05,2.122547334954209e-06,1.987322000788117e-05,0.499281670416237,6.935296550282277e-09,0.4992816704162441,2.6320519398807075e-09,0.0014041591461476227,9.805874310262393e-08,2.9238684013396224e-07
Random6371
Raw:1.0104241096782794e-05,2.122547334954209e-06,1.9873220007880885e-05,0.499281670416237,6.935296550282277e-09,0.4992816704162441,2.632051939880745e-09,0.0014041591461476227,9.805874310262254e-08,2.9238684013396224e-07
EFT:1.0104241096782794e-05,2.122547334954209e-06,1.987322000788117e-05,0.499281670416237,6.935296550282277e-09,0.4992816704162441,2.6320519398807075e-09,0.0014041591461476227,9.805874310262393e-08,2.9238684013396224e-07
Random6372
Raw:1.0104241096782865e-05,2.122547334954194e-06,1.9873220007881028e-05,0.49928167041623345,6.935296550282228e-09,0.49928167041624766,2.632051939880726e-09,0.0014041591461476327,9.805874310262462e-08,2.923868401339602e-07
EFT:1.0104241096782794e-05,2.122547334954209e-06,1.987322000788117e-05,0.499281670416237,6.935296550282277e-09,0.4992816704162441,2.6320519398807075e-09,0.0014041591461476227,9.805874310262393e-08,2.9238684013396224e-07
Random6373
Raw:1.0104241096782865e-05,2.122547334954194e-06,1.9873220007881028e-05,0.49928167041623345,6.935296550282327e-09,0.49928167041624766,2.6320519398807638e-09,0.0014041591461476126,9.805874310262324e-08,2.9238684013396436e-07
EFT:1.0104241096782794e-05,2.122547334954209e-06,1.987322000788117e-05,0.499281670416237,6.935296550282277e-09,0.4992816704162441,2.6320519398807075e-09,0.0014041591461476227,9.805874310262393e-08,2.9238684013396224e-07
Random6374
Raw:1.0104241096783009e-05,2.122547334954194e-06,1.9873220007881028e-05,0.49928167041623345,6.935296550282327e-09,0.49928167041624766,2.6320519398807638e-09,0.0014041591461476126,9.805874310262601e-08,2.9238684013396436e-07
EFT:1.0104241096782794e-05,2.122547334954209e-06,1.987322000788117e-05,0.499281670416237,6.935296550282277e-09,0.4992816704162441,2.6320519398807075e-09,0.0014041591461476227,9.805874310262393e-08,2.9238684013396224e-07
Random6375
Raw:1.0104241096782867e-05,2.122547334954224e-06,1.9873220007881028e-05,0.49928167041624055,6.935296550282326e-09,0.49928167041624055,2.6320519398807265e-09,0.0014041591461476128,9.805874310262462e-08,2.923868401339643e-07
EFT:1.0104241096782794e-05,2.122547334954209e-06,1.987322000788117e-05,0.499281670416237,6.935296550282277e-09,0.4992816704162441,2.6320519398807075e-09,0.0014041591461476227,9.805874310262393e-08,2.9238684013396224e-07
Random6376
Raw:1.0104241096782938e-05,2.122547334954209e-06,1.987322000788117e-05,0.499281670416237,6.935296550282277e-09,0.4992816704162441,2.632051939880745e-09,0.0014041591461476427,9.805874310262393e-08,2.9238684013396224e-07
EFT:1.0104241096782794e-05,2.122547334954209e-06,1.987322000788117e-05,0.499281670416237,6.935296550282277e-09,0.4992816704162441,2.6320519398807075e-09,0.0014041591461476227,9.805874310262393e-08,2.9238684013396224e-07
Random6377
Raw:1.0104241096782867e-05,2.1225473349542546e-06,1.987322000788131e-05,0.49928167041624055,6.935296550282326e-09,0.49928167041624055,2.6320519398807638e-09,0.0014041591461476327,9.805874310262462e-08,2.923868401339643e-07
EFT:1.0104241096782794e-05,2.122547334954209e-06,1.987322000788117e-05,0.499281670416237,6.935296550282277e-09,0.4992816704162441,2.6320519398807075e-09,0.0014041591461476227,9.805874310262393e-08,2.9238684013396224e-07
Random6378
Raw:1.0104241096782938e-05,2.122547334954209e-06,1.987322000788117e-05,0.499281670416237,6.9352965502823754e-09,0.4992816704162441,2.632051939880745e-09,0.0014041591461476227,9.805874310262532e-08,2.9238684013396637e-07
EFT:1.0104241096782794e-05,2.122547334954209e-06,1.987322000788117e-05,0.499281670416237,6.935296550282277e-09,0.4992816704162441,2.6320519398807075e-09,0.0014041591461476227,9.805874310262393e-08,2.9238684013396224e-07
Random6379
Raw:1.0104241096782938e-05,2.122547334954209e-06,1.987322000788117e-05,0.499281670416237,6.935296550282277e-09,0.4992816704162441,2.632051939880745e-09,0.0014041591461476427,9.805874310262393e-08,2.9238684013396224e-07
EFT:1.0104241096782794e-05,2.122547334954209e-06,1.987322000788117e-05,0.499281670416237,6.935296550282277e-09,0.4992816704162441,2.6320519398807075e-09,0.0014041591461476227,9.805874310262393e-08,2.9238684013396224e-07
Random6380
Raw:1.0104241096783009e-05,2.122547334954224e-06,1.9873220007881028e-05,0.49928167041623345,6.935296550282327e-09,0.49928167041624766,2.6320519398807638e-09,0.0014041591461476327,9.805874310262601e-08,2.9238684013396436e-07
EFT:1.0104241096782794e-05,2.122547334954209e-06,1.987322000788117e-05,0.499281670416237,6.935296550282277e-09,0.4992816704162441,2.6320519398807075e-09,0.0014041591461476227,9.805874310262393e-08,2.9238684013396224e-07
Random6381
Raw:1.0104241096782938e-05,2.122547334954209e-06,1.987322000788117e-05,0.499281670416237,6.9352965502823754e-09,0.4992816704162441,2.632051939880745e-09,0.0014041591461476227,9.805874310262532e-08,2.9238684013396637e-07
EFT:1.0104241096782794e-05,2.122547334954209e-06,1.987322000788117e-05,0.499281670416237,6.935296550282277e-09,0.4992816704162441,2.6320519398807075e-09,0.0014041591461476227,9.805874310262393e-08,2.9238684013396224e-07
Random6382
Raw:1.0104241096782938e-05,2.122547334954239e-06,1.987322000788145e-05,0.499281670416237,6.9352965502823754e-09,0.4992816704162441,2.632051939880745e-09,0.0014041591461476427,9.805874310262532e-08,2.9238684013396637e-07
EFT:1.0104241096782794e-05,2.122547334954209e-06,1.987322000788117e-05,0.499281670416237,6.935296550282277e-09,0.4992816704162441,2.6320519398807075e-09,0.0014041591461476227,9.805874310262393e-08,2.9238684013396224e-07
Random6383
Raw:1.0104241096782938e-05,2.122547334954239e-06,1.987322000788145e-05,0.499281670416237,6.935296550282277e-09,0.4992816704162441,2.632051939880745e-09,0.0014041591461476227,9.805874310262532e-08,2.9238684013396224e-07
EFT:1.0104241096782794e-05,2.122547334954209e-06,1.987322000788117e-05,0.499281670416237,6.935296550282277e-09,0.4992816704162441,2.6320519398807075e-09,0.0014041591461476227,9.805874310262393e-08,2.9238684013396224e-07
Random6384
Raw:1.0104241096783009e-05,2.122547334954194e-06,1.9873220007881028e-05,0.49928167041623345,6.935296550282327e-09,0.49928167041624766,2.6320519398807638e-09,0.0014041591461476327,9.805874310262462e-08,2.9238684013396436e-07
EFT:1.0104241096782794e-05,2.122547334954209e-06,1.987322000788117e-05,0.499281670416237,6.935296550282277e-09,0.4992816704162441,2.6320519398807075e-09,0.0014041591461476227,9.805874310262393e-08,2.9238684013396224e-07
Random6385
Raw:1.0104241096782865e-05,2.122547334954194e-06,1.9873220007881028e-05,0.49928167041623345,6.935296550282327e-09,0.49928167041624766,2.632051939880726e-09,0.0014041591461476126,9.805874310262462e-08,2.9238684013396436e-07
EFT:1.0104241096782794e-05,2.122547334954209e-06,1.987322000788117e-05,0.499281670416237,6.935296550282277e-09,0.4992816704162441,2.6320519398807075e-09,0.0014041591461476227,9.805874310262393e-08,2.9238684013396224e-07
Random6386
Raw:1.0104241096782867e-05,2.122547334954224e-06,1.987322000788131e-05,0.49928167041624055,6.935296550282326e-09,0.49928167041624055,2.6320519398807265e-09,0.0014041591461476327,9.805874310262323e-08,2.923868401339643e-07
EFT:1.0104241096782794e-05,2.122547334954209e-06,1.987322000788117e-05,0.499281670416237,6.935296550282277e-09,0.4992816704162441,2.6320519398807075e-09,0.0014041591461476227,9.805874310262393e-08,2.9238684013396224e-07
Random6387
Raw:1.0104241096782867e-05,2.122547334954194e-06,1.9873220007881028e-05,0.49928167041624055,6.935296550282326e-09,0.49928167041624055,2.6320519398807265e-09,0.0014041591461476128,9.805874310262323e-08,2.923868401339643e-07
EFT:1.0104241096782794e-05,2.122547334954209e-06,1.987322000788117e-05,0.499281670416237,6.935296550282277e-09,0.4992816704162441,2.6320519398807075e-09,0.0014041591461476227,9.805874310262393e-08,2.9238684013396224e-07
Random6388
Raw:1.0104241096782867e-05,2.122547334954224e-06,1.9873220007881028e-05,0.49928167041624055,6.935296550282326e-09,0.49928167041624055,2.6320519398807265e-09,0.0014041591461476128,9.805874310262462e-08,2.923868401339643e-07
EFT:1.0104241096782794e-05,2.122547334954209e-06,1.987322000788117e-05,0.499281670416237,6.935296550282277e-09,0.4992816704162441,2.6320519398807075e-09,0.0014041591461476227,9.805874310262393e-08,2.9238684013396224e-07
Random6389
Raw:1.0104241096782938e-05,2.122547334954239e-06,1.987322000788145e-05,0.499281670416237,6.935296550282277e-09,0.4992816704162441,2.632051939880745e-09,0.0014041591461476427,9.805874310262532e-08,2.9238684013396224e-07
EFT:1.0104241096782794e-05,2.122547334954209e-06,1.987322000788117e-05,0.499281670416237,6.935296550282277e-09,0.4992816704162441,2.6320519398807075e-09,0.0014041591461476227,9.805874310262393e-08,2.9238684013396224e-07
Random6390
Raw:1.0104241096782867e-05,2.122547334954224e-06,1.987322000788131e-05,0.49928167041624055,6.935296550282326e-09,0.49928167041624055,2.6320519398807265e-09,0.0014041591461476128,9.805874310262462e-08,2.923868401339643e-07
EFT:1.0104241096782794e-05,2.122547334954209e-06,1.987322000788117e-05,0.499281670416237,6.935296550282277e-09,0.4992816704162441,2.6320519398807075e-09,0.0014041591461476227,9.805874310262393e-08,2.9238684013396224e-07
Random6391
Raw:1.010424109678301e-05,2.122547334954224e-06,1.987322000788131e-05,0.49928167041624055,6.935296550282425e-09,0.49928167041624055,2.6320519398807638e-09,0.0014041591461476327,9.805874310262602e-08,2.923868401339685e-07
EFT:1.0104241096782794e-05,2.122547334954209e-06,1.987322000788117e-05,0.499281670416237,6.935296550282277e-09,0.4992816704162441,2.6320519398807075e-09,0.0014041591461476227,9.805874310262393e-08,2.9238684013396224e-07
Random6392
Raw:1.0104241096782938e-05,2.122547334954209e-06,1.987322000788117e-05,0.499281670416237,6.935296550282277e-09,0.4992816704162441,2.632051939880745e-09,0.0014041591461476427,9.805874310262393e-08,2.9238684013396224e-07
EFT:1.0104241096782794e-05,2.122547334954209e-06,1.987322000788117e-05,0.499281670416237,6.935296550282277e-09,0.4992816704162441,2.6320519398807075e-09,0.0014041591461476227,9.805874310262393e-08,2.9238684013396224e-07
Random6393
Raw:1.0104241096782865e-05,2.122547334954194e-06,1.9873220007881028e-05,0.49928167041623345,6.935296550282327e-09,0.49928167041624766,2.632051939880726e-09,0.0014041591461476126,9.805874310262462e-08,2.9238684013396436e-07
EFT:1.0104241096782794e-05,2.122547334954209e-06,1.987322000788117e-05,0.499281670416237,6.935296550282277e-09,0.4992816704162441,2.6320519398807075e-09,0.0014041591461476227,9.805874310262393e-08,2.9238684013396224e-07
Random6394
Raw:1.0104241096782938e-05,2.122547334954239e-06,1.987322000788117e-05,0.499281670416237,6.935296550282277e-09,0.4992816704162441,2.632051939880745e-09,0.0014041591461476427,9.805874310262532e-08,2.9238684013396224e-07
EFT:1.0104241096782794e-05,2.122547334954209e-06,1.987322000788117e-05,0.499281670416237,6.935296550282277e-09,0.4992816704162441,2.6320519398807075e-09,0.0014041591461476227,9.805874310262393e-08,2.9238684013396224e-07
Random6395
Raw:1.0104241096782794e-05,2.122547334954209e-06,1.987322000788117e-05,0.499281670416237,6.935296550282277e-09,0.4992816704162441,2.632051939880745e-09,0.0014041591461476227,9.805874310262254e-08,2.9238684013396224e-07
EFT:1.0104241096782794e-05,2.122547334954209e-06,1.987322000788117e-05,0.499281670416237,6.935296550282277e-09,0.4992816704162441,2.6320519398807075e-09,0.0014041591461476227,9.805874310262393e-08,2.9238684013396224e-07
Random6396
Raw:1.0104241096782867e-05,2.122547334954194e-06,1.9873220007881028e-05,0.49928167041624055,6.935296550282228e-09,0.49928167041624055,2.632051939880689e-09,0.0014041591461476327,9.805874310262323e-08,2.923868401339602e-07
EFT:1.0104241096782794e-05,2.122547334954209e-06,1.987322000788117e-05,0.499281670416237,6.935296550282277e-09,0.4992816704162441,2.6320519398807075e-09,0.0014041591461476227,9.805874310262393e-08,2.9238684013396224e-07
Random6397
Raw:1.0104241096782938e-05,2.122547334954209e-06,1.987322000788117e-05,0.499281670416237,6.935296550282277e-09,0.4992816704162441,2.632051939880745e-09,0.0014041591461476427,9.805874310262393e-08,2.9238684013396224e-07
EFT:1.0104241096782794e-05,2.122547334954209e-06,1.987322000788117e-05,0.499281670416237,6.935296550282277e-09,0.4992816704162441,2.6320519398807075e-09,0.0014041591461476227,9.805874310262393e-08,2.9238684013396224e-07
Random6398
Raw:1.0104241096782938e-05,2.122547334954209e-06,1.987322000788117e-05,0.499281670416237,6.9352965502823754e-09,0.4992816704162441,2.632051939880745e-09,0.0014041591461476227,9.805874310262393e-08,2.9238684013396637e-07
EFT:1.0104241096782794e-05,2.122547334954209e-06,1.987322000788117e-05,0.499281670416237,6.935296550282277e-09,0.4992816704162441,2.6320519398807075e-09,0.0014041591461476227,9.805874310262393e-08,2.9238684013396224e-07
Random6399
Raw:1.0104241096782938e-05,2.1225473349541788e-06,1.9873220007880885e-05,0.499281670416237,6.935296550282277e-09,0.4992816704162441,2.632051939880745e-09,0.0014041591461476026,9.805874310262532e-08,2.9238684013396224e-07
EFT:1.0104241096782794e-05,2.122547334954209e-06,1.987322000788117e-05,0.499281670416237,6.935296550282277e-09,0.4992816704162441,2.6320519398807075e-09,0.0014041591461476227,9.805874310262393e-08,2.9238684013396224e-07
Random6400
Raw:1.0104241096782938e-05,2.122547334954209e-06,1.987322000788117e-05,0.499281670416237,6.935296550282277e-09,0.4992816704162441,2.632051939880745e-09,0.0014041591461476227,9.805874310262532e-08,2.9238684013396224e-07
EFT:1.0104241096782794e-05,2.122547334954209e-06,1.987322000788117e-05,0.499281670416237,6.935296550282277e-09,0.4992816704162441,2.6320519398807075e-09,0.0014041591461476227,9.805874310262393e-08,2.9238684013396224e-07
Random6401
Raw:1.0104241096782938e-05,2.122547334954209e-06,1.987322000788117e-05,0.499281670416237,6.935296550282277e-09,0.4992816704162441,2.632051939880745e-09,0.0014041591461476227,9.805874310262393e-08,2.9238684013396637e-07
EFT:1.0104241096782794e-05,2.122547334954209e-06,1.987322000788117e-05,0.499281670416237,6.935296550282277e-09,0.4992816704162441,2.6320519398807075e-09,0.0014041591461476227,9.805874310262393e-08,2.9238684013396224e-07
Random6402
Raw:1.0104241096782794e-05,2.122547334954209e-06,1.987322000788117e-05,0.4992816704162441,6.935296550282277e-09,0.499281670416237,2.63205193988067e-09,0.0014041591461476227,9.805874310262393e-08,2.9238684013396224e-07
EFT:1.0104241096782794e-05,2.122547334954209e-06,1.987322000788117e-05,0.499281670416237,6.935296550282277e-09,0.4992816704162441,2.6320519398807075e-09,0.0014041591461476227,9.805874310262393e-08,2.9238684013396224e-07
Random6403
Raw:1.0104241096782794e-05,2.122547334954209e-06,1.987322000788117e-05,0.499281670416237,6.935296550282277e-09,0.4992816704162441,2.6320519398807075e-09,0.0014041591461476227,9.805874310262393e-08,2.9238684013396224e-07
EFT:1.0104241096782794e-05,2.122547334954209e-06,1.987322000788117e-05,0.499281670416237,6.935296550282277e-09,0.4992816704162441,2.6320519398807075e-09,0.0014041591461476227,9.805874310262393e-08,2.9238684013396224e-07
Random6404
Raw:1.0104241096782938e-05,2.1225473349541788e-06,1.9873220007880885e-05,0.499281670416237,6.935296550282277e-09,0.4992816704162441,2.632051939880745e-09,0.0014041591461476026,9.805874310262532e-08,2.9238684013396224e-07
EFT:1.0104241096782794e-05,2.122547334954209e-06,1.987322000788117e-05,0.499281670416237,6.935296550282277e-09,0.4992816704162441,2.6320519398807075e-09,0.0014041591461476227,9.805874310262393e-08,2.9238684013396224e-07
Random6405
Raw:1.0104241096783009e-05,2.122547334954224e-06,1.987322000788131e-05,0.49928167041623345,6.935296550282327e-09,0.49928167041624766,2.6320519398807638e-09,0.0014041591461476327,9.805874310262601e-08,2.9238684013396436e-07
EFT:1.0104241096782794e-05,2.122547334954209e-06,1.987322000788117e-05,0.499281670416237,6.935296550282277e-09,0.4992816704162441,2.6320519398807075e-09,0.0014041591461476227,9.805874310262393e-08,2.9238684013396224e-07
Random6406
Raw:1.0104241096783009e-05,2.122547334954224e-06,1.9873220007881028e-05,0.49928167041623345,6.935296550282327e-09,0.49928167041624766,2.6320519398807638e-09,0.0014041591461476327,9.805874310262601e-08,2.9238684013396436e-07
EFT:1.0104241096782794e-05,2.122547334954209e-06,1.987322000788117e-05,0.499281670416237,6.935296550282277e-09,0.4992816704162441,2.6320519398807075e-09,0.0014041591461476227,9.805874310262393e-08,2.9238684013396224e-07
Random6407
Raw:1.0104241096783082e-05,2.122547334954239e-06,1.987322000788145e-05,0.499281670416237,6.935296550282475e-09,0.4992816704162441,2.6320519398807824e-09,0.0014041591461476427,9.805874310262532e-08,2.9238684013396637e-07
EFT:1.0104241096782794e-05,2.122547334954209e-06,1.987322000788117e-05,0.499281670416237,6.935296550282277e-09,0.4992816704162441,2.6320519398807075e-09,0.0014041591461476227,9.805874310262393e-08,2.9238684013396224e-07
Random6408
Raw:1.0104241096782938e-05,2.122547334954239e-06,1.987322000788117e-05,0.499281670416237,6.935296550282277e-09,0.4992816704162441,2.632051939880745e-09,0.0014041591461476427,9.805874310262532e-08,2.9238684013396224e-07
EFT:1.0104241096782794e-05,2.122547334954209e-06,1.987322000788117e-05,0.499281670416237,6.935296550282277e-09,0.4992816704162441,2.6320519398807075e-09,0.0014041591461476227,9.805874310262393e-08,2.9238684013396224e-07
Random6409
Raw:1.0104241096782867e-05,2.122547334954224e-06,1.9873220007881028e-05,0.49928167041624055,6.935296550282228e-09,0.49928167041624055,2.632051939880689e-09,0.0014041591461476327,9.805874310262462e-08,2.923868401339602e-07
EFT:1.0104241096782794e-05,2.122547334954209e-06,1.987322000788117e-05,0.499281670416237,6.935296550282277e-09,0.4992816704162441,2.6320519398807075e-09,0.0014041591461476227,9.805874310262393e-08,2.9238684013396224e-07
Random6410
Raw:1.0104241096782938e-05,2.122547334954209e-06,1.987322000788117e-05,0.499281670416237,6.9352965502823754e-09,0.4992816704162441,2.632051939880745e-09,0.0014041591461476227,9.805874310262393e-08,2.9238684013396637e-07
EFT:1.0104241096782794e-05,2.122547334954209e-06,1.987322000788117e-05,0.499281670416237,6.935296550282277e-09,0.4992816704162441,2.6320519398807075e-09,0.0014041591461476227,9.805874310262393e-08,2.9238684013396224e-07
Random6411
Raw:1.0104241096782867e-05,2.122547334954224e-06,1.987322000788131e-05,0.49928167041624055,6.935296550282326e-09,0.49928167041624055,2.6320519398807265e-09,0.0014041591461476128,9.805874310262462e-08,2.923868401339643e-07
EFT:1.0104241096782794e-05,2.122547334954209e-06,1.987322000788117e-05,0.499281670416237,6.935296550282277e-09,0.4992816704162441,2.6320519398807075e-09,0.0014041591461476227,9.805874310262393e-08,2.9238684013396224e-07
Random6412
Raw:1.0104241096782938e-05,2.122547334954239e-06,1.987322000788117e-05,0.499281670416237,6.9352965502823754e-09,0.4992816704162441,2.6320519398807824e-09,0.0014041591461476227,9.805874310262532e-08,2.9238684013396637e-07
EFT:1.0104241096782794e-05,2.122547334954209e-06,1.987322000788117e-05,0.499281670416237,6.935296550282277e-09,0.4992816704162441,2.6320519398807075e-09,0.0014041591461476227,9.805874310262393e-08,2.9238684013396224e-07
Random6413
Raw:1.0104241096782865e-05,2.122547334954194e-06,1.9873220007881028e-05,0.49928167041623345,6.935296550282228e-09,0.49928167041624766,2.6320519398807638e-09,0.0014041591461476126,9.805874310262324e-08,2.9238684013396436e-07
EFT:1.0104241096782794e-05,2.122547334954209e-06,1.987322000788117e-05,0.499281670416237,6.935296550282277e-09,0.4992816704162441,2.6320519398807075e-09,0.0014041591461476227,9.805874310262393e-08,2.9238684013396224e-07
Random6414
Raw:1.010424109678265e-05,2.1225473349541788e-06,1.9873220007880885e-05,0.499281670416237,6.935296550282079e-09,0.4992816704162441,2.63205193988067e-09,0.0014041591461476026,9.805874310262254e-08,2.923868401339581e-07
EFT:1.0104241096782794e-05,2.122547334954209e-06,1.987322000788117e-05,0.499281670416237,6.935296550282277e-09,0.4992816704162441,2.6320519398807075e-09,0.0014041591461476227,9.805874310262393e-08,2.9238684013396224e-07
Random6415
Raw:1.0104241096782938e-05,2.1225473349541788e-06,1.9873220007880885e-05,0.4992816704162299,6.9352965502823754e-09,0.49928167041625116,2.6320519398808196e-09,0.0014041591461476225,9.805874310262532e-08,2.923868401339664e-07
EFT:1.0104241096782794e-05,2.122547334954209e-06,1.987322000788117e-05,0.499281670416237,6.935296550282277e-09,0.4992816704162441,2.6320519398807075e-09,0.0014041591461476227,9.805874310262393e-08,2.9238684013396224e-07
Random6416
Raw:1.0104241096782867e-05,2.122547334954224e-06,1.9873220007881028e-05,0.49928167041624055,6.935296550282326e-09,0.49928167041624055,2.6320519398807265e-09,0.0014041591461476128,9.805874310262462e-08,2.923868401339643e-07
EFT:1.0104241096782794e-05,2.122547334954209e-06,1.987322000788117e-05,0.499281670416237,6.935296550282277e-09,0.4992816704162441,2.6320519398807075e-09,0.0014041591461476227,9.805874310262393e-08,2.9238684013396224e-07
Random6417
Raw:1.0104241096782938e-05,2.122547334954209e-06,1.987322000788117e-05,0.499281670416237,6.935296550282277e-09,0.4992816704162441,2.632051939880745e-09,0.0014041591461476427,9.805874310262393e-08,2.9238684013396224e-07
EFT:1.0104241096782794e-05,2.122547334954209e-06,1.987322000788117e-05,0.499281670416237,6.935296550282277e-09,0.4992816704162441,2.6320519398807075e-09,0.0014041591461476227,9.805874310262393e-08,2.9238684013396224e-07
Random6418
Raw:1.0104241096782938e-05,2.122547334954239e-06,1.987322000788117e-05,0.499281670416237,6.935296550282277e-09,0.4992816704162441,2.632051939880745e-09,0.0014041591461476427,9.805874310262393e-08,2.9238684013396637e-07
EFT:1.0104241096782794e-05,2.122547334954209e-06,1.987322000788117e-05,0.499281670416237,6.935296550282277e-09,0.4992816704162441,2.6320519398807075e-09,0.0014041591461476227,9.805874310262393e-08,2.9238684013396224e-07
Random6419
Raw:1.0104241096782938e-05,2.122547334954239e-06,1.987322000788117e-05,0.499281670416237,6.935296550282277e-09,0.4992816704162441,2.632051939880745e-09,0.0014041591461476427,9.805874310262532e-08,2.9238684013396224e-07
EFT:1.0104241096782794e-05,2.122547334954209e-06,1.987322000788117e-05,0.499281670416237,6.935296550282277e-09,0.4992816704162441,2.6320519398807075e-09,0.0014041591461476227,9.805874310262393e-08,2.9238684013396224e-07
Random6420
Raw:1.0104241096782867e-05,2.122547334954224e-06,1.987322000788131e-05,0.49928167041624055,6.935296550282326e-09,0.49928167041624055,2.6320519398807265e-09,0.0014041591461476327,9.805874310262462e-08,2.923868401339643e-07
EFT:1.0104241096782794e-05,2.122547334954209e-06,1.987322000788117e-05,0.499281670416237,6.935296550282277e-09,0.4992816704162441,2.6320519398807075e-09,0.0014041591461476227,9.805874310262393e-08,2.9238684013396224e-07
Random6421
Raw:1.0104241096782938e-05,2.122547334954209e-06,1.9873220007880885e-05,0.499281670416237,6.9352965502823754e-09,0.4992816704162441,2.6320519398807824e-09,0.0014041591461476227,9.805874310262532e-08,2.9238684013396637e-07
EFT:1.0104241096782794e-05,2.122547334954209e-06,1.987322000788117e-05,0.499281670416237,6.935296550282277e-09,0.4992816704162441,2.6320519398807075e-09,0.0014041591461476227,9.805874310262393e-08,2.9238684013396224e-07
Random6422
Raw:1.0104241096782794e-05,2.1225473349541788e-06,1.9873220007880885e-05,0.499281670416237,6.9352965502821786e-09,0.4992816704162441,2.63205193988067e-09,0.0014041591461476227,9.805874310262254e-08,2.923868401339581e-07
EFT:1.0104241096782794e-05,2.122547334954209e-06,1.987322000788117e-05,0.499281670416237,6.935296550282277e-09,0.4992816704162441,2.6320519398807075e-09,0.0014041591461476227,9.805874310262393e-08,2.9238684013396224e-07
Random6423
Raw:1.0104241096782794e-05,2.1225473349541788e-06,1.9873220007880885e-05,0.499281670416237,6.935296550282277e-09,0.4992816704162441,2.632051939880745e-09,0.0014041591461476026,9.805874310262254e-08,2.9238684013396224e-07
EFT:1.0104241096782794e-05,2.122547334954209e-06,1.987322000788117e-05,0.499281670416237,6.935296550282277e-09,0.4992816704162441,2.6320519398807075e-09,0.0014041591461476227,9.805874310262393e-08,2.9238684013396224e-07
Random6424
Raw:1.0104241096783009e-05,2.122547334954224e-06,1.9873220007881028e-05,0.49928167041623345,6.935296550282327e-09,0.49928167041624766,2.6320519398807638e-09,0.0014041591461476327,9.805874310262601e-08,2.9238684013396436e-07
EFT:1.0104241096782794e-05,2.122547334954209e-06,1.987322000788117e-05,0.499281670416237,6.935296550282277e-09,0.4992816704162441,2.6320519398807075e-09,0.0014041591461476227,9.805874310262393e-08,2.9238684013396224e-07
Random6425
Raw:1.0104241096783009e-05,2.122547334954194e-06,1.9873220007881028e-05,0.49928167041623345,6.935296550282327e-09,0.49928167041624766,2.6320519398807638e-09,0.0014041591461476126,9.805874310262601e-08,2.9238684013396436e-07
EFT:1.0104241096782794e-05,2.122547334954209e-06,1.987322000788117e-05,0.499281670416237,6.935296550282277e-09,0.4992816704162441,2.6320519398807075e-09,0.0014041591461476227,9.805874310262393e-08,2.9238684013396224e-07
Random6426
Raw:1.0104241096782938e-05,2.122547334954209e-06,1.987322000788117e-05,0.499281670416237,6.9352965502823754e-09,0.4992816704162441,2.632051939880745e-09,0.0014041591461476227,9.805874310262393e-08,2.9238684013396637e-07
EFT:1.0104241096782794e-05,2.122547334954209e-06,1.987322000788117e-05,0.499281670416237,6.935296550282277e-09,0.4992816704162441,2.6320519398807075e-09,0.0014041591461476227,9.805874310262393e-08,2.9238684013396224e-07
Random6427
Raw:1.0104241096782938e-05,2.122547334954209e-06,1.9873220007880885e-05,0.499281670416237,6.935296550282277e-09,0.4992816704162441,2.632051939880745e-09,0.0014041591461476227,9.805874310262393e-08,2.9238684013396224e-07
EFT:1.0104241096782794e-05,2.122547334954209e-06,1.987322000788117e-05,0.499281670416237,6.935296550282277e-09,0.4992816704162441,2.6320519398807075e-09,0.0014041591461476227,9.805874310262393e-08,2.9238684013396224e-07
Random6428
Raw:1.0104241096782938e-05,2.122547334954239e-06,1.987322000788145e-05,0.4992816704162441,6.9352965502823754e-09,0.499281670416237,2.632051939880745e-09,0.0014041591461476227,9.805874310262532e-08,2.9238684013396637e-07
EFT:1.0104241096782794e-05,2.122547334954209e-06,1.987322000788117e-05,0.499281670416237,6.935296550282277e-09,0.4992816704162441,2.6320519398807075e-09,0.0014041591461476227,9.805874310262393e-08,2.9238684013396224e-07
Random6429
Raw:1.0104241096782938e-05,2.122547334954209e-06,1.987322000788117e-05,0.499281670416237,6.9352965502823754e-09,0.4992816704162441,2.632051939880745e-09,0.0014041591461476227,9.805874310262393e-08,2.9238684013396637e-07
EFT:1.0104241096782794e-05,2.122547334954209e-06,1.987322000788117e-05,0.499281670416237,6.935296550282277e-09,0.4992816704162441,2.6320519398807075e-09,0.0014041591461476227,9.805874310262393e-08,2.9238684013396224e-07
Random6430
Raw:1.0104241096782867e-05,2.122547334954194e-06,1.9873220007881028e-05,0.49928167041624055,6.935296550282228e-09,0.49928167041624055,2.632051939880689e-09,0.0014041591461476327,9.805874310262323e-08,2.923868401339602e-07
EFT:1.0104241096782794e-05,2.122547334954209e-06,1.987322000788117e-05,0.499281670416237,6.935296550282277e-09,0.4992816704162441,2.6320519398807075e-09,0.0014041591461476227,9.805874310262393e-08,2.9238684013396224e-07
Random6431
Raw:1.0104241096782938e-05,2.1225473349541788e-06,1.9873220007880885e-05,0.499281670416237,6.935296550282277e-09,0.4992816704162441,2.632051939880745e-09,0.0014041591461476026,9.805874310262532e-08,2.9238684013396224e-07
EFT:1.0104241096782794e-05,2.122547334954209e-06,1.987322000788117e-05,0.499281670416237,6.935296550282277e-09,0.4992816704162441,2.6320519398807075e-09,0.0014041591461476227,9.805874310262393e-08,2.9238684013396224e-07
Random6432
Raw:1.0104241096782865e-05,2.122547334954194e-06,1.9873220007881028e-05,0.49928167041623345,6.935296550282228e-09,0.49928167041624766,2.632051939880726e-09,0.0014041591461476327,9.805874310262324e-08,2.923868401339602e-07
EFT:1.0104241096782794e-05,2.122547334954209e-06,1.987322000788117e-05,0.499281670416237,6.935296550282277e-09,0.4992816704162441,2.6320519398807075e-09,0.0014041591461476227,9.805874310262393e-08,2.9238684013396224e-07
Random6433
Raw:1.0104241096782938e-05,2.122547334954239e-06,1.987322000788145e-05,0.499281670416237,6.935296550282277e-09,0.4992816704162441,2.632051939880745e-09,0.0014041591461476427,9.805874310262393e-08,2.9238684013396637e-07
EFT:1.0104241096782794e-05,2.122547334954209e-06,1.987322000788117e-05,0.499281670416237,6.935296550282277e-09,0.4992816704162441,2.6320519398807075e-09,0.0014041591461476227,9.805874310262393e-08,2.9238684013396224e-07
Random6434
Raw:1.0104241096782938e-05,2.122547334954209e-06,1.987322000788117e-05,0.499281670416237,6.9352965502823754e-09,0.4992816704162441,2.632051939880745e-09,0.0014041591461476227,9.805874310262393e-08,2.9238684013396637e-07
EFT:1.0104241096782794e-05,2.122547334954209e-06,1.987322000788117e-05,0.499281670416237,6.935296550282277e-09,0.4992816704162441,2.6320519398807075e-09,0.0014041591461476227,9.805874310262393e-08,2.9238684013396224e-07
Random6435
Raw:1.0104241096782938e-05,2.122547334954209e-06,1.987322000788117e-05,0.499281670416237,6.9352965502823754e-09,0.4992816704162441,2.632051939880745e-09,0.0014041591461476227,9.805874310262393e-08,2.9238684013396637e-07
EFT:1.0104241096782794e-05,2.122547334954209e-06,1.987322000788117e-05,0.499281670416237,6.935296550282277e-09,0.4992816704162441,2.6320519398807075e-09,0.0014041591461476227,9.805874310262393e-08,2.9238684013396224e-07
Random6436
Raw:1.0104241096782938e-05,2.122547334954209e-06,1.987322000788117e-05,0.499281670416237,6.935296550282277e-09,0.4992816704162441,2.632051939880745e-09,0.0014041591461476427,9.805874310262393e-08,2.9238684013396224e-07
EFT:1.0104241096782794e-05,2.122547334954209e-06,1.987322000788117e-05,0.499281670416237,6.935296550282277e-09,0.4992816704162441,2.6320519398807075e-09,0.0014041591461476227,9.805874310262393e-08,2.9238684013396224e-07
Random6437
Raw:1.0104241096782867e-05,2.122547334954224e-06,1.9873220007881028e-05,0.49928167041624055,6.935296550282326e-09,0.49928167041624055,2.6320519398807265e-09,0.0014041591461476327,9.805874310262323e-08,2.923868401339643e-07
EFT:1.0104241096782794e-05,2.122547334954209e-06,1.987322000788117e-05,0.499281670416237,6.935296550282277e-09,0.4992816704162441,2.6320519398807075e-09,0.0014041591461476227,9.805874310262393e-08,2.9238684013396224e-07
Random6438
Raw:1.0104241096782865e-05,2.122547334954194e-06,1.9873220007881028e-05,0.49928167041623345,6.935296550282228e-09,0.49928167041624766,2.632051939880726e-09,0.0014041591461476126,9.805874310262462e-08,2.9238684013396436e-07
EFT:1.0104241096782794e-05,2.122547334954209e-06,1.987322000788117e-05,0.499281670416237,6.935296550282277e-09,0.4992816704162441,2.6320519398807075e-09,0.0014041591461476227,9.805874310262393e-08,2.9238684013396224e-07
Random6439
Raw:1.0104241096782938e-05,2.122547334954209e-06,1.987322000788117e-05,0.499281670416237,6.935296550282277e-09,0.4992816704162441,2.632051939880745e-09,0.0014041591461476227,9.805874310262532e-08,2.9238684013396224e-07
EFT:1.0104241096782794e-05,2.122547334954209e-06,1.987322000788117e-05,0.499281670416237,6.935296550282277e-09,0.4992816704162441,2.6320519398807075e-09,0.0014041591461476227,9.805874310262393e-08,2.9238684013396224e-07
Random6440
Raw:1.0104241096783009e-05,2.122547334954224e-06,1.9873220007881028e-05,0.49928167041623345,6.935296550282327e-09,0.49928167041624766,2.6320519398807638e-09,0.0014041591461476327,9.805874310262601e-08,2.9238684013396436e-07
EFT:1.0104241096782794e-05,2.122547334954209e-06,1.987322000788117e-05,0.499281670416237,6.935296550282277e-09,0.4992816704162441,2.6320519398807075e-09,0.0014041591461476227,9.805874310262393e-08,2.9238684013396224e-07
Random6441
Raw:1.0104241096782867e-05,2.122547334954224e-06,1.987322000788131e-05,0.49928167041624055,6.935296550282326e-09,0.49928167041624055,2.6320519398807265e-09,0.0014041591461476327,9.805874310262323e-08,2.923868401339643e-07
EFT:1.0104241096782794e-05,2.122547334954209e-06,1.987322000788117e-05,0.499281670416237,6.935296550282277e-09,0.4992816704162441,2.6320519398807075e-09,0.0014041591461476227,9.805874310262393e-08,2.9238684013396224e-07
Random6442
Raw:1.0104241096782938e-05,2.122547334954209e-06,1.987322000788117e-05,0.499281670416237,6.9352965502823754e-09,0.4992816704162441,2.632051939880745e-09,0.0014041591461476227,9.805874310262672e-08,2.9238684013396637e-07
EFT:1.0104241096782794e-05,2.122547334954209e-06,1.987322000788117e-05,0.499281670416237,6.935296550282277e-09,0.4992816704162441,2.6320519398807075e-09,0.0014041591461476227,9.805874310262393e-08,2.9238684013396224e-07
Random6443
Raw:1.0104241096782794e-05,2.122547334954209e-06,1.9873220007880885e-05,0.499281670416237,6.9352965502821786e-09,0.4992816704162441,2.632051939880745e-09,0.0014041591461476227,9.805874310262254e-08,2.9238684013396224e-07
EFT:1.0104241096782794e-05,2.122547334954209e-06,1.987322000788117e-05,0.499281670416237,6.935296550282277e-09,0.4992816704162441,2.6320519398807075e-09,0.0014041591461476227,9.805874310262393e-08,2.9238684013396224e-07
Random6444
Raw:1.0104241096782865e-05,2.122547334954194e-06,1.9873220007881028e-05,0.49928167041623345,6.935296550282327e-09,0.49928167041624766,2.632051939880726e-09,0.0014041591461476126,9.805874310262462e-08,2.9238684013396436e-07
EFT:1.0104241096782794e-05,2.122547334954209e-06,1.987322000788117e-05,0.499281670416237,6.935296550282277e-09,0.4992816704162441,2.6320519398807075e-09,0.0014041591461476227,9.805874310262393e-08,2.9238684013396224e-07
Random6445
Raw:1.0104241096782938e-05,2.122547334954239e-06,1.987322000788117e-05,0.499281670416237,6.935296550282277e-09,0.4992816704162441,2.632051939880745e-09,0.0014041591461476227,9.805874310262532e-08,2.9238684013396224e-07
EFT:1.0104241096782794e-05,2.122547334954209e-06,1.987322000788117e-05,0.499281670416237,6.935296550282277e-09,0.4992816704162441,2.6320519398807075e-09,0.0014041591461476227,9.805874310262393e-08,2.9238684013396224e-07
Random6446
Raw:1.0104241096782938e-05,2.122547334954239e-06,1.987322000788145e-05,0.499281670416237,6.9352965502823754e-09,0.4992816704162441,2.632051939880745e-09,0.0014041591461476427,9.805874310262532e-08,2.9238684013396637e-07
EFT:1.0104241096782794e-05,2.122547334954209e-06,1.987322000788117e-05,0.499281670416237,6.935296550282277e-09,0.4992816704162441,2.6320519398807075e-09,0.0014041591461476227,9.805874310262393e-08,2.9238684013396224e-07
Random6447
Raw:1.0104241096782938e-05,2.122547334954209e-06,1.987322000788117e-05,0.499281670416237,6.9352965502823754e-09,0.4992816704162441,2.632051939880745e-09,0.0014041591461476227,9.805874310262532e-08,2.9238684013396637e-07
EFT:1.0104241096782794e-05,2.122547334954209e-06,1.987322000788117e-05,0.499281670416237,6.935296550282277e-09,0.4992816704162441,2.6320519398807075e-09,0.0014041591461476227,9.805874310262393e-08,2.9238684013396224e-07
Random6448
Raw:1.0104241096782867e-05,2.122547334954194e-06,1.9873220007881028e-05,0.49928167041624055,6.935296550282326e-09,0.49928167041624055,2.6320519398807265e-09,0.0014041591461476128,9.805874310262323e-08,2.923868401339643e-07
EFT:1.0104241096782794e-05,2.122547334954209e-06,1.987322000788117e-05,0.499281670416237,6.935296550282277e-09,0.4992816704162441,2.6320519398807075e-09,0.0014041591461476227,9.805874310262393e-08,2.9238684013396224e-07
Random6449
Raw:1.0104241096782865e-05,2.122547334954194e-06,1.9873220007881028e-05,0.49928167041623345,6.935296550282228e-09,0.49928167041624766,2.632051939880726e-09,0.0014041591461476126,9.805874310262462e-08,2.9238684013396436e-07
EFT:1.0104241096782794e-05,2.122547334954209e-06,1.987322000788117e-05,0.499281670416237,6.935296550282277e-09,0.4992816704162441,2.6320519398807075e-09,0.0014041591461476227,9.805874310262393e-08,2.9238684013396224e-07
Random6450
Raw:1.0104241096782867e-05,2.1225473349542546e-06,1.987322000788131e-05,0.49928167041624055,6.935296550282326e-09,0.49928167041624055,2.6320519398807638e-09,0.0014041591461476327,9.805874310262462e-08,2.923868401339643e-07
EFT:1.0104241096782794e-05,2.122547334954209e-06,1.987322000788117e-05,0.499281670416237,6.935296550282277e-09,0.4992816704162441,2.6320519398807075e-09,0.0014041591461476227,9.805874310262393e-08,2.9238684013396224e-07
Random6451
Raw:1.0104241096782794e-05,2.1225473349541788e-06,1.9873220007880604e-05,0.499281670416237,6.9352965502821786e-09,0.4992816704162441,2.632051939880745e-09,0.0014041591461476026,9.805874310262254e-08,2.9238684013396224e-07
EFT:1.0104241096782794e-05,2.122547334954209e-06,1.987322000788117e-05,0.499281670416237,6.935296550282277e-09,0.4992816704162441,2.6320519398807075e-09,0.0014041591461476227,9.805874310262393e-08,2.9238684013396224e-07
Random6452
Raw:1.0104241096782867e-05,2.122547334954224e-06,1.987322000788131e-05,0.49928167041624055,6.935296550282326e-09,0.49928167041624055,2.6320519398807265e-09,0.0014041591461476327,9.805874310262323e-08,2.923868401339643e-07
EFT:1.0104241096782794e-05,2.122547334954209e-06,1.987322000788117e-05,0.499281670416237,6.935296550282277e-09,0.4992816704162441,2.6320519398807075e-09,0.0014041591461476227,9.805874310262393e-08,2.9238684013396224e-07
Random6453
Raw:1.0104241096782794e-05,2.122547334954209e-06,1.987322000788117e-05,0.499281670416237,6.9352965502821786e-09,0.4992816704162441,2.632051939880745e-09,0.0014041591461476227,9.805874310262254e-08,2.9238684013396224e-07
EFT:1.0104241096782794e-05,2.122547334954209e-06,1.987322000788117e-05,0.499281670416237,6.935296550282277e-09,0.4992816704162441,2.6320519398807075e-09,0.0014041591461476227,9.805874310262393e-08,2.9238684013396224e-07
Random6454
Raw:1.0104241096782794e-05,2.122547334954209e-06,1.987322000788117e-05,0.499281670416237,6.9352965502821786e-09,0.4992816704162441,2.6320519398807075e-09,0.0014041591461476026,9.805874310262393e-08,2.9238684013396224e-07
EFT:1.0104241096782794e-05,2.122547334954209e-06,1.987322000788117e-05,0.499281670416237,6.935296550282277e-09,0.4992816704162441,2.6320519398807075e-09,0.0014041591461476227,9.805874310262393e-08,2.9238684013396224e-07
Random6455
Raw:1.0104241096782938e-05,2.122547334954209e-06,1.987322000788117e-05,0.499281670416237,6.935296550282277e-09,0.4992816704162441,2.632051939880745e-09,0.0014041591461476227,9.805874310262532e-08,2.9238684013396224e-07
EFT:1.0104241096782794e-05,2.122547334954209e-06,1.987322000788117e-05,0.499281670416237,6.935296550282277e-09,0.4992816704162441,2.6320519398807075e-09,0.0014041591461476227,9.805874310262393e-08,2.9238684013396224e-07
Random6456
Raw:1.0104241096783009e-05,2.122547334954224e-06,1.9873220007881028e-05,0.49928167041623345,6.935296550282327e-09,0.49928167041624766,2.6320519398807638e-09,0.0014041591461476327,9.805874310262601e-08,2.9238684013396436e-07
EFT:1.0104241096782794e-05,2.122547334954209e-06,1.987322000788117e-05,0.499281670416237,6.935296550282277e-09,0.4992816704162441,2.6320519398807075e-09,0.0014041591461476227,9.805874310262393e-08,2.9238684013396224e-07
Random6457
Raw:1.0104241096782938e-05,2.122547334954209e-06,1.987322000788117e-05,0.499281670416237,6.935296550282277e-09,0.4992816704162441,2.632051939880745e-09,0.0014041591461476427,9.805874310262393e-08,2.9238684013396224e-07
EFT:1.0104241096782794e-05,2.122547334954209e-06,1.987322000788117e-05,0.499281670416237,6.935296550282277e-09,0.4992816704162441,2.6320519398807075e-09,0.0014041591461476227,9.805874310262393e-08,2.9238684013396224e-07
Random6458
Raw:1.0104241096782938e-05,2.122547334954239e-06,1.987322000788145e-05,0.499281670416237,6.935296550282277e-09,0.4992816704162441,2.632051939880745e-09,0.0014041591461476427,9.805874310262393e-08,2.9238684013396637e-07
EFT:1.0104241096782794e-05,2.122547334954209e-06,1.987322000788117e-05,0.499281670416237,6.935296550282277e-09,0.4992816704162441,2.6320519398807075e-09,0.0014041591461476227,9.805874310262393e-08,2.9238684013396224e-07
Random6459
Raw:1.0104241096782794e-05,2.122547334954209e-06,1.987322000788117e-05,0.499281670416237,6.935296550282277e-09,0.4992816704162441,2.6320519398807075e-09,0.0014041591461476227,9.805874310262393e-08,2.9238684013396224e-07
EFT:1.0104241096782794e-05,2.122547334954209e-06,1.987322000788117e-05,0.499281670416237,6.935296550282277e-09,0.4992816704162441,2.6320519398807075e-09,0.0014041591461476227,9.805874310262393e-08,2.9238684013396224e-07
Random6460
Raw:1.0104241096782938e-05,2.122547334954209e-06,1.987322000788117e-05,0.499281670416237,6.935296550282277e-09,0.4992816704162441,2.632051939880745e-09,0.0014041591461476227,9.805874310262532e-08,2.9238684013396224e-07
EFT:1.0104241096782794e-05,2.122547334954209e-06,1.987322000788117e-05,0.499281670416237,6.935296550282277e-09,0.4992816704162441,2.6320519398807075e-09,0.0014041591461476227,9.805874310262393e-08,2.9238684013396224e-07
Random6461
Raw:1.0104241096782867e-05,2.122547334954224e-06,1.9873220007881028e-05,0.49928167041624055,6.935296550282326e-09,0.49928167041624055,2.6320519398807638e-09,0.0014041591461476128,9.805874310262462e-08,2.923868401339643e-07
EFT:1.0104241096782794e-05,2.122547334954209e-06,1.987322000788117e-05,0.499281670416237,6.935296550282277e-09,0.4992816704162441,2.6320519398807075e-09,0.0014041591461476227,9.805874310262393e-08,2.9238684013396224e-07
Random6462
Raw:1.0104241096782938e-05,2.122547334954209e-06,1.987322000788117e-05,0.499281670416237,6.935296550282277e-09,0.4992816704162441,2.632051939880745e-09,0.0014041591461476427,9.805874310262393e-08,2.9238684013396224e-07
EFT:1.0104241096782794e-05,2.122547334954209e-06,1.987322000788117e-05,0.499281670416237,6.935296550282277e-09,0.4992816704162441,2.6320519398807075e-09,0.0014041591461476227,9.805874310262393e-08,2.9238684013396224e-07
Random6463
Raw:1.0104241096782938e-05,2.122547334954209e-06,1.987322000788117e-05,0.499281670416237,6.9352965502823754e-09,0.4992816704162441,2.632051939880745e-09,0.0014041591461476227,9.805874310262532e-08,2.9238684013396637e-07
EFT:1.0104241096782794e-05,2.122547334954209e-06,1.987322000788117e-05,0.499281670416237,6.935296550282277e-09,0.4992816704162441,2.6320519398807075e-09,0.0014041591461476227,9.805874310262393e-08,2.9238684013396224e-07
Random6464
Raw:1.0104241096782938e-05,2.1225473349541788e-06,1.9873220007880885e-05,0.499281670416237,6.935296550282277e-09,0.4992816704162441,2.632051939880745e-09,0.0014041591461476026,9.805874310262532e-08,2.9238684013396224e-07
EFT:1.0104241096782794e-05,2.122547334954209e-06,1.987322000788117e-05,0.499281670416237,6.935296550282277e-09,0.4992816704162441,2.6320519398807075e-09,0.0014041591461476227,9.805874310262393e-08,2.9238684013396224e-07
Random6465
Raw:1.0104241096782938e-05,2.122547334954209e-06,1.987322000788117e-05,0.499281670416237,6.9352965502823754e-09,0.4992816704162441,2.632051939880745e-09,0.0014041591461476227,9.805874310262532e-08,2.9238684013396637e-07
EFT:1.0104241096782794e-05,2.122547334954209e-06,1.987322000788117e-05,0.499281670416237,6.935296550282277e-09,0.4992816704162441,2.6320519398807075e-09,0.0014041591461476227,9.805874310262393e-08,2.9238684013396224e-07
Random6466
Raw:1.0104241096782794e-05,2.122547334954209e-06,1.987322000788117e-05,0.499281670416237,6.9352965502821786e-09,0.4992816704162441,2.6320519398807075e-09,0.0014041591461476227,9.805874310262393e-08,2.9238684013396224e-07
EFT:1.0104241096782794e-05,2.122547334954209e-06,1.987322000788117e-05,0.499281670416237,6.935296550282277e-09,0.4992816704162441,2.6320519398807075e-09,0.0014041591461476227,9.805874310262393e-08,2.9238684013396224e-07
Random6467
Raw:1.0104241096783009e-05,2.122547334954224e-06,1.987322000788131e-05,0.49928167041623345,6.935296550282327e-09,0.49928167041624766,2.6320519398807638e-09,0.0014041591461476327,9.805874310262462e-08,2.923868401339685e-07
EFT:1.0104241096782794e-05,2.122547334954209e-06,1.987322000788117e-05,0.499281670416237,6.935296550282277e-09,0.4992816704162441,2.6320519398807075e-09,0.0014041591461476227,9.805874310262393e-08,2.9238684013396224e-07
Random6468
Raw:1.0104241096782938e-05,2.122547334954239e-06,1.987322000788145e-05,0.499281670416237,6.935296550282277e-09,0.4992816704162441,2.632051939880745e-09,0.0014041591461476227,9.805874310262532e-08,2.9238684013396224e-07
EFT:1.0104241096782794e-05,2.122547334954209e-06,1.987322000788117e-05,0.499281670416237,6.935296550282277e-09,0.4992816704162441,2.6320519398807075e-09,0.0014041591461476227,9.805874310262393e-08,2.9238684013396224e-07
Random6469
Raw:1.0104241096782938e-05,2.122547334954239e-06,1.987322000788117e-05,0.499281670416237,6.935296550282277e-09,0.4992816704162441,2.632051939880745e-09,0.0014041591461476427,9.805874310262532e-08,2.9238684013396224e-07
EFT:1.0104241096782794e-05,2.122547334954209e-06,1.987322000788117e-05,0.499281670416237,6.935296550282277e-09,0.4992816704162441,2.6320519398807075e-09,0.0014041591461476227,9.805874310262393e-08,2.9238684013396224e-07
Random6470
Raw:1.0104241096782938e-05,2.122547334954209e-06,1.987322000788117e-05,0.499281670416237,6.9352965502823754e-09,0.4992816704162441,2.632051939880745e-09,0.0014041591461476227,9.805874310262672e-08,2.9238684013396637e-07
EFT:1.0104241096782794e-05,2.122547334954209e-06,1.987322000788117e-05,0.499281670416237,6.935296550282277e-09,0.4992816704162441,2.6320519398807075e-09,0.0014041591461476227,9.805874310262393e-08,2.9238684013396224e-07
Random6471
Raw:1.0104241096782938e-05,2.122547334954209e-06,1.987322000788117e-05,0.499281670416237,6.9352965502823754e-09,0.4992816704162441,2.632051939880745e-09,0.0014041591461476227,9.805874310262672e-08,2.9238684013396637e-07
EFT:1.0104241096782794e-05,2.122547334954209e-06,1.987322000788117e-05,0.499281670416237,6.935296550282277e-09,0.4992816704162441,2.6320519398807075e-09,0.0014041591461476227,9.805874310262393e-08,2.9238684013396224e-07
Random6472
Raw:1.0104241096782938e-05,2.122547334954239e-06,1.9873220007880885e-05,0.499281670416237,6.935296550282277e-09,0.4992816704162441,2.632051939880745e-09,0.0014041591461476227,9.805874310262532e-08,2.9238684013396224e-07
EFT:1.0104241096782794e-05,2.122547334954209e-06,1.987322000788117e-05,0.499281670416237,6.935296550282277e-09,0.4992816704162441,2.6320519398807075e-09,0.0014041591461476227,9.805874310262393e-08,2.9238684013396224e-07
Random6473
Raw:1.0104241096782938e-05,2.122547334954209e-06,1.987322000788117e-05,0.499281670416237,6.935296550282277e-09,0.4992816704162441,2.632051939880745e-09,0.0014041591461476227,9.805874310262393e-08,2.9238684013396637e-07
EFT:1.0104241096782794e-05,2.122547334954209e-06,1.987322000788117e-05,0.499281670416237,6.935296550282277e-09,0.4992816704162441,2.6320519398807075e-09,0.0014041591461476227,9.805874310262393e-08,2.9238684013396224e-07
Random6474
Raw:1.0104241096782867e-05,2.122547334954224e-06,1.9873220007881028e-05,0.49928167041624055,6.935296550282326e-09,0.49928167041624055,2.6320519398807265e-09,0.0014041591461476128,9.805874310262462e-08,2.923868401339643e-07
EFT:1.0104241096782794e-05,2.122547334954209e-06,1.987322000788117e-05,0.499281670416237,6.935296550282277e-09,0.4992816704162441,2.6320519398807075e-09,0.0014041591461476227,9.805874310262393e-08,2.9238684013396224e-07
Random6475
Raw:1.0104241096782938e-05,2.122547334954209e-06,1.987322000788117e-05,0.499281670416237,6.935296550282277e-09,0.4992816704162441,2.632051939880745e-09,0.0014041591461476227,9.805874310262532e-08,2.9238684013396224e-07
EFT:1.0104241096782794e-05,2.122547334954209e-06,1.987322000788117e-05,0.499281670416237,6.935296550282277e-09,0.4992816704162441,2.6320519398807075e-09,0.0014041591461476227,9.805874310262393e-08,2.9238684013396224e-07
Random6476
Raw:1.0104241096782867e-05,2.122547334954194e-06,1.9873220007881028e-05,0.49928167041624055,6.935296550282326e-09,0.49928167041624055,2.6320519398807265e-09,0.0014041591461476128,9.805874310262602e-08,2.923868401339643e-07
EFT:1.0104241096782794e-05,2.122547334954209e-06,1.987322000788117e-05,0.499281670416237,6.935296550282277e-09,0.4992816704162441,2.6320519398807075e-09,0.0014041591461476227,9.805874310262393e-08,2.9238684013396224e-07
Random6477
Raw:1.0104241096783009e-05,2.122547334954194e-06,1.9873220007881028e-05,0.49928167041623345,6.935296550282327e-09,0.49928167041624766,2.6320519398807638e-09,0.0014041591461476126,9.805874310262601e-08,2.9238684013396436e-07
EFT:1.0104241096782794e-05,2.122547334954209e-06,1.987322000788117e-05,0.499281670416237,6.935296550282277e-09,0.4992816704162441,2.6320519398807075e-09,0.0014041591461476227,9.805874310262393e-08,2.9238684013396224e-07
Random6478
Raw:1.0104241096782865e-05,2.122547334954194e-06,1.9873220007881028e-05,0.49928167041623345,6.935296550282228e-09,0.49928167041624766,2.632051939880726e-09,0.0014041591461476126,9.805874310262462e-08,2.9238684013396436e-07
EFT:1.0104241096782794e-05,2.122547334954209e-06,1.987322000788117e-05,0.499281670416237,6.935296550282277e-09,0.4992816704162441,2.6320519398807075e-09,0.0014041591461476227,9.805874310262393e-08,2.9238684013396224e-07
Random6479
Raw:1.0104241096782867e-05,2.122547334954224e-06,1.9873220007881028e-05,0.49928167041624055,6.935296550282326e-09,0.49928167041624055,2.6320519398807265e-09,0.0014041591461476327,9.805874310262602e-08,2.923868401339643e-07
EFT:1.0104241096782794e-05,2.122547334954209e-06,1.987322000788117e-05,0.499281670416237,6.935296550282277e-09,0.4992816704162441,2.6320519398807075e-09,0.0014041591461476227,9.805874310262393e-08,2.9238684013396224e-07
Random6480
Raw:1.0104241096783009e-05,2.122547334954224e-06,1.9873220007881028e-05,0.49928167041623345,6.935296550282327e-09,0.49928167041624766,2.6320519398807638e-09,0.0014041591461476327,9.805874310262601e-08,2.9238684013396436e-07
EFT:1.0104241096782794e-05,2.122547334954209e-06,1.987322000788117e-05,0.499281670416237,6.935296550282277e-09,0.4992816704162441,2.6320519398807075e-09,0.0014041591461476227,9.805874310262393e-08,2.9238684013396224e-07
Random6481
Raw:1.0104241096783009e-05,2.122547334954194e-06,1.9873220007881028e-05,0.49928167041623345,6.935296550282327e-09,0.49928167041624766,2.6320519398807638e-09,0.0014041591461476327,9.805874310262462e-08,2.9238684013396436e-07
EFT:1.0104241096782794e-05,2.122547334954209e-06,1.987322000788117e-05,0.499281670416237,6.935296550282277e-09,0.4992816704162441,2.6320519398807075e-09,0.0014041591461476227,9.805874310262393e-08,2.9238684013396224e-07
Random6482
Raw:1.0104241096782865e-05,2.122547334954194e-06,1.9873220007881028e-05,0.49928167041623345,6.935296550282327e-09,0.49928167041624766,2.632051939880726e-09,0.0014041591461476126,9.805874310262462e-08,2.9238684013396436e-07
EFT:1.0104241096782794e-05,2.122547334954209e-06,1.987322000788117e-05,0.499281670416237,6.935296550282277e-09,0.4992816704162441,2.6320519398807075e-09,0.0014041591461476227,9.805874310262393e-08,2.9238684013396224e-07
Random6483
Raw:1.0104241096783009e-05,2.122547334954194e-06,1.9873220007881028e-05,0.49928167041623345,6.935296550282327e-09,0.49928167041624766,2.6320519398807638e-09,0.0014041591461476327,9.805874310262462e-08,2.9238684013396436e-07
EFT:1.0104241096782794e-05,2.122547334954209e-06,1.987322000788117e-05,0.499281670416237,6.935296550282277e-09,0.4992816704162441,2.6320519398807075e-09,0.0014041591461476227,9.805874310262393e-08,2.9238684013396224e-07
Random6484
Raw:1.0104241096782938e-05,2.122547334954239e-06,1.987322000788145e-05,0.499281670416237,6.9352965502823754e-09,0.4992816704162441,2.632051939880745e-09,0.0014041591461476427,9.805874310262532e-08,2.9238684013396637e-07
EFT:1.0104241096782794e-05,2.122547334954209e-06,1.987322000788117e-05,0.499281670416237,6.935296550282277e-09,0.4992816704162441,2.6320519398807075e-09,0.0014041591461476227,9.805874310262393e-08,2.9238684013396224e-07
Random6485
Raw:1.0104241096783082e-05,2.122547334954239e-06,1.9873220007880885e-05,0.4992816704162299,6.9352965502823754e-09,0.49928167041625116,2.6320519398808196e-09,0.0014041591461476225,9.805874310262671e-08,2.923868401339664e-07
EFT:1.0104241096782794e-05,2.122547334954209e-06,1.987322000788117e-05,0.499281670416237,6.935296550282277e-09,0.4992816704162441,2.6320519398807075e-09,0.0014041591461476227,9.805874310262393e-08,2.9238684013396224e-07
Random6486
Raw:1.0104241096782723e-05,2.122547334954194e-06,1.9873220007881028e-05,0.49928167041624055,6.935296550282228e-09,0.49928167041624055,2.632051939880689e-09,0.0014041591461476128,9.805874310262184e-08,2.923868401339602e-07
EFT:1.0104241096782794e-05,2.122547334954209e-06,1.987322000788117e-05,0.499281670416237,6.935296550282277e-09,0.4992816704162441,2.6320519398807075e-09,0.0014041591461476227,9.805874310262393e-08,2.9238684013396224e-07
Random6487
Raw:1.0104241096782867e-05,2.122547334954194e-06,1.9873220007881028e-05,0.49928167041624055,6.935296550282326e-09,0.49928167041624055,2.6320519398807265e-09,0.0014041591461476128,9.805874310262323e-08,2.923868401339643e-07
EFT:1.0104241096782794e-05,2.122547334954209e-06,1.987322000788117e-05,0.499281670416237,6.935296550282277e-09,0.4992816704162441,2.6320519398807075e-09,0.0014041591461476227,9.805874310262393e-08,2.9238684013396224e-07
Random6488
Raw:1.0104241096783009e-05,2.122547334954194e-06,1.9873220007881028e-05,0.49928167041623345,6.935296550282327e-09,0.49928167041624766,2.6320519398807638e-09,0.0014041591461476126,9.805874310262601e-08,2.9238684013396436e-07
EFT:1.0104241096782794e-05,2.122547334954209e-06,1.987322000788117e-05,0.499281670416237,6.935296550282277e-09,0.4992816704162441,2.6320519398807075e-09,0.0014041591461476227,9.805874310262393e-08,2.9238684013396224e-07
Random6489
Raw:1.0104241096782938e-05,2.122547334954209e-06,1.987322000788117e-05,0.499281670416237,6.9352965502823754e-09,0.4992816704162441,2.632051939880745e-09,0.0014041591461476227,9.805874310262532e-08,2.9238684013396637e-07
EFT:1.0104241096782794e-05,2.122547334954209e-06,1.987322000788117e-05,0.499281670416237,6.935296550282277e-09,0.4992816704162441,2.6320519398807075e-09,0.0014041591461476227,9.805874310262393e-08,2.9238684013396224e-07
Random6490
Raw:1.0104241096782794e-05,2.122547334954209e-06,1.987322000788117e-05,0.499281670416237,6.9352965502821786e-09,0.4992816704162441,2.6320519398807075e-09,0.0014041591461476026,9.805874310262393e-08,2.9238684013396224e-07
EFT:1.0104241096782794e-05,2.122547334954209e-06,1.987322000788117e-05,0.499281670416237,6.935296550282277e-09,0.4992816704162441,2.6320519398807075e-09,0.0014041591461476227,9.805874310262393e-08,2.9238684013396224e-07
Random6491
Raw:1.0104241096782938e-05,2.122547334954209e-06,1.987322000788117e-05,0.499281670416237,6.9352965502823754e-09,0.4992816704162441,2.632051939880745e-09,0.0014041591461476227,9.805874310262532e-08,2.9238684013396637e-07
EFT:1.0104241096782794e-05,2.122547334954209e-06,1.987322000788117e-05,0.499281670416237,6.935296550282277e-09,0.4992816704162441,2.6320519398807075e-09,0.0014041591461476227,9.805874310262393e-08,2.9238684013396224e-07
Random6492
Raw:1.0104241096783009e-05,2.122547334954224e-06,1.987322000788131e-05,0.49928167041623345,6.935296550282327e-09,0.49928167041624766,2.6320519398807638e-09,0.0014041591461476327,9.805874310262462e-08,2.923868401339685e-07
EFT:1.0104241096782794e-05,2.122547334954209e-06,1.987322000788117e-05,0.499281670416237,6.935296550282277e-09,0.4992816704162441,2.6320519398807075e-09,0.0014041591461476227,9.805874310262393e-08,2.9238684013396224e-07
Random6493
Raw:1.0104241096782938e-05,2.122547334954209e-06,1.987322000788117e-05,0.499281670416237,6.9352965502823754e-09,0.4992816704162441,2.632051939880745e-09,0.0014041591461476227,9.805874310262532e-08,2.9238684013396637e-07
EFT:1.0104241096782794e-05,2.122547334954209e-06,1.987322000788117e-05,0.499281670416237,6.935296550282277e-09,0.4992816704162441,2.6320519398807075e-09,0.0014041591461476227,9.805874310262393e-08,2.9238684013396224e-07
Random6494
Raw:1.0104241096782938e-05,2.122547334954239e-06,1.987322000788145e-05,0.499281670416237,6.935296550282277e-09,0.4992816704162441,2.632051939880745e-09,0.0014041591461476427,9.805874310262532e-08,2.9238684013396224e-07
EFT:1.0104241096782794e-05,2.122547334954209e-06,1.987322000788117e-05,0.499281670416237,6.935296550282277e-09,0.4992816704162441,2.6320519398807075e-09,0.0014041591461476227,9.805874310262393e-08,2.9238684013396224e-07
Random6495
Raw:1.0104241096782938e-05,2.1225473349541788e-06,1.9873220007880885e-05,0.499281670416237,6.935296550282277e-09,0.4992816704162441,2.632051939880745e-09,0.0014041591461476026,9.805874310262532e-08,2.9238684013396224e-07
EFT:1.0104241096782794e-05,2.122547334954209e-06,1.987322000788117e-05,0.499281670416237,6.935296550282277e-09,0.4992816704162441,2.6320519398807075e-09,0.0014041591461476227,9.805874310262393e-08,2.9238684013396224e-07
Random6496
Raw:1.0104241096783009e-05,2.122547334954224e-06,1.987322000788131e-05,0.49928167041623345,6.935296550282327e-09,0.49928167041624766,2.6320519398807638e-09,0.0014041591461476327,9.805874310262601e-08,2.9238684013396436e-07
EFT:1.0104241096782794e-05,2.122547334954209e-06,1.987322000788117e-05,0.499281670416237,6.935296550282277e-09,0.4992816704162441,2.6320519398807075e-09,0.0014041591461476227,9.805874310262393e-08,2.9238684013396224e-07
Random6497
Raw:1.0104241096782938e-05,2.122547334954209e-06,1.9873220007880885e-05,0.499281670416237,6.935296550282277e-09,0.4992816704162441,2.632051939880745e-09,0.0014041591461476227,9.805874310262532e-08,2.9238684013396224e-07
EFT:1.0104241096782794e-05,2.122547334954209e-06,1.987322000788117e-05,0.499281670416237,6.935296550282277e-09,0.4992816704162441,2.6320519398807075e-09,0.0014041591461476227,9.805874310262393e-08,2.9238684013396224e-07
Random6498
Raw:1.0104241096782938e-05,2.122547334954209e-06,1.987322000788117e-05,0.499281670416237,6.9352965502823754e-09,0.4992816704162441,2.632051939880745e-09,0.0014041591461476227,9.805874310262532e-08,2.9238684013396637e-07
EFT:1.0104241096782794e-05,2.122547334954209e-06,1.987322000788117e-05,0.499281670416237,6.935296550282277e-09,0.4992816704162441,2.6320519398807075e-09,0.0014041591461476227,9.805874310262393e-08,2.9238684013396224e-07
Random6499
Raw:1.0104241096782865e-05,2.122547334954194e-06,1.9873220007881028e-05,0.49928167041623345,6.935296550282327e-09,0.49928167041624766,2.632051939880726e-09,0.0014041591461476126,9.805874310262462e-08,2.9238684013396436e-07
EFT:1.0104241096782794e-05,2.122547334954209e-06,1.987322000788117e-05,0.499281670416237,6.935296550282277e-09,0.4992816704162441,2.6320519398807075e-09,0.0014041591461476227,9.805874310262393e-08,2.9238684013396224e-07
Random6500
Raw:1.0104241096782938e-05,2.122547334954209e-06,1.987322000788117e-05,0.499281670416237,6.935296550282277e-09,0.4992816704162441,2.632051939880745e-09,0.0014041591461476227,9.805874310262532e-08,2.9238684013396224e-07
EFT:1.0104241096782794e-05,2.122547334954209e-06,1.987322000788117e-05,0.499281670416237,6.935296550282277e-09,0.4992816704162441,2.6320519398807075e-09,0.0014041591461476227,9.805874310262393e-08,2.9238684013396224e-07
Random6501
Raw:1.0104241096782723e-05,2.122547334954194e-06,1.9873220007881028e-05,0.49928167041624055,6.935296550282228e-09,0.49928167041624055,2.632051939880689e-09,0.0014041591461476128,9.805874310262184e-08,2.923868401339602e-07
EFT:1.0104241096782794e-05,2.122547334954209e-06,1.987322000788117e-05,0.499281670416237,6.935296550282277e-09,0.4992816704162441,2.6320519398807075e-09,0.0014041591461476227,9.805874310262393e-08,2.9238684013396224e-07
Random6502
Raw:1.0104241096782867e-05,2.122547334954194e-06,1.9873220007881028e-05,0.49928167041624055,6.935296550282228e-09,0.49928167041624055,2.632051939880689e-09,0.0014041591461476327,9.805874310262323e-08,2.923868401339602e-07
EFT:1.0104241096782794e-05,2.122547334954209e-06,1.987322000788117e-05,0.499281670416237,6.935296550282277e-09,0.4992816704162441,2.6320519398807075e-09,0.0014041591461476227,9.805874310262393e-08,2.9238684013396224e-07
Random6503
Raw:1.0104241096783009e-05,2.122547334954194e-06,1.9873220007881028e-05,0.49928167041623345,6.935296550282327e-09,0.49928167041624766,2.6320519398807638e-09,0.0014041591461476327,9.805874310262462e-08,2.9238684013396436e-07
EFT:1.0104241096782794e-05,2.122547334954209e-06,1.987322000788117e-05,0.499281670416237,6.935296550282277e-09,0.4992816704162441,2.6320519398807075e-09,0.0014041591461476227,9.805874310262393e-08,2.9238684013396224e-07
Random6504
Raw:1.0104241096782938e-05,2.122547334954209e-06,1.987322000788117e-05,0.499281670416237,6.935296550282277e-09,0.4992816704162441,2.632051939880745e-09,0.0014041591461476227,9.805874310262393e-08,2.9238684013396637e-07
EFT:1.0104241096782794e-05,2.122547334954209e-06,1.987322000788117e-05,0.499281670416237,6.935296550282277e-09,0.4992816704162441,2.6320519398807075e-09,0.0014041591461476227,9.805874310262393e-08,2.9238684013396224e-07
Random6505
Raw:1.0104241096783009e-05,2.122547334954224e-06,1.987322000788131e-05,0.49928167041623345,6.935296550282327e-09,0.49928167041624766,2.6320519398807638e-09,0.0014041591461476327,9.805874310262601e-08,2.9238684013396436e-07
EFT:1.0104241096782794e-05,2.122547334954209e-06,1.987322000788117e-05,0.499281670416237,6.935296550282277e-09,0.4992816704162441,2.6320519398807075e-09,0.0014041591461476227,9.805874310262393e-08,2.9238684013396224e-07
Random6506
Raw:1.0104241096782938e-05,2.122547334954209e-06,1.987322000788117e-05,0.499281670416237,6.935296550282277e-09,0.4992816704162441,2.632051939880745e-09,0.0014041591461476227,9.805874310262532e-08,2.9238684013396224e-07
EFT:1.0104241096782794e-05,2.122547334954209e-06,1.987322000788117e-05,0.499281670416237,6.935296550282277e-09,0.4992816704162441,2.6320519398807075e-09,0.0014041591461476227,9.805874310262393e-08,2.9238684013396224e-07
Random6507
Raw:1.0104241096782938e-05,2.122547334954209e-06,1.987322000788117e-05,0.499281670416237,6.9352965502823754e-09,0.4992816704162441,2.632051939880745e-09,0.0014041591461476227,9.805874310262672e-08,2.9238684013396637e-07
EFT:1.0104241096782794e-05,2.122547334954209e-06,1.987322000788117e-05,0.499281670416237,6.935296550282277e-09,0.4992816704162441,2.6320519398807075e-09,0.0014041591461476227,9.805874310262393e-08,2.9238684013396224e-07
Random6508
Raw:1.0104241096782938e-05,2.122547334954209e-06,1.987322000788117e-05,0.499281670416237,6.935296550282277e-09,0.4992816704162441,2.632051939880745e-09,0.0014041591461476427,9.805874310262393e-08,2.9238684013396224e-07
EFT:1.0104241096782794e-05,2.122547334954209e-06,1.987322000788117e-05,0.499281670416237,6.935296550282277e-09,0.4992816704162441,2.6320519398807075e-09,0.0014041591461476227,9.805874310262393e-08,2.9238684013396224e-07
Random6509
Raw:1.0104241096783009e-05,2.122547334954194e-06,1.9873220007881028e-05,0.49928167041623345,6.935296550282327e-09,0.49928167041624766,2.6320519398807638e-09,0.0014041591461476126,9.805874310262601e-08,2.9238684013396436e-07
EFT:1.0104241096782794e-05,2.122547334954209e-06,1.987322000788117e-05,0.499281670416237,6.935296550282277e-09,0.4992816704162441,2.6320519398807075e-09,0.0014041591461476227,9.805874310262393e-08,2.9238684013396224e-07
Random6510
Raw:1.0104241096782794e-05,2.122547334954209e-06,1.987322000788117e-05,0.499281670416237,6.935296550282277e-09,0.4992816704162441,2.6320519398807075e-09,0.0014041591461476227,9.805874310262393e-08,2.9238684013396224e-07
EFT:1.0104241096782794e-05,2.122547334954209e-06,1.987322000788117e-05,0.499281670416237,6.935296550282277e-09,0.4992816704162441,2.6320519398807075e-09,0.0014041591461476227,9.805874310262393e-08,2.9238684013396224e-07
Random6511
Raw:1.0104241096782867e-05,2.122547334954224e-06,1.987322000788131e-05,0.49928167041624055,6.935296550282228e-09,0.49928167041624055,2.632051939880689e-09,0.0014041591461476327,9.805874310262323e-08,2.923868401339643e-07
EFT:1.0104241096782794e-05,2.122547334954209e-06,1.987322000788117e-05,0.499281670416237,6.935296550282277e-09,0.4992816704162441,2.6320519398807075e-09,0.0014041591461476227,9.805874310262393e-08,2.9238684013396224e-07
Random6512
Raw:1.0104241096782938e-05,2.122547334954209e-06,1.987322000788117e-05,0.499281670416237,6.935296550282277e-09,0.4992816704162441,2.632051939880745e-09,0.0014041591461476427,9.805874310262393e-08,2.9238684013396224e-07
EFT:1.0104241096782794e-05,2.122547334954209e-06,1.987322000788117e-05,0.499281670416237,6.935296550282277e-09,0.4992816704162441,2.6320519398807075e-09,0.0014041591461476227,9.805874310262393e-08,2.9238684013396224e-07
Random6513
Raw:1.0104241096783009e-05,2.122547334954194e-06,1.9873220007881028e-05,0.49928167041623345,6.935296550282327e-09,0.49928167041624766,2.6320519398807638e-09,0.0014041591461476126,9.805874310262601e-08,2.9238684013396436e-07
EFT:1.0104241096782794e-05,2.122547334954209e-06,1.987322000788117e-05,0.499281670416237,6.935296550282277e-09,0.4992816704162441,2.6320519398807075e-09,0.0014041591461476227,9.805874310262393e-08,2.9238684013396224e-07
Random6514
Raw:1.0104241096782794e-05,2.122547334954209e-06,1.9873220007880885e-05,0.499281670416237,6.9352965502821786e-09,0.4992816704162441,2.6320519398807075e-09,0.0014041591461476026,9.805874310262393e-08,2.9238684013396224e-07
EFT:1.0104241096782794e-05,2.122547334954209e-06,1.987322000788117e-05,0.499281670416237,6.935296550282277e-09,0.4992816704162441,2.6320519398807075e-09,0.0014041591461476227,9.805874310262393e-08,2.9238684013396224e-07
Random6515
Raw:1.0104241096782794e-05,2.122547334954209e-06,1.987322000788117e-05,0.499281670416237,6.9352965502821786e-09,0.4992816704162441,2.6320519398807075e-09,0.0014041591461476227,9.805874310262393e-08,2.9238684013396224e-07
EFT:1.0104241096782794e-05,2.122547334954209e-06,1.987322000788117e-05,0.499281670416237,6.935296550282277e-09,0.4992816704162441,2.6320519398807075e-09,0.0014041591461476227,9.805874310262393e-08,2.9238684013396224e-07
Random6516
Raw:1.0104241096782938e-05,2.122547334954209e-06,1.987322000788117e-05,0.499281670416237,6.9352965502823754e-09,0.4992816704162441,2.632051939880745e-09,0.0014041591461476227,9.805874310262532e-08,2.9238684013396637e-07
EFT:1.0104241096782794e-05,2.122547334954209e-06,1.987322000788117e-05,0.499281670416237,6.935296550282277e-09,0.4992816704162441,2.6320519398807075e-09,0.0014041591461476227,9.805874310262393e-08,2.9238684013396224e-07
Random6517
Raw:1.0104241096783009e-05,2.122547334954194e-06,1.9873220007881028e-05,0.49928167041623345,6.935296550282327e-09,0.49928167041624766,2.6320519398807638e-09,0.0014041591461476327,9.805874310262462e-08,2.9238684013396436e-07
EFT:1.0104241096782794e-05,2.122547334954209e-06,1.987322000788117e-05,0.499281670416237,6.935296550282277e-09,0.4992816704162441,2.6320519398807075e-09,0.0014041591461476227,9.805874310262393e-08,2.9238684013396224e-07
Random6518
Raw:1.0104241096782865e-05,2.122547334954194e-06,1.9873220007881028e-05,0.49928167041623345,6.935296550282228e-09,0.49928167041624766,2.632051939880726e-09,0.0014041591461476126,9.805874310262462e-08,2.9238684013396436e-07
EFT:1.0104241096782794e-05,2.122547334954209e-06,1.987322000788117e-05,0.499281670416237,6.935296550282277e-09,0.4992816704162441,2.6320519398807075e-09,0.0014041591461476227,9.805874310262393e-08,2.9238684013396224e-07
Random6519
Raw:1.0104241096782867e-05,2.122547334954224e-06,1.987322000788131e-05,0.49928167041624055,6.935296550282326e-09,0.49928167041624055,2.6320519398807265e-09,0.0014041591461476327,9.805874310262462e-08,2.923868401339643e-07
EFT:1.0104241096782794e-05,2.122547334954209e-06,1.987322000788117e-05,0.499281670416237,6.935296550282277e-09,0.4992816704162441,2.6320519398807075e-09,0.0014041591461476227,9.805874310262393e-08,2.9238684013396224e-07
Random6520
Raw:1.0104241096782794e-05,2.122547334954209e-06,1.987322000788117e-05,0.499281670416237,6.935296550282277e-09,0.4992816704162441,2.6320519398807075e-09,0.0014041591461476227,9.805874310262393e-08,2.9238684013396224e-07
EFT:1.0104241096782794e-05,2.122547334954209e-06,1.987322000788117e-05,0.499281670416237,6.935296550282277e-09,0.4992816704162441,2.6320519398807075e-09,0.0014041591461476227,9.805874310262393e-08,2.9238684013396224e-07
Random6521
Raw:1.0104241096782938e-05,2.122547334954209e-06,1.987322000788117e-05,0.499281670416237,6.9352965502823754e-09,0.4992816704162441,2.632051939880745e-09,0.0014041591461476227,9.805874310262672e-08,2.9238684013396637e-07
EFT:1.0104241096782794e-05,2.122547334954209e-06,1.987322000788117e-05,0.499281670416237,6.935296550282277e-09,0.4992816704162441,2.6320519398807075e-09,0.0014041591461476227,9.805874310262393e-08,2.9238684013396224e-07
Random6522
Raw:1.0104241096782865e-05,2.122547334954194e-06,1.9873220007881028e-05,0.49928167041623345,6.935296550282327e-09,0.49928167041624766,2.632051939880726e-09,0.0014041591461476126,9.805874310262462e-08,2.9238684013396436e-07
EFT:1.0104241096782794e-05,2.122547334954209e-06,1.987322000788117e-05,0.499281670416237,6.935296550282277e-09,0.4992816704162441,2.6320519398807075e-09,0.0014041591461476227,9.805874310262393e-08,2.9238684013396224e-07
Random6523
Raw:1.0104241096782867e-05,2.122547334954224e-06,1.9873220007881028e-05,0.49928167041624055,6.935296550282326e-09,0.49928167041624055,2.6320519398807265e-09,0.0014041591461476327,9.805874310262602e-08,2.923868401339643e-07
EFT:1.0104241096782794e-05,2.122547334954209e-06,1.987322000788117e-05,0.499281670416237,6.935296550282277e-09,0.4992816704162441,2.6320519398807075e-09,0.0014041591461476227,9.805874310262393e-08,2.9238684013396224e-07
Random6524
Raw:1.0104241096783009e-05,2.122547334954224e-06,1.987322000788131e-05,0.49928167041623345,6.935296550282424e-09,0.49928167041624766,2.6320519398807638e-09,0.0014041591461476327,9.805874310262601e-08,2.923868401339685e-07
EFT:1.0104241096782794e-05,2.122547334954209e-06,1.987322000788117e-05,0.499281670416237,6.935296550282277e-09,0.4992816704162441,2.6320519398807075e-09,0.0014041591461476227,9.805874310262393e-08,2.9238684013396224e-07
Random6525
Raw:1.0104241096782723e-05,2.122547334954194e-06,1.9873220007881028e-05,0.49928167041624055,6.935296550282228e-09,0.49928167041624055,2.632051939880689e-09,0.0014041591461476128,9.805874310262184e-08,2.923868401339602e-07
EFT:1.0104241096782794e-05,2.122547334954209e-06,1.987322000788117e-05,0.499281670416237,6.935296550282277e-09,0.4992816704162441,2.6320519398807075e-09,0.0014041591461476227,9.805874310262393e-08,2.9238684013396224e-07
Random6526
Raw:1.0104241096783009e-05,2.122547334954224e-06,1.987322000788131e-05,0.49928167041623345,6.935296550282327e-09,0.49928167041624766,2.6320519398807638e-09,0.0014041591461476327,9.805874310262601e-08,2.9238684013396436e-07
EFT:1.0104241096782794e-05,2.122547334954209e-06,1.987322000788117e-05,0.499281670416237,6.935296550282277e-09,0.4992816704162441,2.6320519398807075e-09,0.0014041591461476227,9.805874310262393e-08,2.9238684013396224e-07
Random6527
Raw:1.0104241096782867e-05,2.122547334954194e-06,1.9873220007881028e-05,0.49928167041624055,6.935296550282228e-09,0.49928167041624055,2.632051939880689e-09,0.0014041591461476128,9.805874310262462e-08,2.923868401339602e-07
EFT:1.0104241096782794e-05,2.122547334954209e-06,1.987322000788117e-05,0.499281670416237,6.935296550282277e-09,0.4992816704162441,2.6320519398807075e-09,0.0014041591461476227,9.805874310262393e-08,2.9238684013396224e-07
Random6528
Raw:1.0104241096782867e-05,2.122547334954224e-06,1.9873220007881028e-05,0.49928167041624055,6.935296550282326e-09,0.49928167041624055,2.6320519398807265e-09,0.0014041591461476327,9.805874310262323e-08,2.923868401339643e-07
EFT:1.0104241096782794e-05,2.122547334954209e-06,1.987322000788117e-05,0.499281670416237,6.935296550282277e-09,0.4992816704162441,2.6320519398807075e-09,0.0014041591461476227,9.805874310262393e-08,2.9238684013396224e-07
Random6529
Raw:1.0104241096782794e-05,2.122547334954209e-06,1.987322000788117e-05,0.499281670416237,6.935296550282277e-09,0.4992816704162441,2.632051939880745e-09,0.0014041591461476227,9.805874310262254e-08,2.9238684013396224e-07
EFT:1.0104241096782794e-05,2.122547334954209e-06,1.987322000788117e-05,0.499281670416237,6.935296550282277e-09,0.4992816704162441,2.6320519398807075e-09,0.0014041591461476227,9.805874310262393e-08,2.9238684013396224e-07
Random6530
Raw:1.0104241096783009e-05,2.122547334954194e-06,1.9873220007881028e-05,0.49928167041623345,6.935296550282327e-09,0.49928167041624766,2.6320519398807638e-09,0.0014041591461476126,9.805874310262601e-08,2.9238684013396436e-07
EFT:1.0104241096782794e-05,2.122547334954209e-06,1.987322000788117e-05,0.499281670416237,6.935296550282277e-09,0.4992816704162441,2.6320519398807075e-09,0.0014041591461476227,9.805874310262393e-08,2.9238684013396224e-07
Random6531
Raw:1.0104241096782938e-05,2.122547334954239e-06,1.987322000788145e-05,0.499281670416237,6.935296550282277e-09,0.4992816704162441,2.632051939880745e-09,0.0014041591461476427,9.805874310262532e-08,2.9238684013396224e-07
EFT:1.0104241096782794e-05,2.122547334954209e-06,1.987322000788117e-05,0.499281670416237,6.935296550282277e-09,0.4992816704162441,2.6320519398807075e-09,0.0014041591461476227,9.805874310262393e-08,2.9238684013396224e-07
Random6532
Raw:1.0104241096782938e-05,2.122547334954209e-06,1.987322000788117e-05,0.499281670416237,6.935296550282277e-09,0.4992816704162441,2.632051939880745e-09,0.0014041591461476227,9.805874310262532e-08,2.9238684013396224e-07
EFT:1.0104241096782794e-05,2.122547334954209e-06,1.987322000788117e-05,0.499281670416237,6.935296550282277e-09,0.4992816704162441,2.6320519398807075e-09,0.0014041591461476227,9.805874310262393e-08,2.9238684013396224e-07
Random6533
Raw:1.0104241096782938e-05,2.122547334954209e-06,1.987322000788117e-05,0.499281670416237,6.935296550282277e-09,0.4992816704162441,2.632051939880745e-09,0.0014041591461476227,9.805874310262532e-08,2.9238684013396224e-07
EFT:1.0104241096782794e-05,2.122547334954209e-06,1.987322000788117e-05,0.499281670416237,6.935296550282277e-09,0.4992816704162441,2.6320519398807075e-09,0.0014041591461476227,9.805874310262393e-08,2.9238684013396224e-07
Random6534
Raw:1.0104241096782794e-05,2.122547334954239e-06,1.987322000788117e-05,0.4992816704162441,6.935296550282277e-09,0.499281670416237,2.6320519398807075e-09,0.0014041591461476227,9.805874310262393e-08,2.9238684013396224e-07
EFT:1.0104241096782794e-05,2.122547334954209e-06,1.987322000788117e-05,0.499281670416237,6.935296550282277e-09,0.4992816704162441,2.6320519398807075e-09,0.0014041591461476227,9.805874310262393e-08,2.9238684013396224e-07
Random6535
Raw:1.0104241096782865e-05,2.122547334954194e-06,1.9873220007881028e-05,0.49928167041623345,6.935296550282228e-09,0.49928167041624766,2.632051939880726e-09,0.0014041591461476126,9.805874310262462e-08,2.9238684013396436e-07
EFT:1.0104241096782794e-05,2.122547334954209e-06,1.987322000788117e-05,0.499281670416237,6.935296550282277e-09,0.4992816704162441,2.6320519398807075e-09,0.0014041591461476227,9.805874310262393e-08,2.9238684013396224e-07
Random6536
Raw:1.0104241096782794e-05,2.122547334954209e-06,1.987322000788117e-05,0.499281670416237,6.935296550282277e-09,0.4992816704162441,2.632051939880745e-09,0.0014041591461476227,9.805874310262254e-08,2.9238684013396224e-07
EFT:1.0104241096782794e-05,2.122547334954209e-06,1.987322000788117e-05,0.499281670416237,6.935296550282277e-09,0.4992816704162441,2.6320519398807075e-09,0.0014041591461476227,9.805874310262393e-08,2.9238684013396224e-07
Random6537
Raw:1.0104241096782938e-05,2.1225473349541788e-06,1.9873220007880885e-05,0.499281670416237,6.935296550282277e-09,0.4992816704162441,2.632051939880745e-09,0.0014041591461476026,9.805874310262532e-08,2.9238684013396224e-07
EFT:1.0104241096782794e-05,2.122547334954209e-06,1.987322000788117e-05,0.499281670416237,6.935296550282277e-09,0.4992816704162441,2.6320519398807075e-09,0.0014041591461476227,9.805874310262393e-08,2.9238684013396224e-07
Random6538
Raw:1.0104241096782938e-05,2.122547334954209e-06,1.987322000788117e-05,0.499281670416237,6.9352965502823754e-09,0.4992816704162441,2.632051939880745e-09,0.0014041591461476227,9.805874310262393e-08,2.9238684013396637e-07
EFT:1.0104241096782794e-05,2.122547334954209e-06,1.987322000788117e-05,0.499281670416237,6.935296550282277e-09,0.4992816704162441,2.6320519398807075e-09,0.0014041591461476227,9.805874310262393e-08,2.9238684013396224e-07
Random6539
Raw:1.0104241096782865e-05,2.1225473349541635e-06,1.9873220007880747e-05,0.49928167041623345,6.935296550282228e-09,0.49928167041624766,2.632051939880726e-09,0.0014041591461476126,9.805874310262462e-08,2.923868401339602e-07
EFT:1.0104241096782794e-05,2.122547334954209e-06,1.987322000788117e-05,0.499281670416237,6.935296550282277e-09,0.4992816704162441,2.6320519398807075e-09,0.0014041591461476227,9.805874310262393e-08,2.9238684013396224e-07
Random6540
Raw:1.0104241096782794e-05,2.122547334954209e-06,1.987322000788117e-05,0.499281670416237,6.9352965502821786e-09,0.4992816704162441,2.6320519398807075e-09,0.0014041591461476227,9.805874310262393e-08,2.9238684013396224e-07
EFT:1.0104241096782794e-05,2.122547334954209e-06,1.987322000788117e-05,0.499281670416237,6.935296550282277e-09,0.4992816704162441,2.6320519398807075e-09,0.0014041591461476227,9.805874310262393e-08,2.9238684013396224e-07
Random6541
Raw:1.0104241096782938e-05,2.122547334954209e-06,1.987322000788117e-05,0.499281670416237,6.935296550282277e-09,0.4992816704162441,2.632051939880745e-09,0.0014041591461476427,9.805874310262393e-08,2.9238684013396224e-07
EFT:1.0104241096782794e-05,2.122547334954209e-06,1.987322000788117e-05,0.499281670416237,6.935296550282277e-09,0.4992816704162441,2.6320519398807075e-09,0.0014041591461476227,9.805874310262393e-08,2.9238684013396224e-07
Random6542
Raw:1.0104241096783009e-05,2.122547334954224e-06,1.987322000788131e-05,0.49928167041623345,6.935296550282327e-09,0.49928167041624766,2.6320519398807638e-09,0.0014041591461476327,9.805874310262462e-08,2.923868401339685e-07
EFT:1.0104241096782794e-05,2.122547334954209e-06,1.987322000788117e-05,0.499281670416237,6.935296550282277e-09,0.4992816704162441,2.6320519398807075e-09,0.0014041591461476227,9.805874310262393e-08,2.9238684013396224e-07
Random6543
Raw:1.0104241096782794e-05,2.122547334954209e-06,1.987322000788117e-05,0.499281670416237,6.935296550282277e-09,0.4992816704162441,2.6320519398807075e-09,0.0014041591461476227,9.805874310262393e-08,2.9238684013396224e-07
EFT:1.0104241096782794e-05,2.122547334954209e-06,1.987322000788117e-05,0.499281670416237,6.935296550282277e-09,0.4992816704162441,2.6320519398807075e-09,0.0014041591461476227,9.805874310262393e-08,2.9238684013396224e-07
Random6544
Raw:1.0104241096782938e-05,2.122547334954209e-06,1.987322000788117e-05,0.499281670416237,6.9352965502823754e-09,0.4992816704162441,2.6320519398807824e-09,0.0014041591461476227,9.805874310262532e-08,2.9238684013396637e-07
EFT:1.0104241096782794e-05,2.122547334954209e-06,1.987322000788117e-05,0.499281670416237,6.935296550282277e-09,0.4992816704162441,2.6320519398807075e-09,0.0014041591461476227,9.805874310262393e-08,2.9238684013396224e-07
Random6545
Raw:1.0104241096782938e-05,2.122547334954239e-06,1.987322000788145e-05,0.499281670416237,6.935296550282277e-09,0.4992816704162441,2.632051939880745e-09,0.0014041591461476427,9.805874310262393e-08,2.9238684013396637e-07
EFT:1.0104241096782794e-05,2.122547334954209e-06,1.987322000788117e-05,0.499281670416237,6.935296550282277e-09,0.4992816704162441,2.6320519398807075e-09,0.0014041591461476227,9.805874310262393e-08,2.9238684013396224e-07
Random6546
Raw:1.0104241096782794e-05,2.122547334954209e-06,1.987322000788117e-05,0.499281670416237,6.935296550282277e-09,0.4992816704162441,2.6320519398807075e-09,0.0014041591461476227,9.805874310262393e-08,2.9238684013396224e-07
EFT:1.0104241096782794e-05,2.122547334954209e-06,1.987322000788117e-05,0.499281670416237,6.935296550282277e-09,0.4992816704162441,2.6320519398807075e-09,0.0014041591461476227,9.805874310262393e-08,2.9238684013396224e-07
Random6547
Raw:1.0104241096782867e-05,2.122547334954224e-06,1.987322000788131e-05,0.49928167041624055,6.935296550282326e-09,0.49928167041624055,2.6320519398807265e-09,0.0014041591461476128,9.805874310262462e-08,2.923868401339643e-07
EFT:1.0104241096782794e-05,2.122547334954209e-06,1.987322000788117e-05,0.499281670416237,6.935296550282277e-09,0.4992816704162441,2.6320519398807075e-09,0.0014041591461476227,9.805874310262393e-08,2.9238684013396224e-07
Random6548
Raw:1.0104241096782938e-05,2.1225473349541788e-06,1.9873220007880885e-05,0.499281670416237,6.935296550282277e-09,0.4992816704162441,2.632051939880745e-09,0.0014041591461476026,9.805874310262532e-08,2.9238684013396224e-07
EFT:1.0104241096782794e-05,2.122547334954209e-06,1.987322000788117e-05,0.499281670416237,6.935296550282277e-09,0.4992816704162441,2.6320519398807075e-09,0.0014041591461476227,9.805874310262393e-08,2.9238684013396224e-07
Random6549
Raw:1.0104241096782723e-05,2.122547334954194e-06,1.9873220007881028e-05,0.49928167041624055,6.93529655028213e-09,0.49928167041624055,2.6320519398806513e-09,0.0014041591461476128,9.805874310262323e-08,2.923868401339602e-07
EFT:1.0104241096782794e-05,2.122547334954209e-06,1.987322000788117e-05,0.499281670416237,6.935296550282277e-09,0.4992816704162441,2.6320519398807075e-09,0.0014041591461476227,9.805874310262393e-08,2.9238684013396224e-07
Random6550
Raw:1.0104241096782867e-05,2.122547334954224e-06,1.987322000788131e-05,0.49928167041624055,6.935296550282326e-09,0.49928167041624055,2.6320519398807265e-09,0.0014041591461476128,9.805874310262462e-08,2.923868401339643e-07
EFT:1.0104241096782794e-05,2.122547334954209e-06,1.987322000788117e-05,0.499281670416237,6.935296550282277e-09,0.4992816704162441,2.6320519398807075e-09,0.0014041591461476227,9.805874310262393e-08,2.9238684013396224e-07
Random6551
Raw:1.0104241096783009e-05,2.122547334954194e-06,1.9873220007881028e-05,0.49928167041623345,6.935296550282327e-09,0.49928167041624766,2.6320519398807638e-09,0.0014041591461476327,9.805874310262462e-08,2.9238684013396436e-07
EFT:1.0104241096782794e-05,2.122547334954209e-06,1.987322000788117e-05,0.499281670416237,6.935296550282277e-09,0.4992816704162441,2.6320519398807075e-09,0.0014041591461476227,9.805874310262393e-08,2.9238684013396224e-07
Random6552
Raw:1.0104241096782867e-05,2.122547334954224e-06,1.987322000788131e-05,0.49928167041624055,6.935296550282326e-09,0.49928167041624055,2.6320519398807265e-09,0.0014041591461476327,9.805874310262462e-08,2.923868401339643e-07
EFT:1.0104241096782794e-05,2.122547334954209e-06,1.987322000788117e-05,0.499281670416237,6.935296550282277e-09,0.4992816704162441,2.6320519398807075e-09,0.0014041591461476227,9.805874310262393e-08,2.9238684013396224e-07
Random6553
Raw:1.0104241096782794e-05,2.122547334954209e-06,1.987322000788117e-05,0.4992816704162441,6.935296550282277e-09,0.499281670416237,2.63205193988067e-09,0.0014041591461476227,9.805874310262393e-08,2.9238684013396224e-07
EFT:1.0104241096782794e-05,2.122547334954209e-06,1.987322000788117e-05,0.499281670416237,6.935296550282277e-09,0.4992816704162441,2.6320519398807075e-09,0.0014041591461476227,9.805874310262393e-08,2.9238684013396224e-07
Random6554
Raw:1.0104241096782938e-05,2.122547334954239e-06,1.987322000788145e-05,0.499281670416237,6.935296550282277e-09,0.4992816704162441,2.632051939880745e-09,0.0014041591461476427,9.805874310262532e-08,2.9238684013396224e-07
EFT:1.0104241096782794e-05,2.122547334954209e-06,1.987322000788117e-05,0.499281670416237,6.935296550282277e-09,0.4992816704162441,2.6320519398807075e-09,0.0014041591461476227,9.805874310262393e-08,2.9238684013396224e-07
Random6555
Raw:1.0104241096782867e-05,2.122547334954224e-06,1.987322000788131e-05,0.49928167041624055,6.935296550282326e-09,0.49928167041624055,2.6320519398807265e-09,0.0014041591461476128,9.805874310262462e-08,2.923868401339643e-07
EFT:1.0104241096782794e-05,2.122547334954209e-06,1.987322000788117e-05,0.499281670416237,6.935296550282277e-09,0.4992816704162441,2.6320519398807075e-09,0.0014041591461476227,9.805874310262393e-08,2.9238684013396224e-07
Random6556
Raw:1.0104241096782867e-05,2.122547334954194e-06,1.9873220007881028e-05,0.49928167041624055,6.935296550282326e-09,0.49928167041624055,2.6320519398807265e-09,0.0014041591461476128,9.805874310262323e-08,2.923868401339643e-07
EFT:1.0104241096782794e-05,2.122547334954209e-06,1.987322000788117e-05,0.499281670416237,6.935296550282277e-09,0.4992816704162441,2.6320519398807075e-09,0.0014041591461476227,9.805874310262393e-08,2.9238684013396224e-07
Random6557
Raw:1.0104241096782867e-05,2.122547334954224e-06,1.987322000788131e-05,0.49928167041624055,6.935296550282326e-09,0.49928167041624055,2.6320519398807265e-09,0.0014041591461476327,9.805874310262462e-08,2.923868401339643e-07
EFT:1.0104241096782794e-05,2.122547334954209e-06,1.987322000788117e-05,0.499281670416237,6.935296550282277e-09,0.4992816704162441,2.6320519398807075e-09,0.0014041591461476227,9.805874310262393e-08,2.9238684013396224e-07
Random6558
Raw:1.0104241096782938e-05,2.122547334954209e-06,1.987322000788117e-05,0.499281670416237,6.9352965502823754e-09,0.4992816704162441,2.632051939880745e-09,0.0014041591461476227,9.805874310262532e-08,2.9238684013396637e-07
EFT:1.0104241096782794e-05,2.122547334954209e-06,1.987322000788117e-05,0.499281670416237,6.935296550282277e-09,0.4992816704162441,2.6320519398807075e-09,0.0014041591461476227,9.805874310262393e-08,2.9238684013396224e-07
Random6559
Raw:1.0104241096782794e-05,2.122547334954209e-06,1.987322000788117e-05,0.499281670416237,6.935296550282277e-09,0.4992816704162441,2.6320519398807075e-09,0.0014041591461476026,9.805874310262393e-08,2.9238684013396224e-07
EFT:1.0104241096782794e-05,2.122547334954209e-06,1.987322000788117e-05,0.499281670416237,6.935296550282277e-09,0.4992816704162441,2.6320519398807075e-09,0.0014041591461476227,9.805874310262393e-08,2.9238684013396224e-07
Random6560
Raw:1.0104241096783009e-05,2.122547334954224e-06,1.9873220007881028e-05,0.49928167041623345,6.935296550282327e-09,0.49928167041624766,2.632051939880801e-09,0.0014041591461476327,9.805874310262601e-08,2.9238684013396436e-07
EFT:1.0104241096782794e-05,2.122547334954209e-06,1.987322000788117e-05,0.499281670416237,6.935296550282277e-09,0.4992816704162441,2.6320519398807075e-09,0.0014041591461476227,9.805874310262393e-08,2.9238684013396224e-07
Random6561
Raw:1.010424109678301e-05,2.122547334954224e-06,1.987322000788131e-05,0.49928167041624055,6.935296550282425e-09,0.49928167041624055,2.6320519398807638e-09,0.0014041591461476327,9.805874310262602e-08,2.923868401339685e-07
EFT:1.0104241096782794e-05,2.122547334954209e-06,1.987322000788117e-05,0.499281670416237,6.935296550282277e-09,0.4992816704162441,2.6320519398807075e-09,0.0014041591461476227,9.805874310262393e-08,2.9238684013396224e-07
Random6562
Raw:1.0104241096782938e-05,2.122547334954209e-06,1.987322000788117e-05,0.499281670416237,6.935296550282277e-09,0.4992816704162441,2.632051939880745e-09,0.0014041591461476427,9.805874310262393e-08,2.9238684013396224e-07
EFT:1.0104241096782794e-05,2.122547334954209e-06,1.987322000788117e-05,0.499281670416237,6.935296550282277e-09,0.4992816704162441,2.6320519398807075e-09,0.0014041591461476227,9.805874310262393e-08,2.9238684013396224e-07
Random6563
Raw:1.0104241096782865e-05,2.122547334954194e-06,1.9873220007881028e-05,0.49928167041623345,6.935296550282327e-09,0.49928167041624766,2.6320519398807638e-09,0.0014041591461476126,9.805874310262324e-08,2.9238684013396436e-07
EFT:1.0104241096782794e-05,2.122547334954209e-06,1.987322000788117e-05,0.499281670416237,6.935296550282277e-09,0.4992816704162441,2.6320519398807075e-09,0.0014041591461476227,9.805874310262393e-08,2.9238684013396224e-07
Random6564
Raw:1.0104241096782938e-05,2.122547334954239e-06,1.987322000788145e-05,0.499281670416237,6.935296550282277e-09,0.4992816704162441,2.632051939880745e-09,0.0014041591461476427,9.805874310262393e-08,2.9238684013396637e-07
EFT:1.0104241096782794e-05,2.122547334954209e-06,1.987322000788117e-05,0.499281670416237,6.935296550282277e-09,0.4992816704162441,2.6320519398807075e-09,0.0014041591461476227,9.805874310262393e-08,2.9238684013396224e-07
Random6565
Raw:1.0104241096782867e-05,2.122547334954224e-06,1.987322000788131e-05,0.49928167041624055,6.935296550282326e-09,0.49928167041624055,2.6320519398807265e-09,0.0014041591461476327,9.805874310262462e-08,2.923868401339643e-07
EFT:1.0104241096782794e-05,2.122547334954209e-06,1.987322000788117e-05,0.499281670416237,6.935296550282277e-09,0.4992816704162441,2.6320519398807075e-09,0.0014041591461476227,9.805874310262393e-08,2.9238684013396224e-07
Random6566
Raw:1.0104241096783009e-05,2.122547334954224e-06,1.987322000788131e-05,0.49928167041623345,6.935296550282327e-09,0.49928167041624766,2.6320519398807638e-09,0.0014041591461476327,9.805874310262462e-08,2.923868401339685e-07
EFT:1.0104241096782794e-05,2.122547334954209e-06,1.987322000788117e-05,0.499281670416237,6.935296550282277e-09,0.4992816704162441,2.6320519398807075e-09,0.0014041591461476227,9.805874310262393e-08,2.9238684013396224e-07
Random6567
Raw:1.0104241096782794e-05,2.122547334954209e-06,1.987322000788117e-05,0.499281670416237,6.9352965502821786e-09,0.4992816704162441,2.6320519398807075e-09,0.0014041591461476227,9.805874310262393e-08,2.9238684013396224e-07
EFT:1.0104241096782794e-05,2.122547334954209e-06,1.987322000788117e-05,0.499281670416237,6.935296550282277e-09,0.4992816704162441,2.6320519398807075e-09,0.0014041591461476227,9.805874310262393e-08,2.9238684013396224e-07
Random6568
Raw:1.0104241096782867e-05,2.122547334954194e-06,1.9873220007881028e-05,0.49928167041624055,6.935296550282326e-09,0.49928167041624055,2.6320519398807265e-09,0.0014041591461476128,9.805874310262602e-08,2.923868401339643e-07
EFT:1.0104241096782794e-05,2.122547334954209e-06,1.987322000788117e-05,0.499281670416237,6.935296550282277e-09,0.4992816704162441,2.6320519398807075e-09,0.0014041591461476227,9.805874310262393e-08,2.9238684013396224e-07
Random6569
Raw:1.0104241096782938e-05,2.122547334954209e-06,1.987322000788117e-05,0.499281670416237,6.9352965502823754e-09,0.4992816704162441,2.632051939880745e-09,0.0014041591461476227,9.805874310262393e-08,2.9238684013396637e-07
EFT:1.0104241096782794e-05,2.122547334954209e-06,1.987322000788117e-05,0.499281670416237,6.935296550282277e-09,0.4992816704162441,2.6320519398807075e-09,0.0014041591461476227,9.805874310262393e-08,2.9238684013396224e-07
Random6570
Raw:1.0104241096782938e-05,2.122547334954239e-06,1.987322000788145e-05,0.499281670416237,6.935296550282277e-09,0.4992816704162441,2.632051939880745e-09,0.0014041591461476427,9.805874310262393e-08,2.9238684013396637e-07
EFT:1.0104241096782794e-05,2.122547334954209e-06,1.987322000788117e-05,0.499281670416237,6.935296550282277e-09,0.4992816704162441,2.6320519398807075e-09,0.0014041591461476227,9.805874310262393e-08,2.9238684013396224e-07
Random6571
Raw:1.0104241096782794e-05,2.122547334954209e-06,1.987322000788117e-05,0.499281670416237,6.935296550282277e-09,0.4992816704162441,2.6320519398807075e-09,0.0014041591461476227,9.805874310262393e-08,2.9238684013396224e-07
EFT:1.0104241096782794e-05,2.122547334954209e-06,1.987322000788117e-05,0.499281670416237,6.935296550282277e-09,0.4992816704162441,2.6320519398807075e-09,0.0014041591461476227,9.805874310262393e-08,2.9238684013396224e-07
Random6572
Raw:1.0104241096782938e-05,2.122547334954209e-06,1.987322000788117e-05,0.499281670416237,6.935296550282277e-09,0.4992816704162441,2.632051939880745e-09,0.0014041591461476427,9.805874310262393e-08,2.9238684013396224e-07
EFT:1.0104241096782794e-05,2.122547334954209e-06,1.987322000788117e-05,0.499281670416237,6.935296550282277e-09,0.4992816704162441,2.6320519398807075e-09,0.0014041591461476227,9.805874310262393e-08,2.9238684013396224e-07
Random6573
Raw:1.0104241096782938e-05,2.1225473349541788e-06,1.9873220007880885e-05,0.499281670416237,6.935296550282277e-09,0.4992816704162441,2.632051939880745e-09,0.0014041591461476026,9.805874310262532e-08,2.9238684013396224e-07
EFT:1.0104241096782794e-05,2.122547334954209e-06,1.987322000788117e-05,0.499281670416237,6.935296550282277e-09,0.4992816704162441,2.6320519398807075e-09,0.0014041591461476227,9.805874310262393e-08,2.9238684013396224e-07
Random6574
Raw:1.0104241096782794e-05,2.122547334954209e-06,1.9873220007880885e-05,0.499281670416237,6.935296550282277e-09,0.4992816704162441,2.6320519398807075e-09,0.0014041591461476026,9.805874310262393e-08,2.9238684013396224e-07
EFT:1.0104241096782794e-05,2.122547334954209e-06,1.987322000788117e-05,0.499281670416237,6.935296550282277e-09,0.4992816704162441,2.6320519398807075e-09,0.0014041591461476227,9.805874310262393e-08,2.9238684013396224e-07
Random6575
Raw:1.0104241096782867e-05,2.1225473349542546e-06,1.987322000788131e-05,0.49928167041624055,6.935296550282326e-09,0.49928167041624055,2.6320519398807638e-09,0.0014041591461476128,9.805874310262462e-08,2.923868401339643e-07
EFT:1.0104241096782794e-05,2.122547334954209e-06,1.987322000788117e-05,0.499281670416237,6.935296550282277e-09,0.4992816704162441,2.6320519398807075e-09,0.0014041591461476227,9.805874310262393e-08,2.9238684013396224e-07
Random6576
Raw:1.0104241096782867e-05,2.122547334954224e-06,1.987322000788131e-05,0.49928167041624055,6.935296550282326e-09,0.49928167041624055,2.6320519398807638e-09,0.0014041591461476327,9.805874310262462e-08,2.923868401339643e-07
EFT:1.0104241096782794e-05,2.122547334954209e-06,1.987322000788117e-05,0.499281670416237,6.935296550282277e-09,0.4992816704162441,2.6320519398807075e-09,0.0014041591461476227,9.805874310262393e-08,2.9238684013396224e-07
Random6577
Raw:1.0104241096782938e-05,2.122547334954239e-06,1.9873220007880885e-05,0.499281670416237,6.935296550282277e-09,0.4992816704162441,2.632051939880745e-09,0.0014041591461476227,9.805874310262532e-08,2.9238684013396224e-07
EFT:1.0104241096782794e-05,2.122547334954209e-06,1.987322000788117e-05,0.499281670416237,6.935296550282277e-09,0.4992816704162441,2.6320519398807075e-09,0.0014041591461476227,9.805874310262393e-08,2.9238684013396224e-07
Random6578
Raw:1.0104241096782938e-05,2.122547334954209e-06,1.987322000788117e-05,0.499281670416237,6.9352965502823754e-09,0.4992816704162441,2.632051939880745e-09,0.0014041591461476227,9.805874310262532e-08,2.9238684013396637e-07
EFT:1.0104241096782794e-05,2.122547334954209e-06,1.987322000788117e-05,0.499281670416237,6.935296550282277e-09,0.4992816704162441,2.6320519398807075e-09,0.0014041591461476227,9.805874310262393e-08,2.9238684013396224e-07
Random6579
Raw:1.0104241096782938e-05,2.122547334954239e-06,1.987322000788145e-05,0.499281670416237,6.935296550282277e-09,0.4992816704162441,2.632051939880745e-09,0.0014041591461476227,9.805874310262532e-08,2.9238684013396224e-07
EFT:1.0104241096782794e-05,2.122547334954209e-06,1.987322000788117e-05,0.499281670416237,6.935296550282277e-09,0.4992816704162441,2.6320519398807075e-09,0.0014041591461476227,9.805874310262393e-08,2.9238684013396224e-07
Random6580
Raw:1.0104241096782794e-05,2.122547334954209e-06,1.987322000788117e-05,0.499281670416237,6.935296550282277e-09,0.4992816704162441,2.6320519398807075e-09,0.0014041591461476026,9.805874310262393e-08,2.9238684013396224e-07
EFT:1.0104241096782794e-05,2.122547334954209e-06,1.987322000788117e-05,0.499281670416237,6.935296550282277e-09,0.4992816704162441,2.6320519398807075e-09,0.0014041591461476227,9.805874310262393e-08,2.9238684013396224e-07
Random6581
Raw:1.0104241096782938e-05,2.122547334954239e-06,1.987322000788145e-05,0.499281670416237,6.935296550282277e-09,0.4992816704162441,2.632051939880745e-09,0.0014041591461476227,9.805874310262532e-08,2.9238684013396224e-07
EFT:1.0104241096782794e-05,2.122547334954209e-06,1.987322000788117e-05,0.499281670416237,6.935296550282277e-09,0.4992816704162441,2.6320519398807075e-09,0.0014041591461476227,9.805874310262393e-08,2.9238684013396224e-07
Random6582
Raw:1.0104241096782938e-05,2.122547334954239e-06,1.987322000788117e-05,0.499281670416237,6.935296550282277e-09,0.4992816704162441,2.632051939880745e-09,0.0014041591461476427,9.805874310262532e-08,2.9238684013396224e-07
EFT:1.0104241096782794e-05,2.122547334954209e-06,1.987322000788117e-05,0.499281670416237,6.935296550282277e-09,0.4992816704162441,2.6320519398807075e-09,0.0014041591461476227,9.805874310262393e-08,2.9238684013396224e-07
Random6583
Raw:1.0104241096782938e-05,2.122547334954239e-06,1.987322000788145e-05,0.4992816704162441,6.9352965502823754e-09,0.499281670416237,2.632051939880745e-09,0.0014041591461476427,9.805874310262532e-08,2.9238684013396637e-07
EFT:1.0104241096782794e-05,2.122547334954209e-06,1.987322000788117e-05,0.499281670416237,6.935296550282277e-09,0.4992816704162441,2.6320519398807075e-09,0.0014041591461476227,9.805874310262393e-08,2.9238684013396224e-07
Random6584
Raw:1.0104241096782865e-05,2.122547334954194e-06,1.9873220007881028e-05,0.49928167041623345,6.935296550282327e-09,0.49928167041624766,2.6320519398807638e-09,0.0014041591461476126,9.805874310262324e-08,2.9238684013396436e-07
EFT:1.0104241096782794e-05,2.122547334954209e-06,1.987322000788117e-05,0.499281670416237,6.935296550282277e-09,0.4992816704162441,2.6320519398807075e-09,0.0014041591461476227,9.805874310262393e-08,2.9238684013396224e-07
Random6585
Raw:1.0104241096782867e-05,2.122547334954194e-06,1.9873220007881028e-05,0.49928167041624055,6.935296550282228e-09,0.49928167041624055,2.632051939880689e-09,0.0014041591461476128,9.805874310262462e-08,2.923868401339602e-07
EFT:1.0104241096782794e-05,2.122547334954209e-06,1.987322000788117e-05,0.499281670416237,6.935296550282277e-09,0.4992816704162441,2.6320519398807075e-09,0.0014041591461476227,9.805874310262393e-08,2.9238684013396224e-07
Random6586
Raw:1.0104241096782794e-05,2.122547334954209e-06,1.987322000788117e-05,0.499281670416237,6.9352965502821786e-09,0.4992816704162441,2.6320519398807075e-09,0.0014041591461476227,9.805874310262393e-08,2.9238684013396224e-07
EFT:1.0104241096782794e-05,2.122547334954209e-06,1.987322000788117e-05,0.499281670416237,6.935296550282277e-09,0.4992816704162441,2.6320519398807075e-09,0.0014041591461476227,9.805874310262393e-08,2.9238684013396224e-07
Random6587
Raw:1.0104241096782867e-05,2.122547334954194e-06,1.9873220007881028e-05,0.49928167041624055,6.935296550282326e-09,0.49928167041624055,2.6320519398807265e-09,0.0014041591461476128,9.805874310262323e-08,2.923868401339643e-07
EFT:1.0104241096782794e-05,2.122547334954209e-06,1.987322000788117e-05,0.499281670416237,6.935296550282277e-09,0.4992816704162441,2.6320519398807075e-09,0.0014041591461476227,9.805874310262393e-08,2.9238684013396224e-07
Random6588
Raw:1.0104241096782867e-05,2.122547334954224e-06,1.9873220007881028e-05,0.49928167041624055,6.935296550282326e-09,0.49928167041624055,2.6320519398807265e-09,0.0014041591461476327,9.805874310262323e-08,2.923868401339643e-07
EFT:1.0104241096782794e-05,2.122547334954209e-06,1.987322000788117e-05,0.499281670416237,6.935296550282277e-09,0.4992816704162441,2.6320519398807075e-09,0.0014041591461476227,9.805874310262393e-08,2.9238684013396224e-07
Random6589
Raw:1.0104241096782938e-05,2.122547334954209e-06,1.9873220007880885e-05,0.499281670416237,6.935296550282277e-09,0.4992816704162441,2.632051939880745e-09,0.0014041591461476227,9.805874310262393e-08,2.9238684013396224e-07
EFT:1.0104241096782794e-05,2.122547334954209e-06,1.987322000788117e-05,0.499281670416237,6.935296550282277e-09,0.4992816704162441,2.6320519398807075e-09,0.0014041591461476227,9.805874310262393e-08,2.9238684013396224e-07
Random6590
Raw:1.0104241096782867e-05,2.122547334954224e-06,1.987322000788131e-05,0.49928167041624055,6.935296550282326e-09,0.49928167041624055,2.6320519398807265e-09,0.0014041591461476327,9.805874310262323e-08,2.923868401339643e-07
EFT:1.0104241096782794e-05,2.122547334954209e-06,1.987322000788117e-05,0.499281670416237,6.935296550282277e-09,0.4992816704162441,2.6320519398807075e-09,0.0014041591461476227,9.805874310262393e-08,2.9238684013396224e-07
Random6591
Raw:1.0104241096782794e-05,2.122547334954209e-06,1.987322000788117e-05,0.4992816704162441,6.935296550282277e-09,0.499281670416237,2.63205193988067e-09,0.0014041591461476227,9.805874310262532e-08,2.9238684013396224e-07
EFT:1.0104241096782794e-05,2.122547334954209e-06,1.987322000788117e-05,0.499281670416237,6.935296550282277e-09,0.4992816704162441,2.6320519398807075e-09,0.0014041591461476227,9.805874310262393e-08,2.9238684013396224e-07
Random6592
Raw:1.0104241096783009e-05,2.122547334954224e-06,1.987322000788131e-05,0.49928167041623345,6.935296550282424e-09,0.49928167041624766,2.6320519398807638e-09,0.0014041591461476327,9.805874310262601e-08,2.923868401339685e-07
EFT:1.0104241096782794e-05,2.122547334954209e-06,1.987322000788117e-05,0.499281670416237,6.935296550282277e-09,0.4992816704162441,2.6320519398807075e-09,0.0014041591461476227,9.805874310262393e-08,2.9238684013396224e-07
Random6593
Raw:1.0104241096782938e-05,2.122547334954239e-06,1.987322000788145e-05,0.499281670416237,6.935296550282277e-09,0.4992816704162441,2.632051939880745e-09,0.0014041591461476427,9.805874310262532e-08,2.9238684013396224e-07
EFT:1.0104241096782794e-05,2.122547334954209e-06,1.987322000788117e-05,0.499281670416237,6.935296550282277e-09,0.4992816704162441,2.6320519398807075e-09,0.0014041591461476227,9.805874310262393e-08,2.9238684013396224e-07
Random6594
Raw:1.0104241096782938e-05,2.122547334954209e-06,1.987322000788117e-05,0.499281670416237,6.935296550282277e-09,0.4992816704162441,2.632051939880745e-09,0.0014041591461476227,9.805874310262532e-08,2.9238684013396224e-07
EFT:1.0104241096782794e-05,2.122547334954209e-06,1.987322000788117e-05,0.499281670416237,6.935296550282277e-09,0.4992816704162441,2.6320519398807075e-09,0.0014041591461476227,9.805874310262393e-08,2.9238684013396224e-07
Random6595
Raw:1.0104241096782938e-05,2.122547334954209e-06,1.987322000788117e-05,0.499281670416237,6.9352965502823754e-09,0.4992816704162441,2.632051939880745e-09,0.0014041591461476227,9.805874310262532e-08,2.9238684013396637e-07
EFT:1.0104241096782794e-05,2.122547334954209e-06,1.987322000788117e-05,0.499281670416237,6.935296550282277e-09,0.4992816704162441,2.6320519398807075e-09,0.0014041591461476227,9.805874310262393e-08,2.9238684013396224e-07
Random6596
Raw:1.0104241096782794e-05,2.122547334954209e-06,1.987322000788117e-05,0.499281670416237,6.935296550282277e-09,0.4992816704162441,2.6320519398807075e-09,0.0014041591461476227,9.805874310262393e-08,2.9238684013396224e-07
EFT:1.0104241096782794e-05,2.122547334954209e-06,1.987322000788117e-05,0.499281670416237,6.935296550282277e-09,0.4992816704162441,2.6320519398807075e-09,0.0014041591461476227,9.805874310262393e-08,2.9238684013396224e-07
Random6597
Raw:1.0104241096782794e-05,2.122547334954209e-06,1.987322000788117e-05,0.499281670416237,6.935296550282277e-09,0.4992816704162441,2.6320519398807075e-09,0.0014041591461476227,9.805874310262393e-08,2.9238684013396224e-07
EFT:1.0104241096782794e-05,2.122547334954209e-06,1.987322000788117e-05,0.499281670416237,6.935296550282277e-09,0.4992816704162441,2.6320519398807075e-09,0.0014041591461476227,9.805874310262393e-08,2.9238684013396224e-07
Random6598
Raw:1.0104241096782867e-05,2.122547334954224e-06,1.987322000788131e-05,0.49928167041624055,6.935296550282326e-09,0.49928167041624055,2.6320519398807265e-09,0.0014041591461476327,9.805874310262462e-08,2.923868401339643e-07
EFT:1.0104241096782794e-05,2.122547334954209e-06,1.987322000788117e-05,0.499281670416237,6.935296550282277e-09,0.4992816704162441,2.6320519398807075e-09,0.0014041591461476227,9.805874310262393e-08,2.9238684013396224e-07
Random6599
Raw:1.0104241096782867e-05,2.122547334954224e-06,1.9873220007881028e-05,0.49928167041624055,6.935296550282326e-09,0.49928167041624055,2.6320519398807265e-09,0.0014041591461476128,9.805874310262462e-08,2.923868401339643e-07
EFT:1.0104241096782794e-05,2.122547334954209e-06,1.987322000788117e-05,0.499281670416237,6.935296550282277e-09,0.4992816704162441,2.6320519398807075e-09,0.0014041591461476227,9.805874310262393e-08,2.9238684013396224e-07
Random6600
Raw:1.0104241096782865e-05,2.122547334954194e-06,1.9873220007881028e-05,0.49928167041623345,6.935296550282228e-09,0.49928167041624766,2.632051939880726e-09,0.0014041591461476126,9.805874310262462e-08,2.9238684013396436e-07
EFT:1.0104241096782794e-05,2.122547334954209e-06,1.987322000788117e-05,0.499281670416237,6.935296550282277e-09,0.4992816704162441,2.6320519398807075e-09,0.0014041591461476227,9.805874310262393e-08,2.9238684013396224e-07
Random6601
Raw:1.0104241096782938e-05,2.122547334954209e-06,1.987322000788117e-05,0.499281670416237,6.935296550282277e-09,0.4992816704162441,2.632051939880745e-09,0.0014041591461476227,9.805874310262532e-08,2.9238684013396224e-07
EFT:1.0104241096782794e-05,2.122547334954209e-06,1.987322000788117e-05,0.499281670416237,6.935296550282277e-09,0.4992816704162441,2.6320519398807075e-09,0.0014041591461476227,9.805874310262393e-08,2.9238684013396224e-07
Random6602
Raw:1.0104241096783009e-05,2.122547334954224e-06,1.987322000788131e-05,0.49928167041623345,6.935296550282327e-09,0.49928167041624766,2.6320519398807638e-09,0.0014041591461476327,9.805874310262462e-08,2.923868401339685e-07
EFT:1.0104241096782794e-05,2.122547334954209e-06,1.987322000788117e-05,0.499281670416237,6.935296550282277e-09,0.4992816704162441,2.6320519398807075e-09,0.0014041591461476227,9.805874310262393e-08,2.9238684013396224e-07
Random6603
Raw:1.0104241096782938e-05,2.122547334954209e-06,1.987322000788117e-05,0.499281670416237,6.935296550282277e-09,0.4992816704162441,2.632051939880745e-09,0.0014041591461476227,9.805874310262532e-08,2.9238684013396224e-07
EFT:1.0104241096782794e-05,2.122547334954209e-06,1.987322000788117e-05,0.499281670416237,6.935296550282277e-09,0.4992816704162441,2.6320519398807075e-09,0.0014041591461476227,9.805874310262393e-08,2.9238684013396224e-07
Random6604
Raw:1.0104241096782794e-05,2.122547334954209e-06,1.987322000788117e-05,0.4992816704162441,6.935296550282277e-09,0.499281670416237,2.6320519398807075e-09,0.0014041591461476227,9.805874310262393e-08,2.9238684013396224e-07
EFT:1.0104241096782794e-05,2.122547334954209e-06,1.987322000788117e-05,0.499281670416237,6.935296550282277e-09,0.4992816704162441,2.6320519398807075e-09,0.0014041591461476227,9.805874310262393e-08,2.9238684013396224e-07
Random6605
Raw:1.0104241096782938e-05,2.122547334954209e-06,1.987322000788117e-05,0.499281670416237,6.9352965502823754e-09,0.4992816704162441,2.632051939880745e-09,0.0014041591461476227,9.805874310262532e-08,2.9238684013396637e-07
EFT:1.0104241096782794e-05,2.122547334954209e-06,1.987322000788117e-05,0.499281670416237,6.935296550282277e-09,0.4992816704162441,2.6320519398807075e-09,0.0014041591461476227,9.805874310262393e-08,2.9238684013396224e-07
Random6606
Raw:1.0104241096782938e-05,2.122547334954209e-06,1.987322000788117e-05,0.499281670416237,6.9352965502823754e-09,0.4992816704162441,2.632051939880745e-09,0.0014041591461476227,9.805874310262532e-08,2.9238684013396637e-07
EFT:1.0104241096782794e-05,2.122547334954209e-06,1.987322000788117e-05,0.499281670416237,6.935296550282277e-09,0.4992816704162441,2.6320519398807075e-09,0.0014041591461476227,9.805874310262393e-08,2.9238684013396224e-07
Random6607
Raw:1.0104241096782938e-05,2.122547334954209e-06,1.987322000788117e-05,0.499281670416237,6.935296550282277e-09,0.4992816704162441,2.632051939880745e-09,0.0014041591461476227,9.805874310262393e-08,2.9238684013396637e-07
EFT:1.0104241096782794e-05,2.122547334954209e-06,1.987322000788117e-05,0.499281670416237,6.935296550282277e-09,0.4992816704162441,2.6320519398807075e-09,0.0014041591461476227,9.805874310262393e-08,2.9238684013396224e-07
Random6608
Raw:1.0104241096782938e-05,2.122547334954239e-06,1.987322000788117e-05,0.499281670416237,6.935296550282277e-09,0.4992816704162441,2.632051939880745e-09,0.0014041591461476427,9.805874310262532e-08,2.9238684013396224e-07
EFT:1.0104241096782794e-05,2.122547334954209e-06,1.987322000788117e-05,0.499281670416237,6.935296550282277e-09,0.4992816704162441,2.6320519398807075e-09,0.0014041591461476227,9.805874310262393e-08,2.9238684013396224e-07
Random6609
Raw:1.0104241096783009e-05,2.122547334954194e-06,1.9873220007881028e-05,0.49928167041623345,6.935296550282327e-09,0.49928167041624766,2.6320519398807638e-09,0.0014041591461476126,9.805874310262601e-08,2.9238684013396436e-07
EFT:1.0104241096782794e-05,2.122547334954209e-06,1.987322000788117e-05,0.499281670416237,6.935296550282277e-09,0.4992816704162441,2.6320519398807075e-09,0.0014041591461476227,9.805874310262393e-08,2.9238684013396224e-07
Random6610
Raw:1.0104241096782938e-05,2.122547334954239e-06,1.987322000788145e-05,0.499281670416237,6.935296550282277e-09,0.4992816704162441,2.632051939880745e-09,0.0014041591461476427,9.805874310262393e-08,2.9238684013396637e-07
EFT:1.0104241096782794e-05,2.122547334954209e-06,1.987322000788117e-05,0.499281670416237,6.935296550282277e-09,0.4992816704162441,2.6320519398807075e-09,0.0014041591461476227,9.805874310262393e-08,2.9238684013396224e-07
Random6611
Raw:1.0104241096782938e-05,2.122547334954209e-06,1.987322000788117e-05,0.499281670416237,6.935296550282277e-09,0.4992816704162441,2.632051939880745e-09,0.0014041591461476227,9.805874310262532e-08,2.9238684013396224e-07
EFT:1.0104241096782794e-05,2.122547334954209e-06,1.987322000788117e-05,0.499281670416237,6.935296550282277e-09,0.4992816704162441,2.6320519398807075e-09,0.0014041591461476227,9.805874310262393e-08,2.9238684013396224e-07
Random6612
Raw:1.0104241096782938e-05,2.122547334954209e-06,1.9873220007880885e-05,0.499281670416237,6.935296550282277e-09,0.4992816704162441,2.632051939880745e-09,0.0014041591461476227,9.805874310262532e-08,2.9238684013396224e-07
EFT:1.0104241096782794e-05,2.122547334954209e-06,1.987322000788117e-05,0.499281670416237,6.935296550282277e-09,0.4992816704162441,2.6320519398807075e-09,0.0014041591461476227,9.805874310262393e-08,2.9238684013396224e-07
Random6613
Raw:1.0104241096782938e-05,2.122547334954209e-06,1.987322000788117e-05,0.499281670416237,6.9352965502823754e-09,0.4992816704162441,2.6320519398807824e-09,0.0014041591461476227,9.805874310262532e-08,2.9238684013396637e-07
EFT:1.0104241096782794e-05,2.122547334954209e-06,1.987322000788117e-05,0.499281670416237,6.935296550282277e-09,0.4992816704162441,2.6320519398807075e-09,0.0014041591461476227,9.805874310262393e-08,2.9238684013396224e-07
Random6614
Raw:1.0104241096782865e-05,2.122547334954194e-06,1.9873220007881028e-05,0.49928167041623345,6.935296550282327e-09,0.49928167041624766,2.632051939880726e-09,0.0014041591461476126,9.805874310262462e-08,2.9238684013396436e-07
EFT:1.0104241096782794e-05,2.122547334954209e-06,1.987322000788117e-05,0.499281670416237,6.935296550282277e-09,0.4992816704162441,2.6320519398807075e-09,0.0014041591461476227,9.805874310262393e-08,2.9238684013396224e-07
Random6615
Raw:1.0104241096782938e-05,2.122547334954239e-06,1.987322000788145e-05,0.499281670416237,6.935296550282277e-09,0.4992816704162441,2.632051939880745e-09,0.0014041591461476427,9.805874310262393e-08,2.9238684013396637e-07
EFT:1.0104241096782794e-05,2.122547334954209e-06,1.987322000788117e-05,0.499281670416237,6.935296550282277e-09,0.4992816704162441,2.6320519398807075e-09,0.0014041591461476227,9.805874310262393e-08,2.9238684013396224e-07
Random6616
Raw:1.0104241096783009e-05,2.122547334954224e-06,1.987322000788131e-05,0.49928167041623345,6.935296550282327e-09,0.49928167041624766,2.6320519398807638e-09,0.0014041591461476327,9.805874310262601e-08,2.9238684013396436e-07
EFT:1.0104241096782794e-05,2.122547334954209e-06,1.987322000788117e-05,0.499281670416237,6.935296550282277e-09,0.4992816704162441,2.6320519398807075e-09,0.0014041591461476227,9.805874310262393e-08,2.9238684013396224e-07
Random6617
Raw:1.0104241096782938e-05,2.122547334954209e-06,1.987322000788117e-05,0.499281670416237,6.935296550282277e-09,0.4992816704162441,2.632051939880745e-09,0.0014041591461476427,9.805874310262393e-08,2.9238684013396224e-07
EFT:1.0104241096782794e-05,2.122547334954209e-06,1.987322000788117e-05,0.499281670416237,6.935296550282277e-09,0.4992816704162441,2.6320519398807075e-09,0.0014041591461476227,9.805874310262393e-08,2.9238684013396224e-07
Random6618
Raw:1.0104241096782938e-05,2.122547334954209e-06,1.987322000788117e-05,0.499281670416237,6.9352965502823754e-09,0.4992816704162441,2.632051939880745e-09,0.0014041591461476227,9.805874310262672e-08,2.9238684013396637e-07
EFT:1.0104241096782794e-05,2.122547334954209e-06,1.987322000788117e-05,0.499281670416237,6.935296550282277e-09,0.4992816704162441,2.6320519398807075e-09,0.0014041591461476227,9.805874310262393e-08,2.9238684013396224e-07
Random6619
Raw:1.0104241096782867e-05,2.122547334954224e-06,1.987322000788131e-05,0.49928167041624055,6.935296550282326e-09,0.49928167041624055,2.6320519398807265e-09,0.0014041591461476128,9.805874310262462e-08,2.923868401339643e-07
EFT:1.0104241096782794e-05,2.122547334954209e-06,1.987322000788117e-05,0.499281670416237,6.935296550282277e-09,0.4992816704162441,2.6320519398807075e-09,0.0014041591461476227,9.805874310262393e-08,2.9238684013396224e-07
Random6620
Raw:1.0104241096782938e-05,2.122547334954239e-06,1.9873220007880885e-05,0.499281670416237,6.935296550282277e-09,0.4992816704162441,2.632051939880745e-09,0.0014041591461476227,9.805874310262532e-08,2.9238684013396224e-07
EFT:1.0104241096782794e-05,2.122547334954209e-06,1.987322000788117e-05,0.499281670416237,6.935296550282277e-09,0.4992816704162441,2.6320519398807075e-09,0.0014041591461476227,9.805874310262393e-08,2.9238684013396224e-07
Random6621
Raw:1.0104241096782938e-05,2.122547334954239e-06,1.9873220007880885e-05,0.499281670416237,6.935296550282277e-09,0.4992816704162441,2.632051939880745e-09,0.0014041591461476227,9.805874310262532e-08,2.9238684013396224e-07
EFT:1.0104241096782794e-05,2.122547334954209e-06,1.987322000788117e-05,0.499281670416237,6.935296550282277e-09,0.4992816704162441,2.6320519398807075e-09,0.0014041591461476227,9.805874310262393e-08,2.9238684013396224e-07
Random6622
Raw:1.0104241096782938e-05,2.122547334954239e-06,1.987322000788145e-05,0.499281670416237,6.935296550282277e-09,0.4992816704162441,2.632051939880745e-09,0.0014041591461476227,9.805874310262532e-08,2.9238684013396224e-07
EFT:1.0104241096782794e-05,2.122547334954209e-06,1.987322000788117e-05,0.499281670416237,6.935296550282277e-09,0.4992816704162441,2.6320519398807075e-09,0.0014041591461476227,9.805874310262393e-08,2.9238684013396224e-07
Random6623
Raw:1.0104241096782938e-05,2.122547334954239e-06,1.987322000788117e-05,0.499281670416237,6.935296550282277e-09,0.4992816704162441,2.632051939880745e-09,0.0014041591461476427,9.805874310262532e-08,2.9238684013396224e-07
EFT:1.0104241096782794e-05,2.122547334954209e-06,1.987322000788117e-05,0.499281670416237,6.935296550282277e-09,0.4992816704162441,2.6320519398807075e-09,0.0014041591461476227,9.805874310262393e-08,2.9238684013396224e-07
Random6624
Raw:1.0104241096782865e-05,2.122547334954194e-06,1.9873220007881028e-05,0.49928167041623345,6.935296550282327e-09,0.49928167041624766,2.632051939880726e-09,0.0014041591461476126,9.805874310262462e-08,2.9238684013396436e-07
EFT:1.0104241096782794e-05,2.122547334954209e-06,1.987322000788117e-05,0.499281670416237,6.935296550282277e-09,0.4992816704162441,2.6320519398807075e-09,0.0014041591461476227,9.805874310262393e-08,2.9238684013396224e-07
Random6625
Raw:1.0104241096782938e-05,2.122547334954239e-06,1.987322000788145e-05,0.499281670416237,6.935296550282277e-09,0.4992816704162441,2.632051939880745e-09,0.0014041591461476227,9.805874310262532e-08,2.9238684013396224e-07
EFT:1.0104241096782794e-05,2.122547334954209e-06,1.987322000788117e-05,0.499281670416237,6.935296550282277e-09,0.4992816704162441,2.6320519398807075e-09,0.0014041591461476227,9.805874310262393e-08,2.9238684013396224e-07
Random6626
Raw:1.0104241096782938e-05,2.122547334954209e-06,1.987322000788117e-05,0.499281670416237,6.9352965502823754e-09,0.4992816704162441,2.632051939880745e-09,0.0014041591461476227,9.805874310262532e-08,2.9238684013396637e-07
EFT:1.0104241096782794e-05,2.122547334954209e-06,1.987322000788117e-05,0.499281670416237,6.935296550282277e-09,0.4992816704162441,2.6320519398807075e-09,0.0014041591461476227,9.805874310262393e-08,2.9238684013396224e-07
Random6627
Raw:1.0104241096782938e-05,2.1225473349541788e-06,1.9873220007880885e-05,0.499281670416237,6.935296550282277e-09,0.4992816704162441,2.632051939880745e-09,0.0014041591461476026,9.805874310262532e-08,2.9238684013396224e-07
EFT:1.0104241096782794e-05,2.122547334954209e-06,1.987322000788117e-05,0.499281670416237,6.935296550282277e-09,0.4992816704162441,2.6320519398807075e-09,0.0014041591461476227,9.805874310262393e-08,2.9238684013396224e-07
Random6628
Raw:1.0104241096783009e-05,2.122547334954224e-06,1.987322000788131e-05,0.49928167041623345,6.935296550282327e-09,0.49928167041624766,2.6320519398807638e-09,0.0014041591461476327,9.805874310262601e-08,2.9238684013396436e-07
EFT:1.0104241096782794e-05,2.122547334954209e-06,1.987322000788117e-05,0.499281670416237,6.935296550282277e-09,0.4992816704162441,2.6320519398807075e-09,0.0014041591461476227,9.805874310262393e-08,2.9238684013396224e-07
Random6629
Raw:1.0104241096782867e-05,2.122547334954224e-06,1.9873220007881028e-05,0.49928167041624055,6.935296550282326e-09,0.49928167041624055,2.6320519398807638e-09,0.0014041591461476128,9.805874310262462e-08,2.923868401339643e-07
EFT:1.0104241096782794e-05,2.122547334954209e-06,1.987322000788117e-05,0.499281670416237,6.935296550282277e-09,0.4992816704162441,2.6320519398807075e-09,0.0014041591461476227,9.805874310262393e-08,2.9238684013396224e-07
Random6630
Raw:1.0104241096782794e-05,2.122547334954209e-06,1.987322000788117e-05,0.499281670416237,6.935296550282277e-09,0.4992816704162441,2.6320519398807075e-09,0.0014041591461476227,9.805874310262393e-08,2.9238684013396224e-07
EFT:1.0104241096782794e-05,2.122547334954209e-06,1.987322000788117e-05,0.499281670416237,6.935296550282277e-09,0.4992816704162441,2.6320519398807075e-09,0.0014041591461476227,9.805874310262393e-08,2.9238684013396224e-07
Random6631
Raw:1.0104241096782938e-05,2.122547334954209e-06,1.987322000788117e-05,0.499281670416237,6.935296550282277e-09,0.4992816704162441,2.632051939880745e-09,0.0014041591461476427,9.805874310262393e-08,2.9238684013396224e-07
EFT:1.0104241096782794e-05,2.122547334954209e-06,1.987322000788117e-05,0.499281670416237,6.935296550282277e-09,0.4992816704162441,2.6320519398807075e-09,0.0014041591461476227,9.805874310262393e-08,2.9238684013396224e-07
Random6632
Raw:1.0104241096782938e-05,2.122547334954239e-06,1.987322000788117e-05,0.499281670416237,6.935296550282277e-09,0.4992816704162441,2.632051939880745e-09,0.0014041591461476427,9.805874310262393e-08,2.9238684013396637e-07
EFT:1.0104241096782794e-05,2.122547334954209e-06,1.987322000788117e-05,0.499281670416237,6.935296550282277e-09,0.4992816704162441,2.6320519398807075e-09,0.0014041591461476227,9.805874310262393e-08,2.9238684013396224e-07
Random6633
Raw:1.0104241096782794e-05,2.122547334954209e-06,1.987322000788117e-05,0.499281670416237,6.9352965502821786e-09,0.4992816704162441,2.6320519398807075e-09,0.0014041591461476227,9.805874310262393e-08,2.9238684013396224e-07
EFT:1.0104241096782794e-05,2.122547334954209e-06,1.987322000788117e-05,0.499281670416237,6.935296550282277e-09,0.4992816704162441,2.6320519398807075e-09,0.0014041591461476227,9.805874310262393e-08,2.9238684013396224e-07
Random6634
Raw:1.0104241096782867e-05,2.1225473349542546e-06,1.9873220007881594e-05,0.49928167041624055,6.935296550282326e-09,0.49928167041624055,2.6320519398807265e-09,0.0014041591461476327,9.805874310262602e-08,2.923868401339643e-07
EFT:1.0104241096782794e-05,2.122547334954209e-06,1.987322000788117e-05,0.499281670416237,6.935296550282277e-09,0.4992816704162441,2.6320519398807075e-09,0.0014041591461476227,9.805874310262393e-08,2.9238684013396224e-07
Random6635
Raw:1.0104241096782938e-05,2.122547334954239e-06,1.987322000788145e-05,0.499281670416237,6.935296550282277e-09,0.4992816704162441,2.632051939880745e-09,0.0014041591461476427,9.805874310262532e-08,2.9238684013396224e-07
EFT:1.0104241096782794e-05,2.122547334954209e-06,1.987322000788117e-05,0.499281670416237,6.935296550282277e-09,0.4992816704162441,2.6320519398807075e-09,0.0014041591461476227,9.805874310262393e-08,2.9238684013396224e-07
Random6636
Raw:1.0104241096782723e-05,2.122547334954194e-06,1.9873220007881028e-05,0.49928167041624055,6.935296550282228e-09,0.49928167041624055,2.632051939880689e-09,0.0014041591461476128,9.805874310262184e-08,2.923868401339602e-07
EFT:1.0104241096782794e-05,2.122547334954209e-06,1.987322000788117e-05,0.499281670416237,6.935296550282277e-09,0.4992816704162441,2.6320519398807075e-09,0.0014041591461476227,9.805874310262393e-08,2.9238684013396224e-07
Random6637
Raw:1.0104241096783009e-05,2.122547334954194e-06,1.9873220007881028e-05,0.49928167041623345,6.935296550282327e-09,0.49928167041624766,2.6320519398807638e-09,0.0014041591461476126,9.805874310262601e-08,2.9238684013396436e-07
EFT:1.0104241096782794e-05,2.122547334954209e-06,1.987322000788117e-05,0.499281670416237,6.935296550282277e-09,0.4992816704162441,2.6320519398807075e-09,0.0014041591461476227,9.805874310262393e-08,2.9238684013396224e-07
Random6638
Raw:1.0104241096782938e-05,2.122547334954209e-06,1.987322000788117e-05,0.499281670416237,6.9352965502823754e-09,0.4992816704162441,2.6320519398807824e-09,0.0014041591461476227,9.805874310262532e-08,2.9238684013396637e-07
EFT:1.0104241096782794e-05,2.122547334954209e-06,1.987322000788117e-05,0.499281670416237,6.935296550282277e-09,0.4992816704162441,2.6320519398807075e-09,0.0014041591461476227,9.805874310262393e-08,2.9238684013396224e-07
Random6639
Raw:1.0104241096782938e-05,2.122547334954209e-06,1.987322000788117e-05,0.499281670416237,6.9352965502823754e-09,0.4992816704162441,2.6320519398807824e-09,0.0014041591461476227,9.805874310262532e-08,2.9238684013396637e-07
EFT:1.0104241096782794e-05,2.122547334954209e-06,1.987322000788117e-05,0.499281670416237,6.935296550282277e-09,0.4992816704162441,2.6320519398807075e-09,0.0014041591461476227,9.805874310262393e-08,2.9238684013396224e-07
Random6640
Raw:1.0104241096782794e-05,2.122547334954209e-06,1.987322000788117e-05,0.499281670416237,6.935296550282277e-09,0.4992816704162441,2.6320519398807075e-09,0.0014041591461476026,9.805874310262393e-08,2.9238684013396224e-07
EFT:1.0104241096782794e-05,2.122547334954209e-06,1.987322000788117e-05,0.499281670416237,6.935296550282277e-09,0.4992816704162441,2.6320519398807075e-09,0.0014041591461476227,9.805874310262393e-08,2.9238684013396224e-07
Random6641
Raw:1.0104241096782938e-05,2.122547334954239e-06,1.987322000788117e-05,0.499281670416237,6.935296550282277e-09,0.4992816704162441,2.632051939880745e-09,0.0014041591461476427,9.805874310262532e-08,2.9238684013396224e-07
EFT:1.0104241096782794e-05,2.122547334954209e-06,1.987322000788117e-05,0.499281670416237,6.935296550282277e-09,0.4992816704162441,2.6320519398807075e-09,0.0014041591461476227,9.805874310262393e-08,2.9238684013396224e-07
Random6642
Raw:1.0104241096782867e-05,2.122547334954224e-06,1.987322000788131e-05,0.49928167041624055,6.935296550282326e-09,0.49928167041624055,2.6320519398807265e-09,0.0014041591461476128,9.805874310262462e-08,2.923868401339643e-07
EFT:1.0104241096782794e-05,2.122547334954209e-06,1.987322000788117e-05,0.499281670416237,6.935296550282277e-09,0.4992816704162441,2.6320519398807075e-09,0.0014041591461476227,9.805874310262393e-08,2.9238684013396224e-07
Random6643
Raw:1.0104241096782938e-05,2.122547334954209e-06,1.987322000788117e-05,0.499281670416237,6.935296550282277e-09,0.4992816704162441,2.632051939880745e-09,0.0014041591461476427,9.805874310262393e-08,2.9238684013396224e-07
EFT:1.0104241096782794e-05,2.122547334954209e-06,1.987322000788117e-05,0.499281670416237,6.935296550282277e-09,0.4992816704162441,2.6320519398807075e-09,0.0014041591461476227,9.805874310262393e-08,2.9238684013396224e-07
Random6644
Raw:1.0104241096782938e-05,2.122547334954209e-06,1.987322000788117e-05,0.499281670416237,6.935296550282277e-09,0.4992816704162441,2.632051939880745e-09,0.0014041591461476227,9.805874310262393e-08,2.9238684013396637e-07
EFT:1.0104241096782794e-05,2.122547334954209e-06,1.987322000788117e-05,0.499281670416237,6.935296550282277e-09,0.4992816704162441,2.6320519398807075e-09,0.0014041591461476227,9.805874310262393e-08,2.9238684013396224e-07
Random6645
Raw:1.0104241096782938e-05,2.122547334954239e-06,1.9873220007880885e-05,0.499281670416237,6.935296550282277e-09,0.4992816704162441,2.632051939880745e-09,0.0014041591461476227,9.805874310262532e-08,2.9238684013396224e-07
EFT:1.0104241096782794e-05,2.122547334954209e-06,1.987322000788117e-05,0.499281670416237,6.935296550282277e-09,0.4992816704162441,2.6320519398807075e-09,0.0014041591461476227,9.805874310262393e-08,2.9238684013396224e-07
Random6646
Raw:1.0104241096782867e-05,2.122547334954194e-06,1.9873220007881028e-05,0.49928167041624055,6.935296550282326e-09,0.49928167041624055,2.6320519398807265e-09,0.0014041591461476128,9.805874310262602e-08,2.923868401339643e-07
EFT:1.0104241096782794e-05,2.122547334954209e-06,1.987322000788117e-05,0.499281670416237,6.935296550282277e-09,0.4992816704162441,2.6320519398807075e-09,0.0014041591461476227,9.805874310262393e-08,2.9238684013396224e-07
Random6647
Raw:1.0104241096782794e-05,2.122547334954209e-06,1.987322000788117e-05,0.499281670416237,6.935296550282277e-09,0.4992816704162441,2.6320519398807075e-09,0.0014041591461476026,9.805874310262393e-08,2.9238684013396224e-07
EFT:1.0104241096782794e-05,2.122547334954209e-06,1.987322000788117e-05,0.499281670416237,6.935296550282277e-09,0.4992816704162441,2.6320519398807075e-09,0.0014041591461476227,9.805874310262393e-08,2.9238684013396224e-07
Random6648
Raw:1.0104241096783009e-05,2.122547334954194e-06,1.9873220007881028e-05,0.49928167041623345,6.935296550282327e-09,0.49928167041624766,2.6320519398807638e-09,0.0014041591461476126,9.805874310262601e-08,2.9238684013396436e-07
EFT:1.0104241096782794e-05,2.122547334954209e-06,1.987322000788117e-05,0.499281670416237,6.935296550282277e-09,0.4992816704162441,2.6320519398807075e-09,0.0014041591461476227,9.805874310262393e-08,2.9238684013396224e-07
Random6649
Raw:1.0104241096782794e-05,2.122547334954209e-06,1.987322000788117e-05,0.499281670416237,6.935296550282277e-09,0.4992816704162441,2.632051939880745e-09,0.0014041591461476227,9.805874310262254e-08,2.9238684013396224e-07
EFT:1.0104241096782794e-05,2.122547334954209e-06,1.987322000788117e-05,0.499281670416237,6.935296550282277e-09,0.4992816704162441,2.6320519398807075e-09,0.0014041591461476227,9.805874310262393e-08,2.9238684013396224e-07
Random6650
Raw:1.0104241096783009e-05,2.122547334954194e-06,1.9873220007881028e-05,0.49928167041623345,6.935296550282327e-09,0.49928167041624766,2.6320519398807638e-09,0.0014041591461476327,9.805874310262462e-08,2.9238684013396436e-07
EFT:1.0104241096782794e-05,2.122547334954209e-06,1.987322000788117e-05,0.499281670416237,6.935296550282277e-09,0.4992816704162441,2.6320519398807075e-09,0.0014041591461476227,9.805874310262393e-08,2.9238684013396224e-07
Random6651
Raw:1.0104241096782938e-05,2.122547334954239e-06,1.987322000788145e-05,0.499281670416237,6.935296550282277e-09,0.4992816704162441,2.632051939880745e-09,0.0014041591461476427,9.805874310262393e-08,2.9238684013396637e-07
EFT:1.0104241096782794e-05,2.122547334954209e-06,1.987322000788117e-05,0.499281670416237,6.935296550282277e-09,0.4992816704162441,2.6320519398807075e-09,0.0014041591461476227,9.805874310262393e-08,2.9238684013396224e-07
Random6652
Raw:1.0104241096782938e-05,2.122547334954209e-06,1.987322000788117e-05,0.499281670416237,6.935296550282277e-09,0.4992816704162441,2.632051939880745e-09,0.0014041591461476227,9.805874310262532e-08,2.9238684013396224e-07
EFT:1.0104241096782794e-05,2.122547334954209e-06,1.987322000788117e-05,0.499281670416237,6.935296550282277e-09,0.4992816704162441,2.6320519398807075e-09,0.0014041591461476227,9.805874310262393e-08,2.9238684013396224e-07
Random6653
Raw:1.0104241096782865e-05,2.122547334954194e-06,1.9873220007881028e-05,0.49928167041623345,6.935296550282327e-09,0.49928167041624766,2.6320519398807638e-09,0.0014041591461476126,9.805874310262324e-08,2.9238684013396436e-07
EFT:1.0104241096782794e-05,2.122547334954209e-06,1.987322000788117e-05,0.499281670416237,6.935296550282277e-09,0.4992816704162441,2.6320519398807075e-09,0.0014041591461476227,9.805874310262393e-08,2.9238684013396224e-07
Random6654
Raw:1.0104241096782938e-05,2.122547334954209e-06,1.987322000788117e-05,0.499281670416237,6.935296550282277e-09,0.4992816704162441,2.632051939880745e-09,0.0014041591461476427,9.805874310262393e-08,2.9238684013396224e-07
EFT:1.0104241096782794e-05,2.122547334954209e-06,1.987322000788117e-05,0.499281670416237,6.935296550282277e-09,0.4992816704162441,2.6320519398807075e-09,0.0014041591461476227,9.805874310262393e-08,2.9238684013396224e-07
Random6655
Raw:1.0104241096782938e-05,2.122547334954209e-06,1.987322000788117e-05,0.499281670416237,6.935296550282277e-09,0.4992816704162441,2.632051939880745e-09,0.0014041591461476227,9.805874310262532e-08,2.9238684013396224e-07
EFT:1.0104241096782794e-05,2.122547334954209e-06,1.987322000788117e-05,0.499281670416237,6.935296550282277e-09,0.4992816704162441,2.6320519398807075e-09,0.0014041591461476227,9.805874310262393e-08,2.9238684013396224e-07
Random6656
Raw:1.0104241096783009e-05,2.122547334954224e-06,1.9873220007881028e-05,0.49928167041623345,6.935296550282327e-09,0.49928167041624766,2.6320519398807638e-09,0.0014041591461476327,9.805874310262601e-08,2.9238684013396436e-07
EFT:1.0104241096782794e-05,2.122547334954209e-06,1.987322000788117e-05,0.499281670416237,6.935296550282277e-09,0.4992816704162441,2.6320519398807075e-09,0.0014041591461476227,9.805874310262393e-08,2.9238684013396224e-07
Random6657
Raw:1.0104241096782938e-05,2.122547334954239e-06,1.987322000788117e-05,0.499281670416237,6.935296550282277e-09,0.4992816704162441,2.632051939880745e-09,0.0014041591461476427,9.805874310262393e-08,2.9238684013396637e-07
EFT:1.0104241096782794e-05,2.122547334954209e-06,1.987322000788117e-05,0.499281670416237,6.935296550282277e-09,0.4992816704162441,2.6320519398807075e-09,0.0014041591461476227,9.805874310262393e-08,2.9238684013396224e-07
Random6658
Raw:1.0104241096782938e-05,2.122547334954209e-06,1.987322000788117e-05,0.499281670416237,6.935296550282277e-09,0.4992816704162441,2.632051939880745e-09,0.0014041591461476427,9.805874310262393e-08,2.9238684013396224e-07
EFT:1.0104241096782794e-05,2.122547334954209e-06,1.987322000788117e-05,0.499281670416237,6.935296550282277e-09,0.4992816704162441,2.6320519398807075e-09,0.0014041591461476227,9.805874310262393e-08,2.9238684013396224e-07
Random6659
Raw:1.0104241096782794e-05,2.1225473349541788e-06,1.9873220007880885e-05,0.499281670416237,6.9352965502821786e-09,0.4992816704162441,2.632051939880745e-09,0.0014041591461476026,9.805874310262254e-08,2.9238684013396224e-07
EFT:1.0104241096782794e-05,2.122547334954209e-06,1.987322000788117e-05,0.499281670416237,6.935296550282277e-09,0.4992816704162441,2.6320519398807075e-09,0.0014041591461476227,9.805874310262393e-08,2.9238684013396224e-07
Random6660
Raw:1.0104241096782865e-05,2.122547334954194e-06,1.9873220007881028e-05,0.49928167041623345,6.935296550282327e-09,0.49928167041624766,2.632051939880726e-09,0.0014041591461476126,9.805874310262462e-08,2.9238684013396436e-07
EFT:1.0104241096782794e-05,2.122547334954209e-06,1.987322000788117e-05,0.499281670416237,6.935296550282277e-09,0.4992816704162441,2.6320519398807075e-09,0.0014041591461476227,9.805874310262393e-08,2.9238684013396224e-07
Random6661
Raw:1.0104241096782938e-05,2.122547334954239e-06,1.987322000788117e-05,0.499281670416237,6.935296550282277e-09,0.4992816704162441,2.632051939880745e-09,0.0014041591461476427,9.805874310262532e-08,2.9238684013396224e-07
EFT:1.0104241096782794e-05,2.122547334954209e-06,1.987322000788117e-05,0.499281670416237,6.935296550282277e-09,0.4992816704162441,2.6320519398807075e-09,0.0014041591461476227,9.805874310262393e-08,2.9238684013396224e-07
Random6662
Raw:1.0104241096783082e-05,2.122547334954239e-06,1.987322000788145e-05,0.499281670416237,6.935296550282475e-09,0.4992816704162441,2.6320519398807824e-09,0.0014041591461476427,9.805874310262532e-08,2.9238684013396637e-07
EFT:1.0104241096782794e-05,2.122547334954209e-06,1.987322000788117e-05,0.499281670416237,6.935296550282277e-09,0.4992816704162441,2.6320519398807075e-09,0.0014041591461476227,9.805874310262393e-08,2.9238684013396224e-07
Random6663
Raw:1.0104241096782938e-05,2.122547334954209e-06,1.987322000788117e-05,0.499281670416237,6.935296550282277e-09,0.4992816704162441,2.632051939880745e-09,0.0014041591461476227,9.805874310262532e-08,2.9238684013396224e-07
EFT:1.0104241096782794e-05,2.122547334954209e-06,1.987322000788117e-05,0.499281670416237,6.935296550282277e-09,0.4992816704162441,2.6320519398807075e-09,0.0014041591461476227,9.805874310262393e-08,2.9238684013396224e-07
Random6664
Raw:1.0104241096783009e-05,2.122547334954224e-06,1.9873220007881028e-05,0.49928167041623345,6.935296550282327e-09,0.49928167041624766,2.6320519398807638e-09,0.0014041591461476327,9.805874310262601e-08,2.9238684013396436e-07
EFT:1.0104241096782794e-05,2.122547334954209e-06,1.987322000788117e-05,0.499281670416237,6.935296550282277e-09,0.4992816704162441,2.6320519398807075e-09,0.0014041591461476227,9.805874310262393e-08,2.9238684013396224e-07
Random6665
Raw:1.0104241096782938e-05,2.1225473349541788e-06,1.9873220007880885e-05,0.499281670416237,6.935296550282277e-09,0.4992816704162441,2.632051939880745e-09,0.0014041591461476026,9.805874310262532e-08,2.9238684013396224e-07
EFT:1.0104241096782794e-05,2.122547334954209e-06,1.987322000788117e-05,0.499281670416237,6.935296550282277e-09,0.4992816704162441,2.6320519398807075e-09,0.0014041591461476227,9.805874310262393e-08,2.9238684013396224e-07
Random6666
Raw:1.0104241096782794e-05,2.122547334954209e-06,1.987322000788117e-05,0.499281670416237,6.935296550282277e-09,0.4992816704162441,2.6320519398807075e-09,0.0014041591461476227,9.805874310262393e-08,2.9238684013396224e-07
EFT:1.0104241096782794e-05,2.122547334954209e-06,1.987322000788117e-05,0.499281670416237,6.935296550282277e-09,0.4992816704162441,2.6320519398807075e-09,0.0014041591461476227,9.805874310262393e-08,2.9238684013396224e-07
Random6667
Raw:1.0104241096782938e-05,2.122547334954209e-06,1.987322000788117e-05,0.499281670416237,6.9352965502823754e-09,0.4992816704162441,2.632051939880745e-09,0.0014041591461476227,9.805874310262532e-08,2.9238684013396637e-07
EFT:1.0104241096782794e-05,2.122547334954209e-06,1.987322000788117e-05,0.499281670416237,6.935296550282277e-09,0.4992816704162441,2.6320519398807075e-09,0.0014041591461476227,9.805874310262393e-08,2.9238684013396224e-07
Random6668
Raw:1.0104241096782938e-05,2.122547334954209e-06,1.987322000788117e-05,0.499281670416237,6.9352965502823754e-09,0.4992816704162441,2.632051939880745e-09,0.0014041591461476227,9.805874310262672e-08,2.9238684013396637e-07
EFT:1.0104241096782794e-05,2.122547334954209e-06,1.987322000788117e-05,0.499281670416237,6.935296550282277e-09,0.4992816704162441,2.6320519398807075e-09,0.0014041591461476227,9.805874310262393e-08,2.9238684013396224e-07
Random6669
Raw:1.0104241096783009e-05,2.122547334954224e-06,1.987322000788131e-05,0.49928167041623345,6.935296550282327e-09,0.49928167041624766,2.6320519398807638e-09,0.0014041591461476327,9.805874310262601e-08,2.9238684013396436e-07
EFT:1.0104241096782794e-05,2.122547334954209e-06,1.987322000788117e-05,0.499281670416237,6.935296550282277e-09,0.4992816704162441,2.6320519398807075e-09,0.0014041591461476227,9.805874310262393e-08,2.9238684013396224e-07
Random6670
Raw:1.0104241096782938e-05,2.122547334954239e-06,1.987322000788117e-05,0.499281670416237,6.935296550282277e-09,0.4992816704162441,2.632051939880745e-09,0.0014041591461476427,9.805874310262393e-08,2.9238684013396637e-07
EFT:1.0104241096782794e-05,2.122547334954209e-06,1.987322000788117e-05,0.499281670416237,6.935296550282277e-09,0.4992816704162441,2.6320519398807075e-09,0.0014041591461476227,9.805874310262393e-08,2.9238684013396224e-07
Random6671
Raw:1.0104241096782794e-05,2.122547334954209e-06,1.987322000788117e-05,0.499281670416237,6.935296550282277e-09,0.4992816704162441,2.632051939880745e-09,0.0014041591461476227,9.805874310262254e-08,2.9238684013396224e-07
EFT:1.0104241096782794e-05,2.122547334954209e-06,1.987322000788117e-05,0.499281670416237,6.935296550282277e-09,0.4992816704162441,2.6320519398807075e-09,0.0014041591461476227,9.805874310262393e-08,2.9238684013396224e-07
Random6672
Raw:1.0104241096783009e-05,2.122547334954194e-06,1.9873220007881028e-05,0.49928167041623345,6.935296550282327e-09,0.49928167041624766,2.6320519398807638e-09,0.0014041591461476126,9.805874310262601e-08,2.9238684013396436e-07
EFT:1.0104241096782794e-05,2.122547334954209e-06,1.987322000788117e-05,0.499281670416237,6.935296550282277e-09,0.4992816704162441,2.6320519398807075e-09,0.0014041591461476227,9.805874310262393e-08,2.9238684013396224e-07
Random6673
Raw:1.0104241096782794e-05,2.122547334954209e-06,1.987322000788117e-05,0.499281670416237,6.9352965502821786e-09,0.4992816704162441,2.6320519398807075e-09,0.0014041591461476227,9.805874310262393e-08,2.9238684013396224e-07
EFT:1.0104241096782794e-05,2.122547334954209e-06,1.987322000788117e-05,0.499281670416237,6.935296550282277e-09,0.4992816704162441,2.6320519398807075e-09,0.0014041591461476227,9.805874310262393e-08,2.9238684013396224e-07
Random6674
Raw:1.0104241096782794e-05,2.122547334954209e-06,1.987322000788117e-05,0.499281670416237,6.9352965502821786e-09,0.4992816704162441,2.632051939880745e-09,0.0014041591461476227,9.805874310262254e-08,2.9238684013396224e-07
EFT:1.0104241096782794e-05,2.122547334954209e-06,1.987322000788117e-05,0.499281670416237,6.935296550282277e-09,0.4992816704162441,2.6320519398807075e-09,0.0014041591461476227,9.805874310262393e-08,2.9238684013396224e-07
Random6675
Raw:1.0104241096782938e-05,2.122547334954239e-06,1.987322000788117e-05,0.499281670416237,6.9352965502823754e-09,0.4992816704162441,2.6320519398807824e-09,0.0014041591461476227,9.805874310262532e-08,2.9238684013396637e-07
EFT:1.0104241096782794e-05,2.122547334954209e-06,1.987322000788117e-05,0.499281670416237,6.935296550282277e-09,0.4992816704162441,2.6320519398807075e-09,0.0014041591461476227,9.805874310262393e-08,2.9238684013396224e-07
Random6676
Raw:1.0104241096782938e-05,2.122547334954209e-06,1.987322000788117e-05,0.499281670416237,6.935296550282277e-09,0.4992816704162441,2.632051939880745e-09,0.0014041591461476227,9.805874310262532e-08,2.9238684013396224e-07
EFT:1.0104241096782794e-05,2.122547334954209e-06,1.987322000788117e-05,0.499281670416237,6.935296550282277e-09,0.4992816704162441,2.6320519398807075e-09,0.0014041591461476227,9.805874310262393e-08,2.9238684013396224e-07
Random6677
Raw:1.0104241096782867e-05,2.122547334954224e-06,1.987322000788131e-05,0.49928167041624055,6.935296550282326e-09,0.49928167041624055,2.6320519398807265e-09,0.0014041591461476327,9.805874310262323e-08,2.923868401339643e-07
EFT:1.0104241096782794e-05,2.122547334954209e-06,1.987322000788117e-05,0.499281670416237,6.935296550282277e-09,0.4992816704162441,2.6320519398807075e-09,0.0014041591461476227,9.805874310262393e-08,2.9238684013396224e-07
Random6678
Raw:1.0104241096782867e-05,2.122547334954224e-06,1.987322000788131e-05,0.49928167041624055,6.935296550282326e-09,0.49928167041624055,2.6320519398807638e-09,0.0014041591461476327,9.805874310262462e-08,2.923868401339643e-07
EFT:1.0104241096782794e-05,2.122547334954209e-06,1.987322000788117e-05,0.499281670416237,6.935296550282277e-09,0.4992816704162441,2.6320519398807075e-09,0.0014041591461476227,9.805874310262393e-08,2.9238684013396224e-07
Random6679
Raw:1.0104241096783009e-05,2.122547334954224e-06,1.987322000788131e-05,0.49928167041623345,6.935296550282327e-09,0.49928167041624766,2.6320519398807638e-09,0.0014041591461476327,9.805874310262601e-08,2.9238684013396436e-07
EFT:1.0104241096782794e-05,2.122547334954209e-06,1.987322000788117e-05,0.499281670416237,6.935296550282277e-09,0.4992816704162441,2.6320519398807075e-09,0.0014041591461476227,9.805874310262393e-08,2.9238684013396224e-07
Random6680
Raw:1.0104241096782938e-05,2.122547334954239e-06,1.987322000788145e-05,0.499281670416237,6.935296550282277e-09,0.4992816704162441,2.632051939880745e-09,0.0014041591461476427,9.805874310262532e-08,2.9238684013396224e-07
EFT:1.0104241096782794e-05,2.122547334954209e-06,1.987322000788117e-05,0.499281670416237,6.935296550282277e-09,0.4992816704162441,2.6320519398807075e-09,0.0014041591461476227,9.805874310262393e-08,2.9238684013396224e-07
Random6681
Raw:1.0104241096783009e-05,2.122547334954224e-06,1.9873220007881028e-05,0.49928167041623345,6.935296550282327e-09,0.49928167041624766,2.6320519398807638e-09,0.0014041591461476327,9.805874310262601e-08,2.9238684013396436e-07
EFT:1.0104241096782794e-05,2.122547334954209e-06,1.987322000788117e-05,0.499281670416237,6.935296550282277e-09,0.4992816704162441,2.6320519398807075e-09,0.0014041591461476227,9.805874310262393e-08,2.9238684013396224e-07
Random6682
Raw:1.0104241096782938e-05,2.122547334954239e-06,1.987322000788145e-05,0.499281670416237,6.935296550282277e-09,0.4992816704162441,2.632051939880745e-09,0.0014041591461476427,9.805874310262532e-08,2.9238684013396224e-07
EFT:1.0104241096782794e-05,2.122547334954209e-06,1.987322000788117e-05,0.499281670416237,6.935296550282277e-09,0.4992816704162441,2.6320519398807075e-09,0.0014041591461476227,9.805874310262393e-08,2.9238684013396224e-07
Random6683
Raw:1.0104241096782867e-05,2.122547334954224e-06,1.987322000788131e-05,0.49928167041624055,6.935296550282326e-09,0.49928167041624055,2.6320519398807265e-09,0.0014041591461476327,9.805874310262323e-08,2.923868401339643e-07
EFT:1.0104241096782794e-05,2.122547334954209e-06,1.987322000788117e-05,0.499281670416237,6.935296550282277e-09,0.4992816704162441,2.6320519398807075e-09,0.0014041591461476227,9.805874310262393e-08,2.9238684013396224e-07
Random6684
Raw:1.0104241096782723e-05,2.122547334954194e-06,1.9873220007881028e-05,0.49928167041624055,6.935296550282228e-09,0.49928167041624055,2.632051939880689e-09,0.0014041591461476128,9.805874310262184e-08,2.923868401339602e-07
EFT:1.0104241096782794e-05,2.122547334954209e-06,1.987322000788117e-05,0.499281670416237,6.935296550282277e-09,0.4992816704162441,2.6320519398807075e-09,0.0014041591461476227,9.805874310262393e-08,2.9238684013396224e-07
Random6685
Raw:1.0104241096782794e-05,2.122547334954209e-06,1.987322000788117e-05,0.499281670416237,6.935296550282277e-09,0.4992816704162441,2.632051939880745e-09,0.0014041591461476227,9.805874310262254e-08,2.9238684013396224e-07
EFT:1.0104241096782794e-05,2.122547334954209e-06,1.987322000788117e-05,0.499281670416237,6.935296550282277e-09,0.4992816704162441,2.6320519398807075e-09,0.0014041591461476227,9.805874310262393e-08,2.9238684013396224e-07
Random6686
Raw:1.0104241096782938e-05,2.122547334954209e-06,1.987322000788117e-05,0.499281670416237,6.935296550282277e-09,0.4992816704162441,2.632051939880745e-09,0.0014041591461476227,9.805874310262532e-08,2.9238684013396224e-07
EFT:1.0104241096782794e-05,2.122547334954209e-06,1.987322000788117e-05,0.499281670416237,6.935296550282277e-09,0.4992816704162441,2.6320519398807075e-09,0.0014041591461476227,9.805874310262393e-08,2.9238684013396224e-07
Random6687
Raw:1.0104241096782865e-05,2.122547334954194e-06,1.9873220007881028e-05,0.49928167041623345,6.935296550282228e-09,0.49928167041624766,2.632051939880726e-09,0.0014041591461476126,9.805874310262462e-08,2.9238684013396436e-07
EFT:1.0104241096782794e-05,2.122547334954209e-06,1.987322000788117e-05,0.499281670416237,6.935296550282277e-09,0.4992816704162441,2.6320519398807075e-09,0.0014041591461476227,9.805874310262393e-08,2.9238684013396224e-07
Random6688
Raw:1.0104241096782867e-05,2.122547334954194e-06,1.9873220007881028e-05,0.49928167041624055,6.935296550282326e-09,0.49928167041624055,2.6320519398807265e-09,0.0014041591461476128,9.805874310262323e-08,2.923868401339643e-07
EFT:1.0104241096782794e-05,2.122547334954209e-06,1.987322000788117e-05,0.499281670416237,6.935296550282277e-09,0.4992816704162441,2.6320519398807075e-09,0.0014041591461476227,9.805874310262393e-08,2.9238684013396224e-07
Random6689
Raw:1.0104241096782938e-05,2.122547334954239e-06,1.987322000788145e-05,0.499281670416237,6.935296550282277e-09,0.4992816704162441,2.632051939880745e-09,0.0014041591461476427,9.805874310262393e-08,2.9238684013396637e-07
EFT:1.0104241096782794e-05,2.122547334954209e-06,1.987322000788117e-05,0.499281670416237,6.935296550282277e-09,0.4992816704162441,2.6320519398807075e-09,0.0014041591461476227,9.805874310262393e-08,2.9238684013396224e-07
Random6690
Raw:1.0104241096782938e-05,2.122547334954239e-06,1.9873220007880885e-05,0.499281670416237,6.935296550282277e-09,0.4992816704162441,2.632051939880745e-09,0.0014041591461476227,9.805874310262532e-08,2.9238684013396224e-07
EFT:1.0104241096782794e-05,2.122547334954209e-06,1.987322000788117e-05,0.499281670416237,6.935296550282277e-09,0.4992816704162441,2.6320519398807075e-09,0.0014041591461476227,9.805874310262393e-08,2.9238684013396224e-07
Random6691
Raw:1.0104241096782938e-05,2.122547334954239e-06,1.987322000788117e-05,0.499281670416237,6.9352965502823754e-09,0.4992816704162441,2.6320519398807824e-09,0.0014041591461476227,9.805874310262532e-08,2.9238684013396637e-07
EFT:1.0104241096782794e-05,2.122547334954209e-06,1.987322000788117e-05,0.499281670416237,6.935296550282277e-09,0.4992816704162441,2.6320519398807075e-09,0.0014041591461476227,9.805874310262393e-08,2.9238684013396224e-07
Random6692
Raw:1.0104241096782794e-05,2.122547334954209e-06,1.987322000788117e-05,0.499281670416237,6.935296550282277e-09,0.4992816704162441,2.6320519398807075e-09,0.0014041591461476227,9.805874310262393e-08,2.9238684013396224e-07
EFT:1.0104241096782794e-05,2.122547334954209e-06,1.987322000788117e-05,0.499281670416237,6.935296550282277e-09,0.4992816704162441,2.6320519398807075e-09,0.0014041591461476227,9.805874310262393e-08,2.9238684013396224e-07
Random6693
Raw:1.0104241096782938e-05,2.122547334954239e-06,1.987322000788117e-05,0.499281670416237,6.9352965502823754e-09,0.4992816704162441,2.6320519398807824e-09,0.0014041591461476227,9.805874310262532e-08,2.9238684013396637e-07
EFT:1.0104241096782794e-05,2.122547334954209e-06,1.987322000788117e-05,0.499281670416237,6.935296550282277e-09,0.4992816704162441,2.6320519398807075e-09,0.0014041591461476227,9.805874310262393e-08,2.9238684013396224e-07
Random6694
Raw:1.0104241096782938e-05,2.122547334954239e-06,1.987322000788145e-05,0.499281670416237,6.935296550282277e-09,0.4992816704162441,2.632051939880745e-09,0.0014041591461476427,9.805874310262532e-08,2.9238684013396224e-07
EFT:1.0104241096782794e-05,2.122547334954209e-06,1.987322000788117e-05,0.499281670416237,6.935296550282277e-09,0.4992816704162441,2.6320519398807075e-09,0.0014041591461476227,9.805874310262393e-08,2.9238684013396224e-07
Random6695
Raw:1.0104241096782938e-05,2.122547334954209e-06,1.987322000788117e-05,0.499281670416237,6.935296550282277e-09,0.4992816704162441,2.632051939880745e-09,0.0014041591461476427,9.805874310262393e-08,2.9238684013396224e-07
EFT:1.0104241096782794e-05,2.122547334954209e-06,1.987322000788117e-05,0.499281670416237,6.935296550282277e-09,0.4992816704162441,2.6320519398807075e-09,0.0014041591461476227,9.805874310262393e-08,2.9238684013396224e-07
Random6696
Raw:1.010424109678265e-05,2.1225473349541788e-06,1.9873220007880885e-05,0.499281670416237,6.935296550282079e-09,0.4992816704162441,2.63205193988067e-09,0.0014041591461476227,9.805874310262254e-08,2.923868401339581e-07
EFT:1.0104241096782794e-05,2.122547334954209e-06,1.987322000788117e-05,0.499281670416237,6.935296550282277e-09,0.4992816704162441,2.6320519398807075e-09,0.0014041591461476227,9.805874310262393e-08,2.9238684013396224e-07
Random6697
Raw:1.0104241096782794e-05,2.122547334954209e-06,1.987322000788117e-05,0.499281670416237,6.935296550282277e-09,0.4992816704162441,2.632051939880745e-09,0.0014041591461476227,9.805874310262254e-08,2.9238684013396224e-07
EFT:1.0104241096782794e-05,2.122547334954209e-06,1.987322000788117e-05,0.499281670416237,6.935296550282277e-09,0.4992816704162441,2.6320519398807075e-09,0.0014041591461476227,9.805874310262393e-08,2.9238684013396224e-07
Random6698
Raw:1.0104241096782938e-05,2.1225473349541788e-06,1.9873220007880885e-05,0.499281670416237,6.935296550282277e-09,0.4992816704162441,2.632051939880745e-09,0.0014041591461476026,9.805874310262532e-08,2.9238684013396224e-07
EFT:1.0104241096782794e-05,2.122547334954209e-06,1.987322000788117e-05,0.499281670416237,6.935296550282277e-09,0.4992816704162441,2.6320519398807075e-09,0.0014041591461476227,9.805874310262393e-08,2.9238684013396224e-07
Random6699
Raw:1.0104241096782865e-05,2.122547334954194e-06,1.9873220007881028e-05,0.49928167041623345,6.935296550282327e-09,0.49928167041624766,2.632051939880726e-09,0.0014041591461476126,9.805874310262462e-08,2.9238684013396436e-07
EFT:1.0104241096782794e-05,2.122547334954209e-06,1.987322000788117e-05,0.499281670416237,6.935296550282277e-09,0.4992816704162441,2.6320519398807075e-09,0.0014041591461476227,9.805874310262393e-08,2.9238684013396224e-07
Random6700
Raw:1.0104241096782867e-05,2.122547334954224e-06,1.987322000788131e-05,0.49928167041624055,6.935296550282326e-09,0.49928167041624055,2.6320519398807265e-09,0.0014041591461476327,9.805874310262462e-08,2.923868401339643e-07
EFT:1.0104241096782794e-05,2.122547334954209e-06,1.987322000788117e-05,0.499281670416237,6.935296550282277e-09,0.4992816704162441,2.6320519398807075e-09,0.0014041591461476227,9.805874310262393e-08,2.9238684013396224e-07
Random6701
Raw:1.0104241096782794e-05,2.122547334954209e-06,1.987322000788117e-05,0.499281670416237,6.9352965502821786e-09,0.4992816704162441,2.6320519398807075e-09,0.0014041591461476227,9.805874310262393e-08,2.9238684013396224e-07
EFT:1.0104241096782794e-05,2.122547334954209e-06,1.987322000788117e-05,0.499281670416237,6.935296550282277e-09,0.4992816704162441,2.6320519398807075e-09,0.0014041591461476227,9.805874310262393e-08,2.9238684013396224e-07
Random6702
Raw:1.0104241096782938e-05,2.122547334954209e-06,1.987322000788117e-05,0.499281670416237,6.935296550282277e-09,0.4992816704162441,2.632051939880745e-09,0.0014041591461476427,9.805874310262393e-08,2.9238684013396224e-07
EFT:1.0104241096782794e-05,2.122547334954209e-06,1.987322000788117e-05,0.499281670416237,6.935296550282277e-09,0.4992816704162441,2.6320519398807075e-09,0.0014041591461476227,9.805874310262393e-08,2.9238684013396224e-07
Random6703
Raw:1.0104241096782938e-05,2.122547334954209e-06,1.987322000788117e-05,0.499281670416237,6.935296550282277e-09,0.4992816704162441,2.632051939880745e-09,0.0014041591461476427,9.805874310262393e-08,2.9238684013396224e-07
EFT:1.0104241096782794e-05,2.122547334954209e-06,1.987322000788117e-05,0.499281670416237,6.935296550282277e-09,0.4992816704162441,2.6320519398807075e-09,0.0014041591461476227,9.805874310262393e-08,2.9238684013396224e-07
Random6704
Raw:1.0104241096782794e-05,2.122547334954209e-06,1.9873220007880885e-05,0.499281670416237,6.935296550282277e-09,0.4992816704162441,2.632051939880745e-09,0.0014041591461476227,9.805874310262254e-08,2.9238684013396224e-07
EFT:1.0104241096782794e-05,2.122547334954209e-06,1.987322000788117e-05,0.499281670416237,6.935296550282277e-09,0.4992816704162441,2.6320519398807075e-09,0.0014041591461476227,9.805874310262393e-08,2.9238684013396224e-07
Random6705
Raw:1.0104241096782938e-05,2.122547334954209e-06,1.987322000788117e-05,0.499281670416237,6.9352965502823754e-09,0.4992816704162441,2.632051939880745e-09,0.0014041591461476227,9.805874310262532e-08,2.9238684013396637e-07
EFT:1.0104241096782794e-05,2.122547334954209e-06,1.987322000788117e-05,0.499281670416237,6.935296550282277e-09,0.4992816704162441,2.6320519398807075e-09,0.0014041591461476227,9.805874310262393e-08,2.9238684013396224e-07
Random6706
Raw:1.0104241096782867e-05,2.122547334954224e-06,1.987322000788131e-05,0.49928167041624055,6.935296550282326e-09,0.49928167041624055,2.6320519398807265e-09,0.0014041591461476327,9.805874310262462e-08,2.923868401339643e-07
EFT:1.0104241096782794e-05,2.122547334954209e-06,1.987322000788117e-05,0.499281670416237,6.935296550282277e-09,0.4992816704162441,2.6320519398807075e-09,0.0014041591461476227,9.805874310262393e-08,2.9238684013396224e-07
Random6707
Raw:1.0104241096782794e-05,2.122547334954209e-06,1.987322000788117e-05,0.499281670416237,6.935296550282277e-09,0.4992816704162441,2.6320519398807075e-09,0.0014041591461476227,9.805874310262393e-08,2.9238684013396224e-07
EFT:1.0104241096782794e-05,2.122547334954209e-06,1.987322000788117e-05,0.499281670416237,6.935296550282277e-09,0.4992816704162441,2.6320519398807075e-09,0.0014041591461476227,9.805874310262393e-08,2.9238684013396224e-07
Random6708
Raw:1.0104241096782938e-05,2.122547334954239e-06,1.987322000788117e-05,0.499281670416237,6.9352965502823754e-09,0.4992816704162441,2.6320519398807824e-09,0.0014041591461476227,9.805874310262532e-08,2.9238684013396637e-07
EFT:1.0104241096782794e-05,2.122547334954209e-06,1.987322000788117e-05,0.499281670416237,6.935296550282277e-09,0.4992816704162441,2.6320519398807075e-09,0.0014041591461476227,9.805874310262393e-08,2.9238684013396224e-07
Random6709
Raw:1.0104241096782938e-05,2.122547334954209e-06,1.987322000788117e-05,0.499281670416237,6.9352965502823754e-09,0.4992816704162441,2.632051939880745e-09,0.0014041591461476227,9.805874310262532e-08,2.9238684013396637e-07
EFT:1.0104241096782794e-05,2.122547334954209e-06,1.987322000788117e-05,0.499281670416237,6.935296550282277e-09,0.4992816704162441,2.6320519398807075e-09,0.0014041591461476227,9.805874310262393e-08,2.9238684013396224e-07
Random6710
Raw:1.0104241096782938e-05,2.122547334954239e-06,1.987322000788145e-05,0.499281670416237,6.935296550282277e-09,0.4992816704162441,2.632051939880745e-09,0.0014041591461476427,9.805874310262393e-08,2.9238684013396637e-07
EFT:1.0104241096782794e-05,2.122547334954209e-06,1.987322000788117e-05,0.499281670416237,6.935296550282277e-09,0.4992816704162441,2.6320519398807075e-09,0.0014041591461476227,9.805874310262393e-08,2.9238684013396224e-07
Random6711
Raw:1.0104241096782867e-05,2.122547334954224e-06,1.987322000788131e-05,0.49928167041624055,6.935296550282326e-09,0.49928167041624055,2.6320519398807265e-09,0.0014041591461476327,9.805874310262462e-08,2.923868401339643e-07
EFT:1.0104241096782794e-05,2.122547334954209e-06,1.987322000788117e-05,0.499281670416237,6.935296550282277e-09,0.4992816704162441,2.6320519398807075e-09,0.0014041591461476227,9.805874310262393e-08,2.9238684013396224e-07
Random6712
Raw:1.0104241096783009e-05,2.122547334954224e-06,1.9873220007881028e-05,0.49928167041623345,6.935296550282327e-09,0.49928167041624766,2.6320519398807638e-09,0.0014041591461476327,9.805874310262601e-08,2.9238684013396436e-07
EFT:1.0104241096782794e-05,2.122547334954209e-06,1.987322000788117e-05,0.499281670416237,6.935296550282277e-09,0.4992816704162441,2.6320519398807075e-09,0.0014041591461476227,9.805874310262393e-08,2.9238684013396224e-07
Random6713
Raw:1.0104241096782938e-05,2.122547334954239e-06,1.987322000788145e-05,0.499281670416237,6.935296550282277e-09,0.4992816704162441,2.632051939880745e-09,0.0014041591461476427,9.805874310262393e-08,2.9238684013396637e-07
EFT:1.0104241096782794e-05,2.122547334954209e-06,1.987322000788117e-05,0.499281670416237,6.935296550282277e-09,0.4992816704162441,2.6320519398807075e-09,0.0014041591461476227,9.805874310262393e-08,2.9238684013396224e-07
Random6714
Raw:1.0104241096782938e-05,2.122547334954209e-06,1.987322000788117e-05,0.499281670416237,6.9352965502823754e-09,0.4992816704162441,2.632051939880745e-09,0.0014041591461476227,9.805874310262672e-08,2.9238684013396637e-07
EFT:1.0104241096782794e-05,2.122547334954209e-06,1.987322000788117e-05,0.499281670416237,6.935296550282277e-09,0.4992816704162441,2.6320519398807075e-09,0.0014041591461476227,9.805874310262393e-08,2.9238684013396224e-07
Random6715
Raw:1.0104241096782867e-05,2.122547334954224e-06,1.9873220007881028e-05,0.49928167041624055,6.935296550282326e-09,0.49928167041624055,2.6320519398807265e-09,0.0014041591461476327,9.805874310262323e-08,2.923868401339643e-07
EFT:1.0104241096782794e-05,2.122547334954209e-06,1.987322000788117e-05,0.499281670416237,6.935296550282277e-09,0.4992816704162441,2.6320519398807075e-09,0.0014041591461476227,9.805874310262393e-08,2.9238684013396224e-07
Random6716
Raw:1.0104241096782938e-05,2.122547334954209e-06,1.987322000788117e-05,0.499281670416237,6.935296550282277e-09,0.4992816704162441,2.632051939880745e-09,0.0014041591461476427,9.805874310262393e-08,2.9238684013396224e-07
EFT:1.0104241096782794e-05,2.122547334954209e-06,1.987322000788117e-05,0.499281670416237,6.935296550282277e-09,0.4992816704162441,2.6320519398807075e-09,0.0014041591461476227,9.805874310262393e-08,2.9238684013396224e-07
Random6717
Raw:1.0104241096782938e-05,2.122547334954239e-06,1.987322000788145e-05,0.499281670416237,6.9352965502823754e-09,0.4992816704162441,2.632051939880745e-09,0.0014041591461476427,9.805874310262532e-08,2.9238684013396637e-07
EFT:1.0104241096782794e-05,2.122547334954209e-06,1.987322000788117e-05,0.499281670416237,6.935296550282277e-09,0.4992816704162441,2.6320519398807075e-09,0.0014041591461476227,9.805874310262393e-08,2.9238684013396224e-07
Random6718
Raw:1.0104241096782794e-05,2.122547334954209e-06,1.987322000788117e-05,0.499281670416237,6.935296550282277e-09,0.4992816704162441,2.6320519398807075e-09,0.0014041591461476026,9.805874310262393e-08,2.9238684013396224e-07
EFT:1.0104241096782794e-05,2.122547334954209e-06,1.987322000788117e-05,0.499281670416237,6.935296550282277e-09,0.4992816704162441,2.6320519398807075e-09,0.0014041591461476227,9.805874310262393e-08,2.9238684013396224e-07
Random6719
Raw:1.0104241096782938e-05,2.122547334954209e-06,1.9873220007880885e-05,0.499281670416237,6.935296550282277e-09,0.4992816704162441,2.632051939880745e-09,0.0014041591461476227,9.805874310262393e-08,2.9238684013396224e-07
EFT:1.0104241096782794e-05,2.122547334954209e-06,1.987322000788117e-05,0.499281670416237,6.935296550282277e-09,0.4992816704162441,2.6320519398807075e-09,0.0014041591461476227,9.805874310262393e-08,2.9238684013396224e-07
Random6720
Raw:1.0104241096782865e-05,2.122547334954194e-06,1.9873220007881028e-05,0.49928167041623345,6.935296550282327e-09,0.49928167041624766,2.632051939880726e-09,0.0014041591461476126,9.805874310262462e-08,2.9238684013396436e-07
EFT:1.0104241096782794e-05,2.122547334954209e-06,1.987322000788117e-05,0.499281670416237,6.935296550282277e-09,0.4992816704162441,2.6320519398807075e-09,0.0014041591461476227,9.805874310262393e-08,2.9238684013396224e-07
Random6721
Raw:1.0104241096783082e-05,2.122547334954239e-06,1.987322000788145e-05,0.499281670416237,6.935296550282475e-09,0.4992816704162441,2.6320519398807824e-09,0.0014041591461476427,9.805874310262532e-08,2.9238684013396637e-07
EFT:1.0104241096782794e-05,2.122547334954209e-06,1.987322000788117e-05,0.499281670416237,6.935296550282277e-09,0.4992816704162441,2.6320519398807075e-09,0.0014041591461476227,9.805874310262393e-08,2.9238684013396224e-07
Random6722
Raw:1.0104241096782938e-05,2.122547334954209e-06,1.9873220007880885e-05,0.499281670416237,6.935296550282277e-09,0.4992816704162441,2.632051939880745e-09,0.0014041591461476227,9.805874310262532e-08,2.9238684013396224e-07
EFT:1.0104241096782794e-05,2.122547334954209e-06,1.987322000788117e-05,0.499281670416237,6.935296550282277e-09,0.4992816704162441,2.6320519398807075e-09,0.0014041591461476227,9.805874310262393e-08,2.9238684013396224e-07
Random6723
Raw:1.0104241096782867e-05,2.122547334954224e-06,1.9873220007881028e-05,0.49928167041624055,6.935296550282326e-09,0.49928167041624055,2.6320519398807265e-09,0.0014041591461476128,9.805874310262462e-08,2.923868401339643e-07
EFT:1.0104241096782794e-05,2.122547334954209e-06,1.987322000788117e-05,0.499281670416237,6.935296550282277e-09,0.4992816704162441,2.6320519398807075e-09,0.0014041591461476227,9.805874310262393e-08,2.9238684013396224e-07
Random6724
Raw:1.0104241096782867e-05,2.1225473349542546e-06,1.987322000788131e-05,0.49928167041624055,6.935296550282326e-09,0.49928167041624055,2.6320519398807638e-09,0.0014041591461476327,9.805874310262462e-08,2.923868401339643e-07
EFT:1.0104241096782794e-05,2.122547334954209e-06,1.987322000788117e-05,0.499281670416237,6.935296550282277e-09,0.4992816704162441,2.6320519398807075e-09,0.0014041591461476227,9.805874310262393e-08,2.9238684013396224e-07
Random6725
Raw:1.0104241096782867e-05,2.122547334954224e-06,1.987322000788131e-05,0.49928167041624055,6.935296550282326e-09,0.49928167041624055,2.6320519398807265e-09,0.0014041591461476327,9.805874310262323e-08,2.923868401339643e-07
EFT:1.0104241096782794e-05,2.122547334954209e-06,1.987322000788117e-05,0.499281670416237,6.935296550282277e-09,0.4992816704162441,2.6320519398807075e-09,0.0014041591461476227,9.805874310262393e-08,2.9238684013396224e-07
Random6726
Raw:1.0104241096783082e-05,2.1225473349542093e-06,1.9873220007881167e-05,0.4992816704162299,6.9352965502823754e-09,0.49928167041625116,2.6320519398808196e-09,0.0014041591461476225,9.805874310262532e-08,2.9238684013397055e-07
EFT:1.0104241096782794e-05,2.122547334954209e-06,1.987322000788117e-05,0.499281670416237,6.935296550282277e-09,0.4992816704162441,2.6320519398807075e-09,0.0014041591461476227,9.805874310262393e-08,2.9238684013396224e-07
Random6727
Raw:1.0104241096782938e-05,2.122547334954209e-06,1.987322000788117e-05,0.499281670416237,6.935296550282277e-09,0.4992816704162441,2.632051939880745e-09,0.0014041591461476227,9.805874310262393e-08,2.9238684013396637e-07
EFT:1.0104241096782794e-05,2.122547334954209e-06,1.987322000788117e-05,0.499281670416237,6.935296550282277e-09,0.4992816704162441,2.6320519398807075e-09,0.0014041591461476227,9.805874310262393e-08,2.9238684013396224e-07
Random6728
Raw:1.0104241096782867e-05,2.122547334954224e-06,1.987322000788131e-05,0.49928167041624055,6.935296550282326e-09,0.49928167041624055,2.6320519398807265e-09,0.0014041591461476327,9.805874310262462e-08,2.923868401339643e-07
EFT:1.0104241096782794e-05,2.122547334954209e-06,1.987322000788117e-05,0.499281670416237,6.935296550282277e-09,0.4992816704162441,2.6320519398807075e-09,0.0014041591461476227,9.805874310262393e-08,2.9238684013396224e-07
Random6729
Raw:1.0104241096783009e-05,2.122547334954224e-06,1.987322000788131e-05,0.49928167041623345,6.935296550282327e-09,0.49928167041624766,2.6320519398807638e-09,0.0014041591461476327,9.805874310262601e-08,2.9238684013396436e-07
EFT:1.0104241096782794e-05,2.122547334954209e-06,1.987322000788117e-05,0.499281670416237,6.935296550282277e-09,0.4992816704162441,2.6320519398807075e-09,0.0014041591461476227,9.805874310262393e-08,2.9238684013396224e-07
Random6730
Raw:1.0104241096782865e-05,2.122547334954194e-06,1.9873220007881028e-05,0.49928167041623345,6.935296550282327e-09,0.49928167041624766,2.632051939880726e-09,0.0014041591461476126,9.805874310262462e-08,2.9238684013396436e-07
EFT:1.0104241096782794e-05,2.122547334954209e-06,1.987322000788117e-05,0.499281670416237,6.935296550282277e-09,0.4992816704162441,2.6320519398807075e-09,0.0014041591461476227,9.805874310262393e-08,2.9238684013396224e-07
Random6731
Raw:1.0104241096782938e-05,2.122547334954239e-06,1.9873220007880885e-05,0.499281670416237,6.935296550282277e-09,0.4992816704162441,2.632051939880745e-09,0.0014041591461476227,9.805874310262532e-08,2.9238684013396224e-07
EFT:1.0104241096782794e-05,2.122547334954209e-06,1.987322000788117e-05,0.499281670416237,6.935296550282277e-09,0.4992816704162441,2.6320519398807075e-09,0.0014041591461476227,9.805874310262393e-08,2.9238684013396224e-07
Random6732
Raw:1.0104241096782938e-05,2.122547334954209e-06,1.987322000788117e-05,0.499281670416237,6.9352965502823754e-09,0.4992816704162441,2.632051939880745e-09,0.0014041591461476227,9.805874310262532e-08,2.9238684013396637e-07
EFT:1.0104241096782794e-05,2.122547334954209e-06,1.987322000788117e-05,0.499281670416237,6.935296550282277e-09,0.4992816704162441,2.6320519398807075e-09,0.0014041591461476227,9.805874310262393e-08,2.9238684013396224e-07
Random6733
Raw:1.0104241096782938e-05,2.122547334954209e-06,1.987322000788117e-05,0.499281670416237,6.9352965502823754e-09,0.4992816704162441,2.632051939880745e-09,0.0014041591461476227,9.805874310262393e-08,2.9238684013396637e-07
EFT:1.0104241096782794e-05,2.122547334954209e-06,1.987322000788117e-05,0.499281670416237,6.935296550282277e-09,0.4992816704162441,2.6320519398807075e-09,0.0014041591461476227,9.805874310262393e-08,2.9238684013396224e-07
Random6734
Raw:1.0104241096782865e-05,2.122547334954194e-06,1.9873220007881028e-05,0.49928167041623345,6.935296550282228e-09,0.49928167041624766,2.6320519398807638e-09,0.0014041591461476126,9.805874310262324e-08,2.9238684013396436e-07
EFT:1.0104241096782794e-05,2.122547334954209e-06,1.987322000788117e-05,0.499281670416237,6.935296550282277e-09,0.4992816704162441,2.6320519398807075e-09,0.0014041591461476227,9.805874310262393e-08,2.9238684013396224e-07
Random6735
Raw:1.0104241096782938e-05,2.122547334954209e-06,1.987322000788117e-05,0.499281670416237,6.9352965502823754e-09,0.4992816704162441,2.632051939880745e-09,0.0014041591461476227,9.805874310262532e-08,2.9238684013396637e-07
EFT:1.0104241096782794e-05,2.122547334954209e-06,1.987322000788117e-05,0.499281670416237,6.935296550282277e-09,0.4992816704162441,2.6320519398807075e-09,0.0014041591461476227,9.805874310262393e-08,2.9238684013396224e-07
Random6736
Raw:1.0104241096782938e-05,2.122547334954209e-06,1.987322000788117e-05,0.499281670416237,6.9352965502823754e-09,0.4992816704162441,2.6320519398807824e-09,0.0014041591461476227,9.805874310262532e-08,2.9238684013396637e-07
EFT:1.0104241096782794e-05,2.122547334954209e-06,1.987322000788117e-05,0.499281670416237,6.935296550282277e-09,0.4992816704162441,2.6320519398807075e-09,0.0014041591461476227,9.805874310262393e-08,2.9238684013396224e-07
Random6737
Raw:1.0104241096782938e-05,2.122547334954239e-06,1.987322000788145e-05,0.499281670416237,6.935296550282277e-09,0.4992816704162441,2.632051939880745e-09,0.0014041591461476427,9.805874310262393e-08,2.9238684013396637e-07
EFT:1.0104241096782794e-05,2.122547334954209e-06,1.987322000788117e-05,0.499281670416237,6.935296550282277e-09,0.4992816704162441,2.6320519398807075e-09,0.0014041591461476227,9.805874310262393e-08,2.9238684013396224e-07
Random6738
Raw:1.0104241096782794e-05,2.122547334954209e-06,1.987322000788117e-05,0.499281670416237,6.9352965502821786e-09,0.4992816704162441,2.6320519398807075e-09,0.0014041591461476227,9.805874310262393e-08,2.9238684013396224e-07
EFT:1.0104241096782794e-05,2.122547334954209e-06,1.987322000788117e-05,0.499281670416237,6.935296550282277e-09,0.4992816704162441,2.6320519398807075e-09,0.0014041591461476227,9.805874310262393e-08,2.9238684013396224e-07
Random6739
Raw:1.0104241096782938e-05,2.122547334954209e-06,1.987322000788117e-05,0.499281670416237,6.9352965502823754e-09,0.4992816704162441,2.6320519398807824e-09,0.0014041591461476227,9.805874310262532e-08,2.9238684013396637e-07
EFT:1.0104241096782794e-05,2.122547334954209e-06,1.987322000788117e-05,0.499281670416237,6.935296550282277e-09,0.4992816704162441,2.6320519398807075e-09,0.0014041591461476227,9.805874310262393e-08,2.9238684013396224e-07
Random6740
Raw:1.0104241096783009e-05,2.122547334954194e-06,1.9873220007881028e-05,0.49928167041623345,6.935296550282327e-09,0.49928167041624766,2.6320519398807638e-09,0.0014041591461476126,9.805874310262601e-08,2.9238684013396436e-07
EFT:1.0104241096782794e-05,2.122547334954209e-06,1.987322000788117e-05,0.499281670416237,6.935296550282277e-09,0.4992816704162441,2.6320519398807075e-09,0.0014041591461476227,9.805874310262393e-08,2.9238684013396224e-07
Random6741
Raw:1.0104241096782794e-05,2.122547334954209e-06,1.987322000788117e-05,0.499281670416237,6.9352965502821786e-09,0.4992816704162441,2.632051939880745e-09,0.0014041591461476227,9.805874310262254e-08,2.9238684013396224e-07
EFT:1.0104241096782794e-05,2.122547334954209e-06,1.987322000788117e-05,0.499281670416237,6.935296550282277e-09,0.4992816704162441,2.6320519398807075e-09,0.0014041591461476227,9.805874310262393e-08,2.9238684013396224e-07
Random6742
Raw:1.0104241096782867e-05,2.122547334954224e-06,1.9873220007881028e-05,0.49928167041624055,6.935296550282326e-09,0.49928167041624055,2.6320519398807265e-09,0.0014041591461476327,9.805874310262323e-08,2.923868401339643e-07
EFT:1.0104241096782794e-05,2.122547334954209e-06,1.987322000788117e-05,0.499281670416237,6.935296550282277e-09,0.4992816704162441,2.6320519398807075e-09,0.0014041591461476227,9.805874310262393e-08,2.9238684013396224e-07
Random6743
Raw:1.0104241096783009e-05,2.122547334954194e-06,1.9873220007881028e-05,0.49928167041623345,6.935296550282327e-09,0.49928167041624766,2.6320519398807638e-09,0.0014041591461476327,9.805874310262462e-08,2.9238684013396436e-07
EFT:1.0104241096782794e-05,2.122547334954209e-06,1.987322000788117e-05,0.499281670416237,6.935296550282277e-09,0.4992816704162441,2.6320519398807075e-09,0.0014041591461476227,9.805874310262393e-08,2.9238684013396224e-07
Random6744
Raw:1.0104241096783009e-05,2.122547334954194e-06,1.9873220007881028e-05,0.49928167041623345,6.935296550282327e-09,0.49928167041624766,2.6320519398807638e-09,0.0014041591461476327,9.805874310262462e-08,2.9238684013396436e-07
EFT:1.0104241096782794e-05,2.122547334954209e-06,1.987322000788117e-05,0.499281670416237,6.935296550282277e-09,0.4992816704162441,2.6320519398807075e-09,0.0014041591461476227,9.805874310262393e-08,2.9238684013396224e-07
Random6745
Raw:1.0104241096782938e-05,2.122547334954239e-06,1.987322000788145e-05,0.499281670416237,6.935296550282277e-09,0.4992816704162441,2.632051939880745e-09,0.0014041591461476427,9.805874310262393e-08,2.9238684013396637e-07
EFT:1.0104241096782794e-05,2.122547334954209e-06,1.987322000788117e-05,0.499281670416237,6.935296550282277e-09,0.4992816704162441,2.6320519398807075e-09,0.0014041591461476227,9.805874310262393e-08,2.9238684013396224e-07
Random6746
Raw:1.0104241096782867e-05,2.122547334954194e-06,1.9873220007881028e-05,0.49928167041624055,6.935296550282326e-09,0.49928167041624055,2.6320519398807265e-09,0.0014041591461476128,9.805874310262323e-08,2.923868401339643e-07
EFT:1.0104241096782794e-05,2.122547334954209e-06,1.987322000788117e-05,0.499281670416237,6.935296550282277e-09,0.4992816704162441,2.6320519398807075e-09,0.0014041591461476227,9.805874310262393e-08,2.9238684013396224e-07
Random6747
Raw:1.0104241096782865e-05,2.122547334954194e-06,1.9873220007881028e-05,0.49928167041623345,6.935296550282228e-09,0.49928167041624766,2.632051939880726e-09,0.0014041591461476126,9.805874310262462e-08,2.9238684013396436e-07
EFT:1.0104241096782794e-05,2.122547334954209e-06,1.987322000788117e-05,0.499281670416237,6.935296550282277e-09,0.4992816704162441,2.6320519398807075e-09,0.0014041591461476227,9.805874310262393e-08,2.9238684013396224e-07
Random6748
Raw:1.0104241096782794e-05,2.122547334954209e-06,1.987322000788117e-05,0.499281670416237,6.9352965502821786e-09,0.4992816704162441,2.6320519398807075e-09,0.0014041591461476227,9.805874310262393e-08,2.9238684013396224e-07
EFT:1.0104241096782794e-05,2.122547334954209e-06,1.987322000788117e-05,0.499281670416237,6.935296550282277e-09,0.4992816704162441,2.6320519398807075e-09,0.0014041591461476227,9.805874310262393e-08,2.9238684013396224e-07
Random6749
Raw:1.0104241096782938e-05,2.122547334954239e-06,1.987322000788145e-05,0.499281670416237,6.935296550282277e-09,0.4992816704162441,2.632051939880745e-09,0.0014041591461476427,9.805874310262393e-08,2.9238684013396637e-07
EFT:1.0104241096782794e-05,2.122547334954209e-06,1.987322000788117e-05,0.499281670416237,6.935296550282277e-09,0.4992816704162441,2.6320519398807075e-09,0.0014041591461476227,9.805874310262393e-08,2.9238684013396224e-07
Random6750
Raw:1.0104241096783009e-05,2.122547334954224e-06,1.987322000788131e-05,0.49928167041623345,6.935296550282327e-09,0.49928167041624766,2.6320519398807638e-09,0.0014041591461476327,9.805874310262462e-08,2.923868401339685e-07
EFT:1.0104241096782794e-05,2.122547334954209e-06,1.987322000788117e-05,0.499281670416237,6.935296550282277e-09,0.4992816704162441,2.6320519398807075e-09,0.0014041591461476227,9.805874310262393e-08,2.9238684013396224e-07
Random6751
Raw:1.0104241096782867e-05,2.122547334954224e-06,1.987322000788131e-05,0.49928167041624055,6.935296550282326e-09,0.49928167041624055,2.6320519398807265e-09,0.0014041591461476327,9.805874310262323e-08,2.923868401339643e-07
EFT:1.0104241096782794e-05,2.122547334954209e-06,1.987322000788117e-05,0.499281670416237,6.935296550282277e-09,0.4992816704162441,2.6320519398807075e-09,0.0014041591461476227,9.805874310262393e-08,2.9238684013396224e-07
Random6752
Raw:1.0104241096782938e-05,2.122547334954239e-06,1.987322000788117e-05,0.499281670416237,6.935296550282277e-09,0.4992816704162441,2.632051939880745e-09,0.0014041591461476427,9.805874310262393e-08,2.9238684013396637e-07
EFT:1.0104241096782794e-05,2.122547334954209e-06,1.987322000788117e-05,0.499281670416237,6.935296550282277e-09,0.4992816704162441,2.6320519398807075e-09,0.0014041591461476227,9.805874310262393e-08,2.9238684013396224e-07
Random6753
Raw:1.0104241096782867e-05,2.122547334954224e-06,1.9873220007881028e-05,0.49928167041624055,6.935296550282326e-09,0.49928167041624055,2.6320519398807265e-09,0.0014041591461476327,9.805874310262602e-08,2.923868401339643e-07
EFT:1.0104241096782794e-05,2.122547334954209e-06,1.987322000788117e-05,0.499281670416237,6.935296550282277e-09,0.4992816704162441,2.6320519398807075e-09,0.0014041591461476227,9.805874310262393e-08,2.9238684013396224e-07
Random6754
Raw:1.0104241096782938e-05,2.122547334954209e-06,1.987322000788117e-05,0.499281670416237,6.9352965502823754e-09,0.4992816704162441,2.632051939880745e-09,0.0014041591461476227,9.805874310262532e-08,2.9238684013396637e-07
EFT:1.0104241096782794e-05,2.122547334954209e-06,1.987322000788117e-05,0.499281670416237,6.935296550282277e-09,0.4992816704162441,2.6320519398807075e-09,0.0014041591461476227,9.805874310262393e-08,2.9238684013396224e-07
Random6755
Raw:1.0104241096782794e-05,2.122547334954209e-06,1.987322000788117e-05,0.499281670416237,6.9352965502821786e-09,0.4992816704162441,2.6320519398807075e-09,0.0014041591461476227,9.805874310262393e-08,2.9238684013396224e-07
EFT:1.0104241096782794e-05,2.122547334954209e-06,1.987322000788117e-05,0.499281670416237,6.935296550282277e-09,0.4992816704162441,2.6320519398807075e-09,0.0014041591461476227,9.805874310262393e-08,2.9238684013396224e-07
Random6756
Raw:1.0104241096782938e-05,2.122547334954209e-06,1.987322000788117e-05,0.499281670416237,6.935296550282277e-09,0.4992816704162441,2.632051939880745e-09,0.0014041591461476227,9.805874310262532e-08,2.9238684013396224e-07
EFT:1.0104241096782794e-05,2.122547334954209e-06,1.987322000788117e-05,0.499281670416237,6.935296550282277e-09,0.4992816704162441,2.6320519398807075e-09,0.0014041591461476227,9.805874310262393e-08,2.9238684013396224e-07
Random6757
Raw:1.0104241096782794e-05,2.122547334954209e-06,1.987322000788117e-05,0.4992816704162441,6.935296550282277e-09,0.499281670416237,2.63205193988067e-09,0.0014041591461476227,9.805874310262393e-08,2.9238684013396224e-07
EFT:1.0104241096782794e-05,2.122547334954209e-06,1.987322000788117e-05,0.499281670416237,6.935296550282277e-09,0.4992816704162441,2.6320519398807075e-09,0.0014041591461476227,9.805874310262393e-08,2.9238684013396224e-07
Random6758
Raw:1.0104241096782938e-05,2.122547334954239e-06,1.987322000788117e-05,0.499281670416237,6.935296550282277e-09,0.4992816704162441,2.632051939880745e-09,0.0014041591461476427,9.805874310262393e-08,2.9238684013396637e-07
EFT:1.0104241096782794e-05,2.122547334954209e-06,1.987322000788117e-05,0.499281670416237,6.935296550282277e-09,0.4992816704162441,2.6320519398807075e-09,0.0014041591461476227,9.805874310262393e-08,2.9238684013396224e-07
Random6759
Raw:1.0104241096782867e-05,2.122547334954194e-06,1.9873220007881028e-05,0.49928167041624055,6.935296550282228e-09,0.49928167041624055,2.632051939880689e-09,0.0014041591461476327,9.805874310262323e-08,2.923868401339602e-07
EFT:1.0104241096782794e-05,2.122547334954209e-06,1.987322000788117e-05,0.499281670416237,6.935296550282277e-09,0.4992816704162441,2.6320519398807075e-09,0.0014041591461476227,9.805874310262393e-08,2.9238684013396224e-07
Random6760
Raw:1.0104241096782867e-05,2.122547334954224e-06,1.987322000788131e-05,0.49928167041624055,6.935296550282228e-09,0.49928167041624055,2.632051939880689e-09,0.0014041591461476327,9.805874310262323e-08,2.923868401339643e-07
EFT:1.0104241096782794e-05,2.122547334954209e-06,1.987322000788117e-05,0.499281670416237,6.935296550282277e-09,0.4992816704162441,2.6320519398807075e-09,0.0014041591461476227,9.805874310262393e-08,2.9238684013396224e-07
Random6761
Raw:1.0104241096782867e-05,2.122547334954224e-06,1.9873220007881028e-05,0.49928167041624055,6.935296550282326e-09,0.49928167041624055,2.6320519398807265e-09,0.0014041591461476128,9.805874310262462e-08,2.923868401339643e-07
EFT:1.0104241096782794e-05,2.122547334954209e-06,1.987322000788117e-05,0.499281670416237,6.935296550282277e-09,0.4992816704162441,2.6320519398807075e-09,0.0014041591461476227,9.805874310262393e-08,2.9238684013396224e-07
Random6762
Raw:1.0104241096782938e-05,2.122547334954209e-06,1.987322000788117e-05,0.499281670416237,6.935296550282277e-09,0.4992816704162441,2.632051939880745e-09,0.0014041591461476427,9.805874310262393e-08,2.9238684013396224e-07
EFT:1.0104241096782794e-05,2.122547334954209e-06,1.987322000788117e-05,0.499281670416237,6.935296550282277e-09,0.4992816704162441,2.6320519398807075e-09,0.0014041591461476227,9.805874310262393e-08,2.9238684013396224e-07
Random6763
Raw:1.0104241096782938e-05,2.122547334954209e-06,1.9873220007880885e-05,0.499281670416237,6.935296550282277e-09,0.4992816704162441,2.632051939880745e-09,0.0014041591461476227,9.805874310262532e-08,2.9238684013396224e-07
EFT:1.0104241096782794e-05,2.122547334954209e-06,1.987322000788117e-05,0.499281670416237,6.935296550282277e-09,0.4992816704162441,2.6320519398807075e-09,0.0014041591461476227,9.805874310262393e-08,2.9238684013396224e-07
Random6764
Raw:1.0104241096782867e-05,2.122547334954224e-06,1.987322000788131e-05,0.49928167041624055,6.935296550282326e-09,0.49928167041624055,2.6320519398807265e-09,0.0014041591461476327,9.805874310262323e-08,2.923868401339643e-07
EFT:1.0104241096782794e-05,2.122547334954209e-06,1.987322000788117e-05,0.499281670416237,6.935296550282277e-09,0.4992816704162441,2.6320519398807075e-09,0.0014041591461476227,9.805874310262393e-08,2.9238684013396224e-07
Random6765
Raw:1.0104241096782867e-05,2.122547334954194e-06,1.9873220007881028e-05,0.49928167041624055,6.935296550282326e-09,0.49928167041624055,2.6320519398807265e-09,0.0014041591461476128,9.805874310262602e-08,2.923868401339643e-07
EFT:1.0104241096782794e-05,2.122547334954209e-06,1.987322000788117e-05,0.499281670416237,6.935296550282277e-09,0.4992816704162441,2.6320519398807075e-09,0.0014041591461476227,9.805874310262393e-08,2.9238684013396224e-07
Random6766
Raw:1.0104241096782938e-05,2.122547334954209e-06,1.987322000788117e-05,0.499281670416237,6.9352965502823754e-09,0.4992816704162441,2.632051939880745e-09,0.0014041591461476227,9.805874310262393e-08,2.9238684013396637e-07
EFT:1.0104241096782794e-05,2.122547334954209e-06,1.987322000788117e-05,0.499281670416237,6.935296550282277e-09,0.4992816704162441,2.6320519398807075e-09,0.0014041591461476227,9.805874310262393e-08,2.9238684013396224e-07
Random6767
Raw:1.0104241096782867e-05,2.122547334954224e-06,1.987322000788131e-05,0.49928167041624055,6.935296550282326e-09,0.49928167041624055,2.6320519398807265e-09,0.0014041591461476327,9.805874310262323e-08,2.923868401339643e-07
EFT:1.0104241096782794e-05,2.122547334954209e-06,1.987322000788117e-05,0.499281670416237,6.935296550282277e-09,0.4992816704162441,2.6320519398807075e-09,0.0014041591461476227,9.805874310262393e-08,2.9238684013396224e-07
Random6768
Raw:1.0104241096782867e-05,2.122547334954224e-06,1.987322000788131e-05,0.49928167041624055,6.935296550282326e-09,0.49928167041624055,2.6320519398807265e-09,0.0014041591461476327,9.805874310262462e-08,2.923868401339643e-07
EFT:1.0104241096782794e-05,2.122547334954209e-06,1.987322000788117e-05,0.499281670416237,6.935296550282277e-09,0.4992816704162441,2.6320519398807075e-09,0.0014041591461476227,9.805874310262393e-08,2.9238684013396224e-07
Random6769
Raw:1.0104241096782938e-05,2.122547334954239e-06,1.987322000788145e-05,0.499281670416237,6.935296550282277e-09,0.4992816704162441,2.632051939880745e-09,0.0014041591461476227,9.805874310262532e-08,2.9238684013396224e-07
EFT:1.0104241096782794e-05,2.122547334954209e-06,1.987322000788117e-05,0.499281670416237,6.935296550282277e-09,0.4992816704162441,2.6320519398807075e-09,0.0014041591461476227,9.805874310262393e-08,2.9238684013396224e-07
Random6770
Raw:1.0104241096782867e-05,2.122547334954224e-06,1.9873220007881028e-05,0.49928167041624055,6.935296550282326e-09,0.49928167041624055,2.6320519398807265e-09,0.0014041591461476327,9.805874310262323e-08,2.923868401339643e-07
EFT:1.0104241096782794e-05,2.122547334954209e-06,1.987322000788117e-05,0.499281670416237,6.935296550282277e-09,0.4992816704162441,2.6320519398807075e-09,0.0014041591461476227,9.805874310262393e-08,2.9238684013396224e-07
Random6771
Raw:1.0104241096782938e-05,2.122547334954209e-06,1.987322000788117e-05,0.499281670416237,6.9352965502823754e-09,0.4992816704162441,2.6320519398807824e-09,0.0014041591461476227,9.805874310262532e-08,2.9238684013396637e-07
EFT:1.0104241096782794e-05,2.122547334954209e-06,1.987322000788117e-05,0.499281670416237,6.935296550282277e-09,0.4992816704162441,2.6320519398807075e-09,0.0014041591461476227,9.805874310262393e-08,2.9238684013396224e-07
Random6772
Raw:1.0104241096783009e-05,2.122547334954224e-06,1.987322000788131e-05,0.49928167041623345,6.935296550282327e-09,0.49928167041624766,2.6320519398807638e-09,0.0014041591461476327,9.805874310262462e-08,2.923868401339685e-07
EFT:1.0104241096782794e-05,2.122547334954209e-06,1.987322000788117e-05,0.499281670416237,6.935296550282277e-09,0.4992816704162441,2.6320519398807075e-09,0.0014041591461476227,9.805874310262393e-08,2.9238684013396224e-07
Random6773
Raw:1.0104241096782867e-05,2.122547334954224e-06,1.987322000788131e-05,0.49928167041624055,6.935296550282326e-09,0.49928167041624055,2.6320519398807638e-09,0.0014041591461476327,9.805874310262462e-08,2.923868401339643e-07
EFT:1.0104241096782794e-05,2.122547334954209e-06,1.987322000788117e-05,0.499281670416237,6.935296550282277e-09,0.4992816704162441,2.6320519398807075e-09,0.0014041591461476227,9.805874310262393e-08,2.9238684013396224e-07
Random6774
Raw:1.0104241096782794e-05,2.122547334954209e-06,1.987322000788117e-05,0.499281670416237,6.935296550282277e-09,0.4992816704162441,2.6320519398807075e-09,0.0014041591461476026,9.805874310262393e-08,2.9238684013396224e-07
EFT:1.0104241096782794e-05,2.122547334954209e-06,1.987322000788117e-05,0.499281670416237,6.935296550282277e-09,0.4992816704162441,2.6320519398807075e-09,0.0014041591461476227,9.805874310262393e-08,2.9238684013396224e-07
Random6775
Raw:1.0104241096782867e-05,2.122547334954224e-06,1.9873220007881028e-05,0.49928167041624055,6.935296550282326e-09,0.49928167041624055,2.6320519398807265e-09,0.0014041591461476327,9.805874310262323e-08,2.923868401339643e-07
EFT:1.0104241096782794e-05,2.122547334954209e-06,1.987322000788117e-05,0.499281670416237,6.935296550282277e-09,0.4992816704162441,2.6320519398807075e-09,0.0014041591461476227,9.805874310262393e-08,2.9238684013396224e-07
Random6776
Raw:1.0104241096782867e-05,2.122547334954224e-06,1.987322000788131e-05,0.49928167041624055,6.935296550282326e-09,0.49928167041624055,2.6320519398807638e-09,0.0014041591461476327,9.805874310262462e-08,2.923868401339643e-07
EFT:1.0104241096782794e-05,2.122547334954209e-06,1.987322000788117e-05,0.499281670416237,6.935296550282277e-09,0.4992816704162441,2.6320519398807075e-09,0.0014041591461476227,9.805874310262393e-08,2.9238684013396224e-07
Random6777
Raw:1.0104241096782867e-05,2.122547334954224e-06,1.987322000788131e-05,0.49928167041624055,6.935296550282326e-09,0.49928167041624055,2.6320519398807265e-09,0.0014041591461476327,9.805874310262462e-08,2.923868401339643e-07
EFT:1.0104241096782794e-05,2.122547334954209e-06,1.987322000788117e-05,0.499281670416237,6.935296550282277e-09,0.4992816704162441,2.6320519398807075e-09,0.0014041591461476227,9.805874310262393e-08,2.9238684013396224e-07
Random6778
Raw:1.0104241096783009e-05,2.122547334954194e-06,1.9873220007881028e-05,0.49928167041623345,6.935296550282327e-09,0.49928167041624766,2.6320519398807638e-09,0.0014041591461476327,9.805874310262462e-08,2.9238684013396436e-07
EFT:1.0104241096782794e-05,2.122547334954209e-06,1.987322000788117e-05,0.499281670416237,6.935296550282277e-09,0.4992816704162441,2.6320519398807075e-09,0.0014041591461476227,9.805874310262393e-08,2.9238684013396224e-07
Random6779
Raw:1.0104241096782938e-05,2.1225473349541788e-06,1.9873220007880885e-05,0.499281670416237,6.935296550282277e-09,0.4992816704162441,2.632051939880745e-09,0.0014041591461476026,9.805874310262532e-08,2.9238684013396224e-07
EFT:1.0104241096782794e-05,2.122547334954209e-06,1.987322000788117e-05,0.499281670416237,6.935296550282277e-09,0.4992816704162441,2.6320519398807075e-09,0.0014041591461476227,9.805874310262393e-08,2.9238684013396224e-07
Random6780
Raw:1.0104241096782867e-05,2.122547334954224e-06,1.987322000788131e-05,0.49928167041624055,6.935296550282326e-09,0.49928167041624055,2.6320519398807265e-09,0.0014041591461476327,9.805874310262602e-08,2.923868401339643e-07
EFT:1.0104241096782794e-05,2.122547334954209e-06,1.987322000788117e-05,0.499281670416237,6.935296550282277e-09,0.4992816704162441,2.6320519398807075e-09,0.0014041591461476227,9.805874310262393e-08,2.9238684013396224e-07
Random6781
Raw:1.0104241096782938e-05,2.1225473349541788e-06,1.9873220007880885e-05,0.499281670416237,6.935296550282277e-09,0.4992816704162441,2.632051939880745e-09,0.0014041591461476026,9.805874310262532e-08,2.9238684013396224e-07
EFT:1.0104241096782794e-05,2.122547334954209e-06,1.987322000788117e-05,0.499281670416237,6.935296550282277e-09,0.4992816704162441,2.6320519398807075e-09,0.0014041591461476227,9.805874310262393e-08,2.9238684013396224e-07
Random6782
Raw:1.0104241096782938e-05,2.122547334954239e-06,1.9873220007880885e-05,0.499281670416237,6.935296550282277e-09,0.4992816704162441,2.632051939880745e-09,0.0014041591461476227,9.805874310262532e-08,2.9238684013396224e-07
EFT:1.0104241096782794e-05,2.122547334954209e-06,1.987322000788117e-05,0.499281670416237,6.935296550282277e-09,0.4992816704162441,2.6320519398807075e-09,0.0014041591461476227,9.805874310262393e-08,2.9238684013396224e-07
Random6783
Raw:1.0104241096782938e-05,2.122547334954209e-06,1.987322000788117e-05,0.499281670416237,6.9352965502823754e-09,0.4992816704162441,2.632051939880745e-09,0.0014041591461476227,9.805874310262532e-08,2.9238684013396637e-07
EFT:1.0104241096782794e-05,2.122547334954209e-06,1.987322000788117e-05,0.499281670416237,6.935296550282277e-09,0.4992816704162441,2.6320519398807075e-09,0.0014041591461476227,9.805874310262393e-08,2.9238684013396224e-07
Random6784
Raw:1.0104241096782865e-05,2.122547334954194e-06,1.9873220007881028e-05,0.49928167041623345,6.935296550282327e-09,0.49928167041624766,2.632051939880726e-09,0.0014041591461476126,9.805874310262462e-08,2.9238684013396436e-07
EFT:1.0104241096782794e-05,2.122547334954209e-06,1.987322000788117e-05,0.499281670416237,6.935296550282277e-09,0.4992816704162441,2.6320519398807075e-09,0.0014041591461476227,9.805874310262393e-08,2.9238684013396224e-07
Random6785
Raw:1.0104241096782723e-05,2.122547334954194e-06,1.9873220007881028e-05,0.49928167041624055,6.93529655028213e-09,0.49928167041624055,2.632051939880689e-09,0.0014041591461476128,9.805874310262184e-08,2.923868401339602e-07
EFT:1.0104241096782794e-05,2.122547334954209e-06,1.987322000788117e-05,0.499281670416237,6.935296550282277e-09,0.4992816704162441,2.6320519398807075e-09,0.0014041591461476227,9.805874310262393e-08,2.9238684013396224e-07
Random6786
Raw:1.0104241096783009e-05,2.122547334954224e-06,1.9873220007881028e-05,0.49928167041623345,6.935296550282327e-09,0.49928167041624766,2.6320519398807638e-09,0.0014041591461476327,9.805874310262601e-08,2.9238684013396436e-07
EFT:1.0104241096782794e-05,2.122547334954209e-06,1.987322000788117e-05,0.499281670416237,6.935296550282277e-09,0.4992816704162441,2.6320519398807075e-09,0.0014041591461476227,9.805874310262393e-08,2.9238684013396224e-07
Random6787
Raw:1.0104241096782867e-05,2.122547334954194e-06,1.9873220007881028e-05,0.49928167041624055,6.935296550282228e-09,0.49928167041624055,2.632051939880689e-09,0.0014041591461476128,9.805874310262462e-08,2.923868401339602e-07
EFT:1.0104241096782794e-05,2.122547334954209e-06,1.987322000788117e-05,0.499281670416237,6.935296550282277e-09,0.4992816704162441,2.6320519398807075e-09,0.0014041591461476227,9.805874310262393e-08,2.9238684013396224e-07
Random6788
Raw:1.0104241096782794e-05,2.122547334954209e-06,1.987322000788117e-05,0.499281670416237,6.9352965502821786e-09,0.4992816704162441,2.6320519398807075e-09,0.0014041591461476227,9.805874310262393e-08,2.9238684013396224e-07
EFT:1.0104241096782794e-05,2.122547334954209e-06,1.987322000788117e-05,0.499281670416237,6.935296550282277e-09,0.4992816704162441,2.6320519398807075e-09,0.0014041591461476227,9.805874310262393e-08,2.9238684013396224e-07
Random6789
Raw:1.0104241096782938e-05,2.122547334954239e-06,1.987322000788145e-05,0.499281670416237,6.935296550282277e-09,0.4992816704162441,2.632051939880745e-09,0.0014041591461476427,9.805874310262532e-08,2.9238684013396224e-07
EFT:1.0104241096782794e-05,2.122547334954209e-06,1.987322000788117e-05,0.499281670416237,6.935296550282277e-09,0.4992816704162441,2.6320519398807075e-09,0.0014041591461476227,9.805874310262393e-08,2.9238684013396224e-07
Random6790
Raw:1.0104241096782938e-05,2.122547334954209e-06,1.9873220007880885e-05,0.499281670416237,6.935296550282277e-09,0.4992816704162441,2.632051939880745e-09,0.0014041591461476227,9.805874310262532e-08,2.9238684013396224e-07
EFT:1.0104241096782794e-05,2.122547334954209e-06,1.987322000788117e-05,0.499281670416237,6.935296550282277e-09,0.4992816704162441,2.6320519398807075e-09,0.0014041591461476227,9.805874310262393e-08,2.9238684013396224e-07
Random6791
Raw:1.010424109678301e-05,2.122547334954224e-06,1.987322000788131e-05,0.49928167041624055,6.935296550282425e-09,0.49928167041624055,2.6320519398807638e-09,0.0014041591461476327,9.805874310262602e-08,2.923868401339685e-07
EFT:1.0104241096782794e-05,2.122547334954209e-06,1.987322000788117e-05,0.499281670416237,6.935296550282277e-09,0.4992816704162441,2.6320519398807075e-09,0.0014041591461476227,9.805874310262393e-08,2.9238684013396224e-07
Random6792
Raw:1.0104241096782938e-05,2.122547334954239e-06,1.987322000788117e-05,0.499281670416237,6.935296550282277e-09,0.4992816704162441,2.632051939880745e-09,0.0014041591461476427,9.805874310262393e-08,2.9238684013396637e-07
EFT:1.0104241096782794e-05,2.122547334954209e-06,1.987322000788117e-05,0.499281670416237,6.935296550282277e-09,0.4992816704162441,2.6320519398807075e-09,0.0014041591461476227,9.805874310262393e-08,2.9238684013396224e-07
Random6793
Raw:1.0104241096782938e-05,2.122547334954209e-06,1.987322000788117e-05,0.499281670416237,6.9352965502823754e-09,0.4992816704162441,2.632051939880745e-09,0.0014041591461476227,9.805874310262393e-08,2.9238684013396637e-07
EFT:1.0104241096782794e-05,2.122547334954209e-06,1.987322000788117e-05,0.499281670416237,6.935296550282277e-09,0.4992816704162441,2.6320519398807075e-09,0.0014041591461476227,9.805874310262393e-08,2.9238684013396224e-07
Random6794
Raw:1.0104241096782867e-05,2.122547334954224e-06,1.987322000788131e-05,0.49928167041624055,6.935296550282228e-09,0.49928167041624055,2.632051939880689e-09,0.0014041591461476327,9.805874310262323e-08,2.923868401339643e-07
EFT:1.0104241096782794e-05,2.122547334954209e-06,1.987322000788117e-05,0.499281670416237,6.935296550282277e-09,0.4992816704162441,2.6320519398807075e-09,0.0014041591461476227,9.805874310262393e-08,2.9238684013396224e-07
Random6795
Raw:1.0104241096782867e-05,2.122547334954194e-06,1.9873220007881028e-05,0.49928167041624055,6.935296550282326e-09,0.49928167041624055,2.6320519398807265e-09,0.0014041591461476128,9.805874310262323e-08,2.923868401339643e-07
EFT:1.0104241096782794e-05,2.122547334954209e-06,1.987322000788117e-05,0.499281670416237,6.935296550282277e-09,0.4992816704162441,2.6320519398807075e-09,0.0014041591461476227,9.805874310262393e-08,2.9238684013396224e-07
Random6796
Raw:1.0104241096782938e-05,2.122547334954209e-06,1.987322000788117e-05,0.499281670416237,6.935296550282277e-09,0.4992816704162441,2.632051939880745e-09,0.0014041591461476227,9.805874310262532e-08,2.9238684013396224e-07
EFT:1.0104241096782794e-05,2.122547334954209e-06,1.987322000788117e-05,0.499281670416237,6.935296550282277e-09,0.4992816704162441,2.6320519398807075e-09,0.0014041591461476227,9.805874310262393e-08,2.9238684013396224e-07
Random6797
Raw:1.0104241096782938e-05,2.122547334954209e-06,1.987322000788117e-05,0.499281670416237,6.935296550282277e-09,0.4992816704162441,2.632051939880745e-09,0.0014041591461476427,9.805874310262393e-08,2.9238684013396224e-07
EFT:1.0104241096782794e-05,2.122547334954209e-06,1.987322000788117e-05,0.499281670416237,6.935296550282277e-09,0.4992816704162441,2.6320519398807075e-09,0.0014041591461476227,9.805874310262393e-08,2.9238684013396224e-07
Random6798
Raw:1.0104241096782867e-05,2.122547334954194e-06,1.9873220007881028e-05,0.49928167041624055,6.935296550282228e-09,0.49928167041624055,2.632051939880689e-09,0.0014041591461476128,9.805874310262462e-08,2.923868401339602e-07
EFT:1.0104241096782794e-05,2.122547334954209e-06,1.987322000788117e-05,0.499281670416237,6.935296550282277e-09,0.4992816704162441,2.6320519398807075e-09,0.0014041591461476227,9.805874310262393e-08,2.9238684013396224e-07
Random6799
Raw:1.0104241096782938e-05,2.122547334954239e-06,1.987322000788117e-05,0.499281670416237,6.9352965502823754e-09,0.4992816704162441,2.6320519398807824e-09,0.0014041591461476227,9.805874310262532e-08,2.9238684013396637e-07
EFT:1.0104241096782794e-05,2.122547334954209e-06,1.987322000788117e-05,0.499281670416237,6.935296550282277e-09,0.4992816704162441,2.6320519398807075e-09,0.0014041591461476227,9.805874310262393e-08,2.9238684013396224e-07
Random6800
Raw:1.0104241096782867e-05,2.122547334954224e-06,1.987322000788131e-05,0.49928167041624055,6.935296550282326e-09,0.49928167041624055,2.6320519398807265e-09,0.0014041591461476327,9.805874310262462e-08,2.923868401339643e-07
EFT:1.0104241096782794e-05,2.122547334954209e-06,1.987322000788117e-05,0.499281670416237,6.935296550282277e-09,0.4992816704162441,2.6320519398807075e-09,0.0014041591461476227,9.805874310262393e-08,2.9238684013396224e-07
Random6801
Raw:1.0104241096782794e-05,2.122547334954209e-06,1.9873220007880885e-05,0.499281670416237,6.935296550282277e-09,0.4992816704162441,2.6320519398807075e-09,0.0014041591461476026,9.805874310262393e-08,2.9238684013396224e-07
EFT:1.0104241096782794e-05,2.122547334954209e-06,1.987322000788117e-05,0.499281670416237,6.935296550282277e-09,0.4992816704162441,2.6320519398807075e-09,0.0014041591461476227,9.805874310262393e-08,2.9238684013396224e-07
Random6802
Raw:1.0104241096782865e-05,2.122547334954194e-06,1.9873220007881028e-05,0.49928167041623345,6.935296550282228e-09,0.49928167041624766,2.632051939880726e-09,0.0014041591461476126,9.805874310262462e-08,2.9238684013396436e-07
EFT:1.0104241096782794e-05,2.122547334954209e-06,1.987322000788117e-05,0.499281670416237,6.935296550282277e-09,0.4992816704162441,2.6320519398807075e-09,0.0014041591461476227,9.805874310262393e-08,2.9238684013396224e-07
Random6803
Raw:1.0104241096782867e-05,2.122547334954194e-06,1.9873220007881028e-05,0.49928167041624055,6.935296550282326e-09,0.49928167041624055,2.6320519398807265e-09,0.0014041591461476128,9.805874310262323e-08,2.923868401339643e-07
EFT:1.0104241096782794e-05,2.122547334954209e-06,1.987322000788117e-05,0.499281670416237,6.935296550282277e-09,0.4992816704162441,2.6320519398807075e-09,0.0014041591461476227,9.805874310262393e-08,2.9238684013396224e-07
Random6804
Raw:1.0104241096782794e-05,2.122547334954209e-06,1.987322000788117e-05,0.499281670416237,6.935296550282277e-09,0.4992816704162441,2.6320519398807075e-09,0.0014041591461476227,9.805874310262393e-08,2.9238684013396224e-07
EFT:1.0104241096782794e-05,2.122547334954209e-06,1.987322000788117e-05,0.499281670416237,6.935296550282277e-09,0.4992816704162441,2.6320519398807075e-09,0.0014041591461476227,9.805874310262393e-08,2.9238684013396224e-07
Random6805
Raw:1.0104241096782723e-05,2.122547334954194e-06,1.9873220007881028e-05,0.49928167041624055,6.935296550282228e-09,0.49928167041624055,2.6320519398806513e-09,0.0014041591461476128,9.805874310262323e-08,2.923868401339602e-07
EFT:1.0104241096782794e-05,2.122547334954209e-06,1.987322000788117e-05,0.499281670416237,6.935296550282277e-09,0.4992816704162441,2.6320519398807075e-09,0.0014041591461476227,9.805874310262393e-08,2.9238684013396224e-07
Random6806
Raw:1.0104241096782938e-05,2.122547334954209e-06,1.9873220007880885e-05,0.499281670416237,6.935296550282277e-09,0.4992816704162441,2.632051939880745e-09,0.0014041591461476227,9.805874310262393e-08,2.9238684013396224e-07
EFT:1.0104241096782794e-05,2.122547334954209e-06,1.987322000788117e-05,0.499281670416237,6.935296550282277e-09,0.4992816704162441,2.6320519398807075e-09,0.0014041591461476227,9.805874310262393e-08,2.9238684013396224e-07
Random6807
Raw:1.0104241096783009e-05,2.122547334954224e-06,1.987322000788131e-05,0.49928167041623345,6.935296550282327e-09,0.49928167041624766,2.6320519398807638e-09,0.0014041591461476327,9.805874310262462e-08,2.923868401339685e-07
EFT:1.0104241096782794e-05,2.122547334954209e-06,1.987322000788117e-05,0.499281670416237,6.935296550282277e-09,0.4992816704162441,2.6320519398807075e-09,0.0014041591461476227,9.805874310262393e-08,2.9238684013396224e-07
Random6808
Raw:1.0104241096782938e-05,2.122547334954209e-06,1.9873220007880885e-05,0.499281670416237,6.935296550282277e-09,0.4992816704162441,2.632051939880745e-09,0.0014041591461476227,9.805874310262532e-08,2.9238684013396224e-07
EFT:1.0104241096782794e-05,2.122547334954209e-06,1.987322000788117e-05,0.499281670416237,6.935296550282277e-09,0.4992816704162441,2.6320519398807075e-09,0.0014041591461476227,9.805874310262393e-08,2.9238684013396224e-07
Random6809
Raw:1.0104241096782938e-05,2.122547334954239e-06,1.987322000788117e-05,0.499281670416237,6.935296550282277e-09,0.4992816704162441,2.632051939880745e-09,0.0014041591461476427,9.805874310262532e-08,2.9238684013396224e-07
EFT:1.0104241096782794e-05,2.122547334954209e-06,1.987322000788117e-05,0.499281670416237,6.935296550282277e-09,0.4992816704162441,2.6320519398807075e-09,0.0014041591461476227,9.805874310262393e-08,2.9238684013396224e-07
Random6810
Raw:1.0104241096782794e-05,2.1225473349541788e-06,1.9873220007880885e-05,0.499281670416237,6.9352965502821786e-09,0.4992816704162441,2.632051939880745e-09,0.0014041591461476026,9.805874310262254e-08,2.9238684013396224e-07
EFT:1.0104241096782794e-05,2.122547334954209e-06,1.987322000788117e-05,0.499281670416237,6.935296550282277e-09,0.4992816704162441,2.6320519398807075e-09,0.0014041591461476227,9.805874310262393e-08,2.9238684013396224e-07
Random6811
Raw:1.0104241096782938e-05,2.122547334954209e-06,1.987322000788117e-05,0.499281670416237,6.935296550282277e-09,0.4992816704162441,2.632051939880745e-09,0.0014041591461476227,9.805874310262532e-08,2.9238684013396224e-07
EFT:1.0104241096782794e-05,2.122547334954209e-06,1.987322000788117e-05,0.499281670416237,6.935296550282277e-09,0.4992816704162441,2.6320519398807075e-09,0.0014041591461476227,9.805874310262393e-08,2.9238684013396224e-07
Random6812
Raw:1.0104241096782865e-05,2.122547334954194e-06,1.9873220007881028e-05,0.49928167041623345,6.935296550282327e-09,0.49928167041624766,2.632051939880726e-09,0.0014041591461476126,9.805874310262462e-08,2.9238684013396436e-07
EFT:1.0104241096782794e-05,2.122547334954209e-06,1.987322000788117e-05,0.499281670416237,6.935296550282277e-09,0.4992816704162441,2.6320519398807075e-09,0.0014041591461476227,9.805874310262393e-08,2.9238684013396224e-07
Random6813
Raw:1.0104241096783082e-05,2.1225473349542093e-06,1.9873220007881167e-05,0.4992816704162299,6.9352965502823754e-09,0.49928167041625116,2.6320519398808196e-09,0.0014041591461476026,9.805874310262671e-08,2.923868401339664e-07
EFT:1.0104241096782794e-05,2.122547334954209e-06,1.987322000788117e-05,0.499281670416237,6.935296550282277e-09,0.4992816704162441,2.6320519398807075e-09,0.0014041591461476227,9.805874310262393e-08,2.9238684013396224e-07
Random6814
Raw:1.0104241096782938e-05,2.122547334954209e-06,1.987322000788117e-05,0.499281670416237,6.935296550282277e-09,0.4992816704162441,2.632051939880745e-09,0.0014041591461476227,9.805874310262532e-08,2.9238684013396224e-07
EFT:1.0104241096782794e-05,2.122547334954209e-06,1.987322000788117e-05,0.499281670416237,6.935296550282277e-09,0.4992816704162441,2.6320519398807075e-09,0.0014041591461476227,9.805874310262393e-08,2.9238684013396224e-07
Random6815
Raw:1.0104241096782938e-05,2.1225473349541788e-06,1.9873220007880885e-05,0.499281670416237,6.935296550282277e-09,0.4992816704162441,2.632051939880745e-09,0.0014041591461476026,9.805874310262532e-08,2.9238684013396224e-07
EFT:1.0104241096782794e-05,2.122547334954209e-06,1.987322000788117e-05,0.499281670416237,6.935296550282277e-09,0.4992816704162441,2.6320519398807075e-09,0.0014041591461476227,9.805874310262393e-08,2.9238684013396224e-07
Random6816
Raw:1.0104241096782938e-05,2.122547334954239e-06,1.987322000788117e-05,0.499281670416237,6.9352965502823754e-09,0.4992816704162441,2.632051939880745e-09,0.0014041591461476227,9.805874310262532e-08,2.9238684013396637e-07
EFT:1.0104241096782794e-05,2.122547334954209e-06,1.987322000788117e-05,0.499281670416237,6.935296550282277e-09,0.4992816704162441,2.6320519398807075e-09,0.0014041591461476227,9.805874310262393e-08,2.9238684013396224e-07
Random6817
Raw:1.0104241096782938e-05,2.122547334954239e-06,1.9873220007880885e-05,0.499281670416237,6.935296550282277e-09,0.4992816704162441,2.632051939880745e-09,0.0014041591461476227,9.805874310262532e-08,2.9238684013396224e-07
EFT:1.0104241096782794e-05,2.122547334954209e-06,1.987322000788117e-05,0.499281670416237,6.935296550282277e-09,0.4992816704162441,2.6320519398807075e-09,0.0014041591461476227,9.805874310262393e-08,2.9238684013396224e-07
Random6818
Raw:1.0104241096782794e-05,2.122547334954209e-06,1.9873220007880885e-05,0.499281670416237,6.935296550282277e-09,0.4992816704162441,2.632051939880745e-09,0.0014041591461476227,9.805874310262254e-08,2.9238684013396224e-07
EFT:1.0104241096782794e-05,2.122547334954209e-06,1.987322000788117e-05,0.499281670416237,6.935296550282277e-09,0.4992816704162441,2.6320519398807075e-09,0.0014041591461476227,9.805874310262393e-08,2.9238684013396224e-07
Random6819
Raw:1.0104241096783009e-05,2.122547334954224e-06,1.987322000788131e-05,0.49928167041623345,6.935296550282327e-09,0.49928167041624766,2.6320519398807638e-09,0.0014041591461476327,9.805874310262462e-08,2.923868401339685e-07
EFT:1.0104241096782794e-05,2.122547334954209e-06,1.987322000788117e-05,0.499281670416237,6.935296550282277e-09,0.4992816704162441,2.6320519398807075e-09,0.0014041591461476227,9.805874310262393e-08,2.9238684013396224e-07
Random6820
Raw:1.0104241096782938e-05,2.122547334954209e-06,1.987322000788117e-05,0.499281670416237,6.9352965502823754e-09,0.4992816704162441,2.6320519398807824e-09,0.0014041591461476227,9.805874310262532e-08,2.9238684013396637e-07
EFT:1.0104241096782794e-05,2.122547334954209e-06,1.987322000788117e-05,0.499281670416237,6.935296550282277e-09,0.4992816704162441,2.6320519398807075e-09,0.0014041591461476227,9.805874310262393e-08,2.9238684013396224e-07
Random6821
Raw:1.0104241096782938e-05,2.122547334954209e-06,1.987322000788117e-05,0.499281670416237,6.935296550282277e-09,0.4992816704162441,2.632051939880745e-09,0.0014041591461476227,9.805874310262532e-08,2.9238684013396224e-07
EFT:1.0104241096782794e-05,2.122547334954209e-06,1.987322000788117e-05,0.499281670416237,6.935296550282277e-09,0.4992816704162441,2.6320519398807075e-09,0.0014041591461476227,9.805874310262393e-08,2.9238684013396224e-07
Random6822
Raw:1.0104241096782938e-05,2.122547334954209e-06,1.987322000788117e-05,0.499281670416237,6.935296550282277e-09,0.4992816704162441,2.632051939880745e-09,0.0014041591461476227,9.805874310262393e-08,2.9238684013396637e-07
EFT:1.0104241096782794e-05,2.122547334954209e-06,1.987322000788117e-05,0.499281670416237,6.935296550282277e-09,0.4992816704162441,2.6320519398807075e-09,0.0014041591461476227,9.805874310262393e-08,2.9238684013396224e-07
Random6823
Raw:1.0104241096782867e-05,2.122547334954194e-06,1.9873220007881028e-05,0.49928167041624055,6.935296550282326e-09,0.49928167041624055,2.6320519398807265e-09,0.0014041591461476128,9.805874310262602e-08,2.923868401339643e-07
EFT:1.0104241096782794e-05,2.122547334954209e-06,1.987322000788117e-05,0.499281670416237,6.935296550282277e-09,0.4992816704162441,2.6320519398807075e-09,0.0014041591461476227,9.805874310262393e-08,2.9238684013396224e-07
Random6824
Raw:1.0104241096782867e-05,2.122547334954224e-06,1.987322000788131e-05,0.49928167041624055,6.935296550282326e-09,0.49928167041624055,2.6320519398807265e-09,0.0014041591461476327,9.805874310262462e-08,2.923868401339643e-07
EFT:1.0104241096782794e-05,2.122547334954209e-06,1.987322000788117e-05,0.499281670416237,6.935296550282277e-09,0.4992816704162441,2.6320519398807075e-09,0.0014041591461476227,9.805874310262393e-08,2.9238684013396224e-07
Random6825
Raw:1.0104241096783009e-05,2.122547334954194e-06,1.9873220007881028e-05,0.49928167041623345,6.935296550282424e-09,0.49928167041624766,2.632051939880801e-09,0.0014041591461476126,9.805874310262741e-08,2.923868401339685e-07
EFT:1.0104241096782794e-05,2.122547334954209e-06,1.987322000788117e-05,0.499281670416237,6.935296550282277e-09,0.4992816704162441,2.6320519398807075e-09,0.0014041591461476227,9.805874310262393e-08,2.9238684013396224e-07
Random6826
Raw:1.0104241096782938e-05,2.122547334954239e-06,1.9873220007880885e-05,0.499281670416237,6.935296550282277e-09,0.4992816704162441,2.632051939880745e-09,0.0014041591461476227,9.805874310262532e-08,2.9238684013396224e-07
EFT:1.0104241096782794e-05,2.122547334954209e-06,1.987322000788117e-05,0.499281670416237,6.935296550282277e-09,0.4992816704162441,2.6320519398807075e-09,0.0014041591461476227,9.805874310262393e-08,2.9238684013396224e-07
Random6827
Raw:1.0104241096782938e-05,2.122547334954209e-06,1.987322000788117e-05,0.499281670416237,6.935296550282277e-09,0.4992816704162441,2.632051939880745e-09,0.0014041591461476427,9.805874310262393e-08,2.9238684013396224e-07
EFT:1.0104241096782794e-05,2.122547334954209e-06,1.987322000788117e-05,0.499281670416237,6.935296550282277e-09,0.4992816704162441,2.6320519398807075e-09,0.0014041591461476227,9.805874310262393e-08,2.9238684013396224e-07
Random6828
Raw:1.0104241096782938e-05,2.122547334954239e-06,1.987322000788145e-05,0.499281670416237,6.935296550282277e-09,0.4992816704162441,2.632051939880745e-09,0.0014041591461476427,9.805874310262393e-08,2.9238684013396637e-07
EFT:1.0104241096782794e-05,2.122547334954209e-06,1.987322000788117e-05,0.499281670416237,6.935296550282277e-09,0.4992816704162441,2.6320519398807075e-09,0.0014041591461476227,9.805874310262393e-08,2.9238684013396224e-07
Random6829
Raw:1.0104241096782938e-05,2.122547334954209e-06,1.987322000788117e-05,0.499281670416237,6.9352965502823754e-09,0.4992816704162441,2.632051939880745e-09,0.0014041591461476227,9.805874310262672e-08,2.9238684013396637e-07
EFT:1.0104241096782794e-05,2.122547334954209e-06,1.987322000788117e-05,0.499281670416237,6.935296550282277e-09,0.4992816704162441,2.6320519398807075e-09,0.0014041591461476227,9.805874310262393e-08,2.9238684013396224e-07
Random6830
Raw:1.0104241096782938e-05,2.122547334954239e-06,1.987322000788145e-05,0.499281670416237,6.935296550282277e-09,0.4992816704162441,2.632051939880745e-09,0.0014041591461476427,9.805874310262393e-08,2.9238684013396637e-07
EFT:1.0104241096782794e-05,2.122547334954209e-06,1.987322000788117e-05,0.499281670416237,6.935296550282277e-09,0.4992816704162441,2.6320519398807075e-09,0.0014041591461476227,9.805874310262393e-08,2.9238684013396224e-07
Random6831
Raw:1.0104241096782938e-05,2.1225473349541788e-06,1.9873220007880885e-05,0.499281670416237,6.935296550282277e-09,0.4992816704162441,2.632051939880745e-09,0.0014041591461476026,9.805874310262532e-08,2.9238684013396224e-07
EFT:1.0104241096782794e-05,2.122547334954209e-06,1.987322000788117e-05,0.499281670416237,6.935296550282277e-09,0.4992816704162441,2.6320519398807075e-09,0.0014041591461476227,9.805874310262393e-08,2.9238684013396224e-07
Random6832
Raw:1.0104241096782794e-05,2.122547334954209e-06,1.987322000788117e-05,0.499281670416237,6.935296550282277e-09,0.4992816704162441,2.6320519398807075e-09,0.0014041591461476227,9.805874310262393e-08,2.9238684013396224e-07
EFT:1.0104241096782794e-05,2.122547334954209e-06,1.987322000788117e-05,0.499281670416237,6.935296550282277e-09,0.4992816704162441,2.6320519398807075e-09,0.0014041591461476227,9.805874310262393e-08,2.9238684013396224e-07
Random6833
Raw:1.0104241096782938e-05,2.122547334954209e-06,1.987322000788117e-05,0.499281670416237,6.9352965502823754e-09,0.4992816704162441,2.632051939880745e-09,0.0014041591461476227,9.805874310262532e-08,2.9238684013396637e-07
EFT:1.0104241096782794e-05,2.122547334954209e-06,1.987322000788117e-05,0.499281670416237,6.935296550282277e-09,0.4992816704162441,2.6320519398807075e-09,0.0014041591461476227,9.805874310262393e-08,2.9238684013396224e-07
Random6834
Raw:1.0104241096782938e-05,2.122547334954209e-06,1.9873220007880885e-05,0.499281670416237,6.935296550282277e-09,0.4992816704162441,2.632051939880745e-09,0.0014041591461476227,9.805874310262532e-08,2.9238684013396224e-07
EFT:1.0104241096782794e-05,2.122547334954209e-06,1.987322000788117e-05,0.499281670416237,6.935296550282277e-09,0.4992816704162441,2.6320519398807075e-09,0.0014041591461476227,9.805874310262393e-08,2.9238684013396224e-07
Random6835
Raw:1.0104241096782867e-05,2.122547334954224e-06,1.987322000788131e-05,0.49928167041624055,6.935296550282326e-09,0.49928167041624055,2.6320519398807265e-09,0.0014041591461476327,9.805874310262462e-08,2.923868401339643e-07
EFT:1.0104241096782794e-05,2.122547334954209e-06,1.987322000788117e-05,0.499281670416237,6.935296550282277e-09,0.4992816704162441,2.6320519398807075e-09,0.0014041591461476227,9.805874310262393e-08,2.9238684013396224e-07
Random6836
Raw:1.0104241096782867e-05,2.122547334954224e-06,1.987322000788131e-05,0.49928167041624055,6.935296550282326e-09,0.49928167041624055,2.6320519398807265e-09,0.0014041591461476327,9.805874310262462e-08,2.923868401339643e-07
EFT:1.0104241096782794e-05,2.122547334954209e-06,1.987322000788117e-05,0.499281670416237,6.935296550282277e-09,0.4992816704162441,2.6320519398807075e-09,0.0014041591461476227,9.805874310262393e-08,2.9238684013396224e-07
Random6837
Raw:1.0104241096782938e-05,2.122547334954239e-06,1.987322000788117e-05,0.499281670416237,6.935296550282277e-09,0.4992816704162441,2.632051939880745e-09,0.0014041591461476427,9.805874310262532e-08,2.9238684013396224e-07
EFT:1.0104241096782794e-05,2.122547334954209e-06,1.987322000788117e-05,0.499281670416237,6.935296550282277e-09,0.4992816704162441,2.6320519398807075e-09,0.0014041591461476227,9.805874310262393e-08,2.9238684013396224e-07
Random6838
Raw:1.0104241096782938e-05,2.122547334954239e-06,1.987322000788145e-05,0.499281670416237,6.935296550282277e-09,0.4992816704162441,2.632051939880745e-09,0.0014041591461476427,9.805874310262393e-08,2.9238684013396637e-07
EFT:1.0104241096782794e-05,2.122547334954209e-06,1.987322000788117e-05,0.499281670416237,6.935296550282277e-09,0.4992816704162441,2.6320519398807075e-09,0.0014041591461476227,9.805874310262393e-08,2.9238684013396224e-07
Random6839
Raw:1.0104241096782867e-05,2.122547334954224e-06,1.987322000788131e-05,0.49928167041624055,6.935296550282326e-09,0.49928167041624055,2.6320519398807265e-09,0.0014041591461476327,9.805874310262602e-08,2.923868401339643e-07
EFT:1.0104241096782794e-05,2.122547334954209e-06,1.987322000788117e-05,0.499281670416237,6.935296550282277e-09,0.4992816704162441,2.6320519398807075e-09,0.0014041591461476227,9.805874310262393e-08,2.9238684013396224e-07
Random6840
Raw:1.0104241096782865e-05,2.122547334954194e-06,1.9873220007880747e-05,0.49928167041623345,6.935296550282228e-09,0.49928167041624766,2.6320519398807638e-09,0.0014041591461476126,9.805874310262324e-08,2.9238684013396436e-07
EFT:1.0104241096782794e-05,2.122547334954209e-06,1.987322000788117e-05,0.499281670416237,6.935296550282277e-09,0.4992816704162441,2.6320519398807075e-09,0.0014041591461476227,9.805874310262393e-08,2.9238684013396224e-07
Random6841
Raw:1.0104241096782867e-05,2.122547334954224e-06,1.987322000788131e-05,0.49928167041624055,6.935296550282326e-09,0.49928167041624055,2.6320519398807265e-09,0.0014041591461476327,9.805874310262462e-08,2.923868401339643e-07
EFT:1.0104241096782794e-05,2.122547334954209e-06,1.987322000788117e-05,0.499281670416237,6.935296550282277e-09,0.4992816704162441,2.6320519398807075e-09,0.0014041591461476227,9.805874310262393e-08,2.9238684013396224e-07
Random6842
Raw:1.0104241096782938e-05,2.122547334954209e-06,1.9873220007880885e-05,0.499281670416237,6.935296550282277e-09,0.4992816704162441,2.632051939880745e-09,0.0014041591461476227,9.805874310262532e-08,2.9238684013396224e-07
EFT:1.0104241096782794e-05,2.122547334954209e-06,1.987322000788117e-05,0.499281670416237,6.935296550282277e-09,0.4992816704162441,2.6320519398807075e-09,0.0014041591461476227,9.805874310262393e-08,2.9238684013396224e-07
Random6843
Raw:1.0104241096782938e-05,2.122547334954239e-06,1.987322000788145e-05,0.499281670416237,6.935296550282277e-09,0.4992816704162441,2.632051939880745e-09,0.0014041591461476427,9.805874310262393e-08,2.9238684013396637e-07
EFT:1.0104241096782794e-05,2.122547334954209e-06,1.987322000788117e-05,0.499281670416237,6.935296550282277e-09,0.4992816704162441,2.6320519398807075e-09,0.0014041591461476227,9.805874310262393e-08,2.9238684013396224e-07
Random6844
Raw:1.0104241096782938e-05,2.122547334954209e-06,1.987322000788117e-05,0.499281670416237,6.9352965502823754e-09,0.4992816704162441,2.632051939880745e-09,0.0014041591461476227,9.805874310262393e-08,2.9238684013396637e-07
EFT:1.0104241096782794e-05,2.122547334954209e-06,1.987322000788117e-05,0.499281670416237,6.935296550282277e-09,0.4992816704162441,2.6320519398807075e-09,0.0014041591461476227,9.805874310262393e-08,2.9238684013396224e-07
Random6845
Raw:1.0104241096783009e-05,2.122547334954194e-06,1.9873220007881028e-05,0.49928167041623345,6.935296550282327e-09,0.49928167041624766,2.6320519398807638e-09,0.0014041591461476126,9.805874310262601e-08,2.9238684013396436e-07
EFT:1.0104241096782794e-05,2.122547334954209e-06,1.987322000788117e-05,0.499281670416237,6.935296550282277e-09,0.4992816704162441,2.6320519398807075e-09,0.0014041591461476227,9.805874310262393e-08,2.9238684013396224e-07
Random6846
Raw:1.0104241096782794e-05,2.122547334954209e-06,1.987322000788117e-05,0.499281670416237,6.935296550282277e-09,0.4992816704162441,2.6320519398807075e-09,0.0014041591461476026,9.805874310262393e-08,2.9238684013396224e-07
EFT:1.0104241096782794e-05,2.122547334954209e-06,1.987322000788117e-05,0.499281670416237,6.935296550282277e-09,0.4992816704162441,2.6320519398807075e-09,0.0014041591461476227,9.805874310262393e-08,2.9238684013396224e-07
Random6847
Raw:1.0104241096782938e-05,2.122547334954209e-06,1.987322000788117e-05,0.499281670416237,6.9352965502823754e-09,0.4992816704162441,2.632051939880745e-09,0.0014041591461476227,9.805874310262393e-08,2.9238684013396637e-07
EFT:1.0104241096782794e-05,2.122547334954209e-06,1.987322000788117e-05,0.499281670416237,6.935296550282277e-09,0.4992816704162441,2.6320519398807075e-09,0.0014041591461476227,9.805874310262393e-08,2.9238684013396224e-07
Random6848
Raw:1.0104241096782938e-05,2.122547334954209e-06,1.987322000788117e-05,0.499281670416237,6.935296550282277e-09,0.4992816704162441,2.632051939880745e-09,0.0014041591461476427,9.805874310262393e-08,2.9238684013396224e-07
EFT:1.0104241096782794e-05,2.122547334954209e-06,1.987322000788117e-05,0.499281670416237,6.935296550282277e-09,0.4992816704162441,2.6320519398807075e-09,0.0014041591461476227,9.805874310262393e-08,2.9238684013396224e-07
Random6849
Raw:1.0104241096782865e-05,2.122547334954194e-06,1.9873220007881028e-05,0.49928167041623345,6.935296550282327e-09,0.49928167041624766,2.6320519398807638e-09,0.0014041591461476126,9.805874310262324e-08,2.9238684013396436e-07
EFT:1.0104241096782794e-05,2.122547334954209e-06,1.987322000788117e-05,0.499281670416237,6.935296550282277e-09,0.4992816704162441,2.6320519398807075e-09,0.0014041591461476227,9.805874310262393e-08,2.9238684013396224e-07
Random6850
Raw:1.0104241096782794e-05,2.122547334954209e-06,1.987322000788117e-05,0.499281670416237,6.9352965502821786e-09,0.4992816704162441,2.6320519398807075e-09,0.0014041591461476026,9.805874310262393e-08,2.9238684013396224e-07
EFT:1.0104241096782794e-05,2.122547334954209e-06,1.987322000788117e-05,0.499281670416237,6.935296550282277e-09,0.4992816704162441,2.6320519398807075e-09,0.0014041591461476227,9.805874310262393e-08,2.9238684013396224e-07
Random6851
Raw:1.0104241096782938e-05,2.122547334954209e-06,1.987322000788117e-05,0.499281670416237,6.935296550282277e-09,0.4992816704162441,2.632051939880745e-09,0.0014041591461476227,9.805874310262532e-08,2.9238684013396224e-07
EFT:1.0104241096782794e-05,2.122547334954209e-06,1.987322000788117e-05,0.499281670416237,6.935296550282277e-09,0.4992816704162441,2.6320519398807075e-09,0.0014041591461476227,9.805874310262393e-08,2.9238684013396224e-07
Random6852
Raw:1.0104241096782867e-05,2.122547334954224e-06,1.987322000788131e-05,0.49928167041624055,6.935296550282326e-09,0.49928167041624055,2.6320519398807265e-09,0.0014041591461476327,9.805874310262462e-08,2.923868401339643e-07
EFT:1.0104241096782794e-05,2.122547334954209e-06,1.987322000788117e-05,0.499281670416237,6.935296550282277e-09,0.4992816704162441,2.6320519398807075e-09,0.0014041591461476227,9.805874310262393e-08,2.9238684013396224e-07
Random6853
Raw:1.0104241096783009e-05,2.122547334954194e-06,1.9873220007881028e-05,0.49928167041623345,6.935296550282327e-09,0.49928167041624766,2.6320519398807638e-09,0.0014041591461476327,9.805874310262462e-08,2.9238684013396436e-07
EFT:1.0104241096782794e-05,2.122547334954209e-06,1.987322000788117e-05,0.499281670416237,6.935296550282277e-09,0.4992816704162441,2.6320519398807075e-09,0.0014041591461476227,9.805874310262393e-08,2.9238684013396224e-07
Random6854
Raw:1.0104241096782938e-05,2.122547334954239e-06,1.987322000788145e-05,0.499281670416237,6.935296550282277e-09,0.4992816704162441,2.632051939880745e-09,0.0014041591461476427,9.805874310262393e-08,2.9238684013396637e-07
EFT:1.0104241096782794e-05,2.122547334954209e-06,1.987322000788117e-05,0.499281670416237,6.935296550282277e-09,0.4992816704162441,2.6320519398807075e-09,0.0014041591461476227,9.805874310262393e-08,2.9238684013396224e-07
Random6855
Raw:1.0104241096782938e-05,2.122547334954209e-06,1.987322000788117e-05,0.499281670416237,6.935296550282277e-09,0.4992816704162441,2.632051939880745e-09,0.0014041591461476427,9.805874310262393e-08,2.9238684013396224e-07
EFT:1.0104241096782794e-05,2.122547334954209e-06,1.987322000788117e-05,0.499281670416237,6.935296550282277e-09,0.4992816704162441,2.6320519398807075e-09,0.0014041591461476227,9.805874310262393e-08,2.9238684013396224e-07
Random6856
Raw:1.0104241096782938e-05,2.122547334954209e-06,1.987322000788117e-05,0.499281670416237,6.935296550282277e-09,0.4992816704162441,2.632051939880745e-09,0.0014041591461476427,9.805874310262393e-08,2.9238684013396224e-07
EFT:1.0104241096782794e-05,2.122547334954209e-06,1.987322000788117e-05,0.499281670416237,6.935296550282277e-09,0.4992816704162441,2.6320519398807075e-09,0.0014041591461476227,9.805874310262393e-08,2.9238684013396224e-07
Random6857
Raw:1.0104241096782938e-05,2.122547334954209e-06,1.987322000788117e-05,0.499281670416237,6.935296550282277e-09,0.4992816704162441,2.632051939880745e-09,0.0014041591461476427,9.805874310262393e-08,2.9238684013396224e-07
EFT:1.0104241096782794e-05,2.122547334954209e-06,1.987322000788117e-05,0.499281670416237,6.935296550282277e-09,0.4992816704162441,2.6320519398807075e-09,0.0014041591461476227,9.805874310262393e-08,2.9238684013396224e-07
Random6858
Raw:1.0104241096783009e-05,2.122547334954224e-06,1.987322000788131e-05,0.49928167041623345,6.935296550282327e-09,0.49928167041624766,2.6320519398807638e-09,0.0014041591461476327,9.805874310262462e-08,2.923868401339685e-07
EFT:1.0104241096782794e-05,2.122547334954209e-06,1.987322000788117e-05,0.499281670416237,6.935296550282277e-09,0.4992816704162441,2.6320519398807075e-09,0.0014041591461476227,9.805874310262393e-08,2.9238684013396224e-07
Random6859
Raw:1.0104241096783009e-05,2.122547334954194e-06,1.9873220007881028e-05,0.49928167041623345,6.935296550282327e-09,0.49928167041624766,2.6320519398807638e-09,0.0014041591461476126,9.805874310262601e-08,2.9238684013396436e-07
EFT:1.0104241096782794e-05,2.122547334954209e-06,1.987322000788117e-05,0.499281670416237,6.935296550282277e-09,0.4992816704162441,2.6320519398807075e-09,0.0014041591461476227,9.805874310262393e-08,2.9238684013396224e-07
Random6860
Raw:1.0104241096782867e-05,2.122547334954194e-06,1.9873220007881028e-05,0.49928167041624055,6.935296550282228e-09,0.49928167041624055,2.632051939880689e-09,0.0014041591461476327,9.805874310262323e-08,2.923868401339602e-07
EFT:1.0104241096782794e-05,2.122547334954209e-06,1.987322000788117e-05,0.499281670416237,6.935296550282277e-09,0.4992816704162441,2.6320519398807075e-09,0.0014041591461476227,9.805874310262393e-08,2.9238684013396224e-07
Random6861
Raw:1.0104241096782867e-05,2.122547334954224e-06,1.987322000788131e-05,0.49928167041624055,6.935296550282326e-09,0.49928167041624055,2.6320519398807265e-09,0.0014041591461476327,9.805874310262462e-08,2.923868401339643e-07
EFT:1.0104241096782794e-05,2.122547334954209e-06,1.987322000788117e-05,0.499281670416237,6.935296550282277e-09,0.4992816704162441,2.6320519398807075e-09,0.0014041591461476227,9.805874310262393e-08,2.9238684013396224e-07
Random6862
Raw:1.0104241096782938e-05,2.122547334954209e-06,1.987322000788117e-05,0.499281670416237,6.9352965502823754e-09,0.4992816704162441,2.632051939880745e-09,0.0014041591461476227,9.805874310262393e-08,2.9238684013396637e-07
EFT:1.0104241096782794e-05,2.122547334954209e-06,1.987322000788117e-05,0.499281670416237,6.935296550282277e-09,0.4992816704162441,2.6320519398807075e-09,0.0014041591461476227,9.805874310262393e-08,2.9238684013396224e-07
Random6863
Raw:1.0104241096782794e-05,2.122547334954209e-06,1.987322000788117e-05,0.499281670416237,6.935296550282277e-09,0.4992816704162441,2.6320519398807075e-09,0.0014041591461476227,9.805874310262393e-08,2.9238684013396224e-07
EFT:1.0104241096782794e-05,2.122547334954209e-06,1.987322000788117e-05,0.499281670416237,6.935296550282277e-09,0.4992816704162441,2.6320519398807075e-09,0.0014041591461476227,9.805874310262393e-08,2.9238684013396224e-07
Random6864
Raw:1.0104241096782938e-05,2.122547334954209e-06,1.987322000788117e-05,0.499281670416237,6.935296550282277e-09,0.4992816704162441,2.632051939880745e-09,0.0014041591461476227,9.805874310262532e-08,2.9238684013396224e-07
EFT:1.0104241096782794e-05,2.122547334954209e-06,1.987322000788117e-05,0.499281670416237,6.935296550282277e-09,0.4992816704162441,2.6320519398807075e-09,0.0014041591461476227,9.805874310262393e-08,2.9238684013396224e-07
Random6865
Raw:1.0104241096782867e-05,2.122547334954224e-06,1.987322000788131e-05,0.49928167041624055,6.935296550282326e-09,0.49928167041624055,2.6320519398807265e-09,0.0014041591461476327,9.805874310262462e-08,2.923868401339643e-07
EFT:1.0104241096782794e-05,2.122547334954209e-06,1.987322000788117e-05,0.499281670416237,6.935296550282277e-09,0.4992816704162441,2.6320519398807075e-09,0.0014041591461476227,9.805874310262393e-08,2.9238684013396224e-07
Random6866
Raw:1.0104241096782723e-05,2.122547334954194e-06,1.9873220007881028e-05,0.49928167041624055,6.935296550282228e-09,0.49928167041624055,2.632051939880689e-09,0.0014041591461476128,9.805874310262184e-08,2.923868401339602e-07
EFT:1.0104241096782794e-05,2.122547334954209e-06,1.987322000788117e-05,0.499281670416237,6.935296550282277e-09,0.4992816704162441,2.6320519398807075e-09,0.0014041591461476227,9.805874310262393e-08,2.9238684013396224e-07
Random6867
Raw:1.0104241096782938e-05,2.1225473349541788e-06,1.9873220007880885e-05,0.499281670416237,6.935296550282277e-09,0.4992816704162441,2.632051939880745e-09,0.0014041591461476026,9.805874310262532e-08,2.9238684013396224e-07
EFT:1.0104241096782794e-05,2.122547334954209e-06,1.987322000788117e-05,0.499281670416237,6.935296550282277e-09,0.4992816704162441,2.6320519398807075e-09,0.0014041591461476227,9.805874310262393e-08,2.9238684013396224e-07
Random6868
Raw:1.0104241096782938e-05,2.122547334954209e-06,1.987322000788117e-05,0.499281670416237,6.9352965502823754e-09,0.4992816704162441,2.632051939880745e-09,0.0014041591461476227,9.805874310262532e-08,2.9238684013396637e-07
EFT:1.0104241096782794e-05,2.122547334954209e-06,1.987322000788117e-05,0.499281670416237,6.935296550282277e-09,0.4992816704162441,2.6320519398807075e-09,0.0014041591461476227,9.805874310262393e-08,2.9238684013396224e-07
Random6869
Raw:1.0104241096782938e-05,2.122547334954209e-06,1.987322000788117e-05,0.499281670416237,6.9352965502823754e-09,0.4992816704162441,2.632051939880745e-09,0.0014041591461476227,9.805874310262532e-08,2.9238684013396637e-07
EFT:1.0104241096782794e-05,2.122547334954209e-06,1.987322000788117e-05,0.499281670416237,6.935296550282277e-09,0.4992816704162441,2.6320519398807075e-09,0.0014041591461476227,9.805874310262393e-08,2.9238684013396224e-07
Random6870
Raw:1.0104241096782938e-05,2.122547334954239e-06,1.987322000788117e-05,0.499281670416237,6.935296550282277e-09,0.4992816704162441,2.632051939880745e-09,0.0014041591461476427,9.805874310262393e-08,2.9238684013396637e-07
EFT:1.0104241096782794e-05,2.122547334954209e-06,1.987322000788117e-05,0.499281670416237,6.935296550282277e-09,0.4992816704162441,2.6320519398807075e-09,0.0014041591461476227,9.805874310262393e-08,2.9238684013396224e-07
Random6871
Raw:1.0104241096783009e-05,2.122547334954194e-06,1.9873220007881028e-05,0.49928167041623345,6.935296550282327e-09,0.49928167041624766,2.6320519398807638e-09,0.0014041591461476327,9.805874310262462e-08,2.9238684013396436e-07
EFT:1.0104241096782794e-05,2.122547334954209e-06,1.987322000788117e-05,0.499281670416237,6.935296550282277e-09,0.4992816704162441,2.6320519398807075e-09,0.0014041591461476227,9.805874310262393e-08,2.9238684013396224e-07
Random6872
Raw:1.0104241096782938e-05,2.122547334954239e-06,1.987322000788145e-05,0.499281670416237,6.935296550282277e-09,0.4992816704162441,2.632051939880745e-09,0.0014041591461476427,9.805874310262393e-08,2.9238684013396637e-07
EFT:1.0104241096782794e-05,2.122547334954209e-06,1.987322000788117e-05,0.499281670416237,6.935296550282277e-09,0.4992816704162441,2.6320519398807075e-09,0.0014041591461476227,9.805874310262393e-08,2.9238684013396224e-07
Random6873
Raw:1.0104241096782867e-05,2.122547334954224e-06,1.987322000788131e-05,0.49928167041624055,6.935296550282326e-09,0.49928167041624055,2.6320519398807265e-09,0.0014041591461476327,9.805874310262323e-08,2.923868401339643e-07
EFT:1.0104241096782794e-05,2.122547334954209e-06,1.987322000788117e-05,0.499281670416237,6.935296550282277e-09,0.4992816704162441,2.6320519398807075e-09,0.0014041591461476227,9.805874310262393e-08,2.9238684013396224e-07
Random6874
Raw:1.0104241096782794e-05,2.122547334954209e-06,1.987322000788117e-05,0.499281670416237,6.935296550282277e-09,0.4992816704162441,2.632051939880745e-09,0.0014041591461476227,9.805874310262254e-08,2.9238684013396224e-07
EFT:1.0104241096782794e-05,2.122547334954209e-06,1.987322000788117e-05,0.499281670416237,6.935296550282277e-09,0.4992816704162441,2.6320519398807075e-09,0.0014041591461476227,9.805874310262393e-08,2.9238684013396224e-07
Random6875
Raw:1.0104241096782938e-05,2.1225473349541788e-06,1.9873220007880885e-05,0.499281670416237,6.935296550282277e-09,0.4992816704162441,2.632051939880745e-09,0.0014041591461476026,9.805874310262532e-08,2.9238684013396224e-07
EFT:1.0104241096782794e-05,2.122547334954209e-06,1.987322000788117e-05,0.499281670416237,6.935296550282277e-09,0.4992816704162441,2.6320519398807075e-09,0.0014041591461476227,9.805874310262393e-08,2.9238684013396224e-07
Random6876
Raw:1.0104241096782867e-05,2.122547334954224e-06,1.987322000788131e-05,0.49928167041624055,6.935296550282326e-09,0.49928167041624055,2.6320519398807265e-09,0.0014041591461476327,9.805874310262462e-08,2.923868401339643e-07
EFT:1.0104241096782794e-05,2.122547334954209e-06,1.987322000788117e-05,0.499281670416237,6.935296550282277e-09,0.4992816704162441,2.6320519398807075e-09,0.0014041591461476227,9.805874310262393e-08,2.9238684013396224e-07
Random6877
Raw:1.0104241096782867e-05,2.122547334954224e-06,1.987322000788131e-05,0.49928167041624055,6.935296550282326e-09,0.49928167041624055,2.6320519398807265e-09,0.0014041591461476327,9.805874310262462e-08,2.923868401339643e-07
EFT:1.0104241096782794e-05,2.122547334954209e-06,1.987322000788117e-05,0.499281670416237,6.935296550282277e-09,0.4992816704162441,2.6320519398807075e-09,0.0014041591461476227,9.805874310262393e-08,2.9238684013396224e-07
Random6878
Raw:1.0104241096782867e-05,2.122547334954224e-06,1.987322000788131e-05,0.49928167041624055,6.935296550282326e-09,0.49928167041624055,2.6320519398807265e-09,0.0014041591461476327,9.805874310262462e-08,2.923868401339643e-07
EFT:1.0104241096782794e-05,2.122547334954209e-06,1.987322000788117e-05,0.499281670416237,6.935296550282277e-09,0.4992816704162441,2.6320519398807075e-09,0.0014041591461476227,9.805874310262393e-08,2.9238684013396224e-07
Random6879
Raw:1.0104241096783082e-05,2.122547334954239e-06,1.987322000788145e-05,0.499281670416237,6.935296550282475e-09,0.4992816704162441,2.6320519398807824e-09,0.0014041591461476427,9.805874310262532e-08,2.9238684013396637e-07
EFT:1.0104241096782794e-05,2.122547334954209e-06,1.987322000788117e-05,0.499281670416237,6.935296550282277e-09,0.4992816704162441,2.6320519398807075e-09,0.0014041591461476227,9.805874310262393e-08,2.9238684013396224e-07
Random6880
Raw:1.0104241096782938e-05,2.122547334954209e-06,1.987322000788117e-05,0.499281670416237,6.9352965502823754e-09,0.4992816704162441,2.632051939880745e-09,0.0014041591461476227,9.805874310262672e-08,2.9238684013396637e-07
EFT:1.0104241096782794e-05,2.122547334954209e-06,1.987322000788117e-05,0.499281670416237,6.935296550282277e-09,0.4992816704162441,2.6320519398807075e-09,0.0014041591461476227,9.805874310262393e-08,2.9238684013396224e-07
Random6881
Raw:1.0104241096782867e-05,2.122547334954224e-06,1.987322000788131e-05,0.49928167041624055,6.935296550282326e-09,0.49928167041624055,2.6320519398807265e-09,0.0014041591461476327,9.805874310262462e-08,2.923868401339643e-07
EFT:1.0104241096782794e-05,2.122547334954209e-06,1.987322000788117e-05,0.499281670416237,6.935296550282277e-09,0.4992816704162441,2.6320519398807075e-09,0.0014041591461476227,9.805874310262393e-08,2.9238684013396224e-07
Random6882
Raw:1.0104241096782867e-05,2.122547334954194e-06,1.9873220007881028e-05,0.49928167041624055,6.935296550282326e-09,0.49928167041624055,2.6320519398807265e-09,0.0014041591461476128,9.805874310262323e-08,2.923868401339643e-07
EFT:1.0104241096782794e-05,2.122547334954209e-06,1.987322000788117e-05,0.499281670416237,6.935296550282277e-09,0.4992816704162441,2.6320519398807075e-09,0.0014041591461476227,9.805874310262393e-08,2.9238684013396224e-07
Random6883
Raw:1.0104241096782938e-05,2.122547334954209e-06,1.9873220007880885e-05,0.499281670416237,6.935296550282277e-09,0.4992816704162441,2.632051939880745e-09,0.0014041591461476227,9.805874310262532e-08,2.9238684013396224e-07
EFT:1.0104241096782794e-05,2.122547334954209e-06,1.987322000788117e-05,0.499281670416237,6.935296550282277e-09,0.4992816704162441,2.6320519398807075e-09,0.0014041591461476227,9.805874310262393e-08,2.9238684013396224e-07
Random6884
Raw:1.0104241096783009e-05,2.122547334954224e-06,1.9873220007881028e-05,0.49928167041623345,6.935296550282327e-09,0.49928167041624766,2.6320519398807638e-09,0.0014041591461476327,9.805874310262601e-08,2.9238684013396436e-07
EFT:1.0104241096782794e-05,2.122547334954209e-06,1.987322000788117e-05,0.499281670416237,6.935296550282277e-09,0.4992816704162441,2.6320519398807075e-09,0.0014041591461476227,9.805874310262393e-08,2.9238684013396224e-07
Random6885
Raw:1.0104241096782867e-05,2.122547334954224e-06,1.987322000788131e-05,0.49928167041624055,6.935296550282326e-09,0.49928167041624055,2.6320519398807638e-09,0.0014041591461476327,9.805874310262462e-08,2.923868401339643e-07
EFT:1.0104241096782794e-05,2.122547334954209e-06,1.987322000788117e-05,0.499281670416237,6.935296550282277e-09,0.4992816704162441,2.6320519398807075e-09,0.0014041591461476227,9.805874310262393e-08,2.9238684013396224e-07
Random6886
Raw:1.0104241096782938e-05,2.122547334954209e-06,1.987322000788117e-05,0.499281670416237,6.9352965502823754e-09,0.4992816704162441,2.632051939880745e-09,0.0014041591461476227,9.805874310262393e-08,2.9238684013396637e-07
EFT:1.0104241096782794e-05,2.122547334954209e-06,1.987322000788117e-05,0.499281670416237,6.935296550282277e-09,0.4992816704162441,2.6320519398807075e-09,0.0014041591461476227,9.805874310262393e-08,2.9238684013396224e-07
Random6887
Raw:1.0104241096782794e-05,2.122547334954209e-06,1.987322000788117e-05,0.499281670416237,6.9352965502821786e-09,0.4992816704162441,2.6320519398807075e-09,0.0014041591461476227,9.805874310262393e-08,2.9238684013396224e-07
EFT:1.0104241096782794e-05,2.122547334954209e-06,1.987322000788117e-05,0.499281670416237,6.935296550282277e-09,0.4992816704162441,2.6320519398807075e-09,0.0014041591461476227,9.805874310262393e-08,2.9238684013396224e-07
Random6888
Raw:1.0104241096783009e-05,2.122547334954224e-06,1.987322000788131e-05,0.49928167041623345,6.935296550282327e-09,0.49928167041624766,2.6320519398807638e-09,0.0014041591461476327,9.805874310262462e-08,2.923868401339685e-07
EFT:1.0104241096782794e-05,2.122547334954209e-06,1.987322000788117e-05,0.499281670416237,6.935296550282277e-09,0.4992816704162441,2.6320519398807075e-09,0.0014041591461476227,9.805874310262393e-08,2.9238684013396224e-07
Random6889
Raw:1.0104241096782867e-05,2.122547334954224e-06,1.9873220007881028e-05,0.49928167041624055,6.935296550282326e-09,0.49928167041624055,2.6320519398807265e-09,0.0014041591461476128,9.805874310262462e-08,2.923868401339643e-07
EFT:1.0104241096782794e-05,2.122547334954209e-06,1.987322000788117e-05,0.499281670416237,6.935296550282277e-09,0.4992816704162441,2.6320519398807075e-09,0.0014041591461476227,9.805874310262393e-08,2.9238684013396224e-07
Random6890
Raw:1.0104241096782938e-05,2.122547334954209e-06,1.987322000788117e-05,0.499281670416237,6.935296550282277e-09,0.4992816704162441,2.632051939880745e-09,0.0014041591461476227,9.805874310262532e-08,2.9238684013396224e-07
EFT:1.0104241096782794e-05,2.122547334954209e-06,1.987322000788117e-05,0.499281670416237,6.935296550282277e-09,0.4992816704162441,2.6320519398807075e-09,0.0014041591461476227,9.805874310262393e-08,2.9238684013396224e-07
Random6891
Raw:1.0104241096783009e-05,2.122547334954194e-06,1.9873220007881028e-05,0.49928167041623345,6.935296550282327e-09,0.49928167041624766,2.6320519398807638e-09,0.0014041591461476126,9.805874310262601e-08,2.9238684013396436e-07
EFT:1.0104241096782794e-05,2.122547334954209e-06,1.987322000788117e-05,0.499281670416237,6.935296550282277e-09,0.4992816704162441,2.6320519398807075e-09,0.0014041591461476227,9.805874310262393e-08,2.9238684013396224e-07
Random6892
Raw:1.0104241096782867e-05,2.122547334954224e-06,1.9873220007881028e-05,0.49928167041624055,6.935296550282326e-09,0.49928167041624055,2.6320519398807265e-09,0.0014041591461476327,9.805874310262602e-08,2.923868401339643e-07
EFT:1.0104241096782794e-05,2.122547334954209e-06,1.987322000788117e-05,0.499281670416237,6.935296550282277e-09,0.4992816704162441,2.6320519398807075e-09,0.0014041591461476227,9.805874310262393e-08,2.9238684013396224e-07
Random6893
Raw:1.0104241096782938e-05,2.122547334954209e-06,1.987322000788117e-05,0.499281670416237,6.935296550282277e-09,0.4992816704162441,2.632051939880745e-09,0.0014041591461476427,9.805874310262393e-08,2.9238684013396224e-07
EFT:1.0104241096782794e-05,2.122547334954209e-06,1.987322000788117e-05,0.499281670416237,6.935296550282277e-09,0.4992816704162441,2.6320519398807075e-09,0.0014041591461476227,9.805874310262393e-08,2.9238684013396224e-07
Random6894
Raw:1.0104241096782938e-05,2.122547334954239e-06,1.987322000788145e-05,0.499281670416237,6.935296550282277e-09,0.4992816704162441,2.632051939880745e-09,0.0014041591461476427,9.805874310262393e-08,2.9238684013396637e-07
EFT:1.0104241096782794e-05,2.122547334954209e-06,1.987322000788117e-05,0.499281670416237,6.935296550282277e-09,0.4992816704162441,2.6320519398807075e-09,0.0014041591461476227,9.805874310262393e-08,2.9238684013396224e-07
Random6895
Raw:1.0104241096782867e-05,2.122547334954194e-06,1.9873220007881028e-05,0.49928167041624055,6.935296550282228e-09,0.49928167041624055,2.632051939880689e-09,0.0014041591461476327,9.805874310262323e-08,2.923868401339602e-07
EFT:1.0104241096782794e-05,2.122547334954209e-06,1.987322000788117e-05,0.499281670416237,6.935296550282277e-09,0.4992816704162441,2.6320519398807075e-09,0.0014041591461476227,9.805874310262393e-08,2.9238684013396224e-07
Random6896
Raw:1.0104241096782938e-05,2.122547334954239e-06,1.987322000788145e-05,0.499281670416237,6.935296550282277e-09,0.4992816704162441,2.632051939880745e-09,0.0014041591461476427,9.805874310262532e-08,2.9238684013396224e-07
EFT:1.0104241096782794e-05,2.122547334954209e-06,1.987322000788117e-05,0.499281670416237,6.935296550282277e-09,0.4992816704162441,2.6320519398807075e-09,0.0014041591461476227,9.805874310262393e-08,2.9238684013396224e-07
Random6897
Raw:1.0104241096782867e-05,2.122547334954224e-06,1.9873220007881028e-05,0.49928167041624055,6.935296550282326e-09,0.49928167041624055,2.6320519398807265e-09,0.0014041591461476327,9.805874310262602e-08,2.923868401339643e-07
EFT:1.0104241096782794e-05,2.122547334954209e-06,1.987322000788117e-05,0.499281670416237,6.935296550282277e-09,0.4992816704162441,2.6320519398807075e-09,0.0014041591461476227,9.805874310262393e-08,2.9238684013396224e-07
Random6898
Raw:1.0104241096782938e-05,2.122547334954239e-06,1.987322000788117e-05,0.499281670416237,6.935296550282277e-09,0.4992816704162441,2.632051939880745e-09,0.0014041591461476427,9.805874310262393e-08,2.9238684013396637e-07
EFT:1.0104241096782794e-05,2.122547334954209e-06,1.987322000788117e-05,0.499281670416237,6.935296550282277e-09,0.4992816704162441,2.6320519398807075e-09,0.0014041591461476227,9.805874310262393e-08,2.9238684013396224e-07
Random6899
Raw:1.0104241096782867e-05,2.122547334954224e-06,1.987322000788131e-05,0.49928167041624055,6.935296550282228e-09,0.49928167041624055,2.632051939880689e-09,0.0014041591461476327,9.805874310262323e-08,2.923868401339643e-07
EFT:1.0104241096782794e-05,2.122547334954209e-06,1.987322000788117e-05,0.499281670416237,6.935296550282277e-09,0.4992816704162441,2.6320519398807075e-09,0.0014041591461476227,9.805874310262393e-08,2.9238684013396224e-07
Random6900
Raw:1.0104241096782938e-05,2.122547334954209e-06,1.987322000788117e-05,0.499281670416237,6.9352965502823754e-09,0.4992816704162441,2.632051939880745e-09,0.0014041591461476227,9.805874310262532e-08,2.9238684013396637e-07
EFT:1.0104241096782794e-05,2.122547334954209e-06,1.987322000788117e-05,0.499281670416237,6.935296550282277e-09,0.4992816704162441,2.6320519398807075e-09,0.0014041591461476227,9.805874310262393e-08,2.9238684013396224e-07
Random6901
Raw:1.0104241096782865e-05,2.122547334954194e-06,1.9873220007881028e-05,0.49928167041623345,6.935296550282327e-09,0.49928167041624766,2.632051939880726e-09,0.0014041591461476126,9.805874310262462e-08,2.9238684013396436e-07
EFT:1.0104241096782794e-05,2.122547334954209e-06,1.987322000788117e-05,0.499281670416237,6.935296550282277e-09,0.4992816704162441,2.6320519398807075e-09,0.0014041591461476227,9.805874310262393e-08,2.9238684013396224e-07
Random6902
Raw:1.0104241096782938e-05,2.122547334954239e-06,1.987322000788145e-05,0.4992816704162441,6.9352965502823754e-09,0.499281670416237,2.632051939880745e-09,0.0014041591461476227,9.805874310262532e-08,2.9238684013396637e-07
EFT:1.0104241096782794e-05,2.122547334954209e-06,1.987322000788117e-05,0.499281670416237,6.935296550282277e-09,0.4992816704162441,2.6320519398807075e-09,0.0014041591461476227,9.805874310262393e-08,2.9238684013396224e-07
Random6903
Raw:1.0104241096782938e-05,2.122547334954209e-06,1.987322000788117e-05,0.499281670416237,6.9352965502823754e-09,0.4992816704162441,2.632051939880745e-09,0.0014041591461476227,9.805874310262532e-08,2.9238684013396637e-07
EFT:1.0104241096782794e-05,2.122547334954209e-06,1.987322000788117e-05,0.499281670416237,6.935296550282277e-09,0.4992816704162441,2.6320519398807075e-09,0.0014041591461476227,9.805874310262393e-08,2.9238684013396224e-07
Random6904
Raw:1.0104241096782794e-05,2.122547334954209e-06,1.987322000788117e-05,0.499281670416237,6.9352965502821786e-09,0.4992816704162441,2.632051939880745e-09,0.0014041591461476227,9.805874310262254e-08,2.9238684013396224e-07
EFT:1.0104241096782794e-05,2.122547334954209e-06,1.987322000788117e-05,0.499281670416237,6.935296550282277e-09,0.4992816704162441,2.6320519398807075e-09,0.0014041591461476227,9.805874310262393e-08,2.9238684013396224e-07
Random6905
Raw:1.0104241096782938e-05,2.122547334954209e-06,1.987322000788117e-05,0.499281670416237,6.9352965502823754e-09,0.4992816704162441,2.632051939880745e-09,0.0014041591461476227,9.805874310262532e-08,2.9238684013396637e-07
EFT:1.0104241096782794e-05,2.122547334954209e-06,1.987322000788117e-05,0.499281670416237,6.935296550282277e-09,0.4992816704162441,2.6320519398807075e-09,0.0014041591461476227,9.805874310262393e-08,2.9238684013396224e-07
Random6906
Raw:1.0104241096782794e-05,2.122547334954209e-06,1.987322000788117e-05,0.499281670416237,6.935296550282277e-09,0.4992816704162441,2.6320519398807075e-09,0.0014041591461476227,9.805874310262393e-08,2.9238684013396224e-07
EFT:1.0104241096782794e-05,2.122547334954209e-06,1.987322000788117e-05,0.499281670416237,6.935296550282277e-09,0.4992816704162441,2.6320519398807075e-09,0.0014041591461476227,9.805874310262393e-08,2.9238684013396224e-07
Random6907
Raw:1.0104241096782938e-05,2.122547334954239e-06,1.987322000788117e-05,0.499281670416237,6.9352965502823754e-09,0.4992816704162441,2.6320519398807824e-09,0.0014041591461476227,9.805874310262532e-08,2.9238684013396637e-07
EFT:1.0104241096782794e-05,2.122547334954209e-06,1.987322000788117e-05,0.499281670416237,6.935296550282277e-09,0.4992816704162441,2.6320519398807075e-09,0.0014041591461476227,9.805874310262393e-08,2.9238684013396224e-07
Random6908
Raw:1.0104241096783009e-05,2.122547334954194e-06,1.9873220007881028e-05,0.49928167041623345,6.935296550282327e-09,0.49928167041624766,2.6320519398807638e-09,0.0014041591461476126,9.805874310262601e-08,2.9238684013396436e-07
EFT:1.0104241096782794e-05,2.122547334954209e-06,1.987322000788117e-05,0.499281670416237,6.935296550282277e-09,0.4992816704162441,2.6320519398807075e-09,0.0014041591461476227,9.805874310262393e-08,2.9238684013396224e-07
Random6909
Raw:1.0104241096782938e-05,2.122547334954209e-06,1.987322000788117e-05,0.499281670416237,6.935296550282277e-09,0.4992816704162441,2.632051939880745e-09,0.0014041591461476227,9.805874310262532e-08,2.9238684013396224e-07
EFT:1.0104241096782794e-05,2.122547334954209e-06,1.987322000788117e-05,0.499281670416237,6.935296550282277e-09,0.4992816704162441,2.6320519398807075e-09,0.0014041591461476227,9.805874310262393e-08,2.9238684013396224e-07
Random6910
Raw:1.0104241096782938e-05,2.122547334954209e-06,1.9873220007880885e-05,0.499281670416237,6.935296550282277e-09,0.4992816704162441,2.632051939880745e-09,0.0014041591461476227,9.805874310262532e-08,2.9238684013396224e-07
EFT:1.0104241096782794e-05,2.122547334954209e-06,1.987322000788117e-05,0.499281670416237,6.935296550282277e-09,0.4992816704162441,2.6320519398807075e-09,0.0014041591461476227,9.805874310262393e-08,2.9238684013396224e-07
Random6911
Raw:1.0104241096782865e-05,2.122547334954194e-06,1.9873220007881028e-05,0.49928167041623345,6.935296550282228e-09,0.49928167041624766,2.632051939880726e-09,0.0014041591461476126,9.805874310262462e-08,2.9238684013396436e-07
EFT:1.0104241096782794e-05,2.122547334954209e-06,1.987322000788117e-05,0.499281670416237,6.935296550282277e-09,0.4992816704162441,2.6320519398807075e-09,0.0014041591461476227,9.805874310262393e-08,2.9238684013396224e-07
Random6912
Raw:1.0104241096782938e-05,2.122547334954209e-06,1.987322000788117e-05,0.499281670416237,6.9352965502823754e-09,0.4992816704162441,2.6320519398807824e-09,0.0014041591461476227,9.805874310262532e-08,2.9238684013396637e-07
EFT:1.0104241096782794e-05,2.122547334954209e-06,1.987322000788117e-05,0.499281670416237,6.935296550282277e-09,0.4992816704162441,2.6320519398807075e-09,0.0014041591461476227,9.805874310262393e-08,2.9238684013396224e-07
Random6913
Raw:1.0104241096782865e-05,2.122547334954194e-06,1.9873220007881028e-05,0.49928167041623345,6.935296550282228e-09,0.49928167041624766,2.632051939880726e-09,0.0014041591461476126,9.805874310262462e-08,2.9238684013396436e-07
EFT:1.0104241096782794e-05,2.122547334954209e-06,1.987322000788117e-05,0.499281670416237,6.935296550282277e-09,0.4992816704162441,2.6320519398807075e-09,0.0014041591461476227,9.805874310262393e-08,2.9238684013396224e-07
Random6914
Raw:1.0104241096782938e-05,2.122547334954239e-06,1.987322000788117e-05,0.499281670416237,6.935296550282277e-09,0.4992816704162441,2.632051939880745e-09,0.0014041591461476427,9.805874310262532e-08,2.9238684013396224e-07
EFT:1.0104241096782794e-05,2.122547334954209e-06,1.987322000788117e-05,0.499281670416237,6.935296550282277e-09,0.4992816704162441,2.6320519398807075e-09,0.0014041591461476227,9.805874310262393e-08,2.9238684013396224e-07
Random6915
Raw:1.0104241096782867e-05,2.1225473349542546e-06,1.987322000788131e-05,0.49928167041624055,6.935296550282326e-09,0.49928167041624055,2.6320519398807638e-09,0.0014041591461476327,9.805874310262462e-08,2.923868401339643e-07
EFT:1.0104241096782794e-05,2.122547334954209e-06,1.987322000788117e-05,0.499281670416237,6.935296550282277e-09,0.4992816704162441,2.6320519398807075e-09,0.0014041591461476227,9.805874310262393e-08,2.9238684013396224e-07
Random6916
Raw:1.0104241096782867e-05,2.122547334954224e-06,1.987322000788131e-05,0.49928167041624055,6.935296550282326e-09,0.49928167041624055,2.6320519398807265e-09,0.0014041591461476327,9.805874310262462e-08,2.923868401339643e-07
EFT:1.0104241096782794e-05,2.122547334954209e-06,1.987322000788117e-05,0.499281670416237,6.935296550282277e-09,0.4992816704162441,2.6320519398807075e-09,0.0014041591461476227,9.805874310262393e-08,2.9238684013396224e-07
Random6917
Raw:1.0104241096782867e-05,2.122547334954194e-06,1.9873220007881028e-05,0.49928167041624055,6.935296550282326e-09,0.49928167041624055,2.6320519398807265e-09,0.0014041591461476128,9.805874310262323e-08,2.923868401339643e-07
EFT:1.0104241096782794e-05,2.122547334954209e-06,1.987322000788117e-05,0.499281670416237,6.935296550282277e-09,0.4992816704162441,2.6320519398807075e-09,0.0014041591461476227,9.805874310262393e-08,2.9238684013396224e-07
Random6918
Raw:1.0104241096782938e-05,2.122547334954239e-06,1.987322000788117e-05,0.499281670416237,6.935296550282277e-09,0.4992816704162441,2.632051939880745e-09,0.0014041591461476427,9.805874310262393e-08,2.9238684013396637e-07
EFT:1.0104241096782794e-05,2.122547334954209e-06,1.987322000788117e-05,0.499281670416237,6.935296550282277e-09,0.4992816704162441,2.6320519398807075e-09,0.0014041591461476227,9.805874310262393e-08,2.9238684013396224e-07
Random6919
Raw:1.0104241096782938e-05,2.122547334954209e-06,1.987322000788117e-05,0.499281670416237,6.935296550282277e-09,0.4992816704162441,2.632051939880745e-09,0.0014041591461476427,9.805874310262393e-08,2.9238684013396224e-07
EFT:1.0104241096782794e-05,2.122547334954209e-06,1.987322000788117e-05,0.499281670416237,6.935296550282277e-09,0.4992816704162441,2.6320519398807075e-09,0.0014041591461476227,9.805874310262393e-08,2.9238684013396224e-07
Random6920
Raw:1.0104241096782938e-05,2.122547334954209e-06,1.987322000788117e-05,0.499281670416237,6.935296550282277e-09,0.4992816704162441,2.632051939880745e-09,0.0014041591461476427,9.805874310262393e-08,2.9238684013396224e-07
EFT:1.0104241096782794e-05,2.122547334954209e-06,1.987322000788117e-05,0.499281670416237,6.935296550282277e-09,0.4992816704162441,2.6320519398807075e-09,0.0014041591461476227,9.805874310262393e-08,2.9238684013396224e-07
Random6921
Raw:1.0104241096782938e-05,2.122547334954209e-06,1.987322000788117e-05,0.499281670416237,6.9352965502823754e-09,0.4992816704162441,2.632051939880745e-09,0.0014041591461476227,9.805874310262393e-08,2.9238684013396637e-07
EFT:1.0104241096782794e-05,2.122547334954209e-06,1.987322000788117e-05,0.499281670416237,6.935296550282277e-09,0.4992816704162441,2.6320519398807075e-09,0.0014041591461476227,9.805874310262393e-08,2.9238684013396224e-07
Random6922
Raw:1.0104241096782867e-05,2.122547334954224e-06,1.987322000788131e-05,0.49928167041624055,6.935296550282326e-09,0.49928167041624055,2.6320519398807265e-09,0.0014041591461476327,9.805874310262323e-08,2.923868401339643e-07
EFT:1.0104241096782794e-05,2.122547334954209e-06,1.987322000788117e-05,0.499281670416237,6.935296550282277e-09,0.4992816704162441,2.6320519398807075e-09,0.0014041591461476227,9.805874310262393e-08,2.9238684013396224e-07
Random6923
Raw:1.0104241096782794e-05,2.122547334954209e-06,1.987322000788117e-05,0.499281670416237,6.935296550282277e-09,0.4992816704162441,2.6320519398807075e-09,0.0014041591461476227,9.805874310262393e-08,2.9238684013396224e-07
EFT:1.0104241096782794e-05,2.122547334954209e-06,1.987322000788117e-05,0.499281670416237,6.935296550282277e-09,0.4992816704162441,2.6320519398807075e-09,0.0014041591461476227,9.805874310262393e-08,2.9238684013396224e-07
Random6924
Raw:1.0104241096782867e-05,2.122547334954224e-06,1.987322000788131e-05,0.49928167041624055,6.935296550282326e-09,0.49928167041624055,2.6320519398807265e-09,0.0014041591461476128,9.805874310262462e-08,2.923868401339643e-07
EFT:1.0104241096782794e-05,2.122547334954209e-06,1.987322000788117e-05,0.499281670416237,6.935296550282277e-09,0.4992816704162441,2.6320519398807075e-09,0.0014041591461476227,9.805874310262393e-08,2.9238684013396224e-07
Random6925
Raw:1.0104241096783009e-05,2.122547334954224e-06,1.987322000788131e-05,0.49928167041623345,6.935296550282327e-09,0.49928167041624766,2.6320519398807638e-09,0.0014041591461476327,9.805874310262601e-08,2.9238684013396436e-07
EFT:1.0104241096782794e-05,2.122547334954209e-06,1.987322000788117e-05,0.499281670416237,6.935296550282277e-09,0.4992816704162441,2.6320519398807075e-09,0.0014041591461476227,9.805874310262393e-08,2.9238684013396224e-07
Random6926
Raw:1.0104241096782938e-05,2.122547334954239e-06,1.987322000788145e-05,0.499281670416237,6.935296550282277e-09,0.4992816704162441,2.632051939880745e-09,0.0014041591461476427,9.805874310262532e-08,2.9238684013396224e-07
EFT:1.0104241096782794e-05,2.122547334954209e-06,1.987322000788117e-05,0.499281670416237,6.935296550282277e-09,0.4992816704162441,2.6320519398807075e-09,0.0014041591461476227,9.805874310262393e-08,2.9238684013396224e-07
Random6927
Raw:1.0104241096782938e-05,2.122547334954209e-06,1.987322000788117e-05,0.499281670416237,6.9352965502823754e-09,0.4992816704162441,2.632051939880745e-09,0.0014041591461476227,9.805874310262532e-08,2.9238684013396637e-07
EFT:1.0104241096782794e-05,2.122547334954209e-06,1.987322000788117e-05,0.499281670416237,6.935296550282277e-09,0.4992816704162441,2.6320519398807075e-09,0.0014041591461476227,9.805874310262393e-08,2.9238684013396224e-07
Random6928
Raw:1.0104241096782865e-05,2.122547334954194e-06,1.9873220007881028e-05,0.49928167041623345,6.935296550282228e-09,0.49928167041624766,2.632051939880726e-09,0.0014041591461476126,9.805874310262462e-08,2.9238684013396436e-07
EFT:1.0104241096782794e-05,2.122547334954209e-06,1.987322000788117e-05,0.499281670416237,6.935296550282277e-09,0.4992816704162441,2.6320519398807075e-09,0.0014041591461476227,9.805874310262393e-08,2.9238684013396224e-07
Random6929
Raw:1.0104241096782938e-05,2.122547334954209e-06,1.987322000788117e-05,0.499281670416237,6.935296550282277e-09,0.4992816704162441,2.632051939880745e-09,0.0014041591461476427,9.805874310262393e-08,2.9238684013396224e-07
EFT:1.0104241096782794e-05,2.122547334954209e-06,1.987322000788117e-05,0.499281670416237,6.935296550282277e-09,0.4992816704162441,2.6320519398807075e-09,0.0014041591461476227,9.805874310262393e-08,2.9238684013396224e-07
Random6930
Raw:1.0104241096782938e-05,2.1225473349541788e-06,1.9873220007880885e-05,0.499281670416237,6.935296550282277e-09,0.4992816704162441,2.632051939880745e-09,0.0014041591461476026,9.805874310262532e-08,2.9238684013396224e-07
EFT:1.0104241096782794e-05,2.122547334954209e-06,1.987322000788117e-05,0.499281670416237,6.935296550282277e-09,0.4992816704162441,2.6320519398807075e-09,0.0014041591461476227,9.805874310262393e-08,2.9238684013396224e-07
Random6931
Raw:1.0104241096783009e-05,2.122547334954194e-06,1.9873220007881028e-05,0.49928167041623345,6.935296550282327e-09,0.49928167041624766,2.6320519398807638e-09,0.0014041591461476327,9.805874310262462e-08,2.9238684013396436e-07
EFT:1.0104241096782794e-05,2.122547334954209e-06,1.987322000788117e-05,0.499281670416237,6.935296550282277e-09,0.4992816704162441,2.6320519398807075e-09,0.0014041591461476227,9.805874310262393e-08,2.9238684013396224e-07
Random6932
Raw:1.0104241096782794e-05,2.1225473349541788e-06,1.9873220007880885e-05,0.499281670416237,6.9352965502821786e-09,0.4992816704162441,2.632051939880745e-09,0.0014041591461476026,9.805874310262254e-08,2.9238684013396224e-07
EFT:1.0104241096782794e-05,2.122547334954209e-06,1.987322000788117e-05,0.499281670416237,6.935296550282277e-09,0.4992816704162441,2.6320519398807075e-09,0.0014041591461476227,9.805874310262393e-08,2.9238684013396224e-07
Random6933
Raw:1.0104241096782794e-05,2.122547334954209e-06,1.987322000788117e-05,0.499281670416237,6.935296550282277e-09,0.4992816704162441,2.632051939880745e-09,0.0014041591461476227,9.805874310262254e-08,2.9238684013396224e-07
EFT:1.0104241096782794e-05,2.122547334954209e-06,1.987322000788117e-05,0.499281670416237,6.935296550282277e-09,0.4992816704162441,2.6320519398807075e-09,0.0014041591461476227,9.805874310262393e-08,2.9238684013396224e-07
Random6934
Raw:1.0104241096782865e-05,2.122547334954194e-06,1.9873220007881028e-05,0.49928167041623345,6.935296550282327e-09,0.49928167041624766,2.632051939880726e-09,0.0014041591461476126,9.805874310262462e-08,2.9238684013396436e-07
EFT:1.0104241096782794e-05,2.122547334954209e-06,1.987322000788117e-05,0.499281670416237,6.935296550282277e-09,0.4992816704162441,2.6320519398807075e-09,0.0014041591461476227,9.805874310262393e-08,2.9238684013396224e-07
Random6935
Raw:1.0104241096782794e-05,2.1225473349541788e-06,1.9873220007880885e-05,0.499281670416237,6.935296550282277e-09,0.4992816704162441,2.632051939880745e-09,0.0014041591461476026,9.805874310262254e-08,2.9238684013396224e-07
EFT:1.0104241096782794e-05,2.122547334954209e-06,1.987322000788117e-05,0.499281670416237,6.935296550282277e-09,0.4992816704162441,2.6320519398807075e-09,0.0014041591461476227,9.805874310262393e-08,2.9238684013396224e-07
Random6936
Raw:1.0104241096782938e-05,2.122547334954209e-06,1.987322000788117e-05,0.499281670416237,6.935296550282277e-09,0.4992816704162441,2.632051939880745e-09,0.0014041591461476427,9.805874310262393e-08,2.9238684013396224e-07
EFT:1.0104241096782794e-05,2.122547334954209e-06,1.987322000788117e-05,0.499281670416237,6.935296550282277e-09,0.4992816704162441,2.6320519398807075e-09,0.0014041591461476227,9.805874310262393e-08,2.9238684013396224e-07
Random6937
Raw:1.0104241096782938e-05,2.122547334954209e-06,1.987322000788117e-05,0.499281670416237,6.9352965502823754e-09,0.4992816704162441,2.632051939880745e-09,0.0014041591461476227,9.805874310262393e-08,2.9238684013396637e-07
EFT:1.0104241096782794e-05,2.122547334954209e-06,1.987322000788117e-05,0.499281670416237,6.935296550282277e-09,0.4992816704162441,2.6320519398807075e-09,0.0014041591461476227,9.805874310262393e-08,2.9238684013396224e-07
Random6938
Raw:1.0104241096782794e-05,2.1225473349541788e-06,1.9873220007880885e-05,0.499281670416237,6.9352965502821786e-09,0.4992816704162441,2.632051939880745e-09,0.0014041591461476026,9.805874310262254e-08,2.9238684013396224e-07
EFT:1.0104241096782794e-05,2.122547334954209e-06,1.987322000788117e-05,0.499281670416237,6.935296550282277e-09,0.4992816704162441,2.6320519398807075e-09,0.0014041591461476227,9.805874310262393e-08,2.9238684013396224e-07
Random6939
Raw:1.0104241096782938e-05,2.122547334954239e-06,1.9873220007880885e-05,0.499281670416237,6.935296550282277e-09,0.4992816704162441,2.632051939880745e-09,0.0014041591461476227,9.805874310262532e-08,2.9238684013396224e-07
EFT:1.0104241096782794e-05,2.122547334954209e-06,1.987322000788117e-05,0.499281670416237,6.935296550282277e-09,0.4992816704162441,2.6320519398807075e-09,0.0014041591461476227,9.805874310262393e-08,2.9238684013396224e-07
Random6940
Raw:1.0104241096782794e-05,2.122547334954209e-06,1.987322000788117e-05,0.499281670416237,6.935296550282277e-09,0.4992816704162441,2.6320519398807075e-09,0.0014041591461476227,9.805874310262393e-08,2.9238684013396224e-07
EFT:1.0104241096782794e-05,2.122547334954209e-06,1.987322000788117e-05,0.499281670416237,6.935296550282277e-09,0.4992816704162441,2.6320519398807075e-09,0.0014041591461476227,9.805874310262393e-08,2.9238684013396224e-07
Random6941
Raw:1.0104241096782938e-05,2.122547334954239e-06,1.987322000788117e-05,0.499281670416237,6.9352965502823754e-09,0.4992816704162441,2.6320519398807824e-09,0.0014041591461476227,9.805874310262532e-08,2.9238684013396637e-07
EFT:1.0104241096782794e-05,2.122547334954209e-06,1.987322000788117e-05,0.499281670416237,6.935296550282277e-09,0.4992816704162441,2.6320519398807075e-09,0.0014041591461476227,9.805874310262393e-08,2.9238684013396224e-07
Random6942
Raw:1.010424109678301e-05,2.1225473349542546e-06,1.9873220007881594e-05,0.49928167041624055,6.9352965502825235e-09,0.49928167041624055,2.6320519398807638e-09,0.0014041591461476327,9.805874310262602e-08,2.923868401339685e-07
EFT:1.0104241096782794e-05,2.122547334954209e-06,1.987322000788117e-05,0.499281670416237,6.935296550282277e-09,0.4992816704162441,2.6320519398807075e-09,0.0014041591461476227,9.805874310262393e-08,2.9238684013396224e-07
Random6943
Raw:1.0104241096782867e-05,2.122547334954224e-06,1.987322000788131e-05,0.49928167041624055,6.935296550282326e-09,0.49928167041624055,2.6320519398807265e-09,0.0014041591461476327,9.805874310262462e-08,2.923868401339643e-07
EFT:1.0104241096782794e-05,2.122547334954209e-06,1.987322000788117e-05,0.499281670416237,6.935296550282277e-09,0.4992816704162441,2.6320519398807075e-09,0.0014041591461476227,9.805874310262393e-08,2.9238684013396224e-07
Random6944
Raw:1.0104241096783009e-05,2.122547334954194e-06,1.9873220007881028e-05,0.49928167041623345,6.935296550282327e-09,0.49928167041624766,2.6320519398807638e-09,0.0014041591461476327,9.805874310262462e-08,2.9238684013396436e-07
EFT:1.0104241096782794e-05,2.122547334954209e-06,1.987322000788117e-05,0.499281670416237,6.935296550282277e-09,0.4992816704162441,2.6320519398807075e-09,0.0014041591461476227,9.805874310262393e-08,2.9238684013396224e-07
Random6945
Raw:1.0104241096782867e-05,2.122547334954224e-06,1.987322000788131e-05,0.49928167041624055,6.935296550282326e-09,0.49928167041624055,2.6320519398807265e-09,0.0014041591461476327,9.805874310262462e-08,2.923868401339643e-07
EFT:1.0104241096782794e-05,2.122547334954209e-06,1.987322000788117e-05,0.499281670416237,6.935296550282277e-09,0.4992816704162441,2.6320519398807075e-09,0.0014041591461476227,9.805874310262393e-08,2.9238684013396224e-07
Random6946
Raw:1.0104241096782938e-05,2.122547334954209e-06,1.987322000788117e-05,0.499281670416237,6.9352965502823754e-09,0.4992816704162441,2.6320519398807824e-09,0.0014041591461476227,9.805874310262532e-08,2.9238684013396637e-07
EFT:1.0104241096782794e-05,2.122547334954209e-06,1.987322000788117e-05,0.499281670416237,6.935296550282277e-09,0.4992816704162441,2.6320519398807075e-09,0.0014041591461476227,9.805874310262393e-08,2.9238684013396224e-07
Random6947
Raw:1.0104241096782867e-05,2.122547334954224e-06,1.987322000788131e-05,0.49928167041624055,6.935296550282326e-09,0.49928167041624055,2.6320519398807265e-09,0.0014041591461476327,9.805874310262323e-08,2.923868401339643e-07
EFT:1.0104241096782794e-05,2.122547334954209e-06,1.987322000788117e-05,0.499281670416237,6.935296550282277e-09,0.4992816704162441,2.6320519398807075e-09,0.0014041591461476227,9.805874310262393e-08,2.9238684013396224e-07
Random6948
Raw:1.0104241096782865e-05,2.122547334954194e-06,1.9873220007881028e-05,0.49928167041623345,6.935296550282327e-09,0.49928167041624766,2.632051939880726e-09,0.0014041591461476126,9.805874310262462e-08,2.9238684013396436e-07
EFT:1.0104241096782794e-05,2.122547334954209e-06,1.987322000788117e-05,0.499281670416237,6.935296550282277e-09,0.4992816704162441,2.6320519398807075e-09,0.0014041591461476227,9.805874310262393e-08,2.9238684013396224e-07
Random6949
Raw:1.0104241096783009e-05,2.122547334954194e-06,1.9873220007881028e-05,0.49928167041623345,6.935296550282327e-09,0.49928167041624766,2.6320519398807638e-09,0.0014041591461476327,9.805874310262462e-08,2.9238684013396436e-07
EFT:1.0104241096782794e-05,2.122547334954209e-06,1.987322000788117e-05,0.499281670416237,6.935296550282277e-09,0.4992816704162441,2.6320519398807075e-09,0.0014041591461476227,9.805874310262393e-08,2.9238684013396224e-07
Random6950
Raw:1.0104241096782867e-05,2.122547334954194e-06,1.9873220007881028e-05,0.49928167041624055,6.935296550282228e-09,0.49928167041624055,2.632051939880689e-09,0.0014041591461476327,9.805874310262323e-08,2.923868401339602e-07
EFT:1.0104241096782794e-05,2.122547334954209e-06,1.987322000788117e-05,0.499281670416237,6.935296550282277e-09,0.4992816704162441,2.6320519398807075e-09,0.0014041591461476227,9.805874310262393e-08,2.9238684013396224e-07
Random6951
Raw:1.0104241096782794e-05,2.122547334954209e-06,1.9873220007880885e-05,0.499281670416237,6.935296550282277e-09,0.4992816704162441,2.632051939880745e-09,0.0014041591461476227,9.805874310262254e-08,2.9238684013396224e-07
EFT:1.0104241096782794e-05,2.122547334954209e-06,1.987322000788117e-05,0.499281670416237,6.935296550282277e-09,0.4992816704162441,2.6320519398807075e-09,0.0014041591461476227,9.805874310262393e-08,2.9238684013396224e-07
Random6952
Raw:1.0104241096782938e-05,2.122547334954239e-06,1.987322000788117e-05,0.499281670416237,6.935296550282277e-09,0.4992816704162441,2.632051939880745e-09,0.0014041591461476427,9.805874310262532e-08,2.9238684013396224e-07
EFT:1.0104241096782794e-05,2.122547334954209e-06,1.987322000788117e-05,0.499281670416237,6.935296550282277e-09,0.4992816704162441,2.6320519398807075e-09,0.0014041591461476227,9.805874310262393e-08,2.9238684013396224e-07
Random6953
Raw:1.0104241096782867e-05,2.122547334954224e-06,1.9873220007881028e-05,0.49928167041624055,6.935296550282326e-09,0.49928167041624055,2.6320519398807638e-09,0.0014041591461476128,9.805874310262462e-08,2.923868401339643e-07
EFT:1.0104241096782794e-05,2.122547334954209e-06,1.987322000788117e-05,0.499281670416237,6.935296550282277e-09,0.4992816704162441,2.6320519398807075e-09,0.0014041591461476227,9.805874310262393e-08,2.9238684013396224e-07
Random6954
Raw:1.0104241096782867e-05,2.122547334954224e-06,1.9873220007881028e-05,0.49928167041624055,6.935296550282326e-09,0.49928167041624055,2.6320519398807265e-09,0.0014041591461476128,9.805874310262462e-08,2.923868401339643e-07
EFT:1.0104241096782794e-05,2.122547334954209e-06,1.987322000788117e-05,0.499281670416237,6.935296550282277e-09,0.4992816704162441,2.6320519398807075e-09,0.0014041591461476227,9.805874310262393e-08,2.9238684013396224e-07
Random6955
Raw:1.0104241096782938e-05,2.122547334954239e-06,1.987322000788145e-05,0.499281670416237,6.935296550282277e-09,0.4992816704162441,2.632051939880745e-09,0.0014041591461476427,9.805874310262393e-08,2.9238684013396637e-07
EFT:1.0104241096782794e-05,2.122547334954209e-06,1.987322000788117e-05,0.499281670416237,6.935296550282277e-09,0.4992816704162441,2.6320519398807075e-09,0.0014041591461476227,9.805874310262393e-08,2.9238684013396224e-07
Random6956
Raw:1.0104241096782794e-05,2.122547334954209e-06,1.987322000788117e-05,0.499281670416237,6.9352965502821786e-09,0.4992816704162441,2.632051939880745e-09,0.0014041591461476227,9.805874310262254e-08,2.9238684013396224e-07
EFT:1.0104241096782794e-05,2.122547334954209e-06,1.987322000788117e-05,0.499281670416237,6.935296550282277e-09,0.4992816704162441,2.6320519398807075e-09,0.0014041591461476227,9.805874310262393e-08,2.9238684013396224e-07
Random6957
Raw:1.0104241096782865e-05,2.122547334954194e-06,1.9873220007881028e-05,0.49928167041623345,6.935296550282327e-09,0.49928167041624766,2.6320519398807638e-09,0.0014041591461476126,9.805874310262324e-08,2.9238684013396436e-07
EFT:1.0104241096782794e-05,2.122547334954209e-06,1.987322000788117e-05,0.499281670416237,6.935296550282277e-09,0.4992816704162441,2.6320519398807075e-09,0.0014041591461476227,9.805874310262393e-08,2.9238684013396224e-07
Random6958
Raw:1.0104241096782938e-05,2.122547334954239e-06,1.987322000788145e-05,0.499281670416237,6.935296550282277e-09,0.4992816704162441,2.632051939880745e-09,0.0014041591461476427,9.805874310262532e-08,2.9238684013396224e-07
EFT:1.0104241096782794e-05,2.122547334954209e-06,1.987322000788117e-05,0.499281670416237,6.935296550282277e-09,0.4992816704162441,2.6320519398807075e-09,0.0014041591461476227,9.805874310262393e-08,2.9238684013396224e-07
Random6959
Raw:1.0104241096782867e-05,2.122547334954224e-06,1.987322000788131e-05,0.49928167041624055,6.935296550282326e-09,0.49928167041624055,2.6320519398807265e-09,0.0014041591461476327,9.805874310262462e-08,2.923868401339643e-07
EFT:1.0104241096782794e-05,2.122547334954209e-06,1.987322000788117e-05,0.499281670416237,6.935296550282277e-09,0.4992816704162441,2.6320519398807075e-09,0.0014041591461476227,9.805874310262393e-08,2.9238684013396224e-07
Random6960
Raw:1.0104241096782867e-05,2.122547334954224e-06,1.987322000788131e-05,0.49928167041624055,6.935296550282326e-09,0.49928167041624055,2.6320519398807265e-09,0.0014041591461476327,9.805874310262462e-08,2.923868401339643e-07
EFT:1.0104241096782794e-05,2.122547334954209e-06,1.987322000788117e-05,0.499281670416237,6.935296550282277e-09,0.4992816704162441,2.6320519398807075e-09,0.0014041591461476227,9.805874310262393e-08,2.9238684013396224e-07
Random6961
Raw:1.0104241096782938e-05,2.122547334954239e-06,1.987322000788117e-05,0.499281670416237,6.935296550282277e-09,0.4992816704162441,2.632051939880745e-09,0.0014041591461476427,9.805874310262532e-08,2.9238684013396224e-07
EFT:1.0104241096782794e-05,2.122547334954209e-06,1.987322000788117e-05,0.499281670416237,6.935296550282277e-09,0.4992816704162441,2.6320519398807075e-09,0.0014041591461476227,9.805874310262393e-08,2.9238684013396224e-07
Random6962
Raw:1.0104241096782794e-05,2.122547334954209e-06,1.987322000788117e-05,0.4992816704162441,6.935296550282277e-09,0.499281670416237,2.6320519398807075e-09,0.0014041591461476227,9.805874310262393e-08,2.9238684013396224e-07
EFT:1.0104241096782794e-05,2.122547334954209e-06,1.987322000788117e-05,0.499281670416237,6.935296550282277e-09,0.4992816704162441,2.6320519398807075e-09,0.0014041591461476227,9.805874310262393e-08,2.9238684013396224e-07
Random6963
Raw:1.0104241096782938e-05,2.122547334954239e-06,1.987322000788145e-05,0.499281670416237,6.9352965502823754e-09,0.4992816704162441,2.632051939880745e-09,0.0014041591461476427,9.805874310262532e-08,2.9238684013396637e-07
EFT:1.0104241096782794e-05,2.122547334954209e-06,1.987322000788117e-05,0.499281670416237,6.935296550282277e-09,0.4992816704162441,2.6320519398807075e-09,0.0014041591461476227,9.805874310262393e-08,2.9238684013396224e-07
Random6964
Raw:1.0104241096782938e-05,2.122547334954239e-06,1.987322000788145e-05,0.499281670416237,6.935296550282277e-09,0.4992816704162441,2.632051939880745e-09,0.0014041591461476427,9.805874310262393e-08,2.9238684013396637e-07
EFT:1.0104241096782794e-05,2.122547334954209e-06,1.987322000788117e-05,0.499281670416237,6.935296550282277e-09,0.4992816704162441,2.6320519398807075e-09,0.0014041591461476227,9.805874310262393e-08,2.9238684013396224e-07
Random6965
Raw:1.0104241096782938e-05,2.122547334954209e-06,1.987322000788117e-05,0.499281670416237,6.9352965502823754e-09,0.4992816704162441,2.632051939880745e-09,0.0014041591461476227,9.805874310262393e-08,2.9238684013396637e-07
EFT:1.0104241096782794e-05,2.122547334954209e-06,1.987322000788117e-05,0.499281670416237,6.935296550282277e-09,0.4992816704162441,2.6320519398807075e-09,0.0014041591461476227,9.805874310262393e-08,2.9238684013396224e-07
Random6966
Raw:1.0104241096782938e-05,2.122547334954239e-06,1.987322000788145e-05,0.499281670416237,6.935296550282277e-09,0.4992816704162441,2.632051939880745e-09,0.0014041591461476427,9.805874310262532e-08,2.9238684013396224e-07
EFT:1.0104241096782794e-05,2.122547334954209e-06,1.987322000788117e-05,0.499281670416237,6.935296550282277e-09,0.4992816704162441,2.6320519398807075e-09,0.0014041591461476227,9.805874310262393e-08,2.9238684013396224e-07
Random6967
Raw:1.0104241096782794e-05,2.122547334954209e-06,1.987322000788117e-05,0.499281670416237,6.9352965502821786e-09,0.4992816704162441,2.6320519398807075e-09,0.0014041591461476227,9.805874310262393e-08,2.9238684013396224e-07
EFT:1.0104241096782794e-05,2.122547334954209e-06,1.987322000788117e-05,0.499281670416237,6.935296550282277e-09,0.4992816704162441,2.6320519398807075e-09,0.0014041591461476227,9.805874310262393e-08,2.9238684013396224e-07
Random6968
Raw:1.0104241096783009e-05,2.122547334954194e-06,1.9873220007881028e-05,0.49928167041623345,6.935296550282327e-09,0.49928167041624766,2.6320519398807638e-09,0.0014041591461476126,9.805874310262601e-08,2.9238684013396436e-07
EFT:1.0104241096782794e-05,2.122547334954209e-06,1.987322000788117e-05,0.499281670416237,6.935296550282277e-09,0.4992816704162441,2.6320519398807075e-09,0.0014041591461476227,9.805874310262393e-08,2.9238684013396224e-07
Random6969
Raw:1.0104241096782938e-05,2.122547334954209e-06,1.987322000788117e-05,0.499281670416237,6.935296550282277e-09,0.4992816704162441,2.632051939880745e-09,0.0014041591461476427,9.805874310262393e-08,2.9238684013396224e-07
EFT:1.0104241096782794e-05,2.122547334954209e-06,1.987322000788117e-05,0.499281670416237,6.935296550282277e-09,0.4992816704162441,2.6320519398807075e-09,0.0014041591461476227,9.805874310262393e-08,2.9238684013396224e-07
Random6970
Raw:1.0104241096782938e-05,2.122547334954239e-06,1.987322000788145e-05,0.499281670416237,6.935296550282277e-09,0.4992816704162441,2.632051939880745e-09,0.0014041591461476227,9.805874310262532e-08,2.9238684013396224e-07
EFT:1.0104241096782794e-05,2.122547334954209e-06,1.987322000788117e-05,0.499281670416237,6.935296550282277e-09,0.4992816704162441,2.6320519398807075e-09,0.0014041591461476227,9.805874310262393e-08,2.9238684013396224e-07
Random6971
Raw:1.0104241096783009e-05,2.122547334954224e-06,1.9873220007881028e-05,0.49928167041623345,6.935296550282424e-09,0.49928167041624766,2.632051939880801e-09,0.0014041591461476126,9.805874310262601e-08,2.923868401339685e-07
EFT:1.0104241096782794e-05,2.122547334954209e-06,1.987322000788117e-05,0.499281670416237,6.935296550282277e-09,0.4992816704162441,2.6320519398807075e-09,0.0014041591461476227,9.805874310262393e-08,2.9238684013396224e-07
Random6972
Raw:1.0104241096782794e-05,2.1225473349541788e-06,1.9873220007880885e-05,0.499281670416237,6.9352965502821786e-09,0.4992816704162441,2.632051939880745e-09,0.0014041591461476026,9.805874310262254e-08,2.9238684013396224e-07
EFT:1.0104241096782794e-05,2.122547334954209e-06,1.987322000788117e-05,0.499281670416237,6.935296550282277e-09,0.4992816704162441,2.6320519398807075e-09,0.0014041591461476227,9.805874310262393e-08,2.9238684013396224e-07
Random6973
Raw:1.0104241096782938e-05,2.122547334954209e-06,1.987322000788117e-05,0.499281670416237,6.935296550282277e-09,0.4992816704162441,2.632051939880745e-09,0.0014041591461476227,9.805874310262532e-08,2.9238684013396224e-07
EFT:1.0104241096782794e-05,2.122547334954209e-06,1.987322000788117e-05,0.499281670416237,6.935296550282277e-09,0.4992816704162441,2.6320519398807075e-09,0.0014041591461476227,9.805874310262393e-08,2.9238684013396224e-07
Random6974
Raw:1.0104241096782938e-05,2.122547334954209e-06,1.987322000788117e-05,0.499281670416237,6.9352965502823754e-09,0.4992816704162441,2.632051939880745e-09,0.0014041591461476227,9.805874310262672e-08,2.9238684013396637e-07
EFT:1.0104241096782794e-05,2.122547334954209e-06,1.987322000788117e-05,0.499281670416237,6.935296550282277e-09,0.4992816704162441,2.6320519398807075e-09,0.0014041591461476227,9.805874310262393e-08,2.9238684013396224e-07
Random6975
Raw:1.0104241096782938e-05,2.122547334954239e-06,1.987322000788117e-05,0.499281670416237,6.935296550282277e-09,0.4992816704162441,2.632051939880745e-09,0.0014041591461476427,9.805874310262532e-08,2.9238684013396224e-07
EFT:1.0104241096782794e-05,2.122547334954209e-06,1.987322000788117e-05,0.499281670416237,6.935296550282277e-09,0.4992816704162441,2.6320519398807075e-09,0.0014041591461476227,9.805874310262393e-08,2.9238684013396224e-07
Random6976
Raw:1.0104241096782867e-05,2.122547334954194e-06,1.9873220007881028e-05,0.49928167041624055,6.935296550282228e-09,0.49928167041624055,2.632051939880689e-09,0.0014041591461476327,9.805874310262323e-08,2.923868401339602e-07
EFT:1.0104241096782794e-05,2.122547334954209e-06,1.987322000788117e-05,0.499281670416237,6.935296550282277e-09,0.4992816704162441,2.6320519398807075e-09,0.0014041591461476227,9.805874310262393e-08,2.9238684013396224e-07
Random6977
Raw:1.0104241096782938e-05,2.122547334954239e-06,1.987322000788117e-05,0.499281670416237,6.935296550282277e-09,0.4992816704162441,2.632051939880745e-09,0.0014041591461476427,9.805874310262393e-08,2.9238684013396637e-07
EFT:1.0104241096782794e-05,2.122547334954209e-06,1.987322000788117e-05,0.499281670416237,6.935296550282277e-09,0.4992816704162441,2.6320519398807075e-09,0.0014041591461476227,9.805874310262393e-08,2.9238684013396224e-07
Random6978
Raw:1.0104241096782794e-05,2.122547334954209e-06,1.987322000788117e-05,0.499281670416237,6.935296550282277e-09,0.4992816704162441,2.6320519398807075e-09,0.0014041591461476227,9.805874310262393e-08,2.9238684013396224e-07
EFT:1.0104241096782794e-05,2.122547334954209e-06,1.987322000788117e-05,0.499281670416237,6.935296550282277e-09,0.4992816704162441,2.6320519398807075e-09,0.0014041591461476227,9.805874310262393e-08,2.9238684013396224e-07
Random6979
Raw:1.0104241096782938e-05,2.122547334954239e-06,1.987322000788145e-05,0.499281670416237,6.935296550282277e-09,0.4992816704162441,2.632051939880745e-09,0.0014041591461476427,9.805874310262393e-08,2.9238684013396637e-07
EFT:1.0104241096782794e-05,2.122547334954209e-06,1.987322000788117e-05,0.499281670416237,6.935296550282277e-09,0.4992816704162441,2.6320519398807075e-09,0.0014041591461476227,9.805874310262393e-08,2.9238684013396224e-07
Random6980
Raw:1.0104241096783009e-05,2.122547334954194e-06,1.9873220007881028e-05,0.49928167041623345,6.935296550282327e-09,0.49928167041624766,2.6320519398807638e-09,0.0014041591461476126,9.805874310262601e-08,2.9238684013396436e-07
EFT:1.0104241096782794e-05,2.122547334954209e-06,1.987322000788117e-05,0.499281670416237,6.935296550282277e-09,0.4992816704162441,2.6320519398807075e-09,0.0014041591461476227,9.805874310262393e-08,2.9238684013396224e-07
Random6981
Raw:1.0104241096782938e-05,2.122547334954209e-06,1.9873220007880885e-05,0.499281670416237,6.935296550282277e-09,0.4992816704162441,2.632051939880745e-09,0.0014041591461476227,9.805874310262532e-08,2.9238684013396224e-07
EFT:1.0104241096782794e-05,2.122547334954209e-06,1.987322000788117e-05,0.499281670416237,6.935296550282277e-09,0.4992816704162441,2.6320519398807075e-09,0.0014041591461476227,9.805874310262393e-08,2.9238684013396224e-07
Random6982
Raw:1.0104241096782794e-05,2.122547334954209e-06,1.9873220007880885e-05,0.499281670416237,6.935296550282277e-09,0.4992816704162441,2.6320519398807075e-09,0.0014041591461476026,9.805874310262393e-08,2.9238684013396224e-07
EFT:1.0104241096782794e-05,2.122547334954209e-06,1.987322000788117e-05,0.499281670416237,6.935296550282277e-09,0.4992816704162441,2.6320519398807075e-09,0.0014041591461476227,9.805874310262393e-08,2.9238684013396224e-07
Random6983
Raw:1.0104241096783009e-05,2.122547334954224e-06,1.987322000788131e-05,0.49928167041623345,6.935296550282327e-09,0.49928167041624766,2.6320519398807638e-09,0.0014041591461476327,9.805874310262462e-08,2.923868401339685e-07
EFT:1.0104241096782794e-05,2.122547334954209e-06,1.987322000788117e-05,0.499281670416237,6.935296550282277e-09,0.4992816704162441,2.6320519398807075e-09,0.0014041591461476227,9.805874310262393e-08,2.9238684013396224e-07
Random6984
Raw:1.0104241096782938e-05,2.122547334954209e-06,1.987322000788117e-05,0.499281670416237,6.9352965502823754e-09,0.4992816704162441,2.6320519398807824e-09,0.0014041591461476227,9.805874310262532e-08,2.9238684013396637e-07
EFT:1.0104241096782794e-05,2.122547334954209e-06,1.987322000788117e-05,0.499281670416237,6.935296550282277e-09,0.4992816704162441,2.6320519398807075e-09,0.0014041591461476227,9.805874310262393e-08,2.9238684013396224e-07
Random6985
Raw:1.0104241096782794e-05,2.122547334954209e-06,1.987322000788117e-05,0.499281670416237,6.9352965502821786e-09,0.4992816704162441,2.6320519398807075e-09,0.0014041591461476227,9.805874310262393e-08,2.9238684013396224e-07
EFT:1.0104241096782794e-05,2.122547334954209e-06,1.987322000788117e-05,0.499281670416237,6.935296550282277e-09,0.4992816704162441,2.6320519398807075e-09,0.0014041591461476227,9.805874310262393e-08,2.9238684013396224e-07
Random6986
Raw:1.0104241096782938e-05,2.122547334954239e-06,1.987322000788145e-05,0.499281670416237,6.935296550282277e-09,0.4992816704162441,2.632051939880745e-09,0.0014041591461476427,9.805874310262532e-08,2.9238684013396224e-07
EFT:1.0104241096782794e-05,2.122547334954209e-06,1.987322000788117e-05,0.499281670416237,6.935296550282277e-09,0.4992816704162441,2.6320519398807075e-09,0.0014041591461476227,9.805874310262393e-08,2.9238684013396224e-07
Random6987
Raw:1.0104241096782867e-05,2.122547334954224e-06,1.9873220007881028e-05,0.49928167041624055,6.935296550282326e-09,0.49928167041624055,2.6320519398807265e-09,0.0014041591461476327,9.805874310262602e-08,2.923868401339643e-07
EFT:1.0104241096782794e-05,2.122547334954209e-06,1.987322000788117e-05,0.499281670416237,6.935296550282277e-09,0.4992816704162441,2.6320519398807075e-09,0.0014041591461476227,9.805874310262393e-08,2.9238684013396224e-07
Random6988
Raw:1.0104241096782867e-05,2.122547334954194e-06,1.9873220007881028e-05,0.49928167041624055,6.935296550282326e-09,0.49928167041624055,2.6320519398807265e-09,0.0014041591461476128,9.805874310262323e-08,2.923868401339643e-07
EFT:1.0104241096782794e-05,2.122547334954209e-06,1.987322000788117e-05,0.499281670416237,6.935296550282277e-09,0.4992816704162441,2.6320519398807075e-09,0.0014041591461476227,9.805874310262393e-08,2.9238684013396224e-07
Random6989
Raw:1.0104241096782867e-05,2.122547334954224e-06,1.987322000788131e-05,0.49928167041624055,6.935296550282326e-09,0.49928167041624055,2.6320519398807265e-09,0.0014041591461476327,9.805874310262462e-08,2.923868401339643e-07
EFT:1.0104241096782794e-05,2.122547334954209e-06,1.987322000788117e-05,0.499281670416237,6.935296550282277e-09,0.4992816704162441,2.6320519398807075e-09,0.0014041591461476227,9.805874310262393e-08,2.9238684013396224e-07
Random6990
Raw:1.0104241096782867e-05,2.1225473349542546e-06,1.987322000788131e-05,0.49928167041624055,6.935296550282326e-09,0.49928167041624055,2.6320519398807638e-09,0.0014041591461476327,9.805874310262462e-08,2.923868401339643e-07
EFT:1.0104241096782794e-05,2.122547334954209e-06,1.987322000788117e-05,0.499281670416237,6.935296550282277e-09,0.4992816704162441,2.6320519398807075e-09,0.0014041591461476227,9.805874310262393e-08,2.9238684013396224e-07
Random6991
Raw:1.0104241096782938e-05,2.122547334954239e-06,1.987322000788145e-05,0.499281670416237,6.935296550282277e-09,0.4992816704162441,2.632051939880745e-09,0.0014041591461476227,9.805874310262532e-08,2.9238684013396224e-07
EFT:1.0104241096782794e-05,2.122547334954209e-06,1.987322000788117e-05,0.499281670416237,6.935296550282277e-09,0.4992816704162441,2.6320519398807075e-09,0.0014041591461476227,9.805874310262393e-08,2.9238684013396224e-07
Random6992
Raw:1.0104241096782867e-05,2.122547334954224e-06,1.9873220007881028e-05,0.49928167041624055,6.935296550282326e-09,0.49928167041624055,2.6320519398807265e-09,0.0014041591461476327,9.805874310262323e-08,2.923868401339643e-07
EFT:1.0104241096782794e-05,2.122547334954209e-06,1.987322000788117e-05,0.499281670416237,6.935296550282277e-09,0.4992816704162441,2.6320519398807075e-09,0.0014041591461476227,9.805874310262393e-08,2.9238684013396224e-07
Random6993
Raw:1.0104241096782938e-05,2.122547334954209e-06,1.987322000788117e-05,0.499281670416237,6.935296550282277e-09,0.4992816704162441,2.632051939880745e-09,0.0014041591461476227,9.805874310262532e-08,2.9238684013396224e-07
EFT:1.0104241096782794e-05,2.122547334954209e-06,1.987322000788117e-05,0.499281670416237,6.935296550282277e-09,0.4992816704162441,2.6320519398807075e-09,0.0014041591461476227,9.805874310262393e-08,2.9238684013396224e-07
Random6994
Raw:1.0104241096782867e-05,2.122547334954224e-06,1.9873220007881028e-05,0.49928167041624055,6.935296550282326e-09,0.49928167041624055,2.6320519398807265e-09,0.0014041591461476327,9.805874310262602e-08,2.923868401339643e-07
EFT:1.0104241096782794e-05,2.122547334954209e-06,1.987322000788117e-05,0.499281670416237,6.935296550282277e-09,0.4992816704162441,2.6320519398807075e-09,0.0014041591461476227,9.805874310262393e-08,2.9238684013396224e-07
Random6995
Raw:1.0104241096782867e-05,2.122547334954224e-06,1.9873220007881028e-05,0.49928167041624055,6.935296550282326e-09,0.49928167041624055,2.6320519398807265e-09,0.0014041591461476128,9.805874310262462e-08,2.923868401339643e-07
EFT:1.0104241096782794e-05,2.122547334954209e-06,1.987322000788117e-05,0.499281670416237,6.935296550282277e-09,0.4992816704162441,2.6320519398807075e-09,0.0014041591461476227,9.805874310262393e-08,2.9238684013396224e-07
Random6996
Raw:1.0104241096782865e-05,2.122547334954194e-06,1.9873220007881028e-05,0.49928167041623345,6.935296550282327e-09,0.49928167041624766,2.6320519398807638e-09,0.0014041591461476126,9.805874310262324e-08,2.9238684013396436e-07
EFT:1.0104241096782794e-05,2.122547334954209e-06,1.987322000788117e-05,0.499281670416237,6.935296550282277e-09,0.4992816704162441,2.6320519398807075e-09,0.0014041591461476227,9.805874310262393e-08,2.9238684013396224e-07
Random6997
Raw:1.0104241096782865e-05,2.122547334954194e-06,1.9873220007881028e-05,0.49928167041623345,6.935296550282228e-09,0.49928167041624766,2.632051939880726e-09,0.0014041591461476126,9.805874310262462e-08,2.9238684013396436e-07
EFT:1.0104241096782794e-05,2.122547334954209e-06,1.987322000788117e-05,0.499281670416237,6.935296550282277e-09,0.4992816704162441,2.6320519398807075e-09,0.0014041591461476227,9.805874310262393e-08,2.9238684013396224e-07
Random6998
Raw:1.0104241096782867e-05,2.122547334954224e-06,1.987322000788131e-05,0.49928167041624055,6.935296550282326e-09,0.49928167041624055,2.6320519398807265e-09,0.0014041591461476327,9.805874310262462e-08,2.923868401339643e-07
EFT:1.0104241096782794e-05,2.122547334954209e-06,1.987322000788117e-05,0.499281670416237,6.935296550282277e-09,0.4992816704162441,2.6320519398807075e-09,0.0014041591461476227,9.805874310262393e-08,2.9238684013396224e-07
Random6999
Raw:1.0104241096782938e-05,2.122547334954209e-06,1.987322000788117e-05,0.499281670416237,6.935296550282277e-09,0.4992816704162441,2.632051939880745e-09,0.0014041591461476227,9.805874310262532e-08,2.9238684013396224e-07
EFT:1.0104241096782794e-05,2.122547334954209e-06,1.987322000788117e-05,0.499281670416237,6.935296550282277e-09,0.4992816704162441,2.6320519398807075e-09,0.0014041591461476227,9.805874310262393e-08,2.9238684013396224e-07
Random7000
Raw:1.0104241096782867e-05,2.122547334954194e-06,1.9873220007881028e-05,0.49928167041624055,6.935296550282326e-09,0.49928167041624055,2.6320519398807265e-09,0.0014041591461476128,9.805874310262323e-08,2.923868401339643e-07
EFT:1.0104241096782794e-05,2.122547334954209e-06,1.987322000788117e-05,0.499281670416237,6.935296550282277e-09,0.4992816704162441,2.6320519398807075e-09,0.0014041591461476227,9.805874310262393e-08,2.9238684013396224e-07
Random7001
Raw:1.0104241096782867e-05,2.122547334954224e-06,1.9873220007881028e-05,0.49928167041624055,6.935296550282326e-09,0.49928167041624055,2.6320519398807265e-09,0.0014041591461476327,9.805874310262602e-08,2.923868401339643e-07
EFT:1.0104241096782794e-05,2.122547334954209e-06,1.987322000788117e-05,0.499281670416237,6.935296550282277e-09,0.4992816704162441,2.6320519398807075e-09,0.0014041591461476227,9.805874310262393e-08,2.9238684013396224e-07
Random7002
Raw:1.0104241096782867e-05,2.122547334954224e-06,1.9873220007881028e-05,0.49928167041624055,6.935296550282326e-09,0.49928167041624055,2.6320519398807265e-09,0.0014041591461476128,9.805874310262462e-08,2.923868401339643e-07
EFT:1.0104241096782794e-05,2.122547334954209e-06,1.987322000788117e-05,0.499281670416237,6.935296550282277e-09,0.4992816704162441,2.6320519398807075e-09,0.0014041591461476227,9.805874310262393e-08,2.9238684013396224e-07
Random7003
Raw:1.0104241096782867e-05,2.122547334954224e-06,1.987322000788131e-05,0.49928167041624055,6.935296550282326e-09,0.49928167041624055,2.6320519398807265e-09,0.0014041591461476128,9.805874310262462e-08,2.923868401339643e-07
EFT:1.0104241096782794e-05,2.122547334954209e-06,1.987322000788117e-05,0.499281670416237,6.935296550282277e-09,0.4992816704162441,2.6320519398807075e-09,0.0014041591461476227,9.805874310262393e-08,2.9238684013396224e-07
Random7004
Raw:1.0104241096783082e-05,2.1225473349541788e-06,1.9873220007880885e-05,0.4992816704162299,6.9352965502823754e-09,0.49928167041625116,2.6320519398808196e-09,0.0014041591461476225,9.805874310262532e-08,2.923868401339664e-07
EFT:1.0104241096782794e-05,2.122547334954209e-06,1.987322000788117e-05,0.499281670416237,6.935296550282277e-09,0.4992816704162441,2.6320519398807075e-09,0.0014041591461476227,9.805874310262393e-08,2.9238684013396224e-07
Random7005
Raw:1.0104241096782723e-05,2.122547334954194e-06,1.9873220007881028e-05,0.49928167041624055,6.93529655028213e-09,0.49928167041624055,2.6320519398806513e-09,0.0014041591461476128,9.805874310262323e-08,2.923868401339602e-07
EFT:1.0104241096782794e-05,2.122547334954209e-06,1.987322000788117e-05,0.499281670416237,6.935296550282277e-09,0.4992816704162441,2.6320519398807075e-09,0.0014041591461476227,9.805874310262393e-08,2.9238684013396224e-07
Random7006
Raw:1.0104241096782938e-05,2.122547334954239e-06,1.987322000788117e-05,0.499281670416237,6.935296550282277e-09,0.4992816704162441,2.632051939880745e-09,0.0014041591461476427,9.805874310262532e-08,2.9238684013396224e-07
EFT:1.0104241096782794e-05,2.122547334954209e-06,1.987322000788117e-05,0.499281670416237,6.935296550282277e-09,0.4992816704162441,2.6320519398807075e-09,0.0014041591461476227,9.805874310262393e-08,2.9238684013396224e-07
Random7007
Raw:1.0104241096782865e-05,2.122547334954194e-06,1.9873220007881028e-05,0.49928167041623345,6.935296550282327e-09,0.49928167041624766,2.632051939880726e-09,0.0014041591461476126,9.805874310262462e-08,2.9238684013396436e-07
EFT:1.0104241096782794e-05,2.122547334954209e-06,1.987322000788117e-05,0.499281670416237,6.935296550282277e-09,0.4992816704162441,2.6320519398807075e-09,0.0014041591461476227,9.805874310262393e-08,2.9238684013396224e-07
Random7008
Raw:1.0104241096782794e-05,2.122547334954209e-06,1.987322000788117e-05,0.499281670416237,6.935296550282277e-09,0.4992816704162441,2.6320519398807075e-09,0.0014041591461476227,9.805874310262393e-08,2.9238684013396224e-07
EFT:1.0104241096782794e-05,2.122547334954209e-06,1.987322000788117e-05,0.499281670416237,6.935296550282277e-09,0.4992816704162441,2.6320519398807075e-09,0.0014041591461476227,9.805874310262393e-08,2.9238684013396224e-07
Random7009
Raw:1.0104241096782938e-05,2.122547334954209e-06,1.987322000788117e-05,0.499281670416237,6.935296550282277e-09,0.4992816704162441,2.632051939880745e-09,0.0014041591461476227,9.805874310262532e-08,2.9238684013396224e-07
EFT:1.0104241096782794e-05,2.122547334954209e-06,1.987322000788117e-05,0.499281670416237,6.935296550282277e-09,0.4992816704162441,2.6320519398807075e-09,0.0014041591461476227,9.805874310262393e-08,2.9238684013396224e-07
Random7010
Raw:1.0104241096783009e-05,2.122547334954224e-06,1.9873220007881028e-05,0.49928167041623345,6.935296550282327e-09,0.49928167041624766,2.6320519398807638e-09,0.0014041591461476327,9.805874310262601e-08,2.9238684013396436e-07
EFT:1.0104241096782794e-05,2.122547334954209e-06,1.987322000788117e-05,0.499281670416237,6.935296550282277e-09,0.4992816704162441,2.6320519398807075e-09,0.0014041591461476227,9.805874310262393e-08,2.9238684013396224e-07
Random7011
Raw:1.0104241096782794e-05,2.122547334954209e-06,1.987322000788117e-05,0.499281670416237,6.935296550282277e-09,0.4992816704162441,2.632051939880745e-09,0.0014041591461476227,9.805874310262254e-08,2.9238684013396224e-07
EFT:1.0104241096782794e-05,2.122547334954209e-06,1.987322000788117e-05,0.499281670416237,6.935296550282277e-09,0.4992816704162441,2.6320519398807075e-09,0.0014041591461476227,9.805874310262393e-08,2.9238684013396224e-07
Random7012
Raw:1.0104241096782938e-05,2.1225473349541788e-06,1.9873220007880885e-05,0.499281670416237,6.935296550282277e-09,0.4992816704162441,2.632051939880745e-09,0.0014041591461476026,9.805874310262532e-08,2.9238684013396224e-07
EFT:1.0104241096782794e-05,2.122547334954209e-06,1.987322000788117e-05,0.499281670416237,6.935296550282277e-09,0.4992816704162441,2.6320519398807075e-09,0.0014041591461476227,9.805874310262393e-08,2.9238684013396224e-07
Random7013
Raw:1.0104241096782938e-05,2.122547334954209e-06,1.987322000788117e-05,0.499281670416237,6.9352965502823754e-09,0.4992816704162441,2.632051939880745e-09,0.0014041591461476227,9.805874310262672e-08,2.9238684013396637e-07
EFT:1.0104241096782794e-05,2.122547334954209e-06,1.987322000788117e-05,0.499281670416237,6.935296550282277e-09,0.4992816704162441,2.6320519398807075e-09,0.0014041591461476227,9.805874310262393e-08,2.9238684013396224e-07
Random7014
Raw:1.0104241096782867e-05,2.122547334954194e-06,1.9873220007881028e-05,0.49928167041624055,6.935296550282326e-09,0.49928167041624055,2.6320519398807265e-09,0.0014041591461476128,9.805874310262323e-08,2.923868401339643e-07
EFT:1.0104241096782794e-05,2.122547334954209e-06,1.987322000788117e-05,0.499281670416237,6.935296550282277e-09,0.4992816704162441,2.6320519398807075e-09,0.0014041591461476227,9.805874310262393e-08,2.9238684013396224e-07
Random7015
Raw:1.0104241096782938e-05,2.122547334954239e-06,1.987322000788117e-05,0.499281670416237,6.935296550282277e-09,0.4992816704162441,2.632051939880745e-09,0.0014041591461476427,9.805874310262532e-08,2.9238684013396224e-07
EFT:1.0104241096782794e-05,2.122547334954209e-06,1.987322000788117e-05,0.499281670416237,6.935296550282277e-09,0.4992816704162441,2.6320519398807075e-09,0.0014041591461476227,9.805874310262393e-08,2.9238684013396224e-07
Random7016
Raw:1.0104241096782938e-05,2.122547334954239e-06,1.987322000788117e-05,0.499281670416237,6.935296550282277e-09,0.4992816704162441,2.632051939880745e-09,0.0014041591461476427,9.805874310262532e-08,2.9238684013396224e-07
EFT:1.0104241096782794e-05,2.122547334954209e-06,1.987322000788117e-05,0.499281670416237,6.935296550282277e-09,0.4992816704162441,2.6320519398807075e-09,0.0014041591461476227,9.805874310262393e-08,2.9238684013396224e-07
Random7017
Raw:1.0104241096782938e-05,2.122547334954239e-06,1.987322000788117e-05,0.499281670416237,6.935296550282277e-09,0.4992816704162441,2.632051939880745e-09,0.0014041591461476427,9.805874310262532e-08,2.9238684013396224e-07
EFT:1.0104241096782794e-05,2.122547334954209e-06,1.987322000788117e-05,0.499281670416237,6.935296550282277e-09,0.4992816704162441,2.6320519398807075e-09,0.0014041591461476227,9.805874310262393e-08,2.9238684013396224e-07
Random7018
Raw:1.0104241096782794e-05,2.122547334954209e-06,1.987322000788117e-05,0.499281670416237,6.9352965502821786e-09,0.4992816704162441,2.632051939880745e-09,0.0014041591461476227,9.805874310262254e-08,2.9238684013396224e-07
EFT:1.0104241096782794e-05,2.122547334954209e-06,1.987322000788117e-05,0.499281670416237,6.935296550282277e-09,0.4992816704162441,2.6320519398807075e-09,0.0014041591461476227,9.805874310262393e-08,2.9238684013396224e-07
Random7019
Raw:1.0104241096782938e-05,2.122547334954239e-06,1.987322000788117e-05,0.499281670416237,6.935296550282277e-09,0.4992816704162441,2.632051939880745e-09,0.0014041591461476227,9.805874310262532e-08,2.9238684013396224e-07
EFT:1.0104241096782794e-05,2.122547334954209e-06,1.987322000788117e-05,0.499281670416237,6.935296550282277e-09,0.4992816704162441,2.6320519398807075e-09,0.0014041591461476227,9.805874310262393e-08,2.9238684013396224e-07
Random7020
Raw:1.0104241096782867e-05,2.122547334954194e-06,1.9873220007881028e-05,0.49928167041624055,6.935296550282326e-09,0.49928167041624055,2.6320519398807265e-09,0.0014041591461476128,9.805874310262323e-08,2.923868401339643e-07
EFT:1.0104241096782794e-05,2.122547334954209e-06,1.987322000788117e-05,0.499281670416237,6.935296550282277e-09,0.4992816704162441,2.6320519398807075e-09,0.0014041591461476227,9.805874310262393e-08,2.9238684013396224e-07
Random7021
Raw:1.0104241096782938e-05,2.122547334954209e-06,1.987322000788117e-05,0.499281670416237,6.935296550282277e-09,0.4992816704162441,2.632051939880745e-09,0.0014041591461476227,9.805874310262532e-08,2.9238684013396224e-07
EFT:1.0104241096782794e-05,2.122547334954209e-06,1.987322000788117e-05,0.499281670416237,6.935296550282277e-09,0.4992816704162441,2.6320519398807075e-09,0.0014041591461476227,9.805874310262393e-08,2.9238684013396224e-07
Random7022
Raw:1.0104241096782794e-05,2.122547334954209e-06,1.987322000788117e-05,0.499281670416237,6.935296550282277e-09,0.4992816704162441,2.632051939880745e-09,0.0014041591461476227,9.805874310262254e-08,2.9238684013396224e-07
EFT:1.0104241096782794e-05,2.122547334954209e-06,1.987322000788117e-05,0.499281670416237,6.935296550282277e-09,0.4992816704162441,2.6320519398807075e-09,0.0014041591461476227,9.805874310262393e-08,2.9238684013396224e-07
Random7023
Raw:1.0104241096783009e-05,2.122547334954224e-06,1.987322000788131e-05,0.49928167041623345,6.935296550282327e-09,0.49928167041624766,2.6320519398807638e-09,0.0014041591461476327,9.805874310262601e-08,2.9238684013396436e-07
EFT:1.0104241096782794e-05,2.122547334954209e-06,1.987322000788117e-05,0.499281670416237,6.935296550282277e-09,0.4992816704162441,2.6320519398807075e-09,0.0014041591461476227,9.805874310262393e-08,2.9238684013396224e-07
Random7024
Raw:1.0104241096782867e-05,2.122547334954224e-06,1.987322000788131e-05,0.49928167041624055,6.935296550282326e-09,0.49928167041624055,2.6320519398807265e-09,0.0014041591461476327,9.805874310262462e-08,2.923868401339643e-07
EFT:1.0104241096782794e-05,2.122547334954209e-06,1.987322000788117e-05,0.499281670416237,6.935296550282277e-09,0.4992816704162441,2.6320519398807075e-09,0.0014041591461476227,9.805874310262393e-08,2.9238684013396224e-07
Random7025
Raw:1.0104241096782867e-05,2.122547334954194e-06,1.9873220007881028e-05,0.49928167041624055,6.935296550282228e-09,0.49928167041624055,2.632051939880689e-09,0.0014041591461476128,9.805874310262462e-08,2.923868401339602e-07
EFT:1.0104241096782794e-05,2.122547334954209e-06,1.987322000788117e-05,0.499281670416237,6.935296550282277e-09,0.4992816704162441,2.6320519398807075e-09,0.0014041591461476227,9.805874310262393e-08,2.9238684013396224e-07
Random7026
Raw:1.0104241096782938e-05,2.122547334954239e-06,1.987322000788117e-05,0.499281670416237,6.9352965502823754e-09,0.4992816704162441,2.632051939880745e-09,0.0014041591461476227,9.805874310262532e-08,2.9238684013396637e-07
EFT:1.0104241096782794e-05,2.122547334954209e-06,1.987322000788117e-05,0.499281670416237,6.935296550282277e-09,0.4992816704162441,2.6320519398807075e-09,0.0014041591461476227,9.805874310262393e-08,2.9238684013396224e-07
Random7027
Raw:1.0104241096782938e-05,2.122547334954209e-06,1.987322000788117e-05,0.499281670416237,6.9352965502823754e-09,0.4992816704162441,2.632051939880745e-09,0.0014041591461476227,9.805874310262672e-08,2.9238684013396637e-07
EFT:1.0104241096782794e-05,2.122547334954209e-06,1.987322000788117e-05,0.499281670416237,6.935296550282277e-09,0.4992816704162441,2.6320519398807075e-09,0.0014041591461476227,9.805874310262393e-08,2.9238684013396224e-07
Random7028
Raw:1.0104241096782867e-05,2.122547334954224e-06,1.987322000788131e-05,0.49928167041624055,6.935296550282326e-09,0.49928167041624055,2.6320519398807265e-09,0.0014041591461476327,9.805874310262462e-08,2.923868401339643e-07
EFT:1.0104241096782794e-05,2.122547334954209e-06,1.987322000788117e-05,0.499281670416237,6.935296550282277e-09,0.4992816704162441,2.6320519398807075e-09,0.0014041591461476227,9.805874310262393e-08,2.9238684013396224e-07
Random7029
Raw:1.0104241096782867e-05,2.122547334954224e-06,1.987322000788131e-05,0.49928167041624055,6.935296550282228e-09,0.49928167041624055,2.632051939880689e-09,0.0014041591461476327,9.805874310262462e-08,2.923868401339602e-07
EFT:1.0104241096782794e-05,2.122547334954209e-06,1.987322000788117e-05,0.499281670416237,6.935296550282277e-09,0.4992816704162441,2.6320519398807075e-09,0.0014041591461476227,9.805874310262393e-08,2.9238684013396224e-07
Random7030
Raw:1.0104241096783009e-05,2.122547334954224e-06,1.9873220007881028e-05,0.49928167041623345,6.935296550282327e-09,0.49928167041624766,2.6320519398807638e-09,0.0014041591461476327,9.805874310262601e-08,2.9238684013396436e-07
EFT:1.0104241096782794e-05,2.122547334954209e-06,1.987322000788117e-05,0.499281670416237,6.935296550282277e-09,0.4992816704162441,2.6320519398807075e-09,0.0014041591461476227,9.805874310262393e-08,2.9238684013396224e-07
Random7031
Raw:1.0104241096782867e-05,2.122547334954224e-06,1.987322000788131e-05,0.49928167041624055,6.935296550282326e-09,0.49928167041624055,2.6320519398807265e-09,0.0014041591461476327,9.805874310262323e-08,2.923868401339643e-07
EFT:1.0104241096782794e-05,2.122547334954209e-06,1.987322000788117e-05,0.499281670416237,6.935296550282277e-09,0.4992816704162441,2.6320519398807075e-09,0.0014041591461476227,9.805874310262393e-08,2.9238684013396224e-07
Random7032
Raw:1.0104241096782938e-05,2.122547334954209e-06,1.987322000788117e-05,0.499281670416237,6.935296550282277e-09,0.4992816704162441,2.632051939880745e-09,0.0014041591461476427,9.805874310262393e-08,2.9238684013396224e-07
EFT:1.0104241096782794e-05,2.122547334954209e-06,1.987322000788117e-05,0.499281670416237,6.935296550282277e-09,0.4992816704162441,2.6320519398807075e-09,0.0014041591461476227,9.805874310262393e-08,2.9238684013396224e-07
Random7033
Raw:1.0104241096782938e-05,2.122547334954239e-06,1.987322000788117e-05,0.499281670416237,6.935296550282277e-09,0.4992816704162441,2.632051939880745e-09,0.0014041591461476227,9.805874310262532e-08,2.9238684013396224e-07
EFT:1.0104241096782794e-05,2.122547334954209e-06,1.987322000788117e-05,0.499281670416237,6.935296550282277e-09,0.4992816704162441,2.6320519398807075e-09,0.0014041591461476227,9.805874310262393e-08,2.9238684013396224e-07
Random7034
Raw:1.0104241096782938e-05,2.122547334954209e-06,1.9873220007880885e-05,0.499281670416237,6.935296550282277e-09,0.4992816704162441,2.632051939880745e-09,0.0014041591461476227,9.805874310262532e-08,2.9238684013396224e-07
EFT:1.0104241096782794e-05,2.122547334954209e-06,1.987322000788117e-05,0.499281670416237,6.935296550282277e-09,0.4992816704162441,2.6320519398807075e-09,0.0014041591461476227,9.805874310262393e-08,2.9238684013396224e-07
Random7035
Raw:1.0104241096782867e-05,2.122547334954224e-06,1.987322000788131e-05,0.49928167041624055,6.935296550282326e-09,0.49928167041624055,2.6320519398807265e-09,0.0014041591461476128,9.805874310262462e-08,2.923868401339643e-07
EFT:1.0104241096782794e-05,2.122547334954209e-06,1.987322000788117e-05,0.499281670416237,6.935296550282277e-09,0.4992816704162441,2.6320519398807075e-09,0.0014041591461476227,9.805874310262393e-08,2.9238684013396224e-07
Random7036
Raw:1.0104241096782938e-05,2.122547334954209e-06,1.987322000788117e-05,0.499281670416237,6.935296550282277e-09,0.4992816704162441,2.632051939880745e-09,0.0014041591461476427,9.805874310262393e-08,2.9238684013396224e-07
EFT:1.0104241096782794e-05,2.122547334954209e-06,1.987322000788117e-05,0.499281670416237,6.935296550282277e-09,0.4992816704162441,2.6320519398807075e-09,0.0014041591461476227,9.805874310262393e-08,2.9238684013396224e-07
Random7037
Raw:1.0104241096782938e-05,2.122547334954239e-06,1.987322000788145e-05,0.499281670416237,6.935296550282277e-09,0.4992816704162441,2.632051939880745e-09,0.0014041591461476427,9.805874310262393e-08,2.9238684013396637e-07
EFT:1.0104241096782794e-05,2.122547334954209e-06,1.987322000788117e-05,0.499281670416237,6.935296550282277e-09,0.4992816704162441,2.6320519398807075e-09,0.0014041591461476227,9.805874310262393e-08,2.9238684013396224e-07
Random7038
Raw:1.0104241096782867e-05,2.122547334954194e-06,1.9873220007881028e-05,0.49928167041624055,6.935296550282326e-09,0.49928167041624055,2.6320519398807265e-09,0.0014041591461476128,9.805874310262323e-08,2.923868401339643e-07
EFT:1.0104241096782794e-05,2.122547334954209e-06,1.987322000788117e-05,0.499281670416237,6.935296550282277e-09,0.4992816704162441,2.6320519398807075e-09,0.0014041591461476227,9.805874310262393e-08,2.9238684013396224e-07
Random7039
Raw:1.0104241096782867e-05,2.122547334954224e-06,1.987322000788131e-05,0.49928167041624055,6.935296550282326e-09,0.49928167041624055,2.6320519398807265e-09,0.0014041591461476327,9.805874310262462e-08,2.923868401339643e-07
EFT:1.0104241096782794e-05,2.122547334954209e-06,1.987322000788117e-05,0.499281670416237,6.935296550282277e-09,0.4992816704162441,2.6320519398807075e-09,0.0014041591461476227,9.805874310262393e-08,2.9238684013396224e-07
Random7040
Raw:1.0104241096782867e-05,2.122547334954224e-06,1.987322000788131e-05,0.49928167041624055,6.935296550282326e-09,0.49928167041624055,2.6320519398807265e-09,0.0014041591461476327,9.805874310262462e-08,2.923868401339643e-07
EFT:1.0104241096782794e-05,2.122547334954209e-06,1.987322000788117e-05,0.499281670416237,6.935296550282277e-09,0.4992816704162441,2.6320519398807075e-09,0.0014041591461476227,9.805874310262393e-08,2.9238684013396224e-07
Random7041
Raw:1.0104241096782938e-05,2.122547334954239e-06,1.987322000788117e-05,0.499281670416237,6.9352965502823754e-09,0.4992816704162441,2.6320519398807824e-09,0.0014041591461476227,9.805874310262532e-08,2.9238684013396637e-07
EFT:1.0104241096782794e-05,2.122547334954209e-06,1.987322000788117e-05,0.499281670416237,6.935296550282277e-09,0.4992816704162441,2.6320519398807075e-09,0.0014041591461476227,9.805874310262393e-08,2.9238684013396224e-07
Random7042
Raw:1.0104241096783082e-05,2.1225473349542093e-06,1.9873220007881167e-05,0.4992816704162299,6.9352965502823754e-09,0.49928167041625116,2.6320519398808196e-09,0.0014041591461476026,9.805874310262671e-08,2.923868401339664e-07
EFT:1.0104241096782794e-05,2.122547334954209e-06,1.987322000788117e-05,0.499281670416237,6.935296550282277e-09,0.4992816704162441,2.6320519398807075e-09,0.0014041591461476227,9.805874310262393e-08,2.9238684013396224e-07
Random7043
Raw:1.0104241096782867e-05,2.122547334954194e-06,1.9873220007881028e-05,0.49928167041624055,6.935296550282228e-09,0.49928167041624055,2.632051939880689e-09,0.0014041591461476128,9.805874310262462e-08,2.923868401339602e-07
EFT:1.0104241096782794e-05,2.122547334954209e-06,1.987322000788117e-05,0.499281670416237,6.935296550282277e-09,0.4992816704162441,2.6320519398807075e-09,0.0014041591461476227,9.805874310262393e-08,2.9238684013396224e-07
Random7044
Raw:1.0104241096782938e-05,2.122547334954209e-06,1.9873220007880885e-05,0.499281670416237,6.935296550282277e-09,0.4992816704162441,2.632051939880745e-09,0.0014041591461476227,9.805874310262532e-08,2.9238684013396224e-07
EFT:1.0104241096782794e-05,2.122547334954209e-06,1.987322000788117e-05,0.499281670416237,6.935296550282277e-09,0.4992816704162441,2.6320519398807075e-09,0.0014041591461476227,9.805874310262393e-08,2.9238684013396224e-07
Random7045
Raw:1.0104241096782938e-05,2.122547334954209e-06,1.987322000788117e-05,0.499281670416237,6.935296550282277e-09,0.4992816704162441,2.632051939880745e-09,0.0014041591461476227,9.805874310262532e-08,2.9238684013396224e-07
EFT:1.0104241096782794e-05,2.122547334954209e-06,1.987322000788117e-05,0.499281670416237,6.935296550282277e-09,0.4992816704162441,2.6320519398807075e-09,0.0014041591461476227,9.805874310262393e-08,2.9238684013396224e-07
Random7046
Raw:1.0104241096782938e-05,2.1225473349541788e-06,1.9873220007880885e-05,0.499281670416237,6.935296550282277e-09,0.4992816704162441,2.632051939880745e-09,0.0014041591461476026,9.805874310262532e-08,2.9238684013396224e-07
EFT:1.0104241096782794e-05,2.122547334954209e-06,1.987322000788117e-05,0.499281670416237,6.935296550282277e-09,0.4992816704162441,2.6320519398807075e-09,0.0014041591461476227,9.805874310262393e-08,2.9238684013396224e-07
Random7047
Raw:1.0104241096782938e-05,2.1225473349541788e-06,1.9873220007880885e-05,0.499281670416237,6.935296550282277e-09,0.4992816704162441,2.632051939880745e-09,0.0014041591461476026,9.805874310262532e-08,2.9238684013396224e-07
EFT:1.0104241096782794e-05,2.122547334954209e-06,1.987322000788117e-05,0.499281670416237,6.935296550282277e-09,0.4992816704162441,2.6320519398807075e-09,0.0014041591461476227,9.805874310262393e-08,2.9238684013396224e-07
Random7048
Raw:1.0104241096782938e-05,2.122547334954239e-06,1.987322000788145e-05,0.499281670416237,6.935296550282277e-09,0.4992816704162441,2.632051939880745e-09,0.0014041591461476427,9.805874310262532e-08,2.9238684013396224e-07
EFT:1.0104241096782794e-05,2.122547334954209e-06,1.987322000788117e-05,0.499281670416237,6.935296550282277e-09,0.4992816704162441,2.6320519398807075e-09,0.0014041591461476227,9.805874310262393e-08,2.9238684013396224e-07
Random7049
Raw:1.0104241096782794e-05,2.122547334954209e-06,1.987322000788117e-05,0.4992816704162441,6.935296550282277e-09,0.499281670416237,2.63205193988067e-09,0.0014041591461476227,9.805874310262393e-08,2.9238684013396224e-07
EFT:1.0104241096782794e-05,2.122547334954209e-06,1.987322000788117e-05,0.499281670416237,6.935296550282277e-09,0.4992816704162441,2.6320519398807075e-09,0.0014041591461476227,9.805874310262393e-08,2.9238684013396224e-07
Random7050
Raw:1.0104241096782867e-05,2.1225473349542546e-06,1.987322000788131e-05,0.49928167041624055,6.935296550282228e-09,0.49928167041624055,2.632051939880689e-09,0.0014041591461476527,9.805874310262462e-08,2.923868401339602e-07
EFT:1.0104241096782794e-05,2.122547334954209e-06,1.987322000788117e-05,0.499281670416237,6.935296550282277e-09,0.4992816704162441,2.6320519398807075e-09,0.0014041591461476227,9.805874310262393e-08,2.9238684013396224e-07
Random7051
Raw:1.0104241096782938e-05,2.1225473349541788e-06,1.9873220007880885e-05,0.499281670416237,6.935296550282277e-09,0.4992816704162441,2.632051939880745e-09,0.0014041591461476026,9.805874310262532e-08,2.9238684013396224e-07
EFT:1.0104241096782794e-05,2.122547334954209e-06,1.987322000788117e-05,0.499281670416237,6.935296550282277e-09,0.4992816704162441,2.6320519398807075e-09,0.0014041591461476227,9.805874310262393e-08,2.9238684013396224e-07
Random7052
Raw:1.0104241096782867e-05,2.122547334954224e-06,1.987322000788131e-05,0.49928167041624055,6.935296550282326e-09,0.49928167041624055,2.6320519398807265e-09,0.0014041591461476327,9.805874310262323e-08,2.923868401339643e-07
EFT:1.0104241096782794e-05,2.122547334954209e-06,1.987322000788117e-05,0.499281670416237,6.935296550282277e-09,0.4992816704162441,2.6320519398807075e-09,0.0014041591461476227,9.805874310262393e-08,2.9238684013396224e-07
Random7053
Raw:1.0104241096782867e-05,2.122547334954224e-06,1.987322000788131e-05,0.49928167041624055,6.935296550282326e-09,0.49928167041624055,2.6320519398807265e-09,0.0014041591461476327,9.805874310262462e-08,2.923868401339643e-07
EFT:1.0104241096782794e-05,2.122547334954209e-06,1.987322000788117e-05,0.499281670416237,6.935296550282277e-09,0.4992816704162441,2.6320519398807075e-09,0.0014041591461476227,9.805874310262393e-08,2.9238684013396224e-07
Random7054
Raw:1.0104241096782938e-05,2.122547334954209e-06,1.987322000788117e-05,0.499281670416237,6.935296550282277e-09,0.4992816704162441,2.632051939880745e-09,0.0014041591461476427,9.805874310262393e-08,2.9238684013396224e-07
EFT:1.0104241096782794e-05,2.122547334954209e-06,1.987322000788117e-05,0.499281670416237,6.935296550282277e-09,0.4992816704162441,2.6320519398807075e-09,0.0014041591461476227,9.805874310262393e-08,2.9238684013396224e-07
Random7055
Raw:1.0104241096782865e-05,2.122547334954194e-06,1.9873220007881028e-05,0.49928167041623345,6.935296550282327e-09,0.49928167041624766,2.632051939880726e-09,0.0014041591461476126,9.805874310262462e-08,2.9238684013396436e-07
EFT:1.0104241096782794e-05,2.122547334954209e-06,1.987322000788117e-05,0.499281670416237,6.935296550282277e-09,0.4992816704162441,2.6320519398807075e-09,0.0014041591461476227,9.805874310262393e-08,2.9238684013396224e-07
Random7056
Raw:1.0104241096783082e-05,2.122547334954239e-06,1.987322000788145e-05,0.499281670416237,6.935296550282475e-09,0.4992816704162441,2.6320519398807824e-09,0.0014041591461476427,9.80587431026281e-08,2.9238684013397055e-07
EFT:1.0104241096782794e-05,2.122547334954209e-06,1.987322000788117e-05,0.499281670416237,6.935296550282277e-09,0.4992816704162441,2.6320519398807075e-09,0.0014041591461476227,9.805874310262393e-08,2.9238684013396224e-07
Random7057
Raw:1.0104241096782938e-05,2.122547334954209e-06,1.987322000788117e-05,0.499281670416237,6.9352965502823754e-09,0.4992816704162441,2.632051939880745e-09,0.0014041591461476227,9.805874310262393e-08,2.9238684013396637e-07
EFT:1.0104241096782794e-05,2.122547334954209e-06,1.987322000788117e-05,0.499281670416237,6.935296550282277e-09,0.4992816704162441,2.6320519398807075e-09,0.0014041591461476227,9.805874310262393e-08,2.9238684013396224e-07
Random7058
Raw:1.0104241096783009e-05,2.122547334954224e-06,1.9873220007881028e-05,0.49928167041623345,6.935296550282327e-09,0.49928167041624766,2.6320519398807638e-09,0.0014041591461476327,9.805874310262601e-08,2.9238684013396436e-07
EFT:1.0104241096782794e-05,2.122547334954209e-06,1.987322000788117e-05,0.499281670416237,6.935296550282277e-09,0.4992816704162441,2.6320519398807075e-09,0.0014041591461476227,9.805874310262393e-08,2.9238684013396224e-07
Random7059
Raw:1.0104241096782938e-05,2.122547334954209e-06,1.987322000788117e-05,0.499281670416237,6.935296550282277e-09,0.4992816704162441,2.632051939880745e-09,0.0014041591461476227,9.805874310262532e-08,2.9238684013396224e-07
EFT:1.0104241096782794e-05,2.122547334954209e-06,1.987322000788117e-05,0.499281670416237,6.935296550282277e-09,0.4992816704162441,2.6320519398807075e-09,0.0014041591461476227,9.805874310262393e-08,2.9238684013396224e-07
Random7060
Raw:1.0104241096783009e-05,2.122547334954224e-06,1.987322000788131e-05,0.49928167041623345,6.935296550282327e-09,0.49928167041624766,2.6320519398807638e-09,0.0014041591461476327,9.805874310262462e-08,2.923868401339685e-07
EFT:1.0104241096782794e-05,2.122547334954209e-06,1.987322000788117e-05,0.499281670416237,6.935296550282277e-09,0.4992816704162441,2.6320519398807075e-09,0.0014041591461476227,9.805874310262393e-08,2.9238684013396224e-07
Random7061
Raw:1.0104241096783009e-05,2.122547334954194e-06,1.9873220007881028e-05,0.49928167041623345,6.935296550282327e-09,0.49928167041624766,2.6320519398807638e-09,0.0014041591461476126,9.805874310262601e-08,2.9238684013396436e-07
EFT:1.0104241096782794e-05,2.122547334954209e-06,1.987322000788117e-05,0.499281670416237,6.935296550282277e-09,0.4992816704162441,2.6320519398807075e-09,0.0014041591461476227,9.805874310262393e-08,2.9238684013396224e-07
Random7062
Raw:1.0104241096782938e-05,2.122547334954209e-06,1.987322000788117e-05,0.499281670416237,6.935296550282277e-09,0.4992816704162441,2.632051939880745e-09,0.0014041591461476227,9.805874310262532e-08,2.9238684013396224e-07
EFT:1.0104241096782794e-05,2.122547334954209e-06,1.987322000788117e-05,0.499281670416237,6.935296550282277e-09,0.4992816704162441,2.6320519398807075e-09,0.0014041591461476227,9.805874310262393e-08,2.9238684013396224e-07
Random7063
Raw:1.0104241096783009e-05,2.122547334954194e-06,1.9873220007881028e-05,0.49928167041623345,6.935296550282327e-09,0.49928167041624766,2.6320519398807638e-09,0.0014041591461476126,9.805874310262601e-08,2.9238684013396436e-07
EFT:1.0104241096782794e-05,2.122547334954209e-06,1.987322000788117e-05,0.499281670416237,6.935296550282277e-09,0.4992816704162441,2.6320519398807075e-09,0.0014041591461476227,9.805874310262393e-08,2.9238684013396224e-07
Random7064
Raw:1.0104241096782938e-05,2.122547334954239e-06,1.987322000788117e-05,0.499281670416237,6.935296550282277e-09,0.4992816704162441,2.632051939880745e-09,0.0014041591461476427,9.805874310262532e-08,2.9238684013396224e-07
EFT:1.0104241096782794e-05,2.122547334954209e-06,1.987322000788117e-05,0.499281670416237,6.935296550282277e-09,0.4992816704162441,2.6320519398807075e-09,0.0014041591461476227,9.805874310262393e-08,2.9238684013396224e-07
Random7065
Raw:1.0104241096782794e-05,2.122547334954209e-06,1.987322000788117e-05,0.4992816704162441,6.935296550282277e-09,0.499281670416237,2.63205193988067e-09,0.0014041591461476227,9.805874310262393e-08,2.9238684013396224e-07
EFT:1.0104241096782794e-05,2.122547334954209e-06,1.987322000788117e-05,0.499281670416237,6.935296550282277e-09,0.4992816704162441,2.6320519398807075e-09,0.0014041591461476227,9.805874310262393e-08,2.9238684013396224e-07
Random7066
Raw:1.0104241096782867e-05,2.122547334954224e-06,1.987322000788131e-05,0.49928167041624055,6.935296550282326e-09,0.49928167041624055,2.6320519398807265e-09,0.0014041591461476327,9.805874310262462e-08,2.923868401339643e-07
EFT:1.0104241096782794e-05,2.122547334954209e-06,1.987322000788117e-05,0.499281670416237,6.935296550282277e-09,0.4992816704162441,2.6320519398807075e-09,0.0014041591461476227,9.805874310262393e-08,2.9238684013396224e-07
Random7067
Raw:1.0104241096783082e-05,2.122547334954239e-06,1.987322000788145e-05,0.499281670416237,6.935296550282475e-09,0.4992816704162441,2.6320519398807824e-09,0.0014041591461476427,9.805874310262532e-08,2.9238684013396637e-07
EFT:1.0104241096782794e-05,2.122547334954209e-06,1.987322000788117e-05,0.499281670416237,6.935296550282277e-09,0.4992816704162441,2.6320519398807075e-09,0.0014041591461476227,9.805874310262393e-08,2.9238684013396224e-07
Random7068
Raw:1.0104241096782938e-05,2.1225473349541788e-06,1.9873220007880885e-05,0.499281670416237,6.935296550282277e-09,0.4992816704162441,2.632051939880745e-09,0.0014041591461476026,9.805874310262532e-08,2.9238684013396224e-07
EFT:1.0104241096782794e-05,2.122547334954209e-06,1.987322000788117e-05,0.499281670416237,6.935296550282277e-09,0.4992816704162441,2.6320519398807075e-09,0.0014041591461476227,9.805874310262393e-08,2.9238684013396224e-07
Random7069
Raw:1.0104241096782938e-05,2.122547334954239e-06,1.987322000788117e-05,0.499281670416237,6.9352965502823754e-09,0.4992816704162441,2.6320519398807824e-09,0.0014041591461476227,9.805874310262532e-08,2.9238684013396637e-07
EFT:1.0104241096782794e-05,2.122547334954209e-06,1.987322000788117e-05,0.499281670416237,6.935296550282277e-09,0.4992816704162441,2.6320519398807075e-09,0.0014041591461476227,9.805874310262393e-08,2.9238684013396224e-07
Random7070
Raw:1.0104241096782865e-05,2.122547334954194e-06,1.9873220007881028e-05,0.49928167041623345,6.935296550282327e-09,0.49928167041624766,2.632051939880726e-09,0.0014041591461476126,9.805874310262462e-08,2.9238684013396436e-07
EFT:1.0104241096782794e-05,2.122547334954209e-06,1.987322000788117e-05,0.499281670416237,6.935296550282277e-09,0.4992816704162441,2.6320519398807075e-09,0.0014041591461476227,9.805874310262393e-08,2.9238684013396224e-07
Random7071
Raw:1.0104241096782938e-05,2.1225473349541788e-06,1.9873220007880885e-05,0.499281670416237,6.935296550282277e-09,0.4992816704162441,2.632051939880745e-09,0.0014041591461476026,9.805874310262532e-08,2.9238684013396224e-07
EFT:1.0104241096782794e-05,2.122547334954209e-06,1.987322000788117e-05,0.499281670416237,6.935296550282277e-09,0.4992816704162441,2.6320519398807075e-09,0.0014041591461476227,9.805874310262393e-08,2.9238684013396224e-07
Random7072
Raw:1.0104241096782938e-05,2.122547334954209e-06,1.987322000788117e-05,0.499281670416237,6.935296550282277e-09,0.4992816704162441,2.632051939880745e-09,0.0014041591461476427,9.805874310262393e-08,2.9238684013396224e-07
EFT:1.0104241096782794e-05,2.122547334954209e-06,1.987322000788117e-05,0.499281670416237,6.935296550282277e-09,0.4992816704162441,2.6320519398807075e-09,0.0014041591461476227,9.805874310262393e-08,2.9238684013396224e-07
Random7073
Raw:1.0104241096782938e-05,2.122547334954239e-06,1.987322000788145e-05,0.499281670416237,6.935296550282277e-09,0.4992816704162441,2.632051939880745e-09,0.0014041591461476427,9.805874310262393e-08,2.9238684013396637e-07
EFT:1.0104241096782794e-05,2.122547334954209e-06,1.987322000788117e-05,0.499281670416237,6.935296550282277e-09,0.4992816704162441,2.6320519398807075e-09,0.0014041591461476227,9.805874310262393e-08,2.9238684013396224e-07
Random7074
Raw:1.0104241096782794e-05,2.122547334954209e-06,1.987322000788117e-05,0.4992816704162441,6.935296550282277e-09,0.499281670416237,2.63205193988067e-09,0.0014041591461476227,9.805874310262393e-08,2.9238684013396224e-07
EFT:1.0104241096782794e-05,2.122547334954209e-06,1.987322000788117e-05,0.499281670416237,6.935296550282277e-09,0.4992816704162441,2.6320519398807075e-09,0.0014041591461476227,9.805874310262393e-08,2.9238684013396224e-07
Random7075
Raw:1.0104241096782938e-05,2.122547334954209e-06,1.987322000788117e-05,0.499281670416237,6.935296550282277e-09,0.4992816704162441,2.632051939880745e-09,0.0014041591461476427,9.805874310262393e-08,2.9238684013396224e-07
EFT:1.0104241096782794e-05,2.122547334954209e-06,1.987322000788117e-05,0.499281670416237,6.935296550282277e-09,0.4992816704162441,2.6320519398807075e-09,0.0014041591461476227,9.805874310262393e-08,2.9238684013396224e-07
Random7076
Raw:1.0104241096783082e-05,2.122547334954239e-06,1.987322000788145e-05,0.499281670416237,6.935296550282475e-09,0.4992816704162441,2.6320519398807824e-09,0.0014041591461476427,9.805874310262532e-08,2.9238684013396637e-07
EFT:1.0104241096782794e-05,2.122547334954209e-06,1.987322000788117e-05,0.499281670416237,6.935296550282277e-09,0.4992816704162441,2.6320519398807075e-09,0.0014041591461476227,9.805874310262393e-08,2.9238684013396224e-07
Random7077
Raw:1.0104241096783009e-05,2.122547334954194e-06,1.9873220007881028e-05,0.49928167041623345,6.935296550282327e-09,0.49928167041624766,2.6320519398807638e-09,0.0014041591461476327,9.805874310262462e-08,2.9238684013396436e-07
EFT:1.0104241096782794e-05,2.122547334954209e-06,1.987322000788117e-05,0.499281670416237,6.935296550282277e-09,0.4992816704162441,2.6320519398807075e-09,0.0014041591461476227,9.805874310262393e-08,2.9238684013396224e-07
Random7078
Raw:1.0104241096782794e-05,2.122547334954209e-06,1.9873220007880885e-05,0.499281670416237,6.935296550282277e-09,0.4992816704162441,2.6320519398807075e-09,0.0014041591461476026,9.805874310262393e-08,2.9238684013396224e-07
EFT:1.0104241096782794e-05,2.122547334954209e-06,1.987322000788117e-05,0.499281670416237,6.935296550282277e-09,0.4992816704162441,2.6320519398807075e-09,0.0014041591461476227,9.805874310262393e-08,2.9238684013396224e-07
Random7079
Raw:1.0104241096782938e-05,2.122547334954209e-06,1.987322000788117e-05,0.499281670416237,6.9352965502823754e-09,0.4992816704162441,2.632051939880745e-09,0.0014041591461476227,9.805874310262393e-08,2.9238684013396637e-07
EFT:1.0104241096782794e-05,2.122547334954209e-06,1.987322000788117e-05,0.499281670416237,6.935296550282277e-09,0.4992816704162441,2.6320519398807075e-09,0.0014041591461476227,9.805874310262393e-08,2.9238684013396224e-07
Random7080
Raw:1.0104241096782938e-05,2.122547334954239e-06,1.987322000788145e-05,0.499281670416237,6.9352965502823754e-09,0.4992816704162441,2.632051939880745e-09,0.0014041591461476227,9.805874310262532e-08,2.9238684013396637e-07
EFT:1.0104241096782794e-05,2.122547334954209e-06,1.987322000788117e-05,0.499281670416237,6.935296550282277e-09,0.4992816704162441,2.6320519398807075e-09,0.0014041591461476227,9.805874310262393e-08,2.9238684013396224e-07
Random7081
Raw:1.0104241096783009e-05,2.122547334954224e-06,1.987322000788131e-05,0.49928167041623345,6.935296550282327e-09,0.49928167041624766,2.6320519398807638e-09,0.0014041591461476327,9.805874310262462e-08,2.923868401339685e-07
EFT:1.0104241096782794e-05,2.122547334954209e-06,1.987322000788117e-05,0.499281670416237,6.935296550282277e-09,0.4992816704162441,2.6320519398807075e-09,0.0014041591461476227,9.805874310262393e-08,2.9238684013396224e-07
Random7082
Raw:1.0104241096782938e-05,2.122547334954239e-06,1.987322000788145e-05,0.499281670416237,6.935296550282277e-09,0.4992816704162441,2.632051939880745e-09,0.0014041591461476427,9.805874310262532e-08,2.9238684013396224e-07
EFT:1.0104241096782794e-05,2.122547334954209e-06,1.987322000788117e-05,0.499281670416237,6.935296550282277e-09,0.4992816704162441,2.6320519398807075e-09,0.0014041591461476227,9.805874310262393e-08,2.9238684013396224e-07
Random7083
Raw:1.0104241096782794e-05,2.122547334954209e-06,1.9873220007880885e-05,0.499281670416237,6.935296550282277e-09,0.4992816704162441,2.632051939880745e-09,0.0014041591461476227,9.805874310262254e-08,2.9238684013396224e-07
EFT:1.0104241096782794e-05,2.122547334954209e-06,1.987322000788117e-05,0.499281670416237,6.935296550282277e-09,0.4992816704162441,2.6320519398807075e-09,0.0014041591461476227,9.805874310262393e-08,2.9238684013396224e-07
Random7084
Raw:1.0104241096782867e-05,2.122547334954194e-06,1.9873220007881028e-05,0.49928167041624055,6.935296550282326e-09,0.49928167041624055,2.6320519398807265e-09,0.0014041591461476128,9.805874310262602e-08,2.923868401339643e-07
EFT:1.0104241096782794e-05,2.122547334954209e-06,1.987322000788117e-05,0.499281670416237,6.935296550282277e-09,0.4992816704162441,2.6320519398807075e-09,0.0014041591461476227,9.805874310262393e-08,2.9238684013396224e-07
Random7085
Raw:1.0104241096782938e-05,2.122547334954239e-06,1.987322000788117e-05,0.499281670416237,6.9352965502823754e-09,0.4992816704162441,2.6320519398807824e-09,0.0014041591461476227,9.805874310262532e-08,2.9238684013396637e-07
EFT:1.0104241096782794e-05,2.122547334954209e-06,1.987322000788117e-05,0.499281670416237,6.935296550282277e-09,0.4992816704162441,2.6320519398807075e-09,0.0014041591461476227,9.805874310262393e-08,2.9238684013396224e-07
Random7086
Raw:1.0104241096783009e-05,2.122547334954224e-06,1.9873220007881028e-05,0.49928167041623345,6.935296550282327e-09,0.49928167041624766,2.6320519398807638e-09,0.0014041591461476327,9.805874310262601e-08,2.9238684013396436e-07
EFT:1.0104241096782794e-05,2.122547334954209e-06,1.987322000788117e-05,0.499281670416237,6.935296550282277e-09,0.4992816704162441,2.6320519398807075e-09,0.0014041591461476227,9.805874310262393e-08,2.9238684013396224e-07
Random7087
Raw:1.0104241096783009e-05,2.122547334954194e-06,1.9873220007881028e-05,0.49928167041623345,6.935296550282327e-09,0.49928167041624766,2.6320519398807638e-09,0.0014041591461476126,9.805874310262601e-08,2.9238684013396436e-07
EFT:1.0104241096782794e-05,2.122547334954209e-06,1.987322000788117e-05,0.499281670416237,6.935296550282277e-09,0.4992816704162441,2.6320519398807075e-09,0.0014041591461476227,9.805874310262393e-08,2.9238684013396224e-07
Random7088
Raw:1.0104241096782867e-05,2.122547334954224e-06,1.987322000788131e-05,0.49928167041624055,6.935296550282326e-09,0.49928167041624055,2.6320519398807265e-09,0.0014041591461476327,9.805874310262462e-08,2.923868401339643e-07
EFT:1.0104241096782794e-05,2.122547334954209e-06,1.987322000788117e-05,0.499281670416237,6.935296550282277e-09,0.4992816704162441,2.6320519398807075e-09,0.0014041591461476227,9.805874310262393e-08,2.9238684013396224e-07
Random7089
Raw:1.0104241096782938e-05,2.122547334954209e-06,1.987322000788117e-05,0.499281670416237,6.935296550282277e-09,0.4992816704162441,2.632051939880745e-09,0.0014041591461476427,9.805874310262393e-08,2.9238684013396224e-07
EFT:1.0104241096782794e-05,2.122547334954209e-06,1.987322000788117e-05,0.499281670416237,6.935296550282277e-09,0.4992816704162441,2.6320519398807075e-09,0.0014041591461476227,9.805874310262393e-08,2.9238684013396224e-07
Random7090
Raw:1.0104241096782867e-05,2.122547334954224e-06,1.9873220007881028e-05,0.49928167041624055,6.935296550282228e-09,0.49928167041624055,2.632051939880689e-09,0.0014041591461476327,9.805874310262462e-08,2.923868401339602e-07
EFT:1.0104241096782794e-05,2.122547334954209e-06,1.987322000788117e-05,0.499281670416237,6.935296550282277e-09,0.4992816704162441,2.6320519398807075e-09,0.0014041591461476227,9.805874310262393e-08,2.9238684013396224e-07
Random7091
Raw:1.0104241096783009e-05,2.122547334954224e-06,1.9873220007881028e-05,0.49928167041623345,6.935296550282327e-09,0.49928167041624766,2.6320519398807638e-09,0.0014041591461476327,9.805874310262601e-08,2.9238684013396436e-07
EFT:1.0104241096782794e-05,2.122547334954209e-06,1.987322000788117e-05,0.499281670416237,6.935296550282277e-09,0.4992816704162441,2.6320519398807075e-09,0.0014041591461476227,9.805874310262393e-08,2.9238684013396224e-07
Random7092
Raw:1.0104241096782867e-05,2.122547334954224e-06,1.9873220007881028e-05,0.49928167041624055,6.935296550282326e-09,0.49928167041624055,2.6320519398807265e-09,0.0014041591461476327,9.805874310262323e-08,2.923868401339643e-07
EFT:1.0104241096782794e-05,2.122547334954209e-06,1.987322000788117e-05,0.499281670416237,6.935296550282277e-09,0.4992816704162441,2.6320519398807075e-09,0.0014041591461476227,9.805874310262393e-08,2.9238684013396224e-07
Random7093
Raw:1.0104241096782794e-05,2.122547334954209e-06,1.987322000788117e-05,0.499281670416237,6.935296550282277e-09,0.4992816704162441,2.6320519398807075e-09,0.0014041591461476227,9.805874310262393e-08,2.9238684013396224e-07
EFT:1.0104241096782794e-05,2.122547334954209e-06,1.987322000788117e-05,0.499281670416237,6.935296550282277e-09,0.4992816704162441,2.6320519398807075e-09,0.0014041591461476227,9.805874310262393e-08,2.9238684013396224e-07
Random7094
Raw:1.0104241096782794e-05,2.122547334954209e-06,1.987322000788117e-05,0.499281670416237,6.935296550282277e-09,0.4992816704162441,2.632051939880745e-09,0.0014041591461476227,9.805874310262254e-08,2.9238684013396224e-07
EFT:1.0104241096782794e-05,2.122547334954209e-06,1.987322000788117e-05,0.499281670416237,6.935296550282277e-09,0.4992816704162441,2.6320519398807075e-09,0.0014041591461476227,9.805874310262393e-08,2.9238684013396224e-07
Random7095
Raw:1.0104241096782938e-05,2.122547334954209e-06,1.987322000788117e-05,0.499281670416237,6.9352965502823754e-09,0.4992816704162441,2.632051939880745e-09,0.0014041591461476227,9.805874310262393e-08,2.9238684013396637e-07
EFT:1.0104241096782794e-05,2.122547334954209e-06,1.987322000788117e-05,0.499281670416237,6.935296550282277e-09,0.4992816704162441,2.6320519398807075e-09,0.0014041591461476227,9.805874310262393e-08,2.9238684013396224e-07
Random7096
Raw:1.0104241096783009e-05,2.122547334954224e-06,1.987322000788131e-05,0.49928167041623345,6.935296550282327e-09,0.49928167041624766,2.6320519398807638e-09,0.0014041591461476327,9.805874310262462e-08,2.923868401339685e-07
EFT:1.0104241096782794e-05,2.122547334954209e-06,1.987322000788117e-05,0.499281670416237,6.935296550282277e-09,0.4992816704162441,2.6320519398807075e-09,0.0014041591461476227,9.805874310262393e-08,2.9238684013396224e-07
Random7097
Raw:1.0104241096782865e-05,2.122547334954194e-06,1.9873220007881028e-05,0.49928167041623345,6.935296550282228e-09,0.49928167041624766,2.632051939880726e-09,0.0014041591461476126,9.805874310262462e-08,2.9238684013396436e-07
EFT:1.0104241096782794e-05,2.122547334954209e-06,1.987322000788117e-05,0.499281670416237,6.935296550282277e-09,0.4992816704162441,2.6320519398807075e-09,0.0014041591461476227,9.805874310262393e-08,2.9238684013396224e-07
Random7098
Raw:1.0104241096782938e-05,2.1225473349541788e-06,1.9873220007880885e-05,0.499281670416237,6.935296550282277e-09,0.4992816704162441,2.632051939880745e-09,0.0014041591461476026,9.805874310262532e-08,2.9238684013396224e-07
EFT:1.0104241096782794e-05,2.122547334954209e-06,1.987322000788117e-05,0.499281670416237,6.935296550282277e-09,0.4992816704162441,2.6320519398807075e-09,0.0014041591461476227,9.805874310262393e-08,2.9238684013396224e-07
Random7099
Raw:1.0104241096782867e-05,2.122547334954194e-06,1.9873220007881028e-05,0.49928167041624055,6.935296550282326e-09,0.49928167041624055,2.6320519398807265e-09,0.0014041591461476128,9.805874310262323e-08,2.923868401339643e-07
EFT:1.0104241096782794e-05,2.122547334954209e-06,1.987322000788117e-05,0.499281670416237,6.935296550282277e-09,0.4992816704162441,2.6320519398807075e-09,0.0014041591461476227,9.805874310262393e-08,2.9238684013396224e-07
Random7100
Raw:1.0104241096782938e-05,2.122547334954239e-06,1.987322000788117e-05,0.499281670416237,6.935296550282277e-09,0.4992816704162441,2.632051939880745e-09,0.0014041591461476427,9.805874310262532e-08,2.9238684013396224e-07
EFT:1.0104241096782794e-05,2.122547334954209e-06,1.987322000788117e-05,0.499281670416237,6.935296550282277e-09,0.4992816704162441,2.6320519398807075e-09,0.0014041591461476227,9.805874310262393e-08,2.9238684013396224e-07
Random7101
Raw:1.0104241096782867e-05,2.122547334954224e-06,1.9873220007881028e-05,0.49928167041624055,6.935296550282326e-09,0.49928167041624055,2.6320519398807265e-09,0.0014041591461476327,9.805874310262323e-08,2.923868401339643e-07
EFT:1.0104241096782794e-05,2.122547334954209e-06,1.987322000788117e-05,0.499281670416237,6.935296550282277e-09,0.4992816704162441,2.6320519398807075e-09,0.0014041591461476227,9.805874310262393e-08,2.9238684013396224e-07
Random7102
Raw:1.0104241096782938e-05,2.122547334954209e-06,1.987322000788117e-05,0.499281670416237,6.9352965502823754e-09,0.4992816704162441,2.6320519398807824e-09,0.0014041591461476227,9.805874310262532e-08,2.9238684013396637e-07
EFT:1.0104241096782794e-05,2.122547334954209e-06,1.987322000788117e-05,0.499281670416237,6.935296550282277e-09,0.4992816704162441,2.6320519398807075e-09,0.0014041591461476227,9.805874310262393e-08,2.9238684013396224e-07
Random7103
Raw:1.0104241096782867e-05,2.122547334954194e-06,1.9873220007881028e-05,0.49928167041624055,6.935296550282326e-09,0.49928167041624055,2.6320519398807265e-09,0.0014041591461476128,9.805874310262323e-08,2.923868401339643e-07
EFT:1.0104241096782794e-05,2.122547334954209e-06,1.987322000788117e-05,0.499281670416237,6.935296550282277e-09,0.4992816704162441,2.6320519398807075e-09,0.0014041591461476227,9.805874310262393e-08,2.9238684013396224e-07
Random7104
Raw:1.0104241096782938e-05,2.1225473349541788e-06,1.9873220007880885e-05,0.499281670416237,6.935296550282277e-09,0.4992816704162441,2.632051939880745e-09,0.0014041591461476026,9.805874310262532e-08,2.9238684013396224e-07
EFT:1.0104241096782794e-05,2.122547334954209e-06,1.987322000788117e-05,0.499281670416237,6.935296550282277e-09,0.4992816704162441,2.6320519398807075e-09,0.0014041591461476227,9.805874310262393e-08,2.9238684013396224e-07
Random7105
Raw:1.0104241096782794e-05,2.122547334954209e-06,1.987322000788117e-05,0.499281670416237,6.935296550282277e-09,0.4992816704162441,2.632051939880745e-09,0.0014041591461476227,9.805874310262254e-08,2.9238684013396224e-07
EFT:1.0104241096782794e-05,2.122547334954209e-06,1.987322000788117e-05,0.499281670416237,6.935296550282277e-09,0.4992816704162441,2.6320519398807075e-09,0.0014041591461476227,9.805874310262393e-08,2.9238684013396224e-07
Random7106
Raw:1.0104241096783009e-05,2.122547334954224e-06,1.9873220007881028e-05,0.49928167041623345,6.935296550282327e-09,0.49928167041624766,2.6320519398807638e-09,0.0014041591461476327,9.805874310262601e-08,2.9238684013396436e-07
EFT:1.0104241096782794e-05,2.122547334954209e-06,1.987322000788117e-05,0.499281670416237,6.935296550282277e-09,0.4992816704162441,2.6320519398807075e-09,0.0014041591461476227,9.805874310262393e-08,2.9238684013396224e-07
Random7107
Raw:1.0104241096782938e-05,2.122547334954209e-06,1.987322000788117e-05,0.499281670416237,6.935296550282277e-09,0.4992816704162441,2.632051939880745e-09,0.0014041591461476227,9.805874310262532e-08,2.9238684013396224e-07
EFT:1.0104241096782794e-05,2.122547334954209e-06,1.987322000788117e-05,0.499281670416237,6.935296550282277e-09,0.4992816704162441,2.6320519398807075e-09,0.0014041591461476227,9.805874310262393e-08,2.9238684013396224e-07
Random7108
Raw:1.0104241096782938e-05,2.122547334954209e-06,1.987322000788117e-05,0.499281670416237,6.9352965502823754e-09,0.4992816704162441,2.632051939880745e-09,0.0014041591461476227,9.805874310262532e-08,2.9238684013396637e-07
EFT:1.0104241096782794e-05,2.122547334954209e-06,1.987322000788117e-05,0.499281670416237,6.935296550282277e-09,0.4992816704162441,2.6320519398807075e-09,0.0014041591461476227,9.805874310262393e-08,2.9238684013396224e-07
Random7109
Raw:1.0104241096782938e-05,2.122547334954209e-06,1.987322000788117e-05,0.499281670416237,6.9352965502823754e-09,0.4992816704162441,2.632051939880745e-09,0.0014041591461476227,9.805874310262393e-08,2.9238684013396637e-07
EFT:1.0104241096782794e-05,2.122547334954209e-06,1.987322000788117e-05,0.499281670416237,6.935296550282277e-09,0.4992816704162441,2.6320519398807075e-09,0.0014041591461476227,9.805874310262393e-08,2.9238684013396224e-07
Random7110
Raw:1.0104241096782938e-05,2.122547334954239e-06,1.987322000788117e-05,0.499281670416237,6.9352965502823754e-09,0.4992816704162441,2.6320519398807824e-09,0.0014041591461476227,9.805874310262532e-08,2.9238684013396637e-07
EFT:1.0104241096782794e-05,2.122547334954209e-06,1.987322000788117e-05,0.499281670416237,6.935296550282277e-09,0.4992816704162441,2.6320519398807075e-09,0.0014041591461476227,9.805874310262393e-08,2.9238684013396224e-07
Random7111
Raw:1.0104241096782794e-05,2.122547334954209e-06,1.987322000788117e-05,0.4992816704162441,6.935296550282277e-09,0.499281670416237,2.63205193988067e-09,0.0014041591461476227,9.805874310262393e-08,2.9238684013396224e-07
EFT:1.0104241096782794e-05,2.122547334954209e-06,1.987322000788117e-05,0.499281670416237,6.935296550282277e-09,0.4992816704162441,2.6320519398807075e-09,0.0014041591461476227,9.805874310262393e-08,2.9238684013396224e-07
Random7112
Raw:1.0104241096782867e-05,2.122547334954194e-06,1.9873220007881028e-05,0.49928167041624055,6.935296550282326e-09,0.49928167041624055,2.6320519398807265e-09,0.0014041591461476128,9.805874310262323e-08,2.923868401339643e-07
EFT:1.0104241096782794e-05,2.122547334954209e-06,1.987322000788117e-05,0.499281670416237,6.935296550282277e-09,0.4992816704162441,2.6320519398807075e-09,0.0014041591461476227,9.805874310262393e-08,2.9238684013396224e-07
Random7113
Raw:1.0104241096782794e-05,2.122547334954209e-06,1.987322000788117e-05,0.499281670416237,6.9352965502821786e-09,0.4992816704162441,2.6320519398807075e-09,0.0014041591461476227,9.805874310262393e-08,2.9238684013396224e-07
EFT:1.0104241096782794e-05,2.122547334954209e-06,1.987322000788117e-05,0.499281670416237,6.935296550282277e-09,0.4992816704162441,2.6320519398807075e-09,0.0014041591461476227,9.805874310262393e-08,2.9238684013396224e-07
Random7114
Raw:1.0104241096782938e-05,2.122547334954209e-06,1.987322000788117e-05,0.499281670416237,6.935296550282277e-09,0.4992816704162441,2.632051939880745e-09,0.0014041591461476227,9.805874310262532e-08,2.9238684013396224e-07
EFT:1.0104241096782794e-05,2.122547334954209e-06,1.987322000788117e-05,0.499281670416237,6.935296550282277e-09,0.4992816704162441,2.6320519398807075e-09,0.0014041591461476227,9.805874310262393e-08,2.9238684013396224e-07
Random7115
Raw:1.0104241096783009e-05,2.122547334954224e-06,1.9873220007881028e-05,0.49928167041623345,6.935296550282327e-09,0.49928167041624766,2.6320519398807638e-09,0.0014041591461476327,9.805874310262601e-08,2.9238684013396436e-07
EFT:1.0104241096782794e-05,2.122547334954209e-06,1.987322000788117e-05,0.499281670416237,6.935296550282277e-09,0.4992816704162441,2.6320519398807075e-09,0.0014041591461476227,9.805874310262393e-08,2.9238684013396224e-07
Random7116
Raw:1.0104241096782938e-05,2.122547334954209e-06,1.987322000788117e-05,0.499281670416237,6.935296550282277e-09,0.4992816704162441,2.632051939880745e-09,0.0014041591461476427,9.805874310262393e-08,2.9238684013396224e-07
EFT:1.0104241096782794e-05,2.122547334954209e-06,1.987322000788117e-05,0.499281670416237,6.935296550282277e-09,0.4992816704162441,2.6320519398807075e-09,0.0014041591461476227,9.805874310262393e-08,2.9238684013396224e-07
Random7117
Raw:1.0104241096782938e-05,2.122547334954239e-06,1.987322000788117e-05,0.499281670416237,6.935296550282277e-09,0.4992816704162441,2.632051939880745e-09,0.0014041591461476427,9.805874310262393e-08,2.9238684013396637e-07
EFT:1.0104241096782794e-05,2.122547334954209e-06,1.987322000788117e-05,0.499281670416237,6.935296550282277e-09,0.4992816704162441,2.6320519398807075e-09,0.0014041591461476227,9.805874310262393e-08,2.9238684013396224e-07
Random7118
Raw:1.0104241096783009e-05,2.122547334954224e-06,1.987322000788131e-05,0.49928167041623345,6.935296550282424e-09,0.49928167041624766,2.6320519398807638e-09,0.0014041591461476327,9.805874310262601e-08,2.923868401339685e-07
EFT:1.0104241096782794e-05,2.122547334954209e-06,1.987322000788117e-05,0.499281670416237,6.935296550282277e-09,0.4992816704162441,2.6320519398807075e-09,0.0014041591461476227,9.805874310262393e-08,2.9238684013396224e-07
Random7119
Raw:1.0104241096782867e-05,2.122547334954224e-06,1.9873220007881028e-05,0.49928167041624055,6.935296550282326e-09,0.49928167041624055,2.6320519398807265e-09,0.0014041591461476327,9.805874310262602e-08,2.923868401339643e-07
EFT:1.0104241096782794e-05,2.122547334954209e-06,1.987322000788117e-05,0.499281670416237,6.935296550282277e-09,0.4992816704162441,2.6320519398807075e-09,0.0014041591461476227,9.805874310262393e-08,2.9238684013396224e-07
Random7120
Raw:1.0104241096783009e-05,2.122547334954224e-06,1.987322000788131e-05,0.49928167041623345,6.935296550282327e-09,0.49928167041624766,2.6320519398807638e-09,0.0014041591461476327,9.805874310262601e-08,2.9238684013396436e-07
EFT:1.0104241096782794e-05,2.122547334954209e-06,1.987322000788117e-05,0.499281670416237,6.935296550282277e-09,0.4992816704162441,2.6320519398807075e-09,0.0014041591461476227,9.805874310262393e-08,2.9238684013396224e-07
Random7121
Raw:1.0104241096782865e-05,2.122547334954194e-06,1.9873220007881028e-05,0.49928167041623345,6.935296550282327e-09,0.49928167041624766,2.6320519398807638e-09,0.0014041591461476126,9.805874310262324e-08,2.9238684013396436e-07
EFT:1.0104241096782794e-05,2.122547334954209e-06,1.987322000788117e-05,0.499281670416237,6.935296550282277e-09,0.4992816704162441,2.6320519398807075e-09,0.0014041591461476227,9.805874310262393e-08,2.9238684013396224e-07
Random7122
Raw:1.0104241096782938e-05,2.122547334954239e-06,1.987322000788117e-05,0.499281670416237,6.9352965502823754e-09,0.4992816704162441,2.6320519398807824e-09,0.0014041591461476227,9.805874310262532e-08,2.9238684013396637e-07
EFT:1.0104241096782794e-05,2.122547334954209e-06,1.987322000788117e-05,0.499281670416237,6.935296550282277e-09,0.4992816704162441,2.6320519398807075e-09,0.0014041591461476227,9.805874310262393e-08,2.9238684013396224e-07
Random7123
Raw:1.0104241096782938e-05,2.122547334954239e-06,1.987322000788145e-05,0.499281670416237,6.935296550282277e-09,0.4992816704162441,2.632051939880745e-09,0.0014041591461476427,9.805874310262393e-08,2.9238684013396637e-07
EFT:1.0104241096782794e-05,2.122547334954209e-06,1.987322000788117e-05,0.499281670416237,6.935296550282277e-09,0.4992816704162441,2.6320519398807075e-09,0.0014041591461476227,9.805874310262393e-08,2.9238684013396224e-07
Random7124
Raw:1.0104241096782794e-05,2.122547334954209e-06,1.987322000788117e-05,0.499281670416237,6.9352965502821786e-09,0.4992816704162441,2.6320519398807075e-09,0.0014041591461476227,9.805874310262393e-08,2.9238684013396224e-07
EFT:1.0104241096782794e-05,2.122547334954209e-06,1.987322000788117e-05,0.499281670416237,6.935296550282277e-09,0.4992816704162441,2.6320519398807075e-09,0.0014041591461476227,9.805874310262393e-08,2.9238684013396224e-07
Random7125
Raw:1.0104241096782938e-05,2.122547334954209e-06,1.987322000788117e-05,0.499281670416237,6.9352965502823754e-09,0.4992816704162441,2.632051939880745e-09,0.0014041591461476227,9.805874310262393e-08,2.9238684013396637e-07
EFT:1.0104241096782794e-05,2.122547334954209e-06,1.987322000788117e-05,0.499281670416237,6.935296550282277e-09,0.4992816704162441,2.6320519398807075e-09,0.0014041591461476227,9.805874310262393e-08,2.9238684013396224e-07
Random7126
Raw:1.0104241096783009e-05,2.122547334954224e-06,1.987322000788131e-05,0.49928167041623345,6.935296550282327e-09,0.49928167041624766,2.6320519398807638e-09,0.0014041591461476327,9.805874310262601e-08,2.9238684013396436e-07
EFT:1.0104241096782794e-05,2.122547334954209e-06,1.987322000788117e-05,0.499281670416237,6.935296550282277e-09,0.4992816704162441,2.6320519398807075e-09,0.0014041591461476227,9.805874310262393e-08,2.9238684013396224e-07
Random7127
Raw:1.0104241096782938e-05,2.122547334954209e-06,1.987322000788117e-05,0.499281670416237,6.935296550282277e-09,0.4992816704162441,2.632051939880745e-09,0.0014041591461476227,9.805874310262532e-08,2.9238684013396224e-07
EFT:1.0104241096782794e-05,2.122547334954209e-06,1.987322000788117e-05,0.499281670416237,6.935296550282277e-09,0.4992816704162441,2.6320519398807075e-09,0.0014041591461476227,9.805874310262393e-08,2.9238684013396224e-07
Random7128
Raw:1.0104241096782938e-05,2.122547334954239e-06,1.987322000788145e-05,0.499281670416237,6.9352965502823754e-09,0.4992816704162441,2.632051939880745e-09,0.0014041591461476227,9.805874310262532e-08,2.9238684013396637e-07
EFT:1.0104241096782794e-05,2.122547334954209e-06,1.987322000788117e-05,0.499281670416237,6.935296550282277e-09,0.4992816704162441,2.6320519398807075e-09,0.0014041591461476227,9.805874310262393e-08,2.9238684013396224e-07
Random7129
Raw:1.0104241096782938e-05,2.122547334954209e-06,1.987322000788117e-05,0.499281670416237,6.9352965502823754e-09,0.4992816704162441,2.632051939880745e-09,0.0014041591461476227,9.805874310262672e-08,2.9238684013396637e-07
EFT:1.0104241096782794e-05,2.122547334954209e-06,1.987322000788117e-05,0.499281670416237,6.935296550282277e-09,0.4992816704162441,2.6320519398807075e-09,0.0014041591461476227,9.805874310262393e-08,2.9238684013396224e-07
Random7130
Raw:1.0104241096782938e-05,2.122547334954209e-06,1.987322000788117e-05,0.499281670416237,6.935296550282277e-09,0.4992816704162441,2.632051939880745e-09,0.0014041591461476227,9.805874310262532e-08,2.9238684013396224e-07
EFT:1.0104241096782794e-05,2.122547334954209e-06,1.987322000788117e-05,0.499281670416237,6.935296550282277e-09,0.4992816704162441,2.6320519398807075e-09,0.0014041591461476227,9.805874310262393e-08,2.9238684013396224e-07
Random7131
Raw:1.0104241096782865e-05,2.122547334954194e-06,1.9873220007881028e-05,0.49928167041623345,6.935296550282228e-09,0.49928167041624766,2.632051939880726e-09,0.0014041591461476327,9.805874310262462e-08,2.923868401339602e-07
EFT:1.0104241096782794e-05,2.122547334954209e-06,1.987322000788117e-05,0.499281670416237,6.935296550282277e-09,0.4992816704162441,2.6320519398807075e-09,0.0014041591461476227,9.805874310262393e-08,2.9238684013396224e-07
Random7132
Raw:1.0104241096782867e-05,2.122547334954224e-06,1.987322000788131e-05,0.49928167041624055,6.935296550282326e-09,0.49928167041624055,2.6320519398807265e-09,0.0014041591461476327,9.805874310262462e-08,2.923868401339643e-07
EFT:1.0104241096782794e-05,2.122547334954209e-06,1.987322000788117e-05,0.499281670416237,6.935296550282277e-09,0.4992816704162441,2.6320519398807075e-09,0.0014041591461476227,9.805874310262393e-08,2.9238684013396224e-07
Random7133
Raw:1.0104241096782938e-05,2.122547334954209e-06,1.987322000788117e-05,0.499281670416237,6.935296550282277e-09,0.4992816704162441,2.632051939880745e-09,0.0014041591461476227,9.805874310262532e-08,2.9238684013396224e-07
EFT:1.0104241096782794e-05,2.122547334954209e-06,1.987322000788117e-05,0.499281670416237,6.935296550282277e-09,0.4992816704162441,2.6320519398807075e-09,0.0014041591461476227,9.805874310262393e-08,2.9238684013396224e-07
Random7134
Raw:1.0104241096782938e-05,2.122547334954209e-06,1.987322000788117e-05,0.499281670416237,6.935296550282277e-09,0.4992816704162441,2.632051939880745e-09,0.0014041591461476427,9.805874310262393e-08,2.9238684013396224e-07
EFT:1.0104241096782794e-05,2.122547334954209e-06,1.987322000788117e-05,0.499281670416237,6.935296550282277e-09,0.4992816704162441,2.6320519398807075e-09,0.0014041591461476227,9.805874310262393e-08,2.9238684013396224e-07
Random7135
Raw:1.0104241096782865e-05,2.122547334954194e-06,1.9873220007881028e-05,0.49928167041623345,6.935296550282228e-09,0.49928167041624766,2.632051939880726e-09,0.0014041591461476126,9.805874310262462e-08,2.9238684013396436e-07
EFT:1.0104241096782794e-05,2.122547334954209e-06,1.987322000788117e-05,0.499281670416237,6.935296550282277e-09,0.4992816704162441,2.6320519398807075e-09,0.0014041591461476227,9.805874310262393e-08,2.9238684013396224e-07
Random7136
Raw:1.0104241096782794e-05,2.122547334954209e-06,1.9873220007880885e-05,0.499281670416237,6.935296550282277e-09,0.4992816704162441,2.632051939880745e-09,0.0014041591461476227,9.805874310262254e-08,2.9238684013396224e-07
EFT:1.0104241096782794e-05,2.122547334954209e-06,1.987322000788117e-05,0.499281670416237,6.935296550282277e-09,0.4992816704162441,2.6320519398807075e-09,0.0014041591461476227,9.805874310262393e-08,2.9238684013396224e-07
Random7137
Raw:1.0104241096782867e-05,2.122547334954224e-06,1.987322000788131e-05,0.49928167041624055,6.935296550282326e-09,0.49928167041624055,2.6320519398807265e-09,0.0014041591461476327,9.805874310262462e-08,2.923868401339643e-07
EFT:1.0104241096782794e-05,2.122547334954209e-06,1.987322000788117e-05,0.499281670416237,6.935296550282277e-09,0.4992816704162441,2.6320519398807075e-09,0.0014041591461476227,9.805874310262393e-08,2.9238684013396224e-07
Random7138
Raw:1.0104241096782938e-05,2.122547334954239e-06,1.987322000788117e-05,0.499281670416237,6.9352965502823754e-09,0.4992816704162441,2.6320519398807824e-09,0.0014041591461476227,9.805874310262532e-08,2.9238684013396637e-07
EFT:1.0104241096782794e-05,2.122547334954209e-06,1.987322000788117e-05,0.499281670416237,6.935296550282277e-09,0.4992816704162441,2.6320519398807075e-09,0.0014041591461476227,9.805874310262393e-08,2.9238684013396224e-07
Random7139
Raw:1.0104241096782867e-05,2.122547334954224e-06,1.987322000788131e-05,0.49928167041624055,6.935296550282326e-09,0.49928167041624055,2.6320519398807265e-09,0.0014041591461476327,9.805874310262462e-08,2.923868401339643e-07
EFT:1.0104241096782794e-05,2.122547334954209e-06,1.987322000788117e-05,0.499281670416237,6.935296550282277e-09,0.4992816704162441,2.6320519398807075e-09,0.0014041591461476227,9.805874310262393e-08,2.9238684013396224e-07
Random7140
Raw:1.0104241096782867e-05,2.122547334954194e-06,1.9873220007881028e-05,0.49928167041624055,6.935296550282326e-09,0.49928167041624055,2.6320519398807265e-09,0.0014041591461476128,9.805874310262602e-08,2.923868401339643e-07
EFT:1.0104241096782794e-05,2.122547334954209e-06,1.987322000788117e-05,0.499281670416237,6.935296550282277e-09,0.4992816704162441,2.6320519398807075e-09,0.0014041591461476227,9.805874310262393e-08,2.9238684013396224e-07
Random7141
Raw:1.0104241096782938e-05,2.122547334954209e-06,1.987322000788117e-05,0.499281670416237,6.9352965502823754e-09,0.4992816704162441,2.632051939880745e-09,0.0014041591461476227,9.805874310262532e-08,2.9238684013396637e-07
EFT:1.0104241096782794e-05,2.122547334954209e-06,1.987322000788117e-05,0.499281670416237,6.935296550282277e-09,0.4992816704162441,2.6320519398807075e-09,0.0014041591461476227,9.805874310262393e-08,2.9238684013396224e-07
Random7142
Raw:1.0104241096782938e-05,2.122547334954239e-06,1.9873220007880885e-05,0.499281670416237,6.935296550282277e-09,0.4992816704162441,2.632051939880745e-09,0.0014041591461476227,9.805874310262532e-08,2.9238684013396224e-07
EFT:1.0104241096782794e-05,2.122547334954209e-06,1.987322000788117e-05,0.499281670416237,6.935296550282277e-09,0.4992816704162441,2.6320519398807075e-09,0.0014041591461476227,9.805874310262393e-08,2.9238684013396224e-07
Random7143
Raw:1.0104241096782938e-05,2.122547334954209e-06,1.987322000788117e-05,0.499281670416237,6.9352965502823754e-09,0.4992816704162441,2.632051939880745e-09,0.0014041591461476227,9.805874310262532e-08,2.9238684013396637e-07
EFT:1.0104241096782794e-05,2.122547334954209e-06,1.987322000788117e-05,0.499281670416237,6.935296550282277e-09,0.4992816704162441,2.6320519398807075e-09,0.0014041591461476227,9.805874310262393e-08,2.9238684013396224e-07
Random7144
Raw:1.0104241096782794e-05,2.122547334954209e-06,1.987322000788117e-05,0.499281670416237,6.935296550282277e-09,0.4992816704162441,2.6320519398807075e-09,0.0014041591461476026,9.805874310262393e-08,2.9238684013396224e-07
EFT:1.0104241096782794e-05,2.122547334954209e-06,1.987322000788117e-05,0.499281670416237,6.935296550282277e-09,0.4992816704162441,2.6320519398807075e-09,0.0014041591461476227,9.805874310262393e-08,2.9238684013396224e-07
Random7145
Raw:1.0104241096782867e-05,2.122547334954194e-06,1.9873220007881028e-05,0.49928167041624055,6.935296550282228e-09,0.49928167041624055,2.632051939880689e-09,0.0014041591461476128,9.805874310262462e-08,2.923868401339602e-07
EFT:1.0104241096782794e-05,2.122547334954209e-06,1.987322000788117e-05,0.499281670416237,6.935296550282277e-09,0.4992816704162441,2.6320519398807075e-09,0.0014041591461476227,9.805874310262393e-08,2.9238684013396224e-07
Random7146
Raw:1.0104241096782867e-05,2.122547334954224e-06,1.987322000788131e-05,0.49928167041624055,6.935296550282228e-09,0.49928167041624055,2.632051939880689e-09,0.0014041591461476527,9.805874310262462e-08,2.923868401339602e-07
EFT:1.0104241096782794e-05,2.122547334954209e-06,1.987322000788117e-05,0.499281670416237,6.935296550282277e-09,0.4992816704162441,2.6320519398807075e-09,0.0014041591461476227,9.805874310262393e-08,2.9238684013396224e-07
Random7147
Raw:1.0104241096782723e-05,2.122547334954194e-06,1.9873220007881028e-05,0.49928167041624055,6.935296550282228e-09,0.49928167041624055,2.6320519398806513e-09,0.0014041591461476128,9.805874310262323e-08,2.923868401339602e-07
EFT:1.0104241096782794e-05,2.122547334954209e-06,1.987322000788117e-05,0.499281670416237,6.935296550282277e-09,0.4992816704162441,2.6320519398807075e-09,0.0014041591461476227,9.805874310262393e-08,2.9238684013396224e-07
Random7148
Raw:1.0104241096782867e-05,2.122547334954224e-06,1.987322000788131e-05,0.49928167041624055,6.935296550282326e-09,0.49928167041624055,2.6320519398807265e-09,0.0014041591461476327,9.805874310262462e-08,2.923868401339643e-07
EFT:1.0104241096782794e-05,2.122547334954209e-06,1.987322000788117e-05,0.499281670416237,6.935296550282277e-09,0.4992816704162441,2.6320519398807075e-09,0.0014041591461476227,9.805874310262393e-08,2.9238684013396224e-07
Random7149
Raw:1.0104241096782938e-05,2.122547334954209e-06,1.987322000788117e-05,0.499281670416237,6.9352965502823754e-09,0.4992816704162441,2.632051939880745e-09,0.0014041591461476227,9.805874310262532e-08,2.9238684013396637e-07
EFT:1.0104241096782794e-05,2.122547334954209e-06,1.987322000788117e-05,0.499281670416237,6.935296550282277e-09,0.4992816704162441,2.6320519398807075e-09,0.0014041591461476227,9.805874310262393e-08,2.9238684013396224e-07
Random7150
Raw:1.0104241096783009e-05,2.122547334954224e-06,1.987322000788131e-05,0.49928167041623345,6.935296550282424e-09,0.49928167041624766,2.6320519398807638e-09,0.0014041591461476327,9.805874310262601e-08,2.923868401339685e-07
EFT:1.0104241096782794e-05,2.122547334954209e-06,1.987322000788117e-05,0.499281670416237,6.935296550282277e-09,0.4992816704162441,2.6320519398807075e-09,0.0014041591461476227,9.805874310262393e-08,2.9238684013396224e-07
Random7151
Raw:1.0104241096782938e-05,2.122547334954209e-06,1.987322000788117e-05,0.499281670416237,6.935296550282277e-09,0.4992816704162441,2.632051939880745e-09,0.0014041591461476227,9.805874310262532e-08,2.9238684013396224e-07
EFT:1.0104241096782794e-05,2.122547334954209e-06,1.987322000788117e-05,0.499281670416237,6.935296550282277e-09,0.4992816704162441,2.6320519398807075e-09,0.0014041591461476227,9.805874310262393e-08,2.9238684013396224e-07
Random7152
Raw:1.0104241096782938e-05,2.122547334954239e-06,1.987322000788145e-05,0.499281670416237,6.935296550282277e-09,0.4992816704162441,2.632051939880745e-09,0.0014041591461476427,9.805874310262393e-08,2.9238684013396637e-07
EFT:1.0104241096782794e-05,2.122547334954209e-06,1.987322000788117e-05,0.499281670416237,6.935296550282277e-09,0.4992816704162441,2.6320519398807075e-09,0.0014041591461476227,9.805874310262393e-08,2.9238684013396224e-07
Random7153
Raw:1.0104241096782938e-05,2.122547334954209e-06,1.987322000788117e-05,0.499281670416237,6.935296550282277e-09,0.4992816704162441,2.632051939880745e-09,0.0014041591461476227,9.805874310262532e-08,2.9238684013396224e-07
EFT:1.0104241096782794e-05,2.122547334954209e-06,1.987322000788117e-05,0.499281670416237,6.935296550282277e-09,0.4992816704162441,2.6320519398807075e-09,0.0014041591461476227,9.805874310262393e-08,2.9238684013396224e-07
Random7154
Raw:1.0104241096782938e-05,2.122547334954239e-06,1.987322000788117e-05,0.499281670416237,6.935296550282277e-09,0.4992816704162441,2.632051939880745e-09,0.0014041591461476427,9.805874310262532e-08,2.9238684013396224e-07
EFT:1.0104241096782794e-05,2.122547334954209e-06,1.987322000788117e-05,0.499281670416237,6.935296550282277e-09,0.4992816704162441,2.6320519398807075e-09,0.0014041591461476227,9.805874310262393e-08,2.9238684013396224e-07
Random7155
Raw:1.0104241096782794e-05,2.122547334954209e-06,1.987322000788117e-05,0.499281670416237,6.935296550282277e-09,0.4992816704162441,2.6320519398807075e-09,0.0014041591461476227,9.805874310262393e-08,2.9238684013396224e-07
EFT:1.0104241096782794e-05,2.122547334954209e-06,1.987322000788117e-05,0.499281670416237,6.935296550282277e-09,0.4992816704162441,2.6320519398807075e-09,0.0014041591461476227,9.805874310262393e-08,2.9238684013396224e-07
Random7156
Raw:1.0104241096782938e-05,2.122547334954239e-06,1.987322000788145e-05,0.499281670416237,6.935296550282277e-09,0.4992816704162441,2.632051939880745e-09,0.0014041591461476427,9.805874310262393e-08,2.9238684013396637e-07
EFT:1.0104241096782794e-05,2.122547334954209e-06,1.987322000788117e-05,0.499281670416237,6.935296550282277e-09,0.4992816704162441,2.6320519398807075e-09,0.0014041591461476227,9.805874310262393e-08,2.9238684013396224e-07
Random7157
Raw:1.0104241096782723e-05,2.122547334954194e-06,1.9873220007881028e-05,0.49928167041624055,6.935296550282228e-09,0.49928167041624055,2.6320519398806513e-09,0.0014041591461476128,9.805874310262323e-08,2.923868401339602e-07
EFT:1.0104241096782794e-05,2.122547334954209e-06,1.987322000788117e-05,0.499281670416237,6.935296550282277e-09,0.4992816704162441,2.6320519398807075e-09,0.0014041591461476227,9.805874310262393e-08,2.9238684013396224e-07
Random7158
Raw:1.0104241096782938e-05,2.122547334954239e-06,1.987322000788145e-05,0.499281670416237,6.935296550282277e-09,0.4992816704162441,2.632051939880745e-09,0.0014041591461476427,9.805874310262532e-08,2.9238684013396224e-07
EFT:1.0104241096782794e-05,2.122547334954209e-06,1.987322000788117e-05,0.499281670416237,6.935296550282277e-09,0.4992816704162441,2.6320519398807075e-09,0.0014041591461476227,9.805874310262393e-08,2.9238684013396224e-07
Random7159
Raw:1.0104241096782938e-05,2.122547334954209e-06,1.987322000788117e-05,0.499281670416237,6.9352965502823754e-09,0.4992816704162441,2.632051939880745e-09,0.0014041591461476227,9.805874310262672e-08,2.9238684013396637e-07
EFT:1.0104241096782794e-05,2.122547334954209e-06,1.987322000788117e-05,0.499281670416237,6.935296550282277e-09,0.4992816704162441,2.6320519398807075e-09,0.0014041591461476227,9.805874310262393e-08,2.9238684013396224e-07
Random7160
Raw:1.0104241096782938e-05,2.122547334954209e-06,1.987322000788117e-05,0.499281670416237,6.935296550282277e-09,0.4992816704162441,2.632051939880745e-09,0.0014041591461476427,9.805874310262393e-08,2.9238684013396224e-07
EFT:1.0104241096782794e-05,2.122547334954209e-06,1.987322000788117e-05,0.499281670416237,6.935296550282277e-09,0.4992816704162441,2.6320519398807075e-09,0.0014041591461476227,9.805874310262393e-08,2.9238684013396224e-07
Random7161
Raw:1.0104241096782938e-05,2.122547334954239e-06,1.987322000788117e-05,0.499281670416237,6.9352965502823754e-09,0.4992816704162441,2.6320519398807824e-09,0.0014041591461476227,9.805874310262532e-08,2.9238684013396637e-07
EFT:1.0104241096782794e-05,2.122547334954209e-06,1.987322000788117e-05,0.499281670416237,6.935296550282277e-09,0.4992816704162441,2.6320519398807075e-09,0.0014041591461476227,9.805874310262393e-08,2.9238684013396224e-07
Random7162
Raw:1.0104241096782867e-05,2.122547334954224e-06,1.9873220007881028e-05,0.49928167041624055,6.935296550282326e-09,0.49928167041624055,2.6320519398807638e-09,0.0014041591461476128,9.805874310262462e-08,2.923868401339643e-07
EFT:1.0104241096782794e-05,2.122547334954209e-06,1.987322000788117e-05,0.499281670416237,6.935296550282277e-09,0.4992816704162441,2.6320519398807075e-09,0.0014041591461476227,9.805874310262393e-08,2.9238684013396224e-07
Random7163
Raw:1.0104241096782867e-05,2.122547334954194e-06,1.9873220007881028e-05,0.49928167041624055,6.935296550282326e-09,0.49928167041624055,2.6320519398807265e-09,0.0014041591461476128,9.805874310262323e-08,2.923868401339643e-07
EFT:1.0104241096782794e-05,2.122547334954209e-06,1.987322000788117e-05,0.499281670416237,6.935296550282277e-09,0.4992816704162441,2.6320519398807075e-09,0.0014041591461476227,9.805874310262393e-08,2.9238684013396224e-07
Random7164
Raw:1.0104241096782867e-05,2.122547334954194e-06,1.9873220007881028e-05,0.49928167041624055,6.935296550282326e-09,0.49928167041624055,2.6320519398807265e-09,0.0014041591461476128,9.805874310262323e-08,2.923868401339643e-07
EFT:1.0104241096782794e-05,2.122547334954209e-06,1.987322000788117e-05,0.499281670416237,6.935296550282277e-09,0.4992816704162441,2.6320519398807075e-09,0.0014041591461476227,9.805874310262393e-08,2.9238684013396224e-07
Random7165
Raw:1.0104241096783009e-05,2.122547334954224e-06,1.987322000788131e-05,0.49928167041623345,6.935296550282327e-09,0.49928167041624766,2.6320519398807638e-09,0.0014041591461476327,9.805874310262462e-08,2.923868401339685e-07
EFT:1.0104241096782794e-05,2.122547334954209e-06,1.987322000788117e-05,0.499281670416237,6.935296550282277e-09,0.4992816704162441,2.6320519398807075e-09,0.0014041591461476227,9.805874310262393e-08,2.9238684013396224e-07
Random7166
Raw:1.0104241096782867e-05,2.122547334954194e-06,1.9873220007881028e-05,0.49928167041624055,6.935296550282326e-09,0.49928167041624055,2.6320519398807265e-09,0.0014041591461476128,9.805874310262602e-08,2.923868401339643e-07
EFT:1.0104241096782794e-05,2.122547334954209e-06,1.987322000788117e-05,0.499281670416237,6.935296550282277e-09,0.4992816704162441,2.6320519398807075e-09,0.0014041591461476227,9.805874310262393e-08,2.9238684013396224e-07
Random7167
Raw:1.0104241096783009e-05,2.122547334954224e-06,1.987322000788131e-05,0.49928167041623345,6.935296550282327e-09,0.49928167041624766,2.6320519398807638e-09,0.0014041591461476327,9.805874310262462e-08,2.923868401339685e-07
EFT:1.0104241096782794e-05,2.122547334954209e-06,1.987322000788117e-05,0.499281670416237,6.935296550282277e-09,0.4992816704162441,2.6320519398807075e-09,0.0014041591461476227,9.805874310262393e-08,2.9238684013396224e-07
Random7168
Raw:1.0104241096782938e-05,2.1225473349541788e-06,1.9873220007880885e-05,0.499281670416237,6.935296550282277e-09,0.4992816704162441,2.632051939880745e-09,0.0014041591461476026,9.805874310262532e-08,2.9238684013396224e-07
EFT:1.0104241096782794e-05,2.122547334954209e-06,1.987322000788117e-05,0.499281670416237,6.935296550282277e-09,0.4992816704162441,2.6320519398807075e-09,0.0014041591461476227,9.805874310262393e-08,2.9238684013396224e-07
Random7169
Raw:1.0104241096782938e-05,2.122547334954209e-06,1.987322000788117e-05,0.499281670416237,6.935296550282277e-09,0.4992816704162441,2.632051939880745e-09,0.0014041591461476227,9.805874310262532e-08,2.9238684013396224e-07
EFT:1.0104241096782794e-05,2.122547334954209e-06,1.987322000788117e-05,0.499281670416237,6.935296550282277e-09,0.4992816704162441,2.6320519398807075e-09,0.0014041591461476227,9.805874310262393e-08,2.9238684013396224e-07
Random7170
Raw:1.0104241096782938e-05,2.122547334954209e-06,1.987322000788117e-05,0.499281670416237,6.9352965502823754e-09,0.4992816704162441,2.632051939880745e-09,0.0014041591461476227,9.805874310262672e-08,2.9238684013396637e-07
EFT:1.0104241096782794e-05,2.122547334954209e-06,1.987322000788117e-05,0.499281670416237,6.935296550282277e-09,0.4992816704162441,2.6320519398807075e-09,0.0014041591461476227,9.805874310262393e-08,2.9238684013396224e-07
Random7171
Raw:1.0104241096782867e-05,2.122547334954224e-06,1.9873220007881028e-05,0.49928167041624055,6.935296550282326e-09,0.49928167041624055,2.6320519398807265e-09,0.0014041591461476327,9.805874310262602e-08,2.923868401339643e-07
EFT:1.0104241096782794e-05,2.122547334954209e-06,1.987322000788117e-05,0.499281670416237,6.935296550282277e-09,0.4992816704162441,2.6320519398807075e-09,0.0014041591461476227,9.805874310262393e-08,2.9238684013396224e-07
Random7172
Raw:1.010424109678301e-05,2.122547334954224e-06,1.987322000788131e-05,0.49928167041624055,6.935296550282425e-09,0.49928167041624055,2.6320519398807638e-09,0.0014041591461476327,9.805874310262602e-08,2.923868401339685e-07
EFT:1.0104241096782794e-05,2.122547334954209e-06,1.987322000788117e-05,0.499281670416237,6.935296550282277e-09,0.4992816704162441,2.6320519398807075e-09,0.0014041591461476227,9.805874310262393e-08,2.9238684013396224e-07
Random7173
Raw:1.0104241096782867e-05,2.122547334954224e-06,1.987322000788131e-05,0.49928167041624055,6.935296550282326e-09,0.49928167041624055,2.6320519398807638e-09,0.0014041591461476327,9.805874310262462e-08,2.923868401339643e-07
EFT:1.0104241096782794e-05,2.122547334954209e-06,1.987322000788117e-05,0.499281670416237,6.935296550282277e-09,0.4992816704162441,2.6320519398807075e-09,0.0014041591461476227,9.805874310262393e-08,2.9238684013396224e-07
Random7174
Raw:1.0104241096782867e-05,2.122547334954194e-06,1.9873220007881028e-05,0.49928167041624055,6.935296550282326e-09,0.49928167041624055,2.6320519398807265e-09,0.0014041591461476128,9.805874310262323e-08,2.923868401339643e-07
EFT:1.0104241096782794e-05,2.122547334954209e-06,1.987322000788117e-05,0.499281670416237,6.935296550282277e-09,0.4992816704162441,2.6320519398807075e-09,0.0014041591461476227,9.805874310262393e-08,2.9238684013396224e-07
Random7175
Raw:1.0104241096782867e-05,2.122547334954224e-06,1.9873220007881028e-05,0.49928167041624055,6.935296550282326e-09,0.49928167041624055,2.6320519398807265e-09,0.0014041591461476128,9.805874310262462e-08,2.923868401339643e-07
EFT:1.0104241096782794e-05,2.122547334954209e-06,1.987322000788117e-05,0.499281670416237,6.935296550282277e-09,0.4992816704162441,2.6320519398807075e-09,0.0014041591461476227,9.805874310262393e-08,2.9238684013396224e-07
Random7176
Raw:1.0104241096782867e-05,2.122547334954224e-06,1.987322000788131e-05,0.49928167041624055,6.935296550282326e-09,0.49928167041624055,2.6320519398807265e-09,0.0014041591461476128,9.805874310262462e-08,2.923868401339643e-07
EFT:1.0104241096782794e-05,2.122547334954209e-06,1.987322000788117e-05,0.499281670416237,6.935296550282277e-09,0.4992816704162441,2.6320519398807075e-09,0.0014041591461476227,9.805874310262393e-08,2.9238684013396224e-07
Random7177
Raw:1.0104241096782723e-05,2.122547334954194e-06,1.9873220007881028e-05,0.49928167041624055,6.935296550282228e-09,0.49928167041624055,2.632051939880689e-09,0.0014041591461476128,9.805874310262184e-08,2.923868401339602e-07
EFT:1.0104241096782794e-05,2.122547334954209e-06,1.987322000788117e-05,0.499281670416237,6.935296550282277e-09,0.4992816704162441,2.6320519398807075e-09,0.0014041591461476227,9.805874310262393e-08,2.9238684013396224e-07
Random7178
Raw:1.0104241096782867e-05,2.122547334954224e-06,1.987322000788131e-05,0.49928167041624055,6.935296550282326e-09,0.49928167041624055,2.6320519398807638e-09,0.0014041591461476327,9.805874310262462e-08,2.923868401339643e-07
EFT:1.0104241096782794e-05,2.122547334954209e-06,1.987322000788117e-05,0.499281670416237,6.935296550282277e-09,0.4992816704162441,2.6320519398807075e-09,0.0014041591461476227,9.805874310262393e-08,2.9238684013396224e-07
Random7179
Raw:1.0104241096783082e-05,2.122547334954239e-06,1.987322000788145e-05,0.499281670416237,6.935296550282475e-09,0.4992816704162441,2.6320519398807824e-09,0.0014041591461476427,9.805874310262532e-08,2.9238684013396637e-07
EFT:1.0104241096782794e-05,2.122547334954209e-06,1.987322000788117e-05,0.499281670416237,6.935296550282277e-09,0.4992816704162441,2.6320519398807075e-09,0.0014041591461476227,9.805874310262393e-08,2.9238684013396224e-07
Random7180
Raw:1.0104241096783009e-05,2.122547334954224e-06,1.987322000788131e-05,0.49928167041623345,6.935296550282327e-09,0.49928167041624766,2.6320519398807638e-09,0.0014041591461476327,9.805874310262462e-08,2.923868401339685e-07
EFT:1.0104241096782794e-05,2.122547334954209e-06,1.987322000788117e-05,0.499281670416237,6.935296550282277e-09,0.4992816704162441,2.6320519398807075e-09,0.0014041591461476227,9.805874310262393e-08,2.9238684013396224e-07
Random7181
Raw:1.0104241096782867e-05,2.122547334954224e-06,1.987322000788131e-05,0.49928167041624055,6.935296550282326e-09,0.49928167041624055,2.6320519398807265e-09,0.0014041591461476327,9.805874310262323e-08,2.923868401339643e-07
EFT:1.0104241096782794e-05,2.122547334954209e-06,1.987322000788117e-05,0.499281670416237,6.935296550282277e-09,0.4992816704162441,2.6320519398807075e-09,0.0014041591461476227,9.805874310262393e-08,2.9238684013396224e-07
Random7182
Raw:1.0104241096782867e-05,2.122547334954224e-06,1.987322000788131e-05,0.49928167041624055,6.935296550282326e-09,0.49928167041624055,2.6320519398807265e-09,0.0014041591461476327,9.805874310262462e-08,2.923868401339643e-07
EFT:1.0104241096782794e-05,2.122547334954209e-06,1.987322000788117e-05,0.499281670416237,6.935296550282277e-09,0.4992816704162441,2.6320519398807075e-09,0.0014041591461476227,9.805874310262393e-08,2.9238684013396224e-07
Random7183
Raw:1.0104241096782794e-05,2.1225473349541788e-06,1.9873220007880885e-05,0.499281670416237,6.935296550282277e-09,0.4992816704162441,2.632051939880745e-09,0.0014041591461476026,9.805874310262254e-08,2.9238684013396224e-07
EFT:1.0104241096782794e-05,2.122547334954209e-06,1.987322000788117e-05,0.499281670416237,6.935296550282277e-09,0.4992816704162441,2.6320519398807075e-09,0.0014041591461476227,9.805874310262393e-08,2.9238684013396224e-07
Random7184
Raw:1.0104241096782938e-05,2.122547334954239e-06,1.987322000788117e-05,0.499281670416237,6.9352965502823754e-09,0.4992816704162441,2.6320519398807824e-09,0.0014041591461476227,9.805874310262532e-08,2.9238684013396637e-07
EFT:1.0104241096782794e-05,2.122547334954209e-06,1.987322000788117e-05,0.499281670416237,6.935296550282277e-09,0.4992816704162441,2.6320519398807075e-09,0.0014041591461476227,9.805874310262393e-08,2.9238684013396224e-07
Random7185
Raw:1.0104241096782867e-05,2.122547334954224e-06,1.987322000788131e-05,0.49928167041624055,6.935296550282326e-09,0.49928167041624055,2.6320519398807265e-09,0.0014041591461476327,9.805874310262323e-08,2.923868401339643e-07
EFT:1.0104241096782794e-05,2.122547334954209e-06,1.987322000788117e-05,0.499281670416237,6.935296550282277e-09,0.4992816704162441,2.6320519398807075e-09,0.0014041591461476227,9.805874310262393e-08,2.9238684013396224e-07
Random7186
Raw:1.0104241096783009e-05,2.122547334954224e-06,1.9873220007881028e-05,0.49928167041623345,6.935296550282327e-09,0.49928167041624766,2.6320519398807638e-09,0.0014041591461476327,9.805874310262601e-08,2.9238684013396436e-07
EFT:1.0104241096782794e-05,2.122547334954209e-06,1.987322000788117e-05,0.499281670416237,6.935296550282277e-09,0.4992816704162441,2.6320519398807075e-09,0.0014041591461476227,9.805874310262393e-08,2.9238684013396224e-07
Random7187
Raw:1.0104241096782938e-05,2.122547334954209e-06,1.987322000788117e-05,0.499281670416237,6.935296550282277e-09,0.4992816704162441,2.632051939880745e-09,0.0014041591461476427,9.805874310262393e-08,2.9238684013396224e-07
EFT:1.0104241096782794e-05,2.122547334954209e-06,1.987322000788117e-05,0.499281670416237,6.935296550282277e-09,0.4992816704162441,2.6320519398807075e-09,0.0014041591461476227,9.805874310262393e-08,2.9238684013396224e-07
Random7188
Raw:1.0104241096783009e-05,2.122547334954194e-06,1.9873220007881028e-05,0.49928167041623345,6.935296550282327e-09,0.49928167041624766,2.6320519398807638e-09,0.0014041591461476126,9.805874310262601e-08,2.9238684013396436e-07
EFT:1.0104241096782794e-05,2.122547334954209e-06,1.987322000788117e-05,0.499281670416237,6.935296550282277e-09,0.4992816704162441,2.6320519398807075e-09,0.0014041591461476227,9.805874310262393e-08,2.9238684013396224e-07
Random7189
Raw:1.0104241096783009e-05,2.122547334954194e-06,1.9873220007881028e-05,0.49928167041623345,6.935296550282327e-09,0.49928167041624766,2.6320519398807638e-09,0.0014041591461476327,9.805874310262462e-08,2.9238684013396436e-07
EFT:1.0104241096782794e-05,2.122547334954209e-06,1.987322000788117e-05,0.499281670416237,6.935296550282277e-09,0.4992816704162441,2.6320519398807075e-09,0.0014041591461476227,9.805874310262393e-08,2.9238684013396224e-07
Random7190
Raw:1.0104241096782794e-05,2.1225473349541788e-06,1.9873220007880885e-05,0.499281670416237,6.935296550282277e-09,0.4992816704162441,2.632051939880745e-09,0.0014041591461476026,9.805874310262254e-08,2.9238684013396224e-07
EFT:1.0104241096782794e-05,2.122547334954209e-06,1.987322000788117e-05,0.499281670416237,6.935296550282277e-09,0.4992816704162441,2.6320519398807075e-09,0.0014041591461476227,9.805874310262393e-08,2.9238684013396224e-07
Random7191
Raw:1.0104241096782938e-05,2.122547334954209e-06,1.987322000788117e-05,0.499281670416237,6.9352965502823754e-09,0.4992816704162441,2.632051939880745e-09,0.0014041591461476227,9.805874310262393e-08,2.9238684013396637e-07
EFT:1.0104241096782794e-05,2.122547334954209e-06,1.987322000788117e-05,0.499281670416237,6.935296550282277e-09,0.4992816704162441,2.6320519398807075e-09,0.0014041591461476227,9.805874310262393e-08,2.9238684013396224e-07
Random7192
Raw:1.0104241096782723e-05,2.122547334954194e-06,1.9873220007881028e-05,0.49928167041624055,6.93529655028213e-09,0.49928167041624055,2.6320519398806513e-09,0.0014041591461476128,9.805874310262323e-08,2.923868401339602e-07
EFT:1.0104241096782794e-05,2.122547334954209e-06,1.987322000788117e-05,0.499281670416237,6.935296550282277e-09,0.4992816704162441,2.6320519398807075e-09,0.0014041591461476227,9.805874310262393e-08,2.9238684013396224e-07
Random7193
Raw:1.0104241096783009e-05,2.122547334954224e-06,1.987322000788131e-05,0.49928167041623345,6.935296550282327e-09,0.49928167041624766,2.6320519398807638e-09,0.0014041591461476327,9.805874310262601e-08,2.9238684013396436e-07
EFT:1.0104241096782794e-05,2.122547334954209e-06,1.987322000788117e-05,0.499281670416237,6.935296550282277e-09,0.4992816704162441,2.6320519398807075e-09,0.0014041591461476227,9.805874310262393e-08,2.9238684013396224e-07
Random7194
Raw:1.0104241096782938e-05,2.122547334954209e-06,1.987322000788117e-05,0.499281670416237,6.9352965502823754e-09,0.4992816704162441,2.6320519398807824e-09,0.0014041591461476227,9.805874310262532e-08,2.9238684013396637e-07
EFT:1.0104241096782794e-05,2.122547334954209e-06,1.987322000788117e-05,0.499281670416237,6.935296550282277e-09,0.4992816704162441,2.6320519398807075e-09,0.0014041591461476227,9.805874310262393e-08,2.9238684013396224e-07
Random7195
Raw:1.0104241096783009e-05,2.122547334954224e-06,1.987322000788131e-05,0.49928167041623345,6.935296550282424e-09,0.49928167041624766,2.6320519398807638e-09,0.0014041591461476327,9.805874310262601e-08,2.923868401339685e-07
EFT:1.0104241096782794e-05,2.122547334954209e-06,1.987322000788117e-05,0.499281670416237,6.935296550282277e-09,0.4992816704162441,2.6320519398807075e-09,0.0014041591461476227,9.805874310262393e-08,2.9238684013396224e-07
Random7196
Raw:1.0104241096782938e-05,2.122547334954209e-06,1.987322000788117e-05,0.499281670416237,6.935296550282277e-09,0.4992816704162441,2.632051939880745e-09,0.0014041591461476227,9.805874310262532e-08,2.9238684013396224e-07
EFT:1.0104241096782794e-05,2.122547334954209e-06,1.987322000788117e-05,0.499281670416237,6.935296550282277e-09,0.4992816704162441,2.6320519398807075e-09,0.0014041591461476227,9.805874310262393e-08,2.9238684013396224e-07
Random7197
Raw:1.0104241096782938e-05,2.122547334954239e-06,1.987322000788117e-05,0.499281670416237,6.935296550282277e-09,0.4992816704162441,2.632051939880745e-09,0.0014041591461476427,9.805874310262393e-08,2.9238684013396637e-07
EFT:1.0104241096782794e-05,2.122547334954209e-06,1.987322000788117e-05,0.499281670416237,6.935296550282277e-09,0.4992816704162441,2.6320519398807075e-09,0.0014041591461476227,9.805874310262393e-08,2.9238684013396224e-07
Random7198
Raw:1.0104241096783009e-05,2.122547334954194e-06,1.9873220007881028e-05,0.49928167041623345,6.935296550282327e-09,0.49928167041624766,2.6320519398807638e-09,0.0014041591461476126,9.805874310262601e-08,2.9238684013396436e-07
EFT:1.0104241096782794e-05,2.122547334954209e-06,1.987322000788117e-05,0.499281670416237,6.935296550282277e-09,0.4992816704162441,2.6320519398807075e-09,0.0014041591461476227,9.805874310262393e-08,2.9238684013396224e-07
Random7199
Raw:1.0104241096782867e-05,2.122547334954194e-06,1.9873220007881028e-05,0.49928167041624055,6.935296550282326e-09,0.49928167041624055,2.6320519398807265e-09,0.0014041591461476128,9.805874310262323e-08,2.923868401339643e-07
EFT:1.0104241096782794e-05,2.122547334954209e-06,1.987322000788117e-05,0.499281670416237,6.935296550282277e-09,0.4992816704162441,2.6320519398807075e-09,0.0014041591461476227,9.805874310262393e-08,2.9238684013396224e-07
Random7200
Raw:1.0104241096782867e-05,2.122547334954194e-06,1.9873220007881028e-05,0.49928167041624055,6.935296550282326e-09,0.49928167041624055,2.6320519398807265e-09,0.0014041591461476128,9.805874310262323e-08,2.923868401339643e-07
EFT:1.0104241096782794e-05,2.122547334954209e-06,1.987322000788117e-05,0.499281670416237,6.935296550282277e-09,0.4992816704162441,2.6320519398807075e-09,0.0014041591461476227,9.805874310262393e-08,2.9238684013396224e-07
Random7201
Raw:1.0104241096782794e-05,2.122547334954209e-06,1.987322000788117e-05,0.499281670416237,6.9352965502821786e-09,0.4992816704162441,2.6320519398807075e-09,0.0014041591461476227,9.805874310262393e-08,2.9238684013396224e-07
EFT:1.0104241096782794e-05,2.122547334954209e-06,1.987322000788117e-05,0.499281670416237,6.935296550282277e-09,0.4992816704162441,2.6320519398807075e-09,0.0014041591461476227,9.805874310262393e-08,2.9238684013396224e-07
Random7202
Raw:1.0104241096782938e-05,2.122547334954209e-06,1.987322000788117e-05,0.499281670416237,6.9352965502823754e-09,0.4992816704162441,2.632051939880745e-09,0.0014041591461476227,9.805874310262532e-08,2.9238684013396637e-07
EFT:1.0104241096782794e-05,2.122547334954209e-06,1.987322000788117e-05,0.499281670416237,6.935296550282277e-09,0.4992816704162441,2.6320519398807075e-09,0.0014041591461476227,9.805874310262393e-08,2.9238684013396224e-07
Random7203
Raw:1.0104241096783009e-05,2.122547334954224e-06,1.987322000788131e-05,0.49928167041623345,6.935296550282327e-09,0.49928167041624766,2.6320519398807638e-09,0.0014041591461476327,9.805874310262462e-08,2.923868401339685e-07
EFT:1.0104241096782794e-05,2.122547334954209e-06,1.987322000788117e-05,0.499281670416237,6.935296550282277e-09,0.4992816704162441,2.6320519398807075e-09,0.0014041591461476227,9.805874310262393e-08,2.9238684013396224e-07
Random7204
Raw:1.0104241096783009e-05,2.122547334954224e-06,1.9873220007881028e-05,0.49928167041623345,6.935296550282327e-09,0.49928167041624766,2.6320519398807638e-09,0.0014041591461476327,9.805874310262601e-08,2.9238684013396436e-07
EFT:1.0104241096782794e-05,2.122547334954209e-06,1.987322000788117e-05,0.499281670416237,6.935296550282277e-09,0.4992816704162441,2.6320519398807075e-09,0.0014041591461476227,9.805874310262393e-08,2.9238684013396224e-07
Random7205
Raw:1.0104241096782723e-05,2.122547334954194e-06,1.9873220007881028e-05,0.49928167041624055,6.93529655028213e-09,0.49928167041624055,2.6320519398806513e-09,0.0014041591461476128,9.805874310262323e-08,2.923868401339602e-07
EFT:1.0104241096782794e-05,2.122547334954209e-06,1.987322000788117e-05,0.499281670416237,6.935296550282277e-09,0.4992816704162441,2.6320519398807075e-09,0.0014041591461476227,9.805874310262393e-08,2.9238684013396224e-07
Random7206
Raw:1.0104241096782938e-05,2.122547334954239e-06,1.987322000788145e-05,0.499281670416237,6.9352965502823754e-09,0.4992816704162441,2.632051939880745e-09,0.0014041591461476227,9.805874310262532e-08,2.9238684013396637e-07
EFT:1.0104241096782794e-05,2.122547334954209e-06,1.987322000788117e-05,0.499281670416237,6.935296550282277e-09,0.4992816704162441,2.6320519398807075e-09,0.0014041591461476227,9.805874310262393e-08,2.9238684013396224e-07
Random7207
Raw:1.0104241096782865e-05,2.122547334954194e-06,1.9873220007881028e-05,0.49928167041623345,6.935296550282327e-09,0.49928167041624766,2.632051939880726e-09,0.0014041591461476126,9.805874310262462e-08,2.9238684013396436e-07
EFT:1.0104241096782794e-05,2.122547334954209e-06,1.987322000788117e-05,0.499281670416237,6.935296550282277e-09,0.4992816704162441,2.6320519398807075e-09,0.0014041591461476227,9.805874310262393e-08,2.9238684013396224e-07
Random7208
Raw:1.0104241096782794e-05,2.122547334954209e-06,1.987322000788117e-05,0.499281670416237,6.9352965502821786e-09,0.4992816704162441,2.6320519398807075e-09,0.0014041591461476227,9.805874310262393e-08,2.9238684013396224e-07
EFT:1.0104241096782794e-05,2.122547334954209e-06,1.987322000788117e-05,0.499281670416237,6.935296550282277e-09,0.4992816704162441,2.6320519398807075e-09,0.0014041591461476227,9.805874310262393e-08,2.9238684013396224e-07
Random7209
Raw:1.0104241096783009e-05,2.122547334954224e-06,1.9873220007881028e-05,0.49928167041623345,6.935296550282327e-09,0.49928167041624766,2.6320519398807638e-09,0.0014041591461476327,9.805874310262601e-08,2.9238684013396436e-07
EFT:1.0104241096782794e-05,2.122547334954209e-06,1.987322000788117e-05,0.499281670416237,6.935296550282277e-09,0.4992816704162441,2.6320519398807075e-09,0.0014041591461476227,9.805874310262393e-08,2.9238684013396224e-07
Random7210
Raw:1.0104241096782865e-05,2.122547334954194e-06,1.9873220007881028e-05,0.49928167041623345,6.935296550282327e-09,0.49928167041624766,2.632051939880726e-09,0.0014041591461476126,9.805874310262462e-08,2.9238684013396436e-07
EFT:1.0104241096782794e-05,2.122547334954209e-06,1.987322000788117e-05,0.499281670416237,6.935296550282277e-09,0.4992816704162441,2.6320519398807075e-09,0.0014041591461476227,9.805874310262393e-08,2.9238684013396224e-07
Random7211
Raw:1.0104241096782938e-05,2.122547334954239e-06,1.987322000788117e-05,0.499281670416237,6.935296550282277e-09,0.4992816704162441,2.632051939880745e-09,0.0014041591461476427,9.805874310262393e-08,2.9238684013396637e-07
EFT:1.0104241096782794e-05,2.122547334954209e-06,1.987322000788117e-05,0.499281670416237,6.935296550282277e-09,0.4992816704162441,2.6320519398807075e-09,0.0014041591461476227,9.805874310262393e-08,2.9238684013396224e-07
Random7212
Raw:1.0104241096782794e-05,2.122547334954209e-06,1.987322000788117e-05,0.499281670416237,6.9352965502821786e-09,0.4992816704162441,2.6320519398807075e-09,0.0014041591461476227,9.805874310262393e-08,2.9238684013396224e-07
EFT:1.0104241096782794e-05,2.122547334954209e-06,1.987322000788117e-05,0.499281670416237,6.935296550282277e-09,0.4992816704162441,2.6320519398807075e-09,0.0014041591461476227,9.805874310262393e-08,2.9238684013396224e-07
Random7213
Raw:1.0104241096782867e-05,2.122547334954224e-06,1.9873220007881028e-05,0.49928167041624055,6.935296550282326e-09,0.49928167041624055,2.6320519398807638e-09,0.0014041591461476128,9.805874310262462e-08,2.923868401339643e-07
EFT:1.0104241096782794e-05,2.122547334954209e-06,1.987322000788117e-05,0.499281670416237,6.935296550282277e-09,0.4992816704162441,2.6320519398807075e-09,0.0014041591461476227,9.805874310262393e-08,2.9238684013396224e-07
Random7214
Raw:1.0104241096782794e-05,2.122547334954209e-06,1.987322000788117e-05,0.499281670416237,6.9352965502821786e-09,0.4992816704162441,2.6320519398807075e-09,0.0014041591461476026,9.805874310262393e-08,2.9238684013396224e-07
EFT:1.0104241096782794e-05,2.122547334954209e-06,1.987322000788117e-05,0.499281670416237,6.935296550282277e-09,0.4992816704162441,2.6320519398807075e-09,0.0014041591461476227,9.805874310262393e-08,2.9238684013396224e-07
Random7215
Raw:1.0104241096782938e-05,2.122547334954209e-06,1.987322000788117e-05,0.499281670416237,6.935296550282277e-09,0.4992816704162441,2.632051939880745e-09,0.0014041591461476427,9.805874310262393e-08,2.9238684013396224e-07
EFT:1.0104241096782794e-05,2.122547334954209e-06,1.987322000788117e-05,0.499281670416237,6.935296550282277e-09,0.4992816704162441,2.6320519398807075e-09,0.0014041591461476227,9.805874310262393e-08,2.9238684013396224e-07
Random7216
Raw:1.0104241096782794e-05,2.122547334954209e-06,1.987322000788117e-05,0.499281670416237,6.9352965502821786e-09,0.4992816704162441,2.632051939880745e-09,0.0014041591461476227,9.805874310262254e-08,2.9238684013396224e-07
EFT:1.0104241096782794e-05,2.122547334954209e-06,1.987322000788117e-05,0.499281670416237,6.935296550282277e-09,0.4992816704162441,2.6320519398807075e-09,0.0014041591461476227,9.805874310262393e-08,2.9238684013396224e-07
Random7217
Raw:1.0104241096782938e-05,2.122547334954239e-06,1.987322000788145e-05,0.499281670416237,6.935296550282277e-09,0.4992816704162441,2.632051939880745e-09,0.0014041591461476427,9.805874310262393e-08,2.9238684013396637e-07
EFT:1.0104241096782794e-05,2.122547334954209e-06,1.987322000788117e-05,0.499281670416237,6.935296550282277e-09,0.4992816704162441,2.6320519398807075e-09,0.0014041591461476227,9.805874310262393e-08,2.9238684013396224e-07
Random7218
Raw:1.0104241096782938e-05,2.122547334954209e-06,1.987322000788117e-05,0.499281670416237,6.9352965502823754e-09,0.4992816704162441,2.632051939880745e-09,0.0014041591461476227,9.805874310262393e-08,2.9238684013396637e-07
EFT:1.0104241096782794e-05,2.122547334954209e-06,1.987322000788117e-05,0.499281670416237,6.935296550282277e-09,0.4992816704162441,2.6320519398807075e-09,0.0014041591461476227,9.805874310262393e-08,2.9238684013396224e-07
Random7219
Raw:1.0104241096783082e-05,2.122547334954239e-06,1.987322000788145e-05,0.499281670416237,6.935296550282475e-09,0.4992816704162441,2.6320519398807824e-09,0.0014041591461476427,9.805874310262532e-08,2.9238684013396637e-07
EFT:1.0104241096782794e-05,2.122547334954209e-06,1.987322000788117e-05,0.499281670416237,6.935296550282277e-09,0.4992816704162441,2.6320519398807075e-09,0.0014041591461476227,9.805874310262393e-08,2.9238684013396224e-07
Random7220
Raw:1.0104241096782867e-05,2.122547334954224e-06,1.987322000788131e-05,0.49928167041624055,6.935296550282228e-09,0.49928167041624055,2.632051939880689e-09,0.0014041591461476327,9.805874310262462e-08,2.923868401339602e-07
EFT:1.0104241096782794e-05,2.122547334954209e-06,1.987322000788117e-05,0.499281670416237,6.935296550282277e-09,0.4992816704162441,2.6320519398807075e-09,0.0014041591461476227,9.805874310262393e-08,2.9238684013396224e-07
Random7221
Raw:1.0104241096782867e-05,2.122547334954194e-06,1.9873220007881028e-05,0.49928167041624055,6.935296550282326e-09,0.49928167041624055,2.6320519398807265e-09,0.0014041591461476128,9.805874310262323e-08,2.923868401339643e-07
EFT:1.0104241096782794e-05,2.122547334954209e-06,1.987322000788117e-05,0.499281670416237,6.935296550282277e-09,0.4992816704162441,2.6320519398807075e-09,0.0014041591461476227,9.805874310262393e-08,2.9238684013396224e-07
Random7222
Raw:1.0104241096782867e-05,2.122547334954224e-06,1.987322000788131e-05,0.49928167041624055,6.935296550282326e-09,0.49928167041624055,2.6320519398807265e-09,0.0014041591461476128,9.805874310262462e-08,2.923868401339643e-07
EFT:1.0104241096782794e-05,2.122547334954209e-06,1.987322000788117e-05,0.499281670416237,6.935296550282277e-09,0.4992816704162441,2.6320519398807075e-09,0.0014041591461476227,9.805874310262393e-08,2.9238684013396224e-07
Random7223
Raw:1.0104241096782938e-05,2.122547334954209e-06,1.987322000788117e-05,0.499281670416237,6.935296550282277e-09,0.4992816704162441,2.632051939880745e-09,0.0014041591461476227,9.805874310262532e-08,2.9238684013396224e-07
EFT:1.0104241096782794e-05,2.122547334954209e-06,1.987322000788117e-05,0.499281670416237,6.935296550282277e-09,0.4992816704162441,2.6320519398807075e-09,0.0014041591461476227,9.805874310262393e-08,2.9238684013396224e-07
Random7224
Raw:1.0104241096782938e-05,2.122547334954209e-06,1.987322000788117e-05,0.499281670416237,6.9352965502823754e-09,0.4992816704162441,2.632051939880745e-09,0.0014041591461476227,9.805874310262532e-08,2.9238684013396637e-07
EFT:1.0104241096782794e-05,2.122547334954209e-06,1.987322000788117e-05,0.499281670416237,6.935296550282277e-09,0.4992816704162441,2.6320519398807075e-09,0.0014041591461476227,9.805874310262393e-08,2.9238684013396224e-07
Random7225
Raw:1.0104241096782938e-05,2.122547334954209e-06,1.9873220007880885e-05,0.499281670416237,6.935296550282277e-09,0.4992816704162441,2.632051939880745e-09,0.0014041591461476227,9.805874310262393e-08,2.9238684013396224e-07
EFT:1.0104241096782794e-05,2.122547334954209e-06,1.987322000788117e-05,0.499281670416237,6.935296550282277e-09,0.4992816704162441,2.6320519398807075e-09,0.0014041591461476227,9.805874310262393e-08,2.9238684013396224e-07
Random7226
Raw:1.0104241096782865e-05,2.122547334954194e-06,1.9873220007881028e-05,0.49928167041623345,6.935296550282327e-09,0.49928167041624766,2.632051939880726e-09,0.0014041591461476126,9.805874310262462e-08,2.9238684013396436e-07
EFT:1.0104241096782794e-05,2.122547334954209e-06,1.987322000788117e-05,0.499281670416237,6.935296550282277e-09,0.4992816704162441,2.6320519398807075e-09,0.0014041591461476227,9.805874310262393e-08,2.9238684013396224e-07
Random7227
Raw:1.0104241096782938e-05,2.122547334954209e-06,1.9873220007880885e-05,0.499281670416237,6.935296550282277e-09,0.4992816704162441,2.632051939880745e-09,0.0014041591461476227,9.805874310262393e-08,2.9238684013396224e-07
EFT:1.0104241096782794e-05,2.122547334954209e-06,1.987322000788117e-05,0.499281670416237,6.935296550282277e-09,0.4992816704162441,2.6320519398807075e-09,0.0014041591461476227,9.805874310262393e-08,2.9238684013396224e-07
Random7228
Raw:1.0104241096782723e-05,2.122547334954194e-06,1.9873220007881028e-05,0.49928167041624055,6.935296550282228e-09,0.49928167041624055,2.6320519398806513e-09,0.0014041591461476128,9.805874310262323e-08,2.923868401339602e-07
EFT:1.0104241096782794e-05,2.122547334954209e-06,1.987322000788117e-05,0.499281670416237,6.935296550282277e-09,0.4992816704162441,2.6320519398807075e-09,0.0014041591461476227,9.805874310262393e-08,2.9238684013396224e-07
Random7229
Raw:1.0104241096782867e-05,2.122547334954194e-06,1.9873220007881028e-05,0.49928167041624055,6.935296550282326e-09,0.49928167041624055,2.6320519398807265e-09,0.0014041591461476128,9.805874310262323e-08,2.923868401339643e-07
EFT:1.0104241096782794e-05,2.122547334954209e-06,1.987322000788117e-05,0.499281670416237,6.935296550282277e-09,0.4992816704162441,2.6320519398807075e-09,0.0014041591461476227,9.805874310262393e-08,2.9238684013396224e-07
Random7230
Raw:1.0104241096782938e-05,2.122547334954209e-06,1.987322000788117e-05,0.499281670416237,6.935296550282277e-09,0.4992816704162441,2.632051939880745e-09,0.0014041591461476227,9.805874310262532e-08,2.9238684013396224e-07
EFT:1.0104241096782794e-05,2.122547334954209e-06,1.987322000788117e-05,0.499281670416237,6.935296550282277e-09,0.4992816704162441,2.6320519398807075e-09,0.0014041591461476227,9.805874310262393e-08,2.9238684013396224e-07
Random7231
Raw:1.0104241096782938e-05,2.1225473349541788e-06,1.9873220007880885e-05,0.499281670416237,6.935296550282277e-09,0.4992816704162441,2.632051939880745e-09,0.0014041591461476026,9.805874310262532e-08,2.9238684013396224e-07
EFT:1.0104241096782794e-05,2.122547334954209e-06,1.987322000788117e-05,0.499281670416237,6.935296550282277e-09,0.4992816704162441,2.6320519398807075e-09,0.0014041591461476227,9.805874310262393e-08,2.9238684013396224e-07
Random7232
Raw:1.0104241096783009e-05,2.122547334954224e-06,1.987322000788131e-05,0.49928167041623345,6.935296550282327e-09,0.49928167041624766,2.6320519398807638e-09,0.0014041591461476327,9.805874310262462e-08,2.923868401339685e-07
EFT:1.0104241096782794e-05,2.122547334954209e-06,1.987322000788117e-05,0.499281670416237,6.935296550282277e-09,0.4992816704162441,2.6320519398807075e-09,0.0014041591461476227,9.805874310262393e-08,2.9238684013396224e-07
Random7233
Raw:1.0104241096782938e-05,2.122547334954239e-06,1.987322000788117e-05,0.4992816704162441,6.9352965502823754e-09,0.499281670416237,2.632051939880745e-09,0.0014041591461476227,9.805874310262532e-08,2.9238684013396637e-07
EFT:1.0104241096782794e-05,2.122547334954209e-06,1.987322000788117e-05,0.499281670416237,6.935296550282277e-09,0.4992816704162441,2.6320519398807075e-09,0.0014041591461476227,9.805874310262393e-08,2.9238684013396224e-07
Random7234
Raw:1.0104241096782867e-05,2.122547334954224e-06,1.987322000788131e-05,0.49928167041624055,6.935296550282228e-09,0.49928167041624055,2.632051939880689e-09,0.0014041591461476327,9.805874310262462e-08,2.923868401339602e-07
EFT:1.0104241096782794e-05,2.122547334954209e-06,1.987322000788117e-05,0.499281670416237,6.935296550282277e-09,0.4992816704162441,2.6320519398807075e-09,0.0014041591461476227,9.805874310262393e-08,2.9238684013396224e-07
Random7235
Raw:1.0104241096782865e-05,2.122547334954194e-06,1.9873220007881028e-05,0.49928167041623345,6.935296550282327e-09,0.49928167041624766,2.6320519398807638e-09,0.0014041591461476126,9.805874310262324e-08,2.9238684013396436e-07
EFT:1.0104241096782794e-05,2.122547334954209e-06,1.987322000788117e-05,0.499281670416237,6.935296550282277e-09,0.4992816704162441,2.6320519398807075e-09,0.0014041591461476227,9.805874310262393e-08,2.9238684013396224e-07
Random7236
Raw:1.0104241096782794e-05,2.122547334954209e-06,1.987322000788117e-05,0.499281670416237,6.935296550282277e-09,0.4992816704162441,2.6320519398807075e-09,0.0014041591461476026,9.805874310262393e-08,2.9238684013396224e-07
EFT:1.0104241096782794e-05,2.122547334954209e-06,1.987322000788117e-05,0.499281670416237,6.935296550282277e-09,0.4992816704162441,2.6320519398807075e-09,0.0014041591461476227,9.805874310262393e-08,2.9238684013396224e-07
Random7237
Raw:1.0104241096782938e-05,2.122547334954239e-06,1.987322000788117e-05,0.499281670416237,6.935296550282277e-09,0.4992816704162441,2.632051939880745e-09,0.0014041591461476427,9.805874310262532e-08,2.9238684013396224e-07
EFT:1.0104241096782794e-05,2.122547334954209e-06,1.987322000788117e-05,0.499281670416237,6.935296550282277e-09,0.4992816704162441,2.6320519398807075e-09,0.0014041591461476227,9.805874310262393e-08,2.9238684013396224e-07
Random7238
Raw:1.0104241096783009e-05,2.122547334954224e-06,1.9873220007881028e-05,0.49928167041623345,6.935296550282327e-09,0.49928167041624766,2.6320519398807638e-09,0.0014041591461476327,9.805874310262601e-08,2.9238684013396436e-07
EFT:1.0104241096782794e-05,2.122547334954209e-06,1.987322000788117e-05,0.499281670416237,6.935296550282277e-09,0.4992816704162441,2.6320519398807075e-09,0.0014041591461476227,9.805874310262393e-08,2.9238684013396224e-07
Random7239
Raw:1.0104241096782867e-05,2.122547334954194e-06,1.9873220007881028e-05,0.49928167041624055,6.935296550282326e-09,0.49928167041624055,2.6320519398807265e-09,0.0014041591461476128,9.805874310262323e-08,2.923868401339643e-07
EFT:1.0104241096782794e-05,2.122547334954209e-06,1.987322000788117e-05,0.499281670416237,6.935296550282277e-09,0.4992816704162441,2.6320519398807075e-09,0.0014041591461476227,9.805874310262393e-08,2.9238684013396224e-07
Random7240
Raw:1.0104241096783009e-05,2.122547334954224e-06,1.987322000788131e-05,0.49928167041623345,6.935296550282327e-09,0.49928167041624766,2.6320519398807638e-09,0.0014041591461476327,9.805874310262601e-08,2.9238684013396436e-07
EFT:1.0104241096782794e-05,2.122547334954209e-06,1.987322000788117e-05,0.499281670416237,6.935296550282277e-09,0.4992816704162441,2.6320519398807075e-09,0.0014041591461476227,9.805874310262393e-08,2.9238684013396224e-07
Random7241
Raw:1.0104241096782938e-05,2.122547334954209e-06,1.987322000788117e-05,0.499281670416237,6.935296550282277e-09,0.4992816704162441,2.632051939880745e-09,0.0014041591461476227,9.805874310262532e-08,2.9238684013396224e-07
EFT:1.0104241096782794e-05,2.122547334954209e-06,1.987322000788117e-05,0.499281670416237,6.935296550282277e-09,0.4992816704162441,2.6320519398807075e-09,0.0014041591461476227,9.805874310262393e-08,2.9238684013396224e-07
Random7242
Raw:1.0104241096782938e-05,2.122547334954209e-06,1.987322000788117e-05,0.499281670416237,6.935296550282277e-09,0.4992816704162441,2.632051939880745e-09,0.0014041591461476227,9.805874310262532e-08,2.9238684013396224e-07
EFT:1.0104241096782794e-05,2.122547334954209e-06,1.987322000788117e-05,0.499281670416237,6.935296550282277e-09,0.4992816704162441,2.6320519398807075e-09,0.0014041591461476227,9.805874310262393e-08,2.9238684013396224e-07
Random7243
Raw:1.0104241096782938e-05,2.1225473349541788e-06,1.9873220007880885e-05,0.499281670416237,6.935296550282277e-09,0.4992816704162441,2.632051939880745e-09,0.0014041591461476026,9.805874310262532e-08,2.9238684013396224e-07
EFT:1.0104241096782794e-05,2.122547334954209e-06,1.987322000788117e-05,0.499281670416237,6.935296550282277e-09,0.4992816704162441,2.6320519398807075e-09,0.0014041591461476227,9.805874310262393e-08,2.9238684013396224e-07
Random7244
Raw:1.0104241096782938e-05,2.122547334954209e-06,1.987322000788117e-05,0.499281670416237,6.9352965502823754e-09,0.4992816704162441,2.632051939880745e-09,0.0014041591461476227,9.805874310262393e-08,2.9238684013396637e-07
EFT:1.0104241096782794e-05,2.122547334954209e-06,1.987322000788117e-05,0.499281670416237,6.935296550282277e-09,0.4992816704162441,2.6320519398807075e-09,0.0014041591461476227,9.805874310262393e-08,2.9238684013396224e-07
Random7245
Raw:1.0104241096782938e-05,2.122547334954209e-06,1.987322000788117e-05,0.499281670416237,6.935296550282277e-09,0.4992816704162441,2.632051939880745e-09,0.0014041591461476227,9.805874310262532e-08,2.9238684013396224e-07
EFT:1.0104241096782794e-05,2.122547334954209e-06,1.987322000788117e-05,0.499281670416237,6.935296550282277e-09,0.4992816704162441,2.6320519398807075e-09,0.0014041591461476227,9.805874310262393e-08,2.9238684013396224e-07
Random7246
Raw:1.0104241096782938e-05,2.122547334954239e-06,1.987322000788117e-05,0.499281670416237,6.9352965502823754e-09,0.4992816704162441,2.6320519398807824e-09,0.0014041591461476227,9.805874310262532e-08,2.9238684013396637e-07
EFT:1.0104241096782794e-05,2.122547334954209e-06,1.987322000788117e-05,0.499281670416237,6.935296550282277e-09,0.4992816704162441,2.6320519398807075e-09,0.0014041591461476227,9.805874310262393e-08,2.9238684013396224e-07
Random7247
Raw:1.0104241096782794e-05,2.122547334954209e-06,1.987322000788117e-05,0.4992816704162441,6.935296550282277e-09,0.499281670416237,2.63205193988067e-09,0.0014041591461476227,9.805874310262393e-08,2.9238684013396224e-07
EFT:1.0104241096782794e-05,2.122547334954209e-06,1.987322000788117e-05,0.499281670416237,6.935296550282277e-09,0.4992816704162441,2.6320519398807075e-09,0.0014041591461476227,9.805874310262393e-08,2.9238684013396224e-07
Random7248
Raw:1.0104241096783009e-05,2.122547334954194e-06,1.9873220007881028e-05,0.49928167041623345,6.935296550282327e-09,0.49928167041624766,2.6320519398807638e-09,0.0014041591461476126,9.805874310262601e-08,2.9238684013396436e-07
EFT:1.0104241096782794e-05,2.122547334954209e-06,1.987322000788117e-05,0.499281670416237,6.935296550282277e-09,0.4992816704162441,2.6320519398807075e-09,0.0014041591461476227,9.805874310262393e-08,2.9238684013396224e-07
Random7249
Raw:1.0104241096782938e-05,2.122547334954209e-06,1.987322000788117e-05,0.499281670416237,6.9352965502823754e-09,0.4992816704162441,2.6320519398807824e-09,0.0014041591461476227,9.805874310262532e-08,2.9238684013396637e-07
EFT:1.0104241096782794e-05,2.122547334954209e-06,1.987322000788117e-05,0.499281670416237,6.935296550282277e-09,0.4992816704162441,2.6320519398807075e-09,0.0014041591461476227,9.805874310262393e-08,2.9238684013396224e-07
Random7250
Raw:1.0104241096782938e-05,2.122547334954239e-06,1.987322000788145e-05,0.499281670416237,6.935296550282277e-09,0.4992816704162441,2.632051939880745e-09,0.0014041591461476427,9.805874310262393e-08,2.9238684013396637e-07
EFT:1.0104241096782794e-05,2.122547334954209e-06,1.987322000788117e-05,0.499281670416237,6.935296550282277e-09,0.4992816704162441,2.6320519398807075e-09,0.0014041591461476227,9.805874310262393e-08,2.9238684013396224e-07
Random7251
Raw:1.0104241096782938e-05,2.122547334954209e-06,1.987322000788117e-05,0.499281670416237,6.935296550282277e-09,0.4992816704162441,2.632051939880745e-09,0.0014041591461476427,9.805874310262393e-08,2.9238684013396224e-07
EFT:1.0104241096782794e-05,2.122547334954209e-06,1.987322000788117e-05,0.499281670416237,6.935296550282277e-09,0.4992816704162441,2.6320519398807075e-09,0.0014041591461476227,9.805874310262393e-08,2.9238684013396224e-07
Random7252
Raw:1.0104241096782938e-05,2.122547334954209e-06,1.987322000788117e-05,0.499281670416237,6.935296550282277e-09,0.4992816704162441,2.632051939880745e-09,0.0014041591461476427,9.805874310262393e-08,2.9238684013396224e-07
EFT:1.0104241096782794e-05,2.122547334954209e-06,1.987322000788117e-05,0.499281670416237,6.935296550282277e-09,0.4992816704162441,2.6320519398807075e-09,0.0014041591461476227,9.805874310262393e-08,2.9238684013396224e-07
Random7253
Raw:1.0104241096782794e-05,2.1225473349541788e-06,1.9873220007880885e-05,0.499281670416237,6.935296550282277e-09,0.4992816704162441,2.632051939880745e-09,0.0014041591461476026,9.805874310262254e-08,2.9238684013396224e-07
EFT:1.0104241096782794e-05,2.122547334954209e-06,1.987322000788117e-05,0.499281670416237,6.935296550282277e-09,0.4992816704162441,2.6320519398807075e-09,0.0014041591461476227,9.805874310262393e-08,2.9238684013396224e-07
Random7254
Raw:1.0104241096782867e-05,2.122547334954224e-06,1.9873220007881028e-05,0.49928167041624055,6.935296550282326e-09,0.49928167041624055,2.6320519398807638e-09,0.0014041591461476128,9.805874310262462e-08,2.923868401339643e-07
EFT:1.0104241096782794e-05,2.122547334954209e-06,1.987322000788117e-05,0.499281670416237,6.935296550282277e-09,0.4992816704162441,2.6320519398807075e-09,0.0014041591461476227,9.805874310262393e-08,2.9238684013396224e-07
Random7255
Raw:1.0104241096782867e-05,2.122547334954194e-06,1.9873220007881028e-05,0.49928167041624055,6.935296550282326e-09,0.49928167041624055,2.6320519398807265e-09,0.0014041591461476128,9.805874310262323e-08,2.923868401339643e-07
EFT:1.0104241096782794e-05,2.122547334954209e-06,1.987322000788117e-05,0.499281670416237,6.935296550282277e-09,0.4992816704162441,2.6320519398807075e-09,0.0014041591461476227,9.805874310262393e-08,2.9238684013396224e-07
Random7256
Raw:1.0104241096782867e-05,2.122547334954224e-06,1.987322000788131e-05,0.49928167041624055,6.935296550282326e-09,0.49928167041624055,2.6320519398807265e-09,0.0014041591461476327,9.805874310262462e-08,2.923868401339643e-07
EFT:1.0104241096782794e-05,2.122547334954209e-06,1.987322000788117e-05,0.499281670416237,6.935296550282277e-09,0.4992816704162441,2.6320519398807075e-09,0.0014041591461476227,9.805874310262393e-08,2.9238684013396224e-07
Random7257
Raw:1.0104241096782867e-05,2.122547334954224e-06,1.987322000788131e-05,0.49928167041624055,6.935296550282326e-09,0.49928167041624055,2.6320519398807265e-09,0.0014041591461476327,9.805874310262323e-08,2.923868401339643e-07
EFT:1.0104241096782794e-05,2.122547334954209e-06,1.987322000788117e-05,0.499281670416237,6.935296550282277e-09,0.4992816704162441,2.6320519398807075e-09,0.0014041591461476227,9.805874310262393e-08,2.9238684013396224e-07
Random7258
Raw:1.0104241096782938e-05,2.122547334954209e-06,1.987322000788117e-05,0.499281670416237,6.935296550282277e-09,0.4992816704162441,2.632051939880745e-09,0.0014041591461476227,9.805874310262532e-08,2.9238684013396224e-07
EFT:1.0104241096782794e-05,2.122547334954209e-06,1.987322000788117e-05,0.499281670416237,6.935296550282277e-09,0.4992816704162441,2.6320519398807075e-09,0.0014041591461476227,9.805874310262393e-08,2.9238684013396224e-07
Random7259
Raw:1.0104241096782794e-05,2.122547334954209e-06,1.9873220007880885e-05,0.499281670416237,6.935296550282277e-09,0.4992816704162441,2.6320519398807075e-09,0.0014041591461476026,9.805874310262393e-08,2.9238684013396224e-07
EFT:1.0104241096782794e-05,2.122547334954209e-06,1.987322000788117e-05,0.499281670416237,6.935296550282277e-09,0.4992816704162441,2.6320519398807075e-09,0.0014041591461476227,9.805874310262393e-08,2.9238684013396224e-07
Random7260
Raw:1.0104241096783009e-05,2.122547334954224e-06,1.987322000788131e-05,0.49928167041623345,6.935296550282327e-09,0.49928167041624766,2.6320519398807638e-09,0.0014041591461476327,9.805874310262601e-08,2.9238684013396436e-07
EFT:1.0104241096782794e-05,2.122547334954209e-06,1.987322000788117e-05,0.499281670416237,6.935296550282277e-09,0.4992816704162441,2.6320519398807075e-09,0.0014041591461476227,9.805874310262393e-08,2.9238684013396224e-07
Random7261
Raw:1.0104241096782723e-05,2.122547334954194e-06,1.9873220007881028e-05,0.49928167041624055,6.935296550282228e-09,0.49928167041624055,2.632051939880689e-09,0.0014041591461476128,9.805874310262184e-08,2.923868401339602e-07
EFT:1.0104241096782794e-05,2.122547334954209e-06,1.987322000788117e-05,0.499281670416237,6.935296550282277e-09,0.4992816704162441,2.6320519398807075e-09,0.0014041591461476227,9.805874310262393e-08,2.9238684013396224e-07
Random7262
Raw:1.0104241096782867e-05,2.122547334954194e-06,1.9873220007881028e-05,0.49928167041624055,6.935296550282326e-09,0.49928167041624055,2.6320519398807265e-09,0.0014041591461476128,9.805874310262323e-08,2.923868401339643e-07
EFT:1.0104241096782794e-05,2.122547334954209e-06,1.987322000788117e-05,0.499281670416237,6.935296550282277e-09,0.4992816704162441,2.6320519398807075e-09,0.0014041591461476227,9.805874310262393e-08,2.9238684013396224e-07
Random7263
Raw:1.0104241096783009e-05,2.122547334954224e-06,1.987322000788131e-05,0.49928167041623345,6.935296550282327e-09,0.49928167041624766,2.6320519398807638e-09,0.0014041591461476327,9.805874310262601e-08,2.9238684013396436e-07
EFT:1.0104241096782794e-05,2.122547334954209e-06,1.987322000788117e-05,0.499281670416237,6.935296550282277e-09,0.4992816704162441,2.6320519398807075e-09,0.0014041591461476227,9.805874310262393e-08,2.9238684013396224e-07
Random7264
Raw:1.0104241096782938e-05,2.122547334954239e-06,1.987322000788117e-05,0.499281670416237,6.9352965502823754e-09,0.4992816704162441,2.6320519398807824e-09,0.0014041591461476227,9.805874310262532e-08,2.9238684013396637e-07
EFT:1.0104241096782794e-05,2.122547334954209e-06,1.987322000788117e-05,0.499281670416237,6.935296550282277e-09,0.4992816704162441,2.6320519398807075e-09,0.0014041591461476227,9.805874310262393e-08,2.9238684013396224e-07
Random7265
Raw:1.0104241096782938e-05,2.122547334954209e-06,1.987322000788117e-05,0.499281670416237,6.935296550282277e-09,0.4992816704162441,2.632051939880745e-09,0.0014041591461476227,9.805874310262532e-08,2.9238684013396224e-07
EFT:1.0104241096782794e-05,2.122547334954209e-06,1.987322000788117e-05,0.499281670416237,6.935296550282277e-09,0.4992816704162441,2.6320519398807075e-09,0.0014041591461476227,9.805874310262393e-08,2.9238684013396224e-07
Random7266
Raw:1.0104241096782867e-05,2.122547334954224e-06,1.987322000788131e-05,0.49928167041624055,6.935296550282326e-09,0.49928167041624055,2.6320519398807265e-09,0.0014041591461476327,9.805874310262323e-08,2.923868401339643e-07
EFT:1.0104241096782794e-05,2.122547334954209e-06,1.987322000788117e-05,0.499281670416237,6.935296550282277e-09,0.4992816704162441,2.6320519398807075e-09,0.0014041591461476227,9.805874310262393e-08,2.9238684013396224e-07
Random7267
Raw:1.0104241096782938e-05,2.122547334954209e-06,1.987322000788117e-05,0.499281670416237,6.935296550282277e-09,0.4992816704162441,2.632051939880745e-09,0.0014041591461476427,9.805874310262393e-08,2.9238684013396224e-07
EFT:1.0104241096782794e-05,2.122547334954209e-06,1.987322000788117e-05,0.499281670416237,6.935296550282277e-09,0.4992816704162441,2.6320519398807075e-09,0.0014041591461476227,9.805874310262393e-08,2.9238684013396224e-07
Random7268
Raw:1.0104241096782794e-05,2.122547334954209e-06,1.987322000788117e-05,0.499281670416237,6.9352965502821786e-09,0.4992816704162441,2.6320519398807075e-09,0.0014041591461476026,9.805874310262393e-08,2.9238684013396224e-07
EFT:1.0104241096782794e-05,2.122547334954209e-06,1.987322000788117e-05,0.499281670416237,6.935296550282277e-09,0.4992816704162441,2.6320519398807075e-09,0.0014041591461476227,9.805874310262393e-08,2.9238684013396224e-07
Random7269
Raw:1.0104241096782938e-05,2.122547334954209e-06,1.987322000788117e-05,0.499281670416237,6.935296550282277e-09,0.4992816704162441,2.632051939880745e-09,0.0014041591461476427,9.805874310262393e-08,2.9238684013396224e-07
EFT:1.0104241096782794e-05,2.122547334954209e-06,1.987322000788117e-05,0.499281670416237,6.935296550282277e-09,0.4992816704162441,2.6320519398807075e-09,0.0014041591461476227,9.805874310262393e-08,2.9238684013396224e-07
Random7270
Raw:1.0104241096782938e-05,2.122547334954209e-06,1.9873220007880885e-05,0.499281670416237,6.935296550282277e-09,0.4992816704162441,2.632051939880745e-09,0.0014041591461476227,9.805874310262532e-08,2.9238684013396224e-07
EFT:1.0104241096782794e-05,2.122547334954209e-06,1.987322000788117e-05,0.499281670416237,6.935296550282277e-09,0.4992816704162441,2.6320519398807075e-09,0.0014041591461476227,9.805874310262393e-08,2.9238684013396224e-07
Random7271
Raw:1.0104241096782794e-05,2.122547334954209e-06,1.987322000788117e-05,0.499281670416237,6.935296550282277e-09,0.4992816704162441,2.6320519398807075e-09,0.0014041591461476227,9.805874310262393e-08,2.9238684013396224e-07
EFT:1.0104241096782794e-05,2.122547334954209e-06,1.987322000788117e-05,0.499281670416237,6.935296550282277e-09,0.4992816704162441,2.6320519398807075e-09,0.0014041591461476227,9.805874310262393e-08,2.9238684013396224e-07
Random7272
Raw:1.0104241096782938e-05,2.122547334954239e-06,1.987322000788117e-05,0.499281670416237,6.935296550282277e-09,0.4992816704162441,2.632051939880745e-09,0.0014041591461476427,9.805874310262532e-08,2.9238684013396224e-07
EFT:1.0104241096782794e-05,2.122547334954209e-06,1.987322000788117e-05,0.499281670416237,6.935296550282277e-09,0.4992816704162441,2.6320519398807075e-09,0.0014041591461476227,9.805874310262393e-08,2.9238684013396224e-07
Random7273
Raw:1.0104241096783082e-05,2.122547334954239e-06,1.9873220007880885e-05,0.4992816704162299,6.9352965502823754e-09,0.49928167041625116,2.6320519398808196e-09,0.0014041591461476225,9.805874310262671e-08,2.923868401339664e-07
EFT:1.0104241096782794e-05,2.122547334954209e-06,1.987322000788117e-05,0.499281670416237,6.935296550282277e-09,0.4992816704162441,2.6320519398807075e-09,0.0014041591461476227,9.805874310262393e-08,2.9238684013396224e-07
Random7274
Raw:1.0104241096782938e-05,2.122547334954209e-06,1.987322000788117e-05,0.499281670416237,6.9352965502823754e-09,0.4992816704162441,2.632051939880745e-09,0.0014041591461476227,9.805874310262393e-08,2.9238684013396637e-07
EFT:1.0104241096782794e-05,2.122547334954209e-06,1.987322000788117e-05,0.499281670416237,6.935296550282277e-09,0.4992816704162441,2.6320519398807075e-09,0.0014041591461476227,9.805874310262393e-08,2.9238684013396224e-07
Random7275
Raw:1.0104241096782938e-05,2.122547334954209e-06,1.987322000788117e-05,0.499281670416237,6.9352965502823754e-09,0.4992816704162441,2.632051939880745e-09,0.0014041591461476227,9.805874310262672e-08,2.9238684013396637e-07
EFT:1.0104241096782794e-05,2.122547334954209e-06,1.987322000788117e-05,0.499281670416237,6.935296550282277e-09,0.4992816704162441,2.6320519398807075e-09,0.0014041591461476227,9.805874310262393e-08,2.9238684013396224e-07
Random7276
Raw:1.0104241096782867e-05,2.122547334954194e-06,1.9873220007881028e-05,0.49928167041624055,6.935296550282326e-09,0.49928167041624055,2.6320519398807265e-09,0.0014041591461476128,9.805874310262323e-08,2.923868401339643e-07
EFT:1.0104241096782794e-05,2.122547334954209e-06,1.987322000788117e-05,0.499281670416237,6.935296550282277e-09,0.4992816704162441,2.6320519398807075e-09,0.0014041591461476227,9.805874310262393e-08,2.9238684013396224e-07
Random7277
Raw:1.0104241096782938e-05,2.122547334954209e-06,1.987322000788117e-05,0.499281670416237,6.9352965502823754e-09,0.4992816704162441,2.6320519398807824e-09,0.0014041591461476227,9.805874310262532e-08,2.9238684013396637e-07
EFT:1.0104241096782794e-05,2.122547334954209e-06,1.987322000788117e-05,0.499281670416237,6.935296550282277e-09,0.4992816704162441,2.6320519398807075e-09,0.0014041591461476227,9.805874310262393e-08,2.9238684013396224e-07
Random7278
Raw:1.0104241096782938e-05,2.122547334954209e-06,1.987322000788117e-05,0.499281670416237,6.935296550282277e-09,0.4992816704162441,2.632051939880745e-09,0.0014041591461476427,9.805874310262393e-08,2.9238684013396224e-07
EFT:1.0104241096782794e-05,2.122547334954209e-06,1.987322000788117e-05,0.499281670416237,6.935296550282277e-09,0.4992816704162441,2.6320519398807075e-09,0.0014041591461476227,9.805874310262393e-08,2.9238684013396224e-07
Random7279
Raw:1.0104241096782938e-05,2.122547334954209e-06,1.987322000788117e-05,0.499281670416237,6.9352965502823754e-09,0.4992816704162441,2.632051939880745e-09,0.0014041591461476227,9.805874310262532e-08,2.9238684013396637e-07
EFT:1.0104241096782794e-05,2.122547334954209e-06,1.987322000788117e-05,0.499281670416237,6.935296550282277e-09,0.4992816704162441,2.6320519398807075e-09,0.0014041591461476227,9.805874310262393e-08,2.9238684013396224e-07
Random7280
Raw:1.0104241096782794e-05,2.122547334954209e-06,1.9873220007880885e-05,0.499281670416237,6.935296550282277e-09,0.4992816704162441,2.6320519398807075e-09,0.0014041591461476026,9.805874310262393e-08,2.9238684013396224e-07
EFT:1.0104241096782794e-05,2.122547334954209e-06,1.987322000788117e-05,0.499281670416237,6.935296550282277e-09,0.4992816704162441,2.6320519398807075e-09,0.0014041591461476227,9.805874310262393e-08,2.9238684013396224e-07
Random7281
Raw:1.0104241096782794e-05,2.122547334954209e-06,1.987322000788117e-05,0.499281670416237,6.9352965502821786e-09,0.4992816704162441,2.6320519398807075e-09,0.0014041591461476227,9.805874310262393e-08,2.9238684013396224e-07
EFT:1.0104241096782794e-05,2.122547334954209e-06,1.987322000788117e-05,0.499281670416237,6.935296550282277e-09,0.4992816704162441,2.6320519398807075e-09,0.0014041591461476227,9.805874310262393e-08,2.9238684013396224e-07
Random7282
Raw:1.0104241096782938e-05,2.122547334954209e-06,1.987322000788117e-05,0.499281670416237,6.9352965502823754e-09,0.4992816704162441,2.632051939880745e-09,0.0014041591461476227,9.805874310262393e-08,2.9238684013396637e-07
EFT:1.0104241096782794e-05,2.122547334954209e-06,1.987322000788117e-05,0.499281670416237,6.935296550282277e-09,0.4992816704162441,2.6320519398807075e-09,0.0014041591461476227,9.805874310262393e-08,2.9238684013396224e-07
Random7283
Raw:1.0104241096782938e-05,2.122547334954209e-06,1.987322000788117e-05,0.499281670416237,6.9352965502823754e-09,0.4992816704162441,2.632051939880745e-09,0.0014041591461476227,9.805874310262393e-08,2.9238684013396637e-07
EFT:1.0104241096782794e-05,2.122547334954209e-06,1.987322000788117e-05,0.499281670416237,6.935296550282277e-09,0.4992816704162441,2.6320519398807075e-09,0.0014041591461476227,9.805874310262393e-08,2.9238684013396224e-07
Random7284
Raw:1.0104241096782865e-05,2.122547334954194e-06,1.9873220007881028e-05,0.49928167041623345,6.935296550282228e-09,0.49928167041624766,2.632051939880726e-09,0.0014041591461476327,9.805874310262462e-08,2.923868401339602e-07
EFT:1.0104241096782794e-05,2.122547334954209e-06,1.987322000788117e-05,0.499281670416237,6.935296550282277e-09,0.4992816704162441,2.6320519398807075e-09,0.0014041591461476227,9.805874310262393e-08,2.9238684013396224e-07
Random7285
Raw:1.0104241096783009e-05,2.122547334954224e-06,1.987322000788131e-05,0.49928167041623345,6.935296550282327e-09,0.49928167041624766,2.6320519398807638e-09,0.0014041591461476327,9.805874310262601e-08,2.9238684013396436e-07
EFT:1.0104241096782794e-05,2.122547334954209e-06,1.987322000788117e-05,0.499281670416237,6.935296550282277e-09,0.4992816704162441,2.6320519398807075e-09,0.0014041591461476227,9.805874310262393e-08,2.9238684013396224e-07
Random7286
Raw:1.0104241096782867e-05,2.122547334954224e-06,1.987322000788131e-05,0.49928167041624055,6.935296550282326e-09,0.49928167041624055,2.6320519398807265e-09,0.0014041591461476128,9.805874310262462e-08,2.923868401339643e-07
EFT:1.0104241096782794e-05,2.122547334954209e-06,1.987322000788117e-05,0.499281670416237,6.935296550282277e-09,0.4992816704162441,2.6320519398807075e-09,0.0014041591461476227,9.805874310262393e-08,2.9238684013396224e-07
Random7287
Raw:1.0104241096782938e-05,2.122547334954209e-06,1.9873220007880885e-05,0.499281670416237,6.935296550282277e-09,0.4992816704162441,2.632051939880745e-09,0.0014041591461476227,9.805874310262532e-08,2.9238684013396224e-07
EFT:1.0104241096782794e-05,2.122547334954209e-06,1.987322000788117e-05,0.499281670416237,6.935296550282277e-09,0.4992816704162441,2.6320519398807075e-09,0.0014041591461476227,9.805874310262393e-08,2.9238684013396224e-07
Random7288
Raw:1.0104241096782938e-05,2.122547334954209e-06,1.987322000788117e-05,0.499281670416237,6.9352965502823754e-09,0.4992816704162441,2.6320519398807824e-09,0.0014041591461476227,9.805874310262532e-08,2.9238684013396637e-07
EFT:1.0104241096782794e-05,2.122547334954209e-06,1.987322000788117e-05,0.499281670416237,6.935296550282277e-09,0.4992816704162441,2.6320519398807075e-09,0.0014041591461476227,9.805874310262393e-08,2.9238684013396224e-07
Random7289
Raw:1.0104241096783009e-05,2.122547334954194e-06,1.9873220007881028e-05,0.49928167041623345,6.935296550282327e-09,0.49928167041624766,2.6320519398807638e-09,0.0014041591461476327,9.805874310262462e-08,2.9238684013396436e-07
EFT:1.0104241096782794e-05,2.122547334954209e-06,1.987322000788117e-05,0.499281670416237,6.935296550282277e-09,0.4992816704162441,2.6320519398807075e-09,0.0014041591461476227,9.805874310262393e-08,2.9238684013396224e-07
Random7290
Raw:1.0104241096782938e-05,2.122547334954209e-06,1.987322000788117e-05,0.499281670416237,6.9352965502823754e-09,0.4992816704162441,2.632051939880745e-09,0.0014041591461476227,9.805874310262393e-08,2.9238684013396637e-07
EFT:1.0104241096782794e-05,2.122547334954209e-06,1.987322000788117e-05,0.499281670416237,6.935296550282277e-09,0.4992816704162441,2.6320519398807075e-09,0.0014041591461476227,9.805874310262393e-08,2.9238684013396224e-07
Random7291
Raw:1.0104241096782867e-05,2.1225473349542546e-06,1.987322000788131e-05,0.49928167041624055,6.935296550282326e-09,0.49928167041624055,2.6320519398807638e-09,0.0014041591461476327,9.805874310262462e-08,2.923868401339643e-07
EFT:1.0104241096782794e-05,2.122547334954209e-06,1.987322000788117e-05,0.499281670416237,6.935296550282277e-09,0.4992816704162441,2.6320519398807075e-09,0.0014041591461476227,9.805874310262393e-08,2.9238684013396224e-07
Random7292
Raw:1.0104241096782938e-05,2.122547334954209e-06,1.9873220007880885e-05,0.499281670416237,6.935296550282277e-09,0.4992816704162441,2.632051939880745e-09,0.0014041591461476227,9.805874310262532e-08,2.9238684013396224e-07
EFT:1.0104241096782794e-05,2.122547334954209e-06,1.987322000788117e-05,0.499281670416237,6.935296550282277e-09,0.4992816704162441,2.6320519398807075e-09,0.0014041591461476227,9.805874310262393e-08,2.9238684013396224e-07
Random7293
Raw:1.0104241096782938e-05,2.122547334954209e-06,1.987322000788117e-05,0.499281670416237,6.9352965502823754e-09,0.4992816704162441,2.632051939880745e-09,0.0014041591461476227,9.805874310262393e-08,2.9238684013396637e-07
EFT:1.0104241096782794e-05,2.122547334954209e-06,1.987322000788117e-05,0.499281670416237,6.935296550282277e-09,0.4992816704162441,2.6320519398807075e-09,0.0014041591461476227,9.805874310262393e-08,2.9238684013396224e-07
Random7294
Raw:1.0104241096782865e-05,2.122547334954194e-06,1.9873220007881028e-05,0.49928167041623345,6.935296550282327e-09,0.49928167041624766,2.632051939880726e-09,0.0014041591461476126,9.805874310262462e-08,2.9238684013396436e-07
EFT:1.0104241096782794e-05,2.122547334954209e-06,1.987322000788117e-05,0.499281670416237,6.935296550282277e-09,0.4992816704162441,2.6320519398807075e-09,0.0014041591461476227,9.805874310262393e-08,2.9238684013396224e-07
Random7295
Raw:1.0104241096782867e-05,2.122547334954224e-06,1.987322000788131e-05,0.49928167041624055,6.935296550282326e-09,0.49928167041624055,2.6320519398807265e-09,0.0014041591461476327,9.805874310262602e-08,2.923868401339643e-07
EFT:1.0104241096782794e-05,2.122547334954209e-06,1.987322000788117e-05,0.499281670416237,6.935296550282277e-09,0.4992816704162441,2.6320519398807075e-09,0.0014041591461476227,9.805874310262393e-08,2.9238684013396224e-07
Random7296
Raw:1.0104241096782938e-05,2.122547334954209e-06,1.9873220007880885e-05,0.499281670416237,6.935296550282277e-09,0.4992816704162441,2.632051939880745e-09,0.0014041591461476227,9.805874310262532e-08,2.9238684013396224e-07
EFT:1.0104241096782794e-05,2.122547334954209e-06,1.987322000788117e-05,0.499281670416237,6.935296550282277e-09,0.4992816704162441,2.6320519398807075e-09,0.0014041591461476227,9.805874310262393e-08,2.9238684013396224e-07
Random7297
Raw:1.0104241096782938e-05,2.122547334954209e-06,1.9873220007880885e-05,0.499281670416237,6.935296550282277e-09,0.4992816704162441,2.632051939880745e-09,0.0014041591461476227,9.805874310262532e-08,2.9238684013396224e-07
EFT:1.0104241096782794e-05,2.122547334954209e-06,1.987322000788117e-05,0.499281670416237,6.935296550282277e-09,0.4992816704162441,2.6320519398807075e-09,0.0014041591461476227,9.805874310262393e-08,2.9238684013396224e-07
Random7298
Raw:1.0104241096782938e-05,2.122547334954209e-06,1.987322000788117e-05,0.499281670416237,6.935296550282277e-09,0.4992816704162441,2.632051939880745e-09,0.0014041591461476427,9.805874310262393e-08,2.9238684013396224e-07
EFT:1.0104241096782794e-05,2.122547334954209e-06,1.987322000788117e-05,0.499281670416237,6.935296550282277e-09,0.4992816704162441,2.6320519398807075e-09,0.0014041591461476227,9.805874310262393e-08,2.9238684013396224e-07
Random7299
Raw:1.0104241096782867e-05,2.122547334954224e-06,1.9873220007881028e-05,0.49928167041624055,6.935296550282326e-09,0.49928167041624055,2.6320519398807265e-09,0.0014041591461476128,9.805874310262462e-08,2.923868401339643e-07
EFT:1.0104241096782794e-05,2.122547334954209e-06,1.987322000788117e-05,0.499281670416237,6.935296550282277e-09,0.4992816704162441,2.6320519398807075e-09,0.0014041591461476227,9.805874310262393e-08,2.9238684013396224e-07
Random7300
Raw:1.0104241096782867e-05,2.122547334954224e-06,1.987322000788131e-05,0.49928167041624055,6.935296550282326e-09,0.49928167041624055,2.6320519398807265e-09,0.0014041591461476128,9.805874310262462e-08,2.923868401339643e-07
EFT:1.0104241096782794e-05,2.122547334954209e-06,1.987322000788117e-05,0.499281670416237,6.935296550282277e-09,0.4992816704162441,2.6320519398807075e-09,0.0014041591461476227,9.805874310262393e-08,2.9238684013396224e-07
Random7301
Raw:1.0104241096782794e-05,2.122547334954209e-06,1.987322000788117e-05,0.499281670416237,6.935296550282277e-09,0.4992816704162441,2.6320519398807075e-09,0.0014041591461476227,9.805874310262393e-08,2.9238684013396224e-07
EFT:1.0104241096782794e-05,2.122547334954209e-06,1.987322000788117e-05,0.499281670416237,6.935296550282277e-09,0.4992816704162441,2.6320519398807075e-09,0.0014041591461476227,9.805874310262393e-08,2.9238684013396224e-07
Random7302
Raw:1.0104241096782867e-05,2.122547334954224e-06,1.987322000788131e-05,0.49928167041624055,6.935296550282326e-09,0.49928167041624055,2.6320519398807265e-09,0.0014041591461476327,9.805874310262323e-08,2.923868401339643e-07
EFT:1.0104241096782794e-05,2.122547334954209e-06,1.987322000788117e-05,0.499281670416237,6.935296550282277e-09,0.4992816704162441,2.6320519398807075e-09,0.0014041591461476227,9.805874310262393e-08,2.9238684013396224e-07
Random7303
Raw:1.0104241096782723e-05,2.122547334954194e-06,1.9873220007881028e-05,0.49928167041624055,6.935296550282228e-09,0.49928167041624055,2.6320519398806513e-09,0.0014041591461476327,9.805874310262323e-08,2.923868401339602e-07
EFT:1.0104241096782794e-05,2.122547334954209e-06,1.987322000788117e-05,0.499281670416237,6.935296550282277e-09,0.4992816704162441,2.6320519398807075e-09,0.0014041591461476227,9.805874310262393e-08,2.9238684013396224e-07
Random7304
Raw:1.0104241096783009e-05,2.122547334954224e-06,1.987322000788131e-05,0.49928167041623345,6.935296550282327e-09,0.49928167041624766,2.6320519398807638e-09,0.0014041591461476327,9.805874310262462e-08,2.923868401339685e-07
EFT:1.0104241096782794e-05,2.122547334954209e-06,1.987322000788117e-05,0.499281670416237,6.935296550282277e-09,0.4992816704162441,2.6320519398807075e-09,0.0014041591461476227,9.805874310262393e-08,2.9238684013396224e-07
Random7305
Raw:1.0104241096782867e-05,2.122547334954224e-06,1.9873220007881028e-05,0.49928167041624055,6.935296550282326e-09,0.49928167041624055,2.6320519398807638e-09,0.0014041591461476128,9.805874310262462e-08,2.923868401339643e-07
EFT:1.0104241096782794e-05,2.122547334954209e-06,1.987322000788117e-05,0.499281670416237,6.935296550282277e-09,0.4992816704162441,2.6320519398807075e-09,0.0014041591461476227,9.805874310262393e-08,2.9238684013396224e-07
Random7306
Raw:1.0104241096782794e-05,2.122547334954209e-06,1.987322000788117e-05,0.499281670416237,6.935296550282277e-09,0.4992816704162441,2.6320519398807075e-09,0.0014041591461476227,9.805874310262393e-08,2.9238684013396224e-07
EFT:1.0104241096782794e-05,2.122547334954209e-06,1.987322000788117e-05,0.499281670416237,6.935296550282277e-09,0.4992816704162441,2.6320519398807075e-09,0.0014041591461476227,9.805874310262393e-08,2.9238684013396224e-07
Random7307
Raw:1.0104241096782938e-05,2.122547334954209e-06,1.987322000788117e-05,0.499281670416237,6.9352965502823754e-09,0.4992816704162441,2.632051939880745e-09,0.0014041591461476227,9.805874310262672e-08,2.9238684013396637e-07
EFT:1.0104241096782794e-05,2.122547334954209e-06,1.987322000788117e-05,0.499281670416237,6.935296550282277e-09,0.4992816704162441,2.6320519398807075e-09,0.0014041591461476227,9.805874310262393e-08,2.9238684013396224e-07
Random7308
Raw:1.0104241096783009e-05,2.122547334954194e-06,1.9873220007881028e-05,0.49928167041623345,6.935296550282327e-09,0.49928167041624766,2.6320519398807638e-09,0.0014041591461476126,9.805874310262601e-08,2.9238684013396436e-07
EFT:1.0104241096782794e-05,2.122547334954209e-06,1.987322000788117e-05,0.499281670416237,6.935296550282277e-09,0.4992816704162441,2.6320519398807075e-09,0.0014041591461476227,9.805874310262393e-08,2.9238684013396224e-07
Random7309
Raw:1.0104241096783009e-05,2.122547334954194e-06,1.9873220007881028e-05,0.49928167041623345,6.935296550282327e-09,0.49928167041624766,2.6320519398807638e-09,0.0014041591461476327,9.805874310262462e-08,2.9238684013396436e-07
EFT:1.0104241096782794e-05,2.122547334954209e-06,1.987322000788117e-05,0.499281670416237,6.935296550282277e-09,0.4992816704162441,2.6320519398807075e-09,0.0014041591461476227,9.805874310262393e-08,2.9238684013396224e-07
Random7310
Raw:1.0104241096782794e-05,2.1225473349541788e-06,1.9873220007880885e-05,0.499281670416237,6.9352965502821786e-09,0.4992816704162441,2.632051939880745e-09,0.0014041591461476026,9.805874310262254e-08,2.9238684013396224e-07
EFT:1.0104241096782794e-05,2.122547334954209e-06,1.987322000788117e-05,0.499281670416237,6.935296550282277e-09,0.4992816704162441,2.6320519398807075e-09,0.0014041591461476227,9.805874310262393e-08,2.9238684013396224e-07
Random7311
Raw:1.0104241096782794e-05,2.122547334954209e-06,1.987322000788117e-05,0.499281670416237,6.935296550282277e-09,0.4992816704162441,2.6320519398807075e-09,0.0014041591461476227,9.805874310262393e-08,2.9238684013396224e-07
EFT:1.0104241096782794e-05,2.122547334954209e-06,1.987322000788117e-05,0.499281670416237,6.935296550282277e-09,0.4992816704162441,2.6320519398807075e-09,0.0014041591461476227,9.805874310262393e-08,2.9238684013396224e-07
Random7312
Raw:1.0104241096782938e-05,2.122547334954209e-06,1.987322000788117e-05,0.499281670416237,6.935296550282277e-09,0.4992816704162441,2.632051939880745e-09,0.0014041591461476227,9.805874310262393e-08,2.9238684013396637e-07
EFT:1.0104241096782794e-05,2.122547334954209e-06,1.987322000788117e-05,0.499281670416237,6.935296550282277e-09,0.4992816704162441,2.6320519398807075e-09,0.0014041591461476227,9.805874310262393e-08,2.9238684013396224e-07
Random7313
Raw:1.0104241096782867e-05,2.122547334954194e-06,1.9873220007881028e-05,0.49928167041624055,6.935296550282228e-09,0.49928167041624055,2.632051939880689e-09,0.0014041591461476128,9.805874310262462e-08,2.923868401339602e-07
EFT:1.0104241096782794e-05,2.122547334954209e-06,1.987322000788117e-05,0.499281670416237,6.935296550282277e-09,0.4992816704162441,2.6320519398807075e-09,0.0014041591461476227,9.805874310262393e-08,2.9238684013396224e-07
Random7314
Raw:1.0104241096783009e-05,2.122547334954224e-06,1.987322000788131e-05,0.49928167041623345,6.935296550282424e-09,0.49928167041624766,2.6320519398807638e-09,0.0014041591461476327,9.805874310262601e-08,2.923868401339685e-07
EFT:1.0104241096782794e-05,2.122547334954209e-06,1.987322000788117e-05,0.499281670416237,6.935296550282277e-09,0.4992816704162441,2.6320519398807075e-09,0.0014041591461476227,9.805874310262393e-08,2.9238684013396224e-07
Random7315
Raw:1.0104241096783009e-05,2.122547334954224e-06,1.987322000788131e-05,0.49928167041623345,6.935296550282327e-09,0.49928167041624766,2.6320519398807638e-09,0.0014041591461476327,9.805874310262601e-08,2.9238684013396436e-07
EFT:1.0104241096782794e-05,2.122547334954209e-06,1.987322000788117e-05,0.499281670416237,6.935296550282277e-09,0.4992816704162441,2.6320519398807075e-09,0.0014041591461476227,9.805874310262393e-08,2.9238684013396224e-07
Random7316
Raw:1.0104241096782723e-05,2.122547334954194e-06,1.9873220007881028e-05,0.49928167041624055,6.935296550282228e-09,0.49928167041624055,2.632051939880689e-09,0.0014041591461476128,9.805874310262184e-08,2.923868401339602e-07
EFT:1.0104241096782794e-05,2.122547334954209e-06,1.987322000788117e-05,0.499281670416237,6.935296550282277e-09,0.4992816704162441,2.6320519398807075e-09,0.0014041591461476227,9.805874310262393e-08,2.9238684013396224e-07
Random7317
Raw:1.0104241096782938e-05,2.122547334954209e-06,1.987322000788117e-05,0.499281670416237,6.9352965502823754e-09,0.4992816704162441,2.6320519398807824e-09,0.0014041591461476026,9.805874310262672e-08,2.9238684013396637e-07
EFT:1.0104241096782794e-05,2.122547334954209e-06,1.987322000788117e-05,0.499281670416237,6.935296550282277e-09,0.4992816704162441,2.6320519398807075e-09,0.0014041591461476227,9.805874310262393e-08,2.9238684013396224e-07
Random7318
Raw:1.0104241096782938e-05,2.122547334954209e-06,1.9873220007880885e-05,0.499281670416237,6.935296550282277e-09,0.4992816704162441,2.632051939880745e-09,0.0014041591461476227,9.805874310262532e-08,2.9238684013396224e-07
EFT:1.0104241096782794e-05,2.122547334954209e-06,1.987322000788117e-05,0.499281670416237,6.935296550282277e-09,0.4992816704162441,2.6320519398807075e-09,0.0014041591461476227,9.805874310262393e-08,2.9238684013396224e-07
Random7319
Raw:1.0104241096783009e-05,2.122547334954224e-06,1.987322000788131e-05,0.49928167041623345,6.935296550282327e-09,0.49928167041624766,2.6320519398807638e-09,0.0014041591461476327,9.805874310262462e-08,2.923868401339685e-07
EFT:1.0104241096782794e-05,2.122547334954209e-06,1.987322000788117e-05,0.499281670416237,6.935296550282277e-09,0.4992816704162441,2.6320519398807075e-09,0.0014041591461476227,9.805874310262393e-08,2.9238684013396224e-07
Random7320
Raw:1.0104241096782794e-05,2.122547334954209e-06,1.987322000788117e-05,0.499281670416237,6.935296550282277e-09,0.4992816704162441,2.6320519398807075e-09,0.0014041591461476227,9.805874310262393e-08,2.9238684013396224e-07
EFT:1.0104241096782794e-05,2.122547334954209e-06,1.987322000788117e-05,0.499281670416237,6.935296550282277e-09,0.4992816704162441,2.6320519398807075e-09,0.0014041591461476227,9.805874310262393e-08,2.9238684013396224e-07
Random7321
Raw:1.0104241096782938e-05,2.122547334954209e-06,1.987322000788117e-05,0.499281670416237,6.9352965502823754e-09,0.4992816704162441,2.632051939880745e-09,0.0014041591461476227,9.805874310262672e-08,2.9238684013396637e-07
EFT:1.0104241096782794e-05,2.122547334954209e-06,1.987322000788117e-05,0.499281670416237,6.935296550282277e-09,0.4992816704162441,2.6320519398807075e-09,0.0014041591461476227,9.805874310262393e-08,2.9238684013396224e-07
Random7322
Raw:1.0104241096782867e-05,2.122547334954224e-06,1.987322000788131e-05,0.49928167041624055,6.935296550282326e-09,0.49928167041624055,2.6320519398807265e-09,0.0014041591461476327,9.805874310262462e-08,2.923868401339643e-07
EFT:1.0104241096782794e-05,2.122547334954209e-06,1.987322000788117e-05,0.499281670416237,6.935296550282277e-09,0.4992816704162441,2.6320519398807075e-09,0.0014041591461476227,9.805874310262393e-08,2.9238684013396224e-07
Random7323
Raw:1.0104241096782938e-05,2.122547334954209e-06,1.987322000788117e-05,0.499281670416237,6.9352965502823754e-09,0.4992816704162441,2.6320519398807824e-09,0.0014041591461476227,9.805874310262532e-08,2.9238684013396637e-07
EFT:1.0104241096782794e-05,2.122547334954209e-06,1.987322000788117e-05,0.499281670416237,6.935296550282277e-09,0.4992816704162441,2.6320519398807075e-09,0.0014041591461476227,9.805874310262393e-08,2.9238684013396224e-07
Random7324
Raw:1.0104241096782938e-05,2.1225473349541788e-06,1.9873220007880885e-05,0.499281670416237,6.935296550282277e-09,0.4992816704162441,2.632051939880745e-09,0.0014041591461476026,9.805874310262532e-08,2.9238684013396224e-07
EFT:1.0104241096782794e-05,2.122547334954209e-06,1.987322000788117e-05,0.499281670416237,6.935296550282277e-09,0.4992816704162441,2.6320519398807075e-09,0.0014041591461476227,9.805874310262393e-08,2.9238684013396224e-07
Random7325
Raw:1.0104241096782938e-05,2.122547334954209e-06,1.987322000788117e-05,0.499281670416237,6.9352965502823754e-09,0.4992816704162441,2.632051939880745e-09,0.0014041591461476227,9.805874310262393e-08,2.9238684013396637e-07
EFT:1.0104241096782794e-05,2.122547334954209e-06,1.987322000788117e-05,0.499281670416237,6.935296550282277e-09,0.4992816704162441,2.6320519398807075e-09,0.0014041591461476227,9.805874310262393e-08,2.9238684013396224e-07
Random7326
Raw:1.0104241096782794e-05,2.122547334954209e-06,1.987322000788117e-05,0.499281670416237,6.9352965502821786e-09,0.4992816704162441,2.632051939880745e-09,0.0014041591461476227,9.805874310262254e-08,2.9238684013396224e-07
EFT:1.0104241096782794e-05,2.122547334954209e-06,1.987322000788117e-05,0.499281670416237,6.935296550282277e-09,0.4992816704162441,2.6320519398807075e-09,0.0014041591461476227,9.805874310262393e-08,2.9238684013396224e-07
Random7327
Raw:1.0104241096782938e-05,2.122547334954209e-06,1.987322000788117e-05,0.499281670416237,6.9352965502823754e-09,0.4992816704162441,2.632051939880745e-09,0.0014041591461476227,9.805874310262393e-08,2.9238684013396637e-07
EFT:1.0104241096782794e-05,2.122547334954209e-06,1.987322000788117e-05,0.499281670416237,6.935296550282277e-09,0.4992816704162441,2.6320519398807075e-09,0.0014041591461476227,9.805874310262393e-08,2.9238684013396224e-07
Random7328
Raw:1.0104241096782865e-05,2.122547334954194e-06,1.9873220007881028e-05,0.49928167041623345,6.935296550282228e-09,0.49928167041624766,2.632051939880726e-09,0.0014041591461476126,9.805874310262462e-08,2.9238684013396436e-07
EFT:1.0104241096782794e-05,2.122547334954209e-06,1.987322000788117e-05,0.499281670416237,6.935296550282277e-09,0.4992816704162441,2.6320519398807075e-09,0.0014041591461476227,9.805874310262393e-08,2.9238684013396224e-07
Random7329
Raw:1.0104241096782938e-05,2.122547334954209e-06,1.987322000788117e-05,0.499281670416237,6.9352965502823754e-09,0.4992816704162441,2.632051939880745e-09,0.0014041591461476227,9.805874310262532e-08,2.9238684013396637e-07
EFT:1.0104241096782794e-05,2.122547334954209e-06,1.987322000788117e-05,0.499281670416237,6.935296550282277e-09,0.4992816704162441,2.6320519398807075e-09,0.0014041591461476227,9.805874310262393e-08,2.9238684013396224e-07
Random7330
Raw:1.0104241096782938e-05,2.122547334954209e-06,1.987322000788117e-05,0.499281670416237,6.9352965502823754e-09,0.4992816704162441,2.632051939880745e-09,0.0014041591461476227,9.805874310262393e-08,2.9238684013396637e-07
EFT:1.0104241096782794e-05,2.122547334954209e-06,1.987322000788117e-05,0.499281670416237,6.935296550282277e-09,0.4992816704162441,2.6320519398807075e-09,0.0014041591461476227,9.805874310262393e-08,2.9238684013396224e-07
Random7331
Raw:1.0104241096782867e-05,2.122547334954194e-06,1.9873220007881028e-05,0.49928167041624055,6.935296550282228e-09,0.49928167041624055,2.632051939880689e-09,0.0014041591461476128,9.805874310262462e-08,2.923868401339602e-07
EFT:1.0104241096782794e-05,2.122547334954209e-06,1.987322000788117e-05,0.499281670416237,6.935296550282277e-09,0.4992816704162441,2.6320519398807075e-09,0.0014041591461476227,9.805874310262393e-08,2.9238684013396224e-07
Random7332
Raw:1.0104241096782938e-05,2.122547334954239e-06,1.987322000788117e-05,0.499281670416237,6.9352965502823754e-09,0.4992816704162441,2.6320519398807824e-09,0.0014041591461476227,9.805874310262532e-08,2.9238684013396637e-07
EFT:1.0104241096782794e-05,2.122547334954209e-06,1.987322000788117e-05,0.499281670416237,6.935296550282277e-09,0.4992816704162441,2.6320519398807075e-09,0.0014041591461476227,9.805874310262393e-08,2.9238684013396224e-07
Random7333
Raw:1.0104241096782938e-05,2.122547334954209e-06,1.987322000788117e-05,0.499281670416237,6.9352965502823754e-09,0.4992816704162441,2.632051939880745e-09,0.0014041591461476227,9.805874310262393e-08,2.9238684013396637e-07
EFT:1.0104241096782794e-05,2.122547334954209e-06,1.987322000788117e-05,0.499281670416237,6.935296550282277e-09,0.4992816704162441,2.6320519398807075e-09,0.0014041591461476227,9.805874310262393e-08,2.9238684013396224e-07
Random7334
Raw:1.0104241096782867e-05,2.122547334954224e-06,1.987322000788131e-05,0.49928167041624055,6.935296550282326e-09,0.49928167041624055,2.6320519398807265e-09,0.0014041591461476327,9.805874310262602e-08,2.923868401339643e-07
EFT:1.0104241096782794e-05,2.122547334954209e-06,1.987322000788117e-05,0.499281670416237,6.935296550282277e-09,0.4992816704162441,2.6320519398807075e-09,0.0014041591461476227,9.805874310262393e-08,2.9238684013396224e-07
Random7335
Raw:1.0104241096782938e-05,2.122547334954209e-06,1.987322000788117e-05,0.499281670416237,6.935296550282277e-09,0.4992816704162441,2.632051939880745e-09,0.0014041591461476427,9.805874310262393e-08,2.9238684013396224e-07
EFT:1.0104241096782794e-05,2.122547334954209e-06,1.987322000788117e-05,0.499281670416237,6.935296550282277e-09,0.4992816704162441,2.6320519398807075e-09,0.0014041591461476227,9.805874310262393e-08,2.9238684013396224e-07
Random7336
Raw:1.0104241096783009e-05,2.122547334954194e-06,1.9873220007881028e-05,0.49928167041623345,6.935296550282327e-09,0.49928167041624766,2.6320519398807638e-09,0.0014041591461476327,9.805874310262462e-08,2.9238684013396436e-07
EFT:1.0104241096782794e-05,2.122547334954209e-06,1.987322000788117e-05,0.499281670416237,6.935296550282277e-09,0.4992816704162441,2.6320519398807075e-09,0.0014041591461476227,9.805874310262393e-08,2.9238684013396224e-07
Random7337
Raw:1.0104241096782867e-05,2.122547334954224e-06,1.987322000788131e-05,0.49928167041624055,6.935296550282326e-09,0.49928167041624055,2.6320519398807265e-09,0.0014041591461476327,9.805874310262323e-08,2.923868401339643e-07
EFT:1.0104241096782794e-05,2.122547334954209e-06,1.987322000788117e-05,0.499281670416237,6.935296550282277e-09,0.4992816704162441,2.6320519398807075e-09,0.0014041591461476227,9.805874310262393e-08,2.9238684013396224e-07
Random7338
Raw:1.0104241096782938e-05,2.122547334954209e-06,1.987322000788117e-05,0.499281670416237,6.9352965502823754e-09,0.4992816704162441,2.632051939880745e-09,0.0014041591461476227,9.805874310262393e-08,2.9238684013396637e-07
EFT:1.0104241096782794e-05,2.122547334954209e-06,1.987322000788117e-05,0.499281670416237,6.935296550282277e-09,0.4992816704162441,2.6320519398807075e-09,0.0014041591461476227,9.805874310262393e-08,2.9238684013396224e-07
Random7339
Raw:1.0104241096782938e-05,2.122547334954209e-06,1.987322000788117e-05,0.499281670416237,6.935296550282277e-09,0.4992816704162441,2.632051939880745e-09,0.0014041591461476227,9.805874310262532e-08,2.9238684013396224e-07
EFT:1.0104241096782794e-05,2.122547334954209e-06,1.987322000788117e-05,0.499281670416237,6.935296550282277e-09,0.4992816704162441,2.6320519398807075e-09,0.0014041591461476227,9.805874310262393e-08,2.9238684013396224e-07
Random7340
Raw:1.0104241096782938e-05,2.122547334954209e-06,1.987322000788117e-05,0.499281670416237,6.935296550282277e-09,0.4992816704162441,2.632051939880745e-09,0.0014041591461476227,9.805874310262532e-08,2.9238684013396224e-07
EFT:1.0104241096782794e-05,2.122547334954209e-06,1.987322000788117e-05,0.499281670416237,6.935296550282277e-09,0.4992816704162441,2.6320519398807075e-09,0.0014041591461476227,9.805874310262393e-08,2.9238684013396224e-07
Random7341
Raw:1.0104241096782938e-05,2.122547334954209e-06,1.987322000788117e-05,0.499281670416237,6.9352965502823754e-09,0.4992816704162441,2.632051939880745e-09,0.0014041591461476227,9.805874310262393e-08,2.9238684013396637e-07
EFT:1.0104241096782794e-05,2.122547334954209e-06,1.987322000788117e-05,0.499281670416237,6.935296550282277e-09,0.4992816704162441,2.6320519398807075e-09,0.0014041591461476227,9.805874310262393e-08,2.9238684013396224e-07
Random7342
Raw:1.0104241096782938e-05,2.122547334954239e-06,1.987322000788145e-05,0.499281670416237,6.935296550282277e-09,0.4992816704162441,2.632051939880745e-09,0.0014041591461476427,9.805874310262532e-08,2.9238684013396224e-07
EFT:1.0104241096782794e-05,2.122547334954209e-06,1.987322000788117e-05,0.499281670416237,6.935296550282277e-09,0.4992816704162441,2.6320519398807075e-09,0.0014041591461476227,9.805874310262393e-08,2.9238684013396224e-07
Random7343
Raw:1.0104241096782867e-05,2.122547334954224e-06,1.9873220007881028e-05,0.49928167041624055,6.935296550282326e-09,0.49928167041624055,2.6320519398807638e-09,0.0014041591461476128,9.805874310262462e-08,2.923868401339643e-07
EFT:1.0104241096782794e-05,2.122547334954209e-06,1.987322000788117e-05,0.499281670416237,6.935296550282277e-09,0.4992816704162441,2.6320519398807075e-09,0.0014041591461476227,9.805874310262393e-08,2.9238684013396224e-07
Random7344
Raw:1.0104241096783009e-05,2.122547334954194e-06,1.9873220007881028e-05,0.49928167041623345,6.935296550282327e-09,0.49928167041624766,2.6320519398807638e-09,0.0014041591461476327,9.805874310262462e-08,2.9238684013396436e-07
EFT:1.0104241096782794e-05,2.122547334954209e-06,1.987322000788117e-05,0.499281670416237,6.935296550282277e-09,0.4992816704162441,2.6320519398807075e-09,0.0014041591461476227,9.805874310262393e-08,2.9238684013396224e-07
Random7345
Raw:1.0104241096782938e-05,2.122547334954239e-06,1.987322000788145e-05,0.499281670416237,6.935296550282277e-09,0.4992816704162441,2.632051939880745e-09,0.0014041591461476227,9.805874310262532e-08,2.9238684013396224e-07
EFT:1.0104241096782794e-05,2.122547334954209e-06,1.987322000788117e-05,0.499281670416237,6.935296550282277e-09,0.4992816704162441,2.6320519398807075e-09,0.0014041591461476227,9.805874310262393e-08,2.9238684013396224e-07
Random7346
Raw:1.0104241096782938e-05,2.122547334954209e-06,1.987322000788117e-05,0.499281670416237,6.9352965502823754e-09,0.4992816704162441,2.6320519398807824e-09,0.0014041591461476227,9.805874310262532e-08,2.9238684013396637e-07
EFT:1.0104241096782794e-05,2.122547334954209e-06,1.987322000788117e-05,0.499281670416237,6.935296550282277e-09,0.4992816704162441,2.6320519398807075e-09,0.0014041591461476227,9.805874310262393e-08,2.9238684013396224e-07
Random7347
Raw:1.0104241096782867e-05,2.122547334954224e-06,1.9873220007881028e-05,0.49928167041624055,6.935296550282326e-09,0.49928167041624055,2.6320519398807265e-09,0.0014041591461476327,9.805874310262323e-08,2.923868401339643e-07
EFT:1.0104241096782794e-05,2.122547334954209e-06,1.987322000788117e-05,0.499281670416237,6.935296550282277e-09,0.4992816704162441,2.6320519398807075e-09,0.0014041591461476227,9.805874310262393e-08,2.9238684013396224e-07
Random7348
Raw:1.0104241096783009e-05,2.122547334954224e-06,1.9873220007881028e-05,0.49928167041623345,6.935296550282327e-09,0.49928167041624766,2.632051939880801e-09,0.0014041591461476327,9.805874310262601e-08,2.9238684013396436e-07
EFT:1.0104241096782794e-05,2.122547334954209e-06,1.987322000788117e-05,0.499281670416237,6.935296550282277e-09,0.4992816704162441,2.6320519398807075e-09,0.0014041591461476227,9.805874310262393e-08,2.9238684013396224e-07
Random7349
Raw:1.0104241096782865e-05,2.122547334954194e-06,1.9873220007881028e-05,0.49928167041623345,6.935296550282327e-09,0.49928167041624766,2.632051939880726e-09,0.0014041591461476126,9.805874310262462e-08,2.9238684013396436e-07
EFT:1.0104241096782794e-05,2.122547334954209e-06,1.987322000788117e-05,0.499281670416237,6.935296550282277e-09,0.4992816704162441,2.6320519398807075e-09,0.0014041591461476227,9.805874310262393e-08,2.9238684013396224e-07
Random7350
Raw:1.0104241096782938e-05,2.122547334954239e-06,1.9873220007880885e-05,0.499281670416237,6.935296550282277e-09,0.4992816704162441,2.632051939880745e-09,0.0014041591461476227,9.805874310262532e-08,2.9238684013396224e-07
EFT:1.0104241096782794e-05,2.122547334954209e-06,1.987322000788117e-05,0.499281670416237,6.935296550282277e-09,0.4992816704162441,2.6320519398807075e-09,0.0014041591461476227,9.805874310262393e-08,2.9238684013396224e-07
Random7351
Raw:1.0104241096782867e-05,2.122547334954224e-06,1.9873220007881028e-05,0.49928167041624055,6.935296550282326e-09,0.49928167041624055,2.6320519398807265e-09,0.0014041591461476327,9.805874310262323e-08,2.923868401339643e-07
EFT:1.0104241096782794e-05,2.122547334954209e-06,1.987322000788117e-05,0.499281670416237,6.935296550282277e-09,0.4992816704162441,2.6320519398807075e-09,0.0014041591461476227,9.805874310262393e-08,2.9238684013396224e-07
Random7352
Raw:1.0104241096782938e-05,2.122547334954209e-06,1.987322000788117e-05,0.499281670416237,6.9352965502823754e-09,0.4992816704162441,2.6320519398807824e-09,0.0014041591461476227,9.805874310262532e-08,2.9238684013396637e-07
EFT:1.0104241096782794e-05,2.122547334954209e-06,1.987322000788117e-05,0.499281670416237,6.935296550282277e-09,0.4992816704162441,2.6320519398807075e-09,0.0014041591461476227,9.805874310262393e-08,2.9238684013396224e-07
Random7353
Raw:1.0104241096782867e-05,2.122547334954224e-06,1.987322000788131e-05,0.49928167041624055,6.935296550282326e-09,0.49928167041624055,2.6320519398807638e-09,0.0014041591461476327,9.805874310262462e-08,2.923868401339643e-07
EFT:1.0104241096782794e-05,2.122547334954209e-06,1.987322000788117e-05,0.499281670416237,6.935296550282277e-09,0.4992816704162441,2.6320519398807075e-09,0.0014041591461476227,9.805874310262393e-08,2.9238684013396224e-07
Random7354
Raw:1.0104241096782794e-05,2.122547334954209e-06,1.987322000788117e-05,0.499281670416237,6.935296550282277e-09,0.4992816704162441,2.632051939880745e-09,0.0014041591461476227,9.805874310262254e-08,2.9238684013396224e-07
EFT:1.0104241096782794e-05,2.122547334954209e-06,1.987322000788117e-05,0.499281670416237,6.935296550282277e-09,0.4992816704162441,2.6320519398807075e-09,0.0014041591461476227,9.805874310262393e-08,2.9238684013396224e-07
Random7355
Raw:1.010424109678301e-05,2.122547334954224e-06,1.9873220007881028e-05,0.49928167041624055,6.935296550282425e-09,0.49928167041624055,2.6320519398808014e-09,0.0014041591461476327,9.805874310262602e-08,2.923868401339685e-07
EFT:1.0104241096782794e-05,2.122547334954209e-06,1.987322000788117e-05,0.499281670416237,6.935296550282277e-09,0.4992816704162441,2.6320519398807075e-09,0.0014041591461476227,9.805874310262393e-08,2.9238684013396224e-07
Random7356
Raw:1.0104241096782938e-05,2.122547334954209e-06,1.9873220007880885e-05,0.499281670416237,6.935296550282277e-09,0.4992816704162441,2.632051939880745e-09,0.0014041591461476227,9.805874310262532e-08,2.9238684013396224e-07
EFT:1.0104241096782794e-05,2.122547334954209e-06,1.987322000788117e-05,0.499281670416237,6.935296550282277e-09,0.4992816704162441,2.6320519398807075e-09,0.0014041591461476227,9.805874310262393e-08,2.9238684013396224e-07
Random7357
Raw:1.0104241096782938e-05,2.122547334954239e-06,1.9873220007880885e-05,0.499281670416237,6.935296550282277e-09,0.4992816704162441,2.632051939880745e-09,0.0014041591461476227,9.805874310262532e-08,2.9238684013396224e-07
EFT:1.0104241096782794e-05,2.122547334954209e-06,1.987322000788117e-05,0.499281670416237,6.935296550282277e-09,0.4992816704162441,2.6320519398807075e-09,0.0014041591461476227,9.805874310262393e-08,2.9238684013396224e-07
Random7358
Raw:1.0104241096782865e-05,2.122547334954194e-06,1.9873220007881028e-05,0.49928167041623345,6.935296550282327e-09,0.49928167041624766,2.6320519398807638e-09,0.0014041591461476126,9.805874310262324e-08,2.9238684013396436e-07
EFT:1.0104241096782794e-05,2.122547334954209e-06,1.987322000788117e-05,0.499281670416237,6.935296550282277e-09,0.4992816704162441,2.6320519398807075e-09,0.0014041591461476227,9.805874310262393e-08,2.9238684013396224e-07
Random7359
Raw:1.0104241096782938e-05,2.1225473349541788e-06,1.9873220007880885e-05,0.499281670416237,6.935296550282277e-09,0.4992816704162441,2.632051939880745e-09,0.0014041591461476026,9.805874310262532e-08,2.9238684013396224e-07
EFT:1.0104241096782794e-05,2.122547334954209e-06,1.987322000788117e-05,0.499281670416237,6.935296550282277e-09,0.4992816704162441,2.6320519398807075e-09,0.0014041591461476227,9.805874310262393e-08,2.9238684013396224e-07
Random7360
Raw:1.0104241096782938e-05,2.122547334954209e-06,1.987322000788117e-05,0.499281670416237,6.9352965502823754e-09,0.4992816704162441,2.6320519398807824e-09,0.0014041591461476227,9.805874310262532e-08,2.9238684013396637e-07
EFT:1.0104241096782794e-05,2.122547334954209e-06,1.987322000788117e-05,0.499281670416237,6.935296550282277e-09,0.4992816704162441,2.6320519398807075e-09,0.0014041591461476227,9.805874310262393e-08,2.9238684013396224e-07
Random7361
Raw:1.0104241096782938e-05,2.122547334954209e-06,1.9873220007880885e-05,0.499281670416237,6.935296550282277e-09,0.4992816704162441,2.632051939880745e-09,0.0014041591461476227,9.805874310262393e-08,2.9238684013396224e-07
EFT:1.0104241096782794e-05,2.122547334954209e-06,1.987322000788117e-05,0.499281670416237,6.935296550282277e-09,0.4992816704162441,2.6320519398807075e-09,0.0014041591461476227,9.805874310262393e-08,2.9238684013396224e-07
Random7362
Raw:1.0104241096782938e-05,2.122547334954209e-06,1.9873220007880885e-05,0.499281670416237,6.935296550282277e-09,0.4992816704162441,2.632051939880745e-09,0.0014041591461476227,9.805874310262532e-08,2.9238684013396224e-07
EFT:1.0104241096782794e-05,2.122547334954209e-06,1.987322000788117e-05,0.499281670416237,6.935296550282277e-09,0.4992816704162441,2.6320519398807075e-09,0.0014041591461476227,9.805874310262393e-08,2.9238684013396224e-07
Random7363
Raw:1.0104241096782867e-05,2.122547334954224e-06,1.987322000788131e-05,0.49928167041624055,6.935296550282326e-09,0.49928167041624055,2.6320519398807638e-09,0.0014041591461476327,9.805874310262462e-08,2.923868401339643e-07
EFT:1.0104241096782794e-05,2.122547334954209e-06,1.987322000788117e-05,0.499281670416237,6.935296550282277e-09,0.4992816704162441,2.6320519398807075e-09,0.0014041591461476227,9.805874310262393e-08,2.9238684013396224e-07
Random7364
Raw:1.0104241096782938e-05,2.122547334954209e-06,1.987322000788117e-05,0.499281670416237,6.9352965502823754e-09,0.4992816704162441,2.6320519398807824e-09,0.0014041591461476227,9.805874310262532e-08,2.9238684013396637e-07
EFT:1.0104241096782794e-05,2.122547334954209e-06,1.987322000788117e-05,0.499281670416237,6.935296550282277e-09,0.4992816704162441,2.6320519398807075e-09,0.0014041591461476227,9.805874310262393e-08,2.9238684013396224e-07
Random7365
Raw:1.0104241096782794e-05,2.122547334954209e-06,1.987322000788117e-05,0.499281670416237,6.9352965502821786e-09,0.4992816704162441,2.6320519398807075e-09,0.0014041591461476026,9.805874310262393e-08,2.9238684013396224e-07
EFT:1.0104241096782794e-05,2.122547334954209e-06,1.987322000788117e-05,0.499281670416237,6.935296550282277e-09,0.4992816704162441,2.6320519398807075e-09,0.0014041591461476227,9.805874310262393e-08,2.9238684013396224e-07
Random7366
Raw:1.0104241096782865e-05,2.122547334954194e-06,1.9873220007881028e-05,0.49928167041623345,6.935296550282327e-09,0.49928167041624766,2.632051939880726e-09,0.0014041591461476126,9.805874310262462e-08,2.9238684013396436e-07
EFT:1.0104241096782794e-05,2.122547334954209e-06,1.987322000788117e-05,0.499281670416237,6.935296550282277e-09,0.4992816704162441,2.6320519398807075e-09,0.0014041591461476227,9.805874310262393e-08,2.9238684013396224e-07
Random7367
Raw:1.0104241096782938e-05,2.122547334954209e-06,1.987322000788117e-05,0.499281670416237,6.935296550282277e-09,0.4992816704162441,2.632051939880745e-09,0.0014041591461476427,9.805874310262393e-08,2.9238684013396224e-07
EFT:1.0104241096782794e-05,2.122547334954209e-06,1.987322000788117e-05,0.499281670416237,6.935296550282277e-09,0.4992816704162441,2.6320519398807075e-09,0.0014041591461476227,9.805874310262393e-08,2.9238684013396224e-07
Random7368
Raw:1.0104241096782938e-05,2.122547334954209e-06,1.987322000788117e-05,0.499281670416237,6.9352965502823754e-09,0.4992816704162441,2.632051939880745e-09,0.0014041591461476227,9.805874310262532e-08,2.9238684013396637e-07
EFT:1.0104241096782794e-05,2.122547334954209e-06,1.987322000788117e-05,0.499281670416237,6.935296550282277e-09,0.4992816704162441,2.6320519398807075e-09,0.0014041591461476227,9.805874310262393e-08,2.9238684013396224e-07
Random7369
Raw:1.0104241096782938e-05,2.122547334954209e-06,1.987322000788117e-05,0.499281670416237,6.9352965502823754e-09,0.4992816704162441,2.6320519398807824e-09,0.0014041591461476026,9.805874310262393e-08,2.9238684013396637e-07
EFT:1.0104241096782794e-05,2.122547334954209e-06,1.987322000788117e-05,0.499281670416237,6.935296550282277e-09,0.4992816704162441,2.6320519398807075e-09,0.0014041591461476227,9.805874310262393e-08,2.9238684013396224e-07
Random7370
Raw:1.0104241096782938e-05,2.122547334954209e-06,1.9873220007880885e-05,0.499281670416237,6.935296550282277e-09,0.4992816704162441,2.632051939880745e-09,0.0014041591461476227,9.805874310262532e-08,2.9238684013396224e-07
EFT:1.0104241096782794e-05,2.122547334954209e-06,1.987322000788117e-05,0.499281670416237,6.935296550282277e-09,0.4992816704162441,2.6320519398807075e-09,0.0014041591461476227,9.805874310262393e-08,2.9238684013396224e-07
Random7371
Raw:1.0104241096782867e-05,2.122547334954194e-06,1.9873220007881028e-05,0.49928167041624055,6.935296550282326e-09,0.49928167041624055,2.6320519398807265e-09,0.0014041591461476128,9.805874310262323e-08,2.923868401339643e-07
EFT:1.0104241096782794e-05,2.122547334954209e-06,1.987322000788117e-05,0.499281670416237,6.935296550282277e-09,0.4992816704162441,2.6320519398807075e-09,0.0014041591461476227,9.805874310262393e-08,2.9238684013396224e-07
Random7372
Raw:1.0104241096782867e-05,2.122547334954224e-06,1.987322000788131e-05,0.49928167041624055,6.935296550282228e-09,0.49928167041624055,2.632051939880689e-09,0.0014041591461476327,9.805874310262323e-08,2.923868401339643e-07
EFT:1.0104241096782794e-05,2.122547334954209e-06,1.987322000788117e-05,0.499281670416237,6.935296550282277e-09,0.4992816704162441,2.6320519398807075e-09,0.0014041591461476227,9.805874310262393e-08,2.9238684013396224e-07
Random7373
Raw:1.0104241096782938e-05,2.122547334954209e-06,1.987322000788117e-05,0.499281670416237,6.9352965502823754e-09,0.4992816704162441,2.632051939880745e-09,0.0014041591461476227,9.805874310262532e-08,2.9238684013396637e-07
EFT:1.0104241096782794e-05,2.122547334954209e-06,1.987322000788117e-05,0.499281670416237,6.935296550282277e-09,0.4992816704162441,2.6320519398807075e-09,0.0014041591461476227,9.805874310262393e-08,2.9238684013396224e-07
Random7374
Raw:1.0104241096782867e-05,2.122547334954194e-06,1.9873220007881028e-05,0.49928167041624055,6.935296550282326e-09,0.49928167041624055,2.6320519398807265e-09,0.0014041591461476128,9.805874310262323e-08,2.923868401339643e-07
EFT:1.0104241096782794e-05,2.122547334954209e-06,1.987322000788117e-05,0.499281670416237,6.935296550282277e-09,0.4992816704162441,2.6320519398807075e-09,0.0014041591461476227,9.805874310262393e-08,2.9238684013396224e-07
Random7375
Raw:1.0104241096782867e-05,2.122547334954224e-06,1.9873220007881028e-05,0.49928167041624055,6.935296550282326e-09,0.49928167041624055,2.6320519398807265e-09,0.0014041591461476327,9.805874310262323e-08,2.923868401339643e-07
EFT:1.0104241096782794e-05,2.122547334954209e-06,1.987322000788117e-05,0.499281670416237,6.935296550282277e-09,0.4992816704162441,2.6320519398807075e-09,0.0014041591461476227,9.805874310262393e-08,2.9238684013396224e-07
Random7376
Raw:1.0104241096782794e-05,2.1225473349541788e-06,1.9873220007880885e-05,0.499281670416237,6.935296550282277e-09,0.4992816704162441,2.632051939880745e-09,0.0014041591461476026,9.805874310262254e-08,2.9238684013396224e-07
EFT:1.0104241096782794e-05,2.122547334954209e-06,1.987322000788117e-05,0.499281670416237,6.935296550282277e-09,0.4992816704162441,2.6320519398807075e-09,0.0014041591461476227,9.805874310262393e-08,2.9238684013396224e-07
Random7377
Raw:1.0104241096782938e-05,2.122547334954209e-06,1.987322000788117e-05,0.499281670416237,6.935296550282277e-09,0.4992816704162441,2.632051939880745e-09,0.0014041591461476227,9.805874310262393e-08,2.9238684013396637e-07
EFT:1.0104241096782794e-05,2.122547334954209e-06,1.987322000788117e-05,0.499281670416237,6.935296550282277e-09,0.4992816704162441,2.6320519398807075e-09,0.0014041591461476227,9.805874310262393e-08,2.9238684013396224e-07
Random7378
Raw:1.0104241096783009e-05,2.122547334954194e-06,1.9873220007881028e-05,0.49928167041623345,6.935296550282327e-09,0.49928167041624766,2.6320519398807638e-09,0.0014041591461476327,9.805874310262462e-08,2.9238684013396436e-07
EFT:1.0104241096782794e-05,2.122547334954209e-06,1.987322000788117e-05,0.499281670416237,6.935296550282277e-09,0.4992816704162441,2.6320519398807075e-09,0.0014041591461476227,9.805874310262393e-08,2.9238684013396224e-07
Random7379
Raw:1.0104241096783009e-05,2.122547334954224e-06,1.9873220007881028e-05,0.49928167041623345,6.935296550282327e-09,0.49928167041624766,2.6320519398807638e-09,0.0014041591461476327,9.805874310262601e-08,2.9238684013396436e-07
EFT:1.0104241096782794e-05,2.122547334954209e-06,1.987322000788117e-05,0.499281670416237,6.935296550282277e-09,0.4992816704162441,2.6320519398807075e-09,0.0014041591461476227,9.805874310262393e-08,2.9238684013396224e-07
Random7380
Raw:1.0104241096782867e-05,2.122547334954194e-06,1.9873220007881028e-05,0.49928167041624055,6.935296550282326e-09,0.49928167041624055,2.6320519398807265e-09,0.0014041591461476128,9.805874310262602e-08,2.923868401339643e-07
EFT:1.0104241096782794e-05,2.122547334954209e-06,1.987322000788117e-05,0.499281670416237,6.935296550282277e-09,0.4992816704162441,2.6320519398807075e-09,0.0014041591461476227,9.805874310262393e-08,2.9238684013396224e-07
Random7381
Raw:1.0104241096782938e-05,2.122547334954239e-06,1.9873220007880885e-05,0.499281670416237,6.935296550282277e-09,0.4992816704162441,2.632051939880745e-09,0.0014041591461476227,9.805874310262532e-08,2.9238684013396224e-07
EFT:1.0104241096782794e-05,2.122547334954209e-06,1.987322000788117e-05,0.499281670416237,6.935296550282277e-09,0.4992816704162441,2.6320519398807075e-09,0.0014041591461476227,9.805874310262393e-08,2.9238684013396224e-07
Random7382
Raw:1.0104241096782794e-05,2.122547334954209e-06,1.987322000788117e-05,0.499281670416237,6.935296550282277e-09,0.4992816704162441,2.6320519398807075e-09,0.0014041591461476227,9.805874310262393e-08,2.9238684013396224e-07
EFT:1.0104241096782794e-05,2.122547334954209e-06,1.987322000788117e-05,0.499281670416237,6.935296550282277e-09,0.4992816704162441,2.6320519398807075e-09,0.0014041591461476227,9.805874310262393e-08,2.9238684013396224e-07
Random7383
Raw:1.0104241096782938e-05,2.122547334954209e-06,1.987322000788117e-05,0.499281670416237,6.9352965502823754e-09,0.4992816704162441,2.632051939880745e-09,0.0014041591461476227,9.805874310262672e-08,2.9238684013396637e-07
EFT:1.0104241096782794e-05,2.122547334954209e-06,1.987322000788117e-05,0.499281670416237,6.935296550282277e-09,0.4992816704162441,2.6320519398807075e-09,0.0014041591461476227,9.805874310262393e-08,2.9238684013396224e-07
Random7384
Raw:1.0104241096782938e-05,2.122547334954239e-06,1.987322000788145e-05,0.499281670416237,6.935296550282277e-09,0.4992816704162441,2.632051939880745e-09,0.0014041591461476427,9.805874310262532e-08,2.9238684013396224e-07
EFT:1.0104241096782794e-05,2.122547334954209e-06,1.987322000788117e-05,0.499281670416237,6.935296550282277e-09,0.4992816704162441,2.6320519398807075e-09,0.0014041591461476227,9.805874310262393e-08,2.9238684013396224e-07
Random7385
Raw:1.0104241096782938e-05,2.122547334954239e-06,1.9873220007880885e-05,0.499281670416237,6.935296550282277e-09,0.4992816704162441,2.632051939880745e-09,0.0014041591461476227,9.805874310262532e-08,2.9238684013396224e-07
EFT:1.0104241096782794e-05,2.122547334954209e-06,1.987322000788117e-05,0.499281670416237,6.935296550282277e-09,0.4992816704162441,2.6320519398807075e-09,0.0014041591461476227,9.805874310262393e-08,2.9238684013396224e-07
Random7386
Raw:1.0104241096782938e-05,2.122547334954209e-06,1.987322000788117e-05,0.499281670416237,6.9352965502823754e-09,0.4992816704162441,2.632051939880745e-09,0.0014041591461476227,9.805874310262393e-08,2.9238684013396637e-07
EFT:1.0104241096782794e-05,2.122547334954209e-06,1.987322000788117e-05,0.499281670416237,6.935296550282277e-09,0.4992816704162441,2.6320519398807075e-09,0.0014041591461476227,9.805874310262393e-08,2.9238684013396224e-07
Random7387
Raw:1.0104241096782938e-05,2.122547334954209e-06,1.987322000788117e-05,0.499281670416237,6.9352965502823754e-09,0.4992816704162441,2.632051939880745e-09,0.0014041591461476227,9.805874310262532e-08,2.9238684013396637e-07
EFT:1.0104241096782794e-05,2.122547334954209e-06,1.987322000788117e-05,0.499281670416237,6.935296550282277e-09,0.4992816704162441,2.6320519398807075e-09,0.0014041591461476227,9.805874310262393e-08,2.9238684013396224e-07
Random7388
Raw:1.0104241096782938e-05,2.122547334954209e-06,1.9873220007880885e-05,0.499281670416237,6.935296550282277e-09,0.4992816704162441,2.632051939880745e-09,0.0014041591461476227,9.805874310262532e-08,2.9238684013396224e-07
EFT:1.0104241096782794e-05,2.122547334954209e-06,1.987322000788117e-05,0.499281670416237,6.935296550282277e-09,0.4992816704162441,2.6320519398807075e-09,0.0014041591461476227,9.805874310262393e-08,2.9238684013396224e-07
Random7389
Raw:1.0104241096783009e-05,2.122547334954224e-06,1.9873220007881028e-05,0.49928167041623345,6.935296550282327e-09,0.49928167041624766,2.6320519398807638e-09,0.0014041591461476327,9.805874310262601e-08,2.9238684013396436e-07
EFT:1.0104241096782794e-05,2.122547334954209e-06,1.987322000788117e-05,0.499281670416237,6.935296550282277e-09,0.4992816704162441,2.6320519398807075e-09,0.0014041591461476227,9.805874310262393e-08,2.9238684013396224e-07
Random7390
Raw:1.0104241096783009e-05,2.122547334954224e-06,1.987322000788131e-05,0.49928167041623345,6.935296550282424e-09,0.49928167041624766,2.6320519398807638e-09,0.0014041591461476327,9.805874310262601e-08,2.923868401339685e-07
EFT:1.0104241096782794e-05,2.122547334954209e-06,1.987322000788117e-05,0.499281670416237,6.935296550282277e-09,0.4992816704162441,2.6320519398807075e-09,0.0014041591461476227,9.805874310262393e-08,2.9238684013396224e-07
Random7391
Raw:1.0104241096782938e-05,2.122547334954209e-06,1.987322000788117e-05,0.499281670416237,6.935296550282277e-09,0.4992816704162441,2.632051939880745e-09,0.0014041591461476427,9.805874310262393e-08,2.9238684013396224e-07
EFT:1.0104241096782794e-05,2.122547334954209e-06,1.987322000788117e-05,0.499281670416237,6.935296550282277e-09,0.4992816704162441,2.6320519398807075e-09,0.0014041591461476227,9.805874310262393e-08,2.9238684013396224e-07
Random7392
Raw:1.0104241096782938e-05,2.122547334954209e-06,1.987322000788117e-05,0.499281670416237,6.935296550282277e-09,0.4992816704162441,2.632051939880745e-09,0.0014041591461476227,9.805874310262532e-08,2.9238684013396224e-07
EFT:1.0104241096782794e-05,2.122547334954209e-06,1.987322000788117e-05,0.499281670416237,6.935296550282277e-09,0.4992816704162441,2.6320519398807075e-09,0.0014041591461476227,9.805874310262393e-08,2.9238684013396224e-07
Random7393
Raw:1.0104241096782794e-05,2.122547334954209e-06,1.987322000788117e-05,0.499281670416237,6.935296550282277e-09,0.4992816704162441,2.6320519398807075e-09,0.0014041591461476227,9.805874310262393e-08,2.9238684013396224e-07
EFT:1.0104241096782794e-05,2.122547334954209e-06,1.987322000788117e-05,0.499281670416237,6.935296550282277e-09,0.4992816704162441,2.6320519398807075e-09,0.0014041591461476227,9.805874310262393e-08,2.9238684013396224e-07
Random7394
Raw:1.0104241096782938e-05,2.122547334954209e-06,1.987322000788117e-05,0.499281670416237,6.9352965502823754e-09,0.4992816704162441,2.632051939880745e-09,0.0014041591461476227,9.805874310262672e-08,2.9238684013396637e-07
EFT:1.0104241096782794e-05,2.122547334954209e-06,1.987322000788117e-05,0.499281670416237,6.935296550282277e-09,0.4992816704162441,2.6320519398807075e-09,0.0014041591461476227,9.805874310262393e-08,2.9238684013396224e-07
Random7395
Raw:1.0104241096782938e-05,2.122547334954239e-06,1.9873220007880885e-05,0.499281670416237,6.935296550282277e-09,0.4992816704162441,2.632051939880745e-09,0.0014041591461476227,9.805874310262532e-08,2.9238684013396224e-07
EFT:1.0104241096782794e-05,2.122547334954209e-06,1.987322000788117e-05,0.499281670416237,6.935296550282277e-09,0.4992816704162441,2.6320519398807075e-09,0.0014041591461476227,9.805874310262393e-08,2.9238684013396224e-07
Random7396
Raw:1.0104241096782723e-05,2.122547334954194e-06,1.9873220007881028e-05,0.49928167041624055,6.935296550282228e-09,0.49928167041624055,2.632051939880689e-09,0.0014041591461476128,9.805874310262184e-08,2.923868401339602e-07
EFT:1.0104241096782794e-05,2.122547334954209e-06,1.987322000788117e-05,0.499281670416237,6.935296550282277e-09,0.4992816704162441,2.6320519398807075e-09,0.0014041591461476227,9.805874310262393e-08,2.9238684013396224e-07
Random7397
Raw:1.0104241096782938e-05,2.122547334954239e-06,1.987322000788145e-05,0.499281670416237,6.9352965502823754e-09,0.4992816704162441,2.632051939880745e-09,0.0014041591461476227,9.805874310262532e-08,2.9238684013396637e-07
EFT:1.0104241096782794e-05,2.122547334954209e-06,1.987322000788117e-05,0.499281670416237,6.935296550282277e-09,0.4992816704162441,2.6320519398807075e-09,0.0014041591461476227,9.805874310262393e-08,2.9238684013396224e-07
Random7398
Raw:1.0104241096783009e-05,2.122547334954224e-06,1.987322000788131e-05,0.49928167041623345,6.935296550282327e-09,0.49928167041624766,2.6320519398807638e-09,0.0014041591461476327,9.805874310262601e-08,2.9238684013396436e-07
EFT:1.0104241096782794e-05,2.122547334954209e-06,1.987322000788117e-05,0.499281670416237,6.935296550282277e-09,0.4992816704162441,2.6320519398807075e-09,0.0014041591461476227,9.805874310262393e-08,2.9238684013396224e-07
Random7399
Raw:1.0104241096782938e-05,2.122547334954209e-06,1.987322000788117e-05,0.499281670416237,6.935296550282277e-09,0.4992816704162441,2.632051939880745e-09,0.0014041591461476427,9.805874310262393e-08,2.9238684013396224e-07
EFT:1.0104241096782794e-05,2.122547334954209e-06,1.987322000788117e-05,0.499281670416237,6.935296550282277e-09,0.4992816704162441,2.6320519398807075e-09,0.0014041591461476227,9.805874310262393e-08,2.9238684013396224e-07
Random7400
Raw:1.0104241096783009e-05,2.122547334954224e-06,1.987322000788131e-05,0.49928167041623345,6.935296550282327e-09,0.49928167041624766,2.6320519398807638e-09,0.0014041591461476327,9.805874310262601e-08,2.9238684013396436e-07
EFT:1.0104241096782794e-05,2.122547334954209e-06,1.987322000788117e-05,0.499281670416237,6.935296550282277e-09,0.4992816704162441,2.6320519398807075e-09,0.0014041591461476227,9.805874310262393e-08,2.9238684013396224e-07
Random7401
Raw:1.0104241096782938e-05,2.122547334954209e-06,1.987322000788117e-05,0.499281670416237,6.935296550282277e-09,0.4992816704162441,2.632051939880745e-09,0.0014041591461476227,9.805874310262532e-08,2.9238684013396224e-07
EFT:1.0104241096782794e-05,2.122547334954209e-06,1.987322000788117e-05,0.499281670416237,6.935296550282277e-09,0.4992816704162441,2.6320519398807075e-09,0.0014041591461476227,9.805874310262393e-08,2.9238684013396224e-07
Random7402
Raw:1.0104241096782867e-05,2.122547334954224e-06,1.9873220007881028e-05,0.49928167041624055,6.935296550282326e-09,0.49928167041624055,2.6320519398807265e-09,0.0014041591461476327,9.805874310262323e-08,2.923868401339643e-07
EFT:1.0104241096782794e-05,2.122547334954209e-06,1.987322000788117e-05,0.499281670416237,6.935296550282277e-09,0.4992816704162441,2.6320519398807075e-09,0.0014041591461476227,9.805874310262393e-08,2.9238684013396224e-07
Random7403
Raw:1.0104241096782938e-05,2.122547334954209e-06,1.9873220007880885e-05,0.499281670416237,6.935296550282277e-09,0.4992816704162441,2.632051939880745e-09,0.0014041591461476227,9.805874310262532e-08,2.9238684013396224e-07
EFT:1.0104241096782794e-05,2.122547334954209e-06,1.987322000788117e-05,0.499281670416237,6.935296550282277e-09,0.4992816704162441,2.6320519398807075e-09,0.0014041591461476227,9.805874310262393e-08,2.9238684013396224e-07
Random7404
Raw:1.0104241096782794e-05,2.122547334954209e-06,1.987322000788117e-05,0.499281670416237,6.935296550282277e-09,0.4992816704162441,2.6320519398807075e-09,0.0014041591461476227,9.805874310262393e-08,2.9238684013396224e-07
EFT:1.0104241096782794e-05,2.122547334954209e-06,1.987322000788117e-05,0.499281670416237,6.935296550282277e-09,0.4992816704162441,2.6320519398807075e-09,0.0014041591461476227,9.805874310262393e-08,2.9238684013396224e-07
Random7405
Raw:1.0104241096782867e-05,2.122547334954194e-06,1.9873220007881028e-05,0.49928167041624055,6.935296550282326e-09,0.49928167041624055,2.6320519398807265e-09,0.0014041591461476128,9.805874310262323e-08,2.923868401339643e-07
EFT:1.0104241096782794e-05,2.122547334954209e-06,1.987322000788117e-05,0.499281670416237,6.935296550282277e-09,0.4992816704162441,2.6320519398807075e-09,0.0014041591461476227,9.805874310262393e-08,2.9238684013396224e-07
Random7406
Raw:1.0104241096782867e-05,2.122547334954224e-06,1.987322000788131e-05,0.49928167041624055,6.935296550282326e-09,0.49928167041624055,2.6320519398807265e-09,0.0014041591461476327,9.805874310262462e-08,2.923868401339643e-07
EFT:1.0104241096782794e-05,2.122547334954209e-06,1.987322000788117e-05,0.499281670416237,6.935296550282277e-09,0.4992816704162441,2.6320519398807075e-09,0.0014041591461476227,9.805874310262393e-08,2.9238684013396224e-07
Random7407
Raw:1.0104241096782867e-05,2.122547334954224e-06,1.987322000788131e-05,0.49928167041624055,6.935296550282326e-09,0.49928167041624055,2.6320519398807638e-09,0.0014041591461476327,9.805874310262462e-08,2.923868401339643e-07
EFT:1.0104241096782794e-05,2.122547334954209e-06,1.987322000788117e-05,0.499281670416237,6.935296550282277e-09,0.4992816704162441,2.6320519398807075e-09,0.0014041591461476227,9.805874310262393e-08,2.9238684013396224e-07
Random7408
Raw:1.0104241096783009e-05,2.122547334954224e-06,1.987322000788131e-05,0.49928167041623345,6.935296550282327e-09,0.49928167041624766,2.6320519398807638e-09,0.0014041591461476327,9.805874310262462e-08,2.923868401339685e-07
EFT:1.0104241096782794e-05,2.122547334954209e-06,1.987322000788117e-05,0.499281670416237,6.935296550282277e-09,0.4992816704162441,2.6320519398807075e-09,0.0014041591461476227,9.805874310262393e-08,2.9238684013396224e-07
Random7409
Raw:1.0104241096782794e-05,2.122547334954209e-06,1.987322000788117e-05,0.4992816704162441,6.935296550282277e-09,0.499281670416237,2.63205193988067e-09,0.0014041591461476227,9.805874310262393e-08,2.9238684013396224e-07
EFT:1.0104241096782794e-05,2.122547334954209e-06,1.987322000788117e-05,0.499281670416237,6.935296550282277e-09,0.4992816704162441,2.6320519398807075e-09,0.0014041591461476227,9.805874310262393e-08,2.9238684013396224e-07
Random7410
Raw:1.0104241096782865e-05,2.122547334954194e-06,1.9873220007881028e-05,0.49928167041623345,6.935296550282327e-09,0.49928167041624766,2.632051939880726e-09,0.0014041591461476126,9.805874310262462e-08,2.9238684013396436e-07
EFT:1.0104241096782794e-05,2.122547334954209e-06,1.987322000788117e-05,0.499281670416237,6.935296550282277e-09,0.4992816704162441,2.6320519398807075e-09,0.0014041591461476227,9.805874310262393e-08,2.9238684013396224e-07
Random7411
Raw:1.0104241096782794e-05,2.1225473349541788e-06,1.9873220007880885e-05,0.499281670416237,6.935296550282277e-09,0.4992816704162441,2.632051939880745e-09,0.0014041591461476026,9.805874310262254e-08,2.9238684013396224e-07
EFT:1.0104241096782794e-05,2.122547334954209e-06,1.987322000788117e-05,0.499281670416237,6.935296550282277e-09,0.4992816704162441,2.6320519398807075e-09,0.0014041591461476227,9.805874310262393e-08,2.9238684013396224e-07
Random7412
Raw:1.0104241096782938e-05,2.122547334954209e-06,1.987322000788117e-05,0.499281670416237,6.935296550282277e-09,0.4992816704162441,2.632051939880745e-09,0.0014041591461476227,9.805874310262532e-08,2.9238684013396224e-07
EFT:1.0104241096782794e-05,2.122547334954209e-06,1.987322000788117e-05,0.499281670416237,6.935296550282277e-09,0.4992816704162441,2.6320519398807075e-09,0.0014041591461476227,9.805874310262393e-08,2.9238684013396224e-07
Random7413
Raw:1.0104241096782867e-05,2.122547334954194e-06,1.9873220007881028e-05,0.49928167041624055,6.935296550282326e-09,0.49928167041624055,2.6320519398807265e-09,0.0014041591461476128,9.805874310262602e-08,2.923868401339643e-07
EFT:1.0104241096782794e-05,2.122547334954209e-06,1.987322000788117e-05,0.499281670416237,6.935296550282277e-09,0.4992816704162441,2.6320519398807075e-09,0.0014041591461476227,9.805874310262393e-08,2.9238684013396224e-07
Random7414
Raw:1.0104241096782723e-05,2.122547334954194e-06,1.9873220007881028e-05,0.49928167041624055,6.935296550282228e-09,0.49928167041624055,2.632051939880689e-09,0.0014041591461476128,9.805874310262184e-08,2.923868401339602e-07
EFT:1.0104241096782794e-05,2.122547334954209e-06,1.987322000788117e-05,0.499281670416237,6.935296550282277e-09,0.4992816704162441,2.6320519398807075e-09,0.0014041591461476227,9.805874310262393e-08,2.9238684013396224e-07
Random7415
Raw:1.0104241096782867e-05,2.122547334954224e-06,1.9873220007881028e-05,0.49928167041624055,6.935296550282326e-09,0.49928167041624055,2.6320519398807265e-09,0.0014041591461476327,9.805874310262602e-08,2.923868401339643e-07
EFT:1.0104241096782794e-05,2.122547334954209e-06,1.987322000788117e-05,0.499281670416237,6.935296550282277e-09,0.4992816704162441,2.6320519398807075e-09,0.0014041591461476227,9.805874310262393e-08,2.9238684013396224e-07
Random7416
Raw:1.0104241096782938e-05,2.122547334954209e-06,1.987322000788117e-05,0.499281670416237,6.9352965502823754e-09,0.4992816704162441,2.632051939880745e-09,0.0014041591461476227,9.805874310262393e-08,2.9238684013396637e-07
EFT:1.0104241096782794e-05,2.122547334954209e-06,1.987322000788117e-05,0.499281670416237,6.935296550282277e-09,0.4992816704162441,2.6320519398807075e-09,0.0014041591461476227,9.805874310262393e-08,2.9238684013396224e-07
Random7417
Raw:1.0104241096782794e-05,2.122547334954209e-06,1.987322000788117e-05,0.4992816704162441,6.935296550282277e-09,0.499281670416237,2.63205193988067e-09,0.0014041591461476227,9.805874310262254e-08,2.9238684013396224e-07
EFT:1.0104241096782794e-05,2.122547334954209e-06,1.987322000788117e-05,0.499281670416237,6.935296550282277e-09,0.4992816704162441,2.6320519398807075e-09,0.0014041591461476227,9.805874310262393e-08,2.9238684013396224e-07
Random7418
Raw:1.0104241096782938e-05,2.122547334954209e-06,1.987322000788117e-05,0.499281670416237,6.935296550282277e-09,0.4992816704162441,2.632051939880745e-09,0.0014041591461476427,9.805874310262393e-08,2.9238684013396224e-07
EFT:1.0104241096782794e-05,2.122547334954209e-06,1.987322000788117e-05,0.499281670416237,6.935296550282277e-09,0.4992816704162441,2.6320519398807075e-09,0.0014041591461476227,9.805874310262393e-08,2.9238684013396224e-07
Random7419
Raw:1.0104241096782938e-05,2.122547334954209e-06,1.987322000788117e-05,0.499281670416237,6.9352965502823754e-09,0.4992816704162441,2.632051939880745e-09,0.0014041591461476227,9.805874310262532e-08,2.9238684013396637e-07
EFT:1.0104241096782794e-05,2.122547334954209e-06,1.987322000788117e-05,0.499281670416237,6.935296550282277e-09,0.4992816704162441,2.6320519398807075e-09,0.0014041591461476227,9.805874310262393e-08,2.9238684013396224e-07
Random7420
Raw:1.0104241096782938e-05,2.122547334954239e-06,1.987322000788117e-05,0.499281670416237,6.9352965502823754e-09,0.4992816704162441,2.632051939880745e-09,0.0014041591461476227,9.805874310262532e-08,2.9238684013396637e-07
EFT:1.0104241096782794e-05,2.122547334954209e-06,1.987322000788117e-05,0.499281670416237,6.935296550282277e-09,0.4992816704162441,2.6320519398807075e-09,0.0014041591461476227,9.805874310262393e-08,2.9238684013396224e-07
Random7421
Raw:1.0104241096782938e-05,2.122547334954209e-06,1.987322000788117e-05,0.499281670416237,6.935296550282277e-09,0.4992816704162441,2.632051939880745e-09,0.0014041591461476227,9.805874310262532e-08,2.9238684013396224e-07
EFT:1.0104241096782794e-05,2.122547334954209e-06,1.987322000788117e-05,0.499281670416237,6.935296550282277e-09,0.4992816704162441,2.6320519398807075e-09,0.0014041591461476227,9.805874310262393e-08,2.9238684013396224e-07
Random7422
Raw:1.0104241096782938e-05,2.122547334954239e-06,1.9873220007880885e-05,0.499281670416237,6.935296550282277e-09,0.4992816704162441,2.632051939880745e-09,0.0014041591461476227,9.805874310262532e-08,2.9238684013396224e-07
EFT:1.0104241096782794e-05,2.122547334954209e-06,1.987322000788117e-05,0.499281670416237,6.935296550282277e-09,0.4992816704162441,2.6320519398807075e-09,0.0014041591461476227,9.805874310262393e-08,2.9238684013396224e-07
Random7423
Raw:1.0104241096782867e-05,2.122547334954224e-06,1.987322000788131e-05,0.49928167041624055,6.935296550282326e-09,0.49928167041624055,2.632051939880689e-09,0.0014041591461476327,9.805874310262462e-08,2.923868401339643e-07
EFT:1.0104241096782794e-05,2.122547334954209e-06,1.987322000788117e-05,0.499281670416237,6.935296550282277e-09,0.4992816704162441,2.6320519398807075e-09,0.0014041591461476227,9.805874310262393e-08,2.9238684013396224e-07
Random7424
Raw:1.0104241096782865e-05,2.122547334954194e-06,1.9873220007881028e-05,0.49928167041623345,6.935296550282327e-09,0.49928167041624766,2.632051939880726e-09,0.0014041591461476126,9.805874310262462e-08,2.9238684013396436e-07
EFT:1.0104241096782794e-05,2.122547334954209e-06,1.987322000788117e-05,0.499281670416237,6.935296550282277e-09,0.4992816704162441,2.6320519398807075e-09,0.0014041591461476227,9.805874310262393e-08,2.9238684013396224e-07
Random7425
Raw:1.0104241096782938e-05,2.122547334954209e-06,1.987322000788117e-05,0.499281670416237,6.9352965502823754e-09,0.4992816704162441,2.632051939880745e-09,0.0014041591461476227,9.805874310262532e-08,2.9238684013396637e-07
EFT:1.0104241096782794e-05,2.122547334954209e-06,1.987322000788117e-05,0.499281670416237,6.935296550282277e-09,0.4992816704162441,2.6320519398807075e-09,0.0014041591461476227,9.805874310262393e-08,2.9238684013396224e-07
Random7426
Raw:1.0104241096782938e-05,2.122547334954239e-06,1.987322000788117e-05,0.499281670416237,6.9352965502823754e-09,0.4992816704162441,2.6320519398807824e-09,0.0014041591461476227,9.805874310262532e-08,2.9238684013396637e-07
EFT:1.0104241096782794e-05,2.122547334954209e-06,1.987322000788117e-05,0.499281670416237,6.935296550282277e-09,0.4992816704162441,2.6320519398807075e-09,0.0014041591461476227,9.805874310262393e-08,2.9238684013396224e-07
Random7427
Raw:1.0104241096782938e-05,2.122547334954209e-06,1.987322000788117e-05,0.499281670416237,6.935296550282277e-09,0.4992816704162441,2.632051939880745e-09,0.0014041591461476427,9.805874310262393e-08,2.9238684013396224e-07
EFT:1.0104241096782794e-05,2.122547334954209e-06,1.987322000788117e-05,0.499281670416237,6.935296550282277e-09,0.4992816704162441,2.6320519398807075e-09,0.0014041591461476227,9.805874310262393e-08,2.9238684013396224e-07
Random7428
Raw:1.0104241096782938e-05,2.122547334954209e-06,1.987322000788117e-05,0.499281670416237,6.935296550282277e-09,0.4992816704162441,2.632051939880745e-09,0.0014041591461476227,9.805874310262532e-08,2.9238684013396224e-07
EFT:1.0104241096782794e-05,2.122547334954209e-06,1.987322000788117e-05,0.499281670416237,6.935296550282277e-09,0.4992816704162441,2.6320519398807075e-09,0.0014041591461476227,9.805874310262393e-08,2.9238684013396224e-07
Random7429
Raw:1.0104241096782938e-05,2.1225473349541788e-06,1.9873220007880885e-05,0.499281670416237,6.935296550282277e-09,0.4992816704162441,2.632051939880745e-09,0.0014041591461476026,9.805874310262532e-08,2.9238684013396224e-07
EFT:1.0104241096782794e-05,2.122547334954209e-06,1.987322000788117e-05,0.499281670416237,6.935296550282277e-09,0.4992816704162441,2.6320519398807075e-09,0.0014041591461476227,9.805874310262393e-08,2.9238684013396224e-07
Random7430
Raw:1.0104241096783009e-05,2.122547334954224e-06,1.987322000788131e-05,0.49928167041623345,6.935296550282327e-09,0.49928167041624766,2.6320519398807638e-09,0.0014041591461476327,9.805874310262462e-08,2.923868401339685e-07
EFT:1.0104241096782794e-05,2.122547334954209e-06,1.987322000788117e-05,0.499281670416237,6.935296550282277e-09,0.4992816704162441,2.6320519398807075e-09,0.0014041591461476227,9.805874310262393e-08,2.9238684013396224e-07
Random7431
Raw:1.0104241096782938e-05,2.122547334954209e-06,1.987322000788117e-05,0.499281670416237,6.935296550282277e-09,0.4992816704162441,2.632051939880745e-09,0.0014041591461476227,9.805874310262532e-08,2.9238684013396224e-07
EFT:1.0104241096782794e-05,2.122547334954209e-06,1.987322000788117e-05,0.499281670416237,6.935296550282277e-09,0.4992816704162441,2.6320519398807075e-09,0.0014041591461476227,9.805874310262393e-08,2.9238684013396224e-07
Random7432
Raw:1.0104241096782867e-05,2.122547334954224e-06,1.987322000788131e-05,0.49928167041624055,6.935296550282326e-09,0.49928167041624055,2.6320519398807265e-09,0.0014041591461476327,9.805874310262462e-08,2.923868401339643e-07
EFT:1.0104241096782794e-05,2.122547334954209e-06,1.987322000788117e-05,0.499281670416237,6.935296550282277e-09,0.4992816704162441,2.6320519398807075e-09,0.0014041591461476227,9.805874310262393e-08,2.9238684013396224e-07
Random7433
Raw:1.0104241096782867e-05,2.122547334954224e-06,1.987322000788131e-05,0.49928167041624055,6.935296550282326e-09,0.49928167041624055,2.6320519398807265e-09,0.0014041591461476327,9.805874310262462e-08,2.923868401339643e-07
EFT:1.0104241096782794e-05,2.122547334954209e-06,1.987322000788117e-05,0.499281670416237,6.935296550282277e-09,0.4992816704162441,2.6320519398807075e-09,0.0014041591461476227,9.805874310262393e-08,2.9238684013396224e-07
Random7434
Raw:1.0104241096783009e-05,2.122547334954194e-06,1.9873220007881028e-05,0.49928167041623345,6.935296550282327e-09,0.49928167041624766,2.6320519398807638e-09,0.0014041591461476327,9.805874310262462e-08,2.9238684013396436e-07
EFT:1.0104241096782794e-05,2.122547334954209e-06,1.987322000788117e-05,0.499281670416237,6.935296550282277e-09,0.4992816704162441,2.6320519398807075e-09,0.0014041591461476227,9.805874310262393e-08,2.9238684013396224e-07
Random7435
Raw:1.0104241096783009e-05,2.122547334954224e-06,1.987322000788131e-05,0.49928167041623345,6.935296550282327e-09,0.49928167041624766,2.6320519398807638e-09,0.0014041591461476327,9.805874310262462e-08,2.923868401339685e-07
EFT:1.0104241096782794e-05,2.122547334954209e-06,1.987322000788117e-05,0.499281670416237,6.935296550282277e-09,0.4992816704162441,2.6320519398807075e-09,0.0014041591461476227,9.805874310262393e-08,2.9238684013396224e-07
Random7436
Raw:1.0104241096782794e-05,2.122547334954209e-06,1.987322000788117e-05,0.499281670416237,6.935296550282277e-09,0.4992816704162441,2.6320519398807075e-09,0.0014041591461476227,9.805874310262393e-08,2.9238684013396224e-07
EFT:1.0104241096782794e-05,2.122547334954209e-06,1.987322000788117e-05,0.499281670416237,6.935296550282277e-09,0.4992816704162441,2.6320519398807075e-09,0.0014041591461476227,9.805874310262393e-08,2.9238684013396224e-07
Random7437
Raw:1.0104241096783009e-05,2.122547334954224e-06,1.9873220007881028e-05,0.49928167041623345,6.935296550282327e-09,0.49928167041624766,2.6320519398807638e-09,0.0014041591461476327,9.805874310262601e-08,2.9238684013396436e-07
EFT:1.0104241096782794e-05,2.122547334954209e-06,1.987322000788117e-05,0.499281670416237,6.935296550282277e-09,0.4992816704162441,2.6320519398807075e-09,0.0014041591461476227,9.805874310262393e-08,2.9238684013396224e-07
Random7438
Raw:1.0104241096782938e-05,2.1225473349541788e-06,1.9873220007880885e-05,0.499281670416237,6.935296550282277e-09,0.4992816704162441,2.632051939880745e-09,0.0014041591461476026,9.805874310262532e-08,2.9238684013396224e-07
EFT:1.0104241096782794e-05,2.122547334954209e-06,1.987322000788117e-05,0.499281670416237,6.935296550282277e-09,0.4992816704162441,2.6320519398807075e-09,0.0014041591461476227,9.805874310262393e-08,2.9238684013396224e-07
Random7439
Raw:1.0104241096782867e-05,2.122547334954224e-06,1.987322000788131e-05,0.49928167041624055,6.935296550282326e-09,0.49928167041624055,2.6320519398807265e-09,0.0014041591461476327,9.805874310262462e-08,2.923868401339643e-07
EFT:1.0104241096782794e-05,2.122547334954209e-06,1.987322000788117e-05,0.499281670416237,6.935296550282277e-09,0.4992816704162441,2.6320519398807075e-09,0.0014041591461476227,9.805874310262393e-08,2.9238684013396224e-07
Random7440
Raw:1.0104241096782867e-05,2.122547334954224e-06,1.987322000788131e-05,0.49928167041624055,6.935296550282326e-09,0.49928167041624055,2.6320519398807638e-09,0.0014041591461476327,9.805874310262462e-08,2.923868401339643e-07
EFT:1.0104241096782794e-05,2.122547334954209e-06,1.987322000788117e-05,0.499281670416237,6.935296550282277e-09,0.4992816704162441,2.6320519398807075e-09,0.0014041591461476227,9.805874310262393e-08,2.9238684013396224e-07
Random7441
Raw:1.0104241096782723e-05,2.122547334954194e-06,1.9873220007881028e-05,0.49928167041624055,6.93529655028213e-09,0.49928167041624055,2.6320519398806513e-09,0.0014041591461476128,9.805874310262323e-08,2.923868401339602e-07
EFT:1.0104241096782794e-05,2.122547334954209e-06,1.987322000788117e-05,0.499281670416237,6.935296550282277e-09,0.4992816704162441,2.6320519398807075e-09,0.0014041591461476227,9.805874310262393e-08,2.9238684013396224e-07
Random7442
Raw:1.0104241096782938e-05,2.122547334954209e-06,1.987322000788117e-05,0.499281670416237,6.9352965502823754e-09,0.4992816704162441,2.632051939880745e-09,0.0014041591461476227,9.805874310262532e-08,2.9238684013396637e-07
EFT:1.0104241096782794e-05,2.122547334954209e-06,1.987322000788117e-05,0.499281670416237,6.935296550282277e-09,0.4992816704162441,2.6320519398807075e-09,0.0014041591461476227,9.805874310262393e-08,2.9238684013396224e-07
Random7443
Raw:1.0104241096783009e-05,2.122547334954194e-06,1.9873220007881028e-05,0.49928167041623345,6.935296550282327e-09,0.49928167041624766,2.6320519398807638e-09,0.0014041591461476327,9.805874310262462e-08,2.9238684013396436e-07
EFT:1.0104241096782794e-05,2.122547334954209e-06,1.987322000788117e-05,0.499281670416237,6.935296550282277e-09,0.4992816704162441,2.6320519398807075e-09,0.0014041591461476227,9.805874310262393e-08,2.9238684013396224e-07
Random7444
Raw:1.0104241096782794e-05,2.1225473349541788e-06,1.9873220007880885e-05,0.499281670416237,6.935296550282277e-09,0.4992816704162441,2.632051939880745e-09,0.0014041591461476026,9.805874310262254e-08,2.9238684013396224e-07
EFT:1.0104241096782794e-05,2.122547334954209e-06,1.987322000788117e-05,0.499281670416237,6.935296550282277e-09,0.4992816704162441,2.6320519398807075e-09,0.0014041591461476227,9.805874310262393e-08,2.9238684013396224e-07
Random7445
Raw:1.0104241096782938e-05,2.122547334954209e-06,1.987322000788117e-05,0.499281670416237,6.9352965502823754e-09,0.4992816704162441,2.632051939880745e-09,0.0014041591461476227,9.805874310262393e-08,2.9238684013396637e-07
EFT:1.0104241096782794e-05,2.122547334954209e-06,1.987322000788117e-05,0.499281670416237,6.935296550282277e-09,0.4992816704162441,2.6320519398807075e-09,0.0014041591461476227,9.805874310262393e-08,2.9238684013396224e-07
Random7446
Raw:1.0104241096782794e-05,2.122547334954209e-06,1.987322000788117e-05,0.499281670416237,6.935296550282277e-09,0.4992816704162441,2.6320519398807075e-09,0.0014041591461476227,9.805874310262393e-08,2.9238684013396224e-07
EFT:1.0104241096782794e-05,2.122547334954209e-06,1.987322000788117e-05,0.499281670416237,6.935296550282277e-09,0.4992816704162441,2.6320519398807075e-09,0.0014041591461476227,9.805874310262393e-08,2.9238684013396224e-07
Random7447
Raw:1.0104241096782938e-05,2.122547334954209e-06,1.987322000788117e-05,0.499281670416237,6.9352965502823754e-09,0.4992816704162441,2.632051939880745e-09,0.0014041591461476227,9.805874310262672e-08,2.9238684013396637e-07
EFT:1.0104241096782794e-05,2.122547334954209e-06,1.987322000788117e-05,0.499281670416237,6.935296550282277e-09,0.4992816704162441,2.6320519398807075e-09,0.0014041591461476227,9.805874310262393e-08,2.9238684013396224e-07
Random7448
Raw:1.0104241096782865e-05,2.122547334954194e-06,1.9873220007881028e-05,0.49928167041623345,6.935296550282327e-09,0.49928167041624766,2.6320519398807638e-09,0.0014041591461476126,9.805874310262324e-08,2.9238684013396436e-07
EFT:1.0104241096782794e-05,2.122547334954209e-06,1.987322000788117e-05,0.499281670416237,6.935296550282277e-09,0.4992816704162441,2.6320519398807075e-09,0.0014041591461476227,9.805874310262393e-08,2.9238684013396224e-07
Random7449
Raw:1.0104241096783009e-05,2.122547334954224e-06,1.987322000788131e-05,0.49928167041623345,6.935296550282327e-09,0.49928167041624766,2.6320519398807638e-09,0.0014041591461476327,9.805874310262462e-08,2.923868401339685e-07
EFT:1.0104241096782794e-05,2.122547334954209e-06,1.987322000788117e-05,0.499281670416237,6.935296550282277e-09,0.4992816704162441,2.6320519398807075e-09,0.0014041591461476227,9.805874310262393e-08,2.9238684013396224e-07
Random7450
Raw:1.0104241096782867e-05,2.122547334954224e-06,1.987322000788131e-05,0.49928167041624055,6.935296550282326e-09,0.49928167041624055,2.6320519398807265e-09,0.0014041591461476128,9.805874310262462e-08,2.923868401339643e-07
EFT:1.0104241096782794e-05,2.122547334954209e-06,1.987322000788117e-05,0.499281670416237,6.935296550282277e-09,0.4992816704162441,2.6320519398807075e-09,0.0014041591461476227,9.805874310262393e-08,2.9238684013396224e-07
Random7451
Raw:1.0104241096782938e-05,2.122547334954209e-06,1.987322000788117e-05,0.499281670416237,6.9352965502823754e-09,0.4992816704162441,2.632051939880745e-09,0.0014041591461476227,9.805874310262532e-08,2.9238684013396637e-07
EFT:1.0104241096782794e-05,2.122547334954209e-06,1.987322000788117e-05,0.499281670416237,6.935296550282277e-09,0.4992816704162441,2.6320519398807075e-09,0.0014041591461476227,9.805874310262393e-08,2.9238684013396224e-07
Random7452
Raw:1.0104241096782867e-05,2.122547334954224e-06,1.987322000788131e-05,0.49928167041624055,6.935296550282326e-09,0.49928167041624055,2.6320519398807265e-09,0.0014041591461476327,9.805874310262462e-08,2.923868401339643e-07
EFT:1.0104241096782794e-05,2.122547334954209e-06,1.987322000788117e-05,0.499281670416237,6.935296550282277e-09,0.4992816704162441,2.6320519398807075e-09,0.0014041591461476227,9.805874310262393e-08,2.9238684013396224e-07
Random7453
Raw:1.0104241096783009e-05,2.122547334954194e-06,1.9873220007881028e-05,0.49928167041623345,6.935296550282327e-09,0.49928167041624766,2.6320519398807638e-09,0.0014041591461476126,9.805874310262601e-08,2.9238684013396436e-07
EFT:1.0104241096782794e-05,2.122547334954209e-06,1.987322000788117e-05,0.499281670416237,6.935296550282277e-09,0.4992816704162441,2.6320519398807075e-09,0.0014041591461476227,9.805874310262393e-08,2.9238684013396224e-07
Random7454
Raw:1.0104241096783009e-05,2.122547334954224e-06,1.987322000788131e-05,0.49928167041623345,6.935296550282327e-09,0.49928167041624766,2.6320519398807638e-09,0.0014041591461476327,9.805874310262462e-08,2.923868401339685e-07
EFT:1.0104241096782794e-05,2.122547334954209e-06,1.987322000788117e-05,0.499281670416237,6.935296550282277e-09,0.4992816704162441,2.6320519398807075e-09,0.0014041591461476227,9.805874310262393e-08,2.9238684013396224e-07
Random7455
Raw:1.0104241096782938e-05,2.122547334954209e-06,1.987322000788117e-05,0.499281670416237,6.935296550282277e-09,0.4992816704162441,2.632051939880745e-09,0.0014041591461476227,9.805874310262532e-08,2.9238684013396224e-07
EFT:1.0104241096782794e-05,2.122547334954209e-06,1.987322000788117e-05,0.499281670416237,6.935296550282277e-09,0.4992816704162441,2.6320519398807075e-09,0.0014041591461476227,9.805874310262393e-08,2.9238684013396224e-07
Random7456
Raw:1.0104241096783009e-05,2.122547334954224e-06,1.987322000788131e-05,0.49928167041623345,6.935296550282424e-09,0.49928167041624766,2.6320519398807638e-09,0.0014041591461476327,9.805874310262601e-08,2.923868401339685e-07
EFT:1.0104241096782794e-05,2.122547334954209e-06,1.987322000788117e-05,0.499281670416237,6.935296550282277e-09,0.4992816704162441,2.6320519398807075e-09,0.0014041591461476227,9.805874310262393e-08,2.9238684013396224e-07
Random7457
Raw:1.0104241096782938e-05,2.122547334954209e-06,1.9873220007880885e-05,0.499281670416237,6.935296550282277e-09,0.4992816704162441,2.632051939880745e-09,0.0014041591461476227,9.805874310262393e-08,2.9238684013396224e-07
EFT:1.0104241096782794e-05,2.122547334954209e-06,1.987322000788117e-05,0.499281670416237,6.935296550282277e-09,0.4992816704162441,2.6320519398807075e-09,0.0014041591461476227,9.805874310262393e-08,2.9238684013396224e-07
Random7458
Raw:1.0104241096782938e-05,2.122547334954239e-06,1.9873220007880885e-05,0.499281670416237,6.935296550282277e-09,0.4992816704162441,2.632051939880745e-09,0.0014041591461476227,9.805874310262532e-08,2.9238684013396224e-07
EFT:1.0104241096782794e-05,2.122547334954209e-06,1.987322000788117e-05,0.499281670416237,6.935296550282277e-09,0.4992816704162441,2.6320519398807075e-09,0.0014041591461476227,9.805874310262393e-08,2.9238684013396224e-07
Random7459
Raw:1.0104241096782938e-05,2.1225473349541788e-06,1.9873220007880885e-05,0.4992816704162299,6.935296550282277e-09,0.49928167041625116,2.632051939880745e-09,0.0014041591461476225,9.805874310262532e-08,2.9238684013396224e-07
EFT:1.0104241096782794e-05,2.122547334954209e-06,1.987322000788117e-05,0.499281670416237,6.935296550282277e-09,0.4992816704162441,2.6320519398807075e-09,0.0014041591461476227,9.805874310262393e-08,2.9238684013396224e-07
Random7460
Raw:1.0104241096782938e-05,2.122547334954209e-06,1.987322000788117e-05,0.499281670416237,6.9352965502823754e-09,0.4992816704162441,2.632051939880745e-09,0.0014041591461476227,9.805874310262532e-08,2.9238684013396637e-07
EFT:1.0104241096782794e-05,2.122547334954209e-06,1.987322000788117e-05,0.499281670416237,6.935296550282277e-09,0.4992816704162441,2.6320519398807075e-09,0.0014041591461476227,9.805874310262393e-08,2.9238684013396224e-07
Random7461
Raw:1.0104241096782794e-05,2.122547334954209e-06,1.9873220007880885e-05,0.499281670416237,6.935296550282277e-09,0.4992816704162441,2.6320519398807075e-09,0.0014041591461476026,9.805874310262393e-08,2.9238684013396224e-07
EFT:1.0104241096782794e-05,2.122547334954209e-06,1.987322000788117e-05,0.499281670416237,6.935296550282277e-09,0.4992816704162441,2.6320519398807075e-09,0.0014041591461476227,9.805874310262393e-08,2.9238684013396224e-07
Random7462
Raw:1.0104241096782794e-05,2.122547334954209e-06,1.9873220007880885e-05,0.499281670416237,6.935296550282277e-09,0.4992816704162441,2.6320519398807075e-09,0.0014041591461476026,9.805874310262393e-08,2.9238684013396224e-07
EFT:1.0104241096782794e-05,2.122547334954209e-06,1.987322000788117e-05,0.499281670416237,6.935296550282277e-09,0.4992816704162441,2.6320519398807075e-09,0.0014041591461476227,9.805874310262393e-08,2.9238684013396224e-07
Random7463
Raw:1.0104241096782938e-05,2.122547334954209e-06,1.987322000788117e-05,0.499281670416237,6.935296550282277e-09,0.4992816704162441,2.632051939880745e-09,0.0014041591461476227,9.805874310262393e-08,2.9238684013396637e-07
EFT:1.0104241096782794e-05,2.122547334954209e-06,1.987322000788117e-05,0.499281670416237,6.935296550282277e-09,0.4992816704162441,2.6320519398807075e-09,0.0014041591461476227,9.805874310262393e-08,2.9238684013396224e-07
Random7464
Raw:1.0104241096782794e-05,2.122547334954209e-06,1.987322000788117e-05,0.499281670416237,6.935296550282277e-09,0.4992816704162441,2.632051939880745e-09,0.0014041591461476227,9.805874310262254e-08,2.9238684013396224e-07
EFT:1.0104241096782794e-05,2.122547334954209e-06,1.987322000788117e-05,0.499281670416237,6.935296550282277e-09,0.4992816704162441,2.6320519398807075e-09,0.0014041591461476227,9.805874310262393e-08,2.9238684013396224e-07
Random7465
Raw:1.0104241096782938e-05,2.122547334954209e-06,1.987322000788117e-05,0.499281670416237,6.9352965502823754e-09,0.4992816704162441,2.632051939880745e-09,0.0014041591461476227,9.805874310262532e-08,2.9238684013396637e-07
EFT:1.0104241096782794e-05,2.122547334954209e-06,1.987322000788117e-05,0.499281670416237,6.935296550282277e-09,0.4992816704162441,2.6320519398807075e-09,0.0014041591461476227,9.805874310262393e-08,2.9238684013396224e-07
Random7466
Raw:1.0104241096782867e-05,2.122547334954224e-06,1.987322000788131e-05,0.49928167041624055,6.935296550282326e-09,0.49928167041624055,2.6320519398807265e-09,0.0014041591461476327,9.805874310262323e-08,2.923868401339643e-07
EFT:1.0104241096782794e-05,2.122547334954209e-06,1.987322000788117e-05,0.499281670416237,6.935296550282277e-09,0.4992816704162441,2.6320519398807075e-09,0.0014041591461476227,9.805874310262393e-08,2.9238684013396224e-07
Random7467
Raw:1.0104241096782938e-05,2.122547334954209e-06,1.987322000788117e-05,0.499281670416237,6.9352965502823754e-09,0.4992816704162441,2.632051939880745e-09,0.0014041591461476227,9.805874310262532e-08,2.9238684013396637e-07
EFT:1.0104241096782794e-05,2.122547334954209e-06,1.987322000788117e-05,0.499281670416237,6.935296550282277e-09,0.4992816704162441,2.6320519398807075e-09,0.0014041591461476227,9.805874310262393e-08,2.9238684013396224e-07
Random7468
Raw:1.0104241096782865e-05,2.122547334954194e-06,1.9873220007881028e-05,0.49928167041623345,6.935296550282228e-09,0.49928167041624766,2.632051939880726e-09,0.0014041591461476327,9.805874310262462e-08,2.923868401339602e-07
EFT:1.0104241096782794e-05,2.122547334954209e-06,1.987322000788117e-05,0.499281670416237,6.935296550282277e-09,0.4992816704162441,2.6320519398807075e-09,0.0014041591461476227,9.805874310262393e-08,2.9238684013396224e-07
Random7469
Raw:1.0104241096782794e-05,2.122547334954209e-06,1.987322000788117e-05,0.499281670416237,6.935296550282277e-09,0.4992816704162441,2.6320519398807075e-09,0.0014041591461476227,9.805874310262393e-08,2.9238684013396224e-07
EFT:1.0104241096782794e-05,2.122547334954209e-06,1.987322000788117e-05,0.499281670416237,6.935296550282277e-09,0.4992816704162441,2.6320519398807075e-09,0.0014041591461476227,9.805874310262393e-08,2.9238684013396224e-07
Random7470
Raw:1.0104241096782938e-05,2.122547334954209e-06,1.987322000788117e-05,0.499281670416237,6.9352965502823754e-09,0.4992816704162441,2.6320519398807824e-09,0.0014041591461476227,9.805874310262532e-08,2.9238684013396637e-07
EFT:1.0104241096782794e-05,2.122547334954209e-06,1.987322000788117e-05,0.499281670416237,6.935296550282277e-09,0.4992816704162441,2.6320519398807075e-09,0.0014041591461476227,9.805874310262393e-08,2.9238684013396224e-07
Random7471
Raw:1.0104241096782867e-05,2.122547334954224e-06,1.9873220007881028e-05,0.49928167041624055,6.935296550282326e-09,0.49928167041624055,2.6320519398807265e-09,0.0014041591461476128,9.805874310262462e-08,2.923868401339643e-07
EFT:1.0104241096782794e-05,2.122547334954209e-06,1.987322000788117e-05,0.499281670416237,6.935296550282277e-09,0.4992816704162441,2.6320519398807075e-09,0.0014041591461476227,9.805874310262393e-08,2.9238684013396224e-07
Random7472
Raw:1.0104241096782938e-05,2.122547334954209e-06,1.9873220007880885e-05,0.499281670416237,6.935296550282277e-09,0.4992816704162441,2.632051939880745e-09,0.0014041591461476227,9.805874310262532e-08,2.9238684013396224e-07
EFT:1.0104241096782794e-05,2.122547334954209e-06,1.987322000788117e-05,0.499281670416237,6.935296550282277e-09,0.4992816704162441,2.6320519398807075e-09,0.0014041591461476227,9.805874310262393e-08,2.9238684013396224e-07
Random7473
Raw:1.0104241096782938e-05,2.122547334954209e-06,1.987322000788117e-05,0.499281670416237,6.9352965502823754e-09,0.4992816704162441,2.6320519398807824e-09,0.0014041591461476227,9.805874310262532e-08,2.9238684013396637e-07
EFT:1.0104241096782794e-05,2.122547334954209e-06,1.987322000788117e-05,0.499281670416237,6.935296550282277e-09,0.4992816704162441,2.6320519398807075e-09,0.0014041591461476227,9.805874310262393e-08,2.9238684013396224e-07
Random7474
Raw:1.0104241096782938e-05,2.122547334954209e-06,1.987322000788117e-05,0.499281670416237,6.9352965502823754e-09,0.4992816704162441,2.6320519398807824e-09,0.0014041591461476026,9.805874310262393e-08,2.9238684013396637e-07
EFT:1.0104241096782794e-05,2.122547334954209e-06,1.987322000788117e-05,0.499281670416237,6.935296550282277e-09,0.4992816704162441,2.6320519398807075e-09,0.0014041591461476227,9.805874310262393e-08,2.9238684013396224e-07
Random7475
Raw:1.0104241096782938e-05,2.122547334954239e-06,1.987322000788117e-05,0.499281670416237,6.935296550282277e-09,0.4992816704162441,2.632051939880745e-09,0.0014041591461476227,9.805874310262532e-08,2.9238684013396224e-07
EFT:1.0104241096782794e-05,2.122547334954209e-06,1.987322000788117e-05,0.499281670416237,6.935296550282277e-09,0.4992816704162441,2.6320519398807075e-09,0.0014041591461476227,9.805874310262393e-08,2.9238684013396224e-07
Random7476
Raw:1.0104241096782938e-05,2.122547334954209e-06,1.987322000788117e-05,0.499281670416237,6.935296550282277e-09,0.4992816704162441,2.632051939880745e-09,0.0014041591461476427,9.805874310262393e-08,2.9238684013396224e-07
EFT:1.0104241096782794e-05,2.122547334954209e-06,1.987322000788117e-05,0.499281670416237,6.935296550282277e-09,0.4992816704162441,2.6320519398807075e-09,0.0014041591461476227,9.805874310262393e-08,2.9238684013396224e-07
Random7477
Raw:1.0104241096782865e-05,2.122547334954194e-06,1.9873220007881028e-05,0.49928167041623345,6.935296550282327e-09,0.49928167041624766,2.6320519398807638e-09,0.0014041591461476126,9.805874310262324e-08,2.9238684013396436e-07
EFT:1.0104241096782794e-05,2.122547334954209e-06,1.987322000788117e-05,0.499281670416237,6.935296550282277e-09,0.4992816704162441,2.6320519398807075e-09,0.0014041591461476227,9.805874310262393e-08,2.9238684013396224e-07
Random7478
Raw:1.0104241096782867e-05,2.122547334954224e-06,1.987322000788131e-05,0.49928167041624055,6.935296550282326e-09,0.49928167041624055,2.6320519398807265e-09,0.0014041591461476327,9.805874310262323e-08,2.923868401339643e-07
EFT:1.0104241096782794e-05,2.122547334954209e-06,1.987322000788117e-05,0.499281670416237,6.935296550282277e-09,0.4992816704162441,2.6320519398807075e-09,0.0014041591461476227,9.805874310262393e-08,2.9238684013396224e-07
Random7479
Raw:1.0104241096782794e-05,2.122547334954209e-06,1.987322000788117e-05,0.499281670416237,6.9352965502821786e-09,0.4992816704162441,2.632051939880745e-09,0.0014041591461476227,9.805874310262254e-08,2.9238684013396224e-07
EFT:1.0104241096782794e-05,2.122547334954209e-06,1.987322000788117e-05,0.499281670416237,6.935296550282277e-09,0.4992816704162441,2.6320519398807075e-09,0.0014041591461476227,9.805874310262393e-08,2.9238684013396224e-07
Random7480
Raw:1.0104241096782938e-05,2.122547334954239e-06,1.987322000788117e-05,0.499281670416237,6.935296550282277e-09,0.4992816704162441,2.632051939880745e-09,0.0014041591461476427,9.805874310262393e-08,2.9238684013396637e-07
EFT:1.0104241096782794e-05,2.122547334954209e-06,1.987322000788117e-05,0.499281670416237,6.935296550282277e-09,0.4992816704162441,2.6320519398807075e-09,0.0014041591461476227,9.805874310262393e-08,2.9238684013396224e-07
Random7481
Raw:1.0104241096782938e-05,2.122547334954239e-06,1.987322000788117e-05,0.499281670416237,6.9352965502823754e-09,0.4992816704162441,2.6320519398807824e-09,0.0014041591461476227,9.805874310262532e-08,2.9238684013396637e-07
EFT:1.0104241096782794e-05,2.122547334954209e-06,1.987322000788117e-05,0.499281670416237,6.935296550282277e-09,0.4992816704162441,2.6320519398807075e-09,0.0014041591461476227,9.805874310262393e-08,2.9238684013396224e-07
Random7482
Raw:1.0104241096782865e-05,2.122547334954194e-06,1.9873220007881028e-05,0.49928167041623345,6.935296550282327e-09,0.49928167041624766,2.632051939880726e-09,0.0014041591461476126,9.805874310262462e-08,2.9238684013396436e-07
EFT:1.0104241096782794e-05,2.122547334954209e-06,1.987322000788117e-05,0.499281670416237,6.935296550282277e-09,0.4992816704162441,2.6320519398807075e-09,0.0014041591461476227,9.805874310262393e-08,2.9238684013396224e-07
Random7483
Raw:1.0104241096782938e-05,2.122547334954239e-06,1.987322000788145e-05,0.499281670416237,6.935296550282277e-09,0.4992816704162441,2.632051939880745e-09,0.0014041591461476427,9.805874310262532e-08,2.9238684013396224e-07
EFT:1.0104241096782794e-05,2.122547334954209e-06,1.987322000788117e-05,0.499281670416237,6.935296550282277e-09,0.4992816704162441,2.6320519398807075e-09,0.0014041591461476227,9.805874310262393e-08,2.9238684013396224e-07
Random7484
Raw:1.0104241096782867e-05,2.122547334954224e-06,1.987322000788131e-05,0.49928167041624055,6.935296550282326e-09,0.49928167041624055,2.6320519398807638e-09,0.0014041591461476327,9.805874310262462e-08,2.923868401339643e-07
EFT:1.0104241096782794e-05,2.122547334954209e-06,1.987322000788117e-05,0.499281670416237,6.935296550282277e-09,0.4992816704162441,2.6320519398807075e-09,0.0014041591461476227,9.805874310262393e-08,2.9238684013396224e-07
Random7485
Raw:1.0104241096782938e-05,2.122547334954239e-06,1.987322000788145e-05,0.499281670416237,6.9352965502823754e-09,0.4992816704162441,2.632051939880745e-09,0.0014041591461476227,9.805874310262532e-08,2.9238684013396637e-07
EFT:1.0104241096782794e-05,2.122547334954209e-06,1.987322000788117e-05,0.499281670416237,6.935296550282277e-09,0.4992816704162441,2.6320519398807075e-09,0.0014041591461476227,9.805874310262393e-08,2.9238684013396224e-07
Random7486
Raw:1.0104241096782867e-05,2.1225473349542546e-06,1.987322000788131e-05,0.49928167041624055,6.935296550282326e-09,0.49928167041624055,2.6320519398807638e-09,0.0014041591461476128,9.805874310262462e-08,2.923868401339643e-07
EFT:1.0104241096782794e-05,2.122547334954209e-06,1.987322000788117e-05,0.499281670416237,6.935296550282277e-09,0.4992816704162441,2.6320519398807075e-09,0.0014041591461476227,9.805874310262393e-08,2.9238684013396224e-07
Random7487
Raw:1.0104241096782867e-05,2.1225473349542546e-06,1.987322000788131e-05,0.49928167041624055,6.935296550282326e-09,0.49928167041624055,2.6320519398807638e-09,0.0014041591461476128,9.805874310262462e-08,2.923868401339643e-07
EFT:1.0104241096782794e-05,2.122547334954209e-06,1.987322000788117e-05,0.499281670416237,6.935296550282277e-09,0.4992816704162441,2.6320519398807075e-09,0.0014041591461476227,9.805874310262393e-08,2.9238684013396224e-07
Random7488
Raw:1.0104241096783009e-05,2.122547334954224e-06,1.987322000788131e-05,0.49928167041623345,6.935296550282327e-09,0.49928167041624766,2.6320519398807638e-09,0.0014041591461476327,9.805874310262462e-08,2.923868401339685e-07
EFT:1.0104241096782794e-05,2.122547334954209e-06,1.987322000788117e-05,0.499281670416237,6.935296550282277e-09,0.4992816704162441,2.6320519398807075e-09,0.0014041591461476227,9.805874310262393e-08,2.9238684013396224e-07
Random7489
Raw:1.0104241096783009e-05,2.122547334954224e-06,1.987322000788131e-05,0.49928167041623345,6.935296550282327e-09,0.49928167041624766,2.6320519398807638e-09,0.0014041591461476327,9.805874310262462e-08,2.923868401339685e-07
EFT:1.0104241096782794e-05,2.122547334954209e-06,1.987322000788117e-05,0.499281670416237,6.935296550282277e-09,0.4992816704162441,2.6320519398807075e-09,0.0014041591461476227,9.805874310262393e-08,2.9238684013396224e-07
Random7490
Raw:1.0104241096782867e-05,2.122547334954224e-06,1.987322000788131e-05,0.49928167041624055,6.935296550282326e-09,0.49928167041624055,2.6320519398807265e-09,0.0014041591461476327,9.805874310262323e-08,2.923868401339643e-07
EFT:1.0104241096782794e-05,2.122547334954209e-06,1.987322000788117e-05,0.499281670416237,6.935296550282277e-09,0.4992816704162441,2.6320519398807075e-09,0.0014041591461476227,9.805874310262393e-08,2.9238684013396224e-07
Random7491
Raw:1.0104241096782938e-05,2.122547334954209e-06,1.987322000788117e-05,0.499281670416237,6.935296550282277e-09,0.4992816704162441,2.632051939880745e-09,0.0014041591461476427,9.805874310262393e-08,2.9238684013396224e-07
EFT:1.0104241096782794e-05,2.122547334954209e-06,1.987322000788117e-05,0.499281670416237,6.935296550282277e-09,0.4992816704162441,2.6320519398807075e-09,0.0014041591461476227,9.805874310262393e-08,2.9238684013396224e-07
Random7492
Raw:1.0104241096783009e-05,2.122547334954224e-06,1.987322000788131e-05,0.49928167041623345,6.935296550282327e-09,0.49928167041624766,2.6320519398807638e-09,0.0014041591461476327,9.805874310262601e-08,2.9238684013396436e-07
EFT:1.0104241096782794e-05,2.122547334954209e-06,1.987322000788117e-05,0.499281670416237,6.935296550282277e-09,0.4992816704162441,2.6320519398807075e-09,0.0014041591461476227,9.805874310262393e-08,2.9238684013396224e-07
Random7493
Raw:1.0104241096782938e-05,2.122547334954209e-06,1.987322000788117e-05,0.499281670416237,6.9352965502823754e-09,0.4992816704162441,2.632051939880745e-09,0.0014041591461476227,9.805874310262532e-08,2.9238684013396637e-07
EFT:1.0104241096782794e-05,2.122547334954209e-06,1.987322000788117e-05,0.499281670416237,6.935296550282277e-09,0.4992816704162441,2.6320519398807075e-09,0.0014041591461476227,9.805874310262393e-08,2.9238684013396224e-07
Random7494
Raw:1.0104241096782938e-05,2.122547334954209e-06,1.987322000788117e-05,0.499281670416237,6.935296550282277e-09,0.4992816704162441,2.632051939880745e-09,0.0014041591461476427,9.805874310262393e-08,2.9238684013396224e-07
EFT:1.0104241096782794e-05,2.122547334954209e-06,1.987322000788117e-05,0.499281670416237,6.935296550282277e-09,0.4992816704162441,2.6320519398807075e-09,0.0014041591461476227,9.805874310262393e-08,2.9238684013396224e-07
Random7495
Raw:1.0104241096782938e-05,2.122547334954239e-06,1.987322000788145e-05,0.499281670416237,6.935296550282277e-09,0.4992816704162441,2.632051939880745e-09,0.0014041591461476427,9.805874310262393e-08,2.9238684013396637e-07
EFT:1.0104241096782794e-05,2.122547334954209e-06,1.987322000788117e-05,0.499281670416237,6.935296550282277e-09,0.4992816704162441,2.6320519398807075e-09,0.0014041591461476227,9.805874310262393e-08,2.9238684013396224e-07
Random7496
Raw:1.0104241096782867e-05,2.122547334954224e-06,1.9873220007881028e-05,0.49928167041624055,6.935296550282326e-09,0.49928167041624055,2.6320519398807265e-09,0.0014041591461476128,9.805874310262462e-08,2.923868401339643e-07
EFT:1.0104241096782794e-05,2.122547334954209e-06,1.987322000788117e-05,0.499281670416237,6.935296550282277e-09,0.4992816704162441,2.6320519398807075e-09,0.0014041591461476227,9.805874310262393e-08,2.9238684013396224e-07
Random7497
Raw:1.0104241096782938e-05,2.122547334954209e-06,1.987322000788117e-05,0.499281670416237,6.9352965502823754e-09,0.4992816704162441,2.632051939880745e-09,0.0014041591461476227,9.805874310262532e-08,2.9238684013396637e-07
EFT:1.0104241096782794e-05,2.122547334954209e-06,1.987322000788117e-05,0.499281670416237,6.935296550282277e-09,0.4992816704162441,2.6320519398807075e-09,0.0014041591461476227,9.805874310262393e-08,2.9238684013396224e-07
Random7498
Raw:1.0104241096782867e-05,2.122547334954224e-06,1.987322000788131e-05,0.49928167041624055,6.935296550282326e-09,0.49928167041624055,2.6320519398807265e-09,0.0014041591461476327,9.805874310262323e-08,2.923868401339643e-07
EFT:1.0104241096782794e-05,2.122547334954209e-06,1.987322000788117e-05,0.499281670416237,6.935296550282277e-09,0.4992816704162441,2.6320519398807075e-09,0.0014041591461476227,9.805874310262393e-08,2.9238684013396224e-07
Random7499
Raw:1.0104241096782938e-05,2.122547334954239e-06,1.987322000788117e-05,0.499281670416237,6.935296550282277e-09,0.4992816704162441,2.632051939880745e-09,0.0014041591461476427,9.805874310262532e-08,2.9238684013396224e-07
EFT:1.0104241096782794e-05,2.122547334954209e-06,1.987322000788117e-05,0.499281670416237,6.935296550282277e-09,0.4992816704162441,2.6320519398807075e-09,0.0014041591461476227,9.805874310262393e-08,2.9238684013396224e-07
Random7500
Raw:1.0104241096782938e-05,2.122547334954239e-06,1.987322000788145e-05,0.499281670416237,6.935296550282277e-09,0.4992816704162441,2.632051939880745e-09,0.0014041591461476427,9.805874310262393e-08,2.9238684013396637e-07
EFT:1.0104241096782794e-05,2.122547334954209e-06,1.987322000788117e-05,0.499281670416237,6.935296550282277e-09,0.4992816704162441,2.6320519398807075e-09,0.0014041591461476227,9.805874310262393e-08,2.9238684013396224e-07
Random7501
Raw:1.0104241096782867e-05,2.122547334954224e-06,1.987322000788131e-05,0.49928167041624055,6.935296550282326e-09,0.49928167041624055,2.6320519398807265e-09,0.0014041591461476327,9.805874310262462e-08,2.923868401339643e-07
EFT:1.0104241096782794e-05,2.122547334954209e-06,1.987322000788117e-05,0.499281670416237,6.935296550282277e-09,0.4992816704162441,2.6320519398807075e-09,0.0014041591461476227,9.805874310262393e-08,2.9238684013396224e-07
Random7502
Raw:1.0104241096782865e-05,2.122547334954194e-06,1.9873220007881028e-05,0.49928167041623345,6.935296550282228e-09,0.49928167041624766,2.632051939880726e-09,0.0014041591461476327,9.805874310262462e-08,2.923868401339602e-07
EFT:1.0104241096782794e-05,2.122547334954209e-06,1.987322000788117e-05,0.499281670416237,6.935296550282277e-09,0.4992816704162441,2.6320519398807075e-09,0.0014041591461476227,9.805874310262393e-08,2.9238684013396224e-07
Random7503
Raw:1.0104241096782938e-05,2.1225473349541788e-06,1.9873220007880885e-05,0.499281670416237,6.935296550282277e-09,0.4992816704162441,2.632051939880745e-09,0.0014041591461476026,9.805874310262532e-08,2.9238684013396224e-07
EFT:1.0104241096782794e-05,2.122547334954209e-06,1.987322000788117e-05,0.499281670416237,6.935296550282277e-09,0.4992816704162441,2.6320519398807075e-09,0.0014041591461476227,9.805874310262393e-08,2.9238684013396224e-07
Random7504
Raw:1.0104241096782867e-05,2.122547334954194e-06,1.9873220007881028e-05,0.49928167041624055,6.935296550282326e-09,0.49928167041624055,2.6320519398807265e-09,0.0014041591461476128,9.805874310262602e-08,2.923868401339643e-07
EFT:1.0104241096782794e-05,2.122547334954209e-06,1.987322000788117e-05,0.499281670416237,6.935296550282277e-09,0.4992816704162441,2.6320519398807075e-09,0.0014041591461476227,9.805874310262393e-08,2.9238684013396224e-07
Random7505
Raw:1.0104241096782867e-05,2.122547334954224e-06,1.9873220007881028e-05,0.49928167041624055,6.935296550282326e-09,0.49928167041624055,2.6320519398807265e-09,0.0014041591461476128,9.805874310262462e-08,2.923868401339643e-07
EFT:1.0104241096782794e-05,2.122547334954209e-06,1.987322000788117e-05,0.499281670416237,6.935296550282277e-09,0.4992816704162441,2.6320519398807075e-09,0.0014041591461476227,9.805874310262393e-08,2.9238684013396224e-07
Random7506
Raw:1.0104241096783009e-05,2.122547334954224e-06,1.987322000788131e-05,0.49928167041623345,6.935296550282327e-09,0.49928167041624766,2.6320519398807638e-09,0.0014041591461476327,9.805874310262462e-08,2.923868401339685e-07
EFT:1.0104241096782794e-05,2.122547334954209e-06,1.987322000788117e-05,0.499281670416237,6.935296550282277e-09,0.4992816704162441,2.6320519398807075e-09,0.0014041591461476227,9.805874310262393e-08,2.9238684013396224e-07
Random7507
Raw:1.0104241096782867e-05,2.122547334954224e-06,1.9873220007881028e-05,0.49928167041624055,6.935296550282326e-09,0.49928167041624055,2.6320519398807265e-09,0.0014041591461476128,9.805874310262462e-08,2.923868401339643e-07
EFT:1.0104241096782794e-05,2.122547334954209e-06,1.987322000788117e-05,0.499281670416237,6.935296550282277e-09,0.4992816704162441,2.6320519398807075e-09,0.0014041591461476227,9.805874310262393e-08,2.9238684013396224e-07
Random7508
Raw:1.0104241096782938e-05,2.122547334954239e-06,1.987322000788145e-05,0.499281670416237,6.935296550282277e-09,0.4992816704162441,2.632051939880745e-09,0.0014041591461476227,9.805874310262532e-08,2.9238684013396224e-07
EFT:1.0104241096782794e-05,2.122547334954209e-06,1.987322000788117e-05,0.499281670416237,6.935296550282277e-09,0.4992816704162441,2.6320519398807075e-09,0.0014041591461476227,9.805874310262393e-08,2.9238684013396224e-07
Random7509
Raw:1.0104241096783009e-05,2.122547334954224e-06,1.9873220007881028e-05,0.49928167041623345,6.935296550282327e-09,0.49928167041624766,2.6320519398807638e-09,0.0014041591461476327,9.805874310262601e-08,2.9238684013396436e-07
EFT:1.0104241096782794e-05,2.122547334954209e-06,1.987322000788117e-05,0.499281670416237,6.935296550282277e-09,0.4992816704162441,2.6320519398807075e-09,0.0014041591461476227,9.805874310262393e-08,2.9238684013396224e-07
Random7510
Raw:1.0104241096782794e-05,2.122547334954209e-06,1.987322000788117e-05,0.499281670416237,6.935296550282277e-09,0.4992816704162441,2.6320519398807075e-09,0.0014041591461476227,9.805874310262393e-08,2.9238684013396224e-07
EFT:1.0104241096782794e-05,2.122547334954209e-06,1.987322000788117e-05,0.499281670416237,6.935296550282277e-09,0.4992816704162441,2.6320519398807075e-09,0.0014041591461476227,9.805874310262393e-08,2.9238684013396224e-07
Random7511
Raw:1.0104241096782938e-05,2.122547334954239e-06,1.9873220007880885e-05,0.499281670416237,6.935296550282277e-09,0.4992816704162441,2.632051939880745e-09,0.0014041591461476227,9.805874310262532e-08,2.9238684013396224e-07
EFT:1.0104241096782794e-05,2.122547334954209e-06,1.987322000788117e-05,0.499281670416237,6.935296550282277e-09,0.4992816704162441,2.6320519398807075e-09,0.0014041591461476227,9.805874310262393e-08,2.9238684013396224e-07
Random7512
Raw:1.0104241096782938e-05,2.122547334954239e-06,1.9873220007880885e-05,0.499281670416237,6.935296550282277e-09,0.4992816704162441,2.632051939880745e-09,0.0014041591461476227,9.805874310262532e-08,2.9238684013396224e-07
EFT:1.0104241096782794e-05,2.122547334954209e-06,1.987322000788117e-05,0.499281670416237,6.935296550282277e-09,0.4992816704162441,2.6320519398807075e-09,0.0014041591461476227,9.805874310262393e-08,2.9238684013396224e-07
Random7513
Raw:1.0104241096782867e-05,2.122547334954224e-06,1.987322000788131e-05,0.49928167041624055,6.935296550282326e-09,0.49928167041624055,2.6320519398807265e-09,0.0014041591461476327,9.805874310262323e-08,2.923868401339643e-07
EFT:1.0104241096782794e-05,2.122547334954209e-06,1.987322000788117e-05,0.499281670416237,6.935296550282277e-09,0.4992816704162441,2.6320519398807075e-09,0.0014041591461476227,9.805874310262393e-08,2.9238684013396224e-07
Random7514
Raw:1.0104241096782938e-05,2.122547334954209e-06,1.987322000788117e-05,0.499281670416237,6.9352965502823754e-09,0.4992816704162441,2.632051939880745e-09,0.0014041591461476227,9.805874310262532e-08,2.9238684013396637e-07
EFT:1.0104241096782794e-05,2.122547334954209e-06,1.987322000788117e-05,0.499281670416237,6.935296550282277e-09,0.4992816704162441,2.6320519398807075e-09,0.0014041591461476227,9.805874310262393e-08,2.9238684013396224e-07
Random7515
Raw:1.0104241096782938e-05,2.122547334954209e-06,1.9873220007880885e-05,0.499281670416237,6.935296550282277e-09,0.4992816704162441,2.632051939880745e-09,0.0014041591461476227,9.805874310262393e-08,2.9238684013396224e-07
EFT:1.0104241096782794e-05,2.122547334954209e-06,1.987322000788117e-05,0.499281670416237,6.935296550282277e-09,0.4992816704162441,2.6320519398807075e-09,0.0014041591461476227,9.805874310262393e-08,2.9238684013396224e-07
Random7516
Raw:1.0104241096782865e-05,2.122547334954194e-06,1.9873220007881028e-05,0.49928167041623345,6.935296550282228e-09,0.49928167041624766,2.632051939880726e-09,0.0014041591461476327,9.805874310262324e-08,2.923868401339602e-07
EFT:1.0104241096782794e-05,2.122547334954209e-06,1.987322000788117e-05,0.499281670416237,6.935296550282277e-09,0.4992816704162441,2.6320519398807075e-09,0.0014041591461476227,9.805874310262393e-08,2.9238684013396224e-07
Random7517
Raw:1.0104241096782867e-05,2.122547334954224e-06,1.9873220007881028e-05,0.49928167041624055,6.935296550282326e-09,0.49928167041624055,2.6320519398807265e-09,0.0014041591461476128,9.805874310262462e-08,2.923868401339643e-07
EFT:1.0104241096782794e-05,2.122547334954209e-06,1.987322000788117e-05,0.499281670416237,6.935296550282277e-09,0.4992816704162441,2.6320519398807075e-09,0.0014041591461476227,9.805874310262393e-08,2.9238684013396224e-07
Random7518
Raw:1.0104241096782938e-05,2.122547334954239e-06,1.9873220007880885e-05,0.499281670416237,6.935296550282277e-09,0.4992816704162441,2.632051939880745e-09,0.0014041591461476227,9.805874310262532e-08,2.9238684013396224e-07
EFT:1.0104241096782794e-05,2.122547334954209e-06,1.987322000788117e-05,0.499281670416237,6.935296550282277e-09,0.4992816704162441,2.6320519398807075e-09,0.0014041591461476227,9.805874310262393e-08,2.9238684013396224e-07
Random7519
Raw:1.0104241096782938e-05,2.122547334954239e-06,1.9873220007880885e-05,0.499281670416237,6.935296550282277e-09,0.4992816704162441,2.632051939880745e-09,0.0014041591461476227,9.805874310262532e-08,2.9238684013396224e-07
EFT:1.0104241096782794e-05,2.122547334954209e-06,1.987322000788117e-05,0.499281670416237,6.935296550282277e-09,0.4992816704162441,2.6320519398807075e-09,0.0014041591461476227,9.805874310262393e-08,2.9238684013396224e-07
Random7520
Raw:1.0104241096782865e-05,2.122547334954194e-06,1.9873220007881028e-05,0.49928167041623345,6.935296550282228e-09,0.49928167041624766,2.632051939880726e-09,0.0014041591461476126,9.805874310262462e-08,2.9238684013396436e-07
EFT:1.0104241096782794e-05,2.122547334954209e-06,1.987322000788117e-05,0.499281670416237,6.935296550282277e-09,0.4992816704162441,2.6320519398807075e-09,0.0014041591461476227,9.805874310262393e-08,2.9238684013396224e-07
Random7521
Raw:1.0104241096782938e-05,2.122547334954209e-06,1.987322000788117e-05,0.499281670416237,6.9352965502823754e-09,0.4992816704162441,2.632051939880745e-09,0.0014041591461476227,9.805874310262672e-08,2.9238684013396637e-07
EFT:1.0104241096782794e-05,2.122547334954209e-06,1.987322000788117e-05,0.499281670416237,6.935296550282277e-09,0.4992816704162441,2.6320519398807075e-09,0.0014041591461476227,9.805874310262393e-08,2.9238684013396224e-07
Random7522
Raw:1.0104241096782938e-05,2.122547334954239e-06,1.987322000788145e-05,0.499281670416237,6.935296550282277e-09,0.4992816704162441,2.632051939880745e-09,0.0014041591461476427,9.805874310262393e-08,2.9238684013396637e-07
EFT:1.0104241096782794e-05,2.122547334954209e-06,1.987322000788117e-05,0.499281670416237,6.935296550282277e-09,0.4992816704162441,2.6320519398807075e-09,0.0014041591461476227,9.805874310262393e-08,2.9238684013396224e-07
Random7523
Raw:1.0104241096782938e-05,2.122547334954209e-06,1.987322000788117e-05,0.499281670416237,6.9352965502823754e-09,0.4992816704162441,2.632051939880745e-09,0.0014041591461476227,9.805874310262532e-08,2.9238684013396637e-07
EFT:1.0104241096782794e-05,2.122547334954209e-06,1.987322000788117e-05,0.499281670416237,6.935296550282277e-09,0.4992816704162441,2.6320519398807075e-09,0.0014041591461476227,9.805874310262393e-08,2.9238684013396224e-07
Random7524
Raw:1.0104241096782938e-05,2.122547334954209e-06,1.9873220007880885e-05,0.499281670416237,6.935296550282277e-09,0.4992816704162441,2.632051939880745e-09,0.0014041591461476227,9.805874310262532e-08,2.9238684013396224e-07
EFT:1.0104241096782794e-05,2.122547334954209e-06,1.987322000788117e-05,0.499281670416237,6.935296550282277e-09,0.4992816704162441,2.6320519398807075e-09,0.0014041591461476227,9.805874310262393e-08,2.9238684013396224e-07
Random7525
Raw:1.0104241096782867e-05,2.122547334954194e-06,1.9873220007881028e-05,0.49928167041624055,6.935296550282326e-09,0.49928167041624055,2.6320519398807265e-09,0.0014041591461476128,9.805874310262323e-08,2.923868401339643e-07
EFT:1.0104241096782794e-05,2.122547334954209e-06,1.987322000788117e-05,0.499281670416237,6.935296550282277e-09,0.4992816704162441,2.6320519398807075e-09,0.0014041591461476227,9.805874310262393e-08,2.9238684013396224e-07
Random7526
Raw:1.0104241096782938e-05,2.122547334954209e-06,1.987322000788117e-05,0.499281670416237,6.9352965502823754e-09,0.4992816704162441,2.632051939880745e-09,0.0014041591461476227,9.805874310262393e-08,2.9238684013396637e-07
EFT:1.0104241096782794e-05,2.122547334954209e-06,1.987322000788117e-05,0.499281670416237,6.935296550282277e-09,0.4992816704162441,2.6320519398807075e-09,0.0014041591461476227,9.805874310262393e-08,2.9238684013396224e-07
Random7527
Raw:1.0104241096783009e-05,2.122547334954224e-06,1.9873220007881028e-05,0.49928167041623345,6.935296550282327e-09,0.49928167041624766,2.632051939880801e-09,0.0014041591461476327,9.805874310262601e-08,2.9238684013396436e-07
EFT:1.0104241096782794e-05,2.122547334954209e-06,1.987322000788117e-05,0.499281670416237,6.935296550282277e-09,0.4992816704162441,2.6320519398807075e-09,0.0014041591461476227,9.805874310262393e-08,2.9238684013396224e-07
Random7528
Raw:1.0104241096783009e-05,2.122547334954194e-06,1.9873220007881028e-05,0.49928167041623345,6.935296550282327e-09,0.49928167041624766,2.6320519398807638e-09,0.0014041591461476327,9.805874310262462e-08,2.9238684013396436e-07
EFT:1.0104241096782794e-05,2.122547334954209e-06,1.987322000788117e-05,0.499281670416237,6.935296550282277e-09,0.4992816704162441,2.6320519398807075e-09,0.0014041591461476227,9.805874310262393e-08,2.9238684013396224e-07
Random7529
Raw:1.0104241096782867e-05,2.122547334954194e-06,1.9873220007881028e-05,0.49928167041624055,6.935296550282228e-09,0.49928167041624055,2.632051939880689e-09,0.0014041591461476128,9.805874310262462e-08,2.923868401339602e-07
EFT:1.0104241096782794e-05,2.122547334954209e-06,1.987322000788117e-05,0.499281670416237,6.935296550282277e-09,0.4992816704162441,2.6320519398807075e-09,0.0014041591461476227,9.805874310262393e-08,2.9238684013396224e-07
Random7530
Raw:1.0104241096782794e-05,2.122547334954209e-06,1.987322000788117e-05,0.499281670416237,6.9352965502821786e-09,0.4992816704162441,2.632051939880745e-09,0.0014041591461476227,9.805874310262254e-08,2.9238684013396224e-07
EFT:1.0104241096782794e-05,2.122547334954209e-06,1.987322000788117e-05,0.499281670416237,6.935296550282277e-09,0.4992816704162441,2.6320519398807075e-09,0.0014041591461476227,9.805874310262393e-08,2.9238684013396224e-07
Random7531
Raw:1.0104241096782938e-05,2.122547334954239e-06,1.987322000788145e-05,0.499281670416237,6.935296550282277e-09,0.4992816704162441,2.632051939880745e-09,0.0014041591461476427,9.805874310262532e-08,2.9238684013396224e-07
EFT:1.0104241096782794e-05,2.122547334954209e-06,1.987322000788117e-05,0.499281670416237,6.935296550282277e-09,0.4992816704162441,2.6320519398807075e-09,0.0014041591461476227,9.805874310262393e-08,2.9238684013396224e-07
Random7532
Raw:1.0104241096782938e-05,2.122547334954239e-06,1.987322000788145e-05,0.499281670416237,6.935296550282277e-09,0.4992816704162441,2.632051939880745e-09,0.0014041591461476427,9.805874310262393e-08,2.9238684013396637e-07
EFT:1.0104241096782794e-05,2.122547334954209e-06,1.987322000788117e-05,0.499281670416237,6.935296550282277e-09,0.4992816704162441,2.6320519398807075e-09,0.0014041591461476227,9.805874310262393e-08,2.9238684013396224e-07
Random7533
Raw:1.0104241096782867e-05,2.122547334954224e-06,1.9873220007881028e-05,0.49928167041624055,6.935296550282228e-09,0.49928167041624055,2.632051939880689e-09,0.0014041591461476327,9.805874310262462e-08,2.923868401339602e-07
EFT:1.0104241096782794e-05,2.122547334954209e-06,1.987322000788117e-05,0.499281670416237,6.935296550282277e-09,0.4992816704162441,2.6320519398807075e-09,0.0014041591461476227,9.805874310262393e-08,2.9238684013396224e-07
Random7534
Raw:1.0104241096782865e-05,2.122547334954194e-06,1.9873220007881028e-05,0.49928167041623345,6.935296550282228e-09,0.49928167041624766,2.6320519398807638e-09,0.0014041591461476126,9.805874310262324e-08,2.9238684013396436e-07
EFT:1.0104241096782794e-05,2.122547334954209e-06,1.987322000788117e-05,0.499281670416237,6.935296550282277e-09,0.4992816704162441,2.6320519398807075e-09,0.0014041591461476227,9.805874310262393e-08,2.9238684013396224e-07
Random7535
Raw:1.0104241096782938e-05,2.122547334954209e-06,1.9873220007880885e-05,0.499281670416237,6.935296550282277e-09,0.4992816704162441,2.632051939880745e-09,0.0014041591461476227,9.805874310262532e-08,2.9238684013396224e-07
EFT:1.0104241096782794e-05,2.122547334954209e-06,1.987322000788117e-05,0.499281670416237,6.935296550282277e-09,0.4992816704162441,2.6320519398807075e-09,0.0014041591461476227,9.805874310262393e-08,2.9238684013396224e-07
Random7536
Raw:1.0104241096782938e-05,2.122547334954239e-06,1.9873220007880885e-05,0.499281670416237,6.935296550282277e-09,0.4992816704162441,2.632051939880745e-09,0.0014041591461476227,9.805874310262532e-08,2.9238684013396224e-07
EFT:1.0104241096782794e-05,2.122547334954209e-06,1.987322000788117e-05,0.499281670416237,6.935296550282277e-09,0.4992816704162441,2.6320519398807075e-09,0.0014041591461476227,9.805874310262393e-08,2.9238684013396224e-07
Random7537
Raw:1.0104241096782938e-05,2.122547334954239e-06,1.987322000788117e-05,0.499281670416237,6.935296550282277e-09,0.4992816704162441,2.632051939880745e-09,0.0014041591461476427,9.805874310262532e-08,2.9238684013396224e-07
EFT:1.0104241096782794e-05,2.122547334954209e-06,1.987322000788117e-05,0.499281670416237,6.935296550282277e-09,0.4992816704162441,2.6320519398807075e-09,0.0014041591461476227,9.805874310262393e-08,2.9238684013396224e-07
Random7538
Raw:1.0104241096782938e-05,2.122547334954209e-06,1.987322000788117e-05,0.499281670416237,6.9352965502823754e-09,0.4992816704162441,2.632051939880745e-09,0.0014041591461476227,9.805874310262532e-08,2.9238684013396637e-07
EFT:1.0104241096782794e-05,2.122547334954209e-06,1.987322000788117e-05,0.499281670416237,6.935296550282277e-09,0.4992816704162441,2.6320519398807075e-09,0.0014041591461476227,9.805874310262393e-08,2.9238684013396224e-07
Random7539
Raw:1.0104241096783009e-05,2.122547334954224e-06,1.9873220007881028e-05,0.49928167041623345,6.935296550282327e-09,0.49928167041624766,2.6320519398807638e-09,0.0014041591461476327,9.805874310262601e-08,2.9238684013396436e-07
EFT:1.0104241096782794e-05,2.122547334954209e-06,1.987322000788117e-05,0.499281670416237,6.935296550282277e-09,0.4992816704162441,2.6320519398807075e-09,0.0014041591461476227,9.805874310262393e-08,2.9238684013396224e-07
Random7540
Raw:1.0104241096782867e-05,2.122547334954194e-06,1.9873220007881028e-05,0.49928167041624055,6.935296550282326e-09,0.49928167041624055,2.6320519398807265e-09,0.0014041591461476128,9.805874310262323e-08,2.923868401339643e-07
EFT:1.0104241096782794e-05,2.122547334954209e-06,1.987322000788117e-05,0.499281670416237,6.935296550282277e-09,0.4992816704162441,2.6320519398807075e-09,0.0014041591461476227,9.805874310262393e-08,2.9238684013396224e-07
Random7541
Raw:1.0104241096782938e-05,2.122547334954239e-06,1.987322000788117e-05,0.499281670416237,6.935296550282277e-09,0.4992816704162441,2.632051939880745e-09,0.0014041591461476227,9.805874310262532e-08,2.9238684013396224e-07
EFT:1.0104241096782794e-05,2.122547334954209e-06,1.987322000788117e-05,0.499281670416237,6.935296550282277e-09,0.4992816704162441,2.6320519398807075e-09,0.0014041591461476227,9.805874310262393e-08,2.9238684013396224e-07
Random7542
Raw:1.0104241096782867e-05,2.122547334954224e-06,1.987322000788131e-05,0.49928167041624055,6.935296550282326e-09,0.49928167041624055,2.6320519398807265e-09,0.0014041591461476128,9.805874310262462e-08,2.923868401339643e-07
EFT:1.0104241096782794e-05,2.122547334954209e-06,1.987322000788117e-05,0.499281670416237,6.935296550282277e-09,0.4992816704162441,2.6320519398807075e-09,0.0014041591461476227,9.805874310262393e-08,2.9238684013396224e-07
Random7543
Raw:1.0104241096782938e-05,2.122547334954239e-06,1.987322000788145e-05,0.499281670416237,6.935296550282277e-09,0.4992816704162441,2.632051939880745e-09,0.0014041591461476227,9.805874310262532e-08,2.9238684013396224e-07
EFT:1.0104241096782794e-05,2.122547334954209e-06,1.987322000788117e-05,0.499281670416237,6.935296550282277e-09,0.4992816704162441,2.6320519398807075e-09,0.0014041591461476227,9.805874310262393e-08,2.9238684013396224e-07
Random7544
Raw:1.0104241096783009e-05,2.122547334954224e-06,1.9873220007881028e-05,0.49928167041623345,6.935296550282327e-09,0.49928167041624766,2.6320519398807638e-09,0.0014041591461476327,9.805874310262601e-08,2.9238684013396436e-07
EFT:1.0104241096782794e-05,2.122547334954209e-06,1.987322000788117e-05,0.499281670416237,6.935296550282277e-09,0.4992816704162441,2.6320519398807075e-09,0.0014041591461476227,9.805874310262393e-08,2.9238684013396224e-07
Random7545
Raw:1.0104241096782938e-05,2.122547334954209e-06,1.987322000788117e-05,0.499281670416237,6.935296550282277e-09,0.4992816704162441,2.632051939880745e-09,0.0014041591461476227,9.805874310262532e-08,2.9238684013396224e-07
EFT:1.0104241096782794e-05,2.122547334954209e-06,1.987322000788117e-05,0.499281670416237,6.935296550282277e-09,0.4992816704162441,2.6320519398807075e-09,0.0014041591461476227,9.805874310262393e-08,2.9238684013396224e-07
Random7546
Raw:1.0104241096782723e-05,2.122547334954194e-06,1.9873220007881028e-05,0.49928167041624055,6.935296550282228e-09,0.49928167041624055,2.6320519398806513e-09,0.0014041591461476128,9.805874310262323e-08,2.923868401339602e-07
EFT:1.0104241096782794e-05,2.122547334954209e-06,1.987322000788117e-05,0.499281670416237,6.935296550282277e-09,0.4992816704162441,2.6320519398807075e-09,0.0014041591461476227,9.805874310262393e-08,2.9238684013396224e-07
Random7547
Raw:1.0104241096782794e-05,2.122547334954209e-06,1.987322000788117e-05,0.4992816704162441,6.935296550282277e-09,0.499281670416237,2.63205193988067e-09,0.0014041591461476227,9.805874310262254e-08,2.9238684013396224e-07
EFT:1.0104241096782794e-05,2.122547334954209e-06,1.987322000788117e-05,0.499281670416237,6.935296550282277e-09,0.4992816704162441,2.6320519398807075e-09,0.0014041591461476227,9.805874310262393e-08,2.9238684013396224e-07
Random7548
Raw:1.0104241096782867e-05,2.122547334954224e-06,1.987322000788131e-05,0.49928167041624055,6.935296550282326e-09,0.49928167041624055,2.6320519398807265e-09,0.0014041591461476128,9.805874310262462e-08,2.923868401339643e-07
EFT:1.0104241096782794e-05,2.122547334954209e-06,1.987322000788117e-05,0.499281670416237,6.935296550282277e-09,0.4992816704162441,2.6320519398807075e-09,0.0014041591461476227,9.805874310262393e-08,2.9238684013396224e-07
Random7549
Raw:1.0104241096782938e-05,2.122547334954209e-06,1.987322000788117e-05,0.499281670416237,6.9352965502823754e-09,0.4992816704162441,2.632051939880745e-09,0.0014041591461476227,9.805874310262672e-08,2.9238684013396637e-07
EFT:1.0104241096782794e-05,2.122547334954209e-06,1.987322000788117e-05,0.499281670416237,6.935296550282277e-09,0.4992816704162441,2.6320519398807075e-09,0.0014041591461476227,9.805874310262393e-08,2.9238684013396224e-07
Random7550
Raw:1.0104241096783009e-05,2.122547334954194e-06,1.9873220007881028e-05,0.49928167041623345,6.935296550282327e-09,0.49928167041624766,2.6320519398807638e-09,0.0014041591461476126,9.805874310262601e-08,2.9238684013396436e-07
EFT:1.0104241096782794e-05,2.122547334954209e-06,1.987322000788117e-05,0.499281670416237,6.935296550282277e-09,0.4992816704162441,2.6320519398807075e-09,0.0014041591461476227,9.805874310262393e-08,2.9238684013396224e-07
Random7551
Raw:1.0104241096782938e-05,2.122547334954209e-06,1.9873220007880885e-05,0.499281670416237,6.935296550282277e-09,0.4992816704162441,2.632051939880745e-09,0.0014041591461476227,9.805874310262393e-08,2.9238684013396224e-07
EFT:1.0104241096782794e-05,2.122547334954209e-06,1.987322000788117e-05,0.499281670416237,6.935296550282277e-09,0.4992816704162441,2.6320519398807075e-09,0.0014041591461476227,9.805874310262393e-08,2.9238684013396224e-07
Random7552
Raw:1.0104241096782867e-05,2.122547334954224e-06,1.9873220007881028e-05,0.49928167041624055,6.935296550282326e-09,0.49928167041624055,2.6320519398807265e-09,0.0014041591461476128,9.805874310262462e-08,2.923868401339643e-07
EFT:1.0104241096782794e-05,2.122547334954209e-06,1.987322000788117e-05,0.499281670416237,6.935296550282277e-09,0.4992816704162441,2.6320519398807075e-09,0.0014041591461476227,9.805874310262393e-08,2.9238684013396224e-07
Random7553
Raw:1.0104241096782938e-05,2.122547334954239e-06,1.987322000788117e-05,0.499281670416237,6.9352965502823754e-09,0.4992816704162441,2.6320519398807824e-09,0.0014041591461476227,9.805874310262532e-08,2.9238684013396637e-07
EFT:1.0104241096782794e-05,2.122547334954209e-06,1.987322000788117e-05,0.499281670416237,6.935296550282277e-09,0.4992816704162441,2.6320519398807075e-09,0.0014041591461476227,9.805874310262393e-08,2.9238684013396224e-07
Random7554
Raw:1.0104241096782867e-05,2.122547334954224e-06,1.987322000788131e-05,0.49928167041624055,6.935296550282326e-09,0.49928167041624055,2.6320519398807265e-09,0.0014041591461476327,9.805874310262462e-08,2.923868401339643e-07
EFT:1.0104241096782794e-05,2.122547334954209e-06,1.987322000788117e-05,0.499281670416237,6.935296550282277e-09,0.4992816704162441,2.6320519398807075e-09,0.0014041591461476227,9.805874310262393e-08,2.9238684013396224e-07
Random7555
Raw:1.0104241096782794e-05,2.122547334954209e-06,1.987322000788117e-05,0.499281670416237,6.935296550282277e-09,0.4992816704162441,2.6320519398807075e-09,0.0014041591461476227,9.805874310262393e-08,2.9238684013396224e-07
EFT:1.0104241096782794e-05,2.122547334954209e-06,1.987322000788117e-05,0.499281670416237,6.935296550282277e-09,0.4992816704162441,2.6320519398807075e-09,0.0014041591461476227,9.805874310262393e-08,2.9238684013396224e-07
Random7556
Raw:1.0104241096782794e-05,2.122547334954209e-06,1.987322000788117e-05,0.499281670416237,6.9352965502821786e-09,0.4992816704162441,2.6320519398807075e-09,0.0014041591461476026,9.805874310262393e-08,2.9238684013396224e-07
EFT:1.0104241096782794e-05,2.122547334954209e-06,1.987322000788117e-05,0.499281670416237,6.935296550282277e-09,0.4992816704162441,2.6320519398807075e-09,0.0014041591461476227,9.805874310262393e-08,2.9238684013396224e-07
Random7557
Raw:1.0104241096782865e-05,2.122547334954194e-06,1.9873220007881028e-05,0.49928167041623345,6.935296550282327e-09,0.49928167041624766,2.632051939880726e-09,0.0014041591461476126,9.805874310262462e-08,2.9238684013396436e-07
EFT:1.0104241096782794e-05,2.122547334954209e-06,1.987322000788117e-05,0.499281670416237,6.935296550282277e-09,0.4992816704162441,2.6320519398807075e-09,0.0014041591461476227,9.805874310262393e-08,2.9238684013396224e-07
Random7558
Raw:1.0104241096782723e-05,2.122547334954194e-06,1.9873220007881028e-05,0.49928167041624055,6.93529655028213e-09,0.49928167041624055,2.6320519398806513e-09,0.0014041591461476128,9.805874310262323e-08,2.923868401339602e-07
EFT:1.0104241096782794e-05,2.122547334954209e-06,1.987322000788117e-05,0.499281670416237,6.935296550282277e-09,0.4992816704162441,2.6320519398807075e-09,0.0014041591461476227,9.805874310262393e-08,2.9238684013396224e-07
Random7559
Raw:1.0104241096782938e-05,2.122547334954209e-06,1.987322000788117e-05,0.499281670416237,6.935296550282277e-09,0.4992816704162441,2.632051939880745e-09,0.0014041591461476227,9.805874310262532e-08,2.9238684013396224e-07
EFT:1.0104241096782794e-05,2.122547334954209e-06,1.987322000788117e-05,0.499281670416237,6.935296550282277e-09,0.4992816704162441,2.6320519398807075e-09,0.0014041591461476227,9.805874310262393e-08,2.9238684013396224e-07
Random7560
Raw:1.0104241096782938e-05,2.122547334954239e-06,1.9873220007880885e-05,0.499281670416237,6.935296550282277e-09,0.4992816704162441,2.632051939880745e-09,0.0014041591461476227,9.805874310262532e-08,2.9238684013396224e-07
EFT:1.0104241096782794e-05,2.122547334954209e-06,1.987322000788117e-05,0.499281670416237,6.935296550282277e-09,0.4992816704162441,2.6320519398807075e-09,0.0014041591461476227,9.805874310262393e-08,2.9238684013396224e-07
Random7561
Raw:1.0104241096782794e-05,2.122547334954209e-06,1.9873220007880885e-05,0.499281670416237,6.9352965502821786e-09,0.4992816704162441,2.6320519398807075e-09,0.0014041591461476026,9.805874310262393e-08,2.9238684013396224e-07
EFT:1.0104241096782794e-05,2.122547334954209e-06,1.987322000788117e-05,0.499281670416237,6.935296550282277e-09,0.4992816704162441,2.6320519398807075e-09,0.0014041591461476227,9.805874310262393e-08,2.9238684013396224e-07
Random7562
Raw:1.0104241096782938e-05,2.1225473349541788e-06,1.9873220007880885e-05,0.499281670416237,6.935296550282277e-09,0.4992816704162441,2.632051939880745e-09,0.0014041591461476026,9.805874310262532e-08,2.9238684013396224e-07
EFT:1.0104241096782794e-05,2.122547334954209e-06,1.987322000788117e-05,0.499281670416237,6.935296550282277e-09,0.4992816704162441,2.6320519398807075e-09,0.0014041591461476227,9.805874310262393e-08,2.9238684013396224e-07
Random7563
Raw:1.0104241096782938e-05,2.122547334954209e-06,1.987322000788117e-05,0.499281670416237,6.935296550282277e-09,0.4992816704162441,2.632051939880745e-09,0.0014041591461476227,9.805874310262532e-08,2.9238684013396224e-07
EFT:1.0104241096782794e-05,2.122547334954209e-06,1.987322000788117e-05,0.499281670416237,6.935296550282277e-09,0.4992816704162441,2.6320519398807075e-09,0.0014041591461476227,9.805874310262393e-08,2.9238684013396224e-07
Random7564
Raw:1.0104241096782867e-05,2.122547334954224e-06,1.987322000788131e-05,0.49928167041624055,6.935296550282326e-09,0.49928167041624055,2.6320519398807265e-09,0.0014041591461476327,9.805874310262323e-08,2.923868401339643e-07
EFT:1.0104241096782794e-05,2.122547334954209e-06,1.987322000788117e-05,0.499281670416237,6.935296550282277e-09,0.4992816704162441,2.6320519398807075e-09,0.0014041591461476227,9.805874310262393e-08,2.9238684013396224e-07
Random7565
Raw:1.0104241096783009e-05,2.122547334954224e-06,1.987322000788131e-05,0.49928167041623345,6.935296550282327e-09,0.49928167041624766,2.6320519398807638e-09,0.0014041591461476327,9.805874310262462e-08,2.923868401339685e-07
EFT:1.0104241096782794e-05,2.122547334954209e-06,1.987322000788117e-05,0.499281670416237,6.935296550282277e-09,0.4992816704162441,2.6320519398807075e-09,0.0014041591461476227,9.805874310262393e-08,2.9238684013396224e-07
Random7566
Raw:1.0104241096783009e-05,2.122547334954224e-06,1.9873220007881028e-05,0.49928167041623345,6.935296550282327e-09,0.49928167041624766,2.6320519398807638e-09,0.0014041591461476327,9.805874310262601e-08,2.9238684013396436e-07
EFT:1.0104241096782794e-05,2.122547334954209e-06,1.987322000788117e-05,0.499281670416237,6.935296550282277e-09,0.4992816704162441,2.6320519398807075e-09,0.0014041591461476227,9.805874310262393e-08,2.9238684013396224e-07
Random7567
Raw:1.0104241096782723e-05,2.122547334954194e-06,1.9873220007881028e-05,0.49928167041624055,6.935296550282228e-09,0.49928167041624055,2.632051939880689e-09,0.0014041591461476128,9.805874310262184e-08,2.923868401339602e-07
EFT:1.0104241096782794e-05,2.122547334954209e-06,1.987322000788117e-05,0.499281670416237,6.935296550282277e-09,0.4992816704162441,2.6320519398807075e-09,0.0014041591461476227,9.805874310262393e-08,2.9238684013396224e-07
Random7568
Raw:1.0104241096782867e-05,2.122547334954224e-06,1.987322000788131e-05,0.49928167041624055,6.935296550282228e-09,0.49928167041624055,2.632051939880689e-09,0.0014041591461476527,9.805874310262462e-08,2.923868401339602e-07
EFT:1.0104241096782794e-05,2.122547334954209e-06,1.987322000788117e-05,0.499281670416237,6.935296550282277e-09,0.4992816704162441,2.6320519398807075e-09,0.0014041591461476227,9.805874310262393e-08,2.9238684013396224e-07
Random7569
Raw:1.0104241096782938e-05,2.122547334954239e-06,1.987322000788117e-05,0.499281670416237,6.9352965502823754e-09,0.4992816704162441,2.6320519398807824e-09,0.0014041591461476227,9.805874310262532e-08,2.9238684013396637e-07
EFT:1.0104241096782794e-05,2.122547334954209e-06,1.987322000788117e-05,0.499281670416237,6.935296550282277e-09,0.4992816704162441,2.6320519398807075e-09,0.0014041591461476227,9.805874310262393e-08,2.9238684013396224e-07
Random7570
Raw:1.0104241096782938e-05,2.122547334954209e-06,1.987322000788117e-05,0.499281670416237,6.9352965502823754e-09,0.4992816704162441,2.6320519398807824e-09,0.0014041591461476227,9.805874310262532e-08,2.9238684013396637e-07
EFT:1.0104241096782794e-05,2.122547334954209e-06,1.987322000788117e-05,0.499281670416237,6.935296550282277e-09,0.4992816704162441,2.6320519398807075e-09,0.0014041591461476227,9.805874310262393e-08,2.9238684013396224e-07
Random7571
Raw:1.0104241096782794e-05,2.122547334954209e-06,1.987322000788117e-05,0.4992816704162441,6.935296550282277e-09,0.499281670416237,2.63205193988067e-09,0.0014041591461476227,9.805874310262393e-08,2.9238684013396224e-07
EFT:1.0104241096782794e-05,2.122547334954209e-06,1.987322000788117e-05,0.499281670416237,6.935296550282277e-09,0.4992816704162441,2.6320519398807075e-09,0.0014041591461476227,9.805874310262393e-08,2.9238684013396224e-07
Random7572
Raw:1.0104241096782867e-05,2.122547334954224e-06,1.987322000788131e-05,0.49928167041624055,6.935296550282326e-09,0.49928167041624055,2.6320519398807265e-09,0.0014041591461476128,9.805874310262462e-08,2.923868401339643e-07
EFT:1.0104241096782794e-05,2.122547334954209e-06,1.987322000788117e-05,0.499281670416237,6.935296550282277e-09,0.4992816704162441,2.6320519398807075e-09,0.0014041591461476227,9.805874310262393e-08,2.9238684013396224e-07
Random7573
Raw:1.0104241096782938e-05,2.122547334954239e-06,1.9873220007880885e-05,0.499281670416237,6.935296550282277e-09,0.4992816704162441,2.632051939880745e-09,0.0014041591461476227,9.805874310262532e-08,2.9238684013396224e-07
EFT:1.0104241096782794e-05,2.122547334954209e-06,1.987322000788117e-05,0.499281670416237,6.935296550282277e-09,0.4992816704162441,2.6320519398807075e-09,0.0014041591461476227,9.805874310262393e-08,2.9238684013396224e-07
Random7574
Raw:1.0104241096782938e-05,2.122547334954239e-06,1.987322000788117e-05,0.499281670416237,6.9352965502823754e-09,0.4992816704162441,2.6320519398807824e-09,0.0014041591461476227,9.805874310262532e-08,2.9238684013396637e-07
EFT:1.0104241096782794e-05,2.122547334954209e-06,1.987322000788117e-05,0.499281670416237,6.935296550282277e-09,0.4992816704162441,2.6320519398807075e-09,0.0014041591461476227,9.805874310262393e-08,2.9238684013396224e-07
Random7575
Raw:1.0104241096783009e-05,2.122547334954224e-06,1.987322000788131e-05,0.49928167041623345,6.935296550282327e-09,0.49928167041624766,2.6320519398807638e-09,0.0014041591461476327,9.805874310262462e-08,2.923868401339685e-07
EFT:1.0104241096782794e-05,2.122547334954209e-06,1.987322000788117e-05,0.499281670416237,6.935296550282277e-09,0.4992816704162441,2.6320519398807075e-09,0.0014041591461476227,9.805874310262393e-08,2.9238684013396224e-07
Random7576
Raw:1.0104241096782867e-05,2.122547334954194e-06,1.9873220007881028e-05,0.49928167041624055,6.935296550282228e-09,0.49928167041624055,2.632051939880689e-09,0.0014041591461476327,9.805874310262323e-08,2.923868401339602e-07
EFT:1.0104241096782794e-05,2.122547334954209e-06,1.987322000788117e-05,0.499281670416237,6.935296550282277e-09,0.4992816704162441,2.6320519398807075e-09,0.0014041591461476227,9.805874310262393e-08,2.9238684013396224e-07
Random7577
Raw:1.0104241096782867e-05,2.122547334954194e-06,1.9873220007881028e-05,0.49928167041624055,6.935296550282326e-09,0.49928167041624055,2.6320519398807265e-09,0.0014041591461476128,9.805874310262323e-08,2.923868401339643e-07
EFT:1.0104241096782794e-05,2.122547334954209e-06,1.987322000788117e-05,0.499281670416237,6.935296550282277e-09,0.4992816704162441,2.6320519398807075e-09,0.0014041591461476227,9.805874310262393e-08,2.9238684013396224e-07
Random7578
Raw:1.0104241096782938e-05,2.122547334954209e-06,1.9873220007880885e-05,0.499281670416237,6.935296550282277e-09,0.4992816704162441,2.632051939880745e-09,0.0014041591461476227,9.805874310262532e-08,2.9238684013396224e-07
EFT:1.0104241096782794e-05,2.122547334954209e-06,1.987322000788117e-05,0.499281670416237,6.935296550282277e-09,0.4992816704162441,2.6320519398807075e-09,0.0014041591461476227,9.805874310262393e-08,2.9238684013396224e-07
Random7579
Raw:1.0104241096782867e-05,2.122547334954224e-06,1.987322000788131e-05,0.49928167041624055,6.935296550282326e-09,0.49928167041624055,2.6320519398807265e-09,0.0014041591461476327,9.805874310262462e-08,2.923868401339643e-07
EFT:1.0104241096782794e-05,2.122547334954209e-06,1.987322000788117e-05,0.499281670416237,6.935296550282277e-09,0.4992816704162441,2.6320519398807075e-09,0.0014041591461476227,9.805874310262393e-08,2.9238684013396224e-07
Random7580
Raw:1.0104241096782867e-05,2.122547334954224e-06,1.987322000788131e-05,0.49928167041624055,6.935296550282326e-09,0.49928167041624055,2.6320519398807265e-09,0.0014041591461476327,9.805874310262462e-08,2.923868401339643e-07
EFT:1.0104241096782794e-05,2.122547334954209e-06,1.987322000788117e-05,0.499281670416237,6.935296550282277e-09,0.4992816704162441,2.6320519398807075e-09,0.0014041591461476227,9.805874310262393e-08,2.9238684013396224e-07
Random7581
Raw:1.0104241096782867e-05,2.122547334954224e-06,1.987322000788131e-05,0.49928167041624055,6.935296550282326e-09,0.49928167041624055,2.6320519398807265e-09,0.0014041591461476327,9.805874310262323e-08,2.923868401339643e-07
EFT:1.0104241096782794e-05,2.122547334954209e-06,1.987322000788117e-05,0.499281670416237,6.935296550282277e-09,0.4992816704162441,2.6320519398807075e-09,0.0014041591461476227,9.805874310262393e-08,2.9238684013396224e-07
Random7582
Raw:1.0104241096783009e-05,2.122547334954224e-06,1.987322000788131e-05,0.49928167041623345,6.935296550282327e-09,0.49928167041624766,2.6320519398807638e-09,0.0014041591461476327,9.805874310262601e-08,2.9238684013396436e-07
EFT:1.0104241096782794e-05,2.122547334954209e-06,1.987322000788117e-05,0.499281670416237,6.935296550282277e-09,0.4992816704162441,2.6320519398807075e-09,0.0014041591461476227,9.805874310262393e-08,2.9238684013396224e-07
Random7583
Raw:1.0104241096782867e-05,2.122547334954224e-06,1.987322000788131e-05,0.49928167041624055,6.935296550282326e-09,0.49928167041624055,2.6320519398807265e-09,0.0014041591461476327,9.805874310262462e-08,2.923868401339643e-07
EFT:1.0104241096782794e-05,2.122547334954209e-06,1.987322000788117e-05,0.499281670416237,6.935296550282277e-09,0.4992816704162441,2.6320519398807075e-09,0.0014041591461476227,9.805874310262393e-08,2.9238684013396224e-07
Random7584
Raw:1.0104241096782794e-05,2.122547334954209e-06,1.987322000788117e-05,0.499281670416237,6.9352965502821786e-09,0.4992816704162441,2.6320519398807075e-09,0.0014041591461476026,9.805874310262393e-08,2.9238684013396224e-07
EFT:1.0104241096782794e-05,2.122547334954209e-06,1.987322000788117e-05,0.499281670416237,6.935296550282277e-09,0.4992816704162441,2.6320519398807075e-09,0.0014041591461476227,9.805874310262393e-08,2.9238684013396224e-07
Random7585
Raw:1.0104241096782723e-05,2.122547334954194e-06,1.9873220007881028e-05,0.49928167041624055,6.93529655028213e-09,0.49928167041624055,2.6320519398806513e-09,0.0014041591461476128,9.805874310262323e-08,2.923868401339602e-07
EFT:1.0104241096782794e-05,2.122547334954209e-06,1.987322000788117e-05,0.499281670416237,6.935296550282277e-09,0.4992816704162441,2.6320519398807075e-09,0.0014041591461476227,9.805874310262393e-08,2.9238684013396224e-07
Random7586
Raw:1.0104241096782938e-05,2.122547334954239e-06,1.987322000788117e-05,0.499281670416237,6.9352965502823754e-09,0.4992816704162441,2.6320519398807824e-09,0.0014041591461476227,9.805874310262532e-08,2.9238684013396637e-07
EFT:1.0104241096782794e-05,2.122547334954209e-06,1.987322000788117e-05,0.499281670416237,6.935296550282277e-09,0.4992816704162441,2.6320519398807075e-09,0.0014041591461476227,9.805874310262393e-08,2.9238684013396224e-07
Random7587
Raw:1.0104241096782867e-05,2.122547334954224e-06,1.987322000788131e-05,0.49928167041624055,6.935296550282326e-09,0.49928167041624055,2.6320519398807265e-09,0.0014041591461476327,9.805874310262462e-08,2.923868401339643e-07
EFT:1.0104241096782794e-05,2.122547334954209e-06,1.987322000788117e-05,0.499281670416237,6.935296550282277e-09,0.4992816704162441,2.6320519398807075e-09,0.0014041591461476227,9.805874310262393e-08,2.9238684013396224e-07
Random7588
Raw:1.0104241096782938e-05,2.122547334954209e-06,1.987322000788117e-05,0.499281670416237,6.935296550282277e-09,0.4992816704162441,2.632051939880745e-09,0.0014041591461476227,9.805874310262393e-08,2.9238684013396637e-07
EFT:1.0104241096782794e-05,2.122547334954209e-06,1.987322000788117e-05,0.499281670416237,6.935296550282277e-09,0.4992816704162441,2.6320519398807075e-09,0.0014041591461476227,9.805874310262393e-08,2.9238684013396224e-07
Random7589
Raw:1.0104241096782938e-05,2.122547334954209e-06,1.9873220007880885e-05,0.499281670416237,6.9352965502823754e-09,0.4992816704162441,2.6320519398807824e-09,0.0014041591461476227,9.805874310262532e-08,2.9238684013396637e-07
EFT:1.0104241096782794e-05,2.122547334954209e-06,1.987322000788117e-05,0.499281670416237,6.935296550282277e-09,0.4992816704162441,2.6320519398807075e-09,0.0014041591461476227,9.805874310262393e-08,2.9238684013396224e-07
Random7590
Raw:1.0104241096782938e-05,2.122547334954239e-06,1.9873220007880885e-05,0.499281670416237,6.935296550282277e-09,0.4992816704162441,2.632051939880745e-09,0.0014041591461476227,9.805874310262532e-08,2.9238684013396224e-07
EFT:1.0104241096782794e-05,2.122547334954209e-06,1.987322000788117e-05,0.499281670416237,6.935296550282277e-09,0.4992816704162441,2.6320519398807075e-09,0.0014041591461476227,9.805874310262393e-08,2.9238684013396224e-07
Random7591
Raw:1.0104241096782867e-05,2.122547334954224e-06,1.987322000788131e-05,0.49928167041624055,6.935296550282326e-09,0.49928167041624055,2.6320519398807265e-09,0.0014041591461476327,9.805874310262462e-08,2.923868401339643e-07
EFT:1.0104241096782794e-05,2.122547334954209e-06,1.987322000788117e-05,0.499281670416237,6.935296550282277e-09,0.4992816704162441,2.6320519398807075e-09,0.0014041591461476227,9.805874310262393e-08,2.9238684013396224e-07
Random7592
Raw:1.0104241096782938e-05,2.122547334954239e-06,1.987322000788117e-05,0.499281670416237,6.9352965502823754e-09,0.4992816704162441,2.6320519398807824e-09,0.0014041591461476227,9.805874310262532e-08,2.9238684013396637e-07
EFT:1.0104241096782794e-05,2.122547334954209e-06,1.987322000788117e-05,0.499281670416237,6.935296550282277e-09,0.4992816704162441,2.6320519398807075e-09,0.0014041591461476227,9.805874310262393e-08,2.9238684013396224e-07
Random7593
Raw:1.0104241096782938e-05,2.122547334954209e-06,1.987322000788117e-05,0.499281670416237,6.9352965502823754e-09,0.4992816704162441,2.632051939880745e-09,0.0014041591461476227,9.805874310262672e-08,2.9238684013396637e-07
EFT:1.0104241096782794e-05,2.122547334954209e-06,1.987322000788117e-05,0.499281670416237,6.935296550282277e-09,0.4992816704162441,2.6320519398807075e-09,0.0014041591461476227,9.805874310262393e-08,2.9238684013396224e-07
Random7594
Raw:1.0104241096782938e-05,2.122547334954209e-06,1.987322000788117e-05,0.499281670416237,6.935296550282277e-09,0.4992816704162441,2.632051939880745e-09,0.0014041591461476427,9.805874310262393e-08,2.9238684013396224e-07
EFT:1.0104241096782794e-05,2.122547334954209e-06,1.987322000788117e-05,0.499281670416237,6.935296550282277e-09,0.4992816704162441,2.6320519398807075e-09,0.0014041591461476227,9.805874310262393e-08,2.9238684013396224e-07
Random7595
Raw:1.0104241096782867e-05,2.122547334954224e-06,1.987322000788131e-05,0.49928167041624055,6.935296550282326e-09,0.49928167041624055,2.6320519398807265e-09,0.0014041591461476327,9.805874310262323e-08,2.923868401339643e-07
EFT:1.0104241096782794e-05,2.122547334954209e-06,1.987322000788117e-05,0.499281670416237,6.935296550282277e-09,0.4992816704162441,2.6320519398807075e-09,0.0014041591461476227,9.805874310262393e-08,2.9238684013396224e-07
Random7596
Raw:1.0104241096782938e-05,2.122547334954209e-06,1.9873220007880885e-05,0.499281670416237,6.935296550282277e-09,0.4992816704162441,2.632051939880745e-09,0.0014041591461476227,9.805874310262393e-08,2.9238684013396224e-07
EFT:1.0104241096782794e-05,2.122547334954209e-06,1.987322000788117e-05,0.499281670416237,6.935296550282277e-09,0.4992816704162441,2.6320519398807075e-09,0.0014041591461476227,9.805874310262393e-08,2.9238684013396224e-07
Random7597
Raw:1.0104241096783009e-05,2.122547334954194e-06,1.9873220007881028e-05,0.49928167041623345,6.935296550282327e-09,0.49928167041624766,2.6320519398807638e-09,0.0014041591461476126,9.805874310262601e-08,2.9238684013396436e-07
EFT:1.0104241096782794e-05,2.122547334954209e-06,1.987322000788117e-05,0.499281670416237,6.935296550282277e-09,0.4992816704162441,2.6320519398807075e-09,0.0014041591461476227,9.805874310262393e-08,2.9238684013396224e-07
Random7598
Raw:1.0104241096782794e-05,2.122547334954209e-06,1.987322000788117e-05,0.499281670416237,6.9352965502821786e-09,0.4992816704162441,2.6320519398807075e-09,0.0014041591461476227,9.805874310262393e-08,2.9238684013396224e-07
EFT:1.0104241096782794e-05,2.122547334954209e-06,1.987322000788117e-05,0.499281670416237,6.935296550282277e-09,0.4992816704162441,2.6320519398807075e-09,0.0014041591461476227,9.805874310262393e-08,2.9238684013396224e-07
Random7599
Raw:1.0104241096782938e-05,2.122547334954209e-06,1.987322000788117e-05,0.499281670416237,6.9352965502823754e-09,0.4992816704162441,2.632051939880745e-09,0.0014041591461476227,9.805874310262532e-08,2.9238684013396637e-07
EFT:1.0104241096782794e-05,2.122547334954209e-06,1.987322000788117e-05,0.499281670416237,6.935296550282277e-09,0.4992816704162441,2.6320519398807075e-09,0.0014041591461476227,9.805874310262393e-08,2.9238684013396224e-07
Random7600
Raw:1.0104241096782938e-05,2.122547334954209e-06,1.987322000788117e-05,0.499281670416237,6.935296550282277e-09,0.4992816704162441,2.632051939880745e-09,0.0014041591461476427,9.805874310262393e-08,2.9238684013396224e-07
EFT:1.0104241096782794e-05,2.122547334954209e-06,1.987322000788117e-05,0.499281670416237,6.935296550282277e-09,0.4992816704162441,2.6320519398807075e-09,0.0014041591461476227,9.805874310262393e-08,2.9238684013396224e-07
Random7601
Raw:1.0104241096782938e-05,2.122547334954239e-06,1.987322000788117e-05,0.499281670416237,6.935296550282277e-09,0.4992816704162441,2.632051939880745e-09,0.0014041591461476427,9.805874310262532e-08,2.9238684013396224e-07
EFT:1.0104241096782794e-05,2.122547334954209e-06,1.987322000788117e-05,0.499281670416237,6.935296550282277e-09,0.4992816704162441,2.6320519398807075e-09,0.0014041591461476227,9.805874310262393e-08,2.9238684013396224e-07
Random7602
Raw:1.0104241096782865e-05,2.122547334954194e-06,1.9873220007881028e-05,0.49928167041623345,6.935296550282327e-09,0.49928167041624766,2.6320519398807638e-09,0.0014041591461476126,9.805874310262324e-08,2.9238684013396436e-07
EFT:1.0104241096782794e-05,2.122547334954209e-06,1.987322000788117e-05,0.499281670416237,6.935296550282277e-09,0.4992816704162441,2.6320519398807075e-09,0.0014041591461476227,9.805874310262393e-08,2.9238684013396224e-07
Random7603
Raw:1.0104241096782867e-05,2.122547334954224e-06,1.987322000788131e-05,0.49928167041624055,6.935296550282326e-09,0.49928167041624055,2.6320519398807265e-09,0.0014041591461476327,9.805874310262602e-08,2.923868401339643e-07
EFT:1.0104241096782794e-05,2.122547334954209e-06,1.987322000788117e-05,0.499281670416237,6.935296550282277e-09,0.4992816704162441,2.6320519398807075e-09,0.0014041591461476227,9.805874310262393e-08,2.9238684013396224e-07
Random7604
Raw:1.0104241096782938e-05,2.122547334954209e-06,1.9873220007880885e-05,0.499281670416237,6.935296550282277e-09,0.4992816704162441,2.632051939880745e-09,0.0014041591461476227,9.805874310262532e-08,2.9238684013396224e-07
EFT:1.0104241096782794e-05,2.122547334954209e-06,1.987322000788117e-05,0.499281670416237,6.935296550282277e-09,0.4992816704162441,2.6320519398807075e-09,0.0014041591461476227,9.805874310262393e-08,2.9238684013396224e-07
Random7605
Raw:1.0104241096782938e-05,2.122547334954209e-06,1.9873220007880885e-05,0.499281670416237,6.935296550282277e-09,0.4992816704162441,2.632051939880745e-09,0.0014041591461476227,9.805874310262532e-08,2.9238684013396224e-07
EFT:1.0104241096782794e-05,2.122547334954209e-06,1.987322000788117e-05,0.499281670416237,6.935296550282277e-09,0.4992816704162441,2.6320519398807075e-09,0.0014041591461476227,9.805874310262393e-08,2.9238684013396224e-07
Random7606
Raw:1.0104241096782938e-05,2.122547334954239e-06,1.987322000788145e-05,0.499281670416237,6.935296550282277e-09,0.4992816704162441,2.632051939880745e-09,0.0014041591461476427,9.805874310262393e-08,2.9238684013396637e-07
EFT:1.0104241096782794e-05,2.122547334954209e-06,1.987322000788117e-05,0.499281670416237,6.935296550282277e-09,0.4992816704162441,2.6320519398807075e-09,0.0014041591461476227,9.805874310262393e-08,2.9238684013396224e-07
Random7607
Raw:1.0104241096782794e-05,2.122547334954209e-06,1.987322000788117e-05,0.499281670416237,6.935296550282277e-09,0.4992816704162441,2.6320519398807075e-09,0.0014041591461476026,9.805874310262393e-08,2.9238684013396224e-07
EFT:1.0104241096782794e-05,2.122547334954209e-06,1.987322000788117e-05,0.499281670416237,6.935296550282277e-09,0.4992816704162441,2.6320519398807075e-09,0.0014041591461476227,9.805874310262393e-08,2.9238684013396224e-07
Random7608
Raw:1.0104241096782938e-05,2.122547334954209e-06,1.987322000788117e-05,0.499281670416237,6.9352965502823754e-09,0.4992816704162441,2.632051939880745e-09,0.0014041591461476227,9.805874310262672e-08,2.9238684013396637e-07
EFT:1.0104241096782794e-05,2.122547334954209e-06,1.987322000788117e-05,0.499281670416237,6.935296550282277e-09,0.4992816704162441,2.6320519398807075e-09,0.0014041591461476227,9.805874310262393e-08,2.9238684013396224e-07
Random7609
Raw:1.0104241096782865e-05,2.122547334954194e-06,1.9873220007881028e-05,0.49928167041623345,6.935296550282228e-09,0.49928167041624766,2.632051939880726e-09,0.0014041591461476126,9.805874310262462e-08,2.9238684013396436e-07
EFT:1.0104241096782794e-05,2.122547334954209e-06,1.987322000788117e-05,0.499281670416237,6.935296550282277e-09,0.4992816704162441,2.6320519398807075e-09,0.0014041591461476227,9.805874310262393e-08,2.9238684013396224e-07
Random7610
Raw:1.0104241096782723e-05,2.122547334954194e-06,1.9873220007881028e-05,0.49928167041624055,6.935296550282228e-09,0.49928167041624055,2.6320519398806513e-09,0.0014041591461476128,9.805874310262323e-08,2.923868401339602e-07
EFT:1.0104241096782794e-05,2.122547334954209e-06,1.987322000788117e-05,0.499281670416237,6.935296550282277e-09,0.4992816704162441,2.6320519398807075e-09,0.0014041591461476227,9.805874310262393e-08,2.9238684013396224e-07
Random7611
Raw:1.0104241096782938e-05,2.122547334954209e-06,1.987322000788117e-05,0.499281670416237,6.9352965502823754e-09,0.4992816704162441,2.632051939880745e-09,0.0014041591461476227,9.805874310262532e-08,2.9238684013396637e-07
EFT:1.0104241096782794e-05,2.122547334954209e-06,1.987322000788117e-05,0.499281670416237,6.935296550282277e-09,0.4992816704162441,2.6320519398807075e-09,0.0014041591461476227,9.805874310262393e-08,2.9238684013396224e-07
Random7612
Raw:1.0104241096782867e-05,2.122547334954224e-06,1.987322000788131e-05,0.49928167041624055,6.935296550282326e-09,0.49928167041624055,2.6320519398807265e-09,0.0014041591461476327,9.805874310262462e-08,2.923868401339643e-07
EFT:1.0104241096782794e-05,2.122547334954209e-06,1.987322000788117e-05,0.499281670416237,6.935296550282277e-09,0.4992816704162441,2.6320519398807075e-09,0.0014041591461476227,9.805874310262393e-08,2.9238684013396224e-07
Random7613
Raw:1.0104241096782938e-05,2.122547334954209e-06,1.987322000788117e-05,0.499281670416237,6.9352965502823754e-09,0.4992816704162441,2.632051939880745e-09,0.0014041591461476227,9.805874310262393e-08,2.9238684013396637e-07
EFT:1.0104241096782794e-05,2.122547334954209e-06,1.987322000788117e-05,0.499281670416237,6.935296550282277e-09,0.4992816704162441,2.6320519398807075e-09,0.0014041591461476227,9.805874310262393e-08,2.9238684013396224e-07
Random7614
Raw:1.0104241096782867e-05,2.122547334954224e-06,1.987322000788131e-05,0.49928167041624055,6.935296550282326e-09,0.49928167041624055,2.6320519398807638e-09,0.0014041591461476327,9.805874310262462e-08,2.923868401339643e-07
EFT:1.0104241096782794e-05,2.122547334954209e-06,1.987322000788117e-05,0.499281670416237,6.935296550282277e-09,0.4992816704162441,2.6320519398807075e-09,0.0014041591461476227,9.805874310262393e-08,2.9238684013396224e-07
Random7615
Raw:1.0104241096782938e-05,2.122547334954209e-06,1.987322000788117e-05,0.499281670416237,6.935296550282277e-09,0.4992816704162441,2.632051939880745e-09,0.0014041591461476227,9.805874310262532e-08,2.9238684013396224e-07
EFT:1.0104241096782794e-05,2.122547334954209e-06,1.987322000788117e-05,0.499281670416237,6.935296550282277e-09,0.4992816704162441,2.6320519398807075e-09,0.0014041591461476227,9.805874310262393e-08,2.9238684013396224e-07
Random7616
Raw:1.0104241096782723e-05,2.122547334954194e-06,1.9873220007881028e-05,0.49928167041624055,6.935296550282228e-09,0.49928167041624055,2.6320519398806513e-09,0.0014041591461476128,9.805874310262323e-08,2.923868401339602e-07
EFT:1.0104241096782794e-05,2.122547334954209e-06,1.987322000788117e-05,0.499281670416237,6.935296550282277e-09,0.4992816704162441,2.6320519398807075e-09,0.0014041591461476227,9.805874310262393e-08,2.9238684013396224e-07
Random7617
Raw:1.0104241096782867e-05,2.122547334954194e-06,1.9873220007881028e-05,0.49928167041624055,6.935296550282228e-09,0.49928167041624055,2.632051939880689e-09,0.0014041591461476327,9.805874310262323e-08,2.923868401339602e-07
EFT:1.0104241096782794e-05,2.122547334954209e-06,1.987322000788117e-05,0.499281670416237,6.935296550282277e-09,0.4992816704162441,2.6320519398807075e-09,0.0014041591461476227,9.805874310262393e-08,2.9238684013396224e-07
Random7618
Raw:1.0104241096782938e-05,2.1225473349541788e-06,1.9873220007880885e-05,0.499281670416237,6.935296550282277e-09,0.4992816704162441,2.632051939880745e-09,0.0014041591461476026,9.805874310262532e-08,2.9238684013396224e-07
EFT:1.0104241096782794e-05,2.122547334954209e-06,1.987322000788117e-05,0.499281670416237,6.935296550282277e-09,0.4992816704162441,2.6320519398807075e-09,0.0014041591461476227,9.805874310262393e-08,2.9238684013396224e-07
Random7619
Raw:1.0104241096782865e-05,2.122547334954194e-06,1.9873220007881028e-05,0.49928167041623345,6.935296550282327e-09,0.49928167041624766,2.632051939880726e-09,0.0014041591461476126,9.805874310262462e-08,2.9238684013396436e-07
EFT:1.0104241096782794e-05,2.122547334954209e-06,1.987322000788117e-05,0.499281670416237,6.935296550282277e-09,0.4992816704162441,2.6320519398807075e-09,0.0014041591461476227,9.805874310262393e-08,2.9238684013396224e-07
Random7620
Raw:1.0104241096782938e-05,2.122547334954209e-06,1.9873220007880885e-05,0.499281670416237,6.935296550282277e-09,0.4992816704162441,2.632051939880745e-09,0.0014041591461476227,9.805874310262532e-08,2.9238684013396224e-07
EFT:1.0104241096782794e-05,2.122547334954209e-06,1.987322000788117e-05,0.499281670416237,6.935296550282277e-09,0.4992816704162441,2.6320519398807075e-09,0.0014041591461476227,9.805874310262393e-08,2.9238684013396224e-07
Random7621
Raw:1.0104241096782865e-05,2.122547334954194e-06,1.9873220007881028e-05,0.49928167041623345,6.935296550282327e-09,0.49928167041624766,2.6320519398807638e-09,0.0014041591461476126,9.805874310262324e-08,2.9238684013396436e-07
EFT:1.0104241096782794e-05,2.122547334954209e-06,1.987322000788117e-05,0.499281670416237,6.935296550282277e-09,0.4992816704162441,2.6320519398807075e-09,0.0014041591461476227,9.805874310262393e-08,2.9238684013396224e-07
Random7622
Raw:1.0104241096782794e-05,2.122547334954209e-06,1.987322000788117e-05,0.499281670416237,6.935296550282277e-09,0.4992816704162441,2.6320519398807075e-09,0.0014041591461476227,9.805874310262393e-08,2.9238684013396224e-07
EFT:1.0104241096782794e-05,2.122547334954209e-06,1.987322000788117e-05,0.499281670416237,6.935296550282277e-09,0.4992816704162441,2.6320519398807075e-09,0.0014041591461476227,9.805874310262393e-08,2.9238684013396224e-07
Random7623
Raw:1.0104241096782723e-05,2.122547334954224e-06,1.987322000788131e-05,0.49928167041624055,6.935296550282228e-09,0.49928167041624055,2.632051939880689e-09,0.0014041591461476327,9.805874310262184e-08,2.923868401339602e-07
EFT:1.0104241096782794e-05,2.122547334954209e-06,1.987322000788117e-05,0.499281670416237,6.935296550282277e-09,0.4992816704162441,2.6320519398807075e-09,0.0014041591461476227,9.805874310262393e-08,2.9238684013396224e-07
Random7624
Raw:1.0104241096782867e-05,2.122547334954194e-06,1.9873220007881028e-05,0.49928167041624055,6.935296550282326e-09,0.49928167041624055,2.6320519398807265e-09,0.0014041591461476128,9.805874310262323e-08,2.923868401339643e-07
EFT:1.0104241096782794e-05,2.122547334954209e-06,1.987322000788117e-05,0.499281670416237,6.935296550282277e-09,0.4992816704162441,2.6320519398807075e-09,0.0014041591461476227,9.805874310262393e-08,2.9238684013396224e-07
Random7625
Raw:1.0104241096782723e-05,2.122547334954194e-06,1.9873220007881028e-05,0.49928167041624055,6.935296550282228e-09,0.49928167041624055,2.6320519398806513e-09,0.0014041591461476128,9.805874310262323e-08,2.923868401339602e-07
EFT:1.0104241096782794e-05,2.122547334954209e-06,1.987322000788117e-05,0.499281670416237,6.935296550282277e-09,0.4992816704162441,2.6320519398807075e-09,0.0014041591461476227,9.805874310262393e-08,2.9238684013396224e-07
Random7626
Raw:1.0104241096782938e-05,2.1225473349541788e-06,1.9873220007880885e-05,0.499281670416237,6.935296550282277e-09,0.4992816704162441,2.632051939880745e-09,0.0014041591461476026,9.805874310262532e-08,2.9238684013396224e-07
EFT:1.0104241096782794e-05,2.122547334954209e-06,1.987322000788117e-05,0.499281670416237,6.935296550282277e-09,0.4992816704162441,2.6320519398807075e-09,0.0014041591461476227,9.805874310262393e-08,2.9238684013396224e-07
Random7627
Raw:1.0104241096782867e-05,2.122547334954224e-06,1.9873220007881028e-05,0.49928167041624055,6.935296550282326e-09,0.49928167041624055,2.6320519398807638e-09,0.0014041591461476128,9.805874310262462e-08,2.923868401339643e-07
EFT:1.0104241096782794e-05,2.122547334954209e-06,1.987322000788117e-05,0.499281670416237,6.935296550282277e-09,0.4992816704162441,2.6320519398807075e-09,0.0014041591461476227,9.805874310262393e-08,2.9238684013396224e-07
Random7628
Raw:1.0104241096782938e-05,2.122547334954209e-06,1.987322000788117e-05,0.499281670416237,6.9352965502823754e-09,0.4992816704162441,2.632051939880745e-09,0.0014041591461476227,9.805874310262532e-08,2.9238684013396637e-07
EFT:1.0104241096782794e-05,2.122547334954209e-06,1.987322000788117e-05,0.499281670416237,6.935296550282277e-09,0.4992816704162441,2.6320519398807075e-09,0.0014041591461476227,9.805874310262393e-08,2.9238684013396224e-07
Random7629
Raw:1.0104241096782938e-05,2.122547334954209e-06,1.987322000788117e-05,0.499281670416237,6.9352965502823754e-09,0.4992816704162441,2.632051939880745e-09,0.0014041591461476227,9.805874310262532e-08,2.9238684013396637e-07
EFT:1.0104241096782794e-05,2.122547334954209e-06,1.987322000788117e-05,0.499281670416237,6.935296550282277e-09,0.4992816704162441,2.6320519398807075e-09,0.0014041591461476227,9.805874310262393e-08,2.9238684013396224e-07
Random7630
Raw:1.0104241096782938e-05,2.122547334954209e-06,1.987322000788117e-05,0.499281670416237,6.935296550282277e-09,0.4992816704162441,2.632051939880745e-09,0.0014041591461476227,9.805874310262532e-08,2.9238684013396224e-07
EFT:1.0104241096782794e-05,2.122547334954209e-06,1.987322000788117e-05,0.499281670416237,6.935296550282277e-09,0.4992816704162441,2.6320519398807075e-09,0.0014041591461476227,9.805874310262393e-08,2.9238684013396224e-07
Random7631
Raw:1.0104241096782865e-05,2.122547334954194e-06,1.9873220007881028e-05,0.49928167041623345,6.935296550282228e-09,0.49928167041624766,2.632051939880726e-09,0.0014041591461476126,9.805874310262462e-08,2.9238684013396436e-07
EFT:1.0104241096782794e-05,2.122547334954209e-06,1.987322000788117e-05,0.499281670416237,6.935296550282277e-09,0.4992816704162441,2.6320519398807075e-09,0.0014041591461476227,9.805874310262393e-08,2.9238684013396224e-07
Random7632
Raw:1.0104241096782794e-05,2.122547334954209e-06,1.987322000788117e-05,0.499281670416237,6.9352965502821786e-09,0.4992816704162441,2.6320519398807075e-09,0.0014041591461476227,9.805874310262393e-08,2.9238684013396224e-07
EFT:1.0104241096782794e-05,2.122547334954209e-06,1.987322000788117e-05,0.499281670416237,6.935296550282277e-09,0.4992816704162441,2.6320519398807075e-09,0.0014041591461476227,9.805874310262393e-08,2.9238684013396224e-07
Random7633
Raw:1.0104241096782938e-05,2.122547334954239e-06,1.9873220007880885e-05,0.499281670416237,6.9352965502823754e-09,0.4992816704162441,2.63205193988082e-09,0.0014041591461476227,9.805874310262532e-08,2.9238684013396637e-07
EFT:1.0104241096782794e-05,2.122547334954209e-06,1.987322000788117e-05,0.499281670416237,6.935296550282277e-09,0.4992816704162441,2.6320519398807075e-09,0.0014041591461476227,9.805874310262393e-08,2.9238684013396224e-07
Random7634
Raw:1.0104241096782938e-05,2.122547334954239e-06,1.987322000788117e-05,0.499281670416237,6.935296550282277e-09,0.4992816704162441,2.632051939880745e-09,0.0014041591461476427,9.805874310262532e-08,2.9238684013396224e-07
EFT:1.0104241096782794e-05,2.122547334954209e-06,1.987322000788117e-05,0.499281670416237,6.935296550282277e-09,0.4992816704162441,2.6320519398807075e-09,0.0014041591461476227,9.805874310262393e-08,2.9238684013396224e-07
Random7635
Raw:1.0104241096782794e-05,2.1225473349541788e-06,1.9873220007880885e-05,0.499281670416237,6.9352965502821786e-09,0.4992816704162441,2.632051939880745e-09,0.0014041591461476026,9.805874310262254e-08,2.9238684013396224e-07
EFT:1.0104241096782794e-05,2.122547334954209e-06,1.987322000788117e-05,0.499281670416237,6.935296550282277e-09,0.4992816704162441,2.6320519398807075e-09,0.0014041591461476227,9.805874310262393e-08,2.9238684013396224e-07
Random7636
Raw:1.0104241096782794e-05,2.1225473349541788e-06,1.9873220007880885e-05,0.499281670416237,6.935296550282277e-09,0.4992816704162441,2.632051939880745e-09,0.0014041591461476026,9.805874310262254e-08,2.9238684013396224e-07
EFT:1.0104241096782794e-05,2.122547334954209e-06,1.987322000788117e-05,0.499281670416237,6.935296550282277e-09,0.4992816704162441,2.6320519398807075e-09,0.0014041591461476227,9.805874310262393e-08,2.9238684013396224e-07
Random7637
Raw:1.0104241096782938e-05,2.122547334954209e-06,1.987322000788117e-05,0.499281670416237,6.9352965502823754e-09,0.4992816704162441,2.6320519398807824e-09,0.0014041591461476227,9.805874310262532e-08,2.9238684013396637e-07
EFT:1.0104241096782794e-05,2.122547334954209e-06,1.987322000788117e-05,0.499281670416237,6.935296550282277e-09,0.4992816704162441,2.6320519398807075e-09,0.0014041591461476227,9.805874310262393e-08,2.9238684013396224e-07
Random7638
Raw:1.0104241096782938e-05,2.122547334954209e-06,1.987322000788117e-05,0.499281670416237,6.935296550282277e-09,0.4992816704162441,2.632051939880745e-09,0.0014041591461476427,9.805874310262393e-08,2.9238684013396224e-07
EFT:1.0104241096782794e-05,2.122547334954209e-06,1.987322000788117e-05,0.499281670416237,6.935296550282277e-09,0.4992816704162441,2.6320519398807075e-09,0.0014041591461476227,9.805874310262393e-08,2.9238684013396224e-07
Random7639
Raw:1.0104241096782794e-05,2.122547334954209e-06,1.987322000788117e-05,0.4992816704162441,6.935296550282277e-09,0.499281670416237,2.63205193988067e-09,0.0014041591461476227,9.805874310262393e-08,2.9238684013396224e-07
EFT:1.0104241096782794e-05,2.122547334954209e-06,1.987322000788117e-05,0.499281670416237,6.935296550282277e-09,0.4992816704162441,2.6320519398807075e-09,0.0014041591461476227,9.805874310262393e-08,2.9238684013396224e-07
Random7640
Raw:1.0104241096782867e-05,2.122547334954224e-06,1.987322000788131e-05,0.49928167041624055,6.935296550282326e-09,0.49928167041624055,2.6320519398807265e-09,0.0014041591461476327,9.805874310262602e-08,2.923868401339643e-07
EFT:1.0104241096782794e-05,2.122547334954209e-06,1.987322000788117e-05,0.499281670416237,6.935296550282277e-09,0.4992816704162441,2.6320519398807075e-09,0.0014041591461476227,9.805874310262393e-08,2.9238684013396224e-07
Random7641
Raw:1.0104241096782938e-05,2.122547334954209e-06,1.9873220007880885e-05,0.499281670416237,6.935296550282277e-09,0.4992816704162441,2.632051939880745e-09,0.0014041591461476227,9.805874310262393e-08,2.9238684013396224e-07
EFT:1.0104241096782794e-05,2.122547334954209e-06,1.987322000788117e-05,0.499281670416237,6.935296550282277e-09,0.4992816704162441,2.6320519398807075e-09,0.0014041591461476227,9.805874310262393e-08,2.9238684013396224e-07
Random7642
Raw:1.0104241096782938e-05,2.122547334954209e-06,1.987322000788117e-05,0.499281670416237,6.9352965502823754e-09,0.4992816704162441,2.6320519398807824e-09,0.0014041591461476227,9.805874310262532e-08,2.9238684013396637e-07
EFT:1.0104241096782794e-05,2.122547334954209e-06,1.987322000788117e-05,0.499281670416237,6.935296550282277e-09,0.4992816704162441,2.6320519398807075e-09,0.0014041591461476227,9.805874310262393e-08,2.9238684013396224e-07
Random7643
Raw:1.0104241096782938e-05,2.122547334954239e-06,1.987322000788145e-05,0.499281670416237,6.935296550282277e-09,0.4992816704162441,2.632051939880745e-09,0.0014041591461476427,9.805874310262393e-08,2.9238684013396637e-07
EFT:1.0104241096782794e-05,2.122547334954209e-06,1.987322000788117e-05,0.499281670416237,6.935296550282277e-09,0.4992816704162441,2.6320519398807075e-09,0.0014041591461476227,9.805874310262393e-08,2.9238684013396224e-07
Random7644
Raw:1.0104241096782867e-05,2.122547334954224e-06,1.9873220007881028e-05,0.49928167041624055,6.935296550282326e-09,0.49928167041624055,2.6320519398807265e-09,0.0014041591461476128,9.805874310262462e-08,2.923868401339643e-07
EFT:1.0104241096782794e-05,2.122547334954209e-06,1.987322000788117e-05,0.499281670416237,6.935296550282277e-09,0.4992816704162441,2.6320519398807075e-09,0.0014041591461476227,9.805874310262393e-08,2.9238684013396224e-07
Random7645
Raw:1.0104241096782867e-05,2.122547334954224e-06,1.987322000788131e-05,0.49928167041624055,6.935296550282326e-09,0.49928167041624055,2.6320519398807265e-09,0.0014041591461476128,9.805874310262462e-08,2.923868401339643e-07
EFT:1.0104241096782794e-05,2.122547334954209e-06,1.987322000788117e-05,0.499281670416237,6.935296550282277e-09,0.4992816704162441,2.6320519398807075e-09,0.0014041591461476227,9.805874310262393e-08,2.9238684013396224e-07
Random7646
Raw:1.0104241096782867e-05,2.122547334954224e-06,1.987322000788131e-05,0.49928167041624055,6.935296550282326e-09,0.49928167041624055,2.6320519398807265e-09,0.0014041591461476327,9.805874310262462e-08,2.923868401339643e-07
EFT:1.0104241096782794e-05,2.122547334954209e-06,1.987322000788117e-05,0.499281670416237,6.935296550282277e-09,0.4992816704162441,2.6320519398807075e-09,0.0014041591461476227,9.805874310262393e-08,2.9238684013396224e-07
Random7647
Raw:1.0104241096782938e-05,2.122547334954239e-06,1.9873220007880885e-05,0.499281670416237,6.935296550282277e-09,0.4992816704162441,2.632051939880745e-09,0.0014041591461476227,9.805874310262532e-08,2.9238684013396224e-07
EFT:1.0104241096782794e-05,2.122547334954209e-06,1.987322000788117e-05,0.499281670416237,6.935296550282277e-09,0.4992816704162441,2.6320519398807075e-09,0.0014041591461476227,9.805874310262393e-08,2.9238684013396224e-07
Random7648
Raw:1.0104241096782865e-05,2.122547334954194e-06,1.9873220007881028e-05,0.49928167041623345,6.935296550282228e-09,0.49928167041624766,2.632051939880726e-09,0.0014041591461476126,9.805874310262462e-08,2.9238684013396436e-07
EFT:1.0104241096782794e-05,2.122547334954209e-06,1.987322000788117e-05,0.499281670416237,6.935296550282277e-09,0.4992816704162441,2.6320519398807075e-09,0.0014041591461476227,9.805874310262393e-08,2.9238684013396224e-07
Random7649
Raw:1.0104241096782794e-05,2.122547334954209e-06,1.987322000788117e-05,0.499281670416237,6.935296550282277e-09,0.4992816704162441,2.6320519398807075e-09,0.0014041591461476227,9.805874310262393e-08,2.9238684013396224e-07
EFT:1.0104241096782794e-05,2.122547334954209e-06,1.987322000788117e-05,0.499281670416237,6.935296550282277e-09,0.4992816704162441,2.6320519398807075e-09,0.0014041591461476227,9.805874310262393e-08,2.9238684013396224e-07
Random7650
Raw:1.0104241096782867e-05,2.122547334954224e-06,1.987322000788131e-05,0.49928167041624055,6.935296550282326e-09,0.49928167041624055,2.6320519398807265e-09,0.0014041591461476327,9.805874310262462e-08,2.923868401339643e-07
EFT:1.0104241096782794e-05,2.122547334954209e-06,1.987322000788117e-05,0.499281670416237,6.935296550282277e-09,0.4992816704162441,2.6320519398807075e-09,0.0014041591461476227,9.805874310262393e-08,2.9238684013396224e-07
Random7651
Raw:1.0104241096782723e-05,2.122547334954194e-06,1.9873220007881028e-05,0.49928167041624055,6.935296550282228e-09,0.49928167041624055,2.6320519398806513e-09,0.0014041591461476128,9.805874310262323e-08,2.923868401339602e-07
EFT:1.0104241096782794e-05,2.122547334954209e-06,1.987322000788117e-05,0.499281670416237,6.935296550282277e-09,0.4992816704162441,2.6320519398807075e-09,0.0014041591461476227,9.805874310262393e-08,2.9238684013396224e-07
Random7652
Raw:1.0104241096782867e-05,2.122547334954194e-06,1.9873220007881028e-05,0.49928167041624055,6.935296550282228e-09,0.49928167041624055,2.632051939880689e-09,0.0014041591461476128,9.805874310262462e-08,2.923868401339602e-07
EFT:1.0104241096782794e-05,2.122547334954209e-06,1.987322000788117e-05,0.499281670416237,6.935296550282277e-09,0.4992816704162441,2.6320519398807075e-09,0.0014041591461476227,9.805874310262393e-08,2.9238684013396224e-07
Random7653
Raw:1.0104241096783009e-05,2.122547334954224e-06,1.987322000788131e-05,0.49928167041623345,6.935296550282424e-09,0.49928167041624766,2.6320519398807638e-09,0.0014041591461476327,9.805874310262601e-08,2.923868401339685e-07
EFT:1.0104241096782794e-05,2.122547334954209e-06,1.987322000788117e-05,0.499281670416237,6.935296550282277e-09,0.4992816704162441,2.6320519398807075e-09,0.0014041591461476227,9.805874310262393e-08,2.9238684013396224e-07
Random7654
Raw:1.0104241096783009e-05,2.122547334954224e-06,1.987322000788131e-05,0.49928167041623345,6.935296550282327e-09,0.49928167041624766,2.6320519398807638e-09,0.0014041591461476327,9.805874310262462e-08,2.923868401339685e-07
EFT:1.0104241096782794e-05,2.122547334954209e-06,1.987322000788117e-05,0.499281670416237,6.935296550282277e-09,0.4992816704162441,2.6320519398807075e-09,0.0014041591461476227,9.805874310262393e-08,2.9238684013396224e-07
Random7655
Raw:1.0104241096782938e-05,2.122547334954209e-06,1.987322000788117e-05,0.499281670416237,6.9352965502823754e-09,0.4992816704162441,2.632051939880745e-09,0.0014041591461476227,9.805874310262532e-08,2.9238684013396637e-07
EFT:1.0104241096782794e-05,2.122547334954209e-06,1.987322000788117e-05,0.499281670416237,6.935296550282277e-09,0.4992816704162441,2.6320519398807075e-09,0.0014041591461476227,9.805874310262393e-08,2.9238684013396224e-07
Random7656
Raw:1.0104241096782867e-05,2.122547334954224e-06,1.9873220007881028e-05,0.49928167041624055,6.935296550282326e-09,0.49928167041624055,2.6320519398807265e-09,0.0014041591461476128,9.805874310262462e-08,2.923868401339643e-07
EFT:1.0104241096782794e-05,2.122547334954209e-06,1.987322000788117e-05,0.499281670416237,6.935296550282277e-09,0.4992816704162441,2.6320519398807075e-09,0.0014041591461476227,9.805874310262393e-08,2.9238684013396224e-07
Random7657
Raw:1.0104241096782938e-05,2.122547334954209e-06,1.987322000788117e-05,0.499281670416237,6.9352965502823754e-09,0.4992816704162441,2.6320519398807824e-09,0.0014041591461476227,9.805874310262532e-08,2.9238684013396637e-07
EFT:1.0104241096782794e-05,2.122547334954209e-06,1.987322000788117e-05,0.499281670416237,6.935296550282277e-09,0.4992816704162441,2.6320519398807075e-09,0.0014041591461476227,9.805874310262393e-08,2.9238684013396224e-07
Random7658
Raw:1.0104241096783009e-05,2.122547334954224e-06,1.987322000788131e-05,0.49928167041623345,6.935296550282327e-09,0.49928167041624766,2.6320519398807638e-09,0.0014041591461476327,9.805874310262601e-08,2.9238684013396436e-07
EFT:1.0104241096782794e-05,2.122547334954209e-06,1.987322000788117e-05,0.499281670416237,6.935296550282277e-09,0.4992816704162441,2.6320519398807075e-09,0.0014041591461476227,9.805874310262393e-08,2.9238684013396224e-07
Random7659
Raw:1.0104241096782938e-05,2.122547334954239e-06,1.987322000788145e-05,0.499281670416237,6.935296550282277e-09,0.4992816704162441,2.632051939880745e-09,0.0014041591461476227,9.805874310262532e-08,2.9238684013396224e-07
EFT:1.0104241096782794e-05,2.122547334954209e-06,1.987322000788117e-05,0.499281670416237,6.935296550282277e-09,0.4992816704162441,2.6320519398807075e-09,0.0014041591461476227,9.805874310262393e-08,2.9238684013396224e-07
Random7660
Raw:1.0104241096783009e-05,2.122547334954224e-06,1.987322000788131e-05,0.49928167041623345,6.935296550282327e-09,0.49928167041624766,2.6320519398807638e-09,0.0014041591461476327,9.805874310262462e-08,2.923868401339685e-07
EFT:1.0104241096782794e-05,2.122547334954209e-06,1.987322000788117e-05,0.499281670416237,6.935296550282277e-09,0.4992816704162441,2.6320519398807075e-09,0.0014041591461476227,9.805874310262393e-08,2.9238684013396224e-07
Random7661
Raw:1.0104241096782938e-05,2.122547334954239e-06,1.987322000788145e-05,0.499281670416237,6.935296550282277e-09,0.4992816704162441,2.632051939880745e-09,0.0014041591461476427,9.805874310262393e-08,2.9238684013396637e-07
EFT:1.0104241096782794e-05,2.122547334954209e-06,1.987322000788117e-05,0.499281670416237,6.935296550282277e-09,0.4992816704162441,2.6320519398807075e-09,0.0014041591461476227,9.805874310262393e-08,2.9238684013396224e-07
Random7662
Raw:1.0104241096782938e-05,2.122547334954209e-06,1.987322000788117e-05,0.499281670416237,6.9352965502823754e-09,0.4992816704162441,2.632051939880745e-09,0.0014041591461476227,9.805874310262532e-08,2.9238684013396637e-07
EFT:1.0104241096782794e-05,2.122547334954209e-06,1.987322000788117e-05,0.499281670416237,6.935296550282277e-09,0.4992816704162441,2.6320519398807075e-09,0.0014041591461476227,9.805874310262393e-08,2.9238684013396224e-07
Random7663
Raw:1.0104241096782794e-05,2.122547334954209e-06,1.9873220007880885e-05,0.499281670416237,6.9352965502821786e-09,0.4992816704162441,2.6320519398807075e-09,0.0014041591461476026,9.805874310262393e-08,2.9238684013396224e-07
EFT:1.0104241096782794e-05,2.122547334954209e-06,1.987322000788117e-05,0.499281670416237,6.935296550282277e-09,0.4992816704162441,2.6320519398807075e-09,0.0014041591461476227,9.805874310262393e-08,2.9238684013396224e-07
Random7664
Raw:1.0104241096782794e-05,2.122547334954209e-06,1.987322000788117e-05,0.499281670416237,6.935296550282277e-09,0.4992816704162441,2.6320519398807075e-09,0.0014041591461476026,9.805874310262393e-08,2.9238684013396224e-07
EFT:1.0104241096782794e-05,2.122547334954209e-06,1.987322000788117e-05,0.499281670416237,6.935296550282277e-09,0.4992816704162441,2.6320519398807075e-09,0.0014041591461476227,9.805874310262393e-08,2.9238684013396224e-07
Random7665
Raw:1.0104241096782865e-05,2.122547334954194e-06,1.9873220007881028e-05,0.49928167041623345,6.935296550282228e-09,0.49928167041624766,2.632051939880726e-09,0.0014041591461476126,9.805874310262462e-08,2.9238684013396436e-07
EFT:1.0104241096782794e-05,2.122547334954209e-06,1.987322000788117e-05,0.499281670416237,6.935296550282277e-09,0.4992816704162441,2.6320519398807075e-09,0.0014041591461476227,9.805874310262393e-08,2.9238684013396224e-07
Random7666
Raw:1.0104241096782867e-05,2.122547334954224e-06,1.987322000788131e-05,0.49928167041624055,6.935296550282326e-09,0.49928167041624055,2.6320519398807265e-09,0.0014041591461476327,9.805874310262462e-08,2.923868401339643e-07
EFT:1.0104241096782794e-05,2.122547334954209e-06,1.987322000788117e-05,0.499281670416237,6.935296550282277e-09,0.4992816704162441,2.6320519398807075e-09,0.0014041591461476227,9.805874310262393e-08,2.9238684013396224e-07
Random7667
Raw:1.0104241096783082e-05,2.122547334954239e-06,1.9873220007881167e-05,0.4992816704162299,6.9352965502823754e-09,0.49928167041625116,2.6320519398808196e-09,0.0014041591461476225,9.805874310262671e-08,2.923868401339664e-07
EFT:1.0104241096782794e-05,2.122547334954209e-06,1.987322000788117e-05,0.499281670416237,6.935296550282277e-09,0.4992816704162441,2.6320519398807075e-09,0.0014041591461476227,9.805874310262393e-08,2.9238684013396224e-07
Random7668
Raw:1.0104241096782794e-05,2.122547334954209e-06,1.987322000788117e-05,0.499281670416237,6.935296550282277e-09,0.4992816704162441,2.6320519398807075e-09,0.0014041591461476227,9.805874310262393e-08,2.9238684013396224e-07
EFT:1.0104241096782794e-05,2.122547334954209e-06,1.987322000788117e-05,0.499281670416237,6.935296550282277e-09,0.4992816704162441,2.6320519398807075e-09,0.0014041591461476227,9.805874310262393e-08,2.9238684013396224e-07
Random7669
Raw:1.0104241096782794e-05,2.122547334954209e-06,1.9873220007880885e-05,0.499281670416237,6.935296550282277e-09,0.4992816704162441,2.632051939880745e-09,0.0014041591461476227,9.805874310262254e-08,2.9238684013396224e-07
EFT:1.0104241096782794e-05,2.122547334954209e-06,1.987322000788117e-05,0.499281670416237,6.935296550282277e-09,0.4992816704162441,2.6320519398807075e-09,0.0014041591461476227,9.805874310262393e-08,2.9238684013396224e-07
Random7670
Raw:1.0104241096782938e-05,2.122547334954239e-06,1.987322000788145e-05,0.499281670416237,6.935296550282277e-09,0.4992816704162441,2.632051939880745e-09,0.0014041591461476427,9.805874310262393e-08,2.9238684013396637e-07
EFT:1.0104241096782794e-05,2.122547334954209e-06,1.987322000788117e-05,0.499281670416237,6.935296550282277e-09,0.4992816704162441,2.6320519398807075e-09,0.0014041591461476227,9.805874310262393e-08,2.9238684013396224e-07
Random7671
Raw:1.0104241096782938e-05,2.122547334954239e-06,1.987322000788117e-05,0.499281670416237,6.935296550282277e-09,0.4992816704162441,2.632051939880745e-09,0.0014041591461476227,9.805874310262532e-08,2.9238684013396224e-07
EFT:1.0104241096782794e-05,2.122547334954209e-06,1.987322000788117e-05,0.499281670416237,6.935296550282277e-09,0.4992816704162441,2.6320519398807075e-09,0.0014041591461476227,9.805874310262393e-08,2.9238684013396224e-07
Random7672
Raw:1.0104241096782938e-05,2.122547334954209e-06,1.9873220007880885e-05,0.499281670416237,6.935296550282277e-09,0.4992816704162441,2.632051939880745e-09,0.0014041591461476227,9.805874310262532e-08,2.9238684013396224e-07
EFT:1.0104241096782794e-05,2.122547334954209e-06,1.987322000788117e-05,0.499281670416237,6.935296550282277e-09,0.4992816704162441,2.6320519398807075e-09,0.0014041591461476227,9.805874310262393e-08,2.9238684013396224e-07
Random7673
Raw:1.0104241096782794e-05,2.122547334954209e-06,1.9873220007880885e-05,0.499281670416237,6.935296550282277e-09,0.4992816704162441,2.6320519398807075e-09,0.0014041591461476026,9.805874310262393e-08,2.9238684013396224e-07
EFT:1.0104241096782794e-05,2.122547334954209e-06,1.987322000788117e-05,0.499281670416237,6.935296550282277e-09,0.4992816704162441,2.6320519398807075e-09,0.0014041591461476227,9.805874310262393e-08,2.9238684013396224e-07
Random7674
Raw:1.0104241096782867e-05,2.122547334954224e-06,1.987322000788131e-05,0.49928167041624055,6.935296550282326e-09,0.49928167041624055,2.6320519398807265e-09,0.0014041591461476327,9.805874310262323e-08,2.923868401339643e-07
EFT:1.0104241096782794e-05,2.122547334954209e-06,1.987322000788117e-05,0.499281670416237,6.935296550282277e-09,0.4992816704162441,2.6320519398807075e-09,0.0014041591461476227,9.805874310262393e-08,2.9238684013396224e-07
Random7675
Raw:1.0104241096782938e-05,2.122547334954209e-06,1.987322000788117e-05,0.499281670416237,6.9352965502823754e-09,0.4992816704162441,2.6320519398807824e-09,0.0014041591461476227,9.805874310262532e-08,2.9238684013396637e-07
EFT:1.0104241096782794e-05,2.122547334954209e-06,1.987322000788117e-05,0.499281670416237,6.935296550282277e-09,0.4992816704162441,2.6320519398807075e-09,0.0014041591461476227,9.805874310262393e-08,2.9238684013396224e-07
Random7676
Raw:1.0104241096783009e-05,2.122547334954224e-06,1.987322000788131e-05,0.49928167041623345,6.935296550282327e-09,0.49928167041624766,2.6320519398807638e-09,0.0014041591461476327,9.805874310262462e-08,2.923868401339685e-07
EFT:1.0104241096782794e-05,2.122547334954209e-06,1.987322000788117e-05,0.499281670416237,6.935296550282277e-09,0.4992816704162441,2.6320519398807075e-09,0.0014041591461476227,9.805874310262393e-08,2.9238684013396224e-07
Random7677
Raw:1.0104241096782938e-05,2.122547334954209e-06,1.987322000788117e-05,0.499281670416237,6.935296550282277e-09,0.4992816704162441,2.632051939880745e-09,0.0014041591461476227,9.805874310262532e-08,2.9238684013396224e-07
EFT:1.0104241096782794e-05,2.122547334954209e-06,1.987322000788117e-05,0.499281670416237,6.935296550282277e-09,0.4992816704162441,2.6320519398807075e-09,0.0014041591461476227,9.805874310262393e-08,2.9238684013396224e-07
Random7678
Raw:1.0104241096782794e-05,2.122547334954209e-06,1.987322000788117e-05,0.499281670416237,6.935296550282277e-09,0.4992816704162441,2.6320519398807075e-09,0.0014041591461476227,9.805874310262393e-08,2.9238684013396224e-07
EFT:1.0104241096782794e-05,2.122547334954209e-06,1.987322000788117e-05,0.499281670416237,6.935296550282277e-09,0.4992816704162441,2.6320519398807075e-09,0.0014041591461476227,9.805874310262393e-08,2.9238684013396224e-07
Random7679
Raw:1.0104241096782938e-05,2.122547334954209e-06,1.987322000788117e-05,0.499281670416237,6.935296550282277e-09,0.4992816704162441,2.632051939880745e-09,0.0014041591461476227,9.805874310262532e-08,2.9238684013396224e-07
EFT:1.0104241096782794e-05,2.122547334954209e-06,1.987322000788117e-05,0.499281670416237,6.935296550282277e-09,0.4992816704162441,2.6320519398807075e-09,0.0014041591461476227,9.805874310262393e-08,2.9238684013396224e-07
Random7680
Raw:1.0104241096782938e-05,2.122547334954209e-06,1.987322000788117e-05,0.499281670416237,6.9352965502823754e-09,0.4992816704162441,2.632051939880745e-09,0.0014041591461476227,9.805874310262532e-08,2.9238684013396637e-07
EFT:1.0104241096782794e-05,2.122547334954209e-06,1.987322000788117e-05,0.499281670416237,6.935296550282277e-09,0.4992816704162441,2.6320519398807075e-09,0.0014041591461476227,9.805874310262393e-08,2.9238684013396224e-07
Random7681
Raw:1.0104241096782794e-05,2.122547334954209e-06,1.987322000788117e-05,0.499281670416237,6.935296550282277e-09,0.4992816704162441,2.6320519398807075e-09,0.0014041591461476026,9.805874310262393e-08,2.9238684013396224e-07
EFT:1.0104241096782794e-05,2.122547334954209e-06,1.987322000788117e-05,0.499281670416237,6.935296550282277e-09,0.4992816704162441,2.6320519398807075e-09,0.0014041591461476227,9.805874310262393e-08,2.9238684013396224e-07
Random7682
Raw:1.0104241096782867e-05,2.122547334954224e-06,1.9873220007881028e-05,0.49928167041624055,6.935296550282326e-09,0.49928167041624055,2.6320519398807265e-09,0.0014041591461476327,9.805874310262602e-08,2.923868401339643e-07
EFT:1.0104241096782794e-05,2.122547334954209e-06,1.987322000788117e-05,0.499281670416237,6.935296550282277e-09,0.4992816704162441,2.6320519398807075e-09,0.0014041591461476227,9.805874310262393e-08,2.9238684013396224e-07
Random7683
Raw:1.0104241096782723e-05,2.122547334954194e-06,1.9873220007881028e-05,0.49928167041624055,6.93529655028213e-09,0.49928167041624055,2.632051939880689e-09,0.0014041591461476128,9.805874310262184e-08,2.923868401339602e-07
EFT:1.0104241096782794e-05,2.122547334954209e-06,1.987322000788117e-05,0.499281670416237,6.935296550282277e-09,0.4992816704162441,2.6320519398807075e-09,0.0014041591461476227,9.805874310262393e-08,2.9238684013396224e-07
Random7684
Raw:1.0104241096782938e-05,2.122547334954209e-06,1.987322000788117e-05,0.499281670416237,6.9352965502823754e-09,0.4992816704162441,2.632051939880745e-09,0.0014041591461476227,9.805874310262393e-08,2.9238684013396637e-07
EFT:1.0104241096782794e-05,2.122547334954209e-06,1.987322000788117e-05,0.499281670416237,6.935296550282277e-09,0.4992816704162441,2.6320519398807075e-09,0.0014041591461476227,9.805874310262393e-08,2.9238684013396224e-07
Random7685
Raw:1.0104241096782867e-05,2.122547334954194e-06,1.9873220007881028e-05,0.49928167041624055,6.935296550282326e-09,0.49928167041624055,2.6320519398807265e-09,0.0014041591461476128,9.805874310262323e-08,2.923868401339643e-07
EFT:1.0104241096782794e-05,2.122547334954209e-06,1.987322000788117e-05,0.499281670416237,6.935296550282277e-09,0.4992816704162441,2.6320519398807075e-09,0.0014041591461476227,9.805874310262393e-08,2.9238684013396224e-07
Random7686
Raw:1.0104241096782938e-05,2.122547334954239e-06,1.987322000788117e-05,0.499281670416237,6.935296550282277e-09,0.4992816704162441,2.632051939880745e-09,0.0014041591461476427,9.805874310262393e-08,2.9238684013396637e-07
EFT:1.0104241096782794e-05,2.122547334954209e-06,1.987322000788117e-05,0.499281670416237,6.935296550282277e-09,0.4992816704162441,2.6320519398807075e-09,0.0014041591461476227,9.805874310262393e-08,2.9238684013396224e-07
Random7687
Raw:1.0104241096782867e-05,2.1225473349542546e-06,1.987322000788131e-05,0.49928167041624055,6.935296550282326e-09,0.49928167041624055,2.6320519398807638e-09,0.0014041591461476128,9.805874310262462e-08,2.923868401339643e-07
EFT:1.0104241096782794e-05,2.122547334954209e-06,1.987322000788117e-05,0.499281670416237,6.935296550282277e-09,0.4992816704162441,2.6320519398807075e-09,0.0014041591461476227,9.805874310262393e-08,2.9238684013396224e-07
Random7688
Raw:1.0104241096782794e-05,2.122547334954209e-06,1.987322000788117e-05,0.499281670416237,6.9352965502821786e-09,0.4992816704162441,2.6320519398807075e-09,0.0014041591461476227,9.805874310262393e-08,2.9238684013396224e-07
EFT:1.0104241096782794e-05,2.122547334954209e-06,1.987322000788117e-05,0.499281670416237,6.935296550282277e-09,0.4992816704162441,2.6320519398807075e-09,0.0014041591461476227,9.805874310262393e-08,2.9238684013396224e-07
Random7689
Raw:1.0104241096782938e-05,2.122547334954209e-06,1.9873220007880885e-05,0.499281670416237,6.935296550282277e-09,0.4992816704162441,2.632051939880745e-09,0.0014041591461476227,9.805874310262532e-08,2.9238684013396224e-07
EFT:1.0104241096782794e-05,2.122547334954209e-06,1.987322000788117e-05,0.499281670416237,6.935296550282277e-09,0.4992816704162441,2.6320519398807075e-09,0.0014041591461476227,9.805874310262393e-08,2.9238684013396224e-07
Random7690
Raw:1.0104241096782938e-05,2.122547334954209e-06,1.987322000788117e-05,0.499281670416237,6.935296550282277e-09,0.4992816704162441,2.632051939880745e-09,0.0014041591461476427,9.805874310262393e-08,2.9238684013396224e-07
EFT:1.0104241096782794e-05,2.122547334954209e-06,1.987322000788117e-05,0.499281670416237,6.935296550282277e-09,0.4992816704162441,2.6320519398807075e-09,0.0014041591461476227,9.805874310262393e-08,2.9238684013396224e-07
Random7691
Raw:1.0104241096782938e-05,2.122547334954209e-06,1.987322000788117e-05,0.499281670416237,6.9352965502823754e-09,0.4992816704162441,2.632051939880745e-09,0.0014041591461476227,9.805874310262532e-08,2.9238684013396637e-07
EFT:1.0104241096782794e-05,2.122547334954209e-06,1.987322000788117e-05,0.499281670416237,6.935296550282277e-09,0.4992816704162441,2.6320519398807075e-09,0.0014041591461476227,9.805874310262393e-08,2.9238684013396224e-07
Random7692
Raw:1.0104241096782867e-05,2.122547334954194e-06,1.9873220007881028e-05,0.49928167041624055,6.935296550282228e-09,0.49928167041624055,2.632051939880689e-09,0.0014041591461476327,9.805874310262323e-08,2.923868401339602e-07
EFT:1.0104241096782794e-05,2.122547334954209e-06,1.987322000788117e-05,0.499281670416237,6.935296550282277e-09,0.4992816704162441,2.6320519398807075e-09,0.0014041591461476227,9.805874310262393e-08,2.9238684013396224e-07
Random7693
Raw:1.0104241096782938e-05,2.122547334954239e-06,1.987322000788145e-05,0.499281670416237,6.935296550282277e-09,0.4992816704162441,2.632051939880745e-09,0.0014041591461476427,9.805874310262393e-08,2.9238684013396637e-07
EFT:1.0104241096782794e-05,2.122547334954209e-06,1.987322000788117e-05,0.499281670416237,6.935296550282277e-09,0.4992816704162441,2.6320519398807075e-09,0.0014041591461476227,9.805874310262393e-08,2.9238684013396224e-07
Random7694
Raw:1.0104241096782865e-05,2.122547334954194e-06,1.9873220007881028e-05,0.49928167041623345,6.935296550282228e-09,0.49928167041624766,2.632051939880726e-09,0.0014041591461476126,9.805874310262462e-08,2.9238684013396436e-07
EFT:1.0104241096782794e-05,2.122547334954209e-06,1.987322000788117e-05,0.499281670416237,6.935296550282277e-09,0.4992816704162441,2.6320519398807075e-09,0.0014041591461476227,9.805874310262393e-08,2.9238684013396224e-07
Random7695
Raw:1.0104241096782867e-05,2.122547334954194e-06,1.9873220007881028e-05,0.49928167041624055,6.935296550282228e-09,0.49928167041624055,2.632051939880689e-09,0.0014041591461476327,9.805874310262323e-08,2.923868401339602e-07
EFT:1.0104241096782794e-05,2.122547334954209e-06,1.987322000788117e-05,0.499281670416237,6.935296550282277e-09,0.4992816704162441,2.6320519398807075e-09,0.0014041591461476227,9.805874310262393e-08,2.9238684013396224e-07
Random7696
Raw:1.0104241096782938e-05,2.122547334954239e-06,1.987322000788145e-05,0.499281670416237,6.935296550282277e-09,0.4992816704162441,2.632051939880745e-09,0.0014041591461476427,9.805874310262393e-08,2.9238684013396637e-07
EFT:1.0104241096782794e-05,2.122547334954209e-06,1.987322000788117e-05,0.499281670416237,6.935296550282277e-09,0.4992816704162441,2.6320519398807075e-09,0.0014041591461476227,9.805874310262393e-08,2.9238684013396224e-07
Random7697
Raw:1.0104241096782867e-05,2.122547334954224e-06,1.987322000788131e-05,0.49928167041624055,6.935296550282326e-09,0.49928167041624055,2.6320519398807265e-09,0.0014041591461476327,9.805874310262462e-08,2.923868401339643e-07
EFT:1.0104241096782794e-05,2.122547334954209e-06,1.987322000788117e-05,0.499281670416237,6.935296550282277e-09,0.4992816704162441,2.6320519398807075e-09,0.0014041591461476227,9.805874310262393e-08,2.9238684013396224e-07
Random7698
Raw:1.0104241096782867e-05,2.122547334954224e-06,1.987322000788131e-05,0.49928167041624055,6.935296550282326e-09,0.49928167041624055,2.6320519398807265e-09,0.0014041591461476327,9.805874310262462e-08,2.923868401339643e-07
EFT:1.0104241096782794e-05,2.122547334954209e-06,1.987322000788117e-05,0.499281670416237,6.935296550282277e-09,0.4992816704162441,2.6320519398807075e-09,0.0014041591461476227,9.805874310262393e-08,2.9238684013396224e-07
Random7699
Raw:1.0104241096782938e-05,2.122547334954239e-06,1.987322000788117e-05,0.499281670416237,6.935296550282277e-09,0.4992816704162441,2.632051939880745e-09,0.0014041591461476427,9.805874310262393e-08,2.9238684013396637e-07
EFT:1.0104241096782794e-05,2.122547334954209e-06,1.987322000788117e-05,0.499281670416237,6.935296550282277e-09,0.4992816704162441,2.6320519398807075e-09,0.0014041591461476227,9.805874310262393e-08,2.9238684013396224e-07
Random7700
Raw:1.0104241096782938e-05,2.122547334954209e-06,1.987322000788117e-05,0.499281670416237,6.935296550282277e-09,0.4992816704162441,2.632051939880745e-09,0.0014041591461476227,9.805874310262532e-08,2.9238684013396224e-07
EFT:1.0104241096782794e-05,2.122547334954209e-06,1.987322000788117e-05,0.499281670416237,6.935296550282277e-09,0.4992816704162441,2.6320519398807075e-09,0.0014041591461476227,9.805874310262393e-08,2.9238684013396224e-07
Random7701
Raw:1.0104241096782794e-05,2.122547334954209e-06,1.987322000788117e-05,0.499281670416237,6.935296550282277e-09,0.4992816704162441,2.6320519398807075e-09,0.0014041591461476026,9.805874310262393e-08,2.9238684013396224e-07
EFT:1.0104241096782794e-05,2.122547334954209e-06,1.987322000788117e-05,0.499281670416237,6.935296550282277e-09,0.4992816704162441,2.6320519398807075e-09,0.0014041591461476227,9.805874310262393e-08,2.9238684013396224e-07
Random7702
Raw:1.0104241096782938e-05,2.122547334954209e-06,1.9873220007880885e-05,0.499281670416237,6.935296550282277e-09,0.4992816704162441,2.632051939880745e-09,0.0014041591461476227,9.805874310262532e-08,2.9238684013396224e-07
EFT:1.0104241096782794e-05,2.122547334954209e-06,1.987322000788117e-05,0.499281670416237,6.935296550282277e-09,0.4992816704162441,2.6320519398807075e-09,0.0014041591461476227,9.805874310262393e-08,2.9238684013396224e-07
Random7703
Raw:1.0104241096782938e-05,2.122547334954209e-06,1.9873220007880885e-05,0.499281670416237,6.935296550282277e-09,0.4992816704162441,2.632051939880745e-09,0.0014041591461476227,9.805874310262532e-08,2.9238684013396224e-07
EFT:1.0104241096782794e-05,2.122547334954209e-06,1.987322000788117e-05,0.499281670416237,6.935296550282277e-09,0.4992816704162441,2.6320519398807075e-09,0.0014041591461476227,9.805874310262393e-08,2.9238684013396224e-07
Random7704
Raw:1.0104241096782867e-05,2.122547334954224e-06,1.9873220007881028e-05,0.49928167041624055,6.935296550282326e-09,0.49928167041624055,2.6320519398807265e-09,0.0014041591461476327,9.805874310262323e-08,2.923868401339643e-07
EFT:1.0104241096782794e-05,2.122547334954209e-06,1.987322000788117e-05,0.499281670416237,6.935296550282277e-09,0.4992816704162441,2.6320519398807075e-09,0.0014041591461476227,9.805874310262393e-08,2.9238684013396224e-07
Random7705
Raw:1.0104241096783009e-05,2.122547334954224e-06,1.987322000788131e-05,0.49928167041623345,6.935296550282327e-09,0.49928167041624766,2.6320519398807638e-09,0.0014041591461476327,9.805874310262462e-08,2.923868401339685e-07
EFT:1.0104241096782794e-05,2.122547334954209e-06,1.987322000788117e-05,0.499281670416237,6.935296550282277e-09,0.4992816704162441,2.6320519398807075e-09,0.0014041591461476227,9.805874310262393e-08,2.9238684013396224e-07
Random7706
Raw:1.0104241096782867e-05,2.122547334954224e-06,1.987322000788131e-05,0.49928167041624055,6.935296550282228e-09,0.49928167041624055,2.632051939880689e-09,0.0014041591461476327,9.805874310262462e-08,2.923868401339602e-07
EFT:1.0104241096782794e-05,2.122547334954209e-06,1.987322000788117e-05,0.499281670416237,6.935296550282277e-09,0.4992816704162441,2.6320519398807075e-09,0.0014041591461476227,9.805874310262393e-08,2.9238684013396224e-07
Random7707
Raw:1.0104241096782938e-05,2.122547334954209e-06,1.987322000788117e-05,0.499281670416237,6.9352965502823754e-09,0.4992816704162441,2.632051939880745e-09,0.0014041591461476227,9.805874310262393e-08,2.9238684013396637e-07
EFT:1.0104241096782794e-05,2.122547334954209e-06,1.987322000788117e-05,0.499281670416237,6.935296550282277e-09,0.4992816704162441,2.6320519398807075e-09,0.0014041591461476227,9.805874310262393e-08,2.9238684013396224e-07
Random7708
Raw:1.0104241096782865e-05,2.122547334954194e-06,1.9873220007881028e-05,0.49928167041623345,6.935296550282327e-09,0.49928167041624766,2.632051939880726e-09,0.0014041591461476126,9.805874310262462e-08,2.9238684013396436e-07
EFT:1.0104241096782794e-05,2.122547334954209e-06,1.987322000788117e-05,0.499281670416237,6.935296550282277e-09,0.4992816704162441,2.6320519398807075e-09,0.0014041591461476227,9.805874310262393e-08,2.9238684013396224e-07
Random7709
Raw:1.0104241096782867e-05,2.122547334954224e-06,1.987322000788131e-05,0.49928167041624055,6.935296550282326e-09,0.49928167041624055,2.6320519398807265e-09,0.0014041591461476327,9.805874310262323e-08,2.923868401339643e-07
EFT:1.0104241096782794e-05,2.122547334954209e-06,1.987322000788117e-05,0.499281670416237,6.935296550282277e-09,0.4992816704162441,2.6320519398807075e-09,0.0014041591461476227,9.805874310262393e-08,2.9238684013396224e-07
Random7710
Raw:1.0104241096782794e-05,2.122547334954209e-06,1.987322000788117e-05,0.4992816704162441,6.935296550282277e-09,0.499281670416237,2.63205193988067e-09,0.0014041591461476227,9.805874310262254e-08,2.9238684013396224e-07
EFT:1.0104241096782794e-05,2.122547334954209e-06,1.987322000788117e-05,0.499281670416237,6.935296550282277e-09,0.4992816704162441,2.6320519398807075e-09,0.0014041591461476227,9.805874310262393e-08,2.9238684013396224e-07
Random7711
Raw:1.0104241096782794e-05,2.122547334954209e-06,1.987322000788117e-05,0.499281670416237,6.935296550282277e-09,0.4992816704162441,2.6320519398807075e-09,0.0014041591461476227,9.805874310262393e-08,2.9238684013396224e-07
EFT:1.0104241096782794e-05,2.122547334954209e-06,1.987322000788117e-05,0.499281670416237,6.935296550282277e-09,0.4992816704162441,2.6320519398807075e-09,0.0014041591461476227,9.805874310262393e-08,2.9238684013396224e-07
Random7712
Raw:1.0104241096783009e-05,2.122547334954224e-06,1.9873220007881028e-05,0.49928167041623345,6.935296550282327e-09,0.49928167041624766,2.6320519398807638e-09,0.0014041591461476327,9.805874310262601e-08,2.9238684013396436e-07
EFT:1.0104241096782794e-05,2.122547334954209e-06,1.987322000788117e-05,0.499281670416237,6.935296550282277e-09,0.4992816704162441,2.6320519398807075e-09,0.0014041591461476227,9.805874310262393e-08,2.9238684013396224e-07
Random7713
Raw:1.0104241096782938e-05,2.1225473349541788e-06,1.9873220007880885e-05,0.499281670416237,6.935296550282277e-09,0.4992816704162441,2.632051939880745e-09,0.0014041591461476026,9.805874310262532e-08,2.9238684013396224e-07
EFT:1.0104241096782794e-05,2.122547334954209e-06,1.987322000788117e-05,0.499281670416237,6.935296550282277e-09,0.4992816704162441,2.6320519398807075e-09,0.0014041591461476227,9.805874310262393e-08,2.9238684013396224e-07
Random7714
Raw:1.0104241096782794e-05,2.122547334954209e-06,1.987322000788117e-05,0.499281670416237,6.935296550282277e-09,0.4992816704162441,2.6320519398807075e-09,0.0014041591461476026,9.805874310262393e-08,2.9238684013396224e-07
EFT:1.0104241096782794e-05,2.122547334954209e-06,1.987322000788117e-05,0.499281670416237,6.935296550282277e-09,0.4992816704162441,2.6320519398807075e-09,0.0014041591461476227,9.805874310262393e-08,2.9238684013396224e-07
Random7715
Raw:1.0104241096782938e-05,2.122547334954209e-06,1.987322000788117e-05,0.499281670416237,6.935296550282277e-09,0.4992816704162441,2.632051939880745e-09,0.0014041591461476427,9.805874310262393e-08,2.9238684013396224e-07
EFT:1.0104241096782794e-05,2.122547334954209e-06,1.987322000788117e-05,0.499281670416237,6.935296550282277e-09,0.4992816704162441,2.6320519398807075e-09,0.0014041591461476227,9.805874310262393e-08,2.9238684013396224e-07
Random7716
Raw:1.0104241096782938e-05,2.122547334954239e-06,1.987322000788117e-05,0.4992816704162441,6.9352965502823754e-09,0.499281670416237,2.632051939880745e-09,0.0014041591461476227,9.805874310262532e-08,2.9238684013396637e-07
EFT:1.0104241096782794e-05,2.122547334954209e-06,1.987322000788117e-05,0.499281670416237,6.935296550282277e-09,0.4992816704162441,2.6320519398807075e-09,0.0014041591461476227,9.805874310262393e-08,2.9238684013396224e-07
Random7717
Raw:1.0104241096782867e-05,2.122547334954194e-06,1.9873220007881028e-05,0.49928167041624055,6.935296550282228e-09,0.49928167041624055,2.632051939880689e-09,0.0014041591461476128,9.805874310262462e-08,2.923868401339602e-07
EFT:1.0104241096782794e-05,2.122547334954209e-06,1.987322000788117e-05,0.499281670416237,6.935296550282277e-09,0.4992816704162441,2.6320519398807075e-09,0.0014041591461476227,9.805874310262393e-08,2.9238684013396224e-07
Random7718
Raw:1.0104241096782865e-05,2.122547334954194e-06,1.9873220007881028e-05,0.49928167041623345,6.935296550282327e-09,0.49928167041624766,2.632051939880726e-09,0.0014041591461476126,9.805874310262462e-08,2.9238684013396436e-07
EFT:1.0104241096782794e-05,2.122547334954209e-06,1.987322000788117e-05,0.499281670416237,6.935296550282277e-09,0.4992816704162441,2.6320519398807075e-09,0.0014041591461476227,9.805874310262393e-08,2.9238684013396224e-07
Random7719
Raw:1.0104241096782867e-05,2.1225473349542546e-06,1.987322000788131e-05,0.49928167041624055,6.935296550282326e-09,0.49928167041624055,2.6320519398807638e-09,0.0014041591461476327,9.805874310262462e-08,2.923868401339643e-07
EFT:1.0104241096782794e-05,2.122547334954209e-06,1.987322000788117e-05,0.499281670416237,6.935296550282277e-09,0.4992816704162441,2.6320519398807075e-09,0.0014041591461476227,9.805874310262393e-08,2.9238684013396224e-07
Random7720
Raw:1.0104241096782867e-05,2.122547334954224e-06,1.9873220007881028e-05,0.49928167041624055,6.935296550282326e-09,0.49928167041624055,2.6320519398807265e-09,0.0014041591461476128,9.805874310262462e-08,2.923868401339643e-07
EFT:1.0104241096782794e-05,2.122547334954209e-06,1.987322000788117e-05,0.499281670416237,6.935296550282277e-09,0.4992816704162441,2.6320519398807075e-09,0.0014041591461476227,9.805874310262393e-08,2.9238684013396224e-07
Random7721
Raw:1.0104241096782867e-05,2.122547334954224e-06,1.9873220007881028e-05,0.49928167041624055,6.935296550282326e-09,0.49928167041624055,2.6320519398807265e-09,0.0014041591461476327,9.805874310262323e-08,2.923868401339643e-07
EFT:1.0104241096782794e-05,2.122547334954209e-06,1.987322000788117e-05,0.499281670416237,6.935296550282277e-09,0.4992816704162441,2.6320519398807075e-09,0.0014041591461476227,9.805874310262393e-08,2.9238684013396224e-07
Random7722
Raw:1.0104241096782938e-05,2.122547334954209e-06,1.987322000788117e-05,0.499281670416237,6.935296550282277e-09,0.4992816704162441,2.632051939880745e-09,0.0014041591461476227,9.805874310262393e-08,2.9238684013396637e-07
EFT:1.0104241096782794e-05,2.122547334954209e-06,1.987322000788117e-05,0.499281670416237,6.935296550282277e-09,0.4992816704162441,2.6320519398807075e-09,0.0014041591461476227,9.805874310262393e-08,2.9238684013396224e-07
Random7723
Raw:1.0104241096782938e-05,2.122547334954239e-06,1.987322000788145e-05,0.499281670416237,6.935296550282277e-09,0.4992816704162441,2.632051939880745e-09,0.0014041591461476427,9.805874310262532e-08,2.9238684013396224e-07
EFT:1.0104241096782794e-05,2.122547334954209e-06,1.987322000788117e-05,0.499281670416237,6.935296550282277e-09,0.4992816704162441,2.6320519398807075e-09,0.0014041591461476227,9.805874310262393e-08,2.9238684013396224e-07
Random7724
Raw:1.0104241096782938e-05,2.122547334954239e-06,1.9873220007880885e-05,0.499281670416237,6.935296550282277e-09,0.4992816704162441,2.632051939880745e-09,0.0014041591461476227,9.805874310262532e-08,2.9238684013396224e-07
EFT:1.0104241096782794e-05,2.122547334954209e-06,1.987322000788117e-05,0.499281670416237,6.935296550282277e-09,0.4992816704162441,2.6320519398807075e-09,0.0014041591461476227,9.805874310262393e-08,2.9238684013396224e-07
Random7725
Raw:1.0104241096783009e-05,2.122547334954224e-06,1.9873220007881028e-05,0.49928167041623345,6.935296550282327e-09,0.49928167041624766,2.6320519398807638e-09,0.0014041591461476327,9.805874310262601e-08,2.9238684013396436e-07
EFT:1.0104241096782794e-05,2.122547334954209e-06,1.987322000788117e-05,0.499281670416237,6.935296550282277e-09,0.4992816704162441,2.6320519398807075e-09,0.0014041591461476227,9.805874310262393e-08,2.9238684013396224e-07
Random7726
Raw:1.0104241096782938e-05,2.122547334954209e-06,1.987322000788117e-05,0.499281670416237,6.9352965502823754e-09,0.4992816704162441,2.6320519398807824e-09,0.0014041591461476227,9.805874310262532e-08,2.9238684013396637e-07
EFT:1.0104241096782794e-05,2.122547334954209e-06,1.987322000788117e-05,0.499281670416237,6.935296550282277e-09,0.4992816704162441,2.6320519398807075e-09,0.0014041591461476227,9.805874310262393e-08,2.9238684013396224e-07
Random7727
Raw:1.0104241096782938e-05,2.122547334954209e-06,1.987322000788117e-05,0.499281670416237,6.9352965502823754e-09,0.4992816704162441,2.632051939880745e-09,0.0014041591461476227,9.805874310262393e-08,2.9238684013396637e-07
EFT:1.0104241096782794e-05,2.122547334954209e-06,1.987322000788117e-05,0.499281670416237,6.935296550282277e-09,0.4992816704162441,2.6320519398807075e-09,0.0014041591461476227,9.805874310262393e-08,2.9238684013396224e-07
Random7728
Raw:1.0104241096783009e-05,2.122547334954224e-06,1.987322000788131e-05,0.49928167041623345,6.935296550282327e-09,0.49928167041624766,2.6320519398807638e-09,0.0014041591461476327,9.805874310262601e-08,2.9238684013396436e-07
EFT:1.0104241096782794e-05,2.122547334954209e-06,1.987322000788117e-05,0.499281670416237,6.935296550282277e-09,0.4992816704162441,2.6320519398807075e-09,0.0014041591461476227,9.805874310262393e-08,2.9238684013396224e-07
Random7729
Raw:1.0104241096782794e-05,2.122547334954209e-06,1.987322000788117e-05,0.499281670416237,6.935296550282277e-09,0.4992816704162441,2.6320519398807075e-09,0.0014041591461476227,9.805874310262393e-08,2.9238684013396224e-07
EFT:1.0104241096782794e-05,2.122547334954209e-06,1.987322000788117e-05,0.499281670416237,6.935296550282277e-09,0.4992816704162441,2.6320519398807075e-09,0.0014041591461476227,9.805874310262393e-08,2.9238684013396224e-07
Random7730
Raw:1.0104241096782867e-05,2.122547334954224e-06,1.987322000788131e-05,0.49928167041624055,6.935296550282326e-09,0.49928167041624055,2.6320519398807265e-09,0.0014041591461476128,9.805874310262462e-08,2.923868401339643e-07
EFT:1.0104241096782794e-05,2.122547334954209e-06,1.987322000788117e-05,0.499281670416237,6.935296550282277e-09,0.4992816704162441,2.6320519398807075e-09,0.0014041591461476227,9.805874310262393e-08,2.9238684013396224e-07
Random7731
Raw:1.0104241096782867e-05,2.122547334954224e-06,1.987322000788131e-05,0.49928167041624055,6.935296550282326e-09,0.49928167041624055,2.6320519398807265e-09,0.0014041591461476128,9.805874310262462e-08,2.923868401339643e-07
EFT:1.0104241096782794e-05,2.122547334954209e-06,1.987322000788117e-05,0.499281670416237,6.935296550282277e-09,0.4992816704162441,2.6320519398807075e-09,0.0014041591461476227,9.805874310262393e-08,2.9238684013396224e-07
Random7732
Raw:1.0104241096782938e-05,2.1225473349541788e-06,1.9873220007880885e-05,0.499281670416237,6.935296550282277e-09,0.4992816704162441,2.632051939880745e-09,0.0014041591461476026,9.805874310262532e-08,2.9238684013396224e-07
EFT:1.0104241096782794e-05,2.122547334954209e-06,1.987322000788117e-05,0.499281670416237,6.935296550282277e-09,0.4992816704162441,2.6320519398807075e-09,0.0014041591461476227,9.805874310262393e-08,2.9238684013396224e-07
Random7733
Raw:1.0104241096782938e-05,2.1225473349541788e-06,1.9873220007880885e-05,0.499281670416237,6.935296550282277e-09,0.4992816704162441,2.632051939880745e-09,0.0014041591461476026,9.805874310262532e-08,2.9238684013396224e-07
EFT:1.0104241096782794e-05,2.122547334954209e-06,1.987322000788117e-05,0.499281670416237,6.935296550282277e-09,0.4992816704162441,2.6320519398807075e-09,0.0014041591461476227,9.805874310262393e-08,2.9238684013396224e-07
Random7734
Raw:1.0104241096782938e-05,2.122547334954209e-06,1.987322000788117e-05,0.499281670416237,6.9352965502823754e-09,0.4992816704162441,2.632051939880745e-09,0.0014041591461476227,9.805874310262532e-08,2.9238684013396637e-07
EFT:1.0104241096782794e-05,2.122547334954209e-06,1.987322000788117e-05,0.499281670416237,6.935296550282277e-09,0.4992816704162441,2.6320519398807075e-09,0.0014041591461476227,9.805874310262393e-08,2.9238684013396224e-07
Random7735
Raw:1.0104241096782938e-05,2.122547334954209e-06,1.987322000788117e-05,0.499281670416237,6.935296550282277e-09,0.4992816704162441,2.632051939880745e-09,0.0014041591461476227,9.805874310262532e-08,2.9238684013396224e-07
EFT:1.0104241096782794e-05,2.122547334954209e-06,1.987322000788117e-05,0.499281670416237,6.935296550282277e-09,0.4992816704162441,2.6320519398807075e-09,0.0014041591461476227,9.805874310262393e-08,2.9238684013396224e-07
Random7736
Raw:1.0104241096782938e-05,2.122547334954239e-06,1.987322000788145e-05,0.499281670416237,6.935296550282277e-09,0.4992816704162441,2.632051939880745e-09,0.0014041591461476427,9.805874310262393e-08,2.9238684013396637e-07
EFT:1.0104241096782794e-05,2.122547334954209e-06,1.987322000788117e-05,0.499281670416237,6.935296550282277e-09,0.4992816704162441,2.6320519398807075e-09,0.0014041591461476227,9.805874310262393e-08,2.9238684013396224e-07
Random7737
Raw:1.0104241096782867e-05,2.122547334954224e-06,1.987322000788131e-05,0.49928167041624055,6.935296550282326e-09,0.49928167041624055,2.6320519398807638e-09,0.0014041591461476128,9.805874310262462e-08,2.923868401339643e-07
EFT:1.0104241096782794e-05,2.122547334954209e-06,1.987322000788117e-05,0.499281670416237,6.935296550282277e-09,0.4992816704162441,2.6320519398807075e-09,0.0014041591461476227,9.805874310262393e-08,2.9238684013396224e-07
Random7738
Raw:1.0104241096782938e-05,2.122547334954209e-06,1.987322000788117e-05,0.499281670416237,6.935296550282277e-09,0.4992816704162441,2.632051939880745e-09,0.0014041591461476427,9.805874310262393e-08,2.9238684013396224e-07
EFT:1.0104241096782794e-05,2.122547334954209e-06,1.987322000788117e-05,0.499281670416237,6.935296550282277e-09,0.4992816704162441,2.6320519398807075e-09,0.0014041591461476227,9.805874310262393e-08,2.9238684013396224e-07
Random7739
Raw:1.0104241096783009e-05,2.122547334954194e-06,1.9873220007881028e-05,0.49928167041623345,6.935296550282327e-09,0.49928167041624766,2.6320519398807638e-09,0.0014041591461476126,9.805874310262601e-08,2.9238684013396436e-07
EFT:1.0104241096782794e-05,2.122547334954209e-06,1.987322000788117e-05,0.499281670416237,6.935296550282277e-09,0.4992816704162441,2.6320519398807075e-09,0.0014041591461476227,9.805874310262393e-08,2.9238684013396224e-07
Random7740
Raw:1.0104241096783009e-05,2.122547334954224e-06,1.987322000788131e-05,0.49928167041623345,6.935296550282327e-09,0.49928167041624766,2.6320519398807638e-09,0.0014041591461476327,9.805874310262601e-08,2.9238684013396436e-07
EFT:1.0104241096782794e-05,2.122547334954209e-06,1.987322000788117e-05,0.499281670416237,6.935296550282277e-09,0.4992816704162441,2.6320519398807075e-09,0.0014041591461476227,9.805874310262393e-08,2.9238684013396224e-07
Random7741
Raw:1.0104241096782938e-05,2.122547334954209e-06,1.987322000788117e-05,0.499281670416237,6.9352965502823754e-09,0.4992816704162441,2.632051939880745e-09,0.0014041591461476227,9.805874310262532e-08,2.9238684013396637e-07
EFT:1.0104241096782794e-05,2.122547334954209e-06,1.987322000788117e-05,0.499281670416237,6.935296550282277e-09,0.4992816704162441,2.6320519398807075e-09,0.0014041591461476227,9.805874310262393e-08,2.9238684013396224e-07
Random7742
Raw:1.0104241096782938e-05,2.122547334954209e-06,1.987322000788117e-05,0.499281670416237,6.935296550282277e-09,0.4992816704162441,2.632051939880745e-09,0.0014041591461476227,9.805874310262532e-08,2.9238684013396224e-07
EFT:1.0104241096782794e-05,2.122547334954209e-06,1.987322000788117e-05,0.499281670416237,6.935296550282277e-09,0.4992816704162441,2.6320519398807075e-09,0.0014041591461476227,9.805874310262393e-08,2.9238684013396224e-07
Random7743
Raw:1.0104241096782867e-05,2.122547334954224e-06,1.987322000788131e-05,0.49928167041624055,6.935296550282326e-09,0.49928167041624055,2.6320519398807638e-09,0.0014041591461476327,9.805874310262462e-08,2.923868401339643e-07
EFT:1.0104241096782794e-05,2.122547334954209e-06,1.987322000788117e-05,0.499281670416237,6.935296550282277e-09,0.4992816704162441,2.6320519398807075e-09,0.0014041591461476227,9.805874310262393e-08,2.9238684013396224e-07
Random7744
Raw:1.0104241096782938e-05,2.122547334954209e-06,1.987322000788117e-05,0.499281670416237,6.9352965502823754e-09,0.4992816704162441,2.632051939880745e-09,0.0014041591461476227,9.805874310262532e-08,2.9238684013396637e-07
EFT:1.0104241096782794e-05,2.122547334954209e-06,1.987322000788117e-05,0.499281670416237,6.935296550282277e-09,0.4992816704162441,2.6320519398807075e-09,0.0014041591461476227,9.805874310262393e-08,2.9238684013396224e-07
Random7745
Raw:1.0104241096782867e-05,2.122547334954224e-06,1.9873220007881028e-05,0.49928167041624055,6.935296550282326e-09,0.49928167041624055,2.6320519398807265e-09,0.0014041591461476128,9.805874310262462e-08,2.923868401339643e-07
EFT:1.0104241096782794e-05,2.122547334954209e-06,1.987322000788117e-05,0.499281670416237,6.935296550282277e-09,0.4992816704162441,2.6320519398807075e-09,0.0014041591461476227,9.805874310262393e-08,2.9238684013396224e-07
Random7746
Raw:1.0104241096782938e-05,2.122547334954239e-06,1.9873220007880885e-05,0.499281670416237,6.935296550282277e-09,0.4992816704162441,2.632051939880745e-09,0.0014041591461476227,9.805874310262532e-08,2.9238684013396224e-07
EFT:1.0104241096782794e-05,2.122547334954209e-06,1.987322000788117e-05,0.499281670416237,6.935296550282277e-09,0.4992816704162441,2.6320519398807075e-09,0.0014041591461476227,9.805874310262393e-08,2.9238684013396224e-07
Random7747
Raw:1.0104241096782867e-05,2.122547334954194e-06,1.9873220007881028e-05,0.49928167041624055,6.935296550282228e-09,0.49928167041624055,2.632051939880689e-09,0.0014041591461476327,9.805874310262323e-08,2.923868401339602e-07
EFT:1.0104241096782794e-05,2.122547334954209e-06,1.987322000788117e-05,0.499281670416237,6.935296550282277e-09,0.4992816704162441,2.6320519398807075e-09,0.0014041591461476227,9.805874310262393e-08,2.9238684013396224e-07
Random7748
Raw:1.0104241096782938e-05,2.122547334954239e-06,1.987322000788145e-05,0.499281670416237,6.935296550282277e-09,0.4992816704162441,2.632051939880745e-09,0.0014041591461476427,9.805874310262393e-08,2.9238684013396637e-07
EFT:1.0104241096782794e-05,2.122547334954209e-06,1.987322000788117e-05,0.499281670416237,6.935296550282277e-09,0.4992816704162441,2.6320519398807075e-09,0.0014041591461476227,9.805874310262393e-08,2.9238684013396224e-07
Random7749
Raw:1.0104241096783009e-05,2.122547334954224e-06,1.9873220007881028e-05,0.49928167041623345,6.935296550282327e-09,0.49928167041624766,2.6320519398807638e-09,0.0014041591461476327,9.805874310262601e-08,2.9238684013396436e-07
EFT:1.0104241096782794e-05,2.122547334954209e-06,1.987322000788117e-05,0.499281670416237,6.935296550282277e-09,0.4992816704162441,2.6320519398807075e-09,0.0014041591461476227,9.805874310262393e-08,2.9238684013396224e-07
Random7750
Raw:1.0104241096782865e-05,2.122547334954194e-06,1.9873220007881028e-05,0.49928167041623345,6.935296550282327e-09,0.49928167041624766,2.6320519398807638e-09,0.0014041591461476126,9.805874310262324e-08,2.9238684013396436e-07
EFT:1.0104241096782794e-05,2.122547334954209e-06,1.987322000788117e-05,0.499281670416237,6.935296550282277e-09,0.4992816704162441,2.6320519398807075e-09,0.0014041591461476227,9.805874310262393e-08,2.9238684013396224e-07
Random7751
Raw:1.0104241096782938e-05,2.122547334954209e-06,1.9873220007880885e-05,0.499281670416237,6.935296550282277e-09,0.4992816704162441,2.632051939880745e-09,0.0014041591461476227,9.805874310262532e-08,2.9238684013396224e-07
EFT:1.0104241096782794e-05,2.122547334954209e-06,1.987322000788117e-05,0.499281670416237,6.935296550282277e-09,0.4992816704162441,2.6320519398807075e-09,0.0014041591461476227,9.805874310262393e-08,2.9238684013396224e-07
Random7752
Raw:1.0104241096782938e-05,2.122547334954209e-06,1.9873220007880885e-05,0.499281670416237,6.9352965502823754e-09,0.4992816704162441,2.6320519398807824e-09,0.0014041591461476227,9.805874310262532e-08,2.9238684013396637e-07
EFT:1.0104241096782794e-05,2.122547334954209e-06,1.987322000788117e-05,0.499281670416237,6.935296550282277e-09,0.4992816704162441,2.6320519398807075e-09,0.0014041591461476227,9.805874310262393e-08,2.9238684013396224e-07
Random7753
Raw:1.0104241096783009e-05,2.122547334954224e-06,1.987322000788131e-05,0.49928167041623345,6.935296550282424e-09,0.49928167041624766,2.632051939880801e-09,0.0014041591461476126,9.805874310262462e-08,2.923868401339685e-07
EFT:1.0104241096782794e-05,2.122547334954209e-06,1.987322000788117e-05,0.499281670416237,6.935296550282277e-09,0.4992816704162441,2.6320519398807075e-09,0.0014041591461476227,9.805874310262393e-08,2.9238684013396224e-07
Random7754
Raw:1.0104241096783009e-05,2.122547334954194e-06,1.9873220007881028e-05,0.49928167041623345,6.935296550282327e-09,0.49928167041624766,2.6320519398807638e-09,0.0014041591461476126,9.805874310262601e-08,2.9238684013396436e-07
EFT:1.0104241096782794e-05,2.122547334954209e-06,1.987322000788117e-05,0.499281670416237,6.935296550282277e-09,0.4992816704162441,2.6320519398807075e-09,0.0014041591461476227,9.805874310262393e-08,2.9238684013396224e-07
Random7755
Raw:1.0104241096782794e-05,2.122547334954209e-06,1.987322000788117e-05,0.4992816704162441,6.935296550282277e-09,0.499281670416237,2.63205193988067e-09,0.0014041591461476227,9.805874310262254e-08,2.9238684013396224e-07
EFT:1.0104241096782794e-05,2.122547334954209e-06,1.987322000788117e-05,0.499281670416237,6.935296550282277e-09,0.4992816704162441,2.6320519398807075e-09,0.0014041591461476227,9.805874310262393e-08,2.9238684013396224e-07
Random7756
Raw:1.0104241096782867e-05,2.122547334954194e-06,1.9873220007881028e-05,0.49928167041624055,6.935296550282326e-09,0.49928167041624055,2.6320519398807265e-09,0.0014041591461476128,9.805874310262323e-08,2.923868401339643e-07
EFT:1.0104241096782794e-05,2.122547334954209e-06,1.987322000788117e-05,0.499281670416237,6.935296550282277e-09,0.4992816704162441,2.6320519398807075e-09,0.0014041591461476227,9.805874310262393e-08,2.9238684013396224e-07
Random7757
Raw:1.0104241096782938e-05,2.122547334954239e-06,1.9873220007880885e-05,0.499281670416237,6.935296550282277e-09,0.4992816704162441,2.632051939880745e-09,0.0014041591461476227,9.805874310262532e-08,2.9238684013396224e-07
EFT:1.0104241096782794e-05,2.122547334954209e-06,1.987322000788117e-05,0.499281670416237,6.935296550282277e-09,0.4992816704162441,2.6320519398807075e-09,0.0014041591461476227,9.805874310262393e-08,2.9238684013396224e-07
Random7758
Raw:1.0104241096782865e-05,2.122547334954194e-06,1.9873220007881028e-05,0.49928167041623345,6.935296550282327e-09,0.49928167041624766,2.632051939880726e-09,0.0014041591461476126,9.805874310262462e-08,2.9238684013396436e-07
EFT:1.0104241096782794e-05,2.122547334954209e-06,1.987322000788117e-05,0.499281670416237,6.935296550282277e-09,0.4992816704162441,2.6320519398807075e-09,0.0014041591461476227,9.805874310262393e-08,2.9238684013396224e-07
Random7759
Raw:1.0104241096782867e-05,2.122547334954224e-06,1.987322000788131e-05,0.49928167041624055,6.935296550282326e-09,0.49928167041624055,2.6320519398807638e-09,0.0014041591461476128,9.805874310262462e-08,2.923868401339643e-07
EFT:1.0104241096782794e-05,2.122547334954209e-06,1.987322000788117e-05,0.499281670416237,6.935296550282277e-09,0.4992816704162441,2.6320519398807075e-09,0.0014041591461476227,9.805874310262393e-08,2.9238684013396224e-07
Random7760
Raw:1.0104241096782865e-05,2.122547334954194e-06,1.9873220007881028e-05,0.49928167041623345,6.935296550282228e-09,0.49928167041624766,2.632051939880726e-09,0.0014041591461476327,9.805874310262324e-08,2.923868401339602e-07
EFT:1.0104241096782794e-05,2.122547334954209e-06,1.987322000788117e-05,0.499281670416237,6.935296550282277e-09,0.4992816704162441,2.6320519398807075e-09,0.0014041591461476227,9.805874310262393e-08,2.9238684013396224e-07
Random7761
Raw:1.0104241096782938e-05,2.122547334954239e-06,1.987322000788117e-05,0.499281670416237,6.9352965502823754e-09,0.4992816704162441,2.6320519398807824e-09,0.0014041591461476227,9.805874310262532e-08,2.9238684013396637e-07
EFT:1.0104241096782794e-05,2.122547334954209e-06,1.987322000788117e-05,0.499281670416237,6.935296550282277e-09,0.4992816704162441,2.6320519398807075e-09,0.0014041591461476227,9.805874310262393e-08,2.9238684013396224e-07
Random7762
Raw:1.0104241096782938e-05,2.122547334954209e-06,1.987322000788117e-05,0.499281670416237,6.9352965502823754e-09,0.4992816704162441,2.632051939880745e-09,0.0014041591461476227,9.805874310262672e-08,2.9238684013396637e-07
EFT:1.0104241096782794e-05,2.122547334954209e-06,1.987322000788117e-05,0.499281670416237,6.935296550282277e-09,0.4992816704162441,2.6320519398807075e-09,0.0014041591461476227,9.805874310262393e-08,2.9238684013396224e-07
Random7763
Raw:1.0104241096782867e-05,2.122547334954194e-06,1.9873220007881028e-05,0.49928167041624055,6.935296550282326e-09,0.49928167041624055,2.6320519398807265e-09,0.0014041591461476128,9.805874310262602e-08,2.923868401339643e-07
EFT:1.0104241096782794e-05,2.122547334954209e-06,1.987322000788117e-05,0.499281670416237,6.935296550282277e-09,0.4992816704162441,2.6320519398807075e-09,0.0014041591461476227,9.805874310262393e-08,2.9238684013396224e-07
Random7764
Raw:1.0104241096782938e-05,2.122547334954239e-06,1.987322000788145e-05,0.499281670416237,6.935296550282277e-09,0.4992816704162441,2.632051939880745e-09,0.0014041591461476427,9.805874310262393e-08,2.9238684013396637e-07
EFT:1.0104241096782794e-05,2.122547334954209e-06,1.987322000788117e-05,0.499281670416237,6.935296550282277e-09,0.4992816704162441,2.6320519398807075e-09,0.0014041591461476227,9.805874310262393e-08,2.9238684013396224e-07
Random7765
Raw:1.0104241096783009e-05,2.122547334954224e-06,1.987322000788131e-05,0.49928167041623345,6.935296550282327e-09,0.49928167041624766,2.6320519398807638e-09,0.0014041591461476327,9.805874310262601e-08,2.9238684013396436e-07
EFT:1.0104241096782794e-05,2.122547334954209e-06,1.987322000788117e-05,0.499281670416237,6.935296550282277e-09,0.4992816704162441,2.6320519398807075e-09,0.0014041591461476227,9.805874310262393e-08,2.9238684013396224e-07
Random7766
Raw:1.0104241096782938e-05,2.122547334954209e-06,1.987322000788117e-05,0.499281670416237,6.9352965502823754e-09,0.4992816704162441,2.632051939880745e-09,0.0014041591461476227,9.805874310262393e-08,2.9238684013396637e-07
EFT:1.0104241096782794e-05,2.122547334954209e-06,1.987322000788117e-05,0.499281670416237,6.935296550282277e-09,0.4992816704162441,2.6320519398807075e-09,0.0014041591461476227,9.805874310262393e-08,2.9238684013396224e-07
Random7767
Raw:1.0104241096782938e-05,2.122547334954209e-06,1.987322000788117e-05,0.499281670416237,6.9352965502823754e-09,0.4992816704162441,2.632051939880745e-09,0.0014041591461476227,9.805874310262672e-08,2.9238684013396637e-07
EFT:1.0104241096782794e-05,2.122547334954209e-06,1.987322000788117e-05,0.499281670416237,6.935296550282277e-09,0.4992816704162441,2.6320519398807075e-09,0.0014041591461476227,9.805874310262393e-08,2.9238684013396224e-07
Random7768
Raw:1.0104241096782938e-05,2.122547334954209e-06,1.987322000788117e-05,0.499281670416237,6.935296550282277e-09,0.4992816704162441,2.632051939880745e-09,0.0014041591461476227,9.805874310262532e-08,2.9238684013396224e-07
EFT:1.0104241096782794e-05,2.122547334954209e-06,1.987322000788117e-05,0.499281670416237,6.935296550282277e-09,0.4992816704162441,2.6320519398807075e-09,0.0014041591461476227,9.805874310262393e-08,2.9238684013396224e-07
Random7769
Raw:1.0104241096782938e-05,2.122547334954239e-06,1.987322000788145e-05,0.499281670416237,6.935296550282277e-09,0.4992816704162441,2.632051939880745e-09,0.0014041591461476227,9.805874310262532e-08,2.9238684013396224e-07
EFT:1.0104241096782794e-05,2.122547334954209e-06,1.987322000788117e-05,0.499281670416237,6.935296550282277e-09,0.4992816704162441,2.6320519398807075e-09,0.0014041591461476227,9.805874310262393e-08,2.9238684013396224e-07
Random7770
Raw:1.0104241096783009e-05,2.122547334954194e-06,1.9873220007881028e-05,0.49928167041623345,6.935296550282327e-09,0.49928167041624766,2.6320519398807638e-09,0.0014041591461476327,9.805874310262462e-08,2.9238684013396436e-07
EFT:1.0104241096782794e-05,2.122547334954209e-06,1.987322000788117e-05,0.499281670416237,6.935296550282277e-09,0.4992816704162441,2.6320519398807075e-09,0.0014041591461476227,9.805874310262393e-08,2.9238684013396224e-07
Random7771
Raw:1.0104241096782794e-05,2.122547334954209e-06,1.987322000788117e-05,0.499281670416237,6.9352965502821786e-09,0.4992816704162441,2.6320519398807075e-09,0.0014041591461476227,9.805874310262393e-08,2.9238684013396224e-07
EFT:1.0104241096782794e-05,2.122547334954209e-06,1.987322000788117e-05,0.499281670416237,6.935296550282277e-09,0.4992816704162441,2.6320519398807075e-09,0.0014041591461476227,9.805874310262393e-08,2.9238684013396224e-07
Random7772
Raw:1.0104241096782938e-05,2.122547334954209e-06,1.987322000788117e-05,0.499281670416237,6.935296550282277e-09,0.4992816704162441,2.632051939880745e-09,0.0014041591461476227,9.805874310262532e-08,2.9238684013396224e-07
EFT:1.0104241096782794e-05,2.122547334954209e-06,1.987322000788117e-05,0.499281670416237,6.935296550282277e-09,0.4992816704162441,2.6320519398807075e-09,0.0014041591461476227,9.805874310262393e-08,2.9238684013396224e-07
Random7773
Raw:1.0104241096782867e-05,2.122547334954224e-06,1.987322000788131e-05,0.49928167041624055,6.935296550282326e-09,0.49928167041624055,2.6320519398807265e-09,0.0014041591461476327,9.805874310262323e-08,2.923868401339643e-07
EFT:1.0104241096782794e-05,2.122547334954209e-06,1.987322000788117e-05,0.499281670416237,6.935296550282277e-09,0.4992816704162441,2.6320519398807075e-09,0.0014041591461476227,9.805874310262393e-08,2.9238684013396224e-07
Random7774
Raw:1.0104241096782938e-05,2.122547334954239e-06,1.987322000788145e-05,0.499281670416237,6.935296550282277e-09,0.4992816704162441,2.632051939880745e-09,0.0014041591461476427,9.805874310262393e-08,2.9238684013396637e-07
EFT:1.0104241096782794e-05,2.122547334954209e-06,1.987322000788117e-05,0.499281670416237,6.935296550282277e-09,0.4992816704162441,2.6320519398807075e-09,0.0014041591461476227,9.805874310262393e-08,2.9238684013396224e-07
Random7775
Raw:1.0104241096782938e-05,2.122547334954209e-06,1.987322000788117e-05,0.499281670416237,6.935296550282277e-09,0.4992816704162441,2.632051939880745e-09,0.0014041591461476427,9.805874310262393e-08,2.9238684013396224e-07
EFT:1.0104241096782794e-05,2.122547334954209e-06,1.987322000788117e-05,0.499281670416237,6.935296550282277e-09,0.4992816704162441,2.6320519398807075e-09,0.0014041591461476227,9.805874310262393e-08,2.9238684013396224e-07
Random7776
Raw:1.0104241096782867e-05,2.122547334954224e-06,1.9873220007881028e-05,0.49928167041624055,6.935296550282326e-09,0.49928167041624055,2.6320519398807265e-09,0.0014041591461476128,9.805874310262462e-08,2.923868401339643e-07
EFT:1.0104241096782794e-05,2.122547334954209e-06,1.987322000788117e-05,0.499281670416237,6.935296550282277e-09,0.4992816704162441,2.6320519398807075e-09,0.0014041591461476227,9.805874310262393e-08,2.9238684013396224e-07
Random7777
Raw:1.0104241096782794e-05,2.122547334954209e-06,1.9873220007880885e-05,0.499281670416237,6.9352965502821786e-09,0.4992816704162441,2.6320519398807075e-09,0.0014041591461476026,9.805874310262393e-08,2.9238684013396224e-07
EFT:1.0104241096782794e-05,2.122547334954209e-06,1.987322000788117e-05,0.499281670416237,6.935296550282277e-09,0.4992816704162441,2.6320519398807075e-09,0.0014041591461476227,9.805874310262393e-08,2.9238684013396224e-07
Random7778
Raw:1.0104241096782938e-05,2.122547334954239e-06,1.987322000788145e-05,0.499281670416237,6.935296550282277e-09,0.4992816704162441,2.632051939880745e-09,0.0014041591461476427,9.805874310262532e-08,2.9238684013396224e-07
EFT:1.0104241096782794e-05,2.122547334954209e-06,1.987322000788117e-05,0.499281670416237,6.935296550282277e-09,0.4992816704162441,2.6320519398807075e-09,0.0014041591461476227,9.805874310262393e-08,2.9238684013396224e-07
Random7779
Raw:1.0104241096782938e-05,2.122547334954209e-06,1.987322000788117e-05,0.499281670416237,6.935296550282277e-09,0.4992816704162441,2.632051939880745e-09,0.0014041591461476227,9.805874310262532e-08,2.9238684013396224e-07
EFT:1.0104241096782794e-05,2.122547334954209e-06,1.987322000788117e-05,0.499281670416237,6.935296550282277e-09,0.4992816704162441,2.6320519398807075e-09,0.0014041591461476227,9.805874310262393e-08,2.9238684013396224e-07
Random7780
Raw:1.0104241096782794e-05,2.122547334954209e-06,1.987322000788117e-05,0.499281670416237,6.935296550282277e-09,0.4992816704162441,2.6320519398807075e-09,0.0014041591461476026,9.805874310262393e-08,2.9238684013396224e-07
EFT:1.0104241096782794e-05,2.122547334954209e-06,1.987322000788117e-05,0.499281670416237,6.935296550282277e-09,0.4992816704162441,2.6320519398807075e-09,0.0014041591461476227,9.805874310262393e-08,2.9238684013396224e-07
Random7781
Raw:1.0104241096782938e-05,2.122547334954239e-06,1.987322000788117e-05,0.499281670416237,6.935296550282277e-09,0.4992816704162441,2.632051939880745e-09,0.0014041591461476427,9.805874310262532e-08,2.9238684013396224e-07
EFT:1.0104241096782794e-05,2.122547334954209e-06,1.987322000788117e-05,0.499281670416237,6.935296550282277e-09,0.4992816704162441,2.6320519398807075e-09,0.0014041591461476227,9.805874310262393e-08,2.9238684013396224e-07
Random7782
Raw:1.0104241096782867e-05,2.122547334954224e-06,1.987322000788131e-05,0.49928167041624055,6.935296550282326e-09,0.49928167041624055,2.6320519398807638e-09,0.0014041591461476128,9.805874310262462e-08,2.923868401339643e-07
EFT:1.0104241096782794e-05,2.122547334954209e-06,1.987322000788117e-05,0.499281670416237,6.935296550282277e-09,0.4992816704162441,2.6320519398807075e-09,0.0014041591461476227,9.805874310262393e-08,2.9238684013396224e-07
Random7783
Raw:1.0104241096783009e-05,2.122547334954194e-06,1.9873220007881028e-05,0.49928167041623345,6.935296550282327e-09,0.49928167041624766,2.6320519398807638e-09,0.0014041591461476327,9.805874310262462e-08,2.9238684013396436e-07
EFT:1.0104241096782794e-05,2.122547334954209e-06,1.987322000788117e-05,0.499281670416237,6.935296550282277e-09,0.4992816704162441,2.6320519398807075e-09,0.0014041591461476227,9.805874310262393e-08,2.9238684013396224e-07
Random7784
Raw:1.0104241096782865e-05,2.122547334954194e-06,1.9873220007881028e-05,0.49928167041623345,6.935296550282228e-09,0.49928167041624766,2.632051939880726e-09,0.0014041591461476126,9.805874310262462e-08,2.9238684013396436e-07
EFT:1.0104241096782794e-05,2.122547334954209e-06,1.987322000788117e-05,0.499281670416237,6.935296550282277e-09,0.4992816704162441,2.6320519398807075e-09,0.0014041591461476227,9.805874310262393e-08,2.9238684013396224e-07
Random7785
Raw:1.0104241096782938e-05,2.122547334954209e-06,1.987322000788117e-05,0.499281670416237,6.935296550282277e-09,0.4992816704162441,2.632051939880745e-09,0.0014041591461476227,9.805874310262532e-08,2.9238684013396224e-07
EFT:1.0104241096782794e-05,2.122547334954209e-06,1.987322000788117e-05,0.499281670416237,6.935296550282277e-09,0.4992816704162441,2.6320519398807075e-09,0.0014041591461476227,9.805874310262393e-08,2.9238684013396224e-07
Random7786
Raw:1.0104241096782794e-05,2.1225473349541788e-06,1.9873220007880885e-05,0.499281670416237,6.935296550282277e-09,0.4992816704162441,2.632051939880745e-09,0.0014041591461476026,9.805874310262254e-08,2.9238684013396224e-07
EFT:1.0104241096782794e-05,2.122547334954209e-06,1.987322000788117e-05,0.499281670416237,6.935296550282277e-09,0.4992816704162441,2.6320519398807075e-09,0.0014041591461476227,9.805874310262393e-08,2.9238684013396224e-07
Random7787
Raw:1.0104241096782938e-05,2.122547334954209e-06,1.987322000788117e-05,0.499281670416237,6.935296550282277e-09,0.4992816704162441,2.632051939880745e-09,0.0014041591461476227,9.805874310262532e-08,2.9238684013396224e-07
EFT:1.0104241096782794e-05,2.122547334954209e-06,1.987322000788117e-05,0.499281670416237,6.935296550282277e-09,0.4992816704162441,2.6320519398807075e-09,0.0014041591461476227,9.805874310262393e-08,2.9238684013396224e-07
Random7788
Raw:1.0104241096782938e-05,2.122547334954209e-06,1.987322000788117e-05,0.499281670416237,6.9352965502823754e-09,0.4992816704162441,2.632051939880745e-09,0.0014041591461476227,9.805874310262532e-08,2.9238684013396637e-07
EFT:1.0104241096782794e-05,2.122547334954209e-06,1.987322000788117e-05,0.499281670416237,6.935296550282277e-09,0.4992816704162441,2.6320519398807075e-09,0.0014041591461476227,9.805874310262393e-08,2.9238684013396224e-07
Random7789
Raw:1.0104241096782938e-05,2.122547334954239e-06,1.987322000788145e-05,0.499281670416237,6.935296550282277e-09,0.4992816704162441,2.632051939880745e-09,0.0014041591461476427,9.805874310262532e-08,2.9238684013396224e-07
EFT:1.0104241096782794e-05,2.122547334954209e-06,1.987322000788117e-05,0.499281670416237,6.935296550282277e-09,0.4992816704162441,2.6320519398807075e-09,0.0014041591461476227,9.805874310262393e-08,2.9238684013396224e-07
Random7790
Raw:1.0104241096782938e-05,2.122547334954209e-06,1.987322000788117e-05,0.499281670416237,6.935296550282277e-09,0.4992816704162441,2.632051939880745e-09,0.0014041591461476227,9.805874310262532e-08,2.9238684013396224e-07
EFT:1.0104241096782794e-05,2.122547334954209e-06,1.987322000788117e-05,0.499281670416237,6.935296550282277e-09,0.4992816704162441,2.6320519398807075e-09,0.0014041591461476227,9.805874310262393e-08,2.9238684013396224e-07
Random7791
Raw:1.0104241096782938e-05,2.122547334954209e-06,1.987322000788117e-05,0.499281670416237,6.9352965502823754e-09,0.4992816704162441,2.632051939880745e-09,0.0014041591461476227,9.805874310262532e-08,2.9238684013396637e-07
EFT:1.0104241096782794e-05,2.122547334954209e-06,1.987322000788117e-05,0.499281670416237,6.935296550282277e-09,0.4992816704162441,2.6320519398807075e-09,0.0014041591461476227,9.805874310262393e-08,2.9238684013396224e-07
Random7792
Raw:1.0104241096782938e-05,2.122547334954209e-06,1.987322000788117e-05,0.499281670416237,6.9352965502823754e-09,0.4992816704162441,2.632051939880745e-09,0.0014041591461476227,9.805874310262393e-08,2.9238684013396637e-07
EFT:1.0104241096782794e-05,2.122547334954209e-06,1.987322000788117e-05,0.499281670416237,6.935296550282277e-09,0.4992816704162441,2.6320519398807075e-09,0.0014041591461476227,9.805874310262393e-08,2.9238684013396224e-07
Random7793
Raw:1.0104241096782794e-05,2.1225473349541788e-06,1.9873220007880885e-05,0.499281670416237,6.935296550282277e-09,0.4992816704162441,2.632051939880745e-09,0.0014041591461476026,9.805874310262254e-08,2.9238684013396224e-07
EFT:1.0104241096782794e-05,2.122547334954209e-06,1.987322000788117e-05,0.499281670416237,6.935296550282277e-09,0.4992816704162441,2.6320519398807075e-09,0.0014041591461476227,9.805874310262393e-08,2.9238684013396224e-07
Random7794
Raw:1.0104241096782938e-05,2.122547334954209e-06,1.987322000788117e-05,0.499281670416237,6.935296550282277e-09,0.4992816704162441,2.632051939880745e-09,0.0014041591461476227,9.805874310262532e-08,2.9238684013396224e-07
EFT:1.0104241096782794e-05,2.122547334954209e-06,1.987322000788117e-05,0.499281670416237,6.935296550282277e-09,0.4992816704162441,2.6320519398807075e-09,0.0014041591461476227,9.805874310262393e-08,2.9238684013396224e-07
Random7795
Raw:1.0104241096782938e-05,2.122547334954209e-06,1.987322000788117e-05,0.499281670416237,6.9352965502823754e-09,0.4992816704162441,2.632051939880745e-09,0.0014041591461476227,9.805874310262672e-08,2.9238684013396637e-07
EFT:1.0104241096782794e-05,2.122547334954209e-06,1.987322000788117e-05,0.499281670416237,6.935296550282277e-09,0.4992816704162441,2.6320519398807075e-09,0.0014041591461476227,9.805874310262393e-08,2.9238684013396224e-07
Random7796
Raw:1.0104241096782794e-05,2.122547334954239e-06,1.987322000788145e-05,0.4992816704162441,6.935296550282277e-09,0.499281670416237,2.63205193988067e-09,0.0014041591461476427,9.805874310262254e-08,2.9238684013396224e-07
EFT:1.0104241096782794e-05,2.122547334954209e-06,1.987322000788117e-05,0.499281670416237,6.935296550282277e-09,0.4992816704162441,2.6320519398807075e-09,0.0014041591461476227,9.805874310262393e-08,2.9238684013396224e-07
Random7797
Raw:1.0104241096782794e-05,2.122547334954209e-06,1.987322000788117e-05,0.499281670416237,6.9352965502821786e-09,0.4992816704162441,2.6320519398807075e-09,0.0014041591461476026,9.805874310262393e-08,2.9238684013396224e-07
EFT:1.0104241096782794e-05,2.122547334954209e-06,1.987322000788117e-05,0.499281670416237,6.935296550282277e-09,0.4992816704162441,2.6320519398807075e-09,0.0014041591461476227,9.805874310262393e-08,2.9238684013396224e-07
Random7798
Raw:1.0104241096782938e-05,2.122547334954209e-06,1.9873220007880885e-05,0.499281670416237,6.935296550282277e-09,0.4992816704162441,2.632051939880745e-09,0.0014041591461476227,9.805874310262532e-08,2.9238684013396224e-07
EFT:1.0104241096782794e-05,2.122547334954209e-06,1.987322000788117e-05,0.499281670416237,6.935296550282277e-09,0.4992816704162441,2.6320519398807075e-09,0.0014041591461476227,9.805874310262393e-08,2.9238684013396224e-07
Random7799
Raw:1.0104241096782794e-05,2.122547334954209e-06,1.987322000788117e-05,0.499281670416237,6.935296550282277e-09,0.4992816704162441,2.6320519398807075e-09,0.0014041591461476227,9.805874310262393e-08,2.9238684013396224e-07
EFT:1.0104241096782794e-05,2.122547334954209e-06,1.987322000788117e-05,0.499281670416237,6.935296550282277e-09,0.4992816704162441,2.6320519398807075e-09,0.0014041591461476227,9.805874310262393e-08,2.9238684013396224e-07
Random7800
Raw:1.0104241096782938e-05,2.122547334954209e-06,1.987322000788117e-05,0.499281670416237,6.9352965502823754e-09,0.4992816704162441,2.632051939880745e-09,0.0014041591461476227,9.805874310262532e-08,2.9238684013396637e-07
EFT:1.0104241096782794e-05,2.122547334954209e-06,1.987322000788117e-05,0.499281670416237,6.935296550282277e-09,0.4992816704162441,2.6320519398807075e-09,0.0014041591461476227,9.805874310262393e-08,2.9238684013396224e-07
Random7801
Raw:1.0104241096782867e-05,2.122547334954194e-06,1.9873220007881028e-05,0.49928167041624055,6.935296550282228e-09,0.49928167041624055,2.632051939880689e-09,0.0014041591461476128,9.805874310262462e-08,2.923868401339602e-07
EFT:1.0104241096782794e-05,2.122547334954209e-06,1.987322000788117e-05,0.499281670416237,6.935296550282277e-09,0.4992816704162441,2.6320519398807075e-09,0.0014041591461476227,9.805874310262393e-08,2.9238684013396224e-07
Random7802
Raw:1.0104241096782938e-05,2.122547334954209e-06,1.9873220007880885e-05,0.499281670416237,6.935296550282277e-09,0.4992816704162441,2.632051939880745e-09,0.0014041591461476227,9.805874310262532e-08,2.9238684013396224e-07
EFT:1.0104241096782794e-05,2.122547334954209e-06,1.987322000788117e-05,0.499281670416237,6.935296550282277e-09,0.4992816704162441,2.6320519398807075e-09,0.0014041591461476227,9.805874310262393e-08,2.9238684013396224e-07
Random7803
Raw:1.0104241096782938e-05,2.122547334954209e-06,1.987322000788117e-05,0.499281670416237,6.9352965502823754e-09,0.4992816704162441,2.6320519398807824e-09,0.0014041591461476227,9.805874310262532e-08,2.9238684013396637e-07
EFT:1.0104241096782794e-05,2.122547334954209e-06,1.987322000788117e-05,0.499281670416237,6.935296550282277e-09,0.4992816704162441,2.6320519398807075e-09,0.0014041591461476227,9.805874310262393e-08,2.9238684013396224e-07
Random7804
Raw:1.0104241096783009e-05,2.122547334954224e-06,1.9873220007881028e-05,0.49928167041623345,6.935296550282424e-09,0.49928167041624766,2.632051939880801e-09,0.0014041591461476126,9.805874310262601e-08,2.923868401339685e-07
EFT:1.0104241096782794e-05,2.122547334954209e-06,1.987322000788117e-05,0.499281670416237,6.935296550282277e-09,0.4992816704162441,2.6320519398807075e-09,0.0014041591461476227,9.805874310262393e-08,2.9238684013396224e-07
Random7805
Raw:1.0104241096782938e-05,2.122547334954209e-06,1.987322000788117e-05,0.499281670416237,6.9352965502823754e-09,0.4992816704162441,2.632051939880745e-09,0.0014041591461476227,9.805874310262672e-08,2.9238684013396637e-07
EFT:1.0104241096782794e-05,2.122547334954209e-06,1.987322000788117e-05,0.499281670416237,6.935296550282277e-09,0.4992816704162441,2.6320519398807075e-09,0.0014041591461476227,9.805874310262393e-08,2.9238684013396224e-07
Random7806
Raw:1.0104241096782938e-05,2.122547334954209e-06,1.987322000788117e-05,0.499281670416237,6.935296550282277e-09,0.4992816704162441,2.632051939880745e-09,0.0014041591461476427,9.805874310262393e-08,2.9238684013396224e-07
EFT:1.0104241096782794e-05,2.122547334954209e-06,1.987322000788117e-05,0.499281670416237,6.935296550282277e-09,0.4992816704162441,2.6320519398807075e-09,0.0014041591461476227,9.805874310262393e-08,2.9238684013396224e-07
Random7807
Raw:1.0104241096782794e-05,2.1225473349541788e-06,1.9873220007880885e-05,0.499281670416237,6.935296550282277e-09,0.4992816704162441,2.632051939880745e-09,0.0014041591461476026,9.805874310262254e-08,2.9238684013396224e-07
EFT:1.0104241096782794e-05,2.122547334954209e-06,1.987322000788117e-05,0.499281670416237,6.935296550282277e-09,0.4992816704162441,2.6320519398807075e-09,0.0014041591461476227,9.805874310262393e-08,2.9238684013396224e-07
Random7808
Raw:1.0104241096782938e-05,2.122547334954209e-06,1.987322000788117e-05,0.499281670416237,6.9352965502823754e-09,0.4992816704162441,2.632051939880745e-09,0.0014041591461476227,9.805874310262393e-08,2.9238684013396637e-07
EFT:1.0104241096782794e-05,2.122547334954209e-06,1.987322000788117e-05,0.499281670416237,6.935296550282277e-09,0.4992816704162441,2.6320519398807075e-09,0.0014041591461476227,9.805874310262393e-08,2.9238684013396224e-07
Random7809
Raw:1.0104241096782867e-05,2.1225473349542546e-06,1.987322000788131e-05,0.49928167041624055,6.935296550282326e-09,0.49928167041624055,2.6320519398807638e-09,0.0014041591461476128,9.805874310262462e-08,2.923868401339643e-07
EFT:1.0104241096782794e-05,2.122547334954209e-06,1.987322000788117e-05,0.499281670416237,6.935296550282277e-09,0.4992816704162441,2.6320519398807075e-09,0.0014041591461476227,9.805874310262393e-08,2.9238684013396224e-07
Random7810
Raw:1.0104241096782867e-05,2.1225473349542546e-06,1.987322000788131e-05,0.49928167041624055,6.935296550282326e-09,0.49928167041624055,2.6320519398807638e-09,0.0014041591461476327,9.805874310262462e-08,2.923868401339643e-07
EFT:1.0104241096782794e-05,2.122547334954209e-06,1.987322000788117e-05,0.499281670416237,6.935296550282277e-09,0.4992816704162441,2.6320519398807075e-09,0.0014041591461476227,9.805874310262393e-08,2.9238684013396224e-07
Random7811
Raw:1.0104241096783009e-05,2.122547334954224e-06,1.987322000788131e-05,0.49928167041623345,6.935296550282424e-09,0.49928167041624766,2.6320519398807638e-09,0.0014041591461476327,9.805874310262601e-08,2.923868401339685e-07
EFT:1.0104241096782794e-05,2.122547334954209e-06,1.987322000788117e-05,0.499281670416237,6.935296550282277e-09,0.4992816704162441,2.6320519398807075e-09,0.0014041591461476227,9.805874310262393e-08,2.9238684013396224e-07
Random7812
Raw:1.0104241096782938e-05,2.122547334954239e-06,1.987322000788117e-05,0.499281670416237,6.935296550282277e-09,0.4992816704162441,2.632051939880745e-09,0.0014041591461476227,9.805874310262532e-08,2.9238684013396224e-07
EFT:1.0104241096782794e-05,2.122547334954209e-06,1.987322000788117e-05,0.499281670416237,6.935296550282277e-09,0.4992816704162441,2.6320519398807075e-09,0.0014041591461476227,9.805874310262393e-08,2.9238684013396224e-07
Random7813
Raw:1.0104241096783009e-05,2.122547334954194e-06,1.9873220007881028e-05,0.49928167041623345,6.935296550282327e-09,0.49928167041624766,2.6320519398807638e-09,0.0014041591461476327,9.805874310262462e-08,2.9238684013396436e-07
EFT:1.0104241096782794e-05,2.122547334954209e-06,1.987322000788117e-05,0.499281670416237,6.935296550282277e-09,0.4992816704162441,2.6320519398807075e-09,0.0014041591461476227,9.805874310262393e-08,2.9238684013396224e-07
Random7814
Raw:1.0104241096782938e-05,2.122547334954239e-06,1.987322000788145e-05,0.499281670416237,6.9352965502823754e-09,0.4992816704162441,2.632051939880745e-09,0.0014041591461476427,9.805874310262532e-08,2.9238684013396637e-07
EFT:1.0104241096782794e-05,2.122547334954209e-06,1.987322000788117e-05,0.499281670416237,6.935296550282277e-09,0.4992816704162441,2.6320519398807075e-09,0.0014041591461476227,9.805874310262393e-08,2.9238684013396224e-07
Random7815
Raw:1.0104241096782938e-05,2.122547334954209e-06,1.987322000788117e-05,0.499281670416237,6.9352965502823754e-09,0.4992816704162441,2.632051939880745e-09,0.0014041591461476227,9.805874310262393e-08,2.9238684013396637e-07
EFT:1.0104241096782794e-05,2.122547334954209e-06,1.987322000788117e-05,0.499281670416237,6.935296550282277e-09,0.4992816704162441,2.6320519398807075e-09,0.0014041591461476227,9.805874310262393e-08,2.9238684013396224e-07
Random7816
Raw:1.0104241096782865e-05,2.122547334954194e-06,1.9873220007881028e-05,0.49928167041623345,6.935296550282327e-09,0.49928167041624766,2.632051939880726e-09,0.0014041591461476126,9.805874310262462e-08,2.9238684013396436e-07
EFT:1.0104241096782794e-05,2.122547334954209e-06,1.987322000788117e-05,0.499281670416237,6.935296550282277e-09,0.4992816704162441,2.6320519398807075e-09,0.0014041591461476227,9.805874310262393e-08,2.9238684013396224e-07
Random7817
Raw:1.0104241096782938e-05,2.122547334954209e-06,1.987322000788117e-05,0.499281670416237,6.9352965502823754e-09,0.4992816704162441,2.6320519398807824e-09,0.0014041591461476227,9.805874310262532e-08,2.9238684013396637e-07
EFT:1.0104241096782794e-05,2.122547334954209e-06,1.987322000788117e-05,0.499281670416237,6.935296550282277e-09,0.4992816704162441,2.6320519398807075e-09,0.0014041591461476227,9.805874310262393e-08,2.9238684013396224e-07
Random7818
Raw:1.0104241096782794e-05,2.1225473349541788e-06,1.9873220007880885e-05,0.499281670416237,6.9352965502821786e-09,0.4992816704162441,2.632051939880745e-09,0.0014041591461476026,9.805874310262254e-08,2.9238684013396224e-07
EFT:1.0104241096782794e-05,2.122547334954209e-06,1.987322000788117e-05,0.499281670416237,6.935296550282277e-09,0.4992816704162441,2.6320519398807075e-09,0.0014041591461476227,9.805874310262393e-08,2.9238684013396224e-07
Random7819
Raw:1.0104241096782938e-05,2.122547334954209e-06,1.987322000788117e-05,0.499281670416237,6.935296550282277e-09,0.4992816704162441,2.632051939880745e-09,0.0014041591461476227,9.805874310262532e-08,2.9238684013396224e-07
EFT:1.0104241096782794e-05,2.122547334954209e-06,1.987322000788117e-05,0.499281670416237,6.935296550282277e-09,0.4992816704162441,2.6320519398807075e-09,0.0014041591461476227,9.805874310262393e-08,2.9238684013396224e-07
Random7820
Raw:1.0104241096782938e-05,2.122547334954239e-06,1.987322000788117e-05,0.499281670416237,6.935296550282277e-09,0.4992816704162441,2.632051939880745e-09,0.0014041591461476427,9.805874310262532e-08,2.9238684013396224e-07
EFT:1.0104241096782794e-05,2.122547334954209e-06,1.987322000788117e-05,0.499281670416237,6.935296550282277e-09,0.4992816704162441,2.6320519398807075e-09,0.0014041591461476227,9.805874310262393e-08,2.9238684013396224e-07
Random7821
Raw:1.0104241096782867e-05,2.1225473349542546e-06,1.987322000788131e-05,0.49928167041624055,6.935296550282326e-09,0.49928167041624055,2.6320519398807638e-09,0.0014041591461476327,9.805874310262462e-08,2.923868401339643e-07
EFT:1.0104241096782794e-05,2.122547334954209e-06,1.987322000788117e-05,0.499281670416237,6.935296550282277e-09,0.4992816704162441,2.6320519398807075e-09,0.0014041591461476227,9.805874310262393e-08,2.9238684013396224e-07
Random7822
Raw:1.0104241096782867e-05,2.122547334954194e-06,1.9873220007881028e-05,0.49928167041624055,6.935296550282326e-09,0.49928167041624055,2.6320519398807265e-09,0.0014041591461476128,9.805874310262323e-08,2.923868401339643e-07
EFT:1.0104241096782794e-05,2.122547334954209e-06,1.987322000788117e-05,0.499281670416237,6.935296550282277e-09,0.4992816704162441,2.6320519398807075e-09,0.0014041591461476227,9.805874310262393e-08,2.9238684013396224e-07
Random7823
Raw:1.0104241096782794e-05,2.122547334954209e-06,1.987322000788117e-05,0.499281670416237,6.935296550282277e-09,0.4992816704162441,2.6320519398807075e-09,0.0014041591461476227,9.805874310262393e-08,2.9238684013396224e-07
EFT:1.0104241096782794e-05,2.122547334954209e-06,1.987322000788117e-05,0.499281670416237,6.935296550282277e-09,0.4992816704162441,2.6320519398807075e-09,0.0014041591461476227,9.805874310262393e-08,2.9238684013396224e-07
Random7824
Raw:1.0104241096783009e-05,2.122547334954224e-06,1.987322000788131e-05,0.49928167041623345,6.935296550282327e-09,0.49928167041624766,2.6320519398807638e-09,0.0014041591461476327,9.805874310262601e-08,2.9238684013396436e-07
EFT:1.0104241096782794e-05,2.122547334954209e-06,1.987322000788117e-05,0.499281670416237,6.935296550282277e-09,0.4992816704162441,2.6320519398807075e-09,0.0014041591461476227,9.805874310262393e-08,2.9238684013396224e-07
Random7825
Raw:1.0104241096783009e-05,2.122547334954194e-06,1.9873220007881028e-05,0.49928167041623345,6.935296550282327e-09,0.49928167041624766,2.6320519398807638e-09,0.0014041591461476327,9.805874310262462e-08,2.9238684013396436e-07
EFT:1.0104241096782794e-05,2.122547334954209e-06,1.987322000788117e-05,0.499281670416237,6.935296550282277e-09,0.4992816704162441,2.6320519398807075e-09,0.0014041591461476227,9.805874310262393e-08,2.9238684013396224e-07
Random7826
Raw:1.0104241096782938e-05,2.122547334954239e-06,1.9873220007880885e-05,0.499281670416237,6.935296550282277e-09,0.4992816704162441,2.632051939880745e-09,0.0014041591461476227,9.805874310262532e-08,2.9238684013396224e-07
EFT:1.0104241096782794e-05,2.122547334954209e-06,1.987322000788117e-05,0.499281670416237,6.935296550282277e-09,0.4992816704162441,2.6320519398807075e-09,0.0014041591461476227,9.805874310262393e-08,2.9238684013396224e-07
Random7827
Raw:1.0104241096783009e-05,2.122547334954194e-06,1.9873220007881028e-05,0.49928167041623345,6.935296550282327e-09,0.49928167041624766,2.6320519398807638e-09,0.0014041591461476126,9.805874310262601e-08,2.9238684013396436e-07
EFT:1.0104241096782794e-05,2.122547334954209e-06,1.987322000788117e-05,0.499281670416237,6.935296550282277e-09,0.4992816704162441,2.6320519398807075e-09,0.0014041591461476227,9.805874310262393e-08,2.9238684013396224e-07
Random7828
Raw:1.0104241096782938e-05,2.122547334954209e-06,1.987322000788117e-05,0.499281670416237,6.9352965502823754e-09,0.4992816704162441,2.632051939880745e-09,0.0014041591461476227,9.805874310262393e-08,2.9238684013396637e-07
EFT:1.0104241096782794e-05,2.122547334954209e-06,1.987322000788117e-05,0.499281670416237,6.935296550282277e-09,0.4992816704162441,2.6320519398807075e-09,0.0014041591461476227,9.805874310262393e-08,2.9238684013396224e-07
Random7829
Raw:1.0104241096782938e-05,2.122547334954209e-06,1.987322000788117e-05,0.499281670416237,6.9352965502823754e-09,0.4992816704162441,2.6320519398807824e-09,0.0014041591461476026,9.805874310262393e-08,2.9238684013396637e-07
EFT:1.0104241096782794e-05,2.122547334954209e-06,1.987322000788117e-05,0.499281670416237,6.935296550282277e-09,0.4992816704162441,2.6320519398807075e-09,0.0014041591461476227,9.805874310262393e-08,2.9238684013396224e-07
Random7830
Raw:1.0104241096782867e-05,2.1225473349542546e-06,1.987322000788131e-05,0.49928167041624055,6.935296550282326e-09,0.49928167041624055,2.6320519398807638e-09,0.0014041591461476327,9.805874310262462e-08,2.923868401339643e-07
EFT:1.0104241096782794e-05,2.122547334954209e-06,1.987322000788117e-05,0.499281670416237,6.935296550282277e-09,0.4992816704162441,2.6320519398807075e-09,0.0014041591461476227,9.805874310262393e-08,2.9238684013396224e-07
Random7831
Raw:1.0104241096782938e-05,2.1225473349541788e-06,1.9873220007880885e-05,0.499281670416237,6.935296550282277e-09,0.4992816704162441,2.632051939880745e-09,0.0014041591461476026,9.805874310262532e-08,2.9238684013396224e-07
EFT:1.0104241096782794e-05,2.122547334954209e-06,1.987322000788117e-05,0.499281670416237,6.935296550282277e-09,0.4992816704162441,2.6320519398807075e-09,0.0014041591461476227,9.805874310262393e-08,2.9238684013396224e-07
Random7832
Raw:1.0104241096782938e-05,2.122547334954239e-06,1.987322000788117e-05,0.499281670416237,6.935296550282277e-09,0.4992816704162441,2.632051939880745e-09,0.0014041591461476427,9.805874310262532e-08,2.9238684013396224e-07
EFT:1.0104241096782794e-05,2.122547334954209e-06,1.987322000788117e-05,0.499281670416237,6.935296550282277e-09,0.4992816704162441,2.6320519398807075e-09,0.0014041591461476227,9.805874310262393e-08,2.9238684013396224e-07
Random7833
Raw:1.0104241096782938e-05,2.122547334954239e-06,1.9873220007880885e-05,0.499281670416237,6.935296550282277e-09,0.4992816704162441,2.632051939880745e-09,0.0014041591461476227,9.805874310262532e-08,2.9238684013396224e-07
EFT:1.0104241096782794e-05,2.122547334954209e-06,1.987322000788117e-05,0.499281670416237,6.935296550282277e-09,0.4992816704162441,2.6320519398807075e-09,0.0014041591461476227,9.805874310262393e-08,2.9238684013396224e-07
Random7834
Raw:1.0104241096782867e-05,2.122547334954224e-06,1.987322000788131e-05,0.49928167041624055,6.935296550282326e-09,0.49928167041624055,2.6320519398807265e-09,0.0014041591461476327,9.805874310262323e-08,2.923868401339643e-07
EFT:1.0104241096782794e-05,2.122547334954209e-06,1.987322000788117e-05,0.499281670416237,6.935296550282277e-09,0.4992816704162441,2.6320519398807075e-09,0.0014041591461476227,9.805874310262393e-08,2.9238684013396224e-07
Random7835
Raw:1.0104241096782794e-05,2.122547334954209e-06,1.9873220007880885e-05,0.499281670416237,6.935296550282277e-09,0.4992816704162441,2.6320519398807075e-09,0.0014041591461476026,9.805874310262393e-08,2.9238684013396224e-07
EFT:1.0104241096782794e-05,2.122547334954209e-06,1.987322000788117e-05,0.499281670416237,6.935296550282277e-09,0.4992816704162441,2.6320519398807075e-09,0.0014041591461476227,9.805874310262393e-08,2.9238684013396224e-07
Random7836
Raw:1.0104241096782867e-05,2.122547334954224e-06,1.987322000788131e-05,0.49928167041624055,6.935296550282326e-09,0.49928167041624055,2.6320519398807265e-09,0.0014041591461476327,9.805874310262462e-08,2.923868401339643e-07
EFT:1.0104241096782794e-05,2.122547334954209e-06,1.987322000788117e-05,0.499281670416237,6.935296550282277e-09,0.4992816704162441,2.6320519398807075e-09,0.0014041591461476227,9.805874310262393e-08,2.9238684013396224e-07
Random7837
Raw:1.0104241096782938e-05,2.122547334954209e-06,1.987322000788117e-05,0.499281670416237,6.9352965502823754e-09,0.4992816704162441,2.632051939880745e-09,0.0014041591461476227,9.805874310262393e-08,2.9238684013396637e-07
EFT:1.0104241096782794e-05,2.122547334954209e-06,1.987322000788117e-05,0.499281670416237,6.935296550282277e-09,0.4992816704162441,2.6320519398807075e-09,0.0014041591461476227,9.805874310262393e-08,2.9238684013396224e-07
Random7838
Raw:1.0104241096782867e-05,2.122547334954224e-06,1.987322000788131e-05,0.49928167041624055,6.935296550282326e-09,0.49928167041624055,2.6320519398807265e-09,0.0014041591461476327,9.805874310262462e-08,2.923868401339643e-07
EFT:1.0104241096782794e-05,2.122547334954209e-06,1.987322000788117e-05,0.499281670416237,6.935296550282277e-09,0.4992816704162441,2.6320519398807075e-09,0.0014041591461476227,9.805874310262393e-08,2.9238684013396224e-07
Random7839
Raw:1.0104241096782938e-05,2.1225473349541788e-06,1.9873220007880885e-05,0.499281670416237,6.935296550282277e-09,0.4992816704162441,2.632051939880745e-09,0.0014041591461476026,9.805874310262532e-08,2.9238684013396224e-07
EFT:1.0104241096782794e-05,2.122547334954209e-06,1.987322000788117e-05,0.499281670416237,6.935296550282277e-09,0.4992816704162441,2.6320519398807075e-09,0.0014041591461476227,9.805874310262393e-08,2.9238684013396224e-07
Random7840
Raw:1.0104241096782938e-05,2.122547334954209e-06,1.987322000788117e-05,0.499281670416237,6.9352965502823754e-09,0.4992816704162441,2.632051939880745e-09,0.0014041591461476227,9.805874310262672e-08,2.9238684013396637e-07
EFT:1.0104241096782794e-05,2.122547334954209e-06,1.987322000788117e-05,0.499281670416237,6.935296550282277e-09,0.4992816704162441,2.6320519398807075e-09,0.0014041591461476227,9.805874310262393e-08,2.9238684013396224e-07
Random7841
Raw:1.0104241096782867e-05,2.122547334954224e-06,1.987322000788131e-05,0.49928167041624055,6.935296550282326e-09,0.49928167041624055,2.6320519398807638e-09,0.0014041591461476327,9.805874310262462e-08,2.923868401339643e-07
EFT:1.0104241096782794e-05,2.122547334954209e-06,1.987322000788117e-05,0.499281670416237,6.935296550282277e-09,0.4992816704162441,2.6320519398807075e-09,0.0014041591461476227,9.805874310262393e-08,2.9238684013396224e-07
Random7842
Raw:1.0104241096782794e-05,2.122547334954209e-06,1.987322000788117e-05,0.4992816704162441,6.935296550282277e-09,0.499281670416237,2.63205193988067e-09,0.0014041591461476227,9.805874310262393e-08,2.9238684013396224e-07
EFT:1.0104241096782794e-05,2.122547334954209e-06,1.987322000788117e-05,0.499281670416237,6.935296550282277e-09,0.4992816704162441,2.6320519398807075e-09,0.0014041591461476227,9.805874310262393e-08,2.9238684013396224e-07
Random7843
Raw:1.0104241096782938e-05,2.1225473349541788e-06,1.9873220007880885e-05,0.499281670416237,6.935296550282277e-09,0.4992816704162441,2.632051939880745e-09,0.0014041591461476026,9.805874310262532e-08,2.9238684013396224e-07
EFT:1.0104241096782794e-05,2.122547334954209e-06,1.987322000788117e-05,0.499281670416237,6.935296550282277e-09,0.4992816704162441,2.6320519398807075e-09,0.0014041591461476227,9.805874310262393e-08,2.9238684013396224e-07
Random7844
Raw:1.0104241096783082e-05,2.122547334954239e-06,1.987322000788145e-05,0.499281670416237,6.935296550282475e-09,0.4992816704162441,2.6320519398807824e-09,0.0014041591461476427,9.805874310262532e-08,2.9238684013396637e-07
EFT:1.0104241096782794e-05,2.122547334954209e-06,1.987322000788117e-05,0.499281670416237,6.935296550282277e-09,0.4992816704162441,2.6320519398807075e-09,0.0014041591461476227,9.805874310262393e-08,2.9238684013396224e-07
Random7845
Raw:1.0104241096782938e-05,2.122547334954239e-06,1.987322000788145e-05,0.499281670416237,6.935296550282277e-09,0.4992816704162441,2.632051939880745e-09,0.0014041591461476427,9.805874310262532e-08,2.9238684013396224e-07
EFT:1.0104241096782794e-05,2.122547334954209e-06,1.987322000788117e-05,0.499281670416237,6.935296550282277e-09,0.4992816704162441,2.6320519398807075e-09,0.0014041591461476227,9.805874310262393e-08,2.9238684013396224e-07
Random7846
Raw:1.0104241096782794e-05,2.1225473349541788e-06,1.9873220007880885e-05,0.499281670416237,6.935296550282277e-09,0.4992816704162441,2.632051939880745e-09,0.0014041591461476026,9.805874310262254e-08,2.9238684013396224e-07
EFT:1.0104241096782794e-05,2.122547334954209e-06,1.987322000788117e-05,0.499281670416237,6.935296550282277e-09,0.4992816704162441,2.6320519398807075e-09,0.0014041591461476227,9.805874310262393e-08,2.9238684013396224e-07
Random7847
Raw:1.0104241096782938e-05,2.122547334954209e-06,1.987322000788117e-05,0.499281670416237,6.935296550282277e-09,0.4992816704162441,2.632051939880745e-09,0.0014041591461476427,9.805874310262393e-08,2.9238684013396224e-07
EFT:1.0104241096782794e-05,2.122547334954209e-06,1.987322000788117e-05,0.499281670416237,6.935296550282277e-09,0.4992816704162441,2.6320519398807075e-09,0.0014041591461476227,9.805874310262393e-08,2.9238684013396224e-07
Random7848
Raw:1.0104241096782867e-05,2.122547334954224e-06,1.987322000788131e-05,0.49928167041624055,6.935296550282326e-09,0.49928167041624055,2.6320519398807265e-09,0.0014041591461476327,9.805874310262323e-08,2.923868401339643e-07
EFT:1.0104241096782794e-05,2.122547334954209e-06,1.987322000788117e-05,0.499281670416237,6.935296550282277e-09,0.4992816704162441,2.6320519398807075e-09,0.0014041591461476227,9.805874310262393e-08,2.9238684013396224e-07
Random7849
Raw:1.0104241096782865e-05,2.122547334954194e-06,1.9873220007881028e-05,0.49928167041623345,6.935296550282228e-09,0.49928167041624766,2.632051939880726e-09,0.0014041591461476126,9.805874310262462e-08,2.9238684013396436e-07
EFT:1.0104241096782794e-05,2.122547334954209e-06,1.987322000788117e-05,0.499281670416237,6.935296550282277e-09,0.4992816704162441,2.6320519398807075e-09,0.0014041591461476227,9.805874310262393e-08,2.9238684013396224e-07
Random7850
Raw:1.0104241096782938e-05,2.122547334954239e-06,1.987322000788117e-05,0.499281670416237,6.935296550282277e-09,0.4992816704162441,2.632051939880745e-09,0.0014041591461476427,9.805874310262393e-08,2.9238684013396637e-07
EFT:1.0104241096782794e-05,2.122547334954209e-06,1.987322000788117e-05,0.499281670416237,6.935296550282277e-09,0.4992816704162441,2.6320519398807075e-09,0.0014041591461476227,9.805874310262393e-08,2.9238684013396224e-07
Random7851
Raw:1.010424109678301e-05,2.122547334954224e-06,1.987322000788131e-05,0.49928167041624055,6.935296550282425e-09,0.49928167041624055,2.6320519398807638e-09,0.0014041591461476327,9.805874310262602e-08,2.923868401339685e-07
EFT:1.0104241096782794e-05,2.122547334954209e-06,1.987322000788117e-05,0.499281670416237,6.935296550282277e-09,0.4992816704162441,2.6320519398807075e-09,0.0014041591461476227,9.805874310262393e-08,2.9238684013396224e-07
Random7852
Raw:1.0104241096782938e-05,2.122547334954209e-06,1.987322000788117e-05,0.499281670416237,6.935296550282277e-09,0.4992816704162441,2.632051939880745e-09,0.0014041591461476427,9.805874310262393e-08,2.9238684013396224e-07
EFT:1.0104241096782794e-05,2.122547334954209e-06,1.987322000788117e-05,0.499281670416237,6.935296550282277e-09,0.4992816704162441,2.6320519398807075e-09,0.0014041591461476227,9.805874310262393e-08,2.9238684013396224e-07
Random7853
Raw:1.0104241096782867e-05,2.122547334954224e-06,1.9873220007881028e-05,0.49928167041624055,6.935296550282326e-09,0.49928167041624055,2.6320519398807638e-09,0.0014041591461476128,9.805874310262462e-08,2.923868401339643e-07
EFT:1.0104241096782794e-05,2.122547334954209e-06,1.987322000788117e-05,0.499281670416237,6.935296550282277e-09,0.4992816704162441,2.6320519398807075e-09,0.0014041591461476227,9.805874310262393e-08,2.9238684013396224e-07
Random7854
Raw:1.0104241096783009e-05,2.122547334954224e-06,1.9873220007881028e-05,0.49928167041623345,6.935296550282327e-09,0.49928167041624766,2.6320519398807638e-09,0.0014041591461476327,9.805874310262601e-08,2.9238684013396436e-07
EFT:1.0104241096782794e-05,2.122547334954209e-06,1.987322000788117e-05,0.499281670416237,6.935296550282277e-09,0.4992816704162441,2.6320519398807075e-09,0.0014041591461476227,9.805874310262393e-08,2.9238684013396224e-07
Random7855
Raw:1.0104241096782723e-05,2.122547334954194e-06,1.9873220007881028e-05,0.49928167041624055,6.935296550282228e-09,0.49928167041624055,2.632051939880689e-09,0.0014041591461476128,9.805874310262184e-08,2.923868401339602e-07
EFT:1.0104241096782794e-05,2.122547334954209e-06,1.987322000788117e-05,0.499281670416237,6.935296550282277e-09,0.4992816704162441,2.6320519398807075e-09,0.0014041591461476227,9.805874310262393e-08,2.9238684013396224e-07
Random7856
Raw:1.0104241096782867e-05,2.122547334954194e-06,1.9873220007881028e-05,0.49928167041624055,6.935296550282228e-09,0.49928167041624055,2.632051939880689e-09,0.0014041591461476128,9.805874310262462e-08,2.923868401339602e-07
EFT:1.0104241096782794e-05,2.122547334954209e-06,1.987322000788117e-05,0.499281670416237,6.935296550282277e-09,0.4992816704162441,2.6320519398807075e-09,0.0014041591461476227,9.805874310262393e-08,2.9238684013396224e-07
Random7857
Raw:1.0104241096782938e-05,2.122547334954209e-06,1.9873220007880885e-05,0.499281670416237,6.935296550282277e-09,0.4992816704162441,2.632051939880745e-09,0.0014041591461476227,9.805874310262532e-08,2.9238684013396224e-07
EFT:1.0104241096782794e-05,2.122547334954209e-06,1.987322000788117e-05,0.499281670416237,6.935296550282277e-09,0.4992816704162441,2.6320519398807075e-09,0.0014041591461476227,9.805874310262393e-08,2.9238684013396224e-07
Random7858
Raw:1.0104241096782938e-05,2.122547334954239e-06,1.987322000788145e-05,0.499281670416237,6.935296550282277e-09,0.4992816704162441,2.632051939880745e-09,0.0014041591461476427,9.805874310262393e-08,2.9238684013396637e-07
EFT:1.0104241096782794e-05,2.122547334954209e-06,1.987322000788117e-05,0.499281670416237,6.935296550282277e-09,0.4992816704162441,2.6320519398807075e-09,0.0014041591461476227,9.805874310262393e-08,2.9238684013396224e-07
Random7859
Raw:1.0104241096782867e-05,2.122547334954224e-06,1.987322000788131e-05,0.49928167041624055,6.935296550282326e-09,0.49928167041624055,2.6320519398807265e-09,0.0014041591461476327,9.805874310262462e-08,2.923868401339643e-07
EFT:1.0104241096782794e-05,2.122547334954209e-06,1.987322000788117e-05,0.499281670416237,6.935296550282277e-09,0.4992816704162441,2.6320519398807075e-09,0.0014041591461476227,9.805874310262393e-08,2.9238684013396224e-07
Random7860
Raw:1.0104241096782723e-05,2.122547334954194e-06,1.9873220007881028e-05,0.49928167041624055,6.935296550282228e-09,0.49928167041624055,2.6320519398806513e-09,0.0014041591461476327,9.805874310262323e-08,2.923868401339602e-07
EFT:1.0104241096782794e-05,2.122547334954209e-06,1.987322000788117e-05,0.499281670416237,6.935296550282277e-09,0.4992816704162441,2.6320519398807075e-09,0.0014041591461476227,9.805874310262393e-08,2.9238684013396224e-07
Random7861
Raw:1.0104241096782794e-05,2.122547334954209e-06,1.987322000788117e-05,0.499281670416237,6.9352965502821786e-09,0.4992816704162441,2.632051939880745e-09,0.0014041591461476227,9.805874310262254e-08,2.9238684013396224e-07
EFT:1.0104241096782794e-05,2.122547334954209e-06,1.987322000788117e-05,0.499281670416237,6.935296550282277e-09,0.4992816704162441,2.6320519398807075e-09,0.0014041591461476227,9.805874310262393e-08,2.9238684013396224e-07
Random7862
Raw:1.0104241096782938e-05,2.122547334954209e-06,1.987322000788117e-05,0.499281670416237,6.9352965502823754e-09,0.4992816704162441,2.6320519398807824e-09,0.0014041591461476227,9.805874310262532e-08,2.9238684013396637e-07
EFT:1.0104241096782794e-05,2.122547334954209e-06,1.987322000788117e-05,0.499281670416237,6.935296550282277e-09,0.4992816704162441,2.6320519398807075e-09,0.0014041591461476227,9.805874310262393e-08,2.9238684013396224e-07
Random7863
Raw:1.0104241096782938e-05,2.122547334954209e-06,1.987322000788117e-05,0.499281670416237,6.9352965502823754e-09,0.4992816704162441,2.632051939880745e-09,0.0014041591461476227,9.805874310262532e-08,2.9238684013396637e-07
EFT:1.0104241096782794e-05,2.122547334954209e-06,1.987322000788117e-05,0.499281670416237,6.935296550282277e-09,0.4992816704162441,2.6320519398807075e-09,0.0014041591461476227,9.805874310262393e-08,2.9238684013396224e-07
Random7864
Raw:1.0104241096782938e-05,2.122547334954239e-06,1.987322000788145e-05,0.499281670416237,6.935296550282277e-09,0.4992816704162441,2.632051939880745e-09,0.0014041591461476427,9.805874310262393e-08,2.9238684013396637e-07
EFT:1.0104241096782794e-05,2.122547334954209e-06,1.987322000788117e-05,0.499281670416237,6.935296550282277e-09,0.4992816704162441,2.6320519398807075e-09,0.0014041591461476227,9.805874310262393e-08,2.9238684013396224e-07
Random7865
Raw:1.0104241096782867e-05,2.122547334954224e-06,1.9873220007881028e-05,0.49928167041624055,6.935296550282326e-09,0.49928167041624055,2.6320519398807265e-09,0.0014041591461476128,9.805874310262462e-08,2.923868401339643e-07
EFT:1.0104241096782794e-05,2.122547334954209e-06,1.987322000788117e-05,0.499281670416237,6.935296550282277e-09,0.4992816704162441,2.6320519398807075e-09,0.0014041591461476227,9.805874310262393e-08,2.9238684013396224e-07
Random7866
Raw:1.0104241096782938e-05,2.122547334954239e-06,1.987322000788117e-05,0.499281670416237,6.9352965502823754e-09,0.4992816704162441,2.6320519398807824e-09,0.0014041591461476227,9.805874310262532e-08,2.9238684013396637e-07
EFT:1.0104241096782794e-05,2.122547334954209e-06,1.987322000788117e-05,0.499281670416237,6.935296550282277e-09,0.4992816704162441,2.6320519398807075e-09,0.0014041591461476227,9.805874310262393e-08,2.9238684013396224e-07
Random7867
Raw:1.0104241096782794e-05,2.122547334954209e-06,1.987322000788117e-05,0.4992816704162441,6.935296550282277e-09,0.499281670416237,2.63205193988067e-09,0.0014041591461476227,9.805874310262254e-08,2.9238684013396224e-07
EFT:1.0104241096782794e-05,2.122547334954209e-06,1.987322000788117e-05,0.499281670416237,6.935296550282277e-09,0.4992816704162441,2.6320519398807075e-09,0.0014041591461476227,9.805874310262393e-08,2.9238684013396224e-07
Random7868
Raw:1.0104241096782938e-05,2.122547334954209e-06,1.987322000788117e-05,0.499281670416237,6.935296550282277e-09,0.4992816704162441,2.632051939880745e-09,0.0014041591461476227,9.805874310262532e-08,2.9238684013396224e-07
EFT:1.0104241096782794e-05,2.122547334954209e-06,1.987322000788117e-05,0.499281670416237,6.935296550282277e-09,0.4992816704162441,2.6320519398807075e-09,0.0014041591461476227,9.805874310262393e-08,2.9238684013396224e-07
Random7869
Raw:1.0104241096782867e-05,2.122547334954224e-06,1.987322000788131e-05,0.49928167041624055,6.935296550282326e-09,0.49928167041624055,2.6320519398807265e-09,0.0014041591461476327,9.805874310262462e-08,2.923868401339643e-07
EFT:1.0104241096782794e-05,2.122547334954209e-06,1.987322000788117e-05,0.499281670416237,6.935296550282277e-09,0.4992816704162441,2.6320519398807075e-09,0.0014041591461476227,9.805874310262393e-08,2.9238684013396224e-07
Random7870
Raw:1.0104241096782867e-05,2.122547334954224e-06,1.987322000788131e-05,0.49928167041624055,6.935296550282326e-09,0.49928167041624055,2.6320519398807265e-09,0.0014041591461476327,9.805874310262462e-08,2.923868401339643e-07
EFT:1.0104241096782794e-05,2.122547334954209e-06,1.987322000788117e-05,0.499281670416237,6.935296550282277e-09,0.4992816704162441,2.6320519398807075e-09,0.0014041591461476227,9.805874310262393e-08,2.9238684013396224e-07
Random7871
Raw:1.0104241096782938e-05,2.1225473349541788e-06,1.9873220007880885e-05,0.499281670416237,6.935296550282277e-09,0.4992816704162441,2.632051939880745e-09,0.0014041591461476026,9.805874310262532e-08,2.9238684013396224e-07
EFT:1.0104241096782794e-05,2.122547334954209e-06,1.987322000788117e-05,0.499281670416237,6.935296550282277e-09,0.4992816704162441,2.6320519398807075e-09,0.0014041591461476227,9.805874310262393e-08,2.9238684013396224e-07
Random7872
Raw:1.0104241096782794e-05,2.122547334954209e-06,1.987322000788117e-05,0.499281670416237,6.935296550282277e-09,0.4992816704162441,2.632051939880745e-09,0.0014041591461476227,9.805874310262254e-08,2.9238684013396224e-07
EFT:1.0104241096782794e-05,2.122547334954209e-06,1.987322000788117e-05,0.499281670416237,6.935296550282277e-09,0.4992816704162441,2.6320519398807075e-09,0.0014041591461476227,9.805874310262393e-08,2.9238684013396224e-07
Random7873
Raw:1.0104241096782794e-05,2.122547334954209e-06,1.987322000788117e-05,0.499281670416237,6.935296550282277e-09,0.4992816704162441,2.632051939880745e-09,0.0014041591461476227,9.805874310262254e-08,2.9238684013396224e-07
EFT:1.0104241096782794e-05,2.122547334954209e-06,1.987322000788117e-05,0.499281670416237,6.935296550282277e-09,0.4992816704162441,2.6320519398807075e-09,0.0014041591461476227,9.805874310262393e-08,2.9238684013396224e-07
Random7874
Raw:1.0104241096782938e-05,2.122547334954209e-06,1.9873220007880885e-05,0.499281670416237,6.935296550282277e-09,0.4992816704162441,2.632051939880745e-09,0.0014041591461476227,9.805874310262532e-08,2.9238684013396224e-07
EFT:1.0104241096782794e-05,2.122547334954209e-06,1.987322000788117e-05,0.499281670416237,6.935296550282277e-09,0.4992816704162441,2.6320519398807075e-09,0.0014041591461476227,9.805874310262393e-08,2.9238684013396224e-07
Random7875
Raw:1.0104241096782938e-05,2.1225473349541788e-06,1.9873220007880885e-05,0.499281670416237,6.935296550282277e-09,0.4992816704162441,2.632051939880745e-09,0.0014041591461476026,9.805874310262532e-08,2.9238684013396224e-07
EFT:1.0104241096782794e-05,2.122547334954209e-06,1.987322000788117e-05,0.499281670416237,6.935296550282277e-09,0.4992816704162441,2.6320519398807075e-09,0.0014041591461476227,9.805874310262393e-08,2.9238684013396224e-07
Random7876
Raw:1.0104241096782794e-05,2.122547334954209e-06,1.987322000788117e-05,0.499281670416237,6.935296550282277e-09,0.4992816704162441,2.632051939880745e-09,0.0014041591461476227,9.805874310262254e-08,2.9238684013396224e-07
EFT:1.0104241096782794e-05,2.122547334954209e-06,1.987322000788117e-05,0.499281670416237,6.935296550282277e-09,0.4992816704162441,2.6320519398807075e-09,0.0014041591461476227,9.805874310262393e-08,2.9238684013396224e-07
Random7877
Raw:1.0104241096782938e-05,2.122547334954239e-06,1.987322000788117e-05,0.499281670416237,6.9352965502823754e-09,0.4992816704162441,2.6320519398807824e-09,0.0014041591461476227,9.805874310262532e-08,2.9238684013396637e-07
EFT:1.0104241096782794e-05,2.122547334954209e-06,1.987322000788117e-05,0.499281670416237,6.935296550282277e-09,0.4992816704162441,2.6320519398807075e-09,0.0014041591461476227,9.805874310262393e-08,2.9238684013396224e-07
Random7878
Raw:1.0104241096782867e-05,2.122547334954224e-06,1.987322000788131e-05,0.49928167041624055,6.935296550282326e-09,0.49928167041624055,2.6320519398807265e-09,0.0014041591461476327,9.805874310262462e-08,2.923868401339643e-07
EFT:1.0104241096782794e-05,2.122547334954209e-06,1.987322000788117e-05,0.499281670416237,6.935296550282277e-09,0.4992816704162441,2.6320519398807075e-09,0.0014041591461476227,9.805874310262393e-08,2.9238684013396224e-07
Random7879
Raw:1.0104241096782867e-05,2.122547334954224e-06,1.987322000788131e-05,0.49928167041624055,6.935296550282326e-09,0.49928167041624055,2.6320519398807265e-09,0.0014041591461476327,9.805874310262462e-08,2.923868401339643e-07
EFT:1.0104241096782794e-05,2.122547334954209e-06,1.987322000788117e-05,0.499281670416237,6.935296550282277e-09,0.4992816704162441,2.6320519398807075e-09,0.0014041591461476227,9.805874310262393e-08,2.9238684013396224e-07
Random7880
Raw:1.0104241096782867e-05,2.122547334954224e-06,1.987322000788131e-05,0.49928167041624055,6.935296550282326e-09,0.49928167041624055,2.6320519398807265e-09,0.0014041591461476327,9.805874310262462e-08,2.923868401339643e-07
EFT:1.0104241096782794e-05,2.122547334954209e-06,1.987322000788117e-05,0.499281670416237,6.935296550282277e-09,0.4992816704162441,2.6320519398807075e-09,0.0014041591461476227,9.805874310262393e-08,2.9238684013396224e-07
Random7881
Raw:1.0104241096782867e-05,2.122547334954224e-06,1.987322000788131e-05,0.49928167041624055,6.935296550282326e-09,0.49928167041624055,2.6320519398807265e-09,0.0014041591461476327,9.805874310262462e-08,2.923868401339643e-07
EFT:1.0104241096782794e-05,2.122547334954209e-06,1.987322000788117e-05,0.499281670416237,6.935296550282277e-09,0.4992816704162441,2.6320519398807075e-09,0.0014041591461476227,9.805874310262393e-08,2.9238684013396224e-07
Random7882
Raw:1.0104241096782938e-05,2.122547334954209e-06,1.987322000788117e-05,0.499281670416237,6.9352965502823754e-09,0.4992816704162441,2.632051939880745e-09,0.0014041591461476227,9.805874310262532e-08,2.9238684013396637e-07
EFT:1.0104241096782794e-05,2.122547334954209e-06,1.987322000788117e-05,0.499281670416237,6.935296550282277e-09,0.4992816704162441,2.6320519398807075e-09,0.0014041591461476227,9.805874310262393e-08,2.9238684013396224e-07
Random7883
Raw:1.0104241096782938e-05,2.122547334954209e-06,1.987322000788117e-05,0.499281670416237,6.9352965502823754e-09,0.4992816704162441,2.632051939880745e-09,0.0014041591461476227,9.805874310262532e-08,2.9238684013396637e-07
EFT:1.0104241096782794e-05,2.122547334954209e-06,1.987322000788117e-05,0.499281670416237,6.935296550282277e-09,0.4992816704162441,2.6320519398807075e-09,0.0014041591461476227,9.805874310262393e-08,2.9238684013396224e-07
Random7884
Raw:1.0104241096782865e-05,2.122547334954194e-06,1.9873220007881028e-05,0.49928167041623345,6.935296550282327e-09,0.49928167041624766,2.632051939880726e-09,0.0014041591461476126,9.805874310262462e-08,2.9238684013396436e-07
EFT:1.0104241096782794e-05,2.122547334954209e-06,1.987322000788117e-05,0.499281670416237,6.935296550282277e-09,0.4992816704162441,2.6320519398807075e-09,0.0014041591461476227,9.805874310262393e-08,2.9238684013396224e-07
Random7885
Raw:1.0104241096782867e-05,2.122547334954194e-06,1.9873220007881028e-05,0.49928167041624055,6.935296550282326e-09,0.49928167041624055,2.6320519398807265e-09,0.0014041591461476128,9.805874310262323e-08,2.923868401339643e-07
EFT:1.0104241096782794e-05,2.122547334954209e-06,1.987322000788117e-05,0.499281670416237,6.935296550282277e-09,0.4992816704162441,2.6320519398807075e-09,0.0014041591461476227,9.805874310262393e-08,2.9238684013396224e-07
Random7886
Raw:1.0104241096782938e-05,2.122547334954239e-06,1.987322000788145e-05,0.499281670416237,6.935296550282277e-09,0.4992816704162441,2.632051939880745e-09,0.0014041591461476427,9.805874310262532e-08,2.9238684013396224e-07
EFT:1.0104241096782794e-05,2.122547334954209e-06,1.987322000788117e-05,0.499281670416237,6.935296550282277e-09,0.4992816704162441,2.6320519398807075e-09,0.0014041591461476227,9.805874310262393e-08,2.9238684013396224e-07
Random7887
Raw:1.0104241096783009e-05,2.122547334954224e-06,1.987322000788131e-05,0.49928167041623345,6.935296550282327e-09,0.49928167041624766,2.6320519398807638e-09,0.0014041591461476327,9.805874310262462e-08,2.923868401339685e-07
EFT:1.0104241096782794e-05,2.122547334954209e-06,1.987322000788117e-05,0.499281670416237,6.935296550282277e-09,0.4992816704162441,2.6320519398807075e-09,0.0014041591461476227,9.805874310262393e-08,2.9238684013396224e-07
Random7888
Raw:1.0104241096782867e-05,2.122547334954224e-06,1.987322000788131e-05,0.49928167041624055,6.935296550282326e-09,0.49928167041624055,2.6320519398807265e-09,0.0014041591461476327,9.805874310262462e-08,2.923868401339643e-07
EFT:1.0104241096782794e-05,2.122547334954209e-06,1.987322000788117e-05,0.499281670416237,6.935296550282277e-09,0.4992816704162441,2.6320519398807075e-09,0.0014041591461476227,9.805874310262393e-08,2.9238684013396224e-07
Random7889
Raw:1.0104241096782938e-05,2.1225473349541788e-06,1.9873220007880885e-05,0.499281670416237,6.935296550282277e-09,0.4992816704162441,2.632051939880745e-09,0.0014041591461476026,9.805874310262532e-08,2.9238684013396224e-07
EFT:1.0104241096782794e-05,2.122547334954209e-06,1.987322000788117e-05,0.499281670416237,6.935296550282277e-09,0.4992816704162441,2.6320519398807075e-09,0.0014041591461476227,9.805874310262393e-08,2.9238684013396224e-07
Random7890
Raw:1.010424109678301e-05,2.1225473349542546e-06,1.9873220007881594e-05,0.49928167041624055,6.935296550282425e-09,0.49928167041624055,2.6320519398807638e-09,0.0014041591461476527,9.805874310262462e-08,2.923868401339643e-07
EFT:1.0104241096782794e-05,2.122547334954209e-06,1.987322000788117e-05,0.499281670416237,6.935296550282277e-09,0.4992816704162441,2.6320519398807075e-09,0.0014041591461476227,9.805874310262393e-08,2.9238684013396224e-07
Random7891
Raw:1.0104241096782794e-05,2.122547334954209e-06,1.9873220007880885e-05,0.499281670416237,6.935296550282277e-09,0.4992816704162441,2.6320519398807075e-09,0.0014041591461476026,9.805874310262393e-08,2.9238684013396224e-07
EFT:1.0104241096782794e-05,2.122547334954209e-06,1.987322000788117e-05,0.499281670416237,6.935296550282277e-09,0.4992816704162441,2.6320519398807075e-09,0.0014041591461476227,9.805874310262393e-08,2.9238684013396224e-07
Random7892
Raw:1.0104241096782867e-05,2.122547334954194e-06,1.9873220007881028e-05,0.49928167041624055,6.935296550282228e-09,0.49928167041624055,2.632051939880689e-09,0.0014041591461476327,9.805874310262323e-08,2.923868401339602e-07
EFT:1.0104241096782794e-05,2.122547334954209e-06,1.987322000788117e-05,0.499281670416237,6.935296550282277e-09,0.4992816704162441,2.6320519398807075e-09,0.0014041591461476227,9.805874310262393e-08,2.9238684013396224e-07
Random7893
Raw:1.0104241096783009e-05,2.122547334954194e-06,1.9873220007881028e-05,0.49928167041623345,6.935296550282327e-09,0.49928167041624766,2.6320519398807638e-09,0.0014041591461476327,9.805874310262462e-08,2.9238684013396436e-07
EFT:1.0104241096782794e-05,2.122547334954209e-06,1.987322000788117e-05,0.499281670416237,6.935296550282277e-09,0.4992816704162441,2.6320519398807075e-09,0.0014041591461476227,9.805874310262393e-08,2.9238684013396224e-07
Random7894
Raw:1.0104241096782938e-05,2.1225473349541788e-06,1.9873220007880885e-05,0.499281670416237,6.935296550282277e-09,0.4992816704162441,2.632051939880745e-09,0.0014041591461476026,9.805874310262532e-08,2.9238684013396224e-07
EFT:1.0104241096782794e-05,2.122547334954209e-06,1.987322000788117e-05,0.499281670416237,6.935296550282277e-09,0.4992816704162441,2.6320519398807075e-09,0.0014041591461476227,9.805874310262393e-08,2.9238684013396224e-07
Random7895
Raw:1.0104241096782938e-05,2.122547334954209e-06,1.9873220007880885e-05,0.499281670416237,6.935296550282277e-09,0.4992816704162441,2.632051939880745e-09,0.0014041591461476227,9.805874310262532e-08,2.9238684013396224e-07
EFT:1.0104241096782794e-05,2.122547334954209e-06,1.987322000788117e-05,0.499281670416237,6.935296550282277e-09,0.4992816704162441,2.6320519398807075e-09,0.0014041591461476227,9.805874310262393e-08,2.9238684013396224e-07
Random7896
Raw:1.0104241096782794e-05,2.122547334954209e-06,1.9873220007880885e-05,0.499281670416237,6.935296550282277e-09,0.4992816704162441,2.632051939880745e-09,0.0014041591461476227,9.805874310262254e-08,2.9238684013396224e-07
EFT:1.0104241096782794e-05,2.122547334954209e-06,1.987322000788117e-05,0.499281670416237,6.935296550282277e-09,0.4992816704162441,2.6320519398807075e-09,0.0014041591461476227,9.805874310262393e-08,2.9238684013396224e-07
Random7897
Raw:1.0104241096782938e-05,2.122547334954209e-06,1.987322000788117e-05,0.499281670416237,6.935296550282277e-09,0.4992816704162441,2.632051939880745e-09,0.0014041591461476427,9.805874310262393e-08,2.9238684013396224e-07
EFT:1.0104241096782794e-05,2.122547334954209e-06,1.987322000788117e-05,0.499281670416237,6.935296550282277e-09,0.4992816704162441,2.6320519398807075e-09,0.0014041591461476227,9.805874310262393e-08,2.9238684013396224e-07
Random7898
Raw:1.0104241096782938e-05,2.122547334954209e-06,1.987322000788117e-05,0.499281670416237,6.935296550282277e-09,0.4992816704162441,2.632051939880745e-09,0.0014041591461476227,9.805874310262532e-08,2.9238684013396224e-07
EFT:1.0104241096782794e-05,2.122547334954209e-06,1.987322000788117e-05,0.499281670416237,6.935296550282277e-09,0.4992816704162441,2.6320519398807075e-09,0.0014041591461476227,9.805874310262393e-08,2.9238684013396224e-07
Random7899
Raw:1.0104241096782867e-05,2.122547334954224e-06,1.987322000788131e-05,0.49928167041624055,6.935296550282326e-09,0.49928167041624055,2.6320519398807265e-09,0.0014041591461476327,9.805874310262462e-08,2.923868401339643e-07
EFT:1.0104241096782794e-05,2.122547334954209e-06,1.987322000788117e-05,0.499281670416237,6.935296550282277e-09,0.4992816704162441,2.6320519398807075e-09,0.0014041591461476227,9.805874310262393e-08,2.9238684013396224e-07
Random7900
Raw:1.0104241096782865e-05,2.122547334954194e-06,1.9873220007881028e-05,0.49928167041623345,6.935296550282327e-09,0.49928167041624766,2.632051939880726e-09,0.0014041591461476126,9.805874310262462e-08,2.9238684013396436e-07
EFT:1.0104241096782794e-05,2.122547334954209e-06,1.987322000788117e-05,0.499281670416237,6.935296550282277e-09,0.4992816704162441,2.6320519398807075e-09,0.0014041591461476227,9.805874310262393e-08,2.9238684013396224e-07
Random7901
Raw:1.0104241096782794e-05,2.122547334954209e-06,1.987322000788117e-05,0.499281670416237,6.935296550282277e-09,0.4992816704162441,2.632051939880745e-09,0.0014041591461476227,9.805874310262254e-08,2.9238684013396224e-07
EFT:1.0104241096782794e-05,2.122547334954209e-06,1.987322000788117e-05,0.499281670416237,6.935296550282277e-09,0.4992816704162441,2.6320519398807075e-09,0.0014041591461476227,9.805874310262393e-08,2.9238684013396224e-07
Random7902
Raw:1.0104241096782867e-05,2.122547334954224e-06,1.987322000788131e-05,0.49928167041624055,6.935296550282326e-09,0.49928167041624055,2.6320519398807265e-09,0.0014041591461476327,9.805874310262462e-08,2.923868401339643e-07
EFT:1.0104241096782794e-05,2.122547334954209e-06,1.987322000788117e-05,0.499281670416237,6.935296550282277e-09,0.4992816704162441,2.6320519398807075e-09,0.0014041591461476227,9.805874310262393e-08,2.9238684013396224e-07
Random7903
Raw:1.0104241096782867e-05,2.122547334954224e-06,1.987322000788131e-05,0.49928167041624055,6.935296550282326e-09,0.49928167041624055,2.6320519398807638e-09,0.0014041591461476327,9.805874310262462e-08,2.923868401339643e-07
EFT:1.0104241096782794e-05,2.122547334954209e-06,1.987322000788117e-05,0.499281670416237,6.935296550282277e-09,0.4992816704162441,2.6320519398807075e-09,0.0014041591461476227,9.805874310262393e-08,2.9238684013396224e-07
Random7904
Raw:1.0104241096782938e-05,2.122547334954209e-06,1.987322000788117e-05,0.499281670416237,6.9352965502823754e-09,0.4992816704162441,2.6320519398807824e-09,0.0014041591461476227,9.805874310262532e-08,2.9238684013396637e-07
EFT:1.0104241096782794e-05,2.122547334954209e-06,1.987322000788117e-05,0.499281670416237,6.935296550282277e-09,0.4992816704162441,2.6320519398807075e-09,0.0014041591461476227,9.805874310262393e-08,2.9238684013396224e-07
Random7905
Raw:1.0104241096782938e-05,2.122547334954209e-06,1.9873220007880885e-05,0.499281670416237,6.935296550282277e-09,0.4992816704162441,2.632051939880745e-09,0.0014041591461476227,9.805874310262393e-08,2.9238684013396224e-07
EFT:1.0104241096782794e-05,2.122547334954209e-06,1.987322000788117e-05,0.499281670416237,6.935296550282277e-09,0.4992816704162441,2.6320519398807075e-09,0.0014041591461476227,9.805874310262393e-08,2.9238684013396224e-07
Random7906
Raw:1.0104241096782938e-05,2.122547334954209e-06,1.9873220007880885e-05,0.499281670416237,6.935296550282277e-09,0.4992816704162441,2.632051939880745e-09,0.0014041591461476227,9.805874310262393e-08,2.9238684013396224e-07
EFT:1.0104241096782794e-05,2.122547334954209e-06,1.987322000788117e-05,0.499281670416237,6.935296550282277e-09,0.4992816704162441,2.6320519398807075e-09,0.0014041591461476227,9.805874310262393e-08,2.9238684013396224e-07
Random7907
Raw:1.0104241096782938e-05,2.122547334954239e-06,1.987322000788117e-05,0.499281670416237,6.935296550282277e-09,0.4992816704162441,2.632051939880745e-09,0.0014041591461476427,9.805874310262393e-08,2.9238684013396637e-07
EFT:1.0104241096782794e-05,2.122547334954209e-06,1.987322000788117e-05,0.499281670416237,6.935296550282277e-09,0.4992816704162441,2.6320519398807075e-09,0.0014041591461476227,9.805874310262393e-08,2.9238684013396224e-07
Random7908
Raw:1.0104241096782938e-05,2.122547334954239e-06,1.987322000788117e-05,0.499281670416237,6.9352965502823754e-09,0.4992816704162441,2.632051939880745e-09,0.0014041591461476227,9.805874310262532e-08,2.9238684013396637e-07
EFT:1.0104241096782794e-05,2.122547334954209e-06,1.987322000788117e-05,0.499281670416237,6.935296550282277e-09,0.4992816704162441,2.6320519398807075e-09,0.0014041591461476227,9.805874310262393e-08,2.9238684013396224e-07
Random7909
Raw:1.0104241096782867e-05,2.122547334954194e-06,1.9873220007881028e-05,0.49928167041624055,6.935296550282326e-09,0.49928167041624055,2.6320519398807265e-09,0.0014041591461476128,9.805874310262323e-08,2.923868401339643e-07
EFT:1.0104241096782794e-05,2.122547334954209e-06,1.987322000788117e-05,0.499281670416237,6.935296550282277e-09,0.4992816704162441,2.6320519398807075e-09,0.0014041591461476227,9.805874310262393e-08,2.9238684013396224e-07
Random7910
Raw:1.0104241096782938e-05,2.122547334954209e-06,1.987322000788117e-05,0.499281670416237,6.9352965502823754e-09,0.4992816704162441,2.632051939880745e-09,0.0014041591461476227,9.805874310262532e-08,2.9238684013396637e-07
EFT:1.0104241096782794e-05,2.122547334954209e-06,1.987322000788117e-05,0.499281670416237,6.935296550282277e-09,0.4992816704162441,2.6320519398807075e-09,0.0014041591461476227,9.805874310262393e-08,2.9238684013396224e-07
Random7911
Raw:1.0104241096782794e-05,2.122547334954209e-06,1.9873220007880885e-05,0.499281670416237,6.935296550282277e-09,0.4992816704162441,2.632051939880745e-09,0.0014041591461476227,9.805874310262254e-08,2.9238684013396224e-07
EFT:1.0104241096782794e-05,2.122547334954209e-06,1.987322000788117e-05,0.499281670416237,6.935296550282277e-09,0.4992816704162441,2.6320519398807075e-09,0.0014041591461476227,9.805874310262393e-08,2.9238684013396224e-07
Random7912
Raw:1.0104241096782938e-05,2.122547334954239e-06,1.987322000788117e-05,0.499281670416237,6.935296550282277e-09,0.4992816704162441,2.632051939880745e-09,0.0014041591461476427,9.805874310262532e-08,2.9238684013396224e-07
EFT:1.0104241096782794e-05,2.122547334954209e-06,1.987322000788117e-05,0.499281670416237,6.935296550282277e-09,0.4992816704162441,2.6320519398807075e-09,0.0014041591461476227,9.805874310262393e-08,2.9238684013396224e-07
Random7913
Raw:1.0104241096782867e-05,2.1225473349542546e-06,1.987322000788131e-05,0.49928167041624055,6.935296550282326e-09,0.49928167041624055,2.6320519398807638e-09,0.0014041591461476128,9.805874310262462e-08,2.923868401339643e-07
EFT:1.0104241096782794e-05,2.122547334954209e-06,1.987322000788117e-05,0.499281670416237,6.935296550282277e-09,0.4992816704162441,2.6320519398807075e-09,0.0014041591461476227,9.805874310262393e-08,2.9238684013396224e-07
Random7914
Raw:1.0104241096782867e-05,2.122547334954224e-06,1.987322000788131e-05,0.49928167041624055,6.935296550282326e-09,0.49928167041624055,2.6320519398807265e-09,0.0014041591461476327,9.805874310262462e-08,2.923868401339643e-07
EFT:1.0104241096782794e-05,2.122547334954209e-06,1.987322000788117e-05,0.499281670416237,6.935296550282277e-09,0.4992816704162441,2.6320519398807075e-09,0.0014041591461476227,9.805874310262393e-08,2.9238684013396224e-07
Random7915
Raw:1.0104241096782867e-05,2.122547334954224e-06,1.987322000788131e-05,0.49928167041624055,6.935296550282326e-09,0.49928167041624055,2.6320519398807265e-09,0.0014041591461476128,9.805874310262462e-08,2.923868401339643e-07
EFT:1.0104241096782794e-05,2.122547334954209e-06,1.987322000788117e-05,0.499281670416237,6.935296550282277e-09,0.4992816704162441,2.6320519398807075e-09,0.0014041591461476227,9.805874310262393e-08,2.9238684013396224e-07
Random7916
Raw:1.0104241096782794e-05,2.122547334954209e-06,1.987322000788117e-05,0.499281670416237,6.935296550282277e-09,0.4992816704162441,2.632051939880745e-09,0.0014041591461476227,9.805874310262254e-08,2.9238684013396224e-07
EFT:1.0104241096782794e-05,2.122547334954209e-06,1.987322000788117e-05,0.499281670416237,6.935296550282277e-09,0.4992816704162441,2.6320519398807075e-09,0.0014041591461476227,9.805874310262393e-08,2.9238684013396224e-07
Random7917
Raw:1.0104241096782938e-05,2.122547334954209e-06,1.987322000788117e-05,0.499281670416237,6.9352965502823754e-09,0.4992816704162441,2.632051939880745e-09,0.0014041591461476227,9.805874310262393e-08,2.9238684013396637e-07
EFT:1.0104241096782794e-05,2.122547334954209e-06,1.987322000788117e-05,0.499281670416237,6.935296550282277e-09,0.4992816704162441,2.6320519398807075e-09,0.0014041591461476227,9.805874310262393e-08,2.9238684013396224e-07
Random7918
Raw:1.0104241096783009e-05,2.122547334954224e-06,1.987322000788131e-05,0.49928167041623345,6.935296550282327e-09,0.49928167041624766,2.632051939880801e-09,0.0014041591461476126,9.805874310262462e-08,2.923868401339685e-07
EFT:1.0104241096782794e-05,2.122547334954209e-06,1.987322000788117e-05,0.499281670416237,6.935296550282277e-09,0.4992816704162441,2.6320519398807075e-09,0.0014041591461476227,9.805874310262393e-08,2.9238684013396224e-07
Random7919
Raw:1.0104241096782867e-05,2.122547334954194e-06,1.9873220007881028e-05,0.49928167041624055,6.935296550282228e-09,0.49928167041624055,2.632051939880689e-09,0.0014041591461476128,9.805874310262462e-08,2.923868401339602e-07
EFT:1.0104241096782794e-05,2.122547334954209e-06,1.987322000788117e-05,0.499281670416237,6.935296550282277e-09,0.4992816704162441,2.6320519398807075e-09,0.0014041591461476227,9.805874310262393e-08,2.9238684013396224e-07
Random7920
Raw:1.0104241096783009e-05,2.122547334954194e-06,1.9873220007881028e-05,0.49928167041623345,6.935296550282327e-09,0.49928167041624766,2.6320519398807638e-09,0.0014041591461476327,9.805874310262462e-08,2.9238684013396436e-07
EFT:1.0104241096782794e-05,2.122547334954209e-06,1.987322000788117e-05,0.499281670416237,6.935296550282277e-09,0.4992816704162441,2.6320519398807075e-09,0.0014041591461476227,9.805874310262393e-08,2.9238684013396224e-07
Random7921
Raw:1.0104241096783009e-05,2.122547334954224e-06,1.987322000788131e-05,0.49928167041623345,6.935296550282327e-09,0.49928167041624766,2.6320519398807638e-09,0.0014041591461476327,9.805874310262601e-08,2.9238684013396436e-07
EFT:1.0104241096782794e-05,2.122547334954209e-06,1.987322000788117e-05,0.499281670416237,6.935296550282277e-09,0.4992816704162441,2.6320519398807075e-09,0.0014041591461476227,9.805874310262393e-08,2.9238684013396224e-07
Random7922
Raw:1.0104241096782723e-05,2.122547334954194e-06,1.9873220007881028e-05,0.49928167041624055,6.935296550282228e-09,0.49928167041624055,2.6320519398806513e-09,0.0014041591461476128,9.805874310262323e-08,2.923868401339602e-07
EFT:1.0104241096782794e-05,2.122547334954209e-06,1.987322000788117e-05,0.499281670416237,6.935296550282277e-09,0.4992816704162441,2.6320519398807075e-09,0.0014041591461476227,9.805874310262393e-08,2.9238684013396224e-07
Random7923
Raw:1.0104241096782794e-05,2.122547334954209e-06,1.9873220007880885e-05,0.499281670416237,6.935296550282277e-09,0.4992816704162441,2.632051939880745e-09,0.0014041591461476227,9.805874310262254e-08,2.9238684013396224e-07
EFT:1.0104241096782794e-05,2.122547334954209e-06,1.987322000788117e-05,0.499281670416237,6.935296550282277e-09,0.4992816704162441,2.6320519398807075e-09,0.0014041591461476227,9.805874310262393e-08,2.9238684013396224e-07
Random7924
Raw:1.0104241096782867e-05,2.122547334954194e-06,1.9873220007881028e-05,0.49928167041624055,6.935296550282326e-09,0.49928167041624055,2.6320519398807265e-09,0.0014041591461476128,9.805874310262602e-08,2.923868401339643e-07
EFT:1.0104241096782794e-05,2.122547334954209e-06,1.987322000788117e-05,0.499281670416237,6.935296550282277e-09,0.4992816704162441,2.6320519398807075e-09,0.0014041591461476227,9.805874310262393e-08,2.9238684013396224e-07
Random7925
Raw:1.0104241096782938e-05,2.122547334954209e-06,1.987322000788117e-05,0.499281670416237,6.9352965502823754e-09,0.4992816704162441,2.6320519398807824e-09,0.0014041591461476227,9.805874310262532e-08,2.9238684013396637e-07
EFT:1.0104241096782794e-05,2.122547334954209e-06,1.987322000788117e-05,0.499281670416237,6.935296550282277e-09,0.4992816704162441,2.6320519398807075e-09,0.0014041591461476227,9.805874310262393e-08,2.9238684013396224e-07
Random7926
Raw:1.0104241096782794e-05,2.122547334954209e-06,1.987322000788117e-05,0.499281670416237,6.935296550282277e-09,0.4992816704162441,2.6320519398807075e-09,0.0014041591461476026,9.805874310262393e-08,2.9238684013396224e-07
EFT:1.0104241096782794e-05,2.122547334954209e-06,1.987322000788117e-05,0.499281670416237,6.935296550282277e-09,0.4992816704162441,2.6320519398807075e-09,0.0014041591461476227,9.805874310262393e-08,2.9238684013396224e-07
Random7927
Raw:1.0104241096782938e-05,2.122547334954209e-06,1.987322000788117e-05,0.499281670416237,6.935296550282277e-09,0.4992816704162441,2.632051939880745e-09,0.0014041591461476227,9.805874310262393e-08,2.9238684013396637e-07
EFT:1.0104241096782794e-05,2.122547334954209e-06,1.987322000788117e-05,0.499281670416237,6.935296550282277e-09,0.4992816704162441,2.6320519398807075e-09,0.0014041591461476227,9.805874310262393e-08,2.9238684013396224e-07
Random7928
Raw:1.0104241096782938e-05,2.122547334954209e-06,1.987322000788117e-05,0.499281670416237,6.935296550282277e-09,0.4992816704162441,2.632051939880745e-09,0.0014041591461476227,9.805874310262532e-08,2.9238684013396224e-07
EFT:1.0104241096782794e-05,2.122547334954209e-06,1.987322000788117e-05,0.499281670416237,6.935296550282277e-09,0.4992816704162441,2.6320519398807075e-09,0.0014041591461476227,9.805874310262393e-08,2.9238684013396224e-07
Random7929
Raw:1.0104241096782794e-05,2.1225473349541788e-06,1.9873220007880885e-05,0.499281670416237,6.935296550282277e-09,0.4992816704162441,2.632051939880745e-09,0.0014041591461476026,9.805874310262254e-08,2.9238684013396224e-07
EFT:1.0104241096782794e-05,2.122547334954209e-06,1.987322000788117e-05,0.499281670416237,6.935296550282277e-09,0.4992816704162441,2.6320519398807075e-09,0.0014041591461476227,9.805874310262393e-08,2.9238684013396224e-07
Random7930
Raw:1.0104241096782938e-05,2.122547334954239e-06,1.987322000788117e-05,0.499281670416237,6.935296550282277e-09,0.4992816704162441,2.632051939880745e-09,0.0014041591461476427,9.805874310262532e-08,2.9238684013396224e-07
EFT:1.0104241096782794e-05,2.122547334954209e-06,1.987322000788117e-05,0.499281670416237,6.935296550282277e-09,0.4992816704162441,2.6320519398807075e-09,0.0014041591461476227,9.805874310262393e-08,2.9238684013396224e-07
Random7931
Raw:1.0104241096782794e-05,2.122547334954209e-06,1.987322000788117e-05,0.4992816704162441,6.935296550282277e-09,0.499281670416237,2.63205193988067e-09,0.0014041591461476227,9.805874310262393e-08,2.9238684013396224e-07
EFT:1.0104241096782794e-05,2.122547334954209e-06,1.987322000788117e-05,0.499281670416237,6.935296550282277e-09,0.4992816704162441,2.6320519398807075e-09,0.0014041591461476227,9.805874310262393e-08,2.9238684013396224e-07
Random7932
Raw:1.0104241096782938e-05,2.122547334954209e-06,1.987322000788117e-05,0.499281670416237,6.9352965502823754e-09,0.4992816704162441,2.632051939880745e-09,0.0014041591461476227,9.805874310262532e-08,2.9238684013396637e-07
EFT:1.0104241096782794e-05,2.122547334954209e-06,1.987322000788117e-05,0.499281670416237,6.935296550282277e-09,0.4992816704162441,2.6320519398807075e-09,0.0014041591461476227,9.805874310262393e-08,2.9238684013396224e-07
Random7933
Raw:1.0104241096782938e-05,2.122547334954209e-06,1.987322000788117e-05,0.499281670416237,6.9352965502823754e-09,0.4992816704162441,2.6320519398807824e-09,0.0014041591461476026,9.805874310262672e-08,2.9238684013396637e-07
EFT:1.0104241096782794e-05,2.122547334954209e-06,1.987322000788117e-05,0.499281670416237,6.935296550282277e-09,0.4992816704162441,2.6320519398807075e-09,0.0014041591461476227,9.805874310262393e-08,2.9238684013396224e-07
Random7934
Raw:1.0104241096782794e-05,2.122547334954209e-06,1.987322000788117e-05,0.499281670416237,6.9352965502821786e-09,0.4992816704162441,2.632051939880745e-09,0.0014041591461476227,9.805874310262254e-08,2.9238684013396224e-07
EFT:1.0104241096782794e-05,2.122547334954209e-06,1.987322000788117e-05,0.499281670416237,6.935296550282277e-09,0.4992816704162441,2.6320519398807075e-09,0.0014041591461476227,9.805874310262393e-08,2.9238684013396224e-07
Random7935
Raw:1.0104241096782867e-05,2.122547334954224e-06,1.9873220007881028e-05,0.49928167041624055,6.935296550282326e-09,0.49928167041624055,2.6320519398807638e-09,0.0014041591461476128,9.805874310262462e-08,2.923868401339643e-07
EFT:1.0104241096782794e-05,2.122547334954209e-06,1.987322000788117e-05,0.499281670416237,6.935296550282277e-09,0.4992816704162441,2.6320519398807075e-09,0.0014041591461476227,9.805874310262393e-08,2.9238684013396224e-07
Random7936
Raw:1.0104241096782938e-05,2.122547334954209e-06,1.987322000788117e-05,0.499281670416237,6.935296550282277e-09,0.4992816704162441,2.632051939880745e-09,0.0014041591461476227,9.805874310262532e-08,2.9238684013396224e-07
EFT:1.0104241096782794e-05,2.122547334954209e-06,1.987322000788117e-05,0.499281670416237,6.935296550282277e-09,0.4992816704162441,2.6320519398807075e-09,0.0014041591461476227,9.805874310262393e-08,2.9238684013396224e-07
Random7937
Raw:1.0104241096782867e-05,2.122547334954194e-06,1.9873220007881028e-05,0.49928167041624055,6.935296550282326e-09,0.49928167041624055,2.6320519398807265e-09,0.0014041591461476128,9.805874310262602e-08,2.923868401339643e-07
EFT:1.0104241096782794e-05,2.122547334954209e-06,1.987322000788117e-05,0.499281670416237,6.935296550282277e-09,0.4992816704162441,2.6320519398807075e-09,0.0014041591461476227,9.805874310262393e-08,2.9238684013396224e-07
Random7938
Raw:1.0104241096782938e-05,2.1225473349541788e-06,1.9873220007880885e-05,0.499281670416237,6.935296550282277e-09,0.4992816704162441,2.632051939880745e-09,0.0014041591461476026,9.805874310262532e-08,2.9238684013396224e-07
EFT:1.0104241096782794e-05,2.122547334954209e-06,1.987322000788117e-05,0.499281670416237,6.935296550282277e-09,0.4992816704162441,2.6320519398807075e-09,0.0014041591461476227,9.805874310262393e-08,2.9238684013396224e-07
Random7939
Raw:1.0104241096783009e-05,2.122547334954224e-06,1.987322000788131e-05,0.49928167041623345,6.935296550282327e-09,0.49928167041624766,2.6320519398807638e-09,0.0014041591461476327,9.805874310262601e-08,2.9238684013396436e-07
EFT:1.0104241096782794e-05,2.122547334954209e-06,1.987322000788117e-05,0.499281670416237,6.935296550282277e-09,0.4992816704162441,2.6320519398807075e-09,0.0014041591461476227,9.805874310262393e-08,2.9238684013396224e-07
Random7940
Raw:1.0104241096782938e-05,2.122547334954209e-06,1.987322000788117e-05,0.499281670416237,6.935296550282277e-09,0.4992816704162441,2.632051939880745e-09,0.0014041591461476227,9.805874310262532e-08,2.9238684013396224e-07
EFT:1.0104241096782794e-05,2.122547334954209e-06,1.987322000788117e-05,0.499281670416237,6.935296550282277e-09,0.4992816704162441,2.6320519398807075e-09,0.0014041591461476227,9.805874310262393e-08,2.9238684013396224e-07
Random7941
Raw:1.0104241096783009e-05,2.122547334954224e-06,1.9873220007881028e-05,0.49928167041623345,6.935296550282327e-09,0.49928167041624766,2.6320519398807638e-09,0.0014041591461476327,9.805874310262601e-08,2.9238684013396436e-07
EFT:1.0104241096782794e-05,2.122547334954209e-06,1.987322000788117e-05,0.499281670416237,6.935296550282277e-09,0.4992816704162441,2.6320519398807075e-09,0.0014041591461476227,9.805874310262393e-08,2.9238684013396224e-07
Random7942
Raw:1.0104241096782867e-05,2.122547334954224e-06,1.987322000788131e-05,0.49928167041624055,6.935296550282326e-09,0.49928167041624055,2.6320519398807265e-09,0.0014041591461476327,9.805874310262462e-08,2.923868401339643e-07
EFT:1.0104241096782794e-05,2.122547334954209e-06,1.987322000788117e-05,0.499281670416237,6.935296550282277e-09,0.4992816704162441,2.6320519398807075e-09,0.0014041591461476227,9.805874310262393e-08,2.9238684013396224e-07
Random7943
Raw:1.0104241096782938e-05,2.122547334954209e-06,1.987322000788117e-05,0.499281670416237,6.9352965502823754e-09,0.4992816704162441,2.632051939880745e-09,0.0014041591461476227,9.805874310262393e-08,2.9238684013396637e-07
EFT:1.0104241096782794e-05,2.122547334954209e-06,1.987322000788117e-05,0.499281670416237,6.935296550282277e-09,0.4992816704162441,2.6320519398807075e-09,0.0014041591461476227,9.805874310262393e-08,2.9238684013396224e-07
Random7944
Raw:1.0104241096782938e-05,2.122547334954209e-06,1.987322000788117e-05,0.499281670416237,6.9352965502823754e-09,0.4992816704162441,2.6320519398807824e-09,0.0014041591461476227,9.805874310262532e-08,2.9238684013396637e-07
EFT:1.0104241096782794e-05,2.122547334954209e-06,1.987322000788117e-05,0.499281670416237,6.935296550282277e-09,0.4992816704162441,2.6320519398807075e-09,0.0014041591461476227,9.805874310262393e-08,2.9238684013396224e-07
Random7945
Raw:1.0104241096782794e-05,2.122547334954209e-06,1.9873220007880885e-05,0.499281670416237,6.935296550282277e-09,0.4992816704162441,2.632051939880745e-09,0.0014041591461476227,9.805874310262254e-08,2.9238684013396224e-07
EFT:1.0104241096782794e-05,2.122547334954209e-06,1.987322000788117e-05,0.499281670416237,6.935296550282277e-09,0.4992816704162441,2.6320519398807075e-09,0.0014041591461476227,9.805874310262393e-08,2.9238684013396224e-07
Random7946
Raw:1.0104241096782867e-05,2.122547334954224e-06,1.987322000788131e-05,0.49928167041624055,6.935296550282326e-09,0.49928167041624055,2.6320519398807265e-09,0.0014041591461476327,9.805874310262462e-08,2.923868401339643e-07
EFT:1.0104241096782794e-05,2.122547334954209e-06,1.987322000788117e-05,0.499281670416237,6.935296550282277e-09,0.4992816704162441,2.6320519398807075e-09,0.0014041591461476227,9.805874310262393e-08,2.9238684013396224e-07
Random7947
Raw:1.0104241096782938e-05,2.122547334954239e-06,1.987322000788117e-05,0.499281670416237,6.935296550282277e-09,0.4992816704162441,2.632051939880745e-09,0.0014041591461476427,9.805874310262393e-08,2.9238684013396637e-07
EFT:1.0104241096782794e-05,2.122547334954209e-06,1.987322000788117e-05,0.499281670416237,6.935296550282277e-09,0.4992816704162441,2.6320519398807075e-09,0.0014041591461476227,9.805874310262393e-08,2.9238684013396224e-07
Random7948
Raw:1.0104241096782938e-05,2.122547334954239e-06,1.987322000788145e-05,0.499281670416237,6.935296550282277e-09,0.4992816704162441,2.632051939880745e-09,0.0014041591461476227,9.805874310262532e-08,2.9238684013396224e-07
EFT:1.0104241096782794e-05,2.122547334954209e-06,1.987322000788117e-05,0.499281670416237,6.935296550282277e-09,0.4992816704162441,2.6320519398807075e-09,0.0014041591461476227,9.805874310262393e-08,2.9238684013396224e-07
Random7949
Raw:1.010424109678301e-05,2.1225473349542546e-06,1.9873220007881594e-05,0.49928167041624055,6.935296550282425e-09,0.49928167041624055,2.6320519398807638e-09,0.0014041591461476527,9.805874310262462e-08,2.923868401339643e-07
EFT:1.0104241096782794e-05,2.122547334954209e-06,1.987322000788117e-05,0.499281670416237,6.935296550282277e-09,0.4992816704162441,2.6320519398807075e-09,0.0014041591461476227,9.805874310262393e-08,2.9238684013396224e-07
Random7950
Raw:1.0104241096782794e-05,2.122547334954209e-06,1.987322000788117e-05,0.4992816704162441,6.935296550282277e-09,0.499281670416237,2.63205193988067e-09,0.0014041591461476427,9.805874310262393e-08,2.9238684013396224e-07
EFT:1.0104241096782794e-05,2.122547334954209e-06,1.987322000788117e-05,0.499281670416237,6.935296550282277e-09,0.4992816704162441,2.6320519398807075e-09,0.0014041591461476227,9.805874310262393e-08,2.9238684013396224e-07
Random7951
Raw:1.0104241096782938e-05,2.122547334954239e-06,1.987322000788145e-05,0.499281670416237,6.9352965502823754e-09,0.4992816704162441,2.632051939880745e-09,0.0014041591461476227,9.805874310262672e-08,2.9238684013396637e-07
EFT:1.0104241096782794e-05,2.122547334954209e-06,1.987322000788117e-05,0.499281670416237,6.935296550282277e-09,0.4992816704162441,2.6320519398807075e-09,0.0014041591461476227,9.805874310262393e-08,2.9238684013396224e-07
Random7952
Raw:1.0104241096782867e-05,2.122547334954224e-06,1.9873220007881028e-05,0.49928167041624055,6.935296550282326e-09,0.49928167041624055,2.6320519398807265e-09,0.0014041591461476327,9.805874310262323e-08,2.923868401339643e-07
EFT:1.0104241096782794e-05,2.122547334954209e-06,1.987322000788117e-05,0.499281670416237,6.935296550282277e-09,0.4992816704162441,2.6320519398807075e-09,0.0014041591461476227,9.805874310262393e-08,2.9238684013396224e-07
Random7953
Raw:1.0104241096782938e-05,2.122547334954239e-06,1.9873220007880885e-05,0.499281670416237,6.935296550282277e-09,0.4992816704162441,2.632051939880745e-09,0.0014041591461476227,9.805874310262532e-08,2.9238684013396224e-07
EFT:1.0104241096782794e-05,2.122547334954209e-06,1.987322000788117e-05,0.499281670416237,6.935296550282277e-09,0.4992816704162441,2.6320519398807075e-09,0.0014041591461476227,9.805874310262393e-08,2.9238684013396224e-07
Random7954
Raw:1.0104241096782938e-05,2.122547334954209e-06,1.987322000788117e-05,0.499281670416237,6.9352965502823754e-09,0.4992816704162441,2.632051939880745e-09,0.0014041591461476227,9.805874310262532e-08,2.9238684013396637e-07
EFT:1.0104241096782794e-05,2.122547334954209e-06,1.987322000788117e-05,0.499281670416237,6.935296550282277e-09,0.4992816704162441,2.6320519398807075e-09,0.0014041591461476227,9.805874310262393e-08,2.9238684013396224e-07
Random7955
Raw:1.0104241096782938e-05,2.122547334954209e-06,1.987322000788117e-05,0.499281670416237,6.9352965502823754e-09,0.4992816704162441,2.6320519398807824e-09,0.0014041591461476227,9.805874310262532e-08,2.9238684013396637e-07
EFT:1.0104241096782794e-05,2.122547334954209e-06,1.987322000788117e-05,0.499281670416237,6.935296550282277e-09,0.4992816704162441,2.6320519398807075e-09,0.0014041591461476227,9.805874310262393e-08,2.9238684013396224e-07
Random7956
Raw:1.0104241096782938e-05,2.122547334954209e-06,1.987322000788117e-05,0.499281670416237,6.935296550282277e-09,0.4992816704162441,2.632051939880745e-09,0.0014041591461476227,9.805874310262532e-08,2.9238684013396224e-07
EFT:1.0104241096782794e-05,2.122547334954209e-06,1.987322000788117e-05,0.499281670416237,6.935296550282277e-09,0.4992816704162441,2.6320519398807075e-09,0.0014041591461476227,9.805874310262393e-08,2.9238684013396224e-07
Random7957
Raw:1.0104241096782938e-05,2.122547334954239e-06,1.987322000788117e-05,0.499281670416237,6.9352965502823754e-09,0.4992816704162441,2.6320519398807824e-09,0.0014041591461476227,9.805874310262532e-08,2.9238684013396637e-07
EFT:1.0104241096782794e-05,2.122547334954209e-06,1.987322000788117e-05,0.499281670416237,6.935296550282277e-09,0.4992816704162441,2.6320519398807075e-09,0.0014041591461476227,9.805874310262393e-08,2.9238684013396224e-07
Random7958
Raw:1.0104241096782938e-05,2.122547334954209e-06,1.987322000788117e-05,0.499281670416237,6.935296550282277e-09,0.4992816704162441,2.632051939880745e-09,0.0014041591461476227,9.805874310262532e-08,2.9238684013396224e-07
EFT:1.0104241096782794e-05,2.122547334954209e-06,1.987322000788117e-05,0.499281670416237,6.935296550282277e-09,0.4992816704162441,2.6320519398807075e-09,0.0014041591461476227,9.805874310262393e-08,2.9238684013396224e-07
Random7959
Raw:1.0104241096782938e-05,2.122547334954209e-06,1.987322000788117e-05,0.499281670416237,6.935296550282277e-09,0.4992816704162441,2.632051939880745e-09,0.0014041591461476227,9.805874310262532e-08,2.9238684013396224e-07
EFT:1.0104241096782794e-05,2.122547334954209e-06,1.987322000788117e-05,0.499281670416237,6.935296550282277e-09,0.4992816704162441,2.6320519398807075e-09,0.0014041591461476227,9.805874310262393e-08,2.9238684013396224e-07
Random7960
Raw:1.0104241096782938e-05,2.122547334954209e-06,1.987322000788117e-05,0.499281670416237,6.9352965502823754e-09,0.4992816704162441,2.632051939880745e-09,0.0014041591461476227,9.805874310262532e-08,2.9238684013396637e-07
EFT:1.0104241096782794e-05,2.122547334954209e-06,1.987322000788117e-05,0.499281670416237,6.935296550282277e-09,0.4992816704162441,2.6320519398807075e-09,0.0014041591461476227,9.805874310262393e-08,2.9238684013396224e-07
Random7961
Raw:1.0104241096782794e-05,2.122547334954209e-06,1.987322000788117e-05,0.4992816704162441,6.935296550282277e-09,0.499281670416237,2.63205193988067e-09,0.0014041591461476227,9.805874310262532e-08,2.9238684013396224e-07
EFT:1.0104241096782794e-05,2.122547334954209e-06,1.987322000788117e-05,0.499281670416237,6.935296550282277e-09,0.4992816704162441,2.6320519398807075e-09,0.0014041591461476227,9.805874310262393e-08,2.9238684013396224e-07
Random7962
Raw:1.0104241096783009e-05,2.122547334954194e-06,1.9873220007881028e-05,0.49928167041623345,6.935296550282327e-09,0.49928167041624766,2.6320519398807638e-09,0.0014041591461476327,9.805874310262462e-08,2.9238684013396436e-07
EFT:1.0104241096782794e-05,2.122547334954209e-06,1.987322000788117e-05,0.499281670416237,6.935296550282277e-09,0.4992816704162441,2.6320519398807075e-09,0.0014041591461476227,9.805874310262393e-08,2.9238684013396224e-07
Random7963
Raw:1.0104241096783009e-05,2.122547334954194e-06,1.9873220007881028e-05,0.49928167041623345,6.935296550282327e-09,0.49928167041624766,2.6320519398807638e-09,0.0014041591461476327,9.805874310262462e-08,2.9238684013396436e-07
EFT:1.0104241096782794e-05,2.122547334954209e-06,1.987322000788117e-05,0.499281670416237,6.935296550282277e-09,0.4992816704162441,2.6320519398807075e-09,0.0014041591461476227,9.805874310262393e-08,2.9238684013396224e-07
Random7964
Raw:1.0104241096782938e-05,2.122547334954209e-06,1.987322000788117e-05,0.499281670416237,6.9352965502823754e-09,0.4992816704162441,2.6320519398807824e-09,0.0014041591461476227,9.805874310262532e-08,2.9238684013396637e-07
EFT:1.0104241096782794e-05,2.122547334954209e-06,1.987322000788117e-05,0.499281670416237,6.935296550282277e-09,0.4992816704162441,2.6320519398807075e-09,0.0014041591461476227,9.805874310262393e-08,2.9238684013396224e-07
Random7965
Raw:1.0104241096783009e-05,2.122547334954224e-06,1.987322000788131e-05,0.49928167041623345,6.935296550282327e-09,0.49928167041624766,2.6320519398807638e-09,0.0014041591461476327,9.805874310262601e-08,2.9238684013396436e-07
EFT:1.0104241096782794e-05,2.122547334954209e-06,1.987322000788117e-05,0.499281670416237,6.935296550282277e-09,0.4992816704162441,2.6320519398807075e-09,0.0014041591461476227,9.805874310262393e-08,2.9238684013396224e-07
Random7966
Raw:1.0104241096783009e-05,2.122547334954224e-06,1.9873220007881028e-05,0.49928167041623345,6.935296550282327e-09,0.49928167041624766,2.6320519398807638e-09,0.0014041591461476327,9.805874310262601e-08,2.9238684013396436e-07
EFT:1.0104241096782794e-05,2.122547334954209e-06,1.987322000788117e-05,0.499281670416237,6.935296550282277e-09,0.4992816704162441,2.6320519398807075e-09,0.0014041591461476227,9.805874310262393e-08,2.9238684013396224e-07
Random7967
Raw:1.0104241096782867e-05,2.1225473349542546e-06,1.987322000788131e-05,0.49928167041624055,6.935296550282326e-09,0.49928167041624055,2.6320519398807638e-09,0.0014041591461476327,9.805874310262462e-08,2.923868401339643e-07
EFT:1.0104241096782794e-05,2.122547334954209e-06,1.987322000788117e-05,0.499281670416237,6.935296550282277e-09,0.4992816704162441,2.6320519398807075e-09,0.0014041591461476227,9.805874310262393e-08,2.9238684013396224e-07
Random7968
Raw:1.0104241096782938e-05,2.122547334954239e-06,1.9873220007880885e-05,0.499281670416237,6.935296550282277e-09,0.4992816704162441,2.632051939880745e-09,0.0014041591461476227,9.805874310262532e-08,2.9238684013396224e-07
EFT:1.0104241096782794e-05,2.122547334954209e-06,1.987322000788117e-05,0.499281670416237,6.935296550282277e-09,0.4992816704162441,2.6320519398807075e-09,0.0014041591461476227,9.805874310262393e-08,2.9238684013396224e-07
Random7969
Raw:1.0104241096782867e-05,2.122547334954224e-06,1.987322000788131e-05,0.49928167041624055,6.935296550282228e-09,0.49928167041624055,2.632051939880689e-09,0.0014041591461476327,9.805874310262462e-08,2.923868401339602e-07
EFT:1.0104241096782794e-05,2.122547334954209e-06,1.987322000788117e-05,0.499281670416237,6.935296550282277e-09,0.4992816704162441,2.6320519398807075e-09,0.0014041591461476227,9.805874310262393e-08,2.9238684013396224e-07
Random7970
Raw:1.0104241096782938e-05,2.122547334954209e-06,1.987322000788117e-05,0.499281670416237,6.9352965502823754e-09,0.4992816704162441,2.632051939880745e-09,0.0014041591461476227,9.805874310262393e-08,2.9238684013396637e-07
EFT:1.0104241096782794e-05,2.122547334954209e-06,1.987322000788117e-05,0.499281670416237,6.935296550282277e-09,0.4992816704162441,2.6320519398807075e-09,0.0014041591461476227,9.805874310262393e-08,2.9238684013396224e-07
Random7971
Raw:1.0104241096782794e-05,2.122547334954209e-06,1.987322000788117e-05,0.499281670416237,6.935296550282277e-09,0.4992816704162441,2.632051939880745e-09,0.0014041591461476227,9.805874310262254e-08,2.9238684013396224e-07
EFT:1.0104241096782794e-05,2.122547334954209e-06,1.987322000788117e-05,0.499281670416237,6.935296550282277e-09,0.4992816704162441,2.6320519398807075e-09,0.0014041591461476227,9.805874310262393e-08,2.9238684013396224e-07
Random7972
Raw:1.0104241096782938e-05,2.122547334954239e-06,1.987322000788145e-05,0.499281670416237,6.9352965502823754e-09,0.4992816704162441,2.632051939880745e-09,0.0014041591461476227,9.805874310262532e-08,2.9238684013396637e-07
EFT:1.0104241096782794e-05,2.122547334954209e-06,1.987322000788117e-05,0.499281670416237,6.935296550282277e-09,0.4992816704162441,2.6320519398807075e-09,0.0014041591461476227,9.805874310262393e-08,2.9238684013396224e-07
Random7973
Raw:1.0104241096782938e-05,2.122547334954209e-06,1.987322000788117e-05,0.499281670416237,6.935296550282277e-09,0.4992816704162441,2.632051939880745e-09,0.0014041591461476227,9.805874310262532e-08,2.9238684013396224e-07
EFT:1.0104241096782794e-05,2.122547334954209e-06,1.987322000788117e-05,0.499281670416237,6.935296550282277e-09,0.4992816704162441,2.6320519398807075e-09,0.0014041591461476227,9.805874310262393e-08,2.9238684013396224e-07
Random7974
Raw:1.0104241096782867e-05,2.122547334954194e-06,1.9873220007881028e-05,0.49928167041624055,6.935296550282228e-09,0.49928167041624055,2.632051939880689e-09,0.0014041591461476128,9.805874310262462e-08,2.923868401339602e-07
EFT:1.0104241096782794e-05,2.122547334954209e-06,1.987322000788117e-05,0.499281670416237,6.935296550282277e-09,0.4992816704162441,2.6320519398807075e-09,0.0014041591461476227,9.805874310262393e-08,2.9238684013396224e-07
Random7975
Raw:1.0104241096782938e-05,2.122547334954239e-06,1.987322000788117e-05,0.499281670416237,6.935296550282277e-09,0.4992816704162441,2.632051939880745e-09,0.0014041591461476427,9.805874310262532e-08,2.9238684013396224e-07
EFT:1.0104241096782794e-05,2.122547334954209e-06,1.987322000788117e-05,0.499281670416237,6.935296550282277e-09,0.4992816704162441,2.6320519398807075e-09,0.0014041591461476227,9.805874310262393e-08,2.9238684013396224e-07
Random7976
Raw:1.0104241096783009e-05,2.122547334954194e-06,1.9873220007881028e-05,0.49928167041623345,6.935296550282327e-09,0.49928167041624766,2.6320519398807638e-09,0.0014041591461476327,9.805874310262462e-08,2.9238684013396436e-07
EFT:1.0104241096782794e-05,2.122547334954209e-06,1.987322000788117e-05,0.499281670416237,6.935296550282277e-09,0.4992816704162441,2.6320519398807075e-09,0.0014041591461476227,9.805874310262393e-08,2.9238684013396224e-07
Random7977
Raw:1.0104241096782794e-05,2.122547334954209e-06,1.9873220007880885e-05,0.499281670416237,6.935296550282277e-09,0.4992816704162441,2.6320519398807075e-09,0.0014041591461476026,9.805874310262393e-08,2.9238684013396224e-07
EFT:1.0104241096782794e-05,2.122547334954209e-06,1.987322000788117e-05,0.499281670416237,6.935296550282277e-09,0.4992816704162441,2.6320519398807075e-09,0.0014041591461476227,9.805874310262393e-08,2.9238684013396224e-07
Random7978
Raw:1.0104241096782938e-05,2.122547334954209e-06,1.987322000788117e-05,0.499281670416237,6.9352965502823754e-09,0.4992816704162441,2.632051939880745e-09,0.0014041591461476227,9.805874310262393e-08,2.9238684013396637e-07
EFT:1.0104241096782794e-05,2.122547334954209e-06,1.987322000788117e-05,0.499281670416237,6.935296550282277e-09,0.4992816704162441,2.6320519398807075e-09,0.0014041591461476227,9.805874310262393e-08,2.9238684013396224e-07
Random7979
Raw:1.0104241096782938e-05,2.122547334954209e-06,1.987322000788117e-05,0.499281670416237,6.9352965502823754e-09,0.4992816704162441,2.632051939880745e-09,0.0014041591461476227,9.805874310262532e-08,2.9238684013396637e-07
EFT:1.0104241096782794e-05,2.122547334954209e-06,1.987322000788117e-05,0.499281670416237,6.935296550282277e-09,0.4992816704162441,2.6320519398807075e-09,0.0014041591461476227,9.805874310262393e-08,2.9238684013396224e-07
Random7980
Raw:1.0104241096782938e-05,2.122547334954209e-06,1.987322000788117e-05,0.499281670416237,6.9352965502823754e-09,0.4992816704162441,2.632051939880745e-09,0.0014041591461476227,9.805874310262532e-08,2.9238684013396637e-07
EFT:1.0104241096782794e-05,2.122547334954209e-06,1.987322000788117e-05,0.499281670416237,6.935296550282277e-09,0.4992816704162441,2.6320519398807075e-09,0.0014041591461476227,9.805874310262393e-08,2.9238684013396224e-07
Random7981
Raw:1.0104241096782938e-05,2.122547334954209e-06,1.987322000788117e-05,0.499281670416237,6.935296550282277e-09,0.4992816704162441,2.632051939880745e-09,0.0014041591461476427,9.805874310262393e-08,2.9238684013396224e-07
EFT:1.0104241096782794e-05,2.122547334954209e-06,1.987322000788117e-05,0.499281670416237,6.935296550282277e-09,0.4992816704162441,2.6320519398807075e-09,0.0014041591461476227,9.805874310262393e-08,2.9238684013396224e-07
Random7982
Raw:1.0104241096782938e-05,2.122547334954209e-06,1.987322000788117e-05,0.499281670416237,6.935296550282277e-09,0.4992816704162441,2.632051939880745e-09,0.0014041591461476427,9.805874310262393e-08,2.9238684013396224e-07
EFT:1.0104241096782794e-05,2.122547334954209e-06,1.987322000788117e-05,0.499281670416237,6.935296550282277e-09,0.4992816704162441,2.6320519398807075e-09,0.0014041591461476227,9.805874310262393e-08,2.9238684013396224e-07
Random7983
Raw:1.0104241096782938e-05,2.122547334954209e-06,1.987322000788117e-05,0.499281670416237,6.935296550282277e-09,0.4992816704162441,2.632051939880745e-09,0.0014041591461476227,9.805874310262532e-08,2.9238684013396224e-07
EFT:1.0104241096782794e-05,2.122547334954209e-06,1.987322000788117e-05,0.499281670416237,6.935296550282277e-09,0.4992816704162441,2.6320519398807075e-09,0.0014041591461476227,9.805874310262393e-08,2.9238684013396224e-07
Random7984
Raw:1.0104241096782938e-05,2.122547334954209e-06,1.9873220007880885e-05,0.499281670416237,6.935296550282277e-09,0.4992816704162441,2.632051939880745e-09,0.0014041591461476227,9.805874310262532e-08,2.9238684013396224e-07
EFT:1.0104241096782794e-05,2.122547334954209e-06,1.987322000788117e-05,0.499281670416237,6.935296550282277e-09,0.4992816704162441,2.6320519398807075e-09,0.0014041591461476227,9.805874310262393e-08,2.9238684013396224e-07
Random7985
Raw:1.0104241096783009e-05,2.122547334954194e-06,1.9873220007881028e-05,0.49928167041623345,6.935296550282327e-09,0.49928167041624766,2.6320519398807638e-09,0.0014041591461476126,9.805874310262601e-08,2.9238684013396436e-07
EFT:1.0104241096782794e-05,2.122547334954209e-06,1.987322000788117e-05,0.499281670416237,6.935296550282277e-09,0.4992816704162441,2.6320519398807075e-09,0.0014041591461476227,9.805874310262393e-08,2.9238684013396224e-07
Random7986
Raw:1.0104241096782867e-05,2.122547334954224e-06,1.987322000788131e-05,0.49928167041624055,6.935296550282326e-09,0.49928167041624055,2.6320519398807265e-09,0.0014041591461476327,9.805874310262323e-08,2.923868401339643e-07
EFT:1.0104241096782794e-05,2.122547334954209e-06,1.987322000788117e-05,0.499281670416237,6.935296550282277e-09,0.4992816704162441,2.6320519398807075e-09,0.0014041591461476227,9.805874310262393e-08,2.9238684013396224e-07
Random7987
Raw:1.0104241096782723e-05,2.122547334954194e-06,1.9873220007881028e-05,0.49928167041624055,6.93529655028213e-09,0.49928167041624055,2.6320519398806513e-09,0.0014041591461476128,9.805874310262323e-08,2.923868401339602e-07
EFT:1.0104241096782794e-05,2.122547334954209e-06,1.987322000788117e-05,0.499281670416237,6.935296550282277e-09,0.4992816704162441,2.6320519398807075e-09,0.0014041591461476227,9.805874310262393e-08,2.9238684013396224e-07
Random7988
Raw:1.0104241096782867e-05,2.122547334954224e-06,1.9873220007881028e-05,0.49928167041624055,6.935296550282326e-09,0.49928167041624055,2.6320519398807265e-09,0.0014041591461476327,9.805874310262602e-08,2.923868401339643e-07
EFT:1.0104241096782794e-05,2.122547334954209e-06,1.987322000788117e-05,0.499281670416237,6.935296550282277e-09,0.4992816704162441,2.6320519398807075e-09,0.0014041591461476227,9.805874310262393e-08,2.9238684013396224e-07
Random7989
Raw:1.0104241096782938e-05,2.122547334954209e-06,1.987322000788117e-05,0.499281670416237,6.9352965502823754e-09,0.4992816704162441,2.632051939880745e-09,0.0014041591461476227,9.805874310262393e-08,2.9238684013396637e-07
EFT:1.0104241096782794e-05,2.122547334954209e-06,1.987322000788117e-05,0.499281670416237,6.935296550282277e-09,0.4992816704162441,2.6320519398807075e-09,0.0014041591461476227,9.805874310262393e-08,2.9238684013396224e-07
Random7990
Raw:1.0104241096782938e-05,2.122547334954239e-06,1.987322000788145e-05,0.499281670416237,6.935296550282277e-09,0.4992816704162441,2.632051939880745e-09,0.0014041591461476427,9.805874310262393e-08,2.9238684013396637e-07
EFT:1.0104241096782794e-05,2.122547334954209e-06,1.987322000788117e-05,0.499281670416237,6.935296550282277e-09,0.4992816704162441,2.6320519398807075e-09,0.0014041591461476227,9.805874310262393e-08,2.9238684013396224e-07
Random7991
Raw:1.0104241096783009e-05,2.122547334954224e-06,1.987322000788131e-05,0.49928167041623345,6.935296550282327e-09,0.49928167041624766,2.6320519398807638e-09,0.0014041591461476327,9.805874310262462e-08,2.923868401339685e-07
EFT:1.0104241096782794e-05,2.122547334954209e-06,1.987322000788117e-05,0.499281670416237,6.935296550282277e-09,0.4992816704162441,2.6320519398807075e-09,0.0014041591461476227,9.805874310262393e-08,2.9238684013396224e-07
Random7992
Raw:1.0104241096782867e-05,2.1225473349542546e-06,1.987322000788131e-05,0.49928167041624055,6.935296550282326e-09,0.49928167041624055,2.6320519398807638e-09,0.0014041591461476327,9.805874310262462e-08,2.923868401339643e-07
EFT:1.0104241096782794e-05,2.122547334954209e-06,1.987322000788117e-05,0.499281670416237,6.935296550282277e-09,0.4992816704162441,2.6320519398807075e-09,0.0014041591461476227,9.805874310262393e-08,2.9238684013396224e-07
Random7993
Raw:1.0104241096782938e-05,2.122547334954239e-06,1.987322000788145e-05,0.499281670416237,6.935296550282277e-09,0.4992816704162441,2.632051939880745e-09,0.0014041591461476427,9.805874310262393e-08,2.9238684013396637e-07
EFT:1.0104241096782794e-05,2.122547334954209e-06,1.987322000788117e-05,0.499281670416237,6.935296550282277e-09,0.4992816704162441,2.6320519398807075e-09,0.0014041591461476227,9.805874310262393e-08,2.9238684013396224e-07
Random7994
Raw:1.0104241096782867e-05,2.122547334954224e-06,1.987322000788131e-05,0.49928167041624055,6.935296550282228e-09,0.49928167041624055,2.632051939880689e-09,0.0014041591461476327,9.805874310262323e-08,2.923868401339643e-07
EFT:1.0104241096782794e-05,2.122547334954209e-06,1.987322000788117e-05,0.499281670416237,6.935296550282277e-09,0.4992816704162441,2.6320519398807075e-09,0.0014041591461476227,9.805874310262393e-08,2.9238684013396224e-07
Random7995
Raw:1.0104241096782938e-05,2.122547334954209e-06,1.987322000788117e-05,0.499281670416237,6.935296550282277e-09,0.4992816704162441,2.632051939880745e-09,0.0014041591461476227,9.805874310262532e-08,2.9238684013396224e-07
EFT:1.0104241096782794e-05,2.122547334954209e-06,1.987322000788117e-05,0.499281670416237,6.935296550282277e-09,0.4992816704162441,2.6320519398807075e-09,0.0014041591461476227,9.805874310262393e-08,2.9238684013396224e-07
Random7996
Raw:1.0104241096783009e-05,2.122547334954224e-06,1.987322000788131e-05,0.49928167041623345,6.935296550282327e-09,0.49928167041624766,2.6320519398807638e-09,0.0014041591461476327,9.805874310262601e-08,2.9238684013396436e-07
EFT:1.0104241096782794e-05,2.122547334954209e-06,1.987322000788117e-05,0.499281670416237,6.935296550282277e-09,0.4992816704162441,2.6320519398807075e-09,0.0014041591461476227,9.805874310262393e-08,2.9238684013396224e-07
Random7997
Raw:1.0104241096783009e-05,2.122547334954224e-06,1.987322000788131e-05,0.49928167041623345,6.935296550282327e-09,0.49928167041624766,2.6320519398807638e-09,0.0014041591461476327,9.805874310262462e-08,2.923868401339685e-07
EFT:1.0104241096782794e-05,2.122547334954209e-06,1.987322000788117e-05,0.499281670416237,6.935296550282277e-09,0.4992816704162441,2.6320519398807075e-09,0.0014041591461476227,9.805874310262393e-08,2.9238684013396224e-07
Random7998
Raw:1.0104241096782867e-05,2.122547334954224e-06,1.987322000788131e-05,0.49928167041624055,6.935296550282326e-09,0.49928167041624055,2.6320519398807265e-09,0.0014041591461476327,9.805874310262462e-08,2.923868401339643e-07
EFT:1.0104241096782794e-05,2.122547334954209e-06,1.987322000788117e-05,0.499281670416237,6.935296550282277e-09,0.4992816704162441,2.6320519398807075e-09,0.0014041591461476227,9.805874310262393e-08,2.9238684013396224e-07
Random7999
Raw:1.0104241096782867e-05,2.122547334954194e-06,1.9873220007881028e-05,0.49928167041624055,6.935296550282326e-09,0.49928167041624055,2.6320519398807265e-09,0.0014041591461476128,9.805874310262323e-08,2.923868401339643e-07
EFT:1.0104241096782794e-05,2.122547334954209e-06,1.987322000788117e-05,0.499281670416237,6.935296550282277e-09,0.4992816704162441,2.6320519398807075e-09,0.0014041591461476227,9.805874310262393e-08,2.9238684013396224e-07
Random8000
Raw:1.0104241096782794e-05,2.122547334954209e-06,1.987322000788117e-05,0.499281670416237,6.935296550282277e-09,0.4992816704162441,2.632051939880745e-09,0.0014041591461476227,9.805874310262254e-08,2.9238684013396224e-07
EFT:1.0104241096782794e-05,2.122547334954209e-06,1.987322000788117e-05,0.499281670416237,6.935296550282277e-09,0.4992816704162441,2.6320519398807075e-09,0.0014041591461476227,9.805874310262393e-08,2.9238684013396224e-07
Random8001
Raw:1.0104241096782938e-05,2.122547334954209e-06,1.987322000788117e-05,0.499281670416237,6.935296550282277e-09,0.4992816704162441,2.632051939880745e-09,0.0014041591461476227,9.805874310262532e-08,2.9238684013396224e-07
EFT:1.0104241096782794e-05,2.122547334954209e-06,1.987322000788117e-05,0.499281670416237,6.935296550282277e-09,0.4992816704162441,2.6320519398807075e-09,0.0014041591461476227,9.805874310262393e-08,2.9238684013396224e-07
Random8002
Raw:1.0104241096782938e-05,2.122547334954239e-06,1.987322000788117e-05,0.4992816704162441,6.9352965502823754e-09,0.499281670416237,2.632051939880745e-09,0.0014041591461476227,9.805874310262532e-08,2.9238684013396637e-07
EFT:1.0104241096782794e-05,2.122547334954209e-06,1.987322000788117e-05,0.499281670416237,6.935296550282277e-09,0.4992816704162441,2.6320519398807075e-09,0.0014041591461476227,9.805874310262393e-08,2.9238684013396224e-07
Random8003
Raw:1.0104241096783009e-05,2.122547334954194e-06,1.9873220007881028e-05,0.49928167041623345,6.935296550282327e-09,0.49928167041624766,2.6320519398807638e-09,0.0014041591461476327,9.805874310262462e-08,2.9238684013396436e-07
EFT:1.0104241096782794e-05,2.122547334954209e-06,1.987322000788117e-05,0.499281670416237,6.935296550282277e-09,0.4992816704162441,2.6320519398807075e-09,0.0014041591461476227,9.805874310262393e-08,2.9238684013396224e-07
Random8004
Raw:1.0104241096782938e-05,2.122547334954209e-06,1.987322000788117e-05,0.499281670416237,6.9352965502823754e-09,0.4992816704162441,2.6320519398807824e-09,0.0014041591461476227,9.805874310262532e-08,2.9238684013396637e-07
EFT:1.0104241096782794e-05,2.122547334954209e-06,1.987322000788117e-05,0.499281670416237,6.935296550282277e-09,0.4992816704162441,2.6320519398807075e-09,0.0014041591461476227,9.805874310262393e-08,2.9238684013396224e-07
Random8005
Raw:1.0104241096782938e-05,2.122547334954209e-06,1.9873220007880885e-05,0.499281670416237,6.935296550282277e-09,0.4992816704162441,2.632051939880745e-09,0.0014041591461476227,9.805874310262393e-08,2.9238684013396224e-07
EFT:1.0104241096782794e-05,2.122547334954209e-06,1.987322000788117e-05,0.499281670416237,6.935296550282277e-09,0.4992816704162441,2.6320519398807075e-09,0.0014041591461476227,9.805874310262393e-08,2.9238684013396224e-07
Random8006
Raw:1.0104241096782867e-05,2.122547334954194e-06,1.9873220007881028e-05,0.49928167041624055,6.935296550282326e-09,0.49928167041624055,2.6320519398807265e-09,0.0014041591461476128,9.805874310262323e-08,2.923868401339643e-07
EFT:1.0104241096782794e-05,2.122547334954209e-06,1.987322000788117e-05,0.499281670416237,6.935296550282277e-09,0.4992816704162441,2.6320519398807075e-09,0.0014041591461476227,9.805874310262393e-08,2.9238684013396224e-07
Random8007
Raw:1.0104241096782867e-05,2.122547334954224e-06,1.987322000788131e-05,0.49928167041624055,6.935296550282326e-09,0.49928167041624055,2.6320519398807265e-09,0.0014041591461476327,9.805874310262323e-08,2.923868401339643e-07
EFT:1.0104241096782794e-05,2.122547334954209e-06,1.987322000788117e-05,0.499281670416237,6.935296550282277e-09,0.4992816704162441,2.6320519398807075e-09,0.0014041591461476227,9.805874310262393e-08,2.9238684013396224e-07
Random8008
Raw:1.0104241096782867e-05,2.122547334954224e-06,1.9873220007881028e-05,0.49928167041624055,6.935296550282326e-09,0.49928167041624055,2.6320519398807265e-09,0.0014041591461476327,9.805874310262602e-08,2.923868401339643e-07
EFT:1.0104241096782794e-05,2.122547334954209e-06,1.987322000788117e-05,0.499281670416237,6.935296550282277e-09,0.4992816704162441,2.6320519398807075e-09,0.0014041591461476227,9.805874310262393e-08,2.9238684013396224e-07
Random8009
Raw:1.0104241096783009e-05,2.122547334954224e-06,1.9873220007881028e-05,0.49928167041623345,6.935296550282327e-09,0.49928167041624766,2.632051939880801e-09,0.0014041591461476327,9.805874310262601e-08,2.9238684013396436e-07
EFT:1.0104241096782794e-05,2.122547334954209e-06,1.987322000788117e-05,0.499281670416237,6.935296550282277e-09,0.4992816704162441,2.6320519398807075e-09,0.0014041591461476227,9.805874310262393e-08,2.9238684013396224e-07
Random8010
Raw:1.0104241096782794e-05,2.122547334954209e-06,1.987322000788117e-05,0.4992816704162441,6.935296550282277e-09,0.499281670416237,2.63205193988067e-09,0.0014041591461476227,9.805874310262254e-08,2.9238684013396224e-07
EFT:1.0104241096782794e-05,2.122547334954209e-06,1.987322000788117e-05,0.499281670416237,6.935296550282277e-09,0.4992816704162441,2.6320519398807075e-09,0.0014041591461476227,9.805874310262393e-08,2.9238684013396224e-07
Random8011
Raw:1.0104241096782938e-05,2.122547334954239e-06,1.987322000788117e-05,0.499281670416237,6.935296550282277e-09,0.4992816704162441,2.632051939880745e-09,0.0014041591461476427,9.805874310262532e-08,2.9238684013396224e-07
EFT:1.0104241096782794e-05,2.122547334954209e-06,1.987322000788117e-05,0.499281670416237,6.935296550282277e-09,0.4992816704162441,2.6320519398807075e-09,0.0014041591461476227,9.805874310262393e-08,2.9238684013396224e-07
Random8012
Raw:1.0104241096782794e-05,2.122547334954209e-06,1.987322000788117e-05,0.499281670416237,6.9352965502821786e-09,0.4992816704162441,2.6320519398807075e-09,0.0014041591461476227,9.805874310262393e-08,2.9238684013396224e-07
EFT:1.0104241096782794e-05,2.122547334954209e-06,1.987322000788117e-05,0.499281670416237,6.935296550282277e-09,0.4992816704162441,2.6320519398807075e-09,0.0014041591461476227,9.805874310262393e-08,2.9238684013396224e-07
Random8013
Raw:1.0104241096782794e-05,2.122547334954209e-06,1.987322000788117e-05,0.499281670416237,6.935296550282277e-09,0.4992816704162441,2.632051939880745e-09,0.0014041591461476227,9.805874310262254e-08,2.9238684013396224e-07
EFT:1.0104241096782794e-05,2.122547334954209e-06,1.987322000788117e-05,0.499281670416237,6.935296550282277e-09,0.4992816704162441,2.6320519398807075e-09,0.0014041591461476227,9.805874310262393e-08,2.9238684013396224e-07
Random8014
Raw:1.0104241096782867e-05,2.122547334954224e-06,1.987322000788131e-05,0.49928167041624055,6.935296550282326e-09,0.49928167041624055,2.6320519398807265e-09,0.0014041591461476128,9.805874310262462e-08,2.923868401339643e-07
EFT:1.0104241096782794e-05,2.122547334954209e-06,1.987322000788117e-05,0.499281670416237,6.935296550282277e-09,0.4992816704162441,2.6320519398807075e-09,0.0014041591461476227,9.805874310262393e-08,2.9238684013396224e-07
Random8015
Raw:1.0104241096782938e-05,2.122547334954239e-06,1.987322000788117e-05,0.499281670416237,6.935296550282277e-09,0.4992816704162441,2.632051939880745e-09,0.0014041591461476427,9.805874310262532e-08,2.9238684013396224e-07
EFT:1.0104241096782794e-05,2.122547334954209e-06,1.987322000788117e-05,0.499281670416237,6.935296550282277e-09,0.4992816704162441,2.6320519398807075e-09,0.0014041591461476227,9.805874310262393e-08,2.9238684013396224e-07
Random8016
Raw:1.0104241096782938e-05,2.122547334954209e-06,1.987322000788117e-05,0.499281670416237,6.9352965502823754e-09,0.4992816704162441,2.6320519398807824e-09,0.0014041591461476227,9.805874310262532e-08,2.9238684013396637e-07
EFT:1.0104241096782794e-05,2.122547334954209e-06,1.987322000788117e-05,0.499281670416237,6.935296550282277e-09,0.4992816704162441,2.6320519398807075e-09,0.0014041591461476227,9.805874310262393e-08,2.9238684013396224e-07
Random8017
Raw:1.0104241096782938e-05,2.122547334954209e-06,1.987322000788117e-05,0.499281670416237,6.9352965502823754e-09,0.4992816704162441,2.632051939880745e-09,0.0014041591461476227,9.805874310262532e-08,2.9238684013396637e-07
EFT:1.0104241096782794e-05,2.122547334954209e-06,1.987322000788117e-05,0.499281670416237,6.935296550282277e-09,0.4992816704162441,2.6320519398807075e-09,0.0014041591461476227,9.805874310262393e-08,2.9238684013396224e-07
Random8018
Raw:1.0104241096782938e-05,2.122547334954209e-06,1.987322000788117e-05,0.499281670416237,6.935296550282277e-09,0.4992816704162441,2.632051939880745e-09,0.0014041591461476227,9.805874310262532e-08,2.9238684013396224e-07
EFT:1.0104241096782794e-05,2.122547334954209e-06,1.987322000788117e-05,0.499281670416237,6.935296550282277e-09,0.4992816704162441,2.6320519398807075e-09,0.0014041591461476227,9.805874310262393e-08,2.9238684013396224e-07
Random8019
Raw:1.0104241096782938e-05,2.122547334954209e-06,1.987322000788117e-05,0.499281670416237,6.935296550282277e-09,0.4992816704162441,2.632051939880745e-09,0.0014041591461476427,9.805874310262393e-08,2.9238684013396224e-07
EFT:1.0104241096782794e-05,2.122547334954209e-06,1.987322000788117e-05,0.499281670416237,6.935296550282277e-09,0.4992816704162441,2.6320519398807075e-09,0.0014041591461476227,9.805874310262393e-08,2.9238684013396224e-07
Random8020
Raw:1.0104241096782865e-05,2.122547334954194e-06,1.9873220007881028e-05,0.49928167041623345,6.935296550282327e-09,0.49928167041624766,2.632051939880726e-09,0.0014041591461476126,9.805874310262462e-08,2.9238684013396436e-07
EFT:1.0104241096782794e-05,2.122547334954209e-06,1.987322000788117e-05,0.499281670416237,6.935296550282277e-09,0.4992816704162441,2.6320519398807075e-09,0.0014041591461476227,9.805874310262393e-08,2.9238684013396224e-07
Random8021
Raw:1.0104241096782865e-05,2.122547334954194e-06,1.9873220007881028e-05,0.49928167041623345,6.935296550282327e-09,0.49928167041624766,2.632051939880726e-09,0.0014041591461476126,9.805874310262462e-08,2.9238684013396436e-07
EFT:1.0104241096782794e-05,2.122547334954209e-06,1.987322000788117e-05,0.499281670416237,6.935296550282277e-09,0.4992816704162441,2.6320519398807075e-09,0.0014041591461476227,9.805874310262393e-08,2.9238684013396224e-07
Random8022
Raw:1.0104241096782867e-05,2.122547334954224e-06,1.987322000788131e-05,0.49928167041624055,6.935296550282326e-09,0.49928167041624055,2.6320519398807638e-09,0.0014041591461476128,9.805874310262462e-08,2.923868401339643e-07
EFT:1.0104241096782794e-05,2.122547334954209e-06,1.987322000788117e-05,0.499281670416237,6.935296550282277e-09,0.4992816704162441,2.6320519398807075e-09,0.0014041591461476227,9.805874310262393e-08,2.9238684013396224e-07
Random8023
Raw:1.0104241096783009e-05,2.122547334954224e-06,1.987322000788131e-05,0.49928167041623345,6.935296550282327e-09,0.49928167041624766,2.6320519398807638e-09,0.0014041591461476327,9.805874310262601e-08,2.9238684013396436e-07
EFT:1.0104241096782794e-05,2.122547334954209e-06,1.987322000788117e-05,0.499281670416237,6.935296550282277e-09,0.4992816704162441,2.6320519398807075e-09,0.0014041591461476227,9.805874310262393e-08,2.9238684013396224e-07
Random8024
Raw:1.0104241096782867e-05,2.122547334954224e-06,1.9873220007881028e-05,0.49928167041624055,6.935296550282326e-09,0.49928167041624055,2.6320519398807265e-09,0.0014041591461476128,9.805874310262462e-08,2.923868401339643e-07
EFT:1.0104241096782794e-05,2.122547334954209e-06,1.987322000788117e-05,0.499281670416237,6.935296550282277e-09,0.4992816704162441,2.6320519398807075e-09,0.0014041591461476227,9.805874310262393e-08,2.9238684013396224e-07
Random8025
Raw:1.0104241096782938e-05,2.122547334954209e-06,1.987322000788117e-05,0.499281670416237,6.935296550282277e-09,0.4992816704162441,2.632051939880745e-09,0.0014041591461476427,9.805874310262393e-08,2.9238684013396224e-07
EFT:1.0104241096782794e-05,2.122547334954209e-06,1.987322000788117e-05,0.499281670416237,6.935296550282277e-09,0.4992816704162441,2.6320519398807075e-09,0.0014041591461476227,9.805874310262393e-08,2.9238684013396224e-07
Random8026
Raw:1.0104241096783009e-05,2.122547334954194e-06,1.9873220007881028e-05,0.49928167041623345,6.935296550282327e-09,0.49928167041624766,2.6320519398807638e-09,0.0014041591461476327,9.805874310262462e-08,2.9238684013396436e-07
EFT:1.0104241096782794e-05,2.122547334954209e-06,1.987322000788117e-05,0.499281670416237,6.935296550282277e-09,0.4992816704162441,2.6320519398807075e-09,0.0014041591461476227,9.805874310262393e-08,2.9238684013396224e-07
Random8027
Raw:1.0104241096782938e-05,2.122547334954239e-06,1.987322000788145e-05,0.499281670416237,6.935296550282277e-09,0.4992816704162441,2.632051939880745e-09,0.0014041591461476427,9.805874310262532e-08,2.9238684013396224e-07
EFT:1.0104241096782794e-05,2.122547334954209e-06,1.987322000788117e-05,0.499281670416237,6.935296550282277e-09,0.4992816704162441,2.6320519398807075e-09,0.0014041591461476227,9.805874310262393e-08,2.9238684013396224e-07
Random8028
Raw:1.0104241096783009e-05,2.122547334954224e-06,1.987322000788131e-05,0.49928167041623345,6.935296550282327e-09,0.49928167041624766,2.6320519398807638e-09,0.0014041591461476327,9.805874310262601e-08,2.9238684013396436e-07
EFT:1.0104241096782794e-05,2.122547334954209e-06,1.987322000788117e-05,0.499281670416237,6.935296550282277e-09,0.4992816704162441,2.6320519398807075e-09,0.0014041591461476227,9.805874310262393e-08,2.9238684013396224e-07
Random8029
Raw:1.0104241096782938e-05,2.122547334954239e-06,1.987322000788145e-05,0.499281670416237,6.9352965502823754e-09,0.4992816704162441,2.632051939880745e-09,0.0014041591461476427,9.805874310262532e-08,2.9238684013396637e-07
EFT:1.0104241096782794e-05,2.122547334954209e-06,1.987322000788117e-05,0.499281670416237,6.935296550282277e-09,0.4992816704162441,2.6320519398807075e-09,0.0014041591461476227,9.805874310262393e-08,2.9238684013396224e-07
Random8030
Raw:1.0104241096782938e-05,2.1225473349541788e-06,1.9873220007880885e-05,0.499281670416237,6.935296550282277e-09,0.4992816704162441,2.632051939880745e-09,0.0014041591461476026,9.805874310262532e-08,2.9238684013396224e-07
EFT:1.0104241096782794e-05,2.122547334954209e-06,1.987322000788117e-05,0.499281670416237,6.935296550282277e-09,0.4992816704162441,2.6320519398807075e-09,0.0014041591461476227,9.805874310262393e-08,2.9238684013396224e-07
Random8031
Raw:1.0104241096782867e-05,2.122547334954224e-06,1.9873220007881028e-05,0.49928167041624055,6.935296550282326e-09,0.49928167041624055,2.6320519398807638e-09,0.0014041591461476128,9.805874310262462e-08,2.923868401339643e-07
EFT:1.0104241096782794e-05,2.122547334954209e-06,1.987322000788117e-05,0.499281670416237,6.935296550282277e-09,0.4992816704162441,2.6320519398807075e-09,0.0014041591461476227,9.805874310262393e-08,2.9238684013396224e-07
Random8032
Raw:1.0104241096782938e-05,2.122547334954209e-06,1.987322000788117e-05,0.499281670416237,6.9352965502823754e-09,0.4992816704162441,2.632051939880745e-09,0.0014041591461476227,9.805874310262532e-08,2.9238684013396637e-07
EFT:1.0104241096782794e-05,2.122547334954209e-06,1.987322000788117e-05,0.499281670416237,6.935296550282277e-09,0.4992816704162441,2.6320519398807075e-09,0.0014041591461476227,9.805874310262393e-08,2.9238684013396224e-07
Random8033
Raw:1.0104241096782867e-05,2.122547334954224e-06,1.987322000788131e-05,0.49928167041624055,6.935296550282326e-09,0.49928167041624055,2.6320519398807265e-09,0.0014041591461476327,9.805874310262462e-08,2.923868401339643e-07
EFT:1.0104241096782794e-05,2.122547334954209e-06,1.987322000788117e-05,0.499281670416237,6.935296550282277e-09,0.4992816704162441,2.6320519398807075e-09,0.0014041591461476227,9.805874310262393e-08,2.9238684013396224e-07
Random8034
Raw:1.0104241096782867e-05,2.122547334954224e-06,1.9873220007881028e-05,0.49928167041624055,6.935296550282326e-09,0.49928167041624055,2.6320519398807265e-09,0.0014041591461476327,9.805874310262323e-08,2.923868401339643e-07
EFT:1.0104241096782794e-05,2.122547334954209e-06,1.987322000788117e-05,0.499281670416237,6.935296550282277e-09,0.4992816704162441,2.6320519398807075e-09,0.0014041591461476227,9.805874310262393e-08,2.9238684013396224e-07
Random8035
Raw:1.0104241096782867e-05,2.122547334954224e-06,1.987322000788131e-05,0.49928167041624055,6.935296550282326e-09,0.49928167041624055,2.6320519398807265e-09,0.0014041591461476327,9.805874310262323e-08,2.923868401339643e-07
EFT:1.0104241096782794e-05,2.122547334954209e-06,1.987322000788117e-05,0.499281670416237,6.935296550282277e-09,0.4992816704162441,2.6320519398807075e-09,0.0014041591461476227,9.805874310262393e-08,2.9238684013396224e-07
Random8036
Raw:1.0104241096782867e-05,2.122547334954224e-06,1.9873220007881028e-05,0.49928167041624055,6.935296550282326e-09,0.49928167041624055,2.6320519398807265e-09,0.0014041591461476327,9.805874310262602e-08,2.923868401339643e-07
EFT:1.0104241096782794e-05,2.122547334954209e-06,1.987322000788117e-05,0.499281670416237,6.935296550282277e-09,0.4992816704162441,2.6320519398807075e-09,0.0014041591461476227,9.805874310262393e-08,2.9238684013396224e-07
Random8037
Raw:1.0104241096782867e-05,2.122547334954224e-06,1.987322000788131e-05,0.49928167041624055,6.935296550282326e-09,0.49928167041624055,2.6320519398807265e-09,0.0014041591461476327,9.805874310262323e-08,2.923868401339643e-07
EFT:1.0104241096782794e-05,2.122547334954209e-06,1.987322000788117e-05,0.499281670416237,6.935296550282277e-09,0.4992816704162441,2.6320519398807075e-09,0.0014041591461476227,9.805874310262393e-08,2.9238684013396224e-07
Random8038
Raw:1.0104241096782794e-05,2.122547334954209e-06,1.987322000788117e-05,0.499281670416237,6.935296550282277e-09,0.4992816704162441,2.6320519398807075e-09,0.0014041591461476026,9.805874310262393e-08,2.9238684013396224e-07
EFT:1.0104241096782794e-05,2.122547334954209e-06,1.987322000788117e-05,0.499281670416237,6.935296550282277e-09,0.4992816704162441,2.6320519398807075e-09,0.0014041591461476227,9.805874310262393e-08,2.9238684013396224e-07
Random8039
Raw:1.0104241096783009e-05,2.122547334954224e-06,1.987322000788131e-05,0.49928167041623345,6.935296550282424e-09,0.49928167041624766,2.632051939880801e-09,0.0014041591461476126,9.805874310262462e-08,2.923868401339685e-07
EFT:1.0104241096782794e-05,2.122547334954209e-06,1.987322000788117e-05,0.499281670416237,6.935296550282277e-09,0.4992816704162441,2.6320519398807075e-09,0.0014041591461476227,9.805874310262393e-08,2.9238684013396224e-07
Random8040
Raw:1.0104241096782938e-05,2.122547334954239e-06,1.987322000788145e-05,0.499281670416237,6.935296550282277e-09,0.4992816704162441,2.632051939880745e-09,0.0014041591461476427,9.805874310262393e-08,2.9238684013396637e-07
EFT:1.0104241096782794e-05,2.122547334954209e-06,1.987322000788117e-05,0.499281670416237,6.935296550282277e-09,0.4992816704162441,2.6320519398807075e-09,0.0014041591461476227,9.805874310262393e-08,2.9238684013396224e-07
Random8041
Raw:1.0104241096782867e-05,2.122547334954224e-06,1.987322000788131e-05,0.49928167041624055,6.935296550282326e-09,0.49928167041624055,2.6320519398807638e-09,0.0014041591461476327,9.805874310262462e-08,2.923868401339643e-07
EFT:1.0104241096782794e-05,2.122547334954209e-06,1.987322000788117e-05,0.499281670416237,6.935296550282277e-09,0.4992816704162441,2.6320519398807075e-09,0.0014041591461476227,9.805874310262393e-08,2.9238684013396224e-07
Random8042
Raw:1.0104241096782938e-05,2.122547334954209e-06,1.987322000788117e-05,0.499281670416237,6.9352965502823754e-09,0.4992816704162441,2.632051939880745e-09,0.0014041591461476227,9.805874310262532e-08,2.9238684013396637e-07
EFT:1.0104241096782794e-05,2.122547334954209e-06,1.987322000788117e-05,0.499281670416237,6.935296550282277e-09,0.4992816704162441,2.6320519398807075e-09,0.0014041591461476227,9.805874310262393e-08,2.9238684013396224e-07
Random8043
Raw:1.0104241096782867e-05,2.122547334954224e-06,1.987322000788131e-05,0.49928167041624055,6.935296550282326e-09,0.49928167041624055,2.6320519398807265e-09,0.0014041591461476327,9.805874310262462e-08,2.923868401339643e-07
EFT:1.0104241096782794e-05,2.122547334954209e-06,1.987322000788117e-05,0.499281670416237,6.935296550282277e-09,0.4992816704162441,2.6320519398807075e-09,0.0014041591461476227,9.805874310262393e-08,2.9238684013396224e-07
Random8044
Raw:1.0104241096782938e-05,2.122547334954209e-06,1.987322000788117e-05,0.499281670416237,6.9352965502823754e-09,0.4992816704162441,2.632051939880745e-09,0.0014041591461476227,9.805874310262532e-08,2.9238684013396637e-07
EFT:1.0104241096782794e-05,2.122547334954209e-06,1.987322000788117e-05,0.499281670416237,6.935296550282277e-09,0.4992816704162441,2.6320519398807075e-09,0.0014041591461476227,9.805874310262393e-08,2.9238684013396224e-07
Random8045
Raw:1.0104241096782794e-05,2.122547334954209e-06,1.987322000788117e-05,0.499281670416237,6.9352965502821786e-09,0.4992816704162441,2.6320519398807075e-09,0.0014041591461476227,9.805874310262393e-08,2.9238684013396224e-07
EFT:1.0104241096782794e-05,2.122547334954209e-06,1.987322000788117e-05,0.499281670416237,6.935296550282277e-09,0.4992816704162441,2.6320519398807075e-09,0.0014041591461476227,9.805874310262393e-08,2.9238684013396224e-07
Random8046
Raw:1.0104241096783009e-05,2.122547334954224e-06,1.987322000788131e-05,0.49928167041623345,6.935296550282327e-09,0.49928167041624766,2.6320519398807638e-09,0.0014041591461476327,9.805874310262601e-08,2.9238684013396436e-07
EFT:1.0104241096782794e-05,2.122547334954209e-06,1.987322000788117e-05,0.499281670416237,6.935296550282277e-09,0.4992816704162441,2.6320519398807075e-09,0.0014041591461476227,9.805874310262393e-08,2.9238684013396224e-07
Random8047
Raw:1.0104241096782794e-05,2.122547334954209e-06,1.987322000788117e-05,0.499281670416237,6.9352965502821786e-09,0.4992816704162441,2.6320519398807075e-09,0.0014041591461476227,9.805874310262393e-08,2.9238684013396224e-07
EFT:1.0104241096782794e-05,2.122547334954209e-06,1.987322000788117e-05,0.499281670416237,6.935296550282277e-09,0.4992816704162441,2.6320519398807075e-09,0.0014041591461476227,9.805874310262393e-08,2.9238684013396224e-07
Random8048
Raw:1.0104241096782938e-05,2.122547334954239e-06,1.987322000788145e-05,0.499281670416237,6.935296550282277e-09,0.4992816704162441,2.632051939880745e-09,0.0014041591461476427,9.805874310262393e-08,2.9238684013396637e-07
EFT:1.0104241096782794e-05,2.122547334954209e-06,1.987322000788117e-05,0.499281670416237,6.935296550282277e-09,0.4992816704162441,2.6320519398807075e-09,0.0014041591461476227,9.805874310262393e-08,2.9238684013396224e-07
Random8049
Raw:1.0104241096782865e-05,2.122547334954194e-06,1.9873220007881028e-05,0.49928167041623345,6.935296550282327e-09,0.49928167041624766,2.632051939880726e-09,0.0014041591461476126,9.805874310262462e-08,2.9238684013396436e-07
EFT:1.0104241096782794e-05,2.122547334954209e-06,1.987322000788117e-05,0.499281670416237,6.935296550282277e-09,0.4992816704162441,2.6320519398807075e-09,0.0014041591461476227,9.805874310262393e-08,2.9238684013396224e-07
Random8050
Raw:1.0104241096783009e-05,2.122547334954224e-06,1.9873220007881028e-05,0.49928167041623345,6.935296550282327e-09,0.49928167041624766,2.632051939880801e-09,0.0014041591461476327,9.805874310262601e-08,2.9238684013396436e-07
EFT:1.0104241096782794e-05,2.122547334954209e-06,1.987322000788117e-05,0.499281670416237,6.935296550282277e-09,0.4992816704162441,2.6320519398807075e-09,0.0014041591461476227,9.805874310262393e-08,2.9238684013396224e-07
Random8051
Raw:1.0104241096782938e-05,2.1225473349541788e-06,1.9873220007880885e-05,0.499281670416237,6.935296550282277e-09,0.4992816704162441,2.632051939880745e-09,0.0014041591461476026,9.805874310262532e-08,2.9238684013396224e-07
EFT:1.0104241096782794e-05,2.122547334954209e-06,1.987322000788117e-05,0.499281670416237,6.935296550282277e-09,0.4992816704162441,2.6320519398807075e-09,0.0014041591461476227,9.805874310262393e-08,2.9238684013396224e-07
Random8052
Raw:1.0104241096782867e-05,2.122547334954224e-06,1.9873220007881028e-05,0.49928167041624055,6.935296550282228e-09,0.49928167041624055,2.632051939880689e-09,0.0014041591461476327,9.805874310262462e-08,2.923868401339602e-07
EFT:1.0104241096782794e-05,2.122547334954209e-06,1.987322000788117e-05,0.499281670416237,6.935296550282277e-09,0.4992816704162441,2.6320519398807075e-09,0.0014041591461476227,9.805874310262393e-08,2.9238684013396224e-07
Random8053
Raw:1.0104241096783009e-05,2.122547334954224e-06,1.987322000788131e-05,0.49928167041623345,6.935296550282327e-09,0.49928167041624766,2.6320519398807638e-09,0.0014041591461476327,9.805874310262601e-08,2.9238684013396436e-07
EFT:1.0104241096782794e-05,2.122547334954209e-06,1.987322000788117e-05,0.499281670416237,6.935296550282277e-09,0.4992816704162441,2.6320519398807075e-09,0.0014041591461476227,9.805874310262393e-08,2.9238684013396224e-07
Random8054
Raw:1.0104241096782794e-05,2.122547334954209e-06,1.987322000788117e-05,0.499281670416237,6.9352965502821786e-09,0.4992816704162441,2.6320519398807075e-09,0.0014041591461476227,9.805874310262393e-08,2.9238684013396224e-07
EFT:1.0104241096782794e-05,2.122547334954209e-06,1.987322000788117e-05,0.499281670416237,6.935296550282277e-09,0.4992816704162441,2.6320519398807075e-09,0.0014041591461476227,9.805874310262393e-08,2.9238684013396224e-07
Random8055
Raw:1.0104241096782794e-05,2.122547334954209e-06,1.987322000788117e-05,0.499281670416237,6.935296550282277e-09,0.4992816704162441,2.6320519398807075e-09,0.0014041591461476227,9.805874310262393e-08,2.9238684013396224e-07
EFT:1.0104241096782794e-05,2.122547334954209e-06,1.987322000788117e-05,0.499281670416237,6.935296550282277e-09,0.4992816704162441,2.6320519398807075e-09,0.0014041591461476227,9.805874310262393e-08,2.9238684013396224e-07
Random8056
Raw:1.0104241096782938e-05,2.122547334954209e-06,1.987322000788117e-05,0.499281670416237,6.935296550282277e-09,0.4992816704162441,2.632051939880745e-09,0.0014041591461476427,9.805874310262393e-08,2.9238684013396224e-07
EFT:1.0104241096782794e-05,2.122547334954209e-06,1.987322000788117e-05,0.499281670416237,6.935296550282277e-09,0.4992816704162441,2.6320519398807075e-09,0.0014041591461476227,9.805874310262393e-08,2.9238684013396224e-07
Random8057
Raw:1.0104241096782867e-05,2.122547334954224e-06,1.987322000788131e-05,0.49928167041624055,6.935296550282326e-09,0.49928167041624055,2.6320519398807265e-09,0.0014041591461476327,9.805874310262323e-08,2.923868401339643e-07
EFT:1.0104241096782794e-05,2.122547334954209e-06,1.987322000788117e-05,0.499281670416237,6.935296550282277e-09,0.4992816704162441,2.6320519398807075e-09,0.0014041591461476227,9.805874310262393e-08,2.9238684013396224e-07
Random8058
Raw:1.0104241096783009e-05,2.122547334954194e-06,1.9873220007881028e-05,0.49928167041623345,6.935296550282327e-09,0.49928167041624766,2.6320519398807638e-09,0.0014041591461476327,9.805874310262462e-08,2.9238684013396436e-07
EFT:1.0104241096782794e-05,2.122547334954209e-06,1.987322000788117e-05,0.499281670416237,6.935296550282277e-09,0.4992816704162441,2.6320519398807075e-09,0.0014041591461476227,9.805874310262393e-08,2.9238684013396224e-07
Random8059
Raw:1.0104241096782938e-05,2.122547334954239e-06,1.987322000788117e-05,0.499281670416237,6.935296550282277e-09,0.4992816704162441,2.632051939880745e-09,0.0014041591461476427,9.805874310262393e-08,2.9238684013396637e-07
EFT:1.0104241096782794e-05,2.122547334954209e-06,1.987322000788117e-05,0.499281670416237,6.935296550282277e-09,0.4992816704162441,2.6320519398807075e-09,0.0014041591461476227,9.805874310262393e-08,2.9238684013396224e-07
Random8060
Raw:1.0104241096782938e-05,2.122547334954209e-06,1.987322000788117e-05,0.499281670416237,6.9352965502823754e-09,0.4992816704162441,2.632051939880745e-09,0.0014041591461476227,9.805874310262672e-08,2.9238684013396637e-07
EFT:1.0104241096782794e-05,2.122547334954209e-06,1.987322000788117e-05,0.499281670416237,6.935296550282277e-09,0.4992816704162441,2.6320519398807075e-09,0.0014041591461476227,9.805874310262393e-08,2.9238684013396224e-07
Random8061
Raw:1.0104241096782938e-05,2.122547334954209e-06,1.987322000788117e-05,0.499281670416237,6.9352965502823754e-09,0.4992816704162441,2.6320519398807824e-09,0.0014041591461476026,9.805874310262672e-08,2.9238684013396637e-07
EFT:1.0104241096782794e-05,2.122547334954209e-06,1.987322000788117e-05,0.499281670416237,6.935296550282277e-09,0.4992816704162441,2.6320519398807075e-09,0.0014041591461476227,9.805874310262393e-08,2.9238684013396224e-07
Random8062
Raw:1.0104241096782938e-05,2.122547334954209e-06,1.987322000788117e-05,0.499281670416237,6.9352965502823754e-09,0.4992816704162441,2.6320519398807824e-09,0.0014041591461476227,9.805874310262532e-08,2.9238684013396637e-07
EFT:1.0104241096782794e-05,2.122547334954209e-06,1.987322000788117e-05,0.499281670416237,6.935296550282277e-09,0.4992816704162441,2.6320519398807075e-09,0.0014041591461476227,9.805874310262393e-08,2.9238684013396224e-07
Random8063
Raw:1.0104241096782865e-05,2.1225473349541635e-06,1.9873220007880747e-05,0.49928167041623345,6.935296550282228e-09,0.49928167041624766,2.632051939880726e-09,0.0014041591461476126,9.805874310262462e-08,2.923868401339602e-07
EFT:1.0104241096782794e-05,2.122547334954209e-06,1.987322000788117e-05,0.499281670416237,6.935296550282277e-09,0.4992816704162441,2.6320519398807075e-09,0.0014041591461476227,9.805874310262393e-08,2.9238684013396224e-07
Random8064
Raw:1.0104241096782794e-05,2.122547334954209e-06,1.987322000788117e-05,0.499281670416237,6.935296550282277e-09,0.4992816704162441,2.6320519398807075e-09,0.0014041591461476227,9.805874310262393e-08,2.9238684013396224e-07
EFT:1.0104241096782794e-05,2.122547334954209e-06,1.987322000788117e-05,0.499281670416237,6.935296550282277e-09,0.4992816704162441,2.6320519398807075e-09,0.0014041591461476227,9.805874310262393e-08,2.9238684013396224e-07
Random8065
Raw:1.0104241096782938e-05,2.122547334954209e-06,1.987322000788117e-05,0.499281670416237,6.935296550282277e-09,0.4992816704162441,2.632051939880745e-09,0.0014041591461476427,9.805874310262393e-08,2.9238684013396224e-07
EFT:1.0104241096782794e-05,2.122547334954209e-06,1.987322000788117e-05,0.499281670416237,6.935296550282277e-09,0.4992816704162441,2.6320519398807075e-09,0.0014041591461476227,9.805874310262393e-08,2.9238684013396224e-07
Random8066
Raw:1.0104241096783082e-05,2.122547334954239e-06,1.987322000788145e-05,0.499281670416237,6.935296550282475e-09,0.4992816704162441,2.6320519398807824e-09,0.0014041591461476427,9.805874310262532e-08,2.9238684013396637e-07
EFT:1.0104241096782794e-05,2.122547334954209e-06,1.987322000788117e-05,0.499281670416237,6.935296550282277e-09,0.4992816704162441,2.6320519398807075e-09,0.0014041591461476227,9.805874310262393e-08,2.9238684013396224e-07
Random8067
Raw:1.0104241096782938e-05,2.122547334954239e-06,1.9873220007880885e-05,0.499281670416237,6.9352965502823754e-09,0.4992816704162441,2.63205193988082e-09,0.0014041591461476227,9.805874310262532e-08,2.9238684013396637e-07
EFT:1.0104241096782794e-05,2.122547334954209e-06,1.987322000788117e-05,0.499281670416237,6.935296550282277e-09,0.4992816704162441,2.6320519398807075e-09,0.0014041591461476227,9.805874310262393e-08,2.9238684013396224e-07
Random8068
Raw:1.0104241096782938e-05,2.122547334954209e-06,1.987322000788117e-05,0.499281670416237,6.9352965502823754e-09,0.4992816704162441,2.6320519398807824e-09,0.0014041591461476227,9.805874310262532e-08,2.9238684013396637e-07
EFT:1.0104241096782794e-05,2.122547334954209e-06,1.987322000788117e-05,0.499281670416237,6.935296550282277e-09,0.4992816704162441,2.6320519398807075e-09,0.0014041591461476227,9.805874310262393e-08,2.9238684013396224e-07
Random8069
Raw:1.0104241096782938e-05,2.122547334954239e-06,1.9873220007880885e-05,0.499281670416237,6.935296550282277e-09,0.4992816704162441,2.632051939880745e-09,0.0014041591461476227,9.805874310262532e-08,2.9238684013396224e-07
EFT:1.0104241096782794e-05,2.122547334954209e-06,1.987322000788117e-05,0.499281670416237,6.935296550282277e-09,0.4992816704162441,2.6320519398807075e-09,0.0014041591461476227,9.805874310262393e-08,2.9238684013396224e-07
Random8070
Raw:1.0104241096782938e-05,2.122547334954239e-06,1.987322000788145e-05,0.499281670416237,6.9352965502823754e-09,0.4992816704162441,2.632051939880745e-09,0.0014041591461476427,9.805874310262532e-08,2.9238684013396637e-07
EFT:1.0104241096782794e-05,2.122547334954209e-06,1.987322000788117e-05,0.499281670416237,6.935296550282277e-09,0.4992816704162441,2.6320519398807075e-09,0.0014041591461476227,9.805874310262393e-08,2.9238684013396224e-07
Random8071
Raw:1.0104241096782938e-05,2.122547334954239e-06,1.987322000788145e-05,0.499281670416237,6.935296550282277e-09,0.4992816704162441,2.632051939880745e-09,0.0014041591461476427,9.805874310262393e-08,2.9238684013396637e-07
EFT:1.0104241096782794e-05,2.122547334954209e-06,1.987322000788117e-05,0.499281670416237,6.935296550282277e-09,0.4992816704162441,2.6320519398807075e-09,0.0014041591461476227,9.805874310262393e-08,2.9238684013396224e-07
Random8072
Raw:1.0104241096782867e-05,2.122547334954224e-06,1.987322000788131e-05,0.49928167041624055,6.935296550282228e-09,0.49928167041624055,2.632051939880689e-09,0.0014041591461476327,9.805874310262462e-08,2.923868401339602e-07
EFT:1.0104241096782794e-05,2.122547334954209e-06,1.987322000788117e-05,0.499281670416237,6.935296550282277e-09,0.4992816704162441,2.6320519398807075e-09,0.0014041591461476227,9.805874310262393e-08,2.9238684013396224e-07
Random8073
Raw:1.0104241096782938e-05,2.122547334954209e-06,1.987322000788117e-05,0.499281670416237,6.9352965502823754e-09,0.4992816704162441,2.6320519398807824e-09,0.0014041591461476227,9.805874310262532e-08,2.9238684013396637e-07
EFT:1.0104241096782794e-05,2.122547334954209e-06,1.987322000788117e-05,0.499281670416237,6.935296550282277e-09,0.4992816704162441,2.6320519398807075e-09,0.0014041591461476227,9.805874310262393e-08,2.9238684013396224e-07
Random8074
Raw:1.0104241096782938e-05,2.122547334954209e-06,1.987322000788117e-05,0.499281670416237,6.935296550282277e-09,0.4992816704162441,2.632051939880745e-09,0.0014041591461476427,9.805874310262393e-08,2.9238684013396224e-07
EFT:1.0104241096782794e-05,2.122547334954209e-06,1.987322000788117e-05,0.499281670416237,6.935296550282277e-09,0.4992816704162441,2.6320519398807075e-09,0.0014041591461476227,9.805874310262393e-08,2.9238684013396224e-07
Random8075
Raw:1.0104241096782938e-05,2.122547334954209e-06,1.987322000788117e-05,0.499281670416237,6.935296550282277e-09,0.4992816704162441,2.632051939880745e-09,0.0014041591461476227,9.805874310262532e-08,2.9238684013396224e-07
EFT:1.0104241096782794e-05,2.122547334954209e-06,1.987322000788117e-05,0.499281670416237,6.935296550282277e-09,0.4992816704162441,2.6320519398807075e-09,0.0014041591461476227,9.805874310262393e-08,2.9238684013396224e-07
Random8076
Raw:1.0104241096782938e-05,2.122547334954209e-06,1.987322000788117e-05,0.499281670416237,6.9352965502823754e-09,0.4992816704162441,2.632051939880745e-09,0.0014041591461476227,9.805874310262672e-08,2.9238684013396637e-07
EFT:1.0104241096782794e-05,2.122547334954209e-06,1.987322000788117e-05,0.499281670416237,6.935296550282277e-09,0.4992816704162441,2.6320519398807075e-09,0.0014041591461476227,9.805874310262393e-08,2.9238684013396224e-07
Random8077
Raw:1.0104241096782938e-05,2.122547334954209e-06,1.987322000788117e-05,0.499281670416237,6.935296550282277e-09,0.4992816704162441,2.632051939880745e-09,0.0014041591461476227,9.805874310262532e-08,2.9238684013396224e-07
EFT:1.0104241096782794e-05,2.122547334954209e-06,1.987322000788117e-05,0.499281670416237,6.935296550282277e-09,0.4992816704162441,2.6320519398807075e-09,0.0014041591461476227,9.805874310262393e-08,2.9238684013396224e-07
Random8078
Raw:1.0104241096782794e-05,2.122547334954209e-06,1.987322000788117e-05,0.499281670416237,6.9352965502821786e-09,0.4992816704162441,2.632051939880745e-09,0.0014041591461476227,9.805874310262254e-08,2.9238684013396224e-07
EFT:1.0104241096782794e-05,2.122547334954209e-06,1.987322000788117e-05,0.499281670416237,6.935296550282277e-09,0.4992816704162441,2.6320519398807075e-09,0.0014041591461476227,9.805874310262393e-08,2.9238684013396224e-07
Random8079
Raw:1.0104241096783009e-05,2.122547334954224e-06,1.9873220007881028e-05,0.49928167041623345,6.935296550282327e-09,0.49928167041624766,2.6320519398807638e-09,0.0014041591461476327,9.805874310262601e-08,2.9238684013396436e-07
EFT:1.0104241096782794e-05,2.122547334954209e-06,1.987322000788117e-05,0.499281670416237,6.935296550282277e-09,0.4992816704162441,2.6320519398807075e-09,0.0014041591461476227,9.805874310262393e-08,2.9238684013396224e-07
Random8080
Raw:1.0104241096783009e-05,2.122547334954224e-06,1.9873220007881028e-05,0.49928167041623345,6.935296550282424e-09,0.49928167041624766,2.632051939880801e-09,0.0014041591461476126,9.805874310262741e-08,2.923868401339685e-07
EFT:1.0104241096782794e-05,2.122547334954209e-06,1.987322000788117e-05,0.499281670416237,6.935296550282277e-09,0.4992816704162441,2.6320519398807075e-09,0.0014041591461476227,9.805874310262393e-08,2.9238684013396224e-07
Random8081
Raw:1.0104241096782867e-05,2.1225473349542546e-06,1.987322000788131e-05,0.49928167041624055,6.935296550282326e-09,0.49928167041624055,2.6320519398807638e-09,0.0014041591461476327,9.805874310262462e-08,2.923868401339643e-07
EFT:1.0104241096782794e-05,2.122547334954209e-06,1.987322000788117e-05,0.499281670416237,6.935296550282277e-09,0.4992816704162441,2.6320519398807075e-09,0.0014041591461476227,9.805874310262393e-08,2.9238684013396224e-07
Random8082
Raw:1.0104241096782938e-05,2.122547334954209e-06,1.987322000788117e-05,0.499281670416237,6.9352965502823754e-09,0.4992816704162441,2.632051939880745e-09,0.0014041591461476227,9.805874310262672e-08,2.9238684013396637e-07
EFT:1.0104241096782794e-05,2.122547334954209e-06,1.987322000788117e-05,0.499281670416237,6.935296550282277e-09,0.4992816704162441,2.6320519398807075e-09,0.0014041591461476227,9.805874310262393e-08,2.9238684013396224e-07
Random8083
Raw:1.0104241096782867e-05,2.122547334954224e-06,1.9873220007881028e-05,0.49928167041624055,6.935296550282326e-09,0.49928167041624055,2.6320519398807638e-09,0.0014041591461476128,9.805874310262462e-08,2.923868401339643e-07
EFT:1.0104241096782794e-05,2.122547334954209e-06,1.987322000788117e-05,0.499281670416237,6.935296550282277e-09,0.4992816704162441,2.6320519398807075e-09,0.0014041591461476227,9.805874310262393e-08,2.9238684013396224e-07
Random8084
Raw:1.0104241096782938e-05,2.122547334954209e-06,1.987322000788117e-05,0.499281670416237,6.935296550282277e-09,0.4992816704162441,2.632051939880745e-09,0.0014041591461476227,9.805874310262532e-08,2.9238684013396224e-07
EFT:1.0104241096782794e-05,2.122547334954209e-06,1.987322000788117e-05,0.499281670416237,6.935296550282277e-09,0.4992816704162441,2.6320519398807075e-09,0.0014041591461476227,9.805874310262393e-08,2.9238684013396224e-07
Random8085
Raw:1.0104241096782938e-05,2.122547334954209e-06,1.987322000788117e-05,0.499281670416237,6.935296550282277e-09,0.4992816704162441,2.632051939880745e-09,0.0014041591461476227,9.805874310262532e-08,2.9238684013396224e-07
EFT:1.0104241096782794e-05,2.122547334954209e-06,1.987322000788117e-05,0.499281670416237,6.935296550282277e-09,0.4992816704162441,2.6320519398807075e-09,0.0014041591461476227,9.805874310262393e-08,2.9238684013396224e-07
Random8086
Raw:1.0104241096782938e-05,2.122547334954209e-06,1.987322000788117e-05,0.499281670416237,6.9352965502823754e-09,0.4992816704162441,2.632051939880745e-09,0.0014041591461476227,9.805874310262532e-08,2.9238684013396637e-07
EFT:1.0104241096782794e-05,2.122547334954209e-06,1.987322000788117e-05,0.499281670416237,6.935296550282277e-09,0.4992816704162441,2.6320519398807075e-09,0.0014041591461476227,9.805874310262393e-08,2.9238684013396224e-07
Random8087
Raw:1.0104241096782938e-05,2.122547334954209e-06,1.987322000788117e-05,0.499281670416237,6.9352965502823754e-09,0.4992816704162441,2.632051939880745e-09,0.0014041591461476227,9.805874310262532e-08,2.9238684013396637e-07
EFT:1.0104241096782794e-05,2.122547334954209e-06,1.987322000788117e-05,0.499281670416237,6.935296550282277e-09,0.4992816704162441,2.6320519398807075e-09,0.0014041591461476227,9.805874310262393e-08,2.9238684013396224e-07
Random8088
Raw:1.0104241096782938e-05,2.122547334954209e-06,1.987322000788117e-05,0.499281670416237,6.935296550282277e-09,0.4992816704162441,2.632051939880745e-09,0.0014041591461476227,9.805874310262532e-08,2.9238684013396224e-07
EFT:1.0104241096782794e-05,2.122547334954209e-06,1.987322000788117e-05,0.499281670416237,6.935296550282277e-09,0.4992816704162441,2.6320519398807075e-09,0.0014041591461476227,9.805874310262393e-08,2.9238684013396224e-07
Random8089
Raw:1.0104241096782794e-05,2.122547334954209e-06,1.987322000788117e-05,0.499281670416237,6.935296550282277e-09,0.4992816704162441,2.632051939880745e-09,0.0014041591461476227,9.805874310262254e-08,2.9238684013396224e-07
EFT:1.0104241096782794e-05,2.122547334954209e-06,1.987322000788117e-05,0.499281670416237,6.935296550282277e-09,0.4992816704162441,2.6320519398807075e-09,0.0014041591461476227,9.805874310262393e-08,2.9238684013396224e-07
Random8090
Raw:1.0104241096782867e-05,2.122547334954224e-06,1.987322000788131e-05,0.49928167041624055,6.935296550282326e-09,0.49928167041624055,2.6320519398807265e-09,0.0014041591461476327,9.805874310262602e-08,2.923868401339643e-07
EFT:1.0104241096782794e-05,2.122547334954209e-06,1.987322000788117e-05,0.499281670416237,6.935296550282277e-09,0.4992816704162441,2.6320519398807075e-09,0.0014041591461476227,9.805874310262393e-08,2.9238684013396224e-07
Random8091
Raw:1.0104241096782794e-05,2.1225473349541788e-06,1.9873220007880885e-05,0.499281670416237,6.935296550282277e-09,0.4992816704162441,2.632051939880745e-09,0.0014041591461476026,9.805874310262254e-08,2.9238684013396224e-07
EFT:1.0104241096782794e-05,2.122547334954209e-06,1.987322000788117e-05,0.499281670416237,6.935296550282277e-09,0.4992816704162441,2.6320519398807075e-09,0.0014041591461476227,9.805874310262393e-08,2.9238684013396224e-07
Random8092
Raw:1.0104241096782867e-05,2.122547334954224e-06,1.9873220007881028e-05,0.49928167041624055,6.935296550282326e-09,0.49928167041624055,2.6320519398807265e-09,0.0014041591461476128,9.805874310262462e-08,2.923868401339643e-07
EFT:1.0104241096782794e-05,2.122547334954209e-06,1.987322000788117e-05,0.499281670416237,6.935296550282277e-09,0.4992816704162441,2.6320519398807075e-09,0.0014041591461476227,9.805874310262393e-08,2.9238684013396224e-07
Random8093
Raw:1.0104241096782867e-05,2.122547334954224e-06,1.9873220007881028e-05,0.49928167041624055,6.935296550282326e-09,0.49928167041624055,2.6320519398807265e-09,0.0014041591461476128,9.805874310262462e-08,2.923868401339643e-07
EFT:1.0104241096782794e-05,2.122547334954209e-06,1.987322000788117e-05,0.499281670416237,6.935296550282277e-09,0.4992816704162441,2.6320519398807075e-09,0.0014041591461476227,9.805874310262393e-08,2.9238684013396224e-07
Random8094
Raw:1.0104241096782794e-05,2.122547334954209e-06,1.9873220007880885e-05,0.499281670416237,6.9352965502821786e-09,0.4992816704162441,2.6320519398807075e-09,0.0014041591461476026,9.805874310262393e-08,2.9238684013396224e-07
EFT:1.0104241096782794e-05,2.122547334954209e-06,1.987322000788117e-05,0.499281670416237,6.935296550282277e-09,0.4992816704162441,2.6320519398807075e-09,0.0014041591461476227,9.805874310262393e-08,2.9238684013396224e-07
Random8095
Raw:1.0104241096782865e-05,2.122547334954194e-06,1.9873220007881028e-05,0.49928167041623345,6.935296550282327e-09,0.49928167041624766,2.632051939880726e-09,0.0014041591461476126,9.805874310262462e-08,2.9238684013396436e-07
EFT:1.0104241096782794e-05,2.122547334954209e-06,1.987322000788117e-05,0.499281670416237,6.935296550282277e-09,0.4992816704162441,2.6320519398807075e-09,0.0014041591461476227,9.805874310262393e-08,2.9238684013396224e-07
Random8096
Raw:1.0104241096782938e-05,2.122547334954209e-06,1.987322000788117e-05,0.499281670416237,6.935296550282277e-09,0.4992816704162441,2.632051939880745e-09,0.0014041591461476227,9.805874310262532e-08,2.9238684013396224e-07
EFT:1.0104241096782794e-05,2.122547334954209e-06,1.987322000788117e-05,0.499281670416237,6.935296550282277e-09,0.4992816704162441,2.6320519398807075e-09,0.0014041591461476227,9.805874310262393e-08,2.9238684013396224e-07
Random8097
Raw:1.0104241096782867e-05,2.122547334954194e-06,1.9873220007881028e-05,0.49928167041624055,6.935296550282228e-09,0.49928167041624055,2.632051939880689e-09,0.0014041591461476128,9.805874310262462e-08,2.923868401339602e-07
EFT:1.0104241096782794e-05,2.122547334954209e-06,1.987322000788117e-05,0.499281670416237,6.935296550282277e-09,0.4992816704162441,2.6320519398807075e-09,0.0014041591461476227,9.805874310262393e-08,2.9238684013396224e-07
Random8098
Raw:1.0104241096782938e-05,2.122547334954239e-06,1.987322000788145e-05,0.499281670416237,6.935296550282277e-09,0.4992816704162441,2.632051939880745e-09,0.0014041591461476227,9.805874310262532e-08,2.9238684013396224e-07
EFT:1.0104241096782794e-05,2.122547334954209e-06,1.987322000788117e-05,0.499281670416237,6.935296550282277e-09,0.4992816704162441,2.6320519398807075e-09,0.0014041591461476227,9.805874310262393e-08,2.9238684013396224e-07
Random8099
Raw:1.0104241096782938e-05,2.122547334954209e-06,1.9873220007880885e-05,0.499281670416237,6.9352965502823754e-09,0.4992816704162441,2.63205193988082e-09,0.0014041591461476026,9.805874310262532e-08,2.9238684013396637e-07
EFT:1.0104241096782794e-05,2.122547334954209e-06,1.987322000788117e-05,0.499281670416237,6.935296550282277e-09,0.4992816704162441,2.6320519398807075e-09,0.0014041591461476227,9.805874310262393e-08,2.9238684013396224e-07
Random8100
Raw:1.0104241096782938e-05,2.122547334954209e-06,1.987322000788117e-05,0.499281670416237,6.935296550282277e-09,0.4992816704162441,2.632051939880745e-09,0.0014041591461476427,9.805874310262393e-08,2.9238684013396224e-07
EFT:1.0104241096782794e-05,2.122547334954209e-06,1.987322000788117e-05,0.499281670416237,6.935296550282277e-09,0.4992816704162441,2.6320519398807075e-09,0.0014041591461476227,9.805874310262393e-08,2.9238684013396224e-07
Random8101
Raw:1.0104241096782867e-05,2.122547334954224e-06,1.987322000788131e-05,0.49928167041624055,6.935296550282326e-09,0.49928167041624055,2.6320519398807638e-09,0.0014041591461476327,9.805874310262462e-08,2.923868401339643e-07
EFT:1.0104241096782794e-05,2.122547334954209e-06,1.987322000788117e-05,0.499281670416237,6.935296550282277e-09,0.4992816704162441,2.6320519398807075e-09,0.0014041591461476227,9.805874310262393e-08,2.9238684013396224e-07
Random8102
Raw:1.0104241096782938e-05,2.122547334954209e-06,1.987322000788117e-05,0.499281670416237,6.9352965502823754e-09,0.4992816704162441,2.6320519398807824e-09,0.0014041591461476026,9.805874310262393e-08,2.9238684013396637e-07
EFT:1.0104241096782794e-05,2.122547334954209e-06,1.987322000788117e-05,0.499281670416237,6.935296550282277e-09,0.4992816704162441,2.6320519398807075e-09,0.0014041591461476227,9.805874310262393e-08,2.9238684013396224e-07
Random8103
Raw:1.0104241096782938e-05,2.122547334954209e-06,1.987322000788117e-05,0.499281670416237,6.935296550282277e-09,0.4992816704162441,2.632051939880745e-09,0.0014041591461476427,9.805874310262393e-08,2.9238684013396224e-07
EFT:1.0104241096782794e-05,2.122547334954209e-06,1.987322000788117e-05,0.499281670416237,6.935296550282277e-09,0.4992816704162441,2.6320519398807075e-09,0.0014041591461476227,9.805874310262393e-08,2.9238684013396224e-07
Random8104
Raw:1.0104241096782794e-05,2.122547334954209e-06,1.987322000788117e-05,0.499281670416237,6.935296550282277e-09,0.4992816704162441,2.6320519398807075e-09,0.0014041591461476227,9.805874310262393e-08,2.9238684013396224e-07
EFT:1.0104241096782794e-05,2.122547334954209e-06,1.987322000788117e-05,0.499281670416237,6.935296550282277e-09,0.4992816704162441,2.6320519398807075e-09,0.0014041591461476227,9.805874310262393e-08,2.9238684013396224e-07
Random8105
Raw:1.0104241096783009e-05,2.122547334954194e-06,1.9873220007881028e-05,0.49928167041623345,6.935296550282327e-09,0.49928167041624766,2.6320519398807638e-09,0.0014041591461476126,9.805874310262601e-08,2.9238684013396436e-07
EFT:1.0104241096782794e-05,2.122547334954209e-06,1.987322000788117e-05,0.499281670416237,6.935296550282277e-09,0.4992816704162441,2.6320519398807075e-09,0.0014041591461476227,9.805874310262393e-08,2.9238684013396224e-07
Random8106
Raw:1.0104241096782865e-05,2.122547334954194e-06,1.9873220007881028e-05,0.49928167041623345,6.935296550282327e-09,0.49928167041624766,2.632051939880726e-09,0.0014041591461476126,9.805874310262462e-08,2.9238684013396436e-07
EFT:1.0104241096782794e-05,2.122547334954209e-06,1.987322000788117e-05,0.499281670416237,6.935296550282277e-09,0.4992816704162441,2.6320519398807075e-09,0.0014041591461476227,9.805874310262393e-08,2.9238684013396224e-07
Random8107
Raw:1.0104241096782867e-05,2.122547334954224e-06,1.987322000788131e-05,0.49928167041624055,6.935296550282326e-09,0.49928167041624055,2.6320519398807265e-09,0.0014041591461476327,9.805874310262602e-08,2.923868401339643e-07
EFT:1.0104241096782794e-05,2.122547334954209e-06,1.987322000788117e-05,0.499281670416237,6.935296550282277e-09,0.4992816704162441,2.6320519398807075e-09,0.0014041591461476227,9.805874310262393e-08,2.9238684013396224e-07
Random8108
Raw:1.0104241096782867e-05,2.122547334954224e-06,1.987322000788131e-05,0.49928167041624055,6.935296550282326e-09,0.49928167041624055,2.6320519398807265e-09,0.0014041591461476327,9.805874310262323e-08,2.923868401339643e-07
EFT:1.0104241096782794e-05,2.122547334954209e-06,1.987322000788117e-05,0.499281670416237,6.935296550282277e-09,0.4992816704162441,2.6320519398807075e-09,0.0014041591461476227,9.805874310262393e-08,2.9238684013396224e-07
Random8109
Raw:1.0104241096782938e-05,2.122547334954209e-06,1.987322000788117e-05,0.499281670416237,6.9352965502823754e-09,0.4992816704162441,2.6320519398807824e-09,0.0014041591461476227,9.805874310262532e-08,2.9238684013396637e-07
EFT:1.0104241096782794e-05,2.122547334954209e-06,1.987322000788117e-05,0.499281670416237,6.935296550282277e-09,0.4992816704162441,2.6320519398807075e-09,0.0014041591461476227,9.805874310262393e-08,2.9238684013396224e-07
Random8110
Raw:1.0104241096782867e-05,2.122547334954224e-06,1.987322000788131e-05,0.49928167041624055,6.935296550282326e-09,0.49928167041624055,2.6320519398807265e-09,0.0014041591461476327,9.805874310262323e-08,2.923868401339643e-07
EFT:1.0104241096782794e-05,2.122547334954209e-06,1.987322000788117e-05,0.499281670416237,6.935296550282277e-09,0.4992816704162441,2.6320519398807075e-09,0.0014041591461476227,9.805874310262393e-08,2.9238684013396224e-07
Random8111
Raw:1.0104241096782794e-05,2.1225473349541788e-06,1.9873220007880885e-05,0.499281670416237,6.935296550282277e-09,0.4992816704162441,2.632051939880745e-09,0.0014041591461476026,9.805874310262254e-08,2.9238684013396224e-07
EFT:1.0104241096782794e-05,2.122547334954209e-06,1.987322000788117e-05,0.499281670416237,6.935296550282277e-09,0.4992816704162441,2.6320519398807075e-09,0.0014041591461476227,9.805874310262393e-08,2.9238684013396224e-07
Random8112
Raw:1.0104241096782867e-05,2.1225473349542546e-06,1.987322000788131e-05,0.49928167041624055,6.935296550282326e-09,0.49928167041624055,2.6320519398807638e-09,0.0014041591461476327,9.805874310262462e-08,2.923868401339643e-07
EFT:1.0104241096782794e-05,2.122547334954209e-06,1.987322000788117e-05,0.499281670416237,6.935296550282277e-09,0.4992816704162441,2.6320519398807075e-09,0.0014041591461476227,9.805874310262393e-08,2.9238684013396224e-07
Random8113
Raw:1.0104241096783009e-05,2.122547334954224e-06,1.9873220007881028e-05,0.49928167041623345,6.935296550282327e-09,0.49928167041624766,2.6320519398807638e-09,0.0014041591461476327,9.805874310262601e-08,2.9238684013396436e-07
EFT:1.0104241096782794e-05,2.122547334954209e-06,1.987322000788117e-05,0.499281670416237,6.935296550282277e-09,0.4992816704162441,2.6320519398807075e-09,0.0014041591461476227,9.805874310262393e-08,2.9238684013396224e-07
Random8114
Raw:1.0104241096782938e-05,2.122547334954239e-06,1.987322000788145e-05,0.499281670416237,6.935296550282277e-09,0.4992816704162441,2.632051939880745e-09,0.0014041591461476427,9.805874310262532e-08,2.9238684013396224e-07
EFT:1.0104241096782794e-05,2.122547334954209e-06,1.987322000788117e-05,0.499281670416237,6.935296550282277e-09,0.4992816704162441,2.6320519398807075e-09,0.0014041591461476227,9.805874310262393e-08,2.9238684013396224e-07
Random8115
Raw:1.0104241096782865e-05,2.122547334954194e-06,1.9873220007881028e-05,0.49928167041623345,6.935296550282228e-09,0.49928167041624766,2.632051939880726e-09,0.0014041591461476126,9.805874310262462e-08,2.9238684013396436e-07
EFT:1.0104241096782794e-05,2.122547334954209e-06,1.987322000788117e-05,0.499281670416237,6.935296550282277e-09,0.4992816704162441,2.6320519398807075e-09,0.0014041591461476227,9.805874310262393e-08,2.9238684013396224e-07
Random8116
Raw:1.0104241096783009e-05,2.122547334954194e-06,1.9873220007881028e-05,0.49928167041623345,6.935296550282327e-09,0.49928167041624766,2.6320519398807638e-09,0.0014041591461476327,9.805874310262462e-08,2.9238684013396436e-07
EFT:1.0104241096782794e-05,2.122547334954209e-06,1.987322000788117e-05,0.499281670416237,6.935296550282277e-09,0.4992816704162441,2.6320519398807075e-09,0.0014041591461476227,9.805874310262393e-08,2.9238684013396224e-07
Random8117
Raw:1.0104241096782794e-05,2.122547334954209e-06,1.9873220007880885e-05,0.499281670416237,6.9352965502821786e-09,0.4992816704162441,2.632051939880745e-09,0.0014041591461476227,9.805874310262254e-08,2.9238684013396224e-07
EFT:1.0104241096782794e-05,2.122547334954209e-06,1.987322000788117e-05,0.499281670416237,6.935296550282277e-09,0.4992816704162441,2.6320519398807075e-09,0.0014041591461476227,9.805874310262393e-08,2.9238684013396224e-07
Random8118
Raw:1.0104241096782938e-05,2.122547334954239e-06,1.9873220007880885e-05,0.499281670416237,6.935296550282277e-09,0.4992816704162441,2.632051939880745e-09,0.0014041591461476227,9.805874310262532e-08,2.9238684013396224e-07
EFT:1.0104241096782794e-05,2.122547334954209e-06,1.987322000788117e-05,0.499281670416237,6.935296550282277e-09,0.4992816704162441,2.6320519398807075e-09,0.0014041591461476227,9.805874310262393e-08,2.9238684013396224e-07
Random8119
Raw:1.0104241096782938e-05,2.122547334954209e-06,1.987322000788117e-05,0.499281670416237,6.9352965502823754e-09,0.4992816704162441,2.6320519398807824e-09,0.0014041591461476227,9.805874310262532e-08,2.9238684013396637e-07
EFT:1.0104241096782794e-05,2.122547334954209e-06,1.987322000788117e-05,0.499281670416237,6.935296550282277e-09,0.4992816704162441,2.6320519398807075e-09,0.0014041591461476227,9.805874310262393e-08,2.9238684013396224e-07
Random8120
Raw:1.0104241096782938e-05,2.122547334954209e-06,1.987322000788117e-05,0.499281670416237,6.935296550282277e-09,0.4992816704162441,2.632051939880745e-09,0.0014041591461476227,9.805874310262393e-08,2.9238684013396637e-07
EFT:1.0104241096782794e-05,2.122547334954209e-06,1.987322000788117e-05,0.499281670416237,6.935296550282277e-09,0.4992816704162441,2.6320519398807075e-09,0.0014041591461476227,9.805874310262393e-08,2.9238684013396224e-07
Random8121
Raw:1.0104241096783009e-05,2.122547334954224e-06,1.987322000788131e-05,0.49928167041623345,6.935296550282327e-09,0.49928167041624766,2.6320519398807638e-09,0.0014041591461476327,9.805874310262462e-08,2.923868401339685e-07
EFT:1.0104241096782794e-05,2.122547334954209e-06,1.987322000788117e-05,0.499281670416237,6.935296550282277e-09,0.4992816704162441,2.6320519398807075e-09,0.0014041591461476227,9.805874310262393e-08,2.9238684013396224e-07
Random8122
Raw:1.0104241096782794e-05,2.122547334954209e-06,1.987322000788117e-05,0.4992816704162441,6.935296550282277e-09,0.499281670416237,2.63205193988067e-09,0.0014041591461476227,9.805874310262393e-08,2.9238684013396224e-07
EFT:1.0104241096782794e-05,2.122547334954209e-06,1.987322000788117e-05,0.499281670416237,6.935296550282277e-09,0.4992816704162441,2.6320519398807075e-09,0.0014041591461476227,9.805874310262393e-08,2.9238684013396224e-07
Random8123
Raw:1.0104241096782867e-05,2.1225473349542546e-06,1.987322000788131e-05,0.49928167041624055,6.935296550282326e-09,0.49928167041624055,2.6320519398807638e-09,0.0014041591461476128,9.805874310262462e-08,2.923868401339643e-07
EFT:1.0104241096782794e-05,2.122547334954209e-06,1.987322000788117e-05,0.499281670416237,6.935296550282277e-09,0.4992816704162441,2.6320519398807075e-09,0.0014041591461476227,9.805874310262393e-08,2.9238684013396224e-07
Random8124
Raw:1.0104241096782867e-05,2.122547334954224e-06,1.987322000788131e-05,0.49928167041624055,6.935296550282326e-09,0.49928167041624055,2.6320519398807265e-09,0.0014041591461476327,9.805874310262602e-08,2.923868401339643e-07
EFT:1.0104241096782794e-05,2.122547334954209e-06,1.987322000788117e-05,0.499281670416237,6.935296550282277e-09,0.4992816704162441,2.6320519398807075e-09,0.0014041591461476227,9.805874310262393e-08,2.9238684013396224e-07
Random8125
Raw:1.0104241096782938e-05,2.122547334954209e-06,1.987322000788117e-05,0.499281670416237,6.935296550282277e-09,0.4992816704162441,2.632051939880745e-09,0.0014041591461476227,9.805874310262532e-08,2.9238684013396224e-07
EFT:1.0104241096782794e-05,2.122547334954209e-06,1.987322000788117e-05,0.499281670416237,6.935296550282277e-09,0.4992816704162441,2.6320519398807075e-09,0.0014041591461476227,9.805874310262393e-08,2.9238684013396224e-07
Random8126
Raw:1.0104241096783009e-05,2.122547334954224e-06,1.9873220007881028e-05,0.49928167041623345,6.935296550282327e-09,0.49928167041624766,2.6320519398807638e-09,0.0014041591461476327,9.805874310262601e-08,2.9238684013396436e-07
EFT:1.0104241096782794e-05,2.122547334954209e-06,1.987322000788117e-05,0.499281670416237,6.935296550282277e-09,0.4992816704162441,2.6320519398807075e-09,0.0014041591461476227,9.805874310262393e-08,2.9238684013396224e-07
Random8127
Raw:1.0104241096782938e-05,2.122547334954209e-06,1.9873220007880885e-05,0.499281670416237,6.935296550282277e-09,0.4992816704162441,2.632051939880745e-09,0.0014041591461476227,9.805874310262532e-08,2.9238684013396224e-07
EFT:1.0104241096782794e-05,2.122547334954209e-06,1.987322000788117e-05,0.499281670416237,6.935296550282277e-09,0.4992816704162441,2.6320519398807075e-09,0.0014041591461476227,9.805874310262393e-08,2.9238684013396224e-07
Random8128
Raw:1.0104241096782938e-05,2.122547334954209e-06,1.987322000788117e-05,0.499281670416237,6.9352965502823754e-09,0.4992816704162441,2.632051939880745e-09,0.0014041591461476227,9.805874310262393e-08,2.9238684013396637e-07
EFT:1.0104241096782794e-05,2.122547334954209e-06,1.987322000788117e-05,0.499281670416237,6.935296550282277e-09,0.4992816704162441,2.6320519398807075e-09,0.0014041591461476227,9.805874310262393e-08,2.9238684013396224e-07
Random8129
Raw:1.0104241096783009e-05,2.122547334954194e-06,1.9873220007881028e-05,0.49928167041623345,6.935296550282327e-09,0.49928167041624766,2.6320519398807638e-09,0.0014041591461476126,9.805874310262601e-08,2.9238684013396436e-07
EFT:1.0104241096782794e-05,2.122547334954209e-06,1.987322000788117e-05,0.499281670416237,6.935296550282277e-09,0.4992816704162441,2.6320519398807075e-09,0.0014041591461476227,9.805874310262393e-08,2.9238684013396224e-07
Random8130
Raw:1.0104241096783009e-05,2.122547334954194e-06,1.9873220007881028e-05,0.49928167041623345,6.935296550282327e-09,0.49928167041624766,2.6320519398807638e-09,0.0014041591461476327,9.805874310262462e-08,2.9238684013396436e-07
EFT:1.0104241096782794e-05,2.122547334954209e-06,1.987322000788117e-05,0.499281670416237,6.935296550282277e-09,0.4992816704162441,2.6320519398807075e-09,0.0014041591461476227,9.805874310262393e-08,2.9238684013396224e-07
Random8131
Raw:1.0104241096782867e-05,2.122547334954224e-06,1.987322000788131e-05,0.49928167041624055,6.935296550282326e-09,0.49928167041624055,2.6320519398807265e-09,0.0014041591461476128,9.805874310262462e-08,2.923868401339643e-07
EFT:1.0104241096782794e-05,2.122547334954209e-06,1.987322000788117e-05,0.499281670416237,6.935296550282277e-09,0.4992816704162441,2.6320519398807075e-09,0.0014041591461476227,9.805874310262393e-08,2.9238684013396224e-07
Random8132
Raw:1.0104241096782938e-05,2.122547334954239e-06,1.987322000788145e-05,0.499281670416237,6.935296550282277e-09,0.4992816704162441,2.632051939880745e-09,0.0014041591461476427,9.805874310262393e-08,2.9238684013396637e-07
EFT:1.0104241096782794e-05,2.122547334954209e-06,1.987322000788117e-05,0.499281670416237,6.935296550282277e-09,0.4992816704162441,2.6320519398807075e-09,0.0014041591461476227,9.805874310262393e-08,2.9238684013396224e-07
Random8133
Raw:1.0104241096782865e-05,2.122547334954194e-06,1.9873220007880747e-05,0.49928167041623345,6.935296550282327e-09,0.49928167041624766,2.6320519398807638e-09,0.0014041591461476126,9.805874310262462e-08,2.9238684013396436e-07
EFT:1.0104241096782794e-05,2.122547334954209e-06,1.987322000788117e-05,0.499281670416237,6.935296550282277e-09,0.4992816704162441,2.6320519398807075e-09,0.0014041591461476227,9.805874310262393e-08,2.9238684013396224e-07
Random8134
Raw:1.0104241096782794e-05,2.122547334954209e-06,1.987322000788117e-05,0.499281670416237,6.9352965502821786e-09,0.4992816704162441,2.632051939880745e-09,0.0014041591461476227,9.805874310262254e-08,2.9238684013396224e-07
EFT:1.0104241096782794e-05,2.122547334954209e-06,1.987322000788117e-05,0.499281670416237,6.935296550282277e-09,0.4992816704162441,2.6320519398807075e-09,0.0014041591461476227,9.805874310262393e-08,2.9238684013396224e-07
Random8135
Raw:1.0104241096782867e-05,2.122547334954194e-06,1.9873220007881028e-05,0.49928167041624055,6.935296550282326e-09,0.49928167041624055,2.6320519398807265e-09,0.0014041591461476128,9.805874310262323e-08,2.923868401339643e-07
EFT:1.0104241096782794e-05,2.122547334954209e-06,1.987322000788117e-05,0.499281670416237,6.935296550282277e-09,0.4992816704162441,2.6320519398807075e-09,0.0014041591461476227,9.805874310262393e-08,2.9238684013396224e-07
Random8136
Raw:1.0104241096782938e-05,2.122547334954209e-06,1.987322000788117e-05,0.499281670416237,6.935296550282277e-09,0.4992816704162441,2.632051939880745e-09,0.0014041591461476227,9.805874310262532e-08,2.9238684013396224e-07
EFT:1.0104241096782794e-05,2.122547334954209e-06,1.987322000788117e-05,0.499281670416237,6.935296550282277e-09,0.4992816704162441,2.6320519398807075e-09,0.0014041591461476227,9.805874310262393e-08,2.9238684013396224e-07
Random8137
Raw:1.0104241096782938e-05,2.122547334954209e-06,1.987322000788117e-05,0.499281670416237,6.935296550282277e-09,0.4992816704162441,2.632051939880745e-09,0.0014041591461476227,9.805874310262532e-08,2.9238684013396224e-07
EFT:1.0104241096782794e-05,2.122547334954209e-06,1.987322000788117e-05,0.499281670416237,6.935296550282277e-09,0.4992816704162441,2.6320519398807075e-09,0.0014041591461476227,9.805874310262393e-08,2.9238684013396224e-07
Random8138
Raw:1.0104241096783009e-05,2.122547334954224e-06,1.987322000788131e-05,0.49928167041623345,6.935296550282327e-09,0.49928167041624766,2.6320519398807638e-09,0.0014041591461476327,9.805874310262462e-08,2.923868401339685e-07
EFT:1.0104241096782794e-05,2.122547334954209e-06,1.987322000788117e-05,0.499281670416237,6.935296550282277e-09,0.4992816704162441,2.6320519398807075e-09,0.0014041591461476227,9.805874310262393e-08,2.9238684013396224e-07
Random8139
Raw:1.0104241096782938e-05,2.122547334954209e-06,1.987322000788117e-05,0.499281670416237,6.935296550282277e-09,0.4992816704162441,2.632051939880745e-09,0.0014041591461476427,9.805874310262393e-08,2.9238684013396224e-07
EFT:1.0104241096782794e-05,2.122547334954209e-06,1.987322000788117e-05,0.499281670416237,6.935296550282277e-09,0.4992816704162441,2.6320519398807075e-09,0.0014041591461476227,9.805874310262393e-08,2.9238684013396224e-07
Random8140
Raw:1.0104241096782938e-05,2.122547334954209e-06,1.987322000788117e-05,0.499281670416237,6.9352965502823754e-09,0.4992816704162441,2.632051939880745e-09,0.0014041591461476227,9.805874310262532e-08,2.9238684013396637e-07
EFT:1.0104241096782794e-05,2.122547334954209e-06,1.987322000788117e-05,0.499281670416237,6.935296550282277e-09,0.4992816704162441,2.6320519398807075e-09,0.0014041591461476227,9.805874310262393e-08,2.9238684013396224e-07
Random8141
Raw:1.0104241096782867e-05,2.122547334954224e-06,1.987322000788131e-05,0.49928167041624055,6.935296550282326e-09,0.49928167041624055,2.6320519398807265e-09,0.0014041591461476327,9.805874310262462e-08,2.923868401339643e-07
EFT:1.0104241096782794e-05,2.122547334954209e-06,1.987322000788117e-05,0.499281670416237,6.935296550282277e-09,0.4992816704162441,2.6320519398807075e-09,0.0014041591461476227,9.805874310262393e-08,2.9238684013396224e-07
Random8142
Raw:1.0104241096782867e-05,2.122547334954224e-06,1.987322000788131e-05,0.49928167041624055,6.935296550282326e-09,0.49928167041624055,2.6320519398807265e-09,0.0014041591461476327,9.805874310262462e-08,2.923868401339643e-07
EFT:1.0104241096782794e-05,2.122547334954209e-06,1.987322000788117e-05,0.499281670416237,6.935296550282277e-09,0.4992816704162441,2.6320519398807075e-09,0.0014041591461476227,9.805874310262393e-08,2.9238684013396224e-07
Random8143
Raw:1.0104241096782794e-05,2.122547334954209e-06,1.987322000788117e-05,0.499281670416237,6.9352965502821786e-09,0.4992816704162441,2.6320519398807075e-09,0.0014041591461476227,9.805874310262393e-08,2.9238684013396224e-07
EFT:1.0104241096782794e-05,2.122547334954209e-06,1.987322000788117e-05,0.499281670416237,6.935296550282277e-09,0.4992816704162441,2.6320519398807075e-09,0.0014041591461476227,9.805874310262393e-08,2.9238684013396224e-07
Random8144
Raw:1.0104241096782794e-05,2.122547334954209e-06,1.987322000788117e-05,0.499281670416237,6.935296550282277e-09,0.4992816704162441,2.6320519398807075e-09,0.0014041591461476227,9.805874310262393e-08,2.9238684013396224e-07
EFT:1.0104241096782794e-05,2.122547334954209e-06,1.987322000788117e-05,0.499281670416237,6.935296550282277e-09,0.4992816704162441,2.6320519398807075e-09,0.0014041591461476227,9.805874310262393e-08,2.9238684013396224e-07
Random8145
Raw:1.0104241096782794e-05,2.122547334954209e-06,1.987322000788117e-05,0.499281670416237,6.935296550282277e-09,0.4992816704162441,2.6320519398807075e-09,0.0014041591461476026,9.805874310262393e-08,2.9238684013396224e-07
EFT:1.0104241096782794e-05,2.122547334954209e-06,1.987322000788117e-05,0.499281670416237,6.935296550282277e-09,0.4992816704162441,2.6320519398807075e-09,0.0014041591461476227,9.805874310262393e-08,2.9238684013396224e-07
Random8146
Raw:1.0104241096782938e-05,2.122547334954209e-06,1.987322000788117e-05,0.499281670416237,6.9352965502823754e-09,0.4992816704162441,2.6320519398807824e-09,0.0014041591461476227,9.805874310262532e-08,2.9238684013396637e-07
EFT:1.0104241096782794e-05,2.122547334954209e-06,1.987322000788117e-05,0.499281670416237,6.935296550282277e-09,0.4992816704162441,2.6320519398807075e-09,0.0014041591461476227,9.805874310262393e-08,2.9238684013396224e-07
Random8147
Raw:1.0104241096782938e-05,2.122547334954209e-06,1.987322000788117e-05,0.499281670416237,6.9352965502823754e-09,0.4992816704162441,2.6320519398807824e-09,0.0014041591461476227,9.805874310262532e-08,2.9238684013396637e-07
EFT:1.0104241096782794e-05,2.122547334954209e-06,1.987322000788117e-05,0.499281670416237,6.935296550282277e-09,0.4992816704162441,2.6320519398807075e-09,0.0014041591461476227,9.805874310262393e-08,2.9238684013396224e-07
Random8148
Raw:1.0104241096782938e-05,2.122547334954209e-06,1.9873220007880885e-05,0.499281670416237,6.935296550282277e-09,0.4992816704162441,2.632051939880745e-09,0.0014041591461476227,9.805874310262532e-08,2.9238684013396224e-07
EFT:1.0104241096782794e-05,2.122547334954209e-06,1.987322000788117e-05,0.499281670416237,6.935296550282277e-09,0.4992816704162441,2.6320519398807075e-09,0.0014041591461476227,9.805874310262393e-08,2.9238684013396224e-07
Random8149
Raw:1.0104241096782938e-05,2.1225473349541788e-06,1.9873220007880885e-05,0.499281670416237,6.935296550282277e-09,0.4992816704162441,2.632051939880745e-09,0.0014041591461476026,9.805874310262532e-08,2.9238684013396224e-07
EFT:1.0104241096782794e-05,2.122547334954209e-06,1.987322000788117e-05,0.499281670416237,6.935296550282277e-09,0.4992816704162441,2.6320519398807075e-09,0.0014041591461476227,9.805874310262393e-08,2.9238684013396224e-07
Random8150
Raw:1.0104241096782867e-05,2.122547334954224e-06,1.987322000788131e-05,0.49928167041624055,6.935296550282326e-09,0.49928167041624055,2.6320519398807265e-09,0.0014041591461476128,9.805874310262462e-08,2.923868401339643e-07
EFT:1.0104241096782794e-05,2.122547334954209e-06,1.987322000788117e-05,0.499281670416237,6.935296550282277e-09,0.4992816704162441,2.6320519398807075e-09,0.0014041591461476227,9.805874310262393e-08,2.9238684013396224e-07
Random8151
Raw:1.0104241096782938e-05,2.122547334954209e-06,1.987322000788117e-05,0.499281670416237,6.9352965502823754e-09,0.4992816704162441,2.632051939880745e-09,0.0014041591461476227,9.805874310262672e-08,2.9238684013396637e-07
EFT:1.0104241096782794e-05,2.122547334954209e-06,1.987322000788117e-05,0.499281670416237,6.935296550282277e-09,0.4992816704162441,2.6320519398807075e-09,0.0014041591461476227,9.805874310262393e-08,2.9238684013396224e-07
Random8152
Raw:1.0104241096782794e-05,2.122547334954209e-06,1.987322000788117e-05,0.499281670416237,6.9352965502821786e-09,0.4992816704162441,2.63205193988067e-09,0.0014041591461476427,9.805874310262393e-08,2.923868401339581e-07
EFT:1.0104241096782794e-05,2.122547334954209e-06,1.987322000788117e-05,0.499281670416237,6.935296550282277e-09,0.4992816704162441,2.6320519398807075e-09,0.0014041591461476227,9.805874310262393e-08,2.9238684013396224e-07
Random8153
Raw:1.0104241096783009e-05,2.122547334954224e-06,1.987322000788131e-05,0.49928167041623345,6.935296550282327e-09,0.49928167041624766,2.6320519398807638e-09,0.0014041591461476327,9.805874310262462e-08,2.923868401339685e-07
EFT:1.0104241096782794e-05,2.122547334954209e-06,1.987322000788117e-05,0.499281670416237,6.935296550282277e-09,0.4992816704162441,2.6320519398807075e-09,0.0014041591461476227,9.805874310262393e-08,2.9238684013396224e-07
Random8154
Raw:1.0104241096783009e-05,2.122547334954224e-06,1.987322000788131e-05,0.49928167041623345,6.935296550282327e-09,0.49928167041624766,2.6320519398807638e-09,0.0014041591461476327,9.805874310262462e-08,2.923868401339685e-07
EFT:1.0104241096782794e-05,2.122547334954209e-06,1.987322000788117e-05,0.499281670416237,6.935296550282277e-09,0.4992816704162441,2.6320519398807075e-09,0.0014041591461476227,9.805874310262393e-08,2.9238684013396224e-07
Random8155
Raw:1.0104241096782938e-05,2.122547334954209e-06,1.987322000788117e-05,0.499281670416237,6.935296550282277e-09,0.4992816704162441,2.632051939880745e-09,0.0014041591461476427,9.805874310262393e-08,2.9238684013396224e-07
EFT:1.0104241096782794e-05,2.122547334954209e-06,1.987322000788117e-05,0.499281670416237,6.935296550282277e-09,0.4992816704162441,2.6320519398807075e-09,0.0014041591461476227,9.805874310262393e-08,2.9238684013396224e-07
Random8156
Raw:1.0104241096782867e-05,2.122547334954224e-06,1.987322000788131e-05,0.49928167041624055,6.935296550282326e-09,0.49928167041624055,2.6320519398807265e-09,0.0014041591461476327,9.805874310262602e-08,2.923868401339643e-07
EFT:1.0104241096782794e-05,2.122547334954209e-06,1.987322000788117e-05,0.499281670416237,6.935296550282277e-09,0.4992816704162441,2.6320519398807075e-09,0.0014041591461476227,9.805874310262393e-08,2.9238684013396224e-07
Random8157
Raw:1.0104241096783009e-05,2.122547334954224e-06,1.9873220007881028e-05,0.49928167041623345,6.935296550282327e-09,0.49928167041624766,2.6320519398807638e-09,0.0014041591461476327,9.805874310262601e-08,2.9238684013396436e-07
EFT:1.0104241096782794e-05,2.122547334954209e-06,1.987322000788117e-05,0.499281670416237,6.935296550282277e-09,0.4992816704162441,2.6320519398807075e-09,0.0014041591461476227,9.805874310262393e-08,2.9238684013396224e-07
Random8158
Raw:1.0104241096782938e-05,2.122547334954209e-06,1.987322000788117e-05,0.499281670416237,6.935296550282277e-09,0.4992816704162441,2.632051939880745e-09,0.0014041591461476427,9.805874310262393e-08,2.9238684013396224e-07
EFT:1.0104241096782794e-05,2.122547334954209e-06,1.987322000788117e-05,0.499281670416237,6.935296550282277e-09,0.4992816704162441,2.6320519398807075e-09,0.0014041591461476227,9.805874310262393e-08,2.9238684013396224e-07
Random8159
Raw:1.0104241096783009e-05,2.122547334954224e-06,1.987322000788131e-05,0.49928167041623345,6.935296550282424e-09,0.49928167041624766,2.632051939880801e-09,0.0014041591461476126,9.805874310262462e-08,2.923868401339685e-07
EFT:1.0104241096782794e-05,2.122547334954209e-06,1.987322000788117e-05,0.499281670416237,6.935296550282277e-09,0.4992816704162441,2.6320519398807075e-09,0.0014041591461476227,9.805874310262393e-08,2.9238684013396224e-07
Random8160
Raw:1.0104241096782865e-05,2.1225473349541635e-06,1.9873220007880747e-05,0.49928167041623345,6.935296550282228e-09,0.49928167041624766,2.632051939880726e-09,0.0014041591461476126,9.805874310262462e-08,2.923868401339602e-07
EFT:1.0104241096782794e-05,2.122547334954209e-06,1.987322000788117e-05,0.499281670416237,6.935296550282277e-09,0.4992816704162441,2.6320519398807075e-09,0.0014041591461476227,9.805874310262393e-08,2.9238684013396224e-07
Random8161
Raw:1.0104241096782794e-05,2.122547334954209e-06,1.987322000788117e-05,0.499281670416237,6.935296550282277e-09,0.4992816704162441,2.6320519398807075e-09,0.0014041591461476026,9.805874310262393e-08,2.9238684013396224e-07
EFT:1.0104241096782794e-05,2.122547334954209e-06,1.987322000788117e-05,0.499281670416237,6.935296550282277e-09,0.4992816704162441,2.6320519398807075e-09,0.0014041591461476227,9.805874310262393e-08,2.9238684013396224e-07
Random8162
Raw:1.0104241096782794e-05,2.122547334954209e-06,1.987322000788117e-05,0.499281670416237,6.935296550282277e-09,0.4992816704162441,2.632051939880745e-09,0.0014041591461476227,9.805874310262254e-08,2.9238684013396224e-07
EFT:1.0104241096782794e-05,2.122547334954209e-06,1.987322000788117e-05,0.499281670416237,6.935296550282277e-09,0.4992816704162441,2.6320519398807075e-09,0.0014041591461476227,9.805874310262393e-08,2.9238684013396224e-07
Random8163
Raw:1.0104241096782938e-05,2.122547334954209e-06,1.987322000788117e-05,0.499281670416237,6.9352965502823754e-09,0.4992816704162441,2.632051939880745e-09,0.0014041591461476227,9.805874310262393e-08,2.9238684013396637e-07
EFT:1.0104241096782794e-05,2.122547334954209e-06,1.987322000788117e-05,0.499281670416237,6.935296550282277e-09,0.4992816704162441,2.6320519398807075e-09,0.0014041591461476227,9.805874310262393e-08,2.9238684013396224e-07
Random8164
Raw:1.0104241096782938e-05,2.122547334954209e-06,1.987322000788117e-05,0.499281670416237,6.935296550282277e-09,0.4992816704162441,2.632051939880745e-09,0.0014041591461476227,9.805874310262532e-08,2.9238684013396224e-07
EFT:1.0104241096782794e-05,2.122547334954209e-06,1.987322000788117e-05,0.499281670416237,6.935296550282277e-09,0.4992816704162441,2.6320519398807075e-09,0.0014041591461476227,9.805874310262393e-08,2.9238684013396224e-07
Random8165
Raw:1.0104241096782938e-05,2.122547334954239e-06,1.987322000788145e-05,0.499281670416237,6.935296550282277e-09,0.4992816704162441,2.632051939880745e-09,0.0014041591461476427,9.805874310262393e-08,2.9238684013396637e-07
EFT:1.0104241096782794e-05,2.122547334954209e-06,1.987322000788117e-05,0.499281670416237,6.935296550282277e-09,0.4992816704162441,2.6320519398807075e-09,0.0014041591461476227,9.805874310262393e-08,2.9238684013396224e-07
Random8166
Raw:1.0104241096782938e-05,2.122547334954209e-06,1.987322000788117e-05,0.499281670416237,6.9352965502823754e-09,0.4992816704162441,2.632051939880745e-09,0.0014041591461476227,9.805874310262532e-08,2.9238684013396637e-07
EFT:1.0104241096782794e-05,2.122547334954209e-06,1.987322000788117e-05,0.499281670416237,6.935296550282277e-09,0.4992816704162441,2.6320519398807075e-09,0.0014041591461476227,9.805874310262393e-08,2.9238684013396224e-07
Random8167
Raw:1.0104241096782794e-05,2.122547334954209e-06,1.9873220007880885e-05,0.499281670416237,6.935296550282277e-09,0.4992816704162441,2.632051939880745e-09,0.0014041591461476227,9.805874310262254e-08,2.9238684013396224e-07
EFT:1.0104241096782794e-05,2.122547334954209e-06,1.987322000788117e-05,0.499281670416237,6.935296550282277e-09,0.4992816704162441,2.6320519398807075e-09,0.0014041591461476227,9.805874310262393e-08,2.9238684013396224e-07
Random8168
Raw:1.0104241096782794e-05,2.122547334954209e-06,1.987322000788117e-05,0.499281670416237,6.9352965502821786e-09,0.4992816704162441,2.632051939880745e-09,0.0014041591461476227,9.805874310262254e-08,2.9238684013396224e-07
EFT:1.0104241096782794e-05,2.122547334954209e-06,1.987322000788117e-05,0.499281670416237,6.935296550282277e-09,0.4992816704162441,2.6320519398807075e-09,0.0014041591461476227,9.805874310262393e-08,2.9238684013396224e-07
Random8169
Raw:1.0104241096783009e-05,2.122547334954224e-06,1.987322000788131e-05,0.49928167041623345,6.935296550282327e-09,0.49928167041624766,2.6320519398807638e-09,0.0014041591461476327,9.805874310262601e-08,2.9238684013396436e-07
EFT:1.0104241096782794e-05,2.122547334954209e-06,1.987322000788117e-05,0.499281670416237,6.935296550282277e-09,0.4992816704162441,2.6320519398807075e-09,0.0014041591461476227,9.805874310262393e-08,2.9238684013396224e-07
Random8170
Raw:1.0104241096782794e-05,2.122547334954209e-06,1.987322000788117e-05,0.499281670416237,6.935296550282277e-09,0.4992816704162441,2.632051939880745e-09,0.0014041591461476227,9.805874310262254e-08,2.9238684013396224e-07
EFT:1.0104241096782794e-05,2.122547334954209e-06,1.987322000788117e-05,0.499281670416237,6.935296550282277e-09,0.4992816704162441,2.6320519398807075e-09,0.0014041591461476227,9.805874310262393e-08,2.9238684013396224e-07
Random8171
Raw:1.0104241096782938e-05,2.122547334954209e-06,1.987322000788117e-05,0.499281670416237,6.935296550282277e-09,0.4992816704162441,2.632051939880745e-09,0.0014041591461476227,9.805874310262532e-08,2.9238684013396224e-07
EFT:1.0104241096782794e-05,2.122547334954209e-06,1.987322000788117e-05,0.499281670416237,6.935296550282277e-09,0.4992816704162441,2.6320519398807075e-09,0.0014041591461476227,9.805874310262393e-08,2.9238684013396224e-07
Random8172
Raw:1.0104241096782938e-05,2.122547334954209e-06,1.987322000788117e-05,0.499281670416237,6.935296550282277e-09,0.4992816704162441,2.632051939880745e-09,0.0014041591461476227,9.805874310262532e-08,2.9238684013396224e-07
EFT:1.0104241096782794e-05,2.122547334954209e-06,1.987322000788117e-05,0.499281670416237,6.935296550282277e-09,0.4992816704162441,2.6320519398807075e-09,0.0014041591461476227,9.805874310262393e-08,2.9238684013396224e-07
Random8173
Raw:1.0104241096782865e-05,2.122547334954194e-06,1.9873220007881028e-05,0.49928167041623345,6.935296550282327e-09,0.49928167041624766,2.632051939880726e-09,0.0014041591461476126,9.805874310262462e-08,2.9238684013396436e-07
EFT:1.0104241096782794e-05,2.122547334954209e-06,1.987322000788117e-05,0.499281670416237,6.935296550282277e-09,0.4992816704162441,2.6320519398807075e-09,0.0014041591461476227,9.805874310262393e-08,2.9238684013396224e-07
Random8174
Raw:1.0104241096782865e-05,2.122547334954194e-06,1.9873220007881028e-05,0.49928167041623345,6.935296550282327e-09,0.49928167041624766,2.632051939880726e-09,0.0014041591461476126,9.805874310262462e-08,2.9238684013396436e-07
EFT:1.0104241096782794e-05,2.122547334954209e-06,1.987322000788117e-05,0.499281670416237,6.935296550282277e-09,0.4992816704162441,2.6320519398807075e-09,0.0014041591461476227,9.805874310262393e-08,2.9238684013396224e-07
Random8175
Raw:1.0104241096783009e-05,2.122547334954224e-06,1.987322000788131e-05,0.49928167041623345,6.935296550282327e-09,0.49928167041624766,2.6320519398807638e-09,0.0014041591461476327,9.805874310262462e-08,2.923868401339685e-07
EFT:1.0104241096782794e-05,2.122547334954209e-06,1.987322000788117e-05,0.499281670416237,6.935296550282277e-09,0.4992816704162441,2.6320519398807075e-09,0.0014041591461476227,9.805874310262393e-08,2.9238684013396224e-07
Random8176
Raw:1.0104241096782938e-05,2.122547334954209e-06,1.987322000788117e-05,0.499281670416237,6.935296550282277e-09,0.4992816704162441,2.632051939880745e-09,0.0014041591461476427,9.805874310262393e-08,2.9238684013396224e-07
EFT:1.0104241096782794e-05,2.122547334954209e-06,1.987322000788117e-05,0.499281670416237,6.935296550282277e-09,0.4992816704162441,2.6320519398807075e-09,0.0014041591461476227,9.805874310262393e-08,2.9238684013396224e-07
Random8177
Raw:1.0104241096782938e-05,2.122547334954239e-06,1.987322000788145e-05,0.499281670416237,6.935296550282277e-09,0.4992816704162441,2.632051939880745e-09,0.0014041591461476427,9.805874310262393e-08,2.9238684013396637e-07
EFT:1.0104241096782794e-05,2.122547334954209e-06,1.987322000788117e-05,0.499281670416237,6.935296550282277e-09,0.4992816704162441,2.6320519398807075e-09,0.0014041591461476227,9.805874310262393e-08,2.9238684013396224e-07
Random8178
Raw:1.0104241096782794e-05,2.122547334954209e-06,1.987322000788117e-05,0.499281670416237,6.935296550282277e-09,0.4992816704162441,2.632051939880745e-09,0.0014041591461476227,9.805874310262254e-08,2.9238684013396224e-07
EFT:1.0104241096782794e-05,2.122547334954209e-06,1.987322000788117e-05,0.499281670416237,6.935296550282277e-09,0.4992816704162441,2.6320519398807075e-09,0.0014041591461476227,9.805874310262393e-08,2.9238684013396224e-07
Random8179
Raw:1.0104241096782867e-05,2.122547334954224e-06,1.987322000788131e-05,0.49928167041624055,6.935296550282326e-09,0.49928167041624055,2.6320519398807265e-09,0.0014041591461476327,9.805874310262323e-08,2.923868401339643e-07
EFT:1.0104241096782794e-05,2.122547334954209e-06,1.987322000788117e-05,0.499281670416237,6.935296550282277e-09,0.4992816704162441,2.6320519398807075e-09,0.0014041591461476227,9.805874310262393e-08,2.9238684013396224e-07
Random8180
Raw:1.0104241096782938e-05,2.122547334954209e-06,1.987322000788117e-05,0.499281670416237,6.935296550282277e-09,0.4992816704162441,2.632051939880745e-09,0.0014041591461476227,9.805874310262393e-08,2.9238684013396637e-07
EFT:1.0104241096782794e-05,2.122547334954209e-06,1.987322000788117e-05,0.499281670416237,6.935296550282277e-09,0.4992816704162441,2.6320519398807075e-09,0.0014041591461476227,9.805874310262393e-08,2.9238684013396224e-07
Random8181
Raw:1.0104241096782867e-05,2.122547334954194e-06,1.9873220007881028e-05,0.49928167041624055,6.935296550282228e-09,0.49928167041624055,2.632051939880689e-09,0.0014041591461476128,9.805874310262462e-08,2.923868401339602e-07
EFT:1.0104241096782794e-05,2.122547334954209e-06,1.987322000788117e-05,0.499281670416237,6.935296550282277e-09,0.4992816704162441,2.6320519398807075e-09,0.0014041591461476227,9.805874310262393e-08,2.9238684013396224e-07
Random8182
Raw:1.0104241096782867e-05,2.122547334954194e-06,1.9873220007881028e-05,0.49928167041624055,6.935296550282228e-09,0.49928167041624055,2.632051939880689e-09,0.0014041591461476327,9.805874310262323e-08,2.923868401339602e-07
EFT:1.0104241096782794e-05,2.122547334954209e-06,1.987322000788117e-05,0.499281670416237,6.935296550282277e-09,0.4992816704162441,2.6320519398807075e-09,0.0014041591461476227,9.805874310262393e-08,2.9238684013396224e-07
Random8183
Raw:1.0104241096783009e-05,2.122547334954224e-06,1.9873220007881028e-05,0.49928167041623345,6.935296550282327e-09,0.49928167041624766,2.6320519398807638e-09,0.0014041591461476327,9.805874310262601e-08,2.9238684013396436e-07
EFT:1.0104241096782794e-05,2.122547334954209e-06,1.987322000788117e-05,0.499281670416237,6.935296550282277e-09,0.4992816704162441,2.6320519398807075e-09,0.0014041591461476227,9.805874310262393e-08,2.9238684013396224e-07
Random8184
Raw:1.0104241096782867e-05,2.122547334954194e-06,1.9873220007881028e-05,0.49928167041624055,6.935296550282326e-09,0.49928167041624055,2.6320519398807265e-09,0.0014041591461476128,9.805874310262323e-08,2.923868401339643e-07
EFT:1.0104241096782794e-05,2.122547334954209e-06,1.987322000788117e-05,0.499281670416237,6.935296550282277e-09,0.4992816704162441,2.6320519398807075e-09,0.0014041591461476227,9.805874310262393e-08,2.9238684013396224e-07
Random8185
Raw:1.0104241096782938e-05,2.122547334954209e-06,1.987322000788117e-05,0.499281670416237,6.935296550282277e-09,0.4992816704162441,2.632051939880745e-09,0.0014041591461476427,9.805874310262393e-08,2.9238684013396224e-07
EFT:1.0104241096782794e-05,2.122547334954209e-06,1.987322000788117e-05,0.499281670416237,6.935296550282277e-09,0.4992816704162441,2.6320519398807075e-09,0.0014041591461476227,9.805874310262393e-08,2.9238684013396224e-07
Random8186
Raw:1.0104241096783009e-05,2.122547334954224e-06,1.987322000788131e-05,0.49928167041623345,6.935296550282327e-09,0.49928167041624766,2.6320519398807638e-09,0.0014041591461476327,9.805874310262462e-08,2.923868401339685e-07
EFT:1.0104241096782794e-05,2.122547334954209e-06,1.987322000788117e-05,0.499281670416237,6.935296550282277e-09,0.4992816704162441,2.6320519398807075e-09,0.0014041591461476227,9.805874310262393e-08,2.9238684013396224e-07
Random8187
Raw:1.0104241096783009e-05,2.122547334954224e-06,1.987322000788131e-05,0.49928167041623345,6.935296550282327e-09,0.49928167041624766,2.6320519398807638e-09,0.0014041591461476327,9.805874310262462e-08,2.923868401339685e-07
EFT:1.0104241096782794e-05,2.122547334954209e-06,1.987322000788117e-05,0.499281670416237,6.935296550282277e-09,0.4992816704162441,2.6320519398807075e-09,0.0014041591461476227,9.805874310262393e-08,2.9238684013396224e-07
Random8188
Raw:1.0104241096782938e-05,2.122547334954209e-06,1.9873220007880885e-05,0.499281670416237,6.935296550282277e-09,0.4992816704162441,2.632051939880745e-09,0.0014041591461476227,9.805874310262532e-08,2.9238684013396224e-07
EFT:1.0104241096782794e-05,2.122547334954209e-06,1.987322000788117e-05,0.499281670416237,6.935296550282277e-09,0.4992816704162441,2.6320519398807075e-09,0.0014041591461476227,9.805874310262393e-08,2.9238684013396224e-07
Random8189
Raw:1.0104241096782938e-05,2.122547334954209e-06,1.987322000788117e-05,0.499281670416237,6.9352965502823754e-09,0.4992816704162441,2.6320519398807824e-09,0.0014041591461476227,9.805874310262532e-08,2.9238684013396637e-07
EFT:1.0104241096782794e-05,2.122547334954209e-06,1.987322000788117e-05,0.499281670416237,6.935296550282277e-09,0.4992816704162441,2.6320519398807075e-09,0.0014041591461476227,9.805874310262393e-08,2.9238684013396224e-07
Random8190
Raw:1.0104241096782867e-05,2.122547334954224e-06,1.9873220007881028e-05,0.49928167041624055,6.935296550282326e-09,0.49928167041624055,2.6320519398807265e-09,0.0014041591461476327,9.805874310262323e-08,2.923868401339643e-07
EFT:1.0104241096782794e-05,2.122547334954209e-06,1.987322000788117e-05,0.499281670416237,6.935296550282277e-09,0.4992816704162441,2.6320519398807075e-09,0.0014041591461476227,9.805874310262393e-08,2.9238684013396224e-07
Random8191
Raw:1.0104241096782723e-05,2.122547334954194e-06,1.9873220007881028e-05,0.49928167041624055,6.935296550282228e-09,0.49928167041624055,2.632051939880689e-09,0.0014041591461476128,9.805874310262184e-08,2.923868401339602e-07
EFT:1.0104241096782794e-05,2.122547334954209e-06,1.987322000788117e-05,0.499281670416237,6.935296550282277e-09,0.4992816704162441,2.6320519398807075e-09,0.0014041591461476227,9.805874310262393e-08,2.9238684013396224e-07
Random8192
Raw:1.0104241096782938e-05,2.122547334954239e-06,1.987322000788145e-05,0.499281670416237,6.935296550282277e-09,0.4992816704162441,2.632051939880745e-09,0.0014041591461476427,9.805874310262393e-08,2.9238684013396637e-07
EFT:1.0104241096782794e-05,2.122547334954209e-06,1.987322000788117e-05,0.499281670416237,6.935296550282277e-09,0.4992816704162441,2.6320519398807075e-09,0.0014041591461476227,9.805874310262393e-08,2.9238684013396224e-07
Random8193
Raw:1.0104241096782867e-05,2.122547334954194e-06,1.9873220007881028e-05,0.49928167041624055,6.935296550282326e-09,0.49928167041624055,2.6320519398807265e-09,0.0014041591461476128,9.805874310262323e-08,2.923868401339643e-07
EFT:1.0104241096782794e-05,2.122547334954209e-06,1.987322000788117e-05,0.499281670416237,6.935296550282277e-09,0.4992816704162441,2.6320519398807075e-09,0.0014041591461476227,9.805874310262393e-08,2.9238684013396224e-07
Random8194
Raw:1.0104241096782867e-05,2.122547334954224e-06,1.987322000788131e-05,0.49928167041624055,6.935296550282326e-09,0.49928167041624055,2.6320519398807265e-09,0.0014041591461476128,9.805874310262462e-08,2.923868401339643e-07
EFT:1.0104241096782794e-05,2.122547334954209e-06,1.987322000788117e-05,0.499281670416237,6.935296550282277e-09,0.4992816704162441,2.6320519398807075e-09,0.0014041591461476227,9.805874310262393e-08,2.9238684013396224e-07
Random8195
Raw:1.0104241096782867e-05,2.122547334954224e-06,1.9873220007881028e-05,0.49928167041624055,6.935296550282326e-09,0.49928167041624055,2.6320519398807265e-09,0.0014041591461476128,9.805874310262462e-08,2.923868401339643e-07
EFT:1.0104241096782794e-05,2.122547334954209e-06,1.987322000788117e-05,0.499281670416237,6.935296550282277e-09,0.4992816704162441,2.6320519398807075e-09,0.0014041591461476227,9.805874310262393e-08,2.9238684013396224e-07
Random8196
Raw:1.0104241096782865e-05,2.122547334954194e-06,1.9873220007881028e-05,0.49928167041623345,6.935296550282327e-09,0.49928167041624766,2.6320519398807638e-09,0.0014041591461476126,9.805874310262324e-08,2.9238684013396436e-07
EFT:1.0104241096782794e-05,2.122547334954209e-06,1.987322000788117e-05,0.499281670416237,6.935296550282277e-09,0.4992816704162441,2.6320519398807075e-09,0.0014041591461476227,9.805874310262393e-08,2.9238684013396224e-07
Random8197
Raw:1.0104241096782867e-05,2.1225473349542546e-06,1.987322000788131e-05,0.49928167041624055,6.935296550282326e-09,0.49928167041624055,2.6320519398807638e-09,0.0014041591461476128,9.805874310262462e-08,2.923868401339643e-07
EFT:1.0104241096782794e-05,2.122547334954209e-06,1.987322000788117e-05,0.499281670416237,6.935296550282277e-09,0.4992816704162441,2.6320519398807075e-09,0.0014041591461476227,9.805874310262393e-08,2.9238684013396224e-07
Random8198
Raw:1.0104241096782938e-05,2.1225473349541788e-06,1.9873220007880885e-05,0.499281670416237,6.935296550282277e-09,0.4992816704162441,2.632051939880745e-09,0.0014041591461476026,9.805874310262532e-08,2.9238684013396224e-07
EFT:1.0104241096782794e-05,2.122547334954209e-06,1.987322000788117e-05,0.499281670416237,6.935296550282277e-09,0.4992816704162441,2.6320519398807075e-09,0.0014041591461476227,9.805874310262393e-08,2.9238684013396224e-07
Random8199
Raw:1.0104241096782938e-05,2.122547334954209e-06,1.987322000788117e-05,0.499281670416237,6.935296550282277e-09,0.4992816704162441,2.632051939880745e-09,0.0014041591461476227,9.805874310262532e-08,2.9238684013396224e-07
EFT:1.0104241096782794e-05,2.122547334954209e-06,1.987322000788117e-05,0.499281670416237,6.935296550282277e-09,0.4992816704162441,2.6320519398807075e-09,0.0014041591461476227,9.805874310262393e-08,2.9238684013396224e-07
Random8200
Raw:1.0104241096783009e-05,2.122547334954224e-06,1.987322000788131e-05,0.49928167041623345,6.935296550282327e-09,0.49928167041624766,2.6320519398807638e-09,0.0014041591461476327,9.805874310262462e-08,2.923868401339685e-07
EFT:1.0104241096782794e-05,2.122547334954209e-06,1.987322000788117e-05,0.499281670416237,6.935296550282277e-09,0.4992816704162441,2.6320519398807075e-09,0.0014041591461476227,9.805874310262393e-08,2.9238684013396224e-07
Random8201
Raw:1.0104241096782938e-05,2.122547334954209e-06,1.987322000788117e-05,0.499281670416237,6.935296550282277e-09,0.4992816704162441,2.632051939880745e-09,0.0014041591461476427,9.805874310262393e-08,2.9238684013396224e-07
EFT:1.0104241096782794e-05,2.122547334954209e-06,1.987322000788117e-05,0.499281670416237,6.935296550282277e-09,0.4992816704162441,2.6320519398807075e-09,0.0014041591461476227,9.805874310262393e-08,2.9238684013396224e-07
Random8202
Raw:1.0104241096783009e-05,2.122547334954224e-06,1.987322000788131e-05,0.49928167041623345,6.935296550282327e-09,0.49928167041624766,2.6320519398807638e-09,0.0014041591461476327,9.805874310262462e-08,2.923868401339685e-07
EFT:1.0104241096782794e-05,2.122547334954209e-06,1.987322000788117e-05,0.499281670416237,6.935296550282277e-09,0.4992816704162441,2.6320519398807075e-09,0.0014041591461476227,9.805874310262393e-08,2.9238684013396224e-07
Random8203
Raw:1.0104241096782867e-05,2.1225473349542546e-06,1.987322000788131e-05,0.49928167041624055,6.935296550282326e-09,0.49928167041624055,2.6320519398807638e-09,0.0014041591461476128,9.805874310262462e-08,2.923868401339643e-07
EFT:1.0104241096782794e-05,2.122547334954209e-06,1.987322000788117e-05,0.499281670416237,6.935296550282277e-09,0.4992816704162441,2.6320519398807075e-09,0.0014041591461476227,9.805874310262393e-08,2.9238684013396224e-07
Random8204
Raw:1.0104241096782794e-05,2.122547334954209e-06,1.987322000788117e-05,0.499281670416237,6.9352965502821786e-09,0.4992816704162441,2.6320519398807075e-09,0.0014041591461476227,9.805874310262393e-08,2.9238684013396224e-07
EFT:1.0104241096782794e-05,2.122547334954209e-06,1.987322000788117e-05,0.499281670416237,6.935296550282277e-09,0.4992816704162441,2.6320519398807075e-09,0.0014041591461476227,9.805874310262393e-08,2.9238684013396224e-07
Random8205
Raw:1.0104241096782867e-05,2.122547334954224e-06,1.987322000788131e-05,0.49928167041624055,6.935296550282326e-09,0.49928167041624055,2.6320519398807265e-09,0.0014041591461476327,9.805874310262462e-08,2.923868401339643e-07
EFT:1.0104241096782794e-05,2.122547334954209e-06,1.987322000788117e-05,0.499281670416237,6.935296550282277e-09,0.4992816704162441,2.6320519398807075e-09,0.0014041591461476227,9.805874310262393e-08,2.9238684013396224e-07
Random8206
Raw:1.0104241096782794e-05,2.122547334954209e-06,1.987322000788117e-05,0.499281670416237,6.935296550282277e-09,0.4992816704162441,2.6320519398807075e-09,0.0014041591461476227,9.805874310262393e-08,2.9238684013396224e-07
EFT:1.0104241096782794e-05,2.122547334954209e-06,1.987322000788117e-05,0.499281670416237,6.935296550282277e-09,0.4992816704162441,2.6320519398807075e-09,0.0014041591461476227,9.805874310262393e-08,2.9238684013396224e-07
Random8207
Raw:1.0104241096783009e-05,2.122547334954224e-06,1.987322000788131e-05,0.49928167041623345,6.935296550282327e-09,0.49928167041624766,2.6320519398807638e-09,0.0014041591461476327,9.805874310262601e-08,2.9238684013396436e-07
EFT:1.0104241096782794e-05,2.122547334954209e-06,1.987322000788117e-05,0.499281670416237,6.935296550282277e-09,0.4992816704162441,2.6320519398807075e-09,0.0014041591461476227,9.805874310262393e-08,2.9238684013396224e-07
Random8208
Raw:1.0104241096782723e-05,2.122547334954194e-06,1.9873220007881028e-05,0.49928167041624055,6.93529655028213e-09,0.49928167041624055,2.6320519398806513e-09,0.0014041591461476128,9.805874310262323e-08,2.923868401339602e-07
EFT:1.0104241096782794e-05,2.122547334954209e-06,1.987322000788117e-05,0.499281670416237,6.935296550282277e-09,0.4992816704162441,2.6320519398807075e-09,0.0014041591461476227,9.805874310262393e-08,2.9238684013396224e-07
Random8209
Raw:1.0104241096782938e-05,2.122547334954209e-06,1.987322000788117e-05,0.499281670416237,6.935296550282277e-09,0.4992816704162441,2.632051939880745e-09,0.0014041591461476227,9.805874310262532e-08,2.9238684013396224e-07
EFT:1.0104241096782794e-05,2.122547334954209e-06,1.987322000788117e-05,0.499281670416237,6.935296550282277e-09,0.4992816704162441,2.6320519398807075e-09,0.0014041591461476227,9.805874310262393e-08,2.9238684013396224e-07
Random8210
Raw:1.0104241096782938e-05,2.122547334954209e-06,1.9873220007880885e-05,0.499281670416237,6.935296550282277e-09,0.4992816704162441,2.632051939880745e-09,0.0014041591461476227,9.805874310262532e-08,2.9238684013396224e-07
EFT:1.0104241096782794e-05,2.122547334954209e-06,1.987322000788117e-05,0.499281670416237,6.935296550282277e-09,0.4992816704162441,2.6320519398807075e-09,0.0014041591461476227,9.805874310262393e-08,2.9238684013396224e-07
Random8211
Raw:1.0104241096782938e-05,2.122547334954209e-06,1.987322000788117e-05,0.499281670416237,6.935296550282277e-09,0.4992816704162441,2.632051939880745e-09,0.0014041591461476427,9.805874310262393e-08,2.9238684013396224e-07
EFT:1.0104241096782794e-05,2.122547334954209e-06,1.987322000788117e-05,0.499281670416237,6.935296550282277e-09,0.4992816704162441,2.6320519398807075e-09,0.0014041591461476227,9.805874310262393e-08,2.9238684013396224e-07
Random8212
Raw:1.0104241096782938e-05,2.122547334954239e-06,1.987322000788145e-05,0.499281670416237,6.9352965502823754e-09,0.4992816704162441,2.632051939880745e-09,0.0014041591461476427,9.805874310262532e-08,2.9238684013396637e-07
EFT:1.0104241096782794e-05,2.122547334954209e-06,1.987322000788117e-05,0.499281670416237,6.935296550282277e-09,0.4992816704162441,2.6320519398807075e-09,0.0014041591461476227,9.805874310262393e-08,2.9238684013396224e-07
Random8213
Raw:1.0104241096782867e-05,2.122547334954224e-06,1.987322000788131e-05,0.49928167041624055,6.935296550282326e-09,0.49928167041624055,2.6320519398807265e-09,0.0014041591461476327,9.805874310262462e-08,2.923868401339643e-07
EFT:1.0104241096782794e-05,2.122547334954209e-06,1.987322000788117e-05,0.499281670416237,6.935296550282277e-09,0.4992816704162441,2.6320519398807075e-09,0.0014041591461476227,9.805874310262393e-08,2.9238684013396224e-07
Random8214
Raw:1.0104241096782794e-05,2.122547334954209e-06,1.987322000788117e-05,0.499281670416237,6.9352965502821786e-09,0.4992816704162441,2.632051939880745e-09,0.0014041591461476227,9.805874310262254e-08,2.9238684013396224e-07
EFT:1.0104241096782794e-05,2.122547334954209e-06,1.987322000788117e-05,0.499281670416237,6.935296550282277e-09,0.4992816704162441,2.6320519398807075e-09,0.0014041591461476227,9.805874310262393e-08,2.9238684013396224e-07
Random8215
Raw:1.0104241096782938e-05,2.1225473349541788e-06,1.9873220007880885e-05,0.499281670416237,6.935296550282277e-09,0.4992816704162441,2.632051939880745e-09,0.0014041591461476026,9.805874310262532e-08,2.9238684013396224e-07
EFT:1.0104241096782794e-05,2.122547334954209e-06,1.987322000788117e-05,0.499281670416237,6.935296550282277e-09,0.4992816704162441,2.6320519398807075e-09,0.0014041591461476227,9.805874310262393e-08,2.9238684013396224e-07
Random8216
Raw:1.0104241096782938e-05,2.122547334954209e-06,1.9873220007880885e-05,0.499281670416237,6.9352965502823754e-09,0.4992816704162441,2.6320519398807824e-09,0.0014041591461476227,9.805874310262532e-08,2.9238684013396637e-07
EFT:1.0104241096782794e-05,2.122547334954209e-06,1.987322000788117e-05,0.499281670416237,6.935296550282277e-09,0.4992816704162441,2.6320519398807075e-09,0.0014041591461476227,9.805874310262393e-08,2.9238684013396224e-07
Random8217
Raw:1.0104241096782938e-05,2.122547334954239e-06,1.987322000788117e-05,0.499281670416237,6.935296550282277e-09,0.4992816704162441,2.632051939880745e-09,0.0014041591461476427,9.805874310262393e-08,2.9238684013396637e-07
EFT:1.0104241096782794e-05,2.122547334954209e-06,1.987322000788117e-05,0.499281670416237,6.935296550282277e-09,0.4992816704162441,2.6320519398807075e-09,0.0014041591461476227,9.805874310262393e-08,2.9238684013396224e-07
Random8218
Raw:1.0104241096782938e-05,2.122547334954209e-06,1.987322000788117e-05,0.499281670416237,6.9352965502823754e-09,0.4992816704162441,2.632051939880745e-09,0.0014041591461476227,9.805874310262393e-08,2.9238684013396637e-07
EFT:1.0104241096782794e-05,2.122547334954209e-06,1.987322000788117e-05,0.499281670416237,6.935296550282277e-09,0.4992816704162441,2.6320519398807075e-09,0.0014041591461476227,9.805874310262393e-08,2.9238684013396224e-07
Random8219
Raw:1.0104241096782867e-05,2.122547334954224e-06,1.987322000788131e-05,0.49928167041624055,6.935296550282326e-09,0.49928167041624055,2.6320519398807265e-09,0.0014041591461476327,9.805874310262602e-08,2.923868401339643e-07
EFT:1.0104241096782794e-05,2.122547334954209e-06,1.987322000788117e-05,0.499281670416237,6.935296550282277e-09,0.4992816704162441,2.6320519398807075e-09,0.0014041591461476227,9.805874310262393e-08,2.9238684013396224e-07
Random8220
Raw:1.0104241096782867e-05,2.122547334954224e-06,1.987322000788131e-05,0.49928167041624055,6.935296550282326e-09,0.49928167041624055,2.6320519398807265e-09,0.0014041591461476128,9.805874310262462e-08,2.923868401339643e-07
EFT:1.0104241096782794e-05,2.122547334954209e-06,1.987322000788117e-05,0.499281670416237,6.935296550282277e-09,0.4992816704162441,2.6320519398807075e-09,0.0014041591461476227,9.805874310262393e-08,2.9238684013396224e-07
Random8221
Raw:1.0104241096782867e-05,2.122547334954224e-06,1.987322000788131e-05,0.49928167041624055,6.935296550282326e-09,0.49928167041624055,2.6320519398807265e-09,0.0014041591461476327,9.805874310262323e-08,2.923868401339643e-07
EFT:1.0104241096782794e-05,2.122547334954209e-06,1.987322000788117e-05,0.499281670416237,6.935296550282277e-09,0.4992816704162441,2.6320519398807075e-09,0.0014041591461476227,9.805874310262393e-08,2.9238684013396224e-07
Random8222
Raw:1.0104241096782938e-05,2.122547334954209e-06,1.987322000788117e-05,0.499281670416237,6.9352965502823754e-09,0.4992816704162441,2.632051939880745e-09,0.0014041591461476227,9.805874310262393e-08,2.9238684013396637e-07
EFT:1.0104241096782794e-05,2.122547334954209e-06,1.987322000788117e-05,0.499281670416237,6.935296550282277e-09,0.4992816704162441,2.6320519398807075e-09,0.0014041591461476227,9.805874310262393e-08,2.9238684013396224e-07
Random8223
Raw:1.0104241096782938e-05,2.122547334954209e-06,1.987322000788117e-05,0.499281670416237,6.9352965502823754e-09,0.4992816704162441,2.632051939880745e-09,0.0014041591461476227,9.805874310262532e-08,2.9238684013396637e-07
EFT:1.0104241096782794e-05,2.122547334954209e-06,1.987322000788117e-05,0.499281670416237,6.935296550282277e-09,0.4992816704162441,2.6320519398807075e-09,0.0014041591461476227,9.805874310262393e-08,2.9238684013396224e-07
Random8224
Raw:1.0104241096782938e-05,2.122547334954239e-06,1.987322000788145e-05,0.499281670416237,6.935296550282277e-09,0.4992816704162441,2.632051939880745e-09,0.0014041591461476427,9.805874310262532e-08,2.9238684013396224e-07
EFT:1.0104241096782794e-05,2.122547334954209e-06,1.987322000788117e-05,0.499281670416237,6.935296550282277e-09,0.4992816704162441,2.6320519398807075e-09,0.0014041591461476227,9.805874310262393e-08,2.9238684013396224e-07
Random8225
Raw:1.0104241096782938e-05,2.122547334954209e-06,1.987322000788117e-05,0.499281670416237,6.935296550282277e-09,0.4992816704162441,2.632051939880745e-09,0.0014041591461476227,9.805874310262532e-08,2.9238684013396224e-07
EFT:1.0104241096782794e-05,2.122547334954209e-06,1.987322000788117e-05,0.499281670416237,6.935296550282277e-09,0.4992816704162441,2.6320519398807075e-09,0.0014041591461476227,9.805874310262393e-08,2.9238684013396224e-07
Random8226
Raw:1.0104241096782794e-05,2.122547334954209e-06,1.987322000788117e-05,0.4992816704162441,6.935296550282277e-09,0.499281670416237,2.63205193988067e-09,0.0014041591461476227,9.805874310262393e-08,2.9238684013396224e-07
EFT:1.0104241096782794e-05,2.122547334954209e-06,1.987322000788117e-05,0.499281670416237,6.935296550282277e-09,0.4992816704162441,2.6320519398807075e-09,0.0014041591461476227,9.805874310262393e-08,2.9238684013396224e-07
Random8227
Raw:1.0104241096782938e-05,2.122547334954209e-06,1.987322000788117e-05,0.499281670416237,6.935296550282277e-09,0.4992816704162441,2.632051939880745e-09,0.0014041591461476227,9.805874310262532e-08,2.9238684013396224e-07
EFT:1.0104241096782794e-05,2.122547334954209e-06,1.987322000788117e-05,0.499281670416237,6.935296550282277e-09,0.4992816704162441,2.6320519398807075e-09,0.0014041591461476227,9.805874310262393e-08,2.9238684013396224e-07
Random8228
Raw:1.0104241096783009e-05,2.122547334954194e-06,1.9873220007881028e-05,0.49928167041623345,6.935296550282327e-09,0.49928167041624766,2.6320519398807638e-09,0.0014041591461476327,9.805874310262462e-08,2.9238684013396436e-07
EFT:1.0104241096782794e-05,2.122547334954209e-06,1.987322000788117e-05,0.499281670416237,6.935296550282277e-09,0.4992816704162441,2.6320519398807075e-09,0.0014041591461476227,9.805874310262393e-08,2.9238684013396224e-07
Random8229
Raw:1.010424109678301e-05,2.1225473349542546e-06,1.9873220007881594e-05,0.49928167041624055,6.935296550282425e-09,0.49928167041624055,2.6320519398807638e-09,0.0014041591461476527,9.805874310262462e-08,2.923868401339643e-07
EFT:1.0104241096782794e-05,2.122547334954209e-06,1.987322000788117e-05,0.499281670416237,6.935296550282277e-09,0.4992816704162441,2.6320519398807075e-09,0.0014041591461476227,9.805874310262393e-08,2.9238684013396224e-07
Random8230
Raw:1.0104241096783009e-05,2.122547334954194e-06,1.9873220007881028e-05,0.49928167041623345,6.935296550282327e-09,0.49928167041624766,2.6320519398807638e-09,0.0014041591461476327,9.805874310262462e-08,2.9238684013396436e-07
EFT:1.0104241096782794e-05,2.122547334954209e-06,1.987322000788117e-05,0.499281670416237,6.935296550282277e-09,0.4992816704162441,2.6320519398807075e-09,0.0014041591461476227,9.805874310262393e-08,2.9238684013396224e-07
Random8231
Raw:1.0104241096782867e-05,2.122547334954224e-06,1.987322000788131e-05,0.49928167041624055,6.935296550282326e-09,0.49928167041624055,2.6320519398807265e-09,0.0014041591461476327,9.805874310262462e-08,2.923868401339643e-07
EFT:1.0104241096782794e-05,2.122547334954209e-06,1.987322000788117e-05,0.499281670416237,6.935296550282277e-09,0.4992816704162441,2.6320519398807075e-09,0.0014041591461476227,9.805874310262393e-08,2.9238684013396224e-07
Random8232
Raw:1.0104241096783009e-05,2.122547334954194e-06,1.9873220007881028e-05,0.49928167041623345,6.935296550282327e-09,0.49928167041624766,2.6320519398807638e-09,0.0014041591461476327,9.805874310262462e-08,2.9238684013396436e-07
EFT:1.0104241096782794e-05,2.122547334954209e-06,1.987322000788117e-05,0.499281670416237,6.935296550282277e-09,0.4992816704162441,2.6320519398807075e-09,0.0014041591461476227,9.805874310262393e-08,2.9238684013396224e-07
Random8233
Raw:1.0104241096782865e-05,2.122547334954194e-06,1.9873220007881028e-05,0.49928167041623345,6.935296550282327e-09,0.49928167041624766,2.632051939880726e-09,0.0014041591461476126,9.805874310262462e-08,2.9238684013396436e-07
EFT:1.0104241096782794e-05,2.122547334954209e-06,1.987322000788117e-05,0.499281670416237,6.935296550282277e-09,0.4992816704162441,2.6320519398807075e-09,0.0014041591461476227,9.805874310262393e-08,2.9238684013396224e-07
Random8234
Raw:1.0104241096782938e-05,2.122547334954209e-06,1.987322000788117e-05,0.499281670416237,6.935296550282277e-09,0.4992816704162441,2.632051939880745e-09,0.0014041591461476227,9.805874310262532e-08,2.9238684013396224e-07
EFT:1.0104241096782794e-05,2.122547334954209e-06,1.987322000788117e-05,0.499281670416237,6.935296550282277e-09,0.4992816704162441,2.6320519398807075e-09,0.0014041591461476227,9.805874310262393e-08,2.9238684013396224e-07
Random8235
Raw:1.0104241096782865e-05,2.122547334954194e-06,1.9873220007881028e-05,0.49928167041623345,6.935296550282327e-09,0.49928167041624766,2.632051939880726e-09,0.0014041591461476126,9.805874310262462e-08,2.9238684013396436e-07
EFT:1.0104241096782794e-05,2.122547334954209e-06,1.987322000788117e-05,0.499281670416237,6.935296550282277e-09,0.4992816704162441,2.6320519398807075e-09,0.0014041591461476227,9.805874310262393e-08,2.9238684013396224e-07
Random8236
Raw:1.0104241096782938e-05,2.122547334954209e-06,1.987322000788117e-05,0.499281670416237,6.935296550282277e-09,0.4992816704162441,2.632051939880745e-09,0.0014041591461476227,9.805874310262532e-08,2.9238684013396224e-07
EFT:1.0104241096782794e-05,2.122547334954209e-06,1.987322000788117e-05,0.499281670416237,6.935296550282277e-09,0.4992816704162441,2.6320519398807075e-09,0.0014041591461476227,9.805874310262393e-08,2.9238684013396224e-07
Random8237
Raw:1.0104241096783009e-05,2.122547334954224e-06,1.987322000788131e-05,0.49928167041623345,6.935296550282327e-09,0.49928167041624766,2.6320519398807638e-09,0.0014041591461476327,9.805874310262462e-08,2.923868401339685e-07
EFT:1.0104241096782794e-05,2.122547334954209e-06,1.987322000788117e-05,0.499281670416237,6.935296550282277e-09,0.4992816704162441,2.6320519398807075e-09,0.0014041591461476227,9.805874310262393e-08,2.9238684013396224e-07
Random8238
Raw:1.0104241096782867e-05,2.1225473349542546e-06,1.987322000788131e-05,0.49928167041624055,6.935296550282326e-09,0.49928167041624055,2.6320519398807638e-09,0.0014041591461476128,9.805874310262462e-08,2.923868401339643e-07
EFT:1.0104241096782794e-05,2.122547334954209e-06,1.987322000788117e-05,0.499281670416237,6.935296550282277e-09,0.4992816704162441,2.6320519398807075e-09,0.0014041591461476227,9.805874310262393e-08,2.9238684013396224e-07
Random8239
Raw:1.0104241096782865e-05,2.122547334954194e-06,1.9873220007881028e-05,0.49928167041623345,6.935296550282228e-09,0.49928167041624766,2.6320519398807638e-09,0.0014041591461476126,9.805874310262324e-08,2.9238684013396436e-07
EFT:1.0104241096782794e-05,2.122547334954209e-06,1.987322000788117e-05,0.499281670416237,6.935296550282277e-09,0.4992816704162441,2.6320519398807075e-09,0.0014041591461476227,9.805874310262393e-08,2.9238684013396224e-07
Random8240
Raw:1.0104241096782938e-05,2.122547334954239e-06,1.987322000788117e-05,0.499281670416237,6.935296550282277e-09,0.4992816704162441,2.632051939880745e-09,0.0014041591461476427,9.805874310262393e-08,2.9238684013396637e-07
EFT:1.0104241096782794e-05,2.122547334954209e-06,1.987322000788117e-05,0.499281670416237,6.935296550282277e-09,0.4992816704162441,2.6320519398807075e-09,0.0014041591461476227,9.805874310262393e-08,2.9238684013396224e-07
Random8241
Raw:1.0104241096782938e-05,2.122547334954209e-06,1.9873220007880885e-05,0.499281670416237,6.9352965502823754e-09,0.4992816704162441,2.6320519398807824e-09,0.0014041591461476026,9.805874310262532e-08,2.9238684013396637e-07
EFT:1.0104241096782794e-05,2.122547334954209e-06,1.987322000788117e-05,0.499281670416237,6.935296550282277e-09,0.4992816704162441,2.6320519398807075e-09,0.0014041591461476227,9.805874310262393e-08,2.9238684013396224e-07
Random8242
Raw:1.0104241096782867e-05,2.122547334954224e-06,1.987322000788131e-05,0.49928167041624055,6.935296550282326e-09,0.49928167041624055,2.6320519398807638e-09,0.0014041591461476327,9.805874310262462e-08,2.923868401339643e-07
EFT:1.0104241096782794e-05,2.122547334954209e-06,1.987322000788117e-05,0.499281670416237,6.935296550282277e-09,0.4992816704162441,2.6320519398807075e-09,0.0014041591461476227,9.805874310262393e-08,2.9238684013396224e-07
Random8243
Raw:1.0104241096782938e-05,2.122547334954209e-06,1.987322000788117e-05,0.499281670416237,6.9352965502823754e-09,0.4992816704162441,2.632051939880745e-09,0.0014041591461476227,9.805874310262532e-08,2.9238684013396637e-07
EFT:1.0104241096782794e-05,2.122547334954209e-06,1.987322000788117e-05,0.499281670416237,6.935296550282277e-09,0.4992816704162441,2.6320519398807075e-09,0.0014041591461476227,9.805874310262393e-08,2.9238684013396224e-07
Random8244
Raw:1.0104241096782867e-05,2.122547334954194e-06,1.9873220007881028e-05,0.49928167041624055,6.935296550282228e-09,0.49928167041624055,2.632051939880689e-09,0.0014041591461476128,9.805874310262462e-08,2.923868401339602e-07
EFT:1.0104241096782794e-05,2.122547334954209e-06,1.987322000788117e-05,0.499281670416237,6.935296550282277e-09,0.4992816704162441,2.6320519398807075e-09,0.0014041591461476227,9.805874310262393e-08,2.9238684013396224e-07
Random8245
Raw:1.0104241096782867e-05,2.122547334954224e-06,1.987322000788131e-05,0.49928167041624055,6.935296550282326e-09,0.49928167041624055,2.6320519398807265e-09,0.0014041591461476327,9.805874310262602e-08,2.923868401339643e-07
EFT:1.0104241096782794e-05,2.122547334954209e-06,1.987322000788117e-05,0.499281670416237,6.935296550282277e-09,0.4992816704162441,2.6320519398807075e-09,0.0014041591461476227,9.805874310262393e-08,2.9238684013396224e-07
Random8246
Raw:1.0104241096782865e-05,2.122547334954194e-06,1.9873220007881028e-05,0.49928167041623345,6.935296550282327e-09,0.49928167041624766,2.632051939880726e-09,0.0014041591461476126,9.805874310262462e-08,2.9238684013396436e-07
EFT:1.0104241096782794e-05,2.122547334954209e-06,1.987322000788117e-05,0.499281670416237,6.935296550282277e-09,0.4992816704162441,2.6320519398807075e-09,0.0014041591461476227,9.805874310262393e-08,2.9238684013396224e-07
Random8247
Raw:1.0104241096782938e-05,2.122547334954239e-06,1.9873220007880885e-05,0.499281670416237,6.935296550282277e-09,0.4992816704162441,2.632051939880745e-09,0.0014041591461476227,9.805874310262532e-08,2.9238684013396224e-07
EFT:1.0104241096782794e-05,2.122547334954209e-06,1.987322000788117e-05,0.499281670416237,6.935296550282277e-09,0.4992816704162441,2.6320519398807075e-09,0.0014041591461476227,9.805874310262393e-08,2.9238684013396224e-07
Random8248
Raw:1.0104241096782938e-05,2.122547334954209e-06,1.987322000788117e-05,0.499281670416237,6.935296550282277e-09,0.4992816704162441,2.632051939880745e-09,0.0014041591461476427,9.805874310262393e-08,2.9238684013396224e-07
EFT:1.0104241096782794e-05,2.122547334954209e-06,1.987322000788117e-05,0.499281670416237,6.935296550282277e-09,0.4992816704162441,2.6320519398807075e-09,0.0014041591461476227,9.805874310262393e-08,2.9238684013396224e-07
Random8249
Raw:1.0104241096782938e-05,2.122547334954239e-06,1.987322000788145e-05,0.499281670416237,6.935296550282277e-09,0.4992816704162441,2.632051939880745e-09,0.0014041591461476227,9.805874310262532e-08,2.9238684013396224e-07
EFT:1.0104241096782794e-05,2.122547334954209e-06,1.987322000788117e-05,0.499281670416237,6.935296550282277e-09,0.4992816704162441,2.6320519398807075e-09,0.0014041591461476227,9.805874310262393e-08,2.9238684013396224e-07
Random8250
Raw:1.0104241096782865e-05,2.122547334954194e-06,1.9873220007881028e-05,0.49928167041623345,6.935296550282228e-09,0.49928167041624766,2.632051939880726e-09,0.0014041591461476126,9.805874310262462e-08,2.9238684013396436e-07
EFT:1.0104241096782794e-05,2.122547334954209e-06,1.987322000788117e-05,0.499281670416237,6.935296550282277e-09,0.4992816704162441,2.6320519398807075e-09,0.0014041591461476227,9.805874310262393e-08,2.9238684013396224e-07
Random8251
Raw:1.0104241096782938e-05,2.122547334954239e-06,1.987322000788117e-05,0.499281670416237,6.935296550282277e-09,0.4992816704162441,2.632051939880745e-09,0.0014041591461476427,9.805874310262532e-08,2.9238684013396224e-07
EFT:1.0104241096782794e-05,2.122547334954209e-06,1.987322000788117e-05,0.499281670416237,6.935296550282277e-09,0.4992816704162441,2.6320519398807075e-09,0.0014041591461476227,9.805874310262393e-08,2.9238684013396224e-07
Random8252
Raw:1.0104241096782938e-05,2.122547334954239e-06,1.9873220007880885e-05,0.499281670416237,6.935296550282277e-09,0.4992816704162441,2.632051939880745e-09,0.0014041591461476227,9.805874310262532e-08,2.9238684013396224e-07
EFT:1.0104241096782794e-05,2.122547334954209e-06,1.987322000788117e-05,0.499281670416237,6.935296550282277e-09,0.4992816704162441,2.6320519398807075e-09,0.0014041591461476227,9.805874310262393e-08,2.9238684013396224e-07
Random8253
Raw:1.0104241096783009e-05,2.122547334954194e-06,1.9873220007881028e-05,0.49928167041623345,6.935296550282327e-09,0.49928167041624766,2.6320519398807638e-09,0.0014041591461476126,9.805874310262601e-08,2.9238684013396436e-07
EFT:1.0104241096782794e-05,2.122547334954209e-06,1.987322000788117e-05,0.499281670416237,6.935296550282277e-09,0.4992816704162441,2.6320519398807075e-09,0.0014041591461476227,9.805874310262393e-08,2.9238684013396224e-07
Random8254
Raw:1.0104241096782938e-05,2.122547334954209e-06,1.987322000788117e-05,0.499281670416237,6.935296550282277e-09,0.4992816704162441,2.632051939880745e-09,0.0014041591461476427,9.805874310262393e-08,2.9238684013396224e-07
EFT:1.0104241096782794e-05,2.122547334954209e-06,1.987322000788117e-05,0.499281670416237,6.935296550282277e-09,0.4992816704162441,2.6320519398807075e-09,0.0014041591461476227,9.805874310262393e-08,2.9238684013396224e-07
Random8255
Raw:1.0104241096782867e-05,2.122547334954194e-06,1.9873220007881028e-05,0.49928167041624055,6.935296550282228e-09,0.49928167041624055,2.632051939880689e-09,0.0014041591461476128,9.805874310262462e-08,2.923868401339602e-07
EFT:1.0104241096782794e-05,2.122547334954209e-06,1.987322000788117e-05,0.499281670416237,6.935296550282277e-09,0.4992816704162441,2.6320519398807075e-09,0.0014041591461476227,9.805874310262393e-08,2.9238684013396224e-07
Random8256
Raw:1.0104241096782938e-05,2.122547334954209e-06,1.987322000788117e-05,0.499281670416237,6.935296550282277e-09,0.4992816704162441,2.632051939880745e-09,0.0014041591461476227,9.805874310262532e-08,2.9238684013396224e-07
EFT:1.0104241096782794e-05,2.122547334954209e-06,1.987322000788117e-05,0.499281670416237,6.935296550282277e-09,0.4992816704162441,2.6320519398807075e-09,0.0014041591461476227,9.805874310262393e-08,2.9238684013396224e-07
Random8257
Raw:1.0104241096782865e-05,2.122547334954194e-06,1.9873220007881028e-05,0.49928167041623345,6.935296550282327e-09,0.49928167041624766,2.6320519398807638e-09,0.0014041591461476126,9.805874310262324e-08,2.9238684013396436e-07
EFT:1.0104241096782794e-05,2.122547334954209e-06,1.987322000788117e-05,0.499281670416237,6.935296550282277e-09,0.4992816704162441,2.6320519398807075e-09,0.0014041591461476227,9.805874310262393e-08,2.9238684013396224e-07
Random8258
Raw:1.0104241096783009e-05,2.122547334954224e-06,1.9873220007881028e-05,0.49928167041623345,6.935296550282327e-09,0.49928167041624766,2.6320519398807638e-09,0.0014041591461476327,9.805874310262601e-08,2.9238684013396436e-07
EFT:1.0104241096782794e-05,2.122547334954209e-06,1.987322000788117e-05,0.499281670416237,6.935296550282277e-09,0.4992816704162441,2.6320519398807075e-09,0.0014041591461476227,9.805874310262393e-08,2.9238684013396224e-07
Random8259
Raw:1.0104241096782938e-05,2.122547334954209e-06,1.987322000788117e-05,0.499281670416237,6.9352965502823754e-09,0.4992816704162441,2.6320519398807824e-09,0.0014041591461476227,9.805874310262532e-08,2.9238684013396637e-07
EFT:1.0104241096782794e-05,2.122547334954209e-06,1.987322000788117e-05,0.499281670416237,6.935296550282277e-09,0.4992816704162441,2.6320519398807075e-09,0.0014041591461476227,9.805874310262393e-08,2.9238684013396224e-07
Random8260
Raw:1.0104241096782867e-05,2.122547334954224e-06,1.987322000788131e-05,0.49928167041624055,6.935296550282326e-09,0.49928167041624055,2.6320519398807265e-09,0.0014041591461476128,9.805874310262462e-08,2.923868401339643e-07
EFT:1.0104241096782794e-05,2.122547334954209e-06,1.987322000788117e-05,0.499281670416237,6.935296550282277e-09,0.4992816704162441,2.6320519398807075e-09,0.0014041591461476227,9.805874310262393e-08,2.9238684013396224e-07
Random8261
Raw:1.0104241096782794e-05,2.122547334954209e-06,1.987322000788117e-05,0.499281670416237,6.9352965502821786e-09,0.4992816704162441,2.6320519398807075e-09,0.0014041591461476227,9.805874310262393e-08,2.9238684013396224e-07
EFT:1.0104241096782794e-05,2.122547334954209e-06,1.987322000788117e-05,0.499281670416237,6.935296550282277e-09,0.4992816704162441,2.6320519398807075e-09,0.0014041591461476227,9.805874310262393e-08,2.9238684013396224e-07
Random8262
Raw:1.0104241096782938e-05,2.122547334954239e-06,1.987322000788117e-05,0.499281670416237,6.9352965502823754e-09,0.4992816704162441,2.632051939880745e-09,0.0014041591461476227,9.805874310262532e-08,2.9238684013396637e-07
EFT:1.0104241096782794e-05,2.122547334954209e-06,1.987322000788117e-05,0.499281670416237,6.935296550282277e-09,0.4992816704162441,2.6320519398807075e-09,0.0014041591461476227,9.805874310262393e-08,2.9238684013396224e-07
Random8263
Raw:1.0104241096782794e-05,2.122547334954209e-06,1.987322000788117e-05,0.499281670416237,6.935296550282277e-09,0.4992816704162441,2.632051939880745e-09,0.0014041591461476227,9.805874310262254e-08,2.9238684013396224e-07
EFT:1.0104241096782794e-05,2.122547334954209e-06,1.987322000788117e-05,0.499281670416237,6.935296550282277e-09,0.4992816704162441,2.6320519398807075e-09,0.0014041591461476227,9.805874310262393e-08,2.9238684013396224e-07
Random8264
Raw:1.0104241096782867e-05,2.122547334954224e-06,1.987322000788131e-05,0.49928167041624055,6.935296550282326e-09,0.49928167041624055,2.6320519398807265e-09,0.0014041591461476327,9.805874310262323e-08,2.923868401339643e-07
EFT:1.0104241096782794e-05,2.122547334954209e-06,1.987322000788117e-05,0.499281670416237,6.935296550282277e-09,0.4992816704162441,2.6320519398807075e-09,0.0014041591461476227,9.805874310262393e-08,2.9238684013396224e-07
Random8265
Raw:1.0104241096782938e-05,2.122547334954209e-06,1.9873220007880885e-05,0.499281670416237,6.9352965502823754e-09,0.4992816704162441,2.63205193988082e-09,0.0014041591461476026,9.805874310262532e-08,2.9238684013396637e-07
EFT:1.0104241096782794e-05,2.122547334954209e-06,1.987322000788117e-05,0.499281670416237,6.935296550282277e-09,0.4992816704162441,2.6320519398807075e-09,0.0014041591461476227,9.805874310262393e-08,2.9238684013396224e-07
Random8266
Raw:1.0104241096782865e-05,2.122547334954194e-06,1.9873220007881028e-05,0.49928167041623345,6.935296550282327e-09,0.49928167041624766,2.632051939880726e-09,0.0014041591461476126,9.805874310262462e-08,2.9238684013396436e-07
EFT:1.0104241096782794e-05,2.122547334954209e-06,1.987322000788117e-05,0.499281670416237,6.935296550282277e-09,0.4992816704162441,2.6320519398807075e-09,0.0014041591461476227,9.805874310262393e-08,2.9238684013396224e-07
Random8267
Raw:1.0104241096782938e-05,2.122547334954239e-06,1.987322000788145e-05,0.499281670416237,6.935296550282277e-09,0.4992816704162441,2.632051939880745e-09,0.0014041591461476427,9.805874310262532e-08,2.9238684013396224e-07
EFT:1.0104241096782794e-05,2.122547334954209e-06,1.987322000788117e-05,0.499281670416237,6.935296550282277e-09,0.4992816704162441,2.6320519398807075e-09,0.0014041591461476227,9.805874310262393e-08,2.9238684013396224e-07
Random8268
Raw:1.0104241096782794e-05,2.122547334954209e-06,1.987322000788117e-05,0.499281670416237,6.935296550282277e-09,0.4992816704162441,2.632051939880745e-09,0.0014041591461476227,9.805874310262254e-08,2.9238684013396224e-07
EFT:1.0104241096782794e-05,2.122547334954209e-06,1.987322000788117e-05,0.499281670416237,6.935296550282277e-09,0.4992816704162441,2.6320519398807075e-09,0.0014041591461476227,9.805874310262393e-08,2.9238684013396224e-07
Random8269
Raw:1.0104241096782938e-05,2.122547334954209e-06,1.987322000788117e-05,0.499281670416237,6.935296550282277e-09,0.4992816704162441,2.632051939880745e-09,0.0014041591461476427,9.805874310262393e-08,2.9238684013396224e-07
EFT:1.0104241096782794e-05,2.122547334954209e-06,1.987322000788117e-05,0.499281670416237,6.935296550282277e-09,0.4992816704162441,2.6320519398807075e-09,0.0014041591461476227,9.805874310262393e-08,2.9238684013396224e-07
Random8270
Raw:1.0104241096782938e-05,2.122547334954209e-06,1.987322000788117e-05,0.499281670416237,6.9352965502823754e-09,0.4992816704162441,2.632051939880745e-09,0.0014041591461476227,9.805874310262532e-08,2.9238684013396637e-07
EFT:1.0104241096782794e-05,2.122547334954209e-06,1.987322000788117e-05,0.499281670416237,6.935296550282277e-09,0.4992816704162441,2.6320519398807075e-09,0.0014041591461476227,9.805874310262393e-08,2.9238684013396224e-07
Random8271
Raw:1.0104241096782867e-05,2.1225473349542546e-06,1.987322000788131e-05,0.49928167041624055,6.935296550282326e-09,0.49928167041624055,2.6320519398807638e-09,0.0014041591461476128,9.805874310262462e-08,2.923868401339643e-07
EFT:1.0104241096782794e-05,2.122547334954209e-06,1.987322000788117e-05,0.499281670416237,6.935296550282277e-09,0.4992816704162441,2.6320519398807075e-09,0.0014041591461476227,9.805874310262393e-08,2.9238684013396224e-07
Random8272
Raw:1.0104241096782938e-05,2.122547334954209e-06,1.987322000788117e-05,0.499281670416237,6.935296550282277e-09,0.4992816704162441,2.632051939880745e-09,0.0014041591461476227,9.805874310262532e-08,2.9238684013396224e-07
EFT:1.0104241096782794e-05,2.122547334954209e-06,1.987322000788117e-05,0.499281670416237,6.935296550282277e-09,0.4992816704162441,2.6320519398807075e-09,0.0014041591461476227,9.805874310262393e-08,2.9238684013396224e-07
Random8273
Raw:1.0104241096782867e-05,2.122547334954224e-06,1.987322000788131e-05,0.49928167041624055,6.935296550282326e-09,0.49928167041624055,2.6320519398807265e-09,0.0014041591461476327,9.805874310262462e-08,2.923868401339643e-07
EFT:1.0104241096782794e-05,2.122547334954209e-06,1.987322000788117e-05,0.499281670416237,6.935296550282277e-09,0.4992816704162441,2.6320519398807075e-09,0.0014041591461476227,9.805874310262393e-08,2.9238684013396224e-07
Random8274
Raw:1.0104241096782865e-05,2.122547334954194e-06,1.9873220007880747e-05,0.49928167041623345,6.935296550282228e-09,0.49928167041624766,2.632051939880726e-09,0.0014041591461476126,9.805874310262324e-08,2.923868401339602e-07
EFT:1.0104241096782794e-05,2.122547334954209e-06,1.987322000788117e-05,0.499281670416237,6.935296550282277e-09,0.4992816704162441,2.6320519398807075e-09,0.0014041591461476227,9.805874310262393e-08,2.9238684013396224e-07
Random8275
Raw:1.0104241096782794e-05,2.122547334954209e-06,1.9873220007880885e-05,0.499281670416237,6.935296550282277e-09,0.4992816704162441,2.632051939880745e-09,0.0014041591461476227,9.805874310262254e-08,2.9238684013396224e-07
EFT:1.0104241096782794e-05,2.122547334954209e-06,1.987322000788117e-05,0.499281670416237,6.935296550282277e-09,0.4992816704162441,2.6320519398807075e-09,0.0014041591461476227,9.805874310262393e-08,2.9238684013396224e-07
Random8276
Raw:1.0104241096782938e-05,2.122547334954209e-06,1.987322000788117e-05,0.499281670416237,6.935296550282277e-09,0.4992816704162441,2.632051939880745e-09,0.0014041591461476427,9.805874310262393e-08,2.9238684013396224e-07
EFT:1.0104241096782794e-05,2.122547334954209e-06,1.987322000788117e-05,0.499281670416237,6.935296550282277e-09,0.4992816704162441,2.6320519398807075e-09,0.0014041591461476227,9.805874310262393e-08,2.9238684013396224e-07
Random8277
Raw:1.0104241096782794e-05,2.1225473349541788e-06,1.9873220007880885e-05,0.499281670416237,6.9352965502821786e-09,0.4992816704162441,2.632051939880745e-09,0.0014041591461476026,9.805874310262254e-08,2.9238684013396224e-07
EFT:1.0104241096782794e-05,2.122547334954209e-06,1.987322000788117e-05,0.499281670416237,6.935296550282277e-09,0.4992816704162441,2.6320519398807075e-09,0.0014041591461476227,9.805874310262393e-08,2.9238684013396224e-07
Random8278
Raw:1.0104241096782938e-05,2.122547334954239e-06,1.987322000788117e-05,0.499281670416237,6.9352965502823754e-09,0.4992816704162441,2.6320519398807824e-09,0.0014041591461476227,9.805874310262532e-08,2.9238684013396637e-07
EFT:1.0104241096782794e-05,2.122547334954209e-06,1.987322000788117e-05,0.499281670416237,6.935296550282277e-09,0.4992816704162441,2.6320519398807075e-09,0.0014041591461476227,9.805874310262393e-08,2.9238684013396224e-07
Random8279
Raw:1.0104241096782867e-05,2.122547334954224e-06,1.9873220007881028e-05,0.49928167041624055,6.935296550282326e-09,0.49928167041624055,2.6320519398807265e-09,0.0014041591461476327,9.805874310262323e-08,2.923868401339643e-07
EFT:1.0104241096782794e-05,2.122547334954209e-06,1.987322000788117e-05,0.499281670416237,6.935296550282277e-09,0.4992816704162441,2.6320519398807075e-09,0.0014041591461476227,9.805874310262393e-08,2.9238684013396224e-07
Random8280
Raw:1.0104241096782867e-05,2.122547334954224e-06,1.987322000788131e-05,0.49928167041624055,6.935296550282326e-09,0.49928167041624055,2.6320519398807265e-09,0.0014041591461476327,9.805874310262462e-08,2.923868401339643e-07
EFT:1.0104241096782794e-05,2.122547334954209e-06,1.987322000788117e-05,0.499281670416237,6.935296550282277e-09,0.4992816704162441,2.6320519398807075e-09,0.0014041591461476227,9.805874310262393e-08,2.9238684013396224e-07
Random8281
Raw:1.0104241096782867e-05,2.122547334954194e-06,1.9873220007881028e-05,0.49928167041624055,6.935296550282228e-09,0.49928167041624055,2.632051939880689e-09,0.0014041591461476128,9.805874310262462e-08,2.923868401339602e-07
EFT:1.0104241096782794e-05,2.122547334954209e-06,1.987322000788117e-05,0.499281670416237,6.935296550282277e-09,0.4992816704162441,2.6320519398807075e-09,0.0014041591461476227,9.805874310262393e-08,2.9238684013396224e-07
Random8282
Raw:1.0104241096782867e-05,2.122547334954224e-06,1.987322000788131e-05,0.49928167041624055,6.935296550282326e-09,0.49928167041624055,2.6320519398807638e-09,0.0014041591461476128,9.805874310262462e-08,2.923868401339643e-07
EFT:1.0104241096782794e-05,2.122547334954209e-06,1.987322000788117e-05,0.499281670416237,6.935296550282277e-09,0.4992816704162441,2.6320519398807075e-09,0.0014041591461476227,9.805874310262393e-08,2.9238684013396224e-07
Random8283
Raw:1.0104241096783009e-05,2.122547334954194e-06,1.9873220007881028e-05,0.49928167041623345,6.935296550282327e-09,0.49928167041624766,2.6320519398807638e-09,0.0014041591461476327,9.805874310262462e-08,2.9238684013396436e-07
EFT:1.0104241096782794e-05,2.122547334954209e-06,1.987322000788117e-05,0.499281670416237,6.935296550282277e-09,0.4992816704162441,2.6320519398807075e-09,0.0014041591461476227,9.805874310262393e-08,2.9238684013396224e-07
Random8284
Raw:1.0104241096782938e-05,2.122547334954209e-06,1.987322000788117e-05,0.499281670416237,6.9352965502823754e-09,0.4992816704162441,2.6320519398807824e-09,0.0014041591461476227,9.805874310262532e-08,2.9238684013396637e-07
EFT:1.0104241096782794e-05,2.122547334954209e-06,1.987322000788117e-05,0.499281670416237,6.935296550282277e-09,0.4992816704162441,2.6320519398807075e-09,0.0014041591461476227,9.805874310262393e-08,2.9238684013396224e-07
Random8285
Raw:1.0104241096782938e-05,2.122547334954239e-06,1.987322000788145e-05,0.499281670416237,6.935296550282277e-09,0.4992816704162441,2.632051939880745e-09,0.0014041591461476427,9.805874310262532e-08,2.9238684013396224e-07
EFT:1.0104241096782794e-05,2.122547334954209e-06,1.987322000788117e-05,0.499281670416237,6.935296550282277e-09,0.4992816704162441,2.6320519398807075e-09,0.0014041591461476227,9.805874310262393e-08,2.9238684013396224e-07
Random8286
Raw:1.0104241096783009e-05,2.122547334954224e-06,1.987322000788131e-05,0.49928167041623345,6.935296550282327e-09,0.49928167041624766,2.6320519398807638e-09,0.0014041591461476327,9.805874310262462e-08,2.923868401339685e-07
EFT:1.0104241096782794e-05,2.122547334954209e-06,1.987322000788117e-05,0.499281670416237,6.935296550282277e-09,0.4992816704162441,2.6320519398807075e-09,0.0014041591461476227,9.805874310262393e-08,2.9238684013396224e-07
Random8287
Raw:1.0104241096783009e-05,2.122547334954224e-06,1.987322000788131e-05,0.49928167041623345,6.935296550282327e-09,0.49928167041624766,2.6320519398807638e-09,0.0014041591461476327,9.805874310262462e-08,2.923868401339685e-07
EFT:1.0104241096782794e-05,2.122547334954209e-06,1.987322000788117e-05,0.499281670416237,6.935296550282277e-09,0.4992816704162441,2.6320519398807075e-09,0.0014041591461476227,9.805874310262393e-08,2.9238684013396224e-07
Random8288
Raw:1.0104241096782938e-05,2.122547334954209e-06,1.987322000788117e-05,0.499281670416237,6.9352965502823754e-09,0.4992816704162441,2.632051939880745e-09,0.0014041591461476227,9.805874310262393e-08,2.9238684013396637e-07
EFT:1.0104241096782794e-05,2.122547334954209e-06,1.987322000788117e-05,0.499281670416237,6.935296550282277e-09,0.4992816704162441,2.6320519398807075e-09,0.0014041591461476227,9.805874310262393e-08,2.9238684013396224e-07
Random8289
Raw:1.0104241096782794e-05,2.122547334954209e-06,1.987322000788117e-05,0.499281670416237,6.935296550282277e-09,0.4992816704162441,2.6320519398807075e-09,0.0014041591461476227,9.805874310262393e-08,2.9238684013396224e-07
EFT:1.0104241096782794e-05,2.122547334954209e-06,1.987322000788117e-05,0.499281670416237,6.935296550282277e-09,0.4992816704162441,2.6320519398807075e-09,0.0014041591461476227,9.805874310262393e-08,2.9238684013396224e-07
Random8290
Raw:1.0104241096782865e-05,2.122547334954194e-06,1.9873220007881028e-05,0.49928167041623345,6.935296550282327e-09,0.49928167041624766,2.632051939880726e-09,0.0014041591461476126,9.805874310262462e-08,2.9238684013396436e-07
EFT:1.0104241096782794e-05,2.122547334954209e-06,1.987322000788117e-05,0.499281670416237,6.935296550282277e-09,0.4992816704162441,2.6320519398807075e-09,0.0014041591461476227,9.805874310262393e-08,2.9238684013396224e-07
Random8291
Raw:1.0104241096782794e-05,2.122547334954209e-06,1.9873220007880885e-05,0.499281670416237,6.935296550282277e-09,0.4992816704162441,2.6320519398807075e-09,0.0014041591461476026,9.805874310262393e-08,2.9238684013396224e-07
EFT:1.0104241096782794e-05,2.122547334954209e-06,1.987322000788117e-05,0.499281670416237,6.935296550282277e-09,0.4992816704162441,2.6320519398807075e-09,0.0014041591461476227,9.805874310262393e-08,2.9238684013396224e-07
Random8292
Raw:1.0104241096782865e-05,2.122547334954194e-06,1.9873220007881028e-05,0.49928167041623345,6.935296550282228e-09,0.49928167041624766,2.6320519398807638e-09,0.0014041591461476126,9.805874310262324e-08,2.9238684013396436e-07
EFT:1.0104241096782794e-05,2.122547334954209e-06,1.987322000788117e-05,0.499281670416237,6.935296550282277e-09,0.4992816704162441,2.6320519398807075e-09,0.0014041591461476227,9.805874310262393e-08,2.9238684013396224e-07
Random8293
Raw:1.0104241096782867e-05,2.122547334954224e-06,1.987322000788131e-05,0.49928167041624055,6.935296550282326e-09,0.49928167041624055,2.6320519398807265e-09,0.0014041591461476327,9.805874310262462e-08,2.923868401339643e-07
EFT:1.0104241096782794e-05,2.122547334954209e-06,1.987322000788117e-05,0.499281670416237,6.935296550282277e-09,0.4992816704162441,2.6320519398807075e-09,0.0014041591461476227,9.805874310262393e-08,2.9238684013396224e-07
Random8294
Raw:1.0104241096782794e-05,2.122547334954209e-06,1.9873220007880885e-05,0.499281670416237,6.935296550282277e-09,0.4992816704162441,2.632051939880745e-09,0.0014041591461476227,9.805874310262254e-08,2.9238684013396224e-07
EFT:1.0104241096782794e-05,2.122547334954209e-06,1.987322000788117e-05,0.499281670416237,6.935296550282277e-09,0.4992816704162441,2.6320519398807075e-09,0.0014041591461476227,9.805874310262393e-08,2.9238684013396224e-07
Random8295
Raw:1.0104241096783009e-05,2.122547334954224e-06,1.987322000788131e-05,0.49928167041623345,6.935296550282424e-09,0.49928167041624766,2.6320519398807638e-09,0.0014041591461476327,9.805874310262601e-08,2.923868401339685e-07
EFT:1.0104241096782794e-05,2.122547334954209e-06,1.987322000788117e-05,0.499281670416237,6.935296550282277e-09,0.4992816704162441,2.6320519398807075e-09,0.0014041591461476227,9.805874310262393e-08,2.9238684013396224e-07
Random8296
Raw:1.0104241096782865e-05,2.122547334954194e-06,1.9873220007881028e-05,0.49928167041623345,6.935296550282228e-09,0.49928167041624766,2.632051939880726e-09,0.0014041591461476126,9.805874310262462e-08,2.9238684013396436e-07
EFT:1.0104241096782794e-05,2.122547334954209e-06,1.987322000788117e-05,0.499281670416237,6.935296550282277e-09,0.4992816704162441,2.6320519398807075e-09,0.0014041591461476227,9.805874310262393e-08,2.9238684013396224e-07
Random8297
Raw:1.0104241096782938e-05,2.122547334954209e-06,1.9873220007880885e-05,0.499281670416237,6.935296550282277e-09,0.4992816704162441,2.632051939880745e-09,0.0014041591461476227,9.805874310262532e-08,2.9238684013396224e-07
EFT:1.0104241096782794e-05,2.122547334954209e-06,1.987322000788117e-05,0.499281670416237,6.935296550282277e-09,0.4992816704162441,2.6320519398807075e-09,0.0014041591461476227,9.805874310262393e-08,2.9238684013396224e-07
Random8298
Raw:1.0104241096783009e-05,2.122547334954224e-06,1.9873220007881028e-05,0.49928167041623345,6.935296550282327e-09,0.49928167041624766,2.6320519398807638e-09,0.0014041591461476327,9.805874310262601e-08,2.9238684013396436e-07
EFT:1.0104241096782794e-05,2.122547334954209e-06,1.987322000788117e-05,0.499281670416237,6.935296550282277e-09,0.4992816704162441,2.6320519398807075e-09,0.0014041591461476227,9.805874310262393e-08,2.9238684013396224e-07
Random8299
Raw:1.0104241096782938e-05,2.122547334954209e-06,1.987322000788117e-05,0.499281670416237,6.9352965502823754e-09,0.4992816704162441,2.6320519398807824e-09,0.0014041591461476227,9.805874310262532e-08,2.9238684013396637e-07
EFT:1.0104241096782794e-05,2.122547334954209e-06,1.987322000788117e-05,0.499281670416237,6.935296550282277e-09,0.4992816704162441,2.6320519398807075e-09,0.0014041591461476227,9.805874310262393e-08,2.9238684013396224e-07
Random8300
Raw:1.0104241096782867e-05,2.122547334954224e-06,1.9873220007881028e-05,0.49928167041624055,6.935296550282326e-09,0.49928167041624055,2.6320519398807265e-09,0.0014041591461476327,9.805874310262323e-08,2.923868401339643e-07
EFT:1.0104241096782794e-05,2.122547334954209e-06,1.987322000788117e-05,0.499281670416237,6.935296550282277e-09,0.4992816704162441,2.6320519398807075e-09,0.0014041591461476227,9.805874310262393e-08,2.9238684013396224e-07
Random8301
Raw:1.0104241096782867e-05,2.122547334954224e-06,1.987322000788131e-05,0.49928167041624055,6.935296550282326e-09,0.49928167041624055,2.6320519398807265e-09,0.0014041591461476327,9.805874310262602e-08,2.923868401339643e-07
EFT:1.0104241096782794e-05,2.122547334954209e-06,1.987322000788117e-05,0.499281670416237,6.935296550282277e-09,0.4992816704162441,2.6320519398807075e-09,0.0014041591461476227,9.805874310262393e-08,2.9238684013396224e-07
Random8302
Raw:1.0104241096782867e-05,2.122547334954224e-06,1.987322000788131e-05,0.49928167041624055,6.935296550282326e-09,0.49928167041624055,2.6320519398807265e-09,0.0014041591461476327,9.805874310262323e-08,2.923868401339643e-07
EFT:1.0104241096782794e-05,2.122547334954209e-06,1.987322000788117e-05,0.499281670416237,6.935296550282277e-09,0.4992816704162441,2.6320519398807075e-09,0.0014041591461476227,9.805874310262393e-08,2.9238684013396224e-07
Random8303
Raw:1.0104241096782938e-05,2.122547334954239e-06,1.987322000788145e-05,0.499281670416237,6.935296550282277e-09,0.4992816704162441,2.632051939880745e-09,0.0014041591461476427,9.805874310262532e-08,2.9238684013396224e-07
EFT:1.0104241096782794e-05,2.122547334954209e-06,1.987322000788117e-05,0.499281670416237,6.935296550282277e-09,0.4992816704162441,2.6320519398807075e-09,0.0014041591461476227,9.805874310262393e-08,2.9238684013396224e-07
Random8304
Raw:1.0104241096782938e-05,2.122547334954209e-06,1.987322000788117e-05,0.499281670416237,6.9352965502823754e-09,0.4992816704162441,2.632051939880745e-09,0.0014041591461476227,9.805874310262393e-08,2.9238684013396637e-07
EFT:1.0104241096782794e-05,2.122547334954209e-06,1.987322000788117e-05,0.499281670416237,6.935296550282277e-09,0.4992816704162441,2.6320519398807075e-09,0.0014041591461476227,9.805874310262393e-08,2.9238684013396224e-07
Random8305
Raw:1.0104241096783009e-05,2.122547334954224e-06,1.987322000788131e-05,0.49928167041623345,6.935296550282327e-09,0.49928167041624766,2.6320519398807638e-09,0.0014041591461476327,9.805874310262601e-08,2.9238684013396436e-07
EFT:1.0104241096782794e-05,2.122547334954209e-06,1.987322000788117e-05,0.499281670416237,6.935296550282277e-09,0.4992816704162441,2.6320519398807075e-09,0.0014041591461476227,9.805874310262393e-08,2.9238684013396224e-07
Random8306
Raw:1.0104241096782867e-05,2.122547334954224e-06,1.987322000788131e-05,0.49928167041624055,6.935296550282228e-09,0.49928167041624055,2.632051939880689e-09,0.0014041591461476327,9.805874310262323e-08,2.923868401339643e-07
EFT:1.0104241096782794e-05,2.122547334954209e-06,1.987322000788117e-05,0.499281670416237,6.935296550282277e-09,0.4992816704162441,2.6320519398807075e-09,0.0014041591461476227,9.805874310262393e-08,2.9238684013396224e-07
Random8307
Raw:1.0104241096782867e-05,2.122547334954224e-06,1.987322000788131e-05,0.49928167041624055,6.935296550282326e-09,0.49928167041624055,2.6320519398807265e-09,0.0014041591461476327,9.805874310262323e-08,2.923868401339643e-07
EFT:1.0104241096782794e-05,2.122547334954209e-06,1.987322000788117e-05,0.499281670416237,6.935296550282277e-09,0.4992816704162441,2.6320519398807075e-09,0.0014041591461476227,9.805874310262393e-08,2.9238684013396224e-07
Random8308
Raw:1.0104241096782938e-05,2.122547334954209e-06,1.987322000788117e-05,0.499281670416237,6.9352965502823754e-09,0.4992816704162441,2.632051939880745e-09,0.0014041591461476227,9.805874310262532e-08,2.9238684013396637e-07
EFT:1.0104241096782794e-05,2.122547334954209e-06,1.987322000788117e-05,0.499281670416237,6.935296550282277e-09,0.4992816704162441,2.6320519398807075e-09,0.0014041591461476227,9.805874310262393e-08,2.9238684013396224e-07
Random8309
Raw:1.0104241096782938e-05,2.122547334954209e-06,1.9873220007880885e-05,0.499281670416237,6.935296550282277e-09,0.4992816704162441,2.632051939880745e-09,0.0014041591461476227,9.805874310262532e-08,2.9238684013396224e-07
EFT:1.0104241096782794e-05,2.122547334954209e-06,1.987322000788117e-05,0.499281670416237,6.935296550282277e-09,0.4992816704162441,2.6320519398807075e-09,0.0014041591461476227,9.805874310262393e-08,2.9238684013396224e-07
Random8310
Raw:1.0104241096782938e-05,2.122547334954209e-06,1.987322000788117e-05,0.499281670416237,6.935296550282277e-09,0.4992816704162441,2.632051939880745e-09,0.0014041591461476427,9.805874310262393e-08,2.9238684013396224e-07
EFT:1.0104241096782794e-05,2.122547334954209e-06,1.987322000788117e-05,0.499281670416237,6.935296550282277e-09,0.4992816704162441,2.6320519398807075e-09,0.0014041591461476227,9.805874310262393e-08,2.9238684013396224e-07
Random8311
Raw:1.0104241096782865e-05,2.122547334954194e-06,1.9873220007881028e-05,0.49928167041623345,6.935296550282327e-09,0.49928167041624766,2.6320519398807638e-09,0.0014041591461476126,9.805874310262324e-08,2.9238684013396436e-07
EFT:1.0104241096782794e-05,2.122547334954209e-06,1.987322000788117e-05,0.499281670416237,6.935296550282277e-09,0.4992816704162441,2.6320519398807075e-09,0.0014041591461476227,9.805874310262393e-08,2.9238684013396224e-07
Random8312
Raw:1.0104241096782938e-05,2.122547334954239e-06,1.987322000788117e-05,0.499281670416237,6.935296550282277e-09,0.4992816704162441,2.632051939880745e-09,0.0014041591461476427,9.805874310262532e-08,2.9238684013396224e-07
EFT:1.0104241096782794e-05,2.122547334954209e-06,1.987322000788117e-05,0.499281670416237,6.935296550282277e-09,0.4992816704162441,2.6320519398807075e-09,0.0014041591461476227,9.805874310262393e-08,2.9238684013396224e-07
Random8313
Raw:1.0104241096782794e-05,2.122547334954209e-06,1.987322000788117e-05,0.4992816704162441,6.935296550282277e-09,0.499281670416237,2.63205193988067e-09,0.0014041591461476227,9.805874310262532e-08,2.9238684013396224e-07
EFT:1.0104241096782794e-05,2.122547334954209e-06,1.987322000788117e-05,0.499281670416237,6.935296550282277e-09,0.4992816704162441,2.6320519398807075e-09,0.0014041591461476227,9.805874310262393e-08,2.9238684013396224e-07
Random8314
Raw:1.0104241096782938e-05,2.122547334954209e-06,1.987322000788117e-05,0.499281670416237,6.935296550282277e-09,0.4992816704162441,2.632051939880745e-09,0.0014041591461476227,9.805874310262532e-08,2.9238684013396224e-07
EFT:1.0104241096782794e-05,2.122547334954209e-06,1.987322000788117e-05,0.499281670416237,6.935296550282277e-09,0.4992816704162441,2.6320519398807075e-09,0.0014041591461476227,9.805874310262393e-08,2.9238684013396224e-07
Random8315
Raw:1.0104241096783009e-05,2.122547334954224e-06,1.987322000788131e-05,0.49928167041623345,6.935296550282424e-09,0.49928167041624766,2.6320519398807638e-09,0.0014041591461476327,9.805874310262601e-08,2.923868401339685e-07
EFT:1.0104241096782794e-05,2.122547334954209e-06,1.987322000788117e-05,0.499281670416237,6.935296550282277e-09,0.4992816704162441,2.6320519398807075e-09,0.0014041591461476227,9.805874310262393e-08,2.9238684013396224e-07
Random8316
Raw:1.0104241096783009e-05,2.122547334954194e-06,1.9873220007881028e-05,0.49928167041623345,6.935296550282327e-09,0.49928167041624766,2.6320519398807638e-09,0.0014041591461476327,9.805874310262462e-08,2.9238684013396436e-07
EFT:1.0104241096782794e-05,2.122547334954209e-06,1.987322000788117e-05,0.499281670416237,6.935296550282277e-09,0.4992816704162441,2.6320519398807075e-09,0.0014041591461476227,9.805874310262393e-08,2.9238684013396224e-07
Random8317
Raw:1.0104241096782938e-05,2.122547334954239e-06,1.987322000788145e-05,0.499281670416237,6.935296550282277e-09,0.4992816704162441,2.632051939880745e-09,0.0014041591461476427,9.805874310262393e-08,2.9238684013396637e-07
EFT:1.0104241096782794e-05,2.122547334954209e-06,1.987322000788117e-05,0.499281670416237,6.935296550282277e-09,0.4992816704162441,2.6320519398807075e-09,0.0014041591461476227,9.805874310262393e-08,2.9238684013396224e-07
Random8318
Raw:1.0104241096782938e-05,2.122547334954209e-06,1.987322000788117e-05,0.499281670416237,6.935296550282277e-09,0.4992816704162441,2.632051939880745e-09,0.0014041591461476427,9.805874310262393e-08,2.9238684013396224e-07
EFT:1.0104241096782794e-05,2.122547334954209e-06,1.987322000788117e-05,0.499281670416237,6.935296550282277e-09,0.4992816704162441,2.6320519398807075e-09,0.0014041591461476227,9.805874310262393e-08,2.9238684013396224e-07
Random8319
Raw:1.0104241096782867e-05,2.122547334954224e-06,1.987322000788131e-05,0.49928167041624055,6.935296550282326e-09,0.49928167041624055,2.6320519398807265e-09,0.0014041591461476327,9.805874310262462e-08,2.923868401339643e-07
EFT:1.0104241096782794e-05,2.122547334954209e-06,1.987322000788117e-05,0.499281670416237,6.935296550282277e-09,0.4992816704162441,2.6320519398807075e-09,0.0014041591461476227,9.805874310262393e-08,2.9238684013396224e-07
Random8320
Raw:1.0104241096782867e-05,2.122547334954224e-06,1.987322000788131e-05,0.49928167041624055,6.935296550282326e-09,0.49928167041624055,2.6320519398807265e-09,0.0014041591461476327,9.805874310262462e-08,2.923868401339643e-07
EFT:1.0104241096782794e-05,2.122547334954209e-06,1.987322000788117e-05,0.499281670416237,6.935296550282277e-09,0.4992816704162441,2.6320519398807075e-09,0.0014041591461476227,9.805874310262393e-08,2.9238684013396224e-07
Random8321
Raw:1.0104241096782938e-05,2.122547334954209e-06,1.987322000788117e-05,0.499281670416237,6.9352965502823754e-09,0.4992816704162441,2.632051939880745e-09,0.0014041591461476227,9.805874310262532e-08,2.9238684013396637e-07
EFT:1.0104241096782794e-05,2.122547334954209e-06,1.987322000788117e-05,0.499281670416237,6.935296550282277e-09,0.4992816704162441,2.6320519398807075e-09,0.0014041591461476227,9.805874310262393e-08,2.9238684013396224e-07
Random8322
Raw:1.0104241096782938e-05,2.122547334954209e-06,1.987322000788117e-05,0.499281670416237,6.9352965502823754e-09,0.4992816704162441,2.632051939880745e-09,0.0014041591461476227,9.805874310262532e-08,2.9238684013396637e-07
EFT:1.0104241096782794e-05,2.122547334954209e-06,1.987322000788117e-05,0.499281670416237,6.935296550282277e-09,0.4992816704162441,2.6320519398807075e-09,0.0014041591461476227,9.805874310262393e-08,2.9238684013396224e-07
Random8323
Raw:1.0104241096782938e-05,2.122547334954239e-06,1.9873220007880885e-05,0.499281670416237,6.935296550282277e-09,0.4992816704162441,2.632051939880745e-09,0.0014041591461476227,9.805874310262532e-08,2.9238684013396224e-07
EFT:1.0104241096782794e-05,2.122547334954209e-06,1.987322000788117e-05,0.499281670416237,6.935296550282277e-09,0.4992816704162441,2.6320519398807075e-09,0.0014041591461476227,9.805874310262393e-08,2.9238684013396224e-07
Random8324
Raw:1.0104241096782865e-05,2.122547334954194e-06,1.9873220007881028e-05,0.49928167041623345,6.935296550282327e-09,0.49928167041624766,2.632051939880726e-09,0.0014041591461476126,9.805874310262462e-08,2.9238684013396436e-07
EFT:1.0104241096782794e-05,2.122547334954209e-06,1.987322000788117e-05,0.499281670416237,6.935296550282277e-09,0.4992816704162441,2.6320519398807075e-09,0.0014041591461476227,9.805874310262393e-08,2.9238684013396224e-07
Random8325
Raw:1.0104241096782867e-05,2.122547334954224e-06,1.987322000788131e-05,0.49928167041624055,6.935296550282326e-09,0.49928167041624055,2.6320519398807265e-09,0.0014041591461476327,9.805874310262462e-08,2.923868401339643e-07
EFT:1.0104241096782794e-05,2.122547334954209e-06,1.987322000788117e-05,0.499281670416237,6.935296550282277e-09,0.4992816704162441,2.6320519398807075e-09,0.0014041591461476227,9.805874310262393e-08,2.9238684013396224e-07
Random8326
Raw:1.0104241096782867e-05,2.122547334954224e-06,1.987322000788131e-05,0.49928167041624055,6.935296550282326e-09,0.49928167041624055,2.6320519398807265e-09,0.0014041591461476327,9.805874310262602e-08,2.923868401339643e-07
EFT:1.0104241096782794e-05,2.122547334954209e-06,1.987322000788117e-05,0.499281670416237,6.935296550282277e-09,0.4992816704162441,2.6320519398807075e-09,0.0014041591461476227,9.805874310262393e-08,2.9238684013396224e-07
Random8327
Raw:1.0104241096782867e-05,2.122547334954224e-06,1.987322000788131e-05,0.49928167041624055,6.935296550282326e-09,0.49928167041624055,2.6320519398807265e-09,0.0014041591461476327,9.805874310262602e-08,2.923868401339643e-07
EFT:1.0104241096782794e-05,2.122547334954209e-06,1.987322000788117e-05,0.499281670416237,6.935296550282277e-09,0.4992816704162441,2.6320519398807075e-09,0.0014041591461476227,9.805874310262393e-08,2.9238684013396224e-07
Random8328
Raw:1.0104241096782867e-05,2.122547334954224e-06,1.987322000788131e-05,0.49928167041624055,6.935296550282326e-09,0.49928167041624055,2.6320519398807638e-09,0.0014041591461476327,9.805874310262462e-08,2.923868401339643e-07
EFT:1.0104241096782794e-05,2.122547334954209e-06,1.987322000788117e-05,0.499281670416237,6.935296550282277e-09,0.4992816704162441,2.6320519398807075e-09,0.0014041591461476227,9.805874310262393e-08,2.9238684013396224e-07
Random8329
Raw:1.0104241096782938e-05,2.122547334954209e-06,1.9873220007880885e-05,0.499281670416237,6.935296550282277e-09,0.4992816704162441,2.632051939880745e-09,0.0014041591461476227,9.805874310262532e-08,2.9238684013396224e-07
EFT:1.0104241096782794e-05,2.122547334954209e-06,1.987322000788117e-05,0.499281670416237,6.935296550282277e-09,0.4992816704162441,2.6320519398807075e-09,0.0014041591461476227,9.805874310262393e-08,2.9238684013396224e-07
Random8330
Raw:1.0104241096782938e-05,2.122547334954209e-06,1.987322000788117e-05,0.499281670416237,6.935296550282277e-09,0.4992816704162441,2.632051939880745e-09,0.0014041591461476427,9.805874310262393e-08,2.9238684013396224e-07
EFT:1.0104241096782794e-05,2.122547334954209e-06,1.987322000788117e-05,0.499281670416237,6.935296550282277e-09,0.4992816704162441,2.6320519398807075e-09,0.0014041591461476227,9.805874310262393e-08,2.9238684013396224e-07
Random8331
Raw:1.0104241096782867e-05,2.122547334954224e-06,1.987322000788131e-05,0.49928167041624055,6.935296550282326e-09,0.49928167041624055,2.6320519398807265e-09,0.0014041591461476327,9.805874310262462e-08,2.923868401339643e-07
EFT:1.0104241096782794e-05,2.122547334954209e-06,1.987322000788117e-05,0.499281670416237,6.935296550282277e-09,0.4992816704162441,2.6320519398807075e-09,0.0014041591461476227,9.805874310262393e-08,2.9238684013396224e-07
Random8332
Raw:1.0104241096782794e-05,2.122547334954209e-06,1.9873220007880885e-05,0.499281670416237,6.9352965502821786e-09,0.4992816704162441,2.632051939880745e-09,0.0014041591461476227,9.805874310262254e-08,2.9238684013396224e-07
EFT:1.0104241096782794e-05,2.122547334954209e-06,1.987322000788117e-05,0.499281670416237,6.935296550282277e-09,0.4992816704162441,2.6320519398807075e-09,0.0014041591461476227,9.805874310262393e-08,2.9238684013396224e-07
Random8333
Raw:1.0104241096783009e-05,2.122547334954194e-06,1.9873220007881028e-05,0.49928167041623345,6.935296550282327e-09,0.49928167041624766,2.6320519398807638e-09,0.0014041591461476327,9.805874310262462e-08,2.9238684013396436e-07
EFT:1.0104241096782794e-05,2.122547334954209e-06,1.987322000788117e-05,0.499281670416237,6.935296550282277e-09,0.4992816704162441,2.6320519398807075e-09,0.0014041591461476227,9.805874310262393e-08,2.9238684013396224e-07
Random8334
Raw:1.0104241096783009e-05,2.122547334954224e-06,1.987322000788131e-05,0.49928167041623345,6.935296550282424e-09,0.49928167041624766,2.6320519398807638e-09,0.0014041591461476327,9.805874310262601e-08,2.923868401339685e-07
EFT:1.0104241096782794e-05,2.122547334954209e-06,1.987322000788117e-05,0.499281670416237,6.935296550282277e-09,0.4992816704162441,2.6320519398807075e-09,0.0014041591461476227,9.805874310262393e-08,2.9238684013396224e-07
Random8335
Raw:1.0104241096782938e-05,2.122547334954209e-06,1.987322000788117e-05,0.499281670416237,6.935296550282277e-09,0.4992816704162441,2.632051939880745e-09,0.0014041591461476227,9.805874310262532e-08,2.9238684013396224e-07
EFT:1.0104241096782794e-05,2.122547334954209e-06,1.987322000788117e-05,0.499281670416237,6.935296550282277e-09,0.4992816704162441,2.6320519398807075e-09,0.0014041591461476227,9.805874310262393e-08,2.9238684013396224e-07
Random8336
Raw:1.0104241096782938e-05,2.122547334954209e-06,1.987322000788117e-05,0.499281670416237,6.9352965502823754e-09,0.4992816704162441,2.632051939880745e-09,0.0014041591461476227,9.805874310262393e-08,2.9238684013396637e-07
EFT:1.0104241096782794e-05,2.122547334954209e-06,1.987322000788117e-05,0.499281670416237,6.935296550282277e-09,0.4992816704162441,2.6320519398807075e-09,0.0014041591461476227,9.805874310262393e-08,2.9238684013396224e-07
Random8337
Raw:1.0104241096782938e-05,2.122547334954209e-06,1.987322000788117e-05,0.499281670416237,6.9352965502823754e-09,0.4992816704162441,2.632051939880745e-09,0.0014041591461476227,9.805874310262532e-08,2.9238684013396637e-07
EFT:1.0104241096782794e-05,2.122547334954209e-06,1.987322000788117e-05,0.499281670416237,6.935296550282277e-09,0.4992816704162441,2.6320519398807075e-09,0.0014041591461476227,9.805874310262393e-08,2.9238684013396224e-07
Random8338
Raw:1.0104241096782867e-05,2.122547334954224e-06,1.987322000788131e-05,0.49928167041624055,6.935296550282326e-09,0.49928167041624055,2.6320519398807638e-09,0.0014041591461476327,9.805874310262462e-08,2.923868401339643e-07
EFT:1.0104241096782794e-05,2.122547334954209e-06,1.987322000788117e-05,0.499281670416237,6.935296550282277e-09,0.4992816704162441,2.6320519398807075e-09,0.0014041591461476227,9.805874310262393e-08,2.9238684013396224e-07
Random8339
Raw:1.0104241096782938e-05,2.122547334954209e-06,1.987322000788117e-05,0.499281670416237,6.9352965502823754e-09,0.4992816704162441,2.632051939880745e-09,0.0014041591461476227,9.805874310262532e-08,2.9238684013396637e-07
EFT:1.0104241096782794e-05,2.122547334954209e-06,1.987322000788117e-05,0.499281670416237,6.935296550282277e-09,0.4992816704162441,2.6320519398807075e-09,0.0014041591461476227,9.805874310262393e-08,2.9238684013396224e-07
Random8340
Raw:1.0104241096782794e-05,2.122547334954209e-06,1.987322000788117e-05,0.499281670416237,6.9352965502821786e-09,0.4992816704162441,2.6320519398807075e-09,0.0014041591461476227,9.805874310262393e-08,2.9238684013396224e-07
EFT:1.0104241096782794e-05,2.122547334954209e-06,1.987322000788117e-05,0.499281670416237,6.935296550282277e-09,0.4992816704162441,2.6320519398807075e-09,0.0014041591461476227,9.805874310262393e-08,2.9238684013396224e-07
Random8341
Raw:1.0104241096782938e-05,2.122547334954239e-06,1.987322000788145e-05,0.499281670416237,6.935296550282277e-09,0.4992816704162441,2.632051939880745e-09,0.0014041591461476427,9.805874310262393e-08,2.9238684013396637e-07
EFT:1.0104241096782794e-05,2.122547334954209e-06,1.987322000788117e-05,0.499281670416237,6.935296550282277e-09,0.4992816704162441,2.6320519398807075e-09,0.0014041591461476227,9.805874310262393e-08,2.9238684013396224e-07
Random8342
Raw:1.0104241096782794e-05,2.122547334954239e-06,1.987322000788117e-05,0.4992816704162441,6.935296550282277e-09,0.499281670416237,2.6320519398807075e-09,0.0014041591461476227,9.805874310262393e-08,2.9238684013396224e-07
EFT:1.0104241096782794e-05,2.122547334954209e-06,1.987322000788117e-05,0.499281670416237,6.935296550282277e-09,0.4992816704162441,2.6320519398807075e-09,0.0014041591461476227,9.805874310262393e-08,2.9238684013396224e-07
Random8343
Raw:1.0104241096783009e-05,2.122547334954224e-06,1.987322000788131e-05,0.49928167041623345,6.935296550282327e-09,0.49928167041624766,2.6320519398807638e-09,0.0014041591461476327,9.805874310262462e-08,2.923868401339685e-07
EFT:1.0104241096782794e-05,2.122547334954209e-06,1.987322000788117e-05,0.499281670416237,6.935296550282277e-09,0.4992816704162441,2.6320519398807075e-09,0.0014041591461476227,9.805874310262393e-08,2.9238684013396224e-07
Random8344
Raw:1.0104241096782794e-05,2.122547334954209e-06,1.987322000788117e-05,0.499281670416237,6.9352965502821786e-09,0.4992816704162441,2.6320519398807075e-09,0.0014041591461476227,9.805874310262393e-08,2.9238684013396224e-07
EFT:1.0104241096782794e-05,2.122547334954209e-06,1.987322000788117e-05,0.499281670416237,6.935296550282277e-09,0.4992816704162441,2.6320519398807075e-09,0.0014041591461476227,9.805874310262393e-08,2.9238684013396224e-07
Random8345
Raw:1.0104241096782938e-05,2.122547334954209e-06,1.987322000788117e-05,0.499281670416237,6.9352965502823754e-09,0.4992816704162441,2.632051939880745e-09,0.0014041591461476227,9.805874310262393e-08,2.9238684013396637e-07
EFT:1.0104241096782794e-05,2.122547334954209e-06,1.987322000788117e-05,0.499281670416237,6.935296550282277e-09,0.4992816704162441,2.6320519398807075e-09,0.0014041591461476227,9.805874310262393e-08,2.9238684013396224e-07
Random8346
Raw:1.0104241096782938e-05,2.122547334954209e-06,1.987322000788117e-05,0.499281670416237,6.935296550282277e-09,0.4992816704162441,2.632051939880745e-09,0.0014041591461476427,9.805874310262393e-08,2.9238684013396224e-07
EFT:1.0104241096782794e-05,2.122547334954209e-06,1.987322000788117e-05,0.499281670416237,6.935296550282277e-09,0.4992816704162441,2.6320519398807075e-09,0.0014041591461476227,9.805874310262393e-08,2.9238684013396224e-07
Random8347
Raw:1.0104241096782938e-05,2.122547334954239e-06,1.9873220007880885e-05,0.499281670416237,6.935296550282277e-09,0.4992816704162441,2.632051939880745e-09,0.0014041591461476227,9.805874310262532e-08,2.9238684013396224e-07
EFT:1.0104241096782794e-05,2.122547334954209e-06,1.987322000788117e-05,0.499281670416237,6.935296550282277e-09,0.4992816704162441,2.6320519398807075e-09,0.0014041591461476227,9.805874310262393e-08,2.9238684013396224e-07
Random8348
Raw:1.0104241096782794e-05,2.122547334954209e-06,1.987322000788117e-05,0.4992816704162441,6.935296550282277e-09,0.499281670416237,2.6320519398807075e-09,0.0014041591461476227,9.805874310262393e-08,2.9238684013396224e-07
EFT:1.0104241096782794e-05,2.122547334954209e-06,1.987322000788117e-05,0.499281670416237,6.935296550282277e-09,0.4992816704162441,2.6320519398807075e-09,0.0014041591461476227,9.805874310262393e-08,2.9238684013396224e-07
Random8349
Raw:1.0104241096782938e-05,2.122547334954209e-06,1.9873220007880885e-05,0.499281670416237,6.9352965502823754e-09,0.4992816704162441,2.6320519398807824e-09,0.0014041591461476227,9.805874310262532e-08,2.9238684013396637e-07
EFT:1.0104241096782794e-05,2.122547334954209e-06,1.987322000788117e-05,0.499281670416237,6.935296550282277e-09,0.4992816704162441,2.6320519398807075e-09,0.0014041591461476227,9.805874310262393e-08,2.9238684013396224e-07
Random8350
Raw:1.0104241096782794e-05,2.122547334954209e-06,1.987322000788117e-05,0.499281670416237,6.935296550282277e-09,0.4992816704162441,2.6320519398807075e-09,0.0014041591461476227,9.805874310262393e-08,2.9238684013396224e-07
EFT:1.0104241096782794e-05,2.122547334954209e-06,1.987322000788117e-05,0.499281670416237,6.935296550282277e-09,0.4992816704162441,2.6320519398807075e-09,0.0014041591461476227,9.805874310262393e-08,2.9238684013396224e-07
Random8351
Raw:1.0104241096782867e-05,2.122547334954224e-06,1.987322000788131e-05,0.49928167041624055,6.935296550282326e-09,0.49928167041624055,2.6320519398807265e-09,0.0014041591461476327,9.805874310262462e-08,2.923868401339643e-07
EFT:1.0104241096782794e-05,2.122547334954209e-06,1.987322000788117e-05,0.499281670416237,6.935296550282277e-09,0.4992816704162441,2.6320519398807075e-09,0.0014041591461476227,9.805874310262393e-08,2.9238684013396224e-07
Random8352
Raw:1.0104241096782867e-05,2.122547334954224e-06,1.987322000788131e-05,0.49928167041624055,6.935296550282326e-09,0.49928167041624055,2.6320519398807265e-09,0.0014041591461476327,9.805874310262323e-08,2.923868401339643e-07
EFT:1.0104241096782794e-05,2.122547334954209e-06,1.987322000788117e-05,0.499281670416237,6.935296550282277e-09,0.4992816704162441,2.6320519398807075e-09,0.0014041591461476227,9.805874310262393e-08,2.9238684013396224e-07
Random8353
Raw:1.0104241096782938e-05,2.1225473349541788e-06,1.9873220007880885e-05,0.499281670416237,6.935296550282277e-09,0.4992816704162441,2.632051939880745e-09,0.0014041591461476026,9.805874310262532e-08,2.9238684013396224e-07
EFT:1.0104241096782794e-05,2.122547334954209e-06,1.987322000788117e-05,0.499281670416237,6.935296550282277e-09,0.4992816704162441,2.6320519398807075e-09,0.0014041591461476227,9.805874310262393e-08,2.9238684013396224e-07
Random8354
Raw:1.0104241096782867e-05,2.122547334954224e-06,1.9873220007881028e-05,0.49928167041624055,6.935296550282326e-09,0.49928167041624055,2.6320519398807265e-09,0.0014041591461476327,9.805874310262323e-08,2.923868401339643e-07
EFT:1.0104241096782794e-05,2.122547334954209e-06,1.987322000788117e-05,0.499281670416237,6.935296550282277e-09,0.4992816704162441,2.6320519398807075e-09,0.0014041591461476227,9.805874310262393e-08,2.9238684013396224e-07
Random8355
Raw:1.0104241096783009e-05,2.122547334954194e-06,1.9873220007881028e-05,0.49928167041623345,6.935296550282327e-09,0.49928167041624766,2.6320519398807638e-09,0.0014041591461476327,9.805874310262462e-08,2.9238684013396436e-07
EFT:1.0104241096782794e-05,2.122547334954209e-06,1.987322000788117e-05,0.499281670416237,6.935296550282277e-09,0.4992816704162441,2.6320519398807075e-09,0.0014041591461476227,9.805874310262393e-08,2.9238684013396224e-07
Random8356
Raw:1.0104241096782723e-05,2.122547334954194e-06,1.9873220007881028e-05,0.49928167041624055,6.935296550282228e-09,0.49928167041624055,2.632051939880689e-09,0.0014041591461476128,9.805874310262184e-08,2.923868401339602e-07
EFT:1.0104241096782794e-05,2.122547334954209e-06,1.987322000788117e-05,0.499281670416237,6.935296550282277e-09,0.4992816704162441,2.6320519398807075e-09,0.0014041591461476227,9.805874310262393e-08,2.9238684013396224e-07
Random8357
Raw:1.0104241096782794e-05,2.122547334954209e-06,1.987322000788117e-05,0.499281670416237,6.935296550282277e-09,0.4992816704162441,2.632051939880745e-09,0.0014041591461476227,9.805874310262254e-08,2.9238684013396224e-07
EFT:1.0104241096782794e-05,2.122547334954209e-06,1.987322000788117e-05,0.499281670416237,6.935296550282277e-09,0.4992816704162441,2.6320519398807075e-09,0.0014041591461476227,9.805874310262393e-08,2.9238684013396224e-07
Random8358
Raw:1.0104241096782865e-05,2.122547334954194e-06,1.9873220007881028e-05,0.49928167041623345,6.935296550282228e-09,0.49928167041624766,2.632051939880726e-09,0.0014041591461476126,9.805874310262462e-08,2.9238684013396436e-07
EFT:1.0104241096782794e-05,2.122547334954209e-06,1.987322000788117e-05,0.499281670416237,6.935296550282277e-09,0.4992816704162441,2.6320519398807075e-09,0.0014041591461476227,9.805874310262393e-08,2.9238684013396224e-07
Random8359
Raw:1.0104241096782867e-05,2.122547334954194e-06,1.9873220007881028e-05,0.49928167041624055,6.935296550282326e-09,0.49928167041624055,2.6320519398807265e-09,0.0014041591461476128,9.805874310262323e-08,2.923868401339643e-07
EFT:1.0104241096782794e-05,2.122547334954209e-06,1.987322000788117e-05,0.499281670416237,6.935296550282277e-09,0.4992816704162441,2.6320519398807075e-09,0.0014041591461476227,9.805874310262393e-08,2.9238684013396224e-07
Random8360
Raw:1.0104241096782867e-05,2.122547334954224e-06,1.9873220007881028e-05,0.49928167041624055,6.935296550282326e-09,0.49928167041624055,2.6320519398807265e-09,0.0014041591461476327,9.805874310262602e-08,2.923868401339643e-07
EFT:1.0104241096782794e-05,2.122547334954209e-06,1.987322000788117e-05,0.499281670416237,6.935296550282277e-09,0.4992816704162441,2.6320519398807075e-09,0.0014041591461476227,9.805874310262393e-08,2.9238684013396224e-07
Random8361
Raw:1.0104241096783009e-05,2.122547334954224e-06,1.987322000788131e-05,0.49928167041623345,6.935296550282424e-09,0.49928167041624766,2.6320519398807638e-09,0.0014041591461476327,9.805874310262601e-08,2.923868401339685e-07
EFT:1.0104241096782794e-05,2.122547334954209e-06,1.987322000788117e-05,0.499281670416237,6.935296550282277e-09,0.4992816704162441,2.6320519398807075e-09,0.0014041591461476227,9.805874310262393e-08,2.9238684013396224e-07
Random8362
Raw:1.0104241096782938e-05,2.122547334954239e-06,1.987322000788117e-05,0.499281670416237,6.935296550282277e-09,0.4992816704162441,2.632051939880745e-09,0.0014041591461476427,9.805874310262393e-08,2.9238684013396637e-07
EFT:1.0104241096782794e-05,2.122547334954209e-06,1.987322000788117e-05,0.499281670416237,6.935296550282277e-09,0.4992816704162441,2.6320519398807075e-09,0.0014041591461476227,9.805874310262393e-08,2.9238684013396224e-07
Random8363
Raw:1.0104241096782867e-05,2.1225473349542546e-06,1.987322000788131e-05,0.49928167041624055,6.935296550282326e-09,0.49928167041624055,2.6320519398807638e-09,0.0014041591461476128,9.805874310262462e-08,2.923868401339643e-07
EFT:1.0104241096782794e-05,2.122547334954209e-06,1.987322000788117e-05,0.499281670416237,6.935296550282277e-09,0.4992816704162441,2.6320519398807075e-09,0.0014041591461476227,9.805874310262393e-08,2.9238684013396224e-07
Random8364
Raw:1.0104241096782867e-05,2.122547334954194e-06,1.9873220007881028e-05,0.49928167041624055,6.935296550282326e-09,0.49928167041624055,2.6320519398807265e-09,0.0014041591461476128,9.805874310262323e-08,2.923868401339643e-07
EFT:1.0104241096782794e-05,2.122547334954209e-06,1.987322000788117e-05,0.499281670416237,6.935296550282277e-09,0.4992816704162441,2.6320519398807075e-09,0.0014041591461476227,9.805874310262393e-08,2.9238684013396224e-07
Random8365
Raw:1.0104241096782938e-05,2.122547334954239e-06,1.987322000788117e-05,0.499281670416237,6.9352965502823754e-09,0.4992816704162441,2.6320519398807824e-09,0.0014041591461476227,9.805874310262532e-08,2.9238684013396637e-07
EFT:1.0104241096782794e-05,2.122547334954209e-06,1.987322000788117e-05,0.499281670416237,6.935296550282277e-09,0.4992816704162441,2.6320519398807075e-09,0.0014041591461476227,9.805874310262393e-08,2.9238684013396224e-07
Random8366
Raw:1.0104241096782867e-05,2.122547334954194e-06,1.9873220007881028e-05,0.49928167041624055,6.935296550282326e-09,0.49928167041624055,2.6320519398807265e-09,0.0014041591461476128,9.805874310262323e-08,2.923868401339643e-07
EFT:1.0104241096782794e-05,2.122547334954209e-06,1.987322000788117e-05,0.499281670416237,6.935296550282277e-09,0.4992816704162441,2.6320519398807075e-09,0.0014041591461476227,9.805874310262393e-08,2.9238684013396224e-07
Random8367
Raw:1.0104241096783009e-05,2.122547334954224e-06,1.987322000788131e-05,0.49928167041623345,6.935296550282327e-09,0.49928167041624766,2.6320519398807638e-09,0.0014041591461476327,9.805874310262601e-08,2.9238684013396436e-07
EFT:1.0104241096782794e-05,2.122547334954209e-06,1.987322000788117e-05,0.499281670416237,6.935296550282277e-09,0.4992816704162441,2.6320519398807075e-09,0.0014041591461476227,9.805874310262393e-08,2.9238684013396224e-07
Random8368
Raw:1.0104241096782938e-05,2.122547334954239e-06,1.987322000788117e-05,0.499281670416237,6.935296550282277e-09,0.4992816704162441,2.632051939880745e-09,0.0014041591461476427,9.805874310262532e-08,2.9238684013396224e-07
EFT:1.0104241096782794e-05,2.122547334954209e-06,1.987322000788117e-05,0.499281670416237,6.935296550282277e-09,0.4992816704162441,2.6320519398807075e-09,0.0014041591461476227,9.805874310262393e-08,2.9238684013396224e-07
Random8369
Raw:1.0104241096782867e-05,2.122547334954194e-06,1.9873220007881028e-05,0.49928167041624055,6.935296550282326e-09,0.49928167041624055,2.6320519398807265e-09,0.0014041591461476128,9.805874310262323e-08,2.923868401339643e-07
EFT:1.0104241096782794e-05,2.122547334954209e-06,1.987322000788117e-05,0.499281670416237,6.935296550282277e-09,0.4992816704162441,2.6320519398807075e-09,0.0014041591461476227,9.805874310262393e-08,2.9238684013396224e-07
Random8370
Raw:1.0104241096782938e-05,2.122547334954239e-06,1.987322000788117e-05,0.499281670416237,6.9352965502823754e-09,0.4992816704162441,2.6320519398807824e-09,0.0014041591461476227,9.805874310262532e-08,2.9238684013396637e-07
EFT:1.0104241096782794e-05,2.122547334954209e-06,1.987322000788117e-05,0.499281670416237,6.935296550282277e-09,0.4992816704162441,2.6320519398807075e-09,0.0014041591461476227,9.805874310262393e-08,2.9238684013396224e-07
Random8371
Raw:1.0104241096782938e-05,2.122547334954209e-06,1.987322000788117e-05,0.499281670416237,6.935296550282277e-09,0.4992816704162441,2.632051939880745e-09,0.0014041591461476427,9.805874310262393e-08,2.9238684013396224e-07
EFT:1.0104241096782794e-05,2.122547334954209e-06,1.987322000788117e-05,0.499281670416237,6.935296550282277e-09,0.4992816704162441,2.6320519398807075e-09,0.0014041591461476227,9.805874310262393e-08,2.9238684013396224e-07
Random8372
Raw:1.0104241096783009e-05,2.122547334954224e-06,1.9873220007881028e-05,0.49928167041623345,6.935296550282327e-09,0.49928167041624766,2.6320519398807638e-09,0.0014041591461476327,9.805874310262601e-08,2.9238684013396436e-07
EFT:1.0104241096782794e-05,2.122547334954209e-06,1.987322000788117e-05,0.499281670416237,6.935296550282277e-09,0.4992816704162441,2.6320519398807075e-09,0.0014041591461476227,9.805874310262393e-08,2.9238684013396224e-07
Random8373
Raw:1.0104241096783009e-05,2.122547334954224e-06,1.987322000788131e-05,0.49928167041623345,6.935296550282327e-09,0.49928167041624766,2.6320519398807638e-09,0.0014041591461476327,9.805874310262601e-08,2.9238684013396436e-07
EFT:1.0104241096782794e-05,2.122547334954209e-06,1.987322000788117e-05,0.499281670416237,6.935296550282277e-09,0.4992816704162441,2.6320519398807075e-09,0.0014041591461476227,9.805874310262393e-08,2.9238684013396224e-07
Random8374
Raw:1.0104241096782938e-05,2.122547334954209e-06,1.987322000788117e-05,0.499281670416237,6.935296550282277e-09,0.4992816704162441,2.632051939880745e-09,0.0014041591461476227,9.805874310262532e-08,2.9238684013396224e-07
EFT:1.0104241096782794e-05,2.122547334954209e-06,1.987322000788117e-05,0.499281670416237,6.935296550282277e-09,0.4992816704162441,2.6320519398807075e-09,0.0014041591461476227,9.805874310262393e-08,2.9238684013396224e-07
Random8375
Raw:1.0104241096782938e-05,2.122547334954209e-06,1.987322000788117e-05,0.499281670416237,6.935296550282277e-09,0.4992816704162441,2.632051939880745e-09,0.0014041591461476427,9.805874310262393e-08,2.9238684013396224e-07
EFT:1.0104241096782794e-05,2.122547334954209e-06,1.987322000788117e-05,0.499281670416237,6.935296550282277e-09,0.4992816704162441,2.6320519398807075e-09,0.0014041591461476227,9.805874310262393e-08,2.9238684013396224e-07
Random8376
Raw:1.0104241096783009e-05,2.122547334954194e-06,1.9873220007881028e-05,0.49928167041623345,6.935296550282327e-09,0.49928167041624766,2.6320519398807638e-09,0.0014041591461476327,9.805874310262462e-08,2.9238684013396436e-07
EFT:1.0104241096782794e-05,2.122547334954209e-06,1.987322000788117e-05,0.499281670416237,6.935296550282277e-09,0.4992816704162441,2.6320519398807075e-09,0.0014041591461476227,9.805874310262393e-08,2.9238684013396224e-07
Random8377
Raw:1.0104241096782938e-05,2.122547334954209e-06,1.987322000788117e-05,0.499281670416237,6.9352965502823754e-09,0.4992816704162441,2.632051939880745e-09,0.0014041591461476227,9.805874310262393e-08,2.9238684013396637e-07
EFT:1.0104241096782794e-05,2.122547334954209e-06,1.987322000788117e-05,0.499281670416237,6.935296550282277e-09,0.4992816704162441,2.6320519398807075e-09,0.0014041591461476227,9.805874310262393e-08,2.9238684013396224e-07
Random8378
Raw:1.0104241096782938e-05,2.122547334954239e-06,1.987322000788117e-05,0.499281670416237,6.935296550282277e-09,0.4992816704162441,2.632051939880745e-09,0.0014041591461476427,9.805874310262393e-08,2.9238684013396637e-07
EFT:1.0104241096782794e-05,2.122547334954209e-06,1.987322000788117e-05,0.499281670416237,6.935296550282277e-09,0.4992816704162441,2.6320519398807075e-09,0.0014041591461476227,9.805874310262393e-08,2.9238684013396224e-07
Random8379
Raw:1.0104241096783082e-05,2.122547334954239e-06,1.987322000788145e-05,0.499281670416237,6.935296550282475e-09,0.4992816704162441,2.63205193988082e-09,0.0014041591461476227,9.805874310262532e-08,2.9238684013396637e-07
EFT:1.0104241096782794e-05,2.122547334954209e-06,1.987322000788117e-05,0.499281670416237,6.935296550282277e-09,0.4992816704162441,2.6320519398807075e-09,0.0014041591461476227,9.805874310262393e-08,2.9238684013396224e-07
Random8380
Raw:1.0104241096782794e-05,2.1225473349541788e-06,1.9873220007880885e-05,0.499281670416237,6.935296550282277e-09,0.4992816704162441,2.632051939880745e-09,0.0014041591461476026,9.805874310262254e-08,2.9238684013396224e-07
EFT:1.0104241096782794e-05,2.122547334954209e-06,1.987322000788117e-05,0.499281670416237,6.935296550282277e-09,0.4992816704162441,2.6320519398807075e-09,0.0014041591461476227,9.805874310262393e-08,2.9238684013396224e-07
Random8381
Raw:1.0104241096782867e-05,2.122547334954224e-06,1.9873220007881028e-05,0.49928167041624055,6.935296550282326e-09,0.49928167041624055,2.6320519398807638e-09,0.0014041591461476128,9.805874310262462e-08,2.923868401339643e-07
EFT:1.0104241096782794e-05,2.122547334954209e-06,1.987322000788117e-05,0.499281670416237,6.935296550282277e-09,0.4992816704162441,2.6320519398807075e-09,0.0014041591461476227,9.805874310262393e-08,2.9238684013396224e-07
Random8382
Raw:1.0104241096782867e-05,2.122547334954194e-06,1.9873220007881028e-05,0.49928167041624055,6.935296550282228e-09,0.49928167041624055,2.632051939880689e-09,0.0014041591461476128,9.805874310262462e-08,2.923868401339602e-07
EFT:1.0104241096782794e-05,2.122547334954209e-06,1.987322000788117e-05,0.499281670416237,6.935296550282277e-09,0.4992816704162441,2.6320519398807075e-09,0.0014041591461476227,9.805874310262393e-08,2.9238684013396224e-07
Random8383
Raw:1.0104241096782867e-05,2.122547334954224e-06,1.987322000788131e-05,0.49928167041624055,6.935296550282326e-09,0.49928167041624055,2.6320519398807265e-09,0.0014041591461476128,9.805874310262462e-08,2.923868401339643e-07
EFT:1.0104241096782794e-05,2.122547334954209e-06,1.987322000788117e-05,0.499281670416237,6.935296550282277e-09,0.4992816704162441,2.6320519398807075e-09,0.0014041591461476227,9.805874310262393e-08,2.9238684013396224e-07
Random8384
Raw:1.0104241096783009e-05,2.122547334954224e-06,1.987322000788131e-05,0.49928167041623345,6.935296550282327e-09,0.49928167041624766,2.6320519398807638e-09,0.0014041591461476327,9.805874310262462e-08,2.923868401339685e-07
EFT:1.0104241096782794e-05,2.122547334954209e-06,1.987322000788117e-05,0.499281670416237,6.935296550282277e-09,0.4992816704162441,2.6320519398807075e-09,0.0014041591461476227,9.805874310262393e-08,2.9238684013396224e-07
Random8385
Raw:1.0104241096782794e-05,2.122547334954209e-06,1.9873220007880885e-05,0.499281670416237,6.9352965502821786e-09,0.4992816704162441,2.6320519398807075e-09,0.0014041591461476026,9.805874310262393e-08,2.9238684013396224e-07
EFT:1.0104241096782794e-05,2.122547334954209e-06,1.987322000788117e-05,0.499281670416237,6.935296550282277e-09,0.4992816704162441,2.6320519398807075e-09,0.0014041591461476227,9.805874310262393e-08,2.9238684013396224e-07
Random8386
Raw:1.0104241096782938e-05,2.122547334954209e-06,1.9873220007880885e-05,0.499281670416237,6.935296550282277e-09,0.4992816704162441,2.632051939880745e-09,0.0014041591461476227,9.805874310262532e-08,2.9238684013396224e-07
EFT:1.0104241096782794e-05,2.122547334954209e-06,1.987322000788117e-05,0.499281670416237,6.935296550282277e-09,0.4992816704162441,2.6320519398807075e-09,0.0014041591461476227,9.805874310262393e-08,2.9238684013396224e-07
Random8387
Raw:1.0104241096782794e-05,2.122547334954209e-06,1.987322000788117e-05,0.499281670416237,6.935296550282277e-09,0.4992816704162441,2.6320519398807075e-09,0.0014041591461476227,9.805874310262393e-08,2.9238684013396224e-07
EFT:1.0104241096782794e-05,2.122547334954209e-06,1.987322000788117e-05,0.499281670416237,6.935296550282277e-09,0.4992816704162441,2.6320519398807075e-09,0.0014041591461476227,9.805874310262393e-08,2.9238684013396224e-07
Random8388
Raw:1.0104241096782938e-05,2.122547334954209e-06,1.987322000788117e-05,0.499281670416237,6.935296550282277e-09,0.4992816704162441,2.632051939880745e-09,0.0014041591461476227,9.805874310262532e-08,2.9238684013396224e-07
EFT:1.0104241096782794e-05,2.122547334954209e-06,1.987322000788117e-05,0.499281670416237,6.935296550282277e-09,0.4992816704162441,2.6320519398807075e-09,0.0014041591461476227,9.805874310262393e-08,2.9238684013396224e-07
Random8389
Raw:1.0104241096782867e-05,2.122547334954224e-06,1.987322000788131e-05,0.49928167041624055,6.935296550282326e-09,0.49928167041624055,2.6320519398807638e-09,0.0014041591461476128,9.805874310262462e-08,2.923868401339643e-07
EFT:1.0104241096782794e-05,2.122547334954209e-06,1.987322000788117e-05,0.499281670416237,6.935296550282277e-09,0.4992816704162441,2.6320519398807075e-09,0.0014041591461476227,9.805874310262393e-08,2.9238684013396224e-07
Random8390
Raw:1.0104241096782938e-05,2.122547334954239e-06,1.987322000788117e-05,0.499281670416237,6.935296550282277e-09,0.4992816704162441,2.632051939880745e-09,0.0014041591461476427,9.805874310262532e-08,2.9238684013396224e-07
EFT:1.0104241096782794e-05,2.122547334954209e-06,1.987322000788117e-05,0.499281670416237,6.935296550282277e-09,0.4992816704162441,2.6320519398807075e-09,0.0014041591461476227,9.805874310262393e-08,2.9238684013396224e-07
Random8391
Raw:1.0104241096782867e-05,2.122547334954224e-06,1.9873220007881028e-05,0.49928167041624055,6.935296550282326e-09,0.49928167041624055,2.6320519398807265e-09,0.0014041591461476128,9.805874310262462e-08,2.923868401339643e-07
EFT:1.0104241096782794e-05,2.122547334954209e-06,1.987322000788117e-05,0.499281670416237,6.935296550282277e-09,0.4992816704162441,2.6320519398807075e-09,0.0014041591461476227,9.805874310262393e-08,2.9238684013396224e-07
Random8392
Raw:1.0104241096782867e-05,2.122547334954194e-06,1.9873220007881028e-05,0.49928167041624055,6.935296550282228e-09,0.49928167041624055,2.632051939880689e-09,0.0014041591461476527,9.805874310262323e-08,2.923868401339602e-07
EFT:1.0104241096782794e-05,2.122547334954209e-06,1.987322000788117e-05,0.499281670416237,6.935296550282277e-09,0.4992816704162441,2.6320519398807075e-09,0.0014041591461476227,9.805874310262393e-08,2.9238684013396224e-07
Random8393
Raw:1.0104241096783009e-05,2.122547334954224e-06,1.987322000788131e-05,0.49928167041623345,6.935296550282327e-09,0.49928167041624766,2.6320519398807638e-09,0.0014041591461476327,9.805874310262462e-08,2.923868401339685e-07
EFT:1.0104241096782794e-05,2.122547334954209e-06,1.987322000788117e-05,0.499281670416237,6.935296550282277e-09,0.4992816704162441,2.6320519398807075e-09,0.0014041591461476227,9.805874310262393e-08,2.9238684013396224e-07
Random8394
Raw:1.0104241096783009e-05,2.122547334954224e-06,1.987322000788131e-05,0.49928167041623345,6.935296550282424e-09,0.49928167041624766,2.6320519398807638e-09,0.0014041591461476327,9.805874310262601e-08,2.923868401339685e-07
EFT:1.0104241096782794e-05,2.122547334954209e-06,1.987322000788117e-05,0.499281670416237,6.935296550282277e-09,0.4992816704162441,2.6320519398807075e-09,0.0014041591461476227,9.805874310262393e-08,2.9238684013396224e-07
Random8395
Raw:1.0104241096783009e-05,2.122547334954224e-06,1.9873220007881028e-05,0.49928167041623345,6.935296550282327e-09,0.49928167041624766,2.6320519398807638e-09,0.0014041591461476327,9.805874310262601e-08,2.9238684013396436e-07
EFT:1.0104241096782794e-05,2.122547334954209e-06,1.987322000788117e-05,0.499281670416237,6.935296550282277e-09,0.4992816704162441,2.6320519398807075e-09,0.0014041591461476227,9.805874310262393e-08,2.9238684013396224e-07
Random8396
Raw:1.0104241096782938e-05,2.122547334954209e-06,1.987322000788117e-05,0.499281670416237,6.9352965502823754e-09,0.4992816704162441,2.632051939880745e-09,0.0014041591461476227,9.805874310262393e-08,2.9238684013396637e-07
EFT:1.0104241096782794e-05,2.122547334954209e-06,1.987322000788117e-05,0.499281670416237,6.935296550282277e-09,0.4992816704162441,2.6320519398807075e-09,0.0014041591461476227,9.805874310262393e-08,2.9238684013396224e-07
Random8397
Raw:1.0104241096782794e-05,2.122547334954209e-06,1.9873220007880885e-05,0.499281670416237,6.935296550282277e-09,0.4992816704162441,2.6320519398807075e-09,0.0014041591461476026,9.805874310262393e-08,2.9238684013396224e-07
EFT:1.0104241096782794e-05,2.122547334954209e-06,1.987322000788117e-05,0.499281670416237,6.935296550282277e-09,0.4992816704162441,2.6320519398807075e-09,0.0014041591461476227,9.805874310262393e-08,2.9238684013396224e-07
Random8398
Raw:1.0104241096782938e-05,2.122547334954209e-06,1.987322000788117e-05,0.499281670416237,6.935296550282277e-09,0.4992816704162441,2.632051939880745e-09,0.0014041591461476227,9.805874310262532e-08,2.9238684013396224e-07
EFT:1.0104241096782794e-05,2.122547334954209e-06,1.987322000788117e-05,0.499281670416237,6.935296550282277e-09,0.4992816704162441,2.6320519398807075e-09,0.0014041591461476227,9.805874310262393e-08,2.9238684013396224e-07
Random8399
Raw:1.0104241096782867e-05,2.122547334954224e-06,1.987322000788131e-05,0.49928167041624055,6.935296550282326e-09,0.49928167041624055,2.6320519398807265e-09,0.0014041591461476327,9.805874310262462e-08,2.923868401339643e-07
EFT:1.0104241096782794e-05,2.122547334954209e-06,1.987322000788117e-05,0.499281670416237,6.935296550282277e-09,0.4992816704162441,2.6320519398807075e-09,0.0014041591461476227,9.805874310262393e-08,2.9238684013396224e-07
Random8400
Raw:1.0104241096783009e-05,2.122547334954194e-06,1.9873220007881028e-05,0.49928167041623345,6.935296550282327e-09,0.49928167041624766,2.6320519398807638e-09,0.0014041591461476126,9.805874310262601e-08,2.9238684013396436e-07
EFT:1.0104241096782794e-05,2.122547334954209e-06,1.987322000788117e-05,0.499281670416237,6.935296550282277e-09,0.4992816704162441,2.6320519398807075e-09,0.0014041591461476227,9.805874310262393e-08,2.9238684013396224e-07
Random8401
Raw:1.0104241096782938e-05,2.122547334954209e-06,1.987322000788117e-05,0.499281670416237,6.9352965502823754e-09,0.4992816704162441,2.632051939880745e-09,0.0014041591461476227,9.805874310262532e-08,2.9238684013396637e-07
EFT:1.0104241096782794e-05,2.122547334954209e-06,1.987322000788117e-05,0.499281670416237,6.935296550282277e-09,0.4992816704162441,2.6320519398807075e-09,0.0014041591461476227,9.805874310262393e-08,2.9238684013396224e-07
Random8402
Raw:1.0104241096782867e-05,2.122547334954224e-06,1.987322000788131e-05,0.49928167041624055,6.935296550282326e-09,0.49928167041624055,2.6320519398807265e-09,0.0014041591461476327,9.805874310262462e-08,2.923868401339643e-07
EFT:1.0104241096782794e-05,2.122547334954209e-06,1.987322000788117e-05,0.499281670416237,6.935296550282277e-09,0.4992816704162441,2.6320519398807075e-09,0.0014041591461476227,9.805874310262393e-08,2.9238684013396224e-07
Random8403
Raw:1.0104241096782865e-05,2.122547334954194e-06,1.9873220007881028e-05,0.49928167041623345,6.935296550282327e-09,0.49928167041624766,2.632051939880726e-09,0.0014041591461476126,9.805874310262462e-08,2.9238684013396436e-07
EFT:1.0104241096782794e-05,2.122547334954209e-06,1.987322000788117e-05,0.499281670416237,6.935296550282277e-09,0.4992816704162441,2.6320519398807075e-09,0.0014041591461476227,9.805874310262393e-08,2.9238684013396224e-07
Random8404
Raw:1.0104241096782867e-05,2.122547334954224e-06,1.9873220007881028e-05,0.49928167041624055,6.935296550282326e-09,0.49928167041624055,2.6320519398807265e-09,0.0014041591461476128,9.805874310262462e-08,2.923868401339643e-07
EFT:1.0104241096782794e-05,2.122547334954209e-06,1.987322000788117e-05,0.499281670416237,6.935296550282277e-09,0.4992816704162441,2.6320519398807075e-09,0.0014041591461476227,9.805874310262393e-08,2.9238684013396224e-07
Random8405
Raw:1.0104241096782938e-05,2.122547334954209e-06,1.987322000788117e-05,0.499281670416237,6.9352965502823754e-09,0.4992816704162441,2.632051939880745e-09,0.0014041591461476227,9.805874310262393e-08,2.9238684013396637e-07
EFT:1.0104241096782794e-05,2.122547334954209e-06,1.987322000788117e-05,0.499281670416237,6.935296550282277e-09,0.4992816704162441,2.6320519398807075e-09,0.0014041591461476227,9.805874310262393e-08,2.9238684013396224e-07
Random8406
Raw:1.0104241096783009e-05,2.122547334954194e-06,1.9873220007881028e-05,0.49928167041623345,6.935296550282327e-09,0.49928167041624766,2.6320519398807638e-09,0.0014041591461476327,9.805874310262462e-08,2.9238684013396436e-07
EFT:1.0104241096782794e-05,2.122547334954209e-06,1.987322000788117e-05,0.499281670416237,6.935296550282277e-09,0.4992816704162441,2.6320519398807075e-09,0.0014041591461476227,9.805874310262393e-08,2.9238684013396224e-07
Random8407
Raw:1.0104241096783009e-05,2.122547334954194e-06,1.9873220007881028e-05,0.49928167041623345,6.935296550282327e-09,0.49928167041624766,2.6320519398807638e-09,0.0014041591461476327,9.805874310262462e-08,2.9238684013396436e-07
EFT:1.0104241096782794e-05,2.122547334954209e-06,1.987322000788117e-05,0.499281670416237,6.935296550282277e-09,0.4992816704162441,2.6320519398807075e-09,0.0014041591461476227,9.805874310262393e-08,2.9238684013396224e-07
Random8408
Raw:1.0104241096782938e-05,2.122547334954209e-06,1.987322000788117e-05,0.499281670416237,6.9352965502823754e-09,0.4992816704162441,2.632051939880745e-09,0.0014041591461476227,9.805874310262532e-08,2.9238684013396637e-07
EFT:1.0104241096782794e-05,2.122547334954209e-06,1.987322000788117e-05,0.499281670416237,6.935296550282277e-09,0.4992816704162441,2.6320519398807075e-09,0.0014041591461476227,9.805874310262393e-08,2.9238684013396224e-07
Random8409
Raw:1.0104241096782938e-05,2.122547334954209e-06,1.987322000788117e-05,0.499281670416237,6.9352965502823754e-09,0.4992816704162441,2.632051939880745e-09,0.0014041591461476227,9.805874310262393e-08,2.9238684013396637e-07
EFT:1.0104241096782794e-05,2.122547334954209e-06,1.987322000788117e-05,0.499281670416237,6.935296550282277e-09,0.4992816704162441,2.6320519398807075e-09,0.0014041591461476227,9.805874310262393e-08,2.9238684013396224e-07
Random8410
Raw:1.0104241096783009e-05,2.122547334954224e-06,1.987322000788131e-05,0.49928167041623345,6.935296550282327e-09,0.49928167041624766,2.6320519398807638e-09,0.0014041591461476327,9.805874310262462e-08,2.923868401339685e-07
EFT:1.0104241096782794e-05,2.122547334954209e-06,1.987322000788117e-05,0.499281670416237,6.935296550282277e-09,0.4992816704162441,2.6320519398807075e-09,0.0014041591461476227,9.805874310262393e-08,2.9238684013396224e-07
Random8411
Raw:1.0104241096783082e-05,2.122547334954239e-06,1.987322000788145e-05,0.499281670416237,6.935296550282475e-09,0.4992816704162441,2.6320519398807824e-09,0.0014041591461476427,9.80587431026281e-08,2.9238684013397055e-07
EFT:1.0104241096782794e-05,2.122547334954209e-06,1.987322000788117e-05,0.499281670416237,6.935296550282277e-09,0.4992816704162441,2.6320519398807075e-09,0.0014041591461476227,9.805874310262393e-08,2.9238684013396224e-07
Random8412
Raw:1.0104241096782723e-05,2.122547334954194e-06,1.9873220007881028e-05,0.49928167041624055,6.93529655028213e-09,0.49928167041624055,2.6320519398806513e-09,0.0014041591461476327,9.805874310262323e-08,2.923868401339602e-07
EFT:1.0104241096782794e-05,2.122547334954209e-06,1.987322000788117e-05,0.499281670416237,6.935296550282277e-09,0.4992816704162441,2.6320519398807075e-09,0.0014041591461476227,9.805874310262393e-08,2.9238684013396224e-07
Random8413
Raw:1.0104241096782794e-05,2.122547334954209e-06,1.987322000788117e-05,0.499281670416237,6.935296550282277e-09,0.4992816704162441,2.6320519398807075e-09,0.0014041591461476227,9.805874310262393e-08,2.9238684013396224e-07
EFT:1.0104241096782794e-05,2.122547334954209e-06,1.987322000788117e-05,0.499281670416237,6.935296550282277e-09,0.4992816704162441,2.6320519398807075e-09,0.0014041591461476227,9.805874310262393e-08,2.9238684013396224e-07
Random8414
Raw:1.0104241096782938e-05,2.122547334954239e-06,1.987322000788117e-05,0.499281670416237,6.935296550282277e-09,0.4992816704162441,2.632051939880745e-09,0.0014041591461476427,9.805874310262532e-08,2.9238684013396224e-07
EFT:1.0104241096782794e-05,2.122547334954209e-06,1.987322000788117e-05,0.499281670416237,6.935296550282277e-09,0.4992816704162441,2.6320519398807075e-09,0.0014041591461476227,9.805874310262393e-08,2.9238684013396224e-07
Random8415
Raw:1.0104241096782938e-05,2.122547334954239e-06,1.9873220007880885e-05,0.499281670416237,6.9352965502823754e-09,0.4992816704162441,2.63205193988082e-09,0.0014041591461476227,9.805874310262532e-08,2.9238684013396637e-07
EFT:1.0104241096782794e-05,2.122547334954209e-06,1.987322000788117e-05,0.499281670416237,6.935296550282277e-09,0.4992816704162441,2.6320519398807075e-09,0.0014041591461476227,9.805874310262393e-08,2.9238684013396224e-07
Random8416
Raw:1.0104241096782938e-05,2.122547334954239e-06,1.987322000788117e-05,0.499281670416237,6.9352965502823754e-09,0.4992816704162441,2.6320519398807824e-09,0.0014041591461476227,9.805874310262532e-08,2.9238684013396637e-07
EFT:1.0104241096782794e-05,2.122547334954209e-06,1.987322000788117e-05,0.499281670416237,6.935296550282277e-09,0.4992816704162441,2.6320519398807075e-09,0.0014041591461476227,9.805874310262393e-08,2.9238684013396224e-07
Random8417
Raw:1.0104241096782938e-05,2.122547334954209e-06,1.987322000788117e-05,0.499281670416237,6.9352965502823754e-09,0.4992816704162441,2.632051939880745e-09,0.0014041591461476227,9.805874310262532e-08,2.9238684013396637e-07
EFT:1.0104241096782794e-05,2.122547334954209e-06,1.987322000788117e-05,0.499281670416237,6.935296550282277e-09,0.4992816704162441,2.6320519398807075e-09,0.0014041591461476227,9.805874310262393e-08,2.9238684013396224e-07
Random8418
Raw:1.0104241096782867e-05,2.122547334954194e-06,1.9873220007881028e-05,0.49928167041624055,6.935296550282326e-09,0.49928167041624055,2.6320519398807265e-09,0.0014041591461476128,9.805874310262323e-08,2.923868401339643e-07
EFT:1.0104241096782794e-05,2.122547334954209e-06,1.987322000788117e-05,0.499281670416237,6.935296550282277e-09,0.4992816704162441,2.6320519398807075e-09,0.0014041591461476227,9.805874310262393e-08,2.9238684013396224e-07
Random8419
Raw:1.0104241096782867e-05,2.122547334954224e-06,1.9873220007881028e-05,0.49928167041624055,6.935296550282326e-09,0.49928167041624055,2.6320519398807265e-09,0.0014041591461476128,9.805874310262462e-08,2.923868401339643e-07
EFT:1.0104241096782794e-05,2.122547334954209e-06,1.987322000788117e-05,0.499281670416237,6.935296550282277e-09,0.4992816704162441,2.6320519398807075e-09,0.0014041591461476227,9.805874310262393e-08,2.9238684013396224e-07
Random8420
Raw:1.0104241096782938e-05,2.122547334954209e-06,1.987322000788117e-05,0.499281670416237,6.935296550282277e-09,0.4992816704162441,2.632051939880745e-09,0.0014041591461476227,9.805874310262532e-08,2.9238684013396224e-07
EFT:1.0104241096782794e-05,2.122547334954209e-06,1.987322000788117e-05,0.499281670416237,6.935296550282277e-09,0.4992816704162441,2.6320519398807075e-09,0.0014041591461476227,9.805874310262393e-08,2.9238684013396224e-07
Random8421
Raw:1.0104241096782867e-05,2.122547334954224e-06,1.987322000788131e-05,0.49928167041624055,6.935296550282326e-09,0.49928167041624055,2.6320519398807265e-09,0.0014041591461476327,9.805874310262462e-08,2.923868401339643e-07
EFT:1.0104241096782794e-05,2.122547334954209e-06,1.987322000788117e-05,0.499281670416237,6.935296550282277e-09,0.4992816704162441,2.6320519398807075e-09,0.0014041591461476227,9.805874310262393e-08,2.9238684013396224e-07
Random8422
Raw:1.0104241096782865e-05,2.122547334954194e-06,1.9873220007881028e-05,0.49928167041623345,6.935296550282228e-09,0.49928167041624766,2.632051939880726e-09,0.0014041591461476327,9.805874310262324e-08,2.923868401339602e-07
EFT:1.0104241096782794e-05,2.122547334954209e-06,1.987322000788117e-05,0.499281670416237,6.935296550282277e-09,0.4992816704162441,2.6320519398807075e-09,0.0014041591461476227,9.805874310262393e-08,2.9238684013396224e-07
Random8423
Raw:1.0104241096782938e-05,2.122547334954209e-06,1.987322000788117e-05,0.499281670416237,6.935296550282277e-09,0.4992816704162441,2.632051939880745e-09,0.0014041591461476427,9.805874310262393e-08,2.9238684013396224e-07
EFT:1.0104241096782794e-05,2.122547334954209e-06,1.987322000788117e-05,0.499281670416237,6.935296550282277e-09,0.4992816704162441,2.6320519398807075e-09,0.0014041591461476227,9.805874310262393e-08,2.9238684013396224e-07
Random8424
Raw:1.0104241096782794e-05,2.122547334954209e-06,1.987322000788117e-05,0.499281670416237,6.935296550282277e-09,0.4992816704162441,2.632051939880745e-09,0.0014041591461476227,9.805874310262254e-08,2.9238684013396224e-07
EFT:1.0104241096782794e-05,2.122547334954209e-06,1.987322000788117e-05,0.499281670416237,6.935296550282277e-09,0.4992816704162441,2.6320519398807075e-09,0.0014041591461476227,9.805874310262393e-08,2.9238684013396224e-07
Random8425
Raw:1.0104241096782938e-05,2.122547334954209e-06,1.987322000788117e-05,0.499281670416237,6.9352965502823754e-09,0.4992816704162441,2.632051939880745e-09,0.0014041591461476227,9.805874310262532e-08,2.9238684013396637e-07
EFT:1.0104241096782794e-05,2.122547334954209e-06,1.987322000788117e-05,0.499281670416237,6.935296550282277e-09,0.4992816704162441,2.6320519398807075e-09,0.0014041591461476227,9.805874310262393e-08,2.9238684013396224e-07
Random8426
Raw:1.0104241096782938e-05,2.122547334954239e-06,1.987322000788117e-05,0.499281670416237,6.9352965502823754e-09,0.4992816704162441,2.6320519398807824e-09,0.0014041591461476227,9.805874310262532e-08,2.9238684013396637e-07
EFT:1.0104241096782794e-05,2.122547334954209e-06,1.987322000788117e-05,0.499281670416237,6.935296550282277e-09,0.4992816704162441,2.6320519398807075e-09,0.0014041591461476227,9.805874310262393e-08,2.9238684013396224e-07
Random8427
Raw:1.0104241096783009e-05,2.122547334954224e-06,1.987322000788131e-05,0.49928167041623345,6.935296550282327e-09,0.49928167041624766,2.6320519398807638e-09,0.0014041591461476327,9.805874310262462e-08,2.923868401339685e-07
EFT:1.0104241096782794e-05,2.122547334954209e-06,1.987322000788117e-05,0.499281670416237,6.935296550282277e-09,0.4992816704162441,2.6320519398807075e-09,0.0014041591461476227,9.805874310262393e-08,2.9238684013396224e-07
Random8428
Raw:1.0104241096782938e-05,2.122547334954239e-06,1.9873220007880885e-05,0.499281670416237,6.935296550282277e-09,0.4992816704162441,2.632051939880745e-09,0.0014041591461476227,9.805874310262532e-08,2.9238684013396224e-07
EFT:1.0104241096782794e-05,2.122547334954209e-06,1.987322000788117e-05,0.499281670416237,6.935296550282277e-09,0.4992816704162441,2.6320519398807075e-09,0.0014041591461476227,9.805874310262393e-08,2.9238684013396224e-07
Random8429
Raw:1.0104241096782938e-05,2.122547334954209e-06,1.987322000788117e-05,0.499281670416237,6.9352965502823754e-09,0.4992816704162441,2.632051939880745e-09,0.0014041591461476227,9.805874310262532e-08,2.9238684013396637e-07
EFT:1.0104241096782794e-05,2.122547334954209e-06,1.987322000788117e-05,0.499281670416237,6.935296550282277e-09,0.4992816704162441,2.6320519398807075e-09,0.0014041591461476227,9.805874310262393e-08,2.9238684013396224e-07
Random8430
Raw:1.0104241096782867e-05,2.122547334954194e-06,1.9873220007881028e-05,0.49928167041624055,6.935296550282326e-09,0.49928167041624055,2.6320519398807265e-09,0.0014041591461476128,9.805874310262323e-08,2.923868401339643e-07
EFT:1.0104241096782794e-05,2.122547334954209e-06,1.987322000788117e-05,0.499281670416237,6.935296550282277e-09,0.4992816704162441,2.6320519398807075e-09,0.0014041591461476227,9.805874310262393e-08,2.9238684013396224e-07
Random8431
Raw:1.0104241096782938e-05,2.122547334954209e-06,1.987322000788117e-05,0.499281670416237,6.9352965502823754e-09,0.4992816704162441,2.632051939880745e-09,0.0014041591461476227,9.805874310262393e-08,2.9238684013396637e-07
EFT:1.0104241096782794e-05,2.122547334954209e-06,1.987322000788117e-05,0.499281670416237,6.935296550282277e-09,0.4992816704162441,2.6320519398807075e-09,0.0014041591461476227,9.805874310262393e-08,2.9238684013396224e-07
Random8432
Raw:1.0104241096782867e-05,2.122547334954224e-06,1.9873220007881028e-05,0.49928167041624055,6.935296550282326e-09,0.49928167041624055,2.6320519398807265e-09,0.0014041591461476128,9.805874310262462e-08,2.923868401339643e-07
EFT:1.0104241096782794e-05,2.122547334954209e-06,1.987322000788117e-05,0.499281670416237,6.935296550282277e-09,0.4992816704162441,2.6320519398807075e-09,0.0014041591461476227,9.805874310262393e-08,2.9238684013396224e-07
Random8433
Raw:1.0104241096782867e-05,2.122547334954224e-06,1.9873220007881028e-05,0.49928167041624055,6.935296550282326e-09,0.49928167041624055,2.6320519398807265e-09,0.0014041591461476327,9.805874310262602e-08,2.923868401339643e-07
EFT:1.0104241096782794e-05,2.122547334954209e-06,1.987322000788117e-05,0.499281670416237,6.935296550282277e-09,0.4992816704162441,2.6320519398807075e-09,0.0014041591461476227,9.805874310262393e-08,2.9238684013396224e-07
Random8434
Raw:1.0104241096782938e-05,2.122547334954209e-06,1.987322000788117e-05,0.499281670416237,6.9352965502823754e-09,0.4992816704162441,2.632051939880745e-09,0.0014041591461476227,9.805874310262532e-08,2.9238684013396637e-07
EFT:1.0104241096782794e-05,2.122547334954209e-06,1.987322000788117e-05,0.499281670416237,6.935296550282277e-09,0.4992816704162441,2.6320519398807075e-09,0.0014041591461476227,9.805874310262393e-08,2.9238684013396224e-07
Random8435
Raw:1.0104241096782938e-05,2.122547334954209e-06,1.987322000788117e-05,0.499281670416237,6.935296550282277e-09,0.4992816704162441,2.632051939880745e-09,0.0014041591461476427,9.805874310262393e-08,2.9238684013396224e-07
EFT:1.0104241096782794e-05,2.122547334954209e-06,1.987322000788117e-05,0.499281670416237,6.935296550282277e-09,0.4992816704162441,2.6320519398807075e-09,0.0014041591461476227,9.805874310262393e-08,2.9238684013396224e-07
Random8436
Raw:1.0104241096783009e-05,2.122547334954194e-06,1.9873220007881028e-05,0.49928167041623345,6.935296550282327e-09,0.49928167041624766,2.6320519398807638e-09,0.0014041591461476126,9.805874310262601e-08,2.9238684013396436e-07
EFT:1.0104241096782794e-05,2.122547334954209e-06,1.987322000788117e-05,0.499281670416237,6.935296550282277e-09,0.4992816704162441,2.6320519398807075e-09,0.0014041591461476227,9.805874310262393e-08,2.9238684013396224e-07
Random8437
Raw:1.0104241096782794e-05,2.122547334954209e-06,1.987322000788117e-05,0.499281670416237,6.935296550282277e-09,0.4992816704162441,2.6320519398807075e-09,0.0014041591461476026,9.805874310262393e-08,2.9238684013396224e-07
EFT:1.0104241096782794e-05,2.122547334954209e-06,1.987322000788117e-05,0.499281670416237,6.935296550282277e-09,0.4992816704162441,2.6320519398807075e-09,0.0014041591461476227,9.805874310262393e-08,2.9238684013396224e-07
Random8438
Raw:1.0104241096782867e-05,2.122547334954224e-06,1.987322000788131e-05,0.49928167041624055,6.935296550282326e-09,0.49928167041624055,2.6320519398807265e-09,0.0014041591461476327,9.805874310262462e-08,2.923868401339643e-07
EFT:1.0104241096782794e-05,2.122547334954209e-06,1.987322000788117e-05,0.499281670416237,6.935296550282277e-09,0.4992816704162441,2.6320519398807075e-09,0.0014041591461476227,9.805874310262393e-08,2.9238684013396224e-07
Random8439
Raw:1.0104241096783009e-05,2.122547334954224e-06,1.987322000788131e-05,0.49928167041623345,6.935296550282327e-09,0.49928167041624766,2.6320519398807638e-09,0.0014041591461476327,9.805874310262462e-08,2.923868401339685e-07
EFT:1.0104241096782794e-05,2.122547334954209e-06,1.987322000788117e-05,0.499281670416237,6.935296550282277e-09,0.4992816704162441,2.6320519398807075e-09,0.0014041591461476227,9.805874310262393e-08,2.9238684013396224e-07
Random8440
Raw:1.0104241096782938e-05,2.122547334954209e-06,1.987322000788117e-05,0.499281670416237,6.9352965502823754e-09,0.4992816704162441,2.6320519398807824e-09,0.0014041591461476227,9.805874310262532e-08,2.9238684013396637e-07
EFT:1.0104241096782794e-05,2.122547334954209e-06,1.987322000788117e-05,0.499281670416237,6.935296550282277e-09,0.4992816704162441,2.6320519398807075e-09,0.0014041591461476227,9.805874310262393e-08,2.9238684013396224e-07
Random8441
Raw:1.0104241096782867e-05,2.122547334954224e-06,1.987322000788131e-05,0.49928167041624055,6.935296550282326e-09,0.49928167041624055,2.6320519398807638e-09,0.0014041591461476327,9.805874310262462e-08,2.923868401339643e-07
EFT:1.0104241096782794e-05,2.122547334954209e-06,1.987322000788117e-05,0.499281670416237,6.935296550282277e-09,0.4992816704162441,2.6320519398807075e-09,0.0014041591461476227,9.805874310262393e-08,2.9238684013396224e-07
Random8442
Raw:1.0104241096782867e-05,2.122547334954224e-06,1.987322000788131e-05,0.49928167041624055,6.935296550282326e-09,0.49928167041624055,2.6320519398807265e-09,0.0014041591461476327,9.805874310262462e-08,2.923868401339643e-07
EFT:1.0104241096782794e-05,2.122547334954209e-06,1.987322000788117e-05,0.499281670416237,6.935296550282277e-09,0.4992816704162441,2.6320519398807075e-09,0.0014041591461476227,9.805874310262393e-08,2.9238684013396224e-07
Random8443
Raw:1.0104241096782938e-05,2.122547334954209e-06,1.987322000788117e-05,0.499281670416237,6.9352965502823754e-09,0.4992816704162441,2.6320519398807824e-09,0.0014041591461476227,9.805874310262532e-08,2.9238684013396637e-07
EFT:1.0104241096782794e-05,2.122547334954209e-06,1.987322000788117e-05,0.499281670416237,6.935296550282277e-09,0.4992816704162441,2.6320519398807075e-09,0.0014041591461476227,9.805874310262393e-08,2.9238684013396224e-07
Random8444
Raw:1.0104241096782794e-05,2.122547334954209e-06,1.987322000788117e-05,0.499281670416237,6.935296550282277e-09,0.4992816704162441,2.6320519398807075e-09,0.0014041591461476227,9.805874310262393e-08,2.9238684013396224e-07
EFT:1.0104241096782794e-05,2.122547334954209e-06,1.987322000788117e-05,0.499281670416237,6.935296550282277e-09,0.4992816704162441,2.6320519398807075e-09,0.0014041591461476227,9.805874310262393e-08,2.9238684013396224e-07
Random8445
Raw:1.0104241096782867e-05,2.122547334954224e-06,1.987322000788131e-05,0.49928167041624055,6.935296550282326e-09,0.49928167041624055,2.6320519398807265e-09,0.0014041591461476128,9.805874310262462e-08,2.923868401339643e-07
EFT:1.0104241096782794e-05,2.122547334954209e-06,1.987322000788117e-05,0.499281670416237,6.935296550282277e-09,0.4992816704162441,2.6320519398807075e-09,0.0014041591461476227,9.805874310262393e-08,2.9238684013396224e-07
Random8446
Raw:1.0104241096782867e-05,2.122547334954194e-06,1.9873220007881028e-05,0.49928167041624055,6.935296550282326e-09,0.49928167041624055,2.6320519398807265e-09,0.0014041591461476128,9.805874310262602e-08,2.923868401339643e-07
EFT:1.0104241096782794e-05,2.122547334954209e-06,1.987322000788117e-05,0.499281670416237,6.935296550282277e-09,0.4992816704162441,2.6320519398807075e-09,0.0014041591461476227,9.805874310262393e-08,2.9238684013396224e-07
Random8447
Raw:1.0104241096782938e-05,2.122547334954209e-06,1.9873220007880885e-05,0.499281670416237,6.935296550282277e-09,0.4992816704162441,2.632051939880745e-09,0.0014041591461476227,9.805874310262393e-08,2.9238684013396224e-07
EFT:1.0104241096782794e-05,2.122547334954209e-06,1.987322000788117e-05,0.499281670416237,6.935296550282277e-09,0.4992816704162441,2.6320519398807075e-09,0.0014041591461476227,9.805874310262393e-08,2.9238684013396224e-07
Random8448
Raw:1.0104241096782794e-05,2.122547334954209e-06,1.9873220007880885e-05,0.499281670416237,6.935296550282277e-09,0.4992816704162441,2.6320519398807075e-09,0.0014041591461476026,9.805874310262393e-08,2.9238684013396224e-07
EFT:1.0104241096782794e-05,2.122547334954209e-06,1.987322000788117e-05,0.499281670416237,6.935296550282277e-09,0.4992816704162441,2.6320519398807075e-09,0.0014041591461476227,9.805874310262393e-08,2.9238684013396224e-07
Random8449
Raw:1.0104241096782938e-05,2.122547334954209e-06,1.987322000788117e-05,0.499281670416237,6.935296550282277e-09,0.4992816704162441,2.632051939880745e-09,0.0014041591461476227,9.805874310262532e-08,2.9238684013396224e-07
EFT:1.0104241096782794e-05,2.122547334954209e-06,1.987322000788117e-05,0.499281670416237,6.935296550282277e-09,0.4992816704162441,2.6320519398807075e-09,0.0014041591461476227,9.805874310262393e-08,2.9238684013396224e-07
Random8450
Raw:1.0104241096782938e-05,2.122547334954239e-06,1.987322000788145e-05,0.499281670416237,6.935296550282277e-09,0.4992816704162441,2.632051939880745e-09,0.0014041591461476427,9.805874310262532e-08,2.9238684013396224e-07
EFT:1.0104241096782794e-05,2.122547334954209e-06,1.987322000788117e-05,0.499281670416237,6.935296550282277e-09,0.4992816704162441,2.6320519398807075e-09,0.0014041591461476227,9.805874310262393e-08,2.9238684013396224e-07
Random8451
Raw:1.0104241096782794e-05,2.1225473349541788e-06,1.9873220007880885e-05,0.499281670416237,6.935296550282277e-09,0.4992816704162441,2.632051939880745e-09,0.0014041591461476026,9.805874310262254e-08,2.9238684013396224e-07
EFT:1.0104241096782794e-05,2.122547334954209e-06,1.987322000788117e-05,0.499281670416237,6.935296550282277e-09,0.4992816704162441,2.6320519398807075e-09,0.0014041591461476227,9.805874310262393e-08,2.9238684013396224e-07
Random8452
Raw:1.0104241096782794e-05,2.122547334954209e-06,1.9873220007880885e-05,0.499281670416237,6.9352965502821786e-09,0.4992816704162441,2.632051939880745e-09,0.0014041591461476227,9.805874310262254e-08,2.9238684013396224e-07
EFT:1.0104241096782794e-05,2.122547334954209e-06,1.987322000788117e-05,0.499281670416237,6.935296550282277e-09,0.4992816704162441,2.6320519398807075e-09,0.0014041591461476227,9.805874310262393e-08,2.9238684013396224e-07
Random8453
Raw:1.0104241096782794e-05,2.122547334954209e-06,1.987322000788117e-05,0.499281670416237,6.935296550282277e-09,0.4992816704162441,2.6320519398807075e-09,0.0014041591461476026,9.805874310262393e-08,2.9238684013396224e-07
EFT:1.0104241096782794e-05,2.122547334954209e-06,1.987322000788117e-05,0.499281670416237,6.935296550282277e-09,0.4992816704162441,2.6320519398807075e-09,0.0014041591461476227,9.805874310262393e-08,2.9238684013396224e-07
Random8454
Raw:1.0104241096782794e-05,2.122547334954239e-06,1.987322000788145e-05,0.4992816704162441,6.935296550282277e-09,0.499281670416237,2.63205193988067e-09,0.0014041591461476427,9.805874310262532e-08,2.9238684013396224e-07
EFT:1.0104241096782794e-05,2.122547334954209e-06,1.987322000788117e-05,0.499281670416237,6.935296550282277e-09,0.4992816704162441,2.6320519398807075e-09,0.0014041591461476227,9.805874310262393e-08,2.9238684013396224e-07
Random8455
Raw:1.0104241096782794e-05,2.122547334954209e-06,1.987322000788117e-05,0.499281670416237,6.9352965502821786e-09,0.4992816704162441,2.632051939880745e-09,0.0014041591461476227,9.805874310262254e-08,2.9238684013396224e-07
EFT:1.0104241096782794e-05,2.122547334954209e-06,1.987322000788117e-05,0.499281670416237,6.935296550282277e-09,0.4992816704162441,2.6320519398807075e-09,0.0014041591461476227,9.805874310262393e-08,2.9238684013396224e-07
Random8456
Raw:1.0104241096782867e-05,2.122547334954224e-06,1.9873220007881028e-05,0.49928167041624055,6.935296550282326e-09,0.49928167041624055,2.6320519398807265e-09,0.0014041591461476327,9.805874310262323e-08,2.923868401339643e-07
EFT:1.0104241096782794e-05,2.122547334954209e-06,1.987322000788117e-05,0.499281670416237,6.935296550282277e-09,0.4992816704162441,2.6320519398807075e-09,0.0014041591461476227,9.805874310262393e-08,2.9238684013396224e-07
Random8457
Raw:1.0104241096782938e-05,2.122547334954209e-06,1.987322000788117e-05,0.499281670416237,6.935296550282277e-09,0.4992816704162441,2.632051939880745e-09,0.0014041591461476227,9.805874310262532e-08,2.9238684013396224e-07
EFT:1.0104241096782794e-05,2.122547334954209e-06,1.987322000788117e-05,0.499281670416237,6.935296550282277e-09,0.4992816704162441,2.6320519398807075e-09,0.0014041591461476227,9.805874310262393e-08,2.9238684013396224e-07
Random8458
Raw:1.0104241096782938e-05,2.122547334954239e-06,1.987322000788117e-05,0.499281670416237,6.935296550282277e-09,0.4992816704162441,2.632051939880745e-09,0.0014041591461476427,9.805874310262532e-08,2.9238684013396224e-07
EFT:1.0104241096782794e-05,2.122547334954209e-06,1.987322000788117e-05,0.499281670416237,6.935296550282277e-09,0.4992816704162441,2.6320519398807075e-09,0.0014041591461476227,9.805874310262393e-08,2.9238684013396224e-07
Random8459
Raw:1.0104241096782867e-05,2.122547334954224e-06,1.9873220007881028e-05,0.49928167041624055,6.935296550282326e-09,0.49928167041624055,2.6320519398807265e-09,0.0014041591461476128,9.805874310262462e-08,2.923868401339643e-07
EFT:1.0104241096782794e-05,2.122547334954209e-06,1.987322000788117e-05,0.499281670416237,6.935296550282277e-09,0.4992816704162441,2.6320519398807075e-09,0.0014041591461476227,9.805874310262393e-08,2.9238684013396224e-07
Random8460
Raw:1.0104241096782938e-05,2.122547334954209e-06,1.987322000788117e-05,0.499281670416237,6.935296550282277e-09,0.4992816704162441,2.632051939880745e-09,0.0014041591461476227,9.805874310262532e-08,2.9238684013396224e-07
EFT:1.0104241096782794e-05,2.122547334954209e-06,1.987322000788117e-05,0.499281670416237,6.935296550282277e-09,0.4992816704162441,2.6320519398807075e-09,0.0014041591461476227,9.805874310262393e-08,2.9238684013396224e-07
Random8461
Raw:1.0104241096783009e-05,2.122547334954194e-06,1.9873220007881028e-05,0.49928167041623345,6.935296550282327e-09,0.49928167041624766,2.6320519398807638e-09,0.0014041591461476126,9.805874310262601e-08,2.9238684013396436e-07
EFT:1.0104241096782794e-05,2.122547334954209e-06,1.987322000788117e-05,0.499281670416237,6.935296550282277e-09,0.4992816704162441,2.6320519398807075e-09,0.0014041591461476227,9.805874310262393e-08,2.9238684013396224e-07
Random8462
Raw:1.0104241096783009e-05,2.122547334954194e-06,1.9873220007881028e-05,0.49928167041623345,6.935296550282327e-09,0.49928167041624766,2.6320519398807638e-09,0.0014041591461476126,9.805874310262601e-08,2.9238684013396436e-07
EFT:1.0104241096782794e-05,2.122547334954209e-06,1.987322000788117e-05,0.499281670416237,6.935296550282277e-09,0.4992816704162441,2.6320519398807075e-09,0.0014041591461476227,9.805874310262393e-08,2.9238684013396224e-07
Random8463
Raw:1.0104241096782938e-05,2.122547334954209e-06,1.987322000788117e-05,0.499281670416237,6.9352965502823754e-09,0.4992816704162441,2.632051939880745e-09,0.0014041591461476227,9.805874310262532e-08,2.9238684013396637e-07
EFT:1.0104241096782794e-05,2.122547334954209e-06,1.987322000788117e-05,0.499281670416237,6.935296550282277e-09,0.4992816704162441,2.6320519398807075e-09,0.0014041591461476227,9.805874310262393e-08,2.9238684013396224e-07
Random8464
Raw:1.0104241096782938e-05,2.122547334954239e-06,1.987322000788145e-05,0.499281670416237,6.935296550282277e-09,0.4992816704162441,2.632051939880745e-09,0.0014041591461476227,9.805874310262532e-08,2.9238684013396224e-07
EFT:1.0104241096782794e-05,2.122547334954209e-06,1.987322000788117e-05,0.499281670416237,6.935296550282277e-09,0.4992816704162441,2.6320519398807075e-09,0.0014041591461476227,9.805874310262393e-08,2.9238684013396224e-07
Random8465
Raw:1.0104241096782867e-05,2.122547334954224e-06,1.987322000788131e-05,0.49928167041624055,6.935296550282326e-09,0.49928167041624055,2.6320519398807265e-09,0.0014041591461476327,9.805874310262323e-08,2.923868401339643e-07
EFT:1.0104241096782794e-05,2.122547334954209e-06,1.987322000788117e-05,0.499281670416237,6.935296550282277e-09,0.4992816704162441,2.6320519398807075e-09,0.0014041591461476227,9.805874310262393e-08,2.9238684013396224e-07
Random8466
Raw:1.0104241096782938e-05,2.122547334954239e-06,1.987322000788145e-05,0.499281670416237,6.935296550282277e-09,0.4992816704162441,2.632051939880745e-09,0.0014041591461476427,9.805874310262393e-08,2.9238684013396637e-07
EFT:1.0104241096782794e-05,2.122547334954209e-06,1.987322000788117e-05,0.499281670416237,6.935296550282277e-09,0.4992816704162441,2.6320519398807075e-09,0.0014041591461476227,9.805874310262393e-08,2.9238684013396224e-07
Random8467
Raw:1.0104241096782938e-05,2.122547334954239e-06,1.987322000788117e-05,0.499281670416237,6.935296550282277e-09,0.4992816704162441,2.632051939880745e-09,0.0014041591461476427,9.805874310262393e-08,2.9238684013396637e-07
EFT:1.0104241096782794e-05,2.122547334954209e-06,1.987322000788117e-05,0.499281670416237,6.935296550282277e-09,0.4992816704162441,2.6320519398807075e-09,0.0014041591461476227,9.805874310262393e-08,2.9238684013396224e-07
Random8468
Raw:1.0104241096783009e-05,2.122547334954224e-06,1.987322000788131e-05,0.49928167041623345,6.935296550282327e-09,0.49928167041624766,2.6320519398807638e-09,0.0014041591461476327,9.805874310262601e-08,2.9238684013396436e-07
EFT:1.0104241096782794e-05,2.122547334954209e-06,1.987322000788117e-05,0.499281670416237,6.935296550282277e-09,0.4992816704162441,2.6320519398807075e-09,0.0014041591461476227,9.805874310262393e-08,2.9238684013396224e-07
Random8469
Raw:1.0104241096782938e-05,2.122547334954239e-06,1.987322000788117e-05,0.499281670416237,6.9352965502823754e-09,0.4992816704162441,2.6320519398807824e-09,0.0014041591461476227,9.805874310262532e-08,2.9238684013396637e-07
EFT:1.0104241096782794e-05,2.122547334954209e-06,1.987322000788117e-05,0.499281670416237,6.935296550282277e-09,0.4992816704162441,2.6320519398807075e-09,0.0014041591461476227,9.805874310262393e-08,2.9238684013396224e-07
Random8470
Raw:1.0104241096783082e-05,2.122547334954239e-06,1.987322000788145e-05,0.499281670416237,6.935296550282475e-09,0.4992816704162441,2.6320519398807824e-09,0.0014041591461476427,9.805874310262532e-08,2.9238684013396637e-07
EFT:1.0104241096782794e-05,2.122547334954209e-06,1.987322000788117e-05,0.499281670416237,6.935296550282277e-09,0.4992816704162441,2.6320519398807075e-09,0.0014041591461476227,9.805874310262393e-08,2.9238684013396224e-07
Random8471
Raw:1.0104241096782867e-05,2.122547334954224e-06,1.987322000788131e-05,0.49928167041624055,6.935296550282326e-09,0.49928167041624055,2.6320519398807638e-09,0.0014041591461476327,9.805874310262462e-08,2.923868401339643e-07
EFT:1.0104241096782794e-05,2.122547334954209e-06,1.987322000788117e-05,0.499281670416237,6.935296550282277e-09,0.4992816704162441,2.6320519398807075e-09,0.0014041591461476227,9.805874310262393e-08,2.9238684013396224e-07
Random8472
Raw:1.0104241096782938e-05,2.122547334954209e-06,1.987322000788117e-05,0.499281670416237,6.9352965502823754e-09,0.4992816704162441,2.632051939880745e-09,0.0014041591461476227,9.805874310262532e-08,2.9238684013396637e-07
EFT:1.0104241096782794e-05,2.122547334954209e-06,1.987322000788117e-05,0.499281670416237,6.935296550282277e-09,0.4992816704162441,2.6320519398807075e-09,0.0014041591461476227,9.805874310262393e-08,2.9238684013396224e-07
Random8473
Raw:1.0104241096782938e-05,2.122547334954209e-06,1.987322000788117e-05,0.499281670416237,6.9352965502823754e-09,0.4992816704162441,2.632051939880745e-09,0.0014041591461476227,9.805874310262532e-08,2.9238684013396637e-07
EFT:1.0104241096782794e-05,2.122547334954209e-06,1.987322000788117e-05,0.499281670416237,6.935296550282277e-09,0.4992816704162441,2.6320519398807075e-09,0.0014041591461476227,9.805874310262393e-08,2.9238684013396224e-07
Random8474
Raw:1.0104241096782794e-05,2.122547334954209e-06,1.987322000788117e-05,0.499281670416237,6.935296550282277e-09,0.4992816704162441,2.6320519398807075e-09,0.0014041591461476026,9.805874310262393e-08,2.9238684013396224e-07
EFT:1.0104241096782794e-05,2.122547334954209e-06,1.987322000788117e-05,0.499281670416237,6.935296550282277e-09,0.4992816704162441,2.6320519398807075e-09,0.0014041591461476227,9.805874310262393e-08,2.9238684013396224e-07
Random8475
Raw:1.0104241096782867e-05,2.122547334954224e-06,1.987322000788131e-05,0.49928167041624055,6.935296550282326e-09,0.49928167041624055,2.6320519398807638e-09,0.0014041591461476327,9.805874310262462e-08,2.923868401339643e-07
EFT:1.0104241096782794e-05,2.122547334954209e-06,1.987322000788117e-05,0.499281670416237,6.935296550282277e-09,0.4992816704162441,2.6320519398807075e-09,0.0014041591461476227,9.805874310262393e-08,2.9238684013396224e-07
Random8476
Raw:1.0104241096782867e-05,2.122547334954224e-06,1.9873220007881028e-05,0.49928167041624055,6.935296550282326e-09,0.49928167041624055,2.6320519398807265e-09,0.0014041591461476327,9.805874310262602e-08,2.923868401339643e-07
EFT:1.0104241096782794e-05,2.122547334954209e-06,1.987322000788117e-05,0.499281670416237,6.935296550282277e-09,0.4992816704162441,2.6320519398807075e-09,0.0014041591461476227,9.805874310262393e-08,2.9238684013396224e-07
Random8477
Raw:1.010424109678301e-05,2.122547334954224e-06,1.987322000788131e-05,0.49928167041624055,6.935296550282425e-09,0.49928167041624055,2.6320519398807638e-09,0.0014041591461476327,9.805874310262602e-08,2.923868401339685e-07
EFT:1.0104241096782794e-05,2.122547334954209e-06,1.987322000788117e-05,0.499281670416237,6.935296550282277e-09,0.4992816704162441,2.6320519398807075e-09,0.0014041591461476227,9.805874310262393e-08,2.9238684013396224e-07
Random8478
Raw:1.0104241096782938e-05,2.122547334954209e-06,1.987322000788117e-05,0.499281670416237,6.9352965502823754e-09,0.4992816704162441,2.632051939880745e-09,0.0014041591461476227,9.805874310262532e-08,2.9238684013396637e-07
EFT:1.0104241096782794e-05,2.122547334954209e-06,1.987322000788117e-05,0.499281670416237,6.935296550282277e-09,0.4992816704162441,2.6320519398807075e-09,0.0014041591461476227,9.805874310262393e-08,2.9238684013396224e-07
Random8479
Raw:1.0104241096782723e-05,2.122547334954194e-06,1.9873220007881028e-05,0.49928167041624055,6.93529655028213e-09,0.49928167041624055,2.6320519398806513e-09,0.0014041591461476128,9.805874310262323e-08,2.923868401339602e-07
EFT:1.0104241096782794e-05,2.122547334954209e-06,1.987322000788117e-05,0.499281670416237,6.935296550282277e-09,0.4992816704162441,2.6320519398807075e-09,0.0014041591461476227,9.805874310262393e-08,2.9238684013396224e-07
Random8480
Raw:1.0104241096782794e-05,2.122547334954209e-06,1.987322000788117e-05,0.499281670416237,6.935296550282277e-09,0.4992816704162441,2.6320519398807075e-09,0.0014041591461476227,9.805874310262393e-08,2.9238684013396224e-07
EFT:1.0104241096782794e-05,2.122547334954209e-06,1.987322000788117e-05,0.499281670416237,6.935296550282277e-09,0.4992816704162441,2.6320519398807075e-09,0.0014041591461476227,9.805874310262393e-08,2.9238684013396224e-07
Random8481
Raw:1.0104241096782938e-05,2.122547334954209e-06,1.987322000788117e-05,0.499281670416237,6.9352965502823754e-09,0.4992816704162441,2.632051939880745e-09,0.0014041591461476227,9.805874310262532e-08,2.9238684013396637e-07
EFT:1.0104241096782794e-05,2.122547334954209e-06,1.987322000788117e-05,0.499281670416237,6.935296550282277e-09,0.4992816704162441,2.6320519398807075e-09,0.0014041591461476227,9.805874310262393e-08,2.9238684013396224e-07
Random8482
Raw:1.0104241096782938e-05,2.122547334954209e-06,1.987322000788117e-05,0.499281670416237,6.9352965502823754e-09,0.4992816704162441,2.632051939880745e-09,0.0014041591461476227,9.805874310262393e-08,2.9238684013396637e-07
EFT:1.0104241096782794e-05,2.122547334954209e-06,1.987322000788117e-05,0.499281670416237,6.935296550282277e-09,0.4992816704162441,2.6320519398807075e-09,0.0014041591461476227,9.805874310262393e-08,2.9238684013396224e-07
Random8483
Raw:1.0104241096782865e-05,2.122547334954194e-06,1.9873220007881028e-05,0.49928167041623345,6.935296550282327e-09,0.49928167041624766,2.6320519398807638e-09,0.0014041591461476126,9.805874310262324e-08,2.9238684013396436e-07
EFT:1.0104241096782794e-05,2.122547334954209e-06,1.987322000788117e-05,0.499281670416237,6.935296550282277e-09,0.4992816704162441,2.6320519398807075e-09,0.0014041591461476227,9.805874310262393e-08,2.9238684013396224e-07
Random8484
Raw:1.0104241096782867e-05,2.1225473349542546e-06,1.987322000788131e-05,0.49928167041624055,6.935296550282326e-09,0.49928167041624055,2.6320519398807638e-09,0.0014041591461476128,9.805874310262462e-08,2.923868401339643e-07
EFT:1.0104241096782794e-05,2.122547334954209e-06,1.987322000788117e-05,0.499281670416237,6.935296550282277e-09,0.4992816704162441,2.6320519398807075e-09,0.0014041591461476227,9.805874310262393e-08,2.9238684013396224e-07
Random8485
Raw:1.0104241096782867e-05,2.122547334954224e-06,1.987322000788131e-05,0.49928167041624055,6.935296550282326e-09,0.49928167041624055,2.6320519398807265e-09,0.0014041591461476327,9.805874310262462e-08,2.923868401339643e-07
EFT:1.0104241096782794e-05,2.122547334954209e-06,1.987322000788117e-05,0.499281670416237,6.935296550282277e-09,0.4992816704162441,2.6320519398807075e-09,0.0014041591461476227,9.805874310262393e-08,2.9238684013396224e-07
Random8486
Raw:1.0104241096782938e-05,2.122547334954239e-06,1.9873220007880885e-05,0.499281670416237,6.935296550282277e-09,0.4992816704162441,2.632051939880745e-09,0.0014041591461476227,9.805874310262532e-08,2.9238684013396224e-07
EFT:1.0104241096782794e-05,2.122547334954209e-06,1.987322000788117e-05,0.499281670416237,6.935296550282277e-09,0.4992816704162441,2.6320519398807075e-09,0.0014041591461476227,9.805874310262393e-08,2.9238684013396224e-07
Random8487
Raw:1.0104241096782938e-05,2.1225473349541788e-06,1.9873220007880885e-05,0.499281670416237,6.935296550282277e-09,0.4992816704162441,2.632051939880745e-09,0.0014041591461476026,9.805874310262532e-08,2.9238684013396224e-07
EFT:1.0104241096782794e-05,2.122547334954209e-06,1.987322000788117e-05,0.499281670416237,6.935296550282277e-09,0.4992816704162441,2.6320519398807075e-09,0.0014041591461476227,9.805874310262393e-08,2.9238684013396224e-07
Random8488
Raw:1.0104241096782938e-05,2.122547334954239e-06,1.987322000788145e-05,0.499281670416237,6.935296550282277e-09,0.4992816704162441,2.632051939880745e-09,0.0014041591461476427,9.805874310262532e-08,2.9238684013396224e-07
EFT:1.0104241096782794e-05,2.122547334954209e-06,1.987322000788117e-05,0.499281670416237,6.935296550282277e-09,0.4992816704162441,2.6320519398807075e-09,0.0014041591461476227,9.805874310262393e-08,2.9238684013396224e-07
Random8489
Raw:1.0104241096782938e-05,2.122547334954209e-06,1.987322000788117e-05,0.499281670416237,6.935296550282277e-09,0.4992816704162441,2.632051939880745e-09,0.0014041591461476227,9.805874310262532e-08,2.9238684013396224e-07
EFT:1.0104241096782794e-05,2.122547334954209e-06,1.987322000788117e-05,0.499281670416237,6.935296550282277e-09,0.4992816704162441,2.6320519398807075e-09,0.0014041591461476227,9.805874310262393e-08,2.9238684013396224e-07
Random8490
Raw:1.0104241096782938e-05,2.122547334954209e-06,1.9873220007880885e-05,0.499281670416237,6.935296550282277e-09,0.4992816704162441,2.632051939880745e-09,0.0014041591461476227,9.805874310262532e-08,2.9238684013396224e-07
EFT:1.0104241096782794e-05,2.122547334954209e-06,1.987322000788117e-05,0.499281670416237,6.935296550282277e-09,0.4992816704162441,2.6320519398807075e-09,0.0014041591461476227,9.805874310262393e-08,2.9238684013396224e-07
Random8491
Raw:1.0104241096783009e-05,2.122547334954194e-06,1.9873220007881028e-05,0.49928167041623345,6.935296550282327e-09,0.49928167041624766,2.6320519398807638e-09,0.0014041591461476327,9.805874310262462e-08,2.9238684013396436e-07
EFT:1.0104241096782794e-05,2.122547334954209e-06,1.987322000788117e-05,0.499281670416237,6.935296550282277e-09,0.4992816704162441,2.6320519398807075e-09,0.0014041591461476227,9.805874310262393e-08,2.9238684013396224e-07
Random8492
Raw:1.0104241096782794e-05,2.122547334954209e-06,1.987322000788117e-05,0.499281670416237,6.935296550282277e-09,0.4992816704162441,2.6320519398807075e-09,0.0014041591461476227,9.805874310262393e-08,2.9238684013396224e-07
EFT:1.0104241096782794e-05,2.122547334954209e-06,1.987322000788117e-05,0.499281670416237,6.935296550282277e-09,0.4992816704162441,2.6320519398807075e-09,0.0014041591461476227,9.805874310262393e-08,2.9238684013396224e-07
Random8493
Raw:1.0104241096782938e-05,2.122547334954209e-06,1.987322000788117e-05,0.499281670416237,6.9352965502823754e-09,0.4992816704162441,2.632051939880745e-09,0.0014041591461476227,9.805874310262532e-08,2.9238684013396637e-07
EFT:1.0104241096782794e-05,2.122547334954209e-06,1.987322000788117e-05,0.499281670416237,6.935296550282277e-09,0.4992816704162441,2.6320519398807075e-09,0.0014041591461476227,9.805874310262393e-08,2.9238684013396224e-07
Random8494
Raw:1.0104241096782938e-05,2.122547334954239e-06,1.987322000788117e-05,0.499281670416237,6.9352965502823754e-09,0.4992816704162441,2.6320519398807824e-09,0.0014041591461476227,9.805874310262532e-08,2.9238684013396637e-07
EFT:1.0104241096782794e-05,2.122547334954209e-06,1.987322000788117e-05,0.499281670416237,6.935296550282277e-09,0.4992816704162441,2.6320519398807075e-09,0.0014041591461476227,9.805874310262393e-08,2.9238684013396224e-07
Random8495
Raw:1.0104241096782867e-05,2.122547334954194e-06,1.9873220007881028e-05,0.49928167041624055,6.935296550282326e-09,0.49928167041624055,2.6320519398807265e-09,0.0014041591461476128,9.805874310262323e-08,2.923868401339643e-07
EFT:1.0104241096782794e-05,2.122547334954209e-06,1.987322000788117e-05,0.499281670416237,6.935296550282277e-09,0.4992816704162441,2.6320519398807075e-09,0.0014041591461476227,9.805874310262393e-08,2.9238684013396224e-07
Random8496
Raw:1.0104241096783009e-05,2.122547334954194e-06,1.9873220007881028e-05,0.49928167041623345,6.935296550282327e-09,0.49928167041624766,2.6320519398807638e-09,0.0014041591461476126,9.805874310262601e-08,2.9238684013396436e-07
EFT:1.0104241096782794e-05,2.122547334954209e-06,1.987322000788117e-05,0.499281670416237,6.935296550282277e-09,0.4992816704162441,2.6320519398807075e-09,0.0014041591461476227,9.805874310262393e-08,2.9238684013396224e-07
Random8497
Raw:1.0104241096782938e-05,2.122547334954209e-06,1.987322000788117e-05,0.499281670416237,6.935296550282277e-09,0.4992816704162441,2.632051939880745e-09,0.0014041591461476227,9.805874310262532e-08,2.9238684013396224e-07
EFT:1.0104241096782794e-05,2.122547334954209e-06,1.987322000788117e-05,0.499281670416237,6.935296550282277e-09,0.4992816704162441,2.6320519398807075e-09,0.0014041591461476227,9.805874310262393e-08,2.9238684013396224e-07
Random8498
Raw:1.0104241096782794e-05,2.122547334954209e-06,1.987322000788117e-05,0.499281670416237,6.935296550282277e-09,0.4992816704162441,2.632051939880745e-09,0.0014041591461476227,9.805874310262254e-08,2.9238684013396224e-07
EFT:1.0104241096782794e-05,2.122547334954209e-06,1.987322000788117e-05,0.499281670416237,6.935296550282277e-09,0.4992816704162441,2.6320519398807075e-09,0.0014041591461476227,9.805874310262393e-08,2.9238684013396224e-07
Random8499
Raw:1.0104241096782867e-05,2.122547334954224e-06,1.987322000788131e-05,0.49928167041624055,6.935296550282326e-09,0.49928167041624055,2.6320519398807265e-09,0.0014041591461476327,9.805874310262462e-08,2.923868401339643e-07
EFT:1.0104241096782794e-05,2.122547334954209e-06,1.987322000788117e-05,0.499281670416237,6.935296550282277e-09,0.4992816704162441,2.6320519398807075e-09,0.0014041591461476227,9.805874310262393e-08,2.9238684013396224e-07
Random8500
Raw:1.0104241096782938e-05,2.122547334954239e-06,1.987322000788145e-05,0.499281670416237,6.935296550282277e-09,0.4992816704162441,2.632051939880745e-09,0.0014041591461476427,9.805874310262393e-08,2.9238684013396637e-07
EFT:1.0104241096782794e-05,2.122547334954209e-06,1.987322000788117e-05,0.499281670416237,6.935296550282277e-09,0.4992816704162441,2.6320519398807075e-09,0.0014041591461476227,9.805874310262393e-08,2.9238684013396224e-07
Random8501
Raw:1.0104241096783009e-05,2.122547334954194e-06,1.9873220007881028e-05,0.49928167041623345,6.935296550282327e-09,0.49928167041624766,2.6320519398807638e-09,0.0014041591461476327,9.805874310262462e-08,2.9238684013396436e-07
EFT:1.0104241096782794e-05,2.122547334954209e-06,1.987322000788117e-05,0.499281670416237,6.935296550282277e-09,0.4992816704162441,2.6320519398807075e-09,0.0014041591461476227,9.805874310262393e-08,2.9238684013396224e-07
Random8502
Raw:1.0104241096783009e-05,2.122547334954224e-06,1.987322000788131e-05,0.49928167041623345,6.935296550282327e-09,0.49928167041624766,2.6320519398807638e-09,0.0014041591461476327,9.805874310262462e-08,2.923868401339685e-07
EFT:1.0104241096782794e-05,2.122547334954209e-06,1.987322000788117e-05,0.499281670416237,6.935296550282277e-09,0.4992816704162441,2.6320519398807075e-09,0.0014041591461476227,9.805874310262393e-08,2.9238684013396224e-07
Random8503
Raw:1.0104241096782938e-05,2.122547334954209e-06,1.987322000788117e-05,0.499281670416237,6.9352965502823754e-09,0.4992816704162441,2.632051939880745e-09,0.0014041591461476227,9.805874310262532e-08,2.9238684013396637e-07
EFT:1.0104241096782794e-05,2.122547334954209e-06,1.987322000788117e-05,0.499281670416237,6.935296550282277e-09,0.4992816704162441,2.6320519398807075e-09,0.0014041591461476227,9.805874310262393e-08,2.9238684013396224e-07
Random8504
Raw:1.0104241096783009e-05,2.122547334954194e-06,1.9873220007881028e-05,0.49928167041623345,6.935296550282327e-09,0.49928167041624766,2.6320519398807638e-09,0.0014041591461476126,9.805874310262601e-08,2.9238684013396436e-07
EFT:1.0104241096782794e-05,2.122547334954209e-06,1.987322000788117e-05,0.499281670416237,6.935296550282277e-09,0.4992816704162441,2.6320519398807075e-09,0.0014041591461476227,9.805874310262393e-08,2.9238684013396224e-07
Random8505
Raw:1.0104241096782938e-05,2.122547334954209e-06,1.9873220007880885e-05,0.499281670416237,6.935296550282277e-09,0.4992816704162441,2.632051939880745e-09,0.0014041591461476227,9.805874310262532e-08,2.9238684013396224e-07
EFT:1.0104241096782794e-05,2.122547334954209e-06,1.987322000788117e-05,0.499281670416237,6.935296550282277e-09,0.4992816704162441,2.6320519398807075e-09,0.0014041591461476227,9.805874310262393e-08,2.9238684013396224e-07
Random8506
Raw:1.0104241096783009e-05,2.122547334954224e-06,1.987322000788131e-05,0.49928167041623345,6.935296550282327e-09,0.49928167041624766,2.6320519398807638e-09,0.0014041591461476327,9.805874310262462e-08,2.923868401339685e-07
EFT:1.0104241096782794e-05,2.122547334954209e-06,1.987322000788117e-05,0.499281670416237,6.935296550282277e-09,0.4992816704162441,2.6320519398807075e-09,0.0014041591461476227,9.805874310262393e-08,2.9238684013396224e-07
Random8507
Raw:1.0104241096782938e-05,2.122547334954209e-06,1.987322000788117e-05,0.499281670416237,6.9352965502823754e-09,0.4992816704162441,2.6320519398807824e-09,0.0014041591461476227,9.805874310262532e-08,2.9238684013396637e-07
EFT:1.0104241096782794e-05,2.122547334954209e-06,1.987322000788117e-05,0.499281670416237,6.935296550282277e-09,0.4992816704162441,2.6320519398807075e-09,0.0014041591461476227,9.805874310262393e-08,2.9238684013396224e-07
Random8508
Raw:1.0104241096782865e-05,2.122547334954194e-06,1.9873220007881028e-05,0.49928167041623345,6.935296550282228e-09,0.49928167041624766,2.632051939880726e-09,0.0014041591461476327,9.805874310262462e-08,2.923868401339602e-07
EFT:1.0104241096782794e-05,2.122547334954209e-06,1.987322000788117e-05,0.499281670416237,6.935296550282277e-09,0.4992816704162441,2.6320519398807075e-09,0.0014041591461476227,9.805874310262393e-08,2.9238684013396224e-07
Random8509
Raw:1.0104241096782938e-05,2.122547334954239e-06,1.987322000788145e-05,0.499281670416237,6.935296550282277e-09,0.4992816704162441,2.632051939880745e-09,0.0014041591461476427,9.805874310262532e-08,2.9238684013396224e-07
EFT:1.0104241096782794e-05,2.122547334954209e-06,1.987322000788117e-05,0.499281670416237,6.935296550282277e-09,0.4992816704162441,2.6320519398807075e-09,0.0014041591461476227,9.805874310262393e-08,2.9238684013396224e-07
Random8510
Raw:1.0104241096782938e-05,2.122547334954239e-06,1.987322000788117e-05,0.499281670416237,6.9352965502823754e-09,0.4992816704162441,2.6320519398807824e-09,0.0014041591461476227,9.805874310262532e-08,2.9238684013396637e-07
EFT:1.0104241096782794e-05,2.122547334954209e-06,1.987322000788117e-05,0.499281670416237,6.935296550282277e-09,0.4992816704162441,2.6320519398807075e-09,0.0014041591461476227,9.805874310262393e-08,2.9238684013396224e-07
Random8511
Raw:1.0104241096782794e-05,2.122547334954209e-06,1.987322000788117e-05,0.499281670416237,6.935296550282277e-09,0.4992816704162441,2.6320519398807075e-09,0.0014041591461476026,9.805874310262393e-08,2.9238684013396224e-07
EFT:1.0104241096782794e-05,2.122547334954209e-06,1.987322000788117e-05,0.499281670416237,6.935296550282277e-09,0.4992816704162441,2.6320519398807075e-09,0.0014041591461476227,9.805874310262393e-08,2.9238684013396224e-07
Random8512
Raw:1.0104241096782938e-05,2.122547334954239e-06,1.987322000788145e-05,0.499281670416237,6.935296550282277e-09,0.4992816704162441,2.632051939880745e-09,0.0014041591461476427,9.805874310262393e-08,2.9238684013396637e-07
EFT:1.0104241096782794e-05,2.122547334954209e-06,1.987322000788117e-05,0.499281670416237,6.935296550282277e-09,0.4992816704162441,2.6320519398807075e-09,0.0014041591461476227,9.805874310262393e-08,2.9238684013396224e-07
Random8513
Raw:1.0104241096782794e-05,2.122547334954209e-06,1.987322000788117e-05,0.499281670416237,6.935296550282277e-09,0.4992816704162441,2.6320519398807075e-09,0.0014041591461476227,9.805874310262393e-08,2.9238684013396224e-07
EFT:1.0104241096782794e-05,2.122547334954209e-06,1.987322000788117e-05,0.499281670416237,6.935296550282277e-09,0.4992816704162441,2.6320519398807075e-09,0.0014041591461476227,9.805874310262393e-08,2.9238684013396224e-07
Random8514
Raw:1.0104241096782865e-05,2.122547334954194e-06,1.9873220007881028e-05,0.49928167041623345,6.935296550282228e-09,0.49928167041624766,2.632051939880726e-09,0.0014041591461476126,9.805874310262462e-08,2.9238684013396436e-07
EFT:1.0104241096782794e-05,2.122547334954209e-06,1.987322000788117e-05,0.499281670416237,6.935296550282277e-09,0.4992816704162441,2.6320519398807075e-09,0.0014041591461476227,9.805874310262393e-08,2.9238684013396224e-07
Random8515
Raw:1.0104241096782938e-05,2.122547334954209e-06,1.987322000788117e-05,0.499281670416237,6.935296550282277e-09,0.4992816704162441,2.632051939880745e-09,0.0014041591461476427,9.805874310262393e-08,2.9238684013396224e-07
EFT:1.0104241096782794e-05,2.122547334954209e-06,1.987322000788117e-05,0.499281670416237,6.935296550282277e-09,0.4992816704162441,2.6320519398807075e-09,0.0014041591461476227,9.805874310262393e-08,2.9238684013396224e-07
Random8516
Raw:1.0104241096782938e-05,2.122547334954209e-06,1.987322000788117e-05,0.499281670416237,6.9352965502823754e-09,0.4992816704162441,2.632051939880745e-09,0.0014041591461476227,9.805874310262393e-08,2.9238684013396637e-07
EFT:1.0104241096782794e-05,2.122547334954209e-06,1.987322000788117e-05,0.499281670416237,6.935296550282277e-09,0.4992816704162441,2.6320519398807075e-09,0.0014041591461476227,9.805874310262393e-08,2.9238684013396224e-07
Random8517
Raw:1.0104241096782865e-05,2.122547334954194e-06,1.9873220007881028e-05,0.49928167041623345,6.935296550282327e-09,0.49928167041624766,2.632051939880726e-09,0.0014041591461476126,9.805874310262462e-08,2.9238684013396436e-07
EFT:1.0104241096782794e-05,2.122547334954209e-06,1.987322000788117e-05,0.499281670416237,6.935296550282277e-09,0.4992816704162441,2.6320519398807075e-09,0.0014041591461476227,9.805874310262393e-08,2.9238684013396224e-07
Random8518
Raw:1.0104241096782938e-05,2.122547334954209e-06,1.987322000788117e-05,0.499281670416237,6.9352965502823754e-09,0.4992816704162441,2.632051939880745e-09,0.0014041591461476227,9.805874310262393e-08,2.9238684013396637e-07
EFT:1.0104241096782794e-05,2.122547334954209e-06,1.987322000788117e-05,0.499281670416237,6.935296550282277e-09,0.4992816704162441,2.6320519398807075e-09,0.0014041591461476227,9.805874310262393e-08,2.9238684013396224e-07
Random8519
Raw:1.0104241096782938e-05,2.122547334954239e-06,1.987322000788145e-05,0.499281670416237,6.935296550282277e-09,0.4992816704162441,2.632051939880745e-09,0.0014041591461476427,9.805874310262393e-08,2.9238684013396637e-07
EFT:1.0104241096782794e-05,2.122547334954209e-06,1.987322000788117e-05,0.499281670416237,6.935296550282277e-09,0.4992816704162441,2.6320519398807075e-09,0.0014041591461476227,9.805874310262393e-08,2.9238684013396224e-07
Random8520
Raw:1.0104241096782938e-05,2.122547334954209e-06,1.987322000788117e-05,0.499281670416237,6.9352965502823754e-09,0.4992816704162441,2.632051939880745e-09,0.0014041591461476227,9.805874310262672e-08,2.9238684013396637e-07
EFT:1.0104241096782794e-05,2.122547334954209e-06,1.987322000788117e-05,0.499281670416237,6.935296550282277e-09,0.4992816704162441,2.6320519398807075e-09,0.0014041591461476227,9.805874310262393e-08,2.9238684013396224e-07
Random8521
Raw:1.0104241096782938e-05,2.122547334954209e-06,1.987322000788117e-05,0.499281670416237,6.935296550282277e-09,0.4992816704162441,2.632051939880745e-09,0.0014041591461476427,9.805874310262393e-08,2.9238684013396224e-07
EFT:1.0104241096782794e-05,2.122547334954209e-06,1.987322000788117e-05,0.499281670416237,6.935296550282277e-09,0.4992816704162441,2.6320519398807075e-09,0.0014041591461476227,9.805874310262393e-08,2.9238684013396224e-07
Random8522
Raw:1.0104241096782938e-05,2.122547334954239e-06,1.987322000788145e-05,0.499281670416237,6.9352965502823754e-09,0.4992816704162441,2.632051939880745e-09,0.0014041591461476227,9.805874310262532e-08,2.9238684013396637e-07
EFT:1.0104241096782794e-05,2.122547334954209e-06,1.987322000788117e-05,0.499281670416237,6.935296550282277e-09,0.4992816704162441,2.6320519398807075e-09,0.0014041591461476227,9.805874310262393e-08,2.9238684013396224e-07
Random8523
Raw:1.0104241096783009e-05,2.122547334954224e-06,1.987322000788131e-05,0.49928167041623345,6.935296550282424e-09,0.49928167041624766,2.632051939880801e-09,0.0014041591461476126,9.805874310262462e-08,2.923868401339685e-07
EFT:1.0104241096782794e-05,2.122547334954209e-06,1.987322000788117e-05,0.499281670416237,6.935296550282277e-09,0.4992816704162441,2.6320519398807075e-09,0.0014041591461476227,9.805874310262393e-08,2.9238684013396224e-07
Random8524
Raw:1.0104241096782794e-05,2.122547334954209e-06,1.987322000788117e-05,0.4992816704162441,6.935296550282277e-09,0.499281670416237,2.63205193988067e-09,0.0014041591461476227,9.805874310262254e-08,2.9238684013396224e-07
EFT:1.0104241096782794e-05,2.122547334954209e-06,1.987322000788117e-05,0.499281670416237,6.935296550282277e-09,0.4992816704162441,2.6320519398807075e-09,0.0014041591461476227,9.805874310262393e-08,2.9238684013396224e-07
Random8525
Raw:1.0104241096782867e-05,2.122547334954224e-06,1.987322000788131e-05,0.49928167041624055,6.935296550282326e-09,0.49928167041624055,2.6320519398807265e-09,0.0014041591461476128,9.805874310262462e-08,2.923868401339643e-07
EFT:1.0104241096782794e-05,2.122547334954209e-06,1.987322000788117e-05,0.499281670416237,6.935296550282277e-09,0.4992816704162441,2.6320519398807075e-09,0.0014041591461476227,9.805874310262393e-08,2.9238684013396224e-07
Random8526
Raw:1.0104241096782867e-05,2.122547334954224e-06,1.987322000788131e-05,0.49928167041624055,6.935296550282326e-09,0.49928167041624055,2.6320519398807265e-09,0.0014041591461476327,9.805874310262323e-08,2.923868401339643e-07
EFT:1.0104241096782794e-05,2.122547334954209e-06,1.987322000788117e-05,0.499281670416237,6.935296550282277e-09,0.4992816704162441,2.6320519398807075e-09,0.0014041591461476227,9.805874310262393e-08,2.9238684013396224e-07
Random8527
Raw:1.0104241096783009e-05,2.122547334954194e-06,1.9873220007881028e-05,0.49928167041623345,6.935296550282327e-09,0.49928167041624766,2.6320519398807638e-09,0.0014041591461476327,9.805874310262462e-08,2.9238684013396436e-07
EFT:1.0104241096782794e-05,2.122547334954209e-06,1.987322000788117e-05,0.499281670416237,6.935296550282277e-09,0.4992816704162441,2.6320519398807075e-09,0.0014041591461476227,9.805874310262393e-08,2.9238684013396224e-07
Random8528
Raw:1.0104241096782938e-05,2.122547334954209e-06,1.987322000788117e-05,0.499281670416237,6.935296550282277e-09,0.4992816704162441,2.632051939880745e-09,0.0014041591461476427,9.805874310262393e-08,2.9238684013396224e-07
EFT:1.0104241096782794e-05,2.122547334954209e-06,1.987322000788117e-05,0.499281670416237,6.935296550282277e-09,0.4992816704162441,2.6320519398807075e-09,0.0014041591461476227,9.805874310262393e-08,2.9238684013396224e-07
Random8529
Raw:1.0104241096783009e-05,2.122547334954224e-06,1.987322000788131e-05,0.49928167041623345,6.935296550282327e-09,0.49928167041624766,2.6320519398807638e-09,0.0014041591461476327,9.805874310262462e-08,2.923868401339685e-07
EFT:1.0104241096782794e-05,2.122547334954209e-06,1.987322000788117e-05,0.499281670416237,6.935296550282277e-09,0.4992816704162441,2.6320519398807075e-09,0.0014041591461476227,9.805874310262393e-08,2.9238684013396224e-07
Random8530
Raw:1.0104241096782938e-05,2.122547334954209e-06,1.987322000788117e-05,0.499281670416237,6.9352965502823754e-09,0.4992816704162441,2.632051939880745e-09,0.0014041591461476227,9.805874310262672e-08,2.9238684013396637e-07
EFT:1.0104241096782794e-05,2.122547334954209e-06,1.987322000788117e-05,0.499281670416237,6.935296550282277e-09,0.4992816704162441,2.6320519398807075e-09,0.0014041591461476227,9.805874310262393e-08,2.9238684013396224e-07
Random8531
Raw:1.0104241096782867e-05,2.122547334954224e-06,1.9873220007881028e-05,0.49928167041624055,6.935296550282326e-09,0.49928167041624055,2.6320519398807265e-09,0.0014041591461476327,9.805874310262602e-08,2.923868401339643e-07
EFT:1.0104241096782794e-05,2.122547334954209e-06,1.987322000788117e-05,0.499281670416237,6.935296550282277e-09,0.4992816704162441,2.6320519398807075e-09,0.0014041591461476227,9.805874310262393e-08,2.9238684013396224e-07
Random8532
Raw:1.0104241096782867e-05,2.122547334954224e-06,1.9873220007881028e-05,0.49928167041624055,6.935296550282326e-09,0.49928167041624055,2.6320519398807265e-09,0.0014041591461476327,9.805874310262323e-08,2.923868401339643e-07
EFT:1.0104241096782794e-05,2.122547334954209e-06,1.987322000788117e-05,0.499281670416237,6.935296550282277e-09,0.4992816704162441,2.6320519398807075e-09,0.0014041591461476227,9.805874310262393e-08,2.9238684013396224e-07
Random8533
Raw:1.0104241096782938e-05,2.122547334954209e-06,1.9873220007880885e-05,0.499281670416237,6.935296550282277e-09,0.4992816704162441,2.632051939880745e-09,0.0014041591461476227,9.805874310262532e-08,2.9238684013396224e-07
EFT:1.0104241096782794e-05,2.122547334954209e-06,1.987322000788117e-05,0.499281670416237,6.935296550282277e-09,0.4992816704162441,2.6320519398807075e-09,0.0014041591461476227,9.805874310262393e-08,2.9238684013396224e-07
Random8534
Raw:1.0104241096782938e-05,2.122547334954239e-06,1.987322000788117e-05,0.499281670416237,6.9352965502823754e-09,0.4992816704162441,2.6320519398807824e-09,0.0014041591461476227,9.805874310262532e-08,2.9238684013396637e-07
EFT:1.0104241096782794e-05,2.122547334954209e-06,1.987322000788117e-05,0.499281670416237,6.935296550282277e-09,0.4992816704162441,2.6320519398807075e-09,0.0014041591461476227,9.805874310262393e-08,2.9238684013396224e-07
Random8535
Raw:1.0104241096782867e-05,2.122547334954224e-06,1.987322000788131e-05,0.49928167041624055,6.935296550282326e-09,0.49928167041624055,2.6320519398807638e-09,0.0014041591461476128,9.805874310262462e-08,2.923868401339643e-07
EFT:1.0104241096782794e-05,2.122547334954209e-06,1.987322000788117e-05,0.499281670416237,6.935296550282277e-09,0.4992816704162441,2.6320519398807075e-09,0.0014041591461476227,9.805874310262393e-08,2.9238684013396224e-07
Random8536
Raw:1.0104241096782723e-05,2.122547334954194e-06,1.9873220007881028e-05,0.49928167041624055,6.935296550282228e-09,0.49928167041624055,2.632051939880689e-09,0.0014041591461476128,9.805874310262184e-08,2.923868401339602e-07
EFT:1.0104241096782794e-05,2.122547334954209e-06,1.987322000788117e-05,0.499281670416237,6.935296550282277e-09,0.4992816704162441,2.6320519398807075e-09,0.0014041591461476227,9.805874310262393e-08,2.9238684013396224e-07
Random8537
Raw:1.0104241096783009e-05,2.122547334954224e-06,1.9873220007881028e-05,0.49928167041623345,6.935296550282327e-09,0.49928167041624766,2.6320519398807638e-09,0.0014041591461476327,9.805874310262601e-08,2.9238684013396436e-07
EFT:1.0104241096782794e-05,2.122547334954209e-06,1.987322000788117e-05,0.499281670416237,6.935296550282277e-09,0.4992816704162441,2.6320519398807075e-09,0.0014041591461476227,9.805874310262393e-08,2.9238684013396224e-07
Random8538
Raw:1.0104241096782867e-05,2.122547334954224e-06,1.987322000788131e-05,0.49928167041624055,6.935296550282326e-09,0.49928167041624055,2.6320519398807265e-09,0.0014041591461476327,9.805874310262462e-08,2.923868401339643e-07
EFT:1.0104241096782794e-05,2.122547334954209e-06,1.987322000788117e-05,0.499281670416237,6.935296550282277e-09,0.4992816704162441,2.6320519398807075e-09,0.0014041591461476227,9.805874310262393e-08,2.9238684013396224e-07
Random8539
Raw:1.0104241096782938e-05,2.122547334954209e-06,1.987322000788117e-05,0.499281670416237,6.9352965502823754e-09,0.4992816704162441,2.632051939880745e-09,0.0014041591461476227,9.805874310262532e-08,2.9238684013396637e-07
EFT:1.0104241096782794e-05,2.122547334954209e-06,1.987322000788117e-05,0.499281670416237,6.935296550282277e-09,0.4992816704162441,2.6320519398807075e-09,0.0014041591461476227,9.805874310262393e-08,2.9238684013396224e-07
Random8540
Raw:1.0104241096782938e-05,2.122547334954209e-06,1.9873220007880885e-05,0.499281670416237,6.935296550282277e-09,0.4992816704162441,2.632051939880745e-09,0.0014041591461476227,9.805874310262532e-08,2.9238684013396224e-07
EFT:1.0104241096782794e-05,2.122547334954209e-06,1.987322000788117e-05,0.499281670416237,6.935296550282277e-09,0.4992816704162441,2.6320519398807075e-09,0.0014041591461476227,9.805874310262393e-08,2.9238684013396224e-07
Random8541
Raw:1.0104241096782794e-05,2.122547334954239e-06,1.987322000788117e-05,0.4992816704162441,6.935296550282277e-09,0.499281670416237,2.6320519398807075e-09,0.0014041591461476227,9.805874310262393e-08,2.9238684013396224e-07
EFT:1.0104241096782794e-05,2.122547334954209e-06,1.987322000788117e-05,0.499281670416237,6.935296550282277e-09,0.4992816704162441,2.6320519398807075e-09,0.0014041591461476227,9.805874310262393e-08,2.9238684013396224e-07
Random8542
Raw:1.0104241096782938e-05,2.122547334954209e-06,1.9873220007880885e-05,0.499281670416237,6.935296550282277e-09,0.4992816704162441,2.632051939880745e-09,0.0014041591461476227,9.805874310262532e-08,2.9238684013396224e-07
EFT:1.0104241096782794e-05,2.122547334954209e-06,1.987322000788117e-05,0.499281670416237,6.935296550282277e-09,0.4992816704162441,2.6320519398807075e-09,0.0014041591461476227,9.805874310262393e-08,2.9238684013396224e-07
Random8543
Raw:1.0104241096783009e-05,2.122547334954194e-06,1.9873220007881028e-05,0.49928167041623345,6.935296550282327e-09,0.49928167041624766,2.6320519398807638e-09,0.0014041591461476126,9.805874310262601e-08,2.9238684013396436e-07
EFT:1.0104241096782794e-05,2.122547334954209e-06,1.987322000788117e-05,0.499281670416237,6.935296550282277e-09,0.4992816704162441,2.6320519398807075e-09,0.0014041591461476227,9.805874310262393e-08,2.9238684013396224e-07
Random8544
Raw:1.0104241096782794e-05,2.1225473349541788e-06,1.9873220007880885e-05,0.499281670416237,6.935296550282277e-09,0.4992816704162441,2.632051939880745e-09,0.0014041591461476026,9.805874310262254e-08,2.9238684013396224e-07
EFT:1.0104241096782794e-05,2.122547334954209e-06,1.987322000788117e-05,0.499281670416237,6.935296550282277e-09,0.4992816704162441,2.6320519398807075e-09,0.0014041591461476227,9.805874310262393e-08,2.9238684013396224e-07
Random8545
Raw:1.0104241096782865e-05,2.122547334954194e-06,1.9873220007881028e-05,0.49928167041623345,6.935296550282228e-09,0.49928167041624766,2.632051939880726e-09,0.0014041591461476126,9.805874310262462e-08,2.9238684013396436e-07
EFT:1.0104241096782794e-05,2.122547334954209e-06,1.987322000788117e-05,0.499281670416237,6.935296550282277e-09,0.4992816704162441,2.6320519398807075e-09,0.0014041591461476227,9.805874310262393e-08,2.9238684013396224e-07
Random8546
Raw:1.0104241096782867e-05,2.122547334954224e-06,1.987322000788131e-05,0.49928167041624055,6.935296550282326e-09,0.49928167041624055,2.6320519398807265e-09,0.0014041591461476128,9.805874310262462e-08,2.923868401339643e-07
EFT:1.0104241096782794e-05,2.122547334954209e-06,1.987322000788117e-05,0.499281670416237,6.935296550282277e-09,0.4992816704162441,2.6320519398807075e-09,0.0014041591461476227,9.805874310262393e-08,2.9238684013396224e-07
Random8547
Raw:1.0104241096782938e-05,2.122547334954239e-06,1.987322000788145e-05,0.499281670416237,6.9352965502823754e-09,0.4992816704162441,2.632051939880745e-09,0.0014041591461476427,9.805874310262532e-08,2.9238684013396637e-07
EFT:1.0104241096782794e-05,2.122547334954209e-06,1.987322000788117e-05,0.499281670416237,6.935296550282277e-09,0.4992816704162441,2.6320519398807075e-09,0.0014041591461476227,9.805874310262393e-08,2.9238684013396224e-07
Random8548
Raw:1.0104241096782867e-05,2.122547334954224e-06,1.9873220007881028e-05,0.49928167041624055,6.935296550282326e-09,0.49928167041624055,2.6320519398807265e-09,0.0014041591461476128,9.805874310262462e-08,2.923868401339643e-07
EFT:1.0104241096782794e-05,2.122547334954209e-06,1.987322000788117e-05,0.499281670416237,6.935296550282277e-09,0.4992816704162441,2.6320519398807075e-09,0.0014041591461476227,9.805874310262393e-08,2.9238684013396224e-07
Random8549
Raw:1.0104241096783009e-05,2.122547334954194e-06,1.9873220007881028e-05,0.49928167041623345,6.935296550282327e-09,0.49928167041624766,2.6320519398807638e-09,0.0014041591461476327,9.805874310262462e-08,2.9238684013396436e-07
EFT:1.0104241096782794e-05,2.122547334954209e-06,1.987322000788117e-05,0.499281670416237,6.935296550282277e-09,0.4992816704162441,2.6320519398807075e-09,0.0014041591461476227,9.805874310262393e-08,2.9238684013396224e-07
Random8550
Raw:1.0104241096783009e-05,2.122547334954224e-06,1.987322000788131e-05,0.49928167041623345,6.935296550282327e-09,0.49928167041624766,2.6320519398807638e-09,0.0014041591461476327,9.805874310262462e-08,2.923868401339685e-07
EFT:1.0104241096782794e-05,2.122547334954209e-06,1.987322000788117e-05,0.499281670416237,6.935296550282277e-09,0.4992816704162441,2.6320519398807075e-09,0.0014041591461476227,9.805874310262393e-08,2.9238684013396224e-07
Random8551
Raw:1.0104241096782938e-05,2.122547334954209e-06,1.987322000788117e-05,0.499281670416237,6.935296550282277e-09,0.4992816704162441,2.632051939880745e-09,0.0014041591461476427,9.805874310262393e-08,2.9238684013396224e-07
EFT:1.0104241096782794e-05,2.122547334954209e-06,1.987322000788117e-05,0.499281670416237,6.935296550282277e-09,0.4992816704162441,2.6320519398807075e-09,0.0014041591461476227,9.805874310262393e-08,2.9238684013396224e-07
Random8552
Raw:1.0104241096782938e-05,2.122547334954209e-06,1.987322000788117e-05,0.499281670416237,6.9352965502823754e-09,0.4992816704162441,2.6320519398807824e-09,0.0014041591461476227,9.805874310262532e-08,2.9238684013396637e-07
EFT:1.0104241096782794e-05,2.122547334954209e-06,1.987322000788117e-05,0.499281670416237,6.935296550282277e-09,0.4992816704162441,2.6320519398807075e-09,0.0014041591461476227,9.805874310262393e-08,2.9238684013396224e-07
Random8553
Raw:1.0104241096782867e-05,2.122547334954194e-06,1.9873220007881028e-05,0.49928167041624055,6.935296550282326e-09,0.49928167041624055,2.6320519398807265e-09,0.0014041591461476128,9.805874310262602e-08,2.923868401339643e-07
EFT:1.0104241096782794e-05,2.122547334954209e-06,1.987322000788117e-05,0.499281670416237,6.935296550282277e-09,0.4992816704162441,2.6320519398807075e-09,0.0014041591461476227,9.805874310262393e-08,2.9238684013396224e-07
Random8554
Raw:1.0104241096782938e-05,2.122547334954239e-06,1.987322000788145e-05,0.499281670416237,6.935296550282277e-09,0.4992816704162441,2.632051939880745e-09,0.0014041591461476427,9.805874310262532e-08,2.9238684013396224e-07
EFT:1.0104241096782794e-05,2.122547334954209e-06,1.987322000788117e-05,0.499281670416237,6.935296550282277e-09,0.4992816704162441,2.6320519398807075e-09,0.0014041591461476227,9.805874310262393e-08,2.9238684013396224e-07
Random8555
Raw:1.0104241096782794e-05,2.122547334954209e-06,1.987322000788117e-05,0.4992816704162441,6.935296550282277e-09,0.499281670416237,2.63205193988067e-09,0.0014041591461476227,9.805874310262254e-08,2.9238684013396224e-07
EFT:1.0104241096782794e-05,2.122547334954209e-06,1.987322000788117e-05,0.499281670416237,6.935296550282277e-09,0.4992816704162441,2.6320519398807075e-09,0.0014041591461476227,9.805874310262393e-08,2.9238684013396224e-07
Random8556
Raw:1.0104241096782938e-05,2.122547334954209e-06,1.987322000788117e-05,0.499281670416237,6.9352965502823754e-09,0.4992816704162441,2.6320519398807824e-09,0.0014041591461476227,9.805874310262532e-08,2.9238684013396637e-07
EFT:1.0104241096782794e-05,2.122547334954209e-06,1.987322000788117e-05,0.499281670416237,6.935296550282277e-09,0.4992816704162441,2.6320519398807075e-09,0.0014041591461476227,9.805874310262393e-08,2.9238684013396224e-07
Random8557
Raw:1.0104241096782794e-05,2.1225473349541788e-06,1.9873220007880885e-05,0.499281670416237,6.9352965502821786e-09,0.4992816704162441,2.632051939880745e-09,0.0014041591461476026,9.805874310262254e-08,2.9238684013396224e-07
EFT:1.0104241096782794e-05,2.122547334954209e-06,1.987322000788117e-05,0.499281670416237,6.935296550282277e-09,0.4992816704162441,2.6320519398807075e-09,0.0014041591461476227,9.805874310262393e-08,2.9238684013396224e-07
Random8558
Raw:1.0104241096782867e-05,2.122547334954194e-06,1.9873220007881028e-05,0.49928167041624055,6.935296550282326e-09,0.49928167041624055,2.6320519398807265e-09,0.0014041591461476128,9.805874310262323e-08,2.923868401339643e-07
EFT:1.0104241096782794e-05,2.122547334954209e-06,1.987322000788117e-05,0.499281670416237,6.935296550282277e-09,0.4992816704162441,2.6320519398807075e-09,0.0014041591461476227,9.805874310262393e-08,2.9238684013396224e-07
Random8559
Raw:1.0104241096782938e-05,2.122547334954209e-06,1.987322000788117e-05,0.499281670416237,6.935296550282277e-09,0.4992816704162441,2.632051939880745e-09,0.0014041591461476427,9.805874310262393e-08,2.9238684013396224e-07
EFT:1.0104241096782794e-05,2.122547334954209e-06,1.987322000788117e-05,0.499281670416237,6.935296550282277e-09,0.4992816704162441,2.6320519398807075e-09,0.0014041591461476227,9.805874310262393e-08,2.9238684013396224e-07
Random8560
Raw:1.0104241096782865e-05,2.122547334954194e-06,1.9873220007881028e-05,0.49928167041623345,6.935296550282228e-09,0.49928167041624766,2.632051939880726e-09,0.0014041591461476126,9.805874310262462e-08,2.9238684013396436e-07
EFT:1.0104241096782794e-05,2.122547334954209e-06,1.987322000788117e-05,0.499281670416237,6.935296550282277e-09,0.4992816704162441,2.6320519398807075e-09,0.0014041591461476227,9.805874310262393e-08,2.9238684013396224e-07
Random8561
Raw:1.0104241096782938e-05,2.122547334954209e-06,1.987322000788117e-05,0.499281670416237,6.935296550282277e-09,0.4992816704162441,2.632051939880745e-09,0.0014041591461476227,9.805874310262532e-08,2.9238684013396224e-07
EFT:1.0104241096782794e-05,2.122547334954209e-06,1.987322000788117e-05,0.499281670416237,6.935296550282277e-09,0.4992816704162441,2.6320519398807075e-09,0.0014041591461476227,9.805874310262393e-08,2.9238684013396224e-07
Random8562
Raw:1.0104241096782938e-05,2.122547334954239e-06,1.987322000788117e-05,0.499281670416237,6.935296550282277e-09,0.4992816704162441,2.632051939880745e-09,0.0014041591461476427,9.805874310262532e-08,2.9238684013396224e-07
EFT:1.0104241096782794e-05,2.122547334954209e-06,1.987322000788117e-05,0.499281670416237,6.935296550282277e-09,0.4992816704162441,2.6320519398807075e-09,0.0014041591461476227,9.805874310262393e-08,2.9238684013396224e-07
Random8563
Raw:1.0104241096782938e-05,2.122547334954209e-06,1.9873220007880885e-05,0.499281670416237,6.935296550282277e-09,0.4992816704162441,2.632051939880745e-09,0.0014041591461476227,9.805874310262393e-08,2.9238684013396224e-07
EFT:1.0104241096782794e-05,2.122547334954209e-06,1.987322000788117e-05,0.499281670416237,6.935296550282277e-09,0.4992816704162441,2.6320519398807075e-09,0.0014041591461476227,9.805874310262393e-08,2.9238684013396224e-07
Random8564
Raw:1.0104241096782867e-05,2.122547334954224e-06,1.987322000788131e-05,0.49928167041624055,6.935296550282326e-09,0.49928167041624055,2.6320519398807265e-09,0.0014041591461476327,9.805874310262462e-08,2.923868401339643e-07
EFT:1.0104241096782794e-05,2.122547334954209e-06,1.987322000788117e-05,0.499281670416237,6.935296550282277e-09,0.4992816704162441,2.6320519398807075e-09,0.0014041591461476227,9.805874310262393e-08,2.9238684013396224e-07
Random8565
Raw:1.0104241096782938e-05,2.122547334954239e-06,1.987322000788145e-05,0.499281670416237,6.935296550282277e-09,0.4992816704162441,2.632051939880745e-09,0.0014041591461476427,9.805874310262532e-08,2.9238684013396224e-07
EFT:1.0104241096782794e-05,2.122547334954209e-06,1.987322000788117e-05,0.499281670416237,6.935296550282277e-09,0.4992816704162441,2.6320519398807075e-09,0.0014041591461476227,9.805874310262393e-08,2.9238684013396224e-07
Random8566
Raw:1.0104241096782938e-05,2.122547334954239e-06,1.987322000788117e-05,0.499281670416237,6.9352965502823754e-09,0.4992816704162441,2.6320519398807824e-09,0.0014041591461476227,9.805874310262532e-08,2.9238684013396637e-07
EFT:1.0104241096782794e-05,2.122547334954209e-06,1.987322000788117e-05,0.499281670416237,6.935296550282277e-09,0.4992816704162441,2.6320519398807075e-09,0.0014041591461476227,9.805874310262393e-08,2.9238684013396224e-07
Random8567
Raw:1.0104241096782794e-05,2.122547334954209e-06,1.987322000788117e-05,0.499281670416237,6.935296550282277e-09,0.4992816704162441,2.6320519398807075e-09,0.0014041591461476227,9.805874310262393e-08,2.9238684013396224e-07
EFT:1.0104241096782794e-05,2.122547334954209e-06,1.987322000788117e-05,0.499281670416237,6.935296550282277e-09,0.4992816704162441,2.6320519398807075e-09,0.0014041591461476227,9.805874310262393e-08,2.9238684013396224e-07
Random8568
Raw:1.0104241096782867e-05,2.122547334954224e-06,1.987322000788131e-05,0.49928167041624055,6.935296550282326e-09,0.49928167041624055,2.6320519398807265e-09,0.0014041591461476327,9.805874310262462e-08,2.923868401339643e-07
EFT:1.0104241096782794e-05,2.122547334954209e-06,1.987322000788117e-05,0.499281670416237,6.935296550282277e-09,0.4992816704162441,2.6320519398807075e-09,0.0014041591461476227,9.805874310262393e-08,2.9238684013396224e-07
Random8569
Raw:1.0104241096782867e-05,2.122547334954224e-06,1.987322000788131e-05,0.49928167041624055,6.935296550282326e-09,0.49928167041624055,2.6320519398807265e-09,0.0014041591461476327,9.805874310262323e-08,2.923868401339643e-07
EFT:1.0104241096782794e-05,2.122547334954209e-06,1.987322000788117e-05,0.499281670416237,6.935296550282277e-09,0.4992816704162441,2.6320519398807075e-09,0.0014041591461476227,9.805874310262393e-08,2.9238684013396224e-07
Random8570
Raw:1.0104241096782794e-05,2.122547334954209e-06,1.987322000788117e-05,0.499281670416237,6.935296550282277e-09,0.4992816704162441,2.6320519398807075e-09,0.0014041591461476026,9.805874310262393e-08,2.9238684013396224e-07
EFT:1.0104241096782794e-05,2.122547334954209e-06,1.987322000788117e-05,0.499281670416237,6.935296550282277e-09,0.4992816704162441,2.6320519398807075e-09,0.0014041591461476227,9.805874310262393e-08,2.9238684013396224e-07
Random8571
Raw:1.0104241096782938e-05,2.122547334954209e-06,1.987322000788117e-05,0.499281670416237,6.935296550282277e-09,0.4992816704162441,2.632051939880745e-09,0.0014041591461476427,9.805874310262393e-08,2.9238684013396224e-07
EFT:1.0104241096782794e-05,2.122547334954209e-06,1.987322000788117e-05,0.499281670416237,6.935296550282277e-09,0.4992816704162441,2.6320519398807075e-09,0.0014041591461476227,9.805874310262393e-08,2.9238684013396224e-07
Random8572
Raw:1.0104241096782867e-05,2.122547334954224e-06,1.9873220007881028e-05,0.49928167041624055,6.935296550282326e-09,0.49928167041624055,2.6320519398807265e-09,0.0014041591461476128,9.805874310262462e-08,2.923868401339643e-07
EFT:1.0104241096782794e-05,2.122547334954209e-06,1.987322000788117e-05,0.499281670416237,6.935296550282277e-09,0.4992816704162441,2.6320519398807075e-09,0.0014041591461476227,9.805874310262393e-08,2.9238684013396224e-07
Random8573
Raw:1.0104241096782938e-05,2.1225473349541788e-06,1.9873220007880885e-05,0.499281670416237,6.935296550282277e-09,0.4992816704162441,2.632051939880745e-09,0.0014041591461476026,9.805874310262532e-08,2.9238684013396224e-07
EFT:1.0104241096782794e-05,2.122547334954209e-06,1.987322000788117e-05,0.499281670416237,6.935296550282277e-09,0.4992816704162441,2.6320519398807075e-09,0.0014041591461476227,9.805874310262393e-08,2.9238684013396224e-07
Random8574
Raw:1.0104241096782723e-05,2.122547334954194e-06,1.9873220007881028e-05,0.49928167041624055,6.93529655028213e-09,0.49928167041624055,2.6320519398806513e-09,0.0014041591461476327,9.805874310262323e-08,2.923868401339602e-07
EFT:1.0104241096782794e-05,2.122547334954209e-06,1.987322000788117e-05,0.499281670416237,6.935296550282277e-09,0.4992816704162441,2.6320519398807075e-09,0.0014041591461476227,9.805874310262393e-08,2.9238684013396224e-07
Random8575
Raw:1.0104241096782867e-05,2.122547334954224e-06,1.987322000788131e-05,0.49928167041624055,6.935296550282326e-09,0.49928167041624055,2.6320519398807265e-09,0.0014041591461476327,9.805874310262462e-08,2.923868401339643e-07
EFT:1.0104241096782794e-05,2.122547334954209e-06,1.987322000788117e-05,0.499281670416237,6.935296550282277e-09,0.4992816704162441,2.6320519398807075e-09,0.0014041591461476227,9.805874310262393e-08,2.9238684013396224e-07
Random8576
Raw:1.0104241096783009e-05,2.122547334954224e-06,1.987322000788131e-05,0.49928167041623345,6.935296550282327e-09,0.49928167041624766,2.6320519398807638e-09,0.0014041591461476327,9.805874310262601e-08,2.9238684013396436e-07
EFT:1.0104241096782794e-05,2.122547334954209e-06,1.987322000788117e-05,0.499281670416237,6.935296550282277e-09,0.4992816704162441,2.6320519398807075e-09,0.0014041591461476227,9.805874310262393e-08,2.9238684013396224e-07
Random8577
Raw:1.0104241096782865e-05,2.122547334954194e-06,1.9873220007881028e-05,0.49928167041623345,6.935296550282228e-09,0.49928167041624766,2.632051939880726e-09,0.0014041591461476126,9.805874310262462e-08,2.9238684013396436e-07
EFT:1.0104241096782794e-05,2.122547334954209e-06,1.987322000788117e-05,0.499281670416237,6.935296550282277e-09,0.4992816704162441,2.6320519398807075e-09,0.0014041591461476227,9.805874310262393e-08,2.9238684013396224e-07
Random8578
Raw:1.0104241096782938e-05,2.122547334954209e-06,1.9873220007880885e-05,0.499281670416237,6.935296550282277e-09,0.4992816704162441,2.632051939880745e-09,0.0014041591461476227,9.805874310262532e-08,2.9238684013396224e-07
EFT:1.0104241096782794e-05,2.122547334954209e-06,1.987322000788117e-05,0.499281670416237,6.935296550282277e-09,0.4992816704162441,2.6320519398807075e-09,0.0014041591461476227,9.805874310262393e-08,2.9238684013396224e-07
Random8579
Raw:1.0104241096782938e-05,2.122547334954209e-06,1.987322000788117e-05,0.499281670416237,6.9352965502823754e-09,0.4992816704162441,2.632051939880745e-09,0.0014041591461476227,9.805874310262532e-08,2.9238684013396637e-07
EFT:1.0104241096782794e-05,2.122547334954209e-06,1.987322000788117e-05,0.499281670416237,6.935296550282277e-09,0.4992816704162441,2.6320519398807075e-09,0.0014041591461476227,9.805874310262393e-08,2.9238684013396224e-07
Random8580
Raw:1.0104241096782867e-05,2.122547334954224e-06,1.9873220007881028e-05,0.49928167041624055,6.935296550282326e-09,0.49928167041624055,2.6320519398807638e-09,0.0014041591461476128,9.805874310262462e-08,2.923868401339643e-07
EFT:1.0104241096782794e-05,2.122547334954209e-06,1.987322000788117e-05,0.499281670416237,6.935296550282277e-09,0.4992816704162441,2.6320519398807075e-09,0.0014041591461476227,9.805874310262393e-08,2.9238684013396224e-07
Random8581
Raw:1.0104241096782938e-05,2.122547334954209e-06,1.9873220007880885e-05,0.499281670416237,6.935296550282277e-09,0.4992816704162441,2.632051939880745e-09,0.0014041591461476227,9.805874310262532e-08,2.9238684013396224e-07
EFT:1.0104241096782794e-05,2.122547334954209e-06,1.987322000788117e-05,0.499281670416237,6.935296550282277e-09,0.4992816704162441,2.6320519398807075e-09,0.0014041591461476227,9.805874310262393e-08,2.9238684013396224e-07
Random8582
Raw:1.0104241096782938e-05,2.122547334954239e-06,1.987322000788145e-05,0.499281670416237,6.935296550282277e-09,0.4992816704162441,2.632051939880745e-09,0.0014041591461476427,9.805874310262532e-08,2.9238684013396224e-07
EFT:1.0104241096782794e-05,2.122547334954209e-06,1.987322000788117e-05,0.499281670416237,6.935296550282277e-09,0.4992816704162441,2.6320519398807075e-09,0.0014041591461476227,9.805874310262393e-08,2.9238684013396224e-07
Random8583
Raw:1.0104241096783009e-05,2.122547334954194e-06,1.9873220007881028e-05,0.49928167041623345,6.935296550282327e-09,0.49928167041624766,2.6320519398807638e-09,0.0014041591461476126,9.805874310262601e-08,2.9238684013396436e-07
EFT:1.0104241096782794e-05,2.122547334954209e-06,1.987322000788117e-05,0.499281670416237,6.935296550282277e-09,0.4992816704162441,2.6320519398807075e-09,0.0014041591461476227,9.805874310262393e-08,2.9238684013396224e-07
Random8584
Raw:1.0104241096782794e-05,2.122547334954209e-06,1.987322000788117e-05,0.499281670416237,6.935296550282277e-09,0.4992816704162441,2.632051939880745e-09,0.0014041591461476227,9.805874310262254e-08,2.9238684013396224e-07
EFT:1.0104241096782794e-05,2.122547334954209e-06,1.987322000788117e-05,0.499281670416237,6.935296550282277e-09,0.4992816704162441,2.6320519398807075e-09,0.0014041591461476227,9.805874310262393e-08,2.9238684013396224e-07
Random8585
Raw:1.0104241096783009e-05,2.122547334954194e-06,1.9873220007881028e-05,0.49928167041623345,6.935296550282327e-09,0.49928167041624766,2.6320519398807638e-09,0.0014041591461476126,9.805874310262601e-08,2.9238684013396436e-07
EFT:1.0104241096782794e-05,2.122547334954209e-06,1.987322000788117e-05,0.499281670416237,6.935296550282277e-09,0.4992816704162441,2.6320519398807075e-09,0.0014041591461476227,9.805874310262393e-08,2.9238684013396224e-07
Random8586
Raw:1.0104241096782938e-05,2.1225473349541788e-06,1.9873220007880885e-05,0.499281670416237,6.935296550282277e-09,0.4992816704162441,2.632051939880745e-09,0.0014041591461476026,9.805874310262532e-08,2.9238684013396224e-07
EFT:1.0104241096782794e-05,2.122547334954209e-06,1.987322000788117e-05,0.499281670416237,6.935296550282277e-09,0.4992816704162441,2.6320519398807075e-09,0.0014041591461476227,9.805874310262393e-08,2.9238684013396224e-07
Random8587
Raw:1.0104241096782794e-05,2.122547334954209e-06,1.987322000788117e-05,0.499281670416237,6.9352965502821786e-09,0.4992816704162441,2.632051939880745e-09,0.0014041591461476227,9.805874310262254e-08,2.9238684013396224e-07
EFT:1.0104241096782794e-05,2.122547334954209e-06,1.987322000788117e-05,0.499281670416237,6.935296550282277e-09,0.4992816704162441,2.6320519398807075e-09,0.0014041591461476227,9.805874310262393e-08,2.9238684013396224e-07
Random8588
Raw:1.0104241096782723e-05,2.122547334954194e-06,1.9873220007881028e-05,0.49928167041624055,6.935296550282228e-09,0.49928167041624055,2.632051939880689e-09,0.0014041591461476128,9.805874310262184e-08,2.923868401339602e-07
EFT:1.0104241096782794e-05,2.122547334954209e-06,1.987322000788117e-05,0.499281670416237,6.935296550282277e-09,0.4992816704162441,2.6320519398807075e-09,0.0014041591461476227,9.805874310262393e-08,2.9238684013396224e-07
Random8589
Raw:1.0104241096782938e-05,2.122547334954209e-06,1.987322000788117e-05,0.499281670416237,6.935296550282277e-09,0.4992816704162441,2.632051939880745e-09,0.0014041591461476227,9.805874310262393e-08,2.9238684013396637e-07
EFT:1.0104241096782794e-05,2.122547334954209e-06,1.987322000788117e-05,0.499281670416237,6.935296550282277e-09,0.4992816704162441,2.6320519398807075e-09,0.0014041591461476227,9.805874310262393e-08,2.9238684013396224e-07
Random8590
Raw:1.0104241096782938e-05,2.122547334954239e-06,1.987322000788117e-05,0.499281670416237,6.935296550282277e-09,0.4992816704162441,2.632051939880745e-09,0.0014041591461476427,9.805874310262393e-08,2.9238684013396637e-07
EFT:1.0104241096782794e-05,2.122547334954209e-06,1.987322000788117e-05,0.499281670416237,6.935296550282277e-09,0.4992816704162441,2.6320519398807075e-09,0.0014041591461476227,9.805874310262393e-08,2.9238684013396224e-07
Random8591
Raw:1.0104241096782938e-05,2.122547334954209e-06,1.987322000788117e-05,0.499281670416237,6.935296550282277e-09,0.4992816704162441,2.632051939880745e-09,0.0014041591461476427,9.805874310262393e-08,2.9238684013396224e-07
EFT:1.0104241096782794e-05,2.122547334954209e-06,1.987322000788117e-05,0.499281670416237,6.935296550282277e-09,0.4992816704162441,2.6320519398807075e-09,0.0014041591461476227,9.805874310262393e-08,2.9238684013396224e-07
Random8592
Raw:1.0104241096782867e-05,2.122547334954194e-06,1.9873220007881028e-05,0.49928167041624055,6.935296550282228e-09,0.49928167041624055,2.632051939880689e-09,0.0014041591461476327,9.805874310262323e-08,2.923868401339602e-07
EFT:1.0104241096782794e-05,2.122547334954209e-06,1.987322000788117e-05,0.499281670416237,6.935296550282277e-09,0.4992816704162441,2.6320519398807075e-09,0.0014041591461476227,9.805874310262393e-08,2.9238684013396224e-07
Random8593
Raw:1.0104241096782794e-05,2.122547334954209e-06,1.987322000788117e-05,0.499281670416237,6.9352965502821786e-09,0.4992816704162441,2.632051939880745e-09,0.0014041591461476227,9.805874310262254e-08,2.9238684013396224e-07
EFT:1.0104241096782794e-05,2.122547334954209e-06,1.987322000788117e-05,0.499281670416237,6.935296550282277e-09,0.4992816704162441,2.6320519398807075e-09,0.0014041591461476227,9.805874310262393e-08,2.9238684013396224e-07
Random8594
Raw:1.0104241096782938e-05,2.122547334954209e-06,1.987322000788117e-05,0.499281670416237,6.935296550282277e-09,0.4992816704162441,2.632051939880745e-09,0.0014041591461476227,9.805874310262532e-08,2.9238684013396224e-07
EFT:1.0104241096782794e-05,2.122547334954209e-06,1.987322000788117e-05,0.499281670416237,6.935296550282277e-09,0.4992816704162441,2.6320519398807075e-09,0.0014041591461476227,9.805874310262393e-08,2.9238684013396224e-07
Random8595
Raw:1.0104241096782938e-05,2.122547334954209e-06,1.987322000788117e-05,0.499281670416237,6.9352965502823754e-09,0.4992816704162441,2.632051939880745e-09,0.0014041591461476227,9.805874310262532e-08,2.9238684013396637e-07
EFT:1.0104241096782794e-05,2.122547334954209e-06,1.987322000788117e-05,0.499281670416237,6.935296550282277e-09,0.4992816704162441,2.6320519398807075e-09,0.0014041591461476227,9.805874310262393e-08,2.9238684013396224e-07
Random8596
Raw:1.0104241096782723e-05,2.122547334954194e-06,1.9873220007881028e-05,0.49928167041624055,6.935296550282228e-09,0.49928167041624055,2.6320519398806513e-09,0.0014041591461476327,9.805874310262323e-08,2.923868401339602e-07
EFT:1.0104241096782794e-05,2.122547334954209e-06,1.987322000788117e-05,0.499281670416237,6.935296550282277e-09,0.4992816704162441,2.6320519398807075e-09,0.0014041591461476227,9.805874310262393e-08,2.9238684013396224e-07
Random8597
Raw:1.0104241096782938e-05,2.122547334954239e-06,1.987322000788145e-05,0.499281670416237,6.935296550282277e-09,0.4992816704162441,2.632051939880745e-09,0.0014041591461476427,9.805874310262393e-08,2.9238684013396637e-07
EFT:1.0104241096782794e-05,2.122547334954209e-06,1.987322000788117e-05,0.499281670416237,6.935296550282277e-09,0.4992816704162441,2.6320519398807075e-09,0.0014041591461476227,9.805874310262393e-08,2.9238684013396224e-07
Random8598
Raw:1.0104241096782938e-05,2.122547334954209e-06,1.987322000788117e-05,0.499281670416237,6.9352965502823754e-09,0.4992816704162441,2.632051939880745e-09,0.0014041591461476227,9.805874310262672e-08,2.9238684013396637e-07
EFT:1.0104241096782794e-05,2.122547334954209e-06,1.987322000788117e-05,0.499281670416237,6.935296550282277e-09,0.4992816704162441,2.6320519398807075e-09,0.0014041591461476227,9.805874310262393e-08,2.9238684013396224e-07
Random8599
Raw:1.0104241096782867e-05,2.122547334954194e-06,1.9873220007881028e-05,0.49928167041624055,6.935296550282326e-09,0.49928167041624055,2.6320519398807265e-09,0.0014041591461476128,9.805874310262602e-08,2.923868401339643e-07
EFT:1.0104241096782794e-05,2.122547334954209e-06,1.987322000788117e-05,0.499281670416237,6.935296550282277e-09,0.4992816704162441,2.6320519398807075e-09,0.0014041591461476227,9.805874310262393e-08,2.9238684013396224e-07
Random8600
Raw:1.0104241096783009e-05,2.122547334954194e-06,1.9873220007881028e-05,0.49928167041623345,6.935296550282424e-09,0.49928167041624766,2.632051939880801e-09,0.0014041591461476126,9.805874310262601e-08,2.923868401339685e-07
EFT:1.0104241096782794e-05,2.122547334954209e-06,1.987322000788117e-05,0.499281670416237,6.935296550282277e-09,0.4992816704162441,2.6320519398807075e-09,0.0014041591461476227,9.805874310262393e-08,2.9238684013396224e-07
Random8601
Raw:1.0104241096782794e-05,2.1225473349541788e-06,1.9873220007880885e-05,0.499281670416237,6.935296550282277e-09,0.4992816704162441,2.632051939880745e-09,0.0014041591461476026,9.805874310262254e-08,2.9238684013396224e-07
EFT:1.0104241096782794e-05,2.122547334954209e-06,1.987322000788117e-05,0.499281670416237,6.935296550282277e-09,0.4992816704162441,2.6320519398807075e-09,0.0014041591461476227,9.805874310262393e-08,2.9238684013396224e-07
Random8602
Raw:1.0104241096782938e-05,2.122547334954239e-06,1.987322000788117e-05,0.499281670416237,6.935296550282277e-09,0.4992816704162441,2.632051939880745e-09,0.0014041591461476427,9.805874310262393e-08,2.9238684013396637e-07
EFT:1.0104241096782794e-05,2.122547334954209e-06,1.987322000788117e-05,0.499281670416237,6.935296550282277e-09,0.4992816704162441,2.6320519398807075e-09,0.0014041591461476227,9.805874310262393e-08,2.9238684013396224e-07
Random8603
Raw:1.0104241096782867e-05,2.122547334954194e-06,1.9873220007881028e-05,0.49928167041624055,6.935296550282326e-09,0.49928167041624055,2.6320519398807265e-09,0.0014041591461476128,9.805874310262323e-08,2.923868401339643e-07
EFT:1.0104241096782794e-05,2.122547334954209e-06,1.987322000788117e-05,0.499281670416237,6.935296550282277e-09,0.4992816704162441,2.6320519398807075e-09,0.0014041591461476227,9.805874310262393e-08,2.9238684013396224e-07
Random8604
Raw:1.0104241096782794e-05,2.122547334954209e-06,1.987322000788117e-05,0.4992816704162441,6.935296550282277e-09,0.499281670416237,2.6320519398807075e-09,0.0014041591461476227,9.805874310262393e-08,2.9238684013396224e-07
EFT:1.0104241096782794e-05,2.122547334954209e-06,1.987322000788117e-05,0.499281670416237,6.935296550282277e-09,0.4992816704162441,2.6320519398807075e-09,0.0014041591461476227,9.805874310262393e-08,2.9238684013396224e-07
Random8605
Raw:1.0104241096782938e-05,2.122547334954239e-06,1.987322000788117e-05,0.499281670416237,6.9352965502823754e-09,0.4992816704162441,2.6320519398807824e-09,0.0014041591461476227,9.805874310262532e-08,2.9238684013396637e-07
EFT:1.0104241096782794e-05,2.122547334954209e-06,1.987322000788117e-05,0.499281670416237,6.935296550282277e-09,0.4992816704162441,2.6320519398807075e-09,0.0014041591461476227,9.805874310262393e-08,2.9238684013396224e-07
Random8606
Raw:1.0104241096782938e-05,2.122547334954209e-06,1.987322000788117e-05,0.499281670416237,6.935296550282277e-09,0.4992816704162441,2.632051939880745e-09,0.0014041591461476227,9.805874310262532e-08,2.9238684013396224e-07
EFT:1.0104241096782794e-05,2.122547334954209e-06,1.987322000788117e-05,0.499281670416237,6.935296550282277e-09,0.4992816704162441,2.6320519398807075e-09,0.0014041591461476227,9.805874310262393e-08,2.9238684013396224e-07
Random8607
Raw:1.0104241096782938e-05,2.122547334954209e-06,1.987322000788117e-05,0.499281670416237,6.935296550282277e-09,0.4992816704162441,2.632051939880745e-09,0.0014041591461476427,9.805874310262393e-08,2.9238684013396224e-07
EFT:1.0104241096782794e-05,2.122547334954209e-06,1.987322000788117e-05,0.499281670416237,6.935296550282277e-09,0.4992816704162441,2.6320519398807075e-09,0.0014041591461476227,9.805874310262393e-08,2.9238684013396224e-07
Random8608
Raw:1.0104241096782867e-05,2.122547334954224e-06,1.9873220007881028e-05,0.49928167041624055,6.935296550282326e-09,0.49928167041624055,2.6320519398807265e-09,0.0014041591461476327,9.805874310262323e-08,2.923868401339643e-07
EFT:1.0104241096782794e-05,2.122547334954209e-06,1.987322000788117e-05,0.499281670416237,6.935296550282277e-09,0.4992816704162441,2.6320519398807075e-09,0.0014041591461476227,9.805874310262393e-08,2.9238684013396224e-07
Random8609
Raw:1.0104241096782794e-05,2.122547334954209e-06,1.9873220007880885e-05,0.499281670416237,6.9352965502821786e-09,0.4992816704162441,2.6320519398807075e-09,0.0014041591461476026,9.805874310262393e-08,2.9238684013396224e-07
EFT:1.0104241096782794e-05,2.122547334954209e-06,1.987322000788117e-05,0.499281670416237,6.935296550282277e-09,0.4992816704162441,2.6320519398807075e-09,0.0014041591461476227,9.805874310262393e-08,2.9238684013396224e-07
Random8610
Raw:1.0104241096782938e-05,2.122547334954209e-06,1.987322000788117e-05,0.499281670416237,6.935296550282277e-09,0.4992816704162441,2.632051939880745e-09,0.0014041591461476427,9.805874310262393e-08,2.9238684013396224e-07
EFT:1.0104241096782794e-05,2.122547334954209e-06,1.987322000788117e-05,0.499281670416237,6.935296550282277e-09,0.4992816704162441,2.6320519398807075e-09,0.0014041591461476227,9.805874310262393e-08,2.9238684013396224e-07
Random8611
Raw:1.0104241096782723e-05,2.122547334954194e-06,1.9873220007881028e-05,0.49928167041624055,6.93529655028213e-09,0.49928167041624055,2.6320519398806513e-09,0.0014041591461476327,9.805874310262323e-08,2.923868401339602e-07
EFT:1.0104241096782794e-05,2.122547334954209e-06,1.987322000788117e-05,0.499281670416237,6.935296550282277e-09,0.4992816704162441,2.6320519398807075e-09,0.0014041591461476227,9.805874310262393e-08,2.9238684013396224e-07
Random8612
Raw:1.0104241096782867e-05,2.122547334954224e-06,1.987322000788131e-05,0.49928167041624055,6.935296550282326e-09,0.49928167041624055,2.6320519398807265e-09,0.0014041591461476128,9.805874310262462e-08,2.923868401339643e-07
EFT:1.0104241096782794e-05,2.122547334954209e-06,1.987322000788117e-05,0.499281670416237,6.935296550282277e-09,0.4992816704162441,2.6320519398807075e-09,0.0014041591461476227,9.805874310262393e-08,2.9238684013396224e-07
Random8613
Raw:1.0104241096782938e-05,2.122547334954239e-06,1.987322000788145e-05,0.499281670416237,6.9352965502823754e-09,0.4992816704162441,2.632051939880745e-09,0.0014041591461476427,9.805874310262532e-08,2.9238684013396637e-07
EFT:1.0104241096782794e-05,2.122547334954209e-06,1.987322000788117e-05,0.499281670416237,6.935296550282277e-09,0.4992816704162441,2.6320519398807075e-09,0.0014041591461476227,9.805874310262393e-08,2.9238684013396224e-07
Random8614
Raw:1.0104241096782938e-05,2.122547334954209e-06,1.9873220007880885e-05,0.499281670416237,6.935296550282277e-09,0.4992816704162441,2.632051939880745e-09,0.0014041591461476227,9.805874310262393e-08,2.9238684013396224e-07
EFT:1.0104241096782794e-05,2.122547334954209e-06,1.987322000788117e-05,0.499281670416237,6.935296550282277e-09,0.4992816704162441,2.6320519398807075e-09,0.0014041591461476227,9.805874310262393e-08,2.9238684013396224e-07
Random8615
Raw:1.0104241096782938e-05,2.122547334954239e-06,1.987322000788145e-05,0.499281670416237,6.935296550282277e-09,0.4992816704162441,2.632051939880745e-09,0.0014041591461476427,9.805874310262532e-08,2.9238684013396224e-07
EFT:1.0104241096782794e-05,2.122547334954209e-06,1.987322000788117e-05,0.499281670416237,6.935296550282277e-09,0.4992816704162441,2.6320519398807075e-09,0.0014041591461476227,9.805874310262393e-08,2.9238684013396224e-07
Random8616
Raw:1.0104241096782938e-05,2.122547334954209e-06,1.987322000788117e-05,0.499281670416237,6.935296550282277e-09,0.4992816704162441,2.632051939880745e-09,0.0014041591461476227,9.805874310262532e-08,2.9238684013396224e-07
EFT:1.0104241096782794e-05,2.122547334954209e-06,1.987322000788117e-05,0.499281670416237,6.935296550282277e-09,0.4992816704162441,2.6320519398807075e-09,0.0014041591461476227,9.805874310262393e-08,2.9238684013396224e-07
Random8617
Raw:1.0104241096783009e-05,2.122547334954224e-06,1.987322000788131e-05,0.49928167041623345,6.935296550282424e-09,0.49928167041624766,2.632051939880801e-09,0.0014041591461476126,9.805874310262741e-08,2.923868401339685e-07
EFT:1.0104241096782794e-05,2.122547334954209e-06,1.987322000788117e-05,0.499281670416237,6.935296550282277e-09,0.4992816704162441,2.6320519398807075e-09,0.0014041591461476227,9.805874310262393e-08,2.9238684013396224e-07
Random8618
Raw:1.0104241096783009e-05,2.122547334954194e-06,1.9873220007881028e-05,0.49928167041623345,6.935296550282327e-09,0.49928167041624766,2.6320519398807638e-09,0.0014041591461476327,9.805874310262462e-08,2.9238684013396436e-07
EFT:1.0104241096782794e-05,2.122547334954209e-06,1.987322000788117e-05,0.499281670416237,6.935296550282277e-09,0.4992816704162441,2.6320519398807075e-09,0.0014041591461476227,9.805874310262393e-08,2.9238684013396224e-07
Random8619
Raw:1.0104241096782938e-05,2.122547334954209e-06,1.9873220007880885e-05,0.499281670416237,6.935296550282277e-09,0.4992816704162441,2.632051939880745e-09,0.0014041591461476227,9.805874310262532e-08,2.9238684013396224e-07
EFT:1.0104241096782794e-05,2.122547334954209e-06,1.987322000788117e-05,0.499281670416237,6.935296550282277e-09,0.4992816704162441,2.6320519398807075e-09,0.0014041591461476227,9.805874310262393e-08,2.9238684013396224e-07
Random8620
Raw:1.0104241096782865e-05,2.122547334954194e-06,1.9873220007881028e-05,0.49928167041623345,6.935296550282228e-09,0.49928167041624766,2.6320519398807638e-09,0.0014041591461476126,9.805874310262324e-08,2.9238684013396436e-07
EFT:1.0104241096782794e-05,2.122547334954209e-06,1.987322000788117e-05,0.499281670416237,6.935296550282277e-09,0.4992816704162441,2.6320519398807075e-09,0.0014041591461476227,9.805874310262393e-08,2.9238684013396224e-07
Random8621
Raw:1.0104241096783082e-05,2.1225473349542093e-06,1.9873220007881167e-05,0.4992816704162299,6.9352965502823754e-09,0.49928167041625116,2.6320519398808196e-09,0.0014041591461476026,9.805874310262671e-08,2.923868401339664e-07
EFT:1.0104241096782794e-05,2.122547334954209e-06,1.987322000788117e-05,0.499281670416237,6.935296550282277e-09,0.4992816704162441,2.6320519398807075e-09,0.0014041591461476227,9.805874310262393e-08,2.9238684013396224e-07
Random8622
Raw:1.0104241096782794e-05,2.122547334954209e-06,1.987322000788117e-05,0.499281670416237,6.9352965502821786e-09,0.4992816704162441,2.6320519398807075e-09,0.0014041591461476026,9.805874310262393e-08,2.9238684013396224e-07
EFT:1.0104241096782794e-05,2.122547334954209e-06,1.987322000788117e-05,0.499281670416237,6.935296550282277e-09,0.4992816704162441,2.6320519398807075e-09,0.0014041591461476227,9.805874310262393e-08,2.9238684013396224e-07
Random8623
Raw:1.0104241096782867e-05,2.122547334954194e-06,1.9873220007881028e-05,0.49928167041624055,6.935296550282326e-09,0.49928167041624055,2.6320519398807265e-09,0.0014041591461476128,9.805874310262323e-08,2.923868401339643e-07
EFT:1.0104241096782794e-05,2.122547334954209e-06,1.987322000788117e-05,0.499281670416237,6.935296550282277e-09,0.4992816704162441,2.6320519398807075e-09,0.0014041591461476227,9.805874310262393e-08,2.9238684013396224e-07
Random8624
Raw:1.0104241096782938e-05,2.122547334954239e-06,1.987322000788145e-05,0.4992816704162441,6.9352965502823754e-09,0.499281670416237,2.6320519398807075e-09,0.0014041591461476427,9.805874310262393e-08,2.9238684013396224e-07
EFT:1.0104241096782794e-05,2.122547334954209e-06,1.987322000788117e-05,0.499281670416237,6.935296550282277e-09,0.4992816704162441,2.6320519398807075e-09,0.0014041591461476227,9.805874310262393e-08,2.9238684013396224e-07
Random8625
Raw:1.0104241096782938e-05,2.122547334954209e-06,1.9873220007880885e-05,0.499281670416237,6.935296550282277e-09,0.4992816704162441,2.632051939880745e-09,0.0014041591461476227,9.805874310262393e-08,2.9238684013396224e-07
EFT:1.0104241096782794e-05,2.122547334954209e-06,1.987322000788117e-05,0.499281670416237,6.935296550282277e-09,0.4992816704162441,2.6320519398807075e-09,0.0014041591461476227,9.805874310262393e-08,2.9238684013396224e-07
Random8626
Raw:1.0104241096782867e-05,2.122547334954224e-06,1.987322000788131e-05,0.49928167041624055,6.935296550282326e-09,0.49928167041624055,2.6320519398807265e-09,0.0014041591461476327,9.805874310262462e-08,2.923868401339643e-07
EFT:1.0104241096782794e-05,2.122547334954209e-06,1.987322000788117e-05,0.499281670416237,6.935296550282277e-09,0.4992816704162441,2.6320519398807075e-09,0.0014041591461476227,9.805874310262393e-08,2.9238684013396224e-07
Random8627
Raw:1.0104241096782938e-05,2.122547334954209e-06,1.987322000788117e-05,0.499281670416237,6.935296550282277e-09,0.4992816704162441,2.632051939880745e-09,0.0014041591461476427,9.805874310262393e-08,2.9238684013396224e-07
EFT:1.0104241096782794e-05,2.122547334954209e-06,1.987322000788117e-05,0.499281670416237,6.935296550282277e-09,0.4992816704162441,2.6320519398807075e-09,0.0014041591461476227,9.805874310262393e-08,2.9238684013396224e-07
Random8628
Raw:1.0104241096782938e-05,2.122547334954209e-06,1.987322000788117e-05,0.499281670416237,6.935296550282277e-09,0.4992816704162441,2.632051939880745e-09,0.0014041591461476227,9.805874310262532e-08,2.9238684013396224e-07
EFT:1.0104241096782794e-05,2.122547334954209e-06,1.987322000788117e-05,0.499281670416237,6.935296550282277e-09,0.4992816704162441,2.6320519398807075e-09,0.0014041591461476227,9.805874310262393e-08,2.9238684013396224e-07
Random8629
Raw:1.0104241096782938e-05,2.122547334954209e-06,1.987322000788117e-05,0.499281670416237,6.9352965502823754e-09,0.4992816704162441,2.6320519398807824e-09,0.0014041591461476026,9.805874310262393e-08,2.9238684013396637e-07
EFT:1.0104241096782794e-05,2.122547334954209e-06,1.987322000788117e-05,0.499281670416237,6.935296550282277e-09,0.4992816704162441,2.6320519398807075e-09,0.0014041591461476227,9.805874310262393e-08,2.9238684013396224e-07
Random8630
Raw:1.0104241096782794e-05,2.1225473349541788e-06,1.9873220007880885e-05,0.499281670416237,6.9352965502821786e-09,0.4992816704162441,2.63205193988067e-09,0.0014041591461476227,9.805874310262393e-08,2.923868401339581e-07
EFT:1.0104241096782794e-05,2.122547334954209e-06,1.987322000788117e-05,0.499281670416237,6.935296550282277e-09,0.4992816704162441,2.6320519398807075e-09,0.0014041591461476227,9.805874310262393e-08,2.9238684013396224e-07
Random8631
Raw:1.0104241096782938e-05,2.122547334954239e-06,1.987322000788117e-05,0.499281670416237,6.935296550282277e-09,0.4992816704162441,2.632051939880745e-09,0.0014041591461476427,9.805874310262393e-08,2.9238684013396637e-07
EFT:1.0104241096782794e-05,2.122547334954209e-06,1.987322000788117e-05,0.499281670416237,6.935296550282277e-09,0.4992816704162441,2.6320519398807075e-09,0.0014041591461476227,9.805874310262393e-08,2.9238684013396224e-07
Random8632
Raw:1.0104241096782938e-05,2.122547334954239e-06,1.9873220007880885e-05,0.499281670416237,6.935296550282277e-09,0.4992816704162441,2.632051939880745e-09,0.0014041591461476227,9.805874310262532e-08,2.9238684013396224e-07
EFT:1.0104241096782794e-05,2.122547334954209e-06,1.987322000788117e-05,0.499281670416237,6.935296550282277e-09,0.4992816704162441,2.6320519398807075e-09,0.0014041591461476227,9.805874310262393e-08,2.9238684013396224e-07
Random8633
Raw:1.0104241096782865e-05,2.122547334954194e-06,1.9873220007880747e-05,0.49928167041623345,6.935296550282327e-09,0.49928167041624766,2.6320519398807638e-09,0.0014041591461475926,9.805874310262462e-08,2.9238684013396436e-07
EFT:1.0104241096782794e-05,2.122547334954209e-06,1.987322000788117e-05,0.499281670416237,6.935296550282277e-09,0.4992816704162441,2.6320519398807075e-09,0.0014041591461476227,9.805874310262393e-08,2.9238684013396224e-07
Random8634
Raw:1.0104241096782865e-05,2.122547334954194e-06,1.9873220007881028e-05,0.49928167041623345,6.935296550282327e-09,0.49928167041624766,2.632051939880726e-09,0.0014041591461476126,9.805874310262462e-08,2.9238684013396436e-07
EFT:1.0104241096782794e-05,2.122547334954209e-06,1.987322000788117e-05,0.499281670416237,6.935296550282277e-09,0.4992816704162441,2.6320519398807075e-09,0.0014041591461476227,9.805874310262393e-08,2.9238684013396224e-07
Random8635
Raw:1.0104241096782938e-05,2.122547334954209e-06,1.987322000788117e-05,0.499281670416237,6.9352965502823754e-09,0.4992816704162441,2.632051939880745e-09,0.0014041591461476227,9.805874310262532e-08,2.9238684013396637e-07
EFT:1.0104241096782794e-05,2.122547334954209e-06,1.987322000788117e-05,0.499281670416237,6.935296550282277e-09,0.4992816704162441,2.6320519398807075e-09,0.0014041591461476227,9.805874310262393e-08,2.9238684013396224e-07
Random8636
Raw:1.0104241096782867e-05,2.122547334954224e-06,1.987322000788131e-05,0.49928167041624055,6.935296550282326e-09,0.49928167041624055,2.6320519398807638e-09,0.0014041591461476327,9.805874310262462e-08,2.923868401339643e-07
EFT:1.0104241096782794e-05,2.122547334954209e-06,1.987322000788117e-05,0.499281670416237,6.935296550282277e-09,0.4992816704162441,2.6320519398807075e-09,0.0014041591461476227,9.805874310262393e-08,2.9238684013396224e-07
Random8637
Raw:1.0104241096782867e-05,2.122547334954224e-06,1.9873220007881028e-05,0.49928167041624055,6.935296550282326e-09,0.49928167041624055,2.6320519398807265e-09,0.0014041591461476327,9.805874310262602e-08,2.923868401339643e-07
EFT:1.0104241096782794e-05,2.122547334954209e-06,1.987322000788117e-05,0.499281670416237,6.935296550282277e-09,0.4992816704162441,2.6320519398807075e-09,0.0014041591461476227,9.805874310262393e-08,2.9238684013396224e-07
Random8638
Raw:1.0104241096782938e-05,2.122547334954239e-06,1.987322000788117e-05,0.499281670416237,6.935296550282277e-09,0.4992816704162441,2.632051939880745e-09,0.0014041591461476427,9.805874310262393e-08,2.9238684013396637e-07
EFT:1.0104241096782794e-05,2.122547334954209e-06,1.987322000788117e-05,0.499281670416237,6.935296550282277e-09,0.4992816704162441,2.6320519398807075e-09,0.0014041591461476227,9.805874310262393e-08,2.9238684013396224e-07
Random8639
Raw:1.0104241096782794e-05,2.1225473349541788e-06,1.9873220007880885e-05,0.499281670416237,6.935296550282277e-09,0.4992816704162441,2.632051939880745e-09,0.0014041591461476026,9.805874310262254e-08,2.9238684013396224e-07
EFT:1.0104241096782794e-05,2.122547334954209e-06,1.987322000788117e-05,0.499281670416237,6.935296550282277e-09,0.4992816704162441,2.6320519398807075e-09,0.0014041591461476227,9.805874310262393e-08,2.9238684013396224e-07
Random8640
Raw:1.0104241096782938e-05,2.122547334954209e-06,1.987322000788117e-05,0.499281670416237,6.9352965502823754e-09,0.4992816704162441,2.632051939880745e-09,0.0014041591461476227,9.805874310262532e-08,2.9238684013396637e-07
EFT:1.0104241096782794e-05,2.122547334954209e-06,1.987322000788117e-05,0.499281670416237,6.935296550282277e-09,0.4992816704162441,2.6320519398807075e-09,0.0014041591461476227,9.805874310262393e-08,2.9238684013396224e-07
Random8641
Raw:1.0104241096782938e-05,2.122547334954209e-06,1.987322000788117e-05,0.499281670416237,6.935296550282277e-09,0.4992816704162441,2.632051939880745e-09,0.0014041591461476227,9.805874310262532e-08,2.9238684013396224e-07
EFT:1.0104241096782794e-05,2.122547334954209e-06,1.987322000788117e-05,0.499281670416237,6.935296550282277e-09,0.4992816704162441,2.6320519398807075e-09,0.0014041591461476227,9.805874310262393e-08,2.9238684013396224e-07
Random8642
Raw:1.0104241096782938e-05,2.122547334954209e-06,1.987322000788117e-05,0.499281670416237,6.9352965502823754e-09,0.4992816704162441,2.632051939880745e-09,0.0014041591461476227,9.805874310262532e-08,2.9238684013396637e-07
EFT:1.0104241096782794e-05,2.122547334954209e-06,1.987322000788117e-05,0.499281670416237,6.935296550282277e-09,0.4992816704162441,2.6320519398807075e-09,0.0014041591461476227,9.805874310262393e-08,2.9238684013396224e-07
Random8643
Raw:1.0104241096783009e-05,2.122547334954194e-06,1.9873220007881028e-05,0.49928167041623345,6.935296550282327e-09,0.49928167041624766,2.6320519398807638e-09,0.0014041591461476327,9.805874310262462e-08,2.9238684013396436e-07
EFT:1.0104241096782794e-05,2.122547334954209e-06,1.987322000788117e-05,0.499281670416237,6.935296550282277e-09,0.4992816704162441,2.6320519398807075e-09,0.0014041591461476227,9.805874310262393e-08,2.9238684013396224e-07
Random8644
Raw:1.0104241096782867e-05,2.122547334954224e-06,1.987322000788131e-05,0.49928167041624055,6.935296550282326e-09,0.49928167041624055,2.6320519398807265e-09,0.0014041591461476327,9.805874310262462e-08,2.923868401339643e-07
EFT:1.0104241096782794e-05,2.122547334954209e-06,1.987322000788117e-05,0.499281670416237,6.935296550282277e-09,0.4992816704162441,2.6320519398807075e-09,0.0014041591461476227,9.805874310262393e-08,2.9238684013396224e-07
Random8645
Raw:1.0104241096782794e-05,2.122547334954209e-06,1.987322000788117e-05,0.499281670416237,6.935296550282277e-09,0.4992816704162441,2.632051939880745e-09,0.0014041591461476227,9.805874310262254e-08,2.9238684013396224e-07
EFT:1.0104241096782794e-05,2.122547334954209e-06,1.987322000788117e-05,0.499281670416237,6.935296550282277e-09,0.4992816704162441,2.6320519398807075e-09,0.0014041591461476227,9.805874310262393e-08,2.9238684013396224e-07
Random8646
Raw:1.0104241096782867e-05,2.122547334954224e-06,1.9873220007881028e-05,0.49928167041624055,6.935296550282326e-09,0.49928167041624055,2.6320519398807265e-09,0.0014041591461476128,9.805874310262462e-08,2.923868401339643e-07
EFT:1.0104241096782794e-05,2.122547334954209e-06,1.987322000788117e-05,0.499281670416237,6.935296550282277e-09,0.4992816704162441,2.6320519398807075e-09,0.0014041591461476227,9.805874310262393e-08,2.9238684013396224e-07
Random8647
Raw:1.0104241096782938e-05,2.122547334954239e-06,1.987322000788117e-05,0.499281670416237,6.935296550282277e-09,0.4992816704162441,2.632051939880745e-09,0.0014041591461476427,9.805874310262532e-08,2.9238684013396224e-07
EFT:1.0104241096782794e-05,2.122547334954209e-06,1.987322000788117e-05,0.499281670416237,6.935296550282277e-09,0.4992816704162441,2.6320519398807075e-09,0.0014041591461476227,9.805874310262393e-08,2.9238684013396224e-07
Random8648
Raw:1.0104241096782867e-05,2.122547334954224e-06,1.987322000788131e-05,0.49928167041624055,6.935296550282326e-09,0.49928167041624055,2.6320519398807265e-09,0.0014041591461476128,9.805874310262462e-08,2.923868401339643e-07
EFT:1.0104241096782794e-05,2.122547334954209e-06,1.987322000788117e-05,0.499281670416237,6.935296550282277e-09,0.4992816704162441,2.6320519398807075e-09,0.0014041591461476227,9.805874310262393e-08,2.9238684013396224e-07
Random8649
Raw:1.0104241096782938e-05,2.122547334954209e-06,1.987322000788117e-05,0.499281670416237,6.9352965502823754e-09,0.4992816704162441,2.632051939880745e-09,0.0014041591461476227,9.805874310262672e-08,2.9238684013396637e-07
EFT:1.0104241096782794e-05,2.122547334954209e-06,1.987322000788117e-05,0.499281670416237,6.935296550282277e-09,0.4992816704162441,2.6320519398807075e-09,0.0014041591461476227,9.805874310262393e-08,2.9238684013396224e-07
Random8650
Raw:1.0104241096782794e-05,2.122547334954209e-06,1.9873220007880885e-05,0.499281670416237,6.935296550282277e-09,0.4992816704162441,2.6320519398807075e-09,0.0014041591461476026,9.805874310262393e-08,2.9238684013396224e-07
EFT:1.0104241096782794e-05,2.122547334954209e-06,1.987322000788117e-05,0.499281670416237,6.935296550282277e-09,0.4992816704162441,2.6320519398807075e-09,0.0014041591461476227,9.805874310262393e-08,2.9238684013396224e-07
Random8651
Raw:1.0104241096782794e-05,2.122547334954209e-06,1.987322000788117e-05,0.499281670416237,6.9352965502821786e-09,0.4992816704162441,2.632051939880745e-09,0.0014041591461476227,9.805874310262254e-08,2.9238684013396224e-07
EFT:1.0104241096782794e-05,2.122547334954209e-06,1.987322000788117e-05,0.499281670416237,6.935296550282277e-09,0.4992816704162441,2.6320519398807075e-09,0.0014041591461476227,9.805874310262393e-08,2.9238684013396224e-07
Random8652
Raw:1.0104241096783009e-05,2.122547334954194e-06,1.9873220007881028e-05,0.49928167041623345,6.935296550282327e-09,0.49928167041624766,2.6320519398807638e-09,0.0014041591461476126,9.805874310262601e-08,2.9238684013396436e-07
EFT:1.0104241096782794e-05,2.122547334954209e-06,1.987322000788117e-05,0.499281670416237,6.935296550282277e-09,0.4992816704162441,2.6320519398807075e-09,0.0014041591461476227,9.805874310262393e-08,2.9238684013396224e-07
Random8653
Raw:1.0104241096782938e-05,2.122547334954239e-06,1.987322000788145e-05,0.499281670416237,6.935296550282277e-09,0.4992816704162441,2.632051939880745e-09,0.0014041591461476427,9.805874310262532e-08,2.9238684013396224e-07
EFT:1.0104241096782794e-05,2.122547334954209e-06,1.987322000788117e-05,0.499281670416237,6.935296550282277e-09,0.4992816704162441,2.6320519398807075e-09,0.0014041591461476227,9.805874310262393e-08,2.9238684013396224e-07
Random8654
Raw:1.0104241096782867e-05,2.122547334954224e-06,1.987322000788131e-05,0.49928167041624055,6.935296550282326e-09,0.49928167041624055,2.6320519398807265e-09,0.0014041591461476327,9.805874310262462e-08,2.923868401339643e-07
EFT:1.0104241096782794e-05,2.122547334954209e-06,1.987322000788117e-05,0.499281670416237,6.935296550282277e-09,0.4992816704162441,2.6320519398807075e-09,0.0014041591461476227,9.805874310262393e-08,2.9238684013396224e-07
Random8655
Raw:1.0104241096782867e-05,2.122547334954224e-06,1.987322000788131e-05,0.49928167041624055,6.935296550282326e-09,0.49928167041624055,2.6320519398807265e-09,0.0014041591461476327,9.805874310262323e-08,2.923868401339643e-07
EFT:1.0104241096782794e-05,2.122547334954209e-06,1.987322000788117e-05,0.499281670416237,6.935296550282277e-09,0.4992816704162441,2.6320519398807075e-09,0.0014041591461476227,9.805874310262393e-08,2.9238684013396224e-07
Random8656
Raw:1.0104241096782794e-05,2.122547334954209e-06,1.987322000788117e-05,0.499281670416237,6.935296550282277e-09,0.4992816704162441,2.6320519398807075e-09,0.0014041591461476026,9.805874310262393e-08,2.9238684013396224e-07
EFT:1.0104241096782794e-05,2.122547334954209e-06,1.987322000788117e-05,0.499281670416237,6.935296550282277e-09,0.4992816704162441,2.6320519398807075e-09,0.0014041591461476227,9.805874310262393e-08,2.9238684013396224e-07
Random8657
Raw:1.0104241096782867e-05,2.122547334954194e-06,1.9873220007881028e-05,0.49928167041624055,6.935296550282228e-09,0.49928167041624055,2.632051939880689e-09,0.0014041591461476128,9.805874310262462e-08,2.923868401339602e-07
EFT:1.0104241096782794e-05,2.122547334954209e-06,1.987322000788117e-05,0.499281670416237,6.935296550282277e-09,0.4992816704162441,2.6320519398807075e-09,0.0014041591461476227,9.805874310262393e-08,2.9238684013396224e-07
Random8658
Raw:1.0104241096782867e-05,2.122547334954224e-06,1.9873220007881028e-05,0.49928167041624055,6.935296550282326e-09,0.49928167041624055,2.6320519398807265e-09,0.0014041591461476327,9.805874310262323e-08,2.923868401339643e-07
EFT:1.0104241096782794e-05,2.122547334954209e-06,1.987322000788117e-05,0.499281670416237,6.935296550282277e-09,0.4992816704162441,2.6320519398807075e-09,0.0014041591461476227,9.805874310262393e-08,2.9238684013396224e-07
Random8659
Raw:1.0104241096783082e-05,2.122547334954239e-06,1.987322000788145e-05,0.499281670416237,6.935296550282475e-09,0.4992816704162441,2.6320519398807824e-09,0.0014041591461476427,9.805874310262532e-08,2.9238684013396637e-07
EFT:1.0104241096782794e-05,2.122547334954209e-06,1.987322000788117e-05,0.499281670416237,6.935296550282277e-09,0.4992816704162441,2.6320519398807075e-09,0.0014041591461476227,9.805874310262393e-08,2.9238684013396224e-07
Random8660
Raw:1.0104241096782867e-05,2.122547334954224e-06,1.987322000788131e-05,0.49928167041624055,6.935296550282326e-09,0.49928167041624055,2.6320519398807265e-09,0.0014041591461476327,9.805874310262323e-08,2.923868401339643e-07
EFT:1.0104241096782794e-05,2.122547334954209e-06,1.987322000788117e-05,0.499281670416237,6.935296550282277e-09,0.4992816704162441,2.6320519398807075e-09,0.0014041591461476227,9.805874310262393e-08,2.9238684013396224e-07
Random8661
Raw:1.0104241096782865e-05,2.122547334954194e-06,1.9873220007881028e-05,0.49928167041623345,6.935296550282327e-09,0.49928167041624766,2.632051939880726e-09,0.0014041591461476126,9.805874310262462e-08,2.9238684013396436e-07
EFT:1.0104241096782794e-05,2.122547334954209e-06,1.987322000788117e-05,0.499281670416237,6.935296550282277e-09,0.4992816704162441,2.6320519398807075e-09,0.0014041591461476227,9.805874310262393e-08,2.9238684013396224e-07
Random8662
Raw:1.0104241096782938e-05,2.122547334954209e-06,1.987322000788117e-05,0.499281670416237,6.9352965502823754e-09,0.4992816704162441,2.6320519398807824e-09,0.0014041591461476227,9.805874310262532e-08,2.9238684013396637e-07
EFT:1.0104241096782794e-05,2.122547334954209e-06,1.987322000788117e-05,0.499281670416237,6.935296550282277e-09,0.4992816704162441,2.6320519398807075e-09,0.0014041591461476227,9.805874310262393e-08,2.9238684013396224e-07
Random8663
Raw:1.0104241096782865e-05,2.122547334954194e-06,1.9873220007881028e-05,0.49928167041623345,6.935296550282228e-09,0.49928167041624766,2.632051939880726e-09,0.0014041591461476327,9.805874310262324e-08,2.923868401339602e-07
EFT:1.0104241096782794e-05,2.122547334954209e-06,1.987322000788117e-05,0.499281670416237,6.935296550282277e-09,0.4992816704162441,2.6320519398807075e-09,0.0014041591461476227,9.805874310262393e-08,2.9238684013396224e-07
Random8664
Raw:1.0104241096783009e-05,2.122547334954224e-06,1.9873220007881028e-05,0.49928167041623345,6.935296550282424e-09,0.49928167041624766,2.632051939880801e-09,0.0014041591461476126,9.805874310262741e-08,2.923868401339685e-07
EFT:1.0104241096782794e-05,2.122547334954209e-06,1.987322000788117e-05,0.499281670416237,6.935296550282277e-09,0.4992816704162441,2.6320519398807075e-09,0.0014041591461476227,9.805874310262393e-08,2.9238684013396224e-07
Random8665
Raw:1.0104241096783082e-05,2.122547334954239e-06,1.9873220007881167e-05,0.4992816704162299,6.935296550282474e-09,0.49928167041625116,2.6320519398808196e-09,0.0014041591461476225,9.805874310262671e-08,2.9238684013397055e-07
EFT:1.0104241096782794e-05,2.122547334954209e-06,1.987322000788117e-05,0.499281670416237,6.935296550282277e-09,0.4992816704162441,2.6320519398807075e-09,0.0014041591461476227,9.805874310262393e-08,2.9238684013396224e-07
Random8666
Raw:1.0104241096782938e-05,2.122547334954239e-06,1.987322000788145e-05,0.499281670416237,6.935296550282277e-09,0.4992816704162441,2.632051939880745e-09,0.0014041591461476427,9.805874310262532e-08,2.9238684013396224e-07
EFT:1.0104241096782794e-05,2.122547334954209e-06,1.987322000788117e-05,0.499281670416237,6.935296550282277e-09,0.4992816704162441,2.6320519398807075e-09,0.0014041591461476227,9.805874310262393e-08,2.9238684013396224e-07
Random8667
Raw:1.0104241096783009e-05,2.122547334954224e-06,1.987322000788131e-05,0.49928167041623345,6.935296550282327e-09,0.49928167041624766,2.6320519398807638e-09,0.0014041591461476327,9.805874310262462e-08,2.923868401339685e-07
EFT:1.0104241096782794e-05,2.122547334954209e-06,1.987322000788117e-05,0.499281670416237,6.935296550282277e-09,0.4992816704162441,2.6320519398807075e-09,0.0014041591461476227,9.805874310262393e-08,2.9238684013396224e-07
Random8668
Raw:1.0104241096783082e-05,2.122547334954239e-06,1.987322000788145e-05,0.499281670416237,6.935296550282475e-09,0.4992816704162441,2.63205193988082e-09,0.0014041591461476227,9.805874310262532e-08,2.9238684013396637e-07
EFT:1.0104241096782794e-05,2.122547334954209e-06,1.987322000788117e-05,0.499281670416237,6.935296550282277e-09,0.4992816704162441,2.6320519398807075e-09,0.0014041591461476227,9.805874310262393e-08,2.9238684013396224e-07
Random8669
Raw:1.0104241096782938e-05,2.122547334954239e-06,1.987322000788117e-05,0.499281670416237,6.9352965502823754e-09,0.4992816704162441,2.6320519398807824e-09,0.0014041591461476227,9.805874310262532e-08,2.9238684013396637e-07
EFT:1.0104241096782794e-05,2.122547334954209e-06,1.987322000788117e-05,0.499281670416237,6.935296550282277e-09,0.4992816704162441,2.6320519398807075e-09,0.0014041591461476227,9.805874310262393e-08,2.9238684013396224e-07
Random8670
Raw:1.0104241096782794e-05,2.122547334954209e-06,1.9873220007880885e-05,0.499281670416237,6.935296550282277e-09,0.4992816704162441,2.6320519398807075e-09,0.0014041591461476026,9.805874310262393e-08,2.9238684013396224e-07
EFT:1.0104241096782794e-05,2.122547334954209e-06,1.987322000788117e-05,0.499281670416237,6.935296550282277e-09,0.4992816704162441,2.6320519398807075e-09,0.0014041591461476227,9.805874310262393e-08,2.9238684013396224e-07
Random8671
Raw:1.0104241096782938e-05,2.122547334954209e-06,1.987322000788117e-05,0.499281670416237,6.935296550282277e-09,0.4992816704162441,2.632051939880745e-09,0.0014041591461476227,9.805874310262532e-08,2.9238684013396224e-07
EFT:1.0104241096782794e-05,2.122547334954209e-06,1.987322000788117e-05,0.499281670416237,6.935296550282277e-09,0.4992816704162441,2.6320519398807075e-09,0.0014041591461476227,9.805874310262393e-08,2.9238684013396224e-07
Random8672
Raw:1.0104241096782867e-05,2.122547334954224e-06,1.9873220007881028e-05,0.49928167041624055,6.935296550282326e-09,0.49928167041624055,2.6320519398807265e-09,0.0014041591461476327,9.805874310262323e-08,2.923868401339643e-07
EFT:1.0104241096782794e-05,2.122547334954209e-06,1.987322000788117e-05,0.499281670416237,6.935296550282277e-09,0.4992816704162441,2.6320519398807075e-09,0.0014041591461476227,9.805874310262393e-08,2.9238684013396224e-07
Random8673
Raw:1.0104241096782938e-05,2.122547334954209e-06,1.987322000788117e-05,0.499281670416237,6.935296550282277e-09,0.4992816704162441,2.632051939880745e-09,0.0014041591461476427,9.805874310262393e-08,2.9238684013396224e-07
EFT:1.0104241096782794e-05,2.122547334954209e-06,1.987322000788117e-05,0.499281670416237,6.935296550282277e-09,0.4992816704162441,2.6320519398807075e-09,0.0014041591461476227,9.805874310262393e-08,2.9238684013396224e-07
Random8674
Raw:1.0104241096782938e-05,2.122547334954209e-06,1.987322000788117e-05,0.499281670416237,6.9352965502823754e-09,0.4992816704162441,2.6320519398807824e-09,0.0014041591461476227,9.805874310262532e-08,2.9238684013396637e-07
EFT:1.0104241096782794e-05,2.122547334954209e-06,1.987322000788117e-05,0.499281670416237,6.935296550282277e-09,0.4992816704162441,2.6320519398807075e-09,0.0014041591461476227,9.805874310262393e-08,2.9238684013396224e-07
Random8675
Raw:1.0104241096782867e-05,2.122547334954224e-06,1.987322000788131e-05,0.49928167041624055,6.935296550282326e-09,0.49928167041624055,2.632051939880689e-09,0.0014041591461476527,9.805874310262462e-08,2.923868401339643e-07
EFT:1.0104241096782794e-05,2.122547334954209e-06,1.987322000788117e-05,0.499281670416237,6.935296550282277e-09,0.4992816704162441,2.6320519398807075e-09,0.0014041591461476227,9.805874310262393e-08,2.9238684013396224e-07
Random8676
Raw:1.0104241096782794e-05,2.122547334954209e-06,1.987322000788117e-05,0.4992816704162441,6.935296550282277e-09,0.499281670416237,2.63205193988067e-09,0.0014041591461476227,9.805874310262254e-08,2.9238684013396224e-07
EFT:1.0104241096782794e-05,2.122547334954209e-06,1.987322000788117e-05,0.499281670416237,6.935296550282277e-09,0.4992816704162441,2.6320519398807075e-09,0.0014041591461476227,9.805874310262393e-08,2.9238684013396224e-07
Random8677
Raw:1.0104241096782867e-05,2.122547334954224e-06,1.987322000788131e-05,0.49928167041624055,6.935296550282326e-09,0.49928167041624055,2.6320519398807265e-09,0.0014041591461476128,9.805874310262462e-08,2.923868401339643e-07
EFT:1.0104241096782794e-05,2.122547334954209e-06,1.987322000788117e-05,0.499281670416237,6.935296550282277e-09,0.4992816704162441,2.6320519398807075e-09,0.0014041591461476227,9.805874310262393e-08,2.9238684013396224e-07
Random8678
Raw:1.0104241096782938e-05,2.122547334954239e-06,1.987322000788117e-05,0.499281670416237,6.935296550282277e-09,0.4992816704162441,2.632051939880745e-09,0.0014041591461476427,9.805874310262532e-08,2.9238684013396224e-07
EFT:1.0104241096782794e-05,2.122547334954209e-06,1.987322000788117e-05,0.499281670416237,6.935296550282277e-09,0.4992816704162441,2.6320519398807075e-09,0.0014041591461476227,9.805874310262393e-08,2.9238684013396224e-07
Random8679
Raw:1.0104241096782938e-05,2.1225473349541788e-06,1.9873220007880885e-05,0.499281670416237,6.935296550282277e-09,0.4992816704162441,2.632051939880745e-09,0.0014041591461476026,9.805874310262532e-08,2.9238684013396224e-07
EFT:1.0104241096782794e-05,2.122547334954209e-06,1.987322000788117e-05,0.499281670416237,6.935296550282277e-09,0.4992816704162441,2.6320519398807075e-09,0.0014041591461476227,9.805874310262393e-08,2.9238684013396224e-07
Random8680
Raw:1.0104241096782938e-05,2.122547334954209e-06,1.987322000788117e-05,0.499281670416237,6.935296550282277e-09,0.4992816704162441,2.632051939880745e-09,0.0014041591461476427,9.805874310262393e-08,2.9238684013396224e-07
EFT:1.0104241096782794e-05,2.122547334954209e-06,1.987322000788117e-05,0.499281670416237,6.935296550282277e-09,0.4992816704162441,2.6320519398807075e-09,0.0014041591461476227,9.805874310262393e-08,2.9238684013396224e-07
Random8681
Raw:1.0104241096782867e-05,2.122547334954224e-06,1.987322000788131e-05,0.49928167041624055,6.935296550282326e-09,0.49928167041624055,2.6320519398807265e-09,0.0014041591461476327,9.805874310262462e-08,2.923868401339643e-07
EFT:1.0104241096782794e-05,2.122547334954209e-06,1.987322000788117e-05,0.499281670416237,6.935296550282277e-09,0.4992816704162441,2.6320519398807075e-09,0.0014041591461476227,9.805874310262393e-08,2.9238684013396224e-07
Random8682
Raw:1.0104241096783009e-05,2.122547334954194e-06,1.9873220007881028e-05,0.49928167041623345,6.935296550282327e-09,0.49928167041624766,2.6320519398807638e-09,0.0014041591461476126,9.805874310262601e-08,2.9238684013396436e-07
EFT:1.0104241096782794e-05,2.122547334954209e-06,1.987322000788117e-05,0.499281670416237,6.935296550282277e-09,0.4992816704162441,2.6320519398807075e-09,0.0014041591461476227,9.805874310262393e-08,2.9238684013396224e-07
Random8683
Raw:1.0104241096782938e-05,2.122547334954209e-06,1.987322000788117e-05,0.499281670416237,6.935296550282277e-09,0.4992816704162441,2.632051939880745e-09,0.0014041591461476227,9.805874310262532e-08,2.9238684013396224e-07
EFT:1.0104241096782794e-05,2.122547334954209e-06,1.987322000788117e-05,0.499281670416237,6.935296550282277e-09,0.4992816704162441,2.6320519398807075e-09,0.0014041591461476227,9.805874310262393e-08,2.9238684013396224e-07
Random8684
Raw:1.0104241096783009e-05,2.122547334954194e-06,1.9873220007881028e-05,0.49928167041623345,6.935296550282327e-09,0.49928167041624766,2.6320519398807638e-09,0.0014041591461476327,9.805874310262462e-08,2.9238684013396436e-07
EFT:1.0104241096782794e-05,2.122547334954209e-06,1.987322000788117e-05,0.499281670416237,6.935296550282277e-09,0.4992816704162441,2.6320519398807075e-09,0.0014041591461476227,9.805874310262393e-08,2.9238684013396224e-07
Random8685
Raw:1.0104241096782794e-05,2.122547334954209e-06,1.987322000788117e-05,0.499281670416237,6.935296550282277e-09,0.4992816704162441,2.6320519398807075e-09,0.0014041591461476227,9.805874310262393e-08,2.9238684013396224e-07
EFT:1.0104241096782794e-05,2.122547334954209e-06,1.987322000788117e-05,0.499281670416237,6.935296550282277e-09,0.4992816704162441,2.6320519398807075e-09,0.0014041591461476227,9.805874310262393e-08,2.9238684013396224e-07
Random8686
Raw:1.0104241096782938e-05,2.122547334954209e-06,1.987322000788117e-05,0.499281670416237,6.9352965502823754e-09,0.4992816704162441,2.632051939880745e-09,0.0014041591461476227,9.805874310262532e-08,2.9238684013396637e-07
EFT:1.0104241096782794e-05,2.122547334954209e-06,1.987322000788117e-05,0.499281670416237,6.935296550282277e-09,0.4992816704162441,2.6320519398807075e-09,0.0014041591461476227,9.805874310262393e-08,2.9238684013396224e-07
Random8687
Raw:1.0104241096782794e-05,2.122547334954209e-06,1.987322000788117e-05,0.4992816704162441,6.935296550282277e-09,0.499281670416237,2.63205193988067e-09,0.0014041591461476227,9.805874310262393e-08,2.9238684013396224e-07
EFT:1.0104241096782794e-05,2.122547334954209e-06,1.987322000788117e-05,0.499281670416237,6.935296550282277e-09,0.4992816704162441,2.6320519398807075e-09,0.0014041591461476227,9.805874310262393e-08,2.9238684013396224e-07
Random8688
Raw:1.0104241096782867e-05,2.122547334954224e-06,1.987322000788131e-05,0.49928167041624055,6.935296550282326e-09,0.49928167041624055,2.6320519398807265e-09,0.0014041591461476327,9.805874310262462e-08,2.923868401339643e-07
EFT:1.0104241096782794e-05,2.122547334954209e-06,1.987322000788117e-05,0.499281670416237,6.935296550282277e-09,0.4992816704162441,2.6320519398807075e-09,0.0014041591461476227,9.805874310262393e-08,2.9238684013396224e-07
Random8689
Raw:1.0104241096782938e-05,2.122547334954209e-06,1.987322000788117e-05,0.499281670416237,6.9352965502823754e-09,0.4992816704162441,2.632051939880745e-09,0.0014041591461476227,9.805874310262393e-08,2.9238684013396637e-07
EFT:1.0104241096782794e-05,2.122547334954209e-06,1.987322000788117e-05,0.499281670416237,6.935296550282277e-09,0.4992816704162441,2.6320519398807075e-09,0.0014041591461476227,9.805874310262393e-08,2.9238684013396224e-07
Random8690
Raw:1.0104241096782938e-05,2.122547334954209e-06,1.987322000788117e-05,0.499281670416237,6.935296550282277e-09,0.4992816704162441,2.632051939880745e-09,0.0014041591461476427,9.805874310262393e-08,2.9238684013396224e-07
EFT:1.0104241096782794e-05,2.122547334954209e-06,1.987322000788117e-05,0.499281670416237,6.935296550282277e-09,0.4992816704162441,2.6320519398807075e-09,0.0014041591461476227,9.805874310262393e-08,2.9238684013396224e-07
Random8691
Raw:1.0104241096782794e-05,2.122547334954209e-06,1.987322000788117e-05,0.499281670416237,6.935296550282277e-09,0.4992816704162441,2.632051939880745e-09,0.0014041591461476227,9.805874310262254e-08,2.9238684013396224e-07
EFT:1.0104241096782794e-05,2.122547334954209e-06,1.987322000788117e-05,0.499281670416237,6.935296550282277e-09,0.4992816704162441,2.6320519398807075e-09,0.0014041591461476227,9.805874310262393e-08,2.9238684013396224e-07
Random8692
Raw:1.0104241096782867e-05,2.122547334954224e-06,1.987322000788131e-05,0.49928167041624055,6.935296550282326e-09,0.49928167041624055,2.6320519398807265e-09,0.0014041591461476327,9.805874310262323e-08,2.923868401339643e-07
EFT:1.0104241096782794e-05,2.122547334954209e-06,1.987322000788117e-05,0.499281670416237,6.935296550282277e-09,0.4992816704162441,2.6320519398807075e-09,0.0014041591461476227,9.805874310262393e-08,2.9238684013396224e-07
Random8693
Raw:1.0104241096782938e-05,2.122547334954239e-06,1.987322000788117e-05,0.499281670416237,6.9352965502823754e-09,0.4992816704162441,2.6320519398807824e-09,0.0014041591461476227,9.805874310262532e-08,2.9238684013396637e-07
EFT:1.0104241096782794e-05,2.122547334954209e-06,1.987322000788117e-05,0.499281670416237,6.935296550282277e-09,0.4992816704162441,2.6320519398807075e-09,0.0014041591461476227,9.805874310262393e-08,2.9238684013396224e-07
Random8694
Raw:1.0104241096782938e-05,2.122547334954209e-06,1.9873220007880885e-05,0.499281670416237,6.935296550282277e-09,0.4992816704162441,2.632051939880745e-09,0.0014041591461476227,9.805874310262532e-08,2.9238684013396224e-07
EFT:1.0104241096782794e-05,2.122547334954209e-06,1.987322000788117e-05,0.499281670416237,6.935296550282277e-09,0.4992816704162441,2.6320519398807075e-09,0.0014041591461476227,9.805874310262393e-08,2.9238684013396224e-07
Random8695
Raw:1.0104241096782938e-05,2.122547334954209e-06,1.987322000788117e-05,0.499281670416237,6.935296550282277e-09,0.4992816704162441,2.632051939880745e-09,0.0014041591461476227,9.805874310262532e-08,2.9238684013396224e-07
EFT:1.0104241096782794e-05,2.122547334954209e-06,1.987322000788117e-05,0.499281670416237,6.935296550282277e-09,0.4992816704162441,2.6320519398807075e-09,0.0014041591461476227,9.805874310262393e-08,2.9238684013396224e-07
Random8696
Raw:1.0104241096783009e-05,2.122547334954224e-06,1.987322000788131e-05,0.49928167041623345,6.935296550282327e-09,0.49928167041624766,2.6320519398807638e-09,0.0014041591461476327,9.805874310262462e-08,2.923868401339685e-07
EFT:1.0104241096782794e-05,2.122547334954209e-06,1.987322000788117e-05,0.499281670416237,6.935296550282277e-09,0.4992816704162441,2.6320519398807075e-09,0.0014041591461476227,9.805874310262393e-08,2.9238684013396224e-07
Random8697
Raw:1.0104241096782938e-05,2.122547334954209e-06,1.987322000788117e-05,0.499281670416237,6.9352965502823754e-09,0.4992816704162441,2.6320519398807824e-09,0.0014041591461476227,9.805874310262532e-08,2.9238684013396637e-07
EFT:1.0104241096782794e-05,2.122547334954209e-06,1.987322000788117e-05,0.499281670416237,6.935296550282277e-09,0.4992816704162441,2.6320519398807075e-09,0.0014041591461476227,9.805874310262393e-08,2.9238684013396224e-07
Random8698
Raw:1.0104241096782938e-05,2.122547334954209e-06,1.987322000788117e-05,0.499281670416237,6.935296550282277e-09,0.4992816704162441,2.632051939880745e-09,0.0014041591461476227,9.805874310262532e-08,2.9238684013396224e-07
EFT:1.0104241096782794e-05,2.122547334954209e-06,1.987322000788117e-05,0.499281670416237,6.935296550282277e-09,0.4992816704162441,2.6320519398807075e-09,0.0014041591461476227,9.805874310262393e-08,2.9238684013396224e-07
Random8699
Raw:1.0104241096782938e-05,2.122547334954239e-06,1.987322000788145e-05,0.499281670416237,6.935296550282277e-09,0.4992816704162441,2.632051939880745e-09,0.0014041591461476427,9.805874310262532e-08,2.9238684013396224e-07
EFT:1.0104241096782794e-05,2.122547334954209e-06,1.987322000788117e-05,0.499281670416237,6.935296550282277e-09,0.4992816704162441,2.6320519398807075e-09,0.0014041591461476227,9.805874310262393e-08,2.9238684013396224e-07
Random8700
Raw:1.0104241096783009e-05,2.122547334954224e-06,1.987322000788131e-05,0.49928167041623345,6.935296550282327e-09,0.49928167041624766,2.6320519398807638e-09,0.0014041591461476327,9.805874310262462e-08,2.923868401339685e-07
EFT:1.0104241096782794e-05,2.122547334954209e-06,1.987322000788117e-05,0.499281670416237,6.935296550282277e-09,0.4992816704162441,2.6320519398807075e-09,0.0014041591461476227,9.805874310262393e-08,2.9238684013396224e-07
Random8701
Raw:1.0104241096782938e-05,2.122547334954239e-06,1.987322000788145e-05,0.499281670416237,6.9352965502823754e-09,0.4992816704162441,2.632051939880745e-09,0.0014041591461476227,9.805874310262532e-08,2.9238684013396637e-07
EFT:1.0104241096782794e-05,2.122547334954209e-06,1.987322000788117e-05,0.499281670416237,6.935296550282277e-09,0.4992816704162441,2.6320519398807075e-09,0.0014041591461476227,9.805874310262393e-08,2.9238684013396224e-07
Random8702
Raw:1.0104241096783009e-05,2.122547334954224e-06,1.987322000788131e-05,0.49928167041623345,6.935296550282327e-09,0.49928167041624766,2.6320519398807638e-09,0.0014041591461476327,9.805874310262462e-08,2.923868401339685e-07
EFT:1.0104241096782794e-05,2.122547334954209e-06,1.987322000788117e-05,0.499281670416237,6.935296550282277e-09,0.4992816704162441,2.6320519398807075e-09,0.0014041591461476227,9.805874310262393e-08,2.9238684013396224e-07
Random8703
Raw:1.0104241096782938e-05,2.122547334954239e-06,1.987322000788145e-05,0.499281670416237,6.935296550282277e-09,0.4992816704162441,2.632051939880745e-09,0.0014041591461476227,9.805874310262532e-08,2.9238684013396224e-07
EFT:1.0104241096782794e-05,2.122547334954209e-06,1.987322000788117e-05,0.499281670416237,6.935296550282277e-09,0.4992816704162441,2.6320519398807075e-09,0.0014041591461476227,9.805874310262393e-08,2.9238684013396224e-07
Random8704
Raw:1.0104241096783009e-05,2.122547334954224e-06,1.987322000788131e-05,0.49928167041623345,6.935296550282327e-09,0.49928167041624766,2.6320519398807638e-09,0.0014041591461476327,9.805874310262462e-08,2.923868401339685e-07
EFT:1.0104241096782794e-05,2.122547334954209e-06,1.987322000788117e-05,0.499281670416237,6.935296550282277e-09,0.4992816704162441,2.6320519398807075e-09,0.0014041591461476227,9.805874310262393e-08,2.9238684013396224e-07
Random8705
Raw:1.0104241096782794e-05,2.122547334954209e-06,1.987322000788117e-05,0.499281670416237,6.935296550282277e-09,0.4992816704162441,2.632051939880745e-09,0.0014041591461476227,9.805874310262254e-08,2.9238684013396224e-07
EFT:1.0104241096782794e-05,2.122547334954209e-06,1.987322000788117e-05,0.499281670416237,6.935296550282277e-09,0.4992816704162441,2.6320519398807075e-09,0.0014041591461476227,9.805874310262393e-08,2.9238684013396224e-07
Random8706
Raw:1.0104241096782938e-05,2.122547334954209e-06,1.987322000788117e-05,0.499281670416237,6.9352965502823754e-09,0.4992816704162441,2.632051939880745e-09,0.0014041591461476227,9.805874310262393e-08,2.9238684013396637e-07
EFT:1.0104241096782794e-05,2.122547334954209e-06,1.987322000788117e-05,0.499281670416237,6.935296550282277e-09,0.4992816704162441,2.6320519398807075e-09,0.0014041591461476227,9.805874310262393e-08,2.9238684013396224e-07
Random8707
Raw:1.0104241096782938e-05,2.122547334954239e-06,1.987322000788145e-05,0.499281670416237,6.935296550282277e-09,0.4992816704162441,2.632051939880745e-09,0.0014041591461476427,9.805874310262393e-08,2.9238684013396637e-07
EFT:1.0104241096782794e-05,2.122547334954209e-06,1.987322000788117e-05,0.499281670416237,6.935296550282277e-09,0.4992816704162441,2.6320519398807075e-09,0.0014041591461476227,9.805874310262393e-08,2.9238684013396224e-07
Random8708
Raw:1.0104241096782867e-05,2.122547334954224e-06,1.9873220007881028e-05,0.49928167041624055,6.935296550282326e-09,0.49928167041624055,2.6320519398807265e-09,0.0014041591461476128,9.805874310262462e-08,2.923868401339643e-07
EFT:1.0104241096782794e-05,2.122547334954209e-06,1.987322000788117e-05,0.499281670416237,6.935296550282277e-09,0.4992816704162441,2.6320519398807075e-09,0.0014041591461476227,9.805874310262393e-08,2.9238684013396224e-07
Random8709
Raw:1.0104241096782723e-05,2.122547334954194e-06,1.9873220007881028e-05,0.49928167041624055,6.935296550282228e-09,0.49928167041624055,2.632051939880689e-09,0.0014041591461476128,9.805874310262184e-08,2.923868401339602e-07
EFT:1.0104241096782794e-05,2.122547334954209e-06,1.987322000788117e-05,0.499281670416237,6.935296550282277e-09,0.4992816704162441,2.6320519398807075e-09,0.0014041591461476227,9.805874310262393e-08,2.9238684013396224e-07
Random8710
Raw:1.0104241096782865e-05,2.122547334954194e-06,1.9873220007881028e-05,0.49928167041623345,6.935296550282327e-09,0.49928167041624766,2.632051939880726e-09,0.0014041591461476126,9.805874310262462e-08,2.9238684013396436e-07
EFT:1.0104241096782794e-05,2.122547334954209e-06,1.987322000788117e-05,0.499281670416237,6.935296550282277e-09,0.4992816704162441,2.6320519398807075e-09,0.0014041591461476227,9.805874310262393e-08,2.9238684013396224e-07
Random8711
Raw:1.0104241096782867e-05,2.122547334954224e-06,1.9873220007881028e-05,0.49928167041624055,6.935296550282326e-09,0.49928167041624055,2.6320519398807265e-09,0.0014041591461476327,9.805874310262323e-08,2.923868401339643e-07
EFT:1.0104241096782794e-05,2.122547334954209e-06,1.987322000788117e-05,0.499281670416237,6.935296550282277e-09,0.4992816704162441,2.6320519398807075e-09,0.0014041591461476227,9.805874310262393e-08,2.9238684013396224e-07
Random8712
Raw:1.0104241096782794e-05,2.122547334954209e-06,1.987322000788117e-05,0.499281670416237,6.935296550282277e-09,0.4992816704162441,2.632051939880745e-09,0.0014041591461476227,9.805874310262254e-08,2.9238684013396224e-07
EFT:1.0104241096782794e-05,2.122547334954209e-06,1.987322000788117e-05,0.499281670416237,6.935296550282277e-09,0.4992816704162441,2.6320519398807075e-09,0.0014041591461476227,9.805874310262393e-08,2.9238684013396224e-07
Random8713
Raw:1.0104241096783009e-05,2.122547334954194e-06,1.9873220007881028e-05,0.49928167041623345,6.935296550282327e-09,0.49928167041624766,2.6320519398807638e-09,0.0014041591461476327,9.805874310262462e-08,2.9238684013396436e-07
EFT:1.0104241096782794e-05,2.122547334954209e-06,1.987322000788117e-05,0.499281670416237,6.935296550282277e-09,0.4992816704162441,2.6320519398807075e-09,0.0014041591461476227,9.805874310262393e-08,2.9238684013396224e-07
Random8714
Raw:1.0104241096783009e-05,2.122547334954224e-06,1.9873220007881028e-05,0.49928167041623345,6.935296550282327e-09,0.49928167041624766,2.6320519398807638e-09,0.0014041591461476327,9.805874310262601e-08,2.9238684013396436e-07
EFT:1.0104241096782794e-05,2.122547334954209e-06,1.987322000788117e-05,0.499281670416237,6.935296550282277e-09,0.4992816704162441,2.6320519398807075e-09,0.0014041591461476227,9.805874310262393e-08,2.9238684013396224e-07
Random8715
Raw:1.0104241096782938e-05,2.122547334954239e-06,1.987322000788145e-05,0.499281670416237,6.935296550282277e-09,0.4992816704162441,2.632051939880745e-09,0.0014041591461476427,9.805874310262532e-08,2.9238684013396224e-07
EFT:1.0104241096782794e-05,2.122547334954209e-06,1.987322000788117e-05,0.499281670416237,6.935296550282277e-09,0.4992816704162441,2.6320519398807075e-09,0.0014041591461476227,9.805874310262393e-08,2.9238684013396224e-07
Random8716
Raw:1.0104241096782938e-05,2.122547334954209e-06,1.987322000788117e-05,0.499281670416237,6.9352965502823754e-09,0.4992816704162441,2.632051939880745e-09,0.0014041591461476227,9.805874310262532e-08,2.9238684013396637e-07
EFT:1.0104241096782794e-05,2.122547334954209e-06,1.987322000788117e-05,0.499281670416237,6.935296550282277e-09,0.4992816704162441,2.6320519398807075e-09,0.0014041591461476227,9.805874310262393e-08,2.9238684013396224e-07
Random8717
Raw:1.0104241096782794e-05,2.122547334954209e-06,1.987322000788117e-05,0.499281670416237,6.9352965502821786e-09,0.4992816704162441,2.632051939880745e-09,0.0014041591461476227,9.805874310262254e-08,2.9238684013396224e-07
EFT:1.0104241096782794e-05,2.122547334954209e-06,1.987322000788117e-05,0.499281670416237,6.935296550282277e-09,0.4992816704162441,2.6320519398807075e-09,0.0014041591461476227,9.805874310262393e-08,2.9238684013396224e-07
Random8718
Raw:1.0104241096782867e-05,2.122547334954224e-06,1.987322000788131e-05,0.49928167041624055,6.935296550282326e-09,0.49928167041624055,2.6320519398807265e-09,0.0014041591461476327,9.805874310262323e-08,2.923868401339643e-07
EFT:1.0104241096782794e-05,2.122547334954209e-06,1.987322000788117e-05,0.499281670416237,6.935296550282277e-09,0.4992816704162441,2.6320519398807075e-09,0.0014041591461476227,9.805874310262393e-08,2.9238684013396224e-07
Random8719
Raw:1.0104241096782938e-05,2.122547334954239e-06,1.987322000788145e-05,0.499281670416237,6.935296550282277e-09,0.4992816704162441,2.632051939880745e-09,0.0014041591461476227,9.805874310262532e-08,2.9238684013396224e-07
EFT:1.0104241096782794e-05,2.122547334954209e-06,1.987322000788117e-05,0.499281670416237,6.935296550282277e-09,0.4992816704162441,2.6320519398807075e-09,0.0014041591461476227,9.805874310262393e-08,2.9238684013396224e-07
Random8720
Raw:1.0104241096783009e-05,2.122547334954194e-06,1.9873220007881028e-05,0.49928167041623345,6.935296550282327e-09,0.49928167041624766,2.6320519398807638e-09,0.0014041591461476327,9.805874310262462e-08,2.9238684013396436e-07
EFT:1.0104241096782794e-05,2.122547334954209e-06,1.987322000788117e-05,0.499281670416237,6.935296550282277e-09,0.4992816704162441,2.6320519398807075e-09,0.0014041591461476227,9.805874310262393e-08,2.9238684013396224e-07
Random8721
Raw:1.0104241096782867e-05,2.122547334954224e-06,1.987322000788131e-05,0.49928167041624055,6.935296550282326e-09,0.49928167041624055,2.6320519398807265e-09,0.0014041591461476327,9.805874310262462e-08,2.923868401339643e-07
EFT:1.0104241096782794e-05,2.122547334954209e-06,1.987322000788117e-05,0.499281670416237,6.935296550282277e-09,0.4992816704162441,2.6320519398807075e-09,0.0014041591461476227,9.805874310262393e-08,2.9238684013396224e-07
Random8722
Raw:1.0104241096782938e-05,2.122547334954209e-06,1.987322000788117e-05,0.499281670416237,6.9352965502823754e-09,0.4992816704162441,2.632051939880745e-09,0.0014041591461476227,9.805874310262532e-08,2.9238684013396637e-07
EFT:1.0104241096782794e-05,2.122547334954209e-06,1.987322000788117e-05,0.499281670416237,6.935296550282277e-09,0.4992816704162441,2.6320519398807075e-09,0.0014041591461476227,9.805874310262393e-08,2.9238684013396224e-07
Random8723
Raw:1.0104241096782867e-05,2.122547334954224e-06,1.987322000788131e-05,0.49928167041624055,6.935296550282326e-09,0.49928167041624055,2.6320519398807265e-09,0.0014041591461476327,9.805874310262323e-08,2.923868401339643e-07
EFT:1.0104241096782794e-05,2.122547334954209e-06,1.987322000788117e-05,0.499281670416237,6.935296550282277e-09,0.4992816704162441,2.6320519398807075e-09,0.0014041591461476227,9.805874310262393e-08,2.9238684013396224e-07
Random8724
Raw:1.0104241096783009e-05,2.122547334954224e-06,1.987322000788131e-05,0.49928167041623345,6.935296550282327e-09,0.49928167041624766,2.6320519398807638e-09,0.0014041591461476327,9.805874310262601e-08,2.9238684013396436e-07
EFT:1.0104241096782794e-05,2.122547334954209e-06,1.987322000788117e-05,0.499281670416237,6.935296550282277e-09,0.4992816704162441,2.6320519398807075e-09,0.0014041591461476227,9.805874310262393e-08,2.9238684013396224e-07
Random8725
Raw:1.0104241096782938e-05,2.122547334954209e-06,1.987322000788117e-05,0.499281670416237,6.935296550282277e-09,0.4992816704162441,2.632051939880745e-09,0.0014041591461476427,9.805874310262393e-08,2.9238684013396224e-07
EFT:1.0104241096782794e-05,2.122547334954209e-06,1.987322000788117e-05,0.499281670416237,6.935296550282277e-09,0.4992816704162441,2.6320519398807075e-09,0.0014041591461476227,9.805874310262393e-08,2.9238684013396224e-07
Random8726
Raw:1.0104241096782794e-05,2.122547334954209e-06,1.987322000788117e-05,0.499281670416237,6.935296550282277e-09,0.4992816704162441,2.6320519398807075e-09,0.0014041591461476227,9.805874310262393e-08,2.9238684013396224e-07
EFT:1.0104241096782794e-05,2.122547334954209e-06,1.987322000788117e-05,0.499281670416237,6.935296550282277e-09,0.4992816704162441,2.6320519398807075e-09,0.0014041591461476227,9.805874310262393e-08,2.9238684013396224e-07
Random8727
Raw:1.0104241096782794e-05,2.122547334954209e-06,1.987322000788117e-05,0.499281670416237,6.9352965502821786e-09,0.4992816704162441,2.6320519398807075e-09,0.0014041591461476227,9.805874310262393e-08,2.9238684013396224e-07
EFT:1.0104241096782794e-05,2.122547334954209e-06,1.987322000788117e-05,0.499281670416237,6.935296550282277e-09,0.4992816704162441,2.6320519398807075e-09,0.0014041591461476227,9.805874310262393e-08,2.9238684013396224e-07
Random8728
Raw:1.0104241096782938e-05,2.122547334954209e-06,1.987322000788117e-05,0.499281670416237,6.9352965502823754e-09,0.4992816704162441,2.632051939880745e-09,0.0014041591461476227,9.805874310262393e-08,2.9238684013396637e-07
EFT:1.0104241096782794e-05,2.122547334954209e-06,1.987322000788117e-05,0.499281670416237,6.935296550282277e-09,0.4992816704162441,2.6320519398807075e-09,0.0014041591461476227,9.805874310262393e-08,2.9238684013396224e-07
Random8729
Raw:1.0104241096782938e-05,2.122547334954209e-06,1.987322000788117e-05,0.499281670416237,6.9352965502823754e-09,0.4992816704162441,2.632051939880745e-09,0.0014041591461476227,9.805874310262393e-08,2.9238684013396637e-07
EFT:1.0104241096782794e-05,2.122547334954209e-06,1.987322000788117e-05,0.499281670416237,6.935296550282277e-09,0.4992816704162441,2.6320519398807075e-09,0.0014041591461476227,9.805874310262393e-08,2.9238684013396224e-07
Random8730
Raw:1.0104241096782938e-05,2.122547334954239e-06,1.987322000788117e-05,0.499281670416237,6.935296550282277e-09,0.4992816704162441,2.632051939880745e-09,0.0014041591461476427,9.805874310262532e-08,2.9238684013396224e-07
EFT:1.0104241096782794e-05,2.122547334954209e-06,1.987322000788117e-05,0.499281670416237,6.935296550282277e-09,0.4992816704162441,2.6320519398807075e-09,0.0014041591461476227,9.805874310262393e-08,2.9238684013396224e-07
Random8731
Raw:1.0104241096782938e-05,2.122547334954239e-06,1.9873220007880885e-05,0.499281670416237,6.935296550282277e-09,0.4992816704162441,2.632051939880745e-09,0.0014041591461476227,9.805874310262532e-08,2.9238684013396224e-07
EFT:1.0104241096782794e-05,2.122547334954209e-06,1.987322000788117e-05,0.499281670416237,6.935296550282277e-09,0.4992816704162441,2.6320519398807075e-09,0.0014041591461476227,9.805874310262393e-08,2.9238684013396224e-07
Random8732
Raw:1.0104241096782938e-05,2.122547334954209e-06,1.987322000788117e-05,0.499281670416237,6.9352965502823754e-09,0.4992816704162441,2.632051939880745e-09,0.0014041591461476227,9.805874310262532e-08,2.9238684013396637e-07
EFT:1.0104241096782794e-05,2.122547334954209e-06,1.987322000788117e-05,0.499281670416237,6.935296550282277e-09,0.4992816704162441,2.6320519398807075e-09,0.0014041591461476227,9.805874310262393e-08,2.9238684013396224e-07
Random8733
Raw:1.0104241096782938e-05,2.122547334954209e-06,1.987322000788117e-05,0.499281670416237,6.935296550282277e-09,0.4992816704162441,2.632051939880745e-09,0.0014041591461476227,9.805874310262393e-08,2.9238684013396637e-07
EFT:1.0104241096782794e-05,2.122547334954209e-06,1.987322000788117e-05,0.499281670416237,6.935296550282277e-09,0.4992816704162441,2.6320519398807075e-09,0.0014041591461476227,9.805874310262393e-08,2.9238684013396224e-07
Random8734
Raw:1.0104241096782938e-05,2.122547334954209e-06,1.987322000788117e-05,0.499281670416237,6.935296550282277e-09,0.4992816704162441,2.632051939880745e-09,0.0014041591461476427,9.805874310262393e-08,2.9238684013396224e-07
EFT:1.0104241096782794e-05,2.122547334954209e-06,1.987322000788117e-05,0.499281670416237,6.935296550282277e-09,0.4992816704162441,2.6320519398807075e-09,0.0014041591461476227,9.805874310262393e-08,2.9238684013396224e-07
Random8735
Raw:1.0104241096783082e-05,2.122547334954239e-06,1.9873220007881167e-05,0.4992816704162299,6.9352965502823754e-09,0.49928167041625116,2.6320519398808196e-09,0.0014041591461476225,9.805874310262671e-08,2.923868401339664e-07
EFT:1.0104241096782794e-05,2.122547334954209e-06,1.987322000788117e-05,0.499281670416237,6.935296550282277e-09,0.4992816704162441,2.6320519398807075e-09,0.0014041591461476227,9.805874310262393e-08,2.9238684013396224e-07
Random8736
Raw:1.0104241096782938e-05,2.122547334954239e-06,1.987322000788117e-05,0.499281670416237,6.935296550282277e-09,0.4992816704162441,2.632051939880745e-09,0.0014041591461476427,9.805874310262393e-08,2.9238684013396637e-07
EFT:1.0104241096782794e-05,2.122547334954209e-06,1.987322000788117e-05,0.499281670416237,6.935296550282277e-09,0.4992816704162441,2.6320519398807075e-09,0.0014041591461476227,9.805874310262393e-08,2.9238684013396224e-07
Random8737
Raw:1.0104241096782867e-05,2.122547334954224e-06,1.987322000788131e-05,0.49928167041624055,6.935296550282326e-09,0.49928167041624055,2.6320519398807265e-09,0.0014041591461476327,9.805874310262462e-08,2.923868401339643e-07
EFT:1.0104241096782794e-05,2.122547334954209e-06,1.987322000788117e-05,0.499281670416237,6.935296550282277e-09,0.4992816704162441,2.6320519398807075e-09,0.0014041591461476227,9.805874310262393e-08,2.9238684013396224e-07
Random8738
Raw:1.0104241096783009e-05,2.122547334954194e-06,1.9873220007881028e-05,0.49928167041623345,6.935296550282327e-09,0.49928167041624766,2.6320519398807638e-09,0.0014041591461476126,9.805874310262601e-08,2.9238684013396436e-07
EFT:1.0104241096782794e-05,2.122547334954209e-06,1.987322000788117e-05,0.499281670416237,6.935296550282277e-09,0.4992816704162441,2.6320519398807075e-09,0.0014041591461476227,9.805874310262393e-08,2.9238684013396224e-07
Random8739
Raw:1.0104241096782938e-05,2.122547334954239e-06,1.987322000788145e-05,0.499281670416237,6.935296550282277e-09,0.4992816704162441,2.632051939880745e-09,0.0014041591461476427,9.805874310262532e-08,2.9238684013396224e-07
EFT:1.0104241096782794e-05,2.122547334954209e-06,1.987322000788117e-05,0.499281670416237,6.935296550282277e-09,0.4992816704162441,2.6320519398807075e-09,0.0014041591461476227,9.805874310262393e-08,2.9238684013396224e-07
Random8740
Raw:1.0104241096782938e-05,2.122547334954239e-06,1.987322000788117e-05,0.499281670416237,6.9352965502823754e-09,0.4992816704162441,2.6320519398807824e-09,0.0014041591461476227,9.805874310262532e-08,2.9238684013396637e-07
EFT:1.0104241096782794e-05,2.122547334954209e-06,1.987322000788117e-05,0.499281670416237,6.935296550282277e-09,0.4992816704162441,2.6320519398807075e-09,0.0014041591461476227,9.805874310262393e-08,2.9238684013396224e-07
Random8741
Raw:1.0104241096782867e-05,2.122547334954194e-06,1.9873220007881028e-05,0.49928167041624055,6.935296550282228e-09,0.49928167041624055,2.632051939880689e-09,0.0014041591461476327,9.805874310262323e-08,2.923868401339602e-07
EFT:1.0104241096782794e-05,2.122547334954209e-06,1.987322000788117e-05,0.499281670416237,6.935296550282277e-09,0.4992816704162441,2.6320519398807075e-09,0.0014041591461476227,9.805874310262393e-08,2.9238684013396224e-07
Random8742
Raw:1.0104241096782938e-05,2.122547334954209e-06,1.987322000788117e-05,0.499281670416237,6.935296550282277e-09,0.4992816704162441,2.632051939880745e-09,0.0014041591461476227,9.805874310262532e-08,2.9238684013396224e-07
EFT:1.0104241096782794e-05,2.122547334954209e-06,1.987322000788117e-05,0.499281670416237,6.935296550282277e-09,0.4992816704162441,2.6320519398807075e-09,0.0014041591461476227,9.805874310262393e-08,2.9238684013396224e-07
Random8743
Raw:1.0104241096782938e-05,2.122547334954239e-06,1.987322000788117e-05,0.499281670416237,6.9352965502823754e-09,0.4992816704162441,2.6320519398807824e-09,0.0014041591461476227,9.805874310262532e-08,2.9238684013396637e-07
EFT:1.0104241096782794e-05,2.122547334954209e-06,1.987322000788117e-05,0.499281670416237,6.935296550282277e-09,0.4992816704162441,2.6320519398807075e-09,0.0014041591461476227,9.805874310262393e-08,2.9238684013396224e-07
Random8744
Raw:1.0104241096783009e-05,2.122547334954224e-06,1.9873220007881028e-05,0.49928167041623345,6.935296550282327e-09,0.49928167041624766,2.6320519398807638e-09,0.0014041591461476327,9.805874310262601e-08,2.9238684013396436e-07
EFT:1.0104241096782794e-05,2.122547334954209e-06,1.987322000788117e-05,0.499281670416237,6.935296550282277e-09,0.4992816704162441,2.6320519398807075e-09,0.0014041591461476227,9.805874310262393e-08,2.9238684013396224e-07
Random8745
Raw:1.0104241096782938e-05,2.122547334954209e-06,1.987322000788117e-05,0.499281670416237,6.9352965502823754e-09,0.4992816704162441,2.632051939880745e-09,0.0014041591461476227,9.805874310262393e-08,2.9238684013396637e-07
EFT:1.0104241096782794e-05,2.122547334954209e-06,1.987322000788117e-05,0.499281670416237,6.935296550282277e-09,0.4992816704162441,2.6320519398807075e-09,0.0014041591461476227,9.805874310262393e-08,2.9238684013396224e-07
Random8746
Raw:1.0104241096782794e-05,2.122547334954209e-06,1.987322000788117e-05,0.499281670416237,6.935296550282277e-09,0.4992816704162441,2.6320519398807075e-09,0.0014041591461476227,9.805874310262393e-08,2.9238684013396224e-07
EFT:1.0104241096782794e-05,2.122547334954209e-06,1.987322000788117e-05,0.499281670416237,6.935296550282277e-09,0.4992816704162441,2.6320519398807075e-09,0.0014041591461476227,9.805874310262393e-08,2.9238684013396224e-07
Random8747
Raw:1.0104241096782867e-05,2.122547334954194e-06,1.9873220007881028e-05,0.49928167041624055,6.935296550282326e-09,0.49928167041624055,2.6320519398807265e-09,0.0014041591461476128,9.805874310262323e-08,2.923868401339643e-07
EFT:1.0104241096782794e-05,2.122547334954209e-06,1.987322000788117e-05,0.499281670416237,6.935296550282277e-09,0.4992816704162441,2.6320519398807075e-09,0.0014041591461476227,9.805874310262393e-08,2.9238684013396224e-07
Random8748
Raw:1.0104241096782938e-05,2.122547334954239e-06,1.987322000788145e-05,0.499281670416237,6.935296550282277e-09,0.4992816704162441,2.632051939880745e-09,0.0014041591461476427,9.805874310262532e-08,2.9238684013396224e-07
EFT:1.0104241096782794e-05,2.122547334954209e-06,1.987322000788117e-05,0.499281670416237,6.935296550282277e-09,0.4992816704162441,2.6320519398807075e-09,0.0014041591461476227,9.805874310262393e-08,2.9238684013396224e-07
Random8749
Raw:1.0104241096782938e-05,2.122547334954239e-06,1.987322000788117e-05,0.499281670416237,6.935296550282277e-09,0.4992816704162441,2.632051939880745e-09,0.0014041591461476427,9.805874310262532e-08,2.9238684013396224e-07
EFT:1.0104241096782794e-05,2.122547334954209e-06,1.987322000788117e-05,0.499281670416237,6.935296550282277e-09,0.4992816704162441,2.6320519398807075e-09,0.0014041591461476227,9.805874310262393e-08,2.9238684013396224e-07
Random8750
Raw:1.0104241096782938e-05,2.1225473349541788e-06,1.9873220007880885e-05,0.499281670416237,6.935296550282277e-09,0.4992816704162441,2.632051939880745e-09,0.0014041591461476026,9.805874310262532e-08,2.9238684013396224e-07
EFT:1.0104241096782794e-05,2.122547334954209e-06,1.987322000788117e-05,0.499281670416237,6.935296550282277e-09,0.4992816704162441,2.6320519398807075e-09,0.0014041591461476227,9.805874310262393e-08,2.9238684013396224e-07
Random8751
Raw:1.0104241096782867e-05,2.1225473349542546e-06,1.987322000788131e-05,0.49928167041624055,6.935296550282326e-09,0.49928167041624055,2.6320519398807638e-09,0.0014041591461476128,9.805874310262462e-08,2.923868401339643e-07
EFT:1.0104241096782794e-05,2.122547334954209e-06,1.987322000788117e-05,0.499281670416237,6.935296550282277e-09,0.4992816704162441,2.6320519398807075e-09,0.0014041591461476227,9.805874310262393e-08,2.9238684013396224e-07
Random8752
Raw:1.0104241096782938e-05,2.122547334954209e-06,1.987322000788117e-05,0.499281670416237,6.935296550282277e-09,0.4992816704162441,2.632051939880745e-09,0.0014041591461476227,9.805874310262532e-08,2.9238684013396224e-07
EFT:1.0104241096782794e-05,2.122547334954209e-06,1.987322000788117e-05,0.499281670416237,6.935296550282277e-09,0.4992816704162441,2.6320519398807075e-09,0.0014041591461476227,9.805874310262393e-08,2.9238684013396224e-07
Random8753
Raw:1.0104241096782938e-05,2.122547334954209e-06,1.987322000788117e-05,0.499281670416237,6.935296550282277e-09,0.4992816704162441,2.632051939880745e-09,0.0014041591461476427,9.805874310262393e-08,2.9238684013396224e-07
EFT:1.0104241096782794e-05,2.122547334954209e-06,1.987322000788117e-05,0.499281670416237,6.935296550282277e-09,0.4992816704162441,2.6320519398807075e-09,0.0014041591461476227,9.805874310262393e-08,2.9238684013396224e-07
Random8754
Raw:1.0104241096782865e-05,2.122547334954194e-06,1.9873220007881028e-05,0.49928167041623345,6.935296550282228e-09,0.49928167041624766,2.632051939880726e-09,0.0014041591461476126,9.805874310262462e-08,2.9238684013396436e-07
EFT:1.0104241096782794e-05,2.122547334954209e-06,1.987322000788117e-05,0.499281670416237,6.935296550282277e-09,0.4992816704162441,2.6320519398807075e-09,0.0014041591461476227,9.805874310262393e-08,2.9238684013396224e-07
Random8755
Raw:1.0104241096782938e-05,2.122547334954209e-06,1.987322000788117e-05,0.499281670416237,6.9352965502823754e-09,0.4992816704162441,2.632051939880745e-09,0.0014041591461476227,9.805874310262532e-08,2.9238684013396637e-07
EFT:1.0104241096782794e-05,2.122547334954209e-06,1.987322000788117e-05,0.499281670416237,6.935296550282277e-09,0.4992816704162441,2.6320519398807075e-09,0.0014041591461476227,9.805874310262393e-08,2.9238684013396224e-07
Random8756
Raw:1.0104241096782938e-05,2.122547334954239e-06,1.987322000788117e-05,0.499281670416237,6.935296550282277e-09,0.4992816704162441,2.632051939880745e-09,0.0014041591461476427,9.805874310262532e-08,2.9238684013396224e-07
EFT:1.0104241096782794e-05,2.122547334954209e-06,1.987322000788117e-05,0.499281670416237,6.935296550282277e-09,0.4992816704162441,2.6320519398807075e-09,0.0014041591461476227,9.805874310262393e-08,2.9238684013396224e-07
Random8757
Raw:1.0104241096782938e-05,2.122547334954239e-06,1.987322000788117e-05,0.499281670416237,6.935296550282277e-09,0.4992816704162441,2.632051939880745e-09,0.0014041591461476227,9.805874310262532e-08,2.9238684013396224e-07
EFT:1.0104241096782794e-05,2.122547334954209e-06,1.987322000788117e-05,0.499281670416237,6.935296550282277e-09,0.4992816704162441,2.6320519398807075e-09,0.0014041591461476227,9.805874310262393e-08,2.9238684013396224e-07
Random8758
Raw:1.0104241096782938e-05,2.1225473349541788e-06,1.9873220007880885e-05,0.499281670416237,6.935296550282277e-09,0.4992816704162441,2.632051939880745e-09,0.0014041591461476026,9.805874310262532e-08,2.9238684013396224e-07
EFT:1.0104241096782794e-05,2.122547334954209e-06,1.987322000788117e-05,0.499281670416237,6.935296550282277e-09,0.4992816704162441,2.6320519398807075e-09,0.0014041591461476227,9.805874310262393e-08,2.9238684013396224e-07
Random8759
Raw:1.0104241096782938e-05,2.122547334954209e-06,1.987322000788117e-05,0.499281670416237,6.9352965502823754e-09,0.4992816704162441,2.632051939880745e-09,0.0014041591461476227,9.805874310262532e-08,2.9238684013396637e-07
EFT:1.0104241096782794e-05,2.122547334954209e-06,1.987322000788117e-05,0.499281670416237,6.935296550282277e-09,0.4992816704162441,2.6320519398807075e-09,0.0014041591461476227,9.805874310262393e-08,2.9238684013396224e-07
Random8760
Raw:1.0104241096782938e-05,2.122547334954209e-06,1.9873220007880885e-05,0.499281670416237,6.935296550282277e-09,0.4992816704162441,2.632051939880745e-09,0.0014041591461476227,9.805874310262532e-08,2.9238684013396224e-07
EFT:1.0104241096782794e-05,2.122547334954209e-06,1.987322000788117e-05,0.499281670416237,6.935296550282277e-09,0.4992816704162441,2.6320519398807075e-09,0.0014041591461476227,9.805874310262393e-08,2.9238684013396224e-07
Random8761
Raw:1.0104241096782867e-05,2.122547334954194e-06,1.9873220007881028e-05,0.49928167041624055,6.935296550282228e-09,0.49928167041624055,2.632051939880689e-09,0.0014041591461476327,9.805874310262323e-08,2.923868401339602e-07
EFT:1.0104241096782794e-05,2.122547334954209e-06,1.987322000788117e-05,0.499281670416237,6.935296550282277e-09,0.4992816704162441,2.6320519398807075e-09,0.0014041591461476227,9.805874310262393e-08,2.9238684013396224e-07
Random8762
Raw:1.0104241096782938e-05,2.122547334954209e-06,1.9873220007880885e-05,0.499281670416237,6.935296550282277e-09,0.4992816704162441,2.632051939880745e-09,0.0014041591461476227,9.805874310262532e-08,2.9238684013396224e-07
EFT:1.0104241096782794e-05,2.122547334954209e-06,1.987322000788117e-05,0.499281670416237,6.935296550282277e-09,0.4992816704162441,2.6320519398807075e-09,0.0014041591461476227,9.805874310262393e-08,2.9238684013396224e-07
Random8763
Raw:1.0104241096782865e-05,2.122547334954194e-06,1.9873220007881028e-05,0.49928167041623345,6.935296550282327e-09,0.49928167041624766,2.632051939880726e-09,0.0014041591461476126,9.805874310262462e-08,2.9238684013396436e-07
EFT:1.0104241096782794e-05,2.122547334954209e-06,1.987322000788117e-05,0.499281670416237,6.935296550282277e-09,0.4992816704162441,2.6320519398807075e-09,0.0014041591461476227,9.805874310262393e-08,2.9238684013396224e-07
Random8764
Raw:1.0104241096782867e-05,2.122547334954224e-06,1.987322000788131e-05,0.49928167041624055,6.935296550282326e-09,0.49928167041624055,2.6320519398807265e-09,0.0014041591461476327,9.805874310262323e-08,2.923868401339643e-07
EFT:1.0104241096782794e-05,2.122547334954209e-06,1.987322000788117e-05,0.499281670416237,6.935296550282277e-09,0.4992816704162441,2.6320519398807075e-09,0.0014041591461476227,9.805874310262393e-08,2.9238684013396224e-07
Random8765
Raw:1.0104241096782938e-05,2.122547334954239e-06,1.987322000788117e-05,0.499281670416237,6.9352965502823754e-09,0.4992816704162441,2.6320519398807824e-09,0.0014041591461476227,9.805874310262532e-08,2.9238684013396637e-07
EFT:1.0104241096782794e-05,2.122547334954209e-06,1.987322000788117e-05,0.499281670416237,6.935296550282277e-09,0.4992816704162441,2.6320519398807075e-09,0.0014041591461476227,9.805874310262393e-08,2.9238684013396224e-07
Random8766
Raw:1.0104241096782867e-05,2.122547334954194e-06,1.9873220007881028e-05,0.49928167041624055,6.935296550282326e-09,0.49928167041624055,2.6320519398807265e-09,0.0014041591461476128,9.805874310262323e-08,2.923868401339643e-07
EFT:1.0104241096782794e-05,2.122547334954209e-06,1.987322000788117e-05,0.499281670416237,6.935296550282277e-09,0.4992816704162441,2.6320519398807075e-09,0.0014041591461476227,9.805874310262393e-08,2.9238684013396224e-07
Random8767
Raw:1.0104241096782794e-05,2.122547334954209e-06,1.9873220007880885e-05,0.499281670416237,6.935296550282277e-09,0.4992816704162441,2.6320519398807075e-09,0.0014041591461476026,9.805874310262393e-08,2.9238684013396224e-07
EFT:1.0104241096782794e-05,2.122547334954209e-06,1.987322000788117e-05,0.499281670416237,6.935296550282277e-09,0.4992816704162441,2.6320519398807075e-09,0.0014041591461476227,9.805874310262393e-08,2.9238684013396224e-07
Random8768
Raw:1.0104241096782938e-05,2.122547334954209e-06,1.987322000788117e-05,0.499281670416237,6.935296550282277e-09,0.4992816704162441,2.632051939880745e-09,0.0014041591461476227,9.805874310262532e-08,2.9238684013396224e-07
EFT:1.0104241096782794e-05,2.122547334954209e-06,1.987322000788117e-05,0.499281670416237,6.935296550282277e-09,0.4992816704162441,2.6320519398807075e-09,0.0014041591461476227,9.805874310262393e-08,2.9238684013396224e-07
Random8769
Raw:1.0104241096783009e-05,2.122547334954224e-06,1.9873220007881028e-05,0.49928167041623345,6.935296550282327e-09,0.49928167041624766,2.6320519398807638e-09,0.0014041591461476327,9.805874310262601e-08,2.9238684013396436e-07
EFT:1.0104241096782794e-05,2.122547334954209e-06,1.987322000788117e-05,0.499281670416237,6.935296550282277e-09,0.4992816704162441,2.6320519398807075e-09,0.0014041591461476227,9.805874310262393e-08,2.9238684013396224e-07
Random8770
Raw:1.0104241096782938e-05,2.122547334954209e-06,1.9873220007880885e-05,0.499281670416237,6.935296550282277e-09,0.4992816704162441,2.632051939880745e-09,0.0014041591461476227,9.805874310262393e-08,2.9238684013396224e-07
EFT:1.0104241096782794e-05,2.122547334954209e-06,1.987322000788117e-05,0.499281670416237,6.935296550282277e-09,0.4992816704162441,2.6320519398807075e-09,0.0014041591461476227,9.805874310262393e-08,2.9238684013396224e-07
Random8771
Raw:1.0104241096782794e-05,2.122547334954209e-06,1.987322000788117e-05,0.4992816704162441,6.935296550282277e-09,0.499281670416237,2.6320519398807075e-09,0.0014041591461476227,9.805874310262393e-08,2.9238684013396224e-07
EFT:1.0104241096782794e-05,2.122547334954209e-06,1.987322000788117e-05,0.499281670416237,6.935296550282277e-09,0.4992816704162441,2.6320519398807075e-09,0.0014041591461476227,9.805874310262393e-08,2.9238684013396224e-07
Random8772
Raw:1.0104241096782938e-05,2.122547334954239e-06,1.987322000788117e-05,0.499281670416237,6.935296550282277e-09,0.4992816704162441,2.632051939880745e-09,0.0014041591461476427,9.805874310262532e-08,2.9238684013396224e-07
EFT:1.0104241096782794e-05,2.122547334954209e-06,1.987322000788117e-05,0.499281670416237,6.935296550282277e-09,0.4992816704162441,2.6320519398807075e-09,0.0014041591461476227,9.805874310262393e-08,2.9238684013396224e-07
Random8773
Raw:1.0104241096782938e-05,2.122547334954209e-06,1.987322000788117e-05,0.499281670416237,6.935296550282277e-09,0.4992816704162441,2.632051939880745e-09,0.0014041591461476427,9.805874310262393e-08,2.9238684013396224e-07
EFT:1.0104241096782794e-05,2.122547334954209e-06,1.987322000788117e-05,0.499281670416237,6.935296550282277e-09,0.4992816704162441,2.6320519398807075e-09,0.0014041591461476227,9.805874310262393e-08,2.9238684013396224e-07
Random8774
Raw:1.0104241096782938e-05,2.122547334954239e-06,1.987322000788145e-05,0.499281670416237,6.935296550282277e-09,0.4992816704162441,2.632051939880745e-09,0.0014041591461476427,9.805874310262393e-08,2.9238684013396637e-07
EFT:1.0104241096782794e-05,2.122547334954209e-06,1.987322000788117e-05,0.499281670416237,6.935296550282277e-09,0.4992816704162441,2.6320519398807075e-09,0.0014041591461476227,9.805874310262393e-08,2.9238684013396224e-07
Random8775
Raw:1.0104241096783009e-05,2.122547334954224e-06,1.987322000788131e-05,0.49928167041623345,6.935296550282327e-09,0.49928167041624766,2.6320519398807638e-09,0.0014041591461476327,9.805874310262462e-08,2.923868401339685e-07
EFT:1.0104241096782794e-05,2.122547334954209e-06,1.987322000788117e-05,0.499281670416237,6.935296550282277e-09,0.4992816704162441,2.6320519398807075e-09,0.0014041591461476227,9.805874310262393e-08,2.9238684013396224e-07
Random8776
Raw:1.0104241096782938e-05,2.122547334954209e-06,1.987322000788117e-05,0.499281670416237,6.935296550282277e-09,0.4992816704162441,2.632051939880745e-09,0.0014041591461476227,9.805874310262532e-08,2.9238684013396224e-07
EFT:1.0104241096782794e-05,2.122547334954209e-06,1.987322000788117e-05,0.499281670416237,6.935296550282277e-09,0.4992816704162441,2.6320519398807075e-09,0.0014041591461476227,9.805874310262393e-08,2.9238684013396224e-07
Random8777
Raw:1.0104241096782938e-05,2.122547334954239e-06,1.987322000788117e-05,0.499281670416237,6.9352965502823754e-09,0.4992816704162441,2.6320519398807824e-09,0.0014041591461476227,9.805874310262532e-08,2.9238684013396637e-07
EFT:1.0104241096782794e-05,2.122547334954209e-06,1.987322000788117e-05,0.499281670416237,6.935296550282277e-09,0.4992816704162441,2.6320519398807075e-09,0.0014041591461476227,9.805874310262393e-08,2.9238684013396224e-07
Random8778
Raw:1.0104241096782938e-05,2.122547334954209e-06,1.987322000788117e-05,0.499281670416237,6.935296550282277e-09,0.4992816704162441,2.632051939880745e-09,0.0014041591461476427,9.805874310262393e-08,2.9238684013396224e-07
EFT:1.0104241096782794e-05,2.122547334954209e-06,1.987322000788117e-05,0.499281670416237,6.935296550282277e-09,0.4992816704162441,2.6320519398807075e-09,0.0014041591461476227,9.805874310262393e-08,2.9238684013396224e-07
Random8779
Raw:1.0104241096782938e-05,2.122547334954209e-06,1.987322000788117e-05,0.499281670416237,6.935296550282277e-09,0.4992816704162441,2.632051939880745e-09,0.0014041591461476427,9.805874310262393e-08,2.9238684013396224e-07
EFT:1.0104241096782794e-05,2.122547334954209e-06,1.987322000788117e-05,0.499281670416237,6.935296550282277e-09,0.4992816704162441,2.6320519398807075e-09,0.0014041591461476227,9.805874310262393e-08,2.9238684013396224e-07
Random8780
Raw:1.0104241096782723e-05,2.122547334954224e-06,1.987322000788131e-05,0.49928167041624055,6.935296550282228e-09,0.49928167041624055,2.632051939880689e-09,0.0014041591461476327,9.805874310262184e-08,2.923868401339602e-07
EFT:1.0104241096782794e-05,2.122547334954209e-06,1.987322000788117e-05,0.499281670416237,6.935296550282277e-09,0.4992816704162441,2.6320519398807075e-09,0.0014041591461476227,9.805874310262393e-08,2.9238684013396224e-07
Random8781
Raw:1.0104241096782938e-05,2.122547334954209e-06,1.987322000788117e-05,0.499281670416237,6.935296550282277e-09,0.4992816704162441,2.632051939880745e-09,0.0014041591461476427,9.805874310262393e-08,2.9238684013396224e-07
EFT:1.0104241096782794e-05,2.122547334954209e-06,1.987322000788117e-05,0.499281670416237,6.935296550282277e-09,0.4992816704162441,2.6320519398807075e-09,0.0014041591461476227,9.805874310262393e-08,2.9238684013396224e-07
Random8782
Raw:1.0104241096782867e-05,2.122547334954224e-06,1.987322000788131e-05,0.49928167041624055,6.935296550282326e-09,0.49928167041624055,2.6320519398807638e-09,0.0014041591461476128,9.805874310262462e-08,2.923868401339643e-07
EFT:1.0104241096782794e-05,2.122547334954209e-06,1.987322000788117e-05,0.499281670416237,6.935296550282277e-09,0.4992816704162441,2.6320519398807075e-09,0.0014041591461476227,9.805874310262393e-08,2.9238684013396224e-07
Random8783
Raw:1.0104241096782938e-05,2.122547334954209e-06,1.987322000788117e-05,0.499281670416237,6.935296550282277e-09,0.4992816704162441,2.632051939880745e-09,0.0014041591461476227,9.805874310262532e-08,2.9238684013396224e-07
EFT:1.0104241096782794e-05,2.122547334954209e-06,1.987322000788117e-05,0.499281670416237,6.935296550282277e-09,0.4992816704162441,2.6320519398807075e-09,0.0014041591461476227,9.805874310262393e-08,2.9238684013396224e-07
Random8784
Raw:1.0104241096782938e-05,2.122547334954239e-06,1.987322000788117e-05,0.499281670416237,6.935296550282277e-09,0.4992816704162441,2.632051939880745e-09,0.0014041591461476427,9.805874310262393e-08,2.9238684013396637e-07
EFT:1.0104241096782794e-05,2.122547334954209e-06,1.987322000788117e-05,0.499281670416237,6.935296550282277e-09,0.4992816704162441,2.6320519398807075e-09,0.0014041591461476227,9.805874310262393e-08,2.9238684013396224e-07
Random8785
Raw:1.0104241096782938e-05,2.122547334954209e-06,1.987322000788117e-05,0.499281670416237,6.935296550282277e-09,0.4992816704162441,2.632051939880745e-09,0.0014041591461476227,9.805874310262532e-08,2.9238684013396224e-07
EFT:1.0104241096782794e-05,2.122547334954209e-06,1.987322000788117e-05,0.499281670416237,6.935296550282277e-09,0.4992816704162441,2.6320519398807075e-09,0.0014041591461476227,9.805874310262393e-08,2.9238684013396224e-07
Random8786
Raw:1.0104241096782938e-05,2.122547334954209e-06,1.987322000788117e-05,0.499281670416237,6.935296550282277e-09,0.4992816704162441,2.632051939880745e-09,0.0014041591461476227,9.805874310262532e-08,2.9238684013396224e-07
EFT:1.0104241096782794e-05,2.122547334954209e-06,1.987322000788117e-05,0.499281670416237,6.935296550282277e-09,0.4992816704162441,2.6320519398807075e-09,0.0014041591461476227,9.805874310262393e-08,2.9238684013396224e-07
Random8787
Raw:1.0104241096782794e-05,2.122547334954209e-06,1.987322000788117e-05,0.4992816704162441,6.935296550282277e-09,0.499281670416237,2.63205193988067e-09,0.0014041591461476227,9.805874310262254e-08,2.9238684013396224e-07
EFT:1.0104241096782794e-05,2.122547334954209e-06,1.987322000788117e-05,0.499281670416237,6.935296550282277e-09,0.4992816704162441,2.6320519398807075e-09,0.0014041591461476227,9.805874310262393e-08,2.9238684013396224e-07
Random8788
Raw:1.0104241096783009e-05,2.122547334954194e-06,1.9873220007881028e-05,0.49928167041623345,6.935296550282327e-09,0.49928167041624766,2.6320519398807638e-09,0.0014041591461476126,9.805874310262601e-08,2.9238684013396436e-07
EFT:1.0104241096782794e-05,2.122547334954209e-06,1.987322000788117e-05,0.499281670416237,6.935296550282277e-09,0.4992816704162441,2.6320519398807075e-09,0.0014041591461476227,9.805874310262393e-08,2.9238684013396224e-07
Random8789
Raw:1.0104241096782865e-05,2.122547334954194e-06,1.9873220007881028e-05,0.49928167041623345,6.935296550282327e-09,0.49928167041624766,2.632051939880726e-09,0.0014041591461476126,9.805874310262462e-08,2.9238684013396436e-07
EFT:1.0104241096782794e-05,2.122547334954209e-06,1.987322000788117e-05,0.499281670416237,6.935296550282277e-09,0.4992816704162441,2.6320519398807075e-09,0.0014041591461476227,9.805874310262393e-08,2.9238684013396224e-07
Random8790
Raw:1.0104241096782867e-05,2.122547334954224e-06,1.987322000788131e-05,0.49928167041624055,6.935296550282326e-09,0.49928167041624055,2.6320519398807265e-09,0.0014041591461476128,9.805874310262462e-08,2.923868401339643e-07
EFT:1.0104241096782794e-05,2.122547334954209e-06,1.987322000788117e-05,0.499281670416237,6.935296550282277e-09,0.4992816704162441,2.6320519398807075e-09,0.0014041591461476227,9.805874310262393e-08,2.9238684013396224e-07
Random8791
Raw:1.0104241096783009e-05,2.122547334954224e-06,1.9873220007881028e-05,0.49928167041623345,6.935296550282424e-09,0.49928167041624766,2.632051939880801e-09,0.0014041591461476327,9.805874310262601e-08,2.923868401339685e-07
EFT:1.0104241096782794e-05,2.122547334954209e-06,1.987322000788117e-05,0.499281670416237,6.935296550282277e-09,0.4992816704162441,2.6320519398807075e-09,0.0014041591461476227,9.805874310262393e-08,2.9238684013396224e-07
Random8792
Raw:1.0104241096782938e-05,2.122547334954239e-06,1.987322000788145e-05,0.499281670416237,6.935296550282277e-09,0.4992816704162441,2.632051939880745e-09,0.0014041591461476427,9.805874310262393e-08,2.9238684013396637e-07
EFT:1.0104241096782794e-05,2.122547334954209e-06,1.987322000788117e-05,0.499281670416237,6.935296550282277e-09,0.4992816704162441,2.6320519398807075e-09,0.0014041591461476227,9.805874310262393e-08,2.9238684013396224e-07
Random8793
Raw:1.0104241096782938e-05,2.122547334954209e-06,1.9873220007880885e-05,0.499281670416237,6.935296550282277e-09,0.4992816704162441,2.632051939880745e-09,0.0014041591461476227,9.805874310262532e-08,2.9238684013396224e-07
EFT:1.0104241096782794e-05,2.122547334954209e-06,1.987322000788117e-05,0.499281670416237,6.935296550282277e-09,0.4992816704162441,2.6320519398807075e-09,0.0014041591461476227,9.805874310262393e-08,2.9238684013396224e-07
Random8794
Raw:1.0104241096783009e-05,2.122547334954224e-06,1.987322000788131e-05,0.49928167041623345,6.935296550282327e-09,0.49928167041624766,2.6320519398807638e-09,0.0014041591461476327,9.805874310262462e-08,2.923868401339685e-07
EFT:1.0104241096782794e-05,2.122547334954209e-06,1.987322000788117e-05,0.499281670416237,6.935296550282277e-09,0.4992816704162441,2.6320519398807075e-09,0.0014041591461476227,9.805874310262393e-08,2.9238684013396224e-07
Random8795
Raw:1.0104241096783009e-05,2.122547334954224e-06,1.987322000788131e-05,0.49928167041623345,6.935296550282327e-09,0.49928167041624766,2.6320519398807638e-09,0.0014041591461476327,9.805874310262462e-08,2.923868401339685e-07
EFT:1.0104241096782794e-05,2.122547334954209e-06,1.987322000788117e-05,0.499281670416237,6.935296550282277e-09,0.4992816704162441,2.6320519398807075e-09,0.0014041591461476227,9.805874310262393e-08,2.9238684013396224e-07
Random8796
Raw:1.0104241096782794e-05,2.122547334954209e-06,1.987322000788117e-05,0.499281670416237,6.935296550282277e-09,0.4992816704162441,2.6320519398807075e-09,0.0014041591461476026,9.805874310262393e-08,2.9238684013396224e-07
EFT:1.0104241096782794e-05,2.122547334954209e-06,1.987322000788117e-05,0.499281670416237,6.935296550282277e-09,0.4992816704162441,2.6320519398807075e-09,0.0014041591461476227,9.805874310262393e-08,2.9238684013396224e-07
Random8797
Raw:1.0104241096782867e-05,2.122547334954224e-06,1.987322000788131e-05,0.49928167041624055,6.935296550282326e-09,0.49928167041624055,2.6320519398807265e-09,0.0014041591461476327,9.805874310262323e-08,2.923868401339643e-07
EFT:1.0104241096782794e-05,2.122547334954209e-06,1.987322000788117e-05,0.499281670416237,6.935296550282277e-09,0.4992816704162441,2.6320519398807075e-09,0.0014041591461476227,9.805874310262393e-08,2.9238684013396224e-07
Random8798
Raw:1.0104241096782794e-05,2.122547334954209e-06,1.987322000788117e-05,0.499281670416237,6.935296550282277e-09,0.4992816704162441,2.632051939880745e-09,0.0014041591461476227,9.805874310262254e-08,2.9238684013396224e-07
EFT:1.0104241096782794e-05,2.122547334954209e-06,1.987322000788117e-05,0.499281670416237,6.935296550282277e-09,0.4992816704162441,2.6320519398807075e-09,0.0014041591461476227,9.805874310262393e-08,2.9238684013396224e-07
Random8799
Raw:1.0104241096782867e-05,2.122547334954224e-06,1.9873220007881028e-05,0.49928167041624055,6.935296550282326e-09,0.49928167041624055,2.6320519398807265e-09,0.0014041591461476327,9.805874310262323e-08,2.923868401339643e-07
EFT:1.0104241096782794e-05,2.122547334954209e-06,1.987322000788117e-05,0.499281670416237,6.935296550282277e-09,0.4992816704162441,2.6320519398807075e-09,0.0014041591461476227,9.805874310262393e-08,2.9238684013396224e-07
Random8800
Raw:1.0104241096782867e-05,2.122547334954194e-06,1.9873220007881028e-05,0.49928167041624055,6.935296550282326e-09,0.49928167041624055,2.6320519398807265e-09,0.0014041591461476128,9.805874310262323e-08,2.923868401339643e-07
EFT:1.0104241096782794e-05,2.122547334954209e-06,1.987322000788117e-05,0.499281670416237,6.935296550282277e-09,0.4992816704162441,2.6320519398807075e-09,0.0014041591461476227,9.805874310262393e-08,2.9238684013396224e-07
Random8801
Raw:1.0104241096782938e-05,2.122547334954209e-06,1.987322000788117e-05,0.499281670416237,6.9352965502823754e-09,0.4992816704162441,2.632051939880745e-09,0.0014041591461476227,9.805874310262393e-08,2.9238684013396637e-07
EFT:1.0104241096782794e-05,2.122547334954209e-06,1.987322000788117e-05,0.499281670416237,6.935296550282277e-09,0.4992816704162441,2.6320519398807075e-09,0.0014041591461476227,9.805874310262393e-08,2.9238684013396224e-07
Random8802
Raw:1.0104241096782938e-05,2.122547334954239e-06,1.987322000788145e-05,0.499281670416237,6.935296550282277e-09,0.4992816704162441,2.632051939880745e-09,0.0014041591461476427,9.805874310262393e-08,2.9238684013396637e-07
EFT:1.0104241096782794e-05,2.122547334954209e-06,1.987322000788117e-05,0.499281670416237,6.935296550282277e-09,0.4992816704162441,2.6320519398807075e-09,0.0014041591461476227,9.805874310262393e-08,2.9238684013396224e-07
Random8803
Raw:1.0104241096783009e-05,2.122547334954194e-06,1.9873220007881028e-05,0.49928167041623345,6.935296550282327e-09,0.49928167041624766,2.6320519398807638e-09,0.0014041591461476126,9.805874310262601e-08,2.9238684013396436e-07
EFT:1.0104241096782794e-05,2.122547334954209e-06,1.987322000788117e-05,0.499281670416237,6.935296550282277e-09,0.4992816704162441,2.6320519398807075e-09,0.0014041591461476227,9.805874310262393e-08,2.9238684013396224e-07
Random8804
Raw:1.0104241096783009e-05,2.122547334954194e-06,1.9873220007881028e-05,0.49928167041623345,6.935296550282327e-09,0.49928167041624766,2.6320519398807638e-09,0.0014041591461476126,9.805874310262601e-08,2.9238684013396436e-07
EFT:1.0104241096782794e-05,2.122547334954209e-06,1.987322000788117e-05,0.499281670416237,6.935296550282277e-09,0.4992816704162441,2.6320519398807075e-09,0.0014041591461476227,9.805874310262393e-08,2.9238684013396224e-07
Random8805
Raw:1.0104241096782938e-05,2.122547334954209e-06,1.987322000788117e-05,0.499281670416237,6.935296550282277e-09,0.4992816704162441,2.632051939880745e-09,0.0014041591461476427,9.805874310262393e-08,2.9238684013396224e-07
EFT:1.0104241096782794e-05,2.122547334954209e-06,1.987322000788117e-05,0.499281670416237,6.935296550282277e-09,0.4992816704162441,2.6320519398807075e-09,0.0014041591461476227,9.805874310262393e-08,2.9238684013396224e-07
Random8806
Raw:1.0104241096782867e-05,2.122547334954194e-06,1.9873220007881028e-05,0.49928167041624055,6.935296550282326e-09,0.49928167041624055,2.6320519398807265e-09,0.0014041591461476128,9.805874310262323e-08,2.923868401339643e-07
EFT:1.0104241096782794e-05,2.122547334954209e-06,1.987322000788117e-05,0.499281670416237,6.935296550282277e-09,0.4992816704162441,2.6320519398807075e-09,0.0014041591461476227,9.805874310262393e-08,2.9238684013396224e-07
Random8807
Raw:1.0104241096783009e-05,2.122547334954224e-06,1.9873220007881028e-05,0.49928167041623345,6.935296550282327e-09,0.49928167041624766,2.6320519398807638e-09,0.0014041591461476327,9.805874310262601e-08,2.9238684013396436e-07
EFT:1.0104241096782794e-05,2.122547334954209e-06,1.987322000788117e-05,0.499281670416237,6.935296550282277e-09,0.4992816704162441,2.6320519398807075e-09,0.0014041591461476227,9.805874310262393e-08,2.9238684013396224e-07
Random8808
Raw:1.0104241096782938e-05,2.122547334954209e-06,1.987322000788117e-05,0.499281670416237,6.9352965502823754e-09,0.4992816704162441,2.632051939880745e-09,0.0014041591461476227,9.805874310262672e-08,2.9238684013396637e-07
EFT:1.0104241096782794e-05,2.122547334954209e-06,1.987322000788117e-05,0.499281670416237,6.935296550282277e-09,0.4992816704162441,2.6320519398807075e-09,0.0014041591461476227,9.805874310262393e-08,2.9238684013396224e-07
Random8809
Raw:1.0104241096782938e-05,2.122547334954239e-06,1.987322000788145e-05,0.499281670416237,6.935296550282277e-09,0.4992816704162441,2.632051939880745e-09,0.0014041591461476427,9.805874310262393e-08,2.9238684013396637e-07
EFT:1.0104241096782794e-05,2.122547334954209e-06,1.987322000788117e-05,0.499281670416237,6.935296550282277e-09,0.4992816704162441,2.6320519398807075e-09,0.0014041591461476227,9.805874310262393e-08,2.9238684013396224e-07
Random8810
Raw:1.0104241096783009e-05,2.122547334954224e-06,1.987322000788131e-05,0.49928167041623345,6.935296550282327e-09,0.49928167041624766,2.6320519398807638e-09,0.0014041591461476327,9.805874310262462e-08,2.923868401339685e-07
EFT:1.0104241096782794e-05,2.122547334954209e-06,1.987322000788117e-05,0.499281670416237,6.935296550282277e-09,0.4992816704162441,2.6320519398807075e-09,0.0014041591461476227,9.805874310262393e-08,2.9238684013396224e-07
Random8811
Raw:1.0104241096782867e-05,2.122547334954224e-06,1.987322000788131e-05,0.49928167041624055,6.935296550282326e-09,0.49928167041624055,2.6320519398807265e-09,0.0014041591461476128,9.805874310262462e-08,2.923868401339643e-07
EFT:1.0104241096782794e-05,2.122547334954209e-06,1.987322000788117e-05,0.499281670416237,6.935296550282277e-09,0.4992816704162441,2.6320519398807075e-09,0.0014041591461476227,9.805874310262393e-08,2.9238684013396224e-07
Random8812
Raw:1.0104241096782867e-05,2.122547334954224e-06,1.9873220007881028e-05,0.49928167041624055,6.935296550282326e-09,0.49928167041624055,2.6320519398807265e-09,0.0014041591461476128,9.805874310262462e-08,2.923868401339643e-07
EFT:1.0104241096782794e-05,2.122547334954209e-06,1.987322000788117e-05,0.499281670416237,6.935296550282277e-09,0.4992816704162441,2.6320519398807075e-09,0.0014041591461476227,9.805874310262393e-08,2.9238684013396224e-07
Random8813
Raw:1.0104241096782867e-05,2.122547334954224e-06,1.987322000788131e-05,0.49928167041624055,6.935296550282326e-09,0.49928167041624055,2.6320519398807265e-09,0.0014041591461476128,9.805874310262462e-08,2.923868401339643e-07
EFT:1.0104241096782794e-05,2.122547334954209e-06,1.987322000788117e-05,0.499281670416237,6.935296550282277e-09,0.4992816704162441,2.6320519398807075e-09,0.0014041591461476227,9.805874310262393e-08,2.9238684013396224e-07
Random8814
Raw:1.0104241096782867e-05,2.122547334954224e-06,1.987322000788131e-05,0.49928167041624055,6.935296550282326e-09,0.49928167041624055,2.6320519398807265e-09,0.0014041591461476327,9.805874310262323e-08,2.923868401339643e-07
EFT:1.0104241096782794e-05,2.122547334954209e-06,1.987322000788117e-05,0.499281670416237,6.935296550282277e-09,0.4992816704162441,2.6320519398807075e-09,0.0014041591461476227,9.805874310262393e-08,2.9238684013396224e-07
Random8815
Raw:1.0104241096782938e-05,2.122547334954209e-06,1.987322000788117e-05,0.499281670416237,6.9352965502823754e-09,0.4992816704162441,2.632051939880745e-09,0.0014041591461476227,9.805874310262532e-08,2.9238684013396637e-07
EFT:1.0104241096782794e-05,2.122547334954209e-06,1.987322000788117e-05,0.499281670416237,6.935296550282277e-09,0.4992816704162441,2.6320519398807075e-09,0.0014041591461476227,9.805874310262393e-08,2.9238684013396224e-07
Random8816
Raw:1.0104241096782794e-05,2.122547334954209e-06,1.987322000788117e-05,0.499281670416237,6.935296550282277e-09,0.4992816704162441,2.6320519398807075e-09,0.0014041591461476227,9.805874310262393e-08,2.9238684013396224e-07
EFT:1.0104241096782794e-05,2.122547334954209e-06,1.987322000788117e-05,0.499281670416237,6.935296550282277e-09,0.4992816704162441,2.6320519398807075e-09,0.0014041591461476227,9.805874310262393e-08,2.9238684013396224e-07
Random8817
Raw:1.0104241096782938e-05,2.122547334954209e-06,1.9873220007880885e-05,0.499281670416237,6.935296550282277e-09,0.4992816704162441,2.632051939880745e-09,0.0014041591461476227,9.805874310262393e-08,2.9238684013396224e-07
EFT:1.0104241096782794e-05,2.122547334954209e-06,1.987322000788117e-05,0.499281670416237,6.935296550282277e-09,0.4992816704162441,2.6320519398807075e-09,0.0014041591461476227,9.805874310262393e-08,2.9238684013396224e-07
Random8818
Raw:1.0104241096782723e-05,2.122547334954194e-06,1.9873220007881028e-05,0.49928167041624055,6.935296550282228e-09,0.49928167041624055,2.632051939880689e-09,0.0014041591461476128,9.805874310262184e-08,2.923868401339602e-07
EFT:1.0104241096782794e-05,2.122547334954209e-06,1.987322000788117e-05,0.499281670416237,6.935296550282277e-09,0.4992816704162441,2.6320519398807075e-09,0.0014041591461476227,9.805874310262393e-08,2.9238684013396224e-07
Random8819
Raw:1.0104241096782794e-05,2.122547334954209e-06,1.987322000788117e-05,0.499281670416237,6.9352965502821786e-09,0.4992816704162441,2.6320519398807075e-09,0.0014041591461476227,9.805874310262393e-08,2.9238684013396224e-07
EFT:1.0104241096782794e-05,2.122547334954209e-06,1.987322000788117e-05,0.499281670416237,6.935296550282277e-09,0.4992816704162441,2.6320519398807075e-09,0.0014041591461476227,9.805874310262393e-08,2.9238684013396224e-07
Random8820
Raw:1.0104241096782938e-05,2.122547334954209e-06,1.987322000788117e-05,0.499281670416237,6.935296550282277e-09,0.4992816704162441,2.632051939880745e-09,0.0014041591461476427,9.805874310262393e-08,2.9238684013396224e-07
EFT:1.0104241096782794e-05,2.122547334954209e-06,1.987322000788117e-05,0.499281670416237,6.935296550282277e-09,0.4992816704162441,2.6320519398807075e-09,0.0014041591461476227,9.805874310262393e-08,2.9238684013396224e-07
Random8821
Raw:1.0104241096782938e-05,2.122547334954239e-06,1.987322000788117e-05,0.499281670416237,6.935296550282277e-09,0.4992816704162441,2.632051939880745e-09,0.0014041591461476227,9.805874310262532e-08,2.9238684013396224e-07
EFT:1.0104241096782794e-05,2.122547334954209e-06,1.987322000788117e-05,0.499281670416237,6.935296550282277e-09,0.4992816704162441,2.6320519398807075e-09,0.0014041591461476227,9.805874310262393e-08,2.9238684013396224e-07
Random8822
Raw:1.0104241096782938e-05,2.122547334954209e-06,1.987322000788117e-05,0.499281670416237,6.935296550282277e-09,0.4992816704162441,2.632051939880745e-09,0.0014041591461476227,9.805874310262532e-08,2.9238684013396224e-07
EFT:1.0104241096782794e-05,2.122547334954209e-06,1.987322000788117e-05,0.499281670416237,6.935296550282277e-09,0.4992816704162441,2.6320519398807075e-09,0.0014041591461476227,9.805874310262393e-08,2.9238684013396224e-07
Random8823
Raw:1.0104241096782867e-05,2.122547334954194e-06,1.9873220007881028e-05,0.49928167041624055,6.935296550282326e-09,0.49928167041624055,2.6320519398807265e-09,0.0014041591461476128,9.805874310262602e-08,2.923868401339643e-07
EFT:1.0104241096782794e-05,2.122547334954209e-06,1.987322000788117e-05,0.499281670416237,6.935296550282277e-09,0.4992816704162441,2.6320519398807075e-09,0.0014041591461476227,9.805874310262393e-08,2.9238684013396224e-07
Random8824
Raw:1.0104241096782867e-05,2.122547334954224e-06,1.987322000788131e-05,0.49928167041624055,6.935296550282326e-09,0.49928167041624055,2.6320519398807265e-09,0.0014041591461476128,9.805874310262462e-08,2.923868401339643e-07
EFT:1.0104241096782794e-05,2.122547334954209e-06,1.987322000788117e-05,0.499281670416237,6.935296550282277e-09,0.4992816704162441,2.6320519398807075e-09,0.0014041591461476227,9.805874310262393e-08,2.9238684013396224e-07
Random8825
Raw:1.0104241096783009e-05,2.122547334954224e-06,1.987322000788131e-05,0.49928167041623345,6.935296550282424e-09,0.49928167041624766,2.6320519398807638e-09,0.0014041591461476327,9.805874310262601e-08,2.923868401339685e-07
EFT:1.0104241096782794e-05,2.122547334954209e-06,1.987322000788117e-05,0.499281670416237,6.935296550282277e-09,0.4992816704162441,2.6320519398807075e-09,0.0014041591461476227,9.805874310262393e-08,2.9238684013396224e-07
Random8826
Raw:1.0104241096782723e-05,2.122547334954194e-06,1.9873220007881028e-05,0.49928167041624055,6.93529655028213e-09,0.49928167041624055,2.6320519398806513e-09,0.0014041591461476327,9.805874310262323e-08,2.923868401339602e-07
EFT:1.0104241096782794e-05,2.122547334954209e-06,1.987322000788117e-05,0.499281670416237,6.935296550282277e-09,0.4992816704162441,2.6320519398807075e-09,0.0014041591461476227,9.805874310262393e-08,2.9238684013396224e-07
Random8827
Raw:1.0104241096783009e-05,2.122547334954224e-06,1.987322000788131e-05,0.49928167041623345,6.935296550282327e-09,0.49928167041624766,2.6320519398807638e-09,0.0014041591461476327,9.805874310262462e-08,2.923868401339685e-07
EFT:1.0104241096782794e-05,2.122547334954209e-06,1.987322000788117e-05,0.499281670416237,6.935296550282277e-09,0.4992816704162441,2.6320519398807075e-09,0.0014041591461476227,9.805874310262393e-08,2.9238684013396224e-07
Random8828
Raw:1.0104241096782794e-05,2.122547334954209e-06,1.987322000788117e-05,0.499281670416237,6.935296550282277e-09,0.4992816704162441,2.6320519398807075e-09,0.0014041591461476026,9.805874310262393e-08,2.9238684013396224e-07
EFT:1.0104241096782794e-05,2.122547334954209e-06,1.987322000788117e-05,0.499281670416237,6.935296550282277e-09,0.4992816704162441,2.6320519398807075e-09,0.0014041591461476227,9.805874310262393e-08,2.9238684013396224e-07
Random8829
Raw:1.0104241096782938e-05,2.122547334954209e-06,1.987322000788117e-05,0.499281670416237,6.9352965502823754e-09,0.4992816704162441,2.632051939880745e-09,0.0014041591461476227,9.805874310262672e-08,2.9238684013396637e-07
EFT:1.0104241096782794e-05,2.122547334954209e-06,1.987322000788117e-05,0.499281670416237,6.935296550282277e-09,0.4992816704162441,2.6320519398807075e-09,0.0014041591461476227,9.805874310262393e-08,2.9238684013396224e-07
Random8830
Raw:1.0104241096782938e-05,2.122547334954209e-06,1.987322000788117e-05,0.499281670416237,6.9352965502823754e-09,0.4992816704162441,2.632051939880745e-09,0.0014041591461476227,9.805874310262532e-08,2.9238684013396637e-07
EFT:1.0104241096782794e-05,2.122547334954209e-06,1.987322000788117e-05,0.499281670416237,6.935296550282277e-09,0.4992816704162441,2.6320519398807075e-09,0.0014041591461476227,9.805874310262393e-08,2.9238684013396224e-07
Random8831
Raw:1.0104241096782867e-05,2.122547334954224e-06,1.987322000788131e-05,0.49928167041624055,6.935296550282326e-09,0.49928167041624055,2.6320519398807638e-09,0.0014041591461476128,9.805874310262462e-08,2.923868401339643e-07
EFT:1.0104241096782794e-05,2.122547334954209e-06,1.987322000788117e-05,0.499281670416237,6.935296550282277e-09,0.4992816704162441,2.6320519398807075e-09,0.0014041591461476227,9.805874310262393e-08,2.9238684013396224e-07
Random8832
Raw:1.0104241096782938e-05,2.122547334954209e-06,1.987322000788117e-05,0.499281670416237,6.935296550282277e-09,0.4992816704162441,2.632051939880745e-09,0.0014041591461476227,9.805874310262532e-08,2.9238684013396224e-07
EFT:1.0104241096782794e-05,2.122547334954209e-06,1.987322000788117e-05,0.499281670416237,6.935296550282277e-09,0.4992816704162441,2.6320519398807075e-09,0.0014041591461476227,9.805874310262393e-08,2.9238684013396224e-07
Random8833
Raw:1.0104241096782867e-05,2.122547334954194e-06,1.9873220007881028e-05,0.49928167041624055,6.935296550282326e-09,0.49928167041624055,2.6320519398807265e-09,0.0014041591461476128,9.805874310262323e-08,2.923868401339643e-07
EFT:1.0104241096782794e-05,2.122547334954209e-06,1.987322000788117e-05,0.499281670416237,6.935296550282277e-09,0.4992816704162441,2.6320519398807075e-09,0.0014041591461476227,9.805874310262393e-08,2.9238684013396224e-07
Random8834
Raw:1.0104241096783009e-05,2.122547334954194e-06,1.9873220007881028e-05,0.49928167041623345,6.935296550282327e-09,0.49928167041624766,2.6320519398807638e-09,0.0014041591461476126,9.805874310262601e-08,2.9238684013396436e-07
EFT:1.0104241096782794e-05,2.122547334954209e-06,1.987322000788117e-05,0.499281670416237,6.935296550282277e-09,0.4992816704162441,2.6320519398807075e-09,0.0014041591461476227,9.805874310262393e-08,2.9238684013396224e-07
Random8835
Raw:1.0104241096782938e-05,2.122547334954239e-06,1.987322000788145e-05,0.499281670416237,6.935296550282277e-09,0.4992816704162441,2.632051939880745e-09,0.0014041591461476427,9.805874310262393e-08,2.9238684013396637e-07
EFT:1.0104241096782794e-05,2.122547334954209e-06,1.987322000788117e-05,0.499281670416237,6.935296550282277e-09,0.4992816704162441,2.6320519398807075e-09,0.0014041591461476227,9.805874310262393e-08,2.9238684013396224e-07
Random8836
Raw:1.0104241096782867e-05,2.1225473349542546e-06,1.987322000788131e-05,0.49928167041624055,6.935296550282326e-09,0.49928167041624055,2.6320519398807638e-09,0.0014041591461476327,9.805874310262462e-08,2.923868401339643e-07
EFT:1.0104241096782794e-05,2.122547334954209e-06,1.987322000788117e-05,0.499281670416237,6.935296550282277e-09,0.4992816704162441,2.6320519398807075e-09,0.0014041591461476227,9.805874310262393e-08,2.9238684013396224e-07
Random8837
Raw:1.0104241096782867e-05,2.122547334954224e-06,1.987322000788131e-05,0.49928167041624055,6.935296550282326e-09,0.49928167041624055,2.6320519398807265e-09,0.0014041591461476128,9.805874310262462e-08,2.923868401339643e-07
EFT:1.0104241096782794e-05,2.122547334954209e-06,1.987322000788117e-05,0.499281670416237,6.935296550282277e-09,0.4992816704162441,2.6320519398807075e-09,0.0014041591461476227,9.805874310262393e-08,2.9238684013396224e-07
Random8838
Raw:1.0104241096782867e-05,2.122547334954194e-06,1.9873220007881028e-05,0.49928167041624055,6.935296550282326e-09,0.49928167041624055,2.6320519398807265e-09,0.0014041591461476128,9.805874310262323e-08,2.923868401339643e-07
EFT:1.0104241096782794e-05,2.122547334954209e-06,1.987322000788117e-05,0.499281670416237,6.935296550282277e-09,0.4992816704162441,2.6320519398807075e-09,0.0014041591461476227,9.805874310262393e-08,2.9238684013396224e-07
Random8839
Raw:1.0104241096782938e-05,2.122547334954209e-06,1.987322000788117e-05,0.499281670416237,6.9352965502823754e-09,0.4992816704162441,2.6320519398807824e-09,0.0014041591461476227,9.805874310262532e-08,2.9238684013396637e-07
EFT:1.0104241096782794e-05,2.122547334954209e-06,1.987322000788117e-05,0.499281670416237,6.935296550282277e-09,0.4992816704162441,2.6320519398807075e-09,0.0014041591461476227,9.805874310262393e-08,2.9238684013396224e-07
Random8840
Raw:1.0104241096782938e-05,2.122547334954209e-06,1.987322000788117e-05,0.499281670416237,6.9352965502823754e-09,0.4992816704162441,2.632051939880745e-09,0.0014041591461476227,9.805874310262532e-08,2.9238684013396637e-07
EFT:1.0104241096782794e-05,2.122547334954209e-06,1.987322000788117e-05,0.499281670416237,6.935296550282277e-09,0.4992816704162441,2.6320519398807075e-09,0.0014041591461476227,9.805874310262393e-08,2.9238684013396224e-07
Random8841
Raw:1.0104241096782867e-05,2.122547334954194e-06,1.9873220007881028e-05,0.49928167041624055,6.935296550282326e-09,0.49928167041624055,2.6320519398807265e-09,0.0014041591461476128,9.805874310262323e-08,2.923868401339643e-07
EFT:1.0104241096782794e-05,2.122547334954209e-06,1.987322000788117e-05,0.499281670416237,6.935296550282277e-09,0.4992816704162441,2.6320519398807075e-09,0.0014041591461476227,9.805874310262393e-08,2.9238684013396224e-07
Random8842
Raw:1.0104241096782867e-05,2.122547334954224e-06,1.9873220007881028e-05,0.49928167041624055,6.935296550282326e-09,0.49928167041624055,2.6320519398807265e-09,0.0014041591461476327,9.805874310262323e-08,2.923868401339643e-07
EFT:1.0104241096782794e-05,2.122547334954209e-06,1.987322000788117e-05,0.499281670416237,6.935296550282277e-09,0.4992816704162441,2.6320519398807075e-09,0.0014041591461476227,9.805874310262393e-08,2.9238684013396224e-07
Random8843
Raw:1.0104241096782794e-05,2.122547334954209e-06,1.987322000788117e-05,0.499281670416237,6.9352965502821786e-09,0.4992816704162441,2.6320519398807075e-09,0.0014041591461476227,9.805874310262393e-08,2.9238684013396224e-07
EFT:1.0104241096782794e-05,2.122547334954209e-06,1.987322000788117e-05,0.499281670416237,6.935296550282277e-09,0.4992816704162441,2.6320519398807075e-09,0.0014041591461476227,9.805874310262393e-08,2.9238684013396224e-07
Random8844
Raw:1.0104241096782938e-05,2.122547334954239e-06,1.987322000788145e-05,0.499281670416237,6.935296550282277e-09,0.4992816704162441,2.632051939880745e-09,0.0014041591461476427,9.805874310262393e-08,2.9238684013396637e-07
EFT:1.0104241096782794e-05,2.122547334954209e-06,1.987322000788117e-05,0.499281670416237,6.935296550282277e-09,0.4992816704162441,2.6320519398807075e-09,0.0014041591461476227,9.805874310262393e-08,2.9238684013396224e-07
Random8845
Raw:1.0104241096782867e-05,2.122547334954224e-06,1.9873220007881028e-05,0.49928167041624055,6.935296550282326e-09,0.49928167041624055,2.6320519398807638e-09,0.0014041591461476128,9.805874310262462e-08,2.923868401339643e-07
EFT:1.0104241096782794e-05,2.122547334954209e-06,1.987322000788117e-05,0.499281670416237,6.935296550282277e-09,0.4992816704162441,2.6320519398807075e-09,0.0014041591461476227,9.805874310262393e-08,2.9238684013396224e-07
Random8846
Raw:1.0104241096783009e-05,2.122547334954224e-06,1.987322000788131e-05,0.49928167041623345,6.935296550282424e-09,0.49928167041624766,2.6320519398807638e-09,0.0014041591461476327,9.805874310262601e-08,2.923868401339685e-07
EFT:1.0104241096782794e-05,2.122547334954209e-06,1.987322000788117e-05,0.499281670416237,6.935296550282277e-09,0.4992816704162441,2.6320519398807075e-09,0.0014041591461476227,9.805874310262393e-08,2.9238684013396224e-07
Random8847
Raw:1.0104241096782938e-05,2.122547334954209e-06,1.987322000788117e-05,0.499281670416237,6.935296550282277e-09,0.4992816704162441,2.632051939880745e-09,0.0014041591461476227,9.805874310262532e-08,2.9238684013396224e-07
EFT:1.0104241096782794e-05,2.122547334954209e-06,1.987322000788117e-05,0.499281670416237,6.935296550282277e-09,0.4992816704162441,2.6320519398807075e-09,0.0014041591461476227,9.805874310262393e-08,2.9238684013396224e-07
Random8848
Raw:1.0104241096782938e-05,2.122547334954209e-06,1.987322000788117e-05,0.499281670416237,6.935296550282277e-09,0.4992816704162441,2.632051939880745e-09,0.0014041591461476427,9.805874310262393e-08,2.9238684013396224e-07
EFT:1.0104241096782794e-05,2.122547334954209e-06,1.987322000788117e-05,0.499281670416237,6.935296550282277e-09,0.4992816704162441,2.6320519398807075e-09,0.0014041591461476227,9.805874310262393e-08,2.9238684013396224e-07
Random8849
Raw:1.0104241096782938e-05,2.122547334954209e-06,1.987322000788117e-05,0.499281670416237,6.9352965502823754e-09,0.4992816704162441,2.632051939880745e-09,0.0014041591461476227,9.805874310262393e-08,2.9238684013396637e-07
EFT:1.0104241096782794e-05,2.122547334954209e-06,1.987322000788117e-05,0.499281670416237,6.935296550282277e-09,0.4992816704162441,2.6320519398807075e-09,0.0014041591461476227,9.805874310262393e-08,2.9238684013396224e-07
Random8850
Raw:1.0104241096782938e-05,2.122547334954209e-06,1.987322000788117e-05,0.499281670416237,6.9352965502823754e-09,0.4992816704162441,2.632051939880745e-09,0.0014041591461476227,9.805874310262393e-08,2.9238684013396637e-07
EFT:1.0104241096782794e-05,2.122547334954209e-06,1.987322000788117e-05,0.499281670416237,6.935296550282277e-09,0.4992816704162441,2.6320519398807075e-09,0.0014041591461476227,9.805874310262393e-08,2.9238684013396224e-07
Random8851
Raw:1.0104241096782867e-05,2.122547334954224e-06,1.987322000788131e-05,0.49928167041624055,6.935296550282326e-09,0.49928167041624055,2.6320519398807265e-09,0.0014041591461476327,9.805874310262323e-08,2.923868401339643e-07
EFT:1.0104241096782794e-05,2.122547334954209e-06,1.987322000788117e-05,0.499281670416237,6.935296550282277e-09,0.4992816704162441,2.6320519398807075e-09,0.0014041591461476227,9.805874310262393e-08,2.9238684013396224e-07
Random8852
Raw:1.0104241096783009e-05,2.122547334954224e-06,1.987322000788131e-05,0.49928167041623345,6.935296550282327e-09,0.49928167041624766,2.6320519398807638e-09,0.0014041591461476327,9.805874310262462e-08,2.923868401339685e-07
EFT:1.0104241096782794e-05,2.122547334954209e-06,1.987322000788117e-05,0.499281670416237,6.935296550282277e-09,0.4992816704162441,2.6320519398807075e-09,0.0014041591461476227,9.805874310262393e-08,2.9238684013396224e-07
Random8853
Raw:1.0104241096782938e-05,2.122547334954209e-06,1.987322000788117e-05,0.499281670416237,6.9352965502823754e-09,0.4992816704162441,2.632051939880745e-09,0.0014041591461476227,9.805874310262393e-08,2.9238684013396637e-07
EFT:1.0104241096782794e-05,2.122547334954209e-06,1.987322000788117e-05,0.499281670416237,6.935296550282277e-09,0.4992816704162441,2.6320519398807075e-09,0.0014041591461476227,9.805874310262393e-08,2.9238684013396224e-07
Random8854
Raw:1.0104241096783009e-05,2.122547334954224e-06,1.9873220007881028e-05,0.49928167041623345,6.935296550282424e-09,0.49928167041624766,2.632051939880801e-09,0.0014041591461476126,9.805874310262601e-08,2.923868401339685e-07
EFT:1.0104241096782794e-05,2.122547334954209e-06,1.987322000788117e-05,0.499281670416237,6.935296550282277e-09,0.4992816704162441,2.6320519398807075e-09,0.0014041591461476227,9.805874310262393e-08,2.9238684013396224e-07
Random8855
Raw:1.0104241096782794e-05,2.122547334954209e-06,1.987322000788117e-05,0.499281670416237,6.935296550282277e-09,0.4992816704162441,2.6320519398807075e-09,0.0014041591461476227,9.805874310262393e-08,2.9238684013396224e-07
EFT:1.0104241096782794e-05,2.122547334954209e-06,1.987322000788117e-05,0.499281670416237,6.935296550282277e-09,0.4992816704162441,2.6320519398807075e-09,0.0014041591461476227,9.805874310262393e-08,2.9238684013396224e-07
Random8856
Raw:1.0104241096783009e-05,2.122547334954224e-06,1.987322000788131e-05,0.49928167041623345,6.935296550282327e-09,0.49928167041624766,2.6320519398807638e-09,0.0014041591461476327,9.805874310262601e-08,2.9238684013396436e-07
EFT:1.0104241096782794e-05,2.122547334954209e-06,1.987322000788117e-05,0.499281670416237,6.935296550282277e-09,0.4992816704162441,2.6320519398807075e-09,0.0014041591461476227,9.805874310262393e-08,2.9238684013396224e-07
Random8857
Raw:1.0104241096783009e-05,2.122547334954194e-06,1.9873220007881028e-05,0.49928167041623345,6.935296550282327e-09,0.49928167041624766,2.6320519398807638e-09,0.0014041591461476327,9.805874310262462e-08,2.9238684013396436e-07
EFT:1.0104241096782794e-05,2.122547334954209e-06,1.987322000788117e-05,0.499281670416237,6.935296550282277e-09,0.4992816704162441,2.6320519398807075e-09,0.0014041591461476227,9.805874310262393e-08,2.9238684013396224e-07
Random8858
Raw:1.0104241096782938e-05,2.122547334954209e-06,1.987322000788117e-05,0.499281670416237,6.9352965502823754e-09,0.4992816704162441,2.632051939880745e-09,0.0014041591461476227,9.805874310262532e-08,2.9238684013396637e-07
EFT:1.0104241096782794e-05,2.122547334954209e-06,1.987322000788117e-05,0.499281670416237,6.935296550282277e-09,0.4992816704162441,2.6320519398807075e-09,0.0014041591461476227,9.805874310262393e-08,2.9238684013396224e-07
Random8859
Raw:1.0104241096782794e-05,2.122547334954209e-06,1.987322000788117e-05,0.4992816704162441,6.935296550282277e-09,0.499281670416237,2.63205193988067e-09,0.0014041591461476227,9.805874310262393e-08,2.9238684013396224e-07
EFT:1.0104241096782794e-05,2.122547334954209e-06,1.987322000788117e-05,0.499281670416237,6.935296550282277e-09,0.4992816704162441,2.6320519398807075e-09,0.0014041591461476227,9.805874310262393e-08,2.9238684013396224e-07
Random8860
Raw:1.0104241096782938e-05,2.122547334954209e-06,1.987322000788117e-05,0.499281670416237,6.9352965502823754e-09,0.4992816704162441,2.6320519398807824e-09,0.0014041591461476227,9.805874310262532e-08,2.9238684013396637e-07
EFT:1.0104241096782794e-05,2.122547334954209e-06,1.987322000788117e-05,0.499281670416237,6.935296550282277e-09,0.4992816704162441,2.6320519398807075e-09,0.0014041591461476227,9.805874310262393e-08,2.9238684013396224e-07
Random8861
Raw:1.0104241096782794e-05,2.1225473349541788e-06,1.9873220007880885e-05,0.499281670416237,6.935296550282277e-09,0.4992816704162441,2.632051939880745e-09,0.0014041591461476026,9.805874310262254e-08,2.9238684013396224e-07
EFT:1.0104241096782794e-05,2.122547334954209e-06,1.987322000788117e-05,0.499281670416237,6.935296550282277e-09,0.4992816704162441,2.6320519398807075e-09,0.0014041591461476227,9.805874310262393e-08,2.9238684013396224e-07
Random8862
Raw:1.0104241096782865e-05,2.122547334954194e-06,1.9873220007881028e-05,0.49928167041623345,6.935296550282327e-09,0.49928167041624766,2.632051939880726e-09,0.0014041591461476126,9.805874310262462e-08,2.9238684013396436e-07
EFT:1.0104241096782794e-05,2.122547334954209e-06,1.987322000788117e-05,0.499281670416237,6.935296550282277e-09,0.4992816704162441,2.6320519398807075e-09,0.0014041591461476227,9.805874310262393e-08,2.9238684013396224e-07
Random8863
Raw:1.0104241096782867e-05,2.122547334954224e-06,1.987322000788131e-05,0.49928167041624055,6.935296550282326e-09,0.49928167041624055,2.6320519398807265e-09,0.0014041591461476327,9.805874310262462e-08,2.923868401339643e-07
EFT:1.0104241096782794e-05,2.122547334954209e-06,1.987322000788117e-05,0.499281670416237,6.935296550282277e-09,0.4992816704162441,2.6320519398807075e-09,0.0014041591461476227,9.805874310262393e-08,2.9238684013396224e-07
Random8864
Raw:1.0104241096782794e-05,2.122547334954209e-06,1.987322000788117e-05,0.499281670416237,6.935296550282277e-09,0.4992816704162441,2.6320519398807075e-09,0.0014041591461476227,9.805874310262393e-08,2.9238684013396224e-07
EFT:1.0104241096782794e-05,2.122547334954209e-06,1.987322000788117e-05,0.499281670416237,6.935296550282277e-09,0.4992816704162441,2.6320519398807075e-09,0.0014041591461476227,9.805874310262393e-08,2.9238684013396224e-07
Random8865
Raw:1.0104241096782794e-05,2.122547334954209e-06,1.987322000788117e-05,0.499281670416237,6.935296550282277e-09,0.4992816704162441,2.6320519398807075e-09,0.0014041591461476227,9.805874310262393e-08,2.9238684013396224e-07
EFT:1.0104241096782794e-05,2.122547334954209e-06,1.987322000788117e-05,0.499281670416237,6.935296550282277e-09,0.4992816704162441,2.6320519398807075e-09,0.0014041591461476227,9.805874310262393e-08,2.9238684013396224e-07
Random8866
Raw:1.0104241096782867e-05,2.122547334954194e-06,1.9873220007881028e-05,0.49928167041624055,6.935296550282326e-09,0.49928167041624055,2.6320519398807265e-09,0.0014041591461476128,9.805874310262323e-08,2.923868401339643e-07
EFT:1.0104241096782794e-05,2.122547334954209e-06,1.987322000788117e-05,0.499281670416237,6.935296550282277e-09,0.4992816704162441,2.6320519398807075e-09,0.0014041591461476227,9.805874310262393e-08,2.9238684013396224e-07
Random8867
Raw:1.0104241096783009e-05,2.122547334954224e-06,1.9873220007881028e-05,0.49928167041623345,6.935296550282327e-09,0.49928167041624766,2.6320519398807638e-09,0.0014041591461476327,9.805874310262601e-08,2.9238684013396436e-07
EFT:1.0104241096782794e-05,2.122547334954209e-06,1.987322000788117e-05,0.499281670416237,6.935296550282277e-09,0.4992816704162441,2.6320519398807075e-09,0.0014041591461476227,9.805874310262393e-08,2.9238684013396224e-07
Random8868
Raw:1.0104241096782794e-05,2.122547334954209e-06,1.987322000788117e-05,0.4992816704162441,6.935296550282277e-09,0.499281670416237,2.63205193988067e-09,0.0014041591461476227,9.805874310262254e-08,2.9238684013396224e-07
EFT:1.0104241096782794e-05,2.122547334954209e-06,1.987322000788117e-05,0.499281670416237,6.935296550282277e-09,0.4992816704162441,2.6320519398807075e-09,0.0014041591461476227,9.805874310262393e-08,2.9238684013396224e-07
Random8869
Raw:1.0104241096782938e-05,2.122547334954239e-06,1.987322000788145e-05,0.499281670416237,6.935296550282277e-09,0.4992816704162441,2.632051939880745e-09,0.0014041591461476427,9.805874310262532e-08,2.9238684013396224e-07
EFT:1.0104241096782794e-05,2.122547334954209e-06,1.987322000788117e-05,0.499281670416237,6.935296550282277e-09,0.4992816704162441,2.6320519398807075e-09,0.0014041591461476227,9.805874310262393e-08,2.9238684013396224e-07
Random8870
Raw:1.0104241096782867e-05,2.122547334954224e-06,1.987322000788131e-05,0.49928167041624055,6.935296550282326e-09,0.49928167041624055,2.6320519398807265e-09,0.0014041591461476327,9.805874310262323e-08,2.923868401339643e-07
EFT:1.0104241096782794e-05,2.122547334954209e-06,1.987322000788117e-05,0.499281670416237,6.935296550282277e-09,0.4992816704162441,2.6320519398807075e-09,0.0014041591461476227,9.805874310262393e-08,2.9238684013396224e-07
Random8871
Raw:1.0104241096782938e-05,2.122547334954209e-06,1.987322000788117e-05,0.499281670416237,6.935296550282277e-09,0.4992816704162441,2.632051939880745e-09,0.0014041591461476427,9.805874310262393e-08,2.9238684013396224e-07
EFT:1.0104241096782794e-05,2.122547334954209e-06,1.987322000788117e-05,0.499281670416237,6.935296550282277e-09,0.4992816704162441,2.6320519398807075e-09,0.0014041591461476227,9.805874310262393e-08,2.9238684013396224e-07
Random8872
Raw:1.0104241096782938e-05,2.122547334954209e-06,1.987322000788117e-05,0.499281670416237,6.9352965502823754e-09,0.4992816704162441,2.632051939880745e-09,0.0014041591461476227,9.805874310262532e-08,2.9238684013396637e-07
EFT:1.0104241096782794e-05,2.122547334954209e-06,1.987322000788117e-05,0.499281670416237,6.935296550282277e-09,0.4992816704162441,2.6320519398807075e-09,0.0014041591461476227,9.805874310262393e-08,2.9238684013396224e-07
Random8873
Raw:1.0104241096782938e-05,2.122547334954239e-06,1.987322000788117e-05,0.499281670416237,6.9352965502823754e-09,0.4992816704162441,2.6320519398807824e-09,0.0014041591461476227,9.805874310262532e-08,2.9238684013396637e-07
EFT:1.0104241096782794e-05,2.122547334954209e-06,1.987322000788117e-05,0.499281670416237,6.935296550282277e-09,0.4992816704162441,2.6320519398807075e-09,0.0014041591461476227,9.805874310262393e-08,2.9238684013396224e-07
Random8874
Raw:1.0104241096782794e-05,2.122547334954209e-06,1.987322000788117e-05,0.499281670416237,6.9352965502821786e-09,0.4992816704162441,2.6320519398807075e-09,0.0014041591461476227,9.805874310262393e-08,2.9238684013396224e-07
EFT:1.0104241096782794e-05,2.122547334954209e-06,1.987322000788117e-05,0.499281670416237,6.935296550282277e-09,0.4992816704162441,2.6320519398807075e-09,0.0014041591461476227,9.805874310262393e-08,2.9238684013396224e-07
Random8875
Raw:1.0104241096782938e-05,2.122547334954209e-06,1.987322000788117e-05,0.499281670416237,6.935296550282277e-09,0.4992816704162441,2.632051939880745e-09,0.0014041591461476427,9.805874310262393e-08,2.9238684013396224e-07
EFT:1.0104241096782794e-05,2.122547334954209e-06,1.987322000788117e-05,0.499281670416237,6.935296550282277e-09,0.4992816704162441,2.6320519398807075e-09,0.0014041591461476227,9.805874310262393e-08,2.9238684013396224e-07
Random8876
Raw:1.0104241096782867e-05,2.122547334954194e-06,1.9873220007881028e-05,0.49928167041624055,6.935296550282228e-09,0.49928167041624055,2.632051939880689e-09,0.0014041591461476128,9.805874310262462e-08,2.923868401339602e-07
EFT:1.0104241096782794e-05,2.122547334954209e-06,1.987322000788117e-05,0.499281670416237,6.935296550282277e-09,0.4992816704162441,2.6320519398807075e-09,0.0014041591461476227,9.805874310262393e-08,2.9238684013396224e-07
Random8877
Raw:1.0104241096782865e-05,2.122547334954194e-06,1.9873220007881028e-05,0.49928167041623345,6.935296550282327e-09,0.49928167041624766,2.632051939880726e-09,0.0014041591461476126,9.805874310262462e-08,2.9238684013396436e-07
EFT:1.0104241096782794e-05,2.122547334954209e-06,1.987322000788117e-05,0.499281670416237,6.935296550282277e-09,0.4992816704162441,2.6320519398807075e-09,0.0014041591461476227,9.805874310262393e-08,2.9238684013396224e-07
Random8878
Raw:1.0104241096782938e-05,2.122547334954209e-06,1.987322000788117e-05,0.499281670416237,6.935296550282277e-09,0.4992816704162441,2.632051939880745e-09,0.0014041591461476227,9.805874310262532e-08,2.9238684013396224e-07
EFT:1.0104241096782794e-05,2.122547334954209e-06,1.987322000788117e-05,0.499281670416237,6.935296550282277e-09,0.4992816704162441,2.6320519398807075e-09,0.0014041591461476227,9.805874310262393e-08,2.9238684013396224e-07
Random8879
Raw:1.0104241096782938e-05,2.122547334954239e-06,1.987322000788145e-05,0.4992816704162441,6.9352965502823754e-09,0.499281670416237,2.6320519398807075e-09,0.0014041591461476427,9.805874310262393e-08,2.9238684013396224e-07
EFT:1.0104241096782794e-05,2.122547334954209e-06,1.987322000788117e-05,0.499281670416237,6.935296550282277e-09,0.4992816704162441,2.6320519398807075e-09,0.0014041591461476227,9.805874310262393e-08,2.9238684013396224e-07
Random8880
Raw:1.0104241096782938e-05,2.122547334954209e-06,1.9873220007880885e-05,0.499281670416237,6.935296550282277e-09,0.4992816704162441,2.632051939880745e-09,0.0014041591461476227,9.805874310262532e-08,2.9238684013396224e-07
EFT:1.0104241096782794e-05,2.122547334954209e-06,1.987322000788117e-05,0.499281670416237,6.935296550282277e-09,0.4992816704162441,2.6320519398807075e-09,0.0014041591461476227,9.805874310262393e-08,2.9238684013396224e-07
Random8881
Raw:1.0104241096782865e-05,2.122547334954194e-06,1.9873220007881028e-05,0.49928167041623345,6.935296550282327e-09,0.49928167041624766,2.632051939880726e-09,0.0014041591461476126,9.805874310262462e-08,2.9238684013396436e-07
EFT:1.0104241096782794e-05,2.122547334954209e-06,1.987322000788117e-05,0.499281670416237,6.935296550282277e-09,0.4992816704162441,2.6320519398807075e-09,0.0014041591461476227,9.805874310262393e-08,2.9238684013396224e-07
Random8882
Raw:1.0104241096782794e-05,2.122547334954209e-06,1.987322000788117e-05,0.499281670416237,6.9352965502821786e-09,0.4992816704162441,2.6320519398807075e-09,0.0014041591461476026,9.805874310262393e-08,2.9238684013396224e-07
EFT:1.0104241096782794e-05,2.122547334954209e-06,1.987322000788117e-05,0.499281670416237,6.935296550282277e-09,0.4992816704162441,2.6320519398807075e-09,0.0014041591461476227,9.805874310262393e-08,2.9238684013396224e-07
Random8883
Raw:1.0104241096782867e-05,2.122547334954194e-06,1.9873220007881028e-05,0.49928167041624055,6.935296550282326e-09,0.49928167041624055,2.6320519398807265e-09,0.0014041591461476128,9.805874310262323e-08,2.923868401339643e-07
EFT:1.0104241096782794e-05,2.122547334954209e-06,1.987322000788117e-05,0.499281670416237,6.935296550282277e-09,0.4992816704162441,2.6320519398807075e-09,0.0014041591461476227,9.805874310262393e-08,2.9238684013396224e-07
Random8884
Raw:1.0104241096782867e-05,2.122547334954224e-06,1.9873220007881028e-05,0.49928167041624055,6.935296550282326e-09,0.49928167041624055,2.6320519398807265e-09,0.0014041591461476327,9.805874310262323e-08,2.923868401339643e-07
EFT:1.0104241096782794e-05,2.122547334954209e-06,1.987322000788117e-05,0.499281670416237,6.935296550282277e-09,0.4992816704162441,2.6320519398807075e-09,0.0014041591461476227,9.805874310262393e-08,2.9238684013396224e-07
Random8885
Raw:1.0104241096782938e-05,2.122547334954209e-06,1.987322000788117e-05,0.499281670416237,6.935296550282277e-09,0.4992816704162441,2.632051939880745e-09,0.0014041591461476427,9.805874310262393e-08,2.9238684013396224e-07
EFT:1.0104241096782794e-05,2.122547334954209e-06,1.987322000788117e-05,0.499281670416237,6.935296550282277e-09,0.4992816704162441,2.6320519398807075e-09,0.0014041591461476227,9.805874310262393e-08,2.9238684013396224e-07
Random8886
Raw:1.0104241096782938e-05,2.122547334954209e-06,1.987322000788117e-05,0.499281670416237,6.935296550282277e-09,0.4992816704162441,2.632051939880745e-09,0.0014041591461476427,9.805874310262393e-08,2.9238684013396224e-07
EFT:1.0104241096782794e-05,2.122547334954209e-06,1.987322000788117e-05,0.499281670416237,6.935296550282277e-09,0.4992816704162441,2.6320519398807075e-09,0.0014041591461476227,9.805874310262393e-08,2.9238684013396224e-07
Random8887
Raw:1.0104241096782867e-05,2.122547334954224e-06,1.987322000788131e-05,0.49928167041624055,6.935296550282326e-09,0.49928167041624055,2.6320519398807265e-09,0.0014041591461476327,9.805874310262462e-08,2.923868401339643e-07
EFT:1.0104241096782794e-05,2.122547334954209e-06,1.987322000788117e-05,0.499281670416237,6.935296550282277e-09,0.4992816704162441,2.6320519398807075e-09,0.0014041591461476227,9.805874310262393e-08,2.9238684013396224e-07
Random8888
Raw:1.0104241096783009e-05,2.122547334954194e-06,1.9873220007881028e-05,0.49928167041623345,6.935296550282327e-09,0.49928167041624766,2.6320519398807638e-09,0.0014041591461476126,9.805874310262601e-08,2.9238684013396436e-07
EFT:1.0104241096782794e-05,2.122547334954209e-06,1.987322000788117e-05,0.499281670416237,6.935296550282277e-09,0.4992816704162441,2.6320519398807075e-09,0.0014041591461476227,9.805874310262393e-08,2.9238684013396224e-07
Random8889
Raw:1.0104241096782938e-05,2.122547334954239e-06,1.987322000788117e-05,0.499281670416237,6.935296550282277e-09,0.4992816704162441,2.632051939880745e-09,0.0014041591461476427,9.805874310262532e-08,2.9238684013396224e-07
EFT:1.0104241096782794e-05,2.122547334954209e-06,1.987322000788117e-05,0.499281670416237,6.935296550282277e-09,0.4992816704162441,2.6320519398807075e-09,0.0014041591461476227,9.805874310262393e-08,2.9238684013396224e-07
Random8890
Raw:1.0104241096782938e-05,2.122547334954209e-06,1.987322000788117e-05,0.499281670416237,6.9352965502823754e-09,0.4992816704162441,2.6320519398807824e-09,0.0014041591461476026,9.805874310262393e-08,2.9238684013396637e-07
EFT:1.0104241096782794e-05,2.122547334954209e-06,1.987322000788117e-05,0.499281670416237,6.935296550282277e-09,0.4992816704162441,2.6320519398807075e-09,0.0014041591461476227,9.805874310262393e-08,2.9238684013396224e-07
Random8891
Raw:1.0104241096782938e-05,2.122547334954239e-06,1.987322000788145e-05,0.499281670416237,6.935296550282277e-09,0.4992816704162441,2.632051939880745e-09,0.0014041591461476427,9.805874310262393e-08,2.9238684013396637e-07
EFT:1.0104241096782794e-05,2.122547334954209e-06,1.987322000788117e-05,0.499281670416237,6.935296550282277e-09,0.4992816704162441,2.6320519398807075e-09,0.0014041591461476227,9.805874310262393e-08,2.9238684013396224e-07
Random8892
Raw:1.0104241096782723e-05,2.122547334954194e-06,1.9873220007881028e-05,0.49928167041624055,6.93529655028213e-09,0.49928167041624055,2.6320519398806513e-09,0.0014041591461476128,9.805874310262323e-08,2.923868401339602e-07
EFT:1.0104241096782794e-05,2.122547334954209e-06,1.987322000788117e-05,0.499281670416237,6.935296550282277e-09,0.4992816704162441,2.6320519398807075e-09,0.0014041591461476227,9.805874310262393e-08,2.9238684013396224e-07
Random8893
Raw:1.0104241096783009e-05,2.122547334954224e-06,1.987322000788131e-05,0.49928167041623345,6.935296550282327e-09,0.49928167041624766,2.6320519398807638e-09,0.0014041591461476327,9.805874310262601e-08,2.9238684013396436e-07
EFT:1.0104241096782794e-05,2.122547334954209e-06,1.987322000788117e-05,0.499281670416237,6.935296550282277e-09,0.4992816704162441,2.6320519398807075e-09,0.0014041591461476227,9.805874310262393e-08,2.9238684013396224e-07
Random8894
Raw:1.0104241096782938e-05,2.122547334954239e-06,1.987322000788117e-05,0.499281670416237,6.9352965502823754e-09,0.4992816704162441,2.6320519398807824e-09,0.0014041591461476227,9.805874310262532e-08,2.9238684013396637e-07
EFT:1.0104241096782794e-05,2.122547334954209e-06,1.987322000788117e-05,0.499281670416237,6.935296550282277e-09,0.4992816704162441,2.6320519398807075e-09,0.0014041591461476227,9.805874310262393e-08,2.9238684013396224e-07
Random8895
Raw:1.0104241096782938e-05,2.122547334954239e-06,1.987322000788117e-05,0.499281670416237,6.935296550282277e-09,0.4992816704162441,2.632051939880745e-09,0.0014041591461476427,9.805874310262532e-08,2.9238684013396224e-07
EFT:1.0104241096782794e-05,2.122547334954209e-06,1.987322000788117e-05,0.499281670416237,6.935296550282277e-09,0.4992816704162441,2.6320519398807075e-09,0.0014041591461476227,9.805874310262393e-08,2.9238684013396224e-07
Random8896
Raw:1.0104241096782865e-05,2.122547334954194e-06,1.9873220007881028e-05,0.49928167041623345,6.935296550282228e-09,0.49928167041624766,2.632051939880726e-09,0.0014041591461476327,9.805874310262324e-08,2.923868401339602e-07
EFT:1.0104241096782794e-05,2.122547334954209e-06,1.987322000788117e-05,0.499281670416237,6.935296550282277e-09,0.4992816704162441,2.6320519398807075e-09,0.0014041591461476227,9.805874310262393e-08,2.9238684013396224e-07
Random8897
Raw:1.0104241096783009e-05,2.122547334954224e-06,1.9873220007881028e-05,0.49928167041623345,6.935296550282327e-09,0.49928167041624766,2.6320519398807638e-09,0.0014041591461476327,9.805874310262601e-08,2.9238684013396436e-07
EFT:1.0104241096782794e-05,2.122547334954209e-06,1.987322000788117e-05,0.499281670416237,6.935296550282277e-09,0.4992816704162441,2.6320519398807075e-09,0.0014041591461476227,9.805874310262393e-08,2.9238684013396224e-07
Random8898
Raw:1.0104241096783009e-05,2.122547334954224e-06,1.987322000788131e-05,0.49928167041623345,6.935296550282327e-09,0.49928167041624766,2.6320519398807638e-09,0.0014041591461476327,9.805874310262462e-08,2.923868401339685e-07
EFT:1.0104241096782794e-05,2.122547334954209e-06,1.987322000788117e-05,0.499281670416237,6.935296550282277e-09,0.4992816704162441,2.6320519398807075e-09,0.0014041591461476227,9.805874310262393e-08,2.9238684013396224e-07
Random8899
Raw:1.0104241096782938e-05,2.122547334954209e-06,1.987322000788117e-05,0.499281670416237,6.9352965502823754e-09,0.4992816704162441,2.632051939880745e-09,0.0014041591461476227,9.805874310262532e-08,2.9238684013396637e-07
EFT:1.0104241096782794e-05,2.122547334954209e-06,1.987322000788117e-05,0.499281670416237,6.935296550282277e-09,0.4992816704162441,2.6320519398807075e-09,0.0014041591461476227,9.805874310262393e-08,2.9238684013396224e-07
Random8900
Raw:1.0104241096782938e-05,2.122547334954239e-06,1.987322000788117e-05,0.499281670416237,6.9352965502823754e-09,0.4992816704162441,2.6320519398807824e-09,0.0014041591461476227,9.805874310262532e-08,2.9238684013396637e-07
EFT:1.0104241096782794e-05,2.122547334954209e-06,1.987322000788117e-05,0.499281670416237,6.935296550282277e-09,0.4992816704162441,2.6320519398807075e-09,0.0014041591461476227,9.805874310262393e-08,2.9238684013396224e-07
Random8901
Raw:1.0104241096782865e-05,2.122547334954194e-06,1.9873220007881028e-05,0.49928167041623345,6.935296550282228e-09,0.49928167041624766,2.632051939880726e-09,0.0014041591461476126,9.805874310262462e-08,2.9238684013396436e-07
EFT:1.0104241096782794e-05,2.122547334954209e-06,1.987322000788117e-05,0.499281670416237,6.935296550282277e-09,0.4992816704162441,2.6320519398807075e-09,0.0014041591461476227,9.805874310262393e-08,2.9238684013396224e-07
Random8902
Raw:1.0104241096782867e-05,2.122547334954194e-06,1.9873220007881028e-05,0.49928167041624055,6.935296550282326e-09,0.49928167041624055,2.6320519398807265e-09,0.0014041591461476128,9.805874310262323e-08,2.923868401339643e-07
EFT:1.0104241096782794e-05,2.122547334954209e-06,1.987322000788117e-05,0.499281670416237,6.935296550282277e-09,0.4992816704162441,2.6320519398807075e-09,0.0014041591461476227,9.805874310262393e-08,2.9238684013396224e-07
Random8903
Raw:1.0104241096782867e-05,2.122547334954224e-06,1.9873220007881028e-05,0.49928167041624055,6.935296550282326e-09,0.49928167041624055,2.6320519398807265e-09,0.0014041591461476327,9.805874310262323e-08,2.923868401339643e-07
EFT:1.0104241096782794e-05,2.122547334954209e-06,1.987322000788117e-05,0.499281670416237,6.935296550282277e-09,0.4992816704162441,2.6320519398807075e-09,0.0014041591461476227,9.805874310262393e-08,2.9238684013396224e-07
Random8904
Raw:1.0104241096782938e-05,2.122547334954239e-06,1.987322000788145e-05,0.499281670416237,6.935296550282277e-09,0.4992816704162441,2.632051939880745e-09,0.0014041591461476427,9.805874310262393e-08,2.9238684013396637e-07
EFT:1.0104241096782794e-05,2.122547334954209e-06,1.987322000788117e-05,0.499281670416237,6.935296550282277e-09,0.4992816704162441,2.6320519398807075e-09,0.0014041591461476227,9.805874310262393e-08,2.9238684013396224e-07
Random8905
Raw:1.0104241096782865e-05,2.122547334954194e-06,1.9873220007881028e-05,0.49928167041623345,6.935296550282327e-09,0.49928167041624766,2.6320519398807638e-09,0.0014041591461476126,9.805874310262324e-08,2.9238684013396436e-07
EFT:1.0104241096782794e-05,2.122547334954209e-06,1.987322000788117e-05,0.499281670416237,6.935296550282277e-09,0.4992816704162441,2.6320519398807075e-09,0.0014041591461476227,9.805874310262393e-08,2.9238684013396224e-07
Random8906
Raw:1.0104241096782794e-05,2.1225473349541788e-06,1.9873220007880885e-05,0.499281670416237,6.935296550282277e-09,0.4992816704162441,2.632051939880745e-09,0.0014041591461476026,9.805874310262254e-08,2.9238684013396224e-07
EFT:1.0104241096782794e-05,2.122547334954209e-06,1.987322000788117e-05,0.499281670416237,6.935296550282277e-09,0.4992816704162441,2.6320519398807075e-09,0.0014041591461476227,9.805874310262393e-08,2.9238684013396224e-07
Random8907
Raw:1.0104241096782938e-05,2.122547334954239e-06,1.987322000788145e-05,0.499281670416237,6.935296550282277e-09,0.4992816704162441,2.632051939880745e-09,0.0014041591461476427,9.805874310262532e-08,2.9238684013396224e-07
EFT:1.0104241096782794e-05,2.122547334954209e-06,1.987322000788117e-05,0.499281670416237,6.935296550282277e-09,0.4992816704162441,2.6320519398807075e-09,0.0014041591461476227,9.805874310262393e-08,2.9238684013396224e-07
Random8908
Raw:1.0104241096782867e-05,2.122547334954194e-06,1.9873220007881028e-05,0.49928167041624055,6.935296550282326e-09,0.49928167041624055,2.6320519398807265e-09,0.0014041591461476128,9.805874310262323e-08,2.923868401339643e-07
EFT:1.0104241096782794e-05,2.122547334954209e-06,1.987322000788117e-05,0.499281670416237,6.935296550282277e-09,0.4992816704162441,2.6320519398807075e-09,0.0014041591461476227,9.805874310262393e-08,2.9238684013396224e-07
Random8909
Raw:1.0104241096782867e-05,2.122547334954224e-06,1.987322000788131e-05,0.49928167041624055,6.935296550282326e-09,0.49928167041624055,2.6320519398807265e-09,0.0014041591461476327,9.805874310262462e-08,2.923868401339643e-07
EFT:1.0104241096782794e-05,2.122547334954209e-06,1.987322000788117e-05,0.499281670416237,6.935296550282277e-09,0.4992816704162441,2.6320519398807075e-09,0.0014041591461476227,9.805874310262393e-08,2.9238684013396224e-07
Random8910
Raw:1.0104241096782938e-05,2.122547334954239e-06,1.987322000788145e-05,0.499281670416237,6.9352965502823754e-09,0.4992816704162441,2.632051939880745e-09,0.0014041591461476427,9.805874310262532e-08,2.9238684013396637e-07
EFT:1.0104241096782794e-05,2.122547334954209e-06,1.987322000788117e-05,0.499281670416237,6.935296550282277e-09,0.4992816704162441,2.6320519398807075e-09,0.0014041591461476227,9.805874310262393e-08,2.9238684013396224e-07
Random8911
Raw:1.0104241096782938e-05,2.122547334954209e-06,1.987322000788117e-05,0.499281670416237,6.9352965502823754e-09,0.4992816704162441,2.632051939880745e-09,0.0014041591461476227,9.805874310262532e-08,2.9238684013396637e-07
EFT:1.0104241096782794e-05,2.122547334954209e-06,1.987322000788117e-05,0.499281670416237,6.935296550282277e-09,0.4992816704162441,2.6320519398807075e-09,0.0014041591461476227,9.805874310262393e-08,2.9238684013396224e-07
Random8912
Raw:1.0104241096782938e-05,2.122547334954209e-06,1.987322000788117e-05,0.499281670416237,6.935296550282277e-09,0.4992816704162441,2.632051939880745e-09,0.0014041591461476227,9.805874310262532e-08,2.9238684013396224e-07
EFT:1.0104241096782794e-05,2.122547334954209e-06,1.987322000788117e-05,0.499281670416237,6.935296550282277e-09,0.4992816704162441,2.6320519398807075e-09,0.0014041591461476227,9.805874310262393e-08,2.9238684013396224e-07
Random8913
Raw:1.0104241096782938e-05,2.122547334954209e-06,1.987322000788117e-05,0.499281670416237,6.9352965502823754e-09,0.4992816704162441,2.632051939880745e-09,0.0014041591461476227,9.805874310262532e-08,2.9238684013396637e-07
EFT:1.0104241096782794e-05,2.122547334954209e-06,1.987322000788117e-05,0.499281670416237,6.935296550282277e-09,0.4992816704162441,2.6320519398807075e-09,0.0014041591461476227,9.805874310262393e-08,2.9238684013396224e-07
Random8914
Raw:1.0104241096782938e-05,2.1225473349541788e-06,1.9873220007880885e-05,0.499281670416237,6.935296550282277e-09,0.4992816704162441,2.632051939880745e-09,0.0014041591461476026,9.805874310262532e-08,2.9238684013396224e-07
EFT:1.0104241096782794e-05,2.122547334954209e-06,1.987322000788117e-05,0.499281670416237,6.935296550282277e-09,0.4992816704162441,2.6320519398807075e-09,0.0014041591461476227,9.805874310262393e-08,2.9238684013396224e-07
Random8915
Raw:1.0104241096782938e-05,2.122547334954209e-06,1.987322000788117e-05,0.499281670416237,6.935296550282277e-09,0.4992816704162441,2.632051939880745e-09,0.0014041591461476227,9.805874310262532e-08,2.9238684013396224e-07
EFT:1.0104241096782794e-05,2.122547334954209e-06,1.987322000788117e-05,0.499281670416237,6.935296550282277e-09,0.4992816704162441,2.6320519398807075e-09,0.0014041591461476227,9.805874310262393e-08,2.9238684013396224e-07
Random8916
Raw:1.0104241096783009e-05,2.122547334954224e-06,1.987322000788131e-05,0.49928167041623345,6.935296550282327e-09,0.49928167041624766,2.6320519398807638e-09,0.0014041591461476327,9.805874310262462e-08,2.923868401339685e-07
EFT:1.0104241096782794e-05,2.122547334954209e-06,1.987322000788117e-05,0.499281670416237,6.935296550282277e-09,0.4992816704162441,2.6320519398807075e-09,0.0014041591461476227,9.805874310262393e-08,2.9238684013396224e-07
Random8917
Raw:1.0104241096782938e-05,2.122547334954239e-06,1.9873220007880885e-05,0.499281670416237,6.935296550282277e-09,0.4992816704162441,2.632051939880745e-09,0.0014041591461476227,9.805874310262532e-08,2.9238684013396224e-07
EFT:1.0104241096782794e-05,2.122547334954209e-06,1.987322000788117e-05,0.499281670416237,6.935296550282277e-09,0.4992816704162441,2.6320519398807075e-09,0.0014041591461476227,9.805874310262393e-08,2.9238684013396224e-07
Random8918
Raw:1.0104241096782938e-05,2.122547334954209e-06,1.9873220007880885e-05,0.499281670416237,6.9352965502823754e-09,0.4992816704162441,2.63205193988082e-09,0.0014041591461476227,9.805874310262532e-08,2.9238684013396637e-07
EFT:1.0104241096782794e-05,2.122547334954209e-06,1.987322000788117e-05,0.499281670416237,6.935296550282277e-09,0.4992816704162441,2.6320519398807075e-09,0.0014041591461476227,9.805874310262393e-08,2.9238684013396224e-07
Random8919
Raw:1.0104241096782938e-05,2.122547334954209e-06,1.987322000788117e-05,0.499281670416237,6.935296550282277e-09,0.4992816704162441,2.632051939880745e-09,0.0014041591461476427,9.805874310262393e-08,2.9238684013396224e-07
EFT:1.0104241096782794e-05,2.122547334954209e-06,1.987322000788117e-05,0.499281670416237,6.935296550282277e-09,0.4992816704162441,2.6320519398807075e-09,0.0014041591461476227,9.805874310262393e-08,2.9238684013396224e-07
Random8920
Raw:1.0104241096782938e-05,2.122547334954239e-06,1.987322000788117e-05,0.499281670416237,6.9352965502823754e-09,0.4992816704162441,2.6320519398807824e-09,0.0014041591461476227,9.805874310262532e-08,2.9238684013396637e-07
EFT:1.0104241096782794e-05,2.122547334954209e-06,1.987322000788117e-05,0.499281670416237,6.935296550282277e-09,0.4992816704162441,2.6320519398807075e-09,0.0014041591461476227,9.805874310262393e-08,2.9238684013396224e-07
Random8921
Raw:1.0104241096782865e-05,2.122547334954194e-06,1.9873220007881028e-05,0.49928167041623345,6.935296550282228e-09,0.49928167041624766,2.632051939880726e-09,0.0014041591461476327,9.805874310262462e-08,2.923868401339602e-07
EFT:1.0104241096782794e-05,2.122547334954209e-06,1.987322000788117e-05,0.499281670416237,6.935296550282277e-09,0.4992816704162441,2.6320519398807075e-09,0.0014041591461476227,9.805874310262393e-08,2.9238684013396224e-07
Random8922
Raw:1.0104241096782938e-05,2.122547334954209e-06,1.987322000788117e-05,0.499281670416237,6.935296550282277e-09,0.4992816704162441,2.632051939880745e-09,0.0014041591461476227,9.805874310262532e-08,2.9238684013396224e-07
EFT:1.0104241096782794e-05,2.122547334954209e-06,1.987322000788117e-05,0.499281670416237,6.935296550282277e-09,0.4992816704162441,2.6320519398807075e-09,0.0014041591461476227,9.805874310262393e-08,2.9238684013396224e-07
Random8923
Raw:1.0104241096782938e-05,2.122547334954209e-06,1.987322000788117e-05,0.499281670416237,6.935296550282277e-09,0.4992816704162441,2.632051939880745e-09,0.0014041591461476427,9.805874310262393e-08,2.9238684013396224e-07
EFT:1.0104241096782794e-05,2.122547334954209e-06,1.987322000788117e-05,0.499281670416237,6.935296550282277e-09,0.4992816704162441,2.6320519398807075e-09,0.0014041591461476227,9.805874310262393e-08,2.9238684013396224e-07
Random8924
Raw:1.0104241096782938e-05,2.1225473349541788e-06,1.9873220007880885e-05,0.499281670416237,6.935296550282277e-09,0.4992816704162441,2.632051939880745e-09,0.0014041591461476026,9.805874310262532e-08,2.9238684013396224e-07
EFT:1.0104241096782794e-05,2.122547334954209e-06,1.987322000788117e-05,0.499281670416237,6.935296550282277e-09,0.4992816704162441,2.6320519398807075e-09,0.0014041591461476227,9.805874310262393e-08,2.9238684013396224e-07
Random8925
Raw:1.0104241096782938e-05,2.122547334954209e-06,1.987322000788117e-05,0.499281670416237,6.935296550282277e-09,0.4992816704162441,2.632051939880745e-09,0.0014041591461476227,9.805874310262532e-08,2.9238684013396224e-07
EFT:1.0104241096782794e-05,2.122547334954209e-06,1.987322000788117e-05,0.499281670416237,6.935296550282277e-09,0.4992816704162441,2.6320519398807075e-09,0.0014041591461476227,9.805874310262393e-08,2.9238684013396224e-07
Random8926
Raw:1.0104241096782865e-05,2.122547334954194e-06,1.9873220007881028e-05,0.49928167041623345,6.935296550282327e-09,0.49928167041624766,2.632051939880726e-09,0.0014041591461476126,9.805874310262462e-08,2.9238684013396436e-07
EFT:1.0104241096782794e-05,2.122547334954209e-06,1.987322000788117e-05,0.499281670416237,6.935296550282277e-09,0.4992816704162441,2.6320519398807075e-09,0.0014041591461476227,9.805874310262393e-08,2.9238684013396224e-07
Random8927
Raw:1.0104241096782794e-05,2.122547334954209e-06,1.987322000788117e-05,0.499281670416237,6.935296550282277e-09,0.4992816704162441,2.6320519398807075e-09,0.0014041591461476227,9.805874310262393e-08,2.9238684013396224e-07
EFT:1.0104241096782794e-05,2.122547334954209e-06,1.987322000788117e-05,0.499281670416237,6.935296550282277e-09,0.4992816704162441,2.6320519398807075e-09,0.0014041591461476227,9.805874310262393e-08,2.9238684013396224e-07
Random8928
Raw:1.0104241096782938e-05,2.122547334954209e-06,1.987322000788117e-05,0.499281670416237,6.935296550282277e-09,0.4992816704162441,2.632051939880745e-09,0.0014041591461476427,9.805874310262393e-08,2.9238684013396224e-07
EFT:1.0104241096782794e-05,2.122547334954209e-06,1.987322000788117e-05,0.499281670416237,6.935296550282277e-09,0.4992816704162441,2.6320519398807075e-09,0.0014041591461476227,9.805874310262393e-08,2.9238684013396224e-07
Random8929
Raw:1.0104241096782938e-05,2.122547334954239e-06,1.987322000788117e-05,0.499281670416237,6.935296550282277e-09,0.4992816704162441,2.632051939880745e-09,0.0014041591461476427,9.805874310262393e-08,2.9238684013396637e-07
EFT:1.0104241096782794e-05,2.122547334954209e-06,1.987322000788117e-05,0.499281670416237,6.935296550282277e-09,0.4992816704162441,2.6320519398807075e-09,0.0014041591461476227,9.805874310262393e-08,2.9238684013396224e-07
Random8930
Raw:1.0104241096782938e-05,2.122547334954239e-06,1.987322000788117e-05,0.499281670416237,6.935296550282277e-09,0.4992816704162441,2.632051939880745e-09,0.0014041591461476427,9.805874310262532e-08,2.9238684013396224e-07
EFT:1.0104241096782794e-05,2.122547334954209e-06,1.987322000788117e-05,0.499281670416237,6.935296550282277e-09,0.4992816704162441,2.6320519398807075e-09,0.0014041591461476227,9.805874310262393e-08,2.9238684013396224e-07
Random8931
Raw:1.0104241096782938e-05,2.122547334954239e-06,1.9873220007880885e-05,0.499281670416237,6.935296550282277e-09,0.4992816704162441,2.632051939880745e-09,0.0014041591461476227,9.805874310262532e-08,2.9238684013396224e-07
EFT:1.0104241096782794e-05,2.122547334954209e-06,1.987322000788117e-05,0.499281670416237,6.935296550282277e-09,0.4992816704162441,2.6320519398807075e-09,0.0014041591461476227,9.805874310262393e-08,2.9238684013396224e-07
Random8932
Raw:1.0104241096783009e-05,2.122547334954224e-06,1.987322000788131e-05,0.49928167041623345,6.935296550282327e-09,0.49928167041624766,2.6320519398807638e-09,0.0014041591461476327,9.805874310262462e-08,2.923868401339685e-07
EFT:1.0104241096782794e-05,2.122547334954209e-06,1.987322000788117e-05,0.499281670416237,6.935296550282277e-09,0.4992816704162441,2.6320519398807075e-09,0.0014041591461476227,9.805874310262393e-08,2.9238684013396224e-07
Random8933
Raw:1.0104241096782865e-05,2.122547334954194e-06,1.9873220007881028e-05,0.49928167041623345,6.935296550282228e-09,0.49928167041624766,2.632051939880726e-09,0.0014041591461476327,9.805874310262462e-08,2.923868401339602e-07
EFT:1.0104241096782794e-05,2.122547334954209e-06,1.987322000788117e-05,0.499281670416237,6.935296550282277e-09,0.4992816704162441,2.6320519398807075e-09,0.0014041591461476227,9.805874310262393e-08,2.9238684013396224e-07
Random8934
Raw:1.0104241096782865e-05,2.122547334954194e-06,1.9873220007881028e-05,0.49928167041623345,6.935296550282228e-09,0.49928167041624766,2.632051939880726e-09,0.0014041591461476126,9.805874310262462e-08,2.9238684013396436e-07
EFT:1.0104241096782794e-05,2.122547334954209e-06,1.987322000788117e-05,0.499281670416237,6.935296550282277e-09,0.4992816704162441,2.6320519398807075e-09,0.0014041591461476227,9.805874310262393e-08,2.9238684013396224e-07
Random8935
Raw:1.0104241096783009e-05,2.122547334954194e-06,1.9873220007881028e-05,0.49928167041623345,6.935296550282327e-09,0.49928167041624766,2.6320519398807638e-09,0.0014041591461476126,9.805874310262601e-08,2.9238684013396436e-07
EFT:1.0104241096782794e-05,2.122547334954209e-06,1.987322000788117e-05,0.499281670416237,6.935296550282277e-09,0.4992816704162441,2.6320519398807075e-09,0.0014041591461476227,9.805874310262393e-08,2.9238684013396224e-07
Random8936
Raw:1.0104241096782867e-05,2.122547334954224e-06,1.987322000788131e-05,0.49928167041624055,6.935296550282326e-09,0.49928167041624055,2.6320519398807638e-09,0.0014041591461476327,9.805874310262462e-08,2.923868401339643e-07
EFT:1.0104241096782794e-05,2.122547334954209e-06,1.987322000788117e-05,0.499281670416237,6.935296550282277e-09,0.4992816704162441,2.6320519398807075e-09,0.0014041591461476227,9.805874310262393e-08,2.9238684013396224e-07
Random8937
Raw:1.0104241096782938e-05,2.122547334954239e-06,1.987322000788117e-05,0.499281670416237,6.935296550282277e-09,0.4992816704162441,2.632051939880745e-09,0.0014041591461476427,9.805874310262532e-08,2.9238684013396224e-07
EFT:1.0104241096782794e-05,2.122547334954209e-06,1.987322000788117e-05,0.499281670416237,6.935296550282277e-09,0.4992816704162441,2.6320519398807075e-09,0.0014041591461476227,9.805874310262393e-08,2.9238684013396224e-07
Random8938
Raw:1.0104241096782794e-05,2.122547334954209e-06,1.987322000788117e-05,0.499281670416237,6.9352965502821786e-09,0.4992816704162441,2.6320519398807075e-09,0.0014041591461476026,9.805874310262393e-08,2.9238684013396224e-07
EFT:1.0104241096782794e-05,2.122547334954209e-06,1.987322000788117e-05,0.499281670416237,6.935296550282277e-09,0.4992816704162441,2.6320519398807075e-09,0.0014041591461476227,9.805874310262393e-08,2.9238684013396224e-07
Random8939
Raw:1.0104241096782794e-05,2.122547334954209e-06,1.987322000788117e-05,0.499281670416237,6.935296550282277e-09,0.4992816704162441,2.6320519398807075e-09,0.0014041591461476026,9.805874310262393e-08,2.9238684013396224e-07
EFT:1.0104241096782794e-05,2.122547334954209e-06,1.987322000788117e-05,0.499281670416237,6.935296550282277e-09,0.4992816704162441,2.6320519398807075e-09,0.0014041591461476227,9.805874310262393e-08,2.9238684013396224e-07
Random8940
Raw:1.0104241096782794e-05,2.122547334954209e-06,1.987322000788117e-05,0.499281670416237,6.935296550282277e-09,0.4992816704162441,2.632051939880745e-09,0.0014041591461476227,9.805874310262254e-08,2.9238684013396224e-07
EFT:1.0104241096782794e-05,2.122547334954209e-06,1.987322000788117e-05,0.499281670416237,6.935296550282277e-09,0.4992816704162441,2.6320519398807075e-09,0.0014041591461476227,9.805874310262393e-08,2.9238684013396224e-07
Random8941
Raw:1.0104241096782938e-05,2.122547334954209e-06,1.987322000788117e-05,0.499281670416237,6.9352965502823754e-09,0.4992816704162441,2.632051939880745e-09,0.0014041591461476227,9.805874310262393e-08,2.9238684013396637e-07
EFT:1.0104241096782794e-05,2.122547334954209e-06,1.987322000788117e-05,0.499281670416237,6.935296550282277e-09,0.4992816704162441,2.6320519398807075e-09,0.0014041591461476227,9.805874310262393e-08,2.9238684013396224e-07
Random8942
Raw:1.0104241096783009e-05,2.122547334954224e-06,1.987322000788131e-05,0.49928167041623345,6.935296550282327e-09,0.49928167041624766,2.6320519398807638e-09,0.0014041591461476327,9.805874310262462e-08,2.923868401339685e-07
EFT:1.0104241096782794e-05,2.122547334954209e-06,1.987322000788117e-05,0.499281670416237,6.935296550282277e-09,0.4992816704162441,2.6320519398807075e-09,0.0014041591461476227,9.805874310262393e-08,2.9238684013396224e-07
Random8943
Raw:1.0104241096782938e-05,2.122547334954239e-06,1.987322000788145e-05,0.499281670416237,6.935296550282277e-09,0.4992816704162441,2.632051939880745e-09,0.0014041591461476227,9.805874310262532e-08,2.9238684013396224e-07
EFT:1.0104241096782794e-05,2.122547334954209e-06,1.987322000788117e-05,0.499281670416237,6.935296550282277e-09,0.4992816704162441,2.6320519398807075e-09,0.0014041591461476227,9.805874310262393e-08,2.9238684013396224e-07
Random8944
Raw:1.0104241096782867e-05,2.122547334954224e-06,1.987322000788131e-05,0.49928167041624055,6.935296550282228e-09,0.49928167041624055,2.632051939880689e-09,0.0014041591461476327,9.805874310262323e-08,2.923868401339643e-07
EFT:1.0104241096782794e-05,2.122547334954209e-06,1.987322000788117e-05,0.499281670416237,6.935296550282277e-09,0.4992816704162441,2.6320519398807075e-09,0.0014041591461476227,9.805874310262393e-08,2.9238684013396224e-07
Random8945
Raw:1.0104241096782938e-05,2.122547334954239e-06,1.987322000788145e-05,0.499281670416237,6.935296550282277e-09,0.4992816704162441,2.632051939880745e-09,0.0014041591461476427,9.805874310262393e-08,2.9238684013396637e-07
EFT:1.0104241096782794e-05,2.122547334954209e-06,1.987322000788117e-05,0.499281670416237,6.935296550282277e-09,0.4992816704162441,2.6320519398807075e-09,0.0014041591461476227,9.805874310262393e-08,2.9238684013396224e-07
Random8946
Raw:1.0104241096782938e-05,2.122547334954209e-06,1.987322000788117e-05,0.499281670416237,6.935296550282277e-09,0.4992816704162441,2.632051939880745e-09,0.0014041591461476227,9.805874310262532e-08,2.9238684013396224e-07
EFT:1.0104241096782794e-05,2.122547334954209e-06,1.987322000788117e-05,0.499281670416237,6.935296550282277e-09,0.4992816704162441,2.6320519398807075e-09,0.0014041591461476227,9.805874310262393e-08,2.9238684013396224e-07
Random8947
Raw:1.0104241096782938e-05,2.122547334954209e-06,1.987322000788117e-05,0.499281670416237,6.935296550282277e-09,0.4992816704162441,2.632051939880745e-09,0.0014041591461476427,9.805874310262393e-08,2.9238684013396224e-07
EFT:1.0104241096782794e-05,2.122547334954209e-06,1.987322000788117e-05,0.499281670416237,6.935296550282277e-09,0.4992816704162441,2.6320519398807075e-09,0.0014041591461476227,9.805874310262393e-08,2.9238684013396224e-07
Random8948
Raw:1.0104241096782938e-05,2.122547334954209e-06,1.987322000788117e-05,0.499281670416237,6.9352965502823754e-09,0.4992816704162441,2.6320519398807824e-09,0.0014041591461476227,9.805874310262532e-08,2.9238684013396637e-07
EFT:1.0104241096782794e-05,2.122547334954209e-06,1.987322000788117e-05,0.499281670416237,6.935296550282277e-09,0.4992816704162441,2.6320519398807075e-09,0.0014041591461476227,9.805874310262393e-08,2.9238684013396224e-07
Random8949
Raw:1.0104241096782794e-05,2.1225473349541788e-06,1.9873220007880885e-05,0.499281670416237,6.935296550282277e-09,0.4992816704162441,2.632051939880745e-09,0.0014041591461476026,9.805874310262254e-08,2.9238684013396224e-07
EFT:1.0104241096782794e-05,2.122547334954209e-06,1.987322000788117e-05,0.499281670416237,6.935296550282277e-09,0.4992816704162441,2.6320519398807075e-09,0.0014041591461476227,9.805874310262393e-08,2.9238684013396224e-07
Random8950
Raw:1.0104241096783009e-05,2.122547334954224e-06,1.987322000788131e-05,0.49928167041623345,6.935296550282327e-09,0.49928167041624766,2.6320519398807638e-09,0.0014041591461476327,9.805874310262462e-08,2.923868401339685e-07
EFT:1.0104241096782794e-05,2.122547334954209e-06,1.987322000788117e-05,0.499281670416237,6.935296550282277e-09,0.4992816704162441,2.6320519398807075e-09,0.0014041591461476227,9.805874310262393e-08,2.9238684013396224e-07
Random8951
Raw:1.0104241096782938e-05,2.122547334954239e-06,1.987322000788145e-05,0.499281670416237,6.935296550282277e-09,0.4992816704162441,2.632051939880745e-09,0.0014041591461476227,9.805874310262532e-08,2.9238684013396224e-07
EFT:1.0104241096782794e-05,2.122547334954209e-06,1.987322000788117e-05,0.499281670416237,6.935296550282277e-09,0.4992816704162441,2.6320519398807075e-09,0.0014041591461476227,9.805874310262393e-08,2.9238684013396224e-07
Random8952
Raw:1.0104241096782938e-05,2.122547334954209e-06,1.987322000788117e-05,0.499281670416237,6.9352965502823754e-09,0.4992816704162441,2.632051939880745e-09,0.0014041591461476227,9.805874310262393e-08,2.9238684013396637e-07
EFT:1.0104241096782794e-05,2.122547334954209e-06,1.987322000788117e-05,0.499281670416237,6.935296550282277e-09,0.4992816704162441,2.6320519398807075e-09,0.0014041591461476227,9.805874310262393e-08,2.9238684013396224e-07
Random8953
Raw:1.0104241096782867e-05,2.122547334954224e-06,1.9873220007881028e-05,0.49928167041624055,6.935296550282326e-09,0.49928167041624055,2.6320519398807265e-09,0.0014041591461476327,9.805874310262323e-08,2.923868401339643e-07
EFT:1.0104241096782794e-05,2.122547334954209e-06,1.987322000788117e-05,0.499281670416237,6.935296550282277e-09,0.4992816704162441,2.6320519398807075e-09,0.0014041591461476227,9.805874310262393e-08,2.9238684013396224e-07
Random8954
Raw:1.0104241096782867e-05,2.122547334954224e-06,1.987322000788131e-05,0.49928167041624055,6.935296550282326e-09,0.49928167041624055,2.6320519398807265e-09,0.0014041591461476327,9.805874310262323e-08,2.923868401339643e-07
EFT:1.0104241096782794e-05,2.122547334954209e-06,1.987322000788117e-05,0.499281670416237,6.935296550282277e-09,0.4992816704162441,2.6320519398807075e-09,0.0014041591461476227,9.805874310262393e-08,2.9238684013396224e-07
Random8955
Raw:1.0104241096782938e-05,2.122547334954209e-06,1.987322000788117e-05,0.499281670416237,6.9352965502823754e-09,0.4992816704162441,2.632051939880745e-09,0.0014041591461476227,9.805874310262393e-08,2.9238684013396637e-07
EFT:1.0104241096782794e-05,2.122547334954209e-06,1.987322000788117e-05,0.499281670416237,6.935296550282277e-09,0.4992816704162441,2.6320519398807075e-09,0.0014041591461476227,9.805874310262393e-08,2.9238684013396224e-07
Random8956
Raw:1.0104241096782794e-05,2.122547334954209e-06,1.987322000788117e-05,0.499281670416237,6.9352965502821786e-09,0.4992816704162441,2.6320519398807075e-09,0.0014041591461476227,9.805874310262393e-08,2.9238684013396224e-07
EFT:1.0104241096782794e-05,2.122547334954209e-06,1.987322000788117e-05,0.499281670416237,6.935296550282277e-09,0.4992816704162441,2.6320519398807075e-09,0.0014041591461476227,9.805874310262393e-08,2.9238684013396224e-07
Random8957
Raw:1.0104241096782867e-05,2.122547334954194e-06,1.9873220007881028e-05,0.49928167041624055,6.935296550282326e-09,0.49928167041624055,2.6320519398807265e-09,0.0014041591461476128,9.805874310262323e-08,2.923868401339643e-07
EFT:1.0104241096782794e-05,2.122547334954209e-06,1.987322000788117e-05,0.499281670416237,6.935296550282277e-09,0.4992816704162441,2.6320519398807075e-09,0.0014041591461476227,9.805874310262393e-08,2.9238684013396224e-07
Random8958
Raw:1.0104241096782938e-05,2.122547334954209e-06,1.987322000788117e-05,0.499281670416237,6.935296550282277e-09,0.4992816704162441,2.632051939880745e-09,0.0014041591461476227,9.805874310262532e-08,2.9238684013396224e-07
EFT:1.0104241096782794e-05,2.122547334954209e-06,1.987322000788117e-05,0.499281670416237,6.935296550282277e-09,0.4992816704162441,2.6320519398807075e-09,0.0014041591461476227,9.805874310262393e-08,2.9238684013396224e-07
Random8959
Raw:1.0104241096782938e-05,2.122547334954239e-06,1.9873220007880885e-05,0.499281670416237,6.935296550282277e-09,0.4992816704162441,2.632051939880745e-09,0.0014041591461476227,9.805874310262532e-08,2.9238684013396224e-07
EFT:1.0104241096782794e-05,2.122547334954209e-06,1.987322000788117e-05,0.499281670416237,6.935296550282277e-09,0.4992816704162441,2.6320519398807075e-09,0.0014041591461476227,9.805874310262393e-08,2.9238684013396224e-07
Random8960
Raw:1.0104241096782867e-05,2.122547334954224e-06,1.9873220007881028e-05,0.49928167041624055,6.935296550282326e-09,0.49928167041624055,2.6320519398807638e-09,0.0014041591461476128,9.805874310262462e-08,2.923868401339643e-07
EFT:1.0104241096782794e-05,2.122547334954209e-06,1.987322000788117e-05,0.499281670416237,6.935296550282277e-09,0.4992816704162441,2.6320519398807075e-09,0.0014041591461476227,9.805874310262393e-08,2.9238684013396224e-07
Random8961
Raw:1.0104241096782867e-05,2.122547334954224e-06,1.987322000788131e-05,0.49928167041624055,6.935296550282326e-09,0.49928167041624055,2.6320519398807265e-09,0.0014041591461476327,9.805874310262602e-08,2.923868401339643e-07
EFT:1.0104241096782794e-05,2.122547334954209e-06,1.987322000788117e-05,0.499281670416237,6.935296550282277e-09,0.4992816704162441,2.6320519398807075e-09,0.0014041591461476227,9.805874310262393e-08,2.9238684013396224e-07
Random8962
Raw:1.0104241096782938e-05,2.122547334954209e-06,1.987322000788117e-05,0.499281670416237,6.9352965502823754e-09,0.4992816704162441,2.632051939880745e-09,0.0014041591461476227,9.805874310262532e-08,2.9238684013396637e-07
EFT:1.0104241096782794e-05,2.122547334954209e-06,1.987322000788117e-05,0.499281670416237,6.935296550282277e-09,0.4992816704162441,2.6320519398807075e-09,0.0014041591461476227,9.805874310262393e-08,2.9238684013396224e-07
Random8963
Raw:1.0104241096782794e-05,2.122547334954209e-06,1.987322000788117e-05,0.499281670416237,6.9352965502821786e-09,0.4992816704162441,2.6320519398807075e-09,0.0014041591461476026,9.805874310262393e-08,2.9238684013396224e-07
EFT:1.0104241096782794e-05,2.122547334954209e-06,1.987322000788117e-05,0.499281670416237,6.935296550282277e-09,0.4992816704162441,2.6320519398807075e-09,0.0014041591461476227,9.805874310262393e-08,2.9238684013396224e-07
Random8964
Raw:1.0104241096783009e-05,2.122547334954224e-06,1.9873220007881028e-05,0.49928167041623345,6.935296550282327e-09,0.49928167041624766,2.6320519398807638e-09,0.0014041591461476327,9.805874310262601e-08,2.9238684013396436e-07
EFT:1.0104241096782794e-05,2.122547334954209e-06,1.987322000788117e-05,0.499281670416237,6.935296550282277e-09,0.4992816704162441,2.6320519398807075e-09,0.0014041591461476227,9.805874310262393e-08,2.9238684013396224e-07
Random8965
Raw:1.0104241096782938e-05,2.122547334954239e-06,1.987322000788117e-05,0.499281670416237,6.9352965502823754e-09,0.4992816704162441,2.6320519398807824e-09,0.0014041591461476227,9.805874310262532e-08,2.9238684013396637e-07
EFT:1.0104241096782794e-05,2.122547334954209e-06,1.987322000788117e-05,0.499281670416237,6.935296550282277e-09,0.4992816704162441,2.6320519398807075e-09,0.0014041591461476227,9.805874310262393e-08,2.9238684013396224e-07
Random8966
Raw:1.0104241096782938e-05,2.122547334954209e-06,1.987322000788117e-05,0.499281670416237,6.935296550282277e-09,0.4992816704162441,2.632051939880745e-09,0.0014041591461476227,9.805874310262532e-08,2.9238684013396224e-07
EFT:1.0104241096782794e-05,2.122547334954209e-06,1.987322000788117e-05,0.499281670416237,6.935296550282277e-09,0.4992816704162441,2.6320519398807075e-09,0.0014041591461476227,9.805874310262393e-08,2.9238684013396224e-07
Random8967
Raw:1.0104241096782938e-05,2.122547334954209e-06,1.987322000788117e-05,0.499281670416237,6.9352965502823754e-09,0.4992816704162441,2.632051939880745e-09,0.0014041591461476227,9.805874310262532e-08,2.9238684013396637e-07
EFT:1.0104241096782794e-05,2.122547334954209e-06,1.987322000788117e-05,0.499281670416237,6.935296550282277e-09,0.4992816704162441,2.6320519398807075e-09,0.0014041591461476227,9.805874310262393e-08,2.9238684013396224e-07
Random8968
Raw:1.0104241096782938e-05,2.122547334954209e-06,1.987322000788117e-05,0.499281670416237,6.9352965502823754e-09,0.4992816704162441,2.632051939880745e-09,0.0014041591461476227,9.805874310262672e-08,2.9238684013396637e-07
EFT:1.0104241096782794e-05,2.122547334954209e-06,1.987322000788117e-05,0.499281670416237,6.935296550282277e-09,0.4992816704162441,2.6320519398807075e-09,0.0014041591461476227,9.805874310262393e-08,2.9238684013396224e-07
Random8969
Raw:1.0104241096782938e-05,2.122547334954209e-06,1.987322000788117e-05,0.499281670416237,6.9352965502823754e-09,0.4992816704162441,2.6320519398807824e-09,0.0014041591461476026,9.805874310262393e-08,2.9238684013396637e-07
EFT:1.0104241096782794e-05,2.122547334954209e-06,1.987322000788117e-05,0.499281670416237,6.935296550282277e-09,0.4992816704162441,2.6320519398807075e-09,0.0014041591461476227,9.805874310262393e-08,2.9238684013396224e-07
Random8970
Raw:1.0104241096782938e-05,2.122547334954209e-06,1.987322000788117e-05,0.499281670416237,6.9352965502823754e-09,0.4992816704162441,2.632051939880745e-09,0.0014041591461476227,9.805874310262532e-08,2.9238684013396637e-07
EFT:1.0104241096782794e-05,2.122547334954209e-06,1.987322000788117e-05,0.499281670416237,6.935296550282277e-09,0.4992816704162441,2.6320519398807075e-09,0.0014041591461476227,9.805874310262393e-08,2.9238684013396224e-07
Random8971
Raw:1.0104241096783009e-05,2.122547334954194e-06,1.9873220007881028e-05,0.49928167041623345,6.935296550282327e-09,0.49928167041624766,2.6320519398807638e-09,0.0014041591461476126,9.805874310262601e-08,2.9238684013396436e-07
EFT:1.0104241096782794e-05,2.122547334954209e-06,1.987322000788117e-05,0.499281670416237,6.935296550282277e-09,0.4992816704162441,2.6320519398807075e-09,0.0014041591461476227,9.805874310262393e-08,2.9238684013396224e-07
Random8972
Raw:1.0104241096782938e-05,2.122547334954209e-06,1.9873220007880885e-05,0.499281670416237,6.935296550282277e-09,0.4992816704162441,2.632051939880745e-09,0.0014041591461476227,9.805874310262532e-08,2.9238684013396224e-07
EFT:1.0104241096782794e-05,2.122547334954209e-06,1.987322000788117e-05,0.499281670416237,6.935296550282277e-09,0.4992816704162441,2.6320519398807075e-09,0.0014041591461476227,9.805874310262393e-08,2.9238684013396224e-07
Random8973
Raw:1.0104241096782867e-05,2.122547334954194e-06,1.9873220007881028e-05,0.49928167041624055,6.935296550282228e-09,0.49928167041624055,2.632051939880689e-09,0.0014041591461476327,9.805874310262323e-08,2.923868401339602e-07
EFT:1.0104241096782794e-05,2.122547334954209e-06,1.987322000788117e-05,0.499281670416237,6.935296550282277e-09,0.4992816704162441,2.6320519398807075e-09,0.0014041591461476227,9.805874310262393e-08,2.9238684013396224e-07
Random8974
Raw:1.0104241096783009e-05,2.122547334954194e-06,1.9873220007881028e-05,0.49928167041623345,6.935296550282327e-09,0.49928167041624766,2.6320519398807638e-09,0.0014041591461476126,9.805874310262601e-08,2.9238684013396436e-07
EFT:1.0104241096782794e-05,2.122547334954209e-06,1.987322000788117e-05,0.499281670416237,6.935296550282277e-09,0.4992816704162441,2.6320519398807075e-09,0.0014041591461476227,9.805874310262393e-08,2.9238684013396224e-07
Random8975
Raw:1.0104241096782938e-05,2.122547334954209e-06,1.987322000788117e-05,0.499281670416237,6.9352965502823754e-09,0.4992816704162441,2.6320519398807824e-09,0.0014041591461476227,9.805874310262532e-08,2.9238684013396637e-07
EFT:1.0104241096782794e-05,2.122547334954209e-06,1.987322000788117e-05,0.499281670416237,6.935296550282277e-09,0.4992816704162441,2.6320519398807075e-09,0.0014041591461476227,9.805874310262393e-08,2.9238684013396224e-07
Random8976
Raw:1.0104241096782867e-05,2.122547334954224e-06,1.987322000788131e-05,0.49928167041624055,6.935296550282326e-09,0.49928167041624055,2.6320519398807638e-09,0.0014041591461476327,9.805874310262462e-08,2.923868401339643e-07
EFT:1.0104241096782794e-05,2.122547334954209e-06,1.987322000788117e-05,0.499281670416237,6.935296550282277e-09,0.4992816704162441,2.6320519398807075e-09,0.0014041591461476227,9.805874310262393e-08,2.9238684013396224e-07
Random8977
Raw:1.0104241096782865e-05,2.122547334954194e-06,1.9873220007881028e-05,0.49928167041623345,6.935296550282327e-09,0.49928167041624766,2.6320519398807638e-09,0.0014041591461476126,9.805874310262324e-08,2.9238684013396436e-07
EFT:1.0104241096782794e-05,2.122547334954209e-06,1.987322000788117e-05,0.499281670416237,6.935296550282277e-09,0.4992816704162441,2.6320519398807075e-09,0.0014041591461476227,9.805874310262393e-08,2.9238684013396224e-07
Random8978
Raw:1.0104241096783009e-05,2.122547334954194e-06,1.9873220007881028e-05,0.49928167041623345,6.935296550282327e-09,0.49928167041624766,2.6320519398807638e-09,0.0014041591461476327,9.805874310262462e-08,2.9238684013396436e-07
EFT:1.0104241096782794e-05,2.122547334954209e-06,1.987322000788117e-05,0.499281670416237,6.935296550282277e-09,0.4992816704162441,2.6320519398807075e-09,0.0014041591461476227,9.805874310262393e-08,2.9238684013396224e-07
Random8979
Raw:1.0104241096783009e-05,2.122547334954224e-06,1.987322000788131e-05,0.49928167041623345,6.935296550282327e-09,0.49928167041624766,2.6320519398807638e-09,0.0014041591461476327,9.805874310262462e-08,2.923868401339685e-07
EFT:1.0104241096782794e-05,2.122547334954209e-06,1.987322000788117e-05,0.499281670416237,6.935296550282277e-09,0.4992816704162441,2.6320519398807075e-09,0.0014041591461476227,9.805874310262393e-08,2.9238684013396224e-07
Random8980
Raw:1.0104241096783009e-05,2.122547334954224e-06,1.9873220007881028e-05,0.49928167041623345,6.935296550282424e-09,0.49928167041624766,2.632051939880801e-09,0.0014041591461476327,9.805874310262601e-08,2.923868401339685e-07
EFT:1.0104241096782794e-05,2.122547334954209e-06,1.987322000788117e-05,0.499281670416237,6.935296550282277e-09,0.4992816704162441,2.6320519398807075e-09,0.0014041591461476227,9.805874310262393e-08,2.9238684013396224e-07
Random8981
Raw:1.0104241096782794e-05,2.122547334954209e-06,1.987322000788117e-05,0.499281670416237,6.935296550282277e-09,0.4992816704162441,2.6320519398807075e-09,0.0014041591461476227,9.805874310262393e-08,2.9238684013396224e-07
EFT:1.0104241096782794e-05,2.122547334954209e-06,1.987322000788117e-05,0.499281670416237,6.935296550282277e-09,0.4992816704162441,2.6320519398807075e-09,0.0014041591461476227,9.805874310262393e-08,2.9238684013396224e-07
Random8982
Raw:1.0104241096782938e-05,2.122547334954209e-06,1.987322000788117e-05,0.499281670416237,6.935296550282277e-09,0.4992816704162441,2.632051939880745e-09,0.0014041591461476427,9.805874310262393e-08,2.9238684013396224e-07
EFT:1.0104241096782794e-05,2.122547334954209e-06,1.987322000788117e-05,0.499281670416237,6.935296550282277e-09,0.4992816704162441,2.6320519398807075e-09,0.0014041591461476227,9.805874310262393e-08,2.9238684013396224e-07
Random8983
Raw:1.0104241096782938e-05,2.1225473349541788e-06,1.9873220007880885e-05,0.499281670416237,6.935296550282277e-09,0.4992816704162441,2.632051939880745e-09,0.0014041591461476026,9.805874310262532e-08,2.9238684013396224e-07
EFT:1.0104241096782794e-05,2.122547334954209e-06,1.987322000788117e-05,0.499281670416237,6.935296550282277e-09,0.4992816704162441,2.6320519398807075e-09,0.0014041591461476227,9.805874310262393e-08,2.9238684013396224e-07
Random8984
Raw:1.0104241096783009e-05,2.122547334954224e-06,1.9873220007881028e-05,0.49928167041623345,6.935296550282327e-09,0.49928167041624766,2.6320519398807638e-09,0.0014041591461476327,9.805874310262601e-08,2.9238684013396436e-07
EFT:1.0104241096782794e-05,2.122547334954209e-06,1.987322000788117e-05,0.499281670416237,6.935296550282277e-09,0.4992816704162441,2.6320519398807075e-09,0.0014041591461476227,9.805874310262393e-08,2.9238684013396224e-07
Random8985
Raw:1.0104241096783009e-05,2.122547334954224e-06,1.987322000788131e-05,0.49928167041623345,6.935296550282327e-09,0.49928167041624766,2.6320519398807638e-09,0.0014041591461476327,9.805874310262462e-08,2.923868401339685e-07
EFT:1.0104241096782794e-05,2.122547334954209e-06,1.987322000788117e-05,0.499281670416237,6.935296550282277e-09,0.4992816704162441,2.6320519398807075e-09,0.0014041591461476227,9.805874310262393e-08,2.9238684013396224e-07
Random8986
Raw:1.0104241096782867e-05,2.122547334954224e-06,1.9873220007881028e-05,0.49928167041624055,6.935296550282326e-09,0.49928167041624055,2.6320519398807638e-09,0.0014041591461476128,9.805874310262462e-08,2.923868401339643e-07
EFT:1.0104241096782794e-05,2.122547334954209e-06,1.987322000788117e-05,0.499281670416237,6.935296550282277e-09,0.4992816704162441,2.6320519398807075e-09,0.0014041591461476227,9.805874310262393e-08,2.9238684013396224e-07
Random8987
Raw:1.0104241096782938e-05,2.122547334954209e-06,1.987322000788117e-05,0.499281670416237,6.935296550282277e-09,0.4992816704162441,2.632051939880745e-09,0.0014041591461476427,9.805874310262393e-08,2.9238684013396224e-07
EFT:1.0104241096782794e-05,2.122547334954209e-06,1.987322000788117e-05,0.499281670416237,6.935296550282277e-09,0.4992816704162441,2.6320519398807075e-09,0.0014041591461476227,9.805874310262393e-08,2.9238684013396224e-07
Random8988
Raw:1.0104241096783009e-05,2.122547334954224e-06,1.9873220007881028e-05,0.49928167041623345,6.935296550282327e-09,0.49928167041624766,2.6320519398807638e-09,0.0014041591461476327,9.805874310262601e-08,2.9238684013396436e-07
EFT:1.0104241096782794e-05,2.122547334954209e-06,1.987322000788117e-05,0.499281670416237,6.935296550282277e-09,0.4992816704162441,2.6320519398807075e-09,0.0014041591461476227,9.805874310262393e-08,2.9238684013396224e-07
Random8989
Raw:1.0104241096782867e-05,2.122547334954224e-06,1.987322000788131e-05,0.49928167041624055,6.935296550282228e-09,0.49928167041624055,2.632051939880689e-09,0.0014041591461476327,9.805874310262462e-08,2.923868401339602e-07
EFT:1.0104241096782794e-05,2.122547334954209e-06,1.987322000788117e-05,0.499281670416237,6.935296550282277e-09,0.4992816704162441,2.6320519398807075e-09,0.0014041591461476227,9.805874310262393e-08,2.9238684013396224e-07
Random8990
Raw:1.0104241096783009e-05,2.122547334954224e-06,1.9873220007881028e-05,0.49928167041623345,6.935296550282327e-09,0.49928167041624766,2.6320519398807638e-09,0.0014041591461476327,9.805874310262601e-08,2.9238684013396436e-07
EFT:1.0104241096782794e-05,2.122547334954209e-06,1.987322000788117e-05,0.499281670416237,6.935296550282277e-09,0.4992816704162441,2.6320519398807075e-09,0.0014041591461476227,9.805874310262393e-08,2.9238684013396224e-07
Random8991
Raw:1.0104241096783009e-05,2.122547334954224e-06,1.987322000788131e-05,0.49928167041623345,6.935296550282327e-09,0.49928167041624766,2.6320519398807638e-09,0.0014041591461476327,9.805874310262462e-08,2.923868401339685e-07
EFT:1.0104241096782794e-05,2.122547334954209e-06,1.987322000788117e-05,0.499281670416237,6.935296550282277e-09,0.4992816704162441,2.6320519398807075e-09,0.0014041591461476227,9.805874310262393e-08,2.9238684013396224e-07
Random8992
Raw:1.0104241096782938e-05,2.122547334954209e-06,1.987322000788117e-05,0.499281670416237,6.935296550282277e-09,0.4992816704162441,2.632051939880745e-09,0.0014041591461476227,9.805874310262532e-08,2.9238684013396224e-07
EFT:1.0104241096782794e-05,2.122547334954209e-06,1.987322000788117e-05,0.499281670416237,6.935296550282277e-09,0.4992816704162441,2.6320519398807075e-09,0.0014041591461476227,9.805874310262393e-08,2.9238684013396224e-07
Random8993
Raw:1.0104241096782865e-05,2.122547334954194e-06,1.9873220007881028e-05,0.49928167041623345,6.935296550282327e-09,0.49928167041624766,2.6320519398807638e-09,0.0014041591461476126,9.805874310262324e-08,2.9238684013396436e-07
EFT:1.0104241096782794e-05,2.122547334954209e-06,1.987322000788117e-05,0.499281670416237,6.935296550282277e-09,0.4992816704162441,2.6320519398807075e-09,0.0014041591461476227,9.805874310262393e-08,2.9238684013396224e-07
Random8994
Raw:1.0104241096782938e-05,2.122547334954239e-06,1.987322000788145e-05,0.499281670416237,6.935296550282277e-09,0.4992816704162441,2.632051939880745e-09,0.0014041591461476427,9.805874310262393e-08,2.9238684013396637e-07
EFT:1.0104241096782794e-05,2.122547334954209e-06,1.987322000788117e-05,0.499281670416237,6.935296550282277e-09,0.4992816704162441,2.6320519398807075e-09,0.0014041591461476227,9.805874310262393e-08,2.9238684013396224e-07
Random8995
Raw:1.0104241096782867e-05,2.1225473349542546e-06,1.987322000788131e-05,0.49928167041624055,6.935296550282326e-09,0.49928167041624055,2.6320519398807638e-09,0.0014041591461476327,9.805874310262462e-08,2.923868401339643e-07
EFT:1.0104241096782794e-05,2.122547334954209e-06,1.987322000788117e-05,0.499281670416237,6.935296550282277e-09,0.4992816704162441,2.6320519398807075e-09,0.0014041591461476227,9.805874310262393e-08,2.9238684013396224e-07
Random8996
Raw:1.0104241096783009e-05,2.122547334954194e-06,1.9873220007881028e-05,0.49928167041623345,6.935296550282327e-09,0.49928167041624766,2.6320519398807638e-09,0.0014041591461476327,9.805874310262462e-08,2.9238684013396436e-07
EFT:1.0104241096782794e-05,2.122547334954209e-06,1.987322000788117e-05,0.499281670416237,6.935296550282277e-09,0.4992816704162441,2.6320519398807075e-09,0.0014041591461476227,9.805874310262393e-08,2.9238684013396224e-07
Random8997
Raw:1.0104241096782867e-05,2.122547334954224e-06,1.987322000788131e-05,0.49928167041624055,6.935296550282326e-09,0.49928167041624055,2.6320519398807265e-09,0.0014041591461476327,9.805874310262462e-08,2.923868401339643e-07
EFT:1.0104241096782794e-05,2.122547334954209e-06,1.987322000788117e-05,0.499281670416237,6.935296550282277e-09,0.4992816704162441,2.6320519398807075e-09,0.0014041591461476227,9.805874310262393e-08,2.9238684013396224e-07
Random8998
Raw:1.0104241096782867e-05,2.122547334954194e-06,1.9873220007881028e-05,0.49928167041624055,6.935296550282326e-09,0.49928167041624055,2.6320519398807265e-09,0.0014041591461476128,9.805874310262323e-08,2.923868401339643e-07
EFT:1.0104241096782794e-05,2.122547334954209e-06,1.987322000788117e-05,0.499281670416237,6.935296550282277e-09,0.4992816704162441,2.6320519398807075e-09,0.0014041591461476227,9.805874310262393e-08,2.9238684013396224e-07
Random8999
Raw:1.0104241096782794e-05,2.122547334954209e-06,1.987322000788117e-05,0.499281670416237,6.935296550282277e-09,0.4992816704162441,2.632051939880745e-09,0.0014041591461476227,9.805874310262254e-08,2.9238684013396224e-07
EFT:1.0104241096782794e-05,2.122547334954209e-06,1.987322000788117e-05,0.499281670416237,6.935296550282277e-09,0.4992816704162441,2.6320519398807075e-09,0.0014041591461476227,9.805874310262393e-08,2.9238684013396224e-07
Random9000
Raw:1.0104241096782938e-05,2.122547334954239e-06,1.987322000788117e-05,0.499281670416237,6.935296550282277e-09,0.4992816704162441,2.632051939880745e-09,0.0014041591461476427,9.805874310262532e-08,2.9238684013396224e-07
EFT:1.0104241096782794e-05,2.122547334954209e-06,1.987322000788117e-05,0.499281670416237,6.935296550282277e-09,0.4992816704162441,2.6320519398807075e-09,0.0014041591461476227,9.805874310262393e-08,2.9238684013396224e-07
Random9001
Raw:1.0104241096782867e-05,2.122547334954194e-06,1.9873220007881028e-05,0.49928167041624055,6.935296550282326e-09,0.49928167041624055,2.6320519398807265e-09,0.0014041591461476128,9.805874310262323e-08,2.923868401339643e-07
EFT:1.0104241096782794e-05,2.122547334954209e-06,1.987322000788117e-05,0.499281670416237,6.935296550282277e-09,0.4992816704162441,2.6320519398807075e-09,0.0014041591461476227,9.805874310262393e-08,2.9238684013396224e-07
Random9002
Raw:1.0104241096782794e-05,2.122547334954209e-06,1.987322000788117e-05,0.499281670416237,6.9352965502821786e-09,0.4992816704162441,2.6320519398807075e-09,0.0014041591461476227,9.805874310262393e-08,2.9238684013396224e-07
EFT:1.0104241096782794e-05,2.122547334954209e-06,1.987322000788117e-05,0.499281670416237,6.935296550282277e-09,0.4992816704162441,2.6320519398807075e-09,0.0014041591461476227,9.805874310262393e-08,2.9238684013396224e-07
Random9003
Raw:1.0104241096783009e-05,2.122547334954194e-06,1.9873220007881028e-05,0.49928167041623345,6.935296550282327e-09,0.49928167041624766,2.6320519398807638e-09,0.0014041591461476126,9.805874310262601e-08,2.9238684013396436e-07
EFT:1.0104241096782794e-05,2.122547334954209e-06,1.987322000788117e-05,0.499281670416237,6.935296550282277e-09,0.4992816704162441,2.6320519398807075e-09,0.0014041591461476227,9.805874310262393e-08,2.9238684013396224e-07
Random9004
Raw:1.0104241096782938e-05,2.122547334954209e-06,1.987322000788117e-05,0.499281670416237,6.9352965502823754e-09,0.4992816704162441,2.6320519398807824e-09,0.0014041591461476026,9.805874310262393e-08,2.9238684013396637e-07
EFT:1.0104241096782794e-05,2.122547334954209e-06,1.987322000788117e-05,0.499281670416237,6.935296550282277e-09,0.4992816704162441,2.6320519398807075e-09,0.0014041591461476227,9.805874310262393e-08,2.9238684013396224e-07
Random9005
Raw:1.0104241096782867e-05,2.122547334954194e-06,1.9873220007881028e-05,0.49928167041624055,6.935296550282228e-09,0.49928167041624055,2.632051939880689e-09,0.0014041591461476327,9.805874310262323e-08,2.923868401339602e-07
EFT:1.0104241096782794e-05,2.122547334954209e-06,1.987322000788117e-05,0.499281670416237,6.935296550282277e-09,0.4992816704162441,2.6320519398807075e-09,0.0014041591461476227,9.805874310262393e-08,2.9238684013396224e-07
Random9006
Raw:1.0104241096783009e-05,2.122547334954224e-06,1.987322000788131e-05,0.49928167041623345,6.935296550282327e-09,0.49928167041624766,2.6320519398807638e-09,0.0014041591461476327,9.805874310262462e-08,2.923868401339685e-07
EFT:1.0104241096782794e-05,2.122547334954209e-06,1.987322000788117e-05,0.499281670416237,6.935296550282277e-09,0.4992816704162441,2.6320519398807075e-09,0.0014041591461476227,9.805874310262393e-08,2.9238684013396224e-07
Random9007
Raw:1.0104241096782867e-05,2.122547334954224e-06,1.9873220007881028e-05,0.49928167041624055,6.935296550282326e-09,0.49928167041624055,2.6320519398807265e-09,0.0014041591461476128,9.805874310262462e-08,2.923868401339643e-07
EFT:1.0104241096782794e-05,2.122547334954209e-06,1.987322000788117e-05,0.499281670416237,6.935296550282277e-09,0.4992816704162441,2.6320519398807075e-09,0.0014041591461476227,9.805874310262393e-08,2.9238684013396224e-07
Random9008
Raw:1.0104241096783009e-05,2.122547334954224e-06,1.987322000788131e-05,0.49928167041623345,6.935296550282327e-09,0.49928167041624766,2.6320519398807638e-09,0.0014041591461476327,9.805874310262601e-08,2.9238684013396436e-07
EFT:1.0104241096782794e-05,2.122547334954209e-06,1.987322000788117e-05,0.499281670416237,6.935296550282277e-09,0.4992816704162441,2.6320519398807075e-09,0.0014041591461476227,9.805874310262393e-08,2.9238684013396224e-07
Random9009
Raw:1.0104241096782938e-05,2.122547334954239e-06,1.987322000788145e-05,0.499281670416237,6.935296550282277e-09,0.4992816704162441,2.632051939880745e-09,0.0014041591461476227,9.805874310262532e-08,2.9238684013396224e-07
EFT:1.0104241096782794e-05,2.122547334954209e-06,1.987322000788117e-05,0.499281670416237,6.935296550282277e-09,0.4992816704162441,2.6320519398807075e-09,0.0014041591461476227,9.805874310262393e-08,2.9238684013396224e-07
Random9010
Raw:1.0104241096782938e-05,2.122547334954209e-06,1.9873220007880885e-05,0.499281670416237,6.935296550282277e-09,0.4992816704162441,2.632051939880745e-09,0.0014041591461476227,9.805874310262393e-08,2.9238684013396224e-07
EFT:1.0104241096782794e-05,2.122547334954209e-06,1.987322000788117e-05,0.499281670416237,6.935296550282277e-09,0.4992816704162441,2.6320519398807075e-09,0.0014041591461476227,9.805874310262393e-08,2.9238684013396224e-07
Random9011
Raw:1.0104241096782938e-05,2.1225473349541788e-06,1.9873220007880885e-05,0.499281670416237,6.935296550282277e-09,0.4992816704162441,2.632051939880745e-09,0.0014041591461476026,9.805874310262532e-08,2.9238684013396224e-07
EFT:1.0104241096782794e-05,2.122547334954209e-06,1.987322000788117e-05,0.499281670416237,6.935296550282277e-09,0.4992816704162441,2.6320519398807075e-09,0.0014041591461476227,9.805874310262393e-08,2.9238684013396224e-07
Random9012
Raw:1.0104241096783009e-05,2.122547334954224e-06,1.987322000788131e-05,0.49928167041623345,6.935296550282327e-09,0.49928167041624766,2.632051939880801e-09,0.0014041591461476126,9.805874310262462e-08,2.923868401339685e-07
EFT:1.0104241096782794e-05,2.122547334954209e-06,1.987322000788117e-05,0.499281670416237,6.935296550282277e-09,0.4992816704162441,2.6320519398807075e-09,0.0014041591461476227,9.805874310262393e-08,2.9238684013396224e-07
Random9013
Raw:1.0104241096782938e-05,2.122547334954209e-06,1.987322000788117e-05,0.499281670416237,6.935296550282277e-09,0.4992816704162441,2.632051939880745e-09,0.0014041591461476427,9.805874310262393e-08,2.9238684013396224e-07
EFT:1.0104241096782794e-05,2.122547334954209e-06,1.987322000788117e-05,0.499281670416237,6.935296550282277e-09,0.4992816704162441,2.6320519398807075e-09,0.0014041591461476227,9.805874310262393e-08,2.9238684013396224e-07
Random9014
Raw:1.0104241096782794e-05,2.122547334954209e-06,1.987322000788117e-05,0.499281670416237,6.935296550282277e-09,0.4992816704162441,2.6320519398807075e-09,0.0014041591461476026,9.805874310262393e-08,2.9238684013396224e-07
EFT:1.0104241096782794e-05,2.122547334954209e-06,1.987322000788117e-05,0.499281670416237,6.935296550282277e-09,0.4992816704162441,2.6320519398807075e-09,0.0014041591461476227,9.805874310262393e-08,2.9238684013396224e-07
Random9015
Raw:1.0104241096782938e-05,2.122547334954239e-06,1.987322000788145e-05,0.499281670416237,6.935296550282277e-09,0.4992816704162441,2.632051939880745e-09,0.0014041591461476427,9.805874310262393e-08,2.9238684013396637e-07
EFT:1.0104241096782794e-05,2.122547334954209e-06,1.987322000788117e-05,0.499281670416237,6.935296550282277e-09,0.4992816704162441,2.6320519398807075e-09,0.0014041591461476227,9.805874310262393e-08,2.9238684013396224e-07
Random9016
Raw:1.0104241096782794e-05,2.122547334954209e-06,1.987322000788117e-05,0.499281670416237,6.9352965502821786e-09,0.4992816704162441,2.6320519398807075e-09,0.0014041591461476026,9.805874310262393e-08,2.9238684013396224e-07
EFT:1.0104241096782794e-05,2.122547334954209e-06,1.987322000788117e-05,0.499281670416237,6.935296550282277e-09,0.4992816704162441,2.6320519398807075e-09,0.0014041591461476227,9.805874310262393e-08,2.9238684013396224e-07
Random9017
Raw:1.0104241096782867e-05,2.122547334954224e-06,1.9873220007881028e-05,0.49928167041624055,6.935296550282326e-09,0.49928167041624055,2.6320519398807638e-09,0.0014041591461476128,9.805874310262462e-08,2.923868401339643e-07
EFT:1.0104241096782794e-05,2.122547334954209e-06,1.987322000788117e-05,0.499281670416237,6.935296550282277e-09,0.4992816704162441,2.6320519398807075e-09,0.0014041591461476227,9.805874310262393e-08,2.9238684013396224e-07
Random9018
Raw:1.0104241096782723e-05,2.122547334954194e-06,1.9873220007881028e-05,0.49928167041624055,6.935296550282228e-09,0.49928167041624055,2.6320519398806513e-09,0.0014041591461476128,9.805874310262323e-08,2.923868401339602e-07
EFT:1.0104241096782794e-05,2.122547334954209e-06,1.987322000788117e-05,0.499281670416237,6.935296550282277e-09,0.4992816704162441,2.6320519398807075e-09,0.0014041591461476227,9.805874310262393e-08,2.9238684013396224e-07
Random9019
Raw:1.0104241096782867e-05,2.122547334954224e-06,1.987322000788131e-05,0.49928167041624055,6.935296550282326e-09,0.49928167041624055,2.6320519398807265e-09,0.0014041591461476327,9.805874310262462e-08,2.923868401339643e-07
EFT:1.0104241096782794e-05,2.122547334954209e-06,1.987322000788117e-05,0.499281670416237,6.935296550282277e-09,0.4992816704162441,2.6320519398807075e-09,0.0014041591461476227,9.805874310262393e-08,2.9238684013396224e-07
Random9020
Raw:1.0104241096782938e-05,2.1225473349541788e-06,1.9873220007880885e-05,0.499281670416237,6.935296550282277e-09,0.4992816704162441,2.632051939880745e-09,0.0014041591461476026,9.805874310262532e-08,2.9238684013396224e-07
EFT:1.0104241096782794e-05,2.122547334954209e-06,1.987322000788117e-05,0.499281670416237,6.935296550282277e-09,0.4992816704162441,2.6320519398807075e-09,0.0014041591461476227,9.805874310262393e-08,2.9238684013396224e-07
Random9021
Raw:1.0104241096782938e-05,2.1225473349541788e-06,1.9873220007880885e-05,0.499281670416237,6.935296550282277e-09,0.4992816704162441,2.632051939880745e-09,0.0014041591461476026,9.805874310262532e-08,2.9238684013396224e-07
EFT:1.0104241096782794e-05,2.122547334954209e-06,1.987322000788117e-05,0.499281670416237,6.935296550282277e-09,0.4992816704162441,2.6320519398807075e-09,0.0014041591461476227,9.805874310262393e-08,2.9238684013396224e-07
Random9022
Raw:1.010424109678301e-05,2.1225473349542546e-06,1.987322000788131e-05,0.49928167041624055,6.935296550282425e-09,0.49928167041624055,2.6320519398807638e-09,0.0014041591461476527,9.805874310262462e-08,2.923868401339643e-07
EFT:1.0104241096782794e-05,2.122547334954209e-06,1.987322000788117e-05,0.499281670416237,6.935296550282277e-09,0.4992816704162441,2.6320519398807075e-09,0.0014041591461476227,9.805874310262393e-08,2.9238684013396224e-07
Random9023
Raw:1.0104241096782794e-05,2.122547334954209e-06,1.987322000788117e-05,0.499281670416237,6.9352965502821786e-09,0.4992816704162441,2.632051939880745e-09,0.0014041591461476227,9.805874310262254e-08,2.9238684013396224e-07
EFT:1.0104241096782794e-05,2.122547334954209e-06,1.987322000788117e-05,0.499281670416237,6.935296550282277e-09,0.4992816704162441,2.6320519398807075e-09,0.0014041591461476227,9.805874310262393e-08,2.9238684013396224e-07
Random9024
Raw:1.0104241096782865e-05,2.122547334954194e-06,1.9873220007881028e-05,0.49928167041623345,6.935296550282228e-09,0.49928167041624766,2.632051939880726e-09,0.0014041591461476126,9.805874310262462e-08,2.9238684013396436e-07
EFT:1.0104241096782794e-05,2.122547334954209e-06,1.987322000788117e-05,0.499281670416237,6.935296550282277e-09,0.4992816704162441,2.6320519398807075e-09,0.0014041591461476227,9.805874310262393e-08,2.9238684013396224e-07
Random9025
Raw:1.0104241096782938e-05,2.1225473349541788e-06,1.9873220007880885e-05,0.499281670416237,6.935296550282277e-09,0.4992816704162441,2.632051939880745e-09,0.0014041591461476026,9.805874310262532e-08,2.9238684013396224e-07
EFT:1.0104241096782794e-05,2.122547334954209e-06,1.987322000788117e-05,0.499281670416237,6.935296550282277e-09,0.4992816704162441,2.6320519398807075e-09,0.0014041591461476227,9.805874310262393e-08,2.9238684013396224e-07
Random9026
Raw:1.0104241096782867e-05,2.1225473349542546e-06,1.987322000788131e-05,0.49928167041624055,6.935296550282326e-09,0.49928167041624055,2.6320519398807638e-09,0.0014041591461476128,9.805874310262462e-08,2.923868401339643e-07
EFT:1.0104241096782794e-05,2.122547334954209e-06,1.987322000788117e-05,0.499281670416237,6.935296550282277e-09,0.4992816704162441,2.6320519398807075e-09,0.0014041591461476227,9.805874310262393e-08,2.9238684013396224e-07
Random9027
Raw:1.0104241096782867e-05,2.122547334954194e-06,1.9873220007881028e-05,0.49928167041624055,6.935296550282228e-09,0.49928167041624055,2.632051939880689e-09,0.0014041591461476327,9.805874310262323e-08,2.923868401339602e-07
EFT:1.0104241096782794e-05,2.122547334954209e-06,1.987322000788117e-05,0.499281670416237,6.935296550282277e-09,0.4992816704162441,2.6320519398807075e-09,0.0014041591461476227,9.805874310262393e-08,2.9238684013396224e-07
Random9028
Raw:1.0104241096783009e-05,2.122547334954224e-06,1.9873220007881028e-05,0.49928167041623345,6.935296550282327e-09,0.49928167041624766,2.6320519398807638e-09,0.0014041591461476327,9.805874310262601e-08,2.9238684013396436e-07
EFT:1.0104241096782794e-05,2.122547334954209e-06,1.987322000788117e-05,0.499281670416237,6.935296550282277e-09,0.4992816704162441,2.6320519398807075e-09,0.0014041591461476227,9.805874310262393e-08,2.9238684013396224e-07
Random9029
Raw:1.0104241096782867e-05,2.122547334954224e-06,1.987322000788131e-05,0.49928167041624055,6.935296550282326e-09,0.49928167041624055,2.6320519398807638e-09,0.0014041591461476128,9.805874310262462e-08,2.923868401339643e-07
EFT:1.0104241096782794e-05,2.122547334954209e-06,1.987322000788117e-05,0.499281670416237,6.935296550282277e-09,0.4992816704162441,2.6320519398807075e-09,0.0014041591461476227,9.805874310262393e-08,2.9238684013396224e-07
Random9030
Raw:1.0104241096782865e-05,2.122547334954194e-06,1.9873220007881028e-05,0.49928167041623345,6.935296550282327e-09,0.49928167041624766,2.632051939880726e-09,0.0014041591461476126,9.805874310262462e-08,2.9238684013396436e-07
EFT:1.0104241096782794e-05,2.122547334954209e-06,1.987322000788117e-05,0.499281670416237,6.935296550282277e-09,0.4992816704162441,2.6320519398807075e-09,0.0014041591461476227,9.805874310262393e-08,2.9238684013396224e-07
Random9031
Raw:1.0104241096782867e-05,2.122547334954224e-06,1.987322000788131e-05,0.49928167041624055,6.935296550282326e-09,0.49928167041624055,2.6320519398807265e-09,0.0014041591461476327,9.805874310262323e-08,2.923868401339643e-07
EFT:1.0104241096782794e-05,2.122547334954209e-06,1.987322000788117e-05,0.499281670416237,6.935296550282277e-09,0.4992816704162441,2.6320519398807075e-09,0.0014041591461476227,9.805874310262393e-08,2.9238684013396224e-07
Random9032
Raw:1.0104241096782867e-05,2.122547334954224e-06,1.987322000788131e-05,0.49928167041624055,6.935296550282228e-09,0.49928167041624055,2.632051939880689e-09,0.0014041591461476327,9.805874310262323e-08,2.923868401339643e-07
EFT:1.0104241096782794e-05,2.122547334954209e-06,1.987322000788117e-05,0.499281670416237,6.935296550282277e-09,0.4992816704162441,2.6320519398807075e-09,0.0014041591461476227,9.805874310262393e-08,2.9238684013396224e-07
Random9033
Raw:1.0104241096782723e-05,2.122547334954194e-06,1.9873220007881028e-05,0.49928167041624055,6.935296550282228e-09,0.49928167041624055,2.6320519398806513e-09,0.0014041591461476128,9.805874310262323e-08,2.923868401339602e-07
EFT:1.0104241096782794e-05,2.122547334954209e-06,1.987322000788117e-05,0.499281670416237,6.935296550282277e-09,0.4992816704162441,2.6320519398807075e-09,0.0014041591461476227,9.805874310262393e-08,2.9238684013396224e-07
Random9034
Raw:1.0104241096782794e-05,2.122547334954209e-06,1.987322000788117e-05,0.499281670416237,6.935296550282277e-09,0.4992816704162441,2.6320519398807075e-09,0.0014041591461476227,9.805874310262393e-08,2.9238684013396224e-07
EFT:1.0104241096782794e-05,2.122547334954209e-06,1.987322000788117e-05,0.499281670416237,6.935296550282277e-09,0.4992816704162441,2.6320519398807075e-09,0.0014041591461476227,9.805874310262393e-08,2.9238684013396224e-07
Random9035
Raw:1.0104241096782938e-05,2.122547334954209e-06,1.987322000788117e-05,0.499281670416237,6.9352965502823754e-09,0.4992816704162441,2.632051939880745e-09,0.0014041591461476227,9.805874310262532e-08,2.9238684013396637e-07
EFT:1.0104241096782794e-05,2.122547334954209e-06,1.987322000788117e-05,0.499281670416237,6.935296550282277e-09,0.4992816704162441,2.6320519398807075e-09,0.0014041591461476227,9.805874310262393e-08,2.9238684013396224e-07
Random9036
Raw:1.0104241096782938e-05,2.122547334954209e-06,1.987322000788117e-05,0.499281670416237,6.935296550282277e-09,0.4992816704162441,2.632051939880745e-09,0.0014041591461476427,9.805874310262393e-08,2.9238684013396224e-07
EFT:1.0104241096782794e-05,2.122547334954209e-06,1.987322000788117e-05,0.499281670416237,6.935296550282277e-09,0.4992816704162441,2.6320519398807075e-09,0.0014041591461476227,9.805874310262393e-08,2.9238684013396224e-07
Random9037
Raw:1.0104241096782938e-05,2.122547334954209e-06,1.987322000788117e-05,0.499281670416237,6.935296550282277e-09,0.4992816704162441,2.632051939880745e-09,0.0014041591461476227,9.805874310262532e-08,2.9238684013396224e-07
EFT:1.0104241096782794e-05,2.122547334954209e-06,1.987322000788117e-05,0.499281670416237,6.935296550282277e-09,0.4992816704162441,2.6320519398807075e-09,0.0014041591461476227,9.805874310262393e-08,2.9238684013396224e-07
Random9038
Raw:1.0104241096782938e-05,2.122547334954239e-06,1.987322000788145e-05,0.499281670416237,6.935296550282277e-09,0.4992816704162441,2.632051939880745e-09,0.0014041591461476427,9.805874310262393e-08,2.9238684013396637e-07
EFT:1.0104241096782794e-05,2.122547334954209e-06,1.987322000788117e-05,0.499281670416237,6.935296550282277e-09,0.4992816704162441,2.6320519398807075e-09,0.0014041591461476227,9.805874310262393e-08,2.9238684013396224e-07
Random9039
Raw:1.0104241096782867e-05,2.122547334954224e-06,1.987322000788131e-05,0.49928167041624055,6.935296550282326e-09,0.49928167041624055,2.6320519398807265e-09,0.0014041591461476327,9.805874310262462e-08,2.923868401339643e-07
EFT:1.0104241096782794e-05,2.122547334954209e-06,1.987322000788117e-05,0.499281670416237,6.935296550282277e-09,0.4992816704162441,2.6320519398807075e-09,0.0014041591461476227,9.805874310262393e-08,2.9238684013396224e-07
Random9040
Raw:1.0104241096782865e-05,2.122547334954194e-06,1.9873220007880747e-05,0.49928167041623345,6.935296550282228e-09,0.49928167041624766,2.6320519398807638e-09,0.0014041591461476126,9.805874310262462e-08,2.9238684013396436e-07
EFT:1.0104241096782794e-05,2.122547334954209e-06,1.987322000788117e-05,0.499281670416237,6.935296550282277e-09,0.4992816704162441,2.6320519398807075e-09,0.0014041591461476227,9.805874310262393e-08,2.9238684013396224e-07
Random9041
Raw:1.0104241096782938e-05,2.122547334954209e-06,1.987322000788117e-05,0.499281670416237,6.9352965502823754e-09,0.4992816704162441,2.632051939880745e-09,0.0014041591461476227,9.805874310262532e-08,2.9238684013396637e-07
EFT:1.0104241096782794e-05,2.122547334954209e-06,1.987322000788117e-05,0.499281670416237,6.935296550282277e-09,0.4992816704162441,2.6320519398807075e-09,0.0014041591461476227,9.805874310262393e-08,2.9238684013396224e-07
Random9042
Raw:1.0104241096782938e-05,2.122547334954209e-06,1.987322000788117e-05,0.499281670416237,6.9352965502823754e-09,0.4992816704162441,2.632051939880745e-09,0.0014041591461476227,9.805874310262393e-08,2.9238684013396637e-07
EFT:1.0104241096782794e-05,2.122547334954209e-06,1.987322000788117e-05,0.499281670416237,6.935296550282277e-09,0.4992816704162441,2.6320519398807075e-09,0.0014041591461476227,9.805874310262393e-08,2.9238684013396224e-07
Random9043
Raw:1.0104241096782938e-05,2.122547334954209e-06,1.9873220007880885e-05,0.499281670416237,6.935296550282277e-09,0.4992816704162441,2.632051939880745e-09,0.0014041591461476227,9.805874310262532e-08,2.9238684013396224e-07
EFT:1.0104241096782794e-05,2.122547334954209e-06,1.987322000788117e-05,0.499281670416237,6.935296550282277e-09,0.4992816704162441,2.6320519398807075e-09,0.0014041591461476227,9.805874310262393e-08,2.9238684013396224e-07
Random9044
Raw:1.0104241096782938e-05,2.122547334954209e-06,1.9873220007880885e-05,0.499281670416237,6.935296550282277e-09,0.4992816704162441,2.632051939880745e-09,0.0014041591461476227,9.805874310262532e-08,2.9238684013396224e-07
EFT:1.0104241096782794e-05,2.122547334954209e-06,1.987322000788117e-05,0.499281670416237,6.935296550282277e-09,0.4992816704162441,2.6320519398807075e-09,0.0014041591461476227,9.805874310262393e-08,2.9238684013396224e-07
Random9045
Raw:1.0104241096782938e-05,2.122547334954209e-06,1.987322000788117e-05,0.499281670416237,6.9352965502823754e-09,0.4992816704162441,2.6320519398807824e-09,0.0014041591461476227,9.805874310262532e-08,2.9238684013396637e-07
EFT:1.0104241096782794e-05,2.122547334954209e-06,1.987322000788117e-05,0.499281670416237,6.935296550282277e-09,0.4992816704162441,2.6320519398807075e-09,0.0014041591461476227,9.805874310262393e-08,2.9238684013396224e-07
Random9046
Raw:1.0104241096782723e-05,2.122547334954194e-06,1.9873220007881028e-05,0.49928167041624055,6.935296550282228e-09,0.49928167041624055,2.632051939880689e-09,0.0014041591461476128,9.805874310262184e-08,2.923868401339602e-07
EFT:1.0104241096782794e-05,2.122547334954209e-06,1.987322000788117e-05,0.499281670416237,6.935296550282277e-09,0.4992816704162441,2.6320519398807075e-09,0.0014041591461476227,9.805874310262393e-08,2.9238684013396224e-07
Random9047
Raw:1.0104241096782867e-05,2.122547334954194e-06,1.9873220007881028e-05,0.49928167041624055,6.935296550282326e-09,0.49928167041624055,2.6320519398807265e-09,0.0014041591461476128,9.805874310262323e-08,2.923868401339643e-07
EFT:1.0104241096782794e-05,2.122547334954209e-06,1.987322000788117e-05,0.499281670416237,6.935296550282277e-09,0.4992816704162441,2.6320519398807075e-09,0.0014041591461476227,9.805874310262393e-08,2.9238684013396224e-07
Random9048
Raw:1.0104241096782938e-05,2.122547334954239e-06,1.987322000788117e-05,0.499281670416237,6.9352965502823754e-09,0.4992816704162441,2.6320519398807824e-09,0.0014041591461476227,9.805874310262532e-08,2.9238684013396637e-07
EFT:1.0104241096782794e-05,2.122547334954209e-06,1.987322000788117e-05,0.499281670416237,6.935296550282277e-09,0.4992816704162441,2.6320519398807075e-09,0.0014041591461476227,9.805874310262393e-08,2.9238684013396224e-07
Random9049
Raw:1.0104241096782938e-05,2.122547334954209e-06,1.9873220007880885e-05,0.499281670416237,6.935296550282277e-09,0.4992816704162441,2.632051939880745e-09,0.0014041591461476227,9.805874310262532e-08,2.9238684013396224e-07
EFT:1.0104241096782794e-05,2.122547334954209e-06,1.987322000788117e-05,0.499281670416237,6.935296550282277e-09,0.4992816704162441,2.6320519398807075e-09,0.0014041591461476227,9.805874310262393e-08,2.9238684013396224e-07
Random9050
Raw:1.0104241096782938e-05,2.1225473349541788e-06,1.9873220007880885e-05,0.499281670416237,6.935296550282277e-09,0.4992816704162441,2.632051939880745e-09,0.0014041591461476026,9.805874310262532e-08,2.9238684013396224e-07
EFT:1.0104241096782794e-05,2.122547334954209e-06,1.987322000788117e-05,0.499281670416237,6.935296550282277e-09,0.4992816704162441,2.6320519398807075e-09,0.0014041591461476227,9.805874310262393e-08,2.9238684013396224e-07
Random9051
Raw:1.0104241096783009e-05,2.122547334954194e-06,1.9873220007881028e-05,0.49928167041623345,6.935296550282327e-09,0.49928167041624766,2.6320519398807638e-09,0.0014041591461476327,9.805874310262462e-08,2.9238684013396436e-07
EFT:1.0104241096782794e-05,2.122547334954209e-06,1.987322000788117e-05,0.499281670416237,6.935296550282277e-09,0.4992816704162441,2.6320519398807075e-09,0.0014041591461476227,9.805874310262393e-08,2.9238684013396224e-07
Random9052
Raw:1.0104241096782867e-05,2.122547334954224e-06,1.987322000788131e-05,0.49928167041624055,6.935296550282326e-09,0.49928167041624055,2.6320519398807265e-09,0.0014041591461476128,9.805874310262462e-08,2.923868401339643e-07
EFT:1.0104241096782794e-05,2.122547334954209e-06,1.987322000788117e-05,0.499281670416237,6.935296550282277e-09,0.4992816704162441,2.6320519398807075e-09,0.0014041591461476227,9.805874310262393e-08,2.9238684013396224e-07
Random9053
Raw:1.0104241096782938e-05,2.122547334954209e-06,1.987322000788117e-05,0.499281670416237,6.935296550282277e-09,0.4992816704162441,2.632051939880745e-09,0.0014041591461476227,9.805874310262532e-08,2.9238684013396224e-07
EFT:1.0104241096782794e-05,2.122547334954209e-06,1.987322000788117e-05,0.499281670416237,6.935296550282277e-09,0.4992816704162441,2.6320519398807075e-09,0.0014041591461476227,9.805874310262393e-08,2.9238684013396224e-07
Random9054
Raw:1.0104241096782867e-05,2.122547334954194e-06,1.9873220007881028e-05,0.49928167041624055,6.935296550282326e-09,0.49928167041624055,2.6320519398807265e-09,0.0014041591461476128,9.805874310262323e-08,2.923868401339643e-07
EFT:1.0104241096782794e-05,2.122547334954209e-06,1.987322000788117e-05,0.499281670416237,6.935296550282277e-09,0.4992816704162441,2.6320519398807075e-09,0.0014041591461476227,9.805874310262393e-08,2.9238684013396224e-07
Random9055
Raw:1.0104241096782938e-05,2.122547334954239e-06,1.987322000788145e-05,0.499281670416237,6.935296550282277e-09,0.4992816704162441,2.632051939880745e-09,0.0014041591461476427,9.805874310262393e-08,2.9238684013396637e-07
EFT:1.0104241096782794e-05,2.122547334954209e-06,1.987322000788117e-05,0.499281670416237,6.935296550282277e-09,0.4992816704162441,2.6320519398807075e-09,0.0014041591461476227,9.805874310262393e-08,2.9238684013396224e-07
Random9056
Raw:1.0104241096782938e-05,2.122547334954209e-06,1.987322000788117e-05,0.499281670416237,6.935296550282277e-09,0.4992816704162441,2.632051939880745e-09,0.0014041591461476227,9.805874310262532e-08,2.9238684013396224e-07
EFT:1.0104241096782794e-05,2.122547334954209e-06,1.987322000788117e-05,0.499281670416237,6.935296550282277e-09,0.4992816704162441,2.6320519398807075e-09,0.0014041591461476227,9.805874310262393e-08,2.9238684013396224e-07
Random9057
Raw:1.0104241096782867e-05,2.122547334954224e-06,1.9873220007881028e-05,0.49928167041624055,6.935296550282326e-09,0.49928167041624055,2.6320519398807265e-09,0.0014041591461476327,9.805874310262323e-08,2.923868401339643e-07
EFT:1.0104241096782794e-05,2.122547334954209e-06,1.987322000788117e-05,0.499281670416237,6.935296550282277e-09,0.4992816704162441,2.6320519398807075e-09,0.0014041591461476227,9.805874310262393e-08,2.9238684013396224e-07
Random9058
Raw:1.0104241096782867e-05,2.122547334954224e-06,1.9873220007881028e-05,0.49928167041624055,6.935296550282326e-09,0.49928167041624055,2.6320519398807638e-09,0.0014041591461476128,9.805874310262462e-08,2.923868401339643e-07
EFT:1.0104241096782794e-05,2.122547334954209e-06,1.987322000788117e-05,0.499281670416237,6.935296550282277e-09,0.4992816704162441,2.6320519398807075e-09,0.0014041591461476227,9.805874310262393e-08,2.9238684013396224e-07
Random9059
Raw:1.0104241096782865e-05,2.122547334954194e-06,1.9873220007881028e-05,0.49928167041623345,6.935296550282327e-09,0.49928167041624766,2.632051939880726e-09,0.0014041591461476126,9.805874310262462e-08,2.9238684013396436e-07
EFT:1.0104241096782794e-05,2.122547334954209e-06,1.987322000788117e-05,0.499281670416237,6.935296550282277e-09,0.4992816704162441,2.6320519398807075e-09,0.0014041591461476227,9.805874310262393e-08,2.9238684013396224e-07
Random9060
Raw:1.0104241096782938e-05,2.122547334954209e-06,1.9873220007880885e-05,0.499281670416237,6.9352965502823754e-09,0.4992816704162441,2.63205193988082e-09,0.0014041591461476026,9.805874310262532e-08,2.9238684013396637e-07
EFT:1.0104241096782794e-05,2.122547334954209e-06,1.987322000788117e-05,0.499281670416237,6.935296550282277e-09,0.4992816704162441,2.6320519398807075e-09,0.0014041591461476227,9.805874310262393e-08,2.9238684013396224e-07
Random9061
Raw:1.0104241096782794e-05,2.122547334954209e-06,1.987322000788117e-05,0.499281670416237,6.935296550282277e-09,0.4992816704162441,2.6320519398807075e-09,0.0014041591461476227,9.805874310262393e-08,2.9238684013396224e-07
EFT:1.0104241096782794e-05,2.122547334954209e-06,1.987322000788117e-05,0.499281670416237,6.935296550282277e-09,0.4992816704162441,2.6320519398807075e-09,0.0014041591461476227,9.805874310262393e-08,2.9238684013396224e-07
Random9062
Raw:1.0104241096783009e-05,2.122547334954224e-06,1.987322000788131e-05,0.49928167041623345,6.935296550282327e-09,0.49928167041624766,2.6320519398807638e-09,0.0014041591461476327,9.805874310262601e-08,2.9238684013396436e-07
EFT:1.0104241096782794e-05,2.122547334954209e-06,1.987322000788117e-05,0.499281670416237,6.935296550282277e-09,0.4992816704162441,2.6320519398807075e-09,0.0014041591461476227,9.805874310262393e-08,2.9238684013396224e-07
Random9063
Raw:1.0104241096783009e-05,2.122547334954194e-06,1.9873220007881028e-05,0.49928167041623345,6.935296550282327e-09,0.49928167041624766,2.6320519398807638e-09,0.0014041591461476126,9.805874310262601e-08,2.9238684013396436e-07
EFT:1.0104241096782794e-05,2.122547334954209e-06,1.987322000788117e-05,0.499281670416237,6.935296550282277e-09,0.4992816704162441,2.6320519398807075e-09,0.0014041591461476227,9.805874310262393e-08,2.9238684013396224e-07
Random9064
Raw:1.0104241096782867e-05,2.122547334954224e-06,1.987322000788131e-05,0.49928167041624055,6.935296550282228e-09,0.49928167041624055,2.632051939880689e-09,0.0014041591461476327,9.805874310262462e-08,2.923868401339602e-07
EFT:1.0104241096782794e-05,2.122547334954209e-06,1.987322000788117e-05,0.499281670416237,6.935296550282277e-09,0.4992816704162441,2.6320519398807075e-09,0.0014041591461476227,9.805874310262393e-08,2.9238684013396224e-07
Random9065
Raw:1.0104241096783009e-05,2.122547334954194e-06,1.9873220007881028e-05,0.49928167041623345,6.935296550282327e-09,0.49928167041624766,2.6320519398807638e-09,0.0014041591461476126,9.805874310262601e-08,2.9238684013396436e-07
EFT:1.0104241096782794e-05,2.122547334954209e-06,1.987322000788117e-05,0.499281670416237,6.935296550282277e-09,0.4992816704162441,2.6320519398807075e-09,0.0014041591461476227,9.805874310262393e-08,2.9238684013396224e-07
Random9066
Raw:1.0104241096782938e-05,2.122547334954209e-06,1.987322000788117e-05,0.499281670416237,6.9352965502823754e-09,0.4992816704162441,2.632051939880745e-09,0.0014041591461476227,9.805874310262393e-08,2.9238684013396637e-07
EFT:1.0104241096782794e-05,2.122547334954209e-06,1.987322000788117e-05,0.499281670416237,6.935296550282277e-09,0.4992816704162441,2.6320519398807075e-09,0.0014041591461476227,9.805874310262393e-08,2.9238684013396224e-07
Random9067
Raw:1.0104241096782867e-05,2.122547334954224e-06,1.987322000788131e-05,0.49928167041624055,6.935296550282326e-09,0.49928167041624055,2.6320519398807638e-09,0.0014041591461476327,9.805874310262462e-08,2.923868401339643e-07
EFT:1.0104241096782794e-05,2.122547334954209e-06,1.987322000788117e-05,0.499281670416237,6.935296550282277e-09,0.4992816704162441,2.6320519398807075e-09,0.0014041591461476227,9.805874310262393e-08,2.9238684013396224e-07
Random9068
Raw:1.0104241096782938e-05,2.122547334954239e-06,1.987322000788117e-05,0.499281670416237,6.935296550282277e-09,0.4992816704162441,2.632051939880745e-09,0.0014041591461476227,9.805874310262532e-08,2.9238684013396224e-07
EFT:1.0104241096782794e-05,2.122547334954209e-06,1.987322000788117e-05,0.499281670416237,6.935296550282277e-09,0.4992816704162441,2.6320519398807075e-09,0.0014041591461476227,9.805874310262393e-08,2.9238684013396224e-07
Random9069
Raw:1.0104241096783009e-05,2.122547334954194e-06,1.9873220007881028e-05,0.49928167041623345,6.935296550282327e-09,0.49928167041624766,2.6320519398807638e-09,0.0014041591461476327,9.805874310262462e-08,2.9238684013396436e-07
EFT:1.0104241096782794e-05,2.122547334954209e-06,1.987322000788117e-05,0.499281670416237,6.935296550282277e-09,0.4992816704162441,2.6320519398807075e-09,0.0014041591461476227,9.805874310262393e-08,2.9238684013396224e-07
Random9070
Raw:1.0104241096782867e-05,2.122547334954224e-06,1.9873220007881028e-05,0.49928167041624055,6.935296550282326e-09,0.49928167041624055,2.6320519398807265e-09,0.0014041591461476128,9.805874310262462e-08,2.923868401339643e-07
EFT:1.0104241096782794e-05,2.122547334954209e-06,1.987322000788117e-05,0.499281670416237,6.935296550282277e-09,0.4992816704162441,2.6320519398807075e-09,0.0014041591461476227,9.805874310262393e-08,2.9238684013396224e-07
Random9071
Raw:1.0104241096782794e-05,2.122547334954209e-06,1.987322000788117e-05,0.4992816704162441,6.935296550282277e-09,0.499281670416237,2.63205193988067e-09,0.0014041591461476227,9.805874310262254e-08,2.9238684013396224e-07
EFT:1.0104241096782794e-05,2.122547334954209e-06,1.987322000788117e-05,0.499281670416237,6.935296550282277e-09,0.4992816704162441,2.6320519398807075e-09,0.0014041591461476227,9.805874310262393e-08,2.9238684013396224e-07
Random9072
Raw:1.0104241096782938e-05,2.122547334954209e-06,1.987322000788117e-05,0.499281670416237,6.935296550282277e-09,0.4992816704162441,2.632051939880745e-09,0.0014041591461476427,9.805874310262393e-08,2.9238684013396224e-07
EFT:1.0104241096782794e-05,2.122547334954209e-06,1.987322000788117e-05,0.499281670416237,6.935296550282277e-09,0.4992816704162441,2.6320519398807075e-09,0.0014041591461476227,9.805874310262393e-08,2.9238684013396224e-07
Random9073
Raw:1.0104241096782867e-05,2.122547334954194e-06,1.9873220007881028e-05,0.49928167041624055,6.935296550282326e-09,0.49928167041624055,2.6320519398807265e-09,0.0014041591461476128,9.805874310262323e-08,2.923868401339643e-07
EFT:1.0104241096782794e-05,2.122547334954209e-06,1.987322000788117e-05,0.499281670416237,6.935296550282277e-09,0.4992816704162441,2.6320519398807075e-09,0.0014041591461476227,9.805874310262393e-08,2.9238684013396224e-07
Random9074
Raw:1.0104241096782794e-05,2.122547334954209e-06,1.987322000788117e-05,0.499281670416237,6.9352965502821786e-09,0.4992816704162441,2.6320519398807075e-09,0.0014041591461476227,9.805874310262393e-08,2.9238684013396224e-07
EFT:1.0104241096782794e-05,2.122547334954209e-06,1.987322000788117e-05,0.499281670416237,6.935296550282277e-09,0.4992816704162441,2.6320519398807075e-09,0.0014041591461476227,9.805874310262393e-08,2.9238684013396224e-07
Random9075
Raw:1.0104241096782938e-05,2.122547334954239e-06,1.987322000788145e-05,0.499281670416237,6.9352965502823754e-09,0.4992816704162441,2.632051939880745e-09,0.0014041591461476427,9.805874310262532e-08,2.9238684013396637e-07
EFT:1.0104241096782794e-05,2.122547334954209e-06,1.987322000788117e-05,0.499281670416237,6.935296550282277e-09,0.4992816704162441,2.6320519398807075e-09,0.0014041591461476227,9.805874310262393e-08,2.9238684013396224e-07
Random9076
Raw:1.0104241096782938e-05,2.122547334954209e-06,1.987322000788117e-05,0.499281670416237,6.9352965502823754e-09,0.4992816704162441,2.632051939880745e-09,0.0014041591461476227,9.805874310262532e-08,2.9238684013396637e-07
EFT:1.0104241096782794e-05,2.122547334954209e-06,1.987322000788117e-05,0.499281670416237,6.935296550282277e-09,0.4992816704162441,2.6320519398807075e-09,0.0014041591461476227,9.805874310262393e-08,2.9238684013396224e-07
Random9077
Raw:1.0104241096782938e-05,2.122547334954239e-06,1.987322000788117e-05,0.499281670416237,6.935296550282277e-09,0.4992816704162441,2.632051939880745e-09,0.0014041591461476427,9.805874310262393e-08,2.9238684013396637e-07
EFT:1.0104241096782794e-05,2.122547334954209e-06,1.987322000788117e-05,0.499281670416237,6.935296550282277e-09,0.4992816704162441,2.6320519398807075e-09,0.0014041591461476227,9.805874310262393e-08,2.9238684013396224e-07
Random9078
Raw:1.0104241096782938e-05,2.122547334954209e-06,1.987322000788117e-05,0.499281670416237,6.9352965502823754e-09,0.4992816704162441,2.6320519398807824e-09,0.0014041591461476026,9.805874310262672e-08,2.9238684013396637e-07
EFT:1.0104241096782794e-05,2.122547334954209e-06,1.987322000788117e-05,0.499281670416237,6.935296550282277e-09,0.4992816704162441,2.6320519398807075e-09,0.0014041591461476227,9.805874310262393e-08,2.9238684013396224e-07
Random9079
Raw:1.0104241096782938e-05,2.122547334954209e-06,1.987322000788117e-05,0.499281670416237,6.9352965502823754e-09,0.4992816704162441,2.6320519398807824e-09,0.0014041591461476227,9.805874310262532e-08,2.9238684013396637e-07
EFT:1.0104241096782794e-05,2.122547334954209e-06,1.987322000788117e-05,0.499281670416237,6.935296550282277e-09,0.4992816704162441,2.6320519398807075e-09,0.0014041591461476227,9.805874310262393e-08,2.9238684013396224e-07
Random9080
Raw:1.0104241096782938e-05,2.122547334954209e-06,1.987322000788117e-05,0.499281670416237,6.935296550282277e-09,0.4992816704162441,2.632051939880745e-09,0.0014041591461476427,9.805874310262393e-08,2.9238684013396224e-07
EFT:1.0104241096782794e-05,2.122547334954209e-06,1.987322000788117e-05,0.499281670416237,6.935296550282277e-09,0.4992816704162441,2.6320519398807075e-09,0.0014041591461476227,9.805874310262393e-08,2.9238684013396224e-07
Random9081
Raw:1.0104241096782794e-05,2.122547334954209e-06,1.987322000788117e-05,0.499281670416237,6.935296550282277e-09,0.4992816704162441,2.6320519398807075e-09,0.0014041591461476227,9.805874310262393e-08,2.9238684013396224e-07
EFT:1.0104241096782794e-05,2.122547334954209e-06,1.987322000788117e-05,0.499281670416237,6.935296550282277e-09,0.4992816704162441,2.6320519398807075e-09,0.0014041591461476227,9.805874310262393e-08,2.9238684013396224e-07
Random9082
Raw:1.0104241096782938e-05,2.122547334954209e-06,1.987322000788117e-05,0.499281670416237,6.935296550282277e-09,0.4992816704162441,2.632051939880745e-09,0.0014041591461476427,9.805874310262393e-08,2.9238684013396224e-07
EFT:1.0104241096782794e-05,2.122547334954209e-06,1.987322000788117e-05,0.499281670416237,6.935296550282277e-09,0.4992816704162441,2.6320519398807075e-09,0.0014041591461476227,9.805874310262393e-08,2.9238684013396224e-07
Random9083
Raw:1.0104241096782867e-05,2.122547334954194e-06,1.9873220007881028e-05,0.49928167041624055,6.935296550282228e-09,0.49928167041624055,2.632051939880689e-09,0.0014041591461476327,9.805874310262323e-08,2.923868401339602e-07
EFT:1.0104241096782794e-05,2.122547334954209e-06,1.987322000788117e-05,0.499281670416237,6.935296550282277e-09,0.4992816704162441,2.6320519398807075e-09,0.0014041591461476227,9.805874310262393e-08,2.9238684013396224e-07
Random9084
Raw:1.0104241096782867e-05,2.122547334954224e-06,1.987322000788131e-05,0.49928167041624055,6.935296550282326e-09,0.49928167041624055,2.6320519398807265e-09,0.0014041591461476327,9.805874310262602e-08,2.923868401339643e-07
EFT:1.0104241096782794e-05,2.122547334954209e-06,1.987322000788117e-05,0.499281670416237,6.935296550282277e-09,0.4992816704162441,2.6320519398807075e-09,0.0014041591461476227,9.805874310262393e-08,2.9238684013396224e-07
Random9085
Raw:1.0104241096782794e-05,2.122547334954209e-06,1.987322000788117e-05,0.499281670416237,6.935296550282277e-09,0.4992816704162441,2.6320519398807075e-09,0.0014041591461476227,9.805874310262393e-08,2.9238684013396224e-07
EFT:1.0104241096782794e-05,2.122547334954209e-06,1.987322000788117e-05,0.499281670416237,6.935296550282277e-09,0.4992816704162441,2.6320519398807075e-09,0.0014041591461476227,9.805874310262393e-08,2.9238684013396224e-07
Random9086
Raw:1.0104241096782938e-05,2.122547334954239e-06,1.987322000788145e-05,0.499281670416237,6.935296550282277e-09,0.4992816704162441,2.632051939880745e-09,0.0014041591461476427,9.805874310262393e-08,2.9238684013396637e-07
EFT:1.0104241096782794e-05,2.122547334954209e-06,1.987322000788117e-05,0.499281670416237,6.935296550282277e-09,0.4992816704162441,2.6320519398807075e-09,0.0014041591461476227,9.805874310262393e-08,2.9238684013396224e-07
Random9087
Raw:1.0104241096782938e-05,2.122547334954239e-06,1.987322000788117e-05,0.499281670416237,6.935296550282277e-09,0.4992816704162441,2.632051939880745e-09,0.0014041591461476427,9.805874310262532e-08,2.9238684013396224e-07
EFT:1.0104241096782794e-05,2.122547334954209e-06,1.987322000788117e-05,0.499281670416237,6.935296550282277e-09,0.4992816704162441,2.6320519398807075e-09,0.0014041591461476227,9.805874310262393e-08,2.9238684013396224e-07
Random9088
Raw:1.0104241096782867e-05,2.122547334954224e-06,1.9873220007881028e-05,0.49928167041624055,6.935296550282326e-09,0.49928167041624055,2.6320519398807265e-09,0.0014041591461476128,9.805874310262462e-08,2.923868401339643e-07
EFT:1.0104241096782794e-05,2.122547334954209e-06,1.987322000788117e-05,0.499281670416237,6.935296550282277e-09,0.4992816704162441,2.6320519398807075e-09,0.0014041591461476227,9.805874310262393e-08,2.9238684013396224e-07
Random9089
Raw:1.0104241096782865e-05,2.122547334954194e-06,1.9873220007881028e-05,0.49928167041623345,6.935296550282327e-09,0.49928167041624766,2.632051939880726e-09,0.0014041591461476126,9.805874310262462e-08,2.9238684013396436e-07
EFT:1.0104241096782794e-05,2.122547334954209e-06,1.987322000788117e-05,0.499281670416237,6.935296550282277e-09,0.4992816704162441,2.6320519398807075e-09,0.0014041591461476227,9.805874310262393e-08,2.9238684013396224e-07
Random9090
Raw:1.0104241096782867e-05,2.122547334954194e-06,1.9873220007881028e-05,0.49928167041624055,6.935296550282228e-09,0.49928167041624055,2.632051939880689e-09,0.0014041591461476327,9.805874310262323e-08,2.923868401339602e-07
EFT:1.0104241096782794e-05,2.122547334954209e-06,1.987322000788117e-05,0.499281670416237,6.935296550282277e-09,0.4992816704162441,2.6320519398807075e-09,0.0014041591461476227,9.805874310262393e-08,2.9238684013396224e-07
Random9091
Raw:1.0104241096782794e-05,2.122547334954209e-06,1.987322000788117e-05,0.499281670416237,6.9352965502821786e-09,0.4992816704162441,2.6320519398807075e-09,0.0014041591461476227,9.805874310262393e-08,2.9238684013396224e-07
EFT:1.0104241096782794e-05,2.122547334954209e-06,1.987322000788117e-05,0.499281670416237,6.935296550282277e-09,0.4992816704162441,2.6320519398807075e-09,0.0014041591461476227,9.805874310262393e-08,2.9238684013396224e-07
Random9092
Raw:1.0104241096782938e-05,2.122547334954239e-06,1.9873220007880885e-05,0.499281670416237,6.9352965502823754e-09,0.4992816704162441,2.63205193988082e-09,0.0014041591461476227,9.805874310262532e-08,2.9238684013396637e-07
EFT:1.0104241096782794e-05,2.122547334954209e-06,1.987322000788117e-05,0.499281670416237,6.935296550282277e-09,0.4992816704162441,2.6320519398807075e-09,0.0014041591461476227,9.805874310262393e-08,2.9238684013396224e-07
Random9093
Raw:1.0104241096782938e-05,2.1225473349541788e-06,1.9873220007880885e-05,0.499281670416237,6.935296550282277e-09,0.4992816704162441,2.632051939880745e-09,0.0014041591461476026,9.805874310262532e-08,2.9238684013396224e-07
EFT:1.0104241096782794e-05,2.122547334954209e-06,1.987322000788117e-05,0.499281670416237,6.935296550282277e-09,0.4992816704162441,2.6320519398807075e-09,0.0014041591461476227,9.805874310262393e-08,2.9238684013396224e-07
Random9094
Raw:1.0104241096782794e-05,2.1225473349541788e-06,1.9873220007880885e-05,0.499281670416237,6.9352965502821786e-09,0.4992816704162441,2.63205193988067e-09,0.0014041591461476227,9.805874310262393e-08,2.923868401339581e-07
EFT:1.0104241096782794e-05,2.122547334954209e-06,1.987322000788117e-05,0.499281670416237,6.935296550282277e-09,0.4992816704162441,2.6320519398807075e-09,0.0014041591461476227,9.805874310262393e-08,2.9238684013396224e-07
Random9095
Raw:1.0104241096782938e-05,2.122547334954239e-06,1.987322000788117e-05,0.499281670416237,6.9352965502823754e-09,0.4992816704162441,2.6320519398807824e-09,0.0014041591461476227,9.805874310262532e-08,2.9238684013396637e-07
EFT:1.0104241096782794e-05,2.122547334954209e-06,1.987322000788117e-05,0.499281670416237,6.935296550282277e-09,0.4992816704162441,2.6320519398807075e-09,0.0014041591461476227,9.805874310262393e-08,2.9238684013396224e-07
Random9096
Raw:1.0104241096782867e-05,2.122547334954224e-06,1.987322000788131e-05,0.49928167041624055,6.935296550282326e-09,0.49928167041624055,2.6320519398807265e-09,0.0014041591461476327,9.805874310262323e-08,2.923868401339643e-07
EFT:1.0104241096782794e-05,2.122547334954209e-06,1.987322000788117e-05,0.499281670416237,6.935296550282277e-09,0.4992816704162441,2.6320519398807075e-09,0.0014041591461476227,9.805874310262393e-08,2.9238684013396224e-07
Random9097
Raw:1.0104241096782938e-05,2.122547334954209e-06,1.987322000788117e-05,0.499281670416237,6.935296550282277e-09,0.4992816704162441,2.632051939880745e-09,0.0014041591461476427,9.805874310262393e-08,2.9238684013396224e-07
EFT:1.0104241096782794e-05,2.122547334954209e-06,1.987322000788117e-05,0.499281670416237,6.935296550282277e-09,0.4992816704162441,2.6320519398807075e-09,0.0014041591461476227,9.805874310262393e-08,2.9238684013396224e-07
Random9098
Raw:1.0104241096782938e-05,2.122547334954209e-06,1.987322000788117e-05,0.499281670416237,6.935296550282277e-09,0.4992816704162441,2.632051939880745e-09,0.0014041591461476227,9.805874310262393e-08,2.9238684013396637e-07
EFT:1.0104241096782794e-05,2.122547334954209e-06,1.987322000788117e-05,0.499281670416237,6.935296550282277e-09,0.4992816704162441,2.6320519398807075e-09,0.0014041591461476227,9.805874310262393e-08,2.9238684013396224e-07
Random9099
Raw:1.0104241096782938e-05,2.122547334954209e-06,1.987322000788117e-05,0.499281670416237,6.9352965502823754e-09,0.4992816704162441,2.632051939880745e-09,0.0014041591461476227,9.805874310262672e-08,2.9238684013396637e-07
EFT:1.0104241096782794e-05,2.122547334954209e-06,1.987322000788117e-05,0.499281670416237,6.935296550282277e-09,0.4992816704162441,2.6320519398807075e-09,0.0014041591461476227,9.805874310262393e-08,2.9238684013396224e-07
Random9100
Raw:1.0104241096783009e-05,2.122547334954224e-06,1.987322000788131e-05,0.49928167041623345,6.935296550282327e-09,0.49928167041624766,2.6320519398807638e-09,0.0014041591461476327,9.805874310262462e-08,2.923868401339685e-07
EFT:1.0104241096782794e-05,2.122547334954209e-06,1.987322000788117e-05,0.499281670416237,6.935296550282277e-09,0.4992816704162441,2.6320519398807075e-09,0.0014041591461476227,9.805874310262393e-08,2.9238684013396224e-07
Random9101
Raw:1.0104241096782938e-05,2.122547334954239e-06,1.9873220007880885e-05,0.499281670416237,6.935296550282277e-09,0.4992816704162441,2.632051939880745e-09,0.0014041591461476227,9.805874310262532e-08,2.9238684013396224e-07
EFT:1.0104241096782794e-05,2.122547334954209e-06,1.987322000788117e-05,0.499281670416237,6.935296550282277e-09,0.4992816704162441,2.6320519398807075e-09,0.0014041591461476227,9.805874310262393e-08,2.9238684013396224e-07
Random9102
Raw:1.0104241096782867e-05,2.122547334954194e-06,1.9873220007881028e-05,0.49928167041624055,6.935296550282326e-09,0.49928167041624055,2.6320519398807265e-09,0.0014041591461476128,9.805874310262602e-08,2.923868401339643e-07
EFT:1.0104241096782794e-05,2.122547334954209e-06,1.987322000788117e-05,0.499281670416237,6.935296550282277e-09,0.4992816704162441,2.6320519398807075e-09,0.0014041591461476227,9.805874310262393e-08,2.9238684013396224e-07
Random9103
Raw:1.0104241096782938e-05,2.122547334954209e-06,1.987322000788117e-05,0.499281670416237,6.935296550282277e-09,0.4992816704162441,2.632051939880745e-09,0.0014041591461476427,9.805874310262393e-08,2.9238684013396224e-07
EFT:1.0104241096782794e-05,2.122547334954209e-06,1.987322000788117e-05,0.499281670416237,6.935296550282277e-09,0.4992816704162441,2.6320519398807075e-09,0.0014041591461476227,9.805874310262393e-08,2.9238684013396224e-07
Random9104
Raw:1.0104241096782867e-05,2.122547334954194e-06,1.9873220007881028e-05,0.49928167041624055,6.935296550282326e-09,0.49928167041624055,2.6320519398807265e-09,0.0014041591461476128,9.805874310262602e-08,2.923868401339643e-07
EFT:1.0104241096782794e-05,2.122547334954209e-06,1.987322000788117e-05,0.499281670416237,6.935296550282277e-09,0.4992816704162441,2.6320519398807075e-09,0.0014041591461476227,9.805874310262393e-08,2.9238684013396224e-07
Random9105
Raw:1.0104241096782938e-05,2.122547334954239e-06,1.987322000788117e-05,0.499281670416237,6.935296550282277e-09,0.4992816704162441,2.632051939880745e-09,0.0014041591461476427,9.805874310262393e-08,2.9238684013396637e-07
EFT:1.0104241096782794e-05,2.122547334954209e-06,1.987322000788117e-05,0.499281670416237,6.935296550282277e-09,0.4992816704162441,2.6320519398807075e-09,0.0014041591461476227,9.805874310262393e-08,2.9238684013396224e-07
Random9106
Raw:1.0104241096782938e-05,2.122547334954209e-06,1.987322000788117e-05,0.499281670416237,6.935296550282277e-09,0.4992816704162441,2.632051939880745e-09,0.0014041591461476227,9.805874310262532e-08,2.9238684013396224e-07
EFT:1.0104241096782794e-05,2.122547334954209e-06,1.987322000788117e-05,0.499281670416237,6.935296550282277e-09,0.4992816704162441,2.6320519398807075e-09,0.0014041591461476227,9.805874310262393e-08,2.9238684013396224e-07
Random9107
Raw:1.0104241096782867e-05,2.122547334954224e-06,1.9873220007881028e-05,0.49928167041624055,6.935296550282326e-09,0.49928167041624055,2.6320519398807265e-09,0.0014041591461476327,9.805874310262323e-08,2.923868401339643e-07
EFT:1.0104241096782794e-05,2.122547334954209e-06,1.987322000788117e-05,0.499281670416237,6.935296550282277e-09,0.4992816704162441,2.6320519398807075e-09,0.0014041591461476227,9.805874310262393e-08,2.9238684013396224e-07
Random9108
Raw:1.0104241096782867e-05,2.122547334954194e-06,1.9873220007881028e-05,0.49928167041624055,6.935296550282326e-09,0.49928167041624055,2.6320519398807265e-09,0.0014041591461476128,9.805874310262602e-08,2.923868401339643e-07
EFT:1.0104241096782794e-05,2.122547334954209e-06,1.987322000788117e-05,0.499281670416237,6.935296550282277e-09,0.4992816704162441,2.6320519398807075e-09,0.0014041591461476227,9.805874310262393e-08,2.9238684013396224e-07
Random9109
Raw:1.0104241096782867e-05,2.122547334954194e-06,1.9873220007881028e-05,0.49928167041624055,6.935296550282326e-09,0.49928167041624055,2.6320519398807265e-09,0.0014041591461476128,9.805874310262323e-08,2.923868401339643e-07
EFT:1.0104241096782794e-05,2.122547334954209e-06,1.987322000788117e-05,0.499281670416237,6.935296550282277e-09,0.4992816704162441,2.6320519398807075e-09,0.0014041591461476227,9.805874310262393e-08,2.9238684013396224e-07
Random9110
Raw:1.0104241096782794e-05,2.122547334954209e-06,1.987322000788117e-05,0.4992816704162441,6.935296550282277e-09,0.499281670416237,2.63205193988067e-09,0.0014041591461476227,9.805874310262393e-08,2.9238684013396224e-07
EFT:1.0104241096782794e-05,2.122547334954209e-06,1.987322000788117e-05,0.499281670416237,6.935296550282277e-09,0.4992816704162441,2.6320519398807075e-09,0.0014041591461476227,9.805874310262393e-08,2.9238684013396224e-07
Random9111
Raw:1.0104241096782938e-05,2.122547334954209e-06,1.987322000788117e-05,0.499281670416237,6.9352965502823754e-09,0.4992816704162441,2.632051939880745e-09,0.0014041591461476227,9.805874310262532e-08,2.9238684013396637e-07
EFT:1.0104241096782794e-05,2.122547334954209e-06,1.987322000788117e-05,0.499281670416237,6.935296550282277e-09,0.4992816704162441,2.6320519398807075e-09,0.0014041591461476227,9.805874310262393e-08,2.9238684013396224e-07
Random9112
Raw:1.0104241096782794e-05,2.122547334954209e-06,1.987322000788117e-05,0.499281670416237,6.935296550282277e-09,0.4992816704162441,2.6320519398807075e-09,0.0014041591461476227,9.805874310262393e-08,2.9238684013396224e-07
EFT:1.0104241096782794e-05,2.122547334954209e-06,1.987322000788117e-05,0.499281670416237,6.935296550282277e-09,0.4992816704162441,2.6320519398807075e-09,0.0014041591461476227,9.805874310262393e-08,2.9238684013396224e-07
Random9113
Raw:1.0104241096782938e-05,2.122547334954239e-06,1.987322000788145e-05,0.499281670416237,6.935296550282277e-09,0.4992816704162441,2.632051939880745e-09,0.0014041591461476227,9.805874310262532e-08,2.9238684013396224e-07
EFT:1.0104241096782794e-05,2.122547334954209e-06,1.987322000788117e-05,0.499281670416237,6.935296550282277e-09,0.4992816704162441,2.6320519398807075e-09,0.0014041591461476227,9.805874310262393e-08,2.9238684013396224e-07
Random9114
Raw:1.0104241096782794e-05,2.122547334954209e-06,1.987322000788117e-05,0.4992816704162441,6.935296550282277e-09,0.499281670416237,2.63205193988067e-09,0.0014041591461476227,9.805874310262393e-08,2.9238684013396224e-07
EFT:1.0104241096782794e-05,2.122547334954209e-06,1.987322000788117e-05,0.499281670416237,6.935296550282277e-09,0.4992816704162441,2.6320519398807075e-09,0.0014041591461476227,9.805874310262393e-08,2.9238684013396224e-07
Random9115
Raw:1.0104241096782938e-05,2.122547334954209e-06,1.987322000788117e-05,0.499281670416237,6.935296550282277e-09,0.4992816704162441,2.632051939880745e-09,0.0014041591461476227,9.805874310262532e-08,2.9238684013396224e-07
EFT:1.0104241096782794e-05,2.122547334954209e-06,1.987322000788117e-05,0.499281670416237,6.935296550282277e-09,0.4992816704162441,2.6320519398807075e-09,0.0014041591461476227,9.805874310262393e-08,2.9238684013396224e-07
Random9116
Raw:1.0104241096782938e-05,2.122547334954209e-06,1.9873220007880885e-05,0.499281670416237,6.935296550282277e-09,0.4992816704162441,2.632051939880745e-09,0.0014041591461476227,9.805874310262532e-08,2.9238684013396224e-07
EFT:1.0104241096782794e-05,2.122547334954209e-06,1.987322000788117e-05,0.499281670416237,6.935296550282277e-09,0.4992816704162441,2.6320519398807075e-09,0.0014041591461476227,9.805874310262393e-08,2.9238684013396224e-07
Random9117
Raw:1.0104241096782794e-05,2.122547334954209e-06,1.9873220007880885e-05,0.499281670416237,6.935296550282277e-09,0.4992816704162441,2.632051939880745e-09,0.0014041591461476227,9.805874310262254e-08,2.9238684013396224e-07
EFT:1.0104241096782794e-05,2.122547334954209e-06,1.987322000788117e-05,0.499281670416237,6.935296550282277e-09,0.4992816704162441,2.6320519398807075e-09,0.0014041591461476227,9.805874310262393e-08,2.9238684013396224e-07
Random9118
Raw:1.0104241096782938e-05,2.122547334954209e-06,1.987322000788117e-05,0.499281670416237,6.935296550282277e-09,0.4992816704162441,2.632051939880745e-09,0.0014041591461476227,9.805874310262532e-08,2.9238684013396224e-07
EFT:1.0104241096782794e-05,2.122547334954209e-06,1.987322000788117e-05,0.499281670416237,6.935296550282277e-09,0.4992816704162441,2.6320519398807075e-09,0.0014041591461476227,9.805874310262393e-08,2.9238684013396224e-07
Random9119
Raw:1.0104241096783009e-05,2.122547334954224e-06,1.987322000788131e-05,0.49928167041623345,6.935296550282424e-09,0.49928167041624766,2.6320519398807638e-09,0.0014041591461476327,9.805874310262601e-08,2.923868401339685e-07
EFT:1.0104241096782794e-05,2.122547334954209e-06,1.987322000788117e-05,0.499281670416237,6.935296550282277e-09,0.4992816704162441,2.6320519398807075e-09,0.0014041591461476227,9.805874310262393e-08,2.9238684013396224e-07
Random9120
Raw:1.0104241096782938e-05,2.122547334954209e-06,1.9873220007880885e-05,0.499281670416237,6.935296550282277e-09,0.4992816704162441,2.632051939880745e-09,0.0014041591461476227,9.805874310262393e-08,2.9238684013396224e-07
EFT:1.0104241096782794e-05,2.122547334954209e-06,1.987322000788117e-05,0.499281670416237,6.935296550282277e-09,0.4992816704162441,2.6320519398807075e-09,0.0014041591461476227,9.805874310262393e-08,2.9238684013396224e-07
Random9121
Raw:1.0104241096782938e-05,2.122547334954209e-06,1.987322000788117e-05,0.499281670416237,6.9352965502823754e-09,0.4992816704162441,2.632051939880745e-09,0.0014041591461476227,9.805874310262532e-08,2.9238684013396637e-07
EFT:1.0104241096782794e-05,2.122547334954209e-06,1.987322000788117e-05,0.499281670416237,6.935296550282277e-09,0.4992816704162441,2.6320519398807075e-09,0.0014041591461476227,9.805874310262393e-08,2.9238684013396224e-07
Random9122
Raw:1.0104241096782794e-05,2.122547334954209e-06,1.987322000788117e-05,0.499281670416237,6.935296550282277e-09,0.4992816704162441,2.632051939880745e-09,0.0014041591461476227,9.805874310262254e-08,2.9238684013396224e-07
EFT:1.0104241096782794e-05,2.122547334954209e-06,1.987322000788117e-05,0.499281670416237,6.935296550282277e-09,0.4992816704162441,2.6320519398807075e-09,0.0014041591461476227,9.805874310262393e-08,2.9238684013396224e-07
Random9123
Raw:1.0104241096782938e-05,2.122547334954239e-06,1.987322000788117e-05,0.499281670416237,6.935296550282277e-09,0.4992816704162441,2.632051939880745e-09,0.0014041591461476227,9.805874310262532e-08,2.9238684013396224e-07
EFT:1.0104241096782794e-05,2.122547334954209e-06,1.987322000788117e-05,0.499281670416237,6.935296550282277e-09,0.4992816704162441,2.6320519398807075e-09,0.0014041591461476227,9.805874310262393e-08,2.9238684013396224e-07
Random9124
Raw:1.0104241096782938e-05,2.122547334954209e-06,1.9873220007880885e-05,0.499281670416237,6.935296550282277e-09,0.4992816704162441,2.632051939880745e-09,0.0014041591461476227,9.805874310262393e-08,2.9238684013396224e-07
EFT:1.0104241096782794e-05,2.122547334954209e-06,1.987322000788117e-05,0.499281670416237,6.935296550282277e-09,0.4992816704162441,2.6320519398807075e-09,0.0014041591461476227,9.805874310262393e-08,2.9238684013396224e-07
Random9125
Raw:1.0104241096782938e-05,2.122547334954209e-06,1.987322000788117e-05,0.499281670416237,6.9352965502823754e-09,0.4992816704162441,2.632051939880745e-09,0.0014041591461476227,9.805874310262532e-08,2.9238684013396637e-07
EFT:1.0104241096782794e-05,2.122547334954209e-06,1.987322000788117e-05,0.499281670416237,6.935296550282277e-09,0.4992816704162441,2.6320519398807075e-09,0.0014041591461476227,9.805874310262393e-08,2.9238684013396224e-07
Random9126
Raw:1.0104241096782794e-05,2.122547334954209e-06,1.9873220007880885e-05,0.499281670416237,6.935296550282277e-09,0.4992816704162441,2.6320519398807075e-09,0.0014041591461476026,9.805874310262393e-08,2.9238684013396224e-07
EFT:1.0104241096782794e-05,2.122547334954209e-06,1.987322000788117e-05,0.499281670416237,6.935296550282277e-09,0.4992816704162441,2.6320519398807075e-09,0.0014041591461476227,9.805874310262393e-08,2.9238684013396224e-07
Random9127
Raw:1.0104241096782938e-05,2.122547334954239e-06,1.987322000788117e-05,0.499281670416237,6.9352965502823754e-09,0.4992816704162441,2.6320519398807824e-09,0.0014041591461476227,9.805874310262532e-08,2.9238684013396637e-07
EFT:1.0104241096782794e-05,2.122547334954209e-06,1.987322000788117e-05,0.499281670416237,6.935296550282277e-09,0.4992816704162441,2.6320519398807075e-09,0.0014041591461476227,9.805874310262393e-08,2.9238684013396224e-07
Random9128
Raw:1.0104241096782867e-05,2.122547334954194e-06,1.9873220007881028e-05,0.49928167041624055,6.935296550282326e-09,0.49928167041624055,2.6320519398807265e-09,0.0014041591461476128,9.805874310262323e-08,2.923868401339643e-07
EFT:1.0104241096782794e-05,2.122547334954209e-06,1.987322000788117e-05,0.499281670416237,6.935296550282277e-09,0.4992816704162441,2.6320519398807075e-09,0.0014041591461476227,9.805874310262393e-08,2.9238684013396224e-07
Random9129
Raw:1.0104241096782867e-05,2.122547334954194e-06,1.9873220007881028e-05,0.49928167041624055,6.935296550282326e-09,0.49928167041624055,2.6320519398807265e-09,0.0014041591461476128,9.805874310262323e-08,2.923868401339643e-07
EFT:1.0104241096782794e-05,2.122547334954209e-06,1.987322000788117e-05,0.499281670416237,6.935296550282277e-09,0.4992816704162441,2.6320519398807075e-09,0.0014041591461476227,9.805874310262393e-08,2.9238684013396224e-07
Random9130
Raw:1.0104241096782938e-05,2.122547334954239e-06,1.987322000788117e-05,0.499281670416237,6.935296550282277e-09,0.4992816704162441,2.632051939880745e-09,0.0014041591461476427,9.805874310262393e-08,2.9238684013396637e-07
EFT:1.0104241096782794e-05,2.122547334954209e-06,1.987322000788117e-05,0.499281670416237,6.935296550282277e-09,0.4992816704162441,2.6320519398807075e-09,0.0014041591461476227,9.805874310262393e-08,2.9238684013396224e-07
Random9131
Raw:1.0104241096782938e-05,2.122547334954209e-06,1.987322000788117e-05,0.499281670416237,6.9352965502823754e-09,0.4992816704162441,2.632051939880745e-09,0.0014041591461476227,9.805874310262532e-08,2.9238684013396637e-07
EFT:1.0104241096782794e-05,2.122547334954209e-06,1.987322000788117e-05,0.499281670416237,6.935296550282277e-09,0.4992816704162441,2.6320519398807075e-09,0.0014041591461476227,9.805874310262393e-08,2.9238684013396224e-07
Random9132
Raw:1.0104241096782794e-05,2.122547334954209e-06,1.987322000788117e-05,0.499281670416237,6.935296550282277e-09,0.4992816704162441,2.6320519398807075e-09,0.0014041591461476227,9.805874310262393e-08,2.9238684013396224e-07
EFT:1.0104241096782794e-05,2.122547334954209e-06,1.987322000788117e-05,0.499281670416237,6.935296550282277e-09,0.4992816704162441,2.6320519398807075e-09,0.0014041591461476227,9.805874310262393e-08,2.9238684013396224e-07
Random9133
Raw:1.0104241096782867e-05,2.122547334954224e-06,1.9873220007881028e-05,0.49928167041624055,6.935296550282326e-09,0.49928167041624055,2.6320519398807265e-09,0.0014041591461476327,9.805874310262323e-08,2.923868401339643e-07
EFT:1.0104241096782794e-05,2.122547334954209e-06,1.987322000788117e-05,0.499281670416237,6.935296550282277e-09,0.4992816704162441,2.6320519398807075e-09,0.0014041591461476227,9.805874310262393e-08,2.9238684013396224e-07
Random9134
Raw:1.0104241096782938e-05,2.122547334954209e-06,1.987322000788117e-05,0.499281670416237,6.935296550282277e-09,0.4992816704162441,2.632051939880745e-09,0.0014041591461476227,9.805874310262532e-08,2.9238684013396224e-07
EFT:1.0104241096782794e-05,2.122547334954209e-06,1.987322000788117e-05,0.499281670416237,6.935296550282277e-09,0.4992816704162441,2.6320519398807075e-09,0.0014041591461476227,9.805874310262393e-08,2.9238684013396224e-07
Random9135
Raw:1.0104241096782938e-05,2.122547334954209e-06,1.987322000788117e-05,0.499281670416237,6.9352965502823754e-09,0.4992816704162441,2.6320519398807824e-09,0.0014041591461476227,9.805874310262532e-08,2.9238684013396637e-07
EFT:1.0104241096782794e-05,2.122547334954209e-06,1.987322000788117e-05,0.499281670416237,6.935296550282277e-09,0.4992816704162441,2.6320519398807075e-09,0.0014041591461476227,9.805874310262393e-08,2.9238684013396224e-07
Random9136
Raw:1.0104241096782938e-05,2.122547334954239e-06,1.9873220007880885e-05,0.499281670416237,6.935296550282277e-09,0.4992816704162441,2.632051939880745e-09,0.0014041591461476227,9.805874310262532e-08,2.9238684013396224e-07
EFT:1.0104241096782794e-05,2.122547334954209e-06,1.987322000788117e-05,0.499281670416237,6.935296550282277e-09,0.4992816704162441,2.6320519398807075e-09,0.0014041591461476227,9.805874310262393e-08,2.9238684013396224e-07
Random9137
Raw:1.0104241096782867e-05,2.122547334954194e-06,1.9873220007881028e-05,0.49928167041624055,6.935296550282228e-09,0.49928167041624055,2.632051939880689e-09,0.0014041591461476128,9.805874310262462e-08,2.923868401339602e-07
EFT:1.0104241096782794e-05,2.122547334954209e-06,1.987322000788117e-05,0.499281670416237,6.935296550282277e-09,0.4992816704162441,2.6320519398807075e-09,0.0014041591461476227,9.805874310262393e-08,2.9238684013396224e-07
Random9138
Raw:1.0104241096782794e-05,2.122547334954209e-06,1.9873220007880885e-05,0.499281670416237,6.935296550282277e-09,0.4992816704162441,2.6320519398807075e-09,0.0014041591461476026,9.805874310262393e-08,2.9238684013396224e-07
EFT:1.0104241096782794e-05,2.122547334954209e-06,1.987322000788117e-05,0.499281670416237,6.935296550282277e-09,0.4992816704162441,2.6320519398807075e-09,0.0014041591461476227,9.805874310262393e-08,2.9238684013396224e-07
Random9139
Raw:1.0104241096782723e-05,2.122547334954194e-06,1.9873220007881028e-05,0.49928167041624055,6.935296550282228e-09,0.49928167041624055,2.6320519398806513e-09,0.0014041591461476128,9.805874310262323e-08,2.923868401339602e-07
EFT:1.0104241096782794e-05,2.122547334954209e-06,1.987322000788117e-05,0.499281670416237,6.935296550282277e-09,0.4992816704162441,2.6320519398807075e-09,0.0014041591461476227,9.805874310262393e-08,2.9238684013396224e-07
Random9140
Raw:1.0104241096782938e-05,2.122547334954209e-06,1.987322000788117e-05,0.499281670416237,6.9352965502823754e-09,0.4992816704162441,2.632051939880745e-09,0.0014041591461476227,9.805874310262532e-08,2.9238684013396637e-07
EFT:1.0104241096782794e-05,2.122547334954209e-06,1.987322000788117e-05,0.499281670416237,6.935296550282277e-09,0.4992816704162441,2.6320519398807075e-09,0.0014041591461476227,9.805874310262393e-08,2.9238684013396224e-07
Random9141
Raw:1.0104241096782938e-05,2.122547334954239e-06,1.987322000788145e-05,0.499281670416237,6.935296550282277e-09,0.4992816704162441,2.632051939880745e-09,0.0014041591461476427,9.805874310262532e-08,2.9238684013396224e-07
EFT:1.0104241096782794e-05,2.122547334954209e-06,1.987322000788117e-05,0.499281670416237,6.935296550282277e-09,0.4992816704162441,2.6320519398807075e-09,0.0014041591461476227,9.805874310262393e-08,2.9238684013396224e-07
Random9142
Raw:1.0104241096782867e-05,2.122547334954224e-06,1.9873220007881028e-05,0.49928167041624055,6.935296550282326e-09,0.49928167041624055,2.6320519398807265e-09,0.0014041591461476327,9.805874310262323e-08,2.923868401339643e-07
EFT:1.0104241096782794e-05,2.122547334954209e-06,1.987322000788117e-05,0.499281670416237,6.935296550282277e-09,0.4992816704162441,2.6320519398807075e-09,0.0014041591461476227,9.805874310262393e-08,2.9238684013396224e-07
Random9143
Raw:1.0104241096782938e-05,2.1225473349541788e-06,1.9873220007880885e-05,0.499281670416237,6.935296550282277e-09,0.4992816704162441,2.632051939880745e-09,0.0014041591461476026,9.805874310262532e-08,2.9238684013396224e-07
EFT:1.0104241096782794e-05,2.122547334954209e-06,1.987322000788117e-05,0.499281670416237,6.935296550282277e-09,0.4992816704162441,2.6320519398807075e-09,0.0014041591461476227,9.805874310262393e-08,2.9238684013396224e-07
Random9144
Raw:1.0104241096782865e-05,2.122547334954194e-06,1.9873220007881028e-05,0.49928167041623345,6.935296550282327e-09,0.49928167041624766,2.632051939880726e-09,0.0014041591461476126,9.805874310262462e-08,2.9238684013396436e-07
EFT:1.0104241096782794e-05,2.122547334954209e-06,1.987322000788117e-05,0.499281670416237,6.935296550282277e-09,0.4992816704162441,2.6320519398807075e-09,0.0014041591461476227,9.805874310262393e-08,2.9238684013396224e-07
Random9145
Raw:1.0104241096782938e-05,2.122547334954209e-06,1.987322000788117e-05,0.499281670416237,6.9352965502823754e-09,0.4992816704162441,2.632051939880745e-09,0.0014041591461476227,9.805874310262393e-08,2.9238684013396637e-07
EFT:1.0104241096782794e-05,2.122547334954209e-06,1.987322000788117e-05,0.499281670416237,6.935296550282277e-09,0.4992816704162441,2.6320519398807075e-09,0.0014041591461476227,9.805874310262393e-08,2.9238684013396224e-07
Random9146
Raw:1.0104241096782867e-05,2.122547334954224e-06,1.9873220007881028e-05,0.49928167041624055,6.935296550282326e-09,0.49928167041624055,2.6320519398807265e-09,0.0014041591461476128,9.805874310262462e-08,2.923868401339643e-07
EFT:1.0104241096782794e-05,2.122547334954209e-06,1.987322000788117e-05,0.499281670416237,6.935296550282277e-09,0.4992816704162441,2.6320519398807075e-09,0.0014041591461476227,9.805874310262393e-08,2.9238684013396224e-07
Random9147
Raw:1.0104241096782938e-05,2.122547334954209e-06,1.987322000788117e-05,0.499281670416237,6.9352965502823754e-09,0.4992816704162441,2.632051939880745e-09,0.0014041591461476227,9.805874310262532e-08,2.9238684013396637e-07
EFT:1.0104241096782794e-05,2.122547334954209e-06,1.987322000788117e-05,0.499281670416237,6.935296550282277e-09,0.4992816704162441,2.6320519398807075e-09,0.0014041591461476227,9.805874310262393e-08,2.9238684013396224e-07
Random9148
Raw:1.0104241096783009e-05,2.122547334954224e-06,1.987322000788131e-05,0.49928167041623345,6.935296550282327e-09,0.49928167041624766,2.6320519398807638e-09,0.0014041591461476327,9.805874310262601e-08,2.9238684013396436e-07
EFT:1.0104241096782794e-05,2.122547334954209e-06,1.987322000788117e-05,0.499281670416237,6.935296550282277e-09,0.4992816704162441,2.6320519398807075e-09,0.0014041591461476227,9.805874310262393e-08,2.9238684013396224e-07
Random9149
Raw:1.0104241096782867e-05,2.122547334954194e-06,1.9873220007881028e-05,0.49928167041624055,6.935296550282326e-09,0.49928167041624055,2.6320519398807265e-09,0.0014041591461476128,9.805874310262323e-08,2.923868401339643e-07
EFT:1.0104241096782794e-05,2.122547334954209e-06,1.987322000788117e-05,0.499281670416237,6.935296550282277e-09,0.4992816704162441,2.6320519398807075e-09,0.0014041591461476227,9.805874310262393e-08,2.9238684013396224e-07
Random9150
Raw:1.0104241096782938e-05,2.122547334954209e-06,1.987322000788117e-05,0.499281670416237,6.9352965502823754e-09,0.4992816704162441,2.6320519398807824e-09,0.0014041591461476227,9.805874310262532e-08,2.9238684013396637e-07
EFT:1.0104241096782794e-05,2.122547334954209e-06,1.987322000788117e-05,0.499281670416237,6.935296550282277e-09,0.4992816704162441,2.6320519398807075e-09,0.0014041591461476227,9.805874310262393e-08,2.9238684013396224e-07
Random9151
Raw:1.0104241096782938e-05,2.122547334954209e-06,1.987322000788117e-05,0.499281670416237,6.9352965502823754e-09,0.4992816704162441,2.632051939880745e-09,0.0014041591461476227,9.805874310262532e-08,2.9238684013396637e-07
EFT:1.0104241096782794e-05,2.122547334954209e-06,1.987322000788117e-05,0.499281670416237,6.935296550282277e-09,0.4992816704162441,2.6320519398807075e-09,0.0014041591461476227,9.805874310262393e-08,2.9238684013396224e-07
Random9152
Raw:1.0104241096783009e-05,2.122547334954194e-06,1.9873220007881028e-05,0.49928167041623345,6.935296550282327e-09,0.49928167041624766,2.6320519398807638e-09,0.0014041591461476126,9.805874310262601e-08,2.9238684013396436e-07
EFT:1.0104241096782794e-05,2.122547334954209e-06,1.987322000788117e-05,0.499281670416237,6.935296550282277e-09,0.4992816704162441,2.6320519398807075e-09,0.0014041591461476227,9.805874310262393e-08,2.9238684013396224e-07
Random9153
Raw:1.0104241096782794e-05,2.122547334954209e-06,1.987322000788117e-05,0.499281670416237,6.9352965502821786e-09,0.4992816704162441,2.6320519398807075e-09,0.0014041591461476227,9.805874310262393e-08,2.9238684013396224e-07
EFT:1.0104241096782794e-05,2.122547334954209e-06,1.987322000788117e-05,0.499281670416237,6.935296550282277e-09,0.4992816704162441,2.6320519398807075e-09,0.0014041591461476227,9.805874310262393e-08,2.9238684013396224e-07
Random9154
Raw:1.0104241096782938e-05,2.122547334954209e-06,1.987322000788117e-05,0.499281670416237,6.9352965502823754e-09,0.4992816704162441,2.6320519398807824e-09,0.0014041591461476026,9.805874310262393e-08,2.9238684013396637e-07
EFT:1.0104241096782794e-05,2.122547334954209e-06,1.987322000788117e-05,0.499281670416237,6.935296550282277e-09,0.4992816704162441,2.6320519398807075e-09,0.0014041591461476227,9.805874310262393e-08,2.9238684013396224e-07
Random9155
Raw:1.0104241096782938e-05,2.122547334954239e-06,1.987322000788145e-05,0.499281670416237,6.9352965502823754e-09,0.4992816704162441,2.632051939880745e-09,0.0014041591461476227,9.805874310262532e-08,2.9238684013396637e-07
EFT:1.0104241096782794e-05,2.122547334954209e-06,1.987322000788117e-05,0.499281670416237,6.935296550282277e-09,0.4992816704162441,2.6320519398807075e-09,0.0014041591461476227,9.805874310262393e-08,2.9238684013396224e-07
Random9156
Raw:1.0104241096782867e-05,2.122547334954224e-06,1.9873220007881028e-05,0.49928167041624055,6.935296550282326e-09,0.49928167041624055,2.6320519398807265e-09,0.0014041591461476327,9.805874310262323e-08,2.923868401339643e-07
EFT:1.0104241096782794e-05,2.122547334954209e-06,1.987322000788117e-05,0.499281670416237,6.935296550282277e-09,0.4992816704162441,2.6320519398807075e-09,0.0014041591461476227,9.805874310262393e-08,2.9238684013396224e-07
Random9157
Raw:1.0104241096782865e-05,2.122547334954194e-06,1.9873220007881028e-05,0.49928167041623345,6.935296550282228e-09,0.49928167041624766,2.632051939880726e-09,0.0014041591461476327,9.805874310262184e-08,2.923868401339602e-07
EFT:1.0104241096782794e-05,2.122547334954209e-06,1.987322000788117e-05,0.499281670416237,6.935296550282277e-09,0.4992816704162441,2.6320519398807075e-09,0.0014041591461476227,9.805874310262393e-08,2.9238684013396224e-07
Random9158
Raw:1.0104241096782794e-05,2.122547334954209e-06,1.987322000788117e-05,0.499281670416237,6.935296550282277e-09,0.4992816704162441,2.6320519398807075e-09,0.0014041591461476026,9.805874310262393e-08,2.9238684013396224e-07
EFT:1.0104241096782794e-05,2.122547334954209e-06,1.987322000788117e-05,0.499281670416237,6.935296550282277e-09,0.4992816704162441,2.6320519398807075e-09,0.0014041591461476227,9.805874310262393e-08,2.9238684013396224e-07
Random9159
Raw:1.0104241096782867e-05,2.122547334954224e-06,1.987322000788131e-05,0.49928167041624055,6.935296550282326e-09,0.49928167041624055,2.6320519398807265e-09,0.0014041591461476128,9.805874310262462e-08,2.923868401339643e-07
EFT:1.0104241096782794e-05,2.122547334954209e-06,1.987322000788117e-05,0.499281670416237,6.935296550282277e-09,0.4992816704162441,2.6320519398807075e-09,0.0014041591461476227,9.805874310262393e-08,2.9238684013396224e-07
Random9160
Raw:1.0104241096782867e-05,2.122547334954194e-06,1.9873220007881028e-05,0.49928167041624055,6.935296550282228e-09,0.49928167041624055,2.632051939880689e-09,0.0014041591461476128,9.805874310262462e-08,2.923868401339602e-07
EFT:1.0104241096782794e-05,2.122547334954209e-06,1.987322000788117e-05,0.499281670416237,6.935296550282277e-09,0.4992816704162441,2.6320519398807075e-09,0.0014041591461476227,9.805874310262393e-08,2.9238684013396224e-07
Random9161
Raw:1.0104241096782867e-05,2.122547334954224e-06,1.9873220007881028e-05,0.49928167041624055,6.935296550282326e-09,0.49928167041624055,2.6320519398807265e-09,0.0014041591461476128,9.805874310262462e-08,2.923868401339643e-07
EFT:1.0104241096782794e-05,2.122547334954209e-06,1.987322000788117e-05,0.499281670416237,6.935296550282277e-09,0.4992816704162441,2.6320519398807075e-09,0.0014041591461476227,9.805874310262393e-08,2.9238684013396224e-07
Random9162
Raw:1.0104241096782723e-05,2.122547334954194e-06,1.9873220007881028e-05,0.49928167041624055,6.935296550282228e-09,0.49928167041624055,2.6320519398806513e-09,0.0014041591461476327,9.805874310262323e-08,2.923868401339602e-07
EFT:1.0104241096782794e-05,2.122547334954209e-06,1.987322000788117e-05,0.499281670416237,6.935296550282277e-09,0.4992816704162441,2.6320519398807075e-09,0.0014041591461476227,9.805874310262393e-08,2.9238684013396224e-07
Random9163
Raw:1.0104241096782794e-05,2.122547334954209e-06,1.987322000788117e-05,0.499281670416237,6.9352965502821786e-09,0.4992816704162441,2.6320519398807075e-09,0.0014041591461476227,9.805874310262393e-08,2.9238684013396224e-07
EFT:1.0104241096782794e-05,2.122547334954209e-06,1.987322000788117e-05,0.499281670416237,6.935296550282277e-09,0.4992816704162441,2.6320519398807075e-09,0.0014041591461476227,9.805874310262393e-08,2.9238684013396224e-07
Random9164
Raw:1.0104241096782865e-05,2.122547334954194e-06,1.9873220007880747e-05,0.49928167041623345,6.935296550282228e-09,0.49928167041624766,2.632051939880726e-09,0.0014041591461476126,9.805874310262462e-08,2.923868401339602e-07
EFT:1.0104241096782794e-05,2.122547334954209e-06,1.987322000788117e-05,0.499281670416237,6.935296550282277e-09,0.4992816704162441,2.6320519398807075e-09,0.0014041591461476227,9.805874310262393e-08,2.9238684013396224e-07
Random9165
Raw:1.0104241096782794e-05,2.122547334954209e-06,1.987322000788117e-05,0.499281670416237,6.935296550282277e-09,0.4992816704162441,2.632051939880745e-09,0.0014041591461476227,9.805874310262254e-08,2.9238684013396224e-07
EFT:1.0104241096782794e-05,2.122547334954209e-06,1.987322000788117e-05,0.499281670416237,6.935296550282277e-09,0.4992816704162441,2.6320519398807075e-09,0.0014041591461476227,9.805874310262393e-08,2.9238684013396224e-07
Random9166
Raw:1.0104241096782865e-05,2.122547334954194e-06,1.9873220007881028e-05,0.49928167041623345,6.935296550282327e-09,0.49928167041624766,2.632051939880726e-09,0.0014041591461476126,9.805874310262462e-08,2.9238684013396436e-07
EFT:1.0104241096782794e-05,2.122547334954209e-06,1.987322000788117e-05,0.499281670416237,6.935296550282277e-09,0.4992816704162441,2.6320519398807075e-09,0.0014041591461476227,9.805874310262393e-08,2.9238684013396224e-07
Random9167
Raw:1.0104241096782867e-05,2.122547334954224e-06,1.987322000788131e-05,0.49928167041624055,6.935296550282326e-09,0.49928167041624055,2.6320519398807265e-09,0.0014041591461476327,9.805874310262323e-08,2.923868401339643e-07
EFT:1.0104241096782794e-05,2.122547334954209e-06,1.987322000788117e-05,0.499281670416237,6.935296550282277e-09,0.4992816704162441,2.6320519398807075e-09,0.0014041591461476227,9.805874310262393e-08,2.9238684013396224e-07
Random9168
Raw:1.0104241096782723e-05,2.122547334954194e-06,1.9873220007881028e-05,0.49928167041624055,6.935296550282228e-09,0.49928167041624055,2.632051939880689e-09,0.0014041591461476128,9.805874310262184e-08,2.923868401339602e-07
EFT:1.0104241096782794e-05,2.122547334954209e-06,1.987322000788117e-05,0.499281670416237,6.935296550282277e-09,0.4992816704162441,2.6320519398807075e-09,0.0014041591461476227,9.805874310262393e-08,2.9238684013396224e-07
Random9169
Raw:1.0104241096783009e-05,2.122547334954224e-06,1.987322000788131e-05,0.49928167041623345,6.935296550282327e-09,0.49928167041624766,2.6320519398807638e-09,0.0014041591461476327,9.805874310262462e-08,2.923868401339685e-07
EFT:1.0104241096782794e-05,2.122547334954209e-06,1.987322000788117e-05,0.499281670416237,6.935296550282277e-09,0.4992816704162441,2.6320519398807075e-09,0.0014041591461476227,9.805874310262393e-08,2.9238684013396224e-07
Random9170
Raw:1.0104241096782938e-05,2.122547334954209e-06,1.9873220007880885e-05,0.499281670416237,6.935296550282277e-09,0.4992816704162441,2.632051939880745e-09,0.0014041591461476227,9.805874310262393e-08,2.9238684013396224e-07
EFT:1.0104241096782794e-05,2.122547334954209e-06,1.987322000788117e-05,0.499281670416237,6.935296550282277e-09,0.4992816704162441,2.6320519398807075e-09,0.0014041591461476227,9.805874310262393e-08,2.9238684013396224e-07
Random9171
Raw:1.0104241096782938e-05,2.1225473349541788e-06,1.9873220007880885e-05,0.499281670416237,6.935296550282277e-09,0.4992816704162441,2.632051939880745e-09,0.0014041591461476026,9.805874310262532e-08,2.9238684013396224e-07
EFT:1.0104241096782794e-05,2.122547334954209e-06,1.987322000788117e-05,0.499281670416237,6.935296550282277e-09,0.4992816704162441,2.6320519398807075e-09,0.0014041591461476227,9.805874310262393e-08,2.9238684013396224e-07
Random9172
Raw:1.0104241096782938e-05,2.122547334954209e-06,1.987322000788117e-05,0.499281670416237,6.935296550282277e-09,0.4992816704162441,2.632051939880745e-09,0.0014041591461476427,9.805874310262393e-08,2.9238684013396224e-07
EFT:1.0104241096782794e-05,2.122547334954209e-06,1.987322000788117e-05,0.499281670416237,6.935296550282277e-09,0.4992816704162441,2.6320519398807075e-09,0.0014041591461476227,9.805874310262393e-08,2.9238684013396224e-07
Random9173
Raw:1.0104241096782938e-05,2.122547334954209e-06,1.987322000788117e-05,0.499281670416237,6.9352965502823754e-09,0.4992816704162441,2.632051939880745e-09,0.0014041591461476227,9.805874310262393e-08,2.9238684013396637e-07
EFT:1.0104241096782794e-05,2.122547334954209e-06,1.987322000788117e-05,0.499281670416237,6.935296550282277e-09,0.4992816704162441,2.6320519398807075e-09,0.0014041591461476227,9.805874310262393e-08,2.9238684013396224e-07
Random9174
Raw:1.0104241096782867e-05,2.122547334954224e-06,1.987322000788131e-05,0.49928167041624055,6.935296550282326e-09,0.49928167041624055,2.6320519398807265e-09,0.0014041591461476327,9.805874310262462e-08,2.923868401339643e-07
EFT:1.0104241096782794e-05,2.122547334954209e-06,1.987322000788117e-05,0.499281670416237,6.935296550282277e-09,0.4992816704162441,2.6320519398807075e-09,0.0014041591461476227,9.805874310262393e-08,2.9238684013396224e-07
Random9175
Raw:1.0104241096782938e-05,2.122547334954239e-06,1.987322000788117e-05,0.499281670416237,6.9352965502823754e-09,0.4992816704162441,2.6320519398807824e-09,0.0014041591461476227,9.805874310262532e-08,2.9238684013396637e-07
EFT:1.0104241096782794e-05,2.122547334954209e-06,1.987322000788117e-05,0.499281670416237,6.935296550282277e-09,0.4992816704162441,2.6320519398807075e-09,0.0014041591461476227,9.805874310262393e-08,2.9238684013396224e-07
Random9176
Raw:1.0104241096782938e-05,2.122547334954209e-06,1.987322000788117e-05,0.499281670416237,6.935296550282277e-09,0.4992816704162441,2.632051939880745e-09,0.0014041591461476227,9.805874310262532e-08,2.9238684013396224e-07
EFT:1.0104241096782794e-05,2.122547334954209e-06,1.987322000788117e-05,0.499281670416237,6.935296550282277e-09,0.4992816704162441,2.6320519398807075e-09,0.0014041591461476227,9.805874310262393e-08,2.9238684013396224e-07
Random9177
Raw:1.0104241096782867e-05,2.122547334954224e-06,1.987322000788131e-05,0.49928167041624055,6.935296550282326e-09,0.49928167041624055,2.6320519398807265e-09,0.0014041591461476128,9.805874310262462e-08,2.923868401339643e-07
EFT:1.0104241096782794e-05,2.122547334954209e-06,1.987322000788117e-05,0.499281670416237,6.935296550282277e-09,0.4992816704162441,2.6320519398807075e-09,0.0014041591461476227,9.805874310262393e-08,2.9238684013396224e-07
Random9178
Raw:1.0104241096782867e-05,2.122547334954194e-06,1.9873220007881028e-05,0.49928167041624055,6.935296550282326e-09,0.49928167041624055,2.6320519398807265e-09,0.0014041591461476128,9.805874310262323e-08,2.923868401339643e-07
EFT:1.0104241096782794e-05,2.122547334954209e-06,1.987322000788117e-05,0.499281670416237,6.935296550282277e-09,0.4992816704162441,2.6320519398807075e-09,0.0014041591461476227,9.805874310262393e-08,2.9238684013396224e-07
Random9179
Raw:1.0104241096782867e-05,2.122547334954224e-06,1.987322000788131e-05,0.49928167041624055,6.935296550282228e-09,0.49928167041624055,2.632051939880689e-09,0.0014041591461476327,9.805874310262323e-08,2.923868401339643e-07
EFT:1.0104241096782794e-05,2.122547334954209e-06,1.987322000788117e-05,0.499281670416237,6.935296550282277e-09,0.4992816704162441,2.6320519398807075e-09,0.0014041591461476227,9.805874310262393e-08,2.9238684013396224e-07
Random9180
Raw:1.0104241096783009e-05,2.122547334954224e-06,1.987322000788131e-05,0.49928167041623345,6.935296550282424e-09,0.49928167041624766,2.6320519398807638e-09,0.0014041591461476327,9.805874310262601e-08,2.923868401339685e-07
EFT:1.0104241096782794e-05,2.122547334954209e-06,1.987322000788117e-05,0.499281670416237,6.935296550282277e-09,0.4992816704162441,2.6320519398807075e-09,0.0014041591461476227,9.805874310262393e-08,2.9238684013396224e-07
Random9181
Raw:1.0104241096782938e-05,2.122547334954239e-06,1.987322000788117e-05,0.499281670416237,6.9352965502823754e-09,0.4992816704162441,2.6320519398807824e-09,0.0014041591461476227,9.805874310262532e-08,2.9238684013396637e-07
EFT:1.0104241096782794e-05,2.122547334954209e-06,1.987322000788117e-05,0.499281670416237,6.935296550282277e-09,0.4992816704162441,2.6320519398807075e-09,0.0014041591461476227,9.805874310262393e-08,2.9238684013396224e-07
Random9182
Raw:1.0104241096782938e-05,2.1225473349541788e-06,1.9873220007880885e-05,0.499281670416237,6.935296550282277e-09,0.4992816704162441,2.632051939880745e-09,0.0014041591461476026,9.805874310262532e-08,2.9238684013396224e-07
EFT:1.0104241096782794e-05,2.122547334954209e-06,1.987322000788117e-05,0.499281670416237,6.935296550282277e-09,0.4992816704162441,2.6320519398807075e-09,0.0014041591461476227,9.805874310262393e-08,2.9238684013396224e-07
Random9183
Raw:1.0104241096782938e-05,2.122547334954209e-06,1.987322000788117e-05,0.499281670416237,6.9352965502823754e-09,0.4992816704162441,2.632051939880745e-09,0.0014041591461476227,9.805874310262532e-08,2.9238684013396637e-07
EFT:1.0104241096782794e-05,2.122547334954209e-06,1.987322000788117e-05,0.499281670416237,6.935296550282277e-09,0.4992816704162441,2.6320519398807075e-09,0.0014041591461476227,9.805874310262393e-08,2.9238684013396224e-07
Random9184
Raw:1.0104241096783009e-05,2.122547334954224e-06,1.987322000788131e-05,0.49928167041623345,6.935296550282327e-09,0.49928167041624766,2.6320519398807638e-09,0.0014041591461476327,9.805874310262462e-08,2.923868401339685e-07
EFT:1.0104241096782794e-05,2.122547334954209e-06,1.987322000788117e-05,0.499281670416237,6.935296550282277e-09,0.4992816704162441,2.6320519398807075e-09,0.0014041591461476227,9.805874310262393e-08,2.9238684013396224e-07
Random9185
Raw:1.0104241096782867e-05,2.122547334954224e-06,1.987322000788131e-05,0.49928167041624055,6.935296550282326e-09,0.49928167041624055,2.6320519398807265e-09,0.0014041591461476327,9.805874310262462e-08,2.923868401339643e-07
EFT:1.0104241096782794e-05,2.122547334954209e-06,1.987322000788117e-05,0.499281670416237,6.935296550282277e-09,0.4992816704162441,2.6320519398807075e-09,0.0014041591461476227,9.805874310262393e-08,2.9238684013396224e-07
Random9186
Raw:1.0104241096783009e-05,2.122547334954194e-06,1.9873220007881028e-05,0.49928167041623345,6.935296550282327e-09,0.49928167041624766,2.6320519398807638e-09,0.0014041591461476327,9.805874310262462e-08,2.9238684013396436e-07
EFT:1.0104241096782794e-05,2.122547334954209e-06,1.987322000788117e-05,0.499281670416237,6.935296550282277e-09,0.4992816704162441,2.6320519398807075e-09,0.0014041591461476227,9.805874310262393e-08,2.9238684013396224e-07
Random9187
Raw:1.0104241096782794e-05,2.122547334954209e-06,1.987322000788117e-05,0.499281670416237,6.9352965502821786e-09,0.4992816704162441,2.6320519398807075e-09,0.0014041591461476227,9.805874310262393e-08,2.9238684013396224e-07
EFT:1.0104241096782794e-05,2.122547334954209e-06,1.987322000788117e-05,0.499281670416237,6.935296550282277e-09,0.4992816704162441,2.6320519398807075e-09,0.0014041591461476227,9.805874310262393e-08,2.9238684013396224e-07
Random9188
Raw:1.0104241096782867e-05,2.1225473349542546e-06,1.987322000788131e-05,0.49928167041624055,6.935296550282326e-09,0.49928167041624055,2.6320519398807638e-09,0.0014041591461476327,9.805874310262462e-08,2.923868401339643e-07
EFT:1.0104241096782794e-05,2.122547334954209e-06,1.987322000788117e-05,0.499281670416237,6.935296550282277e-09,0.4992816704162441,2.6320519398807075e-09,0.0014041591461476227,9.805874310262393e-08,2.9238684013396224e-07
Random9189
Raw:1.0104241096782867e-05,2.122547334954224e-06,1.987322000788131e-05,0.49928167041624055,6.935296550282326e-09,0.49928167041624055,2.6320519398807265e-09,0.0014041591461476327,9.805874310262323e-08,2.923868401339643e-07
EFT:1.0104241096782794e-05,2.122547334954209e-06,1.987322000788117e-05,0.499281670416237,6.935296550282277e-09,0.4992816704162441,2.6320519398807075e-09,0.0014041591461476227,9.805874310262393e-08,2.9238684013396224e-07
Random9190
Raw:1.0104241096782938e-05,2.122547334954209e-06,1.987322000788117e-05,0.499281670416237,6.9352965502823754e-09,0.4992816704162441,2.632051939880745e-09,0.0014041591461476227,9.805874310262532e-08,2.9238684013396637e-07
EFT:1.0104241096782794e-05,2.122547334954209e-06,1.987322000788117e-05,0.499281670416237,6.935296550282277e-09,0.4992816704162441,2.6320519398807075e-09,0.0014041591461476227,9.805874310262393e-08,2.9238684013396224e-07
Random9191
Raw:1.0104241096782794e-05,2.122547334954209e-06,1.9873220007880885e-05,0.499281670416237,6.935296550282277e-09,0.4992816704162441,2.632051939880745e-09,0.0014041591461476227,9.805874310262254e-08,2.9238684013396224e-07
EFT:1.0104241096782794e-05,2.122547334954209e-06,1.987322000788117e-05,0.499281670416237,6.935296550282277e-09,0.4992816704162441,2.6320519398807075e-09,0.0014041591461476227,9.805874310262393e-08,2.9238684013396224e-07
Random9192
Raw:1.0104241096782867e-05,2.122547334954224e-06,1.9873220007881028e-05,0.49928167041624055,6.935296550282326e-09,0.49928167041624055,2.6320519398807638e-09,0.0014041591461476128,9.805874310262462e-08,2.923868401339643e-07
EFT:1.0104241096782794e-05,2.122547334954209e-06,1.987322000788117e-05,0.499281670416237,6.935296550282277e-09,0.4992816704162441,2.6320519398807075e-09,0.0014041591461476227,9.805874310262393e-08,2.9238684013396224e-07
Random9193
Raw:1.0104241096782938e-05,2.122547334954209e-06,1.987322000788117e-05,0.499281670416237,6.9352965502823754e-09,0.4992816704162441,2.632051939880745e-09,0.0014041591461476227,9.805874310262532e-08,2.9238684013396637e-07
EFT:1.0104241096782794e-05,2.122547334954209e-06,1.987322000788117e-05,0.499281670416237,6.935296550282277e-09,0.4992816704162441,2.6320519398807075e-09,0.0014041591461476227,9.805874310262393e-08,2.9238684013396224e-07
Random9194
Raw:1.0104241096782938e-05,2.122547334954209e-06,1.987322000788117e-05,0.499281670416237,6.9352965502823754e-09,0.4992816704162441,2.632051939880745e-09,0.0014041591461476227,9.805874310262672e-08,2.9238684013396637e-07
EFT:1.0104241096782794e-05,2.122547334954209e-06,1.987322000788117e-05,0.499281670416237,6.935296550282277e-09,0.4992816704162441,2.6320519398807075e-09,0.0014041591461476227,9.805874310262393e-08,2.9238684013396224e-07
Random9195
Raw:1.0104241096783009e-05,2.122547334954194e-06,1.9873220007881028e-05,0.49928167041623345,6.935296550282327e-09,0.49928167041624766,2.6320519398807638e-09,0.0014041591461476327,9.805874310262462e-08,2.9238684013396436e-07
EFT:1.0104241096782794e-05,2.122547334954209e-06,1.987322000788117e-05,0.499281670416237,6.935296550282277e-09,0.4992816704162441,2.6320519398807075e-09,0.0014041591461476227,9.805874310262393e-08,2.9238684013396224e-07
Random9196
Raw:1.0104241096782794e-05,2.122547334954209e-06,1.987322000788117e-05,0.499281670416237,6.935296550282277e-09,0.4992816704162441,2.632051939880745e-09,0.0014041591461476227,9.805874310262254e-08,2.9238684013396224e-07
EFT:1.0104241096782794e-05,2.122547334954209e-06,1.987322000788117e-05,0.499281670416237,6.935296550282277e-09,0.4992816704162441,2.6320519398807075e-09,0.0014041591461476227,9.805874310262393e-08,2.9238684013396224e-07
Random9197
Raw:1.0104241096782938e-05,2.122547334954239e-06,1.987322000788145e-05,0.499281670416237,6.935296550282277e-09,0.4992816704162441,2.632051939880745e-09,0.0014041591461476427,9.805874310262393e-08,2.9238684013396637e-07
EFT:1.0104241096782794e-05,2.122547334954209e-06,1.987322000788117e-05,0.499281670416237,6.935296550282277e-09,0.4992816704162441,2.6320519398807075e-09,0.0014041591461476227,9.805874310262393e-08,2.9238684013396224e-07
Random9198
Raw:1.0104241096782865e-05,2.122547334954194e-06,1.9873220007881028e-05,0.49928167041623345,6.935296550282327e-09,0.49928167041624766,2.6320519398807638e-09,0.0014041591461476126,9.805874310262324e-08,2.9238684013396436e-07
EFT:1.0104241096782794e-05,2.122547334954209e-06,1.987322000788117e-05,0.499281670416237,6.935296550282277e-09,0.4992816704162441,2.6320519398807075e-09,0.0014041591461476227,9.805874310262393e-08,2.9238684013396224e-07
Random9199
Raw:1.0104241096782794e-05,2.122547334954209e-06,1.987322000788117e-05,0.499281670416237,6.935296550282277e-09,0.4992816704162441,2.6320519398807075e-09,0.0014041591461476026,9.805874310262393e-08,2.9238684013396224e-07
EFT:1.0104241096782794e-05,2.122547334954209e-06,1.987322000788117e-05,0.499281670416237,6.935296550282277e-09,0.4992816704162441,2.6320519398807075e-09,0.0014041591461476227,9.805874310262393e-08,2.9238684013396224e-07
Random9200
Raw:1.0104241096782938e-05,2.122547334954209e-06,1.9873220007880885e-05,0.499281670416237,6.935296550282277e-09,0.4992816704162441,2.632051939880745e-09,0.0014041591461476227,9.805874310262532e-08,2.9238684013396224e-07
EFT:1.0104241096782794e-05,2.122547334954209e-06,1.987322000788117e-05,0.499281670416237,6.935296550282277e-09,0.4992816704162441,2.6320519398807075e-09,0.0014041591461476227,9.805874310262393e-08,2.9238684013396224e-07
Random9201
Raw:1.0104241096782938e-05,2.122547334954209e-06,1.987322000788117e-05,0.499281670416237,6.9352965502823754e-09,0.4992816704162441,2.632051939880745e-09,0.0014041591461476227,9.805874310262532e-08,2.9238684013396637e-07
EFT:1.0104241096782794e-05,2.122547334954209e-06,1.987322000788117e-05,0.499281670416237,6.935296550282277e-09,0.4992816704162441,2.6320519398807075e-09,0.0014041591461476227,9.805874310262393e-08,2.9238684013396224e-07
Random9202
Raw:1.0104241096782938e-05,2.122547334954209e-06,1.9873220007880885e-05,0.499281670416237,6.935296550282277e-09,0.4992816704162441,2.632051939880745e-09,0.0014041591461476227,9.805874310262393e-08,2.9238684013396224e-07
EFT:1.0104241096782794e-05,2.122547334954209e-06,1.987322000788117e-05,0.499281670416237,6.935296550282277e-09,0.4992816704162441,2.6320519398807075e-09,0.0014041591461476227,9.805874310262393e-08,2.9238684013396224e-07
Random9203
Raw:1.0104241096782867e-05,2.1225473349542546e-06,1.987322000788131e-05,0.49928167041624055,6.935296550282326e-09,0.49928167041624055,2.6320519398807638e-09,0.0014041591461476128,9.805874310262462e-08,2.923868401339643e-07
EFT:1.0104241096782794e-05,2.122547334954209e-06,1.987322000788117e-05,0.499281670416237,6.935296550282277e-09,0.4992816704162441,2.6320519398807075e-09,0.0014041591461476227,9.805874310262393e-08,2.9238684013396224e-07
Random9204
Raw:1.0104241096782938e-05,2.122547334954209e-06,1.987322000788117e-05,0.499281670416237,6.9352965502823754e-09,0.4992816704162441,2.6320519398807824e-09,0.0014041591461476227,9.805874310262532e-08,2.9238684013396637e-07
EFT:1.0104241096782794e-05,2.122547334954209e-06,1.987322000788117e-05,0.499281670416237,6.935296550282277e-09,0.4992816704162441,2.6320519398807075e-09,0.0014041591461476227,9.805874310262393e-08,2.9238684013396224e-07
Random9205
Raw:1.0104241096782938e-05,2.122547334954239e-06,1.987322000788117e-05,0.499281670416237,6.935296550282277e-09,0.4992816704162441,2.632051939880745e-09,0.0014041591461476427,9.805874310262393e-08,2.9238684013396637e-07
EFT:1.0104241096782794e-05,2.122547334954209e-06,1.987322000788117e-05,0.499281670416237,6.935296550282277e-09,0.4992816704162441,2.6320519398807075e-09,0.0014041591461476227,9.805874310262393e-08,2.9238684013396224e-07
Random9206
Raw:1.0104241096782794e-05,2.122547334954209e-06,1.987322000788117e-05,0.4992816704162441,6.935296550282277e-09,0.499281670416237,2.63205193988067e-09,0.0014041591461476227,9.805874310262393e-08,2.9238684013396224e-07
EFT:1.0104241096782794e-05,2.122547334954209e-06,1.987322000788117e-05,0.499281670416237,6.935296550282277e-09,0.4992816704162441,2.6320519398807075e-09,0.0014041591461476227,9.805874310262393e-08,2.9238684013396224e-07
Random9207
Raw:1.0104241096782938e-05,2.122547334954209e-06,1.987322000788117e-05,0.499281670416237,6.9352965502823754e-09,0.4992816704162441,2.632051939880745e-09,0.0014041591461476227,9.805874310262393e-08,2.9238684013396637e-07
EFT:1.0104241096782794e-05,2.122547334954209e-06,1.987322000788117e-05,0.499281670416237,6.935296550282277e-09,0.4992816704162441,2.6320519398807075e-09,0.0014041591461476227,9.805874310262393e-08,2.9238684013396224e-07
Random9208
Raw:1.0104241096783009e-05,2.122547334954224e-06,1.987322000788131e-05,0.49928167041623345,6.935296550282327e-09,0.49928167041624766,2.6320519398807638e-09,0.0014041591461476327,9.805874310262462e-08,2.923868401339685e-07
EFT:1.0104241096782794e-05,2.122547334954209e-06,1.987322000788117e-05,0.499281670416237,6.935296550282277e-09,0.4992816704162441,2.6320519398807075e-09,0.0014041591461476227,9.805874310262393e-08,2.9238684013396224e-07
Random9209
Raw:1.0104241096782938e-05,2.122547334954209e-06,1.987322000788117e-05,0.499281670416237,6.935296550282277e-09,0.4992816704162441,2.632051939880745e-09,0.0014041591461476227,9.805874310262532e-08,2.9238684013396224e-07
EFT:1.0104241096782794e-05,2.122547334954209e-06,1.987322000788117e-05,0.499281670416237,6.935296550282277e-09,0.4992816704162441,2.6320519398807075e-09,0.0014041591461476227,9.805874310262393e-08,2.9238684013396224e-07
Random9210
Raw:1.0104241096782867e-05,2.122547334954224e-06,1.987322000788131e-05,0.49928167041624055,6.935296550282326e-09,0.49928167041624055,2.6320519398807265e-09,0.0014041591461476327,9.805874310262462e-08,2.923868401339643e-07
EFT:1.0104241096782794e-05,2.122547334954209e-06,1.987322000788117e-05,0.499281670416237,6.935296550282277e-09,0.4992816704162441,2.6320519398807075e-09,0.0014041591461476227,9.805874310262393e-08,2.9238684013396224e-07
Random9211
Raw:1.0104241096782938e-05,2.122547334954209e-06,1.987322000788117e-05,0.499281670416237,6.9352965502823754e-09,0.4992816704162441,2.632051939880745e-09,0.0014041591461476227,9.805874310262532e-08,2.9238684013396637e-07
EFT:1.0104241096782794e-05,2.122547334954209e-06,1.987322000788117e-05,0.499281670416237,6.935296550282277e-09,0.4992816704162441,2.6320519398807075e-09,0.0014041591461476227,9.805874310262393e-08,2.9238684013396224e-07
Random9212
Raw:1.0104241096783009e-05,2.122547334954194e-06,1.9873220007881028e-05,0.49928167041623345,6.935296550282327e-09,0.49928167041624766,2.6320519398807638e-09,0.0014041591461476126,9.805874310262601e-08,2.9238684013396436e-07
EFT:1.0104241096782794e-05,2.122547334954209e-06,1.987322000788117e-05,0.499281670416237,6.935296550282277e-09,0.4992816704162441,2.6320519398807075e-09,0.0014041591461476227,9.805874310262393e-08,2.9238684013396224e-07
Random9213
Raw:1.0104241096782867e-05,2.122547334954194e-06,1.9873220007881028e-05,0.49928167041624055,6.935296550282326e-09,0.49928167041624055,2.6320519398807265e-09,0.0014041591461476128,9.805874310262323e-08,2.923868401339643e-07
EFT:1.0104241096782794e-05,2.122547334954209e-06,1.987322000788117e-05,0.499281670416237,6.935296550282277e-09,0.4992816704162441,2.6320519398807075e-09,0.0014041591461476227,9.805874310262393e-08,2.9238684013396224e-07
Random9214
Raw:1.0104241096782938e-05,2.122547334954239e-06,1.987322000788145e-05,0.499281670416237,6.935296550282277e-09,0.4992816704162441,2.632051939880745e-09,0.0014041591461476427,9.805874310262393e-08,2.9238684013396637e-07
EFT:1.0104241096782794e-05,2.122547334954209e-06,1.987322000788117e-05,0.499281670416237,6.935296550282277e-09,0.4992816704162441,2.6320519398807075e-09,0.0014041591461476227,9.805874310262393e-08,2.9238684013396224e-07
Random9215
Raw:1.0104241096782867e-05,2.1225473349542546e-06,1.987322000788131e-05,0.49928167041624055,6.935296550282326e-09,0.49928167041624055,2.6320519398807638e-09,0.0014041591461476128,9.805874310262462e-08,2.923868401339643e-07
EFT:1.0104241096782794e-05,2.122547334954209e-06,1.987322000788117e-05,0.499281670416237,6.935296550282277e-09,0.4992816704162441,2.6320519398807075e-09,0.0014041591461476227,9.805874310262393e-08,2.9238684013396224e-07
Random9216
Raw:1.0104241096782938e-05,2.122547334954239e-06,1.9873220007880885e-05,0.499281670416237,6.935296550282277e-09,0.4992816704162441,2.632051939880745e-09,0.0014041591461476227,9.805874310262532e-08,2.9238684013396224e-07
EFT:1.0104241096782794e-05,2.122547334954209e-06,1.987322000788117e-05,0.499281670416237,6.935296550282277e-09,0.4992816704162441,2.6320519398807075e-09,0.0014041591461476227,9.805874310262393e-08,2.9238684013396224e-07
Random9217
Raw:1.0104241096782867e-05,2.122547334954224e-06,1.987322000788131e-05,0.49928167041624055,6.935296550282326e-09,0.49928167041624055,2.6320519398807265e-09,0.0014041591461476128,9.805874310262462e-08,2.923868401339643e-07
EFT:1.0104241096782794e-05,2.122547334954209e-06,1.987322000788117e-05,0.499281670416237,6.935296550282277e-09,0.4992816704162441,2.6320519398807075e-09,0.0014041591461476227,9.805874310262393e-08,2.9238684013396224e-07
Random9218
Raw:1.0104241096783009e-05,2.122547334954224e-06,1.9873220007881028e-05,0.49928167041623345,6.935296550282327e-09,0.49928167041624766,2.6320519398807638e-09,0.0014041591461476327,9.805874310262601e-08,2.9238684013396436e-07
EFT:1.0104241096782794e-05,2.122547334954209e-06,1.987322000788117e-05,0.499281670416237,6.935296550282277e-09,0.4992816704162441,2.6320519398807075e-09,0.0014041591461476227,9.805874310262393e-08,2.9238684013396224e-07
Random9219
Raw:1.0104241096782938e-05,2.1225473349541788e-06,1.9873220007880885e-05,0.499281670416237,6.935296550282277e-09,0.4992816704162441,2.632051939880745e-09,0.0014041591461476026,9.805874310262532e-08,2.9238684013396224e-07
EFT:1.0104241096782794e-05,2.122547334954209e-06,1.987322000788117e-05,0.499281670416237,6.935296550282277e-09,0.4992816704162441,2.6320519398807075e-09,0.0014041591461476227,9.805874310262393e-08,2.9238684013396224e-07
Random9220
Raw:1.0104241096783009e-05,2.122547334954224e-06,1.987322000788131e-05,0.49928167041623345,6.935296550282327e-09,0.49928167041624766,2.6320519398807638e-09,0.0014041591461476327,9.805874310262462e-08,2.923868401339685e-07
EFT:1.0104241096782794e-05,2.122547334954209e-06,1.987322000788117e-05,0.499281670416237,6.935296550282277e-09,0.4992816704162441,2.6320519398807075e-09,0.0014041591461476227,9.805874310262393e-08,2.9238684013396224e-07
Random9221
Raw:1.0104241096782794e-05,2.122547334954209e-06,1.9873220007880885e-05,0.499281670416237,6.935296550282277e-09,0.4992816704162441,2.6320519398807075e-09,0.0014041591461476026,9.805874310262393e-08,2.9238684013396224e-07
EFT:1.0104241096782794e-05,2.122547334954209e-06,1.987322000788117e-05,0.499281670416237,6.935296550282277e-09,0.4992816704162441,2.6320519398807075e-09,0.0014041591461476227,9.805874310262393e-08,2.9238684013396224e-07
Random9222
Raw:1.0104241096782867e-05,2.122547334954194e-06,1.9873220007881028e-05,0.49928167041624055,6.935296550282228e-09,0.49928167041624055,2.632051939880689e-09,0.0014041591461476327,9.805874310262323e-08,2.923868401339602e-07
EFT:1.0104241096782794e-05,2.122547334954209e-06,1.987322000788117e-05,0.499281670416237,6.935296550282277e-09,0.4992816704162441,2.6320519398807075e-09,0.0014041591461476227,9.805874310262393e-08,2.9238684013396224e-07
Random9223
Raw:1.0104241096782938e-05,2.122547334954239e-06,1.9873220007880885e-05,0.499281670416237,6.935296550282277e-09,0.4992816704162441,2.632051939880745e-09,0.0014041591461476227,9.805874310262532e-08,2.9238684013396224e-07
EFT:1.0104241096782794e-05,2.122547334954209e-06,1.987322000788117e-05,0.499281670416237,6.935296550282277e-09,0.4992816704162441,2.6320519398807075e-09,0.0014041591461476227,9.805874310262393e-08,2.9238684013396224e-07
Random9224
Raw:1.0104241096782938e-05,2.122547334954209e-06,1.987322000788117e-05,0.499281670416237,6.9352965502823754e-09,0.4992816704162441,2.632051939880745e-09,0.0014041591461476227,9.805874310262532e-08,2.9238684013396637e-07
EFT:1.0104241096782794e-05,2.122547334954209e-06,1.987322000788117e-05,0.499281670416237,6.935296550282277e-09,0.4992816704162441,2.6320519398807075e-09,0.0014041591461476227,9.805874310262393e-08,2.9238684013396224e-07
Random9225
Raw:1.0104241096783009e-05,2.122547334954194e-06,1.9873220007881028e-05,0.49928167041623345,6.935296550282327e-09,0.49928167041624766,2.6320519398807638e-09,0.0014041591461476126,9.805874310262601e-08,2.9238684013396436e-07
EFT:1.0104241096782794e-05,2.122547334954209e-06,1.987322000788117e-05,0.499281670416237,6.935296550282277e-09,0.4992816704162441,2.6320519398807075e-09,0.0014041591461476227,9.805874310262393e-08,2.9238684013396224e-07
Random9226
Raw:1.0104241096782794e-05,2.1225473349541788e-06,1.9873220007880885e-05,0.499281670416237,6.935296550282277e-09,0.4992816704162441,2.632051939880745e-09,0.0014041591461476026,9.805874310262254e-08,2.9238684013396224e-07
EFT:1.0104241096782794e-05,2.122547334954209e-06,1.987322000788117e-05,0.499281670416237,6.935296550282277e-09,0.4992816704162441,2.6320519398807075e-09,0.0014041591461476227,9.805874310262393e-08,2.9238684013396224e-07
Random9227
Raw:1.010424109678301e-05,2.122547334954224e-06,1.987322000788131e-05,0.49928167041624055,6.935296550282425e-09,0.49928167041624055,2.6320519398807638e-09,0.0014041591461476327,9.805874310262602e-08,2.923868401339685e-07
EFT:1.0104241096782794e-05,2.122547334954209e-06,1.987322000788117e-05,0.499281670416237,6.935296550282277e-09,0.4992816704162441,2.6320519398807075e-09,0.0014041591461476227,9.805874310262393e-08,2.9238684013396224e-07
Random9228
Raw:1.0104241096782938e-05,2.122547334954209e-06,1.987322000788117e-05,0.499281670416237,6.935296550282277e-09,0.4992816704162441,2.632051939880745e-09,0.0014041591461476227,9.805874310262532e-08,2.9238684013396224e-07
EFT:1.0104241096782794e-05,2.122547334954209e-06,1.987322000788117e-05,0.499281670416237,6.935296550282277e-09,0.4992816704162441,2.6320519398807075e-09,0.0014041591461476227,9.805874310262393e-08,2.9238684013396224e-07
Random9229
Raw:1.0104241096782938e-05,2.122547334954209e-06,1.9873220007880885e-05,0.499281670416237,6.935296550282277e-09,0.4992816704162441,2.632051939880745e-09,0.0014041591461476227,9.805874310262532e-08,2.9238684013396224e-07
EFT:1.0104241096782794e-05,2.122547334954209e-06,1.987322000788117e-05,0.499281670416237,6.935296550282277e-09,0.4992816704162441,2.6320519398807075e-09,0.0014041591461476227,9.805874310262393e-08,2.9238684013396224e-07
Random9230
Raw:1.0104241096782938e-05,2.122547334954239e-06,1.987322000788117e-05,0.4992816704162441,6.9352965502823754e-09,0.499281670416237,2.632051939880745e-09,0.0014041591461476227,9.805874310262532e-08,2.9238684013396637e-07
EFT:1.0104241096782794e-05,2.122547334954209e-06,1.987322000788117e-05,0.499281670416237,6.935296550282277e-09,0.4992816704162441,2.6320519398807075e-09,0.0014041591461476227,9.805874310262393e-08,2.9238684013396224e-07
Random9231
Raw:1.0104241096782938e-05,2.122547334954209e-06,1.987322000788117e-05,0.499281670416237,6.9352965502823754e-09,0.4992816704162441,2.6320519398807824e-09,0.0014041591461476227,9.805874310262532e-08,2.9238684013396637e-07
EFT:1.0104241096782794e-05,2.122547334954209e-06,1.987322000788117e-05,0.499281670416237,6.935296550282277e-09,0.4992816704162441,2.6320519398807075e-09,0.0014041591461476227,9.805874310262393e-08,2.9238684013396224e-07
Random9232
Raw:1.0104241096782938e-05,2.122547334954239e-06,1.987322000788145e-05,0.499281670416237,6.935296550282277e-09,0.4992816704162441,2.632051939880745e-09,0.0014041591461476227,9.805874310262532e-08,2.9238684013396224e-07
EFT:1.0104241096782794e-05,2.122547334954209e-06,1.987322000788117e-05,0.499281670416237,6.935296550282277e-09,0.4992816704162441,2.6320519398807075e-09,0.0014041591461476227,9.805874310262393e-08,2.9238684013396224e-07
Random9233
Raw:1.0104241096782867e-05,2.122547334954224e-06,1.9873220007881028e-05,0.49928167041624055,6.935296550282326e-09,0.49928167041624055,2.6320519398807265e-09,0.0014041591461476327,9.805874310262323e-08,2.923868401339643e-07
EFT:1.0104241096782794e-05,2.122547334954209e-06,1.987322000788117e-05,0.499281670416237,6.935296550282277e-09,0.4992816704162441,2.6320519398807075e-09,0.0014041591461476227,9.805874310262393e-08,2.9238684013396224e-07
Random9234
Raw:1.0104241096782794e-05,2.1225473349541788e-06,1.9873220007880885e-05,0.499281670416237,6.9352965502821786e-09,0.4992816704162441,2.632051939880745e-09,0.0014041591461476026,9.805874310262254e-08,2.9238684013396224e-07
EFT:1.0104241096782794e-05,2.122547334954209e-06,1.987322000788117e-05,0.499281670416237,6.935296550282277e-09,0.4992816704162441,2.6320519398807075e-09,0.0014041591461476227,9.805874310262393e-08,2.9238684013396224e-07
Random9235
Raw:1.0104241096782794e-05,2.122547334954209e-06,1.987322000788117e-05,0.499281670416237,6.935296550282277e-09,0.4992816704162441,2.6320519398807075e-09,0.0014041591461476026,9.805874310262393e-08,2.9238684013396224e-07
EFT:1.0104241096782794e-05,2.122547334954209e-06,1.987322000788117e-05,0.499281670416237,6.935296550282277e-09,0.4992816704162441,2.6320519398807075e-09,0.0014041591461476227,9.805874310262393e-08,2.9238684013396224e-07
Random9236
Raw:1.0104241096783009e-05,2.122547334954194e-06,1.9873220007881028e-05,0.49928167041623345,6.935296550282327e-09,0.49928167041624766,2.6320519398807638e-09,0.0014041591461476327,9.805874310262462e-08,2.9238684013396436e-07
EFT:1.0104241096782794e-05,2.122547334954209e-06,1.987322000788117e-05,0.499281670416237,6.935296550282277e-09,0.4992816704162441,2.6320519398807075e-09,0.0014041591461476227,9.805874310262393e-08,2.9238684013396224e-07
Random9237
Raw:1.0104241096783009e-05,2.122547334954224e-06,1.987322000788131e-05,0.49928167041623345,6.935296550282327e-09,0.49928167041624766,2.6320519398807638e-09,0.0014041591461476327,9.805874310262462e-08,2.923868401339685e-07
EFT:1.0104241096782794e-05,2.122547334954209e-06,1.987322000788117e-05,0.499281670416237,6.935296550282277e-09,0.4992816704162441,2.6320519398807075e-09,0.0014041591461476227,9.805874310262393e-08,2.9238684013396224e-07
Random9238
Raw:1.0104241096783009e-05,2.122547334954224e-06,1.987322000788131e-05,0.49928167041623345,6.935296550282424e-09,0.49928167041624766,2.6320519398807638e-09,0.0014041591461476327,9.805874310262601e-08,2.923868401339685e-07
EFT:1.0104241096782794e-05,2.122547334954209e-06,1.987322000788117e-05,0.499281670416237,6.935296550282277e-09,0.4992816704162441,2.6320519398807075e-09,0.0014041591461476227,9.805874310262393e-08,2.9238684013396224e-07
Random9239
Raw:1.0104241096782867e-05,2.122547334954224e-06,1.987322000788131e-05,0.49928167041624055,6.935296550282326e-09,0.49928167041624055,2.6320519398807265e-09,0.0014041591461476327,9.805874310262462e-08,2.923868401339643e-07
EFT:1.0104241096782794e-05,2.122547334954209e-06,1.987322000788117e-05,0.499281670416237,6.935296550282277e-09,0.4992816704162441,2.6320519398807075e-09,0.0014041591461476227,9.805874310262393e-08,2.9238684013396224e-07
Random9240
Raw:1.0104241096782938e-05,2.122547334954209e-06,1.987322000788117e-05,0.499281670416237,6.9352965502823754e-09,0.4992816704162441,2.632051939880745e-09,0.0014041591461476227,9.805874310262672e-08,2.9238684013396637e-07
EFT:1.0104241096782794e-05,2.122547334954209e-06,1.987322000788117e-05,0.499281670416237,6.935296550282277e-09,0.4992816704162441,2.6320519398807075e-09,0.0014041591461476227,9.805874310262393e-08,2.9238684013396224e-07
Random9241
Raw:1.0104241096782867e-05,2.122547334954194e-06,1.9873220007881028e-05,0.49928167041624055,6.935296550282228e-09,0.49928167041624055,2.632051939880689e-09,0.0014041591461476327,9.805874310262323e-08,2.923868401339602e-07
EFT:1.0104241096782794e-05,2.122547334954209e-06,1.987322000788117e-05,0.499281670416237,6.935296550282277e-09,0.4992816704162441,2.6320519398807075e-09,0.0014041591461476227,9.805874310262393e-08,2.9238684013396224e-07
Random9242
Raw:1.0104241096783009e-05,2.122547334954224e-06,1.9873220007881028e-05,0.49928167041623345,6.935296550282327e-09,0.49928167041624766,2.6320519398807638e-09,0.0014041591461476327,9.805874310262601e-08,2.9238684013396436e-07
EFT:1.0104241096782794e-05,2.122547334954209e-06,1.987322000788117e-05,0.499281670416237,6.935296550282277e-09,0.4992816704162441,2.6320519398807075e-09,0.0014041591461476227,9.805874310262393e-08,2.9238684013396224e-07
Random9243
Raw:1.0104241096783009e-05,2.122547334954224e-06,1.987322000788131e-05,0.49928167041623345,6.935296550282424e-09,0.49928167041624766,2.6320519398807638e-09,0.0014041591461476327,9.805874310262601e-08,2.923868401339685e-07
EFT:1.0104241096782794e-05,2.122547334954209e-06,1.987322000788117e-05,0.499281670416237,6.935296550282277e-09,0.4992816704162441,2.6320519398807075e-09,0.0014041591461476227,9.805874310262393e-08,2.9238684013396224e-07
Random9244
Raw:1.0104241096783009e-05,2.122547334954224e-06,1.987322000788131e-05,0.49928167041623345,6.935296550282327e-09,0.49928167041624766,2.6320519398807638e-09,0.0014041591461476327,9.805874310262601e-08,2.9238684013396436e-07
EFT:1.0104241096782794e-05,2.122547334954209e-06,1.987322000788117e-05,0.499281670416237,6.935296550282277e-09,0.4992816704162441,2.6320519398807075e-09,0.0014041591461476227,9.805874310262393e-08,2.9238684013396224e-07
Random9245
Raw:1.0104241096782938e-05,2.122547334954209e-06,1.987322000788117e-05,0.499281670416237,6.935296550282277e-09,0.4992816704162441,2.632051939880745e-09,0.0014041591461476227,9.805874310262532e-08,2.9238684013396224e-07
EFT:1.0104241096782794e-05,2.122547334954209e-06,1.987322000788117e-05,0.499281670416237,6.935296550282277e-09,0.4992816704162441,2.6320519398807075e-09,0.0014041591461476227,9.805874310262393e-08,2.9238684013396224e-07
Random9246
Raw:1.0104241096782938e-05,2.122547334954209e-06,1.987322000788117e-05,0.499281670416237,6.935296550282277e-09,0.4992816704162441,2.632051939880745e-09,0.0014041591461476227,9.805874310262532e-08,2.9238684013396224e-07
EFT:1.0104241096782794e-05,2.122547334954209e-06,1.987322000788117e-05,0.499281670416237,6.935296550282277e-09,0.4992816704162441,2.6320519398807075e-09,0.0014041591461476227,9.805874310262393e-08,2.9238684013396224e-07
Random9247
Raw:1.0104241096783082e-05,2.122547334954239e-06,1.987322000788145e-05,0.499281670416237,6.935296550282475e-09,0.4992816704162441,2.6320519398807824e-09,0.0014041591461476427,9.805874310262532e-08,2.9238684013396637e-07
EFT:1.0104241096782794e-05,2.122547334954209e-06,1.987322000788117e-05,0.499281670416237,6.935296550282277e-09,0.4992816704162441,2.6320519398807075e-09,0.0014041591461476227,9.805874310262393e-08,2.9238684013396224e-07
Random9248
Raw:1.0104241096782794e-05,2.122547334954209e-06,1.987322000788117e-05,0.499281670416237,6.935296550282277e-09,0.4992816704162441,2.6320519398807075e-09,0.0014041591461476227,9.805874310262393e-08,2.9238684013396224e-07
EFT:1.0104241096782794e-05,2.122547334954209e-06,1.987322000788117e-05,0.499281670416237,6.935296550282277e-09,0.4992816704162441,2.6320519398807075e-09,0.0014041591461476227,9.805874310262393e-08,2.9238684013396224e-07
Random9249
Raw:1.0104241096782938e-05,2.122547334954209e-06,1.987322000788117e-05,0.499281670416237,6.9352965502823754e-09,0.4992816704162441,2.632051939880745e-09,0.0014041591461476227,9.805874310262532e-08,2.9238684013396637e-07
EFT:1.0104241096782794e-05,2.122547334954209e-06,1.987322000788117e-05,0.499281670416237,6.935296550282277e-09,0.4992816704162441,2.6320519398807075e-09,0.0014041591461476227,9.805874310262393e-08,2.9238684013396224e-07
Random9250
Raw:1.0104241096782938e-05,2.122547334954209e-06,1.987322000788117e-05,0.499281670416237,6.9352965502823754e-09,0.4992816704162441,2.632051939880745e-09,0.0014041591461476227,9.805874310262532e-08,2.9238684013396637e-07
EFT:1.0104241096782794e-05,2.122547334954209e-06,1.987322000788117e-05,0.499281670416237,6.935296550282277e-09,0.4992816704162441,2.6320519398807075e-09,0.0014041591461476227,9.805874310262393e-08,2.9238684013396224e-07
Random9251
Raw:1.0104241096782867e-05,2.122547334954224e-06,1.987322000788131e-05,0.49928167041624055,6.935296550282326e-09,0.49928167041624055,2.6320519398807265e-09,0.0014041591461476128,9.805874310262462e-08,2.923868401339643e-07
EFT:1.0104241096782794e-05,2.122547334954209e-06,1.987322000788117e-05,0.499281670416237,6.935296550282277e-09,0.4992816704162441,2.6320519398807075e-09,0.0014041591461476227,9.805874310262393e-08,2.9238684013396224e-07
Random9252
Raw:1.0104241096782794e-05,2.122547334954209e-06,1.987322000788117e-05,0.499281670416237,6.935296550282277e-09,0.4992816704162441,2.6320519398807075e-09,0.0014041591461476227,9.805874310262393e-08,2.9238684013396224e-07
EFT:1.0104241096782794e-05,2.122547334954209e-06,1.987322000788117e-05,0.499281670416237,6.935296550282277e-09,0.4992816704162441,2.6320519398807075e-09,0.0014041591461476227,9.805874310262393e-08,2.9238684013396224e-07
Random9253
Raw:1.0104241096782867e-05,2.122547334954224e-06,1.987322000788131e-05,0.49928167041624055,6.935296550282326e-09,0.49928167041624055,2.6320519398807638e-09,0.0014041591461476128,9.805874310262462e-08,2.923868401339643e-07
EFT:1.0104241096782794e-05,2.122547334954209e-06,1.987322000788117e-05,0.499281670416237,6.935296550282277e-09,0.4992816704162441,2.6320519398807075e-09,0.0014041591461476227,9.805874310262393e-08,2.9238684013396224e-07
Random9254
Raw:1.0104241096782938e-05,2.122547334954209e-06,1.987322000788117e-05,0.499281670416237,6.9352965502823754e-09,0.4992816704162441,2.632051939880745e-09,0.0014041591461476227,9.805874310262393e-08,2.9238684013396637e-07
EFT:1.0104241096782794e-05,2.122547334954209e-06,1.987322000788117e-05,0.499281670416237,6.935296550282277e-09,0.4992816704162441,2.6320519398807075e-09,0.0014041591461476227,9.805874310262393e-08,2.9238684013396224e-07
Random9255
Raw:1.0104241096782867e-05,2.122547334954224e-06,1.987322000788131e-05,0.49928167041624055,6.935296550282326e-09,0.49928167041624055,2.6320519398807265e-09,0.0014041591461476327,9.805874310262323e-08,2.923868401339643e-07
EFT:1.0104241096782794e-05,2.122547334954209e-06,1.987322000788117e-05,0.499281670416237,6.935296550282277e-09,0.4992816704162441,2.6320519398807075e-09,0.0014041591461476227,9.805874310262393e-08,2.9238684013396224e-07
Random9256
Raw:1.0104241096783009e-05,2.122547334954224e-06,1.9873220007881028e-05,0.49928167041623345,6.935296550282327e-09,0.49928167041624766,2.6320519398807638e-09,0.0014041591461476327,9.805874310262601e-08,2.9238684013396436e-07
EFT:1.0104241096782794e-05,2.122547334954209e-06,1.987322000788117e-05,0.499281670416237,6.935296550282277e-09,0.4992816704162441,2.6320519398807075e-09,0.0014041591461476227,9.805874310262393e-08,2.9238684013396224e-07
Random9257
Raw:1.0104241096783009e-05,2.122547334954194e-06,1.9873220007880747e-05,0.49928167041623345,6.935296550282327e-09,0.49928167041624766,2.632051939880801e-09,0.0014041591461476126,9.805874310262462e-08,2.9238684013396436e-07
EFT:1.0104241096782794e-05,2.122547334954209e-06,1.987322000788117e-05,0.499281670416237,6.935296550282277e-09,0.4992816704162441,2.6320519398807075e-09,0.0014041591461476227,9.805874310262393e-08,2.9238684013396224e-07
Random9258
Raw:1.0104241096782794e-05,2.122547334954209e-06,1.987322000788117e-05,0.499281670416237,6.935296550282277e-09,0.4992816704162441,2.632051939880745e-09,0.0014041591461476227,9.805874310262254e-08,2.9238684013396224e-07
EFT:1.0104241096782794e-05,2.122547334954209e-06,1.987322000788117e-05,0.499281670416237,6.935296550282277e-09,0.4992816704162441,2.6320519398807075e-09,0.0014041591461476227,9.805874310262393e-08,2.9238684013396224e-07
Random9259
Raw:1.0104241096782867e-05,2.122547334954224e-06,1.987322000788131e-05,0.49928167041624055,6.935296550282326e-09,0.49928167041624055,2.6320519398807638e-09,0.0014041591461476128,9.805874310262462e-08,2.923868401339643e-07
EFT:1.0104241096782794e-05,2.122547334954209e-06,1.987322000788117e-05,0.499281670416237,6.935296550282277e-09,0.4992816704162441,2.6320519398807075e-09,0.0014041591461476227,9.805874310262393e-08,2.9238684013396224e-07
Random9260
Raw:1.0104241096783009e-05,2.122547334954194e-06,1.9873220007881028e-05,0.49928167041623345,6.935296550282327e-09,0.49928167041624766,2.6320519398807638e-09,0.0014041591461476327,9.805874310262462e-08,2.9238684013396436e-07
EFT:1.0104241096782794e-05,2.122547334954209e-06,1.987322000788117e-05,0.499281670416237,6.935296550282277e-09,0.4992816704162441,2.6320519398807075e-09,0.0014041591461476227,9.805874310262393e-08,2.9238684013396224e-07
Random9261
Raw:1.0104241096782867e-05,2.122547334954224e-06,1.987322000788131e-05,0.49928167041624055,6.935296550282326e-09,0.49928167041624055,2.6320519398807638e-09,0.0014041591461476327,9.805874310262462e-08,2.923868401339643e-07
EFT:1.0104241096782794e-05,2.122547334954209e-06,1.987322000788117e-05,0.499281670416237,6.935296550282277e-09,0.4992816704162441,2.6320519398807075e-09,0.0014041591461476227,9.805874310262393e-08,2.9238684013396224e-07
Random9262
Raw:1.0104241096783009e-05,2.122547334954224e-06,1.987322000788131e-05,0.49928167041623345,6.935296550282327e-09,0.49928167041624766,2.6320519398807638e-09,0.0014041591461476327,9.805874310262601e-08,2.9238684013396436e-07
EFT:1.0104241096782794e-05,2.122547334954209e-06,1.987322000788117e-05,0.499281670416237,6.935296550282277e-09,0.4992816704162441,2.6320519398807075e-09,0.0014041591461476227,9.805874310262393e-08,2.9238684013396224e-07
Random9263
Raw:1.0104241096782938e-05,2.122547334954209e-06,1.987322000788117e-05,0.499281670416237,6.9352965502823754e-09,0.4992816704162441,2.6320519398807824e-09,0.0014041591461476026,9.805874310262393e-08,2.9238684013396637e-07
EFT:1.0104241096782794e-05,2.122547334954209e-06,1.987322000788117e-05,0.499281670416237,6.935296550282277e-09,0.4992816704162441,2.6320519398807075e-09,0.0014041591461476227,9.805874310262393e-08,2.9238684013396224e-07
Random9264
Raw:1.0104241096782938e-05,2.122547334954209e-06,1.987322000788117e-05,0.499281670416237,6.9352965502823754e-09,0.4992816704162441,2.6320519398807824e-09,0.0014041591461476227,9.805874310262532e-08,2.9238684013396637e-07
EFT:1.0104241096782794e-05,2.122547334954209e-06,1.987322000788117e-05,0.499281670416237,6.935296550282277e-09,0.4992816704162441,2.6320519398807075e-09,0.0014041591461476227,9.805874310262393e-08,2.9238684013396224e-07
Random9265
Raw:1.0104241096782867e-05,2.122547334954224e-06,1.987322000788131e-05,0.49928167041624055,6.935296550282326e-09,0.49928167041624055,2.6320519398807265e-09,0.0014041591461476128,9.805874310262462e-08,2.923868401339643e-07
EFT:1.0104241096782794e-05,2.122547334954209e-06,1.987322000788117e-05,0.499281670416237,6.935296550282277e-09,0.4992816704162441,2.6320519398807075e-09,0.0014041591461476227,9.805874310262393e-08,2.9238684013396224e-07
Random9266
Raw:1.0104241096782867e-05,2.122547334954224e-06,1.987322000788131e-05,0.49928167041624055,6.935296550282228e-09,0.49928167041624055,2.632051939880689e-09,0.0014041591461476327,9.805874310262323e-08,2.923868401339643e-07
EFT:1.0104241096782794e-05,2.122547334954209e-06,1.987322000788117e-05,0.499281670416237,6.935296550282277e-09,0.4992816704162441,2.6320519398807075e-09,0.0014041591461476227,9.805874310262393e-08,2.9238684013396224e-07
Random9267
Raw:1.0104241096783082e-05,2.122547334954239e-06,1.987322000788145e-05,0.499281670416237,6.935296550282475e-09,0.4992816704162441,2.6320519398807824e-09,0.0014041591461476427,9.805874310262532e-08,2.9238684013396637e-07
EFT:1.0104241096782794e-05,2.122547334954209e-06,1.987322000788117e-05,0.499281670416237,6.935296550282277e-09,0.4992816704162441,2.6320519398807075e-09,0.0014041591461476227,9.805874310262393e-08,2.9238684013396224e-07
Random9268
Raw:1.0104241096782867e-05,2.122547334954224e-06,1.987322000788131e-05,0.49928167041624055,6.935296550282326e-09,0.49928167041624055,2.6320519398807265e-09,0.0014041591461476327,9.805874310262462e-08,2.923868401339643e-07
EFT:1.0104241096782794e-05,2.122547334954209e-06,1.987322000788117e-05,0.499281670416237,6.935296550282277e-09,0.4992816704162441,2.6320519398807075e-09,0.0014041591461476227,9.805874310262393e-08,2.9238684013396224e-07
Random9269
Raw:1.0104241096782867e-05,2.122547334954224e-06,1.9873220007881028e-05,0.49928167041624055,6.935296550282326e-09,0.49928167041624055,2.6320519398807265e-09,0.0014041591461476128,9.805874310262462e-08,2.923868401339643e-07
EFT:1.0104241096782794e-05,2.122547334954209e-06,1.987322000788117e-05,0.499281670416237,6.935296550282277e-09,0.4992816704162441,2.6320519398807075e-09,0.0014041591461476227,9.805874310262393e-08,2.9238684013396224e-07
Random9270
Raw:1.0104241096782794e-05,2.122547334954209e-06,1.987322000788117e-05,0.499281670416237,6.935296550282277e-09,0.4992816704162441,2.6320519398807075e-09,0.0014041591461476026,9.805874310262393e-08,2.9238684013396224e-07
EFT:1.0104241096782794e-05,2.122547334954209e-06,1.987322000788117e-05,0.499281670416237,6.935296550282277e-09,0.4992816704162441,2.6320519398807075e-09,0.0014041591461476227,9.805874310262393e-08,2.9238684013396224e-07
Random9271
Raw:1.0104241096782938e-05,2.122547334954209e-06,1.987322000788117e-05,0.499281670416237,6.935296550282277e-09,0.4992816704162441,2.632051939880745e-09,0.0014041591461476227,9.805874310262532e-08,2.9238684013396224e-07
EFT:1.0104241096782794e-05,2.122547334954209e-06,1.987322000788117e-05,0.499281670416237,6.935296550282277e-09,0.4992816704162441,2.6320519398807075e-09,0.0014041591461476227,9.805874310262393e-08,2.9238684013396224e-07
Random9272
Raw:1.0104241096782867e-05,2.122547334954224e-06,1.987322000788131e-05,0.49928167041624055,6.935296550282326e-09,0.49928167041624055,2.6320519398807265e-09,0.0014041591461476128,9.805874310262462e-08,2.923868401339643e-07
EFT:1.0104241096782794e-05,2.122547334954209e-06,1.987322000788117e-05,0.499281670416237,6.935296550282277e-09,0.4992816704162441,2.6320519398807075e-09,0.0014041591461476227,9.805874310262393e-08,2.9238684013396224e-07
Random9273
Raw:1.0104241096782867e-05,2.122547334954224e-06,1.987322000788131e-05,0.49928167041624055,6.935296550282326e-09,0.49928167041624055,2.6320519398807265e-09,0.0014041591461476327,9.805874310262323e-08,2.923868401339643e-07
EFT:1.0104241096782794e-05,2.122547334954209e-06,1.987322000788117e-05,0.499281670416237,6.935296550282277e-09,0.4992816704162441,2.6320519398807075e-09,0.0014041591461476227,9.805874310262393e-08,2.9238684013396224e-07
Random9274
Raw:1.0104241096782938e-05,2.122547334954239e-06,1.9873220007880885e-05,0.499281670416237,6.935296550282277e-09,0.4992816704162441,2.632051939880745e-09,0.0014041591461476227,9.805874310262532e-08,2.9238684013396224e-07
EFT:1.0104241096782794e-05,2.122547334954209e-06,1.987322000788117e-05,0.499281670416237,6.935296550282277e-09,0.4992816704162441,2.6320519398807075e-09,0.0014041591461476227,9.805874310262393e-08,2.9238684013396224e-07
Random9275
Raw:1.0104241096782938e-05,2.122547334954209e-06,1.987322000788117e-05,0.499281670416237,6.9352965502823754e-09,0.4992816704162441,2.6320519398807824e-09,0.0014041591461476227,9.805874310262532e-08,2.9238684013396637e-07
EFT:1.0104241096782794e-05,2.122547334954209e-06,1.987322000788117e-05,0.499281670416237,6.935296550282277e-09,0.4992816704162441,2.6320519398807075e-09,0.0014041591461476227,9.805874310262393e-08,2.9238684013396224e-07
Random9276
Raw:1.0104241096782938e-05,2.122547334954209e-06,1.987322000788117e-05,0.499281670416237,6.9352965502823754e-09,0.4992816704162441,2.632051939880745e-09,0.0014041591461476227,9.805874310262393e-08,2.9238684013396637e-07
EFT:1.0104241096782794e-05,2.122547334954209e-06,1.987322000788117e-05,0.499281670416237,6.935296550282277e-09,0.4992816704162441,2.6320519398807075e-09,0.0014041591461476227,9.805874310262393e-08,2.9238684013396224e-07
Random9277
Raw:1.0104241096782794e-05,2.122547334954209e-06,1.987322000788117e-05,0.499281670416237,6.935296550282277e-09,0.4992816704162441,2.6320519398807075e-09,0.0014041591461476026,9.805874310262393e-08,2.9238684013396224e-07
EFT:1.0104241096782794e-05,2.122547334954209e-06,1.987322000788117e-05,0.499281670416237,6.935296550282277e-09,0.4992816704162441,2.6320519398807075e-09,0.0014041591461476227,9.805874310262393e-08,2.9238684013396224e-07
Random9278
Raw:1.0104241096783009e-05,2.122547334954194e-06,1.9873220007881028e-05,0.49928167041623345,6.935296550282327e-09,0.49928167041624766,2.6320519398807638e-09,0.0014041591461476126,9.805874310262601e-08,2.9238684013396436e-07
EFT:1.0104241096782794e-05,2.122547334954209e-06,1.987322000788117e-05,0.499281670416237,6.935296550282277e-09,0.4992816704162441,2.6320519398807075e-09,0.0014041591461476227,9.805874310262393e-08,2.9238684013396224e-07
Random9279
Raw:1.0104241096782938e-05,2.122547334954209e-06,1.987322000788117e-05,0.499281670416237,6.9352965502823754e-09,0.4992816704162441,2.6320519398807824e-09,0.0014041591461476227,9.805874310262532e-08,2.9238684013396637e-07
EFT:1.0104241096782794e-05,2.122547334954209e-06,1.987322000788117e-05,0.499281670416237,6.935296550282277e-09,0.4992816704162441,2.6320519398807075e-09,0.0014041591461476227,9.805874310262393e-08,2.9238684013396224e-07
Random9280
Raw:1.0104241096783009e-05,2.122547334954194e-06,1.9873220007881028e-05,0.49928167041623345,6.935296550282327e-09,0.49928167041624766,2.6320519398807638e-09,0.0014041591461476126,9.805874310262601e-08,2.9238684013396436e-07
EFT:1.0104241096782794e-05,2.122547334954209e-06,1.987322000788117e-05,0.499281670416237,6.935296550282277e-09,0.4992816704162441,2.6320519398807075e-09,0.0014041591461476227,9.805874310262393e-08,2.9238684013396224e-07
Random9281
Raw:1.0104241096783009e-05,2.122547334954224e-06,1.9873220007881028e-05,0.49928167041623345,6.935296550282327e-09,0.49928167041624766,2.6320519398807638e-09,0.0014041591461476327,9.805874310262601e-08,2.9238684013396436e-07
EFT:1.0104241096782794e-05,2.122547334954209e-06,1.987322000788117e-05,0.499281670416237,6.935296550282277e-09,0.4992816704162441,2.6320519398807075e-09,0.0014041591461476227,9.805874310262393e-08,2.9238684013396224e-07
Random9282
Raw:1.0104241096782794e-05,2.122547334954209e-06,1.987322000788117e-05,0.499281670416237,6.935296550282277e-09,0.4992816704162441,2.632051939880745e-09,0.0014041591461476227,9.805874310262254e-08,2.9238684013396224e-07
EFT:1.0104241096782794e-05,2.122547334954209e-06,1.987322000788117e-05,0.499281670416237,6.935296550282277e-09,0.4992816704162441,2.6320519398807075e-09,0.0014041591461476227,9.805874310262393e-08,2.9238684013396224e-07
Random9283
Raw:1.0104241096782867e-05,2.122547334954194e-06,1.9873220007881028e-05,0.49928167041624055,6.935296550282326e-09,0.49928167041624055,2.6320519398807265e-09,0.0014041591461476128,9.805874310262323e-08,2.923868401339643e-07
EFT:1.0104241096782794e-05,2.122547334954209e-06,1.987322000788117e-05,0.499281670416237,6.935296550282277e-09,0.4992816704162441,2.6320519398807075e-09,0.0014041591461476227,9.805874310262393e-08,2.9238684013396224e-07
Random9284
Raw:1.0104241096782938e-05,2.122547334954239e-06,1.987322000788117e-05,0.499281670416237,6.9352965502823754e-09,0.4992816704162441,2.6320519398807824e-09,0.0014041591461476227,9.805874310262532e-08,2.9238684013396637e-07
EFT:1.0104241096782794e-05,2.122547334954209e-06,1.987322000788117e-05,0.499281670416237,6.935296550282277e-09,0.4992816704162441,2.6320519398807075e-09,0.0014041591461476227,9.805874310262393e-08,2.9238684013396224e-07
Random9285
Raw:1.0104241096782938e-05,2.122547334954239e-06,1.987322000788145e-05,0.499281670416237,6.9352965502823754e-09,0.4992816704162441,2.632051939880745e-09,0.0014041591461476227,9.805874310262532e-08,2.9238684013396637e-07
EFT:1.0104241096782794e-05,2.122547334954209e-06,1.987322000788117e-05,0.499281670416237,6.935296550282277e-09,0.4992816704162441,2.6320519398807075e-09,0.0014041591461476227,9.805874310262393e-08,2.9238684013396224e-07
Random9286
Raw:1.0104241096782938e-05,2.122547334954209e-06,1.987322000788117e-05,0.499281670416237,6.935296550282277e-09,0.4992816704162441,2.632051939880745e-09,0.0014041591461476227,9.805874310262532e-08,2.9238684013396224e-07
EFT:1.0104241096782794e-05,2.122547334954209e-06,1.987322000788117e-05,0.499281670416237,6.935296550282277e-09,0.4992816704162441,2.6320519398807075e-09,0.0014041591461476227,9.805874310262393e-08,2.9238684013396224e-07
Random9287
Raw:1.0104241096782938e-05,2.1225473349541788e-06,1.9873220007880885e-05,0.499281670416237,6.935296550282277e-09,0.4992816704162441,2.632051939880745e-09,0.0014041591461476026,9.805874310262532e-08,2.9238684013396224e-07
EFT:1.0104241096782794e-05,2.122547334954209e-06,1.987322000788117e-05,0.499281670416237,6.935296550282277e-09,0.4992816704162441,2.6320519398807075e-09,0.0014041591461476227,9.805874310262393e-08,2.9238684013396224e-07
Random9288
Raw:1.0104241096782938e-05,2.122547334954209e-06,1.987322000788117e-05,0.499281670416237,6.9352965502823754e-09,0.4992816704162441,2.632051939880745e-09,0.0014041591461476227,9.805874310262393e-08,2.9238684013396637e-07
EFT:1.0104241096782794e-05,2.122547334954209e-06,1.987322000788117e-05,0.499281670416237,6.935296550282277e-09,0.4992816704162441,2.6320519398807075e-09,0.0014041591461476227,9.805874310262393e-08,2.9238684013396224e-07
Random9289
Raw:1.0104241096782867e-05,2.122547334954194e-06,1.9873220007881028e-05,0.49928167041624055,6.935296550282326e-09,0.49928167041624055,2.6320519398807265e-09,0.0014041591461476128,9.805874310262323e-08,2.923868401339643e-07
EFT:1.0104241096782794e-05,2.122547334954209e-06,1.987322000788117e-05,0.499281670416237,6.935296550282277e-09,0.4992816704162441,2.6320519398807075e-09,0.0014041591461476227,9.805874310262393e-08,2.9238684013396224e-07
Random9290
Raw:1.0104241096782938e-05,2.122547334954209e-06,1.987322000788117e-05,0.499281670416237,6.9352965502823754e-09,0.4992816704162441,2.632051939880745e-09,0.0014041591461476227,9.805874310262532e-08,2.9238684013396637e-07
EFT:1.0104241096782794e-05,2.122547334954209e-06,1.987322000788117e-05,0.499281670416237,6.935296550282277e-09,0.4992816704162441,2.6320519398807075e-09,0.0014041591461476227,9.805874310262393e-08,2.9238684013396224e-07
Random9291
Raw:1.0104241096782938e-05,2.122547334954209e-06,1.987322000788117e-05,0.499281670416237,6.935296550282277e-09,0.4992816704162441,2.632051939880745e-09,0.0014041591461476427,9.805874310262393e-08,2.9238684013396224e-07
EFT:1.0104241096782794e-05,2.122547334954209e-06,1.987322000788117e-05,0.499281670416237,6.935296550282277e-09,0.4992816704162441,2.6320519398807075e-09,0.0014041591461476227,9.805874310262393e-08,2.9238684013396224e-07
Random9292
Raw:1.0104241096782938e-05,2.1225473349541788e-06,1.9873220007880885e-05,0.499281670416237,6.935296550282277e-09,0.4992816704162441,2.632051939880745e-09,0.0014041591461476026,9.805874310262532e-08,2.9238684013396224e-07
EFT:1.0104241096782794e-05,2.122547334954209e-06,1.987322000788117e-05,0.499281670416237,6.935296550282277e-09,0.4992816704162441,2.6320519398807075e-09,0.0014041591461476227,9.805874310262393e-08,2.9238684013396224e-07
Random9293
Raw:1.0104241096782867e-05,2.122547334954224e-06,1.987322000788131e-05,0.49928167041624055,6.935296550282326e-09,0.49928167041624055,2.6320519398807265e-09,0.0014041591461476128,9.805874310262462e-08,2.923868401339643e-07
EFT:1.0104241096782794e-05,2.122547334954209e-06,1.987322000788117e-05,0.499281670416237,6.935296550282277e-09,0.4992816704162441,2.6320519398807075e-09,0.0014041591461476227,9.805874310262393e-08,2.9238684013396224e-07
Random9294
Raw:1.0104241096783009e-05,2.122547334954194e-06,1.9873220007881028e-05,0.49928167041623345,6.935296550282327e-09,0.49928167041624766,2.6320519398807638e-09,0.0014041591461476126,9.805874310262601e-08,2.9238684013396436e-07
EFT:1.0104241096782794e-05,2.122547334954209e-06,1.987322000788117e-05,0.499281670416237,6.935296550282277e-09,0.4992816704162441,2.6320519398807075e-09,0.0014041591461476227,9.805874310262393e-08,2.9238684013396224e-07
Random9295
Raw:1.0104241096783009e-05,2.122547334954224e-06,1.987322000788131e-05,0.49928167041623345,6.935296550282327e-09,0.49928167041624766,2.6320519398807638e-09,0.0014041591461476327,9.805874310262462e-08,2.923868401339685e-07
EFT:1.0104241096782794e-05,2.122547334954209e-06,1.987322000788117e-05,0.499281670416237,6.935296550282277e-09,0.4992816704162441,2.6320519398807075e-09,0.0014041591461476227,9.805874310262393e-08,2.9238684013396224e-07
Random9296
Raw:1.0104241096783009e-05,2.122547334954194e-06,1.9873220007881028e-05,0.49928167041623345,6.935296550282327e-09,0.49928167041624766,2.6320519398807638e-09,0.0014041591461476126,9.805874310262601e-08,2.9238684013396436e-07
EFT:1.0104241096782794e-05,2.122547334954209e-06,1.987322000788117e-05,0.499281670416237,6.935296550282277e-09,0.4992816704162441,2.6320519398807075e-09,0.0014041591461476227,9.805874310262393e-08,2.9238684013396224e-07
Random9297
Raw:1.0104241096782938e-05,2.122547334954239e-06,1.987322000788145e-05,0.499281670416237,6.935296550282277e-09,0.4992816704162441,2.632051939880745e-09,0.0014041591461476427,9.805874310262393e-08,2.9238684013396637e-07
EFT:1.0104241096782794e-05,2.122547334954209e-06,1.987322000788117e-05,0.499281670416237,6.935296550282277e-09,0.4992816704162441,2.6320519398807075e-09,0.0014041591461476227,9.805874310262393e-08,2.9238684013396224e-07
Random9298
Raw:1.0104241096782867e-05,2.122547334954224e-06,1.987322000788131e-05,0.49928167041624055,6.935296550282326e-09,0.49928167041624055,2.6320519398807638e-09,0.0014041591461476327,9.805874310262462e-08,2.923868401339643e-07
EFT:1.0104241096782794e-05,2.122547334954209e-06,1.987322000788117e-05,0.499281670416237,6.935296550282277e-09,0.4992816704162441,2.6320519398807075e-09,0.0014041591461476227,9.805874310262393e-08,2.9238684013396224e-07
Random9299
Raw:1.0104241096783009e-05,2.122547334954224e-06,1.987322000788131e-05,0.49928167041623345,6.935296550282424e-09,0.49928167041624766,2.6320519398807638e-09,0.0014041591461476327,9.805874310262601e-08,2.923868401339685e-07
EFT:1.0104241096782794e-05,2.122547334954209e-06,1.987322000788117e-05,0.499281670416237,6.935296550282277e-09,0.4992816704162441,2.6320519398807075e-09,0.0014041591461476227,9.805874310262393e-08,2.9238684013396224e-07
Random9300
Raw:1.0104241096783009e-05,2.122547334954224e-06,1.987322000788131e-05,0.49928167041623345,6.935296550282327e-09,0.49928167041624766,2.6320519398807638e-09,0.0014041591461476327,9.805874310262601e-08,2.9238684013396436e-07
EFT:1.0104241096782794e-05,2.122547334954209e-06,1.987322000788117e-05,0.499281670416237,6.935296550282277e-09,0.4992816704162441,2.6320519398807075e-09,0.0014041591461476227,9.805874310262393e-08,2.9238684013396224e-07
Random9301
Raw:1.0104241096782794e-05,2.1225473349541788e-06,1.9873220007880885e-05,0.499281670416237,6.935296550282277e-09,0.4992816704162441,2.632051939880745e-09,0.0014041591461476026,9.805874310262254e-08,2.9238684013396224e-07
EFT:1.0104241096782794e-05,2.122547334954209e-06,1.987322000788117e-05,0.499281670416237,6.935296550282277e-09,0.4992816704162441,2.6320519398807075e-09,0.0014041591461476227,9.805874310262393e-08,2.9238684013396224e-07
Random9302
Raw:1.0104241096782867e-05,2.122547334954224e-06,1.9873220007881028e-05,0.49928167041624055,6.935296550282228e-09,0.49928167041624055,2.632051939880689e-09,0.0014041591461476327,9.805874310262462e-08,2.923868401339602e-07
EFT:1.0104241096782794e-05,2.122547334954209e-06,1.987322000788117e-05,0.499281670416237,6.935296550282277e-09,0.4992816704162441,2.6320519398807075e-09,0.0014041591461476227,9.805874310262393e-08,2.9238684013396224e-07
Random9303
Raw:1.0104241096783009e-05,2.122547334954194e-06,1.9873220007881028e-05,0.49928167041623345,6.935296550282327e-09,0.49928167041624766,2.6320519398807638e-09,0.0014041591461476327,9.805874310262462e-08,2.9238684013396436e-07
EFT:1.0104241096782794e-05,2.122547334954209e-06,1.987322000788117e-05,0.499281670416237,6.935296550282277e-09,0.4992816704162441,2.6320519398807075e-09,0.0014041591461476227,9.805874310262393e-08,2.9238684013396224e-07
Random9304
Raw:1.0104241096782794e-05,2.122547334954209e-06,1.987322000788117e-05,0.499281670416237,6.935296550282277e-09,0.4992816704162441,2.6320519398807075e-09,0.0014041591461476026,9.805874310262393e-08,2.9238684013396224e-07
EFT:1.0104241096782794e-05,2.122547334954209e-06,1.987322000788117e-05,0.499281670416237,6.935296550282277e-09,0.4992816704162441,2.6320519398807075e-09,0.0014041591461476227,9.805874310262393e-08,2.9238684013396224e-07
Random9305
Raw:1.0104241096782865e-05,2.122547334954194e-06,1.9873220007881028e-05,0.49928167041623345,6.935296550282327e-09,0.49928167041624766,2.632051939880726e-09,0.0014041591461476126,9.805874310262462e-08,2.9238684013396436e-07
EFT:1.0104241096782794e-05,2.122547334954209e-06,1.987322000788117e-05,0.499281670416237,6.935296550282277e-09,0.4992816704162441,2.6320519398807075e-09,0.0014041591461476227,9.805874310262393e-08,2.9238684013396224e-07
Random9306
Raw:1.0104241096783009e-05,2.122547334954224e-06,1.987322000788131e-05,0.49928167041623345,6.935296550282327e-09,0.49928167041624766,2.6320519398807638e-09,0.0014041591461476327,9.805874310262462e-08,2.923868401339685e-07
EFT:1.0104241096782794e-05,2.122547334954209e-06,1.987322000788117e-05,0.499281670416237,6.935296550282277e-09,0.4992816704162441,2.6320519398807075e-09,0.0014041591461476227,9.805874310262393e-08,2.9238684013396224e-07
Random9307
Raw:1.0104241096782794e-05,2.122547334954209e-06,1.987322000788117e-05,0.4992816704162441,6.935296550282277e-09,0.499281670416237,2.63205193988067e-09,0.0014041591461476227,9.805874310262393e-08,2.9238684013396224e-07
EFT:1.0104241096782794e-05,2.122547334954209e-06,1.987322000788117e-05,0.499281670416237,6.935296550282277e-09,0.4992816704162441,2.6320519398807075e-09,0.0014041591461476227,9.805874310262393e-08,2.9238684013396224e-07
Random9308
Raw:1.0104241096782938e-05,2.122547334954209e-06,1.9873220007880885e-05,0.499281670416237,6.935296550282277e-09,0.4992816704162441,2.632051939880745e-09,0.0014041591461476227,9.805874310262532e-08,2.9238684013396224e-07
EFT:1.0104241096782794e-05,2.122547334954209e-06,1.987322000788117e-05,0.499281670416237,6.935296550282277e-09,0.4992816704162441,2.6320519398807075e-09,0.0014041591461476227,9.805874310262393e-08,2.9238684013396224e-07
Random9309
Raw:1.0104241096782794e-05,2.122547334954209e-06,1.987322000788117e-05,0.499281670416237,6.935296550282277e-09,0.4992816704162441,2.6320519398807075e-09,0.0014041591461476026,9.805874310262393e-08,2.9238684013396224e-07
EFT:1.0104241096782794e-05,2.122547334954209e-06,1.987322000788117e-05,0.499281670416237,6.935296550282277e-09,0.4992816704162441,2.6320519398807075e-09,0.0014041591461476227,9.805874310262393e-08,2.9238684013396224e-07
Random9310
Raw:1.0104241096782865e-05,2.122547334954194e-06,1.9873220007881028e-05,0.49928167041623345,6.935296550282327e-09,0.49928167041624766,2.6320519398807638e-09,0.0014041591461476126,9.805874310262324e-08,2.9238684013396436e-07
EFT:1.0104241096782794e-05,2.122547334954209e-06,1.987322000788117e-05,0.499281670416237,6.935296550282277e-09,0.4992816704162441,2.6320519398807075e-09,0.0014041591461476227,9.805874310262393e-08,2.9238684013396224e-07
Random9311
Raw:1.0104241096782794e-05,2.1225473349541788e-06,1.9873220007880885e-05,0.499281670416237,6.935296550282277e-09,0.4992816704162441,2.632051939880745e-09,0.0014041591461476026,9.805874310262254e-08,2.9238684013396224e-07
EFT:1.0104241096782794e-05,2.122547334954209e-06,1.987322000788117e-05,0.499281670416237,6.935296550282277e-09,0.4992816704162441,2.6320519398807075e-09,0.0014041591461476227,9.805874310262393e-08,2.9238684013396224e-07
Random9312
Raw:1.0104241096782938e-05,2.122547334954239e-06,1.9873220007880885e-05,0.499281670416237,6.935296550282277e-09,0.4992816704162441,2.632051939880745e-09,0.0014041591461476227,9.805874310262532e-08,2.9238684013396224e-07
EFT:1.0104241096782794e-05,2.122547334954209e-06,1.987322000788117e-05,0.499281670416237,6.935296550282277e-09,0.4992816704162441,2.6320519398807075e-09,0.0014041591461476227,9.805874310262393e-08,2.9238684013396224e-07
Random9313
Raw:1.0104241096782867e-05,2.122547334954194e-06,1.9873220007881028e-05,0.49928167041624055,6.935296550282228e-09,0.49928167041624055,2.632051939880689e-09,0.0014041591461476128,9.805874310262462e-08,2.923868401339602e-07
EFT:1.0104241096782794e-05,2.122547334954209e-06,1.987322000788117e-05,0.499281670416237,6.935296550282277e-09,0.4992816704162441,2.6320519398807075e-09,0.0014041591461476227,9.805874310262393e-08,2.9238684013396224e-07
Random9314
Raw:1.0104241096782867e-05,2.122547334954224e-06,1.987322000788131e-05,0.49928167041624055,6.935296550282326e-09,0.49928167041624055,2.6320519398807265e-09,0.0014041591461476128,9.805874310262462e-08,2.923868401339643e-07
EFT:1.0104241096782794e-05,2.122547334954209e-06,1.987322000788117e-05,0.499281670416237,6.935296550282277e-09,0.4992816704162441,2.6320519398807075e-09,0.0014041591461476227,9.805874310262393e-08,2.9238684013396224e-07
Random9315
Raw:1.0104241096782938e-05,2.122547334954209e-06,1.987322000788117e-05,0.499281670416237,6.9352965502823754e-09,0.4992816704162441,2.632051939880745e-09,0.0014041591461476227,9.805874310262532e-08,2.9238684013396637e-07
EFT:1.0104241096782794e-05,2.122547334954209e-06,1.987322000788117e-05,0.499281670416237,6.935296550282277e-09,0.4992816704162441,2.6320519398807075e-09,0.0014041591461476227,9.805874310262393e-08,2.9238684013396224e-07
Random9316
Raw:1.0104241096782867e-05,2.122547334954194e-06,1.9873220007881028e-05,0.49928167041624055,6.935296550282326e-09,0.49928167041624055,2.6320519398807265e-09,0.0014041591461476128,9.805874310262323e-08,2.923868401339643e-07
EFT:1.0104241096782794e-05,2.122547334954209e-06,1.987322000788117e-05,0.499281670416237,6.935296550282277e-09,0.4992816704162441,2.6320519398807075e-09,0.0014041591461476227,9.805874310262393e-08,2.9238684013396224e-07
Random9317
Raw:1.0104241096782867e-05,2.122547334954224e-06,1.987322000788131e-05,0.49928167041624055,6.935296550282326e-09,0.49928167041624055,2.6320519398807265e-09,0.0014041591461476128,9.805874310262462e-08,2.923868401339643e-07
EFT:1.0104241096782794e-05,2.122547334954209e-06,1.987322000788117e-05,0.499281670416237,6.935296550282277e-09,0.4992816704162441,2.6320519398807075e-09,0.0014041591461476227,9.805874310262393e-08,2.9238684013396224e-07
Random9318
Raw:1.0104241096782938e-05,2.122547334954209e-06,1.987322000788117e-05,0.499281670416237,6.9352965502823754e-09,0.4992816704162441,2.6320519398807824e-09,0.0014041591461476227,9.805874310262532e-08,2.9238684013396637e-07
EFT:1.0104241096782794e-05,2.122547334954209e-06,1.987322000788117e-05,0.499281670416237,6.935296550282277e-09,0.4992816704162441,2.6320519398807075e-09,0.0014041591461476227,9.805874310262393e-08,2.9238684013396224e-07
Random9319
Raw:1.0104241096782794e-05,2.122547334954209e-06,1.987322000788117e-05,0.499281670416237,6.935296550282277e-09,0.4992816704162441,2.6320519398807075e-09,0.0014041591461476026,9.805874310262393e-08,2.9238684013396224e-07
EFT:1.0104241096782794e-05,2.122547334954209e-06,1.987322000788117e-05,0.499281670416237,6.935296550282277e-09,0.4992816704162441,2.6320519398807075e-09,0.0014041591461476227,9.805874310262393e-08,2.9238684013396224e-07
Random9320
Raw:1.0104241096782867e-05,2.122547334954224e-06,1.987322000788131e-05,0.49928167041624055,6.935296550282326e-09,0.49928167041624055,2.6320519398807638e-09,0.0014041591461476327,9.805874310262462e-08,2.923868401339643e-07
EFT:1.0104241096782794e-05,2.122547334954209e-06,1.987322000788117e-05,0.499281670416237,6.935296550282277e-09,0.4992816704162441,2.6320519398807075e-09,0.0014041591461476227,9.805874310262393e-08,2.9238684013396224e-07
Random9321
Raw:1.0104241096783009e-05,2.122547334954224e-06,1.987322000788131e-05,0.49928167041623345,6.935296550282327e-09,0.49928167041624766,2.6320519398807638e-09,0.0014041591461476327,9.805874310262462e-08,2.923868401339685e-07
EFT:1.0104241096782794e-05,2.122547334954209e-06,1.987322000788117e-05,0.499281670416237,6.935296550282277e-09,0.4992816704162441,2.6320519398807075e-09,0.0014041591461476227,9.805874310262393e-08,2.9238684013396224e-07
Random9322
Raw:1.0104241096782938e-05,2.122547334954239e-06,1.987322000788145e-05,0.499281670416237,6.935296550282277e-09,0.4992816704162441,2.632051939880745e-09,0.0014041591461476427,9.805874310262393e-08,2.9238684013396637e-07
EFT:1.0104241096782794e-05,2.122547334954209e-06,1.987322000788117e-05,0.499281670416237,6.935296550282277e-09,0.4992816704162441,2.6320519398807075e-09,0.0014041591461476227,9.805874310262393e-08,2.9238684013396224e-07
Random9323
Raw:1.0104241096782938e-05,2.1225473349541788e-06,1.9873220007880885e-05,0.499281670416237,6.935296550282277e-09,0.4992816704162441,2.632051939880745e-09,0.0014041591461476026,9.805874310262532e-08,2.9238684013396224e-07
EFT:1.0104241096782794e-05,2.122547334954209e-06,1.987322000788117e-05,0.499281670416237,6.935296550282277e-09,0.4992816704162441,2.6320519398807075e-09,0.0014041591461476227,9.805874310262393e-08,2.9238684013396224e-07
Random9324
Raw:1.0104241096782867e-05,2.122547334954194e-06,1.9873220007881028e-05,0.49928167041624055,6.935296550282326e-09,0.49928167041624055,2.6320519398807265e-09,0.0014041591461476128,9.805874310262602e-08,2.923868401339643e-07
EFT:1.0104241096782794e-05,2.122547334954209e-06,1.987322000788117e-05,0.499281670416237,6.935296550282277e-09,0.4992816704162441,2.6320519398807075e-09,0.0014041591461476227,9.805874310262393e-08,2.9238684013396224e-07
Random9325
Raw:1.0104241096782867e-05,2.122547334954224e-06,1.987322000788131e-05,0.49928167041624055,6.935296550282326e-09,0.49928167041624055,2.6320519398807638e-09,0.0014041591461476128,9.805874310262462e-08,2.923868401339643e-07
EFT:1.0104241096782794e-05,2.122547334954209e-06,1.987322000788117e-05,0.499281670416237,6.935296550282277e-09,0.4992816704162441,2.6320519398807075e-09,0.0014041591461476227,9.805874310262393e-08,2.9238684013396224e-07
Random9326
Raw:1.0104241096782867e-05,2.122547334954194e-06,1.9873220007881028e-05,0.49928167041624055,6.935296550282228e-09,0.49928167041624055,2.632051939880689e-09,0.0014041591461476327,9.805874310262323e-08,2.923868401339602e-07
EFT:1.0104241096782794e-05,2.122547334954209e-06,1.987322000788117e-05,0.499281670416237,6.935296550282277e-09,0.4992816704162441,2.6320519398807075e-09,0.0014041591461476227,9.805874310262393e-08,2.9238684013396224e-07
Random9327
Raw:1.0104241096782867e-05,2.122547334954224e-06,1.987322000788131e-05,0.49928167041624055,6.935296550282228e-09,0.49928167041624055,2.632051939880689e-09,0.0014041591461476327,9.805874310262462e-08,2.923868401339602e-07
EFT:1.0104241096782794e-05,2.122547334954209e-06,1.987322000788117e-05,0.499281670416237,6.935296550282277e-09,0.4992816704162441,2.6320519398807075e-09,0.0014041591461476227,9.805874310262393e-08,2.9238684013396224e-07
Random9328
Raw:1.0104241096783009e-05,2.122547334954224e-06,1.987322000788131e-05,0.49928167041623345,6.935296550282327e-09,0.49928167041624766,2.6320519398807638e-09,0.0014041591461476327,9.805874310262462e-08,2.923868401339685e-07
EFT:1.0104241096782794e-05,2.122547334954209e-06,1.987322000788117e-05,0.499281670416237,6.935296550282277e-09,0.4992816704162441,2.6320519398807075e-09,0.0014041591461476227,9.805874310262393e-08,2.9238684013396224e-07
Random9329
Raw:1.0104241096782938e-05,2.122547334954209e-06,1.987322000788117e-05,0.499281670416237,6.9352965502823754e-09,0.4992816704162441,2.6320519398807824e-09,0.0014041591461476026,9.805874310262393e-08,2.9238684013396637e-07
EFT:1.0104241096782794e-05,2.122547334954209e-06,1.987322000788117e-05,0.499281670416237,6.935296550282277e-09,0.4992816704162441,2.6320519398807075e-09,0.0014041591461476227,9.805874310262393e-08,2.9238684013396224e-07
Random9330
Raw:1.0104241096782867e-05,2.122547334954224e-06,1.987322000788131e-05,0.49928167041624055,6.935296550282326e-09,0.49928167041624055,2.6320519398807638e-09,0.0014041591461476128,9.805874310262462e-08,2.923868401339643e-07
EFT:1.0104241096782794e-05,2.122547334954209e-06,1.987322000788117e-05,0.499281670416237,6.935296550282277e-09,0.4992816704162441,2.6320519398807075e-09,0.0014041591461476227,9.805874310262393e-08,2.9238684013396224e-07
Random9331
Raw:1.0104241096782867e-05,2.122547334954224e-06,1.987322000788131e-05,0.49928167041624055,6.935296550282326e-09,0.49928167041624055,2.6320519398807265e-09,0.0014041591461476327,9.805874310262462e-08,2.923868401339643e-07
EFT:1.0104241096782794e-05,2.122547334954209e-06,1.987322000788117e-05,0.499281670416237,6.935296550282277e-09,0.4992816704162441,2.6320519398807075e-09,0.0014041591461476227,9.805874310262393e-08,2.9238684013396224e-07
Random9332
Raw:1.0104241096782867e-05,2.1225473349542546e-06,1.987322000788131e-05,0.49928167041624055,6.935296550282326e-09,0.49928167041624055,2.6320519398807638e-09,0.0014041591461476327,9.805874310262462e-08,2.923868401339643e-07
EFT:1.0104241096782794e-05,2.122547334954209e-06,1.987322000788117e-05,0.499281670416237,6.935296550282277e-09,0.4992816704162441,2.6320519398807075e-09,0.0014041591461476227,9.805874310262393e-08,2.9238684013396224e-07
Random9333
Raw:1.0104241096782867e-05,2.122547334954224e-06,1.9873220007881028e-05,0.49928167041624055,6.935296550282326e-09,0.49928167041624055,2.6320519398807265e-09,0.0014041591461476128,9.805874310262462e-08,2.923868401339643e-07
EFT:1.0104241096782794e-05,2.122547334954209e-06,1.987322000788117e-05,0.499281670416237,6.935296550282277e-09,0.4992816704162441,2.6320519398807075e-09,0.0014041591461476227,9.805874310262393e-08,2.9238684013396224e-07
Random9334
Raw:1.010424109678301e-05,2.122547334954224e-06,1.987322000788131e-05,0.49928167041624055,6.935296550282425e-09,0.49928167041624055,2.6320519398807638e-09,0.0014041591461476327,9.805874310262602e-08,2.923868401339685e-07
EFT:1.0104241096782794e-05,2.122547334954209e-06,1.987322000788117e-05,0.499281670416237,6.935296550282277e-09,0.4992816704162441,2.6320519398807075e-09,0.0014041591461476227,9.805874310262393e-08,2.9238684013396224e-07
Random9335
Raw:1.0104241096782867e-05,2.122547334954224e-06,1.987322000788131e-05,0.49928167041624055,6.935296550282326e-09,0.49928167041624055,2.6320519398807265e-09,0.0014041591461476327,9.805874310262462e-08,2.923868401339643e-07
EFT:1.0104241096782794e-05,2.122547334954209e-06,1.987322000788117e-05,0.499281670416237,6.935296550282277e-09,0.4992816704162441,2.6320519398807075e-09,0.0014041591461476227,9.805874310262393e-08,2.9238684013396224e-07
Random9336
Raw:1.0104241096782938e-05,2.122547334954209e-06,1.987322000788117e-05,0.499281670416237,6.935296550282277e-09,0.4992816704162441,2.632051939880745e-09,0.0014041591461476427,9.805874310262393e-08,2.9238684013396224e-07
EFT:1.0104241096782794e-05,2.122547334954209e-06,1.987322000788117e-05,0.499281670416237,6.935296550282277e-09,0.4992816704162441,2.6320519398807075e-09,0.0014041591461476227,9.805874310262393e-08,2.9238684013396224e-07
Random9337
Raw:1.0104241096782938e-05,2.122547334954239e-06,1.9873220007880885e-05,0.499281670416237,6.935296550282277e-09,0.4992816704162441,2.632051939880745e-09,0.0014041591461476227,9.805874310262532e-08,2.9238684013396224e-07
EFT:1.0104241096782794e-05,2.122547334954209e-06,1.987322000788117e-05,0.499281670416237,6.935296550282277e-09,0.4992816704162441,2.6320519398807075e-09,0.0014041591461476227,9.805874310262393e-08,2.9238684013396224e-07
Random9338
Raw:1.0104241096782938e-05,2.122547334954239e-06,1.987322000788145e-05,0.499281670416237,6.935296550282277e-09,0.4992816704162441,2.632051939880745e-09,0.0014041591461476427,9.805874310262393e-08,2.9238684013396637e-07
EFT:1.0104241096782794e-05,2.122547334954209e-06,1.987322000788117e-05,0.499281670416237,6.935296550282277e-09,0.4992816704162441,2.6320519398807075e-09,0.0014041591461476227,9.805874310262393e-08,2.9238684013396224e-07
Random9339
Raw:1.0104241096782938e-05,2.122547334954239e-06,1.987322000788117e-05,0.499281670416237,6.935296550282277e-09,0.4992816704162441,2.632051939880745e-09,0.0014041591461476427,9.805874310262532e-08,2.9238684013396224e-07
EFT:1.0104241096782794e-05,2.122547334954209e-06,1.987322000788117e-05,0.499281670416237,6.935296550282277e-09,0.4992816704162441,2.6320519398807075e-09,0.0014041591461476227,9.805874310262393e-08,2.9238684013396224e-07
Random9340
Raw:1.0104241096782938e-05,2.122547334954239e-06,1.9873220007880885e-05,0.499281670416237,6.935296550282277e-09,0.4992816704162441,2.632051939880745e-09,0.0014041591461476227,9.805874310262532e-08,2.9238684013396224e-07
EFT:1.0104241096782794e-05,2.122547334954209e-06,1.987322000788117e-05,0.499281670416237,6.935296550282277e-09,0.4992816704162441,2.6320519398807075e-09,0.0014041591461476227,9.805874310262393e-08,2.9238684013396224e-07
Random9341
Raw:1.0104241096782867e-05,2.122547334954194e-06,1.9873220007881028e-05,0.49928167041624055,6.935296550282228e-09,0.49928167041624055,2.632051939880689e-09,0.0014041591461476128,9.805874310262462e-08,2.923868401339602e-07
EFT:1.0104241096782794e-05,2.122547334954209e-06,1.987322000788117e-05,0.499281670416237,6.935296550282277e-09,0.4992816704162441,2.6320519398807075e-09,0.0014041591461476227,9.805874310262393e-08,2.9238684013396224e-07
Random9342
Raw:1.0104241096782938e-05,2.122547334954209e-06,1.987322000788117e-05,0.499281670416237,6.9352965502823754e-09,0.4992816704162441,2.632051939880745e-09,0.0014041591461476227,9.805874310262532e-08,2.9238684013396637e-07
EFT:1.0104241096782794e-05,2.122547334954209e-06,1.987322000788117e-05,0.499281670416237,6.935296550282277e-09,0.4992816704162441,2.6320519398807075e-09,0.0014041591461476227,9.805874310262393e-08,2.9238684013396224e-07
Random9343
Raw:1.0104241096782938e-05,2.122547334954209e-06,1.987322000788117e-05,0.499281670416237,6.935296550282277e-09,0.4992816704162441,2.632051939880745e-09,0.0014041591461476227,9.805874310262532e-08,2.9238684013396224e-07
EFT:1.0104241096782794e-05,2.122547334954209e-06,1.987322000788117e-05,0.499281670416237,6.935296550282277e-09,0.4992816704162441,2.6320519398807075e-09,0.0014041591461476227,9.805874310262393e-08,2.9238684013396224e-07
Random9344
Raw:1.0104241096782938e-05,2.122547334954209e-06,1.987322000788117e-05,0.499281670416237,6.9352965502823754e-09,0.4992816704162441,2.632051939880745e-09,0.0014041591461476227,9.805874310262393e-08,2.9238684013396637e-07
EFT:1.0104241096782794e-05,2.122547334954209e-06,1.987322000788117e-05,0.499281670416237,6.935296550282277e-09,0.4992816704162441,2.6320519398807075e-09,0.0014041591461476227,9.805874310262393e-08,2.9238684013396224e-07
Random9345
Raw:1.0104241096782938e-05,2.122547334954239e-06,1.987322000788145e-05,0.499281670416237,6.935296550282277e-09,0.4992816704162441,2.632051939880745e-09,0.0014041591461476227,9.805874310262532e-08,2.9238684013396224e-07
EFT:1.0104241096782794e-05,2.122547334954209e-06,1.987322000788117e-05,0.499281670416237,6.935296550282277e-09,0.4992816704162441,2.6320519398807075e-09,0.0014041591461476227,9.805874310262393e-08,2.9238684013396224e-07
Random9346
Raw:1.0104241096782938e-05,2.122547334954239e-06,1.987322000788117e-05,0.499281670416237,6.9352965502823754e-09,0.4992816704162441,2.6320519398807824e-09,0.0014041591461476227,9.805874310262532e-08,2.9238684013396637e-07
EFT:1.0104241096782794e-05,2.122547334954209e-06,1.987322000788117e-05,0.499281670416237,6.935296550282277e-09,0.4992816704162441,2.6320519398807075e-09,0.0014041591461476227,9.805874310262393e-08,2.9238684013396224e-07
Random9347
Raw:1.0104241096782938e-05,2.122547334954239e-06,1.987322000788145e-05,0.499281670416237,6.935296550282277e-09,0.4992816704162441,2.632051939880745e-09,0.0014041591461476427,9.805874310262393e-08,2.9238684013396637e-07
EFT:1.0104241096782794e-05,2.122547334954209e-06,1.987322000788117e-05,0.499281670416237,6.935296550282277e-09,0.4992816704162441,2.6320519398807075e-09,0.0014041591461476227,9.805874310262393e-08,2.9238684013396224e-07
Random9348
Raw:1.0104241096782794e-05,2.122547334954209e-06,1.987322000788117e-05,0.499281670416237,6.935296550282277e-09,0.4992816704162441,2.6320519398807075e-09,0.0014041591461476227,9.805874310262393e-08,2.9238684013396224e-07
EFT:1.0104241096782794e-05,2.122547334954209e-06,1.987322000788117e-05,0.499281670416237,6.935296550282277e-09,0.4992816704162441,2.6320519398807075e-09,0.0014041591461476227,9.805874310262393e-08,2.9238684013396224e-07
Random9349
Raw:1.0104241096783009e-05,2.122547334954194e-06,1.9873220007881028e-05,0.49928167041623345,6.935296550282327e-09,0.49928167041624766,2.6320519398807638e-09,0.0014041591461476327,9.805874310262462e-08,2.9238684013396436e-07
EFT:1.0104241096782794e-05,2.122547334954209e-06,1.987322000788117e-05,0.499281670416237,6.935296550282277e-09,0.4992816704162441,2.6320519398807075e-09,0.0014041591461476227,9.805874310262393e-08,2.9238684013396224e-07
Random9350
Raw:1.0104241096782794e-05,2.122547334954209e-06,1.987322000788117e-05,0.499281670416237,6.935296550282277e-09,0.4992816704162441,2.6320519398807075e-09,0.0014041591461476227,9.805874310262393e-08,2.9238684013396224e-07
EFT:1.0104241096782794e-05,2.122547334954209e-06,1.987322000788117e-05,0.499281670416237,6.935296550282277e-09,0.4992816704162441,2.6320519398807075e-09,0.0014041591461476227,9.805874310262393e-08,2.9238684013396224e-07
Random9351
Raw:1.0104241096782867e-05,2.122547334954224e-06,1.987322000788131e-05,0.49928167041624055,6.935296550282326e-09,0.49928167041624055,2.6320519398807265e-09,0.0014041591461476327,9.805874310262323e-08,2.923868401339643e-07
EFT:1.0104241096782794e-05,2.122547334954209e-06,1.987322000788117e-05,0.499281670416237,6.935296550282277e-09,0.4992816704162441,2.6320519398807075e-09,0.0014041591461476227,9.805874310262393e-08,2.9238684013396224e-07
Random9352
Raw:1.0104241096782938e-05,2.122547334954209e-06,1.987322000788117e-05,0.499281670416237,6.9352965502823754e-09,0.4992816704162441,2.632051939880745e-09,0.0014041591461476227,9.805874310262393e-08,2.9238684013396637e-07
EFT:1.0104241096782794e-05,2.122547334954209e-06,1.987322000788117e-05,0.499281670416237,6.935296550282277e-09,0.4992816704162441,2.6320519398807075e-09,0.0014041591461476227,9.805874310262393e-08,2.9238684013396224e-07
Random9353
Raw:1.0104241096782794e-05,2.122547334954209e-06,1.987322000788117e-05,0.4992816704162441,6.935296550282277e-09,0.499281670416237,2.63205193988067e-09,0.0014041591461476227,9.805874310262393e-08,2.9238684013396224e-07
EFT:1.0104241096782794e-05,2.122547334954209e-06,1.987322000788117e-05,0.499281670416237,6.935296550282277e-09,0.4992816704162441,2.6320519398807075e-09,0.0014041591461476227,9.805874310262393e-08,2.9238684013396224e-07
Random9354
Raw:1.0104241096782867e-05,2.122547334954224e-06,1.987322000788131e-05,0.49928167041624055,6.935296550282326e-09,0.49928167041624055,2.6320519398807265e-09,0.0014041591461476327,9.805874310262323e-08,2.923868401339643e-07
EFT:1.0104241096782794e-05,2.122547334954209e-06,1.987322000788117e-05,0.499281670416237,6.935296550282277e-09,0.4992816704162441,2.6320519398807075e-09,0.0014041591461476227,9.805874310262393e-08,2.9238684013396224e-07
Random9355
Raw:1.0104241096782794e-05,2.122547334954209e-06,1.987322000788117e-05,0.499281670416237,6.935296550282277e-09,0.4992816704162441,2.632051939880745e-09,0.0014041591461476227,9.805874310262254e-08,2.9238684013396224e-07
EFT:1.0104241096782794e-05,2.122547334954209e-06,1.987322000788117e-05,0.499281670416237,6.935296550282277e-09,0.4992816704162441,2.6320519398807075e-09,0.0014041591461476227,9.805874310262393e-08,2.9238684013396224e-07
Random9356
Raw:1.0104241096782938e-05,2.122547334954209e-06,1.987322000788117e-05,0.499281670416237,6.9352965502823754e-09,0.4992816704162441,2.632051939880745e-09,0.0014041591461476227,9.805874310262672e-08,2.9238684013396637e-07
EFT:1.0104241096782794e-05,2.122547334954209e-06,1.987322000788117e-05,0.499281670416237,6.935296550282277e-09,0.4992816704162441,2.6320519398807075e-09,0.0014041591461476227,9.805874310262393e-08,2.9238684013396224e-07
Random9357
Raw:1.0104241096782938e-05,2.122547334954209e-06,1.987322000788117e-05,0.499281670416237,6.9352965502823754e-09,0.4992816704162441,2.6320519398807824e-09,0.0014041591461476227,9.805874310262532e-08,2.9238684013396637e-07
EFT:1.0104241096782794e-05,2.122547334954209e-06,1.987322000788117e-05,0.499281670416237,6.935296550282277e-09,0.4992816704162441,2.6320519398807075e-09,0.0014041591461476227,9.805874310262393e-08,2.9238684013396224e-07
Random9358
Raw:1.0104241096783009e-05,2.122547334954224e-06,1.9873220007881028e-05,0.49928167041623345,6.935296550282327e-09,0.49928167041624766,2.6320519398807638e-09,0.0014041591461476327,9.805874310262601e-08,2.9238684013396436e-07
EFT:1.0104241096782794e-05,2.122547334954209e-06,1.987322000788117e-05,0.499281670416237,6.935296550282277e-09,0.4992816704162441,2.6320519398807075e-09,0.0014041591461476227,9.805874310262393e-08,2.9238684013396224e-07
Random9359
Raw:1.0104241096782938e-05,2.122547334954209e-06,1.987322000788117e-05,0.499281670416237,6.935296550282277e-09,0.4992816704162441,2.632051939880745e-09,0.0014041591461476427,9.805874310262393e-08,2.9238684013396224e-07
EFT:1.0104241096782794e-05,2.122547334954209e-06,1.987322000788117e-05,0.499281670416237,6.935296550282277e-09,0.4992816704162441,2.6320519398807075e-09,0.0014041591461476227,9.805874310262393e-08,2.9238684013396224e-07
Random9360
Raw:1.0104241096783009e-05,2.122547334954194e-06,1.9873220007881028e-05,0.49928167041623345,6.935296550282327e-09,0.49928167041624766,2.6320519398807638e-09,0.0014041591461476126,9.805874310262601e-08,2.9238684013396436e-07
EFT:1.0104241096782794e-05,2.122547334954209e-06,1.987322000788117e-05,0.499281670416237,6.935296550282277e-09,0.4992816704162441,2.6320519398807075e-09,0.0014041591461476227,9.805874310262393e-08,2.9238684013396224e-07
Random9361
Raw:1.0104241096782938e-05,2.122547334954209e-06,1.987322000788117e-05,0.499281670416237,6.9352965502823754e-09,0.4992816704162441,2.632051939880745e-09,0.0014041591461476227,9.805874310262532e-08,2.9238684013396637e-07
EFT:1.0104241096782794e-05,2.122547334954209e-06,1.987322000788117e-05,0.499281670416237,6.935296550282277e-09,0.4992816704162441,2.6320519398807075e-09,0.0014041591461476227,9.805874310262393e-08,2.9238684013396224e-07
Random9362
Raw:1.0104241096782794e-05,2.122547334954209e-06,1.987322000788117e-05,0.499281670416237,6.935296550282277e-09,0.4992816704162441,2.6320519398807075e-09,0.0014041591461476227,9.805874310262393e-08,2.9238684013396224e-07
EFT:1.0104241096782794e-05,2.122547334954209e-06,1.987322000788117e-05,0.499281670416237,6.935296550282277e-09,0.4992816704162441,2.6320519398807075e-09,0.0014041591461476227,9.805874310262393e-08,2.9238684013396224e-07
Random9363
Raw:1.0104241096782938e-05,2.122547334954239e-06,1.9873220007880885e-05,0.499281670416237,6.935296550282277e-09,0.4992816704162441,2.632051939880745e-09,0.0014041591461476227,9.805874310262532e-08,2.9238684013396224e-07
EFT:1.0104241096782794e-05,2.122547334954209e-06,1.987322000788117e-05,0.499281670416237,6.935296550282277e-09,0.4992816704162441,2.6320519398807075e-09,0.0014041591461476227,9.805874310262393e-08,2.9238684013396224e-07
Random9364
Raw:1.0104241096782938e-05,2.122547334954209e-06,1.9873220007880885e-05,0.499281670416237,6.935296550282277e-09,0.4992816704162441,2.632051939880745e-09,0.0014041591461476227,9.805874310262532e-08,2.9238684013396224e-07
EFT:1.0104241096782794e-05,2.122547334954209e-06,1.987322000788117e-05,0.499281670416237,6.935296550282277e-09,0.4992816704162441,2.6320519398807075e-09,0.0014041591461476227,9.805874310262393e-08,2.9238684013396224e-07
Random9365
Raw:1.0104241096783009e-05,2.122547334954224e-06,1.987322000788131e-05,0.49928167041623345,6.935296550282327e-09,0.49928167041624766,2.6320519398807638e-09,0.0014041591461476327,9.805874310262601e-08,2.9238684013396436e-07
EFT:1.0104241096782794e-05,2.122547334954209e-06,1.987322000788117e-05,0.499281670416237,6.935296550282277e-09,0.4992816704162441,2.6320519398807075e-09,0.0014041591461476227,9.805874310262393e-08,2.9238684013396224e-07
Random9366
Raw:1.0104241096782938e-05,2.122547334954209e-06,1.987322000788117e-05,0.499281670416237,6.935296550282277e-09,0.4992816704162441,2.632051939880745e-09,0.0014041591461476427,9.805874310262393e-08,2.9238684013396224e-07
EFT:1.0104241096782794e-05,2.122547334954209e-06,1.987322000788117e-05,0.499281670416237,6.935296550282277e-09,0.4992816704162441,2.6320519398807075e-09,0.0014041591461476227,9.805874310262393e-08,2.9238684013396224e-07
Random9367
Raw:1.0104241096782938e-05,2.122547334954209e-06,1.987322000788117e-05,0.499281670416237,6.935296550282277e-09,0.4992816704162441,2.632051939880745e-09,0.0014041591461476227,9.805874310262532e-08,2.9238684013396224e-07
EFT:1.0104241096782794e-05,2.122547334954209e-06,1.987322000788117e-05,0.499281670416237,6.935296550282277e-09,0.4992816704162441,2.6320519398807075e-09,0.0014041591461476227,9.805874310262393e-08,2.9238684013396224e-07
Random9368
Raw:1.0104241096782938e-05,2.122547334954209e-06,1.987322000788117e-05,0.499281670416237,6.9352965502823754e-09,0.4992816704162441,2.632051939880745e-09,0.0014041591461476227,9.805874310262532e-08,2.9238684013396637e-07
EFT:1.0104241096782794e-05,2.122547334954209e-06,1.987322000788117e-05,0.499281670416237,6.935296550282277e-09,0.4992816704162441,2.6320519398807075e-09,0.0014041591461476227,9.805874310262393e-08,2.9238684013396224e-07
Random9369
Raw:1.0104241096782938e-05,2.122547334954239e-06,1.987322000788145e-05,0.499281670416237,6.935296550282277e-09,0.4992816704162441,2.632051939880745e-09,0.0014041591461476227,9.805874310262532e-08,2.9238684013396224e-07
EFT:1.0104241096782794e-05,2.122547334954209e-06,1.987322000788117e-05,0.499281670416237,6.935296550282277e-09,0.4992816704162441,2.6320519398807075e-09,0.0014041591461476227,9.805874310262393e-08,2.9238684013396224e-07
Random9370
Raw:1.0104241096782938e-05,2.122547334954209e-06,1.9873220007880885e-05,0.499281670416237,6.935296550282277e-09,0.4992816704162441,2.632051939880745e-09,0.0014041591461476227,9.805874310262532e-08,2.9238684013396224e-07
EFT:1.0104241096782794e-05,2.122547334954209e-06,1.987322000788117e-05,0.499281670416237,6.935296550282277e-09,0.4992816704162441,2.6320519398807075e-09,0.0014041591461476227,9.805874310262393e-08,2.9238684013396224e-07
Random9371
Raw:1.0104241096782938e-05,2.122547334954239e-06,1.987322000788145e-05,0.499281670416237,6.935296550282277e-09,0.4992816704162441,2.632051939880745e-09,0.0014041591461476427,9.805874310262393e-08,2.9238684013396637e-07
EFT:1.0104241096782794e-05,2.122547334954209e-06,1.987322000788117e-05,0.499281670416237,6.935296550282277e-09,0.4992816704162441,2.6320519398807075e-09,0.0014041591461476227,9.805874310262393e-08,2.9238684013396224e-07
Random9372
Raw:1.0104241096782867e-05,2.122547334954224e-06,1.987322000788131e-05,0.49928167041624055,6.935296550282228e-09,0.49928167041624055,2.632051939880689e-09,0.0014041591461476327,9.805874310262323e-08,2.923868401339643e-07
EFT:1.0104241096782794e-05,2.122547334954209e-06,1.987322000788117e-05,0.499281670416237,6.935296550282277e-09,0.4992816704162441,2.6320519398807075e-09,0.0014041591461476227,9.805874310262393e-08,2.9238684013396224e-07
Random9373
Raw:1.0104241096782938e-05,2.122547334954239e-06,1.987322000788117e-05,0.499281670416237,6.935296550282277e-09,0.4992816704162441,2.632051939880745e-09,0.0014041591461476427,9.805874310262393e-08,2.9238684013396637e-07
EFT:1.0104241096782794e-05,2.122547334954209e-06,1.987322000788117e-05,0.499281670416237,6.935296550282277e-09,0.4992816704162441,2.6320519398807075e-09,0.0014041591461476227,9.805874310262393e-08,2.9238684013396224e-07
Random9374
Raw:1.0104241096782794e-05,2.122547334954209e-06,1.9873220007880885e-05,0.499281670416237,6.935296550282277e-09,0.4992816704162441,2.632051939880745e-09,0.0014041591461476227,9.805874310262254e-08,2.9238684013396224e-07
EFT:1.0104241096782794e-05,2.122547334954209e-06,1.987322000788117e-05,0.499281670416237,6.935296550282277e-09,0.4992816704162441,2.6320519398807075e-09,0.0014041591461476227,9.805874310262393e-08,2.9238684013396224e-07
Random9375
Raw:1.0104241096782867e-05,2.122547334954194e-06,1.9873220007881028e-05,0.49928167041624055,6.935296550282326e-09,0.49928167041624055,2.6320519398807265e-09,0.0014041591461476128,9.805874310262323e-08,2.923868401339643e-07
EFT:1.0104241096782794e-05,2.122547334954209e-06,1.987322000788117e-05,0.499281670416237,6.935296550282277e-09,0.4992816704162441,2.6320519398807075e-09,0.0014041591461476227,9.805874310262393e-08,2.9238684013396224e-07
Random9376
Raw:1.0104241096782938e-05,2.122547334954209e-06,1.987322000788117e-05,0.499281670416237,6.935296550282277e-09,0.4992816704162441,2.632051939880745e-09,0.0014041591461476427,9.805874310262393e-08,2.9238684013396224e-07
EFT:1.0104241096782794e-05,2.122547334954209e-06,1.987322000788117e-05,0.499281670416237,6.935296550282277e-09,0.4992816704162441,2.6320519398807075e-09,0.0014041591461476227,9.805874310262393e-08,2.9238684013396224e-07
Random9377
Raw:1.0104241096782867e-05,2.122547334954224e-06,1.9873220007881028e-05,0.49928167041624055,6.935296550282326e-09,0.49928167041624055,2.6320519398807265e-09,0.0014041591461476128,9.805874310262462e-08,2.923868401339643e-07
EFT:1.0104241096782794e-05,2.122547334954209e-06,1.987322000788117e-05,0.499281670416237,6.935296550282277e-09,0.4992816704162441,2.6320519398807075e-09,0.0014041591461476227,9.805874310262393e-08,2.9238684013396224e-07
Random9378
Raw:1.0104241096783009e-05,2.122547334954194e-06,1.9873220007881028e-05,0.49928167041623345,6.935296550282327e-09,0.49928167041624766,2.6320519398807638e-09,0.0014041591461476126,9.805874310262601e-08,2.9238684013396436e-07
EFT:1.0104241096782794e-05,2.122547334954209e-06,1.987322000788117e-05,0.499281670416237,6.935296550282277e-09,0.4992816704162441,2.6320519398807075e-09,0.0014041591461476227,9.805874310262393e-08,2.9238684013396224e-07
Random9379
Raw:1.0104241096782938e-05,2.122547334954209e-06,1.987322000788117e-05,0.499281670416237,6.9352965502823754e-09,0.4992816704162441,2.632051939880745e-09,0.0014041591461476227,9.805874310262532e-08,2.9238684013396637e-07
EFT:1.0104241096782794e-05,2.122547334954209e-06,1.987322000788117e-05,0.499281670416237,6.935296550282277e-09,0.4992816704162441,2.6320519398807075e-09,0.0014041591461476227,9.805874310262393e-08,2.9238684013396224e-07
Random9380
Raw:1.0104241096782867e-05,2.122547334954224e-06,1.987322000788131e-05,0.49928167041624055,6.935296550282326e-09,0.49928167041624055,2.6320519398807265e-09,0.0014041591461476327,9.805874310262462e-08,2.923868401339643e-07
EFT:1.0104241096782794e-05,2.122547334954209e-06,1.987322000788117e-05,0.499281670416237,6.935296550282277e-09,0.4992816704162441,2.6320519398807075e-09,0.0014041591461476227,9.805874310262393e-08,2.9238684013396224e-07
Random9381
Raw:1.0104241096782938e-05,2.1225473349541788e-06,1.9873220007880885e-05,0.499281670416237,6.935296550282277e-09,0.4992816704162441,2.632051939880745e-09,0.0014041591461476026,9.805874310262532e-08,2.9238684013396224e-07
EFT:1.0104241096782794e-05,2.122547334954209e-06,1.987322000788117e-05,0.499281670416237,6.935296550282277e-09,0.4992816704162441,2.6320519398807075e-09,0.0014041591461476227,9.805874310262393e-08,2.9238684013396224e-07
Random9382
Raw:1.0104241096782867e-05,2.122547334954224e-06,1.987322000788131e-05,0.49928167041624055,6.935296550282326e-09,0.49928167041624055,2.6320519398807638e-09,0.0014041591461476327,9.805874310262462e-08,2.923868401339643e-07
EFT:1.0104241096782794e-05,2.122547334954209e-06,1.987322000788117e-05,0.499281670416237,6.935296550282277e-09,0.4992816704162441,2.6320519398807075e-09,0.0014041591461476227,9.805874310262393e-08,2.9238684013396224e-07
Random9383
Raw:1.0104241096782938e-05,2.122547334954209e-06,1.987322000788117e-05,0.499281670416237,6.9352965502823754e-09,0.4992816704162441,2.632051939880745e-09,0.0014041591461476227,9.805874310262672e-08,2.9238684013396637e-07
EFT:1.0104241096782794e-05,2.122547334954209e-06,1.987322000788117e-05,0.499281670416237,6.935296550282277e-09,0.4992816704162441,2.6320519398807075e-09,0.0014041591461476227,9.805874310262393e-08,2.9238684013396224e-07
Random9384
Raw:1.0104241096782938e-05,2.122547334954209e-06,1.987322000788117e-05,0.499281670416237,6.935296550282277e-09,0.4992816704162441,2.632051939880745e-09,0.0014041591461476227,9.805874310262532e-08,2.9238684013396224e-07
EFT:1.0104241096782794e-05,2.122547334954209e-06,1.987322000788117e-05,0.499281670416237,6.935296550282277e-09,0.4992816704162441,2.6320519398807075e-09,0.0014041591461476227,9.805874310262393e-08,2.9238684013396224e-07
Random9385
Raw:1.0104241096782867e-05,2.122547334954224e-06,1.9873220007881028e-05,0.49928167041624055,6.935296550282326e-09,0.49928167041624055,2.6320519398807265e-09,0.0014041591461476327,9.805874310262323e-08,2.923868401339643e-07
EFT:1.0104241096782794e-05,2.122547334954209e-06,1.987322000788117e-05,0.499281670416237,6.935296550282277e-09,0.4992816704162441,2.6320519398807075e-09,0.0014041591461476227,9.805874310262393e-08,2.9238684013396224e-07
Random9386
Raw:1.0104241096783009e-05,2.122547334954194e-06,1.9873220007881028e-05,0.49928167041623345,6.935296550282327e-09,0.49928167041624766,2.6320519398807638e-09,0.0014041591461476327,9.805874310262462e-08,2.9238684013396436e-07
EFT:1.0104241096782794e-05,2.122547334954209e-06,1.987322000788117e-05,0.499281670416237,6.935296550282277e-09,0.4992816704162441,2.6320519398807075e-09,0.0014041591461476227,9.805874310262393e-08,2.9238684013396224e-07
Random9387
Raw:1.0104241096782938e-05,2.122547334954209e-06,1.9873220007880885e-05,0.499281670416237,6.935296550282277e-09,0.4992816704162441,2.632051939880745e-09,0.0014041591461476227,9.805874310262532e-08,2.9238684013396224e-07
EFT:1.0104241096782794e-05,2.122547334954209e-06,1.987322000788117e-05,0.499281670416237,6.935296550282277e-09,0.4992816704162441,2.6320519398807075e-09,0.0014041591461476227,9.805874310262393e-08,2.9238684013396224e-07
Random9388
Raw:1.0104241096782865e-05,2.122547334954194e-06,1.9873220007881028e-05,0.49928167041623345,6.935296550282228e-09,0.49928167041624766,2.632051939880726e-09,0.0014041591461476126,9.805874310262462e-08,2.9238684013396436e-07
EFT:1.0104241096782794e-05,2.122547334954209e-06,1.987322000788117e-05,0.499281670416237,6.935296550282277e-09,0.4992816704162441,2.6320519398807075e-09,0.0014041591461476227,9.805874310262393e-08,2.9238684013396224e-07
Random9389
Raw:1.0104241096782867e-05,2.122547334954224e-06,1.9873220007881028e-05,0.49928167041624055,6.935296550282326e-09,0.49928167041624055,2.6320519398807265e-09,0.0014041591461476128,9.805874310262462e-08,2.923868401339643e-07
EFT:1.0104241096782794e-05,2.122547334954209e-06,1.987322000788117e-05,0.499281670416237,6.935296550282277e-09,0.4992816704162441,2.6320519398807075e-09,0.0014041591461476227,9.805874310262393e-08,2.9238684013396224e-07
Random9390
Raw:1.0104241096782867e-05,2.122547334954224e-06,1.987322000788131e-05,0.49928167041624055,6.935296550282326e-09,0.49928167041624055,2.6320519398807265e-09,0.0014041591461476327,9.805874310262462e-08,2.923868401339643e-07
EFT:1.0104241096782794e-05,2.122547334954209e-06,1.987322000788117e-05,0.499281670416237,6.935296550282277e-09,0.4992816704162441,2.6320519398807075e-09,0.0014041591461476227,9.805874310262393e-08,2.9238684013396224e-07
Random9391
Raw:1.0104241096782867e-05,2.122547334954224e-06,1.9873220007881028e-05,0.49928167041624055,6.935296550282326e-09,0.49928167041624055,2.6320519398807265e-09,0.0014041591461476128,9.805874310262462e-08,2.923868401339643e-07
EFT:1.0104241096782794e-05,2.122547334954209e-06,1.987322000788117e-05,0.499281670416237,6.935296550282277e-09,0.4992816704162441,2.6320519398807075e-09,0.0014041591461476227,9.805874310262393e-08,2.9238684013396224e-07
Random9392
Raw:1.0104241096782938e-05,2.122547334954209e-06,1.987322000788117e-05,0.499281670416237,6.935296550282277e-09,0.4992816704162441,2.632051939880745e-09,0.0014041591461476227,9.805874310262532e-08,2.9238684013396224e-07
EFT:1.0104241096782794e-05,2.122547334954209e-06,1.987322000788117e-05,0.499281670416237,6.935296550282277e-09,0.4992816704162441,2.6320519398807075e-09,0.0014041591461476227,9.805874310262393e-08,2.9238684013396224e-07
Random9393
Raw:1.0104241096782938e-05,2.122547334954209e-06,1.987322000788117e-05,0.499281670416237,6.9352965502823754e-09,0.4992816704162441,2.632051939880745e-09,0.0014041591461476227,9.805874310262532e-08,2.9238684013396637e-07
EFT:1.0104241096782794e-05,2.122547334954209e-06,1.987322000788117e-05,0.499281670416237,6.935296550282277e-09,0.4992816704162441,2.6320519398807075e-09,0.0014041591461476227,9.805874310262393e-08,2.9238684013396224e-07
Random9394
Raw:1.0104241096782938e-05,2.122547334954209e-06,1.9873220007880885e-05,0.499281670416237,6.935296550282277e-09,0.4992816704162441,2.632051939880745e-09,0.0014041591461476227,9.805874310262532e-08,2.9238684013396224e-07
EFT:1.0104241096782794e-05,2.122547334954209e-06,1.987322000788117e-05,0.499281670416237,6.935296550282277e-09,0.4992816704162441,2.6320519398807075e-09,0.0014041591461476227,9.805874310262393e-08,2.9238684013396224e-07
Random9395
Raw:1.0104241096783009e-05,2.122547334954194e-06,1.9873220007881028e-05,0.49928167041623345,6.935296550282327e-09,0.49928167041624766,2.6320519398807638e-09,0.0014041591461476327,9.805874310262462e-08,2.9238684013396436e-07
EFT:1.0104241096782794e-05,2.122547334954209e-06,1.987322000788117e-05,0.499281670416237,6.935296550282277e-09,0.4992816704162441,2.6320519398807075e-09,0.0014041591461476227,9.805874310262393e-08,2.9238684013396224e-07
Random9396
Raw:1.0104241096782867e-05,2.122547334954224e-06,1.987322000788131e-05,0.49928167041624055,6.935296550282326e-09,0.49928167041624055,2.6320519398807265e-09,0.0014041591461476327,9.805874310262462e-08,2.923868401339643e-07
EFT:1.0104241096782794e-05,2.122547334954209e-06,1.987322000788117e-05,0.499281670416237,6.935296550282277e-09,0.4992816704162441,2.6320519398807075e-09,0.0014041591461476227,9.805874310262393e-08,2.9238684013396224e-07
Random9397
Raw:1.0104241096782794e-05,2.122547334954209e-06,1.9873220007880885e-05,0.499281670416237,6.9352965502821786e-09,0.4992816704162441,2.6320519398807075e-09,0.0014041591461476026,9.805874310262393e-08,2.9238684013396224e-07
EFT:1.0104241096782794e-05,2.122547334954209e-06,1.987322000788117e-05,0.499281670416237,6.935296550282277e-09,0.4992816704162441,2.6320519398807075e-09,0.0014041591461476227,9.805874310262393e-08,2.9238684013396224e-07
Random9398
Raw:1.0104241096782938e-05,2.122547334954239e-06,1.987322000788117e-05,0.499281670416237,6.935296550282277e-09,0.4992816704162441,2.632051939880745e-09,0.0014041591461476427,9.805874310262532e-08,2.9238684013396224e-07
EFT:1.0104241096782794e-05,2.122547334954209e-06,1.987322000788117e-05,0.499281670416237,6.935296550282277e-09,0.4992816704162441,2.6320519398807075e-09,0.0014041591461476227,9.805874310262393e-08,2.9238684013396224e-07
Random9399
Raw:1.0104241096783009e-05,2.122547334954224e-06,1.987322000788131e-05,0.49928167041623345,6.935296550282327e-09,0.49928167041624766,2.6320519398807638e-09,0.0014041591461476327,9.805874310262601e-08,2.9238684013396436e-07
EFT:1.0104241096782794e-05,2.122547334954209e-06,1.987322000788117e-05,0.499281670416237,6.935296550282277e-09,0.4992816704162441,2.6320519398807075e-09,0.0014041591461476227,9.805874310262393e-08,2.9238684013396224e-07
Random9400
Raw:1.0104241096782938e-05,2.122547334954209e-06,1.987322000788117e-05,0.499281670416237,6.935296550282277e-09,0.4992816704162441,2.632051939880745e-09,0.0014041591461476427,9.805874310262393e-08,2.9238684013396224e-07
EFT:1.0104241096782794e-05,2.122547334954209e-06,1.987322000788117e-05,0.499281670416237,6.935296550282277e-09,0.4992816704162441,2.6320519398807075e-09,0.0014041591461476227,9.805874310262393e-08,2.9238684013396224e-07
Random9401
Raw:1.0104241096782938e-05,2.1225473349541788e-06,1.9873220007880885e-05,0.4992816704162299,6.935296550282277e-09,0.49928167041625116,2.6320519398807828e-09,0.0014041591461476026,9.805874310262532e-08,2.923868401339664e-07
EFT:1.0104241096782794e-05,2.122547334954209e-06,1.987322000788117e-05,0.499281670416237,6.935296550282277e-09,0.4992816704162441,2.6320519398807075e-09,0.0014041591461476227,9.805874310262393e-08,2.9238684013396224e-07
Random9402
Raw:1.0104241096782938e-05,2.122547334954239e-06,1.987322000788117e-05,0.499281670416237,6.935296550282277e-09,0.4992816704162441,2.632051939880745e-09,0.0014041591461476427,9.805874310262532e-08,2.9238684013396224e-07
EFT:1.0104241096782794e-05,2.122547334954209e-06,1.987322000788117e-05,0.499281670416237,6.935296550282277e-09,0.4992816704162441,2.6320519398807075e-09,0.0014041591461476227,9.805874310262393e-08,2.9238684013396224e-07
Random9403
Raw:1.0104241096782938e-05,2.122547334954209e-06,1.987322000788117e-05,0.499281670416237,6.9352965502823754e-09,0.4992816704162441,2.632051939880745e-09,0.0014041591461476227,9.805874310262393e-08,2.9238684013396637e-07
EFT:1.0104241096782794e-05,2.122547334954209e-06,1.987322000788117e-05,0.499281670416237,6.935296550282277e-09,0.4992816704162441,2.6320519398807075e-09,0.0014041591461476227,9.805874310262393e-08,2.9238684013396224e-07
Random9404
Raw:1.0104241096782938e-05,2.122547334954239e-06,1.987322000788117e-05,0.499281670416237,6.9352965502823754e-09,0.4992816704162441,2.6320519398807824e-09,0.0014041591461476227,9.805874310262532e-08,2.9238684013396637e-07
EFT:1.0104241096782794e-05,2.122547334954209e-06,1.987322000788117e-05,0.499281670416237,6.935296550282277e-09,0.4992816704162441,2.6320519398807075e-09,0.0014041591461476227,9.805874310262393e-08,2.9238684013396224e-07
Random9405
Raw:1.0104241096782794e-05,2.122547334954209e-06,1.987322000788117e-05,0.4992816704162441,6.935296550282277e-09,0.499281670416237,2.63205193988067e-09,0.0014041591461476227,9.805874310262254e-08,2.9238684013396224e-07
EFT:1.0104241096782794e-05,2.122547334954209e-06,1.987322000788117e-05,0.499281670416237,6.935296550282277e-09,0.4992816704162441,2.6320519398807075e-09,0.0014041591461476227,9.805874310262393e-08,2.9238684013396224e-07
Random9406
Raw:1.0104241096783009e-05,2.122547334954224e-06,1.987322000788131e-05,0.49928167041623345,6.935296550282327e-09,0.49928167041624766,2.6320519398807638e-09,0.0014041591461476327,9.805874310262462e-08,2.923868401339685e-07
EFT:1.0104241096782794e-05,2.122547334954209e-06,1.987322000788117e-05,0.499281670416237,6.935296550282277e-09,0.4992816704162441,2.6320519398807075e-09,0.0014041591461476227,9.805874310262393e-08,2.9238684013396224e-07
Random9407
Raw:1.0104241096782794e-05,2.122547334954209e-06,1.9873220007880885e-05,0.499281670416237,6.935296550282277e-09,0.4992816704162441,2.632051939880745e-09,0.0014041591461476227,9.805874310262254e-08,2.9238684013396224e-07
EFT:1.0104241096782794e-05,2.122547334954209e-06,1.987322000788117e-05,0.499281670416237,6.935296550282277e-09,0.4992816704162441,2.6320519398807075e-09,0.0014041591461476227,9.805874310262393e-08,2.9238684013396224e-07
Random9408
Raw:1.0104241096782867e-05,2.122547334954224e-06,1.9873220007881028e-05,0.49928167041624055,6.935296550282326e-09,0.49928167041624055,2.6320519398807638e-09,0.0014041591461476128,9.805874310262462e-08,2.923868401339643e-07
EFT:1.0104241096782794e-05,2.122547334954209e-06,1.987322000788117e-05,0.499281670416237,6.935296550282277e-09,0.4992816704162441,2.6320519398807075e-09,0.0014041591461476227,9.805874310262393e-08,2.9238684013396224e-07
Random9409
Raw:1.0104241096782867e-05,2.122547334954224e-06,1.9873220007881028e-05,0.49928167041624055,6.935296550282326e-09,0.49928167041624055,2.6320519398807265e-09,0.0014041591461476327,9.805874310262323e-08,2.923868401339643e-07
EFT:1.0104241096782794e-05,2.122547334954209e-06,1.987322000788117e-05,0.499281670416237,6.935296550282277e-09,0.4992816704162441,2.6320519398807075e-09,0.0014041591461476227,9.805874310262393e-08,2.9238684013396224e-07
Random9410
Raw:1.0104241096782867e-05,2.122547334954224e-06,1.9873220007881028e-05,0.49928167041624055,6.935296550282326e-09,0.49928167041624055,2.6320519398807265e-09,0.0014041591461476128,9.805874310262462e-08,2.923868401339643e-07
EFT:1.0104241096782794e-05,2.122547334954209e-06,1.987322000788117e-05,0.499281670416237,6.935296550282277e-09,0.4992816704162441,2.6320519398807075e-09,0.0014041591461476227,9.805874310262393e-08,2.9238684013396224e-07
Random9411
Raw:1.0104241096782938e-05,2.122547334954209e-06,1.9873220007880885e-05,0.499281670416237,6.935296550282277e-09,0.4992816704162441,2.632051939880745e-09,0.0014041591461476227,9.805874310262393e-08,2.9238684013396224e-07
EFT:1.0104241096782794e-05,2.122547334954209e-06,1.987322000788117e-05,0.499281670416237,6.935296550282277e-09,0.4992816704162441,2.6320519398807075e-09,0.0014041591461476227,9.805874310262393e-08,2.9238684013396224e-07
Random9412
Raw:1.0104241096782867e-05,2.122547334954224e-06,1.987322000788131e-05,0.49928167041624055,6.935296550282326e-09,0.49928167041624055,2.6320519398807638e-09,0.0014041591461476327,9.805874310262462e-08,2.923868401339643e-07
EFT:1.0104241096782794e-05,2.122547334954209e-06,1.987322000788117e-05,0.499281670416237,6.935296550282277e-09,0.4992816704162441,2.6320519398807075e-09,0.0014041591461476227,9.805874310262393e-08,2.9238684013396224e-07
Random9413
Raw:1.0104241096782938e-05,2.1225473349541788e-06,1.9873220007880885e-05,0.499281670416237,6.935296550282277e-09,0.4992816704162441,2.632051939880745e-09,0.0014041591461476026,9.805874310262532e-08,2.9238684013396224e-07
EFT:1.0104241096782794e-05,2.122547334954209e-06,1.987322000788117e-05,0.499281670416237,6.935296550282277e-09,0.4992816704162441,2.6320519398807075e-09,0.0014041591461476227,9.805874310262393e-08,2.9238684013396224e-07
Random9414
Raw:1.0104241096782867e-05,2.122547334954224e-06,1.987322000788131e-05,0.49928167041624055,6.935296550282326e-09,0.49928167041624055,2.6320519398807265e-09,0.0014041591461476327,9.805874310262462e-08,2.923868401339643e-07
EFT:1.0104241096782794e-05,2.122547334954209e-06,1.987322000788117e-05,0.499281670416237,6.935296550282277e-09,0.4992816704162441,2.6320519398807075e-09,0.0014041591461476227,9.805874310262393e-08,2.9238684013396224e-07
Random9415
Raw:1.0104241096782867e-05,2.122547334954224e-06,1.987322000788131e-05,0.49928167041624055,6.935296550282326e-09,0.49928167041624055,2.6320519398807638e-09,0.0014041591461476327,9.805874310262462e-08,2.923868401339643e-07
EFT:1.0104241096782794e-05,2.122547334954209e-06,1.987322000788117e-05,0.499281670416237,6.935296550282277e-09,0.4992816704162441,2.6320519398807075e-09,0.0014041591461476227,9.805874310262393e-08,2.9238684013396224e-07
Random9416
Raw:1.0104241096783009e-05,2.122547334954194e-06,1.9873220007881028e-05,0.49928167041623345,6.935296550282327e-09,0.49928167041624766,2.6320519398807638e-09,0.0014041591461476327,9.805874310262462e-08,2.9238684013396436e-07
EFT:1.0104241096782794e-05,2.122547334954209e-06,1.987322000788117e-05,0.499281670416237,6.935296550282277e-09,0.4992816704162441,2.6320519398807075e-09,0.0014041591461476227,9.805874310262393e-08,2.9238684013396224e-07
Random9417
Raw:1.0104241096782938e-05,2.122547334954209e-06,1.9873220007880885e-05,0.499281670416237,6.935296550282277e-09,0.4992816704162441,2.632051939880745e-09,0.0014041591461476227,9.805874310262532e-08,2.9238684013396224e-07
EFT:1.0104241096782794e-05,2.122547334954209e-06,1.987322000788117e-05,0.499281670416237,6.935296550282277e-09,0.4992816704162441,2.6320519398807075e-09,0.0014041591461476227,9.805874310262393e-08,2.9238684013396224e-07
Random9418
Raw:1.0104241096782865e-05,2.122547334954194e-06,1.9873220007881028e-05,0.49928167041623345,6.935296550282327e-09,0.49928167041624766,2.632051939880726e-09,0.0014041591461476126,9.805874310262462e-08,2.9238684013396436e-07
EFT:1.0104241096782794e-05,2.122547334954209e-06,1.987322000788117e-05,0.499281670416237,6.935296550282277e-09,0.4992816704162441,2.6320519398807075e-09,0.0014041591461476227,9.805874310262393e-08,2.9238684013396224e-07
Random9419
Raw:1.0104241096782865e-05,2.122547334954194e-06,1.9873220007881028e-05,0.49928167041623345,6.935296550282327e-09,0.49928167041624766,2.632051939880726e-09,0.0014041591461476126,9.805874310262462e-08,2.9238684013396436e-07
EFT:1.0104241096782794e-05,2.122547334954209e-06,1.987322000788117e-05,0.499281670416237,6.935296550282277e-09,0.4992816704162441,2.6320519398807075e-09,0.0014041591461476227,9.805874310262393e-08,2.9238684013396224e-07
Random9420
Raw:1.0104241096782938e-05,2.122547334954239e-06,1.9873220007880885e-05,0.499281670416237,6.935296550282277e-09,0.4992816704162441,2.632051939880745e-09,0.0014041591461476227,9.805874310262532e-08,2.9238684013396224e-07
EFT:1.0104241096782794e-05,2.122547334954209e-06,1.987322000788117e-05,0.499281670416237,6.935296550282277e-09,0.4992816704162441,2.6320519398807075e-09,0.0014041591461476227,9.805874310262393e-08,2.9238684013396224e-07
Random9421
Raw:1.0104241096782867e-05,2.122547334954224e-06,1.987322000788131e-05,0.49928167041624055,6.935296550282326e-09,0.49928167041624055,2.6320519398807265e-09,0.0014041591461476128,9.805874310262462e-08,2.923868401339643e-07
EFT:1.0104241096782794e-05,2.122547334954209e-06,1.987322000788117e-05,0.499281670416237,6.935296550282277e-09,0.4992816704162441,2.6320519398807075e-09,0.0014041591461476227,9.805874310262393e-08,2.9238684013396224e-07
Random9422
Raw:1.0104241096782867e-05,2.122547334954194e-06,1.9873220007881028e-05,0.49928167041624055,6.935296550282228e-09,0.49928167041624055,2.632051939880689e-09,0.0014041591461476327,9.805874310262323e-08,2.923868401339602e-07
EFT:1.0104241096782794e-05,2.122547334954209e-06,1.987322000788117e-05,0.499281670416237,6.935296550282277e-09,0.4992816704162441,2.6320519398807075e-09,0.0014041591461476227,9.805874310262393e-08,2.9238684013396224e-07
Random9423
Raw:1.0104241096782794e-05,2.122547334954209e-06,1.987322000788117e-05,0.499281670416237,6.935296550282277e-09,0.4992816704162441,2.632051939880745e-09,0.0014041591461476227,9.805874310262254e-08,2.9238684013396224e-07
EFT:1.0104241096782794e-05,2.122547334954209e-06,1.987322000788117e-05,0.499281670416237,6.935296550282277e-09,0.4992816704162441,2.6320519398807075e-09,0.0014041591461476227,9.805874310262393e-08,2.9238684013396224e-07
Random9424
Raw:1.0104241096782938e-05,2.122547334954239e-06,1.987322000788117e-05,0.499281670416237,6.9352965502823754e-09,0.4992816704162441,2.6320519398807824e-09,0.0014041591461476227,9.805874310262532e-08,2.9238684013396637e-07
EFT:1.0104241096782794e-05,2.122547334954209e-06,1.987322000788117e-05,0.499281670416237,6.935296550282277e-09,0.4992816704162441,2.6320519398807075e-09,0.0014041591461476227,9.805874310262393e-08,2.9238684013396224e-07
Random9425
Raw:1.0104241096782867e-05,2.122547334954224e-06,1.9873220007881028e-05,0.49928167041624055,6.935296550282326e-09,0.49928167041624055,2.6320519398807265e-09,0.0014041591461476327,9.805874310262323e-08,2.923868401339643e-07
EFT:1.0104241096782794e-05,2.122547334954209e-06,1.987322000788117e-05,0.499281670416237,6.935296550282277e-09,0.4992816704162441,2.6320519398807075e-09,0.0014041591461476227,9.805874310262393e-08,2.9238684013396224e-07
Random9426
Raw:1.0104241096782938e-05,2.122547334954239e-06,1.987322000788145e-05,0.499281670416237,6.935296550282277e-09,0.4992816704162441,2.632051939880745e-09,0.0014041591461476427,9.805874310262393e-08,2.9238684013396637e-07
EFT:1.0104241096782794e-05,2.122547334954209e-06,1.987322000788117e-05,0.499281670416237,6.935296550282277e-09,0.4992816704162441,2.6320519398807075e-09,0.0014041591461476227,9.805874310262393e-08,2.9238684013396224e-07
Random9427
Raw:1.0104241096782794e-05,2.122547334954209e-06,1.987322000788117e-05,0.499281670416237,6.935296550282277e-09,0.4992816704162441,2.6320519398807075e-09,0.0014041591461476227,9.805874310262393e-08,2.9238684013396224e-07
EFT:1.0104241096782794e-05,2.122547334954209e-06,1.987322000788117e-05,0.499281670416237,6.935296550282277e-09,0.4992816704162441,2.6320519398807075e-09,0.0014041591461476227,9.805874310262393e-08,2.9238684013396224e-07
Random9428
Raw:1.0104241096782938e-05,2.122547334954239e-06,1.987322000788117e-05,0.499281670416237,6.9352965502823754e-09,0.4992816704162441,2.6320519398807824e-09,0.0014041591461476227,9.805874310262532e-08,2.9238684013396637e-07
EFT:1.0104241096782794e-05,2.122547334954209e-06,1.987322000788117e-05,0.499281670416237,6.935296550282277e-09,0.4992816704162441,2.6320519398807075e-09,0.0014041591461476227,9.805874310262393e-08,2.9238684013396224e-07
Random9429
Raw:1.0104241096782867e-05,2.122547334954224e-06,1.987322000788131e-05,0.49928167041624055,6.935296550282326e-09,0.49928167041624055,2.6320519398807638e-09,0.0014041591461476128,9.805874310262462e-08,2.923868401339643e-07
EFT:1.0104241096782794e-05,2.122547334954209e-06,1.987322000788117e-05,0.499281670416237,6.935296550282277e-09,0.4992816704162441,2.6320519398807075e-09,0.0014041591461476227,9.805874310262393e-08,2.9238684013396224e-07
Random9430
Raw:1.0104241096782867e-05,2.122547334954224e-06,1.9873220007881028e-05,0.49928167041624055,6.935296550282326e-09,0.49928167041624055,2.6320519398807265e-09,0.0014041591461476327,9.805874310262602e-08,2.923868401339643e-07
EFT:1.0104241096782794e-05,2.122547334954209e-06,1.987322000788117e-05,0.499281670416237,6.935296550282277e-09,0.4992816704162441,2.6320519398807075e-09,0.0014041591461476227,9.805874310262393e-08,2.9238684013396224e-07
Random9431
Raw:1.0104241096782938e-05,2.122547334954209e-06,1.987322000788117e-05,0.499281670416237,6.935296550282277e-09,0.4992816704162441,2.632051939880745e-09,0.0014041591461476227,9.805874310262532e-08,2.9238684013396224e-07
EFT:1.0104241096782794e-05,2.122547334954209e-06,1.987322000788117e-05,0.499281670416237,6.935296550282277e-09,0.4992816704162441,2.6320519398807075e-09,0.0014041591461476227,9.805874310262393e-08,2.9238684013396224e-07
Random9432
Raw:1.0104241096782867e-05,2.122547334954224e-06,1.9873220007881028e-05,0.49928167041624055,6.935296550282326e-09,0.49928167041624055,2.6320519398807638e-09,0.0014041591461476128,9.805874310262462e-08,2.923868401339643e-07
EFT:1.0104241096782794e-05,2.122547334954209e-06,1.987322000788117e-05,0.499281670416237,6.935296550282277e-09,0.4992816704162441,2.6320519398807075e-09,0.0014041591461476227,9.805874310262393e-08,2.9238684013396224e-07
Random9433
Raw:1.0104241096782938e-05,2.1225473349541788e-06,1.9873220007880885e-05,0.499281670416237,6.935296550282277e-09,0.4992816704162441,2.632051939880745e-09,0.0014041591461476026,9.805874310262532e-08,2.9238684013396224e-07
EFT:1.0104241096782794e-05,2.122547334954209e-06,1.987322000788117e-05,0.499281670416237,6.935296550282277e-09,0.4992816704162441,2.6320519398807075e-09,0.0014041591461476227,9.805874310262393e-08,2.9238684013396224e-07
Random9434
Raw:1.0104241096782938e-05,2.122547334954209e-06,1.987322000788117e-05,0.499281670416237,6.935296550282277e-09,0.4992816704162441,2.632051939880745e-09,0.0014041591461476227,9.805874310262532e-08,2.9238684013396224e-07
EFT:1.0104241096782794e-05,2.122547334954209e-06,1.987322000788117e-05,0.499281670416237,6.935296550282277e-09,0.4992816704162441,2.6320519398807075e-09,0.0014041591461476227,9.805874310262393e-08,2.9238684013396224e-07
Random9435
Raw:1.0104241096783009e-05,2.122547334954224e-06,1.987322000788131e-05,0.49928167041623345,6.935296550282327e-09,0.49928167041624766,2.6320519398807638e-09,0.0014041591461476327,9.805874310262462e-08,2.923868401339685e-07
EFT:1.0104241096782794e-05,2.122547334954209e-06,1.987322000788117e-05,0.499281670416237,6.935296550282277e-09,0.4992816704162441,2.6320519398807075e-09,0.0014041591461476227,9.805874310262393e-08,2.9238684013396224e-07
Random9436
Raw:1.0104241096782867e-05,2.1225473349542546e-06,1.987322000788131e-05,0.49928167041624055,6.935296550282326e-09,0.49928167041624055,2.6320519398807638e-09,0.0014041591461476327,9.805874310262462e-08,2.923868401339643e-07
EFT:1.0104241096782794e-05,2.122547334954209e-06,1.987322000788117e-05,0.499281670416237,6.935296550282277e-09,0.4992816704162441,2.6320519398807075e-09,0.0014041591461476227,9.805874310262393e-08,2.9238684013396224e-07
Random9437
Raw:1.0104241096782938e-05,2.1225473349541788e-06,1.9873220007880885e-05,0.499281670416237,6.935296550282277e-09,0.4992816704162441,2.632051939880745e-09,0.0014041591461476026,9.805874310262532e-08,2.9238684013396224e-07
EFT:1.0104241096782794e-05,2.122547334954209e-06,1.987322000788117e-05,0.499281670416237,6.935296550282277e-09,0.4992816704162441,2.6320519398807075e-09,0.0014041591461476227,9.805874310262393e-08,2.9238684013396224e-07
Random9438
Raw:1.0104241096782938e-05,2.122547334954209e-06,1.987322000788117e-05,0.499281670416237,6.9352965502823754e-09,0.4992816704162441,2.632051939880745e-09,0.0014041591461476227,9.805874310262393e-08,2.9238684013396637e-07
EFT:1.0104241096782794e-05,2.122547334954209e-06,1.987322000788117e-05,0.499281670416237,6.935296550282277e-09,0.4992816704162441,2.6320519398807075e-09,0.0014041591461476227,9.805874310262393e-08,2.9238684013396224e-07
Random9439
Raw:1.0104241096782867e-05,2.122547334954224e-06,1.987322000788131e-05,0.49928167041624055,6.935296550282326e-09,0.49928167041624055,2.6320519398807265e-09,0.0014041591461476327,9.805874310262323e-08,2.923868401339643e-07
EFT:1.0104241096782794e-05,2.122547334954209e-06,1.987322000788117e-05,0.499281670416237,6.935296550282277e-09,0.4992816704162441,2.6320519398807075e-09,0.0014041591461476227,9.805874310262393e-08,2.9238684013396224e-07
Random9440
Raw:1.0104241096782938e-05,2.122547334954209e-06,1.987322000788117e-05,0.499281670416237,6.9352965502823754e-09,0.4992816704162441,2.6320519398807824e-09,0.0014041591461476227,9.805874310262532e-08,2.9238684013396637e-07
EFT:1.0104241096782794e-05,2.122547334954209e-06,1.987322000788117e-05,0.499281670416237,6.935296550282277e-09,0.4992816704162441,2.6320519398807075e-09,0.0014041591461476227,9.805874310262393e-08,2.9238684013396224e-07
Random9441
Raw:1.0104241096782794e-05,2.122547334954209e-06,1.9873220007880885e-05,0.499281670416237,6.935296550282277e-09,0.4992816704162441,2.632051939880745e-09,0.0014041591461476227,9.805874310262254e-08,2.9238684013396224e-07
EFT:1.0104241096782794e-05,2.122547334954209e-06,1.987322000788117e-05,0.499281670416237,6.935296550282277e-09,0.4992816704162441,2.6320519398807075e-09,0.0014041591461476227,9.805874310262393e-08,2.9238684013396224e-07
Random9442
Raw:1.0104241096782865e-05,2.122547334954194e-06,1.9873220007881028e-05,0.49928167041623345,6.935296550282228e-09,0.49928167041624766,2.632051939880726e-09,0.0014041591461476327,9.805874310262184e-08,2.923868401339602e-07
EFT:1.0104241096782794e-05,2.122547334954209e-06,1.987322000788117e-05,0.499281670416237,6.935296550282277e-09,0.4992816704162441,2.6320519398807075e-09,0.0014041591461476227,9.805874310262393e-08,2.9238684013396224e-07
Random9443
Raw:1.0104241096783009e-05,2.122547334954224e-06,1.987322000788131e-05,0.49928167041623345,6.935296550282327e-09,0.49928167041624766,2.6320519398807638e-09,0.0014041591461476327,9.805874310262601e-08,2.9238684013396436e-07
EFT:1.0104241096782794e-05,2.122547334954209e-06,1.987322000788117e-05,0.499281670416237,6.935296550282277e-09,0.4992816704162441,2.6320519398807075e-09,0.0014041591461476227,9.805874310262393e-08,2.9238684013396224e-07
Random9444
Raw:1.0104241096783009e-05,2.122547334954194e-06,1.9873220007881028e-05,0.49928167041623345,6.935296550282327e-09,0.49928167041624766,2.6320519398807638e-09,0.0014041591461476126,9.805874310262601e-08,2.9238684013396436e-07
EFT:1.0104241096782794e-05,2.122547334954209e-06,1.987322000788117e-05,0.499281670416237,6.935296550282277e-09,0.4992816704162441,2.6320519398807075e-09,0.0014041591461476227,9.805874310262393e-08,2.9238684013396224e-07
Random9445
Raw:1.0104241096782867e-05,2.122547334954224e-06,1.987322000788131e-05,0.49928167041624055,6.935296550282326e-09,0.49928167041624055,2.6320519398807265e-09,0.0014041591461476128,9.805874310262462e-08,2.923868401339643e-07
EFT:1.0104241096782794e-05,2.122547334954209e-06,1.987322000788117e-05,0.499281670416237,6.935296550282277e-09,0.4992816704162441,2.6320519398807075e-09,0.0014041591461476227,9.805874310262393e-08,2.9238684013396224e-07
Random9446
Raw:1.0104241096782938e-05,2.122547334954239e-06,1.987322000788145e-05,0.499281670416237,6.935296550282277e-09,0.4992816704162441,2.632051939880745e-09,0.0014041591461476427,9.805874310262532e-08,2.9238684013396224e-07
EFT:1.0104241096782794e-05,2.122547334954209e-06,1.987322000788117e-05,0.499281670416237,6.935296550282277e-09,0.4992816704162441,2.6320519398807075e-09,0.0014041591461476227,9.805874310262393e-08,2.9238684013396224e-07
Random9447
Raw:1.0104241096783009e-05,2.122547334954194e-06,1.9873220007881028e-05,0.49928167041623345,6.935296550282327e-09,0.49928167041624766,2.6320519398807638e-09,0.0014041591461476327,9.805874310262462e-08,2.9238684013396436e-07
EFT:1.0104241096782794e-05,2.122547334954209e-06,1.987322000788117e-05,0.499281670416237,6.935296550282277e-09,0.4992816704162441,2.6320519398807075e-09,0.0014041591461476227,9.805874310262393e-08,2.9238684013396224e-07
Random9448
Raw:1.0104241096783009e-05,2.122547334954224e-06,1.987322000788131e-05,0.49928167041623345,6.935296550282327e-09,0.49928167041624766,2.6320519398807638e-09,0.0014041591461476327,9.805874310262462e-08,2.923868401339685e-07
EFT:1.0104241096782794e-05,2.122547334954209e-06,1.987322000788117e-05,0.499281670416237,6.935296550282277e-09,0.4992816704162441,2.6320519398807075e-09,0.0014041591461476227,9.805874310262393e-08,2.9238684013396224e-07
Random9449
Raw:1.0104241096783009e-05,2.122547334954224e-06,1.987322000788131e-05,0.49928167041623345,6.935296550282327e-09,0.49928167041624766,2.6320519398807638e-09,0.0014041591461476327,9.805874310262462e-08,2.923868401339685e-07
EFT:1.0104241096782794e-05,2.122547334954209e-06,1.987322000788117e-05,0.499281670416237,6.935296550282277e-09,0.4992816704162441,2.6320519398807075e-09,0.0014041591461476227,9.805874310262393e-08,2.9238684013396224e-07
Random9450
Raw:1.0104241096783009e-05,2.122547334954224e-06,1.9873220007881028e-05,0.49928167041623345,6.935296550282327e-09,0.49928167041624766,2.6320519398807638e-09,0.0014041591461476327,9.805874310262601e-08,2.9238684013396436e-07
EFT:1.0104241096782794e-05,2.122547334954209e-06,1.987322000788117e-05,0.499281670416237,6.935296550282277e-09,0.4992816704162441,2.6320519398807075e-09,0.0014041591461476227,9.805874310262393e-08,2.9238684013396224e-07
Random9451
Raw:1.0104241096782794e-05,2.1225473349541788e-06,1.9873220007880885e-05,0.499281670416237,6.935296550282277e-09,0.4992816704162441,2.632051939880745e-09,0.0014041591461476026,9.805874310262254e-08,2.9238684013396224e-07
EFT:1.0104241096782794e-05,2.122547334954209e-06,1.987322000788117e-05,0.499281670416237,6.935296550282277e-09,0.4992816704162441,2.6320519398807075e-09,0.0014041591461476227,9.805874310262393e-08,2.9238684013396224e-07
Random9452
Raw:1.0104241096782938e-05,2.122547334954209e-06,1.987322000788117e-05,0.499281670416237,6.935296550282277e-09,0.4992816704162441,2.632051939880745e-09,0.0014041591461476227,9.805874310262532e-08,2.9238684013396224e-07
EFT:1.0104241096782794e-05,2.122547334954209e-06,1.987322000788117e-05,0.499281670416237,6.935296550282277e-09,0.4992816704162441,2.6320519398807075e-09,0.0014041591461476227,9.805874310262393e-08,2.9238684013396224e-07
Random9453
Raw:1.0104241096782867e-05,2.122547334954224e-06,1.987322000788131e-05,0.49928167041624055,6.935296550282326e-09,0.49928167041624055,2.6320519398807265e-09,0.0014041591461476128,9.805874310262462e-08,2.923868401339643e-07
EFT:1.0104241096782794e-05,2.122547334954209e-06,1.987322000788117e-05,0.499281670416237,6.935296550282277e-09,0.4992816704162441,2.6320519398807075e-09,0.0014041591461476227,9.805874310262393e-08,2.9238684013396224e-07
Random9454
Raw:1.0104241096782867e-05,2.122547334954224e-06,1.987322000788131e-05,0.49928167041624055,6.935296550282326e-09,0.49928167041624055,2.6320519398807265e-09,0.0014041591461476128,9.805874310262462e-08,2.923868401339643e-07
EFT:1.0104241096782794e-05,2.122547334954209e-06,1.987322000788117e-05,0.499281670416237,6.935296550282277e-09,0.4992816704162441,2.6320519398807075e-09,0.0014041591461476227,9.805874310262393e-08,2.9238684013396224e-07
Random9455
Raw:1.0104241096782938e-05,2.122547334954239e-06,1.9873220007880885e-05,0.499281670416237,6.935296550282277e-09,0.4992816704162441,2.632051939880745e-09,0.0014041591461476227,9.805874310262532e-08,2.9238684013396224e-07
EFT:1.0104241096782794e-05,2.122547334954209e-06,1.987322000788117e-05,0.499281670416237,6.935296550282277e-09,0.4992816704162441,2.6320519398807075e-09,0.0014041591461476227,9.805874310262393e-08,2.9238684013396224e-07
Random9456
Raw:1.0104241096783009e-05,2.122547334954194e-06,1.9873220007881028e-05,0.49928167041623345,6.935296550282327e-09,0.49928167041624766,2.6320519398807638e-09,0.0014041591461476327,9.805874310262462e-08,2.9238684013396436e-07
EFT:1.0104241096782794e-05,2.122547334954209e-06,1.987322000788117e-05,0.499281670416237,6.935296550282277e-09,0.4992816704162441,2.6320519398807075e-09,0.0014041591461476227,9.805874310262393e-08,2.9238684013396224e-07
Random9457
Raw:1.0104241096783009e-05,2.122547334954224e-06,1.987322000788131e-05,0.49928167041623345,6.935296550282327e-09,0.49928167041624766,2.6320519398807638e-09,0.0014041591461476327,9.805874310262462e-08,2.923868401339685e-07
EFT:1.0104241096782794e-05,2.122547334954209e-06,1.987322000788117e-05,0.499281670416237,6.935296550282277e-09,0.4992816704162441,2.6320519398807075e-09,0.0014041591461476227,9.805874310262393e-08,2.9238684013396224e-07
Random9458
Raw:1.0104241096782938e-05,2.122547334954209e-06,1.987322000788117e-05,0.499281670416237,6.935296550282277e-09,0.4992816704162441,2.632051939880745e-09,0.0014041591461476427,9.805874310262393e-08,2.9238684013396224e-07
EFT:1.0104241096782794e-05,2.122547334954209e-06,1.987322000788117e-05,0.499281670416237,6.935296550282277e-09,0.4992816704162441,2.6320519398807075e-09,0.0014041591461476227,9.805874310262393e-08,2.9238684013396224e-07
Random9459
Raw:1.0104241096782794e-05,2.122547334954209e-06,1.987322000788117e-05,0.499281670416237,6.9352965502821786e-09,0.4992816704162441,2.6320519398807075e-09,0.0014041591461476227,9.805874310262393e-08,2.9238684013396224e-07
EFT:1.0104241096782794e-05,2.122547334954209e-06,1.987322000788117e-05,0.499281670416237,6.935296550282277e-09,0.4992816704162441,2.6320519398807075e-09,0.0014041591461476227,9.805874310262393e-08,2.9238684013396224e-07
Random9460
Raw:1.0104241096782938e-05,2.1225473349541788e-06,1.9873220007880885e-05,0.499281670416237,6.935296550282277e-09,0.4992816704162441,2.632051939880745e-09,0.0014041591461476026,9.805874310262532e-08,2.9238684013396224e-07
EFT:1.0104241096782794e-05,2.122547334954209e-06,1.987322000788117e-05,0.499281670416237,6.935296550282277e-09,0.4992816704162441,2.6320519398807075e-09,0.0014041591461476227,9.805874310262393e-08,2.9238684013396224e-07
Random9461
Raw:1.0104241096782938e-05,2.122547334954209e-06,1.987322000788117e-05,0.499281670416237,6.9352965502823754e-09,0.4992816704162441,2.6320519398807824e-09,0.0014041591461476227,9.805874310262532e-08,2.9238684013396637e-07
EFT:1.0104241096782794e-05,2.122547334954209e-06,1.987322000788117e-05,0.499281670416237,6.935296550282277e-09,0.4992816704162441,2.6320519398807075e-09,0.0014041591461476227,9.805874310262393e-08,2.9238684013396224e-07
Random9462
Raw:1.0104241096782867e-05,2.122547334954224e-06,1.987322000788131e-05,0.49928167041624055,6.935296550282326e-09,0.49928167041624055,2.6320519398807638e-09,0.0014041591461476327,9.805874310262462e-08,2.923868401339643e-07
EFT:1.0104241096782794e-05,2.122547334954209e-06,1.987322000788117e-05,0.499281670416237,6.935296550282277e-09,0.4992816704162441,2.6320519398807075e-09,0.0014041591461476227,9.805874310262393e-08,2.9238684013396224e-07
Random9463
Raw:1.0104241096783009e-05,2.122547334954194e-06,1.9873220007881028e-05,0.49928167041623345,6.935296550282327e-09,0.49928167041624766,2.6320519398807638e-09,0.0014041591461476327,9.805874310262462e-08,2.9238684013396436e-07
EFT:1.0104241096782794e-05,2.122547334954209e-06,1.987322000788117e-05,0.499281670416237,6.935296550282277e-09,0.4992816704162441,2.6320519398807075e-09,0.0014041591461476227,9.805874310262393e-08,2.9238684013396224e-07
Random9464
Raw:1.0104241096782867e-05,2.122547334954224e-06,1.9873220007881028e-05,0.49928167041624055,6.935296550282326e-09,0.49928167041624055,2.6320519398807265e-09,0.0014041591461476327,9.805874310262602e-08,2.923868401339643e-07
EFT:1.0104241096782794e-05,2.122547334954209e-06,1.987322000788117e-05,0.499281670416237,6.935296550282277e-09,0.4992816704162441,2.6320519398807075e-09,0.0014041591461476227,9.805874310262393e-08,2.9238684013396224e-07
Random9465
Raw:1.0104241096782867e-05,2.122547334954224e-06,1.987322000788131e-05,0.49928167041624055,6.935296550282326e-09,0.49928167041624055,2.6320519398807265e-09,0.0014041591461476128,9.805874310262462e-08,2.923868401339643e-07
EFT:1.0104241096782794e-05,2.122547334954209e-06,1.987322000788117e-05,0.499281670416237,6.935296550282277e-09,0.4992816704162441,2.6320519398807075e-09,0.0014041591461476227,9.805874310262393e-08,2.9238684013396224e-07
Random9466
Raw:1.0104241096782938e-05,2.122547334954209e-06,1.987322000788117e-05,0.499281670416237,6.935296550282277e-09,0.4992816704162441,2.632051939880745e-09,0.0014041591461476227,9.805874310262532e-08,2.9238684013396224e-07
EFT:1.0104241096782794e-05,2.122547334954209e-06,1.987322000788117e-05,0.499281670416237,6.935296550282277e-09,0.4992816704162441,2.6320519398807075e-09,0.0014041591461476227,9.805874310262393e-08,2.9238684013396224e-07
Random9467
Raw:1.0104241096782938e-05,2.122547334954239e-06,1.987322000788145e-05,0.499281670416237,6.935296550282277e-09,0.4992816704162441,2.632051939880745e-09,0.0014041591461476427,9.805874310262532e-08,2.9238684013396224e-07
EFT:1.0104241096782794e-05,2.122547334954209e-06,1.987322000788117e-05,0.499281670416237,6.935296550282277e-09,0.4992816704162441,2.6320519398807075e-09,0.0014041591461476227,9.805874310262393e-08,2.9238684013396224e-07
Random9468
Raw:1.0104241096782867e-05,2.122547334954224e-06,1.987322000788131e-05,0.49928167041624055,6.935296550282326e-09,0.49928167041624055,2.6320519398807265e-09,0.0014041591461476128,9.805874310262462e-08,2.923868401339643e-07
EFT:1.0104241096782794e-05,2.122547334954209e-06,1.987322000788117e-05,0.499281670416237,6.935296550282277e-09,0.4992816704162441,2.6320519398807075e-09,0.0014041591461476227,9.805874310262393e-08,2.9238684013396224e-07
Random9469
Raw:1.0104241096782723e-05,2.122547334954194e-06,1.9873220007881028e-05,0.49928167041624055,6.935296550282228e-09,0.49928167041624055,2.6320519398806513e-09,0.0014041591461476128,9.805874310262323e-08,2.923868401339602e-07
EFT:1.0104241096782794e-05,2.122547334954209e-06,1.987322000788117e-05,0.499281670416237,6.935296550282277e-09,0.4992816704162441,2.6320519398807075e-09,0.0014041591461476227,9.805874310262393e-08,2.9238684013396224e-07
Random9470
Raw:1.0104241096782938e-05,2.122547334954239e-06,1.987322000788145e-05,0.499281670416237,6.935296550282277e-09,0.4992816704162441,2.632051939880745e-09,0.0014041591461476427,9.805874310262393e-08,2.9238684013396637e-07
EFT:1.0104241096782794e-05,2.122547334954209e-06,1.987322000788117e-05,0.499281670416237,6.935296550282277e-09,0.4992816704162441,2.6320519398807075e-09,0.0014041591461476227,9.805874310262393e-08,2.9238684013396224e-07
Random9471
Raw:1.0104241096782938e-05,2.122547334954209e-06,1.987322000788117e-05,0.499281670416237,6.9352965502823754e-09,0.4992816704162441,2.632051939880745e-09,0.0014041591461476227,9.805874310262672e-08,2.9238684013396637e-07
EFT:1.0104241096782794e-05,2.122547334954209e-06,1.987322000788117e-05,0.499281670416237,6.935296550282277e-09,0.4992816704162441,2.6320519398807075e-09,0.0014041591461476227,9.805874310262393e-08,2.9238684013396224e-07
Random9472
Raw:1.0104241096782867e-05,2.122547334954224e-06,1.987322000788131e-05,0.49928167041624055,6.935296550282326e-09,0.49928167041624055,2.6320519398807265e-09,0.0014041591461476327,9.805874310262462e-08,2.923868401339643e-07
EFT:1.0104241096782794e-05,2.122547334954209e-06,1.987322000788117e-05,0.499281670416237,6.935296550282277e-09,0.4992816704162441,2.6320519398807075e-09,0.0014041591461476227,9.805874310262393e-08,2.9238684013396224e-07
Random9473
Raw:1.0104241096782794e-05,2.1225473349541788e-06,1.9873220007880885e-05,0.499281670416237,6.9352965502821786e-09,0.4992816704162441,2.63205193988067e-09,0.0014041591461476227,9.805874310262254e-08,2.923868401339581e-07
EFT:1.0104241096782794e-05,2.122547334954209e-06,1.987322000788117e-05,0.499281670416237,6.935296550282277e-09,0.4992816704162441,2.6320519398807075e-09,0.0014041591461476227,9.805874310262393e-08,2.9238684013396224e-07
Random9474
Raw:1.0104241096782938e-05,2.122547334954209e-06,1.987322000788117e-05,0.499281670416237,6.935296550282277e-09,0.4992816704162441,2.632051939880745e-09,0.0014041591461476427,9.805874310262393e-08,2.9238684013396224e-07
EFT:1.0104241096782794e-05,2.122547334954209e-06,1.987322000788117e-05,0.499281670416237,6.935296550282277e-09,0.4992816704162441,2.6320519398807075e-09,0.0014041591461476227,9.805874310262393e-08,2.9238684013396224e-07
Random9475
Raw:1.0104241096783009e-05,2.122547334954224e-06,1.987322000788131e-05,0.49928167041623345,6.935296550282327e-09,0.49928167041624766,2.632051939880801e-09,0.0014041591461476126,9.805874310262462e-08,2.923868401339685e-07
EFT:1.0104241096782794e-05,2.122547334954209e-06,1.987322000788117e-05,0.499281670416237,6.935296550282277e-09,0.4992816704162441,2.6320519398807075e-09,0.0014041591461476227,9.805874310262393e-08,2.9238684013396224e-07
Random9476
Raw:1.0104241096782938e-05,2.122547334954209e-06,1.9873220007880885e-05,0.499281670416237,6.935296550282277e-09,0.4992816704162441,2.632051939880745e-09,0.0014041591461476227,9.805874310262393e-08,2.9238684013396224e-07
EFT:1.0104241096782794e-05,2.122547334954209e-06,1.987322000788117e-05,0.499281670416237,6.935296550282277e-09,0.4992816704162441,2.6320519398807075e-09,0.0014041591461476227,9.805874310262393e-08,2.9238684013396224e-07
Random9477
Raw:1.0104241096782794e-05,2.122547334954209e-06,1.987322000788117e-05,0.499281670416237,6.935296550282277e-09,0.4992816704162441,2.6320519398807075e-09,0.0014041591461476227,9.805874310262393e-08,2.9238684013396224e-07
EFT:1.0104241096782794e-05,2.122547334954209e-06,1.987322000788117e-05,0.499281670416237,6.935296550282277e-09,0.4992816704162441,2.6320519398807075e-09,0.0014041591461476227,9.805874310262393e-08,2.9238684013396224e-07
Random9478
Raw:1.0104241096782867e-05,2.1225473349542546e-06,1.987322000788131e-05,0.49928167041624055,6.935296550282326e-09,0.49928167041624055,2.6320519398807638e-09,0.0014041591461476128,9.805874310262462e-08,2.923868401339643e-07
EFT:1.0104241096782794e-05,2.122547334954209e-06,1.987322000788117e-05,0.499281670416237,6.935296550282277e-09,0.4992816704162441,2.6320519398807075e-09,0.0014041591461476227,9.805874310262393e-08,2.9238684013396224e-07
Random9479
Raw:1.0104241096783009e-05,2.122547334954224e-06,1.9873220007881028e-05,0.49928167041623345,6.935296550282327e-09,0.49928167041624766,2.6320519398807638e-09,0.0014041591461476327,9.805874310262601e-08,2.9238684013396436e-07
EFT:1.0104241096782794e-05,2.122547334954209e-06,1.987322000788117e-05,0.499281670416237,6.935296550282277e-09,0.4992816704162441,2.6320519398807075e-09,0.0014041591461476227,9.805874310262393e-08,2.9238684013396224e-07
Random9480
Raw:1.0104241096782938e-05,2.122547334954239e-06,1.987322000788117e-05,0.499281670416237,6.935296550282277e-09,0.4992816704162441,2.632051939880745e-09,0.0014041591461476427,9.805874310262532e-08,2.9238684013396224e-07
EFT:1.0104241096782794e-05,2.122547334954209e-06,1.987322000788117e-05,0.499281670416237,6.935296550282277e-09,0.4992816704162441,2.6320519398807075e-09,0.0014041591461476227,9.805874310262393e-08,2.9238684013396224e-07
Random9481
Raw:1.0104241096782938e-05,2.122547334954239e-06,1.987322000788117e-05,0.499281670416237,6.935296550282277e-09,0.4992816704162441,2.632051939880745e-09,0.0014041591461476427,9.805874310262532e-08,2.9238684013396224e-07
EFT:1.0104241096782794e-05,2.122547334954209e-06,1.987322000788117e-05,0.499281670416237,6.935296550282277e-09,0.4992816704162441,2.6320519398807075e-09,0.0014041591461476227,9.805874310262393e-08,2.9238684013396224e-07
Random9482
Raw:1.0104241096782938e-05,2.122547334954209e-06,1.987322000788117e-05,0.499281670416237,6.935296550282277e-09,0.4992816704162441,2.632051939880745e-09,0.0014041591461476427,9.805874310262393e-08,2.9238684013396224e-07
EFT:1.0104241096782794e-05,2.122547334954209e-06,1.987322000788117e-05,0.499281670416237,6.935296550282277e-09,0.4992816704162441,2.6320519398807075e-09,0.0014041591461476227,9.805874310262393e-08,2.9238684013396224e-07
Random9483
Raw:1.0104241096782794e-05,2.122547334954209e-06,1.987322000788117e-05,0.4992816704162441,6.935296550282277e-09,0.499281670416237,2.63205193988067e-09,0.0014041591461476227,9.805874310262393e-08,2.9238684013396224e-07
EFT:1.0104241096782794e-05,2.122547334954209e-06,1.987322000788117e-05,0.499281670416237,6.935296550282277e-09,0.4992816704162441,2.6320519398807075e-09,0.0014041591461476227,9.805874310262393e-08,2.9238684013396224e-07
Random9484
Raw:1.0104241096783009e-05,2.122547334954224e-06,1.987322000788131e-05,0.49928167041623345,6.935296550282327e-09,0.49928167041624766,2.6320519398807638e-09,0.0014041591461476327,9.805874310262462e-08,2.923868401339685e-07
EFT:1.0104241096782794e-05,2.122547334954209e-06,1.987322000788117e-05,0.499281670416237,6.935296550282277e-09,0.4992816704162441,2.6320519398807075e-09,0.0014041591461476227,9.805874310262393e-08,2.9238684013396224e-07
Random9485
Raw:1.0104241096783009e-05,2.122547334954224e-06,1.987322000788131e-05,0.49928167041623345,6.935296550282327e-09,0.49928167041624766,2.6320519398807638e-09,0.0014041591461476327,9.805874310262462e-08,2.923868401339685e-07
EFT:1.0104241096782794e-05,2.122547334954209e-06,1.987322000788117e-05,0.499281670416237,6.935296550282277e-09,0.4992816704162441,2.6320519398807075e-09,0.0014041591461476227,9.805874310262393e-08,2.9238684013396224e-07
Random9486
Raw:1.0104241096783009e-05,2.122547334954224e-06,1.9873220007881028e-05,0.49928167041623345,6.935296550282327e-09,0.49928167041624766,2.6320519398807638e-09,0.0014041591461476327,9.805874310262601e-08,2.9238684013396436e-07
EFT:1.0104241096782794e-05,2.122547334954209e-06,1.987322000788117e-05,0.499281670416237,6.935296550282277e-09,0.4992816704162441,2.6320519398807075e-09,0.0014041591461476227,9.805874310262393e-08,2.9238684013396224e-07
Random9487
Raw:1.0104241096782867e-05,2.122547334954224e-06,1.987322000788131e-05,0.49928167041624055,6.935296550282326e-09,0.49928167041624055,2.6320519398807638e-09,0.0014041591461476327,9.805874310262462e-08,2.923868401339643e-07
EFT:1.0104241096782794e-05,2.122547334954209e-06,1.987322000788117e-05,0.499281670416237,6.935296550282277e-09,0.4992816704162441,2.6320519398807075e-09,0.0014041591461476227,9.805874310262393e-08,2.9238684013396224e-07
Random9488
Raw:1.0104241096782867e-05,2.122547334954224e-06,1.987322000788131e-05,0.49928167041624055,6.935296550282326e-09,0.49928167041624055,2.6320519398807265e-09,0.0014041591461476327,9.805874310262323e-08,2.923868401339643e-07
EFT:1.0104241096782794e-05,2.122547334954209e-06,1.987322000788117e-05,0.499281670416237,6.935296550282277e-09,0.4992816704162441,2.6320519398807075e-09,0.0014041591461476227,9.805874310262393e-08,2.9238684013396224e-07
Random9489
Raw:1.0104241096782867e-05,2.122547334954224e-06,1.987322000788131e-05,0.49928167041624055,6.935296550282326e-09,0.49928167041624055,2.6320519398807265e-09,0.0014041591461476327,9.805874310262323e-08,2.923868401339643e-07
EFT:1.0104241096782794e-05,2.122547334954209e-06,1.987322000788117e-05,0.499281670416237,6.935296550282277e-09,0.4992816704162441,2.6320519398807075e-09,0.0014041591461476227,9.805874310262393e-08,2.9238684013396224e-07
Random9490
Raw:1.0104241096782938e-05,2.122547334954209e-06,1.987322000788117e-05,0.499281670416237,6.935296550282277e-09,0.4992816704162441,2.632051939880745e-09,0.0014041591461476427,9.805874310262393e-08,2.9238684013396224e-07
EFT:1.0104241096782794e-05,2.122547334954209e-06,1.987322000788117e-05,0.499281670416237,6.935296550282277e-09,0.4992816704162441,2.6320519398807075e-09,0.0014041591461476227,9.805874310262393e-08,2.9238684013396224e-07
Random9491
Raw:1.0104241096782938e-05,2.122547334954239e-06,1.987322000788117e-05,0.499281670416237,6.9352965502823754e-09,0.4992816704162441,2.6320519398807824e-09,0.0014041591461476227,9.805874310262532e-08,2.9238684013396637e-07
EFT:1.0104241096782794e-05,2.122547334954209e-06,1.987322000788117e-05,0.499281670416237,6.935296550282277e-09,0.4992816704162441,2.6320519398807075e-09,0.0014041591461476227,9.805874310262393e-08,2.9238684013396224e-07
Random9492
Raw:1.0104241096782867e-05,2.122547334954224e-06,1.9873220007881028e-05,0.49928167041624055,6.935296550282326e-09,0.49928167041624055,2.6320519398807265e-09,0.0014041591461476327,9.805874310262323e-08,2.923868401339643e-07
EFT:1.0104241096782794e-05,2.122547334954209e-06,1.987322000788117e-05,0.499281670416237,6.935296550282277e-09,0.4992816704162441,2.6320519398807075e-09,0.0014041591461476227,9.805874310262393e-08,2.9238684013396224e-07
Random9493
Raw:1.0104241096782938e-05,2.122547334954239e-06,1.987322000788117e-05,0.499281670416237,6.935296550282277e-09,0.4992816704162441,2.632051939880745e-09,0.0014041591461476427,9.805874310262532e-08,2.9238684013396224e-07
EFT:1.0104241096782794e-05,2.122547334954209e-06,1.987322000788117e-05,0.499281670416237,6.935296550282277e-09,0.4992816704162441,2.6320519398807075e-09,0.0014041591461476227,9.805874310262393e-08,2.9238684013396224e-07
Random9494
Raw:1.0104241096782794e-05,2.122547334954209e-06,1.987322000788117e-05,0.4992816704162441,6.935296550282277e-09,0.499281670416237,2.63205193988067e-09,0.0014041591461476227,9.805874310262393e-08,2.9238684013396224e-07
EFT:1.0104241096782794e-05,2.122547334954209e-06,1.987322000788117e-05,0.499281670416237,6.935296550282277e-09,0.4992816704162441,2.6320519398807075e-09,0.0014041591461476227,9.805874310262393e-08,2.9238684013396224e-07
Random9495
Raw:1.0104241096782938e-05,2.122547334954209e-06,1.987322000788117e-05,0.499281670416237,6.935296550282277e-09,0.4992816704162441,2.632051939880745e-09,0.0014041591461476227,9.805874310262532e-08,2.9238684013396224e-07
EFT:1.0104241096782794e-05,2.122547334954209e-06,1.987322000788117e-05,0.499281670416237,6.935296550282277e-09,0.4992816704162441,2.6320519398807075e-09,0.0014041591461476227,9.805874310262393e-08,2.9238684013396224e-07
Random9496
Raw:1.0104241096782794e-05,2.122547334954209e-06,1.987322000788117e-05,0.4992816704162441,6.935296550282277e-09,0.499281670416237,2.63205193988067e-09,0.0014041591461476227,9.805874310262532e-08,2.9238684013396224e-07
EFT:1.0104241096782794e-05,2.122547334954209e-06,1.987322000788117e-05,0.499281670416237,6.935296550282277e-09,0.4992816704162441,2.6320519398807075e-09,0.0014041591461476227,9.805874310262393e-08,2.9238684013396224e-07
Random9497
Raw:1.0104241096782867e-05,2.122547334954194e-06,1.9873220007881028e-05,0.49928167041624055,6.935296550282228e-09,0.49928167041624055,2.632051939880689e-09,0.0014041591461476327,9.805874310262323e-08,2.923868401339602e-07
EFT:1.0104241096782794e-05,2.122547334954209e-06,1.987322000788117e-05,0.499281670416237,6.935296550282277e-09,0.4992816704162441,2.6320519398807075e-09,0.0014041591461476227,9.805874310262393e-08,2.9238684013396224e-07
Random9498
Raw:1.0104241096782865e-05,2.122547334954194e-06,1.9873220007881028e-05,0.49928167041623345,6.935296550282327e-09,0.49928167041624766,2.632051939880726e-09,0.0014041591461476126,9.805874310262462e-08,2.9238684013396436e-07
EFT:1.0104241096782794e-05,2.122547334954209e-06,1.987322000788117e-05,0.499281670416237,6.935296550282277e-09,0.4992816704162441,2.6320519398807075e-09,0.0014041591461476227,9.805874310262393e-08,2.9238684013396224e-07
Random9499
Raw:1.0104241096782865e-05,2.122547334954194e-06,1.9873220007881028e-05,0.49928167041623345,6.935296550282327e-09,0.49928167041624766,2.632051939880726e-09,0.0014041591461476126,9.805874310262462e-08,2.9238684013396436e-07
EFT:1.0104241096782794e-05,2.122547334954209e-06,1.987322000788117e-05,0.499281670416237,6.935296550282277e-09,0.4992816704162441,2.6320519398807075e-09,0.0014041591461476227,9.805874310262393e-08,2.9238684013396224e-07
Random9500
Raw:1.0104241096782867e-05,2.122547334954194e-06,1.9873220007881028e-05,0.49928167041624055,6.935296550282228e-09,0.49928167041624055,2.632051939880689e-09,0.0014041591461476327,9.805874310262323e-08,2.923868401339602e-07
EFT:1.0104241096782794e-05,2.122547334954209e-06,1.987322000788117e-05,0.499281670416237,6.935296550282277e-09,0.4992816704162441,2.6320519398807075e-09,0.0014041591461476227,9.805874310262393e-08,2.9238684013396224e-07
Random9501
Raw:1.0104241096782938e-05,2.122547334954209e-06,1.987322000788117e-05,0.499281670416237,6.935296550282277e-09,0.4992816704162441,2.632051939880745e-09,0.0014041591461476227,9.805874310262393e-08,2.9238684013396637e-07
EFT:1.0104241096782794e-05,2.122547334954209e-06,1.987322000788117e-05,0.499281670416237,6.935296550282277e-09,0.4992816704162441,2.6320519398807075e-09,0.0014041591461476227,9.805874310262393e-08,2.9238684013396224e-07
Random9502
Raw:1.0104241096783009e-05,2.122547334954224e-06,1.9873220007881028e-05,0.49928167041623345,6.935296550282327e-09,0.49928167041624766,2.6320519398807638e-09,0.0014041591461476327,9.805874310262601e-08,2.9238684013396436e-07
EFT:1.0104241096782794e-05,2.122547334954209e-06,1.987322000788117e-05,0.499281670416237,6.935296550282277e-09,0.4992816704162441,2.6320519398807075e-09,0.0014041591461476227,9.805874310262393e-08,2.9238684013396224e-07
Random9503
Raw:1.0104241096782938e-05,2.122547334954209e-06,1.987322000788117e-05,0.499281670416237,6.9352965502823754e-09,0.4992816704162441,2.632051939880745e-09,0.0014041591461476227,9.805874310262532e-08,2.9238684013396637e-07
EFT:1.0104241096782794e-05,2.122547334954209e-06,1.987322000788117e-05,0.499281670416237,6.935296550282277e-09,0.4992816704162441,2.6320519398807075e-09,0.0014041591461476227,9.805874310262393e-08,2.9238684013396224e-07
Random9504
Raw:1.0104241096782938e-05,2.122547334954239e-06,1.987322000788117e-05,0.499281670416237,6.935296550282277e-09,0.4992816704162441,2.632051939880745e-09,0.0014041591461476427,9.805874310262532e-08,2.9238684013396224e-07
EFT:1.0104241096782794e-05,2.122547334954209e-06,1.987322000788117e-05,0.499281670416237,6.935296550282277e-09,0.4992816704162441,2.6320519398807075e-09,0.0014041591461476227,9.805874310262393e-08,2.9238684013396224e-07
Random9505
Raw:1.0104241096782938e-05,2.122547334954209e-06,1.987322000788117e-05,0.499281670416237,6.9352965502823754e-09,0.4992816704162441,2.632051939880745e-09,0.0014041591461476227,9.805874310262393e-08,2.9238684013396637e-07
EFT:1.0104241096782794e-05,2.122547334954209e-06,1.987322000788117e-05,0.499281670416237,6.935296550282277e-09,0.4992816704162441,2.6320519398807075e-09,0.0014041591461476227,9.805874310262393e-08,2.9238684013396224e-07
Random9506
Raw:1.0104241096782723e-05,2.122547334954194e-06,1.9873220007881028e-05,0.49928167041624055,6.935296550282228e-09,0.49928167041624055,2.6320519398806513e-09,0.0014041591461476128,9.805874310262323e-08,2.923868401339602e-07
EFT:1.0104241096782794e-05,2.122547334954209e-06,1.987322000788117e-05,0.499281670416237,6.935296550282277e-09,0.4992816704162441,2.6320519398807075e-09,0.0014041591461476227,9.805874310262393e-08,2.9238684013396224e-07
Random9507
Raw:1.0104241096782938e-05,2.122547334954239e-06,1.987322000788117e-05,0.499281670416237,6.935296550282277e-09,0.4992816704162441,2.632051939880745e-09,0.0014041591461476427,9.805874310262393e-08,2.9238684013396637e-07
EFT:1.0104241096782794e-05,2.122547334954209e-06,1.987322000788117e-05,0.499281670416237,6.935296550282277e-09,0.4992816704162441,2.6320519398807075e-09,0.0014041591461476227,9.805874310262393e-08,2.9238684013396224e-07
Random9508
Raw:1.0104241096782938e-05,2.122547334954209e-06,1.987322000788117e-05,0.499281670416237,6.9352965502823754e-09,0.4992816704162441,2.632051939880745e-09,0.0014041591461476227,9.805874310262532e-08,2.9238684013396637e-07
EFT:1.0104241096782794e-05,2.122547334954209e-06,1.987322000788117e-05,0.499281670416237,6.935296550282277e-09,0.4992816704162441,2.6320519398807075e-09,0.0014041591461476227,9.805874310262393e-08,2.9238684013396224e-07
Random9509
Raw:1.0104241096782938e-05,2.122547334954239e-06,1.987322000788145e-05,0.499281670416237,6.935296550282277e-09,0.4992816704162441,2.632051939880745e-09,0.0014041591461476427,9.805874310262532e-08,2.9238684013396224e-07
EFT:1.0104241096782794e-05,2.122547334954209e-06,1.987322000788117e-05,0.499281670416237,6.935296550282277e-09,0.4992816704162441,2.6320519398807075e-09,0.0014041591461476227,9.805874310262393e-08,2.9238684013396224e-07
Random9510
Raw:1.0104241096782938e-05,2.122547334954239e-06,1.987322000788145e-05,0.499281670416237,6.935296550282277e-09,0.4992816704162441,2.632051939880745e-09,0.0014041591461476427,9.805874310262393e-08,2.9238684013396637e-07
EFT:1.0104241096782794e-05,2.122547334954209e-06,1.987322000788117e-05,0.499281670416237,6.935296550282277e-09,0.4992816704162441,2.6320519398807075e-09,0.0014041591461476227,9.805874310262393e-08,2.9238684013396224e-07
Random9511
Raw:1.0104241096782938e-05,2.122547334954209e-06,1.987322000788117e-05,0.499281670416237,6.935296550282277e-09,0.4992816704162441,2.632051939880745e-09,0.0014041591461476227,9.805874310262532e-08,2.9238684013396224e-07
EFT:1.0104241096782794e-05,2.122547334954209e-06,1.987322000788117e-05,0.499281670416237,6.935296550282277e-09,0.4992816704162441,2.6320519398807075e-09,0.0014041591461476227,9.805874310262393e-08,2.9238684013396224e-07
Random9512
Raw:1.0104241096782938e-05,2.122547334954239e-06,1.9873220007880885e-05,0.499281670416237,6.935296550282277e-09,0.4992816704162441,2.632051939880745e-09,0.0014041591461476227,9.805874310262532e-08,2.9238684013396224e-07
EFT:1.0104241096782794e-05,2.122547334954209e-06,1.987322000788117e-05,0.499281670416237,6.935296550282277e-09,0.4992816704162441,2.6320519398807075e-09,0.0014041591461476227,9.805874310262393e-08,2.9238684013396224e-07
Random9513
Raw:1.0104241096782938e-05,2.122547334954209e-06,1.987322000788117e-05,0.499281670416237,6.9352965502823754e-09,0.4992816704162441,2.632051939880745e-09,0.0014041591461476227,9.805874310262393e-08,2.9238684013396637e-07
EFT:1.0104241096782794e-05,2.122547334954209e-06,1.987322000788117e-05,0.499281670416237,6.935296550282277e-09,0.4992816704162441,2.6320519398807075e-09,0.0014041591461476227,9.805874310262393e-08,2.9238684013396224e-07
Random9514
Raw:1.0104241096782794e-05,2.122547334954209e-06,1.987322000788117e-05,0.4992816704162441,6.935296550282277e-09,0.499281670416237,2.63205193988067e-09,0.0014041591461476227,9.805874310262254e-08,2.9238684013396224e-07
EFT:1.0104241096782794e-05,2.122547334954209e-06,1.987322000788117e-05,0.499281670416237,6.935296550282277e-09,0.4992816704162441,2.6320519398807075e-09,0.0014041591461476227,9.805874310262393e-08,2.9238684013396224e-07
Random9515
Raw:1.0104241096782794e-05,2.122547334954209e-06,1.987322000788117e-05,0.499281670416237,6.9352965502821786e-09,0.4992816704162441,2.6320519398807075e-09,0.0014041591461476026,9.805874310262393e-08,2.9238684013396224e-07
EFT:1.0104241096782794e-05,2.122547334954209e-06,1.987322000788117e-05,0.499281670416237,6.935296550282277e-09,0.4992816704162441,2.6320519398807075e-09,0.0014041591461476227,9.805874310262393e-08,2.9238684013396224e-07
Random9516
Raw:1.0104241096782938e-05,2.122547334954209e-06,1.987322000788117e-05,0.499281670416237,6.935296550282277e-09,0.4992816704162441,2.632051939880745e-09,0.0014041591461476427,9.805874310262393e-08,2.9238684013396224e-07
EFT:1.0104241096782794e-05,2.122547334954209e-06,1.987322000788117e-05,0.499281670416237,6.935296550282277e-09,0.4992816704162441,2.6320519398807075e-09,0.0014041591461476227,9.805874310262393e-08,2.9238684013396224e-07
Random9517
Raw:1.0104241096782867e-05,2.122547334954224e-06,1.987322000788131e-05,0.49928167041624055,6.935296550282326e-09,0.49928167041624055,2.6320519398807638e-09,0.0014041591461476128,9.805874310262462e-08,2.923868401339643e-07
EFT:1.0104241096782794e-05,2.122547334954209e-06,1.987322000788117e-05,0.499281670416237,6.935296550282277e-09,0.4992816704162441,2.6320519398807075e-09,0.0014041591461476227,9.805874310262393e-08,2.9238684013396224e-07
Random9518
Raw:1.0104241096782867e-05,2.122547334954224e-06,1.987322000788131e-05,0.49928167041624055,6.935296550282326e-09,0.49928167041624055,2.6320519398807265e-09,0.0014041591461476327,9.805874310262323e-08,2.923868401339643e-07
EFT:1.0104241096782794e-05,2.122547334954209e-06,1.987322000788117e-05,0.499281670416237,6.935296550282277e-09,0.4992816704162441,2.6320519398807075e-09,0.0014041591461476227,9.805874310262393e-08,2.9238684013396224e-07
Random9519
Raw:1.0104241096782938e-05,2.122547334954209e-06,1.987322000788117e-05,0.499281670416237,6.9352965502823754e-09,0.4992816704162441,2.632051939880745e-09,0.0014041591461476227,9.805874310262393e-08,2.9238684013396637e-07
EFT:1.0104241096782794e-05,2.122547334954209e-06,1.987322000788117e-05,0.499281670416237,6.935296550282277e-09,0.4992816704162441,2.6320519398807075e-09,0.0014041591461476227,9.805874310262393e-08,2.9238684013396224e-07
Random9520
Raw:1.0104241096782794e-05,2.122547334954209e-06,1.987322000788117e-05,0.499281670416237,6.9352965502821786e-09,0.4992816704162441,2.6320519398807075e-09,0.0014041591461476227,9.805874310262393e-08,2.9238684013396224e-07
EFT:1.0104241096782794e-05,2.122547334954209e-06,1.987322000788117e-05,0.499281670416237,6.935296550282277e-09,0.4992816704162441,2.6320519398807075e-09,0.0014041591461476227,9.805874310262393e-08,2.9238684013396224e-07
Random9521
Raw:1.0104241096782938e-05,2.122547334954209e-06,1.987322000788117e-05,0.499281670416237,6.935296550282277e-09,0.4992816704162441,2.632051939880745e-09,0.0014041591461476427,9.805874310262393e-08,2.9238684013396224e-07
EFT:1.0104241096782794e-05,2.122547334954209e-06,1.987322000788117e-05,0.499281670416237,6.935296550282277e-09,0.4992816704162441,2.6320519398807075e-09,0.0014041591461476227,9.805874310262393e-08,2.9238684013396224e-07
Random9522
Raw:1.0104241096782865e-05,2.122547334954194e-06,1.9873220007880747e-05,0.49928167041623345,6.935296550282228e-09,0.49928167041624766,2.632051939880726e-09,0.0014041591461476126,9.805874310262462e-08,2.923868401339602e-07
EFT:1.0104241096782794e-05,2.122547334954209e-06,1.987322000788117e-05,0.499281670416237,6.935296550282277e-09,0.4992816704162441,2.6320519398807075e-09,0.0014041591461476227,9.805874310262393e-08,2.9238684013396224e-07
Random9523
Raw:1.0104241096783009e-05,2.122547334954224e-06,1.987322000788131e-05,0.49928167041623345,6.935296550282327e-09,0.49928167041624766,2.6320519398807638e-09,0.0014041591461476327,9.805874310262462e-08,2.923868401339685e-07
EFT:1.0104241096782794e-05,2.122547334954209e-06,1.987322000788117e-05,0.499281670416237,6.935296550282277e-09,0.4992816704162441,2.6320519398807075e-09,0.0014041591461476227,9.805874310262393e-08,2.9238684013396224e-07
Random9524
Raw:1.0104241096782867e-05,2.122547334954224e-06,1.987322000788131e-05,0.49928167041624055,6.935296550282326e-09,0.49928167041624055,2.6320519398807265e-09,0.0014041591461476327,9.805874310262323e-08,2.923868401339643e-07
EFT:1.0104241096782794e-05,2.122547334954209e-06,1.987322000788117e-05,0.499281670416237,6.935296550282277e-09,0.4992816704162441,2.6320519398807075e-09,0.0014041591461476227,9.805874310262393e-08,2.9238684013396224e-07
Random9525
Raw:1.0104241096782938e-05,2.122547334954209e-06,1.987322000788117e-05,0.499281670416237,6.935296550282277e-09,0.4992816704162441,2.632051939880745e-09,0.0014041591461476427,9.805874310262393e-08,2.9238684013396224e-07
EFT:1.0104241096782794e-05,2.122547334954209e-06,1.987322000788117e-05,0.499281670416237,6.935296550282277e-09,0.4992816704162441,2.6320519398807075e-09,0.0014041591461476227,9.805874310262393e-08,2.9238684013396224e-07
Random9526
Raw:1.0104241096782938e-05,2.1225473349541788e-06,1.9873220007880885e-05,0.499281670416237,6.935296550282277e-09,0.4992816704162441,2.632051939880745e-09,0.0014041591461476026,9.805874310262532e-08,2.9238684013396224e-07
EFT:1.0104241096782794e-05,2.122547334954209e-06,1.987322000788117e-05,0.499281670416237,6.935296550282277e-09,0.4992816704162441,2.6320519398807075e-09,0.0014041591461476227,9.805874310262393e-08,2.9238684013396224e-07
Random9527
Raw:1.0104241096782938e-05,2.122547334954209e-06,1.987322000788117e-05,0.499281670416237,6.9352965502823754e-09,0.4992816704162441,2.632051939880745e-09,0.0014041591461476227,9.805874310262393e-08,2.9238684013396637e-07
EFT:1.0104241096782794e-05,2.122547334954209e-06,1.987322000788117e-05,0.499281670416237,6.935296550282277e-09,0.4992816704162441,2.6320519398807075e-09,0.0014041591461476227,9.805874310262393e-08,2.9238684013396224e-07
Random9528
Raw:1.010424109678301e-05,2.122547334954224e-06,1.9873220007881028e-05,0.49928167041624055,6.935296550282425e-09,0.49928167041624055,2.6320519398808014e-09,0.0014041591461476327,9.805874310262602e-08,2.923868401339685e-07
EFT:1.0104241096782794e-05,2.122547334954209e-06,1.987322000788117e-05,0.499281670416237,6.935296550282277e-09,0.4992816704162441,2.6320519398807075e-09,0.0014041591461476227,9.805874310262393e-08,2.9238684013396224e-07
Random9529
Raw:1.0104241096783009e-05,2.122547334954224e-06,1.987322000788131e-05,0.49928167041623345,6.935296550282327e-09,0.49928167041624766,2.6320519398807638e-09,0.0014041591461476327,9.805874310262462e-08,2.923868401339685e-07
EFT:1.0104241096782794e-05,2.122547334954209e-06,1.987322000788117e-05,0.499281670416237,6.935296550282277e-09,0.4992816704162441,2.6320519398807075e-09,0.0014041591461476227,9.805874310262393e-08,2.9238684013396224e-07
Random9530
Raw:1.0104241096783009e-05,2.122547334954224e-06,1.987322000788131e-05,0.49928167041623345,6.935296550282327e-09,0.49928167041624766,2.6320519398807638e-09,0.0014041591461476327,9.805874310262462e-08,2.923868401339685e-07
EFT:1.0104241096782794e-05,2.122547334954209e-06,1.987322000788117e-05,0.499281670416237,6.935296550282277e-09,0.4992816704162441,2.6320519398807075e-09,0.0014041591461476227,9.805874310262393e-08,2.9238684013396224e-07
Random9531
Raw:1.0104241096782938e-05,2.122547334954209e-06,1.987322000788117e-05,0.499281670416237,6.9352965502823754e-09,0.4992816704162441,2.632051939880745e-09,0.0014041591461476227,9.805874310262393e-08,2.9238684013396637e-07
EFT:1.0104241096782794e-05,2.122547334954209e-06,1.987322000788117e-05,0.499281670416237,6.935296550282277e-09,0.4992816704162441,2.6320519398807075e-09,0.0014041591461476227,9.805874310262393e-08,2.9238684013396224e-07
Random9532
Raw:1.0104241096782938e-05,2.122547334954209e-06,1.987322000788117e-05,0.499281670416237,6.935296550282277e-09,0.4992816704162441,2.632051939880745e-09,0.0014041591461476427,9.805874310262393e-08,2.9238684013396224e-07
EFT:1.0104241096782794e-05,2.122547334954209e-06,1.987322000788117e-05,0.499281670416237,6.935296550282277e-09,0.4992816704162441,2.6320519398807075e-09,0.0014041591461476227,9.805874310262393e-08,2.9238684013396224e-07
Random9533
Raw:1.0104241096782867e-05,2.122547334954224e-06,1.987322000788131e-05,0.49928167041624055,6.935296550282326e-09,0.49928167041624055,2.6320519398807265e-09,0.0014041591461476128,9.805874310262462e-08,2.923868401339643e-07
EFT:1.0104241096782794e-05,2.122547334954209e-06,1.987322000788117e-05,0.499281670416237,6.935296550282277e-09,0.4992816704162441,2.6320519398807075e-09,0.0014041591461476227,9.805874310262393e-08,2.9238684013396224e-07
Random9534
Raw:1.0104241096783009e-05,2.122547334954224e-06,1.987322000788131e-05,0.49928167041623345,6.935296550282424e-09,0.49928167041624766,2.6320519398807638e-09,0.0014041591461476327,9.805874310262601e-08,2.923868401339685e-07
EFT:1.0104241096782794e-05,2.122547334954209e-06,1.987322000788117e-05,0.499281670416237,6.935296550282277e-09,0.4992816704162441,2.6320519398807075e-09,0.0014041591461476227,9.805874310262393e-08,2.9238684013396224e-07
Random9535
Raw:1.0104241096782938e-05,2.122547334954209e-06,1.987322000788117e-05,0.499281670416237,6.935296550282277e-09,0.4992816704162441,2.632051939880745e-09,0.0014041591461476427,9.805874310262393e-08,2.9238684013396224e-07
EFT:1.0104241096782794e-05,2.122547334954209e-06,1.987322000788117e-05,0.499281670416237,6.935296550282277e-09,0.4992816704162441,2.6320519398807075e-09,0.0014041591461476227,9.805874310262393e-08,2.9238684013396224e-07
Random9536
Raw:1.0104241096782867e-05,2.122547334954224e-06,1.987322000788131e-05,0.49928167041624055,6.935296550282326e-09,0.49928167041624055,2.6320519398807265e-09,0.0014041591461476128,9.805874310262462e-08,2.923868401339643e-07
EFT:1.0104241096782794e-05,2.122547334954209e-06,1.987322000788117e-05,0.499281670416237,6.935296550282277e-09,0.4992816704162441,2.6320519398807075e-09,0.0014041591461476227,9.805874310262393e-08,2.9238684013396224e-07
Random9537
Raw:1.0104241096782938e-05,2.122547334954209e-06,1.987322000788117e-05,0.499281670416237,6.935296550282277e-09,0.4992816704162441,2.632051939880745e-09,0.0014041591461476227,9.805874310262532e-08,2.9238684013396224e-07
EFT:1.0104241096782794e-05,2.122547334954209e-06,1.987322000788117e-05,0.499281670416237,6.935296550282277e-09,0.4992816704162441,2.6320519398807075e-09,0.0014041591461476227,9.805874310262393e-08,2.9238684013396224e-07
Random9538
Raw:1.0104241096782794e-05,2.1225473349541788e-06,1.9873220007880885e-05,0.499281670416237,6.935296550282277e-09,0.4992816704162441,2.632051939880745e-09,0.0014041591461476026,9.805874310262254e-08,2.9238684013396224e-07
EFT:1.0104241096782794e-05,2.122547334954209e-06,1.987322000788117e-05,0.499281670416237,6.935296550282277e-09,0.4992816704162441,2.6320519398807075e-09,0.0014041591461476227,9.805874310262393e-08,2.9238684013396224e-07
Random9539
Raw:1.0104241096782794e-05,2.1225473349541788e-06,1.9873220007880885e-05,0.499281670416237,6.935296550282277e-09,0.4992816704162441,2.632051939880745e-09,0.0014041591461476026,9.805874310262254e-08,2.9238684013396224e-07
EFT:1.0104241096782794e-05,2.122547334954209e-06,1.987322000788117e-05,0.499281670416237,6.935296550282277e-09,0.4992816704162441,2.6320519398807075e-09,0.0014041591461476227,9.805874310262393e-08,2.9238684013396224e-07
Random9540
Raw:1.0104241096782938e-05,2.122547334954239e-06,1.987322000788145e-05,0.499281670416237,6.935296550282277e-09,0.4992816704162441,2.632051939880745e-09,0.0014041591461476427,9.805874310262532e-08,2.9238684013396224e-07
EFT:1.0104241096782794e-05,2.122547334954209e-06,1.987322000788117e-05,0.499281670416237,6.935296550282277e-09,0.4992816704162441,2.6320519398807075e-09,0.0014041591461476227,9.805874310262393e-08,2.9238684013396224e-07
Random9541
Raw:1.0104241096782865e-05,2.122547334954194e-06,1.9873220007880747e-05,0.49928167041623345,6.935296550282327e-09,0.49928167041624766,2.6320519398807638e-09,0.0014041591461476126,9.805874310262462e-08,2.9238684013396436e-07
EFT:1.0104241096782794e-05,2.122547334954209e-06,1.987322000788117e-05,0.499281670416237,6.935296550282277e-09,0.4992816704162441,2.6320519398807075e-09,0.0014041591461476227,9.805874310262393e-08,2.9238684013396224e-07
Random9542
Raw:1.0104241096782938e-05,2.122547334954239e-06,1.987322000788145e-05,0.499281670416237,6.9352965502823754e-09,0.4992816704162441,2.632051939880745e-09,0.0014041591461476427,9.805874310262532e-08,2.9238684013396637e-07
EFT:1.0104241096782794e-05,2.122547334954209e-06,1.987322000788117e-05,0.499281670416237,6.935296550282277e-09,0.4992816704162441,2.6320519398807075e-09,0.0014041591461476227,9.805874310262393e-08,2.9238684013396224e-07
Random9543
Raw:1.0104241096782867e-05,2.1225473349542546e-06,1.987322000788131e-05,0.49928167041624055,6.935296550282326e-09,0.49928167041624055,2.6320519398807638e-09,0.0014041591461476327,9.805874310262462e-08,2.923868401339643e-07
EFT:1.0104241096782794e-05,2.122547334954209e-06,1.987322000788117e-05,0.499281670416237,6.935296550282277e-09,0.4992816704162441,2.6320519398807075e-09,0.0014041591461476227,9.805874310262393e-08,2.9238684013396224e-07
Random9544
Raw:1.0104241096782938e-05,2.122547334954239e-06,1.9873220007880885e-05,0.499281670416237,6.935296550282277e-09,0.4992816704162441,2.632051939880745e-09,0.0014041591461476227,9.805874310262532e-08,2.9238684013396224e-07
EFT:1.0104241096782794e-05,2.122547334954209e-06,1.987322000788117e-05,0.499281670416237,6.935296550282277e-09,0.4992816704162441,2.6320519398807075e-09,0.0014041591461476227,9.805874310262393e-08,2.9238684013396224e-07
Random9545
Raw:1.0104241096782867e-05,2.122547334954224e-06,1.987322000788131e-05,0.49928167041624055,6.935296550282326e-09,0.49928167041624055,2.6320519398807638e-09,0.0014041591461476128,9.805874310262462e-08,2.923868401339643e-07
EFT:1.0104241096782794e-05,2.122547334954209e-06,1.987322000788117e-05,0.499281670416237,6.935296550282277e-09,0.4992816704162441,2.6320519398807075e-09,0.0014041591461476227,9.805874310262393e-08,2.9238684013396224e-07
Random9546
Raw:1.0104241096782794e-05,2.122547334954209e-06,1.987322000788117e-05,0.499281670416237,6.9352965502821786e-09,0.4992816704162441,2.6320519398807075e-09,0.0014041591461476227,9.805874310262393e-08,2.9238684013396224e-07
EFT:1.0104241096782794e-05,2.122547334954209e-06,1.987322000788117e-05,0.499281670416237,6.935296550282277e-09,0.4992816704162441,2.6320519398807075e-09,0.0014041591461476227,9.805874310262393e-08,2.9238684013396224e-07
Random9547
Raw:1.0104241096783009e-05,2.122547334954224e-06,1.987322000788131e-05,0.49928167041623345,6.935296550282327e-09,0.49928167041624766,2.6320519398807638e-09,0.0014041591461476327,9.805874310262462e-08,2.923868401339685e-07
EFT:1.0104241096782794e-05,2.122547334954209e-06,1.987322000788117e-05,0.499281670416237,6.935296550282277e-09,0.4992816704162441,2.6320519398807075e-09,0.0014041591461476227,9.805874310262393e-08,2.9238684013396224e-07
Random9548
Raw:1.0104241096782794e-05,2.122547334954209e-06,1.987322000788117e-05,0.4992816704162441,6.935296550282277e-09,0.499281670416237,2.63205193988067e-09,0.0014041591461476427,9.805874310262393e-08,2.9238684013396224e-07
EFT:1.0104241096782794e-05,2.122547334954209e-06,1.987322000788117e-05,0.499281670416237,6.935296550282277e-09,0.4992816704162441,2.6320519398807075e-09,0.0014041591461476227,9.805874310262393e-08,2.9238684013396224e-07
Random9549
Raw:1.0104241096782794e-05,2.1225473349541788e-06,1.9873220007880885e-05,0.499281670416237,6.935296550282277e-09,0.4992816704162441,2.632051939880745e-09,0.0014041591461476026,9.805874310262254e-08,2.9238684013396224e-07
EFT:1.0104241096782794e-05,2.122547334954209e-06,1.987322000788117e-05,0.499281670416237,6.935296550282277e-09,0.4992816704162441,2.6320519398807075e-09,0.0014041591461476227,9.805874310262393e-08,2.9238684013396224e-07
Random9550
Raw:1.0104241096782723e-05,2.122547334954194e-06,1.9873220007881028e-05,0.49928167041624055,6.935296550282228e-09,0.49928167041624055,2.632051939880689e-09,0.0014041591461476128,9.805874310262184e-08,2.923868401339602e-07
EFT:1.0104241096782794e-05,2.122547334954209e-06,1.987322000788117e-05,0.499281670416237,6.935296550282277e-09,0.4992816704162441,2.6320519398807075e-09,0.0014041591461476227,9.805874310262393e-08,2.9238684013396224e-07
Random9551
Raw:1.0104241096782867e-05,2.122547334954224e-06,1.9873220007881028e-05,0.49928167041624055,6.935296550282326e-09,0.49928167041624055,2.6320519398807265e-09,0.0014041591461476327,9.805874310262323e-08,2.923868401339643e-07
EFT:1.0104241096782794e-05,2.122547334954209e-06,1.987322000788117e-05,0.499281670416237,6.935296550282277e-09,0.4992816704162441,2.6320519398807075e-09,0.0014041591461476227,9.805874310262393e-08,2.9238684013396224e-07
Random9552
Raw:1.0104241096782938e-05,2.122547334954209e-06,1.987322000788117e-05,0.499281670416237,6.935296550282277e-09,0.4992816704162441,2.632051939880745e-09,0.0014041591461476227,9.805874310262532e-08,2.9238684013396224e-07
EFT:1.0104241096782794e-05,2.122547334954209e-06,1.987322000788117e-05,0.499281670416237,6.935296550282277e-09,0.4992816704162441,2.6320519398807075e-09,0.0014041591461476227,9.805874310262393e-08,2.9238684013396224e-07
Random9553
Raw:1.0104241096782867e-05,2.122547334954224e-06,1.9873220007881028e-05,0.49928167041624055,6.935296550282326e-09,0.49928167041624055,2.6320519398807265e-09,0.0014041591461476327,9.805874310262323e-08,2.923868401339643e-07
EFT:1.0104241096782794e-05,2.122547334954209e-06,1.987322000788117e-05,0.499281670416237,6.935296550282277e-09,0.4992816704162441,2.6320519398807075e-09,0.0014041591461476227,9.805874310262393e-08,2.9238684013396224e-07
Random9554
Raw:1.0104241096782867e-05,2.122547334954194e-06,1.9873220007881028e-05,0.49928167041624055,6.935296550282326e-09,0.49928167041624055,2.6320519398807265e-09,0.0014041591461476128,9.805874310262323e-08,2.923868401339643e-07
EFT:1.0104241096782794e-05,2.122547334954209e-06,1.987322000788117e-05,0.499281670416237,6.935296550282277e-09,0.4992816704162441,2.6320519398807075e-09,0.0014041591461476227,9.805874310262393e-08,2.9238684013396224e-07
Random9555
Raw:1.0104241096782867e-05,2.122547334954224e-06,1.987322000788131e-05,0.49928167041624055,6.935296550282326e-09,0.49928167041624055,2.6320519398807265e-09,0.0014041591461476327,9.805874310262323e-08,2.923868401339643e-07
EFT:1.0104241096782794e-05,2.122547334954209e-06,1.987322000788117e-05,0.499281670416237,6.935296550282277e-09,0.4992816704162441,2.6320519398807075e-09,0.0014041591461476227,9.805874310262393e-08,2.9238684013396224e-07
Random9556
Raw:1.0104241096782938e-05,2.122547334954209e-06,1.987322000788117e-05,0.499281670416237,6.935296550282277e-09,0.4992816704162441,2.632051939880745e-09,0.0014041591461476427,9.805874310262393e-08,2.9238684013396224e-07
EFT:1.0104241096782794e-05,2.122547334954209e-06,1.987322000788117e-05,0.499281670416237,6.935296550282277e-09,0.4992816704162441,2.6320519398807075e-09,0.0014041591461476227,9.805874310262393e-08,2.9238684013396224e-07
Random9557
Raw:1.0104241096782938e-05,2.122547334954239e-06,1.987322000788145e-05,0.499281670416237,6.935296550282277e-09,0.4992816704162441,2.632051939880745e-09,0.0014041591461476427,9.805874310262393e-08,2.9238684013396637e-07
EFT:1.0104241096782794e-05,2.122547334954209e-06,1.987322000788117e-05,0.499281670416237,6.935296550282277e-09,0.4992816704162441,2.6320519398807075e-09,0.0014041591461476227,9.805874310262393e-08,2.9238684013396224e-07
Random9558
Raw:1.0104241096782938e-05,2.1225473349541788e-06,1.9873220007880885e-05,0.499281670416237,6.935296550282277e-09,0.4992816704162441,2.632051939880745e-09,0.0014041591461476026,9.805874310262532e-08,2.9238684013396224e-07
EFT:1.0104241096782794e-05,2.122547334954209e-06,1.987322000788117e-05,0.499281670416237,6.935296550282277e-09,0.4992816704162441,2.6320519398807075e-09,0.0014041591461476227,9.805874310262393e-08,2.9238684013396224e-07
Random9559
Raw:1.0104241096782865e-05,2.122547334954194e-06,1.9873220007881028e-05,0.49928167041623345,6.935296550282228e-09,0.49928167041624766,2.632051939880726e-09,0.0014041591461476327,9.805874310262324e-08,2.923868401339602e-07
EFT:1.0104241096782794e-05,2.122547334954209e-06,1.987322000788117e-05,0.499281670416237,6.935296550282277e-09,0.4992816704162441,2.6320519398807075e-09,0.0014041591461476227,9.805874310262393e-08,2.9238684013396224e-07
Random9560
Raw:1.0104241096782867e-05,2.122547334954224e-06,1.9873220007881028e-05,0.49928167041624055,6.935296550282326e-09,0.49928167041624055,2.6320519398807638e-09,0.0014041591461476128,9.805874310262462e-08,2.923868401339643e-07
EFT:1.0104241096782794e-05,2.122547334954209e-06,1.987322000788117e-05,0.499281670416237,6.935296550282277e-09,0.4992816704162441,2.6320519398807075e-09,0.0014041591461476227,9.805874310262393e-08,2.9238684013396224e-07
Random9561
Raw:1.0104241096783009e-05,2.122547334954194e-06,1.9873220007881028e-05,0.49928167041623345,6.935296550282327e-09,0.49928167041624766,2.6320519398807638e-09,0.0014041591461476327,9.805874310262462e-08,2.9238684013396436e-07
EFT:1.0104241096782794e-05,2.122547334954209e-06,1.987322000788117e-05,0.499281670416237,6.935296550282277e-09,0.4992816704162441,2.6320519398807075e-09,0.0014041591461476227,9.805874310262393e-08,2.9238684013396224e-07
Random9562
Raw:1.0104241096782867e-05,2.122547334954224e-06,1.987322000788131e-05,0.49928167041624055,6.935296550282326e-09,0.49928167041624055,2.6320519398807265e-09,0.0014041591461476327,9.805874310262462e-08,2.923868401339643e-07
EFT:1.0104241096782794e-05,2.122547334954209e-06,1.987322000788117e-05,0.499281670416237,6.935296550282277e-09,0.4992816704162441,2.6320519398807075e-09,0.0014041591461476227,9.805874310262393e-08,2.9238684013396224e-07
Random9563
Raw:1.0104241096782794e-05,2.122547334954209e-06,1.987322000788117e-05,0.499281670416237,6.9352965502821786e-09,0.4992816704162441,2.6320519398807075e-09,0.0014041591461476227,9.805874310262393e-08,2.9238684013396224e-07
EFT:1.0104241096782794e-05,2.122547334954209e-06,1.987322000788117e-05,0.499281670416237,6.935296550282277e-09,0.4992816704162441,2.6320519398807075e-09,0.0014041591461476227,9.805874310262393e-08,2.9238684013396224e-07
Random9564
Raw:1.0104241096782794e-05,2.122547334954209e-06,1.987322000788117e-05,0.499281670416237,6.935296550282277e-09,0.4992816704162441,2.6320519398807075e-09,0.0014041591461476026,9.805874310262393e-08,2.9238684013396224e-07
EFT:1.0104241096782794e-05,2.122547334954209e-06,1.987322000788117e-05,0.499281670416237,6.935296550282277e-09,0.4992816704162441,2.6320519398807075e-09,0.0014041591461476227,9.805874310262393e-08,2.9238684013396224e-07
Random9565
Raw:1.0104241096782867e-05,2.122547334954224e-06,1.9873220007881028e-05,0.49928167041624055,6.935296550282326e-09,0.49928167041624055,2.6320519398807265e-09,0.0014041591461476128,9.805874310262462e-08,2.923868401339643e-07
EFT:1.0104241096782794e-05,2.122547334954209e-06,1.987322000788117e-05,0.499281670416237,6.935296550282277e-09,0.4992816704162441,2.6320519398807075e-09,0.0014041591461476227,9.805874310262393e-08,2.9238684013396224e-07
Random9566
Raw:1.0104241096782938e-05,2.122547334954239e-06,1.9873220007880885e-05,0.499281670416237,6.935296550282277e-09,0.4992816704162441,2.632051939880745e-09,0.0014041591461476227,9.805874310262532e-08,2.9238684013396224e-07
EFT:1.0104241096782794e-05,2.122547334954209e-06,1.987322000788117e-05,0.499281670416237,6.935296550282277e-09,0.4992816704162441,2.6320519398807075e-09,0.0014041591461476227,9.805874310262393e-08,2.9238684013396224e-07
Random9567
Raw:1.0104241096782938e-05,2.122547334954239e-06,1.987322000788117e-05,0.499281670416237,6.935296550282277e-09,0.4992816704162441,2.632051939880745e-09,0.0014041591461476427,9.805874310262393e-08,2.9238684013396637e-07
EFT:1.0104241096782794e-05,2.122547334954209e-06,1.987322000788117e-05,0.499281670416237,6.935296550282277e-09,0.4992816704162441,2.6320519398807075e-09,0.0014041591461476227,9.805874310262393e-08,2.9238684013396224e-07
Random9568
Raw:1.0104241096782794e-05,2.122547334954209e-06,1.987322000788117e-05,0.4992816704162441,6.935296550282277e-09,0.499281670416237,2.63205193988067e-09,0.0014041591461476227,9.805874310262254e-08,2.9238684013396224e-07
EFT:1.0104241096782794e-05,2.122547334954209e-06,1.987322000788117e-05,0.499281670416237,6.935296550282277e-09,0.4992816704162441,2.6320519398807075e-09,0.0014041591461476227,9.805874310262393e-08,2.9238684013396224e-07
Random9569
Raw:1.0104241096782867e-05,2.122547334954224e-06,1.987322000788131e-05,0.49928167041624055,6.935296550282326e-09,0.49928167041624055,2.6320519398807638e-09,0.0014041591461476327,9.805874310262462e-08,2.923868401339643e-07
EFT:1.0104241096782794e-05,2.122547334954209e-06,1.987322000788117e-05,0.499281670416237,6.935296550282277e-09,0.4992816704162441,2.6320519398807075e-09,0.0014041591461476227,9.805874310262393e-08,2.9238684013396224e-07
Random9570
Raw:1.0104241096782723e-05,2.122547334954194e-06,1.9873220007881028e-05,0.49928167041624055,6.93529655028213e-09,0.49928167041624055,2.6320519398806513e-09,0.0014041591461476128,9.805874310262323e-08,2.923868401339602e-07
EFT:1.0104241096782794e-05,2.122547334954209e-06,1.987322000788117e-05,0.499281670416237,6.935296550282277e-09,0.4992816704162441,2.6320519398807075e-09,0.0014041591461476227,9.805874310262393e-08,2.9238684013396224e-07
Random9571
Raw:1.0104241096782867e-05,2.122547334954224e-06,1.987322000788131e-05,0.49928167041624055,6.935296550282326e-09,0.49928167041624055,2.6320519398807638e-09,0.0014041591461476128,9.805874310262462e-08,2.923868401339643e-07
EFT:1.0104241096782794e-05,2.122547334954209e-06,1.987322000788117e-05,0.499281670416237,6.935296550282277e-09,0.4992816704162441,2.6320519398807075e-09,0.0014041591461476227,9.805874310262393e-08,2.9238684013396224e-07
Random9572
Raw:1.0104241096783009e-05,2.122547334954224e-06,1.987322000788131e-05,0.49928167041623345,6.935296550282424e-09,0.49928167041624766,2.6320519398807638e-09,0.0014041591461476327,9.805874310262601e-08,2.923868401339685e-07
EFT:1.0104241096782794e-05,2.122547334954209e-06,1.987322000788117e-05,0.499281670416237,6.935296550282277e-09,0.4992816704162441,2.6320519398807075e-09,0.0014041591461476227,9.805874310262393e-08,2.9238684013396224e-07
Random9573
Raw:1.0104241096782938e-05,2.122547334954209e-06,1.987322000788117e-05,0.499281670416237,6.9352965502823754e-09,0.4992816704162441,2.632051939880745e-09,0.0014041591461476227,9.805874310262532e-08,2.9238684013396637e-07
EFT:1.0104241096782794e-05,2.122547334954209e-06,1.987322000788117e-05,0.499281670416237,6.935296550282277e-09,0.4992816704162441,2.6320519398807075e-09,0.0014041591461476227,9.805874310262393e-08,2.9238684013396224e-07
Random9574
Raw:1.0104241096782938e-05,2.1225473349541788e-06,1.9873220007880885e-05,0.499281670416237,6.935296550282277e-09,0.4992816704162441,2.632051939880745e-09,0.0014041591461476026,9.805874310262532e-08,2.9238684013396224e-07
EFT:1.0104241096782794e-05,2.122547334954209e-06,1.987322000788117e-05,0.499281670416237,6.935296550282277e-09,0.4992816704162441,2.6320519398807075e-09,0.0014041591461476227,9.805874310262393e-08,2.9238684013396224e-07
Random9575
Raw:1.0104241096782794e-05,2.1225473349541788e-06,1.9873220007880885e-05,0.499281670416237,6.935296550282277e-09,0.4992816704162441,2.632051939880745e-09,0.0014041591461476026,9.805874310262254e-08,2.9238684013396224e-07
EFT:1.0104241096782794e-05,2.122547334954209e-06,1.987322000788117e-05,0.499281670416237,6.935296550282277e-09,0.4992816704162441,2.6320519398807075e-09,0.0014041591461476227,9.805874310262393e-08,2.9238684013396224e-07
Random9576
Raw:1.0104241096782938e-05,2.122547334954239e-06,1.987322000788117e-05,0.499281670416237,6.935296550282277e-09,0.4992816704162441,2.632051939880745e-09,0.0014041591461476427,9.805874310262532e-08,2.9238684013396224e-07
EFT:1.0104241096782794e-05,2.122547334954209e-06,1.987322000788117e-05,0.499281670416237,6.935296550282277e-09,0.4992816704162441,2.6320519398807075e-09,0.0014041591461476227,9.805874310262393e-08,2.9238684013396224e-07
Random9577
Raw:1.0104241096783009e-05,2.122547334954224e-06,1.987322000788131e-05,0.49928167041623345,6.935296550282327e-09,0.49928167041624766,2.6320519398807638e-09,0.0014041591461476327,9.805874310262601e-08,2.9238684013396436e-07
EFT:1.0104241096782794e-05,2.122547334954209e-06,1.987322000788117e-05,0.499281670416237,6.935296550282277e-09,0.4992816704162441,2.6320519398807075e-09,0.0014041591461476227,9.805874310262393e-08,2.9238684013396224e-07
Random9578
Raw:1.0104241096782867e-05,2.122547334954224e-06,1.987322000788131e-05,0.49928167041624055,6.935296550282326e-09,0.49928167041624055,2.6320519398807265e-09,0.0014041591461476327,9.805874310262462e-08,2.923868401339643e-07
EFT:1.0104241096782794e-05,2.122547334954209e-06,1.987322000788117e-05,0.499281670416237,6.935296550282277e-09,0.4992816704162441,2.6320519398807075e-09,0.0014041591461476227,9.805874310262393e-08,2.9238684013396224e-07
Random9579
Raw:1.0104241096782867e-05,2.122547334954224e-06,1.987322000788131e-05,0.49928167041624055,6.935296550282326e-09,0.49928167041624055,2.6320519398807265e-09,0.0014041591461476128,9.805874310262462e-08,2.923868401339643e-07
EFT:1.0104241096782794e-05,2.122547334954209e-06,1.987322000788117e-05,0.499281670416237,6.935296550282277e-09,0.4992816704162441,2.6320519398807075e-09,0.0014041591461476227,9.805874310262393e-08,2.9238684013396224e-07
Random9580
Raw:1.0104241096782938e-05,2.122547334954239e-06,1.987322000788117e-05,0.499281670416237,6.935296550282277e-09,0.4992816704162441,2.632051939880745e-09,0.0014041591461476427,9.805874310262532e-08,2.9238684013396224e-07
EFT:1.0104241096782794e-05,2.122547334954209e-06,1.987322000788117e-05,0.499281670416237,6.935296550282277e-09,0.4992816704162441,2.6320519398807075e-09,0.0014041591461476227,9.805874310262393e-08,2.9238684013396224e-07
Random9581
Raw:1.0104241096782938e-05,2.122547334954209e-06,1.987322000788117e-05,0.499281670416237,6.935296550282277e-09,0.4992816704162441,2.632051939880745e-09,0.0014041591461476427,9.805874310262393e-08,2.9238684013396224e-07
EFT:1.0104241096782794e-05,2.122547334954209e-06,1.987322000788117e-05,0.499281670416237,6.935296550282277e-09,0.4992816704162441,2.6320519398807075e-09,0.0014041591461476227,9.805874310262393e-08,2.9238684013396224e-07
Random9582
Raw:1.0104241096782867e-05,2.122547334954224e-06,1.987322000788131e-05,0.49928167041624055,6.935296550282326e-09,0.49928167041624055,2.6320519398807638e-09,0.0014041591461476327,9.805874310262462e-08,2.923868401339643e-07
EFT:1.0104241096782794e-05,2.122547334954209e-06,1.987322000788117e-05,0.499281670416237,6.935296550282277e-09,0.4992816704162441,2.6320519398807075e-09,0.0014041591461476227,9.805874310262393e-08,2.9238684013396224e-07
Random9583
Raw:1.0104241096782938e-05,2.122547334954209e-06,1.987322000788117e-05,0.499281670416237,6.9352965502823754e-09,0.4992816704162441,2.632051939880745e-09,0.0014041591461476227,9.805874310262532e-08,2.9238684013396637e-07
EFT:1.0104241096782794e-05,2.122547334954209e-06,1.987322000788117e-05,0.499281670416237,6.935296550282277e-09,0.4992816704162441,2.6320519398807075e-09,0.0014041591461476227,9.805874310262393e-08,2.9238684013396224e-07
Random9584
Raw:1.0104241096782938e-05,2.122547334954209e-06,1.987322000788117e-05,0.499281670416237,6.935296550282277e-09,0.4992816704162441,2.632051939880745e-09,0.0014041591461476227,9.805874310262532e-08,2.9238684013396224e-07
EFT:1.0104241096782794e-05,2.122547334954209e-06,1.987322000788117e-05,0.499281670416237,6.935296550282277e-09,0.4992816704162441,2.6320519398807075e-09,0.0014041591461476227,9.805874310262393e-08,2.9238684013396224e-07
Random9585
Raw:1.0104241096782867e-05,2.122547334954224e-06,1.987322000788131e-05,0.49928167041624055,6.935296550282326e-09,0.49928167041624055,2.6320519398807265e-09,0.0014041591461476327,9.805874310262462e-08,2.923868401339643e-07
EFT:1.0104241096782794e-05,2.122547334954209e-06,1.987322000788117e-05,0.499281670416237,6.935296550282277e-09,0.4992816704162441,2.6320519398807075e-09,0.0014041591461476227,9.805874310262393e-08,2.9238684013396224e-07
Random9586
Raw:1.0104241096782938e-05,2.122547334954239e-06,1.987322000788117e-05,0.499281670416237,6.935296550282277e-09,0.4992816704162441,2.632051939880745e-09,0.0014041591461476427,9.805874310262532e-08,2.9238684013396224e-07
EFT:1.0104241096782794e-05,2.122547334954209e-06,1.987322000788117e-05,0.499281670416237,6.935296550282277e-09,0.4992816704162441,2.6320519398807075e-09,0.0014041591461476227,9.805874310262393e-08,2.9238684013396224e-07
Random9587
Raw:1.0104241096782938e-05,2.122547334954209e-06,1.987322000788117e-05,0.499281670416237,6.9352965502823754e-09,0.4992816704162441,2.632051939880745e-09,0.0014041591461476227,9.805874310262532e-08,2.9238684013396637e-07
EFT:1.0104241096782794e-05,2.122547334954209e-06,1.987322000788117e-05,0.499281670416237,6.935296550282277e-09,0.4992816704162441,2.6320519398807075e-09,0.0014041591461476227,9.805874310262393e-08,2.9238684013396224e-07
Random9588
Raw:1.0104241096782938e-05,2.122547334954239e-06,1.987322000788117e-05,0.499281670416237,6.935296550282277e-09,0.4992816704162441,2.632051939880745e-09,0.0014041591461476427,9.805874310262532e-08,2.9238684013396224e-07
EFT:1.0104241096782794e-05,2.122547334954209e-06,1.987322000788117e-05,0.499281670416237,6.935296550282277e-09,0.4992816704162441,2.6320519398807075e-09,0.0014041591461476227,9.805874310262393e-08,2.9238684013396224e-07
Random9589
Raw:1.0104241096782794e-05,2.122547334954209e-06,1.987322000788117e-05,0.499281670416237,6.9352965502821786e-09,0.4992816704162441,2.6320519398807075e-09,0.0014041591461476026,9.805874310262393e-08,2.9238684013396224e-07
EFT:1.0104241096782794e-05,2.122547334954209e-06,1.987322000788117e-05,0.499281670416237,6.935296550282277e-09,0.4992816704162441,2.6320519398807075e-09,0.0014041591461476227,9.805874310262393e-08,2.9238684013396224e-07
Random9590
Raw:1.0104241096783009e-05,2.122547334954224e-06,1.9873220007881028e-05,0.49928167041623345,6.935296550282327e-09,0.49928167041624766,2.6320519398807638e-09,0.0014041591461476327,9.805874310262601e-08,2.9238684013396436e-07
EFT:1.0104241096782794e-05,2.122547334954209e-06,1.987322000788117e-05,0.499281670416237,6.935296550282277e-09,0.4992816704162441,2.6320519398807075e-09,0.0014041591461476227,9.805874310262393e-08,2.9238684013396224e-07
Random9591
Raw:1.0104241096783009e-05,2.122547334954224e-06,1.987322000788131e-05,0.49928167041623345,6.935296550282327e-09,0.49928167041624766,2.6320519398807638e-09,0.0014041591461476327,9.805874310262462e-08,2.923868401339685e-07
EFT:1.0104241096782794e-05,2.122547334954209e-06,1.987322000788117e-05,0.499281670416237,6.935296550282277e-09,0.4992816704162441,2.6320519398807075e-09,0.0014041591461476227,9.805874310262393e-08,2.9238684013396224e-07
Random9592
Raw:1.0104241096782938e-05,2.122547334954209e-06,1.987322000788117e-05,0.499281670416237,6.9352965502823754e-09,0.4992816704162441,2.6320519398807824e-09,0.0014041591461476227,9.805874310262532e-08,2.9238684013396637e-07
EFT:1.0104241096782794e-05,2.122547334954209e-06,1.987322000788117e-05,0.499281670416237,6.935296550282277e-09,0.4992816704162441,2.6320519398807075e-09,0.0014041591461476227,9.805874310262393e-08,2.9238684013396224e-07
Random9593
Raw:1.010424109678301e-05,2.1225473349542546e-06,1.987322000788131e-05,0.49928167041624055,6.935296550282425e-09,0.49928167041624055,2.6320519398807638e-09,0.0014041591461476527,9.805874310262462e-08,2.923868401339643e-07
EFT:1.0104241096782794e-05,2.122547334954209e-06,1.987322000788117e-05,0.499281670416237,6.935296550282277e-09,0.4992816704162441,2.6320519398807075e-09,0.0014041591461476227,9.805874310262393e-08,2.9238684013396224e-07
Random9594
Raw:1.0104241096782867e-05,2.122547334954224e-06,1.9873220007881028e-05,0.49928167041624055,6.935296550282326e-09,0.49928167041624055,2.6320519398807265e-09,0.0014041591461476128,9.805874310262462e-08,2.923868401339643e-07
EFT:1.0104241096782794e-05,2.122547334954209e-06,1.987322000788117e-05,0.499281670416237,6.935296550282277e-09,0.4992816704162441,2.6320519398807075e-09,0.0014041591461476227,9.805874310262393e-08,2.9238684013396224e-07
Random9595
Raw:1.0104241096782867e-05,2.122547334954224e-06,1.9873220007881028e-05,0.49928167041624055,6.935296550282326e-09,0.49928167041624055,2.6320519398807265e-09,0.0014041591461476327,9.805874310262323e-08,2.923868401339643e-07
EFT:1.0104241096782794e-05,2.122547334954209e-06,1.987322000788117e-05,0.499281670416237,6.935296550282277e-09,0.4992816704162441,2.6320519398807075e-09,0.0014041591461476227,9.805874310262393e-08,2.9238684013396224e-07
Random9596
Raw:1.0104241096782938e-05,2.122547334954209e-06,1.987322000788117e-05,0.499281670416237,6.935296550282277e-09,0.4992816704162441,2.632051939880745e-09,0.0014041591461476227,9.805874310262532e-08,2.9238684013396224e-07
EFT:1.0104241096782794e-05,2.122547334954209e-06,1.987322000788117e-05,0.499281670416237,6.935296550282277e-09,0.4992816704162441,2.6320519398807075e-09,0.0014041591461476227,9.805874310262393e-08,2.9238684013396224e-07
Random9597
Raw:1.0104241096782794e-05,2.122547334954209e-06,1.9873220007880885e-05,0.499281670416237,6.935296550282277e-09,0.4992816704162441,2.632051939880745e-09,0.0014041591461476227,9.805874310262254e-08,2.9238684013396224e-07
EFT:1.0104241096782794e-05,2.122547334954209e-06,1.987322000788117e-05,0.499281670416237,6.935296550282277e-09,0.4992816704162441,2.6320519398807075e-09,0.0014041591461476227,9.805874310262393e-08,2.9238684013396224e-07
Random9598
Raw:1.0104241096782867e-05,2.122547334954224e-06,1.987322000788131e-05,0.49928167041624055,6.935296550282326e-09,0.49928167041624055,2.6320519398807265e-09,0.0014041591461476327,9.805874310262462e-08,2.923868401339643e-07
EFT:1.0104241096782794e-05,2.122547334954209e-06,1.987322000788117e-05,0.499281670416237,6.935296550282277e-09,0.4992816704162441,2.6320519398807075e-09,0.0014041591461476227,9.805874310262393e-08,2.9238684013396224e-07
Random9599
Raw:1.0104241096782867e-05,2.122547334954224e-06,1.987322000788131e-05,0.49928167041624055,6.935296550282326e-09,0.49928167041624055,2.6320519398807638e-09,0.0014041591461476128,9.805874310262462e-08,2.923868401339643e-07
EFT:1.0104241096782794e-05,2.122547334954209e-06,1.987322000788117e-05,0.499281670416237,6.935296550282277e-09,0.4992816704162441,2.6320519398807075e-09,0.0014041591461476227,9.805874310262393e-08,2.9238684013396224e-07
Random9600
Raw:1.0104241096782867e-05,2.122547334954224e-06,1.987322000788131e-05,0.49928167041624055,6.935296550282326e-09,0.49928167041624055,2.6320519398807265e-09,0.0014041591461476327,9.805874310262602e-08,2.923868401339643e-07
EFT:1.0104241096782794e-05,2.122547334954209e-06,1.987322000788117e-05,0.499281670416237,6.935296550282277e-09,0.4992816704162441,2.6320519398807075e-09,0.0014041591461476227,9.805874310262393e-08,2.9238684013396224e-07
Random9601
Raw:1.0104241096782867e-05,2.122547334954224e-06,1.987322000788131e-05,0.49928167041624055,6.935296550282326e-09,0.49928167041624055,2.6320519398807265e-09,0.0014041591461476128,9.805874310262462e-08,2.923868401339643e-07
EFT:1.0104241096782794e-05,2.122547334954209e-06,1.987322000788117e-05,0.499281670416237,6.935296550282277e-09,0.4992816704162441,2.6320519398807075e-09,0.0014041591461476227,9.805874310262393e-08,2.9238684013396224e-07
Random9602
Raw:1.0104241096783009e-05,2.122547334954224e-06,1.9873220007881028e-05,0.49928167041623345,6.935296550282327e-09,0.49928167041624766,2.6320519398807638e-09,0.0014041591461476327,9.805874310262601e-08,2.9238684013396436e-07
EFT:1.0104241096782794e-05,2.122547334954209e-06,1.987322000788117e-05,0.499281670416237,6.935296550282277e-09,0.4992816704162441,2.6320519398807075e-09,0.0014041591461476227,9.805874310262393e-08,2.9238684013396224e-07
Random9603
Raw:1.010424109678301e-05,2.122547334954224e-06,1.987322000788131e-05,0.49928167041624055,6.935296550282425e-09,0.49928167041624055,2.6320519398807638e-09,0.0014041591461476327,9.805874310262462e-08,2.923868401339643e-07
EFT:1.0104241096782794e-05,2.122547334954209e-06,1.987322000788117e-05,0.499281670416237,6.935296550282277e-09,0.4992816704162441,2.6320519398807075e-09,0.0014041591461476227,9.805874310262393e-08,2.9238684013396224e-07
Random9604
Raw:1.0104241096783009e-05,2.122547334954194e-06,1.9873220007881028e-05,0.49928167041623345,6.935296550282327e-09,0.49928167041624766,2.6320519398807638e-09,0.0014041591461476327,9.805874310262462e-08,2.9238684013396436e-07
EFT:1.0104241096782794e-05,2.122547334954209e-06,1.987322000788117e-05,0.499281670416237,6.935296550282277e-09,0.4992816704162441,2.6320519398807075e-09,0.0014041591461476227,9.805874310262393e-08,2.9238684013396224e-07
Random9605
Raw:1.0104241096782867e-05,2.122547334954224e-06,1.987322000788131e-05,0.49928167041624055,6.935296550282326e-09,0.49928167041624055,2.6320519398807265e-09,0.0014041591461476128,9.805874310262462e-08,2.923868401339643e-07
EFT:1.0104241096782794e-05,2.122547334954209e-06,1.987322000788117e-05,0.499281670416237,6.935296550282277e-09,0.4992816704162441,2.6320519398807075e-09,0.0014041591461476227,9.805874310262393e-08,2.9238684013396224e-07
Random9606
Raw:1.0104241096783009e-05,2.122547334954224e-06,1.987322000788131e-05,0.49928167041623345,6.935296550282327e-09,0.49928167041624766,2.6320519398807638e-09,0.0014041591461476327,9.805874310262462e-08,2.923868401339685e-07
EFT:1.0104241096782794e-05,2.122547334954209e-06,1.987322000788117e-05,0.499281670416237,6.935296550282277e-09,0.4992816704162441,2.6320519398807075e-09,0.0014041591461476227,9.805874310262393e-08,2.9238684013396224e-07
Random9607
Raw:1.0104241096783009e-05,2.122547334954224e-06,1.987322000788131e-05,0.49928167041623345,6.935296550282327e-09,0.49928167041624766,2.6320519398807638e-09,0.0014041591461476327,9.805874310262462e-08,2.923868401339685e-07
EFT:1.0104241096782794e-05,2.122547334954209e-06,1.987322000788117e-05,0.499281670416237,6.935296550282277e-09,0.4992816704162441,2.6320519398807075e-09,0.0014041591461476227,9.805874310262393e-08,2.9238684013396224e-07
Random9608
Raw:1.0104241096782938e-05,2.122547334954209e-06,1.987322000788117e-05,0.499281670416237,6.9352965502823754e-09,0.4992816704162441,2.632051939880745e-09,0.0014041591461476227,9.805874310262393e-08,2.9238684013396637e-07
EFT:1.0104241096782794e-05,2.122547334954209e-06,1.987322000788117e-05,0.499281670416237,6.935296550282277e-09,0.4992816704162441,2.6320519398807075e-09,0.0014041591461476227,9.805874310262393e-08,2.9238684013396224e-07
Random9609
Raw:1.0104241096782867e-05,2.122547334954224e-06,1.987322000788131e-05,0.49928167041624055,6.935296550282326e-09,0.49928167041624055,2.6320519398807265e-09,0.0014041591461476128,9.805874310262462e-08,2.923868401339643e-07
EFT:1.0104241096782794e-05,2.122547334954209e-06,1.987322000788117e-05,0.499281670416237,6.935296550282277e-09,0.4992816704162441,2.6320519398807075e-09,0.0014041591461476227,9.805874310262393e-08,2.9238684013396224e-07
Random9610
Raw:1.0104241096782867e-05,2.122547334954224e-06,1.987322000788131e-05,0.49928167041624055,6.935296550282326e-09,0.49928167041624055,2.6320519398807265e-09,0.0014041591461476128,9.805874310262462e-08,2.923868401339643e-07
EFT:1.0104241096782794e-05,2.122547334954209e-06,1.987322000788117e-05,0.499281670416237,6.935296550282277e-09,0.4992816704162441,2.6320519398807075e-09,0.0014041591461476227,9.805874310262393e-08,2.9238684013396224e-07
Random9611
Raw:1.0104241096782938e-05,2.122547334954209e-06,1.9873220007880885e-05,0.499281670416237,6.935296550282277e-09,0.4992816704162441,2.632051939880745e-09,0.0014041591461476227,9.805874310262532e-08,2.9238684013396224e-07
EFT:1.0104241096782794e-05,2.122547334954209e-06,1.987322000788117e-05,0.499281670416237,6.935296550282277e-09,0.4992816704162441,2.6320519398807075e-09,0.0014041591461476227,9.805874310262393e-08,2.9238684013396224e-07
Random9612
Raw:1.0104241096782938e-05,2.122547334954209e-06,1.987322000788117e-05,0.499281670416237,6.935296550282277e-09,0.4992816704162441,2.632051939880745e-09,0.0014041591461476427,9.805874310262393e-08,2.9238684013396224e-07
EFT:1.0104241096782794e-05,2.122547334954209e-06,1.987322000788117e-05,0.499281670416237,6.935296550282277e-09,0.4992816704162441,2.6320519398807075e-09,0.0014041591461476227,9.805874310262393e-08,2.9238684013396224e-07
Random9613
Raw:1.0104241096782938e-05,2.122547334954239e-06,1.987322000788145e-05,0.499281670416237,6.935296550282277e-09,0.4992816704162441,2.632051939880745e-09,0.0014041591461476427,9.805874310262393e-08,2.9238684013396637e-07
EFT:1.0104241096782794e-05,2.122547334954209e-06,1.987322000788117e-05,0.499281670416237,6.935296550282277e-09,0.4992816704162441,2.6320519398807075e-09,0.0014041591461476227,9.805874310262393e-08,2.9238684013396224e-07
Random9614
Raw:1.0104241096782794e-05,2.122547334954209e-06,1.987322000788117e-05,0.499281670416237,6.935296550282277e-09,0.4992816704162441,2.632051939880745e-09,0.0014041591461476227,9.805874310262254e-08,2.9238684013396224e-07
EFT:1.0104241096782794e-05,2.122547334954209e-06,1.987322000788117e-05,0.499281670416237,6.935296550282277e-09,0.4992816704162441,2.6320519398807075e-09,0.0014041591461476227,9.805874310262393e-08,2.9238684013396224e-07
Random9615
Raw:1.0104241096782865e-05,2.122547334954194e-06,1.9873220007880747e-05,0.49928167041623345,6.935296550282228e-09,0.49928167041624766,2.6320519398807638e-09,0.0014041591461476126,9.805874310262462e-08,2.9238684013396436e-07
EFT:1.0104241096782794e-05,2.122547334954209e-06,1.987322000788117e-05,0.499281670416237,6.935296550282277e-09,0.4992816704162441,2.6320519398807075e-09,0.0014041591461476227,9.805874310262393e-08,2.9238684013396224e-07
Random9616
Raw:1.0104241096782938e-05,2.122547334954209e-06,1.987322000788117e-05,0.499281670416237,6.9352965502823754e-09,0.4992816704162441,2.632051939880745e-09,0.0014041591461476227,9.805874310262532e-08,2.9238684013396637e-07
EFT:1.0104241096782794e-05,2.122547334954209e-06,1.987322000788117e-05,0.499281670416237,6.935296550282277e-09,0.4992816704162441,2.6320519398807075e-09,0.0014041591461476227,9.805874310262393e-08,2.9238684013396224e-07
Random9617
Raw:1.0104241096782938e-05,2.122547334954209e-06,1.987322000788117e-05,0.499281670416237,6.9352965502823754e-09,0.4992816704162441,2.632051939880745e-09,0.0014041591461476227,9.805874310262393e-08,2.9238684013396637e-07
EFT:1.0104241096782794e-05,2.122547334954209e-06,1.987322000788117e-05,0.499281670416237,6.935296550282277e-09,0.4992816704162441,2.6320519398807075e-09,0.0014041591461476227,9.805874310262393e-08,2.9238684013396224e-07
Random9618
Raw:1.0104241096782794e-05,2.122547334954209e-06,1.987322000788117e-05,0.499281670416237,6.935296550282277e-09,0.4992816704162441,2.6320519398807075e-09,0.0014041591461476227,9.805874310262393e-08,2.9238684013396224e-07
EFT:1.0104241096782794e-05,2.122547334954209e-06,1.987322000788117e-05,0.499281670416237,6.935296550282277e-09,0.4992816704162441,2.6320519398807075e-09,0.0014041591461476227,9.805874310262393e-08,2.9238684013396224e-07
Random9619
Raw:1.0104241096782867e-05,2.122547334954224e-06,1.9873220007881028e-05,0.49928167041624055,6.935296550282326e-09,0.49928167041624055,2.6320519398807265e-09,0.0014041591461476327,9.805874310262323e-08,2.923868401339643e-07
EFT:1.0104241096782794e-05,2.122547334954209e-06,1.987322000788117e-05,0.499281670416237,6.935296550282277e-09,0.4992816704162441,2.6320519398807075e-09,0.0014041591461476227,9.805874310262393e-08,2.9238684013396224e-07
Random9620
Raw:1.0104241096783009e-05,2.122547334954194e-06,1.9873220007881028e-05,0.49928167041623345,6.935296550282327e-09,0.49928167041624766,2.6320519398807638e-09,0.0014041591461476126,9.805874310262601e-08,2.9238684013396436e-07
EFT:1.0104241096782794e-05,2.122547334954209e-06,1.987322000788117e-05,0.499281670416237,6.935296550282277e-09,0.4992816704162441,2.6320519398807075e-09,0.0014041591461476227,9.805874310262393e-08,2.9238684013396224e-07
Random9621
Raw:1.0104241096782938e-05,2.122547334954239e-06,1.987322000788117e-05,0.499281670416237,6.935296550282277e-09,0.4992816704162441,2.632051939880745e-09,0.0014041591461476427,9.805874310262393e-08,2.9238684013396637e-07
EFT:1.0104241096782794e-05,2.122547334954209e-06,1.987322000788117e-05,0.499281670416237,6.935296550282277e-09,0.4992816704162441,2.6320519398807075e-09,0.0014041591461476227,9.805874310262393e-08,2.9238684013396224e-07
Random9622
Raw:1.0104241096783009e-05,2.122547334954224e-06,1.987322000788131e-05,0.49928167041623345,6.935296550282327e-09,0.49928167041624766,2.6320519398807638e-09,0.0014041591461476327,9.805874310262601e-08,2.9238684013396436e-07
EFT:1.0104241096782794e-05,2.122547334954209e-06,1.987322000788117e-05,0.499281670416237,6.935296550282277e-09,0.4992816704162441,2.6320519398807075e-09,0.0014041591461476227,9.805874310262393e-08,2.9238684013396224e-07
Random9623
Raw:1.0104241096782938e-05,2.122547334954209e-06,1.987322000788117e-05,0.499281670416237,6.9352965502823754e-09,0.4992816704162441,2.632051939880745e-09,0.0014041591461476227,9.805874310262393e-08,2.9238684013396637e-07
EFT:1.0104241096782794e-05,2.122547334954209e-06,1.987322000788117e-05,0.499281670416237,6.935296550282277e-09,0.4992816704162441,2.6320519398807075e-09,0.0014041591461476227,9.805874310262393e-08,2.9238684013396224e-07
Random9624
Raw:1.0104241096782938e-05,2.122547334954209e-06,1.987322000788117e-05,0.499281670416237,6.9352965502823754e-09,0.4992816704162441,2.632051939880745e-09,0.0014041591461476227,9.805874310262393e-08,2.9238684013396637e-07
EFT:1.0104241096782794e-05,2.122547334954209e-06,1.987322000788117e-05,0.499281670416237,6.935296550282277e-09,0.4992816704162441,2.6320519398807075e-09,0.0014041591461476227,9.805874310262393e-08,2.9238684013396224e-07
Random9625
Raw:1.0104241096783009e-05,2.122547334954224e-06,1.987322000788131e-05,0.49928167041623345,6.935296550282327e-09,0.49928167041624766,2.6320519398807638e-09,0.0014041591461476327,9.805874310262462e-08,2.923868401339685e-07
EFT:1.0104241096782794e-05,2.122547334954209e-06,1.987322000788117e-05,0.499281670416237,6.935296550282277e-09,0.4992816704162441,2.6320519398807075e-09,0.0014041591461476227,9.805874310262393e-08,2.9238684013396224e-07
Random9626
Raw:1.0104241096782794e-05,2.122547334954209e-06,1.987322000788117e-05,0.499281670416237,6.935296550282277e-09,0.4992816704162441,2.6320519398807075e-09,0.0014041591461476227,9.805874310262393e-08,2.9238684013396224e-07
EFT:1.0104241096782794e-05,2.122547334954209e-06,1.987322000788117e-05,0.499281670416237,6.935296550282277e-09,0.4992816704162441,2.6320519398807075e-09,0.0014041591461476227,9.805874310262393e-08,2.9238684013396224e-07
Random9627
Raw:1.0104241096782794e-05,2.1225473349541788e-06,1.9873220007880885e-05,0.499281670416237,6.935296550282277e-09,0.4992816704162441,2.632051939880745e-09,0.0014041591461476026,9.805874310262254e-08,2.9238684013396224e-07
EFT:1.0104241096782794e-05,2.122547334954209e-06,1.987322000788117e-05,0.499281670416237,6.935296550282277e-09,0.4992816704162441,2.6320519398807075e-09,0.0014041591461476227,9.805874310262393e-08,2.9238684013396224e-07
Random9628
Raw:1.0104241096782867e-05,2.122547334954224e-06,1.9873220007881028e-05,0.49928167041624055,6.935296550282326e-09,0.49928167041624055,2.6320519398807638e-09,0.0014041591461476128,9.805874310262462e-08,2.923868401339643e-07
EFT:1.0104241096782794e-05,2.122547334954209e-06,1.987322000788117e-05,0.499281670416237,6.935296550282277e-09,0.4992816704162441,2.6320519398807075e-09,0.0014041591461476227,9.805874310262393e-08,2.9238684013396224e-07
Random9629
Raw:1.0104241096782938e-05,2.122547334954209e-06,1.987322000788117e-05,0.499281670416237,6.935296550282277e-09,0.4992816704162441,2.632051939880745e-09,0.0014041591461476427,9.805874310262393e-08,2.9238684013396224e-07
EFT:1.0104241096782794e-05,2.122547334954209e-06,1.987322000788117e-05,0.499281670416237,6.935296550282277e-09,0.4992816704162441,2.6320519398807075e-09,0.0014041591461476227,9.805874310262393e-08,2.9238684013396224e-07
Random9630
Raw:1.0104241096782938e-05,2.122547334954209e-06,1.987322000788117e-05,0.499281670416237,6.935296550282277e-09,0.4992816704162441,2.632051939880745e-09,0.0014041591461476227,9.805874310262393e-08,2.9238684013396637e-07
EFT:1.0104241096782794e-05,2.122547334954209e-06,1.987322000788117e-05,0.499281670416237,6.935296550282277e-09,0.4992816704162441,2.6320519398807075e-09,0.0014041591461476227,9.805874310262393e-08,2.9238684013396224e-07
Random9631
Raw:1.0104241096782865e-05,2.122547334954194e-06,1.9873220007881028e-05,0.49928167041623345,6.935296550282228e-09,0.49928167041624766,2.632051939880726e-09,0.0014041591461476327,9.805874310262462e-08,2.923868401339602e-07
EFT:1.0104241096782794e-05,2.122547334954209e-06,1.987322000788117e-05,0.499281670416237,6.935296550282277e-09,0.4992816704162441,2.6320519398807075e-09,0.0014041591461476227,9.805874310262393e-08,2.9238684013396224e-07
Random9632
Raw:1.0104241096782867e-05,2.122547334954224e-06,1.9873220007881028e-05,0.49928167041624055,6.935296550282326e-09,0.49928167041624055,2.6320519398807265e-09,0.0014041591461476128,9.805874310262462e-08,2.923868401339643e-07
EFT:1.0104241096782794e-05,2.122547334954209e-06,1.987322000788117e-05,0.499281670416237,6.935296550282277e-09,0.4992816704162441,2.6320519398807075e-09,0.0014041591461476227,9.805874310262393e-08,2.9238684013396224e-07
Random9633
Raw:1.0104241096782938e-05,2.122547334954239e-06,1.987322000788145e-05,0.499281670416237,6.9352965502823754e-09,0.4992816704162441,2.632051939880745e-09,0.0014041591461476227,9.805874310262532e-08,2.9238684013396637e-07
EFT:1.0104241096782794e-05,2.122547334954209e-06,1.987322000788117e-05,0.499281670416237,6.935296550282277e-09,0.4992816704162441,2.6320519398807075e-09,0.0014041591461476227,9.805874310262393e-08,2.9238684013396224e-07
Random9634
Raw:1.0104241096782938e-05,2.122547334954209e-06,1.987322000788117e-05,0.499281670416237,6.9352965502823754e-09,0.4992816704162441,2.6320519398807824e-09,0.0014041591461476026,9.805874310262393e-08,2.9238684013396637e-07
EFT:1.0104241096782794e-05,2.122547334954209e-06,1.987322000788117e-05,0.499281670416237,6.935296550282277e-09,0.4992816704162441,2.6320519398807075e-09,0.0014041591461476227,9.805874310262393e-08,2.9238684013396224e-07
Random9635
Raw:1.0104241096782867e-05,2.122547334954224e-06,1.987322000788131e-05,0.49928167041624055,6.935296550282326e-09,0.49928167041624055,2.6320519398807638e-09,0.0014041591461476128,9.805874310262462e-08,2.923868401339643e-07
EFT:1.0104241096782794e-05,2.122547334954209e-06,1.987322000788117e-05,0.499281670416237,6.935296550282277e-09,0.4992816704162441,2.6320519398807075e-09,0.0014041591461476227,9.805874310262393e-08,2.9238684013396224e-07
Random9636
Raw:1.0104241096782938e-05,2.122547334954209e-06,1.987322000788117e-05,0.499281670416237,6.9352965502823754e-09,0.4992816704162441,2.632051939880745e-09,0.0014041591461476227,9.805874310262393e-08,2.9238684013396637e-07
EFT:1.0104241096782794e-05,2.122547334954209e-06,1.987322000788117e-05,0.499281670416237,6.935296550282277e-09,0.4992816704162441,2.6320519398807075e-09,0.0014041591461476227,9.805874310262393e-08,2.9238684013396224e-07
Random9637
Raw:1.0104241096782938e-05,2.122547334954209e-06,1.987322000788117e-05,0.499281670416237,6.935296550282277e-09,0.4992816704162441,2.632051939880745e-09,0.0014041591461476227,9.805874310262532e-08,2.9238684013396224e-07
EFT:1.0104241096782794e-05,2.122547334954209e-06,1.987322000788117e-05,0.499281670416237,6.935296550282277e-09,0.4992816704162441,2.6320519398807075e-09,0.0014041591461476227,9.805874310262393e-08,2.9238684013396224e-07
Random9638
Raw:1.0104241096782867e-05,2.122547334954194e-06,1.9873220007881028e-05,0.49928167041624055,6.935296550282326e-09,0.49928167041624055,2.6320519398807265e-09,0.0014041591461476128,9.805874310262602e-08,2.923868401339643e-07
EFT:1.0104241096782794e-05,2.122547334954209e-06,1.987322000788117e-05,0.499281670416237,6.935296550282277e-09,0.4992816704162441,2.6320519398807075e-09,0.0014041591461476227,9.805874310262393e-08,2.9238684013396224e-07
Random9639
Raw:1.0104241096782938e-05,2.122547334954209e-06,1.987322000788117e-05,0.499281670416237,6.9352965502823754e-09,0.4992816704162441,2.6320519398807824e-09,0.0014041591461476227,9.805874310262532e-08,2.9238684013396637e-07
EFT:1.0104241096782794e-05,2.122547334954209e-06,1.987322000788117e-05,0.499281670416237,6.935296550282277e-09,0.4992816704162441,2.6320519398807075e-09,0.0014041591461476227,9.805874310262393e-08,2.9238684013396224e-07
Random9640
Raw:1.0104241096782794e-05,2.122547334954239e-06,1.987322000788117e-05,0.4992816704162441,6.935296550282277e-09,0.499281670416237,2.6320519398807075e-09,0.0014041591461476227,9.805874310262393e-08,2.9238684013396224e-07
EFT:1.0104241096782794e-05,2.122547334954209e-06,1.987322000788117e-05,0.499281670416237,6.935296550282277e-09,0.4992816704162441,2.6320519398807075e-09,0.0014041591461476227,9.805874310262393e-08,2.9238684013396224e-07
Random9641
Raw:1.0104241096783009e-05,2.122547334954194e-06,1.9873220007881028e-05,0.49928167041623345,6.935296550282327e-09,0.49928167041624766,2.6320519398807638e-09,0.0014041591461476126,9.805874310262601e-08,2.9238684013396436e-07
EFT:1.0104241096782794e-05,2.122547334954209e-06,1.987322000788117e-05,0.499281670416237,6.935296550282277e-09,0.4992816704162441,2.6320519398807075e-09,0.0014041591461476227,9.805874310262393e-08,2.9238684013396224e-07
Random9642
Raw:1.0104241096782794e-05,2.1225473349541788e-06,1.9873220007880885e-05,0.499281670416237,6.9352965502821786e-09,0.4992816704162441,2.63205193988067e-09,0.0014041591461476427,9.805874310262393e-08,2.923868401339581e-07
EFT:1.0104241096782794e-05,2.122547334954209e-06,1.987322000788117e-05,0.499281670416237,6.935296550282277e-09,0.4992816704162441,2.6320519398807075e-09,0.0014041591461476227,9.805874310262393e-08,2.9238684013396224e-07
Random9643
Raw:1.0104241096783009e-05,2.122547334954224e-06,1.9873220007881028e-05,0.49928167041623345,6.935296550282327e-09,0.49928167041624766,2.6320519398807638e-09,0.0014041591461476327,9.805874310262601e-08,2.9238684013396436e-07
EFT:1.0104241096782794e-05,2.122547334954209e-06,1.987322000788117e-05,0.499281670416237,6.935296550282277e-09,0.4992816704162441,2.6320519398807075e-09,0.0014041591461476227,9.805874310262393e-08,2.9238684013396224e-07
Random9644
Raw:1.0104241096782938e-05,2.122547334954209e-06,1.987322000788117e-05,0.499281670416237,6.935296550282277e-09,0.4992816704162441,2.632051939880745e-09,0.0014041591461476427,9.805874310262393e-08,2.9238684013396224e-07
EFT:1.0104241096782794e-05,2.122547334954209e-06,1.987322000788117e-05,0.499281670416237,6.935296550282277e-09,0.4992816704162441,2.6320519398807075e-09,0.0014041591461476227,9.805874310262393e-08,2.9238684013396224e-07
Random9645
Raw:1.0104241096782867e-05,2.122547334954224e-06,1.9873220007881028e-05,0.49928167041624055,6.935296550282326e-09,0.49928167041624055,2.6320519398807265e-09,0.0014041591461476327,9.805874310262323e-08,2.923868401339643e-07
EFT:1.0104241096782794e-05,2.122547334954209e-06,1.987322000788117e-05,0.499281670416237,6.935296550282277e-09,0.4992816704162441,2.6320519398807075e-09,0.0014041591461476227,9.805874310262393e-08,2.9238684013396224e-07
Random9646
Raw:1.0104241096782938e-05,2.122547334954209e-06,1.9873220007880885e-05,0.499281670416237,6.935296550282277e-09,0.4992816704162441,2.632051939880745e-09,0.0014041591461476227,9.805874310262532e-08,2.9238684013396224e-07
EFT:1.0104241096782794e-05,2.122547334954209e-06,1.987322000788117e-05,0.499281670416237,6.935296550282277e-09,0.4992816704162441,2.6320519398807075e-09,0.0014041591461476227,9.805874310262393e-08,2.9238684013396224e-07
Random9647
Raw:1.0104241096782938e-05,2.122547334954209e-06,1.987322000788117e-05,0.499281670416237,6.9352965502823754e-09,0.4992816704162441,2.632051939880745e-09,0.0014041591461476227,9.805874310262532e-08,2.9238684013396637e-07
EFT:1.0104241096782794e-05,2.122547334954209e-06,1.987322000788117e-05,0.499281670416237,6.935296550282277e-09,0.4992816704162441,2.6320519398807075e-09,0.0014041591461476227,9.805874310262393e-08,2.9238684013396224e-07
Random9648
Raw:1.0104241096782867e-05,2.122547334954194e-06,1.9873220007881028e-05,0.49928167041624055,6.935296550282326e-09,0.49928167041624055,2.6320519398807265e-09,0.0014041591461476128,9.805874310262323e-08,2.923868401339643e-07
EFT:1.0104241096782794e-05,2.122547334954209e-06,1.987322000788117e-05,0.499281670416237,6.935296550282277e-09,0.4992816704162441,2.6320519398807075e-09,0.0014041591461476227,9.805874310262393e-08,2.9238684013396224e-07
Random9649
Raw:1.0104241096782867e-05,2.122547334954194e-06,1.9873220007881028e-05,0.49928167041624055,6.935296550282228e-09,0.49928167041624055,2.632051939880689e-09,0.0014041591461476327,9.805874310262323e-08,2.923868401339602e-07
EFT:1.0104241096782794e-05,2.122547334954209e-06,1.987322000788117e-05,0.499281670416237,6.935296550282277e-09,0.4992816704162441,2.6320519398807075e-09,0.0014041591461476227,9.805874310262393e-08,2.9238684013396224e-07
Random9650
Raw:1.0104241096782938e-05,2.122547334954239e-06,1.987322000788117e-05,0.499281670416237,6.935296550282277e-09,0.4992816704162441,2.632051939880745e-09,0.0014041591461476227,9.805874310262532e-08,2.9238684013396224e-07
EFT:1.0104241096782794e-05,2.122547334954209e-06,1.987322000788117e-05,0.499281670416237,6.935296550282277e-09,0.4992816704162441,2.6320519398807075e-09,0.0014041591461476227,9.805874310262393e-08,2.9238684013396224e-07
Random9651
Raw:1.0104241096782794e-05,2.122547334954209e-06,1.9873220007880885e-05,0.499281670416237,6.935296550282277e-09,0.4992816704162441,2.6320519398807075e-09,0.0014041591461476026,9.805874310262393e-08,2.9238684013396224e-07
EFT:1.0104241096782794e-05,2.122547334954209e-06,1.987322000788117e-05,0.499281670416237,6.935296550282277e-09,0.4992816704162441,2.6320519398807075e-09,0.0014041591461476227,9.805874310262393e-08,2.9238684013396224e-07
Random9652
Raw:1.0104241096782867e-05,2.122547334954224e-06,1.987322000788131e-05,0.49928167041624055,6.935296550282326e-09,0.49928167041624055,2.6320519398807265e-09,0.0014041591461476327,9.805874310262323e-08,2.923868401339643e-07
EFT:1.0104241096782794e-05,2.122547334954209e-06,1.987322000788117e-05,0.499281670416237,6.935296550282277e-09,0.4992816704162441,2.6320519398807075e-09,0.0014041591461476227,9.805874310262393e-08,2.9238684013396224e-07
Random9653
Raw:1.0104241096782867e-05,2.122547334954224e-06,1.987322000788131e-05,0.49928167041624055,6.935296550282228e-09,0.49928167041624055,2.632051939880689e-09,0.0014041591461476327,9.805874310262323e-08,2.923868401339643e-07
EFT:1.0104241096782794e-05,2.122547334954209e-06,1.987322000788117e-05,0.499281670416237,6.935296550282277e-09,0.4992816704162441,2.6320519398807075e-09,0.0014041591461476227,9.805874310262393e-08,2.9238684013396224e-07
Random9654
Raw:1.0104241096782867e-05,2.1225473349542546e-06,1.987322000788131e-05,0.49928167041624055,6.935296550282326e-09,0.49928167041624055,2.6320519398807638e-09,0.0014041591461476128,9.805874310262462e-08,2.923868401339643e-07
EFT:1.0104241096782794e-05,2.122547334954209e-06,1.987322000788117e-05,0.499281670416237,6.935296550282277e-09,0.4992816704162441,2.6320519398807075e-09,0.0014041591461476227,9.805874310262393e-08,2.9238684013396224e-07
Random9655
Raw:1.0104241096782867e-05,2.122547334954224e-06,1.987322000788131e-05,0.49928167041624055,6.935296550282326e-09,0.49928167041624055,2.6320519398807638e-09,0.0014041591461476128,9.805874310262462e-08,2.923868401339643e-07
EFT:1.0104241096782794e-05,2.122547334954209e-06,1.987322000788117e-05,0.499281670416237,6.935296550282277e-09,0.4992816704162441,2.6320519398807075e-09,0.0014041591461476227,9.805874310262393e-08,2.9238684013396224e-07
Random9656
Raw:1.0104241096782938e-05,2.122547334954209e-06,1.987322000788117e-05,0.499281670416237,6.935296550282277e-09,0.4992816704162441,2.632051939880745e-09,0.0014041591461476227,9.805874310262532e-08,2.9238684013396224e-07
EFT:1.0104241096782794e-05,2.122547334954209e-06,1.987322000788117e-05,0.499281670416237,6.935296550282277e-09,0.4992816704162441,2.6320519398807075e-09,0.0014041591461476227,9.805874310262393e-08,2.9238684013396224e-07
Random9657
Raw:1.0104241096782867e-05,2.122547334954224e-06,1.987322000788131e-05,0.49928167041624055,6.935296550282326e-09,0.49928167041624055,2.6320519398807265e-09,0.0014041591461476327,9.805874310262323e-08,2.923868401339643e-07
EFT:1.0104241096782794e-05,2.122547334954209e-06,1.987322000788117e-05,0.499281670416237,6.935296550282277e-09,0.4992816704162441,2.6320519398807075e-09,0.0014041591461476227,9.805874310262393e-08,2.9238684013396224e-07
Random9658
Raw:1.0104241096783009e-05,2.122547334954224e-06,1.987322000788131e-05,0.49928167041623345,6.935296550282327e-09,0.49928167041624766,2.6320519398807638e-09,0.0014041591461476327,9.805874310262601e-08,2.9238684013396436e-07
EFT:1.0104241096782794e-05,2.122547334954209e-06,1.987322000788117e-05,0.499281670416237,6.935296550282277e-09,0.4992816704162441,2.6320519398807075e-09,0.0014041591461476227,9.805874310262393e-08,2.9238684013396224e-07
Random9659
Raw:1.0104241096783009e-05,2.122547334954224e-06,1.987322000788131e-05,0.49928167041623345,6.935296550282424e-09,0.49928167041624766,2.6320519398807638e-09,0.0014041591461476327,9.805874310262601e-08,2.923868401339685e-07
EFT:1.0104241096782794e-05,2.122547334954209e-06,1.987322000788117e-05,0.499281670416237,6.935296550282277e-09,0.4992816704162441,2.6320519398807075e-09,0.0014041591461476227,9.805874310262393e-08,2.9238684013396224e-07
Random9660
Raw:1.0104241096783009e-05,2.122547334954224e-06,1.987322000788131e-05,0.49928167041623345,6.935296550282327e-09,0.49928167041624766,2.6320519398807638e-09,0.0014041591461476327,9.805874310262601e-08,2.9238684013396436e-07
EFT:1.0104241096782794e-05,2.122547334954209e-06,1.987322000788117e-05,0.499281670416237,6.935296550282277e-09,0.4992816704162441,2.6320519398807075e-09,0.0014041591461476227,9.805874310262393e-08,2.9238684013396224e-07
Random9661
Raw:1.0104241096782867e-05,2.122547334954224e-06,1.987322000788131e-05,0.49928167041624055,6.935296550282326e-09,0.49928167041624055,2.6320519398807265e-09,0.0014041591461476327,9.805874310262462e-08,2.923868401339643e-07
EFT:1.0104241096782794e-05,2.122547334954209e-06,1.987322000788117e-05,0.499281670416237,6.935296550282277e-09,0.4992816704162441,2.6320519398807075e-09,0.0014041591461476227,9.805874310262393e-08,2.9238684013396224e-07
Random9662
Raw:1.0104241096782867e-05,2.122547334954224e-06,1.9873220007881028e-05,0.49928167041624055,6.935296550282326e-09,0.49928167041624055,2.6320519398807265e-09,0.0014041591461476327,9.805874310262323e-08,2.923868401339643e-07
EFT:1.0104241096782794e-05,2.122547334954209e-06,1.987322000788117e-05,0.499281670416237,6.935296550282277e-09,0.4992816704162441,2.6320519398807075e-09,0.0014041591461476227,9.805874310262393e-08,2.9238684013396224e-07
Random9663
Raw:1.0104241096782938e-05,2.1225473349541788e-06,1.9873220007880885e-05,0.499281670416237,6.935296550282277e-09,0.4992816704162441,2.632051939880745e-09,0.0014041591461476026,9.805874310262532e-08,2.9238684013396224e-07
EFT:1.0104241096782794e-05,2.122547334954209e-06,1.987322000788117e-05,0.499281670416237,6.935296550282277e-09,0.4992816704162441,2.6320519398807075e-09,0.0014041591461476227,9.805874310262393e-08,2.9238684013396224e-07
Random9664
Raw:1.0104241096782794e-05,2.122547334954209e-06,1.987322000788117e-05,0.499281670416237,6.935296550282277e-09,0.4992816704162441,2.6320519398807075e-09,0.0014041591461476227,9.805874310262393e-08,2.9238684013396224e-07
EFT:1.0104241096782794e-05,2.122547334954209e-06,1.987322000788117e-05,0.499281670416237,6.935296550282277e-09,0.4992816704162441,2.6320519398807075e-09,0.0014041591461476227,9.805874310262393e-08,2.9238684013396224e-07
Random9665
Raw:1.0104241096782938e-05,2.122547334954239e-06,1.9873220007880885e-05,0.499281670416237,6.935296550282277e-09,0.4992816704162441,2.632051939880745e-09,0.0014041591461476227,9.805874310262532e-08,2.9238684013396224e-07
EFT:1.0104241096782794e-05,2.122547334954209e-06,1.987322000788117e-05,0.499281670416237,6.935296550282277e-09,0.4992816704162441,2.6320519398807075e-09,0.0014041591461476227,9.805874310262393e-08,2.9238684013396224e-07
Random9666
Raw:1.0104241096782867e-05,2.122547334954224e-06,1.987322000788131e-05,0.49928167041624055,6.935296550282326e-09,0.49928167041624055,2.6320519398807265e-09,0.0014041591461476327,9.805874310262323e-08,2.923868401339643e-07
EFT:1.0104241096782794e-05,2.122547334954209e-06,1.987322000788117e-05,0.499281670416237,6.935296550282277e-09,0.4992816704162441,2.6320519398807075e-09,0.0014041591461476227,9.805874310262393e-08,2.9238684013396224e-07
Random9667
Raw:1.0104241096783009e-05,2.122547334954194e-06,1.9873220007881028e-05,0.49928167041623345,6.935296550282327e-09,0.49928167041624766,2.6320519398807638e-09,0.0014041591461476126,9.805874310262601e-08,2.9238684013396436e-07
EFT:1.0104241096782794e-05,2.122547334954209e-06,1.987322000788117e-05,0.499281670416237,6.935296550282277e-09,0.4992816704162441,2.6320519398807075e-09,0.0014041591461476227,9.805874310262393e-08,2.9238684013396224e-07
Random9668
Raw:1.0104241096782938e-05,2.122547334954209e-06,1.987322000788117e-05,0.499281670416237,6.935296550282277e-09,0.4992816704162441,2.632051939880745e-09,0.0014041591461476427,9.805874310262393e-08,2.9238684013396224e-07
EFT:1.0104241096782794e-05,2.122547334954209e-06,1.987322000788117e-05,0.499281670416237,6.935296550282277e-09,0.4992816704162441,2.6320519398807075e-09,0.0014041591461476227,9.805874310262393e-08,2.9238684013396224e-07
Random9669
Raw:1.0104241096782867e-05,2.122547334954194e-06,1.9873220007881028e-05,0.49928167041624055,6.935296550282228e-09,0.49928167041624055,2.632051939880689e-09,0.0014041591461476128,9.805874310262462e-08,2.923868401339602e-07
EFT:1.0104241096782794e-05,2.122547334954209e-06,1.987322000788117e-05,0.499281670416237,6.935296550282277e-09,0.4992816704162441,2.6320519398807075e-09,0.0014041591461476227,9.805874310262393e-08,2.9238684013396224e-07
Random9670
Raw:1.0104241096782867e-05,2.122547334954224e-06,1.987322000788131e-05,0.49928167041624055,6.935296550282326e-09,0.49928167041624055,2.6320519398807265e-09,0.0014041591461476327,9.805874310262462e-08,2.923868401339643e-07
EFT:1.0104241096782794e-05,2.122547334954209e-06,1.987322000788117e-05,0.499281670416237,6.935296550282277e-09,0.4992816704162441,2.6320519398807075e-09,0.0014041591461476227,9.805874310262393e-08,2.9238684013396224e-07
Random9671
Raw:1.0104241096782867e-05,2.122547334954224e-06,1.987322000788131e-05,0.49928167041624055,6.935296550282326e-09,0.49928167041624055,2.6320519398807265e-09,0.0014041591461476327,9.805874310262462e-08,2.923868401339643e-07
EFT:1.0104241096782794e-05,2.122547334954209e-06,1.987322000788117e-05,0.499281670416237,6.935296550282277e-09,0.4992816704162441,2.6320519398807075e-09,0.0014041591461476227,9.805874310262393e-08,2.9238684013396224e-07
Random9672
Raw:1.0104241096782794e-05,2.122547334954239e-06,1.987322000788117e-05,0.4992816704162441,6.9352965502821786e-09,0.499281670416237,2.63205193988067e-09,0.0014041591461476427,9.805874310262393e-08,2.923868401339581e-07
EFT:1.0104241096782794e-05,2.122547334954209e-06,1.987322000788117e-05,0.499281670416237,6.935296550282277e-09,0.4992816704162441,2.6320519398807075e-09,0.0014041591461476227,9.805874310262393e-08,2.9238684013396224e-07
Random9673
Raw:1.0104241096782938e-05,2.122547334954209e-06,1.987322000788117e-05,0.499281670416237,6.935296550282277e-09,0.4992816704162441,2.632051939880745e-09,0.0014041591461476227,9.805874310262393e-08,2.9238684013396637e-07
EFT:1.0104241096782794e-05,2.122547334954209e-06,1.987322000788117e-05,0.499281670416237,6.935296550282277e-09,0.4992816704162441,2.6320519398807075e-09,0.0014041591461476227,9.805874310262393e-08,2.9238684013396224e-07
Random9674
Raw:1.0104241096782867e-05,2.122547334954224e-06,1.987322000788131e-05,0.49928167041624055,6.935296550282326e-09,0.49928167041624055,2.6320519398807265e-09,0.0014041591461476327,9.805874310262323e-08,2.923868401339643e-07
EFT:1.0104241096782794e-05,2.122547334954209e-06,1.987322000788117e-05,0.499281670416237,6.935296550282277e-09,0.4992816704162441,2.6320519398807075e-09,0.0014041591461476227,9.805874310262393e-08,2.9238684013396224e-07
Random9675
Raw:1.0104241096782865e-05,2.122547334954194e-06,1.9873220007881028e-05,0.49928167041623345,6.935296550282228e-09,0.49928167041624766,2.632051939880726e-09,0.0014041591461476126,9.805874310262462e-08,2.9238684013396436e-07
EFT:1.0104241096782794e-05,2.122547334954209e-06,1.987322000788117e-05,0.499281670416237,6.935296550282277e-09,0.4992816704162441,2.6320519398807075e-09,0.0014041591461476227,9.805874310262393e-08,2.9238684013396224e-07
Random9676
Raw:1.0104241096782938e-05,2.122547334954209e-06,1.987322000788117e-05,0.499281670416237,6.9352965502823754e-09,0.4992816704162441,2.6320519398807824e-09,0.0014041591461476227,9.805874310262532e-08,2.9238684013396637e-07
EFT:1.0104241096782794e-05,2.122547334954209e-06,1.987322000788117e-05,0.499281670416237,6.935296550282277e-09,0.4992816704162441,2.6320519398807075e-09,0.0014041591461476227,9.805874310262393e-08,2.9238684013396224e-07
Random9677
Raw:1.0104241096782938e-05,2.122547334954239e-06,1.987322000788117e-05,0.499281670416237,6.9352965502823754e-09,0.4992816704162441,2.6320519398807824e-09,0.0014041591461476227,9.805874310262532e-08,2.9238684013396637e-07
EFT:1.0104241096782794e-05,2.122547334954209e-06,1.987322000788117e-05,0.499281670416237,6.935296550282277e-09,0.4992816704162441,2.6320519398807075e-09,0.0014041591461476227,9.805874310262393e-08,2.9238684013396224e-07
Random9678
Raw:1.0104241096782938e-05,2.122547334954239e-06,1.987322000788117e-05,0.499281670416237,6.935296550282277e-09,0.4992816704162441,2.632051939880745e-09,0.0014041591461476427,9.805874310262393e-08,2.9238684013396637e-07
EFT:1.0104241096782794e-05,2.122547334954209e-06,1.987322000788117e-05,0.499281670416237,6.935296550282277e-09,0.4992816704162441,2.6320519398807075e-09,0.0014041591461476227,9.805874310262393e-08,2.9238684013396224e-07
Random9679
Raw:1.0104241096782794e-05,2.122547334954209e-06,1.987322000788117e-05,0.499281670416237,6.9352965502821786e-09,0.4992816704162441,2.632051939880745e-09,0.0014041591461476227,9.805874310262254e-08,2.9238684013396224e-07
EFT:1.0104241096782794e-05,2.122547334954209e-06,1.987322000788117e-05,0.499281670416237,6.935296550282277e-09,0.4992816704162441,2.6320519398807075e-09,0.0014041591461476227,9.805874310262393e-08,2.9238684013396224e-07
Random9680
Raw:1.0104241096782938e-05,2.122547334954209e-06,1.987322000788117e-05,0.499281670416237,6.935296550282277e-09,0.4992816704162441,2.632051939880745e-09,0.0014041591461476227,9.805874310262393e-08,2.9238684013396637e-07
EFT:1.0104241096782794e-05,2.122547334954209e-06,1.987322000788117e-05,0.499281670416237,6.935296550282277e-09,0.4992816704162441,2.6320519398807075e-09,0.0014041591461476227,9.805874310262393e-08,2.9238684013396224e-07
Random9681
Raw:1.0104241096782794e-05,2.122547334954209e-06,1.987322000788117e-05,0.499281670416237,6.9352965502821786e-09,0.4992816704162441,2.6320519398807075e-09,0.0014041591461476227,9.805874310262393e-08,2.9238684013396224e-07
EFT:1.0104241096782794e-05,2.122547334954209e-06,1.987322000788117e-05,0.499281670416237,6.935296550282277e-09,0.4992816704162441,2.6320519398807075e-09,0.0014041591461476227,9.805874310262393e-08,2.9238684013396224e-07
Random9682
Raw:1.0104241096783009e-05,2.122547334954224e-06,1.987322000788131e-05,0.49928167041623345,6.935296550282327e-09,0.49928167041624766,2.6320519398807638e-09,0.0014041591461476327,9.805874310262462e-08,2.923868401339685e-07
EFT:1.0104241096782794e-05,2.122547334954209e-06,1.987322000788117e-05,0.499281670416237,6.935296550282277e-09,0.4992816704162441,2.6320519398807075e-09,0.0014041591461476227,9.805874310262393e-08,2.9238684013396224e-07
Random9683
Raw:1.0104241096782867e-05,2.122547334954224e-06,1.987322000788131e-05,0.49928167041624055,6.935296550282326e-09,0.49928167041624055,2.6320519398807638e-09,0.0014041591461476128,9.805874310262462e-08,2.923868401339643e-07
EFT:1.0104241096782794e-05,2.122547334954209e-06,1.987322000788117e-05,0.499281670416237,6.935296550282277e-09,0.4992816704162441,2.6320519398807075e-09,0.0014041591461476227,9.805874310262393e-08,2.9238684013396224e-07
Random9684
Raw:1.0104241096782867e-05,2.122547334954224e-06,1.987322000788131e-05,0.49928167041624055,6.935296550282326e-09,0.49928167041624055,2.6320519398807638e-09,0.0014041591461476128,9.805874310262462e-08,2.923868401339643e-07
EFT:1.0104241096782794e-05,2.122547334954209e-06,1.987322000788117e-05,0.499281670416237,6.935296550282277e-09,0.4992816704162441,2.6320519398807075e-09,0.0014041591461476227,9.805874310262393e-08,2.9238684013396224e-07
Random9685
Raw:1.0104241096783009e-05,2.122547334954194e-06,1.9873220007881028e-05,0.49928167041623345,6.935296550282327e-09,0.49928167041624766,2.6320519398807638e-09,0.0014041591461476126,9.805874310262601e-08,2.9238684013396436e-07
EFT:1.0104241096782794e-05,2.122547334954209e-06,1.987322000788117e-05,0.499281670416237,6.935296550282277e-09,0.4992816704162441,2.6320519398807075e-09,0.0014041591461476227,9.805874310262393e-08,2.9238684013396224e-07
Random9686
Raw:1.0104241096782867e-05,2.122547334954224e-06,1.9873220007881028e-05,0.49928167041624055,6.935296550282326e-09,0.49928167041624055,2.6320519398807638e-09,0.0014041591461476128,9.805874310262462e-08,2.923868401339643e-07
EFT:1.0104241096782794e-05,2.122547334954209e-06,1.987322000788117e-05,0.499281670416237,6.935296550282277e-09,0.4992816704162441,2.6320519398807075e-09,0.0014041591461476227,9.805874310262393e-08,2.9238684013396224e-07
Random9687
Raw:1.0104241096782794e-05,2.122547334954209e-06,1.987322000788117e-05,0.499281670416237,6.935296550282277e-09,0.4992816704162441,2.632051939880745e-09,0.0014041591461476227,9.805874310262254e-08,2.9238684013396224e-07
EFT:1.0104241096782794e-05,2.122547334954209e-06,1.987322000788117e-05,0.499281670416237,6.935296550282277e-09,0.4992816704162441,2.6320519398807075e-09,0.0014041591461476227,9.805874310262393e-08,2.9238684013396224e-07
Random9688
Raw:1.0104241096782938e-05,2.122547334954239e-06,1.987322000788145e-05,0.499281670416237,6.935296550282277e-09,0.4992816704162441,2.632051939880745e-09,0.0014041591461476427,9.805874310262532e-08,2.9238684013396224e-07
EFT:1.0104241096782794e-05,2.122547334954209e-06,1.987322000788117e-05,0.499281670416237,6.935296550282277e-09,0.4992816704162441,2.6320519398807075e-09,0.0014041591461476227,9.805874310262393e-08,2.9238684013396224e-07
Random9689
Raw:1.0104241096783009e-05,2.122547334954224e-06,1.9873220007881028e-05,0.49928167041623345,6.935296550282327e-09,0.49928167041624766,2.6320519398807638e-09,0.0014041591461476327,9.805874310262601e-08,2.9238684013396436e-07
EFT:1.0104241096782794e-05,2.122547334954209e-06,1.987322000788117e-05,0.499281670416237,6.935296550282277e-09,0.4992816704162441,2.6320519398807075e-09,0.0014041591461476227,9.805874310262393e-08,2.9238684013396224e-07
Random9690
Raw:1.0104241096782938e-05,2.122547334954209e-06,1.987322000788117e-05,0.499281670416237,6.935296550282277e-09,0.4992816704162441,2.632051939880745e-09,0.0014041591461476427,9.805874310262393e-08,2.9238684013396224e-07
EFT:1.0104241096782794e-05,2.122547334954209e-06,1.987322000788117e-05,0.499281670416237,6.935296550282277e-09,0.4992816704162441,2.6320519398807075e-09,0.0014041591461476227,9.805874310262393e-08,2.9238684013396224e-07
Random9691
Raw:1.0104241096783009e-05,2.122547334954224e-06,1.987322000788131e-05,0.49928167041623345,6.935296550282327e-09,0.49928167041624766,2.6320519398807638e-09,0.0014041591461476327,9.805874310262601e-08,2.9238684013396436e-07
EFT:1.0104241096782794e-05,2.122547334954209e-06,1.987322000788117e-05,0.499281670416237,6.935296550282277e-09,0.4992816704162441,2.6320519398807075e-09,0.0014041591461476227,9.805874310262393e-08,2.9238684013396224e-07
Random9692
Raw:1.0104241096783082e-05,2.122547334954239e-06,1.987322000788145e-05,0.499281670416237,6.935296550282475e-09,0.4992816704162441,2.6320519398807824e-09,0.0014041591461476427,9.805874310262532e-08,2.9238684013396637e-07
EFT:1.0104241096782794e-05,2.122547334954209e-06,1.987322000788117e-05,0.499281670416237,6.935296550282277e-09,0.4992816704162441,2.6320519398807075e-09,0.0014041591461476227,9.805874310262393e-08,2.9238684013396224e-07
Random9693
Raw:1.0104241096782794e-05,2.122547334954209e-06,1.987322000788117e-05,0.499281670416237,6.9352965502821786e-09,0.4992816704162441,2.6320519398807075e-09,0.0014041591461476227,9.805874310262393e-08,2.9238684013396224e-07
EFT:1.0104241096782794e-05,2.122547334954209e-06,1.987322000788117e-05,0.499281670416237,6.935296550282277e-09,0.4992816704162441,2.6320519398807075e-09,0.0014041591461476227,9.805874310262393e-08,2.9238684013396224e-07
Random9694
Raw:1.0104241096782867e-05,2.1225473349542546e-06,1.987322000788131e-05,0.49928167041624055,6.935296550282326e-09,0.49928167041624055,2.6320519398807638e-09,0.0014041591461476327,9.805874310262462e-08,2.923868401339643e-07
EFT:1.0104241096782794e-05,2.122547334954209e-06,1.987322000788117e-05,0.499281670416237,6.935296550282277e-09,0.4992816704162441,2.6320519398807075e-09,0.0014041591461476227,9.805874310262393e-08,2.9238684013396224e-07
Random9695
Raw:1.0104241096782938e-05,2.122547334954209e-06,1.987322000788117e-05,0.499281670416237,6.935296550282277e-09,0.4992816704162441,2.632051939880745e-09,0.0014041591461476227,9.805874310262532e-08,2.9238684013396224e-07
EFT:1.0104241096782794e-05,2.122547334954209e-06,1.987322000788117e-05,0.499281670416237,6.935296550282277e-09,0.4992816704162441,2.6320519398807075e-09,0.0014041591461476227,9.805874310262393e-08,2.9238684013396224e-07
Random9696
Raw:1.0104241096782938e-05,2.122547334954209e-06,1.987322000788117e-05,0.499281670416237,6.9352965502823754e-09,0.4992816704162441,2.632051939880745e-09,0.0014041591461476227,9.805874310262393e-08,2.9238684013396637e-07
EFT:1.0104241096782794e-05,2.122547334954209e-06,1.987322000788117e-05,0.499281670416237,6.935296550282277e-09,0.4992816704162441,2.6320519398807075e-09,0.0014041591461476227,9.805874310262393e-08,2.9238684013396224e-07
Random9697
Raw:1.0104241096783009e-05,2.122547334954194e-06,1.9873220007881028e-05,0.49928167041623345,6.935296550282327e-09,0.49928167041624766,2.6320519398807638e-09,0.0014041591461476126,9.805874310262601e-08,2.9238684013396436e-07
EFT:1.0104241096782794e-05,2.122547334954209e-06,1.987322000788117e-05,0.499281670416237,6.935296550282277e-09,0.4992816704162441,2.6320519398807075e-09,0.0014041591461476227,9.805874310262393e-08,2.9238684013396224e-07
Random9698
Raw:1.0104241096782938e-05,2.122547334954209e-06,1.987322000788117e-05,0.499281670416237,6.9352965502823754e-09,0.4992816704162441,2.632051939880745e-09,0.0014041591461476227,9.805874310262532e-08,2.9238684013396637e-07
EFT:1.0104241096782794e-05,2.122547334954209e-06,1.987322000788117e-05,0.499281670416237,6.935296550282277e-09,0.4992816704162441,2.6320519398807075e-09,0.0014041591461476227,9.805874310262393e-08,2.9238684013396224e-07
Random9699
Raw:1.0104241096782938e-05,2.122547334954209e-06,1.987322000788117e-05,0.499281670416237,6.9352965502823754e-09,0.4992816704162441,2.632051939880745e-09,0.0014041591461476227,9.805874310262532e-08,2.9238684013396637e-07
EFT:1.0104241096782794e-05,2.122547334954209e-06,1.987322000788117e-05,0.499281670416237,6.935296550282277e-09,0.4992816704162441,2.6320519398807075e-09,0.0014041591461476227,9.805874310262393e-08,2.9238684013396224e-07
Random9700
Raw:1.0104241096783009e-05,2.122547334954224e-06,1.9873220007881028e-05,0.49928167041623345,6.935296550282327e-09,0.49928167041624766,2.6320519398807638e-09,0.0014041591461476327,9.805874310262601e-08,2.9238684013396436e-07
EFT:1.0104241096782794e-05,2.122547334954209e-06,1.987322000788117e-05,0.499281670416237,6.935296550282277e-09,0.4992816704162441,2.6320519398807075e-09,0.0014041591461476227,9.805874310262393e-08,2.9238684013396224e-07
Random9701
Raw:1.0104241096782794e-05,2.122547334954209e-06,1.987322000788117e-05,0.499281670416237,6.935296550282277e-09,0.4992816704162441,2.6320519398807075e-09,0.0014041591461476227,9.805874310262393e-08,2.9238684013396224e-07
EFT:1.0104241096782794e-05,2.122547334954209e-06,1.987322000788117e-05,0.499281670416237,6.935296550282277e-09,0.4992816704162441,2.6320519398807075e-09,0.0014041591461476227,9.805874310262393e-08,2.9238684013396224e-07
Random9702
Raw:1.0104241096782867e-05,2.1225473349542546e-06,1.987322000788131e-05,0.49928167041624055,6.935296550282326e-09,0.49928167041624055,2.6320519398807638e-09,0.0014041591461476327,9.805874310262462e-08,2.923868401339643e-07
EFT:1.0104241096782794e-05,2.122547334954209e-06,1.987322000788117e-05,0.499281670416237,6.935296550282277e-09,0.4992816704162441,2.6320519398807075e-09,0.0014041591461476227,9.805874310262393e-08,2.9238684013396224e-07
Random9703
Raw:1.0104241096783009e-05,2.122547334954194e-06,1.9873220007881028e-05,0.49928167041623345,6.935296550282327e-09,0.49928167041624766,2.6320519398807638e-09,0.0014041591461476126,9.805874310262601e-08,2.9238684013396436e-07
EFT:1.0104241096782794e-05,2.122547334954209e-06,1.987322000788117e-05,0.499281670416237,6.935296550282277e-09,0.4992816704162441,2.6320519398807075e-09,0.0014041591461476227,9.805874310262393e-08,2.9238684013396224e-07
Random9704
Raw:1.0104241096782938e-05,2.122547334954239e-06,1.9873220007880885e-05,0.499281670416237,6.935296550282277e-09,0.4992816704162441,2.632051939880745e-09,0.0014041591461476227,9.805874310262532e-08,2.9238684013396224e-07
EFT:1.0104241096782794e-05,2.122547334954209e-06,1.987322000788117e-05,0.499281670416237,6.935296550282277e-09,0.4992816704162441,2.6320519398807075e-09,0.0014041591461476227,9.805874310262393e-08,2.9238684013396224e-07
Random9705
Raw:1.0104241096783009e-05,2.122547334954194e-06,1.9873220007881028e-05,0.49928167041623345,6.935296550282327e-09,0.49928167041624766,2.6320519398807638e-09,0.0014041591461476126,9.805874310262601e-08,2.9238684013396436e-07
EFT:1.0104241096782794e-05,2.122547334954209e-06,1.987322000788117e-05,0.499281670416237,6.935296550282277e-09,0.4992816704162441,2.6320519398807075e-09,0.0014041591461476227,9.805874310262393e-08,2.9238684013396224e-07
Random9706
Raw:1.0104241096782867e-05,2.122547334954224e-06,1.987322000788131e-05,0.49928167041624055,6.935296550282326e-09,0.49928167041624055,2.6320519398807265e-09,0.0014041591461476327,9.805874310262462e-08,2.923868401339643e-07
EFT:1.0104241096782794e-05,2.122547334954209e-06,1.987322000788117e-05,0.499281670416237,6.935296550282277e-09,0.4992816704162441,2.6320519398807075e-09,0.0014041591461476227,9.805874310262393e-08,2.9238684013396224e-07
Random9707
Raw:1.0104241096782794e-05,2.1225473349541788e-06,1.9873220007880885e-05,0.499281670416237,6.9352965502821786e-09,0.4992816704162441,2.63205193988067e-09,0.0014041591461476227,9.805874310262254e-08,2.923868401339581e-07
EFT:1.0104241096782794e-05,2.122547334954209e-06,1.987322000788117e-05,0.499281670416237,6.935296550282277e-09,0.4992816704162441,2.6320519398807075e-09,0.0014041591461476227,9.805874310262393e-08,2.9238684013396224e-07
Random9708
Raw:1.0104241096782938e-05,2.122547334954239e-06,1.987322000788117e-05,0.499281670416237,6.935296550282277e-09,0.4992816704162441,2.632051939880745e-09,0.0014041591461476427,9.805874310262532e-08,2.9238684013396224e-07
EFT:1.0104241096782794e-05,2.122547334954209e-06,1.987322000788117e-05,0.499281670416237,6.935296550282277e-09,0.4992816704162441,2.6320519398807075e-09,0.0014041591461476227,9.805874310262393e-08,2.9238684013396224e-07
Random9709
Raw:1.0104241096782867e-05,2.122547334954194e-06,1.9873220007881028e-05,0.49928167041624055,6.935296550282326e-09,0.49928167041624055,2.6320519398807265e-09,0.0014041591461476128,9.805874310262323e-08,2.923868401339643e-07
EFT:1.0104241096782794e-05,2.122547334954209e-06,1.987322000788117e-05,0.499281670416237,6.935296550282277e-09,0.4992816704162441,2.6320519398807075e-09,0.0014041591461476227,9.805874310262393e-08,2.9238684013396224e-07
Random9710
Raw:1.0104241096783009e-05,2.122547334954194e-06,1.9873220007881028e-05,0.49928167041623345,6.935296550282327e-09,0.49928167041624766,2.6320519398807638e-09,0.0014041591461476126,9.805874310262601e-08,2.9238684013396436e-07
EFT:1.0104241096782794e-05,2.122547334954209e-06,1.987322000788117e-05,0.499281670416237,6.935296550282277e-09,0.4992816704162441,2.6320519398807075e-09,0.0014041591461476227,9.805874310262393e-08,2.9238684013396224e-07
Random9711
Raw:1.0104241096782867e-05,2.122547334954224e-06,1.987322000788131e-05,0.49928167041624055,6.935296550282326e-09,0.49928167041624055,2.6320519398807265e-09,0.0014041591461476128,9.805874310262462e-08,2.923868401339643e-07
EFT:1.0104241096782794e-05,2.122547334954209e-06,1.987322000788117e-05,0.499281670416237,6.935296550282277e-09,0.4992816704162441,2.6320519398807075e-09,0.0014041591461476227,9.805874310262393e-08,2.9238684013396224e-07
Random9712
Raw:1.0104241096782938e-05,2.122547334954239e-06,1.987322000788117e-05,0.499281670416237,6.935296550282277e-09,0.4992816704162441,2.632051939880745e-09,0.0014041591461476427,9.805874310262532e-08,2.9238684013396224e-07
EFT:1.0104241096782794e-05,2.122547334954209e-06,1.987322000788117e-05,0.499281670416237,6.935296550282277e-09,0.4992816704162441,2.6320519398807075e-09,0.0014041591461476227,9.805874310262393e-08,2.9238684013396224e-07
Random9713
Raw:1.0104241096782938e-05,2.122547334954239e-06,1.987322000788145e-05,0.499281670416237,6.9352965502823754e-09,0.4992816704162441,2.632051939880745e-09,0.0014041591461476227,9.805874310262532e-08,2.9238684013396637e-07
EFT:1.0104241096782794e-05,2.122547334954209e-06,1.987322000788117e-05,0.499281670416237,6.935296550282277e-09,0.4992816704162441,2.6320519398807075e-09,0.0014041591461476227,9.805874310262393e-08,2.9238684013396224e-07
Random9714
Raw:1.0104241096783009e-05,2.122547334954224e-06,1.987322000788131e-05,0.49928167041623345,6.935296550282424e-09,0.49928167041624766,2.6320519398807638e-09,0.0014041591461476327,9.805874310262601e-08,2.923868401339685e-07
EFT:1.0104241096782794e-05,2.122547334954209e-06,1.987322000788117e-05,0.499281670416237,6.935296550282277e-09,0.4992816704162441,2.6320519398807075e-09,0.0014041591461476227,9.805874310262393e-08,2.9238684013396224e-07
Random9715
Raw:1.0104241096782794e-05,2.122547334954209e-06,1.987322000788117e-05,0.499281670416237,6.935296550282277e-09,0.4992816704162441,2.6320519398807075e-09,0.0014041591461476227,9.805874310262393e-08,2.9238684013396224e-07
EFT:1.0104241096782794e-05,2.122547334954209e-06,1.987322000788117e-05,0.499281670416237,6.935296550282277e-09,0.4992816704162441,2.6320519398807075e-09,0.0014041591461476227,9.805874310262393e-08,2.9238684013396224e-07
Random9716
Raw:1.0104241096782865e-05,2.122547334954194e-06,1.9873220007881028e-05,0.49928167041623345,6.935296550282327e-09,0.49928167041624766,2.632051939880726e-09,0.0014041591461476126,9.805874310262462e-08,2.9238684013396436e-07
EFT:1.0104241096782794e-05,2.122547334954209e-06,1.987322000788117e-05,0.499281670416237,6.935296550282277e-09,0.4992816704162441,2.6320519398807075e-09,0.0014041591461476227,9.805874310262393e-08,2.9238684013396224e-07
Random9717
Raw:1.0104241096782867e-05,2.122547334954224e-06,1.987322000788131e-05,0.49928167041624055,6.935296550282326e-09,0.49928167041624055,2.6320519398807265e-09,0.0014041591461476128,9.805874310262462e-08,2.923868401339643e-07
EFT:1.0104241096782794e-05,2.122547334954209e-06,1.987322000788117e-05,0.499281670416237,6.935296550282277e-09,0.4992816704162441,2.6320519398807075e-09,0.0014041591461476227,9.805874310262393e-08,2.9238684013396224e-07
Random9718
Raw:1.0104241096782938e-05,2.122547334954239e-06,1.987322000788145e-05,0.499281670416237,6.935296550282277e-09,0.4992816704162441,2.632051939880745e-09,0.0014041591461476427,9.805874310262393e-08,2.9238684013396637e-07
EFT:1.0104241096782794e-05,2.122547334954209e-06,1.987322000788117e-05,0.499281670416237,6.935296550282277e-09,0.4992816704162441,2.6320519398807075e-09,0.0014041591461476227,9.805874310262393e-08,2.9238684013396224e-07
Random9719
Raw:1.0104241096782794e-05,2.122547334954209e-06,1.987322000788117e-05,0.4992816704162441,6.935296550282277e-09,0.499281670416237,2.63205193988067e-09,0.0014041591461476227,9.805874310262393e-08,2.9238684013396224e-07
EFT:1.0104241096782794e-05,2.122547334954209e-06,1.987322000788117e-05,0.499281670416237,6.935296550282277e-09,0.4992816704162441,2.6320519398807075e-09,0.0014041591461476227,9.805874310262393e-08,2.9238684013396224e-07
Random9720
Raw:1.0104241096782938e-05,2.122547334954239e-06,1.9873220007880885e-05,0.499281670416237,6.935296550282277e-09,0.4992816704162441,2.632051939880745e-09,0.0014041591461476227,9.805874310262532e-08,2.9238684013396224e-07
EFT:1.0104241096782794e-05,2.122547334954209e-06,1.987322000788117e-05,0.499281670416237,6.935296550282277e-09,0.4992816704162441,2.6320519398807075e-09,0.0014041591461476227,9.805874310262393e-08,2.9238684013396224e-07
Random9721
Raw:1.0104241096782938e-05,2.122547334954239e-06,1.987322000788145e-05,0.499281670416237,6.935296550282277e-09,0.4992816704162441,2.632051939880745e-09,0.0014041591461476427,9.805874310262532e-08,2.9238684013396224e-07
EFT:1.0104241096782794e-05,2.122547334954209e-06,1.987322000788117e-05,0.499281670416237,6.935296550282277e-09,0.4992816704162441,2.6320519398807075e-09,0.0014041591461476227,9.805874310262393e-08,2.9238684013396224e-07
Random9722
Raw:1.0104241096783009e-05,2.122547334954224e-06,1.987322000788131e-05,0.49928167041623345,6.935296550282424e-09,0.49928167041624766,2.6320519398807638e-09,0.0014041591461476327,9.805874310262601e-08,2.923868401339685e-07
EFT:1.0104241096782794e-05,2.122547334954209e-06,1.987322000788117e-05,0.499281670416237,6.935296550282277e-09,0.4992816704162441,2.6320519398807075e-09,0.0014041591461476227,9.805874310262393e-08,2.9238684013396224e-07
Random9723
Raw:1.0104241096782938e-05,2.122547334954239e-06,1.987322000788117e-05,0.499281670416237,6.9352965502823754e-09,0.4992816704162441,2.6320519398807824e-09,0.0014041591461476227,9.805874310262532e-08,2.9238684013396637e-07
EFT:1.0104241096782794e-05,2.122547334954209e-06,1.987322000788117e-05,0.499281670416237,6.935296550282277e-09,0.4992816704162441,2.6320519398807075e-09,0.0014041591461476227,9.805874310262393e-08,2.9238684013396224e-07
Random9724
Raw:1.0104241096782867e-05,2.122547334954224e-06,1.987322000788131e-05,0.49928167041624055,6.935296550282326e-09,0.49928167041624055,2.6320519398807265e-09,0.0014041591461476327,9.805874310262323e-08,2.923868401339643e-07
EFT:1.0104241096782794e-05,2.122547334954209e-06,1.987322000788117e-05,0.499281670416237,6.935296550282277e-09,0.4992816704162441,2.6320519398807075e-09,0.0014041591461476227,9.805874310262393e-08,2.9238684013396224e-07
Random9725
Raw:1.0104241096783009e-05,2.122547334954224e-06,1.987322000788131e-05,0.49928167041623345,6.935296550282424e-09,0.49928167041624766,2.6320519398807638e-09,0.0014041591461476327,9.805874310262601e-08,2.923868401339685e-07
EFT:1.0104241096782794e-05,2.122547334954209e-06,1.987322000788117e-05,0.499281670416237,6.935296550282277e-09,0.4992816704162441,2.6320519398807075e-09,0.0014041591461476227,9.805874310262393e-08,2.9238684013396224e-07
Random9726
Raw:1.0104241096783009e-05,2.122547334954224e-06,1.9873220007881028e-05,0.49928167041623345,6.935296550282327e-09,0.49928167041624766,2.6320519398807638e-09,0.0014041591461476327,9.805874310262601e-08,2.9238684013396436e-07
EFT:1.0104241096782794e-05,2.122547334954209e-06,1.987322000788117e-05,0.499281670416237,6.935296550282277e-09,0.4992816704162441,2.6320519398807075e-09,0.0014041591461476227,9.805874310262393e-08,2.9238684013396224e-07
Random9727
Raw:1.0104241096782794e-05,2.122547334954209e-06,1.987322000788117e-05,0.499281670416237,6.9352965502821786e-09,0.4992816704162441,2.6320519398807075e-09,0.0014041591461476227,9.805874310262393e-08,2.9238684013396224e-07
EFT:1.0104241096782794e-05,2.122547334954209e-06,1.987322000788117e-05,0.499281670416237,6.935296550282277e-09,0.4992816704162441,2.6320519398807075e-09,0.0014041591461476227,9.805874310262393e-08,2.9238684013396224e-07
Random9728
Raw:1.0104241096782938e-05,2.1225473349541788e-06,1.9873220007880885e-05,0.499281670416237,6.935296550282277e-09,0.4992816704162441,2.632051939880745e-09,0.0014041591461476026,9.805874310262532e-08,2.9238684013396224e-07
EFT:1.0104241096782794e-05,2.122547334954209e-06,1.987322000788117e-05,0.499281670416237,6.935296550282277e-09,0.4992816704162441,2.6320519398807075e-09,0.0014041591461476227,9.805874310262393e-08,2.9238684013396224e-07
Random9729
Raw:1.0104241096782938e-05,2.122547334954239e-06,1.987322000788117e-05,0.499281670416237,6.935296550282277e-09,0.4992816704162441,2.632051939880745e-09,0.0014041591461476227,9.805874310262532e-08,2.9238684013396224e-07
EFT:1.0104241096782794e-05,2.122547334954209e-06,1.987322000788117e-05,0.499281670416237,6.935296550282277e-09,0.4992816704162441,2.6320519398807075e-09,0.0014041591461476227,9.805874310262393e-08,2.9238684013396224e-07
Random9730
Raw:1.0104241096782794e-05,2.122547334954209e-06,1.987322000788117e-05,0.499281670416237,6.935296550282277e-09,0.4992816704162441,2.632051939880745e-09,0.0014041591461476227,9.805874310262254e-08,2.9238684013396224e-07
EFT:1.0104241096782794e-05,2.122547334954209e-06,1.987322000788117e-05,0.499281670416237,6.935296550282277e-09,0.4992816704162441,2.6320519398807075e-09,0.0014041591461476227,9.805874310262393e-08,2.9238684013396224e-07
Random9731
Raw:1.0104241096782938e-05,2.122547334954209e-06,1.987322000788117e-05,0.499281670416237,6.9352965502823754e-09,0.4992816704162441,2.632051939880745e-09,0.0014041591461476227,9.805874310262532e-08,2.9238684013396637e-07
EFT:1.0104241096782794e-05,2.122547334954209e-06,1.987322000788117e-05,0.499281670416237,6.935296550282277e-09,0.4992816704162441,2.6320519398807075e-09,0.0014041591461476227,9.805874310262393e-08,2.9238684013396224e-07
Random9732
Raw:1.0104241096782938e-05,2.122547334954209e-06,1.9873220007880885e-05,0.499281670416237,6.935296550282277e-09,0.4992816704162441,2.632051939880745e-09,0.0014041591461476227,9.805874310262532e-08,2.9238684013396224e-07
EFT:1.0104241096782794e-05,2.122547334954209e-06,1.987322000788117e-05,0.499281670416237,6.935296550282277e-09,0.4992816704162441,2.6320519398807075e-09,0.0014041591461476227,9.805874310262393e-08,2.9238684013396224e-07
Random9733
Raw:1.0104241096782938e-05,2.122547334954209e-06,1.987322000788117e-05,0.499281670416237,6.9352965502823754e-09,0.4992816704162441,2.6320519398807824e-09,0.0014041591461476227,9.805874310262532e-08,2.9238684013396637e-07
EFT:1.0104241096782794e-05,2.122547334954209e-06,1.987322000788117e-05,0.499281670416237,6.935296550282277e-09,0.4992816704162441,2.6320519398807075e-09,0.0014041591461476227,9.805874310262393e-08,2.9238684013396224e-07
Random9734
Raw:1.0104241096782938e-05,2.122547334954209e-06,1.987322000788117e-05,0.499281670416237,6.935296550282277e-09,0.4992816704162441,2.632051939880745e-09,0.0014041591461476227,9.805874310262532e-08,2.9238684013396224e-07
EFT:1.0104241096782794e-05,2.122547334954209e-06,1.987322000788117e-05,0.499281670416237,6.935296550282277e-09,0.4992816704162441,2.6320519398807075e-09,0.0014041591461476227,9.805874310262393e-08,2.9238684013396224e-07
Random9735
Raw:1.0104241096783009e-05,2.122547334954224e-06,1.987322000788131e-05,0.49928167041623345,6.935296550282424e-09,0.49928167041624766,2.6320519398807638e-09,0.0014041591461476327,9.805874310262601e-08,2.923868401339685e-07
EFT:1.0104241096782794e-05,2.122547334954209e-06,1.987322000788117e-05,0.499281670416237,6.935296550282277e-09,0.4992816704162441,2.6320519398807075e-09,0.0014041591461476227,9.805874310262393e-08,2.9238684013396224e-07
Random9736
Raw:1.0104241096782938e-05,2.122547334954239e-06,1.9873220007880885e-05,0.499281670416237,6.935296550282277e-09,0.4992816704162441,2.632051939880745e-09,0.0014041591461476227,9.805874310262532e-08,2.9238684013396224e-07
EFT:1.0104241096782794e-05,2.122547334954209e-06,1.987322000788117e-05,0.499281670416237,6.935296550282277e-09,0.4992816704162441,2.6320519398807075e-09,0.0014041591461476227,9.805874310262393e-08,2.9238684013396224e-07
Random9737
Raw:1.0104241096782938e-05,2.122547334954209e-06,1.9873220007880885e-05,0.499281670416237,6.935296550282277e-09,0.4992816704162441,2.632051939880745e-09,0.0014041591461476227,9.805874310262532e-08,2.9238684013396224e-07
EFT:1.0104241096782794e-05,2.122547334954209e-06,1.987322000788117e-05,0.499281670416237,6.935296550282277e-09,0.4992816704162441,2.6320519398807075e-09,0.0014041591461476227,9.805874310262393e-08,2.9238684013396224e-07
Random9738
Raw:1.0104241096783009e-05,2.122547334954224e-06,1.987322000788131e-05,0.49928167041623345,6.935296550282327e-09,0.49928167041624766,2.6320519398807638e-09,0.0014041591461476327,9.805874310262462e-08,2.923868401339685e-07
EFT:1.0104241096782794e-05,2.122547334954209e-06,1.987322000788117e-05,0.499281670416237,6.935296550282277e-09,0.4992816704162441,2.6320519398807075e-09,0.0014041591461476227,9.805874310262393e-08,2.9238684013396224e-07
Random9739
Raw:1.0104241096782867e-05,2.1225473349542546e-06,1.987322000788131e-05,0.49928167041624055,6.935296550282326e-09,0.49928167041624055,2.6320519398807638e-09,0.0014041591461476128,9.805874310262462e-08,2.923868401339643e-07
EFT:1.0104241096782794e-05,2.122547334954209e-06,1.987322000788117e-05,0.499281670416237,6.935296550282277e-09,0.4992816704162441,2.6320519398807075e-09,0.0014041591461476227,9.805874310262393e-08,2.9238684013396224e-07
Random9740
Raw:1.0104241096782794e-05,2.122547334954209e-06,1.987322000788117e-05,0.499281670416237,6.9352965502821786e-09,0.4992816704162441,2.632051939880745e-09,0.0014041591461476227,9.805874310262254e-08,2.9238684013396224e-07
EFT:1.0104241096782794e-05,2.122547334954209e-06,1.987322000788117e-05,0.499281670416237,6.935296550282277e-09,0.4992816704162441,2.6320519398807075e-09,0.0014041591461476227,9.805874310262393e-08,2.9238684013396224e-07
Random9741
Raw:1.0104241096782938e-05,2.122547334954239e-06,1.987322000788145e-05,0.499281670416237,6.935296550282277e-09,0.4992816704162441,2.632051939880745e-09,0.0014041591461476427,9.805874310262393e-08,2.9238684013396637e-07
EFT:1.0104241096782794e-05,2.122547334954209e-06,1.987322000788117e-05,0.499281670416237,6.935296550282277e-09,0.4992816704162441,2.6320519398807075e-09,0.0014041591461476227,9.805874310262393e-08,2.9238684013396224e-07
Random9742
Raw:1.0104241096782865e-05,2.122547334954194e-06,1.9873220007881028e-05,0.49928167041623345,6.935296550282327e-09,0.49928167041624766,2.632051939880726e-09,0.0014041591461476126,9.805874310262462e-08,2.9238684013396436e-07
EFT:1.0104241096782794e-05,2.122547334954209e-06,1.987322000788117e-05,0.499281670416237,6.935296550282277e-09,0.4992816704162441,2.6320519398807075e-09,0.0014041591461476227,9.805874310262393e-08,2.9238684013396224e-07
Random9743
Raw:1.0104241096782938e-05,2.122547334954239e-06,1.987322000788145e-05,0.499281670416237,6.935296550282277e-09,0.4992816704162441,2.632051939880745e-09,0.0014041591461476427,9.805874310262532e-08,2.9238684013396224e-07
EFT:1.0104241096782794e-05,2.122547334954209e-06,1.987322000788117e-05,0.499281670416237,6.935296550282277e-09,0.4992816704162441,2.6320519398807075e-09,0.0014041591461476227,9.805874310262393e-08,2.9238684013396224e-07
Random9744
Raw:1.0104241096783009e-05,2.122547334954224e-06,1.9873220007881028e-05,0.49928167041623345,6.935296550282327e-09,0.49928167041624766,2.6320519398807638e-09,0.0014041591461476327,9.805874310262601e-08,2.9238684013396436e-07
EFT:1.0104241096782794e-05,2.122547334954209e-06,1.987322000788117e-05,0.499281670416237,6.935296550282277e-09,0.4992816704162441,2.6320519398807075e-09,0.0014041591461476227,9.805874310262393e-08,2.9238684013396224e-07
Random9745
Raw:1.0104241096782867e-05,2.122547334954224e-06,1.987322000788131e-05,0.49928167041624055,6.935296550282326e-09,0.49928167041624055,2.6320519398807265e-09,0.0014041591461476128,9.805874310262462e-08,2.923868401339643e-07
EFT:1.0104241096782794e-05,2.122547334954209e-06,1.987322000788117e-05,0.499281670416237,6.935296550282277e-09,0.4992816704162441,2.6320519398807075e-09,0.0014041591461476227,9.805874310262393e-08,2.9238684013396224e-07
Random9746
Raw:1.0104241096782794e-05,2.122547334954209e-06,1.9873220007880885e-05,0.499281670416237,6.935296550282277e-09,0.4992816704162441,2.6320519398807075e-09,0.0014041591461476026,9.805874310262393e-08,2.9238684013396224e-07
EFT:1.0104241096782794e-05,2.122547334954209e-06,1.987322000788117e-05,0.499281670416237,6.935296550282277e-09,0.4992816704162441,2.6320519398807075e-09,0.0014041591461476227,9.805874310262393e-08,2.9238684013396224e-07
Random9747
Raw:1.0104241096782865e-05,2.122547334954194e-06,1.9873220007881028e-05,0.49928167041623345,6.935296550282228e-09,0.49928167041624766,2.632051939880726e-09,0.0014041591461476327,9.805874310262324e-08,2.923868401339602e-07
EFT:1.0104241096782794e-05,2.122547334954209e-06,1.987322000788117e-05,0.499281670416237,6.935296550282277e-09,0.4992816704162441,2.6320519398807075e-09,0.0014041591461476227,9.805874310262393e-08,2.9238684013396224e-07
Random9748
Raw:1.0104241096782938e-05,2.122547334954209e-06,1.9873220007880885e-05,0.499281670416237,6.935296550282277e-09,0.4992816704162441,2.632051939880745e-09,0.0014041591461476227,9.805874310262393e-08,2.9238684013396224e-07
EFT:1.0104241096782794e-05,2.122547334954209e-06,1.987322000788117e-05,0.499281670416237,6.935296550282277e-09,0.4992816704162441,2.6320519398807075e-09,0.0014041591461476227,9.805874310262393e-08,2.9238684013396224e-07
Random9749
Raw:1.0104241096782867e-05,2.122547334954224e-06,1.987322000788131e-05,0.49928167041624055,6.935296550282326e-09,0.49928167041624055,2.6320519398807265e-09,0.0014041591461476327,9.805874310262602e-08,2.923868401339643e-07
EFT:1.0104241096782794e-05,2.122547334954209e-06,1.987322000788117e-05,0.499281670416237,6.935296550282277e-09,0.4992816704162441,2.6320519398807075e-09,0.0014041591461476227,9.805874310262393e-08,2.9238684013396224e-07
Random9750
Raw:1.0104241096782938e-05,2.122547334954239e-06,1.987322000788145e-05,0.499281670416237,6.935296550282277e-09,0.4992816704162441,2.632051939880745e-09,0.0014041591461476427,9.805874310262532e-08,2.9238684013396224e-07
EFT:1.0104241096782794e-05,2.122547334954209e-06,1.987322000788117e-05,0.499281670416237,6.935296550282277e-09,0.4992816704162441,2.6320519398807075e-09,0.0014041591461476227,9.805874310262393e-08,2.9238684013396224e-07
Random9751
Raw:1.0104241096782938e-05,2.122547334954209e-06,1.987322000788117e-05,0.499281670416237,6.935296550282277e-09,0.4992816704162441,2.632051939880745e-09,0.0014041591461476427,9.805874310262393e-08,2.9238684013396224e-07
EFT:1.0104241096782794e-05,2.122547334954209e-06,1.987322000788117e-05,0.499281670416237,6.935296550282277e-09,0.4992816704162441,2.6320519398807075e-09,0.0014041591461476227,9.805874310262393e-08,2.9238684013396224e-07
Random9752
Raw:1.0104241096782794e-05,2.122547334954209e-06,1.987322000788117e-05,0.499281670416237,6.935296550282277e-09,0.4992816704162441,2.6320519398807075e-09,0.0014041591461476026,9.805874310262393e-08,2.9238684013396224e-07
EFT:1.0104241096782794e-05,2.122547334954209e-06,1.987322000788117e-05,0.499281670416237,6.935296550282277e-09,0.4992816704162441,2.6320519398807075e-09,0.0014041591461476227,9.805874310262393e-08,2.9238684013396224e-07
Random9753
Raw:1.0104241096782867e-05,2.122547334954224e-06,1.9873220007881028e-05,0.49928167041624055,6.935296550282326e-09,0.49928167041624055,2.6320519398807265e-09,0.0014041591461476327,9.805874310262602e-08,2.923868401339643e-07
EFT:1.0104241096782794e-05,2.122547334954209e-06,1.987322000788117e-05,0.499281670416237,6.935296550282277e-09,0.4992816704162441,2.6320519398807075e-09,0.0014041591461476227,9.805874310262393e-08,2.9238684013396224e-07
Random9754
Raw:1.0104241096782867e-05,2.122547334954224e-06,1.987322000788131e-05,0.49928167041624055,6.935296550282326e-09,0.49928167041624055,2.6320519398807265e-09,0.0014041591461476327,9.805874310262323e-08,2.923868401339643e-07
EFT:1.0104241096782794e-05,2.122547334954209e-06,1.987322000788117e-05,0.499281670416237,6.935296550282277e-09,0.4992816704162441,2.6320519398807075e-09,0.0014041591461476227,9.805874310262393e-08,2.9238684013396224e-07
Random9755
Raw:1.0104241096783009e-05,2.122547334954224e-06,1.987322000788131e-05,0.49928167041623345,6.935296550282327e-09,0.49928167041624766,2.6320519398807638e-09,0.0014041591461476327,9.805874310262601e-08,2.9238684013396436e-07
EFT:1.0104241096782794e-05,2.122547334954209e-06,1.987322000788117e-05,0.499281670416237,6.935296550282277e-09,0.4992816704162441,2.6320519398807075e-09,0.0014041591461476227,9.805874310262393e-08,2.9238684013396224e-07
Random9756
Raw:1.0104241096783009e-05,2.122547334954224e-06,1.9873220007881028e-05,0.49928167041623345,6.935296550282327e-09,0.49928167041624766,2.6320519398807638e-09,0.0014041591461476327,9.805874310262601e-08,2.9238684013396436e-07
EFT:1.0104241096782794e-05,2.122547334954209e-06,1.987322000788117e-05,0.499281670416237,6.935296550282277e-09,0.4992816704162441,2.6320519398807075e-09,0.0014041591461476227,9.805874310262393e-08,2.9238684013396224e-07
Random9757
Raw:1.0104241096782723e-05,2.122547334954194e-06,1.9873220007881028e-05,0.49928167041624055,6.93529655028213e-09,0.49928167041624055,2.632051939880689e-09,0.0014041591461476128,9.805874310262184e-08,2.923868401339602e-07
EFT:1.0104241096782794e-05,2.122547334954209e-06,1.987322000788117e-05,0.499281670416237,6.935296550282277e-09,0.4992816704162441,2.6320519398807075e-09,0.0014041591461476227,9.805874310262393e-08,2.9238684013396224e-07
Random9758
Raw:1.0104241096782938e-05,2.122547334954209e-06,1.987322000788117e-05,0.499281670416237,6.9352965502823754e-09,0.4992816704162441,2.632051939880745e-09,0.0014041591461476227,9.805874310262532e-08,2.9238684013396637e-07
EFT:1.0104241096782794e-05,2.122547334954209e-06,1.987322000788117e-05,0.499281670416237,6.935296550282277e-09,0.4992816704162441,2.6320519398807075e-09,0.0014041591461476227,9.805874310262393e-08,2.9238684013396224e-07
Random9759
Raw:1.0104241096782938e-05,2.122547334954239e-06,1.9873220007880885e-05,0.499281670416237,6.935296550282277e-09,0.4992816704162441,2.632051939880745e-09,0.0014041591461476227,9.805874310262532e-08,2.9238684013396224e-07
EFT:1.0104241096782794e-05,2.122547334954209e-06,1.987322000788117e-05,0.499281670416237,6.935296550282277e-09,0.4992816704162441,2.6320519398807075e-09,0.0014041591461476227,9.805874310262393e-08,2.9238684013396224e-07
Random9760
Raw:1.0104241096782867e-05,2.122547334954194e-06,1.9873220007881028e-05,0.49928167041624055,6.935296550282228e-09,0.49928167041624055,2.632051939880689e-09,0.0014041591461476327,9.805874310262323e-08,2.923868401339602e-07
EFT:1.0104241096782794e-05,2.122547334954209e-06,1.987322000788117e-05,0.499281670416237,6.935296550282277e-09,0.4992816704162441,2.6320519398807075e-09,0.0014041591461476227,9.805874310262393e-08,2.9238684013396224e-07
Random9761
Raw:1.0104241096782794e-05,2.122547334954209e-06,1.987322000788117e-05,0.499281670416237,6.935296550282277e-09,0.4992816704162441,2.6320519398807075e-09,0.0014041591461476227,9.805874310262393e-08,2.9238684013396224e-07
EFT:1.0104241096782794e-05,2.122547334954209e-06,1.987322000788117e-05,0.499281670416237,6.935296550282277e-09,0.4992816704162441,2.6320519398807075e-09,0.0014041591461476227,9.805874310262393e-08,2.9238684013396224e-07
Random9762
Raw:1.0104241096782794e-05,2.122547334954209e-06,1.987322000788117e-05,0.499281670416237,6.9352965502821786e-09,0.4992816704162441,2.6320519398807075e-09,0.0014041591461476227,9.805874310262393e-08,2.9238684013396224e-07
EFT:1.0104241096782794e-05,2.122547334954209e-06,1.987322000788117e-05,0.499281670416237,6.935296550282277e-09,0.4992816704162441,2.6320519398807075e-09,0.0014041591461476227,9.805874310262393e-08,2.9238684013396224e-07
Random9763
Raw:1.0104241096782938e-05,2.122547334954209e-06,1.987322000788117e-05,0.499281670416237,6.935296550282277e-09,0.4992816704162441,2.632051939880745e-09,0.0014041591461476227,9.805874310262532e-08,2.9238684013396224e-07
EFT:1.0104241096782794e-05,2.122547334954209e-06,1.987322000788117e-05,0.499281670416237,6.935296550282277e-09,0.4992816704162441,2.6320519398807075e-09,0.0014041591461476227,9.805874310262393e-08,2.9238684013396224e-07
Random9764
Raw:1.0104241096782938e-05,2.122547334954209e-06,1.987322000788117e-05,0.499281670416237,6.935296550282277e-09,0.4992816704162441,2.632051939880745e-09,0.0014041591461476427,9.805874310262393e-08,2.9238684013396224e-07
EFT:1.0104241096782794e-05,2.122547334954209e-06,1.987322000788117e-05,0.499281670416237,6.935296550282277e-09,0.4992816704162441,2.6320519398807075e-09,0.0014041591461476227,9.805874310262393e-08,2.9238684013396224e-07
Random9765
Raw:1.0104241096783009e-05,2.122547334954224e-06,1.987322000788131e-05,0.49928167041623345,6.935296550282327e-09,0.49928167041624766,2.6320519398807638e-09,0.0014041591461476327,9.805874310262462e-08,2.923868401339685e-07
EFT:1.0104241096782794e-05,2.122547334954209e-06,1.987322000788117e-05,0.499281670416237,6.935296550282277e-09,0.4992816704162441,2.6320519398807075e-09,0.0014041591461476227,9.805874310262393e-08,2.9238684013396224e-07
Random9766
Raw:1.0104241096782938e-05,2.122547334954209e-06,1.9873220007880885e-05,0.499281670416237,6.935296550282277e-09,0.4992816704162441,2.632051939880745e-09,0.0014041591461476227,9.805874310262532e-08,2.9238684013396224e-07
EFT:1.0104241096782794e-05,2.122547334954209e-06,1.987322000788117e-05,0.499281670416237,6.935296550282277e-09,0.4992816704162441,2.6320519398807075e-09,0.0014041591461476227,9.805874310262393e-08,2.9238684013396224e-07
Random9767
Raw:1.0104241096783009e-05,2.122547334954224e-06,1.987322000788131e-05,0.49928167041623345,6.935296550282327e-09,0.49928167041624766,2.6320519398807638e-09,0.0014041591461476327,9.805874310262601e-08,2.9238684013396436e-07
EFT:1.0104241096782794e-05,2.122547334954209e-06,1.987322000788117e-05,0.499281670416237,6.935296550282277e-09,0.4992816704162441,2.6320519398807075e-09,0.0014041591461476227,9.805874310262393e-08,2.9238684013396224e-07
Random9768
Raw:1.0104241096783009e-05,2.122547334954194e-06,1.9873220007881028e-05,0.49928167041623345,6.935296550282327e-09,0.49928167041624766,2.6320519398807638e-09,0.0014041591461476126,9.805874310262601e-08,2.9238684013396436e-07
EFT:1.0104241096782794e-05,2.122547334954209e-06,1.987322000788117e-05,0.499281670416237,6.935296550282277e-09,0.4992816704162441,2.6320519398807075e-09,0.0014041591461476227,9.805874310262393e-08,2.9238684013396224e-07
Random9769
Raw:1.0104241096782938e-05,2.122547334954209e-06,1.987322000788117e-05,0.499281670416237,6.935296550282277e-09,0.4992816704162441,2.632051939880745e-09,0.0014041591461476427,9.805874310262393e-08,2.9238684013396224e-07
EFT:1.0104241096782794e-05,2.122547334954209e-06,1.987322000788117e-05,0.499281670416237,6.935296550282277e-09,0.4992816704162441,2.6320519398807075e-09,0.0014041591461476227,9.805874310262393e-08,2.9238684013396224e-07
Random9770
Raw:1.0104241096782938e-05,2.122547334954239e-06,1.9873220007880885e-05,0.499281670416237,6.935296550282277e-09,0.4992816704162441,2.632051939880745e-09,0.0014041591461476227,9.805874310262532e-08,2.9238684013396224e-07
EFT:1.0104241096782794e-05,2.122547334954209e-06,1.987322000788117e-05,0.499281670416237,6.935296550282277e-09,0.4992816704162441,2.6320519398807075e-09,0.0014041591461476227,9.805874310262393e-08,2.9238684013396224e-07
Random9771
Raw:1.0104241096783009e-05,2.122547334954224e-06,1.9873220007881028e-05,0.49928167041623345,6.935296550282327e-09,0.49928167041624766,2.6320519398807638e-09,0.0014041591461476327,9.805874310262601e-08,2.9238684013396436e-07
EFT:1.0104241096782794e-05,2.122547334954209e-06,1.987322000788117e-05,0.499281670416237,6.935296550282277e-09,0.4992816704162441,2.6320519398807075e-09,0.0014041591461476227,9.805874310262393e-08,2.9238684013396224e-07
Random9772
Raw:1.0104241096782938e-05,2.122547334954209e-06,1.987322000788117e-05,0.499281670416237,6.935296550282277e-09,0.4992816704162441,2.632051939880745e-09,0.0014041591461476227,9.805874310262393e-08,2.9238684013396637e-07
EFT:1.0104241096782794e-05,2.122547334954209e-06,1.987322000788117e-05,0.499281670416237,6.935296550282277e-09,0.4992816704162441,2.6320519398807075e-09,0.0014041591461476227,9.805874310262393e-08,2.9238684013396224e-07
Random9773
Raw:1.0104241096782867e-05,2.122547334954224e-06,1.987322000788131e-05,0.49928167041624055,6.935296550282326e-09,0.49928167041624055,2.6320519398807265e-09,0.0014041591461476128,9.805874310262462e-08,2.923868401339643e-07
EFT:1.0104241096782794e-05,2.122547334954209e-06,1.987322000788117e-05,0.499281670416237,6.935296550282277e-09,0.4992816704162441,2.6320519398807075e-09,0.0014041591461476227,9.805874310262393e-08,2.9238684013396224e-07
Random9774
Raw:1.0104241096782938e-05,2.122547334954239e-06,1.987322000788117e-05,0.499281670416237,6.935296550282277e-09,0.4992816704162441,2.632051939880745e-09,0.0014041591461476427,9.805874310262532e-08,2.9238684013396224e-07
EFT:1.0104241096782794e-05,2.122547334954209e-06,1.987322000788117e-05,0.499281670416237,6.935296550282277e-09,0.4992816704162441,2.6320519398807075e-09,0.0014041591461476227,9.805874310262393e-08,2.9238684013396224e-07
Random9775
Raw:1.0104241096782938e-05,2.122547334954209e-06,1.987322000788117e-05,0.499281670416237,6.9352965502823754e-09,0.4992816704162441,2.6320519398807824e-09,0.0014041591461476227,9.805874310262532e-08,2.9238684013396637e-07
EFT:1.0104241096782794e-05,2.122547334954209e-06,1.987322000788117e-05,0.499281670416237,6.935296550282277e-09,0.4992816704162441,2.6320519398807075e-09,0.0014041591461476227,9.805874310262393e-08,2.9238684013396224e-07
Random9776
Raw:1.0104241096782938e-05,2.122547334954239e-06,1.987322000788117e-05,0.499281670416237,6.935296550282277e-09,0.4992816704162441,2.632051939880745e-09,0.0014041591461476227,9.805874310262532e-08,2.9238684013396224e-07
EFT:1.0104241096782794e-05,2.122547334954209e-06,1.987322000788117e-05,0.499281670416237,6.935296550282277e-09,0.4992816704162441,2.6320519398807075e-09,0.0014041591461476227,9.805874310262393e-08,2.9238684013396224e-07
Random9777
Raw:1.0104241096782938e-05,2.1225473349541788e-06,1.9873220007880885e-05,0.499281670416237,6.935296550282277e-09,0.4992816704162441,2.632051939880745e-09,0.0014041591461476026,9.805874310262532e-08,2.9238684013396224e-07
EFT:1.0104241096782794e-05,2.122547334954209e-06,1.987322000788117e-05,0.499281670416237,6.935296550282277e-09,0.4992816704162441,2.6320519398807075e-09,0.0014041591461476227,9.805874310262393e-08,2.9238684013396224e-07
Random9778
Raw:1.0104241096782938e-05,2.122547334954209e-06,1.9873220007880885e-05,0.499281670416237,6.935296550282277e-09,0.4992816704162441,2.632051939880745e-09,0.0014041591461476227,9.805874310262532e-08,2.9238684013396224e-07
EFT:1.0104241096782794e-05,2.122547334954209e-06,1.987322000788117e-05,0.499281670416237,6.935296550282277e-09,0.4992816704162441,2.6320519398807075e-09,0.0014041591461476227,9.805874310262393e-08,2.9238684013396224e-07
Random9779
Raw:1.0104241096782938e-05,2.122547334954209e-06,1.987322000788117e-05,0.499281670416237,6.9352965502823754e-09,0.4992816704162441,2.632051939880745e-09,0.0014041591461476227,9.805874310262532e-08,2.9238684013396637e-07
EFT:1.0104241096782794e-05,2.122547334954209e-06,1.987322000788117e-05,0.499281670416237,6.935296550282277e-09,0.4992816704162441,2.6320519398807075e-09,0.0014041591461476227,9.805874310262393e-08,2.9238684013396224e-07
Random9780
Raw:1.0104241096782867e-05,2.122547334954224e-06,1.987322000788131e-05,0.49928167041624055,6.935296550282326e-09,0.49928167041624055,2.6320519398807265e-09,0.0014041591461476327,9.805874310262602e-08,2.923868401339643e-07
EFT:1.0104241096782794e-05,2.122547334954209e-06,1.987322000788117e-05,0.499281670416237,6.935296550282277e-09,0.4992816704162441,2.6320519398807075e-09,0.0014041591461476227,9.805874310262393e-08,2.9238684013396224e-07
Random9781
Raw:1.0104241096782938e-05,2.122547334954209e-06,1.9873220007880885e-05,0.499281670416237,6.935296550282277e-09,0.4992816704162441,2.632051939880745e-09,0.0014041591461476227,9.805874310262532e-08,2.9238684013396224e-07
EFT:1.0104241096782794e-05,2.122547334954209e-06,1.987322000788117e-05,0.499281670416237,6.935296550282277e-09,0.4992816704162441,2.6320519398807075e-09,0.0014041591461476227,9.805874310262393e-08,2.9238684013396224e-07
Random9782
Raw:1.0104241096782938e-05,2.122547334954209e-06,1.987322000788117e-05,0.499281670416237,6.9352965502823754e-09,0.4992816704162441,2.632051939880745e-09,0.0014041591461476227,9.805874310262672e-08,2.9238684013396637e-07
EFT:1.0104241096782794e-05,2.122547334954209e-06,1.987322000788117e-05,0.499281670416237,6.935296550282277e-09,0.4992816704162441,2.6320519398807075e-09,0.0014041591461476227,9.805874310262393e-08,2.9238684013396224e-07
Random9783
Raw:1.0104241096782938e-05,2.1225473349541788e-06,1.9873220007880885e-05,0.499281670416237,6.935296550282277e-09,0.4992816704162441,2.632051939880745e-09,0.0014041591461476026,9.805874310262532e-08,2.9238684013396224e-07
EFT:1.0104241096782794e-05,2.122547334954209e-06,1.987322000788117e-05,0.499281670416237,6.935296550282277e-09,0.4992816704162441,2.6320519398807075e-09,0.0014041591461476227,9.805874310262393e-08,2.9238684013396224e-07
Random9784
Raw:1.0104241096782794e-05,2.122547334954209e-06,1.9873220007880885e-05,0.499281670416237,6.935296550282277e-09,0.4992816704162441,2.6320519398807075e-09,0.0014041591461476026,9.805874310262393e-08,2.9238684013396224e-07
EFT:1.0104241096782794e-05,2.122547334954209e-06,1.987322000788117e-05,0.499281670416237,6.935296550282277e-09,0.4992816704162441,2.6320519398807075e-09,0.0014041591461476227,9.805874310262393e-08,2.9238684013396224e-07
Random9785
Raw:1.0104241096782938e-05,2.122547334954239e-06,1.987322000788117e-05,0.499281670416237,6.9352965502823754e-09,0.4992816704162441,2.6320519398807824e-09,0.0014041591461476227,9.805874310262532e-08,2.9238684013396637e-07
EFT:1.0104241096782794e-05,2.122547334954209e-06,1.987322000788117e-05,0.499281670416237,6.935296550282277e-09,0.4992816704162441,2.6320519398807075e-09,0.0014041591461476227,9.805874310262393e-08,2.9238684013396224e-07
Random9786
Raw:1.0104241096782867e-05,2.122547334954224e-06,1.9873220007881028e-05,0.49928167041624055,6.935296550282326e-09,0.49928167041624055,2.6320519398807265e-09,0.0014041591461476327,9.805874310262602e-08,2.923868401339643e-07
EFT:1.0104241096782794e-05,2.122547334954209e-06,1.987322000788117e-05,0.499281670416237,6.935296550282277e-09,0.4992816704162441,2.6320519398807075e-09,0.0014041591461476227,9.805874310262393e-08,2.9238684013396224e-07
Random9787
Raw:1.0104241096782867e-05,2.122547334954224e-06,1.987322000788131e-05,0.49928167041624055,6.935296550282326e-09,0.49928167041624055,2.6320519398807265e-09,0.0014041591461476128,9.805874310262462e-08,2.923868401339643e-07
EFT:1.0104241096782794e-05,2.122547334954209e-06,1.987322000788117e-05,0.499281670416237,6.935296550282277e-09,0.4992816704162441,2.6320519398807075e-09,0.0014041591461476227,9.805874310262393e-08,2.9238684013396224e-07
Random9788
Raw:1.0104241096782867e-05,2.122547334954224e-06,1.9873220007881028e-05,0.49928167041624055,6.935296550282326e-09,0.49928167041624055,2.6320519398807265e-09,0.0014041591461476128,9.805874310262462e-08,2.923868401339643e-07
EFT:1.0104241096782794e-05,2.122547334954209e-06,1.987322000788117e-05,0.499281670416237,6.935296550282277e-09,0.4992816704162441,2.6320519398807075e-09,0.0014041591461476227,9.805874310262393e-08,2.9238684013396224e-07
Random9789
Raw:1.0104241096782794e-05,2.1225473349541788e-06,1.9873220007880885e-05,0.499281670416237,6.9352965502821786e-09,0.4992816704162441,2.632051939880745e-09,0.0014041591461476026,9.805874310262254e-08,2.9238684013396224e-07
EFT:1.0104241096782794e-05,2.122547334954209e-06,1.987322000788117e-05,0.499281670416237,6.935296550282277e-09,0.4992816704162441,2.6320519398807075e-09,0.0014041591461476227,9.805874310262393e-08,2.9238684013396224e-07
Random9790
Raw:1.0104241096782867e-05,2.122547334954224e-06,1.987322000788131e-05,0.49928167041624055,6.935296550282326e-09,0.49928167041624055,2.6320519398807265e-09,0.0014041591461476327,9.805874310262462e-08,2.923868401339643e-07
EFT:1.0104241096782794e-05,2.122547334954209e-06,1.987322000788117e-05,0.499281670416237,6.935296550282277e-09,0.4992816704162441,2.6320519398807075e-09,0.0014041591461476227,9.805874310262393e-08,2.9238684013396224e-07
Random9791
Raw:1.0104241096782938e-05,2.122547334954209e-06,1.987322000788117e-05,0.499281670416237,6.9352965502823754e-09,0.4992816704162441,2.632051939880745e-09,0.0014041591461476227,9.805874310262393e-08,2.9238684013396637e-07
EFT:1.0104241096782794e-05,2.122547334954209e-06,1.987322000788117e-05,0.499281670416237,6.935296550282277e-09,0.4992816704162441,2.6320519398807075e-09,0.0014041591461476227,9.805874310262393e-08,2.9238684013396224e-07
Random9792
Raw:1.0104241096782794e-05,2.122547334954209e-06,1.987322000788117e-05,0.499281670416237,6.9352965502821786e-09,0.4992816704162441,2.6320519398807075e-09,0.0014041591461476227,9.805874310262393e-08,2.9238684013396224e-07
EFT:1.0104241096782794e-05,2.122547334954209e-06,1.987322000788117e-05,0.499281670416237,6.935296550282277e-09,0.4992816704162441,2.6320519398807075e-09,0.0014041591461476227,9.805874310262393e-08,2.9238684013396224e-07
Random9793
Raw:1.0104241096782794e-05,2.122547334954209e-06,1.9873220007880885e-05,0.499281670416237,6.935296550282277e-09,0.4992816704162441,2.6320519398807075e-09,0.0014041591461476026,9.805874310262393e-08,2.9238684013396224e-07
EFT:1.0104241096782794e-05,2.122547334954209e-06,1.987322000788117e-05,0.499281670416237,6.935296550282277e-09,0.4992816704162441,2.6320519398807075e-09,0.0014041591461476227,9.805874310262393e-08,2.9238684013396224e-07
Random9794
Raw:1.0104241096782867e-05,2.122547334954224e-06,1.987322000788131e-05,0.49928167041624055,6.935296550282326e-09,0.49928167041624055,2.6320519398807265e-09,0.0014041591461476327,9.805874310262462e-08,2.923868401339643e-07
EFT:1.0104241096782794e-05,2.122547334954209e-06,1.987322000788117e-05,0.499281670416237,6.935296550282277e-09,0.4992816704162441,2.6320519398807075e-09,0.0014041591461476227,9.805874310262393e-08,2.9238684013396224e-07
Random9795
Raw:1.0104241096782794e-05,2.122547334954209e-06,1.987322000788117e-05,0.499281670416237,6.935296550282277e-09,0.4992816704162441,2.6320519398807075e-09,0.0014041591461476227,9.805874310262393e-08,2.9238684013396224e-07
EFT:1.0104241096782794e-05,2.122547334954209e-06,1.987322000788117e-05,0.499281670416237,6.935296550282277e-09,0.4992816704162441,2.6320519398807075e-09,0.0014041591461476227,9.805874310262393e-08,2.9238684013396224e-07
Random9796
Raw:1.0104241096782867e-05,2.122547334954194e-06,1.9873220007881028e-05,0.49928167041624055,6.935296550282326e-09,0.49928167041624055,2.6320519398807265e-09,0.0014041591461476128,9.805874310262323e-08,2.923868401339643e-07
EFT:1.0104241096782794e-05,2.122547334954209e-06,1.987322000788117e-05,0.499281670416237,6.935296550282277e-09,0.4992816704162441,2.6320519398807075e-09,0.0014041591461476227,9.805874310262393e-08,2.9238684013396224e-07
Random9797
Raw:1.0104241096782938e-05,2.122547334954209e-06,1.987322000788117e-05,0.499281670416237,6.9352965502823754e-09,0.4992816704162441,2.632051939880745e-09,0.0014041591461476227,9.805874310262532e-08,2.9238684013396637e-07
EFT:1.0104241096782794e-05,2.122547334954209e-06,1.987322000788117e-05,0.499281670416237,6.935296550282277e-09,0.4992816704162441,2.6320519398807075e-09,0.0014041591461476227,9.805874310262393e-08,2.9238684013396224e-07
Random9798
Raw:1.0104241096782865e-05,2.122547334954194e-06,1.9873220007881028e-05,0.49928167041623345,6.935296550282327e-09,0.49928167041624766,2.632051939880726e-09,0.0014041591461476126,9.805874310262462e-08,2.9238684013396436e-07
EFT:1.0104241096782794e-05,2.122547334954209e-06,1.987322000788117e-05,0.499281670416237,6.935296550282277e-09,0.4992816704162441,2.6320519398807075e-09,0.0014041591461476227,9.805874310262393e-08,2.9238684013396224e-07
Random9799
Raw:1.0104241096782938e-05,2.122547334954239e-06,1.987322000788145e-05,0.499281670416237,6.935296550282277e-09,0.4992816704162441,2.632051939880745e-09,0.0014041591461476427,9.805874310262532e-08,2.9238684013396224e-07
EFT:1.0104241096782794e-05,2.122547334954209e-06,1.987322000788117e-05,0.499281670416237,6.935296550282277e-09,0.4992816704162441,2.6320519398807075e-09,0.0014041591461476227,9.805874310262393e-08,2.9238684013396224e-07
Random9800
Raw:1.010424109678301e-05,2.122547334954224e-06,1.987322000788131e-05,0.49928167041624055,6.935296550282425e-09,0.49928167041624055,2.6320519398807638e-09,0.0014041591461476327,9.805874310262602e-08,2.923868401339685e-07
EFT:1.0104241096782794e-05,2.122547334954209e-06,1.987322000788117e-05,0.499281670416237,6.935296550282277e-09,0.4992816704162441,2.6320519398807075e-09,0.0014041591461476227,9.805874310262393e-08,2.9238684013396224e-07
Random9801
Raw:1.0104241096782938e-05,2.122547334954209e-06,1.987322000788117e-05,0.499281670416237,6.935296550282277e-09,0.4992816704162441,2.632051939880745e-09,0.0014041591461476227,9.805874310262393e-08,2.9238684013396637e-07
EFT:1.0104241096782794e-05,2.122547334954209e-06,1.987322000788117e-05,0.499281670416237,6.935296550282277e-09,0.4992816704162441,2.6320519398807075e-09,0.0014041591461476227,9.805874310262393e-08,2.9238684013396224e-07
Random9802
Raw:1.0104241096783009e-05,2.122547334954224e-06,1.987322000788131e-05,0.49928167041623345,6.935296550282327e-09,0.49928167041624766,2.6320519398807638e-09,0.0014041591461476327,9.805874310262462e-08,2.923868401339685e-07
EFT:1.0104241096782794e-05,2.122547334954209e-06,1.987322000788117e-05,0.499281670416237,6.935296550282277e-09,0.4992816704162441,2.6320519398807075e-09,0.0014041591461476227,9.805874310262393e-08,2.9238684013396224e-07
Random9803
Raw:1.0104241096782794e-05,2.122547334954209e-06,1.987322000788117e-05,0.4992816704162441,6.935296550282277e-09,0.499281670416237,2.63205193988067e-09,0.0014041591461476227,9.805874310262254e-08,2.9238684013396224e-07
EFT:1.0104241096782794e-05,2.122547334954209e-06,1.987322000788117e-05,0.499281670416237,6.935296550282277e-09,0.4992816704162441,2.6320519398807075e-09,0.0014041591461476227,9.805874310262393e-08,2.9238684013396224e-07
Random9804
Raw:1.0104241096782938e-05,2.122547334954209e-06,1.987322000788117e-05,0.499281670416237,6.9352965502823754e-09,0.4992816704162441,2.632051939880745e-09,0.0014041591461476227,9.805874310262393e-08,2.9238684013396637e-07
EFT:1.0104241096782794e-05,2.122547334954209e-06,1.987322000788117e-05,0.499281670416237,6.935296550282277e-09,0.4992816704162441,2.6320519398807075e-09,0.0014041591461476227,9.805874310262393e-08,2.9238684013396224e-07
Random9805
Raw:1.0104241096783009e-05,2.122547334954224e-06,1.987322000788131e-05,0.49928167041623345,6.935296550282327e-09,0.49928167041624766,2.6320519398807638e-09,0.0014041591461476327,9.805874310262462e-08,2.923868401339685e-07
EFT:1.0104241096782794e-05,2.122547334954209e-06,1.987322000788117e-05,0.499281670416237,6.935296550282277e-09,0.4992816704162441,2.6320519398807075e-09,0.0014041591461476227,9.805874310262393e-08,2.9238684013396224e-07
Random9806
Raw:1.0104241096782865e-05,2.122547334954194e-06,1.9873220007881028e-05,0.49928167041623345,6.935296550282327e-09,0.49928167041624766,2.632051939880726e-09,0.0014041591461476126,9.805874310262462e-08,2.9238684013396436e-07
EFT:1.0104241096782794e-05,2.122547334954209e-06,1.987322000788117e-05,0.499281670416237,6.935296550282277e-09,0.4992816704162441,2.6320519398807075e-09,0.0014041591461476227,9.805874310262393e-08,2.9238684013396224e-07
Random9807
Raw:1.0104241096782938e-05,2.122547334954209e-06,1.987322000788117e-05,0.499281670416237,6.935296550282277e-09,0.4992816704162441,2.632051939880745e-09,0.0014041591461476227,9.805874310262532e-08,2.9238684013396224e-07
EFT:1.0104241096782794e-05,2.122547334954209e-06,1.987322000788117e-05,0.499281670416237,6.935296550282277e-09,0.4992816704162441,2.6320519398807075e-09,0.0014041591461476227,9.805874310262393e-08,2.9238684013396224e-07
Random9808
Raw:1.0104241096782794e-05,2.122547334954209e-06,1.987322000788117e-05,0.4992816704162441,6.935296550282277e-09,0.499281670416237,2.63205193988067e-09,0.0014041591461476427,9.805874310262393e-08,2.9238684013396224e-07
EFT:1.0104241096782794e-05,2.122547334954209e-06,1.987322000788117e-05,0.499281670416237,6.935296550282277e-09,0.4992816704162441,2.6320519398807075e-09,0.0014041591461476227,9.805874310262393e-08,2.9238684013396224e-07
Random9809
Raw:1.0104241096782938e-05,2.122547334954209e-06,1.987322000788117e-05,0.499281670416237,6.935296550282277e-09,0.4992816704162441,2.632051939880745e-09,0.0014041591461476427,9.805874310262393e-08,2.9238684013396224e-07
EFT:1.0104241096782794e-05,2.122547334954209e-06,1.987322000788117e-05,0.499281670416237,6.935296550282277e-09,0.4992816704162441,2.6320519398807075e-09,0.0014041591461476227,9.805874310262393e-08,2.9238684013396224e-07
Random9810
Raw:1.0104241096783009e-05,2.122547334954224e-06,1.987322000788131e-05,0.49928167041623345,6.935296550282327e-09,0.49928167041624766,2.6320519398807638e-09,0.0014041591461476327,9.805874310262601e-08,2.9238684013396436e-07
EFT:1.0104241096782794e-05,2.122547334954209e-06,1.987322000788117e-05,0.499281670416237,6.935296550282277e-09,0.4992816704162441,2.6320519398807075e-09,0.0014041591461476227,9.805874310262393e-08,2.9238684013396224e-07
Random9811
Raw:1.0104241096782867e-05,2.122547334954224e-06,1.9873220007881028e-05,0.49928167041624055,6.935296550282326e-09,0.49928167041624055,2.6320519398807265e-09,0.0014041591461476327,9.805874310262602e-08,2.923868401339643e-07
EFT:1.0104241096782794e-05,2.122547334954209e-06,1.987322000788117e-05,0.499281670416237,6.935296550282277e-09,0.4992816704162441,2.6320519398807075e-09,0.0014041591461476227,9.805874310262393e-08,2.9238684013396224e-07
Random9812
Raw:1.0104241096782794e-05,2.122547334954209e-06,1.9873220007880885e-05,0.499281670416237,6.935296550282277e-09,0.4992816704162441,2.632051939880745e-09,0.0014041591461476227,9.805874310262254e-08,2.9238684013396224e-07
EFT:1.0104241096782794e-05,2.122547334954209e-06,1.987322000788117e-05,0.499281670416237,6.935296550282277e-09,0.4992816704162441,2.6320519398807075e-09,0.0014041591461476227,9.805874310262393e-08,2.9238684013396224e-07
Random9813
Raw:1.0104241096782938e-05,2.122547334954239e-06,1.9873220007880885e-05,0.499281670416237,6.935296550282277e-09,0.4992816704162441,2.632051939880745e-09,0.0014041591461476227,9.805874310262532e-08,2.9238684013396224e-07
EFT:1.0104241096782794e-05,2.122547334954209e-06,1.987322000788117e-05,0.499281670416237,6.935296550282277e-09,0.4992816704162441,2.6320519398807075e-09,0.0014041591461476227,9.805874310262393e-08,2.9238684013396224e-07
Random9814
Raw:1.0104241096782938e-05,2.122547334954209e-06,1.987322000788117e-05,0.499281670416237,6.935296550282277e-09,0.4992816704162441,2.632051939880745e-09,0.0014041591461476227,9.805874310262532e-08,2.9238684013396224e-07
EFT:1.0104241096782794e-05,2.122547334954209e-06,1.987322000788117e-05,0.499281670416237,6.935296550282277e-09,0.4992816704162441,2.6320519398807075e-09,0.0014041591461476227,9.805874310262393e-08,2.9238684013396224e-07
Random9815
Raw:1.0104241096782938e-05,2.122547334954239e-06,1.987322000788145e-05,0.499281670416237,6.935296550282277e-09,0.4992816704162441,2.632051939880745e-09,0.0014041591461476427,9.805874310262532e-08,2.9238684013396224e-07
EFT:1.0104241096782794e-05,2.122547334954209e-06,1.987322000788117e-05,0.499281670416237,6.935296550282277e-09,0.4992816704162441,2.6320519398807075e-09,0.0014041591461476227,9.805874310262393e-08,2.9238684013396224e-07
Random9816
Raw:1.0104241096782867e-05,2.122547334954224e-06,1.987322000788131e-05,0.49928167041624055,6.935296550282228e-09,0.49928167041624055,2.632051939880689e-09,0.0014041591461476327,9.805874310262323e-08,2.923868401339643e-07
EFT:1.0104241096782794e-05,2.122547334954209e-06,1.987322000788117e-05,0.499281670416237,6.935296550282277e-09,0.4992816704162441,2.6320519398807075e-09,0.0014041591461476227,9.805874310262393e-08,2.9238684013396224e-07
Random9817
Raw:1.0104241096782867e-05,2.122547334954224e-06,1.987322000788131e-05,0.49928167041624055,6.935296550282326e-09,0.49928167041624055,2.6320519398807265e-09,0.0014041591461476327,9.805874310262462e-08,2.923868401339643e-07
EFT:1.0104241096782794e-05,2.122547334954209e-06,1.987322000788117e-05,0.499281670416237,6.935296550282277e-09,0.4992816704162441,2.6320519398807075e-09,0.0014041591461476227,9.805874310262393e-08,2.9238684013396224e-07
Random9818
Raw:1.0104241096783009e-05,2.122547334954224e-06,1.9873220007881028e-05,0.49928167041623345,6.935296550282327e-09,0.49928167041624766,2.6320519398807638e-09,0.0014041591461476327,9.805874310262601e-08,2.9238684013396436e-07
EFT:1.0104241096782794e-05,2.122547334954209e-06,1.987322000788117e-05,0.499281670416237,6.935296550282277e-09,0.4992816704162441,2.6320519398807075e-09,0.0014041591461476227,9.805874310262393e-08,2.9238684013396224e-07
Random9819
Raw:1.0104241096782938e-05,2.122547334954239e-06,1.987322000788117e-05,0.499281670416237,6.935296550282277e-09,0.4992816704162441,2.632051939880745e-09,0.0014041591461476427,9.805874310262532e-08,2.9238684013396224e-07
EFT:1.0104241096782794e-05,2.122547334954209e-06,1.987322000788117e-05,0.499281670416237,6.935296550282277e-09,0.4992816704162441,2.6320519398807075e-09,0.0014041591461476227,9.805874310262393e-08,2.9238684013396224e-07
Random9820
Raw:1.0104241096782938e-05,2.122547334954239e-06,1.987322000788117e-05,0.499281670416237,6.935296550282277e-09,0.4992816704162441,2.632051939880745e-09,0.0014041591461476427,9.805874310262532e-08,2.9238684013396224e-07
EFT:1.0104241096782794e-05,2.122547334954209e-06,1.987322000788117e-05,0.499281670416237,6.935296550282277e-09,0.4992816704162441,2.6320519398807075e-09,0.0014041591461476227,9.805874310262393e-08,2.9238684013396224e-07
Random9821
Raw:1.0104241096782867e-05,2.122547334954224e-06,1.987322000788131e-05,0.49928167041624055,6.935296550282326e-09,0.49928167041624055,2.6320519398807265e-09,0.0014041591461476327,9.805874310262462e-08,2.923868401339643e-07
EFT:1.0104241096782794e-05,2.122547334954209e-06,1.987322000788117e-05,0.499281670416237,6.935296550282277e-09,0.4992816704162441,2.6320519398807075e-09,0.0014041591461476227,9.805874310262393e-08,2.9238684013396224e-07
Random9822
Raw:1.0104241096782867e-05,2.122547334954224e-06,1.987322000788131e-05,0.49928167041624055,6.935296550282326e-09,0.49928167041624055,2.6320519398807638e-09,0.0014041591461476327,9.805874310262462e-08,2.923868401339643e-07
EFT:1.0104241096782794e-05,2.122547334954209e-06,1.987322000788117e-05,0.499281670416237,6.935296550282277e-09,0.4992816704162441,2.6320519398807075e-09,0.0014041591461476227,9.805874310262393e-08,2.9238684013396224e-07
Random9823
Raw:1.0104241096783009e-05,2.122547334954224e-06,1.987322000788131e-05,0.49928167041623345,6.935296550282327e-09,0.49928167041624766,2.6320519398807638e-09,0.0014041591461476327,9.805874310262601e-08,2.9238684013396436e-07
EFT:1.0104241096782794e-05,2.122547334954209e-06,1.987322000788117e-05,0.499281670416237,6.935296550282277e-09,0.4992816704162441,2.6320519398807075e-09,0.0014041591461476227,9.805874310262393e-08,2.9238684013396224e-07
Random9824
Raw:1.0104241096782867e-05,2.122547334954224e-06,1.9873220007881028e-05,0.49928167041624055,6.935296550282326e-09,0.49928167041624055,2.6320519398807638e-09,0.0014041591461476128,9.805874310262462e-08,2.923868401339643e-07
EFT:1.0104241096782794e-05,2.122547334954209e-06,1.987322000788117e-05,0.499281670416237,6.935296550282277e-09,0.4992816704162441,2.6320519398807075e-09,0.0014041591461476227,9.805874310262393e-08,2.9238684013396224e-07
Random9825
Raw:1.0104241096782867e-05,2.122547334954224e-06,1.987322000788131e-05,0.49928167041624055,6.935296550282326e-09,0.49928167041624055,2.6320519398807265e-09,0.0014041591461476327,9.805874310262462e-08,2.923868401339643e-07
EFT:1.0104241096782794e-05,2.122547334954209e-06,1.987322000788117e-05,0.499281670416237,6.935296550282277e-09,0.4992816704162441,2.6320519398807075e-09,0.0014041591461476227,9.805874310262393e-08,2.9238684013396224e-07
Random9826
Raw:1.0104241096782938e-05,2.122547334954209e-06,1.987322000788117e-05,0.499281670416237,6.9352965502823754e-09,0.4992816704162441,2.632051939880745e-09,0.0014041591461476227,9.805874310262393e-08,2.9238684013396637e-07
EFT:1.0104241096782794e-05,2.122547334954209e-06,1.987322000788117e-05,0.499281670416237,6.935296550282277e-09,0.4992816704162441,2.6320519398807075e-09,0.0014041591461476227,9.805874310262393e-08,2.9238684013396224e-07
Random9827
Raw:1.0104241096782938e-05,2.1225473349541788e-06,1.9873220007880885e-05,0.499281670416237,6.935296550282277e-09,0.4992816704162441,2.632051939880745e-09,0.0014041591461476026,9.805874310262532e-08,2.9238684013396224e-07
EFT:1.0104241096782794e-05,2.122547334954209e-06,1.987322000788117e-05,0.499281670416237,6.935296550282277e-09,0.4992816704162441,2.6320519398807075e-09,0.0014041591461476227,9.805874310262393e-08,2.9238684013396224e-07
Random9828
Raw:1.0104241096782938e-05,2.122547334954239e-06,1.987322000788117e-05,0.499281670416237,6.935296550282277e-09,0.4992816704162441,2.632051939880745e-09,0.0014041591461476427,9.805874310262393e-08,2.9238684013396637e-07
EFT:1.0104241096782794e-05,2.122547334954209e-06,1.987322000788117e-05,0.499281670416237,6.935296550282277e-09,0.4992816704162441,2.6320519398807075e-09,0.0014041591461476227,9.805874310262393e-08,2.9238684013396224e-07
Random9829
Raw:1.0104241096783009e-05,2.122547334954194e-06,1.9873220007881028e-05,0.49928167041623345,6.935296550282327e-09,0.49928167041624766,2.6320519398807638e-09,0.0014041591461476126,9.805874310262601e-08,2.9238684013396436e-07
EFT:1.0104241096782794e-05,2.122547334954209e-06,1.987322000788117e-05,0.499281670416237,6.935296550282277e-09,0.4992816704162441,2.6320519398807075e-09,0.0014041591461476227,9.805874310262393e-08,2.9238684013396224e-07
Random9830
Raw:1.0104241096782938e-05,2.122547334954209e-06,1.987322000788117e-05,0.499281670416237,6.9352965502823754e-09,0.4992816704162441,2.632051939880745e-09,0.0014041591461476227,9.805874310262532e-08,2.9238684013396637e-07
EFT:1.0104241096782794e-05,2.122547334954209e-06,1.987322000788117e-05,0.499281670416237,6.935296550282277e-09,0.4992816704162441,2.6320519398807075e-09,0.0014041591461476227,9.805874310262393e-08,2.9238684013396224e-07
Random9831
Raw:1.0104241096782865e-05,2.122547334954194e-06,1.9873220007881028e-05,0.49928167041623345,6.935296550282327e-09,0.49928167041624766,2.632051939880726e-09,0.0014041591461476126,9.805874310262462e-08,2.9238684013396436e-07
EFT:1.0104241096782794e-05,2.122547334954209e-06,1.987322000788117e-05,0.499281670416237,6.935296550282277e-09,0.4992816704162441,2.6320519398807075e-09,0.0014041591461476227,9.805874310262393e-08,2.9238684013396224e-07
Random9832
Raw:1.0104241096782867e-05,2.1225473349542546e-06,1.987322000788131e-05,0.49928167041624055,6.935296550282326e-09,0.49928167041624055,2.6320519398807638e-09,0.0014041591461476128,9.805874310262462e-08,2.923868401339643e-07
EFT:1.0104241096782794e-05,2.122547334954209e-06,1.987322000788117e-05,0.499281670416237,6.935296550282277e-09,0.4992816704162441,2.6320519398807075e-09,0.0014041591461476227,9.805874310262393e-08,2.9238684013396224e-07
Random9833
Raw:1.0104241096782794e-05,2.122547334954209e-06,1.987322000788117e-05,0.499281670416237,6.9352965502821786e-09,0.4992816704162441,2.632051939880745e-09,0.0014041591461476227,9.805874310262254e-08,2.9238684013396224e-07
EFT:1.0104241096782794e-05,2.122547334954209e-06,1.987322000788117e-05,0.499281670416237,6.935296550282277e-09,0.4992816704162441,2.6320519398807075e-09,0.0014041591461476227,9.805874310262393e-08,2.9238684013396224e-07
Random9834
Raw:1.0104241096782938e-05,2.122547334954209e-06,1.987322000788117e-05,0.499281670416237,6.9352965502823754e-09,0.4992816704162441,2.632051939880745e-09,0.0014041591461476227,9.805874310262532e-08,2.9238684013396637e-07
EFT:1.0104241096782794e-05,2.122547334954209e-06,1.987322000788117e-05,0.499281670416237,6.935296550282277e-09,0.4992816704162441,2.6320519398807075e-09,0.0014041591461476227,9.805874310262393e-08,2.9238684013396224e-07
Random9835
Raw:1.0104241096782867e-05,2.122547334954224e-06,1.987322000788131e-05,0.49928167041624055,6.935296550282326e-09,0.49928167041624055,2.6320519398807265e-09,0.0014041591461476327,9.805874310262602e-08,2.923868401339643e-07
EFT:1.0104241096782794e-05,2.122547334954209e-06,1.987322000788117e-05,0.499281670416237,6.935296550282277e-09,0.4992816704162441,2.6320519398807075e-09,0.0014041591461476227,9.805874310262393e-08,2.9238684013396224e-07
Random9836
Raw:1.0104241096782794e-05,2.122547334954209e-06,1.987322000788117e-05,0.499281670416237,6.9352965502821786e-09,0.4992816704162441,2.6320519398807075e-09,0.0014041591461476026,9.805874310262393e-08,2.9238684013396224e-07
EFT:1.0104241096782794e-05,2.122547334954209e-06,1.987322000788117e-05,0.499281670416237,6.935296550282277e-09,0.4992816704162441,2.6320519398807075e-09,0.0014041591461476227,9.805874310262393e-08,2.9238684013396224e-07
Random9837
Raw:1.0104241096782867e-05,2.122547334954224e-06,1.987322000788131e-05,0.49928167041624055,6.935296550282326e-09,0.49928167041624055,2.6320519398807265e-09,0.0014041591461476128,9.805874310262462e-08,2.923868401339643e-07
EFT:1.0104241096782794e-05,2.122547334954209e-06,1.987322000788117e-05,0.499281670416237,6.935296550282277e-09,0.4992816704162441,2.6320519398807075e-09,0.0014041591461476227,9.805874310262393e-08,2.9238684013396224e-07
Random9838
Raw:1.0104241096782938e-05,2.1225473349541788e-06,1.9873220007880885e-05,0.499281670416237,6.935296550282277e-09,0.4992816704162441,2.632051939880745e-09,0.0014041591461476026,9.805874310262532e-08,2.9238684013396224e-07
EFT:1.0104241096782794e-05,2.122547334954209e-06,1.987322000788117e-05,0.499281670416237,6.935296550282277e-09,0.4992816704162441,2.6320519398807075e-09,0.0014041591461476227,9.805874310262393e-08,2.9238684013396224e-07
Random9839
Raw:1.0104241096782938e-05,2.122547334954239e-06,1.987322000788117e-05,0.499281670416237,6.9352965502823754e-09,0.4992816704162441,2.6320519398807824e-09,0.0014041591461476227,9.805874310262532e-08,2.9238684013396637e-07
EFT:1.0104241096782794e-05,2.122547334954209e-06,1.987322000788117e-05,0.499281670416237,6.935296550282277e-09,0.4992816704162441,2.6320519398807075e-09,0.0014041591461476227,9.805874310262393e-08,2.9238684013396224e-07
Random9840
Raw:1.0104241096782938e-05,2.122547334954209e-06,1.987322000788117e-05,0.499281670416237,6.935296550282277e-09,0.4992816704162441,2.632051939880745e-09,0.0014041591461476227,9.805874310262532e-08,2.9238684013396224e-07
EFT:1.0104241096782794e-05,2.122547334954209e-06,1.987322000788117e-05,0.499281670416237,6.935296550282277e-09,0.4992816704162441,2.6320519398807075e-09,0.0014041591461476227,9.805874310262393e-08,2.9238684013396224e-07
Random9841
Raw:1.0104241096782867e-05,2.122547334954224e-06,1.9873220007881028e-05,0.49928167041624055,6.935296550282326e-09,0.49928167041624055,2.6320519398807265e-09,0.0014041591461476128,9.805874310262462e-08,2.923868401339643e-07
EFT:1.0104241096782794e-05,2.122547334954209e-06,1.987322000788117e-05,0.499281670416237,6.935296550282277e-09,0.4992816704162441,2.6320519398807075e-09,0.0014041591461476227,9.805874310262393e-08,2.9238684013396224e-07
Random9842
Raw:1.0104241096782867e-05,2.122547334954194e-06,1.9873220007881028e-05,0.49928167041624055,6.935296550282326e-09,0.49928167041624055,2.6320519398807265e-09,0.0014041591461476128,9.805874310262323e-08,2.923868401339643e-07
EFT:1.0104241096782794e-05,2.122547334954209e-06,1.987322000788117e-05,0.499281670416237,6.935296550282277e-09,0.4992816704162441,2.6320519398807075e-09,0.0014041591461476227,9.805874310262393e-08,2.9238684013396224e-07
Random9843
Raw:1.0104241096783009e-05,2.122547334954224e-06,1.987322000788131e-05,0.49928167041623345,6.935296550282327e-09,0.49928167041624766,2.6320519398807638e-09,0.0014041591461476327,9.805874310262462e-08,2.923868401339685e-07
EFT:1.0104241096782794e-05,2.122547334954209e-06,1.987322000788117e-05,0.499281670416237,6.935296550282277e-09,0.4992816704162441,2.6320519398807075e-09,0.0014041591461476227,9.805874310262393e-08,2.9238684013396224e-07
Random9844
Raw:1.0104241096782938e-05,2.122547334954209e-06,1.987322000788117e-05,0.499281670416237,6.935296550282277e-09,0.4992816704162441,2.632051939880745e-09,0.0014041591461476427,9.805874310262393e-08,2.9238684013396224e-07
EFT:1.0104241096782794e-05,2.122547334954209e-06,1.987322000788117e-05,0.499281670416237,6.935296550282277e-09,0.4992816704162441,2.6320519398807075e-09,0.0014041591461476227,9.805874310262393e-08,2.9238684013396224e-07
Random9845
Raw:1.0104241096782867e-05,2.122547334954194e-06,1.9873220007881028e-05,0.49928167041624055,6.935296550282326e-09,0.49928167041624055,2.6320519398807265e-09,0.0014041591461476128,9.805874310262602e-08,2.923868401339643e-07
EFT:1.0104241096782794e-05,2.122547334954209e-06,1.987322000788117e-05,0.499281670416237,6.935296550282277e-09,0.4992816704162441,2.6320519398807075e-09,0.0014041591461476227,9.805874310262393e-08,2.9238684013396224e-07
Random9846
Raw:1.0104241096782938e-05,2.122547334954209e-06,1.987322000788117e-05,0.499281670416237,6.9352965502823754e-09,0.4992816704162441,2.632051939880745e-09,0.0014041591461476227,9.805874310262393e-08,2.9238684013396637e-07
EFT:1.0104241096782794e-05,2.122547334954209e-06,1.987322000788117e-05,0.499281670416237,6.935296550282277e-09,0.4992816704162441,2.6320519398807075e-09,0.0014041591461476227,9.805874310262393e-08,2.9238684013396224e-07
Random9847
Raw:1.0104241096782867e-05,2.122547334954194e-06,1.9873220007881028e-05,0.49928167041624055,6.935296550282228e-09,0.49928167041624055,2.632051939880689e-09,0.0014041591461476327,9.805874310262323e-08,2.923868401339602e-07
EFT:1.0104241096782794e-05,2.122547334954209e-06,1.987322000788117e-05,0.499281670416237,6.935296550282277e-09,0.4992816704162441,2.6320519398807075e-09,0.0014041591461476227,9.805874310262393e-08,2.9238684013396224e-07
Random9848
Raw:1.0104241096782938e-05,2.122547334954209e-06,1.987322000788117e-05,0.499281670416237,6.935296550282277e-09,0.4992816704162441,2.632051939880745e-09,0.0014041591461476427,9.805874310262393e-08,2.9238684013396224e-07
EFT:1.0104241096782794e-05,2.122547334954209e-06,1.987322000788117e-05,0.499281670416237,6.935296550282277e-09,0.4992816704162441,2.6320519398807075e-09,0.0014041591461476227,9.805874310262393e-08,2.9238684013396224e-07
Random9849
Raw:1.0104241096782867e-05,2.1225473349542546e-06,1.987322000788131e-05,0.49928167041624055,6.935296550282326e-09,0.49928167041624055,2.6320519398807638e-09,0.0014041591461476128,9.805874310262462e-08,2.923868401339643e-07
EFT:1.0104241096782794e-05,2.122547334954209e-06,1.987322000788117e-05,0.499281670416237,6.935296550282277e-09,0.4992816704162441,2.6320519398807075e-09,0.0014041591461476227,9.805874310262393e-08,2.9238684013396224e-07
Random9850
Raw:1.0104241096782867e-05,2.122547334954224e-06,1.987322000788131e-05,0.49928167041624055,6.935296550282326e-09,0.49928167041624055,2.6320519398807265e-09,0.0014041591461476327,9.805874310262323e-08,2.923868401339643e-07
EFT:1.0104241096782794e-05,2.122547334954209e-06,1.987322000788117e-05,0.499281670416237,6.935296550282277e-09,0.4992816704162441,2.6320519398807075e-09,0.0014041591461476227,9.805874310262393e-08,2.9238684013396224e-07
Random9851
Raw:1.0104241096782938e-05,2.122547334954239e-06,1.987322000788145e-05,0.499281670416237,6.935296550282277e-09,0.4992816704162441,2.632051939880745e-09,0.0014041591461476427,9.805874310262532e-08,2.9238684013396224e-07
EFT:1.0104241096782794e-05,2.122547334954209e-06,1.987322000788117e-05,0.499281670416237,6.935296550282277e-09,0.4992816704162441,2.6320519398807075e-09,0.0014041591461476227,9.805874310262393e-08,2.9238684013396224e-07
Random9852
Raw:1.0104241096782938e-05,2.122547334954239e-06,1.987322000788145e-05,0.499281670416237,6.935296550282277e-09,0.4992816704162441,2.632051939880745e-09,0.0014041591461476427,9.805874310262532e-08,2.9238684013396224e-07
EFT:1.0104241096782794e-05,2.122547334954209e-06,1.987322000788117e-05,0.499281670416237,6.935296550282277e-09,0.4992816704162441,2.6320519398807075e-09,0.0014041591461476227,9.805874310262393e-08,2.9238684013396224e-07
Random9853
Raw:1.0104241096783009e-05,2.122547334954224e-06,1.987322000788131e-05,0.49928167041623345,6.935296550282327e-09,0.49928167041624766,2.6320519398807638e-09,0.0014041591461476327,9.805874310262462e-08,2.923868401339685e-07
EFT:1.0104241096782794e-05,2.122547334954209e-06,1.987322000788117e-05,0.499281670416237,6.935296550282277e-09,0.4992816704162441,2.6320519398807075e-09,0.0014041591461476227,9.805874310262393e-08,2.9238684013396224e-07
Random9854
Raw:1.0104241096782938e-05,2.122547334954209e-06,1.987322000788117e-05,0.499281670416237,6.9352965502823754e-09,0.4992816704162441,2.6320519398807824e-09,0.0014041591461476227,9.805874310262532e-08,2.9238684013396637e-07
EFT:1.0104241096782794e-05,2.122547334954209e-06,1.987322000788117e-05,0.499281670416237,6.935296550282277e-09,0.4992816704162441,2.6320519398807075e-09,0.0014041591461476227,9.805874310262393e-08,2.9238684013396224e-07
Random9855
Raw:1.0104241096782865e-05,2.122547334954194e-06,1.9873220007881028e-05,0.49928167041623345,6.935296550282327e-09,0.49928167041624766,2.632051939880726e-09,0.0014041591461476126,9.805874310262462e-08,2.9238684013396436e-07
EFT:1.0104241096782794e-05,2.122547334954209e-06,1.987322000788117e-05,0.499281670416237,6.935296550282277e-09,0.4992816704162441,2.6320519398807075e-09,0.0014041591461476227,9.805874310262393e-08,2.9238684013396224e-07
Random9856
Raw:1.0104241096782938e-05,2.122547334954239e-06,1.9873220007880885e-05,0.499281670416237,6.935296550282277e-09,0.4992816704162441,2.632051939880745e-09,0.0014041591461476227,9.805874310262532e-08,2.9238684013396224e-07
EFT:1.0104241096782794e-05,2.122547334954209e-06,1.987322000788117e-05,0.499281670416237,6.935296550282277e-09,0.4992816704162441,2.6320519398807075e-09,0.0014041591461476227,9.805874310262393e-08,2.9238684013396224e-07
Random9857
Raw:1.0104241096782794e-05,2.122547334954209e-06,1.9873220007880885e-05,0.499281670416237,6.935296550282277e-09,0.4992816704162441,2.632051939880745e-09,0.0014041591461476227,9.805874310262254e-08,2.9238684013396224e-07
EFT:1.0104241096782794e-05,2.122547334954209e-06,1.987322000788117e-05,0.499281670416237,6.935296550282277e-09,0.4992816704162441,2.6320519398807075e-09,0.0014041591461476227,9.805874310262393e-08,2.9238684013396224e-07
Random9858
Raw:1.0104241096782938e-05,2.122547334954209e-06,1.987322000788117e-05,0.499281670416237,6.935296550282277e-09,0.4992816704162441,2.632051939880745e-09,0.0014041591461476227,9.805874310262532e-08,2.9238684013396224e-07
EFT:1.0104241096782794e-05,2.122547334954209e-06,1.987322000788117e-05,0.499281670416237,6.935296550282277e-09,0.4992816704162441,2.6320519398807075e-09,0.0014041591461476227,9.805874310262393e-08,2.9238684013396224e-07
Random9859
Raw:1.0104241096782938e-05,2.122547334954209e-06,1.987322000788117e-05,0.499281670416237,6.935296550282277e-09,0.4992816704162441,2.632051939880745e-09,0.0014041591461476427,9.805874310262393e-08,2.9238684013396224e-07
EFT:1.0104241096782794e-05,2.122547334954209e-06,1.987322000788117e-05,0.499281670416237,6.935296550282277e-09,0.4992816704162441,2.6320519398807075e-09,0.0014041591461476227,9.805874310262393e-08,2.9238684013396224e-07
Random9860
Raw:1.0104241096782867e-05,2.122547334954194e-06,1.9873220007881028e-05,0.49928167041624055,6.935296550282326e-09,0.49928167041624055,2.6320519398807265e-09,0.0014041591461476128,9.805874310262602e-08,2.923868401339643e-07
EFT:1.0104241096782794e-05,2.122547334954209e-06,1.987322000788117e-05,0.499281670416237,6.935296550282277e-09,0.4992816704162441,2.6320519398807075e-09,0.0014041591461476227,9.805874310262393e-08,2.9238684013396224e-07
Random9861
Raw:1.0104241096782794e-05,2.122547334954209e-06,1.987322000788117e-05,0.499281670416237,6.9352965502821786e-09,0.4992816704162441,2.632051939880745e-09,0.0014041591461476227,9.805874310262254e-08,2.9238684013396224e-07
EFT:1.0104241096782794e-05,2.122547334954209e-06,1.987322000788117e-05,0.499281670416237,6.935296550282277e-09,0.4992816704162441,2.6320519398807075e-09,0.0014041591461476227,9.805874310262393e-08,2.9238684013396224e-07
Random9862
Raw:1.0104241096782867e-05,2.122547334954224e-06,1.987322000788131e-05,0.49928167041624055,6.935296550282326e-09,0.49928167041624055,2.6320519398807265e-09,0.0014041591461476327,9.805874310262462e-08,2.923868401339643e-07
EFT:1.0104241096782794e-05,2.122547334954209e-06,1.987322000788117e-05,0.499281670416237,6.935296550282277e-09,0.4992816704162441,2.6320519398807075e-09,0.0014041591461476227,9.805874310262393e-08,2.9238684013396224e-07
Random9863
Raw:1.0104241096782867e-05,2.122547334954224e-06,1.987322000788131e-05,0.49928167041624055,6.935296550282326e-09,0.49928167041624055,2.6320519398807638e-09,0.0014041591461476128,9.805874310262462e-08,2.923868401339643e-07
EFT:1.0104241096782794e-05,2.122547334954209e-06,1.987322000788117e-05,0.499281670416237,6.935296550282277e-09,0.4992816704162441,2.6320519398807075e-09,0.0014041591461476227,9.805874310262393e-08,2.9238684013396224e-07
Random9864
Raw:1.0104241096782794e-05,2.122547334954209e-06,1.987322000788117e-05,0.499281670416237,6.9352965502821786e-09,0.4992816704162441,2.6320519398807075e-09,0.0014041591461476227,9.805874310262393e-08,2.9238684013396224e-07
EFT:1.0104241096782794e-05,2.122547334954209e-06,1.987322000788117e-05,0.499281670416237,6.935296550282277e-09,0.4992816704162441,2.6320519398807075e-09,0.0014041591461476227,9.805874310262393e-08,2.9238684013396224e-07
Random9865
Raw:1.0104241096782865e-05,2.122547334954194e-06,1.9873220007881028e-05,0.49928167041623345,6.935296550282228e-09,0.49928167041624766,2.632051939880726e-09,0.0014041591461476327,9.805874310262324e-08,2.923868401339602e-07
EFT:1.0104241096782794e-05,2.122547334954209e-06,1.987322000788117e-05,0.499281670416237,6.935296550282277e-09,0.4992816704162441,2.6320519398807075e-09,0.0014041591461476227,9.805874310262393e-08,2.9238684013396224e-07
Random9866
Raw:1.0104241096782938e-05,2.122547334954209e-06,1.987322000788117e-05,0.499281670416237,6.935296550282277e-09,0.4992816704162441,2.632051939880745e-09,0.0014041591461476227,9.805874310262532e-08,2.9238684013396224e-07
EFT:1.0104241096782794e-05,2.122547334954209e-06,1.987322000788117e-05,0.499281670416237,6.935296550282277e-09,0.4992816704162441,2.6320519398807075e-09,0.0014041591461476227,9.805874310262393e-08,2.9238684013396224e-07
Random9867
Raw:1.0104241096782938e-05,2.122547334954239e-06,1.987322000788117e-05,0.499281670416237,6.935296550282277e-09,0.4992816704162441,2.632051939880745e-09,0.0014041591461476427,9.805874310262532e-08,2.9238684013396224e-07
EFT:1.0104241096782794e-05,2.122547334954209e-06,1.987322000788117e-05,0.499281670416237,6.935296550282277e-09,0.4992816704162441,2.6320519398807075e-09,0.0014041591461476227,9.805874310262393e-08,2.9238684013396224e-07
Random9868
Raw:1.0104241096782723e-05,2.122547334954194e-06,1.9873220007881028e-05,0.49928167041624055,6.93529655028213e-09,0.49928167041624055,2.6320519398806513e-09,0.0014041591461476128,9.805874310262323e-08,2.923868401339602e-07
EFT:1.0104241096782794e-05,2.122547334954209e-06,1.987322000788117e-05,0.499281670416237,6.935296550282277e-09,0.4992816704162441,2.6320519398807075e-09,0.0014041591461476227,9.805874310262393e-08,2.9238684013396224e-07
Random9869
Raw:1.0104241096782938e-05,2.122547334954239e-06,1.9873220007880885e-05,0.499281670416237,6.935296550282277e-09,0.4992816704162441,2.632051939880745e-09,0.0014041591461476227,9.805874310262532e-08,2.9238684013396224e-07
EFT:1.0104241096782794e-05,2.122547334954209e-06,1.987322000788117e-05,0.499281670416237,6.935296550282277e-09,0.4992816704162441,2.6320519398807075e-09,0.0014041591461476227,9.805874310262393e-08,2.9238684013396224e-07
Random9870
Raw:1.0104241096782865e-05,2.122547334954194e-06,1.9873220007881028e-05,0.49928167041623345,6.935296550282327e-09,0.49928167041624766,2.632051939880726e-09,0.0014041591461476126,9.805874310262462e-08,2.9238684013396436e-07
EFT:1.0104241096782794e-05,2.122547334954209e-06,1.987322000788117e-05,0.499281670416237,6.935296550282277e-09,0.4992816704162441,2.6320519398807075e-09,0.0014041591461476227,9.805874310262393e-08,2.9238684013396224e-07
Random9871
Raw:1.0104241096782867e-05,2.122547334954224e-06,1.987322000788131e-05,0.49928167041624055,6.935296550282326e-09,0.49928167041624055,2.6320519398807265e-09,0.0014041591461476128,9.805874310262462e-08,2.923868401339643e-07
EFT:1.0104241096782794e-05,2.122547334954209e-06,1.987322000788117e-05,0.499281670416237,6.935296550282277e-09,0.4992816704162441,2.6320519398807075e-09,0.0014041591461476227,9.805874310262393e-08,2.9238684013396224e-07
Random9872
Raw:1.0104241096782938e-05,2.122547334954239e-06,1.987322000788145e-05,0.499281670416237,6.935296550282277e-09,0.4992816704162441,2.632051939880745e-09,0.0014041591461476427,9.805874310262532e-08,2.9238684013396224e-07
EFT:1.0104241096782794e-05,2.122547334954209e-06,1.987322000788117e-05,0.499281670416237,6.935296550282277e-09,0.4992816704162441,2.6320519398807075e-09,0.0014041591461476227,9.805874310262393e-08,2.9238684013396224e-07
Random9873
Raw:1.0104241096782938e-05,2.122547334954239e-06,1.987322000788145e-05,0.499281670416237,6.935296550282277e-09,0.4992816704162441,2.632051939880745e-09,0.0014041591461476427,9.805874310262393e-08,2.9238684013396637e-07
EFT:1.0104241096782794e-05,2.122547334954209e-06,1.987322000788117e-05,0.499281670416237,6.935296550282277e-09,0.4992816704162441,2.6320519398807075e-09,0.0014041591461476227,9.805874310262393e-08,2.9238684013396224e-07
Random9874
Raw:1.0104241096782938e-05,2.122547334954239e-06,1.987322000788145e-05,0.499281670416237,6.935296550282277e-09,0.4992816704162441,2.632051939880745e-09,0.0014041591461476427,9.805874310262532e-08,2.9238684013396224e-07
EFT:1.0104241096782794e-05,2.122547334954209e-06,1.987322000788117e-05,0.499281670416237,6.935296550282277e-09,0.4992816704162441,2.6320519398807075e-09,0.0014041591461476227,9.805874310262393e-08,2.9238684013396224e-07
Random9875
Raw:1.0104241096782794e-05,2.122547334954209e-06,1.987322000788117e-05,0.499281670416237,6.935296550282277e-09,0.4992816704162441,2.6320519398807075e-09,0.0014041591461476227,9.805874310262393e-08,2.9238684013396224e-07
EFT:1.0104241096782794e-05,2.122547334954209e-06,1.987322000788117e-05,0.499281670416237,6.935296550282277e-09,0.4992816704162441,2.6320519398807075e-09,0.0014041591461476227,9.805874310262393e-08,2.9238684013396224e-07
Random9876
Raw:1.0104241096782938e-05,2.122547334954209e-06,1.987322000788117e-05,0.499281670416237,6.9352965502823754e-09,0.4992816704162441,2.632051939880745e-09,0.0014041591461476227,9.805874310262532e-08,2.9238684013396637e-07
EFT:1.0104241096782794e-05,2.122547334954209e-06,1.987322000788117e-05,0.499281670416237,6.935296550282277e-09,0.4992816704162441,2.6320519398807075e-09,0.0014041591461476227,9.805874310262393e-08,2.9238684013396224e-07
Random9877
Raw:1.0104241096782867e-05,2.122547334954224e-06,1.987322000788131e-05,0.49928167041624055,6.935296550282228e-09,0.49928167041624055,2.632051939880689e-09,0.0014041591461476327,9.805874310262323e-08,2.923868401339643e-07
EFT:1.0104241096782794e-05,2.122547334954209e-06,1.987322000788117e-05,0.499281670416237,6.935296550282277e-09,0.4992816704162441,2.6320519398807075e-09,0.0014041591461476227,9.805874310262393e-08,2.9238684013396224e-07
Random9878
Raw:1.0104241096782938e-05,2.122547334954209e-06,1.987322000788117e-05,0.499281670416237,6.935296550282277e-09,0.4992816704162441,2.632051939880745e-09,0.0014041591461476427,9.805874310262393e-08,2.9238684013396224e-07
EFT:1.0104241096782794e-05,2.122547334954209e-06,1.987322000788117e-05,0.499281670416237,6.935296550282277e-09,0.4992816704162441,2.6320519398807075e-09,0.0014041591461476227,9.805874310262393e-08,2.9238684013396224e-07
Random9879
Raw:1.0104241096782794e-05,2.122547334954209e-06,1.9873220007880885e-05,0.499281670416237,6.935296550282277e-09,0.4992816704162441,2.632051939880745e-09,0.0014041591461476227,9.805874310262254e-08,2.9238684013396224e-07
EFT:1.0104241096782794e-05,2.122547334954209e-06,1.987322000788117e-05,0.499281670416237,6.935296550282277e-09,0.4992816704162441,2.6320519398807075e-09,0.0014041591461476227,9.805874310262393e-08,2.9238684013396224e-07
Random9880
Raw:1.0104241096782938e-05,2.122547334954209e-06,1.987322000788117e-05,0.499281670416237,6.9352965502823754e-09,0.4992816704162441,2.632051939880745e-09,0.0014041591461476227,9.805874310262532e-08,2.9238684013396637e-07
EFT:1.0104241096782794e-05,2.122547334954209e-06,1.987322000788117e-05,0.499281670416237,6.935296550282277e-09,0.4992816704162441,2.6320519398807075e-09,0.0014041591461476227,9.805874310262393e-08,2.9238684013396224e-07
Random9881
Raw:1.0104241096782938e-05,2.122547334954239e-06,1.987322000788117e-05,0.499281670416237,6.9352965502823754e-09,0.4992816704162441,2.6320519398807824e-09,0.0014041591461476227,9.805874310262532e-08,2.9238684013396637e-07
EFT:1.0104241096782794e-05,2.122547334954209e-06,1.987322000788117e-05,0.499281670416237,6.935296550282277e-09,0.4992816704162441,2.6320519398807075e-09,0.0014041591461476227,9.805874310262393e-08,2.9238684013396224e-07
Random9882
Raw:1.0104241096782794e-05,2.122547334954209e-06,1.987322000788117e-05,0.499281670416237,6.9352965502821786e-09,0.4992816704162441,2.632051939880745e-09,0.0014041591461476227,9.805874310262254e-08,2.9238684013396224e-07
EFT:1.0104241096782794e-05,2.122547334954209e-06,1.987322000788117e-05,0.499281670416237,6.935296550282277e-09,0.4992816704162441,2.6320519398807075e-09,0.0014041591461476227,9.805874310262393e-08,2.9238684013396224e-07
Random9883
Raw:1.0104241096782794e-05,2.122547334954209e-06,1.987322000788117e-05,0.499281670416237,6.935296550282277e-09,0.4992816704162441,2.6320519398807075e-09,0.0014041591461476227,9.805874310262393e-08,2.9238684013396224e-07
EFT:1.0104241096782794e-05,2.122547334954209e-06,1.987322000788117e-05,0.499281670416237,6.935296550282277e-09,0.4992816704162441,2.6320519398807075e-09,0.0014041591461476227,9.805874310262393e-08,2.9238684013396224e-07
Random9884
Raw:1.0104241096782938e-05,2.122547334954209e-06,1.987322000788117e-05,0.499281670416237,6.935296550282277e-09,0.4992816704162441,2.632051939880745e-09,0.0014041591461476227,9.805874310262532e-08,2.9238684013396224e-07
EFT:1.0104241096782794e-05,2.122547334954209e-06,1.987322000788117e-05,0.499281670416237,6.935296550282277e-09,0.4992816704162441,2.6320519398807075e-09,0.0014041591461476227,9.805874310262393e-08,2.9238684013396224e-07
Random9885
Raw:1.0104241096782938e-05,2.122547334954209e-06,1.987322000788117e-05,0.499281670416237,6.935296550282277e-09,0.4992816704162441,2.632051939880745e-09,0.0014041591461476427,9.805874310262393e-08,2.9238684013396224e-07
EFT:1.0104241096782794e-05,2.122547334954209e-06,1.987322000788117e-05,0.499281670416237,6.935296550282277e-09,0.4992816704162441,2.6320519398807075e-09,0.0014041591461476227,9.805874310262393e-08,2.9238684013396224e-07
Random9886
Raw:1.0104241096782938e-05,2.122547334954209e-06,1.987322000788117e-05,0.499281670416237,6.935296550282277e-09,0.4992816704162441,2.632051939880745e-09,0.0014041591461476427,9.805874310262393e-08,2.9238684013396224e-07
EFT:1.0104241096782794e-05,2.122547334954209e-06,1.987322000788117e-05,0.499281670416237,6.935296550282277e-09,0.4992816704162441,2.6320519398807075e-09,0.0014041591461476227,9.805874310262393e-08,2.9238684013396224e-07
Random9887
Raw:1.0104241096782867e-05,2.122547334954224e-06,1.987322000788131e-05,0.49928167041624055,6.935296550282326e-09,0.49928167041624055,2.6320519398807265e-09,0.0014041591461476327,9.805874310262323e-08,2.923868401339643e-07
EFT:1.0104241096782794e-05,2.122547334954209e-06,1.987322000788117e-05,0.499281670416237,6.935296550282277e-09,0.4992816704162441,2.6320519398807075e-09,0.0014041591461476227,9.805874310262393e-08,2.9238684013396224e-07
Random9888
Raw:1.0104241096782867e-05,2.122547334954224e-06,1.987322000788131e-05,0.49928167041624055,6.935296550282326e-09,0.49928167041624055,2.6320519398807638e-09,0.0014041591461476128,9.805874310262462e-08,2.923868401339643e-07
EFT:1.0104241096782794e-05,2.122547334954209e-06,1.987322000788117e-05,0.499281670416237,6.935296550282277e-09,0.4992816704162441,2.6320519398807075e-09,0.0014041591461476227,9.805874310262393e-08,2.9238684013396224e-07
Random9889
Raw:1.0104241096782867e-05,2.122547334954224e-06,1.987322000788131e-05,0.49928167041624055,6.935296550282326e-09,0.49928167041624055,2.6320519398807265e-09,0.0014041591461476327,9.805874310262323e-08,2.923868401339643e-07
EFT:1.0104241096782794e-05,2.122547334954209e-06,1.987322000788117e-05,0.499281670416237,6.935296550282277e-09,0.4992816704162441,2.6320519398807075e-09,0.0014041591461476227,9.805874310262393e-08,2.9238684013396224e-07
Random9890
Raw:1.0104241096782938e-05,2.122547334954209e-06,1.9873220007880885e-05,0.499281670416237,6.935296550282277e-09,0.4992816704162441,2.632051939880745e-09,0.0014041591461476227,9.805874310262532e-08,2.9238684013396224e-07
EFT:1.0104241096782794e-05,2.122547334954209e-06,1.987322000788117e-05,0.499281670416237,6.935296550282277e-09,0.4992816704162441,2.6320519398807075e-09,0.0014041591461476227,9.805874310262393e-08,2.9238684013396224e-07
Random9891
Raw:1.0104241096782938e-05,2.122547334954209e-06,1.987322000788117e-05,0.499281670416237,6.9352965502823754e-09,0.4992816704162441,2.632051939880745e-09,0.0014041591461476227,9.805874310262393e-08,2.9238684013396637e-07
EFT:1.0104241096782794e-05,2.122547334954209e-06,1.987322000788117e-05,0.499281670416237,6.935296550282277e-09,0.4992816704162441,2.6320519398807075e-09,0.0014041591461476227,9.805874310262393e-08,2.9238684013396224e-07
Random9892
Raw:1.0104241096782938e-05,2.122547334954209e-06,1.987322000788117e-05,0.499281670416237,6.9352965502823754e-09,0.4992816704162441,2.6320519398807824e-09,0.0014041591461476227,9.805874310262532e-08,2.9238684013396637e-07
EFT:1.0104241096782794e-05,2.122547334954209e-06,1.987322000788117e-05,0.499281670416237,6.935296550282277e-09,0.4992816704162441,2.6320519398807075e-09,0.0014041591461476227,9.805874310262393e-08,2.9238684013396224e-07
Random9893
Raw:1.0104241096782938e-05,2.122547334954209e-06,1.9873220007880885e-05,0.499281670416237,6.935296550282277e-09,0.4992816704162441,2.632051939880745e-09,0.0014041591461476227,9.805874310262393e-08,2.9238684013396224e-07
EFT:1.0104241096782794e-05,2.122547334954209e-06,1.987322000788117e-05,0.499281670416237,6.935296550282277e-09,0.4992816704162441,2.6320519398807075e-09,0.0014041591461476227,9.805874310262393e-08,2.9238684013396224e-07
Random9894
Raw:1.0104241096782867e-05,2.122547334954224e-06,1.987322000788131e-05,0.49928167041624055,6.935296550282326e-09,0.49928167041624055,2.6320519398807265e-09,0.0014041591461476128,9.805874310262462e-08,2.923868401339643e-07
EFT:1.0104241096782794e-05,2.122547334954209e-06,1.987322000788117e-05,0.499281670416237,6.935296550282277e-09,0.4992816704162441,2.6320519398807075e-09,0.0014041591461476227,9.805874310262393e-08,2.9238684013396224e-07
Random9895
Raw:1.0104241096782938e-05,2.122547334954209e-06,1.987322000788117e-05,0.499281670416237,6.9352965502823754e-09,0.4992816704162441,2.6320519398807824e-09,0.0014041591461476227,9.805874310262532e-08,2.9238684013396637e-07
EFT:1.0104241096782794e-05,2.122547334954209e-06,1.987322000788117e-05,0.499281670416237,6.935296550282277e-09,0.4992816704162441,2.6320519398807075e-09,0.0014041591461476227,9.805874310262393e-08,2.9238684013396224e-07
Random9896
Raw:1.0104241096782867e-05,2.122547334954224e-06,1.987322000788131e-05,0.49928167041624055,6.935296550282326e-09,0.49928167041624055,2.6320519398807265e-09,0.0014041591461476327,9.805874310262462e-08,2.923868401339643e-07
EFT:1.0104241096782794e-05,2.122547334954209e-06,1.987322000788117e-05,0.499281670416237,6.935296550282277e-09,0.4992816704162441,2.6320519398807075e-09,0.0014041591461476227,9.805874310262393e-08,2.9238684013396224e-07
Random9897
Raw:1.0104241096782794e-05,2.122547334954209e-06,1.987322000788117e-05,0.4992816704162441,6.935296550282277e-09,0.499281670416237,2.63205193988067e-09,0.0014041591461476227,9.805874310262393e-08,2.9238684013396224e-07
EFT:1.0104241096782794e-05,2.122547334954209e-06,1.987322000788117e-05,0.499281670416237,6.935296550282277e-09,0.4992816704162441,2.6320519398807075e-09,0.0014041591461476227,9.805874310262393e-08,2.9238684013396224e-07
Random9898
Raw:1.0104241096782938e-05,2.122547334954209e-06,1.987322000788117e-05,0.499281670416237,6.9352965502823754e-09,0.4992816704162441,2.632051939880745e-09,0.0014041591461476227,9.805874310262532e-08,2.9238684013396637e-07
EFT:1.0104241096782794e-05,2.122547334954209e-06,1.987322000788117e-05,0.499281670416237,6.935296550282277e-09,0.4992816704162441,2.6320519398807075e-09,0.0014041591461476227,9.805874310262393e-08,2.9238684013396224e-07
Random9899
Raw:1.0104241096783009e-05,2.122547334954224e-06,1.9873220007881028e-05,0.49928167041623345,6.935296550282327e-09,0.49928167041624766,2.6320519398807638e-09,0.0014041591461476327,9.805874310262601e-08,2.9238684013396436e-07
EFT:1.0104241096782794e-05,2.122547334954209e-06,1.987322000788117e-05,0.499281670416237,6.935296550282277e-09,0.4992816704162441,2.6320519398807075e-09,0.0014041591461476227,9.805874310262393e-08,2.9238684013396224e-07
Random9900
Raw:1.0104241096783009e-05,2.122547334954194e-06,1.9873220007881028e-05,0.49928167041623345,6.935296550282327e-09,0.49928167041624766,2.6320519398807638e-09,0.0014041591461476126,9.805874310262601e-08,2.9238684013396436e-07
EFT:1.0104241096782794e-05,2.122547334954209e-06,1.987322000788117e-05,0.499281670416237,6.935296550282277e-09,0.4992816704162441,2.6320519398807075e-09,0.0014041591461476227,9.805874310262393e-08,2.9238684013396224e-07
Random9901
Raw:1.0104241096782938e-05,2.122547334954239e-06,1.987322000788117e-05,0.499281670416237,6.935296550282277e-09,0.4992816704162441,2.632051939880745e-09,0.0014041591461476427,9.805874310262393e-08,2.9238684013396637e-07
EFT:1.0104241096782794e-05,2.122547334954209e-06,1.987322000788117e-05,0.499281670416237,6.935296550282277e-09,0.4992816704162441,2.6320519398807075e-09,0.0014041591461476227,9.805874310262393e-08,2.9238684013396224e-07
Random9902
Raw:1.0104241096782867e-05,2.122547334954224e-06,1.987322000788131e-05,0.49928167041624055,6.935296550282326e-09,0.49928167041624055,2.6320519398807265e-09,0.0014041591461476327,9.805874310262462e-08,2.923868401339643e-07
EFT:1.0104241096782794e-05,2.122547334954209e-06,1.987322000788117e-05,0.499281670416237,6.935296550282277e-09,0.4992816704162441,2.6320519398807075e-09,0.0014041591461476227,9.805874310262393e-08,2.9238684013396224e-07
Random9903
Raw:1.0104241096782938e-05,2.122547334954209e-06,1.987322000788117e-05,0.499281670416237,6.935296550282277e-09,0.4992816704162441,2.632051939880745e-09,0.0014041591461476427,9.805874310262393e-08,2.9238684013396224e-07
EFT:1.0104241096782794e-05,2.122547334954209e-06,1.987322000788117e-05,0.499281670416237,6.935296550282277e-09,0.4992816704162441,2.6320519398807075e-09,0.0014041591461476227,9.805874310262393e-08,2.9238684013396224e-07
Random9904
Raw:1.0104241096783009e-05,2.122547334954224e-06,1.987322000788131e-05,0.49928167041623345,6.935296550282327e-09,0.49928167041624766,2.6320519398807638e-09,0.0014041591461476327,9.805874310262601e-08,2.9238684013396436e-07
EFT:1.0104241096782794e-05,2.122547334954209e-06,1.987322000788117e-05,0.499281670416237,6.935296550282277e-09,0.4992816704162441,2.6320519398807075e-09,0.0014041591461476227,9.805874310262393e-08,2.9238684013396224e-07
Random9905
Raw:1.0104241096782938e-05,2.122547334954209e-06,1.987322000788117e-05,0.499281670416237,6.9352965502823754e-09,0.4992816704162441,2.632051939880745e-09,0.0014041591461476227,9.805874310262393e-08,2.9238684013396637e-07
EFT:1.0104241096782794e-05,2.122547334954209e-06,1.987322000788117e-05,0.499281670416237,6.935296550282277e-09,0.4992816704162441,2.6320519398807075e-09,0.0014041591461476227,9.805874310262393e-08,2.9238684013396224e-07
Random9906
Raw:1.0104241096782938e-05,2.122547334954209e-06,1.9873220007880885e-05,0.499281670416237,6.935296550282277e-09,0.4992816704162441,2.632051939880745e-09,0.0014041591461476227,9.805874310262393e-08,2.9238684013396224e-07
EFT:1.0104241096782794e-05,2.122547334954209e-06,1.987322000788117e-05,0.499281670416237,6.935296550282277e-09,0.4992816704162441,2.6320519398807075e-09,0.0014041591461476227,9.805874310262393e-08,2.9238684013396224e-07
Random9907
Raw:1.0104241096782794e-05,2.122547334954209e-06,1.987322000788117e-05,0.499281670416237,6.9352965502821786e-09,0.4992816704162441,2.6320519398807075e-09,0.0014041591461476227,9.805874310262393e-08,2.9238684013396224e-07
EFT:1.0104241096782794e-05,2.122547334954209e-06,1.987322000788117e-05,0.499281670416237,6.935296550282277e-09,0.4992816704162441,2.6320519398807075e-09,0.0014041591461476227,9.805874310262393e-08,2.9238684013396224e-07
Random9908
Raw:1.0104241096783009e-05,2.122547334954194e-06,1.9873220007881028e-05,0.49928167041623345,6.935296550282327e-09,0.49928167041624766,2.6320519398807638e-09,0.0014041591461476327,9.805874310262462e-08,2.9238684013396436e-07
EFT:1.0104241096782794e-05,2.122547334954209e-06,1.987322000788117e-05,0.499281670416237,6.935296550282277e-09,0.4992816704162441,2.6320519398807075e-09,0.0014041591461476227,9.805874310262393e-08,2.9238684013396224e-07
Random9909
Raw:1.0104241096782938e-05,2.122547334954239e-06,1.9873220007880885e-05,0.499281670416237,6.9352965502823754e-09,0.4992816704162441,2.63205193988082e-09,0.0014041591461476227,9.805874310262532e-08,2.9238684013396637e-07
EFT:1.0104241096782794e-05,2.122547334954209e-06,1.987322000788117e-05,0.499281670416237,6.935296550282277e-09,0.4992816704162441,2.6320519398807075e-09,0.0014041591461476227,9.805874310262393e-08,2.9238684013396224e-07
Random9910
Raw:1.0104241096782723e-05,2.122547334954194e-06,1.9873220007881028e-05,0.49928167041624055,6.93529655028213e-09,0.49928167041624055,2.632051939880689e-09,0.0014041591461476128,9.805874310262184e-08,2.923868401339602e-07
EFT:1.0104241096782794e-05,2.122547334954209e-06,1.987322000788117e-05,0.499281670416237,6.935296550282277e-09,0.4992816704162441,2.6320519398807075e-09,0.0014041591461476227,9.805874310262393e-08,2.9238684013396224e-07
Random9911
Raw:1.0104241096782867e-05,2.122547334954194e-06,1.9873220007881028e-05,0.49928167041624055,6.935296550282326e-09,0.49928167041624055,2.6320519398807265e-09,0.0014041591461476128,9.805874310262323e-08,2.923868401339643e-07
EFT:1.0104241096782794e-05,2.122547334954209e-06,1.987322000788117e-05,0.499281670416237,6.935296550282277e-09,0.4992816704162441,2.6320519398807075e-09,0.0014041591461476227,9.805874310262393e-08,2.9238684013396224e-07
Random9912
Raw:1.0104241096782938e-05,2.122547334954209e-06,1.987322000788117e-05,0.499281670416237,6.9352965502823754e-09,0.4992816704162441,2.632051939880745e-09,0.0014041591461476227,9.805874310262393e-08,2.9238684013396637e-07
EFT:1.0104241096782794e-05,2.122547334954209e-06,1.987322000788117e-05,0.499281670416237,6.935296550282277e-09,0.4992816704162441,2.6320519398807075e-09,0.0014041591461476227,9.805874310262393e-08,2.9238684013396224e-07
Random9913
Raw:1.0104241096782938e-05,2.122547334954209e-06,1.987322000788117e-05,0.499281670416237,6.935296550282277e-09,0.4992816704162441,2.632051939880745e-09,0.0014041591461476427,9.805874310262393e-08,2.9238684013396224e-07
EFT:1.0104241096782794e-05,2.122547334954209e-06,1.987322000788117e-05,0.499281670416237,6.935296550282277e-09,0.4992816704162441,2.6320519398807075e-09,0.0014041591461476227,9.805874310262393e-08,2.9238684013396224e-07
Random9914
Raw:1.0104241096782867e-05,2.1225473349542546e-06,1.9873220007881594e-05,0.49928167041624055,6.935296550282228e-09,0.49928167041624055,2.632051939880689e-09,0.0014041591461476527,9.805874310262323e-08,2.923868401339643e-07
EFT:1.0104241096782794e-05,2.122547334954209e-06,1.987322000788117e-05,0.499281670416237,6.935296550282277e-09,0.4992816704162441,2.6320519398807075e-09,0.0014041591461476227,9.805874310262393e-08,2.9238684013396224e-07
Random9915
Raw:1.0104241096782867e-05,2.122547334954224e-06,1.987322000788131e-05,0.49928167041624055,6.935296550282326e-09,0.49928167041624055,2.6320519398807265e-09,0.0014041591461476128,9.805874310262462e-08,2.923868401339643e-07
EFT:1.0104241096782794e-05,2.122547334954209e-06,1.987322000788117e-05,0.499281670416237,6.935296550282277e-09,0.4992816704162441,2.6320519398807075e-09,0.0014041591461476227,9.805874310262393e-08,2.9238684013396224e-07
Random9916
Raw:1.0104241096782865e-05,2.122547334954194e-06,1.9873220007881028e-05,0.49928167041623345,6.935296550282228e-09,0.49928167041624766,2.632051939880726e-09,0.0014041591461476327,9.805874310262324e-08,2.923868401339602e-07
EFT:1.0104241096782794e-05,2.122547334954209e-06,1.987322000788117e-05,0.499281670416237,6.935296550282277e-09,0.4992816704162441,2.6320519398807075e-09,0.0014041591461476227,9.805874310262393e-08,2.9238684013396224e-07
Random9917
Raw:1.0104241096782867e-05,2.122547334954224e-06,1.987322000788131e-05,0.49928167041624055,6.935296550282326e-09,0.49928167041624055,2.6320519398807265e-09,0.0014041591461476327,9.805874310262602e-08,2.923868401339643e-07
EFT:1.0104241096782794e-05,2.122547334954209e-06,1.987322000788117e-05,0.499281670416237,6.935296550282277e-09,0.4992816704162441,2.6320519398807075e-09,0.0014041591461476227,9.805874310262393e-08,2.9238684013396224e-07
Random9918
Raw:1.0104241096782867e-05,2.122547334954224e-06,1.987322000788131e-05,0.49928167041624055,6.935296550282326e-09,0.49928167041624055,2.6320519398807265e-09,0.0014041591461476327,9.805874310262323e-08,2.923868401339643e-07
EFT:1.0104241096782794e-05,2.122547334954209e-06,1.987322000788117e-05,0.499281670416237,6.935296550282277e-09,0.4992816704162441,2.6320519398807075e-09,0.0014041591461476227,9.805874310262393e-08,2.9238684013396224e-07
Random9919
Raw:1.0104241096782867e-05,2.122547334954194e-06,1.9873220007881028e-05,0.49928167041624055,6.935296550282326e-09,0.49928167041624055,2.6320519398807265e-09,0.0014041591461476128,9.805874310262323e-08,2.923868401339643e-07
EFT:1.0104241096782794e-05,2.122547334954209e-06,1.987322000788117e-05,0.499281670416237,6.935296550282277e-09,0.4992816704162441,2.6320519398807075e-09,0.0014041591461476227,9.805874310262393e-08,2.9238684013396224e-07
Random9920
Raw:1.0104241096782794e-05,2.122547334954209e-06,1.987322000788117e-05,0.499281670416237,6.935296550282277e-09,0.4992816704162441,2.6320519398807075e-09,0.0014041591461476026,9.805874310262393e-08,2.9238684013396224e-07
EFT:1.0104241096782794e-05,2.122547334954209e-06,1.987322000788117e-05,0.499281670416237,6.935296550282277e-09,0.4992816704162441,2.6320519398807075e-09,0.0014041591461476227,9.805874310262393e-08,2.9238684013396224e-07
Random9921
Raw:1.0104241096782938e-05,2.122547334954239e-06,1.987322000788145e-05,0.499281670416237,6.935296550282277e-09,0.4992816704162441,2.632051939880745e-09,0.0014041591461476427,9.805874310262393e-08,2.9238684013396637e-07
EFT:1.0104241096782794e-05,2.122547334954209e-06,1.987322000788117e-05,0.499281670416237,6.935296550282277e-09,0.4992816704162441,2.6320519398807075e-09,0.0014041591461476227,9.805874310262393e-08,2.9238684013396224e-07
Random9922
Raw:1.0104241096782938e-05,2.122547334954209e-06,1.987322000788117e-05,0.499281670416237,6.9352965502823754e-09,0.4992816704162441,2.632051939880745e-09,0.0014041591461476227,9.805874310262393e-08,2.9238684013396637e-07
EFT:1.0104241096782794e-05,2.122547334954209e-06,1.987322000788117e-05,0.499281670416237,6.935296550282277e-09,0.4992816704162441,2.6320519398807075e-09,0.0014041591461476227,9.805874310262393e-08,2.9238684013396224e-07
Random9923
Raw:1.0104241096782867e-05,2.122547334954194e-06,1.9873220007881028e-05,0.49928167041624055,6.935296550282228e-09,0.49928167041624055,2.632051939880689e-09,0.0014041591461476327,9.805874310262323e-08,2.923868401339602e-07
EFT:1.0104241096782794e-05,2.122547334954209e-06,1.987322000788117e-05,0.499281670416237,6.935296550282277e-09,0.4992816704162441,2.6320519398807075e-09,0.0014041591461476227,9.805874310262393e-08,2.9238684013396224e-07
Random9924
Raw:1.0104241096782938e-05,2.122547334954239e-06,1.987322000788117e-05,0.499281670416237,6.935296550282277e-09,0.4992816704162441,2.632051939880745e-09,0.0014041591461476427,9.805874310262393e-08,2.9238684013396637e-07
EFT:1.0104241096782794e-05,2.122547334954209e-06,1.987322000788117e-05,0.499281670416237,6.935296550282277e-09,0.4992816704162441,2.6320519398807075e-09,0.0014041591461476227,9.805874310262393e-08,2.9238684013396224e-07
Random9925
Raw:1.0104241096783009e-05,2.122547334954194e-06,1.9873220007880747e-05,0.49928167041623345,6.935296550282327e-09,0.49928167041624766,2.632051939880801e-09,0.0014041591461476126,9.805874310262462e-08,2.9238684013396436e-07
EFT:1.0104241096782794e-05,2.122547334954209e-06,1.987322000788117e-05,0.499281670416237,6.935296550282277e-09,0.4992816704162441,2.6320519398807075e-09,0.0014041591461476227,9.805874310262393e-08,2.9238684013396224e-07
Random9926
Raw:1.0104241096782938e-05,2.122547334954209e-06,1.987322000788117e-05,0.499281670416237,6.9352965502823754e-09,0.4992816704162441,2.6320519398807824e-09,0.0014041591461476227,9.805874310262532e-08,2.9238684013396637e-07
EFT:1.0104241096782794e-05,2.122547334954209e-06,1.987322000788117e-05,0.499281670416237,6.935296550282277e-09,0.4992816704162441,2.6320519398807075e-09,0.0014041591461476227,9.805874310262393e-08,2.9238684013396224e-07
Random9927
Raw:1.0104241096782938e-05,2.122547334954209e-06,1.987322000788117e-05,0.499281670416237,6.9352965502823754e-09,0.4992816704162441,2.632051939880745e-09,0.0014041591461476227,9.805874310262532e-08,2.9238684013396637e-07
EFT:1.0104241096782794e-05,2.122547334954209e-06,1.987322000788117e-05,0.499281670416237,6.935296550282277e-09,0.4992816704162441,2.6320519398807075e-09,0.0014041591461476227,9.805874310262393e-08,2.9238684013396224e-07
Random9928
Raw:1.0104241096783082e-05,2.122547334954239e-06,1.9873220007881167e-05,0.4992816704162299,6.9352965502823754e-09,0.49928167041625116,2.6320519398808196e-09,0.0014041591461476225,9.805874310262671e-08,2.923868401339664e-07
EFT:1.0104241096782794e-05,2.122547334954209e-06,1.987322000788117e-05,0.499281670416237,6.935296550282277e-09,0.4992816704162441,2.6320519398807075e-09,0.0014041591461476227,9.805874310262393e-08,2.9238684013396224e-07
Random9929
Raw:1.0104241096782938e-05,2.1225473349541788e-06,1.9873220007880885e-05,0.499281670416237,6.935296550282277e-09,0.4992816704162441,2.632051939880745e-09,0.0014041591461476026,9.805874310262532e-08,2.9238684013396224e-07
EFT:1.0104241096782794e-05,2.122547334954209e-06,1.987322000788117e-05,0.499281670416237,6.935296550282277e-09,0.4992816704162441,2.6320519398807075e-09,0.0014041591461476227,9.805874310262393e-08,2.9238684013396224e-07
Random9930
Raw:1.0104241096782938e-05,2.122547334954239e-06,1.987322000788145e-05,0.499281670416237,6.9352965502823754e-09,0.4992816704162441,2.632051939880745e-09,0.0014041591461476427,9.805874310262532e-08,2.9238684013396637e-07
EFT:1.0104241096782794e-05,2.122547334954209e-06,1.987322000788117e-05,0.499281670416237,6.935296550282277e-09,0.4992816704162441,2.6320519398807075e-09,0.0014041591461476227,9.805874310262393e-08,2.9238684013396224e-07
Random9931
Raw:1.0104241096782938e-05,2.122547334954209e-06,1.9873220007880885e-05,0.499281670416237,6.935296550282277e-09,0.4992816704162441,2.632051939880745e-09,0.0014041591461476227,9.805874310262532e-08,2.9238684013396224e-07
EFT:1.0104241096782794e-05,2.122547334954209e-06,1.987322000788117e-05,0.499281670416237,6.935296550282277e-09,0.4992816704162441,2.6320519398807075e-09,0.0014041591461476227,9.805874310262393e-08,2.9238684013396224e-07
Random9932
Raw:1.0104241096783009e-05,2.122547334954194e-06,1.9873220007881028e-05,0.49928167041623345,6.935296550282327e-09,0.49928167041624766,2.6320519398807638e-09,0.0014041591461476327,9.805874310262462e-08,2.9238684013396436e-07
EFT:1.0104241096782794e-05,2.122547334954209e-06,1.987322000788117e-05,0.499281670416237,6.935296550282277e-09,0.4992816704162441,2.6320519398807075e-09,0.0014041591461476227,9.805874310262393e-08,2.9238684013396224e-07
Random9933
Raw:1.0104241096782867e-05,2.122547334954224e-06,1.987322000788131e-05,0.49928167041624055,6.935296550282326e-09,0.49928167041624055,2.6320519398807265e-09,0.0014041591461476327,9.805874310262323e-08,2.923868401339643e-07
EFT:1.0104241096782794e-05,2.122547334954209e-06,1.987322000788117e-05,0.499281670416237,6.935296550282277e-09,0.4992816704162441,2.6320519398807075e-09,0.0014041591461476227,9.805874310262393e-08,2.9238684013396224e-07
Random9934
Raw:1.0104241096782867e-05,2.122547334954194e-06,1.9873220007881028e-05,0.49928167041624055,6.935296550282228e-09,0.49928167041624055,2.632051939880689e-09,0.0014041591461476128,9.805874310262462e-08,2.923868401339602e-07
EFT:1.0104241096782794e-05,2.122547334954209e-06,1.987322000788117e-05,0.499281670416237,6.935296550282277e-09,0.4992816704162441,2.6320519398807075e-09,0.0014041591461476227,9.805874310262393e-08,2.9238684013396224e-07
Random9935
Raw:1.0104241096782938e-05,2.122547334954209e-06,1.987322000788117e-05,0.499281670416237,6.9352965502823754e-09,0.4992816704162441,2.6320519398807824e-09,0.0014041591461476227,9.805874310262532e-08,2.9238684013396637e-07
EFT:1.0104241096782794e-05,2.122547334954209e-06,1.987322000788117e-05,0.499281670416237,6.935296550282277e-09,0.4992816704162441,2.6320519398807075e-09,0.0014041591461476227,9.805874310262393e-08,2.9238684013396224e-07
Random9936
Raw:1.0104241096782867e-05,2.122547334954194e-06,1.9873220007881028e-05,0.49928167041624055,6.935296550282228e-09,0.49928167041624055,2.632051939880689e-09,0.0014041591461476327,9.805874310262323e-08,2.923868401339602e-07
EFT:1.0104241096782794e-05,2.122547334954209e-06,1.987322000788117e-05,0.499281670416237,6.935296550282277e-09,0.4992816704162441,2.6320519398807075e-09,0.0014041591461476227,9.805874310262393e-08,2.9238684013396224e-07
Random9937
Raw:1.0104241096783009e-05,2.122547334954224e-06,1.987322000788131e-05,0.49928167041623345,6.935296550282327e-09,0.49928167041624766,2.6320519398807638e-09,0.0014041591461476327,9.805874310262601e-08,2.9238684013396436e-07
EFT:1.0104241096782794e-05,2.122547334954209e-06,1.987322000788117e-05,0.499281670416237,6.935296550282277e-09,0.4992816704162441,2.6320519398807075e-09,0.0014041591461476227,9.805874310262393e-08,2.9238684013396224e-07
Random9938
Raw:1.0104241096782938e-05,2.122547334954209e-06,1.987322000788117e-05,0.499281670416237,6.9352965502823754e-09,0.4992816704162441,2.632051939880745e-09,0.0014041591461476227,9.805874310262393e-08,2.9238684013396637e-07
EFT:1.0104241096782794e-05,2.122547334954209e-06,1.987322000788117e-05,0.499281670416237,6.935296550282277e-09,0.4992816704162441,2.6320519398807075e-09,0.0014041591461476227,9.805874310262393e-08,2.9238684013396224e-07
Random9939
Raw:1.0104241096782938e-05,2.122547334954239e-06,1.987322000788145e-05,0.499281670416237,6.935296550282277e-09,0.4992816704162441,2.632051939880745e-09,0.0014041591461476427,9.805874310262393e-08,2.9238684013396637e-07
EFT:1.0104241096782794e-05,2.122547334954209e-06,1.987322000788117e-05,0.499281670416237,6.935296550282277e-09,0.4992816704162441,2.6320519398807075e-09,0.0014041591461476227,9.805874310262393e-08,2.9238684013396224e-07
Random9940
Raw:1.0104241096782938e-05,2.122547334954239e-06,1.987322000788117e-05,0.499281670416237,6.935296550282277e-09,0.4992816704162441,2.632051939880745e-09,0.0014041591461476427,9.805874310262532e-08,2.9238684013396224e-07
EFT:1.0104241096782794e-05,2.122547334954209e-06,1.987322000788117e-05,0.499281670416237,6.935296550282277e-09,0.4992816704162441,2.6320519398807075e-09,0.0014041591461476227,9.805874310262393e-08,2.9238684013396224e-07
Random9941
Raw:1.0104241096783082e-05,2.1225473349542093e-06,1.9873220007881167e-05,0.4992816704162299,6.9352965502823754e-09,0.49928167041625116,2.6320519398808196e-09,0.0014041591461476026,9.805874310262671e-08,2.923868401339664e-07
EFT:1.0104241096782794e-05,2.122547334954209e-06,1.987322000788117e-05,0.499281670416237,6.935296550282277e-09,0.4992816704162441,2.6320519398807075e-09,0.0014041591461476227,9.805874310262393e-08,2.9238684013396224e-07
Random9942
Raw:1.0104241096783009e-05,2.122547334954194e-06,1.9873220007881028e-05,0.49928167041623345,6.935296550282327e-09,0.49928167041624766,2.6320519398807638e-09,0.0014041591461476126,9.805874310262601e-08,2.9238684013396436e-07
EFT:1.0104241096782794e-05,2.122547334954209e-06,1.987322000788117e-05,0.499281670416237,6.935296550282277e-09,0.4992816704162441,2.6320519398807075e-09,0.0014041591461476227,9.805874310262393e-08,2.9238684013396224e-07
Random9943
Raw:1.0104241096783009e-05,2.122547334954224e-06,1.987322000788131e-05,0.49928167041623345,6.935296550282327e-09,0.49928167041624766,2.6320519398807638e-09,0.0014041591461476327,9.805874310262601e-08,2.9238684013396436e-07
EFT:1.0104241096782794e-05,2.122547334954209e-06,1.987322000788117e-05,0.499281670416237,6.935296550282277e-09,0.4992816704162441,2.6320519398807075e-09,0.0014041591461476227,9.805874310262393e-08,2.9238684013396224e-07
Random9944
Raw:1.0104241096782867e-05,2.122547334954224e-06,1.987322000788131e-05,0.49928167041624055,6.935296550282326e-09,0.49928167041624055,2.6320519398807265e-09,0.0014041591461476327,9.805874310262462e-08,2.923868401339643e-07
EFT:1.0104241096782794e-05,2.122547334954209e-06,1.987322000788117e-05,0.499281670416237,6.935296550282277e-09,0.4992816704162441,2.6320519398807075e-09,0.0014041591461476227,9.805874310262393e-08,2.9238684013396224e-07
Random9945
Raw:1.0104241096782938e-05,2.122547334954209e-06,1.987322000788117e-05,0.499281670416237,6.935296550282277e-09,0.4992816704162441,2.632051939880745e-09,0.0014041591461476427,9.805874310262393e-08,2.9238684013396224e-07
EFT:1.0104241096782794e-05,2.122547334954209e-06,1.987322000788117e-05,0.499281670416237,6.935296550282277e-09,0.4992816704162441,2.6320519398807075e-09,0.0014041591461476227,9.805874310262393e-08,2.9238684013396224e-07
Random9946
Raw:1.0104241096782865e-05,2.122547334954194e-06,1.9873220007881028e-05,0.49928167041623345,6.935296550282228e-09,0.49928167041624766,2.6320519398807638e-09,0.0014041591461476126,9.805874310262324e-08,2.9238684013396436e-07
EFT:1.0104241096782794e-05,2.122547334954209e-06,1.987322000788117e-05,0.499281670416237,6.935296550282277e-09,0.4992816704162441,2.6320519398807075e-09,0.0014041591461476227,9.805874310262393e-08,2.9238684013396224e-07
Random9947
Raw:1.0104241096782938e-05,2.122547334954239e-06,1.987322000788117e-05,0.499281670416237,6.935296550282277e-09,0.4992816704162441,2.632051939880745e-09,0.0014041591461476427,9.805874310262393e-08,2.9238684013396637e-07
EFT:1.0104241096782794e-05,2.122547334954209e-06,1.987322000788117e-05,0.499281670416237,6.935296550282277e-09,0.4992816704162441,2.6320519398807075e-09,0.0014041591461476227,9.805874310262393e-08,2.9238684013396224e-07
Random9948
Raw:1.0104241096782867e-05,2.122547334954224e-06,1.987322000788131e-05,0.49928167041624055,6.935296550282326e-09,0.49928167041624055,2.6320519398807265e-09,0.0014041591461476327,9.805874310262462e-08,2.923868401339643e-07
EFT:1.0104241096782794e-05,2.122547334954209e-06,1.987322000788117e-05,0.499281670416237,6.935296550282277e-09,0.4992816704162441,2.6320519398807075e-09,0.0014041591461476227,9.805874310262393e-08,2.9238684013396224e-07
Random9949
Raw:1.0104241096782867e-05,2.122547334954224e-06,1.987322000788131e-05,0.49928167041624055,6.935296550282326e-09,0.49928167041624055,2.6320519398807265e-09,0.0014041591461476128,9.805874310262462e-08,2.923868401339643e-07
EFT:1.0104241096782794e-05,2.122547334954209e-06,1.987322000788117e-05,0.499281670416237,6.935296550282277e-09,0.4992816704162441,2.6320519398807075e-09,0.0014041591461476227,9.805874310262393e-08,2.9238684013396224e-07
Random9950
Raw:1.0104241096782867e-05,2.122547334954194e-06,1.9873220007881028e-05,0.49928167041624055,6.935296550282228e-09,0.49928167041624055,2.632051939880689e-09,0.0014041591461476327,9.805874310262323e-08,2.923868401339602e-07
EFT:1.0104241096782794e-05,2.122547334954209e-06,1.987322000788117e-05,0.499281670416237,6.935296550282277e-09,0.4992816704162441,2.6320519398807075e-09,0.0014041591461476227,9.805874310262393e-08,2.9238684013396224e-07
Random9951
Raw:1.0104241096782867e-05,2.122547334954194e-06,1.9873220007881028e-05,0.49928167041624055,6.935296550282326e-09,0.49928167041624055,2.6320519398807265e-09,0.0014041591461476128,9.805874310262323e-08,2.923868401339643e-07
EFT:1.0104241096782794e-05,2.122547334954209e-06,1.987322000788117e-05,0.499281670416237,6.935296550282277e-09,0.4992816704162441,2.6320519398807075e-09,0.0014041591461476227,9.805874310262393e-08,2.9238684013396224e-07
Random9952
Raw:1.0104241096783009e-05,2.122547334954224e-06,1.987322000788131e-05,0.49928167041623345,6.935296550282327e-09,0.49928167041624766,2.6320519398807638e-09,0.0014041591461476327,9.805874310262601e-08,2.9238684013396436e-07
EFT:1.0104241096782794e-05,2.122547334954209e-06,1.987322000788117e-05,0.499281670416237,6.935296550282277e-09,0.4992816704162441,2.6320519398807075e-09,0.0014041591461476227,9.805874310262393e-08,2.9238684013396224e-07
Random9953
Raw:1.0104241096782865e-05,2.122547334954194e-06,1.9873220007881028e-05,0.49928167041623345,6.935296550282327e-09,0.49928167041624766,2.632051939880726e-09,0.0014041591461476126,9.805874310262462e-08,2.9238684013396436e-07
EFT:1.0104241096782794e-05,2.122547334954209e-06,1.987322000788117e-05,0.499281670416237,6.935296550282277e-09,0.4992816704162441,2.6320519398807075e-09,0.0014041591461476227,9.805874310262393e-08,2.9238684013396224e-07
Random9954
Raw:1.0104241096782938e-05,2.122547334954209e-06,1.987322000788117e-05,0.499281670416237,6.9352965502823754e-09,0.4992816704162441,2.632051939880745e-09,0.0014041591461476227,9.805874310262532e-08,2.9238684013396637e-07
EFT:1.0104241096782794e-05,2.122547334954209e-06,1.987322000788117e-05,0.499281670416237,6.935296550282277e-09,0.4992816704162441,2.6320519398807075e-09,0.0014041591461476227,9.805874310262393e-08,2.9238684013396224e-07
Random9955
Raw:1.0104241096782867e-05,2.122547334954224e-06,1.9873220007881028e-05,0.49928167041624055,6.935296550282326e-09,0.49928167041624055,2.6320519398807265e-09,0.0014041591461476327,9.805874310262323e-08,2.923868401339643e-07
EFT:1.0104241096782794e-05,2.122547334954209e-06,1.987322000788117e-05,0.499281670416237,6.935296550282277e-09,0.4992816704162441,2.6320519398807075e-09,0.0014041591461476227,9.805874310262393e-08,2.9238684013396224e-07
Random9956
Raw:1.0104241096782938e-05,2.122547334954239e-06,1.9873220007880885e-05,0.499281670416237,6.935296550282277e-09,0.4992816704162441,2.632051939880745e-09,0.0014041591461476227,9.805874310262532e-08,2.9238684013396224e-07
EFT:1.0104241096782794e-05,2.122547334954209e-06,1.987322000788117e-05,0.499281670416237,6.935296550282277e-09,0.4992816704162441,2.6320519398807075e-09,0.0014041591461476227,9.805874310262393e-08,2.9238684013396224e-07
Random9957
Raw:1.0104241096782938e-05,2.122547334954209e-06,1.987322000788117e-05,0.499281670416237,6.9352965502823754e-09,0.4992816704162441,2.632051939880745e-09,0.0014041591461476227,9.805874310262393e-08,2.9238684013396637e-07
EFT:1.0104241096782794e-05,2.122547334954209e-06,1.987322000788117e-05,0.499281670416237,6.935296550282277e-09,0.4992816704162441,2.6320519398807075e-09,0.0014041591461476227,9.805874310262393e-08,2.9238684013396224e-07
Random9958
Raw:1.0104241096783009e-05,2.122547334954194e-06,1.9873220007881028e-05,0.49928167041623345,6.935296550282327e-09,0.49928167041624766,2.6320519398807638e-09,0.0014041591461476327,9.805874310262462e-08,2.9238684013396436e-07
EFT:1.0104241096782794e-05,2.122547334954209e-06,1.987322000788117e-05,0.499281670416237,6.935296550282277e-09,0.4992816704162441,2.6320519398807075e-09,0.0014041591461476227,9.805874310262393e-08,2.9238684013396224e-07
Random9959
Raw:1.0104241096783009e-05,2.122547334954194e-06,1.9873220007881028e-05,0.49928167041623345,6.935296550282327e-09,0.49928167041624766,2.6320519398807638e-09,0.0014041591461476327,9.805874310262462e-08,2.9238684013396436e-07
EFT:1.0104241096782794e-05,2.122547334954209e-06,1.987322000788117e-05,0.499281670416237,6.935296550282277e-09,0.4992816704162441,2.6320519398807075e-09,0.0014041591461476227,9.805874310262393e-08,2.9238684013396224e-07
Random9960
Raw:1.0104241096782938e-05,2.122547334954209e-06,1.987322000788117e-05,0.499281670416237,6.935296550282277e-09,0.4992816704162441,2.632051939880745e-09,0.0014041591461476427,9.805874310262393e-08,2.9238684013396224e-07
EFT:1.0104241096782794e-05,2.122547334954209e-06,1.987322000788117e-05,0.499281670416237,6.935296550282277e-09,0.4992816704162441,2.6320519398807075e-09,0.0014041591461476227,9.805874310262393e-08,2.9238684013396224e-07
Random9961
Raw:1.0104241096782794e-05,2.122547334954209e-06,1.987322000788117e-05,0.4992816704162441,6.935296550282277e-09,0.499281670416237,2.63205193988067e-09,0.0014041591461476227,9.805874310262393e-08,2.9238684013396224e-07
EFT:1.0104241096782794e-05,2.122547334954209e-06,1.987322000788117e-05,0.499281670416237,6.935296550282277e-09,0.4992816704162441,2.6320519398807075e-09,0.0014041591461476227,9.805874310262393e-08,2.9238684013396224e-07
Random9962
Raw:1.0104241096782867e-05,2.122547334954224e-06,1.987322000788131e-05,0.49928167041624055,6.935296550282326e-09,0.49928167041624055,2.6320519398807265e-09,0.0014041591461476327,9.805874310262462e-08,2.923868401339643e-07
EFT:1.0104241096782794e-05,2.122547334954209e-06,1.987322000788117e-05,0.499281670416237,6.935296550282277e-09,0.4992816704162441,2.6320519398807075e-09,0.0014041591461476227,9.805874310262393e-08,2.9238684013396224e-07
Random9963
Raw:1.0104241096783082e-05,2.122547334954239e-06,1.987322000788145e-05,0.499281670416237,6.935296550282475e-09,0.4992816704162441,2.6320519398807824e-09,0.0014041591461476427,9.805874310262532e-08,2.9238684013396637e-07
EFT:1.0104241096782794e-05,2.122547334954209e-06,1.987322000788117e-05,0.499281670416237,6.935296550282277e-09,0.4992816704162441,2.6320519398807075e-09,0.0014041591461476227,9.805874310262393e-08,2.9238684013396224e-07
Random9964
Raw:1.0104241096782794e-05,2.122547334954209e-06,1.987322000788117e-05,0.499281670416237,6.935296550282277e-09,0.4992816704162441,2.632051939880745e-09,0.0014041591461476227,9.805874310262254e-08,2.9238684013396224e-07
EFT:1.0104241096782794e-05,2.122547334954209e-06,1.987322000788117e-05,0.499281670416237,6.935296550282277e-09,0.4992816704162441,2.6320519398807075e-09,0.0014041591461476227,9.805874310262393e-08,2.9238684013396224e-07
Random9965
Raw:1.0104241096782867e-05,2.122547334954224e-06,1.987322000788131e-05,0.49928167041624055,6.935296550282326e-09,0.49928167041624055,2.6320519398807265e-09,0.0014041591461476128,9.805874310262462e-08,2.923868401339643e-07
EFT:1.0104241096782794e-05,2.122547334954209e-06,1.987322000788117e-05,0.499281670416237,6.935296550282277e-09,0.4992816704162441,2.6320519398807075e-09,0.0014041591461476227,9.805874310262393e-08,2.9238684013396224e-07
Random9966
Raw:1.0104241096782867e-05,2.122547334954194e-06,1.9873220007881028e-05,0.49928167041624055,6.935296550282326e-09,0.49928167041624055,2.6320519398807265e-09,0.0014041591461476128,9.805874310262323e-08,2.923868401339643e-07
EFT:1.0104241096782794e-05,2.122547334954209e-06,1.987322000788117e-05,0.499281670416237,6.935296550282277e-09,0.4992816704162441,2.6320519398807075e-09,0.0014041591461476227,9.805874310262393e-08,2.9238684013396224e-07
Random9967
Raw:1.0104241096782938e-05,2.122547334954209e-06,1.987322000788117e-05,0.499281670416237,6.935296550282277e-09,0.4992816704162441,2.632051939880745e-09,0.0014041591461476227,9.805874310262532e-08,2.9238684013396224e-07
EFT:1.0104241096782794e-05,2.122547334954209e-06,1.987322000788117e-05,0.499281670416237,6.935296550282277e-09,0.4992816704162441,2.6320519398807075e-09,0.0014041591461476227,9.805874310262393e-08,2.9238684013396224e-07
Random9968
Raw:1.0104241096782867e-05,2.122547334954224e-06,1.987322000788131e-05,0.49928167041624055,6.935296550282326e-09,0.49928167041624055,2.6320519398807638e-09,0.0014041591461476327,9.805874310262462e-08,2.923868401339643e-07
EFT:1.0104241096782794e-05,2.122547334954209e-06,1.987322000788117e-05,0.499281670416237,6.935296550282277e-09,0.4992816704162441,2.6320519398807075e-09,0.0014041591461476227,9.805874310262393e-08,2.9238684013396224e-07
Random9969
Raw:1.0104241096782938e-05,2.122547334954239e-06,1.9873220007880885e-05,0.499281670416237,6.935296550282277e-09,0.4992816704162441,2.632051939880745e-09,0.0014041591461476227,9.805874310262532e-08,2.9238684013396224e-07
EFT:1.0104241096782794e-05,2.122547334954209e-06,1.987322000788117e-05,0.499281670416237,6.935296550282277e-09,0.4992816704162441,2.6320519398807075e-09,0.0014041591461476227,9.805874310262393e-08,2.9238684013396224e-07
Random9970
Raw:1.0104241096782938e-05,2.122547334954209e-06,1.987322000788117e-05,0.499281670416237,6.935296550282277e-09,0.4992816704162441,2.632051939880745e-09,0.0014041591461476427,9.805874310262393e-08,2.9238684013396224e-07
EFT:1.0104241096782794e-05,2.122547334954209e-06,1.987322000788117e-05,0.499281670416237,6.935296550282277e-09,0.4992816704162441,2.6320519398807075e-09,0.0014041591461476227,9.805874310262393e-08,2.9238684013396224e-07
Random9971
Raw:1.0104241096782938e-05,2.122547334954209e-06,1.987322000788117e-05,0.499281670416237,6.935296550282277e-09,0.4992816704162441,2.632051939880745e-09,0.0014041591461476227,9.805874310262532e-08,2.9238684013396224e-07
EFT:1.0104241096782794e-05,2.122547334954209e-06,1.987322000788117e-05,0.499281670416237,6.935296550282277e-09,0.4992816704162441,2.6320519398807075e-09,0.0014041591461476227,9.805874310262393e-08,2.9238684013396224e-07
Random9972
Raw:1.0104241096782938e-05,2.122547334954209e-06,1.987322000788117e-05,0.499281670416237,6.9352965502823754e-09,0.4992816704162441,2.632051939880745e-09,0.0014041591461476227,9.805874310262393e-08,2.9238684013396637e-07
EFT:1.0104241096782794e-05,2.122547334954209e-06,1.987322000788117e-05,0.499281670416237,6.935296550282277e-09,0.4992816704162441,2.6320519398807075e-09,0.0014041591461476227,9.805874310262393e-08,2.9238684013396224e-07
Random9973
Raw:1.0104241096782938e-05,2.1225473349541788e-06,1.9873220007880885e-05,0.499281670416237,6.935296550282277e-09,0.4992816704162441,2.632051939880745e-09,0.0014041591461476026,9.805874310262532e-08,2.9238684013396224e-07
EFT:1.0104241096782794e-05,2.122547334954209e-06,1.987322000788117e-05,0.499281670416237,6.935296550282277e-09,0.4992816704162441,2.6320519398807075e-09,0.0014041591461476227,9.805874310262393e-08,2.9238684013396224e-07
Random9974
Raw:1.0104241096782938e-05,2.122547334954209e-06,1.987322000788117e-05,0.499281670416237,6.9352965502823754e-09,0.4992816704162441,2.632051939880745e-09,0.0014041591461476227,9.805874310262532e-08,2.9238684013396637e-07
EFT:1.0104241096782794e-05,2.122547334954209e-06,1.987322000788117e-05,0.499281670416237,6.935296550282277e-09,0.4992816704162441,2.6320519398807075e-09,0.0014041591461476227,9.805874310262393e-08,2.9238684013396224e-07
Random9975
Raw:1.0104241096782938e-05,2.122547334954209e-06,1.987322000788117e-05,0.499281670416237,6.935296550282277e-09,0.4992816704162441,2.632051939880745e-09,0.0014041591461476227,9.805874310262532e-08,2.9238684013396224e-07
EFT:1.0104241096782794e-05,2.122547334954209e-06,1.987322000788117e-05,0.499281670416237,6.935296550282277e-09,0.4992816704162441,2.6320519398807075e-09,0.0014041591461476227,9.805874310262393e-08,2.9238684013396224e-07
Random9976
Raw:1.0104241096782865e-05,2.122547334954194e-06,1.9873220007881028e-05,0.49928167041623345,6.935296550282327e-09,0.49928167041624766,2.632051939880726e-09,0.0014041591461476126,9.805874310262462e-08,2.9238684013396436e-07
EFT:1.0104241096782794e-05,2.122547334954209e-06,1.987322000788117e-05,0.499281670416237,6.935296550282277e-09,0.4992816704162441,2.6320519398807075e-09,0.0014041591461476227,9.805874310262393e-08,2.9238684013396224e-07
Random9977
Raw:1.0104241096782938e-05,2.122547334954209e-06,1.987322000788117e-05,0.499281670416237,6.9352965502823754e-09,0.4992816704162441,2.6320519398807824e-09,0.0014041591461476227,9.805874310262532e-08,2.9238684013396637e-07
EFT:1.0104241096782794e-05,2.122547334954209e-06,1.987322000788117e-05,0.499281670416237,6.935296550282277e-09,0.4992816704162441,2.6320519398807075e-09,0.0014041591461476227,9.805874310262393e-08,2.9238684013396224e-07
Random9978
Raw:1.0104241096782794e-05,2.122547334954209e-06,1.987322000788117e-05,0.499281670416237,6.935296550282277e-09,0.4992816704162441,2.6320519398807075e-09,0.0014041591461476227,9.805874310262393e-08,2.9238684013396224e-07
EFT:1.0104241096782794e-05,2.122547334954209e-06,1.987322000788117e-05,0.499281670416237,6.935296550282277e-09,0.4992816704162441,2.6320519398807075e-09,0.0014041591461476227,9.805874310262393e-08,2.9238684013396224e-07
Random9979
Raw:1.0104241096782938e-05,2.122547334954209e-06,1.987322000788117e-05,0.499281670416237,6.9352965502823754e-09,0.4992816704162441,2.632051939880745e-09,0.0014041591461476227,9.805874310262393e-08,2.9238684013396637e-07
EFT:1.0104241096782794e-05,2.122547334954209e-06,1.987322000788117e-05,0.499281670416237,6.935296550282277e-09,0.4992816704162441,2.6320519398807075e-09,0.0014041591461476227,9.805874310262393e-08,2.9238684013396224e-07
Random9980
Raw:1.0104241096782938e-05,2.122547334954239e-06,1.987322000788145e-05,0.499281670416237,6.935296550282277e-09,0.4992816704162441,2.632051939880745e-09,0.0014041591461476427,9.805874310262393e-08,2.9238684013396637e-07
EFT:1.0104241096782794e-05,2.122547334954209e-06,1.987322000788117e-05,0.499281670416237,6.935296550282277e-09,0.4992816704162441,2.6320519398807075e-09,0.0014041591461476227,9.805874310262393e-08,2.9238684013396224e-07
Random9981
Raw:1.0104241096783009e-05,2.122547334954194e-06,1.9873220007881028e-05,0.49928167041623345,6.935296550282327e-09,0.49928167041624766,2.6320519398807638e-09,0.0014041591461476126,9.805874310262601e-08,2.9238684013396436e-07
EFT:1.0104241096782794e-05,2.122547334954209e-06,1.987322000788117e-05,0.499281670416237,6.935296550282277e-09,0.4992816704162441,2.6320519398807075e-09,0.0014041591461476227,9.805874310262393e-08,2.9238684013396224e-07
Random9982
Raw:1.0104241096782938e-05,2.122547334954239e-06,1.9873220007880885e-05,0.499281670416237,6.935296550282277e-09,0.4992816704162441,2.632051939880745e-09,0.0014041591461476227,9.805874310262532e-08,2.9238684013396224e-07
EFT:1.0104241096782794e-05,2.122547334954209e-06,1.987322000788117e-05,0.499281670416237,6.935296550282277e-09,0.4992816704162441,2.6320519398807075e-09,0.0014041591461476227,9.805874310262393e-08,2.9238684013396224e-07
Random9983
Raw:1.0104241096782938e-05,2.122547334954239e-06,1.9873220007880885e-05,0.499281670416237,6.935296550282277e-09,0.4992816704162441,2.632051939880745e-09,0.0014041591461476227,9.805874310262532e-08,2.9238684013396224e-07
EFT:1.0104241096782794e-05,2.122547334954209e-06,1.987322000788117e-05,0.499281670416237,6.935296550282277e-09,0.4992816704162441,2.6320519398807075e-09,0.0014041591461476227,9.805874310262393e-08,2.9238684013396224e-07
Random9984
Raw:1.0104241096782938e-05,2.122547334954209e-06,1.987322000788117e-05,0.499281670416237,6.935296550282277e-09,0.4992816704162441,2.632051939880745e-09,0.0014041591461476227,9.805874310262532e-08,2.9238684013396224e-07
EFT:1.0104241096782794e-05,2.122547334954209e-06,1.987322000788117e-05,0.499281670416237,6.935296550282277e-09,0.4992816704162441,2.6320519398807075e-09,0.0014041591461476227,9.805874310262393e-08,2.9238684013396224e-07
Random9985
Raw:1.0104241096782867e-05,2.122547334954224e-06,1.9873220007881028e-05,0.49928167041624055,6.935296550282326e-09,0.49928167041624055,2.6320519398807638e-09,0.0014041591461476128,9.805874310262462e-08,2.923868401339643e-07
EFT:1.0104241096782794e-05,2.122547334954209e-06,1.987322000788117e-05,0.499281670416237,6.935296550282277e-09,0.4992816704162441,2.6320519398807075e-09,0.0014041591461476227,9.805874310262393e-08,2.9238684013396224e-07
Random9986
Raw:1.0104241096782723e-05,2.122547334954194e-06,1.9873220007881028e-05,0.49928167041624055,6.93529655028213e-09,0.49928167041624055,2.6320519398806513e-09,0.0014041591461476128,9.805874310262323e-08,2.923868401339602e-07
EFT:1.0104241096782794e-05,2.122547334954209e-06,1.987322000788117e-05,0.499281670416237,6.935296550282277e-09,0.4992816704162441,2.6320519398807075e-09,0.0014041591461476227,9.805874310262393e-08,2.9238684013396224e-07
Random9987
Raw:1.0104241096782867e-05,2.122547334954224e-06,1.9873220007881028e-05,0.49928167041624055,6.935296550282326e-09,0.49928167041624055,2.6320519398807265e-09,0.0014041591461476128,9.805874310262462e-08,2.923868401339643e-07
EFT:1.0104241096782794e-05,2.122547334954209e-06,1.987322000788117e-05,0.499281670416237,6.935296550282277e-09,0.4992816704162441,2.6320519398807075e-09,0.0014041591461476227,9.805874310262393e-08,2.9238684013396224e-07
Random9988
Raw:1.0104241096782938e-05,2.122547334954209e-06,1.987322000788117e-05,0.499281670416237,6.935296550282277e-09,0.4992816704162441,2.632051939880745e-09,0.0014041591461476427,9.805874310262393e-08,2.9238684013396224e-07
EFT:1.0104241096782794e-05,2.122547334954209e-06,1.987322000788117e-05,0.499281670416237,6.935296550282277e-09,0.4992816704162441,2.6320519398807075e-09,0.0014041591461476227,9.805874310262393e-08,2.9238684013396224e-07
Random9989
Raw:1.0104241096782867e-05,2.122547334954194e-06,1.9873220007881028e-05,0.49928167041624055,6.935296550282228e-09,0.49928167041624055,2.632051939880689e-09,0.0014041591461476128,9.805874310262462e-08,2.923868401339602e-07
EFT:1.0104241096782794e-05,2.122547334954209e-06,1.987322000788117e-05,0.499281670416237,6.935296550282277e-09,0.4992816704162441,2.6320519398807075e-09,0.0014041591461476227,9.805874310262393e-08,2.9238684013396224e-07
Random9990
Raw:1.0104241096782938e-05,2.122547334954209e-06,1.987322000788117e-05,0.499281670416237,6.9352965502823754e-09,0.4992816704162441,2.632051939880745e-09,0.0014041591461476227,9.805874310262532e-08,2.9238684013396637e-07
EFT:1.0104241096782794e-05,2.122547334954209e-06,1.987322000788117e-05,0.499281670416237,6.935296550282277e-09,0.4992816704162441,2.6320519398807075e-09,0.0014041591461476227,9.805874310262393e-08,2.9238684013396224e-07
Random9991
Raw:1.0104241096782938e-05,2.122547334954239e-06,1.987322000788145e-05,0.499281670416237,6.935296550282277e-09,0.4992816704162441,2.632051939880745e-09,0.0014041591461476427,9.805874310262393e-08,2.9238684013396637e-07
EFT:1.0104241096782794e-05,2.122547334954209e-06,1.987322000788117e-05,0.499281670416237,6.935296550282277e-09,0.4992816704162441,2.6320519398807075e-09,0.0014041591461476227,9.805874310262393e-08,2.9238684013396224e-07
Random9992
Raw:1.0104241096782938e-05,2.122547334954209e-06,1.987322000788117e-05,0.499281670416237,6.9352965502823754e-09,0.4992816704162441,2.632051939880745e-09,0.0014041591461476227,9.805874310262532e-08,2.9238684013396637e-07
EFT:1.0104241096782794e-05,2.122547334954209e-06,1.987322000788117e-05,0.499281670416237,6.935296550282277e-09,0.4992816704162441,2.6320519398807075e-09,0.0014041591461476227,9.805874310262393e-08,2.9238684013396224e-07
Random9993
Raw:1.0104241096782867e-05,2.122547334954224e-06,1.987322000788131e-05,0.49928167041624055,6.935296550282326e-09,0.49928167041624055,2.6320519398807265e-09,0.0014041591461476327,9.805874310262323e-08,2.923868401339643e-07
EFT:1.0104241096782794e-05,2.122547334954209e-06,1.987322000788117e-05,0.499281670416237,6.935296550282277e-09,0.4992816704162441,2.6320519398807075e-09,0.0014041591461476227,9.805874310262393e-08,2.9238684013396224e-07
Random9994
Raw:1.0104241096782794e-05,2.122547334954209e-06,1.9873220007880885e-05,0.499281670416237,6.9352965502821786e-09,0.4992816704162441,2.6320519398807075e-09,0.0014041591461476026,9.805874310262393e-08,2.9238684013396224e-07
EFT:1.0104241096782794e-05,2.122547334954209e-06,1.987322000788117e-05,0.499281670416237,6.935296550282277e-09,0.4992816704162441,2.6320519398807075e-09,0.0014041591461476227,9.805874310262393e-08,2.9238684013396224e-07
Random9995
Raw:1.0104241096783009e-05,2.122547334954194e-06,1.9873220007881028e-05,0.49928167041623345,6.935296550282327e-09,0.49928167041624766,2.6320519398807638e-09,0.0014041591461476327,9.805874310262462e-08,2.9238684013396436e-07
EFT:1.0104241096782794e-05,2.122547334954209e-06,1.987322000788117e-05,0.499281670416237,6.935296550282277e-09,0.4992816704162441,2.6320519398807075e-09,0.0014041591461476227,9.805874310262393e-08,2.9238684013396224e-07
Random9996
Raw:1.0104241096782867e-05,2.122547334954224e-06,1.987322000788131e-05,0.49928167041624055,6.935296550282326e-09,0.49928167041624055,2.6320519398807638e-09,0.0014041591461476327,9.805874310262462e-08,2.923868401339643e-07
EFT:1.0104241096782794e-05,2.122547334954209e-06,1.987322000788117e-05,0.499281670416237,6.935296550282277e-09,0.4992816704162441,2.6320519398807075e-09,0.0014041591461476227,9.805874310262393e-08,2.9238684013396224e-07
Random9997
Raw:1.0104241096782867e-05,2.122547334954224e-06,1.987322000788131e-05,0.49928167041624055,6.935296550282326e-09,0.49928167041624055,2.6320519398807638e-09,0.0014041591461476128,9.805874310262462e-08,2.923868401339643e-07
EFT:1.0104241096782794e-05,2.122547334954209e-06,1.987322000788117e-05,0.499281670416237,6.935296550282277e-09,0.4992816704162441,2.6320519398807075e-09,0.0014041591461476227,9.805874310262393e-08,2.9238684013396224e-07
Random9998
Raw:1.0104241096782867e-05,2.122547334954194e-06,1.9873220007881028e-05,0.49928167041624055,6.935296550282326e-09,0.49928167041624055,2.6320519398807265e-09,0.0014041591461476128,9.805874310262602e-08,2.923868401339643e-07
EFT:1.0104241096782794e-05,2.122547334954209e-06,1.987322000788117e-05,0.499281670416237,6.935296550282277e-09,0.4992816704162441,2.6320519398807075e-09,0.0014041591461476227,9.805874310262393e-08,2.9238684013396224e-07
Random9999
Raw:1.0104241096782938e-05,2.122547334954209e-06,1.987322000788117e-05,0.499281670416237,6.935296550282277e-09,0.4992816704162441,2.632051939880745e-09,0.0014041591461476227,9.805874310262532e-08,2.9238684013396224e-07
EFT:1.0104241096782794e-05,2.122547334954209e-06,1.987322000788117e-05,0.499281670416237,6.935296550282277e-09,0.4992816704162441,2.6320519398807075e-09,0.0014041591461476227,9.805874310262393e-08,2.9238684013396224e-07
Random10000
Raw:1.0104241096782723e-05,2.122547334954194e-06,1.9873220007881028e-05,0.49928167041624055,6.935296550282228e-09,0.49928167041624055,2.632051939880689e-09,0.0014041591461476128,9.805874310262184e-08,2.923868401339602e-07
EFT:1.0104241096782794e-05,2.122547334954209e-06,1.987322000788117e-05,0.499281670416237,6.935296550282277e-09,0.4992816704162441,2.6320519398807075e-09,0.0014041591461476227,9.805874310262393e-08,2.9238684013396224e-07
